node_id,label,sens,logit,prob,pred,error,split,degree,same_group_count,diff_group_count,same_group_ratio,boundary_score,self_group_exposure_deficit,normalized_degree,influence_proxy,minority,minority_isolated,correct,positive_pred,high_confidence
0,-1,0,2.2375066,0.90356743,1,1,unassigned,5.0,4.0,1.0,0.8,0.2,0.19999999,0.0058027077,0.0011605415,0,0,0,1,1
1,-1,1,0.33316612,0.58252954,1,1,unassigned,9.0,9.0,0.0,1.0,0.0,0.0,0.013539651,0.0,1,0,0,1,0
2,1,0,0.5206054,0.6272893,1,0,unassigned,6.0,6.0,0.0,1.0,0.0,0.0,0.007736944,0.0,0,0,1,1,0
3,-1,0,6.2015452,0.9979778,1,1,unassigned,14.0,14.0,0.0,1.0,0.0,0.0,0.023210831,0.0,0,0,0,1,1
4,-1,1,3.4850519,0.9702594,1,1,unassigned,6.0,3.0,3.0,0.5,0.5,0.5,0.007736944,0.003868472,1,0,0,1,1
5,-1,1,0.27147394,0.5674547,1,1,unassigned,21.0,21.0,0.0,1.0,0.0,0.0,0.036750484,0.0,1,0,0,1,0
6,-1,1,1.9901586,0.87975997,1,1,unassigned,4.0,4.0,0.0,1.0,0.0,0.0,0.003868472,0.0,1,0,0,1,0
7,-1,0,-0.15301639,0.46182033,0,1,unassigned,11.0,11.0,0.0,1.0,0.0,0.0,0.017408123,0.0,0,0,0,0,0
8,-1,0,0.0048217177,0.50120544,1,1,unassigned,4.0,2.0,2.0,0.5,0.5,0.5,0.003868472,0.001934236,0,0,0,1,0
9,-1,0,0.40217435,0.59920996,1,1,unassigned,2.0,2.0,0.0,1.0,0.0,0.0,0.0,0.0,0,0,0,1,0
10,-1,0,-0.59063566,0.35648903,0,1,unassigned,7.0,7.0,0.0,1.0,0.0,0.0,0.00967118,0.0,0,0,0,0,0
11,-1,0,0.91531354,0.71408623,1,1,unassigned,3.0,3.0,0.0,1.0,0.0,0.0,0.001934236,0.0,0,0,0,1,0
12,-1,1,1.0506654,0.74090266,1,1,unassigned,2.0,2.0,0.0,1.0,0.0,0.0,0.0,0.0,1,0,0,1,0
13,-1,1,1.6909068,0.84434336,1,1,unassigned,10.0,7.0,3.0,0.7,0.3,0.3,0.015473888,0.0046421667,1,0,0,1,0
14,-1,1,1.1564705,0.76069087,1,1,unassigned,3.0,3.0,0.0,1.0,0.0,0.0,0.001934236,0.0,1,0,0,1,0
15,-1,0,1.5629597,0.82677764,1,1,unassigned,2.0,2.0,0.0,1.0,0.0,0.0,0.0,0.0,0,0,0,1,0
16,-1,0,-0.13069564,0.46737254,0,1,unassigned,8.0,6.0,2.0,0.75,0.25,0.25,0.0116054155,0.0029013539,0,0,0,0,0
17,-1,0,3.9074476,0.98030394,1,1,unassigned,4.0,3.0,1.0,0.75,0.25,0.25,0.003868472,0.000967118,0,0,0,1,1
18,0,1,-0.33718127,0.41649437,0,0,unassigned,11.0,11.0,0.0,1.0,0.0,0.0,0.017408123,0.0,1,0,1,0,0
19,-1,0,11.628695,0.99999106,1,1,unassigned,2.0,2.0,0.0,1.0,0.0,0.0,0.0,0.0,0,0,0,1,1
20,-1,0,2.522778,0.92572325,1,1,unassigned,3.0,2.0,1.0,0.6666667,0.33333334,0.3333333,0.001934236,0.00064474536,0,0,0,1,1
21,-1,0,0.87807494,0.70642316,1,1,unassigned,4.0,4.0,0.0,1.0,0.0,0.0,0.003868472,0.0,0,0,0,1,0
22,-1,0,-0.38458294,0.405022,0,1,unassigned,108.0,107.0,1.0,0.9907407,0.009259259,0.009259284,0.20502901,0.0018984168,0,0,0,0,0
23,-1,0,1.1777108,0.76453596,1,1,unassigned,3.0,3.0,0.0,1.0,0.0,0.0,0.001934236,0.0,0,0,0,1,0
24,-1,0,0.12173098,0.5303952,1,1,unassigned,17.0,17.0,0.0,1.0,0.0,0.0,0.029013539,0.0,0,0,0,1,0
25,-1,0,6.2651596,0.99810225,1,1,unassigned,10.0,10.0,0.0,1.0,0.0,0.0,0.015473888,0.0,0,0,0,1,1
26,-1,0,-0.80413216,0.3091423,0,1,unassigned,2.0,1.0,1.0,0.5,0.5,0.5,0.0,0.0,0,0,0,0,0
27,1,0,3.9268987,0.98067605,1,0,unassigned,15.0,14.0,1.0,0.93333334,0.06666667,0.06666666,0.025145067,0.0016763379,0,0,1,1,1
28,-1,0,0.30444497,0.57552874,1,1,unassigned,31.0,31.0,0.0,1.0,0.0,0.0,0.056092843,0.0,0,0,0,1,0
29,-1,0,5.3576694,0.99531025,1,1,unassigned,4.0,4.0,0.0,1.0,0.0,0.0,0.003868472,0.0,0,0,0,1,1
30,-1,0,-2.9679585,0.048894573,0,1,unassigned,2.0,2.0,0.0,1.0,0.0,0.0,0.0,0.0,0,0,0,0,1
31,-1,0,0.63348943,0.6532802,1,1,unassigned,11.0,10.0,1.0,0.90909094,0.09090909,0.090909064,0.017408123,0.0015825568,0,0,0,1,0
32,-1,0,-0.7555344,0.3196166,0,1,unassigned,38.0,37.0,1.0,0.9736842,0.02631579,0.026315808,0.06963249,0.0018324341,0,0,0,0,0
33,-1,0,0.24018764,0.5597599,1,1,unassigned,6.0,6.0,0.0,1.0,0.0,0.0,0.007736944,0.0,0,0,0,1,0
34,-1,0,-0.43802014,0.39221284,0,1,unassigned,4.0,4.0,0.0,1.0,0.0,0.0,0.003868472,0.0,0,0,0,0,0
35,0,0,-0.80742335,0.30843985,0,0,unassigned,26.0,26.0,0.0,1.0,0.0,0.0,0.046421662,0.0,0,0,1,0,0
36,-1,0,5.2998443,0.9950324,1,1,unassigned,4.0,4.0,0.0,1.0,0.0,0.0,0.003868472,0.0,0,0,0,1,1
37,-1,0,0.8150762,0.69319016,1,1,unassigned,2.0,2.0,0.0,1.0,0.0,0.0,0.0,0.0,0,0,0,1,0
38,-1,1,11.684765,0.99999154,1,1,unassigned,41.0,36.0,5.0,0.8780488,0.12195122,0.12195122,0.07543521,0.009199415,1,0,0,1,1
39,-1,0,0.67532927,0.6626954,1,1,unassigned,18.0,17.0,1.0,0.9444444,0.055555556,0.055555582,0.030947777,0.0017193209,0,0,0,1,0
40,-1,0,-0.6665914,0.3392605,0,1,unassigned,28.0,28.0,0.0,1.0,0.0,0.0,0.050290134,0.0,0,0,0,0,0
41,-1,0,5.1260886,0.9940953,1,1,unassigned,5.0,3.0,2.0,0.6,0.4,0.39999998,0.0058027077,0.002321083,0,0,0,1,1
42,-1,0,-0.08241212,0.47940865,0,1,unassigned,12.0,11.0,1.0,0.9166667,0.083333336,0.08333331,0.01934236,0.0016118633,0,0,0,0,0
43,-1,1,-1.1690171,0.2370327,0,1,unassigned,8.0,6.0,2.0,0.75,0.25,0.25,0.0116054155,0.0029013539,1,0,0,0,0
44,-1,1,4.8980346,0.99259406,1,1,unassigned,15.0,9.0,6.0,0.6,0.4,0.39999998,0.025145067,0.010058027,1,0,0,1,1
45,-1,1,-0.026955307,0.4932616,0,1,unassigned,2.0,2.0,0.0,1.0,0.0,0.0,0.0,0.0,1,0,0,0,0
46,-1,0,0.83632916,0.69769156,1,1,unassigned,2.0,2.0,0.0,1.0,0.0,0.0,0.0,0.0,0,0,0,1,0
47,-1,0,-1.0100071,0.26697847,0,1,unassigned,6.0,5.0,1.0,0.8333333,0.16666667,0.16666669,0.007736944,0.0012894907,0,0,0,0,0
48,-1,1,4.483956,0.98883736,1,1,unassigned,9.0,9.0,0.0,1.0,0.0,0.0,0.013539651,0.0,1,0,0,1,1
49,-1,1,-0.92536664,0.28386566,0,1,unassigned,4.0,1.0,3.0,0.25,0.75,0.75,0.003868472,0.002901354,1,0,0,0,0
50,-1,0,-0.020831287,0.49479237,0,1,unassigned,12.0,12.0,0.0,1.0,0.0,0.0,0.01934236,0.0,0,0,0,0,0
51,-1,0,0.24377227,0.560643,1,1,unassigned,31.0,31.0,0.0,1.0,0.0,0.0,0.056092843,0.0,0,0,0,1,0
52,-1,0,0.03973967,0.50993365,1,1,unassigned,24.0,24.0,0.0,1.0,0.0,0.0,0.04255319,0.0,0,0,0,1,0
53,0,0,0.09104794,0.52274626,1,1,unassigned,6.0,6.0,0.0,1.0,0.0,0.0,0.007736944,0.0,0,0,0,1,0
54,-1,0,0.14020306,0.53499347,1,1,unassigned,15.0,15.0,0.0,1.0,0.0,0.0,0.025145067,0.0,0,0,0,1,0
55,-1,1,1.6020596,0.832306,1,1,unassigned,7.0,6.0,1.0,0.85714287,0.14285715,0.14285713,0.00967118,0.0013815971,1,0,0,1,0
56,-1,0,-0.70233035,0.33129576,0,1,unassigned,32.0,32.0,0.0,1.0,0.0,0.0,0.058027077,0.0,0,0,0,0,0
57,-1,1,1.9500294,0.8754499,1,1,unassigned,11.0,10.0,1.0,0.90909094,0.09090909,0.090909064,0.017408123,0.0015825568,1,0,0,1,0
58,-1,0,-0.4019417,0.40084592,0,1,unassigned,3.0,3.0,0.0,1.0,0.0,0.0,0.001934236,0.0,0,0,0,0,0
59,-1,1,1.6575363,0.839907,1,1,unassigned,26.0,25.0,1.0,0.96153843,0.03846154,0.038461566,0.046421662,0.0017854486,1,0,0,1,0
60,0,0,-0.28220904,0.42991227,0,0,val,22.0,22.0,0.0,1.0,0.0,0.0,0.03868472,0.0,0,0,1,0,0
61,-1,0,-0.6752797,0.33731565,0,1,unassigned,2.0,2.0,0.0,1.0,0.0,0.0,0.0,0.0,0,0,0,0,0
62,0,0,-0.7504697,0.32071897,0,0,unassigned,4.0,4.0,0.0,1.0,0.0,0.0,0.003868472,0.0,0,0,1,0,0
63,-1,0,1.7936003,0.8573681,1,1,unassigned,2.0,2.0,0.0,1.0,0.0,0.0,0.0,0.0,0,0,0,1,0
64,-1,1,2.029445,0.8838541,1,1,unassigned,42.0,40.0,2.0,0.95238096,0.04761905,0.047619045,0.07736944,0.003684259,1,0,0,1,0
65,-1,0,2.4496603,0.9205366,1,1,unassigned,4.0,4.0,0.0,1.0,0.0,0.0,0.003868472,0.0,0,0,0,1,1
66,-1,0,0.3358081,0.5831719,1,1,unassigned,19.0,15.0,4.0,0.7894737,0.21052632,0.21052629,0.032882012,0.006922529,0,0,0,1,0
67,-1,0,-0.81016666,0.30785498,0,1,unassigned,19.0,18.0,1.0,0.94736844,0.05263158,0.052631557,0.032882012,0.0017306323,0,0,0,0,0
68,-1,0,2.5672145,0.9287215,1,1,unassigned,20.0,20.0,0.0,1.0,0.0,0.0,0.034816246,0.0,0,0,0,1,1
69,-1,0,0.842323,0.6989542,1,1,unassigned,5.0,5.0,0.0,1.0,0.0,0.0,0.0058027077,0.0,0,0,0,1,0
70,-1,0,0.14301991,0.5356941,1,1,unassigned,27.0,22.0,5.0,0.8148148,0.18518518,0.1851852,0.0483559,0.008954796,0,0,0,1,0
71,1,0,3.0860918,0.95631534,1,0,test,11.0,11.0,0.0,1.0,0.0,0.0,0.017408123,0.0,0,0,1,1,1
72,-1,0,1.2562976,0.77838814,1,1,unassigned,3.0,3.0,0.0,1.0,0.0,0.0,0.001934236,0.0,0,0,0,1,0
73,-1,0,2.047853,0.88573045,1,1,unassigned,11.0,11.0,0.0,1.0,0.0,0.0,0.017408123,0.0,0,0,0,1,0
74,-1,0,0.03333372,0.50833267,1,1,unassigned,86.0,85.0,1.0,0.9883721,0.011627907,0.0116279125,0.16247582,0.0018892537,0,0,0,1,0
75,-1,0,0.6827683,0.6643563,1,1,unassigned,5.0,5.0,0.0,1.0,0.0,0.0,0.0058027077,0.0,0,0,0,1,0
76,-1,0,0.29321933,0.57278407,1,1,unassigned,12.0,12.0,0.0,1.0,0.0,0.0,0.01934236,0.0,0,0,0,1,0
77,-1,0,-0.9045762,0.288111,0,1,unassigned,8.0,7.0,1.0,0.875,0.125,0.125,0.0116054155,0.0014506769,0,0,0,0,0
78,-1,0,0.1222927,0.5305351,1,1,unassigned,16.0,16.0,0.0,1.0,0.0,0.0,0.027079303,0.0,0,0,0,1,0
79,-1,0,0.26066607,0.5648,1,1,unassigned,8.0,8.0,0.0,1.0,0.0,0.0,0.0116054155,0.0,0,0,0,1,0
80,-1,0,-0.75754446,0.31917962,0,1,unassigned,104.0,103.0,1.0,0.99038464,0.009615385,0.009615362,0.19729207,0.0018970392,0,0,0,0,0
81,-1,1,6.8592234,0.9989513,1,1,unassigned,14.0,13.0,1.0,0.9285714,0.071428575,0.0714286,0.023210831,0.0016579166,1,0,0,1,1
82,-1,1,3.1617644,0.9593697,1,1,unassigned,6.0,5.0,1.0,0.8333333,0.16666667,0.16666669,0.007736944,0.0012894907,1,0,0,1,1
83,-1,1,0.48906332,0.6198858,1,1,unassigned,20.0,19.0,1.0,0.95,0.05,0.050000012,0.034816246,0.0017408123,1,0,0,1,0
84,1,1,-0.046533167,0.48836884,0,1,test,4.0,3.0,1.0,0.75,0.25,0.25,0.003868472,0.000967118,1,0,0,0,0
85,-1,1,5.5100665,0.9959705,1,1,unassigned,37.0,37.0,0.0,1.0,0.0,0.0,0.06769826,0.0,1,0,0,1,1
86,-1,0,1.1341593,0.7566057,1,1,unassigned,13.0,13.0,0.0,1.0,0.0,0.0,0.021276595,0.0,0,0,0,1,0
87,-1,1,0.6619802,0.6597051,1,1,unassigned,5.0,5.0,0.0,1.0,0.0,0.0,0.0058027077,0.0,1,0,0,1,0
88,0,1,-0.081231475,0.4797033,0,0,test,3.0,3.0,0.0,1.0,0.0,0.0,0.001934236,0.0,1,0,1,0,0
89,-1,1,0.45544952,0.6119341,1,1,unassigned,18.0,18.0,0.0,1.0,0.0,0.0,0.030947777,0.0,1,0,0,1,0
90,-1,0,9.839973,0.9999467,1,1,unassigned,3.0,3.0,0.0,1.0,0.0,0.0,0.001934236,0.0,0,0,0,1,1
91,-1,0,-0.28985023,0.42804053,0,1,unassigned,15.0,15.0,0.0,1.0,0.0,0.0,0.025145067,0.0,0,0,0,0,0
92,-1,0,-0.22419411,0.44418505,0,1,unassigned,70.0,70.0,0.0,1.0,0.0,0.0,0.13152805,0.0,0,0,0,0,0
93,-1,0,-0.10425529,0.47395974,0,1,unassigned,95.0,94.0,1.0,0.9894737,0.010526316,0.0105262995,0.17988394,0.0018935152,0,0,0,0,0
94,-1,1,-0.23825961,0.44071528,0,1,unassigned,4.0,4.0,0.0,1.0,0.0,0.0,0.003868472,0.0,1,0,0,0,0
95,1,0,-0.30822492,0.42354804,0,1,unassigned,15.0,15.0,0.0,1.0,0.0,0.0,0.025145067,0.0,0,0,0,0,0
96,0,0,-0.42245138,0.39593032,0,0,val,6.0,6.0,0.0,1.0,0.0,0.0,0.007736944,0.0,0,0,1,0,0
97,-1,1,-0.4506203,0.3892133,0,1,unassigned,2.0,2.0,0.0,1.0,0.0,0.0,0.0,0.0,1,0,0,0,0
98,-1,0,-0.92153996,0.28464422,0,1,unassigned,59.0,56.0,3.0,0.9491525,0.050847456,0.05084747,0.11025145,0.005606006,0,0,0,0,0
99,-1,1,0.81841046,0.6938988,1,1,unassigned,13.0,10.0,3.0,0.7692308,0.23076923,0.23076922,0.021276595,0.0049099834,1,0,0,1,0
100,-1,0,5.07498,0.99378765,1,1,unassigned,5.0,2.0,3.0,0.4,0.6,0.6,0.0058027077,0.0034816249,0,0,0,1,1
101,-1,0,0.33462685,0.5828847,1,1,unassigned,39.0,36.0,3.0,0.9230769,0.07692308,0.07692307,0.07156673,0.0055051334,0,0,0,1,0
102,-1,0,-0.41956723,0.3966203,0,1,unassigned,20.0,20.0,0.0,1.0,0.0,0.0,0.034816246,0.0,0,0,0,0,0
103,-1,1,3.0691483,0.955602,1,1,unassigned,5.0,5.0,0.0,1.0,0.0,0.0,0.0058027077,0.0,1,0,0,1,1
104,1,0,-0.08158904,0.479614,0,1,unassigned,20.0,14.0,6.0,0.7,0.3,0.3,0.034816246,0.010444874,0,0,0,0,0
105,0,0,-0.7579612,0.31908908,0,0,val,8.0,8.0,0.0,1.0,0.0,0.0,0.0116054155,0.0,0,0,1,0,0
106,-1,0,-0.65887934,0.3409914,0,1,unassigned,14.0,14.0,0.0,1.0,0.0,0.0,0.023210831,0.0,0,0,0,0,0
107,-1,1,5.4884152,0.99588263,1,1,unassigned,4.0,3.0,1.0,0.75,0.25,0.25,0.003868472,0.000967118,1,0,0,1,1
108,1,1,2.3071172,0.9094647,1,0,unassigned,6.0,6.0,0.0,1.0,0.0,0.0,0.007736944,0.0,1,0,1,1,1
109,-1,0,-0.4089659,0.3991601,0,1,unassigned,15.0,15.0,0.0,1.0,0.0,0.0,0.025145067,0.0,0,0,0,0,0
110,0,0,-0.8128325,0.30728725,0,0,test,6.0,6.0,0.0,1.0,0.0,0.0,0.007736944,0.0,0,0,1,0,0
111,0,1,-0.23359522,0.44186532,0,0,val,7.0,7.0,0.0,1.0,0.0,0.0,0.00967118,0.0,1,0,1,0,0
112,-1,0,0.06006354,0.51501137,1,1,unassigned,27.0,27.0,0.0,1.0,0.0,0.0,0.0483559,0.0,0,0,0,1,0
113,-1,0,-0.57913655,0.35913128,0,1,unassigned,5.0,5.0,0.0,1.0,0.0,0.0,0.0058027077,0.0,0,0,0,0,0
114,-1,0,-0.21235704,0.44710934,0,1,unassigned,6.0,6.0,0.0,1.0,0.0,0.0,0.007736944,0.0,0,0,0,0,0
115,-1,0,-0.12836978,0.46795154,0,1,unassigned,6.0,6.0,0.0,1.0,0.0,0.0,0.007736944,0.0,0,0,0,0,0
116,-1,0,1.0982785,0.7499374,1,1,unassigned,4.0,4.0,0.0,1.0,0.0,0.0,0.003868472,0.0,0,0,0,1,0
117,-1,0,0.28173667,0.569972,1,1,unassigned,5.0,4.0,1.0,0.8,0.2,0.19999999,0.0058027077,0.0011605415,0,0,0,1,0
118,-1,1,2.6498206,0.9339999,1,1,unassigned,2.0,2.0,0.0,1.0,0.0,0.0,0.0,0.0,1,0,0,1,1
119,0,0,0.3982082,0.5982571,1,1,val,6.0,5.0,1.0,0.8333333,0.16666667,0.16666669,0.007736944,0.0012894907,0,0,0,1,0
120,-1,1,2.5574372,0.9280716,1,1,unassigned,2.0,2.0,0.0,1.0,0.0,0.0,0.0,0.0,1,0,0,1,1
121,1,0,6.982655,0.999073,1,0,unassigned,2.0,2.0,0.0,1.0,0.0,0.0,0.0,0.0,0,0,1,1,1
122,-1,0,-0.52431846,0.37184298,0,1,unassigned,8.0,8.0,0.0,1.0,0.0,0.0,0.0116054155,0.0,0,0,0,0,0
123,-1,0,2.9364421,0.9496188,1,1,unassigned,16.0,16.0,0.0,1.0,0.0,0.0,0.027079303,0.0,0,0,0,1,1
124,-1,0,0.8076599,0.69161063,1,1,unassigned,11.0,11.0,0.0,1.0,0.0,0.0,0.017408123,0.0,0,0,0,1,0
125,1,0,0.15689498,0.5391435,1,0,unassigned,4.0,4.0,0.0,1.0,0.0,0.0,0.003868472,0.0,0,0,1,1,0
126,-1,0,-0.18663257,0.45347682,0,1,unassigned,2.0,2.0,0.0,1.0,0.0,0.0,0.0,0.0,0,0,0,0,0
127,-1,1,-0.046916306,0.48827308,0,1,unassigned,8.0,7.0,1.0,0.875,0.125,0.125,0.0116054155,0.0014506769,1,0,0,0,0
128,-1,0,0.4878443,0.61959845,1,1,unassigned,8.0,8.0,0.0,1.0,0.0,0.0,0.0116054155,0.0,0,0,0,1,0
129,-1,1,-0.7405822,0.32287684,0,1,unassigned,20.0,20.0,0.0,1.0,0.0,0.0,0.034816246,0.0,1,0,0,0,0
130,-1,0,3.0595286,0.95519215,1,1,unassigned,4.0,4.0,0.0,1.0,0.0,0.0,0.003868472,0.0,0,0,0,1,1
131,-1,0,-1.0037215,0.26821035,0,1,unassigned,5.0,5.0,0.0,1.0,0.0,0.0,0.0058027077,0.0,0,0,0,0,0
132,-1,0,-0.89626956,0.2898177,0,1,unassigned,12.0,12.0,0.0,1.0,0.0,0.0,0.01934236,0.0,0,0,0,0,0
133,-1,0,-0.9057717,0.28786585,0,1,unassigned,33.0,33.0,0.0,1.0,0.0,0.0,0.059961315,0.0,0,0,0,0,0
134,-1,0,0.77577525,0.6847689,1,1,unassigned,2.0,2.0,0.0,1.0,0.0,0.0,0.0,0.0,0,0,0,1,0
135,-1,0,-0.3139938,0.4221402,0,1,unassigned,13.0,12.0,1.0,0.9230769,0.07692308,0.07692307,0.021276595,0.0016366612,0,0,0,0,0
136,-1,0,-0.7018125,0.3314105,0,1,unassigned,21.0,21.0,0.0,1.0,0.0,0.0,0.036750484,0.0,0,0,0,0,0
137,-1,1,0.20974702,0.5522454,1,1,unassigned,101.0,93.0,8.0,0.9207921,0.07920792,0.0792079,0.19148937,0.015167475,1,0,0,1,0
138,0,0,-0.5132755,0.37442598,0,0,val,17.0,17.0,0.0,1.0,0.0,0.0,0.029013539,0.0,0,0,1,0,0
139,-1,0,0.43953234,0.6081476,1,1,unassigned,46.0,45.0,1.0,0.9782609,0.02173913,0.021739125,0.08510638,0.0018501388,0,0,0,1,0
140,-1,1,-0.75792724,0.31909645,0,1,unassigned,53.0,53.0,0.0,1.0,0.0,0.0,0.09864604,0.0,1,0,0,0,0
141,-1,0,1.7103007,0.8468753,1,1,unassigned,4.0,4.0,0.0,1.0,0.0,0.0,0.003868472,0.0,0,0,0,1,0
142,-1,0,0.39998168,0.59868324,1,1,unassigned,40.0,39.0,1.0,0.975,0.025,0.024999976,0.07350097,0.0018375242,0,0,0,1,0
143,-1,1,1.6529467,0.83928895,1,1,unassigned,20.0,20.0,0.0,1.0,0.0,0.0,0.034816246,0.0,1,0,0,1,0
144,-1,0,1.03877,0.7386126,1,1,unassigned,55.0,55.0,0.0,1.0,0.0,0.0,0.102514505,0.0,0,0,0,1,0
145,-1,0,0.9038654,0.7117432,1,1,unassigned,2.0,2.0,0.0,1.0,0.0,0.0,0.0,0.0,0,0,0,1,0
146,-1,0,1.7898371,0.85690725,1,1,unassigned,6.0,4.0,2.0,0.6666667,0.33333334,0.3333333,0.007736944,0.0025789815,0,0,0,1,0
147,-1,0,-0.82016504,0.30572864,0,1,unassigned,32.0,32.0,0.0,1.0,0.0,0.0,0.058027077,0.0,0,0,0,0,0
148,-1,0,6.9956865,0.99908507,1,1,unassigned,3.0,2.0,1.0,0.6666667,0.33333334,0.3333333,0.001934236,0.00064474536,0,0,0,1,1
149,-1,0,0.06241238,0.51559806,1,1,unassigned,26.0,26.0,0.0,1.0,0.0,0.0,0.046421662,0.0,0,0,0,1,0
150,-1,0,-0.2193856,0.44537255,0,1,unassigned,2.0,2.0,0.0,1.0,0.0,0.0,0.0,0.0,0,0,0,0,0
151,-1,0,5.5079923,0.9959622,1,1,unassigned,4.0,4.0,0.0,1.0,0.0,0.0,0.003868472,0.0,0,0,0,1,1
152,-1,1,1.2936192,0.7847591,1,1,unassigned,3.0,3.0,0.0,1.0,0.0,0.0,0.001934236,0.0,1,0,0,1,0
153,-1,0,-0.0121536255,0.49696162,0,1,unassigned,6.0,6.0,0.0,1.0,0.0,0.0,0.007736944,0.0,0,0,0,0,0
154,-1,1,3.6831892,0.975474,1,1,unassigned,14.0,14.0,0.0,1.0,0.0,0.0,0.023210831,0.0,1,0,0,1,1
155,-1,1,3.239384,0.96228975,1,1,unassigned,7.0,6.0,1.0,0.85714287,0.14285715,0.14285713,0.00967118,0.0013815971,1,0,0,1,1
156,-1,0,0.25673103,0.5638325,1,1,unassigned,2.0,2.0,0.0,1.0,0.0,0.0,0.0,0.0,0,0,0,1,0
157,-1,0,-0.4531651,0.3886085,0,1,unassigned,14.0,14.0,0.0,1.0,0.0,0.0,0.023210831,0.0,0,0,0,0,0
158,-1,0,2.6303804,0.9327914,1,1,unassigned,4.0,3.0,1.0,0.75,0.25,0.25,0.003868472,0.000967118,0,0,0,1,1
159,0,0,-1.0722723,0.2549712,0,0,val,2.0,2.0,0.0,1.0,0.0,0.0,0.0,0.0,0,0,1,0,0
160,-1,0,-0.67346346,0.33772177,0,1,unassigned,3.0,3.0,0.0,1.0,0.0,0.0,0.001934236,0.0,0,0,0,0,0
161,-1,0,-0.436751,0.39251542,0,1,unassigned,6.0,5.0,1.0,0.8333333,0.16666667,0.16666669,0.007736944,0.0012894907,0,0,0,0,0
162,-1,0,0.4129097,0.60178536,1,1,unassigned,6.0,6.0,0.0,1.0,0.0,0.0,0.007736944,0.0,0,0,0,1,0
163,-1,0,-0.84279287,0.30094692,0,1,unassigned,2.0,2.0,0.0,1.0,0.0,0.0,0.0,0.0,0,0,0,0,0
164,-1,0,0.9366395,0.7184204,1,1,unassigned,3.0,3.0,0.0,1.0,0.0,0.0,0.001934236,0.0,0,0,0,1,0
165,-1,1,-0.4027062,0.40066233,0,1,unassigned,29.0,26.0,3.0,0.8965517,0.10344828,0.10344827,0.05222437,0.005402521,1,0,0,0,0
166,-1,1,2.5517628,0.9276918,1,1,unassigned,42.0,40.0,2.0,0.95238096,0.04761905,0.047619045,0.07736944,0.003684259,1,0,0,1,1
167,1,0,1.5433218,0.82394713,1,0,test,5.0,5.0,0.0,1.0,0.0,0.0,0.0058027077,0.0,0,0,1,1,0
168,1,1,1.1879447,0.7663732,1,0,unassigned,7.0,6.0,1.0,0.85714287,0.14285715,0.14285713,0.00967118,0.0013815971,1,0,1,1,0
169,-1,0,-0.94137603,0.28062245,0,1,unassigned,2.0,2.0,0.0,1.0,0.0,0.0,0.0,0.0,0,0,0,0,0
170,-1,0,-0.12450451,0.46891406,0,1,unassigned,14.0,14.0,0.0,1.0,0.0,0.0,0.023210831,0.0,0,0,0,0,0
171,-1,0,-0.44452637,0.39066297,0,1,unassigned,20.0,20.0,0.0,1.0,0.0,0.0,0.034816246,0.0,0,0,0,0,0
172,-1,0,0.69856244,0.667869,1,1,unassigned,46.0,45.0,1.0,0.9782609,0.02173913,0.021739125,0.08510638,0.0018501388,0,0,0,1,0
173,1,0,2.421778,0.91847295,1,0,val,5.0,5.0,0.0,1.0,0.0,0.0,0.0058027077,0.0,0,0,1,1,1
174,-1,1,4.92495,0.9927893,1,1,unassigned,4.0,4.0,0.0,1.0,0.0,0.0,0.003868472,0.0,1,0,0,1,1
175,-1,0,0.20332748,0.55065745,1,1,unassigned,44.0,40.0,4.0,0.90909094,0.09090909,0.090909064,0.08123791,0.007385265,0,0,0,1,0
176,-1,0,-0.8659523,0.29609725,0,1,unassigned,7.0,7.0,0.0,1.0,0.0,0.0,0.00967118,0.0,0,0,0,0,0
177,-1,1,2.6029928,0.93105394,1,1,unassigned,10.0,7.0,3.0,0.7,0.3,0.3,0.015473888,0.0046421667,1,0,0,1,1
178,-1,0,0.19737232,0.54918355,1,1,unassigned,4.0,4.0,0.0,1.0,0.0,0.0,0.003868472,0.0,0,0,0,1,0
179,-1,1,0.07306272,0.51825756,1,1,unassigned,9.0,9.0,0.0,1.0,0.0,0.0,0.013539651,0.0,1,0,0,1,0
180,-1,0,1.2927892,0.7846189,1,1,unassigned,3.0,3.0,0.0,1.0,0.0,0.0,0.001934236,0.0,0,0,0,1,0
181,-1,0,5.7580514,0.9968527,1,1,unassigned,7.0,7.0,0.0,1.0,0.0,0.0,0.00967118,0.0,0,0,0,1,1
182,-1,0,0.70666844,0.66966456,1,1,unassigned,16.0,16.0,0.0,1.0,0.0,0.0,0.027079303,0.0,0,0,0,1,0
183,0,0,-0.30434757,0.42449504,0,0,unassigned,69.0,68.0,1.0,0.98550725,0.014492754,0.01449275,0.1295938,0.0018781711,0,0,1,0,0
184,-1,1,0.93342155,0.7177689,1,1,unassigned,6.0,4.0,2.0,0.6666667,0.33333334,0.3333333,0.007736944,0.0025789815,1,0,0,1,0
185,-1,0,0.19228286,0.54792315,1,1,unassigned,10.0,10.0,0.0,1.0,0.0,0.0,0.015473888,0.0,0,0,0,1,0
186,-1,0,-0.70249474,0.33125934,0,1,unassigned,20.0,20.0,0.0,1.0,0.0,0.0,0.034816246,0.0,0,0,0,0,0
187,-1,0,-0.3633815,0.4101413,0,1,unassigned,4.0,3.0,1.0,0.75,0.25,0.25,0.003868472,0.000967118,0,0,0,0,0
188,-1,1,3.8577683,0.97932154,1,1,unassigned,6.0,4.0,2.0,0.6666667,0.33333334,0.3333333,0.007736944,0.0025789815,1,0,0,1,1
189,-1,1,0.0025331974,0.5006333,1,1,unassigned,26.0,26.0,0.0,1.0,0.0,0.0,0.046421662,0.0,1,0,0,1,0
190,-1,0,5.776352,0.99690956,1,1,unassigned,18.0,17.0,1.0,0.9444444,0.055555556,0.055555582,0.030947777,0.0017193209,0,0,0,1,1
191,-1,1,-0.3955419,0.4023839,0,1,unassigned,5.0,5.0,0.0,1.0,0.0,0.0,0.0058027077,0.0,1,0,0,0,0
192,-1,0,1.1823387,0.76536804,1,1,unassigned,3.0,3.0,0.0,1.0,0.0,0.0,0.001934236,0.0,0,0,0,1,0
193,-1,0,6.44879,0.9984201,1,1,unassigned,9.0,9.0,0.0,1.0,0.0,0.0,0.013539651,0.0,0,0,0,1,1
194,0,0,-0.30615148,0.42405438,0,0,val,11.0,11.0,0.0,1.0,0.0,0.0,0.017408123,0.0,0,0,1,0,0
195,1,0,0.19932026,0.54966575,1,0,unassigned,3.0,3.0,0.0,1.0,0.0,0.0,0.001934236,0.0,0,0,1,1,0
196,-1,0,-0.92094505,0.28476536,0,1,unassigned,15.0,15.0,0.0,1.0,0.0,0.0,0.025145067,0.0,0,0,0,0,0
197,-1,1,2.6413467,0.9334757,1,1,unassigned,33.0,32.0,1.0,0.969697,0.030303031,0.030303001,0.059961315,0.0018170096,1,0,0,1,1
198,-1,0,2.171028,0.8976175,1,1,unassigned,2.0,2.0,0.0,1.0,0.0,0.0,0.0,0.0,0,0,0,1,0
199,-1,1,-0.1332823,0.4667287,0,1,unassigned,3.0,3.0,0.0,1.0,0.0,0.0,0.001934236,0.0,1,0,0,0,0
200,-1,0,-0.07261109,0.4818552,0,1,unassigned,12.0,12.0,0.0,1.0,0.0,0.0,0.01934236,0.0,0,0,0,0,0
201,-1,0,9.499977,0.99992514,1,1,unassigned,4.0,4.0,0.0,1.0,0.0,0.0,0.003868472,0.0,0,0,0,1,1
202,-1,1,3.4937155,0.9705084,1,1,unassigned,3.0,1.0,2.0,0.33333334,0.6666667,0.6666666,0.001934236,0.0012894907,1,0,0,1,1
203,-1,0,0.56487805,0.63758045,1,1,unassigned,2.0,2.0,0.0,1.0,0.0,0.0,0.0,0.0,0,0,0,1,0
204,-1,0,1.6784012,0.8426927,1,1,unassigned,5.0,4.0,1.0,0.8,0.2,0.19999999,0.0058027077,0.0011605415,0,0,0,1,0
205,-1,0,2.0123203,0.88208455,1,1,unassigned,4.0,4.0,0.0,1.0,0.0,0.0,0.003868472,0.0,0,0,0,1,0
206,-1,0,0.57190174,0.6392019,1,1,unassigned,5.0,5.0,0.0,1.0,0.0,0.0,0.0058027077,0.0,0,0,0,1,0
207,-1,0,7.0067735,0.9990951,1,1,unassigned,41.0,37.0,4.0,0.902439,0.09756097,0.097561,0.07543521,0.007359532,0,0,0,1,1
208,-1,0,3.2476342,0.962588,1,1,unassigned,5.0,4.0,1.0,0.8,0.2,0.19999999,0.0058027077,0.0011605415,0,0,0,1,1
209,-1,0,3.875251,0.9796727,1,1,unassigned,3.0,3.0,0.0,1.0,0.0,0.0,0.001934236,0.0,0,0,0,1,1
210,-1,0,4.2538924,0.9859903,1,1,unassigned,9.0,5.0,4.0,0.5555556,0.44444445,0.44444442,0.013539651,0.006017623,0,0,0,1,1
211,0,0,-0.03635353,0.49091262,0,0,val,16.0,14.0,2.0,0.875,0.125,0.125,0.027079303,0.0033849129,0,0,1,0,0
212,-1,1,0.050551355,0.5126352,1,1,unassigned,4.0,4.0,0.0,1.0,0.0,0.0,0.003868472,0.0,1,0,0,1,0
213,-1,1,5.70684,0.9966878,1,1,unassigned,9.0,9.0,0.0,1.0,0.0,0.0,0.013539651,0.0,1,0,0,1,1
214,-1,1,-0.16367212,0.45917308,0,1,unassigned,3.0,3.0,0.0,1.0,0.0,0.0,0.001934236,0.0,1,0,0,0,0
215,-1,0,-0.19630075,0.4510818,0,1,unassigned,2.0,2.0,0.0,1.0,0.0,0.0,0.0,0.0,0,0,0,0,0
216,-1,0,14.265364,0.9999994,1,1,unassigned,92.0,92.0,0.0,1.0,0.0,0.0,0.17408124,0.0,0,0,0,1,1
217,1,0,-0.95214564,0.2784535,0,1,test,3.0,3.0,0.0,1.0,0.0,0.0,0.001934236,0.0,0,0,0,0,0
218,-1,0,-0.9073972,0.28753275,0,1,unassigned,15.0,13.0,2.0,0.8666667,0.13333334,0.13333333,0.025145067,0.0033526758,0,0,0,0,0
219,-1,0,-0.49698249,0.37825006,0,1,unassigned,2.0,2.0,0.0,1.0,0.0,0.0,0.0,0.0,0,0,0,0,0
220,-1,0,0.110440135,0.527582,1,1,unassigned,68.0,68.0,0.0,1.0,0.0,0.0,0.12765957,0.0,0,0,0,1,0
221,-1,0,3.097836,0.9568034,1,1,unassigned,33.0,28.0,5.0,0.8484849,0.15151516,0.15151513,0.059961315,0.009085048,0,0,0,1,1
222,1,1,4.357963,0.9873575,1,0,val,63.0,62.0,1.0,0.984127,0.015873017,0.015873015,0.11798839,0.0018728317,1,0,1,1,1
223,-1,1,3.3852415,0.96724004,1,1,unassigned,26.0,24.0,2.0,0.9230769,0.07692308,0.07692307,0.046421662,0.0035708973,1,0,0,1,1
224,-1,0,-0.49649107,0.37836564,0,1,unassigned,13.0,13.0,0.0,1.0,0.0,0.0,0.021276595,0.0,0,0,0,0,0
225,-1,0,2.012152,0.8820671,1,1,unassigned,8.0,1.0,7.0,0.125,0.875,0.875,0.0116054155,0.010154739,0,0,0,1,0
226,-1,1,-0.22380671,0.4442807,0,1,unassigned,9.0,8.0,1.0,0.8888889,0.11111111,0.111111104,0.013539651,0.0015044058,1,0,0,0,0
227,-1,1,-0.81290853,0.30727103,0,1,unassigned,40.0,37.0,3.0,0.925,0.075,0.07499999,0.07350097,0.005512573,1,0,0,0,0
228,-1,1,-0.93189186,0.28254107,0,1,unassigned,65.0,64.0,1.0,0.9846154,0.015384615,0.0153846145,0.12185687,0.001874721,1,0,0,0,0
229,-1,1,3.3802297,0.96708095,1,1,unassigned,17.0,16.0,1.0,0.9411765,0.05882353,0.058823526,0.029013539,0.0017066788,1,0,0,1,1
230,-1,0,1.5432298,0.8239338,1,1,unassigned,8.0,5.0,3.0,0.625,0.375,0.375,0.0116054155,0.004352031,0,0,0,1,0
231,-1,1,-0.4409188,0.39152205,0,1,unassigned,4.0,4.0,0.0,1.0,0.0,0.0,0.003868472,0.0,1,0,0,0,0
232,-1,0,0.93515784,0.7181205,1,1,unassigned,2.0,2.0,0.0,1.0,0.0,0.0,0.0,0.0,0,0,0,1,0
233,-1,0,-0.4886348,0.38021523,0,1,unassigned,77.0,77.0,0.0,1.0,0.0,0.0,0.14506769,0.0,0,0,0,0,0
234,-1,0,4.9893537,0.993236,1,1,unassigned,10.0,10.0,0.0,1.0,0.0,0.0,0.015473888,0.0,0,0,0,1,1
235,-1,0,-0.878064,0.29357913,0,1,unassigned,4.0,4.0,0.0,1.0,0.0,0.0,0.003868472,0.0,0,0,0,0,0
236,-1,1,-0.36271128,0.4103034,0,1,unassigned,13.0,13.0,0.0,1.0,0.0,0.0,0.021276595,0.0,1,0,0,0,0
237,-1,0,-0.5674928,0.36181554,0,1,unassigned,49.0,48.0,1.0,0.97959185,0.020408163,0.020408154,0.09090909,0.0018552876,0,0,0,0,0
238,-1,1,-0.09751284,0.4756411,0,1,unassigned,10.0,10.0,0.0,1.0,0.0,0.0,0.015473888,0.0,1,0,0,0,0
239,-1,0,0.34362984,0.585072,1,1,unassigned,2.0,2.0,0.0,1.0,0.0,0.0,0.0,0.0,0,0,0,1,0
240,-1,1,0.35957497,0.5889376,1,1,unassigned,27.0,26.0,1.0,0.962963,0.037037037,0.037037015,0.0483559,0.0017909593,1,0,0,1,0
241,-1,0,6.592671,0.9986314,1,1,unassigned,13.0,12.0,1.0,0.9230769,0.07692308,0.07692307,0.021276595,0.0016366612,0,0,0,1,1
242,-1,0,3.6693308,0.9751403,1,1,unassigned,2.0,2.0,0.0,1.0,0.0,0.0,0.0,0.0,0,0,0,1,1
243,-1,0,1.0599897,0.7426886,1,1,unassigned,9.0,8.0,1.0,0.8888889,0.11111111,0.111111104,0.013539651,0.0015044058,0,0,0,1,0
244,-1,0,-0.5987542,0.35462874,0,1,unassigned,56.0,56.0,0.0,1.0,0.0,0.0,0.10444874,0.0,0,0,0,0,0
245,-1,1,-0.54988134,0.36589193,0,1,unassigned,2.0,2.0,0.0,1.0,0.0,0.0,0.0,0.0,1,0,0,0,0
246,-1,0,0.50922495,0.6246247,1,1,unassigned,8.0,8.0,0.0,1.0,0.0,0.0,0.0116054155,0.0,0,0,0,1,0
247,-1,0,1.8904338,0.86880493,1,1,unassigned,21.0,20.0,1.0,0.95238096,0.04761905,0.047619045,0.036750484,0.0017500231,0,0,0,1,0
248,-1,0,0.2651345,0.56589806,1,1,unassigned,13.0,12.0,1.0,0.9230769,0.07692308,0.07692307,0.021276595,0.0016366612,0,0,0,1,0
249,-1,0,-0.6971351,0.3324477,0,1,unassigned,27.0,25.0,2.0,0.9259259,0.074074075,0.07407409,0.0483559,0.0035819185,0,0,0,0,0
250,-1,0,-0.6724801,0.3379417,0,1,unassigned,13.0,13.0,0.0,1.0,0.0,0.0,0.021276595,0.0,0,0,0,0,0
251,-1,0,2.3262155,0.9110251,1,1,unassigned,4.0,4.0,0.0,1.0,0.0,0.0,0.003868472,0.0,0,0,0,1,1
252,0,0,-0.6048271,0.35324013,0,0,unassigned,33.0,31.0,2.0,0.93939394,0.060606062,0.060606062,0.059961315,0.0036340193,0,0,1,0,0
253,-1,0,3.4076405,0.96794254,1,1,unassigned,4.0,4.0,0.0,1.0,0.0,0.0,0.003868472,0.0,0,0,0,1,1
254,-1,0,1.7936904,0.85737914,1,1,unassigned,12.0,12.0,0.0,1.0,0.0,0.0,0.01934236,0.0,0,0,0,1,0
255,-1,0,-0.3470965,0.4140867,0,1,unassigned,7.0,7.0,0.0,1.0,0.0,0.0,0.00967118,0.0,0,0,0,0,0
256,0,0,-0.038627565,0.4903443,0,0,unassigned,9.0,9.0,0.0,1.0,0.0,0.0,0.013539651,0.0,0,0,1,0,0
257,-1,0,2.8292747,0.9442374,1,1,unassigned,6.0,6.0,0.0,1.0,0.0,0.0,0.007736944,0.0,0,0,0,1,1
258,-1,0,-0.72702396,0.32584816,0,1,unassigned,12.0,12.0,0.0,1.0,0.0,0.0,0.01934236,0.0,0,0,0,0,0
259,-1,0,-0.30721802,0.42379394,0,1,unassigned,8.0,7.0,1.0,0.875,0.125,0.125,0.0116054155,0.0014506769,0,0,0,0,0
260,-1,0,-0.66130865,0.3404457,0,1,unassigned,43.0,39.0,4.0,0.90697676,0.093023255,0.09302324,0.079303674,0.0073770857,0,0,0,0,0
261,0,0,-0.45721227,0.38764736,0,0,unassigned,42.0,34.0,8.0,0.8095238,0.1904762,0.19047618,0.07736944,0.014737036,0,0,1,0,0
262,-1,0,-0.5974749,0.3549216,0,1,unassigned,38.0,36.0,2.0,0.94736844,0.05263158,0.052631557,0.06963249,0.0036648682,0,0,0,0,0
263,-1,0,-0.73491335,0.32411745,0,1,unassigned,81.0,80.0,1.0,0.9876543,0.012345679,0.012345672,0.15280464,0.0018864771,0,0,0,0,0
264,-1,1,5.2207603,0.99462587,1,1,unassigned,4.0,4.0,0.0,1.0,0.0,0.0,0.003868472,0.0,1,0,0,1,1
265,-1,0,3.220579,0.96160144,1,1,unassigned,2.0,2.0,0.0,1.0,0.0,0.0,0.0,0.0,0,0,0,1,1
266,-1,0,-0.5625271,0.36296296,0,1,unassigned,62.0,61.0,1.0,0.983871,0.016129032,0.016129017,0.116054155,0.0018718411,0,0,0,0,0
267,-1,0,-0.7881448,0.31256714,0,1,unassigned,118.0,116.0,2.0,0.9830508,0.016949153,0.016949177,0.22437137,0.0038029046,0,0,0,0,0
268,0,0,0.8231718,0.69490916,1,1,val,6.0,6.0,0.0,1.0,0.0,0.0,0.007736944,0.0,0,0,0,1,0
269,0,0,-0.8572975,0.29790428,0,0,unassigned,54.0,53.0,1.0,0.9814815,0.018518519,0.018518507,0.10058027,0.0018625975,0,0,1,0,0
270,-1,0,-0.71785927,0.3278646,0,1,unassigned,19.0,19.0,0.0,1.0,0.0,0.0,0.032882012,0.0,0,0,0,0,0
271,0,0,-0.725272,0.32623312,0,0,unassigned,19.0,19.0,0.0,1.0,0.0,0.0,0.032882012,0.0,0,0,1,0,0
272,-1,1,0.5570597,0.635772,1,1,unassigned,9.0,8.0,1.0,0.8888889,0.11111111,0.111111104,0.013539651,0.0015044058,1,0,0,1,0
273,-1,0,-0.88690525,0.29174888,0,1,unassigned,72.0,71.0,1.0,0.9861111,0.013888889,0.0138888955,0.13539653,0.0018805073,0,0,0,0,0
274,0,0,-0.83235884,0.30314654,0,0,train,55.0,55.0,0.0,1.0,0.0,0.0,0.102514505,0.0,0,0,1,0,0
275,-1,0,-0.96141756,0.27659446,0,1,unassigned,60.0,60.0,0.0,1.0,0.0,0.0,0.11218569,0.0,0,0,0,0,0
276,-1,1,4.0909004,0.98355097,1,1,unassigned,8.0,8.0,0.0,1.0,0.0,0.0,0.0116054155,0.0,1,0,0,1,1
277,-1,0,-0.9207465,0.2848058,0,1,unassigned,36.0,35.0,1.0,0.9722222,0.027777778,0.027777791,0.065764025,0.0018267785,0,0,0,0,0
278,-1,1,6.1791244,0.9979321,1,1,unassigned,2.0,2.0,0.0,1.0,0.0,0.0,0.0,0.0,1,0,0,1,1
279,1,0,1.0293424,0.73678833,1,0,val,2.0,2.0,0.0,1.0,0.0,0.0,0.0,0.0,0,0,1,1,0
280,0,0,0.3148387,0.57806593,1,1,unassigned,7.0,7.0,0.0,1.0,0.0,0.0,0.00967118,0.0,0,0,0,1,0
281,-1,0,-0.95421565,0.27803782,0,1,unassigned,38.0,37.0,1.0,0.9736842,0.02631579,0.026315808,0.06963249,0.0018324341,0,0,0,0,0
282,-1,0,4.272669,0.98624724,1,1,unassigned,6.0,4.0,2.0,0.6666667,0.33333334,0.3333333,0.007736944,0.0025789815,0,0,0,1,1
283,-1,0,1.7062266,0.8463462,1,1,unassigned,3.0,2.0,1.0,0.6666667,0.33333334,0.3333333,0.001934236,0.00064474536,0,0,0,1,0
284,0,0,-0.81340206,0.307166,0,0,unassigned,8.0,7.0,1.0,0.875,0.125,0.125,0.0116054155,0.0014506769,0,0,1,0,0
285,-1,0,-0.577198,0.3595776,0,1,unassigned,62.0,61.0,1.0,0.983871,0.016129032,0.016129017,0.116054155,0.0018718411,0,0,0,0,0
286,0,0,-0.44969934,0.38943228,0,0,unassigned,22.0,22.0,0.0,1.0,0.0,0.0,0.03868472,0.0,0,0,1,0,0
287,0,0,0.31345153,0.5777275,1,1,val,11.0,11.0,0.0,1.0,0.0,0.0,0.017408123,0.0,0,0,0,1,0
288,-1,0,-0.8877493,0.2915745,0,1,unassigned,34.0,34.0,0.0,1.0,0.0,0.0,0.061895553,0.0,0,0,0,0,0
289,0,0,-0.84012127,0.30150923,0,0,test,87.0,87.0,0.0,1.0,0.0,0.0,0.16441005,0.0,0,0,1,0,0
290,-1,0,2.572656,0.92908084,1,1,unassigned,22.0,22.0,0.0,1.0,0.0,0.0,0.03868472,0.0,0,0,0,1,1
291,-1,0,-0.8328544,0.30304185,0,1,unassigned,28.0,27.0,1.0,0.96428573,0.035714287,0.03571427,0.050290134,0.0017960763,0,0,0,0,0
292,-1,1,3.073972,0.95580626,1,1,unassigned,63.0,63.0,0.0,1.0,0.0,0.0,0.11798839,0.0,1,0,0,1,1
293,-1,0,-0.74426305,0.32207263,0,1,unassigned,57.0,57.0,0.0,1.0,0.0,0.0,0.10638298,0.0,0,0,0,0,0
294,0,0,-0.74910605,0.32101613,0,0,unassigned,59.0,59.0,0.0,1.0,0.0,0.0,0.11025145,0.0,0,0,1,0,0
295,-1,0,-0.234453,0.4416538,0,1,unassigned,23.0,22.0,1.0,0.95652175,0.04347826,0.04347825,0.040618956,0.0017660416,0,0,0,0,0
296,-1,0,0.6709201,0.66170913,1,1,unassigned,8.0,8.0,0.0,1.0,0.0,0.0,0.0116054155,0.0,0,0,0,1,0
297,-1,0,-0.2858367,0.42902344,0,1,unassigned,7.0,7.0,0.0,1.0,0.0,0.0,0.00967118,0.0,0,0,0,0,0
298,1,0,0.6604412,0.6593595,1,0,test,20.0,19.0,1.0,0.95,0.05,0.050000012,0.034816246,0.0017408123,0,0,1,1,0
299,1,0,1.98365,0.8790697,1,0,unassigned,6.0,6.0,0.0,1.0,0.0,0.0,0.007736944,0.0,0,0,1,1,0
300,-1,0,-0.7440304,0.3221234,0,1,unassigned,63.0,60.0,3.0,0.95238096,0.04761905,0.047619045,0.11798839,0.005618495,0,0,0,0,0
301,0,0,-0.90287423,0.2884602,0,0,unassigned,15.0,15.0,0.0,1.0,0.0,0.0,0.025145067,0.0,0,0,1,0,0
302,-1,0,-0.7795812,0.31441018,0,1,unassigned,72.0,70.0,2.0,0.9722222,0.027777778,0.027777791,0.13539653,0.0037610147,0,0,0,0,0
303,-1,0,-0.37764242,0.40669563,0,1,unassigned,49.0,48.0,1.0,0.97959185,0.020408163,0.020408154,0.09090909,0.0018552876,0,0,0,0,0
304,-1,0,-0.055943668,0.48601773,0,1,unassigned,3.0,3.0,0.0,1.0,0.0,0.0,0.001934236,0.0,0,0,0,0,0
305,0,0,-0.612678,0.35144857,0,0,unassigned,135.0,133.0,2.0,0.9851852,0.014814815,0.014814794,0.25725338,0.003811161,0,0,1,0,0
306,-1,0,0.17589915,0.54386175,1,1,unassigned,5.0,5.0,0.0,1.0,0.0,0.0,0.0058027077,0.0,0,0,0,1,0
307,-1,1,0.85752267,0.7021428,1,1,unassigned,21.0,21.0,0.0,1.0,0.0,0.0,0.036750484,0.0,1,0,0,1,0
308,-1,0,-0.59441113,0.3556234,0,1,unassigned,42.0,42.0,0.0,1.0,0.0,0.0,0.07736944,0.0,0,0,0,0,0
309,-1,0,-0.11817622,0.47049025,0,1,unassigned,10.0,10.0,0.0,1.0,0.0,0.0,0.015473888,0.0,0,0,0,0,0
310,-1,0,-0.45586857,0.38796636,0,1,unassigned,50.0,50.0,0.0,1.0,0.0,0.0,0.092843324,0.0,0,0,0,0,0
311,-1,0,-0.7153611,0.3284153,0,1,unassigned,62.0,61.0,1.0,0.983871,0.016129032,0.016129017,0.116054155,0.0018718411,0,0,0,0,0
312,-1,0,1.0522575,0.7412082,1,1,unassigned,2.0,2.0,0.0,1.0,0.0,0.0,0.0,0.0,0,0,0,1,0
313,-1,1,2.7920601,0.94224524,1,1,unassigned,9.0,9.0,0.0,1.0,0.0,0.0,0.013539651,0.0,1,0,0,1,1
314,-1,0,-0.8293708,0.30377814,0,1,unassigned,70.0,70.0,0.0,1.0,0.0,0.0,0.13152805,0.0,0,0,0,0,0
315,-1,1,-1.0667257,0.25602624,0,1,unassigned,3.0,2.0,1.0,0.6666667,0.33333334,0.3333333,0.001934236,0.00064474536,1,0,0,0,0
316,-1,1,1.2075086,0.7698578,1,1,unassigned,10.0,10.0,0.0,1.0,0.0,0.0,0.015473888,0.0,1,0,0,1,0
317,1,0,-0.7522831,0.32032403,0,1,train,130.0,130.0,0.0,1.0,0.0,0.0,0.24758221,0.0,0,0,0,0,0
318,0,0,-0.2768205,0.43123344,0,0,unassigned,33.0,31.0,2.0,0.93939394,0.060606062,0.060606062,0.059961315,0.0036340193,0,0,1,0,0
319,-1,0,0.076716006,0.5191696,1,1,unassigned,28.0,28.0,0.0,1.0,0.0,0.0,0.050290134,0.0,0,0,0,1,0
320,-1,0,-0.5243055,0.37184602,0,1,unassigned,21.0,21.0,0.0,1.0,0.0,0.0,0.036750484,0.0,0,0,0,0,0
321,-1,0,-0.75501996,0.31972846,0,1,unassigned,33.0,33.0,0.0,1.0,0.0,0.0,0.059961315,0.0,0,0,0,0,0
322,-1,0,2.439347,0.9197789,1,1,unassigned,17.0,17.0,0.0,1.0,0.0,0.0,0.029013539,0.0,0,0,0,1,1
323,-1,0,-0.8185047,0.30608118,0,1,unassigned,18.0,18.0,0.0,1.0,0.0,0.0,0.030947777,0.0,0,0,0,0,0
324,1,1,0.28114575,0.5698271,1,0,unassigned,14.0,13.0,1.0,0.9285714,0.071428575,0.0714286,0.023210831,0.0016579166,1,0,1,1,0
325,-1,0,0.39576238,0.59766906,1,1,unassigned,4.0,3.0,1.0,0.75,0.25,0.25,0.003868472,0.000967118,0,0,0,1,0
326,0,0,-0.83414346,0.30276966,0,0,unassigned,98.0,98.0,0.0,1.0,0.0,0.0,0.18568665,0.0,0,0,1,0,0
327,0,0,-0.3674038,0.40916854,0,0,unassigned,27.0,27.0,0.0,1.0,0.0,0.0,0.0483559,0.0,0,0,1,0,0
328,-1,0,-0.6612162,0.3404665,0,1,unassigned,22.0,19.0,3.0,0.8636364,0.13636364,0.13636363,0.03868472,0.005275189,0,0,0,0,0
329,-1,0,0.8476389,0.70007163,1,1,unassigned,9.0,9.0,0.0,1.0,0.0,0.0,0.013539651,0.0,0,0,0,1,0
330,-1,0,-0.5422285,0.3676693,0,1,unassigned,19.0,17.0,2.0,0.8947368,0.10526316,0.10526317,0.032882012,0.0034612645,0,0,0,0,0
331,1,0,-0.84062123,0.30140397,0,1,test,61.0,51.0,10.0,0.8360656,0.16393442,0.16393441,0.114119925,0.018708184,0,0,0,0,0
332,-1,1,4.3153114,0.9868138,1,1,unassigned,9.0,8.0,1.0,0.8888889,0.11111111,0.111111104,0.013539651,0.0015044058,1,0,0,1,1
333,-1,0,-0.8811665,0.29293612,0,1,unassigned,38.0,37.0,1.0,0.9736842,0.02631579,0.026315808,0.06963249,0.0018324341,0,0,0,0,0
334,-1,0,1.8437765,0.86339474,1,1,unassigned,17.0,17.0,0.0,1.0,0.0,0.0,0.029013539,0.0,0,0,0,1,0
335,-1,0,-0.6370689,0.34590942,0,1,unassigned,48.0,45.0,3.0,0.9375,0.0625,0.0625,0.088974856,0.0055609285,0,0,0,0,0
336,-1,0,-0.49138,0.37956852,0,1,unassigned,43.0,43.0,0.0,1.0,0.0,0.0,0.079303674,0.0,0,0,0,0,0
337,-1,0,-0.4665709,0.38542816,0,1,unassigned,50.0,49.0,1.0,0.98,0.02,0.01999998,0.092843324,0.0018568664,0,0,0,0,0
338,-1,0,-0.82484615,0.30473593,0,1,unassigned,64.0,63.0,1.0,0.984375,0.015625,0.015625,0.11992263,0.0018737911,0,0,0,0,0
339,0,0,-0.9076234,0.2874864,0,0,unassigned,3.0,3.0,0.0,1.0,0.0,0.0,0.001934236,0.0,0,0,1,0,0
340,-1,1,2.120051,0.8928368,1,1,unassigned,12.0,11.0,1.0,0.9166667,0.083333336,0.08333331,0.01934236,0.0016118633,1,0,0,1,0
341,-1,0,-0.98361367,0.27217534,0,1,unassigned,5.0,4.0,1.0,0.8,0.2,0.19999999,0.0058027077,0.0011605415,0,0,0,0,0
342,-1,0,0.49067456,0.6202653,1,1,unassigned,15.0,14.0,1.0,0.93333334,0.06666667,0.06666666,0.025145067,0.0016763379,0,0,0,1,0
343,-1,0,0.87625974,0.7060465,1,1,unassigned,180.0,159.0,21.0,0.8833333,0.11666667,0.116666675,0.344294,0.040167633,0,0,0,1,0
344,0,0,1.1317735,0.75616604,1,1,unassigned,7.0,7.0,0.0,1.0,0.0,0.0,0.00967118,0.0,0,0,0,1,0
345,1,0,-0.909206,0.28716233,0,1,test,32.0,31.0,1.0,0.96875,0.03125,0.03125,0.058027077,0.0018133462,0,0,0,0,0
346,-1,0,1.1248624,0.75488955,1,1,unassigned,45.0,44.0,1.0,0.9777778,0.022222223,0.02222222,0.08317215,0.0018482701,0,0,0,1,0
347,1,0,-0.5767132,0.35968927,0,1,train,63.0,61.0,2.0,0.96825397,0.031746034,0.03174603,0.11798839,0.0037456634,0,0,0,0,0
348,-1,0,4.713679,0.99110806,1,1,unassigned,45.0,36.0,9.0,0.8,0.2,0.19999999,0.08317215,0.01663443,0,0,0,1,1
349,-1,0,1.38768,0.8002216,1,1,unassigned,9.0,9.0,0.0,1.0,0.0,0.0,0.013539651,0.0,0,0,0,1,0
350,-1,0,-0.42108333,0.39625755,0,1,unassigned,6.0,6.0,0.0,1.0,0.0,0.0,0.007736944,0.0,0,0,0,0,0
351,-1,0,0.19385082,0.54831153,1,1,unassigned,7.0,7.0,0.0,1.0,0.0,0.0,0.00967118,0.0,0,0,0,1,0
352,-1,0,-0.82987916,0.30367061,0,1,unassigned,75.0,70.0,5.0,0.93333334,0.06666667,0.06666666,0.14119923,0.009413282,0,0,0,0,0
353,-1,0,-0.3480934,0.41384482,0,1,unassigned,45.0,45.0,0.0,1.0,0.0,0.0,0.08317215,0.0,0,0,0,0,0
354,-1,1,1.1723688,0.7635729,1,1,unassigned,42.0,41.0,1.0,0.97619045,0.023809524,0.023809552,0.07736944,0.0018421295,1,0,0,1,0
355,-1,0,-0.87518674,0.2941762,0,1,unassigned,87.0,84.0,3.0,0.9655172,0.03448276,0.034482777,0.16441005,0.005669312,0,0,0,0,0
356,1,0,2.6373487,0.93322694,1,0,val,6.0,6.0,0.0,1.0,0.0,0.0,0.007736944,0.0,0,0,1,1,1
357,-1,0,-0.8736877,0.29448754,0,1,unassigned,30.0,29.0,1.0,0.96666664,0.033333335,0.03333336,0.054158606,0.001805287,0,0,0,0,0
358,-1,0,0.9434419,0.71979433,1,1,unassigned,3.0,2.0,1.0,0.6666667,0.33333334,0.3333333,0.001934236,0.00064474536,0,0,0,1,0
359,-1,0,1.7531922,0.85235494,1,1,unassigned,3.0,3.0,0.0,1.0,0.0,0.0,0.001934236,0.0,0,0,0,1,0
360,-1,0,0.18801177,0.546865,1,1,unassigned,15.0,15.0,0.0,1.0,0.0,0.0,0.025145067,0.0,0,0,0,1,0
361,-1,0,-0.27138263,0.4325677,0,1,unassigned,18.0,18.0,0.0,1.0,0.0,0.0,0.030947777,0.0,0,0,0,0,0
362,-1,0,-0.8812561,0.29291755,0,1,unassigned,71.0,69.0,2.0,0.97183096,0.028169014,0.028169036,0.13346228,0.0037595008,0,0,0,0,0
363,-1,0,1.1654675,0.76232475,1,1,unassigned,36.0,34.0,2.0,0.9444444,0.055555556,0.055555582,0.065764025,0.003653557,0,0,0,1,0
364,-1,0,-0.4841429,0.3812743,0,1,unassigned,66.0,63.0,3.0,0.95454544,0.045454547,0.04545456,0.123791106,0.0056268685,0,0,0,0,0
365,0,1,0.4610489,0.61326295,1,1,unassigned,22.0,19.0,3.0,0.8636364,0.13636364,0.13636363,0.03868472,0.005275189,1,0,0,1,0
366,-1,0,-0.20056733,0.45002556,0,1,unassigned,19.0,19.0,0.0,1.0,0.0,0.0,0.032882012,0.0,0,0,0,0,0
367,-1,0,1.3486657,0.79391146,1,1,unassigned,3.0,3.0,0.0,1.0,0.0,0.0,0.001934236,0.0,0,0,0,1,0
368,-1,1,-0.16168034,0.45966774,0,1,unassigned,28.0,28.0,0.0,1.0,0.0,0.0,0.050290134,0.0,1,0,0,0,0
369,-1,0,0.23050106,0.5573715,1,1,unassigned,5.0,5.0,0.0,1.0,0.0,0.0,0.0058027077,0.0,0,0,0,1,0
370,-1,0,6.9974504,0.9990866,1,1,unassigned,2.0,2.0,0.0,1.0,0.0,0.0,0.0,0.0,0,0,0,1,1
371,-1,0,0.5771981,0.64042246,1,1,unassigned,2.0,2.0,0.0,1.0,0.0,0.0,0.0,0.0,0,0,0,1,0
372,-1,0,-0.55748874,0.3641287,0,1,unassigned,71.0,71.0,0.0,1.0,0.0,0.0,0.13346228,0.0,0,0,0,0,0
373,-1,0,2.3724468,0.91470194,1,1,unassigned,9.0,9.0,0.0,1.0,0.0,0.0,0.013539651,0.0,0,0,0,1,1
374,-1,0,0.99943095,0.73094666,1,1,unassigned,18.0,18.0,0.0,1.0,0.0,0.0,0.030947777,0.0,0,0,0,1,0
375,-1,0,-0.81272537,0.30731001,0,1,unassigned,19.0,18.0,1.0,0.94736844,0.05263158,0.052631557,0.032882012,0.0017306323,0,0,0,0,0
376,-1,0,-0.5389915,0.3684222,0,1,unassigned,17.0,16.0,1.0,0.9411765,0.05882353,0.058823526,0.029013539,0.0017066788,0,0,0,0,0
377,-1,1,1.877269,0.8672971,1,1,unassigned,42.0,40.0,2.0,0.95238096,0.04761905,0.047619045,0.07736944,0.003684259,1,0,0,1,0
378,-1,1,2.544791,0.9272228,1,1,unassigned,5.0,5.0,0.0,1.0,0.0,0.0,0.0058027077,0.0,1,0,0,1,1
379,-1,0,0.3851354,0.5951111,1,1,unassigned,52.0,50.0,2.0,0.96153843,0.03846154,0.038461566,0.0967118,0.0037196847,0,0,0,1,0
380,-1,0,0.72108155,0.6728451,1,1,unassigned,15.0,15.0,0.0,1.0,0.0,0.0,0.025145067,0.0,0,0,0,1,0
381,-1,0,1.8901324,0.86877066,1,1,unassigned,7.0,6.0,1.0,0.85714287,0.14285715,0.14285713,0.00967118,0.0013815971,0,0,0,1,0
382,-1,0,-0.18198746,0.45462826,0,1,unassigned,7.0,5.0,2.0,0.71428573,0.2857143,0.28571427,0.00967118,0.0027631943,0,0,0,0,0
383,-1,1,-0.99362683,0.2701963,0,1,unassigned,3.0,3.0,0.0,1.0,0.0,0.0,0.001934236,0.0,1,0,0,0,0
384,0,0,-0.8982839,0.28940326,0,0,val,70.0,70.0,0.0,1.0,0.0,0.0,0.13152805,0.0,0,0,1,0,0
385,0,0,-0.80925155,0.30805,0,0,test,41.0,41.0,0.0,1.0,0.0,0.0,0.07543521,0.0,0,0,1,0,0
386,0,0,-0.24771565,0.43838584,0,0,test,5.0,5.0,0.0,1.0,0.0,0.0,0.0058027077,0.0,0,0,1,0,0
387,-1,1,-0.50815976,0.375625,0,1,unassigned,81.0,76.0,5.0,0.9382716,0.061728396,0.061728418,0.15280464,0.009432386,1,0,0,0,0
388,-1,0,-0.8034272,0.30929288,0,1,unassigned,41.0,41.0,0.0,1.0,0.0,0.0,0.07543521,0.0,0,0,0,0,0
389,-1,1,-0.571388,0.36091664,0,1,unassigned,4.0,4.0,0.0,1.0,0.0,0.0,0.003868472,0.0,1,0,0,0,0
390,-1,0,-0.09337619,0.47667292,0,1,unassigned,16.0,14.0,2.0,0.875,0.125,0.125,0.027079303,0.0033849129,0,0,0,0,0
391,0,0,-0.18003002,0.45511368,0,0,train,7.0,6.0,1.0,0.85714287,0.14285715,0.14285713,0.00967118,0.0013815971,0,0,1,0,0
392,-1,0,-0.50532377,0.37629035,0,1,unassigned,4.0,4.0,0.0,1.0,0.0,0.0,0.003868472,0.0,0,0,0,0,0
393,-1,0,-0.5403136,0.36811462,0,1,unassigned,36.0,36.0,0.0,1.0,0.0,0.0,0.065764025,0.0,0,0,0,0,0
394,-1,0,-0.54985756,0.36589745,0,1,unassigned,41.0,40.0,1.0,0.9756098,0.024390243,0.02439022,0.07543521,0.001839883,0,0,0,0,0
395,-1,0,0.3082319,0.57645357,1,1,unassigned,2.0,2.0,0.0,1.0,0.0,0.0,0.0,0.0,0,0,0,1,0
396,-1,0,0.8378406,0.6980102,1,1,unassigned,4.0,4.0,0.0,1.0,0.0,0.0,0.003868472,0.0,0,0,0,1,0
397,-1,0,-0.14420518,0.46401104,0,1,unassigned,45.0,44.0,1.0,0.9777778,0.022222223,0.02222222,0.08317215,0.0018482701,0,0,0,0,0
398,1,0,-0.29346633,0.42715546,0,1,test,38.0,38.0,0.0,1.0,0.0,0.0,0.06963249,0.0,0,0,0,0,0
399,-1,1,0.3516552,0.5870189,1,1,unassigned,3.0,3.0,0.0,1.0,0.0,0.0,0.001934236,0.0,1,0,0,1,0
400,-1,1,-0.15150589,0.4621958,0,1,unassigned,9.0,9.0,0.0,1.0,0.0,0.0,0.013539651,0.0,1,0,0,0,0
401,-1,0,-0.8091645,0.30806854,0,1,unassigned,27.0,27.0,0.0,1.0,0.0,0.0,0.0483559,0.0,0,0,0,0,0
402,-1,0,-0.70143545,0.33149403,0,1,unassigned,106.0,99.0,7.0,0.9339623,0.06603774,0.066037714,0.20116054,0.013284187,0,0,0,0,0
403,-1,0,-0.72397846,0.3265175,0,1,unassigned,207.0,195.0,12.0,0.942029,0.057971016,0.057971,0.39651838,0.022986572,0,0,0,0,0
404,-1,1,2.1972387,0.9000013,1,1,unassigned,19.0,17.0,2.0,0.8947368,0.10526316,0.10526317,0.032882012,0.0034612645,1,0,0,1,1
405,-1,0,-0.7229493,0.32674384,0,1,unassigned,46.0,46.0,0.0,1.0,0.0,0.0,0.08510638,0.0,0,0,0,0,0
406,-1,0,-0.7576537,0.31915587,0,1,unassigned,120.0,117.0,3.0,0.975,0.025,0.024999976,0.22823985,0.0057059964,0,0,0,0,0
407,-1,1,3.9331086,0.98079336,1,1,unassigned,8.0,8.0,0.0,1.0,0.0,0.0,0.0116054155,0.0,1,0,0,1,1
408,-1,0,0.7391059,0.6768003,1,1,unassigned,4.0,3.0,1.0,0.75,0.25,0.25,0.003868472,0.000967118,0,0,0,1,0
409,-1,1,-0.07606065,0.480994,0,1,unassigned,3.0,3.0,0.0,1.0,0.0,0.0,0.001934236,0.0,1,0,0,0,0
410,-1,0,0.060269296,0.51506275,1,1,unassigned,8.0,8.0,0.0,1.0,0.0,0.0,0.0116054155,0.0,0,0,0,1,0
411,-1,0,2.6639402,0.934865,1,1,unassigned,10.0,9.0,1.0,0.9,0.1,0.100000024,0.015473888,0.0015473888,0,0,0,1,1
412,-1,0,-0.9386659,0.28116992,0,1,unassigned,58.0,58.0,0.0,1.0,0.0,0.0,0.10831721,0.0,0,0,0,0,0
413,-1,0,-0.19658044,0.45101255,0,1,unassigned,36.0,36.0,0.0,1.0,0.0,0.0,0.065764025,0.0,0,0,0,0,0
414,-1,0,-0.15448606,0.4614551,0,1,unassigned,20.0,19.0,1.0,0.95,0.05,0.050000012,0.034816246,0.0017408123,0,0,0,0,0
415,-1,1,-0.640315,0.34517533,0,1,unassigned,26.0,17.0,9.0,0.65384614,0.34615386,0.34615386,0.046421662,0.016069038,1,0,0,0,0
416,-1,1,1.6205952,0.8348772,1,1,unassigned,14.0,11.0,3.0,0.78571427,0.21428572,0.21428573,0.023210831,0.0049737496,1,0,0,1,0
417,-1,0,3.757417,0.9771886,1,1,unassigned,28.0,28.0,0.0,1.0,0.0,0.0,0.050290134,0.0,0,0,0,1,1
418,-1,0,-0.5000986,0.3775175,0,1,unassigned,25.0,24.0,1.0,0.96,0.04,0.04000002,0.044487428,0.001779497,0,0,0,0,0
419,1,1,1.1442206,0.7584537,1,0,unassigned,4.0,4.0,0.0,1.0,0.0,0.0,0.003868472,0.0,1,0,1,1,0
420,-1,0,-0.7587864,0.31890982,0,1,unassigned,40.0,38.0,2.0,0.95,0.05,0.050000012,0.07350097,0.0036750485,0,0,0,0,0
421,-1,0,5.718291,0.99672544,1,1,unassigned,12.0,11.0,1.0,0.9166667,0.083333336,0.08333331,0.01934236,0.0016118633,0,0,0,1,1
422,-1,0,-0.8096814,0.30795836,0,1,unassigned,49.0,46.0,3.0,0.93877554,0.06122449,0.06122446,0.09090909,0.005565863,0,0,0,0,0
423,-1,0,-0.7941412,0.3112802,0,1,unassigned,36.0,36.0,0.0,1.0,0.0,0.0,0.065764025,0.0,0,0,0,0,0
424,-1,1,1.0145941,0.73391825,1,1,unassigned,3.0,3.0,0.0,1.0,0.0,0.0,0.001934236,0.0,1,0,0,1,0
425,-1,0,-0.69266975,0.33343944,0,1,unassigned,19.0,15.0,4.0,0.7894737,0.21052632,0.21052629,0.032882012,0.006922529,0,0,0,0,0
426,-1,0,-0.608081,0.3524971,0,1,unassigned,46.0,46.0,0.0,1.0,0.0,0.0,0.08510638,0.0,0,0,0,0,0
427,-1,1,-0.96299875,0.2762782,0,1,unassigned,46.0,44.0,2.0,0.95652175,0.04347826,0.04347825,0.08510638,0.0037002775,1,0,0,0,0
428,-1,0,-0.8007978,0.3098549,0,1,unassigned,36.0,33.0,3.0,0.9166667,0.083333336,0.08333331,0.065764025,0.0054803356,0,0,0,0,0
429,0,0,-0.9387374,0.28115544,0,0,unassigned,46.0,45.0,1.0,0.9782609,0.02173913,0.021739125,0.08510638,0.0018501388,0,0,1,0,0
430,-1,0,-0.24825373,0.43825337,0,1,unassigned,17.0,15.0,2.0,0.88235295,0.11764706,0.11764705,0.029013539,0.0034133575,0,0,0,0,0
431,-1,0,-0.20751923,0.44830558,0,1,unassigned,3.0,3.0,0.0,1.0,0.0,0.0,0.001934236,0.0,0,0,0,0,0
432,-1,1,0.5208109,0.62733734,1,1,unassigned,6.0,6.0,0.0,1.0,0.0,0.0,0.007736944,0.0,1,0,0,1,0
433,-1,1,1.7201533,0.84814864,1,1,unassigned,30.0,30.0,0.0,1.0,0.0,0.0,0.054158606,0.0,1,0,0,1,0
434,0,0,-0.93488085,0.28193554,0,0,unassigned,42.0,40.0,2.0,0.95238096,0.04761905,0.047619045,0.07736944,0.003684259,0,0,1,0,0
435,-1,0,-0.73100847,0.32497346,0,1,unassigned,21.0,21.0,0.0,1.0,0.0,0.0,0.036750484,0.0,0,0,0,0,0
436,-1,0,-0.86728215,0.29582012,0,1,unassigned,49.0,48.0,1.0,0.97959185,0.020408163,0.020408154,0.09090909,0.0018552876,0,0,0,0,0
437,-1,0,-0.9512679,0.2786299,0,1,unassigned,21.0,21.0,0.0,1.0,0.0,0.0,0.036750484,0.0,0,0,0,0,0
438,-1,0,-0.75256985,0.3202616,0,1,unassigned,68.0,66.0,2.0,0.9705882,0.029411765,0.029411793,0.12765957,0.0037546933,0,0,0,0,0
439,1,0,-0.8397018,0.3015976,0,1,train,24.0,24.0,0.0,1.0,0.0,0.0,0.04255319,0.0,0,0,0,0,0
440,-1,0,2.5935638,0.9304462,1,1,unassigned,5.0,5.0,0.0,1.0,0.0,0.0,0.0058027077,0.0,0,0,0,1,1
441,-1,1,3.857793,0.979322,1,1,unassigned,12.0,12.0,0.0,1.0,0.0,0.0,0.01934236,0.0,1,0,0,1,1
442,0,0,0.38154417,0.5942455,1,1,unassigned,12.0,12.0,0.0,1.0,0.0,0.0,0.01934236,0.0,0,0,0,1,0
443,-1,0,-0.111979246,0.4720344,0,1,unassigned,3.0,3.0,0.0,1.0,0.0,0.0,0.001934236,0.0,0,0,0,0,0
444,-1,0,-0.16728699,0.45827547,0,1,unassigned,9.0,9.0,0.0,1.0,0.0,0.0,0.013539651,0.0,0,0,0,0,0
445,-1,0,2.274968,0.9067825,1,1,unassigned,18.0,18.0,0.0,1.0,0.0,0.0,0.030947777,0.0,0,0,0,1,1
446,-1,0,-0.509523,0.37530538,0,1,unassigned,25.0,25.0,0.0,1.0,0.0,0.0,0.044487428,0.0,0,0,0,0,0
447,-1,0,0.22403824,0.5557765,1,1,unassigned,12.0,11.0,1.0,0.9166667,0.083333336,0.08333331,0.01934236,0.0016118633,0,0,0,1,0
448,-1,1,0.35302204,0.58735025,1,1,unassigned,6.0,5.0,1.0,0.8333333,0.16666667,0.16666669,0.007736944,0.0012894907,1,0,0,1,0
449,-1,0,0.09923464,0.5247883,1,1,unassigned,13.0,13.0,0.0,1.0,0.0,0.0,0.021276595,0.0,0,0,0,1,0
450,-1,0,-0.80954266,0.30798796,0,1,unassigned,2.0,2.0,0.0,1.0,0.0,0.0,0.0,0.0,0,0,0,0,0
451,-1,0,2.5141845,0.9251302,1,1,unassigned,2.0,2.0,0.0,1.0,0.0,0.0,0.0,0.0,0,0,0,1,1
452,-1,0,0.8563326,0.70189387,1,1,unassigned,6.0,5.0,1.0,0.8333333,0.16666667,0.16666669,0.007736944,0.0012894907,0,0,0,1,0
453,-1,0,-0.45489046,0.38819864,0,1,unassigned,3.0,3.0,0.0,1.0,0.0,0.0,0.001934236,0.0,0,0,0,0,0
454,-1,1,8.978838,0.999874,1,1,unassigned,5.0,4.0,1.0,0.8,0.2,0.19999999,0.0058027077,0.0011605415,1,0,0,1,1
455,-1,0,2.0227566,0.8831657,1,1,unassigned,40.0,35.0,5.0,0.875,0.125,0.125,0.07350097,0.009187621,0,0,0,1,0
456,-1,0,2.1758134,0.89805645,1,1,unassigned,25.0,24.0,1.0,0.96,0.04,0.04000002,0.044487428,0.001779497,0,0,0,1,0
457,-1,1,3.651684,0.9747088,1,1,unassigned,3.0,3.0,0.0,1.0,0.0,0.0,0.001934236,0.0,1,0,0,1,1
458,-1,1,5.0427547,0.9935855,1,1,unassigned,6.0,5.0,1.0,0.8333333,0.16666667,0.16666669,0.007736944,0.0012894907,1,0,0,1,1
459,-1,0,2.2140439,0.90150356,1,1,unassigned,43.0,43.0,0.0,1.0,0.0,0.0,0.079303674,0.0,0,0,0,1,1
460,-1,0,4.249555,0.98593026,1,1,unassigned,4.0,4.0,0.0,1.0,0.0,0.0,0.003868472,0.0,0,0,0,1,1
461,0,0,0.2542451,0.5632211,1,1,unassigned,11.0,11.0,0.0,1.0,0.0,0.0,0.017408123,0.0,0,0,0,1,0
462,-1,1,1.8706138,0.8665292,1,1,unassigned,66.0,65.0,1.0,0.9848485,0.015151516,0.015151501,0.123791106,0.0018756229,1,0,0,1,0
463,0,1,-0.5497011,0.36593375,0,0,train,4.0,4.0,0.0,1.0,0.0,0.0,0.003868472,0.0,1,0,1,0,0
464,-1,0,10.7686405,0.9999789,1,1,unassigned,2.0,2.0,0.0,1.0,0.0,0.0,0.0,0.0,0,0,0,1,1
465,-1,0,-0.5793102,0.35909134,0,1,unassigned,87.0,86.0,1.0,0.9885057,0.011494253,0.011494279,0.16441005,0.0018897707,0,0,0,0,0
466,-1,0,-0.7243355,0.326439,0,1,unassigned,24.0,24.0,0.0,1.0,0.0,0.0,0.04255319,0.0,0,0,0,0,0
467,0,1,-0.050446153,0.48739114,0,0,test,5.0,4.0,1.0,0.8,0.2,0.19999999,0.0058027077,0.0011605415,1,0,1,0,0
468,-1,0,2.1907532,0.899416,1,1,unassigned,2.0,2.0,0.0,1.0,0.0,0.0,0.0,0.0,0,0,0,1,0
469,-1,1,1.7219899,0.8483849,1,1,unassigned,13.0,12.0,1.0,0.9230769,0.07692308,0.07692307,0.021276595,0.0016366612,1,0,0,1,0
470,-1,1,-0.8565469,0.2980613,0,1,unassigned,4.0,4.0,0.0,1.0,0.0,0.0,0.003868472,0.0,1,0,0,0,0
471,-1,1,-0.36663312,0.40935484,0,1,unassigned,6.0,6.0,0.0,1.0,0.0,0.0,0.007736944,0.0,1,0,0,0,0
472,-1,0,-0.74923843,0.32098725,0,1,unassigned,19.0,17.0,2.0,0.8947368,0.10526316,0.10526317,0.032882012,0.0034612645,0,0,0,0,0
473,1,0,-0.77834857,0.31467593,0,1,val,65.0,63.0,2.0,0.9692308,0.03076923,0.030769229,0.12185687,0.003749442,0,0,0,0,0
474,-1,0,-0.49734905,0.37816387,0,1,unassigned,36.0,36.0,0.0,1.0,0.0,0.0,0.065764025,0.0,0,0,0,0,0
475,-1,0,3.7769773,0.97762054,1,1,unassigned,25.0,23.0,2.0,0.92,0.08,0.07999998,0.044487428,0.003558994,0,0,0,1,1
476,-1,1,2.7786505,0.9415111,1,1,unassigned,19.0,19.0,0.0,1.0,0.0,0.0,0.032882012,0.0,1,0,0,1,1
477,1,0,0.6924972,0.6665222,1,0,test,30.0,30.0,0.0,1.0,0.0,0.0,0.054158606,0.0,0,0,1,1,0
478,-1,0,-0.59108824,0.3563852,0,1,unassigned,11.0,11.0,0.0,1.0,0.0,0.0,0.017408123,0.0,0,0,0,0,0
479,-1,0,-0.21884611,0.44550577,0,1,unassigned,22.0,22.0,0.0,1.0,0.0,0.0,0.03868472,0.0,0,0,0,0,0
480,-1,0,0.6547592,0.6580821,1,1,unassigned,5.0,5.0,0.0,1.0,0.0,0.0,0.0058027077,0.0,0,0,0,1,0
481,-1,1,-0.82843506,0.30397606,0,1,unassigned,2.0,1.0,1.0,0.5,0.5,0.5,0.0,0.0,1,0,0,0,0
482,1,0,8.498605,0.99979633,1,0,val,22.0,21.0,1.0,0.95454544,0.045454547,0.04545456,0.03868472,0.0017583964,0,0,1,1,1
483,0,0,0.6569281,0.65857,1,1,unassigned,9.0,9.0,0.0,1.0,0.0,0.0,0.013539651,0.0,0,0,0,1,0
484,0,0,-0.7488435,0.32107335,0,0,unassigned,15.0,15.0,0.0,1.0,0.0,0.0,0.025145067,0.0,0,0,1,0,0
485,-1,0,-0.777786,0.31479725,0,1,unassigned,32.0,29.0,3.0,0.90625,0.09375,0.09375,0.058027077,0.0054400386,0,0,0,0,0
486,-1,0,-0.3859626,0.40468958,0,1,unassigned,14.0,13.0,1.0,0.9285714,0.071428575,0.0714286,0.023210831,0.0016579166,0,0,0,0,0
487,-1,0,-0.50943017,0.37532714,0,1,unassigned,52.0,51.0,1.0,0.9807692,0.01923077,0.019230783,0.0967118,0.0018598423,0,0,0,0,0
488,-1,1,1.4314153,0.8071217,1,1,unassigned,6.0,5.0,1.0,0.8333333,0.16666667,0.16666669,0.007736944,0.0012894907,1,0,0,1,0
489,-1,0,1.5395973,0.8234061,1,1,unassigned,5.0,5.0,0.0,1.0,0.0,0.0,0.0058027077,0.0,0,0,0,1,0
490,-1,0,-0.010657012,0.49733576,0,1,unassigned,6.0,6.0,0.0,1.0,0.0,0.0,0.007736944,0.0,0,0,0,0,0
491,1,0,0.07725853,0.51930505,1,0,unassigned,45.0,43.0,2.0,0.95555556,0.044444446,0.04444444,0.08317215,0.0036965401,0,0,1,1,0
492,1,0,-0.3000852,0.4255367,0,1,test,20.0,18.0,2.0,0.9,0.1,0.100000024,0.034816246,0.0034816246,0,0,0,0,0
493,-1,0,0.117381215,0.52931166,1,1,unassigned,58.0,57.0,1.0,0.98275864,0.01724138,0.017241359,0.10831721,0.0018675381,0,0,0,1,0
494,-1,0,-0.10477975,0.473829,0,1,unassigned,12.0,9.0,3.0,0.75,0.25,0.25,0.01934236,0.00483559,0,0,0,0,0
495,-1,1,-0.4781757,0.382683,0,1,unassigned,10.0,10.0,0.0,1.0,0.0,0.0,0.015473888,0.0,1,0,0,0,0
496,-1,0,-0.09314382,0.47673088,0,1,unassigned,10.0,10.0,0.0,1.0,0.0,0.0,0.015473888,0.0,0,0,0,0,0
497,0,0,-0.20300621,0.44942203,0,0,unassigned,3.0,3.0,0.0,1.0,0.0,0.0,0.001934236,0.0,0,0,1,0,0
498,-1,0,1.8167984,0.8601815,1,1,unassigned,106.0,106.0,0.0,1.0,0.0,0.0,0.20116054,0.0,0,0,0,1,0
499,-1,0,0.4592865,0.6128449,1,1,unassigned,26.0,26.0,0.0,1.0,0.0,0.0,0.046421662,0.0,0,0,0,1,0
500,-1,0,-0.540779,0.36800638,0,1,unassigned,52.0,52.0,0.0,1.0,0.0,0.0,0.0967118,0.0,0,0,0,0,0
501,-1,0,-0.018208861,0.4954479,0,1,unassigned,8.0,7.0,1.0,0.875,0.125,0.125,0.0116054155,0.0014506769,0,0,0,0,0
502,-1,0,-0.7085656,0.32991588,0,1,unassigned,103.0,101.0,2.0,0.98058254,0.019417476,0.019417465,0.19535783,0.003793356,0,0,0,0,0
503,1,1,2.0827196,0.88921225,1,0,unassigned,18.0,17.0,1.0,0.9444444,0.055555556,0.055555582,0.030947777,0.0017193209,1,0,1,1,0
504,-1,0,-0.6158435,0.35072738,0,1,unassigned,10.0,10.0,0.0,1.0,0.0,0.0,0.015473888,0.0,0,0,0,0,0
505,-1,0,3.2890942,0.9640528,1,1,unassigned,84.0,81.0,3.0,0.96428573,0.035714287,0.03571427,0.15860735,0.0056645484,0,0,0,1,1
506,-1,1,-0.7612543,0.318374,0,1,unassigned,59.0,59.0,0.0,1.0,0.0,0.0,0.11025145,0.0,1,0,0,0,0
507,-1,0,-0.9031631,0.28840092,0,1,unassigned,128.0,125.0,3.0,0.9765625,0.0234375,0.0234375,0.24371374,0.0057120407,0,0,0,0,0
508,-1,0,1.1225452,0.7544605,1,1,unassigned,6.0,5.0,1.0,0.8333333,0.16666667,0.16666669,0.007736944,0.0012894907,0,0,0,1,0
509,1,0,-0.77655274,0.31506333,0,1,unassigned,65.0,64.0,1.0,0.9846154,0.015384615,0.0153846145,0.12185687,0.001874721,0,0,0,0,0
510,-1,0,-1.3614972,0.20399708,0,1,unassigned,2.0,2.0,0.0,1.0,0.0,0.0,0.0,0.0,0,0,0,0,0
511,0,0,-0.8369569,0.3021761,0,0,unassigned,4.0,4.0,0.0,1.0,0.0,0.0,0.003868472,0.0,0,0,1,0,0
512,-1,0,-0.17812645,0.45558578,0,1,unassigned,28.0,28.0,0.0,1.0,0.0,0.0,0.050290134,0.0,0,0,0,0,0
513,1,0,0.12010342,0.52998984,1,0,unassigned,13.0,13.0,0.0,1.0,0.0,0.0,0.021276595,0.0,0,0,1,1,0
514,-1,0,-0.7908437,0.31198755,0,1,unassigned,12.0,11.0,1.0,0.9166667,0.083333336,0.08333331,0.01934236,0.0016118633,0,0,0,0,0
515,-1,0,0.40486294,0.5998555,1,1,unassigned,14.0,14.0,0.0,1.0,0.0,0.0,0.023210831,0.0,0,0,0,1,0
516,-1,0,-0.8247509,0.3047561,0,1,unassigned,37.0,36.0,1.0,0.972973,0.027027028,0.02702701,0.06769826,0.0018296828,0,0,0,0,0
517,-1,1,-0.40774474,0.39945304,0,1,unassigned,10.0,10.0,0.0,1.0,0.0,0.0,0.015473888,0.0,1,0,0,0,0
518,-1,1,-0.30790043,0.42362732,0,1,unassigned,5.0,5.0,0.0,1.0,0.0,0.0,0.0058027077,0.0,1,0,0,0,0
519,1,0,1.9803627,0.8787198,1,0,unassigned,46.0,44.0,2.0,0.95652175,0.04347826,0.04347825,0.08510638,0.0037002775,0,0,1,1,0
520,-1,0,-0.3555361,0.41204056,0,1,unassigned,14.0,13.0,1.0,0.9285714,0.071428575,0.0714286,0.023210831,0.0016579166,0,0,0,0,0
521,-1,0,0.41873705,0.603181,1,1,unassigned,50.0,48.0,2.0,0.96,0.04,0.04000002,0.092843324,0.0037137328,0,0,0,1,0
522,-1,1,4.8228908,0.99202067,1,1,unassigned,3.0,3.0,0.0,1.0,0.0,0.0,0.001934236,0.0,1,0,0,1,1
523,1,0,0.68250567,0.6642977,1,0,test,8.0,8.0,0.0,1.0,0.0,0.0,0.0116054155,0.0,0,0,1,1,0
524,0,1,-0.30901322,0.42335564,0,0,val,5.0,5.0,0.0,1.0,0.0,0.0,0.0058027077,0.0,1,0,1,0,0
525,-1,1,-0.803047,0.30937412,0,1,unassigned,9.0,9.0,0.0,1.0,0.0,0.0,0.013539651,0.0,1,0,0,0,0
526,1,0,0.6855448,0.6649751,1,0,unassigned,6.0,6.0,0.0,1.0,0.0,0.0,0.007736944,0.0,0,0,1,1,0
527,-1,0,4.376914,0.98759186,1,1,unassigned,29.0,14.0,15.0,0.4827586,0.51724136,0.51724136,0.05222437,0.027012605,0,0,0,1,1
528,-1,0,-0.64704293,0.3436562,0,1,unassigned,30.0,30.0,0.0,1.0,0.0,0.0,0.054158606,0.0,0,0,0,0,0
529,-1,0,1.0735176,0.7452653,1,1,unassigned,56.0,53.0,3.0,0.9464286,0.05357143,0.053571403,0.10444874,0.0055954685,0,0,0,1,0
530,-1,0,0.1431238,0.53572,1,1,unassigned,31.0,27.0,4.0,0.87096775,0.12903225,0.12903225,0.056092843,0.007237786,0,0,0,1,0
531,-1,0,0.5495884,0.6340401,1,1,unassigned,3.0,3.0,0.0,1.0,0.0,0.0,0.001934236,0.0,0,0,0,1,0
532,-1,0,-0.28705028,0.42872617,0,1,unassigned,74.0,72.0,2.0,0.972973,0.027027028,0.02702701,0.13926499,0.0037639185,0,0,0,0,0
533,-1,0,0.06607735,0.51651335,1,1,unassigned,24.0,24.0,0.0,1.0,0.0,0.0,0.04255319,0.0,0,0,0,1,0
534,-1,0,-0.17562413,0.45620647,0,1,unassigned,18.0,17.0,1.0,0.9444444,0.055555556,0.055555582,0.030947777,0.0017193209,0,0,0,0,0
535,-1,0,0.16119158,0.5402109,1,1,unassigned,3.0,3.0,0.0,1.0,0.0,0.0,0.001934236,0.0,0,0,0,1,0
536,-1,0,0.79050297,0.6879393,1,1,unassigned,2.0,2.0,0.0,1.0,0.0,0.0,0.0,0.0,0,0,0,1,0
537,-1,0,-0.72759616,0.32572246,0,1,unassigned,3.0,3.0,0.0,1.0,0.0,0.0,0.001934236,0.0,0,0,0,0,0
538,-1,0,-0.6107159,0.3518959,0,1,unassigned,139.0,138.0,1.0,0.9928058,0.007194245,0.007194221,0.26499033,0.0019064053,0,0,0,0,0
539,1,0,-0.56190777,0.36310613,0,1,unassigned,159.0,158.0,1.0,0.9937107,0.006289308,0.0062893033,0.30367506,0.0019099059,0,0,0,0,0
540,1,1,1.2303336,0.77387697,1,0,unassigned,18.0,18.0,0.0,1.0,0.0,0.0,0.030947777,0.0,1,0,1,1,0
541,-1,0,0.93173796,0.71742773,1,1,unassigned,82.0,80.0,2.0,0.9756098,0.024390243,0.02439022,0.15473887,0.0037741186,0,0,0,1,0
542,-1,0,-0.50516164,0.3763284,0,1,unassigned,22.0,22.0,0.0,1.0,0.0,0.0,0.03868472,0.0,0,0,0,0,0
543,-1,1,-0.6791923,0.3364416,0,1,unassigned,13.0,13.0,0.0,1.0,0.0,0.0,0.021276595,0.0,1,0,0,0,0
544,-1,1,-0.70769554,0.33010826,0,1,unassigned,4.0,4.0,0.0,1.0,0.0,0.0,0.003868472,0.0,1,0,0,0,0
545,-1,0,1.1397111,0.7576266,1,1,unassigned,69.0,65.0,4.0,0.942029,0.057971016,0.057971,0.1295938,0.0075126844,0,0,0,1,0
546,-1,0,0.092526734,0.52311516,1,1,unassigned,49.0,47.0,2.0,0.9591837,0.040816326,0.040816307,0.09090909,0.0037105752,0,0,0,1,0
547,-1,0,-0.15910017,0.46030867,0,1,unassigned,8.0,8.0,0.0,1.0,0.0,0.0,0.0116054155,0.0,0,0,0,0,0
548,-1,0,-0.699703,0.33187807,0,1,unassigned,2.0,2.0,0.0,1.0,0.0,0.0,0.0,0.0,0,0,0,0,0
549,-1,1,2.4993675,0.9240974,1,1,unassigned,20.0,18.0,2.0,0.9,0.1,0.100000024,0.034816246,0.0034816246,1,0,0,1,1
550,-1,0,0.53320104,0.6302294,1,1,unassigned,127.0,124.0,3.0,0.97637796,0.023622047,0.023622036,0.24177949,0.0057113264,0,0,0,1,0
551,-1,0,0.094533026,0.52361566,1,1,unassigned,45.0,44.0,1.0,0.9777778,0.022222223,0.02222222,0.08317215,0.0018482701,0,0,0,1,0
552,-1,0,-0.7611797,0.3183902,0,1,unassigned,40.0,40.0,0.0,1.0,0.0,0.0,0.07350097,0.0,0,0,0,0,0
553,-1,0,-0.7623929,0.31812698,0,1,unassigned,43.0,43.0,0.0,1.0,0.0,0.0,0.079303674,0.0,0,0,0,0,0
554,-1,0,-0.95045495,0.27879333,0,1,unassigned,27.0,25.0,2.0,0.9259259,0.074074075,0.07407409,0.0483559,0.0035819185,0,0,0,0,0
555,-1,0,1.4943283,0.816727,1,1,unassigned,6.0,5.0,1.0,0.8333333,0.16666667,0.16666669,0.007736944,0.0012894907,0,0,0,1,0
556,0,0,0.11292893,0.52820224,1,1,val,61.0,61.0,0.0,1.0,0.0,0.0,0.114119925,0.0,0,0,0,1,0
557,-1,0,-0.70466584,0.33077857,0,1,unassigned,88.0,86.0,2.0,0.97727275,0.022727273,0.022727251,0.1663443,0.0037805524,0,0,0,0,0
558,-1,0,1.4588299,0.8113536,1,1,unassigned,49.0,49.0,0.0,1.0,0.0,0.0,0.09090909,0.0,0,0,0,1,0
559,-1,0,-0.32506043,0.41944298,0,1,unassigned,46.0,44.0,2.0,0.95652175,0.04347826,0.04347825,0.08510638,0.0037002775,0,0,0,0,0
560,-1,0,3.3030624,0.96453375,1,1,unassigned,11.0,11.0,0.0,1.0,0.0,0.0,0.017408123,0.0,0,0,0,1,1
561,-1,0,0.6453461,0.6559609,1,1,unassigned,16.0,16.0,0.0,1.0,0.0,0.0,0.027079303,0.0,0,0,0,1,0
562,1,0,-0.70860016,0.32990822,0,1,val,125.0,125.0,0.0,1.0,0.0,0.0,0.23791103,0.0,0,0,0,0,0
563,-1,0,-0.002260089,0.49943498,0,1,unassigned,35.0,33.0,2.0,0.94285715,0.057142857,0.057142854,0.06382979,0.0036474164,0,0,0,0,0
564,-1,0,-0.38816744,0.40415853,0,1,unassigned,31.0,31.0,0.0,1.0,0.0,0.0,0.056092843,0.0,0,0,0,0,0
565,-1,0,5.118562,0.9940509,1,1,unassigned,13.0,13.0,0.0,1.0,0.0,0.0,0.021276595,0.0,0,0,0,1,1
566,-1,0,1.1085393,0.7518567,1,1,unassigned,33.0,33.0,0.0,1.0,0.0,0.0,0.059961315,0.0,0,0,0,1,0
567,-1,0,-0.5340466,0.3695736,0,1,unassigned,44.0,44.0,0.0,1.0,0.0,0.0,0.08123791,0.0,0,0,0,0,0
568,0,0,-0.35254532,0.41276532,0,0,unassigned,24.0,24.0,0.0,1.0,0.0,0.0,0.04255319,0.0,0,0,1,0,0
569,-1,0,0.18569261,0.5462902,1,1,unassigned,23.0,22.0,1.0,0.95652175,0.04347826,0.04347825,0.040618956,0.0017660416,0,0,0,1,0
570,-1,0,3.2391255,0.9622804,1,1,unassigned,5.0,5.0,0.0,1.0,0.0,0.0,0.0058027077,0.0,0,0,0,1,1
571,-1,0,-0.7602056,0.31860164,0,1,unassigned,27.0,26.0,1.0,0.962963,0.037037037,0.037037015,0.0483559,0.0017909593,0,0,0,0,0
572,-1,0,0.6675212,0.6609479,1,1,unassigned,32.0,32.0,0.0,1.0,0.0,0.0,0.058027077,0.0,0,0,0,1,0
573,-1,0,-0.5194476,0.37298143,0,1,unassigned,4.0,4.0,0.0,1.0,0.0,0.0,0.003868472,0.0,0,0,0,0,0
574,-1,0,1.0062778,0.73229104,1,1,unassigned,25.0,25.0,0.0,1.0,0.0,0.0,0.044487428,0.0,0,0,0,1,0
575,-1,0,-0.78206015,0.31387606,0,1,unassigned,61.0,59.0,2.0,0.9672131,0.032786883,0.032786906,0.114119925,0.0037416366,0,0,0,0,0
576,-1,0,-0.13687116,0.46583554,0,1,unassigned,33.0,33.0,0.0,1.0,0.0,0.0,0.059961315,0.0,0,0,0,0,0
577,-1,1,-0.08808908,0.47799197,0,1,unassigned,3.0,3.0,0.0,1.0,0.0,0.0,0.001934236,0.0,1,0,0,0,0
578,-1,0,-0.32280865,0.41999143,0,1,unassigned,42.0,42.0,0.0,1.0,0.0,0.0,0.07736944,0.0,0,0,0,0,0
579,-1,0,-0.8915267,0.29079488,0,1,unassigned,148.0,146.0,2.0,0.9864865,0.013513514,0.013513505,0.28239846,0.0038161955,0,0,0,0,0
580,-1,0,-0.8048891,0.30898067,0,1,unassigned,2.0,2.0,0.0,1.0,0.0,0.0,0.0,0.0,0,0,0,0,0
581,-1,0,-0.43379432,0.39322066,0,1,unassigned,17.0,17.0,0.0,1.0,0.0,0.0,0.029013539,0.0,0,0,0,0,0
582,-1,0,0.410955,0.6013168,1,1,unassigned,18.0,18.0,0.0,1.0,0.0,0.0,0.030947777,0.0,0,0,0,1,0
583,-1,1,2.350976,0.9130118,1,1,unassigned,2.0,2.0,0.0,1.0,0.0,0.0,0.0,0.0,1,0,0,1,1
584,-1,0,-0.7347981,0.32414272,0,1,unassigned,105.0,103.0,2.0,0.9809524,0.01904762,0.019047618,0.1992263,0.003794787,0,0,0,0,0
585,-1,0,-0.49650204,0.37836307,0,1,unassigned,45.0,45.0,0.0,1.0,0.0,0.0,0.08317215,0.0,0,0,0,0,0
586,-1,0,-0.45075706,0.38918078,0,1,unassigned,12.0,12.0,0.0,1.0,0.0,0.0,0.01934236,0.0,0,0,0,0,0
587,-1,0,0.62645155,0.6516844,1,1,unassigned,8.0,7.0,1.0,0.875,0.125,0.125,0.0116054155,0.0014506769,0,0,0,1,0
588,-1,0,-0.70763874,0.3301208,0,1,unassigned,113.0,111.0,2.0,0.9823009,0.017699115,0.017699122,0.21470019,0.0038000033,0,0,0,0,0
589,-1,0,-0.652832,0.34235165,0,1,unassigned,102.0,102.0,0.0,1.0,0.0,0.0,0.1934236,0.0,0,0,0,0,0
590,0,0,-0.6581415,0.3411572,0,0,unassigned,3.0,3.0,0.0,1.0,0.0,0.0,0.001934236,0.0,0,0,1,0,0
591,-1,0,-0.34759334,0.41396612,0,1,unassigned,81.0,81.0,0.0,1.0,0.0,0.0,0.15280464,0.0,0,0,0,0,0
592,-1,0,-0.7234637,0.3266307,0,1,unassigned,38.0,38.0,0.0,1.0,0.0,0.0,0.06963249,0.0,0,0,0,0,0
593,-1,0,1.4613054,0.81173223,1,1,unassigned,37.0,35.0,2.0,0.9459459,0.054054055,0.05405408,0.06769826,0.0036593657,0,0,0,1,0
594,-1,0,-0.48661456,0.3806914,0,1,unassigned,45.0,43.0,2.0,0.95555556,0.044444446,0.04444444,0.08317215,0.0036965401,0,0,0,0,0
595,-1,0,0.012514234,0.5031285,1,1,unassigned,42.0,42.0,0.0,1.0,0.0,0.0,0.07736944,0.0,0,0,0,1,0
596,-1,0,-0.5072156,0.37584648,0,1,unassigned,4.0,4.0,0.0,1.0,0.0,0.0,0.003868472,0.0,0,0,0,0,0
597,-1,0,0.71023244,0.67045254,1,1,unassigned,2.0,2.0,0.0,1.0,0.0,0.0,0.0,0.0,0,0,0,1,0
598,-1,0,-0.86593115,0.29610166,0,1,unassigned,18.0,18.0,0.0,1.0,0.0,0.0,0.030947777,0.0,0,0,0,0,0
599,-1,0,-0.37137333,0.4082092,0,1,unassigned,27.0,26.0,1.0,0.962963,0.037037037,0.037037015,0.0483559,0.0017909593,0,0,0,0,0
600,-1,0,-0.66098416,0.34051856,0,1,unassigned,177.0,177.0,0.0,1.0,0.0,0.0,0.3384913,0.0,0,0,0,0,0
601,-1,0,-0.69625306,0.33264348,0,1,unassigned,7.0,2.0,5.0,0.2857143,0.71428573,0.71428573,0.00967118,0.0069079855,0,0,0,0,0
602,-1,0,-0.56926274,0.36140695,0,1,unassigned,7.0,6.0,1.0,0.85714287,0.14285715,0.14285713,0.00967118,0.0013815971,0,0,0,0,0
603,-1,0,-0.6058617,0.35300377,0,1,unassigned,29.0,29.0,0.0,1.0,0.0,0.0,0.05222437,0.0,0,0,0,0,0
604,-1,0,-0.7281701,0.32559642,0,1,unassigned,26.0,26.0,0.0,1.0,0.0,0.0,0.046421662,0.0,0,0,0,0,0
605,0,0,-0.7746028,0.31548426,0,0,unassigned,71.0,71.0,0.0,1.0,0.0,0.0,0.13346228,0.0,0,0,1,0,0
606,-1,0,-0.01085031,0.49728745,0,1,unassigned,29.0,29.0,0.0,1.0,0.0,0.0,0.05222437,0.0,0,0,0,0,0
607,1,0,-0.32450408,0.41957846,0,1,val,41.0,41.0,0.0,1.0,0.0,0.0,0.07543521,0.0,0,0,0,0,0
608,-1,0,-0.3133873,0.42228815,0,1,unassigned,10.0,7.0,3.0,0.7,0.3,0.3,0.015473888,0.0046421667,0,0,0,0,0
609,-1,0,0.06703663,0.5167529,1,1,unassigned,15.0,15.0,0.0,1.0,0.0,0.0,0.025145067,0.0,0,0,0,1,0
610,-1,0,1.0762384,0.7457815,1,1,unassigned,19.0,19.0,0.0,1.0,0.0,0.0,0.032882012,0.0,0,0,0,1,0
611,-1,0,-0.4968442,0.37828258,0,1,unassigned,24.0,22.0,2.0,0.9166667,0.083333336,0.08333331,0.04255319,0.0035460992,0,0,0,0,0
612,0,0,-0.847894,0.29987484,0,0,unassigned,94.0,91.0,3.0,0.9680851,0.031914894,0.03191489,0.17794971,0.005679246,0,0,1,0,0
613,1,0,0.96535736,0.72419316,1,0,unassigned,19.0,19.0,0.0,1.0,0.0,0.0,0.032882012,0.0,0,0,1,1,0
614,-1,1,0.849685,0.700501,1,1,unassigned,3.0,3.0,0.0,1.0,0.0,0.0,0.001934236,0.0,1,0,0,1,0
615,-1,0,0.18956095,0.54724884,1,1,unassigned,11.0,11.0,0.0,1.0,0.0,0.0,0.017408123,0.0,0,0,0,1,0
616,-1,0,0.100479364,0.52509874,1,1,unassigned,18.0,18.0,0.0,1.0,0.0,0.0,0.030947777,0.0,0,0,0,1,0
617,-1,0,2.4982994,0.9240225,1,1,unassigned,5.0,5.0,0.0,1.0,0.0,0.0,0.0058027077,0.0,0,0,0,1,1
618,-1,0,-0.69051695,0.3339181,0,1,unassigned,159.0,159.0,0.0,1.0,0.0,0.0,0.30367506,0.0,0,0,0,0,0
619,-1,0,1.1137528,0.75282806,1,1,unassigned,16.0,16.0,0.0,1.0,0.0,0.0,0.027079303,0.0,0,0,0,1,0
620,-1,0,-0.18255937,0.4544865,0,1,unassigned,14.0,14.0,0.0,1.0,0.0,0.0,0.023210831,0.0,0,0,0,0,0
621,-1,0,0.010518134,0.5026295,1,1,unassigned,12.0,12.0,0.0,1.0,0.0,0.0,0.01934236,0.0,0,0,0,1,0
622,1,0,0.68262583,0.66432446,1,0,val,63.0,63.0,0.0,1.0,0.0,0.0,0.11798839,0.0,0,0,1,1,0
623,1,0,0.6104067,0.64803356,1,0,unassigned,30.0,30.0,0.0,1.0,0.0,0.0,0.054158606,0.0,0,0,1,1,0
624,1,0,4.013772,0.98225546,1,0,train,8.0,7.0,1.0,0.875,0.125,0.125,0.0116054155,0.0014506769,0,0,1,1,1
625,-1,0,-0.36248392,0.4103584,0,1,unassigned,15.0,15.0,0.0,1.0,0.0,0.0,0.025145067,0.0,0,0,0,0,0
626,-1,0,1.6146886,0.83406126,1,1,unassigned,2.0,2.0,0.0,1.0,0.0,0.0,0.0,0.0,0,0,0,1,0
627,1,0,-0.23624128,0.4412128,0,1,unassigned,119.0,117.0,2.0,0.9831933,0.016806724,0.016806722,0.2263056,0.0038034557,0,0,0,0,0
628,-1,0,0.30141276,0.57478786,1,1,unassigned,35.0,35.0,0.0,1.0,0.0,0.0,0.06382979,0.0,0,0,0,1,0
629,-1,0,-0.28656656,0.42884466,0,1,unassigned,16.0,15.0,1.0,0.9375,0.0625,0.0625,0.027079303,0.0016924564,0,0,0,0,0
630,0,0,-0.42142266,0.39617637,0,0,unassigned,21.0,21.0,0.0,1.0,0.0,0.0,0.036750484,0.0,0,0,1,0,0
631,-1,0,-0.886263,0.29188162,0,1,unassigned,63.0,63.0,0.0,1.0,0.0,0.0,0.11798839,0.0,0,0,0,0,0
632,1,0,0.021720171,0.50542986,1,0,train,3.0,3.0,0.0,1.0,0.0,0.0,0.001934236,0.0,0,0,1,1,0
633,-1,1,0.78625876,0.68702745,1,1,unassigned,52.0,47.0,5.0,0.90384614,0.09615385,0.096153855,0.0967118,0.009299211,1,0,0,1,0
634,-1,0,-0.7897362,0.3122253,0,1,unassigned,109.0,109.0,0.0,1.0,0.0,0.0,0.20696326,0.0,0,0,0,0,0
635,0,0,-0.64984024,0.34302554,0,0,unassigned,15.0,15.0,0.0,1.0,0.0,0.0,0.025145067,0.0,0,0,1,0,0
636,-1,0,1.0598783,0.74266726,1,1,unassigned,40.0,40.0,0.0,1.0,0.0,0.0,0.07350097,0.0,0,0,0,1,0
637,-1,0,2.4935095,0.9236855,1,1,unassigned,65.0,61.0,4.0,0.93846154,0.06153846,0.061538458,0.12185687,0.007498884,0,0,0,1,1
638,-1,0,0.04235488,0.51058716,1,1,unassigned,63.0,61.0,2.0,0.96825397,0.031746034,0.03174603,0.11798839,0.0037456634,0,0,0,1,0
639,-1,0,4.4802604,0.9887965,1,1,unassigned,3.0,3.0,0.0,1.0,0.0,0.0,0.001934236,0.0,0,0,0,1,1
640,-1,1,4.2104664,0.98537755,1,1,unassigned,5.0,2.0,3.0,0.4,0.6,0.6,0.0058027077,0.0034816249,1,0,0,1,1
641,-1,0,0.3596452,0.58895457,1,1,unassigned,3.0,3.0,0.0,1.0,0.0,0.0,0.001934236,0.0,0,0,0,1,0
642,0,0,-0.093966454,0.47652566,0,0,unassigned,19.0,19.0,0.0,1.0,0.0,0.0,0.032882012,0.0,0,0,1,0,0
643,-1,0,0.10657686,0.526619,1,1,unassigned,9.0,9.0,0.0,1.0,0.0,0.0,0.013539651,0.0,0,0,0,1,0
644,-1,0,4.136575,0.9842738,1,1,unassigned,6.0,5.0,1.0,0.8333333,0.16666667,0.16666669,0.007736944,0.0012894907,0,0,0,1,1
645,-1,0,-0.6328818,0.34685737,0,1,unassigned,32.0,32.0,0.0,1.0,0.0,0.0,0.058027077,0.0,0,0,0,0,0
646,-1,1,0.2522822,0.5627381,1,1,unassigned,24.0,23.0,1.0,0.9583333,0.041666668,0.041666687,0.04255319,0.0017730496,1,0,0,1,0
647,0,0,-0.17728174,0.4557953,0,0,unassigned,28.0,28.0,0.0,1.0,0.0,0.0,0.050290134,0.0,0,0,1,0,0
648,-1,0,0.34498167,0.5854001,1,1,unassigned,5.0,5.0,0.0,1.0,0.0,0.0,0.0058027077,0.0,0,0,0,1,0
649,-1,0,-0.9743197,0.27402034,0,1,unassigned,5.0,5.0,0.0,1.0,0.0,0.0,0.0058027077,0.0,0,0,0,0,0
650,-1,0,-0.7673101,0.31706128,0,1,unassigned,27.0,27.0,0.0,1.0,0.0,0.0,0.0483559,0.0,0,0,0,0,0
651,-1,1,-0.3865705,0.40454313,0,1,unassigned,42.0,39.0,3.0,0.9285714,0.071428575,0.0714286,0.07736944,0.0055263885,1,0,0,0,0
652,-1,0,-0.19142365,0.4522897,0,1,unassigned,5.0,5.0,0.0,1.0,0.0,0.0,0.0058027077,0.0,0,0,0,0,0
653,-1,1,0.9339126,0.7178684,1,1,unassigned,44.0,42.0,2.0,0.95454544,0.045454547,0.04545456,0.08123791,0.0036926325,1,0,0,1,0
654,-1,0,3.0188057,0.9534166,1,1,unassigned,17.0,17.0,0.0,1.0,0.0,0.0,0.029013539,0.0,0,0,0,1,1
655,-1,0,-0.43660337,0.39255062,0,1,unassigned,5.0,5.0,0.0,1.0,0.0,0.0,0.0058027077,0.0,0,0,0,0,0
656,-1,0,2.3925169,0.91625494,1,1,unassigned,8.0,8.0,0.0,1.0,0.0,0.0,0.0116054155,0.0,0,0,0,1,1
657,-1,0,-0.6799128,0.33628073,0,1,unassigned,6.0,6.0,0.0,1.0,0.0,0.0,0.007736944,0.0,0,0,0,0,0
658,-1,0,0.17897582,0.5446249,1,1,unassigned,3.0,2.0,1.0,0.6666667,0.33333334,0.3333333,0.001934236,0.00064474536,0,0,0,1,0
659,-1,0,-0.8733543,0.2945568,0,1,unassigned,52.0,51.0,1.0,0.9807692,0.01923077,0.019230783,0.0967118,0.0018598423,0,0,0,0,0
660,-1,1,6.4732623,0.99845815,1,1,unassigned,2.0,2.0,0.0,1.0,0.0,0.0,0.0,0.0,1,0,0,1,1
661,-1,0,2.219414,0.90197945,1,1,unassigned,2.0,2.0,0.0,1.0,0.0,0.0,0.0,0.0,0,0,0,1,1
662,0,0,0.74228245,0.67749476,1,1,val,8.0,8.0,0.0,1.0,0.0,0.0,0.0116054155,0.0,0,0,0,1,0
663,-1,0,-0.91113144,0.28676835,0,1,unassigned,17.0,17.0,0.0,1.0,0.0,0.0,0.029013539,0.0,0,0,0,0,0
664,-1,1,1.177927,0.7645749,1,1,unassigned,5.0,4.0,1.0,0.8,0.2,0.19999999,0.0058027077,0.0011605415,1,0,0,1,0
665,0,0,-0.5059448,0.37614465,0,0,test,77.0,77.0,0.0,1.0,0.0,0.0,0.14506769,0.0,0,0,1,0,0
666,-1,0,-0.60761434,0.35260358,0,1,unassigned,20.0,20.0,0.0,1.0,0.0,0.0,0.034816246,0.0,0,0,0,0,0
667,1,0,-0.11092153,0.47229803,0,1,unassigned,12.0,10.0,2.0,0.8333333,0.16666667,0.16666669,0.01934236,0.0032237265,0,0,0,0,0
668,-1,0,-0.66976297,0.33854994,0,1,unassigned,67.0,56.0,11.0,0.8358209,0.1641791,0.16417909,0.12572534,0.020641474,0,0,0,0,0
669,-1,0,-1.0216777,0.26470074,0,1,unassigned,8.0,8.0,0.0,1.0,0.0,0.0,0.0116054155,0.0,0,0,0,0,0
670,-1,0,-0.36853713,0.40889454,0,1,unassigned,10.0,10.0,0.0,1.0,0.0,0.0,0.015473888,0.0,0,0,0,0,0
671,-1,0,4.2388053,0.9857803,1,1,unassigned,3.0,3.0,0.0,1.0,0.0,0.0,0.001934236,0.0,0,0,0,1,1
672,-1,1,1.7103541,0.8468822,1,1,unassigned,23.0,21.0,2.0,0.9130435,0.08695652,0.0869565,0.040618956,0.0035320832,1,0,0,1,0
673,-1,0,-0.24477947,0.43910888,0,1,unassigned,2.0,2.0,0.0,1.0,0.0,0.0,0.0,0.0,0,0,0,0,0
674,-1,0,0.6551743,0.6581755,1,1,unassigned,26.0,25.0,1.0,0.96153843,0.03846154,0.038461566,0.046421662,0.0017854486,0,0,0,1,0
675,-1,0,0.6056996,0.6469592,1,1,unassigned,10.0,10.0,0.0,1.0,0.0,0.0,0.015473888,0.0,0,0,0,1,0
676,-1,1,3.7128136,0.97617286,1,1,unassigned,3.0,3.0,0.0,1.0,0.0,0.0,0.001934236,0.0,1,0,0,1,1
677,-1,0,-0.524003,0.37191668,0,1,unassigned,21.0,21.0,0.0,1.0,0.0,0.0,0.036750484,0.0,0,0,0,0,0
678,-1,0,-0.3208574,0.4204668,0,1,unassigned,4.0,4.0,0.0,1.0,0.0,0.0,0.003868472,0.0,0,0,0,0,0
679,-1,0,0.8646806,0.7036376,1,1,unassigned,6.0,5.0,1.0,0.8333333,0.16666667,0.16666669,0.007736944,0.0012894907,0,0,0,1,0
680,-1,1,-0.32908162,0.4184641,0,1,unassigned,3.0,3.0,0.0,1.0,0.0,0.0,0.001934236,0.0,1,0,0,0,0
681,-1,1,2.9635885,0.95090175,1,1,unassigned,12.0,8.0,4.0,0.6666667,0.33333334,0.3333333,0.01934236,0.006447453,1,0,0,1,1
682,1,1,-0.1919868,0.45215017,0,1,unassigned,12.0,11.0,1.0,0.9166667,0.083333336,0.08333331,0.01934236,0.0016118633,1,0,0,0,0
683,-1,0,0.83561593,0.69754106,1,1,unassigned,18.0,18.0,0.0,1.0,0.0,0.0,0.030947777,0.0,0,0,0,1,0
684,-1,1,0.054250956,0.5135594,1,1,unassigned,7.0,7.0,0.0,1.0,0.0,0.0,0.00967118,0.0,1,0,0,1,0
685,-1,0,-0.3302942,0.41816902,0,1,unassigned,41.0,41.0,0.0,1.0,0.0,0.0,0.07543521,0.0,0,0,0,0,0
686,-1,0,-0.7497531,0.32087508,0,1,unassigned,84.0,84.0,0.0,1.0,0.0,0.0,0.15860735,0.0,0,0,0,0,0
687,-1,0,-0.48032242,0.382176,0,1,unassigned,3.0,3.0,0.0,1.0,0.0,0.0,0.001934236,0.0,0,0,0,0,0
688,-1,0,-0.2405535,0.44014993,0,1,unassigned,10.0,9.0,1.0,0.9,0.1,0.100000024,0.015473888,0.0015473888,0,0,0,0,0
689,-1,0,-0.9028281,0.28846967,0,1,unassigned,43.0,43.0,0.0,1.0,0.0,0.0,0.079303674,0.0,0,0,0,0,0
690,0,0,-0.5241607,0.37187985,0,0,val,4.0,3.0,1.0,0.75,0.25,0.25,0.003868472,0.000967118,0,0,1,0,0
691,-1,0,0.04640454,0.51159906,1,1,unassigned,32.0,32.0,0.0,1.0,0.0,0.0,0.058027077,0.0,0,0,0,1,0
692,-1,0,3.5310247,0.9715577,1,1,unassigned,5.0,5.0,0.0,1.0,0.0,0.0,0.0058027077,0.0,0,0,0,1,1
693,-1,0,0.52182573,0.62757456,1,1,unassigned,27.0,27.0,0.0,1.0,0.0,0.0,0.0483559,0.0,0,0,0,1,0
694,-1,0,-0.16215023,0.45955104,0,1,unassigned,19.0,18.0,1.0,0.94736844,0.05263158,0.052631557,0.032882012,0.0017306323,0,0,0,0,0
695,1,0,1.483711,0.81513244,1,0,test,12.0,12.0,0.0,1.0,0.0,0.0,0.01934236,0.0,0,0,1,1,0
696,-1,0,0.8352192,0.6974574,1,1,unassigned,23.0,23.0,0.0,1.0,0.0,0.0,0.040618956,0.0,0,0,0,1,0
697,-1,0,2.9236128,0.94900143,1,1,unassigned,7.0,7.0,0.0,1.0,0.0,0.0,0.00967118,0.0,0,0,0,1,1
698,-1,0,0.6993243,0.66803795,1,1,unassigned,33.0,32.0,1.0,0.969697,0.030303031,0.030303001,0.059961315,0.0018170096,0,0,0,1,0
699,-1,0,1.5003362,0.8176246,1,1,unassigned,36.0,36.0,0.0,1.0,0.0,0.0,0.065764025,0.0,0,0,0,1,0
700,-1,0,0.12421852,0.53101474,1,1,unassigned,5.0,5.0,0.0,1.0,0.0,0.0,0.0058027077,0.0,0,0,0,1,0
701,-1,1,-0.49615863,0.37844384,0,1,unassigned,24.0,23.0,1.0,0.9583333,0.041666668,0.041666687,0.04255319,0.0017730496,1,0,0,0,0
702,-1,0,0.8828612,0.7074148,1,1,unassigned,2.0,2.0,0.0,1.0,0.0,0.0,0.0,0.0,0,0,0,1,0
703,-1,0,-0.63958883,0.34533948,0,1,unassigned,19.0,18.0,1.0,0.94736844,0.05263158,0.052631557,0.032882012,0.0017306323,0,0,0,0,0
704,1,0,2.2616987,0.90565485,1,0,unassigned,11.0,1.0,10.0,0.09090909,0.90909094,0.9090909,0.017408123,0.015825568,0,0,1,1,1
705,-1,1,-0.76672506,0.31718796,0,1,unassigned,40.0,40.0,0.0,1.0,0.0,0.0,0.07350097,0.0,1,0,0,0,0
706,-1,1,-0.6272475,0.34813493,0,1,unassigned,11.0,11.0,0.0,1.0,0.0,0.0,0.017408123,0.0,1,0,0,0,0
707,1,0,0.9349845,0.7180854,1,0,test,42.0,38.0,4.0,0.9047619,0.0952381,0.09523809,0.07736944,0.007368518,0,0,1,1,0
708,-1,0,1.6763518,0.8424209,1,1,unassigned,10.0,10.0,0.0,1.0,0.0,0.0,0.015473888,0.0,0,0,0,1,0
709,-1,0,2.2540672,0.9050008,1,1,unassigned,4.0,3.0,1.0,0.75,0.25,0.25,0.003868472,0.000967118,0,0,0,1,1
710,-1,0,2.7774456,0.94144475,1,1,unassigned,3.0,2.0,1.0,0.6666667,0.33333334,0.3333333,0.001934236,0.00064474536,0,0,0,1,1
711,-1,1,1.2831612,0.7829874,1,1,unassigned,50.0,39.0,11.0,0.78,0.22,0.22000003,0.092843324,0.020425532,1,0,0,1,0
712,-1,0,4.301164,0.9866284,1,1,unassigned,3.0,3.0,0.0,1.0,0.0,0.0,0.001934236,0.0,0,0,0,1,1
713,-1,0,9.8156595,0.9999454,1,1,unassigned,2.0,2.0,0.0,1.0,0.0,0.0,0.0,0.0,0,0,0,1,1
714,1,0,3.4036648,0.9678189,1,0,unassigned,2.0,2.0,0.0,1.0,0.0,0.0,0.0,0.0,0,0,1,1,1
715,-1,0,-0.21645328,0.44609696,0,1,unassigned,113.0,111.0,2.0,0.9823009,0.017699115,0.017699122,0.21470019,0.0038000033,0,0,0,0,0
716,-1,0,0.97464544,0.7260445,1,1,unassigned,17.0,16.0,1.0,0.9411765,0.05882353,0.058823526,0.029013539,0.0017066788,0,0,0,1,0
717,-1,1,1.5577652,0.82603246,1,1,unassigned,7.0,7.0,0.0,1.0,0.0,0.0,0.00967118,0.0,1,0,0,1,0
718,-1,0,-0.5448236,0.3670662,0,1,unassigned,67.0,66.0,1.0,0.98507464,0.014925373,0.014925361,0.12572534,0.0018764976,0,0,0,0,0
719,-1,0,2.2085752,0.9010169,1,1,unassigned,2.0,2.0,0.0,1.0,0.0,0.0,0.0,0.0,0,0,0,1,1
720,-1,0,-0.7007215,0.33165228,0,1,unassigned,20.0,18.0,2.0,0.9,0.1,0.100000024,0.034816246,0.0034816246,0,0,0,0,0
721,-1,0,0.4217649,0.6039055,1,1,unassigned,3.0,3.0,0.0,1.0,0.0,0.0,0.001934236,0.0,0,0,0,1,0
722,-1,0,2.07544,0.88849306,1,1,unassigned,42.0,40.0,2.0,0.95238096,0.04761905,0.047619045,0.07736944,0.003684259,0,0,0,1,0
723,-1,0,-0.33541518,0.4169236,0,1,unassigned,26.0,23.0,3.0,0.88461536,0.115384616,0.11538464,0.046421662,0.005356346,0,0,0,0,0
724,-1,0,0.34171742,0.58460766,1,1,unassigned,3.0,3.0,0.0,1.0,0.0,0.0,0.001934236,0.0,0,0,0,1,0
725,-1,0,1.3979795,0.8018631,1,1,unassigned,4.0,4.0,0.0,1.0,0.0,0.0,0.003868472,0.0,0,0,0,1,0
726,-1,0,-0.4744183,0.38357103,0,1,unassigned,39.0,38.0,1.0,0.974359,0.025641026,0.025641024,0.07156673,0.0018350444,0,0,0,0,0
727,-1,0,20.004963,1.0,1,1,unassigned,16.0,11.0,5.0,0.6875,0.3125,0.3125,0.027079303,0.008462282,0,0,0,1,1
728,-1,0,-0.93380666,0.28215307,0,1,unassigned,49.0,47.0,2.0,0.9591837,0.040816326,0.040816307,0.09090909,0.0037105752,0,0,0,0,0
729,-1,0,0.9505337,0.72122246,1,1,unassigned,7.0,3.0,4.0,0.42857143,0.5714286,0.57142854,0.00967118,0.0055263885,0,0,0,1,0
730,-1,0,3.5139077,0.97108096,1,1,unassigned,6.0,5.0,1.0,0.8333333,0.16666667,0.16666669,0.007736944,0.0012894907,0,0,0,1,1
731,-1,0,-0.15309995,0.4617996,0,1,unassigned,3.0,3.0,0.0,1.0,0.0,0.0,0.001934236,0.0,0,0,0,0,0
732,-1,0,2.79441,0.94237304,1,1,unassigned,11.0,10.0,1.0,0.90909094,0.09090909,0.090909064,0.017408123,0.0015825568,0,0,0,1,1
733,-1,1,3.8287508,0.9787257,1,1,unassigned,21.0,19.0,2.0,0.9047619,0.0952381,0.09523809,0.036750484,0.0035000462,1,0,0,1,1
734,0,0,0.20943767,0.55216885,1,1,unassigned,11.0,11.0,0.0,1.0,0.0,0.0,0.017408123,0.0,0,0,0,1,0
735,-1,0,0.5987014,0.64535916,1,1,unassigned,15.0,15.0,0.0,1.0,0.0,0.0,0.025145067,0.0,0,0,0,1,0
736,-1,1,-0.5401256,0.36815834,0,1,unassigned,108.0,99.0,9.0,0.9166667,0.083333336,0.08333331,0.20502901,0.017085752,1,0,0,0,0
737,-1,1,-0.7378825,0.32346737,0,1,unassigned,8.0,7.0,1.0,0.875,0.125,0.125,0.0116054155,0.0014506769,1,0,0,0,0
738,-1,0,-0.8307882,0.30347842,0,1,unassigned,22.0,22.0,0.0,1.0,0.0,0.0,0.03868472,0.0,0,0,0,0,0
739,-1,1,4.7793665,0.9916687,1,1,unassigned,3.0,3.0,0.0,1.0,0.0,0.0,0.001934236,0.0,1,0,0,1,1
740,-1,1,2.3490183,0.9128562,1,1,unassigned,2.0,2.0,0.0,1.0,0.0,0.0,0.0,0.0,1,0,0,1,1
741,-1,0,0.07144576,0.51785386,1,1,unassigned,19.0,19.0,0.0,1.0,0.0,0.0,0.032882012,0.0,0,0,0,1,0
742,-1,0,-0.22324848,0.44441855,0,1,unassigned,6.0,6.0,0.0,1.0,0.0,0.0,0.007736944,0.0,0,0,0,0,0
743,1,0,-0.79250896,0.3116302,0,1,val,2.0,2.0,0.0,1.0,0.0,0.0,0.0,0.0,0,0,0,0,0
744,-1,0,0.087468326,0.52185315,1,1,unassigned,18.0,18.0,0.0,1.0,0.0,0.0,0.030947777,0.0,0,0,0,1,0
745,-1,0,-0.1828548,0.4544132,0,1,unassigned,12.0,12.0,0.0,1.0,0.0,0.0,0.01934236,0.0,0,0,0,0,0
746,-1,0,17.191502,1.0,1,1,unassigned,3.0,3.0,0.0,1.0,0.0,0.0,0.001934236,0.0,0,0,0,1,1
747,-1,0,4.4307027,0.9882339,1,1,unassigned,2.0,2.0,0.0,1.0,0.0,0.0,0.0,0.0,0,0,0,1,1
748,-1,0,1.4715664,0.81329536,1,1,unassigned,4.0,3.0,1.0,0.75,0.25,0.25,0.003868472,0.000967118,0,0,0,1,0
749,-1,0,-0.8511155,0.2991989,0,1,unassigned,82.0,78.0,4.0,0.9512195,0.048780486,0.0487805,0.15473887,0.007548237,0,0,0,0,0
750,1,0,3.84076,0.97897434,1,0,test,4.0,4.0,0.0,1.0,0.0,0.0,0.003868472,0.0,0,0,1,1,1
751,-1,0,0.1767019,0.5440609,1,1,unassigned,4.0,4.0,0.0,1.0,0.0,0.0,0.003868472,0.0,0,0,0,1,0
752,-1,0,-0.11256841,0.4718876,0,1,unassigned,4.0,4.0,0.0,1.0,0.0,0.0,0.003868472,0.0,0,0,0,0,0
753,1,0,9.256342,0.9999045,1,0,train,2.0,2.0,0.0,1.0,0.0,0.0,0.0,0.0,0,0,1,1,1
754,-1,0,-0.92197824,0.284555,0,1,unassigned,69.0,68.0,1.0,0.98550725,0.014492754,0.01449275,0.1295938,0.0018781711,0,0,0,0,0
755,-1,0,-0.48060596,0.38210905,0,1,unassigned,54.0,54.0,0.0,1.0,0.0,0.0,0.10058027,0.0,0,0,0,0,0
756,-1,0,2.154802,0.8961167,1,1,unassigned,5.0,3.0,2.0,0.6,0.4,0.39999998,0.0058027077,0.002321083,0,0,0,1,0
757,-1,0,-0.29736882,0.4262008,0,1,unassigned,2.0,2.0,0.0,1.0,0.0,0.0,0.0,0.0,0,0,0,0,0
758,-1,0,-0.41556233,0.39757913,0,1,unassigned,56.0,53.0,3.0,0.9464286,0.05357143,0.053571403,0.10444874,0.0055954685,0,0,0,0,0
759,-1,0,0.48099488,0.61798275,1,1,unassigned,31.0,30.0,1.0,0.9677419,0.032258064,0.032258093,0.056092843,0.0018094465,0,0,0,1,0
760,-1,0,0.23448288,0.5583536,1,1,unassigned,6.0,6.0,0.0,1.0,0.0,0.0,0.007736944,0.0,0,0,0,1,0
761,-1,0,5.1829934,0.9944201,1,1,unassigned,24.0,24.0,0.0,1.0,0.0,0.0,0.04255319,0.0,0,0,0,1,1
762,-1,0,0.3457718,0.58559185,1,1,unassigned,10.0,10.0,0.0,1.0,0.0,0.0,0.015473888,0.0,0,0,0,1,0
763,-1,0,6.502057,0.9985019,1,1,unassigned,4.0,4.0,0.0,1.0,0.0,0.0,0.003868472,0.0,0,0,0,1,1
764,-1,1,1.8399284,0.8629402,1,1,unassigned,5.0,5.0,0.0,1.0,0.0,0.0,0.0058027077,0.0,1,0,0,1,0
765,-1,0,-0.5275827,0.37108088,0,1,unassigned,34.0,34.0,0.0,1.0,0.0,0.0,0.061895553,0.0,0,0,0,0,0
766,-1,0,-0.32009953,0.42065147,0,1,unassigned,29.0,29.0,0.0,1.0,0.0,0.0,0.05222437,0.0,0,0,0,0,0
767,-1,1,1.7409058,0.85080206,1,1,unassigned,6.0,6.0,0.0,1.0,0.0,0.0,0.007736944,0.0,1,0,0,1,0
768,-1,0,1.1069622,0.7515623,1,1,unassigned,22.0,21.0,1.0,0.95454544,0.045454547,0.04545456,0.03868472,0.0017583964,0,0,0,1,0
769,-1,0,-0.08360928,0.47910985,0,1,unassigned,18.0,18.0,0.0,1.0,0.0,0.0,0.030947777,0.0,0,0,0,0,0
770,-1,0,-0.083259046,0.4791972,0,1,unassigned,27.0,27.0,0.0,1.0,0.0,0.0,0.0483559,0.0,0,0,0,0,0
771,-1,0,0.68289405,0.6643843,1,1,unassigned,32.0,29.0,3.0,0.90625,0.09375,0.09375,0.058027077,0.0054400386,0,0,0,1,0
772,-1,1,5.8138633,0.99702305,1,1,unassigned,7.0,5.0,2.0,0.71428573,0.2857143,0.28571427,0.00967118,0.0027631943,1,0,0,1,1
773,1,0,-0.34535342,0.41450968,0,1,val,23.0,23.0,0.0,1.0,0.0,0.0,0.040618956,0.0,0,0,0,0,0
774,1,0,-0.23352224,0.4418833,0,1,val,37.0,37.0,0.0,1.0,0.0,0.0,0.06769826,0.0,0,0,0,0,0
775,-1,1,-0.28274244,0.42978156,0,1,unassigned,11.0,9.0,2.0,0.8181818,0.18181819,0.18181819,0.017408123,0.0031651135,1,0,0,0,0
776,-1,0,1.8681028,0.8662386,1,1,unassigned,3.0,3.0,0.0,1.0,0.0,0.0,0.001934236,0.0,0,0,0,1,0
777,0,0,-0.8690408,0.29545394,0,0,val,8.0,5.0,3.0,0.625,0.375,0.375,0.0116054155,0.004352031,0,0,1,0,0
778,-1,0,6.11619,0.9977981,1,1,unassigned,2.0,2.0,0.0,1.0,0.0,0.0,0.0,0.0,0,0,0,1,1
779,-1,0,-0.23079091,0.442557,0,1,unassigned,14.0,14.0,0.0,1.0,0.0,0.0,0.023210831,0.0,0,0,0,0,0
780,1,0,-0.47058353,0.38447815,0,1,unassigned,42.0,40.0,2.0,0.95238096,0.04761905,0.047619045,0.07736944,0.003684259,0,0,0,0,0
781,-1,0,-0.67894775,0.3364962,0,1,unassigned,38.0,36.0,2.0,0.94736844,0.05263158,0.052631557,0.06963249,0.0036648682,0,0,0,0,0
782,-1,1,7.837727,0.9996056,1,1,unassigned,10.0,10.0,0.0,1.0,0.0,0.0,0.015473888,0.0,1,0,0,1,1
783,1,0,-0.8848069,0.29218268,0,1,unassigned,2.0,2.0,0.0,1.0,0.0,0.0,0.0,0.0,0,0,0,0,0
784,-1,1,5.06347,0.9937162,1,1,unassigned,9.0,9.0,0.0,1.0,0.0,0.0,0.013539651,0.0,1,0,0,1,1
785,-1,0,-0.47521934,0.38338163,0,1,unassigned,19.0,19.0,0.0,1.0,0.0,0.0,0.032882012,0.0,0,0,0,0,0
786,1,0,-0.295149,0.42674378,0,1,unassigned,80.0,80.0,0.0,1.0,0.0,0.0,0.15087041,0.0,0,0,0,0,0
787,-1,0,0.7522525,0.6796693,1,1,unassigned,28.0,28.0,0.0,1.0,0.0,0.0,0.050290134,0.0,0,0,0,1,0
788,-1,0,-0.5897634,0.35668913,0,1,unassigned,40.0,40.0,0.0,1.0,0.0,0.0,0.07350097,0.0,0,0,0,0,0
789,-1,0,-0.2120682,0.44718075,0,1,unassigned,45.0,45.0,0.0,1.0,0.0,0.0,0.08317215,0.0,0,0,0,0,0
790,1,0,-0.3028257,0.42486686,0,1,unassigned,56.0,56.0,0.0,1.0,0.0,0.0,0.10444874,0.0,0,0,0,0,0
791,-1,0,-0.38839233,0.40410435,0,1,unassigned,70.0,70.0,0.0,1.0,0.0,0.0,0.13152805,0.0,0,0,0,0,0
792,-1,0,-0.78398305,0.31346208,0,1,unassigned,84.0,80.0,4.0,0.95238096,0.04761905,0.047619045,0.15860735,0.007552731,0,0,0,0,0
793,-1,0,-0.7404139,0.32291365,0,1,unassigned,17.0,15.0,2.0,0.88235295,0.11764706,0.11764705,0.029013539,0.0034133575,0,0,0,0,0
794,-1,0,6.877949,0.99897087,1,1,unassigned,4.0,4.0,0.0,1.0,0.0,0.0,0.003868472,0.0,0,0,0,1,1
795,-1,0,-0.8380948,0.30193618,0,1,unassigned,44.0,44.0,0.0,1.0,0.0,0.0,0.08123791,0.0,0,0,0,0,0
796,-1,0,0.6862746,0.6651377,1,1,unassigned,157.0,150.0,7.0,0.955414,0.044585988,0.044586003,0.29980657,0.013367172,0,0,0,1,0
797,0,1,1.9208603,0.87223434,1,1,test,10.0,10.0,0.0,1.0,0.0,0.0,0.015473888,0.0,1,0,0,1,0
798,-1,1,-0.7078059,0.33008385,0,1,unassigned,6.0,2.0,4.0,0.33333334,0.6666667,0.6666666,0.007736944,0.005157963,1,0,0,0,0
799,0,0,0.6984816,0.66785103,1,1,unassigned,8.0,8.0,0.0,1.0,0.0,0.0,0.0116054155,0.0,0,0,0,1,0
800,-1,0,-0.92360485,0.28422394,0,1,unassigned,9.0,9.0,0.0,1.0,0.0,0.0,0.013539651,0.0,0,0,0,0,0
801,-1,0,13.794376,0.9999989,1,1,unassigned,3.0,3.0,0.0,1.0,0.0,0.0,0.001934236,0.0,0,0,0,1,1
802,-1,0,1.2599187,0.7790121,1,1,unassigned,4.0,4.0,0.0,1.0,0.0,0.0,0.003868472,0.0,0,0,0,1,0
803,-1,1,-0.71229994,0.32909083,0,1,unassigned,6.0,6.0,0.0,1.0,0.0,0.0,0.007736944,0.0,1,0,0,0,0
804,-1,1,5.099981,0.9939401,1,1,unassigned,9.0,7.0,2.0,0.7777778,0.22222222,0.22222221,0.013539651,0.0030088115,1,0,0,1,1
805,-1,0,1.5344799,0.8226608,1,1,unassigned,8.0,8.0,0.0,1.0,0.0,0.0,0.0116054155,0.0,0,0,0,1,0
806,0,0,-0.9443767,0.28001714,0,0,test,8.0,8.0,0.0,1.0,0.0,0.0,0.0116054155,0.0,0,0,1,0,0
807,-1,0,-0.7738507,0.3156467,0,1,unassigned,57.0,57.0,0.0,1.0,0.0,0.0,0.10638298,0.0,0,0,0,0,0
808,-1,0,2.1685383,0.89738846,1,1,unassigned,43.0,41.0,2.0,0.95348835,0.046511628,0.04651165,0.079303674,0.0036885429,0,0,0,1,0
809,-1,0,-0.3237498,0.4197622,0,1,unassigned,3.0,3.0,0.0,1.0,0.0,0.0,0.001934236,0.0,0,0,0,0,0
810,-1,1,1.5723467,0.82811785,1,1,unassigned,2.0,2.0,0.0,1.0,0.0,0.0,0.0,0.0,1,0,0,1,0
811,0,0,-0.6550312,0.34185666,0,0,val,3.0,3.0,0.0,1.0,0.0,0.0,0.001934236,0.0,0,0,1,0,0
812,-1,0,3.6745079,0.97526544,1,1,unassigned,15.0,12.0,3.0,0.8,0.2,0.19999999,0.025145067,0.0050290134,0,0,0,1,1
813,-1,0,0.65443593,0.6580094,1,1,unassigned,5.0,5.0,0.0,1.0,0.0,0.0,0.0058027077,0.0,0,0,0,1,0
814,0,0,-0.43320465,0.39336136,0,0,unassigned,2.0,2.0,0.0,1.0,0.0,0.0,0.0,0.0,0,0,1,0,0
815,-1,0,-0.6477656,0.34349325,0,1,unassigned,2.0,2.0,0.0,1.0,0.0,0.0,0.0,0.0,0,0,0,0,0
816,-1,1,1.2865,0.7835542,1,1,unassigned,2.0,2.0,0.0,1.0,0.0,0.0,0.0,0.0,1,0,0,1,0
817,-1,0,-0.072557986,0.48186845,0,1,unassigned,9.0,9.0,0.0,1.0,0.0,0.0,0.013539651,0.0,0,0,0,0,0
818,-1,1,0.44368225,0.6091361,1,1,unassigned,3.0,3.0,0.0,1.0,0.0,0.0,0.001934236,0.0,1,0,0,1,0
819,-1,0,-0.20288044,0.44945315,0,1,unassigned,24.0,24.0,0.0,1.0,0.0,0.0,0.04255319,0.0,0,0,0,0,0
820,-1,0,1.3459253,0.7934627,1,1,unassigned,4.0,4.0,0.0,1.0,0.0,0.0,0.003868472,0.0,0,0,0,1,0
821,-1,0,-0.7972619,0.31061155,0,1,unassigned,80.0,78.0,2.0,0.975,0.025,0.024999976,0.15087041,0.0037717603,0,0,0,0,0
822,-1,0,4.61577,0.9902023,1,1,unassigned,7.0,6.0,1.0,0.85714287,0.14285715,0.14285713,0.00967118,0.0013815971,0,0,0,1,1
823,-1,0,2.423885,0.91863066,1,1,unassigned,12.0,10.0,2.0,0.8333333,0.16666667,0.16666669,0.01934236,0.0032237265,0,0,0,1,1
824,0,0,-0.64264125,0.34464973,0,0,unassigned,17.0,16.0,1.0,0.9411765,0.05882353,0.058823526,0.029013539,0.0017066788,0,0,1,0,0
825,-1,0,-0.71298915,0.3289387,0,1,unassigned,27.0,25.0,2.0,0.9259259,0.074074075,0.07407409,0.0483559,0.0035819185,0,0,0,0,0
826,-1,0,-0.31298634,0.42238596,0,1,unassigned,19.0,19.0,0.0,1.0,0.0,0.0,0.032882012,0.0,0,0,0,0,0
827,-1,0,-0.5241723,0.37187713,0,1,unassigned,24.0,23.0,1.0,0.9583333,0.041666668,0.041666687,0.04255319,0.0017730496,0,0,0,0,0
828,-1,0,-0.53594035,0.3691325,0,1,unassigned,78.0,76.0,2.0,0.974359,0.025641026,0.025641024,0.14700194,0.0037692804,0,0,0,0,0
829,-1,0,-0.25116503,0.43753678,0,1,unassigned,47.0,46.0,1.0,0.9787234,0.021276595,0.021276593,0.08704062,0.001851928,0,0,0,0,0
830,-1,1,6.921825,0.999015,1,1,unassigned,6.0,5.0,1.0,0.8333333,0.16666667,0.16666669,0.007736944,0.0012894907,1,0,0,1,1
831,-1,0,-0.83407617,0.30278388,0,1,unassigned,136.0,93.0,43.0,0.6838235,0.31617647,0.31617647,0.2591876,0.081949025,0,0,0,0,0
832,-1,0,0.0050271153,0.50125676,1,1,unassigned,5.0,5.0,0.0,1.0,0.0,0.0,0.0058027077,0.0,0,0,0,1,0
833,1,0,0.18701273,0.5466174,1,0,val,4.0,4.0,0.0,1.0,0.0,0.0,0.003868472,0.0,0,0,1,1,0
834,-1,1,-0.8860931,0.29191673,0,1,unassigned,3.0,2.0,1.0,0.6666667,0.33333334,0.3333333,0.001934236,0.00064474536,1,0,0,0,0
835,-1,0,0.21015579,0.55234647,1,1,unassigned,6.0,6.0,0.0,1.0,0.0,0.0,0.007736944,0.0,0,0,0,1,0
836,0,0,-0.7534308,0.3200742,0,0,unassigned,40.0,38.0,2.0,0.95,0.05,0.050000012,0.07350097,0.0036750485,0,0,1,0,0
837,-1,0,0.044175267,0.511042,1,1,unassigned,6.0,6.0,0.0,1.0,0.0,0.0,0.007736944,0.0,0,0,0,1,0
838,0,1,0.050399423,0.5125972,1,1,val,7.0,7.0,0.0,1.0,0.0,0.0,0.00967118,0.0,1,0,0,1,0
839,-1,0,-0.71824,0.32778066,0,1,unassigned,31.0,30.0,1.0,0.9677419,0.032258064,0.032258093,0.056092843,0.0018094465,0,0,0,0,0
840,-1,0,-0.0544492,0.48639107,0,1,unassigned,6.0,6.0,0.0,1.0,0.0,0.0,0.007736944,0.0,0,0,0,0,0
841,-1,0,-0.43814266,0.3921836,0,1,unassigned,33.0,33.0,0.0,1.0,0.0,0.0,0.059961315,0.0,0,0,0,0,0
842,-1,0,-0.8295234,0.30374584,0,1,unassigned,14.0,14.0,0.0,1.0,0.0,0.0,0.023210831,0.0,0,0,0,0,0
843,-1,0,-0.86512184,0.29627034,0,1,unassigned,35.0,35.0,0.0,1.0,0.0,0.0,0.06382979,0.0,0,0,0,0,0
844,-1,0,-0.31726256,0.42134306,0,1,unassigned,10.0,10.0,0.0,1.0,0.0,0.0,0.015473888,0.0,0,0,0,0,0
845,-1,0,-0.34013024,0.41577783,0,1,unassigned,3.0,3.0,0.0,1.0,0.0,0.0,0.001934236,0.0,0,0,0,0,0
846,-1,0,-0.8093121,0.3080371,0,1,unassigned,38.0,36.0,2.0,0.94736844,0.05263158,0.052631557,0.06963249,0.0036648682,0,0,0,0,0
847,-1,0,-0.4675936,0.38518596,0,1,unassigned,55.0,54.0,1.0,0.9818182,0.018181818,0.0181818,0.102514505,0.0018639,0,0,0,0,0
848,-1,0,-0.82556534,0.30458358,0,1,unassigned,25.0,24.0,1.0,0.96,0.04,0.04000002,0.044487428,0.001779497,0,0,0,0,0
849,-1,1,5.221029,0.9946273,1,1,unassigned,2.0,2.0,0.0,1.0,0.0,0.0,0.0,0.0,1,0,0,1,1
850,-1,0,-0.67004865,0.33848596,0,1,unassigned,79.0,79.0,0.0,1.0,0.0,0.0,0.14893617,0.0,0,0,0,0,0
851,-1,0,-0.4964642,0.37837198,0,1,unassigned,76.0,72.0,4.0,0.94736844,0.05263158,0.052631557,0.14313346,0.0075333402,0,0,0,0,0
852,-1,0,-0.28778288,0.42854676,0,1,unassigned,5.0,5.0,0.0,1.0,0.0,0.0,0.0058027077,0.0,0,0,0,0,0
853,-1,0,-0.8473475,0.29998958,0,1,unassigned,53.0,53.0,0.0,1.0,0.0,0.0,0.09864604,0.0,0,0,0,0,0
854,-1,0,-0.010684311,0.4973289,0,1,unassigned,32.0,29.0,3.0,0.90625,0.09375,0.09375,0.058027077,0.0054400386,0,0,0,0,0
855,1,0,-0.70616394,0.33044702,0,1,unassigned,43.0,43.0,0.0,1.0,0.0,0.0,0.079303674,0.0,0,0,0,0,0
856,-1,1,5.7941117,0.9969638,1,1,unassigned,4.0,3.0,1.0,0.75,0.25,0.25,0.003868472,0.000967118,1,0,0,1,1
857,-1,0,-0.7560276,0.31950933,0,1,unassigned,16.0,16.0,0.0,1.0,0.0,0.0,0.027079303,0.0,0,0,0,0,0
858,-1,0,4.689711,0.9908943,1,1,unassigned,2.0,2.0,0.0,1.0,0.0,0.0,0.0,0.0,0,0,0,1,1
859,-1,0,13.236933,0.9999982,1,1,unassigned,2.0,2.0,0.0,1.0,0.0,0.0,0.0,0.0,0,0,0,1,1
860,-1,0,-0.8828012,0.29259762,0,1,unassigned,39.0,39.0,0.0,1.0,0.0,0.0,0.07156673,0.0,0,0,0,0,0
861,-1,1,-0.47918525,0.38244453,0,1,unassigned,7.0,6.0,1.0,0.85714287,0.14285715,0.14285713,0.00967118,0.0013815971,1,0,0,0,0
862,-1,1,2.2384574,0.9036503,1,1,unassigned,41.0,38.0,3.0,0.9268293,0.07317073,0.07317072,0.07543521,0.005519649,1,0,0,1,1
863,-1,1,1.9665415,0.8772391,1,1,unassigned,10.0,10.0,0.0,1.0,0.0,0.0,0.015473888,0.0,1,0,0,1,0
864,-1,0,6.8567233,0.99894875,1,1,unassigned,3.0,3.0,0.0,1.0,0.0,0.0,0.001934236,0.0,0,0,0,1,1
865,-1,0,-0.38737035,0.40435046,0,1,unassigned,25.0,25.0,0.0,1.0,0.0,0.0,0.044487428,0.0,0,0,0,0,0
866,-1,0,5.339547,0.99522483,1,1,unassigned,4.0,4.0,0.0,1.0,0.0,0.0,0.003868472,0.0,0,0,0,1,1
867,-1,0,1.2801781,0.7824801,1,1,unassigned,2.0,2.0,0.0,1.0,0.0,0.0,0.0,0.0,0,0,0,1,0
868,-1,0,-0.6230154,0.34909594,0,1,unassigned,33.0,33.0,0.0,1.0,0.0,0.0,0.059961315,0.0,0,0,0,0,0
869,-1,0,-0.23858744,0.44063452,0,1,unassigned,2.0,2.0,0.0,1.0,0.0,0.0,0.0,0.0,0,0,0,0,0
870,-1,0,-0.7399511,0.32301483,0,1,unassigned,61.0,60.0,1.0,0.9836066,0.016393442,0.016393423,0.114119925,0.0018708183,0,0,0,0,0
871,-1,0,-0.46159303,0.386608,0,1,unassigned,26.0,26.0,0.0,1.0,0.0,0.0,0.046421662,0.0,0,0,0,0,0
872,1,0,-0.49009997,0.37987003,0,1,train,30.0,27.0,3.0,0.9,0.1,0.100000024,0.054158606,0.0054158606,0,0,0,0,0
873,-1,0,-0.69475776,0.33297554,0,1,unassigned,27.0,27.0,0.0,1.0,0.0,0.0,0.0483559,0.0,0,0,0,0,0
874,-1,0,-0.7640276,0.31777248,0,1,unassigned,51.0,50.0,1.0,0.98039216,0.019607844,0.019607842,0.09477756,0.0018583836,0,0,0,0,0
875,-1,1,2.2912214,0.90814734,1,1,unassigned,5.0,2.0,3.0,0.4,0.6,0.6,0.0058027077,0.0034816249,1,0,0,1,1
876,0,0,3.0807626,0.95609224,1,1,unassigned,5.0,4.0,1.0,0.8,0.2,0.19999999,0.0058027077,0.0011605415,0,0,0,1,1
877,1,0,0.6115536,0.6482951,1,0,unassigned,9.0,9.0,0.0,1.0,0.0,0.0,0.013539651,0.0,0,0,1,1,0
878,-1,1,2.732466,0.9389154,1,1,unassigned,3.0,2.0,1.0,0.6666667,0.33333334,0.3333333,0.001934236,0.00064474536,1,0,0,1,1
879,-1,1,7.7824388,0.9995832,1,1,unassigned,4.0,3.0,1.0,0.75,0.25,0.25,0.003868472,0.000967118,1,0,0,1,1
880,-1,1,7.3913107,0.9993838,1,1,unassigned,10.0,8.0,2.0,0.8,0.2,0.19999999,0.015473888,0.0030947777,1,0,0,1,1
881,-1,0,0.59078795,0.6435459,1,1,unassigned,6.0,6.0,0.0,1.0,0.0,0.0,0.007736944,0.0,0,0,0,1,0
882,-1,1,-0.3220273,0.42018178,0,1,unassigned,35.0,31.0,4.0,0.8857143,0.114285715,0.11428571,0.06382979,0.0072948327,1,0,0,0,0
883,1,0,2.6184022,0.9320366,1,0,unassigned,7.0,7.0,0.0,1.0,0.0,0.0,0.00967118,0.0,0,0,1,1,1
884,-1,0,-0.55733305,0.36416477,0,1,unassigned,20.0,19.0,1.0,0.95,0.05,0.050000012,0.034816246,0.0017408123,0,0,0,0,0
885,-1,0,-0.27198142,0.43242076,0,1,unassigned,55.0,55.0,0.0,1.0,0.0,0.0,0.102514505,0.0,0,0,0,0,0
886,0,0,-0.6738417,0.33763716,0,0,unassigned,43.0,42.0,1.0,0.9767442,0.023255814,0.023255825,0.079303674,0.0018442714,0,0,1,0,0
887,-1,0,-0.88539714,0.2920606,0,1,unassigned,85.0,85.0,0.0,1.0,0.0,0.0,0.16054158,0.0,0,0,0,0,0
888,-1,0,-0.36920732,0.40873256,0,1,unassigned,72.0,70.0,2.0,0.9722222,0.027777778,0.027777791,0.13539653,0.0037610147,0,0,0,0,0
889,-1,0,2.5705235,0.92894024,1,1,unassigned,16.0,16.0,0.0,1.0,0.0,0.0,0.027079303,0.0,0,0,0,1,1
890,-1,0,-0.2566486,0.43618774,0,1,unassigned,34.0,33.0,1.0,0.9705882,0.029411765,0.029411793,0.061895553,0.0018204574,0,0,0,0,0
891,-1,0,-0.8690055,0.29546127,0,1,unassigned,33.0,29.0,4.0,0.8787879,0.121212125,0.121212125,0.059961315,0.0072680386,0,0,0,0,0
892,-1,0,-0.77978575,0.31436607,0,1,unassigned,17.0,17.0,0.0,1.0,0.0,0.0,0.029013539,0.0,0,0,0,0,0
893,-1,0,3.905164,0.98025984,1,1,unassigned,5.0,5.0,0.0,1.0,0.0,0.0,0.0058027077,0.0,0,0,0,1,1
894,0,0,-0.21618277,0.44616383,0,0,unassigned,27.0,27.0,0.0,1.0,0.0,0.0,0.0483559,0.0,0,0,1,0,0
895,-1,0,5.2690015,0.9948776,1,1,unassigned,5.0,3.0,2.0,0.6,0.4,0.39999998,0.0058027077,0.002321083,0,0,0,1,1
896,-1,0,2.84824,0.9452276,1,1,unassigned,4.0,4.0,0.0,1.0,0.0,0.0,0.003868472,0.0,0,0,0,1,1
897,-1,0,4.117851,0.9839813,1,1,unassigned,6.0,4.0,2.0,0.6666667,0.33333334,0.3333333,0.007736944,0.0025789815,0,0,0,1,1
898,-1,1,19.23293,1.0,1,1,unassigned,2.0,1.0,1.0,0.5,0.5,0.5,0.0,0.0,1,0,0,1,1
899,-1,0,4.446673,0.9884183,1,1,unassigned,4.0,4.0,0.0,1.0,0.0,0.0,0.003868472,0.0,0,0,0,1,1
900,-1,0,-0.74684125,0.32151,0,1,unassigned,3.0,3.0,0.0,1.0,0.0,0.0,0.001934236,0.0,0,0,0,0,0
901,-1,1,-0.8331795,0.3029732,0,1,unassigned,184.0,173.0,11.0,0.9402174,0.05978261,0.059782624,0.35203093,0.021045327,1,0,0,0,0
902,-1,0,0.4777916,0.61722624,1,1,unassigned,2.0,2.0,0.0,1.0,0.0,0.0,0.0,0.0,0,0,0,1,0
903,-1,1,6.2310843,0.99803656,1,1,unassigned,11.0,10.0,1.0,0.90909094,0.09090909,0.090909064,0.017408123,0.0015825568,1,0,0,1,1
904,0,1,-0.82752895,0.3041678,0,0,unassigned,5.0,5.0,0.0,1.0,0.0,0.0,0.0058027077,0.0,1,0,1,0,0
905,-1,0,1.7210441,0.84826326,1,1,unassigned,46.0,41.0,5.0,0.8913044,0.10869565,0.108695626,0.08510638,0.009250693,0,0,0,1,0
906,-1,0,-0.8568086,0.29800656,0,1,unassigned,74.0,73.0,1.0,0.9864865,0.013513514,0.013513505,0.13926499,0.0018819593,0,0,0,0,0
907,-1,0,2.68212,0.93596333,1,1,unassigned,5.0,5.0,0.0,1.0,0.0,0.0,0.0058027077,0.0,0,0,0,1,1
908,-1,1,6.1586566,0.99788934,1,1,unassigned,6.0,4.0,2.0,0.6666667,0.33333334,0.3333333,0.007736944,0.0025789815,1,0,0,1,1
909,-1,0,2.7371097,0.9391812,1,1,unassigned,9.0,7.0,2.0,0.7777778,0.22222222,0.22222221,0.013539651,0.0030088115,0,0,0,1,1
910,-1,0,-0.83096653,0.30344075,0,1,unassigned,165.0,165.0,0.0,1.0,0.0,0.0,0.31528047,0.0,0,0,0,0,0
911,1,0,1.0930719,0.7489597,1,0,val,67.0,66.0,1.0,0.98507464,0.014925373,0.014925361,0.12572534,0.0018764976,0,0,1,1,0
912,1,0,-0.35780138,0.4114919,0,1,train,7.0,7.0,0.0,1.0,0.0,0.0,0.00967118,0.0,0,0,0,0,0
913,-1,1,-0.594665,0.3555652,0,1,unassigned,15.0,15.0,0.0,1.0,0.0,0.0,0.025145067,0.0,1,0,0,0,0
914,-1,0,-0.046349347,0.48841473,0,1,unassigned,13.0,13.0,0.0,1.0,0.0,0.0,0.021276595,0.0,0,0,0,0,0
915,-1,0,-0.7884711,0.31249705,0,1,unassigned,10.0,10.0,0.0,1.0,0.0,0.0,0.015473888,0.0,0,0,0,0,0
916,-1,1,1.2538912,0.77797276,1,1,unassigned,23.0,20.0,3.0,0.8695652,0.13043478,0.13043481,0.040618956,0.0052981246,1,0,0,1,0
917,1,0,2.5617473,0.92835873,1,0,val,2.0,2.0,0.0,1.0,0.0,0.0,0.0,0.0,0,0,1,1,1
918,-1,0,1.5188336,0.8203666,1,1,unassigned,4.0,3.0,1.0,0.75,0.25,0.25,0.003868472,0.000967118,0,0,0,1,0
919,-1,1,2.454765,0.9209092,1,1,unassigned,3.0,3.0,0.0,1.0,0.0,0.0,0.001934236,0.0,1,0,0,1,1
920,-1,0,-0.55649173,0.36435956,0,1,unassigned,4.0,3.0,1.0,0.75,0.25,0.25,0.003868472,0.000967118,0,0,0,0,0
921,-1,0,-0.5448562,0.36705863,0,1,unassigned,11.0,11.0,0.0,1.0,0.0,0.0,0.017408123,0.0,0,0,0,0,0
922,-1,1,-0.4895844,0.3799915,0,1,unassigned,10.0,9.0,1.0,0.9,0.1,0.100000024,0.015473888,0.0015473888,1,0,0,0,0
923,1,1,0.12614268,0.5314939,1,0,unassigned,18.0,14.0,4.0,0.7777778,0.22222222,0.22222221,0.030947777,0.0068772836,1,0,1,1,0
924,-1,0,0.7465208,0.6784201,1,1,unassigned,18.0,18.0,0.0,1.0,0.0,0.0,0.030947777,0.0,0,0,0,1,0
925,-1,0,-0.52027136,0.3727888,0,1,unassigned,14.0,14.0,0.0,1.0,0.0,0.0,0.023210831,0.0,0,0,0,0,0
926,-1,1,3.3128965,0.9648686,1,1,unassigned,19.0,17.0,2.0,0.8947368,0.10526316,0.10526317,0.032882012,0.0034612645,1,0,0,1,1
927,-1,0,-0.5448765,0.36705393,0,1,unassigned,78.0,78.0,0.0,1.0,0.0,0.0,0.14700194,0.0,0,0,0,0,0
928,-1,1,2.5510023,0.92764086,1,1,unassigned,2.0,2.0,0.0,1.0,0.0,0.0,0.0,0.0,1,0,0,1,1
929,0,1,-0.71748555,0.32794693,0,0,unassigned,27.0,27.0,0.0,1.0,0.0,0.0,0.0483559,0.0,1,0,1,0,0
930,-1,1,1.0709169,0.74477124,1,1,unassigned,11.0,11.0,0.0,1.0,0.0,0.0,0.017408123,0.0,1,0,0,1,0
931,1,1,1.5574825,0.82599187,1,0,unassigned,23.0,23.0,0.0,1.0,0.0,0.0,0.040618956,0.0,1,0,1,1,0
932,-1,1,-0.62495434,0.3486555,0,1,unassigned,26.0,26.0,0.0,1.0,0.0,0.0,0.046421662,0.0,1,0,0,0,0
933,-1,1,1.9718258,0.8778071,1,1,unassigned,12.0,11.0,1.0,0.9166667,0.083333336,0.08333331,0.01934236,0.0016118633,1,0,0,1,0
934,-1,0,-0.3190355,0.42091084,0,1,unassigned,12.0,11.0,1.0,0.9166667,0.083333336,0.08333331,0.01934236,0.0016118633,0,0,0,0,0
935,-1,0,0.14877039,0.53712416,1,1,unassigned,7.0,7.0,0.0,1.0,0.0,0.0,0.00967118,0.0,0,0,0,1,0
936,-1,1,-0.52623653,0.37139508,0,1,unassigned,57.0,54.0,3.0,0.94736844,0.05263158,0.052631557,0.10638298,0.0055991043,1,0,0,0,0
937,-1,1,1.668715,0.84140444,1,1,unassigned,22.0,21.0,1.0,0.95454544,0.045454547,0.04545456,0.03868472,0.0017583964,1,0,0,1,0
938,-1,1,3.0526216,0.9548956,1,1,unassigned,10.0,10.0,0.0,1.0,0.0,0.0,0.015473888,0.0,1,0,0,1,1
939,1,0,0.23846161,0.5593345,1,0,test,12.0,12.0,0.0,1.0,0.0,0.0,0.01934236,0.0,0,0,1,1,0
940,-1,0,1.6506746,0.8389822,1,1,unassigned,4.0,4.0,0.0,1.0,0.0,0.0,0.003868472,0.0,0,0,0,1,0
941,0,0,-0.87060595,0.29512823,0,0,unassigned,17.0,17.0,0.0,1.0,0.0,0.0,0.029013539,0.0,0,0,1,0,0
942,0,0,1.4491627,0.8098696,1,1,test,26.0,26.0,0.0,1.0,0.0,0.0,0.046421662,0.0,0,0,0,1,0
943,-1,0,1.9751265,0.8781607,1,1,unassigned,3.0,3.0,0.0,1.0,0.0,0.0,0.001934236,0.0,0,0,0,1,0
944,-1,1,3.3907168,0.9674132,1,1,unassigned,3.0,2.0,1.0,0.6666667,0.33333334,0.3333333,0.001934236,0.00064474536,1,0,0,1,1
945,-1,0,3.0572615,0.955095,1,1,unassigned,3.0,3.0,0.0,1.0,0.0,0.0,0.001934236,0.0,0,0,0,1,1
946,-1,0,-0.6470052,0.34366474,0,1,unassigned,23.0,4.0,19.0,0.17391305,0.82608694,0.82608694,0.040618956,0.03355479,0,0,0,0,0
947,-1,0,0.6154639,0.6491862,1,1,unassigned,5.0,5.0,0.0,1.0,0.0,0.0,0.0058027077,0.0,0,0,0,1,0
948,-1,0,0.8368874,0.6978093,1,1,unassigned,11.0,11.0,0.0,1.0,0.0,0.0,0.017408123,0.0,0,0,0,1,0
949,-1,0,2.9118307,0.94842815,1,1,unassigned,13.0,11.0,2.0,0.84615386,0.15384616,0.15384614,0.021276595,0.0032733225,0,0,0,1,1
950,-1,0,2.861344,0.9459021,1,1,unassigned,25.0,24.0,1.0,0.96,0.04,0.04000002,0.044487428,0.001779497,0,0,0,1,1
951,1,0,1.0987515,0.7500261,1,0,test,6.0,6.0,0.0,1.0,0.0,0.0,0.007736944,0.0,0,0,1,1,0
952,-1,0,1.9428966,0.87467,1,1,unassigned,24.0,24.0,0.0,1.0,0.0,0.0,0.04255319,0.0,0,0,0,1,0
953,-1,0,0.016933203,0.5042332,1,1,unassigned,12.0,12.0,0.0,1.0,0.0,0.0,0.01934236,0.0,0,0,0,1,0
954,-1,0,0.5229159,0.6278293,1,1,unassigned,111.0,108.0,3.0,0.972973,0.027027028,0.02702701,0.21083172,0.0056981547,0,0,0,1,0
955,-1,0,0.45793396,0.6125239,1,1,unassigned,3.0,3.0,0.0,1.0,0.0,0.0,0.001934236,0.0,0,0,0,1,0
956,-1,0,5.785461,0.9969375,1,1,unassigned,6.0,5.0,1.0,0.8333333,0.16666667,0.16666669,0.007736944,0.0012894907,0,0,0,1,1
957,-1,1,3.8048375,0.978222,1,1,unassigned,19.0,13.0,6.0,0.68421054,0.31578946,0.31578946,0.032882012,0.010383793,1,0,0,1,1
958,1,0,-0.88101983,0.29296649,0,1,test,24.0,23.0,1.0,0.9583333,0.041666668,0.041666687,0.04255319,0.0017730496,0,0,0,0,0
959,0,1,-0.2827888,0.4297702,0,0,unassigned,37.0,37.0,0.0,1.0,0.0,0.0,0.06769826,0.0,1,0,1,0,0
960,-1,1,-0.7655004,0.31745327,0,1,unassigned,21.0,21.0,0.0,1.0,0.0,0.0,0.036750484,0.0,1,0,0,0,0
961,-1,0,3.9668982,0.9814197,1,1,unassigned,2.0,2.0,0.0,1.0,0.0,0.0,0.0,0.0,0,0,0,1,1
962,-1,0,3.462989,0.9696162,1,1,unassigned,5.0,4.0,1.0,0.8,0.2,0.19999999,0.0058027077,0.0011605415,0,0,0,1,1
963,-1,0,4.719003,0.9911548,1,1,unassigned,95.0,92.0,3.0,0.96842104,0.031578947,0.031578958,0.17988394,0.0056805452,0,0,0,1,1
964,-1,0,5.0697327,0.9937551,1,1,unassigned,32.0,19.0,13.0,0.59375,0.40625,0.40625,0.058027077,0.023573501,0,0,0,1,1
965,0,0,-0.5665751,0.36202747,0,0,val,5.0,5.0,0.0,1.0,0.0,0.0,0.0058027077,0.0,0,0,1,0,0
966,-1,0,-0.8716323,0.29491475,0,1,unassigned,32.0,32.0,0.0,1.0,0.0,0.0,0.058027077,0.0,0,0,0,0,0
967,-1,0,0.8949066,0.7099017,1,1,unassigned,8.0,6.0,2.0,0.75,0.25,0.25,0.0116054155,0.0029013539,0,0,0,1,0
968,-1,1,3.7157319,0.9762406,1,1,unassigned,5.0,5.0,0.0,1.0,0.0,0.0,0.0058027077,0.0,1,0,0,1,1
969,-1,0,3.891472,0.97999316,1,1,unassigned,44.0,43.0,1.0,0.97727275,0.022727273,0.022727251,0.08123791,0.0018463163,0,0,0,1,1
970,1,0,-0.72117496,0.3271343,0,1,unassigned,7.0,7.0,0.0,1.0,0.0,0.0,0.00967118,0.0,0,0,0,0,0
971,1,0,3.0895524,0.9564597,1,0,val,3.0,3.0,0.0,1.0,0.0,0.0,0.001934236,0.0,0,0,1,1,1
972,0,0,-0.68304765,0.33558142,0,0,unassigned,17.0,17.0,0.0,1.0,0.0,0.0,0.029013539,0.0,0,0,1,0,0
973,-1,0,0.5898507,0.64333093,1,1,unassigned,3.0,3.0,0.0,1.0,0.0,0.0,0.001934236,0.0,0,0,0,1,0
974,-1,0,0.6826691,0.6643342,1,1,unassigned,2.0,2.0,0.0,1.0,0.0,0.0,0.0,0.0,0,0,0,1,0
975,-1,0,0.44512993,0.6094807,1,1,unassigned,32.0,31.0,1.0,0.96875,0.03125,0.03125,0.058027077,0.0018133462,0,0,0,1,0
976,-1,0,0.28028566,0.56961626,1,1,unassigned,8.0,7.0,1.0,0.875,0.125,0.125,0.0116054155,0.0014506769,0,0,0,1,0
977,-1,0,-0.9854382,0.27181405,0,1,unassigned,20.0,20.0,0.0,1.0,0.0,0.0,0.034816246,0.0,0,0,0,0,0
978,-1,0,0.41710335,0.6027899,1,1,unassigned,20.0,19.0,1.0,0.95,0.05,0.050000012,0.034816246,0.0017408123,0,0,0,1,0
979,-1,0,-0.8731986,0.29458916,0,1,unassigned,21.0,21.0,0.0,1.0,0.0,0.0,0.036750484,0.0,0,0,0,0,0
980,-1,0,0.066328585,0.51657605,1,1,unassigned,14.0,13.0,1.0,0.9285714,0.071428575,0.0714286,0.023210831,0.0016579166,0,0,0,1,0
981,1,0,-0.2854776,0.42911142,0,1,unassigned,4.0,4.0,0.0,1.0,0.0,0.0,0.003868472,0.0,0,0,0,0,0
982,-1,0,-0.51474273,0.3740824,0,1,unassigned,17.0,15.0,2.0,0.88235295,0.11764706,0.11764705,0.029013539,0.0034133575,0,0,0,0,0
983,-1,0,-0.6470025,0.34366533,0,1,unassigned,12.0,12.0,0.0,1.0,0.0,0.0,0.01934236,0.0,0,0,0,0,0
984,-1,1,-0.7257292,0.32613263,0,1,unassigned,19.0,16.0,3.0,0.84210527,0.15789473,0.15789473,0.032882012,0.0051918966,1,0,0,0,0
985,-1,1,0.16369075,0.54083157,1,1,unassigned,37.0,36.0,1.0,0.972973,0.027027028,0.02702701,0.06769826,0.0018296828,1,0,0,1,0
986,-1,1,1.8259473,0.86127824,1,1,unassigned,17.0,17.0,0.0,1.0,0.0,0.0,0.029013539,0.0,1,0,0,1,0
987,-1,1,-0.50502867,0.37635964,0,1,unassigned,22.0,21.0,1.0,0.95454544,0.045454547,0.04545456,0.03868472,0.0017583964,1,0,0,0,0
988,-1,1,2.2037456,0.9005854,1,1,unassigned,28.0,28.0,0.0,1.0,0.0,0.0,0.050290134,0.0,1,0,0,1,1
989,-1,1,0.6719573,0.66194123,1,1,unassigned,114.0,108.0,6.0,0.94736844,0.05263158,0.052631557,0.21663442,0.011401812,1,0,0,1,0
990,1,1,2.3076513,0.9095087,1,0,unassigned,29.0,28.0,1.0,0.9655172,0.03448276,0.034482777,0.05222437,0.0018008404,1,0,1,1,1
991,1,1,1.350796,0.7942598,1,0,unassigned,77.0,74.0,3.0,0.96103895,0.038961038,0.038961053,0.14506769,0.0056519876,1,0,1,1,0
992,-1,0,-0.70380783,0.3309685,0,1,unassigned,3.0,3.0,0.0,1.0,0.0,0.0,0.001934236,0.0,0,0,0,0,0
993,-1,1,0.8968157,0.71029466,1,1,unassigned,19.0,19.0,0.0,1.0,0.0,0.0,0.032882012,0.0,1,0,0,1,0
994,-1,0,-0.818025,0.30618307,0,1,unassigned,103.0,99.0,4.0,0.9611651,0.03883495,0.03883493,0.19535783,0.007586712,0,0,0,0,0
995,-1,1,2.5641158,0.9285161,1,1,unassigned,50.0,50.0,0.0,1.0,0.0,0.0,0.092843324,0.0,1,0,0,1,1
996,-1,0,3.5242498,0.9713699,1,1,unassigned,12.0,12.0,0.0,1.0,0.0,0.0,0.01934236,0.0,0,0,0,1,1
997,-1,0,4.1416144,0.98435163,1,1,unassigned,5.0,5.0,0.0,1.0,0.0,0.0,0.0058027077,0.0,0,0,0,1,1
998,-1,0,1.2618628,0.77934664,1,1,unassigned,9.0,9.0,0.0,1.0,0.0,0.0,0.013539651,0.0,0,0,0,1,0
999,-1,0,0.21361035,0.5532005,1,1,unassigned,2.0,2.0,0.0,1.0,0.0,0.0,0.0,0.0,0,0,0,1,0
1000,-1,0,-0.5167073,0.37362248,0,1,unassigned,55.0,55.0,0.0,1.0,0.0,0.0,0.102514505,0.0,0,0,0,0,0
1001,-1,1,0.3254524,0.5806524,1,1,unassigned,6.0,4.0,2.0,0.6666667,0.33333334,0.3333333,0.007736944,0.0025789815,1,0,0,1,0
1002,-1,0,-0.41491634,0.39773387,0,1,unassigned,61.0,61.0,0.0,1.0,0.0,0.0,0.114119925,0.0,0,0,0,0,0
1003,-1,0,0.667805,0.6610115,1,1,unassigned,4.0,2.0,2.0,0.5,0.5,0.5,0.003868472,0.001934236,0,0,0,1,0
1004,-1,1,2.1996465,0.9002178,1,1,unassigned,4.0,4.0,0.0,1.0,0.0,0.0,0.003868472,0.0,1,0,0,1,1
1005,-1,0,-0.8248702,0.3047308,0,1,unassigned,88.0,85.0,3.0,0.96590906,0.03409091,0.034090936,0.1663443,0.0056708287,0,0,0,0,0
1006,-1,0,0.6130282,0.6486313,1,1,unassigned,2.0,2.0,0.0,1.0,0.0,0.0,0.0,0.0,0,0,0,1,0
1007,-1,0,0.08937907,0.5223299,1,1,unassigned,15.0,15.0,0.0,1.0,0.0,0.0,0.025145067,0.0,0,0,0,1,0
1008,-1,0,0.7289546,0.6745758,1,1,unassigned,34.0,34.0,0.0,1.0,0.0,0.0,0.061895553,0.0,0,0,0,1,0
1009,-1,0,5.2948804,0.9950079,1,1,unassigned,2.0,2.0,0.0,1.0,0.0,0.0,0.0,0.0,0,0,0,1,1
1010,-1,0,1.5147054,0.8197575,1,1,unassigned,11.0,11.0,0.0,1.0,0.0,0.0,0.017408123,0.0,0,0,0,1,0
1011,1,0,0.8823691,0.7073129,1,0,test,30.0,29.0,1.0,0.96666664,0.033333335,0.03333336,0.054158606,0.001805287,0,0,1,1,0
1012,-1,0,-0.21775007,0.4457766,0,1,unassigned,9.0,9.0,0.0,1.0,0.0,0.0,0.013539651,0.0,0,0,0,0,0
1013,-1,0,0.45331496,0.6114271,1,1,unassigned,18.0,12.0,6.0,0.6666667,0.33333334,0.3333333,0.030947777,0.010315926,0,0,0,1,0
1014,-1,0,0.22279519,0.5554696,1,1,unassigned,9.0,9.0,0.0,1.0,0.0,0.0,0.013539651,0.0,0,0,0,1,0
1015,-1,0,2.9408474,0.94982916,1,1,unassigned,9.0,9.0,0.0,1.0,0.0,0.0,0.013539651,0.0,0,0,0,1,1
1016,-1,1,-0.75891507,0.31888187,0,1,unassigned,6.0,6.0,0.0,1.0,0.0,0.0,0.007736944,0.0,1,0,0,0,0
1017,-1,0,0.3874762,0.595675,1,1,unassigned,8.0,8.0,0.0,1.0,0.0,0.0,0.0116054155,0.0,0,0,0,1,0
1018,-1,0,-0.5585496,0.36388314,0,1,unassigned,119.0,119.0,0.0,1.0,0.0,0.0,0.2263056,0.0,0,0,0,0,0
1019,-1,0,-0.1327151,0.46686983,0,1,unassigned,21.0,21.0,0.0,1.0,0.0,0.0,0.036750484,0.0,0,0,0,0,0
1020,-1,0,-0.043399274,0.48915187,0,1,unassigned,22.0,22.0,0.0,1.0,0.0,0.0,0.03868472,0.0,0,0,0,0,0
1021,1,0,0.8671096,0.70414394,1,0,test,6.0,6.0,0.0,1.0,0.0,0.0,0.007736944,0.0,0,0,1,1,0
1022,-1,1,1.909735,0.8709893,1,1,unassigned,15.0,14.0,1.0,0.93333334,0.06666667,0.06666666,0.025145067,0.0016763379,1,0,0,1,0
1023,-1,0,0.47721857,0.6170908,1,1,unassigned,11.0,10.0,1.0,0.90909094,0.09090909,0.090909064,0.017408123,0.0015825568,0,0,0,1,0
1024,-1,0,-0.08504027,0.47875276,0,1,unassigned,4.0,3.0,1.0,0.75,0.25,0.25,0.003868472,0.000967118,0,0,0,0,0
1025,-1,1,2.0584555,0.8867992,1,1,unassigned,20.0,20.0,0.0,1.0,0.0,0.0,0.034816246,0.0,1,0,0,1,0
1026,-1,0,-0.5364456,0.3690148,0,1,unassigned,3.0,3.0,0.0,1.0,0.0,0.0,0.001934236,0.0,0,0,0,0,0
1027,-1,1,-0.7059848,0.33048666,0,1,unassigned,42.0,41.0,1.0,0.97619045,0.023809524,0.023809552,0.07736944,0.0018421295,1,0,0,0,0
1028,-1,0,1.2809794,0.78261644,1,1,unassigned,17.0,16.0,1.0,0.9411765,0.05882353,0.058823526,0.029013539,0.0017066788,0,0,0,1,0
1029,-1,0,0.99151355,0.72938675,1,1,unassigned,11.0,10.0,1.0,0.90909094,0.09090909,0.090909064,0.017408123,0.0015825568,0,0,0,1,0
1030,-1,0,-0.894596,0.2901623,0,1,unassigned,64.0,64.0,0.0,1.0,0.0,0.0,0.11992263,0.0,0,0,0,0,0
1031,-1,0,1.726958,0.8490229,1,1,unassigned,10.0,9.0,1.0,0.9,0.1,0.100000024,0.015473888,0.0015473888,0,0,0,1,0
1032,-1,1,4.289619,0.9864753,1,1,unassigned,7.0,7.0,0.0,1.0,0.0,0.0,0.00967118,0.0,1,0,0,1,1
1033,-1,1,2.4801772,0.9227404,1,1,unassigned,8.0,8.0,0.0,1.0,0.0,0.0,0.0116054155,0.0,1,0,0,1,1
1034,-1,0,-0.0026012063,0.4993497,0,1,unassigned,28.0,25.0,3.0,0.89285713,0.10714286,0.107142866,0.050290134,0.0053882287,0,0,0,0,0
1035,-1,0,-0.3370408,0.4165285,0,1,unassigned,2.0,2.0,0.0,1.0,0.0,0.0,0.0,0.0,0,0,0,0,0
1036,-1,0,-0.8068494,0.30856228,0,1,unassigned,47.0,47.0,0.0,1.0,0.0,0.0,0.08704062,0.0,0,0,0,0,0
1037,-1,0,0.9811109,0.7273286,1,1,unassigned,37.0,37.0,0.0,1.0,0.0,0.0,0.06769826,0.0,0,0,0,1,0
1038,-1,1,-0.29230917,0.42743865,0,1,unassigned,16.0,16.0,0.0,1.0,0.0,0.0,0.027079303,0.0,1,0,0,0,0
1039,-1,1,0.15918678,0.53971285,1,1,unassigned,15.0,14.0,1.0,0.93333334,0.06666667,0.06666666,0.025145067,0.0016763379,1,0,0,1,0
1040,1,1,2.2060442,0.900791,1,0,train,7.0,6.0,1.0,0.85714287,0.14285715,0.14285713,0.00967118,0.0013815971,1,0,1,1,1
1041,-1,0,-0.20566022,0.4487654,0,1,unassigned,3.0,3.0,0.0,1.0,0.0,0.0,0.001934236,0.0,0,0,0,0,0
1042,-1,1,4.1579537,0.98460126,1,1,unassigned,13.0,12.0,1.0,0.9230769,0.07692308,0.07692307,0.021276595,0.0016366612,1,0,0,1,1
1043,0,1,-0.8426151,0.3009843,0,0,val,29.0,28.0,1.0,0.9655172,0.03448276,0.034482777,0.05222437,0.0018008404,1,0,1,0,0
1044,-1,1,-0.2697106,0.43297815,0,1,unassigned,29.0,29.0,0.0,1.0,0.0,0.0,0.05222437,0.0,1,0,0,0,0
1045,0,0,-0.16924563,0.4577893,0,0,val,9.0,9.0,0.0,1.0,0.0,0.0,0.013539651,0.0,0,0,1,0,0
1046,-1,0,-0.86706465,0.29586545,0,1,unassigned,58.0,54.0,4.0,0.9310345,0.06896552,0.068965495,0.10831721,0.0074701523,0,0,0,0,0
1047,-1,0,-0.567427,0.36183077,0,1,unassigned,36.0,36.0,0.0,1.0,0.0,0.0,0.065764025,0.0,0,0,0,0,0
1048,-1,0,0.87028986,0.70480597,1,1,unassigned,3.0,3.0,0.0,1.0,0.0,0.0,0.001934236,0.0,0,0,0,1,0
1049,-1,0,0.79346687,0.68857527,1,1,unassigned,4.0,4.0,0.0,1.0,0.0,0.0,0.003868472,0.0,0,0,0,1,0
1050,-1,0,4.553142,0.98957574,1,1,unassigned,83.0,73.0,10.0,0.8795181,0.12048193,0.12048191,0.15667312,0.01887628,0,0,0,1,1
1051,-1,0,2.0298855,0.8838994,1,1,unassigned,19.0,15.0,4.0,0.7894737,0.21052632,0.21052629,0.032882012,0.006922529,0,0,0,1,0
1052,-1,0,-0.7894281,0.31229147,0,1,unassigned,13.0,13.0,0.0,1.0,0.0,0.0,0.021276595,0.0,0,0,0,0,0
1053,-1,1,0.31516004,0.57814425,1,1,unassigned,7.0,3.0,4.0,0.42857143,0.5714286,0.57142854,0.00967118,0.0055263885,1,0,0,1,0
1054,-1,0,0.42667925,0.6050804,1,1,unassigned,22.0,22.0,0.0,1.0,0.0,0.0,0.03868472,0.0,0,0,0,1,0
1055,-1,0,1.7541804,0.85247934,1,1,unassigned,20.0,18.0,2.0,0.9,0.1,0.100000024,0.034816246,0.0034816246,0,0,0,1,0
1056,0,0,0.06215036,0.51553255,1,1,unassigned,20.0,20.0,0.0,1.0,0.0,0.0,0.034816246,0.0,0,0,0,1,0
1057,-1,0,0.8770066,0.70620155,1,1,unassigned,13.0,12.0,1.0,0.9230769,0.07692308,0.07692307,0.021276595,0.0016366612,0,0,0,1,0
1058,-1,0,0.99031407,0.72915,1,1,unassigned,30.0,30.0,0.0,1.0,0.0,0.0,0.054158606,0.0,0,0,0,1,0
1059,-1,0,-0.83801013,0.30195403,0,1,unassigned,38.0,37.0,1.0,0.9736842,0.02631579,0.026315808,0.06963249,0.0018324341,0,0,0,0,0
1060,-1,1,-0.7058904,0.33050755,0,1,unassigned,132.0,113.0,19.0,0.8560606,0.14393939,0.14393938,0.2514507,0.036193658,1,0,0,0,0
1061,-1,0,-0.9411539,0.28066733,0,1,unassigned,128.0,127.0,1.0,0.9921875,0.0078125,0.0078125,0.24371374,0.0019040136,0,0,0,0,0
1062,-1,0,2.452144,0.9207181,1,1,unassigned,50.0,50.0,0.0,1.0,0.0,0.0,0.092843324,0.0,0,0,0,1,1
1063,0,0,-0.76900244,0.31669495,0,0,test,47.0,47.0,0.0,1.0,0.0,0.0,0.08704062,0.0,0,0,1,0,0
1064,1,0,2.3765552,0.9150219,1,0,unassigned,37.0,33.0,4.0,0.8918919,0.10810811,0.1081081,0.06769826,0.0073187314,0,0,1,1,1
1065,1,0,-0.46776015,0.3851465,0,1,test,27.0,27.0,0.0,1.0,0.0,0.0,0.0483559,0.0,0,0,0,0,0
1066,-1,0,-0.52915215,0.37071463,0,1,unassigned,3.0,3.0,0.0,1.0,0.0,0.0,0.001934236,0.0,0,0,0,0,0
1067,-1,0,-0.010375917,0.49740607,0,1,unassigned,15.0,15.0,0.0,1.0,0.0,0.0,0.025145067,0.0,0,0,0,0,0
1068,-1,0,-0.08889842,0.47779003,0,1,unassigned,69.0,67.0,2.0,0.9710145,0.028985508,0.0289855,0.1295938,0.0037563422,0,0,0,0,0
1069,-1,1,-0.67475015,0.33743402,0,1,unassigned,174.0,171.0,3.0,0.98275864,0.01724138,0.017241359,0.3326886,0.00573601,1,0,0,0,0
1070,-1,0,-0.18233648,0.45454174,0,1,unassigned,8.0,8.0,0.0,1.0,0.0,0.0,0.0116054155,0.0,0,0,0,0,0
1071,-1,0,0.2442643,0.56076425,1,1,unassigned,17.0,17.0,0.0,1.0,0.0,0.0,0.029013539,0.0,0,0,0,1,0
1072,-1,0,1.6194801,0.8347234,1,1,unassigned,5.0,5.0,0.0,1.0,0.0,0.0,0.0058027077,0.0,0,0,0,1,0
1073,-1,0,2.1421897,0.8949366,1,1,unassigned,26.0,23.0,3.0,0.88461536,0.115384616,0.11538464,0.046421662,0.005356346,0,0,0,1,0
1074,0,1,-0.52747875,0.3711051,0,0,unassigned,71.0,70.0,1.0,0.9859155,0.014084507,0.014084518,0.13346228,0.0018797504,1,0,1,0,0
1075,-1,0,0.5204589,0.6272551,1,1,unassigned,14.0,14.0,0.0,1.0,0.0,0.0,0.023210831,0.0,0,0,0,1,0
1076,-1,1,-0.41370946,0.39802298,0,1,unassigned,2.0,2.0,0.0,1.0,0.0,0.0,0.0,0.0,1,0,0,0,0
1077,-1,1,0.53748673,0.63122755,1,1,unassigned,2.0,2.0,0.0,1.0,0.0,0.0,0.0,0.0,1,0,0,1,0
1078,-1,0,-0.83964324,0.30160993,0,1,unassigned,3.0,3.0,0.0,1.0,0.0,0.0,0.001934236,0.0,0,0,0,0,0
1079,-1,1,1.5190578,0.8203997,1,1,unassigned,2.0,1.0,1.0,0.5,0.5,0.5,0.0,0.0,1,0,0,1,0
1080,0,0,-0.43174255,0.3937103,0,0,unassigned,9.0,9.0,0.0,1.0,0.0,0.0,0.013539651,0.0,0,0,1,0,0
1081,-1,0,0.6884187,0.665615,1,1,unassigned,7.0,7.0,0.0,1.0,0.0,0.0,0.00967118,0.0,0,0,0,1,0
1082,-1,0,-0.42131644,0.3962018,0,1,unassigned,20.0,20.0,0.0,1.0,0.0,0.0,0.034816246,0.0,0,0,0,0,0
1083,-1,0,2.6821804,0.9359669,1,1,unassigned,21.0,17.0,4.0,0.8095238,0.1904762,0.19047618,0.036750484,0.0070000924,0,0,0,1,1
1084,-1,0,5.758389,0.99685377,1,1,unassigned,10.0,9.0,1.0,0.9,0.1,0.100000024,0.015473888,0.0015473888,0,0,0,1,1
1085,-1,0,-0.3324901,0.4176349,0,1,unassigned,38.0,38.0,0.0,1.0,0.0,0.0,0.06963249,0.0,0,0,0,0,0
1086,-1,0,1.4117785,0.80404633,1,1,unassigned,4.0,2.0,2.0,0.5,0.5,0.5,0.003868472,0.001934236,0,0,0,1,0
1087,-1,0,-0.48091167,0.38203686,0,1,unassigned,38.0,38.0,0.0,1.0,0.0,0.0,0.06963249,0.0,0,0,0,0,0
1088,-1,0,0.3691166,0.59124553,1,1,unassigned,35.0,34.0,1.0,0.9714286,0.028571429,0.028571427,0.06382979,0.0018237082,0,0,0,1,0
1089,-1,0,5.4241796,0.99561065,1,1,unassigned,13.0,13.0,0.0,1.0,0.0,0.0,0.021276595,0.0,0,0,0,1,1
1090,-1,1,0.18560863,0.5462694,1,1,unassigned,5.0,5.0,0.0,1.0,0.0,0.0,0.0058027077,0.0,1,0,0,1,0
1091,-1,1,0.5236333,0.6279969,1,1,unassigned,49.0,45.0,4.0,0.9183673,0.08163265,0.081632674,0.09090909,0.0074211503,1,0,0,1,0
1092,-1,0,-0.61142176,0.35173494,0,1,unassigned,17.0,15.0,2.0,0.88235295,0.11764706,0.11764705,0.029013539,0.0034133575,0,0,0,0,0
1093,-1,1,3.6110013,0.9736864,1,1,unassigned,64.0,63.0,1.0,0.984375,0.015625,0.015625,0.11992263,0.0018737911,1,0,0,1,1
1094,-1,0,2.8266075,0.9440968,1,1,unassigned,23.0,23.0,0.0,1.0,0.0,0.0,0.040618956,0.0,0,0,0,1,1
1095,-1,1,-0.513408,0.37439495,0,1,unassigned,32.0,32.0,0.0,1.0,0.0,0.0,0.058027077,0.0,1,0,0,0,0
1096,-1,1,-0.83711517,0.3021427,0,1,unassigned,24.0,22.0,2.0,0.9166667,0.083333336,0.08333331,0.04255319,0.0035460992,1,0,0,0,0
1097,-1,0,0.6876231,0.66543794,1,1,unassigned,8.0,8.0,0.0,1.0,0.0,0.0,0.0116054155,0.0,0,0,0,1,0
1098,-1,0,-0.9263265,0.2836706,0,1,unassigned,69.0,65.0,4.0,0.942029,0.057971016,0.057971,0.1295938,0.0075126844,0,0,0,0,0
1099,-1,1,-0.40121046,0.40102154,0,1,unassigned,7.0,7.0,0.0,1.0,0.0,0.0,0.00967118,0.0,1,0,0,0,0
1100,-1,1,1.7299263,0.849403,1,1,unassigned,3.0,2.0,1.0,0.6666667,0.33333334,0.3333333,0.001934236,0.00064474536,1,0,0,1,0
1101,1,0,0.8891836,0.70872164,1,0,test,9.0,8.0,1.0,0.8888889,0.11111111,0.111111104,0.013539651,0.0015044058,0,0,1,1,0
1102,-1,0,-0.8242239,0.3048678,0,1,unassigned,220.0,219.0,1.0,0.99545455,0.0045454544,0.00454545,0.42166343,0.001916652,0,0,0,0,0
1103,-1,1,2.0754387,0.8884929,1,1,unassigned,26.0,26.0,0.0,1.0,0.0,0.0,0.046421662,0.0,1,0,0,1,0
1104,0,1,-0.67132443,0.33820036,0,0,train,12.0,12.0,0.0,1.0,0.0,0.0,0.01934236,0.0,1,0,1,0,0
1105,-1,0,-0.987488,0.27140853,0,1,unassigned,51.0,51.0,0.0,1.0,0.0,0.0,0.09477756,0.0,0,0,0,0,0
1106,-1,0,0.042486012,0.51061994,1,1,unassigned,7.0,7.0,0.0,1.0,0.0,0.0,0.00967118,0.0,0,0,0,1,0
1107,-1,0,-0.06302458,0.4842491,0,1,unassigned,70.0,70.0,0.0,1.0,0.0,0.0,0.13152805,0.0,0,0,0,0,0
1108,-1,0,2.0854726,0.88948315,1,1,unassigned,13.0,13.0,0.0,1.0,0.0,0.0,0.021276595,0.0,0,0,0,1,0
1109,-1,0,-0.84865695,0.29971468,0,1,unassigned,133.0,131.0,2.0,0.9849624,0.015037594,0.015037596,0.25338492,0.0038102996,0,0,0,0,0
1110,-1,0,-0.07346809,0.4816412,0,1,unassigned,11.0,11.0,0.0,1.0,0.0,0.0,0.017408123,0.0,0,0,0,0,0
1111,0,0,-0.82501435,0.3047003,0,0,test,38.0,38.0,0.0,1.0,0.0,0.0,0.06963249,0.0,0,0,1,0,0
1112,-1,0,-0.14669165,0.4633927,0,1,unassigned,25.0,25.0,0.0,1.0,0.0,0.0,0.044487428,0.0,0,0,0,0,0
1113,-1,0,-0.90216833,0.2886051,0,1,unassigned,172.0,167.0,5.0,0.9709302,0.029069768,0.029069781,0.3288201,0.009558724,0,0,0,0,0
1114,-1,0,0.905821,0.71214426,1,1,unassigned,20.0,20.0,0.0,1.0,0.0,0.0,0.034816246,0.0,0,0,0,1,0
1115,-1,0,-0.5909887,0.35640806,0,1,unassigned,16.0,15.0,1.0,0.9375,0.0625,0.0625,0.027079303,0.0016924564,0,0,0,0,0
1116,-1,0,0.6464383,0.6562074,1,1,unassigned,3.0,3.0,0.0,1.0,0.0,0.0,0.001934236,0.0,0,0,0,1,0
1117,-1,0,1.5527956,0.8253172,1,1,unassigned,22.0,22.0,0.0,1.0,0.0,0.0,0.03868472,0.0,0,0,0,1,0
1118,-1,0,-0.7170756,0.3280373,0,1,unassigned,75.0,75.0,0.0,1.0,0.0,0.0,0.14119923,0.0,0,0,0,0,0
1119,-1,1,-0.0015548468,0.49961126,0,1,unassigned,22.0,21.0,1.0,0.95454544,0.045454547,0.04545456,0.03868472,0.0017583964,1,0,0,0,0
1120,-1,0,0.46340162,0.61382085,1,1,unassigned,17.0,16.0,1.0,0.9411765,0.05882353,0.058823526,0.029013539,0.0017066788,0,0,0,1,0
1121,-1,0,2.496809,0.9239178,1,1,unassigned,18.0,18.0,0.0,1.0,0.0,0.0,0.030947777,0.0,0,0,0,1,1
1122,-1,0,3.3742578,0.9668902,1,1,unassigned,14.0,10.0,4.0,0.71428573,0.2857143,0.28571427,0.023210831,0.0066316663,0,0,0,1,1
1123,-1,1,-0.5366525,0.36896664,0,1,unassigned,104.0,103.0,1.0,0.99038464,0.009615385,0.009615362,0.19729207,0.0018970392,1,0,0,0,0
1124,-1,0,-0.28417122,0.42943144,0,1,unassigned,33.0,30.0,3.0,0.90909094,0.09090909,0.090909064,0.059961315,0.0054510287,0,0,0,0,0
1125,-1,1,-0.80065507,0.3098854,0,1,unassigned,84.0,81.0,3.0,0.96428573,0.035714287,0.03571427,0.15860735,0.0056645484,1,0,0,0,0
1126,-1,0,1.7987401,0.85799545,1,1,unassigned,16.0,16.0,0.0,1.0,0.0,0.0,0.027079303,0.0,0,0,0,1,0
1127,-1,0,2.2489774,0.90456235,1,1,unassigned,8.0,8.0,0.0,1.0,0.0,0.0,0.0116054155,0.0,0,0,0,1,1
1128,-1,1,-0.7307851,0.3250225,0,1,unassigned,29.0,19.0,10.0,0.6551724,0.3448276,0.3448276,0.05222437,0.018008403,1,0,0,0,0
1129,-1,0,-0.35406962,0.41239592,0,1,unassigned,3.0,3.0,0.0,1.0,0.0,0.0,0.001934236,0.0,0,0,0,0,0
1130,-1,0,0.91731864,0.7144954,1,1,unassigned,11.0,11.0,0.0,1.0,0.0,0.0,0.017408123,0.0,0,0,0,1,0
1131,1,0,0.0052914023,0.50132287,1,0,test,8.0,7.0,1.0,0.875,0.125,0.125,0.0116054155,0.0014506769,0,0,1,1,0
1132,-1,1,-0.18798974,0.45314047,0,1,unassigned,14.0,12.0,2.0,0.85714287,0.14285715,0.14285713,0.023210831,0.0033158332,1,0,0,0,0
1133,-1,0,5.9122133,0.99730116,1,1,unassigned,3.0,3.0,0.0,1.0,0.0,0.0,0.001934236,0.0,0,0,0,1,1
1134,-1,1,-0.6643357,0.33976632,0,1,unassigned,3.0,2.0,1.0,0.6666667,0.33333334,0.3333333,0.001934236,0.00064474536,1,0,0,0,0
1135,-1,0,-0.11724648,0.4707219,0,1,unassigned,26.0,26.0,0.0,1.0,0.0,0.0,0.046421662,0.0,0,0,0,0,0
1136,-1,1,-0.40750462,0.39951065,0,1,unassigned,106.0,84.0,22.0,0.7924528,0.20754717,0.20754719,0.20116054,0.0417503,1,0,0,0,0
1137,-1,1,-0.53547096,0.3692418,0,1,unassigned,4.0,4.0,0.0,1.0,0.0,0.0,0.003868472,0.0,1,0,0,0,0
1138,-1,1,0.12135744,0.53030217,1,1,unassigned,30.0,29.0,1.0,0.96666664,0.033333335,0.03333336,0.054158606,0.001805287,1,0,0,1,0
1139,0,1,-0.50167316,0.37714756,0,0,test,17.0,17.0,0.0,1.0,0.0,0.0,0.029013539,0.0,1,0,1,0,0
1140,-1,0,4.5817866,0.9898671,1,1,unassigned,3.0,3.0,0.0,1.0,0.0,0.0,0.001934236,0.0,0,0,0,1,1
1141,-1,0,4.0351634,0.9826245,1,1,unassigned,3.0,3.0,0.0,1.0,0.0,0.0,0.001934236,0.0,0,0,0,1,1
1142,-1,1,2.4501903,0.9205754,1,1,unassigned,33.0,33.0,0.0,1.0,0.0,0.0,0.059961315,0.0,1,0,0,1,1
1143,1,0,-0.084215045,0.47895864,0,1,val,52.0,52.0,0.0,1.0,0.0,0.0,0.0967118,0.0,0,0,0,0,0
1144,-1,0,0.031341136,0.5078346,1,1,unassigned,22.0,22.0,0.0,1.0,0.0,0.0,0.03868472,0.0,0,0,0,1,0
1145,-1,0,0.7265242,0.67404205,1,1,unassigned,5.0,5.0,0.0,1.0,0.0,0.0,0.0058027077,0.0,0,0,0,1,0
1146,-1,1,4.582353,0.9898728,1,1,unassigned,2.0,2.0,0.0,1.0,0.0,0.0,0.0,0.0,1,0,0,1,1
1147,-1,1,0.45704347,0.61231256,1,1,unassigned,32.0,32.0,0.0,1.0,0.0,0.0,0.058027077,0.0,1,0,0,1,0
1148,-1,0,0.72340924,0.6733573,1,1,unassigned,29.0,29.0,0.0,1.0,0.0,0.0,0.05222437,0.0,0,0,0,1,0
1149,-1,0,0.93350154,0.7177851,1,1,unassigned,37.0,37.0,0.0,1.0,0.0,0.0,0.06769826,0.0,0,0,0,1,0
1150,-1,1,1.1580744,0.7609826,1,1,unassigned,2.0,2.0,0.0,1.0,0.0,0.0,0.0,0.0,1,0,0,1,0
1151,0,0,0.9470816,0.7205279,1,1,unassigned,34.0,34.0,0.0,1.0,0.0,0.0,0.061895553,0.0,0,0,0,1,0
1152,-1,1,-0.44948626,0.38948292,0,1,unassigned,6.0,6.0,0.0,1.0,0.0,0.0,0.007736944,0.0,1,0,0,0,0
1153,-1,0,0.76764566,0.6830114,1,1,unassigned,5.0,5.0,0.0,1.0,0.0,0.0,0.0058027077,0.0,0,0,0,1,0
1154,0,0,-0.09601405,0.4760149,0,0,test,16.0,16.0,0.0,1.0,0.0,0.0,0.027079303,0.0,0,0,1,0,0
1155,-1,1,4.7558045,0.9914717,1,1,unassigned,6.0,6.0,0.0,1.0,0.0,0.0,0.007736944,0.0,1,0,0,1,1
1156,-1,0,2.7568576,0.94029945,1,1,unassigned,42.0,42.0,0.0,1.0,0.0,0.0,0.07736944,0.0,0,0,0,1,1
1157,1,0,0.9910392,0.7292931,1,0,val,44.0,41.0,3.0,0.9318182,0.06818182,0.06818181,0.08123791,0.005538949,0,0,1,1,0
1158,-1,0,-0.52235377,0.37230203,0,1,unassigned,330.0,298.0,32.0,0.9030303,0.096969694,0.09696972,0.6344294,0.061520424,0,0,0,0,0
1159,-1,0,-0.4956981,0.37855214,0,1,unassigned,7.0,7.0,0.0,1.0,0.0,0.0,0.00967118,0.0,0,0,0,0,0
1160,-1,0,-0.9020511,0.2886292,0,1,unassigned,36.0,36.0,0.0,1.0,0.0,0.0,0.065764025,0.0,0,0,0,0,0
1161,-1,0,5.3223376,0.99514234,1,1,unassigned,3.0,3.0,0.0,1.0,0.0,0.0,0.001934236,0.0,0,0,0,1,1
1162,-1,0,-0.8246602,0.30477533,0,1,unassigned,31.0,31.0,0.0,1.0,0.0,0.0,0.056092843,0.0,0,0,0,0,0
1163,-1,0,-0.10176581,0.4745805,0,1,unassigned,7.0,7.0,0.0,1.0,0.0,0.0,0.00967118,0.0,0,0,0,0,0
1164,-1,0,-0.34378415,0.4148906,0,1,unassigned,15.0,15.0,0.0,1.0,0.0,0.0,0.025145067,0.0,0,0,0,0,0
1165,-1,0,6.0616574,0.9976749,1,1,unassigned,2.0,2.0,0.0,1.0,0.0,0.0,0.0,0.0,0,0,0,1,1
1166,-1,0,-0.78574514,0.313083,0,1,unassigned,15.0,15.0,0.0,1.0,0.0,0.0,0.025145067,0.0,0,0,0,0,0
1167,-1,0,-0.37231994,0.4079806,0,1,unassigned,39.0,39.0,0.0,1.0,0.0,0.0,0.07156673,0.0,0,0,0,0,0
1168,-1,0,-0.7084487,0.3299417,0,1,unassigned,6.0,6.0,0.0,1.0,0.0,0.0,0.007736944,0.0,0,0,0,0,0
1169,-1,1,-0.30179626,0.42511845,0,1,unassigned,2.0,2.0,0.0,1.0,0.0,0.0,0.0,0.0,1,0,0,0,0
1170,-1,0,-0.36491698,0.40976983,0,1,unassigned,10.0,9.0,1.0,0.9,0.1,0.100000024,0.015473888,0.0015473888,0,0,0,0,0
1171,-1,0,1.2970634,0.7853403,1,1,unassigned,3.0,3.0,0.0,1.0,0.0,0.0,0.001934236,0.0,0,0,0,1,0
1172,-1,1,-0.48849833,0.38024738,0,1,unassigned,26.0,25.0,1.0,0.96153843,0.03846154,0.038461566,0.046421662,0.0017854486,1,0,0,0,0
1173,-1,0,-0.2304368,0.44264436,0,1,unassigned,7.0,7.0,0.0,1.0,0.0,0.0,0.00967118,0.0,0,0,0,0,0
1174,-1,0,3.5319827,0.97158414,1,1,unassigned,3.0,2.0,1.0,0.6666667,0.33333334,0.3333333,0.001934236,0.00064474536,0,0,0,1,1
1175,-1,1,5.687498,0.9966234,1,1,unassigned,4.0,4.0,0.0,1.0,0.0,0.0,0.003868472,0.0,1,0,0,1,1
1176,0,0,-0.91569674,0.2858355,0,0,test,2.0,2.0,0.0,1.0,0.0,0.0,0.0,0.0,0,0,1,0,0
1177,-1,0,3.9744437,0.9815568,1,1,unassigned,2.0,1.0,1.0,0.5,0.5,0.5,0.0,0.0,0,0,0,1,1
1178,-1,1,1.9428704,0.8746671,1,1,unassigned,2.0,2.0,0.0,1.0,0.0,0.0,0.0,0.0,1,0,0,1,0
1179,-1,1,3.7827518,0.97774655,1,1,unassigned,2.0,2.0,0.0,1.0,0.0,0.0,0.0,0.0,1,0,0,1,1
1180,0,1,0.3578531,0.5885206,1,1,test,12.0,12.0,0.0,1.0,0.0,0.0,0.01934236,0.0,1,0,0,1,0
1181,-1,0,0.51771635,0.6266136,1,1,unassigned,4.0,4.0,0.0,1.0,0.0,0.0,0.003868472,0.0,0,0,0,1,0
1182,-1,1,1.0427532,0.7393809,1,1,unassigned,5.0,5.0,0.0,1.0,0.0,0.0,0.0058027077,0.0,1,0,0,1,0
1183,1,0,2.171663,0.8976758,1,0,val,9.0,9.0,0.0,1.0,0.0,0.0,0.013539651,0.0,0,0,1,1,0
1184,-1,1,1.1983066,0.7682234,1,1,unassigned,4.0,4.0,0.0,1.0,0.0,0.0,0.003868472,0.0,1,0,0,1,0
1185,0,0,0.23115742,0.5575334,1,1,unassigned,102.0,82.0,20.0,0.8039216,0.19607843,0.19607842,0.1934236,0.037926197,0,0,0,1,0
1186,-1,0,-0.5819993,0.3584727,0,1,unassigned,104.0,101.0,3.0,0.97115386,0.028846154,0.028846145,0.19729207,0.0056911176,0,0,0,0,0
1187,-1,0,0.5522112,0.63464844,1,1,unassigned,4.0,4.0,0.0,1.0,0.0,0.0,0.003868472,0.0,0,0,0,1,0
1188,-1,0,3.9110725,0.98037386,1,1,unassigned,17.0,16.0,1.0,0.9411765,0.05882353,0.058823526,0.029013539,0.0017066788,0,0,0,1,1
1189,-1,0,-0.15656626,0.46093822,0,1,unassigned,5.0,5.0,0.0,1.0,0.0,0.0,0.0058027077,0.0,0,0,0,0,0
1190,-1,0,-0.706057,0.33047068,0,1,unassigned,35.0,35.0,0.0,1.0,0.0,0.0,0.06382979,0.0,0,0,0,0,0
1191,-1,1,1.2483957,0.77702206,1,1,unassigned,27.0,27.0,0.0,1.0,0.0,0.0,0.0483559,0.0,1,0,0,1,0
1192,-1,1,1.089941,0.7483706,1,1,unassigned,13.0,13.0,0.0,1.0,0.0,0.0,0.021276595,0.0,1,0,0,1,0
1193,-1,1,1.0893776,0.74826455,1,1,unassigned,18.0,2.0,16.0,0.11111111,0.8888889,0.8888889,0.030947777,0.027509134,1,1,0,1,0
1194,-1,1,-0.20854932,0.4480508,0,1,unassigned,24.0,24.0,0.0,1.0,0.0,0.0,0.04255319,0.0,1,0,0,0,0
1195,-1,0,-0.93530643,0.28184938,0,1,unassigned,26.0,25.0,1.0,0.96153843,0.03846154,0.038461566,0.046421662,0.0017854486,0,0,0,0,0
1196,-1,1,2.0452054,0.8854622,1,1,unassigned,39.0,39.0,0.0,1.0,0.0,0.0,0.07156673,0.0,1,0,0,1,0
1197,-1,0,-0.5123217,0.3746494,0,1,unassigned,7.0,7.0,0.0,1.0,0.0,0.0,0.00967118,0.0,0,0,0,0,0
1198,-1,0,-0.6935867,0.33323565,0,1,unassigned,42.0,42.0,0.0,1.0,0.0,0.0,0.07736944,0.0,0,0,0,0,0
1199,-1,0,-0.7378826,0.3234673,0,1,unassigned,21.0,21.0,0.0,1.0,0.0,0.0,0.036750484,0.0,0,0,0,0,0
1200,-1,0,-0.4261288,0.3950511,0,1,unassigned,53.0,53.0,0.0,1.0,0.0,0.0,0.09864604,0.0,0,0,0,0,0
1201,-1,1,2.9356983,0.9495832,1,1,unassigned,33.0,33.0,0.0,1.0,0.0,0.0,0.059961315,0.0,1,0,0,1,1
1202,-1,0,-0.921168,0.28471997,0,1,unassigned,45.0,45.0,0.0,1.0,0.0,0.0,0.08317215,0.0,0,0,0,0,0
1203,-1,0,6.9662547,0.9990577,1,1,unassigned,27.0,26.0,1.0,0.962963,0.037037037,0.037037015,0.0483559,0.0017909593,0,0,0,1,1
1204,0,1,-0.81417274,0.307002,0,0,unassigned,39.0,39.0,0.0,1.0,0.0,0.0,0.07156673,0.0,1,0,1,0,0
1205,-1,0,3.5448096,0.97193617,1,1,unassigned,7.0,6.0,1.0,0.85714287,0.14285715,0.14285713,0.00967118,0.0013815971,0,0,0,1,1
1206,-1,0,2.404009,0.91713244,1,1,unassigned,12.0,12.0,0.0,1.0,0.0,0.0,0.01934236,0.0,0,0,0,1,1
1207,0,0,-0.13549909,0.46617696,0,0,unassigned,11.0,11.0,0.0,1.0,0.0,0.0,0.017408123,0.0,0,0,1,0,0
1208,-1,0,-0.03437525,0.49140704,0,1,unassigned,10.0,8.0,2.0,0.8,0.2,0.19999999,0.015473888,0.0030947777,0,0,0,0,0
1209,-1,1,0.41636473,0.602613,1,1,unassigned,4.0,4.0,0.0,1.0,0.0,0.0,0.003868472,0.0,1,0,0,1,0
1210,-1,1,2.8667793,0.9461796,1,1,unassigned,3.0,3.0,0.0,1.0,0.0,0.0,0.001934236,0.0,1,0,0,1,1
1211,-1,0,3.3119214,0.9648355,1,1,unassigned,43.0,36.0,7.0,0.8372093,0.1627907,0.16279072,0.079303674,0.0129099,0,0,0,1,1
1212,-1,0,-0.7214559,0.32707247,0,1,unassigned,27.0,27.0,0.0,1.0,0.0,0.0,0.0483559,0.0,0,0,0,0,0
1213,-1,0,-0.35849872,0.411323,0,1,unassigned,18.0,17.0,1.0,0.9444444,0.055555556,0.055555582,0.030947777,0.0017193209,0,0,0,0,0
1214,1,0,1.6501424,0.8389103,1,0,val,23.0,23.0,0.0,1.0,0.0,0.0,0.040618956,0.0,0,0,1,1,0
1215,-1,0,-0.66069233,0.3405841,0,1,unassigned,2.0,1.0,1.0,0.5,0.5,0.5,0.0,0.0,0,0,0,0,0
1216,-1,0,2.2342865,0.90328646,1,1,unassigned,3.0,3.0,0.0,1.0,0.0,0.0,0.001934236,0.0,0,0,0,1,1
1217,-1,0,2.2397022,0.9037585,1,1,unassigned,2.0,2.0,0.0,1.0,0.0,0.0,0.0,0.0,0,0,0,1,1
1218,1,0,-0.68383044,0.33540693,0,1,unassigned,37.0,37.0,0.0,1.0,0.0,0.0,0.06769826,0.0,0,0,0,0,0
1219,-1,0,-0.9476943,0.27934873,0,1,unassigned,23.0,22.0,1.0,0.95652175,0.04347826,0.04347825,0.040618956,0.0017660416,0,0,0,0,0
1220,-1,0,-0.6524621,0.34243494,0,1,unassigned,21.0,20.0,1.0,0.95238096,0.04761905,0.047619045,0.036750484,0.0017500231,0,0,0,0,0
1221,-1,1,0.3017857,0.574879,1,1,unassigned,18.0,18.0,0.0,1.0,0.0,0.0,0.030947777,0.0,1,0,0,1,0
1222,-1,0,6.1883044,0.997951,1,1,unassigned,4.0,2.0,2.0,0.5,0.5,0.5,0.003868472,0.001934236,0,0,0,1,1
1223,-1,0,-0.94112456,0.28067324,0,1,unassigned,26.0,26.0,0.0,1.0,0.0,0.0,0.046421662,0.0,0,0,0,0,0
1224,-1,0,1.2759304,0.7817562,1,1,unassigned,35.0,32.0,3.0,0.9142857,0.08571429,0.08571428,0.06382979,0.005471125,0,0,0,1,0
1225,-1,0,2.5514414,0.9276703,1,1,unassigned,6.0,4.0,2.0,0.6666667,0.33333334,0.3333333,0.007736944,0.0025789815,0,0,0,1,1
1226,-1,0,-0.88845253,0.29142928,0,1,unassigned,73.0,73.0,0.0,1.0,0.0,0.0,0.13733076,0.0,0,0,0,0,0
1227,-1,1,-0.478338,0.38264465,0,1,unassigned,78.0,76.0,2.0,0.974359,0.025641026,0.025641024,0.14700194,0.0037692804,1,0,0,0,0
1228,-1,1,0.35914576,0.58883363,1,1,unassigned,37.0,36.0,1.0,0.972973,0.027027028,0.02702701,0.06769826,0.0018296828,1,0,0,1,0
1229,1,0,1.9451475,0.87491655,1,0,test,3.0,2.0,1.0,0.6666667,0.33333334,0.3333333,0.001934236,0.00064474536,0,0,1,1,0
1230,1,0,0.6084991,0.6475983,1,0,unassigned,2.0,2.0,0.0,1.0,0.0,0.0,0.0,0.0,0,0,1,1,0
1231,-1,0,0.0165779,0.5041444,1,1,unassigned,8.0,8.0,0.0,1.0,0.0,0.0,0.0116054155,0.0,0,0,0,1,0
1232,-1,0,6.037381,0.9976179,1,1,unassigned,6.0,6.0,0.0,1.0,0.0,0.0,0.007736944,0.0,0,0,0,1,1
1233,-1,0,1.1741588,0.76389587,1,1,unassigned,10.0,10.0,0.0,1.0,0.0,0.0,0.015473888,0.0,0,0,0,1,0
1234,0,0,-0.39616796,0.4022334,0,0,unassigned,13.0,11.0,2.0,0.84615386,0.15384616,0.15384614,0.021276595,0.0032733225,0,0,1,0,0
1235,-1,0,0.10471231,0.5261542,1,1,unassigned,82.0,82.0,0.0,1.0,0.0,0.0,0.15473887,0.0,0,0,0,1,0
1236,-1,0,-0.07670277,0.48083374,0,1,unassigned,8.0,8.0,0.0,1.0,0.0,0.0,0.0116054155,0.0,0,0,0,0,0
1237,-1,0,3.1455984,0.958735,1,1,unassigned,11.0,10.0,1.0,0.90909094,0.09090909,0.090909064,0.017408123,0.0015825568,0,0,0,1,1
1238,-1,1,-0.54268885,0.36756232,0,1,unassigned,110.0,107.0,3.0,0.9727273,0.027272727,0.027272701,0.20889749,0.0056972043,1,0,0,0,0
1239,-1,0,2.1342885,0.8941915,1,1,unassigned,5.0,4.0,1.0,0.8,0.2,0.19999999,0.0058027077,0.0011605415,0,0,0,1,0
1240,-1,0,-0.6648181,0.33965814,0,1,unassigned,6.0,6.0,0.0,1.0,0.0,0.0,0.007736944,0.0,0,0,0,0,0
1241,-1,0,-0.62039924,0.34969068,0,1,unassigned,8.0,7.0,1.0,0.875,0.125,0.125,0.0116054155,0.0014506769,0,0,0,0,0
1242,-1,0,-0.21059027,0.44754615,0,1,unassigned,2.0,2.0,0.0,1.0,0.0,0.0,0.0,0.0,0,0,0,0,0
1243,1,0,0.6812746,0.6640231,1,0,unassigned,49.0,46.0,3.0,0.93877554,0.06122449,0.06122446,0.09090909,0.005565863,0,0,1,1,0
1244,-1,0,12.094896,0.9999944,1,1,unassigned,2.0,2.0,0.0,1.0,0.0,0.0,0.0,0.0,0,0,0,1,1
1245,-1,0,-0.46598294,0.3855675,0,1,unassigned,2.0,2.0,0.0,1.0,0.0,0.0,0.0,0.0,0,0,0,0,0
1246,-1,1,0.9474593,0.72060394,1,1,unassigned,14.0,14.0,0.0,1.0,0.0,0.0,0.023210831,0.0,1,0,0,1,0
1247,-1,1,0.035770357,0.50894165,1,1,unassigned,55.0,53.0,2.0,0.96363634,0.036363635,0.03636366,0.102514505,0.0037278,1,0,0,1,0
1248,-1,1,-0.925615,0.28381518,0,1,unassigned,47.0,46.0,1.0,0.9787234,0.021276595,0.021276593,0.08704062,0.001851928,1,0,0,0,0
1249,-1,1,-0.29121554,0.42770636,0,1,unassigned,28.0,28.0,0.0,1.0,0.0,0.0,0.050290134,0.0,1,0,0,0,0
1250,1,0,3.0677354,0.955542,1,0,val,6.0,5.0,1.0,0.8333333,0.16666667,0.16666669,0.007736944,0.0012894907,0,0,1,1,1
1251,-1,0,0.4746992,0.6164954,1,1,unassigned,10.0,10.0,0.0,1.0,0.0,0.0,0.015473888,0.0,0,0,0,1,0
1252,-1,0,-0.6460697,0.34387577,0,1,unassigned,2.0,2.0,0.0,1.0,0.0,0.0,0.0,0.0,0,0,0,0,0
1253,-1,1,-0.85855377,0.2976416,0,1,unassigned,53.0,53.0,0.0,1.0,0.0,0.0,0.09864604,0.0,1,0,0,0,0
1254,1,0,-0.52724564,0.37115952,0,1,test,24.0,24.0,0.0,1.0,0.0,0.0,0.04255319,0.0,0,0,0,0,0
1255,-1,0,-0.8375567,0.3020496,0,1,unassigned,87.0,84.0,3.0,0.9655172,0.03448276,0.034482777,0.16441005,0.005669312,0,0,0,0,0
1256,-1,0,-0.52503294,0.37167612,0,1,unassigned,9.0,9.0,0.0,1.0,0.0,0.0,0.013539651,0.0,0,0,0,0,0
1257,-1,0,-0.51171446,0.37479174,0,1,unassigned,61.0,61.0,0.0,1.0,0.0,0.0,0.114119925,0.0,0,0,0,0,0
1258,0,0,0.21948725,0.5546526,1,1,unassigned,20.0,20.0,0.0,1.0,0.0,0.0,0.034816246,0.0,0,0,0,1,0
1259,-1,0,0.37091875,0.59168094,1,1,unassigned,25.0,25.0,0.0,1.0,0.0,0.0,0.044487428,0.0,0,0,0,1,0
1260,-1,0,-0.047307312,0.48817536,0,1,unassigned,9.0,9.0,0.0,1.0,0.0,0.0,0.013539651,0.0,0,0,0,0,0
1261,-1,0,-0.7432455,0.32229486,0,1,unassigned,60.0,56.0,4.0,0.93333334,0.06666667,0.06666666,0.11218569,0.007479046,0,0,0,0,0
1262,-1,0,5.0240984,0.9934655,1,1,unassigned,12.0,10.0,2.0,0.8333333,0.16666667,0.16666669,0.01934236,0.0032237265,0,0,0,1,1
1263,-1,0,-0.9221081,0.28452855,0,1,unassigned,91.0,91.0,0.0,1.0,0.0,0.0,0.172147,0.0,0,0,0,0,0
1264,-1,0,-0.91920704,0.28511947,0,1,unassigned,73.0,70.0,3.0,0.9589041,0.04109589,0.041095912,0.13733076,0.0056437296,0,0,0,0,0
1265,-1,0,0.7888649,0.68758756,1,1,unassigned,24.0,22.0,2.0,0.9166667,0.083333336,0.08333331,0.04255319,0.0035460992,0,0,0,1,0
1266,-1,1,-0.577901,0.3594157,0,1,unassigned,139.0,134.0,5.0,0.9640288,0.035971224,0.035971224,0.26499033,0.009532027,1,0,0,0,0
1267,1,0,-0.27408934,0.43190342,0,1,val,17.0,15.0,2.0,0.88235295,0.11764706,0.11764705,0.029013539,0.0034133575,0,0,0,0,0
1268,-1,0,-0.9166568,0.28563958,0,1,unassigned,71.0,71.0,0.0,1.0,0.0,0.0,0.13346228,0.0,0,0,0,0,0
1269,-1,0,0.69820195,0.66778904,1,1,unassigned,6.0,6.0,0.0,1.0,0.0,0.0,0.007736944,0.0,0,0,0,1,0
1270,-1,0,-0.8053005,0.30889282,0,1,unassigned,49.0,48.0,1.0,0.97959185,0.020408163,0.020408154,0.09090909,0.0018552876,0,0,0,0,0
1271,-1,0,-0.28897148,0.42825568,0,1,unassigned,25.0,24.0,1.0,0.96,0.04,0.04000002,0.044487428,0.001779497,0,0,0,0,0
1272,-1,0,-0.28796315,0.42850256,0,1,unassigned,58.0,56.0,2.0,0.9655172,0.03448276,0.034482777,0.10831721,0.0037350762,0,0,0,0,0
1273,-1,0,-0.5677557,0.36175486,0,1,unassigned,24.0,24.0,0.0,1.0,0.0,0.0,0.04255319,0.0,0,0,0,0,0
1274,-1,0,-0.8784914,0.2934905,0,1,unassigned,28.0,28.0,0.0,1.0,0.0,0.0,0.050290134,0.0,0,0,0,0,0
1275,-1,0,2.3584073,0.91360015,1,1,unassigned,8.0,7.0,1.0,0.875,0.125,0.125,0.0116054155,0.0014506769,0,0,0,1,1
1276,-1,0,-0.22254449,0.4445924,0,1,unassigned,3.0,3.0,0.0,1.0,0.0,0.0,0.001934236,0.0,0,0,0,0,0
1277,-1,0,-0.7895558,0.31226406,0,1,unassigned,20.0,20.0,0.0,1.0,0.0,0.0,0.034816246,0.0,0,0,0,0,0
1278,-1,0,0.61153084,0.6482899,1,1,unassigned,12.0,5.0,7.0,0.41666666,0.5833333,0.5833334,0.01934236,0.011283043,0,0,0,1,0
1279,-1,0,-0.5890293,0.35685763,0,1,unassigned,59.0,59.0,0.0,1.0,0.0,0.0,0.11025145,0.0,0,0,0,0,0
1280,-1,0,-0.8609892,0.2971327,0,1,unassigned,11.0,9.0,2.0,0.8181818,0.18181819,0.18181819,0.017408123,0.0031651135,0,0,0,0,0
1281,-1,0,-0.8936974,0.2903474,0,1,unassigned,31.0,31.0,0.0,1.0,0.0,0.0,0.056092843,0.0,0,0,0,0,0
1282,-1,0,-0.8458698,0.30029997,0,1,unassigned,64.0,62.0,2.0,0.96875,0.03125,0.03125,0.11992263,0.0037475822,0,0,0,0,0
1283,1,0,1.7980363,0.85790974,1,0,val,7.0,7.0,0.0,1.0,0.0,0.0,0.00967118,0.0,0,0,1,1,0
1284,-1,0,13.156406,0.9999981,1,1,unassigned,4.0,3.0,1.0,0.75,0.25,0.25,0.003868472,0.000967118,0,0,0,1,1
1285,0,0,-0.63731664,0.34585336,0,0,test,9.0,8.0,1.0,0.8888889,0.11111111,0.111111104,0.013539651,0.0015044058,0,0,1,0,0
1286,-1,0,3.2739856,0.9635255,1,1,unassigned,4.0,4.0,0.0,1.0,0.0,0.0,0.003868472,0.0,0,0,0,1,1
1287,-1,0,3.8933794,0.9800306,1,1,unassigned,54.0,42.0,12.0,0.7777778,0.22222222,0.22222221,0.10058027,0.02235117,0,0,0,1,1
1288,-1,0,-0.98323476,0.27225038,0,1,unassigned,19.0,19.0,0.0,1.0,0.0,0.0,0.032882012,0.0,0,0,0,0,0
1289,-1,1,-0.6012966,0.35404712,0,1,unassigned,32.0,32.0,0.0,1.0,0.0,0.0,0.058027077,0.0,1,0,0,0,0
1290,-1,0,-0.95396245,0.27808866,0,1,unassigned,32.0,32.0,0.0,1.0,0.0,0.0,0.058027077,0.0,0,0,0,0,0
1291,0,1,-0.49173594,0.3794847,0,0,test,47.0,47.0,0.0,1.0,0.0,0.0,0.08704062,0.0,1,0,1,0,0
1292,1,1,-0.6893523,0.3341772,0,1,unassigned,35.0,28.0,7.0,0.8,0.2,0.19999999,0.06382979,0.012765958,1,0,0,0,0
1293,-1,0,3.7270577,0.9765019,1,1,unassigned,3.0,3.0,0.0,1.0,0.0,0.0,0.001934236,0.0,0,0,0,1,1
1294,-1,0,1.8995223,0.86983746,1,1,unassigned,2.0,2.0,0.0,1.0,0.0,0.0,0.0,0.0,0,0,0,1,0
1295,-1,0,0.026403844,0.50660056,1,1,unassigned,41.0,41.0,0.0,1.0,0.0,0.0,0.07543521,0.0,0,0,0,1,0
1296,-1,0,2.978854,0.9516096,1,1,unassigned,2.0,2.0,0.0,1.0,0.0,0.0,0.0,0.0,0,0,0,1,1
1297,-1,1,1.395201,0.8014213,1,1,unassigned,7.0,7.0,0.0,1.0,0.0,0.0,0.00967118,0.0,1,0,0,1,0
1298,-1,1,-0.7789391,0.31454858,0,1,unassigned,8.0,8.0,0.0,1.0,0.0,0.0,0.0116054155,0.0,1,0,0,0,0
1299,1,1,5.0722027,0.9937704,1,0,train,6.0,6.0,0.0,1.0,0.0,0.0,0.007736944,0.0,1,0,1,1,1
1300,1,0,2.9322498,0.9494178,1,0,val,11.0,10.0,1.0,0.90909094,0.09090909,0.090909064,0.017408123,0.0015825568,0,0,1,1,1
1301,-1,0,-0.020975113,0.49475637,0,1,unassigned,16.0,16.0,0.0,1.0,0.0,0.0,0.027079303,0.0,0,0,0,0,0
1302,-1,0,2.4369214,0.9195997,1,1,unassigned,13.0,13.0,0.0,1.0,0.0,0.0,0.021276595,0.0,0,0,0,1,1
1303,1,0,-0.86690676,0.29589835,0,1,test,51.0,51.0,0.0,1.0,0.0,0.0,0.09477756,0.0,0,0,0,0,0
1304,-1,0,-0.007248342,0.49818793,0,1,unassigned,7.0,7.0,0.0,1.0,0.0,0.0,0.00967118,0.0,0,0,0,0,0
1305,-1,0,-0.86542356,0.29620746,0,1,unassigned,66.0,66.0,0.0,1.0,0.0,0.0,0.123791106,0.0,0,0,0,0,0
1306,0,0,-0.76528865,0.31749913,0,0,val,12.0,12.0,0.0,1.0,0.0,0.0,0.01934236,0.0,0,0,1,0,0
1307,-1,0,-0.648964,0.343223,0,1,unassigned,75.0,73.0,2.0,0.97333336,0.026666667,0.026666641,0.14119923,0.003765313,0,0,0,0,0
1308,-1,0,-0.7164979,0.32816464,0,1,unassigned,61.0,61.0,0.0,1.0,0.0,0.0,0.114119925,0.0,0,0,0,0,0
1309,-1,0,-0.48368406,0.38138255,0,1,unassigned,28.0,28.0,0.0,1.0,0.0,0.0,0.050290134,0.0,0,0,0,0,0
1310,-1,0,6.70561,0.99877745,1,1,unassigned,12.0,12.0,0.0,1.0,0.0,0.0,0.01934236,0.0,0,0,0,1,1
1311,-1,0,-0.9133991,0.28630477,0,1,unassigned,87.0,82.0,5.0,0.9425287,0.057471264,0.057471275,0.16441005,0.009448853,0,0,0,0,0
1312,-1,0,-0.58254176,0.35834795,0,1,unassigned,59.0,59.0,0.0,1.0,0.0,0.0,0.11025145,0.0,0,0,0,0,0
1313,-1,0,-0.39594173,0.40228778,0,1,unassigned,14.0,14.0,0.0,1.0,0.0,0.0,0.023210831,0.0,0,0,0,0,0
1314,-1,0,-0.69103765,0.33380228,0,1,unassigned,19.0,19.0,0.0,1.0,0.0,0.0,0.032882012,0.0,0,0,0,0,0
1315,-1,1,5.90715,0.9972875,1,1,unassigned,23.0,18.0,5.0,0.7826087,0.2173913,0.21739131,0.040618956,0.008830207,1,0,0,1,1
1316,-1,0,-0.7118498,0.32919022,0,1,unassigned,21.0,21.0,0.0,1.0,0.0,0.0,0.036750484,0.0,0,0,0,0,0
1317,0,1,-0.06197971,0.48450997,0,0,val,13.0,13.0,0.0,1.0,0.0,0.0,0.021276595,0.0,1,0,1,0,0
1318,-1,0,5.2465587,0.994762,1,1,unassigned,10.0,8.0,2.0,0.8,0.2,0.19999999,0.015473888,0.0030947777,0,0,0,1,1
1319,1,0,0.46475703,0.61414206,1,0,unassigned,4.0,4.0,0.0,1.0,0.0,0.0,0.003868472,0.0,0,0,1,1,0
1320,-1,0,-0.076100826,0.48098394,0,1,unassigned,2.0,2.0,0.0,1.0,0.0,0.0,0.0,0.0,0,0,0,0,0
1321,-1,1,1.1696112,0.76307476,1,1,unassigned,23.0,22.0,1.0,0.95652175,0.04347826,0.04347825,0.040618956,0.0017660416,1,0,0,1,0
1322,-1,1,1.3160312,0.7885207,1,1,unassigned,3.0,3.0,0.0,1.0,0.0,0.0,0.001934236,0.0,1,0,0,1,0
1323,-1,0,4.4224997,0.98813826,1,1,unassigned,3.0,3.0,0.0,1.0,0.0,0.0,0.001934236,0.0,0,0,0,1,1
1324,0,0,-0.73914504,0.32319114,0,0,unassigned,74.0,74.0,0.0,1.0,0.0,0.0,0.13926499,0.0,0,0,1,0,0
1325,-1,0,2.8236592,0.943941,1,1,unassigned,2.0,2.0,0.0,1.0,0.0,0.0,0.0,0.0,0,0,0,1,1
1326,-1,0,-0.267332,0.4335622,0,1,unassigned,9.0,9.0,0.0,1.0,0.0,0.0,0.013539651,0.0,0,0,0,0,0
1327,-1,0,-0.56918764,0.3614243,0,1,unassigned,21.0,20.0,1.0,0.95238096,0.04761905,0.047619045,0.036750484,0.0017500231,0,0,0,0,0
1328,1,0,15.70042,0.9999999,1,0,unassigned,6.0,6.0,0.0,1.0,0.0,0.0,0.007736944,0.0,0,0,1,1,1
1329,-1,0,0.9758671,0.7262874,1,1,unassigned,14.0,14.0,0.0,1.0,0.0,0.0,0.023210831,0.0,0,0,0,1,0
1330,-1,0,-0.9376923,0.28136674,0,1,unassigned,11.0,11.0,0.0,1.0,0.0,0.0,0.017408123,0.0,0,0,0,0,0
1331,-1,0,-0.6187649,0.35006243,0,1,unassigned,148.0,145.0,3.0,0.9797297,0.02027027,0.020270288,0.28239846,0.0057242927,0,0,0,0,0
1332,-1,0,3.8856494,0.97987866,1,1,unassigned,9.0,9.0,0.0,1.0,0.0,0.0,0.013539651,0.0,0,0,0,1,1
1333,-1,0,5.3374686,0.99521494,1,1,unassigned,11.0,11.0,0.0,1.0,0.0,0.0,0.017408123,0.0,0,0,0,1,1
1334,-1,0,-0.16117695,0.45979276,0,1,unassigned,3.0,3.0,0.0,1.0,0.0,0.0,0.001934236,0.0,0,0,0,0,0
1335,-1,0,-0.5133132,0.37441716,0,1,unassigned,127.0,120.0,7.0,0.9448819,0.05511811,0.055118084,0.24177949,0.013326429,0,0,0,0,0
1336,-1,0,1.400907,0.80232775,1,1,unassigned,4.0,4.0,0.0,1.0,0.0,0.0,0.003868472,0.0,0,0,0,1,0
1337,-1,0,0.75157374,0.6795215,1,1,unassigned,56.0,53.0,3.0,0.9464286,0.05357143,0.053571403,0.10444874,0.0055954685,0,0,0,1,0
1338,-1,1,2.5138729,0.9251087,1,1,unassigned,12.0,9.0,3.0,0.75,0.25,0.25,0.01934236,0.00483559,1,0,0,1,1
1339,-1,0,-0.7415426,0.3226669,0,1,unassigned,62.0,60.0,2.0,0.9677419,0.032258064,0.032258093,0.116054155,0.0037436823,0,0,0,0,0
1340,-1,1,2.6209338,0.93219674,1,1,unassigned,8.0,8.0,0.0,1.0,0.0,0.0,0.0116054155,0.0,1,0,0,1,1
1341,-1,0,-0.45987213,0.38701618,0,1,unassigned,65.0,64.0,1.0,0.9846154,0.015384615,0.0153846145,0.12185687,0.001874721,0,0,0,0,0
1342,-1,0,-0.5614261,0.36321753,0,1,unassigned,53.0,48.0,5.0,0.9056604,0.094339624,0.09433961,0.09864604,0.00930623,0,0,0,0,0
1343,-1,0,2.2241967,0.9024014,1,1,unassigned,6.0,4.0,2.0,0.6666667,0.33333334,0.3333333,0.007736944,0.0025789815,0,0,0,1,1
1344,-1,0,2.6512678,0.9340891,1,1,unassigned,3.0,2.0,1.0,0.6666667,0.33333334,0.3333333,0.001934236,0.00064474536,0,0,0,1,1
1345,1,1,0.50089616,0.62266994,1,0,unassigned,29.0,25.0,4.0,0.86206895,0.13793103,0.13793105,0.05222437,0.0072033615,1,0,1,1,0
1346,-1,0,0.06375164,0.51593256,1,1,unassigned,5.0,5.0,0.0,1.0,0.0,0.0,0.0058027077,0.0,0,0,0,1,0
1347,-1,0,2.4391239,0.91976243,1,1,unassigned,7.0,7.0,0.0,1.0,0.0,0.0,0.00967118,0.0,0,0,0,1,1
1348,-1,0,3.7862647,0.97782284,1,1,unassigned,7.0,5.0,2.0,0.71428573,0.2857143,0.28571427,0.00967118,0.0027631943,0,0,0,1,1
1349,-1,0,-0.7680439,0.3169024,0,1,unassigned,61.0,58.0,3.0,0.9508197,0.04918033,0.04918033,0.114119925,0.0056124553,0,0,0,0,0
1350,-1,0,0.009342015,0.5023355,1,1,unassigned,5.0,5.0,0.0,1.0,0.0,0.0,0.0058027077,0.0,0,0,0,1,0
1351,-1,1,1.377063,0.7985189,1,1,unassigned,6.0,5.0,1.0,0.8333333,0.16666667,0.16666669,0.007736944,0.0012894907,1,0,0,1,0
1352,-1,0,1.6228633,0.83518964,1,1,unassigned,8.0,7.0,1.0,0.875,0.125,0.125,0.0116054155,0.0014506769,0,0,0,1,0
1353,-1,0,0.21026951,0.55237454,1,1,unassigned,44.0,37.0,7.0,0.84090906,0.1590909,0.15909094,0.08123791,0.012924213,0,0,0,1,0
1354,-1,1,-0.8508268,0.29925945,0,1,unassigned,2.0,1.0,1.0,0.5,0.5,0.5,0.0,0.0,1,0,0,0,0
1355,-1,0,0.65567976,0.65828925,1,1,unassigned,17.0,10.0,7.0,0.5882353,0.4117647,0.41176468,0.029013539,0.011946752,0,0,0,1,0
1356,1,0,-0.051543415,0.48711702,0,1,unassigned,25.0,24.0,1.0,0.96,0.04,0.04000002,0.044487428,0.001779497,0,0,0,0,0
1357,1,0,9.219629,0.99990094,1,0,unassigned,3.0,3.0,0.0,1.0,0.0,0.0,0.001934236,0.0,0,0,1,1,1
1358,1,0,3.641228,0.9744499,1,0,unassigned,9.0,9.0,0.0,1.0,0.0,0.0,0.013539651,0.0,0,0,1,1,1
1359,-1,0,5.18883,0.9944524,1,1,unassigned,2.0,2.0,0.0,1.0,0.0,0.0,0.0,0.0,0,0,0,1,1
1360,1,0,4.0402474,0.982711,1,0,test,64.0,62.0,2.0,0.96875,0.03125,0.03125,0.11992263,0.0037475822,0,0,1,1,1
1361,-1,1,1.1585169,0.7610631,1,1,unassigned,54.0,47.0,7.0,0.8703704,0.12962963,0.12962961,0.10058027,0.013038183,1,0,0,1,0
1362,-1,0,6.53135,0.99854505,1,1,unassigned,24.0,23.0,1.0,0.9583333,0.041666668,0.041666687,0.04255319,0.0017730496,0,0,0,1,1
1363,-1,0,0.68650633,0.6651893,1,1,unassigned,2.0,2.0,0.0,1.0,0.0,0.0,0.0,0.0,0,0,0,1,0
1364,-1,0,7.597799,0.9994987,1,1,unassigned,2.0,2.0,0.0,1.0,0.0,0.0,0.0,0.0,0,0,0,1,1
1365,-1,0,1.0438538,0.7395929,1,1,unassigned,3.0,3.0,0.0,1.0,0.0,0.0,0.001934236,0.0,0,0,0,1,0
1366,-1,0,-0.48982453,0.37993488,0,1,unassigned,4.0,4.0,0.0,1.0,0.0,0.0,0.003868472,0.0,0,0,0,0,0
1367,-1,0,-0.5635817,0.36271912,0,1,unassigned,73.0,72.0,1.0,0.98630136,0.01369863,0.0136986375,0.13733076,0.0018812432,0,0,0,0,0
1368,-1,1,1.9485338,0.87528664,1,1,unassigned,4.0,4.0,0.0,1.0,0.0,0.0,0.003868472,0.0,1,0,0,1,0
1369,-1,0,-0.22225147,0.44466472,0,1,unassigned,2.0,2.0,0.0,1.0,0.0,0.0,0.0,0.0,0,0,0,0,0
1370,-1,0,2.0154054,0.8824051,1,1,unassigned,18.0,11.0,7.0,0.6111111,0.3888889,0.3888889,0.030947777,0.012035247,0,0,0,1,0
1371,-1,1,2.8618495,0.94592804,1,1,unassigned,4.0,4.0,0.0,1.0,0.0,0.0,0.003868472,0.0,1,0,0,1,1
1372,-1,0,3.3036747,0.9645546,1,1,unassigned,39.0,34.0,5.0,0.8717949,0.12820514,0.12820512,0.07156673,0.009175222,0,0,0,1,1
1373,-1,0,1.0725684,0.74508506,1,1,unassigned,10.0,10.0,0.0,1.0,0.0,0.0,0.015473888,0.0,0,0,0,1,0
1374,-1,1,4.090169,0.9835391,1,1,unassigned,6.0,4.0,2.0,0.6666667,0.33333334,0.3333333,0.007736944,0.0025789815,1,0,0,1,1
1375,-1,0,1.7301464,0.8494311,1,1,unassigned,2.0,2.0,0.0,1.0,0.0,0.0,0.0,0.0,0,0,0,1,0
1376,-1,0,0.101867974,0.525445,1,1,unassigned,12.0,12.0,0.0,1.0,0.0,0.0,0.01934236,0.0,0,0,0,1,0
1377,-1,0,2.8833544,0.9470174,1,1,unassigned,2.0,2.0,0.0,1.0,0.0,0.0,0.0,0.0,0,0,0,1,1
1378,-1,0,-0.9453641,0.2798181,0,1,unassigned,45.0,45.0,0.0,1.0,0.0,0.0,0.08317215,0.0,0,0,0,0,0
1379,-1,1,1.9007871,0.86998063,1,1,unassigned,7.0,7.0,0.0,1.0,0.0,0.0,0.00967118,0.0,1,0,0,1,0
1380,-1,0,-0.3258952,0.41923973,0,1,unassigned,30.0,30.0,0.0,1.0,0.0,0.0,0.054158606,0.0,0,0,0,0,0
1381,-1,1,4.2967963,0.98657066,1,1,unassigned,3.0,2.0,1.0,0.6666667,0.33333334,0.3333333,0.001934236,0.00064474536,1,0,0,1,1
1382,-1,0,-0.29082823,0.4278011,0,1,unassigned,50.0,49.0,1.0,0.98,0.02,0.01999998,0.092843324,0.0018568664,0,0,0,0,0
1383,-1,0,0.26523876,0.56592363,1,1,unassigned,19.0,19.0,0.0,1.0,0.0,0.0,0.032882012,0.0,0,0,0,1,0
1384,-1,0,0.15162593,0.53783405,1,1,unassigned,9.0,9.0,0.0,1.0,0.0,0.0,0.013539651,0.0,0,0,0,1,0
1385,-1,0,2.867234,0.94620275,1,1,unassigned,3.0,2.0,1.0,0.6666667,0.33333334,0.3333333,0.001934236,0.00064474536,0,0,0,1,1
1386,-1,0,0.26862258,0.5667547,1,1,unassigned,18.0,18.0,0.0,1.0,0.0,0.0,0.030947777,0.0,0,0,0,1,0
1387,-1,0,0.58392674,0.64197046,1,1,unassigned,20.0,20.0,0.0,1.0,0.0,0.0,0.034816246,0.0,0,0,0,1,0
1388,-1,0,3.0191057,0.95342976,1,1,unassigned,4.0,4.0,0.0,1.0,0.0,0.0,0.003868472,0.0,0,0,0,1,1
1389,-1,0,1.8635337,0.8657083,1,1,unassigned,8.0,7.0,1.0,0.875,0.125,0.125,0.0116054155,0.0014506769,0,0,0,1,0
1390,1,0,0.1434744,0.5358072,1,0,val,12.0,12.0,0.0,1.0,0.0,0.0,0.01934236,0.0,0,0,1,1,0
1391,-1,0,-0.9516001,0.27856314,0,1,unassigned,65.0,63.0,2.0,0.9692308,0.03076923,0.030769229,0.12185687,0.003749442,0,0,0,0,0
1392,-1,0,6.0421395,0.9976292,1,1,unassigned,3.0,3.0,0.0,1.0,0.0,0.0,0.001934236,0.0,0,0,0,1,1
1393,-1,0,4.3219037,0.9868994,1,1,unassigned,32.0,32.0,0.0,1.0,0.0,0.0,0.058027077,0.0,0,0,0,1,1
1394,-1,1,2.1461194,0.89530563,1,1,unassigned,14.0,13.0,1.0,0.9285714,0.071428575,0.0714286,0.023210831,0.0016579166,1,0,0,1,0
1395,-1,0,-0.6981134,0.33223066,0,1,unassigned,3.0,3.0,0.0,1.0,0.0,0.0,0.001934236,0.0,0,0,0,0,0
1396,1,0,-0.14338943,0.46421397,0,1,unassigned,16.0,16.0,0.0,1.0,0.0,0.0,0.027079303,0.0,0,0,0,0,0
1397,-1,0,-0.72928715,0.32535118,0,1,unassigned,37.0,36.0,1.0,0.972973,0.027027028,0.02702701,0.06769826,0.0018296828,0,0,0,0,0
1398,-1,0,3.096137,0.9567331,1,1,unassigned,7.0,7.0,0.0,1.0,0.0,0.0,0.00967118,0.0,0,0,0,1,1
1399,-1,1,2.4102437,0.9176051,1,1,unassigned,7.0,7.0,0.0,1.0,0.0,0.0,0.00967118,0.0,1,0,0,1,1
1400,-1,0,4.2071443,0.98532957,1,1,unassigned,10.0,6.0,4.0,0.6,0.4,0.39999998,0.015473888,0.0061895554,0,0,0,1,1
1401,-1,0,1.7385724,0.85050565,1,1,unassigned,175.0,164.0,11.0,0.93714285,0.06285714,0.06285715,0.33462283,0.021033436,0,0,0,1,0
1402,0,0,-0.046414673,0.4883984,0,0,val,29.0,29.0,0.0,1.0,0.0,0.0,0.05222437,0.0,0,0,1,0,0
1403,-1,1,2.4610608,0.9213666,1,1,unassigned,10.0,10.0,0.0,1.0,0.0,0.0,0.015473888,0.0,1,0,0,1,1
1404,-1,0,0.09123868,0.5227938,1,1,unassigned,8.0,8.0,0.0,1.0,0.0,0.0,0.0116054155,0.0,0,0,0,1,0
1405,-1,0,-0.5677829,0.36174858,0,1,unassigned,136.0,126.0,10.0,0.9264706,0.073529415,0.07352942,0.2591876,0.019057913,0,0,0,0,0
1406,-1,1,0.8238867,0.69506073,1,1,unassigned,4.0,3.0,1.0,0.75,0.25,0.25,0.003868472,0.000967118,1,0,0,1,0
1407,-1,0,-0.5384704,0.36854348,0,1,unassigned,21.0,21.0,0.0,1.0,0.0,0.0,0.036750484,0.0,0,0,0,0,0
1408,-1,0,5.1890407,0.9944536,1,1,unassigned,2.0,2.0,0.0,1.0,0.0,0.0,0.0,0.0,0,0,0,1,1
1409,-1,0,7.4123197,0.99939656,1,1,unassigned,12.0,9.0,3.0,0.75,0.25,0.25,0.01934236,0.00483559,0,0,0,1,1
1410,0,1,0.0030269027,0.5007567,1,1,val,5.0,4.0,1.0,0.8,0.2,0.19999999,0.0058027077,0.0011605415,1,0,0,1,0
1411,-1,1,4.305012,0.98667914,1,1,unassigned,3.0,1.0,2.0,0.33333334,0.6666667,0.6666666,0.001934236,0.0012894907,1,0,0,1,1
1412,-1,0,5.670724,0.9965664,1,1,unassigned,2.0,2.0,0.0,1.0,0.0,0.0,0.0,0.0,0,0,0,1,1
1413,-1,0,-0.17518818,0.4563146,0,1,unassigned,33.0,30.0,3.0,0.90909094,0.09090909,0.090909064,0.059961315,0.0054510287,0,0,0,0,0
1414,-1,0,0.39903718,0.5984563,1,1,unassigned,17.0,17.0,0.0,1.0,0.0,0.0,0.029013539,0.0,0,0,0,1,0
1415,0,1,-0.1246815,0.46886992,0,0,val,36.0,34.0,2.0,0.9444444,0.055555556,0.055555582,0.065764025,0.003653557,1,0,1,0,0
1416,-1,0,-0.53281343,0.36986098,0,1,unassigned,13.0,13.0,0.0,1.0,0.0,0.0,0.021276595,0.0,0,0,0,0,0
1417,-1,1,5.008405,0.9933628,1,1,unassigned,4.0,4.0,0.0,1.0,0.0,0.0,0.003868472,0.0,1,0,0,1,1
1418,-1,1,1.042511,0.7393342,1,1,unassigned,3.0,3.0,0.0,1.0,0.0,0.0,0.001934236,0.0,1,0,0,1,0
1419,-1,0,-0.93460286,0.28199184,0,1,unassigned,50.0,50.0,0.0,1.0,0.0,0.0,0.092843324,0.0,0,0,0,0,0
1420,-1,0,-0.07948363,0.48013952,0,1,unassigned,3.0,3.0,0.0,1.0,0.0,0.0,0.001934236,0.0,0,0,0,0,0
1421,-1,0,-0.49478453,0.3787671,0,1,unassigned,20.0,20.0,0.0,1.0,0.0,0.0,0.034816246,0.0,0,0,0,0,0
1422,-1,0,-0.8913294,0.29083556,0,1,unassigned,44.0,44.0,0.0,1.0,0.0,0.0,0.08123791,0.0,0,0,0,0,0
1423,-1,0,3.2615287,0.96308523,1,1,unassigned,6.0,6.0,0.0,1.0,0.0,0.0,0.007736944,0.0,0,0,0,1,1
1424,0,0,-0.20293474,0.4494397,0,0,val,3.0,2.0,1.0,0.6666667,0.33333334,0.3333333,0.001934236,0.00064474536,0,0,1,0,0
1425,-1,1,0.69126743,0.6662488,1,1,unassigned,4.0,4.0,0.0,1.0,0.0,0.0,0.003868472,0.0,1,0,0,1,0
1426,-1,0,3.1498606,0.9589032,1,1,unassigned,2.0,2.0,0.0,1.0,0.0,0.0,0.0,0.0,0,0,0,1,1
1427,-1,0,0.9086631,0.71272653,1,1,unassigned,7.0,7.0,0.0,1.0,0.0,0.0,0.00967118,0.0,0,0,0,1,0
1428,1,0,-0.04145807,0.489637,0,1,test,2.0,2.0,0.0,1.0,0.0,0.0,0.0,0.0,0,0,0,0,0
1429,-1,0,-0.39442158,0.40265337,0,1,unassigned,64.0,64.0,0.0,1.0,0.0,0.0,0.11992263,0.0,0,0,0,0,0
1430,-1,0,5.0854692,0.993852,1,1,unassigned,76.0,74.0,2.0,0.9736842,0.02631579,0.026315808,0.14313346,0.0037666701,0,0,0,1,1
1431,-1,1,2.4877555,0.923279,1,1,unassigned,3.0,2.0,1.0,0.6666667,0.33333334,0.3333333,0.001934236,0.00064474536,1,0,0,1,1
1432,-1,0,8.523404,0.99980134,1,1,unassigned,6.0,5.0,1.0,0.8333333,0.16666667,0.16666669,0.007736944,0.0012894907,0,0,0,1,1
1433,-1,0,-0.6902838,0.33396995,0,1,unassigned,108.0,100.0,8.0,0.9259259,0.074074075,0.07407409,0.20502901,0.015187334,0,0,0,0,0
1434,-1,0,-0.93746614,0.28141245,0,1,unassigned,26.0,26.0,0.0,1.0,0.0,0.0,0.046421662,0.0,0,0,0,0,0
1435,-1,0,0.10782808,0.5269309,1,1,unassigned,4.0,4.0,0.0,1.0,0.0,0.0,0.003868472,0.0,0,0,0,1,0
1436,-1,0,-0.39238137,0.40314418,0,1,unassigned,22.0,21.0,1.0,0.95454544,0.045454547,0.04545456,0.03868472,0.0017583964,0,0,0,0,0
1437,-1,0,0.36672813,0.5906682,1,1,unassigned,51.0,51.0,0.0,1.0,0.0,0.0,0.09477756,0.0,0,0,0,1,0
1438,-1,0,-0.8748568,0.2942447,0,1,unassigned,100.0,95.0,5.0,0.95,0.05,0.050000012,0.18955512,0.009477756,0,0,0,0,0
1439,-1,0,-0.565808,0.36220467,0,1,unassigned,3.0,3.0,0.0,1.0,0.0,0.0,0.001934236,0.0,0,0,0,0,0
1440,-1,0,1.2069457,0.7697581,1,1,unassigned,4.0,4.0,0.0,1.0,0.0,0.0,0.003868472,0.0,0,0,0,1,0
1441,-1,0,-0.5986983,0.35464156,0,1,unassigned,37.0,36.0,1.0,0.972973,0.027027028,0.02702701,0.06769826,0.0018296828,0,0,0,0,0
1442,-1,1,1.7692695,0.8543668,1,1,unassigned,9.0,9.0,0.0,1.0,0.0,0.0,0.013539651,0.0,1,0,0,1,0
1443,-1,0,0.20153624,0.55021423,1,1,unassigned,87.0,86.0,1.0,0.9885057,0.011494253,0.011494279,0.16441005,0.0018897707,0,0,0,1,0
1444,-1,1,1.6404731,0.8375993,1,1,unassigned,2.0,2.0,0.0,1.0,0.0,0.0,0.0,0.0,1,0,0,1,0
1445,-1,0,2.35137,0.9130431,1,1,unassigned,2.0,1.0,1.0,0.5,0.5,0.5,0.0,0.0,0,0,0,1,1
1446,-1,0,-0.623331,0.34902424,0,1,unassigned,14.0,13.0,1.0,0.9285714,0.071428575,0.0714286,0.023210831,0.0016579166,0,0,0,0,0
1447,-1,1,6.8672304,0.99895966,1,1,unassigned,5.0,5.0,0.0,1.0,0.0,0.0,0.0058027077,0.0,1,0,0,1,1
1448,-1,0,9.243166,0.9999032,1,1,unassigned,2.0,2.0,0.0,1.0,0.0,0.0,0.0,0.0,0,0,0,1,1
1449,-1,0,-1.0010087,0.26874313,0,1,unassigned,2.0,2.0,0.0,1.0,0.0,0.0,0.0,0.0,0,0,0,0,0
1450,0,0,-0.15027761,0.46250114,0,0,unassigned,3.0,3.0,0.0,1.0,0.0,0.0,0.001934236,0.0,0,0,1,0,0
1451,-1,0,-0.91774917,0.28541672,0,1,unassigned,42.0,41.0,1.0,0.97619045,0.023809524,0.023809552,0.07736944,0.0018421295,0,0,0,0,0
1452,-1,0,-0.23787576,0.4408099,0,1,unassigned,43.0,43.0,0.0,1.0,0.0,0.0,0.079303674,0.0,0,0,0,0,0
1453,-1,0,-0.8956826,0.28993854,0,1,unassigned,71.0,71.0,0.0,1.0,0.0,0.0,0.13346228,0.0,0,0,0,0,0
1454,-1,0,-0.08065957,0.47984603,0,1,unassigned,9.0,8.0,1.0,0.8888889,0.11111111,0.111111104,0.013539651,0.0015044058,0,0,0,0,0
1455,-1,0,-0.82129073,0.30548975,0,1,unassigned,186.0,183.0,3.0,0.983871,0.016129032,0.016129017,0.35589942,0.0057403133,0,0,0,0,0
1456,-1,0,0.19198138,0.5478485,1,1,unassigned,22.0,22.0,0.0,1.0,0.0,0.0,0.03868472,0.0,0,0,0,1,0
1457,-1,1,4.813161,0.99194336,1,1,unassigned,16.0,13.0,3.0,0.8125,0.1875,0.1875,0.027079303,0.0050773695,1,0,0,1,1
1458,-1,0,-0.6963161,0.33262947,0,1,unassigned,78.0,78.0,0.0,1.0,0.0,0.0,0.14700194,0.0,0,0,0,0,0
1459,-1,0,-0.49683636,0.3782844,0,1,unassigned,32.0,30.0,2.0,0.9375,0.0625,0.0625,0.058027077,0.0036266923,0,0,0,0,0
1460,-1,0,2.8308122,0.9443183,1,1,unassigned,28.0,28.0,0.0,1.0,0.0,0.0,0.050290134,0.0,0,0,0,1,1
1461,-1,1,3.2487116,0.96262676,1,1,unassigned,63.0,48.0,15.0,0.7619048,0.23809524,0.23809522,0.11798839,0.028092474,1,0,0,1,1
1462,-1,0,-0.40856132,0.39925712,0,1,unassigned,7.0,1.0,6.0,0.14285715,0.85714287,0.85714287,0.00967118,0.008289583,0,0,0,0,0
1463,-1,0,-0.40939695,0.39905673,0,1,unassigned,50.0,50.0,0.0,1.0,0.0,0.0,0.092843324,0.0,0,0,0,0,0
1464,-1,0,3.0476587,0.9546813,1,1,unassigned,20.0,20.0,0.0,1.0,0.0,0.0,0.034816246,0.0,0,0,0,1,1
1465,-1,0,-0.9277291,0.28338566,0,1,unassigned,64.0,62.0,2.0,0.96875,0.03125,0.03125,0.11992263,0.0037475822,0,0,0,0,0
1466,-1,0,5.2946324,0.99500656,1,1,unassigned,20.0,20.0,0.0,1.0,0.0,0.0,0.034816246,0.0,0,0,0,1,1
1467,-1,0,0.16039401,0.5400128,1,1,unassigned,19.0,17.0,2.0,0.8947368,0.10526316,0.10526317,0.032882012,0.0034612645,0,0,0,1,0
1468,-1,0,2.223791,0.9023657,1,1,unassigned,3.0,3.0,0.0,1.0,0.0,0.0,0.001934236,0.0,0,0,0,1,1
1469,-1,1,0.52086323,0.6273496,1,1,unassigned,2.0,2.0,0.0,1.0,0.0,0.0,0.0,0.0,1,0,0,1,0
1470,-1,0,12.984863,0.99999774,1,1,unassigned,2.0,2.0,0.0,1.0,0.0,0.0,0.0,0.0,0,0,0,1,1
1471,-1,0,2.0175502,0.8826275,1,1,unassigned,6.0,6.0,0.0,1.0,0.0,0.0,0.007736944,0.0,0,0,0,1,0
1472,-1,0,-0.80932695,0.30803394,0,1,unassigned,55.0,55.0,0.0,1.0,0.0,0.0,0.102514505,0.0,0,0,0,0,0
1473,-1,0,-0.31753978,0.4212754,0,1,unassigned,5.0,5.0,0.0,1.0,0.0,0.0,0.0058027077,0.0,0,0,0,0,0
1474,-1,0,4.5471063,0.98951334,1,1,unassigned,4.0,3.0,1.0,0.75,0.25,0.25,0.003868472,0.000967118,0,0,0,1,1
1475,-1,0,1.5631819,0.82680947,1,1,unassigned,19.0,19.0,0.0,1.0,0.0,0.0,0.032882012,0.0,0,0,0,1,0
1476,-1,1,2.4424775,0.9200096,1,1,unassigned,5.0,5.0,0.0,1.0,0.0,0.0,0.0058027077,0.0,1,0,0,1,1
1477,-1,1,0.1902017,0.54740757,1,1,unassigned,35.0,34.0,1.0,0.9714286,0.028571429,0.028571427,0.06382979,0.0018237082,1,0,0,1,0
1478,0,1,-0.3955681,0.40237764,0,0,val,6.0,4.0,2.0,0.6666667,0.33333334,0.3333333,0.007736944,0.0025789815,1,0,1,0,0
1479,1,0,-0.8493192,0.29957572,0,1,unassigned,3.0,3.0,0.0,1.0,0.0,0.0,0.001934236,0.0,0,0,0,0,0
1480,-1,0,2.224741,0.90244937,1,1,unassigned,2.0,2.0,0.0,1.0,0.0,0.0,0.0,0.0,0,0,0,1,1
1481,-1,0,0.7000198,0.66819215,1,1,unassigned,7.0,7.0,0.0,1.0,0.0,0.0,0.00967118,0.0,0,0,0,1,0
1482,-1,0,1.8986998,0.8697443,1,1,unassigned,4.0,3.0,1.0,0.75,0.25,0.25,0.003868472,0.000967118,0,0,0,1,0
1483,-1,1,6.8316216,0.9989221,1,1,unassigned,2.0,2.0,0.0,1.0,0.0,0.0,0.0,0.0,1,0,0,1,1
1484,-1,0,1.1710222,0.7633297,1,1,unassigned,5.0,5.0,0.0,1.0,0.0,0.0,0.0058027077,0.0,0,0,0,1,0
1485,-1,1,3.0951555,0.9566925,1,1,unassigned,3.0,2.0,1.0,0.6666667,0.33333334,0.3333333,0.001934236,0.00064474536,1,0,0,1,1
1486,-1,1,6.8865213,0.9989795,1,1,unassigned,2.0,2.0,0.0,1.0,0.0,0.0,0.0,0.0,1,0,0,1,1
1487,-1,0,3.9001448,0.9801625,1,1,unassigned,6.0,5.0,1.0,0.8333333,0.16666667,0.16666669,0.007736944,0.0012894907,0,0,0,1,1
1488,-1,0,4.6806154,0.9908119,1,1,unassigned,13.0,10.0,3.0,0.7692308,0.23076923,0.23076922,0.021276595,0.0049099834,0,0,0,1,1
1489,-1,0,1.8391635,0.8628498,1,1,unassigned,15.0,14.0,1.0,0.93333334,0.06666667,0.06666666,0.025145067,0.0016763379,0,0,0,1,0
1490,-1,0,0.11288917,0.52819234,1,1,unassigned,36.0,36.0,0.0,1.0,0.0,0.0,0.065764025,0.0,0,0,0,1,0
1491,0,1,-0.6226944,0.34916893,0,0,val,34.0,31.0,3.0,0.9117647,0.0882353,0.08823532,0.061895553,0.0054613724,1,0,1,0,0
1492,-1,1,0.39706784,0.597983,1,1,unassigned,3.0,3.0,0.0,1.0,0.0,0.0,0.001934236,0.0,1,0,0,1,0
1493,-1,0,9.611618,0.999933,1,1,unassigned,3.0,3.0,0.0,1.0,0.0,0.0,0.001934236,0.0,0,0,0,1,1
1494,-1,1,4.0023427,0.9820551,1,1,unassigned,3.0,3.0,0.0,1.0,0.0,0.0,0.001934236,0.0,1,0,0,1,1
1495,-1,0,-0.6861696,0.3348857,0,1,unassigned,12.0,12.0,0.0,1.0,0.0,0.0,0.01934236,0.0,0,0,0,0,0
1496,-1,0,1.2868283,0.78360987,1,1,unassigned,3.0,3.0,0.0,1.0,0.0,0.0,0.001934236,0.0,0,0,0,1,0
1497,-1,0,4.4005513,0.98787814,1,1,unassigned,2.0,2.0,0.0,1.0,0.0,0.0,0.0,0.0,0,0,0,1,1
1498,-1,0,-0.63071495,0.34734845,0,1,unassigned,76.0,75.0,1.0,0.9868421,0.013157895,0.013157904,0.14313346,0.0018833351,0,0,0,0,0
1499,1,1,0.5115041,0.625159,1,0,test,2.0,2.0,0.0,1.0,0.0,0.0,0.0,0.0,1,0,1,1,0
1500,-1,1,2.0021589,0.8810236,1,1,unassigned,2.0,2.0,0.0,1.0,0.0,0.0,0.0,0.0,1,0,0,1,0
1501,-1,0,0.9064086,0.7122647,1,1,unassigned,4.0,4.0,0.0,1.0,0.0,0.0,0.003868472,0.0,0,0,0,1,0
1502,-1,1,2.983803,0.951837,1,1,unassigned,24.0,19.0,5.0,0.7916667,0.20833333,0.20833331,0.04255319,0.0088652475,1,0,0,1,1
1503,-1,1,8.953262,0.99987066,1,1,unassigned,3.0,2.0,1.0,0.6666667,0.33333334,0.3333333,0.001934236,0.00064474536,1,0,0,1,1
1504,-1,0,9.073225,0.9998853,1,1,unassigned,19.0,16.0,3.0,0.84210527,0.15789473,0.15789473,0.032882012,0.0051918966,0,0,0,1,1
1505,-1,1,4.3303843,0.9870085,1,1,unassigned,3.0,3.0,0.0,1.0,0.0,0.0,0.001934236,0.0,1,0,0,1,1
1506,-1,0,-0.8524641,0.29891622,0,1,unassigned,82.0,79.0,3.0,0.9634146,0.036585364,0.03658539,0.15473887,0.005661178,0,0,0,0,0
1507,-1,0,-0.8464517,0.30017772,0,1,unassigned,49.0,49.0,0.0,1.0,0.0,0.0,0.09090909,0.0,0,0,0,0,0
1508,-1,0,-0.2492229,0.43801475,0,1,unassigned,4.0,4.0,0.0,1.0,0.0,0.0,0.003868472,0.0,0,0,0,0,0
1509,-1,0,3.9823134,0.98169875,1,1,unassigned,2.0,2.0,0.0,1.0,0.0,0.0,0.0,0.0,0,0,0,1,1
1510,1,0,2.5964117,0.93063027,1,0,val,2.0,2.0,0.0,1.0,0.0,0.0,0.0,0.0,0,0,1,1,1
1511,-1,0,-0.37696683,0.40685868,0,1,unassigned,5.0,4.0,1.0,0.8,0.2,0.19999999,0.0058027077,0.0011605415,0,0,0,0,0
1512,0,0,1.4836187,0.8151185,1,1,unassigned,3.0,3.0,0.0,1.0,0.0,0.0,0.001934236,0.0,0,0,0,1,0
1513,-1,0,0.69229597,0.66647744,1,1,unassigned,3.0,2.0,1.0,0.6666667,0.33333334,0.3333333,0.001934236,0.00064474536,0,0,0,1,0
1514,-1,0,-0.2614428,0.43500903,0,1,unassigned,15.0,15.0,0.0,1.0,0.0,0.0,0.025145067,0.0,0,0,0,0,0
1515,-1,0,0.17823255,0.5444405,1,1,unassigned,11.0,11.0,0.0,1.0,0.0,0.0,0.017408123,0.0,0,0,0,1,0
1516,-1,0,5.879986,0.99721295,1,1,unassigned,4.0,4.0,0.0,1.0,0.0,0.0,0.003868472,0.0,0,0,0,1,1
1517,-1,0,3.909836,0.98035014,1,1,unassigned,14.0,11.0,3.0,0.78571427,0.21428572,0.21428573,0.023210831,0.0049737496,0,0,0,1,1
1518,-1,0,2.0747588,0.8884255,1,1,unassigned,3.0,3.0,0.0,1.0,0.0,0.0,0.001934236,0.0,0,0,0,1,0
1519,1,0,4.465676,0.98863375,1,0,val,7.0,7.0,0.0,1.0,0.0,0.0,0.00967118,0.0,0,0,1,1,1
1520,-1,1,-0.54717624,0.36651978,0,1,unassigned,2.0,2.0,0.0,1.0,0.0,0.0,0.0,0.0,1,0,0,0,0
1521,-1,0,4.4249225,0.9881665,1,1,unassigned,2.0,1.0,1.0,0.5,0.5,0.5,0.0,0.0,0,0,0,1,1
1522,-1,0,0.4770319,0.6170468,1,1,unassigned,13.0,12.0,1.0,0.9230769,0.07692308,0.07692307,0.021276595,0.0016366612,0,0,0,1,0
1523,1,1,3.0458457,0.95460284,1,0,test,2.0,1.0,1.0,0.5,0.5,0.5,0.0,0.0,1,0,1,1,1
1524,-1,0,1.3165112,0.7886007,1,1,unassigned,2.0,2.0,0.0,1.0,0.0,0.0,0.0,0.0,0,0,0,1,0
1525,-1,0,-0.19234058,0.45206255,0,1,unassigned,108.0,107.0,1.0,0.9907407,0.009259259,0.009259284,0.20502901,0.0018984168,0,0,0,0,0
1526,0,0,1.478812,0.8143931,1,1,val,88.0,88.0,0.0,1.0,0.0,0.0,0.1663443,0.0,0,0,0,1,0
1527,-1,0,0.28300077,0.57028174,1,1,unassigned,76.0,71.0,5.0,0.93421054,0.065789476,0.06578946,0.14313346,0.009416675,0,0,0,1,0
1528,-1,0,0.050275385,0.5125662,1,1,unassigned,2.0,1.0,1.0,0.5,0.5,0.5,0.0,0.0,0,0,0,1,0
1529,-1,0,0.045827568,0.5114549,1,1,unassigned,11.0,11.0,0.0,1.0,0.0,0.0,0.017408123,0.0,0,0,0,1,0
1530,-1,0,0.44281775,0.60893023,1,1,unassigned,6.0,6.0,0.0,1.0,0.0,0.0,0.007736944,0.0,0,0,0,1,0
1531,-1,1,4.8522935,0.9922501,1,1,unassigned,3.0,3.0,0.0,1.0,0.0,0.0,0.001934236,0.0,1,0,0,1,1
1532,-1,0,0.25214678,0.56270486,1,1,unassigned,43.0,42.0,1.0,0.9767442,0.023255814,0.023255825,0.079303674,0.0018442714,0,0,0,1,0
1533,-1,0,-0.5854506,0.35767937,0,1,unassigned,81.0,78.0,3.0,0.962963,0.037037037,0.037037015,0.15280464,0.005659431,0,0,0,0,0
1534,-1,0,0.7989512,0.6897501,1,1,unassigned,30.0,28.0,2.0,0.93333334,0.06666667,0.06666666,0.054158606,0.003610574,0,0,0,1,0
1535,-1,0,1.0634892,0.74335676,1,1,unassigned,11.0,5.0,6.0,0.45454547,0.54545456,0.5454545,0.017408123,0.00949534,0,0,0,1,0
1536,-1,0,2.5712948,0.92899114,1,1,unassigned,27.0,27.0,0.0,1.0,0.0,0.0,0.0483559,0.0,0,0,0,1,1
1537,-1,0,-0.3742004,0.40752646,0,1,unassigned,24.0,23.0,1.0,0.9583333,0.041666668,0.041666687,0.04255319,0.0017730496,0,0,0,0,0
1538,-1,0,4.139724,0.9843225,1,1,unassigned,15.0,11.0,4.0,0.73333335,0.26666668,0.26666665,0.025145067,0.0067053516,0,0,0,1,1
1539,-1,0,-0.274177,0.4318819,0,1,unassigned,25.0,25.0,0.0,1.0,0.0,0.0,0.044487428,0.0,0,0,0,0,0
1540,-1,0,-0.2828444,0.42975658,0,1,unassigned,35.0,35.0,0.0,1.0,0.0,0.0,0.06382979,0.0,0,0,0,0,0
1541,-1,1,2.7361944,0.9391289,1,1,unassigned,9.0,8.0,1.0,0.8888889,0.11111111,0.111111104,0.013539651,0.0015044058,1,0,0,1,1
1542,1,0,1.0532687,0.7414021,1,0,test,7.0,7.0,0.0,1.0,0.0,0.0,0.00967118,0.0,0,0,1,1,0
1543,-1,1,-0.31278443,0.42243525,0,1,unassigned,4.0,4.0,0.0,1.0,0.0,0.0,0.003868472,0.0,1,0,0,0,0
1544,-1,0,2.8834984,0.94702464,1,1,unassigned,4.0,4.0,0.0,1.0,0.0,0.0,0.003868472,0.0,0,0,0,1,1
1545,-1,1,3.85897,0.9793459,1,1,unassigned,15.0,12.0,3.0,0.8,0.2,0.19999999,0.025145067,0.0050290134,1,0,0,1,1
1546,-1,0,3.1938589,0.9606026,1,1,unassigned,15.0,15.0,0.0,1.0,0.0,0.0,0.025145067,0.0,0,0,0,1,1
1547,-1,0,2.6977994,0.9368966,1,1,unassigned,14.0,14.0,0.0,1.0,0.0,0.0,0.023210831,0.0,0,0,0,1,1
1548,-1,0,2.3812473,0.9153861,1,1,unassigned,9.0,9.0,0.0,1.0,0.0,0.0,0.013539651,0.0,0,0,0,1,1
1549,-1,0,2.964897,0.95096284,1,1,unassigned,2.0,1.0,1.0,0.5,0.5,0.5,0.0,0.0,0,0,0,1,1
1550,1,0,0.27528638,0.56839025,1,0,unassigned,8.0,8.0,0.0,1.0,0.0,0.0,0.0116054155,0.0,0,0,1,1,0
1551,0,0,-0.23490316,0.44154277,0,0,val,38.0,38.0,0.0,1.0,0.0,0.0,0.06963249,0.0,0,0,1,0,0
1552,-1,1,0.28084272,0.5697528,1,1,unassigned,21.0,21.0,0.0,1.0,0.0,0.0,0.036750484,0.0,1,0,0,1,0
1553,0,0,-0.8360729,0.3023625,0,0,test,24.0,22.0,2.0,0.9166667,0.083333336,0.08333331,0.04255319,0.0035460992,0,0,1,0,0
1554,-1,0,-0.93800247,0.281304,0,1,unassigned,13.0,12.0,1.0,0.9230769,0.07692308,0.07692307,0.021276595,0.0016366612,0,0,0,0,0
1555,-1,1,4.450767,0.98846495,1,1,unassigned,9.0,9.0,0.0,1.0,0.0,0.0,0.013539651,0.0,1,0,0,1,1
1556,-1,0,-0.021290302,0.4946776,0,1,unassigned,6.0,6.0,0.0,1.0,0.0,0.0,0.007736944,0.0,0,0,0,0,0
1557,-1,1,-0.336048,0.41676977,0,1,unassigned,28.0,26.0,2.0,0.9285714,0.071428575,0.0714286,0.050290134,0.0035921526,1,0,0,0,0
1558,-1,0,-0.6251481,0.3486115,0,1,unassigned,30.0,30.0,0.0,1.0,0.0,0.0,0.054158606,0.0,0,0,0,0,0
1559,-1,0,-0.86650103,0.2959829,0,1,unassigned,3.0,3.0,0.0,1.0,0.0,0.0,0.001934236,0.0,0,0,0,0,0
1560,-1,0,-0.87896925,0.2933914,0,1,unassigned,34.0,31.0,3.0,0.9117647,0.0882353,0.08823532,0.061895553,0.0054613724,0,0,0,0,0
1561,-1,0,-0.78845584,0.31250036,0,1,unassigned,130.0,129.0,1.0,0.99230766,0.0076923077,0.007692337,0.24758221,0.0019044785,0,0,0,0,0
1562,-1,0,-0.4198622,0.39654973,0,1,unassigned,42.0,42.0,0.0,1.0,0.0,0.0,0.07736944,0.0,0,0,0,0,0
1563,-1,0,-0.7979174,0.31047118,0,1,unassigned,32.0,32.0,0.0,1.0,0.0,0.0,0.058027077,0.0,0,0,0,0,0
1564,-1,0,-0.39858997,0.40165114,0,1,unassigned,11.0,11.0,0.0,1.0,0.0,0.0,0.017408123,0.0,0,0,0,0,0
1565,1,0,0.26657122,0.5662509,1,0,unassigned,5.0,5.0,0.0,1.0,0.0,0.0,0.0058027077,0.0,0,0,1,1,0
1566,-1,0,5.528853,0.9960452,1,1,unassigned,2.0,2.0,0.0,1.0,0.0,0.0,0.0,0.0,0,0,0,1,1
1567,0,0,2.6519167,0.93412906,1,1,unassigned,3.0,3.0,0.0,1.0,0.0,0.0,0.001934236,0.0,0,0,0,1,1
1568,-1,0,-0.7406027,0.32287234,0,1,unassigned,51.0,50.0,1.0,0.98039216,0.019607844,0.019607842,0.09477756,0.0018583836,0,0,0,0,0
1569,-1,1,4.5699377,0.98974764,1,1,unassigned,6.0,4.0,2.0,0.6666667,0.33333334,0.3333333,0.007736944,0.0025789815,1,0,0,1,1
1570,-1,1,7.438523,0.9994122,1,1,unassigned,10.0,8.0,2.0,0.8,0.2,0.19999999,0.015473888,0.0030947777,1,0,0,1,1
1571,1,1,3.5794156,0.97286487,1,0,val,5.0,4.0,1.0,0.8,0.2,0.19999999,0.0058027077,0.0011605415,1,0,1,1,1
1572,-1,0,1.3977904,0.80183303,1,1,unassigned,4.0,4.0,0.0,1.0,0.0,0.0,0.003868472,0.0,0,0,0,1,0
1573,-1,0,2.0700328,0.88795626,1,1,unassigned,8.0,8.0,0.0,1.0,0.0,0.0,0.0116054155,0.0,0,0,0,1,0
1574,-1,1,1.8063946,0.8589256,1,1,unassigned,7.0,7.0,0.0,1.0,0.0,0.0,0.00967118,0.0,1,0,0,1,0
1575,-1,1,0.83905035,0.6982652,1,1,unassigned,3.0,3.0,0.0,1.0,0.0,0.0,0.001934236,0.0,1,0,0,1,0
1576,-1,0,6.5838394,0.9986193,1,1,unassigned,5.0,5.0,0.0,1.0,0.0,0.0,0.0058027077,0.0,0,0,0,1,1
1577,1,1,2.839143,0.9447548,1,0,val,55.0,50.0,5.0,0.90909094,0.09090909,0.090909064,0.102514505,0.009319501,1,0,1,1,1
1578,1,0,-0.71175563,0.329211,0,1,val,37.0,36.0,1.0,0.972973,0.027027028,0.02702701,0.06769826,0.0018296828,0,0,0,0,0
1579,-1,0,5.855006,0.9971426,1,1,unassigned,4.0,4.0,0.0,1.0,0.0,0.0,0.003868472,0.0,0,0,0,1,1
1580,0,0,-0.89959705,0.2891333,0,0,val,7.0,7.0,0.0,1.0,0.0,0.0,0.00967118,0.0,0,0,1,0,0
1581,-1,0,0.021760404,0.5054399,1,1,unassigned,77.0,77.0,0.0,1.0,0.0,0.0,0.14506769,0.0,0,0,0,1,0
1582,-1,0,1.8693051,0.86637783,1,1,unassigned,10.0,9.0,1.0,0.9,0.1,0.100000024,0.015473888,0.0015473888,0,0,0,1,0
1583,-1,0,0.5950056,0.64451283,1,1,unassigned,2.0,2.0,0.0,1.0,0.0,0.0,0.0,0.0,0,0,0,1,0
1584,-1,0,-0.12293494,0.46930495,0,1,unassigned,105.0,101.0,4.0,0.96190476,0.03809524,0.038095236,0.1992263,0.007589574,0,0,0,0,0
1585,-1,0,1.5511312,0.82507706,1,1,unassigned,13.0,12.0,1.0,0.9230769,0.07692308,0.07692307,0.021276595,0.0016366612,0,0,0,1,0
1586,0,0,-0.67689407,0.3369549,0,0,test,31.0,31.0,0.0,1.0,0.0,0.0,0.056092843,0.0,0,0,1,0,0
1587,-1,1,2.5591316,0.92818457,1,1,unassigned,7.0,7.0,0.0,1.0,0.0,0.0,0.00967118,0.0,1,0,0,1,1
1588,-1,0,-0.3447606,0.41465354,0,1,unassigned,31.0,31.0,0.0,1.0,0.0,0.0,0.056092843,0.0,0,0,0,0,0
1589,-1,1,-0.77086794,0.3162914,0,1,unassigned,25.0,20.0,5.0,0.8,0.2,0.19999999,0.044487428,0.008897486,1,0,0,0,0
1590,-1,0,3.093063,0.9566057,1,1,unassigned,4.0,3.0,1.0,0.75,0.25,0.25,0.003868472,0.000967118,0,0,0,1,1
1591,-1,0,1.2390847,0.77540463,1,1,unassigned,40.0,37.0,3.0,0.925,0.075,0.07499999,0.07350097,0.005512573,0,0,0,1,0
1592,-1,0,1.1609073,0.7614975,1,1,unassigned,3.0,3.0,0.0,1.0,0.0,0.0,0.001934236,0.0,0,0,0,1,0
1593,-1,0,-0.28786424,0.42852682,0,1,unassigned,9.0,6.0,3.0,0.6666667,0.33333334,0.3333333,0.013539651,0.004513217,0,0,0,0,0
1594,0,0,-0.8232478,0.30507466,0,0,unassigned,27.0,27.0,0.0,1.0,0.0,0.0,0.0483559,0.0,0,0,1,0,0
1595,-1,0,0.45185536,0.6110803,1,1,unassigned,2.0,2.0,0.0,1.0,0.0,0.0,0.0,0.0,0,0,0,1,0
1596,-1,0,-0.32673028,0.41903642,0,1,unassigned,20.0,20.0,0.0,1.0,0.0,0.0,0.034816246,0.0,0,0,0,0,0
1597,-1,0,-0.45744726,0.3875916,0,1,unassigned,128.0,127.0,1.0,0.9921875,0.0078125,0.0078125,0.24371374,0.0019040136,0,0,0,0,0
1598,-1,0,-0.9255904,0.28382018,0,1,unassigned,67.0,66.0,1.0,0.98507464,0.014925373,0.014925361,0.12572534,0.0018764976,0,0,0,0,0
1599,-1,0,-0.7789383,0.31454876,0,1,unassigned,84.0,83.0,1.0,0.9880952,0.011904762,0.011904776,0.15860735,0.0018881827,0,0,0,0,0
1600,-1,0,-0.55735457,0.36415976,0,1,unassigned,37.0,36.0,1.0,0.972973,0.027027028,0.02702701,0.06769826,0.0018296828,0,0,0,0,0
1601,-1,0,0.13376057,0.5333904,1,1,unassigned,29.0,29.0,0.0,1.0,0.0,0.0,0.05222437,0.0,0,0,0,1,0
1602,-1,0,0.6060894,0.64704823,1,1,unassigned,57.0,57.0,0.0,1.0,0.0,0.0,0.10638298,0.0,0,0,0,1,0
1603,-1,0,-0.2321485,0.44222212,0,1,unassigned,71.0,69.0,2.0,0.97183096,0.028169014,0.028169036,0.13346228,0.0037595008,0,0,0,0,0
1604,-1,0,-0.88705784,0.29171735,0,1,unassigned,30.0,30.0,0.0,1.0,0.0,0.0,0.054158606,0.0,0,0,0,0,0
1605,-1,0,-0.4972183,0.3781946,0,1,unassigned,15.0,15.0,0.0,1.0,0.0,0.0,0.025145067,0.0,0,0,0,0,0
1606,-1,0,-0.7415864,0.32265735,0,1,unassigned,132.0,131.0,1.0,0.99242425,0.007575758,0.0075757504,0.2514507,0.0019049295,0,0,0,0,0
1607,-1,0,-0.62901044,0.34773496,0,1,unassigned,90.0,83.0,7.0,0.9222222,0.07777778,0.0777778,0.17021276,0.013238771,0,0,0,0,0
1608,0,0,-0.74077135,0.3228355,0,0,test,90.0,87.0,3.0,0.96666664,0.033333335,0.03333336,0.17021276,0.005673759,0,0,1,0,0
1609,-1,0,-0.91349757,0.28628466,0,1,unassigned,62.0,61.0,1.0,0.983871,0.016129032,0.016129017,0.116054155,0.0018718411,0,0,0,0,0
1610,-1,0,-0.76690197,0.31714964,0,1,unassigned,26.0,25.0,1.0,0.96153843,0.03846154,0.038461566,0.046421662,0.0017854486,0,0,0,0,0
1611,-1,0,-0.46282157,0.3863167,0,1,unassigned,29.0,29.0,0.0,1.0,0.0,0.0,0.05222437,0.0,0,0,0,0,0
1612,-1,1,2.9445946,0.9500074,1,1,unassigned,3.0,2.0,1.0,0.6666667,0.33333334,0.3333333,0.001934236,0.00064474536,1,0,0,1,1
1613,-1,0,1.4943032,0.8167233,1,1,unassigned,4.0,4.0,0.0,1.0,0.0,0.0,0.003868472,0.0,0,0,0,1,0
1614,-1,0,2.0148265,0.88234496,1,1,unassigned,4.0,4.0,0.0,1.0,0.0,0.0,0.003868472,0.0,0,0,0,1,0
1615,1,0,-0.73758245,0.32353303,0,1,test,13.0,13.0,0.0,1.0,0.0,0.0,0.021276595,0.0,0,0,0,0,0
1616,-1,0,5.414332,0.9955674,1,1,unassigned,11.0,5.0,6.0,0.45454547,0.54545456,0.5454545,0.017408123,0.00949534,0,0,0,1,1
1617,-1,0,-0.41899323,0.3967577,0,1,unassigned,8.0,8.0,0.0,1.0,0.0,0.0,0.0116054155,0.0,0,0,0,0,0
1618,-1,0,0.043794215,0.5109468,1,1,unassigned,33.0,33.0,0.0,1.0,0.0,0.0,0.059961315,0.0,0,0,0,1,0
1619,0,0,0.315373,0.57819617,1,1,train,9.0,9.0,0.0,1.0,0.0,0.0,0.013539651,0.0,0,0,0,1,0
1620,-1,0,-0.2411561,0.44000143,0,1,unassigned,4.0,4.0,0.0,1.0,0.0,0.0,0.003868472,0.0,0,0,0,0,0
1621,-1,0,-0.008874416,0.4977814,0,1,unassigned,5.0,5.0,0.0,1.0,0.0,0.0,0.0058027077,0.0,0,0,0,0,0
1622,-1,0,1.6281416,0.83591485,1,1,unassigned,2.0,2.0,0.0,1.0,0.0,0.0,0.0,0.0,0,0,0,1,0
1623,-1,0,-0.33979172,0.4158601,0,1,unassigned,64.0,61.0,3.0,0.953125,0.046875,0.046875,0.11992263,0.005621373,0,0,0,0,0
1624,-1,1,0.13905644,0.5347082,1,1,unassigned,46.0,44.0,2.0,0.95652175,0.04347826,0.04347825,0.08510638,0.0037002775,1,0,0,1,0
1625,-1,0,1.8775113,0.867325,1,1,unassigned,7.0,7.0,0.0,1.0,0.0,0.0,0.00967118,0.0,0,0,0,1,0
1626,-1,1,0.22186524,0.55523986,1,1,unassigned,55.0,54.0,1.0,0.9818182,0.018181818,0.0181818,0.102514505,0.0018639,1,0,0,1,0
1627,-1,1,-0.22390768,0.44425577,0,1,unassigned,34.0,34.0,0.0,1.0,0.0,0.0,0.061895553,0.0,1,0,0,0,0
1628,-1,1,-0.1672273,0.4582903,0,1,unassigned,26.0,26.0,0.0,1.0,0.0,0.0,0.046421662,0.0,1,0,0,0,0
1629,-1,0,-0.6942783,0.33308202,0,1,unassigned,7.0,7.0,0.0,1.0,0.0,0.0,0.00967118,0.0,0,0,0,0,0
1630,-1,1,0.3795907,0.5937744,1,1,unassigned,41.0,41.0,0.0,1.0,0.0,0.0,0.07543521,0.0,1,0,0,1,0
1631,-1,0,0.090874374,0.522703,1,1,unassigned,17.0,16.0,1.0,0.9411765,0.05882353,0.058823526,0.029013539,0.0017066788,0,0,0,1,0
1632,-1,1,0.04880613,0.5121991,1,1,unassigned,8.0,8.0,0.0,1.0,0.0,0.0,0.0116054155,0.0,1,0,0,1,0
1633,-1,0,0.30527025,0.5757304,1,1,unassigned,3.0,3.0,0.0,1.0,0.0,0.0,0.001934236,0.0,0,0,0,1,0
1634,-1,0,8.981497,0.99987423,1,1,unassigned,2.0,1.0,1.0,0.5,0.5,0.5,0.0,0.0,0,0,0,1,1
1635,-1,0,-1.0050962,0.26794064,0,1,unassigned,4.0,4.0,0.0,1.0,0.0,0.0,0.003868472,0.0,0,0,0,0,0
1636,-1,1,0.04621035,0.51155055,1,1,unassigned,56.0,54.0,2.0,0.96428573,0.035714287,0.03571427,0.10444874,0.0037303125,1,0,0,1,0
1637,-1,0,-0.8859844,0.2919392,0,1,unassigned,27.0,26.0,1.0,0.962963,0.037037037,0.037037015,0.0483559,0.0017909593,0,0,0,0,0
1638,-1,1,-0.7297286,0.3252543,0,1,unassigned,2.0,2.0,0.0,1.0,0.0,0.0,0.0,0.0,1,0,0,0,0
1639,-1,1,-0.7353215,0.32402802,0,1,unassigned,2.0,2.0,0.0,1.0,0.0,0.0,0.0,0.0,1,0,0,0,0
1640,-1,1,-0.19701603,0.45090473,0,1,unassigned,28.0,28.0,0.0,1.0,0.0,0.0,0.050290134,0.0,1,0,0,0,0
1641,-1,0,-0.5239005,0.37194064,0,1,unassigned,98.0,90.0,8.0,0.9183673,0.08163265,0.081632674,0.18568665,0.015158094,0,0,0,0,0
1642,-1,0,0.9366147,0.7184153,1,1,unassigned,10.0,10.0,0.0,1.0,0.0,0.0,0.015473888,0.0,0,0,0,1,0
1643,-1,0,-0.48519963,0.38102505,0,1,unassigned,14.0,14.0,0.0,1.0,0.0,0.0,0.023210831,0.0,0,0,0,0,0
1644,-1,0,3.612192,0.9737169,1,1,unassigned,12.0,10.0,2.0,0.8333333,0.16666667,0.16666669,0.01934236,0.0032237265,0,0,0,1,1
1645,-1,0,1.0759673,0.7457301,1,1,unassigned,10.0,9.0,1.0,0.9,0.1,0.100000024,0.015473888,0.0015473888,0,0,0,1,0
1646,-1,0,2.8058476,0.94299096,1,1,unassigned,9.0,9.0,0.0,1.0,0.0,0.0,0.013539651,0.0,0,0,0,1,1
1647,-1,1,4.023708,0.9824278,1,1,unassigned,8.0,5.0,3.0,0.625,0.375,0.375,0.0116054155,0.004352031,1,0,0,1,1
1648,-1,1,2.8945143,0.9475746,1,1,unassigned,10.0,10.0,0.0,1.0,0.0,0.0,0.015473888,0.0,1,0,0,1,1
1649,-1,0,-0.38334045,0.40532148,0,1,unassigned,11.0,10.0,1.0,0.90909094,0.09090909,0.090909064,0.017408123,0.0015825568,0,0,0,0,0
1650,-1,1,1.002516,0.73155296,1,1,unassigned,13.0,13.0,0.0,1.0,0.0,0.0,0.021276595,0.0,1,0,0,1,0
1651,-1,1,-0.65622216,0.34158874,0,1,unassigned,4.0,4.0,0.0,1.0,0.0,0.0,0.003868472,0.0,1,0,0,0,0
1652,1,1,0.492029,0.6205843,1,0,unassigned,15.0,15.0,0.0,1.0,0.0,0.0,0.025145067,0.0,1,0,1,1,0
1653,0,0,1.3958561,0.8015255,1,1,test,26.0,26.0,0.0,1.0,0.0,0.0,0.046421662,0.0,0,0,0,1,0
1654,-1,0,-0.1656735,0.4586761,0,1,unassigned,11.0,11.0,0.0,1.0,0.0,0.0,0.017408123,0.0,0,0,0,0,0
1655,-1,0,15.71887,0.9999999,1,1,unassigned,8.0,8.0,0.0,1.0,0.0,0.0,0.0116054155,0.0,0,0,0,1,1
1656,-1,1,0.4816113,0.6181283,1,1,unassigned,3.0,3.0,0.0,1.0,0.0,0.0,0.001934236,0.0,1,0,0,1,0
1657,1,1,0.72916263,0.6746215,1,0,test,53.0,51.0,2.0,0.9622642,0.03773585,0.03773582,0.09864604,0.0037224921,1,0,1,1,0
1658,-1,1,-0.08832836,0.47793227,0,1,unassigned,21.0,20.0,1.0,0.95238096,0.04761905,0.047619045,0.036750484,0.0017500231,1,0,0,0,0
1659,-1,1,-0.5075879,0.37575915,0,1,unassigned,82.0,74.0,8.0,0.902439,0.09756097,0.097561,0.15473887,0.015096474,1,0,0,0,0
1660,-1,0,-0.61171216,0.35166875,0,1,unassigned,29.0,29.0,0.0,1.0,0.0,0.0,0.05222437,0.0,0,0,0,0,0
1661,0,1,-0.67925966,0.33642656,0,0,unassigned,28.0,27.0,1.0,0.96428573,0.035714287,0.03571427,0.050290134,0.0017960763,1,0,1,0,0
1662,-1,0,1.1446366,0.7585299,1,1,unassigned,81.0,79.0,2.0,0.97530866,0.024691358,0.024691343,0.15280464,0.0037729542,0,0,0,1,0
1663,-1,0,7.5722165,0.99948573,1,1,unassigned,20.0,20.0,0.0,1.0,0.0,0.0,0.034816246,0.0,0,0,0,1,1
1664,-1,0,0.13188905,0.53292453,1,1,unassigned,57.0,57.0,0.0,1.0,0.0,0.0,0.10638298,0.0,0,0,0,1,0
1665,-1,0,2.6962774,0.9368067,1,1,unassigned,3.0,3.0,0.0,1.0,0.0,0.0,0.001934236,0.0,0,0,0,1,1
1666,-1,0,4.5341544,0.98937804,1,1,unassigned,6.0,6.0,0.0,1.0,0.0,0.0,0.007736944,0.0,0,0,0,1,1
1667,-1,1,-0.93627346,0.2816537,0,1,unassigned,13.0,13.0,0.0,1.0,0.0,0.0,0.021276595,0.0,1,0,0,0,0
1668,-1,0,5.620836,0.9963915,1,1,unassigned,7.0,7.0,0.0,1.0,0.0,0.0,0.00967118,0.0,0,0,0,1,1
1669,-1,1,0.44764203,0.61007845,1,1,unassigned,3.0,3.0,0.0,1.0,0.0,0.0,0.001934236,0.0,1,0,0,1,0
1670,-1,1,4.5114098,0.98913634,1,1,unassigned,3.0,3.0,0.0,1.0,0.0,0.0,0.001934236,0.0,1,0,0,1,1
1671,-1,0,3.6899898,0.97563624,1,1,unassigned,2.0,2.0,0.0,1.0,0.0,0.0,0.0,0.0,0,0,0,1,1
1672,-1,0,3.9131978,0.98041475,1,1,unassigned,21.0,20.0,1.0,0.95238096,0.04761905,0.047619045,0.036750484,0.0017500231,0,0,0,1,1
1673,-1,0,0.4257747,0.60486424,1,1,unassigned,5.0,5.0,0.0,1.0,0.0,0.0,0.0058027077,0.0,0,0,0,1,0
1674,-1,0,-0.46765792,0.38517073,0,1,unassigned,8.0,8.0,0.0,1.0,0.0,0.0,0.0116054155,0.0,0,0,0,0,0
1675,-1,0,-0.7626159,0.3180786,0,1,unassigned,55.0,55.0,0.0,1.0,0.0,0.0,0.102514505,0.0,0,0,0,0,0
1676,1,0,2.023378,0.88322985,1,0,test,127.0,126.0,1.0,0.992126,0.007874016,0.007874012,0.24177949,0.0019037755,0,0,1,1,0
1677,-1,0,-0.153409,0.46172282,0,1,unassigned,53.0,52.0,1.0,0.9811321,0.018867925,0.01886791,0.09864604,0.0018612461,0,0,0,0,0
1678,1,0,2.834131,0.9444926,1,0,unassigned,10.0,10.0,0.0,1.0,0.0,0.0,0.015473888,0.0,0,0,1,1,1
1679,-1,0,4.4162703,0.98806494,1,1,unassigned,11.0,7.0,4.0,0.6363636,0.36363637,0.36363637,0.017408123,0.006330227,0,0,0,1,1
1680,1,0,1.7703788,0.8545047,1,0,test,8.0,8.0,0.0,1.0,0.0,0.0,0.0116054155,0.0,0,0,1,1,0
1681,-1,0,0.778318,0.68531746,1,1,unassigned,20.0,20.0,0.0,1.0,0.0,0.0,0.034816246,0.0,0,0,0,1,0
1682,-1,0,-0.5017556,0.37712815,0,1,unassigned,9.0,9.0,0.0,1.0,0.0,0.0,0.013539651,0.0,0,0,0,0,0
1683,-1,0,-0.73326594,0.32447845,0,1,unassigned,107.0,104.0,3.0,0.97196263,0.028037382,0.02803737,0.20309478,0.005694246,0,0,0,0,0
1684,-1,1,-0.83861,0.3018276,0,1,unassigned,23.0,23.0,0.0,1.0,0.0,0.0,0.040618956,0.0,1,0,0,0,0
1685,-1,0,0.3254357,0.5806484,1,1,unassigned,2.0,2.0,0.0,1.0,0.0,0.0,0.0,0.0,0,0,0,1,0
1686,-1,0,1.8691337,0.866358,1,1,unassigned,2.0,2.0,0.0,1.0,0.0,0.0,0.0,0.0,0,0,0,1,0
1687,-1,1,-0.5478167,0.36637107,0,1,unassigned,50.0,50.0,0.0,1.0,0.0,0.0,0.092843324,0.0,1,0,0,0,0
1688,0,0,-0.110480756,0.47240788,0,0,test,30.0,30.0,0.0,1.0,0.0,0.0,0.054158606,0.0,0,0,1,0,0
1689,-1,1,1.89888,0.86976475,1,1,unassigned,2.0,2.0,0.0,1.0,0.0,0.0,0.0,0.0,1,0,0,1,0
1690,-1,0,-0.11412668,0.4714993,0,1,unassigned,10.0,10.0,0.0,1.0,0.0,0.0,0.015473888,0.0,0,0,0,0,0
1691,-1,0,0.7541352,0.68007904,1,1,unassigned,17.0,17.0,0.0,1.0,0.0,0.0,0.029013539,0.0,0,0,0,1,0
1692,-1,0,-0.4067341,0.3996955,0,1,unassigned,23.0,23.0,0.0,1.0,0.0,0.0,0.040618956,0.0,0,0,0,0,0
1693,-1,0,-0.11776996,0.47059152,0,1,unassigned,12.0,12.0,0.0,1.0,0.0,0.0,0.01934236,0.0,0,0,0,0,0
1694,-1,1,1.1367502,0.75708246,1,1,unassigned,8.0,7.0,1.0,0.875,0.125,0.125,0.0116054155,0.0014506769,1,0,0,1,0
1695,-1,0,-0.77775794,0.3148033,0,1,unassigned,28.0,28.0,0.0,1.0,0.0,0.0,0.050290134,0.0,0,0,0,0,0
1696,-1,0,1.8774579,0.8673188,1,1,unassigned,22.0,18.0,4.0,0.8181818,0.18181819,0.18181819,0.03868472,0.0070335856,0,0,0,1,0
1697,-1,0,-0.89818937,0.28942272,0,1,unassigned,58.0,58.0,0.0,1.0,0.0,0.0,0.10831721,0.0,0,0,0,0,0
1698,-1,0,1.146898,0.75894386,1,1,unassigned,20.0,19.0,1.0,0.95,0.05,0.050000012,0.034816246,0.0017408123,0,0,0,1,0
1699,-1,0,4.367459,0.98747545,1,1,unassigned,9.0,7.0,2.0,0.7777778,0.22222222,0.22222221,0.013539651,0.0030088115,0,0,0,1,1
1700,-1,0,-0.20363659,0.44926608,0,1,unassigned,10.0,10.0,0.0,1.0,0.0,0.0,0.015473888,0.0,0,0,0,0,0
1701,-1,0,-0.48055372,0.38212135,0,1,unassigned,91.0,91.0,0.0,1.0,0.0,0.0,0.172147,0.0,0,0,0,0,0
1702,-1,0,0.0070109367,0.50175273,1,1,unassigned,22.0,22.0,0.0,1.0,0.0,0.0,0.03868472,0.0,0,0,0,1,0
1703,-1,1,3.260893,0.9630625,1,1,unassigned,27.0,26.0,1.0,0.962963,0.037037037,0.037037015,0.0483559,0.0017909593,1,0,0,1,1
1704,-1,0,-0.43292025,0.39342922,0,1,unassigned,13.0,13.0,0.0,1.0,0.0,0.0,0.021276595,0.0,0,0,0,0,0
1705,-1,0,8.513086,0.9997992,1,1,unassigned,185.0,159.0,26.0,0.85945946,0.14054054,0.14054054,0.3539652,0.04974646,0,0,0,1,1
1706,-1,0,3.081069,0.9561051,1,1,unassigned,58.0,52.0,6.0,0.8965517,0.10344828,0.10344827,0.10831721,0.011205229,0,0,0,1,1
1707,-1,1,-0.67813843,0.3366769,0,1,unassigned,22.0,21.0,1.0,0.95454544,0.045454547,0.04545456,0.03868472,0.0017583964,1,0,0,0,0
1708,-1,0,-0.780555,0.31420028,0,1,unassigned,17.0,17.0,0.0,1.0,0.0,0.0,0.029013539,0.0,0,0,0,0,0
1709,-1,0,-0.20608652,0.44865996,0,1,unassigned,5.0,5.0,0.0,1.0,0.0,0.0,0.0058027077,0.0,0,0,0,0,0
1710,-1,1,-0.57326794,0.3604831,0,1,unassigned,17.0,17.0,0.0,1.0,0.0,0.0,0.029013539,0.0,1,0,0,0,0
1711,-1,0,-0.5043199,0.37652603,0,1,unassigned,30.0,27.0,3.0,0.9,0.1,0.100000024,0.054158606,0.0054158606,0,0,0,0,0
1712,-1,0,0.8845535,0.7077649,1,1,unassigned,30.0,27.0,3.0,0.9,0.1,0.100000024,0.054158606,0.0054158606,0,0,0,1,0
1713,-1,1,-0.7749325,0.31541306,0,1,unassigned,30.0,28.0,2.0,0.93333334,0.06666667,0.06666666,0.054158606,0.003610574,1,0,0,0,0
1714,-1,0,-0.69953406,0.33191553,0,1,unassigned,19.0,18.0,1.0,0.94736844,0.05263158,0.052631557,0.032882012,0.0017306323,0,0,0,0,0
1715,-1,0,0.019080102,0.50476986,1,1,unassigned,18.0,18.0,0.0,1.0,0.0,0.0,0.030947777,0.0,0,0,0,1,0
1716,-1,0,-0.17244148,0.4569961,0,1,unassigned,26.0,23.0,3.0,0.88461536,0.115384616,0.11538464,0.046421662,0.005356346,0,0,0,0,0
1717,-1,1,-0.5181953,0.37327436,0,1,unassigned,38.0,38.0,0.0,1.0,0.0,0.0,0.06963249,0.0,1,0,0,0,0
1718,-1,0,3.501673,0.9707353,1,1,unassigned,8.0,8.0,0.0,1.0,0.0,0.0,0.0116054155,0.0,0,0,0,1,1
1719,-1,0,-0.5501555,0.3658283,0,1,unassigned,27.0,27.0,0.0,1.0,0.0,0.0,0.0483559,0.0,0,0,0,0,0
1720,-1,0,4.0709825,0.9832255,1,1,unassigned,17.0,16.0,1.0,0.9411765,0.05882353,0.058823526,0.029013539,0.0017066788,0,0,0,1,1
1721,-1,0,-0.5128336,0.37452948,0,1,unassigned,110.0,105.0,5.0,0.95454544,0.045454547,0.04545456,0.20889749,0.00949534,0,0,0,0,0
1722,-1,0,3.6508543,0.9746884,1,1,unassigned,10.0,8.0,2.0,0.8,0.2,0.19999999,0.015473888,0.0030947777,0,0,0,1,1
1723,-1,0,-0.044849157,0.4887896,0,1,unassigned,18.0,18.0,0.0,1.0,0.0,0.0,0.030947777,0.0,0,0,0,0,0
1724,-1,0,8.907443,0.9998646,1,1,unassigned,17.0,15.0,2.0,0.88235295,0.11764706,0.11764705,0.029013539,0.0034133575,0,0,0,1,1
1725,-1,1,-0.056975543,0.48575994,0,1,unassigned,41.0,40.0,1.0,0.9756098,0.024390243,0.02439022,0.07543521,0.001839883,1,0,0,0,0
1726,-1,0,0.11305922,0.5282347,1,1,unassigned,52.0,2.0,50.0,0.03846154,0.96153843,0.96153843,0.0967118,0.09299211,0,0,0,1,0
1727,-1,0,3.3297198,0.9654345,1,1,unassigned,18.0,16.0,2.0,0.8888889,0.11111111,0.111111104,0.030947777,0.0034386418,0,0,0,1,1
1728,-1,1,-0.40794384,0.39940527,0,1,unassigned,10.0,7.0,3.0,0.7,0.3,0.3,0.015473888,0.0046421667,1,0,0,0,0
1729,-1,1,0.86735207,0.70419437,1,1,unassigned,3.0,3.0,0.0,1.0,0.0,0.0,0.001934236,0.0,1,0,0,1,0
1730,-1,0,0.07270455,0.51816815,1,1,unassigned,10.0,10.0,0.0,1.0,0.0,0.0,0.015473888,0.0,0,0,0,1,0
1731,-1,0,-0.15305734,0.46181017,0,1,unassigned,24.0,24.0,0.0,1.0,0.0,0.0,0.04255319,0.0,0,0,0,0,0
1732,-1,0,-0.20148996,0.44979724,0,1,unassigned,19.0,19.0,0.0,1.0,0.0,0.0,0.032882012,0.0,0,0,0,0,0
1733,1,0,-0.7436769,0.32220063,0,1,unassigned,5.0,5.0,0.0,1.0,0.0,0.0,0.0058027077,0.0,0,0,0,0,0
1734,-1,0,1.0075378,0.73253804,1,1,unassigned,8.0,8.0,0.0,1.0,0.0,0.0,0.0116054155,0.0,0,0,0,1,0
1735,-1,1,1.7546825,0.8525424,1,1,unassigned,28.0,27.0,1.0,0.96428573,0.035714287,0.03571427,0.050290134,0.0017960763,1,0,0,1,0
1736,-1,0,-0.12821877,0.46798915,0,1,unassigned,20.0,19.0,1.0,0.95,0.05,0.050000012,0.034816246,0.0017408123,0,0,0,0,0
1737,-1,1,-0.05425948,0.48643845,0,1,unassigned,32.0,32.0,0.0,1.0,0.0,0.0,0.058027077,0.0,1,0,0,0,0
1738,-1,0,1.5046568,0.81826794,1,1,unassigned,20.0,18.0,2.0,0.9,0.1,0.100000024,0.034816246,0.0034816246,0,0,0,1,0
1739,-1,0,0.17808789,0.5444047,1,1,unassigned,19.0,18.0,1.0,0.94736844,0.05263158,0.052631557,0.032882012,0.0017306323,0,0,0,1,0
1740,-1,0,-0.5557648,0.36452797,0,1,unassigned,4.0,4.0,0.0,1.0,0.0,0.0,0.003868472,0.0,0,0,0,0,0
1741,-1,0,0.06038779,0.5150924,1,1,unassigned,20.0,19.0,1.0,0.95,0.05,0.050000012,0.034816246,0.0017408123,0,0,0,1,0
1742,-1,1,0.09086269,0.5227,1,1,unassigned,20.0,16.0,4.0,0.8,0.2,0.19999999,0.034816246,0.0069632493,1,0,0,1,0
1743,1,1,-0.31727117,0.42134094,0,1,train,32.0,30.0,2.0,0.9375,0.0625,0.0625,0.058027077,0.0036266923,1,0,0,0,0
1744,-1,1,-0.20156252,0.44977924,0,1,unassigned,9.0,7.0,2.0,0.7777778,0.22222222,0.22222221,0.013539651,0.0030088115,1,0,0,0,0
1745,-1,0,-0.7353215,0.32402802,0,1,unassigned,2.0,1.0,1.0,0.5,0.5,0.5,0.0,0.0,0,0,0,0,0
1746,-1,0,0.9768222,0.72647727,1,1,unassigned,52.0,50.0,2.0,0.96153843,0.03846154,0.038461566,0.0967118,0.0037196847,0,0,0,1,0
1747,-1,0,2.7499633,0.9399113,1,1,unassigned,4.0,4.0,0.0,1.0,0.0,0.0,0.003868472,0.0,0,0,0,1,1
1748,0,0,1.490274,0.8161194,1,1,val,4.0,4.0,0.0,1.0,0.0,0.0,0.003868472,0.0,0,0,0,1,0
1749,-1,0,-0.7932272,0.31147617,0,1,unassigned,86.0,86.0,0.0,1.0,0.0,0.0,0.16247582,0.0,0,0,0,0,0
1750,-1,0,-0.61798847,0.35023907,0,1,unassigned,24.0,24.0,0.0,1.0,0.0,0.0,0.04255319,0.0,0,0,0,0,0
1751,-1,1,-0.2912913,0.42768776,0,1,unassigned,11.0,11.0,0.0,1.0,0.0,0.0,0.017408123,0.0,1,0,0,0,0
1752,-1,0,-0.8401029,0.3015131,0,1,unassigned,108.0,108.0,0.0,1.0,0.0,0.0,0.20502901,0.0,0,0,0,0,0
1753,-1,0,-0.099917084,0.4750415,0,1,unassigned,43.0,41.0,2.0,0.95348835,0.046511628,0.04651165,0.079303674,0.0036885429,0,0,0,0,0
1754,-1,0,-0.86537683,0.2962172,0,1,unassigned,41.0,40.0,1.0,0.9756098,0.024390243,0.02439022,0.07543521,0.001839883,0,0,0,0,0
1755,-1,0,0.11495608,0.5287074,1,1,unassigned,19.0,19.0,0.0,1.0,0.0,0.0,0.032882012,0.0,0,0,0,1,0
1756,-1,0,-0.5852123,0.35773414,0,1,unassigned,23.0,23.0,0.0,1.0,0.0,0.0,0.040618956,0.0,0,0,0,0,0
1757,-1,0,-0.4181913,0.39694962,0,1,unassigned,87.0,87.0,0.0,1.0,0.0,0.0,0.16441005,0.0,0,0,0,0,0
1758,-1,0,-0.90089923,0.28886575,0,1,unassigned,2.0,2.0,0.0,1.0,0.0,0.0,0.0,0.0,0,0,0,0,0
1759,-1,1,-0.59856695,0.35467163,0,1,unassigned,7.0,5.0,2.0,0.71428573,0.2857143,0.28571427,0.00967118,0.0027631943,1,0,0,0,0
1760,-1,0,-0.81688166,0.30642602,0,1,unassigned,19.0,19.0,0.0,1.0,0.0,0.0,0.032882012,0.0,0,0,0,0,0
1761,-1,1,0.8608661,0.7028416,1,1,unassigned,6.0,5.0,1.0,0.8333333,0.16666667,0.16666669,0.007736944,0.0012894907,1,0,0,1,0
1762,-1,0,4.5426917,0.98946744,1,1,unassigned,6.0,6.0,0.0,1.0,0.0,0.0,0.007736944,0.0,0,0,0,1,1
1763,-1,0,1.0408156,0.7390073,1,1,unassigned,7.0,7.0,0.0,1.0,0.0,0.0,0.00967118,0.0,0,0,0,1,0
1764,1,0,0.0070557594,0.50176394,1,0,val,23.0,23.0,0.0,1.0,0.0,0.0,0.040618956,0.0,0,0,1,1,0
1765,0,0,-0.15418768,0.46152925,0,0,test,16.0,16.0,0.0,1.0,0.0,0.0,0.027079303,0.0,0,0,1,0,0
1766,-1,0,-0.01705873,0.49573538,0,1,unassigned,21.0,21.0,0.0,1.0,0.0,0.0,0.036750484,0.0,0,0,0,0,0
1767,-1,0,0.14935368,0.5372692,1,1,unassigned,19.0,18.0,1.0,0.94736844,0.05263158,0.052631557,0.032882012,0.0017306323,0,0,0,1,0
1768,-1,0,0.009853661,0.5024634,1,1,unassigned,26.0,26.0,0.0,1.0,0.0,0.0,0.046421662,0.0,0,0,0,1,0
1769,0,0,-0.31198573,0.42263013,0,0,unassigned,13.0,13.0,0.0,1.0,0.0,0.0,0.021276595,0.0,0,0,1,0,0
1770,-1,1,-0.6029632,0.35366607,0,1,unassigned,12.0,4.0,8.0,0.33333334,0.6666667,0.6666666,0.01934236,0.012894906,1,0,0,0,0
1771,-1,0,-0.5715915,0.3608697,0,1,unassigned,20.0,19.0,1.0,0.95,0.05,0.050000012,0.034816246,0.0017408123,0,0,0,0,0
1772,-1,0,-0.61167896,0.35167632,0,1,unassigned,172.0,165.0,7.0,0.9593023,0.040697675,0.040697694,0.3288201,0.013382214,0,0,0,0,0
1773,-1,1,0.06413108,0.5160273,1,1,unassigned,20.0,20.0,0.0,1.0,0.0,0.0,0.034816246,0.0,1,0,0,1,0
1774,1,0,-0.85567725,0.29824328,0,1,test,70.0,67.0,3.0,0.95714283,0.042857144,0.04285717,0.13152805,0.0056369165,0,0,0,0,0
1775,-1,0,-0.37637344,0.40700185,0,1,unassigned,31.0,31.0,0.0,1.0,0.0,0.0,0.056092843,0.0,0,0,0,0,0
1776,-1,1,-0.05698794,0.48575684,0,1,unassigned,4.0,4.0,0.0,1.0,0.0,0.0,0.003868472,0.0,1,0,0,0,0
1777,-1,1,8.4063015,0.99977666,1,1,unassigned,71.0,51.0,20.0,0.7183099,0.28169015,0.28169012,0.13346228,0.03759501,1,0,0,1,1
1778,-1,0,-0.066698074,0.48333168,0,1,unassigned,26.0,26.0,0.0,1.0,0.0,0.0,0.046421662,0.0,0,0,0,0,0
1779,-1,1,2.0558655,0.886539,1,1,unassigned,6.0,4.0,2.0,0.6666667,0.33333334,0.3333333,0.007736944,0.0025789815,1,0,0,1,0
1780,-1,0,-0.03943801,0.49014178,0,1,unassigned,15.0,15.0,0.0,1.0,0.0,0.0,0.025145067,0.0,0,0,0,0,0
1781,-1,0,-0.5392812,0.36835483,0,1,unassigned,14.0,14.0,0.0,1.0,0.0,0.0,0.023210831,0.0,0,0,0,0,0
1782,-1,0,1.1954942,0.76772225,1,1,unassigned,8.0,7.0,1.0,0.875,0.125,0.125,0.0116054155,0.0014506769,0,0,0,1,0
1783,-1,1,8.879466,0.99986076,1,1,unassigned,8.0,8.0,0.0,1.0,0.0,0.0,0.0116054155,0.0,1,0,0,1,1
1784,-1,0,-0.45804968,0.3874486,0,1,unassigned,141.0,140.0,1.0,0.9929078,0.0070921984,0.007092178,0.2688588,0.0019067999,0,0,0,0,0
1785,0,0,-0.7075875,0.33013213,0,0,test,6.0,6.0,0.0,1.0,0.0,0.0,0.007736944,0.0,0,0,1,0,0
1786,-1,0,-0.6431644,0.34453157,0,1,unassigned,10.0,10.0,0.0,1.0,0.0,0.0,0.015473888,0.0,0,0,0,0,0
1787,0,0,-0.7005136,0.33169836,0,0,test,22.0,22.0,0.0,1.0,0.0,0.0,0.03868472,0.0,0,0,1,0,0
1788,-1,0,-0.10543361,0.473666,0,1,unassigned,29.0,29.0,0.0,1.0,0.0,0.0,0.05222437,0.0,0,0,0,0,0
1789,-1,0,6.2645116,0.99810094,1,1,unassigned,2.0,2.0,0.0,1.0,0.0,0.0,0.0,0.0,0,0,0,1,1
1790,-1,0,-0.8939383,0.29029778,0,1,unassigned,21.0,19.0,2.0,0.9047619,0.0952381,0.09523809,0.036750484,0.0035000462,0,0,0,0,0
1791,0,0,0.086188436,0.5215338,1,1,test,36.0,36.0,0.0,1.0,0.0,0.0,0.065764025,0.0,0,0,0,1,0
1792,-1,0,-0.814281,0.306979,0,1,unassigned,25.0,24.0,1.0,0.96,0.04,0.04000002,0.044487428,0.001779497,0,0,0,0,0
1793,-1,0,0.1048795,0.5261959,1,1,unassigned,20.0,20.0,0.0,1.0,0.0,0.0,0.034816246,0.0,0,0,0,1,0
1794,-1,0,2.0381777,0.8847476,1,1,unassigned,26.0,25.0,1.0,0.96153843,0.03846154,0.038461566,0.046421662,0.0017854486,0,0,0,1,0
1795,-1,0,1.715899,0.8475998,1,1,unassigned,2.0,2.0,0.0,1.0,0.0,0.0,0.0,0.0,0,0,0,1,0
1796,-1,0,-0.13670957,0.4658757,0,1,unassigned,47.0,47.0,0.0,1.0,0.0,0.0,0.08704062,0.0,0,0,0,0,0
1797,1,0,-0.39497694,0.4025198,0,1,unassigned,3.0,2.0,1.0,0.6666667,0.33333334,0.3333333,0.001934236,0.00064474536,0,0,0,0,0
1798,-1,0,0.9451502,0.7201388,1,1,unassigned,5.0,5.0,0.0,1.0,0.0,0.0,0.0058027077,0.0,0,0,0,1,0
1799,-1,0,0.52936894,0.62933594,1,1,unassigned,17.0,17.0,0.0,1.0,0.0,0.0,0.029013539,0.0,0,0,0,1,0
1800,0,0,0.027688324,0.50692165,1,1,val,23.0,23.0,0.0,1.0,0.0,0.0,0.040618956,0.0,0,0,0,1,0
1801,-1,0,0.94758064,0.7206283,1,1,unassigned,6.0,6.0,0.0,1.0,0.0,0.0,0.007736944,0.0,0,0,0,1,0
1802,-1,1,-0.75626314,0.31945813,0,1,unassigned,30.0,30.0,0.0,1.0,0.0,0.0,0.054158606,0.0,1,0,0,0,0
1803,-1,1,4.2379165,0.9857678,1,1,unassigned,2.0,1.0,1.0,0.5,0.5,0.5,0.0,0.0,1,0,0,1,1
1804,1,0,0.019768298,0.5049419,1,0,unassigned,15.0,15.0,0.0,1.0,0.0,0.0,0.025145067,0.0,0,0,1,1,0
1805,-1,0,-0.3096374,0.42320326,0,1,unassigned,35.0,35.0,0.0,1.0,0.0,0.0,0.06382979,0.0,0,0,0,0,0
1806,-1,0,-0.4881524,0.38032892,0,1,unassigned,12.0,10.0,2.0,0.8333333,0.16666667,0.16666669,0.01934236,0.0032237265,0,0,0,0,0
1807,1,0,2.6135728,0.9317301,1,0,test,25.0,23.0,2.0,0.92,0.08,0.07999998,0.044487428,0.003558994,0,0,1,1,1
1808,1,1,4.8111587,0.99192727,1,0,unassigned,11.0,7.0,4.0,0.6363636,0.36363637,0.36363637,0.017408123,0.006330227,1,0,1,1,1
1809,0,0,-0.6749939,0.33737952,0,0,unassigned,16.0,16.0,0.0,1.0,0.0,0.0,0.027079303,0.0,0,0,1,0,0
1810,-1,1,3.2136035,0.961343,1,1,unassigned,2.0,2.0,0.0,1.0,0.0,0.0,0.0,0.0,1,0,0,1,1
1811,-1,0,0.37524092,0.59272474,1,1,unassigned,3.0,3.0,0.0,1.0,0.0,0.0,0.001934236,0.0,0,0,0,1,0
1812,-1,0,0.95394546,0.721908,1,1,unassigned,15.0,15.0,0.0,1.0,0.0,0.0,0.025145067,0.0,0,0,0,1,0
1813,-1,0,-0.68509895,0.33512422,0,1,unassigned,10.0,10.0,0.0,1.0,0.0,0.0,0.015473888,0.0,0,0,0,0,0
1814,-1,1,2.3575203,0.9135301,1,1,unassigned,4.0,4.0,0.0,1.0,0.0,0.0,0.003868472,0.0,1,0,0,1,1
1815,-1,0,-0.9659178,0.27569494,0,1,unassigned,33.0,32.0,1.0,0.969697,0.030303031,0.030303001,0.059961315,0.0018170096,0,0,0,0,0
1816,-1,0,0.9011846,0.71119285,1,1,unassigned,3.0,3.0,0.0,1.0,0.0,0.0,0.001934236,0.0,0,0,0,1,0
1817,-1,1,3.3873541,0.967307,1,1,unassigned,39.0,35.0,4.0,0.8974359,0.102564104,0.1025641,0.07156673,0.0073401774,1,0,0,1,1
1818,1,0,-0.18560123,0.45373243,0,1,val,9.0,8.0,1.0,0.8888889,0.11111111,0.111111104,0.013539651,0.0015044058,0,0,0,0,0
1819,-1,0,3.402774,0.9677911,1,1,unassigned,13.0,7.0,6.0,0.53846157,0.46153846,0.46153843,0.021276595,0.009819967,0,0,0,1,1
1820,-1,0,0.39093828,0.59650856,1,1,unassigned,52.0,45.0,7.0,0.86538464,0.13461539,0.13461536,0.0967118,0.013018897,0,0,0,1,0
1821,-1,0,0.45381194,0.6115452,1,1,unassigned,16.0,16.0,0.0,1.0,0.0,0.0,0.027079303,0.0,0,0,0,1,0
1822,-1,0,-0.23032442,0.4426721,0,1,unassigned,33.0,33.0,0.0,1.0,0.0,0.0,0.059961315,0.0,0,0,0,0,0
1823,-1,0,-0.68198943,0.33581743,0,1,unassigned,43.0,41.0,2.0,0.95348835,0.046511628,0.04651165,0.079303674,0.0036885429,0,0,0,0,0
1824,-1,0,-0.4920469,0.37941152,0,1,unassigned,8.0,7.0,1.0,0.875,0.125,0.125,0.0116054155,0.0014506769,0,0,0,0,0
1825,-1,0,-0.3592154,0.41114953,0,1,unassigned,31.0,30.0,1.0,0.9677419,0.032258064,0.032258093,0.056092843,0.0018094465,0,0,0,0,0
1826,-1,0,-0.92557603,0.2838231,0,1,unassigned,84.0,83.0,1.0,0.9880952,0.011904762,0.011904776,0.15860735,0.0018881827,0,0,0,0,0
1827,-1,0,-0.14370245,0.4641361,0,1,unassigned,44.0,44.0,0.0,1.0,0.0,0.0,0.08123791,0.0,0,0,0,0,0
1828,-1,0,-0.51265484,0.37457135,0,1,unassigned,8.0,8.0,0.0,1.0,0.0,0.0,0.0116054155,0.0,0,0,0,0,0
1829,-1,0,-0.85762095,0.29783663,0,1,unassigned,51.0,51.0,0.0,1.0,0.0,0.0,0.09477756,0.0,0,0,0,0,0
1830,-1,0,-0.5794026,0.35907006,0,1,unassigned,54.0,53.0,1.0,0.9814815,0.018518519,0.018518507,0.10058027,0.0018625975,0,0,0,0,0
1831,-1,0,-0.668029,0.33893833,0,1,unassigned,43.0,43.0,0.0,1.0,0.0,0.0,0.079303674,0.0,0,0,0,0,0
1832,-1,0,0.68443924,0.6647287,1,1,unassigned,127.0,123.0,4.0,0.96850395,0.031496063,0.031496048,0.24177949,0.007615102,0,0,0,1,0
1833,-1,0,0.7582111,0.68096524,1,1,unassigned,29.0,29.0,0.0,1.0,0.0,0.0,0.05222437,0.0,0,0,0,1,0
1834,-1,0,0.97372395,0.72586113,1,1,unassigned,7.0,6.0,1.0,0.85714287,0.14285715,0.14285713,0.00967118,0.0013815971,0,0,0,1,0
1835,0,0,-0.07780677,0.48055813,0,0,val,9.0,9.0,0.0,1.0,0.0,0.0,0.013539651,0.0,0,0,1,0,0
1836,-1,0,-0.9913589,0.27064374,0,1,unassigned,2.0,2.0,0.0,1.0,0.0,0.0,0.0,0.0,0,0,0,0,0
1837,-1,0,1.5791662,0.82908636,1,1,unassigned,4.0,4.0,0.0,1.0,0.0,0.0,0.003868472,0.0,0,0,0,1,0
1838,-1,0,-0.23740071,0.440927,0,1,unassigned,18.0,18.0,0.0,1.0,0.0,0.0,0.030947777,0.0,0,0,0,0,0
1839,-1,1,3.7226574,0.97640073,1,1,unassigned,2.0,1.0,1.0,0.5,0.5,0.5,0.0,0.0,1,0,0,1,1
1840,-1,1,0.0811941,0.5202874,1,1,unassigned,2.0,2.0,0.0,1.0,0.0,0.0,0.0,0.0,1,0,0,1,0
1841,-1,0,-0.8583793,0.29767808,0,1,unassigned,82.0,81.0,1.0,0.9878049,0.0121951215,0.01219511,0.15473887,0.0018870593,0,0,0,0,0
1842,-1,1,4.3109803,0.9867574,1,1,unassigned,6.0,6.0,0.0,1.0,0.0,0.0,0.007736944,0.0,1,0,0,1,1
1843,-1,0,-1.0424705,0.2606736,0,1,unassigned,14.0,14.0,0.0,1.0,0.0,0.0,0.023210831,0.0,0,0,0,0,0
1844,-1,0,-0.6660721,0.33937696,0,1,unassigned,66.0,65.0,1.0,0.9848485,0.015151516,0.015151501,0.123791106,0.0018756229,0,0,0,0,0
1845,-1,0,0.22751278,0.5566341,1,1,unassigned,32.0,32.0,0.0,1.0,0.0,0.0,0.058027077,0.0,0,0,0,1,0
1846,-1,0,-0.7463604,0.32161486,0,1,unassigned,56.0,56.0,0.0,1.0,0.0,0.0,0.10444874,0.0,0,0,0,0,0
1847,-1,0,-0.8483049,0.29978856,0,1,unassigned,76.0,74.0,2.0,0.9736842,0.02631579,0.026315808,0.14313346,0.0037666701,0,0,0,0,0
1848,-1,1,-0.122151464,0.46950004,0,1,unassigned,13.0,13.0,0.0,1.0,0.0,0.0,0.021276595,0.0,1,0,0,0,0
1849,-1,1,3.8688724,0.97954524,1,1,unassigned,5.0,2.0,3.0,0.4,0.6,0.6,0.0058027077,0.0034816249,1,0,0,1,1
1850,1,1,0.25292426,0.56289613,1,0,test,14.0,14.0,0.0,1.0,0.0,0.0,0.023210831,0.0,1,0,1,1,0
1851,-1,1,-0.014933705,0.49626666,0,1,unassigned,24.0,24.0,0.0,1.0,0.0,0.0,0.04255319,0.0,1,0,0,0,0
1852,-1,0,-0.693593,0.33323425,0,1,unassigned,23.0,23.0,0.0,1.0,0.0,0.0,0.040618956,0.0,0,0,0,0,0
1853,-1,1,-0.67125,0.33821702,0,1,unassigned,72.0,72.0,0.0,1.0,0.0,0.0,0.13539653,0.0,1,0,0,0,0
1854,0,1,0.2968921,0.57368255,1,1,val,20.0,20.0,0.0,1.0,0.0,0.0,0.034816246,0.0,1,0,0,1,0
1855,-1,0,-0.18703842,0.45337623,0,1,unassigned,41.0,41.0,0.0,1.0,0.0,0.0,0.07543521,0.0,0,0,0,0,0
1856,-1,0,-0.84858286,0.29973024,0,1,unassigned,86.0,86.0,0.0,1.0,0.0,0.0,0.16247582,0.0,0,0,0,0,0
1857,-1,0,1.4385684,0.80823284,1,1,unassigned,2.0,2.0,0.0,1.0,0.0,0.0,0.0,0.0,0,0,0,1,0
1858,-1,1,3.1348364,0.9583071,1,1,unassigned,3.0,2.0,1.0,0.6666667,0.33333334,0.3333333,0.001934236,0.00064474536,1,0,0,1,1
1859,-1,1,0.755359,0.68034524,1,1,unassigned,4.0,4.0,0.0,1.0,0.0,0.0,0.003868472,0.0,1,0,0,1,0
1860,-1,0,-0.39740032,0.4019371,0,1,unassigned,39.0,39.0,0.0,1.0,0.0,0.0,0.07156673,0.0,0,0,0,0,0
1861,-1,0,-0.55508554,0.3646853,0,1,unassigned,35.0,33.0,2.0,0.94285715,0.057142857,0.057142854,0.06382979,0.0036474164,0,0,0,0,0
1862,-1,0,-0.19455615,0.4515138,0,1,unassigned,11.0,11.0,0.0,1.0,0.0,0.0,0.017408123,0.0,0,0,0,0,0
1863,-1,0,-0.84352815,0.30079222,0,1,unassigned,43.0,42.0,1.0,0.9767442,0.023255814,0.023255825,0.079303674,0.0018442714,0,0,0,0,0
1864,-1,0,-0.18971133,0.45271394,0,1,unassigned,15.0,15.0,0.0,1.0,0.0,0.0,0.025145067,0.0,0,0,0,0,0
1865,-1,0,6.4174666,0.9983699,1,1,unassigned,11.0,11.0,0.0,1.0,0.0,0.0,0.017408123,0.0,0,0,0,1,1
1866,1,0,-0.3008238,0.42535612,0,1,unassigned,7.0,7.0,0.0,1.0,0.0,0.0,0.00967118,0.0,0,0,0,0,0
1867,-1,1,0.25596076,0.5636431,1,1,unassigned,7.0,5.0,2.0,0.71428573,0.2857143,0.28571427,0.00967118,0.0027631943,1,0,0,1,0
1868,-1,0,4.9267783,0.9928023,1,1,unassigned,34.0,30.0,4.0,0.88235295,0.11764706,0.11764705,0.061895553,0.0072818296,0,0,0,1,1
1869,-1,0,0.2570246,0.5639047,1,1,unassigned,2.0,2.0,0.0,1.0,0.0,0.0,0.0,0.0,0,0,0,1,0
1870,-1,0,-1.0412039,0.26091778,0,1,unassigned,19.0,17.0,2.0,0.8947368,0.10526316,0.10526317,0.032882012,0.0034612645,0,0,0,0,0
1871,-1,0,1.0238488,0.7357216,1,1,unassigned,3.0,2.0,1.0,0.6666667,0.33333334,0.3333333,0.001934236,0.00064474536,0,0,0,1,0
1872,-1,0,0.46623307,0.61449176,1,1,unassigned,2.0,2.0,0.0,1.0,0.0,0.0,0.0,0.0,0,0,0,1,0
1873,1,1,0.6712691,0.6617873,1,0,unassigned,9.0,9.0,0.0,1.0,0.0,0.0,0.013539651,0.0,1,0,1,1,0
1874,-1,0,2.3526056,0.9131411,1,1,unassigned,11.0,11.0,0.0,1.0,0.0,0.0,0.017408123,0.0,0,0,0,1,1
1875,-1,0,-0.92084605,0.2847855,0,1,unassigned,65.0,64.0,1.0,0.9846154,0.015384615,0.0153846145,0.12185687,0.001874721,0,0,0,0,0
1876,-1,0,-0.9283917,0.2832511,0,1,unassigned,67.0,67.0,0.0,1.0,0.0,0.0,0.12572534,0.0,0,0,0,0,0
1877,-1,0,0.10882932,0.5271805,1,1,unassigned,14.0,12.0,2.0,0.85714287,0.14285715,0.14285713,0.023210831,0.0033158332,0,0,0,1,0
1878,-1,0,-0.6856746,0.33499599,0,1,unassigned,99.0,99.0,0.0,1.0,0.0,0.0,0.1876209,0.0,0,0,0,0,0
1879,-1,0,-0.93798447,0.28130764,0,1,unassigned,58.0,58.0,0.0,1.0,0.0,0.0,0.10831721,0.0,0,0,0,0,0
1880,-1,0,-0.6673389,0.33909297,0,1,unassigned,246.0,244.0,2.0,0.9918699,0.008130081,0.008130074,0.47195357,0.0038370208,0,0,0,0,0
1881,1,0,4.582479,0.9898741,1,0,val,7.0,7.0,0.0,1.0,0.0,0.0,0.00967118,0.0,0,0,1,1,1
1882,-1,0,-0.88630295,0.29187337,0,1,unassigned,101.0,87.0,14.0,0.8613861,0.13861386,0.13861388,0.19148937,0.02654308,0,0,0,0,0
1883,-1,0,1.7320654,0.84967643,1,1,unassigned,7.0,7.0,0.0,1.0,0.0,0.0,0.00967118,0.0,0,0,0,1,0
1884,-1,0,-0.88040555,0.29309374,0,1,unassigned,37.0,37.0,0.0,1.0,0.0,0.0,0.06769826,0.0,0,0,0,0,0
1885,-1,1,0.2977991,0.5739044,1,1,unassigned,3.0,3.0,0.0,1.0,0.0,0.0,0.001934236,0.0,1,0,0,1,0
1886,-1,1,0.19532114,0.5486756,1,1,unassigned,16.0,16.0,0.0,1.0,0.0,0.0,0.027079303,0.0,1,0,0,1,0
1887,-1,0,1.3413324,0.792709,1,1,unassigned,13.0,12.0,1.0,0.9230769,0.07692308,0.07692307,0.021276595,0.0016366612,0,0,0,1,0
1888,-1,0,-0.61569864,0.35076037,0,1,unassigned,55.0,55.0,0.0,1.0,0.0,0.0,0.102514505,0.0,0,0,0,0,0
1889,-1,0,-0.5099626,0.3752023,0,1,unassigned,19.0,19.0,0.0,1.0,0.0,0.0,0.032882012,0.0,0,0,0,0,0
1890,-1,0,0.91431886,0.71388316,1,1,unassigned,3.0,3.0,0.0,1.0,0.0,0.0,0.001934236,0.0,0,0,0,1,0
1891,-1,0,-0.30855024,0.42346868,0,1,unassigned,46.0,46.0,0.0,1.0,0.0,0.0,0.08510638,0.0,0,0,0,0,0
1892,-1,0,0.7112121,0.6706689,1,1,unassigned,5.0,5.0,0.0,1.0,0.0,0.0,0.0058027077,0.0,0,0,0,1,0
1893,-1,0,-0.8762631,0.29395276,0,1,unassigned,63.0,59.0,4.0,0.93650794,0.06349207,0.06349206,0.11798839,0.007491327,0,0,0,0,0
1894,0,0,-0.3425396,0.4151927,0,0,test,13.0,13.0,0.0,1.0,0.0,0.0,0.021276595,0.0,0,0,1,0,0
1895,-1,1,3.2500389,0.9626745,1,1,unassigned,5.0,2.0,3.0,0.4,0.6,0.6,0.0058027077,0.0034816249,1,0,0,1,1
1896,-1,0,2.9077458,0.948228,1,1,unassigned,4.0,1.0,3.0,0.25,0.75,0.75,0.003868472,0.002901354,0,0,0,1,1
1897,-1,0,-0.9669206,0.27549472,0,1,unassigned,18.0,18.0,0.0,1.0,0.0,0.0,0.030947777,0.0,0,0,0,0,0
1898,-1,0,-0.3314929,0.4178774,0,1,unassigned,70.0,68.0,2.0,0.9714286,0.028571429,0.028571427,0.13152805,0.0037579443,0,0,0,0,0
1899,-1,0,1.842305,0.86322105,1,1,unassigned,14.0,14.0,0.0,1.0,0.0,0.0,0.023210831,0.0,0,0,0,1,0
1900,-1,0,-0.6332651,0.34677055,0,1,unassigned,83.0,79.0,4.0,0.9518072,0.04819277,0.0481928,0.15667312,0.0075505115,0,0,0,0,0
1901,-1,1,2.9582727,0.950653,1,1,unassigned,8.0,7.0,1.0,0.875,0.125,0.125,0.0116054155,0.0014506769,1,0,0,1,1
1902,-1,0,-0.4822546,0.3817199,0,1,unassigned,4.0,4.0,0.0,1.0,0.0,0.0,0.003868472,0.0,0,0,0,0,0
1903,-1,0,4.5495305,0.98953843,1,1,unassigned,19.0,18.0,1.0,0.94736844,0.05263158,0.052631557,0.032882012,0.0017306323,0,0,0,1,1
1904,-1,1,1.0298843,0.7368935,1,1,unassigned,5.0,5.0,0.0,1.0,0.0,0.0,0.0058027077,0.0,1,0,0,1,0
1905,-1,0,-0.5454079,0.36693045,0,1,unassigned,85.0,85.0,0.0,1.0,0.0,0.0,0.16054158,0.0,0,0,0,0,0
1906,0,0,-0.69174045,0.333646,0,0,val,18.0,18.0,0.0,1.0,0.0,0.0,0.030947777,0.0,0,0,1,0,0
1907,-1,0,-0.38715985,0.40440118,0,1,unassigned,17.0,17.0,0.0,1.0,0.0,0.0,0.029013539,0.0,0,0,0,0,0
1908,-1,1,0.33106935,0.5820195,1,1,unassigned,6.0,2.0,4.0,0.33333334,0.6666667,0.6666666,0.007736944,0.005157963,1,0,0,1,0
1909,-1,0,-0.6841458,0.33533663,0,1,unassigned,34.0,32.0,2.0,0.9411765,0.05882353,0.058823526,0.061895553,0.0036409148,0,0,0,0,0
1910,0,0,-0.69200766,0.33358663,0,0,unassigned,147.0,141.0,6.0,0.9591837,0.040816326,0.040816307,0.2804642,0.011447518,0,0,1,0,0
1911,-1,0,2.038266,0.88475657,1,1,unassigned,6.0,6.0,0.0,1.0,0.0,0.0,0.007736944,0.0,0,0,0,1,0
1912,-1,0,-0.49922466,0.37772292,0,1,unassigned,22.0,22.0,0.0,1.0,0.0,0.0,0.03868472,0.0,0,0,0,0,0
1913,-1,0,-0.8776121,0.29367286,0,1,unassigned,3.0,3.0,0.0,1.0,0.0,0.0,0.001934236,0.0,0,0,0,0,0
1914,-1,0,-0.6626923,0.34013507,0,1,unassigned,15.0,15.0,0.0,1.0,0.0,0.0,0.025145067,0.0,0,0,0,0,0
1915,-1,0,-0.776207,0.31513792,0,1,unassigned,88.0,78.0,10.0,0.8863636,0.11363637,0.113636374,0.1663443,0.018902762,0,0,0,0,0
1916,1,0,0.6962313,0.66735166,1,0,unassigned,24.0,24.0,0.0,1.0,0.0,0.0,0.04255319,0.0,0,0,1,1,0
1917,-1,0,-0.24676114,0.43862087,0,1,unassigned,80.0,76.0,4.0,0.95,0.05,0.050000012,0.15087041,0.0075435205,0,0,0,0,0
1918,-1,0,-0.47863138,0.38257536,0,1,unassigned,27.0,27.0,0.0,1.0,0.0,0.0,0.0483559,0.0,0,0,0,0,0
1919,-1,1,2.9738483,0.95137864,1,1,unassigned,5.0,5.0,0.0,1.0,0.0,0.0,0.0058027077,0.0,1,0,0,1,1
1920,-1,1,2.7402685,0.9393614,1,1,unassigned,2.0,1.0,1.0,0.5,0.5,0.5,0.0,0.0,1,0,0,1,1
1921,-1,0,-0.23128778,0.44243443,0,1,unassigned,62.0,61.0,1.0,0.983871,0.016129032,0.016129017,0.116054155,0.0018718411,0,0,0,0,0
1922,-1,0,0.9250038,0.7160606,1,1,unassigned,4.0,1.0,3.0,0.25,0.75,0.75,0.003868472,0.002901354,0,0,0,1,0
1923,1,0,0.048963666,0.5122385,1,0,val,64.0,61.0,3.0,0.953125,0.046875,0.046875,0.11992263,0.005621373,0,0,1,1,0
1924,-1,0,-0.5532302,0.3651153,0,1,unassigned,92.0,92.0,0.0,1.0,0.0,0.0,0.17408124,0.0,0,0,0,0,0
1925,1,0,-0.06114167,0.48471934,0,1,unassigned,50.0,50.0,0.0,1.0,0.0,0.0,0.092843324,0.0,0,0,0,0,0
1926,-1,0,-0.33248153,0.41763693,0,1,unassigned,33.0,33.0,0.0,1.0,0.0,0.0,0.059961315,0.0,0,0,0,0,0
1927,-1,0,-0.15416119,0.46153584,0,1,unassigned,2.0,2.0,0.0,1.0,0.0,0.0,0.0,0.0,0,0,0,0,0
1928,-1,0,1.5968754,0.83158123,1,1,unassigned,13.0,13.0,0.0,1.0,0.0,0.0,0.021276595,0.0,0,0,0,1,0
1929,-1,1,0.66136926,0.65956795,1,1,unassigned,10.0,10.0,0.0,1.0,0.0,0.0,0.015473888,0.0,1,0,0,1,0
1930,0,0,-0.71402067,0.32871103,0,0,test,17.0,17.0,0.0,1.0,0.0,0.0,0.029013539,0.0,0,0,1,0,0
1931,-1,0,-0.8707526,0.29509774,0,1,unassigned,142.0,139.0,3.0,0.97887325,0.02112676,0.021126747,0.27079305,0.00572098,0,0,0,0,0
1932,-1,0,2.6928189,0.9366015,1,1,unassigned,15.0,15.0,0.0,1.0,0.0,0.0,0.025145067,0.0,0,0,0,1,1
1933,-1,0,0.7674101,0.68296033,1,1,unassigned,6.0,5.0,1.0,0.8333333,0.16666667,0.16666669,0.007736944,0.0012894907,0,0,0,1,0
1934,1,0,-0.7608636,0.3184588,0,1,val,14.0,14.0,0.0,1.0,0.0,0.0,0.023210831,0.0,0,0,0,0,0
1935,0,0,-0.706467,0.33038,0,0,val,11.0,11.0,0.0,1.0,0.0,0.0,0.017408123,0.0,0,0,1,0,0
1936,-1,0,0.40683895,0.60032964,1,1,unassigned,27.0,27.0,0.0,1.0,0.0,0.0,0.0483559,0.0,0,0,0,1,0
1937,-1,0,-0.51160234,0.374818,0,1,unassigned,23.0,23.0,0.0,1.0,0.0,0.0,0.040618956,0.0,0,0,0,0,0
1938,-1,0,0.6851459,0.66488624,1,1,unassigned,19.0,18.0,1.0,0.94736844,0.05263158,0.052631557,0.032882012,0.0017306323,0,0,0,1,0
1939,-1,0,-0.23870498,0.4406055,0,1,unassigned,57.0,57.0,0.0,1.0,0.0,0.0,0.10638298,0.0,0,0,0,0,0
1940,0,0,-0.46277845,0.3863269,0,0,test,26.0,26.0,0.0,1.0,0.0,0.0,0.046421662,0.0,0,0,1,0,0
1941,-1,0,0.2587096,0.564319,1,1,unassigned,8.0,8.0,0.0,1.0,0.0,0.0,0.0116054155,0.0,0,0,0,1,0
1942,-1,0,-0.34994403,0.41339597,0,1,unassigned,16.0,16.0,0.0,1.0,0.0,0.0,0.027079303,0.0,0,0,0,0,0
1943,-1,1,-0.327978,0.4187327,0,1,unassigned,51.0,23.0,28.0,0.4509804,0.54901963,0.5490196,0.09477756,0.052034743,1,0,0,0,0
1944,0,1,-0.79154575,0.31183687,0,0,test,22.0,21.0,1.0,0.95454544,0.045454547,0.04545456,0.03868472,0.0017583964,1,0,1,0,0
1945,-1,0,3.63149,0.9742062,1,1,unassigned,7.0,7.0,0.0,1.0,0.0,0.0,0.00967118,0.0,0,0,0,1,1
1946,1,0,3.33942,0.9657567,1,0,val,6.0,6.0,0.0,1.0,0.0,0.0,0.007736944,0.0,0,0,1,1,1
1947,0,0,0.5529502,0.6348198,1,1,test,8.0,7.0,1.0,0.875,0.125,0.125,0.0116054155,0.0014506769,0,0,0,1,0
1948,-1,0,-0.7862413,0.31297633,0,1,unassigned,95.0,95.0,0.0,1.0,0.0,0.0,0.17988394,0.0,0,0,0,0,0
1949,-1,0,-0.4395175,0.39185593,0,1,unassigned,138.0,136.0,2.0,0.98550725,0.014492754,0.01449275,0.2630561,0.0038124074,0,0,0,0,0
1950,-1,0,8.085331,0.9996921,1,1,unassigned,4.0,3.0,1.0,0.75,0.25,0.25,0.003868472,0.000967118,0,0,0,1,1
1951,-1,1,-0.027016819,0.49324617,0,1,unassigned,5.0,5.0,0.0,1.0,0.0,0.0,0.0058027077,0.0,1,0,0,0,0
1952,-1,0,1.3478031,0.7937702,1,1,unassigned,4.0,3.0,1.0,0.75,0.25,0.25,0.003868472,0.000967118,0,0,0,1,0
1953,0,0,-0.22729802,0.44341892,0,0,unassigned,18.0,17.0,1.0,0.9444444,0.055555556,0.055555582,0.030947777,0.0017193209,0,0,1,0,0
1954,1,0,0.8222087,0.694705,1,0,unassigned,3.0,3.0,0.0,1.0,0.0,0.0,0.001934236,0.0,0,0,1,1,0
1955,-1,1,1.5963705,0.8315105,1,1,unassigned,3.0,1.0,2.0,0.33333334,0.6666667,0.6666666,0.001934236,0.0012894907,1,0,0,1,0
1956,-1,0,-0.6511678,0.3427264,0,1,unassigned,88.0,86.0,2.0,0.97727275,0.022727273,0.022727251,0.1663443,0.0037805524,0,0,0,0,0
1957,-1,0,-0.6893712,0.334173,0,1,unassigned,65.0,64.0,1.0,0.9846154,0.015384615,0.0153846145,0.12185687,0.001874721,0,0,0,0,0
1958,0,0,-0.609442,0.3521865,0,0,unassigned,98.0,92.0,6.0,0.93877554,0.06122449,0.06122446,0.18568665,0.011368571,0,0,1,0,0
1959,-1,0,-0.6386064,0.34556162,0,1,unassigned,151.0,148.0,3.0,0.98013246,0.01986755,0.01986754,0.28820115,0.005725851,0,0,0,0,0
1960,-1,0,6.584627,0.9986205,1,1,unassigned,2.0,2.0,0.0,1.0,0.0,0.0,0.0,0.0,0,0,0,1,1
1961,0,0,-0.17723984,0.4558057,0,0,unassigned,3.0,3.0,0.0,1.0,0.0,0.0,0.001934236,0.0,0,0,1,0,0
1962,-1,0,-0.27870917,0.43077025,0,1,unassigned,41.0,40.0,1.0,0.9756098,0.024390243,0.02439022,0.07543521,0.001839883,0,0,0,0,0
1963,-1,0,-0.6017022,0.35395437,0,1,unassigned,130.0,128.0,2.0,0.9846154,0.015384615,0.0153846145,0.24758221,0.003808957,0,0,0,0,0
1964,-1,0,3.358462,0.96638083,1,1,unassigned,4.0,4.0,0.0,1.0,0.0,0.0,0.003868472,0.0,0,0,0,1,1
1965,-1,0,2.592336,0.93036675,1,1,unassigned,32.0,30.0,2.0,0.9375,0.0625,0.0625,0.058027077,0.0036266923,0,0,0,1,1
1966,0,1,-0.5808391,0.35873955,0,0,train,10.0,9.0,1.0,0.9,0.1,0.100000024,0.015473888,0.0015473888,1,0,1,0,0
1967,-1,0,-0.7409234,0.32280225,0,1,unassigned,24.0,24.0,0.0,1.0,0.0,0.0,0.04255319,0.0,0,0,0,0,0
1968,-1,1,0.0099131465,0.50247824,1,1,unassigned,8.0,8.0,0.0,1.0,0.0,0.0,0.0116054155,0.0,1,0,0,1,0
1969,-1,1,5.015046,0.9934064,1,1,unassigned,14.0,13.0,1.0,0.9285714,0.071428575,0.0714286,0.023210831,0.0016579166,1,0,0,1,1
1970,-1,0,2.6613183,0.9347052,1,1,unassigned,5.0,5.0,0.0,1.0,0.0,0.0,0.0058027077,0.0,0,0,0,1,1
1971,1,1,-0.015683234,0.49607933,0,1,unassigned,40.0,38.0,2.0,0.95,0.05,0.050000012,0.07350097,0.0036750485,1,0,0,0,0
1972,-1,1,-0.20188233,0.44970012,0,1,unassigned,9.0,9.0,0.0,1.0,0.0,0.0,0.013539651,0.0,1,0,0,0,0
1973,1,0,0.6035096,0.64645886,1,0,train,14.0,14.0,0.0,1.0,0.0,0.0,0.023210831,0.0,0,0,1,1,0
1974,0,1,-0.34944832,0.4135162,0,0,unassigned,2.0,2.0,0.0,1.0,0.0,0.0,0.0,0.0,1,0,1,0,0
1975,-1,0,0.9621894,0.7235599,1,1,unassigned,3.0,3.0,0.0,1.0,0.0,0.0,0.001934236,0.0,0,0,0,1,0
1976,-1,0,0.3116961,0.57729924,1,1,unassigned,23.0,22.0,1.0,0.95652175,0.04347826,0.04347825,0.040618956,0.0017660416,0,0,0,1,0
1977,-1,0,2.1919978,0.8995286,1,1,unassigned,11.0,10.0,1.0,0.90909094,0.09090909,0.090909064,0.017408123,0.0015825568,0,0,0,1,0
1978,1,0,8.208723,0.9997278,1,0,unassigned,2.0,2.0,0.0,1.0,0.0,0.0,0.0,0.0,0,0,1,1,1
1979,-1,1,1.0730944,0.74518496,1,1,unassigned,29.0,24.0,5.0,0.82758623,0.1724138,0.17241377,0.05222437,0.009004202,1,0,0,1,0
1980,-1,0,2.82533,0.94402933,1,1,unassigned,14.0,14.0,0.0,1.0,0.0,0.0,0.023210831,0.0,0,0,0,1,1
1981,-1,0,-0.3824138,0.40554488,0,1,unassigned,12.0,10.0,2.0,0.8333333,0.16666667,0.16666669,0.01934236,0.0032237265,0,0,0,0,0
1982,-1,1,3.5566075,0.9722562,1,1,unassigned,12.0,11.0,1.0,0.9166667,0.083333336,0.08333331,0.01934236,0.0016118633,1,0,0,1,1
1983,-1,1,2.680907,0.93589056,1,1,unassigned,7.0,4.0,3.0,0.5714286,0.42857143,0.4285714,0.00967118,0.0041447915,1,0,0,1,1
1984,-1,1,1.1927967,0.7672409,1,1,unassigned,19.0,17.0,2.0,0.8947368,0.10526316,0.10526317,0.032882012,0.0034612645,1,0,0,1,0
1985,-1,0,-0.2034657,0.44930834,0,1,unassigned,39.0,39.0,0.0,1.0,0.0,0.0,0.07156673,0.0,0,0,0,0,0
1986,-1,0,-0.5163745,0.37370038,0,1,unassigned,48.0,47.0,1.0,0.9791667,0.020833334,0.020833313,0.088974856,0.0018536429,0,0,0,0,0
1987,-1,0,-0.63692397,0.3459422,0,1,unassigned,34.0,34.0,0.0,1.0,0.0,0.0,0.061895553,0.0,0,0,0,0,0
1988,-1,1,-0.42889872,0.39438936,0,1,unassigned,87.0,82.0,5.0,0.9425287,0.057471264,0.057471275,0.16441005,0.009448853,1,0,0,0,0
1989,-1,0,0.07643545,0.5190996,1,1,unassigned,105.0,100.0,5.0,0.95238096,0.04761905,0.047619045,0.1992263,0.009486967,0,0,0,1,0
1990,-1,1,-0.5400318,0.36818016,0,1,unassigned,48.0,43.0,5.0,0.8958333,0.104166664,0.10416669,0.088974856,0.009268214,1,0,0,0,0
1991,-1,0,-0.440634,0.3915899,0,1,unassigned,33.0,33.0,0.0,1.0,0.0,0.0,0.059961315,0.0,0,0,0,0,0
1992,-1,0,-0.35397154,0.41241968,0,1,unassigned,8.0,8.0,0.0,1.0,0.0,0.0,0.0116054155,0.0,0,0,0,0,0
1993,0,0,-0.15066308,0.46240532,0,0,test,22.0,22.0,0.0,1.0,0.0,0.0,0.03868472,0.0,0,0,1,0,0
1994,-1,0,-0.20854527,0.4480518,0,1,unassigned,2.0,2.0,0.0,1.0,0.0,0.0,0.0,0.0,0,0,0,0,0
1995,-1,0,-0.22736162,0.44340318,0,1,unassigned,9.0,9.0,0.0,1.0,0.0,0.0,0.013539651,0.0,0,0,0,0,0
1996,-1,1,4.779147,0.99166685,1,1,unassigned,22.0,20.0,2.0,0.90909094,0.09090909,0.090909064,0.03868472,0.0035167928,1,0,0,1,1
1997,0,1,0.021668673,0.505417,1,1,test,11.0,10.0,1.0,0.90909094,0.09090909,0.090909064,0.017408123,0.0015825568,1,0,0,1,0
1998,-1,0,-0.7655619,0.31743994,0,1,unassigned,83.0,81.0,2.0,0.97590363,0.024096385,0.02409637,0.15667312,0.0037752558,0,0,0,0,0
1999,-1,0,-0.4566597,0.38777852,0,1,unassigned,32.0,32.0,0.0,1.0,0.0,0.0,0.058027077,0.0,0,0,0,0,0
2000,-1,0,2.4326046,0.91927993,1,1,unassigned,2.0,2.0,0.0,1.0,0.0,0.0,0.0,0.0,0,0,0,1,1
2001,-1,0,1.444371,0.8091306,1,1,unassigned,2.0,2.0,0.0,1.0,0.0,0.0,0.0,0.0,0,0,0,1,0
2002,-1,1,1.8897171,0.8687233,1,1,unassigned,6.0,6.0,0.0,1.0,0.0,0.0,0.007736944,0.0,1,0,0,1,0
2003,-1,0,-0.3816071,0.40573937,0,1,unassigned,6.0,6.0,0.0,1.0,0.0,0.0,0.007736944,0.0,0,0,0,0,0
2004,-1,0,-0.22244185,0.44461772,0,1,unassigned,84.0,74.0,10.0,0.88095236,0.11904762,0.11904764,0.15860735,0.018881828,0,0,0,0,0
2005,1,0,1.2975969,0.78543025,1,0,val,17.0,14.0,3.0,0.8235294,0.1764706,0.17647058,0.029013539,0.005120036,0,0,1,1,0
2006,-1,0,-0.8153628,0.3067489,0,1,unassigned,69.0,68.0,1.0,0.98550725,0.014492754,0.01449275,0.1295938,0.0018781711,0,0,0,0,0
2007,-1,0,0.31388992,0.5778345,1,1,unassigned,70.0,65.0,5.0,0.9285714,0.071428575,0.0714286,0.13152805,0.009394861,0,0,0,1,0
2008,-1,0,0.15799558,0.53941697,1,1,unassigned,40.0,40.0,0.0,1.0,0.0,0.0,0.07350097,0.0,0,0,0,1,0
2009,-1,0,-0.0664736,0.4833877,0,1,unassigned,37.0,37.0,0.0,1.0,0.0,0.0,0.06769826,0.0,0,0,0,0,0
2010,-1,1,5.588101,0.99627185,1,1,unassigned,14.0,11.0,3.0,0.78571427,0.21428572,0.21428573,0.023210831,0.0049737496,1,0,0,1,1
2011,0,0,1.4642901,0.81218797,1,1,val,47.0,41.0,6.0,0.87234044,0.12765957,0.12765956,0.08704062,0.011111569,0,0,0,1,0
2012,-1,0,0.4544397,0.6116943,1,1,unassigned,47.0,42.0,5.0,0.89361703,0.10638298,0.106382966,0.08704062,0.00925964,0,0,0,1,0
2013,0,0,-0.65277505,0.34236443,0,0,val,9.0,9.0,0.0,1.0,0.0,0.0,0.013539651,0.0,0,0,1,0,0
2014,-1,0,0.584976,0.64221156,1,1,unassigned,22.0,20.0,2.0,0.90909094,0.09090909,0.090909064,0.03868472,0.0035167928,0,0,0,1,0
2015,-1,1,2.2125466,0.9013706,1,1,unassigned,11.0,8.0,3.0,0.72727275,0.27272728,0.27272725,0.017408123,0.00474767,1,0,0,1,1
2016,-1,0,1.3161287,0.7885369,1,1,unassigned,22.0,22.0,0.0,1.0,0.0,0.0,0.03868472,0.0,0,0,0,1,0
2017,-1,0,0.102461755,0.52559304,1,1,unassigned,73.0,72.0,1.0,0.98630136,0.01369863,0.0136986375,0.13733076,0.0018812432,0,0,0,1,0
2018,-1,0,0.7838524,0.6865098,1,1,unassigned,34.0,32.0,2.0,0.9411765,0.05882353,0.058823526,0.061895553,0.0036409148,0,0,0,1,0
2019,-1,0,0.70565826,0.66944104,1,1,unassigned,10.0,10.0,0.0,1.0,0.0,0.0,0.015473888,0.0,0,0,0,1,0
2020,-1,0,-0.4565855,0.38779616,0,1,unassigned,105.0,103.0,2.0,0.9809524,0.01904762,0.019047618,0.1992263,0.003794787,0,0,0,0,0
2021,-1,0,0.8403049,0.6985294,1,1,unassigned,15.0,14.0,1.0,0.93333334,0.06666667,0.06666666,0.025145067,0.0016763379,0,0,0,1,0
2022,-1,0,-0.68391305,0.33538854,0,1,unassigned,156.0,155.0,1.0,0.99358976,0.0064102565,0.006410241,0.29787233,0.001909438,0,0,0,0,0
2023,-1,0,1.5400467,0.82347155,1,1,unassigned,5.0,5.0,0.0,1.0,0.0,0.0,0.0058027077,0.0,0,0,0,1,0
2024,-1,0,4.600215,0.9900503,1,1,unassigned,3.0,2.0,1.0,0.6666667,0.33333334,0.3333333,0.001934236,0.00064474536,0,0,0,1,1
2025,-1,1,-0.48074782,0.38207555,0,1,unassigned,55.0,54.0,1.0,0.9818182,0.018181818,0.0181818,0.102514505,0.0018639,1,0,0,0,0
2026,-1,0,-0.113472134,0.47166237,0,1,unassigned,40.0,39.0,1.0,0.975,0.025,0.024999976,0.07350097,0.0018375242,0,0,0,0,0
2027,1,0,-0.075785816,0.4810626,0,1,unassigned,8.0,8.0,0.0,1.0,0.0,0.0,0.0116054155,0.0,0,0,0,0,0
2028,-1,0,-0.8099063,0.30791047,0,1,unassigned,94.0,93.0,1.0,0.9893617,0.010638298,0.010638297,0.17794971,0.0018930819,0,0,0,0,0
2029,-1,0,1.002682,0.73158556,1,1,unassigned,3.0,1.0,2.0,0.33333334,0.6666667,0.6666666,0.001934236,0.0012894907,0,0,0,1,0
2030,-1,0,3.2284834,0.9618922,1,1,unassigned,3.0,3.0,0.0,1.0,0.0,0.0,0.001934236,0.0,0,0,0,1,1
2031,-1,0,-0.5861214,0.35752526,0,1,unassigned,13.0,13.0,0.0,1.0,0.0,0.0,0.021276595,0.0,0,0,0,0,0
2032,0,1,0.32099694,0.5795672,1,1,unassigned,2.0,2.0,0.0,1.0,0.0,0.0,0.0,0.0,1,0,0,1,0
2033,0,0,-0.13996333,0.4650662,0,0,unassigned,9.0,9.0,0.0,1.0,0.0,0.0,0.013539651,0.0,0,0,1,0,0
2034,-1,0,-0.26507792,0.43411586,0,1,unassigned,3.0,3.0,0.0,1.0,0.0,0.0,0.001934236,0.0,0,0,0,0,0
2035,0,0,0.15231997,0.53800654,1,1,test,7.0,7.0,0.0,1.0,0.0,0.0,0.00967118,0.0,0,0,0,1,0
2036,-1,0,1.11268,0.7526284,1,1,unassigned,6.0,6.0,0.0,1.0,0.0,0.0,0.007736944,0.0,0,0,0,1,0
2037,1,0,0.1700244,0.542404,1,0,unassigned,40.0,39.0,1.0,0.975,0.025,0.024999976,0.07350097,0.0018375242,0,0,1,1,0
2038,0,0,0.47555238,0.6166971,1,1,test,17.0,14.0,3.0,0.8235294,0.1764706,0.17647058,0.029013539,0.005120036,0,0,0,1,0
2039,-1,0,0.9114358,0.71329385,1,1,unassigned,39.0,35.0,4.0,0.8974359,0.102564104,0.1025641,0.07156673,0.0073401774,0,0,0,1,0
2040,-1,0,0.853954,0.7013959,1,1,unassigned,19.0,19.0,0.0,1.0,0.0,0.0,0.032882012,0.0,0,0,0,1,0
2041,-1,0,0.58572084,0.64238274,1,1,unassigned,4.0,4.0,0.0,1.0,0.0,0.0,0.003868472,0.0,0,0,0,1,0
2042,-1,0,-0.026282012,0.49342987,0,1,unassigned,24.0,24.0,0.0,1.0,0.0,0.0,0.04255319,0.0,0,0,0,0,0
2043,-1,1,-0.48024207,0.38219497,0,1,unassigned,6.0,6.0,0.0,1.0,0.0,0.0,0.007736944,0.0,1,0,0,0,0
2044,-1,0,-0.09240982,0.476914,0,1,unassigned,8.0,8.0,0.0,1.0,0.0,0.0,0.0116054155,0.0,0,0,0,0,0
2045,-1,0,0.6186914,0.6499209,1,1,unassigned,54.0,54.0,0.0,1.0,0.0,0.0,0.10058027,0.0,0,0,0,1,0
2046,-1,0,0.65108424,0.65725476,1,1,unassigned,9.0,9.0,0.0,1.0,0.0,0.0,0.013539651,0.0,0,0,0,1,0
2047,-1,1,-0.94504064,0.27988327,0,1,unassigned,34.0,33.0,1.0,0.9705882,0.029411765,0.029411793,0.061895553,0.0018204574,1,0,0,0,0
2048,-1,0,-0.22387493,0.44426388,0,1,unassigned,38.0,37.0,1.0,0.9736842,0.02631579,0.026315808,0.06963249,0.0018324341,0,0,0,0,0
2049,-1,0,0.59485775,0.644479,1,1,unassigned,124.0,123.0,1.0,0.9919355,0.008064516,0.008064508,0.23597679,0.0019030386,0,0,0,1,0
2050,0,0,-0.09282112,0.47681135,0,0,unassigned,3.0,3.0,0.0,1.0,0.0,0.0,0.001934236,0.0,0,0,1,0,0
2051,-1,0,12.129297,0.99999464,1,1,unassigned,2.0,2.0,0.0,1.0,0.0,0.0,0.0,0.0,0,0,0,1,1
2052,-1,1,-0.48219028,0.38173506,0,1,unassigned,24.0,23.0,1.0,0.9583333,0.041666668,0.041666687,0.04255319,0.0017730496,1,0,0,0,0
2053,-1,0,-0.08987033,0.47754756,0,1,unassigned,29.0,29.0,0.0,1.0,0.0,0.0,0.05222437,0.0,0,0,0,0,0
2054,-1,0,-0.089148104,0.4777277,0,1,unassigned,35.0,35.0,0.0,1.0,0.0,0.0,0.06382979,0.0,0,0,0,0,0
2055,-1,0,0.19545668,0.5487092,1,1,unassigned,27.0,26.0,1.0,0.962963,0.037037037,0.037037015,0.0483559,0.0017909593,0,0,0,1,0
2056,-1,0,0.2665859,0.56625456,1,1,unassigned,7.0,6.0,1.0,0.85714287,0.14285715,0.14285713,0.00967118,0.0013815971,0,0,0,1,0
2057,-1,0,0.24929422,0.5620028,1,1,unassigned,58.0,58.0,0.0,1.0,0.0,0.0,0.10831721,0.0,0,0,0,1,0
2058,-1,1,6.76625,0.9988493,1,1,unassigned,3.0,1.0,2.0,0.33333334,0.6666667,0.6666666,0.001934236,0.0012894907,1,0,0,1,1
2059,-1,1,-0.066847265,0.48329437,0,1,unassigned,46.0,45.0,1.0,0.9782609,0.02173913,0.021739125,0.08510638,0.0018501388,1,0,0,0,0
2060,-1,0,-0.5615854,0.3631807,0,1,unassigned,16.0,15.0,1.0,0.9375,0.0625,0.0625,0.027079303,0.0016924564,0,0,0,0,0
2061,-1,1,0.740686,0.67714584,1,1,unassigned,15.0,15.0,0.0,1.0,0.0,0.0,0.025145067,0.0,1,0,0,1,0
2062,-1,0,-0.62266403,0.3491758,0,1,unassigned,161.0,161.0,0.0,1.0,0.0,0.0,0.30754352,0.0,0,0,0,0,0
2063,-1,0,0.5117709,0.62522155,1,1,unassigned,16.0,16.0,0.0,1.0,0.0,0.0,0.027079303,0.0,0,0,0,1,0
2064,-1,0,-0.8144324,0.30694678,0,1,unassigned,75.0,73.0,2.0,0.97333336,0.026666667,0.026666641,0.14119923,0.003765313,0,0,0,0,0
2065,-1,1,-0.22721308,0.44343984,0,1,unassigned,2.0,1.0,1.0,0.5,0.5,0.5,0.0,0.0,1,0,0,0,0
2066,-1,1,2.8488393,0.9452586,1,1,unassigned,9.0,9.0,0.0,1.0,0.0,0.0,0.013539651,0.0,1,0,0,1,1
2067,-1,0,-0.39252943,0.40310854,0,1,unassigned,66.0,66.0,0.0,1.0,0.0,0.0,0.123791106,0.0,0,0,0,0,0
2068,-1,0,-0.6154214,0.3508235,0,1,unassigned,2.0,2.0,0.0,1.0,0.0,0.0,0.0,0.0,0,0,0,0,0
2069,-1,0,-0.6065203,0.3528534,0,1,unassigned,62.0,62.0,0.0,1.0,0.0,0.0,0.116054155,0.0,0,0,0,0,0
2070,-1,0,-0.1692003,0.45780054,0,1,unassigned,121.0,118.0,3.0,0.9752066,0.024793388,0.024793386,0.23017408,0.0057067955,0,0,0,0,0
2071,-1,0,-0.4190101,0.39675364,0,1,unassigned,10.0,10.0,0.0,1.0,0.0,0.0,0.015473888,0.0,0,0,0,0,0
2072,-1,0,-0.5372433,0.3688291,0,1,unassigned,92.0,90.0,2.0,0.9782609,0.02173913,0.021739125,0.17408124,0.0037843748,0,0,0,0,0
2073,-1,0,-0.84437394,0.3006144,0,1,unassigned,58.0,57.0,1.0,0.98275864,0.01724138,0.017241359,0.10831721,0.0018675381,0,0,0,0,0
2074,-1,0,-0.6956919,0.33276808,0,1,unassigned,123.0,122.0,1.0,0.9918699,0.008130081,0.008130074,0.23404256,0.0019027849,0,0,0,0,0
2075,-1,0,-0.47602648,0.38319084,0,1,unassigned,11.0,11.0,0.0,1.0,0.0,0.0,0.017408123,0.0,0,0,0,0,0
2076,-1,0,-0.050373077,0.48740938,0,1,unassigned,24.0,24.0,0.0,1.0,0.0,0.0,0.04255319,0.0,0,0,0,0,0
2077,-1,0,-0.6495222,0.34309724,0,1,unassigned,12.0,12.0,0.0,1.0,0.0,0.0,0.01934236,0.0,0,0,0,0,0
2078,-1,1,0.19658142,0.5489877,1,1,unassigned,3.0,3.0,0.0,1.0,0.0,0.0,0.001934236,0.0,1,0,0,1,0
2079,-1,0,7.5209403,0.99945873,1,1,unassigned,3.0,3.0,0.0,1.0,0.0,0.0,0.001934236,0.0,0,0,0,1,1
2080,-1,0,8.183851,0.999721,1,1,unassigned,8.0,7.0,1.0,0.875,0.125,0.125,0.0116054155,0.0014506769,0,0,0,1,1
2081,-1,0,1.2594717,0.77893513,1,1,unassigned,4.0,1.0,3.0,0.25,0.75,0.75,0.003868472,0.002901354,0,0,0,1,0
2082,-1,0,-0.7226303,0.32681406,0,1,unassigned,68.0,68.0,0.0,1.0,0.0,0.0,0.12765957,0.0,0,0,0,0,0
2083,-1,0,-0.8974182,0.28958136,0,1,unassigned,19.0,19.0,0.0,1.0,0.0,0.0,0.032882012,0.0,0,0,0,0,0
2084,-1,1,0.24242562,0.5603113,1,1,unassigned,4.0,4.0,0.0,1.0,0.0,0.0,0.003868472,0.0,1,0,0,1,0
2085,-1,0,-0.6291515,0.34770295,0,1,unassigned,20.0,20.0,0.0,1.0,0.0,0.0,0.034816246,0.0,0,0,0,0,0
2086,0,0,-0.6536428,0.34216914,0,0,test,58.0,58.0,0.0,1.0,0.0,0.0,0.10831721,0.0,0,0,1,0,0
2087,-1,0,-0.58818626,0.35705113,0,1,unassigned,164.0,163.0,1.0,0.99390244,0.0060975607,0.006097555,0.31334624,0.0019106477,0,0,0,0,0
2088,-1,0,4.441634,0.9883604,1,1,unassigned,65.0,63.0,2.0,0.9692308,0.03076923,0.030769229,0.12185687,0.003749442,0,0,0,1,1
2089,1,1,-0.48054874,0.38212255,0,1,unassigned,76.0,66.0,10.0,0.8684211,0.13157895,0.13157892,0.14313346,0.01883335,1,0,0,0,0
2090,-1,0,0.052259147,0.5130618,1,1,unassigned,13.0,12.0,1.0,0.9230769,0.07692308,0.07692307,0.021276595,0.0016366612,0,0,0,1,0
2091,-1,0,-0.8825443,0.29265082,0,1,unassigned,67.0,67.0,0.0,1.0,0.0,0.0,0.12572534,0.0,0,0,0,0,0
2092,-1,0,0.8430404,0.6991052,1,1,unassigned,22.0,22.0,0.0,1.0,0.0,0.0,0.03868472,0.0,0,0,0,1,0
2093,1,1,-0.20575523,0.4487419,0,1,test,69.0,68.0,1.0,0.98550725,0.014492754,0.01449275,0.1295938,0.0018781711,1,0,0,0,0
2094,-1,0,-0.7399808,0.32300833,0,1,unassigned,76.0,75.0,1.0,0.9868421,0.013157895,0.013157904,0.14313346,0.0018833351,0,0,0,0,0
2095,0,0,-0.83114314,0.3034034,0,0,val,79.0,75.0,4.0,0.9493671,0.050632913,0.050632894,0.14893617,0.007541072,0,0,1,0,0
2096,-1,0,-1.0006677,0.26881018,0,1,unassigned,88.0,86.0,2.0,0.97727275,0.022727273,0.022727251,0.1663443,0.0037805524,0,0,0,0,0
2097,-1,0,-0.8202548,0.30570957,0,1,unassigned,66.0,66.0,0.0,1.0,0.0,0.0,0.123791106,0.0,0,0,0,0,0
2098,-1,0,2.1877735,0.8991462,1,1,unassigned,14.0,13.0,1.0,0.9285714,0.071428575,0.0714286,0.023210831,0.0016579166,0,0,0,1,0
2099,-1,0,0.033932805,0.5084824,1,1,unassigned,85.0,84.0,1.0,0.9882353,0.011764706,0.011764705,0.16054158,0.0018887245,0,0,0,1,0
2100,1,0,0.50984854,0.624771,1,0,val,10.0,10.0,0.0,1.0,0.0,0.0,0.015473888,0.0,0,0,1,1,0
2101,-1,0,1.5158637,0.8199286,1,1,unassigned,32.0,31.0,1.0,0.96875,0.03125,0.03125,0.058027077,0.0018133462,0,0,0,1,0
2102,-1,0,0.28700286,0.57126224,1,1,unassigned,53.0,52.0,1.0,0.9811321,0.018867925,0.01886791,0.09864604,0.0018612461,0,0,0,1,0
2103,-1,0,0.688999,0.6657442,1,1,unassigned,5.0,5.0,0.0,1.0,0.0,0.0,0.0058027077,0.0,0,0,0,1,0
2104,-1,0,1.6078885,0.833118,1,1,unassigned,2.0,2.0,0.0,1.0,0.0,0.0,0.0,0.0,0,0,0,1,0
2105,-1,0,2.8884628,0.9472732,1,1,unassigned,5.0,5.0,0.0,1.0,0.0,0.0,0.0058027077,0.0,0,0,0,1,1
2106,-1,0,-0.5344429,0.36948127,0,1,unassigned,37.0,36.0,1.0,0.972973,0.027027028,0.02702701,0.06769826,0.0018296828,0,0,0,0,0
2107,-1,0,-0.24734434,0.43847725,0,1,unassigned,52.0,52.0,0.0,1.0,0.0,0.0,0.0967118,0.0,0,0,0,0,0
2108,-1,0,1.9601729,0.8765516,1,1,unassigned,5.0,5.0,0.0,1.0,0.0,0.0,0.0058027077,0.0,0,0,0,1,0
2109,0,0,-0.6714846,0.33816448,0,0,val,60.0,60.0,0.0,1.0,0.0,0.0,0.11218569,0.0,0,0,1,0,0
2110,-1,0,-0.8890814,0.29129943,0,1,unassigned,29.0,29.0,0.0,1.0,0.0,0.0,0.05222437,0.0,0,0,0,0,0
2111,-1,0,1.0564299,0.74200773,1,1,unassigned,4.0,4.0,0.0,1.0,0.0,0.0,0.003868472,0.0,0,0,0,1,0
2112,-1,0,0.88071877,0.70697117,1,1,unassigned,3.0,3.0,0.0,1.0,0.0,0.0,0.001934236,0.0,0,0,0,1,0
2113,1,0,2.0353522,0.8844592,1,0,test,7.0,7.0,0.0,1.0,0.0,0.0,0.00967118,0.0,0,0,1,1,0
2114,-1,0,0.114231706,0.5285269,1,1,unassigned,3.0,3.0,0.0,1.0,0.0,0.0,0.001934236,0.0,0,0,0,1,0
2115,-1,1,-0.5896189,0.3567223,0,1,unassigned,98.0,96.0,2.0,0.97959185,0.020408163,0.020408154,0.18568665,0.0037895234,1,0,0,0,0
2116,-1,0,-0.49418992,0.37890705,0,1,unassigned,74.0,74.0,0.0,1.0,0.0,0.0,0.13926499,0.0,0,0,0,0,0
2117,-1,0,-0.61501616,0.3509158,0,1,unassigned,34.0,34.0,0.0,1.0,0.0,0.0,0.061895553,0.0,0,0,0,0,0
2118,-1,1,-0.41082776,0.39871365,0,1,unassigned,10.0,10.0,0.0,1.0,0.0,0.0,0.015473888,0.0,1,0,0,0,0
2119,1,0,2.5326245,0.9263975,1,0,unassigned,61.0,33.0,28.0,0.5409836,0.45901638,0.45901638,0.114119925,0.052382916,0,0,1,1,1
2120,1,0,9.26262,0.9999051,1,0,unassigned,4.0,4.0,0.0,1.0,0.0,0.0,0.003868472,0.0,0,0,1,1,1
2121,-1,0,-0.31906718,0.42090315,0,1,unassigned,6.0,5.0,1.0,0.8333333,0.16666667,0.16666669,0.007736944,0.0012894907,0,0,0,0,0
2122,-1,0,-0.56237674,0.36299768,0,1,unassigned,92.0,91.0,1.0,0.98913044,0.010869565,0.010869563,0.17408124,0.0018921874,0,0,0,0,0
2123,-1,0,-0.58473307,0.35784426,0,1,unassigned,121.0,120.0,1.0,0.9917355,0.008264462,0.008264482,0.23017408,0.001902265,0,0,0,0,0
2124,1,1,-0.4510553,0.3891099,0,1,unassigned,28.0,27.0,1.0,0.96428573,0.035714287,0.03571427,0.050290134,0.0017960763,1,0,0,0,0
2125,-1,0,-0.78499496,0.31324434,0,1,unassigned,58.0,56.0,2.0,0.9655172,0.03448276,0.034482777,0.10831721,0.0037350762,0,0,0,0,0
2126,-1,0,-0.7273479,0.32577696,0,1,unassigned,148.0,141.0,7.0,0.9527027,0.0472973,0.0472973,0.28239846,0.013356685,0,0,0,0,0
2127,-1,0,-0.81082356,0.30771503,0,1,unassigned,3.0,3.0,0.0,1.0,0.0,0.0,0.001934236,0.0,0,0,0,0,0
2128,-1,0,1.4653232,0.8123455,1,1,unassigned,2.0,2.0,0.0,1.0,0.0,0.0,0.0,0.0,0,0,0,1,0
2129,0,0,-0.69989634,0.3318352,0,0,val,94.0,93.0,1.0,0.9893617,0.010638298,0.010638297,0.17794971,0.0018930819,0,0,1,0,0
2130,-1,0,-0.122576654,0.46939412,0,1,unassigned,18.0,18.0,0.0,1.0,0.0,0.0,0.030947777,0.0,0,0,0,0,0
2131,-1,0,-0.013836563,0.49654093,0,1,unassigned,49.0,46.0,3.0,0.93877554,0.06122449,0.06122446,0.09090909,0.005565863,0,0,0,0,0
2132,-1,1,0.82845324,0.69602776,1,1,unassigned,3.0,3.0,0.0,1.0,0.0,0.0,0.001934236,0.0,1,0,0,1,0
2133,-1,0,-0.76744515,0.31703204,0,1,unassigned,39.0,39.0,0.0,1.0,0.0,0.0,0.07156673,0.0,0,0,0,0,0
2134,-1,1,-0.045930803,0.48851934,0,1,unassigned,5.0,5.0,0.0,1.0,0.0,0.0,0.0058027077,0.0,1,0,0,0,0
2135,1,1,-0.10372609,0.4740917,0,1,unassigned,6.0,6.0,0.0,1.0,0.0,0.0,0.007736944,0.0,1,0,0,0,0
2136,-1,0,-0.8825327,0.2926532,0,1,unassigned,165.0,162.0,3.0,0.9818182,0.018181818,0.0181818,0.31528047,0.005732372,0,0,0,0,0
2137,0,0,-0.5034087,0.37673995,0,0,unassigned,32.0,32.0,0.0,1.0,0.0,0.0,0.058027077,0.0,0,0,1,0,0
2138,-1,0,-0.90781254,0.2874477,0,1,unassigned,77.0,62.0,15.0,0.8051948,0.19480519,0.1948052,0.14506769,0.028259939,0,0,0,0,0
2139,-1,0,0.7146824,0.671435,1,1,unassigned,9.0,8.0,1.0,0.8888889,0.11111111,0.111111104,0.013539651,0.0015044058,0,0,0,1,0
2140,-1,0,-0.5478997,0.3663518,0,1,unassigned,17.0,16.0,1.0,0.9411765,0.05882353,0.058823526,0.029013539,0.0017066788,0,0,0,0,0
2141,1,0,0.11726314,0.5292822,1,0,unassigned,30.0,29.0,1.0,0.96666664,0.033333335,0.03333336,0.054158606,0.001805287,0,0,1,1,0
2142,-1,1,4.463298,0.988607,1,1,unassigned,11.0,11.0,0.0,1.0,0.0,0.0,0.017408123,0.0,1,0,0,1,1
2143,-1,0,-0.33830798,0.41622055,0,1,unassigned,61.0,61.0,0.0,1.0,0.0,0.0,0.114119925,0.0,0,0,0,0,0
2144,1,1,4.275704,0.9862883,1,0,unassigned,28.0,25.0,3.0,0.89285713,0.10714286,0.107142866,0.050290134,0.0053882287,1,0,1,1,1
2145,-1,0,1.2157233,0.7713101,1,1,unassigned,3.0,3.0,0.0,1.0,0.0,0.0,0.001934236,0.0,0,0,0,1,0
2146,-1,0,0.5232124,0.62789863,1,1,unassigned,29.0,28.0,1.0,0.9655172,0.03448276,0.034482777,0.05222437,0.0018008404,0,0,0,1,0
2147,-1,0,0.08762485,0.5218922,1,1,unassigned,2.0,2.0,0.0,1.0,0.0,0.0,0.0,0.0,0,0,0,1,0
2148,-1,0,2.1863542,0.8990174,1,1,unassigned,18.0,18.0,0.0,1.0,0.0,0.0,0.030947777,0.0,0,0,0,1,0
2149,-1,0,-0.67218393,0.338008,0,1,unassigned,25.0,25.0,0.0,1.0,0.0,0.0,0.044487428,0.0,0,0,0,0,0
2150,-1,0,-0.6927575,0.33341992,0,1,unassigned,17.0,17.0,0.0,1.0,0.0,0.0,0.029013539,0.0,0,0,0,0,0
2151,-1,0,-0.78394127,0.31347108,0,1,unassigned,142.0,139.0,3.0,0.97887325,0.02112676,0.021126747,0.27079305,0.00572098,0,0,0,0,0
2152,-1,0,-0.731739,0.32481325,0,1,unassigned,37.0,36.0,1.0,0.972973,0.027027028,0.02702701,0.06769826,0.0018296828,0,0,0,0,0
2153,-1,0,-0.06322831,0.4841982,0,1,unassigned,22.0,22.0,0.0,1.0,0.0,0.0,0.03868472,0.0,0,0,0,0,0
2154,-1,1,2.723735,0.9384128,1,1,unassigned,6.0,3.0,3.0,0.5,0.5,0.5,0.007736944,0.003868472,1,0,0,1,1
2155,0,1,-0.5810181,0.35869837,0,0,unassigned,62.0,50.0,12.0,0.8064516,0.19354838,0.19354838,0.116054155,0.022462094,1,0,1,0,0
2156,-1,0,7.5480494,0.99947315,1,1,unassigned,11.0,11.0,0.0,1.0,0.0,0.0,0.017408123,0.0,0,0,0,1,1
2157,-1,0,0.18229765,0.5454486,1,1,unassigned,10.0,9.0,1.0,0.9,0.1,0.100000024,0.015473888,0.0015473888,0,0,0,1,0
2158,0,0,-0.43178675,0.39369977,0,0,unassigned,2.0,2.0,0.0,1.0,0.0,0.0,0.0,0.0,0,0,1,0,0
2159,-1,0,-0.85315835,0.29877076,0,1,unassigned,53.0,53.0,0.0,1.0,0.0,0.0,0.09864604,0.0,0,0,0,0,0
2160,0,0,-0.68092567,0.33605474,0,0,unassigned,27.0,27.0,0.0,1.0,0.0,0.0,0.0483559,0.0,0,0,1,0,0
2161,-1,0,-0.6843487,0.33529142,0,1,unassigned,6.0,6.0,0.0,1.0,0.0,0.0,0.007736944,0.0,0,0,0,0,0
2162,-1,1,-0.26018974,0.43531704,0,1,unassigned,13.0,12.0,1.0,0.9230769,0.07692308,0.07692307,0.021276595,0.0016366612,1,0,0,0,0
2163,-1,0,-0.9060261,0.2878137,0,1,unassigned,63.0,63.0,0.0,1.0,0.0,0.0,0.11798839,0.0,0,0,0,0,0
2164,0,1,-0.9334272,0.2822299,0,0,val,50.0,48.0,2.0,0.96,0.04,0.04000002,0.092843324,0.0037137328,1,0,1,0,0
2165,-1,0,0.115076125,0.5287373,1,1,unassigned,46.0,45.0,1.0,0.9782609,0.02173913,0.021739125,0.08510638,0.0018501388,0,0,0,1,0
2166,0,0,-0.050435364,0.48739383,0,0,test,42.0,40.0,2.0,0.95238096,0.04761905,0.047619045,0.07736944,0.003684259,0,0,1,0,0
2167,-1,0,-0.9192507,0.2851106,0,1,unassigned,21.0,21.0,0.0,1.0,0.0,0.0,0.036750484,0.0,0,0,0,0,0
2168,-1,0,-0.25226986,0.43726486,0,1,unassigned,56.0,54.0,2.0,0.96428573,0.035714287,0.03571427,0.10444874,0.0037303125,0,0,0,0,0
2169,-1,0,-0.8893985,0.291234,0,1,unassigned,25.0,25.0,0.0,1.0,0.0,0.0,0.044487428,0.0,0,0,0,0,0
2170,0,0,-0.77389586,0.31563696,0,0,unassigned,4.0,4.0,0.0,1.0,0.0,0.0,0.003868472,0.0,0,0,1,0,0
2171,-1,0,-0.13478404,0.46635494,0,1,unassigned,27.0,24.0,3.0,0.8888889,0.11111111,0.111111104,0.0483559,0.0053728777,0,0,0,0,0
2172,-1,0,-0.46013477,0.38695383,0,1,unassigned,32.0,32.0,0.0,1.0,0.0,0.0,0.058027077,0.0,0,0,0,0,0
2173,-1,0,-0.71308684,0.32891712,0,1,unassigned,22.0,22.0,0.0,1.0,0.0,0.0,0.03868472,0.0,0,0,0,0,0
2174,0,0,-0.53650486,0.36900103,0,0,unassigned,52.0,49.0,3.0,0.9423077,0.057692308,0.05769229,0.0967118,0.005579527,0,0,1,0,0
2175,-1,0,-0.41684723,0.3972714,0,1,unassigned,148.0,147.0,1.0,0.9932432,0.006756757,0.0067567825,0.28239846,0.0019080978,0,0,0,0,0
2176,-1,0,-0.8587401,0.29760262,0,1,unassigned,96.0,96.0,0.0,1.0,0.0,0.0,0.18181819,0.0,0,0,0,0,0
2177,-1,0,-0.20287368,0.44945478,0,1,unassigned,51.0,51.0,0.0,1.0,0.0,0.0,0.09477756,0.0,0,0,0,0,0
2178,-1,0,3.0391119,0.95431006,1,1,unassigned,27.0,27.0,0.0,1.0,0.0,0.0,0.0483559,0.0,0,0,0,1,1
2179,0,0,-0.08203417,0.47950292,0,0,unassigned,59.0,55.0,4.0,0.9322034,0.06779661,0.06779659,0.11025145,0.0074746744,0,0,1,0,0
2180,-1,0,2.1899865,0.8993467,1,1,unassigned,17.0,17.0,0.0,1.0,0.0,0.0,0.029013539,0.0,0,0,0,1,0
2181,-1,0,-0.27822763,0.43088832,0,1,unassigned,78.0,77.0,1.0,0.98717946,0.012820513,0.012820542,0.14700194,0.0018846402,0,0,0,0,0
2182,-1,0,-0.028834581,0.49279183,0,1,unassigned,7.0,7.0,0.0,1.0,0.0,0.0,0.00967118,0.0,0,0,0,0,0
2183,-1,0,-0.47654384,0.38306856,0,1,unassigned,4.0,4.0,0.0,1.0,0.0,0.0,0.003868472,0.0,0,0,0,0,0
2184,-1,1,0.9440306,0.71991307,1,1,unassigned,4.0,4.0,0.0,1.0,0.0,0.0,0.003868472,0.0,1,0,0,1,0
2185,1,0,1.8782606,0.8674112,1,0,unassigned,15.0,15.0,0.0,1.0,0.0,0.0,0.025145067,0.0,0,0,1,1,0
2186,-1,0,-0.6454201,0.34402236,0,1,unassigned,8.0,8.0,0.0,1.0,0.0,0.0,0.0116054155,0.0,0,0,0,0,0
2187,-1,0,0.8307703,0.69651777,1,1,unassigned,10.0,10.0,0.0,1.0,0.0,0.0,0.015473888,0.0,0,0,0,1,0
2188,-1,0,6.5137286,0.99851924,1,1,unassigned,5.0,4.0,1.0,0.8,0.2,0.19999999,0.0058027077,0.0011605415,0,0,0,1,1
2189,-1,1,9.223919,0.9999013,1,1,unassigned,3.0,3.0,0.0,1.0,0.0,0.0,0.001934236,0.0,1,0,0,1,1
2190,-1,0,5.6375165,0.9964509,1,1,unassigned,2.0,2.0,0.0,1.0,0.0,0.0,0.0,0.0,0,0,0,1,1
2191,-1,0,-0.5116814,0.37479943,0,1,unassigned,26.0,25.0,1.0,0.96153843,0.03846154,0.038461566,0.046421662,0.0017854486,0,0,0,0,0
2192,-1,0,2.8419268,0.9448998,1,1,unassigned,6.0,5.0,1.0,0.8333333,0.16666667,0.16666669,0.007736944,0.0012894907,0,0,0,1,1
2193,-1,0,1.7280171,0.84915864,1,1,unassigned,7.0,7.0,0.0,1.0,0.0,0.0,0.00967118,0.0,0,0,0,1,0
2194,0,0,-0.88596034,0.29194418,0,0,val,2.0,2.0,0.0,1.0,0.0,0.0,0.0,0.0,0,0,1,0,0
2195,-1,1,-0.49646893,0.37837082,0,1,unassigned,2.0,2.0,0.0,1.0,0.0,0.0,0.0,0.0,1,0,0,0,0
2196,0,0,-0.75051105,0.32070994,0,0,test,66.0,65.0,1.0,0.9848485,0.015151516,0.015151501,0.123791106,0.0018756229,0,0,1,0,0
2197,1,0,-0.8083724,0.30823743,0,1,val,18.0,18.0,0.0,1.0,0.0,0.0,0.030947777,0.0,0,0,0,0,0
2198,-1,0,1.4902902,0.8161219,1,1,unassigned,5.0,4.0,1.0,0.8,0.2,0.19999999,0.0058027077,0.0011605415,0,0,0,1,0
2199,1,0,0.42357212,0.6043377,1,0,unassigned,18.0,17.0,1.0,0.9444444,0.055555556,0.055555582,0.030947777,0.0017193209,0,0,1,1,0
2200,-1,0,-0.6925159,0.33347362,0,1,unassigned,255.0,251.0,4.0,0.9843137,0.015686275,0.015686274,0.4893617,0.0076762624,0,0,0,0,0
2201,-1,0,0.4800368,0.6177566,1,1,unassigned,2.0,2.0,0.0,1.0,0.0,0.0,0.0,0.0,0,0,0,1,0
2202,-1,1,3.0370438,0.9542199,1,1,unassigned,8.0,7.0,1.0,0.875,0.125,0.125,0.0116054155,0.0014506769,1,0,0,1,1
2203,-1,1,3.9388363,0.98090106,1,1,unassigned,10.0,9.0,1.0,0.9,0.1,0.100000024,0.015473888,0.0015473888,1,0,0,1,1
2204,-1,0,3.5402067,0.9718104,1,1,unassigned,28.0,26.0,2.0,0.9285714,0.071428575,0.0714286,0.050290134,0.0035921526,0,0,0,1,1
2205,-1,1,5.761761,0.99686426,1,1,unassigned,47.0,47.0,0.0,1.0,0.0,0.0,0.08704062,0.0,1,0,0,1,1
2206,-1,1,-0.20346719,0.44930795,0,1,unassigned,2.0,2.0,0.0,1.0,0.0,0.0,0.0,0.0,1,0,0,0,0
2207,-1,1,5.6868205,0.99662113,1,1,unassigned,10.0,8.0,2.0,0.8,0.2,0.19999999,0.015473888,0.0030947777,1,0,0,1,1
2208,-1,1,5.3597836,0.99532,1,1,unassigned,3.0,2.0,1.0,0.6666667,0.33333334,0.3333333,0.001934236,0.00064474536,1,0,0,1,1
2209,-1,0,0.59107596,0.64361197,1,1,unassigned,15.0,15.0,0.0,1.0,0.0,0.0,0.025145067,0.0,0,0,0,1,0
2210,-1,0,2.3795826,0.91525704,1,1,unassigned,8.0,7.0,1.0,0.875,0.125,0.125,0.0116054155,0.0014506769,0,0,0,1,1
2211,-1,0,0.7712615,0.6837937,1,1,unassigned,7.0,6.0,1.0,0.85714287,0.14285715,0.14285713,0.00967118,0.0013815971,0,0,0,1,0
2212,-1,0,0.44217688,0.60877764,1,1,unassigned,42.0,42.0,0.0,1.0,0.0,0.0,0.07736944,0.0,0,0,0,1,0
2213,-1,0,0.54584664,0.6331714,1,1,unassigned,2.0,2.0,0.0,1.0,0.0,0.0,0.0,0.0,0,0,0,1,0
2214,-1,0,-0.7209365,0.3271868,0,1,unassigned,186.0,184.0,2.0,0.9892473,0.010752688,0.010752678,0.35589942,0.0038268755,0,0,0,0,0
2215,-1,0,1.4038472,0.8027937,1,1,unassigned,2.0,2.0,0.0,1.0,0.0,0.0,0.0,0.0,0,0,0,1,0
2216,-1,0,0.6706862,0.6616568,1,1,unassigned,54.0,54.0,0.0,1.0,0.0,0.0,0.10058027,0.0,0,0,0,1,0
2217,-1,0,0.024554789,0.5061384,1,1,unassigned,47.0,47.0,0.0,1.0,0.0,0.0,0.08704062,0.0,0,0,0,1,0
2218,1,1,1.6157548,0.83420885,1,0,test,5.0,4.0,1.0,0.8,0.2,0.19999999,0.0058027077,0.0011605415,1,0,1,1,0
2219,-1,0,-0.92844474,0.28324035,0,1,unassigned,30.0,29.0,1.0,0.96666664,0.033333335,0.03333336,0.054158606,0.001805287,0,0,0,0,0
2220,-1,0,4.6030293,0.990078,1,1,unassigned,6.0,6.0,0.0,1.0,0.0,0.0,0.007736944,0.0,0,0,0,1,1
2221,-1,0,-0.8270315,0.3042731,0,1,unassigned,16.0,16.0,0.0,1.0,0.0,0.0,0.027079303,0.0,0,0,0,0,0
2222,-1,1,-0.70055616,0.33168894,0,1,unassigned,29.0,28.0,1.0,0.9655172,0.03448276,0.034482777,0.05222437,0.0018008404,1,0,0,0,0
2223,-1,0,4.2281723,0.98563045,1,1,unassigned,17.0,16.0,1.0,0.9411765,0.05882353,0.058823526,0.029013539,0.0017066788,0,0,0,1,1
2224,-1,1,-0.5279251,0.37100098,0,1,unassigned,3.0,2.0,1.0,0.6666667,0.33333334,0.3333333,0.001934236,0.00064474536,1,0,0,0,0
2225,0,0,-0.72563785,0.3261527,0,0,unassigned,127.0,126.0,1.0,0.992126,0.007874016,0.007874012,0.24177949,0.0019037755,0,0,1,0,0
2226,-1,0,-0.9204978,0.28485647,0,1,unassigned,37.0,36.0,1.0,0.972973,0.027027028,0.02702701,0.06769826,0.0018296828,0,0,0,0,0
2227,-1,0,0.6638959,0.66013503,1,1,unassigned,6.0,6.0,0.0,1.0,0.0,0.0,0.007736944,0.0,0,0,0,1,0
2228,1,1,-0.09234691,0.47692966,0,1,test,24.0,24.0,0.0,1.0,0.0,0.0,0.04255319,0.0,1,0,0,0,0
2229,-1,0,-0.26771468,0.43346822,0,1,unassigned,68.0,68.0,0.0,1.0,0.0,0.0,0.12765957,0.0,0,0,0,0,0
2230,-1,0,1.539726,0.8234249,1,1,unassigned,40.0,40.0,0.0,1.0,0.0,0.0,0.07350097,0.0,0,0,0,1,0
2231,-1,0,1.0658507,0.743807,1,1,unassigned,6.0,6.0,0.0,1.0,0.0,0.0,0.007736944,0.0,0,0,0,1,0
2232,1,0,-0.167393,0.45824918,0,1,unassigned,62.0,62.0,0.0,1.0,0.0,0.0,0.116054155,0.0,0,0,0,0,0
2233,-1,0,0.18037635,0.54497224,1,1,unassigned,28.0,28.0,0.0,1.0,0.0,0.0,0.050290134,0.0,0,0,0,1,0
2234,-1,0,2.1095903,0.8918319,1,1,unassigned,23.0,22.0,1.0,0.95652175,0.04347826,0.04347825,0.040618956,0.0017660416,0,0,0,1,0
2235,-1,0,-0.28398767,0.42947647,0,1,unassigned,19.0,18.0,1.0,0.94736844,0.05263158,0.052631557,0.032882012,0.0017306323,0,0,0,0,0
2236,-1,0,-0.16832274,0.45801836,0,1,unassigned,116.0,112.0,4.0,0.9655172,0.03448276,0.034482777,0.2205029,0.007603548,0,0,0,0,0
2237,-1,0,-0.36246133,0.4103639,0,1,unassigned,59.0,58.0,1.0,0.9830508,0.016949153,0.016949177,0.11025145,0.0018686686,0,0,0,0,0
2238,-1,0,-0.5924807,0.35606584,0,1,unassigned,35.0,34.0,1.0,0.9714286,0.028571429,0.028571427,0.06382979,0.0018237082,0,0,0,0,0
2239,-1,0,-0.39720923,0.40198305,0,1,unassigned,31.0,29.0,2.0,0.9354839,0.06451613,0.06451613,0.056092843,0.003618893,0,0,0,0,0
2240,-1,0,-0.72183,0.32699013,0,1,unassigned,26.0,26.0,0.0,1.0,0.0,0.0,0.046421662,0.0,0,0,0,0,0
2241,-1,0,-0.68797964,0.33448267,0,1,unassigned,19.0,19.0,0.0,1.0,0.0,0.0,0.032882012,0.0,0,0,0,0,0
2242,-1,0,-0.54579335,0.36684093,0,1,unassigned,97.0,92.0,5.0,0.9484536,0.05154639,0.051546395,0.18375242,0.009471774,0,0,0,0,0
2243,-1,0,-0.28529137,0.429157,0,1,unassigned,48.0,48.0,0.0,1.0,0.0,0.0,0.088974856,0.0,0,0,0,0,0
2244,-1,0,-0.24344599,0.43943733,0,1,unassigned,46.0,45.0,1.0,0.9782609,0.02173913,0.021739125,0.08510638,0.0018501388,0,0,0,0,0
2245,-1,0,-0.25404125,0.43682903,0,1,unassigned,7.0,7.0,0.0,1.0,0.0,0.0,0.00967118,0.0,0,0,0,0,0
2246,-1,0,0.4721182,0.615885,1,1,unassigned,26.0,22.0,4.0,0.84615386,0.15384616,0.15384614,0.046421662,0.0071417945,0,0,0,1,0
2247,-1,0,-0.9549291,0.27789462,0,1,unassigned,30.0,30.0,0.0,1.0,0.0,0.0,0.054158606,0.0,0,0,0,0,0
2248,-1,0,-0.002757609,0.4993106,0,1,unassigned,26.0,25.0,1.0,0.96153843,0.03846154,0.038461566,0.046421662,0.0017854486,0,0,0,0,0
2249,-1,1,1.7155154,0.84755033,1,1,unassigned,38.0,38.0,0.0,1.0,0.0,0.0,0.06963249,0.0,1,0,0,1,0
2250,0,0,-0.16513562,0.45880967,0,0,unassigned,9.0,9.0,0.0,1.0,0.0,0.0,0.013539651,0.0,0,0,1,0,0
2251,-1,0,1.7314692,0.84960026,1,1,unassigned,3.0,3.0,0.0,1.0,0.0,0.0,0.001934236,0.0,0,0,0,1,0
2252,-1,1,2.6263816,0.93254024,1,1,unassigned,8.0,8.0,0.0,1.0,0.0,0.0,0.0116054155,0.0,1,0,0,1,1
2253,-1,0,0.53470236,0.63057923,1,1,unassigned,13.0,9.0,4.0,0.6923077,0.30769232,0.3076923,0.021276595,0.006546645,0,0,0,1,0
2254,0,0,1.2295027,0.77373147,1,1,test,5.0,5.0,0.0,1.0,0.0,0.0,0.0058027077,0.0,0,0,0,1,0
2255,1,0,-0.2613382,0.43503475,0,1,unassigned,4.0,4.0,0.0,1.0,0.0,0.0,0.003868472,0.0,0,0,0,0,0
2256,-1,1,2.4405448,0.9198673,1,1,unassigned,25.0,24.0,1.0,0.96,0.04,0.04000002,0.044487428,0.001779497,1,0,0,1,1
2257,-1,1,-0.5522015,0.3653538,0,1,unassigned,25.0,24.0,1.0,0.96,0.04,0.04000002,0.044487428,0.001779497,1,0,0,0,0
2258,-1,0,0.5792592,0.640897,1,1,unassigned,17.0,17.0,0.0,1.0,0.0,0.0,0.029013539,0.0,0,0,0,1,0
2259,-1,0,0.17911059,0.5446583,1,1,unassigned,19.0,16.0,3.0,0.84210527,0.15789473,0.15789473,0.032882012,0.0051918966,0,0,0,1,0
2260,-1,1,-0.21653187,0.44607756,0,1,unassigned,17.0,15.0,2.0,0.88235295,0.11764706,0.11764705,0.029013539,0.0034133575,1,0,0,0,0
2261,-1,1,-0.21261153,0.44704643,0,1,unassigned,15.0,15.0,0.0,1.0,0.0,0.0,0.025145067,0.0,1,0,0,0,0
2262,-1,0,2.7059822,0.93737876,1,1,unassigned,8.0,8.0,0.0,1.0,0.0,0.0,0.0116054155,0.0,0,0,0,1,1
2263,1,0,0.9759167,0.7262972,1,0,val,20.0,20.0,0.0,1.0,0.0,0.0,0.034816246,0.0,0,0,1,1,0
2264,-1,0,-0.1574769,0.46071193,0,1,unassigned,2.0,2.0,0.0,1.0,0.0,0.0,0.0,0.0,0,0,0,0,0
2265,-1,0,0.9756157,0.72623736,1,1,unassigned,2.0,2.0,0.0,1.0,0.0,0.0,0.0,0.0,0,0,0,1,0
2266,-1,0,1.4810607,0.81473273,1,1,unassigned,2.0,2.0,0.0,1.0,0.0,0.0,0.0,0.0,0,0,0,1,0
2267,-1,0,-0.42334676,0.39571616,0,1,unassigned,16.0,16.0,0.0,1.0,0.0,0.0,0.027079303,0.0,0,0,0,0,0
2268,-1,1,-0.6359715,0.34615773,0,1,unassigned,2.0,1.0,1.0,0.5,0.5,0.5,0.0,0.0,1,0,0,0,0
2269,-1,0,0.15980917,0.5398675,1,1,unassigned,55.0,55.0,0.0,1.0,0.0,0.0,0.102514505,0.0,0,0,0,1,0
2270,-1,0,1.0895855,0.74830365,1,1,unassigned,29.0,27.0,2.0,0.9310345,0.06896552,0.068965495,0.05222437,0.0036016807,0,0,0,1,0
2271,-1,0,-0.6015286,0.35399404,0,1,unassigned,2.0,1.0,1.0,0.5,0.5,0.5,0.0,0.0,0,0,0,0,0
2272,-1,0,-0.9428217,0.28033075,0,1,unassigned,26.0,24.0,2.0,0.9230769,0.07692308,0.07692307,0.046421662,0.0035708973,0,0,0,0,0
2273,-1,0,1.4833558,0.8150789,1,1,unassigned,37.0,37.0,0.0,1.0,0.0,0.0,0.06769826,0.0,0,0,0,1,0
2274,-1,0,-0.6404362,0.34514794,0,1,unassigned,111.0,108.0,3.0,0.972973,0.027027028,0.02702701,0.21083172,0.0056981547,0,0,0,0,0
2275,-1,1,0.9340282,0.7178918,1,1,unassigned,3.0,3.0,0.0,1.0,0.0,0.0,0.001934236,0.0,1,0,0,1,0
2276,-1,0,-0.929417,0.283043,0,1,unassigned,48.0,48.0,0.0,1.0,0.0,0.0,0.088974856,0.0,0,0,0,0,0
2277,-1,1,0.15636677,0.53901225,1,1,unassigned,4.0,4.0,0.0,1.0,0.0,0.0,0.003868472,0.0,1,0,0,1,0
2278,-1,0,0.47796386,0.6172669,1,1,unassigned,4.0,4.0,0.0,1.0,0.0,0.0,0.003868472,0.0,0,0,0,1,0
2279,-1,1,1.916497,0.8717473,1,1,unassigned,71.0,71.0,0.0,1.0,0.0,0.0,0.13346228,0.0,1,0,0,1,0
2280,-1,0,-0.24528947,0.43898323,0,1,unassigned,9.0,9.0,0.0,1.0,0.0,0.0,0.013539651,0.0,0,0,0,0,0
2281,1,0,-0.2268332,0.4435336,0,1,val,18.0,18.0,0.0,1.0,0.0,0.0,0.030947777,0.0,0,0,0,0,0
2282,0,0,1.5945423,0.83125424,1,1,unassigned,2.0,1.0,1.0,0.5,0.5,0.5,0.0,0.0,0,0,0,1,0
2283,-1,1,-0.48730567,0.38052848,0,1,unassigned,34.0,29.0,5.0,0.85294116,0.14705883,0.14705884,0.061895553,0.009102288,1,0,0,0,0
2284,-1,1,2.105219,0.8914094,1,1,unassigned,56.0,47.0,9.0,0.83928573,0.16071428,0.16071427,0.10444874,0.016786406,1,0,0,1,0
2285,0,1,-0.49386215,0.37898415,0,0,unassigned,83.0,79.0,4.0,0.9518072,0.04819277,0.0481928,0.15667312,0.0075505115,1,0,1,0,0
2286,-1,0,2.2603729,0.90554154,1,1,unassigned,4.0,4.0,0.0,1.0,0.0,0.0,0.003868472,0.0,0,0,0,1,1
2287,-1,1,9.838621,0.9999466,1,1,unassigned,2.0,2.0,0.0,1.0,0.0,0.0,0.0,0.0,1,0,0,1,1
2288,0,0,-0.8012377,0.3097608,0,0,unassigned,115.0,113.0,2.0,0.9826087,0.017391304,0.017391324,0.21856867,0.003801194,0,0,1,0,0
2289,-1,0,-0.007091999,0.498227,0,1,unassigned,3.0,2.0,1.0,0.6666667,0.33333334,0.3333333,0.001934236,0.00064474536,0,0,0,0,0
2290,0,0,-0.48491925,0.38109118,0,0,unassigned,20.0,20.0,0.0,1.0,0.0,0.0,0.034816246,0.0,0,0,1,0,0
2291,0,0,10.355116,0.9999682,1,1,val,2.0,1.0,1.0,0.5,0.5,0.5,0.0,0.0,0,0,0,1,1
2292,1,1,1.2572913,0.7785595,1,0,unassigned,3.0,3.0,0.0,1.0,0.0,0.0,0.001934236,0.0,1,0,1,1,0
2293,-1,0,-0.35572648,0.4119945,0,1,unassigned,4.0,4.0,0.0,1.0,0.0,0.0,0.003868472,0.0,0,0,0,0,0
2294,-1,0,0.7359069,0.6761002,1,1,unassigned,6.0,6.0,0.0,1.0,0.0,0.0,0.007736944,0.0,0,0,0,1,0
2295,-1,0,-0.824892,0.3047262,0,1,unassigned,49.0,49.0,0.0,1.0,0.0,0.0,0.09090909,0.0,0,0,0,0,0
2296,-1,1,-0.41602254,0.3974689,0,1,unassigned,6.0,6.0,0.0,1.0,0.0,0.0,0.007736944,0.0,1,0,0,0,0
2297,-1,0,-0.4167592,0.3972925,0,1,unassigned,7.0,5.0,2.0,0.71428573,0.2857143,0.28571427,0.00967118,0.0027631943,0,0,0,0,0
2298,-1,1,2.6092546,0.93145484,1,1,unassigned,4.0,4.0,0.0,1.0,0.0,0.0,0.003868472,0.0,1,0,0,1,1
2299,1,0,1.9370635,0.8740292,1,0,val,23.0,23.0,0.0,1.0,0.0,0.0,0.040618956,0.0,0,0,1,1,0
2300,-1,1,1.9770529,0.87836665,1,1,unassigned,5.0,5.0,0.0,1.0,0.0,0.0,0.0058027077,0.0,1,0,0,1,0
2301,-1,1,0.77113837,0.6837671,1,1,unassigned,4.0,4.0,0.0,1.0,0.0,0.0,0.003868472,0.0,1,0,0,1,0
2302,0,1,-0.089270234,0.47769722,0,0,unassigned,35.0,34.0,1.0,0.9714286,0.028571429,0.028571427,0.06382979,0.0018237082,1,0,1,0,0
2303,-1,0,-0.48379886,0.3813555,0,1,unassigned,6.0,6.0,0.0,1.0,0.0,0.0,0.007736944,0.0,0,0,0,0,0
2304,-1,1,5.2436643,0.99474686,1,1,unassigned,3.0,3.0,0.0,1.0,0.0,0.0,0.001934236,0.0,1,0,0,1,1
2305,-1,1,-0.6577798,0.34123853,0,1,unassigned,23.0,23.0,0.0,1.0,0.0,0.0,0.040618956,0.0,1,0,0,0,0
2306,-1,1,1.0257378,0.73608875,1,1,unassigned,17.0,17.0,0.0,1.0,0.0,0.0,0.029013539,0.0,1,0,0,1,0
2307,-1,0,-0.9234654,0.28425232,0,1,unassigned,40.0,39.0,1.0,0.975,0.025,0.024999976,0.07350097,0.0018375242,0,0,0,0,0
2308,-1,1,11.126589,0.99998534,1,1,unassigned,5.0,4.0,1.0,0.8,0.2,0.19999999,0.0058027077,0.0011605415,1,0,0,1,1
2309,-1,0,1.1497295,0.7594615,1,1,unassigned,61.0,61.0,0.0,1.0,0.0,0.0,0.114119925,0.0,0,0,0,1,0
2310,0,0,-1.0976853,0.25017384,0,0,test,4.0,4.0,0.0,1.0,0.0,0.0,0.003868472,0.0,0,0,1,0,0
2311,-1,0,-0.56175286,0.36314198,0,1,unassigned,149.0,149.0,0.0,1.0,0.0,0.0,0.2843327,0.0,0,0,0,0,0
2312,-1,1,1.5989473,0.83187115,1,1,unassigned,38.0,38.0,0.0,1.0,0.0,0.0,0.06963249,0.0,1,0,0,1,0
2313,-1,0,-0.06334859,0.48416814,0,1,unassigned,48.0,48.0,0.0,1.0,0.0,0.0,0.088974856,0.0,0,0,0,0,0
2314,-1,0,-0.1219821,0.4695422,0,1,unassigned,4.0,4.0,0.0,1.0,0.0,0.0,0.003868472,0.0,0,0,0,0,0
2315,-1,0,-0.66761565,0.33903095,0,1,unassigned,24.0,21.0,3.0,0.875,0.125,0.125,0.04255319,0.005319149,0,0,0,0,0
2316,-1,1,1.1965528,0.76791096,1,1,unassigned,13.0,11.0,2.0,0.84615386,0.15384616,0.15384614,0.021276595,0.0032733225,1,0,0,1,0
2317,-1,1,0.5635089,0.637264,1,1,unassigned,4.0,4.0,0.0,1.0,0.0,0.0,0.003868472,0.0,1,0,0,1,0
2318,-1,0,1.8155601,0.86003256,1,1,unassigned,20.0,17.0,3.0,0.85,0.15,0.14999998,0.034816246,0.005222437,0,0,0,1,0
2319,1,0,-0.52542436,0.3715847,0,1,unassigned,6.0,6.0,0.0,1.0,0.0,0.0,0.007736944,0.0,0,0,0,0,0
2320,-1,0,1.6715908,0.84178776,1,1,unassigned,5.0,5.0,0.0,1.0,0.0,0.0,0.0058027077,0.0,0,0,0,1,0
2321,-1,1,-0.7497785,0.32086957,0,1,unassigned,49.0,48.0,1.0,0.97959185,0.020408163,0.020408154,0.09090909,0.0018552876,1,0,0,0,0
2322,-1,0,-0.3928661,0.40302753,0,1,unassigned,14.0,14.0,0.0,1.0,0.0,0.0,0.023210831,0.0,0,0,0,0,0
2323,-1,1,-0.4431652,0.39098704,0,1,unassigned,9.0,9.0,0.0,1.0,0.0,0.0,0.013539651,0.0,1,0,0,0,0
2324,-1,0,0.8271499,0.69575197,1,1,unassigned,4.0,4.0,0.0,1.0,0.0,0.0,0.003868472,0.0,0,0,0,1,0
2325,-1,1,1.6521845,0.8391861,1,1,unassigned,15.0,13.0,2.0,0.8666667,0.13333334,0.13333333,0.025145067,0.0033526758,1,0,0,1,0
2326,-1,0,0.3366521,0.583377,1,1,unassigned,56.0,54.0,2.0,0.96428573,0.035714287,0.03571427,0.10444874,0.0037303125,0,0,0,1,0
2327,-1,1,-0.3070709,0.42382982,0,1,unassigned,3.0,3.0,0.0,1.0,0.0,0.0,0.001934236,0.0,1,0,0,0,0
2328,0,0,-0.21592078,0.44622856,0,0,val,29.0,29.0,0.0,1.0,0.0,0.0,0.05222437,0.0,0,0,1,0,0
2329,-1,1,-0.38718784,0.40439445,0,1,unassigned,29.0,26.0,3.0,0.8965517,0.10344828,0.10344827,0.05222437,0.005402521,1,0,0,0,0
2330,-1,0,1.5142262,0.8196867,1,1,unassigned,7.0,6.0,1.0,0.85714287,0.14285715,0.14285713,0.00967118,0.0013815971,0,0,0,1,0
2331,0,0,-0.75393164,0.3199652,0,0,unassigned,9.0,9.0,0.0,1.0,0.0,0.0,0.013539651,0.0,0,0,1,0,0
2332,-1,1,1.8486311,0.8639663,1,1,unassigned,29.0,29.0,0.0,1.0,0.0,0.0,0.05222437,0.0,1,0,0,1,0
2333,-1,0,0.094086826,0.5235044,1,1,unassigned,29.0,29.0,0.0,1.0,0.0,0.0,0.05222437,0.0,0,0,0,1,0
2334,-1,1,-0.027202547,0.49319977,0,1,unassigned,4.0,4.0,0.0,1.0,0.0,0.0,0.003868472,0.0,1,0,0,0,0
2335,-1,1,4.311177,0.9867599,1,1,unassigned,18.0,18.0,0.0,1.0,0.0,0.0,0.030947777,0.0,1,0,0,1,1
2336,-1,1,5.1159563,0.9940355,1,1,unassigned,13.0,10.0,3.0,0.7692308,0.23076923,0.23076922,0.021276595,0.0049099834,1,0,0,1,1
2337,-1,1,0.10447806,0.5260958,1,1,unassigned,4.0,1.0,3.0,0.25,0.75,0.75,0.003868472,0.002901354,1,0,0,1,0
2338,-1,1,0.29785758,0.5739187,1,1,unassigned,3.0,3.0,0.0,1.0,0.0,0.0,0.001934236,0.0,1,0,0,1,0
2339,-1,0,-0.9200758,0.28494245,0,1,unassigned,37.0,36.0,1.0,0.972973,0.027027028,0.02702701,0.06769826,0.0018296828,0,0,0,0,0
2340,-1,1,-0.55549115,0.36459133,0,1,unassigned,10.0,10.0,0.0,1.0,0.0,0.0,0.015473888,0.0,1,0,0,0,0
2341,-1,1,-0.24714538,0.43852624,0,1,unassigned,58.0,55.0,3.0,0.94827586,0.05172414,0.051724136,0.10831721,0.0056026145,1,0,0,0,0
2342,-1,1,3.5178778,0.9711921,1,1,unassigned,37.0,37.0,0.0,1.0,0.0,0.0,0.06769826,0.0,1,0,0,1,1
2343,-1,1,-0.7864189,0.31293812,0,1,unassigned,58.0,53.0,5.0,0.9137931,0.0862069,0.08620691,0.10831721,0.009337691,1,0,0,0,0
2344,0,1,-0.06659222,0.4833581,0,0,test,20.0,18.0,2.0,0.9,0.1,0.100000024,0.034816246,0.0034816246,1,0,1,0,0
2345,-1,1,-0.6736723,0.33767503,0,1,unassigned,40.0,39.0,1.0,0.975,0.025,0.024999976,0.07350097,0.0018375242,1,0,0,0,0
2346,1,0,2.7351608,0.9390698,1,0,test,14.0,14.0,0.0,1.0,0.0,0.0,0.023210831,0.0,0,0,1,1,1
2347,-1,0,1.7575245,0.8528994,1,1,unassigned,5.0,4.0,1.0,0.8,0.2,0.19999999,0.0058027077,0.0011605415,0,0,0,1,0
2348,-1,0,5.5220222,0.9960181,1,1,unassigned,4.0,2.0,2.0,0.5,0.5,0.5,0.003868472,0.001934236,0,0,0,1,1
2349,-1,0,-0.7628812,0.31802106,0,1,unassigned,62.0,62.0,0.0,1.0,0.0,0.0,0.116054155,0.0,0,0,0,0,0
2350,-1,0,-0.047548056,0.48811525,0,1,unassigned,2.0,2.0,0.0,1.0,0.0,0.0,0.0,0.0,0,0,0,0,0
2351,-1,1,1.2843502,0.78318936,1,1,unassigned,3.0,3.0,0.0,1.0,0.0,0.0,0.001934236,0.0,1,0,0,1,0
2352,-1,1,0.30625635,0.5759712,1,1,unassigned,7.0,5.0,2.0,0.71428573,0.2857143,0.28571427,0.00967118,0.0027631943,1,0,0,1,0
2353,-1,1,-0.6678854,0.33897048,0,1,unassigned,2.0,2.0,0.0,1.0,0.0,0.0,0.0,0.0,1,0,0,0,0
2354,-1,1,-0.23881254,0.440579,0,1,unassigned,20.0,19.0,1.0,0.95,0.05,0.050000012,0.034816246,0.0017408123,1,0,0,0,0
2355,-1,0,0.17190903,0.5428717,1,1,unassigned,9.0,9.0,0.0,1.0,0.0,0.0,0.013539651,0.0,0,0,0,1,0
2356,-1,1,-0.7210109,0.3271704,0,1,unassigned,72.0,71.0,1.0,0.9861111,0.013888889,0.0138888955,0.13539653,0.0018805073,1,0,0,0,0
2357,-1,0,1.3076117,0.78711325,1,1,unassigned,16.0,16.0,0.0,1.0,0.0,0.0,0.027079303,0.0,0,0,0,1,0
2358,-1,0,-0.24807352,0.43829772,0,1,unassigned,37.0,37.0,0.0,1.0,0.0,0.0,0.06769826,0.0,0,0,0,0,0
2359,-1,0,0.09692228,0.5242116,1,1,unassigned,80.0,76.0,4.0,0.95,0.05,0.050000012,0.15087041,0.0075435205,0,0,0,1,0
2360,-1,0,-0.8637444,0.29655764,0,1,unassigned,68.0,68.0,0.0,1.0,0.0,0.0,0.12765957,0.0,0,0,0,0,0
2361,-1,1,-0.8402581,0.3014804,0,1,unassigned,64.0,64.0,0.0,1.0,0.0,0.0,0.11992263,0.0,1,0,0,0,0
2362,-1,0,-0.4054637,0.40000033,0,1,unassigned,57.0,56.0,1.0,0.98245615,0.01754386,0.017543852,0.10638298,0.0018663681,0,0,0,0,0
2363,-1,1,-0.8524944,0.29890984,0,1,unassigned,53.0,52.0,1.0,0.9811321,0.018867925,0.01886791,0.09864604,0.0018612461,1,0,0,0,0
2364,-1,1,6.8197503,0.99890924,1,1,unassigned,9.0,8.0,1.0,0.8888889,0.11111111,0.111111104,0.013539651,0.0015044058,1,0,0,1,1
2365,-1,1,0.059711993,0.5149235,1,1,unassigned,43.0,43.0,0.0,1.0,0.0,0.0,0.079303674,0.0,1,0,0,1,0
2366,-1,0,-0.535215,0.36930138,0,1,unassigned,9.0,9.0,0.0,1.0,0.0,0.0,0.013539651,0.0,0,0,0,0,0
2367,-1,1,-0.47713163,0.38292968,0,1,unassigned,11.0,11.0,0.0,1.0,0.0,0.0,0.017408123,0.0,1,0,0,0,0
2368,1,1,-0.41408184,0.39793378,0,1,test,34.0,34.0,0.0,1.0,0.0,0.0,0.061895553,0.0,1,0,0,0,0
2369,-1,0,-0.5679598,0.36170775,0,1,unassigned,99.0,95.0,4.0,0.959596,0.04040404,0.04040402,0.1876209,0.007580642,0,0,0,0,0
2370,-1,1,-0.049807727,0.48755065,0,1,unassigned,25.0,25.0,0.0,1.0,0.0,0.0,0.044487428,0.0,1,0,0,0,0
2371,-1,1,-0.07353568,0.4816244,0,1,unassigned,37.0,37.0,0.0,1.0,0.0,0.0,0.06769826,0.0,1,0,0,0,0
2372,-1,1,-0.46620178,0.38551563,0,1,unassigned,12.0,11.0,1.0,0.9166667,0.083333336,0.08333331,0.01934236,0.0016118633,1,0,0,0,0
2373,0,1,-0.49727955,0.37818018,0,0,val,19.0,19.0,0.0,1.0,0.0,0.0,0.032882012,0.0,1,0,1,0,0
2374,1,0,-0.48175484,0.38183782,0,1,train,39.0,38.0,1.0,0.974359,0.025641026,0.025641024,0.07156673,0.0018350444,0,0,0,0,0
2375,-1,1,-0.038235784,0.49044222,0,1,unassigned,3.0,3.0,0.0,1.0,0.0,0.0,0.001934236,0.0,1,0,0,0,0
2376,-1,1,-0.21826658,0.445649,0,1,unassigned,10.0,10.0,0.0,1.0,0.0,0.0,0.015473888,0.0,1,0,0,0,0
2377,-1,1,-0.38004404,0.40611628,0,1,unassigned,10.0,10.0,0.0,1.0,0.0,0.0,0.015473888,0.0,1,0,0,0,0
2378,-1,0,-0.43843842,0.39211312,0,1,unassigned,49.0,49.0,0.0,1.0,0.0,0.0,0.09090909,0.0,0,0,0,0,0
2379,-1,1,-0.31020898,0.42306373,0,1,unassigned,28.0,25.0,3.0,0.89285713,0.10714286,0.107142866,0.050290134,0.0053882287,1,0,0,0,0
2380,-1,0,-0.07881415,0.48030668,0,1,unassigned,11.0,11.0,0.0,1.0,0.0,0.0,0.017408123,0.0,0,0,0,0,0
2381,-1,0,-0.8814745,0.29287234,0,1,unassigned,4.0,4.0,0.0,1.0,0.0,0.0,0.003868472,0.0,0,0,0,0,0
2382,-1,0,1.6326048,0.83652616,1,1,unassigned,10.0,10.0,0.0,1.0,0.0,0.0,0.015473888,0.0,0,0,0,1,0
2383,-1,0,-0.6706992,0.3383403,0,1,unassigned,29.0,29.0,0.0,1.0,0.0,0.0,0.05222437,0.0,0,0,0,0,0
2384,-1,0,0.7547012,0.6802022,1,1,unassigned,3.0,3.0,0.0,1.0,0.0,0.0,0.001934236,0.0,0,0,0,1,0
2385,1,0,-0.7738808,0.3156402,0,1,test,20.0,19.0,1.0,0.95,0.05,0.050000012,0.034816246,0.0017408123,0,0,0,0,0
2386,-1,0,3.749626,0.97701424,1,1,unassigned,9.0,5.0,4.0,0.5555556,0.44444445,0.44444442,0.013539651,0.006017623,0,0,0,1,1
2387,-1,1,-0.69686794,0.332507,0,1,unassigned,90.0,89.0,1.0,0.98888886,0.011111111,0.01111114,0.17021276,0.0018912529,1,0,0,0,0
2388,-1,0,4.833534,0.99210453,1,1,unassigned,2.0,2.0,0.0,1.0,0.0,0.0,0.0,0.0,0,0,0,1,1
2389,-1,1,-0.18926874,0.4528236,0,1,unassigned,10.0,10.0,0.0,1.0,0.0,0.0,0.015473888,0.0,1,0,0,0,0
2390,-1,1,0.0808236,0.5201949,1,1,unassigned,23.0,22.0,1.0,0.95652175,0.04347826,0.04347825,0.040618956,0.0017660416,1,0,0,1,0
2391,-1,1,1.5947974,0.83129,1,1,unassigned,45.0,41.0,4.0,0.9111111,0.08888889,0.08888888,0.08317215,0.0073930803,1,0,0,1,0
2392,-1,0,-0.25735947,0.43601292,0,1,unassigned,59.0,58.0,1.0,0.9830508,0.016949153,0.016949177,0.11025145,0.0018686686,0,0,0,0,0
2393,-1,0,-0.8731464,0.2946,0,1,unassigned,11.0,11.0,0.0,1.0,0.0,0.0,0.017408123,0.0,0,0,0,0,0
2394,-1,1,0.5533331,0.6349085,1,1,unassigned,19.0,19.0,0.0,1.0,0.0,0.0,0.032882012,0.0,1,0,0,1,0
2395,-1,0,1.3808107,0.79912114,1,1,unassigned,16.0,16.0,0.0,1.0,0.0,0.0,0.027079303,0.0,0,0,0,1,0
2396,-1,1,1.8044782,0.8586932,1,1,unassigned,10.0,10.0,0.0,1.0,0.0,0.0,0.015473888,0.0,1,0,0,1,0
2397,-1,1,-0.5495838,0.365961,0,1,unassigned,2.0,2.0,0.0,1.0,0.0,0.0,0.0,0.0,1,0,0,0,0
2398,1,0,5.290342,0.9949852,1,0,val,2.0,1.0,1.0,0.5,0.5,0.5,0.0,0.0,0,0,1,1,1
2399,-1,0,-0.33598346,0.41678548,0,1,unassigned,21.0,21.0,0.0,1.0,0.0,0.0,0.036750484,0.0,0,0,0,0,0
2400,-1,0,1.5523381,0.82525116,1,1,unassigned,3.0,3.0,0.0,1.0,0.0,0.0,0.001934236,0.0,0,0,0,1,0
2401,-1,0,0.29605502,0.57347786,1,1,unassigned,27.0,27.0,0.0,1.0,0.0,0.0,0.0483559,0.0,0,0,0,1,0
2402,-1,0,0.21436214,0.5533863,1,1,unassigned,40.0,40.0,0.0,1.0,0.0,0.0,0.07350097,0.0,0,0,0,1,0
2403,1,0,-0.73648596,0.32377306,0,1,val,4.0,4.0,0.0,1.0,0.0,0.0,0.003868472,0.0,0,0,0,0,0
2404,-1,0,-0.32536358,0.41936916,0,1,unassigned,12.0,12.0,0.0,1.0,0.0,0.0,0.01934236,0.0,0,0,0,0,0
2405,-1,0,-0.122520596,0.4694081,0,1,unassigned,2.0,2.0,0.0,1.0,0.0,0.0,0.0,0.0,0,0,0,0,0
2406,-1,0,2.7391937,0.9393002,1,1,unassigned,6.0,5.0,1.0,0.8333333,0.16666667,0.16666669,0.007736944,0.0012894907,0,0,0,1,1
2407,-1,0,1.2378917,0.77519685,1,1,unassigned,11.0,10.0,1.0,0.90909094,0.09090909,0.090909064,0.017408123,0.0015825568,0,0,0,1,0
2408,-1,1,10.607531,0.9999753,1,1,unassigned,8.0,8.0,0.0,1.0,0.0,0.0,0.0116054155,0.0,1,0,0,1,1
2409,-1,0,-0.8734448,0.29453802,0,1,unassigned,12.0,12.0,0.0,1.0,0.0,0.0,0.01934236,0.0,0,0,0,0,0
2410,-1,1,2.5057461,0.9245436,1,1,unassigned,12.0,11.0,1.0,0.9166667,0.083333336,0.08333331,0.01934236,0.0016118633,1,0,0,1,1
2411,1,0,4.544,0.989481,1,0,val,2.0,2.0,0.0,1.0,0.0,0.0,0.0,0.0,0,0,1,1,1
2412,-1,0,1.5313561,0.82220465,1,1,unassigned,69.0,67.0,2.0,0.9710145,0.028985508,0.0289855,0.1295938,0.0037563422,0,0,0,1,0
2413,-1,0,0.17507178,0.5436565,1,1,unassigned,3.0,3.0,0.0,1.0,0.0,0.0,0.001934236,0.0,0,0,0,1,0
2414,0,0,-0.30904135,0.42334875,0,0,test,24.0,24.0,0.0,1.0,0.0,0.0,0.04255319,0.0,0,0,1,0,0
2415,-1,0,12.500212,0.9999963,1,1,unassigned,3.0,3.0,0.0,1.0,0.0,0.0,0.001934236,0.0,0,0,0,1,1
2416,0,0,-0.752704,0.32023236,0,0,val,92.0,90.0,2.0,0.9782609,0.02173913,0.021739125,0.17408124,0.0037843748,0,0,1,0,0
2417,-1,0,-0.087765396,0.4780727,0,1,unassigned,4.0,4.0,0.0,1.0,0.0,0.0,0.003868472,0.0,0,0,0,0,0
2418,-1,0,-0.5718539,0.36080915,0,1,unassigned,4.0,3.0,1.0,0.75,0.25,0.25,0.003868472,0.000967118,0,0,0,0,0
2419,-1,1,0.032056093,0.50801337,1,1,unassigned,10.0,10.0,0.0,1.0,0.0,0.0,0.015473888,0.0,1,0,0,1,0
2420,-1,0,0.5977443,0.64514005,1,1,unassigned,15.0,15.0,0.0,1.0,0.0,0.0,0.025145067,0.0,0,0,0,1,0
2421,-1,0,-0.8305213,0.30353484,0,1,unassigned,99.0,99.0,0.0,1.0,0.0,0.0,0.1876209,0.0,0,0,0,0,0
2422,-1,1,3.8411057,0.97898144,1,1,unassigned,30.0,18.0,12.0,0.6,0.4,0.39999998,0.054158606,0.021663442,1,0,0,1,1
2423,0,0,-0.48762906,0.38045225,0,0,unassigned,34.0,34.0,0.0,1.0,0.0,0.0,0.061895553,0.0,0,0,1,0,0
2424,-1,0,0.3952139,0.59753716,1,1,unassigned,43.0,41.0,2.0,0.95348835,0.046511628,0.04651165,0.079303674,0.0036885429,0,0,0,1,0
2425,-1,0,-0.918294,0.28530562,0,1,unassigned,36.0,36.0,0.0,1.0,0.0,0.0,0.065764025,0.0,0,0,0,0,0
2426,1,0,2.9859433,0.95193505,1,0,unassigned,12.0,12.0,0.0,1.0,0.0,0.0,0.01934236,0.0,0,0,1,1,1
2427,-1,0,0.06876576,0.5171847,1,1,unassigned,100.0,91.0,9.0,0.91,0.09,0.089999974,0.18955512,0.017059961,0,0,0,1,0
2428,-1,1,1.1782415,0.76463145,1,1,unassigned,11.0,5.0,6.0,0.45454547,0.54545456,0.5454545,0.017408123,0.00949534,1,0,0,1,0
2429,-1,1,0.9496502,0.72104484,1,1,unassigned,8.0,8.0,0.0,1.0,0.0,0.0,0.0116054155,0.0,1,0,0,1,0
2430,0,1,-0.40570512,0.3999424,0,0,test,46.0,45.0,1.0,0.9782609,0.02173913,0.021739125,0.08510638,0.0018501388,1,0,1,0,0
2431,-1,0,0.4750169,0.6165705,1,1,unassigned,19.0,19.0,0.0,1.0,0.0,0.0,0.032882012,0.0,0,0,0,1,0
2432,1,0,10.568342,0.99997425,1,0,unassigned,2.0,2.0,0.0,1.0,0.0,0.0,0.0,0.0,0,0,1,1,1
2433,-1,1,6.770966,0.99885476,1,1,unassigned,5.0,3.0,2.0,0.6,0.4,0.39999998,0.0058027077,0.002321083,1,0,0,1,1
2434,-1,0,-0.6291308,0.34770766,0,1,unassigned,10.0,10.0,0.0,1.0,0.0,0.0,0.015473888,0.0,0,0,0,0,0
2435,-1,0,-0.20691252,0.4484556,0,1,unassigned,9.0,9.0,0.0,1.0,0.0,0.0,0.013539651,0.0,0,0,0,0,0
2436,-1,0,0.042966068,0.51073986,1,1,unassigned,72.0,68.0,4.0,0.9444444,0.055555556,0.055555582,0.13539653,0.0075220293,0,0,0,1,0
2437,-1,0,0.37969524,0.5937996,1,1,unassigned,17.0,17.0,0.0,1.0,0.0,0.0,0.029013539,0.0,0,0,0,1,0
2438,1,1,-0.49773273,0.37807363,0,1,val,4.0,4.0,0.0,1.0,0.0,0.0,0.003868472,0.0,1,0,0,0,0
2439,-1,1,2.1767523,0.89814234,1,1,unassigned,5.0,4.0,1.0,0.8,0.2,0.19999999,0.0058027077,0.0011605415,1,0,0,1,0
2440,-1,0,-0.51287687,0.37451938,0,1,unassigned,14.0,14.0,0.0,1.0,0.0,0.0,0.023210831,0.0,0,0,0,0,0
2441,-1,1,1.1987476,0.76830196,1,1,unassigned,3.0,2.0,1.0,0.6666667,0.33333334,0.3333333,0.001934236,0.00064474536,1,0,0,1,0
2442,-1,0,-0.25344777,0.43697503,0,1,unassigned,12.0,12.0,0.0,1.0,0.0,0.0,0.01934236,0.0,0,0,0,0,0
2443,-1,0,-0.8901739,0.29107395,0,1,unassigned,2.0,2.0,0.0,1.0,0.0,0.0,0.0,0.0,0,0,0,0,0
2444,-1,1,-0.26726055,0.43357974,0,1,unassigned,56.0,55.0,1.0,0.98214287,0.017857144,0.017857134,0.10444874,0.0018651562,1,0,0,0,0
2445,-1,0,0.7708817,0.6837116,1,1,unassigned,15.0,15.0,0.0,1.0,0.0,0.0,0.025145067,0.0,0,0,0,1,0
2446,-1,0,0.99198204,0.7294792,1,1,unassigned,112.0,106.0,6.0,0.9464286,0.05357143,0.053571403,0.21276596,0.011398177,0,0,0,1,0
2447,-1,0,-0.26276684,0.4346837,0,1,unassigned,9.0,9.0,0.0,1.0,0.0,0.0,0.013539651,0.0,0,0,0,0,0
2448,-1,1,-0.60024464,0.3542877,0,1,unassigned,3.0,3.0,0.0,1.0,0.0,0.0,0.001934236,0.0,1,0,0,0,0
2449,1,0,0.18167394,0.5452939,1,0,test,24.0,24.0,0.0,1.0,0.0,0.0,0.04255319,0.0,0,0,1,1,0
2450,-1,0,0.04917139,0.51229036,1,1,unassigned,2.0,2.0,0.0,1.0,0.0,0.0,0.0,0.0,0,0,0,1,0
2451,-1,0,-0.9119718,0.2865965,0,1,unassigned,46.0,45.0,1.0,0.9782609,0.02173913,0.021739125,0.08510638,0.0018501388,0,0,0,0,0
2452,-1,0,4.487207,0.9888732,1,1,unassigned,4.0,4.0,0.0,1.0,0.0,0.0,0.003868472,0.0,0,0,0,1,1
2453,-1,0,-0.3066242,0.42393896,0,1,unassigned,4.0,4.0,0.0,1.0,0.0,0.0,0.003868472,0.0,0,0,0,0,0
2454,0,0,-0.7858499,0.31306046,0,0,unassigned,33.0,33.0,0.0,1.0,0.0,0.0,0.059961315,0.0,0,0,1,0,0
2455,-1,0,4.652724,0.9905545,1,1,unassigned,2.0,2.0,0.0,1.0,0.0,0.0,0.0,0.0,0,0,0,1,1
2456,0,0,0.94935375,0.7209852,1,1,val,2.0,2.0,0.0,1.0,0.0,0.0,0.0,0.0,0,0,0,1,0
2457,-1,0,2.9924114,0.9522301,1,1,unassigned,3.0,3.0,0.0,1.0,0.0,0.0,0.001934236,0.0,0,0,0,1,1
2458,0,0,-0.627898,0.34798732,0,0,unassigned,57.0,56.0,1.0,0.98245615,0.01754386,0.017543852,0.10638298,0.0018663681,0,0,1,0,0
2459,-1,0,-0.14545584,0.46370003,0,1,unassigned,5.0,5.0,0.0,1.0,0.0,0.0,0.0058027077,0.0,0,0,0,0,0
2460,-1,0,-0.7088739,0.32984772,0,1,unassigned,16.0,14.0,2.0,0.875,0.125,0.125,0.027079303,0.0033849129,0,0,0,0,0
2461,-1,0,-0.59912664,0.35454354,0,1,unassigned,125.0,124.0,1.0,0.992,0.008,0.008000016,0.23791103,0.0019032883,0,0,0,0,0
2462,0,0,0.6228731,0.65087175,1,1,test,12.0,12.0,0.0,1.0,0.0,0.0,0.01934236,0.0,0,0,0,1,0
2463,-1,1,6.769259,0.9988527,1,1,unassigned,22.0,18.0,4.0,0.8181818,0.18181819,0.18181819,0.03868472,0.0070335856,1,0,0,1,1
2464,-1,0,-0.43014026,0.39409283,0,1,unassigned,10.0,10.0,0.0,1.0,0.0,0.0,0.015473888,0.0,0,0,0,0,0
2465,-1,1,1.9484098,0.8752731,1,1,unassigned,11.0,10.0,1.0,0.90909094,0.09090909,0.090909064,0.017408123,0.0015825568,1,0,0,1,0
2466,1,1,3.2910764,0.9641214,1,0,test,14.0,14.0,0.0,1.0,0.0,0.0,0.023210831,0.0,1,0,1,1,1
2467,0,0,-0.17123786,0.45729482,0,0,val,26.0,26.0,0.0,1.0,0.0,0.0,0.046421662,0.0,0,0,1,0,0
2468,-1,0,-0.30986562,0.42314753,0,1,unassigned,6.0,6.0,0.0,1.0,0.0,0.0,0.007736944,0.0,0,0,0,0,0
2469,-1,0,-0.23601124,0.44126955,0,1,unassigned,23.0,23.0,0.0,1.0,0.0,0.0,0.040618956,0.0,0,0,0,0,0
2470,-1,0,-0.8353542,0.30251414,0,1,unassigned,23.0,23.0,0.0,1.0,0.0,0.0,0.040618956,0.0,0,0,0,0,0
2471,-1,1,1.694515,0.84481704,1,1,unassigned,30.0,29.0,1.0,0.96666664,0.033333335,0.03333336,0.054158606,0.001805287,1,0,0,1,0
2472,-1,0,-1.8389115,0.13718008,0,1,unassigned,2.0,2.0,0.0,1.0,0.0,0.0,0.0,0.0,0,0,0,0,0
2473,0,0,2.957586,0.95062083,1,1,unassigned,2.0,2.0,0.0,1.0,0.0,0.0,0.0,0.0,0,0,0,1,1
2474,-1,0,0.84671146,0.6998768,1,1,unassigned,4.0,4.0,0.0,1.0,0.0,0.0,0.003868472,0.0,0,0,0,1,0
2475,-1,1,-0.5099775,0.3751988,0,1,unassigned,64.0,64.0,0.0,1.0,0.0,0.0,0.11992263,0.0,1,0,0,0,0
2476,-1,0,-0.7703412,0.3164053,0,1,unassigned,179.0,178.0,1.0,0.99441344,0.005586592,0.0055865645,0.34235978,0.0019126245,0,0,0,0,0
2477,-1,0,-0.7025695,0.33124277,0,1,unassigned,31.0,28.0,3.0,0.9032258,0.09677419,0.09677422,0.056092843,0.0054283394,0,0,0,0,0
2478,-1,1,1.7361505,0.85019743,1,1,unassigned,8.0,8.0,0.0,1.0,0.0,0.0,0.0116054155,0.0,1,0,0,1,0
2479,-1,0,-0.7045742,0.33079883,0,1,unassigned,22.0,20.0,2.0,0.90909094,0.09090909,0.090909064,0.03868472,0.0035167928,0,0,0,0,0
2480,-1,1,0.29583222,0.5734234,1,1,unassigned,3.0,1.0,2.0,0.33333334,0.6666667,0.6666666,0.001934236,0.0012894907,1,0,0,1,0
2481,-1,0,-0.36315405,0.41019627,0,1,unassigned,2.0,2.0,0.0,1.0,0.0,0.0,0.0,0.0,0,0,0,0,0
2482,-1,0,0.5951181,0.6445386,1,1,unassigned,46.0,46.0,0.0,1.0,0.0,0.0,0.08510638,0.0,0,0,0,1,0
2483,-1,0,-0.6748577,0.33741,0,1,unassigned,28.0,27.0,1.0,0.96428573,0.035714287,0.03571427,0.050290134,0.0017960763,0,0,0,0,0
2484,-1,0,-0.48102924,0.3820091,0,1,unassigned,13.0,12.0,1.0,0.9230769,0.07692308,0.07692307,0.021276595,0.0016366612,0,0,0,0,0
2485,-1,0,3.5965102,0.97331256,1,1,unassigned,6.0,6.0,0.0,1.0,0.0,0.0,0.007736944,0.0,0,0,0,1,1
2486,-1,0,1.31675,0.7886405,1,1,unassigned,14.0,11.0,3.0,0.78571427,0.21428572,0.21428573,0.023210831,0.0049737496,0,0,0,1,0
2487,-1,0,-0.52216434,0.37234625,0,1,unassigned,25.0,25.0,0.0,1.0,0.0,0.0,0.044487428,0.0,0,0,0,0,0
2488,0,0,-0.40691152,0.3996529,0,0,val,71.0,67.0,4.0,0.943662,0.056338027,0.056338012,0.13346228,0.0075190016,0,0,1,0,0
2489,-1,1,-0.79914224,0.31020904,0,1,unassigned,46.0,46.0,0.0,1.0,0.0,0.0,0.08510638,0.0,1,0,0,0,0
2490,-1,1,-0.5697215,0.3613011,0,1,unassigned,60.0,57.0,3.0,0.95,0.05,0.050000012,0.11218569,0.0056092846,1,0,0,0,0
2491,-1,1,-0.85746956,0.29786828,0,1,unassigned,39.0,34.0,5.0,0.8717949,0.12820514,0.12820512,0.07156673,0.009175222,1,0,0,0,0
2492,0,1,-0.44956586,0.389464,0,0,unassigned,33.0,31.0,2.0,0.93939394,0.060606062,0.060606062,0.059961315,0.0036340193,1,0,1,0,0
2493,-1,0,3.5782902,0.9728352,1,1,unassigned,2.0,2.0,0.0,1.0,0.0,0.0,0.0,0.0,0,0,0,1,1
2494,-1,0,-0.41939515,0.3966615,0,1,unassigned,2.0,2.0,0.0,1.0,0.0,0.0,0.0,0.0,0,0,0,0,0
2495,0,0,0.21485078,0.55350703,1,1,unassigned,11.0,10.0,1.0,0.90909094,0.09090909,0.090909064,0.017408123,0.0015825568,0,0,0,1,0
2496,-1,1,-0.5843905,0.35792297,0,1,unassigned,54.0,53.0,1.0,0.9814815,0.018518519,0.018518507,0.10058027,0.0018625975,1,0,0,0,0
2497,-1,0,-0.20875978,0.44799873,0,1,unassigned,33.0,33.0,0.0,1.0,0.0,0.0,0.059961315,0.0,0,0,0,0,0
2498,-1,0,4.2765746,0.9863002,1,1,unassigned,3.0,3.0,0.0,1.0,0.0,0.0,0.001934236,0.0,0,0,0,1,1
2499,-1,0,-0.87268215,0.2946965,0,1,unassigned,85.0,82.0,3.0,0.9647059,0.03529412,0.035294116,0.16054158,0.0056661735,0,0,0,0,0
2500,1,0,0.4423241,0.60881263,1,0,test,8.0,8.0,0.0,1.0,0.0,0.0,0.0116054155,0.0,0,0,1,1,0
2501,-1,1,1.1690161,0.7629671,1,1,unassigned,16.0,13.0,3.0,0.8125,0.1875,0.1875,0.027079303,0.0050773695,1,0,0,1,0
2502,-1,1,-0.7805896,0.31419283,0,1,unassigned,137.0,131.0,6.0,0.95620435,0.04379562,0.043795645,0.26112187,0.011435994,1,0,0,0,0
2503,-1,0,3.4884045,0.9703561,1,1,unassigned,75.0,69.0,6.0,0.92,0.08,0.07999998,0.14119923,0.011295938,0,0,0,1,1
2504,-1,0,-0.0461843,0.48845598,0,1,unassigned,13.0,13.0,0.0,1.0,0.0,0.0,0.021276595,0.0,0,0,0,0,0
2505,-1,0,-0.53254914,0.36992255,0,1,unassigned,11.0,11.0,0.0,1.0,0.0,0.0,0.017408123,0.0,0,0,0,0,0
2506,-1,0,-0.4387195,0.39204612,0,1,unassigned,3.0,3.0,0.0,1.0,0.0,0.0,0.001934236,0.0,0,0,0,0,0
2507,-1,1,0.2867958,0.5712115,1,1,unassigned,2.0,1.0,1.0,0.5,0.5,0.5,0.0,0.0,1,0,0,1,0
2508,-1,0,-0.67012715,0.33846837,0,1,unassigned,159.0,157.0,2.0,0.9874214,0.012578616,0.012578607,0.30367506,0.0038198119,0,0,0,0,0
2509,1,1,-0.34330285,0.4150074,0,1,test,10.0,10.0,0.0,1.0,0.0,0.0,0.015473888,0.0,1,0,0,0,0
2510,-1,1,0.30259156,0.5750759,1,1,unassigned,11.0,11.0,0.0,1.0,0.0,0.0,0.017408123,0.0,1,0,0,1,0
2511,-1,0,-0.20255587,0.44953346,0,1,unassigned,2.0,2.0,0.0,1.0,0.0,0.0,0.0,0.0,0,0,0,0,0
2512,-1,0,-0.7917528,0.31179243,0,1,unassigned,38.0,37.0,1.0,0.9736842,0.02631579,0.026315808,0.06963249,0.0018324341,0,0,0,0,0
2513,-1,1,-0.6215481,0.34942946,0,1,unassigned,9.0,6.0,3.0,0.6666667,0.33333334,0.3333333,0.013539651,0.004513217,1,0,0,0,0
2514,-1,1,3.407088,0.9679253,1,1,unassigned,5.0,5.0,0.0,1.0,0.0,0.0,0.0058027077,0.0,1,0,0,1,1
2515,-1,1,0.16711587,0.541682,1,1,unassigned,8.0,7.0,1.0,0.875,0.125,0.125,0.0116054155,0.0014506769,1,0,0,1,0
2516,-1,0,-0.6124623,0.3514977,0,1,unassigned,3.0,3.0,0.0,1.0,0.0,0.0,0.001934236,0.0,0,0,0,0,0
2517,-1,0,-0.51013964,0.3751608,0,1,unassigned,2.0,2.0,0.0,1.0,0.0,0.0,0.0,0.0,0,0,0,0,0
2518,-1,0,-0.33950126,0.41593063,0,1,unassigned,2.0,2.0,0.0,1.0,0.0,0.0,0.0,0.0,0,0,0,0,0
2519,-1,1,2.0348222,0.884405,1,1,unassigned,29.0,29.0,0.0,1.0,0.0,0.0,0.05222437,0.0,1,0,0,1,0
2520,-1,0,-0.926828,0.28356868,0,1,unassigned,2.0,2.0,0.0,1.0,0.0,0.0,0.0,0.0,0,0,0,0,0
2521,0,1,-0.8569988,0.29796675,0,0,test,105.0,101.0,4.0,0.96190476,0.03809524,0.038095236,0.1992263,0.007589574,1,0,1,0,0
2522,0,0,-0.92283106,0.2843814,0,0,val,2.0,2.0,0.0,1.0,0.0,0.0,0.0,0.0,0,0,1,0,0
2523,-1,0,0.9499394,0.72110295,1,1,unassigned,6.0,4.0,2.0,0.6666667,0.33333334,0.3333333,0.007736944,0.0025789815,0,0,0,1,0
2524,-1,0,-0.33683896,0.41657752,0,1,unassigned,3.0,3.0,0.0,1.0,0.0,0.0,0.001934236,0.0,0,0,0,0,0
2525,-1,0,-0.7649603,0.3175703,0,1,unassigned,59.0,56.0,3.0,0.9491525,0.050847456,0.05084747,0.11025145,0.005606006,0,0,0,0,0
2526,-1,0,-0.29036614,0.42791423,0,1,unassigned,26.0,26.0,0.0,1.0,0.0,0.0,0.046421662,0.0,0,0,0,0,0
2527,-1,1,5.079823,0.9938174,1,1,unassigned,3.0,3.0,0.0,1.0,0.0,0.0,0.001934236,0.0,1,0,0,1,1
2528,-1,1,-0.7858199,0.31306693,0,1,unassigned,2.0,1.0,1.0,0.5,0.5,0.5,0.0,0.0,1,0,0,0,0
2529,-1,0,-0.85589373,0.29819798,0,1,unassigned,88.0,86.0,2.0,0.97727275,0.022727273,0.022727251,0.1663443,0.0037805524,0,0,0,0,0
2530,-1,0,2.3411834,0.9122309,1,1,unassigned,6.0,6.0,0.0,1.0,0.0,0.0,0.007736944,0.0,0,0,0,1,1
2531,-1,1,0.042060792,0.51051366,1,1,unassigned,6.0,5.0,1.0,0.8333333,0.16666667,0.16666669,0.007736944,0.0012894907,1,0,0,1,0
2532,-1,0,0.21978348,0.5547257,1,1,unassigned,8.0,8.0,0.0,1.0,0.0,0.0,0.0116054155,0.0,0,0,0,1,0
2533,-1,0,-0.54423827,0.3672022,0,1,unassigned,2.0,2.0,0.0,1.0,0.0,0.0,0.0,0.0,0,0,0,0,0
2534,-1,1,2.525284,0.92589545,1,1,unassigned,15.0,15.0,0.0,1.0,0.0,0.0,0.025145067,0.0,1,0,0,1,1
2535,-1,0,1.7182105,0.8478982,1,1,unassigned,2.0,2.0,0.0,1.0,0.0,0.0,0.0,0.0,0,0,0,1,0
2536,1,1,-0.9029201,0.28845078,0,1,test,2.0,2.0,0.0,1.0,0.0,0.0,0.0,0.0,1,0,0,0,0
2537,-1,0,-0.83786374,0.30198488,0,1,unassigned,35.0,35.0,0.0,1.0,0.0,0.0,0.06382979,0.0,0,0,0,0,0
2538,-1,0,-0.8323103,0.30315676,0,1,unassigned,71.0,70.0,1.0,0.9859155,0.014084507,0.014084518,0.13346228,0.0018797504,0,0,0,0,0
2539,-1,0,-0.8955003,0.28997606,0,1,unassigned,8.0,4.0,4.0,0.5,0.5,0.5,0.0116054155,0.0058027077,0,0,0,0,0
2540,-1,0,-0.3697437,0.40860295,0,1,unassigned,5.0,5.0,0.0,1.0,0.0,0.0,0.0058027077,0.0,0,0,0,0,0
2541,-1,0,-0.55733454,0.3641644,0,1,unassigned,87.0,87.0,0.0,1.0,0.0,0.0,0.16441005,0.0,0,0,0,0,0
2542,-1,1,0.121264875,0.5302791,1,1,unassigned,6.0,6.0,0.0,1.0,0.0,0.0,0.007736944,0.0,1,0,0,1,0
2543,1,0,4.5330253,0.9893662,1,0,test,16.0,14.0,2.0,0.875,0.125,0.125,0.027079303,0.0033849129,0,0,1,1,1
2544,1,0,7.3041186,0.99932766,1,0,unassigned,2.0,2.0,0.0,1.0,0.0,0.0,0.0,0.0,0,0,1,1,1
2545,-1,0,1.46628,0.8124913,1,1,unassigned,3.0,3.0,0.0,1.0,0.0,0.0,0.001934236,0.0,0,0,0,1,0
2546,-1,1,2.6810286,0.9358979,1,1,unassigned,7.0,7.0,0.0,1.0,0.0,0.0,0.00967118,0.0,1,0,0,1,1
2547,1,1,2.8057754,0.94298714,1,0,test,3.0,2.0,1.0,0.6666667,0.33333334,0.3333333,0.001934236,0.00064474536,1,0,1,1,1
2548,-1,0,-0.23916632,0.44049183,0,1,unassigned,3.0,3.0,0.0,1.0,0.0,0.0,0.001934236,0.0,0,0,0,0,0
2549,-1,0,-0.9344723,0.28201824,0,1,unassigned,67.0,64.0,3.0,0.95522386,0.04477612,0.04477614,0.12572534,0.005629493,0,0,0,0,0
2550,-1,1,14.604852,0.9999995,1,1,unassigned,20.0,14.0,6.0,0.7,0.3,0.3,0.034816246,0.010444874,1,0,0,1,1
2551,0,0,-0.30935365,0.42327252,0,0,val,19.0,19.0,0.0,1.0,0.0,0.0,0.032882012,0.0,0,0,1,0,0
2552,-1,0,-0.26889917,0.43317738,0,1,unassigned,2.0,2.0,0.0,1.0,0.0,0.0,0.0,0.0,0,0,0,0,0
2553,-1,0,1.028522,0.73662925,1,1,unassigned,3.0,3.0,0.0,1.0,0.0,0.0,0.001934236,0.0,0,0,0,1,0
2554,-1,0,-0.4335115,0.39328814,0,1,unassigned,2.0,2.0,0.0,1.0,0.0,0.0,0.0,0.0,0,0,0,0,0
2555,-1,0,0.72592133,0.6739096,1,1,unassigned,13.0,13.0,0.0,1.0,0.0,0.0,0.021276595,0.0,0,0,0,1,0
2556,-1,0,-0.38833216,0.40411887,0,1,unassigned,65.0,65.0,0.0,1.0,0.0,0.0,0.12185687,0.0,0,0,0,0,0
2557,-1,0,1.3225038,0.7895979,1,1,unassigned,2.0,2.0,0.0,1.0,0.0,0.0,0.0,0.0,0,0,0,1,0
2558,-1,0,8.037209,0.99967694,1,1,unassigned,3.0,3.0,0.0,1.0,0.0,0.0,0.001934236,0.0,0,0,0,1,1
2559,-1,0,0.5277199,0.62895113,1,1,unassigned,2.0,1.0,1.0,0.5,0.5,0.5,0.0,0.0,0,0,0,1,0
2560,1,0,0.08222252,0.52054405,1,0,train,9.0,9.0,0.0,1.0,0.0,0.0,0.013539651,0.0,0,0,1,1,0
2561,-1,1,5.3300824,0.99517965,1,1,unassigned,3.0,3.0,0.0,1.0,0.0,0.0,0.001934236,0.0,1,0,0,1,1
2562,-1,1,4.9215493,0.9927649,1,1,unassigned,2.0,2.0,0.0,1.0,0.0,0.0,0.0,0.0,1,0,0,1,1
2563,-1,1,5.6304746,0.9964259,1,1,unassigned,43.0,41.0,2.0,0.95348835,0.046511628,0.04651165,0.079303674,0.0036885429,1,0,0,1,1
2564,-1,0,-0.38515082,0.40488517,0,1,unassigned,12.0,12.0,0.0,1.0,0.0,0.0,0.01934236,0.0,0,0,0,0,0
2565,-1,1,1.0214882,0.73526233,1,1,unassigned,5.0,4.0,1.0,0.8,0.2,0.19999999,0.0058027077,0.0011605415,1,0,0,1,0
2566,0,0,-0.9488444,0.2791173,0,0,test,3.0,2.0,1.0,0.6666667,0.33333334,0.3333333,0.001934236,0.00064474536,0,0,1,0,0
2567,-1,1,0.2786892,0.56922483,1,1,unassigned,2.0,2.0,0.0,1.0,0.0,0.0,0.0,0.0,1,0,0,1,0
2568,-1,0,6.8146358,0.99890363,1,1,unassigned,3.0,3.0,0.0,1.0,0.0,0.0,0.001934236,0.0,0,0,0,1,1
2569,-1,0,4.863252,0.9923339,1,1,unassigned,11.0,11.0,0.0,1.0,0.0,0.0,0.017408123,0.0,0,0,0,1,1
2570,-1,0,8.106807,0.99969864,1,1,unassigned,3.0,3.0,0.0,1.0,0.0,0.0,0.001934236,0.0,0,0,0,1,1
2571,-1,1,-0.38735527,0.40435413,0,1,unassigned,2.0,2.0,0.0,1.0,0.0,0.0,0.0,0.0,1,0,0,0,0
2572,-1,0,6.085688,0.99772996,1,1,unassigned,3.0,2.0,1.0,0.6666667,0.33333334,0.3333333,0.001934236,0.00064474536,0,0,0,1,1
2573,-1,0,-0.6302314,0.34745806,0,1,unassigned,32.0,32.0,0.0,1.0,0.0,0.0,0.058027077,0.0,0,0,0,0,0
2574,-1,0,-0.5048769,0.37639526,0,1,unassigned,3.0,3.0,0.0,1.0,0.0,0.0,0.001934236,0.0,0,0,0,0,0
2575,-1,0,-0.5258335,0.3714892,0,1,unassigned,11.0,11.0,0.0,1.0,0.0,0.0,0.017408123,0.0,0,0,0,0,0
2576,-1,1,0.36192614,0.5895066,1,1,unassigned,6.0,6.0,0.0,1.0,0.0,0.0,0.007736944,0.0,1,0,0,1,0
2577,-1,0,3.1321874,0.9582011,1,1,unassigned,9.0,7.0,2.0,0.7777778,0.22222222,0.22222221,0.013539651,0.0030088115,0,0,0,1,1
2578,-1,1,-0.11129975,0.47220376,0,1,unassigned,11.0,11.0,0.0,1.0,0.0,0.0,0.017408123,0.0,1,0,0,0,0
2579,1,0,0.68353516,0.66452724,1,0,train,19.0,19.0,0.0,1.0,0.0,0.0,0.032882012,0.0,0,0,1,1,0
2580,1,0,2.0494545,0.88589245,1,0,val,4.0,4.0,0.0,1.0,0.0,0.0,0.003868472,0.0,0,0,1,1,0
2581,-1,0,-0.69753265,0.3323595,0,1,unassigned,28.0,27.0,1.0,0.96428573,0.035714287,0.03571427,0.050290134,0.0017960763,0,0,0,0,0
2582,-1,0,0.43408054,0.60684764,1,1,unassigned,3.0,3.0,0.0,1.0,0.0,0.0,0.001934236,0.0,0,0,0,1,0
2583,-1,0,-0.9092069,0.28716213,0,1,unassigned,47.0,45.0,2.0,0.9574468,0.04255319,0.042553186,0.08704062,0.003703856,0,0,0,0,0
2584,-1,0,0.43209296,0.60637337,1,1,unassigned,17.0,17.0,0.0,1.0,0.0,0.0,0.029013539,0.0,0,0,0,1,0
2585,-1,1,2.9502003,0.950273,1,1,unassigned,107.0,98.0,9.0,0.91588783,0.08411215,0.08411217,0.20309478,0.01708274,1,0,0,1,1
2586,-1,0,4.525711,0.9892889,1,1,unassigned,2.0,2.0,0.0,1.0,0.0,0.0,0.0,0.0,0,0,0,1,1
2587,-1,0,-0.023799717,0.49405032,0,1,unassigned,24.0,24.0,0.0,1.0,0.0,0.0,0.04255319,0.0,0,0,0,0,0
2588,-1,0,0.1878404,0.5468225,1,1,unassigned,14.0,14.0,0.0,1.0,0.0,0.0,0.023210831,0.0,0,0,0,1,0
2589,0,0,0.08690697,0.5217131,1,1,unassigned,26.0,25.0,1.0,0.96153843,0.03846154,0.038461566,0.046421662,0.0017854486,0,0,0,1,0
2590,1,0,-0.7897886,0.31221408,0,1,test,5.0,5.0,0.0,1.0,0.0,0.0,0.0058027077,0.0,0,0,0,0,0
2591,0,0,-0.788894,0.31240618,0,0,test,21.0,21.0,0.0,1.0,0.0,0.0,0.036750484,0.0,0,0,1,0,0
2592,-1,1,3.33206,0.96551245,1,1,unassigned,6.0,6.0,0.0,1.0,0.0,0.0,0.007736944,0.0,1,0,0,1,1
2593,-1,0,0.934918,0.718072,1,1,unassigned,3.0,3.0,0.0,1.0,0.0,0.0,0.001934236,0.0,0,0,0,1,0
2594,-1,0,3.543761,0.97190756,1,1,unassigned,2.0,2.0,0.0,1.0,0.0,0.0,0.0,0.0,0,0,0,1,1
2595,1,1,10.227612,0.9999639,1,0,unassigned,21.0,12.0,9.0,0.5714286,0.42857143,0.4285714,0.036750484,0.015750207,1,0,1,1,1
2596,-1,1,2.1429205,0.8950054,1,1,unassigned,7.0,7.0,0.0,1.0,0.0,0.0,0.00967118,0.0,1,0,0,1,0
2597,-1,1,-0.2529338,0.43710154,0,1,unassigned,6.0,5.0,1.0,0.8333333,0.16666667,0.16666669,0.007736944,0.0012894907,1,0,0,0,0
2598,-1,1,-0.27069724,0.4327359,0,1,unassigned,25.0,25.0,0.0,1.0,0.0,0.0,0.044487428,0.0,1,0,0,0,0
2599,-1,1,2.6948593,0.93672264,1,1,unassigned,20.0,20.0,0.0,1.0,0.0,0.0,0.034816246,0.0,1,0,0,1,1
2600,0,1,-0.54859006,0.36619157,0,0,unassigned,103.0,99.0,4.0,0.9611651,0.03883495,0.03883493,0.19535783,0.007586712,1,0,1,0,0
2601,-1,1,-0.576357,0.35977125,0,1,unassigned,12.0,12.0,0.0,1.0,0.0,0.0,0.01934236,0.0,1,0,0,0,0
2602,-1,1,-0.53181684,0.37009326,0,1,unassigned,70.0,68.0,2.0,0.9714286,0.028571429,0.028571427,0.13152805,0.0037579443,1,0,0,0,0
2603,-1,1,0.41178423,0.6015156,1,1,unassigned,12.0,11.0,1.0,0.9166667,0.083333336,0.08333331,0.01934236,0.0016118633,1,0,0,1,0
2604,-1,0,-0.6450636,0.34410283,0,1,unassigned,47.0,46.0,1.0,0.9787234,0.021276595,0.021276593,0.08704062,0.001851928,0,0,0,0,0
2605,-1,1,4.9732623,0.993127,1,1,unassigned,32.0,32.0,0.0,1.0,0.0,0.0,0.058027077,0.0,1,0,0,1,1
2606,-1,1,0.6114535,0.6482723,1,1,unassigned,9.0,9.0,0.0,1.0,0.0,0.0,0.013539651,0.0,1,0,0,1,0
2607,-1,1,-0.20306343,0.44940788,0,1,unassigned,17.0,16.0,1.0,0.9411765,0.05882353,0.058823526,0.029013539,0.0017066788,1,0,0,0,0
2608,-1,0,-0.037840843,0.49054092,0,1,unassigned,2.0,1.0,1.0,0.5,0.5,0.5,0.0,0.0,0,0,0,0,0
2609,-1,0,1.0615258,0.74298203,1,1,unassigned,6.0,3.0,3.0,0.5,0.5,0.5,0.007736944,0.003868472,0,0,0,1,0
2610,-1,0,8.276913,0.9997458,1,1,unassigned,2.0,1.0,1.0,0.5,0.5,0.5,0.0,0.0,0,0,0,1,1
2611,1,0,4.765407,0.99155253,1,0,unassigned,3.0,3.0,0.0,1.0,0.0,0.0,0.001934236,0.0,0,0,1,1,1
2612,-1,0,4.4494004,0.9884494,1,1,unassigned,6.0,6.0,0.0,1.0,0.0,0.0,0.007736944,0.0,0,0,0,1,1
2613,1,0,1.9751241,0.8781604,1,0,unassigned,33.0,33.0,0.0,1.0,0.0,0.0,0.059961315,0.0,0,0,1,1,0
2614,-1,0,1.9141359,0.8714831,1,1,unassigned,29.0,26.0,3.0,0.8965517,0.10344828,0.10344827,0.05222437,0.005402521,0,0,0,1,0
2615,-1,1,1.5333109,0.8224902,1,1,unassigned,11.0,11.0,0.0,1.0,0.0,0.0,0.017408123,0.0,1,0,0,1,0
2616,-1,0,2.6080964,0.9313808,1,1,unassigned,3.0,2.0,1.0,0.6666667,0.33333334,0.3333333,0.001934236,0.00064474536,0,0,0,1,1
2617,-1,0,0.43772954,0.6077179,1,1,unassigned,9.0,1.0,8.0,0.11111111,0.8888889,0.8888889,0.013539651,0.012035246,0,0,0,1,0
2618,-1,1,2.3209102,0.91059405,1,1,unassigned,34.0,33.0,1.0,0.9705882,0.029411765,0.029411793,0.061895553,0.0018204574,1,0,0,1,1
2619,1,0,0.7307506,0.67497,1,0,val,31.0,28.0,3.0,0.9032258,0.09677419,0.09677422,0.056092843,0.0054283394,0,0,1,1,0
2620,-1,0,6.3074,0.9981806,1,1,unassigned,3.0,3.0,0.0,1.0,0.0,0.0,0.001934236,0.0,0,0,0,1,1
2621,-1,0,-0.8591338,0.29752037,0,1,unassigned,3.0,3.0,0.0,1.0,0.0,0.0,0.001934236,0.0,0,0,0,0,0
2622,-1,0,1.4043987,0.802881,1,1,unassigned,23.0,23.0,0.0,1.0,0.0,0.0,0.040618956,0.0,0,0,0,1,0
2623,-1,0,1.3353729,0.79172796,1,1,unassigned,10.0,10.0,0.0,1.0,0.0,0.0,0.015473888,0.0,0,0,0,1,0
2624,-1,0,5.1865344,0.9944397,1,1,unassigned,10.0,8.0,2.0,0.8,0.2,0.19999999,0.015473888,0.0030947777,0,0,0,1,1
2625,-1,1,0.8747669,0.70573664,1,1,unassigned,19.0,17.0,2.0,0.8947368,0.10526316,0.10526317,0.032882012,0.0034612645,1,0,0,1,0
2626,-1,1,6.012873,0.99755895,1,1,unassigned,11.0,10.0,1.0,0.90909094,0.09090909,0.090909064,0.017408123,0.0015825568,1,0,0,1,1
2627,-1,1,2.0748303,0.8884327,1,1,unassigned,27.0,26.0,1.0,0.962963,0.037037037,0.037037015,0.0483559,0.0017909593,1,0,0,1,0
2628,-1,1,-0.42498592,0.3953243,0,1,unassigned,15.0,15.0,0.0,1.0,0.0,0.0,0.025145067,0.0,1,0,0,0,0
2629,0,1,-0.10051066,0.4748935,0,0,val,20.0,18.0,2.0,0.9,0.1,0.100000024,0.034816246,0.0034816246,1,0,1,0,0
2630,-1,0,0.7333515,0.67554027,1,1,unassigned,5.0,5.0,0.0,1.0,0.0,0.0,0.0058027077,0.0,0,0,0,1,0
2631,-1,0,0.052841008,0.5132072,1,1,unassigned,4.0,4.0,0.0,1.0,0.0,0.0,0.003868472,0.0,0,0,0,1,0
2632,-1,1,3.170445,0.9597068,1,1,unassigned,21.0,21.0,0.0,1.0,0.0,0.0,0.036750484,0.0,1,0,0,1,1
2633,-1,0,4.1368775,0.9842785,1,1,unassigned,2.0,1.0,1.0,0.5,0.5,0.5,0.0,0.0,0,0,0,1,1
2634,-1,1,-0.29849082,0.42592645,0,1,unassigned,29.0,29.0,0.0,1.0,0.0,0.0,0.05222437,0.0,1,0,0,0,0
2635,-1,0,1.0981002,0.749904,1,1,unassigned,5.0,5.0,0.0,1.0,0.0,0.0,0.0058027077,0.0,0,0,0,1,0
2636,-1,1,5.6497455,0.9964939,1,1,unassigned,2.0,2.0,0.0,1.0,0.0,0.0,0.0,0.0,1,0,0,1,1
2637,-1,1,-0.46196523,0.3865197,0,1,unassigned,19.0,15.0,4.0,0.7894737,0.21052632,0.21052629,0.032882012,0.006922529,1,0,0,0,0
2638,-1,0,0.82653123,0.69562095,1,1,unassigned,25.0,20.0,5.0,0.8,0.2,0.19999999,0.044487428,0.008897486,0,0,0,1,0
2639,-1,1,1.8541431,0.86461276,1,1,unassigned,12.0,11.0,1.0,0.9166667,0.083333336,0.08333331,0.01934236,0.0016118633,1,0,0,1,0
2640,-1,0,-0.5018871,0.3770973,0,1,unassigned,20.0,20.0,0.0,1.0,0.0,0.0,0.034816246,0.0,0,0,0,0,0
2641,-1,0,3.09458,0.9566686,1,1,unassigned,2.0,2.0,0.0,1.0,0.0,0.0,0.0,0.0,0,0,0,1,1
2642,-1,1,3.7358496,0.97670275,1,1,unassigned,5.0,4.0,1.0,0.8,0.2,0.19999999,0.0058027077,0.0011605415,1,0,0,1,1
2643,-1,0,0.4770555,0.6170523,1,1,unassigned,4.0,2.0,2.0,0.5,0.5,0.5,0.003868472,0.001934236,0,0,0,1,0
2644,-1,0,-0.7668322,0.31716478,0,1,unassigned,5.0,5.0,0.0,1.0,0.0,0.0,0.0058027077,0.0,0,0,0,0,0
2645,-1,1,1.8527834,0.86445355,1,1,unassigned,28.0,26.0,2.0,0.9285714,0.071428575,0.0714286,0.050290134,0.0035921526,1,0,0,1,0
2646,-1,0,1.6070378,0.8329997,1,1,unassigned,4.0,4.0,0.0,1.0,0.0,0.0,0.003868472,0.0,0,0,0,1,0
2647,-1,0,-0.62117624,0.34951398,0,1,unassigned,15.0,15.0,0.0,1.0,0.0,0.0,0.025145067,0.0,0,0,0,0,0
2648,1,0,-0.17807412,0.45559874,0,1,unassigned,17.0,17.0,0.0,1.0,0.0,0.0,0.029013539,0.0,0,0,0,0,0
2649,-1,0,-0.4395107,0.39185756,0,1,unassigned,24.0,24.0,0.0,1.0,0.0,0.0,0.04255319,0.0,0,0,0,0,0
2650,0,0,-0.4893985,0.38003525,0,0,val,26.0,26.0,0.0,1.0,0.0,0.0,0.046421662,0.0,0,0,1,0,0
2651,-1,0,-0.28939638,0.42815167,0,1,unassigned,28.0,28.0,0.0,1.0,0.0,0.0,0.050290134,0.0,0,0,0,0,0
2652,1,0,-0.26243237,0.4347659,0,1,unassigned,25.0,25.0,0.0,1.0,0.0,0.0,0.044487428,0.0,0,0,0,0,0
2653,-1,1,5.124513,0.994086,1,1,unassigned,3.0,3.0,0.0,1.0,0.0,0.0,0.001934236,0.0,1,0,0,1,1
2654,-1,0,-0.4472759,0.39000863,0,1,unassigned,12.0,12.0,0.0,1.0,0.0,0.0,0.01934236,0.0,0,0,0,0,0
2655,-1,0,-0.46473283,0.38586366,0,1,unassigned,10.0,10.0,0.0,1.0,0.0,0.0,0.015473888,0.0,0,0,0,0,0
2656,-1,1,0.8895398,0.7087952,1,1,unassigned,13.0,11.0,2.0,0.84615386,0.15384616,0.15384614,0.021276595,0.0032733225,1,0,0,1,0
2657,-1,0,-0.72351575,0.32661927,0,1,unassigned,24.0,23.0,1.0,0.9583333,0.041666668,0.041666687,0.04255319,0.0017730496,0,0,0,0,0
2658,-1,0,-0.44320053,0.39097857,0,1,unassigned,7.0,5.0,2.0,0.71428573,0.2857143,0.28571427,0.00967118,0.0027631943,0,0,0,0,0
2659,1,1,-0.35349122,0.41253605,0,1,val,22.0,21.0,1.0,0.95454544,0.045454547,0.04545456,0.03868472,0.0017583964,1,0,0,0,0
2660,-1,1,1.7302029,0.84943837,1,1,unassigned,2.0,2.0,0.0,1.0,0.0,0.0,0.0,0.0,1,0,0,1,0
2661,-1,1,1.1757915,0.76419026,1,1,unassigned,15.0,15.0,0.0,1.0,0.0,0.0,0.025145067,0.0,1,0,0,1,0
2662,-1,0,-0.8384049,0.30187082,0,1,unassigned,2.0,1.0,1.0,0.5,0.5,0.5,0.0,0.0,0,0,0,0,0
2663,1,0,1.0740066,0.7453581,1,0,val,34.0,33.0,1.0,0.9705882,0.029411765,0.029411793,0.061895553,0.0018204574,0,0,1,1,0
2664,1,0,6.809749,0.99889827,1,0,unassigned,45.0,43.0,2.0,0.95555556,0.044444446,0.04444444,0.08317215,0.0036965401,0,0,1,1,1
2665,-1,0,-0.38143402,0.40578106,0,1,unassigned,52.0,51.0,1.0,0.9807692,0.01923077,0.019230783,0.0967118,0.0018598423,0,0,0,0,0
2666,1,0,2.9448407,0.9500191,1,0,unassigned,47.0,47.0,0.0,1.0,0.0,0.0,0.08704062,0.0,0,0,1,1,1
2667,-1,0,0.49653894,0.6216456,1,1,unassigned,8.0,8.0,0.0,1.0,0.0,0.0,0.0116054155,0.0,0,0,0,1,0
2668,-1,0,4.0688972,0.9831911,1,1,unassigned,2.0,2.0,0.0,1.0,0.0,0.0,0.0,0.0,0,0,0,1,1
2669,-1,0,2.4460847,0.9202746,1,1,unassigned,3.0,3.0,0.0,1.0,0.0,0.0,0.001934236,0.0,0,0,0,1,1
2670,-1,0,3.196479,0.9607016,1,1,unassigned,2.0,2.0,0.0,1.0,0.0,0.0,0.0,0.0,0,0,0,1,1
2671,-1,0,1.4479098,0.8096766,1,1,unassigned,26.0,24.0,2.0,0.9230769,0.07692308,0.07692307,0.046421662,0.0035708973,0,0,0,1,0
2672,-1,0,1.3557458,0.79506737,1,1,unassigned,5.0,3.0,2.0,0.6,0.4,0.39999998,0.0058027077,0.002321083,0,0,0,1,0
2673,0,1,-0.70955515,0.32969716,0,0,val,2.0,2.0,0.0,1.0,0.0,0.0,0.0,0.0,1,0,1,0,0
2674,-1,0,12.37668,0.9999958,1,1,unassigned,2.0,2.0,0.0,1.0,0.0,0.0,0.0,0.0,0,0,0,1,1
2675,-1,0,0.80572826,0.69119847,1,1,unassigned,31.0,31.0,0.0,1.0,0.0,0.0,0.056092843,0.0,0,0,0,1,0
2676,-1,0,1.4736383,0.8136098,1,1,unassigned,102.0,76.0,26.0,0.74509805,0.25490198,0.25490195,0.1934236,0.049304057,0,0,0,1,0
2677,1,0,2.8764608,0.9466705,1,0,unassigned,23.0,21.0,2.0,0.9130435,0.08695652,0.0869565,0.040618956,0.0035320832,0,0,1,1,1
2678,-1,0,-0.907979,0.28741357,0,1,unassigned,3.0,3.0,0.0,1.0,0.0,0.0,0.001934236,0.0,0,0,0,0,0
2679,-1,0,0.52408,0.6281013,1,1,unassigned,2.0,2.0,0.0,1.0,0.0,0.0,0.0,0.0,0,0,0,1,0
2680,-1,0,-0.9320132,0.28251645,0,1,unassigned,31.0,31.0,0.0,1.0,0.0,0.0,0.056092843,0.0,0,0,0,0,0
2681,-1,0,-0.4101026,0.39888754,0,1,unassigned,26.0,26.0,0.0,1.0,0.0,0.0,0.046421662,0.0,0,0,0,0,0
2682,-1,0,-0.9629892,0.2762801,0,1,unassigned,13.0,13.0,0.0,1.0,0.0,0.0,0.021276595,0.0,0,0,0,0,0
2683,-1,0,0.6075242,0.6473758,1,1,unassigned,21.0,21.0,0.0,1.0,0.0,0.0,0.036750484,0.0,0,0,0,1,0
2684,-1,1,0.08212775,0.5205204,1,1,unassigned,27.0,25.0,2.0,0.9259259,0.074074075,0.07407409,0.0483559,0.0035819185,1,0,0,1,0
2685,-1,0,5.35288,0.9952878,1,1,unassigned,5.0,4.0,1.0,0.8,0.2,0.19999999,0.0058027077,0.0011605415,0,0,0,1,1
2686,-1,0,-0.2515472,0.43744272,0,1,unassigned,71.0,71.0,0.0,1.0,0.0,0.0,0.13346228,0.0,0,0,0,0,0
2687,-1,0,5.603084,0.9963271,1,1,unassigned,2.0,2.0,0.0,1.0,0.0,0.0,0.0,0.0,0,0,0,1,1
2688,-1,0,5.2831573,0.9949492,1,1,unassigned,18.0,16.0,2.0,0.8888889,0.11111111,0.111111104,0.030947777,0.0034386418,0,0,0,1,1
2689,-1,0,-0.3827272,0.40546927,0,1,unassigned,14.0,14.0,0.0,1.0,0.0,0.0,0.023210831,0.0,0,0,0,0,0
2690,0,0,-0.10810509,0.47300002,0,0,val,12.0,12.0,0.0,1.0,0.0,0.0,0.01934236,0.0,0,0,1,0,0
2691,-1,0,2.4236176,0.91861063,1,1,unassigned,26.0,26.0,0.0,1.0,0.0,0.0,0.046421662,0.0,0,0,0,1,1
2692,-1,1,0.21180946,0.5527553,1,1,unassigned,11.0,11.0,0.0,1.0,0.0,0.0,0.017408123,0.0,1,0,0,1,0
2693,-1,0,-0.63644797,0.34604993,0,1,unassigned,3.0,3.0,0.0,1.0,0.0,0.0,0.001934236,0.0,0,0,0,0,0
2694,-1,1,0.2122497,0.5528641,1,1,unassigned,7.0,6.0,1.0,0.85714287,0.14285715,0.14285713,0.00967118,0.0013815971,1,0,0,1,0
2695,0,1,-0.89317036,0.290456,0,0,train,12.0,10.0,2.0,0.8333333,0.16666667,0.16666669,0.01934236,0.0032237265,1,0,1,0,0
2696,-1,1,3.1237085,0.9578602,1,1,unassigned,4.0,4.0,0.0,1.0,0.0,0.0,0.003868472,0.0,1,0,0,1,1
2697,-1,0,2.0892365,0.88985264,1,1,unassigned,13.0,13.0,0.0,1.0,0.0,0.0,0.021276595,0.0,0,0,0,1,0
2698,1,1,-0.13629675,0.46597847,0,1,val,28.0,28.0,0.0,1.0,0.0,0.0,0.050290134,0.0,1,0,0,0,0
2699,-1,0,0.085624814,0.5213931,1,1,unassigned,4.0,4.0,0.0,1.0,0.0,0.0,0.003868472,0.0,0,0,0,1,0
2700,-1,0,1.1461349,0.7588042,1,1,unassigned,3.0,3.0,0.0,1.0,0.0,0.0,0.001934236,0.0,0,0,0,1,0
2701,-1,1,-0.8372401,0.30211636,0,1,unassigned,53.0,53.0,0.0,1.0,0.0,0.0,0.09864604,0.0,1,0,0,0,0
2702,0,0,-0.022623241,0.49434444,0,0,test,9.0,9.0,0.0,1.0,0.0,0.0,0.013539651,0.0,0,0,1,0,0
2703,-1,0,-0.7277086,0.32569778,0,1,unassigned,11.0,10.0,1.0,0.90909094,0.09090909,0.090909064,0.017408123,0.0015825568,0,0,0,0,0
2704,-1,0,0.06999236,0.5174909,1,1,unassigned,4.0,4.0,0.0,1.0,0.0,0.0,0.003868472,0.0,0,0,0,1,0
2705,-1,1,-0.7465347,0.32157683,0,1,unassigned,65.0,62.0,3.0,0.95384616,0.046153847,0.046153843,0.12185687,0.0056241634,1,0,0,0,0
2706,-1,1,-0.5732115,0.36049613,0,1,unassigned,27.0,25.0,2.0,0.9259259,0.074074075,0.07407409,0.0483559,0.0035819185,1,0,0,0,0
2707,-1,1,0.007253945,0.5018135,1,1,unassigned,13.0,5.0,8.0,0.3846154,0.61538464,0.6153846,0.021276595,0.01309329,1,0,0,1,0
2708,-1,0,3.4206758,0.96834457,1,1,unassigned,2.0,2.0,0.0,1.0,0.0,0.0,0.0,0.0,0,0,0,1,1
2709,-1,0,-0.019235492,0.4951913,0,1,unassigned,34.0,33.0,1.0,0.9705882,0.029411765,0.029411793,0.061895553,0.0018204574,0,0,0,0,0
2710,-1,0,-0.51075053,0.37501758,0,1,unassigned,42.0,41.0,1.0,0.97619045,0.023809524,0.023809552,0.07736944,0.0018421295,0,0,0,0,0
2711,-1,1,0.88762313,0.7083994,1,1,unassigned,3.0,3.0,0.0,1.0,0.0,0.0,0.001934236,0.0,1,0,0,1,0
2712,1,0,1.7975469,0.8578501,1,0,val,18.0,16.0,2.0,0.8888889,0.11111111,0.111111104,0.030947777,0.0034386418,0,0,1,1,0
2713,-1,1,1.0839086,0.7472329,1,1,unassigned,8.0,6.0,2.0,0.75,0.25,0.25,0.0116054155,0.0029013539,1,0,0,1,0
2714,-1,0,-0.24457985,0.439158,0,1,unassigned,8.0,8.0,0.0,1.0,0.0,0.0,0.0116054155,0.0,0,0,0,0,0
2715,-1,1,0.26911885,0.5668766,1,1,unassigned,18.0,17.0,1.0,0.9444444,0.055555556,0.055555582,0.030947777,0.0017193209,1,0,0,1,0
2716,-1,1,-0.5189977,0.37308663,0,1,unassigned,27.0,25.0,2.0,0.9259259,0.074074075,0.07407409,0.0483559,0.0035819185,1,0,0,0,0
2717,-1,1,0.051950812,0.5129848,1,1,unassigned,13.0,13.0,0.0,1.0,0.0,0.0,0.021276595,0.0,1,0,0,1,0
2718,-1,1,-0.5774809,0.35951245,0,1,unassigned,53.0,52.0,1.0,0.9811321,0.018867925,0.01886791,0.09864604,0.0018612461,1,0,0,0,0
2719,-1,1,4.791096,0.99176496,1,1,unassigned,6.0,5.0,1.0,0.8333333,0.16666667,0.16666669,0.007736944,0.0012894907,1,0,0,1,1
2720,-1,0,5.5171485,0.99599886,1,1,unassigned,39.0,34.0,5.0,0.8717949,0.12820514,0.12820512,0.07156673,0.009175222,0,0,0,1,1
2721,0,1,0.20045394,0.54994637,1,1,val,11.0,11.0,0.0,1.0,0.0,0.0,0.017408123,0.0,1,0,0,1,0
2722,-1,1,-0.4417702,0.39131927,0,1,unassigned,5.0,5.0,0.0,1.0,0.0,0.0,0.0058027077,0.0,1,0,0,0,0
2723,-1,1,-0.74471235,0.32197455,0,1,unassigned,25.0,25.0,0.0,1.0,0.0,0.0,0.044487428,0.0,1,0,0,0,0
2724,-1,0,-0.31203133,0.422619,0,1,unassigned,18.0,17.0,1.0,0.9444444,0.055555556,0.055555582,0.030947777,0.0017193209,0,0,0,0,0
2725,-1,0,0.11880267,0.52966577,1,1,unassigned,2.0,2.0,0.0,1.0,0.0,0.0,0.0,0.0,0,0,0,1,0
2726,-1,1,4.148865,0.98446286,1,1,unassigned,10.0,10.0,0.0,1.0,0.0,0.0,0.015473888,0.0,1,0,0,1,1
2727,-1,0,-0.92660147,0.28361472,0,1,unassigned,4.0,3.0,1.0,0.75,0.25,0.25,0.003868472,0.000967118,0,0,0,0,0
2728,-1,0,-0.9585729,0.277164,0,1,unassigned,2.0,2.0,0.0,1.0,0.0,0.0,0.0,0.0,0,0,0,0,0
2729,-1,0,0.026497662,0.50662404,1,1,unassigned,32.0,29.0,3.0,0.90625,0.09375,0.09375,0.058027077,0.0054400386,0,0,0,1,0
2730,-1,0,0.9050494,0.711986,1,1,unassigned,5.0,5.0,0.0,1.0,0.0,0.0,0.0058027077,0.0,0,0,0,1,0
2731,-1,1,-0.27161255,0.43251127,0,1,unassigned,17.0,17.0,0.0,1.0,0.0,0.0,0.029013539,0.0,1,0,0,0,0
2732,-1,1,-0.8061923,0.3087025,0,1,unassigned,4.0,1.0,3.0,0.25,0.75,0.75,0.003868472,0.002901354,1,0,0,0,0
2733,-1,0,-0.42963758,0.39421287,0,1,unassigned,9.0,9.0,0.0,1.0,0.0,0.0,0.013539651,0.0,0,0,0,0,0
2734,-1,0,-0.12567514,0.4686225,0,1,unassigned,13.0,13.0,0.0,1.0,0.0,0.0,0.021276595,0.0,0,0,0,0,0
2735,-1,0,-0.7943397,0.3112376,0,1,unassigned,28.0,24.0,4.0,0.85714287,0.14285715,0.14285713,0.050290134,0.007184305,0,0,0,0,0
2736,-1,0,-0.33345312,0.41740066,0,1,unassigned,25.0,25.0,0.0,1.0,0.0,0.0,0.044487428,0.0,0,0,0,0,0
2737,-1,1,13.535023,0.9999987,1,1,unassigned,5.0,4.0,1.0,0.8,0.2,0.19999999,0.0058027077,0.0011605415,1,0,0,1,1
2738,-1,0,-0.40816313,0.39935264,0,1,unassigned,29.0,29.0,0.0,1.0,0.0,0.0,0.05222437,0.0,0,0,0,0,0
2739,-1,1,-0.6083047,0.35244602,0,1,unassigned,35.0,35.0,0.0,1.0,0.0,0.0,0.06382979,0.0,1,0,0,0,0
2740,-1,0,-0.43703234,0.39244834,0,1,unassigned,10.0,10.0,0.0,1.0,0.0,0.0,0.015473888,0.0,0,0,0,0,0
2741,-1,0,-0.2239958,0.44423404,0,1,unassigned,41.0,38.0,3.0,0.9268293,0.07317073,0.07317072,0.07543521,0.005519649,0,0,0,0,0
2742,-1,1,0.72244245,0.67314464,1,1,unassigned,13.0,13.0,0.0,1.0,0.0,0.0,0.021276595,0.0,1,0,0,1,0
2743,-1,0,2.7603612,0.94049585,1,1,unassigned,2.0,2.0,0.0,1.0,0.0,0.0,0.0,0.0,0,0,0,1,1
2744,-1,0,-0.0020738244,0.49948156,0,1,unassigned,47.0,47.0,0.0,1.0,0.0,0.0,0.08704062,0.0,0,0,0,0,0
2745,-1,0,-0.82594895,0.3045023,0,1,unassigned,4.0,4.0,0.0,1.0,0.0,0.0,0.003868472,0.0,0,0,0,0,0
2746,-1,0,2.120176,0.8928488,1,1,unassigned,5.0,3.0,2.0,0.6,0.4,0.39999998,0.0058027077,0.002321083,0,0,0,1,0
2747,-1,0,-1.874578,0.13301289,0,1,unassigned,2.0,2.0,0.0,1.0,0.0,0.0,0.0,0.0,0,0,0,0,0
2748,-1,0,-0.91360843,0.286262,0,1,unassigned,39.0,38.0,1.0,0.974359,0.025641026,0.025641024,0.07156673,0.0018350444,0,0,0,0,0
2749,-1,1,6.1589537,0.99789006,1,1,unassigned,8.0,7.0,1.0,0.875,0.125,0.125,0.0116054155,0.0014506769,1,0,0,1,1
2750,-1,1,6.693208,0.99876225,1,1,unassigned,3.0,2.0,1.0,0.6666667,0.33333334,0.3333333,0.001934236,0.00064474536,1,0,0,1,1
2751,-1,0,0.35521084,0.5878806,1,1,unassigned,24.0,23.0,1.0,0.9583333,0.041666668,0.041666687,0.04255319,0.0017730496,0,0,0,1,0
2752,1,1,3.1496408,0.95889455,1,0,unassigned,3.0,3.0,0.0,1.0,0.0,0.0,0.001934236,0.0,1,0,1,1,1
2753,-1,0,0.20933545,0.5521436,1,1,unassigned,20.0,20.0,0.0,1.0,0.0,0.0,0.034816246,0.0,0,0,0,1,0
2754,-1,0,2.0102246,0.88186646,1,1,unassigned,10.0,9.0,1.0,0.9,0.1,0.100000024,0.015473888,0.0015473888,0,0,0,1,0
2755,-1,0,-0.12229109,0.46946526,0,1,unassigned,7.0,7.0,0.0,1.0,0.0,0.0,0.00967118,0.0,0,0,0,0,0
2756,-1,0,1.1000538,0.7502702,1,1,unassigned,23.0,20.0,3.0,0.8695652,0.13043478,0.13043481,0.040618956,0.0052981246,0,0,0,1,0
2757,-1,0,0.9455238,0.72021407,1,1,unassigned,7.0,7.0,0.0,1.0,0.0,0.0,0.00967118,0.0,0,0,0,1,0
2758,-1,1,0.68729573,0.66536504,1,1,unassigned,27.0,26.0,1.0,0.962963,0.037037037,0.037037015,0.0483559,0.0017909593,1,0,0,1,0
2759,0,0,0.40216243,0.5992071,1,1,train,11.0,6.0,5.0,0.54545456,0.45454547,0.45454544,0.017408123,0.007912784,0,0,0,1,0
2760,-1,0,14.933672,0.99999964,1,1,unassigned,25.0,15.0,10.0,0.6,0.4,0.39999998,0.044487428,0.017794972,0,0,0,1,1
2761,-1,0,-0.93007135,0.28291023,0,1,unassigned,3.0,3.0,0.0,1.0,0.0,0.0,0.001934236,0.0,0,0,0,0,0
2762,-1,0,-0.8112875,0.3076162,0,1,unassigned,4.0,4.0,0.0,1.0,0.0,0.0,0.003868472,0.0,0,0,0,0,0
2763,-1,0,-0.92313766,0.284319,0,1,unassigned,2.0,2.0,0.0,1.0,0.0,0.0,0.0,0.0,0,0,0,0,0
2764,-1,0,1.4790127,0.8144234,1,1,unassigned,7.0,7.0,0.0,1.0,0.0,0.0,0.00967118,0.0,0,0,0,1,0
2765,-1,0,3.5546,0.972202,1,1,unassigned,13.0,11.0,2.0,0.84615386,0.15384616,0.15384614,0.021276595,0.0032733225,0,0,0,1,1
2766,0,0,-0.520969,0.3726257,0,0,val,9.0,9.0,0.0,1.0,0.0,0.0,0.013539651,0.0,0,0,1,0,0
2767,-1,0,-0.9421484,0.2804666,0,1,unassigned,2.0,2.0,0.0,1.0,0.0,0.0,0.0,0.0,0,0,0,0,0
2768,-1,0,-0.28840837,0.4283936,0,1,unassigned,17.0,17.0,0.0,1.0,0.0,0.0,0.029013539,0.0,0,0,0,0,0
2769,-1,0,-0.97183156,0.27451557,0,1,unassigned,14.0,13.0,1.0,0.9285714,0.071428575,0.0714286,0.023210831,0.0016579166,0,0,0,0,0
2770,-1,0,-0.11563152,0.47112426,0,1,unassigned,16.0,16.0,0.0,1.0,0.0,0.0,0.027079303,0.0,0,0,0,0,0
2771,-1,0,4.15266,0.98452085,1,1,unassigned,15.0,14.0,1.0,0.93333334,0.06666667,0.06666666,0.025145067,0.0016763379,0,0,0,1,1
2772,-1,0,-0.6334593,0.34672657,0,1,unassigned,35.0,35.0,0.0,1.0,0.0,0.0,0.06382979,0.0,0,0,0,0,0
2773,-1,1,6.1252418,0.99781775,1,1,unassigned,3.0,2.0,1.0,0.6666667,0.33333334,0.3333333,0.001934236,0.00064474536,1,0,0,1,1
2774,-1,0,-0.8371984,0.30212516,0,1,unassigned,4.0,4.0,0.0,1.0,0.0,0.0,0.003868472,0.0,0,0,0,0,0
2775,1,0,1.5388477,0.8232971,1,0,unassigned,13.0,10.0,3.0,0.7692308,0.23076923,0.23076922,0.021276595,0.0049099834,0,0,1,1,0
2776,-1,0,-0.1907267,0.45246232,0,1,unassigned,21.0,19.0,2.0,0.9047619,0.0952381,0.09523809,0.036750484,0.0035000462,0,0,0,0,0
2777,-1,0,-0.9931951,0.27028143,0,1,unassigned,21.0,21.0,0.0,1.0,0.0,0.0,0.036750484,0.0,0,0,0,0,0
2778,-1,1,3.186217,0.96031225,1,1,unassigned,33.0,23.0,10.0,0.6969697,0.3030303,0.3030303,0.059961315,0.018170096,1,0,0,1,1
2779,-1,0,6.112283,0.9977894,1,1,unassigned,2.0,2.0,0.0,1.0,0.0,0.0,0.0,0.0,0,0,0,1,1
2780,-1,1,0.62490255,0.65133274,1,1,unassigned,24.0,16.0,8.0,0.6666667,0.33333334,0.3333333,0.04255319,0.014184397,1,0,0,1,0
2781,-1,0,7.906285,0.99963164,1,1,unassigned,9.0,9.0,0.0,1.0,0.0,0.0,0.013539651,0.0,0,0,0,1,1
2782,0,0,0.28461665,0.5706777,1,1,unassigned,27.0,26.0,1.0,0.962963,0.037037037,0.037037015,0.0483559,0.0017909593,0,0,0,1,0
2783,-1,0,2.3120902,0.9098734,1,1,unassigned,5.0,5.0,0.0,1.0,0.0,0.0,0.0058027077,0.0,0,0,0,1,1
2784,-1,0,0.34084982,0.58439696,1,1,unassigned,33.0,33.0,0.0,1.0,0.0,0.0,0.059961315,0.0,0,0,0,1,0
2785,-1,0,-0.8035164,0.30927384,0,1,unassigned,5.0,5.0,0.0,1.0,0.0,0.0,0.0058027077,0.0,0,0,0,0,0
2786,-1,0,4.565113,0.98969847,1,1,unassigned,12.0,7.0,5.0,0.5833333,0.41666666,0.4166667,0.01934236,0.008059316,0,0,0,1,1
2787,-1,0,3.0058448,0.9528375,1,1,unassigned,7.0,6.0,1.0,0.85714287,0.14285715,0.14285713,0.00967118,0.0013815971,0,0,0,1,1
2788,-1,0,5.1382165,0.994166,1,1,unassigned,72.0,59.0,13.0,0.8194444,0.18055555,0.18055558,0.13539653,0.024446594,0,0,0,1,1
2789,-1,0,-0.34061617,0.4156598,0,1,unassigned,9.0,8.0,1.0,0.8888889,0.11111111,0.111111104,0.013539651,0.0015044058,0,0,0,0,0
2790,-1,0,0.8691798,0.704575,1,1,unassigned,5.0,5.0,0.0,1.0,0.0,0.0,0.0058027077,0.0,0,0,0,1,0
2791,-1,0,-0.52017576,0.37281114,0,1,unassigned,2.0,2.0,0.0,1.0,0.0,0.0,0.0,0.0,0,0,0,0,0
2792,-1,0,-0.59738845,0.3549414,0,1,unassigned,3.0,3.0,0.0,1.0,0.0,0.0,0.001934236,0.0,0,0,0,0,0
2793,-1,0,0.40241355,0.5992674,1,1,unassigned,20.0,20.0,0.0,1.0,0.0,0.0,0.034816246,0.0,0,0,0,1,0
2794,-1,0,-0.17774618,0.45568007,0,1,unassigned,14.0,14.0,0.0,1.0,0.0,0.0,0.023210831,0.0,0,0,0,0,0
2795,-1,0,3.9398315,0.98091966,1,1,unassigned,31.0,31.0,0.0,1.0,0.0,0.0,0.056092843,0.0,0,0,0,1,1
2796,-1,0,1.1750381,0.7640544,1,1,unassigned,107.0,105.0,2.0,0.9813084,0.018691588,0.0186916,0.20309478,0.003796164,0,0,0,1,0
2797,-1,0,0.46912938,0.61517763,1,1,unassigned,75.0,74.0,1.0,0.9866667,0.013333334,0.013333321,0.14119923,0.0018826565,0,0,0,1,0
2798,-1,0,2.748113,0.93980664,1,1,unassigned,4.0,4.0,0.0,1.0,0.0,0.0,0.003868472,0.0,0,0,0,1,1
2799,-1,0,2.5927522,0.9303937,1,1,unassigned,2.0,2.0,0.0,1.0,0.0,0.0,0.0,0.0,0,0,0,1,1
2800,1,0,4.823596,0.99202627,1,0,unassigned,4.0,4.0,0.0,1.0,0.0,0.0,0.003868472,0.0,0,0,1,1,1
2801,-1,0,3.5277855,0.97146815,1,1,unassigned,4.0,4.0,0.0,1.0,0.0,0.0,0.003868472,0.0,0,0,0,1,1
2802,-1,0,1.131336,0.75608534,1,1,unassigned,4.0,3.0,1.0,0.75,0.25,0.25,0.003868472,0.000967118,0,0,0,1,0
2803,-1,0,1.9296424,0.87320983,1,1,unassigned,5.0,5.0,0.0,1.0,0.0,0.0,0.0058027077,0.0,0,0,0,1,0
2804,0,0,-0.5263401,0.3713709,0,0,test,38.0,38.0,0.0,1.0,0.0,0.0,0.06963249,0.0,0,0,1,0,0
2805,-1,1,-0.014418185,0.49639553,0,1,unassigned,5.0,5.0,0.0,1.0,0.0,0.0,0.0058027077,0.0,1,0,0,0,0
2806,-1,1,-0.72239846,0.32686505,0,1,unassigned,57.0,52.0,5.0,0.9122807,0.0877193,0.08771932,0.10638298,0.00933184,1,0,0,0,0
2807,-1,0,0.39300722,0.59700644,1,1,unassigned,2.0,2.0,0.0,1.0,0.0,0.0,0.0,0.0,0,0,0,1,0
2808,-1,0,-0.21041578,0.4475893,0,1,unassigned,24.0,24.0,0.0,1.0,0.0,0.0,0.04255319,0.0,0,0,0,0,0
2809,-1,1,-0.23236814,0.44216797,0,1,unassigned,19.0,18.0,1.0,0.94736844,0.05263158,0.052631557,0.032882012,0.0017306323,1,0,0,0,0
2810,1,1,0.04183513,0.5104572,1,0,unassigned,20.0,19.0,1.0,0.95,0.05,0.050000012,0.034816246,0.0017408123,1,0,1,1,0
2811,-1,0,0.47119266,0.615666,1,1,unassigned,30.0,29.0,1.0,0.96666664,0.033333335,0.03333336,0.054158606,0.001805287,0,0,0,1,0
2812,-1,0,2.401867,0.91696954,1,1,unassigned,4.0,3.0,1.0,0.75,0.25,0.25,0.003868472,0.000967118,0,0,0,1,1
2813,-1,0,4.133634,0.98422813,1,1,unassigned,21.0,14.0,7.0,0.6666667,0.33333334,0.3333333,0.036750484,0.012250162,0,0,0,1,1
2814,-1,0,-0.5819307,0.35848844,0,1,unassigned,13.0,13.0,0.0,1.0,0.0,0.0,0.021276595,0.0,0,0,0,0,0
2815,-1,0,-0.5750453,0.36007345,0,1,unassigned,30.0,25.0,5.0,0.8333333,0.16666667,0.16666669,0.054158606,0.009026434,0,0,0,0,0
2816,-1,0,-0.42247745,0.39592406,0,1,unassigned,36.0,35.0,1.0,0.9722222,0.027777778,0.027777791,0.065764025,0.0018267785,0,0,0,0,0
2817,-1,1,2.1514134,0.89580077,1,1,unassigned,10.0,8.0,2.0,0.8,0.2,0.19999999,0.015473888,0.0030947777,1,0,0,1,0
2818,-1,0,0.18729085,0.5466863,1,1,unassigned,12.0,11.0,1.0,0.9166667,0.083333336,0.08333331,0.01934236,0.0016118633,0,0,0,1,0
2819,-1,0,-0.05577153,0.4860607,0,1,unassigned,10.0,10.0,0.0,1.0,0.0,0.0,0.015473888,0.0,0,0,0,0,0
2820,-1,0,2.508699,0.9247494,1,1,unassigned,7.0,5.0,2.0,0.71428573,0.2857143,0.28571427,0.00967118,0.0027631943,0,0,0,1,1
2821,-1,0,6.137308,0.99784386,1,1,unassigned,10.0,9.0,1.0,0.9,0.1,0.100000024,0.015473888,0.0015473888,0,0,0,1,1
2822,-1,1,9.875196,0.9999486,1,1,unassigned,39.0,23.0,16.0,0.5897436,0.41025642,0.4102564,0.07156673,0.02936071,1,0,0,1,1
2823,-1,0,-0.9203283,0.284891,0,1,unassigned,30.0,30.0,0.0,1.0,0.0,0.0,0.054158606,0.0,0,0,0,0,0
2824,1,1,-0.386073,0.40466303,0,1,unassigned,17.0,15.0,2.0,0.88235295,0.11764706,0.11764705,0.029013539,0.0034133575,1,0,0,0,0
2825,1,0,0.41165096,0.6014837,1,0,test,12.0,11.0,1.0,0.9166667,0.083333336,0.08333331,0.01934236,0.0016118633,0,0,1,1,0
2826,-1,1,4.7760816,0.9916415,1,1,unassigned,10.0,3.0,7.0,0.3,0.7,0.7,0.015473888,0.010831722,1,0,0,1,1
2827,-1,0,1.4790742,0.8144327,1,1,unassigned,14.0,14.0,0.0,1.0,0.0,0.0,0.023210831,0.0,0,0,0,1,0
2828,-1,0,-0.85317755,0.2987667,0,1,unassigned,70.0,68.0,2.0,0.9714286,0.028571429,0.028571427,0.13152805,0.0037579443,0,0,0,0,0
2829,-1,0,-0.5869436,0.3573364,0,1,unassigned,43.0,42.0,1.0,0.9767442,0.023255814,0.023255825,0.079303674,0.0018442714,0,0,0,0,0
2830,-1,0,-0.6955862,0.33279154,0,1,unassigned,61.0,61.0,0.0,1.0,0.0,0.0,0.114119925,0.0,0,0,0,0,0
2831,-1,0,3.6160376,0.97381514,1,1,unassigned,3.0,3.0,0.0,1.0,0.0,0.0,0.001934236,0.0,0,0,0,1,1
2832,-1,1,-0.11489454,0.47130793,0,1,unassigned,3.0,3.0,0.0,1.0,0.0,0.0,0.001934236,0.0,1,0,0,0,0
2833,-1,0,-0.6131649,0.35133758,0,1,unassigned,10.0,10.0,0.0,1.0,0.0,0.0,0.015473888,0.0,0,0,0,0,0
2834,-1,0,-0.54681677,0.36660323,0,1,unassigned,5.0,4.0,1.0,0.8,0.2,0.19999999,0.0058027077,0.0011605415,0,0,0,0,0
2835,-1,0,-0.50195503,0.37708136,0,1,unassigned,28.0,28.0,0.0,1.0,0.0,0.0,0.050290134,0.0,0,0,0,0,0
2836,-1,1,-0.22714126,0.44345754,0,1,unassigned,40.0,35.0,5.0,0.875,0.125,0.125,0.07350097,0.009187621,1,0,0,0,0
2837,1,0,-0.09230521,0.47694007,0,1,test,9.0,9.0,0.0,1.0,0.0,0.0,0.013539651,0.0,0,0,0,0,0
2838,-1,0,-0.7980376,0.31044546,0,1,unassigned,3.0,3.0,0.0,1.0,0.0,0.0,0.001934236,0.0,0,0,0,0,0
2839,-1,1,5.276773,0.99491715,1,1,unassigned,2.0,1.0,1.0,0.5,0.5,0.5,0.0,0.0,1,0,0,1,1
2840,-1,1,8.603241,0.9998166,1,1,unassigned,6.0,6.0,0.0,1.0,0.0,0.0,0.007736944,0.0,1,0,0,1,1
2841,-1,1,3.4015863,0.967754,1,1,unassigned,2.0,1.0,1.0,0.5,0.5,0.5,0.0,0.0,1,0,0,1,1
2842,0,1,-0.31611988,0.42162165,0,0,unassigned,8.0,8.0,0.0,1.0,0.0,0.0,0.0116054155,0.0,1,0,1,0,0
2843,-1,0,1.0254698,0.73603666,1,1,unassigned,3.0,3.0,0.0,1.0,0.0,0.0,0.001934236,0.0,0,0,0,1,0
2844,-1,0,0.80433756,0.6909015,1,1,unassigned,5.0,4.0,1.0,0.8,0.2,0.19999999,0.0058027077,0.0011605415,0,0,0,1,0
2845,-1,1,1.2246797,0.77288604,1,1,unassigned,2.0,2.0,0.0,1.0,0.0,0.0,0.0,0.0,1,0,0,1,0
2846,-1,0,5.0983624,0.99393034,1,1,unassigned,2.0,2.0,0.0,1.0,0.0,0.0,0.0,0.0,0,0,0,1,1
2847,1,0,0.73308307,0.67548144,1,0,test,12.0,12.0,0.0,1.0,0.0,0.0,0.01934236,0.0,0,0,1,1,0
2848,-1,1,-0.34106708,0.4155503,0,1,unassigned,3.0,3.0,0.0,1.0,0.0,0.0,0.001934236,0.0,1,0,0,0,0
2849,-1,0,-0.7611287,0.31840128,0,1,unassigned,92.0,91.0,1.0,0.98913044,0.010869565,0.010869563,0.17408124,0.0018921874,0,0,0,0,0
2850,-1,0,-0.23328122,0.44194275,0,1,unassigned,4.0,2.0,2.0,0.5,0.5,0.5,0.003868472,0.001934236,0,0,0,0,0
2851,1,0,-0.51225513,0.37466505,0,1,train,5.0,5.0,0.0,1.0,0.0,0.0,0.0058027077,0.0,0,0,0,0,0
2852,-1,1,2.563598,0.92848176,1,1,unassigned,2.0,1.0,1.0,0.5,0.5,0.5,0.0,0.0,1,0,0,1,1
2853,0,0,-0.89258707,0.29057622,0,0,val,2.0,2.0,0.0,1.0,0.0,0.0,0.0,0.0,0,0,1,0,0
2854,-1,0,-0.618835,0.35004646,0,1,unassigned,45.0,44.0,1.0,0.9777778,0.022222223,0.02222222,0.08317215,0.0018482701,0,0,0,0,0
2855,-1,0,2.5313265,0.926309,1,1,unassigned,8.0,5.0,3.0,0.625,0.375,0.375,0.0116054155,0.004352031,0,0,0,1,1
2856,-1,0,1.4269364,0.80642354,1,1,unassigned,73.0,23.0,50.0,0.31506848,0.6849315,0.6849315,0.13733076,0.094062164,0,0,0,1,0
2857,-1,0,-0.44484192,0.39058784,0,1,unassigned,14.0,14.0,0.0,1.0,0.0,0.0,0.023210831,0.0,0,0,0,0,0
2858,-1,0,-0.89283425,0.2905253,0,1,unassigned,56.0,56.0,0.0,1.0,0.0,0.0,0.10444874,0.0,0,0,0,0,0
2859,-1,0,-0.7815979,0.3139756,0,1,unassigned,18.0,18.0,0.0,1.0,0.0,0.0,0.030947777,0.0,0,0,0,0,0
2860,-1,0,0.97677976,0.7264688,1,1,unassigned,3.0,3.0,0.0,1.0,0.0,0.0,0.001934236,0.0,0,0,0,1,0
2861,-1,1,3.3921678,0.9674588,1,1,unassigned,5.0,4.0,1.0,0.8,0.2,0.19999999,0.0058027077,0.0011605415,1,0,0,1,1
2862,-1,0,-0.4401899,0.3916957,0,1,unassigned,16.0,15.0,1.0,0.9375,0.0625,0.0625,0.027079303,0.0016924564,0,0,0,0,0
2863,-1,1,4.4114184,0.98800766,1,1,unassigned,11.0,11.0,0.0,1.0,0.0,0.0,0.017408123,0.0,1,0,0,1,1
2864,0,0,-0.88935256,0.29124346,0,0,unassigned,128.0,125.0,3.0,0.9765625,0.0234375,0.0234375,0.24371374,0.0057120407,0,0,1,0,0
2865,-1,0,-0.63957655,0.34534225,0,1,unassigned,110.0,109.0,1.0,0.9909091,0.009090909,0.0090909,0.20889749,0.001899068,0,0,0,0,0
2866,-1,0,-0.6552055,0.34181747,0,1,unassigned,174.0,172.0,2.0,0.9885057,0.011494253,0.011494279,0.3326886,0.0038240068,0,0,0,0,0
2867,-1,0,4.6024156,0.990072,1,1,unassigned,5.0,5.0,0.0,1.0,0.0,0.0,0.0058027077,0.0,0,0,0,1,1
2868,-1,0,-0.92881024,0.28316614,0,1,unassigned,74.0,73.0,1.0,0.9864865,0.013513514,0.013513505,0.13926499,0.0018819593,0,0,0,0,0
2869,-1,0,2.8008168,0.94272,1,1,unassigned,7.0,6.0,1.0,0.85714287,0.14285715,0.14285713,0.00967118,0.0013815971,0,0,0,1,1
2870,1,0,0.027706563,0.50692624,1,0,test,8.0,8.0,0.0,1.0,0.0,0.0,0.0116054155,0.0,0,0,1,1,0
2871,-1,0,-0.46267322,0.38635185,0,1,unassigned,2.0,1.0,1.0,0.5,0.5,0.5,0.0,0.0,0,0,0,0,0
2872,-1,0,-0.1761075,0.45608658,0,1,unassigned,11.0,11.0,0.0,1.0,0.0,0.0,0.017408123,0.0,0,0,0,0,0
2873,-1,0,1.4493144,0.8098929,1,1,unassigned,37.0,36.0,1.0,0.972973,0.027027028,0.02702701,0.06769826,0.0018296828,0,0,0,1,0
2874,-1,1,4.0257974,0.9824638,1,1,unassigned,8.0,8.0,0.0,1.0,0.0,0.0,0.0116054155,0.0,1,0,0,1,1
2875,-1,0,1.0869551,0.7478079,1,1,unassigned,25.0,25.0,0.0,1.0,0.0,0.0,0.044487428,0.0,0,0,0,1,0
2876,-1,0,2.561743,0.92835844,1,1,unassigned,20.0,7.0,13.0,0.35,0.65,0.65,0.034816246,0.02263056,0,0,0,1,1
2877,-1,0,-0.577704,0.35946107,0,1,unassigned,53.0,53.0,0.0,1.0,0.0,0.0,0.09864604,0.0,0,0,0,0,0
2878,1,1,5.3761644,0.9953957,1,0,val,5.0,5.0,0.0,1.0,0.0,0.0,0.0058027077,0.0,1,0,1,1,1
2879,-1,1,1.6859348,0.8436888,1,1,unassigned,14.0,14.0,0.0,1.0,0.0,0.0,0.023210831,0.0,1,0,0,1,0
2880,-1,0,1.229882,0.7737979,1,1,unassigned,2.0,1.0,1.0,0.5,0.5,0.5,0.0,0.0,0,0,0,1,0
2881,-1,0,1.5587137,0.8261687,1,1,unassigned,26.0,26.0,0.0,1.0,0.0,0.0,0.046421662,0.0,0,0,0,1,0
2882,0,0,-0.58904123,0.3568549,0,0,unassigned,11.0,11.0,0.0,1.0,0.0,0.0,0.017408123,0.0,0,0,1,0,0
2883,-1,0,4.141205,0.98434526,1,1,unassigned,5.0,5.0,0.0,1.0,0.0,0.0,0.0058027077,0.0,0,0,0,1,1
2884,-1,0,-0.23070389,0.4425785,0,1,unassigned,23.0,23.0,0.0,1.0,0.0,0.0,0.040618956,0.0,0,0,0,0,0
2885,-1,0,1.4609408,0.81167656,1,1,unassigned,2.0,2.0,0.0,1.0,0.0,0.0,0.0,0.0,0,0,0,1,0
2886,0,0,1.1062264,0.7514249,1,1,unassigned,12.0,12.0,0.0,1.0,0.0,0.0,0.01934236,0.0,0,0,0,1,0
2887,-1,0,1.9460564,0.87501603,1,1,unassigned,3.0,3.0,0.0,1.0,0.0,0.0,0.001934236,0.0,0,0,0,1,0
2888,0,1,3.4040527,0.96783096,1,1,val,30.0,29.0,1.0,0.96666664,0.033333335,0.03333336,0.054158606,0.001805287,1,0,0,1,1
2889,-1,0,2.3227236,0.9107416,1,1,unassigned,16.0,15.0,1.0,0.9375,0.0625,0.0625,0.027079303,0.0016924564,0,0,0,1,1
2890,1,0,0.30539995,0.57576203,1,0,unassigned,41.0,39.0,2.0,0.9512195,0.048780486,0.0487805,0.07543521,0.003679766,0,0,1,1,0
2891,-1,0,0.7919162,0.6882426,1,1,unassigned,29.0,28.0,1.0,0.9655172,0.03448276,0.034482777,0.05222437,0.0018008404,0,0,0,1,0
2892,-1,0,-0.2146726,0.446537,0,1,unassigned,23.0,23.0,0.0,1.0,0.0,0.0,0.040618956,0.0,0,0,0,0,0
2893,-1,0,0.7530679,0.6798468,1,1,unassigned,26.0,26.0,0.0,1.0,0.0,0.0,0.046421662,0.0,0,0,0,1,0
2894,-1,1,-0.31302527,0.42237648,0,1,unassigned,72.0,62.0,10.0,0.8611111,0.1388889,0.1388889,0.13539653,0.018805074,1,0,0,0,0
2895,-1,0,2.1880066,0.8991673,1,1,unassigned,38.0,35.0,3.0,0.92105263,0.078947365,0.078947365,0.06963249,0.005497302,0,0,0,1,0
2896,-1,0,-2.3272464,0.088891424,0,1,unassigned,2.0,2.0,0.0,1.0,0.0,0.0,0.0,0.0,0,0,0,0,1
2897,1,0,0.7880053,0.68740284,1,0,unassigned,28.0,28.0,0.0,1.0,0.0,0.0,0.050290134,0.0,0,0,1,1,0
2898,-1,0,-0.47183704,0.38418153,0,1,unassigned,32.0,31.0,1.0,0.96875,0.03125,0.03125,0.058027077,0.0018133462,0,0,0,0,0
2899,-1,0,-0.95291,0.2783,0,1,unassigned,2.0,2.0,0.0,1.0,0.0,0.0,0.0,0.0,0,0,0,0,0
2900,-1,0,-0.3180808,0.42114353,0,1,unassigned,3.0,3.0,0.0,1.0,0.0,0.0,0.001934236,0.0,0,0,0,0,0
2901,-1,0,1.7753351,0.8551199,1,1,unassigned,3.0,3.0,0.0,1.0,0.0,0.0,0.001934236,0.0,0,0,0,1,0
2902,-1,0,5.8901668,0.99724114,1,1,unassigned,5.0,4.0,1.0,0.8,0.2,0.19999999,0.0058027077,0.0011605415,0,0,0,1,1
2903,-1,1,2.2091753,0.9010704,1,1,unassigned,5.0,5.0,0.0,1.0,0.0,0.0,0.0058027077,0.0,1,0,0,1,1
2904,-1,1,0.07512027,0.51877123,1,1,unassigned,5.0,5.0,0.0,1.0,0.0,0.0,0.0058027077,0.0,1,0,0,1,0
2905,-1,0,-0.5788675,0.3591932,0,1,unassigned,3.0,3.0,0.0,1.0,0.0,0.0,0.001934236,0.0,0,0,0,0,0
2906,-1,1,0.7698,0.68347764,1,1,unassigned,2.0,2.0,0.0,1.0,0.0,0.0,0.0,0.0,1,0,0,1,0
2907,-1,1,0.19246727,0.5479688,1,1,unassigned,9.0,9.0,0.0,1.0,0.0,0.0,0.013539651,0.0,1,0,0,1,0
2908,0,0,-0.59422386,0.35566634,0,0,unassigned,103.0,101.0,2.0,0.98058254,0.019417476,0.019417465,0.19535783,0.003793356,0,0,1,0,0
2909,-1,0,0.45717782,0.61234444,1,1,unassigned,5.0,5.0,0.0,1.0,0.0,0.0,0.0058027077,0.0,0,0,0,1,0
2910,1,0,0.3186924,0.57900554,1,0,val,6.0,6.0,0.0,1.0,0.0,0.0,0.007736944,0.0,0,0,1,1,0
2911,-1,0,1.9828722,0.878987,1,1,unassigned,2.0,2.0,0.0,1.0,0.0,0.0,0.0,0.0,0,0,0,1,0
2912,0,0,-0.49550813,0.37859684,0,0,unassigned,5.0,4.0,1.0,0.8,0.2,0.19999999,0.0058027077,0.0011605415,0,0,1,0,0
2913,-1,0,-0.060011923,0.48500153,0,1,unassigned,5.0,3.0,2.0,0.6,0.4,0.39999998,0.0058027077,0.002321083,0,0,0,0,0
2914,-1,0,-0.16169295,0.4596646,0,1,unassigned,36.0,36.0,0.0,1.0,0.0,0.0,0.065764025,0.0,0,0,0,0,0
2915,-1,0,-0.5517896,0.3654493,0,1,unassigned,2.0,2.0,0.0,1.0,0.0,0.0,0.0,0.0,0,0,0,0,0
2916,-1,1,0.0871287,0.5217684,1,1,unassigned,2.0,2.0,0.0,1.0,0.0,0.0,0.0,0.0,1,0,0,1,0
2917,-1,0,-0.10024673,0.4749593,0,1,unassigned,36.0,36.0,0.0,1.0,0.0,0.0,0.065764025,0.0,0,0,0,0,0
2918,-1,0,1.3729942,0.7978635,1,1,unassigned,25.0,24.0,1.0,0.96,0.04,0.04000002,0.044487428,0.001779497,0,0,0,1,0
2919,-1,1,0.083990216,0.5209852,1,1,unassigned,3.0,3.0,0.0,1.0,0.0,0.0,0.001934236,0.0,1,0,0,1,0
2920,-1,0,-0.76131594,0.31836063,0,1,unassigned,266.0,266.0,0.0,1.0,0.0,0.0,0.5106383,0.0,0,0,0,0,0
2921,0,0,0.73381144,0.6756411,1,1,test,4.0,4.0,0.0,1.0,0.0,0.0,0.003868472,0.0,0,0,0,1,0
2922,-1,0,-0.16771483,0.45816925,0,1,unassigned,4.0,4.0,0.0,1.0,0.0,0.0,0.003868472,0.0,0,0,0,0,0
2923,-1,0,0.4167443,0.6027039,1,1,unassigned,6.0,6.0,0.0,1.0,0.0,0.0,0.007736944,0.0,0,0,0,1,0
2924,-1,0,-0.5786391,0.3592458,0,1,unassigned,81.0,81.0,0.0,1.0,0.0,0.0,0.15280464,0.0,0,0,0,0,0
2925,1,0,0.1842913,0.5459429,1,0,unassigned,19.0,16.0,3.0,0.84210527,0.15789473,0.15789473,0.032882012,0.0051918966,0,0,1,1,0
2926,-1,0,0.52889603,0.6292256,1,1,unassigned,43.0,42.0,1.0,0.9767442,0.023255814,0.023255825,0.079303674,0.0018442714,0,0,0,1,0
2927,-1,0,1.6210759,0.8349434,1,1,unassigned,6.0,6.0,0.0,1.0,0.0,0.0,0.007736944,0.0,0,0,0,1,0
2928,0,0,-0.5822544,0.358414,0,0,unassigned,47.0,47.0,0.0,1.0,0.0,0.0,0.08704062,0.0,0,0,1,0,0
2929,-1,1,-0.23472625,0.44158638,0,1,unassigned,3.0,3.0,0.0,1.0,0.0,0.0,0.001934236,0.0,1,0,0,0,0
2930,-1,0,2.9325173,0.94943064,1,1,unassigned,6.0,6.0,0.0,1.0,0.0,0.0,0.007736944,0.0,0,0,0,1,1
2931,-1,0,0.04164058,0.51040864,1,1,unassigned,3.0,3.0,0.0,1.0,0.0,0.0,0.001934236,0.0,0,0,0,1,0
2932,-1,0,-0.0061644316,0.49845886,0,1,unassigned,35.0,34.0,1.0,0.9714286,0.028571429,0.028571427,0.06382979,0.0018237082,0,0,0,0,0
2933,-1,0,0.49307805,0.62083125,1,1,unassigned,2.0,2.0,0.0,1.0,0.0,0.0,0.0,0.0,0,0,0,1,0
2934,-1,1,-0.6413926,0.3449318,0,1,unassigned,17.0,17.0,0.0,1.0,0.0,0.0,0.029013539,0.0,1,0,0,0,0
2935,-1,0,2.4153988,0.917994,1,1,unassigned,79.0,76.0,3.0,0.96202534,0.03797468,0.037974656,0.14893617,0.0056558037,0,0,0,1,1
2936,-1,0,-0.7674085,0.31703997,0,1,unassigned,112.0,110.0,2.0,0.98214287,0.017857144,0.017857134,0.21276596,0.0037993924,0,0,0,0,0
2937,0,1,-0.7275568,0.3257311,0,0,unassigned,19.0,19.0,0.0,1.0,0.0,0.0,0.032882012,0.0,1,0,1,0,0
2938,1,0,-0.40103105,0.40106463,0,1,val,48.0,48.0,0.0,1.0,0.0,0.0,0.088974856,0.0,0,0,0,0,0
2939,-1,0,-0.65910363,0.340941,0,1,unassigned,332.0,307.0,25.0,0.92469877,0.07530121,0.07530123,0.63829786,0.0480646,0,0,0,0,0
2940,-1,1,0.03960693,0.50990045,1,1,unassigned,6.0,6.0,0.0,1.0,0.0,0.0,0.007736944,0.0,1,0,0,1,0
2941,-1,0,1.9506187,0.8755141,1,1,unassigned,17.0,14.0,3.0,0.8235294,0.1764706,0.17647058,0.029013539,0.005120036,0,0,0,1,0
2942,-1,1,0.12521666,0.53126335,1,1,unassigned,14.0,12.0,2.0,0.85714287,0.14285715,0.14285713,0.023210831,0.0033158332,1,0,0,1,0
2943,-1,1,2.0856407,0.88949966,1,1,unassigned,8.0,6.0,2.0,0.75,0.25,0.25,0.0116054155,0.0029013539,1,0,0,1,0
2944,-1,0,1.099719,0.7502074,1,1,unassigned,124.0,122.0,2.0,0.983871,0.016129032,0.016129017,0.23597679,0.0038060772,0,0,0,1,0
2945,-1,0,0.9256502,0.71619195,1,1,unassigned,13.0,11.0,2.0,0.84615386,0.15384616,0.15384614,0.021276595,0.0032733225,0,0,0,1,0
2946,-1,0,0.46819502,0.61495644,1,1,unassigned,36.0,36.0,0.0,1.0,0.0,0.0,0.065764025,0.0,0,0,0,1,0
2947,-1,0,2.3048303,0.90927625,1,1,unassigned,2.0,2.0,0.0,1.0,0.0,0.0,0.0,0.0,0,0,0,1,1
2948,-1,0,0.17286235,0.5431083,1,1,unassigned,53.0,51.0,2.0,0.9622642,0.03773585,0.03773582,0.09864604,0.0037224921,0,0,0,1,0
2949,-1,0,0.24193591,0.5601907,1,1,unassigned,17.0,17.0,0.0,1.0,0.0,0.0,0.029013539,0.0,0,0,0,1,0
2950,0,0,-0.60947776,0.35217836,0,0,test,69.0,66.0,3.0,0.95652175,0.04347826,0.04347825,0.1295938,0.005634513,0,0,1,0,0
2951,-1,0,0.869881,0.7047209,1,1,unassigned,11.0,11.0,0.0,1.0,0.0,0.0,0.017408123,0.0,0,0,0,1,0
2952,-1,0,-0.037386358,0.4906545,0,1,unassigned,16.0,16.0,0.0,1.0,0.0,0.0,0.027079303,0.0,0,0,0,0,0
2953,-1,0,0.90903264,0.7128022,1,1,unassigned,21.0,21.0,0.0,1.0,0.0,0.0,0.036750484,0.0,0,0,0,1,0
2954,-1,0,-0.5857145,0.35761872,0,1,unassigned,32.0,31.0,1.0,0.96875,0.03125,0.03125,0.058027077,0.0018133462,0,0,0,0,0
2955,-1,0,0.39973563,0.5986241,1,1,unassigned,3.0,3.0,0.0,1.0,0.0,0.0,0.001934236,0.0,0,0,0,1,0
2956,-1,0,1.1565173,0.76069933,1,1,unassigned,11.0,11.0,0.0,1.0,0.0,0.0,0.017408123,0.0,0,0,0,1,0
2957,-1,1,-0.7160889,0.32825482,0,1,unassigned,4.0,4.0,0.0,1.0,0.0,0.0,0.003868472,0.0,1,0,0,0,0
2958,0,1,-0.55105364,0.36562,0,0,train,26.0,26.0,0.0,1.0,0.0,0.0,0.046421662,0.0,1,0,1,0,0
2959,-1,0,0.5624847,0.63702726,1,1,unassigned,6.0,5.0,1.0,0.8333333,0.16666667,0.16666669,0.007736944,0.0012894907,0,0,0,1,0
2960,-1,1,-0.593255,0.35588837,0,1,unassigned,15.0,15.0,0.0,1.0,0.0,0.0,0.025145067,0.0,1,0,0,0,0
2961,-1,1,-0.5132789,0.3744252,0,1,unassigned,12.0,12.0,0.0,1.0,0.0,0.0,0.01934236,0.0,1,0,0,0,0
2962,-1,0,-0.7937041,0.3113739,0,1,unassigned,6.0,6.0,0.0,1.0,0.0,0.0,0.007736944,0.0,0,0,0,0,0
2963,0,0,0.46679097,0.61462396,1,1,val,46.0,46.0,0.0,1.0,0.0,0.0,0.08510638,0.0,0,0,0,1,0
2964,-1,0,-0.3429748,0.41508704,0,1,unassigned,5.0,4.0,1.0,0.8,0.2,0.19999999,0.0058027077,0.0011605415,0,0,0,0,0
2965,-1,1,-0.26291233,0.43464795,0,1,unassigned,9.0,3.0,6.0,0.33333334,0.6666667,0.6666666,0.013539651,0.009026434,1,0,0,0,0
2966,-1,0,0.032550037,0.5081368,1,1,unassigned,10.0,10.0,0.0,1.0,0.0,0.0,0.015473888,0.0,0,0,0,1,0
2967,-1,0,3.5294688,0.9715147,1,1,unassigned,10.0,9.0,1.0,0.9,0.1,0.100000024,0.015473888,0.0015473888,0,0,0,1,1
2968,-1,0,-0.063613355,0.484102,0,1,unassigned,7.0,7.0,0.0,1.0,0.0,0.0,0.00967118,0.0,0,0,0,0,0
2969,0,1,0.5973225,0.64504355,1,1,unassigned,48.0,47.0,1.0,0.9791667,0.020833334,0.020833313,0.088974856,0.0018536429,1,0,0,1,0
2970,-1,1,0.033515215,0.50837797,1,1,unassigned,19.0,18.0,1.0,0.94736844,0.05263158,0.052631557,0.032882012,0.0017306323,1,0,0,1,0
2971,-1,1,-0.019647002,0.49508843,0,1,unassigned,6.0,6.0,0.0,1.0,0.0,0.0,0.007736944,0.0,1,0,0,0,0
2972,1,0,0.65110666,0.65725976,1,0,unassigned,3.0,3.0,0.0,1.0,0.0,0.0,0.001934236,0.0,0,0,1,1,0
2973,-1,0,-0.28888252,0.42827746,0,1,unassigned,59.0,59.0,0.0,1.0,0.0,0.0,0.11025145,0.0,0,0,0,0,0
2974,-1,0,7.828543,0.999602,1,1,unassigned,2.0,2.0,0.0,1.0,0.0,0.0,0.0,0.0,0,0,0,1,1
2975,-1,0,-0.27769834,0.43101814,0,1,unassigned,10.0,10.0,0.0,1.0,0.0,0.0,0.015473888,0.0,0,0,0,0,0
2976,-1,0,0.021214008,0.5053033,1,1,unassigned,18.0,18.0,0.0,1.0,0.0,0.0,0.030947777,0.0,0,0,0,1,0
2977,-1,0,4.548725,0.98953015,1,1,unassigned,8.0,8.0,0.0,1.0,0.0,0.0,0.0116054155,0.0,0,0,0,1,1
2978,-1,0,-0.37358156,0.4076759,0,1,unassigned,15.0,15.0,0.0,1.0,0.0,0.0,0.025145067,0.0,0,0,0,0,0
2979,-1,0,-0.8031756,0.30934665,0,1,unassigned,14.0,14.0,0.0,1.0,0.0,0.0,0.023210831,0.0,0,0,0,0,0
2980,-1,0,8.079639,0.9996903,1,1,unassigned,3.0,3.0,0.0,1.0,0.0,0.0,0.001934236,0.0,0,0,0,1,1
2981,-1,0,-0.4463334,0.3902329,0,1,unassigned,20.0,20.0,0.0,1.0,0.0,0.0,0.034816246,0.0,0,0,0,0,0
2982,-1,0,-0.2712428,0.43260202,0,1,unassigned,16.0,16.0,0.0,1.0,0.0,0.0,0.027079303,0.0,0,0,0,0,0
2983,-1,0,-0.10243416,0.4744138,0,1,unassigned,9.0,9.0,0.0,1.0,0.0,0.0,0.013539651,0.0,0,0,0,0,0
2984,-1,0,0.32713288,0.58106154,1,1,unassigned,15.0,15.0,0.0,1.0,0.0,0.0,0.025145067,0.0,0,0,0,1,0
2985,-1,0,4.4820657,0.9888165,1,1,unassigned,4.0,4.0,0.0,1.0,0.0,0.0,0.003868472,0.0,0,0,0,1,1
2986,-1,0,-0.99372363,0.27017722,0,1,unassigned,17.0,17.0,0.0,1.0,0.0,0.0,0.029013539,0.0,0,0,0,0,0
2987,-1,1,1.2963221,0.7852154,1,1,unassigned,6.0,6.0,0.0,1.0,0.0,0.0,0.007736944,0.0,1,0,0,1,0
2988,-1,0,4.2160726,0.98545814,1,1,unassigned,8.0,7.0,1.0,0.875,0.125,0.125,0.0116054155,0.0014506769,0,0,0,1,1
2989,-1,1,1.696624,0.84509325,1,1,unassigned,27.0,26.0,1.0,0.962963,0.037037037,0.037037015,0.0483559,0.0017909593,1,0,0,1,0
2990,-1,0,0.83774143,0.69798934,1,1,unassigned,5.0,4.0,1.0,0.8,0.2,0.19999999,0.0058027077,0.0011605415,0,0,0,1,0
2991,-1,1,0.5876393,0.6428233,1,1,unassigned,27.0,26.0,1.0,0.962963,0.037037037,0.037037015,0.0483559,0.0017909593,1,0,0,1,0
2992,0,1,0.39753336,0.5980948,1,1,test,42.0,40.0,2.0,0.95238096,0.04761905,0.047619045,0.07736944,0.003684259,1,0,0,1,0
2993,-1,0,-0.54155624,0.36782563,0,1,unassigned,12.0,12.0,0.0,1.0,0.0,0.0,0.01934236,0.0,0,0,0,0,0
2994,-1,1,0.021040916,0.50526005,1,1,unassigned,2.0,2.0,0.0,1.0,0.0,0.0,0.0,0.0,1,0,0,1,0
2995,-1,1,5.34942,0.9952716,1,1,unassigned,6.0,6.0,0.0,1.0,0.0,0.0,0.007736944,0.0,1,0,0,1,1
2996,-1,0,0.28383684,0.5704866,1,1,unassigned,21.0,20.0,1.0,0.95238096,0.04761905,0.047619045,0.036750484,0.0017500231,0,0,0,1,0
2997,-1,0,1.3677125,0.79701036,1,1,unassigned,11.0,11.0,0.0,1.0,0.0,0.0,0.017408123,0.0,0,0,0,1,0
2998,1,0,9.859671,0.9999478,1,0,test,8.0,8.0,0.0,1.0,0.0,0.0,0.0116054155,0.0,0,0,1,1,1
2999,-1,0,6.557239,0.99858224,1,1,unassigned,2.0,2.0,0.0,1.0,0.0,0.0,0.0,0.0,0,0,0,1,1
3000,-1,0,4.6574388,0.9905985,1,1,unassigned,5.0,5.0,0.0,1.0,0.0,0.0,0.0058027077,0.0,0,0,0,1,1
3001,-1,0,0.42866343,0.60555446,1,1,unassigned,2.0,2.0,0.0,1.0,0.0,0.0,0.0,0.0,0,0,0,1,0
3002,-1,0,0.07215279,0.5180304,1,1,unassigned,11.0,11.0,0.0,1.0,0.0,0.0,0.017408123,0.0,0,0,0,1,0
3003,-1,0,0.14578688,0.53638226,1,1,unassigned,32.0,31.0,1.0,0.96875,0.03125,0.03125,0.058027077,0.0018133462,0,0,0,1,0
3004,-1,1,0.56884366,0.63849634,1,1,unassigned,19.0,9.0,10.0,0.47368422,0.5263158,0.5263158,0.032882012,0.017306322,1,0,0,1,0
3005,-1,0,-0.06149888,0.4846301,0,1,unassigned,50.0,49.0,1.0,0.98,0.02,0.01999998,0.092843324,0.0018568664,0,0,0,0,0
3006,-1,0,-0.88106024,0.2929581,0,1,unassigned,77.0,76.0,1.0,0.987013,0.012987013,0.012987018,0.14506769,0.001883996,0,0,0,0,0
3007,0,1,-0.4485726,0.3897002,0,0,val,8.0,8.0,0.0,1.0,0.0,0.0,0.0116054155,0.0,1,0,1,0,0
3008,-1,0,-0.33922338,0.41599816,0,1,unassigned,80.0,79.0,1.0,0.9875,0.0125,0.012499988,0.15087041,0.0018858801,0,0,0,0,0
3009,-1,0,3.3842866,0.9672098,1,1,unassigned,69.0,67.0,2.0,0.9710145,0.028985508,0.0289855,0.1295938,0.0037563422,0,0,0,1,1
3010,-1,0,-0.6407296,0.34508163,0,1,unassigned,73.0,72.0,1.0,0.98630136,0.01369863,0.0136986375,0.13733076,0.0018812432,0,0,0,0,0
3011,0,0,-0.11216235,0.4719888,0,0,unassigned,41.0,24.0,17.0,0.58536583,0.41463414,0.41463417,0.07543521,0.03127801,0,0,1,0,0
3012,-1,0,-0.4050354,0.40010315,0,1,unassigned,85.0,84.0,1.0,0.9882353,0.011764706,0.011764705,0.16054158,0.0018887245,0,0,0,0,0
3013,-1,0,-0.45811236,0.3874337,0,1,unassigned,31.0,30.0,1.0,0.9677419,0.032258064,0.032258093,0.056092843,0.0018094465,0,0,0,0,0
3014,-1,0,0.19238138,0.5479475,1,1,unassigned,56.0,56.0,0.0,1.0,0.0,0.0,0.10444874,0.0,0,0,0,1,0
3015,-1,0,13.840539,0.99999905,1,1,unassigned,52.0,45.0,7.0,0.86538464,0.13461539,0.13461536,0.0967118,0.013018897,0,0,0,1,1
3016,1,1,1.0865583,0.74773306,1,0,val,18.0,18.0,0.0,1.0,0.0,0.0,0.030947777,0.0,1,0,1,1,0
3017,-1,1,0.49527282,0.6213478,1,1,unassigned,15.0,15.0,0.0,1.0,0.0,0.0,0.025145067,0.0,1,0,0,1,0
3018,-1,0,4.452127,0.98848045,1,1,unassigned,9.0,9.0,0.0,1.0,0.0,0.0,0.013539651,0.0,0,0,0,1,1
3019,0,1,-0.549726,0.36592796,0,0,val,22.0,22.0,0.0,1.0,0.0,0.0,0.03868472,0.0,1,0,1,0,0
3020,-1,0,-0.85487103,0.29841205,0,1,unassigned,61.0,56.0,5.0,0.91803277,0.08196721,0.081967235,0.114119925,0.009354092,0,0,0,0,0
3021,0,0,-1.0651977,0.2563174,0,0,unassigned,2.0,2.0,0.0,1.0,0.0,0.0,0.0,0.0,0,0,1,0,0
3022,-1,0,-0.9263309,0.28366968,0,1,unassigned,17.0,17.0,0.0,1.0,0.0,0.0,0.029013539,0.0,0,0,0,0,0
3023,-1,1,2.1640565,0.896975,1,1,unassigned,6.0,6.0,0.0,1.0,0.0,0.0,0.007736944,0.0,1,0,0,1,0
3024,-1,0,-0.79212755,0.31171203,0,1,unassigned,62.0,61.0,1.0,0.983871,0.016129032,0.016129017,0.116054155,0.0018718411,0,0,0,0,0
3025,-1,0,3.1042202,0.9570665,1,1,unassigned,12.0,8.0,4.0,0.6666667,0.33333334,0.3333333,0.01934236,0.006447453,0,0,0,1,1
3026,-1,0,0.21987599,0.5547486,1,1,unassigned,2.0,2.0,0.0,1.0,0.0,0.0,0.0,0.0,0,0,0,1,0
3027,-1,1,-0.3791592,0.4063297,0,1,unassigned,26.0,26.0,0.0,1.0,0.0,0.0,0.046421662,0.0,1,0,0,0,0
3028,-1,1,1.5485477,0.8247039,1,1,unassigned,3.0,3.0,0.0,1.0,0.0,0.0,0.001934236,0.0,1,0,0,1,0
3029,0,0,-0.18354654,0.45424175,0,0,test,25.0,25.0,0.0,1.0,0.0,0.0,0.044487428,0.0,0,0,1,0,0
3030,1,1,4.2106786,0.9853806,1,0,test,6.0,6.0,0.0,1.0,0.0,0.0,0.007736944,0.0,1,0,1,1,1
3031,-1,1,-0.7087823,0.329868,0,1,unassigned,2.0,1.0,1.0,0.5,0.5,0.5,0.0,0.0,1,0,0,0,0
3032,-1,0,-1.2350458,0.22529952,0,1,unassigned,2.0,2.0,0.0,1.0,0.0,0.0,0.0,0.0,0,0,0,0,0
3033,-1,0,-0.23939666,0.44043502,0,1,unassigned,8.0,7.0,1.0,0.875,0.125,0.125,0.0116054155,0.0014506769,0,0,0,0,0
3034,-1,0,0.0382998,0.50957376,1,1,unassigned,28.0,28.0,0.0,1.0,0.0,0.0,0.050290134,0.0,0,0,0,1,0
3035,-1,0,-0.16304803,0.45932806,0,1,unassigned,28.0,28.0,0.0,1.0,0.0,0.0,0.050290134,0.0,0,0,0,0,0
3036,-1,0,0.09461069,0.523635,1,1,unassigned,19.0,19.0,0.0,1.0,0.0,0.0,0.032882012,0.0,0,0,0,1,0
3037,-1,1,4.4825206,0.9888215,1,1,unassigned,3.0,2.0,1.0,0.6666667,0.33333334,0.3333333,0.001934236,0.00064474536,1,0,0,1,1
3038,0,0,0.034807384,0.50870097,1,1,unassigned,12.0,12.0,0.0,1.0,0.0,0.0,0.01934236,0.0,0,0,0,1,0
3039,-1,0,0.087828696,0.5219431,1,1,unassigned,24.0,24.0,0.0,1.0,0.0,0.0,0.04255319,0.0,0,0,0,1,0
3040,-1,0,-0.04040128,0.48990104,0,1,unassigned,21.0,21.0,0.0,1.0,0.0,0.0,0.036750484,0.0,0,0,0,0,0
3041,-1,0,4.469334,0.9886748,1,1,unassigned,6.0,6.0,0.0,1.0,0.0,0.0,0.007736944,0.0,0,0,0,1,1
3042,1,0,1.9736412,0.8780017,1,0,val,7.0,7.0,0.0,1.0,0.0,0.0,0.00967118,0.0,0,0,1,1,0
3043,0,1,1.4324338,0.80728024,1,1,unassigned,23.0,13.0,10.0,0.5652174,0.4347826,0.43478262,0.040618956,0.017660415,1,0,0,1,0
3044,-1,0,4.912331,0.9926984,1,1,unassigned,5.0,5.0,0.0,1.0,0.0,0.0,0.0058027077,0.0,0,0,0,1,1
3045,-1,0,4.031697,0.98256516,1,1,unassigned,3.0,3.0,0.0,1.0,0.0,0.0,0.001934236,0.0,0,0,0,1,1
3046,1,0,0.77565175,0.68474215,1,0,val,6.0,6.0,0.0,1.0,0.0,0.0,0.007736944,0.0,0,0,1,1,0
3047,1,0,-0.052158177,0.48696342,0,1,val,26.0,24.0,2.0,0.9230769,0.07692308,0.07692307,0.046421662,0.0035708973,0,0,0,0,0
3048,1,0,-0.16716248,0.45830643,0,1,unassigned,5.0,5.0,0.0,1.0,0.0,0.0,0.0058027077,0.0,0,0,0,0,0
3049,-1,0,2.1334066,0.894108,1,1,unassigned,48.0,44.0,4.0,0.9166667,0.083333336,0.08333331,0.088974856,0.0074145715,0,0,0,1,0
3050,-1,0,0.019310594,0.5048275,1,1,unassigned,43.0,43.0,0.0,1.0,0.0,0.0,0.079303674,0.0,0,0,0,1,0
3051,0,1,-0.56058455,0.36341223,0,0,val,27.0,26.0,1.0,0.962963,0.037037037,0.037037015,0.0483559,0.0017909593,1,0,1,0,0
3052,-1,0,-0.12827337,0.46797556,0,1,unassigned,102.0,100.0,2.0,0.98039216,0.019607844,0.019607842,0.1934236,0.0037926198,0,0,0,0,0
3053,-1,0,0.1944403,0.5484575,1,1,unassigned,14.0,14.0,0.0,1.0,0.0,0.0,0.023210831,0.0,0,0,0,1,0
3054,-1,1,1.5642865,0.8269676,1,1,unassigned,2.0,2.0,0.0,1.0,0.0,0.0,0.0,0.0,1,0,0,1,0
3055,-1,0,2.2639303,0.90584534,1,1,unassigned,2.0,2.0,0.0,1.0,0.0,0.0,0.0,0.0,0,0,0,1,1
3056,-1,1,1.5974038,0.83165514,1,1,unassigned,10.0,10.0,0.0,1.0,0.0,0.0,0.015473888,0.0,1,0,0,1,0
3057,0,0,0.08907813,0.5222548,1,1,unassigned,4.0,2.0,2.0,0.5,0.5,0.5,0.003868472,0.001934236,0,0,0,1,0
3058,-1,0,-0.7571295,0.3192698,0,1,unassigned,19.0,19.0,0.0,1.0,0.0,0.0,0.032882012,0.0,0,0,0,0,0
3059,1,0,2.6338856,0.9330108,1,0,test,13.0,13.0,0.0,1.0,0.0,0.0,0.021276595,0.0,0,0,1,1,1
3060,-1,0,2.2835224,0.9075032,1,1,unassigned,4.0,4.0,0.0,1.0,0.0,0.0,0.003868472,0.0,0,0,0,1,1
3061,-1,0,7.041116,0.99912566,1,1,unassigned,18.0,14.0,4.0,0.7777778,0.22222222,0.22222221,0.030947777,0.0068772836,0,0,0,1,1
3062,-1,0,6.9345794,0.9990274,1,1,unassigned,6.0,5.0,1.0,0.8333333,0.16666667,0.16666669,0.007736944,0.0012894907,0,0,0,1,1
3063,-1,0,5.6682553,0.996558,1,1,unassigned,2.0,2.0,0.0,1.0,0.0,0.0,0.0,0.0,0,0,0,1,1
3064,-1,0,1.8361044,0.8624874,1,1,unassigned,2.0,2.0,0.0,1.0,0.0,0.0,0.0,0.0,0,0,0,1,0
3065,-1,0,-1.4232123,0.19415848,0,1,unassigned,2.0,2.0,0.0,1.0,0.0,0.0,0.0,0.0,0,0,0,0,0
3066,-1,0,13.887386,0.99999905,1,1,unassigned,2.0,1.0,1.0,0.5,0.5,0.5,0.0,0.0,0,0,0,1,1
3067,-1,0,-0.18558663,0.453736,0,1,unassigned,48.0,47.0,1.0,0.9791667,0.020833334,0.020833313,0.088974856,0.0018536429,0,0,0,0,0
3068,-1,0,-0.35462192,0.41226208,0,1,unassigned,14.0,11.0,3.0,0.78571427,0.21428572,0.21428573,0.023210831,0.0049737496,0,0,0,0,0
3069,-1,0,-0.46206394,0.3864963,0,1,unassigned,18.0,18.0,0.0,1.0,0.0,0.0,0.030947777,0.0,0,0,0,0,0
3070,-1,1,1.5635915,0.82686806,1,1,unassigned,3.0,3.0,0.0,1.0,0.0,0.0,0.001934236,0.0,1,0,0,1,0
3071,-1,0,3.5540273,0.97218657,1,1,unassigned,4.0,4.0,0.0,1.0,0.0,0.0,0.003868472,0.0,0,0,0,1,1
3072,-1,0,3.4669402,0.9697323,1,1,unassigned,7.0,7.0,0.0,1.0,0.0,0.0,0.00967118,0.0,0,0,0,1,1
3073,-1,0,4.10687,0.98380727,1,1,unassigned,6.0,6.0,0.0,1.0,0.0,0.0,0.007736944,0.0,0,0,0,1,1
3074,-1,0,4.6014056,0.9900621,1,1,unassigned,2.0,2.0,0.0,1.0,0.0,0.0,0.0,0.0,0,0,0,1,1
3075,-1,1,-0.32228386,0.42011926,0,1,unassigned,27.0,27.0,0.0,1.0,0.0,0.0,0.0483559,0.0,1,0,0,0,0
3076,1,1,0.010684967,0.50267124,1,0,val,86.0,83.0,3.0,0.96511626,0.034883723,0.034883738,0.16247582,0.0056677614,1,0,1,1,0
3077,-1,0,0.030031621,0.5075073,1,1,unassigned,15.0,15.0,0.0,1.0,0.0,0.0,0.025145067,0.0,0,0,0,1,0
3078,-1,0,5.483724,0.9958633,1,1,unassigned,18.0,18.0,0.0,1.0,0.0,0.0,0.030947777,0.0,0,0,0,1,1
3079,-1,0,-0.29824105,0.42598754,0,1,unassigned,44.0,41.0,3.0,0.9318182,0.06818182,0.06818181,0.08123791,0.005538949,0,0,0,0,0
3080,-1,1,-0.24340272,0.43944797,0,1,unassigned,15.0,15.0,0.0,1.0,0.0,0.0,0.025145067,0.0,1,0,0,0,0
3081,-1,0,0.46492964,0.61418295,1,1,unassigned,2.0,2.0,0.0,1.0,0.0,0.0,0.0,0.0,0,0,0,1,0
3082,-1,1,-0.99730444,0.26947173,0,1,unassigned,30.0,30.0,0.0,1.0,0.0,0.0,0.054158606,0.0,1,0,0,0,0
3083,-1,1,-0.6695724,0.3385926,0,1,unassigned,6.0,6.0,0.0,1.0,0.0,0.0,0.007736944,0.0,1,0,0,0,0
3084,-1,1,-0.41597527,0.39748022,0,1,unassigned,9.0,9.0,0.0,1.0,0.0,0.0,0.013539651,0.0,1,0,0,0,0
3085,-1,0,-0.5437504,0.36731556,0,1,unassigned,22.0,17.0,5.0,0.77272725,0.22727273,0.22727275,0.03868472,0.008791981,0,0,0,0,0
3086,-1,0,-0.6291733,0.347698,0,1,unassigned,26.0,26.0,0.0,1.0,0.0,0.0,0.046421662,0.0,0,0,0,0,0
3087,-1,1,-0.2864704,0.42886814,0,1,unassigned,12.0,12.0,0.0,1.0,0.0,0.0,0.01934236,0.0,1,0,0,0,0
3088,-1,0,1.5635633,0.82686406,1,1,unassigned,4.0,4.0,0.0,1.0,0.0,0.0,0.003868472,0.0,0,0,0,1,0
3089,-1,0,0.38209558,0.5943785,1,1,unassigned,3.0,3.0,0.0,1.0,0.0,0.0,0.001934236,0.0,0,0,0,1,0
3090,0,1,-0.49144754,0.37955263,0,0,val,17.0,17.0,0.0,1.0,0.0,0.0,0.029013539,0.0,1,0,1,0,0
3091,-1,0,3.8855193,0.97987616,1,1,unassigned,29.0,28.0,1.0,0.9655172,0.03448276,0.034482777,0.05222437,0.0018008404,0,0,0,1,1
3092,-1,0,0.8417594,0.6988357,1,1,unassigned,16.0,16.0,0.0,1.0,0.0,0.0,0.027079303,0.0,0,0,0,1,0
3093,1,1,0.8883069,0.7085406,1,0,val,9.0,9.0,0.0,1.0,0.0,0.0,0.013539651,0.0,1,0,1,1,0
3094,-1,0,2.3713462,0.91461605,1,1,unassigned,6.0,6.0,0.0,1.0,0.0,0.0,0.007736944,0.0,0,0,0,1,1
3095,-1,1,2.6287394,0.9326884,1,1,unassigned,5.0,4.0,1.0,0.8,0.2,0.19999999,0.0058027077,0.0011605415,1,0,0,1,1
3096,-1,0,0.39198786,0.5967611,1,1,unassigned,17.0,16.0,1.0,0.9411765,0.05882353,0.058823526,0.029013539,0.0017066788,0,0,0,1,0
3097,-1,0,4.3769116,0.98759186,1,1,unassigned,3.0,3.0,0.0,1.0,0.0,0.0,0.001934236,0.0,0,0,0,1,1
3098,-1,1,1.0237508,0.7357026,1,1,unassigned,12.0,9.0,3.0,0.75,0.25,0.25,0.01934236,0.00483559,1,0,0,1,0
3099,-1,1,-0.27364233,0.43201312,0,1,unassigned,21.0,20.0,1.0,0.95238096,0.04761905,0.047619045,0.036750484,0.0017500231,1,0,0,0,0
3100,-1,1,-0.8185138,0.30607924,0,1,unassigned,20.0,20.0,0.0,1.0,0.0,0.0,0.034816246,0.0,1,0,0,0,0
3101,-1,1,5.8510203,0.9971312,1,1,unassigned,2.0,2.0,0.0,1.0,0.0,0.0,0.0,0.0,1,0,0,1,1
3102,-1,0,-0.7319528,0.32476634,0,1,unassigned,37.0,35.0,2.0,0.9459459,0.054054055,0.05405408,0.06769826,0.0036593657,0,0,0,0,0
3103,-1,0,-0.5574364,0.36414087,0,1,unassigned,38.0,36.0,2.0,0.94736844,0.05263158,0.052631557,0.06963249,0.0036648682,0,0,0,0,0
3104,-1,1,-0.58915824,0.35682803,0,1,unassigned,106.0,102.0,4.0,0.9622642,0.03773585,0.03773582,0.20116054,0.0075909635,1,0,0,0,0
3105,-1,0,-0.9534841,0.27818468,0,1,unassigned,71.0,71.0,0.0,1.0,0.0,0.0,0.13346228,0.0,0,0,0,0,0
3106,-1,0,-0.7961818,0.31084287,0,1,unassigned,48.0,48.0,0.0,1.0,0.0,0.0,0.088974856,0.0,0,0,0,0,0
3107,-1,0,0.6109999,0.64816886,1,1,unassigned,27.0,12.0,15.0,0.44444445,0.5555556,0.5555556,0.0483559,0.02686439,0,0,0,1,0
3108,-1,0,4.4613705,0.9885853,1,1,unassigned,90.0,90.0,0.0,1.0,0.0,0.0,0.17021276,0.0,0,0,0,1,1
3109,-1,0,-0.92548656,0.28384128,0,1,unassigned,117.0,117.0,0.0,1.0,0.0,0.0,0.22243714,0.0,0,0,0,0,0
3110,1,0,-0.05149579,0.48712888,0,1,unassigned,11.0,11.0,0.0,1.0,0.0,0.0,0.017408123,0.0,0,0,0,0,0
3111,-1,0,3.1739514,0.9598422,1,1,unassigned,10.0,10.0,0.0,1.0,0.0,0.0,0.015473888,0.0,0,0,0,1,1
3112,1,0,2.665446,0.93495667,1,0,val,16.0,14.0,2.0,0.875,0.125,0.125,0.027079303,0.0033849129,0,0,1,1,1
3113,-1,0,-0.30701327,0.42384392,0,1,unassigned,97.0,96.0,1.0,0.9896907,0.010309278,0.010309279,0.18375242,0.0018943547,0,0,0,0,0
3114,-1,0,0.858586,0.7023651,1,1,unassigned,16.0,16.0,0.0,1.0,0.0,0.0,0.027079303,0.0,0,0,0,1,0
3115,-1,1,0.64000756,0.6547552,1,1,unassigned,16.0,14.0,2.0,0.875,0.125,0.125,0.027079303,0.0033849129,1,0,0,1,0
3116,-1,0,0.4847228,0.6188625,1,1,unassigned,4.0,2.0,2.0,0.5,0.5,0.5,0.003868472,0.001934236,0,0,0,1,0
3117,-1,0,-2.5806963,0.07039115,0,1,unassigned,2.0,2.0,0.0,1.0,0.0,0.0,0.0,0.0,0,0,0,0,1
3118,-1,1,11.018419,0.99998355,1,1,unassigned,2.0,2.0,0.0,1.0,0.0,0.0,0.0,0.0,1,0,0,1,1
3119,-1,0,-0.3296873,0.41831672,0,1,unassigned,2.0,2.0,0.0,1.0,0.0,0.0,0.0,0.0,0,0,0,0,0
3120,-1,1,0.24631852,0.5612702,1,1,unassigned,4.0,4.0,0.0,1.0,0.0,0.0,0.003868472,0.0,1,0,0,1,0
3121,-1,1,3.2869422,0.9639781,1,1,unassigned,4.0,4.0,0.0,1.0,0.0,0.0,0.003868472,0.0,1,0,0,1,1
3122,-1,1,9.298506,0.99990845,1,1,unassigned,4.0,4.0,0.0,1.0,0.0,0.0,0.003868472,0.0,1,0,0,1,1
3123,-1,0,3.2666967,0.96326846,1,1,unassigned,5.0,4.0,1.0,0.8,0.2,0.19999999,0.0058027077,0.0011605415,0,0,0,1,1
3124,-1,0,-0.029272199,0.49268243,0,1,unassigned,19.0,19.0,0.0,1.0,0.0,0.0,0.032882012,0.0,0,0,0,0,0
3125,-1,0,-0.8227896,0.30517182,0,1,unassigned,44.0,44.0,0.0,1.0,0.0,0.0,0.08123791,0.0,0,0,0,0,0
3126,-1,0,1.0083079,0.7326889,1,1,unassigned,2.0,2.0,0.0,1.0,0.0,0.0,0.0,0.0,0,0,0,1,0
3127,-1,0,-0.5784678,0.35928524,0,1,unassigned,66.0,66.0,0.0,1.0,0.0,0.0,0.123791106,0.0,0,0,0,0,0
3128,-1,0,0.12983334,0.5324128,1,1,unassigned,3.0,3.0,0.0,1.0,0.0,0.0,0.001934236,0.0,0,0,0,1,0
3129,-1,0,1.6659856,0.84103984,1,1,unassigned,6.0,6.0,0.0,1.0,0.0,0.0,0.007736944,0.0,0,0,0,1,0
3130,0,0,-0.7801469,0.3142882,0,0,test,29.0,28.0,1.0,0.9655172,0.03448276,0.034482777,0.05222437,0.0018008404,0,0,1,0,0
3131,-1,1,4.659221,0.9906151,1,1,unassigned,11.0,11.0,0.0,1.0,0.0,0.0,0.017408123,0.0,1,0,0,1,1
3132,-1,0,-0.48212838,0.38174966,0,1,unassigned,4.0,4.0,0.0,1.0,0.0,0.0,0.003868472,0.0,0,0,0,0,0
3133,-1,0,4.896281,0.9925811,1,1,unassigned,33.0,33.0,0.0,1.0,0.0,0.0,0.059961315,0.0,0,0,0,1,1
3134,-1,1,3.0410664,0.9543953,1,1,unassigned,4.0,4.0,0.0,1.0,0.0,0.0,0.003868472,0.0,1,0,0,1,1
3135,0,0,-0.028971255,0.49275768,0,0,test,6.0,6.0,0.0,1.0,0.0,0.0,0.007736944,0.0,0,0,1,0,0
3136,-1,0,7.834391,0.9996043,1,1,unassigned,3.0,3.0,0.0,1.0,0.0,0.0,0.001934236,0.0,0,0,0,1,1
3137,1,0,5.2745404,0.9949058,1,0,val,4.0,4.0,0.0,1.0,0.0,0.0,0.003868472,0.0,0,0,1,1,1
3138,0,1,-0.78776366,0.31264907,0,0,unassigned,54.0,53.0,1.0,0.9814815,0.018518519,0.018518507,0.10058027,0.0018625975,1,0,1,0,0
3139,-1,0,5.420501,0.99559456,1,1,unassigned,5.0,5.0,0.0,1.0,0.0,0.0,0.0058027077,0.0,0,0,0,1,1
3140,0,1,-0.5133149,0.37441674,0,0,unassigned,86.0,78.0,8.0,0.90697676,0.093023255,0.09302324,0.16247582,0.01511403,1,0,1,0,0
3141,-1,1,-0.9635372,0.27617055,0,1,unassigned,17.0,16.0,1.0,0.9411765,0.05882353,0.058823526,0.029013539,0.0017066788,1,0,0,0,0
3142,-1,1,-0.567825,0.36173883,0,1,unassigned,16.0,16.0,0.0,1.0,0.0,0.0,0.027079303,0.0,1,0,0,0,0
3143,-1,1,4.757726,0.991488,1,1,unassigned,4.0,4.0,0.0,1.0,0.0,0.0,0.003868472,0.0,1,0,0,1,1
3144,-1,1,0.8181258,0.69383836,1,1,unassigned,2.0,1.0,1.0,0.5,0.5,0.5,0.0,0.0,1,0,0,1,0
3145,-1,1,3.5666587,0.9725261,1,1,unassigned,17.0,17.0,0.0,1.0,0.0,0.0,0.029013539,0.0,1,0,0,1,1
3146,-1,0,1.7850387,0.85631794,1,1,unassigned,13.0,13.0,0.0,1.0,0.0,0.0,0.021276595,0.0,0,0,0,1,0
3147,-1,0,1.2124345,0.7707294,1,1,unassigned,519.0,449.0,70.0,0.86512524,0.13487476,0.13487476,1.0,0.13487476,0,0,0,1,0
3148,-1,0,4.2265415,0.9856074,1,1,unassigned,7.0,7.0,0.0,1.0,0.0,0.0,0.00967118,0.0,0,0,0,1,1
3149,-1,0,-0.3619374,0.41049066,0,1,unassigned,101.0,100.0,1.0,0.990099,0.00990099,0.009900987,0.19148937,0.0018959343,0,0,0,0,0
3150,-1,0,-0.58050627,0.3588161,0,1,unassigned,143.0,142.0,1.0,0.993007,0.006993007,0.0069929957,0.27272728,0.0019071838,0,0,0,0,0
3151,-1,0,-0.20168096,0.44974995,0,1,unassigned,15.0,13.0,2.0,0.8666667,0.13333334,0.13333333,0.025145067,0.0033526758,0,0,0,0,0
3152,-1,1,-0.6732671,0.3377657,0,1,unassigned,6.0,6.0,0.0,1.0,0.0,0.0,0.007736944,0.0,1,0,0,0,0
3153,-1,0,0.91252595,0.7135168,1,1,unassigned,31.0,29.0,2.0,0.9354839,0.06451613,0.06451613,0.056092843,0.003618893,0,0,0,1,0
3154,0,1,-0.23421794,0.44171175,0,0,test,29.0,29.0,0.0,1.0,0.0,0.0,0.05222437,0.0,1,0,1,0,0
3155,-1,0,2.901208,0.94790614,1,1,unassigned,2.0,2.0,0.0,1.0,0.0,0.0,0.0,0.0,0,0,0,1,1
3156,-1,1,1.7368801,0.8502903,1,1,unassigned,22.0,22.0,0.0,1.0,0.0,0.0,0.03868472,0.0,1,0,0,1,0
3157,-1,1,1.3651206,0.7965907,1,1,unassigned,12.0,12.0,0.0,1.0,0.0,0.0,0.01934236,0.0,1,0,0,1,0
3158,-1,1,1.7574394,0.8528887,1,1,unassigned,6.0,5.0,1.0,0.8333333,0.16666667,0.16666669,0.007736944,0.0012894907,1,0,0,1,0
3159,-1,0,3.212026,0.9612843,1,1,unassigned,3.0,3.0,0.0,1.0,0.0,0.0,0.001934236,0.0,0,0,0,1,1
3160,-1,1,0.7574597,0.6808019,1,1,unassigned,19.0,19.0,0.0,1.0,0.0,0.0,0.032882012,0.0,1,0,0,1,0
3161,-1,0,-0.30290765,0.42484686,0,1,unassigned,4.0,4.0,0.0,1.0,0.0,0.0,0.003868472,0.0,0,0,0,0,0
3162,-1,0,-0.3184349,0.42105722,0,1,unassigned,13.0,13.0,0.0,1.0,0.0,0.0,0.021276595,0.0,0,0,0,0,0
3163,-1,0,-0.69503677,0.33291355,0,1,unassigned,46.0,46.0,0.0,1.0,0.0,0.0,0.08510638,0.0,0,0,0,0,0
3164,-1,1,-0.26622522,0.43383405,0,1,unassigned,35.0,34.0,1.0,0.9714286,0.028571429,0.028571427,0.06382979,0.0018237082,1,0,0,0,0
3165,1,0,2.693629,0.9366496,1,0,unassigned,7.0,6.0,1.0,0.85714287,0.14285715,0.14285713,0.00967118,0.0013815971,0,0,1,1,1
3166,-1,0,1.2865818,0.783568,1,1,unassigned,2.0,2.0,0.0,1.0,0.0,0.0,0.0,0.0,0,0,0,1,0
3167,-1,0,2.830495,0.9443016,1,1,unassigned,4.0,2.0,2.0,0.5,0.5,0.5,0.003868472,0.001934236,0,0,0,1,1
3168,-1,0,0.26871794,0.5667781,1,1,unassigned,116.0,114.0,2.0,0.98275864,0.01724138,0.017241359,0.2205029,0.003801774,0,0,0,1,0
3169,1,1,0.14648724,0.5365565,1,0,unassigned,6.0,6.0,0.0,1.0,0.0,0.0,0.007736944,0.0,1,0,1,1,0
3170,-1,0,0.64477867,0.65583295,1,1,unassigned,20.0,18.0,2.0,0.9,0.1,0.100000024,0.034816246,0.0034816246,0,0,0,1,0
3171,-1,1,2.439646,0.919801,1,1,unassigned,26.0,26.0,0.0,1.0,0.0,0.0,0.046421662,0.0,1,0,0,1,1
3172,-1,0,0.15016288,0.53747034,1,1,unassigned,15.0,15.0,0.0,1.0,0.0,0.0,0.025145067,0.0,0,0,0,1,0
3173,0,1,-0.009100199,0.49772492,0,0,test,6.0,6.0,0.0,1.0,0.0,0.0,0.007736944,0.0,1,0,1,0,0
3174,-1,0,3.2808242,0.963765,1,1,unassigned,2.0,2.0,0.0,1.0,0.0,0.0,0.0,0.0,0,0,0,1,1
3175,0,0,1.1118784,0.75247914,1,1,val,24.0,24.0,0.0,1.0,0.0,0.0,0.04255319,0.0,0,0,0,1,0
3176,-1,1,-0.5107521,0.37501726,0,1,unassigned,60.0,57.0,3.0,0.95,0.05,0.050000012,0.11218569,0.0056092846,1,0,0,0,0
3177,-1,0,-0.46017876,0.3869434,0,1,unassigned,37.0,36.0,1.0,0.972973,0.027027028,0.02702701,0.06769826,0.0018296828,0,0,0,0,0
3178,-1,0,0.23924905,0.5595286,1,1,unassigned,27.0,26.0,1.0,0.962963,0.037037037,0.037037015,0.0483559,0.0017909593,0,0,0,1,0
3179,1,1,-0.10020769,0.474969,0,1,val,18.0,17.0,1.0,0.9444444,0.055555556,0.055555582,0.030947777,0.0017193209,1,0,0,0,0
3180,-1,1,0.02040869,0.505102,1,1,unassigned,60.0,57.0,3.0,0.95,0.05,0.050000012,0.11218569,0.0056092846,1,0,0,1,0
3181,0,0,0.0025969744,0.5006492,1,1,unassigned,9.0,9.0,0.0,1.0,0.0,0.0,0.013539651,0.0,0,0,0,1,0
3182,-1,0,0.6779557,0.6632823,1,1,unassigned,2.0,2.0,0.0,1.0,0.0,0.0,0.0,0.0,0,0,0,1,0
3183,-1,0,-0.5321906,0.37000608,0,1,unassigned,4.0,4.0,0.0,1.0,0.0,0.0,0.003868472,0.0,0,0,0,0,0
3184,-1,0,2.7932255,0.94230866,1,1,unassigned,2.0,2.0,0.0,1.0,0.0,0.0,0.0,0.0,0,0,0,1,1
3185,-1,1,-0.56193817,0.36309913,0,1,unassigned,28.0,28.0,0.0,1.0,0.0,0.0,0.050290134,0.0,1,0,0,0,0
3186,-1,0,7.7705665,0.9995782,1,1,unassigned,29.0,21.0,8.0,0.7241379,0.27586207,0.2758621,0.05222437,0.014406723,0,0,0,1,1
3187,-1,0,1.1475568,0.7590644,1,1,unassigned,4.0,1.0,3.0,0.25,0.75,0.75,0.003868472,0.002901354,0,0,0,1,0
3188,-1,1,0.12401348,0.5309637,1,1,unassigned,2.0,1.0,1.0,0.5,0.5,0.5,0.0,0.0,1,0,0,1,0
3189,-1,0,-0.7295365,0.32529646,0,1,unassigned,13.0,13.0,0.0,1.0,0.0,0.0,0.021276595,0.0,0,0,0,0,0
3190,-1,0,0.44415718,0.6092492,1,1,unassigned,3.0,3.0,0.0,1.0,0.0,0.0,0.001934236,0.0,0,0,0,1,0
3191,-1,1,-0.11473933,0.4713466,0,1,unassigned,40.0,38.0,2.0,0.95,0.05,0.050000012,0.07350097,0.0036750485,1,0,0,0,0
3192,-1,0,-0.92323065,0.28430006,0,1,unassigned,5.0,5.0,0.0,1.0,0.0,0.0,0.0058027077,0.0,0,0,0,0,0
3193,-1,0,4.4104,0.98799556,1,1,unassigned,2.0,2.0,0.0,1.0,0.0,0.0,0.0,0.0,0,0,0,1,1
3194,-1,0,1.8242152,0.8610711,1,1,unassigned,13.0,13.0,0.0,1.0,0.0,0.0,0.021276595,0.0,0,0,0,1,0
3195,-1,0,-0.86743397,0.29578853,0,1,unassigned,29.0,27.0,2.0,0.9310345,0.06896552,0.068965495,0.05222437,0.0036016807,0,0,0,0,0
3196,-1,0,-0.18319428,0.45432904,0,1,unassigned,22.0,22.0,0.0,1.0,0.0,0.0,0.03868472,0.0,0,0,0,0,0
3197,-1,1,5.368283,0.9953595,1,1,unassigned,11.0,6.0,5.0,0.54545456,0.45454547,0.45454544,0.017408123,0.007912784,1,0,0,1,1
3198,-1,1,-0.06937009,0.48266447,0,1,unassigned,5.0,5.0,0.0,1.0,0.0,0.0,0.0058027077,0.0,1,0,0,0,0
3199,-1,1,2.4286907,0.9189891,1,1,unassigned,16.0,15.0,1.0,0.9375,0.0625,0.0625,0.027079303,0.0016924564,1,0,0,1,1
3200,-1,0,1.7030895,0.84593785,1,1,unassigned,3.0,3.0,0.0,1.0,0.0,0.0,0.001934236,0.0,0,0,0,1,0
3201,-1,1,-0.49060124,0.37975195,0,1,unassigned,46.0,45.0,1.0,0.9782609,0.02173913,0.021739125,0.08510638,0.0018501388,1,0,0,0,0
3202,-1,1,-0.80248296,0.30949464,0,1,unassigned,18.0,18.0,0.0,1.0,0.0,0.0,0.030947777,0.0,1,0,0,0,0
3203,-1,1,-0.46579581,0.38561177,0,1,unassigned,60.0,58.0,2.0,0.96666664,0.033333335,0.03333336,0.11218569,0.003739523,1,0,0,0,0
3204,-1,0,7.6750016,0.9995359,1,1,unassigned,4.0,4.0,0.0,1.0,0.0,0.0,0.003868472,0.0,0,0,0,1,1
3205,-1,1,-0.4820005,0.38177985,0,1,unassigned,62.0,62.0,0.0,1.0,0.0,0.0,0.116054155,0.0,1,0,0,0,0
3206,-1,0,-0.46131712,0.38667345,0,1,unassigned,4.0,4.0,0.0,1.0,0.0,0.0,0.003868472,0.0,0,0,0,0,0
3207,-1,0,0.507031,0.6241102,1,1,unassigned,4.0,4.0,0.0,1.0,0.0,0.0,0.003868472,0.0,0,0,0,1,0
3208,-1,1,-0.4933398,0.37910712,0,1,unassigned,23.0,22.0,1.0,0.95652175,0.04347826,0.04347825,0.040618956,0.0017660416,1,0,0,0,0
3209,-1,1,-0.45965546,0.38706756,0,1,unassigned,88.0,85.0,3.0,0.96590906,0.03409091,0.034090936,0.1663443,0.0056708287,1,0,0,0,0
3210,-1,1,-0.5029138,0.37685618,0,1,unassigned,36.0,34.0,2.0,0.9444444,0.055555556,0.055555582,0.065764025,0.003653557,1,0,0,0,0
3211,-1,1,-0.35277152,0.4127105,0,1,unassigned,14.0,14.0,0.0,1.0,0.0,0.0,0.023210831,0.0,1,0,0,0,0
3212,-1,1,-0.65535736,0.34178326,0,1,unassigned,7.0,7.0,0.0,1.0,0.0,0.0,0.00967118,0.0,1,0,0,0,0
3213,1,1,-0.3115215,0.4227434,0,1,unassigned,63.0,62.0,1.0,0.984127,0.015873017,0.015873015,0.11798839,0.0018728317,1,0,0,0,0
3214,-1,0,-0.54602194,0.36678785,0,1,unassigned,42.0,42.0,0.0,1.0,0.0,0.0,0.07736944,0.0,0,0,0,0,0
3215,-1,1,0.091073096,0.5227525,1,1,unassigned,12.0,12.0,0.0,1.0,0.0,0.0,0.01934236,0.0,1,0,0,1,0
3216,0,0,-0.62685704,0.34822357,0,0,unassigned,5.0,5.0,0.0,1.0,0.0,0.0,0.0058027077,0.0,0,0,1,0,0
3217,1,0,0.7135971,0.6711955,1,0,unassigned,2.0,2.0,0.0,1.0,0.0,0.0,0.0,0.0,0,0,1,1,0
3218,-1,0,0.78079706,0.68585193,1,1,unassigned,15.0,14.0,1.0,0.93333334,0.06666667,0.06666666,0.025145067,0.0016763379,0,0,0,1,0
3219,0,0,-0.22349638,0.44435734,0,0,val,18.0,18.0,0.0,1.0,0.0,0.0,0.030947777,0.0,0,0,1,0,0
3220,-1,0,1.5634224,0.8268439,1,1,unassigned,2.0,2.0,0.0,1.0,0.0,0.0,0.0,0.0,0,0,0,1,0
3221,-1,0,-0.33638275,0.4166884,0,1,unassigned,2.0,2.0,0.0,1.0,0.0,0.0,0.0,0.0,0,0,0,0,0
3222,-1,1,9.992617,0.9999542,1,1,unassigned,3.0,2.0,1.0,0.6666667,0.33333334,0.3333333,0.001934236,0.00064474536,1,0,0,1,1
3223,-1,1,2.5688012,0.92882645,1,1,unassigned,2.0,2.0,0.0,1.0,0.0,0.0,0.0,0.0,1,0,0,1,1
3224,-1,0,1.3848033,0.7997613,1,1,unassigned,25.0,25.0,0.0,1.0,0.0,0.0,0.044487428,0.0,0,0,0,1,0
3225,-1,1,-0.18932024,0.4528108,0,1,unassigned,30.0,29.0,1.0,0.96666664,0.033333335,0.03333336,0.054158606,0.001805287,1,0,0,0,0
3226,0,0,-0.440495,0.39162302,0,0,val,65.0,65.0,0.0,1.0,0.0,0.0,0.12185687,0.0,0,0,1,0,0
3227,-1,0,1.8096349,0.8593177,1,1,unassigned,5.0,4.0,1.0,0.8,0.2,0.19999999,0.0058027077,0.0011605415,0,0,0,1,0
3228,-1,0,-0.56380963,0.36266643,0,1,unassigned,114.0,112.0,2.0,0.98245615,0.01754386,0.017543852,0.21663442,0.003800604,0,0,0,0,0
3229,-1,0,0.10238773,0.5255746,1,1,unassigned,4.0,4.0,0.0,1.0,0.0,0.0,0.003868472,0.0,0,0,0,1,0
3230,-1,0,0.8508124,0.70073754,1,1,unassigned,7.0,7.0,0.0,1.0,0.0,0.0,0.00967118,0.0,0,0,0,1,0
3231,-1,1,3.9918272,0.9818688,1,1,unassigned,3.0,2.0,1.0,0.6666667,0.33333334,0.3333333,0.001934236,0.00064474536,1,0,0,1,1
3232,-1,0,0.63324815,0.6532256,1,1,unassigned,2.0,2.0,0.0,1.0,0.0,0.0,0.0,0.0,0,0,0,1,0
3233,-1,0,-0.4981664,0.37797168,0,1,unassigned,34.0,32.0,2.0,0.9411765,0.05882353,0.058823526,0.061895553,0.0036409148,0,0,0,0,0
3234,-1,1,-0.8999115,0.28906867,0,1,unassigned,6.0,5.0,1.0,0.8333333,0.16666667,0.16666669,0.007736944,0.0012894907,1,0,0,0,0
3235,-1,1,0.15030944,0.53750676,1,1,unassigned,4.0,4.0,0.0,1.0,0.0,0.0,0.003868472,0.0,1,0,0,1,0
3236,-1,0,3.6068633,0.9735801,1,1,unassigned,8.0,7.0,1.0,0.875,0.125,0.125,0.0116054155,0.0014506769,0,0,0,1,1
3237,-1,0,0.17358106,0.5432867,1,1,unassigned,2.0,2.0,0.0,1.0,0.0,0.0,0.0,0.0,0,0,0,1,0
3238,-1,0,1.1960454,0.76782054,1,1,unassigned,3.0,3.0,0.0,1.0,0.0,0.0,0.001934236,0.0,0,0,0,1,0
3239,-1,0,2.8509004,0.9453652,1,1,unassigned,8.0,8.0,0.0,1.0,0.0,0.0,0.0116054155,0.0,0,0,0,1,1
3240,-1,0,-0.54988134,0.36589193,0,1,unassigned,2.0,1.0,1.0,0.5,0.5,0.5,0.0,0.0,0,0,0,0,0
3241,-1,1,2.2985442,0.90875643,1,1,unassigned,3.0,3.0,0.0,1.0,0.0,0.0,0.001934236,0.0,1,0,0,1,1
3242,0,1,-0.2871818,0.42869395,0,0,train,5.0,5.0,0.0,1.0,0.0,0.0,0.0058027077,0.0,1,0,1,0,0
3243,-1,0,-0.29879647,0.42585173,0,1,unassigned,4.0,3.0,1.0,0.75,0.25,0.25,0.003868472,0.000967118,0,0,0,0,0
3244,1,0,0.74879557,0.67891616,1,0,test,35.0,34.0,1.0,0.9714286,0.028571429,0.028571427,0.06382979,0.0018237082,0,0,1,1,0
3245,1,1,0.097042024,0.52424145,1,0,test,20.0,20.0,0.0,1.0,0.0,0.0,0.034816246,0.0,1,0,1,1,0
3246,0,1,-0.8227096,0.30518878,0,0,unassigned,6.0,6.0,0.0,1.0,0.0,0.0,0.007736944,0.0,1,0,1,0,0
3247,-1,0,-0.11442047,0.47142604,0,1,unassigned,6.0,6.0,0.0,1.0,0.0,0.0,0.007736944,0.0,0,0,0,0,0
3248,-1,1,2.436904,0.9195985,1,1,unassigned,2.0,2.0,0.0,1.0,0.0,0.0,0.0,0.0,1,0,0,1,1
3249,-1,1,-0.8456406,0.30034813,0,1,unassigned,28.0,27.0,1.0,0.96428573,0.035714287,0.03571427,0.050290134,0.0017960763,1,0,0,0,0
3250,-1,0,-0.7256438,0.3261514,0,1,unassigned,36.0,36.0,0.0,1.0,0.0,0.0,0.065764025,0.0,0,0,0,0,0
3251,-1,0,0.23625284,0.55879,1,1,unassigned,2.0,1.0,1.0,0.5,0.5,0.5,0.0,0.0,0,0,0,1,0
3252,-1,0,0.01818055,0.50454503,1,1,unassigned,5.0,4.0,1.0,0.8,0.2,0.19999999,0.0058027077,0.0011605415,0,0,0,1,0
3253,-1,0,-0.6517339,0.34259892,0,1,unassigned,113.0,113.0,0.0,1.0,0.0,0.0,0.21470019,0.0,0,0,0,0,0
3254,0,0,-0.570137,0.3612052,0,0,test,4.0,4.0,0.0,1.0,0.0,0.0,0.003868472,0.0,0,0,1,0,0
3255,1,0,9.064846,0.99988437,1,0,val,6.0,6.0,0.0,1.0,0.0,0.0,0.007736944,0.0,0,0,1,1,1
3256,-1,0,-0.67644966,0.33705416,0,1,unassigned,3.0,3.0,0.0,1.0,0.0,0.0,0.001934236,0.0,0,0,0,0,0
3257,-1,0,-0.746992,0.3214771,0,1,unassigned,2.0,2.0,0.0,1.0,0.0,0.0,0.0,0.0,0,0,0,0,0
3258,-1,1,6.2963004,0.9981603,1,1,unassigned,29.0,29.0,0.0,1.0,0.0,0.0,0.05222437,0.0,1,0,0,1,1
3259,-1,0,0.9436622,0.7198388,1,1,unassigned,23.0,19.0,4.0,0.82608694,0.17391305,0.17391306,0.040618956,0.0070641665,0,0,0,1,0
3260,-1,0,-0.75296265,0.3201761,0,1,unassigned,18.0,18.0,0.0,1.0,0.0,0.0,0.030947777,0.0,0,0,0,0,0
3261,-1,1,-0.19756359,0.45076913,0,1,unassigned,3.0,3.0,0.0,1.0,0.0,0.0,0.001934236,0.0,1,0,0,0,0
3262,-1,0,3.3620832,0.9664983,1,1,unassigned,6.0,4.0,2.0,0.6666667,0.33333334,0.3333333,0.007736944,0.0025789815,0,0,0,1,1
3263,0,0,4.5680757,0.9897287,1,1,test,3.0,3.0,0.0,1.0,0.0,0.0,0.001934236,0.0,0,0,0,1,1
3264,-1,0,1.1466701,0.7589022,1,1,unassigned,4.0,4.0,0.0,1.0,0.0,0.0,0.003868472,0.0,0,0,0,1,0
3265,-1,0,1.7850745,0.85632235,1,1,unassigned,44.0,41.0,3.0,0.9318182,0.06818182,0.06818181,0.08123791,0.005538949,0,0,0,1,0
3266,-1,0,-0.07522398,0.4812029,0,1,unassigned,10.0,7.0,3.0,0.7,0.3,0.3,0.015473888,0.0046421667,0,0,0,0,0
3267,-1,0,-0.71916723,0.3275764,0,1,unassigned,47.0,46.0,1.0,0.9787234,0.021276595,0.021276593,0.08704062,0.001851928,0,0,0,0,0
3268,1,0,1.5477021,0.8245816,1,0,val,88.0,86.0,2.0,0.97727275,0.022727273,0.022727251,0.1663443,0.0037805524,0,0,1,1,0
3269,1,0,4.9537034,0.9929923,1,0,val,8.0,7.0,1.0,0.875,0.125,0.125,0.0116054155,0.0014506769,0,0,1,1,1
3270,-1,1,0.88901,0.7086858,1,1,unassigned,3.0,2.0,1.0,0.6666667,0.33333334,0.3333333,0.001934236,0.00064474536,1,0,0,1,0
3271,-1,0,-0.12261382,0.46938488,0,1,unassigned,131.0,123.0,8.0,0.9389313,0.061068702,0.061068714,0.24951644,0.015237645,0,0,0,0,0
3272,-1,1,2.085963,0.8895314,1,1,unassigned,58.0,56.0,2.0,0.9655172,0.03448276,0.034482777,0.10831721,0.0037350762,1,0,0,1,0
3273,-1,1,11.6187725,0.99999106,1,1,unassigned,26.0,22.0,4.0,0.84615386,0.15384616,0.15384614,0.046421662,0.0071417945,1,0,0,1,1
3274,-1,0,-0.89793015,0.28947604,0,1,unassigned,24.0,24.0,0.0,1.0,0.0,0.0,0.04255319,0.0,0,0,0,0,0
3275,-1,0,1.0970418,0.74970543,1,1,unassigned,20.0,17.0,3.0,0.85,0.15,0.14999998,0.034816246,0.005222437,0,0,0,1,0
3276,-1,1,1.6463335,0.8383949,1,1,unassigned,11.0,9.0,2.0,0.8181818,0.18181819,0.18181819,0.017408123,0.0031651135,1,0,0,1,0
3277,-1,0,1.1402113,0.7577184,1,1,unassigned,3.0,3.0,0.0,1.0,0.0,0.0,0.001934236,0.0,0,0,0,1,0
3278,-1,0,-0.501823,0.37711236,0,1,unassigned,2.0,2.0,0.0,1.0,0.0,0.0,0.0,0.0,0,0,0,0,0
3279,-1,0,-0.29790595,0.42606947,0,1,unassigned,2.0,2.0,0.0,1.0,0.0,0.0,0.0,0.0,0,0,0,0,0
3280,-1,0,-0.694474,0.33303854,0,1,unassigned,147.0,145.0,2.0,0.9863946,0.013605442,0.013605416,0.2804642,0.0038158393,0,0,0,0,0
3281,0,0,-0.8622267,0.2968743,0,0,val,5.0,5.0,0.0,1.0,0.0,0.0,0.0058027077,0.0,0,0,1,0,0
3282,-1,0,0.061992824,0.5154932,1,1,unassigned,2.0,2.0,0.0,1.0,0.0,0.0,0.0,0.0,0,0,0,1,0
3283,-1,1,4.480829,0.98880273,1,1,unassigned,20.0,20.0,0.0,1.0,0.0,0.0,0.034816246,0.0,1,0,0,1,1
3284,-1,1,-0.2963655,0.4264462,0,1,unassigned,2.0,2.0,0.0,1.0,0.0,0.0,0.0,0.0,1,0,0,0,0
3285,-1,0,-0.26265496,0.4347112,0,1,unassigned,5.0,5.0,0.0,1.0,0.0,0.0,0.0058027077,0.0,0,0,0,0,0
3286,-1,1,2.0488656,0.88583297,1,1,unassigned,15.0,13.0,2.0,0.8666667,0.13333334,0.13333333,0.025145067,0.0033526758,1,0,0,1,0
3287,-1,1,7.4650874,0.9994276,1,1,unassigned,4.0,4.0,0.0,1.0,0.0,0.0,0.003868472,0.0,1,0,0,1,1
3288,-1,1,0.95497304,0.7221142,1,1,unassigned,17.0,16.0,1.0,0.9411765,0.05882353,0.058823526,0.029013539,0.0017066788,1,0,0,1,0
3289,-1,1,-0.5246148,0.37177375,0,1,unassigned,5.0,3.0,2.0,0.6,0.4,0.39999998,0.0058027077,0.002321083,1,0,0,0,0
3290,-1,0,0.33135003,0.5820878,1,1,unassigned,31.0,30.0,1.0,0.9677419,0.032258064,0.032258093,0.056092843,0.0018094465,0,0,0,1,0
3291,-1,0,-0.9429311,0.28030863,0,1,unassigned,34.0,34.0,0.0,1.0,0.0,0.0,0.061895553,0.0,0,0,0,0,0
3292,1,0,0.22235328,0.55536044,1,0,unassigned,6.0,6.0,0.0,1.0,0.0,0.0,0.007736944,0.0,0,0,1,1,0
3293,-1,0,-0.6114414,0.35173047,0,1,unassigned,176.0,10.0,166.0,0.056818184,0.9431818,0.9431818,0.33655706,0.3174345,0,0,0,0,0
3294,-1,0,-1.0150712,0.2659886,0,1,unassigned,3.0,3.0,0.0,1.0,0.0,0.0,0.001934236,0.0,0,0,0,0,0
3295,-1,0,2.7170913,0.9380277,1,1,unassigned,2.0,2.0,0.0,1.0,0.0,0.0,0.0,0.0,0,0,0,1,1
3296,-1,0,-0.361061,0.41070274,0,1,unassigned,14.0,13.0,1.0,0.9285714,0.071428575,0.0714286,0.023210831,0.0016579166,0,0,0,0,0
3297,-1,0,-0.41084146,0.39871037,0,1,unassigned,17.0,16.0,1.0,0.9411765,0.05882353,0.058823526,0.029013539,0.0017066788,0,0,0,0,0
3298,0,0,1.0196505,0.7349045,1,1,test,4.0,4.0,0.0,1.0,0.0,0.0,0.003868472,0.0,0,0,0,1,0
3299,-1,1,2.721851,0.9383037,1,1,unassigned,8.0,8.0,0.0,1.0,0.0,0.0,0.0116054155,0.0,1,0,0,1,1
3300,-1,0,0.034050047,0.50851166,1,1,unassigned,9.0,9.0,0.0,1.0,0.0,0.0,0.013539651,0.0,0,0,0,1,0
3301,-1,0,0.19250631,0.54797846,1,1,unassigned,16.0,16.0,0.0,1.0,0.0,0.0,0.027079303,0.0,0,0,0,1,0
3302,0,0,0.0140449405,0.5035112,1,1,val,34.0,34.0,0.0,1.0,0.0,0.0,0.061895553,0.0,0,0,0,1,0
3303,-1,1,3.8222754,0.97859037,1,1,unassigned,8.0,7.0,1.0,0.875,0.125,0.125,0.0116054155,0.0014506769,1,0,0,1,1
3304,-1,1,4.4722857,0.9887078,1,1,unassigned,8.0,7.0,1.0,0.875,0.125,0.125,0.0116054155,0.0014506769,1,0,0,1,1
3305,1,0,-0.030323088,0.4924198,0,1,val,7.0,7.0,0.0,1.0,0.0,0.0,0.00967118,0.0,0,0,0,0,0
3306,-1,0,-0.7614577,0.31832987,0,1,unassigned,10.0,10.0,0.0,1.0,0.0,0.0,0.015473888,0.0,0,0,0,0,0
3307,-1,0,-0.4158635,0.397507,0,1,unassigned,18.0,18.0,0.0,1.0,0.0,0.0,0.030947777,0.0,0,0,0,0,0
3308,-1,0,-0.2177633,0.44577327,0,1,unassigned,15.0,15.0,0.0,1.0,0.0,0.0,0.025145067,0.0,0,0,0,0,0
3309,-1,1,2.7168074,0.9380111,1,1,unassigned,10.0,7.0,3.0,0.7,0.3,0.3,0.015473888,0.0046421667,1,0,0,1,1
3310,0,0,3.2216413,0.9616406,1,1,unassigned,2.0,2.0,0.0,1.0,0.0,0.0,0.0,0.0,0,0,0,1,1
3311,-1,0,0.3115763,0.57727,1,1,unassigned,2.0,2.0,0.0,1.0,0.0,0.0,0.0,0.0,0,0,0,1,0
3312,-1,1,6.9888554,0.99907875,1,1,unassigned,3.0,3.0,0.0,1.0,0.0,0.0,0.001934236,0.0,1,0,0,1,1
3313,-1,0,-0.8299938,0.3036464,0,1,unassigned,87.0,82.0,5.0,0.9425287,0.057471264,0.057471275,0.16441005,0.009448853,0,0,0,0,0
3314,1,0,0.6588016,0.65899116,1,0,unassigned,9.0,9.0,0.0,1.0,0.0,0.0,0.013539651,0.0,0,0,1,1,0
3315,-1,0,3.6207726,0.97393554,1,1,unassigned,7.0,6.0,1.0,0.85714287,0.14285715,0.14285713,0.00967118,0.0013815971,0,0,0,1,1
3316,-1,0,0.58417636,0.6420278,1,1,unassigned,7.0,7.0,0.0,1.0,0.0,0.0,0.00967118,0.0,0,0,0,1,0
3317,-1,0,0.60027593,0.6457194,1,1,unassigned,6.0,5.0,1.0,0.8333333,0.16666667,0.16666669,0.007736944,0.0012894907,0,0,0,1,0
3318,-1,0,2.6024244,0.93101746,1,1,unassigned,4.0,2.0,2.0,0.5,0.5,0.5,0.003868472,0.001934236,0,0,0,1,1
3319,-1,0,-0.6952789,0.33285978,0,1,unassigned,46.0,46.0,0.0,1.0,0.0,0.0,0.08510638,0.0,0,0,0,0,0
3320,-1,1,0.173289,0.5432142,1,1,unassigned,18.0,17.0,1.0,0.9444444,0.055555556,0.055555582,0.030947777,0.0017193209,1,0,0,1,0
3321,-1,0,0.65606576,0.6583761,1,1,unassigned,69.0,69.0,0.0,1.0,0.0,0.0,0.1295938,0.0,0,0,0,1,0
3322,-1,0,2.8484685,0.9452395,1,1,unassigned,2.0,2.0,0.0,1.0,0.0,0.0,0.0,0.0,0,0,0,1,1
3323,-1,1,-0.14647937,0.46344548,0,1,unassigned,69.0,67.0,2.0,0.9710145,0.028985508,0.0289855,0.1295938,0.0037563422,1,0,0,0,0
3324,-1,0,0.34046322,0.584303,1,1,unassigned,52.0,52.0,0.0,1.0,0.0,0.0,0.0967118,0.0,0,0,0,1,0
3325,-1,1,12.587781,0.99999654,1,1,unassigned,3.0,3.0,0.0,1.0,0.0,0.0,0.001934236,0.0,1,0,0,1,1
3326,-1,1,2.906724,0.9481778,1,1,unassigned,54.0,46.0,8.0,0.8518519,0.14814815,0.14814812,0.10058027,0.01490078,1,0,0,1,1
3327,-1,1,2.639786,0.93337864,1,1,unassigned,11.0,10.0,1.0,0.90909094,0.09090909,0.090909064,0.017408123,0.0015825568,1,0,0,1,1
3328,-1,1,3.0927298,0.9565918,1,1,unassigned,6.0,6.0,0.0,1.0,0.0,0.0,0.007736944,0.0,1,0,0,1,1
3329,1,0,0.65404695,0.6579219,1,0,test,7.0,7.0,0.0,1.0,0.0,0.0,0.00967118,0.0,0,0,1,1,0
3330,1,0,2.797981,0.9425666,1,0,unassigned,5.0,5.0,0.0,1.0,0.0,0.0,0.0058027077,0.0,0,0,1,1,1
3331,-1,0,-0.96124595,0.2766288,0,1,unassigned,4.0,4.0,0.0,1.0,0.0,0.0,0.003868472,0.0,0,0,0,0,0
3332,-1,1,1.601836,0.83227485,1,1,unassigned,6.0,6.0,0.0,1.0,0.0,0.0,0.007736944,0.0,1,0,0,1,0
3333,-1,0,0.51246005,0.625383,1,1,unassigned,63.0,61.0,2.0,0.96825397,0.031746034,0.03174603,0.11798839,0.0037456634,0,0,0,1,0
3334,-1,0,8.922123,0.9998666,1,1,unassigned,2.0,2.0,0.0,1.0,0.0,0.0,0.0,0.0,0,0,0,1,1
3335,-1,1,-0.81231797,0.30739677,0,1,unassigned,8.0,8.0,0.0,1.0,0.0,0.0,0.0116054155,0.0,1,0,0,0,0
3336,-1,1,1.4921613,0.8164025,1,1,unassigned,11.0,11.0,0.0,1.0,0.0,0.0,0.017408123,0.0,1,0,0,1,0
3337,1,0,0.8433998,0.6991808,1,0,unassigned,7.0,7.0,0.0,1.0,0.0,0.0,0.00967118,0.0,0,0,1,1,0
3338,-1,1,0.004023671,0.50100595,1,1,unassigned,5.0,5.0,0.0,1.0,0.0,0.0,0.0058027077,0.0,1,0,0,1,0
3339,-1,0,1.5072267,0.8186498,1,1,unassigned,3.0,2.0,1.0,0.6666667,0.33333334,0.3333333,0.001934236,0.00064474536,0,0,0,1,0
3340,-1,1,-0.44045445,0.3916327,0,1,unassigned,11.0,10.0,1.0,0.90909094,0.09090909,0.090909064,0.017408123,0.0015825568,1,0,0,0,0
3341,-1,1,0.1460675,0.53645205,1,1,unassigned,6.0,3.0,3.0,0.5,0.5,0.5,0.007736944,0.003868472,1,0,0,1,0
3342,0,1,0.37105012,0.5917127,1,1,test,23.0,18.0,5.0,0.7826087,0.2173913,0.21739131,0.040618956,0.008830207,1,0,0,1,0
3343,-1,0,2.0416422,0.88510036,1,1,unassigned,23.0,23.0,0.0,1.0,0.0,0.0,0.040618956,0.0,0,0,0,1,0
3344,0,0,-0.47723746,0.38290468,0,0,test,12.0,12.0,0.0,1.0,0.0,0.0,0.01934236,0.0,0,0,1,0,0
3345,0,0,-0.33597267,0.4167881,0,0,test,2.0,2.0,0.0,1.0,0.0,0.0,0.0,0.0,0,0,1,0,0
3346,-1,0,0.5464404,0.63330936,1,1,unassigned,12.0,12.0,0.0,1.0,0.0,0.0,0.01934236,0.0,0,0,0,1,0
3347,1,1,-0.41415936,0.3979152,0,1,test,28.0,26.0,2.0,0.9285714,0.071428575,0.0714286,0.050290134,0.0035921526,1,0,0,0,0
3348,-1,0,-0.27496195,0.43168935,0,1,unassigned,9.0,9.0,0.0,1.0,0.0,0.0,0.013539651,0.0,0,0,0,0,0
3349,-1,0,-0.11764252,0.47062325,0,1,unassigned,26.0,26.0,0.0,1.0,0.0,0.0,0.046421662,0.0,0,0,0,0,0
3350,-1,1,1.6319437,0.83643574,1,1,unassigned,39.0,33.0,6.0,0.84615386,0.15384616,0.15384614,0.07156673,0.011010267,1,0,0,1,0
3351,-1,1,-0.10013345,0.4749875,0,1,unassigned,13.0,13.0,0.0,1.0,0.0,0.0,0.021276595,0.0,1,0,0,0,0
3352,-1,1,0.17970037,0.5448046,1,1,unassigned,28.0,27.0,1.0,0.96428573,0.035714287,0.03571427,0.050290134,0.0017960763,1,0,0,1,0
3353,1,1,-0.052954912,0.4867643,0,1,test,20.0,20.0,0.0,1.0,0.0,0.0,0.034816246,0.0,1,0,0,0,0
3354,-1,0,-0.1522347,0.46201468,0,1,unassigned,2.0,2.0,0.0,1.0,0.0,0.0,0.0,0.0,0,0,0,0,0
3355,-1,0,5.046705,0.99361056,1,1,unassigned,2.0,2.0,0.0,1.0,0.0,0.0,0.0,0.0,0,0,0,1,1
3356,-1,0,0.5307227,0.6296516,1,1,unassigned,8.0,8.0,0.0,1.0,0.0,0.0,0.0116054155,0.0,0,0,0,1,0
3357,0,1,0.31503475,0.57811373,1,1,val,2.0,2.0,0.0,1.0,0.0,0.0,0.0,0.0,1,0,0,1,0
3358,-1,0,0.098748565,0.5246671,1,1,unassigned,4.0,4.0,0.0,1.0,0.0,0.0,0.003868472,0.0,0,0,0,1,0
3359,-1,1,0.4063598,0.6002147,1,1,unassigned,2.0,2.0,0.0,1.0,0.0,0.0,0.0,0.0,1,0,0,1,0
3360,-1,0,-0.45081556,0.3891669,0,1,unassigned,11.0,11.0,0.0,1.0,0.0,0.0,0.017408123,0.0,0,0,0,0,0
3361,-1,0,0.4953038,0.62135506,1,1,unassigned,40.0,40.0,0.0,1.0,0.0,0.0,0.07350097,0.0,0,0,0,1,0
3362,0,0,-0.22589746,0.4437646,0,0,val,25.0,24.0,1.0,0.96,0.04,0.04000002,0.044487428,0.001779497,0,0,1,0,0
3363,-1,0,-0.4847128,0.38113987,0,1,unassigned,21.0,21.0,0.0,1.0,0.0,0.0,0.036750484,0.0,0,0,0,0,0
3364,-1,0,-0.5848058,0.3578275,0,1,unassigned,9.0,9.0,0.0,1.0,0.0,0.0,0.013539651,0.0,0,0,0,0,0
3365,-1,0,-0.5726124,0.36063424,0,1,unassigned,22.0,20.0,2.0,0.90909094,0.09090909,0.090909064,0.03868472,0.0035167928,0,0,0,0,0
3366,-1,0,-0.521211,0.3725691,0,1,unassigned,3.0,3.0,0.0,1.0,0.0,0.0,0.001934236,0.0,0,0,0,0,0
3367,1,0,4.6452756,0.9904846,1,0,test,16.0,16.0,0.0,1.0,0.0,0.0,0.027079303,0.0,0,0,1,1,1
3368,-1,0,-0.99179363,0.27055794,0,1,unassigned,17.0,17.0,0.0,1.0,0.0,0.0,0.029013539,0.0,0,0,0,0,0
3369,-1,0,-0.629002,0.34773687,0,1,unassigned,29.0,29.0,0.0,1.0,0.0,0.0,0.05222437,0.0,0,0,0,0,0
3370,-1,1,-0.2868436,0.4287768,0,1,unassigned,60.0,59.0,1.0,0.98333335,0.016666668,0.01666665,0.11218569,0.0018697615,1,0,0,0,0
3371,0,0,-0.82894063,0.30386913,0,0,train,72.0,70.0,2.0,0.9722222,0.027777778,0.027777791,0.13539653,0.0037610147,0,0,1,0,0
3372,-1,0,0.4044028,0.599745,1,1,unassigned,21.0,21.0,0.0,1.0,0.0,0.0,0.036750484,0.0,0,0,0,1,0
3373,-1,0,-0.26627278,0.43382236,0,1,unassigned,24.0,22.0,2.0,0.9166667,0.083333336,0.08333331,0.04255319,0.0035460992,0,0,0,0,0
3374,-1,1,-0.68550754,0.3350332,0,1,unassigned,63.0,62.0,1.0,0.984127,0.015873017,0.015873015,0.11798839,0.0018728317,1,0,0,0,0
3375,-1,0,9.3112335,0.99990964,1,1,unassigned,13.0,13.0,0.0,1.0,0.0,0.0,0.021276595,0.0,0,0,0,1,1
3376,-1,0,5.2608123,0.99483573,1,1,unassigned,6.0,6.0,0.0,1.0,0.0,0.0,0.007736944,0.0,0,0,0,1,1
3377,-1,1,4.74714,0.9913981,1,1,unassigned,5.0,5.0,0.0,1.0,0.0,0.0,0.0058027077,0.0,1,0,0,1,1
3378,-1,1,5.986837,0.9974947,1,1,unassigned,5.0,4.0,1.0,0.8,0.2,0.19999999,0.0058027077,0.0011605415,1,0,0,1,1
3379,-1,0,-0.8023964,0.30951315,0,1,unassigned,39.0,39.0,0.0,1.0,0.0,0.0,0.07156673,0.0,0,0,0,0,0
3380,-1,1,6.103536,0.9977701,1,1,unassigned,18.0,10.0,8.0,0.5555556,0.44444445,0.44444442,0.030947777,0.013754567,1,0,0,1,1
3381,-1,0,4.695222,0.99094397,1,1,unassigned,2.0,1.0,1.0,0.5,0.5,0.5,0.0,0.0,0,0,0,1,1
3382,-1,0,0.5788172,0.64079523,1,1,unassigned,16.0,16.0,0.0,1.0,0.0,0.0,0.027079303,0.0,0,0,0,1,0
3383,-1,0,-0.23010325,0.44272667,0,1,unassigned,5.0,5.0,0.0,1.0,0.0,0.0,0.0058027077,0.0,0,0,0,0,0
3384,-1,1,-0.114813864,0.47132805,0,1,unassigned,16.0,13.0,3.0,0.8125,0.1875,0.1875,0.027079303,0.0050773695,1,0,0,0,0
3385,-1,1,0.04092276,0.5102293,1,1,unassigned,18.0,18.0,0.0,1.0,0.0,0.0,0.030947777,0.0,1,0,0,1,0
3386,-1,1,0.11723709,0.5292757,1,1,unassigned,4.0,4.0,0.0,1.0,0.0,0.0,0.003868472,0.0,1,0,0,1,0
3387,-1,1,7.379671,0.9993766,1,1,unassigned,2.0,2.0,0.0,1.0,0.0,0.0,0.0,0.0,1,0,0,1,1
3388,-1,1,-0.117387176,0.47068688,0,1,unassigned,22.0,18.0,4.0,0.8181818,0.18181819,0.18181819,0.03868472,0.0070335856,1,0,0,0,0
3389,-1,1,1.7588274,0.85306275,1,1,unassigned,3.0,3.0,0.0,1.0,0.0,0.0,0.001934236,0.0,1,0,0,1,0
3390,-1,1,0.038405955,0.5096003,1,1,unassigned,11.0,11.0,0.0,1.0,0.0,0.0,0.017408123,0.0,1,0,0,1,0
3391,-1,1,0.84667593,0.6998694,1,1,unassigned,6.0,5.0,1.0,0.8333333,0.16666667,0.16666669,0.007736944,0.0012894907,1,0,0,1,0
3392,1,0,-0.35111558,0.41311193,0,1,unassigned,13.0,13.0,0.0,1.0,0.0,0.0,0.021276595,0.0,0,0,0,0,0
3393,-1,0,-0.42692178,0.39486164,0,1,unassigned,24.0,24.0,0.0,1.0,0.0,0.0,0.04255319,0.0,0,0,0,0,0
3394,-1,1,0.113774955,0.5284131,1,1,unassigned,2.0,1.0,1.0,0.5,0.5,0.5,0.0,0.0,1,0,0,1,0
3395,-1,0,-0.28751853,0.42861152,0,1,unassigned,10.0,10.0,0.0,1.0,0.0,0.0,0.015473888,0.0,0,0,0,0,0
3396,-1,0,3.3645442,0.96657795,1,1,unassigned,4.0,4.0,0.0,1.0,0.0,0.0,0.003868472,0.0,0,0,0,1,1
3397,0,1,3.288852,0.9640444,1,1,val,26.0,20.0,6.0,0.7692308,0.23076923,0.23076922,0.046421662,0.010712692,1,0,0,1,1
3398,-1,1,2.0798464,0.88892883,1,1,unassigned,8.0,7.0,1.0,0.875,0.125,0.125,0.0116054155,0.0014506769,1,0,0,1,0
3399,-1,0,3.8848126,0.9798622,1,1,unassigned,2.0,2.0,0.0,1.0,0.0,0.0,0.0,0.0,0,0,0,1,1
3400,-1,0,-0.36613268,0.4094758,0,1,unassigned,22.0,22.0,0.0,1.0,0.0,0.0,0.03868472,0.0,0,0,0,0,0
3401,-1,0,1.8448098,0.8635165,1,1,unassigned,7.0,7.0,0.0,1.0,0.0,0.0,0.00967118,0.0,0,0,0,1,0
3402,-1,0,8.197416,0.9997247,1,1,unassigned,6.0,6.0,0.0,1.0,0.0,0.0,0.007736944,0.0,0,0,0,1,1
3403,-1,0,1.592489,0.83096594,1,1,unassigned,3.0,3.0,0.0,1.0,0.0,0.0,0.001934236,0.0,0,0,0,1,0
3404,-1,1,-0.91157675,0.2866773,0,1,unassigned,31.0,30.0,1.0,0.9677419,0.032258064,0.032258093,0.056092843,0.0018094465,1,0,0,0,0
3405,-1,1,0.8216923,0.6945954,1,1,unassigned,2.0,2.0,0.0,1.0,0.0,0.0,0.0,0.0,1,0,0,1,0
3406,-1,1,1.9694564,0.8775527,1,1,unassigned,8.0,7.0,1.0,0.875,0.125,0.125,0.0116054155,0.0014506769,1,0,0,1,0
3407,-1,0,-0.21187758,0.44722784,0,1,unassigned,15.0,15.0,0.0,1.0,0.0,0.0,0.025145067,0.0,0,0,0,0,0
3408,-1,0,-0.08017194,0.4799677,0,1,unassigned,5.0,5.0,0.0,1.0,0.0,0.0,0.0058027077,0.0,0,0,0,0,0
3409,-1,0,0.009849727,0.5024624,1,1,unassigned,16.0,16.0,0.0,1.0,0.0,0.0,0.027079303,0.0,0,0,0,1,0
3410,-1,0,-0.49084336,0.3796949,0,1,unassigned,51.0,47.0,4.0,0.92156863,0.078431375,0.07843137,0.09477756,0.0074335346,0,0,0,0,0
3411,-1,0,0.18810189,0.5468873,1,1,unassigned,2.0,1.0,1.0,0.5,0.5,0.5,0.0,0.0,0,0,0,1,0
3412,-1,0,1.7917933,0.857147,1,1,unassigned,2.0,1.0,1.0,0.5,0.5,0.5,0.0,0.0,0,0,0,1,0
3413,-1,0,-0.8006628,0.30988374,0,1,unassigned,15.0,14.0,1.0,0.93333334,0.06666667,0.06666666,0.025145067,0.0016763379,0,0,0,0,0
3414,-1,0,4.1563888,0.9845776,1,1,unassigned,2.0,2.0,0.0,1.0,0.0,0.0,0.0,0.0,0,0,0,1,1
3415,0,1,-0.48113066,0.38198516,0,0,test,3.0,3.0,0.0,1.0,0.0,0.0,0.001934236,0.0,1,0,1,0,0
3416,-1,0,22.319338,1.0,1,1,unassigned,3.0,3.0,0.0,1.0,0.0,0.0,0.001934236,0.0,0,0,0,1,1
3417,-1,0,1.1101894,0.7521644,1,1,unassigned,12.0,11.0,1.0,0.9166667,0.083333336,0.08333331,0.01934236,0.0016118633,0,0,0,1,0
3418,-1,0,-0.6439181,0.3443614,0,1,unassigned,10.0,10.0,0.0,1.0,0.0,0.0,0.015473888,0.0,0,0,0,0,0
3419,-1,0,0.30791932,0.57637733,1,1,unassigned,81.0,77.0,4.0,0.9506173,0.049382716,0.049382687,0.15280464,0.0075459084,0,0,0,1,0
3420,0,1,1.1621735,0.76172745,1,1,val,39.0,34.0,5.0,0.8717949,0.12820514,0.12820512,0.07156673,0.009175222,1,0,0,1,0
3421,-1,0,1.4063506,0.8031897,1,1,unassigned,4.0,4.0,0.0,1.0,0.0,0.0,0.003868472,0.0,0,0,0,1,0
3422,-1,1,0.09754342,0.52436656,1,1,unassigned,7.0,6.0,1.0,0.85714287,0.14285715,0.14285713,0.00967118,0.0013815971,1,0,0,1,0
3423,-1,0,-0.9297157,0.2829824,0,1,unassigned,12.0,12.0,0.0,1.0,0.0,0.0,0.01934236,0.0,0,0,0,0,0
3424,-1,1,-0.2818653,0.42999652,0,1,unassigned,18.0,17.0,1.0,0.9444444,0.055555556,0.055555582,0.030947777,0.0017193209,1,0,0,0,0
3425,-1,1,-2.1888528,0.10075598,0,1,unassigned,2.0,1.0,1.0,0.5,0.5,0.5,0.0,0.0,1,0,0,0,0
3426,-1,0,1.2126529,0.770768,1,1,unassigned,3.0,3.0,0.0,1.0,0.0,0.0,0.001934236,0.0,0,0,0,1,0
3427,-1,1,0.13144237,0.5328134,1,1,unassigned,25.0,21.0,4.0,0.84,0.16,0.16000003,0.044487428,0.007117988,1,0,0,1,0
3428,1,0,4.8800025,0.9924603,1,0,unassigned,2.0,1.0,1.0,0.5,0.5,0.5,0.0,0.0,0,0,1,1,1
3429,-1,1,-0.78511834,0.31321782,0,1,unassigned,96.0,94.0,2.0,0.9791667,0.020833334,0.020833313,0.18181819,0.003787879,1,0,0,0,0
3430,-1,1,2.0763147,0.88857967,1,1,unassigned,56.0,54.0,2.0,0.96428573,0.035714287,0.03571427,0.10444874,0.0037303125,1,0,0,1,0
3431,-1,1,4.8280945,0.99206173,1,1,unassigned,3.0,2.0,1.0,0.6666667,0.33333334,0.3333333,0.001934236,0.00064474536,1,0,0,1,1
3432,-1,0,0.8668676,0.7040935,1,1,unassigned,64.0,63.0,1.0,0.984375,0.015625,0.015625,0.11992263,0.0018737911,0,0,0,1,0
3433,-1,1,-0.9047147,0.28808257,0,1,unassigned,35.0,33.0,2.0,0.94285715,0.057142857,0.057142854,0.06382979,0.0036474164,1,0,0,0,0
3434,-1,0,0.13047582,0.53257275,1,1,unassigned,57.0,55.0,2.0,0.9649123,0.03508772,0.035087705,0.10638298,0.0037327362,0,0,0,1,0
3435,-1,0,-0.67072386,0.3383348,0,1,unassigned,10.0,10.0,0.0,1.0,0.0,0.0,0.015473888,0.0,0,0,0,0,0
3436,-1,0,2.7000906,0.9370319,1,1,unassigned,12.0,8.0,4.0,0.6666667,0.33333334,0.3333333,0.01934236,0.006447453,0,0,0,1,1
3437,-1,0,1.9776342,0.87842876,1,1,unassigned,3.0,3.0,0.0,1.0,0.0,0.0,0.001934236,0.0,0,0,0,1,0
3438,-1,0,5.5332427,0.99606246,1,1,unassigned,9.0,9.0,0.0,1.0,0.0,0.0,0.013539651,0.0,0,0,0,1,1
3439,-1,0,-0.9315407,0.28261223,0,1,unassigned,31.0,30.0,1.0,0.9677419,0.032258064,0.032258093,0.056092843,0.0018094465,0,0,0,0,0
3440,-1,1,3.055578,0.9550227,1,1,unassigned,2.0,2.0,0.0,1.0,0.0,0.0,0.0,0.0,1,0,0,1,1
3441,-1,1,2.9288642,0.949255,1,1,unassigned,14.0,14.0,0.0,1.0,0.0,0.0,0.023210831,0.0,1,0,0,1,1
3442,-1,0,4.328381,0.9869828,1,1,unassigned,4.0,4.0,0.0,1.0,0.0,0.0,0.003868472,0.0,0,0,0,1,1
3443,-1,1,2.8305666,0.9443054,1,1,unassigned,17.0,15.0,2.0,0.88235295,0.11764706,0.11764705,0.029013539,0.0034133575,1,0,0,1,1
3444,-1,1,1.7572842,0.85286915,1,1,unassigned,2.0,2.0,0.0,1.0,0.0,0.0,0.0,0.0,1,0,0,1,0
3445,-1,0,3.0304625,0.95393145,1,1,unassigned,10.0,9.0,1.0,0.9,0.1,0.100000024,0.015473888,0.0015473888,0,0,0,1,1
3446,-1,0,-0.89617056,0.28983808,0,1,unassigned,11.0,8.0,3.0,0.72727275,0.27272728,0.27272725,0.017408123,0.00474767,0,0,0,0,0
3447,-1,0,1.6227081,0.83516824,1,1,unassigned,15.0,14.0,1.0,0.93333334,0.06666667,0.06666666,0.025145067,0.0016763379,0,0,0,1,0
3448,-1,0,1.5803356,0.82925206,1,1,unassigned,6.0,6.0,0.0,1.0,0.0,0.0,0.007736944,0.0,0,0,0,1,0
3449,-1,0,1.5227733,0.8209465,1,1,unassigned,6.0,6.0,0.0,1.0,0.0,0.0,0.007736944,0.0,0,0,0,1,0
3450,0,1,0.0924117,0.5230865,1,1,unassigned,14.0,14.0,0.0,1.0,0.0,0.0,0.023210831,0.0,1,0,0,1,0
3451,1,1,-0.5645252,0.36250106,0,1,val,100.0,93.0,7.0,0.93,0.07,0.06999999,0.18955512,0.013268859,1,0,0,0,0
3452,-1,0,4.7466855,0.9913942,1,1,unassigned,10.0,6.0,4.0,0.6,0.4,0.39999998,0.015473888,0.0061895554,0,0,0,1,1
3453,-1,1,-0.28334385,0.4296342,0,1,unassigned,42.0,42.0,0.0,1.0,0.0,0.0,0.07736944,0.0,1,0,0,0,0
3454,1,0,0.32413918,0.58033264,1,0,val,2.0,1.0,1.0,0.5,0.5,0.5,0.0,0.0,0,0,1,1,0
3455,-1,1,0.7668639,0.6828421,1,1,unassigned,3.0,3.0,0.0,1.0,0.0,0.0,0.001934236,0.0,1,0,0,1,0
3456,-1,0,1.7994883,0.85808665,1,1,unassigned,3.0,3.0,0.0,1.0,0.0,0.0,0.001934236,0.0,0,0,0,1,0
3457,-1,0,-0.61448294,0.35103726,0,1,unassigned,16.0,16.0,0.0,1.0,0.0,0.0,0.027079303,0.0,0,0,0,0,0
3458,-1,0,-0.68957597,0.3341274,0,1,unassigned,2.0,2.0,0.0,1.0,0.0,0.0,0.0,0.0,0,0,0,0,0
3459,-1,0,-0.10970938,0.47260013,0,1,unassigned,16.0,14.0,2.0,0.875,0.125,0.125,0.027079303,0.0033849129,0,0,0,0,0
3460,-1,0,0.31864172,0.5789932,1,1,unassigned,3.0,3.0,0.0,1.0,0.0,0.0,0.001934236,0.0,0,0,0,1,0
3461,-1,0,-0.6694611,0.3386175,0,1,unassigned,56.0,54.0,2.0,0.96428573,0.035714287,0.03571427,0.10444874,0.0037303125,0,0,0,0,0
3462,-1,0,4.272845,0.98624957,1,1,unassigned,2.0,2.0,0.0,1.0,0.0,0.0,0.0,0.0,0,0,0,1,1
3463,-1,1,4.0093665,0.9821785,1,1,unassigned,9.0,9.0,0.0,1.0,0.0,0.0,0.013539651,0.0,1,0,0,1,1
3464,1,0,4.534325,0.9893798,1,0,train,4.0,4.0,0.0,1.0,0.0,0.0,0.003868472,0.0,0,0,1,1,1
3465,-1,0,-0.41491225,0.39773485,0,1,unassigned,11.0,11.0,0.0,1.0,0.0,0.0,0.017408123,0.0,0,0,0,0,0
3466,-1,0,3.3821113,0.9671408,1,1,unassigned,2.0,2.0,0.0,1.0,0.0,0.0,0.0,0.0,0,0,0,1,1
3467,-1,0,0.47340292,0.6161889,1,1,unassigned,3.0,3.0,0.0,1.0,0.0,0.0,0.001934236,0.0,0,0,0,1,0
3468,-1,0,-0.70303714,0.33113918,0,1,unassigned,53.0,52.0,1.0,0.9811321,0.018867925,0.01886791,0.09864604,0.0018612461,0,0,0,0,0
3469,-1,0,-0.27881846,0.43074346,0,1,unassigned,3.0,3.0,0.0,1.0,0.0,0.0,0.001934236,0.0,0,0,0,0,0
3470,-1,0,-0.35464925,0.41225544,0,1,unassigned,2.0,2.0,0.0,1.0,0.0,0.0,0.0,0.0,0,0,0,0,0
3471,-1,1,1.2224503,0.7724945,1,1,unassigned,16.0,16.0,0.0,1.0,0.0,0.0,0.027079303,0.0,1,0,0,1,0
3472,-1,0,0.40768397,0.6005324,1,1,unassigned,2.0,2.0,0.0,1.0,0.0,0.0,0.0,0.0,0,0,0,1,0
3473,-1,0,-0.23676288,0.44108424,0,1,unassigned,7.0,7.0,0.0,1.0,0.0,0.0,0.00967118,0.0,0,0,0,0,0
3474,-1,1,-0.20357993,0.44928008,0,1,unassigned,21.0,21.0,0.0,1.0,0.0,0.0,0.036750484,0.0,1,0,0,0,0
3475,-1,1,5.115514,0.9940329,1,1,unassigned,23.0,19.0,4.0,0.82608694,0.17391305,0.17391306,0.040618956,0.0070641665,1,0,0,1,1
3476,-1,1,4.0938563,0.9835987,1,1,unassigned,6.0,6.0,0.0,1.0,0.0,0.0,0.007736944,0.0,1,0,0,1,1
3477,-1,0,2.843201,0.94496614,1,1,unassigned,3.0,3.0,0.0,1.0,0.0,0.0,0.001934236,0.0,0,0,0,1,1
3478,0,1,-1.4409709,0.19139504,0,0,test,2.0,1.0,1.0,0.5,0.5,0.5,0.0,0.0,1,0,1,0,0
3479,-1,1,0.13675171,0.53413475,1,1,unassigned,13.0,13.0,0.0,1.0,0.0,0.0,0.021276595,0.0,1,0,0,1,0
3480,-1,0,1.9549661,0.8759872,1,1,unassigned,2.0,1.0,1.0,0.5,0.5,0.5,0.0,0.0,0,0,0,1,0
3481,-1,0,2.191104,0.8994478,1,1,unassigned,6.0,6.0,0.0,1.0,0.0,0.0,0.007736944,0.0,0,0,0,1,0
3482,-1,1,-0.77728295,0.31490576,0,1,unassigned,16.0,16.0,0.0,1.0,0.0,0.0,0.027079303,0.0,1,0,0,0,0
3483,-1,0,0.73610836,0.67614424,1,1,unassigned,4.0,4.0,0.0,1.0,0.0,0.0,0.003868472,0.0,0,0,0,1,0
3484,-1,1,-0.7709075,0.3162828,0,1,unassigned,16.0,16.0,0.0,1.0,0.0,0.0,0.027079303,0.0,1,0,0,0,0
3485,-1,1,3.408776,0.9679777,1,1,unassigned,7.0,7.0,0.0,1.0,0.0,0.0,0.00967118,0.0,1,0,0,1,1
3486,-1,0,-0.61188626,0.35162902,0,1,unassigned,58.0,58.0,0.0,1.0,0.0,0.0,0.10831721,0.0,0,0,0,0,0
3487,-1,0,0.2729426,0.5678151,1,1,unassigned,3.0,3.0,0.0,1.0,0.0,0.0,0.001934236,0.0,0,0,0,1,0
3488,-1,1,1.8500793,0.86413646,1,1,unassigned,7.0,7.0,0.0,1.0,0.0,0.0,0.00967118,0.0,1,0,0,1,0
3489,-1,0,-0.89501643,0.2900757,0,1,unassigned,39.0,31.0,8.0,0.7948718,0.20512821,0.2051282,0.07156673,0.014680355,0,0,0,0,0
3490,-1,0,-0.14387801,0.46409243,0,1,unassigned,18.0,18.0,0.0,1.0,0.0,0.0,0.030947777,0.0,0,0,0,0,0
3491,-1,0,0.3876024,0.5957054,1,1,unassigned,12.0,9.0,3.0,0.75,0.25,0.25,0.01934236,0.00483559,0,0,0,1,0
3492,-1,0,5.2447658,0.99475265,1,1,unassigned,11.0,9.0,2.0,0.8181818,0.18181819,0.18181819,0.017408123,0.0031651135,0,0,0,1,1
3493,-1,1,-0.16145962,0.45972255,0,1,unassigned,10.0,10.0,0.0,1.0,0.0,0.0,0.015473888,0.0,1,0,0,0,0
3494,-1,0,1.3488457,0.7939409,1,1,unassigned,2.0,2.0,0.0,1.0,0.0,0.0,0.0,0.0,0,0,0,1,0
3495,-1,0,2.843201,0.94496614,1,1,unassigned,3.0,3.0,0.0,1.0,0.0,0.0,0.001934236,0.0,0,0,0,1,1
3496,-1,0,4.146896,0.9844327,1,1,unassigned,2.0,2.0,0.0,1.0,0.0,0.0,0.0,0.0,0,0,0,1,1
3497,-1,0,-0.072473705,0.4818895,0,1,unassigned,2.0,2.0,0.0,1.0,0.0,0.0,0.0,0.0,0,0,0,0,0
3498,-1,1,-0.20735809,0.44834545,0,1,unassigned,17.0,14.0,3.0,0.8235294,0.1764706,0.17647058,0.029013539,0.005120036,1,0,0,0,0
3499,-1,0,0.40180892,0.59912217,1,1,unassigned,2.0,2.0,0.0,1.0,0.0,0.0,0.0,0.0,0,0,0,1,0
3500,-1,0,0.8106614,0.69225043,1,1,unassigned,17.0,14.0,3.0,0.8235294,0.1764706,0.17647058,0.029013539,0.005120036,0,0,0,1,0
3501,-1,0,-0.46178126,0.38656336,0,1,unassigned,4.0,3.0,1.0,0.75,0.25,0.25,0.003868472,0.000967118,0,0,0,0,0
3502,-1,0,2.0823448,0.8891753,1,1,unassigned,2.0,2.0,0.0,1.0,0.0,0.0,0.0,0.0,0,0,0,1,0
3503,-1,0,0.31006193,0.57690036,1,1,unassigned,21.0,21.0,0.0,1.0,0.0,0.0,0.036750484,0.0,0,0,0,1,0
3504,-1,0,-0.8041759,0.30913296,0,1,unassigned,47.0,45.0,2.0,0.9574468,0.04255319,0.042553186,0.08704062,0.003703856,0,0,0,0,0
3505,-1,0,-0.83829725,0.30189353,0,1,unassigned,77.0,77.0,0.0,1.0,0.0,0.0,0.14506769,0.0,0,0,0,0,0
3506,-1,0,-0.052684486,0.48683187,0,1,unassigned,44.0,43.0,1.0,0.97727275,0.022727273,0.022727251,0.08123791,0.0018463163,0,0,0,0,0
3507,0,0,-0.73254794,0.32463583,0,0,unassigned,153.0,150.0,3.0,0.98039216,0.019607844,0.019607842,0.29206964,0.005726856,0,0,1,0,0
3508,-1,0,0.57008535,0.63878286,1,1,unassigned,10.0,10.0,0.0,1.0,0.0,0.0,0.015473888,0.0,0,0,0,1,0
3509,0,0,-0.46113756,0.386716,0,0,unassigned,29.0,29.0,0.0,1.0,0.0,0.0,0.05222437,0.0,0,0,1,0,0
3510,-1,0,0.016205251,0.5040512,1,1,unassigned,17.0,16.0,1.0,0.9411765,0.05882353,0.058823526,0.029013539,0.0017066788,0,0,0,1,0
3511,-1,0,0.34685254,0.5858541,1,1,unassigned,24.0,24.0,0.0,1.0,0.0,0.0,0.04255319,0.0,0,0,0,1,0
3512,1,0,-0.029835522,0.49254167,0,1,unassigned,8.0,7.0,1.0,0.875,0.125,0.125,0.0116054155,0.0014506769,0,0,0,0,0
3513,-1,0,1.2016125,0.7688115,1,1,unassigned,2.0,2.0,0.0,1.0,0.0,0.0,0.0,0.0,0,0,0,1,0
3514,-1,1,1.0543504,0.7416094,1,1,unassigned,3.0,2.0,1.0,0.6666667,0.33333334,0.3333333,0.001934236,0.00064474536,1,0,0,1,0
3515,-1,0,0.3862394,0.5953771,1,1,unassigned,25.0,25.0,0.0,1.0,0.0,0.0,0.044487428,0.0,0,0,0,1,0
3516,-1,0,-0.27463448,0.4317697,0,1,unassigned,4.0,4.0,0.0,1.0,0.0,0.0,0.003868472,0.0,0,0,0,0,0
3517,-1,1,2.4028752,0.9170463,1,1,unassigned,12.0,10.0,2.0,0.8333333,0.16666667,0.16666669,0.01934236,0.0032237265,1,0,0,1,1
3518,-1,0,3.7083857,0.9760696,1,1,unassigned,5.0,4.0,1.0,0.8,0.2,0.19999999,0.0058027077,0.0011605415,0,0,0,1,1
3519,1,0,1.5008106,0.8176953,1,0,test,7.0,7.0,0.0,1.0,0.0,0.0,0.00967118,0.0,0,0,1,1,0
3520,-1,0,0.48489147,0.61890227,1,1,unassigned,12.0,10.0,2.0,0.8333333,0.16666667,0.16666669,0.01934236,0.0032237265,0,0,0,1,0
3521,-1,0,6.344579,0.9982469,1,1,unassigned,31.0,29.0,2.0,0.9354839,0.06451613,0.06451613,0.056092843,0.003618893,0,0,0,1,1
3522,1,0,4.8027077,0.9918594,1,0,unassigned,3.0,3.0,0.0,1.0,0.0,0.0,0.001934236,0.0,0,0,1,1,1
3523,-1,1,-0.85317,0.2987683,0,1,unassigned,5.0,5.0,0.0,1.0,0.0,0.0,0.0058027077,0.0,1,0,0,0,0
3524,-1,0,4.928025,0.99281126,1,1,unassigned,3.0,3.0,0.0,1.0,0.0,0.0,0.001934236,0.0,0,0,0,1,1
3525,-1,0,9.097621,0.99988806,1,1,unassigned,10.0,4.0,6.0,0.4,0.6,0.6,0.015473888,0.009284333,0,0,0,1,1
3526,-1,0,3.3634763,0.96654344,1,1,unassigned,3.0,3.0,0.0,1.0,0.0,0.0,0.001934236,0.0,0,0,0,1,1
3527,-1,0,3.4894583,0.9703864,1,1,unassigned,9.0,9.0,0.0,1.0,0.0,0.0,0.013539651,0.0,0,0,0,1,1
3528,-1,0,8.497271,0.9997961,1,1,unassigned,3.0,2.0,1.0,0.6666667,0.33333334,0.3333333,0.001934236,0.00064474536,0,0,0,1,1
3529,-1,0,-0.602055,0.35387367,0,1,unassigned,9.0,9.0,0.0,1.0,0.0,0.0,0.013539651,0.0,0,0,0,0,0
3530,0,0,-0.4896815,0.3799686,0,0,train,19.0,19.0,0.0,1.0,0.0,0.0,0.032882012,0.0,0,0,1,0,0
3531,-1,0,-0.3382827,0.4162267,0,1,unassigned,10.0,10.0,0.0,1.0,0.0,0.0,0.015473888,0.0,0,0,0,0,0
3532,-1,0,3.8998663,0.98015714,1,1,unassigned,2.0,2.0,0.0,1.0,0.0,0.0,0.0,0.0,0,0,0,1,1
3533,-1,1,1.1087487,0.7518958,1,1,unassigned,6.0,6.0,0.0,1.0,0.0,0.0,0.007736944,0.0,1,0,0,1,0
3534,-1,0,3.3985627,0.9676596,1,1,unassigned,2.0,2.0,0.0,1.0,0.0,0.0,0.0,0.0,0,0,0,1,1
3535,-1,0,3.261245,0.96307504,1,1,unassigned,2.0,2.0,0.0,1.0,0.0,0.0,0.0,0.0,0,0,0,1,1
3536,-1,0,3.6903508,0.9756447,1,1,unassigned,4.0,3.0,1.0,0.75,0.25,0.25,0.003868472,0.000967118,0,0,0,1,1
3537,-1,0,9.72941,0.9999405,1,1,unassigned,6.0,5.0,1.0,0.8333333,0.16666667,0.16666669,0.007736944,0.0012894907,0,0,0,1,1
3538,1,0,8.791771,0.999848,1,0,unassigned,2.0,2.0,0.0,1.0,0.0,0.0,0.0,0.0,0,0,1,1,1
3539,-1,0,-0.8923606,0.29062292,0,1,unassigned,52.0,52.0,0.0,1.0,0.0,0.0,0.0967118,0.0,0,0,0,0,0
3540,-1,1,-0.098942876,0.47528446,0,1,unassigned,4.0,4.0,0.0,1.0,0.0,0.0,0.003868472,0.0,1,0,0,0,0
3541,-1,1,1.9289143,0.8731292,1,1,unassigned,2.0,1.0,1.0,0.5,0.5,0.5,0.0,0.0,1,0,0,1,0
3542,-1,0,-0.63115305,0.34724912,0,1,unassigned,43.0,43.0,0.0,1.0,0.0,0.0,0.079303674,0.0,0,0,0,0,0
3543,-1,0,5.1480384,0.9942228,1,1,unassigned,7.0,5.0,2.0,0.71428573,0.2857143,0.28571427,0.00967118,0.0027631943,0,0,0,1,1
3544,-1,0,4.039609,0.9827002,1,1,unassigned,3.0,3.0,0.0,1.0,0.0,0.0,0.001934236,0.0,0,0,0,1,1
3545,-1,0,-0.30225483,0.42500636,0,1,unassigned,11.0,11.0,0.0,1.0,0.0,0.0,0.017408123,0.0,0,0,0,0,0
3546,-1,0,-0.7624309,0.31811872,0,1,unassigned,36.0,35.0,1.0,0.9722222,0.027777778,0.027777791,0.065764025,0.0018267785,0,0,0,0,0
3547,-1,0,1.6320779,0.8364541,1,1,unassigned,70.0,70.0,0.0,1.0,0.0,0.0,0.13152805,0.0,0,0,0,1,0
3548,-1,0,0.24976963,0.5621198,1,1,unassigned,8.0,6.0,2.0,0.75,0.25,0.25,0.0116054155,0.0029013539,0,0,0,1,0
3549,-1,0,-0.50468135,0.37644115,0,1,unassigned,112.0,110.0,2.0,0.98214287,0.017857144,0.017857134,0.21276596,0.0037993924,0,0,0,0,0
3550,-1,0,1.9031277,0.87024516,1,1,unassigned,36.0,31.0,5.0,0.8611111,0.1388889,0.1388889,0.065764025,0.009133893,0,0,0,1,0
3551,-1,1,0.04062456,0.5101547,1,1,unassigned,2.0,2.0,0.0,1.0,0.0,0.0,0.0,0.0,1,0,0,1,0
3552,-1,0,-0.42755777,0.39470965,0,1,unassigned,11.0,10.0,1.0,0.90909094,0.09090909,0.090909064,0.017408123,0.0015825568,0,0,0,0,0
3553,-1,0,4.4022393,0.9878984,1,1,unassigned,5.0,2.0,3.0,0.4,0.6,0.6,0.0058027077,0.0034816249,0,0,0,1,1
3554,-1,0,8.667023,0.99982786,1,1,unassigned,2.0,1.0,1.0,0.5,0.5,0.5,0.0,0.0,0,0,0,1,1
3555,-1,1,8.41227,0.999778,1,1,unassigned,3.0,1.0,2.0,0.33333334,0.6666667,0.6666666,0.001934236,0.0012894907,1,0,0,1,1
3556,-1,0,-0.7273211,0.32578287,0,1,unassigned,25.0,25.0,0.0,1.0,0.0,0.0,0.044487428,0.0,0,0,0,0,0
3557,0,0,-0.5618668,0.3631156,0,0,test,57.0,57.0,0.0,1.0,0.0,0.0,0.10638298,0.0,0,0,1,0,0
3558,-1,0,-0.12755477,0.46815452,0,1,unassigned,36.0,36.0,0.0,1.0,0.0,0.0,0.065764025,0.0,0,0,0,0,0
3559,0,1,-0.8360026,0.30237734,0,0,test,40.0,37.0,3.0,0.925,0.075,0.07499999,0.07350097,0.005512573,1,0,1,0,0
3560,-1,0,0.50200707,0.6229309,1,1,unassigned,2.0,1.0,1.0,0.5,0.5,0.5,0.0,0.0,0,0,0,1,0
3561,1,0,3.9734156,0.9815382,1,0,val,9.0,9.0,0.0,1.0,0.0,0.0,0.013539651,0.0,0,0,1,1,1
3562,-1,1,3.0607288,0.95524347,1,1,unassigned,4.0,4.0,0.0,1.0,0.0,0.0,0.003868472,0.0,1,0,0,1,1
3563,-1,1,3.3074465,0.9646834,1,1,unassigned,2.0,2.0,0.0,1.0,0.0,0.0,0.0,0.0,1,0,0,1,1
3564,-1,1,0.23094285,0.55748045,1,1,unassigned,18.0,18.0,0.0,1.0,0.0,0.0,0.030947777,0.0,1,0,0,1,0
3565,-1,1,-1.5210029,0.17931388,0,1,unassigned,2.0,1.0,1.0,0.5,0.5,0.5,0.0,0.0,1,0,0,0,0
3566,-1,0,1.7228627,0.8484972,1,1,unassigned,14.0,14.0,0.0,1.0,0.0,0.0,0.023210831,0.0,0,0,0,1,0
3567,-1,0,-0.3002769,0.4254898,0,1,unassigned,16.0,16.0,0.0,1.0,0.0,0.0,0.027079303,0.0,0,0,0,0,0
3568,-1,1,-0.3768933,0.4068764,0,1,unassigned,3.0,3.0,0.0,1.0,0.0,0.0,0.001934236,0.0,1,0,0,0,0
3569,-1,0,-0.8441477,0.30066198,0,1,unassigned,22.0,21.0,1.0,0.95454544,0.045454547,0.04545456,0.03868472,0.0017583964,0,0,0,0,0
3570,-1,1,5.568678,0.99619895,1,1,unassigned,4.0,2.0,2.0,0.5,0.5,0.5,0.003868472,0.001934236,1,0,0,1,1
3571,-1,1,5.275584,0.99491113,1,1,unassigned,17.0,13.0,4.0,0.7647059,0.23529412,0.2352941,0.029013539,0.006826715,1,0,0,1,1
3572,-1,0,1.5772657,0.82881695,1,1,unassigned,3.0,3.0,0.0,1.0,0.0,0.0,0.001934236,0.0,0,0,0,1,0
3573,-1,1,1.147948,0.7591359,1,1,unassigned,9.0,6.0,3.0,0.6666667,0.33333334,0.3333333,0.013539651,0.004513217,1,0,0,1,0
3574,-1,0,3.6600487,0.97491425,1,1,unassigned,5.0,5.0,0.0,1.0,0.0,0.0,0.0058027077,0.0,0,0,0,1,1
3575,-1,0,4.770588,0.9915958,1,1,unassigned,61.0,60.0,1.0,0.9836066,0.016393442,0.016393423,0.114119925,0.0018708183,0,0,0,1,1
3576,-1,0,3.505854,0.9708539,1,1,unassigned,7.0,6.0,1.0,0.85714287,0.14285715,0.14285713,0.00967118,0.0013815971,0,0,0,1,1
3577,-1,0,0.36138082,0.5893746,1,1,unassigned,10.0,1.0,9.0,0.1,0.9,0.9,0.015473888,0.0139264995,0,0,0,1,0
3578,-1,0,2.9031298,0.9480009,1,1,unassigned,3.0,3.0,0.0,1.0,0.0,0.0,0.001934236,0.0,0,0,0,1,1
3579,-1,1,3.9724476,0.9815206,1,1,unassigned,10.0,5.0,5.0,0.5,0.5,0.5,0.015473888,0.007736944,1,0,0,1,1
3580,-1,0,-1.217282,0.22841513,0,1,unassigned,3.0,3.0,0.0,1.0,0.0,0.0,0.001934236,0.0,0,0,0,0,0
3581,-1,0,1.2685218,0.7804896,1,1,unassigned,7.0,6.0,1.0,0.85714287,0.14285715,0.14285713,0.00967118,0.0013815971,0,0,0,1,0
3582,0,0,-0.5392818,0.36835468,0,0,unassigned,36.0,34.0,2.0,0.9444444,0.055555556,0.055555582,0.065764025,0.003653557,0,0,1,0,0
3583,-1,0,0.042345583,0.5105848,1,1,unassigned,3.0,3.0,0.0,1.0,0.0,0.0,0.001934236,0.0,0,0,0,1,0
3584,-1,0,5.2789383,0.994928,1,1,unassigned,11.0,9.0,2.0,0.8181818,0.18181819,0.18181819,0.017408123,0.0031651135,0,0,0,1,1
3585,-1,1,5.8527646,0.99713624,1,1,unassigned,12.0,10.0,2.0,0.8333333,0.16666667,0.16666669,0.01934236,0.0032237265,1,0,0,1,1
3586,-1,1,-0.54363704,0.3673419,0,1,unassigned,28.0,27.0,1.0,0.96428573,0.035714287,0.03571427,0.050290134,0.0017960763,1,0,0,0,0
3587,-1,1,-0.48828137,0.38029853,0,1,unassigned,91.0,88.0,3.0,0.96703297,0.032967035,0.03296703,0.172147,0.005675176,1,0,0,0,0
3588,-1,0,-0.49350786,0.37906754,0,1,unassigned,6.0,6.0,0.0,1.0,0.0,0.0,0.007736944,0.0,0,0,0,0,0
3589,-1,0,0.2817164,0.569967,1,1,unassigned,12.0,11.0,1.0,0.9166667,0.083333336,0.08333331,0.01934236,0.0016118633,0,0,0,1,0
3590,-1,0,-0.06942809,0.48264992,0,1,unassigned,18.0,18.0,0.0,1.0,0.0,0.0,0.030947777,0.0,0,0,0,0,0
3591,-1,0,0.89885443,0.71071404,1,1,unassigned,15.0,15.0,0.0,1.0,0.0,0.0,0.025145067,0.0,0,0,0,1,0
3592,1,0,-0.51865464,0.3731669,0,1,unassigned,10.0,10.0,0.0,1.0,0.0,0.0,0.015473888,0.0,0,0,0,0,0
3593,-1,0,-0.43006366,0.39411113,0,1,unassigned,17.0,17.0,0.0,1.0,0.0,0.0,0.029013539,0.0,0,0,0,0,0
3594,-1,0,-0.21274641,0.44701308,0,1,unassigned,6.0,5.0,1.0,0.8333333,0.16666667,0.16666669,0.007736944,0.0012894907,0,0,0,0,0
3595,-1,0,-0.6301259,0.347482,0,1,unassigned,9.0,9.0,0.0,1.0,0.0,0.0,0.013539651,0.0,0,0,0,0,0
3596,-1,1,6.177234,0.99792814,1,1,unassigned,4.0,4.0,0.0,1.0,0.0,0.0,0.003868472,0.0,1,0,0,1,1
3597,-1,1,3.260746,0.96305734,1,1,unassigned,2.0,2.0,0.0,1.0,0.0,0.0,0.0,0.0,1,0,0,1,1
3598,-1,0,0.19597656,0.54883796,1,1,unassigned,2.0,2.0,0.0,1.0,0.0,0.0,0.0,0.0,0,0,0,1,0
3599,-1,1,-0.351226,0.41308516,0,1,unassigned,9.0,9.0,0.0,1.0,0.0,0.0,0.013539651,0.0,1,0,0,0,0
3600,-1,1,-0.84700793,0.30006087,0,1,unassigned,4.0,4.0,0.0,1.0,0.0,0.0,0.003868472,0.0,1,0,0,0,0
3601,-1,0,4.314324,0.9868009,1,1,unassigned,2.0,1.0,1.0,0.5,0.5,0.5,0.0,0.0,0,0,0,1,1
3602,-1,1,0.28137106,0.56988233,1,1,unassigned,3.0,3.0,0.0,1.0,0.0,0.0,0.001934236,0.0,1,0,0,1,0
3603,1,0,-0.50253564,0.37694496,0,1,test,9.0,8.0,1.0,0.8888889,0.11111111,0.111111104,0.013539651,0.0015044058,0,0,0,0,0
3604,-1,0,1.3339889,0.7914997,1,1,unassigned,7.0,7.0,0.0,1.0,0.0,0.0,0.00967118,0.0,0,0,0,1,0
3605,-1,1,0.99081403,0.72924864,1,1,unassigned,5.0,3.0,2.0,0.6,0.4,0.39999998,0.0058027077,0.002321083,1,0,0,1,0
3606,-1,1,-0.4505291,0.389235,0,1,unassigned,18.0,18.0,0.0,1.0,0.0,0.0,0.030947777,0.0,1,0,0,0,0
3607,-1,0,-0.08750996,0.47813648,0,1,unassigned,23.0,23.0,0.0,1.0,0.0,0.0,0.040618956,0.0,0,0,0,0,0
3608,-1,1,4.7712226,0.9916011,1,1,unassigned,12.0,12.0,0.0,1.0,0.0,0.0,0.01934236,0.0,1,0,0,1,1
3609,-1,0,0.91694576,0.71441936,1,1,unassigned,3.0,3.0,0.0,1.0,0.0,0.0,0.001934236,0.0,0,0,0,1,0
3610,-1,1,-0.14184296,0.46459857,0,1,unassigned,8.0,7.0,1.0,0.875,0.125,0.125,0.0116054155,0.0014506769,1,0,0,0,0
3611,-1,0,3.4422653,0.9689997,1,1,unassigned,2.0,2.0,0.0,1.0,0.0,0.0,0.0,0.0,0,0,0,1,1
3612,-1,0,13.129629,0.999998,1,1,unassigned,20.0,19.0,1.0,0.95,0.05,0.050000012,0.034816246,0.0017408123,0,0,0,1,1
3613,-1,0,3.0360107,0.9541747,1,1,unassigned,2.0,2.0,0.0,1.0,0.0,0.0,0.0,0.0,0,0,0,1,1
3614,-1,0,3.946225,0.9810389,1,1,unassigned,8.0,7.0,1.0,0.875,0.125,0.125,0.0116054155,0.0014506769,0,0,0,1,1
3615,-1,0,3.6546714,0.9747824,1,1,unassigned,3.0,3.0,0.0,1.0,0.0,0.0,0.001934236,0.0,0,0,0,1,1
3616,-1,0,4.3317313,0.9870258,1,1,unassigned,15.0,15.0,0.0,1.0,0.0,0.0,0.025145067,0.0,0,0,0,1,1
3617,-1,0,0.3935029,0.59712565,1,1,unassigned,7.0,7.0,0.0,1.0,0.0,0.0,0.00967118,0.0,0,0,0,1,0
3618,-1,0,2.5569637,0.92803997,1,1,unassigned,3.0,3.0,0.0,1.0,0.0,0.0,0.001934236,0.0,0,0,0,1,1
3619,-1,0,1.4047542,0.8029372,1,1,unassigned,7.0,6.0,1.0,0.85714287,0.14285715,0.14285713,0.00967118,0.0013815971,0,0,0,1,0
3620,-1,0,-0.14700437,0.46331495,0,1,unassigned,3.0,2.0,1.0,0.6666667,0.33333334,0.3333333,0.001934236,0.00064474536,0,0,0,0,0
3621,1,0,0.058789313,0.5146931,1,0,val,22.0,21.0,1.0,0.95454544,0.045454547,0.04545456,0.03868472,0.0017583964,0,0,1,1,0
3622,-1,0,-0.19565165,0.45124254,0,1,unassigned,6.0,2.0,4.0,0.33333334,0.6666667,0.6666666,0.007736944,0.005157963,0,0,0,0,0
3623,-1,0,0.5134912,0.62562454,1,1,unassigned,9.0,7.0,2.0,0.7777778,0.22222222,0.22222221,0.013539651,0.0030088115,0,0,0,1,0
3624,-1,1,9.273647,0.9999062,1,1,unassigned,2.0,2.0,0.0,1.0,0.0,0.0,0.0,0.0,1,0,0,1,1
3625,-1,0,0.8843315,0.707719,1,1,unassigned,10.0,10.0,0.0,1.0,0.0,0.0,0.015473888,0.0,0,0,0,1,0
3626,-1,0,-2.000032,0.119199574,0,1,unassigned,2.0,2.0,0.0,1.0,0.0,0.0,0.0,0.0,0,0,0,0,0
3627,-1,0,3.554065,0.9721876,1,1,unassigned,2.0,1.0,1.0,0.5,0.5,0.5,0.0,0.0,0,0,0,1,1
3628,-1,1,3.4118495,0.9680728,1,1,unassigned,5.0,5.0,0.0,1.0,0.0,0.0,0.0058027077,0.0,1,0,0,1,1
3629,1,1,-0.4312577,0.39382604,0,1,val,7.0,7.0,0.0,1.0,0.0,0.0,0.00967118,0.0,1,0,0,0,0
3630,-1,0,4.6624985,0.9906455,1,1,unassigned,3.0,2.0,1.0,0.6666667,0.33333334,0.3333333,0.001934236,0.00064474536,0,0,0,1,1
3631,-1,1,-0.87951016,0.2932793,0,1,unassigned,46.0,45.0,1.0,0.9782609,0.02173913,0.021739125,0.08510638,0.0018501388,1,0,0,0,0
3632,-1,1,5.1630454,0.9943084,1,1,unassigned,8.0,5.0,3.0,0.625,0.375,0.375,0.0116054155,0.004352031,1,0,0,1,1
3633,-1,0,3.1090722,0.95726544,1,1,unassigned,8.0,8.0,0.0,1.0,0.0,0.0,0.0116054155,0.0,0,0,0,1,1
3634,0,0,3.0739381,0.9558049,1,1,unassigned,5.0,5.0,0.0,1.0,0.0,0.0,0.0058027077,0.0,0,0,0,1,1
3635,-1,1,-0.9005835,0.28893062,0,1,unassigned,89.0,84.0,5.0,0.94382024,0.056179777,0.056179762,0.16827853,0.00945385,1,0,0,0,0
3636,-1,0,2.938861,0.9497344,1,1,unassigned,2.0,2.0,0.0,1.0,0.0,0.0,0.0,0.0,0,0,0,1,1
3637,1,1,0.2870136,0.57126486,1,0,val,4.0,3.0,1.0,0.75,0.25,0.25,0.003868472,0.000967118,1,0,1,1,0
3638,-1,0,-0.43251246,0.39352655,0,1,unassigned,4.0,4.0,0.0,1.0,0.0,0.0,0.003868472,0.0,0,0,0,0,0
3639,-1,0,0.08255476,0.52062696,1,1,unassigned,6.0,6.0,0.0,1.0,0.0,0.0,0.007736944,0.0,0,0,0,1,0
3640,-1,1,0.21829039,0.55435693,1,1,unassigned,8.0,7.0,1.0,0.875,0.125,0.125,0.0116054155,0.0014506769,1,0,0,1,0
3641,-1,0,5.4032445,0.99551827,1,1,unassigned,10.0,10.0,0.0,1.0,0.0,0.0,0.015473888,0.0,0,0,0,1,1
3642,0,0,-0.6794635,0.33638108,0,0,unassigned,9.0,9.0,0.0,1.0,0.0,0.0,0.013539651,0.0,0,0,1,0,0
3643,-1,0,2.7620223,0.9405888,1,1,unassigned,18.0,18.0,0.0,1.0,0.0,0.0,0.030947777,0.0,0,0,0,1,1
3644,-1,0,-0.22706077,0.44347742,0,1,unassigned,2.0,1.0,1.0,0.5,0.5,0.5,0.0,0.0,0,0,0,0,0
3645,-1,1,-0.4540637,0.388395,0,1,unassigned,36.0,36.0,0.0,1.0,0.0,0.0,0.065764025,0.0,1,0,0,0,0
3646,-1,0,-0.51975083,0.3729105,0,1,unassigned,15.0,14.0,1.0,0.93333334,0.06666667,0.06666666,0.025145067,0.0016763379,0,0,0,0,0
3647,-1,0,0.4016332,0.59907997,1,1,unassigned,7.0,7.0,0.0,1.0,0.0,0.0,0.00967118,0.0,0,0,0,1,0
3648,-1,0,0.4544745,0.61170256,1,1,unassigned,6.0,6.0,0.0,1.0,0.0,0.0,0.007736944,0.0,0,0,0,1,0
3649,-1,0,-0.16731691,0.45826808,0,1,unassigned,62.0,62.0,0.0,1.0,0.0,0.0,0.116054155,0.0,0,0,0,0,0
3650,-1,1,6.0237956,0.9975854,1,1,unassigned,3.0,2.0,1.0,0.6666667,0.33333334,0.3333333,0.001934236,0.00064474536,1,0,0,1,1
3651,-1,0,-0.96335024,0.27620792,0,1,unassigned,12.0,12.0,0.0,1.0,0.0,0.0,0.01934236,0.0,0,0,0,0,0
3652,0,1,0.51681215,0.626402,1,1,unassigned,9.0,7.0,2.0,0.7777778,0.22222222,0.22222221,0.013539651,0.0030088115,1,0,0,1,0
3653,-1,0,2.1377764,0.89452094,1,1,unassigned,2.0,2.0,0.0,1.0,0.0,0.0,0.0,0.0,0,0,0,1,0
3654,-1,0,0.07340276,0.51834244,1,1,unassigned,4.0,4.0,0.0,1.0,0.0,0.0,0.003868472,0.0,0,0,0,1,0
3655,-1,1,5.78263,0.9969289,1,1,unassigned,2.0,2.0,0.0,1.0,0.0,0.0,0.0,0.0,1,0,0,1,1
3656,-1,0,-0.4465848,0.39017308,0,1,unassigned,4.0,4.0,0.0,1.0,0.0,0.0,0.003868472,0.0,0,0,0,0,0
3657,-1,0,1.7330482,0.8498019,1,1,unassigned,3.0,3.0,0.0,1.0,0.0,0.0,0.001934236,0.0,0,0,0,1,0
3658,-1,0,0.5727852,0.6394056,1,1,unassigned,7.0,7.0,0.0,1.0,0.0,0.0,0.00967118,0.0,0,0,0,1,0
3659,-1,1,-0.34162655,0.41541442,0,1,unassigned,8.0,8.0,0.0,1.0,0.0,0.0,0.0116054155,0.0,1,0,0,0,0
3660,-1,0,0.12689596,0.5316815,1,1,unassigned,12.0,11.0,1.0,0.9166667,0.083333336,0.08333331,0.01934236,0.0016118633,0,0,0,1,0
3661,-1,1,5.0917773,0.9938905,1,1,unassigned,15.0,13.0,2.0,0.8666667,0.13333334,0.13333333,0.025145067,0.0033526758,1,0,0,1,1
3662,-1,1,0.20378417,0.55077046,1,1,unassigned,32.0,30.0,2.0,0.9375,0.0625,0.0625,0.058027077,0.0036266923,1,0,0,1,0
3663,-1,1,4.838116,0.99214035,1,1,unassigned,32.0,27.0,5.0,0.84375,0.15625,0.15625,0.058027077,0.009066731,1,0,0,1,1
3664,0,1,-0.23722002,0.44097155,0,0,test,5.0,4.0,1.0,0.8,0.2,0.19999999,0.0058027077,0.0011605415,1,0,1,0,0
3665,1,1,4.504502,0.9890619,1,0,val,100.0,84.0,16.0,0.84,0.16,0.16000003,0.18955512,0.03032882,1,0,1,1,1
3666,-1,1,0.23652023,0.55885595,1,1,unassigned,36.0,34.0,2.0,0.9444444,0.055555556,0.055555582,0.065764025,0.003653557,1,0,0,1,0
3667,-1,1,1.7995551,0.85809475,1,1,unassigned,37.0,34.0,3.0,0.9189189,0.08108108,0.08108109,0.06769826,0.005489048,1,0,0,1,0
3668,-1,0,4.8961506,0.99258024,1,1,unassigned,2.0,2.0,0.0,1.0,0.0,0.0,0.0,0.0,0,0,0,1,1
3669,1,0,2.1964092,0.8999266,1,0,unassigned,2.0,2.0,0.0,1.0,0.0,0.0,0.0,0.0,0,0,1,1,0
3670,1,0,-0.3316924,0.41782892,0,1,unassigned,42.0,42.0,0.0,1.0,0.0,0.0,0.07736944,0.0,0,0,0,0,0
3671,-1,1,11.94203,0.99999344,1,1,unassigned,57.0,49.0,8.0,0.8596491,0.14035088,0.14035088,0.10638298,0.014930945,1,0,0,1,1
3672,-1,0,-0.41086772,0.39870408,0,1,unassigned,8.0,8.0,0.0,1.0,0.0,0.0,0.0116054155,0.0,0,0,0,0,0
3673,-1,0,0.028090596,0.5070222,1,1,unassigned,11.0,11.0,0.0,1.0,0.0,0.0,0.017408123,0.0,0,0,0,1,0
3674,-1,0,-0.58230853,0.35840157,0,1,unassigned,79.0,79.0,0.0,1.0,0.0,0.0,0.14893617,0.0,0,0,0,0,0
3675,-1,0,-0.9358819,0.28173292,0,1,unassigned,80.0,80.0,0.0,1.0,0.0,0.0,0.15087041,0.0,0,0,0,0,0
3676,-1,0,-0.5147768,0.3740744,0,1,unassigned,17.0,17.0,0.0,1.0,0.0,0.0,0.029013539,0.0,0,0,0,0,0
3677,1,1,2.9262831,0.9491305,1,0,unassigned,28.0,28.0,0.0,1.0,0.0,0.0,0.050290134,0.0,1,0,1,1,1
3678,-1,1,2.211124,0.901244,1,1,unassigned,37.0,37.0,0.0,1.0,0.0,0.0,0.06769826,0.0,1,0,0,1,1
3679,1,1,2.2735744,0.9066647,1,0,unassigned,33.0,33.0,0.0,1.0,0.0,0.0,0.059961315,0.0,1,0,1,1,1
3680,-1,1,-0.7671324,0.31709975,0,1,unassigned,24.0,23.0,1.0,0.9583333,0.041666668,0.041666687,0.04255319,0.0017730496,1,0,0,0,0
3681,-1,0,-0.8893763,0.29123858,0,1,unassigned,20.0,20.0,0.0,1.0,0.0,0.0,0.034816246,0.0,0,0,0,0,0
3682,-1,0,-0.5871643,0.35728577,0,1,unassigned,12.0,12.0,0.0,1.0,0.0,0.0,0.01934236,0.0,0,0,0,0,0
3683,-1,1,-0.24727553,0.4384942,0,1,unassigned,28.0,14.0,14.0,0.5,0.5,0.5,0.050290134,0.025145067,1,0,0,0,0
3684,-1,0,0.08256489,0.5206295,1,1,unassigned,2.0,2.0,0.0,1.0,0.0,0.0,0.0,0.0,0,0,0,1,0
3685,-1,0,2.099909,0.89089435,1,1,unassigned,6.0,4.0,2.0,0.6666667,0.33333334,0.3333333,0.007736944,0.0025789815,0,0,0,1,0
3686,-1,0,-1.0539436,0.25846854,0,1,unassigned,6.0,6.0,0.0,1.0,0.0,0.0,0.007736944,0.0,0,0,0,0,0
3687,-1,0,0.615802,0.64926314,1,1,unassigned,21.0,20.0,1.0,0.95238096,0.04761905,0.047619045,0.036750484,0.0017500231,0,0,0,1,0
3688,-1,0,3.329468,0.965426,1,1,unassigned,37.0,35.0,2.0,0.9459459,0.054054055,0.05405408,0.06769826,0.0036593657,0,0,0,1,1
3689,-1,0,-0.67922896,0.3364334,0,1,unassigned,62.0,61.0,1.0,0.983871,0.016129032,0.016129017,0.116054155,0.0018718411,0,0,0,0,0
3690,-1,0,-0.7447524,0.3219658,0,1,unassigned,38.0,38.0,0.0,1.0,0.0,0.0,0.06963249,0.0,0,0,0,0,0
3691,-1,1,3.0674562,0.95553017,1,1,unassigned,2.0,2.0,0.0,1.0,0.0,0.0,0.0,0.0,1,0,0,1,1
3692,-1,1,-0.31109303,0.42284796,0,1,unassigned,3.0,3.0,0.0,1.0,0.0,0.0,0.001934236,0.0,1,0,0,0,0
3693,0,1,0.6961451,0.6673326,1,1,train,10.0,9.0,1.0,0.9,0.1,0.100000024,0.015473888,0.0015473888,1,0,0,1,0
3694,1,0,-0.1525014,0.46194836,0,1,val,8.0,8.0,0.0,1.0,0.0,0.0,0.0116054155,0.0,0,0,0,0,0
3695,1,0,9.009377,0.9998777,1,0,train,12.0,12.0,0.0,1.0,0.0,0.0,0.01934236,0.0,0,0,1,1,1
3696,-1,1,2.77609,0.94136995,1,1,unassigned,9.0,9.0,0.0,1.0,0.0,0.0,0.013539651,0.0,1,0,0,1,1
3697,-1,0,1.0897689,0.7483382,1,1,unassigned,5.0,5.0,0.0,1.0,0.0,0.0,0.0058027077,0.0,0,0,0,1,0
3698,1,0,0.28894228,0.5717372,1,0,unassigned,17.0,17.0,0.0,1.0,0.0,0.0,0.029013539,0.0,0,0,1,1,0
3699,-1,0,3.4434354,0.96903473,1,1,unassigned,11.0,9.0,2.0,0.8181818,0.18181819,0.18181819,0.017408123,0.0031651135,0,0,0,1,1
3700,-1,1,3.2677615,0.96330607,1,1,unassigned,4.0,3.0,1.0,0.75,0.25,0.25,0.003868472,0.000967118,1,0,0,1,1
3701,-1,1,-0.568402,0.36160564,0,1,unassigned,37.0,36.0,1.0,0.972973,0.027027028,0.02702701,0.06769826,0.0018296828,1,0,0,0,0
3702,-1,1,0.41605872,0.6025398,1,1,unassigned,34.0,34.0,0.0,1.0,0.0,0.0,0.061895553,0.0,1,0,0,1,0
3703,-1,1,2.5297148,0.92619884,1,1,unassigned,15.0,13.0,2.0,0.8666667,0.13333334,0.13333333,0.025145067,0.0033526758,1,0,0,1,1
3704,-1,1,3.8983228,0.9801271,1,1,unassigned,2.0,2.0,0.0,1.0,0.0,0.0,0.0,0.0,1,0,0,1,1
3705,-1,1,8.861168,0.99985826,1,1,unassigned,7.0,6.0,1.0,0.85714287,0.14285715,0.14285713,0.00967118,0.0013815971,1,0,0,1,1
3706,-1,1,-0.8752954,0.29415363,0,1,unassigned,55.0,55.0,0.0,1.0,0.0,0.0,0.102514505,0.0,1,0,0,0,0
3707,-1,0,4.692611,0.9909204,1,1,unassigned,5.0,5.0,0.0,1.0,0.0,0.0,0.0058027077,0.0,0,0,0,1,1
3708,-1,1,0.05308026,0.5132669,1,1,unassigned,2.0,2.0,0.0,1.0,0.0,0.0,0.0,0.0,1,0,0,1,0
3709,-1,0,0.13873273,0.5346276,1,1,unassigned,11.0,11.0,0.0,1.0,0.0,0.0,0.017408123,0.0,0,0,0,1,0
3710,-1,0,-0.4293735,0.3942759,0,1,unassigned,5.0,5.0,0.0,1.0,0.0,0.0,0.0058027077,0.0,0,0,0,0,0
3711,-1,1,-0.6605955,0.34060588,0,1,unassigned,6.0,4.0,2.0,0.6666667,0.33333334,0.3333333,0.007736944,0.0025789815,1,0,0,0,0
3712,-1,0,0.44961268,0.6105471,1,1,unassigned,31.0,28.0,3.0,0.9032258,0.09677419,0.09677422,0.056092843,0.0054283394,0,0,0,1,0
3713,1,0,0.8736635,0.7055074,1,0,unassigned,34.0,34.0,0.0,1.0,0.0,0.0,0.061895553,0.0,0,0,1,1,0
3714,-1,0,-0.9738062,0.2741225,0,1,unassigned,3.0,3.0,0.0,1.0,0.0,0.0,0.001934236,0.0,0,0,0,0,0
3715,-1,0,0.069346726,0.5173297,1,1,unassigned,7.0,6.0,1.0,0.85714287,0.14285715,0.14285713,0.00967118,0.0013815971,0,0,0,1,0
3716,0,0,0.7687815,0.6832572,1,1,val,10.0,10.0,0.0,1.0,0.0,0.0,0.015473888,0.0,0,0,0,1,0
3717,-1,0,-0.49495065,0.378728,0,1,unassigned,6.0,6.0,0.0,1.0,0.0,0.0,0.007736944,0.0,0,0,0,0,0
3718,-1,0,-0.23451224,0.44163918,0,1,unassigned,4.0,4.0,0.0,1.0,0.0,0.0,0.003868472,0.0,0,0,0,0,0
3719,-1,0,-0.29858786,0.42590272,0,1,unassigned,2.0,2.0,0.0,1.0,0.0,0.0,0.0,0.0,0,0,0,0,0
3720,-1,0,-0.2399123,0.44030795,0,1,unassigned,2.0,2.0,0.0,1.0,0.0,0.0,0.0,0.0,0,0,0,0,0
3721,-1,0,0.73278576,0.6754163,1,1,unassigned,4.0,4.0,0.0,1.0,0.0,0.0,0.003868472,0.0,0,0,0,1,0
3722,-1,1,5.4342976,0.9956547,1,1,unassigned,2.0,2.0,0.0,1.0,0.0,0.0,0.0,0.0,1,0,0,1,1
3723,1,1,3.6548374,0.9747865,1,0,val,3.0,3.0,0.0,1.0,0.0,0.0,0.001934236,0.0,1,0,1,1,1
3724,-1,0,2.2692983,0.9063022,1,1,unassigned,9.0,9.0,0.0,1.0,0.0,0.0,0.013539651,0.0,0,0,0,1,1
3725,-1,1,4.8571725,0.9922875,1,1,unassigned,10.0,7.0,3.0,0.7,0.3,0.3,0.015473888,0.0046421667,1,0,0,1,1
3726,-1,0,0.54987234,0.634106,1,1,unassigned,4.0,4.0,0.0,1.0,0.0,0.0,0.003868472,0.0,0,0,0,1,0
3727,-1,0,0.2925871,0.5726294,1,1,unassigned,5.0,5.0,0.0,1.0,0.0,0.0,0.0058027077,0.0,0,0,0,1,0
3728,-1,0,-0.69048864,0.33392438,0,1,unassigned,7.0,7.0,0.0,1.0,0.0,0.0,0.00967118,0.0,0,0,0,0,0
3729,-1,1,-0.8090267,0.30809796,0,1,unassigned,4.0,4.0,0.0,1.0,0.0,0.0,0.003868472,0.0,1,0,0,0,0
3730,-1,0,4.7468057,0.9913953,1,1,unassigned,2.0,1.0,1.0,0.5,0.5,0.5,0.0,0.0,0,0,0,1,1
3731,-1,0,0.09881884,0.5246846,1,1,unassigned,4.0,4.0,0.0,1.0,0.0,0.0,0.003868472,0.0,0,0,0,1,0
3732,-1,0,1.8999357,0.86988425,1,1,unassigned,7.0,6.0,1.0,0.85714287,0.14285715,0.14285713,0.00967118,0.0013815971,0,0,0,1,0
3733,1,0,0.06339848,0.51584435,1,0,test,33.0,33.0,0.0,1.0,0.0,0.0,0.059961315,0.0,0,0,1,1,0
3734,-1,0,-0.8143615,0.30696186,0,1,unassigned,3.0,2.0,1.0,0.6666667,0.33333334,0.3333333,0.001934236,0.00064474536,0,0,0,0,0
3735,-1,0,0.06807572,0.51701236,1,1,unassigned,47.0,46.0,1.0,0.9787234,0.021276595,0.021276593,0.08704062,0.001851928,0,0,0,1,0
3736,-1,1,3.7806618,0.977701,1,1,unassigned,3.0,3.0,0.0,1.0,0.0,0.0,0.001934236,0.0,1,0,0,1,1
3737,-1,0,0.7319911,0.675242,1,1,unassigned,17.0,17.0,0.0,1.0,0.0,0.0,0.029013539,0.0,0,0,0,1,0
3738,1,0,-0.8373894,0.3020849,0,1,test,3.0,3.0,0.0,1.0,0.0,0.0,0.001934236,0.0,0,0,0,0,0
3739,-1,0,-0.35840833,0.41134492,0,1,unassigned,41.0,41.0,0.0,1.0,0.0,0.0,0.07543521,0.0,0,0,0,0,0
3740,1,1,-0.8545897,0.29847094,0,1,unassigned,19.0,19.0,0.0,1.0,0.0,0.0,0.032882012,0.0,1,0,0,0,0
3741,1,0,3.979441,0.9816471,1,0,unassigned,4.0,3.0,1.0,0.75,0.25,0.25,0.003868472,0.000967118,0,0,1,1,1
3742,-1,0,4.4464984,0.9884162,1,1,unassigned,11.0,11.0,0.0,1.0,0.0,0.0,0.017408123,0.0,0,0,0,1,1
3743,-1,0,-0.8516069,0.2990959,0,1,unassigned,6.0,5.0,1.0,0.8333333,0.16666667,0.16666669,0.007736944,0.0012894907,0,0,0,0,0
3744,-1,0,-0.9072575,0.28756136,0,1,unassigned,36.0,35.0,1.0,0.9722222,0.027777778,0.027777791,0.065764025,0.0018267785,0,0,0,0,0
3745,-1,1,4.819811,0.9919962,1,1,unassigned,3.0,2.0,1.0,0.6666667,0.33333334,0.3333333,0.001934236,0.00064474536,1,0,0,1,1
3746,-1,0,-0.12308079,0.4692686,0,1,unassigned,58.0,58.0,0.0,1.0,0.0,0.0,0.10831721,0.0,0,0,0,0,0
3747,-1,0,-0.43596098,0.3927038,0,1,unassigned,21.0,20.0,1.0,0.95238096,0.04761905,0.047619045,0.036750484,0.0017500231,0,0,0,0,0
3748,-1,1,0.7085925,0.67009,1,1,unassigned,11.0,9.0,2.0,0.8181818,0.18181819,0.18181819,0.017408123,0.0031651135,1,0,0,1,0
3749,-1,1,0.030002475,0.50750005,1,1,unassigned,6.0,3.0,3.0,0.5,0.5,0.5,0.007736944,0.003868472,1,0,0,1,0
3750,-1,1,-0.9848943,0.27192175,0,1,unassigned,44.0,39.0,5.0,0.8863636,0.11363637,0.113636374,0.08123791,0.009231581,1,0,0,0,0
3751,-1,0,-0.8818549,0.29279354,0,1,unassigned,154.0,153.0,1.0,0.9935065,0.0064935065,0.006493509,0.29400387,0.001909116,0,0,0,0,0
3752,-1,0,-0.9445095,0.27999035,0,1,unassigned,97.0,93.0,4.0,0.9587629,0.041237112,0.041237116,0.18375242,0.007577419,0,0,0,0,0
3753,0,0,0.4953683,0.62137026,1,1,test,10.0,10.0,0.0,1.0,0.0,0.0,0.015473888,0.0,0,0,0,1,0
3754,0,0,0.67383295,0.6623609,1,1,test,5.0,5.0,0.0,1.0,0.0,0.0,0.0058027077,0.0,0,0,0,1,0
3755,-1,0,-0.94745624,0.27939668,0,1,unassigned,36.0,36.0,0.0,1.0,0.0,0.0,0.065764025,0.0,0,0,0,0,0
3756,-1,0,0.38807875,0.5958201,1,1,unassigned,7.0,7.0,0.0,1.0,0.0,0.0,0.00967118,0.0,0,0,0,1,0
3757,-1,0,0.4894039,0.619966,1,1,unassigned,57.0,56.0,1.0,0.98245615,0.01754386,0.017543852,0.10638298,0.0018663681,0,0,0,1,0
3758,1,0,1.0812945,0.7467389,1,0,unassigned,17.0,15.0,2.0,0.88235295,0.11764706,0.11764705,0.029013539,0.0034133575,0,0,1,1,0
3759,-1,0,1.5691772,0.8276663,1,1,unassigned,3.0,3.0,0.0,1.0,0.0,0.0,0.001934236,0.0,0,0,0,1,0
3760,-1,1,4.0966315,0.98364335,1,1,unassigned,6.0,5.0,1.0,0.8333333,0.16666667,0.16666669,0.007736944,0.0012894907,1,0,0,1,1
3761,-1,1,4.201997,0.985255,1,1,unassigned,4.0,4.0,0.0,1.0,0.0,0.0,0.003868472,0.0,1,0,0,1,1
3762,-1,0,-0.028938591,0.4927659,0,1,unassigned,30.0,30.0,0.0,1.0,0.0,0.0,0.054158606,0.0,0,0,0,0,0
3763,-1,0,0.031534135,0.5078829,1,1,unassigned,81.0,80.0,1.0,0.9876543,0.012345679,0.012345672,0.15280464,0.0018864771,0,0,0,1,0
3764,-1,0,2.0271964,0.8836231,1,1,unassigned,15.0,14.0,1.0,0.93333334,0.06666667,0.06666666,0.025145067,0.0016763379,0,0,0,1,0
3765,-1,0,-0.53457063,0.36945152,0,1,unassigned,18.0,18.0,0.0,1.0,0.0,0.0,0.030947777,0.0,0,0,0,0,0
3766,-1,0,-0.16818696,0.45805207,0,1,unassigned,32.0,31.0,1.0,0.96875,0.03125,0.03125,0.058027077,0.0018133462,0,0,0,0,0
3767,-1,0,1.2629621,0.7795356,1,1,unassigned,20.0,20.0,0.0,1.0,0.0,0.0,0.034816246,0.0,0,0,0,1,0
3768,-1,0,1.6099348,0.83340234,1,1,unassigned,42.0,37.0,5.0,0.88095236,0.11904762,0.11904764,0.07736944,0.009210647,0,0,0,1,0
3769,-1,0,-0.3349511,0.41703644,0,1,unassigned,28.0,28.0,0.0,1.0,0.0,0.0,0.050290134,0.0,0,0,0,0,0
3770,-1,0,1.8864625,0.8683517,1,1,unassigned,18.0,18.0,0.0,1.0,0.0,0.0,0.030947777,0.0,0,0,0,1,0
3771,-1,1,-0.5860738,0.35753623,0,1,unassigned,35.0,35.0,0.0,1.0,0.0,0.0,0.06382979,0.0,1,0,0,0,0
3772,-1,0,-0.6000189,0.35433936,0,1,unassigned,2.0,2.0,0.0,1.0,0.0,0.0,0.0,0.0,0,0,0,0,0
3773,-1,1,1.1958935,0.7677935,1,1,unassigned,7.0,7.0,0.0,1.0,0.0,0.0,0.00967118,0.0,1,0,0,1,0
3774,0,0,-0.67957866,0.33635533,0,0,val,35.0,35.0,0.0,1.0,0.0,0.0,0.06382979,0.0,0,0,1,0,0
3775,-1,0,0.83969194,0.6984003,1,1,unassigned,34.0,34.0,0.0,1.0,0.0,0.0,0.061895553,0.0,0,0,0,1,0
3776,-1,0,-0.5172541,0.37349454,0,1,unassigned,3.0,3.0,0.0,1.0,0.0,0.0,0.001934236,0.0,0,0,0,0,0
3777,-1,0,0.6839319,0.6646157,1,1,unassigned,32.0,32.0,0.0,1.0,0.0,0.0,0.058027077,0.0,0,0,0,1,0
3778,-1,0,8.728109,0.999838,1,1,unassigned,48.0,47.0,1.0,0.9791667,0.020833334,0.020833313,0.088974856,0.0018536429,0,0,0,1,1
3779,-1,0,2.9869454,0.9519809,1,1,unassigned,37.0,36.0,1.0,0.972973,0.027027028,0.02702701,0.06769826,0.0018296828,0,0,0,1,1
3780,-1,0,3.4117525,0.96806985,1,1,unassigned,27.0,26.0,1.0,0.962963,0.037037037,0.037037015,0.0483559,0.0017909593,0,0,0,1,1
3781,-1,0,0.64437467,0.6557417,1,1,unassigned,26.0,24.0,2.0,0.9230769,0.07692308,0.07692307,0.046421662,0.0035708973,0,0,0,1,0
3782,-1,0,3.169012,0.95965135,1,1,unassigned,22.0,22.0,0.0,1.0,0.0,0.0,0.03868472,0.0,0,0,0,1,1
3783,-1,0,3.7413313,0.9768272,1,1,unassigned,2.0,2.0,0.0,1.0,0.0,0.0,0.0,0.0,0,0,0,1,1
3784,-1,0,0.020999849,0.5052498,1,1,unassigned,11.0,10.0,1.0,0.90909094,0.09090909,0.090909064,0.017408123,0.0015825568,0,0,0,1,0
3785,-1,0,-0.3190936,0.42089665,0,1,unassigned,5.0,5.0,0.0,1.0,0.0,0.0,0.0058027077,0.0,0,0,0,0,0
3786,-1,0,3.5722973,0.97267634,1,1,unassigned,3.0,3.0,0.0,1.0,0.0,0.0,0.001934236,0.0,0,0,0,1,1
3787,-1,0,2.5352962,0.9265794,1,1,unassigned,5.0,5.0,0.0,1.0,0.0,0.0,0.0058027077,0.0,0,0,0,1,1
3788,-1,0,-0.3368873,0.41656575,0,1,unassigned,2.0,1.0,1.0,0.5,0.5,0.5,0.0,0.0,0,0,0,0,0
3789,-1,1,-0.02223593,0.49444124,0,1,unassigned,2.0,2.0,0.0,1.0,0.0,0.0,0.0,0.0,1,0,0,0,0
3790,-1,0,9.220106,0.99990094,1,1,unassigned,3.0,2.0,1.0,0.6666667,0.33333334,0.3333333,0.001934236,0.00064474536,0,0,0,1,1
3791,-1,0,1.8547764,0.8646869,1,1,unassigned,2.0,1.0,1.0,0.5,0.5,0.5,0.0,0.0,0,0,0,1,0
3792,-1,1,2.1679883,0.8973378,1,1,unassigned,4.0,4.0,0.0,1.0,0.0,0.0,0.003868472,0.0,1,0,0,1,0
3793,-1,0,0.26937002,0.5669382,1,1,unassigned,21.0,21.0,0.0,1.0,0.0,0.0,0.036750484,0.0,0,0,0,1,0
3794,0,1,-0.8284541,0.30397207,0,0,unassigned,2.0,2.0,0.0,1.0,0.0,0.0,0.0,0.0,1,0,1,0,0
3795,-1,0,-0.5618984,0.3631083,0,1,unassigned,67.0,65.0,2.0,0.9701493,0.029850746,0.029850721,0.12572534,0.0037529953,0,0,0,0,0
3796,-1,0,-0.7192043,0.3275682,0,1,unassigned,55.0,52.0,3.0,0.94545454,0.054545455,0.054545462,0.102514505,0.0055917003,0,0,0,0,0
3797,-1,1,2.2283409,0.9027658,1,1,unassigned,65.0,62.0,3.0,0.95384616,0.046153847,0.046153843,0.12185687,0.0056241634,1,0,0,1,1
3798,-1,1,-0.82224876,0.30528653,0,1,unassigned,91.0,89.0,2.0,0.978022,0.021978023,0.02197802,0.172147,0.0037834507,1,0,0,0,0
3799,-1,1,8.934798,0.9998683,1,1,unassigned,30.0,27.0,3.0,0.9,0.1,0.100000024,0.054158606,0.0054158606,1,0,0,1,1
3800,-1,0,-0.38172877,0.40571,0,1,unassigned,22.0,22.0,0.0,1.0,0.0,0.0,0.03868472,0.0,0,0,0,0,0
3801,-1,0,-0.39372346,0.40282127,0,1,unassigned,13.0,12.0,1.0,0.9230769,0.07692308,0.07692307,0.021276595,0.0016366612,0,0,0,0,0
3802,-1,0,-0.8205985,0.3056366,0,1,unassigned,26.0,26.0,0.0,1.0,0.0,0.0,0.046421662,0.0,0,0,0,0,0
3803,-1,0,-0.8840056,0.2923484,0,1,unassigned,51.0,50.0,1.0,0.98039216,0.019607844,0.019607842,0.09477756,0.0018583836,0,0,0,0,0
3804,-1,0,3.1355517,0.95833564,1,1,unassigned,20.0,20.0,0.0,1.0,0.0,0.0,0.034816246,0.0,0,0,0,1,1
3805,-1,0,-0.75895995,0.31887212,0,1,unassigned,62.0,60.0,2.0,0.9677419,0.032258064,0.032258093,0.116054155,0.0037436823,0,0,0,0,0
3806,-1,0,-0.73440814,0.32422814,0,1,unassigned,4.0,4.0,0.0,1.0,0.0,0.0,0.003868472,0.0,0,0,0,0,0
3807,1,0,5.414824,0.99556965,1,0,test,10.0,10.0,0.0,1.0,0.0,0.0,0.015473888,0.0,0,0,1,1,1
3808,1,0,1.6581616,0.8399911,1,0,test,33.0,32.0,1.0,0.969697,0.030303031,0.030303001,0.059961315,0.0018170096,0,0,1,1,0
3809,-1,0,-0.17899084,0.4553714,0,1,unassigned,29.0,28.0,1.0,0.9655172,0.03448276,0.034482777,0.05222437,0.0018008404,0,0,0,0,0
3810,1,0,1.2117925,0.770616,1,0,test,17.0,15.0,2.0,0.88235295,0.11764706,0.11764705,0.029013539,0.0034133575,0,0,1,1,0
3811,1,0,3.83135,0.97877973,1,0,val,6.0,6.0,0.0,1.0,0.0,0.0,0.007736944,0.0,0,0,1,1,1
3812,-1,0,-0.63927853,0.34540966,0,1,unassigned,11.0,11.0,0.0,1.0,0.0,0.0,0.017408123,0.0,0,0,0,0,0
3813,-1,0,-0.119556725,0.47014642,0,1,unassigned,14.0,14.0,0.0,1.0,0.0,0.0,0.023210831,0.0,0,0,0,0,0
3814,-1,0,3.0606039,0.9552381,1,1,unassigned,2.0,2.0,0.0,1.0,0.0,0.0,0.0,0.0,0,0,0,1,1
3815,-1,0,2.6659434,0.9349869,1,1,unassigned,6.0,6.0,0.0,1.0,0.0,0.0,0.007736944,0.0,0,0,0,1,1
3816,-1,0,5.2272105,0.9946602,1,1,unassigned,5.0,3.0,2.0,0.6,0.4,0.39999998,0.0058027077,0.002321083,0,0,0,1,1
3817,-1,0,7.413859,0.9993975,1,1,unassigned,6.0,4.0,2.0,0.6666667,0.33333334,0.3333333,0.007736944,0.0025789815,0,0,0,1,1
3818,-1,1,0.45737773,0.6123919,1,1,unassigned,9.0,7.0,2.0,0.7777778,0.22222222,0.22222221,0.013539651,0.0030088115,1,0,0,1,0
3819,-1,0,-0.2690435,0.43314195,0,1,unassigned,10.0,10.0,0.0,1.0,0.0,0.0,0.015473888,0.0,0,0,0,0,0
3820,-1,0,0.75776106,0.68086743,1,1,unassigned,13.0,13.0,0.0,1.0,0.0,0.0,0.021276595,0.0,0,0,0,1,0
3821,1,0,0.9397076,0.7190406,1,0,unassigned,18.0,17.0,1.0,0.9444444,0.055555556,0.055555582,0.030947777,0.0017193209,0,0,1,1,0
3822,-1,0,-0.4991483,0.37774083,0,1,unassigned,43.0,42.0,1.0,0.9767442,0.023255814,0.023255825,0.079303674,0.0018442714,0,0,0,0,0
3823,-1,0,0.9454499,0.72019917,1,1,unassigned,26.0,25.0,1.0,0.96153843,0.03846154,0.038461566,0.046421662,0.0017854486,0,0,0,1,0
3824,-1,0,-0.103698015,0.4740987,0,1,unassigned,14.0,14.0,0.0,1.0,0.0,0.0,0.023210831,0.0,0,0,0,0,0
3825,-1,0,1.5547171,0.825594,1,1,unassigned,2.0,2.0,0.0,1.0,0.0,0.0,0.0,0.0,0,0,0,1,0
3826,-1,0,-0.14320916,0.46425876,0,1,unassigned,7.0,7.0,0.0,1.0,0.0,0.0,0.00967118,0.0,0,0,0,0,0
3827,-1,0,-0.47110188,0.38435552,0,1,unassigned,8.0,8.0,0.0,1.0,0.0,0.0,0.0116054155,0.0,0,0,0,0,0
3828,-1,0,-0.573414,0.3604494,0,1,unassigned,20.0,20.0,0.0,1.0,0.0,0.0,0.034816246,0.0,0,0,0,0,0
3829,0,0,-0.78890425,0.312404,0,0,val,55.0,54.0,1.0,0.9818182,0.018181818,0.0181818,0.102514505,0.0018639,0,0,1,0,0
3830,-1,0,0.13946104,0.5348089,1,1,unassigned,27.0,27.0,0.0,1.0,0.0,0.0,0.0483559,0.0,0,0,0,1,0
3831,-1,0,-0.69338864,0.33327967,0,1,unassigned,29.0,29.0,0.0,1.0,0.0,0.0,0.05222437,0.0,0,0,0,0,0
3832,-1,0,-0.6278268,0.34800345,0,1,unassigned,40.0,39.0,1.0,0.975,0.025,0.024999976,0.07350097,0.0018375242,0,0,0,0,0
3833,-1,0,-0.8503825,0.29935265,0,1,unassigned,50.0,49.0,1.0,0.98,0.02,0.01999998,0.092843324,0.0018568664,0,0,0,0,0
3834,-1,0,-0.2889295,0.42826596,0,1,unassigned,5.0,5.0,0.0,1.0,0.0,0.0,0.0058027077,0.0,0,0,0,0,0
3835,-1,0,3.7951748,0.97801524,1,1,unassigned,5.0,5.0,0.0,1.0,0.0,0.0,0.0058027077,0.0,0,0,0,1,1
3836,-1,0,8.348093,0.9997632,1,1,unassigned,3.0,2.0,1.0,0.6666667,0.33333334,0.3333333,0.001934236,0.00064474536,0,0,0,1,1
3837,0,0,-0.3295585,0.41834804,0,0,unassigned,25.0,22.0,3.0,0.88,0.12,0.120000005,0.044487428,0.0053384914,0,0,1,0,0
3838,1,0,0.22961998,0.5571541,1,0,unassigned,13.0,13.0,0.0,1.0,0.0,0.0,0.021276595,0.0,0,0,1,1,0
3839,-1,0,-0.8929875,0.2904937,0,1,unassigned,14.0,14.0,0.0,1.0,0.0,0.0,0.023210831,0.0,0,0,0,0,0
3840,-1,1,0.67710036,0.66309124,1,1,unassigned,4.0,3.0,1.0,0.75,0.25,0.25,0.003868472,0.000967118,1,0,0,1,0
3841,-1,0,0.01575327,0.50393826,1,1,unassigned,3.0,3.0,0.0,1.0,0.0,0.0,0.001934236,0.0,0,0,0,1,0
3842,-1,0,1.2259972,0.77311724,1,1,unassigned,3.0,3.0,0.0,1.0,0.0,0.0,0.001934236,0.0,0,0,0,1,0
3843,-1,0,2.4446518,0.9201695,1,1,unassigned,2.0,2.0,0.0,1.0,0.0,0.0,0.0,0.0,0,0,0,1,1
3844,-1,0,1.0276034,0.73645097,1,1,unassigned,7.0,7.0,0.0,1.0,0.0,0.0,0.00967118,0.0,0,0,0,1,0
3845,-1,0,6.588307,0.9986255,1,1,unassigned,6.0,6.0,0.0,1.0,0.0,0.0,0.007736944,0.0,0,0,0,1,1
3846,-1,0,20.502466,1.0,1,1,unassigned,95.0,95.0,0.0,1.0,0.0,0.0,0.17988394,0.0,0,0,0,1,1
3847,-1,1,3.8831809,0.9798299,1,1,unassigned,4.0,4.0,0.0,1.0,0.0,0.0,0.003868472,0.0,1,0,0,1,1
3848,-1,0,4.128741,0.9841521,1,1,unassigned,17.0,17.0,0.0,1.0,0.0,0.0,0.029013539,0.0,0,0,0,1,1
3849,-1,1,3.4816277,0.9701605,1,1,unassigned,2.0,2.0,0.0,1.0,0.0,0.0,0.0,0.0,1,0,0,1,1
3850,0,0,-0.2161344,0.44617578,0,0,unassigned,13.0,13.0,0.0,1.0,0.0,0.0,0.021276595,0.0,0,0,1,0,0
3851,-1,1,-0.814324,0.30696985,0,1,unassigned,32.0,32.0,0.0,1.0,0.0,0.0,0.058027077,0.0,1,0,0,0,0
3852,-1,0,5.0096345,0.9933709,1,1,unassigned,19.0,18.0,1.0,0.94736844,0.05263158,0.052631557,0.032882012,0.0017306323,0,0,0,1,1
3853,1,0,-0.01567167,0.49608213,0,1,test,10.0,10.0,0.0,1.0,0.0,0.0,0.015473888,0.0,0,0,0,0,0
3854,-1,0,-0.24574518,0.43887103,0,1,unassigned,14.0,14.0,0.0,1.0,0.0,0.0,0.023210831,0.0,0,0,0,0,0
3855,-1,0,-0.23629516,0.44119954,0,1,unassigned,11.0,9.0,2.0,0.8181818,0.18181819,0.18181819,0.017408123,0.0031651135,0,0,0,0,0
3856,-1,0,-0.16719508,0.45829833,0,1,unassigned,7.0,7.0,0.0,1.0,0.0,0.0,0.00967118,0.0,0,0,0,0,0
3857,-1,0,1.8266885,0.86136675,1,1,unassigned,9.0,9.0,0.0,1.0,0.0,0.0,0.013539651,0.0,0,0,0,1,0
3858,-1,0,-0.11432809,0.47144905,0,1,unassigned,21.0,21.0,0.0,1.0,0.0,0.0,0.036750484,0.0,0,0,0,0,0
3859,-1,1,5.5477495,0.9961189,1,1,unassigned,17.0,16.0,1.0,0.9411765,0.05882353,0.058823526,0.029013539,0.0017066788,1,0,0,1,1
3860,-1,0,-0.8309607,0.30344197,0,1,unassigned,2.0,1.0,1.0,0.5,0.5,0.5,0.0,0.0,0,0,0,0,0
3861,-1,0,6.8719883,0.99896467,1,1,unassigned,9.0,9.0,0.0,1.0,0.0,0.0,0.013539651,0.0,0,0,0,1,1
3862,-1,0,0.85667235,0.7019649,1,1,unassigned,31.0,31.0,0.0,1.0,0.0,0.0,0.056092843,0.0,0,0,0,1,0
3863,-1,0,5.4267726,0.995622,1,1,unassigned,2.0,2.0,0.0,1.0,0.0,0.0,0.0,0.0,0,0,0,1,1
3864,-1,0,1.3225682,0.78960866,1,1,unassigned,67.0,62.0,5.0,0.92537314,0.07462686,0.07462686,0.12572534,0.009382488,0,0,0,1,0
3865,-1,1,0.2065962,0.5514661,1,1,unassigned,50.0,49.0,1.0,0.98,0.02,0.01999998,0.092843324,0.0018568664,1,0,0,1,0
3866,-1,0,4.0696607,0.98320377,1,1,unassigned,6.0,6.0,0.0,1.0,0.0,0.0,0.007736944,0.0,0,0,0,1,1
3867,-1,0,0.13111001,0.53273064,1,1,unassigned,2.0,2.0,0.0,1.0,0.0,0.0,0.0,0.0,0,0,0,1,0
3868,0,0,0.4559167,0.61204505,1,1,val,5.0,5.0,0.0,1.0,0.0,0.0,0.0058027077,0.0,0,0,0,1,0
3869,-1,0,7.811133,0.999595,1,1,unassigned,2.0,2.0,0.0,1.0,0.0,0.0,0.0,0.0,0,0,0,1,1
3870,-1,0,3.6872542,0.9755711,1,1,unassigned,3.0,3.0,0.0,1.0,0.0,0.0,0.001934236,0.0,0,0,0,1,1
3871,-1,0,-0.1561042,0.461053,0,1,unassigned,3.0,2.0,1.0,0.6666667,0.33333334,0.3333333,0.001934236,0.00064474536,0,0,0,0,0
3872,0,0,0.06882119,0.5171985,1,1,unassigned,4.0,4.0,0.0,1.0,0.0,0.0,0.003868472,0.0,0,0,0,1,0
3873,0,0,0.14366716,0.5358551,1,1,test,3.0,3.0,0.0,1.0,0.0,0.0,0.001934236,0.0,0,0,0,1,0
3874,1,0,10.9864235,0.9999831,1,0,val,7.0,5.0,2.0,0.71428573,0.2857143,0.28571427,0.00967118,0.0027631943,0,0,1,1,1
3875,0,0,-0.4067499,0.3996917,0,0,test,6.0,6.0,0.0,1.0,0.0,0.0,0.007736944,0.0,0,0,1,0,0
3876,-1,0,-0.8556918,0.29824024,0,1,unassigned,36.0,35.0,1.0,0.9722222,0.027777778,0.027777791,0.065764025,0.0018267785,0,0,0,0,0
3877,-1,0,-0.16068503,0.45991495,0,1,unassigned,7.0,7.0,0.0,1.0,0.0,0.0,0.00967118,0.0,0,0,0,0,0
3878,-1,0,0.8363622,0.6976985,1,1,unassigned,2.0,1.0,1.0,0.5,0.5,0.5,0.0,0.0,0,0,0,1,0
3879,-1,0,5.8688865,0.997182,1,1,unassigned,4.0,4.0,0.0,1.0,0.0,0.0,0.003868472,0.0,0,0,0,1,1
3880,-1,1,1.4044409,0.8028877,1,1,unassigned,14.0,10.0,4.0,0.71428573,0.2857143,0.28571427,0.023210831,0.0066316663,1,0,0,1,0
3881,-1,0,2.134298,0.89419234,1,1,unassigned,7.0,6.0,1.0,0.85714287,0.14285715,0.14285713,0.00967118,0.0013815971,0,0,0,1,0
3882,-1,0,7.310118,0.99933165,1,1,unassigned,10.0,8.0,2.0,0.8,0.2,0.19999999,0.015473888,0.0030947777,0,0,0,1,1
3883,-1,0,-0.5844765,0.35790318,0,1,unassigned,18.0,18.0,0.0,1.0,0.0,0.0,0.030947777,0.0,0,0,0,0,0
3884,-1,0,6.481196,0.99847037,1,1,unassigned,8.0,8.0,0.0,1.0,0.0,0.0,0.0116054155,0.0,0,0,0,1,1
3885,-1,1,3.9457667,0.98103046,1,1,unassigned,3.0,3.0,0.0,1.0,0.0,0.0,0.001934236,0.0,1,0,0,1,1
3886,-1,1,2.9962442,0.95240414,1,1,unassigned,2.0,2.0,0.0,1.0,0.0,0.0,0.0,0.0,1,0,0,1,1
3887,-1,1,-0.065439284,0.483646,0,1,unassigned,5.0,5.0,0.0,1.0,0.0,0.0,0.0058027077,0.0,1,0,0,0,0
3888,1,0,8.605821,0.9998171,1,0,unassigned,2.0,2.0,0.0,1.0,0.0,0.0,0.0,0.0,0,0,1,1,1
3889,-1,0,1.5260234,0.82142377,1,1,unassigned,5.0,5.0,0.0,1.0,0.0,0.0,0.0058027077,0.0,0,0,0,1,0
3890,-1,0,0.6631306,0.65996325,1,1,unassigned,24.0,24.0,0.0,1.0,0.0,0.0,0.04255319,0.0,0,0,0,1,0
3891,-1,0,-0.7649503,0.31757247,0,1,unassigned,42.0,42.0,0.0,1.0,0.0,0.0,0.07736944,0.0,0,0,0,0,0
3892,-1,0,-0.15612802,0.46104708,0,1,unassigned,3.0,3.0,0.0,1.0,0.0,0.0,0.001934236,0.0,0,0,0,0,0
3893,-1,0,0.72253865,0.6731658,1,1,unassigned,2.0,2.0,0.0,1.0,0.0,0.0,0.0,0.0,0,0,0,1,0
3894,-1,0,3.986616,0.9817758,1,1,unassigned,6.0,4.0,2.0,0.6666667,0.33333334,0.3333333,0.007736944,0.0025789815,0,0,0,1,1
3895,0,0,0.05910355,0.5147716,1,1,val,5.0,5.0,0.0,1.0,0.0,0.0,0.0058027077,0.0,0,0,0,1,0
3896,-1,0,4.531961,0.98935497,1,1,unassigned,2.0,2.0,0.0,1.0,0.0,0.0,0.0,0.0,0,0,0,1,1
3897,1,1,2.4193938,0.91829425,1,0,unassigned,3.0,2.0,1.0,0.6666667,0.33333334,0.3333333,0.001934236,0.00064474536,1,0,1,1,1
3898,1,1,-0.45428795,0.38834175,0,1,unassigned,6.0,4.0,2.0,0.6666667,0.33333334,0.3333333,0.007736944,0.0025789815,1,0,0,0,0
3899,-1,0,-0.27825463,0.43088168,0,1,unassigned,31.0,31.0,0.0,1.0,0.0,0.0,0.056092843,0.0,0,0,0,0,0
3900,-1,0,-0.42560524,0.39517623,0,1,unassigned,10.0,10.0,0.0,1.0,0.0,0.0,0.015473888,0.0,0,0,0,0,0
3901,-1,0,-0.06669295,0.4833329,0,1,unassigned,9.0,9.0,0.0,1.0,0.0,0.0,0.013539651,0.0,0,0,0,0,0
3902,0,0,-0.21355078,0.4468143,0,0,test,34.0,34.0,0.0,1.0,0.0,0.0,0.061895553,0.0,0,0,1,0,0
3903,1,0,-0.26880836,0.43319964,0,1,val,24.0,24.0,0.0,1.0,0.0,0.0,0.04255319,0.0,0,0,0,0,0
3904,-1,0,-0.5124334,0.37462324,0,1,unassigned,15.0,15.0,0.0,1.0,0.0,0.0,0.025145067,0.0,0,0,0,0,0
3905,-1,0,6.0534363,0.99765575,1,1,unassigned,2.0,2.0,0.0,1.0,0.0,0.0,0.0,0.0,0,0,0,1,1
3906,-1,0,6.505176,0.9985065,1,1,unassigned,2.0,2.0,0.0,1.0,0.0,0.0,0.0,0.0,0,0,0,1,1
3907,-1,0,0.05024296,0.5125581,1,1,unassigned,2.0,2.0,0.0,1.0,0.0,0.0,0.0,0.0,0,0,0,1,0
3908,-1,1,-0.80503786,0.3089489,0,1,unassigned,26.0,23.0,3.0,0.88461536,0.115384616,0.11538464,0.046421662,0.005356346,1,0,0,0,0
3909,-1,0,0.31803256,0.57884467,1,1,unassigned,45.0,44.0,1.0,0.9777778,0.022222223,0.02222222,0.08317215,0.0018482701,0,0,0,1,0
3910,-1,0,-0.7860508,0.31301728,0,1,unassigned,66.0,66.0,0.0,1.0,0.0,0.0,0.123791106,0.0,0,0,0,0,0
3911,-1,1,-0.18444672,0.45401862,0,1,unassigned,8.0,7.0,1.0,0.875,0.125,0.125,0.0116054155,0.0014506769,1,0,0,0,0
3912,-1,0,3.0677426,0.9555424,1,1,unassigned,12.0,11.0,1.0,0.9166667,0.083333336,0.08333331,0.01934236,0.0016118633,0,0,0,1,1
3913,-1,0,-0.23099092,0.44250765,0,1,unassigned,4.0,4.0,0.0,1.0,0.0,0.0,0.003868472,0.0,0,0,0,0,0
3914,-1,0,0.39802438,0.5982129,1,1,unassigned,26.0,26.0,0.0,1.0,0.0,0.0,0.046421662,0.0,0,0,0,1,0
3915,0,0,1.2138371,0.7709772,1,1,val,2.0,2.0,0.0,1.0,0.0,0.0,0.0,0.0,0,0,0,1,0
3916,-1,0,-0.4639876,0.38604027,0,1,unassigned,38.0,38.0,0.0,1.0,0.0,0.0,0.06963249,0.0,0,0,0,0,0
3917,-1,0,1.7635572,0.8536546,1,1,unassigned,10.0,9.0,1.0,0.9,0.1,0.100000024,0.015473888,0.0015473888,0,0,0,1,0
3918,-1,0,-0.20739093,0.44833732,0,1,unassigned,17.0,16.0,1.0,0.9411765,0.05882353,0.058823526,0.029013539,0.0017066788,0,0,0,0,0
3919,-1,0,0.5096398,0.62472206,1,1,unassigned,41.0,40.0,1.0,0.9756098,0.024390243,0.02439022,0.07543521,0.001839883,0,0,0,1,0
3920,-1,0,-0.6130923,0.35135412,0,1,unassigned,29.0,29.0,0.0,1.0,0.0,0.0,0.05222437,0.0,0,0,0,0,0
3921,-1,1,13.646777,0.9999988,1,1,unassigned,2.0,2.0,0.0,1.0,0.0,0.0,0.0,0.0,1,0,0,1,1
3922,-1,0,-0.40879232,0.39920172,0,1,unassigned,93.0,89.0,4.0,0.9569892,0.043010753,0.04301077,0.17601547,0.0075705578,0,0,0,0,0
3923,1,0,-0.28606588,0.4289673,0,1,train,37.0,37.0,0.0,1.0,0.0,0.0,0.06769826,0.0,0,0,0,0,0
3924,1,0,3.2056377,0.96104586,1,0,unassigned,12.0,9.0,3.0,0.75,0.25,0.25,0.01934236,0.00483559,0,0,1,1,1
3925,-1,0,-0.5711388,0.3609741,0,1,unassigned,9.0,9.0,0.0,1.0,0.0,0.0,0.013539651,0.0,0,0,0,0,0
3926,-1,0,0.3137986,0.5778122,1,1,unassigned,8.0,8.0,0.0,1.0,0.0,0.0,0.0116054155,0.0,0,0,0,1,0
3927,-1,0,0.15047747,0.53754854,1,1,unassigned,42.0,40.0,2.0,0.95238096,0.04761905,0.047619045,0.07736944,0.003684259,0,0,0,1,0
3928,-1,0,1.3883877,0.8003347,1,1,unassigned,3.0,3.0,0.0,1.0,0.0,0.0,0.001934236,0.0,0,0,0,1,0
3929,1,0,-0.2538445,0.43687746,0,1,unassigned,11.0,11.0,0.0,1.0,0.0,0.0,0.017408123,0.0,0,0,0,0,0
3930,-1,0,-0.56189317,0.36310953,0,1,unassigned,2.0,2.0,0.0,1.0,0.0,0.0,0.0,0.0,0,0,0,0,0
3931,-1,0,-0.5268361,0.37125513,0,1,unassigned,12.0,11.0,1.0,0.9166667,0.083333336,0.08333331,0.01934236,0.0016118633,0,0,0,0,0
3932,-1,0,-0.13575634,0.4661129,0,1,unassigned,2.0,2.0,0.0,1.0,0.0,0.0,0.0,0.0,0,0,0,0,0
3933,0,0,-0.73072475,0.32503572,0,0,test,3.0,3.0,0.0,1.0,0.0,0.0,0.001934236,0.0,0,0,1,0,0
3934,-1,0,1.5633192,0.82682914,1,1,unassigned,2.0,2.0,0.0,1.0,0.0,0.0,0.0,0.0,0,0,0,1,0
3935,-1,0,-0.29953086,0.42567214,0,1,unassigned,3.0,2.0,1.0,0.6666667,0.33333334,0.3333333,0.001934236,0.00064474536,0,0,0,0,0
3936,-1,0,-0.1862016,0.45358363,0,1,unassigned,6.0,6.0,0.0,1.0,0.0,0.0,0.007736944,0.0,0,0,0,0,0
3937,-1,0,-0.5650371,0.3623828,0,1,unassigned,23.0,23.0,0.0,1.0,0.0,0.0,0.040618956,0.0,0,0,0,0,0
3938,-1,0,-0.84668297,0.30012915,0,1,unassigned,75.0,75.0,0.0,1.0,0.0,0.0,0.14119923,0.0,0,0,0,0,0
3939,-1,0,-0.47580767,0.38324258,0,1,unassigned,14.0,14.0,0.0,1.0,0.0,0.0,0.023210831,0.0,0,0,0,0,0
3940,-1,0,-0.84125,0.30127156,0,1,unassigned,58.0,58.0,0.0,1.0,0.0,0.0,0.10831721,0.0,0,0,0,0,0
3941,-1,0,-0.9412058,0.2806568,0,1,unassigned,29.0,29.0,0.0,1.0,0.0,0.0,0.05222437,0.0,0,0,0,0,0
3942,-1,0,0.09521943,0.52378684,1,1,unassigned,33.0,33.0,0.0,1.0,0.0,0.0,0.059961315,0.0,0,0,0,1,0
3943,-1,0,-0.8678344,0.2957051,0,1,unassigned,34.0,34.0,0.0,1.0,0.0,0.0,0.061895553,0.0,0,0,0,0,0
3944,1,1,10.15744,0.99996126,1,0,test,14.0,14.0,0.0,1.0,0.0,0.0,0.023210831,0.0,1,0,1,1,1
3945,-1,0,3.4708207,0.96984607,1,1,unassigned,8.0,8.0,0.0,1.0,0.0,0.0,0.0116054155,0.0,0,0,0,1,1
3946,-1,0,-0.839186,0.30170625,0,1,unassigned,114.0,112.0,2.0,0.98245615,0.01754386,0.017543852,0.21663442,0.003800604,0,0,0,0,0
3947,1,0,2.2669299,0.9061009,1,0,unassigned,7.0,5.0,2.0,0.71428573,0.2857143,0.28571427,0.00967118,0.0027631943,0,0,1,1,1
3948,-1,0,2.745149,0.93963873,1,1,unassigned,9.0,9.0,0.0,1.0,0.0,0.0,0.013539651,0.0,0,0,0,1,1
3949,-1,0,-0.515412,0.3739257,0,1,unassigned,60.0,58.0,2.0,0.96666664,0.033333335,0.03333336,0.11218569,0.003739523,0,0,0,0,0
3950,-1,1,5.840715,0.9971016,1,1,unassigned,6.0,6.0,0.0,1.0,0.0,0.0,0.007736944,0.0,1,0,0,1,1
3951,-1,0,-0.62340343,0.3490078,0,1,unassigned,27.0,26.0,1.0,0.962963,0.037037037,0.037037015,0.0483559,0.0017909593,0,0,0,0,0
3952,-1,0,3.7854326,0.97780484,1,1,unassigned,4.0,4.0,0.0,1.0,0.0,0.0,0.003868472,0.0,0,0,0,1,1
3953,1,0,0.6797536,0.6636837,1,0,unassigned,9.0,9.0,0.0,1.0,0.0,0.0,0.013539651,0.0,0,0,1,1,0
3954,-1,0,0.05246204,0.51311255,1,1,unassigned,14.0,12.0,2.0,0.85714287,0.14285715,0.14285713,0.023210831,0.0033158332,0,0,0,1,0
3955,-1,0,-0.81638896,0.3065307,0,1,unassigned,58.0,58.0,0.0,1.0,0.0,0.0,0.10831721,0.0,0,0,0,0,0
3956,0,0,1.450824,0.8101252,1,1,unassigned,12.0,10.0,2.0,0.8333333,0.16666667,0.16666669,0.01934236,0.0032237265,0,0,0,1,0
3957,-1,0,-0.7494308,0.32094535,0,1,unassigned,28.0,27.0,1.0,0.96428573,0.035714287,0.03571427,0.050290134,0.0017960763,0,0,0,0,0
3958,-1,0,-0.377557,0.4067163,0,1,unassigned,3.0,3.0,0.0,1.0,0.0,0.0,0.001934236,0.0,0,0,0,0,0
3959,1,0,0.13402027,0.533455,1,0,test,22.0,21.0,1.0,0.95454544,0.045454547,0.04545456,0.03868472,0.0017583964,0,0,1,1,0
3960,-1,1,2.0083997,0.88167614,1,1,unassigned,7.0,5.0,2.0,0.71428573,0.2857143,0.28571427,0.00967118,0.0027631943,1,0,0,1,0
3961,-1,0,-0.2898076,0.42805097,0,1,unassigned,31.0,31.0,0.0,1.0,0.0,0.0,0.056092843,0.0,0,0,0,0,0
3962,-1,0,2.7154405,0.9379316,1,1,unassigned,25.0,22.0,3.0,0.88,0.12,0.120000005,0.044487428,0.0053384914,0,0,0,1,1
3963,-1,0,-0.40444157,0.40024567,0,1,unassigned,4.0,4.0,0.0,1.0,0.0,0.0,0.003868472,0.0,0,0,0,0,0
3964,-1,0,-0.61173046,0.35166457,0,1,unassigned,19.0,18.0,1.0,0.94736844,0.05263158,0.052631557,0.032882012,0.0017306323,0,0,0,0,0
3965,-1,0,4.0179715,0.9823285,1,1,unassigned,9.0,9.0,0.0,1.0,0.0,0.0,0.013539651,0.0,0,0,0,1,1
3966,-1,0,3.9033654,0.980225,1,1,unassigned,6.0,5.0,1.0,0.8333333,0.16666667,0.16666669,0.007736944,0.0012894907,0,0,0,1,1
3967,0,0,3.7812364,0.9777135,1,1,test,4.0,4.0,0.0,1.0,0.0,0.0,0.003868472,0.0,0,0,0,1,1
3968,-1,0,1.1469533,0.75895405,1,1,unassigned,38.0,35.0,3.0,0.92105263,0.078947365,0.078947365,0.06963249,0.005497302,0,0,0,1,0
3969,-1,1,5.300006,0.99503326,1,1,unassigned,15.0,12.0,3.0,0.8,0.2,0.19999999,0.025145067,0.0050290134,1,0,0,1,1
3970,0,0,-0.8256445,0.3045668,0,0,val,3.0,3.0,0.0,1.0,0.0,0.0,0.001934236,0.0,0,0,1,0,0
3971,-1,0,6.1504865,0.9978721,1,1,unassigned,2.0,2.0,0.0,1.0,0.0,0.0,0.0,0.0,0,0,0,1,1
3972,-1,1,0.1426931,0.5356129,1,1,unassigned,3.0,3.0,0.0,1.0,0.0,0.0,0.001934236,0.0,1,0,0,1,0
3973,-1,1,-0.18777901,0.4531927,0,1,unassigned,19.0,18.0,1.0,0.94736844,0.05263158,0.052631557,0.032882012,0.0017306323,1,0,0,0,0
3974,-1,0,4.7763076,0.99164337,1,1,unassigned,16.0,13.0,3.0,0.8125,0.1875,0.1875,0.027079303,0.0050773695,0,0,0,1,1
3975,-1,0,5.1079025,0.99398756,1,1,unassigned,9.0,8.0,1.0,0.8888889,0.11111111,0.111111104,0.013539651,0.0015044058,0,0,0,1,1
3976,-1,0,-0.9182446,0.2853157,0,1,unassigned,60.0,60.0,0.0,1.0,0.0,0.0,0.11218569,0.0,0,0,0,0,0
3977,-1,0,-0.9070674,0.28760028,0,1,unassigned,63.0,61.0,2.0,0.96825397,0.031746034,0.03174603,0.11798839,0.0037456634,0,0,0,0,0
3978,-1,0,-0.69910324,0.33201107,0,1,unassigned,15.0,15.0,0.0,1.0,0.0,0.0,0.025145067,0.0,0,0,0,0,0
3979,0,1,-1.4732516,0.18644887,0,0,train,3.0,3.0,0.0,1.0,0.0,0.0,0.001934236,0.0,1,0,1,0,0
3980,-1,1,-0.73706913,0.32364535,0,1,unassigned,10.0,10.0,0.0,1.0,0.0,0.0,0.015473888,0.0,1,0,0,0,0
3981,-1,0,-0.27192533,0.43243447,0,1,unassigned,13.0,12.0,1.0,0.9230769,0.07692308,0.07692307,0.021276595,0.0016366612,0,0,0,0,0
3982,0,0,-0.8984928,0.2893603,0,0,val,71.0,71.0,0.0,1.0,0.0,0.0,0.13346228,0.0,0,0,1,0,0
3983,-1,0,-0.38326213,0.40534037,0,1,unassigned,15.0,15.0,0.0,1.0,0.0,0.0,0.025145067,0.0,0,0,0,0,0
3984,-1,0,-0.6920925,0.33356777,0,1,unassigned,40.0,40.0,0.0,1.0,0.0,0.0,0.07350097,0.0,0,0,0,0,0
3985,-1,0,-0.75365186,0.3200261,0,1,unassigned,25.0,24.0,1.0,0.96,0.04,0.04000002,0.044487428,0.001779497,0,0,0,0,0
3986,-1,0,-0.8426038,0.30098668,0,1,unassigned,51.0,50.0,1.0,0.98039216,0.019607844,0.019607842,0.09477756,0.0018583836,0,0,0,0,0
3987,-1,0,1.0753653,0.74561596,1,1,unassigned,2.0,2.0,0.0,1.0,0.0,0.0,0.0,0.0,0,0,0,1,0
3988,-1,1,12.700021,0.9999969,1,1,unassigned,104.0,104.0,0.0,1.0,0.0,0.0,0.19729207,0.0,1,0,0,1,1
3989,0,0,-0.4964348,0.37837887,0,0,val,4.0,3.0,1.0,0.75,0.25,0.25,0.003868472,0.000967118,0,0,1,0,0
3990,-1,0,-0.69686365,0.33250797,0,1,unassigned,36.0,36.0,0.0,1.0,0.0,0.0,0.065764025,0.0,0,0,0,0,0
3991,-1,0,-0.108893424,0.47280347,0,1,unassigned,18.0,18.0,0.0,1.0,0.0,0.0,0.030947777,0.0,0,0,0,0,0
3992,-1,0,-0.9087069,0.2872645,0,1,unassigned,99.0,98.0,1.0,0.989899,0.01010101,0.01010102,0.1876209,0.0018951605,0,0,0,0,0
3993,-1,0,1.6293347,0.8360785,1,1,unassigned,6.0,4.0,2.0,0.6666667,0.33333334,0.3333333,0.007736944,0.0025789815,0,0,0,1,0
3994,0,1,-0.39607516,0.40225568,0,0,val,19.0,13.0,6.0,0.68421054,0.31578946,0.31578946,0.032882012,0.010383793,1,0,1,0,0
3995,0,1,-0.39776352,0.4018498,0,0,test,38.0,36.0,2.0,0.94736844,0.05263158,0.052631557,0.06963249,0.0036648682,1,0,1,0,0
3996,0,1,1.0089259,0.7328099,1,1,unassigned,24.0,22.0,2.0,0.9166667,0.083333336,0.08333331,0.04255319,0.0035460992,1,0,0,1,0
3997,-1,1,1.7158654,0.8475955,1,1,unassigned,24.0,22.0,2.0,0.9166667,0.083333336,0.08333331,0.04255319,0.0035460992,1,0,0,1,0
3998,-1,1,-0.33158666,0.41785458,0,1,unassigned,9.0,9.0,0.0,1.0,0.0,0.0,0.013539651,0.0,1,0,0,0,0
3999,-1,1,-0.37131858,0.4082224,0,1,unassigned,54.0,54.0,0.0,1.0,0.0,0.0,0.10058027,0.0,1,0,0,0,0
4000,1,1,0.12508911,0.5312316,1,0,unassigned,42.0,41.0,1.0,0.97619045,0.023809524,0.023809552,0.07736944,0.0018421295,1,0,1,1,0
4001,-1,0,3.9490092,0.9810907,1,1,unassigned,6.0,6.0,0.0,1.0,0.0,0.0,0.007736944,0.0,0,0,0,1,1
4002,-1,1,5.3533645,0.99529004,1,1,unassigned,15.0,14.0,1.0,0.93333334,0.06666667,0.06666666,0.025145067,0.0016763379,1,0,0,1,1
4003,-1,1,6.0668626,0.997687,1,1,unassigned,19.0,18.0,1.0,0.94736844,0.05263158,0.052631557,0.032882012,0.0017306323,1,0,0,1,1
4004,-1,0,11.3943405,0.9999888,1,1,unassigned,8.0,8.0,0.0,1.0,0.0,0.0,0.0116054155,0.0,0,0,0,1,1
4005,-1,1,5.5670185,0.9961927,1,1,unassigned,2.0,2.0,0.0,1.0,0.0,0.0,0.0,0.0,1,0,0,1,1
4006,-1,1,2.9102163,0.9483491,1,1,unassigned,3.0,3.0,0.0,1.0,0.0,0.0,0.001934236,0.0,1,0,0,1,1
4007,1,0,3.584882,0.9730089,1,0,test,7.0,5.0,2.0,0.71428573,0.2857143,0.28571427,0.00967118,0.0027631943,0,0,1,1,1
4008,1,1,4.190414,0.9850857,1,0,test,3.0,3.0,0.0,1.0,0.0,0.0,0.001934236,0.0,1,0,1,1,1
4009,1,1,5.5892186,0.996276,1,0,unassigned,4.0,4.0,0.0,1.0,0.0,0.0,0.003868472,0.0,1,0,1,1,1
4010,1,0,2.9971745,0.9524463,1,0,unassigned,2.0,2.0,0.0,1.0,0.0,0.0,0.0,0.0,0,0,1,1,1
4011,-1,1,1.8673487,0.8661512,1,1,unassigned,2.0,1.0,1.0,0.5,0.5,0.5,0.0,0.0,1,0,0,1,0
4012,1,1,5.697296,0.9966562,1,0,test,2.0,2.0,0.0,1.0,0.0,0.0,0.0,0.0,1,0,1,1,1
4013,1,1,5.172771,0.99436307,1,0,val,3.0,3.0,0.0,1.0,0.0,0.0,0.001934236,0.0,1,0,1,1,1
4014,1,1,4.9618554,0.99304867,1,0,unassigned,5.0,5.0,0.0,1.0,0.0,0.0,0.0058027077,0.0,1,0,1,1,1
4015,-1,0,-1.0297769,0.26312736,0,1,unassigned,2.0,2.0,0.0,1.0,0.0,0.0,0.0,0.0,0,0,0,0,0
4016,-1,0,-0.067501485,0.48313102,0,1,unassigned,103.0,102.0,1.0,0.99029124,0.009708738,0.009708762,0.19535783,0.001896678,0,0,0,0,0
4017,-1,0,0.12974048,0.5323897,1,1,unassigned,7.0,7.0,0.0,1.0,0.0,0.0,0.00967118,0.0,0,0,0,1,0
4018,1,1,4.9261346,0.9927978,1,0,val,5.0,5.0,0.0,1.0,0.0,0.0,0.0058027077,0.0,1,0,1,1,1
4019,1,1,5.530343,0.996051,1,0,val,2.0,2.0,0.0,1.0,0.0,0.0,0.0,0.0,1,0,1,1,1
4020,-1,0,1.5129035,0.81949115,1,1,unassigned,109.0,101.0,8.0,0.9266055,0.07339449,0.07339448,0.20696326,0.015189963,0,0,0,1,0
4021,-1,1,-0.7473831,0.32139176,0,1,unassigned,61.0,60.0,1.0,0.9836066,0.016393442,0.016393423,0.114119925,0.0018708183,1,0,0,0,0
4022,0,0,-0.6059799,0.3529768,0,0,val,58.0,55.0,3.0,0.94827586,0.05172414,0.051724136,0.10831721,0.0056026145,0,0,1,0,0
4023,-1,0,1.6084917,0.8332019,1,1,unassigned,42.0,40.0,2.0,0.95238096,0.04761905,0.047619045,0.07736944,0.003684259,0,0,0,1,0
4024,-1,0,0.20944053,0.55216956,1,1,unassigned,99.0,99.0,0.0,1.0,0.0,0.0,0.1876209,0.0,0,0,0,1,0
4025,-1,0,10.364658,0.9999685,1,1,unassigned,6.0,6.0,0.0,1.0,0.0,0.0,0.007736944,0.0,0,0,0,1,1
4026,-1,0,1.0626936,0.74320495,1,1,unassigned,145.0,145.0,0.0,1.0,0.0,0.0,0.27659574,0.0,0,0,0,1,0
4027,-1,0,-0.8889489,0.2913268,0,1,unassigned,53.0,51.0,2.0,0.9622642,0.03773585,0.03773582,0.09864604,0.0037224921,0,0,0,0,0
4028,-1,0,0.97489625,0.72609437,1,1,unassigned,4.0,4.0,0.0,1.0,0.0,0.0,0.003868472,0.0,0,0,0,1,0
4029,-1,0,-0.25158325,0.43743387,0,1,unassigned,2.0,1.0,1.0,0.5,0.5,0.5,0.0,0.0,0,0,0,0,0
4030,0,1,-0.9599697,0.27688426,0,0,unassigned,11.0,11.0,0.0,1.0,0.0,0.0,0.017408123,0.0,1,0,1,0,0
4031,-1,0,-0.30349153,0.42470416,0,1,unassigned,17.0,17.0,0.0,1.0,0.0,0.0,0.029013539,0.0,0,0,0,0,0
4032,-1,0,9.420637,0.99991894,1,1,unassigned,5.0,3.0,2.0,0.6,0.4,0.39999998,0.0058027077,0.002321083,0,0,0,1,1
4033,-1,0,-0.8354218,0.3024999,0,1,unassigned,87.0,85.0,2.0,0.9770115,0.022988506,0.022988498,0.16441005,0.0037795415,0,0,0,0,0
4034,-1,1,0.09573716,0.523916,1,1,unassigned,34.0,23.0,11.0,0.6764706,0.32352942,0.32352942,0.061895553,0.020025032,1,0,0,1,0
4035,-1,0,-0.37148607,0.40818197,0,1,unassigned,53.0,53.0,0.0,1.0,0.0,0.0,0.09864604,0.0,0,0,0,0,0
4036,-1,0,0.4191038,0.6032688,1,1,unassigned,24.0,24.0,0.0,1.0,0.0,0.0,0.04255319,0.0,0,0,0,1,0
4037,1,0,0.1902017,0.54740757,1,0,test,110.0,107.0,3.0,0.9727273,0.027272727,0.027272701,0.20889749,0.0056972043,0,0,1,1,0
4038,0,0,-0.2166853,0.44603965,0,0,unassigned,29.0,29.0,0.0,1.0,0.0,0.0,0.05222437,0.0,0,0,1,0,0
4039,-1,0,2.5321255,0.9263634,1,1,unassigned,13.0,13.0,0.0,1.0,0.0,0.0,0.021276595,0.0,0,0,0,1,1
4040,-1,0,2.5536602,0.92781895,1,1,unassigned,2.0,2.0,0.0,1.0,0.0,0.0,0.0,0.0,0,0,0,1,1
4041,-1,0,5.155313,0.9942644,1,1,unassigned,6.0,5.0,1.0,0.8333333,0.16666667,0.16666669,0.007736944,0.0012894907,0,0,0,1,1
4042,-1,0,0.32935423,0.5816022,1,1,unassigned,7.0,7.0,0.0,1.0,0.0,0.0,0.00967118,0.0,0,0,0,1,0
4043,-1,0,2.083413,0.8892805,1,1,unassigned,3.0,3.0,0.0,1.0,0.0,0.0,0.001934236,0.0,0,0,0,1,0
4044,-1,0,4.8462005,0.9922031,1,1,unassigned,4.0,4.0,0.0,1.0,0.0,0.0,0.003868472,0.0,0,0,0,1,1
4045,-1,0,1.2087157,0.7700716,1,1,unassigned,17.0,10.0,7.0,0.5882353,0.4117647,0.41176468,0.029013539,0.011946752,0,0,0,1,0
4046,-1,1,0.5274249,0.6288823,1,1,unassigned,4.0,3.0,1.0,0.75,0.25,0.25,0.003868472,0.000967118,1,0,0,1,0
4047,-1,0,-1.2787756,0.21775873,0,1,unassigned,5.0,4.0,1.0,0.8,0.2,0.19999999,0.0058027077,0.0011605415,0,0,0,0,0
4048,-1,0,5.404509,0.9955239,1,1,unassigned,2.0,2.0,0.0,1.0,0.0,0.0,0.0,0.0,0,0,0,1,1
4049,-1,1,-0.33978844,0.4158609,0,1,unassigned,2.0,2.0,0.0,1.0,0.0,0.0,0.0,0.0,1,0,0,0,0
4050,-1,0,2.0447502,0.8854161,1,1,unassigned,2.0,2.0,0.0,1.0,0.0,0.0,0.0,0.0,0,0,0,1,0
4051,-1,0,1.7091341,0.846724,1,1,unassigned,4.0,4.0,0.0,1.0,0.0,0.0,0.003868472,0.0,0,0,0,1,0
4052,-1,1,1.4346123,0.807619,1,1,unassigned,43.0,36.0,7.0,0.8372093,0.1627907,0.16279072,0.079303674,0.0129099,1,0,0,1,0
4053,1,0,6.1111817,0.997787,1,0,unassigned,5.0,5.0,0.0,1.0,0.0,0.0,0.0058027077,0.0,0,0,1,1,1
4054,1,1,3.4110916,0.9680494,1,0,unassigned,5.0,4.0,1.0,0.8,0.2,0.19999999,0.0058027077,0.0011605415,1,0,1,1,1
4055,-1,0,-0.8697424,0.2953079,0,1,unassigned,73.0,73.0,0.0,1.0,0.0,0.0,0.13733076,0.0,0,0,0,0,0
4056,-1,0,-0.6913012,0.33374366,0,1,unassigned,55.0,55.0,0.0,1.0,0.0,0.0,0.102514505,0.0,0,0,0,0,0
4057,-1,0,-0.8602924,0.29727826,0,1,unassigned,2.0,2.0,0.0,1.0,0.0,0.0,0.0,0.0,0,0,0,0,0
4058,-1,0,0.111688435,0.5278931,1,1,unassigned,46.0,45.0,1.0,0.9782609,0.02173913,0.021739125,0.08510638,0.0018501388,0,0,0,1,0
4059,-1,0,-0.4593504,0.38713992,0,1,unassigned,2.0,2.0,0.0,1.0,0.0,0.0,0.0,0.0,0,0,0,0,0
4060,-1,0,3.1864984,0.96032304,1,1,unassigned,2.0,2.0,0.0,1.0,0.0,0.0,0.0,0.0,0,0,0,1,1
4061,-1,0,-0.43910477,0.39195433,0,1,unassigned,96.0,90.0,6.0,0.9375,0.0625,0.0625,0.18181819,0.011363637,0,0,0,0,0
4062,-1,0,-0.9056409,0.28789267,0,1,unassigned,69.0,69.0,0.0,1.0,0.0,0.0,0.1295938,0.0,0,0,0,0,0
4063,1,1,-0.18833292,0.45305544,0,1,unassigned,12.0,11.0,1.0,0.9166667,0.083333336,0.08333331,0.01934236,0.0016118633,1,0,0,0,0
4064,-1,0,-0.9124834,0.28649193,0,1,unassigned,63.0,60.0,3.0,0.95238096,0.04761905,0.047619045,0.11798839,0.005618495,0,0,0,0,0
4065,-1,0,4.8720994,0.9924009,1,1,unassigned,10.0,10.0,0.0,1.0,0.0,0.0,0.015473888,0.0,0,0,0,1,1
4066,-1,0,-0.6240467,0.3488617,0,1,unassigned,18.0,18.0,0.0,1.0,0.0,0.0,0.030947777,0.0,0,0,0,0,0
4067,-1,0,-0.9070579,0.28760228,0,1,unassigned,52.0,50.0,2.0,0.96153843,0.03846154,0.038461566,0.0967118,0.0037196847,0,0,0,0,0
4068,-1,0,7.8781896,0.99962115,1,1,unassigned,3.0,3.0,0.0,1.0,0.0,0.0,0.001934236,0.0,0,0,0,1,1
4069,-1,0,1.1918411,0.7670702,1,1,unassigned,5.0,5.0,0.0,1.0,0.0,0.0,0.0058027077,0.0,0,0,0,1,0
4070,1,0,2.5127914,0.9250337,1,0,val,26.0,26.0,0.0,1.0,0.0,0.0,0.046421662,0.0,0,0,1,1,1
4071,-1,0,0.76242214,0.68187934,1,1,unassigned,12.0,12.0,0.0,1.0,0.0,0.0,0.01934236,0.0,0,0,0,1,0
4072,1,1,4.0094595,0.9821801,1,0,unassigned,10.0,9.0,1.0,0.9,0.1,0.100000024,0.015473888,0.0015473888,1,0,1,1,1
4073,-1,0,0.48948008,0.6199839,1,1,unassigned,19.0,19.0,0.0,1.0,0.0,0.0,0.032882012,0.0,0,0,0,1,0
4074,-1,0,-0.98130894,0.27263215,0,1,unassigned,14.0,14.0,0.0,1.0,0.0,0.0,0.023210831,0.0,0,0,0,0,0
4075,-1,0,5.1224723,0.99407405,1,1,unassigned,2.0,2.0,0.0,1.0,0.0,0.0,0.0,0.0,0,0,0,1,1
4076,0,0,2.921676,0.9489076,1,1,test,20.0,20.0,0.0,1.0,0.0,0.0,0.034816246,0.0,0,0,0,1,1
4077,-1,0,-0.47384757,0.383706,0,1,unassigned,5.0,5.0,0.0,1.0,0.0,0.0,0.0058027077,0.0,0,0,0,0,0
4078,0,1,0.12999016,0.53245187,1,1,test,34.0,32.0,2.0,0.9411765,0.05882353,0.058823526,0.061895553,0.0036409148,1,0,0,1,0
4079,-1,1,-0.12071955,0.46985674,0,1,unassigned,36.0,36.0,0.0,1.0,0.0,0.0,0.065764025,0.0,1,0,0,0,0
4080,0,1,1.5081875,0.81879246,1,1,val,11.0,11.0,0.0,1.0,0.0,0.0,0.017408123,0.0,1,0,0,1,0
4081,1,1,1.7742374,0.8549838,1,0,val,16.0,16.0,0.0,1.0,0.0,0.0,0.027079303,0.0,1,0,1,1,0
4082,-1,1,1.1596138,0.7612626,1,1,unassigned,5.0,5.0,0.0,1.0,0.0,0.0,0.0058027077,0.0,1,0,0,1,0
4083,-1,1,-0.14412895,0.46403,0,1,unassigned,10.0,10.0,0.0,1.0,0.0,0.0,0.015473888,0.0,1,0,0,0,0
4084,-1,1,10.164491,0.9999615,1,1,unassigned,3.0,3.0,0.0,1.0,0.0,0.0,0.001934236,0.0,1,0,0,1,1
4085,-1,0,-0.8186247,0.3060557,0,1,unassigned,23.0,23.0,0.0,1.0,0.0,0.0,0.040618956,0.0,0,0,0,0,0
4086,-1,1,3.332458,0.9655257,1,1,unassigned,2.0,2.0,0.0,1.0,0.0,0.0,0.0,0.0,1,0,0,1,1
4087,-1,1,0.11833614,0.52954954,1,1,unassigned,57.0,46.0,11.0,0.80701756,0.19298245,0.19298244,0.10638298,0.020530049,1,0,0,1,0
4088,-1,0,0.9879351,0.7286799,1,1,unassigned,26.0,25.0,1.0,0.96153843,0.03846154,0.038461566,0.046421662,0.0017854486,0,0,0,1,0
4089,-1,1,2.041289,0.8850644,1,1,unassigned,13.0,7.0,6.0,0.53846157,0.46153846,0.46153843,0.021276595,0.009819967,1,0,0,1,0
4090,1,1,-0.40820265,0.3993432,0,1,unassigned,43.0,39.0,4.0,0.90697676,0.093023255,0.09302324,0.079303674,0.0073770857,1,0,0,0,0
4091,-1,0,4.5196805,0.98922485,1,1,unassigned,19.0,19.0,0.0,1.0,0.0,0.0,0.032882012,0.0,0,0,0,1,1
4092,-1,0,-0.03749925,0.49062625,0,1,unassigned,22.0,22.0,0.0,1.0,0.0,0.0,0.03868472,0.0,0,0,0,0,0
4093,-1,1,0.40952575,0.6009742,1,1,unassigned,11.0,10.0,1.0,0.90909094,0.09090909,0.090909064,0.017408123,0.0015825568,1,0,0,1,0
4094,-1,0,7.255357,0.99929404,1,1,unassigned,8.0,6.0,2.0,0.75,0.25,0.25,0.0116054155,0.0029013539,0,0,0,1,1
4095,-1,1,1.1888354,0.7665327,1,1,unassigned,24.0,23.0,1.0,0.9583333,0.041666668,0.041666687,0.04255319,0.0017730496,1,0,0,1,0
4096,-1,0,1.3339272,0.79148954,1,1,unassigned,2.0,2.0,0.0,1.0,0.0,0.0,0.0,0.0,0,0,0,1,0
4097,-1,0,9.463543,0.9999224,1,1,unassigned,2.0,2.0,0.0,1.0,0.0,0.0,0.0,0.0,0,0,0,1,1
4098,-1,0,8.451086,0.99978644,1,1,unassigned,6.0,6.0,0.0,1.0,0.0,0.0,0.007736944,0.0,0,0,0,1,1
4099,-1,1,5.3192644,0.99512744,1,1,unassigned,2.0,1.0,1.0,0.5,0.5,0.5,0.0,0.0,1,0,0,1,1
4100,-1,1,3.7478392,0.97697407,1,1,unassigned,2.0,2.0,0.0,1.0,0.0,0.0,0.0,0.0,1,0,0,1,1
4101,1,1,1.9578936,0.8763048,1,0,train,4.0,4.0,0.0,1.0,0.0,0.0,0.003868472,0.0,1,0,1,1,0
4102,-1,0,-0.837795,0.3019994,0,1,unassigned,59.0,55.0,4.0,0.9322034,0.06779661,0.06779659,0.11025145,0.0074746744,0,0,0,0,0
4103,-1,0,1.1633043,0.7619326,1,1,unassigned,11.0,11.0,0.0,1.0,0.0,0.0,0.017408123,0.0,0,0,0,1,0
4104,-1,0,-0.8016119,0.30968082,0,1,unassigned,68.0,67.0,1.0,0.9852941,0.014705882,0.014705896,0.12765957,0.0018773467,0,0,0,0,0
4105,-1,0,0.61548287,0.6491905,1,1,unassigned,4.0,4.0,0.0,1.0,0.0,0.0,0.003868472,0.0,0,0,0,1,0
4106,-1,0,-1.0517669,0.25888595,0,1,unassigned,5.0,5.0,0.0,1.0,0.0,0.0,0.0058027077,0.0,0,0,0,0,0
4107,-1,0,0.7323156,0.6753132,1,1,unassigned,3.0,3.0,0.0,1.0,0.0,0.0,0.001934236,0.0,0,0,0,1,0
4108,0,0,-0.2286045,0.44309646,0,0,test,41.0,39.0,2.0,0.9512195,0.048780486,0.0487805,0.07543521,0.003679766,0,0,1,0,0
4109,-1,0,4.875587,0.9924272,1,1,unassigned,4.0,4.0,0.0,1.0,0.0,0.0,0.003868472,0.0,0,0,0,1,1
4110,-1,0,-0.5431564,0.36745363,0,1,unassigned,43.0,42.0,1.0,0.9767442,0.023255814,0.023255825,0.079303674,0.0018442714,0,0,0,0,0
4111,-1,0,-0.20916685,0.4478981,0,1,unassigned,2.0,2.0,0.0,1.0,0.0,0.0,0.0,0.0,0,0,0,0,0
4112,-1,1,-0.2250548,0.4439726,0,1,unassigned,3.0,1.0,2.0,0.33333334,0.6666667,0.6666666,0.001934236,0.0012894907,1,0,0,0,0
4113,-1,1,8.322347,0.999757,1,1,unassigned,4.0,3.0,1.0,0.75,0.25,0.25,0.003868472,0.000967118,1,0,0,1,1
4114,-1,0,-0.41433877,0.3978722,0,1,unassigned,3.0,3.0,0.0,1.0,0.0,0.0,0.001934236,0.0,0,0,0,0,0
4115,-1,0,3.997968,0.9819779,1,1,unassigned,8.0,4.0,4.0,0.5,0.5,0.5,0.0116054155,0.0058027077,0,0,0,1,1
4116,-1,0,1.4734547,0.81358194,1,1,unassigned,39.0,39.0,0.0,1.0,0.0,0.0,0.07156673,0.0,0,0,0,1,0
4117,-1,0,-0.18548903,0.45376027,0,1,unassigned,52.0,51.0,1.0,0.9807692,0.01923077,0.019230783,0.0967118,0.0018598423,0,0,0,0,0
4118,-1,0,0.45713633,0.6123346,1,1,unassigned,3.0,3.0,0.0,1.0,0.0,0.0,0.001934236,0.0,0,0,0,1,0
4119,-1,0,-0.9551146,0.2778574,0,1,unassigned,40.0,39.0,1.0,0.975,0.025,0.024999976,0.07350097,0.0018375242,0,0,0,0,0
4120,-1,0,3.954254,0.98118764,1,1,unassigned,6.0,6.0,0.0,1.0,0.0,0.0,0.007736944,0.0,0,0,0,1,1
4121,-1,1,-0.32220367,0.4201388,0,1,unassigned,58.0,56.0,2.0,0.9655172,0.03448276,0.034482777,0.10831721,0.0037350762,1,0,0,0,0
4122,-1,0,-0.23422897,0.441709,0,1,unassigned,6.0,5.0,1.0,0.8333333,0.16666667,0.16666669,0.007736944,0.0012894907,0,0,0,0,0
4123,-1,1,6.3347497,0.99822956,1,1,unassigned,12.0,5.0,7.0,0.41666666,0.5833333,0.5833334,0.01934236,0.011283043,1,0,0,1,1
4124,-1,1,-0.1652543,0.45878017,0,1,unassigned,21.0,21.0,0.0,1.0,0.0,0.0,0.036750484,0.0,1,0,0,0,0
4125,-1,0,-0.58012795,0.35890314,0,1,unassigned,19.0,11.0,8.0,0.57894737,0.42105263,0.42105263,0.032882012,0.013845058,0,0,0,0,0
4126,-1,0,0.12016213,0.53000444,1,1,unassigned,11.0,11.0,0.0,1.0,0.0,0.0,0.017408123,0.0,0,0,0,1,0
4127,-1,0,-0.58375,0.35807016,0,1,unassigned,9.0,9.0,0.0,1.0,0.0,0.0,0.013539651,0.0,0,0,0,0,0
4128,-1,0,-0.9396105,0.28097904,0,1,unassigned,19.0,18.0,1.0,0.94736844,0.05263158,0.052631557,0.032882012,0.0017306323,0,0,0,0,0
4129,-1,1,-0.56459045,0.36248598,0,1,unassigned,8.0,7.0,1.0,0.875,0.125,0.125,0.0116054155,0.0014506769,1,0,0,0,0
4130,-1,1,8.850998,0.9998567,1,1,unassigned,4.0,2.0,2.0,0.5,0.5,0.5,0.003868472,0.001934236,1,0,0,1,1
4131,-1,0,3.938256,0.98089015,1,1,unassigned,8.0,5.0,3.0,0.625,0.375,0.375,0.0116054155,0.004352031,0,0,0,1,1
4132,-1,1,10.007626,0.99995494,1,1,unassigned,100.0,49.0,51.0,0.49,0.51,0.51,0.18955512,0.09667311,1,0,0,1,1
4133,-1,0,0.8612878,0.7029297,1,1,unassigned,21.0,21.0,0.0,1.0,0.0,0.0,0.036750484,0.0,0,0,0,1,0
4134,0,0,-0.8590636,0.29753503,0,0,unassigned,33.0,32.0,1.0,0.969697,0.030303031,0.030303001,0.059961315,0.0018170096,0,0,1,0,0
4135,-1,0,3.0840042,0.956228,1,1,unassigned,2.0,2.0,0.0,1.0,0.0,0.0,0.0,0.0,0,0,0,1,1
4136,-1,0,-0.7977476,0.31050754,0,1,unassigned,68.0,65.0,3.0,0.9558824,0.04411765,0.04411763,0.12765957,0.00563204,0,0,0,0,0
4137,-1,1,-0.77493715,0.31541207,0,1,unassigned,6.0,6.0,0.0,1.0,0.0,0.0,0.007736944,0.0,1,0,0,0,0
4138,-1,0,1.9524319,0.8757116,1,1,unassigned,98.0,94.0,4.0,0.9591837,0.040816326,0.040816307,0.18568665,0.007579047,0,0,0,1,0
4139,0,0,-0.72976464,0.3252464,0,0,unassigned,78.0,78.0,0.0,1.0,0.0,0.0,0.14700194,0.0,0,0,1,0,0
4140,-1,0,0.06189412,0.5154686,1,1,unassigned,23.0,22.0,1.0,0.95652175,0.04347826,0.04347825,0.040618956,0.0017660416,0,0,0,1,0
4141,-1,0,1.9278324,0.87300926,1,1,unassigned,5.0,5.0,0.0,1.0,0.0,0.0,0.0058027077,0.0,0,0,0,1,0
4142,-1,0,-0.7136338,0.32879642,0,1,unassigned,152.0,152.0,0.0,1.0,0.0,0.0,0.29013538,0.0,0,0,0,0,0
4143,1,1,4.8476014,0.9922139,1,0,test,3.0,3.0,0.0,1.0,0.0,0.0,0.001934236,0.0,1,0,1,1,1
4144,-1,1,-0.5406818,0.368029,0,1,unassigned,2.0,2.0,0.0,1.0,0.0,0.0,0.0,0.0,1,0,0,0,0
4145,-1,1,0.9323719,0.7175562,1,1,unassigned,26.0,25.0,1.0,0.96153843,0.03846154,0.038461566,0.046421662,0.0017854486,1,0,0,1,0
4146,-1,1,0.072006226,0.5179938,1,1,unassigned,14.0,12.0,2.0,0.85714287,0.14285715,0.14285713,0.023210831,0.0033158332,1,0,0,1,0
4147,-1,0,0.40692848,0.60035115,1,1,unassigned,18.0,18.0,0.0,1.0,0.0,0.0,0.030947777,0.0,0,0,0,1,0
4148,-1,0,-0.534722,0.36941624,0,1,unassigned,31.0,30.0,1.0,0.9677419,0.032258064,0.032258093,0.056092843,0.0018094465,0,0,0,0,0
4149,-1,0,0.21640152,0.5538902,1,1,unassigned,31.0,30.0,1.0,0.9677419,0.032258064,0.032258093,0.056092843,0.0018094465,0,0,0,1,0
4150,1,0,4.216315,0.9854616,1,0,val,19.0,19.0,0.0,1.0,0.0,0.0,0.032882012,0.0,0,0,1,1,1
4151,-1,0,1.594928,0.8313083,1,1,unassigned,42.0,37.0,5.0,0.88095236,0.11904762,0.11904764,0.07736944,0.009210647,0,0,0,1,0
4152,-1,1,8.74626,0.999841,1,1,unassigned,7.0,6.0,1.0,0.85714287,0.14285715,0.14285713,0.00967118,0.0013815971,1,0,0,1,1
4153,-1,1,2.2219183,0.9022006,1,1,unassigned,14.0,13.0,1.0,0.9285714,0.071428575,0.0714286,0.023210831,0.0016579166,1,0,0,1,1
4154,-1,0,-0.7788584,0.314566,0,1,unassigned,81.0,73.0,8.0,0.90123457,0.09876543,0.09876543,0.15280464,0.015091817,0,0,0,0,0
4155,-1,0,1.9689748,0.87750095,1,1,unassigned,2.0,2.0,0.0,1.0,0.0,0.0,0.0,0.0,0,0,0,1,0
4156,-1,0,-0.40093464,0.40108782,0,1,unassigned,9.0,9.0,0.0,1.0,0.0,0.0,0.013539651,0.0,0,0,0,0,0
4157,0,1,-0.5211612,0.37258077,0,0,unassigned,10.0,10.0,0.0,1.0,0.0,0.0,0.015473888,0.0,1,0,1,0,0
4158,-1,0,3.4072382,0.96793,1,1,unassigned,9.0,8.0,1.0,0.8888889,0.11111111,0.111111104,0.013539651,0.0015044058,0,0,0,1,1
4159,-1,1,2.687915,0.93630975,1,1,unassigned,6.0,6.0,0.0,1.0,0.0,0.0,0.007736944,0.0,1,0,0,1,1
4160,-1,1,1.9249914,0.872694,1,1,unassigned,2.0,2.0,0.0,1.0,0.0,0.0,0.0,0.0,1,0,0,1,0
4161,-1,1,11.505102,0.99998987,1,1,unassigned,2.0,2.0,0.0,1.0,0.0,0.0,0.0,0.0,1,0,0,1,1
4162,1,1,5.6881843,0.99662566,1,0,unassigned,8.0,7.0,1.0,0.875,0.125,0.125,0.0116054155,0.0014506769,1,0,1,1,1
4163,0,0,-0.3361953,0.41673395,0,0,unassigned,26.0,26.0,0.0,1.0,0.0,0.0,0.046421662,0.0,0,0,1,0,0
4164,-1,1,-0.5560663,0.3644581,0,1,unassigned,9.0,9.0,0.0,1.0,0.0,0.0,0.013539651,0.0,1,0,0,0,0
4165,-1,0,1.6156793,0.83419836,1,1,unassigned,3.0,3.0,0.0,1.0,0.0,0.0,0.001934236,0.0,0,0,0,1,0
4166,-1,1,4.699713,0.9909841,1,1,unassigned,3.0,2.0,1.0,0.6666667,0.33333334,0.3333333,0.001934236,0.00064474536,1,0,0,1,1
4167,1,0,-0.5148276,0.37406254,0,1,unassigned,7.0,6.0,1.0,0.85714287,0.14285715,0.14285713,0.00967118,0.0013815971,0,0,0,0,0
4168,1,0,-0.20103884,0.44990888,0,1,unassigned,31.0,30.0,1.0,0.9677419,0.032258064,0.032258093,0.056092843,0.0018094465,0,0,0,0,0
4169,-1,0,1.5349886,0.822735,1,1,unassigned,19.0,19.0,0.0,1.0,0.0,0.0,0.032882012,0.0,0,0,0,1,0
4170,-1,1,4.8575273,0.9922902,1,1,unassigned,2.0,2.0,0.0,1.0,0.0,0.0,0.0,0.0,1,0,0,1,1
4171,-1,0,0.5676909,0.6382302,1,1,unassigned,2.0,2.0,0.0,1.0,0.0,0.0,0.0,0.0,0,0,0,1,0
4172,-1,0,2.730817,0.9388208,1,1,unassigned,4.0,4.0,0.0,1.0,0.0,0.0,0.003868472,0.0,0,0,0,1,1
4173,-1,0,-0.9063627,0.28774473,0,1,unassigned,15.0,15.0,0.0,1.0,0.0,0.0,0.025145067,0.0,0,0,0,0,0
4174,-1,0,7.877911,0.99962115,1,1,unassigned,2.0,2.0,0.0,1.0,0.0,0.0,0.0,0.0,0,0,0,1,1
4175,-1,0,2.0124328,0.8820963,1,1,unassigned,14.0,13.0,1.0,0.9285714,0.071428575,0.0714286,0.023210831,0.0016579166,0,0,0,1,0
4176,-1,1,3.0769045,0.95593,1,1,unassigned,12.0,5.0,7.0,0.41666666,0.5833333,0.5833334,0.01934236,0.011283043,1,0,0,1,1
4177,-1,1,0.37303436,0.592192,1,1,unassigned,2.0,1.0,1.0,0.5,0.5,0.5,0.0,0.0,1,0,0,1,0
4178,1,0,1.5867903,0.830164,1,0,unassigned,2.0,2.0,0.0,1.0,0.0,0.0,0.0,0.0,0,0,1,1,0
4179,-1,0,3.9069164,0.98029375,1,1,unassigned,2.0,2.0,0.0,1.0,0.0,0.0,0.0,0.0,0,0,0,1,1
4180,-1,0,2.016485,0.88251704,1,1,unassigned,5.0,5.0,0.0,1.0,0.0,0.0,0.0058027077,0.0,0,0,0,1,0
4181,-1,0,0.31360853,0.57776576,1,1,unassigned,2.0,1.0,1.0,0.5,0.5,0.5,0.0,0.0,0,0,0,1,0
4182,-1,1,6.4831967,0.99847347,1,1,unassigned,20.0,19.0,1.0,0.95,0.05,0.050000012,0.034816246,0.0017408123,1,0,0,1,1
4183,-1,0,1.0891273,0.74821734,1,1,unassigned,8.0,8.0,0.0,1.0,0.0,0.0,0.0116054155,0.0,0,0,0,1,0
4184,-1,0,1.859127,0.86519516,1,1,unassigned,3.0,3.0,0.0,1.0,0.0,0.0,0.001934236,0.0,0,0,0,1,0
4185,-1,0,-0.44773406,0.38989964,0,1,unassigned,2.0,2.0,0.0,1.0,0.0,0.0,0.0,0.0,0,0,0,0,0
4186,-1,0,0.9732893,0.72577465,1,1,unassigned,5.0,5.0,0.0,1.0,0.0,0.0,0.0058027077,0.0,0,0,0,1,0
4187,-1,0,0.80192584,0.6903863,1,1,unassigned,8.0,8.0,0.0,1.0,0.0,0.0,0.0116054155,0.0,0,0,0,1,0
4188,-1,0,0.7839866,0.6865387,1,1,unassigned,6.0,6.0,0.0,1.0,0.0,0.0,0.007736944,0.0,0,0,0,1,0
4189,-1,0,-0.6640253,0.33983597,0,1,unassigned,2.0,2.0,0.0,1.0,0.0,0.0,0.0,0.0,0,0,0,0,0
4190,-1,0,3.365568,0.9666109,1,1,unassigned,5.0,4.0,1.0,0.8,0.2,0.19999999,0.0058027077,0.0011605415,0,0,0,1,1
4191,-1,0,2.9858782,0.9519321,1,1,unassigned,16.0,16.0,0.0,1.0,0.0,0.0,0.027079303,0.0,0,0,0,1,1
4192,1,0,4.7769465,0.9916487,1,0,unassigned,3.0,3.0,0.0,1.0,0.0,0.0,0.001934236,0.0,0,0,1,1,1
4193,-1,0,0.56804186,0.6383112,1,1,unassigned,10.0,9.0,1.0,0.9,0.1,0.100000024,0.015473888,0.0015473888,0,0,0,1,0
4194,1,1,-0.124949396,0.46880326,0,1,unassigned,31.0,31.0,0.0,1.0,0.0,0.0,0.056092843,0.0,1,0,0,0,0
4195,-1,1,0.3072105,0.57620424,1,1,unassigned,12.0,12.0,0.0,1.0,0.0,0.0,0.01934236,0.0,1,0,0,1,0
4196,-1,0,-0.6281387,0.3479327,0,1,unassigned,51.0,51.0,0.0,1.0,0.0,0.0,0.09477756,0.0,0,0,0,0,0
4197,-1,0,1.0994229,0.75015193,1,1,unassigned,3.0,3.0,0.0,1.0,0.0,0.0,0.001934236,0.0,0,0,0,1,0
4198,-1,1,1.0813198,0.7467437,1,1,unassigned,35.0,35.0,0.0,1.0,0.0,0.0,0.06382979,0.0,1,0,0,1,0
4199,1,1,-0.0665282,0.48337412,0,1,unassigned,14.0,14.0,0.0,1.0,0.0,0.0,0.023210831,0.0,1,0,0,0,0
4200,1,0,0.14678723,0.53663105,1,0,test,4.0,4.0,0.0,1.0,0.0,0.0,0.003868472,0.0,0,0,1,1,0
4201,-1,1,-0.2527432,0.43714842,0,1,unassigned,3.0,2.0,1.0,0.6666667,0.33333334,0.3333333,0.001934236,0.00064474536,1,0,0,0,0
4202,-1,0,1.5898492,0.8305949,1,1,unassigned,3.0,3.0,0.0,1.0,0.0,0.0,0.001934236,0.0,0,0,0,1,0
4203,-1,1,1.2712784,0.7809615,1,1,unassigned,3.0,2.0,1.0,0.6666667,0.33333334,0.3333333,0.001934236,0.00064474536,1,0,0,1,0
4204,-1,0,-0.3594309,0.4110973,0,1,unassigned,4.0,4.0,0.0,1.0,0.0,0.0,0.003868472,0.0,0,0,0,0,0
4205,-1,0,-0.6003779,0.35425723,0,1,unassigned,2.0,2.0,0.0,1.0,0.0,0.0,0.0,0.0,0,0,0,0,0
4206,-1,1,6.9895015,0.99907935,1,1,unassigned,11.0,11.0,0.0,1.0,0.0,0.0,0.017408123,0.0,1,0,0,1,1
4207,-1,1,0.20307702,0.5505955,1,1,unassigned,2.0,1.0,1.0,0.5,0.5,0.5,0.0,0.0,1,0,0,1,0
4208,-1,0,5.151252,0.99424124,1,1,unassigned,2.0,2.0,0.0,1.0,0.0,0.0,0.0,0.0,0,0,0,1,1
4209,-1,0,-0.45095092,0.3891347,0,1,unassigned,3.0,3.0,0.0,1.0,0.0,0.0,0.001934236,0.0,0,0,0,0,0
4210,-1,0,-0.31840408,0.42106473,0,1,unassigned,33.0,32.0,1.0,0.969697,0.030303031,0.030303001,0.059961315,0.0018170096,0,0,0,0,0
4211,-1,1,7.2187967,0.9992679,1,1,unassigned,9.0,8.0,1.0,0.8888889,0.11111111,0.111111104,0.013539651,0.0015044058,1,0,0,1,1
4212,-1,1,0.28185463,0.5700009,1,1,unassigned,2.0,1.0,1.0,0.5,0.5,0.5,0.0,0.0,1,0,0,1,0
4213,1,1,0.7591364,0.6811662,1,0,unassigned,10.0,10.0,0.0,1.0,0.0,0.0,0.015473888,0.0,1,0,1,1,0
4214,-1,0,3.2565866,0.9629091,1,1,unassigned,15.0,15.0,0.0,1.0,0.0,0.0,0.025145067,0.0,0,0,0,1,1
4215,0,0,-0.89206976,0.29068288,0,0,val,19.0,14.0,5.0,0.7368421,0.2631579,0.2631579,0.032882012,0.008653161,0,0,1,0,0
4216,-1,1,0.22912973,0.5570331,1,1,unassigned,15.0,15.0,0.0,1.0,0.0,0.0,0.025145067,0.0,1,0,0,1,0
4217,-1,0,1.5105286,0.81913954,1,1,unassigned,53.0,50.0,3.0,0.9433962,0.056603774,0.05660379,0.09864604,0.005583738,0,0,0,1,0
4218,0,0,-0.14437169,0.46396962,0,0,test,53.0,52.0,1.0,0.9811321,0.018867925,0.01886791,0.09864604,0.0018612461,0,0,1,0,0
4219,-1,0,-0.78760326,0.31268352,0,1,unassigned,142.0,139.0,3.0,0.97887325,0.02112676,0.021126747,0.27079305,0.00572098,0,0,0,0,0
4220,-1,0,2.0516458,0.8861138,1,1,unassigned,12.0,11.0,1.0,0.9166667,0.083333336,0.08333331,0.01934236,0.0016118633,0,0,0,1,0
4221,-1,0,0.5571125,0.63578415,1,1,unassigned,23.0,21.0,2.0,0.9130435,0.08695652,0.0869565,0.040618956,0.0035320832,0,0,0,1,0
4222,-1,1,5.63745,0.99645066,1,1,unassigned,12.0,12.0,0.0,1.0,0.0,0.0,0.01934236,0.0,1,0,0,1,1
4223,-1,0,0.7364231,0.6762132,1,1,unassigned,24.0,23.0,1.0,0.9583333,0.041666668,0.041666687,0.04255319,0.0017730496,0,0,0,1,0
4224,-1,0,1.0637226,0.7434013,1,1,unassigned,26.0,26.0,0.0,1.0,0.0,0.0,0.046421662,0.0,0,0,0,1,0
4225,-1,1,-0.8793833,0.2933056,0,1,unassigned,62.0,59.0,3.0,0.9516129,0.048387095,0.04838711,0.116054155,0.0056155236,1,0,0,0,0
4226,-1,1,1.0765252,0.74583584,1,1,unassigned,21.0,17.0,4.0,0.8095238,0.1904762,0.19047618,0.036750484,0.0070000924,1,0,0,1,0
4227,-1,0,4.671231,0.990726,1,1,unassigned,21.0,18.0,3.0,0.85714287,0.14285715,0.14285713,0.036750484,0.0052500693,0,0,0,1,1
4228,-1,0,-0.52695686,0.3712269,0,1,unassigned,26.0,26.0,0.0,1.0,0.0,0.0,0.046421662,0.0,0,0,0,0,0
4229,-1,0,-0.89876914,0.2893035,0,1,unassigned,15.0,14.0,1.0,0.93333334,0.06666667,0.06666666,0.025145067,0.0016763379,0,0,0,0,0
4230,-1,1,-0.576244,0.3597973,0,1,unassigned,16.0,16.0,0.0,1.0,0.0,0.0,0.027079303,0.0,1,0,0,0,0
4231,-1,0,-0.797579,0.31054363,0,1,unassigned,51.0,51.0,0.0,1.0,0.0,0.0,0.09477756,0.0,0,0,0,0,0
4232,-1,0,-0.8365425,0.30226347,0,1,unassigned,101.0,100.0,1.0,0.990099,0.00990099,0.009900987,0.19148937,0.0018959343,0,0,0,0,0
4233,-1,0,-0.321755,0.42024812,0,1,unassigned,30.0,30.0,0.0,1.0,0.0,0.0,0.054158606,0.0,0,0,0,0,0
4234,-1,0,1.8915195,0.8689287,1,1,unassigned,46.0,44.0,2.0,0.95652175,0.04347826,0.04347825,0.08510638,0.0037002775,0,0,0,1,0
4235,-1,1,-0.8318701,0.3032498,0,1,unassigned,14.0,14.0,0.0,1.0,0.0,0.0,0.023210831,0.0,1,0,0,0,0
4236,-1,0,-0.23315972,0.44197267,0,1,unassigned,6.0,6.0,0.0,1.0,0.0,0.0,0.007736944,0.0,0,0,0,0,0
4237,-1,0,-0.51167077,0.37480193,0,1,unassigned,10.0,10.0,0.0,1.0,0.0,0.0,0.015473888,0.0,0,0,0,0,0
4238,-1,0,2.1593916,0.89654315,1,1,unassigned,4.0,1.0,3.0,0.25,0.75,0.75,0.003868472,0.002901354,0,0,0,1,0
4239,-1,0,1.6335623,0.83665705,1,1,unassigned,7.0,7.0,0.0,1.0,0.0,0.0,0.00967118,0.0,0,0,0,1,0
4240,-1,1,0.15811843,0.5394475,1,1,unassigned,9.0,9.0,0.0,1.0,0.0,0.0,0.013539651,0.0,1,0,0,1,0
4241,1,1,0.019244373,0.5048109,1,0,unassigned,12.0,12.0,0.0,1.0,0.0,0.0,0.01934236,0.0,1,0,1,1,0
4242,-1,1,2.958813,0.95067835,1,1,unassigned,3.0,3.0,0.0,1.0,0.0,0.0,0.001934236,0.0,1,0,0,1,1
4243,-1,0,6.3270907,0.998216,1,1,unassigned,4.0,4.0,0.0,1.0,0.0,0.0,0.003868472,0.0,0,0,0,1,1
4244,-1,1,2.7558699,0.940244,1,1,unassigned,7.0,5.0,2.0,0.71428573,0.2857143,0.28571427,0.00967118,0.0027631943,1,0,0,1,1
4245,-1,0,3.999798,0.9820102,1,1,unassigned,10.0,10.0,0.0,1.0,0.0,0.0,0.015473888,0.0,0,0,0,1,1
4246,-1,1,0.4375009,0.6076634,1,1,unassigned,6.0,5.0,1.0,0.8333333,0.16666667,0.16666669,0.007736944,0.0012894907,1,0,0,1,0
4247,-1,1,3.4671652,0.9697389,1,1,unassigned,9.0,2.0,7.0,0.22222222,0.7777778,0.7777778,0.013539651,0.010530841,1,0,0,1,1
4248,-1,1,2.2944887,0.90841955,1,1,unassigned,2.0,2.0,0.0,1.0,0.0,0.0,0.0,0.0,1,0,0,1,1
4249,-1,0,1.5450222,0.8241936,1,1,unassigned,10.0,10.0,0.0,1.0,0.0,0.0,0.015473888,0.0,0,0,0,1,0
4250,-1,0,-0.768283,0.31685063,0,1,unassigned,16.0,16.0,0.0,1.0,0.0,0.0,0.027079303,0.0,0,0,0,0,0
4251,-1,0,4.888763,0.9925256,1,1,unassigned,32.0,31.0,1.0,0.96875,0.03125,0.03125,0.058027077,0.0018133462,0,0,0,1,1
4252,-1,1,6.159148,0.9978904,1,1,unassigned,17.0,12.0,5.0,0.7058824,0.29411766,0.29411763,0.029013539,0.008533394,1,0,0,1,1
4253,-1,0,7.552365,0.9994754,1,1,unassigned,16.0,11.0,5.0,0.6875,0.3125,0.3125,0.027079303,0.008462282,0,0,0,1,1
4254,-1,1,5.0296435,0.99350137,1,1,unassigned,5.0,5.0,0.0,1.0,0.0,0.0,0.0058027077,0.0,1,0,0,1,1
4255,-1,1,4.4075317,0.9879615,1,1,unassigned,37.0,33.0,4.0,0.8918919,0.10810811,0.1081081,0.06769826,0.0073187314,1,0,0,1,1
4256,-1,1,2.0638974,0.8873444,1,1,unassigned,57.0,54.0,3.0,0.94736844,0.05263158,0.052631557,0.10638298,0.0055991043,1,0,0,1,0
4257,-1,0,3.2048762,0.9610174,1,1,unassigned,2.0,1.0,1.0,0.5,0.5,0.5,0.0,0.0,0,0,0,1,1
4258,-1,1,0.023949564,0.5059871,1,1,unassigned,3.0,2.0,1.0,0.6666667,0.33333334,0.3333333,0.001934236,0.00064474536,1,0,0,1,0
4259,-1,0,-0.07233298,0.48192465,0,1,unassigned,58.0,54.0,4.0,0.9310345,0.06896552,0.068965495,0.10831721,0.0074701523,0,0,0,0,0
4260,-1,1,3.3608494,0.9664583,1,1,unassigned,3.0,3.0,0.0,1.0,0.0,0.0,0.001934236,0.0,1,0,0,1,1
4261,-1,1,-0.23357153,0.44187114,0,1,unassigned,3.0,2.0,1.0,0.6666667,0.33333334,0.3333333,0.001934236,0.00064474536,1,0,0,0,0
4262,-1,1,2.8616107,0.94591576,1,1,unassigned,2.0,2.0,0.0,1.0,0.0,0.0,0.0,0.0,1,0,0,1,1
4263,-1,1,2.8616107,0.94591576,1,1,unassigned,2.0,2.0,0.0,1.0,0.0,0.0,0.0,0.0,1,0,0,1,1
4264,1,1,4.362574,0.9874149,1,0,test,4.0,4.0,0.0,1.0,0.0,0.0,0.003868472,0.0,1,0,1,1,1
4265,1,0,-0.06344092,0.4841451,0,1,val,8.0,8.0,0.0,1.0,0.0,0.0,0.0116054155,0.0,0,0,0,0,0
4266,1,1,5.4026,0.9955154,1,0,test,2.0,2.0,0.0,1.0,0.0,0.0,0.0,0.0,1,0,1,1,1
4267,-1,0,0.25502563,0.5634131,1,1,unassigned,2.0,2.0,0.0,1.0,0.0,0.0,0.0,0.0,0,0,0,1,0
4268,-1,0,-0.44606102,0.3902977,0,1,unassigned,15.0,15.0,0.0,1.0,0.0,0.0,0.025145067,0.0,0,0,0,0,0
4269,1,1,4.739697,0.9913345,1,0,test,2.0,2.0,0.0,1.0,0.0,0.0,0.0,0.0,1,0,1,1,1
4270,1,1,3.9426663,0.98097265,1,0,train,4.0,4.0,0.0,1.0,0.0,0.0,0.003868472,0.0,1,0,1,1,1
4271,-1,1,-0.5557711,0.3645265,0,1,unassigned,6.0,3.0,3.0,0.5,0.5,0.5,0.007736944,0.003868472,1,0,0,0,0
4272,1,1,1.1866348,0.7661387,1,0,unassigned,11.0,10.0,1.0,0.90909094,0.09090909,0.090909064,0.017408123,0.0015825568,1,0,1,1,0
4273,1,1,4.8694434,0.9923808,1,0,unassigned,6.0,6.0,0.0,1.0,0.0,0.0,0.007736944,0.0,1,0,1,1,1
4274,1,1,3.7127879,0.9761722,1,0,unassigned,7.0,7.0,0.0,1.0,0.0,0.0,0.00967118,0.0,1,0,1,1,1
4275,-1,1,2.8616107,0.94591576,1,1,unassigned,2.0,2.0,0.0,1.0,0.0,0.0,0.0,0.0,1,0,0,1,1
4276,-1,1,0.01800716,0.5045017,1,1,unassigned,19.0,17.0,2.0,0.8947368,0.10526316,0.10526317,0.032882012,0.0034612645,1,0,0,1,0
4277,-1,0,-0.8331876,0.30297148,0,1,unassigned,52.0,51.0,1.0,0.9807692,0.01923077,0.019230783,0.0967118,0.0018598423,0,0,0,0,0
4278,0,1,-0.3061467,0.42405558,0,0,unassigned,32.0,32.0,0.0,1.0,0.0,0.0,0.058027077,0.0,1,0,1,0,0
4279,-1,0,0.28191084,0.5700146,1,1,unassigned,8.0,7.0,1.0,0.875,0.125,0.125,0.0116054155,0.0014506769,0,0,0,1,0
4280,-1,0,-0.47801006,0.38272214,0,1,unassigned,47.0,47.0,0.0,1.0,0.0,0.0,0.08704062,0.0,0,0,0,0,0
4281,-1,0,-0.60844487,0.352414,0,1,unassigned,32.0,32.0,0.0,1.0,0.0,0.0,0.058027077,0.0,0,0,0,0,0
4282,-1,0,-0.8719466,0.29484943,0,1,unassigned,19.0,17.0,2.0,0.8947368,0.10526316,0.10526317,0.032882012,0.0034612645,0,0,0,0,0
4283,-1,0,-0.55714124,0.36420915,0,1,unassigned,2.0,2.0,0.0,1.0,0.0,0.0,0.0,0.0,0,0,0,0,0
4284,-1,0,1.2942288,0.7848621,1,1,unassigned,75.0,74.0,1.0,0.9866667,0.013333334,0.013333321,0.14119923,0.0018826565,0,0,0,1,0
4285,-1,0,9.053088,0.99988294,1,1,unassigned,9.0,7.0,2.0,0.7777778,0.22222222,0.22222221,0.013539651,0.0030088115,0,0,0,1,1
4286,-1,0,0.062698364,0.51566947,1,1,unassigned,55.0,54.0,1.0,0.9818182,0.018181818,0.0181818,0.102514505,0.0018639,0,0,0,1,0
4287,-1,1,-0.43419552,0.3931249,0,1,unassigned,26.0,23.0,3.0,0.88461536,0.115384616,0.11538464,0.046421662,0.005356346,1,0,0,0,0
4288,-1,0,-0.82981706,0.30368376,0,1,unassigned,43.0,43.0,0.0,1.0,0.0,0.0,0.079303674,0.0,0,0,0,0,0
4289,0,0,0.16745037,0.5417651,1,1,unassigned,19.0,19.0,0.0,1.0,0.0,0.0,0.032882012,0.0,0,0,0,1,0
4290,-1,1,0.41124123,0.6013855,1,1,unassigned,5.0,5.0,0.0,1.0,0.0,0.0,0.0058027077,0.0,1,0,0,1,0
4291,-1,1,2.4751854,0.9223838,1,1,unassigned,42.0,31.0,11.0,0.7380952,0.26190478,0.26190478,0.07736944,0.020263424,1,0,0,1,1
4292,-1,1,-0.5162717,0.37372443,0,1,unassigned,12.0,11.0,1.0,0.9166667,0.083333336,0.08333331,0.01934236,0.0016118633,1,0,0,0,0
4293,0,1,-0.4638966,0.38606185,0,0,unassigned,36.0,36.0,0.0,1.0,0.0,0.0,0.065764025,0.0,1,0,1,0,0
4294,-1,1,-0.18754226,0.4532514,0,1,unassigned,39.0,38.0,1.0,0.974359,0.025641026,0.025641024,0.07156673,0.0018350444,1,0,0,0,0
4295,-1,1,2.3964908,0.9165594,1,1,unassigned,3.0,3.0,0.0,1.0,0.0,0.0,0.001934236,0.0,1,0,0,1,1
4296,-1,1,4.4650493,0.98862666,1,1,unassigned,3.0,3.0,0.0,1.0,0.0,0.0,0.001934236,0.0,1,0,0,1,1
4297,-1,1,4.4650493,0.98862666,1,1,unassigned,3.0,3.0,0.0,1.0,0.0,0.0,0.001934236,0.0,1,0,0,1,1
4298,1,1,5.6209254,0.9963917,1,0,test,4.0,4.0,0.0,1.0,0.0,0.0,0.003868472,0.0,1,0,1,1,1
4299,1,1,5.6209254,0.9963917,1,0,unassigned,4.0,4.0,0.0,1.0,0.0,0.0,0.003868472,0.0,1,0,1,1,1
4300,-1,0,-0.52284235,0.37218785,0,1,unassigned,67.0,66.0,1.0,0.98507464,0.014925373,0.014925361,0.12572534,0.0018764976,0,0,0,0,0
4301,-1,1,2.8616107,0.94591576,1,1,unassigned,2.0,2.0,0.0,1.0,0.0,0.0,0.0,0.0,1,0,0,1,1
4302,-1,1,2.8616107,0.94591576,1,1,unassigned,2.0,2.0,0.0,1.0,0.0,0.0,0.0,0.0,1,0,0,1,1
4303,-1,0,5.6941648,0.99664575,1,1,unassigned,8.0,8.0,0.0,1.0,0.0,0.0,0.0116054155,0.0,0,0,0,1,1
4304,-1,0,-0.32907277,0.41846624,0,1,unassigned,6.0,5.0,1.0,0.8333333,0.16666667,0.16666669,0.007736944,0.0012894907,0,0,0,0,0
4305,-1,0,0.4212212,0.6037754,1,1,unassigned,36.0,36.0,0.0,1.0,0.0,0.0,0.065764025,0.0,0,0,0,1,0
4306,-1,1,2.8616107,0.94591576,1,1,unassigned,2.0,2.0,0.0,1.0,0.0,0.0,0.0,0.0,1,0,0,1,1
4307,1,1,6.214962,0.99800473,1,0,test,5.0,5.0,0.0,1.0,0.0,0.0,0.0058027077,0.0,1,0,1,1,1
4308,-1,0,-0.34561586,0.41444594,0,1,unassigned,2.0,2.0,0.0,1.0,0.0,0.0,0.0,0.0,0,0,0,0,0
4309,1,1,5.379597,0.99541146,1,0,val,2.0,2.0,0.0,1.0,0.0,0.0,0.0,0.0,1,0,1,1,1
4310,-1,0,3.2104995,0.9612275,1,1,unassigned,18.0,17.0,1.0,0.9444444,0.055555556,0.055555582,0.030947777,0.0017193209,0,0,0,1,1
4311,-1,0,-0.12955064,0.4676576,0,1,unassigned,13.0,13.0,0.0,1.0,0.0,0.0,0.021276595,0.0,0,0,0,0,0
4312,-1,0,0.6761072,0.66286933,1,1,unassigned,31.0,30.0,1.0,0.9677419,0.032258064,0.032258093,0.056092843,0.0018094465,0,0,0,1,0
4313,-1,0,-0.010071039,0.4974823,0,1,unassigned,19.0,19.0,0.0,1.0,0.0,0.0,0.032882012,0.0,0,0,0,0,0
4314,-1,0,0.34368414,0.58508515,1,1,unassigned,18.0,17.0,1.0,0.9444444,0.055555556,0.055555582,0.030947777,0.0017193209,0,0,0,1,0
4315,1,0,0.25104994,0.5624349,1,0,val,52.0,51.0,1.0,0.9807692,0.01923077,0.019230783,0.0967118,0.0018598423,0,0,1,1,0
4316,-1,0,0.24599928,0.56119156,1,1,unassigned,11.0,11.0,0.0,1.0,0.0,0.0,0.017408123,0.0,0,0,0,1,0
4317,-1,0,-0.2760353,0.43142602,0,1,unassigned,7.0,7.0,0.0,1.0,0.0,0.0,0.00967118,0.0,0,0,0,0,0
4318,-1,0,0.70418626,0.66911525,1,1,unassigned,31.0,31.0,0.0,1.0,0.0,0.0,0.056092843,0.0,0,0,0,1,0
4319,-1,0,-0.42840362,0.39450762,0,1,unassigned,8.0,8.0,0.0,1.0,0.0,0.0,0.0116054155,0.0,0,0,0,0,0
4320,-1,0,-0.7484433,0.32116058,0,1,unassigned,19.0,19.0,0.0,1.0,0.0,0.0,0.032882012,0.0,0,0,0,0,0
4321,-1,0,0.02915585,0.50728846,1,1,unassigned,31.0,30.0,1.0,0.9677419,0.032258064,0.032258093,0.056092843,0.0018094465,0,0,0,1,0
4322,-1,0,-0.5573528,0.3641602,0,1,unassigned,14.0,14.0,0.0,1.0,0.0,0.0,0.023210831,0.0,0,0,0,0,0
4323,-1,0,-0.7777623,0.31480238,0,1,unassigned,21.0,20.0,1.0,0.95238096,0.04761905,0.047619045,0.036750484,0.0017500231,0,0,0,0,0
4324,1,1,2.766967,0.94086444,1,0,train,14.0,10.0,4.0,0.71428573,0.2857143,0.28571427,0.023210831,0.0066316663,1,0,1,1,1
4325,-1,0,0.48217005,0.61826015,1,1,unassigned,6.0,4.0,2.0,0.6666667,0.33333334,0.3333333,0.007736944,0.0025789815,0,0,0,1,0
4326,-1,0,0.7167166,0.6718836,1,1,unassigned,92.0,84.0,8.0,0.9130435,0.08695652,0.0869565,0.17408124,0.015137499,0,0,0,1,0
4327,-1,1,0.7533632,0.6799111,1,1,unassigned,10.0,10.0,0.0,1.0,0.0,0.0,0.015473888,0.0,1,0,0,1,0
4328,-1,1,1.8294823,0.86170006,1,1,unassigned,5.0,5.0,0.0,1.0,0.0,0.0,0.0058027077,0.0,1,0,0,1,0
4329,-1,0,-0.14747846,0.46319705,0,1,unassigned,2.0,2.0,0.0,1.0,0.0,0.0,0.0,0.0,0,0,0,0,0
4330,-1,0,-0.13860235,0.46540475,0,1,unassigned,4.0,4.0,0.0,1.0,0.0,0.0,0.003868472,0.0,0,0,0,0,0
4331,-1,0,9.647071,0.9999354,1,1,unassigned,3.0,3.0,0.0,1.0,0.0,0.0,0.001934236,0.0,0,0,0,1,1
4332,1,1,4.3168983,0.98683447,1,0,test,6.0,6.0,0.0,1.0,0.0,0.0,0.007736944,0.0,1,0,1,1,1
4333,-1,1,1.2495675,0.777225,1,1,unassigned,4.0,4.0,0.0,1.0,0.0,0.0,0.003868472,0.0,1,0,0,1,0
4334,1,1,2.1791556,0.89836204,1,0,test,4.0,4.0,0.0,1.0,0.0,0.0,0.003868472,0.0,1,0,1,1,0
4335,-1,1,6.0388565,0.99762136,1,1,unassigned,4.0,3.0,1.0,0.75,0.25,0.25,0.003868472,0.000967118,1,0,0,1,1
4336,0,0,-0.91593844,0.28578618,0,0,unassigned,17.0,17.0,0.0,1.0,0.0,0.0,0.029013539,0.0,0,0,1,0,0
4337,-1,1,2.8616107,0.94591576,1,1,unassigned,2.0,2.0,0.0,1.0,0.0,0.0,0.0,0.0,1,0,0,1,1
4338,-1,1,3.9927037,0.9818844,1,1,unassigned,3.0,3.0,0.0,1.0,0.0,0.0,0.001934236,0.0,1,0,0,1,1
4339,1,1,0.2127294,0.5529827,1,0,test,17.0,16.0,1.0,0.9411765,0.05882353,0.058823526,0.029013539,0.0017066788,1,0,1,1,0
4340,-1,0,0.22802013,0.5567593,1,1,unassigned,6.0,5.0,1.0,0.8333333,0.16666667,0.16666669,0.007736944,0.0012894907,0,0,0,1,0
4341,-1,0,0.15163392,0.537836,1,1,unassigned,12.0,12.0,0.0,1.0,0.0,0.0,0.01934236,0.0,0,0,0,1,0
4342,-1,1,1.8731894,0.8668269,1,1,unassigned,2.0,2.0,0.0,1.0,0.0,0.0,0.0,0.0,1,0,0,1,0
4343,1,1,5.2671523,0.99486816,1,0,val,3.0,3.0,0.0,1.0,0.0,0.0,0.001934236,0.0,1,0,1,1,1
4344,1,1,5.8379626,0.9970937,1,0,unassigned,4.0,4.0,0.0,1.0,0.0,0.0,0.003868472,0.0,1,0,1,1,1
4345,-1,1,3.7806618,0.977701,1,1,unassigned,3.0,3.0,0.0,1.0,0.0,0.0,0.001934236,0.0,1,0,0,1,1
4346,-1,1,7.424091,0.9994036,1,1,unassigned,3.0,2.0,1.0,0.6666667,0.33333334,0.3333333,0.001934236,0.00064474536,1,0,0,1,1
4347,1,1,4.553622,0.9895807,1,0,test,3.0,3.0,0.0,1.0,0.0,0.0,0.001934236,0.0,1,0,1,1,1
4348,1,1,4.2443147,0.98585737,1,0,test,4.0,4.0,0.0,1.0,0.0,0.0,0.003868472,0.0,1,0,1,1,1
4349,1,1,4.8175893,0.99197865,1,0,test,3.0,3.0,0.0,1.0,0.0,0.0,0.001934236,0.0,1,0,1,1,1
4350,1,1,4.34917,0.9872472,1,0,val,4.0,4.0,0.0,1.0,0.0,0.0,0.003868472,0.0,1,0,1,1,1
4351,1,1,4.3668156,0.98746747,1,0,test,4.0,4.0,0.0,1.0,0.0,0.0,0.003868472,0.0,1,0,1,1,1
4352,1,1,5.206919,0.99455136,1,0,test,3.0,3.0,0.0,1.0,0.0,0.0,0.001934236,0.0,1,0,1,1,1
4353,1,1,5.23047,0.9946774,1,0,unassigned,3.0,3.0,0.0,1.0,0.0,0.0,0.001934236,0.0,1,0,1,1,1
4354,1,1,5.72251,0.9967392,1,0,unassigned,4.0,4.0,0.0,1.0,0.0,0.0,0.003868472,0.0,1,0,1,1,1
4355,-1,1,4.1563773,0.98457736,1,1,unassigned,2.0,2.0,0.0,1.0,0.0,0.0,0.0,0.0,1,0,0,1,1
4356,-1,0,4.002994,0.98206663,1,1,unassigned,9.0,9.0,0.0,1.0,0.0,0.0,0.013539651,0.0,0,0,0,1,1
4357,-1,1,0.12909847,0.53222984,1,1,unassigned,10.0,10.0,0.0,1.0,0.0,0.0,0.015473888,0.0,1,0,0,1,0
4358,-1,1,2.9549878,0.9504987,1,1,unassigned,6.0,6.0,0.0,1.0,0.0,0.0,0.007736944,0.0,1,0,0,1,1
4359,-1,0,-0.8205917,0.30563807,0,1,unassigned,112.0,111.0,1.0,0.9910714,0.008928572,0.008928597,0.21276596,0.0018996962,0,0,0,0,0
4360,1,0,0.81435996,0.6930378,1,0,test,31.0,28.0,3.0,0.9032258,0.09677419,0.09677422,0.056092843,0.0054283394,0,0,1,1,0
4361,-1,1,0.80635005,0.69133115,1,1,unassigned,3.0,3.0,0.0,1.0,0.0,0.0,0.001934236,0.0,1,0,0,1,0
4362,0,0,-0.3768487,0.4068872,0,0,unassigned,9.0,9.0,0.0,1.0,0.0,0.0,0.013539651,0.0,0,0,1,0,0
4363,-1,1,3.1256244,0.9579374,1,1,unassigned,5.0,4.0,1.0,0.8,0.2,0.19999999,0.0058027077,0.0011605415,1,0,0,1,1
4364,1,1,3.3523338,0.96618116,1,0,unassigned,3.0,3.0,0.0,1.0,0.0,0.0,0.001934236,0.0,1,0,1,1,1
4365,1,1,5.849732,0.9971276,1,0,test,4.0,4.0,0.0,1.0,0.0,0.0,0.003868472,0.0,1,0,1,1,1
4366,1,1,5.77376,0.99690163,1,0,val,4.0,4.0,0.0,1.0,0.0,0.0,0.003868472,0.0,1,0,1,1,1
4367,-1,1,2.515044,0.9251898,1,1,unassigned,2.0,2.0,0.0,1.0,0.0,0.0,0.0,0.0,1,0,0,1,1
4368,-1,1,3.7806618,0.977701,1,1,unassigned,3.0,3.0,0.0,1.0,0.0,0.0,0.001934236,0.0,1,0,0,1,1
4369,-1,0,-0.5753507,0.3600031,0,1,unassigned,190.0,189.0,1.0,0.99473685,0.005263158,0.0052631497,0.36363637,0.0019138757,0,0,0,0,0
4370,1,1,5.129724,0.99411666,1,0,val,3.0,3.0,0.0,1.0,0.0,0.0,0.001934236,0.0,1,0,1,1,1
4371,1,1,4.939132,0.9928901,1,0,train,3.0,3.0,0.0,1.0,0.0,0.0,0.001934236,0.0,1,0,1,1,1
4372,1,1,4.8734565,0.99241114,1,0,unassigned,3.0,3.0,0.0,1.0,0.0,0.0,0.001934236,0.0,1,0,1,1,1
4373,-1,0,-0.75849104,0.318974,0,1,unassigned,46.0,46.0,0.0,1.0,0.0,0.0,0.08510638,0.0,0,0,0,0,0
4374,-1,0,-0.9526593,0.27835035,0,1,unassigned,40.0,40.0,0.0,1.0,0.0,0.0,0.07350097,0.0,0,0,0,0,0
4375,0,1,-0.3870429,0.40442935,0,0,val,35.0,32.0,3.0,0.9142857,0.08571429,0.08571428,0.06382979,0.005471125,1,0,1,0,0
4376,-1,0,0.78708893,0.6872059,1,1,unassigned,20.0,17.0,3.0,0.85,0.15,0.14999998,0.034816246,0.005222437,0,0,0,1,0
4377,-1,0,6.502052,0.9985019,1,1,unassigned,2.0,2.0,0.0,1.0,0.0,0.0,0.0,0.0,0,0,0,1,1
4378,-1,0,0.40675896,0.6003105,1,1,unassigned,5.0,5.0,0.0,1.0,0.0,0.0,0.0058027077,0.0,0,0,0,1,0
4379,-1,0,3.0062785,0.952857,1,1,unassigned,5.0,4.0,1.0,0.8,0.2,0.19999999,0.0058027077,0.0011605415,0,0,0,1,1
4380,1,0,-0.78838676,0.31251517,0,1,unassigned,121.0,121.0,0.0,1.0,0.0,0.0,0.23017408,0.0,0,0,0,0,0
4381,-1,0,-0.0048454404,0.49878868,0,1,unassigned,7.0,6.0,1.0,0.85714287,0.14285715,0.14285713,0.00967118,0.0013815971,0,0,0,0,0
4382,-1,0,-0.6883847,0.33439252,0,1,unassigned,32.0,32.0,0.0,1.0,0.0,0.0,0.058027077,0.0,0,0,0,0,0
4383,-1,0,-0.23376814,0.44182268,0,1,unassigned,20.0,20.0,0.0,1.0,0.0,0.0,0.034816246,0.0,0,0,0,0,0
4384,0,0,-0.38880402,0.40400523,0,0,val,19.0,19.0,0.0,1.0,0.0,0.0,0.032882012,0.0,0,0,1,0,0
4385,-1,0,-0.90916383,0.28717098,0,1,unassigned,18.0,17.0,1.0,0.9444444,0.055555556,0.055555582,0.030947777,0.0017193209,0,0,0,0,0
4386,-1,0,-0.2698418,0.43294594,0,1,unassigned,2.0,2.0,0.0,1.0,0.0,0.0,0.0,0.0,0,0,0,0,0
4387,-1,0,-0.8227769,0.30517453,0,1,unassigned,44.0,43.0,1.0,0.97727275,0.022727273,0.022727251,0.08123791,0.0018463163,0,0,0,0,0
4388,-1,0,-0.14778018,0.46312207,0,1,unassigned,6.0,6.0,0.0,1.0,0.0,0.0,0.007736944,0.0,0,0,0,0,0
4389,-1,0,-0.73385835,0.3243486,0,1,unassigned,48.0,47.0,1.0,0.9791667,0.020833334,0.020833313,0.088974856,0.0018536429,0,0,0,0,0
4390,-1,0,0.8083028,0.6917477,1,1,unassigned,16.0,15.0,1.0,0.9375,0.0625,0.0625,0.027079303,0.0016924564,0,0,0,1,0
4391,1,0,1.5341809,0.82261723,1,0,val,19.0,19.0,0.0,1.0,0.0,0.0,0.032882012,0.0,0,0,1,1,0
4392,-1,0,-0.72722733,0.3258035,0,1,unassigned,38.0,38.0,0.0,1.0,0.0,0.0,0.06963249,0.0,0,0,0,0,0
4393,-1,0,1.4683964,0.8128135,1,1,unassigned,11.0,11.0,0.0,1.0,0.0,0.0,0.017408123,0.0,0,0,0,1,0
4394,-1,1,0.6860514,0.66508794,1,1,unassigned,85.0,79.0,6.0,0.92941177,0.07058824,0.07058823,0.16054158,0.011332347,1,0,0,1,0
4395,-1,0,0.11584765,0.52892953,1,1,unassigned,23.0,23.0,0.0,1.0,0.0,0.0,0.040618956,0.0,0,0,0,1,0
4396,-1,0,0.9565509,0.7224307,1,1,unassigned,37.0,36.0,1.0,0.972973,0.027027028,0.02702701,0.06769826,0.0018296828,0,0,0,1,0
4397,-1,0,2.2723277,0.90655917,1,1,unassigned,18.0,18.0,0.0,1.0,0.0,0.0,0.030947777,0.0,0,0,0,1,1
4398,-1,0,-0.8305027,0.30353877,0,1,unassigned,22.0,22.0,0.0,1.0,0.0,0.0,0.03868472,0.0,0,0,0,0,0
4399,1,0,-0.59529513,0.35542086,0,1,unassigned,39.0,39.0,0.0,1.0,0.0,0.0,0.07156673,0.0,0,0,0,0,0
4400,0,0,-0.5322106,0.37000147,0,0,unassigned,6.0,6.0,0.0,1.0,0.0,0.0,0.007736944,0.0,0,0,1,0,0
4401,-1,0,-0.780028,0.31431383,0,1,unassigned,67.0,67.0,0.0,1.0,0.0,0.0,0.12572534,0.0,0,0,0,0,0
4402,0,0,-0.36248112,0.41035908,0,0,unassigned,15.0,15.0,0.0,1.0,0.0,0.0,0.025145067,0.0,0,0,1,0,0
4403,-1,0,-0.7680035,0.31691113,0,1,unassigned,100.0,98.0,2.0,0.98,0.02,0.01999998,0.18955512,0.0037911024,0,0,0,0,0
4404,1,0,-0.6540194,0.34208435,0,1,val,50.0,49.0,1.0,0.98,0.02,0.01999998,0.092843324,0.0018568664,0,0,0,0,0
4405,-1,0,2.2543495,0.905025,1,1,unassigned,5.0,5.0,0.0,1.0,0.0,0.0,0.0058027077,0.0,0,0,0,1,1
4406,-1,0,5.202346,0.99452645,1,1,unassigned,6.0,6.0,0.0,1.0,0.0,0.0,0.007736944,0.0,0,0,0,1,1
4407,-1,0,-0.91724086,0.2855204,0,1,unassigned,11.0,11.0,0.0,1.0,0.0,0.0,0.017408123,0.0,0,0,0,0,0
4408,-1,1,1.4001575,0.80220884,1,1,unassigned,58.0,56.0,2.0,0.9655172,0.03448276,0.034482777,0.10831721,0.0037350762,1,0,0,1,0
4409,1,0,5.6813354,0.99660254,1,0,unassigned,12.0,11.0,1.0,0.9166667,0.083333336,0.08333331,0.01934236,0.0016118633,0,0,1,1,1
4410,-1,0,3.9924777,0.9818804,1,1,unassigned,8.0,8.0,0.0,1.0,0.0,0.0,0.0116054155,0.0,0,0,0,1,1
4411,1,0,3.8568633,0.97930324,1,0,unassigned,11.0,11.0,0.0,1.0,0.0,0.0,0.017408123,0.0,0,0,1,1,1
4412,-1,0,4.340703,0.98714024,1,1,unassigned,2.0,2.0,0.0,1.0,0.0,0.0,0.0,0.0,0,0,0,1,1
4413,1,0,-1.0267287,0.26371878,0,1,val,2.0,2.0,0.0,1.0,0.0,0.0,0.0,0.0,0,0,0,0,0
4414,-1,0,11.385075,0.9999887,1,1,unassigned,2.0,2.0,0.0,1.0,0.0,0.0,0.0,0.0,0,0,0,1,1
4415,-1,0,13.037588,0.99999785,1,1,unassigned,3.0,3.0,0.0,1.0,0.0,0.0,0.001934236,0.0,0,0,0,1,1
4416,-1,0,10.1888275,0.99996245,1,1,unassigned,2.0,2.0,0.0,1.0,0.0,0.0,0.0,0.0,0,0,0,1,1
4417,-1,0,11.24103,0.9999869,1,1,unassigned,2.0,2.0,0.0,1.0,0.0,0.0,0.0,0.0,0,0,0,1,1
4418,-1,0,10.956204,0.9999826,1,1,unassigned,2.0,2.0,0.0,1.0,0.0,0.0,0.0,0.0,0,0,0,1,1
4419,-1,0,11.916785,0.9999933,1,1,unassigned,2.0,2.0,0.0,1.0,0.0,0.0,0.0,0.0,0,0,0,1,1
4420,-1,1,6.421493,0.99837637,1,1,unassigned,4.0,2.0,2.0,0.5,0.5,0.5,0.003868472,0.001934236,1,0,0,1,1
4421,-1,0,11.24103,0.9999869,1,1,unassigned,2.0,2.0,0.0,1.0,0.0,0.0,0.0,0.0,0,0,0,1,1
4422,-1,0,11.916785,0.9999933,1,1,unassigned,2.0,2.0,0.0,1.0,0.0,0.0,0.0,0.0,0,0,0,1,1
4423,-1,0,11.77274,0.99999225,1,1,unassigned,2.0,2.0,0.0,1.0,0.0,0.0,0.0,0.0,0,0,0,1,1
4424,-1,0,12.148672,0.99999475,1,1,unassigned,3.0,3.0,0.0,1.0,0.0,0.0,0.001934236,0.0,0,0,0,1,1
4425,-1,0,11.916785,0.9999933,1,1,unassigned,2.0,2.0,0.0,1.0,0.0,0.0,0.0,0.0,0,0,0,1,1
4426,-1,0,9.571133,0.99993026,1,1,unassigned,4.0,3.0,1.0,0.75,0.25,0.25,0.003868472,0.000967118,0,0,0,1,1
4427,-1,0,11.385075,0.9999887,1,1,unassigned,2.0,2.0,0.0,1.0,0.0,0.0,0.0,0.0,0,0,0,1,1
4428,-1,0,11.564632,0.99999046,1,1,unassigned,2.0,2.0,0.0,1.0,0.0,0.0,0.0,0.0,0,0,0,1,1
4429,-1,0,11.24103,0.9999869,1,1,unassigned,2.0,2.0,0.0,1.0,0.0,0.0,0.0,0.0,0,0,0,1,1
4430,-1,1,3.3887737,0.9673518,1,1,unassigned,4.0,4.0,0.0,1.0,0.0,0.0,0.003868472,0.0,1,0,0,1,1
4431,-1,1,3.7806618,0.977701,1,1,unassigned,3.0,3.0,0.0,1.0,0.0,0.0,0.001934236,0.0,1,0,0,1,1
4432,-1,1,1.8294823,0.86170006,1,1,unassigned,5.0,5.0,0.0,1.0,0.0,0.0,0.0058027077,0.0,1,0,0,1,0
4433,-1,0,4.505103,0.9890683,1,1,unassigned,3.0,3.0,0.0,1.0,0.0,0.0,0.001934236,0.0,0,0,0,1,1
4434,1,0,-0.07103491,0.48224875,0,1,val,12.0,12.0,0.0,1.0,0.0,0.0,0.01934236,0.0,0,0,0,0,0
4435,-1,0,-0.23601204,0.44126934,0,1,unassigned,20.0,20.0,0.0,1.0,0.0,0.0,0.034816246,0.0,0,0,0,0,0
4436,-1,0,-0.3640342,0.4099833,0,1,unassigned,73.0,73.0,0.0,1.0,0.0,0.0,0.13733076,0.0,0,0,0,0,0
4437,-1,0,3.011692,0.9530995,1,1,unassigned,8.0,8.0,0.0,1.0,0.0,0.0,0.0116054155,0.0,0,0,0,1,1
4438,-1,0,-0.8021435,0.3095672,0,1,unassigned,14.0,14.0,0.0,1.0,0.0,0.0,0.023210831,0.0,0,0,0,0,0
4439,-1,0,1.5427272,0.8238608,1,1,unassigned,38.0,36.0,2.0,0.94736844,0.05263158,0.052631557,0.06963249,0.0036648682,0,0,0,1,0
4440,-1,0,6.617047,0.9986644,1,1,unassigned,4.0,4.0,0.0,1.0,0.0,0.0,0.003868472,0.0,0,0,0,1,1
4441,-1,1,6.2611885,0.9980946,1,1,unassigned,3.0,2.0,1.0,0.6666667,0.33333334,0.3333333,0.001934236,0.00064474536,1,0,0,1,1
4442,1,1,3.0257878,0.9537256,1,0,unassigned,4.0,3.0,1.0,0.75,0.25,0.25,0.003868472,0.000967118,1,0,1,1,1
4443,-1,0,11.385075,0.9999887,1,1,unassigned,2.0,2.0,0.0,1.0,0.0,0.0,0.0,0.0,0,0,0,1,1
4444,-1,0,11.385075,0.9999887,1,1,unassigned,2.0,2.0,0.0,1.0,0.0,0.0,0.0,0.0,0,0,0,1,1
4445,-1,0,11.77274,0.99999225,1,1,unassigned,2.0,2.0,0.0,1.0,0.0,0.0,0.0,0.0,0,0,0,1,1
4446,-1,0,9.810489,0.99994516,1,1,unassigned,4.0,4.0,0.0,1.0,0.0,0.0,0.003868472,0.0,0,0,0,1,1
4447,-1,0,4.8124094,0.9919373,1,1,unassigned,7.0,7.0,0.0,1.0,0.0,0.0,0.00967118,0.0,0,0,0,1,1
4448,-1,0,-0.12127292,0.46971887,0,1,unassigned,14.0,14.0,0.0,1.0,0.0,0.0,0.023210831,0.0,0,0,0,0,0
4449,-1,0,9.75937,0.9999423,1,1,unassigned,3.0,3.0,0.0,1.0,0.0,0.0,0.001934236,0.0,0,0,0,1,1
4450,-1,0,11.916785,0.9999933,1,1,unassigned,2.0,2.0,0.0,1.0,0.0,0.0,0.0,0.0,0,0,0,1,1
4451,-1,0,14.5161705,0.9999995,1,1,unassigned,2.0,2.0,0.0,1.0,0.0,0.0,0.0,0.0,0,0,0,1,1
4452,-1,0,15.795364,0.9999999,1,1,unassigned,4.0,4.0,0.0,1.0,0.0,0.0,0.003868472,0.0,0,0,0,1,1
4453,-1,0,1.000062,0.7310707,1,1,unassigned,4.0,4.0,0.0,1.0,0.0,0.0,0.003868472,0.0,0,0,0,1,0
4454,-1,0,2.9794695,0.951638,1,1,unassigned,5.0,3.0,2.0,0.6,0.4,0.39999998,0.0058027077,0.002321083,0,0,0,1,1
4455,-1,0,0.4067095,0.60029864,1,1,unassigned,4.0,4.0,0.0,1.0,0.0,0.0,0.003868472,0.0,0,0,0,1,0
4456,-1,1,-0.68733436,0.33462632,0,1,unassigned,11.0,10.0,1.0,0.90909094,0.09090909,0.090909064,0.017408123,0.0015825568,1,0,0,0,0
4457,-1,0,3.5023544,0.97075474,1,1,unassigned,4.0,4.0,0.0,1.0,0.0,0.0,0.003868472,0.0,0,0,0,1,1
4458,-1,0,-0.10906339,0.47276118,0,1,unassigned,7.0,7.0,0.0,1.0,0.0,0.0,0.00967118,0.0,0,0,0,0,0
4459,-1,0,-0.68446654,0.33526516,0,1,unassigned,55.0,55.0,0.0,1.0,0.0,0.0,0.102514505,0.0,0,0,0,0,0
4460,-1,0,0.33496493,0.5829669,1,1,unassigned,3.0,3.0,0.0,1.0,0.0,0.0,0.001934236,0.0,0,0,0,1,0
4461,-1,1,-0.09192294,0.47703543,0,1,unassigned,25.0,25.0,0.0,1.0,0.0,0.0,0.044487428,0.0,1,0,0,0,0
4462,-1,0,0.14002341,0.53494877,1,1,unassigned,26.0,26.0,0.0,1.0,0.0,0.0,0.046421662,0.0,0,0,0,1,0
4463,-1,0,7.556565,0.9994777,1,1,unassigned,2.0,2.0,0.0,1.0,0.0,0.0,0.0,0.0,0,0,0,1,1
4464,-1,0,-0.8724675,0.29474112,0,1,unassigned,24.0,23.0,1.0,0.9583333,0.041666668,0.041666687,0.04255319,0.0017730496,0,0,0,0,0
4465,-1,0,0.25494295,0.56339276,1,1,unassigned,3.0,3.0,0.0,1.0,0.0,0.0,0.001934236,0.0,0,0,0,1,0
4466,-1,1,0.7349649,0.67589384,1,1,unassigned,16.0,15.0,1.0,0.9375,0.0625,0.0625,0.027079303,0.0016924564,1,0,0,1,0
4467,-1,0,0.50541836,0.62373185,1,1,unassigned,14.0,13.0,1.0,0.9285714,0.071428575,0.0714286,0.023210831,0.0016579166,0,0,0,1,0
4468,-1,0,-0.4855914,0.38093266,0,1,unassigned,55.0,53.0,2.0,0.96363634,0.036363635,0.03636366,0.102514505,0.0037278,0,0,0,0,0
4469,0,0,-0.88866657,0.29138508,0,0,unassigned,44.0,43.0,1.0,0.97727275,0.022727273,0.022727251,0.08123791,0.0018463163,0,0,1,0,0
4470,0,0,-0.71859026,0.3277035,0,0,unassigned,28.0,28.0,0.0,1.0,0.0,0.0,0.050290134,0.0,0,0,1,0,0
4471,-1,0,0.27432543,0.5681545,1,1,unassigned,2.0,2.0,0.0,1.0,0.0,0.0,0.0,0.0,0,0,0,1,0
4472,-1,0,-0.7654618,0.31746164,0,1,unassigned,204.0,200.0,4.0,0.98039216,0.019607844,0.019607842,0.39071566,0.0076610916,0,0,0,0,0
4473,-1,0,-0.25866598,0.43569162,0,1,unassigned,6.0,6.0,0.0,1.0,0.0,0.0,0.007736944,0.0,0,0,0,0,0
4474,-1,0,-0.6753275,0.33730495,0,1,unassigned,98.0,97.0,1.0,0.9897959,0.010204081,0.010204077,0.18568665,0.0018947617,0,0,0,0,0
4475,-1,0,0.022258937,0.5055645,1,1,unassigned,21.0,21.0,0.0,1.0,0.0,0.0,0.036750484,0.0,0,0,0,1,0
4476,-1,0,1.0267649,0.7362882,1,1,unassigned,9.0,9.0,0.0,1.0,0.0,0.0,0.013539651,0.0,0,0,0,1,0
4477,1,0,5.9663253,0.99744296,1,0,test,14.0,14.0,0.0,1.0,0.0,0.0,0.023210831,0.0,0,0,1,1,1
4478,-1,0,-0.75217915,0.32034665,0,1,unassigned,51.0,49.0,2.0,0.9607843,0.039215688,0.039215684,0.09477756,0.0037167673,0,0,0,0,0
4479,-1,0,-0.5534939,0.3650542,0,1,unassigned,36.0,36.0,0.0,1.0,0.0,0.0,0.065764025,0.0,0,0,0,0,0
4480,-1,1,2.9287574,0.9492498,1,1,unassigned,14.0,6.0,8.0,0.42857143,0.5714286,0.57142854,0.023210831,0.013263333,1,0,0,1,1
4481,-1,0,-0.56550586,0.3622745,0,1,unassigned,44.0,42.0,2.0,0.95454544,0.045454547,0.04545456,0.08123791,0.0036926325,0,0,0,0,0
4482,-1,1,0.43824106,0.6078398,1,1,unassigned,9.0,9.0,0.0,1.0,0.0,0.0,0.013539651,0.0,1,0,0,1,0
4483,1,0,0.7773579,0.6851104,1,0,train,12.0,12.0,0.0,1.0,0.0,0.0,0.01934236,0.0,0,0,1,1,0
4484,-1,0,0.08508879,0.52125937,1,1,unassigned,33.0,33.0,0.0,1.0,0.0,0.0,0.059961315,0.0,0,0,0,1,0
4485,-1,0,-0.685321,0.33507475,0,1,unassigned,54.0,53.0,1.0,0.9814815,0.018518519,0.018518507,0.10058027,0.0018625975,0,0,0,0,0
4486,-1,0,-0.65487474,0.34189186,0,1,unassigned,95.0,95.0,0.0,1.0,0.0,0.0,0.17988394,0.0,0,0,0,0,0
4487,-1,1,2.6372862,0.93322307,1,1,unassigned,21.0,19.0,2.0,0.9047619,0.0952381,0.09523809,0.036750484,0.0035000462,1,0,0,1,1
4488,-1,1,1.2628117,0.7795097,1,1,unassigned,7.0,7.0,0.0,1.0,0.0,0.0,0.00967118,0.0,1,0,0,1,0
4489,-1,0,-0.7473264,0.32140416,0,1,unassigned,6.0,6.0,0.0,1.0,0.0,0.0,0.007736944,0.0,0,0,0,0,0
4490,-1,0,-0.52317804,0.37210938,0,1,unassigned,26.0,26.0,0.0,1.0,0.0,0.0,0.046421662,0.0,0,0,0,0,0
4491,-1,0,5.902309,0.99727434,1,1,unassigned,8.0,8.0,0.0,1.0,0.0,0.0,0.0116054155,0.0,0,0,0,1,1
4492,-1,0,0.3600455,0.5890514,1,1,unassigned,5.0,5.0,0.0,1.0,0.0,0.0,0.0058027077,0.0,0,0,0,1,0
4493,-1,1,0.01210165,0.50302535,1,1,unassigned,3.0,3.0,0.0,1.0,0.0,0.0,0.001934236,0.0,1,0,0,1,0
4494,-1,0,-0.57184285,0.3608117,0,1,unassigned,13.0,13.0,0.0,1.0,0.0,0.0,0.021276595,0.0,0,0,0,0,0
4495,-1,1,-0.7607019,0.3184939,0,1,unassigned,11.0,11.0,0.0,1.0,0.0,0.0,0.017408123,0.0,1,0,0,0,0
4496,0,0,0.45772666,0.61247474,1,1,unassigned,13.0,13.0,0.0,1.0,0.0,0.0,0.021276595,0.0,0,0,0,1,0
4497,-1,0,0.711067,0.6706369,1,1,unassigned,36.0,36.0,0.0,1.0,0.0,0.0,0.065764025,0.0,0,0,0,1,0
4498,-1,0,-0.37973076,0.40619183,0,1,unassigned,54.0,53.0,1.0,0.9814815,0.018518519,0.018518507,0.10058027,0.0018625975,0,0,0,0,0
4499,-1,0,1.7218757,0.84837025,1,1,unassigned,3.0,3.0,0.0,1.0,0.0,0.0,0.001934236,0.0,0,0,0,1,0
4500,0,0,-0.4759721,0.38320372,0,0,test,37.0,36.0,1.0,0.972973,0.027027028,0.02702701,0.06769826,0.0018296828,0,0,1,0,0
4501,-1,1,0.93280345,0.7176437,1,1,unassigned,5.0,5.0,0.0,1.0,0.0,0.0,0.0058027077,0.0,1,0,0,1,0
4502,-1,0,-0.8646403,0.29637077,0,1,unassigned,49.0,49.0,0.0,1.0,0.0,0.0,0.09090909,0.0,0,0,0,0,0
4503,-1,0,-0.7681095,0.3168882,0,1,unassigned,61.0,57.0,4.0,0.93442625,0.06557377,0.06557375,0.114119925,0.0074832733,0,0,0,0,0
4504,1,0,10.328287,0.99996734,1,0,unassigned,2.0,2.0,0.0,1.0,0.0,0.0,0.0,0.0,0,0,1,1,1
4505,-1,0,1.7660525,0.8539661,1,1,unassigned,7.0,7.0,0.0,1.0,0.0,0.0,0.00967118,0.0,0,0,0,1,0
4506,1,0,3.1168225,0.95758134,1,0,unassigned,22.0,21.0,1.0,0.95454544,0.045454547,0.04545456,0.03868472,0.0017583964,0,0,1,1,1
4507,-1,0,1.0271077,0.73635477,1,1,unassigned,17.0,17.0,0.0,1.0,0.0,0.0,0.029013539,0.0,0,0,0,1,0
4508,-1,0,0.13939989,0.5347936,1,1,unassigned,20.0,20.0,0.0,1.0,0.0,0.0,0.034816246,0.0,0,0,0,1,0
4509,-1,0,-0.60024077,0.35428864,0,1,unassigned,3.0,3.0,0.0,1.0,0.0,0.0,0.001934236,0.0,0,0,0,0,0
4510,-1,0,-0.21791166,0.44573662,0,1,unassigned,30.0,28.0,2.0,0.93333334,0.06666667,0.06666666,0.054158606,0.003610574,0,0,0,0,0
4511,-1,0,-0.9573868,0.27740172,0,1,unassigned,39.0,37.0,2.0,0.94871795,0.051282052,0.05128205,0.07156673,0.0036700887,0,0,0,0,0
4512,-1,0,2.007967,0.881631,1,1,unassigned,4.0,4.0,0.0,1.0,0.0,0.0,0.003868472,0.0,0,0,0,1,0
4513,-1,0,0.3158762,0.5783189,1,1,unassigned,35.0,35.0,0.0,1.0,0.0,0.0,0.06382979,0.0,0,0,0,1,0
4514,-1,0,-0.37746763,0.40673783,0,1,unassigned,2.0,2.0,0.0,1.0,0.0,0.0,0.0,0.0,0,0,0,0,0
4515,-1,0,1.7377989,0.8504073,1,1,unassigned,2.0,2.0,0.0,1.0,0.0,0.0,0.0,0.0,0,0,0,1,0
4516,-1,0,2.869838,0.94633514,1,1,unassigned,6.0,4.0,2.0,0.6666667,0.33333334,0.3333333,0.007736944,0.0025789815,0,0,0,1,1
4517,-1,1,4.399956,0.98787105,1,1,unassigned,2.0,2.0,0.0,1.0,0.0,0.0,0.0,0.0,1,0,0,1,1
4518,-1,0,-0.46953014,0.38472745,0,1,unassigned,25.0,25.0,0.0,1.0,0.0,0.0,0.044487428,0.0,0,0,0,0,0
4519,-1,1,0.015894353,0.50397354,1,1,unassigned,12.0,12.0,0.0,1.0,0.0,0.0,0.01934236,0.0,1,0,0,1,0
4520,0,0,-0.6978899,0.33228022,0,0,unassigned,63.0,63.0,0.0,1.0,0.0,0.0,0.11798839,0.0,0,0,1,0,0
4521,-1,0,-0.5013835,0.3772156,0,1,unassigned,24.0,24.0,0.0,1.0,0.0,0.0,0.04255319,0.0,0,0,0,0,0
4522,-1,0,1.4607759,0.81165135,1,1,unassigned,52.0,51.0,1.0,0.9807692,0.01923077,0.019230783,0.0967118,0.0018598423,0,0,0,1,0
4523,-1,0,-0.7836399,0.31353593,0,1,unassigned,32.0,30.0,2.0,0.9375,0.0625,0.0625,0.058027077,0.0036266923,0,0,0,0,0
4524,-1,0,-0.58919746,0.356819,0,1,unassigned,73.0,73.0,0.0,1.0,0.0,0.0,0.13733076,0.0,0,0,0,0,0
4525,0,0,-0.41513324,0.3976819,0,0,unassigned,130.0,129.0,1.0,0.99230766,0.0076923077,0.007692337,0.24758221,0.0019044785,0,0,1,0,0
4526,-1,0,-0.69751906,0.3323625,0,1,unassigned,39.0,38.0,1.0,0.974359,0.025641026,0.025641024,0.07156673,0.0018350444,0,0,0,0,0
4527,-1,0,0.038114727,0.5095275,1,1,unassigned,3.0,2.0,1.0,0.6666667,0.33333334,0.3333333,0.001934236,0.00064474536,0,0,0,1,0
4528,-1,0,-0.5461883,0.36674923,0,1,unassigned,2.0,2.0,0.0,1.0,0.0,0.0,0.0,0.0,0,0,0,0,0
4529,-1,0,-0.2592592,0.4355458,0,1,unassigned,11.0,10.0,1.0,0.90909094,0.09090909,0.090909064,0.017408123,0.0015825568,0,0,0,0,0
4530,-1,1,1.532794,0.8224147,1,1,unassigned,3.0,1.0,2.0,0.33333334,0.6666667,0.6666666,0.001934236,0.0012894907,1,0,0,1,0
4531,-1,0,-0.6471822,0.3436248,0,1,unassigned,8.0,8.0,0.0,1.0,0.0,0.0,0.0116054155,0.0,0,0,0,0,0
4532,-1,1,-0.46666586,0.38540572,0,1,unassigned,9.0,9.0,0.0,1.0,0.0,0.0,0.013539651,0.0,1,0,0,0,0
4533,-1,0,0.8099207,0.6920926,1,1,unassigned,9.0,8.0,1.0,0.8888889,0.11111111,0.111111104,0.013539651,0.0015044058,0,0,0,1,0
4534,-1,1,0.660122,0.6592878,1,1,unassigned,2.0,2.0,0.0,1.0,0.0,0.0,0.0,0.0,1,0,0,1,0
4535,-1,1,-0.24415463,0.43926275,0,1,unassigned,6.0,5.0,1.0,0.8333333,0.16666667,0.16666669,0.007736944,0.0012894907,1,0,0,0,0
4536,0,0,-0.25954273,0.43547612,0,0,test,23.0,23.0,0.0,1.0,0.0,0.0,0.040618956,0.0,0,0,1,0,0
4537,-1,1,3.8672326,0.9795123,1,1,unassigned,3.0,3.0,0.0,1.0,0.0,0.0,0.001934236,0.0,1,0,0,1,1
4538,1,0,4.022078,0.9823996,1,0,val,16.0,16.0,0.0,1.0,0.0,0.0,0.027079303,0.0,0,0,1,1,1
4539,-1,1,-0.9175112,0.28546527,0,1,unassigned,12.0,12.0,0.0,1.0,0.0,0.0,0.01934236,0.0,1,0,0,0,0
4540,-1,0,-0.5252776,0.371619,0,1,unassigned,49.0,49.0,0.0,1.0,0.0,0.0,0.09090909,0.0,0,0,0,0,0
4541,-1,0,0.8808723,0.70700294,1,1,unassigned,2.0,2.0,0.0,1.0,0.0,0.0,0.0,0.0,0,0,0,1,0
4542,-1,0,-0.89016014,0.29107678,0,1,unassigned,24.0,24.0,0.0,1.0,0.0,0.0,0.04255319,0.0,0,0,0,0,0
4543,-1,1,2.586642,0.92999697,1,1,unassigned,3.0,2.0,1.0,0.6666667,0.33333334,0.3333333,0.001934236,0.00064474536,1,0,0,1,1
4544,-1,0,5.2882032,0.9949746,1,1,unassigned,3.0,3.0,0.0,1.0,0.0,0.0,0.001934236,0.0,0,0,0,1,1
4545,-1,1,0.586628,0.6425911,1,1,unassigned,3.0,3.0,0.0,1.0,0.0,0.0,0.001934236,0.0,1,0,0,1,0
4546,-1,0,0.7570687,0.680717,1,1,unassigned,10.0,9.0,1.0,0.9,0.1,0.100000024,0.015473888,0.0015473888,0,0,0,1,0
4547,-1,0,2.3430593,0.912381,1,1,unassigned,4.0,4.0,0.0,1.0,0.0,0.0,0.003868472,0.0,0,0,0,1,1
4548,-1,0,7.302402,0.9993266,1,1,unassigned,33.0,32.0,1.0,0.969697,0.030303031,0.030303001,0.059961315,0.0018170096,0,0,0,1,1
4549,-1,1,-0.388288,0.4041295,0,1,unassigned,4.0,4.0,0.0,1.0,0.0,0.0,0.003868472,0.0,1,0,0,0,0
4550,1,0,1.690814,0.8443312,1,0,unassigned,4.0,4.0,0.0,1.0,0.0,0.0,0.003868472,0.0,0,0,1,1,0
4551,-1,1,0.6075396,0.64737934,1,1,unassigned,3.0,1.0,2.0,0.33333334,0.6666667,0.6666666,0.001934236,0.0012894907,1,0,0,1,0
4552,-1,0,-0.285983,0.42898756,0,1,unassigned,20.0,19.0,1.0,0.95,0.05,0.050000012,0.034816246,0.0017408123,0,0,0,0,0
4553,-1,0,-0.3025437,0.4249358,0,1,unassigned,3.0,3.0,0.0,1.0,0.0,0.0,0.001934236,0.0,0,0,0,0,0
4554,-1,1,-0.75330156,0.32010233,0,1,unassigned,86.0,81.0,5.0,0.94186044,0.058139537,0.058139563,0.16247582,0.009446269,1,0,0,0,0
4555,-1,0,-0.031710744,0.49207297,0,1,unassigned,7.0,7.0,0.0,1.0,0.0,0.0,0.00967118,0.0,0,0,0,0,0
4556,-1,0,0.49876016,0.62216794,1,1,unassigned,2.0,2.0,0.0,1.0,0.0,0.0,0.0,0.0,0,0,0,1,0
4557,-1,0,-0.25103277,0.43756932,0,1,unassigned,29.0,29.0,0.0,1.0,0.0,0.0,0.05222437,0.0,0,0,0,0,0
4558,-1,0,2.9426887,0.9499168,1,1,unassigned,2.0,2.0,0.0,1.0,0.0,0.0,0.0,0.0,0,0,0,1,1
4559,-1,0,8.900719,0.99986374,1,1,unassigned,2.0,2.0,0.0,1.0,0.0,0.0,0.0,0.0,0,0,0,1,1
4560,-1,0,-0.8206384,0.30562815,0,1,unassigned,81.0,81.0,0.0,1.0,0.0,0.0,0.15280464,0.0,0,0,0,0,0
4561,-1,0,3.6613548,0.97494614,1,1,unassigned,3.0,3.0,0.0,1.0,0.0,0.0,0.001934236,0.0,0,0,0,1,1
4562,-1,1,-0.6356375,0.34623334,0,1,unassigned,60.0,54.0,6.0,0.9,0.1,0.100000024,0.11218569,0.011218569,1,0,0,0,0
4563,-1,0,-0.15861559,0.460429,0,1,unassigned,6.0,6.0,0.0,1.0,0.0,0.0,0.007736944,0.0,0,0,0,0,0
4564,-1,1,-0.84152025,0.3012147,0,1,unassigned,9.0,9.0,0.0,1.0,0.0,0.0,0.013539651,0.0,1,0,0,0,0
4565,-1,1,0.7163382,0.67180014,1,1,unassigned,2.0,2.0,0.0,1.0,0.0,0.0,0.0,0.0,1,0,0,1,0
4566,-1,0,7.0224004,0.9991091,1,1,unassigned,9.0,5.0,4.0,0.5555556,0.44444445,0.44444442,0.013539651,0.006017623,0,0,0,1,1
4567,-1,1,-0.48033994,0.38217187,0,1,unassigned,4.0,4.0,0.0,1.0,0.0,0.0,0.003868472,0.0,1,0,0,0,0
4568,-1,1,6.797375,0.9988845,1,1,unassigned,2.0,2.0,0.0,1.0,0.0,0.0,0.0,0.0,1,0,0,1,1
4569,-1,0,-0.2722706,0.43234974,0,1,unassigned,8.0,7.0,1.0,0.875,0.125,0.125,0.0116054155,0.0014506769,0,0,0,0,0
4570,-1,0,-0.7693629,0.31661692,0,1,unassigned,69.0,68.0,1.0,0.98550725,0.014492754,0.01449275,0.1295938,0.0018781711,0,0,0,0,0
4571,-1,1,1.6251404,0.8355028,1,1,unassigned,3.0,3.0,0.0,1.0,0.0,0.0,0.001934236,0.0,1,0,0,1,0
4572,1,0,-0.752768,0.32021847,0,1,val,180.0,178.0,2.0,0.98888886,0.011111111,0.01111114,0.344294,0.0038254892,0,0,0,0,0
4573,-1,0,-0.5755819,0.35994983,0,1,unassigned,58.0,56.0,2.0,0.9655172,0.03448276,0.034482777,0.10831721,0.0037350762,0,0,0,0,0
4574,0,0,-0.7166493,0.32813126,0,0,unassigned,70.0,68.0,2.0,0.9714286,0.028571429,0.028571427,0.13152805,0.0037579443,0,0,1,0,0
4575,-1,1,4.66137,0.990635,1,1,unassigned,4.0,4.0,0.0,1.0,0.0,0.0,0.003868472,0.0,1,0,0,1,1
4576,-1,0,-0.88546383,0.29204682,0,1,unassigned,21.0,21.0,0.0,1.0,0.0,0.0,0.036750484,0.0,0,0,0,0,0
4577,-1,0,2.169812,0.8975057,1,1,unassigned,5.0,2.0,3.0,0.4,0.6,0.6,0.0058027077,0.0034816249,0,0,0,1,0
4578,-1,0,6.6974745,0.9987675,1,1,unassigned,3.0,3.0,0.0,1.0,0.0,0.0,0.001934236,0.0,0,0,0,1,1
4579,-1,0,-0.39231125,0.40316105,0,1,unassigned,5.0,1.0,4.0,0.2,0.8,0.8,0.0058027077,0.004642166,0,0,0,0,0
4580,-1,0,-0.4710508,0.38436756,0,1,unassigned,39.0,38.0,1.0,0.974359,0.025641026,0.025641024,0.07156673,0.0018350444,0,0,0,0,0
4581,-1,0,-0.6724726,0.3379434,0,1,unassigned,73.0,72.0,1.0,0.98630136,0.01369863,0.0136986375,0.13733076,0.0018812432,0,0,0,0,0
4582,-1,0,-0.22749692,0.4433698,0,1,unassigned,62.0,59.0,3.0,0.9516129,0.048387095,0.04838711,0.116054155,0.0056155236,0,0,0,0,0
4583,-1,0,1.8024611,0.85844827,1,1,unassigned,3.0,1.0,2.0,0.33333334,0.6666667,0.6666666,0.001934236,0.0012894907,0,0,0,1,0
4584,0,0,-0.6529651,0.3423217,0,0,unassigned,22.0,16.0,6.0,0.72727275,0.27272728,0.27272725,0.03868472,0.010550378,0,0,1,0,0
4585,-1,0,-0.7417989,0.3226109,0,1,unassigned,103.0,103.0,0.0,1.0,0.0,0.0,0.19535783,0.0,0,0,0,0,0
4586,-1,0,-0.76364374,0.31785572,0,1,unassigned,34.0,34.0,0.0,1.0,0.0,0.0,0.061895553,0.0,0,0,0,0,0
4587,-1,0,4.886144,0.9925061,1,1,unassigned,11.0,11.0,0.0,1.0,0.0,0.0,0.017408123,0.0,0,0,0,1,1
4588,0,0,-0.3759544,0.407103,0,0,unassigned,21.0,21.0,0.0,1.0,0.0,0.0,0.036750484,0.0,0,0,1,0,0
4589,-1,0,-0.96007663,0.27686286,0,1,unassigned,54.0,51.0,3.0,0.9444444,0.055555556,0.055555582,0.10058027,0.0055877925,0,0,0,0,0
4590,-1,0,-0.7268028,0.32589674,0,1,unassigned,175.0,174.0,1.0,0.9942857,0.0057142857,0.0057142973,0.33462283,0.0019121304,0,0,0,0,0
4591,-1,1,-0.53850734,0.3685349,0,1,unassigned,21.0,21.0,0.0,1.0,0.0,0.0,0.036750484,0.0,1,0,0,0,0
4592,-1,0,-0.08018416,0.4799647,0,1,unassigned,3.0,2.0,1.0,0.6666667,0.33333334,0.3333333,0.001934236,0.00064474536,0,0,0,0,0
4593,1,0,5.7538953,0.99683964,1,0,test,20.0,20.0,0.0,1.0,0.0,0.0,0.034816246,0.0,0,0,1,1,1
4594,-1,0,1.579745,0.8291684,1,1,unassigned,2.0,2.0,0.0,1.0,0.0,0.0,0.0,0.0,0,0,0,1,0
4595,-1,1,1.8951337,0.86933976,1,1,unassigned,13.0,7.0,6.0,0.53846157,0.46153846,0.46153843,0.021276595,0.009819967,1,0,0,1,0
4596,-1,1,-0.8096336,0.30796856,0,1,unassigned,12.0,11.0,1.0,0.9166667,0.083333336,0.08333331,0.01934236,0.0016118633,1,0,0,0,0
4597,-1,0,-0.77261513,0.31591368,0,1,unassigned,2.0,2.0,0.0,1.0,0.0,0.0,0.0,0.0,0,0,0,0,0
4598,1,0,8.392393,0.99977344,1,0,val,8.0,6.0,2.0,0.75,0.25,0.25,0.0116054155,0.0029013539,0,0,1,1,1
4599,-1,0,7.3845863,0.99937963,1,1,unassigned,4.0,4.0,0.0,1.0,0.0,0.0,0.003868472,0.0,0,0,0,1,1
4600,-1,0,43.587677,1.0,1,1,unassigned,93.0,93.0,0.0,1.0,0.0,0.0,0.17601547,0.0,0,0,0,1,1
4601,-1,0,1.1879687,0.76637757,1,1,unassigned,2.0,2.0,0.0,1.0,0.0,0.0,0.0,0.0,0,0,0,1,0
4602,-1,0,13.486466,0.99999857,1,1,unassigned,9.0,7.0,2.0,0.7777778,0.22222222,0.22222221,0.013539651,0.0030088115,0,0,0,1,1
4603,-1,0,-0.3028492,0.42486113,0,1,unassigned,2.0,2.0,0.0,1.0,0.0,0.0,0.0,0.0,0,0,0,0,0
4604,-1,1,6.027646,0.99759465,1,1,unassigned,19.0,19.0,0.0,1.0,0.0,0.0,0.032882012,0.0,1,0,0,1,1
4605,-1,0,2.3977647,0.91665673,1,1,unassigned,6.0,6.0,0.0,1.0,0.0,0.0,0.007736944,0.0,0,0,0,1,1
4606,-1,0,-0.25737324,0.43600953,0,1,unassigned,7.0,7.0,0.0,1.0,0.0,0.0,0.00967118,0.0,0,0,0,0,0
4607,-1,0,1.6129935,0.8338266,1,1,unassigned,4.0,4.0,0.0,1.0,0.0,0.0,0.003868472,0.0,0,0,0,1,0
4608,-1,1,2.5161717,0.92526776,1,1,unassigned,3.0,2.0,1.0,0.6666667,0.33333334,0.3333333,0.001934236,0.00064474536,1,0,0,1,1
4609,1,0,1.7882669,0.85671467,1,0,unassigned,15.0,15.0,0.0,1.0,0.0,0.0,0.025145067,0.0,0,0,1,1,0
4610,-1,0,1.0745618,0.7454635,1,1,unassigned,16.0,15.0,1.0,0.9375,0.0625,0.0625,0.027079303,0.0016924564,0,0,0,1,0
4611,-1,0,0.4520095,0.6111169,1,1,unassigned,9.0,9.0,0.0,1.0,0.0,0.0,0.013539651,0.0,0,0,0,1,0
4612,-1,0,3.348102,0.96604264,1,1,unassigned,32.0,27.0,5.0,0.84375,0.15625,0.15625,0.058027077,0.009066731,0,0,0,1,1
4613,-1,1,5.610637,0.9963546,1,1,unassigned,29.0,22.0,7.0,0.7586207,0.2413793,0.24137932,0.05222437,0.012605882,1,0,0,1,1
4614,-1,1,-0.62613535,0.34838736,0,1,unassigned,29.0,27.0,2.0,0.9310345,0.06896552,0.068965495,0.05222437,0.0036016807,1,0,0,0,0
4615,-1,0,0.29219168,0.5725326,1,1,unassigned,5.0,5.0,0.0,1.0,0.0,0.0,0.0058027077,0.0,0,0,0,1,0
4616,-1,0,3.2579603,0.9629581,1,1,unassigned,5.0,5.0,0.0,1.0,0.0,0.0,0.0058027077,0.0,0,0,0,1,1
4617,-1,0,1.7116029,0.8470441,1,1,unassigned,2.0,2.0,0.0,1.0,0.0,0.0,0.0,0.0,0,0,0,1,0
4618,1,1,-0.060159028,0.48496476,0,1,val,10.0,10.0,0.0,1.0,0.0,0.0,0.015473888,0.0,1,0,0,0,0
4619,-1,0,-0.79608345,0.31086394,0,1,unassigned,30.0,30.0,0.0,1.0,0.0,0.0,0.054158606,0.0,0,0,0,0,0
4620,-1,0,-0.9989724,0.2691435,0,1,unassigned,6.0,6.0,0.0,1.0,0.0,0.0,0.007736944,0.0,0,0,0,0,0
4621,-1,1,2.843201,0.94496614,1,1,unassigned,12.0,12.0,0.0,1.0,0.0,0.0,0.01934236,0.0,1,0,0,1,1
4622,1,0,4.8739305,0.9924148,1,0,test,24.0,20.0,4.0,0.8333333,0.16666667,0.16666669,0.04255319,0.0070921984,0,0,1,1,1
4623,-1,0,-1.0571308,0.25785813,0,1,unassigned,2.0,2.0,0.0,1.0,0.0,0.0,0.0,0.0,0,0,0,0,0
4624,-1,1,1.5846536,0.8298626,1,1,unassigned,28.0,28.0,0.0,1.0,0.0,0.0,0.050290134,0.0,1,0,0,1,0
4625,-1,0,-0.3811639,0.4058462,0,1,unassigned,33.0,33.0,0.0,1.0,0.0,0.0,0.059961315,0.0,0,0,0,0,0
4626,-1,1,-0.04411298,0.48897353,0,1,unassigned,9.0,9.0,0.0,1.0,0.0,0.0,0.013539651,0.0,1,0,0,0,0
4627,-1,0,0.1632902,0.5407321,1,1,unassigned,2.0,2.0,0.0,1.0,0.0,0.0,0.0,0.0,0,0,0,1,0
4628,-1,1,5.4835415,0.9958626,1,1,unassigned,6.0,6.0,0.0,1.0,0.0,0.0,0.007736944,0.0,1,0,0,1,1
4629,-1,1,3.3071916,0.9646747,1,1,unassigned,18.0,9.0,9.0,0.5,0.5,0.5,0.030947777,0.015473888,1,0,0,1,1
4630,-1,0,1.2942038,0.78485787,1,1,unassigned,10.0,10.0,0.0,1.0,0.0,0.0,0.015473888,0.0,0,0,0,1,0
4631,0,0,-0.27073243,0.43272734,0,0,test,31.0,31.0,0.0,1.0,0.0,0.0,0.056092843,0.0,0,0,1,0,0
4632,0,0,-0.31544343,0.42178664,0,0,val,79.0,76.0,3.0,0.96202534,0.03797468,0.037974656,0.14893617,0.0056558037,0,0,1,0,0
4633,-1,1,0.27186626,0.567551,1,1,unassigned,6.0,6.0,0.0,1.0,0.0,0.0,0.007736944,0.0,1,0,0,1,0
4634,1,1,3.6273282,0.9741014,1,0,test,5.0,5.0,0.0,1.0,0.0,0.0,0.0058027077,0.0,1,0,1,1,1
4635,-1,1,0.87825423,0.7064603,1,1,unassigned,9.0,9.0,0.0,1.0,0.0,0.0,0.013539651,0.0,1,0,0,1,0
4636,-1,0,-0.27735147,0.4311032,0,1,unassigned,24.0,23.0,1.0,0.9583333,0.041666668,0.041666687,0.04255319,0.0017730496,0,0,0,0,0
4637,0,0,-0.12767327,0.46812496,0,0,val,22.0,22.0,0.0,1.0,0.0,0.0,0.03868472,0.0,0,0,1,0,0
4638,-1,1,3.007772,0.952924,1,1,unassigned,3.0,3.0,0.0,1.0,0.0,0.0,0.001934236,0.0,1,0,0,1,1
4639,-1,0,2.908739,0.94827676,1,1,unassigned,2.0,1.0,1.0,0.5,0.5,0.5,0.0,0.0,0,0,0,1,1
4640,-1,0,3.0522482,0.9548795,1,1,unassigned,4.0,4.0,0.0,1.0,0.0,0.0,0.003868472,0.0,0,0,0,1,1
4641,-1,0,-0.34650013,0.4142314,0,1,unassigned,33.0,33.0,0.0,1.0,0.0,0.0,0.059961315,0.0,0,0,0,0,0
4642,-1,1,-0.23821014,0.4407275,0,1,unassigned,6.0,6.0,0.0,1.0,0.0,0.0,0.007736944,0.0,1,0,0,0,0
4643,-1,0,-0.3341732,0.41722557,0,1,unassigned,33.0,33.0,0.0,1.0,0.0,0.0,0.059961315,0.0,0,0,0,0,0
4644,-1,0,0.913467,0.71370906,1,1,unassigned,15.0,15.0,0.0,1.0,0.0,0.0,0.025145067,0.0,0,0,0,1,0
4645,-1,0,2.4208782,0.91840553,1,1,unassigned,5.0,5.0,0.0,1.0,0.0,0.0,0.0058027077,0.0,0,0,0,1,1
4646,-1,0,-0.29922387,0.42574722,0,1,unassigned,17.0,17.0,0.0,1.0,0.0,0.0,0.029013539,0.0,0,0,0,0,0
4647,0,0,-0.78686064,0.31284314,0,0,test,6.0,6.0,0.0,1.0,0.0,0.0,0.007736944,0.0,0,0,1,0,0
4648,-1,0,-0.7122174,0.32910904,0,1,unassigned,152.0,149.0,3.0,0.9802632,0.019736841,0.019736826,0.29013538,0.005726356,0,0,0,0,0
4649,-1,1,2.289892,0.9080365,1,1,unassigned,17.0,17.0,0.0,1.0,0.0,0.0,0.029013539,0.0,1,0,0,1,1
4650,-1,1,3.033432,0.95406187,1,1,unassigned,41.0,39.0,2.0,0.9512195,0.048780486,0.0487805,0.07543521,0.003679766,1,0,0,1,1
4651,-1,0,-0.44925177,0.38953868,0,1,unassigned,35.0,34.0,1.0,0.9714286,0.028571429,0.028571427,0.06382979,0.0018237082,0,0,0,0,0
4652,-1,0,-0.27499068,0.43168232,0,1,unassigned,6.0,6.0,0.0,1.0,0.0,0.0,0.007736944,0.0,0,0,0,0,0
4653,-1,0,-0.16967103,0.45768368,0,1,unassigned,42.0,42.0,0.0,1.0,0.0,0.0,0.07736944,0.0,0,0,0,0,0
4654,-1,0,-0.927366,0.2834594,0,1,unassigned,12.0,11.0,1.0,0.9166667,0.083333336,0.08333331,0.01934236,0.0016118633,0,0,0,0,0
4655,-1,0,-0.057165086,0.4857126,0,1,unassigned,39.0,39.0,0.0,1.0,0.0,0.0,0.07156673,0.0,0,0,0,0,0
4656,-1,0,-0.8832859,0.29249734,0,1,unassigned,159.0,153.0,6.0,0.9622642,0.03773585,0.03773582,0.30367506,0.011459436,0,0,0,0,0
4657,-1,0,1.9308398,0.8733424,1,1,unassigned,18.0,13.0,5.0,0.7222222,0.2777778,0.2777778,0.030947777,0.008596605,0,0,0,1,0
4658,-1,1,0.6975772,0.6676504,1,1,unassigned,4.0,4.0,0.0,1.0,0.0,0.0,0.003868472,0.0,1,0,0,1,0
4659,1,0,-0.07441878,0.4814039,0,1,unassigned,18.0,18.0,0.0,1.0,0.0,0.0,0.030947777,0.0,0,0,0,0,0
4660,-1,0,3.9536374,0.9811763,1,1,unassigned,8.0,8.0,0.0,1.0,0.0,0.0,0.0116054155,0.0,0,0,0,1,1
4661,-1,1,5.7630095,0.9968682,1,1,unassigned,5.0,4.0,1.0,0.8,0.2,0.19999999,0.0058027077,0.0011605415,1,0,0,1,1
4662,-1,0,1.5411241,0.82362807,1,1,unassigned,6.0,6.0,0.0,1.0,0.0,0.0,0.007736944,0.0,0,0,0,1,0
4663,-1,0,4.3651776,0.9874472,1,1,unassigned,26.0,26.0,0.0,1.0,0.0,0.0,0.046421662,0.0,0,0,0,1,1
4664,-1,0,1.3857579,0.7999141,1,1,unassigned,2.0,2.0,0.0,1.0,0.0,0.0,0.0,0.0,0,0,0,1,0
4665,-1,0,-0.8649934,0.29629713,0,1,unassigned,37.0,35.0,2.0,0.9459459,0.054054055,0.05405408,0.06769826,0.0036593657,0,0,0,0,0
4666,-1,0,4.706632,0.9910458,1,1,unassigned,2.0,2.0,0.0,1.0,0.0,0.0,0.0,0.0,0,0,0,1,1
4667,-1,1,-0.5675717,0.3617973,0,1,unassigned,3.0,3.0,0.0,1.0,0.0,0.0,0.001934236,0.0,1,0,0,0,0
4668,0,0,-0.879207,0.2933421,0,0,val,71.0,71.0,0.0,1.0,0.0,0.0,0.13346228,0.0,0,0,1,0,0
4669,-1,0,-0.8232199,0.3050806,0,1,unassigned,40.0,39.0,1.0,0.975,0.025,0.024999976,0.07350097,0.0018375242,0,0,0,0,0
4670,-1,0,-0.6587953,0.34101027,0,1,unassigned,64.0,63.0,1.0,0.984375,0.015625,0.015625,0.11992263,0.0018737911,0,0,0,0,0
4671,-1,0,-0.9003119,0.2889864,0,1,unassigned,86.0,86.0,0.0,1.0,0.0,0.0,0.16247582,0.0,0,0,0,0,0
4672,-1,0,-0.41496223,0.39772284,0,1,unassigned,54.0,52.0,2.0,0.962963,0.037037037,0.037037015,0.10058027,0.003725195,0,0,0,0,0
4673,-1,0,-0.7884576,0.31249997,0,1,unassigned,20.0,20.0,0.0,1.0,0.0,0.0,0.034816246,0.0,0,0,0,0,0
4674,-1,0,-0.6563614,0.3415574,0,1,unassigned,54.0,54.0,0.0,1.0,0.0,0.0,0.10058027,0.0,0,0,0,0,0
4675,-1,1,19.851624,1.0,1,1,unassigned,2.0,1.0,1.0,0.5,0.5,0.5,0.0,0.0,1,0,0,1,1
4676,-1,0,-0.9437574,0.28014198,0,1,unassigned,42.0,42.0,0.0,1.0,0.0,0.0,0.07736944,0.0,0,0,0,0,0
4677,-1,0,-0.31368512,0.4222155,0,1,unassigned,5.0,5.0,0.0,1.0,0.0,0.0,0.0058027077,0.0,0,0,0,0,0
4678,-1,0,-0.7465841,0.32156605,0,1,unassigned,42.0,42.0,0.0,1.0,0.0,0.0,0.07736944,0.0,0,0,0,0,0
4679,-1,0,1.7577918,0.8529328,1,1,unassigned,21.0,21.0,0.0,1.0,0.0,0.0,0.036750484,0.0,0,0,0,1,0
4680,1,0,2.1538622,0.8960292,1,0,unassigned,5.0,5.0,0.0,1.0,0.0,0.0,0.0058027077,0.0,0,0,1,1,0
4681,-1,1,0.15044254,0.53753984,1,1,unassigned,6.0,6.0,0.0,1.0,0.0,0.0,0.007736944,0.0,1,0,0,1,0
4682,1,1,4.113937,0.98391944,1,0,unassigned,3.0,3.0,0.0,1.0,0.0,0.0,0.001934236,0.0,1,0,1,1,1
4683,-1,1,3.3240573,0.96524495,1,1,unassigned,4.0,4.0,0.0,1.0,0.0,0.0,0.003868472,0.0,1,0,0,1,1
4684,1,0,1.5479496,0.8246173,1,0,unassigned,5.0,5.0,0.0,1.0,0.0,0.0,0.0058027077,0.0,0,0,1,1,0
4685,-1,0,-0.62228763,0.34926134,0,1,unassigned,2.0,2.0,0.0,1.0,0.0,0.0,0.0,0.0,0,0,0,0,0
4686,1,1,0.6850261,0.66485953,1,0,unassigned,6.0,6.0,0.0,1.0,0.0,0.0,0.007736944,0.0,1,0,1,1,0
4687,-1,1,4.896642,0.99258375,1,1,unassigned,14.0,14.0,0.0,1.0,0.0,0.0,0.023210831,0.0,1,0,0,1,1
4688,-1,0,1.2080116,0.76994693,1,1,unassigned,5.0,5.0,0.0,1.0,0.0,0.0,0.0058027077,0.0,0,0,0,1,0
4689,-1,1,1.1468668,0.75893813,1,1,unassigned,6.0,6.0,0.0,1.0,0.0,0.0,0.007736944,0.0,1,0,0,1,0
4690,-1,0,0.6653368,0.6604582,1,1,unassigned,2.0,2.0,0.0,1.0,0.0,0.0,0.0,0.0,0,0,0,1,0
4691,-1,1,-0.54494363,0.3670383,0,1,unassigned,16.0,16.0,0.0,1.0,0.0,0.0,0.027079303,0.0,1,0,0,0,0
4692,-1,1,1.1811717,0.7651584,1,1,unassigned,10.0,9.0,1.0,0.9,0.1,0.100000024,0.015473888,0.0015473888,1,0,0,1,0
4693,-1,0,1.7816751,0.85590357,1,1,unassigned,2.0,2.0,0.0,1.0,0.0,0.0,0.0,0.0,0,0,0,1,0
4694,-1,0,0.96903974,0.7249281,1,1,unassigned,9.0,9.0,0.0,1.0,0.0,0.0,0.013539651,0.0,0,0,0,1,0
4695,-1,0,2.4927232,0.9236301,1,1,unassigned,19.0,19.0,0.0,1.0,0.0,0.0,0.032882012,0.0,0,0,0,1,1
4696,-1,1,-0.7372907,0.3235969,0,1,unassigned,101.0,100.0,1.0,0.990099,0.00990099,0.009900987,0.19148937,0.0018959343,1,0,0,0,0
4697,-1,0,0.32505924,0.5805567,1,1,unassigned,6.0,6.0,0.0,1.0,0.0,0.0,0.007736944,0.0,0,0,0,1,0
4698,-1,0,-0.41379255,0.3980031,0,1,unassigned,7.0,7.0,0.0,1.0,0.0,0.0,0.00967118,0.0,0,0,0,0,0
4699,-1,0,-0.8260863,0.30447325,0,1,unassigned,55.0,54.0,1.0,0.9818182,0.018181818,0.0181818,0.102514505,0.0018639,0,0,0,0,0
4700,-1,1,1.1321433,0.75623417,1,1,unassigned,15.0,14.0,1.0,0.93333334,0.06666667,0.06666666,0.025145067,0.0016763379,1,0,0,1,0
4701,-1,0,5.457828,0.9957553,1,1,unassigned,5.0,5.0,0.0,1.0,0.0,0.0,0.0058027077,0.0,0,0,0,1,1
4702,-1,0,3.981644,0.9816867,1,1,unassigned,8.0,6.0,2.0,0.75,0.25,0.25,0.0116054155,0.0029013539,0,0,0,1,1
4703,-1,0,1.4160452,0.80471766,1,1,unassigned,9.0,9.0,0.0,1.0,0.0,0.0,0.013539651,0.0,0,0,0,1,0
4704,-1,1,1.4132273,0.8042745,1,1,unassigned,5.0,5.0,0.0,1.0,0.0,0.0,0.0058027077,0.0,1,0,0,1,0
4705,-1,0,-0.8257874,0.30453652,0,1,unassigned,76.0,68.0,8.0,0.8947368,0.10526316,0.10526317,0.14313346,0.0150666805,0,0,0,0,0
4706,1,1,-0.0901795,0.47747037,0,1,test,2.0,2.0,0.0,1.0,0.0,0.0,0.0,0.0,1,0,0,0,0
4707,-1,0,0.9161827,0.7142637,1,1,unassigned,46.0,46.0,0.0,1.0,0.0,0.0,0.08510638,0.0,0,0,0,1,0
4708,-1,0,0.60006243,0.6456706,1,1,unassigned,3.0,3.0,0.0,1.0,0.0,0.0,0.001934236,0.0,0,0,0,1,0
4709,-1,0,0.26141334,0.5649837,1,1,unassigned,36.0,36.0,0.0,1.0,0.0,0.0,0.065764025,0.0,0,0,0,1,0
4710,-1,0,0.21168047,0.5527234,1,1,unassigned,15.0,15.0,0.0,1.0,0.0,0.0,0.025145067,0.0,0,0,0,1,0
4711,-1,0,0.48919588,0.619917,1,1,unassigned,19.0,19.0,0.0,1.0,0.0,0.0,0.032882012,0.0,0,0,0,1,0
4712,-1,0,-0.75463605,0.31981197,0,1,unassigned,16.0,16.0,0.0,1.0,0.0,0.0,0.027079303,0.0,0,0,0,0,0
4713,-1,1,1.592418,0.830956,1,1,unassigned,23.0,17.0,6.0,0.73913044,0.26086956,0.26086956,0.040618956,0.010596249,1,0,0,1,0
4714,-1,0,0.050514042,0.5126258,1,1,unassigned,40.0,40.0,0.0,1.0,0.0,0.0,0.07350097,0.0,0,0,0,1,0
4715,-1,1,1.8650815,0.8658881,1,1,unassigned,2.0,2.0,0.0,1.0,0.0,0.0,0.0,0.0,1,0,0,1,0
4716,0,0,-0.30777913,0.42365694,0,0,unassigned,4.0,4.0,0.0,1.0,0.0,0.0,0.003868472,0.0,0,0,1,0,0
4717,-1,0,-1.3184044,0.21108387,0,1,unassigned,2.0,2.0,0.0,1.0,0.0,0.0,0.0,0.0,0,0,0,0,0
4718,-1,0,0.8313411,0.69663846,1,1,unassigned,4.0,4.0,0.0,1.0,0.0,0.0,0.003868472,0.0,0,0,0,1,0
4719,-1,0,-0.32290828,0.41996711,0,1,unassigned,107.0,99.0,8.0,0.92523366,0.07476635,0.07476634,0.20309478,0.015184656,0,0,0,0,0
4720,-1,1,4.733452,0.9912806,1,1,unassigned,2.0,2.0,0.0,1.0,0.0,0.0,0.0,0.0,1,0,0,1,1
4721,-1,0,-0.935467,0.2818169,0,1,unassigned,32.0,32.0,0.0,1.0,0.0,0.0,0.058027077,0.0,0,0,0,0,0
4722,-1,0,4.9609237,0.99304235,1,1,unassigned,6.0,6.0,0.0,1.0,0.0,0.0,0.007736944,0.0,0,0,0,1,1
4723,-1,0,-0.88122165,0.2929247,0,1,unassigned,67.0,60.0,7.0,0.8955224,0.104477614,0.104477584,0.12572534,0.013135484,0,0,0,0,0
4724,-1,0,-0.89818776,0.28942308,0,1,unassigned,58.0,54.0,4.0,0.9310345,0.06896552,0.068965495,0.10831721,0.0074701523,0,0,0,0,0
4725,-1,1,-0.8391832,0.30170685,0,1,unassigned,130.0,67.0,63.0,0.5153846,0.4846154,0.4846154,0.24758221,0.119982146,1,0,0,0,0
4726,-1,0,-0.09619555,0.47596964,0,1,unassigned,52.0,50.0,2.0,0.96153843,0.03846154,0.038461566,0.0967118,0.0037196847,0,0,0,0,0
4727,-1,0,-0.94122946,0.28065205,0,1,unassigned,76.0,76.0,0.0,1.0,0.0,0.0,0.14313346,0.0,0,0,0,0,0
4728,-1,0,-0.7495972,0.32090908,0,1,unassigned,90.0,89.0,1.0,0.98888886,0.011111111,0.01111114,0.17021276,0.0018912529,0,0,0,0,0
4729,-1,1,5.193109,0.994476,1,1,unassigned,29.0,27.0,2.0,0.9310345,0.06896552,0.068965495,0.05222437,0.0036016807,1,0,0,1,1
4730,-1,0,1.5860121,0.8300543,1,1,unassigned,4.0,4.0,0.0,1.0,0.0,0.0,0.003868472,0.0,0,0,0,1,0
4731,1,1,1.4569824,0.8110707,1,0,unassigned,4.0,3.0,1.0,0.75,0.25,0.25,0.003868472,0.000967118,1,0,1,1,0
4732,-1,0,3.8712742,0.9795933,1,1,unassigned,5.0,3.0,2.0,0.6,0.4,0.39999998,0.0058027077,0.002321083,0,0,0,1,1
4733,-1,1,-0.22848397,0.44312623,0,1,unassigned,57.0,46.0,11.0,0.80701756,0.19298245,0.19298244,0.10638298,0.020530049,1,0,0,0,0
4734,-1,1,0.83456236,0.69731873,1,1,unassigned,5.0,5.0,0.0,1.0,0.0,0.0,0.0058027077,0.0,1,0,0,1,0
4735,-1,1,1.6796005,0.84285164,1,1,unassigned,14.0,14.0,0.0,1.0,0.0,0.0,0.023210831,0.0,1,0,0,1,0
4736,-1,1,1.4806728,0.8146742,1,1,unassigned,2.0,2.0,0.0,1.0,0.0,0.0,0.0,0.0,1,0,0,1,0
4737,-1,0,10.7206135,0.99997795,1,1,unassigned,61.0,52.0,9.0,0.852459,0.14754099,0.14754099,0.114119925,0.016837366,0,0,0,1,1
4738,-1,1,6.488939,0.99848217,1,1,unassigned,2.0,2.0,0.0,1.0,0.0,0.0,0.0,0.0,1,0,0,1,1
4739,-1,1,4.5647507,0.98969483,1,1,unassigned,108.0,64.0,44.0,0.5925926,0.4074074,0.4074074,0.20502901,0.08353034,1,0,0,1,1
4740,-1,0,-0.9373087,0.28144428,0,1,unassigned,2.0,2.0,0.0,1.0,0.0,0.0,0.0,0.0,0,0,0,0,0
4741,-1,1,-0.3740837,0.40755463,0,1,unassigned,38.0,38.0,0.0,1.0,0.0,0.0,0.06963249,0.0,1,0,0,0,0
4742,-1,0,-0.08229494,0.47943786,0,1,unassigned,32.0,32.0,0.0,1.0,0.0,0.0,0.058027077,0.0,0,0,0,0,0
4743,-1,0,2.3347526,0.9117146,1,1,unassigned,50.0,45.0,5.0,0.9,0.1,0.100000024,0.092843324,0.009284332,0,0,0,1,1
4744,0,0,-0.06484437,0.48379463,0,0,val,9.0,8.0,1.0,0.8888889,0.11111111,0.111111104,0.013539651,0.0015044058,0,0,1,0,0
4745,-1,1,-0.5454009,0.3669321,0,1,unassigned,27.0,25.0,2.0,0.9259259,0.074074075,0.07407409,0.0483559,0.0035819185,1,0,0,0,0
4746,-1,1,-0.27030608,0.43283197,0,1,unassigned,28.0,27.0,1.0,0.96428573,0.035714287,0.03571427,0.050290134,0.0017960763,1,0,0,0,0
4747,-1,1,11.037363,0.9999839,1,1,unassigned,9.0,9.0,0.0,1.0,0.0,0.0,0.013539651,0.0,1,0,0,1,1
4748,-1,0,-0.5757756,0.3599052,0,1,unassigned,5.0,5.0,0.0,1.0,0.0,0.0,0.0058027077,0.0,0,0,0,0,0
4749,-1,1,5.989577,0.99750155,1,1,unassigned,2.0,2.0,0.0,1.0,0.0,0.0,0.0,0.0,1,0,0,1,1
4750,-1,0,-0.9166242,0.28564623,0,1,unassigned,29.0,29.0,0.0,1.0,0.0,0.0,0.05222437,0.0,0,0,0,0,0
4751,-1,1,0.59656864,0.6448709,1,1,unassigned,28.0,27.0,1.0,0.96428573,0.035714287,0.03571427,0.050290134,0.0017960763,1,0,0,1,0
4752,-1,0,-0.44342712,0.39092463,0,1,unassigned,46.0,46.0,0.0,1.0,0.0,0.0,0.08510638,0.0,0,0,0,0,0
4753,1,1,2.2228515,0.9022829,1,0,unassigned,6.0,6.0,0.0,1.0,0.0,0.0,0.007736944,0.0,1,0,1,1,1
4754,-1,1,1.2584212,0.77875423,1,1,unassigned,2.0,1.0,1.0,0.5,0.5,0.5,0.0,0.0,1,0,0,1,0
4755,-1,0,1.5418923,0.82373965,1,1,unassigned,12.0,12.0,0.0,1.0,0.0,0.0,0.01934236,0.0,0,0,0,1,0
4756,-1,0,10.853944,0.9999807,1,1,unassigned,24.0,17.0,7.0,0.7083333,0.29166666,0.2916667,0.04255319,0.012411347,0,0,0,1,1
4757,-1,1,-0.16227639,0.4595197,0,1,unassigned,43.0,42.0,1.0,0.9767442,0.023255814,0.023255825,0.079303674,0.0018442714,1,0,0,0,0
4758,-1,0,8.664497,0.9998274,1,1,unassigned,2.0,2.0,0.0,1.0,0.0,0.0,0.0,0.0,0,0,0,1,1
4759,-1,1,-0.68812144,0.3344511,0,1,unassigned,28.0,28.0,0.0,1.0,0.0,0.0,0.050290134,0.0,1,0,0,0,0
4760,0,0,-0.3156343,0.4217401,0,0,test,20.0,20.0,0.0,1.0,0.0,0.0,0.034816246,0.0,0,0,1,0,0
4761,-1,1,1.3638415,0.7963833,1,1,unassigned,18.0,14.0,4.0,0.7777778,0.22222222,0.22222221,0.030947777,0.0068772836,1,0,0,1,0
4762,-1,0,-0.71370065,0.32878166,0,1,unassigned,182.0,180.0,2.0,0.989011,0.010989011,0.01098901,0.34816247,0.0038259614,0,0,0,0,0
4763,-1,1,-0.20251533,0.44954354,0,1,unassigned,15.0,15.0,0.0,1.0,0.0,0.0,0.025145067,0.0,1,0,0,0,0
4764,-1,0,-0.63752246,0.3458068,0,1,unassigned,41.0,41.0,0.0,1.0,0.0,0.0,0.07543521,0.0,0,0,0,0,0
4765,-1,0,0.06107086,0.51526296,1,1,unassigned,29.0,29.0,0.0,1.0,0.0,0.0,0.05222437,0.0,0,0,0,1,0
4766,-1,0,-0.8176544,0.3062618,0,1,unassigned,139.0,139.0,0.0,1.0,0.0,0.0,0.26499033,0.0,0,0,0,0,0
4767,1,0,20.301731,1.0,1,0,test,5.0,4.0,1.0,0.8,0.2,0.19999999,0.0058027077,0.0011605415,0,0,1,1,1
4768,-1,0,7.571076,0.99948514,1,1,unassigned,2.0,2.0,0.0,1.0,0.0,0.0,0.0,0.0,0,0,0,1,1
4769,-1,1,-0.24255657,0.43965644,0,1,unassigned,3.0,3.0,0.0,1.0,0.0,0.0,0.001934236,0.0,1,0,0,0,0
4770,-1,0,-0.250245,0.4377632,0,1,unassigned,17.0,17.0,0.0,1.0,0.0,0.0,0.029013539,0.0,0,0,0,0,0
4771,-1,0,-0.6638729,0.33987015,0,1,unassigned,158.0,158.0,0.0,1.0,0.0,0.0,0.30174083,0.0,0,0,0,0,0
4772,-1,0,-0.82058233,0.30564004,0,1,unassigned,42.0,40.0,2.0,0.95238096,0.04761905,0.047619045,0.07736944,0.003684259,0,0,0,0,0
4773,-1,0,-0.81314206,0.30722135,0,1,unassigned,64.0,56.0,8.0,0.875,0.125,0.125,0.11992263,0.014990329,0,0,0,0,0
4774,-1,0,-0.89488083,0.2901036,0,1,unassigned,41.0,40.0,1.0,0.9756098,0.024390243,0.02439022,0.07543521,0.001839883,0,0,0,0,0
4775,1,1,10.469996,0.9999716,1,0,val,65.0,58.0,7.0,0.8923077,0.10769231,0.1076923,0.12185687,0.013123048,1,0,1,1,1
4776,-1,0,-0.286423,0.42887983,0,1,unassigned,32.0,31.0,1.0,0.96875,0.03125,0.03125,0.058027077,0.0018133462,0,0,0,0,0
4777,-1,0,5.143662,0.9941976,1,1,unassigned,2.0,2.0,0.0,1.0,0.0,0.0,0.0,0.0,0,0,0,1,1
4778,-1,0,1.37906,0.79884005,1,1,unassigned,60.0,57.0,3.0,0.95,0.05,0.050000012,0.11218569,0.0056092846,0,0,0,1,0
4779,0,0,-0.69734955,0.33240014,0,0,val,15.0,14.0,1.0,0.93333334,0.06666667,0.06666666,0.025145067,0.0016763379,0,0,1,0,0
4780,-1,0,-0.09979302,0.4750724,0,1,unassigned,58.0,56.0,2.0,0.9655172,0.03448276,0.034482777,0.10831721,0.0037350762,0,0,0,0,0
4781,-1,0,2.0896184,0.88989,1,1,unassigned,15.0,15.0,0.0,1.0,0.0,0.0,0.025145067,0.0,0,0,0,1,0
4782,-1,1,-0.45044464,0.38925505,0,1,unassigned,30.0,30.0,0.0,1.0,0.0,0.0,0.054158606,0.0,1,0,0,0,0
4783,-1,1,2.222154,0.9022214,1,1,unassigned,33.0,24.0,9.0,0.72727275,0.27272728,0.27272725,0.059961315,0.016353086,1,0,0,1,1
4784,0,1,1.2882514,0.7838511,1,1,test,55.0,52.0,3.0,0.94545454,0.054545455,0.054545462,0.102514505,0.0055917003,1,0,0,1,0
4785,-1,0,-0.18930638,0.45281422,0,1,unassigned,11.0,11.0,0.0,1.0,0.0,0.0,0.017408123,0.0,0,0,0,0,0
4786,-1,0,-0.75114906,0.32057098,0,1,unassigned,8.0,8.0,0.0,1.0,0.0,0.0,0.0116054155,0.0,0,0,0,0,0
4787,-1,0,1.6784222,0.8426955,1,1,unassigned,16.0,15.0,1.0,0.9375,0.0625,0.0625,0.027079303,0.0016924564,0,0,0,1,0
4788,-1,0,8.483852,0.99979323,1,1,unassigned,2.0,2.0,0.0,1.0,0.0,0.0,0.0,0.0,0,0,0,1,1
4789,-1,0,1.0425551,0.7393427,1,1,unassigned,6.0,6.0,0.0,1.0,0.0,0.0,0.007736944,0.0,0,0,0,1,0
4790,1,0,-0.5986705,0.35464793,0,1,unassigned,3.0,3.0,0.0,1.0,0.0,0.0,0.001934236,0.0,0,0,0,0,0
4791,0,0,-0.5556865,0.3645461,0,0,val,2.0,2.0,0.0,1.0,0.0,0.0,0.0,0.0,0,0,1,0,0
4792,-1,0,2.4949272,0.9237854,1,1,unassigned,12.0,6.0,6.0,0.5,0.5,0.5,0.01934236,0.00967118,0,0,0,1,1
4793,-1,1,4.0522714,0.98291415,1,1,unassigned,2.0,1.0,1.0,0.5,0.5,0.5,0.0,0.0,1,0,0,1,1
4794,-1,1,-0.83378494,0.30284536,0,1,unassigned,59.0,58.0,1.0,0.9830508,0.016949153,0.016949177,0.11025145,0.0018686686,1,0,0,0,0
4795,-1,0,3.8711665,0.97959113,1,1,unassigned,6.0,6.0,0.0,1.0,0.0,0.0,0.007736944,0.0,0,0,0,1,1
4796,-1,1,3.8070452,0.97826904,1,1,unassigned,7.0,6.0,1.0,0.85714287,0.14285715,0.14285713,0.00967118,0.0013815971,1,0,0,1,1
4797,-1,0,3.2026348,0.9609333,1,1,unassigned,12.0,12.0,0.0,1.0,0.0,0.0,0.01934236,0.0,0,0,0,1,1
4798,-1,1,1.6554892,0.83963156,1,1,unassigned,10.0,9.0,1.0,0.9,0.1,0.100000024,0.015473888,0.0015473888,1,0,0,1,0
4799,-1,0,-0.6452989,0.3440497,0,1,unassigned,19.0,19.0,0.0,1.0,0.0,0.0,0.032882012,0.0,0,0,0,0,0
4800,-1,1,2.0927951,0.8902009,1,1,unassigned,46.0,43.0,3.0,0.9347826,0.06521739,0.065217376,0.08510638,0.005550416,1,0,0,1,0
4801,-1,0,-0.14322743,0.46425423,0,1,unassigned,57.0,56.0,1.0,0.98245615,0.01754386,0.017543852,0.10638298,0.0018663681,0,0,0,0,0
4802,-1,1,-0.41930825,0.3966823,0,1,unassigned,271.0,256.0,15.0,0.94464946,0.055350553,0.055350542,0.52030945,0.028799416,1,0,0,0,0
4803,-1,0,-0.46236518,0.3864249,0,1,unassigned,52.0,52.0,0.0,1.0,0.0,0.0,0.0967118,0.0,0,0,0,0,0
4804,1,0,0.7282191,0.67441434,1,0,test,4.0,4.0,0.0,1.0,0.0,0.0,0.003868472,0.0,0,0,1,1,0
4805,-1,0,10.389263,0.99996924,1,1,unassigned,19.0,17.0,2.0,0.8947368,0.10526316,0.10526317,0.032882012,0.0034612645,0,0,0,1,1
4806,-1,0,1.6144173,0.8340238,1,1,unassigned,13.0,11.0,2.0,0.84615386,0.15384616,0.15384614,0.021276595,0.0032733225,0,0,0,1,0
4807,-1,0,-0.54179025,0.36777124,0,1,unassigned,35.0,33.0,2.0,0.94285715,0.057142857,0.057142854,0.06382979,0.0036474164,0,0,0,0,0
4808,1,1,4.0895553,0.9835292,1,0,unassigned,9.0,6.0,3.0,0.6666667,0.33333334,0.3333333,0.013539651,0.004513217,1,0,1,1,1
4809,-1,0,2.4684339,0.92189914,1,1,unassigned,3.0,3.0,0.0,1.0,0.0,0.0,0.001934236,0.0,0,0,0,1,1
4810,-1,0,0.5151394,0.6260105,1,1,unassigned,2.0,2.0,0.0,1.0,0.0,0.0,0.0,0.0,0,0,0,1,0
4811,-1,0,5.544028,0.9961045,1,1,unassigned,2.0,2.0,0.0,1.0,0.0,0.0,0.0,0.0,0,0,0,1,1
4812,-1,0,0.00016534328,0.5000413,1,1,unassigned,15.0,14.0,1.0,0.93333334,0.06666667,0.06666666,0.025145067,0.0016763379,0,0,0,1,0
4813,-1,1,0.4625867,0.6136277,1,1,unassigned,15.0,13.0,2.0,0.8666667,0.13333334,0.13333333,0.025145067,0.0033526758,1,0,0,1,0
4814,-1,0,-0.8793044,0.29332194,0,1,unassigned,10.0,10.0,0.0,1.0,0.0,0.0,0.015473888,0.0,0,0,0,0,0
4815,-1,0,-0.6586966,0.34103245,0,1,unassigned,2.0,2.0,0.0,1.0,0.0,0.0,0.0,0.0,0,0,0,0,0
4816,-1,0,4.383971,0.987678,1,1,unassigned,38.0,29.0,9.0,0.7631579,0.23684211,0.2368421,0.06963249,0.016491907,0,0,0,1,1
4817,-1,0,2.3968606,0.9165876,1,1,unassigned,17.0,16.0,1.0,0.9411765,0.05882353,0.058823526,0.029013539,0.0017066788,0,0,0,1,1
4818,-1,0,-0.52339953,0.37205765,0,1,unassigned,24.0,23.0,1.0,0.9583333,0.041666668,0.041666687,0.04255319,0.0017730496,0,0,0,0,0
4819,-1,0,-1.5215232,0.17923732,0,1,unassigned,2.0,1.0,1.0,0.5,0.5,0.5,0.0,0.0,0,0,0,0,0
4820,-1,0,5.595138,0.9962979,1,1,unassigned,5.0,3.0,2.0,0.6,0.4,0.39999998,0.0058027077,0.002321083,0,0,0,1,1
4821,0,0,-0.25705135,0.43608868,0,0,unassigned,18.0,18.0,0.0,1.0,0.0,0.0,0.030947777,0.0,0,0,1,0,0
4822,1,0,-0.2885602,0.4283564,0,1,unassigned,78.0,74.0,4.0,0.94871795,0.051282052,0.05128205,0.14700194,0.007538561,0,0,0,0,0
4823,0,0,0.18369335,0.5457946,1,1,train,29.0,28.0,1.0,0.9655172,0.03448276,0.034482777,0.05222437,0.0018008404,0,0,0,1,0
4824,-1,0,-0.5254533,0.37157792,0,1,unassigned,6.0,6.0,0.0,1.0,0.0,0.0,0.007736944,0.0,0,0,0,0,0
4825,-1,1,1.5834005,0.82968557,1,1,unassigned,9.0,8.0,1.0,0.8888889,0.11111111,0.111111104,0.013539651,0.0015044058,1,0,0,1,0
4826,-1,1,12.580029,0.99999654,1,1,unassigned,3.0,3.0,0.0,1.0,0.0,0.0,0.001934236,0.0,1,0,0,1,1
4827,-1,1,-0.2538148,0.43688473,0,1,unassigned,3.0,3.0,0.0,1.0,0.0,0.0,0.001934236,0.0,1,0,0,0,0
4828,-1,1,1.7555833,0.85265565,1,1,unassigned,3.0,3.0,0.0,1.0,0.0,0.0,0.001934236,0.0,1,0,0,1,0
4829,-1,0,-0.9963292,0.26966375,0,1,unassigned,40.0,37.0,3.0,0.925,0.075,0.07499999,0.07350097,0.005512573,0,0,0,0,0
4830,-1,1,-0.32538143,0.4193648,0,1,unassigned,53.0,53.0,0.0,1.0,0.0,0.0,0.09864604,0.0,1,0,0,0,0
4831,-1,0,-0.90626764,0.2877642,0,1,unassigned,79.0,78.0,1.0,0.98734176,0.012658228,0.012658238,0.14893617,0.001885268,0,0,0,0,0
4832,-1,0,1.5491214,0.8247868,1,1,unassigned,14.0,13.0,1.0,0.9285714,0.071428575,0.0714286,0.023210831,0.0016579166,0,0,0,1,0
4833,0,0,-0.881729,0.29281962,0,0,test,50.0,47.0,3.0,0.94,0.06,0.060000002,0.092843324,0.0055705993,0,0,1,0,0
4834,-1,1,-0.7475272,0.32136038,0,1,unassigned,14.0,14.0,0.0,1.0,0.0,0.0,0.023210831,0.0,1,0,0,0,0
4835,-1,1,-0.59118515,0.356363,0,1,unassigned,29.0,29.0,0.0,1.0,0.0,0.0,0.05222437,0.0,1,0,0,0,0
4836,-1,1,-0.5570839,0.36422244,0,1,unassigned,14.0,14.0,0.0,1.0,0.0,0.0,0.023210831,0.0,1,0,0,0,0
4837,-1,0,-0.55314445,0.36513516,0,1,unassigned,29.0,28.0,1.0,0.9655172,0.03448276,0.034482777,0.05222437,0.0018008404,0,0,0,0,0
4838,-1,1,0.25841868,0.5642475,1,1,unassigned,22.0,10.0,12.0,0.45454547,0.54545456,0.5454545,0.03868472,0.021100756,1,0,0,1,0
4839,-1,0,5.376243,0.9953961,1,1,unassigned,5.0,5.0,0.0,1.0,0.0,0.0,0.0058027077,0.0,0,0,0,1,1
4840,-1,1,0.9708161,0.72528213,1,1,unassigned,4.0,3.0,1.0,0.75,0.25,0.25,0.003868472,0.000967118,1,0,0,1,0
4841,-1,1,0.030910015,0.5077269,1,1,unassigned,80.0,78.0,2.0,0.975,0.025,0.024999976,0.15087041,0.0037717603,1,0,0,1,0
4842,-1,0,-0.776624,0.31504792,0,1,unassigned,31.0,31.0,0.0,1.0,0.0,0.0,0.056092843,0.0,0,0,0,0,0
4843,1,1,7.756491,0.9995722,1,0,test,2.0,1.0,1.0,0.5,0.5,0.5,0.0,0.0,1,0,1,1,1
4844,-1,0,1.831245,0.86191,1,1,unassigned,167.0,167.0,0.0,1.0,0.0,0.0,0.31914893,0.0,0,0,0,1,0
4845,-1,0,0.7133865,0.671149,1,1,unassigned,2.0,2.0,0.0,1.0,0.0,0.0,0.0,0.0,0,0,0,1,0
4846,-1,0,-0.47946775,0.38237783,0,1,unassigned,30.0,29.0,1.0,0.96666664,0.033333335,0.03333336,0.054158606,0.001805287,0,0,0,0,0
4847,-1,1,-0.90049314,0.28894916,0,1,unassigned,40.0,16.0,24.0,0.4,0.6,0.6,0.07350097,0.044100583,1,0,0,0,0
4848,-1,0,-0.535622,0.3692066,0,1,unassigned,75.0,73.0,2.0,0.97333336,0.026666667,0.026666641,0.14119923,0.003765313,0,0,0,0,0
4849,-1,0,-0.90934634,0.2871336,0,1,unassigned,103.0,101.0,2.0,0.98058254,0.019417476,0.019417465,0.19535783,0.003793356,0,0,0,0,0
4850,-1,0,6.3382564,0.9982357,1,1,unassigned,4.0,2.0,2.0,0.5,0.5,0.5,0.003868472,0.001934236,0,0,0,1,1
4851,-1,0,-0.38700083,0.40443954,0,1,unassigned,106.0,105.0,1.0,0.990566,0.009433962,0.009433985,0.20116054,0.0018977409,0,0,0,0,0
4852,1,0,1.6326692,0.836535,1,0,unassigned,4.0,4.0,0.0,1.0,0.0,0.0,0.003868472,0.0,0,0,1,1,0
4853,-1,0,-0.97211534,0.27445906,0,1,unassigned,91.0,91.0,0.0,1.0,0.0,0.0,0.172147,0.0,0,0,0,0,0
4854,-1,0,-0.78763413,0.31267688,0,1,unassigned,28.0,28.0,0.0,1.0,0.0,0.0,0.050290134,0.0,0,0,0,0,0
4855,-1,1,2.461149,0.92137295,1,1,unassigned,8.0,8.0,0.0,1.0,0.0,0.0,0.0116054155,0.0,1,0,0,1,1
4856,-1,1,-0.50857544,0.37552756,0,1,unassigned,22.0,22.0,0.0,1.0,0.0,0.0,0.03868472,0.0,1,0,0,0,0
4857,-1,0,-0.5361586,0.36908165,0,1,unassigned,25.0,25.0,0.0,1.0,0.0,0.0,0.044487428,0.0,0,0,0,0,0
4858,-1,0,-0.05648464,0.4858826,0,1,unassigned,6.0,6.0,0.0,1.0,0.0,0.0,0.007736944,0.0,0,0,0,0,0
4859,-1,0,-0.92770326,0.2833909,0,1,unassigned,37.0,37.0,0.0,1.0,0.0,0.0,0.06769826,0.0,0,0,0,0,0
4860,-1,0,-0.21994838,0.4452335,0,1,unassigned,30.0,30.0,0.0,1.0,0.0,0.0,0.054158606,0.0,0,0,0,0,0
4861,-1,1,0.85234433,0.7010587,1,1,unassigned,22.0,20.0,2.0,0.90909094,0.09090909,0.090909064,0.03868472,0.0035167928,1,0,0,1,0
4862,-1,0,-0.8760813,0.2939905,0,1,unassigned,103.0,101.0,2.0,0.98058254,0.019417476,0.019417465,0.19535783,0.003793356,0,0,0,0,0
4863,-1,1,-0.071490705,0.48213494,0,1,unassigned,31.0,31.0,0.0,1.0,0.0,0.0,0.056092843,0.0,1,0,0,0,0
4864,-1,0,-0.8440212,0.30068856,0,1,unassigned,23.0,21.0,2.0,0.9130435,0.08695652,0.0869565,0.040618956,0.0035320832,0,0,0,0,0
4865,-1,0,-0.4816365,0.38186577,0,1,unassigned,160.0,157.0,3.0,0.98125,0.01875,0.018750012,0.3056093,0.0057301745,0,0,0,0,0
4866,0,0,1.527837,0.8216896,1,1,unassigned,2.0,2.0,0.0,1.0,0.0,0.0,0.0,0.0,0,0,0,1,0
4867,-1,0,3.9553869,0.9812087,1,1,unassigned,5.0,3.0,2.0,0.6,0.4,0.39999998,0.0058027077,0.002321083,0,0,0,1,1
4868,-1,0,-0.7371855,0.3236199,0,1,unassigned,59.0,57.0,2.0,0.9661017,0.033898305,0.033898294,0.11025145,0.0037373372,0,0,0,0,0
4869,-1,0,-0.78277075,0.31372306,0,1,unassigned,48.0,47.0,1.0,0.9791667,0.020833334,0.020833313,0.088974856,0.0018536429,0,0,0,0,0
4870,-1,0,1.7364254,0.8502325,1,1,unassigned,2.0,2.0,0.0,1.0,0.0,0.0,0.0,0.0,0,0,0,1,0
4871,-1,0,-0.70068777,0.33165976,0,1,unassigned,236.0,232.0,4.0,0.9830508,0.016949153,0.016949177,0.4526112,0.007671376,0,0,0,0,0
4872,-1,0,-0.8817297,0.29281947,0,1,unassigned,52.0,47.0,5.0,0.90384614,0.09615385,0.096153855,0.0967118,0.009299211,0,0,0,0,0
4873,-1,0,2.313308,0.9099732,1,1,unassigned,13.0,12.0,1.0,0.9230769,0.07692308,0.07692307,0.021276595,0.0016366612,0,0,0,1,1
4874,-1,0,-0.6605764,0.34061015,0,1,unassigned,11.0,11.0,0.0,1.0,0.0,0.0,0.017408123,0.0,0,0,0,0,0
4875,-1,0,-0.0706906,0.4823347,0,1,unassigned,2.0,2.0,0.0,1.0,0.0,0.0,0.0,0.0,0,0,0,0,0
4876,-1,0,-0.24423012,0.43924418,0,1,unassigned,20.0,20.0,0.0,1.0,0.0,0.0,0.034816246,0.0,0,0,0,0,0
4877,0,0,-0.33001935,0.41823593,0,0,test,6.0,5.0,1.0,0.8333333,0.16666667,0.16666669,0.007736944,0.0012894907,0,0,1,0,0
4878,-1,0,-0.6560665,0.34162378,0,1,unassigned,11.0,11.0,0.0,1.0,0.0,0.0,0.017408123,0.0,0,0,0,0,0
4879,0,0,0.10053313,0.52511215,1,1,val,7.0,6.0,1.0,0.85714287,0.14285715,0.14285713,0.00967118,0.0013815971,0,0,0,1,0
4880,0,0,-0.7109082,0.32939819,0,0,unassigned,48.0,33.0,15.0,0.6875,0.3125,0.3125,0.088974856,0.027804643,0,0,1,0,0
4881,-1,0,-0.628121,0.34793672,0,1,unassigned,31.0,30.0,1.0,0.9677419,0.032258064,0.032258093,0.056092843,0.0018094465,0,0,0,0,0
4882,-1,0,-0.6915972,0.33367786,0,1,unassigned,21.0,17.0,4.0,0.8095238,0.1904762,0.19047618,0.036750484,0.0070000924,0,0,0,0,0
4883,-1,0,5.678595,0.9965933,1,1,unassigned,2.0,2.0,0.0,1.0,0.0,0.0,0.0,0.0,0,0,0,1,1
4884,-1,1,-0.42629158,0.3950122,0,1,unassigned,56.0,55.0,1.0,0.98214287,0.017857144,0.017857134,0.10444874,0.0018651562,1,0,0,0,0
4885,1,1,2.48517,0.9230956,1,0,train,4.0,4.0,0.0,1.0,0.0,0.0,0.003868472,0.0,1,0,1,1,1
4886,-1,1,5.3459077,0.995255,1,1,unassigned,24.0,12.0,12.0,0.5,0.5,0.5,0.04255319,0.021276595,1,0,0,1,1
4887,-1,0,-0.8756508,0.29407984,0,1,unassigned,27.0,27.0,0.0,1.0,0.0,0.0,0.0483559,0.0,0,0,0,0,0
4888,-1,0,-0.36133048,0.4106375,0,1,unassigned,17.0,16.0,1.0,0.9411765,0.05882353,0.058823526,0.029013539,0.0017066788,0,0,0,0,0
4889,1,0,2.9917228,0.95219886,1,0,test,3.0,3.0,0.0,1.0,0.0,0.0,0.001934236,0.0,0,0,1,1,1
4890,-1,1,-0.06750649,0.4831298,0,1,unassigned,3.0,3.0,0.0,1.0,0.0,0.0,0.001934236,0.0,1,0,0,0,0
4891,-1,0,0.024324715,0.50608087,1,1,unassigned,39.0,39.0,0.0,1.0,0.0,0.0,0.07156673,0.0,0,0,0,1,0
4892,-1,0,2.485028,0.9230855,1,1,unassigned,3.0,3.0,0.0,1.0,0.0,0.0,0.001934236,0.0,0,0,0,1,1
4893,-1,0,0.563778,0.63732624,1,1,unassigned,5.0,5.0,0.0,1.0,0.0,0.0,0.0058027077,0.0,0,0,0,1,0
4894,-1,1,1.0798845,0.7464721,1,1,unassigned,32.0,26.0,6.0,0.8125,0.1875,0.1875,0.058027077,0.010880077,1,0,0,1,0
4895,-1,0,0.3503099,0.58669275,1,1,unassigned,27.0,26.0,1.0,0.962963,0.037037037,0.037037015,0.0483559,0.0017909593,0,0,0,1,0
4896,-1,0,-0.23719886,0.4409768,0,1,unassigned,47.0,47.0,0.0,1.0,0.0,0.0,0.08704062,0.0,0,0,0,0,0
4897,-1,0,2.1832967,0.8987395,1,1,unassigned,5.0,5.0,0.0,1.0,0.0,0.0,0.0058027077,0.0,0,0,0,1,0
4898,-1,0,1.0414994,0.73913926,1,1,unassigned,6.0,6.0,0.0,1.0,0.0,0.0,0.007736944,0.0,0,0,0,1,0
4899,-1,1,-0.3566442,0.4117722,0,1,unassigned,74.0,72.0,2.0,0.972973,0.027027028,0.02702701,0.13926499,0.0037639185,1,0,0,0,0
4900,-1,0,0.21356481,0.5531892,1,1,unassigned,12.0,12.0,0.0,1.0,0.0,0.0,0.01934236,0.0,0,0,0,1,0
4901,-1,1,0.61240643,0.64848953,1,1,unassigned,3.0,3.0,0.0,1.0,0.0,0.0,0.001934236,0.0,1,0,0,1,0
4902,-1,0,1.4437983,0.8090421,1,1,unassigned,4.0,4.0,0.0,1.0,0.0,0.0,0.003868472,0.0,0,0,0,1,0
4903,-1,0,-0.94498044,0.2798954,0,1,unassigned,103.0,103.0,0.0,1.0,0.0,0.0,0.19535783,0.0,0,0,0,0,0
4904,-1,0,-0.4209392,0.39629203,0,1,unassigned,143.0,137.0,6.0,0.95804197,0.04195804,0.041958034,0.27272728,0.011443103,0,0,0,0,0
4905,-1,0,-0.9260014,0.28373665,0,1,unassigned,46.0,46.0,0.0,1.0,0.0,0.0,0.08510638,0.0,0,0,0,0,0
4906,-1,0,-0.46288282,0.38630214,0,1,unassigned,3.0,3.0,0.0,1.0,0.0,0.0,0.001934236,0.0,0,0,0,0,0
4907,-1,0,-0.72550076,0.3261828,0,1,unassigned,67.0,64.0,3.0,0.95522386,0.04477612,0.04477614,0.12572534,0.005629493,0,0,0,0,0
4908,-1,0,-0.21825844,0.445651,0,1,unassigned,17.0,17.0,0.0,1.0,0.0,0.0,0.029013539,0.0,0,0,0,0,0
4909,-1,0,0.11346501,0.52833587,1,1,unassigned,14.0,14.0,0.0,1.0,0.0,0.0,0.023210831,0.0,0,0,0,1,0
4910,0,0,-0.06292176,0.48427474,0,0,unassigned,26.0,26.0,0.0,1.0,0.0,0.0,0.046421662,0.0,0,0,1,0,0
4911,-1,0,-0.2544477,0.43672907,0,1,unassigned,48.0,47.0,1.0,0.9791667,0.020833334,0.020833313,0.088974856,0.0018536429,0,0,0,0,0
4912,-1,0,-0.9315556,0.28260922,0,1,unassigned,24.0,24.0,0.0,1.0,0.0,0.0,0.04255319,0.0,0,0,0,0,0
4913,-1,0,-0.42359298,0.39565733,0,1,unassigned,66.0,59.0,7.0,0.8939394,0.10606061,0.106060624,0.123791106,0.01312936,0,0,0,0,0
4914,-1,0,-0.89145947,0.29080874,0,1,unassigned,63.0,61.0,2.0,0.96825397,0.031746034,0.03174603,0.11798839,0.0037456634,0,0,0,0,0
4915,-1,0,-0.43850785,0.39209658,0,1,unassigned,27.0,27.0,0.0,1.0,0.0,0.0,0.0483559,0.0,0,0,0,0,0
4916,0,0,-0.3183398,0.42108044,0,0,unassigned,18.0,18.0,0.0,1.0,0.0,0.0,0.030947777,0.0,0,0,1,0,0
4917,-1,0,-0.080960125,0.47977102,0,1,unassigned,21.0,21.0,0.0,1.0,0.0,0.0,0.036750484,0.0,0,0,0,0,0
4918,-1,1,3.5018313,0.9707398,1,1,unassigned,17.0,13.0,4.0,0.7647059,0.23529412,0.2352941,0.029013539,0.006826715,1,0,0,1,1
4919,-1,1,0.14043617,0.5350514,1,1,unassigned,4.0,4.0,0.0,1.0,0.0,0.0,0.003868472,0.0,1,0,0,1,0
4920,-1,0,3.0854237,0.95628744,1,1,unassigned,2.0,2.0,0.0,1.0,0.0,0.0,0.0,0.0,0,0,0,1,1
4921,-1,0,-0.48293597,0.38155907,0,1,unassigned,29.0,29.0,0.0,1.0,0.0,0.0,0.05222437,0.0,0,0,0,0,0
4922,-1,0,-0.81709623,0.30638042,0,1,unassigned,66.0,66.0,0.0,1.0,0.0,0.0,0.123791106,0.0,0,0,0,0,0
4923,-1,0,-0.559799,0.36359397,0,1,unassigned,87.0,87.0,0.0,1.0,0.0,0.0,0.16441005,0.0,0,0,0,0,0
4924,-1,0,-0.5416387,0.3678065,0,1,unassigned,19.0,19.0,0.0,1.0,0.0,0.0,0.032882012,0.0,0,0,0,0,0
4925,-1,0,-0.7958063,0.3109233,0,1,unassigned,32.0,32.0,0.0,1.0,0.0,0.0,0.058027077,0.0,0,0,0,0,0
4926,-1,0,-0.8265897,0.30436665,0,1,unassigned,27.0,26.0,1.0,0.962963,0.037037037,0.037037015,0.0483559,0.0017909593,0,0,0,0,0
4927,1,0,0.336999,0.58346134,1,0,val,60.0,59.0,1.0,0.98333335,0.016666668,0.01666665,0.11218569,0.0018697615,0,0,1,1,0
4928,-1,0,0.7217544,0.6729932,1,1,unassigned,2.0,2.0,0.0,1.0,0.0,0.0,0.0,0.0,0,0,0,1,0
4929,-1,0,-0.8342228,0.30275294,0,1,unassigned,39.0,39.0,0.0,1.0,0.0,0.0,0.07156673,0.0,0,0,0,0,0
4930,-1,0,-0.9364171,0.28162462,0,1,unassigned,79.0,78.0,1.0,0.98734176,0.012658228,0.012658238,0.14893617,0.001885268,0,0,0,0,0
4931,-1,0,0.7505488,0.6792983,1,1,unassigned,16.0,16.0,0.0,1.0,0.0,0.0,0.027079303,0.0,0,0,0,1,0
4932,-1,0,0.1832959,0.54569614,1,1,unassigned,3.0,3.0,0.0,1.0,0.0,0.0,0.001934236,0.0,0,0,0,1,0
4933,-1,0,0.21682584,0.5539951,1,1,unassigned,17.0,17.0,0.0,1.0,0.0,0.0,0.029013539,0.0,0,0,0,1,0
4934,-1,0,-0.4202461,0.39645788,0,1,unassigned,3.0,3.0,0.0,1.0,0.0,0.0,0.001934236,0.0,0,0,0,0,0
4935,-1,0,-0.24964637,0.43791053,0,1,unassigned,12.0,12.0,0.0,1.0,0.0,0.0,0.01934236,0.0,0,0,0,0,0
4936,-1,0,0.38693112,0.5955437,1,1,unassigned,5.0,5.0,0.0,1.0,0.0,0.0,0.0058027077,0.0,0,0,0,1,0
4937,-1,0,2.0048015,0.8813003,1,1,unassigned,2.0,2.0,0.0,1.0,0.0,0.0,0.0,0.0,0,0,0,1,0
4938,-1,1,1.3843303,0.79968554,1,1,unassigned,3.0,3.0,0.0,1.0,0.0,0.0,0.001934236,0.0,1,0,0,1,0
4939,-1,0,-0.24841231,0.43821433,0,1,unassigned,26.0,25.0,1.0,0.96153843,0.03846154,0.038461566,0.046421662,0.0017854486,0,0,0,0,0
4940,-1,0,2.0742738,0.8883774,1,1,unassigned,23.0,23.0,0.0,1.0,0.0,0.0,0.040618956,0.0,0,0,0,1,0
4941,-1,0,-0.42140526,0.39618054,0,1,unassigned,17.0,17.0,0.0,1.0,0.0,0.0,0.029013539,0.0,0,0,0,0,0
4942,-1,0,0.5848871,0.6421912,1,1,unassigned,15.0,15.0,0.0,1.0,0.0,0.0,0.025145067,0.0,0,0,0,1,0
4943,-1,0,6.917298,0.99901044,1,1,unassigned,2.0,2.0,0.0,1.0,0.0,0.0,0.0,0.0,0,0,0,1,1
4944,-1,0,-0.48262703,0.38163197,0,1,unassigned,7.0,7.0,0.0,1.0,0.0,0.0,0.00967118,0.0,0,0,0,0,0
4945,-1,0,0.70605403,0.66952866,1,1,unassigned,2.0,2.0,0.0,1.0,0.0,0.0,0.0,0.0,0,0,0,1,0
4946,-1,0,4.4341846,0.98827434,1,1,unassigned,4.0,4.0,0.0,1.0,0.0,0.0,0.003868472,0.0,0,0,0,1,1
4947,0,0,-0.9528399,0.27831405,0,0,val,11.0,11.0,0.0,1.0,0.0,0.0,0.017408123,0.0,0,0,1,0,0
4948,-1,0,-0.1783182,0.45553818,0,1,unassigned,25.0,25.0,0.0,1.0,0.0,0.0,0.044487428,0.0,0,0,0,0,0
4949,-1,1,0.10952294,0.52735335,1,1,unassigned,41.0,40.0,1.0,0.9756098,0.024390243,0.02439022,0.07543521,0.001839883,1,0,0,1,0
4950,1,0,5.0985327,0.9939314,1,0,test,3.0,3.0,0.0,1.0,0.0,0.0,0.001934236,0.0,0,0,1,1,1
4951,-1,1,-0.9003546,0.28897762,0,1,unassigned,48.0,48.0,0.0,1.0,0.0,0.0,0.088974856,0.0,1,0,0,0,0
4952,-1,0,3.966255,0.98140794,1,1,unassigned,2.0,2.0,0.0,1.0,0.0,0.0,0.0,0.0,0,0,0,1,1
4953,1,0,2.8942888,0.94756335,1,0,unassigned,3.0,2.0,1.0,0.6666667,0.33333334,0.3333333,0.001934236,0.00064474536,0,0,1,1,1
4954,-1,0,9.015562,0.9998785,1,1,unassigned,2.0,2.0,0.0,1.0,0.0,0.0,0.0,0.0,0,0,0,1,1
4955,-1,0,2.93219,0.94941497,1,1,unassigned,6.0,3.0,3.0,0.5,0.5,0.5,0.007736944,0.003868472,0,0,0,1,1
4956,1,0,0.016994774,0.5042486,1,0,val,6.0,6.0,0.0,1.0,0.0,0.0,0.007736944,0.0,0,0,1,1,0
4957,-1,0,2.5364265,0.9266563,1,1,unassigned,55.0,52.0,3.0,0.94545454,0.054545455,0.054545462,0.102514505,0.0055917003,0,0,0,1,1
4958,-1,0,-0.47498333,0.38343742,0,1,unassigned,30.0,29.0,1.0,0.96666664,0.033333335,0.03333336,0.054158606,0.001805287,0,0,0,0,0
4959,-1,0,2.5043128,0.92444354,1,1,unassigned,3.0,3.0,0.0,1.0,0.0,0.0,0.001934236,0.0,0,0,0,1,1
4960,-1,1,0.17117554,0.5426897,1,1,unassigned,16.0,11.0,5.0,0.6875,0.3125,0.3125,0.027079303,0.008462282,1,0,0,1,0
4961,-1,1,2.4766634,0.9224895,1,1,unassigned,10.0,10.0,0.0,1.0,0.0,0.0,0.015473888,0.0,1,0,0,1,1
4962,0,0,-0.7764402,0.3150876,0,0,unassigned,3.0,3.0,0.0,1.0,0.0,0.0,0.001934236,0.0,0,0,1,0,0
4963,-1,0,-0.27616617,0.4313939,0,1,unassigned,18.0,18.0,0.0,1.0,0.0,0.0,0.030947777,0.0,0,0,0,0,0
4964,1,0,-0.38652873,0.4045532,0,1,test,13.0,13.0,0.0,1.0,0.0,0.0,0.021276595,0.0,0,0,0,0,0
4965,-1,0,1.212729,0.77078146,1,1,unassigned,2.0,2.0,0.0,1.0,0.0,0.0,0.0,0.0,0,0,0,1,0
4966,0,0,-0.75398713,0.31995314,0,0,unassigned,53.0,51.0,2.0,0.9622642,0.03773585,0.03773582,0.09864604,0.0037224921,0,0,1,0,0
4967,-1,0,-0.24844071,0.43820733,0,1,unassigned,4.0,4.0,0.0,1.0,0.0,0.0,0.003868472,0.0,0,0,0,0,0
4968,-1,0,-0.8034787,0.3092819,0,1,unassigned,40.0,40.0,0.0,1.0,0.0,0.0,0.07350097,0.0,0,0,0,0,0
4969,-1,0,0.4501565,0.6106764,1,1,unassigned,2.0,2.0,0.0,1.0,0.0,0.0,0.0,0.0,0,0,0,1,0
4970,-1,0,-0.9870772,0.27148977,0,1,unassigned,2.0,2.0,0.0,1.0,0.0,0.0,0.0,0.0,0,0,0,0,0
4971,-1,0,4.970698,0.99310946,1,1,unassigned,7.0,6.0,1.0,0.85714287,0.14285715,0.14285713,0.00967118,0.0013815971,0,0,0,1,1
4972,1,0,3.5060685,0.97086,1,0,unassigned,4.0,4.0,0.0,1.0,0.0,0.0,0.003868472,0.0,0,0,1,1,1
4973,-1,0,-0.7095507,0.32969815,0,1,unassigned,33.0,33.0,0.0,1.0,0.0,0.0,0.059961315,0.0,0,0,0,0,0
4974,-1,1,0.6935932,0.66676575,1,1,unassigned,15.0,12.0,3.0,0.8,0.2,0.19999999,0.025145067,0.0050290134,1,0,0,1,0
4975,-1,1,0.2729867,0.567826,1,1,unassigned,31.0,31.0,0.0,1.0,0.0,0.0,0.056092843,0.0,1,0,0,1,0
4976,-1,0,-0.6101235,0.35203102,0,1,unassigned,69.0,69.0,0.0,1.0,0.0,0.0,0.1295938,0.0,0,0,0,0,0
4977,0,0,-0.80266047,0.3094567,0,0,val,124.0,123.0,1.0,0.9919355,0.008064516,0.008064508,0.23597679,0.0019030386,0,0,1,0,0
4978,-1,0,-0.62000066,0.3497813,0,1,unassigned,121.0,117.0,4.0,0.96694213,0.03305785,0.03305787,0.23017408,0.00760906,0,0,0,0,0
4979,-1,1,-0.6600585,0.34072646,0,1,unassigned,29.0,28.0,1.0,0.9655172,0.03448276,0.034482777,0.05222437,0.0018008404,1,0,0,0,0
4980,1,0,-0.84855366,0.29973635,0,1,val,45.0,45.0,0.0,1.0,0.0,0.0,0.08317215,0.0,0,0,0,0,0
4981,-1,0,-0.7154997,0.32838476,0,1,unassigned,19.0,19.0,0.0,1.0,0.0,0.0,0.032882012,0.0,0,0,0,0,0
4982,-1,1,-0.9049838,0.2880274,0,1,unassigned,21.0,12.0,9.0,0.5714286,0.42857143,0.4285714,0.036750484,0.015750207,1,0,0,0,0
4983,-1,0,-0.7315315,0.32485875,0,1,unassigned,7.0,7.0,0.0,1.0,0.0,0.0,0.00967118,0.0,0,0,0,0,0
4984,-1,1,-0.9483039,0.27922603,0,1,unassigned,40.0,40.0,0.0,1.0,0.0,0.0,0.07350097,0.0,1,0,0,0,0
4985,-1,1,0.32072604,0.5795012,1,1,unassigned,11.0,8.0,3.0,0.72727275,0.27272728,0.27272725,0.017408123,0.00474767,1,0,0,1,0
4986,-1,1,-0.38480544,0.4049684,0,1,unassigned,21.0,20.0,1.0,0.95238096,0.04761905,0.047619045,0.036750484,0.0017500231,1,0,0,0,0
4987,-1,1,-0.10706413,0.4732595,0,1,unassigned,20.0,20.0,0.0,1.0,0.0,0.0,0.034816246,0.0,1,0,0,0,0
4988,-1,1,3.006549,0.9528691,1,1,unassigned,63.0,63.0,0.0,1.0,0.0,0.0,0.11798839,0.0,1,0,0,1,1
4989,-1,1,-1.0157275,0.26586044,0,1,unassigned,20.0,19.0,1.0,0.95,0.05,0.050000012,0.034816246,0.0017408123,1,0,0,0,0
4990,-1,1,-0.61843187,0.3501382,0,1,unassigned,49.0,47.0,2.0,0.9591837,0.040816326,0.040816307,0.09090909,0.0037105752,1,0,0,0,0
4991,-1,0,-0.78156924,0.31398177,0,1,unassigned,46.0,46.0,0.0,1.0,0.0,0.0,0.08510638,0.0,0,0,0,0,0
4992,-1,1,-0.8905473,0.2909969,0,1,unassigned,39.0,39.0,0.0,1.0,0.0,0.0,0.07156673,0.0,1,0,0,0,0
4993,-1,1,0.7930657,0.68848926,1,1,unassigned,40.0,40.0,0.0,1.0,0.0,0.0,0.07350097,0.0,1,0,0,1,0
4994,-1,1,-0.56173533,0.36314604,0,1,unassigned,17.0,16.0,1.0,0.9411765,0.05882353,0.058823526,0.029013539,0.0017066788,1,0,0,0,0
4995,-1,1,-0.009582162,0.49760446,0,1,unassigned,36.0,36.0,0.0,1.0,0.0,0.0,0.065764025,0.0,1,0,0,0,0
4996,-1,0,2.4366176,0.91957736,1,1,unassigned,10.0,9.0,1.0,0.9,0.1,0.100000024,0.015473888,0.0015473888,0,0,0,1,1
4997,-1,1,1.8002961,0.858185,1,1,unassigned,15.0,8.0,7.0,0.53333336,0.46666667,0.46666664,0.025145067,0.011734365,1,0,0,1,0
4998,-1,1,-0.7377329,0.3235001,0,1,unassigned,26.0,22.0,4.0,0.84615386,0.15384616,0.15384614,0.046421662,0.0071417945,1,0,0,0,0
4999,-1,1,-0.18885374,0.4529264,0,1,unassigned,9.0,9.0,0.0,1.0,0.0,0.0,0.013539651,0.0,1,0,0,0,0
5000,-1,0,-0.18113813,0.45483887,0,1,unassigned,10.0,10.0,0.0,1.0,0.0,0.0,0.015473888,0.0,0,0,0,0,0
5001,-1,1,0.8524385,0.7010784,1,1,unassigned,58.0,55.0,3.0,0.94827586,0.05172414,0.051724136,0.10831721,0.0056026145,1,0,0,1,0
5002,-1,0,0.42170465,0.60389113,1,1,unassigned,23.0,23.0,0.0,1.0,0.0,0.0,0.040618956,0.0,0,0,0,1,0
5003,1,0,7.250836,0.99929094,1,0,unassigned,2.0,2.0,0.0,1.0,0.0,0.0,0.0,0.0,0,0,1,1,1
5004,-1,0,6.3200526,0.9982034,1,1,unassigned,4.0,3.0,1.0,0.75,0.25,0.25,0.003868472,0.000967118,0,0,0,1,1
5005,1,1,1.4051335,0.80299723,1,0,val,8.0,8.0,0.0,1.0,0.0,0.0,0.0116054155,0.0,1,0,1,1,0
5006,-1,1,2.1448257,0.8951843,1,1,unassigned,3.0,3.0,0.0,1.0,0.0,0.0,0.001934236,0.0,1,0,0,1,0
5007,-1,0,0.9574018,0.72260135,1,1,unassigned,3.0,3.0,0.0,1.0,0.0,0.0,0.001934236,0.0,0,0,0,1,0
5008,-1,1,1.5885906,0.8304177,1,1,unassigned,3.0,1.0,2.0,0.33333334,0.6666667,0.6666666,0.001934236,0.0012894907,1,0,0,1,0
5009,-1,0,-0.31447175,0.4220236,0,1,unassigned,14.0,10.0,4.0,0.71428573,0.2857143,0.28571427,0.023210831,0.0066316663,0,0,0,0,0
5010,-1,0,-0.11275023,0.47184226,0,1,unassigned,16.0,15.0,1.0,0.9375,0.0625,0.0625,0.027079303,0.0016924564,0,0,0,0,0
5011,-1,0,0.9847656,0.7280528,1,1,unassigned,2.0,2.0,0.0,1.0,0.0,0.0,0.0,0.0,0,0,0,1,0
5012,-1,1,4.43326,0.9882636,1,1,unassigned,7.0,7.0,0.0,1.0,0.0,0.0,0.00967118,0.0,1,0,0,1,1
5013,-1,0,3.2547433,0.96284324,1,1,unassigned,4.0,4.0,0.0,1.0,0.0,0.0,0.003868472,0.0,0,0,0,1,1
5014,-1,0,-0.4530456,0.3886369,0,1,unassigned,17.0,17.0,0.0,1.0,0.0,0.0,0.029013539,0.0,0,0,0,0,0
5015,-1,1,1.8261001,0.8612965,1,1,unassigned,27.0,26.0,1.0,0.962963,0.037037037,0.037037015,0.0483559,0.0017909593,1,0,0,1,0
5016,-1,0,0.123307645,0.5307879,1,1,unassigned,8.0,8.0,0.0,1.0,0.0,0.0,0.0116054155,0.0,0,0,0,1,0
5017,-1,1,0.89069015,0.70903254,1,1,unassigned,9.0,7.0,2.0,0.7777778,0.22222222,0.22222221,0.013539651,0.0030088115,1,0,0,1,0
5018,-1,0,1.8653336,0.86591744,1,1,unassigned,3.0,3.0,0.0,1.0,0.0,0.0,0.001934236,0.0,0,0,0,1,0
5019,0,0,-1.0007621,0.26879162,0,0,unassigned,3.0,2.0,1.0,0.6666667,0.33333334,0.3333333,0.001934236,0.00064474536,0,0,1,0,0
5020,0,0,-0.16087052,0.45986888,0,0,val,9.0,7.0,2.0,0.7777778,0.22222222,0.22222221,0.013539651,0.0030088115,0,0,1,0,0
5021,-1,0,0.5624556,0.6370205,1,1,unassigned,4.0,4.0,0.0,1.0,0.0,0.0,0.003868472,0.0,0,0,0,1,0
5022,0,0,-0.8816357,0.29283893,0,0,test,55.0,55.0,0.0,1.0,0.0,0.0,0.102514505,0.0,0,0,1,0,0
5023,-1,1,4.782848,0.99169743,1,1,unassigned,12.0,11.0,1.0,0.9166667,0.083333336,0.08333331,0.01934236,0.0016118633,1,0,0,1,1
5024,-1,1,1.0004838,0.73115367,1,1,unassigned,29.0,29.0,0.0,1.0,0.0,0.0,0.05222437,0.0,1,0,0,1,0
5025,-1,1,-0.4228,0.39584693,0,1,unassigned,4.0,4.0,0.0,1.0,0.0,0.0,0.003868472,0.0,1,0,0,0,0
5026,-1,0,1.322629,0.78961873,1,1,unassigned,8.0,7.0,1.0,0.875,0.125,0.125,0.0116054155,0.0014506769,0,0,0,1,0
5027,-1,1,-0.32257673,0.42004788,0,1,unassigned,52.0,48.0,4.0,0.9230769,0.07692308,0.07692307,0.0967118,0.0074393693,1,0,0,0,0
5028,-1,0,0.7881072,0.6874248,1,1,unassigned,20.0,20.0,0.0,1.0,0.0,0.0,0.034816246,0.0,0,0,0,1,0
5029,-1,1,-0.91614664,0.28574368,0,1,unassigned,64.0,57.0,7.0,0.890625,0.109375,0.109375,0.11992263,0.013116538,1,0,0,0,0
5030,-1,1,-0.87232524,0.2947707,0,1,unassigned,109.0,108.0,1.0,0.9908257,0.0091743115,0.009174287,0.20696326,0.0018987454,1,0,0,0,0
5031,-1,0,1.1017613,0.75058997,1,1,unassigned,3.0,3.0,0.0,1.0,0.0,0.0,0.001934236,0.0,0,0,0,1,0
5032,-1,0,2.1270516,0.8935048,1,1,unassigned,2.0,2.0,0.0,1.0,0.0,0.0,0.0,0.0,0,0,0,1,0
5033,0,0,-0.53411055,0.3695587,0,0,test,38.0,38.0,0.0,1.0,0.0,0.0,0.06963249,0.0,0,0,1,0,0
5034,-1,0,-0.9516064,0.27856186,0,1,unassigned,2.0,2.0,0.0,1.0,0.0,0.0,0.0,0.0,0,0,0,0,0
5035,-1,0,-0.49477917,0.37876835,0,1,unassigned,36.0,36.0,0.0,1.0,0.0,0.0,0.065764025,0.0,0,0,0,0,0
5036,-1,0,0.9469556,0.7205025,1,1,unassigned,9.0,9.0,0.0,1.0,0.0,0.0,0.013539651,0.0,0,0,0,1,0
5037,1,0,-0.39531708,0.40243798,0,1,test,32.0,32.0,0.0,1.0,0.0,0.0,0.058027077,0.0,0,0,0,0,0
5038,0,1,-0.6206018,0.34964463,0,0,test,46.0,44.0,2.0,0.95652175,0.04347826,0.04347825,0.08510638,0.0037002775,1,0,1,0,0
5039,-1,0,-0.06161946,0.48459998,0,1,unassigned,40.0,40.0,0.0,1.0,0.0,0.0,0.07350097,0.0,0,0,0,0,0
5040,-1,0,-0.0897533,0.4775767,0,1,unassigned,4.0,4.0,0.0,1.0,0.0,0.0,0.003868472,0.0,0,0,0,0,0
5041,-1,0,-0.5323928,0.36995897,0,1,unassigned,84.0,83.0,1.0,0.9880952,0.011904762,0.011904776,0.15860735,0.0018881827,0,0,0,0,0
5042,-1,0,4.1838713,0.9849894,1,1,unassigned,8.0,7.0,1.0,0.875,0.125,0.125,0.0116054155,0.0014506769,0,0,0,1,1
5043,-1,0,-0.52767104,0.37106025,0,1,unassigned,59.0,58.0,1.0,0.9830508,0.016949153,0.016949177,0.11025145,0.0018686686,0,0,0,0,0
5044,-1,0,-0.7463462,0.32161796,0,1,unassigned,23.0,23.0,0.0,1.0,0.0,0.0,0.040618956,0.0,0,0,0,0,0
5045,-1,1,-0.7724931,0.31594005,0,1,unassigned,81.0,77.0,4.0,0.9506173,0.049382716,0.049382687,0.15280464,0.0075459084,1,0,0,0,0
5046,-1,0,-0.8643242,0.2964367,0,1,unassigned,21.0,20.0,1.0,0.95238096,0.04761905,0.047619045,0.036750484,0.0017500231,0,0,0,0,0
5047,-1,0,3.3921764,0.96745914,1,1,unassigned,10.0,9.0,1.0,0.9,0.1,0.100000024,0.015473888,0.0015473888,0,0,0,1,1
5048,-1,0,-0.26227844,0.43480366,0,1,unassigned,13.0,13.0,0.0,1.0,0.0,0.0,0.021276595,0.0,0,0,0,0,0
5049,-1,0,-0.55103505,0.36562428,0,1,unassigned,14.0,12.0,2.0,0.85714287,0.14285715,0.14285713,0.023210831,0.0033158332,0,0,0,0,0
5050,-1,0,-0.49865943,0.37785575,0,1,unassigned,10.0,10.0,0.0,1.0,0.0,0.0,0.015473888,0.0,0,0,0,0,0
5051,-1,0,1.877248,0.8672947,1,1,unassigned,2.0,2.0,0.0,1.0,0.0,0.0,0.0,0.0,0,0,0,1,0
5052,0,1,-0.83400834,0.3027982,0,0,unassigned,5.0,5.0,0.0,1.0,0.0,0.0,0.0058027077,0.0,1,0,1,0,0
5053,-1,1,-0.8989115,0.28927425,0,1,unassigned,30.0,30.0,0.0,1.0,0.0,0.0,0.054158606,0.0,1,0,0,0,0
5054,-1,0,-0.79378927,0.31135562,0,1,unassigned,12.0,12.0,0.0,1.0,0.0,0.0,0.01934236,0.0,0,0,0,0,0
5055,-1,0,-0.8891649,0.2912822,0,1,unassigned,44.0,44.0,0.0,1.0,0.0,0.0,0.08123791,0.0,0,0,0,0,0
5056,0,0,0.28923595,0.57180905,1,1,unassigned,19.0,17.0,2.0,0.8947368,0.10526316,0.10526317,0.032882012,0.0034612645,0,0,0,1,0
5057,-1,0,-0.9123708,0.28651494,0,1,unassigned,14.0,14.0,0.0,1.0,0.0,0.0,0.023210831,0.0,0,0,0,0,0
5058,-1,0,-0.96895885,0.27508807,0,1,unassigned,3.0,3.0,0.0,1.0,0.0,0.0,0.001934236,0.0,0,0,0,0,0
5059,-1,0,-0.84592044,0.30028933,0,1,unassigned,13.0,13.0,0.0,1.0,0.0,0.0,0.021276595,0.0,0,0,0,0,0
5060,1,0,1.7215269,0.8483254,1,0,test,2.0,2.0,0.0,1.0,0.0,0.0,0.0,0.0,0,0,1,1,0
5061,-1,0,-0.11952317,0.47015473,0,1,unassigned,4.0,3.0,1.0,0.75,0.25,0.25,0.003868472,0.000967118,0,0,0,0,0
5062,1,1,1.0911603,0.7486001,1,0,train,5.0,5.0,0.0,1.0,0.0,0.0,0.0058027077,0.0,1,0,1,1,0
5063,-1,1,1.8299444,0.86175513,1,1,unassigned,2.0,2.0,0.0,1.0,0.0,0.0,0.0,0.0,1,0,0,1,0
5064,-1,0,1.6940844,0.84476054,1,1,unassigned,5.0,5.0,0.0,1.0,0.0,0.0,0.0058027077,0.0,0,0,0,1,0
5065,-1,0,-0.60865146,0.35236686,0,1,unassigned,26.0,26.0,0.0,1.0,0.0,0.0,0.046421662,0.0,0,0,0,0,0
5066,-1,0,1.2294862,0.7737286,1,1,unassigned,22.0,22.0,0.0,1.0,0.0,0.0,0.03868472,0.0,0,0,0,1,0
5067,-1,0,3.3321316,0.96551484,1,1,unassigned,4.0,4.0,0.0,1.0,0.0,0.0,0.003868472,0.0,0,0,0,1,1
5068,-1,0,-0.80816996,0.3082806,0,1,unassigned,102.0,101.0,1.0,0.99019605,0.009803922,0.009803951,0.1934236,0.0018963099,0,0,0,0,0
5069,0,0,0.21576267,0.5537324,1,1,unassigned,4.0,4.0,0.0,1.0,0.0,0.0,0.003868472,0.0,0,0,0,1,0
5070,-1,0,0.29081303,0.5721952,1,1,unassigned,12.0,12.0,0.0,1.0,0.0,0.0,0.01934236,0.0,0,0,0,1,0
5071,-1,1,0.91719586,0.7144704,1,1,unassigned,6.0,5.0,1.0,0.8333333,0.16666667,0.16666669,0.007736944,0.0012894907,1,0,0,1,0
5072,-1,0,1.0827076,0.747006,1,1,unassigned,8.0,8.0,0.0,1.0,0.0,0.0,0.0116054155,0.0,0,0,0,1,0
5073,-1,0,2.705476,0.937349,1,1,unassigned,2.0,2.0,0.0,1.0,0.0,0.0,0.0,0.0,0,0,0,1,1
5074,-1,0,-0.7828951,0.31369627,0,1,unassigned,33.0,32.0,1.0,0.969697,0.030303031,0.030303001,0.059961315,0.0018170096,0,0,0,0,0
5075,-1,0,-0.8468037,0.30010378,0,1,unassigned,58.0,56.0,2.0,0.9655172,0.03448276,0.034482777,0.10831721,0.0037350762,0,0,0,0,0
5076,-1,0,-0.84106433,0.30131066,0,1,unassigned,47.0,45.0,2.0,0.9574468,0.04255319,0.042553186,0.08704062,0.003703856,0,0,0,0,0
5077,-1,0,10.381546,0.999969,1,1,unassigned,3.0,3.0,0.0,1.0,0.0,0.0,0.001934236,0.0,0,0,0,1,1
5078,-1,0,-0.64237577,0.3447097,0,1,unassigned,36.0,36.0,0.0,1.0,0.0,0.0,0.065764025,0.0,0,0,0,0,0
5079,-1,0,2.0605352,0.88700783,1,1,unassigned,2.0,2.0,0.0,1.0,0.0,0.0,0.0,0.0,0,0,0,1,0
5080,0,0,-0.6309156,0.34730294,0,0,val,13.0,13.0,0.0,1.0,0.0,0.0,0.021276595,0.0,0,0,1,0,0
5081,-1,0,0.46559554,0.6143408,1,1,unassigned,6.0,6.0,0.0,1.0,0.0,0.0,0.007736944,0.0,0,0,0,1,0
5082,-1,1,-0.25282317,0.43712872,0,1,unassigned,25.0,24.0,1.0,0.96,0.04,0.04000002,0.044487428,0.001779497,1,0,0,0,0
5083,-1,0,-0.85596216,0.29818365,0,1,unassigned,84.0,79.0,5.0,0.9404762,0.05952381,0.05952382,0.15860735,0.009440914,0,0,0,0,0
5084,-1,0,-0.21172029,0.44726676,0,1,unassigned,2.0,2.0,0.0,1.0,0.0,0.0,0.0,0.0,0,0,0,0,0
5085,-1,0,-0.9796776,0.27295578,0,1,unassigned,4.0,3.0,1.0,0.75,0.25,0.25,0.003868472,0.000967118,0,0,0,0,0
5086,-1,0,-0.10551149,0.47364655,0,1,unassigned,14.0,14.0,0.0,1.0,0.0,0.0,0.023210831,0.0,0,0,0,0,0
5087,-1,0,3.2587602,0.9629866,1,1,unassigned,2.0,1.0,1.0,0.5,0.5,0.5,0.0,0.0,0,0,0,1,1
5088,0,0,-0.90423524,0.28818092,0,0,unassigned,51.0,50.0,1.0,0.98039216,0.019607844,0.019607842,0.09477756,0.0018583836,0,0,1,0,0
5089,-1,0,-0.79690987,0.31068692,0,1,unassigned,26.0,26.0,0.0,1.0,0.0,0.0,0.046421662,0.0,0,0,0,0,0
5090,-1,0,-0.8679505,0.29568094,0,1,unassigned,61.0,61.0,0.0,1.0,0.0,0.0,0.114119925,0.0,0,0,0,0,0
5091,-1,0,-0.48740965,0.380504,0,1,unassigned,48.0,45.0,3.0,0.9375,0.0625,0.0625,0.088974856,0.0055609285,0,0,0,0,0
5092,-1,0,-0.36320055,0.41018498,0,1,unassigned,5.0,5.0,0.0,1.0,0.0,0.0,0.0058027077,0.0,0,0,0,0,0
5093,1,1,-0.3181507,0.4211265,0,1,val,9.0,9.0,0.0,1.0,0.0,0.0,0.013539651,0.0,1,0,0,0,0
5094,-1,0,-0.7138717,0.3287439,0,1,unassigned,35.0,35.0,0.0,1.0,0.0,0.0,0.06382979,0.0,0,0,0,0,0
5095,-1,0,0.20566052,0.5512347,1,1,unassigned,4.0,4.0,0.0,1.0,0.0,0.0,0.003868472,0.0,0,0,0,1,0
5096,-1,0,-0.8070145,0.30852705,0,1,unassigned,37.0,34.0,3.0,0.9189189,0.08108108,0.08108109,0.06769826,0.005489048,0,0,0,0,0
5097,1,1,6.994165,0.99908364,1,0,test,6.0,5.0,1.0,0.8333333,0.16666667,0.16666669,0.007736944,0.0012894907,1,0,1,1,1
5098,1,0,1.1923945,0.767169,1,0,unassigned,9.0,9.0,0.0,1.0,0.0,0.0,0.013539651,0.0,0,0,1,1,0
5099,-1,1,1.9627907,0.8768347,1,1,unassigned,2.0,2.0,0.0,1.0,0.0,0.0,0.0,0.0,1,0,0,1,0
5100,-1,1,8.510661,0.9997987,1,1,unassigned,11.0,11.0,0.0,1.0,0.0,0.0,0.017408123,0.0,1,0,0,1,1
5101,-1,0,1.6656559,0.8409957,1,1,unassigned,34.0,34.0,0.0,1.0,0.0,0.0,0.061895553,0.0,0,0,0,1,0
5102,-1,1,-1.8458657,0.13635904,0,1,unassigned,2.0,1.0,1.0,0.5,0.5,0.5,0.0,0.0,1,0,0,0,0
5103,1,1,-0.9198285,0.28499284,0,1,unassigned,3.0,3.0,0.0,1.0,0.0,0.0,0.001934236,0.0,1,0,0,0,0
5104,1,0,1.0063381,0.7323029,1,0,unassigned,8.0,8.0,0.0,1.0,0.0,0.0,0.0116054155,0.0,0,0,1,1,0
5105,-1,0,2.124089,0.8932225,1,1,unassigned,2.0,2.0,0.0,1.0,0.0,0.0,0.0,0.0,0,0,0,1,0
5106,-1,0,9.182519,0.9998971,1,1,unassigned,3.0,3.0,0.0,1.0,0.0,0.0,0.001934236,0.0,0,0,0,1,1
5107,-1,1,4.9618506,0.99304867,1,1,unassigned,3.0,3.0,0.0,1.0,0.0,0.0,0.001934236,0.0,1,0,0,1,1
5108,-1,1,0.7074978,0.669848,1,1,unassigned,11.0,10.0,1.0,0.90909094,0.09090909,0.090909064,0.017408123,0.0015825568,1,0,0,1,0
5109,-1,0,-0.0018375516,0.49954063,0,1,unassigned,5.0,5.0,0.0,1.0,0.0,0.0,0.0058027077,0.0,0,0,0,0,0
5110,-1,1,6.500505,0.99849963,1,1,unassigned,9.0,9.0,0.0,1.0,0.0,0.0,0.013539651,0.0,1,0,0,1,1
5111,-1,0,3.8661015,0.9794897,1,1,unassigned,115.0,73.0,42.0,0.6347826,0.3652174,0.3652174,0.21856867,0.07982508,0,0,0,1,1
5112,-1,0,-0.21571675,0.44627893,0,1,unassigned,3.0,2.0,1.0,0.6666667,0.33333334,0.3333333,0.001934236,0.00064474536,0,0,0,0,0
5113,-1,1,5.4239697,0.9956098,1,1,unassigned,2.0,1.0,1.0,0.5,0.5,0.5,0.0,0.0,1,0,0,1,1
5114,-1,0,-0.16234377,0.45950297,0,1,unassigned,2.0,2.0,0.0,1.0,0.0,0.0,0.0,0.0,0,0,0,0,0
5115,-1,0,0.83952504,0.69836515,1,1,unassigned,2.0,2.0,0.0,1.0,0.0,0.0,0.0,0.0,0,0,0,1,0
5116,-1,0,-0.8580159,0.29775405,0,1,unassigned,2.0,2.0,0.0,1.0,0.0,0.0,0.0,0.0,0,0,0,0,0
5117,-1,0,-0.45155874,0.38899025,0,1,unassigned,44.0,44.0,0.0,1.0,0.0,0.0,0.08123791,0.0,0,0,0,0,0
5118,-1,0,-0.060811102,0.48480186,0,1,unassigned,7.0,7.0,0.0,1.0,0.0,0.0,0.00967118,0.0,0,0,0,0,0
5119,-1,0,3.0174558,0.95335656,1,1,unassigned,10.0,10.0,0.0,1.0,0.0,0.0,0.015473888,0.0,0,0,0,1,1
5120,-1,0,-0.27258062,0.4322737,0,1,unassigned,10.0,9.0,1.0,0.9,0.1,0.100000024,0.015473888,0.0015473888,0,0,0,0,0
5121,-1,1,-0.699635,0.33189315,0,1,unassigned,5.0,5.0,0.0,1.0,0.0,0.0,0.0058027077,0.0,1,0,0,0,0
5122,-1,0,0.08410114,0.5210129,1,1,unassigned,13.0,11.0,2.0,0.84615386,0.15384616,0.15384614,0.021276595,0.0032733225,0,0,0,1,0
5123,-1,0,-0.94957215,0.27897087,0,1,unassigned,3.0,3.0,0.0,1.0,0.0,0.0,0.001934236,0.0,0,0,0,0,0
5124,-1,0,-0.2759253,0.43145302,0,1,unassigned,22.0,21.0,1.0,0.95454544,0.045454547,0.04545456,0.03868472,0.0017583964,0,0,0,0,0
5125,-1,1,1.8545182,0.8646567,1,1,unassigned,3.0,3.0,0.0,1.0,0.0,0.0,0.001934236,0.0,1,0,0,1,0
5126,-1,1,6.9129357,0.9990062,1,1,unassigned,2.0,2.0,0.0,1.0,0.0,0.0,0.0,0.0,1,0,0,1,1
5127,-1,0,-0.87430805,0.2943587,0,1,unassigned,145.0,138.0,7.0,0.9517241,0.048275862,0.048275888,0.27659574,0.013352898,0,0,0,0,0
5128,1,1,2.915646,0.9486144,1,0,unassigned,5.0,5.0,0.0,1.0,0.0,0.0,0.0058027077,0.0,1,0,1,1,1
5129,-1,1,-0.6552157,0.34181514,0,1,unassigned,12.0,4.0,8.0,0.33333334,0.6666667,0.6666666,0.01934236,0.012894906,1,0,0,0,0
5130,-1,0,-0.83488446,0.30261326,0,1,unassigned,39.0,24.0,15.0,0.61538464,0.3846154,0.38461536,0.07156673,0.027525665,0,0,0,0,0
5131,-1,0,-0.41712737,0.39720434,0,1,unassigned,3.0,3.0,0.0,1.0,0.0,0.0,0.001934236,0.0,0,0,0,0,0
5132,-1,0,0.9056788,0.7121151,1,1,unassigned,42.0,41.0,1.0,0.97619045,0.023809524,0.023809552,0.07736944,0.0018421295,0,0,0,1,0
5133,-1,1,7.4590793,0.9994242,1,1,unassigned,5.0,5.0,0.0,1.0,0.0,0.0,0.0058027077,0.0,1,0,0,1,1
5134,-1,0,-0.9373482,0.2814363,0,1,unassigned,96.0,96.0,0.0,1.0,0.0,0.0,0.18181819,0.0,0,0,0,0,0
5135,-1,0,-0.5129942,0.3744919,0,1,unassigned,134.0,130.0,4.0,0.9701493,0.029850746,0.029850721,0.25531915,0.007621467,0,0,0,0,0
5136,-1,0,-0.81848913,0.30608448,0,1,unassigned,62.0,59.0,3.0,0.9516129,0.048387095,0.04838711,0.116054155,0.0056155236,0,0,0,0,0
5137,0,1,-0.037571907,0.49060813,0,0,unassigned,9.0,8.0,1.0,0.8888889,0.11111111,0.111111104,0.013539651,0.0015044058,1,0,1,0,0
5138,-1,0,-0.9114685,0.28669944,0,1,unassigned,82.0,82.0,0.0,1.0,0.0,0.0,0.15473887,0.0,0,0,0,0,0
5139,-1,0,-0.8878733,0.29154888,0,1,unassigned,60.0,59.0,1.0,0.98333335,0.016666668,0.01666665,0.11218569,0.0018697615,0,0,0,0,0
5140,-1,0,-0.36425328,0.40993035,0,1,unassigned,45.0,45.0,0.0,1.0,0.0,0.0,0.08317215,0.0,0,0,0,0,0
5141,-1,0,0.03479868,0.5086988,1,1,unassigned,85.0,83.0,2.0,0.9764706,0.023529412,0.02352941,0.16054158,0.003777449,0,0,0,1,0
5142,-1,0,-0.52445465,0.3718112,0,1,unassigned,2.0,1.0,1.0,0.5,0.5,0.5,0.0,0.0,0,0,0,0,0
5143,-1,0,0.88214153,0.7072658,1,1,unassigned,2.0,1.0,1.0,0.5,0.5,0.5,0.0,0.0,0,0,0,1,0
5144,-1,1,5.079626,0.99381626,1,1,unassigned,6.0,5.0,1.0,0.8333333,0.16666667,0.16666669,0.007736944,0.0012894907,1,0,0,1,1
5145,-1,0,2.226993,0.9026475,1,1,unassigned,9.0,9.0,0.0,1.0,0.0,0.0,0.013539651,0.0,0,0,0,1,1
5146,-1,0,1.4068553,0.80326945,1,1,unassigned,28.0,28.0,0.0,1.0,0.0,0.0,0.050290134,0.0,0,0,0,1,0
5147,-1,0,-0.87689996,0.2938206,0,1,unassigned,160.0,160.0,0.0,1.0,0.0,0.0,0.3056093,0.0,0,0,0,0,0
5148,-1,0,3.0757673,0.95588195,1,1,unassigned,2.0,2.0,0.0,1.0,0.0,0.0,0.0,0.0,0,0,0,1,1
5149,-1,0,0.4855929,0.61906767,1,1,unassigned,134.0,134.0,0.0,1.0,0.0,0.0,0.25531915,0.0,0,0,0,1,0
5150,-1,1,-0.40917093,0.39911094,0,1,unassigned,112.0,110.0,2.0,0.98214287,0.017857144,0.017857134,0.21276596,0.0037993924,1,0,0,0,0
5151,0,0,-0.6303412,0.34743318,0,0,test,34.0,33.0,1.0,0.9705882,0.029411765,0.029411793,0.061895553,0.0018204574,0,0,1,0,0
5152,-1,0,2.1728806,0.89778763,1,1,unassigned,29.0,29.0,0.0,1.0,0.0,0.0,0.05222437,0.0,0,0,0,1,0
5153,-1,0,-0.7780402,0.31474242,0,1,unassigned,36.0,36.0,0.0,1.0,0.0,0.0,0.065764025,0.0,0,0,0,0,0
5154,-1,0,2.333102,0.9115817,1,1,unassigned,3.0,3.0,0.0,1.0,0.0,0.0,0.001934236,0.0,0,0,0,1,1
5155,0,1,1.3392198,0.7923616,1,1,unassigned,8.0,5.0,3.0,0.625,0.375,0.375,0.0116054155,0.004352031,1,0,0,1,0
5156,0,0,-0.87325203,0.29457808,0,0,test,68.0,63.0,5.0,0.9264706,0.073529415,0.07352942,0.12765957,0.009386734,0,0,1,0,0
5157,-1,0,-0.055609226,0.48610127,0,1,unassigned,10.0,10.0,0.0,1.0,0.0,0.0,0.015473888,0.0,0,0,0,0,0
5158,-1,0,-0.62880945,0.34778056,0,1,unassigned,51.0,51.0,0.0,1.0,0.0,0.0,0.09477756,0.0,0,0,0,0,0
5159,0,0,0.39670724,0.5978963,1,1,unassigned,4.0,4.0,0.0,1.0,0.0,0.0,0.003868472,0.0,0,0,0,1,0
5160,-1,0,-0.76844966,0.31681457,0,1,unassigned,78.0,78.0,0.0,1.0,0.0,0.0,0.14700194,0.0,0,0,0,0,0
5161,-1,1,3.8925574,0.98001444,1,1,unassigned,16.0,16.0,0.0,1.0,0.0,0.0,0.027079303,0.0,1,0,0,1,1
5162,-1,0,-0.7757751,0.31523114,0,1,unassigned,67.0,65.0,2.0,0.9701493,0.029850746,0.029850721,0.12572534,0.0037529953,0,0,0,0,0
5163,-1,0,-0.93467283,0.28197765,0,1,unassigned,42.0,42.0,0.0,1.0,0.0,0.0,0.07736944,0.0,0,0,0,0,0
5164,-1,0,-0.78234076,0.31381562,0,1,unassigned,44.0,43.0,1.0,0.97727275,0.022727273,0.022727251,0.08123791,0.0018463163,0,0,0,0,0
5165,-1,1,4.597736,0.9900259,1,1,unassigned,2.0,2.0,0.0,1.0,0.0,0.0,0.0,0.0,1,0,0,1,1
5166,-1,0,-0.28715664,0.4287001,0,1,unassigned,2.0,2.0,0.0,1.0,0.0,0.0,0.0,0.0,0,0,0,0,0
5167,-1,0,2.5518696,0.927699,1,1,unassigned,3.0,3.0,0.0,1.0,0.0,0.0,0.001934236,0.0,0,0,0,1,1
5168,-1,1,6.500465,0.9984995,1,1,unassigned,6.0,5.0,1.0,0.8333333,0.16666667,0.16666669,0.007736944,0.0012894907,1,0,0,1,1
5169,-1,0,8.80595,0.99985015,1,1,unassigned,10.0,7.0,3.0,0.7,0.3,0.3,0.015473888,0.0046421667,0,0,0,1,1
5170,-1,0,1.192316,0.76715505,1,1,unassigned,4.0,2.0,2.0,0.5,0.5,0.5,0.003868472,0.001934236,0,0,0,1,0
5171,-1,1,-0.8059006,0.30876476,0,1,unassigned,16.0,16.0,0.0,1.0,0.0,0.0,0.027079303,0.0,1,0,0,0,0
5172,-1,0,-1.2124178,0.22927351,0,1,unassigned,6.0,6.0,0.0,1.0,0.0,0.0,0.007736944,0.0,0,0,0,0,0
5173,-1,0,-0.71915066,0.32758003,0,1,unassigned,107.0,105.0,2.0,0.9813084,0.018691588,0.0186916,0.20309478,0.003796164,0,0,0,0,0
5174,-1,0,4.148805,0.9844619,1,1,unassigned,5.0,5.0,0.0,1.0,0.0,0.0,0.0058027077,0.0,0,0,0,1,1
5175,-1,1,2.920968,0.9488733,1,1,unassigned,4.0,4.0,0.0,1.0,0.0,0.0,0.003868472,0.0,1,0,0,1,1
5176,-1,0,-0.15423536,0.46151742,0,1,unassigned,10.0,10.0,0.0,1.0,0.0,0.0,0.015473888,0.0,0,0,0,0,0
5177,-1,0,3.7770007,0.977621,1,1,unassigned,4.0,4.0,0.0,1.0,0.0,0.0,0.003868472,0.0,0,0,0,1,1
5178,-1,0,5.211512,0.9945761,1,1,unassigned,8.0,8.0,0.0,1.0,0.0,0.0,0.0116054155,0.0,0,0,0,1,1
5179,-1,0,9.326427,0.99991095,1,1,unassigned,2.0,2.0,0.0,1.0,0.0,0.0,0.0,0.0,0,0,0,1,1
5180,-1,1,2.1703107,0.89755154,1,1,unassigned,3.0,3.0,0.0,1.0,0.0,0.0,0.001934236,0.0,1,0,0,1,0
5181,0,0,-0.50504047,0.37635687,0,0,val,39.0,36.0,3.0,0.9230769,0.07692308,0.07692307,0.07156673,0.0055051334,0,0,1,0,0
5182,1,1,2.9947095,0.9523345,1,0,unassigned,16.0,15.0,1.0,0.9375,0.0625,0.0625,0.027079303,0.0016924564,1,0,1,1,1
5183,-1,0,-0.7346841,0.32416767,0,1,unassigned,13.0,13.0,0.0,1.0,0.0,0.0,0.021276595,0.0,0,0,0,0,0
5184,-1,1,-0.013542533,0.4966144,0,1,unassigned,3.0,1.0,2.0,0.33333334,0.6666667,0.6666666,0.001934236,0.0012894907,1,0,0,0,0
5185,-1,1,1.0604591,0.74277824,1,1,unassigned,27.0,21.0,6.0,0.7777778,0.22222222,0.22222221,0.0483559,0.010745755,1,0,0,1,0
5186,-1,0,-0.45376676,0.38846558,0,1,unassigned,24.0,21.0,3.0,0.875,0.125,0.125,0.04255319,0.005319149,0,0,0,0,0
5187,-1,0,0.4617415,0.6134273,1,1,unassigned,2.0,2.0,0.0,1.0,0.0,0.0,0.0,0.0,0,0,0,1,0
5188,1,0,2.2897432,0.908024,1,0,unassigned,8.0,3.0,5.0,0.375,0.625,0.625,0.0116054155,0.0072533847,0,0,1,1,1
5189,-1,1,6.9046836,0.998998,1,1,unassigned,3.0,3.0,0.0,1.0,0.0,0.0,0.001934236,0.0,1,0,0,1,1
5190,-1,0,-0.81896186,0.30598408,0,1,unassigned,47.0,47.0,0.0,1.0,0.0,0.0,0.08704062,0.0,0,0,0,0,0
5191,-1,0,-0.92899656,0.28312832,0,1,unassigned,2.0,1.0,1.0,0.5,0.5,0.5,0.0,0.0,0,0,0,0,0
5192,-1,0,0.8423181,0.6989532,1,1,unassigned,4.0,4.0,0.0,1.0,0.0,0.0,0.003868472,0.0,0,0,0,1,0
5193,-1,1,-0.75136876,0.3205231,0,1,unassigned,17.0,17.0,0.0,1.0,0.0,0.0,0.029013539,0.0,1,0,0,0,0
5194,-1,0,0.96988446,0.7250965,1,1,unassigned,23.0,23.0,0.0,1.0,0.0,0.0,0.040618956,0.0,0,0,0,1,0
5195,-1,0,-0.36050856,0.41083643,0,1,unassigned,5.0,5.0,0.0,1.0,0.0,0.0,0.0058027077,0.0,0,0,0,0,0
5196,-1,0,-0.60678613,0.35279265,0,1,unassigned,46.0,46.0,0.0,1.0,0.0,0.0,0.08510638,0.0,0,0,0,0,0
5197,-1,0,-0.88126385,0.29291597,0,1,unassigned,36.0,36.0,0.0,1.0,0.0,0.0,0.065764025,0.0,0,0,0,0,0
5198,-1,0,7.422669,0.99940276,1,1,unassigned,5.0,5.0,0.0,1.0,0.0,0.0,0.0058027077,0.0,0,0,0,1,1
5199,-1,0,1.531383,0.8222086,1,1,unassigned,2.0,2.0,0.0,1.0,0.0,0.0,0.0,0.0,0,0,0,1,0
5200,-1,0,-0.54283875,0.36752743,0,1,unassigned,59.0,59.0,0.0,1.0,0.0,0.0,0.11025145,0.0,0,0,0,0,0
5201,-1,1,-0.40820068,0.39934364,0,1,unassigned,9.0,9.0,0.0,1.0,0.0,0.0,0.013539651,0.0,1,0,0,0,0
5202,-1,1,-0.7093065,0.32975212,0,1,unassigned,8.0,8.0,0.0,1.0,0.0,0.0,0.0116054155,0.0,1,0,0,0,0
5203,-1,1,0.36702454,0.5907398,1,1,unassigned,5.0,5.0,0.0,1.0,0.0,0.0,0.0058027077,0.0,1,0,0,1,0
5204,1,0,-0.41098773,0.3986753,0,1,test,6.0,6.0,0.0,1.0,0.0,0.0,0.007736944,0.0,0,0,0,0,0
5205,-1,0,1.4687598,0.81286883,1,1,unassigned,64.0,60.0,4.0,0.9375,0.0625,0.0625,0.11992263,0.0074951644,0,0,0,1,0
5206,-1,0,0.94203097,0.71950966,1,1,unassigned,41.0,40.0,1.0,0.9756098,0.024390243,0.02439022,0.07543521,0.001839883,0,0,0,1,0
5207,-1,0,-0.561497,0.36320117,0,1,unassigned,60.0,59.0,1.0,0.98333335,0.016666668,0.01666665,0.11218569,0.0018697615,0,0,0,0,0
5208,-1,0,-0.1972414,0.45084888,0,1,unassigned,27.0,27.0,0.0,1.0,0.0,0.0,0.0483559,0.0,0,0,0,0,0
5209,-1,0,-0.72757405,0.3257273,0,1,unassigned,203.0,202.0,1.0,0.9950739,0.0049261083,0.0049260855,0.38878143,0.0019151794,0,0,0,0,0
5210,-1,0,-0.5374772,0.36877462,0,1,unassigned,25.0,21.0,4.0,0.84,0.16,0.16000003,0.044487428,0.007117988,0,0,0,0,0
5211,0,1,-0.81405944,0.30702615,0,0,unassigned,6.0,6.0,0.0,1.0,0.0,0.0,0.007736944,0.0,1,0,1,0,0
5212,-1,0,8.206272,0.9997271,1,1,unassigned,3.0,3.0,0.0,1.0,0.0,0.0,0.001934236,0.0,0,0,0,1,1
5213,-1,1,-0.3376912,0.41637042,0,1,unassigned,15.0,13.0,2.0,0.8666667,0.13333334,0.13333333,0.025145067,0.0033526758,1,0,0,0,0
5214,-1,0,3.0621102,0.95530254,1,1,unassigned,12.0,11.0,1.0,0.9166667,0.083333336,0.08333331,0.01934236,0.0016118633,0,0,0,1,1
5215,-1,1,-0.48789483,0.38038963,0,1,unassigned,14.0,13.0,1.0,0.9285714,0.071428575,0.0714286,0.023210831,0.0016579166,1,0,0,0,0
5216,-1,1,-0.22783226,0.44328704,0,1,unassigned,8.0,5.0,3.0,0.625,0.375,0.375,0.0116054155,0.004352031,1,0,0,0,0
5217,-1,1,-0.55312717,0.36513916,0,1,unassigned,11.0,11.0,0.0,1.0,0.0,0.0,0.017408123,0.0,1,0,0,0,0
5218,-1,0,-0.52607155,0.37143362,0,1,unassigned,2.0,2.0,0.0,1.0,0.0,0.0,0.0,0.0,0,0,0,0,0
5219,0,1,-0.22320375,0.44442958,0,0,test,75.0,72.0,3.0,0.96,0.04,0.04000002,0.14119923,0.005647969,1,0,1,0,0
5220,-1,0,-0.6647518,0.339673,0,1,unassigned,59.0,58.0,1.0,0.9830508,0.016949153,0.016949177,0.11025145,0.0018686686,0,0,0,0,0
5221,-1,0,2.81268,0.9433572,1,1,unassigned,7.0,7.0,0.0,1.0,0.0,0.0,0.00967118,0.0,0,0,0,1,1
5222,-1,0,-0.3546292,0.4122603,0,1,unassigned,168.0,166.0,2.0,0.9880952,0.011904762,0.011904776,0.32108316,0.0038224186,0,0,0,0,0
5223,-1,0,-0.60960543,0.35214922,0,1,unassigned,66.0,62.0,4.0,0.93939394,0.060606062,0.060606062,0.123791106,0.0075024916,0,0,0,0,0
5224,-1,0,-0.45816532,0.38742116,0,1,unassigned,124.0,117.0,7.0,0.9435484,0.05645161,0.05645162,0.23597679,0.013321269,0,0,0,0,0
5225,-1,0,1.6520758,0.83917135,1,1,unassigned,15.0,15.0,0.0,1.0,0.0,0.0,0.025145067,0.0,0,0,0,1,0
5226,-1,1,4.017672,0.98232335,1,1,unassigned,5.0,5.0,0.0,1.0,0.0,0.0,0.0058027077,0.0,1,0,0,1,1
5227,-1,0,10.066372,0.99995756,1,1,unassigned,2.0,2.0,0.0,1.0,0.0,0.0,0.0,0.0,0,0,0,1,1
5228,-1,0,-0.110048205,0.4725157,0,1,unassigned,57.0,57.0,0.0,1.0,0.0,0.0,0.10638298,0.0,0,0,0,0,0
5229,-1,1,1.1058416,0.751353,1,1,unassigned,2.0,2.0,0.0,1.0,0.0,0.0,0.0,0.0,1,0,0,1,0
5230,-1,0,-0.7509868,0.3206063,0,1,unassigned,65.0,64.0,1.0,0.9846154,0.015384615,0.0153846145,0.12185687,0.001874721,0,0,0,0,0
5231,-1,1,6.889516,0.9989826,1,1,unassigned,4.0,3.0,1.0,0.75,0.25,0.25,0.003868472,0.000967118,1,0,0,1,1
5232,-1,0,-0.7887481,0.31243753,0,1,unassigned,97.0,96.0,1.0,0.9896907,0.010309278,0.010309279,0.18375242,0.0018943547,0,0,0,0,0
5233,0,0,-0.4999162,0.37756038,0,0,unassigned,49.0,48.0,1.0,0.97959185,0.020408163,0.020408154,0.09090909,0.0018552876,0,0,1,0,0
5234,-1,1,7.0894275,0.99916685,1,1,unassigned,13.0,11.0,2.0,0.84615386,0.15384616,0.15384614,0.021276595,0.0032733225,1,0,0,1,1
5235,-1,0,5.686395,0.9966197,1,1,unassigned,2.0,1.0,1.0,0.5,0.5,0.5,0.0,0.0,0,0,0,1,1
5236,-1,0,2.2232478,0.9023178,1,1,unassigned,2.0,2.0,0.0,1.0,0.0,0.0,0.0,0.0,0,0,0,1,1
5237,1,0,0.76709,0.6828911,1,0,unassigned,8.0,8.0,0.0,1.0,0.0,0.0,0.0116054155,0.0,0,0,1,1,0
5238,0,0,-0.14327192,0.46424314,0,0,val,7.0,7.0,0.0,1.0,0.0,0.0,0.00967118,0.0,0,0,1,0,0
5239,-1,1,0.5282945,0.62908524,1,1,unassigned,6.0,6.0,0.0,1.0,0.0,0.0,0.007736944,0.0,1,0,0,1,0
5240,-1,1,-0.70061284,0.33167636,0,1,unassigned,8.0,8.0,0.0,1.0,0.0,0.0,0.0116054155,0.0,1,0,0,0,0
5241,-1,1,0.010744333,0.502686,1,1,unassigned,11.0,11.0,0.0,1.0,0.0,0.0,0.017408123,0.0,1,0,0,1,0
5242,-1,1,-0.59941965,0.35447648,0,1,unassigned,24.0,24.0,0.0,1.0,0.0,0.0,0.04255319,0.0,1,0,0,0,0
5243,-1,0,-0.95693344,0.27749258,0,1,unassigned,24.0,24.0,0.0,1.0,0.0,0.0,0.04255319,0.0,0,0,0,0,0
5244,-1,1,1.0960553,0.74952024,1,1,unassigned,18.0,15.0,3.0,0.8333333,0.16666667,0.16666669,0.030947777,0.005157963,1,0,0,1,0
5245,-1,1,-0.77478033,0.31544593,0,1,unassigned,13.0,13.0,0.0,1.0,0.0,0.0,0.021276595,0.0,1,0,0,0,0
5246,-1,0,-0.92528164,0.28388295,0,1,unassigned,33.0,31.0,2.0,0.93939394,0.060606062,0.060606062,0.059961315,0.0036340193,0,0,0,0,0
5247,-1,0,-0.34760007,0.41396454,0,1,unassigned,22.0,22.0,0.0,1.0,0.0,0.0,0.03868472,0.0,0,0,0,0,0
5248,-1,0,0.03684163,0.50920933,1,1,unassigned,39.0,37.0,2.0,0.94871795,0.051282052,0.05128205,0.07156673,0.0036700887,0,0,0,1,0
5249,-1,0,-0.0653494,0.48366845,0,1,unassigned,33.0,33.0,0.0,1.0,0.0,0.0,0.059961315,0.0,0,0,0,0,0
5250,-1,1,-0.45579386,0.3879841,0,1,unassigned,8.0,7.0,1.0,0.875,0.125,0.125,0.0116054155,0.0014506769,1,0,0,0,0
5251,-1,0,-0.37821063,0.4065585,0,1,unassigned,134.0,132.0,2.0,0.98507464,0.014925373,0.014925361,0.25531915,0.0038107336,0,0,0,0,0
5252,0,0,-0.37017003,0.40849993,0,0,test,7.0,6.0,1.0,0.85714287,0.14285715,0.14285713,0.00967118,0.0013815971,0,0,1,0,0
5253,0,0,-0.14324579,0.46424967,0,0,test,36.0,31.0,5.0,0.8611111,0.1388889,0.1388889,0.065764025,0.009133893,0,0,1,0,0
5254,-1,0,-0.9336488,0.28218505,0,1,unassigned,3.0,3.0,0.0,1.0,0.0,0.0,0.001934236,0.0,0,0,0,0,0
5255,-1,0,-0.9075829,0.28749472,0,1,unassigned,2.0,2.0,0.0,1.0,0.0,0.0,0.0,0.0,0,0,0,0,0
5256,-1,1,3.8021233,0.9781641,1,1,unassigned,2.0,1.0,1.0,0.5,0.5,0.5,0.0,0.0,1,0,0,1,1
5257,-1,0,1.0003073,0.73111904,1,1,unassigned,9.0,9.0,0.0,1.0,0.0,0.0,0.013539651,0.0,0,0,0,1,0
5258,-1,0,-0.5536403,0.36502028,0,1,unassigned,77.0,77.0,0.0,1.0,0.0,0.0,0.14506769,0.0,0,0,0,0,0
5259,-1,0,-0.42849094,0.39448673,0,1,unassigned,5.0,5.0,0.0,1.0,0.0,0.0,0.0058027077,0.0,0,0,0,0,0
5260,-1,0,-0.6588192,0.34100494,0,1,unassigned,65.0,65.0,0.0,1.0,0.0,0.0,0.12185687,0.0,0,0,0,0,0
5261,1,0,2.076626,0.88861054,1,0,unassigned,2.0,1.0,1.0,0.5,0.5,0.5,0.0,0.0,0,0,1,1,0
5262,-1,1,2.3013723,0.9089906,1,1,unassigned,2.0,2.0,0.0,1.0,0.0,0.0,0.0,0.0,1,0,0,1,1
5263,1,0,1.9980094,0.8805879,1,0,unassigned,11.0,10.0,1.0,0.90909094,0.09090909,0.090909064,0.017408123,0.0015825568,0,0,1,1,0
5264,-1,1,1.8521011,0.8643736,1,1,unassigned,9.0,9.0,0.0,1.0,0.0,0.0,0.013539651,0.0,1,0,0,1,0
5265,-1,0,0.8091617,0.69193083,1,1,unassigned,44.0,40.0,4.0,0.90909094,0.09090909,0.090909064,0.08123791,0.007385265,0,0,0,1,0
5266,-1,0,0.24046117,0.5598273,1,1,unassigned,9.0,9.0,0.0,1.0,0.0,0.0,0.013539651,0.0,0,0,0,1,0
5267,-1,1,3.1115348,0.95736605,1,1,unassigned,6.0,6.0,0.0,1.0,0.0,0.0,0.007736944,0.0,1,0,0,1,1
5268,0,0,-0.51154727,0.37483084,0,0,val,16.0,16.0,0.0,1.0,0.0,0.0,0.027079303,0.0,0,0,1,0,0
5269,-1,0,-0.10966545,0.47261104,0,1,unassigned,55.0,54.0,1.0,0.9818182,0.018181818,0.0181818,0.102514505,0.0018639,0,0,0,0,0
5270,-1,1,5.6359835,0.9964455,1,1,unassigned,3.0,3.0,0.0,1.0,0.0,0.0,0.001934236,0.0,1,0,0,1,1
5271,-1,1,-0.20798519,0.44819033,0,1,unassigned,3.0,3.0,0.0,1.0,0.0,0.0,0.001934236,0.0,1,0,0,0,0
5272,-1,1,1.2397127,0.775514,1,1,unassigned,6.0,5.0,1.0,0.8333333,0.16666667,0.16666669,0.007736944,0.0012894907,1,0,0,1,0
5273,-1,0,-0.41117167,0.3986312,0,1,unassigned,8.0,7.0,1.0,0.875,0.125,0.125,0.0116054155,0.0014506769,0,0,0,0,0
5274,-1,0,-0.88397205,0.29235533,0,1,unassigned,23.0,19.0,4.0,0.82608694,0.17391305,0.17391306,0.040618956,0.0070641665,0,0,0,0,0
5275,-1,0,-0.44804084,0.3898267,0,1,unassigned,41.0,41.0,0.0,1.0,0.0,0.0,0.07543521,0.0,0,0,0,0,0
5276,-1,1,0.55837804,0.63607717,1,1,unassigned,6.0,4.0,2.0,0.6666667,0.33333334,0.3333333,0.007736944,0.0025789815,1,0,0,1,0
5277,0,1,-0.61931676,0.34993687,0,0,unassigned,12.0,11.0,1.0,0.9166667,0.083333336,0.08333331,0.01934236,0.0016118633,1,0,1,0,0
5278,-1,0,-0.4149687,0.39772135,0,1,unassigned,29.0,29.0,0.0,1.0,0.0,0.0,0.05222437,0.0,0,0,0,0,0
5279,-1,1,-0.36115825,0.41067925,0,1,unassigned,18.0,17.0,1.0,0.9444444,0.055555556,0.055555582,0.030947777,0.0017193209,1,0,0,0,0
5280,0,0,-0.24237576,0.43970096,0,0,val,22.0,20.0,2.0,0.90909094,0.09090909,0.090909064,0.03868472,0.0035167928,0,0,1,0,0
5281,-1,1,-0.5390747,0.36840284,0,1,unassigned,4.0,4.0,0.0,1.0,0.0,0.0,0.003868472,0.0,1,0,0,0,0
5282,0,0,-0.2462827,0.43873867,0,0,unassigned,40.0,39.0,1.0,0.975,0.025,0.024999976,0.07350097,0.0018375242,0,0,1,0,0
5283,-1,0,0.084322035,0.52106804,1,1,unassigned,2.0,2.0,0.0,1.0,0.0,0.0,0.0,0.0,0,0,0,1,0
5284,0,1,-0.31444454,0.42203027,0,0,val,2.0,1.0,1.0,0.5,0.5,0.5,0.0,0.0,1,0,1,0,0
5285,-1,0,-0.1164695,0.4709155,0,1,unassigned,56.0,54.0,2.0,0.96428573,0.035714287,0.03571427,0.10444874,0.0037303125,0,0,0,0,0
5286,-1,1,-0.85019934,0.29939103,0,1,unassigned,12.0,12.0,0.0,1.0,0.0,0.0,0.01934236,0.0,1,0,0,0,0
5287,-1,0,-0.46957123,0.38471773,0,1,unassigned,10.0,10.0,0.0,1.0,0.0,0.0,0.015473888,0.0,0,0,0,0,0
5288,-1,0,1.6266415,0.83570904,1,1,unassigned,7.0,7.0,0.0,1.0,0.0,0.0,0.00967118,0.0,0,0,0,1,0
5289,-1,0,1.9875677,0.87948555,1,1,unassigned,6.0,6.0,0.0,1.0,0.0,0.0,0.007736944,0.0,0,0,0,1,0
5290,-1,0,0.016382158,0.50409544,1,1,unassigned,10.0,10.0,0.0,1.0,0.0,0.0,0.015473888,0.0,0,0,0,1,0
5291,-1,0,-0.06517327,0.48371243,0,1,unassigned,28.0,28.0,0.0,1.0,0.0,0.0,0.050290134,0.0,0,0,0,0,0
5292,-1,1,-0.71668416,0.32812357,0,1,unassigned,5.0,5.0,0.0,1.0,0.0,0.0,0.0058027077,0.0,1,0,0,0,0
5293,0,0,0.7663258,0.68272555,1,1,val,17.0,17.0,0.0,1.0,0.0,0.0,0.029013539,0.0,0,0,0,1,0
5294,-1,1,-0.45095068,0.38913476,0,1,unassigned,11.0,11.0,0.0,1.0,0.0,0.0,0.017408123,0.0,1,0,0,0,0
5295,-1,0,8.462485,0.9997888,1,1,unassigned,21.0,21.0,0.0,1.0,0.0,0.0,0.036750484,0.0,0,0,0,1,1
5296,-1,0,0.014490843,0.50362265,1,1,unassigned,38.0,30.0,8.0,0.7894737,0.21052632,0.21052629,0.06963249,0.014659473,0,0,0,1,0
5297,-1,0,0.0039296746,0.5009824,1,1,unassigned,15.0,15.0,0.0,1.0,0.0,0.0,0.025145067,0.0,0,0,0,1,0
5298,-1,0,0.81545776,0.69327134,1,1,unassigned,2.0,2.0,0.0,1.0,0.0,0.0,0.0,0.0,0,0,0,1,0
5299,1,0,-0.52266157,0.37223005,0,1,val,75.0,75.0,0.0,1.0,0.0,0.0,0.14119923,0.0,0,0,0,0,0
5300,0,0,0.25690538,0.5638754,1,1,train,56.0,55.0,1.0,0.98214287,0.017857144,0.017857134,0.10444874,0.0018651562,0,0,0,1,0
5301,-1,1,14.608028,0.9999995,1,1,unassigned,2.0,2.0,0.0,1.0,0.0,0.0,0.0,0.0,1,0,0,1,1
5302,-1,0,-0.5211569,0.37258175,0,1,unassigned,47.0,47.0,0.0,1.0,0.0,0.0,0.08704062,0.0,0,0,0,0,0
5303,-1,0,1.7651379,0.853852,1,1,unassigned,8.0,7.0,1.0,0.875,0.125,0.125,0.0116054155,0.0014506769,0,0,0,1,0
5304,0,0,2.186208,0.89900416,1,1,unassigned,5.0,5.0,0.0,1.0,0.0,0.0,0.0058027077,0.0,0,0,0,1,0
5305,-1,1,0.28589815,0.57099164,1,1,unassigned,9.0,8.0,1.0,0.8888889,0.11111111,0.111111104,0.013539651,0.0015044058,1,0,0,1,0
5306,-1,1,1.7762787,0.85523677,1,1,unassigned,3.0,3.0,0.0,1.0,0.0,0.0,0.001934236,0.0,1,0,0,1,0
5307,-1,1,-0.7790852,0.31451708,0,1,unassigned,18.0,15.0,3.0,0.8333333,0.16666667,0.16666669,0.030947777,0.005157963,1,0,0,0,0
5308,-1,0,-0.24638766,0.4387128,0,1,unassigned,27.0,26.0,1.0,0.962963,0.037037037,0.037037015,0.0483559,0.0017909593,0,0,0,0,0
5309,-1,0,-0.50018275,0.37749773,0,1,unassigned,47.0,36.0,11.0,0.7659575,0.23404256,0.23404253,0.08704062,0.020371208,0,0,0,0,0
5310,-1,1,0.1918723,0.54782146,1,1,unassigned,31.0,30.0,1.0,0.9677419,0.032258064,0.032258093,0.056092843,0.0018094465,1,0,0,1,0
5311,-1,1,4.7960057,0.9918051,1,1,unassigned,9.0,9.0,0.0,1.0,0.0,0.0,0.013539651,0.0,1,0,0,1,1
5312,-1,1,-0.4324785,0.39353463,0,1,unassigned,14.0,14.0,0.0,1.0,0.0,0.0,0.023210831,0.0,1,0,0,0,0
5313,-1,0,-0.8306712,0.3035032,0,1,unassigned,19.0,19.0,0.0,1.0,0.0,0.0,0.032882012,0.0,0,0,0,0,0
5314,-1,0,11.295138,0.9999876,1,1,unassigned,2.0,2.0,0.0,1.0,0.0,0.0,0.0,0.0,0,0,0,1,1
5315,-1,1,-0.7628137,0.3180357,0,1,unassigned,20.0,16.0,4.0,0.8,0.2,0.19999999,0.034816246,0.0069632493,1,0,0,0,0
5316,-1,0,0.5818592,0.6414951,1,1,unassigned,16.0,16.0,0.0,1.0,0.0,0.0,0.027079303,0.0,0,0,0,1,0
5317,-1,0,6.27772,0.99812585,1,1,unassigned,13.0,13.0,0.0,1.0,0.0,0.0,0.021276595,0.0,0,0,0,1,1
5318,-1,0,-0.6298781,0.34753817,0,1,unassigned,127.0,126.0,1.0,0.992126,0.007874016,0.007874012,0.24177949,0.0019037755,0,0,0,0,0
5319,-1,0,3.5445101,0.97192806,1,1,unassigned,2.0,2.0,0.0,1.0,0.0,0.0,0.0,0.0,0,0,0,1,1
5320,-1,0,19.851624,1.0,1,1,unassigned,2.0,1.0,1.0,0.5,0.5,0.5,0.0,0.0,0,0,0,1,1
5321,-1,1,6.3220577,0.998207,1,1,unassigned,15.0,14.0,1.0,0.93333334,0.06666667,0.06666666,0.025145067,0.0016763379,1,0,0,1,1
5322,1,1,5.5597425,0.99616504,1,0,test,12.0,12.0,0.0,1.0,0.0,0.0,0.01934236,0.0,1,0,1,1,1
5323,-1,1,5.433745,0.99565226,1,1,unassigned,20.0,19.0,1.0,0.95,0.05,0.050000012,0.034816246,0.0017408123,1,0,0,1,1
5324,-1,0,-0.8349594,0.30259743,0,1,unassigned,38.0,35.0,3.0,0.92105263,0.078947365,0.078947365,0.06963249,0.005497302,0,0,0,0,0
5325,-1,0,0.3531435,0.58737963,1,1,unassigned,4.0,4.0,0.0,1.0,0.0,0.0,0.003868472,0.0,0,0,0,1,0
5326,-1,1,1.7708514,0.8545635,1,1,unassigned,12.0,12.0,0.0,1.0,0.0,0.0,0.01934236,0.0,1,0,0,1,0
5327,-1,1,-0.85159016,0.2990994,0,1,unassigned,10.0,9.0,1.0,0.9,0.1,0.100000024,0.015473888,0.0015473888,1,0,0,0,0
5328,-1,0,3.199614,0.9608198,1,1,unassigned,9.0,8.0,1.0,0.8888889,0.11111111,0.111111104,0.013539651,0.0015044058,0,0,0,1,1
5329,-1,0,0.16963685,0.5423078,1,1,unassigned,38.0,38.0,0.0,1.0,0.0,0.0,0.06963249,0.0,0,0,0,1,0
5330,-1,1,4.181438,0.9849533,1,1,unassigned,55.0,42.0,13.0,0.76363635,0.23636363,0.23636365,0.102514505,0.024230702,1,0,0,1,1
5331,-1,1,1.1592839,0.7612025,1,1,unassigned,14.0,12.0,2.0,0.85714287,0.14285715,0.14285713,0.023210831,0.0033158332,1,0,0,1,0
5332,-1,0,0.3032636,0.57524014,1,1,unassigned,22.0,22.0,0.0,1.0,0.0,0.0,0.03868472,0.0,0,0,0,1,0
5333,-1,0,2.6907613,0.93647933,1,1,unassigned,3.0,3.0,0.0,1.0,0.0,0.0,0.001934236,0.0,0,0,0,1,1
5334,-1,0,-0.5405311,0.36806405,0,1,unassigned,24.0,24.0,0.0,1.0,0.0,0.0,0.04255319,0.0,0,0,0,0,0
5335,0,0,0.013119042,0.50327975,1,1,test,40.0,39.0,1.0,0.975,0.025,0.024999976,0.07350097,0.0018375242,0,0,0,1,0
5336,-1,0,-0.43581873,0.39273775,0,1,unassigned,89.0,88.0,1.0,0.98876405,0.011235955,0.011235952,0.16827853,0.00189077,0,0,0,0,0
5337,-1,0,0.121260345,0.530278,1,1,unassigned,13.0,12.0,1.0,0.9230769,0.07692308,0.07692307,0.021276595,0.0016366612,0,0,0,1,0
5338,-1,0,0.5343347,0.6304935,1,1,unassigned,7.0,7.0,0.0,1.0,0.0,0.0,0.00967118,0.0,0,0,0,1,0
5339,-1,0,0.3078484,0.57636,1,1,unassigned,11.0,11.0,0.0,1.0,0.0,0.0,0.017408123,0.0,0,0,0,1,0
5340,-1,0,2.1895752,0.8993094,1,1,unassigned,7.0,7.0,0.0,1.0,0.0,0.0,0.00967118,0.0,0,0,0,1,0
5341,-1,0,-0.1299465,0.46755907,0,1,unassigned,12.0,12.0,0.0,1.0,0.0,0.0,0.01934236,0.0,0,0,0,0,0
5342,-1,1,0.054991722,0.5137445,1,1,unassigned,37.0,35.0,2.0,0.9459459,0.054054055,0.05405408,0.06769826,0.0036593657,1,0,0,1,0
5343,-1,0,0.26148796,0.565002,1,1,unassigned,21.0,21.0,0.0,1.0,0.0,0.0,0.036750484,0.0,0,0,0,1,0
5344,0,0,-0.15705824,0.46081597,0,0,train,28.0,28.0,0.0,1.0,0.0,0.0,0.050290134,0.0,0,0,1,0,0
5345,0,0,-0.5361638,0.36908045,0,0,train,41.0,40.0,1.0,0.9756098,0.024390243,0.02439022,0.07543521,0.001839883,0,0,1,0,0
5346,-1,1,-0.4678765,0.385119,0,1,unassigned,17.0,17.0,0.0,1.0,0.0,0.0,0.029013539,0.0,1,0,0,0,0
5347,-1,1,-0.10962975,0.47262,0,1,unassigned,4.0,4.0,0.0,1.0,0.0,0.0,0.003868472,0.0,1,0,0,0,0
5348,-1,0,12.325146,0.9999956,1,1,unassigned,2.0,2.0,0.0,1.0,0.0,0.0,0.0,0.0,0,0,0,1,1
5349,-1,1,-0.16863877,0.45793995,0,1,unassigned,5.0,5.0,0.0,1.0,0.0,0.0,0.0058027077,0.0,1,0,0,0,0
5350,-1,0,0.96794707,0.7247101,1,1,unassigned,21.0,20.0,1.0,0.95238096,0.04761905,0.047619045,0.036750484,0.0017500231,0,0,0,1,0
5351,-1,0,0.28457958,0.5706686,1,1,unassigned,2.0,1.0,1.0,0.5,0.5,0.5,0.0,0.0,0,0,0,1,0
5352,-1,1,5.800184,0.99698216,1,1,unassigned,2.0,2.0,0.0,1.0,0.0,0.0,0.0,0.0,1,0,0,1,1
5353,-1,0,0.09637576,0.52407527,1,1,unassigned,12.0,12.0,0.0,1.0,0.0,0.0,0.01934236,0.0,0,0,0,1,0
5354,0,0,-0.29746294,0.42617783,0,0,val,6.0,6.0,0.0,1.0,0.0,0.0,0.007736944,0.0,0,0,1,0,0
5355,-1,0,2.6079094,0.93136895,1,1,unassigned,4.0,4.0,0.0,1.0,0.0,0.0,0.003868472,0.0,0,0,0,1,1
5356,0,0,-0.4132223,0.39813972,0,0,unassigned,44.0,44.0,0.0,1.0,0.0,0.0,0.08123791,0.0,0,0,1,0,0
5357,-1,0,-0.39632213,0.4021963,0,1,unassigned,12.0,12.0,0.0,1.0,0.0,0.0,0.01934236,0.0,0,0,0,0,0
5358,-1,0,-0.5542664,0.36487514,0,1,unassigned,7.0,7.0,0.0,1.0,0.0,0.0,0.00967118,0.0,0,0,0,0,0
5359,-1,0,-0.025449514,0.49363795,0,1,unassigned,3.0,3.0,0.0,1.0,0.0,0.0,0.001934236,0.0,0,0,0,0,0
5360,-1,1,1.8803465,0.8676509,1,1,unassigned,4.0,3.0,1.0,0.75,0.25,0.25,0.003868472,0.000967118,1,0,0,1,0
5361,0,0,0.19794077,0.5493243,1,1,unassigned,19.0,19.0,0.0,1.0,0.0,0.0,0.032882012,0.0,0,0,0,1,0
5362,-1,0,3.6000755,0.97340494,1,1,unassigned,3.0,2.0,1.0,0.6666667,0.33333334,0.3333333,0.001934236,0.00064474536,0,0,0,1,1
5363,-1,0,-0.85804,0.297749,0,1,unassigned,80.0,78.0,2.0,0.975,0.025,0.024999976,0.15087041,0.0037717603,0,0,0,0,0
5364,-1,0,7.0718675,0.99915206,1,1,unassigned,4.0,3.0,1.0,0.75,0.25,0.25,0.003868472,0.000967118,0,0,0,1,1
5365,-1,1,0.9664214,0.72440565,1,1,unassigned,18.0,18.0,0.0,1.0,0.0,0.0,0.030947777,0.0,1,0,0,1,0
5366,-1,1,1.8466678,0.8637353,1,1,unassigned,19.0,19.0,0.0,1.0,0.0,0.0,0.032882012,0.0,1,0,0,1,0
5367,1,1,5.6583276,0.9965238,1,0,val,7.0,7.0,0.0,1.0,0.0,0.0,0.00967118,0.0,1,0,1,1,1
5368,1,0,4.565432,0.98970175,1,0,unassigned,2.0,2.0,0.0,1.0,0.0,0.0,0.0,0.0,0,0,1,1,1
5369,-1,0,2.069042,0.88785756,1,1,unassigned,3.0,3.0,0.0,1.0,0.0,0.0,0.001934236,0.0,0,0,0,1,0
5370,1,1,-0.5113061,0.3748874,0,1,unassigned,32.0,32.0,0.0,1.0,0.0,0.0,0.058027077,0.0,1,0,0,0,0
5371,-1,0,-0.5354163,0.3692545,0,1,unassigned,17.0,17.0,0.0,1.0,0.0,0.0,0.029013539,0.0,0,0,0,0,0
5372,-1,0,-0.12806189,0.4680282,0,1,unassigned,3.0,3.0,0.0,1.0,0.0,0.0,0.001934236,0.0,0,0,0,0,0
5373,-1,0,3.2889445,0.9640476,1,1,unassigned,6.0,5.0,1.0,0.8333333,0.16666667,0.16666669,0.007736944,0.0012894907,0,0,0,1,1
5374,-1,0,-0.591846,0.35621142,0,1,unassigned,2.0,2.0,0.0,1.0,0.0,0.0,0.0,0.0,0,0,0,0,0
5375,-1,1,-0.21901494,0.44546413,0,1,unassigned,9.0,9.0,0.0,1.0,0.0,0.0,0.013539651,0.0,1,0,0,0,0
5376,-1,1,1.7916307,0.85712713,1,1,unassigned,8.0,5.0,3.0,0.625,0.375,0.375,0.0116054155,0.004352031,1,0,0,1,0
5377,-1,1,4.648127,0.99051136,1,1,unassigned,5.0,4.0,1.0,0.8,0.2,0.19999999,0.0058027077,0.0011605415,1,0,0,1,1
5378,-1,0,-0.3105811,0.4229729,0,1,unassigned,10.0,10.0,0.0,1.0,0.0,0.0,0.015473888,0.0,0,0,0,0,0
5379,-1,1,4.1703477,0.98478806,1,1,unassigned,4.0,4.0,0.0,1.0,0.0,0.0,0.003868472,0.0,1,0,0,1,1
5380,-1,0,-0.5638351,0.36266056,0,1,unassigned,2.0,2.0,0.0,1.0,0.0,0.0,0.0,0.0,0,0,0,0,0
5381,-1,0,3.577422,0.9728122,1,1,unassigned,2.0,2.0,0.0,1.0,0.0,0.0,0.0,0.0,0,0,0,1,1
5382,-1,1,5.0218863,0.9934511,1,1,unassigned,4.0,3.0,1.0,0.75,0.25,0.25,0.003868472,0.000967118,1,0,0,1,1
5383,-1,1,1.2361739,0.77489734,1,1,unassigned,2.0,2.0,0.0,1.0,0.0,0.0,0.0,0.0,1,0,0,1,0
5384,-1,0,19.733974,1.0,1,1,unassigned,4.0,2.0,2.0,0.5,0.5,0.5,0.003868472,0.001934236,0,0,0,1,1
5385,-1,1,7.703675,0.999549,1,1,unassigned,38.0,32.0,6.0,0.84210527,0.15789473,0.15789473,0.06963249,0.010994604,1,0,0,1,1
5386,-1,0,4.317825,0.9868465,1,1,unassigned,3.0,3.0,0.0,1.0,0.0,0.0,0.001934236,0.0,0,0,0,1,1
5387,0,0,-0.934144,0.28208473,0,0,val,34.0,34.0,0.0,1.0,0.0,0.0,0.061895553,0.0,0,0,1,0,0
5388,-1,0,-0.81694144,0.3064133,0,1,unassigned,52.0,50.0,2.0,0.96153843,0.03846154,0.038461566,0.0967118,0.0037196847,0,0,0,0,0
5389,-1,0,-0.7558776,0.31954193,0,1,unassigned,37.0,37.0,0.0,1.0,0.0,0.0,0.06769826,0.0,0,0,0,0,0
5390,-1,0,-0.8915272,0.29079476,0,1,unassigned,53.0,50.0,3.0,0.9433962,0.056603774,0.05660379,0.09864604,0.005583738,0,0,0,0,0
5391,-1,0,-0.29337025,0.427179,0,1,unassigned,24.0,19.0,5.0,0.7916667,0.20833333,0.20833331,0.04255319,0.0088652475,0,0,0,0,0
5392,-1,0,1.9838502,0.87909096,1,1,unassigned,8.0,8.0,0.0,1.0,0.0,0.0,0.0116054155,0.0,0,0,0,1,0
5393,-1,0,-0.6410187,0.3450163,0,1,unassigned,34.0,34.0,0.0,1.0,0.0,0.0,0.061895553,0.0,0,0,0,0,0
5394,-1,1,4.233747,0.9857092,1,1,unassigned,19.0,18.0,1.0,0.94736844,0.05263158,0.052631557,0.032882012,0.0017306323,1,0,0,1,1
5395,-1,0,0.75687283,0.6806744,1,1,unassigned,4.0,4.0,0.0,1.0,0.0,0.0,0.003868472,0.0,0,0,0,1,0
5396,-1,0,-0.8438474,0.3007251,0,1,unassigned,94.0,92.0,2.0,0.9787234,0.021276595,0.021276593,0.17794971,0.0037861639,0,0,0,0,0
5397,-1,0,-0.8238002,0.3049576,0,1,unassigned,43.0,38.0,5.0,0.88372093,0.11627907,0.116279066,0.079303674,0.009221357,0,0,0,0,0
5398,-1,0,-0.90519243,0.28798464,0,1,unassigned,58.0,57.0,1.0,0.98275864,0.01724138,0.017241359,0.10831721,0.0018675381,0,0,0,0,0
5399,-1,1,-0.7434067,0.32225963,0,1,unassigned,10.0,10.0,0.0,1.0,0.0,0.0,0.015473888,0.0,1,0,0,0,0
5400,-1,0,3.5448673,0.9719377,1,1,unassigned,8.0,8.0,0.0,1.0,0.0,0.0,0.0116054155,0.0,0,0,0,1,1
5401,-1,1,6.962336,0.999054,1,1,unassigned,2.0,2.0,0.0,1.0,0.0,0.0,0.0,0.0,1,0,0,1,1
5402,-1,1,5.8167124,0.99703145,1,1,unassigned,5.0,5.0,0.0,1.0,0.0,0.0,0.0058027077,0.0,1,0,0,1,1
5403,-1,1,5.931671,0.99735296,1,1,unassigned,5.0,5.0,0.0,1.0,0.0,0.0,0.0058027077,0.0,1,0,0,1,1
5404,1,1,4.385343,0.98769474,1,0,unassigned,3.0,3.0,0.0,1.0,0.0,0.0,0.001934236,0.0,1,0,1,1,1
5405,-1,0,-0.37033078,0.4084611,0,1,unassigned,8.0,8.0,0.0,1.0,0.0,0.0,0.0116054155,0.0,0,0,0,0,0
5406,0,0,-0.8881609,0.2914895,0,0,unassigned,25.0,24.0,1.0,0.96,0.04,0.04000002,0.044487428,0.001779497,0,0,1,0,0
5407,-1,0,0.15534168,0.5387575,1,1,unassigned,2.0,2.0,0.0,1.0,0.0,0.0,0.0,0.0,0,0,0,1,0
5408,-1,0,-0.7071725,0.33022392,0,1,unassigned,49.0,49.0,0.0,1.0,0.0,0.0,0.09090909,0.0,0,0,0,0,0
5409,-1,0,-0.4871617,0.38056242,0,1,unassigned,24.0,24.0,0.0,1.0,0.0,0.0,0.04255319,0.0,0,0,0,0,0
5410,0,1,0.59046894,0.64347273,1,1,test,3.0,3.0,0.0,1.0,0.0,0.0,0.001934236,0.0,1,0,0,1,0
5411,-1,0,-0.15292284,0.4618436,0,1,unassigned,18.0,18.0,0.0,1.0,0.0,0.0,0.030947777,0.0,0,0,0,0,0
5412,-1,0,-0.35449252,0.41229343,0,1,unassigned,48.0,48.0,0.0,1.0,0.0,0.0,0.088974856,0.0,0,0,0,0,0
5413,-1,0,-0.46788532,0.38511688,0,1,unassigned,62.0,7.0,55.0,0.11290322,0.88709676,0.88709676,0.116054155,0.102951266,0,0,0,0,0
5414,-1,0,0.13178867,0.5328995,1,1,unassigned,27.0,27.0,0.0,1.0,0.0,0.0,0.0483559,0.0,0,0,0,1,0
5415,-1,0,1.6102273,0.8334429,1,1,unassigned,8.0,8.0,0.0,1.0,0.0,0.0,0.0116054155,0.0,0,0,0,1,0
5416,0,0,0.16061765,0.5400683,1,1,test,18.0,18.0,0.0,1.0,0.0,0.0,0.030947777,0.0,0,0,0,1,0
5417,-1,0,-0.24196833,0.43980134,0,1,unassigned,32.0,32.0,0.0,1.0,0.0,0.0,0.058027077,0.0,0,0,0,0,0
5418,-1,0,-0.45796242,0.3874693,0,1,unassigned,7.0,7.0,0.0,1.0,0.0,0.0,0.00967118,0.0,0,0,0,0,0
5419,-1,0,1.2324817,0.77425265,1,1,unassigned,11.0,11.0,0.0,1.0,0.0,0.0,0.017408123,0.0,0,0,0,1,0
5420,-1,0,-0.39888728,0.4015797,0,1,unassigned,46.0,46.0,0.0,1.0,0.0,0.0,0.08510638,0.0,0,0,0,0,0
5421,-1,0,8.069732,0.9996872,1,1,unassigned,5.0,2.0,3.0,0.4,0.6,0.6,0.0058027077,0.0034816249,0,0,0,1,1
5422,-1,0,0.9534554,0.72180957,1,1,unassigned,2.0,2.0,0.0,1.0,0.0,0.0,0.0,0.0,0,0,0,1,0
5423,1,1,-0.37531424,0.40725756,0,1,unassigned,3.0,3.0,0.0,1.0,0.0,0.0,0.001934236,0.0,1,0,0,0,0
5424,-1,0,6.5891366,0.9986267,1,1,unassigned,3.0,3.0,0.0,1.0,0.0,0.0,0.001934236,0.0,0,0,0,1,1
5425,-1,0,2.5164196,0.9252849,1,1,unassigned,4.0,4.0,0.0,1.0,0.0,0.0,0.003868472,0.0,0,0,0,1,1
5426,0,0,-0.043718696,0.48907205,0,0,test,37.0,37.0,0.0,1.0,0.0,0.0,0.06769826,0.0,0,0,1,0,0
5427,-1,1,-0.11095348,0.47229004,0,1,unassigned,2.0,2.0,0.0,1.0,0.0,0.0,0.0,0.0,1,0,0,0,0
5428,-1,0,8.695782,0.99983275,1,1,unassigned,3.0,3.0,0.0,1.0,0.0,0.0,0.001934236,0.0,0,0,0,1,1
5429,-1,1,0.8478914,0.7001247,1,1,unassigned,4.0,4.0,0.0,1.0,0.0,0.0,0.003868472,0.0,1,0,0,1,0
5430,-1,0,-0.33324432,0.41745144,0,1,unassigned,2.0,2.0,0.0,1.0,0.0,0.0,0.0,0.0,0,0,0,0,0
5431,-1,0,1.0328634,0.7374707,1,1,unassigned,4.0,4.0,0.0,1.0,0.0,0.0,0.003868472,0.0,0,0,0,1,0
5432,-1,0,0.7867188,0.6871264,1,1,unassigned,39.0,39.0,0.0,1.0,0.0,0.0,0.07156673,0.0,0,0,0,1,0
5433,0,0,1.3589416,0.7955876,1,1,test,3.0,3.0,0.0,1.0,0.0,0.0,0.001934236,0.0,0,0,0,1,0
5434,-1,0,2.0065687,0.881485,1,1,unassigned,7.0,7.0,0.0,1.0,0.0,0.0,0.00967118,0.0,0,0,0,1,0
5435,-1,0,0.8648856,0.7036804,1,1,unassigned,3.0,3.0,0.0,1.0,0.0,0.0,0.001934236,0.0,0,0,0,1,0
5436,0,0,-0.3031119,0.42479694,0,0,test,9.0,8.0,1.0,0.8888889,0.11111111,0.111111104,0.013539651,0.0015044058,0,0,1,0,0
5437,-1,0,3.4354584,0.9687946,1,1,unassigned,6.0,5.0,1.0,0.8333333,0.16666667,0.16666669,0.007736944,0.0012894907,0,0,0,1,1
5438,-1,0,-0.3770072,0.40684894,0,1,unassigned,2.0,1.0,1.0,0.5,0.5,0.5,0.0,0.0,0,0,0,0,0
5439,-1,1,-0.40064636,0.40115705,0,1,unassigned,44.0,41.0,3.0,0.9318182,0.06818182,0.06818181,0.08123791,0.005538949,1,0,0,0,0
5440,-1,0,-0.482944,0.3815572,0,1,unassigned,2.0,2.0,0.0,1.0,0.0,0.0,0.0,0.0,0,0,0,0,0
5441,-1,0,1.8666275,0.8660675,1,1,unassigned,12.0,12.0,0.0,1.0,0.0,0.0,0.01934236,0.0,0,0,0,1,0
5442,-1,0,7.282643,0.9993131,1,1,unassigned,2.0,2.0,0.0,1.0,0.0,0.0,0.0,0.0,0,0,0,1,1
5443,-1,0,10.158396,0.99996126,1,1,unassigned,3.0,3.0,0.0,1.0,0.0,0.0,0.001934236,0.0,0,0,0,1,1
5444,-1,0,7.2294755,0.9992756,1,1,unassigned,3.0,3.0,0.0,1.0,0.0,0.0,0.001934236,0.0,0,0,0,1,1
5445,-1,0,-0.35911036,0.41117492,0,1,unassigned,5.0,5.0,0.0,1.0,0.0,0.0,0.0058027077,0.0,0,0,0,0,0
5446,-1,0,10.2597475,0.99996495,1,1,unassigned,2.0,2.0,0.0,1.0,0.0,0.0,0.0,0.0,0,0,0,1,1
5447,-1,0,3.8708313,0.97958446,1,1,unassigned,10.0,8.0,2.0,0.8,0.2,0.19999999,0.015473888,0.0030947777,0,0,0,1,1
5448,-1,0,-0.4679005,0.38511327,0,1,unassigned,19.0,18.0,1.0,0.94736844,0.05263158,0.052631557,0.032882012,0.0017306323,0,0,0,0,0
5449,-1,0,8.737422,0.99983954,1,1,unassigned,4.0,4.0,0.0,1.0,0.0,0.0,0.003868472,0.0,0,0,0,1,1
5450,-1,1,3.6029356,0.9734789,1,1,unassigned,6.0,4.0,2.0,0.6666667,0.33333334,0.3333333,0.007736944,0.0025789815,1,0,0,1,1
5451,-1,1,5.4833026,0.9958616,1,1,unassigned,6.0,6.0,0.0,1.0,0.0,0.0,0.007736944,0.0,1,0,0,1,1
5452,-1,0,2.0385973,0.88479036,1,1,unassigned,4.0,4.0,0.0,1.0,0.0,0.0,0.003868472,0.0,0,0,0,1,0
5453,-1,0,-0.24312085,0.4395174,0,1,unassigned,41.0,38.0,3.0,0.9268293,0.07317073,0.07317072,0.07543521,0.005519649,0,0,0,0,0
5454,-1,0,-0.88718027,0.29169205,0,1,unassigned,18.0,18.0,0.0,1.0,0.0,0.0,0.030947777,0.0,0,0,0,0,0
5455,-1,0,-0.87076926,0.29509425,0,1,unassigned,74.0,74.0,0.0,1.0,0.0,0.0,0.13926499,0.0,0,0,0,0,0
5456,-1,0,-0.82694286,0.30429187,0,1,unassigned,31.0,31.0,0.0,1.0,0.0,0.0,0.056092843,0.0,0,0,0,0,0
5457,0,0,-0.60758555,0.35261017,0,0,test,49.0,49.0,0.0,1.0,0.0,0.0,0.09090909,0.0,0,0,1,0,0
5458,-1,0,-0.7605708,0.31852236,0,1,unassigned,10.0,8.0,2.0,0.8,0.2,0.19999999,0.015473888,0.0030947777,0,0,0,0,0
5459,0,0,-0.785733,0.31308562,0,0,val,30.0,30.0,0.0,1.0,0.0,0.0,0.054158606,0.0,0,0,1,0,0
5460,-1,1,-0.3972308,0.40197784,0,1,unassigned,8.0,7.0,1.0,0.875,0.125,0.125,0.0116054155,0.0014506769,1,0,0,0,0
5461,-1,1,8.785144,0.99984705,1,1,unassigned,15.0,9.0,6.0,0.6,0.4,0.39999998,0.025145067,0.010058027,1,0,0,1,1
5462,-1,0,-0.8930484,0.29048115,0,1,unassigned,39.0,39.0,0.0,1.0,0.0,0.0,0.07156673,0.0,0,0,0,0,0
5463,-1,0,5.365282,0.99534565,1,1,unassigned,2.0,2.0,0.0,1.0,0.0,0.0,0.0,0.0,0,0,0,1,1
5464,-1,0,7.1683974,0.99923,1,1,unassigned,3.0,2.0,1.0,0.6666667,0.33333334,0.3333333,0.001934236,0.00064474536,0,0,0,1,1
5465,-1,1,-0.8349195,0.30260587,0,1,unassigned,4.0,4.0,0.0,1.0,0.0,0.0,0.003868472,0.0,1,0,0,0,0
5466,-1,1,3.1674974,0.95959264,1,1,unassigned,6.0,5.0,1.0,0.8333333,0.16666667,0.16666669,0.007736944,0.0012894907,1,0,0,1,1
5467,-1,0,9.704996,0.99993896,1,1,unassigned,2.0,2.0,0.0,1.0,0.0,0.0,0.0,0.0,0,0,0,1,1
5468,-1,0,0.8008869,0.69016415,1,1,unassigned,26.0,25.0,1.0,0.96153843,0.03846154,0.038461566,0.046421662,0.0017854486,0,0,0,1,0
5469,-1,0,1.9923749,0.8799942,1,1,unassigned,4.0,4.0,0.0,1.0,0.0,0.0,0.003868472,0.0,0,0,0,1,0
5470,-1,0,1.4884126,0.81583995,1,1,unassigned,2.0,2.0,0.0,1.0,0.0,0.0,0.0,0.0,0,0,0,1,0
5471,-1,1,1.4111533,0.80394775,1,1,unassigned,6.0,6.0,0.0,1.0,0.0,0.0,0.007736944,0.0,1,0,0,1,0
5472,-1,1,-0.8545924,0.2984704,0,1,unassigned,2.0,2.0,0.0,1.0,0.0,0.0,0.0,0.0,1,0,0,0,0
5473,-1,0,-0.29506683,0.42676392,0,1,unassigned,3.0,3.0,0.0,1.0,0.0,0.0,0.001934236,0.0,0,0,0,0,0
5474,-1,0,1.5417929,0.82372516,1,1,unassigned,36.0,35.0,1.0,0.9722222,0.027777778,0.027777791,0.065764025,0.0018267785,0,0,0,1,0
5475,-1,1,-0.17213592,0.45707196,0,1,unassigned,5.0,5.0,0.0,1.0,0.0,0.0,0.0058027077,0.0,1,0,0,0,0
5476,-1,0,-0.89842427,0.2893744,0,1,unassigned,8.0,8.0,0.0,1.0,0.0,0.0,0.0116054155,0.0,0,0,0,0,0
5477,-1,0,-0.59528375,0.35542348,0,1,unassigned,56.0,56.0,0.0,1.0,0.0,0.0,0.10444874,0.0,0,0,0,0,0
5478,1,0,-0.39987206,0.40134308,0,1,test,6.0,5.0,1.0,0.8333333,0.16666667,0.16666669,0.007736944,0.0012894907,0,0,0,0,0
5479,1,0,-0.63733953,0.3458482,0,1,test,40.0,39.0,1.0,0.975,0.025,0.024999976,0.07350097,0.0018375242,0,0,0,0,0
5480,-1,0,-0.41859645,0.39685267,0,1,unassigned,3.0,3.0,0.0,1.0,0.0,0.0,0.001934236,0.0,0,0,0,0,0
5481,-1,0,-0.9488964,0.2791068,0,1,unassigned,2.0,2.0,0.0,1.0,0.0,0.0,0.0,0.0,0,0,0,0,0
5482,-1,0,-0.7827121,0.31373566,0,1,unassigned,90.0,90.0,0.0,1.0,0.0,0.0,0.17021276,0.0,0,0,0,0,0
5483,-1,0,0.896128,0.71015316,1,1,unassigned,6.0,6.0,0.0,1.0,0.0,0.0,0.007736944,0.0,0,0,0,1,0
5484,1,1,0.8469426,0.6999254,1,0,unassigned,2.0,2.0,0.0,1.0,0.0,0.0,0.0,0.0,1,0,1,1,0
5485,-1,0,0.19712812,0.54912305,1,1,unassigned,11.0,10.0,1.0,0.90909094,0.09090909,0.090909064,0.017408123,0.0015825568,0,0,0,1,0
5486,-1,0,-0.9171744,0.285534,0,1,unassigned,10.0,10.0,0.0,1.0,0.0,0.0,0.015473888,0.0,0,0,0,0,0
5487,-1,0,-0.7924329,0.31164652,0,1,unassigned,11.0,10.0,1.0,0.90909094,0.09090909,0.090909064,0.017408123,0.0015825568,0,0,0,0,0
5488,0,1,-0.75353813,0.32005084,0,0,test,8.0,7.0,1.0,0.875,0.125,0.125,0.0116054155,0.0014506769,1,0,1,0,0
5489,-1,0,1.2865884,0.78356916,1,1,unassigned,6.0,6.0,0.0,1.0,0.0,0.0,0.007736944,0.0,0,0,0,1,0
5490,-1,1,5.38763,0.99544805,1,1,unassigned,23.0,22.0,1.0,0.95652175,0.04347826,0.04347825,0.040618956,0.0017660416,1,0,0,1,1
5491,-1,0,2.6377413,0.93325144,1,1,unassigned,5.0,5.0,0.0,1.0,0.0,0.0,0.0058027077,0.0,0,0,0,1,1
5492,-1,0,0.026904106,0.5067256,1,1,unassigned,2.0,2.0,0.0,1.0,0.0,0.0,0.0,0.0,0,0,0,1,0
5493,-1,1,1.34235,0.7928761,1,1,unassigned,45.0,45.0,0.0,1.0,0.0,0.0,0.08317215,0.0,1,0,0,1,0
5494,-1,0,1.8076096,0.85907274,1,1,unassigned,2.0,2.0,0.0,1.0,0.0,0.0,0.0,0.0,0,0,0,1,0
5495,-1,1,-0.59987754,0.35437173,0,1,unassigned,21.0,21.0,0.0,1.0,0.0,0.0,0.036750484,0.0,1,0,0,0,0
5496,-1,0,-0.18657023,0.45349228,0,1,unassigned,10.0,10.0,0.0,1.0,0.0,0.0,0.015473888,0.0,0,0,0,0,0
5497,-1,0,5.3727303,0.99538004,1,1,unassigned,3.0,3.0,0.0,1.0,0.0,0.0,0.001934236,0.0,0,0,0,1,1
5498,-1,1,0.33777744,0.5836505,1,1,unassigned,2.0,1.0,1.0,0.5,0.5,0.5,0.0,0.0,1,0,0,1,0
5499,-1,1,-0.70556104,0.33058044,0,1,unassigned,34.0,30.0,4.0,0.88235295,0.11764706,0.11764705,0.061895553,0.0072818296,1,0,0,0,0
5500,-1,0,-0.35902894,0.41119465,0,1,unassigned,2.0,2.0,0.0,1.0,0.0,0.0,0.0,0.0,0,0,0,0,0
5501,-1,1,-0.54501694,0.3670213,0,1,unassigned,2.0,2.0,0.0,1.0,0.0,0.0,0.0,0.0,1,0,0,0,0
5502,-1,0,-0.49542934,0.3786154,0,1,unassigned,4.0,4.0,0.0,1.0,0.0,0.0,0.003868472,0.0,0,0,0,0,0
5503,-1,1,2.4015415,0.9169448,1,1,unassigned,129.0,124.0,5.0,0.9612403,0.03875969,0.03875971,0.24564797,0.009521239,1,0,0,1,1
5504,-1,0,0.890534,0.70900035,1,1,unassigned,4.0,2.0,2.0,0.5,0.5,0.5,0.003868472,0.001934236,0,0,0,1,0
5505,-1,0,1.3822362,0.7993499,1,1,unassigned,2.0,2.0,0.0,1.0,0.0,0.0,0.0,0.0,0,0,0,1,0
5506,-1,0,0.82818204,0.69597036,1,1,unassigned,3.0,3.0,0.0,1.0,0.0,0.0,0.001934236,0.0,0,0,0,1,0
5507,-1,1,-0.27202207,0.43241078,0,1,unassigned,7.0,5.0,2.0,0.71428573,0.2857143,0.28571427,0.00967118,0.0027631943,1,0,0,0,0
5508,-1,1,0.9181345,0.71466184,1,1,unassigned,3.0,3.0,0.0,1.0,0.0,0.0,0.001934236,0.0,1,0,0,1,0
5509,-1,0,-0.2678812,0.43342733,0,1,unassigned,21.0,20.0,1.0,0.95238096,0.04761905,0.047619045,0.036750484,0.0017500231,0,0,0,0,0
5510,-1,0,-0.81285024,0.30728346,0,1,unassigned,5.0,5.0,0.0,1.0,0.0,0.0,0.0058027077,0.0,0,0,0,0,0
5511,1,0,1.5413234,0.823657,1,0,unassigned,25.0,25.0,0.0,1.0,0.0,0.0,0.044487428,0.0,0,0,1,1,0
5512,-1,1,4.830504,0.99208075,1,1,unassigned,14.0,7.0,7.0,0.5,0.5,0.5,0.023210831,0.0116054155,1,0,0,1,1
5513,-1,1,5.4507775,0.9957254,1,1,unassigned,3.0,3.0,0.0,1.0,0.0,0.0,0.001934236,0.0,1,0,0,1,1
5514,0,0,-0.65213245,0.34250915,0,0,test,8.0,8.0,0.0,1.0,0.0,0.0,0.0116054155,0.0,0,0,1,0,0
5515,-1,0,5.840665,0.9971015,1,1,unassigned,4.0,3.0,1.0,0.75,0.25,0.25,0.003868472,0.000967118,0,0,0,1,1
5516,-1,1,-0.19786099,0.4506955,0,1,unassigned,19.0,19.0,0.0,1.0,0.0,0.0,0.032882012,0.0,1,0,0,0,0
5517,-1,0,0.5319615,0.6299405,1,1,unassigned,3.0,2.0,1.0,0.6666667,0.33333334,0.3333333,0.001934236,0.00064474536,0,0,0,1,0
5518,-1,0,-0.18799889,0.45313823,0,1,unassigned,22.0,22.0,0.0,1.0,0.0,0.0,0.03868472,0.0,0,0,0,0,0
5519,-1,1,1.4954088,0.8168887,1,1,unassigned,2.0,2.0,0.0,1.0,0.0,0.0,0.0,0.0,1,0,0,1,0
5520,-1,0,0.57255834,0.6393533,1,1,unassigned,15.0,15.0,0.0,1.0,0.0,0.0,0.025145067,0.0,0,0,0,1,0
5521,-1,0,-0.44724146,0.39001682,0,1,unassigned,15.0,14.0,1.0,0.93333334,0.06666667,0.06666666,0.025145067,0.0016763379,0,0,0,0,0
5522,-1,0,0.81985503,0.6942056,1,1,unassigned,4.0,4.0,0.0,1.0,0.0,0.0,0.003868472,0.0,0,0,0,1,0
5523,-1,0,1.8978441,0.8696474,1,1,unassigned,8.0,8.0,0.0,1.0,0.0,0.0,0.0116054155,0.0,0,0,0,1,0
5524,0,1,0.9924782,0.7295771,1,1,val,3.0,3.0,0.0,1.0,0.0,0.0,0.001934236,0.0,1,0,0,1,0
5525,-1,0,0.66721255,0.6608788,1,1,unassigned,4.0,4.0,0.0,1.0,0.0,0.0,0.003868472,0.0,0,0,0,1,0
5526,-1,0,-0.115811735,0.47107935,0,1,unassigned,2.0,2.0,0.0,1.0,0.0,0.0,0.0,0.0,0,0,0,0,0
5527,-1,0,4.6561427,0.99058646,1,1,unassigned,2.0,1.0,1.0,0.5,0.5,0.5,0.0,0.0,0,0,0,1,1
5528,-1,0,0.27013135,0.56712514,1,1,unassigned,4.0,4.0,0.0,1.0,0.0,0.0,0.003868472,0.0,0,0,0,1,0
5529,-1,0,6.211871,0.99799854,1,1,unassigned,4.0,4.0,0.0,1.0,0.0,0.0,0.003868472,0.0,0,0,0,1,1
5530,-1,1,7.5913815,0.9994955,1,1,unassigned,9.0,9.0,0.0,1.0,0.0,0.0,0.013539651,0.0,1,0,0,1,1
5531,-1,0,-0.047645867,0.4880908,0,1,unassigned,9.0,8.0,1.0,0.8888889,0.11111111,0.111111104,0.013539651,0.0015044058,0,0,0,0,0
5532,-1,1,1.3162487,0.7885569,1,1,unassigned,9.0,9.0,0.0,1.0,0.0,0.0,0.013539651,0.0,1,0,0,1,0
5533,1,0,-0.3480131,0.41386434,0,1,unassigned,23.0,21.0,2.0,0.9130435,0.08695652,0.0869565,0.040618956,0.0035320832,0,0,0,0,0
5534,-1,1,3.1316895,0.9581812,1,1,unassigned,6.0,6.0,0.0,1.0,0.0,0.0,0.007736944,0.0,1,0,0,1,1
5535,-1,0,6.18285,0.99793965,1,1,unassigned,4.0,3.0,1.0,0.75,0.25,0.25,0.003868472,0.000967118,0,0,0,1,1
5536,1,0,-0.42116767,0.39623737,0,1,test,48.0,48.0,0.0,1.0,0.0,0.0,0.088974856,0.0,0,0,0,0,0
5537,-1,1,-0.90739614,0.28753296,0,1,unassigned,60.0,59.0,1.0,0.98333335,0.016666668,0.01666665,0.11218569,0.0018697615,1,0,0,0,0
5538,-1,1,5.2071915,0.9945528,1,1,unassigned,12.0,9.0,3.0,0.75,0.25,0.25,0.01934236,0.00483559,1,0,0,1,1
5539,-1,0,-0.61336136,0.35129282,0,1,unassigned,3.0,3.0,0.0,1.0,0.0,0.0,0.001934236,0.0,0,0,0,0,0
5540,-1,1,-0.67909855,0.33646253,0,1,unassigned,3.0,3.0,0.0,1.0,0.0,0.0,0.001934236,0.0,1,0,0,0,0
5541,-1,1,0.6346887,0.6535518,1,1,unassigned,9.0,9.0,0.0,1.0,0.0,0.0,0.013539651,0.0,1,0,0,1,0
5542,-1,1,-0.24525782,0.43899104,0,1,unassigned,4.0,4.0,0.0,1.0,0.0,0.0,0.003868472,0.0,1,0,0,0,0
5543,1,1,4.3668885,0.98746836,1,0,unassigned,6.0,6.0,0.0,1.0,0.0,0.0,0.007736944,0.0,1,0,1,1,1
5544,-1,1,4.6302533,0.9903419,1,1,unassigned,15.0,14.0,1.0,0.93333334,0.06666667,0.06666666,0.025145067,0.0016763379,1,0,0,1,1
5545,-1,0,6.0794115,0.9977157,1,1,unassigned,8.0,8.0,0.0,1.0,0.0,0.0,0.0116054155,0.0,0,0,0,1,1
5546,-1,0,4.218977,0.9854997,1,1,unassigned,16.0,16.0,0.0,1.0,0.0,0.0,0.027079303,0.0,0,0,0,1,1
5547,-1,0,1.0414517,0.73913,1,1,unassigned,8.0,8.0,0.0,1.0,0.0,0.0,0.0116054155,0.0,0,0,0,1,0
5548,-1,0,4.3929086,0.9877863,1,1,unassigned,6.0,6.0,0.0,1.0,0.0,0.0,0.007736944,0.0,0,0,0,1,1
5549,-1,1,-0.7590597,0.31885043,0,1,unassigned,13.0,12.0,1.0,0.9230769,0.07692308,0.07692307,0.021276595,0.0016366612,1,0,0,0,0
5550,1,0,2.2564728,0.90520746,1,0,unassigned,9.0,9.0,0.0,1.0,0.0,0.0,0.013539651,0.0,0,0,1,1,1
5551,-1,1,0.85369724,0.70134217,1,1,unassigned,10.0,10.0,0.0,1.0,0.0,0.0,0.015473888,0.0,1,0,0,1,0
5552,-1,0,-0.46164805,0.38659495,0,1,unassigned,15.0,15.0,0.0,1.0,0.0,0.0,0.025145067,0.0,0,0,0,0,0
5553,-1,0,1.6086972,0.83323044,1,1,unassigned,13.0,13.0,0.0,1.0,0.0,0.0,0.021276595,0.0,0,0,0,1,0
5554,1,0,4.1124673,0.98389626,1,0,unassigned,7.0,6.0,1.0,0.85714287,0.14285715,0.14285713,0.00967118,0.0013815971,0,0,1,1,1
5555,-1,0,3.0252998,0.9537041,1,1,unassigned,17.0,14.0,3.0,0.8235294,0.1764706,0.17647058,0.029013539,0.005120036,0,0,0,1,1
5556,1,1,8.644909,0.999824,1,0,unassigned,3.0,2.0,1.0,0.6666667,0.33333334,0.3333333,0.001934236,0.00064474536,1,0,1,1,1
5557,0,1,-0.20025134,0.4501038,0,0,unassigned,2.0,1.0,1.0,0.5,0.5,0.5,0.0,0.0,1,0,1,0,0
5558,-1,0,-0.47281006,0.38395137,0,1,unassigned,20.0,20.0,0.0,1.0,0.0,0.0,0.034816246,0.0,0,0,0,0,0
5559,-1,0,0.6859419,0.66506356,1,1,unassigned,2.0,1.0,1.0,0.5,0.5,0.5,0.0,0.0,0,0,0,1,0
5560,0,1,-0.5006518,0.37738755,0,0,val,25.0,24.0,1.0,0.96,0.04,0.04000002,0.044487428,0.001779497,1,0,1,0,0
5561,-1,0,-0.29947105,0.4256868,0,1,unassigned,3.0,3.0,0.0,1.0,0.0,0.0,0.001934236,0.0,0,0,0,0,0
5562,-1,0,13.204615,0.9999982,1,1,unassigned,3.0,2.0,1.0,0.6666667,0.33333334,0.3333333,0.001934236,0.00064474536,0,0,0,1,1
5563,-1,0,-0.97343755,0.27419585,0,1,unassigned,4.0,4.0,0.0,1.0,0.0,0.0,0.003868472,0.0,0,0,0,0,0
5564,-1,0,0.12456387,0.53110075,1,1,unassigned,13.0,13.0,0.0,1.0,0.0,0.0,0.021276595,0.0,0,0,0,1,0
5565,1,0,0.1057685,0.5264175,1,0,val,40.0,39.0,1.0,0.975,0.025,0.024999976,0.07350097,0.0018375242,0,0,1,1,0
5566,-1,0,-0.30266318,0.42490658,0,1,unassigned,25.0,25.0,0.0,1.0,0.0,0.0,0.044487428,0.0,0,0,0,0,0
5567,-1,0,4.1521583,0.9845132,1,1,unassigned,2.0,2.0,0.0,1.0,0.0,0.0,0.0,0.0,0,0,0,1,1
5568,-1,0,5.139977,0.99417627,1,1,unassigned,3.0,3.0,0.0,1.0,0.0,0.0,0.001934236,0.0,0,0,0,1,1
5569,-1,0,0.37862164,0.5935406,1,1,unassigned,6.0,6.0,0.0,1.0,0.0,0.0,0.007736944,0.0,0,0,0,1,0
5570,-1,0,2.5717356,0.9290203,1,1,unassigned,3.0,2.0,1.0,0.6666667,0.33333334,0.3333333,0.001934236,0.00064474536,0,0,0,1,1
5571,-1,0,0.6177483,0.64970624,1,1,unassigned,8.0,7.0,1.0,0.875,0.125,0.125,0.0116054155,0.0014506769,0,0,0,1,0
5572,-1,0,-0.73403645,0.32430956,0,1,unassigned,2.0,2.0,0.0,1.0,0.0,0.0,0.0,0.0,0,0,0,0,0
5573,-1,1,1.710141,0.8468546,1,1,unassigned,4.0,4.0,0.0,1.0,0.0,0.0,0.003868472,0.0,1,0,0,1,0
5574,-1,0,-0.83657545,0.30225652,0,1,unassigned,27.0,26.0,1.0,0.962963,0.037037037,0.037037015,0.0483559,0.0017909593,0,0,0,0,0
5575,-1,0,-0.4223359,0.39595795,0,1,unassigned,29.0,29.0,0.0,1.0,0.0,0.0,0.05222437,0.0,0,0,0,0,0
5576,-1,1,0.31822115,0.5788907,1,1,unassigned,9.0,8.0,1.0,0.8888889,0.11111111,0.111111104,0.013539651,0.0015044058,1,0,0,1,0
5577,-1,0,6.207396,0.99798954,1,1,unassigned,9.0,9.0,0.0,1.0,0.0,0.0,0.013539651,0.0,0,0,0,1,1
5578,0,0,-0.69427764,0.33308214,0,0,test,2.0,2.0,0.0,1.0,0.0,0.0,0.0,0.0,0,0,1,0,0
5579,-1,0,-0.4685935,0.38494918,0,1,unassigned,20.0,20.0,0.0,1.0,0.0,0.0,0.034816246,0.0,0,0,0,0,0
5580,-1,0,-0.5152303,0.3739682,0,1,unassigned,181.0,178.0,3.0,0.98342544,0.016574586,0.016574562,0.34622824,0.00573859,0,0,0,0,0
5581,-1,0,2.966345,0.9510304,1,1,unassigned,5.0,5.0,0.0,1.0,0.0,0.0,0.0058027077,0.0,0,0,0,1,1
5582,-1,0,-0.9252889,0.28388146,0,1,unassigned,2.0,2.0,0.0,1.0,0.0,0.0,0.0,0.0,0,0,0,0,0
5583,-1,0,1.3509362,0.7942826,1,1,unassigned,2.0,2.0,0.0,1.0,0.0,0.0,0.0,0.0,0,0,0,1,0
5584,-1,1,-0.9242109,0.28410068,0,1,unassigned,15.0,13.0,2.0,0.8666667,0.13333334,0.13333333,0.025145067,0.0033526758,1,0,0,0,0
5585,-1,0,1.8092766,0.8592744,1,1,unassigned,9.0,8.0,1.0,0.8888889,0.11111111,0.111111104,0.013539651,0.0015044058,0,0,0,1,0
5586,0,0,-0.4098348,0.39895174,0,0,test,6.0,6.0,0.0,1.0,0.0,0.0,0.007736944,0.0,0,0,1,0,0
5587,-1,0,4.010919,0.9822057,1,1,unassigned,2.0,2.0,0.0,1.0,0.0,0.0,0.0,0.0,0,0,0,1,1
5588,-1,0,2.2856348,0.90768033,1,1,unassigned,2.0,2.0,0.0,1.0,0.0,0.0,0.0,0.0,0,0,0,1,1
5589,-1,0,-1.2566466,0.22155169,0,1,unassigned,2.0,2.0,0.0,1.0,0.0,0.0,0.0,0.0,0,0,0,0,0
5590,-1,1,0.6948531,0.66704565,1,1,unassigned,10.0,10.0,0.0,1.0,0.0,0.0,0.015473888,0.0,1,0,0,1,0
5591,-1,1,2.337402,0.91192764,1,1,unassigned,11.0,10.0,1.0,0.90909094,0.09090909,0.090909064,0.017408123,0.0015825568,1,0,0,1,1
5592,-1,0,0.18666476,0.54653114,1,1,unassigned,9.0,9.0,0.0,1.0,0.0,0.0,0.013539651,0.0,0,0,0,1,0
5593,-1,1,3.8576052,0.97931826,1,1,unassigned,3.0,3.0,0.0,1.0,0.0,0.0,0.001934236,0.0,1,0,0,1,1
5594,-1,1,-0.05094987,0.4872653,0,1,unassigned,34.0,34.0,0.0,1.0,0.0,0.0,0.061895553,0.0,1,0,0,0,0
5595,-1,0,2.6498132,0.9339995,1,1,unassigned,38.0,27.0,11.0,0.7105263,0.28947368,0.2894737,0.06963249,0.020156775,0,0,0,1,1
5596,-1,1,3.4438822,0.96904814,1,1,unassigned,4.0,3.0,1.0,0.75,0.25,0.25,0.003868472,0.000967118,1,0,0,1,1
5597,-1,0,7.2347956,0.99927944,1,1,unassigned,8.0,6.0,2.0,0.75,0.25,0.25,0.0116054155,0.0029013539,0,0,0,1,1
5598,1,0,5.8152742,0.9970272,1,0,unassigned,4.0,3.0,1.0,0.75,0.25,0.25,0.003868472,0.000967118,0,0,1,1,1
5599,-1,1,3.054972,0.9549967,1,1,unassigned,2.0,2.0,0.0,1.0,0.0,0.0,0.0,0.0,1,0,0,1,1
5600,-1,0,4.755566,0.9914697,1,1,unassigned,5.0,5.0,0.0,1.0,0.0,0.0,0.0058027077,0.0,0,0,0,1,1
5601,-1,0,-0.20224282,0.44961095,0,1,unassigned,16.0,16.0,0.0,1.0,0.0,0.0,0.027079303,0.0,0,0,0,0,0
5602,-1,0,0.13528985,0.5337709,1,1,unassigned,5.0,5.0,0.0,1.0,0.0,0.0,0.0058027077,0.0,0,0,0,1,0
5603,-1,0,-0.44000244,0.39174038,0,1,unassigned,6.0,5.0,1.0,0.8333333,0.16666667,0.16666669,0.007736944,0.0012894907,0,0,0,0,0
5604,-1,0,2.8399088,0.94479465,1,1,unassigned,2.0,2.0,0.0,1.0,0.0,0.0,0.0,0.0,0,0,0,1,1
5605,-1,1,1.2463889,0.77667415,1,1,unassigned,3.0,3.0,0.0,1.0,0.0,0.0,0.001934236,0.0,1,0,0,1,0
5606,-1,1,-0.47862738,0.3825763,0,1,unassigned,17.0,16.0,1.0,0.9411765,0.05882353,0.058823526,0.029013539,0.0017066788,1,0,0,0,0
5607,-1,1,6.180065,0.997934,1,1,unassigned,2.0,2.0,0.0,1.0,0.0,0.0,0.0,0.0,1,0,0,1,1
5608,0,1,-0.6989629,0.3320422,0,0,unassigned,74.0,66.0,8.0,0.8918919,0.10810811,0.1081081,0.13926499,0.015055674,1,0,1,0,0
5609,-1,1,-0.69916743,0.33199683,0,1,unassigned,102.0,102.0,0.0,1.0,0.0,0.0,0.1934236,0.0,1,0,0,0,0
5610,-1,0,-0.86892545,0.29547793,0,1,unassigned,86.0,85.0,1.0,0.9883721,0.011627907,0.0116279125,0.16247582,0.0018892537,0,0,0,0,0
5611,-1,0,1.8311243,0.8618957,1,1,unassigned,18.0,16.0,2.0,0.8888889,0.11111111,0.111111104,0.030947777,0.0034386418,0,0,0,1,0
5612,-1,1,0.099663675,0.5248953,1,1,unassigned,57.0,56.0,1.0,0.98245615,0.01754386,0.017543852,0.10638298,0.0018663681,1,0,0,1,0
5613,-1,1,-0.8687399,0.29551655,0,1,unassigned,43.0,42.0,1.0,0.9767442,0.023255814,0.023255825,0.079303674,0.0018442714,1,0,0,0,0
5614,-1,0,-0.29754844,0.4261569,0,1,unassigned,26.0,26.0,0.0,1.0,0.0,0.0,0.046421662,0.0,0,0,0,0,0
5615,-1,0,-0.7598345,0.3186822,0,1,unassigned,46.0,45.0,1.0,0.9782609,0.02173913,0.021739125,0.08510638,0.0018501388,0,0,0,0,0
5616,1,0,10.059498,0.9999572,1,0,unassigned,25.0,22.0,3.0,0.88,0.12,0.120000005,0.044487428,0.0053384914,0,0,1,1,1
5617,-1,0,0.2365591,0.5588655,1,1,unassigned,20.0,20.0,0.0,1.0,0.0,0.0,0.034816246,0.0,0,0,0,1,0
5618,-1,1,2.7559412,0.940248,1,1,unassigned,15.0,14.0,1.0,0.93333334,0.06666667,0.06666666,0.025145067,0.0016763379,1,0,0,1,1
5619,-1,1,-0.2949373,0.4267955,0,1,unassigned,19.0,18.0,1.0,0.94736844,0.05263158,0.052631557,0.032882012,0.0017306323,1,0,0,0,0
5620,-1,0,-0.5602815,0.36348233,0,1,unassigned,86.0,85.0,1.0,0.9883721,0.011627907,0.0116279125,0.16247582,0.0018892537,0,0,0,0,0
5621,-1,0,1.1971998,0.7680263,1,1,unassigned,31.0,30.0,1.0,0.9677419,0.032258064,0.032258093,0.056092843,0.0018094465,0,0,0,1,0
5622,-1,0,-0.6185159,0.35011908,0,1,unassigned,43.0,42.0,1.0,0.9767442,0.023255814,0.023255825,0.079303674,0.0018442714,0,0,0,0,0
5623,-1,0,-0.28714022,0.42870414,0,1,unassigned,9.0,9.0,0.0,1.0,0.0,0.0,0.013539651,0.0,0,0,0,0,0
5624,-1,0,1.0653889,0.74371904,1,1,unassigned,4.0,4.0,0.0,1.0,0.0,0.0,0.003868472,0.0,0,0,0,1,0
5625,-1,0,-0.1999529,0.45017767,0,1,unassigned,20.0,20.0,0.0,1.0,0.0,0.0,0.034816246,0.0,0,0,0,0,0
5626,-1,0,3.2603881,0.96304464,1,1,unassigned,7.0,7.0,0.0,1.0,0.0,0.0,0.00967118,0.0,0,0,0,1,1
5627,-1,0,-0.81021994,0.30784363,0,1,unassigned,21.0,21.0,0.0,1.0,0.0,0.0,0.036750484,0.0,0,0,0,0,0
5628,-1,1,0.7545267,0.6801642,1,1,unassigned,2.0,2.0,0.0,1.0,0.0,0.0,0.0,0.0,1,0,0,1,0
5629,0,0,-0.8854983,0.2920397,0,0,unassigned,47.0,47.0,0.0,1.0,0.0,0.0,0.08704062,0.0,0,0,1,0,0
5630,-1,1,-0.1988213,0.45045775,0,1,unassigned,3.0,3.0,0.0,1.0,0.0,0.0,0.001934236,0.0,1,0,0,0,0
5631,-1,0,-0.14672303,0.46338493,0,1,unassigned,2.0,2.0,0.0,1.0,0.0,0.0,0.0,0.0,0,0,0,0,0
5632,-1,0,4.2290797,0.98564327,1,1,unassigned,2.0,2.0,0.0,1.0,0.0,0.0,0.0,0.0,0,0,0,1,1
5633,-1,0,-0.6725837,0.33791855,0,1,unassigned,19.0,17.0,2.0,0.8947368,0.10526316,0.10526317,0.032882012,0.0034612645,0,0,0,0,0
5634,-1,0,2.2378912,0.90360093,1,1,unassigned,3.0,3.0,0.0,1.0,0.0,0.0,0.001934236,0.0,0,0,0,1,1
5635,0,1,-0.58334184,0.358164,0,0,train,37.0,31.0,6.0,0.8378378,0.16216215,0.16216218,0.06769826,0.010978096,1,0,1,0,0
5636,-1,0,-0.6381244,0.34567064,0,1,unassigned,4.0,4.0,0.0,1.0,0.0,0.0,0.003868472,0.0,0,0,0,0,0
5637,-1,0,-0.7825946,0.31376097,0,1,unassigned,3.0,3.0,0.0,1.0,0.0,0.0,0.001934236,0.0,0,0,0,0,0
5638,-1,0,12.771202,0.99999714,1,1,unassigned,2.0,2.0,0.0,1.0,0.0,0.0,0.0,0.0,0,0,0,1,1
5639,1,1,-0.12099451,0.46978822,0,1,val,51.0,51.0,0.0,1.0,0.0,0.0,0.09477756,0.0,1,0,0,0,0
5640,-1,0,10.457927,0.9999713,1,1,unassigned,2.0,2.0,0.0,1.0,0.0,0.0,0.0,0.0,0,0,0,1,1
5641,-1,0,7.898291,0.9996288,1,1,unassigned,19.0,16.0,3.0,0.84210527,0.15789473,0.15789473,0.032882012,0.0051918966,0,0,0,1,1
5642,-1,1,1.0031526,0.73167795,1,1,unassigned,5.0,5.0,0.0,1.0,0.0,0.0,0.0058027077,0.0,1,0,0,1,0
5643,-1,0,-0.14672303,0.46338493,0,1,unassigned,2.0,2.0,0.0,1.0,0.0,0.0,0.0,0.0,0,0,0,0,0
5644,-1,1,1.3704755,0.797457,1,1,unassigned,130.0,126.0,4.0,0.9692308,0.03076923,0.030769229,0.24758221,0.007617914,1,0,0,1,0
5645,-1,1,0.5889953,0.6431346,1,1,unassigned,70.0,68.0,2.0,0.9714286,0.028571429,0.028571427,0.13152805,0.0037579443,1,0,0,1,0
5646,-1,0,-0.527266,0.3711548,0,1,unassigned,3.0,3.0,0.0,1.0,0.0,0.0,0.001934236,0.0,0,0,0,0,0
5647,-1,0,-0.83113444,0.30340526,0,1,unassigned,24.0,24.0,0.0,1.0,0.0,0.0,0.04255319,0.0,0,0,0,0,0
5648,-1,0,10.155583,0.99996114,1,1,unassigned,2.0,1.0,1.0,0.5,0.5,0.5,0.0,0.0,0,0,0,1,1
5649,-1,1,1.6098292,0.8333877,1,1,unassigned,18.0,15.0,3.0,0.8333333,0.16666667,0.16666669,0.030947777,0.005157963,1,0,0,1,0
5650,-1,0,-0.3327915,0.41756156,0,1,unassigned,24.0,23.0,1.0,0.9583333,0.041666668,0.041666687,0.04255319,0.0017730496,0,0,0,0,0
5651,-1,0,-0.018071413,0.49548227,0,1,unassigned,4.0,4.0,0.0,1.0,0.0,0.0,0.003868472,0.0,0,0,0,0,0
5652,-1,0,6.8783813,0.9989712,1,1,unassigned,3.0,2.0,1.0,0.6666667,0.33333334,0.3333333,0.001934236,0.00064474536,0,0,0,1,1
5653,1,1,2.3316507,0.91146463,1,0,unassigned,3.0,1.0,2.0,0.33333334,0.6666667,0.6666666,0.001934236,0.0012894907,1,0,1,1,1
5654,-1,0,5.0790524,0.9938127,1,1,unassigned,2.0,1.0,1.0,0.5,0.5,0.5,0.0,0.0,0,0,0,1,1
5655,-1,1,2.400154,0.91683906,1,1,unassigned,23.0,21.0,2.0,0.9130435,0.08695652,0.0869565,0.040618956,0.0035320832,1,0,0,1,1
5656,-1,1,6.3129764,0.9981907,1,1,unassigned,8.0,8.0,0.0,1.0,0.0,0.0,0.0116054155,0.0,1,0,0,1,1
5657,-1,1,3.7180731,0.97629493,1,1,unassigned,2.0,2.0,0.0,1.0,0.0,0.0,0.0,0.0,1,0,0,1,1
5658,-1,0,2.887921,0.94724613,1,1,unassigned,9.0,8.0,1.0,0.8888889,0.11111111,0.111111104,0.013539651,0.0015044058,0,0,0,1,1
5659,-1,0,-0.8829608,0.2925646,0,1,unassigned,43.0,43.0,0.0,1.0,0.0,0.0,0.079303674,0.0,0,0,0,0,0
5660,-1,1,0.7099176,0.670383,1,1,unassigned,25.0,24.0,1.0,0.96,0.04,0.04000002,0.044487428,0.001779497,1,0,0,1,0
5661,-1,0,-0.6237847,0.34892118,0,1,unassigned,22.0,22.0,0.0,1.0,0.0,0.0,0.03868472,0.0,0,0,0,0,0
5662,-1,1,-0.8636637,0.29657447,0,1,unassigned,30.0,30.0,0.0,1.0,0.0,0.0,0.054158606,0.0,1,0,0,0,0
5663,-1,1,0.6835579,0.6645323,1,1,unassigned,35.0,31.0,4.0,0.8857143,0.114285715,0.11428571,0.06382979,0.0072948327,1,0,0,1,0
5664,-1,1,-0.26597703,0.433895,0,1,unassigned,14.0,14.0,0.0,1.0,0.0,0.0,0.023210831,0.0,1,0,0,0,0
5665,-1,0,2.0568955,0.8866425,1,1,unassigned,8.0,7.0,1.0,0.875,0.125,0.125,0.0116054155,0.0014506769,0,0,0,1,0
5666,-1,1,3.1455848,0.95873445,1,1,unassigned,16.0,15.0,1.0,0.9375,0.0625,0.0625,0.027079303,0.0016924564,1,0,0,1,1
5667,-1,1,-0.35157496,0.41300055,0,1,unassigned,7.0,7.0,0.0,1.0,0.0,0.0,0.00967118,0.0,1,0,0,0,0
5668,1,1,0.09636158,0.52407175,1,0,test,19.0,19.0,0.0,1.0,0.0,0.0,0.032882012,0.0,1,0,1,1,0
5669,-1,0,12.197586,0.999995,1,1,unassigned,3.0,3.0,0.0,1.0,0.0,0.0,0.001934236,0.0,0,0,0,1,1
5670,-1,1,-0.8529392,0.29881668,0,1,unassigned,131.0,130.0,1.0,0.99236643,0.007633588,0.007633567,0.24951644,0.0019047057,1,0,0,0,0
5671,-1,1,-0.55005234,0.36585227,0,1,unassigned,129.0,123.0,6.0,0.95348835,0.046511628,0.04651165,0.24564797,0.011425487,1,0,0,0,0
5672,-1,1,0.2248922,0.55598724,1,1,unassigned,20.0,20.0,0.0,1.0,0.0,0.0,0.034816246,0.0,1,0,0,1,0
5673,-1,1,-0.530196,0.37047115,0,1,unassigned,31.0,31.0,0.0,1.0,0.0,0.0,0.056092843,0.0,1,0,0,0,0
5674,-1,1,-0.41258892,0.39829147,0,1,unassigned,52.0,50.0,2.0,0.96153843,0.03846154,0.038461566,0.0967118,0.0037196847,1,0,0,0,0
5675,1,0,-0.72320366,0.3266879,0,1,unassigned,2.0,2.0,0.0,1.0,0.0,0.0,0.0,0.0,0,0,0,0,0
5676,-1,0,-0.93509364,0.28189248,0,1,unassigned,85.0,85.0,0.0,1.0,0.0,0.0,0.16054158,0.0,0,0,0,0,0
5677,-1,1,-0.24085364,0.440076,0,1,unassigned,7.0,5.0,2.0,0.71428573,0.2857143,0.28571427,0.00967118,0.0027631943,1,0,0,0,0
5678,-1,1,-0.7767664,0.3150172,0,1,unassigned,16.0,16.0,0.0,1.0,0.0,0.0,0.027079303,0.0,1,0,0,0,0
5679,-1,0,-0.032872736,0.49178252,0,1,unassigned,4.0,4.0,0.0,1.0,0.0,0.0,0.003868472,0.0,0,0,0,0,0
5680,-1,1,5.3278127,0.99516875,1,1,unassigned,7.0,3.0,4.0,0.42857143,0.5714286,0.57142854,0.00967118,0.0055263885,1,0,0,1,1
5681,-1,0,0.041861594,0.5104639,1,1,unassigned,27.0,27.0,0.0,1.0,0.0,0.0,0.0483559,0.0,0,0,0,1,0
5682,1,1,2.1286848,0.8936601,1,0,unassigned,18.0,16.0,2.0,0.8888889,0.11111111,0.111111104,0.030947777,0.0034386418,1,0,1,1,0
5683,-1,0,-0.6734571,0.33772317,0,1,unassigned,28.0,28.0,0.0,1.0,0.0,0.0,0.050290134,0.0,0,0,0,0,0
5684,-1,0,-0.79052633,0.31205568,0,1,unassigned,24.0,23.0,1.0,0.9583333,0.041666668,0.041666687,0.04255319,0.0017730496,0,0,0,0,0
5685,0,0,-0.5397111,0.36825478,0,0,unassigned,53.0,53.0,0.0,1.0,0.0,0.0,0.09864604,0.0,0,0,1,0,0
5686,-1,0,3.689523,0.9756251,1,1,unassigned,14.0,14.0,0.0,1.0,0.0,0.0,0.023210831,0.0,0,0,0,1,1
5687,-1,0,-2.4585955,0.07881224,0,1,unassigned,2.0,2.0,0.0,1.0,0.0,0.0,0.0,0.0,0,0,0,0,1
5688,1,0,-0.6303909,0.3474219,0,1,unassigned,91.0,91.0,0.0,1.0,0.0,0.0,0.172147,0.0,0,0,0,0,0
5689,-1,0,-0.0909712,0.47727287,0,1,unassigned,17.0,16.0,1.0,0.9411765,0.05882353,0.058823526,0.029013539,0.0017066788,0,0,0,0,0
5690,-1,1,-0.5033411,0.3767558,0,1,unassigned,92.0,90.0,2.0,0.9782609,0.02173913,0.021739125,0.17408124,0.0037843748,1,0,0,0,0
5691,-1,0,0.31721228,0.57864475,1,1,unassigned,2.0,2.0,0.0,1.0,0.0,0.0,0.0,0.0,0,0,0,1,0
5692,-1,0,0.025928736,0.5064818,1,1,unassigned,3.0,3.0,0.0,1.0,0.0,0.0,0.001934236,0.0,0,0,0,1,0
5693,-1,1,0.7882994,0.6874661,1,1,unassigned,2.0,2.0,0.0,1.0,0.0,0.0,0.0,0.0,1,0,0,1,0
5694,1,0,-0.5551276,0.3646756,0,1,val,61.0,59.0,2.0,0.9672131,0.032786883,0.032786906,0.114119925,0.0037416366,0,0,0,0,0
5695,-1,1,1.7220466,0.84839225,1,1,unassigned,20.0,20.0,0.0,1.0,0.0,0.0,0.034816246,0.0,1,0,0,1,0
5696,-1,0,-0.9798589,0.27291977,0,1,unassigned,42.0,42.0,0.0,1.0,0.0,0.0,0.07736944,0.0,0,0,0,0,0
5697,-1,0,-0.5007237,0.3773706,0,1,unassigned,40.0,38.0,2.0,0.95,0.05,0.050000012,0.07350097,0.0036750485,0,0,0,0,0
5698,-1,0,-0.48715374,0.38056427,0,1,unassigned,84.0,84.0,0.0,1.0,0.0,0.0,0.15860735,0.0,0,0,0,0,0
5699,-1,0,-0.8490555,0.29963103,0,1,unassigned,22.0,21.0,1.0,0.95454544,0.045454547,0.04545456,0.03868472,0.0017583964,0,0,0,0,0
5700,-1,1,-0.20984608,0.44773018,0,1,unassigned,2.0,2.0,0.0,1.0,0.0,0.0,0.0,0.0,1,0,0,0,0
5701,0,0,0.7050703,0.6693109,1,1,val,4.0,4.0,0.0,1.0,0.0,0.0,0.003868472,0.0,0,0,0,1,0
5702,-1,0,0.77043957,0.683616,1,1,unassigned,25.0,24.0,1.0,0.96,0.04,0.04000002,0.044487428,0.001779497,0,0,0,1,0
5703,1,1,2.4561393,0.9210093,1,0,unassigned,5.0,5.0,0.0,1.0,0.0,0.0,0.0058027077,0.0,1,0,1,1,1
5704,1,1,-0.25148195,0.43745878,0,1,test,25.0,25.0,0.0,1.0,0.0,0.0,0.044487428,0.0,1,0,0,0,0
5705,-1,0,4.9098783,0.9926806,1,1,unassigned,6.0,6.0,0.0,1.0,0.0,0.0,0.007736944,0.0,0,0,0,1,1
5706,-1,0,-0.6825239,0.33569822,0,1,unassigned,5.0,5.0,0.0,1.0,0.0,0.0,0.0058027077,0.0,0,0,0,0,0
5707,-1,0,3.3499117,0.96610194,1,1,unassigned,2.0,2.0,0.0,1.0,0.0,0.0,0.0,0.0,0,0,0,1,1
5708,-1,0,2.1822035,0.8986399,1,1,unassigned,9.0,8.0,1.0,0.8888889,0.11111111,0.111111104,0.013539651,0.0015044058,0,0,0,1,0
5709,-1,1,-0.17883903,0.45540902,0,1,unassigned,8.0,8.0,0.0,1.0,0.0,0.0,0.0116054155,0.0,1,0,0,0,0
5710,1,1,4.8344846,0.9921119,1,0,val,4.0,4.0,0.0,1.0,0.0,0.0,0.003868472,0.0,1,0,1,1,1
5711,-1,1,0.22381538,0.5557214,1,1,unassigned,6.0,5.0,1.0,0.8333333,0.16666667,0.16666669,0.007736944,0.0012894907,1,0,0,1,0
5712,-1,1,-0.15969795,0.46016014,0,1,unassigned,17.0,17.0,0.0,1.0,0.0,0.0,0.029013539,0.0,1,0,0,0,0
5713,-1,0,-0.26064035,0.4352063,0,1,unassigned,9.0,9.0,0.0,1.0,0.0,0.0,0.013539651,0.0,0,0,0,0,0
5714,-1,1,0.866203,0.703955,1,1,unassigned,6.0,6.0,0.0,1.0,0.0,0.0,0.007736944,0.0,1,0,0,1,0
5715,-1,1,6.053481,0.99765587,1,1,unassigned,5.0,5.0,0.0,1.0,0.0,0.0,0.0058027077,0.0,1,0,0,1,1
5716,-1,0,6.902566,0.99899584,1,1,unassigned,2.0,2.0,0.0,1.0,0.0,0.0,0.0,0.0,0,0,0,1,1
5717,-1,0,0.48009032,0.61776924,1,1,unassigned,7.0,1.0,6.0,0.14285715,0.85714287,0.85714287,0.00967118,0.008289583,0,0,0,1,0
5718,-1,0,4.436193,0.98829764,1,1,unassigned,2.0,1.0,1.0,0.5,0.5,0.5,0.0,0.0,0,0,0,1,1
5719,-1,0,3.7104952,0.9761188,1,1,unassigned,2.0,2.0,0.0,1.0,0.0,0.0,0.0,0.0,0,0,0,1,1
5720,-1,1,-0.8361083,0.30235505,0,1,unassigned,45.0,41.0,4.0,0.9111111,0.08888889,0.08888888,0.08317215,0.0073930803,1,0,0,0,0
5721,-1,1,-0.45398688,0.38841328,0,1,unassigned,39.0,39.0,0.0,1.0,0.0,0.0,0.07156673,0.0,1,0,0,0,0
5722,-1,0,4.2301555,0.9856586,1,1,unassigned,2.0,2.0,0.0,1.0,0.0,0.0,0.0,0.0,0,0,0,1,1
5723,-1,0,2.0930743,0.8902282,1,1,unassigned,3.0,3.0,0.0,1.0,0.0,0.0,0.001934236,0.0,0,0,0,1,0
5724,-1,0,5.5141892,0.995987,1,1,unassigned,3.0,2.0,1.0,0.6666667,0.33333334,0.3333333,0.001934236,0.00064474536,0,0,0,1,1
5725,-1,1,2.0450623,0.88544774,1,1,unassigned,3.0,2.0,1.0,0.6666667,0.33333334,0.3333333,0.001934236,0.00064474536,1,0,0,1,0
5726,-1,1,-0.47440642,0.38357383,0,1,unassigned,24.0,24.0,0.0,1.0,0.0,0.0,0.04255319,0.0,1,0,0,0,0
5727,-1,1,2.5443149,0.92719066,1,1,unassigned,35.0,35.0,0.0,1.0,0.0,0.0,0.06382979,0.0,1,0,0,1,1
5728,-1,1,-0.49244374,0.37931806,0,1,unassigned,12.0,12.0,0.0,1.0,0.0,0.0,0.01934236,0.0,1,0,0,0,0
5729,-1,1,1.2335892,0.7744462,1,1,unassigned,32.0,32.0,0.0,1.0,0.0,0.0,0.058027077,0.0,1,0,0,1,0
5730,-1,0,1.0654194,0.7437249,1,1,unassigned,2.0,2.0,0.0,1.0,0.0,0.0,0.0,0.0,0,0,0,1,0
5731,-1,0,5.805003,0.99699664,1,1,unassigned,2.0,1.0,1.0,0.5,0.5,0.5,0.0,0.0,0,0,0,1,1
5732,-1,1,-0.48198175,0.38178426,0,1,unassigned,18.0,18.0,0.0,1.0,0.0,0.0,0.030947777,0.0,1,0,0,0,0
5733,-1,0,-0.33628803,0.41671145,0,1,unassigned,16.0,15.0,1.0,0.9375,0.0625,0.0625,0.027079303,0.0016924564,0,0,0,0,0
5734,-1,1,-0.3412669,0.41550174,0,1,unassigned,16.0,14.0,2.0,0.875,0.125,0.125,0.027079303,0.0033849129,1,0,0,0,0
5735,-1,0,1.7358809,0.8501631,1,1,unassigned,3.0,1.0,2.0,0.33333334,0.6666667,0.6666666,0.001934236,0.0012894907,0,0,0,1,0
5736,-1,0,-0.6366818,0.34599704,0,1,unassigned,117.0,110.0,7.0,0.94017094,0.05982906,0.059829056,0.22243714,0.013308206,0,0,0,0,0
5737,-1,0,-0.7190908,0.3275932,0,1,unassigned,87.0,84.0,3.0,0.9655172,0.03448276,0.034482777,0.16441005,0.005669312,0,0,0,0,0
5738,0,1,-0.5543382,0.3648585,0,0,test,79.0,77.0,2.0,0.9746835,0.025316456,0.025316477,0.14893617,0.003770536,1,0,1,0,0
5739,-1,1,-0.76363564,0.31785747,0,1,unassigned,82.0,81.0,1.0,0.9878049,0.0121951215,0.01219511,0.15473887,0.0018870593,1,0,0,0,0
5740,-1,1,-0.2605513,0.43522823,0,1,unassigned,117.0,113.0,4.0,0.96581197,0.034188036,0.034188032,0.22243714,0.007604689,1,0,0,0,0
5741,0,1,-0.44335616,0.39094156,0,0,test,96.0,96.0,0.0,1.0,0.0,0.0,0.18181819,0.0,1,0,1,0,0
5742,-1,0,0.23941272,0.55956894,1,1,unassigned,8.0,7.0,1.0,0.875,0.125,0.125,0.0116054155,0.0014506769,0,0,0,1,0
5743,-1,0,2.9952471,0.95235896,1,1,unassigned,7.0,6.0,1.0,0.85714287,0.14285715,0.14285713,0.00967118,0.0013815971,0,0,0,1,1
5744,0,1,-0.60579467,0.35301912,0,0,val,30.0,29.0,1.0,0.96666664,0.033333335,0.03333336,0.054158606,0.001805287,1,0,1,0,0
5745,-1,1,-0.75294244,0.3201805,0,1,unassigned,23.0,23.0,0.0,1.0,0.0,0.0,0.040618956,0.0,1,0,0,0,0
5746,-1,0,0.9101613,0.71303314,1,1,unassigned,3.0,3.0,0.0,1.0,0.0,0.0,0.001934236,0.0,0,0,0,1,0
5747,-1,1,-0.49568033,0.3785563,0,1,unassigned,23.0,22.0,1.0,0.95652175,0.04347826,0.04347825,0.040618956,0.0017660416,1,0,0,0,0
5748,-1,1,-0.49578497,0.37853172,0,1,unassigned,8.0,8.0,0.0,1.0,0.0,0.0,0.0116054155,0.0,1,0,0,0,0
5749,-1,1,-0.95204127,0.27847448,0,1,unassigned,31.0,31.0,0.0,1.0,0.0,0.0,0.056092843,0.0,1,0,0,0,0
5750,-1,1,8.648624,0.9998247,1,1,unassigned,12.0,10.0,2.0,0.8333333,0.16666667,0.16666669,0.01934236,0.0032237265,1,0,0,1,1
5751,-1,1,-0.5950206,0.3554837,0,1,unassigned,12.0,12.0,0.0,1.0,0.0,0.0,0.01934236,0.0,1,0,0,0,0
5752,-1,0,10.066372,0.99995756,1,1,unassigned,2.0,2.0,0.0,1.0,0.0,0.0,0.0,0.0,0,0,0,1,1
5753,-1,0,-0.9026072,0.288515,0,1,unassigned,57.0,55.0,2.0,0.9649123,0.03508772,0.035087705,0.10638298,0.0037327362,0,0,0,0,0
5754,-1,0,-0.04654473,0.48836595,0,1,unassigned,15.0,14.0,1.0,0.93333334,0.06666667,0.06666666,0.025145067,0.0016763379,0,0,0,0,0
5755,-1,1,1.1794114,0.764842,1,1,unassigned,11.0,11.0,0.0,1.0,0.0,0.0,0.017408123,0.0,1,0,0,1,0
5756,-1,1,-0.39684296,0.40207106,0,1,unassigned,10.0,10.0,0.0,1.0,0.0,0.0,0.015473888,0.0,1,0,0,0,0
5757,-1,0,-0.7073268,0.3301898,0,1,unassigned,140.0,140.0,0.0,1.0,0.0,0.0,0.26692456,0.0,0,0,0,0,0
5758,-1,1,0.23281962,0.5579434,1,1,unassigned,4.0,3.0,1.0,0.75,0.25,0.25,0.003868472,0.000967118,1,0,0,1,0
5759,-1,0,-0.46301723,0.38627028,0,1,unassigned,139.0,138.0,1.0,0.9928058,0.007194245,0.007194221,0.26499033,0.0019064053,0,0,0,0,0
5760,-1,0,-0.5070565,0.37588382,0,1,unassigned,123.0,122.0,1.0,0.9918699,0.008130081,0.008130074,0.23404256,0.0019027849,0,0,0,0,0
5761,-1,1,0.51325756,0.6255698,1,1,unassigned,24.0,22.0,2.0,0.9166667,0.083333336,0.08333331,0.04255319,0.0035460992,1,0,0,1,0
5762,-1,0,1.6969748,0.84513915,1,1,unassigned,7.0,7.0,0.0,1.0,0.0,0.0,0.00967118,0.0,0,0,0,1,0
5763,-1,0,-0.7640755,0.31776208,0,1,unassigned,65.0,64.0,1.0,0.9846154,0.015384615,0.0153846145,0.12185687,0.001874721,0,0,0,0,0
5764,-1,0,-0.08020145,0.47996035,0,1,unassigned,5.0,5.0,0.0,1.0,0.0,0.0,0.0058027077,0.0,0,0,0,0,0
5765,-1,0,2.4076812,0.9174112,1,1,unassigned,12.0,12.0,0.0,1.0,0.0,0.0,0.01934236,0.0,0,0,0,1,1
5766,-1,0,3.0884397,0.9564134,1,1,unassigned,6.0,5.0,1.0,0.8333333,0.16666667,0.16666669,0.007736944,0.0012894907,0,0,0,1,1
5767,-1,1,0.051489115,0.5128694,1,1,unassigned,3.0,3.0,0.0,1.0,0.0,0.0,0.001934236,0.0,1,0,0,1,0
5768,-1,1,0.5637551,0.63732094,1,1,unassigned,6.0,6.0,0.0,1.0,0.0,0.0,0.007736944,0.0,1,0,0,1,0
5769,-1,0,-0.8662167,0.29604214,0,1,unassigned,30.0,19.0,11.0,0.6333333,0.36666667,0.36666667,0.054158606,0.019858155,0,0,0,0,0
5770,-1,0,6.8284883,0.99891865,1,1,unassigned,2.0,2.0,0.0,1.0,0.0,0.0,0.0,0.0,0,0,0,1,1
5771,-1,1,-0.80855477,0.30819854,0,1,unassigned,109.0,106.0,3.0,0.9724771,0.027522936,0.027522922,0.20696326,0.0056962366,1,0,0,0,0
5772,-1,1,-0.86995584,0.29526347,0,1,unassigned,74.0,74.0,0.0,1.0,0.0,0.0,0.13926499,0.0,1,0,0,0,0
5773,1,0,0.03117448,0.507793,1,0,test,11.0,11.0,0.0,1.0,0.0,0.0,0.017408123,0.0,0,0,1,1,0
5774,-1,1,-0.9316291,0.2825943,0,1,unassigned,63.0,61.0,2.0,0.96825397,0.031746034,0.03174603,0.11798839,0.0037456634,1,0,0,0,0
5775,-1,1,-0.90472984,0.2880795,0,1,unassigned,36.0,35.0,1.0,0.9722222,0.027777778,0.027777791,0.065764025,0.0018267785,1,0,0,0,0
5776,-1,1,3.3007762,0.9644555,1,1,unassigned,138.0,134.0,4.0,0.9710145,0.028985508,0.0289855,0.2630561,0.0076248148,1,0,0,1,1
5777,-1,1,-0.23046213,0.44263813,0,1,unassigned,16.0,16.0,0.0,1.0,0.0,0.0,0.027079303,0.0,1,0,0,0,0
5778,-1,1,-0.84069276,0.3013889,0,1,unassigned,61.0,61.0,0.0,1.0,0.0,0.0,0.114119925,0.0,1,0,0,0,0
5779,0,1,-0.88734615,0.2916578,0,0,unassigned,64.0,62.0,2.0,0.96875,0.03125,0.03125,0.11992263,0.0037475822,1,0,1,0,0
5780,-1,1,-0.5747313,0.36014584,0,1,unassigned,5.0,5.0,0.0,1.0,0.0,0.0,0.0058027077,0.0,1,0,0,0,0
5781,-1,1,-0.9118573,0.28661993,0,1,unassigned,48.0,47.0,1.0,0.9791667,0.020833334,0.020833313,0.088974856,0.0018536429,1,0,0,0,0
5782,-1,0,5.598346,0.9963097,1,1,unassigned,3.0,3.0,0.0,1.0,0.0,0.0,0.001934236,0.0,0,0,0,1,1
5783,-1,1,-0.9341422,0.28208512,0,1,unassigned,57.0,57.0,0.0,1.0,0.0,0.0,0.10638298,0.0,1,0,0,0,0
5784,-1,0,-0.3403306,0.41572917,0,1,unassigned,16.0,14.0,2.0,0.875,0.125,0.125,0.027079303,0.0033849129,0,0,0,0,0
5785,-1,1,-0.96129125,0.27661973,0,1,unassigned,38.0,38.0,0.0,1.0,0.0,0.0,0.06963249,0.0,1,0,0,0,0
5786,-1,0,-0.2554487,0.43648282,0,1,unassigned,19.0,18.0,1.0,0.94736844,0.05263158,0.052631557,0.032882012,0.0017306323,0,0,0,0,0
5787,-1,0,-0.3076247,0.42369464,0,1,unassigned,2.0,2.0,0.0,1.0,0.0,0.0,0.0,0.0,0,0,0,0,0
5788,-1,1,10.877398,0.99998116,1,1,unassigned,13.0,9.0,4.0,0.6923077,0.30769232,0.3076923,0.021276595,0.006546645,1,0,0,1,1
5789,-1,1,1.0143874,0.7338779,1,1,unassigned,7.0,7.0,0.0,1.0,0.0,0.0,0.00967118,0.0,1,0,0,1,0
5790,-1,1,4.367847,0.9874802,1,1,unassigned,3.0,3.0,0.0,1.0,0.0,0.0,0.001934236,0.0,1,0,0,1,1
5791,-1,1,-0.7848208,0.31328183,0,1,unassigned,72.0,71.0,1.0,0.9861111,0.013888889,0.0138888955,0.13539653,0.0018805073,1,0,0,0,0
5792,1,0,8.463275,0.99978894,1,0,test,3.0,2.0,1.0,0.6666667,0.33333334,0.3333333,0.001934236,0.00064474536,0,0,1,1,1
5793,-1,0,-0.034109175,0.49147353,0,1,unassigned,10.0,10.0,0.0,1.0,0.0,0.0,0.015473888,0.0,0,0,0,0,0
5794,-1,0,-0.6961526,0.33266577,0,1,unassigned,2.0,2.0,0.0,1.0,0.0,0.0,0.0,0.0,0,0,0,0,0
5795,-1,1,3.0642333,0.9553931,1,1,unassigned,5.0,3.0,2.0,0.6,0.4,0.39999998,0.0058027077,0.002321083,1,0,0,1,1
5796,-1,0,5.959253,0.99742484,1,1,unassigned,2.0,2.0,0.0,1.0,0.0,0.0,0.0,0.0,0,0,0,1,1
5797,0,1,-0.9773006,0.27342772,0,0,unassigned,8.0,7.0,1.0,0.875,0.125,0.125,0.0116054155,0.0014506769,1,0,1,0,0
5798,-1,1,-0.22095597,0.4449846,0,1,unassigned,4.0,4.0,0.0,1.0,0.0,0.0,0.003868472,0.0,1,0,0,0,0
5799,-1,1,5.0485787,0.9936225,1,1,unassigned,10.0,9.0,1.0,0.9,0.1,0.100000024,0.015473888,0.0015473888,1,0,0,1,1
5800,-1,1,-0.47396424,0.3836784,0,1,unassigned,69.0,65.0,4.0,0.942029,0.057971016,0.057971,0.1295938,0.0075126844,1,0,0,0,0
5801,0,1,-0.45199594,0.38888633,0,0,test,6.0,6.0,0.0,1.0,0.0,0.0,0.007736944,0.0,1,0,1,0,0
5802,-1,1,-0.24449855,0.43917805,0,1,unassigned,62.0,62.0,0.0,1.0,0.0,0.0,0.116054155,0.0,1,0,0,0,0
5803,-1,1,-0.12496048,0.46880043,0,1,unassigned,24.0,24.0,0.0,1.0,0.0,0.0,0.04255319,0.0,1,0,0,0,0
5804,-1,1,-0.40225315,0.40077114,0,1,unassigned,4.0,3.0,1.0,0.75,0.25,0.25,0.003868472,0.000967118,1,0,0,0,0
5805,-1,1,-0.3272537,0.418909,0,1,unassigned,7.0,7.0,0.0,1.0,0.0,0.0,0.00967118,0.0,1,0,0,0,0
5806,-1,0,2.8429153,0.94495136,1,1,unassigned,4.0,4.0,0.0,1.0,0.0,0.0,0.003868472,0.0,0,0,0,1,1
5807,-1,0,5.466818,0.9957931,1,1,unassigned,2.0,2.0,0.0,1.0,0.0,0.0,0.0,0.0,0,0,0,1,1
5808,-1,0,5.246646,0.9947625,1,1,unassigned,5.0,4.0,1.0,0.8,0.2,0.19999999,0.0058027077,0.0011605415,0,0,0,1,1
5809,-1,1,-0.28916195,0.42820904,0,1,unassigned,2.0,2.0,0.0,1.0,0.0,0.0,0.0,0.0,1,0,0,0,0
5810,-1,1,1.2305954,0.7739228,1,1,unassigned,2.0,2.0,0.0,1.0,0.0,0.0,0.0,0.0,1,0,0,1,0
5811,-1,1,7.3966794,0.999387,1,1,unassigned,2.0,2.0,0.0,1.0,0.0,0.0,0.0,0.0,1,0,0,1,1
5812,0,0,-0.9099499,0.28701007,0,0,unassigned,3.0,3.0,0.0,1.0,0.0,0.0,0.001934236,0.0,0,0,1,0,0
5813,-1,1,3.3325932,0.96553016,1,1,unassigned,15.0,14.0,1.0,0.93333334,0.06666667,0.06666666,0.025145067,0.0016763379,1,0,0,1,1
5814,-1,1,9.647882,0.9999354,1,1,unassigned,2.0,1.0,1.0,0.5,0.5,0.5,0.0,0.0,1,0,0,1,1
5815,-1,0,6.6273375,0.998678,1,1,unassigned,16.0,13.0,3.0,0.8125,0.1875,0.1875,0.027079303,0.0050773695,0,0,0,1,1
5816,-1,1,0.7039209,0.66905653,1,1,unassigned,2.0,2.0,0.0,1.0,0.0,0.0,0.0,0.0,1,0,0,1,0
5817,-1,1,-0.40414125,0.4003178,0,1,unassigned,26.0,26.0,0.0,1.0,0.0,0.0,0.046421662,0.0,1,0,0,0,0
5818,-1,1,8.909288,0.9998648,1,1,unassigned,3.0,2.0,1.0,0.6666667,0.33333334,0.3333333,0.001934236,0.00064474536,1,0,0,1,1
5819,-1,0,4.16507,0.9847088,1,1,unassigned,3.0,3.0,0.0,1.0,0.0,0.0,0.001934236,0.0,0,0,0,1,1
5820,-1,1,6.7447414,0.9988243,1,1,unassigned,3.0,3.0,0.0,1.0,0.0,0.0,0.001934236,0.0,1,0,0,1,1
5821,-1,1,0.078486025,0.5196114,1,1,unassigned,4.0,4.0,0.0,1.0,0.0,0.0,0.003868472,0.0,1,0,0,1,0
5822,-1,1,11.920441,0.9999933,1,1,unassigned,6.0,3.0,3.0,0.5,0.5,0.5,0.007736944,0.003868472,1,0,0,1,1
5823,-1,1,3.734092,0.97666276,1,1,unassigned,9.0,8.0,1.0,0.8888889,0.11111111,0.111111104,0.013539651,0.0015044058,1,0,0,1,1
5824,-1,1,2.9914653,0.95218706,1,1,unassigned,12.0,12.0,0.0,1.0,0.0,0.0,0.01934236,0.0,1,0,0,1,1
5825,0,1,-0.7058459,0.33051738,0,0,test,19.0,19.0,0.0,1.0,0.0,0.0,0.032882012,0.0,1,0,1,0,0
5826,-1,1,-0.3420398,0.41531405,0,1,unassigned,32.0,32.0,0.0,1.0,0.0,0.0,0.058027077,0.0,1,0,0,0,0
5827,-1,0,0.18678623,0.54656124,1,1,unassigned,3.0,3.0,0.0,1.0,0.0,0.0,0.001934236,0.0,0,0,0,1,0
5828,-1,1,-0.714884,0.32852054,0,1,unassigned,18.0,17.0,1.0,0.9444444,0.055555556,0.055555582,0.030947777,0.0017193209,1,0,0,0,0
5829,0,1,-0.5853669,0.3576986,0,0,val,4.0,4.0,0.0,1.0,0.0,0.0,0.003868472,0.0,1,0,1,0,0
5830,-1,0,5.270038,0.99488294,1,1,unassigned,9.0,9.0,0.0,1.0,0.0,0.0,0.013539651,0.0,0,0,0,1,1
5831,-1,1,-0.35332277,0.41257688,0,1,unassigned,12.0,12.0,0.0,1.0,0.0,0.0,0.01934236,0.0,1,0,0,0,0
5832,-1,0,1.2584426,0.7787579,1,1,unassigned,3.0,3.0,0.0,1.0,0.0,0.0,0.001934236,0.0,0,0,0,1,0
5833,-1,0,2.2698147,0.9063461,1,1,unassigned,4.0,4.0,0.0,1.0,0.0,0.0,0.003868472,0.0,0,0,0,1,1
5834,0,1,-0.68804127,0.33446893,0,0,unassigned,3.0,3.0,0.0,1.0,0.0,0.0,0.001934236,0.0,1,0,1,0,0
5835,-1,1,2.3227983,0.91074765,1,1,unassigned,4.0,3.0,1.0,0.75,0.25,0.25,0.003868472,0.000967118,1,0,0,1,1
5836,-1,0,-0.36669645,0.40933952,0,1,unassigned,50.0,49.0,1.0,0.98,0.02,0.01999998,0.092843324,0.0018568664,0,0,0,0,0
5837,1,0,-0.5370697,0.3688695,0,1,test,36.0,29.0,7.0,0.8055556,0.19444445,0.19444442,0.065764025,0.012787449,0,0,0,0,0
5838,-1,1,-0.616167,0.3506537,0,1,unassigned,14.0,14.0,0.0,1.0,0.0,0.0,0.023210831,0.0,1,0,0,0,0
5839,-1,0,-0.6787721,0.33653542,0,1,unassigned,18.0,18.0,0.0,1.0,0.0,0.0,0.030947777,0.0,0,0,0,0,0
5840,-1,0,-0.7744441,0.31551853,0,1,unassigned,40.0,38.0,2.0,0.95,0.05,0.050000012,0.07350097,0.0036750485,0,0,0,0,0
5841,-1,0,-0.6696836,0.3385677,0,1,unassigned,105.0,102.0,3.0,0.9714286,0.028571429,0.028571427,0.1992263,0.0056921802,0,0,0,0,0
5842,-1,0,-0.8692076,0.29541922,0,1,unassigned,47.0,47.0,0.0,1.0,0.0,0.0,0.08704062,0.0,0,0,0,0,0
5843,-1,0,-0.8244488,0.30482012,0,1,unassigned,31.0,31.0,0.0,1.0,0.0,0.0,0.056092843,0.0,0,0,0,0,0
5844,-1,1,-0.86737853,0.29580006,0,1,unassigned,99.0,97.0,2.0,0.97979796,0.02020202,0.02020204,0.1876209,0.003790321,1,0,0,0,0
5845,-1,0,-0.74960065,0.3209083,0,1,unassigned,85.0,84.0,1.0,0.9882353,0.011764706,0.011764705,0.16054158,0.0018887245,0,0,0,0,0
5846,-1,0,1.5817599,0.82945365,1,1,unassigned,32.0,32.0,0.0,1.0,0.0,0.0,0.058027077,0.0,0,0,0,1,0
5847,-1,0,1.1315446,0.75612384,1,1,unassigned,69.0,68.0,1.0,0.98550725,0.014492754,0.01449275,0.1295938,0.0018781711,0,0,0,1,0
5848,-1,0,-0.4334383,0.39330563,0,1,unassigned,41.0,40.0,1.0,0.9756098,0.024390243,0.02439022,0.07543521,0.001839883,0,0,0,0,0
5849,-1,1,-0.80247694,0.30949593,0,1,unassigned,62.0,58.0,4.0,0.9354839,0.06451613,0.06451613,0.116054155,0.0074873646,1,0,0,0,0
5850,1,0,-0.9164369,0.28568447,0,1,unassigned,3.0,3.0,0.0,1.0,0.0,0.0,0.001934236,0.0,0,0,0,0,0
5851,-1,1,-0.9503927,0.27880585,0,1,unassigned,64.0,64.0,0.0,1.0,0.0,0.0,0.11992263,0.0,1,0,0,0,0
5852,-1,0,-0.7708447,0.3162964,0,1,unassigned,48.0,48.0,0.0,1.0,0.0,0.0,0.088974856,0.0,0,0,0,0,0
5853,-1,0,-0.5011897,0.37726113,0,1,unassigned,68.0,67.0,1.0,0.9852941,0.014705882,0.014705896,0.12765957,0.0018773467,0,0,0,0,0
5854,-1,1,-0.92555183,0.28382802,0,1,unassigned,77.0,77.0,0.0,1.0,0.0,0.0,0.14506769,0.0,1,0,0,0,0
5855,-1,1,-0.9120759,0.28657523,0,1,unassigned,126.0,125.0,1.0,0.99206346,0.007936508,0.007936537,0.23984526,0.0019035339,1,0,0,0,0
5856,-1,0,0.5922993,0.6438926,1,1,unassigned,5.0,4.0,1.0,0.8,0.2,0.19999999,0.0058027077,0.0011605415,0,0,0,1,0
5857,1,1,0.0978958,0.5244544,1,0,unassigned,152.0,148.0,4.0,0.9736842,0.02631579,0.026315808,0.29013538,0.0076351417,1,0,1,1,0
5858,-1,1,-0.9205142,0.2848531,0,1,unassigned,41.0,41.0,0.0,1.0,0.0,0.0,0.07543521,0.0,1,0,0,0,0
5859,-1,1,-0.81636804,0.30653518,0,1,unassigned,79.0,79.0,0.0,1.0,0.0,0.0,0.14893617,0.0,1,0,0,0,0
5860,-1,1,-0.9199477,0.28496855,0,1,unassigned,17.0,17.0,0.0,1.0,0.0,0.0,0.029013539,0.0,1,0,0,0,0
5861,-1,1,-0.8268417,0.30431327,0,1,unassigned,25.0,25.0,0.0,1.0,0.0,0.0,0.044487428,0.0,1,0,0,0,0
5862,-1,1,-0.22550821,0.44386068,0,1,unassigned,22.0,22.0,0.0,1.0,0.0,0.0,0.03868472,0.0,1,0,0,0,0
5863,-1,1,0.42387372,0.6044098,1,1,unassigned,23.0,22.0,1.0,0.95652175,0.04347826,0.04347825,0.040618956,0.0017660416,1,0,0,1,0
5864,-1,1,1.2878659,0.78378576,1,1,unassigned,11.0,11.0,0.0,1.0,0.0,0.0,0.017408123,0.0,1,0,0,1,0
5865,-1,1,1.6282508,0.8359299,1,1,unassigned,46.0,41.0,5.0,0.8913044,0.10869565,0.108695626,0.08510638,0.009250693,1,0,0,1,0
5866,1,1,0.0003771186,0.50009423,1,0,train,167.0,164.0,3.0,0.98203593,0.017964073,0.017964065,0.31914893,0.0057332143,1,0,1,1,0
5867,-1,0,4.825068,0.9920379,1,1,unassigned,15.0,15.0,0.0,1.0,0.0,0.0,0.025145067,0.0,0,0,0,1,1
5868,1,0,1.1546097,0.7603519,1,0,unassigned,2.0,2.0,0.0,1.0,0.0,0.0,0.0,0.0,0,0,1,1,0
5869,-1,0,-0.6281313,0.3479344,0,1,unassigned,209.0,196.0,13.0,0.93779904,0.062200956,0.062200963,0.40038684,0.024904445,0,0,0,0,0
5870,-1,0,1.3310091,0.7910075,1,1,unassigned,37.0,33.0,4.0,0.8918919,0.10810811,0.1081081,0.06769826,0.0073187314,0,0,0,1,0
5871,-1,0,1.1355531,0.7568623,1,1,unassigned,9.0,9.0,0.0,1.0,0.0,0.0,0.013539651,0.0,0,0,0,1,0
5872,-1,0,4.1151795,0.9839392,1,1,unassigned,15.0,14.0,1.0,0.93333334,0.06666667,0.06666666,0.025145067,0.0016763379,0,0,0,1,1
5873,-1,1,-0.1780904,0.4555947,0,1,unassigned,12.0,11.0,1.0,0.9166667,0.083333336,0.08333331,0.01934236,0.0016118633,1,0,0,0,0
5874,-1,0,5.285732,0.9949622,1,1,unassigned,2.0,2.0,0.0,1.0,0.0,0.0,0.0,0.0,0,0,0,1,1
5875,-1,0,-0.27446878,0.43181032,0,1,unassigned,9.0,9.0,0.0,1.0,0.0,0.0,0.013539651,0.0,0,0,0,0,0
5876,-1,1,-0.81152296,0.30756608,0,1,unassigned,65.0,62.0,3.0,0.95384616,0.046153847,0.046153843,0.12185687,0.0056241634,1,0,0,0,0
5877,-1,1,-0.9289715,0.28313342,0,1,unassigned,25.0,25.0,0.0,1.0,0.0,0.0,0.044487428,0.0,1,0,0,0,0
5878,-1,1,-0.83146405,0.30333558,0,1,unassigned,20.0,20.0,0.0,1.0,0.0,0.0,0.034816246,0.0,1,0,0,0,0
5879,-1,1,-0.9364799,0.28161192,0,1,unassigned,22.0,21.0,1.0,0.95454544,0.045454547,0.04545456,0.03868472,0.0017583964,1,0,0,0,0
5880,-1,1,-0.85577905,0.29822198,0,1,unassigned,98.0,93.0,5.0,0.9489796,0.05102041,0.051020384,0.18568665,0.009473809,1,0,0,0,0
5881,-1,1,-0.19677088,0.45096543,0,1,unassigned,92.0,91.0,1.0,0.98913044,0.010869565,0.010869563,0.17408124,0.0018921874,1,0,0,0,0
5882,-1,1,-0.8948691,0.29010603,0,1,unassigned,86.0,85.0,1.0,0.9883721,0.011627907,0.0116279125,0.16247582,0.0018892537,1,0,0,0,0
5883,1,1,-0.8338871,0.30282378,0,1,test,148.0,144.0,4.0,0.972973,0.027027028,0.02702701,0.28239846,0.007632391,1,0,0,0,0
5884,1,1,-0.90242636,0.28855214,0,1,train,88.0,88.0,0.0,1.0,0.0,0.0,0.1663443,0.0,1,0,0,0,0
5885,-1,1,-0.8698883,0.29527754,0,1,unassigned,107.0,106.0,1.0,0.99065423,0.009345794,0.00934577,0.20309478,0.001898082,1,0,0,0,0
5886,-1,1,-0.9078206,0.287446,0,1,unassigned,57.0,55.0,2.0,0.9649123,0.03508772,0.035087705,0.10638298,0.0037327362,1,0,0,0,0
5887,-1,1,-0.94629896,0.27962974,0,1,unassigned,26.0,25.0,1.0,0.96153843,0.03846154,0.038461566,0.046421662,0.0017854486,1,0,0,0,0
5888,1,1,5.1950088,0.9944864,1,0,train,14.0,14.0,0.0,1.0,0.0,0.0,0.023210831,0.0,1,0,1,1,1
5889,-1,1,-0.80394316,0.30918267,0,1,unassigned,75.0,61.0,14.0,0.81333333,0.18666667,0.18666667,0.14119923,0.02635719,1,0,0,0,0
5890,-1,1,-0.951681,0.27854687,0,1,unassigned,32.0,32.0,0.0,1.0,0.0,0.0,0.058027077,0.0,1,0,0,0,0
5891,-1,1,9.473919,0.9999232,1,1,unassigned,7.0,6.0,1.0,0.85714287,0.14285715,0.14285713,0.00967118,0.0013815971,1,0,0,1,1
5892,-1,0,0.31606275,0.57836443,1,1,unassigned,45.0,44.0,1.0,0.9777778,0.022222223,0.02222222,0.08317215,0.0018482701,0,0,0,1,0
5893,-1,0,0.38165307,0.5942717,1,1,unassigned,10.0,10.0,0.0,1.0,0.0,0.0,0.015473888,0.0,0,0,0,1,0
5894,-1,1,0.41963392,0.60339564,1,1,unassigned,9.0,9.0,0.0,1.0,0.0,0.0,0.013539651,0.0,1,0,0,1,0
5895,-1,0,-0.056119025,0.48597392,0,1,unassigned,87.0,83.0,4.0,0.954023,0.04597701,0.045976996,0.16441005,0.007559083,0,0,0,0,0
5896,-1,0,-0.3158162,0.42169574,0,1,unassigned,11.0,11.0,0.0,1.0,0.0,0.0,0.017408123,0.0,0,0,0,0,0
5897,0,0,-0.75416684,0.31991404,0,0,unassigned,14.0,12.0,2.0,0.85714287,0.14285715,0.14285713,0.023210831,0.0033158332,0,0,1,0,0
5898,-1,0,-0.66407734,0.3398243,0,1,unassigned,91.0,88.0,3.0,0.96703297,0.032967035,0.03296703,0.172147,0.005675176,0,0,0,0,0
5899,-1,0,-0.6708113,0.3383152,0,1,unassigned,18.0,18.0,0.0,1.0,0.0,0.0,0.030947777,0.0,0,0,0,0,0
5900,-1,1,-0.9251506,0.2839096,0,1,unassigned,34.0,33.0,1.0,0.9705882,0.029411765,0.029411793,0.061895553,0.0018204574,1,0,0,0,0
5901,-1,1,1.025955,0.73613095,1,1,unassigned,10.0,10.0,0.0,1.0,0.0,0.0,0.015473888,0.0,1,0,0,1,0
5902,-1,1,2.742595,0.9394937,1,1,unassigned,13.0,13.0,0.0,1.0,0.0,0.0,0.021276595,0.0,1,0,0,1,1
5903,-1,1,-0.9467184,0.27954525,0,1,unassigned,39.0,39.0,0.0,1.0,0.0,0.0,0.07156673,0.0,1,0,0,0,0
5904,-1,1,-0.7840142,0.31345537,0,1,unassigned,74.0,73.0,1.0,0.9864865,0.013513514,0.013513505,0.13926499,0.0018819593,1,0,0,0,0
5905,-1,0,-0.4447499,0.39060974,0,1,unassigned,44.0,44.0,0.0,1.0,0.0,0.0,0.08123791,0.0,0,0,0,0,0
5906,-1,1,-0.75490046,0.31975445,0,1,unassigned,127.0,123.0,4.0,0.96850395,0.031496063,0.031496048,0.24177949,0.007615102,1,0,0,0,0
5907,-1,1,-0.89157504,0.2907849,0,1,unassigned,62.0,62.0,0.0,1.0,0.0,0.0,0.116054155,0.0,1,0,0,0,0
5908,0,0,-0.7527209,0.3202287,0,0,test,20.0,20.0,0.0,1.0,0.0,0.0,0.034816246,0.0,0,0,1,0,0
5909,-1,1,-0.9128758,0.28641173,0,1,unassigned,24.0,24.0,0.0,1.0,0.0,0.0,0.04255319,0.0,1,0,0,0,0
5910,-1,1,-0.9366395,0.28157964,0,1,unassigned,65.0,64.0,1.0,0.9846154,0.015384615,0.0153846145,0.12185687,0.001874721,1,0,0,0,0
5911,-1,0,-0.7362485,0.32382503,0,1,unassigned,41.0,38.0,3.0,0.9268293,0.07317073,0.07317072,0.07543521,0.005519649,0,0,0,0,0
5912,-1,1,-0.3304248,0.41813728,0,1,unassigned,99.0,95.0,4.0,0.959596,0.04040404,0.04040402,0.1876209,0.007580642,1,0,0,0,0
5913,-1,0,0.0845238,0.52111834,1,1,unassigned,8.0,7.0,1.0,0.875,0.125,0.125,0.0116054155,0.0014506769,0,0,0,1,0
5914,-1,1,-0.60263085,0.353742,0,1,unassigned,86.0,84.0,2.0,0.9767442,0.023255814,0.023255825,0.16247582,0.0037785075,1,0,0,0,0
5915,-1,1,-0.92548215,0.28384218,0,1,unassigned,20.0,20.0,0.0,1.0,0.0,0.0,0.034816246,0.0,1,0,0,0,0
5916,-1,1,-0.7556851,0.3195838,0,1,unassigned,11.0,11.0,0.0,1.0,0.0,0.0,0.017408123,0.0,1,0,0,0,0
5917,-1,1,-0.039496064,0.49012724,0,1,unassigned,27.0,27.0,0.0,1.0,0.0,0.0,0.0483559,0.0,1,0,0,0,0
5918,-1,1,-0.75339997,0.3200809,0,1,unassigned,2.0,2.0,0.0,1.0,0.0,0.0,0.0,0.0,1,0,0,0,0
5919,-1,1,3.0438225,0.9545151,1,1,unassigned,9.0,9.0,0.0,1.0,0.0,0.0,0.013539651,0.0,1,0,0,1,1
5920,1,1,2.549095,0.92751265,1,0,test,7.0,7.0,0.0,1.0,0.0,0.0,0.00967118,0.0,1,0,1,1,1
5921,-1,0,-0.42735523,0.39475808,0,1,unassigned,2.0,2.0,0.0,1.0,0.0,0.0,0.0,0.0,0,0,0,0,0
5922,-1,0,2.6298816,0.93276006,1,1,unassigned,11.0,11.0,0.0,1.0,0.0,0.0,0.017408123,0.0,0,0,0,1,1
5923,1,1,3.2979753,0.9643592,1,0,unassigned,5.0,5.0,0.0,1.0,0.0,0.0,0.0058027077,0.0,1,0,1,1,1
5924,-1,1,6.422399,0.9983779,1,1,unassigned,2.0,2.0,0.0,1.0,0.0,0.0,0.0,0.0,1,0,0,1,1
5925,-1,0,-0.19564417,0.45124438,0,1,unassigned,24.0,24.0,0.0,1.0,0.0,0.0,0.04255319,0.0,0,0,0,0,0
5926,-1,0,-0.975763,0.27373332,0,1,unassigned,19.0,19.0,0.0,1.0,0.0,0.0,0.032882012,0.0,0,0,0,0,0
5927,-1,1,-0.73233443,0.32468265,0,1,unassigned,5.0,5.0,0.0,1.0,0.0,0.0,0.0058027077,0.0,1,0,0,0,0
5928,-1,0,0.9337751,0.7178405,1,1,unassigned,4.0,4.0,0.0,1.0,0.0,0.0,0.003868472,0.0,0,0,0,1,0
5929,1,1,-0.04475361,0.48881346,0,1,val,13.0,13.0,0.0,1.0,0.0,0.0,0.021276595,0.0,1,0,0,0,0
5930,-1,1,4.1987824,0.9852083,1,1,unassigned,3.0,2.0,1.0,0.6666667,0.33333334,0.3333333,0.001934236,0.00064474536,1,0,0,1,1
5931,-1,0,1.0820868,0.7468887,1,1,unassigned,10.0,10.0,0.0,1.0,0.0,0.0,0.015473888,0.0,0,0,0,1,0
5932,-1,0,-0.14998928,0.4625728,0,1,unassigned,17.0,17.0,0.0,1.0,0.0,0.0,0.029013539,0.0,0,0,0,0,0
5933,-1,0,1.3890417,0.80043924,1,1,unassigned,24.0,24.0,0.0,1.0,0.0,0.0,0.04255319,0.0,0,0,0,1,0
5934,-1,0,-0.064144135,0.48396948,0,1,unassigned,4.0,3.0,1.0,0.75,0.25,0.25,0.003868472,0.000967118,0,0,0,0,0
5935,-1,1,-0.7058716,0.33051172,0,1,unassigned,3.0,3.0,0.0,1.0,0.0,0.0,0.001934236,0.0,1,0,0,0,0
5936,-1,0,10.066372,0.99995756,1,1,unassigned,2.0,2.0,0.0,1.0,0.0,0.0,0.0,0.0,0,0,0,1,1
5937,-1,1,5.4824347,0.995858,1,1,unassigned,19.0,17.0,2.0,0.8947368,0.10526316,0.10526317,0.032882012,0.0034612645,1,0,0,1,1
5938,-1,1,0.83502036,0.6974154,1,1,unassigned,6.0,5.0,1.0,0.8333333,0.16666667,0.16666669,0.007736944,0.0012894907,1,0,0,1,0
5939,-1,1,-0.8245029,0.30480865,0,1,unassigned,99.0,96.0,3.0,0.969697,0.030303031,0.030303001,0.1876209,0.0056854817,1,0,0,0,0
5940,0,0,-0.19994769,0.45017898,0,0,unassigned,53.0,53.0,0.0,1.0,0.0,0.0,0.09864604,0.0,0,0,1,0,0
5941,-1,0,-0.11941743,0.47018108,0,1,unassigned,17.0,17.0,0.0,1.0,0.0,0.0,0.029013539,0.0,0,0,0,0,0
5942,-1,0,-0.24056447,0.44014725,0,1,unassigned,32.0,31.0,1.0,0.96875,0.03125,0.03125,0.058027077,0.0018133462,0,0,0,0,0
5943,-1,0,-0.12646163,0.46842664,0,1,unassigned,32.0,31.0,1.0,0.96875,0.03125,0.03125,0.058027077,0.0018133462,0,0,0,0,0
5944,-1,1,-0.36754727,0.40913382,0,1,unassigned,33.0,32.0,1.0,0.969697,0.030303031,0.030303001,0.059961315,0.0018170096,1,0,0,0,0
5945,-1,1,-0.42757064,0.3947066,0,1,unassigned,15.0,15.0,0.0,1.0,0.0,0.0,0.025145067,0.0,1,0,0,0,0
5946,-1,0,5.941836,0.99737966,1,1,unassigned,6.0,5.0,1.0,0.8333333,0.16666667,0.16666669,0.007736944,0.0012894907,0,0,0,1,1
5947,-1,0,2.6001947,0.93087405,1,1,unassigned,6.0,5.0,1.0,0.8333333,0.16666667,0.16666669,0.007736944,0.0012894907,0,0,0,1,1
5948,1,1,-0.49554056,0.3785892,0,1,train,57.0,57.0,0.0,1.0,0.0,0.0,0.10638298,0.0,1,0,0,0,0
5949,-1,0,-0.32449025,0.41958186,0,1,unassigned,4.0,4.0,0.0,1.0,0.0,0.0,0.003868472,0.0,0,0,0,0,0
5950,-1,0,-0.7781683,0.3147148,0,1,unassigned,34.0,34.0,0.0,1.0,0.0,0.0,0.061895553,0.0,0,0,0,0,0
5951,0,0,0.05567968,0.5139163,1,1,val,22.0,22.0,0.0,1.0,0.0,0.0,0.03868472,0.0,0,0,0,1,0
5952,-1,0,0.93098956,0.717276,1,1,unassigned,3.0,3.0,0.0,1.0,0.0,0.0,0.001934236,0.0,0,0,0,1,0
5953,0,0,5.7549806,0.9968431,1,1,val,2.0,2.0,0.0,1.0,0.0,0.0,0.0,0.0,0,0,0,1,1
5954,-1,1,0.075077236,0.5187605,1,1,unassigned,10.0,10.0,0.0,1.0,0.0,0.0,0.015473888,0.0,1,0,0,1,0
5955,-1,1,7.793957,0.99958795,1,1,unassigned,17.0,16.0,1.0,0.9411765,0.05882353,0.058823526,0.029013539,0.0017066788,1,0,0,1,1
5956,0,0,-0.91958475,0.28504252,0,0,val,4.0,3.0,1.0,0.75,0.25,0.25,0.003868472,0.000967118,0,0,1,0,0
5957,-1,1,3.547002,0.97199595,1,1,unassigned,4.0,4.0,0.0,1.0,0.0,0.0,0.003868472,0.0,1,0,0,1,1
5958,-1,1,0.83625823,0.6976766,1,1,unassigned,31.0,31.0,0.0,1.0,0.0,0.0,0.056092843,0.0,1,0,0,1,0
5959,-1,1,0.9489028,0.7208945,1,1,unassigned,21.0,20.0,1.0,0.95238096,0.04761905,0.047619045,0.036750484,0.0017500231,1,0,0,1,0
5960,-1,0,1.5798647,0.82918537,1,1,unassigned,3.0,3.0,0.0,1.0,0.0,0.0,0.001934236,0.0,0,0,0,1,0
5961,-1,0,0.14782333,0.53688866,1,1,unassigned,9.0,9.0,0.0,1.0,0.0,0.0,0.013539651,0.0,0,0,0,1,0
5962,0,0,-0.2652759,0.43406722,0,0,unassigned,12.0,12.0,0.0,1.0,0.0,0.0,0.01934236,0.0,0,0,1,0,0
5963,1,0,-0.38475394,0.4049808,0,1,val,21.0,21.0,0.0,1.0,0.0,0.0,0.036750484,0.0,0,0,0,0,0
5964,-1,0,2.0056834,0.8813925,1,1,unassigned,14.0,14.0,0.0,1.0,0.0,0.0,0.023210831,0.0,0,0,0,1,0
5965,-1,0,0.19003022,0.5473651,1,1,unassigned,8.0,8.0,0.0,1.0,0.0,0.0,0.0116054155,0.0,0,0,0,1,0
5966,-1,0,2.534975,0.9265576,1,1,unassigned,4.0,4.0,0.0,1.0,0.0,0.0,0.003868472,0.0,0,0,0,1,1
5967,-1,1,1.8112738,0.8595157,1,1,unassigned,5.0,5.0,0.0,1.0,0.0,0.0,0.0058027077,0.0,1,0,0,1,0
5968,-1,0,0.55133635,0.6344456,1,1,unassigned,9.0,8.0,1.0,0.8888889,0.11111111,0.111111104,0.013539651,0.0015044058,0,0,0,1,0
5969,-1,0,-0.7614343,0.31833497,0,1,unassigned,19.0,19.0,0.0,1.0,0.0,0.0,0.032882012,0.0,0,0,0,0,0
5970,-1,0,-0.8961887,0.28983435,0,1,unassigned,26.0,26.0,0.0,1.0,0.0,0.0,0.046421662,0.0,0,0,0,0,0
5971,-1,0,0.432514,0.60647386,1,1,unassigned,29.0,28.0,1.0,0.9655172,0.03448276,0.034482777,0.05222437,0.0018008404,0,0,0,1,0
5972,-1,1,-0.84304905,0.300893,0,1,unassigned,79.0,68.0,11.0,0.8607595,0.1392405,0.1392405,0.14893617,0.020737946,1,0,0,0,0
5973,-1,0,2.4421232,0.91998345,1,1,unassigned,30.0,30.0,0.0,1.0,0.0,0.0,0.054158606,0.0,0,0,0,1,1
5974,-1,1,-0.8385869,0.30183247,0,1,unassigned,34.0,32.0,2.0,0.9411765,0.05882353,0.058823526,0.061895553,0.0036409148,1,0,0,0,0
5975,0,0,-0.60762775,0.35260054,0,0,unassigned,54.0,53.0,1.0,0.9814815,0.018518519,0.018518507,0.10058027,0.0018625975,0,0,1,0,0
5976,-1,0,0.91528827,0.7140811,1,1,unassigned,3.0,3.0,0.0,1.0,0.0,0.0,0.001934236,0.0,0,0,0,1,0
5977,-1,1,0.71567374,0.6716536,1,1,unassigned,49.0,47.0,2.0,0.9591837,0.040816326,0.040816307,0.09090909,0.0037105752,1,0,0,1,0
5978,-1,1,-0.8510268,0.29921752,0,1,unassigned,109.0,106.0,3.0,0.9724771,0.027522936,0.027522922,0.20696326,0.0056962366,1,0,0,0,0
5979,0,0,-0.61855626,0.3501099,0,0,test,113.0,107.0,6.0,0.94690263,0.053097345,0.053097367,0.21470019,0.01140001,0,0,1,0,0
5980,-1,0,-0.0021076798,0.49947307,0,1,unassigned,13.0,13.0,0.0,1.0,0.0,0.0,0.021276595,0.0,0,0,0,0,0
5981,-1,0,-0.4697068,0.38468564,0,1,unassigned,92.0,92.0,0.0,1.0,0.0,0.0,0.17408124,0.0,0,0,0,0,0
5982,-1,1,-0.9821973,0.272456,0,1,unassigned,40.0,40.0,0.0,1.0,0.0,0.0,0.07350097,0.0,1,0,0,0,0
5983,-1,0,-0.5628177,0.36289576,0,1,unassigned,40.0,36.0,4.0,0.9,0.1,0.100000024,0.07350097,0.007350097,0,0,0,0,0
5984,0,1,-0.8659575,0.29609618,0,0,val,51.0,48.0,3.0,0.9411765,0.05882353,0.058823526,0.09477756,0.0055751507,1,0,1,0,0
5985,-1,1,0.29545587,0.57333124,1,1,unassigned,3.0,3.0,0.0,1.0,0.0,0.0,0.001934236,0.0,1,0,0,1,0
5986,-1,1,-0.98604363,0.27169424,0,1,unassigned,56.0,55.0,1.0,0.98214287,0.017857144,0.017857134,0.10444874,0.0018651562,1,0,0,0,0
5987,-1,1,-0.42891112,0.39438638,0,1,unassigned,53.0,53.0,0.0,1.0,0.0,0.0,0.09864604,0.0,1,0,0,0,0
5988,-1,0,-0.8030138,0.30938122,0,1,unassigned,61.0,61.0,0.0,1.0,0.0,0.0,0.114119925,0.0,0,0,0,0,0
5989,-1,1,-0.9804649,0.27279955,0,1,unassigned,45.0,45.0,0.0,1.0,0.0,0.0,0.08317215,0.0,1,0,0,0,0
5990,-1,0,-0.45948613,0.38710776,0,1,unassigned,89.0,86.0,3.0,0.96629214,0.033707865,0.033707857,0.16827853,0.00567231,0,0,0,0,0
5991,0,1,-0.9134314,0.2862982,0,0,train,34.0,32.0,2.0,0.9411765,0.05882353,0.058823526,0.061895553,0.0036409148,1,0,1,0,0
5992,-1,1,-0.8757255,0.29406434,0,1,unassigned,60.0,59.0,1.0,0.98333335,0.016666668,0.01666665,0.11218569,0.0018697615,1,0,0,0,0
5993,-1,1,-0.5427091,0.3675576,0,1,unassigned,75.0,73.0,2.0,0.97333336,0.026666667,0.026666641,0.14119923,0.003765313,1,0,0,0,0
5994,-1,0,0.5490423,0.6339134,1,1,unassigned,18.0,18.0,0.0,1.0,0.0,0.0,0.030947777,0.0,0,0,0,1,0
5995,-1,0,1.831352,0.86192274,1,1,unassigned,2.0,2.0,0.0,1.0,0.0,0.0,0.0,0.0,0,0,0,1,0
5996,-1,0,-0.3834442,0.4052965,0,1,unassigned,7.0,7.0,0.0,1.0,0.0,0.0,0.00967118,0.0,0,0,0,0,0
5997,-1,0,0.98563987,0.7282258,1,1,unassigned,6.0,6.0,0.0,1.0,0.0,0.0,0.007736944,0.0,0,0,0,1,0
5998,0,1,0.13640344,0.5340481,1,1,unassigned,4.0,4.0,0.0,1.0,0.0,0.0,0.003868472,0.0,1,0,0,1,0
5999,-1,0,-0.54932195,0.36602175,0,1,unassigned,2.0,2.0,0.0,1.0,0.0,0.0,0.0,0.0,0,0,0,0,0
6000,-1,0,6.577211,0.99861014,1,1,unassigned,2.0,2.0,0.0,1.0,0.0,0.0,0.0,0.0,0,0,0,1,1
6001,-1,1,-0.53425425,0.3695252,0,1,unassigned,55.0,55.0,0.0,1.0,0.0,0.0,0.102514505,0.0,1,0,0,0,0
6002,1,0,3.6451223,0.9745466,1,0,unassigned,9.0,9.0,0.0,1.0,0.0,0.0,0.013539651,0.0,0,0,1,1,1
6003,-1,0,3.9183853,0.9805141,1,1,unassigned,22.0,22.0,0.0,1.0,0.0,0.0,0.03868472,0.0,0,0,0,1,1
6004,-1,0,0.46697038,0.61466646,1,1,unassigned,14.0,14.0,0.0,1.0,0.0,0.0,0.023210831,0.0,0,0,0,1,0
6005,-1,0,-0.054805815,0.486302,0,1,unassigned,23.0,23.0,0.0,1.0,0.0,0.0,0.040618956,0.0,0,0,0,0,0
6006,-1,1,5.746408,0.996816,1,1,unassigned,4.0,3.0,1.0,0.75,0.25,0.25,0.003868472,0.000967118,1,0,0,1,1
6007,-1,0,2.0618193,0.88713646,1,1,unassigned,5.0,5.0,0.0,1.0,0.0,0.0,0.0058027077,0.0,0,0,0,1,0
6008,-1,0,-0.022164524,0.49445912,0,1,unassigned,48.0,1.0,47.0,0.020833334,0.9791667,0.9791667,0.088974856,0.08712122,0,0,0,0,0
6009,1,0,3.833655,0.97882754,1,0,test,15.0,14.0,1.0,0.93333334,0.06666667,0.06666666,0.025145067,0.0016763379,0,0,1,1,1
6010,0,1,-0.5353352,0.3692734,0,0,train,25.0,25.0,0.0,1.0,0.0,0.0,0.044487428,0.0,1,0,1,0,0
6011,-1,1,2.2903879,0.90807784,1,1,unassigned,4.0,3.0,1.0,0.75,0.25,0.25,0.003868472,0.000967118,1,0,0,1,1
6012,-1,0,3.3221703,0.96518165,1,1,unassigned,25.0,23.0,2.0,0.92,0.08,0.07999998,0.044487428,0.003558994,0,0,0,1,1
6013,-1,0,1.2728877,0.78123665,1,1,unassigned,7.0,6.0,1.0,0.85714287,0.14285715,0.14285713,0.00967118,0.0013815971,0,0,0,1,0
6014,-1,0,2.8019514,0.9427812,1,1,unassigned,5.0,5.0,0.0,1.0,0.0,0.0,0.0058027077,0.0,0,0,0,1,1
6015,-1,0,-0.10438216,0.47392815,0,1,unassigned,25.0,25.0,0.0,1.0,0.0,0.0,0.044487428,0.0,0,0,0,0,0
6016,-1,1,-0.3424577,0.4152126,0,1,unassigned,68.0,64.0,4.0,0.9411765,0.05882353,0.058823526,0.12765957,0.0075093866,1,0,0,0,0
6017,-1,1,-0.49647692,0.37836897,0,1,unassigned,46.0,46.0,0.0,1.0,0.0,0.0,0.08510638,0.0,1,0,0,0,0
6018,-1,0,2.8001435,0.9426835,1,1,unassigned,17.0,17.0,0.0,1.0,0.0,0.0,0.029013539,0.0,0,0,0,1,1
6019,-1,0,-0.8108282,0.30771405,0,1,unassigned,120.0,110.0,10.0,0.9166667,0.083333336,0.08333331,0.22823985,0.019019987,0,0,0,0,0
6020,-1,0,2.0012407,0.88092726,1,1,unassigned,18.0,17.0,1.0,0.9444444,0.055555556,0.055555582,0.030947777,0.0017193209,0,0,0,1,0
6021,-1,0,-0.04488504,0.48878065,0,1,unassigned,16.0,14.0,2.0,0.875,0.125,0.125,0.027079303,0.0033849129,0,0,0,0,0
6022,-1,0,0.051212728,0.5128004,1,1,unassigned,44.0,44.0,0.0,1.0,0.0,0.0,0.08123791,0.0,0,0,0,1,0
6023,-1,0,2.184705,0.8988676,1,1,unassigned,5.0,5.0,0.0,1.0,0.0,0.0,0.0058027077,0.0,0,0,0,1,0
6024,-1,0,2.8328626,0.944426,1,1,unassigned,4.0,4.0,0.0,1.0,0.0,0.0,0.003868472,0.0,0,0,0,1,1
6025,-1,1,-0.47402287,0.38366452,0,1,unassigned,17.0,17.0,0.0,1.0,0.0,0.0,0.029013539,0.0,1,0,0,0,0
6026,-1,0,-0.008405447,0.49789864,0,1,unassigned,4.0,3.0,1.0,0.75,0.25,0.25,0.003868472,0.000967118,0,0,0,0,0
6027,-1,1,-0.85738885,0.29788518,0,1,unassigned,9.0,8.0,1.0,0.8888889,0.11111111,0.111111104,0.013539651,0.0015044058,1,0,0,0,0
6028,-1,1,1.0172126,0.7344293,1,1,unassigned,12.0,9.0,3.0,0.75,0.25,0.25,0.01934236,0.00483559,1,0,0,1,0
6029,0,0,-0.44243068,0.39116192,0,0,val,20.0,20.0,0.0,1.0,0.0,0.0,0.034816246,0.0,0,0,1,0,0
6030,-1,0,0.47027403,0.61544865,1,1,unassigned,4.0,4.0,0.0,1.0,0.0,0.0,0.003868472,0.0,0,0,0,1,0
6031,-1,0,-0.86867255,0.2955306,0,1,unassigned,89.0,89.0,0.0,1.0,0.0,0.0,0.16827853,0.0,0,0,0,0,0
6032,1,1,-0.49435487,0.3788682,0,1,unassigned,4.0,4.0,0.0,1.0,0.0,0.0,0.003868472,0.0,1,0,0,0,0
6033,-1,0,-0.7382598,0.3233848,0,1,unassigned,32.0,32.0,0.0,1.0,0.0,0.0,0.058027077,0.0,0,0,0,0,0
6034,-1,0,-0.57041216,0.36114177,0,1,unassigned,5.0,5.0,0.0,1.0,0.0,0.0,0.0058027077,0.0,0,0,0,0,0
6035,0,0,-0.37052512,0.40841416,0,0,unassigned,14.0,12.0,2.0,0.85714287,0.14285715,0.14285713,0.023210831,0.0033158332,0,0,1,0,0
6036,0,1,0.47142905,0.61572194,1,1,test,23.0,23.0,0.0,1.0,0.0,0.0,0.040618956,0.0,1,0,0,1,0
6037,1,0,0.5328389,0.630145,1,0,unassigned,11.0,11.0,0.0,1.0,0.0,0.0,0.017408123,0.0,0,0,1,1,0
6038,-1,1,-0.32678777,0.4190224,0,1,unassigned,23.0,23.0,0.0,1.0,0.0,0.0,0.040618956,0.0,1,0,0,0,0
6039,-1,0,10.210419,0.99996316,1,1,unassigned,2.0,2.0,0.0,1.0,0.0,0.0,0.0,0.0,0,0,0,1,1
6040,-1,1,-0.20315725,0.4493847,0,1,unassigned,2.0,2.0,0.0,1.0,0.0,0.0,0.0,0.0,1,0,0,0,0
6041,-1,0,10.066372,0.99995756,1,1,unassigned,2.0,2.0,0.0,1.0,0.0,0.0,0.0,0.0,0,0,0,1,1
6042,-1,0,4.0168247,0.9823086,1,1,unassigned,21.0,13.0,8.0,0.61904764,0.3809524,0.38095236,0.036750484,0.014000185,0,0,0,1,1
6043,-1,0,-0.8976685,0.28952986,0,1,unassigned,29.0,29.0,0.0,1.0,0.0,0.0,0.05222437,0.0,0,0,0,0,0
6044,-1,0,-0.49629515,0.3784117,0,1,unassigned,39.0,39.0,0.0,1.0,0.0,0.0,0.07156673,0.0,0,0,0,0,0
6045,-1,0,2.3487036,0.9128312,1,1,unassigned,9.0,9.0,0.0,1.0,0.0,0.0,0.013539651,0.0,0,0,0,1,1
6046,0,0,-0.78624713,0.31297505,0,0,unassigned,53.0,52.0,1.0,0.9811321,0.018867925,0.01886791,0.09864604,0.0018612461,0,0,1,0,0
6047,0,1,0.61020714,0.647988,1,1,unassigned,10.0,8.0,2.0,0.8,0.2,0.19999999,0.015473888,0.0030947777,1,0,0,1,0
6048,-1,0,-0.710912,0.32939735,0,1,unassigned,27.0,27.0,0.0,1.0,0.0,0.0,0.0483559,0.0,0,0,0,0,0
6049,-1,1,-0.61394423,0.35116,0,1,unassigned,6.0,6.0,0.0,1.0,0.0,0.0,0.007736944,0.0,1,0,0,0,0
6050,-1,1,-0.9213642,0.28468,0,1,unassigned,41.0,41.0,0.0,1.0,0.0,0.0,0.07543521,0.0,1,0,0,0,0
6051,-1,1,-0.18246382,0.45451018,0,1,unassigned,98.0,92.0,6.0,0.93877554,0.06122449,0.06122446,0.18568665,0.011368571,1,0,0,0,0
6052,-1,1,-0.97245556,0.27439132,0,1,unassigned,24.0,24.0,0.0,1.0,0.0,0.0,0.04255319,0.0,1,0,0,0,0
6053,0,1,-0.19330102,0.45182464,0,0,val,83.0,81.0,2.0,0.97590363,0.024096385,0.02409637,0.15667312,0.0037752558,1,0,1,0,0
6054,0,1,-0.35277864,0.4127088,0,0,unassigned,17.0,17.0,0.0,1.0,0.0,0.0,0.029013539,0.0,1,0,1,0,0
6055,-1,1,-0.9441267,0.2800675,0,1,unassigned,13.0,13.0,0.0,1.0,0.0,0.0,0.021276595,0.0,1,0,0,0,0
6056,1,1,-0.34490263,0.4146191,0,1,val,35.0,35.0,0.0,1.0,0.0,0.0,0.06382979,0.0,1,0,0,0,0
6057,-1,1,-0.9779388,0.27330098,0,1,unassigned,16.0,16.0,0.0,1.0,0.0,0.0,0.027079303,0.0,1,0,0,0,0
6058,-1,1,-0.9470513,0.27947822,0,1,unassigned,54.0,53.0,1.0,0.9814815,0.018518519,0.018518507,0.10058027,0.0018625975,1,0,0,0,0
6059,-1,1,-0.08087599,0.47979197,0,1,unassigned,5.0,5.0,0.0,1.0,0.0,0.0,0.0058027077,0.0,1,0,0,0,0
6060,-1,0,2.39662,0.9165692,1,1,unassigned,6.0,6.0,0.0,1.0,0.0,0.0,0.007736944,0.0,0,0,0,1,1
6061,-1,1,0.28473133,0.5707058,1,1,unassigned,3.0,3.0,0.0,1.0,0.0,0.0,0.001934236,0.0,1,0,0,1,0
6062,-1,1,0.5660623,0.6378541,1,1,unassigned,53.0,52.0,1.0,0.9811321,0.018867925,0.01886791,0.09864604,0.0018612461,1,0,0,1,0
6063,-1,0,3.196697,0.9607098,1,1,unassigned,4.0,3.0,1.0,0.75,0.25,0.25,0.003868472,0.000967118,0,0,0,1,1
6064,-1,1,-0.5078786,0.37569097,0,1,unassigned,10.0,9.0,1.0,0.9,0.1,0.100000024,0.015473888,0.0015473888,1,0,0,0,0
6065,-1,1,-0.2524144,0.4372293,0,1,unassigned,31.0,31.0,0.0,1.0,0.0,0.0,0.056092843,0.0,1,0,0,0,0
6066,-1,1,3.1990678,0.9607992,1,1,unassigned,10.0,9.0,1.0,0.9,0.1,0.100000024,0.015473888,0.0015473888,1,0,0,1,1
6067,1,1,1.4899449,0.81607,1,0,test,9.0,9.0,0.0,1.0,0.0,0.0,0.013539651,0.0,1,0,1,1,0
6068,-1,0,2.705913,0.93737465,1,1,unassigned,3.0,3.0,0.0,1.0,0.0,0.0,0.001934236,0.0,0,0,0,1,1
6069,-1,0,2.3973465,0.9166248,1,1,unassigned,2.0,2.0,0.0,1.0,0.0,0.0,0.0,0.0,0,0,0,1,1
6070,1,1,0.4405766,0.6083964,1,0,test,10.0,10.0,0.0,1.0,0.0,0.0,0.015473888,0.0,1,0,1,1,0
6071,-1,0,2.5688565,0.92883015,1,1,unassigned,11.0,11.0,0.0,1.0,0.0,0.0,0.017408123,0.0,0,0,0,1,1
6072,-1,0,4.354021,0.9873081,1,1,unassigned,22.0,20.0,2.0,0.90909094,0.09090909,0.090909064,0.03868472,0.0035167928,0,0,0,1,1
6073,-1,0,-0.70207644,0.331352,0,1,unassigned,51.0,51.0,0.0,1.0,0.0,0.0,0.09477756,0.0,0,0,0,0,0
6074,-1,0,6.942773,0.99903536,1,1,unassigned,2.0,2.0,0.0,1.0,0.0,0.0,0.0,0.0,0,0,0,1,1
6075,-1,0,6.62631,0.9986767,1,1,unassigned,2.0,2.0,0.0,1.0,0.0,0.0,0.0,0.0,0,0,0,1,1
6076,0,0,-0.0035757422,0.4991061,0,0,unassigned,5.0,5.0,0.0,1.0,0.0,0.0,0.0058027077,0.0,0,0,1,0,0
6077,-1,0,4.025377,0.98245656,1,1,unassigned,2.0,2.0,0.0,1.0,0.0,0.0,0.0,0.0,0,0,0,1,1
6078,1,0,1.8297548,0.86173254,1,0,unassigned,2.0,2.0,0.0,1.0,0.0,0.0,0.0,0.0,0,0,1,1,0
6079,-1,0,-0.91987836,0.28498268,0,1,unassigned,28.0,28.0,0.0,1.0,0.0,0.0,0.050290134,0.0,0,0,0,0,0
6080,-1,0,3.7639277,0.9773332,1,1,unassigned,2.0,2.0,0.0,1.0,0.0,0.0,0.0,0.0,0,0,0,1,1
6081,-1,0,2.155925,0.8962211,1,1,unassigned,4.0,4.0,0.0,1.0,0.0,0.0,0.003868472,0.0,0,0,0,1,0
6082,-1,0,-0.9181888,0.28532708,0,1,unassigned,41.0,41.0,0.0,1.0,0.0,0.0,0.07543521,0.0,0,0,0,0,0
6083,-1,0,2.8044121,0.9429138,1,1,unassigned,4.0,4.0,0.0,1.0,0.0,0.0,0.003868472,0.0,0,0,0,1,1
6084,-1,0,2.48227,0.92288953,1,1,unassigned,11.0,8.0,3.0,0.72727275,0.27272728,0.27272725,0.017408123,0.00474767,0,0,0,1,1
6085,-1,0,0.57597774,0.64014137,1,1,unassigned,4.0,4.0,0.0,1.0,0.0,0.0,0.003868472,0.0,0,0,0,1,0
6086,-1,0,3.2844803,0.9638925,1,1,unassigned,8.0,6.0,2.0,0.75,0.25,0.25,0.0116054155,0.0029013539,0,0,0,1,1
6087,-1,1,-0.05947709,0.4851351,0,1,unassigned,21.0,21.0,0.0,1.0,0.0,0.0,0.036750484,0.0,1,0,0,0,0
6088,-1,1,0.56270486,0.63707817,1,1,unassigned,16.0,12.0,4.0,0.75,0.25,0.25,0.027079303,0.0067698257,1,0,0,1,0
6089,-1,0,5.220761,0.99462587,1,1,unassigned,2.0,2.0,0.0,1.0,0.0,0.0,0.0,0.0,0,0,0,1,1
6090,-1,0,-0.6867349,0.3347598,0,1,unassigned,14.0,14.0,0.0,1.0,0.0,0.0,0.023210831,0.0,0,0,0,0,0
6091,-1,1,-0.44797015,0.3898435,0,1,unassigned,11.0,8.0,3.0,0.72727275,0.27272728,0.27272725,0.017408123,0.00474767,1,0,0,0,0
6092,-1,0,-0.9364487,0.28161827,0,1,unassigned,24.0,24.0,0.0,1.0,0.0,0.0,0.04255319,0.0,0,0,0,0,0
6093,-1,0,-0.7507971,0.32064766,0,1,unassigned,128.0,127.0,1.0,0.9921875,0.0078125,0.0078125,0.24371374,0.0019040136,0,0,0,0,0
6094,-1,1,-0.41654673,0.3973434,0,1,unassigned,27.0,21.0,6.0,0.7777778,0.22222222,0.22222221,0.0483559,0.010745755,1,0,0,0,0
6095,-1,0,-0.9395285,0.28099558,0,1,unassigned,43.0,43.0,0.0,1.0,0.0,0.0,0.079303674,0.0,0,0,0,0,0
6096,-1,1,1.4401944,0.80848473,1,1,unassigned,6.0,6.0,0.0,1.0,0.0,0.0,0.007736944,0.0,1,0,0,1,0
6097,-1,1,-0.32776642,0.4187842,0,1,unassigned,15.0,14.0,1.0,0.93333334,0.06666667,0.06666666,0.025145067,0.0016763379,1,0,0,0,0
6098,1,0,3.0469449,0.95465046,1,0,val,3.0,3.0,0.0,1.0,0.0,0.0,0.001934236,0.0,0,0,1,1,1
6099,-1,1,-0.3985314,0.40166524,0,1,unassigned,5.0,4.0,1.0,0.8,0.2,0.19999999,0.0058027077,0.0011605415,1,0,0,0,0
6100,-1,0,-0.42425025,0.39550015,0,1,unassigned,11.0,11.0,0.0,1.0,0.0,0.0,0.017408123,0.0,0,0,0,0,0
6101,0,0,0.25572366,0.5635848,1,1,test,6.0,5.0,1.0,0.8333333,0.16666667,0.16666669,0.007736944,0.0012894907,0,0,0,1,0
6102,-1,1,3.234954,0.96212876,1,1,unassigned,3.0,3.0,0.0,1.0,0.0,0.0,0.001934236,0.0,1,0,0,1,1
6103,-1,0,0.35960382,0.58894455,1,1,unassigned,15.0,15.0,0.0,1.0,0.0,0.0,0.025145067,0.0,0,0,0,1,0
6104,1,0,-0.09897065,0.4752775,0,1,unassigned,24.0,24.0,0.0,1.0,0.0,0.0,0.04255319,0.0,0,0,0,0,0
6105,-1,0,-0.2084943,0.44806442,0,1,unassigned,48.0,48.0,0.0,1.0,0.0,0.0,0.088974856,0.0,0,0,0,0,0
6106,-1,0,-0.884794,0.29218534,0,1,unassigned,38.0,38.0,0.0,1.0,0.0,0.0,0.06963249,0.0,0,0,0,0,0
6107,-1,0,-0.16130316,0.4597614,0,1,unassigned,19.0,19.0,0.0,1.0,0.0,0.0,0.032882012,0.0,0,0,0,0,0
6108,-1,0,-0.15734184,0.46074548,0,1,unassigned,3.0,3.0,0.0,1.0,0.0,0.0,0.001934236,0.0,0,0,0,0,0
6109,-1,1,-0.054270327,0.48643577,0,1,unassigned,26.0,24.0,2.0,0.9230769,0.07692308,0.07692307,0.046421662,0.0035708973,1,0,0,0,0
6110,0,1,-0.6219902,0.34932896,0,0,unassigned,4.0,4.0,0.0,1.0,0.0,0.0,0.003868472,0.0,1,0,1,0,0
6111,-1,0,-0.011656642,0.49708584,0,1,unassigned,3.0,3.0,0.0,1.0,0.0,0.0,0.001934236,0.0,0,0,0,0,0
6112,0,0,-0.09965074,0.4751079,0,0,unassigned,12.0,12.0,0.0,1.0,0.0,0.0,0.01934236,0.0,0,0,1,0,0
6113,-1,1,1.0693355,0.7444705,1,1,unassigned,4.0,4.0,0.0,1.0,0.0,0.0,0.003868472,0.0,1,0,0,1,0
6114,-1,1,-0.2759226,0.43145368,0,1,unassigned,34.0,30.0,4.0,0.88235295,0.11764706,0.11764705,0.061895553,0.0072818296,1,0,0,0,0
6115,-1,0,0.05125183,0.5128102,1,1,unassigned,18.0,18.0,0.0,1.0,0.0,0.0,0.030947777,0.0,0,0,0,1,0
6116,-1,0,-0.48377517,0.38136107,0,1,unassigned,22.0,22.0,0.0,1.0,0.0,0.0,0.03868472,0.0,0,0,0,0,0
6117,-1,0,12.5477705,0.9999964,1,1,unassigned,2.0,2.0,0.0,1.0,0.0,0.0,0.0,0.0,0,0,0,1,1
6118,-1,0,9.781549,0.9999435,1,1,unassigned,2.0,2.0,0.0,1.0,0.0,0.0,0.0,0.0,0,0,0,1,1
6119,-1,0,-0.6885745,0.33435026,0,1,unassigned,71.0,71.0,0.0,1.0,0.0,0.0,0.13346228,0.0,0,0,0,0,0
6120,-1,1,1.250412,0.7773712,1,1,unassigned,22.0,20.0,2.0,0.90909094,0.09090909,0.090909064,0.03868472,0.0035167928,1,0,0,1,0
6121,-1,1,0.03116399,0.5077904,1,1,unassigned,5.0,5.0,0.0,1.0,0.0,0.0,0.0058027077,0.0,1,0,0,1,0
6122,-1,0,7.316859,0.9993362,1,1,unassigned,2.0,2.0,0.0,1.0,0.0,0.0,0.0,0.0,0,0,0,1,1
6123,-1,0,0.18002504,0.5448851,1,1,unassigned,7.0,7.0,0.0,1.0,0.0,0.0,0.00967118,0.0,0,0,0,1,0
6124,-1,1,2.60609,0.9312525,1,1,unassigned,2.0,2.0,0.0,1.0,0.0,0.0,0.0,0.0,1,0,0,1,1
6125,0,0,-0.8029191,0.30940142,0,0,unassigned,27.0,27.0,0.0,1.0,0.0,0.0,0.0483559,0.0,0,0,1,0,0
6126,1,1,0.19695336,0.5490798,1,0,val,34.0,34.0,0.0,1.0,0.0,0.0,0.061895553,0.0,1,0,1,1,0
6127,-1,0,7.300724,0.9993254,1,1,unassigned,2.0,2.0,0.0,1.0,0.0,0.0,0.0,0.0,0,0,0,1,1
6128,-1,0,4.9633775,0.9930593,1,1,unassigned,12.0,12.0,0.0,1.0,0.0,0.0,0.01934236,0.0,0,0,0,1,1
6129,-1,0,-0.44617575,0.3902704,0,1,unassigned,2.0,2.0,0.0,1.0,0.0,0.0,0.0,0.0,0,0,0,0,0
6130,1,0,12.345631,0.9999957,1,0,unassigned,2.0,2.0,0.0,1.0,0.0,0.0,0.0,0.0,0,0,1,1,1
6131,-1,0,0.18686908,0.54658175,1,1,unassigned,2.0,2.0,0.0,1.0,0.0,0.0,0.0,0.0,0,0,0,1,0
6132,-1,1,0.8921791,0.7093396,1,1,unassigned,2.0,2.0,0.0,1.0,0.0,0.0,0.0,0.0,1,0,0,1,0
6133,-1,0,0.66456777,0.6602857,1,1,unassigned,28.0,27.0,1.0,0.96428573,0.035714287,0.03571427,0.050290134,0.0017960763,0,0,0,1,0
6134,-1,1,-0.96725297,0.27542838,0,1,unassigned,2.0,2.0,0.0,1.0,0.0,0.0,0.0,0.0,1,0,0,0,0
6135,-1,1,7.6306844,0.99951494,1,1,unassigned,10.0,10.0,0.0,1.0,0.0,0.0,0.015473888,0.0,1,0,0,1,1
6136,-1,0,1.2305319,0.77391165,1,1,unassigned,3.0,3.0,0.0,1.0,0.0,0.0,0.001934236,0.0,0,0,0,1,0
6137,-1,1,-0.08969432,0.47759148,0,1,unassigned,48.0,47.0,1.0,0.9791667,0.020833334,0.020833313,0.088974856,0.0018536429,1,0,0,0,0
6138,-1,0,1.2053931,0.7694828,1,1,unassigned,3.0,3.0,0.0,1.0,0.0,0.0,0.001934236,0.0,0,0,0,1,0
6139,-1,0,0.038557112,0.5096381,1,1,unassigned,7.0,7.0,0.0,1.0,0.0,0.0,0.00967118,0.0,0,0,0,1,0
6140,-1,1,0.8798023,0.7067812,1,1,unassigned,26.0,25.0,1.0,0.96153843,0.03846154,0.038461566,0.046421662,0.0017854486,1,0,0,1,0
6141,-1,0,0.111299455,0.5277962,1,1,unassigned,13.0,13.0,0.0,1.0,0.0,0.0,0.021276595,0.0,0,0,0,1,0
6142,-1,1,2.0701687,0.8879698,1,1,unassigned,6.0,6.0,0.0,1.0,0.0,0.0,0.007736944,0.0,1,0,0,1,0
6143,-1,0,-0.4741923,0.38362446,0,1,unassigned,28.0,28.0,0.0,1.0,0.0,0.0,0.050290134,0.0,0,0,0,0,0
6144,-1,0,0.8671885,0.70416033,1,1,unassigned,4.0,4.0,0.0,1.0,0.0,0.0,0.003868472,0.0,0,0,0,1,0
6145,0,0,0.91729814,0.7144913,1,1,test,11.0,11.0,0.0,1.0,0.0,0.0,0.017408123,0.0,0,0,0,1,0
6146,-1,0,6.7042727,0.9987758,1,1,unassigned,3.0,3.0,0.0,1.0,0.0,0.0,0.001934236,0.0,0,0,0,1,1
6147,-1,0,-0.69501734,0.33291787,0,1,unassigned,46.0,46.0,0.0,1.0,0.0,0.0,0.08510638,0.0,0,0,0,0,0
6148,0,0,-0.21601892,0.4462043,0,0,val,41.0,41.0,0.0,1.0,0.0,0.0,0.07543521,0.0,0,0,1,0,0
6149,-1,0,1.6168635,0.8343621,1,1,unassigned,6.0,6.0,0.0,1.0,0.0,0.0,0.007736944,0.0,0,0,0,1,0
6150,-1,1,2.5605443,0.92827874,1,1,unassigned,3.0,3.0,0.0,1.0,0.0,0.0,0.001934236,0.0,1,0,0,1,1
6151,-1,0,2.0446837,0.88540936,1,1,unassigned,30.0,28.0,2.0,0.93333334,0.06666667,0.06666666,0.054158606,0.003610574,0,0,0,1,0
6152,-1,0,2.8622215,0.945947,1,1,unassigned,6.0,6.0,0.0,1.0,0.0,0.0,0.007736944,0.0,0,0,0,1,1
6153,-1,0,-0.7430774,0.32233155,0,1,unassigned,55.0,55.0,0.0,1.0,0.0,0.0,0.102514505,0.0,0,0,0,0,0
6154,-1,0,0.39768827,0.59813213,1,1,unassigned,29.0,28.0,1.0,0.9655172,0.03448276,0.034482777,0.05222437,0.0018008404,0,0,0,1,0
6155,-1,1,-0.44544363,0.39044464,0,1,unassigned,60.0,59.0,1.0,0.98333335,0.016666668,0.01666665,0.11218569,0.0018697615,1,0,0,0,0
6156,0,0,-0.95868874,0.2771408,0,0,test,8.0,7.0,1.0,0.875,0.125,0.125,0.0116054155,0.0014506769,0,0,1,0,0
6157,1,0,-0.54740775,0.36646605,0,1,test,26.0,23.0,3.0,0.88461536,0.115384616,0.11538464,0.046421662,0.005356346,0,0,0,0,0
6158,1,0,3.7492292,0.97700536,1,0,train,3.0,3.0,0.0,1.0,0.0,0.0,0.001934236,0.0,0,0,1,1,1
6159,1,0,5.7728567,0.9968988,1,0,unassigned,7.0,7.0,0.0,1.0,0.0,0.0,0.00967118,0.0,0,0,1,1,1
6160,1,0,-0.17321452,0.4568043,0,1,test,7.0,7.0,0.0,1.0,0.0,0.0,0.00967118,0.0,0,0,0,0,0
6161,-1,0,7.8734717,0.99961936,1,1,unassigned,11.0,10.0,1.0,0.90909094,0.09090909,0.090909064,0.017408123,0.0015825568,0,0,0,1,1
6162,-1,0,1.9970951,0.8804918,1,1,unassigned,11.0,10.0,1.0,0.90909094,0.09090909,0.090909064,0.017408123,0.0015825568,0,0,0,1,0
6163,-1,1,-0.37812978,0.40657806,0,1,unassigned,6.0,6.0,0.0,1.0,0.0,0.0,0.007736944,0.0,1,0,0,0,0
6164,-1,0,3.5979784,0.9733506,1,1,unassigned,2.0,2.0,0.0,1.0,0.0,0.0,0.0,0.0,0,0,0,1,1
6165,1,0,3.8861492,0.9798885,1,0,val,3.0,3.0,0.0,1.0,0.0,0.0,0.001934236,0.0,0,0,1,1,1
6166,-1,0,2.9135368,0.9485116,1,1,unassigned,3.0,3.0,0.0,1.0,0.0,0.0,0.001934236,0.0,0,0,0,1,1
6167,1,1,7.755776,0.99957186,1,0,val,13.0,9.0,4.0,0.6923077,0.30769232,0.3076923,0.021276595,0.006546645,1,0,1,1,1
6168,-1,0,3.7309124,0.9765902,1,1,unassigned,4.0,4.0,0.0,1.0,0.0,0.0,0.003868472,0.0,0,0,0,1,1
6169,-1,0,1.9895275,0.87969315,1,1,unassigned,14.0,14.0,0.0,1.0,0.0,0.0,0.023210831,0.0,0,0,0,1,0
6170,-1,0,3.8167956,0.97847533,1,1,unassigned,12.0,11.0,1.0,0.9166667,0.083333336,0.08333331,0.01934236,0.0016118633,0,0,0,1,1
6171,-1,1,1.2016613,0.7688202,1,1,unassigned,17.0,17.0,0.0,1.0,0.0,0.0,0.029013539,0.0,1,0,0,1,0
6172,1,0,-0.5072485,0.37583876,0,1,test,6.0,6.0,0.0,1.0,0.0,0.0,0.007736944,0.0,0,0,0,0,0
6173,1,0,-0.3767871,0.40690205,0,1,test,32.0,23.0,9.0,0.71875,0.28125,0.28125,0.058027077,0.016320115,0,0,0,0,0
6174,-1,0,5.2690716,0.99487793,1,1,unassigned,12.0,11.0,1.0,0.9166667,0.083333336,0.08333331,0.01934236,0.0016118633,0,0,0,1,1
6175,-1,0,2.634937,0.9330765,1,1,unassigned,23.0,23.0,0.0,1.0,0.0,0.0,0.040618956,0.0,0,0,0,1,1
6176,-1,0,3.9627764,0.98134434,1,1,unassigned,3.0,3.0,0.0,1.0,0.0,0.0,0.001934236,0.0,0,0,0,1,1
6177,-1,0,0.0680601,0.5170085,1,1,unassigned,7.0,7.0,0.0,1.0,0.0,0.0,0.00967118,0.0,0,0,0,1,0
6178,-1,0,-0.7810512,0.31409338,0,1,unassigned,10.0,10.0,0.0,1.0,0.0,0.0,0.015473888,0.0,0,0,0,0,0
6179,-1,0,1.2550611,0.7781747,1,1,unassigned,22.0,22.0,0.0,1.0,0.0,0.0,0.03868472,0.0,0,0,0,1,0
6180,-1,0,1.0989788,0.7500687,1,1,unassigned,4.0,4.0,0.0,1.0,0.0,0.0,0.003868472,0.0,0,0,0,1,0
6181,0,1,-0.73534423,0.32402307,0,0,unassigned,3.0,2.0,1.0,0.6666667,0.33333334,0.3333333,0.001934236,0.00064474536,1,0,1,0,0
6182,-1,1,-0.420075,0.3964988,0,1,unassigned,32.0,32.0,0.0,1.0,0.0,0.0,0.058027077,0.0,1,0,0,0,0
6183,-1,0,-0.13267836,0.46687898,0,1,unassigned,6.0,6.0,0.0,1.0,0.0,0.0,0.007736944,0.0,0,0,0,0,0
6184,-1,0,3.3798378,0.96706843,1,1,unassigned,4.0,4.0,0.0,1.0,0.0,0.0,0.003868472,0.0,0,0,0,1,1
6185,0,0,-0.91445965,0.28608814,0,0,val,11.0,11.0,0.0,1.0,0.0,0.0,0.017408123,0.0,0,0,1,0,0
6186,-1,0,-0.24956334,0.43793097,0,1,unassigned,25.0,25.0,0.0,1.0,0.0,0.0,0.044487428,0.0,0,0,0,0,0
6187,-1,0,0.65586334,0.6583305,1,1,unassigned,11.0,10.0,1.0,0.90909094,0.09090909,0.090909064,0.017408123,0.0015825568,0,0,0,1,0
6188,-1,0,0.30885035,0.57660466,1,1,unassigned,14.0,14.0,0.0,1.0,0.0,0.0,0.023210831,0.0,0,0,0,1,0
6189,-1,0,3.8479588,0.979122,1,1,unassigned,8.0,8.0,0.0,1.0,0.0,0.0,0.0116054155,0.0,0,0,0,1,1
6190,1,0,4.013276,0.9822468,1,0,test,46.0,45.0,1.0,0.9782609,0.02173913,0.021739125,0.08510638,0.0018501388,0,0,1,1,1
6191,0,0,-1.3710593,0.20244874,0,0,test,5.0,4.0,1.0,0.8,0.2,0.19999999,0.0058027077,0.0011605415,0,0,1,0,0
6192,1,1,-0.5122392,0.37466872,0,1,unassigned,13.0,13.0,0.0,1.0,0.0,0.0,0.021276595,0.0,1,0,0,0,0
6193,-1,1,0.0176754,0.50441873,1,1,unassigned,42.0,41.0,1.0,0.97619045,0.023809524,0.023809552,0.07736944,0.0018421295,1,0,0,1,0
6194,-1,1,-0.5145173,0.37413514,0,1,unassigned,24.0,23.0,1.0,0.9583333,0.041666668,0.041666687,0.04255319,0.0017730496,1,0,0,0,0
6195,-1,0,-0.62295204,0.34911036,0,1,unassigned,2.0,2.0,0.0,1.0,0.0,0.0,0.0,0.0,0,0,0,0,0
6196,1,0,0.12942219,0.5323104,1,0,unassigned,8.0,8.0,0.0,1.0,0.0,0.0,0.0116054155,0.0,0,0,1,1,0
6197,1,0,-0.37576735,0.40714812,0,1,unassigned,8.0,8.0,0.0,1.0,0.0,0.0,0.0116054155,0.0,0,0,0,0,0
6198,-1,0,0.2538622,0.56312686,1,1,unassigned,56.0,56.0,0.0,1.0,0.0,0.0,0.10444874,0.0,0,0,0,1,0
6199,-1,0,3.27971,0.96372616,1,1,unassigned,17.0,16.0,1.0,0.9411765,0.05882353,0.058823526,0.029013539,0.0017066788,0,0,0,1,1
6200,-1,0,-0.68186617,0.3358449,0,1,unassigned,86.0,86.0,0.0,1.0,0.0,0.0,0.16247582,0.0,0,0,0,0,0
6201,-1,0,5.1210546,0.99406564,1,1,unassigned,10.0,9.0,1.0,0.9,0.1,0.100000024,0.015473888,0.0015473888,0,0,0,1,1
6202,-1,0,2.4747555,0.922353,1,1,unassigned,27.0,24.0,3.0,0.8888889,0.11111111,0.111111104,0.0483559,0.0053728777,0,0,0,1,1
6203,1,0,0.09618896,0.5240287,1,0,test,30.0,29.0,1.0,0.96666664,0.033333335,0.03333336,0.054158606,0.001805287,0,0,1,1,0
6204,-1,0,1.5718725,0.8280504,1,1,unassigned,17.0,16.0,1.0,0.9411765,0.05882353,0.058823526,0.029013539,0.0017066788,0,0,0,1,0
6205,-1,0,0.62211066,0.6506985,1,1,unassigned,6.0,6.0,0.0,1.0,0.0,0.0,0.007736944,0.0,0,0,0,1,0
6206,-1,0,-0.3263668,0.4191249,0,1,unassigned,23.0,23.0,0.0,1.0,0.0,0.0,0.040618956,0.0,0,0,0,0,0
6207,-1,0,-0.2613485,0.43503222,0,1,unassigned,48.0,47.0,1.0,0.9791667,0.020833334,0.020833313,0.088974856,0.0018536429,0,0,0,0,0
6208,-1,0,3.6046746,0.9735238,1,1,unassigned,19.0,17.0,2.0,0.8947368,0.10526316,0.10526317,0.032882012,0.0034612645,0,0,0,1,1
6209,-1,0,-0.28485632,0.4292636,0,1,unassigned,59.0,59.0,0.0,1.0,0.0,0.0,0.11025145,0.0,0,0,0,0,0
6210,-1,0,-0.6161008,0.3506688,0,1,unassigned,10.0,9.0,1.0,0.9,0.1,0.100000024,0.015473888,0.0015473888,0,0,0,0,0
6211,-1,0,-0.053475022,0.48663443,0,1,unassigned,4.0,4.0,0.0,1.0,0.0,0.0,0.003868472,0.0,0,0,0,0,0
6212,-1,0,2.6695259,0.9352043,1,1,unassigned,9.0,8.0,1.0,0.8888889,0.11111111,0.111111104,0.013539651,0.0015044058,0,0,0,1,1
6213,-1,0,0.4501136,0.6106662,1,1,unassigned,10.0,10.0,0.0,1.0,0.0,0.0,0.015473888,0.0,0,0,0,1,0
6214,-1,0,-0.021362424,0.49465963,0,1,unassigned,14.0,14.0,0.0,1.0,0.0,0.0,0.023210831,0.0,0,0,0,0,0
6215,0,0,-2.3003345,0.09109527,0,0,test,2.0,2.0,0.0,1.0,0.0,0.0,0.0,0.0,0,0,1,0,1
6216,-1,0,-0.27423835,0.43186688,0,1,unassigned,49.0,49.0,0.0,1.0,0.0,0.0,0.09090909,0.0,0,0,0,0,0
6217,0,0,-0.27165422,0.43250102,0,0,unassigned,12.0,12.0,0.0,1.0,0.0,0.0,0.01934236,0.0,0,0,1,0,0
6218,-1,0,-0.22539476,0.44388866,0,1,unassigned,21.0,21.0,0.0,1.0,0.0,0.0,0.036750484,0.0,0,0,0,0,0
6219,-1,0,2.6307027,0.9328116,1,1,unassigned,2.0,2.0,0.0,1.0,0.0,0.0,0.0,0.0,0,0,0,1,1
6220,-1,0,-0.7516984,0.32045135,0,1,unassigned,4.0,4.0,0.0,1.0,0.0,0.0,0.003868472,0.0,0,0,0,0,0
6221,1,1,3.429756,0.9686216,1,0,unassigned,7.0,7.0,0.0,1.0,0.0,0.0,0.00967118,0.0,1,0,1,1,1
6222,-1,0,-0.4960641,0.37846607,0,1,unassigned,22.0,21.0,1.0,0.95454544,0.045454547,0.04545456,0.03868472,0.0017583964,0,0,0,0,0
6223,-1,0,1.200474,0.7686091,1,1,unassigned,10.0,10.0,0.0,1.0,0.0,0.0,0.015473888,0.0,0,0,0,1,0
6224,-1,0,0.6363817,0.6539351,1,1,unassigned,2.0,2.0,0.0,1.0,0.0,0.0,0.0,0.0,0,0,0,1,0
6225,-1,0,0.42165273,0.6038787,1,1,unassigned,6.0,5.0,1.0,0.8333333,0.16666667,0.16666669,0.007736944,0.0012894907,0,0,0,1,0
6226,-1,0,0.5436118,0.6326522,1,1,unassigned,16.0,16.0,0.0,1.0,0.0,0.0,0.027079303,0.0,0,0,0,1,0
6227,-1,0,0.03413397,0.50853264,1,1,unassigned,17.0,17.0,0.0,1.0,0.0,0.0,0.029013539,0.0,0,0,0,1,0
6228,-1,0,1.2291965,0.77367795,1,1,unassigned,49.0,48.0,1.0,0.97959185,0.020408163,0.020408154,0.09090909,0.0018552876,0,0,0,1,0
6229,-1,0,0.6979585,0.667735,1,1,unassigned,9.0,8.0,1.0,0.8888889,0.11111111,0.111111104,0.013539651,0.0015044058,0,0,0,1,0
6230,-1,0,0.6115592,0.6482964,1,1,unassigned,65.0,63.0,2.0,0.9692308,0.03076923,0.030769229,0.12185687,0.003749442,0,0,0,1,0
6231,-1,0,0.19029367,0.5474304,1,1,unassigned,2.0,2.0,0.0,1.0,0.0,0.0,0.0,0.0,0,0,0,1,0
6232,-1,0,-0.70571804,0.33054566,0,1,unassigned,2.0,2.0,0.0,1.0,0.0,0.0,0.0,0.0,0,0,0,0,0
6233,-1,0,1.8289688,0.86163884,1,1,unassigned,20.0,20.0,0.0,1.0,0.0,0.0,0.034816246,0.0,0,0,0,1,0
6234,-1,0,-0.5929002,0.3559697,0,1,unassigned,4.0,2.0,2.0,0.5,0.5,0.5,0.003868472,0.001934236,0,0,0,0,0
6235,-1,0,5.1651635,0.9943203,1,1,unassigned,33.0,32.0,1.0,0.969697,0.030303031,0.030303001,0.059961315,0.0018170096,0,0,0,1,1
6236,-1,0,0.2235443,0.55565447,1,1,unassigned,27.0,27.0,0.0,1.0,0.0,0.0,0.0483559,0.0,0,0,0,1,0
6237,-1,0,1.2567267,0.7784621,1,1,unassigned,8.0,8.0,0.0,1.0,0.0,0.0,0.0116054155,0.0,0,0,0,1,0
6238,-1,0,5.7947955,0.99696594,1,1,unassigned,9.0,7.0,2.0,0.7777778,0.22222222,0.22222221,0.013539651,0.0030088115,0,0,0,1,1
6239,0,0,-0.046869338,0.4882848,0,0,unassigned,12.0,12.0,0.0,1.0,0.0,0.0,0.01934236,0.0,0,0,1,0,0
6240,-1,0,-0.2627223,0.43469462,0,1,unassigned,3.0,3.0,0.0,1.0,0.0,0.0,0.001934236,0.0,0,0,0,0,0
6241,-1,0,-0.71374416,0.32877204,0,1,unassigned,63.0,26.0,37.0,0.41269842,0.5873016,0.5873016,0.11798839,0.06929477,0,0,0,0,0
6242,-1,1,-0.12014139,0.47000074,0,1,unassigned,62.0,61.0,1.0,0.983871,0.016129032,0.016129017,0.116054155,0.0018718411,1,0,0,0,0
6243,-1,1,0.7182258,0.6722162,1,1,unassigned,7.0,7.0,0.0,1.0,0.0,0.0,0.00967118,0.0,1,0,0,1,0
6244,-1,0,-0.18408027,0.45410946,0,1,unassigned,3.0,3.0,0.0,1.0,0.0,0.0,0.001934236,0.0,0,0,0,0,0
6245,0,0,-0.7024581,0.33126745,0,0,val,17.0,17.0,0.0,1.0,0.0,0.0,0.029013539,0.0,0,0,1,0,0
6246,-1,0,-0.10325581,0.47420892,0,1,unassigned,12.0,12.0,0.0,1.0,0.0,0.0,0.01934236,0.0,0,0,0,0,0
6247,-1,0,-0.34065697,0.4156499,0,1,unassigned,43.0,43.0,0.0,1.0,0.0,0.0,0.079303674,0.0,0,0,0,0,0
6248,-1,0,3.7087624,0.9760784,1,1,unassigned,7.0,6.0,1.0,0.85714287,0.14285715,0.14285713,0.00967118,0.0013815971,0,0,0,1,1
6249,-1,0,-0.54608434,0.36677334,0,1,unassigned,21.0,21.0,0.0,1.0,0.0,0.0,0.036750484,0.0,0,0,0,0,0
6250,-1,1,-0.5500469,0.36585352,0,1,unassigned,67.0,66.0,1.0,0.98507464,0.014925373,0.014925361,0.12572534,0.0018764976,1,0,0,0,0
6251,-1,1,0.8610193,0.7028736,1,1,unassigned,7.0,7.0,0.0,1.0,0.0,0.0,0.00967118,0.0,1,0,0,1,0
6252,-1,1,0.5523432,0.6346791,1,1,unassigned,21.0,21.0,0.0,1.0,0.0,0.0,0.036750484,0.0,1,0,0,1,0
6253,-1,1,-0.5428904,0.36751547,0,1,unassigned,28.0,27.0,1.0,0.96428573,0.035714287,0.03571427,0.050290134,0.0017960763,1,0,0,0,0
6254,-1,0,2.5104322,0.9248699,1,1,unassigned,2.0,2.0,0.0,1.0,0.0,0.0,0.0,0.0,0,0,0,1,1
6255,1,0,-0.68205714,0.33580232,0,1,test,2.0,2.0,0.0,1.0,0.0,0.0,0.0,0.0,0,0,0,0,0
6256,0,0,-0.34002364,0.41580376,0,0,test,30.0,28.0,2.0,0.93333334,0.06666667,0.06666666,0.054158606,0.003610574,0,0,1,0,0
6257,-1,1,1.5043857,0.81822765,1,1,unassigned,5.0,5.0,0.0,1.0,0.0,0.0,0.0058027077,0.0,1,0,0,1,0
6258,-1,0,1.3247144,0.789965,1,1,unassigned,3.0,3.0,0.0,1.0,0.0,0.0,0.001934236,0.0,0,0,0,1,0
6259,-1,1,4.7320986,0.9912689,1,1,unassigned,12.0,10.0,2.0,0.8333333,0.16666667,0.16666669,0.01934236,0.0032237265,1,0,0,1,1
6260,-1,1,8.6797495,0.99983,1,1,unassigned,3.0,3.0,0.0,1.0,0.0,0.0,0.001934236,0.0,1,0,0,1,1
6261,-1,0,6.297255,0.9981621,1,1,unassigned,5.0,5.0,0.0,1.0,0.0,0.0,0.0058027077,0.0,0,0,0,1,1
6262,-1,0,4.124022,0.9840783,1,1,unassigned,25.0,23.0,2.0,0.92,0.08,0.07999998,0.044487428,0.003558994,0,0,0,1,1
6263,1,0,4.9230275,0.99277556,1,0,val,5.0,5.0,0.0,1.0,0.0,0.0,0.0058027077,0.0,0,0,1,1,1
6264,1,0,1.4806373,0.8146688,1,0,val,7.0,7.0,0.0,1.0,0.0,0.0,0.00967118,0.0,0,0,1,1,0
6265,0,0,1.6065207,0.83292776,1,1,test,7.0,7.0,0.0,1.0,0.0,0.0,0.00967118,0.0,0,0,0,1,0
6266,-1,0,1.50775,0.8187275,1,1,unassigned,7.0,7.0,0.0,1.0,0.0,0.0,0.00967118,0.0,0,0,0,1,0
6267,-1,0,0.51929516,0.6269829,1,1,unassigned,2.0,2.0,0.0,1.0,0.0,0.0,0.0,0.0,0,0,0,1,0
6268,-1,0,0.6495516,0.6569094,1,1,unassigned,2.0,2.0,0.0,1.0,0.0,0.0,0.0,0.0,0,0,0,1,0
6269,-1,0,-0.80719197,0.3084892,0,1,unassigned,17.0,17.0,0.0,1.0,0.0,0.0,0.029013539,0.0,0,0,0,0,0
6270,-1,0,0.37078732,0.5916492,1,1,unassigned,3.0,3.0,0.0,1.0,0.0,0.0,0.001934236,0.0,0,0,0,1,0
6271,1,1,-0.48211312,0.38175327,0,1,val,3.0,3.0,0.0,1.0,0.0,0.0,0.001934236,0.0,1,0,0,0,0
6272,-1,0,-0.55360585,0.36502823,0,1,unassigned,10.0,10.0,0.0,1.0,0.0,0.0,0.015473888,0.0,0,0,0,0,0
6273,-1,0,14.986601,0.99999964,1,1,unassigned,3.0,3.0,0.0,1.0,0.0,0.0,0.001934236,0.0,0,0,0,1,1
6274,-1,0,-0.30529782,0.4242629,0,1,unassigned,2.0,2.0,0.0,1.0,0.0,0.0,0.0,0.0,0,0,0,0,0
6275,-1,0,2.8567436,0.94566625,1,1,unassigned,14.0,12.0,2.0,0.85714287,0.14285715,0.14285713,0.023210831,0.0033158332,0,0,0,1,1
6276,-1,0,-0.40356869,0.40045524,0,1,unassigned,11.0,11.0,0.0,1.0,0.0,0.0,0.017408123,0.0,0,0,0,0,0
6277,-1,0,6.417566,0.9983701,1,1,unassigned,23.0,17.0,6.0,0.73913044,0.26086956,0.26086956,0.040618956,0.010596249,0,0,0,1,1
6278,-1,0,-0.14674848,0.4633786,0,1,unassigned,15.0,15.0,0.0,1.0,0.0,0.0,0.025145067,0.0,0,0,0,0,0
6279,-1,0,-0.7742204,0.31556684,0,1,unassigned,6.0,5.0,1.0,0.8333333,0.16666667,0.16666669,0.007736944,0.0012894907,0,0,0,0,0
6280,-1,1,1.1843371,0.7657267,1,1,unassigned,22.0,22.0,0.0,1.0,0.0,0.0,0.03868472,0.0,1,0,0,1,0
6281,-1,1,-0.5917916,0.35622388,0,1,unassigned,38.0,37.0,1.0,0.9736842,0.02631579,0.026315808,0.06963249,0.0018324341,1,0,0,0,0
6282,-1,0,-0.099169046,0.47522807,0,1,unassigned,3.0,3.0,0.0,1.0,0.0,0.0,0.001934236,0.0,0,0,0,0,0
6283,-1,1,-0.08214557,0.47947517,0,1,unassigned,19.0,17.0,2.0,0.8947368,0.10526316,0.10526317,0.032882012,0.0034612645,1,0,0,0,0
6284,-1,1,-0.46180314,0.38655815,0,1,unassigned,23.0,22.0,1.0,0.95652175,0.04347826,0.04347825,0.040618956,0.0017660416,1,0,0,0,0
6285,-1,1,-0.75491667,0.31975093,0,1,unassigned,26.0,26.0,0.0,1.0,0.0,0.0,0.046421662,0.0,1,0,0,0,0
6286,-1,1,0.040230215,0.5100562,1,1,unassigned,2.0,2.0,0.0,1.0,0.0,0.0,0.0,0.0,1,0,0,1,0
6287,-1,0,6.7755933,0.99886,1,1,unassigned,4.0,4.0,0.0,1.0,0.0,0.0,0.003868472,0.0,0,0,0,1,1
6288,-1,0,-0.38870013,0.40403023,0,1,unassigned,16.0,16.0,0.0,1.0,0.0,0.0,0.027079303,0.0,0,0,0,0,0
6289,-1,0,-0.4586862,0.38729757,0,1,unassigned,62.0,58.0,4.0,0.9354839,0.06451613,0.06451613,0.116054155,0.0074873646,0,0,0,0,0
6290,0,1,1.232954,0.77433515,1,1,test,2.0,2.0,0.0,1.0,0.0,0.0,0.0,0.0,1,0,0,1,0
6291,1,0,2.6573653,0.9344635,1,0,unassigned,23.0,23.0,0.0,1.0,0.0,0.0,0.040618956,0.0,0,0,1,1,1
6292,0,1,0.02623266,0.50655776,1,1,val,36.0,33.0,3.0,0.9166667,0.083333336,0.08333331,0.065764025,0.0054803356,1,0,0,1,0
6293,-1,0,-0.23576233,0.4413309,0,1,unassigned,4.0,4.0,0.0,1.0,0.0,0.0,0.003868472,0.0,0,0,0,0,0
6294,-1,0,1.051605,0.74108297,1,1,unassigned,3.0,3.0,0.0,1.0,0.0,0.0,0.001934236,0.0,0,0,0,1,0
6295,-1,1,16.300966,0.9999999,1,1,unassigned,50.0,46.0,4.0,0.92,0.08,0.07999998,0.092843324,0.0074274656,1,0,0,1,1
6296,-1,0,5.546666,0.99611473,1,1,unassigned,6.0,6.0,0.0,1.0,0.0,0.0,0.007736944,0.0,0,0,0,1,1
6297,-1,0,1.2597034,0.77897507,1,1,unassigned,27.0,26.0,1.0,0.962963,0.037037037,0.037037015,0.0483559,0.0017909593,0,0,0,1,0
6298,-1,0,-0.56911576,0.3614409,0,1,unassigned,21.0,21.0,0.0,1.0,0.0,0.0,0.036750484,0.0,0,0,0,0,0
6299,-1,0,0.0012783408,0.50031954,1,1,unassigned,3.0,3.0,0.0,1.0,0.0,0.0,0.001934236,0.0,0,0,0,1,0
6300,-1,1,3.5756476,0.97276527,1,1,unassigned,27.0,27.0,0.0,1.0,0.0,0.0,0.0483559,0.0,1,0,0,1,1
6301,-1,1,1.6237361,0.83530974,1,1,unassigned,2.0,2.0,0.0,1.0,0.0,0.0,0.0,0.0,1,0,0,1,0
6302,-1,0,0.81608874,0.6934055,1,1,unassigned,2.0,2.0,0.0,1.0,0.0,0.0,0.0,0.0,0,0,0,1,0
6303,-1,0,-0.09490037,0.4762927,0,1,unassigned,9.0,9.0,0.0,1.0,0.0,0.0,0.013539651,0.0,0,0,0,0,0
6304,-1,0,-0.4707005,0.38445044,0,1,unassigned,9.0,9.0,0.0,1.0,0.0,0.0,0.013539651,0.0,0,0,0,0,0
6305,-1,1,7.3698735,0.9993705,1,1,unassigned,2.0,2.0,0.0,1.0,0.0,0.0,0.0,0.0,1,0,0,1,1
6306,-1,1,-0.58521086,0.35773444,0,1,unassigned,90.0,86.0,4.0,0.95555556,0.044444446,0.04444444,0.17021276,0.0075650117,1,0,0,0,0
6307,0,0,-0.20884213,0.44797847,0,0,val,21.0,19.0,2.0,0.9047619,0.0952381,0.09523809,0.036750484,0.0035000462,0,0,1,0,0
6308,-1,1,2.1189497,0.8927314,1,1,unassigned,15.0,9.0,6.0,0.6,0.4,0.39999998,0.025145067,0.010058027,1,0,0,1,0
6309,-1,0,1.3539066,0.79476756,1,1,unassigned,8.0,8.0,0.0,1.0,0.0,0.0,0.0116054155,0.0,0,0,0,1,0
6310,-1,0,2.3469672,0.9126929,1,1,unassigned,11.0,11.0,0.0,1.0,0.0,0.0,0.017408123,0.0,0,0,0,1,1
6311,-1,1,2.807634,0.943087,1,1,unassigned,2.0,1.0,1.0,0.5,0.5,0.5,0.0,0.0,1,0,0,1,1
6312,-1,0,-0.31089807,0.42289552,0,1,unassigned,37.0,36.0,1.0,0.972973,0.027027028,0.02702701,0.06769826,0.0018296828,0,0,0,0,0
6313,-1,0,2.2615428,0.90564156,1,1,unassigned,14.0,12.0,2.0,0.85714287,0.14285715,0.14285713,0.023210831,0.0033158332,0,0,0,1,1
6314,1,0,-0.0003709197,0.49990728,0,1,test,11.0,11.0,0.0,1.0,0.0,0.0,0.017408123,0.0,0,0,0,0,0
6315,-1,0,-0.82843375,0.30397636,0,1,unassigned,19.0,19.0,0.0,1.0,0.0,0.0,0.032882012,0.0,0,0,0,0,0
6316,-1,1,4.787988,0.99173963,1,1,unassigned,11.0,9.0,2.0,0.8181818,0.18181819,0.18181819,0.017408123,0.0031651135,1,0,0,1,1
6317,-1,1,4.5299144,0.98933333,1,1,unassigned,21.0,21.0,0.0,1.0,0.0,0.0,0.036750484,0.0,1,0,0,1,1
6318,-1,1,2.6786811,0.9357569,1,1,unassigned,14.0,14.0,0.0,1.0,0.0,0.0,0.023210831,0.0,1,0,0,1,1
6319,0,0,-0.7664292,0.31725204,0,0,unassigned,69.0,69.0,0.0,1.0,0.0,0.0,0.1295938,0.0,0,0,1,0,0
6320,0,1,-0.28542143,0.42912516,0,0,unassigned,3.0,3.0,0.0,1.0,0.0,0.0,0.001934236,0.0,1,0,1,0,0
6321,-1,0,-0.72467047,0.32636532,0,1,unassigned,26.0,26.0,0.0,1.0,0.0,0.0,0.046421662,0.0,0,0,0,0,0
6322,-1,1,-0.6058703,0.3530018,0,1,unassigned,31.0,30.0,1.0,0.9677419,0.032258064,0.032258093,0.056092843,0.0018094465,1,0,0,0,0
6323,-1,0,-0.3082448,0.4235432,0,1,unassigned,38.0,38.0,0.0,1.0,0.0,0.0,0.06963249,0.0,0,0,0,0,0
6324,-1,0,-0.06153518,0.48462105,0,1,unassigned,8.0,8.0,0.0,1.0,0.0,0.0,0.0116054155,0.0,0,0,0,0,0
6325,-1,0,-0.38296396,0.40541223,0,1,unassigned,6.0,6.0,0.0,1.0,0.0,0.0,0.007736944,0.0,0,0,0,0,0
6326,0,1,-0.17045665,0.45748872,0,0,val,57.0,53.0,4.0,0.9298246,0.07017544,0.07017541,0.10638298,0.0074654724,1,0,1,0,0
6327,-1,0,2.3907773,0.91612136,1,1,unassigned,23.0,22.0,1.0,0.95652175,0.04347826,0.04347825,0.040618956,0.0017660416,0,0,0,1,1
6328,-1,0,0.8344613,0.69729745,1,1,unassigned,3.0,3.0,0.0,1.0,0.0,0.0,0.001934236,0.0,0,0,0,1,0
6329,0,0,-0.25160715,0.43742797,0,0,unassigned,7.0,7.0,0.0,1.0,0.0,0.0,0.00967118,0.0,0,0,1,0,0
6330,-1,0,-0.83319855,0.30296916,0,1,unassigned,28.0,28.0,0.0,1.0,0.0,0.0,0.050290134,0.0,0,0,0,0,0
6331,-1,0,0.67688805,0.6630438,1,1,unassigned,4.0,4.0,0.0,1.0,0.0,0.0,0.003868472,0.0,0,0,0,1,0
6332,-1,0,-0.62611634,0.34839165,0,1,unassigned,3.0,2.0,1.0,0.6666667,0.33333334,0.3333333,0.001934236,0.00064474536,0,0,0,0,0
6333,-1,1,2.5371616,0.92670625,1,1,unassigned,5.0,4.0,1.0,0.8,0.2,0.19999999,0.0058027077,0.0011605415,1,0,0,1,1
6334,-1,1,1.329227,0.7907127,1,1,unassigned,31.0,31.0,0.0,1.0,0.0,0.0,0.056092843,0.0,1,0,0,1,0
6335,-1,0,-0.5789292,0.35917905,0,1,unassigned,11.0,9.0,2.0,0.8181818,0.18181819,0.18181819,0.017408123,0.0031651135,0,0,0,0,0
6336,-1,0,2.3847435,0.91565645,1,1,unassigned,2.0,2.0,0.0,1.0,0.0,0.0,0.0,0.0,0,0,0,1,1
6337,1,1,-0.22408617,0.44421172,0,1,test,10.0,8.0,2.0,0.8,0.2,0.19999999,0.015473888,0.0030947777,1,0,0,0,0
6338,-1,0,-0.5646096,0.36248156,0,1,unassigned,72.0,72.0,0.0,1.0,0.0,0.0,0.13539653,0.0,0,0,0,0,0
6339,-1,1,-0.13896197,0.46531528,0,1,unassigned,48.0,40.0,8.0,0.8333333,0.16666667,0.16666669,0.088974856,0.014829143,1,0,0,0,0
6340,-1,1,-0.7652245,0.31751305,0,1,unassigned,52.0,52.0,0.0,1.0,0.0,0.0,0.0967118,0.0,1,0,0,0,0
6341,1,1,0.5238541,0.62804854,1,0,unassigned,13.0,13.0,0.0,1.0,0.0,0.0,0.021276595,0.0,1,0,1,1,0
6342,-1,1,0.76724535,0.6829247,1,1,unassigned,11.0,11.0,0.0,1.0,0.0,0.0,0.017408123,0.0,1,0,0,1,0
6343,-1,0,-0.0024091601,0.4993977,0,1,unassigned,4.0,4.0,0.0,1.0,0.0,0.0,0.003868472,0.0,0,0,0,0,0
6344,-1,0,5.462212,0.99577373,1,1,unassigned,3.0,2.0,1.0,0.6666667,0.33333334,0.3333333,0.001934236,0.00064474536,0,0,0,1,1
6345,-1,0,0.7098014,0.6703572,1,1,unassigned,6.0,6.0,0.0,1.0,0.0,0.0,0.007736944,0.0,0,0,0,1,0
6346,-1,1,1.5906446,0.8307068,1,1,unassigned,7.0,6.0,1.0,0.85714287,0.14285715,0.14285713,0.00967118,0.0013815971,1,0,0,1,0
6347,-1,1,3.2043905,0.9609992,1,1,unassigned,24.0,23.0,1.0,0.9583333,0.041666668,0.041666687,0.04255319,0.0017730496,1,0,0,1,1
6348,-1,1,-1.1542404,0.23971541,0,1,unassigned,5.0,5.0,0.0,1.0,0.0,0.0,0.0058027077,0.0,1,0,0,0,0
6349,-1,1,0.14366716,0.5358551,1,1,unassigned,2.0,2.0,0.0,1.0,0.0,0.0,0.0,0.0,1,0,0,1,0
6350,-1,1,1.4895213,0.8160064,1,1,unassigned,30.0,28.0,2.0,0.93333334,0.06666667,0.06666666,0.054158606,0.003610574,1,0,0,1,0
6351,-1,0,-0.57844985,0.35928938,0,1,unassigned,2.0,2.0,0.0,1.0,0.0,0.0,0.0,0.0,0,0,0,0,0
6352,-1,1,1.5155637,0.81988424,1,1,unassigned,26.0,26.0,0.0,1.0,0.0,0.0,0.046421662,0.0,1,0,0,1,0
6353,-1,1,-0.32686996,0.41900244,0,1,unassigned,33.0,32.0,1.0,0.969697,0.030303031,0.030303001,0.059961315,0.0018170096,1,0,0,0,0
6354,-1,0,8.624586,0.9998204,1,1,unassigned,4.0,4.0,0.0,1.0,0.0,0.0,0.003868472,0.0,0,0,0,1,1
6355,1,0,4.9946113,0.9932713,1,0,test,9.0,9.0,0.0,1.0,0.0,0.0,0.013539651,0.0,0,0,1,1,1
6356,1,0,1.6972129,0.8451703,1,0,train,26.0,24.0,2.0,0.9230769,0.07692308,0.07692307,0.046421662,0.0035708973,0,0,1,1,0
6357,-1,0,14.789288,0.99999964,1,1,unassigned,9.0,7.0,2.0,0.7777778,0.22222222,0.22222221,0.013539651,0.0030088115,0,0,0,1,1
6358,-1,0,0.04403335,0.51100653,1,1,unassigned,6.0,4.0,2.0,0.6666667,0.33333334,0.3333333,0.007736944,0.0025789815,0,0,0,1,0
6359,-1,0,7.0740643,0.999154,1,1,unassigned,2.0,2.0,0.0,1.0,0.0,0.0,0.0,0.0,0,0,0,1,1
6360,0,1,-0.73014283,0.3251634,0,0,val,14.0,11.0,3.0,0.78571427,0.21428572,0.21428573,0.023210831,0.0049737496,1,0,1,0,0
6361,0,1,-0.20663837,0.44852343,0,0,unassigned,14.0,14.0,0.0,1.0,0.0,0.0,0.023210831,0.0,1,0,1,0,0
6362,-1,1,-0.26410347,0.4343553,0,1,unassigned,25.0,25.0,0.0,1.0,0.0,0.0,0.044487428,0.0,1,0,0,0,0
6363,-1,1,1.0588892,0.7424782,1,1,unassigned,14.0,14.0,0.0,1.0,0.0,0.0,0.023210831,0.0,1,0,0,1,0
6364,-1,0,0.79373914,0.6886336,1,1,unassigned,5.0,5.0,0.0,1.0,0.0,0.0,0.0058027077,0.0,0,0,0,1,0
6365,1,1,2.3787649,0.9151936,1,0,test,3.0,2.0,1.0,0.6666667,0.33333334,0.3333333,0.001934236,0.00064474536,1,0,1,1,1
6366,0,0,0.9744095,0.7259975,1,1,unassigned,2.0,2.0,0.0,1.0,0.0,0.0,0.0,0.0,0,0,0,1,0
6367,-1,1,-0.4355116,0.392811,0,1,unassigned,8.0,8.0,0.0,1.0,0.0,0.0,0.0116054155,0.0,1,0,0,0,0
6368,-1,1,1.482239,0.8149105,1,1,unassigned,3.0,3.0,0.0,1.0,0.0,0.0,0.001934236,0.0,1,0,0,1,0
6369,-1,1,1.6124508,0.8337514,1,1,unassigned,40.0,38.0,2.0,0.95,0.05,0.050000012,0.07350097,0.0036750485,1,0,0,1,0
6370,-1,0,1.8893259,0.8686786,1,1,unassigned,2.0,1.0,1.0,0.5,0.5,0.5,0.0,0.0,0,0,0,1,0
6371,-1,1,1.3779216,0.79865694,1,1,unassigned,9.0,9.0,0.0,1.0,0.0,0.0,0.013539651,0.0,1,0,0,1,0
6372,-1,0,0.45190746,0.6110926,1,1,unassigned,19.0,19.0,0.0,1.0,0.0,0.0,0.032882012,0.0,0,0,0,1,0
6373,-1,1,0.74522954,0.6781384,1,1,unassigned,10.0,10.0,0.0,1.0,0.0,0.0,0.015473888,0.0,1,0,0,1,0
6374,-1,0,1.675137,0.84225947,1,1,unassigned,25.0,18.0,7.0,0.72,0.28,0.27999997,0.044487428,0.0124564795,0,0,0,1,0
6375,-1,1,-0.87643456,0.29391715,0,1,unassigned,3.0,3.0,0.0,1.0,0.0,0.0,0.001934236,0.0,1,0,0,0,0
6376,-1,1,-0.31699347,0.42140865,0,1,unassigned,2.0,2.0,0.0,1.0,0.0,0.0,0.0,0.0,1,0,0,0,0
6377,1,0,1.5519454,0.8251946,1,0,unassigned,2.0,2.0,0.0,1.0,0.0,0.0,0.0,0.0,0,0,1,1,0
6378,-1,0,0.125498,0.5313334,1,1,unassigned,3.0,3.0,0.0,1.0,0.0,0.0,0.001934236,0.0,0,0,0,1,0
6379,-1,0,0.41649252,0.60264367,1,1,unassigned,6.0,4.0,2.0,0.6666667,0.33333334,0.3333333,0.007736944,0.0025789815,0,0,0,1,0
6380,-1,0,5.2930026,0.99499846,1,1,unassigned,5.0,4.0,1.0,0.8,0.2,0.19999999,0.0058027077,0.0011605415,0,0,0,1,1
6381,-1,0,3.0294058,0.953885,1,1,unassigned,8.0,8.0,0.0,1.0,0.0,0.0,0.0116054155,0.0,0,0,0,1,1
6382,0,1,1.4291914,0.8067753,1,1,unassigned,3.0,3.0,0.0,1.0,0.0,0.0,0.001934236,0.0,1,0,0,1,0
6383,-1,0,-0.20923126,0.4478822,0,1,unassigned,25.0,25.0,0.0,1.0,0.0,0.0,0.044487428,0.0,0,0,0,0,0
6384,1,0,12.01156,0.9999939,1,0,val,11.0,8.0,3.0,0.72727275,0.27272728,0.27272725,0.017408123,0.00474767,0,0,1,1,1
6385,-1,0,8.80183,0.99984956,1,1,unassigned,2.0,1.0,1.0,0.5,0.5,0.5,0.0,0.0,0,0,0,1,1
6386,-1,1,3.9361446,0.98085046,1,1,unassigned,13.0,13.0,0.0,1.0,0.0,0.0,0.021276595,0.0,1,0,0,1,1
6387,-1,0,2.7349865,0.9390598,1,1,unassigned,7.0,7.0,0.0,1.0,0.0,0.0,0.00967118,0.0,0,0,0,1,1
6388,-1,0,2.4212587,0.91843414,1,1,unassigned,2.0,2.0,0.0,1.0,0.0,0.0,0.0,0.0,0,0,0,1,1
6389,-1,1,-0.91939473,0.28508124,0,1,unassigned,23.0,23.0,0.0,1.0,0.0,0.0,0.040618956,0.0,1,0,0,0,0
6390,0,1,-0.2717079,0.43248785,0,0,unassigned,43.0,43.0,0.0,1.0,0.0,0.0,0.079303674,0.0,1,0,1,0,0
6391,-1,0,-0.29576665,0.42659268,0,1,unassigned,2.0,2.0,0.0,1.0,0.0,0.0,0.0,0.0,0,0,0,0,0
6392,-1,0,3.5570138,0.97226715,1,1,unassigned,4.0,3.0,1.0,0.75,0.25,0.25,0.003868472,0.000967118,0,0,0,1,1
6393,-1,0,1.8890874,0.86865145,1,1,unassigned,2.0,2.0,0.0,1.0,0.0,0.0,0.0,0.0,0,0,0,1,0
6394,-1,0,6.585222,0.99862134,1,1,unassigned,4.0,4.0,0.0,1.0,0.0,0.0,0.003868472,0.0,0,0,0,1,1
6395,-1,0,-0.2910785,0.42773986,0,1,unassigned,11.0,11.0,0.0,1.0,0.0,0.0,0.017408123,0.0,0,0,0,0,0
6396,-1,0,2.3181794,0.9103715,1,1,unassigned,2.0,2.0,0.0,1.0,0.0,0.0,0.0,0.0,0,0,0,1,1
6397,-1,0,1.519192,0.8204195,1,1,unassigned,13.0,13.0,0.0,1.0,0.0,0.0,0.021276595,0.0,0,0,0,1,0
6398,-1,0,1.6472399,0.83851767,1,1,unassigned,19.0,19.0,0.0,1.0,0.0,0.0,0.032882012,0.0,0,0,0,1,0
6399,-1,0,0.12606066,0.5314735,1,1,unassigned,13.0,13.0,0.0,1.0,0.0,0.0,0.021276595,0.0,0,0,0,1,0
6400,-1,1,-0.21821067,0.44566277,0,1,unassigned,14.0,14.0,0.0,1.0,0.0,0.0,0.023210831,0.0,1,0,0,0,0
6401,-1,1,3.014418,0.9532212,1,1,unassigned,14.0,14.0,0.0,1.0,0.0,0.0,0.023210831,0.0,1,0,0,1,1
6402,-1,0,-0.477925,0.38274223,0,1,unassigned,6.0,6.0,0.0,1.0,0.0,0.0,0.007736944,0.0,0,0,0,0,0
6403,-1,0,-0.8279438,0.30408,0,1,unassigned,18.0,17.0,1.0,0.9444444,0.055555556,0.055555582,0.030947777,0.0017193209,0,0,0,0,0
6404,-1,1,-0.3297737,0.41829568,0,1,unassigned,5.0,5.0,0.0,1.0,0.0,0.0,0.0058027077,0.0,1,0,0,0,0
6405,-1,1,1.3617673,0.7960468,1,1,unassigned,7.0,7.0,0.0,1.0,0.0,0.0,0.00967118,0.0,1,0,0,1,0
6406,-1,1,1.0464253,0.74008787,1,1,unassigned,5.0,5.0,0.0,1.0,0.0,0.0,0.0058027077,0.0,1,0,0,1,0
6407,-1,1,-0.034357965,0.49141136,0,1,unassigned,9.0,9.0,0.0,1.0,0.0,0.0,0.013539651,0.0,1,0,0,0,0
6408,-1,1,0.14366716,0.5358551,1,1,unassigned,2.0,2.0,0.0,1.0,0.0,0.0,0.0,0.0,1,0,0,1,0
6409,0,0,1.979595,0.87863797,1,1,unassigned,6.0,5.0,1.0,0.8333333,0.16666667,0.16666669,0.007736944,0.0012894907,0,0,0,1,0
6410,1,1,0.18152332,0.5452566,1,0,val,16.0,16.0,0.0,1.0,0.0,0.0,0.027079303,0.0,1,0,1,1,0
6411,-1,1,1.4855826,0.8154143,1,1,unassigned,32.0,30.0,2.0,0.9375,0.0625,0.0625,0.058027077,0.0036266923,1,0,0,1,0
6412,-1,1,3.5739024,0.9727189,1,1,unassigned,14.0,10.0,4.0,0.71428573,0.2857143,0.28571427,0.023210831,0.0066316663,1,0,0,1,1
6413,1,1,3.304148,0.9645708,1,0,unassigned,35.0,35.0,0.0,1.0,0.0,0.0,0.06382979,0.0,1,0,1,1,1
6414,-1,0,1.9136326,0.8714267,1,1,unassigned,3.0,2.0,1.0,0.6666667,0.33333334,0.3333333,0.001934236,0.00064474536,0,0,0,1,0
6415,-1,1,1.7939665,0.8574129,1,1,unassigned,52.0,51.0,1.0,0.9807692,0.01923077,0.019230783,0.0967118,0.0018598423,1,0,0,1,0
6416,-1,1,2.6883857,0.93633777,1,1,unassigned,7.0,7.0,0.0,1.0,0.0,0.0,0.00967118,0.0,1,0,0,1,1
6417,-1,1,3.3427267,0.9658659,1,1,unassigned,3.0,3.0,0.0,1.0,0.0,0.0,0.001934236,0.0,1,0,0,1,1
6418,-1,1,2.01182,0.8820325,1,1,unassigned,9.0,9.0,0.0,1.0,0.0,0.0,0.013539651,0.0,1,0,0,1,0
6419,-1,1,1.6748228,0.8422178,1,1,unassigned,22.0,21.0,1.0,0.95454544,0.045454547,0.04545456,0.03868472,0.0017583964,1,0,0,1,0
6420,1,1,4.9162555,0.9927268,1,0,test,34.0,24.0,10.0,0.7058824,0.29411766,0.29411763,0.061895553,0.018204575,1,0,1,1,1
6421,-1,1,5.5216107,0.99601656,1,1,unassigned,30.0,30.0,0.0,1.0,0.0,0.0,0.054158606,0.0,1,0,0,1,1
6422,-1,1,5.8787103,0.99720937,1,1,unassigned,4.0,1.0,3.0,0.25,0.75,0.75,0.003868472,0.002901354,1,0,0,1,1
6423,-1,1,-0.53213704,0.3700186,0,1,unassigned,33.0,31.0,2.0,0.93939394,0.060606062,0.060606062,0.059961315,0.0036340193,1,0,0,0,0
6424,-1,1,3.0931003,0.9566073,1,1,unassigned,14.0,14.0,0.0,1.0,0.0,0.0,0.023210831,0.0,1,0,0,1,1
6425,-1,0,6.7558417,0.9988373,1,1,unassigned,7.0,4.0,3.0,0.5714286,0.42857143,0.4285714,0.00967118,0.0041447915,0,0,0,1,1
6426,-1,1,1.4903634,0.8161328,1,1,unassigned,20.0,17.0,3.0,0.85,0.15,0.14999998,0.034816246,0.005222437,1,0,0,1,0
6427,-1,0,3.2485812,0.96262217,1,1,unassigned,2.0,1.0,1.0,0.5,0.5,0.5,0.0,0.0,0,0,0,1,1
6428,-1,1,3.9111884,0.9803761,1,1,unassigned,10.0,9.0,1.0,0.9,0.1,0.100000024,0.015473888,0.0015473888,1,0,0,1,1
6429,-1,1,2.794552,0.9423808,1,1,unassigned,9.0,8.0,1.0,0.8888889,0.11111111,0.111111104,0.013539651,0.0015044058,1,0,0,1,1
6430,-1,0,4.220672,0.9855239,1,1,unassigned,2.0,1.0,1.0,0.5,0.5,0.5,0.0,0.0,0,0,0,1,1
6431,-1,0,-0.35001862,0.41337788,0,1,unassigned,17.0,15.0,2.0,0.88235295,0.11764706,0.11764705,0.029013539,0.0034133575,0,0,0,0,0
6432,-1,1,5.9650126,0.9974395,1,1,unassigned,26.0,23.0,3.0,0.88461536,0.115384616,0.11538464,0.046421662,0.005356346,1,0,0,1,1
6433,-1,1,3.1632771,0.9594288,1,1,unassigned,9.0,8.0,1.0,0.8888889,0.11111111,0.111111104,0.013539651,0.0015044058,1,0,0,1,1
6434,-1,1,3.141887,0.9585878,1,1,unassigned,3.0,1.0,2.0,0.33333334,0.6666667,0.6666666,0.001934236,0.0012894907,1,0,0,1,1
6435,-1,1,3.0786514,0.95600355,1,1,unassigned,42.0,42.0,0.0,1.0,0.0,0.0,0.07736944,0.0,1,0,0,1,1
6436,-1,0,-0.3866018,0.40453565,0,1,unassigned,53.0,53.0,0.0,1.0,0.0,0.0,0.09864604,0.0,0,0,0,0,0
6437,-1,1,-0.09184733,0.47705427,0,1,unassigned,31.0,30.0,1.0,0.9677419,0.032258064,0.032258093,0.056092843,0.0018094465,1,0,0,0,0
6438,-1,1,3.4901001,0.9704048,1,1,unassigned,6.0,6.0,0.0,1.0,0.0,0.0,0.007736944,0.0,1,0,0,1,1
6439,-1,1,1.361248,0.79596245,1,1,unassigned,2.0,2.0,0.0,1.0,0.0,0.0,0.0,0.0,1,0,0,1,0
6440,0,1,2.9889855,0.952074,1,1,val,33.0,31.0,2.0,0.93939394,0.060606062,0.060606062,0.059961315,0.0036340193,1,0,0,1,1
6441,-1,0,0.10895765,0.5272125,1,1,unassigned,4.0,4.0,0.0,1.0,0.0,0.0,0.003868472,0.0,0,0,0,1,0
6442,-1,0,-0.88370436,0.29241073,0,1,unassigned,11.0,9.0,2.0,0.8181818,0.18181819,0.18181819,0.017408123,0.0031651135,0,0,0,0,0
6443,-1,0,2.1725442,0.8977567,1,1,unassigned,2.0,2.0,0.0,1.0,0.0,0.0,0.0,0.0,0,0,0,1,0
6444,1,0,-0.16364455,0.4591799,0,1,unassigned,25.0,25.0,0.0,1.0,0.0,0.0,0.044487428,0.0,0,0,0,0,0
6445,-1,0,5.308208,0.9950736,1,1,unassigned,5.0,5.0,0.0,1.0,0.0,0.0,0.0058027077,0.0,0,0,0,1,1
6446,-1,1,4.175981,0.9848722,1,1,unassigned,2.0,1.0,1.0,0.5,0.5,0.5,0.0,0.0,1,0,0,1,1
6447,-1,0,0.22171181,0.555202,1,1,unassigned,39.0,39.0,0.0,1.0,0.0,0.0,0.07156673,0.0,0,0,0,1,0
6448,-1,1,1.7245665,0.8487161,1,1,unassigned,16.0,16.0,0.0,1.0,0.0,0.0,0.027079303,0.0,1,0,0,1,0
6449,-1,0,1.0464883,0.74009997,1,1,unassigned,3.0,3.0,0.0,1.0,0.0,0.0,0.001934236,0.0,0,0,0,1,0
6450,-1,1,0.5874916,0.6427894,1,1,unassigned,23.0,21.0,2.0,0.9130435,0.08695652,0.0869565,0.040618956,0.0035320832,1,0,0,1,0
6451,-1,1,0.5702601,0.63882315,1,1,unassigned,11.0,11.0,0.0,1.0,0.0,0.0,0.017408123,0.0,1,0,0,1,0
6452,-1,0,1.1723266,0.7635653,1,1,unassigned,3.0,3.0,0.0,1.0,0.0,0.0,0.001934236,0.0,0,0,0,1,0
6453,0,0,0.10043591,0.5250879,1,1,unassigned,15.0,15.0,0.0,1.0,0.0,0.0,0.025145067,0.0,0,0,0,1,0
6454,-1,0,-1.9754355,0.12180626,0,1,unassigned,2.0,2.0,0.0,1.0,0.0,0.0,0.0,0.0,0,0,0,0,0
6455,-1,0,-0.0010306835,0.49974233,0,1,unassigned,2.0,2.0,0.0,1.0,0.0,0.0,0.0,0.0,0,0,0,0,0
6456,-1,0,5.1441693,0.9942006,1,1,unassigned,2.0,2.0,0.0,1.0,0.0,0.0,0.0,0.0,0,0,0,1,1
6457,-1,0,3.9682672,0.9814447,1,1,unassigned,30.0,30.0,0.0,1.0,0.0,0.0,0.054158606,0.0,0,0,0,1,1
6458,-1,0,0.22142571,0.5551313,1,1,unassigned,2.0,1.0,1.0,0.5,0.5,0.5,0.0,0.0,0,0,0,1,0
6459,-1,1,-0.7446077,0.3219974,0,1,unassigned,4.0,4.0,0.0,1.0,0.0,0.0,0.003868472,0.0,1,0,0,0,0
6460,-1,0,0.30790943,0.5763749,1,1,unassigned,13.0,13.0,0.0,1.0,0.0,0.0,0.021276595,0.0,0,0,0,1,0
6461,0,1,-0.6318863,0.34708294,0,0,test,6.0,6.0,0.0,1.0,0.0,0.0,0.007736944,0.0,1,0,1,0,0
6462,-1,0,-0.32000035,0.4206757,0,1,unassigned,3.0,3.0,0.0,1.0,0.0,0.0,0.001934236,0.0,0,0,0,0,0
6463,-1,1,-0.17964384,0.4552094,0,1,unassigned,19.0,19.0,0.0,1.0,0.0,0.0,0.032882012,0.0,1,0,0,0,0
6464,-1,0,-0.17265892,0.45694214,0,1,unassigned,11.0,11.0,0.0,1.0,0.0,0.0,0.017408123,0.0,0,0,0,0,0
6465,-1,0,0.31070995,0.57705855,1,1,unassigned,11.0,11.0,0.0,1.0,0.0,0.0,0.017408123,0.0,0,0,0,1,0
6466,1,0,0.16191077,0.54038954,1,0,unassigned,16.0,16.0,0.0,1.0,0.0,0.0,0.027079303,0.0,0,0,1,1,0
6467,-1,0,6.8375144,0.99892837,1,1,unassigned,2.0,2.0,0.0,1.0,0.0,0.0,0.0,0.0,0,0,0,1,1
6468,-1,1,-0.5366321,0.36897138,0,1,unassigned,15.0,14.0,1.0,0.93333334,0.06666667,0.06666666,0.025145067,0.0016763379,1,0,0,0,0
6469,-1,0,-0.29511988,0.4267509,0,1,unassigned,29.0,29.0,0.0,1.0,0.0,0.0,0.05222437,0.0,0,0,0,0,0
6470,-1,1,-0.43005905,0.39411223,0,1,unassigned,26.0,24.0,2.0,0.9230769,0.07692308,0.07692307,0.046421662,0.0035708973,1,0,0,0,0
6471,-1,1,-0.49142253,0.37955853,0,1,unassigned,26.0,25.0,1.0,0.96153843,0.03846154,0.038461566,0.046421662,0.0017854486,1,0,0,0,0
6472,-1,0,-0.51744497,0.37344986,0,1,unassigned,33.0,31.0,2.0,0.93939394,0.060606062,0.060606062,0.059961315,0.0036340193,0,0,0,0,0
6473,-1,0,2.492525,0.9236162,1,1,unassigned,20.0,18.0,2.0,0.9,0.1,0.100000024,0.034816246,0.0034816246,0,0,0,1,1
6474,-1,0,1.0617654,0.74302775,1,1,unassigned,11.0,11.0,0.0,1.0,0.0,0.0,0.017408123,0.0,0,0,0,1,0
6475,-1,0,0.7602561,0.6814093,1,1,unassigned,9.0,9.0,0.0,1.0,0.0,0.0,0.013539651,0.0,0,0,0,1,0
6476,-1,1,6.2294335,0.99803334,1,1,unassigned,11.0,10.0,1.0,0.90909094,0.09090909,0.090909064,0.017408123,0.0015825568,1,0,0,1,1
6477,-1,1,1.3863549,0.80000967,1,1,unassigned,11.0,11.0,0.0,1.0,0.0,0.0,0.017408123,0.0,1,0,0,1,0
6478,-1,1,4.7062287,0.99104214,1,1,unassigned,13.0,12.0,1.0,0.9230769,0.07692308,0.07692307,0.021276595,0.0016366612,1,0,0,1,1
6479,1,1,-0.407547,0.39950043,0,1,val,8.0,8.0,0.0,1.0,0.0,0.0,0.0116054155,0.0,1,0,0,0,0
6480,-1,1,2.5060308,0.92456347,1,1,unassigned,9.0,9.0,0.0,1.0,0.0,0.0,0.013539651,0.0,1,0,0,1,1
6481,-1,1,1.9163911,0.87173545,1,1,unassigned,15.0,15.0,0.0,1.0,0.0,0.0,0.025145067,0.0,1,0,0,1,0
6482,1,1,0.4130628,0.6018221,1,0,unassigned,81.0,76.0,5.0,0.9382716,0.061728396,0.061728418,0.15280464,0.009432386,1,0,1,1,0
6483,-1,1,2.4919496,0.92357546,1,1,unassigned,21.0,21.0,0.0,1.0,0.0,0.0,0.036750484,0.0,1,0,0,1,1
6484,-1,1,4.852985,0.99225545,1,1,unassigned,76.0,75.0,1.0,0.9868421,0.013157895,0.013157904,0.14313346,0.0018833351,1,0,0,1,1
6485,-1,1,2.0255182,0.8834504,1,1,unassigned,23.0,21.0,2.0,0.9130435,0.08695652,0.0869565,0.040618956,0.0035320832,1,0,0,1,0
6486,-1,1,1.932502,0.8735261,1,1,unassigned,5.0,4.0,1.0,0.8,0.2,0.19999999,0.0058027077,0.0011605415,1,0,0,1,0
6487,1,1,0.08184409,0.52044964,1,0,val,19.0,17.0,2.0,0.8947368,0.10526316,0.10526317,0.032882012,0.0034612645,1,0,1,1,0
6488,-1,1,2.1654232,0.8971012,1,1,unassigned,47.0,46.0,1.0,0.9787234,0.021276595,0.021276593,0.08704062,0.001851928,1,0,0,1,0
6489,-1,0,0.8655837,0.7038259,1,1,unassigned,23.0,22.0,1.0,0.95652175,0.04347826,0.04347825,0.040618956,0.0017660416,0,0,0,1,0
6490,-1,1,1.9072058,0.8707049,1,1,unassigned,72.0,70.0,2.0,0.9722222,0.027777778,0.027777791,0.13539653,0.0037610147,1,0,0,1,0
6491,1,1,2.7708657,0.94108105,1,0,unassigned,19.0,19.0,0.0,1.0,0.0,0.0,0.032882012,0.0,1,0,1,1,1
6492,-1,1,3.7175105,0.9762818,1,1,unassigned,16.0,15.0,1.0,0.9375,0.0625,0.0625,0.027079303,0.0016924564,1,0,0,1,1
6493,-1,1,1.8807547,0.8676978,1,1,unassigned,16.0,16.0,0.0,1.0,0.0,0.0,0.027079303,0.0,1,0,0,1,0
6494,-1,1,2.0031815,0.88113064,1,1,unassigned,16.0,16.0,0.0,1.0,0.0,0.0,0.027079303,0.0,1,0,0,1,0
6495,1,0,3.0294526,0.9538871,1,0,test,11.0,11.0,0.0,1.0,0.0,0.0,0.017408123,0.0,0,0,1,1,1
6496,-1,1,5.9353585,0.9973627,1,1,unassigned,29.0,29.0,0.0,1.0,0.0,0.0,0.05222437,0.0,1,0,0,1,1
6497,-1,1,4.0931435,0.9835872,1,1,unassigned,53.0,52.0,1.0,0.9811321,0.018867925,0.01886791,0.09864604,0.0018612461,1,0,0,1,1
6498,-1,1,3.0197332,0.95345765,1,1,unassigned,36.0,35.0,1.0,0.9722222,0.027777778,0.027777791,0.065764025,0.0018267785,1,0,0,1,1
6499,-1,0,0.38824826,0.59586096,1,1,unassigned,10.0,10.0,0.0,1.0,0.0,0.0,0.015473888,0.0,0,0,0,1,0
6500,-1,0,0.63005286,0.6525014,1,1,unassigned,69.0,69.0,0.0,1.0,0.0,0.0,0.1295938,0.0,0,0,0,1,0
6501,-1,1,1.0215275,0.73527,1,1,unassigned,14.0,14.0,0.0,1.0,0.0,0.0,0.023210831,0.0,1,0,0,1,0
6502,-1,1,2.247032,0.9043942,1,1,unassigned,17.0,16.0,1.0,0.9411765,0.05882353,0.058823526,0.029013539,0.0017066788,1,0,0,1,1
6503,0,0,-0.44391176,0.39080924,0,0,test,39.0,38.0,1.0,0.974359,0.025641026,0.025641024,0.07156673,0.0018350444,0,0,1,0,0
6504,-1,0,-0.21245113,0.44708607,0,1,unassigned,40.0,40.0,0.0,1.0,0.0,0.0,0.07350097,0.0,0,0,0,0,0
6505,-1,0,2.908157,0.94824827,1,1,unassigned,10.0,9.0,1.0,0.9,0.1,0.100000024,0.015473888,0.0015473888,0,0,0,1,1
6506,-1,0,-0.47379503,0.38371843,0,1,unassigned,43.0,43.0,0.0,1.0,0.0,0.0,0.079303674,0.0,0,0,0,0,0
6507,-1,1,-0.007946432,0.49801344,0,1,unassigned,68.0,55.0,13.0,0.8088235,0.19117647,0.19117647,0.12765957,0.024405507,1,0,0,0,0
6508,-1,0,-0.81589603,0.3066355,0,1,unassigned,128.0,126.0,2.0,0.984375,0.015625,0.015625,0.24371374,0.0038080271,0,0,0,0,0
6509,-1,0,-0.8051056,0.30893445,0,1,unassigned,69.0,68.0,1.0,0.98550725,0.014492754,0.01449275,0.1295938,0.0018781711,0,0,0,0,0
6510,-1,0,-0.13183153,0.4670898,0,1,unassigned,94.0,94.0,0.0,1.0,0.0,0.0,0.17794971,0.0,0,0,0,0,0
6511,-1,0,-0.8097569,0.3079423,0,1,unassigned,47.0,47.0,0.0,1.0,0.0,0.0,0.08704062,0.0,0,0,0,0,0
6512,-1,0,0.9570356,0.72252786,1,1,unassigned,19.0,16.0,3.0,0.84210527,0.15789473,0.15789473,0.032882012,0.0051918966,0,0,0,1,0
6513,-1,0,-0.74072945,0.32284465,0,1,unassigned,9.0,9.0,0.0,1.0,0.0,0.0,0.013539651,0.0,0,0,0,0,0
6514,-1,1,0.6629258,0.65991735,1,1,unassigned,5.0,4.0,1.0,0.8,0.2,0.19999999,0.0058027077,0.0011605415,1,0,0,1,0
6515,1,1,7.090622,0.9991678,1,0,unassigned,34.0,31.0,3.0,0.9117647,0.0882353,0.08823532,0.061895553,0.0054613724,1,0,1,1,1
6516,1,1,4.4587545,0.9885557,1,0,unassigned,6.0,6.0,0.0,1.0,0.0,0.0,0.007736944,0.0,1,0,1,1,1
6517,-1,0,-0.030180037,0.49245554,0,1,unassigned,6.0,6.0,0.0,1.0,0.0,0.0,0.007736944,0.0,0,0,0,0,0
6518,-1,0,0.3888657,0.5960096,1,1,unassigned,20.0,20.0,0.0,1.0,0.0,0.0,0.034816246,0.0,0,0,0,1,0
6519,-1,1,1.0708377,0.7447562,1,1,unassigned,6.0,6.0,0.0,1.0,0.0,0.0,0.007736944,0.0,1,0,0,1,0
6520,-1,1,1.6170843,0.8343926,1,1,unassigned,15.0,15.0,0.0,1.0,0.0,0.0,0.025145067,0.0,1,0,0,1,0
6521,-1,1,1.5583937,0.82612276,1,1,unassigned,64.0,60.0,4.0,0.9375,0.0625,0.0625,0.11992263,0.0074951644,1,0,0,1,0
6522,-1,1,1.4958661,0.8169571,1,1,unassigned,23.0,23.0,0.0,1.0,0.0,0.0,0.040618956,0.0,1,0,0,1,0
6523,-1,1,3.0222242,0.9535681,1,1,unassigned,20.0,19.0,1.0,0.95,0.05,0.050000012,0.034816246,0.0017408123,1,0,0,1,1
6524,-1,1,1.1507888,0.75965494,1,1,unassigned,19.0,18.0,1.0,0.94736844,0.05263158,0.052631557,0.032882012,0.0017306323,1,0,0,1,0
6525,0,1,2.9528592,0.95039845,1,1,unassigned,45.0,44.0,1.0,0.9777778,0.022222223,0.02222222,0.08317215,0.0018482701,1,0,0,1,1
6526,-1,1,4.17028,0.98478705,1,1,unassigned,12.0,12.0,0.0,1.0,0.0,0.0,0.01934236,0.0,1,0,0,1,1
6527,-1,1,-0.0846169,0.4788584,0,1,unassigned,10.0,10.0,0.0,1.0,0.0,0.0,0.015473888,0.0,1,0,0,0,0
6528,-1,0,5.9446096,0.9973869,1,1,unassigned,10.0,7.0,3.0,0.7,0.3,0.3,0.015473888,0.0046421667,0,0,0,1,1
6529,-1,1,-0.7002668,0.33175308,0,1,unassigned,36.0,36.0,0.0,1.0,0.0,0.0,0.065764025,0.0,1,0,0,0,0
6530,-1,1,1.0152996,0.734056,1,1,unassigned,30.0,30.0,0.0,1.0,0.0,0.0,0.054158606,0.0,1,0,0,1,0
6531,-1,1,1.5336478,0.8225394,1,1,unassigned,12.0,12.0,0.0,1.0,0.0,0.0,0.01934236,0.0,1,0,0,1,0
6532,-1,1,1.7955196,0.85760266,1,1,unassigned,35.0,33.0,2.0,0.94285715,0.057142857,0.057142854,0.06382979,0.0036474164,1,0,0,1,0
6533,-1,1,0.61390585,0.64883125,1,1,unassigned,15.0,14.0,1.0,0.93333334,0.06666667,0.06666666,0.025145067,0.0016763379,1,0,0,1,0
6534,-1,1,3.8213599,0.97857124,1,1,unassigned,16.0,15.0,1.0,0.9375,0.0625,0.0625,0.027079303,0.0016924564,1,0,0,1,1
6535,0,1,2.480876,0.9227902,1,1,unassigned,23.0,22.0,1.0,0.95652175,0.04347826,0.04347825,0.040618956,0.0017660416,1,0,0,1,1
6536,-1,1,3.8163874,0.97846675,1,1,unassigned,22.0,20.0,2.0,0.90909094,0.09090909,0.090909064,0.03868472,0.0035167928,1,0,0,1,1
6537,1,1,3.4854763,0.9702717,1,0,test,64.0,62.0,2.0,0.96875,0.03125,0.03125,0.11992263,0.0037475822,1,0,1,1,1
6538,-1,1,2.306082,0.90937954,1,1,unassigned,10.0,7.0,3.0,0.7,0.3,0.3,0.015473888,0.0046421667,1,0,0,1,1
6539,-1,1,-0.0912562,0.4772018,0,1,unassigned,3.0,2.0,1.0,0.6666667,0.33333334,0.3333333,0.001934236,0.00064474536,1,0,0,0,0
6540,-1,1,-0.6517625,0.34259245,0,1,unassigned,4.0,3.0,1.0,0.75,0.25,0.25,0.003868472,0.000967118,1,0,0,0,0
6541,0,1,-0.2822314,0.4299068,0,0,unassigned,57.0,55.0,2.0,0.9649123,0.03508772,0.035087705,0.10638298,0.0037327362,1,0,1,0,0
6542,-1,0,-0.8755725,0.2940961,0,1,unassigned,17.0,15.0,2.0,0.88235295,0.11764706,0.11764705,0.029013539,0.0034133575,0,0,0,0,0
6543,-1,0,1.4682124,0.8127855,1,1,unassigned,3.0,3.0,0.0,1.0,0.0,0.0,0.001934236,0.0,0,0,0,1,0
6544,-1,0,-0.5533767,0.36508134,0,1,unassigned,3.0,3.0,0.0,1.0,0.0,0.0,0.001934236,0.0,0,0,0,0,0
6545,-1,0,2.4454772,0.92023015,1,1,unassigned,2.0,2.0,0.0,1.0,0.0,0.0,0.0,0.0,0,0,0,1,1
6546,-1,0,7.950361,0.9996476,1,1,unassigned,6.0,5.0,1.0,0.8333333,0.16666667,0.16666669,0.007736944,0.0012894907,0,0,0,1,1
6547,-1,0,8.626206,0.99982077,1,1,unassigned,5.0,5.0,0.0,1.0,0.0,0.0,0.0058027077,0.0,0,0,0,1,1
6548,-1,1,-0.6936055,0.3332315,0,1,unassigned,8.0,7.0,1.0,0.875,0.125,0.125,0.0116054155,0.0014506769,1,0,0,0,0
6549,-1,0,1.6094632,0.8333369,1,1,unassigned,9.0,7.0,2.0,0.7777778,0.22222222,0.22222221,0.013539651,0.0030088115,0,0,0,1,0
6550,-1,0,0.60309225,0.64636344,1,1,unassigned,10.0,10.0,0.0,1.0,0.0,0.0,0.015473888,0.0,0,0,0,1,0
6551,-1,0,0.025281072,0.50631994,1,1,unassigned,2.0,2.0,0.0,1.0,0.0,0.0,0.0,0.0,0,0,0,1,0
6552,1,0,-0.67402375,0.33759645,0,1,unassigned,2.0,2.0,0.0,1.0,0.0,0.0,0.0,0.0,0,0,0,0,0
6553,-1,0,0.18013364,0.54491204,1,1,unassigned,31.0,30.0,1.0,0.9677419,0.032258064,0.032258093,0.056092843,0.0018094465,0,0,0,1,0
6554,-1,0,2.7566795,0.94028944,1,1,unassigned,4.0,4.0,0.0,1.0,0.0,0.0,0.003868472,0.0,0,0,0,1,1
6555,-1,0,-0.6178215,0.3502771,0,1,unassigned,8.0,8.0,0.0,1.0,0.0,0.0,0.0116054155,0.0,0,0,0,0,0
6556,-1,1,4.9191165,0.99274737,1,1,unassigned,9.0,9.0,0.0,1.0,0.0,0.0,0.013539651,0.0,1,0,0,1,1
6557,-1,0,0.36218107,0.5895683,1,1,unassigned,65.0,64.0,1.0,0.9846154,0.015384615,0.0153846145,0.12185687,0.001874721,0,0,0,1,0
6558,-1,0,0.7711615,0.68377215,1,1,unassigned,7.0,7.0,0.0,1.0,0.0,0.0,0.00967118,0.0,0,0,0,1,0
6559,-1,0,2.5576212,0.92808384,1,1,unassigned,16.0,16.0,0.0,1.0,0.0,0.0,0.027079303,0.0,0,0,0,1,1
6560,-1,0,5.399882,0.99550325,1,1,unassigned,9.0,8.0,1.0,0.8888889,0.11111111,0.111111104,0.013539651,0.0015044058,0,0,0,1,1
6561,-1,1,3.6469023,0.97459066,1,1,unassigned,16.0,16.0,0.0,1.0,0.0,0.0,0.027079303,0.0,1,0,0,1,1
6562,-1,0,2.5497916,0.9275595,1,1,unassigned,6.0,6.0,0.0,1.0,0.0,0.0,0.007736944,0.0,0,0,0,1,1
6563,1,1,3.1849458,0.9602638,1,0,val,22.0,22.0,0.0,1.0,0.0,0.0,0.03868472,0.0,1,0,1,1,1
6564,-1,1,0.44541448,0.60954845,1,1,unassigned,10.0,10.0,0.0,1.0,0.0,0.0,0.015473888,0.0,1,0,0,1,0
6565,-1,0,0.97225934,0.7255696,1,1,unassigned,5.0,5.0,0.0,1.0,0.0,0.0,0.0058027077,0.0,0,0,0,1,0
6566,-1,0,-0.094199896,0.47646746,0,1,unassigned,21.0,21.0,0.0,1.0,0.0,0.0,0.036750484,0.0,0,0,0,0,0
6567,1,0,3.9161713,0.9804717,1,0,val,43.0,1.0,42.0,0.023255814,0.9767442,0.9767442,0.079303674,0.0774594,0,0,1,1,1
6568,-1,1,-0.5762705,0.3597912,0,1,unassigned,11.0,9.0,2.0,0.8181818,0.18181819,0.18181819,0.017408123,0.0031651135,1,0,0,0,0
6569,-1,0,-0.5266453,0.37129965,0,1,unassigned,2.0,1.0,1.0,0.5,0.5,0.5,0.0,0.0,0,0,0,0,0
6570,-1,1,4.1522737,0.98451495,1,1,unassigned,44.0,42.0,2.0,0.95454544,0.045454547,0.04545456,0.08123791,0.0036926325,1,0,0,1,1
6571,-1,0,-0.64106035,0.34500688,0,1,unassigned,72.0,69.0,3.0,0.9583333,0.041666668,0.041666687,0.13539653,0.005641522,0,0,0,0,0
6572,-1,1,2.9252858,0.9490824,1,1,unassigned,21.0,20.0,1.0,0.95238096,0.04761905,0.047619045,0.036750484,0.0017500231,1,0,0,1,1
6573,-1,1,-0.77996266,0.31432793,0,1,unassigned,65.0,62.0,3.0,0.95384616,0.046153847,0.046153843,0.12185687,0.0056241634,1,0,0,0,0
6574,-1,1,-0.66060156,0.3406045,0,1,unassigned,20.0,18.0,2.0,0.9,0.1,0.100000024,0.034816246,0.0034816246,1,0,0,0,0
6575,-1,1,1.1274748,0.7553726,1,1,unassigned,43.0,43.0,0.0,1.0,0.0,0.0,0.079303674,0.0,1,0,0,1,0
6576,0,1,1.9328282,0.8735621,1,1,test,43.0,43.0,0.0,1.0,0.0,0.0,0.079303674,0.0,1,0,0,1,0
6577,-1,0,-0.9724104,0.27440032,0,1,unassigned,4.0,4.0,0.0,1.0,0.0,0.0,0.003868472,0.0,0,0,0,0,0
6578,-1,1,-0.6431608,0.34453237,0,1,unassigned,72.0,72.0,0.0,1.0,0.0,0.0,0.13539653,0.0,1,0,0,0,0
6579,-1,1,2.2912903,0.9081532,1,1,unassigned,18.0,17.0,1.0,0.9444444,0.055555556,0.055555582,0.030947777,0.0017193209,1,0,0,1,1
6580,1,1,1.7357128,0.85014164,1,0,val,24.0,22.0,2.0,0.9166667,0.083333336,0.08333331,0.04255319,0.0035460992,1,0,1,1,0
6581,-1,1,-0.8220941,0.3053193,0,1,unassigned,24.0,24.0,0.0,1.0,0.0,0.0,0.04255319,0.0,1,0,0,0,0
6582,-1,1,0.95436436,0.721992,1,1,unassigned,7.0,6.0,1.0,0.85714287,0.14285715,0.14285713,0.00967118,0.0013815971,1,0,0,1,0
6583,-1,0,3.262385,0.96311563,1,1,unassigned,6.0,6.0,0.0,1.0,0.0,0.0,0.007736944,0.0,0,0,0,1,1
6584,-1,0,0.15034598,0.5375159,1,1,unassigned,3.0,3.0,0.0,1.0,0.0,0.0,0.001934236,0.0,0,0,0,1,0
6585,-1,0,2.0601542,0.8869697,1,1,unassigned,18.0,16.0,2.0,0.8888889,0.11111111,0.111111104,0.030947777,0.0034386418,0,0,0,1,0
6586,-1,1,1.6158183,0.8342176,1,1,unassigned,19.0,19.0,0.0,1.0,0.0,0.0,0.032882012,0.0,1,0,0,1,0
6587,-1,1,-0.29632127,0.42645702,0,1,unassigned,35.0,35.0,0.0,1.0,0.0,0.0,0.06382979,0.0,1,0,0,0,0
6588,-1,0,1.2774591,0.78201693,1,1,unassigned,16.0,15.0,1.0,0.9375,0.0625,0.0625,0.027079303,0.0016924564,0,0,0,1,0
6589,-1,0,4.5634828,0.9896819,1,1,unassigned,9.0,8.0,1.0,0.8888889,0.11111111,0.111111104,0.013539651,0.0015044058,0,0,0,1,1
6590,-1,1,0.83923084,0.69830316,1,1,unassigned,9.0,8.0,1.0,0.8888889,0.11111111,0.111111104,0.013539651,0.0015044058,1,0,0,1,0
6591,1,0,4.712989,0.991102,1,0,unassigned,14.0,13.0,1.0,0.9285714,0.071428575,0.0714286,0.023210831,0.0016579166,0,0,1,1,1
6592,0,0,-0.15379363,0.4616272,0,0,test,51.0,51.0,0.0,1.0,0.0,0.0,0.09477756,0.0,0,0,1,0,0
6593,-1,1,1.401458,0.8024152,1,1,unassigned,4.0,4.0,0.0,1.0,0.0,0.0,0.003868472,0.0,1,0,0,1,0
6594,-1,0,0.49979013,0.62241,1,1,unassigned,11.0,11.0,0.0,1.0,0.0,0.0,0.017408123,0.0,0,0,0,1,0
6595,-1,0,0.9012695,0.71121037,1,1,unassigned,34.0,34.0,0.0,1.0,0.0,0.0,0.061895553,0.0,0,0,0,1,0
6596,-1,0,-0.5011109,0.37727964,0,1,unassigned,16.0,16.0,0.0,1.0,0.0,0.0,0.027079303,0.0,0,0,0,0,0
6597,-1,1,1.4181051,0.8050412,1,1,unassigned,3.0,2.0,1.0,0.6666667,0.33333334,0.3333333,0.001934236,0.00064474536,1,0,0,1,0
6598,-1,1,-0.00029480457,0.49992633,0,1,unassigned,4.0,4.0,0.0,1.0,0.0,0.0,0.003868472,0.0,1,0,0,0,0
6599,-1,0,2.0930696,0.89022774,1,1,unassigned,8.0,8.0,0.0,1.0,0.0,0.0,0.0116054155,0.0,0,0,0,1,0
6600,-1,0,1.0275989,0.73645014,1,1,unassigned,14.0,13.0,1.0,0.9285714,0.071428575,0.0714286,0.023210831,0.0016579166,0,0,0,1,0
6601,-1,0,-0.55845886,0.36390412,0,1,unassigned,4.0,4.0,0.0,1.0,0.0,0.0,0.003868472,0.0,0,0,0,0,0
6602,0,1,-0.1205309,0.4699037,0,0,unassigned,41.0,40.0,1.0,0.9756098,0.024390243,0.02439022,0.07543521,0.001839883,1,0,1,0,0
6603,-1,0,-0.2834242,0.42961448,0,1,unassigned,9.0,5.0,4.0,0.5555556,0.44444445,0.44444442,0.013539651,0.006017623,0,0,0,0,0
6604,1,0,-0.08063787,0.47985148,0,1,test,4.0,4.0,0.0,1.0,0.0,0.0,0.003868472,0.0,0,0,0,0,0
6605,-1,1,1.7842953,0.85622644,1,1,unassigned,20.0,19.0,1.0,0.95,0.05,0.050000012,0.034816246,0.0017408123,1,0,0,1,0
6606,1,1,13.616529,0.9999988,1,0,unassigned,38.0,28.0,10.0,0.7368421,0.2631579,0.2631579,0.06963249,0.018324342,1,0,1,1,1
6607,-1,0,0.70916706,0.6702171,1,1,unassigned,33.0,33.0,0.0,1.0,0.0,0.0,0.059961315,0.0,0,0,0,1,0
6608,-1,0,-0.14355576,0.46417254,0,1,unassigned,6.0,6.0,0.0,1.0,0.0,0.0,0.007736944,0.0,0,0,0,0,0
6609,-1,0,-0.30366418,0.424662,0,1,unassigned,5.0,5.0,0.0,1.0,0.0,0.0,0.0058027077,0.0,0,0,0,0,0
6610,-1,0,-0.2798496,0.43049064,0,1,unassigned,10.0,10.0,0.0,1.0,0.0,0.0,0.015473888,0.0,0,0,0,0,0
6611,-1,0,4.0915,0.9835607,1,1,unassigned,2.0,2.0,0.0,1.0,0.0,0.0,0.0,0.0,0,0,0,1,1
6612,-1,0,1.2909048,0.7843003,1,1,unassigned,6.0,6.0,0.0,1.0,0.0,0.0,0.007736944,0.0,0,0,0,1,0
6613,-1,0,1.6855175,0.8436338,1,1,unassigned,6.0,4.0,2.0,0.6666667,0.33333334,0.3333333,0.007736944,0.0025789815,0,0,0,1,0
6614,-1,0,1.7100596,0.846844,1,1,unassigned,6.0,6.0,0.0,1.0,0.0,0.0,0.007736944,0.0,0,0,0,1,0
6615,-1,0,7.80106,0.99959093,1,1,unassigned,5.0,5.0,0.0,1.0,0.0,0.0,0.0058027077,0.0,0,0,0,1,1
6616,1,1,4.894311,0.9925666,1,0,unassigned,4.0,4.0,0.0,1.0,0.0,0.0,0.003868472,0.0,1,0,1,1,1
6617,-1,0,3.1547148,0.9590941,1,1,unassigned,3.0,2.0,1.0,0.6666667,0.33333334,0.3333333,0.001934236,0.00064474536,0,0,0,1,1
6618,-1,0,-0.798227,0.3104049,0,1,unassigned,6.0,6.0,0.0,1.0,0.0,0.0,0.007736944,0.0,0,0,0,0,0
6619,-1,0,-0.4571561,0.38766068,0,1,unassigned,4.0,4.0,0.0,1.0,0.0,0.0,0.003868472,0.0,0,0,0,0,0
6620,-1,0,0.21434331,0.55338156,1,1,unassigned,12.0,12.0,0.0,1.0,0.0,0.0,0.01934236,0.0,0,0,0,1,0
6621,-1,1,2.948472,0.9501912,1,1,unassigned,44.0,43.0,1.0,0.97727275,0.022727273,0.022727251,0.08123791,0.0018463163,1,0,0,1,1
6622,-1,0,3.3418756,0.9658378,1,1,unassigned,11.0,10.0,1.0,0.90909094,0.09090909,0.090909064,0.017408123,0.0015825568,0,0,0,1,1
6623,-1,0,-0.32317954,0.41990107,0,1,unassigned,13.0,13.0,0.0,1.0,0.0,0.0,0.021276595,0.0,0,0,0,0,0
6624,-1,1,3.1061156,0.9571443,1,1,unassigned,33.0,33.0,0.0,1.0,0.0,0.0,0.059961315,0.0,1,0,0,1,1
6625,-1,1,4.3052945,0.9866829,1,1,unassigned,61.0,59.0,2.0,0.9672131,0.032786883,0.032786906,0.114119925,0.0037416366,1,0,0,1,1
6626,0,0,-0.71951634,0.3274995,0,0,val,17.0,16.0,1.0,0.9411765,0.05882353,0.058823526,0.029013539,0.0017066788,0,0,1,0,0
6627,-1,0,-0.3670686,0.40924954,0,1,unassigned,7.0,7.0,0.0,1.0,0.0,0.0,0.00967118,0.0,0,0,0,0,0
6628,-1,0,0.76764494,0.68301123,1,1,unassigned,18.0,18.0,0.0,1.0,0.0,0.0,0.030947777,0.0,0,0,0,1,0
6629,-1,0,-0.20165542,0.4497563,0,1,unassigned,13.0,13.0,0.0,1.0,0.0,0.0,0.021276595,0.0,0,0,0,0,0
6630,-1,0,-0.27349344,0.43204966,0,1,unassigned,14.0,14.0,0.0,1.0,0.0,0.0,0.023210831,0.0,0,0,0,0,0
6631,-1,0,-0.85762346,0.2978361,0,1,unassigned,10.0,10.0,0.0,1.0,0.0,0.0,0.015473888,0.0,0,0,0,0,0
6632,-1,0,-0.40469438,0.40018502,0,1,unassigned,12.0,12.0,0.0,1.0,0.0,0.0,0.01934236,0.0,0,0,0,0,0
6633,1,0,0.016548991,0.50413716,1,0,unassigned,16.0,14.0,2.0,0.875,0.125,0.125,0.027079303,0.0033849129,0,0,1,1,0
6634,-1,0,4.055361,0.98296595,1,1,unassigned,22.0,21.0,1.0,0.95454544,0.045454547,0.04545456,0.03868472,0.0017583964,0,0,0,1,1
6635,-1,0,-0.086090386,0.4784907,0,1,unassigned,8.0,8.0,0.0,1.0,0.0,0.0,0.0116054155,0.0,0,0,0,0,0
6636,-1,0,-0.6831801,0.3355519,0,1,unassigned,53.0,53.0,0.0,1.0,0.0,0.0,0.09864604,0.0,0,0,0,0,0
6637,-1,0,-0.71209866,0.3291353,0,1,unassigned,18.0,18.0,0.0,1.0,0.0,0.0,0.030947777,0.0,0,0,0,0,0
6638,-1,1,-0.7968944,0.31069025,0,1,unassigned,52.0,51.0,1.0,0.9807692,0.01923077,0.019230783,0.0967118,0.0018598423,1,0,0,0,0
6639,-1,1,0.015280068,0.50381994,1,1,unassigned,54.0,42.0,12.0,0.7777778,0.22222222,0.22222221,0.10058027,0.02235117,1,0,0,1,0
6640,-1,0,-0.26133427,0.43503574,0,1,unassigned,17.0,17.0,0.0,1.0,0.0,0.0,0.029013539,0.0,0,0,0,0,0
6641,0,0,-0.3777518,0.40666923,0,0,test,25.0,25.0,0.0,1.0,0.0,0.0,0.044487428,0.0,0,0,1,0,0
6642,1,0,3.438093,0.968874,1,0,test,3.0,3.0,0.0,1.0,0.0,0.0,0.001934236,0.0,0,0,1,1,1
6643,-1,1,1.6385396,0.8373361,1,1,unassigned,15.0,15.0,0.0,1.0,0.0,0.0,0.025145067,0.0,1,0,0,1,0
6644,-1,1,0.2952779,0.5732878,1,1,unassigned,17.0,17.0,0.0,1.0,0.0,0.0,0.029013539,0.0,1,0,0,1,0
6645,-1,1,0.3269164,0.5810089,1,1,unassigned,29.0,27.0,2.0,0.9310345,0.06896552,0.068965495,0.05222437,0.0036016807,1,0,0,1,0
6646,-1,1,2.2153902,0.9016231,1,1,unassigned,6.0,3.0,3.0,0.5,0.5,0.5,0.007736944,0.003868472,1,0,0,1,1
6647,-1,0,-0.45748782,0.38758194,0,1,unassigned,15.0,13.0,2.0,0.8666667,0.13333334,0.13333333,0.025145067,0.0033526758,0,0,0,0,0
6648,-1,0,1.1090944,0.7519602,1,1,unassigned,8.0,5.0,3.0,0.625,0.375,0.375,0.0116054155,0.004352031,0,0,0,1,0
6649,-1,0,-0.73655564,0.32375777,0,1,unassigned,10.0,9.0,1.0,0.9,0.1,0.100000024,0.015473888,0.0015473888,0,0,0,0,0
6650,-1,0,0.59337276,0.6441386,1,1,unassigned,22.0,21.0,1.0,0.95454544,0.045454547,0.04545456,0.03868472,0.0017583964,0,0,0,1,0
6651,1,1,0.22738367,0.55660224,1,0,test,11.0,11.0,0.0,1.0,0.0,0.0,0.017408123,0.0,1,0,1,1,0
6652,-1,1,-0.4913113,0.3795847,0,1,unassigned,4.0,4.0,0.0,1.0,0.0,0.0,0.003868472,0.0,1,0,0,0,0
6653,-1,1,7.0740066,0.99915385,1,1,unassigned,52.0,50.0,2.0,0.96153843,0.03846154,0.038461566,0.0967118,0.0037196847,1,0,0,1,1
6654,-1,0,0.85297436,0.7011907,1,1,unassigned,4.0,4.0,0.0,1.0,0.0,0.0,0.003868472,0.0,0,0,0,1,0
6655,-1,1,1.1339965,0.75657564,1,1,unassigned,20.0,19.0,1.0,0.95,0.05,0.050000012,0.034816246,0.0017408123,1,0,0,1,0
6656,-1,0,1.340358,0.79254884,1,1,unassigned,21.0,21.0,0.0,1.0,0.0,0.0,0.036750484,0.0,0,0,0,1,0
6657,-1,0,1.0369487,0.7382608,1,1,unassigned,2.0,2.0,0.0,1.0,0.0,0.0,0.0,0.0,0,0,0,1,0
6658,-1,0,0.59737104,0.64505464,1,1,unassigned,15.0,15.0,0.0,1.0,0.0,0.0,0.025145067,0.0,0,0,0,1,0
6659,0,0,-0.41420612,0.39790404,0,0,val,22.0,21.0,1.0,0.95454544,0.045454547,0.04545456,0.03868472,0.0017583964,0,0,1,0,0
6660,-1,0,-0.68903804,0.3342471,0,1,unassigned,82.0,82.0,0.0,1.0,0.0,0.0,0.15473887,0.0,0,0,0,0,0
6661,-1,0,-0.29375312,0.4270853,0,1,unassigned,37.0,27.0,10.0,0.7297297,0.27027026,0.2702703,0.06769826,0.018296827,0,0,0,0,0
6662,0,0,1.257997,0.77868116,1,1,unassigned,109.0,103.0,6.0,0.94495416,0.055045873,0.055045843,0.20696326,0.011392473,0,0,0,1,0
6663,0,0,-0.41866386,0.39683652,0,0,unassigned,13.0,12.0,1.0,0.9230769,0.07692308,0.07692307,0.021276595,0.0016366612,0,0,1,0,0
6664,-1,0,-0.12425822,0.46897534,0,1,unassigned,3.0,3.0,0.0,1.0,0.0,0.0,0.001934236,0.0,0,0,0,0,0
6665,-1,1,-0.24157116,0.43989918,0,1,unassigned,66.0,65.0,1.0,0.9848485,0.015151516,0.015151501,0.123791106,0.0018756229,1,0,0,0,0
6666,-1,1,2.3732388,0.9147637,1,1,unassigned,26.0,26.0,0.0,1.0,0.0,0.0,0.046421662,0.0,1,0,0,1,1
6667,0,0,0.13267034,0.533119,1,1,val,12.0,11.0,1.0,0.9166667,0.083333336,0.08333331,0.01934236,0.0016118633,0,0,0,1,0
6668,-1,0,-0.7742015,0.31557092,0,1,unassigned,26.0,24.0,2.0,0.9230769,0.07692308,0.07692307,0.046421662,0.0035708973,0,0,0,0,0
6669,-1,1,-0.4879402,0.38037896,0,1,unassigned,11.0,9.0,2.0,0.8181818,0.18181819,0.18181819,0.017408123,0.0031651135,1,0,0,0,0
6670,-1,0,0.11454898,0.528606,1,1,unassigned,7.0,7.0,0.0,1.0,0.0,0.0,0.00967118,0.0,0,0,0,1,0
6671,-1,1,-0.5034033,0.3767412,0,1,unassigned,46.0,44.0,2.0,0.95652175,0.04347826,0.04347825,0.08510638,0.0037002775,1,0,0,0,0
6672,-1,1,0.09239125,0.52308136,1,1,unassigned,78.0,75.0,3.0,0.96153843,0.03846154,0.038461566,0.14700194,0.005653921,1,0,0,1,0
6673,-1,0,-1.0066222,0.2676414,0,1,unassigned,6.0,6.0,0.0,1.0,0.0,0.0,0.007736944,0.0,0,0,0,0,0
6674,-1,0,2.1898296,0.89933246,1,1,unassigned,46.0,36.0,10.0,0.7826087,0.2173913,0.21739131,0.08510638,0.018501386,0,0,0,1,0
6675,-1,0,-0.47570887,0.3832659,0,1,unassigned,3.0,2.0,1.0,0.6666667,0.33333334,0.3333333,0.001934236,0.00064474536,0,0,0,0,0
6676,1,0,1.4097049,0.8037194,1,0,val,5.0,5.0,0.0,1.0,0.0,0.0,0.0058027077,0.0,0,0,1,1,0
6677,1,1,-0.40755016,0.39949968,0,1,test,19.0,19.0,0.0,1.0,0.0,0.0,0.032882012,0.0,1,0,0,0,0
6678,-1,1,2.7085135,0.93752706,1,1,unassigned,3.0,3.0,0.0,1.0,0.0,0.0,0.001934236,0.0,1,0,0,1,1
6679,-1,0,-0.16983312,0.45764345,0,1,unassigned,9.0,9.0,0.0,1.0,0.0,0.0,0.013539651,0.0,0,0,0,0,0
6680,1,0,1.2842808,0.78317755,1,0,test,15.0,15.0,0.0,1.0,0.0,0.0,0.025145067,0.0,0,0,1,1,0
6681,-1,0,-0.0868808,0.4782934,0,1,unassigned,16.0,16.0,0.0,1.0,0.0,0.0,0.027079303,0.0,0,0,0,0,0
6682,-1,0,5.244948,0.9947536,1,1,unassigned,10.0,10.0,0.0,1.0,0.0,0.0,0.015473888,0.0,0,0,0,1,1
6683,-1,0,0.48557633,0.6190638,1,1,unassigned,7.0,7.0,0.0,1.0,0.0,0.0,0.00967118,0.0,0,0,0,1,0
6684,0,1,-0.80443585,0.30907744,0,0,test,87.0,87.0,0.0,1.0,0.0,0.0,0.16441005,0.0,1,0,1,0,0
6685,-1,0,-0.60317767,0.35361704,0,1,unassigned,29.0,29.0,0.0,1.0,0.0,0.0,0.05222437,0.0,0,0,0,0,0
6686,-1,1,-0.7991998,0.3101967,0,1,unassigned,28.0,28.0,0.0,1.0,0.0,0.0,0.050290134,0.0,1,0,0,0,0
6687,-1,1,-0.8704073,0.29516956,0,1,unassigned,46.0,45.0,1.0,0.9782609,0.02173913,0.021739125,0.08510638,0.0018501388,1,0,0,0,0
6688,-1,0,2.2493508,0.90459454,1,1,unassigned,13.0,13.0,0.0,1.0,0.0,0.0,0.021276595,0.0,0,0,0,1,1
6689,1,0,1.3647132,0.79652464,1,0,unassigned,9.0,9.0,0.0,1.0,0.0,0.0,0.013539651,0.0,0,0,1,1,0
6690,-1,0,-0.9080439,0.28740028,0,1,unassigned,17.0,17.0,0.0,1.0,0.0,0.0,0.029013539,0.0,0,0,0,0,0
6691,-1,0,2.0683506,0.8877888,1,1,unassigned,22.0,22.0,0.0,1.0,0.0,0.0,0.03868472,0.0,0,0,0,1,0
6692,1,0,0.046713114,0.51167613,1,0,val,21.0,20.0,1.0,0.95238096,0.04761905,0.047619045,0.036750484,0.0017500231,0,0,1,1,0
6693,-1,0,1.0977902,0.74984586,1,1,unassigned,8.0,8.0,0.0,1.0,0.0,0.0,0.0116054155,0.0,0,0,0,1,0
6694,-1,0,1.4777663,0.8142349,1,1,unassigned,44.0,44.0,0.0,1.0,0.0,0.0,0.08123791,0.0,0,0,0,1,0
6695,0,1,2.978372,0.9515875,1,1,test,5.0,4.0,1.0,0.8,0.2,0.19999999,0.0058027077,0.0011605415,1,0,0,1,1
6696,-1,0,6.1166487,0.997799,1,1,unassigned,45.0,45.0,0.0,1.0,0.0,0.0,0.08317215,0.0,0,0,0,1,1
6697,-1,0,1.118645,0.75373733,1,1,unassigned,10.0,9.0,1.0,0.9,0.1,0.100000024,0.015473888,0.0015473888,0,0,0,1,0
6698,-1,0,0.69025546,0.6660238,1,1,unassigned,6.0,6.0,0.0,1.0,0.0,0.0,0.007736944,0.0,0,0,0,1,0
6699,1,0,3.5053513,0.9708397,1,0,unassigned,8.0,6.0,2.0,0.75,0.25,0.25,0.0116054155,0.0029013539,0,0,1,1,1
6700,-1,0,-0.4342555,0.39311063,0,1,unassigned,158.0,150.0,8.0,0.9493671,0.050632913,0.050632894,0.30174083,0.015278017,0,0,0,0,0
6701,-1,1,9.972382,0.99995327,1,1,unassigned,4.0,3.0,1.0,0.75,0.25,0.25,0.003868472,0.000967118,1,0,0,1,1
6702,1,0,-0.3408991,0.4155911,0,1,train,53.0,53.0,0.0,1.0,0.0,0.0,0.09864604,0.0,0,0,0,0,0
6703,-1,0,0.8367601,0.69778246,1,1,unassigned,13.0,13.0,0.0,1.0,0.0,0.0,0.021276595,0.0,0,0,0,1,0
6704,-1,1,-0.71389705,0.3287383,0,1,unassigned,84.0,84.0,0.0,1.0,0.0,0.0,0.15860735,0.0,1,0,0,0,0
6705,-1,1,-0.81460154,0.30691078,0,1,unassigned,42.0,42.0,0.0,1.0,0.0,0.0,0.07736944,0.0,1,0,0,0,0
6706,-1,0,-0.91699445,0.28557068,0,1,unassigned,2.0,2.0,0.0,1.0,0.0,0.0,0.0,0.0,0,0,0,0,0
6707,-1,0,0.33546668,0.5830889,1,1,unassigned,20.0,19.0,1.0,0.95,0.05,0.050000012,0.034816246,0.0017408123,0,0,0,1,0
6708,-1,0,-0.3187642,0.42097694,0,1,unassigned,15.0,15.0,0.0,1.0,0.0,0.0,0.025145067,0.0,0,0,0,0,0
6709,-1,1,-0.4743999,0.38357538,0,1,unassigned,4.0,4.0,0.0,1.0,0.0,0.0,0.003868472,0.0,1,0,0,0,0
6710,-1,1,-0.11671236,0.47085503,0,1,unassigned,12.0,11.0,1.0,0.9166667,0.083333336,0.08333331,0.01934236,0.0016118633,1,0,0,0,0
6711,-1,0,3.4632103,0.9696227,1,1,unassigned,23.0,23.0,0.0,1.0,0.0,0.0,0.040618956,0.0,0,0,0,1,1
6712,-1,0,4.695308,0.9909446,1,1,unassigned,19.0,19.0,0.0,1.0,0.0,0.0,0.032882012,0.0,0,0,0,1,1
6713,-1,1,1.37847,0.7987451,1,1,unassigned,15.0,13.0,2.0,0.8666667,0.13333334,0.13333333,0.025145067,0.0033526758,1,0,0,1,0
6714,-1,1,-0.88848513,0.29142255,0,1,unassigned,63.0,57.0,6.0,0.9047619,0.0952381,0.09523809,0.11798839,0.01123699,1,0,0,0,0
6715,-1,1,-0.7200693,0.32737774,0,1,unassigned,67.0,65.0,2.0,0.9701493,0.029850746,0.029850721,0.12572534,0.0037529953,1,0,0,0,0
6716,0,1,-0.79075164,0.31200728,0,0,unassigned,53.0,41.0,12.0,0.7735849,0.2264151,0.2264151,0.09864604,0.022334952,1,0,1,0,0
6717,-1,1,-0.730407,0.32510543,0,1,unassigned,50.0,49.0,1.0,0.98,0.02,0.01999998,0.092843324,0.0018568664,1,0,0,0,0
6718,0,1,-0.8730291,0.29462442,0,0,unassigned,34.0,34.0,0.0,1.0,0.0,0.0,0.061895553,0.0,1,0,1,0,0
6719,-1,0,0.8105388,0.6922243,1,1,unassigned,3.0,3.0,0.0,1.0,0.0,0.0,0.001934236,0.0,0,0,0,1,0
6720,-1,0,0.28425914,0.5705901,1,1,unassigned,7.0,7.0,0.0,1.0,0.0,0.0,0.00967118,0.0,0,0,0,1,0
6721,-1,0,2.714498,0.93787676,1,1,unassigned,2.0,2.0,0.0,1.0,0.0,0.0,0.0,0.0,0,0,0,1,1
6722,-1,0,15.364939,0.99999976,1,1,unassigned,94.0,94.0,0.0,1.0,0.0,0.0,0.17794971,0.0,0,0,0,1,1
6723,1,0,0.62374955,0.6510709,1,0,train,9.0,9.0,0.0,1.0,0.0,0.0,0.013539651,0.0,0,0,1,1,0
6724,-1,0,0.061982214,0.5154906,1,1,unassigned,22.0,22.0,0.0,1.0,0.0,0.0,0.03868472,0.0,0,0,0,1,0
6725,-1,0,1.3346164,0.7916032,1,1,unassigned,4.0,4.0,0.0,1.0,0.0,0.0,0.003868472,0.0,0,0,0,1,0
6726,-1,0,-0.5869324,0.35733902,0,1,unassigned,29.0,29.0,0.0,1.0,0.0,0.0,0.05222437,0.0,0,0,0,0,0
6727,0,0,-0.66905963,0.33870745,0,0,val,22.0,21.0,1.0,0.95454544,0.045454547,0.04545456,0.03868472,0.0017583964,0,0,1,0,0
6728,-1,0,5.0069757,0.99335337,1,1,unassigned,6.0,6.0,0.0,1.0,0.0,0.0,0.007736944,0.0,0,0,0,1,1
6729,-1,0,-0.37304384,0.40780574,0,1,unassigned,10.0,10.0,0.0,1.0,0.0,0.0,0.015473888,0.0,0,0,0,0,0
6730,-1,0,-0.56349367,0.36273944,0,1,unassigned,29.0,29.0,0.0,1.0,0.0,0.0,0.05222437,0.0,0,0,0,0,0
6731,-1,0,-0.20391536,0.44919708,0,1,unassigned,37.0,37.0,0.0,1.0,0.0,0.0,0.06769826,0.0,0,0,0,0,0
6732,-1,1,3.3635962,0.9665473,1,1,unassigned,10.0,10.0,0.0,1.0,0.0,0.0,0.015473888,0.0,1,0,0,1,1
6733,-1,0,-0.80451804,0.30905992,0,1,unassigned,12.0,11.0,1.0,0.9166667,0.083333336,0.08333331,0.01934236,0.0016118633,0,0,0,0,0
6734,0,0,-0.9578599,0.27730688,0,0,unassigned,14.0,12.0,2.0,0.85714287,0.14285715,0.14285713,0.023210831,0.0033158332,0,0,1,0,0
6735,-1,0,-0.974035,0.27407697,0,1,unassigned,35.0,35.0,0.0,1.0,0.0,0.0,0.06382979,0.0,0,0,0,0,0
6736,-1,1,-0.38882855,0.40399933,0,1,unassigned,44.0,43.0,1.0,0.97727275,0.022727273,0.022727251,0.08123791,0.0018463163,1,0,0,0,0
6737,-1,1,2.3744855,0.91486084,1,1,unassigned,8.0,8.0,0.0,1.0,0.0,0.0,0.0116054155,0.0,1,0,0,1,1
6738,-1,1,4.6604066,0.9906261,1,1,unassigned,4.0,4.0,0.0,1.0,0.0,0.0,0.003868472,0.0,1,0,0,1,1
6739,-1,1,0.8527072,0.70113474,1,1,unassigned,33.0,29.0,4.0,0.8787879,0.121212125,0.121212125,0.059961315,0.0072680386,1,0,0,1,0
6740,-1,1,2.4369195,0.91959965,1,1,unassigned,12.0,12.0,0.0,1.0,0.0,0.0,0.01934236,0.0,1,0,0,1,1
6741,-1,1,0.15009815,0.5374542,1,1,unassigned,3.0,3.0,0.0,1.0,0.0,0.0,0.001934236,0.0,1,0,0,1,0
6742,-1,1,0.6659598,0.6605979,1,1,unassigned,34.0,31.0,3.0,0.9117647,0.0882353,0.08823532,0.061895553,0.0054613724,1,0,0,1,0
6743,-1,0,0.9117854,0.71336544,1,1,unassigned,24.0,22.0,2.0,0.9166667,0.083333336,0.08333331,0.04255319,0.0035460992,0,0,0,1,0
6744,-1,1,5.4487395,0.99571675,1,1,unassigned,44.0,40.0,4.0,0.90909094,0.09090909,0.090909064,0.08123791,0.007385265,1,0,0,1,1
6745,0,0,-0.63902915,0.34546605,0,0,test,90.0,88.0,2.0,0.9777778,0.022222223,0.02222222,0.17021276,0.0037825059,0,0,1,0,0
6746,-1,0,-0.7704629,0.31637898,0,1,unassigned,2.0,2.0,0.0,1.0,0.0,0.0,0.0,0.0,0,0,0,0,0
6747,0,0,-0.7549014,0.31975424,0,0,unassigned,28.0,28.0,0.0,1.0,0.0,0.0,0.050290134,0.0,0,0,1,0,0
6748,-1,0,1.1396813,0.7576211,1,1,unassigned,5.0,5.0,0.0,1.0,0.0,0.0,0.0058027077,0.0,0,0,0,1,0
6749,-1,0,-0.5976266,0.35488686,0,1,unassigned,42.0,40.0,2.0,0.95238096,0.04761905,0.047619045,0.07736944,0.003684259,0,0,0,0,0
6750,-1,0,-0.516185,0.37374473,0,1,unassigned,35.0,34.0,1.0,0.9714286,0.028571429,0.028571427,0.06382979,0.0018237082,0,0,0,0,0
6751,-1,0,0.28121465,0.56984395,1,1,unassigned,20.0,20.0,0.0,1.0,0.0,0.0,0.034816246,0.0,0,0,0,1,0
6752,-1,0,0.9875725,0.7286082,1,1,unassigned,13.0,13.0,0.0,1.0,0.0,0.0,0.021276595,0.0,0,0,0,1,0
6753,-1,0,0.3717792,0.5918888,1,1,unassigned,6.0,6.0,0.0,1.0,0.0,0.0,0.007736944,0.0,0,0,0,1,0
6754,-1,0,-0.3675302,0.40913796,0,1,unassigned,8.0,8.0,0.0,1.0,0.0,0.0,0.0116054155,0.0,0,0,0,0,0
6755,-1,0,-0.19151396,0.45226732,0,1,unassigned,8.0,8.0,0.0,1.0,0.0,0.0,0.0116054155,0.0,0,0,0,0,0
6756,-1,1,4.5776367e-05,0.50001144,1,1,unassigned,4.0,3.0,1.0,0.75,0.25,0.25,0.003868472,0.000967118,1,0,0,1,0
6757,1,0,0.6661183,0.66063344,1,0,unassigned,2.0,2.0,0.0,1.0,0.0,0.0,0.0,0.0,0,0,1,1,0
6758,-1,0,2.4383008,0.91970164,1,1,unassigned,6.0,5.0,1.0,0.8333333,0.16666667,0.16666669,0.007736944,0.0012894907,0,0,0,1,1
6759,-1,1,4.4532666,0.9884935,1,1,unassigned,13.0,13.0,0.0,1.0,0.0,0.0,0.021276595,0.0,1,0,0,1,1
6760,-1,1,4.4593267,0.9885622,1,1,unassigned,10.0,10.0,0.0,1.0,0.0,0.0,0.015473888,0.0,1,0,0,1,1
6761,-1,1,0.32988828,0.58173215,1,1,unassigned,4.0,4.0,0.0,1.0,0.0,0.0,0.003868472,0.0,1,0,0,1,0
6762,-1,1,1.3761003,0.7983639,1,1,unassigned,10.0,10.0,0.0,1.0,0.0,0.0,0.015473888,0.0,1,0,0,1,0
6763,-1,1,-0.36089793,0.41074222,0,1,unassigned,10.0,10.0,0.0,1.0,0.0,0.0,0.015473888,0.0,1,0,0,0,0
6764,-1,1,18.828894,1.0,1,1,unassigned,2.0,2.0,0.0,1.0,0.0,0.0,0.0,0.0,1,0,0,1,1
6765,-1,1,1.3816903,0.7992623,1,1,unassigned,2.0,2.0,0.0,1.0,0.0,0.0,0.0,0.0,1,0,0,1,0
6766,-1,1,3.581385,0.9729168,1,1,unassigned,13.0,10.0,3.0,0.7692308,0.23076923,0.23076922,0.021276595,0.0049099834,1,0,0,1,1
6767,-1,0,-0.75969726,0.318712,0,1,unassigned,13.0,13.0,0.0,1.0,0.0,0.0,0.021276595,0.0,0,0,0,0,0
6768,-1,1,0.77531797,0.68467015,1,1,unassigned,4.0,4.0,0.0,1.0,0.0,0.0,0.003868472,0.0,1,0,0,1,0
6769,-1,1,1.5550311,0.8256392,1,1,unassigned,6.0,6.0,0.0,1.0,0.0,0.0,0.007736944,0.0,1,0,0,1,0
6770,-1,1,2.7562864,0.94026744,1,1,unassigned,6.0,6.0,0.0,1.0,0.0,0.0,0.007736944,0.0,1,0,0,1,1
6771,1,1,1.3752117,0.7982209,1,0,val,4.0,4.0,0.0,1.0,0.0,0.0,0.003868472,0.0,1,0,1,1,0
6772,-1,0,0.67141753,0.66182053,1,1,unassigned,5.0,4.0,1.0,0.8,0.2,0.19999999,0.0058027077,0.0011605415,0,0,0,1,0
6773,0,0,-1.3590893,0.20438837,0,0,unassigned,2.0,1.0,1.0,0.5,0.5,0.5,0.0,0.0,0,0,1,0,0
6774,-1,0,-0.7659587,0.31735393,0,1,unassigned,15.0,15.0,0.0,1.0,0.0,0.0,0.025145067,0.0,0,0,0,0,0
6775,-1,1,-0.38102397,0.40587994,0,1,unassigned,23.0,20.0,3.0,0.8695652,0.13043478,0.13043481,0.040618956,0.0052981246,1,0,0,0,0
6776,-1,0,0.20226824,0.55039537,1,1,unassigned,2.0,2.0,0.0,1.0,0.0,0.0,0.0,0.0,0,0,0,1,0
6777,-1,0,0.028638422,0.5071591,1,1,unassigned,2.0,2.0,0.0,1.0,0.0,0.0,0.0,0.0,0,0,0,1,0
6778,-1,0,0.84843415,0.7002386,1,1,unassigned,7.0,7.0,0.0,1.0,0.0,0.0,0.00967118,0.0,0,0,0,1,0
6779,0,0,2.5965586,0.93063974,1,1,unassigned,7.0,7.0,0.0,1.0,0.0,0.0,0.00967118,0.0,0,0,0,1,1
6780,-1,0,1.6490283,0.83875966,1,1,unassigned,6.0,5.0,1.0,0.8333333,0.16666667,0.16666669,0.007736944,0.0012894907,0,0,0,1,0
6781,-1,0,4.1487813,0.9844616,1,1,unassigned,10.0,9.0,1.0,0.9,0.1,0.100000024,0.015473888,0.0015473888,0,0,0,1,1
6782,-1,0,2.9472926,0.95013535,1,1,unassigned,4.0,4.0,0.0,1.0,0.0,0.0,0.003868472,0.0,0,0,0,1,1
6783,-1,0,-0.8052303,0.3089078,0,1,unassigned,94.0,93.0,1.0,0.9893617,0.010638298,0.010638297,0.17794971,0.0018930819,0,0,0,0,0
6784,-1,0,-0.18281835,0.45442227,0,1,unassigned,11.0,11.0,0.0,1.0,0.0,0.0,0.017408123,0.0,0,0,0,0,0
6785,-1,1,-0.063761294,0.4840651,0,1,unassigned,4.0,4.0,0.0,1.0,0.0,0.0,0.003868472,0.0,1,0,0,0,0
6786,1,0,-0.02990979,0.4925231,0,1,val,77.0,75.0,2.0,0.97402596,0.025974026,0.025974035,0.14506769,0.003767992,0,0,0,0,0
6787,-1,1,-0.53045154,0.37041157,0,1,unassigned,36.0,36.0,0.0,1.0,0.0,0.0,0.065764025,0.0,1,0,0,0,0
6788,0,0,-0.6369056,0.34594634,0,0,unassigned,77.0,77.0,0.0,1.0,0.0,0.0,0.14506769,0.0,0,0,1,0,0
6789,-1,0,-0.6769514,0.33694208,0,1,unassigned,139.0,139.0,0.0,1.0,0.0,0.0,0.26499033,0.0,0,0,0,0,0
6790,-1,0,1.0737712,0.74531347,1,1,unassigned,2.0,2.0,0.0,1.0,0.0,0.0,0.0,0.0,0,0,0,1,0
6791,-1,0,-0.5353673,0.3692659,0,1,unassigned,24.0,24.0,0.0,1.0,0.0,0.0,0.04255319,0.0,0,0,0,0,0
6792,1,0,-0.29659402,0.4263903,0,1,train,29.0,28.0,1.0,0.9655172,0.03448276,0.034482777,0.05222437,0.0018008404,0,0,0,0,0
6793,-1,0,-0.79560965,0.31096545,0,1,unassigned,37.0,36.0,1.0,0.972973,0.027027028,0.02702701,0.06769826,0.0018296828,0,0,0,0,0
6794,0,1,-0.14313531,0.46427715,0,0,unassigned,20.0,19.0,1.0,0.95,0.05,0.050000012,0.034816246,0.0017408123,1,0,1,0,0
6795,-1,0,-0.8417033,0.30117616,0,1,unassigned,28.0,26.0,2.0,0.9285714,0.071428575,0.0714286,0.050290134,0.0035921526,0,0,0,0,0
6796,-1,0,-0.24283528,0.43958774,0,1,unassigned,24.0,23.0,1.0,0.9583333,0.041666668,0.041666687,0.04255319,0.0017730496,0,0,0,0,0
6797,0,0,-0.8848034,0.2921834,0,0,val,26.0,24.0,2.0,0.9230769,0.07692308,0.07692307,0.046421662,0.0035708973,0,0,1,0,0
6798,-1,0,-0.89541465,0.2899937,0,1,unassigned,43.0,43.0,0.0,1.0,0.0,0.0,0.079303674,0.0,0,0,0,0,0
6799,-1,1,-0.64667636,0.34373888,0,1,unassigned,13.0,13.0,0.0,1.0,0.0,0.0,0.021276595,0.0,1,0,0,0,0
6800,1,0,4.001926,0.9820478,1,0,unassigned,9.0,9.0,0.0,1.0,0.0,0.0,0.013539651,0.0,0,0,1,1,1
6801,-1,1,-0.0008135438,0.4997966,0,1,unassigned,8.0,8.0,0.0,1.0,0.0,0.0,0.0116054155,0.0,1,0,0,0,0
6802,-1,0,-0.1594243,0.46022815,0,1,unassigned,30.0,30.0,0.0,1.0,0.0,0.0,0.054158606,0.0,0,0,0,0,0
6803,-1,0,-0.13938892,0.46520907,0,1,unassigned,21.0,21.0,0.0,1.0,0.0,0.0,0.036750484,0.0,0,0,0,0,0
6804,-1,0,2.8745277,0.94657284,1,1,unassigned,14.0,13.0,1.0,0.9285714,0.071428575,0.0714286,0.023210831,0.0016579166,0,0,0,1,1
6805,-1,0,1.6848593,0.84354687,1,1,unassigned,6.0,5.0,1.0,0.8333333,0.16666667,0.16666669,0.007736944,0.0012894907,0,0,0,1,0
6806,1,1,7.782622,0.9995833,1,0,unassigned,24.0,23.0,1.0,0.9583333,0.041666668,0.041666687,0.04255319,0.0017730496,1,0,1,1,1
6807,-1,0,-0.049401402,0.48765215,0,1,unassigned,88.0,87.0,1.0,0.9886364,0.011363637,0.0113636255,0.1663443,0.0018902762,0,0,0,0,0
6808,-1,0,-0.71165425,0.3292334,0,1,unassigned,25.0,23.0,2.0,0.92,0.08,0.07999998,0.044487428,0.003558994,0,0,0,0,0
6809,-1,0,-0.530652,0.37036484,0,1,unassigned,43.0,41.0,2.0,0.95348835,0.046511628,0.04651165,0.079303674,0.0036885429,0,0,0,0,0
6810,-1,0,-0.6814685,0.33593363,0,1,unassigned,72.0,71.0,1.0,0.9861111,0.013888889,0.0138888955,0.13539653,0.0018805073,0,0,0,0,0
6811,-1,1,7.3866544,0.99938095,1,1,unassigned,2.0,2.0,0.0,1.0,0.0,0.0,0.0,0.0,1,0,0,1,1
6812,-1,0,5.3039947,0.9950529,1,1,unassigned,3.0,3.0,0.0,1.0,0.0,0.0,0.001934236,0.0,0,0,0,1,1
6813,-1,0,0.04848212,0.51211816,1,1,unassigned,106.0,103.0,3.0,0.9716981,0.028301887,0.028301895,0.20116054,0.005693223,0,0,0,1,0
6814,-1,0,0.2353192,0.55855983,1,1,unassigned,35.0,34.0,1.0,0.9714286,0.028571429,0.028571427,0.06382979,0.0018237082,0,0,0,1,0
6815,-1,0,-0.37382045,0.4076182,0,1,unassigned,30.0,30.0,0.0,1.0,0.0,0.0,0.054158606,0.0,0,0,0,0,0
6816,-1,1,9.080747,0.99988616,1,1,unassigned,3.0,1.0,2.0,0.33333334,0.6666667,0.6666666,0.001934236,0.0012894907,1,0,0,1,1
6817,-1,0,0.31911033,0.5791074,1,1,unassigned,7.0,7.0,0.0,1.0,0.0,0.0,0.00967118,0.0,0,0,0,1,0
6818,0,0,1.6161938,0.8342696,1,1,val,3.0,3.0,0.0,1.0,0.0,0.0,0.001934236,0.0,0,0,0,1,0
6819,-1,0,-0.19055068,0.45250598,0,1,unassigned,2.0,2.0,0.0,1.0,0.0,0.0,0.0,0.0,0,0,0,0,0
6820,-1,0,3.7281768,0.9765276,1,1,unassigned,2.0,2.0,0.0,1.0,0.0,0.0,0.0,0.0,0,0,0,1,1
6821,-1,0,0.009361982,0.5023405,1,1,unassigned,24.0,24.0,0.0,1.0,0.0,0.0,0.04255319,0.0,0,0,0,1,0
6822,-1,0,-0.0176242,0.49559408,0,1,unassigned,18.0,18.0,0.0,1.0,0.0,0.0,0.030947777,0.0,0,0,0,0,0
6823,-1,1,-0.08904922,0.47775242,0,1,unassigned,13.0,13.0,0.0,1.0,0.0,0.0,0.021276595,0.0,1,0,0,0,0
6824,-1,0,0.53119403,0.6297616,1,1,unassigned,56.0,55.0,1.0,0.98214287,0.017857144,0.017857134,0.10444874,0.0018651562,0,0,0,1,0
6825,0,0,-0.08115056,0.47972348,0,0,test,43.0,43.0,0.0,1.0,0.0,0.0,0.079303674,0.0,0,0,1,0,0
6826,-1,0,-0.8940226,0.2902804,0,1,unassigned,45.0,45.0,0.0,1.0,0.0,0.0,0.08317215,0.0,0,0,0,0,0
6827,-1,0,-0.014303207,0.49642426,0,1,unassigned,27.0,27.0,0.0,1.0,0.0,0.0,0.0483559,0.0,0,0,0,0,0
6828,-1,0,-0.8222046,0.30529588,0,1,unassigned,31.0,31.0,0.0,1.0,0.0,0.0,0.056092843,0.0,0,0,0,0,0
6829,-1,0,-0.53098905,0.37028623,0,1,unassigned,27.0,27.0,0.0,1.0,0.0,0.0,0.0483559,0.0,0,0,0,0,0
6830,-1,0,-0.3356673,0.4168623,0,1,unassigned,36.0,36.0,0.0,1.0,0.0,0.0,0.065764025,0.0,0,0,0,0,0
6831,0,0,-0.46097183,0.3867553,0,0,val,113.0,110.0,3.0,0.9734513,0.026548672,0.026548684,0.21470019,0.005700005,0,0,1,0,0
6832,-1,0,-0.92845696,0.28323784,0,1,unassigned,63.0,61.0,2.0,0.96825397,0.031746034,0.03174603,0.11798839,0.0037456634,0,0,0,0,0
6833,-1,1,-0.69753945,0.332358,0,1,unassigned,84.0,56.0,28.0,0.6666667,0.33333334,0.3333333,0.15860735,0.05286912,1,0,0,0,0
6834,-1,1,3.202377,0.9609237,1,1,unassigned,6.0,6.0,0.0,1.0,0.0,0.0,0.007736944,0.0,1,0,0,1,1
6835,-1,0,1.5781877,0.8289477,1,1,unassigned,2.0,1.0,1.0,0.5,0.5,0.5,0.0,0.0,0,0,0,1,0
6836,-1,0,-0.76545614,0.31746286,0,1,unassigned,17.0,17.0,0.0,1.0,0.0,0.0,0.029013539,0.0,0,0,0,0,0
6837,-1,0,-0.7787668,0.31458572,0,1,unassigned,63.0,62.0,1.0,0.984127,0.015873017,0.015873015,0.11798839,0.0018728317,0,0,0,0,0
6838,-1,0,-0.7452905,0.32184833,0,1,unassigned,109.0,108.0,1.0,0.9908257,0.0091743115,0.009174287,0.20696326,0.0018987454,0,0,0,0,0
6839,-1,1,-0.38911596,0.40393016,0,1,unassigned,5.0,5.0,0.0,1.0,0.0,0.0,0.0058027077,0.0,1,0,0,0,0
6840,-1,0,-0.5437364,0.3673188,0,1,unassigned,69.0,69.0,0.0,1.0,0.0,0.0,0.1295938,0.0,0,0,0,0,0
6841,-1,0,2.5985973,0.9307713,1,1,unassigned,2.0,2.0,0.0,1.0,0.0,0.0,0.0,0.0,0,0,0,1,1
6842,-1,0,-0.6178751,0.35026485,0,1,unassigned,29.0,28.0,1.0,0.9655172,0.03448276,0.034482777,0.05222437,0.0018008404,0,0,0,0,0
6843,-1,0,2.934632,0.9495321,1,1,unassigned,4.0,4.0,0.0,1.0,0.0,0.0,0.003868472,0.0,0,0,0,1,1
6844,-1,0,-0.5950605,0.3554746,0,1,unassigned,14.0,13.0,1.0,0.9285714,0.071428575,0.0714286,0.023210831,0.0016579166,0,0,0,0,0
6845,-1,1,-0.8845869,0.29222816,0,1,unassigned,24.0,23.0,1.0,0.9583333,0.041666668,0.041666687,0.04255319,0.0017730496,1,0,0,0,0
6846,-1,0,-0.100908875,0.47479415,0,1,unassigned,2.0,2.0,0.0,1.0,0.0,0.0,0.0,0.0,0,0,0,0,0
6847,-1,0,-0.1602602,0.46002048,0,1,unassigned,2.0,2.0,0.0,1.0,0.0,0.0,0.0,0.0,0,0,0,0,0
6848,1,0,-0.32006055,0.420661,0,1,val,3.0,2.0,1.0,0.6666667,0.33333334,0.3333333,0.001934236,0.00064474536,0,0,0,0,0
6849,1,0,-0.84971696,0.29949224,0,1,test,6.0,5.0,1.0,0.8333333,0.16666667,0.16666669,0.007736944,0.0012894907,0,0,0,0,0
6850,0,0,-1.4136143,0.1956646,0,0,train,2.0,2.0,0.0,1.0,0.0,0.0,0.0,0.0,0,0,1,0,0
6851,-1,0,0.1514492,0.5377901,1,1,unassigned,11.0,11.0,0.0,1.0,0.0,0.0,0.017408123,0.0,0,0,0,1,0
6852,1,0,4.2834287,0.98639244,1,0,val,5.0,5.0,0.0,1.0,0.0,0.0,0.0058027077,0.0,0,0,1,1,1
6853,1,1,0.54719514,0.6334846,1,0,unassigned,6.0,6.0,0.0,1.0,0.0,0.0,0.007736944,0.0,1,0,1,1,0
6854,-1,1,0.41228557,0.6016358,1,1,unassigned,28.0,28.0,0.0,1.0,0.0,0.0,0.050290134,0.0,1,0,0,1,0
6855,-1,1,0.87408334,0.70559466,1,1,unassigned,2.0,2.0,0.0,1.0,0.0,0.0,0.0,0.0,1,0,0,1,0
6856,-1,0,-0.26760885,0.4334942,0,1,unassigned,21.0,21.0,0.0,1.0,0.0,0.0,0.036750484,0.0,0,0,0,0,0
6857,1,1,2.9380872,0.94969743,1,0,val,6.0,6.0,0.0,1.0,0.0,0.0,0.007736944,0.0,1,0,1,1,1
6858,-1,0,-0.12700498,0.46829137,0,1,unassigned,2.0,1.0,1.0,0.5,0.5,0.5,0.0,0.0,0,0,0,0,0
6859,-1,1,1.1096826,0.7520699,1,1,unassigned,3.0,2.0,1.0,0.6666667,0.33333334,0.3333333,0.001934236,0.00064474536,1,0,0,1,0
6860,-1,0,2.0009706,0.88089895,1,1,unassigned,3.0,3.0,0.0,1.0,0.0,0.0,0.001934236,0.0,0,0,0,1,0
6861,1,0,-0.3928151,0.4030398,0,1,unassigned,2.0,1.0,1.0,0.5,0.5,0.5,0.0,0.0,0,0,0,0,0
6862,-1,1,-0.3322786,0.4176863,0,1,unassigned,40.0,39.0,1.0,0.975,0.025,0.024999976,0.07350097,0.0018375242,1,0,0,0,0
6863,-1,1,-0.16008753,0.46006337,0,1,unassigned,3.0,2.0,1.0,0.6666667,0.33333334,0.3333333,0.001934236,0.00064474536,1,0,0,0,0
6864,-1,0,-0.630013,0.3475076,0,1,unassigned,2.0,2.0,0.0,1.0,0.0,0.0,0.0,0.0,0,0,0,0,0
6865,-1,0,-0.71960974,0.32747895,0,1,unassigned,33.0,33.0,0.0,1.0,0.0,0.0,0.059961315,0.0,0,0,0,0,0
6866,-1,1,0.1775533,0.54427207,1,1,unassigned,78.0,75.0,3.0,0.96153843,0.03846154,0.038461566,0.14700194,0.005653921,1,0,0,1,0
6867,-1,0,-0.17101169,0.45735097,0,1,unassigned,21.0,19.0,2.0,0.9047619,0.0952381,0.09523809,0.036750484,0.0035000462,0,0,0,0,0
6868,-1,0,-0.63635546,0.34607086,0,1,unassigned,135.0,134.0,1.0,0.9925926,0.0074074073,0.007407427,0.25725338,0.0019055805,0,0,0,0,0
6869,-1,0,-0.35782263,0.41148674,0,1,unassigned,50.0,47.0,3.0,0.94,0.06,0.060000002,0.092843324,0.0055705993,0,0,0,0,0
6870,-1,0,-0.64874023,0.34327346,0,1,unassigned,19.0,18.0,1.0,0.94736844,0.05263158,0.052631557,0.032882012,0.0017306323,0,0,0,0,0
6871,-1,0,0.43478388,0.6070154,1,1,unassigned,6.0,6.0,0.0,1.0,0.0,0.0,0.007736944,0.0,0,0,0,1,0
6872,-1,1,2.2722318,0.90655106,1,1,unassigned,30.0,12.0,18.0,0.4,0.6,0.6,0.054158606,0.032495163,1,0,0,1,1
6873,0,0,0.053096235,0.513271,1,1,unassigned,7.0,6.0,1.0,0.85714287,0.14285715,0.14285713,0.00967118,0.0013815971,0,0,0,1,0
6874,-1,0,2.3218248,0.9106685,1,1,unassigned,5.0,5.0,0.0,1.0,0.0,0.0,0.0058027077,0.0,0,0,0,1,1
6875,-1,0,-0.44441095,0.39069042,0,1,unassigned,77.0,72.0,5.0,0.9350649,0.064935066,0.06493509,0.14506769,0.00941998,0,0,0,0,0
6876,-1,0,-0.4874118,0.38050348,0,1,unassigned,4.0,4.0,0.0,1.0,0.0,0.0,0.003868472,0.0,0,0,0,0,0
6877,-1,1,3.754423,0.97712165,1,1,unassigned,8.0,7.0,1.0,0.875,0.125,0.125,0.0116054155,0.0014506769,1,0,0,1,1
6878,-1,1,1.4497359,0.8099578,1,1,unassigned,6.0,6.0,0.0,1.0,0.0,0.0,0.007736944,0.0,1,0,0,1,0
6879,-1,0,7.1160946,0.9991887,1,1,unassigned,13.0,12.0,1.0,0.9230769,0.07692308,0.07692307,0.021276595,0.0016366612,0,0,0,1,1
6880,1,1,0.13496083,0.5336891,1,0,val,3.0,3.0,0.0,1.0,0.0,0.0,0.001934236,0.0,1,0,1,1,0
6881,-1,0,3.690509,0.97564846,1,1,unassigned,8.0,4.0,4.0,0.5,0.5,0.5,0.0116054155,0.0058027077,0,0,0,1,1
6882,-1,1,3.994602,0.9819182,1,1,unassigned,3.0,2.0,1.0,0.6666667,0.33333334,0.3333333,0.001934236,0.00064474536,1,0,0,1,1
6883,-1,1,-0.69411165,0.33311903,0,1,unassigned,23.0,23.0,0.0,1.0,0.0,0.0,0.040618956,0.0,1,0,0,0,0
6884,-1,1,0.2130006,0.55304974,1,1,unassigned,7.0,4.0,3.0,0.5714286,0.42857143,0.4285714,0.00967118,0.0041447915,1,0,0,1,0
6885,-1,0,3.9741995,0.9815524,1,1,unassigned,10.0,10.0,0.0,1.0,0.0,0.0,0.015473888,0.0,0,0,0,1,1
6886,-1,0,-0.7803782,0.31423837,0,1,unassigned,12.0,12.0,0.0,1.0,0.0,0.0,0.01934236,0.0,0,0,0,0,0
6887,-1,1,-0.16765463,0.45818427,0,1,unassigned,2.0,2.0,0.0,1.0,0.0,0.0,0.0,0.0,1,0,0,0,0
6888,-1,1,1.238785,0.7753525,1,1,unassigned,19.0,18.0,1.0,0.94736844,0.05263158,0.052631557,0.032882012,0.0017306323,1,0,0,1,0
6889,-1,0,1.2683408,0.7804586,1,1,unassigned,9.0,9.0,0.0,1.0,0.0,0.0,0.013539651,0.0,0,0,0,1,0
6890,0,0,-0.54977167,0.36591738,0,0,val,45.0,43.0,2.0,0.95555556,0.044444446,0.04444444,0.08317215,0.0036965401,0,0,1,0,0
6891,-1,0,-0.4020974,0.4008085,0,1,unassigned,58.0,58.0,0.0,1.0,0.0,0.0,0.10831721,0.0,0,0,0,0,0
6892,-1,0,-0.4937057,0.379021,0,1,unassigned,65.0,65.0,0.0,1.0,0.0,0.0,0.12185687,0.0,0,0,0,0,0
6893,-1,0,2.9830847,0.95180404,1,1,unassigned,4.0,2.0,2.0,0.5,0.5,0.5,0.003868472,0.001934236,0,0,0,1,1
6894,1,0,-0.4679386,0.3851043,0,1,unassigned,39.0,39.0,0.0,1.0,0.0,0.0,0.07156673,0.0,0,0,0,0,0
6895,-1,0,1.139952,0.75767076,1,1,unassigned,2.0,2.0,0.0,1.0,0.0,0.0,0.0,0.0,0,0,0,1,0
6896,0,0,-0.9114461,0.286704,0,0,test,79.0,78.0,1.0,0.98734176,0.012658228,0.012658238,0.14893617,0.001885268,0,0,1,0,0
6897,1,0,-0.42493868,0.39533556,0,1,val,7.0,7.0,0.0,1.0,0.0,0.0,0.00967118,0.0,0,0,0,0,0
6898,-1,0,3.9778683,0.9816187,1,1,unassigned,11.0,10.0,1.0,0.90909094,0.09090909,0.090909064,0.017408123,0.0015825568,0,0,0,1,1
6899,-1,0,2.5492027,0.9275199,1,1,unassigned,35.0,33.0,2.0,0.94285715,0.057142857,0.057142854,0.06382979,0.0036474164,0,0,0,1,1
6900,-1,0,-0.37017336,0.40849912,0,1,unassigned,53.0,53.0,0.0,1.0,0.0,0.0,0.09864604,0.0,0,0,0,0,0
6901,0,0,-0.5100638,0.37517855,0,0,val,80.0,80.0,0.0,1.0,0.0,0.0,0.15087041,0.0,0,0,1,0,0
6902,0,0,-0.8867012,0.29179105,0,0,test,83.0,78.0,5.0,0.939759,0.060240965,0.060240984,0.15667312,0.00943814,0,0,1,0,0
6903,-1,1,0.023433268,0.50585806,1,1,unassigned,12.0,12.0,0.0,1.0,0.0,0.0,0.01934236,0.0,1,0,0,1,0
6904,-1,0,-0.052628636,0.4868459,0,1,unassigned,2.0,2.0,0.0,1.0,0.0,0.0,0.0,0.0,0,0,0,0,0
6905,1,0,-0.8572774,0.29790848,0,1,unassigned,100.0,100.0,0.0,1.0,0.0,0.0,0.18955512,0.0,0,0,0,0,0
6906,-1,1,3.4413555,0.96897227,1,1,unassigned,2.0,2.0,0.0,1.0,0.0,0.0,0.0,0.0,1,0,0,1,1
6907,-1,1,0.5937074,0.6442154,1,1,unassigned,11.0,11.0,0.0,1.0,0.0,0.0,0.017408123,0.0,1,0,0,1,0
6908,-1,1,3.7494442,0.97701013,1,1,unassigned,77.0,71.0,6.0,0.9220779,0.077922076,0.077922106,0.14506769,0.011303975,1,0,0,1,1
6909,-1,1,1.2597094,0.7789761,1,1,unassigned,24.0,21.0,3.0,0.875,0.125,0.125,0.04255319,0.005319149,1,0,0,1,0
6910,-1,1,2.7149243,0.9379016,1,1,unassigned,5.0,5.0,0.0,1.0,0.0,0.0,0.0058027077,0.0,1,0,0,1,1
6911,-1,1,4.234409,0.98571855,1,1,unassigned,5.0,5.0,0.0,1.0,0.0,0.0,0.0058027077,0.0,1,0,0,1,1
6912,1,1,1.1671915,0.76263696,1,0,test,41.0,39.0,2.0,0.9512195,0.048780486,0.0487805,0.07543521,0.003679766,1,0,1,1,0
6913,-1,1,1.8265171,0.86134624,1,1,unassigned,27.0,27.0,0.0,1.0,0.0,0.0,0.0483559,0.0,1,0,0,1,0
6914,-1,1,5.126675,0.9940988,1,1,unassigned,9.0,9.0,0.0,1.0,0.0,0.0,0.013539651,0.0,1,0,0,1,1
6915,0,1,2.091911,0.8901145,1,1,train,29.0,25.0,4.0,0.86206895,0.13793103,0.13793105,0.05222437,0.0072033615,1,0,0,1,0
6916,-1,0,2.4133608,0.91784054,1,1,unassigned,6.0,6.0,0.0,1.0,0.0,0.0,0.007736944,0.0,0,0,0,1,1
6917,-1,1,3.1300066,0.9581137,1,1,unassigned,164.0,140.0,24.0,0.85365856,0.14634146,0.14634144,0.31334624,0.045855545,1,0,0,1,1
6918,-1,0,4.4982543,0.98899406,1,1,unassigned,6.0,5.0,1.0,0.8333333,0.16666667,0.16666669,0.007736944,0.0012894907,0,0,0,1,1
6919,-1,1,1.1698172,0.76311195,1,1,unassigned,40.0,39.0,1.0,0.975,0.025,0.024999976,0.07350097,0.0018375242,1,0,0,1,0
6920,-1,1,1.4811041,0.8147393,1,1,unassigned,21.0,21.0,0.0,1.0,0.0,0.0,0.036750484,0.0,1,0,0,1,0
6921,1,1,2.7633035,0.9406603,1,0,test,53.0,43.0,10.0,0.8113208,0.18867925,0.18867922,0.09864604,0.01861246,1,0,1,1,1
6922,-1,1,1.779484,0.8556332,1,1,unassigned,70.0,69.0,1.0,0.98571426,0.014285714,0.014285743,0.13152805,0.0018789722,1,0,0,1,0
6923,-1,0,-0.5490066,0.36609492,0,1,unassigned,13.0,13.0,0.0,1.0,0.0,0.0,0.021276595,0.0,0,0,0,0,0
6924,-1,0,-0.5677866,0.3617477,0,1,unassigned,52.0,48.0,4.0,0.9230769,0.07692308,0.07692307,0.0967118,0.0074393693,0,0,0,0,0
6925,-1,0,-0.22809803,0.44322145,0,1,unassigned,91.0,90.0,1.0,0.989011,0.010989011,0.01098901,0.172147,0.0018917253,0,0,0,0,0
6926,-1,0,-0.1515663,0.46218082,0,1,unassigned,48.0,46.0,2.0,0.9583333,0.041666668,0.041666687,0.088974856,0.0037072857,0,0,0,0,0
6927,1,1,-0.39612457,0.40224382,0,1,val,20.0,20.0,0.0,1.0,0.0,0.0,0.034816246,0.0,1,0,0,0,0
6928,-1,1,-0.7114164,0.32928595,0,1,unassigned,94.0,91.0,3.0,0.9680851,0.031914894,0.03191489,0.17794971,0.005679246,1,0,0,0,0
6929,-1,0,-0.40863454,0.39923957,0,1,unassigned,39.0,39.0,0.0,1.0,0.0,0.0,0.07156673,0.0,0,0,0,0,0
6930,-1,0,-0.34254557,0.41519126,0,1,unassigned,19.0,19.0,0.0,1.0,0.0,0.0,0.032882012,0.0,0,0,0,0,0
6931,-1,1,7.506265,0.9994506,1,1,unassigned,11.0,11.0,0.0,1.0,0.0,0.0,0.017408123,0.0,1,0,0,1,1
6932,0,0,-0.3596147,0.41105282,0,0,test,13.0,12.0,1.0,0.9230769,0.07692308,0.07692307,0.021276595,0.0016366612,0,0,1,0,0
6933,-1,1,2.2067661,0.90085554,1,1,unassigned,12.0,12.0,0.0,1.0,0.0,0.0,0.01934236,0.0,1,0,0,1,1
6934,-1,0,-0.081166536,0.47971955,0,1,unassigned,36.0,34.0,2.0,0.9444444,0.055555556,0.055555582,0.065764025,0.003653557,0,0,0,0,0
6935,-1,0,-0.6155079,0.35080382,0,1,unassigned,59.0,58.0,1.0,0.9830508,0.016949153,0.016949177,0.11025145,0.0018686686,0,0,0,0,0
6936,-1,0,-0.5697719,0.36128947,0,1,unassigned,60.0,60.0,0.0,1.0,0.0,0.0,0.11218569,0.0,0,0,0,0,0
6937,1,0,3.7617733,0.97728544,1,0,unassigned,2.0,1.0,1.0,0.5,0.5,0.5,0.0,0.0,0,0,1,1,1
6938,-1,0,1.5720694,0.8280784,1,1,unassigned,10.0,10.0,0.0,1.0,0.0,0.0,0.015473888,0.0,0,0,0,1,0
6939,-1,0,-0.12401521,0.46903586,0,1,unassigned,20.0,20.0,0.0,1.0,0.0,0.0,0.034816246,0.0,0,0,0,0,0
6940,-1,0,2.1365366,0.89440393,1,1,unassigned,5.0,5.0,0.0,1.0,0.0,0.0,0.0058027077,0.0,0,0,0,1,0
6941,1,0,3.1298163,0.958106,1,0,unassigned,16.0,16.0,0.0,1.0,0.0,0.0,0.027079303,0.0,0,0,1,1,1
6942,-1,0,0.8745697,0.7056957,1,1,unassigned,28.0,28.0,0.0,1.0,0.0,0.0,0.050290134,0.0,0,0,0,1,0
6943,-1,1,-0.6571841,0.34137246,0,1,unassigned,82.0,81.0,1.0,0.9878049,0.0121951215,0.01219511,0.15473887,0.0018870593,1,0,0,0,0
6944,1,0,1.925523,0.872753,1,0,val,8.0,8.0,0.0,1.0,0.0,0.0,0.0116054155,0.0,0,0,1,1,0
6945,-1,0,-0.22194001,0.44474164,0,1,unassigned,3.0,2.0,1.0,0.6666667,0.33333334,0.3333333,0.001934236,0.00064474536,0,0,0,0,0
6946,1,0,3.6512234,0.9746975,1,0,test,9.0,9.0,0.0,1.0,0.0,0.0,0.013539651,0.0,0,0,1,1,1
6947,-1,1,1.024426,0.7358338,1,1,unassigned,19.0,17.0,2.0,0.8947368,0.10526316,0.10526317,0.032882012,0.0034612645,1,0,0,1,0
6948,-1,0,0.76083344,0.68153465,1,1,unassigned,8.0,8.0,0.0,1.0,0.0,0.0,0.0116054155,0.0,0,0,0,1,0
6949,-1,1,0.29581302,0.5734187,1,1,unassigned,35.0,33.0,2.0,0.94285715,0.057142857,0.057142854,0.06382979,0.0036474164,1,0,0,1,0
6950,-1,1,3.844793,0.9790572,1,1,unassigned,9.0,9.0,0.0,1.0,0.0,0.0,0.013539651,0.0,1,0,0,1,1
6951,-1,1,2.796617,0.9424928,1,1,unassigned,5.0,5.0,0.0,1.0,0.0,0.0,0.0058027077,0.0,1,0,0,1,1
6952,-1,0,-0.30064395,0.42540005,0,1,unassigned,2.0,1.0,1.0,0.5,0.5,0.5,0.0,0.0,0,0,0,0,0
6953,-1,0,6.713555,0.9987871,1,1,unassigned,2.0,1.0,1.0,0.5,0.5,0.5,0.0,0.0,0,0,0,1,1
6954,-1,0,2.9298368,0.94930184,1,1,unassigned,3.0,3.0,0.0,1.0,0.0,0.0,0.001934236,0.0,0,0,0,1,1
6955,-1,1,5.686253,0.9966191,1,1,unassigned,9.0,9.0,0.0,1.0,0.0,0.0,0.013539651,0.0,1,0,0,1,1
6956,-1,0,0.24391705,0.5606787,1,1,unassigned,22.0,21.0,1.0,0.95454544,0.045454547,0.04545456,0.03868472,0.0017583964,0,0,0,1,0
6957,-1,0,-0.104032785,0.47401524,0,1,unassigned,8.0,8.0,0.0,1.0,0.0,0.0,0.0116054155,0.0,0,0,0,0,0
6958,-1,0,-0.094185114,0.47647116,0,1,unassigned,97.0,93.0,4.0,0.9587629,0.041237112,0.041237116,0.18375242,0.007577419,0,0,0,0,0
6959,-1,0,-0.05536741,0.48616168,0,1,unassigned,16.0,12.0,4.0,0.75,0.25,0.25,0.027079303,0.0067698257,0,0,0,0,0
6960,-1,0,-0.31467718,0.4219735,0,1,unassigned,5.0,5.0,0.0,1.0,0.0,0.0,0.0058027077,0.0,0,0,0,0,0
6961,-1,1,-0.55237955,0.3653125,0,1,unassigned,31.0,25.0,6.0,0.8064516,0.19354838,0.19354838,0.056092843,0.010856679,1,0,0,0,0
6962,0,0,-0.85509276,0.29836562,0,0,test,3.0,3.0,0.0,1.0,0.0,0.0,0.001934236,0.0,0,0,1,0,0
6963,-1,1,0.47519845,0.6166134,1,1,unassigned,3.0,2.0,1.0,0.6666667,0.33333334,0.3333333,0.001934236,0.00064474536,1,0,0,1,0
6964,-1,1,1.5998499,0.8319974,1,1,unassigned,40.0,39.0,1.0,0.975,0.025,0.024999976,0.07350097,0.0018375242,1,0,0,1,0
6965,-1,0,0.33831024,0.58378,1,1,unassigned,6.0,6.0,0.0,1.0,0.0,0.0,0.007736944,0.0,0,0,0,1,0
6966,-1,1,6.769194,0.9988527,1,1,unassigned,24.0,20.0,4.0,0.8333333,0.16666667,0.16666669,0.04255319,0.0070921984,1,0,0,1,1
6967,-1,0,-0.16570055,0.4586694,0,1,unassigned,38.0,38.0,0.0,1.0,0.0,0.0,0.06963249,0.0,0,0,0,0,0
6968,-1,1,1.1042914,0.7510633,1,1,unassigned,30.0,28.0,2.0,0.93333334,0.06666667,0.06666666,0.054158606,0.003610574,1,0,0,1,0
6969,-1,0,1.7390754,0.85056955,1,1,unassigned,7.0,7.0,0.0,1.0,0.0,0.0,0.00967118,0.0,0,0,0,1,0
6970,-1,1,3.94185,0.9809574,1,1,unassigned,33.0,31.0,2.0,0.93939394,0.060606062,0.060606062,0.059961315,0.0036340193,1,0,0,1,1
6971,-1,0,-0.7276633,0.32570773,0,1,unassigned,59.0,59.0,0.0,1.0,0.0,0.0,0.11025145,0.0,0,0,0,0,0
6972,-1,0,-0.2814425,0.43010014,0,1,unassigned,32.0,32.0,0.0,1.0,0.0,0.0,0.058027077,0.0,0,0,0,0,0
6973,0,0,-0.27737352,0.4310978,0,0,unassigned,58.0,58.0,0.0,1.0,0.0,0.0,0.10831721,0.0,0,0,1,0,0
6974,-1,1,2.8476355,0.94519633,1,1,unassigned,2.0,2.0,0.0,1.0,0.0,0.0,0.0,0.0,1,0,0,1,1
6975,-1,0,-0.8669013,0.29589948,0,1,unassigned,24.0,24.0,0.0,1.0,0.0,0.0,0.04255319,0.0,0,0,0,0,0
6976,-1,0,0.6227296,0.6508391,1,1,unassigned,16.0,16.0,0.0,1.0,0.0,0.0,0.027079303,0.0,0,0,0,1,0
6977,-1,0,-0.6621377,0.34025958,0,1,unassigned,25.0,24.0,1.0,0.96,0.04,0.04000002,0.044487428,0.001779497,0,0,0,0,0
6978,-1,0,-0.65978104,0.3407888,0,1,unassigned,140.0,139.0,1.0,0.99285716,0.007142857,0.007142842,0.26692456,0.001906604,0,0,0,0,0
6979,-1,0,-0.6693243,0.33864817,0,1,unassigned,45.0,45.0,0.0,1.0,0.0,0.0,0.08317215,0.0,0,0,0,0,0
6980,-1,0,-0.8831532,0.29252478,0,1,unassigned,76.0,76.0,0.0,1.0,0.0,0.0,0.14313346,0.0,0,0,0,0,0
6981,-1,0,-0.9137294,0.2862373,0,1,unassigned,20.0,20.0,0.0,1.0,0.0,0.0,0.034816246,0.0,0,0,0,0,0
6982,-1,1,1.6392679,0.8374353,1,1,unassigned,7.0,7.0,0.0,1.0,0.0,0.0,0.00967118,0.0,1,0,0,1,0
6983,-1,0,-0.68535215,0.3350678,0,1,unassigned,70.0,69.0,1.0,0.98571426,0.014285714,0.014285743,0.13152805,0.0018789722,0,0,0,0,0
6984,-1,0,-0.9358994,0.2817294,0,1,unassigned,35.0,33.0,2.0,0.94285715,0.057142857,0.057142854,0.06382979,0.0036474164,0,0,0,0,0
6985,-1,0,5.6777334,0.9965904,1,1,unassigned,15.0,14.0,1.0,0.93333334,0.06666667,0.06666666,0.025145067,0.0016763379,0,0,0,1,1
6986,-1,0,-0.18578762,0.45368627,0,1,unassigned,10.0,10.0,0.0,1.0,0.0,0.0,0.015473888,0.0,0,0,0,0,0
6987,-1,0,5.5084214,0.9959638,1,1,unassigned,44.0,43.0,1.0,0.97727275,0.022727273,0.022727251,0.08123791,0.0018463163,0,0,0,1,1
6988,-1,0,-0.4289312,0.39438158,0,1,unassigned,19.0,19.0,0.0,1.0,0.0,0.0,0.032882012,0.0,0,0,0,0,0
6989,-1,1,-0.7187706,0.32766375,0,1,unassigned,47.0,45.0,2.0,0.9574468,0.04255319,0.042553186,0.08704062,0.003703856,1,0,0,0,0
6990,-1,1,3.7528841,0.97708726,1,1,unassigned,4.0,4.0,0.0,1.0,0.0,0.0,0.003868472,0.0,1,0,0,1,1
6991,-1,1,2.5727706,0.9290885,1,1,unassigned,2.0,2.0,0.0,1.0,0.0,0.0,0.0,0.0,1,0,0,1,1
6992,1,0,1.427918,0.80657667,1,0,val,2.0,2.0,0.0,1.0,0.0,0.0,0.0,0.0,0,0,1,1,0
6993,-1,0,5.095944,0.99391574,1,1,unassigned,2.0,2.0,0.0,1.0,0.0,0.0,0.0,0.0,0,0,0,1,1
6994,-1,0,-0.6532322,0.34226152,0,1,unassigned,73.0,72.0,1.0,0.98630136,0.01369863,0.0136986375,0.13733076,0.0018812432,0,0,0,0,0
6995,1,0,-0.22403878,0.4442234,0,1,unassigned,12.0,11.0,1.0,0.9166667,0.083333336,0.08333331,0.01934236,0.0016118633,0,0,0,0,0
6996,-1,0,1.0619755,0.7430679,1,1,unassigned,21.0,21.0,0.0,1.0,0.0,0.0,0.036750484,0.0,0,0,0,1,0
6997,-1,0,4.863709,0.9923374,1,1,unassigned,7.0,7.0,0.0,1.0,0.0,0.0,0.00967118,0.0,0,0,0,1,1
6998,-1,1,0.6386762,0.6544542,1,1,unassigned,10.0,10.0,0.0,1.0,0.0,0.0,0.015473888,0.0,1,0,0,1,0
6999,-1,0,-0.7302428,0.32514146,0,1,unassigned,197.0,194.0,3.0,0.98477155,0.015228426,0.01522845,0.37717602,0.005743797,0,0,0,0,0
7000,-1,0,-0.8795851,0.29326376,0,1,unassigned,17.0,17.0,0.0,1.0,0.0,0.0,0.029013539,0.0,0,0,0,0,0
7001,-1,0,1.010886,0.73319346,1,1,unassigned,5.0,5.0,0.0,1.0,0.0,0.0,0.0058027077,0.0,0,0,0,1,0
7002,-1,0,-0.46801704,0.38508567,0,1,unassigned,11.0,11.0,0.0,1.0,0.0,0.0,0.017408123,0.0,0,0,0,0,0
7003,-1,0,-0.7217399,0.32700998,0,1,unassigned,2.0,2.0,0.0,1.0,0.0,0.0,0.0,0.0,0,0,0,0,0
7004,-1,0,-0.55743665,0.36414078,0,1,unassigned,29.0,24.0,5.0,0.82758623,0.1724138,0.17241377,0.05222437,0.009004202,0,0,0,0,0
7005,-1,0,2.4087174,0.91748965,1,1,unassigned,11.0,11.0,0.0,1.0,0.0,0.0,0.017408123,0.0,0,0,0,1,1
7006,-1,0,-0.33298713,0.417514,0,1,unassigned,11.0,10.0,1.0,0.90909094,0.09090909,0.090909064,0.017408123,0.0015825568,0,0,0,0,0
7007,-1,1,1.1218636,0.7543343,1,1,unassigned,11.0,10.0,1.0,0.90909094,0.09090909,0.090909064,0.017408123,0.0015825568,1,0,0,1,0
7008,-1,0,-0.16067064,0.45991856,0,1,unassigned,16.0,16.0,0.0,1.0,0.0,0.0,0.027079303,0.0,0,0,0,0,0
7009,-1,0,-0.09373546,0.47658333,0,1,unassigned,20.0,20.0,0.0,1.0,0.0,0.0,0.034816246,0.0,0,0,0,0,0
7010,-1,0,-0.37153798,0.40816942,0,1,unassigned,2.0,2.0,0.0,1.0,0.0,0.0,0.0,0.0,0,0,0,0,0
7011,0,0,-0.7893938,0.31229886,0,0,unassigned,11.0,11.0,0.0,1.0,0.0,0.0,0.017408123,0.0,0,0,1,0,0
7012,-1,0,-0.12722445,0.4682367,0,1,unassigned,24.0,24.0,0.0,1.0,0.0,0.0,0.04255319,0.0,0,0,0,0,0
7013,0,0,-0.63045734,0.34740683,0,0,unassigned,71.0,70.0,1.0,0.9859155,0.014084507,0.014084518,0.13346228,0.0018797504,0,0,1,0,0
7014,0,0,-0.51975846,0.37290874,0,0,unassigned,73.0,73.0,0.0,1.0,0.0,0.0,0.13733076,0.0,0,0,1,0,0
7015,-1,0,-0.5163456,0.37370715,0,1,unassigned,71.0,66.0,5.0,0.92957747,0.07042254,0.07042253,0.13346228,0.009398753,0,0,0,0,0
7016,-1,1,2.5748515,0.92922544,1,1,unassigned,10.0,9.0,1.0,0.9,0.1,0.100000024,0.015473888,0.0015473888,1,0,0,1,1
7017,-1,0,0.027319372,0.50682944,1,1,unassigned,2.0,2.0,0.0,1.0,0.0,0.0,0.0,0.0,0,0,0,1,0
7018,0,0,-0.30164617,0.4251551,0,0,val,2.0,2.0,0.0,1.0,0.0,0.0,0.0,0.0,0,0,1,0,0
7019,-1,1,2.716275,0.9379802,1,1,unassigned,50.0,47.0,3.0,0.94,0.06,0.060000002,0.092843324,0.0055705993,1,0,0,1,1
7020,-1,0,-0.41047776,0.39879757,0,1,unassigned,59.0,59.0,0.0,1.0,0.0,0.0,0.11025145,0.0,0,0,0,0,0
7021,-1,0,-0.8090036,0.30810288,0,1,unassigned,236.0,230.0,6.0,0.9745763,0.025423728,0.025423706,0.4526112,0.011507064,0,0,0,0,0
7022,-1,0,-0.8332597,0.30295625,0,1,unassigned,60.0,60.0,0.0,1.0,0.0,0.0,0.11218569,0.0,0,0,0,0,0
7023,-1,0,0.5517295,0.6345368,1,1,unassigned,2.0,2.0,0.0,1.0,0.0,0.0,0.0,0.0,0,0,0,1,0
7024,-1,0,-0.87330234,0.2945676,0,1,unassigned,51.0,50.0,1.0,0.98039216,0.019607844,0.019607842,0.09477756,0.0018583836,0,0,0,0,0
7025,-1,0,-0.47828916,0.38265622,0,1,unassigned,25.0,25.0,0.0,1.0,0.0,0.0,0.044487428,0.0,0,0,0,0,0
7026,-1,0,-0.8709934,0.29504764,0,1,unassigned,31.0,31.0,0.0,1.0,0.0,0.0,0.056092843,0.0,0,0,0,0,0
7027,-1,0,-0.88170505,0.2928246,0,1,unassigned,120.0,118.0,2.0,0.98333335,0.016666668,0.01666665,0.22823985,0.0038039978,0,0,0,0,0
7028,-1,0,-0.72543514,0.32619727,0,1,unassigned,92.0,91.0,1.0,0.98913044,0.010869565,0.010869563,0.17408124,0.0018921874,0,0,0,0,0
7029,-1,0,-0.662559,0.34016502,0,1,unassigned,103.0,103.0,0.0,1.0,0.0,0.0,0.19535783,0.0,0,0,0,0,0
7030,-1,0,-0.68399006,0.33537135,0,1,unassigned,3.0,3.0,0.0,1.0,0.0,0.0,0.001934236,0.0,0,0,0,0,0
7031,-1,0,-0.6338552,0.3466369,0,1,unassigned,24.0,24.0,0.0,1.0,0.0,0.0,0.04255319,0.0,0,0,0,0,0
7032,-1,1,1.6861813,0.84372133,1,1,unassigned,42.0,37.0,5.0,0.88095236,0.11904762,0.11904764,0.07736944,0.009210647,1,0,0,1,0
7033,-1,1,2.0084105,0.8816773,1,1,unassigned,9.0,9.0,0.0,1.0,0.0,0.0,0.013539651,0.0,1,0,0,1,0
7034,0,0,0.36830562,0.5910495,1,1,val,24.0,22.0,2.0,0.9166667,0.083333336,0.08333331,0.04255319,0.0035460992,0,0,0,1,0
7035,-1,0,-0.7993374,0.31016728,0,1,unassigned,65.0,65.0,0.0,1.0,0.0,0.0,0.12185687,0.0,0,0,0,0,0
7036,-1,0,0.2676019,0.5665041,1,1,unassigned,8.0,8.0,0.0,1.0,0.0,0.0,0.0116054155,0.0,0,0,0,1,0
7037,0,0,-0.7900939,0.3121485,0,0,unassigned,50.0,49.0,1.0,0.98,0.02,0.01999998,0.092843324,0.0018568664,0,0,1,0,0
7038,-1,0,-0.7156702,0.32834715,0,1,unassigned,53.0,53.0,0.0,1.0,0.0,0.0,0.09864604,0.0,0,0,0,0,0
7039,-1,0,1.3866873,0.8000629,1,1,unassigned,28.0,27.0,1.0,0.96428573,0.035714287,0.03571427,0.050290134,0.0017960763,0,0,0,1,0
7040,-1,0,-0.5974179,0.35493466,0,1,unassigned,51.0,51.0,0.0,1.0,0.0,0.0,0.09477756,0.0,0,0,0,0,0
7041,-1,0,0.9014972,0.7112571,1,1,unassigned,16.0,12.0,4.0,0.75,0.25,0.25,0.027079303,0.0067698257,0,0,0,1,0
7042,-1,0,-0.3932174,0.40294302,0,1,unassigned,48.0,47.0,1.0,0.9791667,0.020833334,0.020833313,0.088974856,0.0018536429,0,0,0,0,0
7043,-1,0,4.874453,0.99241865,1,1,unassigned,8.0,8.0,0.0,1.0,0.0,0.0,0.0116054155,0.0,0,0,0,1,1
7044,-1,0,0.63996834,0.6547463,1,1,unassigned,90.0,90.0,0.0,1.0,0.0,0.0,0.17021276,0.0,0,0,0,1,0
7045,-1,0,0.3435185,0.585045,1,1,unassigned,4.0,4.0,0.0,1.0,0.0,0.0,0.003868472,0.0,0,0,0,1,0
7046,1,0,6.088571,0.99773645,1,0,unassigned,15.0,15.0,0.0,1.0,0.0,0.0,0.025145067,0.0,0,0,1,1,1
7047,-1,1,6.654131,0.998713,1,1,unassigned,25.0,23.0,2.0,0.92,0.08,0.07999998,0.044487428,0.003558994,1,0,0,1,1
7048,-1,1,-0.2724985,0.43229383,0,1,unassigned,10.0,8.0,2.0,0.8,0.2,0.19999999,0.015473888,0.0030947777,1,0,0,0,0
7049,-1,1,2.47909,0.92266285,1,1,unassigned,11.0,11.0,0.0,1.0,0.0,0.0,0.017408123,0.0,1,0,0,1,1
7050,1,0,5.453899,0.9957386,1,0,val,9.0,8.0,1.0,0.8888889,0.11111111,0.111111104,0.013539651,0.0015044058,0,0,1,1,1
7051,-1,0,-0.46797335,0.38509604,0,1,unassigned,18.0,18.0,0.0,1.0,0.0,0.0,0.030947777,0.0,0,0,0,0,0
7052,-1,0,-0.29931706,0.42572445,0,1,unassigned,8.0,8.0,0.0,1.0,0.0,0.0,0.0116054155,0.0,0,0,0,0,0
7053,-1,0,3.5939963,0.9732472,1,1,unassigned,3.0,2.0,1.0,0.6666667,0.33333334,0.3333333,0.001934236,0.00064474536,0,0,0,1,1
7054,-1,0,-0.4367506,0.39251554,0,1,unassigned,22.0,22.0,0.0,1.0,0.0,0.0,0.03868472,0.0,0,0,0,0,0
7055,-1,0,-0.35381207,0.4124583,0,1,unassigned,12.0,11.0,1.0,0.9166667,0.083333336,0.08333331,0.01934236,0.0016118633,0,0,0,0,0
7056,0,1,2.5877776,0.9300708,1,1,unassigned,2.0,2.0,0.0,1.0,0.0,0.0,0.0,0.0,1,0,0,1,1
7057,-1,0,-0.52848864,0.37086943,0,1,unassigned,21.0,19.0,2.0,0.9047619,0.0952381,0.09523809,0.036750484,0.0035000462,0,0,0,0,0
7058,-1,0,0.31330967,0.57769287,1,1,unassigned,38.0,36.0,2.0,0.94736844,0.05263158,0.052631557,0.06963249,0.0036648682,0,0,0,1,0
7059,-1,0,1.3307102,0.7909581,1,1,unassigned,8.0,8.0,0.0,1.0,0.0,0.0,0.0116054155,0.0,0,0,0,1,0
7060,-1,0,7.399494,0.9993888,1,1,unassigned,6.0,4.0,2.0,0.6666667,0.33333334,0.3333333,0.007736944,0.0025789815,0,0,0,1,1
7061,-1,0,1.5524261,0.82526386,1,1,unassigned,2.0,2.0,0.0,1.0,0.0,0.0,0.0,0.0,0,0,0,1,0
7062,-1,0,0.00882715,0.5022068,1,1,unassigned,3.0,3.0,0.0,1.0,0.0,0.0,0.001934236,0.0,0,0,0,1,0
7063,1,0,2.196434,0.8999288,1,0,val,6.0,6.0,0.0,1.0,0.0,0.0,0.007736944,0.0,0,0,1,1,0
7064,-1,0,0.5325363,0.6300745,1,1,unassigned,22.0,22.0,0.0,1.0,0.0,0.0,0.03868472,0.0,0,0,0,1,0
7065,-1,0,0.8121441,0.69256616,1,1,unassigned,25.0,24.0,1.0,0.96,0.04,0.04000002,0.044487428,0.001779497,0,0,0,1,0
7066,-1,0,-0.481661,0.38185996,0,1,unassigned,29.0,27.0,2.0,0.9310345,0.06896552,0.068965495,0.05222437,0.0036016807,0,0,0,0,0
7067,-1,0,2.4512246,0.92065096,1,1,unassigned,42.0,42.0,0.0,1.0,0.0,0.0,0.07736944,0.0,0,0,0,1,1
7068,-1,0,-0.62340397,0.34900767,0,1,unassigned,12.0,10.0,2.0,0.8333333,0.16666667,0.16666669,0.01934236,0.0032237265,0,0,0,0,0
7069,-1,0,1.9673889,0.8773303,1,1,unassigned,46.0,46.0,0.0,1.0,0.0,0.0,0.08510638,0.0,0,0,0,1,0
7070,-1,0,5.752723,0.99683595,1,1,unassigned,12.0,12.0,0.0,1.0,0.0,0.0,0.01934236,0.0,0,0,0,1,1
7071,-1,0,1.6131113,0.8338429,1,1,unassigned,15.0,15.0,0.0,1.0,0.0,0.0,0.025145067,0.0,0,0,0,1,0
7072,-1,1,-0.035802484,0.49105033,0,1,unassigned,15.0,15.0,0.0,1.0,0.0,0.0,0.025145067,0.0,1,0,0,0,0
7073,-1,1,0.35835046,0.58864105,1,1,unassigned,29.0,28.0,1.0,0.9655172,0.03448276,0.034482777,0.05222437,0.0018008404,1,0,0,1,0
7074,1,0,2.9580371,0.95064193,1,0,unassigned,12.0,12.0,0.0,1.0,0.0,0.0,0.01934236,0.0,0,0,1,1,1
7075,1,0,4.7870803,0.9917321,1,0,val,3.0,3.0,0.0,1.0,0.0,0.0,0.001934236,0.0,0,0,1,1,1
7076,-1,0,-0.29622728,0.42648003,0,1,unassigned,15.0,15.0,0.0,1.0,0.0,0.0,0.025145067,0.0,0,0,0,0,0
7077,-1,0,0.37804484,0.5934015,1,1,unassigned,14.0,12.0,2.0,0.85714287,0.14285715,0.14285713,0.023210831,0.0033158332,0,0,0,1,0
7078,-1,0,-0.7440667,0.3221155,0,1,unassigned,27.0,27.0,0.0,1.0,0.0,0.0,0.0483559,0.0,0,0,0,0,0
7079,-1,0,0.3855636,0.59521425,1,1,unassigned,2.0,2.0,0.0,1.0,0.0,0.0,0.0,0.0,0,0,0,1,0
7080,-1,0,-0.3895845,0.4038173,0,1,unassigned,24.0,23.0,1.0,0.9583333,0.041666668,0.041666687,0.04255319,0.0017730496,0,0,0,0,0
7081,-1,0,-0.49169075,0.37949535,0,1,unassigned,6.0,6.0,0.0,1.0,0.0,0.0,0.007736944,0.0,0,0,0,0,0
7082,1,1,-0.30004424,0.42554665,0,1,test,15.0,14.0,1.0,0.93333334,0.06666667,0.06666666,0.025145067,0.0016763379,1,0,0,0,0
7083,-1,0,-0.71147114,0.32927385,0,1,unassigned,37.0,30.0,7.0,0.8108108,0.1891892,0.1891892,0.06769826,0.01280778,0,0,0,0,0
7084,-1,0,0.573378,0.6395423,1,1,unassigned,7.0,6.0,1.0,0.85714287,0.14285715,0.14285713,0.00967118,0.0013815971,0,0,0,1,0
7085,1,1,-0.5418889,0.3677483,0,1,unassigned,115.0,114.0,1.0,0.99130434,0.008695652,0.008695662,0.21856867,0.001900597,1,0,0,0,0
7086,-1,0,1.2141168,0.77102655,1,1,unassigned,21.0,21.0,0.0,1.0,0.0,0.0,0.036750484,0.0,0,0,0,1,0
7087,-1,0,-0.5824798,0.3583622,0,1,unassigned,16.0,16.0,0.0,1.0,0.0,0.0,0.027079303,0.0,0,0,0,0,0
7088,-1,0,-0.41162664,0.39852214,0,1,unassigned,7.0,7.0,0.0,1.0,0.0,0.0,0.00967118,0.0,0,0,0,0,0
7089,-1,0,4.1487975,0.98446184,1,1,unassigned,2.0,2.0,0.0,1.0,0.0,0.0,0.0,0.0,0,0,0,1,1
7090,-1,0,-0.18047532,0.45500323,0,1,unassigned,35.0,33.0,2.0,0.94285715,0.057142857,0.057142854,0.06382979,0.0036474164,0,0,0,0,0
7091,-1,1,-0.115552425,0.47114402,0,1,unassigned,22.0,21.0,1.0,0.95454544,0.045454547,0.04545456,0.03868472,0.0017583964,1,0,0,0,0
7092,-1,0,1.7664213,0.8540121,1,1,unassigned,22.0,19.0,3.0,0.8636364,0.13636364,0.13636363,0.03868472,0.005275189,0,0,0,1,0
7093,-1,0,-0.8089797,0.30810797,0,1,unassigned,76.0,76.0,0.0,1.0,0.0,0.0,0.14313346,0.0,0,0,0,0,0
7094,-1,0,0.35192245,0.5870837,1,1,unassigned,26.0,26.0,0.0,1.0,0.0,0.0,0.046421662,0.0,0,0,0,1,0
7095,-1,0,-0.48499197,0.38107404,0,1,unassigned,31.0,31.0,0.0,1.0,0.0,0.0,0.056092843,0.0,0,0,0,0,0
7096,-1,0,-0.7824193,0.3137987,0,1,unassigned,79.0,78.0,1.0,0.98734176,0.012658228,0.012658238,0.14893617,0.001885268,0,0,0,0,0
7097,-1,1,1.9622891,0.8767805,1,1,unassigned,3.0,3.0,0.0,1.0,0.0,0.0,0.001934236,0.0,1,0,0,1,0
7098,-1,0,-0.8614582,0.29703477,0,1,unassigned,59.0,59.0,0.0,1.0,0.0,0.0,0.11025145,0.0,0,0,0,0,0
7099,-1,0,0.10869163,0.52714616,1,1,unassigned,13.0,13.0,0.0,1.0,0.0,0.0,0.021276595,0.0,0,0,0,1,0
7100,-1,0,0.78143317,0.6859889,1,1,unassigned,6.0,6.0,0.0,1.0,0.0,0.0,0.007736944,0.0,0,0,0,1,0
7101,-1,1,-0.884718,0.29220104,0,1,unassigned,25.0,24.0,1.0,0.96,0.04,0.04000002,0.044487428,0.001779497,1,0,0,0,0
7102,-1,0,-0.6267688,0.34824356,0,1,unassigned,95.0,92.0,3.0,0.96842104,0.031578947,0.031578958,0.17988394,0.0056805452,0,0,0,0,0
7103,-1,0,-0.5763051,0.35978323,0,1,unassigned,39.0,39.0,0.0,1.0,0.0,0.0,0.07156673,0.0,0,0,0,0,0
7104,-1,0,-0.587928,0.3571104,0,1,unassigned,9.0,9.0,0.0,1.0,0.0,0.0,0.013539651,0.0,0,0,0,0,0
7105,-1,0,-0.077973664,0.48051643,0,1,unassigned,14.0,14.0,0.0,1.0,0.0,0.0,0.023210831,0.0,0,0,0,0,0
7106,-1,0,-0.82979596,0.3036882,0,1,unassigned,88.0,88.0,0.0,1.0,0.0,0.0,0.1663443,0.0,0,0,0,0,0
7107,-1,0,-0.41136616,0.39858457,0,1,unassigned,5.0,5.0,0.0,1.0,0.0,0.0,0.0058027077,0.0,0,0,0,0,0
7108,-1,0,-0.8006662,0.30988303,0,1,unassigned,75.0,72.0,3.0,0.96,0.04,0.04000002,0.14119923,0.005647969,0,0,0,0,0
7109,-1,1,-0.5539421,0.36495033,0,1,unassigned,51.0,46.0,5.0,0.9019608,0.09803922,0.09803921,0.09477756,0.009291918,1,0,0,0,0
7110,-1,0,-0.37198365,0.4080618,0,1,unassigned,42.0,42.0,0.0,1.0,0.0,0.0,0.07736944,0.0,0,0,0,0,0
7111,-1,0,-0.9035688,0.28831765,0,1,unassigned,39.0,39.0,0.0,1.0,0.0,0.0,0.07156673,0.0,0,0,0,0,0
7112,-1,0,-0.8864813,0.2918365,0,1,unassigned,50.0,50.0,0.0,1.0,0.0,0.0,0.092843324,0.0,0,0,0,0,0
7113,0,0,-0.78178203,0.31393594,0,0,test,146.0,146.0,0.0,1.0,0.0,0.0,0.27852997,0.0,0,0,1,0,0
7114,-1,0,-0.7372134,0.3236138,0,1,unassigned,36.0,35.0,1.0,0.9722222,0.027777778,0.027777791,0.065764025,0.0018267785,0,0,0,0,0
7115,-1,1,1.0362425,0.7381243,1,1,unassigned,64.0,63.0,1.0,0.984375,0.015625,0.015625,0.11992263,0.0018737911,1,0,0,1,0
7116,-1,0,-0.24145895,0.43992686,0,1,unassigned,51.0,47.0,4.0,0.92156863,0.078431375,0.07843137,0.09477756,0.0074335346,0,0,0,0,0
7117,-1,0,1.385061,0.7998026,1,1,unassigned,7.0,7.0,0.0,1.0,0.0,0.0,0.00967118,0.0,0,0,0,1,0
7118,-1,1,-0.5273795,0.3711283,0,1,unassigned,25.0,24.0,1.0,0.96,0.04,0.04000002,0.044487428,0.001779497,1,0,0,0,0
7119,-1,1,-0.18314105,0.45434228,0,1,unassigned,4.0,2.0,2.0,0.5,0.5,0.5,0.003868472,0.001934236,1,0,0,0,0
7120,-1,0,3.627497,0.9741057,1,1,unassigned,2.0,2.0,0.0,1.0,0.0,0.0,0.0,0.0,0,0,0,1,1
7121,1,0,-0.04956001,0.48761252,0,1,val,16.0,16.0,0.0,1.0,0.0,0.0,0.027079303,0.0,0,0,0,0,0
7122,-1,0,-0.21207243,0.44717968,0,1,unassigned,2.0,2.0,0.0,1.0,0.0,0.0,0.0,0.0,0,0,0,0,0
7123,-1,1,-0.35084143,0.41317838,0,1,unassigned,2.0,2.0,0.0,1.0,0.0,0.0,0.0,0.0,1,0,0,0,0
7124,-1,1,0.96484476,0.72409075,1,1,unassigned,8.0,7.0,1.0,0.875,0.125,0.125,0.0116054155,0.0014506769,1,0,0,1,0
7125,-1,0,1.3786273,0.7987704,1,1,unassigned,7.0,7.0,0.0,1.0,0.0,0.0,0.00967118,0.0,0,0,0,1,0
7126,-1,1,-0.40026027,0.40124983,0,1,unassigned,36.0,34.0,2.0,0.9444444,0.055555556,0.055555582,0.065764025,0.003653557,1,0,0,0,0
7127,-1,1,7.865028,0.99961615,1,1,unassigned,2.0,2.0,0.0,1.0,0.0,0.0,0.0,0.0,1,0,0,1,1
7128,-1,1,2.4206595,0.91838914,1,1,unassigned,32.0,29.0,3.0,0.90625,0.09375,0.09375,0.058027077,0.0054400386,1,0,0,1,1
7129,-1,1,1.5658245,0.82718754,1,1,unassigned,24.0,22.0,2.0,0.9166667,0.083333336,0.08333331,0.04255319,0.0035460992,1,0,0,1,0
7130,-1,0,1.0771515,0.7459546,1,1,unassigned,3.0,2.0,1.0,0.6666667,0.33333334,0.3333333,0.001934236,0.00064474536,0,0,0,1,0
7131,0,1,-0.79044646,0.3120728,0,0,val,32.0,25.0,7.0,0.78125,0.21875,0.21875,0.058027077,0.012693423,1,0,1,0,0
7132,-1,0,0.73540026,0.6759892,1,1,unassigned,32.0,32.0,0.0,1.0,0.0,0.0,0.058027077,0.0,0,0,0,1,0
7133,-1,0,-0.45693862,0.3877123,0,1,unassigned,2.0,2.0,0.0,1.0,0.0,0.0,0.0,0.0,0,0,0,0,0
7134,-1,0,2.9486191,0.9501982,1,1,unassigned,14.0,13.0,1.0,0.9285714,0.071428575,0.0714286,0.023210831,0.0016579166,0,0,0,1,1
7135,-1,1,2.0982254,0.89073056,1,1,unassigned,2.0,1.0,1.0,0.5,0.5,0.5,0.0,0.0,1,0,0,1,0
7136,1,1,-0.16023618,0.46002644,0,1,unassigned,36.0,36.0,0.0,1.0,0.0,0.0,0.065764025,0.0,1,0,0,0,0
7137,0,0,-1.1590998,0.23883088,0,0,test,2.0,2.0,0.0,1.0,0.0,0.0,0.0,0.0,0,0,1,0,0
7138,-1,1,-0.5774895,0.35951042,0,1,unassigned,11.0,11.0,0.0,1.0,0.0,0.0,0.017408123,0.0,1,0,0,0,0
7139,-1,0,1.3223269,0.7895686,1,1,unassigned,23.0,23.0,0.0,1.0,0.0,0.0,0.040618956,0.0,0,0,0,1,0
7140,-1,0,4.108179,0.9838282,1,1,unassigned,6.0,5.0,1.0,0.8333333,0.16666667,0.16666669,0.007736944,0.0012894907,0,0,0,1,1
7141,0,0,0.32441264,0.5803993,1,1,test,3.0,3.0,0.0,1.0,0.0,0.0,0.001934236,0.0,0,0,0,1,0
7142,1,1,4.4960394,0.9889699,1,0,test,26.0,25.0,1.0,0.96153843,0.03846154,0.038461566,0.046421662,0.0017854486,1,0,1,1,1
7143,-1,1,1.6579976,0.83996904,1,1,unassigned,7.0,7.0,0.0,1.0,0.0,0.0,0.00967118,0.0,1,0,0,1,0
7144,-1,0,-0.79681355,0.31070754,0,1,unassigned,91.0,88.0,3.0,0.96703297,0.032967035,0.03296703,0.172147,0.005675176,0,0,0,0,0
7145,-1,0,0.5849249,0.6421998,1,1,unassigned,3.0,2.0,1.0,0.6666667,0.33333334,0.3333333,0.001934236,0.00064474536,0,0,0,1,0
7146,-1,0,-0.79504585,0.31108624,0,1,unassigned,55.0,54.0,1.0,0.9818182,0.018181818,0.0181818,0.102514505,0.0018639,0,0,0,0,0
7147,-1,0,-0.47128436,0.3843123,0,1,unassigned,11.0,11.0,0.0,1.0,0.0,0.0,0.017408123,0.0,0,0,0,0,0
7148,-1,0,-0.5326045,0.36990964,0,1,unassigned,27.0,27.0,0.0,1.0,0.0,0.0,0.0483559,0.0,0,0,0,0,0
7149,-1,0,1.7993705,0.8580723,1,1,unassigned,5.0,5.0,0.0,1.0,0.0,0.0,0.0058027077,0.0,0,0,0,1,0
7150,-1,0,-0.7968453,0.31070074,0,1,unassigned,45.0,45.0,0.0,1.0,0.0,0.0,0.08317215,0.0,0,0,0,0,0
7151,-1,0,12.361473,0.9999957,1,1,unassigned,12.0,11.0,1.0,0.9166667,0.083333336,0.08333331,0.01934236,0.0016118633,0,0,0,1,1
7152,-1,1,3.3607385,0.96645474,1,1,unassigned,13.0,5.0,8.0,0.3846154,0.61538464,0.6153846,0.021276595,0.01309329,1,0,0,1,1
7153,-1,0,-0.6680069,0.33894327,0,1,unassigned,72.0,72.0,0.0,1.0,0.0,0.0,0.13539653,0.0,0,0,0,0,0
7154,-1,1,2.777573,0.94145185,1,1,unassigned,8.0,7.0,1.0,0.875,0.125,0.125,0.0116054155,0.0014506769,1,0,0,1,1
7155,-1,0,-0.774631,0.31547818,0,1,unassigned,22.0,22.0,0.0,1.0,0.0,0.0,0.03868472,0.0,0,0,0,0,0
7156,-1,0,3.577585,0.97281647,1,1,unassigned,4.0,4.0,0.0,1.0,0.0,0.0,0.003868472,0.0,0,0,0,1,1
7157,-1,0,-0.79144824,0.3118578,0,1,unassigned,10.0,10.0,0.0,1.0,0.0,0.0,0.015473888,0.0,0,0,0,0,0
7158,-1,0,-0.83166856,0.30329236,0,1,unassigned,51.0,50.0,1.0,0.98039216,0.019607844,0.019607842,0.09477756,0.0018583836,0,0,0,0,0
7159,-1,0,-0.8833288,0.29248846,0,1,unassigned,38.0,38.0,0.0,1.0,0.0,0.0,0.06963249,0.0,0,0,0,0,0
7160,0,0,-0.66950655,0.33860734,0,0,unassigned,92.0,92.0,0.0,1.0,0.0,0.0,0.17408124,0.0,0,0,1,0,0
7161,0,0,0.50881606,0.6245289,1,1,test,8.0,8.0,0.0,1.0,0.0,0.0,0.0116054155,0.0,0,0,0,1,0
7162,0,0,-0.5151816,0.3739796,0,0,test,30.0,30.0,0.0,1.0,0.0,0.0,0.054158606,0.0,0,0,1,0,0
7163,1,0,-0.78668237,0.3128815,0,1,unassigned,91.0,91.0,0.0,1.0,0.0,0.0,0.172147,0.0,0,0,0,0,0
7164,-1,0,7.392143,0.9993843,1,1,unassigned,13.0,11.0,2.0,0.84615386,0.15384616,0.15384614,0.021276595,0.0032733225,0,0,0,1,1
7165,-1,0,6.327474,0.99821657,1,1,unassigned,3.0,3.0,0.0,1.0,0.0,0.0,0.001934236,0.0,0,0,0,1,1
7166,-1,1,-0.36871922,0.40885052,0,1,unassigned,3.0,3.0,0.0,1.0,0.0,0.0,0.001934236,0.0,1,0,0,0,0
7167,-1,0,0.68220574,0.6642308,1,1,unassigned,3.0,2.0,1.0,0.6666667,0.33333334,0.3333333,0.001934236,0.00064474536,0,0,0,1,0
7168,0,1,-0.25565022,0.4364333,0,0,unassigned,15.0,15.0,0.0,1.0,0.0,0.0,0.025145067,0.0,1,0,1,0,0
7169,-1,1,-0.95181084,0.2785208,0,1,unassigned,50.0,47.0,3.0,0.94,0.06,0.060000002,0.092843324,0.0055705993,1,0,0,0,0
7170,-1,0,4.777123,0.9916501,1,1,unassigned,2.0,2.0,0.0,1.0,0.0,0.0,0.0,0.0,0,0,0,1,1
7171,0,0,-0.3549084,0.4121926,0,0,test,18.0,18.0,0.0,1.0,0.0,0.0,0.030947777,0.0,0,0,1,0,0
7172,-1,0,3.1312654,0.9581641,1,1,unassigned,4.0,4.0,0.0,1.0,0.0,0.0,0.003868472,0.0,0,0,0,1,1
7173,-1,0,-0.96223015,0.2764319,0,1,unassigned,10.0,9.0,1.0,0.9,0.1,0.100000024,0.015473888,0.0015473888,0,0,0,0,0
7174,-1,1,-0.5547267,0.36476845,0,1,unassigned,28.0,26.0,2.0,0.9285714,0.071428575,0.0714286,0.050290134,0.0035921526,1,0,0,0,0
7175,-1,1,-0.7809255,0.31412044,0,1,unassigned,29.0,22.0,7.0,0.7586207,0.2413793,0.24137932,0.05222437,0.012605882,1,0,0,0,0
7176,-1,0,-0.2395772,0.44039053,0,1,unassigned,2.0,2.0,0.0,1.0,0.0,0.0,0.0,0.0,0,0,0,0,0
7177,-1,0,-0.28617966,0.42893937,0,1,unassigned,44.0,41.0,3.0,0.9318182,0.06818182,0.06818181,0.08123791,0.005538949,0,0,0,0,0
7178,-1,0,0.03783995,0.50945884,1,1,unassigned,16.0,16.0,0.0,1.0,0.0,0.0,0.027079303,0.0,0,0,0,1,0
7179,-1,1,11.098493,0.99998486,1,1,unassigned,4.0,3.0,1.0,0.75,0.25,0.25,0.003868472,0.000967118,1,0,0,1,1
7180,-1,0,6.635404,0.99868864,1,1,unassigned,10.0,9.0,1.0,0.9,0.1,0.100000024,0.015473888,0.0015473888,0,0,0,1,1
7181,-1,0,-0.51540434,0.37392747,0,1,unassigned,3.0,3.0,0.0,1.0,0.0,0.0,0.001934236,0.0,0,0,0,0,0
7182,-1,1,6.3981485,0.9983381,1,1,unassigned,5.0,5.0,0.0,1.0,0.0,0.0,0.0058027077,0.0,1,0,0,1,1
7183,-1,1,-0.4764093,0.3831004,0,1,unassigned,22.0,21.0,1.0,0.95454544,0.045454547,0.04545456,0.03868472,0.0017583964,1,0,0,0,0
7184,-1,0,5.801697,0.9969867,1,1,unassigned,2.0,2.0,0.0,1.0,0.0,0.0,0.0,0.0,0,0,0,1,1
7185,-1,1,-0.6617827,0.3403393,0,1,unassigned,13.0,13.0,0.0,1.0,0.0,0.0,0.021276595,0.0,1,0,0,0,0
7186,-1,0,-0.7624738,0.3181094,0,1,unassigned,32.0,31.0,1.0,0.96875,0.03125,0.03125,0.058027077,0.0018133462,0,0,0,0,0
7187,-1,0,0.2465142,0.56131834,1,1,unassigned,11.0,10.0,1.0,0.90909094,0.09090909,0.090909064,0.017408123,0.0015825568,0,0,0,1,0
7188,0,0,-0.7464434,0.32159677,0,0,test,84.0,80.0,4.0,0.95238096,0.04761905,0.047619045,0.15860735,0.007552731,0,0,1,0,0
7189,-1,0,-0.7673397,0.31705484,0,1,unassigned,93.0,92.0,1.0,0.9892473,0.010752688,0.010752678,0.17601547,0.0018926394,0,0,0,0,0
7190,-1,1,1.6595275,0.84017456,1,1,unassigned,8.0,1.0,7.0,0.125,0.875,0.875,0.0116054155,0.010154739,1,1,0,1,0
7191,-1,0,3.8123167,0.97838086,1,1,unassigned,27.0,27.0,0.0,1.0,0.0,0.0,0.0483559,0.0,0,0,0,1,1
7192,-1,0,-0.31066382,0.42295274,0,1,unassigned,25.0,20.0,5.0,0.8,0.2,0.19999999,0.044487428,0.008897486,0,0,0,0,0
7193,-1,0,-0.42885637,0.39439943,0,1,unassigned,18.0,17.0,1.0,0.9444444,0.055555556,0.055555582,0.030947777,0.0017193209,0,0,0,0,0
7194,0,0,-0.7322936,0.3246916,0,0,val,61.0,61.0,0.0,1.0,0.0,0.0,0.114119925,0.0,0,0,1,0,0
7195,-1,0,0.7020517,0.66864246,1,1,unassigned,14.0,14.0,0.0,1.0,0.0,0.0,0.023210831,0.0,0,0,0,1,0
7196,-1,0,0.2713439,0.56742275,1,1,unassigned,33.0,31.0,2.0,0.93939394,0.060606062,0.060606062,0.059961315,0.0036340193,0,0,0,1,0
7197,-1,0,-0.8940996,0.29026455,0,1,unassigned,62.0,62.0,0.0,1.0,0.0,0.0,0.116054155,0.0,0,0,0,0,0
7198,-1,0,0.8601664,0.7026954,1,1,unassigned,27.0,27.0,0.0,1.0,0.0,0.0,0.0483559,0.0,0,0,0,1,0
7199,-1,0,3.5739453,0.97272015,1,1,unassigned,14.0,14.0,0.0,1.0,0.0,0.0,0.023210831,0.0,0,0,0,1,1
7200,-1,0,0.22843486,0.55686164,1,1,unassigned,5.0,5.0,0.0,1.0,0.0,0.0,0.0058027077,0.0,0,0,0,1,0
7201,-1,0,0.052826107,0.51320344,1,1,unassigned,19.0,19.0,0.0,1.0,0.0,0.0,0.032882012,0.0,0,0,0,1,0
7202,-1,0,5.4300694,0.9956363,1,1,unassigned,3.0,2.0,1.0,0.6666667,0.33333334,0.3333333,0.001934236,0.00064474536,0,0,0,1,1
7203,0,0,-0.49033773,0.37981406,0,0,val,9.0,9.0,0.0,1.0,0.0,0.0,0.013539651,0.0,0,0,1,0,0
7204,-1,0,1.915467,0.8716321,1,1,unassigned,4.0,4.0,0.0,1.0,0.0,0.0,0.003868472,0.0,0,0,0,1,0
7205,1,0,1.8282483,0.8615529,1,0,unassigned,9.0,8.0,1.0,0.8888889,0.11111111,0.111111104,0.013539651,0.0015044058,0,0,1,1,0
7206,-1,0,3.2074296,0.9611129,1,1,unassigned,15.0,15.0,0.0,1.0,0.0,0.0,0.025145067,0.0,0,0,0,1,1
7207,-1,0,-0.20300335,0.44942272,0,1,unassigned,2.0,2.0,0.0,1.0,0.0,0.0,0.0,0.0,0,0,0,0,0
7208,-1,0,-0.15255317,0.4619355,0,1,unassigned,13.0,13.0,0.0,1.0,0.0,0.0,0.021276595,0.0,0,0,0,0,0
7209,-1,0,0.40096992,0.5989207,1,1,unassigned,3.0,3.0,0.0,1.0,0.0,0.0,0.001934236,0.0,0,0,0,1,0
7210,-1,1,0.581647,0.6414463,1,1,unassigned,47.0,46.0,1.0,0.9787234,0.021276595,0.021276593,0.08704062,0.001851928,1,0,0,1,0
7211,-1,1,2.6335802,0.93299174,1,1,unassigned,14.0,13.0,1.0,0.9285714,0.071428575,0.0714286,0.023210831,0.0016579166,1,0,0,1,1
7212,-1,1,-0.6906418,0.33389032,0,1,unassigned,49.0,48.0,1.0,0.97959185,0.020408163,0.020408154,0.09090909,0.0018552876,1,0,0,0,0
7213,-1,1,-0.3341764,0.4172248,0,1,unassigned,86.0,85.0,1.0,0.9883721,0.011627907,0.0116279125,0.16247582,0.0018892537,1,0,0,0,0
7214,-1,0,0.8835159,0.7075502,1,1,unassigned,6.0,4.0,2.0,0.6666667,0.33333334,0.3333333,0.007736944,0.0025789815,0,0,0,1,0
7215,-1,0,-0.32005718,0.4206618,0,1,unassigned,30.0,30.0,0.0,1.0,0.0,0.0,0.054158606,0.0,0,0,0,0,0
7216,-1,1,-0.54584175,0.3668297,0,1,unassigned,62.0,60.0,2.0,0.9677419,0.032258064,0.032258093,0.116054155,0.0037436823,1,0,0,0,0
7217,-1,0,-0.80281854,0.30942294,0,1,unassigned,94.0,88.0,6.0,0.9361702,0.06382979,0.06382978,0.17794971,0.011358492,0,0,0,0,0
7218,-1,1,-0.9281987,0.2832903,0,1,unassigned,132.0,132.0,0.0,1.0,0.0,0.0,0.2514507,0.0,1,0,0,0,0
7219,1,1,0.43841702,0.6078818,1,0,unassigned,37.0,31.0,6.0,0.8378378,0.16216215,0.16216218,0.06769826,0.010978096,1,0,1,1,0
7220,-1,1,1.0214984,0.7352644,1,1,unassigned,37.0,36.0,1.0,0.972973,0.027027028,0.02702701,0.06769826,0.0018296828,1,0,0,1,0
7221,-1,0,-0.81352955,0.3071389,0,1,unassigned,37.0,37.0,0.0,1.0,0.0,0.0,0.06769826,0.0,0,0,0,0,0
7222,-1,1,-0.46974063,0.38467762,0,1,unassigned,26.0,25.0,1.0,0.96153843,0.03846154,0.038461566,0.046421662,0.0017854486,1,0,0,0,0
7223,-1,1,0.40107405,0.5989457,1,1,unassigned,28.0,27.0,1.0,0.96428573,0.035714287,0.03571427,0.050290134,0.0017960763,1,0,0,1,0
7224,-1,1,0.77615577,0.68485105,1,1,unassigned,34.0,27.0,7.0,0.7941176,0.20588236,0.20588237,0.061895553,0.012743202,1,0,0,1,0
7225,-1,0,-0.48838496,0.38027412,0,1,unassigned,10.0,10.0,0.0,1.0,0.0,0.0,0.015473888,0.0,0,0,0,0,0
7226,-1,1,3.0972722,0.95678014,1,1,unassigned,6.0,5.0,1.0,0.8333333,0.16666667,0.16666669,0.007736944,0.0012894907,1,0,0,1,1
7227,-1,0,-0.5661548,0.36212456,0,1,unassigned,7.0,7.0,0.0,1.0,0.0,0.0,0.00967118,0.0,0,0,0,0,0
7228,1,1,3.4431603,0.96902657,1,0,val,8.0,8.0,0.0,1.0,0.0,0.0,0.0116054155,0.0,1,0,1,1,1
7229,-1,1,-0.27985716,0.4304888,0,1,unassigned,16.0,16.0,0.0,1.0,0.0,0.0,0.027079303,0.0,1,0,0,0,0
7230,-1,0,3.5035603,0.9707889,1,1,unassigned,7.0,7.0,0.0,1.0,0.0,0.0,0.00967118,0.0,0,0,0,1,1
7231,-1,0,0.5637645,0.63732314,1,1,unassigned,3.0,3.0,0.0,1.0,0.0,0.0,0.001934236,0.0,0,0,0,1,0
7232,-1,0,3.984207,0.9817328,1,1,unassigned,3.0,3.0,0.0,1.0,0.0,0.0,0.001934236,0.0,0,0,0,1,1
7233,-1,0,1.0343442,0.7377572,1,1,unassigned,2.0,2.0,0.0,1.0,0.0,0.0,0.0,0.0,0,0,0,1,0
7234,-1,0,1.9732625,0.87796116,1,1,unassigned,3.0,3.0,0.0,1.0,0.0,0.0,0.001934236,0.0,0,0,0,1,0
7235,0,1,0.13476843,0.5336412,1,1,unassigned,35.0,31.0,4.0,0.8857143,0.114285715,0.11428571,0.06382979,0.0072948327,1,0,0,1,0
7236,-1,0,3.5904171,0.97315377,1,1,unassigned,11.0,11.0,0.0,1.0,0.0,0.0,0.017408123,0.0,0,0,0,1,1
7237,-1,1,-0.3328992,0.41753536,0,1,unassigned,17.0,17.0,0.0,1.0,0.0,0.0,0.029013539,0.0,1,0,0,0,0
7238,-1,0,7.891973,0.9996264,1,1,unassigned,3.0,3.0,0.0,1.0,0.0,0.0,0.001934236,0.0,0,0,0,1,1
7239,0,0,-0.8656237,0.29616573,0,0,unassigned,44.0,44.0,0.0,1.0,0.0,0.0,0.08123791,0.0,0,0,1,0,0
7240,-1,0,-0.8679237,0.29568654,0,1,unassigned,45.0,45.0,0.0,1.0,0.0,0.0,0.08317215,0.0,0,0,0,0,0
7241,-1,0,3.3627446,0.9665197,1,1,unassigned,7.0,7.0,0.0,1.0,0.0,0.0,0.00967118,0.0,0,0,0,1,1
7242,-1,0,0.082903326,0.5207139,1,1,unassigned,44.0,44.0,0.0,1.0,0.0,0.0,0.08123791,0.0,0,0,0,1,0
7243,-1,0,6.5343933,0.9985495,1,1,unassigned,13.0,12.0,1.0,0.9230769,0.07692308,0.07692307,0.021276595,0.0016366612,0,0,0,1,1
7244,-1,0,-0.6357179,0.34621513,0,1,unassigned,51.0,51.0,0.0,1.0,0.0,0.0,0.09477756,0.0,0,0,0,0,0
7245,-1,0,-0.62035084,0.34970164,0,1,unassigned,47.0,47.0,0.0,1.0,0.0,0.0,0.08704062,0.0,0,0,0,0,0
7246,-1,0,-0.62291193,0.34911948,0,1,unassigned,33.0,29.0,4.0,0.8787879,0.121212125,0.121212125,0.059961315,0.0072680386,0,0,0,0,0
7247,1,0,-0.4379086,0.39223942,0,1,val,5.0,5.0,0.0,1.0,0.0,0.0,0.0058027077,0.0,0,0,0,0,0
7248,-1,0,0.31245482,0.57748437,1,1,unassigned,4.0,4.0,0.0,1.0,0.0,0.0,0.003868472,0.0,0,0,0,1,0
7249,-1,0,-0.46519578,0.385754,0,1,unassigned,20.0,20.0,0.0,1.0,0.0,0.0,0.034816246,0.0,0,0,0,0,0
7250,-1,1,-0.9466449,0.27956006,0,1,unassigned,15.0,15.0,0.0,1.0,0.0,0.0,0.025145067,0.0,1,0,0,0,0
7251,-1,1,2.411618,0.917709,1,1,unassigned,19.0,18.0,1.0,0.94736844,0.05263158,0.052631557,0.032882012,0.0017306323,1,0,0,1,1
7252,1,0,3.3996627,0.967694,1,0,test,2.0,2.0,0.0,1.0,0.0,0.0,0.0,0.0,0,0,1,1,1
7253,-1,0,-0.5478296,0.3663681,0,1,unassigned,15.0,15.0,0.0,1.0,0.0,0.0,0.025145067,0.0,0,0,0,0,0
7254,-1,1,-0.5754208,0.35998693,0,1,unassigned,59.0,59.0,0.0,1.0,0.0,0.0,0.11025145,0.0,1,0,0,0,0
7255,-1,1,-0.66283923,0.34010214,0,1,unassigned,47.0,42.0,5.0,0.89361703,0.10638298,0.106382966,0.08704062,0.00925964,1,0,0,0,0
7256,-1,1,-0.1759609,0.45612293,0,1,unassigned,16.0,16.0,0.0,1.0,0.0,0.0,0.027079303,0.0,1,0,0,0,0
7257,-1,1,-0.23798066,0.440784,0,1,unassigned,28.0,28.0,0.0,1.0,0.0,0.0,0.050290134,0.0,1,0,0,0,0
7258,-1,1,-0.017118573,0.4957205,0,1,unassigned,81.0,80.0,1.0,0.9876543,0.012345679,0.012345672,0.15280464,0.0018864771,1,0,0,0,0
7259,-1,1,-0.75130904,0.32053614,0,1,unassigned,195.0,185.0,10.0,0.94871795,0.051282052,0.05128205,0.37330756,0.019143978,1,0,0,0,0
7260,-1,0,0.53896457,0.63157153,1,1,unassigned,6.0,6.0,0.0,1.0,0.0,0.0,0.007736944,0.0,0,0,0,1,0
7261,-1,1,0.8203142,0.69430304,1,1,unassigned,41.0,37.0,4.0,0.902439,0.09756097,0.097561,0.07543521,0.007359532,1,0,0,1,0
7262,1,0,-0.4389678,0.39198694,0,1,unassigned,23.0,23.0,0.0,1.0,0.0,0.0,0.040618956,0.0,0,0,0,0,0
7263,-1,0,0.032810867,0.50820196,1,1,unassigned,33.0,32.0,1.0,0.969697,0.030303031,0.030303001,0.059961315,0.0018170096,0,0,0,1,0
7264,-1,1,-0.54338664,0.3674001,0,1,unassigned,73.0,64.0,9.0,0.8767123,0.12328767,0.12328768,0.13733076,0.01693119,1,0,0,0,0
7265,-1,0,0.014531493,0.50363284,1,1,unassigned,45.0,39.0,6.0,0.8666667,0.13333334,0.13333333,0.08317215,0.01108962,0,0,0,1,0
7266,-1,1,-0.440874,0.39153272,0,1,unassigned,5.0,5.0,0.0,1.0,0.0,0.0,0.0058027077,0.0,1,0,0,0,0
7267,1,0,3.1391084,0.95847744,1,0,unassigned,19.0,14.0,5.0,0.7368421,0.2631579,0.2631579,0.032882012,0.008653161,0,0,1,1,1
7268,-1,1,0.03101623,0.50775343,1,1,unassigned,18.0,18.0,0.0,1.0,0.0,0.0,0.030947777,0.0,1,0,0,1,0
7269,-1,0,-0.6580205,0.34118444,0,1,unassigned,17.0,17.0,0.0,1.0,0.0,0.0,0.029013539,0.0,0,0,0,0,0
7270,-1,1,-0.9999281,0.26895556,0,1,unassigned,16.0,15.0,1.0,0.9375,0.0625,0.0625,0.027079303,0.0016924564,1,0,0,0,0
7271,-1,0,-0.4681018,0.38506562,0,1,unassigned,16.0,14.0,2.0,0.875,0.125,0.125,0.027079303,0.0033849129,0,0,0,0,0
7272,-1,0,-0.5695417,0.36134258,0,1,unassigned,3.0,3.0,0.0,1.0,0.0,0.0,0.001934236,0.0,0,0,0,0,0
7273,-1,1,-0.97330934,0.2742214,0,1,unassigned,49.0,49.0,0.0,1.0,0.0,0.0,0.09090909,0.0,1,0,0,0,0
7274,1,0,-0.7110325,0.32937077,0,1,test,42.0,41.0,1.0,0.97619045,0.023809524,0.023809552,0.07736944,0.0018421295,0,0,0,0,0
7275,-1,0,3.886738,0.9799002,1,1,unassigned,3.0,2.0,1.0,0.6666667,0.33333334,0.3333333,0.001934236,0.00064474536,0,0,0,1,1
7276,0,0,6.234244,0.9980427,1,1,test,3.0,3.0,0.0,1.0,0.0,0.0,0.001934236,0.0,0,0,0,1,1
7277,-1,1,-0.3127476,0.4224442,0,1,unassigned,91.0,89.0,2.0,0.978022,0.021978023,0.02197802,0.172147,0.0037834507,1,0,0,0,0
7278,-1,0,-0.88214475,0.29273352,0,1,unassigned,88.0,87.0,1.0,0.9886364,0.011363637,0.0113636255,0.1663443,0.0018902762,0,0,0,0,0
7279,-1,0,-0.7242156,0.32646534,0,1,unassigned,41.0,41.0,0.0,1.0,0.0,0.0,0.07543521,0.0,0,0,0,0,0
7280,-1,1,-0.92714417,0.28350446,0,1,unassigned,47.0,47.0,0.0,1.0,0.0,0.0,0.08704062,0.0,1,0,0,0,0
7281,-1,1,0.6302324,0.6525421,1,1,unassigned,73.0,70.0,3.0,0.9589041,0.04109589,0.041095912,0.13733076,0.0056437296,1,0,0,1,0
7282,-1,1,-0.8324613,0.3031249,0,1,unassigned,124.0,120.0,4.0,0.9677419,0.032258064,0.032258093,0.23597679,0.0076121544,1,0,0,0,0
7283,1,0,1.5305493,0.82208663,1,0,unassigned,3.0,3.0,0.0,1.0,0.0,0.0,0.001934236,0.0,0,0,1,1,0
7284,-1,0,0.9393602,0.7189704,1,1,unassigned,2.0,2.0,0.0,1.0,0.0,0.0,0.0,0.0,0,0,0,1,0
7285,-1,0,-0.8864755,0.2918377,0,1,unassigned,57.0,54.0,3.0,0.94736844,0.05263158,0.052631557,0.10638298,0.0055991043,0,0,0,0,0
7286,-1,0,-0.6410856,0.34500116,0,1,unassigned,87.0,86.0,1.0,0.9885057,0.011494253,0.011494279,0.16441005,0.0018897707,0,0,0,0,0
7287,-1,0,1.1742027,0.7639038,1,1,unassigned,13.0,13.0,0.0,1.0,0.0,0.0,0.021276595,0.0,0,0,0,1,0
7288,1,0,0.16316324,0.54070055,1,0,unassigned,34.0,34.0,0.0,1.0,0.0,0.0,0.061895553,0.0,0,0,1,1,0
7289,-1,1,5.5678554,0.9961959,1,1,unassigned,13.0,12.0,1.0,0.9230769,0.07692308,0.07692307,0.021276595,0.0016366612,1,0,0,1,1
7290,-1,0,-0.5740227,0.36030912,0,1,unassigned,26.0,26.0,0.0,1.0,0.0,0.0,0.046421662,0.0,0,0,0,0,0
7291,-1,0,1.8782456,0.8674095,1,1,unassigned,7.0,6.0,1.0,0.85714287,0.14285715,0.14285713,0.00967118,0.0013815971,0,0,0,1,0
7292,-1,1,1.2077959,0.7699087,1,1,unassigned,3.0,1.0,2.0,0.33333334,0.6666667,0.6666666,0.001934236,0.0012894907,1,0,0,1,0
7293,1,0,0.5351874,0.6306921,1,0,test,3.0,3.0,0.0,1.0,0.0,0.0,0.001934236,0.0,0,0,1,1,0
7294,-1,1,-0.39087746,0.4035061,0,1,unassigned,7.0,7.0,0.0,1.0,0.0,0.0,0.00967118,0.0,1,0,0,0,0
7295,-1,1,-0.13696462,0.46581227,0,1,unassigned,36.0,34.0,2.0,0.9444444,0.055555556,0.055555582,0.065764025,0.003653557,1,0,0,0,0
7296,-1,0,-0.044208765,0.4889496,0,1,unassigned,17.0,17.0,0.0,1.0,0.0,0.0,0.029013539,0.0,0,0,0,0,0
7297,1,0,1.971132,0.8777327,1,0,val,11.0,10.0,1.0,0.90909094,0.09090909,0.090909064,0.017408123,0.0015825568,0,0,1,1,0
7298,-1,1,-0.18597353,0.45364013,0,1,unassigned,9.0,9.0,0.0,1.0,0.0,0.0,0.013539651,0.0,1,0,0,0,0
7299,-1,0,-0.05337447,0.48665956,0,1,unassigned,26.0,26.0,0.0,1.0,0.0,0.0,0.046421662,0.0,0,0,0,0,0
7300,-1,0,0.90690213,0.71236587,1,1,unassigned,30.0,30.0,0.0,1.0,0.0,0.0,0.054158606,0.0,0,0,0,1,0
7301,1,0,7.9937806,0.9996625,1,0,val,2.0,2.0,0.0,1.0,0.0,0.0,0.0,0.0,0,0,1,1,1
7302,-1,0,-0.61076796,0.351884,0,1,unassigned,25.0,25.0,0.0,1.0,0.0,0.0,0.044487428,0.0,0,0,0,0,0
7303,-1,0,-0.8849169,0.29215991,0,1,unassigned,33.0,33.0,0.0,1.0,0.0,0.0,0.059961315,0.0,0,0,0,0,0
7304,1,0,1.1950667,0.76764596,1,0,val,100.0,98.0,2.0,0.98,0.02,0.01999998,0.18955512,0.0037911024,0,0,1,1,0
7305,-1,0,-0.27180052,0.4324651,0,1,unassigned,2.0,2.0,0.0,1.0,0.0,0.0,0.0,0.0,0,0,0,0,0
7306,1,0,2.1139576,0.8922524,1,0,unassigned,11.0,10.0,1.0,0.90909094,0.09090909,0.090909064,0.017408123,0.0015825568,0,0,1,1,0
7307,-1,0,0.82080275,0.6944067,1,1,unassigned,4.0,4.0,0.0,1.0,0.0,0.0,0.003868472,0.0,0,0,0,1,0
7308,-1,0,-0.85327244,0.29874682,0,1,unassigned,156.0,155.0,1.0,0.99358976,0.0064102565,0.006410241,0.29787233,0.001909438,0,0,0,0,0
7309,-1,0,0.4058252,0.6000864,1,1,unassigned,4.0,4.0,0.0,1.0,0.0,0.0,0.003868472,0.0,0,0,0,1,0
7310,-1,0,3.013454,0.9531782,1,1,unassigned,4.0,3.0,1.0,0.75,0.25,0.25,0.003868472,0.000967118,0,0,0,1,1
7311,-1,0,0.68801993,0.6655263,1,1,unassigned,26.0,24.0,2.0,0.9230769,0.07692308,0.07692307,0.046421662,0.0035708973,0,0,0,1,0
7312,0,0,1.6027238,0.8323987,1,1,test,36.0,36.0,0.0,1.0,0.0,0.0,0.065764025,0.0,0,0,0,1,0
7313,-1,0,-0.6973317,0.33240408,0,1,unassigned,152.0,150.0,2.0,0.9868421,0.013157895,0.013157904,0.29013538,0.0038175709,0,0,0,0,0
7314,-1,0,-0.38934886,0.40387407,0,1,unassigned,24.0,24.0,0.0,1.0,0.0,0.0,0.04255319,0.0,0,0,0,0,0
7315,-1,0,-0.82171214,0.30540034,0,1,unassigned,42.0,42.0,0.0,1.0,0.0,0.0,0.07736944,0.0,0,0,0,0,0
7316,-1,0,2.7451618,0.9396395,1,1,unassigned,3.0,3.0,0.0,1.0,0.0,0.0,0.001934236,0.0,0,0,0,1,1
7317,0,0,-0.8167226,0.3064598,0,0,unassigned,38.0,37.0,1.0,0.9736842,0.02631579,0.026315808,0.06963249,0.0018324341,0,0,1,0,0
7318,-1,0,1.0818002,0.7468345,1,1,unassigned,15.0,15.0,0.0,1.0,0.0,0.0,0.025145067,0.0,0,0,0,1,0
7319,-1,0,1.0633419,0.74332863,1,1,unassigned,3.0,3.0,0.0,1.0,0.0,0.0,0.001934236,0.0,0,0,0,1,0
7320,-1,1,-0.27038884,0.43281165,0,1,unassigned,5.0,5.0,0.0,1.0,0.0,0.0,0.0058027077,0.0,1,0,0,0,0
7321,-1,0,-0.54988134,0.36589193,0,1,unassigned,2.0,2.0,0.0,1.0,0.0,0.0,0.0,0.0,0,0,0,0,0
7322,-1,0,-0.32424027,0.41964275,0,1,unassigned,2.0,2.0,0.0,1.0,0.0,0.0,0.0,0.0,0,0,0,0,0
7323,-1,0,-0.40876567,0.39920813,0,1,unassigned,44.0,44.0,0.0,1.0,0.0,0.0,0.08123791,0.0,0,0,0,0,0
7324,-1,1,-0.8555303,0.29827404,0,1,unassigned,38.0,37.0,1.0,0.9736842,0.02631579,0.026315808,0.06963249,0.0018324341,1,0,0,0,0
7325,0,0,-0.38438416,0.40506995,0,0,unassigned,22.0,21.0,1.0,0.95454544,0.045454547,0.04545456,0.03868472,0.0017583964,0,0,1,0,0
7326,-1,1,-0.6826898,0.33566123,0,1,unassigned,13.0,13.0,0.0,1.0,0.0,0.0,0.021276595,0.0,1,0,0,0,0
7327,-1,1,0.45736068,0.6123879,1,1,unassigned,7.0,7.0,0.0,1.0,0.0,0.0,0.00967118,0.0,1,0,0,1,0
7328,-1,0,2.6322286,0.93290716,1,1,unassigned,8.0,8.0,0.0,1.0,0.0,0.0,0.0116054155,0.0,0,0,0,1,1
7329,-1,1,6.122025,0.9978108,1,1,unassigned,25.0,23.0,2.0,0.92,0.08,0.07999998,0.044487428,0.003558994,1,0,0,1,1
7330,-1,0,-0.72266364,0.3268067,0,1,unassigned,16.0,16.0,0.0,1.0,0.0,0.0,0.027079303,0.0,0,0,0,0,0
7331,-1,1,2.3563893,0.91344076,1,1,unassigned,4.0,4.0,0.0,1.0,0.0,0.0,0.003868472,0.0,1,0,0,1,1
7332,-1,0,0.2184307,0.5543916,1,1,unassigned,35.0,35.0,0.0,1.0,0.0,0.0,0.06382979,0.0,0,0,0,1,0
7333,-1,1,0.5604566,0.6365582,1,1,unassigned,28.0,26.0,2.0,0.9285714,0.071428575,0.0714286,0.050290134,0.0035921526,1,0,0,1,0
7334,-1,1,-0.31532663,0.4218151,0,1,unassigned,2.0,2.0,0.0,1.0,0.0,0.0,0.0,0.0,1,0,0,0,0
7335,-1,0,1.1224103,0.75443554,1,1,unassigned,10.0,9.0,1.0,0.9,0.1,0.100000024,0.015473888,0.0015473888,0,0,0,1,0
7336,-1,0,2.2182214,0.90187395,1,1,unassigned,53.0,53.0,0.0,1.0,0.0,0.0,0.09864604,0.0,0,0,0,1,1
7337,-1,0,-0.73442894,0.32422358,0,1,unassigned,2.0,2.0,0.0,1.0,0.0,0.0,0.0,0.0,0,0,0,0,0
7338,-1,0,-0.83332455,0.30294257,0,1,unassigned,50.0,50.0,0.0,1.0,0.0,0.0,0.092843324,0.0,0,0,0,0,0
7339,-1,0,0.5497022,0.6340665,1,1,unassigned,5.0,5.0,0.0,1.0,0.0,0.0,0.0058027077,0.0,0,0,0,1,0
7340,-1,0,2.0619698,0.8871515,1,1,unassigned,36.0,36.0,0.0,1.0,0.0,0.0,0.065764025,0.0,0,0,0,1,0
7341,-1,1,-0.8473148,0.29999644,0,1,unassigned,13.0,13.0,0.0,1.0,0.0,0.0,0.021276595,0.0,1,0,0,0,0
7342,-1,0,2.8661108,0.9461456,1,1,unassigned,88.0,88.0,0.0,1.0,0.0,0.0,0.1663443,0.0,0,0,0,1,1
7343,-1,1,3.3449552,0.9659393,1,1,unassigned,2.0,2.0,0.0,1.0,0.0,0.0,0.0,0.0,1,0,0,1,1
7344,-1,1,3.677645,0.97534096,1,1,unassigned,5.0,5.0,0.0,1.0,0.0,0.0,0.0058027077,0.0,1,0,0,1,1
7345,-1,0,-0.54988134,0.36589193,0,1,unassigned,2.0,2.0,0.0,1.0,0.0,0.0,0.0,0.0,0,0,0,0,0
7346,-1,0,7.5332093,0.9994653,1,1,unassigned,2.0,2.0,0.0,1.0,0.0,0.0,0.0,0.0,0,0,0,1,1
7347,-1,1,-0.64791644,0.34345922,0,1,unassigned,2.0,2.0,0.0,1.0,0.0,0.0,0.0,0.0,1,0,0,0,0
7348,0,0,-0.14302194,0.4643053,0,0,unassigned,45.0,40.0,5.0,0.8888889,0.11111111,0.111111104,0.08317215,0.00924135,0,0,1,0,0
7349,-1,1,-0.74721265,0.32142892,0,1,unassigned,30.0,29.0,1.0,0.96666664,0.033333335,0.03333336,0.054158606,0.001805287,1,0,0,0,0
7350,-1,1,-0.35815167,0.41140705,0,1,unassigned,29.0,29.0,0.0,1.0,0.0,0.0,0.05222437,0.0,1,0,0,0,0
7351,-1,0,2.7295473,0.93874776,1,1,unassigned,8.0,8.0,0.0,1.0,0.0,0.0,0.0116054155,0.0,0,0,0,1,1
7352,-1,1,-0.6041453,0.3533959,0,1,unassigned,66.0,65.0,1.0,0.9848485,0.015151516,0.015151501,0.123791106,0.0018756229,1,0,0,0,0
7353,-1,1,-0.45274007,0.3887095,0,1,unassigned,44.0,43.0,1.0,0.97727275,0.022727273,0.022727251,0.08123791,0.0018463163,1,0,0,0,0
7354,-1,1,-0.84614754,0.30024162,0,1,unassigned,44.0,43.0,1.0,0.97727275,0.022727273,0.022727251,0.08123791,0.0018463163,1,0,0,0,0
7355,-1,0,4.278397,0.9863247,1,1,unassigned,12.0,11.0,1.0,0.9166667,0.083333336,0.08333331,0.01934236,0.0016118633,0,0,0,1,1
7356,-1,0,1.3213902,0.7894129,1,1,unassigned,17.0,17.0,0.0,1.0,0.0,0.0,0.029013539,0.0,0,0,0,1,0
7357,-1,0,4.323876,0.98692477,1,1,unassigned,2.0,2.0,0.0,1.0,0.0,0.0,0.0,0.0,0,0,0,1,1
7358,-1,1,-0.17228359,0.4570353,0,1,unassigned,36.0,35.0,1.0,0.9722222,0.027777778,0.027777791,0.065764025,0.0018267785,1,0,0,0,0
7359,0,1,-0.05630052,0.48592857,0,0,unassigned,49.0,46.0,3.0,0.93877554,0.06122449,0.06122446,0.09090909,0.005565863,1,0,1,0,0
7360,-1,0,-0.64791644,0.34345922,0,1,unassigned,2.0,1.0,1.0,0.5,0.5,0.5,0.0,0.0,0,0,0,0,0
7361,-1,0,0.56587106,0.63780993,1,1,unassigned,9.0,3.0,6.0,0.33333334,0.6666667,0.6666666,0.013539651,0.009026434,0,0,0,1,0
7362,-1,0,0.4348157,0.60702306,1,1,unassigned,26.0,26.0,0.0,1.0,0.0,0.0,0.046421662,0.0,0,0,0,1,0
7363,-1,1,6.1789002,0.9979316,1,1,unassigned,5.0,5.0,0.0,1.0,0.0,0.0,0.0058027077,0.0,1,0,0,1,1
7364,-1,1,4.8733125,0.99241006,1,1,unassigned,8.0,5.0,3.0,0.625,0.375,0.375,0.0116054155,0.004352031,1,0,0,1,1
7365,-1,1,6.022918,0.99758327,1,1,unassigned,20.0,20.0,0.0,1.0,0.0,0.0,0.034816246,0.0,1,0,0,1,1
7366,0,0,0.097064555,0.5242471,1,1,val,3.0,3.0,0.0,1.0,0.0,0.0,0.001934236,0.0,0,0,0,1,0
7367,-1,1,0.69477254,0.6670278,1,1,unassigned,7.0,6.0,1.0,0.85714287,0.14285715,0.14285713,0.00967118,0.0013815971,1,0,0,1,0
7368,-1,1,-0.320841,0.4204708,0,1,unassigned,3.0,2.0,1.0,0.6666667,0.33333334,0.3333333,0.001934236,0.00064474536,1,0,0,0,0
7369,-1,1,0.5395096,0.63169837,1,1,unassigned,2.0,2.0,0.0,1.0,0.0,0.0,0.0,0.0,1,0,0,1,0
7370,-1,1,0.07429427,0.51856506,1,1,unassigned,4.0,4.0,0.0,1.0,0.0,0.0,0.003868472,0.0,1,0,0,1,0
7371,-1,1,-0.22920996,0.4429471,0,1,unassigned,41.0,41.0,0.0,1.0,0.0,0.0,0.07543521,0.0,1,0,0,0,0
7372,-1,0,5.6536493,0.99650747,1,1,unassigned,2.0,1.0,1.0,0.5,0.5,0.5,0.0,0.0,0,0,0,1,1
7373,-1,1,3.6273892,0.97410303,1,1,unassigned,2.0,2.0,0.0,1.0,0.0,0.0,0.0,0.0,1,0,0,1,1
7374,-1,1,0.28885907,0.5717168,1,1,unassigned,18.0,17.0,1.0,0.9444444,0.055555556,0.055555582,0.030947777,0.0017193209,1,0,0,1,0
7375,-1,1,-0.86678725,0.29592326,0,1,unassigned,96.0,64.0,32.0,0.6666667,0.33333334,0.3333333,0.18181819,0.060606062,1,0,0,0,0
7376,-1,1,1.3928871,0.8010527,1,1,unassigned,19.0,19.0,0.0,1.0,0.0,0.0,0.032882012,0.0,1,0,0,1,0
7377,-1,0,0.03571719,0.50892836,1,1,unassigned,18.0,11.0,7.0,0.6111111,0.3888889,0.3888889,0.030947777,0.012035247,0,0,0,1,0
7378,-1,1,0.28048056,0.569664,1,1,unassigned,22.0,22.0,0.0,1.0,0.0,0.0,0.03868472,0.0,1,0,0,1,0
7379,-1,1,1.4489086,0.8098304,1,1,unassigned,14.0,14.0,0.0,1.0,0.0,0.0,0.023210831,0.0,1,0,0,1,0
7380,-1,0,3.484289,0.97023743,1,1,unassigned,3.0,3.0,0.0,1.0,0.0,0.0,0.001934236,0.0,0,0,0,1,1
7381,-1,0,9.285425,0.99990726,1,1,unassigned,2.0,2.0,0.0,1.0,0.0,0.0,0.0,0.0,0,0,0,1,1
7382,-1,1,-0.29694498,0.42630446,0,1,unassigned,35.0,35.0,0.0,1.0,0.0,0.0,0.06382979,0.0,1,0,0,0,0
7383,1,1,3.457062,0.969441,1,0,val,9.0,8.0,1.0,0.8888889,0.11111111,0.111111104,0.013539651,0.0015044058,1,0,1,1,1
7384,0,0,-0.7521656,0.3203496,0,0,unassigned,72.0,68.0,4.0,0.9444444,0.055555556,0.055555582,0.13539653,0.0075220293,0,0,1,0,0
7385,0,0,-0.6078919,0.35254022,0,0,unassigned,55.0,55.0,0.0,1.0,0.0,0.0,0.102514505,0.0,0,0,1,0,0
7386,-1,0,0.28264803,0.57019526,1,1,unassigned,24.0,24.0,0.0,1.0,0.0,0.0,0.04255319,0.0,0,0,0,1,0
7387,-1,1,4.983828,0.9931987,1,1,unassigned,6.0,5.0,1.0,0.8333333,0.16666667,0.16666669,0.007736944,0.0012894907,1,0,0,1,1
7388,-1,0,-0.2739867,0.43192863,0,1,unassigned,12.0,12.0,0.0,1.0,0.0,0.0,0.01934236,0.0,0,0,0,0,0
7389,-1,0,-0.6273669,0.34810784,0,1,unassigned,40.0,39.0,1.0,0.975,0.025,0.024999976,0.07350097,0.0018375242,0,0,0,0,0
7390,-1,1,-0.9181118,0.28534278,0,1,unassigned,34.0,34.0,0.0,1.0,0.0,0.0,0.061895553,0.0,1,0,0,0,0
7391,-1,1,1.6088336,0.8332494,1,1,unassigned,3.0,2.0,1.0,0.6666667,0.33333334,0.3333333,0.001934236,0.00064474536,1,0,0,1,0
7392,-1,1,-0.89208734,0.29067925,0,1,unassigned,15.0,15.0,0.0,1.0,0.0,0.0,0.025145067,0.0,1,0,0,0,0
7393,-1,0,2.4373748,0.91963327,1,1,unassigned,7.0,6.0,1.0,0.85714287,0.14285715,0.14285713,0.00967118,0.0013815971,0,0,0,1,1
7394,-1,0,1.5008113,0.8176954,1,1,unassigned,2.0,2.0,0.0,1.0,0.0,0.0,0.0,0.0,0,0,0,1,0
7395,-1,1,0.20277792,0.5505215,1,1,unassigned,3.0,3.0,0.0,1.0,0.0,0.0,0.001934236,0.0,1,0,0,1,0
7396,-1,0,3.4577396,0.9694611,1,1,unassigned,8.0,8.0,0.0,1.0,0.0,0.0,0.0116054155,0.0,0,0,0,1,1
7397,-1,0,0.7424527,0.67753196,1,1,unassigned,3.0,3.0,0.0,1.0,0.0,0.0,0.001934236,0.0,0,0,0,1,0
7398,-1,1,-0.6157504,0.35074857,0,1,unassigned,114.0,111.0,3.0,0.9736842,0.02631579,0.026315808,0.21663442,0.005700906,1,0,0,0,0
7399,-1,1,-0.34359524,0.4149364,0,1,unassigned,46.0,46.0,0.0,1.0,0.0,0.0,0.08510638,0.0,1,0,0,0,0
7400,-1,0,-0.8551191,0.2983601,0,1,unassigned,6.0,6.0,0.0,1.0,0.0,0.0,0.007736944,0.0,0,0,0,0,0
7401,-1,0,0.4437123,0.60914326,1,1,unassigned,24.0,23.0,1.0,0.9583333,0.041666668,0.041666687,0.04255319,0.0017730496,0,0,0,1,0
7402,-1,0,2.505384,0.92451835,1,1,unassigned,20.0,20.0,0.0,1.0,0.0,0.0,0.034816246,0.0,0,0,0,1,1
7403,-1,1,0.7197612,0.67255443,1,1,unassigned,46.0,39.0,7.0,0.84782606,0.1521739,0.15217394,0.08510638,0.012950971,1,0,0,1,0
7404,-1,0,-0.4759168,0.38321677,0,1,unassigned,28.0,28.0,0.0,1.0,0.0,0.0,0.050290134,0.0,0,0,0,0,0
7405,1,0,1.6285908,0.83597654,1,0,val,2.0,1.0,1.0,0.5,0.5,0.5,0.0,0.0,0,0,1,1,0
7406,-1,0,-0.36992502,0.40855914,0,1,unassigned,15.0,14.0,1.0,0.93333334,0.06666667,0.06666666,0.025145067,0.0016763379,0,0,0,0,0
7407,-1,0,5.086592,0.9938589,1,1,unassigned,16.0,16.0,0.0,1.0,0.0,0.0,0.027079303,0.0,0,0,0,1,1
7408,-1,0,-0.054936945,0.48626918,0,1,unassigned,2.0,2.0,0.0,1.0,0.0,0.0,0.0,0.0,0,0,0,0,0
7409,-1,0,-0.5686911,0.36153892,0,1,unassigned,44.0,37.0,7.0,0.84090906,0.1590909,0.15909094,0.08123791,0.012924213,0,0,0,0,0
7410,-1,0,1.7139173,0.8473436,1,1,unassigned,12.0,12.0,0.0,1.0,0.0,0.0,0.01934236,0.0,0,0,0,1,0
7411,-1,0,-0.31989157,0.4207022,0,1,unassigned,73.0,71.0,2.0,0.9726027,0.02739726,0.027397275,0.13733076,0.0037624864,0,0,0,0,0
7412,-1,0,-0.7655557,0.31744128,0,1,unassigned,27.0,26.0,1.0,0.962963,0.037037037,0.037037015,0.0483559,0.0017909593,0,0,0,0,0
7413,-1,0,-0.40895653,0.39916238,0,1,unassigned,19.0,19.0,0.0,1.0,0.0,0.0,0.032882012,0.0,0,0,0,0,0
7414,-1,0,0.79490143,0.6888828,1,1,unassigned,3.0,3.0,0.0,1.0,0.0,0.0,0.001934236,0.0,0,0,0,1,0
7415,-1,0,0.93521434,0.71813196,1,1,unassigned,4.0,4.0,0.0,1.0,0.0,0.0,0.003868472,0.0,0,0,0,1,0
7416,-1,1,0.84222037,0.69893265,1,1,unassigned,3.0,3.0,0.0,1.0,0.0,0.0,0.001934236,0.0,1,0,0,1,0
7417,-1,0,-0.8339515,0.3028102,0,1,unassigned,84.0,84.0,0.0,1.0,0.0,0.0,0.15860735,0.0,0,0,0,0,0
7418,-1,0,4.0103583,0.9821959,1,1,unassigned,6.0,6.0,0.0,1.0,0.0,0.0,0.007736944,0.0,0,0,0,1,1
7419,-1,1,1.3230586,0.78969014,1,1,unassigned,3.0,3.0,0.0,1.0,0.0,0.0,0.001934236,0.0,1,0,0,1,0
7420,-1,0,5.465504,0.99578756,1,1,unassigned,2.0,2.0,0.0,1.0,0.0,0.0,0.0,0.0,0,0,0,1,1
7421,-1,1,-0.70947796,0.3297142,0,1,unassigned,56.0,54.0,2.0,0.96428573,0.035714287,0.03571427,0.10444874,0.0037303125,1,0,0,0,0
7422,0,0,4.811337,0.9919287,1,1,val,2.0,2.0,0.0,1.0,0.0,0.0,0.0,0.0,0,0,0,1,1
7423,-1,0,5.615142,0.9963709,1,1,unassigned,3.0,3.0,0.0,1.0,0.0,0.0,0.001934236,0.0,0,0,0,1,1
7424,-1,0,0.99338037,0.7297551,1,1,unassigned,2.0,2.0,0.0,1.0,0.0,0.0,0.0,0.0,0,0,0,1,0
7425,-1,0,-0.594413,0.35562298,0,1,unassigned,79.0,75.0,4.0,0.9493671,0.050632913,0.050632894,0.14893617,0.007541072,0,0,0,0,0
7426,-1,0,0.19795436,0.5493276,1,1,unassigned,38.0,38.0,0.0,1.0,0.0,0.0,0.06963249,0.0,0,0,0,1,0
7427,-1,0,2.8983052,0.9477626,1,1,unassigned,18.0,14.0,4.0,0.7777778,0.22222222,0.22222221,0.030947777,0.0068772836,0,0,0,1,1
7428,-1,0,-0.48900917,0.380127,0,1,unassigned,41.0,14.0,27.0,0.34146342,0.6585366,0.65853655,0.07543521,0.049676847,0,0,0,0,0
7429,-1,1,0.77150613,0.6838466,1,1,unassigned,21.0,20.0,1.0,0.95238096,0.04761905,0.047619045,0.036750484,0.0017500231,1,0,0,1,0
7430,-1,0,2.3485522,0.912819,1,1,unassigned,2.0,2.0,0.0,1.0,0.0,0.0,0.0,0.0,0,0,0,1,1
7431,-1,0,-0.5414311,0.36785474,0,1,unassigned,15.0,15.0,0.0,1.0,0.0,0.0,0.025145067,0.0,0,0,0,0,0
7432,-1,1,2.7220416,0.93831486,1,1,unassigned,4.0,4.0,0.0,1.0,0.0,0.0,0.003868472,0.0,1,0,0,1,1
7433,-1,0,0.49332374,0.6208891,1,1,unassigned,5.0,5.0,0.0,1.0,0.0,0.0,0.0058027077,0.0,0,0,0,1,0
7434,-1,1,6.3330865,0.9982266,1,1,unassigned,5.0,4.0,1.0,0.8,0.2,0.19999999,0.0058027077,0.0011605415,1,0,0,1,1
7435,-1,0,0.92730004,0.71652716,1,1,unassigned,10.0,10.0,0.0,1.0,0.0,0.0,0.015473888,0.0,0,0,0,1,0
7436,-1,0,3.441867,0.9689877,1,1,unassigned,2.0,2.0,0.0,1.0,0.0,0.0,0.0,0.0,0,0,0,1,1
7437,-1,0,-0.6657205,0.33945575,0,1,unassigned,23.0,22.0,1.0,0.95652175,0.04347826,0.04347825,0.040618956,0.0017660416,0,0,0,0,0
7438,-1,0,-0.52315956,0.37211373,0,1,unassigned,31.0,31.0,0.0,1.0,0.0,0.0,0.056092843,0.0,0,0,0,0,0
7439,-1,0,2.0096338,0.8818049,1,1,unassigned,2.0,2.0,0.0,1.0,0.0,0.0,0.0,0.0,0,0,0,1,0
7440,-1,0,5.317044,0.9951167,1,1,unassigned,5.0,5.0,0.0,1.0,0.0,0.0,0.0058027077,0.0,0,0,0,1,1
7441,-1,1,-0.9493053,0.27902454,0,1,unassigned,2.0,2.0,0.0,1.0,0.0,0.0,0.0,0.0,1,0,0,0,0
7442,-1,0,0.60509115,0.64682025,1,1,unassigned,2.0,2.0,0.0,1.0,0.0,0.0,0.0,0.0,0,0,0,1,0
7443,-1,0,1.5255549,0.821355,1,1,unassigned,18.0,18.0,0.0,1.0,0.0,0.0,0.030947777,0.0,0,0,0,1,0
7444,-1,1,-0.1317448,0.46711135,0,1,unassigned,46.0,45.0,1.0,0.9782609,0.02173913,0.021739125,0.08510638,0.0018501388,1,0,0,0,0
7445,0,0,-0.5593283,0.3637029,0,0,unassigned,18.0,18.0,0.0,1.0,0.0,0.0,0.030947777,0.0,0,0,1,0,0
7446,-1,1,-0.93004847,0.28291488,0,1,unassigned,7.0,7.0,0.0,1.0,0.0,0.0,0.00967118,0.0,1,0,0,0,0
7447,1,1,0.042518377,0.510628,1,0,unassigned,34.0,32.0,2.0,0.9411765,0.05882353,0.058823526,0.061895553,0.0036409148,1,0,1,1,0
7448,-1,1,-0.9266565,0.28360355,0,1,unassigned,43.0,40.0,3.0,0.9302326,0.069767445,0.069767416,0.079303674,0.0055328147,1,0,0,0,0
7449,-1,1,-0.76199603,0.31821308,0,1,unassigned,156.0,153.0,3.0,0.9807692,0.01923077,0.019230783,0.29787233,0.005728314,1,0,0,0,0
7450,-1,1,-0.5429729,0.36749628,0,1,unassigned,27.0,24.0,3.0,0.8888889,0.11111111,0.111111104,0.0483559,0.0053728777,1,0,0,0,0
7451,-1,1,-0.0005443692,0.4998639,0,1,unassigned,19.0,16.0,3.0,0.84210527,0.15789473,0.15789473,0.032882012,0.0051918966,1,0,0,0,0
7452,-1,1,-0.28636137,0.4288949,0,1,unassigned,32.0,29.0,3.0,0.90625,0.09375,0.09375,0.058027077,0.0054400386,1,0,0,0,0
7453,-1,1,0.9191815,0.71487534,1,1,unassigned,85.0,78.0,7.0,0.91764706,0.08235294,0.082352936,0.16054158,0.013221072,1,0,0,1,0
7454,-1,1,0.3728035,0.5921362,1,1,unassigned,4.0,4.0,0.0,1.0,0.0,0.0,0.003868472,0.0,1,0,0,1,0
7455,0,0,0.12104726,0.5302249,1,1,unassigned,21.0,21.0,0.0,1.0,0.0,0.0,0.036750484,0.0,0,0,0,1,0
7456,-1,1,0.59445506,0.6443867,1,1,unassigned,48.0,46.0,2.0,0.9583333,0.041666668,0.041666687,0.088974856,0.0037072857,1,0,0,1,0
7457,-1,0,-0.9735147,0.2741805,0,1,unassigned,30.0,30.0,0.0,1.0,0.0,0.0,0.054158606,0.0,0,0,0,0,0
7458,-1,0,-0.22628441,0.44366902,0,1,unassigned,9.0,9.0,0.0,1.0,0.0,0.0,0.013539651,0.0,0,0,0,0,0
7459,-1,0,2.2945359,0.9084235,1,1,unassigned,12.0,12.0,0.0,1.0,0.0,0.0,0.01934236,0.0,0,0,0,1,1
7460,-1,1,-0.73457134,0.32419237,0,1,unassigned,51.0,50.0,1.0,0.98039216,0.019607844,0.019607842,0.09477756,0.0018583836,1,0,0,0,0
7461,-1,1,-0.9158618,0.28580183,0,1,unassigned,12.0,11.0,1.0,0.9166667,0.083333336,0.08333331,0.01934236,0.0016118633,1,0,0,0,0
7462,-1,1,-0.3489172,0.41364503,0,1,unassigned,9.0,8.0,1.0,0.8888889,0.11111111,0.111111104,0.013539651,0.0015044058,1,0,0,0,0
7463,-1,1,1.5570064,0.8259234,1,1,unassigned,4.0,4.0,0.0,1.0,0.0,0.0,0.003868472,0.0,1,0,0,1,0
7464,-1,0,-0.7253087,0.32622504,0,1,unassigned,12.0,12.0,0.0,1.0,0.0,0.0,0.01934236,0.0,0,0,0,0,0
7465,-1,0,-0.5760697,0.35983744,0,1,unassigned,6.0,6.0,0.0,1.0,0.0,0.0,0.007736944,0.0,0,0,0,0,0
7466,-1,0,-0.58360684,0.3581031,0,1,unassigned,66.0,66.0,0.0,1.0,0.0,0.0,0.123791106,0.0,0,0,0,0,0
7467,-1,0,0.37719786,0.59319705,1,1,unassigned,42.0,38.0,4.0,0.9047619,0.0952381,0.09523809,0.07736944,0.007368518,0,0,0,1,0
7468,-1,0,-0.79416114,0.31127587,0,1,unassigned,53.0,52.0,1.0,0.9811321,0.018867925,0.01886791,0.09864604,0.0018612461,0,0,0,0,0
7469,-1,0,-0.41632116,0.39739743,0,1,unassigned,6.0,6.0,0.0,1.0,0.0,0.0,0.007736944,0.0,0,0,0,0,0
7470,1,1,0.054603755,0.51364756,1,0,unassigned,11.0,11.0,0.0,1.0,0.0,0.0,0.017408123,0.0,1,0,1,1,0
7471,-1,0,-0.26824436,0.43333814,0,1,unassigned,3.0,3.0,0.0,1.0,0.0,0.0,0.001934236,0.0,0,0,0,0,0
7472,1,1,-0.8114388,0.307584,0,1,test,27.0,24.0,3.0,0.8888889,0.11111111,0.111111104,0.0483559,0.0053728777,1,0,0,0,0
7473,-1,0,-0.4874304,0.3804991,0,1,unassigned,39.0,37.0,2.0,0.94871795,0.051282052,0.05128205,0.07156673,0.0036700887,0,0,0,0,0
7474,1,1,0.6859543,0.6650663,1,0,test,5.0,5.0,0.0,1.0,0.0,0.0,0.0058027077,0.0,1,0,1,1,0
7475,-1,1,3.2167222,0.9614587,1,1,unassigned,7.0,7.0,0.0,1.0,0.0,0.0,0.00967118,0.0,1,0,0,1,1
7476,-1,0,5.130439,0.9941208,1,1,unassigned,4.0,4.0,0.0,1.0,0.0,0.0,0.003868472,0.0,0,0,0,1,1
7477,-1,1,-0.36399657,0.40999246,0,1,unassigned,5.0,4.0,1.0,0.8,0.2,0.19999999,0.0058027077,0.0011605415,1,0,0,0,0
7478,-1,0,-0.50415903,0.3765638,0,1,unassigned,7.0,6.0,1.0,0.85714287,0.14285715,0.14285713,0.00967118,0.0013815971,0,0,0,0,0
7479,-1,0,-0.72390586,0.32653347,0,1,unassigned,28.0,28.0,0.0,1.0,0.0,0.0,0.050290134,0.0,0,0,0,0,0
7480,-1,0,-0.77567315,0.31525317,0,1,unassigned,41.0,41.0,0.0,1.0,0.0,0.0,0.07543521,0.0,0,0,0,0,0
7481,-1,0,1.6628301,0.84061754,1,1,unassigned,17.0,15.0,2.0,0.88235295,0.11764706,0.11764705,0.029013539,0.0034133575,0,0,0,1,0
7482,-1,0,-0.74971664,0.32088304,0,1,unassigned,7.0,7.0,0.0,1.0,0.0,0.0,0.00967118,0.0,0,0,0,0,0
7483,-1,0,-0.2374857,0.44090605,0,1,unassigned,48.0,47.0,1.0,0.9791667,0.020833334,0.020833313,0.088974856,0.0018536429,0,0,0,0,0
7484,-1,0,-0.5323211,0.3699757,0,1,unassigned,77.0,77.0,0.0,1.0,0.0,0.0,0.14506769,0.0,0,0,0,0,0
7485,-1,0,1.5743637,0.82840484,1,1,unassigned,22.0,22.0,0.0,1.0,0.0,0.0,0.03868472,0.0,0,0,0,1,0
7486,0,1,-0.58691704,0.35734257,0,0,unassigned,26.0,25.0,1.0,0.96153843,0.03846154,0.038461566,0.046421662,0.0017854486,1,0,1,0,0
7487,-1,0,6.9232283,0.9990163,1,1,unassigned,2.0,2.0,0.0,1.0,0.0,0.0,0.0,0.0,0,0,0,1,1
7488,-1,1,-0.24737239,0.43847036,0,1,unassigned,29.0,29.0,0.0,1.0,0.0,0.0,0.05222437,0.0,1,0,0,0,0
7489,-1,0,-0.27978808,0.43050572,0,1,unassigned,2.0,2.0,0.0,1.0,0.0,0.0,0.0,0.0,0,0,0,0,0
7490,-1,0,1.5540311,0.8254952,1,1,unassigned,2.0,2.0,0.0,1.0,0.0,0.0,0.0,0.0,0,0,0,1,0
7491,-1,1,-0.76004815,0.31863582,0,1,unassigned,35.0,35.0,0.0,1.0,0.0,0.0,0.06382979,0.0,1,0,0,0,0
7492,-1,0,-0.49993986,0.3775548,0,1,unassigned,4.0,4.0,0.0,1.0,0.0,0.0,0.003868472,0.0,0,0,0,0,0
7493,-1,0,0.06684625,0.51670533,1,1,unassigned,10.0,9.0,1.0,0.9,0.1,0.100000024,0.015473888,0.0015473888,0,0,0,1,0
7494,-1,0,-0.74635553,0.32161593,0,1,unassigned,27.0,27.0,0.0,1.0,0.0,0.0,0.0483559,0.0,0,0,0,0,0
7495,-1,0,-0.88969445,0.2911729,0,1,unassigned,68.0,66.0,2.0,0.9705882,0.029411765,0.029411793,0.12765957,0.0037546933,0,0,0,0,0
7496,-1,0,0.8957388,0.710073,1,1,unassigned,12.0,12.0,0.0,1.0,0.0,0.0,0.01934236,0.0,0,0,0,1,0
7497,-1,0,-0.61129606,0.3517636,0,1,unassigned,32.0,31.0,1.0,0.96875,0.03125,0.03125,0.058027077,0.0018133462,0,0,0,0,0
7498,-1,0,3.011587,0.95309484,1,1,unassigned,3.0,3.0,0.0,1.0,0.0,0.0,0.001934236,0.0,0,0,0,1,1
7499,-1,1,1.4117885,0.8040479,1,1,unassigned,2.0,2.0,0.0,1.0,0.0,0.0,0.0,0.0,1,0,0,1,0
7500,1,0,4.3296423,0.986999,1,0,unassigned,6.0,6.0,0.0,1.0,0.0,0.0,0.007736944,0.0,0,0,1,1,1
7501,-1,0,-0.89631855,0.28980762,0,1,unassigned,45.0,45.0,0.0,1.0,0.0,0.0,0.08317215,0.0,0,0,0,0,0
7502,-1,0,11.92414,0.9999933,1,1,unassigned,21.0,17.0,4.0,0.8095238,0.1904762,0.19047618,0.036750484,0.0070000924,0,0,0,1,1
7503,0,0,-0.8532559,0.2987503,0,0,unassigned,115.0,115.0,0.0,1.0,0.0,0.0,0.21856867,0.0,0,0,1,0,0
7504,-1,0,-0.38962823,0.4038068,0,1,unassigned,4.0,4.0,0.0,1.0,0.0,0.0,0.003868472,0.0,0,0,0,0,0
7505,-1,0,2.384216,0.9156158,1,1,unassigned,3.0,2.0,1.0,0.6666667,0.33333334,0.3333333,0.001934236,0.00064474536,0,0,0,1,1
7506,-1,0,1.1826878,0.76543075,1,1,unassigned,11.0,11.0,0.0,1.0,0.0,0.0,0.017408123,0.0,0,0,0,1,0
7507,-1,0,1.1702332,0.7631871,1,1,unassigned,8.0,8.0,0.0,1.0,0.0,0.0,0.0116054155,0.0,0,0,0,1,0
7508,-1,0,-0.10214114,0.47448692,0,1,unassigned,10.0,10.0,0.0,1.0,0.0,0.0,0.015473888,0.0,0,0,0,0,0
7509,-1,0,4.4427752,0.9883736,1,1,unassigned,5.0,5.0,0.0,1.0,0.0,0.0,0.0058027077,0.0,0,0,0,1,1
7510,-1,0,1.1797094,0.76489556,1,1,unassigned,12.0,12.0,0.0,1.0,0.0,0.0,0.01934236,0.0,0,0,0,1,0
7511,1,0,2.9072535,0.94820386,1,0,test,2.0,2.0,0.0,1.0,0.0,0.0,0.0,0.0,0,0,1,1,1
7512,-1,1,-0.18737441,0.45329297,0,1,unassigned,23.0,23.0,0.0,1.0,0.0,0.0,0.040618956,0.0,1,0,0,0,0
7513,0,0,-0.3703602,0.408454,0,0,val,5.0,5.0,0.0,1.0,0.0,0.0,0.0058027077,0.0,0,0,1,0,0
7514,-1,0,0.044496596,0.51112235,1,1,unassigned,11.0,11.0,0.0,1.0,0.0,0.0,0.017408123,0.0,0,0,0,1,0
7515,-1,1,3.4312775,0.9686679,1,1,unassigned,3.0,3.0,0.0,1.0,0.0,0.0,0.001934236,0.0,1,0,0,1,1
7516,0,0,5.299459,0.9950305,1,1,test,7.0,6.0,1.0,0.85714287,0.14285715,0.14285713,0.00967118,0.0013815971,0,0,0,1,1
7517,-1,0,0.8630486,0.7032972,1,1,unassigned,28.0,28.0,0.0,1.0,0.0,0.0,0.050290134,0.0,0,0,0,1,0
7518,-1,0,9.6532345,0.99993575,1,1,unassigned,14.0,13.0,1.0,0.9285714,0.071428575,0.0714286,0.023210831,0.0016579166,0,0,0,1,1
7519,-1,0,2.1677887,0.8973194,1,1,unassigned,2.0,2.0,0.0,1.0,0.0,0.0,0.0,0.0,0,0,0,1,0
7520,-1,0,-0.6183164,0.35016447,0,1,unassigned,10.0,10.0,0.0,1.0,0.0,0.0,0.015473888,0.0,0,0,0,0,0
7521,-1,0,1.111727,0.75245094,1,1,unassigned,11.0,9.0,2.0,0.8181818,0.18181819,0.18181819,0.017408123,0.0031651135,0,0,0,1,0
7522,-1,0,0.96806747,0.7247342,1,1,unassigned,2.0,2.0,0.0,1.0,0.0,0.0,0.0,0.0,0,0,0,1,0
7523,-1,0,0.41057682,0.60122615,1,1,unassigned,10.0,10.0,0.0,1.0,0.0,0.0,0.015473888,0.0,0,0,0,1,0
7524,-1,0,1.3612583,0.7959641,1,1,unassigned,6.0,6.0,0.0,1.0,0.0,0.0,0.007736944,0.0,0,0,0,1,0
7525,-1,1,-0.9505255,0.27877915,0,1,unassigned,36.0,36.0,0.0,1.0,0.0,0.0,0.065764025,0.0,1,0,0,0,0
7526,-1,0,0.6359753,0.6538431,1,1,unassigned,3.0,3.0,0.0,1.0,0.0,0.0,0.001934236,0.0,0,0,0,1,0
7527,-1,1,2.9965632,0.9524186,1,1,unassigned,5.0,5.0,0.0,1.0,0.0,0.0,0.0058027077,0.0,1,0,0,1,1
7528,-1,0,3.8390348,0.9789387,1,1,unassigned,4.0,4.0,0.0,1.0,0.0,0.0,0.003868472,0.0,0,0,0,1,1
7529,-1,0,0.020863175,0.5052156,1,1,unassigned,2.0,2.0,0.0,1.0,0.0,0.0,0.0,0.0,0,0,0,1,0
7530,-1,0,1.1354952,0.7568516,1,1,unassigned,2.0,2.0,0.0,1.0,0.0,0.0,0.0,0.0,0,0,0,1,0
7531,-1,0,-0.09586078,0.47605312,0,1,unassigned,6.0,6.0,0.0,1.0,0.0,0.0,0.007736944,0.0,0,0,0,0,0
7532,0,0,-0.5738223,0.36035532,0,0,val,38.0,36.0,2.0,0.94736844,0.05263158,0.052631557,0.06963249,0.0036648682,0,0,1,0,0
7533,-1,0,0.37792915,0.59337354,1,1,unassigned,16.0,16.0,0.0,1.0,0.0,0.0,0.027079303,0.0,0,0,0,1,0
7534,-1,0,4.616749,0.9902119,1,1,unassigned,3.0,3.0,0.0,1.0,0.0,0.0,0.001934236,0.0,0,0,0,1,1
7535,1,1,2.5292413,0.92616653,1,0,test,6.0,2.0,4.0,0.33333334,0.6666667,0.6666666,0.007736944,0.005157963,1,0,1,1,1
7536,-1,0,-0.15929279,0.46026078,0,1,unassigned,3.0,3.0,0.0,1.0,0.0,0.0,0.001934236,0.0,0,0,0,0,0
7537,-1,0,2.4381654,0.9196917,1,1,unassigned,6.0,6.0,0.0,1.0,0.0,0.0,0.007736944,0.0,0,0,0,1,1
7538,-1,0,-0.7952169,0.3110496,0,1,unassigned,59.0,59.0,0.0,1.0,0.0,0.0,0.11025145,0.0,0,0,0,0,0
7539,-1,0,2.2745316,0.9067457,1,1,unassigned,11.0,10.0,1.0,0.90909094,0.09090909,0.090909064,0.017408123,0.0015825568,0,0,0,1,1
7540,-1,0,-0.6630955,0.34004462,0,1,unassigned,70.0,70.0,0.0,1.0,0.0,0.0,0.13152805,0.0,0,0,0,0,0
7541,-1,0,0.10834235,0.52705914,1,1,unassigned,76.0,76.0,0.0,1.0,0.0,0.0,0.14313346,0.0,0,0,0,1,0
7542,-1,1,3.5622685,0.9724085,1,1,unassigned,6.0,5.0,1.0,0.8333333,0.16666667,0.16666669,0.007736944,0.0012894907,1,0,0,1,1
7543,-1,1,-0.13923419,0.46524757,0,1,unassigned,25.0,24.0,1.0,0.96,0.04,0.04000002,0.044487428,0.001779497,1,0,0,0,0
7544,-1,0,0.8324118,0.69686466,1,1,unassigned,14.0,14.0,0.0,1.0,0.0,0.0,0.023210831,0.0,0,0,0,1,0
7545,-1,0,-0.51084274,0.374996,0,1,unassigned,23.0,22.0,1.0,0.95652175,0.04347826,0.04347825,0.040618956,0.0017660416,0,0,0,0,0
7546,-1,0,-0.78453827,0.31334263,0,1,unassigned,91.0,88.0,3.0,0.96703297,0.032967035,0.03296703,0.172147,0.005675176,0,0,0,0,0
7547,1,0,-0.7457725,0.32174313,0,1,unassigned,99.0,86.0,13.0,0.86868685,0.13131313,0.13131315,0.1876209,0.024637086,0,0,0,0,0
7548,-1,0,-0.36724275,0.4092074,0,1,unassigned,18.0,18.0,0.0,1.0,0.0,0.0,0.030947777,0.0,0,0,0,0,0
7549,-1,0,-0.38498247,0.4049257,0,1,unassigned,8.0,8.0,0.0,1.0,0.0,0.0,0.0116054155,0.0,0,0,0,0,0
7550,-1,1,-0.45164236,0.38897038,0,1,unassigned,13.0,12.0,1.0,0.9230769,0.07692308,0.07692307,0.021276595,0.0016366612,1,0,0,0,0
7551,1,0,-0.1573309,0.46074823,0,1,unassigned,142.0,136.0,6.0,0.9577465,0.04225352,0.042253494,0.27079305,0.01144196,0,0,0,0,0
7552,-1,1,3.4780848,0.9700577,1,1,unassigned,23.0,21.0,2.0,0.9130435,0.08695652,0.0869565,0.040618956,0.0035320832,1,0,0,1,1
7553,-1,1,2.136431,0.894394,1,1,unassigned,3.0,3.0,0.0,1.0,0.0,0.0,0.001934236,0.0,1,0,0,1,0
7554,-1,0,-0.7444982,0.3220213,0,1,unassigned,61.0,61.0,0.0,1.0,0.0,0.0,0.114119925,0.0,0,0,0,0,0
7555,-1,0,2.8510118,0.9453709,1,1,unassigned,11.0,11.0,0.0,1.0,0.0,0.0,0.017408123,0.0,0,0,0,1,1
7556,-1,0,2.9500372,0.9502652,1,1,unassigned,65.0,60.0,5.0,0.9230769,0.07692308,0.07692307,0.12185687,0.009373605,0,0,0,1,1
7557,-1,0,6.350932,0.99825794,1,1,unassigned,4.0,4.0,0.0,1.0,0.0,0.0,0.003868472,0.0,0,0,0,1,1
7558,-1,0,0.25487286,0.5633755,1,1,unassigned,8.0,8.0,0.0,1.0,0.0,0.0,0.0116054155,0.0,0,0,0,1,0
7559,-1,1,-0.36398566,0.4099951,0,1,unassigned,4.0,3.0,1.0,0.75,0.25,0.25,0.003868472,0.000967118,1,0,0,0,0
7560,0,0,-1.1098003,0.24790813,0,0,test,4.0,4.0,0.0,1.0,0.0,0.0,0.003868472,0.0,0,0,1,0,0
7561,-1,0,4.18949,0.9850722,1,1,unassigned,3.0,3.0,0.0,1.0,0.0,0.0,0.001934236,0.0,0,0,0,1,1
7562,-1,1,-0.6675103,0.33905452,0,1,unassigned,12.0,12.0,0.0,1.0,0.0,0.0,0.01934236,0.0,1,0,0,0,0
7563,-1,0,5.465504,0.99578756,1,1,unassigned,2.0,2.0,0.0,1.0,0.0,0.0,0.0,0.0,0,0,0,1,1
7564,-1,0,-0.018441558,0.49538976,0,1,unassigned,5.0,5.0,0.0,1.0,0.0,0.0,0.0058027077,0.0,0,0,0,0,0
7565,-1,1,-0.9443139,0.28002977,0,1,unassigned,17.0,17.0,0.0,1.0,0.0,0.0,0.029013539,0.0,1,0,0,0,0
7566,-1,0,-0.216174,0.446166,0,1,unassigned,26.0,26.0,0.0,1.0,0.0,0.0,0.046421662,0.0,0,0,0,0,0
7567,-1,0,-0.43178275,0.39370072,0,1,unassigned,2.0,1.0,1.0,0.5,0.5,0.5,0.0,0.0,0,0,0,0,0
7568,-1,1,-0.91872907,0.2852169,0,1,unassigned,52.0,49.0,3.0,0.9423077,0.057692308,0.05769229,0.0967118,0.005579527,1,0,0,0,0
7569,-1,0,-0.5685713,0.36156654,0,1,unassigned,9.0,9.0,0.0,1.0,0.0,0.0,0.013539651,0.0,0,0,0,0,0
7570,-1,0,6.0918226,0.99774384,1,1,unassigned,3.0,3.0,0.0,1.0,0.0,0.0,0.001934236,0.0,0,0,0,1,1
7571,-1,1,5.8504148,0.9971296,1,1,unassigned,2.0,2.0,0.0,1.0,0.0,0.0,0.0,0.0,1,0,0,1,1
7572,0,0,-0.4322896,0.39357972,0,0,test,16.0,14.0,2.0,0.875,0.125,0.125,0.027079303,0.0033849129,0,0,1,0,0
7573,-1,0,4.94898,0.99295926,1,1,unassigned,2.0,2.0,0.0,1.0,0.0,0.0,0.0,0.0,0,0,0,1,1
7574,-1,1,-0.7849397,0.31325626,0,1,unassigned,53.0,53.0,0.0,1.0,0.0,0.0,0.09864604,0.0,1,0,0,0,0
7575,1,0,-0.8714981,0.29494268,0,1,test,14.0,14.0,0.0,1.0,0.0,0.0,0.023210831,0.0,0,0,0,0,0
7576,-1,0,5.465504,0.99578756,1,1,unassigned,2.0,2.0,0.0,1.0,0.0,0.0,0.0,0.0,0,0,0,1,1
7577,-1,0,4.94898,0.99295926,1,1,unassigned,2.0,2.0,0.0,1.0,0.0,0.0,0.0,0.0,0,0,0,1,1
7578,-1,0,5.561728,0.9961726,1,1,unassigned,2.0,2.0,0.0,1.0,0.0,0.0,0.0,0.0,0,0,0,1,1
7579,-1,1,-0.5380218,0.3686479,0,1,unassigned,40.0,40.0,0.0,1.0,0.0,0.0,0.07350097,0.0,1,0,0,0,0
7580,-1,1,-0.82650226,0.30438516,0,1,unassigned,152.0,148.0,4.0,0.9736842,0.02631579,0.026315808,0.29013538,0.0076351417,1,0,0,0,0
7581,-1,0,7.2745156,0.9993075,1,1,unassigned,5.0,4.0,1.0,0.8,0.2,0.19999999,0.0058027077,0.0011605415,0,0,0,1,1
7582,-1,0,-0.8303572,0.30356953,0,1,unassigned,125.0,125.0,0.0,1.0,0.0,0.0,0.23791103,0.0,0,0,0,0,0
7583,-1,1,0.20536429,0.5511614,1,1,unassigned,24.0,21.0,3.0,0.875,0.125,0.125,0.04255319,0.005319149,1,0,0,1,0
7584,-1,0,-0.35692266,0.4117047,0,1,unassigned,7.0,7.0,0.0,1.0,0.0,0.0,0.00967118,0.0,0,0,0,0,0
7585,-1,0,2.4061615,0.91729593,1,1,unassigned,3.0,3.0,0.0,1.0,0.0,0.0,0.001934236,0.0,0,0,0,1,1
7586,-1,0,2.866432,0.9461619,1,1,unassigned,5.0,5.0,0.0,1.0,0.0,0.0,0.0058027077,0.0,0,0,0,1,1
7587,-1,1,-0.92488,0.2839646,0,1,unassigned,59.0,58.0,1.0,0.9830508,0.016949153,0.016949177,0.11025145,0.0018686686,1,0,0,0,0
7588,-1,0,0.36581087,0.59044635,1,1,unassigned,20.0,19.0,1.0,0.95,0.05,0.050000012,0.034816246,0.0017408123,0,0,0,1,0
7589,-1,1,-0.8599311,0.2973537,0,1,unassigned,57.0,55.0,2.0,0.9649123,0.03508772,0.035087705,0.10638298,0.0037327362,1,0,0,0,0
7590,-1,0,4.94898,0.99295926,1,1,unassigned,2.0,2.0,0.0,1.0,0.0,0.0,0.0,0.0,0,0,0,1,1
7591,-1,1,-0.71838325,0.32774907,0,1,unassigned,23.0,23.0,0.0,1.0,0.0,0.0,0.040618956,0.0,1,0,0,0,0
7592,-1,1,-0.9241302,0.28411707,0,1,unassigned,46.0,45.0,1.0,0.9782609,0.02173913,0.021739125,0.08510638,0.0018501388,1,0,0,0,0
7593,-1,0,7.619015,0.9995092,1,1,unassigned,3.0,3.0,0.0,1.0,0.0,0.0,0.001934236,0.0,0,0,0,1,1
7594,0,1,-0.57209605,0.3607533,0,0,unassigned,168.0,167.0,1.0,0.99404764,0.005952381,0.0059523582,0.32108316,0.0019112093,1,0,1,0,0
7595,0,0,-0.017077684,0.4957307,0,0,test,47.0,47.0,0.0,1.0,0.0,0.0,0.08704062,0.0,0,0,1,0,0
7596,-1,0,4.9182153,0.9927409,1,1,unassigned,13.0,11.0,2.0,0.84615386,0.15384616,0.15384614,0.021276595,0.0032733225,0,0,0,1,1
7597,1,1,-0.8159119,0.30663216,0,1,test,120.0,118.0,2.0,0.98333335,0.016666668,0.01666665,0.22823985,0.0038039978,1,0,0,0,0
7598,-1,0,2.4241586,0.91865104,1,1,unassigned,9.0,9.0,0.0,1.0,0.0,0.0,0.013539651,0.0,0,0,0,1,1
7599,-1,0,1.969167,0.8775216,1,1,unassigned,2.0,2.0,0.0,1.0,0.0,0.0,0.0,0.0,0,0,0,1,0
7600,1,0,0.7605185,0.6814663,1,0,test,3.0,3.0,0.0,1.0,0.0,0.0,0.001934236,0.0,0,0,1,1,0
7601,-1,0,3.9274848,0.9806872,1,1,unassigned,8.0,8.0,0.0,1.0,0.0,0.0,0.0116054155,0.0,0,0,0,1,1
7602,-1,0,4.26996,0.9862105,1,1,unassigned,4.0,4.0,0.0,1.0,0.0,0.0,0.003868472,0.0,0,0,0,1,1
7603,-1,1,0.09099424,0.52273285,1,1,unassigned,14.0,14.0,0.0,1.0,0.0,0.0,0.023210831,0.0,1,0,0,1,0
7604,-1,0,8.332817,0.9997596,1,1,unassigned,16.0,13.0,3.0,0.8125,0.1875,0.1875,0.027079303,0.0050773695,0,0,0,1,1
7605,-1,0,6.627636,0.9986784,1,1,unassigned,2.0,1.0,1.0,0.5,0.5,0.5,0.0,0.0,0,0,0,1,1
7606,-1,0,2.410116,0.91759545,1,1,unassigned,41.0,40.0,1.0,0.9756098,0.024390243,0.02439022,0.07543521,0.001839883,0,0,0,1,1
7607,-1,1,-0.9063356,0.28775027,0,1,unassigned,82.0,81.0,1.0,0.9878049,0.0121951215,0.01219511,0.15473887,0.0018870593,1,0,0,0,0
7608,-1,0,1.3966384,0.80164987,1,1,unassigned,2.0,2.0,0.0,1.0,0.0,0.0,0.0,0.0,0,0,0,1,0
7609,-1,0,1.0483656,0.74046093,1,1,unassigned,7.0,5.0,2.0,0.71428573,0.2857143,0.28571427,0.00967118,0.0027631943,0,0,0,1,0
7610,-1,0,0.23940778,0.5595677,1,1,unassigned,39.0,38.0,1.0,0.974359,0.025641026,0.025641024,0.07156673,0.0018350444,0,0,0,1,0
7611,-1,0,0.69636613,0.66738164,1,1,unassigned,3.0,3.0,0.0,1.0,0.0,0.0,0.001934236,0.0,0,0,0,1,0
7612,-1,0,2.5985966,0.9307712,1,1,unassigned,6.0,4.0,2.0,0.6666667,0.33333334,0.3333333,0.007736944,0.0025789815,0,0,0,1,1
7613,1,0,-0.27425408,0.43186304,0,1,val,27.0,26.0,1.0,0.962963,0.037037037,0.037037015,0.0483559,0.0017909593,0,0,0,0,0
7614,-1,0,2.9336562,0.94948536,1,1,unassigned,17.0,16.0,1.0,0.9411765,0.05882353,0.058823526,0.029013539,0.0017066788,0,0,0,1,1
7615,-1,0,-0.79831517,0.31038603,0,1,unassigned,99.0,98.0,1.0,0.989899,0.01010101,0.01010102,0.1876209,0.0018951605,0,0,0,0,0
7616,-1,0,4.94898,0.99295926,1,1,unassigned,2.0,2.0,0.0,1.0,0.0,0.0,0.0,0.0,0,0,0,1,1
7617,0,0,-0.6639476,0.33985338,0,0,test,24.0,24.0,0.0,1.0,0.0,0.0,0.04255319,0.0,0,0,1,0,0
7618,-1,0,-0.2681334,0.43336543,0,1,unassigned,71.0,69.0,2.0,0.97183096,0.028169014,0.028169036,0.13346228,0.0037595008,0,0,0,0,0
7619,1,0,1.4494395,0.8099122,1,0,unassigned,9.0,9.0,0.0,1.0,0.0,0.0,0.013539651,0.0,0,0,1,1,0
7620,-1,0,2.1005123,0.89095294,1,1,unassigned,3.0,2.0,1.0,0.6666667,0.33333334,0.3333333,0.001934236,0.00064474536,0,0,0,1,0
7621,-1,0,6.032048,0.9976052,1,1,unassigned,2.0,2.0,0.0,1.0,0.0,0.0,0.0,0.0,0,0,0,1,1
7622,-1,0,-0.6246626,0.34872177,0,1,unassigned,23.0,23.0,0.0,1.0,0.0,0.0,0.040618956,0.0,0,0,0,0,0
7623,-1,0,-0.025163352,0.49370947,0,1,unassigned,28.0,27.0,1.0,0.96428573,0.035714287,0.03571427,0.050290134,0.0017960763,0,0,0,0,0
7624,-1,0,-0.4570871,0.38767707,0,1,unassigned,24.0,24.0,0.0,1.0,0.0,0.0,0.04255319,0.0,0,0,0,0,0
7625,-1,0,-0.5391658,0.36838165,0,1,unassigned,123.0,122.0,1.0,0.9918699,0.008130081,0.008130074,0.23404256,0.0019027849,0,0,0,0,0
7626,1,1,-0.07385057,0.48154575,0,1,test,8.0,7.0,1.0,0.875,0.125,0.125,0.0116054155,0.0014506769,1,0,0,0,0
7627,1,1,-0.25622755,0.4362913,0,1,unassigned,24.0,24.0,0.0,1.0,0.0,0.0,0.04255319,0.0,1,0,0,0,0
7628,-1,0,0.2624454,0.56523734,1,1,unassigned,6.0,6.0,0.0,1.0,0.0,0.0,0.007736944,0.0,0,0,0,1,0
7629,-1,0,0.12965435,0.53236824,1,1,unassigned,13.0,12.0,1.0,0.9230769,0.07692308,0.07692307,0.021276595,0.0016366612,0,0,0,1,0
7630,-1,0,-0.42854238,0.39447445,0,1,unassigned,18.0,16.0,2.0,0.8888889,0.11111111,0.111111104,0.030947777,0.0034386418,0,0,0,0,0
7631,-1,0,-0.5625391,0.3629602,0,1,unassigned,2.0,2.0,0.0,1.0,0.0,0.0,0.0,0.0,0,0,0,0,0
7632,1,0,6.2869506,0.9981431,1,0,unassigned,2.0,2.0,0.0,1.0,0.0,0.0,0.0,0.0,0,0,1,1,1
7633,-1,0,0.24824703,0.561745,1,1,unassigned,6.0,6.0,0.0,1.0,0.0,0.0,0.007736944,0.0,0,0,0,1,0
7634,-1,0,4.3340335,0.9870552,1,1,unassigned,2.0,2.0,0.0,1.0,0.0,0.0,0.0,0.0,0,0,0,1,1
7635,-1,1,-0.9381937,0.28126535,0,1,unassigned,2.0,2.0,0.0,1.0,0.0,0.0,0.0,0.0,1,0,0,0,0
7636,-1,1,3.9183333,0.9805131,1,1,unassigned,2.0,2.0,0.0,1.0,0.0,0.0,0.0,0.0,1,0,0,1,1
7637,-1,1,-0.3115094,0.42274633,0,1,unassigned,5.0,5.0,0.0,1.0,0.0,0.0,0.0058027077,0.0,1,0,0,0,0
7638,-1,1,7.5250525,0.9994609,1,1,unassigned,19.0,17.0,2.0,0.8947368,0.10526316,0.10526317,0.032882012,0.0034612645,1,0,0,1,1
7639,-1,0,0.5316163,0.62986004,1,1,unassigned,3.0,3.0,0.0,1.0,0.0,0.0,0.001934236,0.0,0,0,0,1,0
7640,-1,1,-0.9417447,0.28054807,0,1,unassigned,12.0,12.0,0.0,1.0,0.0,0.0,0.01934236,0.0,1,0,0,0,0
7641,-1,1,0.17449921,0.54351443,1,1,unassigned,43.0,43.0,0.0,1.0,0.0,0.0,0.079303674,0.0,1,0,0,1,0
7642,-1,0,11.823154,0.9999926,1,1,unassigned,13.0,11.0,2.0,0.84615386,0.15384616,0.15384614,0.021276595,0.0032733225,0,0,0,1,1
7643,-1,0,1.0949566,0.74931395,1,1,unassigned,23.0,22.0,1.0,0.95652175,0.04347826,0.04347825,0.040618956,0.0017660416,0,0,0,1,0
7644,0,0,-0.80389607,0.30919275,0,0,unassigned,25.0,25.0,0.0,1.0,0.0,0.0,0.044487428,0.0,0,0,1,0,0
7645,-1,0,1.9827878,0.8789781,1,1,unassigned,10.0,10.0,0.0,1.0,0.0,0.0,0.015473888,0.0,0,0,0,1,0
7646,-1,1,0.09970969,0.5249068,1,1,unassigned,11.0,11.0,0.0,1.0,0.0,0.0,0.017408123,0.0,1,0,0,1,0
7647,-1,1,3.0821333,0.9561497,1,1,unassigned,3.0,3.0,0.0,1.0,0.0,0.0,0.001934236,0.0,1,0,0,1,1
7648,-1,1,-0.88280374,0.29259712,0,1,unassigned,90.0,88.0,2.0,0.9777778,0.022222223,0.02222222,0.17021276,0.0037825059,1,0,0,0,0
7649,-1,0,-0.1422596,0.46449494,0,1,unassigned,13.0,13.0,0.0,1.0,0.0,0.0,0.021276595,0.0,0,0,0,0,0
7650,-1,0,-0.18610644,0.4536072,0,1,unassigned,19.0,19.0,0.0,1.0,0.0,0.0,0.032882012,0.0,0,0,0,0,0
7651,-1,0,-0.27915356,0.43066126,0,1,unassigned,2.0,2.0,0.0,1.0,0.0,0.0,0.0,0.0,0,0,0,0,0
7652,-1,1,-0.9074936,0.287513,0,1,unassigned,84.0,83.0,1.0,0.9880952,0.011904762,0.011904776,0.15860735,0.0018881827,1,0,0,0,0
7653,-1,0,-1.0136195,0.2662721,0,1,unassigned,4.0,4.0,0.0,1.0,0.0,0.0,0.003868472,0.0,0,0,0,0,0
7654,0,1,-0.878016,0.2935891,0,0,test,144.0,144.0,0.0,1.0,0.0,0.0,0.2746615,0.0,1,0,1,0,0
7655,-1,0,-0.2058661,0.4487145,0,1,unassigned,3.0,3.0,0.0,1.0,0.0,0.0,0.001934236,0.0,0,0,0,0,0
7656,-1,1,-0.11230779,0.47195253,0,1,unassigned,81.0,75.0,6.0,0.9259259,0.074074075,0.07407409,0.15280464,0.011318862,1,0,0,0,0
7657,-1,0,-0.21665013,0.44604835,0,1,unassigned,4.0,4.0,0.0,1.0,0.0,0.0,0.003868472,0.0,0,0,0,0,0
7658,-1,1,-0.9220795,0.28453436,0,1,unassigned,24.0,22.0,2.0,0.9166667,0.083333336,0.08333331,0.04255319,0.0035460992,1,0,0,0,0
7659,-1,1,-0.85336477,0.2987275,0,1,unassigned,128.0,127.0,1.0,0.9921875,0.0078125,0.0078125,0.24371374,0.0019040136,1,0,0,0,0
7660,-1,1,-0.9708728,0.27470654,0,1,unassigned,34.0,33.0,1.0,0.9705882,0.029411765,0.029411793,0.061895553,0.0018204574,1,0,0,0,0
7661,-1,1,-0.85632867,0.29810694,0,1,unassigned,59.0,59.0,0.0,1.0,0.0,0.0,0.11025145,0.0,1,0,0,0,0
7662,-1,1,-0.9780266,0.2732835,0,1,unassigned,26.0,26.0,0.0,1.0,0.0,0.0,0.046421662,0.0,1,0,0,0,0
7663,0,1,-0.170264,0.45753652,0,0,unassigned,19.0,19.0,0.0,1.0,0.0,0.0,0.032882012,0.0,1,0,1,0,0
7664,-1,1,-0.3094056,0.4232598,0,1,unassigned,12.0,12.0,0.0,1.0,0.0,0.0,0.01934236,0.0,1,0,0,0,0
7665,-1,1,-0.9156872,0.28583747,0,1,unassigned,74.0,74.0,0.0,1.0,0.0,0.0,0.13926499,0.0,1,0,0,0,0
7666,-1,0,-0.24978954,0.43787527,0,1,unassigned,50.0,41.0,9.0,0.82,0.18,0.18,0.092843324,0.0167118,0,0,0,0,0
7667,-1,1,-0.73671937,0.32372195,0,1,unassigned,109.0,107.0,2.0,0.98165137,0.018348623,0.018348634,0.20696326,0.0037974908,1,0,0,0,0
7668,-1,1,-0.7408254,0.32282367,0,1,unassigned,16.0,16.0,0.0,1.0,0.0,0.0,0.027079303,0.0,1,0,0,0,0
7669,0,0,-0.6914529,0.33370993,0,0,unassigned,96.0,88.0,8.0,0.9166667,0.083333336,0.08333331,0.18181819,0.015151516,0,0,1,0,0
7670,-1,0,2.5753248,0.92925656,1,1,unassigned,28.0,27.0,1.0,0.96428573,0.035714287,0.03571427,0.050290134,0.0017960763,0,0,0,1,1
7671,-1,1,-0.8504838,0.2993314,0,1,unassigned,120.0,117.0,3.0,0.975,0.025,0.024999976,0.22823985,0.0057059964,1,0,0,0,0
7672,-1,0,8.00045,0.9996648,1,1,unassigned,66.0,53.0,13.0,0.8030303,0.1969697,0.19696969,0.123791106,0.024383098,0,0,0,1,1
7673,0,0,0.067940414,0.51697856,1,1,val,31.0,30.0,1.0,0.9677419,0.032258064,0.032258093,0.056092843,0.0018094465,0,0,0,1,0
7674,-1,0,-0.034244835,0.49143967,0,1,unassigned,3.0,2.0,1.0,0.6666667,0.33333334,0.3333333,0.001934236,0.00064474536,0,0,0,0,0
7675,-1,0,2.7349055,0.93905514,1,1,unassigned,27.0,27.0,0.0,1.0,0.0,0.0,0.0483559,0.0,0,0,0,1,1
7676,-1,0,1.3296497,0.79078263,1,1,unassigned,8.0,8.0,0.0,1.0,0.0,0.0,0.0116054155,0.0,0,0,0,1,0
7677,0,0,-0.42127252,0.39621228,0,0,unassigned,8.0,8.0,0.0,1.0,0.0,0.0,0.0116054155,0.0,0,0,1,0,0
7678,-1,0,0.08273214,0.52067125,1,1,unassigned,22.0,22.0,0.0,1.0,0.0,0.0,0.03868472,0.0,0,0,0,1,0
7679,-1,0,2.8285627,0.9441999,1,1,unassigned,5.0,5.0,0.0,1.0,0.0,0.0,0.0058027077,0.0,0,0,0,1,1
7680,-1,1,-0.33421052,0.41721648,0,1,unassigned,13.0,13.0,0.0,1.0,0.0,0.0,0.021276595,0.0,1,0,0,0,0
7681,-1,1,0.1389767,0.53468835,1,1,unassigned,9.0,9.0,0.0,1.0,0.0,0.0,0.013539651,0.0,1,0,0,1,0
7682,-1,1,-0.38320038,0.40535524,0,1,unassigned,51.0,47.0,4.0,0.92156863,0.078431375,0.07843137,0.09477756,0.0074335346,1,0,0,0,0
7683,0,0,-0.47845736,0.38261646,0,0,train,17.0,16.0,1.0,0.9411765,0.05882353,0.058823526,0.029013539,0.0017066788,0,0,1,0,0
7684,-1,0,-0.5588322,0.3638177,0,1,unassigned,10.0,10.0,0.0,1.0,0.0,0.0,0.015473888,0.0,0,0,0,0,0
7685,-1,1,3.3076227,0.9646894,1,1,unassigned,10.0,8.0,2.0,0.8,0.2,0.19999999,0.015473888,0.0030947777,1,0,0,1,1
7686,-1,0,-0.4888452,0.38016564,0,1,unassigned,3.0,2.0,1.0,0.6666667,0.33333334,0.3333333,0.001934236,0.00064474536,0,0,0,0,0
7687,-1,1,0.38795394,0.5957901,1,1,unassigned,2.0,2.0,0.0,1.0,0.0,0.0,0.0,0.0,1,0,0,1,0
7688,-1,1,1.9645083,0.87702,1,1,unassigned,25.0,23.0,2.0,0.92,0.08,0.07999998,0.044487428,0.003558994,1,0,0,1,0
7689,-1,1,2.2845693,0.90759104,1,1,unassigned,2.0,2.0,0.0,1.0,0.0,0.0,0.0,0.0,1,0,0,1,1
7690,1,1,1.2659395,0.7800468,1,0,test,2.0,2.0,0.0,1.0,0.0,0.0,0.0,0.0,1,0,1,1,0
7691,-1,0,0.24886805,0.5618979,1,1,unassigned,60.0,59.0,1.0,0.98333335,0.016666668,0.01666665,0.11218569,0.0018697615,0,0,0,1,0
7692,-1,0,1.7961147,0.85767525,1,1,unassigned,3.0,3.0,0.0,1.0,0.0,0.0,0.001934236,0.0,0,0,0,1,0
7693,0,0,-0.17553437,0.4562287,0,0,unassigned,16.0,15.0,1.0,0.9375,0.0625,0.0625,0.027079303,0.0016924564,0,0,1,0,0
7694,-1,0,-0.86851066,0.2955643,0,1,unassigned,77.0,76.0,1.0,0.987013,0.012987013,0.012987018,0.14506769,0.001883996,0,0,0,0,0
7695,0,0,-0.8035885,0.30925843,0,0,test,44.0,43.0,1.0,0.97727275,0.022727273,0.022727251,0.08123791,0.0018463163,0,0,1,0,0
7696,-1,0,1.0082154,0.7326707,1,1,unassigned,2.0,2.0,0.0,1.0,0.0,0.0,0.0,0.0,0,0,0,1,0
7697,-1,0,1.2498071,0.7772665,1,1,unassigned,24.0,24.0,0.0,1.0,0.0,0.0,0.04255319,0.0,0,0,0,1,0
7698,-1,1,-0.58244896,0.3583693,0,1,unassigned,10.0,10.0,0.0,1.0,0.0,0.0,0.015473888,0.0,1,0,0,0,0
7699,1,1,-0.3364557,0.4166707,0,1,test,8.0,8.0,0.0,1.0,0.0,0.0,0.0116054155,0.0,1,0,0,0,0
7700,-1,1,3.2305262,0.961967,1,1,unassigned,8.0,8.0,0.0,1.0,0.0,0.0,0.0116054155,0.0,1,0,0,1,1
7701,-1,0,1.0413375,0.73910797,1,1,unassigned,2.0,2.0,0.0,1.0,0.0,0.0,0.0,0.0,0,0,0,1,0
7702,-1,0,5.872354,0.9971917,1,1,unassigned,2.0,2.0,0.0,1.0,0.0,0.0,0.0,0.0,0,0,0,1,1
7703,-1,0,0.29651004,0.57358915,1,1,unassigned,2.0,2.0,0.0,1.0,0.0,0.0,0.0,0.0,0,0,0,1,0
7704,-1,0,4.4171324,0.9880752,1,1,unassigned,2.0,2.0,0.0,1.0,0.0,0.0,0.0,0.0,0,0,0,1,1
7705,-1,0,-1.4612999,0.18826859,0,1,unassigned,3.0,3.0,0.0,1.0,0.0,0.0,0.001934236,0.0,0,0,0,0,0
7706,-1,1,-0.8852706,0.29208678,0,1,unassigned,37.0,28.0,9.0,0.7567568,0.24324325,0.24324322,0.06769826,0.016467145,1,0,0,0,0
7707,-1,1,-0.8522029,0.29897097,0,1,unassigned,54.0,54.0,0.0,1.0,0.0,0.0,0.10058027,0.0,1,0,0,0,0
7708,-1,1,-0.8065693,0.30862203,0,1,unassigned,36.0,35.0,1.0,0.9722222,0.027777778,0.027777791,0.065764025,0.0018267785,1,0,0,0,0
7709,-1,1,-0.902646,0.28850704,0,1,unassigned,41.0,41.0,0.0,1.0,0.0,0.0,0.07543521,0.0,1,0,0,0,0
7710,-1,1,-0.8777622,0.29364172,0,1,unassigned,105.0,100.0,5.0,0.95238096,0.04761905,0.047619045,0.1992263,0.009486967,1,0,0,0,0
7711,-1,1,6.6626296,0.9987238,1,1,unassigned,15.0,15.0,0.0,1.0,0.0,0.0,0.025145067,0.0,1,0,0,1,1
7712,-1,1,-0.83953893,0.3016319,0,1,unassigned,87.0,86.0,1.0,0.9885057,0.011494253,0.011494279,0.16441005,0.0018897707,1,0,0,0,0
7713,-1,0,-0.55959594,0.36364096,0,1,unassigned,22.0,22.0,0.0,1.0,0.0,0.0,0.03868472,0.0,0,0,0,0,0
7714,-1,1,-0.9107311,0.28685027,0,1,unassigned,93.0,86.0,7.0,0.9247312,0.07526882,0.075268805,0.17601547,0.013248476,1,0,0,0,0
7715,-1,0,1.0325272,0.73740554,1,1,unassigned,3.0,3.0,0.0,1.0,0.0,0.0,0.001934236,0.0,0,0,0,1,0
7716,-1,1,-0.6090643,0.35227272,0,1,unassigned,78.0,76.0,2.0,0.974359,0.025641026,0.025641024,0.14700194,0.0037692804,1,0,0,0,0
7717,-1,1,-0.6646258,0.33970127,0,1,unassigned,4.0,4.0,0.0,1.0,0.0,0.0,0.003868472,0.0,1,0,0,0,0
7718,-1,1,-0.91927445,0.28510574,0,1,unassigned,96.0,96.0,0.0,1.0,0.0,0.0,0.18181819,0.0,1,0,0,0,0
7719,0,1,-0.5262589,0.37138987,0,0,unassigned,28.0,28.0,0.0,1.0,0.0,0.0,0.050290134,0.0,1,0,1,0,0
7720,-1,1,-0.84062374,0.30140343,0,1,unassigned,80.0,77.0,3.0,0.9625,0.0375,0.037500024,0.15087041,0.0056576408,1,0,0,0,0
7721,-1,1,-0.92658293,0.28361848,0,1,unassigned,58.0,57.0,1.0,0.98275864,0.01724138,0.017241359,0.10831721,0.0018675381,1,0,0,0,0
7722,-1,1,4.8430953,0.99217904,1,1,unassigned,10.0,10.0,0.0,1.0,0.0,0.0,0.015473888,0.0,1,0,0,1,1
7723,-1,1,-0.21018958,0.44764522,0,1,unassigned,36.0,34.0,2.0,0.9444444,0.055555556,0.055555582,0.065764025,0.003653557,1,0,0,0,0
7724,1,1,3.183862,0.9602224,1,0,val,6.0,5.0,1.0,0.8333333,0.16666667,0.16666669,0.007736944,0.0012894907,1,0,1,1,1
7725,1,0,-0.18922645,0.45283407,0,1,unassigned,16.0,15.0,1.0,0.9375,0.0625,0.0625,0.027079303,0.0016924564,0,0,0,0,0
7726,0,0,-0.34011927,0.4157805,0,0,test,13.0,12.0,1.0,0.9230769,0.07692308,0.07692307,0.021276595,0.0016366612,0,0,1,0,0
7727,-1,1,-0.88141894,0.2928838,0,1,unassigned,35.0,34.0,1.0,0.9714286,0.028571429,0.028571427,0.06382979,0.0018237082,1,0,0,0,0
7728,-1,1,1.4769609,0.8141131,1,1,unassigned,13.0,13.0,0.0,1.0,0.0,0.0,0.021276595,0.0,1,0,0,1,0
7729,-1,1,-0.72538316,0.32620868,0,1,unassigned,38.0,38.0,0.0,1.0,0.0,0.0,0.06963249,0.0,1,0,0,0,0
7730,-1,1,0.38468713,0.59500307,1,1,unassigned,16.0,16.0,0.0,1.0,0.0,0.0,0.027079303,0.0,1,0,0,1,0
7731,-1,1,-0.9542273,0.27803546,0,1,unassigned,31.0,31.0,0.0,1.0,0.0,0.0,0.056092843,0.0,1,0,0,0,0
7732,-1,0,0.018089533,0.50452226,1,1,unassigned,7.0,7.0,0.0,1.0,0.0,0.0,0.00967118,0.0,0,0,0,1,0
7733,-1,1,-0.79191524,0.31175756,0,1,unassigned,49.0,49.0,0.0,1.0,0.0,0.0,0.09090909,0.0,1,0,0,0,0
7734,-1,0,3.4195974,0.9683114,1,1,unassigned,2.0,2.0,0.0,1.0,0.0,0.0,0.0,0.0,0,0,0,1,1
7735,-1,1,-0.716487,0.32816702,0,1,unassigned,34.0,33.0,1.0,0.9705882,0.029411765,0.029411793,0.061895553,0.0018204574,1,0,0,0,0
7736,-1,0,-0.58397007,0.3580196,0,1,unassigned,10.0,10.0,0.0,1.0,0.0,0.0,0.015473888,0.0,0,0,0,0,0
7737,-1,1,-0.71941996,0.32752073,0,1,unassigned,59.0,58.0,1.0,0.9830508,0.016949153,0.016949177,0.11025145,0.0018686686,1,0,0,0,0
7738,0,0,-0.2689383,0.43316776,0,0,val,7.0,7.0,0.0,1.0,0.0,0.0,0.00967118,0.0,0,0,1,0,0
7739,-1,1,-0.6768866,0.33695653,0,1,unassigned,36.0,35.0,1.0,0.9722222,0.027777778,0.027777791,0.065764025,0.0018267785,1,0,0,0,0
7740,-1,0,-0.46986288,0.38464868,0,1,unassigned,2.0,2.0,0.0,1.0,0.0,0.0,0.0,0.0,0,0,0,0,0
7741,1,1,0.48848182,0.6197488,1,0,test,3.0,2.0,1.0,0.6666667,0.33333334,0.3333333,0.001934236,0.00064474536,1,0,1,1,0
7742,0,0,-0.16575697,0.4586554,0,0,unassigned,8.0,8.0,0.0,1.0,0.0,0.0,0.0116054155,0.0,0,0,1,0,0
7743,0,0,-0.26783305,0.43343917,0,0,val,11.0,11.0,0.0,1.0,0.0,0.0,0.017408123,0.0,0,0,1,0,0
7744,1,0,-0.68706286,0.3346868,0,1,test,140.0,140.0,0.0,1.0,0.0,0.0,0.26692456,0.0,0,0,0,0,0
7745,1,0,0.67864066,0.6634353,1,0,val,22.0,22.0,0.0,1.0,0.0,0.0,0.03868472,0.0,0,0,1,1,0
7746,-1,0,-0.37953675,0.40623862,0,1,unassigned,10.0,10.0,0.0,1.0,0.0,0.0,0.015473888,0.0,0,0,0,0,0
7747,-1,1,3.1903896,0.96047103,1,1,unassigned,3.0,3.0,0.0,1.0,0.0,0.0,0.001934236,0.0,1,0,0,1,1
7748,-1,1,3.1305277,0.9581346,1,1,unassigned,3.0,2.0,1.0,0.6666667,0.33333334,0.3333333,0.001934236,0.00064474536,1,0,0,1,1
7749,-1,0,5.0131807,0.9933942,1,1,unassigned,5.0,4.0,1.0,0.8,0.2,0.19999999,0.0058027077,0.0011605415,0,0,0,1,1
7750,-1,0,-0.14814413,0.4630316,0,1,unassigned,28.0,28.0,0.0,1.0,0.0,0.0,0.050290134,0.0,0,0,0,0,0
7751,-1,0,-0.6642201,0.33979228,0,1,unassigned,77.0,76.0,1.0,0.987013,0.012987013,0.012987018,0.14506769,0.001883996,0,0,0,0,0
7752,-1,1,-0.22615448,0.44370112,0,1,unassigned,40.0,39.0,1.0,0.975,0.025,0.024999976,0.07350097,0.0018375242,1,0,0,0,0
7753,-1,1,0.7880115,0.6874042,1,1,unassigned,8.0,8.0,0.0,1.0,0.0,0.0,0.0116054155,0.0,1,0,0,1,0
7754,1,0,16.166283,0.9999999,1,0,train,3.0,3.0,0.0,1.0,0.0,0.0,0.001934236,0.0,0,0,1,1,1
7755,-1,0,-0.16289133,0.45936698,0,1,unassigned,3.0,3.0,0.0,1.0,0.0,0.0,0.001934236,0.0,0,0,0,0,0
7756,-1,1,1.0793521,0.7463713,1,1,unassigned,16.0,16.0,0.0,1.0,0.0,0.0,0.027079303,0.0,1,0,0,1,0
7757,-1,1,0.60019165,0.6457001,1,1,unassigned,36.0,34.0,2.0,0.9444444,0.055555556,0.055555582,0.065764025,0.003653557,1,0,0,1,0
7758,-1,0,0.9346785,0.7180235,1,1,unassigned,8.0,8.0,0.0,1.0,0.0,0.0,0.0116054155,0.0,0,0,0,1,0
7759,-1,1,-0.4606559,0.38683024,0,1,unassigned,12.0,12.0,0.0,1.0,0.0,0.0,0.01934236,0.0,1,0,0,0,0
7760,-1,1,-0.5357835,0.369169,0,1,unassigned,43.0,43.0,0.0,1.0,0.0,0.0,0.079303674,0.0,1,0,0,0,0
7761,1,1,3.8118308,0.9783705,1,0,test,4.0,4.0,0.0,1.0,0.0,0.0,0.003868472,0.0,1,0,1,1,1
7762,0,0,-1.1747836,0.23599143,0,0,test,2.0,2.0,0.0,1.0,0.0,0.0,0.0,0.0,0,0,1,0,0
7763,-1,0,-0.49154785,0.379529,0,1,unassigned,12.0,12.0,0.0,1.0,0.0,0.0,0.01934236,0.0,0,0,0,0,0
7764,0,0,-0.60367876,0.3535025,0,0,unassigned,18.0,18.0,0.0,1.0,0.0,0.0,0.030947777,0.0,0,0,1,0,0
7765,1,0,-0.47666615,0.38303968,0,1,unassigned,15.0,15.0,0.0,1.0,0.0,0.0,0.025145067,0.0,0,0,0,0,0
7766,-1,0,-0.20542482,0.4488237,0,1,unassigned,22.0,22.0,0.0,1.0,0.0,0.0,0.03868472,0.0,0,0,0,0,0
7767,-1,0,2.44238,0.92000246,1,1,unassigned,14.0,14.0,0.0,1.0,0.0,0.0,0.023210831,0.0,0,0,0,1,1
7768,-1,0,2.901566,0.9479238,1,1,unassigned,10.0,10.0,0.0,1.0,0.0,0.0,0.015473888,0.0,0,0,0,1,1
7769,-1,0,-0.36272,0.41030127,0,1,unassigned,6.0,6.0,0.0,1.0,0.0,0.0,0.007736944,0.0,0,0,0,0,0
7770,1,0,-0.12841845,0.46793944,0,1,val,9.0,9.0,0.0,1.0,0.0,0.0,0.013539651,0.0,0,0,0,0,0
7771,-1,0,-0.2243183,0.44415444,0,1,unassigned,26.0,26.0,0.0,1.0,0.0,0.0,0.046421662,0.0,0,0,0,0,0
7772,-1,0,-0.75100785,0.32060173,0,1,unassigned,5.0,5.0,0.0,1.0,0.0,0.0,0.0058027077,0.0,0,0,0,0,0
7773,-1,0,-0.12871423,0.46786582,0,1,unassigned,27.0,27.0,0.0,1.0,0.0,0.0,0.0483559,0.0,0,0,0,0,0
7774,0,0,1.2986507,0.7856078,1,1,unassigned,20.0,18.0,2.0,0.9,0.1,0.100000024,0.034816246,0.0034816246,0,0,0,1,0
7775,1,0,-0.041714013,0.489573,0,1,test,47.0,47.0,0.0,1.0,0.0,0.0,0.08704062,0.0,0,0,0,0,0
7776,-1,0,-0.47518674,0.38338935,0,1,unassigned,5.0,5.0,0.0,1.0,0.0,0.0,0.0058027077,0.0,0,0,0,0,0
7777,-1,0,0.026233375,0.50655794,1,1,unassigned,4.0,4.0,0.0,1.0,0.0,0.0,0.003868472,0.0,0,0,0,1,0
7778,-1,1,2.5451262,0.9272454,1,1,unassigned,4.0,4.0,0.0,1.0,0.0,0.0,0.003868472,0.0,1,0,0,1,1
7779,-1,0,-0.7526792,0.3202378,0,1,unassigned,9.0,9.0,0.0,1.0,0.0,0.0,0.013539651,0.0,0,0,0,0,0
7780,-1,0,-0.45866334,0.38730296,0,1,unassigned,34.0,34.0,0.0,1.0,0.0,0.0,0.061895553,0.0,0,0,0,0,0
7781,0,0,1.061652,0.7430061,1,1,unassigned,25.0,22.0,3.0,0.88,0.12,0.120000005,0.044487428,0.0053384914,0,0,0,1,0
7782,-1,1,-0.35895827,0.41121176,0,1,unassigned,3.0,3.0,0.0,1.0,0.0,0.0,0.001934236,0.0,1,0,0,0,0
7783,-1,0,-0.29408622,0.42700377,0,1,unassigned,6.0,6.0,0.0,1.0,0.0,0.0,0.007736944,0.0,0,0,0,0,0
7784,0,0,-0.43026808,0.3940623,0,0,val,28.0,28.0,0.0,1.0,0.0,0.0,0.050290134,0.0,0,0,1,0,0
7785,-1,0,-0.59517497,0.35544834,0,1,unassigned,24.0,24.0,0.0,1.0,0.0,0.0,0.04255319,0.0,0,0,0,0,0
7786,0,0,-0.7645227,0.31766516,0,0,test,33.0,32.0,1.0,0.969697,0.030303031,0.030303001,0.059961315,0.0018170096,0,0,1,0,0
7787,-1,0,1.1834443,0.7655665,1,1,unassigned,7.0,6.0,1.0,0.85714287,0.14285715,0.14285713,0.00967118,0.0013815971,0,0,0,1,0
7788,-1,0,6.4597964,0.99843735,1,1,unassigned,4.0,4.0,0.0,1.0,0.0,0.0,0.003868472,0.0,0,0,0,1,1
7789,-1,0,8.05839,0.99968374,1,1,unassigned,4.0,4.0,0.0,1.0,0.0,0.0,0.003868472,0.0,0,0,0,1,1
7790,-1,1,0.17616159,0.5439269,1,1,unassigned,16.0,15.0,1.0,0.9375,0.0625,0.0625,0.027079303,0.0016924564,1,0,0,1,0
7791,-1,0,-0.54363114,0.36734328,0,1,unassigned,43.0,42.0,1.0,0.9767442,0.023255814,0.023255825,0.079303674,0.0018442714,0,0,0,0,0
7792,-1,1,-0.8198528,0.3057949,0,1,unassigned,84.0,84.0,0.0,1.0,0.0,0.0,0.15860735,0.0,1,0,0,0,0
7793,-1,1,-0.9261543,0.28370556,0,1,unassigned,27.0,26.0,1.0,0.962963,0.037037037,0.037037015,0.0483559,0.0017909593,1,0,0,0,0
7794,-1,1,-0.9033842,0.28835553,0,1,unassigned,107.0,107.0,0.0,1.0,0.0,0.0,0.20309478,0.0,1,0,0,0,0
7795,-1,1,-0.95676637,0.27752608,0,1,unassigned,32.0,26.0,6.0,0.8125,0.1875,0.1875,0.058027077,0.010880077,1,0,0,0,0
7796,-1,1,-0.9298011,0.28296503,0,1,unassigned,90.0,90.0,0.0,1.0,0.0,0.0,0.17021276,0.0,1,0,0,0,0
7797,-1,1,-0.7000441,0.33180243,0,1,unassigned,107.0,106.0,1.0,0.99065423,0.009345794,0.00934577,0.20309478,0.001898082,1,0,0,0,0
7798,-1,1,-0.833506,0.30290425,0,1,unassigned,243.0,241.0,2.0,0.99176955,0.008230452,0.008230448,0.46615088,0.0038366327,1,0,0,0,0
7799,-1,1,1.299602,0.78576803,1,1,unassigned,7.0,4.0,3.0,0.5714286,0.42857143,0.4285714,0.00967118,0.0041447915,1,0,0,1,0
7800,1,0,-0.57893986,0.35917658,0,1,unassigned,10.0,9.0,1.0,0.9,0.1,0.100000024,0.015473888,0.0015473888,0,0,0,0,0
7801,-1,1,-0.7729124,0.31584945,0,1,unassigned,28.0,27.0,1.0,0.96428573,0.035714287,0.03571427,0.050290134,0.0017960763,1,0,0,0,0
7802,-1,1,-0.88697296,0.29173487,0,1,unassigned,34.0,32.0,2.0,0.9411765,0.05882353,0.058823526,0.061895553,0.0036409148,1,0,0,0,0
7803,1,0,-0.27913678,0.43066543,0,1,val,21.0,21.0,0.0,1.0,0.0,0.0,0.036750484,0.0,0,0,0,0,0
7804,-1,0,-1.2059231,0.2304232,0,1,unassigned,3.0,3.0,0.0,1.0,0.0,0.0,0.001934236,0.0,0,0,0,0,0
7805,-1,0,-0.38066855,0.40596566,0,1,unassigned,9.0,9.0,0.0,1.0,0.0,0.0,0.013539651,0.0,0,0,0,0,0
7806,-1,1,0.99989253,0.73103744,1,1,unassigned,43.0,43.0,0.0,1.0,0.0,0.0,0.079303674,0.0,1,0,0,1,0
7807,-1,1,-0.90119004,0.288806,0,1,unassigned,11.0,11.0,0.0,1.0,0.0,0.0,0.017408123,0.0,1,0,0,0,0
7808,-1,1,0.04257083,0.5106411,1,1,unassigned,4.0,4.0,0.0,1.0,0.0,0.0,0.003868472,0.0,1,0,0,1,0
7809,-1,0,16.213926,0.9999999,1,1,unassigned,22.0,13.0,9.0,0.59090906,0.4090909,0.40909094,0.03868472,0.015825566,0,0,0,1,1
7810,-1,1,-0.5720673,0.36075994,0,1,unassigned,2.0,1.0,1.0,0.5,0.5,0.5,0.0,0.0,1,0,0,0,0
7811,-1,1,11.890055,0.9999931,1,1,unassigned,2.0,2.0,0.0,1.0,0.0,0.0,0.0,0.0,1,0,0,1,1
7812,-1,0,0.77430385,0.68445116,1,1,unassigned,11.0,11.0,0.0,1.0,0.0,0.0,0.017408123,0.0,0,0,0,1,0
7813,1,1,4.2898793,0.98647875,1,0,unassigned,8.0,7.0,1.0,0.875,0.125,0.125,0.0116054155,0.0014506769,1,0,1,1,1
7814,-1,0,1.4451845,0.8092562,1,1,unassigned,5.0,3.0,2.0,0.6,0.4,0.39999998,0.0058027077,0.002321083,0,0,0,1,0
7815,-1,0,4.4918513,0.9889242,1,1,unassigned,4.0,4.0,0.0,1.0,0.0,0.0,0.003868472,0.0,0,0,0,1,1
7816,-1,0,1.3153188,0.78840184,1,1,unassigned,5.0,5.0,0.0,1.0,0.0,0.0,0.0058027077,0.0,0,0,0,1,0
7817,-1,0,-0.77501357,0.31539556,0,1,unassigned,2.0,2.0,0.0,1.0,0.0,0.0,0.0,0.0,0,0,0,0,0
7818,-1,0,-0.6140213,0.35114244,0,1,unassigned,45.0,45.0,0.0,1.0,0.0,0.0,0.08317215,0.0,0,0,0,0,0
7819,-1,0,-0.7256241,0.3261557,0,1,unassigned,46.0,46.0,0.0,1.0,0.0,0.0,0.08510638,0.0,0,0,0,0,0
7820,-1,0,-0.040255964,0.4899374,0,1,unassigned,108.0,106.0,2.0,0.9814815,0.018518519,0.018518507,0.20502901,0.0037968336,0,0,0,0,0
7821,-1,1,-0.8098254,0.3079277,0,1,unassigned,34.0,25.0,9.0,0.7352941,0.2647059,0.2647059,0.061895553,0.016384117,1,0,0,0,0
7822,1,0,0.45753306,0.6124287,1,0,test,94.0,93.0,1.0,0.9893617,0.010638298,0.010638297,0.17794971,0.0018930819,0,0,1,1,0
7823,0,0,-0.23769867,0.44085354,0,0,val,27.0,27.0,0.0,1.0,0.0,0.0,0.0483559,0.0,0,0,1,0,0
7824,-1,0,-0.84104306,0.30131516,0,1,unassigned,79.0,77.0,2.0,0.9746835,0.025316456,0.025316477,0.14893617,0.003770536,0,0,0,0,0
7825,-1,1,0.21843457,0.5543926,1,1,unassigned,5.0,5.0,0.0,1.0,0.0,0.0,0.0058027077,0.0,1,0,0,1,0
7826,-1,0,-0.7640908,0.31775877,0,1,unassigned,42.0,42.0,0.0,1.0,0.0,0.0,0.07736944,0.0,0,0,0,0,0
7827,-1,0,0.080133796,0.52002275,1,1,unassigned,30.0,29.0,1.0,0.96666664,0.033333335,0.03333336,0.054158606,0.001805287,0,0,0,1,0
7828,-1,1,-0.027070224,0.49323282,0,1,unassigned,2.0,2.0,0.0,1.0,0.0,0.0,0.0,0.0,1,0,0,0,0
7829,-1,0,-0.9086041,0.28728557,0,1,unassigned,43.0,41.0,2.0,0.95348835,0.046511628,0.04651165,0.079303674,0.0036885429,0,0,0,0,0
7830,-1,0,-0.4852351,0.38101667,0,1,unassigned,15.0,14.0,1.0,0.93333334,0.06666667,0.06666666,0.025145067,0.0016763379,0,0,0,0,0
7831,-1,0,0.0849939,0.5212357,1,1,unassigned,16.0,14.0,2.0,0.875,0.125,0.125,0.027079303,0.0033849129,0,0,0,1,0
7832,-1,0,-0.19631201,0.451079,0,1,unassigned,15.0,15.0,0.0,1.0,0.0,0.0,0.025145067,0.0,0,0,0,0,0
7833,0,0,1.1768022,0.76437235,1,1,unassigned,31.0,31.0,0.0,1.0,0.0,0.0,0.056092843,0.0,0,0,0,1,0
7834,-1,1,-0.06947166,0.482639,0,1,unassigned,5.0,4.0,1.0,0.8,0.2,0.19999999,0.0058027077,0.0011605415,1,0,0,0,0
7835,-1,0,-0.03006953,0.4924832,0,1,unassigned,35.0,27.0,8.0,0.7714286,0.22857143,0.22857141,0.06382979,0.014589665,0,0,0,0,0
7836,-1,0,3.4381015,0.96887434,1,1,unassigned,6.0,6.0,0.0,1.0,0.0,0.0,0.007736944,0.0,0,0,0,1,1
7837,-1,1,0.27276075,0.56777054,1,1,unassigned,3.0,2.0,1.0,0.6666667,0.33333334,0.3333333,0.001934236,0.00064474536,1,0,0,1,0
7838,-1,0,4.1020484,0.9837303,1,1,unassigned,3.0,3.0,0.0,1.0,0.0,0.0,0.001934236,0.0,0,0,0,1,1
7839,-1,0,3.3513186,0.966148,1,1,unassigned,6.0,5.0,1.0,0.8333333,0.16666667,0.16666669,0.007736944,0.0012894907,0,0,0,1,1
7840,-1,1,0.10210043,0.525503,1,1,unassigned,28.0,26.0,2.0,0.9285714,0.071428575,0.0714286,0.050290134,0.0035921526,1,0,0,1,0
7841,-1,0,1.4306395,0.807001,1,1,unassigned,12.0,11.0,1.0,0.9166667,0.083333336,0.08333331,0.01934236,0.0016118633,0,0,0,1,0
7842,-1,0,-0.3067687,0.42390367,0,1,unassigned,9.0,7.0,2.0,0.7777778,0.22222222,0.22222221,0.013539651,0.0030088115,0,0,0,0,0
7843,-1,1,-0.17584848,0.4561508,0,1,unassigned,3.0,3.0,0.0,1.0,0.0,0.0,0.001934236,0.0,1,0,0,0,0
7844,-1,0,3.076648,0.95591915,1,1,unassigned,8.0,8.0,0.0,1.0,0.0,0.0,0.0116054155,0.0,0,0,0,1,1
7845,-1,0,7.9657674,0.999653,1,1,unassigned,11.0,9.0,2.0,0.8181818,0.18181819,0.18181819,0.017408123,0.0031651135,0,0,0,1,1
7846,-1,0,-0.80469143,0.30902287,0,1,unassigned,65.0,63.0,2.0,0.9692308,0.03076923,0.030769229,0.12185687,0.003749442,0,0,0,0,0
7847,-1,0,-0.25281087,0.4371318,0,1,unassigned,3.0,3.0,0.0,1.0,0.0,0.0,0.001934236,0.0,0,0,0,0,0
7848,1,0,-0.39020494,0.403668,0,1,test,2.0,2.0,0.0,1.0,0.0,0.0,0.0,0.0,0,0,0,0,0
7849,-1,0,0.040930986,0.5102313,1,1,unassigned,11.0,9.0,2.0,0.8181818,0.18181819,0.18181819,0.017408123,0.0031651135,0,0,0,1,0
7850,-1,0,-0.015726984,0.49606836,0,1,unassigned,15.0,14.0,1.0,0.93333334,0.06666667,0.06666666,0.025145067,0.0016763379,0,0,0,0,0
7851,-1,1,0.41598874,0.60252297,1,1,unassigned,26.0,25.0,1.0,0.96153843,0.03846154,0.038461566,0.046421662,0.0017854486,1,0,0,1,0
7852,-1,0,-0.48455092,0.38117808,0,1,unassigned,45.0,45.0,0.0,1.0,0.0,0.0,0.08317215,0.0,0,0,0,0,0
7853,-1,0,-0.68708724,0.33468136,0,1,unassigned,2.0,2.0,0.0,1.0,0.0,0.0,0.0,0.0,0,0,0,0,0
7854,-1,1,4.4243655,0.98816,1,1,unassigned,18.0,17.0,1.0,0.9444444,0.055555556,0.055555582,0.030947777,0.0017193209,1,0,0,1,1
7855,0,0,-0.28733125,0.42865732,0,0,val,4.0,4.0,0.0,1.0,0.0,0.0,0.003868472,0.0,0,0,1,0,0
7856,-1,0,-0.4651067,0.38577506,0,1,unassigned,5.0,5.0,0.0,1.0,0.0,0.0,0.0058027077,0.0,0,0,0,0,0
7857,-1,0,8.82588,0.99985313,1,1,unassigned,3.0,3.0,0.0,1.0,0.0,0.0,0.001934236,0.0,0,0,0,1,1
7858,-1,1,-0.65132993,0.3426899,0,1,unassigned,10.0,9.0,1.0,0.9,0.1,0.100000024,0.015473888,0.0015473888,1,0,0,0,0
7859,1,1,-1.5406684,0.17643814,0,1,unassigned,2.0,2.0,0.0,1.0,0.0,0.0,0.0,0.0,1,0,0,0,0
7860,-1,0,0.33944452,0.5840556,1,1,unassigned,49.0,47.0,2.0,0.9591837,0.040816326,0.040816307,0.09090909,0.0037105752,0,0,0,1,0
7861,1,0,-0.34119543,0.41551912,0,1,unassigned,6.0,6.0,0.0,1.0,0.0,0.0,0.007736944,0.0,0,0,0,0,0
7862,-1,1,12.112387,0.9999945,1,1,unassigned,2.0,2.0,0.0,1.0,0.0,0.0,0.0,0.0,1,0,0,1,1
7863,-1,0,5.607124,0.99634176,1,1,unassigned,25.0,19.0,6.0,0.76,0.24,0.24000001,0.044487428,0.010676983,0,0,0,1,1
7864,-1,0,-0.7659637,0.3173529,0,1,unassigned,15.0,12.0,3.0,0.8,0.2,0.19999999,0.025145067,0.0050290134,0,0,0,0,0
7865,-1,0,-0.53075,0.370342,0,1,unassigned,15.0,15.0,0.0,1.0,0.0,0.0,0.025145067,0.0,0,0,0,0,0
7866,-1,0,0.8578029,0.70220137,1,1,unassigned,39.0,39.0,0.0,1.0,0.0,0.0,0.07156673,0.0,0,0,0,1,0
7867,-1,1,-0.10391605,0.47404432,0,1,unassigned,10.0,9.0,1.0,0.9,0.1,0.100000024,0.015473888,0.0015473888,1,0,0,0,0
7868,0,0,-0.7882603,0.31254232,0,0,test,2.0,1.0,1.0,0.5,0.5,0.5,0.0,0.0,0,0,1,0,0
7869,-1,0,-0.09408325,0.47649652,0,1,unassigned,29.0,28.0,1.0,0.9655172,0.03448276,0.034482777,0.05222437,0.0018008404,0,0,0,0,0
7870,-1,1,-0.1259777,0.46854717,0,1,unassigned,7.0,7.0,0.0,1.0,0.0,0.0,0.00967118,0.0,1,0,0,0,0
7871,-1,0,0.06867868,0.5171629,1,1,unassigned,7.0,7.0,0.0,1.0,0.0,0.0,0.00967118,0.0,0,0,0,1,0
7872,-1,0,3.674134,0.97525644,1,1,unassigned,7.0,7.0,0.0,1.0,0.0,0.0,0.00967118,0.0,0,0,0,1,1
7873,-1,0,-0.96811175,0.27525702,0,1,unassigned,8.0,8.0,0.0,1.0,0.0,0.0,0.0116054155,0.0,0,0,0,0,0
7874,-1,0,8.754469,0.9998423,1,1,unassigned,2.0,2.0,0.0,1.0,0.0,0.0,0.0,0.0,0,0,0,1,1
7875,-1,1,-0.11420065,0.47148085,0,1,unassigned,12.0,12.0,0.0,1.0,0.0,0.0,0.01934236,0.0,1,0,0,0,0
7876,-1,0,-0.821054,0.30553997,0,1,unassigned,31.0,31.0,0.0,1.0,0.0,0.0,0.056092843,0.0,0,0,0,0,0
7877,-1,1,-0.21296886,0.4469581,0,1,unassigned,38.0,38.0,0.0,1.0,0.0,0.0,0.06963249,0.0,1,0,0,0,0
7878,-1,1,-0.57339567,0.36045367,0,1,unassigned,20.0,20.0,0.0,1.0,0.0,0.0,0.034816246,0.0,1,0,0,0,0
7879,-1,1,-0.7269478,0.32586488,0,1,unassigned,16.0,14.0,2.0,0.875,0.125,0.125,0.027079303,0.0033849129,1,0,0,0,0
7880,-1,0,-0.8067226,0.30858934,0,1,unassigned,126.0,121.0,5.0,0.96031743,0.03968254,0.039682567,0.23984526,0.00951767,0,0,0,0,0
7881,-1,1,-0.6511406,0.34273255,0,1,unassigned,41.0,39.0,2.0,0.9512195,0.048780486,0.0487805,0.07543521,0.003679766,1,0,0,0,0
7882,-1,1,1.3646955,0.7965218,1,1,unassigned,4.0,4.0,0.0,1.0,0.0,0.0,0.003868472,0.0,1,0,0,1,0
7883,-1,0,0.59776026,0.64514375,1,1,unassigned,3.0,2.0,1.0,0.6666667,0.33333334,0.3333333,0.001934236,0.00064474536,0,0,0,1,0
7884,-1,0,-0.37777478,0.4066637,0,1,unassigned,2.0,2.0,0.0,1.0,0.0,0.0,0.0,0.0,0,0,0,0,0
7885,-1,0,-0.20059878,0.45001778,0,1,unassigned,2.0,2.0,0.0,1.0,0.0,0.0,0.0,0.0,0,0,0,0,0
7886,-1,0,1.1932979,0.7673304,1,1,unassigned,6.0,6.0,0.0,1.0,0.0,0.0,0.007736944,0.0,0,0,0,1,0
7887,-1,0,4.274369,0.98627037,1,1,unassigned,2.0,2.0,0.0,1.0,0.0,0.0,0.0,0.0,0,0,0,1,1
7888,0,0,-0.5190643,0.37307107,0,0,val,9.0,8.0,1.0,0.8888889,0.11111111,0.111111104,0.013539651,0.0015044058,0,0,1,0,0
7889,-1,0,2.742081,0.93946457,1,1,unassigned,5.0,4.0,1.0,0.8,0.2,0.19999999,0.0058027077,0.0011605415,0,0,0,1,1
7890,-1,0,9.638685,0.9999348,1,1,unassigned,2.0,2.0,0.0,1.0,0.0,0.0,0.0,0.0,0,0,0,1,1
7891,1,1,-0.38095826,0.4058958,0,1,unassigned,27.0,25.0,2.0,0.9259259,0.074074075,0.07407409,0.0483559,0.0035819185,1,0,0,0,0
7892,-1,0,-0.3214201,0.4203297,0,1,unassigned,13.0,13.0,0.0,1.0,0.0,0.0,0.021276595,0.0,0,0,0,0,0
7893,-1,0,9.607243,0.99993277,1,1,unassigned,2.0,2.0,0.0,1.0,0.0,0.0,0.0,0.0,0,0,0,1,1
7894,-1,0,-0.25855017,0.43572015,0,1,unassigned,13.0,13.0,0.0,1.0,0.0,0.0,0.021276595,0.0,0,0,0,0,0
7895,-1,0,2.0410335,0.8850385,1,1,unassigned,10.0,9.0,1.0,0.9,0.1,0.100000024,0.015473888,0.0015473888,0,0,0,1,0
7896,-1,0,0.4239537,0.60442895,1,1,unassigned,3.0,2.0,1.0,0.6666667,0.33333334,0.3333333,0.001934236,0.00064474536,0,0,0,1,0
7897,-1,0,-0.7299382,0.32520828,0,1,unassigned,2.0,2.0,0.0,1.0,0.0,0.0,0.0,0.0,0,0,0,0,0
7898,-1,0,-0.060410917,0.48490185,0,1,unassigned,2.0,2.0,0.0,1.0,0.0,0.0,0.0,0.0,0,0,0,0,0
7899,-1,1,4.9352427,0.99286264,1,1,unassigned,2.0,2.0,0.0,1.0,0.0,0.0,0.0,0.0,1,0,0,1,1
7900,-1,1,-0.761271,0.31837037,0,1,unassigned,25.0,25.0,0.0,1.0,0.0,0.0,0.044487428,0.0,1,0,0,0,0
7901,1,1,5.476771,0.9958346,1,0,val,37.0,31.0,6.0,0.8378378,0.16216215,0.16216218,0.06769826,0.010978096,1,0,1,1,1
7902,-1,0,0.032505214,0.5081256,1,1,unassigned,40.0,40.0,0.0,1.0,0.0,0.0,0.07350097,0.0,0,0,0,1,0
7903,-1,1,0.5304559,0.62958944,1,1,unassigned,43.0,40.0,3.0,0.9302326,0.069767445,0.069767416,0.079303674,0.0055328147,1,0,0,1,0
7904,-1,1,0.63474077,0.6535636,1,1,unassigned,7.0,7.0,0.0,1.0,0.0,0.0,0.00967118,0.0,1,0,0,1,0
7905,-1,1,-0.85102314,0.2992183,0,1,unassigned,27.0,26.0,1.0,0.962963,0.037037037,0.037037015,0.0483559,0.0017909593,1,0,0,0,0
7906,-1,0,0.8589167,0.7024343,1,1,unassigned,7.0,6.0,1.0,0.85714287,0.14285715,0.14285713,0.00967118,0.0013815971,0,0,0,1,0
7907,-1,1,5.6836085,0.9966102,1,1,unassigned,4.0,4.0,0.0,1.0,0.0,0.0,0.003868472,0.0,1,0,0,1,1
7908,-1,0,3.1058152,0.957132,1,1,unassigned,3.0,3.0,0.0,1.0,0.0,0.0,0.001934236,0.0,0,0,0,1,1
7909,-1,0,5.111591,0.9940096,1,1,unassigned,4.0,4.0,0.0,1.0,0.0,0.0,0.003868472,0.0,0,0,0,1,1
7910,1,0,-0.16308692,0.4593184,0,1,test,6.0,5.0,1.0,0.8333333,0.16666667,0.16666669,0.007736944,0.0012894907,0,0,0,0,0
7911,-1,0,3.9414175,0.98094934,1,1,unassigned,9.0,9.0,0.0,1.0,0.0,0.0,0.013539651,0.0,0,0,0,1,1
7912,-1,1,2.6978068,0.93689716,1,1,unassigned,3.0,2.0,1.0,0.6666667,0.33333334,0.3333333,0.001934236,0.00064474536,1,0,0,1,1
7913,-1,0,0.71955806,0.6725097,1,1,unassigned,7.0,7.0,0.0,1.0,0.0,0.0,0.00967118,0.0,0,0,0,1,0
7914,-1,0,1.1168628,0.75340635,1,1,unassigned,3.0,3.0,0.0,1.0,0.0,0.0,0.001934236,0.0,0,0,0,1,0
7915,-1,0,-0.5025572,0.37693992,0,1,unassigned,2.0,2.0,0.0,1.0,0.0,0.0,0.0,0.0,0,0,0,0,0
7916,-1,0,-0.35105914,0.4131256,0,1,unassigned,3.0,3.0,0.0,1.0,0.0,0.0,0.001934236,0.0,0,0,0,0,0
7917,-1,0,3.8581593,0.97932947,1,1,unassigned,6.0,5.0,1.0,0.8333333,0.16666667,0.16666669,0.007736944,0.0012894907,0,0,0,1,1
7918,-1,0,4.1353602,0.98425496,1,1,unassigned,2.0,2.0,0.0,1.0,0.0,0.0,0.0,0.0,0,0,0,1,1
7919,-1,0,0.14366716,0.5358551,1,1,unassigned,2.0,2.0,0.0,1.0,0.0,0.0,0.0,0.0,0,0,0,1,0
7920,-1,0,5.8427386,0.99710757,1,1,unassigned,4.0,4.0,0.0,1.0,0.0,0.0,0.003868472,0.0,0,0,0,1,1
7921,-1,1,-0.9786056,0.27316853,0,1,unassigned,3.0,3.0,0.0,1.0,0.0,0.0,0.001934236,0.0,1,0,0,0,0
7922,-1,1,1.0870202,0.7478202,1,1,unassigned,2.0,2.0,0.0,1.0,0.0,0.0,0.0,0.0,1,0,0,1,0
7923,-1,1,0.4153161,0.60236186,1,1,unassigned,4.0,4.0,0.0,1.0,0.0,0.0,0.003868472,0.0,1,0,0,1,0
7924,-1,0,2.3795893,0.91525763,1,1,unassigned,6.0,6.0,0.0,1.0,0.0,0.0,0.007736944,0.0,0,0,0,1,1
7925,1,0,0.92119986,0.71528655,1,0,unassigned,3.0,3.0,0.0,1.0,0.0,0.0,0.001934236,0.0,0,0,1,1,0
7926,-1,1,-0.4437115,0.39085695,0,1,unassigned,5.0,5.0,0.0,1.0,0.0,0.0,0.0058027077,0.0,1,0,0,0,0
7927,1,0,4.4858317,0.988858,1,0,train,11.0,11.0,0.0,1.0,0.0,0.0,0.017408123,0.0,0,0,1,1,1
7928,-1,1,-0.48400334,0.3813072,0,1,unassigned,32.0,32.0,0.0,1.0,0.0,0.0,0.058027077,0.0,1,0,0,0,0
7929,-1,1,-0.6843679,0.33528715,0,1,unassigned,16.0,16.0,0.0,1.0,0.0,0.0,0.027079303,0.0,1,0,0,0,0
7930,1,0,13.928938,0.99999917,1,0,val,8.0,8.0,0.0,1.0,0.0,0.0,0.0116054155,0.0,0,0,1,1,1
7931,-1,1,0.297638,0.573865,1,1,unassigned,8.0,6.0,2.0,0.75,0.25,0.25,0.0116054155,0.0029013539,1,0,0,1,0
7932,-1,0,-0.58370197,0.3580812,0,1,unassigned,5.0,4.0,1.0,0.8,0.2,0.19999999,0.0058027077,0.0011605415,0,0,0,0,0
7933,-1,0,-0.9186806,0.2852268,0,1,unassigned,20.0,20.0,0.0,1.0,0.0,0.0,0.034816246,0.0,0,0,0,0,0
7934,-1,0,0.35048044,0.58673406,1,1,unassigned,19.0,15.0,4.0,0.7894737,0.21052632,0.21052629,0.032882012,0.006922529,0,0,0,1,0
7935,-1,1,0.37902063,0.5936369,1,1,unassigned,6.0,6.0,0.0,1.0,0.0,0.0,0.007736944,0.0,1,0,0,1,0
7936,-1,0,-0.5919631,0.35618457,0,1,unassigned,56.0,56.0,0.0,1.0,0.0,0.0,0.10444874,0.0,0,0,0,0,0
7937,-1,0,-0.49874717,0.37783512,0,1,unassigned,16.0,16.0,0.0,1.0,0.0,0.0,0.027079303,0.0,0,0,0,0,0
7938,-1,1,3.346994,0.9660063,1,1,unassigned,44.0,44.0,0.0,1.0,0.0,0.0,0.08123791,0.0,1,0,0,1,1
7939,-1,1,-0.098991215,0.4752724,0,1,unassigned,28.0,28.0,0.0,1.0,0.0,0.0,0.050290134,0.0,1,0,0,0,0
7940,-1,1,-0.32491913,0.41947737,0,1,unassigned,33.0,31.0,2.0,0.93939394,0.060606062,0.060606062,0.059961315,0.0036340193,1,0,0,0,0
7941,1,1,-0.82045066,0.305668,0,1,test,106.0,104.0,2.0,0.9811321,0.018867925,0.01886791,0.20116054,0.0037954818,1,0,0,0,0
7942,-1,1,2.2643998,0.90588546,1,1,unassigned,26.0,24.0,2.0,0.9230769,0.07692308,0.07692307,0.046421662,0.0035708973,1,0,0,1,1
7943,0,0,-0.39444995,0.4026465,0,0,test,15.0,15.0,0.0,1.0,0.0,0.0,0.025145067,0.0,0,0,1,0,0
7944,-1,0,-0.20389098,0.44920307,0,1,unassigned,2.0,2.0,0.0,1.0,0.0,0.0,0.0,0.0,0,0,0,0,0
7945,-1,0,-0.47815615,0.3826876,0,1,unassigned,2.0,2.0,0.0,1.0,0.0,0.0,0.0,0.0,0,0,0,0,0
7946,-1,0,-0.08391774,0.47903287,0,1,unassigned,3.0,3.0,0.0,1.0,0.0,0.0,0.001934236,0.0,0,0,0,0,0
7947,-1,0,-0.08538407,0.47866696,0,1,unassigned,10.0,10.0,0.0,1.0,0.0,0.0,0.015473888,0.0,0,0,0,0,0
7948,-1,0,6.395332,0.9983335,1,1,unassigned,2.0,2.0,0.0,1.0,0.0,0.0,0.0,0.0,0,0,0,1,1
7949,-1,1,-0.7339927,0.32431915,0,1,unassigned,21.0,20.0,1.0,0.95238096,0.04761905,0.047619045,0.036750484,0.0017500231,1,0,0,0,0
7950,0,0,-0.08083424,0.4798024,0,0,train,15.0,15.0,0.0,1.0,0.0,0.0,0.025145067,0.0,0,0,1,0,0
7951,-1,1,2.503021,0.9243533,1,1,unassigned,19.0,19.0,0.0,1.0,0.0,0.0,0.032882012,0.0,1,0,0,1,1
7952,-1,1,-0.4187854,0.3968074,0,1,unassigned,3.0,3.0,0.0,1.0,0.0,0.0,0.001934236,0.0,1,0,0,0,0
7953,-1,1,-0.77075154,0.31631655,0,1,unassigned,29.0,22.0,7.0,0.7586207,0.2413793,0.24137932,0.05222437,0.012605882,1,0,0,0,0
7954,0,0,0.5182088,0.62672883,1,1,test,20.0,20.0,0.0,1.0,0.0,0.0,0.034816246,0.0,0,0,0,1,0
7955,-1,1,3.1211216,0.9577556,1,1,unassigned,11.0,11.0,0.0,1.0,0.0,0.0,0.017408123,0.0,1,0,0,1,1
7956,-1,1,-0.8707447,0.29509938,0,1,unassigned,23.0,23.0,0.0,1.0,0.0,0.0,0.040618956,0.0,1,0,0,0,0
7957,-1,0,-0.41341412,0.39809376,0,1,unassigned,49.0,49.0,0.0,1.0,0.0,0.0,0.09090909,0.0,0,0,0,0,0
7958,-1,1,1.7059729,0.84631324,1,1,unassigned,8.0,8.0,0.0,1.0,0.0,0.0,0.0116054155,0.0,1,0,0,1,0
7959,-1,0,-0.44750094,0.3899551,0,1,unassigned,9.0,9.0,0.0,1.0,0.0,0.0,0.013539651,0.0,0,0,0,0,0
7960,-1,0,2.065739,0.8875283,1,1,unassigned,7.0,6.0,1.0,0.85714287,0.14285715,0.14285713,0.00967118,0.0013815971,0,0,0,1,0
7961,-1,1,0.81127435,0.69238096,1,1,unassigned,3.0,2.0,1.0,0.6666667,0.33333334,0.3333333,0.001934236,0.00064474536,1,0,0,1,0
7962,-1,1,-0.7725214,0.3159339,0,1,unassigned,16.0,14.0,2.0,0.875,0.125,0.125,0.027079303,0.0033849129,1,0,0,0,0
7963,-1,0,-0.82454956,0.30479875,0,1,unassigned,22.0,22.0,0.0,1.0,0.0,0.0,0.03868472,0.0,0,0,0,0,0
7964,-1,0,-0.63326067,0.34677157,0,1,unassigned,24.0,24.0,0.0,1.0,0.0,0.0,0.04255319,0.0,0,0,0,0,0
7965,0,0,-0.6285178,0.3478467,0,0,test,62.0,61.0,1.0,0.983871,0.016129032,0.016129017,0.116054155,0.0018718411,0,0,1,0,0
7966,-1,0,2.6517665,0.9341198,1,1,unassigned,5.0,4.0,1.0,0.8,0.2,0.19999999,0.0058027077,0.0011605415,0,0,0,1,1
7967,-1,1,-0.8881294,0.291496,0,1,unassigned,2.0,2.0,0.0,1.0,0.0,0.0,0.0,0.0,1,0,0,0,0
7968,-1,1,0.89122635,0.7091432,1,1,unassigned,2.0,2.0,0.0,1.0,0.0,0.0,0.0,0.0,1,0,0,1,0
7969,-1,1,-0.15484238,0.4613666,0,1,unassigned,4.0,4.0,0.0,1.0,0.0,0.0,0.003868472,0.0,1,0,0,0,0
7970,0,0,-0.635988,0.34615403,0,0,val,10.0,10.0,0.0,1.0,0.0,0.0,0.015473888,0.0,0,0,1,0,0
7971,-1,0,-0.6036124,0.35351768,0,1,unassigned,18.0,16.0,2.0,0.8888889,0.11111111,0.111111104,0.030947777,0.0034386418,0,0,0,0,0
7972,-1,0,-0.5803201,0.3588589,0,1,unassigned,17.0,17.0,0.0,1.0,0.0,0.0,0.029013539,0.0,0,0,0,0,0
7973,-1,0,-0.32082933,0.42047366,0,1,unassigned,18.0,18.0,0.0,1.0,0.0,0.0,0.030947777,0.0,0,0,0,0,0
7974,-1,1,1.7409601,0.850809,1,1,unassigned,12.0,11.0,1.0,0.9166667,0.083333336,0.08333331,0.01934236,0.0016118633,1,0,0,1,0
7975,-1,0,-0.30284405,0.42486235,0,1,unassigned,5.0,5.0,0.0,1.0,0.0,0.0,0.0058027077,0.0,0,0,0,0,0
7976,-1,0,0.2574721,0.5640148,1,1,unassigned,6.0,6.0,0.0,1.0,0.0,0.0,0.007736944,0.0,0,0,0,1,0
7977,-1,0,-0.6598183,0.34078044,0,1,unassigned,25.0,25.0,0.0,1.0,0.0,0.0,0.044487428,0.0,0,0,0,0,0
7978,0,0,-0.577819,0.35943457,0,0,unassigned,17.0,15.0,2.0,0.88235295,0.11764706,0.11764705,0.029013539,0.0034133575,0,0,1,0,0
7979,1,0,-0.40840042,0.39929575,0,1,train,15.0,12.0,3.0,0.8,0.2,0.19999999,0.025145067,0.0050290134,0,0,0,0,0
7980,-1,0,0.9030586,0.71157765,1,1,unassigned,16.0,16.0,0.0,1.0,0.0,0.0,0.027079303,0.0,0,0,0,1,0
7981,-1,0,2.9073918,0.94821066,1,1,unassigned,2.0,2.0,0.0,1.0,0.0,0.0,0.0,0.0,0,0,0,1,1
7982,-1,0,4.1666894,0.98473316,1,1,unassigned,3.0,3.0,0.0,1.0,0.0,0.0,0.001934236,0.0,0,0,0,1,1
7983,-1,1,2.1918385,0.89951426,1,1,unassigned,3.0,2.0,1.0,0.6666667,0.33333334,0.3333333,0.001934236,0.00064474536,1,0,0,1,0
7984,-1,1,0.53746635,0.63122284,1,1,unassigned,25.0,23.0,2.0,0.92,0.08,0.07999998,0.044487428,0.003558994,1,0,0,1,0
7985,-1,0,4.133275,0.9842226,1,1,unassigned,2.0,2.0,0.0,1.0,0.0,0.0,0.0,0.0,0,0,0,1,1
7986,-1,0,0.5245213,0.6282044,1,1,unassigned,13.0,13.0,0.0,1.0,0.0,0.0,0.021276595,0.0,0,0,0,1,0
7987,-1,0,-0.27248964,0.43229595,0,1,unassigned,2.0,2.0,0.0,1.0,0.0,0.0,0.0,0.0,0,0,0,0,0
7988,-1,0,-0.3005665,0.42541903,0,1,unassigned,38.0,38.0,0.0,1.0,0.0,0.0,0.06963249,0.0,0,0,0,0,0
7989,1,0,1.5400774,0.82347596,1,0,test,8.0,8.0,0.0,1.0,0.0,0.0,0.0116054155,0.0,0,0,1,1,0
7990,1,1,-0.4496203,0.38945106,0,1,unassigned,20.0,20.0,0.0,1.0,0.0,0.0,0.034816246,0.0,1,0,0,0,0
7991,-1,0,4.178332,0.98490727,1,1,unassigned,67.0,66.0,1.0,0.98507464,0.014925373,0.014925361,0.12572534,0.0018764976,0,0,0,1,1
7992,-1,0,3.196007,0.96068376,1,1,unassigned,2.0,2.0,0.0,1.0,0.0,0.0,0.0,0.0,0,0,0,1,1
7993,-1,0,-0.79630876,0.31081566,0,1,unassigned,31.0,29.0,2.0,0.9354839,0.06451613,0.06451613,0.056092843,0.003618893,0,0,0,0,0
7994,-1,1,-0.16728511,0.45827597,0,1,unassigned,8.0,8.0,0.0,1.0,0.0,0.0,0.0116054155,0.0,1,0,0,0,0
7995,-1,0,-0.96667784,0.27554318,0,1,unassigned,27.0,27.0,0.0,1.0,0.0,0.0,0.0483559,0.0,0,0,0,0,0
7996,0,0,-0.8989174,0.28927302,0,0,val,2.0,2.0,0.0,1.0,0.0,0.0,0.0,0.0,0,0,1,0,0
7997,-1,1,4.2324524,0.985691,1,1,unassigned,7.0,7.0,0.0,1.0,0.0,0.0,0.00967118,0.0,1,0,0,1,1
7998,-1,0,9.16699,0.9998956,1,1,unassigned,9.0,6.0,3.0,0.6666667,0.33333334,0.3333333,0.013539651,0.004513217,0,0,0,1,1
7999,-1,0,-0.2523895,0.43723544,0,1,unassigned,3.0,3.0,0.0,1.0,0.0,0.0,0.001934236,0.0,0,0,0,0,0
8000,-1,0,-0.26891923,0.43317243,0,1,unassigned,9.0,8.0,1.0,0.8888889,0.11111111,0.111111104,0.013539651,0.0015044058,0,0,0,0,0
8001,-1,0,1.5957198,0.83141935,1,1,unassigned,2.0,2.0,0.0,1.0,0.0,0.0,0.0,0.0,0,0,0,1,0
8002,1,0,-0.21429777,0.4466296,0,1,train,51.0,50.0,1.0,0.98039216,0.019607844,0.019607842,0.09477756,0.0018583836,0,0,0,0,0
8003,-1,0,-0.3965769,0.40213504,0,1,unassigned,35.0,35.0,0.0,1.0,0.0,0.0,0.06382979,0.0,0,0,0,0,0
8004,-1,0,-0.7856541,0.31310257,0,1,unassigned,141.0,139.0,2.0,0.9858156,0.014184397,0.014184415,0.2688588,0.0038135997,0,0,0,0,0
8005,-1,0,-0.9283855,0.2832524,0,1,unassigned,3.0,3.0,0.0,1.0,0.0,0.0,0.001934236,0.0,0,0,0,0,0
8006,-1,0,0.12427759,0.53102946,1,1,unassigned,4.0,4.0,0.0,1.0,0.0,0.0,0.003868472,0.0,0,0,0,1,0
8007,-1,0,-0.8771663,0.29376534,0,1,unassigned,4.0,4.0,0.0,1.0,0.0,0.0,0.003868472,0.0,0,0,0,0,0
8008,-1,0,-0.33258632,0.41761145,0,1,unassigned,66.0,65.0,1.0,0.9848485,0.015151516,0.015151501,0.123791106,0.0018756229,0,0,0,0,0
8009,-1,0,-0.28431317,0.4293967,0,1,unassigned,24.0,24.0,0.0,1.0,0.0,0.0,0.04255319,0.0,0,0,0,0,0
8010,1,0,0.24605626,0.56120557,1,0,unassigned,5.0,5.0,0.0,1.0,0.0,0.0,0.0058027077,0.0,0,0,1,1,0
8011,-1,0,2.1328623,0.89405644,1,1,unassigned,5.0,5.0,0.0,1.0,0.0,0.0,0.0058027077,0.0,0,0,0,1,0
8012,0,1,-0.5605359,0.36342347,0,0,test,20.0,19.0,1.0,0.95,0.05,0.050000012,0.034816246,0.0017408123,1,0,1,0,0
8013,-1,0,3.5017035,0.9707362,1,1,unassigned,27.0,25.0,2.0,0.9259259,0.074074075,0.07407409,0.0483559,0.0035819185,0,0,0,1,1
8014,-1,1,-0.5510663,0.36561707,0,1,unassigned,71.0,67.0,4.0,0.943662,0.056338027,0.056338012,0.13346228,0.0075190016,1,0,0,0,0
8015,-1,1,-0.74333245,0.32227585,0,1,unassigned,18.0,16.0,2.0,0.8888889,0.11111111,0.111111104,0.030947777,0.0034386418,1,0,0,0,0
8016,-1,1,-0.34837544,0.41377643,0,1,unassigned,20.0,19.0,1.0,0.95,0.05,0.050000012,0.034816246,0.0017408123,1,0,0,0,0
8017,-1,1,3.8270347,0.97868997,1,1,unassigned,3.0,3.0,0.0,1.0,0.0,0.0,0.001934236,0.0,1,0,0,1,1
8018,-1,0,1.2792988,0.7823304,1,1,unassigned,2.0,2.0,0.0,1.0,0.0,0.0,0.0,0.0,0,0,0,1,0
8019,-1,0,2.89934,0.9478138,1,1,unassigned,4.0,4.0,0.0,1.0,0.0,0.0,0.003868472,0.0,0,0,0,1,1
8020,1,0,2.117478,0.89259034,1,0,test,3.0,3.0,0.0,1.0,0.0,0.0,0.001934236,0.0,0,0,1,1,0
8021,-1,0,0.9968304,0.7304349,1,1,unassigned,7.0,7.0,0.0,1.0,0.0,0.0,0.00967118,0.0,0,0,0,1,0
8022,-1,0,3.6597588,0.97490716,1,1,unassigned,16.0,13.0,3.0,0.8125,0.1875,0.1875,0.027079303,0.0050773695,0,0,0,1,1
8023,-1,1,5.319037,0.99512637,1,1,unassigned,34.0,32.0,2.0,0.9411765,0.05882353,0.058823526,0.061895553,0.0036409148,1,0,0,1,1
8024,-1,0,0.63865024,0.6544483,1,1,unassigned,76.0,73.0,3.0,0.9605263,0.039473683,0.039473712,0.14313346,0.005650005,0,0,0,1,0
8025,-1,1,1.02721,0.7363746,1,1,unassigned,17.0,15.0,2.0,0.88235295,0.11764706,0.11764705,0.029013539,0.0034133575,1,0,0,1,0
8026,-1,0,5.7167945,0.9967205,1,1,unassigned,7.0,6.0,1.0,0.85714287,0.14285715,0.14285713,0.00967118,0.0013815971,0,0,0,1,1
8027,-1,1,2.2648833,0.90592664,1,1,unassigned,15.0,10.0,5.0,0.6666667,0.33333334,0.3333333,0.025145067,0.008381689,1,0,0,1,1
8028,-1,0,1.9779963,0.8784674,1,1,unassigned,2.0,2.0,0.0,1.0,0.0,0.0,0.0,0.0,0,0,0,1,0
8029,-1,1,5.557282,0.99615556,1,1,unassigned,17.0,16.0,1.0,0.9411765,0.05882353,0.058823526,0.029013539,0.0017066788,1,0,0,1,1
8030,-1,0,3.5857575,0.97303176,1,1,unassigned,7.0,7.0,0.0,1.0,0.0,0.0,0.00967118,0.0,0,0,0,1,1
8031,-1,1,-0.70888233,0.32984585,0,1,unassigned,7.0,7.0,0.0,1.0,0.0,0.0,0.00967118,0.0,1,0,0,0,0
8032,-1,1,3.605344,0.9735411,1,1,unassigned,2.0,2.0,0.0,1.0,0.0,0.0,0.0,0.0,1,0,0,1,1
8033,-1,0,7.5648503,0.999482,1,1,unassigned,2.0,2.0,0.0,1.0,0.0,0.0,0.0,0.0,0,0,0,1,1
8034,-1,1,-0.5219722,0.3723912,0,1,unassigned,25.0,23.0,2.0,0.92,0.08,0.07999998,0.044487428,0.003558994,1,0,0,0,0
8035,-1,0,2.1221654,0.893039,1,1,unassigned,6.0,6.0,0.0,1.0,0.0,0.0,0.007736944,0.0,0,0,0,1,0
8036,-1,0,8.63642,0.99982256,1,1,unassigned,4.0,4.0,0.0,1.0,0.0,0.0,0.003868472,0.0,0,0,0,1,1
8037,-1,0,3.9527004,0.981159,1,1,unassigned,3.0,3.0,0.0,1.0,0.0,0.0,0.001934236,0.0,0,0,0,1,1
8038,-1,0,-0.33722484,0.4164838,0,1,unassigned,28.0,28.0,0.0,1.0,0.0,0.0,0.050290134,0.0,0,0,0,0,0
8039,-1,0,2.458122,0.9211533,1,1,unassigned,4.0,4.0,0.0,1.0,0.0,0.0,0.003868472,0.0,0,0,0,1,1
8040,-1,1,0.8954521,0.710014,1,1,unassigned,14.0,13.0,1.0,0.9285714,0.071428575,0.0714286,0.023210831,0.0016579166,1,0,0,1,0
8041,-1,1,8.207537,0.9997274,1,1,unassigned,9.0,8.0,1.0,0.8888889,0.11111111,0.111111104,0.013539651,0.0015044058,1,0,0,1,1
8042,-1,0,1.2033966,0.76912844,1,1,unassigned,29.0,28.0,1.0,0.9655172,0.03448276,0.034482777,0.05222437,0.0018008404,0,0,0,1,0
8043,-1,1,-0.19852498,0.4505311,0,1,unassigned,2.0,1.0,1.0,0.5,0.5,0.5,0.0,0.0,1,0,0,0,0
8044,-1,0,6.997378,0.9990865,1,1,unassigned,3.0,2.0,1.0,0.6666667,0.33333334,0.3333333,0.001934236,0.00064474536,0,0,0,1,1
8045,-1,0,-0.912542,0.28647995,0,1,unassigned,93.0,93.0,0.0,1.0,0.0,0.0,0.17601547,0.0,0,0,0,0,0
8046,-1,0,3.7683146,0.9774302,1,1,unassigned,2.0,2.0,0.0,1.0,0.0,0.0,0.0,0.0,0,0,0,1,1
8047,-1,0,-0.2496272,0.43791524,0,1,unassigned,8.0,8.0,0.0,1.0,0.0,0.0,0.0116054155,0.0,0,0,0,0,0
8048,-1,0,3.7364419,0.9767163,1,1,unassigned,9.0,9.0,0.0,1.0,0.0,0.0,0.013539651,0.0,0,0,0,1,1
8049,-1,0,1.1188078,0.75376755,1,1,unassigned,44.0,44.0,0.0,1.0,0.0,0.0,0.08123791,0.0,0,0,0,1,0
8050,-1,1,-0.31193477,0.42264256,0,1,unassigned,2.0,2.0,0.0,1.0,0.0,0.0,0.0,0.0,1,0,0,0,0
8051,-1,1,-0.95491034,0.2778984,0,1,unassigned,17.0,16.0,1.0,0.9411765,0.05882353,0.058823526,0.029013539,0.0017066788,1,0,0,0,0
8052,-1,1,4.523195,0.9892623,1,1,unassigned,23.0,16.0,7.0,0.6956522,0.3043478,0.3043478,0.040618956,0.01236229,1,0,0,1,1
8053,-1,0,-0.31491637,0.42191517,0,1,unassigned,3.0,3.0,0.0,1.0,0.0,0.0,0.001934236,0.0,0,0,0,0,0
8054,-1,0,0.9350509,0.7180989,1,1,unassigned,8.0,8.0,0.0,1.0,0.0,0.0,0.0116054155,0.0,0,0,0,1,0
8055,-1,0,-0.6437937,0.34438944,0,1,unassigned,26.0,26.0,0.0,1.0,0.0,0.0,0.046421662,0.0,0,0,0,0,0
8056,-1,0,-0.2761768,0.43139133,0,1,unassigned,52.0,52.0,0.0,1.0,0.0,0.0,0.0967118,0.0,0,0,0,0,0
8057,-1,0,0.7721335,0.68398225,1,1,unassigned,57.0,57.0,0.0,1.0,0.0,0.0,0.10638298,0.0,0,0,0,1,0
8058,0,1,-0.53604454,0.36910817,0,0,val,22.0,20.0,2.0,0.90909094,0.09090909,0.090909064,0.03868472,0.0035167928,1,0,1,0,0
8059,-1,0,-0.042281628,0.4894312,0,1,unassigned,12.0,12.0,0.0,1.0,0.0,0.0,0.01934236,0.0,0,0,0,0,0
8060,-1,1,-0.4597989,0.38703352,0,1,unassigned,43.0,40.0,3.0,0.9302326,0.069767445,0.069767416,0.079303674,0.0055328147,1,0,0,0,0
8061,-1,0,-0.2994755,0.42568567,0,1,unassigned,61.0,56.0,5.0,0.91803277,0.08196721,0.081967235,0.114119925,0.009354092,0,0,0,0,0
8062,-1,0,0.09400529,0.52348405,1,1,unassigned,20.0,20.0,0.0,1.0,0.0,0.0,0.034816246,0.0,0,0,0,1,0
8063,0,0,-0.60442185,0.35333267,0,0,unassigned,86.0,83.0,3.0,0.96511626,0.034883723,0.034883738,0.16247582,0.0056677614,0,0,1,0,0
8064,1,0,1.2686174,0.78050596,1,0,val,11.0,11.0,0.0,1.0,0.0,0.0,0.017408123,0.0,0,0,1,1,0
8065,-1,1,-0.38499826,0.40492192,0,1,unassigned,42.0,40.0,2.0,0.95238096,0.04761905,0.047619045,0.07736944,0.003684259,1,0,0,0,0
8066,-1,0,-0.15046209,0.4624553,0,1,unassigned,34.0,34.0,0.0,1.0,0.0,0.0,0.061895553,0.0,0,0,0,0,0
8067,-1,0,-0.059498787,0.48512965,0,1,unassigned,153.0,144.0,9.0,0.9411765,0.05882353,0.058823526,0.29206964,0.017180568,0,0,0,0,0
8068,1,0,0.909725,0.71294385,1,0,unassigned,34.0,30.0,4.0,0.88235295,0.11764706,0.11764705,0.061895553,0.0072818296,0,0,1,1,0
8069,0,1,-0.64802974,0.34343368,0,0,unassigned,6.0,5.0,1.0,0.8333333,0.16666667,0.16666669,0.007736944,0.0012894907,1,0,1,0,0
8070,-1,0,-0.60401374,0.35342595,0,1,unassigned,6.0,6.0,0.0,1.0,0.0,0.0,0.007736944,0.0,0,0,0,0,0
8071,-1,0,-0.28078997,0.43026012,0,1,unassigned,50.0,50.0,0.0,1.0,0.0,0.0,0.092843324,0.0,0,0,0,0,0
8072,-1,0,-0.45979974,0.3870333,0,1,unassigned,90.0,90.0,0.0,1.0,0.0,0.0,0.17021276,0.0,0,0,0,0,0
8073,1,0,0.08967334,0.5224033,1,0,unassigned,16.0,16.0,0.0,1.0,0.0,0.0,0.027079303,0.0,0,0,1,1,0
8074,-1,0,0.32904863,0.5815279,1,1,unassigned,4.0,4.0,0.0,1.0,0.0,0.0,0.003868472,0.0,0,0,0,1,0
8075,-1,0,-0.8579906,0.29775935,0,1,unassigned,32.0,32.0,0.0,1.0,0.0,0.0,0.058027077,0.0,0,0,0,0,0
8076,-1,1,-0.15144065,0.462212,0,1,unassigned,5.0,4.0,1.0,0.8,0.2,0.19999999,0.0058027077,0.0011605415,1,0,0,0,0
8077,-1,0,-0.3551674,0.41212988,0,1,unassigned,45.0,45.0,0.0,1.0,0.0,0.0,0.08317215,0.0,0,0,0,0,0
8078,-1,0,-0.7971507,0.31063533,0,1,unassigned,65.0,65.0,0.0,1.0,0.0,0.0,0.12185687,0.0,0,0,0,0,0
8079,-1,1,0.6524437,0.65756094,1,1,unassigned,3.0,3.0,0.0,1.0,0.0,0.0,0.001934236,0.0,1,0,0,1,0
8080,1,0,14.364014,0.9999994,1,0,unassigned,6.0,5.0,1.0,0.8333333,0.16666667,0.16666669,0.007736944,0.0012894907,0,0,1,1,1
8081,-1,0,-0.8396792,0.30160236,0,1,unassigned,4.0,4.0,0.0,1.0,0.0,0.0,0.003868472,0.0,0,0,0,0,0
8082,-1,0,-0.41635308,0.39738974,0,1,unassigned,2.0,2.0,0.0,1.0,0.0,0.0,0.0,0.0,0,0,0,0,0
8083,-1,0,-0.20735794,0.44834545,0,1,unassigned,6.0,6.0,0.0,1.0,0.0,0.0,0.007736944,0.0,0,0,0,0,0
8084,-1,0,4.274369,0.98627037,1,1,unassigned,2.0,2.0,0.0,1.0,0.0,0.0,0.0,0.0,0,0,0,1,1
8085,-1,0,0.9860671,0.7283104,1,1,unassigned,2.0,2.0,0.0,1.0,0.0,0.0,0.0,0.0,0,0,0,1,0
8086,-1,0,0.021786928,0.50544655,1,1,unassigned,94.0,91.0,3.0,0.9680851,0.031914894,0.03191489,0.17794971,0.005679246,0,0,0,1,0
8087,-1,0,-0.729156,0.32537997,0,1,unassigned,199.0,197.0,2.0,0.98994976,0.010050251,0.010050237,0.38104448,0.0038295926,0,0,0,0,0
8088,1,0,0.054014683,0.5135004,1,0,val,10.0,10.0,0.0,1.0,0.0,0.0,0.015473888,0.0,0,0,1,1,0
8089,-1,1,-0.3229573,0.41995516,0,1,unassigned,2.0,1.0,1.0,0.5,0.5,0.5,0.0,0.0,1,0,0,0,0
8090,-1,0,0.3217553,0.57975197,1,1,unassigned,7.0,6.0,1.0,0.85714287,0.14285715,0.14285713,0.00967118,0.0013815971,0,0,0,1,0
8091,-1,0,3.6434672,0.97450554,1,1,unassigned,2.0,2.0,0.0,1.0,0.0,0.0,0.0,0.0,0,0,0,1,1
8092,-1,0,0.99650735,0.7303713,1,1,unassigned,5.0,5.0,0.0,1.0,0.0,0.0,0.0058027077,0.0,0,0,0,1,0
8093,1,0,-0.5612279,0.36326337,0,1,test,33.0,31.0,2.0,0.93939394,0.060606062,0.060606062,0.059961315,0.0036340193,0,0,0,0,0
8094,-1,1,-0.7547592,0.31978515,0,1,unassigned,6.0,6.0,0.0,1.0,0.0,0.0,0.007736944,0.0,1,0,0,0,0
8095,-1,1,-0.29854056,0.42591426,0,1,unassigned,3.0,3.0,0.0,1.0,0.0,0.0,0.001934236,0.0,1,0,0,0,0
8096,-1,1,-0.22747207,0.4433759,0,1,unassigned,2.0,2.0,0.0,1.0,0.0,0.0,0.0,0.0,1,0,0,0,0
8097,1,0,3.7867134,0.9778325,1,0,unassigned,10.0,9.0,1.0,0.9,0.1,0.100000024,0.015473888,0.0015473888,0,0,1,1,1
8098,-1,1,-0.14863545,0.4629094,0,1,unassigned,3.0,3.0,0.0,1.0,0.0,0.0,0.001934236,0.0,1,0,0,0,0
8099,-1,0,-0.43910652,0.3919539,0,1,unassigned,2.0,2.0,0.0,1.0,0.0,0.0,0.0,0.0,0,0,0,0,0
8100,-1,0,-0.84303546,0.30089587,0,1,unassigned,22.0,22.0,0.0,1.0,0.0,0.0,0.03868472,0.0,0,0,0,0,0
8101,-1,0,9.9211855,0.9999509,1,1,unassigned,11.0,9.0,2.0,0.8181818,0.18181819,0.18181819,0.017408123,0.0031651135,0,0,0,1,1
8102,-1,0,-0.8735398,0.2945183,0,1,unassigned,61.0,61.0,0.0,1.0,0.0,0.0,0.114119925,0.0,0,0,0,0,0
8103,0,0,0.61017495,0.6479807,1,1,test,12.0,11.0,1.0,0.9166667,0.083333336,0.08333331,0.01934236,0.0016118633,0,0,0,1,0
8104,0,0,-0.69720423,0.3324324,0,0,test,54.0,54.0,0.0,1.0,0.0,0.0,0.10058027,0.0,0,0,1,0,0
8105,-1,0,-0.9861771,0.27166784,0,1,unassigned,30.0,30.0,0.0,1.0,0.0,0.0,0.054158606,0.0,0,0,0,0,0
8106,-1,0,-0.71033394,0.32952505,0,1,unassigned,97.0,97.0,0.0,1.0,0.0,0.0,0.18375242,0.0,0,0,0,0,0
8107,-1,0,1.2110112,0.77047783,1,1,unassigned,9.0,7.0,2.0,0.7777778,0.22222222,0.22222221,0.013539651,0.0030088115,0,0,0,1,0
8108,-1,0,-0.8202568,0.30570915,0,1,unassigned,71.0,70.0,1.0,0.9859155,0.014084507,0.014084518,0.13346228,0.0018797504,0,0,0,0,0
8109,-1,0,-0.9061415,0.28779006,0,1,unassigned,38.0,38.0,0.0,1.0,0.0,0.0,0.06963249,0.0,0,0,0,0,0
8110,-1,0,-0.82989,0.30366832,0,1,unassigned,89.0,89.0,0.0,1.0,0.0,0.0,0.16827853,0.0,0,0,0,0,0
8111,0,0,-0.7800361,0.3143121,0,0,test,26.0,26.0,0.0,1.0,0.0,0.0,0.046421662,0.0,0,0,1,0,0
8112,-1,0,-0.7013097,0.3315219,0,1,unassigned,71.0,71.0,0.0,1.0,0.0,0.0,0.13346228,0.0,0,0,0,0,0
8113,-1,0,-0.7030703,0.33113185,0,1,unassigned,144.0,140.0,4.0,0.9722222,0.027777778,0.027777791,0.2746615,0.0076294863,0,0,0,0,0
8114,0,0,-0.29214478,0.42747888,0,0,train,51.0,48.0,3.0,0.9411765,0.05882353,0.058823526,0.09477756,0.0055751507,0,0,1,0,0
8115,0,0,-0.7011812,0.3315504,0,0,unassigned,87.0,87.0,0.0,1.0,0.0,0.0,0.16441005,0.0,0,0,1,0,0
8116,-1,0,-0.873817,0.29446068,0,1,unassigned,66.0,66.0,0.0,1.0,0.0,0.0,0.123791106,0.0,0,0,0,0,0
8117,-1,0,-0.917351,0.28549793,0,1,unassigned,16.0,16.0,0.0,1.0,0.0,0.0,0.027079303,0.0,0,0,0,0,0
8118,-1,0,0.3002761,0.57451004,1,1,unassigned,41.0,41.0,0.0,1.0,0.0,0.0,0.07543521,0.0,0,0,0,1,0
8119,-1,0,-0.8942434,0.29023492,0,1,unassigned,71.0,71.0,0.0,1.0,0.0,0.0,0.13346228,0.0,0,0,0,0,0
8120,1,0,2.7196462,0.93817604,1,0,unassigned,23.0,22.0,1.0,0.95652175,0.04347826,0.04347825,0.040618956,0.0017660416,0,0,1,1,1
8121,-1,0,-0.7000781,0.33179492,0,1,unassigned,28.0,26.0,2.0,0.9285714,0.071428575,0.0714286,0.050290134,0.0035921526,0,0,0,0,0
8122,-1,0,-0.8470777,0.30004624,0,1,unassigned,89.0,88.0,1.0,0.98876405,0.011235955,0.011235952,0.16827853,0.00189077,0,0,0,0,0
8123,-1,0,1.0235219,0.73565805,1,1,unassigned,44.0,43.0,1.0,0.97727275,0.022727273,0.022727251,0.08123791,0.0018463163,0,0,0,1,0
8124,-1,0,0.14236206,0.5355305,1,1,unassigned,43.0,43.0,0.0,1.0,0.0,0.0,0.079303674,0.0,0,0,0,1,0
8125,-1,1,-0.34273857,0.4151444,0,1,unassigned,42.0,40.0,2.0,0.95238096,0.04761905,0.047619045,0.07736944,0.003684259,1,0,0,0,0
8126,-1,0,-0.7775009,0.31485873,0,1,unassigned,23.0,21.0,2.0,0.9130435,0.08695652,0.0869565,0.040618956,0.0035320832,0,0,0,0,0
8127,-1,0,-0.78110087,0.31408268,0,1,unassigned,148.0,143.0,5.0,0.9662162,0.033783782,0.033783793,0.28239846,0.009540488,0,0,0,0,0
8128,-1,0,3.7688258,0.9774415,1,1,unassigned,32.0,30.0,2.0,0.9375,0.0625,0.0625,0.058027077,0.0036266923,0,0,0,1,1
8129,0,1,-0.55751276,0.36412317,0,0,test,53.0,53.0,0.0,1.0,0.0,0.0,0.09864604,0.0,1,0,1,0,0
8130,1,0,-0.3415562,0.4154315,0,1,test,49.0,49.0,0.0,1.0,0.0,0.0,0.09090909,0.0,0,0,0,0,0
8131,-1,1,-0.23808706,0.44075778,0,1,unassigned,16.0,16.0,0.0,1.0,0.0,0.0,0.027079303,0.0,1,0,0,0,0
8132,-1,0,0.055761278,0.51393676,1,1,unassigned,21.0,20.0,1.0,0.95238096,0.04761905,0.047619045,0.036750484,0.0017500231,0,0,0,1,0
8133,-1,0,1.1795831,0.7648728,1,1,unassigned,24.0,22.0,2.0,0.9166667,0.083333336,0.08333331,0.04255319,0.0035460992,0,0,0,1,0
8134,-1,0,-0.07794902,0.4805226,0,1,unassigned,2.0,2.0,0.0,1.0,0.0,0.0,0.0,0.0,0,0,0,0,0
8135,-1,0,0.47432286,0.6164064,1,1,unassigned,45.0,45.0,0.0,1.0,0.0,0.0,0.08317215,0.0,0,0,0,1,0
8136,-1,0,-0.38200313,0.40564385,0,1,unassigned,86.0,86.0,0.0,1.0,0.0,0.0,0.16247582,0.0,0,0,0,0,0
8137,-1,1,-0.68527013,0.33508608,0,1,unassigned,7.0,5.0,2.0,0.71428573,0.2857143,0.28571427,0.00967118,0.0027631943,1,0,0,0,0
8138,-1,0,0.24520463,0.5609959,1,1,unassigned,3.0,1.0,2.0,0.33333334,0.6666667,0.6666666,0.001934236,0.0012894907,0,0,0,1,0
8139,-1,1,0.10510373,0.5262518,1,1,unassigned,5.0,5.0,0.0,1.0,0.0,0.0,0.0058027077,0.0,1,0,0,1,0
8140,-1,0,-0.42757356,0.39470586,0,1,unassigned,42.0,41.0,1.0,0.97619045,0.023809524,0.023809552,0.07736944,0.0018421295,0,0,0,0,0
8141,-1,0,5.5694313,0.9962018,1,1,unassigned,4.0,4.0,0.0,1.0,0.0,0.0,0.003868472,0.0,0,0,0,1,1
8142,-1,0,-0.6272931,0.3481246,0,1,unassigned,34.0,34.0,0.0,1.0,0.0,0.0,0.061895553,0.0,0,0,0,0,0
8143,-1,1,1.909287,0.8709391,1,1,unassigned,3.0,2.0,1.0,0.6666667,0.33333334,0.3333333,0.001934236,0.00064474536,1,0,0,1,0
8144,-1,0,-0.8672859,0.29581934,0,1,unassigned,93.0,92.0,1.0,0.9892473,0.010752688,0.010752678,0.17601547,0.0018926394,0,0,0,0,0
8145,-1,0,4.274369,0.98627037,1,1,unassigned,2.0,2.0,0.0,1.0,0.0,0.0,0.0,0.0,0,0,0,1,1
8146,-1,0,0.021177113,0.5052941,1,1,unassigned,3.0,3.0,0.0,1.0,0.0,0.0,0.001934236,0.0,0,0,0,1,0
8147,-1,0,5.1228395,0.99407625,1,1,unassigned,7.0,6.0,1.0,0.85714287,0.14285715,0.14285713,0.00967118,0.0013815971,0,0,0,1,1
8148,-1,1,1.6816165,0.8431185,1,1,unassigned,8.0,8.0,0.0,1.0,0.0,0.0,0.0116054155,0.0,1,0,0,1,0
8149,-1,0,4.7950864,0.99179757,1,1,unassigned,4.0,4.0,0.0,1.0,0.0,0.0,0.003868472,0.0,0,0,0,1,1
8150,-1,0,4.274369,0.98627037,1,1,unassigned,2.0,2.0,0.0,1.0,0.0,0.0,0.0,0.0,0,0,0,1,1
8151,-1,0,0.60570115,0.64695954,1,1,unassigned,4.0,3.0,1.0,0.75,0.25,0.25,0.003868472,0.000967118,0,0,0,1,0
8152,-1,1,1.4069707,0.8032877,1,1,unassigned,13.0,12.0,1.0,0.9230769,0.07692308,0.07692307,0.021276595,0.0016366612,1,0,0,1,0
8153,-1,0,0.0012218356,0.5003055,1,1,unassigned,11.0,11.0,0.0,1.0,0.0,0.0,0.017408123,0.0,0,0,0,1,0
8154,1,1,1.9984586,0.88063514,1,0,val,2.0,1.0,1.0,0.5,0.5,0.5,0.0,0.0,1,0,1,1,0
8155,-1,0,0.60307294,0.646359,1,1,unassigned,3.0,2.0,1.0,0.6666667,0.33333334,0.3333333,0.001934236,0.00064474536,0,0,0,1,0
8156,-1,0,4.274369,0.98627037,1,1,unassigned,2.0,2.0,0.0,1.0,0.0,0.0,0.0,0.0,0,0,0,1,1
8157,-1,1,3.163219,0.95942646,1,1,unassigned,10.0,8.0,2.0,0.8,0.2,0.19999999,0.015473888,0.0030947777,1,0,0,1,1
8158,-1,0,-0.51701766,0.37354988,0,1,unassigned,3.0,3.0,0.0,1.0,0.0,0.0,0.001934236,0.0,0,0,0,0,0
8159,-1,1,2.0243485,0.8833299,1,1,unassigned,18.0,18.0,0.0,1.0,0.0,0.0,0.030947777,0.0,1,0,0,1,0
8160,-1,0,-0.43047643,0.39401257,0,1,unassigned,145.0,139.0,6.0,0.95862067,0.04137931,0.041379333,0.27659574,0.011445341,0,0,0,0,0
8161,0,0,-0.33683133,0.41657943,0,0,test,9.0,9.0,0.0,1.0,0.0,0.0,0.013539651,0.0,0,0,1,0,0
8162,-1,0,-0.9013916,0.28876463,0,1,unassigned,83.0,82.0,1.0,0.9879518,0.012048192,0.012048185,0.15667312,0.0018876279,0,0,0,0,0
8163,-1,0,-0.7476804,0.32132694,0,1,unassigned,92.0,90.0,2.0,0.9782609,0.02173913,0.021739125,0.17408124,0.0037843748,0,0,0,0,0
8164,-1,0,0.30520278,0.5757139,1,1,unassigned,23.0,23.0,0.0,1.0,0.0,0.0,0.040618956,0.0,0,0,0,1,0
8165,-1,0,5.5286775,0.9960445,1,1,unassigned,4.0,4.0,0.0,1.0,0.0,0.0,0.003868472,0.0,0,0,0,1,1
8166,0,0,-0.48603803,0.38082734,0,0,test,6.0,6.0,0.0,1.0,0.0,0.0,0.007736944,0.0,0,0,1,0,0
8167,-1,0,-1.0161929,0.26576963,0,1,unassigned,2.0,1.0,1.0,0.5,0.5,0.5,0.0,0.0,0,0,0,0,0
8168,-1,0,-0.59345967,0.35584146,0,1,unassigned,2.0,2.0,0.0,1.0,0.0,0.0,0.0,0.0,0,0,0,0,0
8169,-1,1,-0.36072308,0.41078454,0,1,unassigned,5.0,5.0,0.0,1.0,0.0,0.0,0.0058027077,0.0,1,0,0,0,0
8170,-1,0,-0.9043026,0.28816712,0,1,unassigned,199.0,199.0,0.0,1.0,0.0,0.0,0.38104448,0.0,0,0,0,0,0
8171,-1,0,-0.45998687,0.38698897,0,1,unassigned,60.0,60.0,0.0,1.0,0.0,0.0,0.11218569,0.0,0,0,0,0,0
8172,-1,0,-0.72758913,0.325724,0,1,unassigned,34.0,34.0,0.0,1.0,0.0,0.0,0.061895553,0.0,0,0,0,0,0
8173,-1,0,-0.9216347,0.28462493,0,1,unassigned,44.0,44.0,0.0,1.0,0.0,0.0,0.08123791,0.0,0,0,0,0,0
8174,0,0,-0.86508226,0.2962786,0,0,unassigned,51.0,51.0,0.0,1.0,0.0,0.0,0.09477756,0.0,0,0,1,0,0
8175,-1,0,2.6530674,0.9341998,1,1,unassigned,30.0,28.0,2.0,0.93333334,0.06666667,0.06666666,0.054158606,0.003610574,0,0,0,1,1
8176,-1,0,-0.913394,0.28630584,0,1,unassigned,64.0,63.0,1.0,0.984375,0.015625,0.015625,0.11992263,0.0018737911,0,0,0,0,0
8177,-1,0,-0.18009293,0.45509806,0,1,unassigned,17.0,17.0,0.0,1.0,0.0,0.0,0.029013539,0.0,0,0,0,0,0
8178,-1,1,2.2325847,0.90313774,1,1,unassigned,6.0,6.0,0.0,1.0,0.0,0.0,0.007736944,0.0,1,0,0,1,1
8179,-1,0,-0.98520476,0.27186027,0,1,unassigned,61.0,60.0,1.0,0.9836066,0.016393442,0.016393423,0.114119925,0.0018708183,0,0,0,0,0
8180,-1,0,0.491795,0.62052923,1,1,unassigned,21.0,21.0,0.0,1.0,0.0,0.0,0.036750484,0.0,0,0,0,1,0
8181,-1,1,0.12994969,0.5324418,1,1,unassigned,8.0,8.0,0.0,1.0,0.0,0.0,0.0116054155,0.0,1,0,0,1,0
8182,0,0,-0.26885852,0.43318734,0,0,test,20.0,20.0,0.0,1.0,0.0,0.0,0.034816246,0.0,0,0,1,0,0
8183,0,0,-0.91029966,0.28693852,0,0,unassigned,4.0,4.0,0.0,1.0,0.0,0.0,0.003868472,0.0,0,0,1,0,0
8184,-1,1,1.7316275,0.84962046,1,1,unassigned,10.0,10.0,0.0,1.0,0.0,0.0,0.015473888,0.0,1,0,0,1,0
8185,-1,0,8.774038,0.99984527,1,1,unassigned,5.0,4.0,1.0,0.8,0.2,0.19999999,0.0058027077,0.0011605415,0,0,0,1,1
8186,-1,1,1.5574963,0.8259938,1,1,unassigned,4.0,4.0,0.0,1.0,0.0,0.0,0.003868472,0.0,1,0,0,1,0
8187,-1,1,-0.48652965,0.38071144,0,1,unassigned,3.0,3.0,0.0,1.0,0.0,0.0,0.001934236,0.0,1,0,0,0,0
8188,-1,0,-0.96295285,0.27628738,0,1,unassigned,40.0,40.0,0.0,1.0,0.0,0.0,0.07350097,0.0,0,0,0,0,0
8189,-1,0,-0.6120757,0.35158587,0,1,unassigned,20.0,20.0,0.0,1.0,0.0,0.0,0.034816246,0.0,0,0,0,0,0
8190,-1,1,0.33745068,0.58357114,1,1,unassigned,3.0,3.0,0.0,1.0,0.0,0.0,0.001934236,0.0,1,0,0,1,0
8191,-1,0,8.495238,0.9997956,1,1,unassigned,7.0,4.0,3.0,0.5714286,0.42857143,0.4285714,0.00967118,0.0041447915,0,0,0,1,1
8192,-1,1,0.27609986,0.5685898,1,1,unassigned,2.0,2.0,0.0,1.0,0.0,0.0,0.0,0.0,1,0,0,1,0
8193,0,0,0.016533136,0.5041332,1,1,test,3.0,2.0,1.0,0.6666667,0.33333334,0.3333333,0.001934236,0.00064474536,0,0,0,1,0
8194,0,0,-0.74459434,0.32200032,0,0,unassigned,14.0,12.0,2.0,0.85714287,0.14285715,0.14285713,0.023210831,0.0033158332,0,0,1,0,0
8195,-1,0,3.27264,0.9634782,1,1,unassigned,4.0,4.0,0.0,1.0,0.0,0.0,0.003868472,0.0,0,0,0,1,1
8196,-1,0,0.8221932,0.69470173,1,1,unassigned,27.0,27.0,0.0,1.0,0.0,0.0,0.0483559,0.0,0,0,0,1,0
8197,-1,1,5.379867,0.99541277,1,1,unassigned,3.0,1.0,2.0,0.33333334,0.6666667,0.6666666,0.001934236,0.0012894907,1,0,0,1,1
8198,-1,0,-0.19897193,0.4504205,0,1,unassigned,15.0,14.0,1.0,0.93333334,0.06666667,0.06666666,0.025145067,0.0016763379,0,0,0,0,0
8199,-1,1,0.8543541,0.70147973,1,1,unassigned,10.0,10.0,0.0,1.0,0.0,0.0,0.015473888,0.0,1,0,0,1,0
8200,-1,0,-0.18312708,0.45434573,0,1,unassigned,8.0,7.0,1.0,0.875,0.125,0.125,0.0116054155,0.0014506769,0,0,0,0,0
8201,-1,0,-0.7958257,0.31091914,0,1,unassigned,2.0,2.0,0.0,1.0,0.0,0.0,0.0,0.0,0,0,0,0,0
8202,-1,0,-0.60242534,0.35378903,0,1,unassigned,2.0,2.0,0.0,1.0,0.0,0.0,0.0,0.0,0,0,0,0,0
8203,-1,1,-0.20717889,0.44838974,0,1,unassigned,2.0,2.0,0.0,1.0,0.0,0.0,0.0,0.0,1,0,0,0,0
8204,-1,0,0.04655713,0.5116372,1,1,unassigned,25.0,21.0,4.0,0.84,0.16,0.16000003,0.044487428,0.007117988,0,0,0,1,0
8205,-1,1,2.4965932,0.92390263,1,1,unassigned,5.0,5.0,0.0,1.0,0.0,0.0,0.0058027077,0.0,1,0,0,1,1
8206,1,1,0.3696651,0.5913781,1,0,test,12.0,12.0,0.0,1.0,0.0,0.0,0.01934236,0.0,1,0,1,1,0
8207,-1,0,-0.663366,0.3399839,0,1,unassigned,33.0,33.0,0.0,1.0,0.0,0.0,0.059961315,0.0,0,0,0,0,0
8208,-1,0,0.21776265,0.5542266,1,1,unassigned,12.0,12.0,0.0,1.0,0.0,0.0,0.01934236,0.0,0,0,0,1,0
8209,-1,1,-0.9264927,0.2836368,0,1,unassigned,22.0,21.0,1.0,0.95454544,0.045454547,0.04545456,0.03868472,0.0017583964,1,0,0,0,0
8210,-1,0,1.7353356,0.8500936,1,1,unassigned,10.0,10.0,0.0,1.0,0.0,0.0,0.015473888,0.0,0,0,0,1,0
8211,0,1,-0.15552548,0.46119684,0,0,val,14.0,14.0,0.0,1.0,0.0,0.0,0.023210831,0.0,1,0,1,0,0
8212,-1,0,0.5043301,0.6234764,1,1,unassigned,4.0,4.0,0.0,1.0,0.0,0.0,0.003868472,0.0,0,0,0,1,0
8213,-1,0,0.9105502,0.7131127,1,1,unassigned,15.0,15.0,0.0,1.0,0.0,0.0,0.025145067,0.0,0,0,0,1,0
8214,-1,1,-0.2257444,0.44380233,0,1,unassigned,9.0,9.0,0.0,1.0,0.0,0.0,0.013539651,0.0,1,0,0,0,0
8215,-1,0,-0.14449984,0.46393776,0,1,unassigned,25.0,24.0,1.0,0.96,0.04,0.04000002,0.044487428,0.001779497,0,0,0,0,0
8216,-1,0,-0.9810283,0.2726878,0,1,unassigned,55.0,54.0,1.0,0.9818182,0.018181818,0.0181818,0.102514505,0.0018639,0,0,0,0,0
8217,-1,0,-0.22272646,0.4445474,0,1,unassigned,12.0,12.0,0.0,1.0,0.0,0.0,0.01934236,0.0,0,0,0,0,0
8218,-1,0,-0.45148575,0.3890076,0,1,unassigned,37.0,37.0,0.0,1.0,0.0,0.0,0.06769826,0.0,0,0,0,0,0
8219,-1,0,3.684049,0.9754945,1,1,unassigned,16.0,16.0,0.0,1.0,0.0,0.0,0.027079303,0.0,0,0,0,1,1
8220,-1,0,0.6009075,0.6458639,1,1,unassigned,10.0,10.0,0.0,1.0,0.0,0.0,0.015473888,0.0,0,0,0,1,0
8221,-1,0,2.378113,0.915143,1,1,unassigned,4.0,4.0,0.0,1.0,0.0,0.0,0.003868472,0.0,0,0,0,1,1
8222,-1,0,1.2916112,0.7844198,1,1,unassigned,5.0,4.0,1.0,0.8,0.2,0.19999999,0.0058027077,0.0011605415,0,0,0,1,0
8223,-1,0,0.011611998,0.502903,1,1,unassigned,2.0,2.0,0.0,1.0,0.0,0.0,0.0,0.0,0,0,0,1,0
8224,-1,1,-0.1833775,0.45428368,0,1,unassigned,41.0,36.0,5.0,0.8780488,0.12195122,0.12195122,0.07543521,0.009199415,1,0,0,0,0
8225,0,0,0.009747207,0.50243676,1,1,val,2.0,2.0,0.0,1.0,0.0,0.0,0.0,0.0,0,0,0,1,0
8226,-1,1,-0.41061816,0.3987639,0,1,unassigned,25.0,25.0,0.0,1.0,0.0,0.0,0.044487428,0.0,1,0,0,0,0
8227,-1,1,-0.13871604,0.46537647,0,1,unassigned,20.0,20.0,0.0,1.0,0.0,0.0,0.034816246,0.0,1,0,0,0,0
8228,-1,1,2.1182826,0.8926675,1,1,unassigned,10.0,10.0,0.0,1.0,0.0,0.0,0.015473888,0.0,1,0,0,1,0
8229,0,0,-0.36561692,0.40960056,0,0,train,9.0,8.0,1.0,0.8888889,0.11111111,0.111111104,0.013539651,0.0015044058,0,0,1,0,0
8230,-1,0,-0.93941057,0.28101942,0,1,unassigned,44.0,44.0,0.0,1.0,0.0,0.0,0.08123791,0.0,0,0,0,0,0
8231,-1,0,-0.22966152,0.4428357,0,1,unassigned,2.0,2.0,0.0,1.0,0.0,0.0,0.0,0.0,0,0,0,0,0
8232,-1,0,1.0158894,0.73417115,1,1,unassigned,35.0,35.0,0.0,1.0,0.0,0.0,0.06382979,0.0,0,0,0,1,0
8233,-1,0,-0.41726345,0.3971718,0,1,unassigned,7.0,7.0,0.0,1.0,0.0,0.0,0.00967118,0.0,0,0,0,0,0
8234,-1,0,5.6552453,0.99651307,1,1,unassigned,13.0,13.0,0.0,1.0,0.0,0.0,0.021276595,0.0,0,0,0,1,1
8235,1,0,0.1226238,0.5306176,1,0,unassigned,8.0,7.0,1.0,0.875,0.125,0.125,0.0116054155,0.0014506769,0,0,1,1,0
8236,-1,0,4.274369,0.98627037,1,1,unassigned,2.0,2.0,0.0,1.0,0.0,0.0,0.0,0.0,0,0,0,1,1
8237,-1,0,4.274369,0.98627037,1,1,unassigned,2.0,2.0,0.0,1.0,0.0,0.0,0.0,0.0,0,0,0,1,1
8238,-1,0,4.274369,0.98627037,1,1,unassigned,2.0,2.0,0.0,1.0,0.0,0.0,0.0,0.0,0,0,0,1,1
8239,-1,0,4.274369,0.98627037,1,1,unassigned,2.0,2.0,0.0,1.0,0.0,0.0,0.0,0.0,0,0,0,1,1
8240,0,0,0.21908563,0.5545534,1,1,val,4.0,4.0,0.0,1.0,0.0,0.0,0.003868472,0.0,0,0,0,1,0
8241,1,0,0.789275,0.6876756,1,0,val,19.0,19.0,0.0,1.0,0.0,0.0,0.032882012,0.0,0,0,1,1,0
8242,-1,0,1.9033952,0.8702753,1,1,unassigned,8.0,8.0,0.0,1.0,0.0,0.0,0.0116054155,0.0,0,0,0,1,0
8243,-1,0,4.0329785,0.98258716,1,1,unassigned,11.0,10.0,1.0,0.90909094,0.09090909,0.090909064,0.017408123,0.0015825568,0,0,0,1,1
8244,-1,0,4.274369,0.98627037,1,1,unassigned,2.0,2.0,0.0,1.0,0.0,0.0,0.0,0.0,0,0,0,1,1
8245,-1,0,1.5014861,0.817796,1,1,unassigned,4.0,4.0,0.0,1.0,0.0,0.0,0.003868472,0.0,0,0,0,1,0
8246,-1,0,4.274369,0.98627037,1,1,unassigned,2.0,2.0,0.0,1.0,0.0,0.0,0.0,0.0,0,0,0,1,1
8247,-1,0,4.274369,0.98627037,1,1,unassigned,2.0,2.0,0.0,1.0,0.0,0.0,0.0,0.0,0,0,0,1,1
8248,-1,0,4.133275,0.9842226,1,1,unassigned,2.0,2.0,0.0,1.0,0.0,0.0,0.0,0.0,0,0,0,1,1
8249,-1,0,-0.7129874,0.32893908,0,1,unassigned,13.0,11.0,2.0,0.84615386,0.15384616,0.15384614,0.021276595,0.0032733225,0,0,0,0,0
8250,-1,0,3.7566912,0.9771723,1,1,unassigned,2.0,2.0,0.0,1.0,0.0,0.0,0.0,0.0,0,0,0,1,1
8251,-1,0,-0.59963757,0.35442665,0,1,unassigned,3.0,3.0,0.0,1.0,0.0,0.0,0.001934236,0.0,0,0,0,0,0
8252,-1,0,0.82969576,0.69629055,1,1,unassigned,2.0,2.0,0.0,1.0,0.0,0.0,0.0,0.0,0,0,0,1,0
8253,-1,0,4.274369,0.98627037,1,1,unassigned,2.0,2.0,0.0,1.0,0.0,0.0,0.0,0.0,0,0,0,1,1
8254,-1,0,-0.67012614,0.3384686,0,1,unassigned,56.0,54.0,2.0,0.96428573,0.035714287,0.03571427,0.10444874,0.0037303125,0,0,0,0,0
8255,-1,0,4.274369,0.98627037,1,1,unassigned,2.0,2.0,0.0,1.0,0.0,0.0,0.0,0.0,0,0,0,1,1
8256,-1,0,4.274369,0.98627037,1,1,unassigned,2.0,2.0,0.0,1.0,0.0,0.0,0.0,0.0,0,0,0,1,1
8257,-1,0,4.274369,0.98627037,1,1,unassigned,2.0,2.0,0.0,1.0,0.0,0.0,0.0,0.0,0,0,0,1,1
8258,-1,0,3.7683146,0.9774302,1,1,unassigned,2.0,2.0,0.0,1.0,0.0,0.0,0.0,0.0,0,0,0,1,1
8259,-1,1,0.45067757,0.6108003,1,1,unassigned,5.0,3.0,2.0,0.6,0.4,0.39999998,0.0058027077,0.002321083,1,0,0,1,0
8260,-1,0,-0.33450323,0.4171453,0,1,unassigned,2.0,2.0,0.0,1.0,0.0,0.0,0.0,0.0,0,0,0,0,0
8261,-1,0,-0.26493365,0.4341513,0,1,unassigned,5.0,5.0,0.0,1.0,0.0,0.0,0.0058027077,0.0,0,0,0,0,0
8262,-1,0,-0.072380364,0.4819128,0,1,unassigned,14.0,14.0,0.0,1.0,0.0,0.0,0.023210831,0.0,0,0,0,0,0
8263,-1,0,-0.13177156,0.4671047,0,1,unassigned,12.0,12.0,0.0,1.0,0.0,0.0,0.01934236,0.0,0,0,0,0,0
8264,-1,0,0.08715159,0.5217741,1,1,unassigned,72.0,71.0,1.0,0.9861111,0.013888889,0.0138888955,0.13539653,0.0018805073,0,0,0,1,0
8265,1,0,5.14317,0.9941948,1,0,unassigned,6.0,5.0,1.0,0.8333333,0.16666667,0.16666669,0.007736944,0.0012894907,0,0,1,1,1
8266,-1,0,-0.5225437,0.37225762,0,1,unassigned,9.0,9.0,0.0,1.0,0.0,0.0,0.013539651,0.0,0,0,0,0,0
8267,-1,1,3.591921,0.97319305,1,1,unassigned,5.0,5.0,0.0,1.0,0.0,0.0,0.0058027077,0.0,1,0,0,1,1
8268,-1,0,-0.1314274,0.46719033,0,1,unassigned,44.0,44.0,0.0,1.0,0.0,0.0,0.08123791,0.0,0,0,0,0,0
8269,-1,0,0.26934153,0.56693125,1,1,unassigned,4.0,4.0,0.0,1.0,0.0,0.0,0.003868472,0.0,0,0,0,1,0
8270,-1,0,-0.4553291,0.38809448,0,1,unassigned,6.0,5.0,1.0,0.8333333,0.16666667,0.16666669,0.007736944,0.0012894907,0,0,0,0,0
8271,0,1,-0.123467535,0.46917227,0,0,test,13.0,13.0,0.0,1.0,0.0,0.0,0.021276595,0.0,1,0,1,0,0
8272,-1,0,-0.739689,0.32307217,0,1,unassigned,165.0,162.0,3.0,0.9818182,0.018181818,0.0181818,0.31528047,0.005732372,0,0,0,0,0
8273,1,0,2.627434,0.9326065,1,0,test,10.0,9.0,1.0,0.9,0.1,0.100000024,0.015473888,0.0015473888,0,0,1,1,1
8274,-1,0,1.2930279,0.78465927,1,1,unassigned,3.0,3.0,0.0,1.0,0.0,0.0,0.001934236,0.0,0,0,0,1,0
8275,-1,1,-0.30137533,0.42522132,0,1,unassigned,3.0,2.0,1.0,0.6666667,0.33333334,0.3333333,0.001934236,0.00064474536,1,0,0,0,0
8276,-1,0,2.9719315,0.95128983,1,1,unassigned,12.0,12.0,0.0,1.0,0.0,0.0,0.01934236,0.0,0,0,0,1,1
8277,-1,0,-0.7570431,0.31928858,0,1,unassigned,2.0,2.0,0.0,1.0,0.0,0.0,0.0,0.0,0,0,0,0,0
8278,-1,0,2.8309038,0.9443232,1,1,unassigned,3.0,3.0,0.0,1.0,0.0,0.0,0.001934236,0.0,0,0,0,1,1
8279,0,0,-0.19605628,0.45114237,0,0,unassigned,96.0,94.0,2.0,0.9791667,0.020833334,0.020833313,0.18181819,0.003787879,0,0,1,0,0
8280,-1,0,0.50048786,0.622574,1,1,unassigned,12.0,10.0,2.0,0.8333333,0.16666667,0.16666669,0.01934236,0.0032237265,0,0,0,1,0
8281,-1,1,1.669833,0.8415535,1,1,unassigned,3.0,3.0,0.0,1.0,0.0,0.0,0.001934236,0.0,1,0,0,1,0
8282,-1,0,1.3600476,0.7957674,1,1,unassigned,38.0,35.0,3.0,0.92105263,0.078947365,0.078947365,0.06963249,0.005497302,0,0,0,1,0
8283,-1,0,-0.83167183,0.30329168,0,1,unassigned,45.0,44.0,1.0,0.9777778,0.022222223,0.02222222,0.08317215,0.0018482701,0,0,0,0,0
8284,-1,1,3.2892864,0.9640594,1,1,unassigned,6.0,6.0,0.0,1.0,0.0,0.0,0.007736944,0.0,1,0,0,1,1
8285,-1,0,-0.35818642,0.41139865,0,1,unassigned,57.0,56.0,1.0,0.98245615,0.01754386,0.017543852,0.10638298,0.0018663681,0,0,0,0,0
8286,-1,0,0.8468527,0.6999065,1,1,unassigned,10.0,10.0,0.0,1.0,0.0,0.0,0.015473888,0.0,0,0,0,1,0
8287,-1,0,-0.1702652,0.45753622,0,1,unassigned,9.0,9.0,0.0,1.0,0.0,0.0,0.013539651,0.0,0,0,0,0,0
8288,-1,0,-0.26723158,0.4335869,0,1,unassigned,3.0,2.0,1.0,0.6666667,0.33333334,0.3333333,0.001934236,0.00064474536,0,0,0,0,0
8289,-1,0,6.892943,0.99898607,1,1,unassigned,6.0,6.0,0.0,1.0,0.0,0.0,0.007736944,0.0,0,0,0,1,1
8290,-1,0,2.073249,0.88827574,1,1,unassigned,7.0,6.0,1.0,0.85714287,0.14285715,0.14285713,0.00967118,0.0013815971,0,0,0,1,0
8291,-1,0,-0.7177955,0.32787862,0,1,unassigned,46.0,46.0,0.0,1.0,0.0,0.0,0.08510638,0.0,0,0,0,0,0
8292,-1,1,-0.84858584,0.29972962,0,1,unassigned,11.0,11.0,0.0,1.0,0.0,0.0,0.017408123,0.0,1,0,0,0,0
8293,-1,0,0.8651168,0.70372856,1,1,unassigned,2.0,2.0,0.0,1.0,0.0,0.0,0.0,0.0,0,0,0,1,0
8294,-1,0,-0.38559952,0.40477708,0,1,unassigned,12.0,11.0,1.0,0.9166667,0.083333336,0.08333331,0.01934236,0.0016118633,0,0,0,0,0
8295,-1,1,0.2909,0.57221645,1,1,unassigned,15.0,15.0,0.0,1.0,0.0,0.0,0.025145067,0.0,1,0,0,1,0
8296,-1,1,5.5534363,0.9961409,1,1,unassigned,5.0,5.0,0.0,1.0,0.0,0.0,0.0058027077,0.0,1,0,0,1,1
8297,-1,0,-0.3740647,0.4075592,0,1,unassigned,42.0,42.0,0.0,1.0,0.0,0.0,0.07736944,0.0,0,0,0,0,0
8298,-1,1,-0.028113782,0.49297202,0,1,unassigned,6.0,6.0,0.0,1.0,0.0,0.0,0.007736944,0.0,1,0,0,0,0
8299,-1,0,-0.32844836,0.4186182,0,1,unassigned,27.0,27.0,0.0,1.0,0.0,0.0,0.0483559,0.0,0,0,0,0,0
8300,-1,1,-0.57067007,0.36108223,0,1,unassigned,17.0,17.0,0.0,1.0,0.0,0.0,0.029013539,0.0,1,0,0,0,0
8301,-1,0,1.294883,0.7849726,1,1,unassigned,3.0,3.0,0.0,1.0,0.0,0.0,0.001934236,0.0,0,0,0,1,0
8302,-1,0,-0.2857231,0.42905128,0,1,unassigned,15.0,14.0,1.0,0.93333334,0.06666667,0.06666666,0.025145067,0.0016763379,0,0,0,0,0
8303,1,0,-0.44943637,0.38949478,0,1,unassigned,34.0,34.0,0.0,1.0,0.0,0.0,0.061895553,0.0,0,0,0,0,0
8304,0,0,-0.52675074,0.37127507,0,0,val,19.0,19.0,0.0,1.0,0.0,0.0,0.032882012,0.0,0,0,1,0,0
8305,-1,0,-0.508884,0.3754552,0,1,unassigned,16.0,16.0,0.0,1.0,0.0,0.0,0.027079303,0.0,0,0,0,0,0
8306,0,0,-0.49207687,0.37940446,0,0,unassigned,32.0,29.0,3.0,0.90625,0.09375,0.09375,0.058027077,0.0054400386,0,0,1,0,0
8307,1,0,-1.5551236,0.1743475,0,1,unassigned,2.0,2.0,0.0,1.0,0.0,0.0,0.0,0.0,0,0,0,0,0
8308,-1,1,2.9871721,0.95199126,1,1,unassigned,8.0,7.0,1.0,0.875,0.125,0.125,0.0116054155,0.0014506769,1,0,0,1,1
8309,0,1,0.5510188,0.6343719,1,1,val,73.0,68.0,5.0,0.9315069,0.06849315,0.06849313,0.13733076,0.009406216,1,0,0,1,0
8310,-1,0,-0.36414355,0.40995687,0,1,unassigned,24.0,24.0,0.0,1.0,0.0,0.0,0.04255319,0.0,0,0,0,0,0
8311,1,0,0.21560729,0.553694,1,0,unassigned,19.0,19.0,0.0,1.0,0.0,0.0,0.032882012,0.0,0,0,1,1,0
8312,-1,1,-0.032756865,0.49181148,0,1,unassigned,11.0,11.0,0.0,1.0,0.0,0.0,0.017408123,0.0,1,0,0,0,0
8313,-1,1,2.7167938,0.9380104,1,1,unassigned,6.0,6.0,0.0,1.0,0.0,0.0,0.007736944,0.0,1,0,0,1,1
8314,-1,1,-0.28498468,0.42923218,0,1,unassigned,15.0,15.0,0.0,1.0,0.0,0.0,0.025145067,0.0,1,0,0,0,0
8315,-1,0,0.2056511,0.55123234,1,1,unassigned,9.0,9.0,0.0,1.0,0.0,0.0,0.013539651,0.0,0,0,0,1,0
8316,-1,0,2.6476016,0.93386304,1,1,unassigned,4.0,4.0,0.0,1.0,0.0,0.0,0.003868472,0.0,0,0,0,1,1
8317,-1,1,-0.65778536,0.34123725,0,1,unassigned,30.0,29.0,1.0,0.96666664,0.033333335,0.03333336,0.054158606,0.001805287,1,0,0,0,0
8318,-1,0,3.3593774,0.9664106,1,1,unassigned,18.0,16.0,2.0,0.8888889,0.11111111,0.111111104,0.030947777,0.0034386418,0,0,0,1,1
8319,-1,0,1.2871058,0.7836569,1,1,unassigned,8.0,8.0,0.0,1.0,0.0,0.0,0.0116054155,0.0,0,0,0,1,0
8320,1,1,4.0972137,0.9836527,1,0,unassigned,2.0,1.0,1.0,0.5,0.5,0.5,0.0,0.0,1,0,1,1,1
8321,-1,1,0.15844113,0.53952765,1,1,unassigned,31.0,30.0,1.0,0.9677419,0.032258064,0.032258093,0.056092843,0.0018094465,1,0,0,1,0
8322,-1,0,-0.9011315,0.28881803,0,1,unassigned,20.0,20.0,0.0,1.0,0.0,0.0,0.034816246,0.0,0,0,0,0,0
8323,1,1,3.1894517,0.9604354,1,0,unassigned,6.0,6.0,0.0,1.0,0.0,0.0,0.007736944,0.0,1,0,1,1,1
8324,-1,0,-0.1318388,0.46708795,0,1,unassigned,31.0,31.0,0.0,1.0,0.0,0.0,0.056092843,0.0,0,0,0,0,0
8325,-1,0,4.7790504,0.991666,1,1,unassigned,7.0,7.0,0.0,1.0,0.0,0.0,0.00967118,0.0,0,0,0,1,1
8326,-1,0,-0.6974111,0.33238646,0,1,unassigned,30.0,30.0,0.0,1.0,0.0,0.0,0.054158606,0.0,0,0,0,0,0
8327,-1,1,0.1198535,0.52992755,1,1,unassigned,3.0,3.0,0.0,1.0,0.0,0.0,0.001934236,0.0,1,0,0,1,0
8328,-1,0,-0.69190574,0.33360928,0,1,unassigned,3.0,3.0,0.0,1.0,0.0,0.0,0.001934236,0.0,0,0,0,0,0
8329,-1,0,-0.37431797,0.40749803,0,1,unassigned,40.0,38.0,2.0,0.95,0.05,0.050000012,0.07350097,0.0036750485,0,0,0,0,0
8330,-1,0,-0.6376407,0.34578007,0,1,unassigned,12.0,12.0,0.0,1.0,0.0,0.0,0.01934236,0.0,0,0,0,0,0
8331,-1,0,-0.72012615,0.3273652,0,1,unassigned,55.0,54.0,1.0,0.9818182,0.018181818,0.0181818,0.102514505,0.0018639,0,0,0,0,0
8332,0,0,-0.508103,0.37563834,0,0,unassigned,9.0,9.0,0.0,1.0,0.0,0.0,0.013539651,0.0,0,0,1,0,0
8333,0,0,-0.27678138,0.431243,0,0,unassigned,36.0,36.0,0.0,1.0,0.0,0.0,0.065764025,0.0,0,0,1,0,0
8334,-1,0,-0.44229305,0.3911947,0,1,unassigned,20.0,20.0,0.0,1.0,0.0,0.0,0.034816246,0.0,0,0,0,0,0
8335,-1,1,-0.67571056,0.33721936,0,1,unassigned,39.0,39.0,0.0,1.0,0.0,0.0,0.07156673,0.0,1,0,0,0,0
8336,-1,1,-0.7003092,0.33174366,0,1,unassigned,2.0,2.0,0.0,1.0,0.0,0.0,0.0,0.0,1,0,0,0,0
8337,-1,0,1.6576412,0.8399211,1,1,unassigned,3.0,3.0,0.0,1.0,0.0,0.0,0.001934236,0.0,0,0,0,1,0
8338,-1,0,0.4543212,0.61166614,1,1,unassigned,15.0,15.0,0.0,1.0,0.0,0.0,0.025145067,0.0,0,0,0,1,0
8339,-1,0,-0.13339013,0.46670184,0,1,unassigned,11.0,11.0,0.0,1.0,0.0,0.0,0.017408123,0.0,0,0,0,0,0
8340,0,0,1.9748285,0.87812877,1,1,test,14.0,11.0,3.0,0.78571427,0.21428572,0.21428573,0.023210831,0.0049737496,0,0,0,1,0
8341,-1,0,1.6854141,0.84362006,1,1,unassigned,2.0,2.0,0.0,1.0,0.0,0.0,0.0,0.0,0,0,0,1,0
8342,-1,0,-0.32593548,0.41922992,0,1,unassigned,14.0,14.0,0.0,1.0,0.0,0.0,0.023210831,0.0,0,0,0,0,0
8343,-1,1,-0.61277556,0.3514263,0,1,unassigned,19.0,19.0,0.0,1.0,0.0,0.0,0.032882012,0.0,1,0,0,0,0
8344,-1,0,-0.35701302,0.4116828,0,1,unassigned,9.0,9.0,0.0,1.0,0.0,0.0,0.013539651,0.0,0,0,0,0,0
8345,-1,0,-0.5176078,0.37341177,0,1,unassigned,28.0,27.0,1.0,0.96428573,0.035714287,0.03571427,0.050290134,0.0017960763,0,0,0,0,0
8346,-1,0,-0.08638251,0.47841778,0,1,unassigned,19.0,19.0,0.0,1.0,0.0,0.0,0.032882012,0.0,0,0,0,0,0
8347,1,0,0.14338815,0.53578573,1,0,val,32.0,30.0,2.0,0.9375,0.0625,0.0625,0.058027077,0.0036266923,0,0,1,1,0
8348,-1,0,0.15108955,0.5377007,1,1,unassigned,11.0,11.0,0.0,1.0,0.0,0.0,0.017408123,0.0,0,0,0,1,0
8349,-1,0,0.9276801,0.71660435,1,1,unassigned,28.0,28.0,0.0,1.0,0.0,0.0,0.050290134,0.0,0,0,0,1,0
8350,-1,1,7.209376,0.99926096,1,1,unassigned,5.0,5.0,0.0,1.0,0.0,0.0,0.0058027077,0.0,1,0,0,1,1
8351,-1,0,1.6552813,0.8396035,1,1,unassigned,10.0,9.0,1.0,0.9,0.1,0.100000024,0.015473888,0.0015473888,0,0,0,1,0
8352,-1,0,-0.6390525,0.34546074,0,1,unassigned,35.0,35.0,0.0,1.0,0.0,0.0,0.06382979,0.0,0,0,0,0,0
8353,-1,1,3.5452373,0.97194785,1,1,unassigned,4.0,4.0,0.0,1.0,0.0,0.0,0.003868472,0.0,1,0,0,1,1
8354,0,0,-0.20432392,0.44909596,0,0,val,12.0,12.0,0.0,1.0,0.0,0.0,0.01934236,0.0,0,0,1,0,0
8355,-1,1,-0.20962992,0.44778362,0,1,unassigned,5.0,4.0,1.0,0.8,0.2,0.19999999,0.0058027077,0.0011605415,1,0,0,0,0
8356,-1,0,1.3026428,0.78627944,1,1,unassigned,4.0,4.0,0.0,1.0,0.0,0.0,0.003868472,0.0,0,0,0,1,0
8357,-1,0,10.398148,0.9999695,1,1,unassigned,2.0,2.0,0.0,1.0,0.0,0.0,0.0,0.0,0,0,0,1,1
8358,-1,1,-0.03376478,0.4915596,0,1,unassigned,2.0,2.0,0.0,1.0,0.0,0.0,0.0,0.0,1,0,0,0,0
8359,-1,0,2.7424488,0.93948543,1,1,unassigned,33.0,32.0,1.0,0.969697,0.030303031,0.030303001,0.059961315,0.0018170096,0,0,0,1,1
8360,-1,0,0.77254957,0.68407214,1,1,unassigned,83.0,79.0,4.0,0.9518072,0.04819277,0.0481928,0.15667312,0.0075505115,0,0,0,1,0
8361,-1,0,3.237522,0.9622221,1,1,unassigned,3.0,3.0,0.0,1.0,0.0,0.0,0.001934236,0.0,0,0,0,1,1
8362,-1,0,0.14041156,0.5350453,1,1,unassigned,6.0,6.0,0.0,1.0,0.0,0.0,0.007736944,0.0,0,0,0,1,0
8363,-1,0,-0.411547,0.39854127,0,1,unassigned,10.0,8.0,2.0,0.8,0.2,0.19999999,0.015473888,0.0030947777,0,0,0,0,0
8364,-1,0,1.6149225,0.8340937,1,1,unassigned,14.0,14.0,0.0,1.0,0.0,0.0,0.023210831,0.0,0,0,0,1,0
8365,-1,0,2.8749876,0.946596,1,1,unassigned,6.0,5.0,1.0,0.8333333,0.16666667,0.16666669,0.007736944,0.0012894907,0,0,0,1,1
8366,-1,0,-0.5659082,0.3621815,0,1,unassigned,2.0,2.0,0.0,1.0,0.0,0.0,0.0,0.0,0,0,0,0,0
8367,-1,0,4.498178,0.9889932,1,1,unassigned,5.0,4.0,1.0,0.8,0.2,0.19999999,0.0058027077,0.0011605415,0,0,0,1,1
8368,-1,0,0.8790248,0.7066201,1,1,unassigned,15.0,14.0,1.0,0.93333334,0.06666667,0.06666666,0.025145067,0.0016763379,0,0,0,1,0
8369,-1,1,1.093709,0.7490795,1,1,unassigned,2.0,2.0,0.0,1.0,0.0,0.0,0.0,0.0,1,0,0,1,0
8370,-1,0,3.8496563,0.9791566,1,1,unassigned,16.0,16.0,0.0,1.0,0.0,0.0,0.027079303,0.0,0,0,0,1,1
8371,-1,0,-0.47604978,0.38318536,0,1,unassigned,2.0,2.0,0.0,1.0,0.0,0.0,0.0,0.0,0,0,0,0,0
8372,1,0,3.079001,0.95601815,1,0,unassigned,2.0,2.0,0.0,1.0,0.0,0.0,0.0,0.0,0,0,1,1,1
8373,-1,0,4.188187,0.985053,1,1,unassigned,3.0,2.0,1.0,0.6666667,0.33333334,0.3333333,0.001934236,0.00064474536,0,0,0,1,1
8374,-1,0,6.3766694,0.9983021,1,1,unassigned,18.0,16.0,2.0,0.8888889,0.11111111,0.111111104,0.030947777,0.0034386418,0,0,0,1,1
8375,-1,0,0.45200056,0.6111148,1,1,unassigned,7.0,6.0,1.0,0.85714287,0.14285715,0.14285713,0.00967118,0.0013815971,0,0,0,1,0
8376,-1,0,-0.31847912,0.42104647,0,1,unassigned,80.0,80.0,0.0,1.0,0.0,0.0,0.15087041,0.0,0,0,0,0,0
8377,-1,0,7.9069753,0.999632,1,1,unassigned,3.0,3.0,0.0,1.0,0.0,0.0,0.001934236,0.0,0,0,0,1,1
8378,-1,0,0.34236127,0.584764,1,1,unassigned,3.0,3.0,0.0,1.0,0.0,0.0,0.001934236,0.0,0,0,0,1,0
8379,-1,0,2.9996727,0.95255935,1,1,unassigned,2.0,1.0,1.0,0.5,0.5,0.5,0.0,0.0,0,0,0,1,1
8380,1,1,2.0281746,0.8837237,1,0,val,33.0,28.0,5.0,0.8484849,0.15151516,0.15151513,0.059961315,0.009085048,1,0,1,1,0
8381,-1,1,0.12334865,0.53079814,1,1,unassigned,10.0,10.0,0.0,1.0,0.0,0.0,0.015473888,0.0,1,0,0,1,0
8382,-1,1,-0.16905093,0.45783767,0,1,unassigned,3.0,3.0,0.0,1.0,0.0,0.0,0.001934236,0.0,1,0,0,0,0
8383,-1,1,-0.9115529,0.28668216,0,1,unassigned,37.0,36.0,1.0,0.972973,0.027027028,0.02702701,0.06769826,0.0018296828,1,0,0,0,0
8384,0,0,-0.3041926,0.4245329,0,0,val,8.0,8.0,0.0,1.0,0.0,0.0,0.0116054155,0.0,0,0,1,0,0
8385,1,0,9.575729,0.9999306,1,0,val,8.0,7.0,1.0,0.875,0.125,0.125,0.0116054155,0.0014506769,0,0,1,1,1
8386,-1,1,1.8607199,0.8653808,1,1,unassigned,11.0,10.0,1.0,0.90909094,0.09090909,0.090909064,0.017408123,0.0015825568,1,0,0,1,0
8387,-1,1,-0.71073544,0.32943636,0,1,unassigned,30.0,28.0,2.0,0.93333334,0.06666667,0.06666666,0.054158606,0.003610574,1,0,0,0,0
8388,0,1,1.8546476,0.8646719,1,1,test,39.0,34.0,5.0,0.8717949,0.12820514,0.12820512,0.07156673,0.009175222,1,0,0,1,0
8389,-1,0,1.2655315,0.77997684,1,1,unassigned,2.0,2.0,0.0,1.0,0.0,0.0,0.0,0.0,0,0,0,1,0
8390,-1,1,8.699754,0.99983335,1,1,unassigned,6.0,5.0,1.0,0.8333333,0.16666667,0.16666669,0.007736944,0.0012894907,1,0,0,1,1
8391,-1,1,2.752335,0.9400451,1,1,unassigned,42.0,37.0,5.0,0.88095236,0.11904762,0.11904764,0.07736944,0.009210647,1,0,0,1,1
8392,-1,0,-0.78495777,0.31325236,0,1,unassigned,42.0,42.0,0.0,1.0,0.0,0.0,0.07736944,0.0,0,0,0,0,0
8393,-1,0,0.3753643,0.59275454,1,1,unassigned,41.0,41.0,0.0,1.0,0.0,0.0,0.07543521,0.0,0,0,0,1,0
8394,-1,0,0.11103284,0.52772975,1,1,unassigned,20.0,19.0,1.0,0.95,0.05,0.050000012,0.034816246,0.0017408123,0,0,0,1,0
8395,-1,0,-0.8991463,0.28922597,0,1,unassigned,157.0,152.0,5.0,0.9681529,0.031847134,0.03184712,0.29980657,0.00954798,0,0,0,0,0
8396,-1,0,1.08412,0.74727285,1,1,unassigned,51.0,50.0,1.0,0.98039216,0.019607844,0.019607842,0.09477756,0.0018583836,0,0,0,1,0
8397,-1,0,-0.4094159,0.39905217,0,1,unassigned,57.0,56.0,1.0,0.98245615,0.01754386,0.017543852,0.10638298,0.0018663681,0,0,0,0,0
8398,-1,0,0.50077873,0.6226423,1,1,unassigned,2.0,2.0,0.0,1.0,0.0,0.0,0.0,0.0,0,0,0,1,0
8399,-1,1,4.584024,0.98988956,1,1,unassigned,10.0,10.0,0.0,1.0,0.0,0.0,0.015473888,0.0,1,0,0,1,1
8400,-1,1,1.621664,0.83502454,1,1,unassigned,16.0,16.0,0.0,1.0,0.0,0.0,0.027079303,0.0,1,0,0,1,0
8401,-1,0,-0.5065088,0.3760123,0,1,unassigned,43.0,43.0,0.0,1.0,0.0,0.0,0.079303674,0.0,0,0,0,0,0
8402,-1,0,0.957709,0.7226628,1,1,unassigned,31.0,31.0,0.0,1.0,0.0,0.0,0.056092843,0.0,0,0,0,1,0
8403,-1,1,1.4020822,0.80251414,1,1,unassigned,7.0,7.0,0.0,1.0,0.0,0.0,0.00967118,0.0,1,0,0,1,0
8404,-1,1,1.0696201,0.74452466,1,1,unassigned,13.0,12.0,1.0,0.9230769,0.07692308,0.07692307,0.021276595,0.0016366612,1,0,0,1,0
8405,-1,1,-0.678543,0.33658656,0,1,unassigned,37.0,33.0,4.0,0.8918919,0.10810811,0.1081081,0.06769826,0.0073187314,1,0,0,0,0
8406,-1,0,5.377251,0.9954007,1,1,unassigned,2.0,2.0,0.0,1.0,0.0,0.0,0.0,0.0,0,0,0,1,1
8407,-1,0,4.1406474,0.98433673,1,1,unassigned,7.0,7.0,0.0,1.0,0.0,0.0,0.00967118,0.0,0,0,0,1,1
8408,-1,0,-0.573861,0.3603464,0,1,unassigned,5.0,1.0,4.0,0.2,0.8,0.8,0.0058027077,0.004642166,0,0,0,0,0
8409,-1,1,-0.7398901,0.32302818,0,1,unassigned,11.0,11.0,0.0,1.0,0.0,0.0,0.017408123,0.0,1,0,0,0,0
8410,-1,1,1.0247612,0.735899,1,1,unassigned,7.0,7.0,0.0,1.0,0.0,0.0,0.00967118,0.0,1,0,0,1,0
8411,-1,0,-0.31292787,0.4224002,0,1,unassigned,39.0,35.0,4.0,0.8974359,0.102564104,0.1025641,0.07156673,0.0073401774,0,0,0,0,0
8412,-1,0,-0.19165036,0.45223352,0,1,unassigned,37.0,37.0,0.0,1.0,0.0,0.0,0.06769826,0.0,0,0,0,0,0
8413,-1,0,0.17545068,0.5437505,1,1,unassigned,30.0,30.0,0.0,1.0,0.0,0.0,0.054158606,0.0,0,0,0,1,0
8414,-1,0,-0.9707283,0.27473533,0,1,unassigned,14.0,14.0,0.0,1.0,0.0,0.0,0.023210831,0.0,0,0,0,0,0
8415,0,0,-0.55962664,0.36363384,0,0,unassigned,40.0,40.0,0.0,1.0,0.0,0.0,0.07350097,0.0,0,0,1,0,0
8416,1,0,7.0259843,0.9991123,1,0,unassigned,6.0,6.0,0.0,1.0,0.0,0.0,0.007736944,0.0,0,0,1,1,1
8417,-1,0,-0.5542918,0.36486924,0,1,unassigned,18.0,17.0,1.0,0.9444444,0.055555556,0.055555582,0.030947777,0.0017193209,0,0,0,0,0
8418,-1,0,-0.46504867,0.38578883,0,1,unassigned,22.0,21.0,1.0,0.95454544,0.045454547,0.04545456,0.03868472,0.0017583964,0,0,0,0,0
8419,-1,0,-0.50612974,0.3761012,0,1,unassigned,7.0,7.0,0.0,1.0,0.0,0.0,0.00967118,0.0,0,0,0,0,0
8420,-1,0,-0.56131124,0.36324412,0,1,unassigned,35.0,34.0,1.0,0.9714286,0.028571429,0.028571427,0.06382979,0.0018237082,0,0,0,0,0
8421,-1,0,-0.004112065,0.49897197,0,1,unassigned,15.0,15.0,0.0,1.0,0.0,0.0,0.025145067,0.0,0,0,0,0,0
8422,-1,0,-0.45003405,0.38935268,0,1,unassigned,2.0,2.0,0.0,1.0,0.0,0.0,0.0,0.0,0,0,0,0,0
8423,-1,0,-0.6510426,0.3427546,0,1,unassigned,35.0,35.0,0.0,1.0,0.0,0.0,0.06382979,0.0,0,0,0,0,0
8424,-1,0,-0.77443165,0.3155212,0,1,unassigned,45.0,44.0,1.0,0.9777778,0.022222223,0.02222222,0.08317215,0.0018482701,0,0,0,0,0
8425,-1,0,-0.7791328,0.31450683,0,1,unassigned,68.0,67.0,1.0,0.9852941,0.014705882,0.014705896,0.12765957,0.0018773467,0,0,0,0,0
8426,-1,0,-0.6304979,0.34739763,0,1,unassigned,67.0,67.0,0.0,1.0,0.0,0.0,0.12572534,0.0,0,0,0,0,0
8427,-1,1,-0.38004738,0.4061155,0,1,unassigned,61.0,56.0,5.0,0.91803277,0.08196721,0.081967235,0.114119925,0.009354092,1,0,0,0,0
8428,-1,0,-0.10438132,0.47392833,0,1,unassigned,59.0,59.0,0.0,1.0,0.0,0.0,0.11025145,0.0,0,0,0,0,0
8429,0,0,-0.31597888,0.42165607,0,0,unassigned,66.0,65.0,1.0,0.9848485,0.015151516,0.015151501,0.123791106,0.0018756229,0,0,1,0,0
8430,-1,0,-0.047938347,0.48801768,0,1,unassigned,35.0,32.0,3.0,0.9142857,0.08571429,0.08571428,0.06382979,0.005471125,0,0,0,0,0
8431,-1,1,-0.42304245,0.39578897,0,1,unassigned,27.0,26.0,1.0,0.962963,0.037037037,0.037037015,0.0483559,0.0017909593,1,0,0,0,0
8432,-1,0,-0.57739,0.35953337,0,1,unassigned,75.0,74.0,1.0,0.9866667,0.013333334,0.013333321,0.14119923,0.0018826565,0,0,0,0,0
8433,-1,0,-0.06332964,0.48417282,0,1,unassigned,31.0,31.0,0.0,1.0,0.0,0.0,0.056092843,0.0,0,0,0,0,0
8434,-1,0,16.03777,0.9999999,1,1,unassigned,2.0,2.0,0.0,1.0,0.0,0.0,0.0,0.0,0,0,0,1,1
8435,-1,0,0.5168192,0.6264037,1,1,unassigned,5.0,5.0,0.0,1.0,0.0,0.0,0.0058027077,0.0,0,0,0,1,0
8436,-1,0,1.6462638,0.83838546,1,1,unassigned,9.0,8.0,1.0,0.8888889,0.11111111,0.111111104,0.013539651,0.0015044058,0,0,0,1,0
8437,-1,0,5.4403157,0.9956806,1,1,unassigned,2.0,2.0,0.0,1.0,0.0,0.0,0.0,0.0,0,0,0,1,1
8438,-1,1,10.240759,0.99996436,1,1,unassigned,26.0,24.0,2.0,0.9230769,0.07692308,0.07692307,0.046421662,0.0035708973,1,0,0,1,1
8439,-1,0,7.518084,0.9994572,1,1,unassigned,13.0,12.0,1.0,0.9230769,0.07692308,0.07692307,0.021276595,0.0016366612,0,0,0,1,1
8440,-1,0,1.9061234,0.870583,1,1,unassigned,9.0,8.0,1.0,0.8888889,0.11111111,0.111111104,0.013539651,0.0015044058,0,0,0,1,0
8441,-1,0,2.098738,0.89078045,1,1,unassigned,13.0,12.0,1.0,0.9230769,0.07692308,0.07692307,0.021276595,0.0016366612,0,0,0,1,0
8442,-1,1,11.049204,0.99998415,1,1,unassigned,12.0,11.0,1.0,0.9166667,0.083333336,0.08333331,0.01934236,0.0016118633,1,0,0,1,1
8443,-1,1,7.6018996,0.99950075,1,1,unassigned,2.0,2.0,0.0,1.0,0.0,0.0,0.0,0.0,1,0,0,1,1
8444,-1,0,-0.8407134,0.30138454,0,1,unassigned,2.0,2.0,0.0,1.0,0.0,0.0,0.0,0.0,0,0,0,0,0
8445,-1,1,-0.7087095,0.32988405,0,1,unassigned,19.0,17.0,2.0,0.8947368,0.10526316,0.10526317,0.032882012,0.0034612645,1,0,0,0,0
8446,0,0,-0.6154174,0.35082442,0,0,unassigned,16.0,15.0,1.0,0.9375,0.0625,0.0625,0.027079303,0.0016924564,0,0,1,0,0
8447,-1,0,0.8630751,0.70330274,1,1,unassigned,2.0,2.0,0.0,1.0,0.0,0.0,0.0,0.0,0,0,0,1,0
8448,-1,0,-0.1477471,0.46313027,0,1,unassigned,2.0,2.0,0.0,1.0,0.0,0.0,0.0,0.0,0,0,0,0,0
8449,-1,0,1.0519979,0.74115837,1,1,unassigned,8.0,8.0,0.0,1.0,0.0,0.0,0.0116054155,0.0,0,0,0,1,0
8450,-1,0,-0.18870914,0.4529622,0,1,unassigned,16.0,16.0,0.0,1.0,0.0,0.0,0.027079303,0.0,0,0,0,0,0
8451,-1,0,0.069206715,0.51729476,1,1,unassigned,7.0,7.0,0.0,1.0,0.0,0.0,0.00967118,0.0,0,0,0,1,0
8452,-1,0,-0.24276,0.4396063,0,1,unassigned,33.0,33.0,0.0,1.0,0.0,0.0,0.059961315,0.0,0,0,0,0,0
8453,-1,0,0.68274623,0.66435134,1,1,unassigned,18.0,17.0,1.0,0.9444444,0.055555556,0.055555582,0.030947777,0.0017193209,0,0,0,1,0
8454,-1,0,-0.4364828,0.39257938,0,1,unassigned,43.0,42.0,1.0,0.9767442,0.023255814,0.023255825,0.079303674,0.0018442714,0,0,0,0,0
8455,-1,0,-0.36883068,0.4088236,0,1,unassigned,29.0,29.0,0.0,1.0,0.0,0.0,0.05222437,0.0,0,0,0,0,0
8456,-1,0,-0.8361759,0.3023408,0,1,unassigned,79.0,78.0,1.0,0.98734176,0.012658228,0.012658238,0.14893617,0.001885268,0,0,0,0,0
8457,-1,0,-0.5993125,0.35450098,0,1,unassigned,20.0,19.0,1.0,0.95,0.05,0.050000012,0.034816246,0.0017408123,0,0,0,0,0
8458,-1,0,-0.4602366,0.3869297,0,1,unassigned,31.0,29.0,2.0,0.9354839,0.06451613,0.06451613,0.056092843,0.003618893,0,0,0,0,0
8459,-1,0,-0.64057726,0.34511608,0,1,unassigned,141.0,140.0,1.0,0.9929078,0.0070921984,0.007092178,0.2688588,0.0019067999,0,0,0,0,0
8460,-1,1,-0.35471758,0.4122389,0,1,unassigned,72.0,63.0,9.0,0.875,0.125,0.125,0.13539653,0.016924566,1,0,0,0,0
8461,-1,0,-0.1551606,0.4612875,0,1,unassigned,50.0,50.0,0.0,1.0,0.0,0.0,0.092843324,0.0,0,0,0,0,0
8462,-1,0,-0.73400927,0.32431552,0,1,unassigned,35.0,35.0,0.0,1.0,0.0,0.0,0.06382979,0.0,0,0,0,0,0
8463,-1,0,-0.50557005,0.37623256,0,1,unassigned,33.0,33.0,0.0,1.0,0.0,0.0,0.059961315,0.0,0,0,0,0,0
8464,-1,0,-0.7971982,0.31062517,0,1,unassigned,55.0,55.0,0.0,1.0,0.0,0.0,0.102514505,0.0,0,0,0,0,0
8465,-1,0,-0.72714424,0.32582173,0,1,unassigned,79.0,77.0,2.0,0.9746835,0.025316456,0.025316477,0.14893617,0.003770536,0,0,0,0,0
8466,-1,0,0.8671779,0.7041582,1,1,unassigned,117.0,116.0,1.0,0.991453,0.008547009,0.008547008,0.22243714,0.0019011722,0,0,0,1,0
8467,-1,0,-0.12240118,0.46943787,0,1,unassigned,39.0,39.0,0.0,1.0,0.0,0.0,0.07156673,0.0,0,0,0,0,0
8468,-1,0,-0.0493837,0.4876566,0,1,unassigned,11.0,11.0,0.0,1.0,0.0,0.0,0.017408123,0.0,0,0,0,0,0
8469,-1,0,-0.9700559,0.27486935,0,1,unassigned,47.0,46.0,1.0,0.9787234,0.021276595,0.021276593,0.08704062,0.001851928,0,0,0,0,0
8470,1,0,0.4288321,0.60559475,1,0,val,16.0,15.0,1.0,0.9375,0.0625,0.0625,0.027079303,0.0016924564,0,0,1,1,0
8471,-1,1,1.7289932,0.8492836,1,1,unassigned,3.0,3.0,0.0,1.0,0.0,0.0,0.001934236,0.0,1,0,0,1,0
8472,1,1,-1.7767324,0.14470708,0,1,unassigned,2.0,2.0,0.0,1.0,0.0,0.0,0.0,0.0,1,0,0,0,0
8473,-1,1,0.0282076,0.5070514,1,1,unassigned,6.0,6.0,0.0,1.0,0.0,0.0,0.007736944,0.0,1,0,0,1,0
8474,-1,0,-0.9321317,0.28249243,0,1,unassigned,34.0,34.0,0.0,1.0,0.0,0.0,0.061895553,0.0,0,0,0,0,0
8475,-1,0,-0.5219002,0.372408,0,1,unassigned,40.0,40.0,0.0,1.0,0.0,0.0,0.07350097,0.0,0,0,0,0,0
8476,-1,0,-0.7137587,0.32876885,0,1,unassigned,53.0,52.0,1.0,0.9811321,0.018867925,0.01886791,0.09864604,0.0018612461,0,0,0,0,0
8477,-1,0,-0.42090446,0.39630035,0,1,unassigned,2.0,2.0,0.0,1.0,0.0,0.0,0.0,0.0,0,0,0,0,0
8478,1,1,3.4275107,0.96855336,1,0,unassigned,5.0,5.0,0.0,1.0,0.0,0.0,0.0058027077,0.0,1,0,1,1,1
8479,1,0,7.494889,0.9994444,1,0,unassigned,8.0,3.0,5.0,0.375,0.625,0.625,0.0116054155,0.0072533847,0,0,1,1,1
8480,0,0,-0.08679992,0.47831362,0,0,val,7.0,5.0,2.0,0.71428573,0.2857143,0.28571427,0.00967118,0.0027631943,0,0,1,0,0
8481,-1,0,-0.82790697,0.3040878,0,1,unassigned,18.0,18.0,0.0,1.0,0.0,0.0,0.030947777,0.0,0,0,0,0,0
8482,0,1,-0.7103003,0.32953247,0,0,unassigned,9.0,9.0,0.0,1.0,0.0,0.0,0.013539651,0.0,1,0,1,0,0
8483,-1,0,-0.8772401,0.29375002,0,1,unassigned,113.0,105.0,8.0,0.9292035,0.07079646,0.07079649,0.21470019,0.015200013,0,0,0,0,0
8484,-1,0,-0.025797427,0.493551,0,1,unassigned,67.0,67.0,0.0,1.0,0.0,0.0,0.12572534,0.0,0,0,0,0,0
8485,1,1,0.7844351,0.68663514,1,0,unassigned,4.0,4.0,0.0,1.0,0.0,0.0,0.003868472,0.0,1,0,1,1,0
8486,-1,1,-0.16256422,0.4594482,0,1,unassigned,56.0,54.0,2.0,0.96428573,0.035714287,0.03571427,0.10444874,0.0037303125,1,0,0,0,0
8487,0,1,-0.8130697,0.30723676,0,0,unassigned,14.0,14.0,0.0,1.0,0.0,0.0,0.023210831,0.0,1,0,1,0,0
8488,-1,1,-0.45236346,0.38879898,0,1,unassigned,24.0,24.0,0.0,1.0,0.0,0.0,0.04255319,0.0,1,0,0,0,0
8489,-1,0,-0.7445944,0.3220003,0,1,unassigned,77.0,74.0,3.0,0.96103895,0.038961038,0.038961053,0.14506769,0.0056519876,0,0,0,0,0
8490,-1,1,3.6835053,0.97548157,1,1,unassigned,6.0,6.0,0.0,1.0,0.0,0.0,0.007736944,0.0,1,0,0,1,1
8491,-1,0,-0.8287606,0.3039072,0,1,unassigned,3.0,3.0,0.0,1.0,0.0,0.0,0.001934236,0.0,0,0,0,0,0
8492,-1,1,4.468065,0.9886606,1,1,unassigned,3.0,3.0,0.0,1.0,0.0,0.0,0.001934236,0.0,1,0,0,1,1
8493,0,1,-3.181502,0.039867792,0,0,test,2.0,2.0,0.0,1.0,0.0,0.0,0.0,0.0,1,0,1,0,1
8494,-1,1,0.659774,0.6592096,1,1,unassigned,5.0,4.0,1.0,0.8,0.2,0.19999999,0.0058027077,0.0011605415,1,0,0,1,0
8495,0,0,-0.87988913,0.29320076,0,0,unassigned,2.0,2.0,0.0,1.0,0.0,0.0,0.0,0.0,0,0,1,0,0
8496,-1,1,-0.3974834,0.4019171,0,1,unassigned,3.0,3.0,0.0,1.0,0.0,0.0,0.001934236,0.0,1,0,0,0,0
8497,-1,1,1.7627199,0.85354996,1,1,unassigned,8.0,8.0,0.0,1.0,0.0,0.0,0.0116054155,0.0,1,0,0,1,0
8498,-1,0,6.416481,0.9983683,1,1,unassigned,11.0,11.0,0.0,1.0,0.0,0.0,0.017408123,0.0,0,0,0,1,1
8499,-1,0,0.42430925,0.60451394,1,1,unassigned,16.0,16.0,0.0,1.0,0.0,0.0,0.027079303,0.0,0,0,0,1,0
8500,-1,0,1.2351379,0.7747166,1,1,unassigned,11.0,11.0,0.0,1.0,0.0,0.0,0.017408123,0.0,0,0,0,1,0
8501,-1,1,3.897939,0.9801195,1,1,unassigned,28.0,22.0,6.0,0.78571427,0.21428572,0.21428573,0.050290134,0.010776457,1,0,0,1,1
8502,-1,1,-0.0006813407,0.4998297,0,1,unassigned,14.0,14.0,0.0,1.0,0.0,0.0,0.023210831,0.0,1,0,0,0,0
8503,-1,1,-0.5387994,0.3684669,0,1,unassigned,43.0,43.0,0.0,1.0,0.0,0.0,0.079303674,0.0,1,0,0,0,0
8504,0,1,-0.68062717,0.33612132,0,0,val,59.0,58.0,1.0,0.9830508,0.016949153,0.016949177,0.11025145,0.0018686686,1,0,1,0,0
8505,-1,0,1.8325598,0.86206645,1,1,unassigned,35.0,34.0,1.0,0.9714286,0.028571429,0.028571427,0.06382979,0.0018237082,0,0,0,1,0
8506,1,0,3.0217988,0.9535492,1,0,unassigned,3.0,3.0,0.0,1.0,0.0,0.0,0.001934236,0.0,0,0,1,1,1
8507,-1,0,-0.5662293,0.36210737,0,1,unassigned,21.0,21.0,0.0,1.0,0.0,0.0,0.036750484,0.0,0,0,0,0,0
8508,-1,0,4.7391057,0.9913293,1,1,unassigned,4.0,4.0,0.0,1.0,0.0,0.0,0.003868472,0.0,0,0,0,1,1
8509,1,1,1.8075516,0.85906565,1,0,val,10.0,8.0,2.0,0.8,0.2,0.19999999,0.015473888,0.0030947777,1,0,1,1,0
8510,-1,0,2.037602,0.88468885,1,1,unassigned,2.0,2.0,0.0,1.0,0.0,0.0,0.0,0.0,0,0,0,1,0
8511,0,1,-0.11278987,0.4718324,0,0,val,13.0,13.0,0.0,1.0,0.0,0.0,0.021276595,0.0,1,0,1,0,0
8512,-1,0,1.2466893,0.77672625,1,1,unassigned,36.0,36.0,0.0,1.0,0.0,0.0,0.065764025,0.0,0,0,0,1,0
8513,-1,1,-0.5783317,0.35931656,0,1,unassigned,3.0,3.0,0.0,1.0,0.0,0.0,0.001934236,0.0,1,0,0,0,0
8514,-1,0,-0.70463556,0.33078527,0,1,unassigned,29.0,29.0,0.0,1.0,0.0,0.0,0.05222437,0.0,0,0,0,0,0
8515,-1,0,0.35061997,0.5867679,1,1,unassigned,4.0,4.0,0.0,1.0,0.0,0.0,0.003868472,0.0,0,0,0,1,0
8516,-1,0,0.93286425,0.717656,1,1,unassigned,11.0,9.0,2.0,0.8181818,0.18181819,0.18181819,0.017408123,0.0031651135,0,0,0,1,0
8517,-1,0,2.3352864,0.9117575,1,1,unassigned,5.0,5.0,0.0,1.0,0.0,0.0,0.0058027077,0.0,0,0,0,1,1
8518,-1,0,1.1351061,0.75677997,1,1,unassigned,6.0,6.0,0.0,1.0,0.0,0.0,0.007736944,0.0,0,0,0,1,0
8519,-1,0,2.0522835,0.8861782,1,1,unassigned,3.0,3.0,0.0,1.0,0.0,0.0,0.001934236,0.0,0,0,0,1,0
8520,-1,0,-0.16315004,0.45930275,0,1,unassigned,8.0,8.0,0.0,1.0,0.0,0.0,0.0116054155,0.0,0,0,0,0,0
8521,-1,0,-0.76409614,0.3177576,0,1,unassigned,50.0,50.0,0.0,1.0,0.0,0.0,0.092843324,0.0,0,0,0,0,0
8522,-1,1,0.28143632,0.5698983,1,1,unassigned,39.0,39.0,0.0,1.0,0.0,0.0,0.07156673,0.0,1,0,0,1,0
8523,-1,0,-0.08401173,0.4790094,0,1,unassigned,3.0,2.0,1.0,0.6666667,0.33333334,0.3333333,0.001934236,0.00064474536,0,0,0,0,0
8524,-1,1,-0.31710574,0.42138126,0,1,unassigned,37.0,37.0,0.0,1.0,0.0,0.0,0.06769826,0.0,1,0,0,0,0
8525,-1,0,3.7234185,0.9764182,1,1,unassigned,2.0,2.0,0.0,1.0,0.0,0.0,0.0,0.0,0,0,0,1,1
8526,-1,0,-0.47450688,0.38355005,0,1,unassigned,101.0,100.0,1.0,0.990099,0.00990099,0.009900987,0.19148937,0.0018959343,0,0,0,0,0
8527,-1,0,3.1412466,0.95856243,1,1,unassigned,2.0,2.0,0.0,1.0,0.0,0.0,0.0,0.0,0,0,0,1,1
8528,-1,0,0.95798784,0.7227187,1,1,unassigned,2.0,2.0,0.0,1.0,0.0,0.0,0.0,0.0,0,0,0,1,0
8529,-1,1,4.7333894,0.99128014,1,1,unassigned,2.0,2.0,0.0,1.0,0.0,0.0,0.0,0.0,1,0,0,1,1
8530,-1,0,-0.3904746,0.40360308,0,1,unassigned,98.0,98.0,0.0,1.0,0.0,0.0,0.18568665,0.0,0,0,0,0,0
8531,1,1,-0.22566324,0.44382238,0,1,val,21.0,20.0,1.0,0.95238096,0.04761905,0.047619045,0.036750484,0.0017500231,1,0,0,0,0
8532,-1,0,2.2664335,0.9060586,1,1,unassigned,42.0,38.0,4.0,0.9047619,0.0952381,0.09523809,0.07736944,0.007368518,0,0,0,1,1
8533,-1,0,0.54176193,0.6322222,1,1,unassigned,26.0,26.0,0.0,1.0,0.0,0.0,0.046421662,0.0,0,0,0,1,0
8534,-1,1,-0.27228397,0.4323465,0,1,unassigned,22.0,22.0,0.0,1.0,0.0,0.0,0.03868472,0.0,1,0,0,0,0
8535,1,0,0.73067075,0.67495245,1,0,train,23.0,23.0,0.0,1.0,0.0,0.0,0.040618956,0.0,0,0,1,1,0
8536,-1,0,-0.30648157,0.4239738,0,1,unassigned,2.0,2.0,0.0,1.0,0.0,0.0,0.0,0.0,0,0,0,0,0
8537,0,0,0.9227348,0.715599,1,1,unassigned,12.0,12.0,0.0,1.0,0.0,0.0,0.01934236,0.0,0,0,0,1,0
8538,-1,0,-0.8298689,0.3036728,0,1,unassigned,99.0,99.0,0.0,1.0,0.0,0.0,0.1876209,0.0,0,0,0,0,0
8539,-1,0,9.516861,0.99992645,1,1,unassigned,12.0,10.0,2.0,0.8333333,0.16666667,0.16666669,0.01934236,0.0032237265,0,0,0,1,1
8540,-1,1,2.5664175,0.92866874,1,1,unassigned,61.0,61.0,0.0,1.0,0.0,0.0,0.114119925,0.0,1,0,0,1,1
8541,-1,0,-0.17562705,0.45620573,0,1,unassigned,6.0,5.0,1.0,0.8333333,0.16666667,0.16666669,0.007736944,0.0012894907,0,0,0,0,0
8542,1,0,-0.22774911,0.44330758,0,1,val,34.0,33.0,1.0,0.9705882,0.029411765,0.029411793,0.061895553,0.0018204574,0,0,0,0,0
8543,-1,1,-0.81889427,0.30599844,0,1,unassigned,27.0,23.0,4.0,0.8518519,0.14814815,0.14814812,0.0483559,0.007163837,1,0,0,0,0
8544,-1,0,-0.51679355,0.37360233,0,1,unassigned,25.0,25.0,0.0,1.0,0.0,0.0,0.044487428,0.0,0,0,0,0,0
8545,-1,1,-0.6334195,0.3467356,0,1,unassigned,17.0,17.0,0.0,1.0,0.0,0.0,0.029013539,0.0,1,0,0,0,0
8546,-1,0,-0.5992025,0.35452616,0,1,unassigned,76.0,75.0,1.0,0.9868421,0.013157895,0.013157904,0.14313346,0.0018833351,0,0,0,0,0
8547,-1,1,1.0523701,0.7412297,1,1,unassigned,25.0,24.0,1.0,0.96,0.04,0.04000002,0.044487428,0.001779497,1,0,0,1,0
8548,0,0,-0.9835497,0.272188,0,0,test,26.0,26.0,0.0,1.0,0.0,0.0,0.046421662,0.0,0,0,1,0,0
8549,-1,0,-0.99496484,0.26993254,0,1,unassigned,26.0,25.0,1.0,0.96153843,0.03846154,0.038461566,0.046421662,0.0017854486,0,0,0,0,0
8550,0,0,-0.9582834,0.277222,0,0,test,12.0,12.0,0.0,1.0,0.0,0.0,0.01934236,0.0,0,0,1,0,0
8551,-1,0,8.059841,0.9996841,1,1,unassigned,2.0,2.0,0.0,1.0,0.0,0.0,0.0,0.0,0,0,0,1,1
8552,-1,1,2.9643462,0.9509372,1,1,unassigned,4.0,1.0,3.0,0.25,0.75,0.75,0.003868472,0.002901354,1,0,0,1,1
8553,-1,0,0.011839449,0.50295985,1,1,unassigned,3.0,3.0,0.0,1.0,0.0,0.0,0.001934236,0.0,0,0,0,1,0
8554,-1,0,7.066433,0.9991474,1,1,unassigned,41.0,36.0,5.0,0.8780488,0.12195122,0.12195122,0.07543521,0.009199415,0,0,0,1,1
8555,-1,1,-0.33532116,0.41694647,0,1,unassigned,28.0,28.0,0.0,1.0,0.0,0.0,0.050290134,0.0,1,0,0,0,0
8556,-1,1,-0.47612277,0.3831681,0,1,unassigned,37.0,37.0,0.0,1.0,0.0,0.0,0.06769826,0.0,1,0,0,0,0
8557,-1,1,1.532294,0.8223417,1,1,unassigned,5.0,2.0,3.0,0.4,0.6,0.6,0.0058027077,0.0034816249,1,0,0,1,0
8558,-1,1,2.6752002,0.9355473,1,1,unassigned,10.0,9.0,1.0,0.9,0.1,0.100000024,0.015473888,0.0015473888,1,0,0,1,1
8559,-1,0,5.992821,0.9975096,1,1,unassigned,8.0,8.0,0.0,1.0,0.0,0.0,0.0116054155,0.0,0,0,0,1,1
8560,0,0,-0.88480765,0.2921825,0,0,val,2.0,2.0,0.0,1.0,0.0,0.0,0.0,0.0,0,0,1,0,0
8561,-1,1,-0.7758974,0.31520477,0,1,unassigned,32.0,31.0,1.0,0.96875,0.03125,0.03125,0.058027077,0.0018133462,1,0,0,0,0
8562,-1,1,-0.08356616,0.47912058,0,1,unassigned,7.0,7.0,0.0,1.0,0.0,0.0,0.00967118,0.0,1,0,0,0,0
8563,-1,1,-0.9724703,0.2743884,0,1,unassigned,37.0,35.0,2.0,0.9459459,0.054054055,0.05405408,0.06769826,0.0036593657,1,0,0,0,0
8564,-1,0,0.609047,0.6477233,1,1,unassigned,2.0,2.0,0.0,1.0,0.0,0.0,0.0,0.0,0,0,0,1,0
8565,0,0,-0.301476,0.4251967,0,0,unassigned,11.0,11.0,0.0,1.0,0.0,0.0,0.017408123,0.0,0,0,1,0,0
8566,-1,0,0.9578969,0.72270054,1,1,unassigned,12.0,11.0,1.0,0.9166667,0.083333336,0.08333331,0.01934236,0.0016118633,0,0,0,1,0
8567,0,1,-0.25201172,0.43732843,0,0,unassigned,52.0,51.0,1.0,0.9807692,0.01923077,0.019230783,0.0967118,0.0018598423,1,0,1,0,0
8568,-1,1,1.0740452,0.74536544,1,1,unassigned,11.0,10.0,1.0,0.90909094,0.09090909,0.090909064,0.017408123,0.0015825568,1,0,0,1,0
8569,-1,0,19.23293,1.0,1,1,unassigned,2.0,1.0,1.0,0.5,0.5,0.5,0.0,0.0,0,0,0,1,1
8570,-1,0,0.35498315,0.5878255,1,1,unassigned,49.0,49.0,0.0,1.0,0.0,0.0,0.09090909,0.0,0,0,0,1,0
8571,0,0,0.43243772,0.6064556,1,1,test,13.0,13.0,0.0,1.0,0.0,0.0,0.021276595,0.0,0,0,0,1,0
8572,-1,0,0.56516784,0.63764745,1,1,unassigned,18.0,18.0,0.0,1.0,0.0,0.0,0.030947777,0.0,0,0,0,1,0
8573,-1,1,14.7906685,0.99999964,1,1,unassigned,2.0,2.0,0.0,1.0,0.0,0.0,0.0,0.0,1,0,0,1,1
8574,-1,0,-0.9681753,0.27524436,0,1,unassigned,2.0,2.0,0.0,1.0,0.0,0.0,0.0,0.0,0,0,0,0,0
8575,-1,0,-0.39971843,0.40138003,0,1,unassigned,30.0,30.0,0.0,1.0,0.0,0.0,0.054158606,0.0,0,0,0,0,0
8576,0,0,-0.86331254,0.29664773,0,0,unassigned,18.0,18.0,0.0,1.0,0.0,0.0,0.030947777,0.0,0,0,1,0,0
8577,-1,0,1.851084,0.8642543,1,1,unassigned,9.0,9.0,0.0,1.0,0.0,0.0,0.013539651,0.0,0,0,0,1,0
8578,-1,0,8.905689,0.99986434,1,1,unassigned,2.0,2.0,0.0,1.0,0.0,0.0,0.0,0.0,0,0,0,1,1
8579,-1,1,-0.2245434,0.44409886,0,1,unassigned,8.0,7.0,1.0,0.875,0.125,0.125,0.0116054155,0.0014506769,1,0,0,0,0
8580,-1,0,-0.52942455,0.37065113,0,1,unassigned,26.0,25.0,1.0,0.96153843,0.03846154,0.038461566,0.046421662,0.0017854486,0,0,0,0,0
8581,1,0,0.86025757,0.70271444,1,0,unassigned,7.0,7.0,0.0,1.0,0.0,0.0,0.00967118,0.0,0,0,1,1,0
8582,-1,1,-0.16703337,0.45833847,0,1,unassigned,19.0,19.0,0.0,1.0,0.0,0.0,0.032882012,0.0,1,0,0,0,0
8583,-1,0,0.9763164,0.7263767,1,1,unassigned,12.0,12.0,0.0,1.0,0.0,0.0,0.01934236,0.0,0,0,0,1,0
8584,-1,0,-0.43513042,0.3929019,0,1,unassigned,23.0,21.0,2.0,0.9130435,0.08695652,0.0869565,0.040618956,0.0035320832,0,0,0,0,0
8585,-1,0,-0.39148486,0.4033599,0,1,unassigned,37.0,37.0,0.0,1.0,0.0,0.0,0.06769826,0.0,0,0,0,0,0
8586,1,1,-0.35961494,0.41105276,0,1,train,47.0,47.0,0.0,1.0,0.0,0.0,0.08704062,0.0,1,0,0,0,0
8587,-1,1,0.494883,0.62125605,1,1,unassigned,2.0,2.0,0.0,1.0,0.0,0.0,0.0,0.0,1,0,0,1,0
8588,-1,0,0.28821647,0.5715594,1,1,unassigned,10.0,10.0,0.0,1.0,0.0,0.0,0.015473888,0.0,0,0,0,1,0
8589,-1,0,0.3146366,0.5780166,1,1,unassigned,35.0,34.0,1.0,0.9714286,0.028571429,0.028571427,0.06382979,0.0018237082,0,0,0,1,0
8590,-1,0,-0.7953341,0.3110245,0,1,unassigned,70.0,69.0,1.0,0.98571426,0.014285714,0.014285743,0.13152805,0.0018789722,0,0,0,0,0
8591,-1,0,-0.36230788,0.41040102,0,1,unassigned,39.0,39.0,0.0,1.0,0.0,0.0,0.07156673,0.0,0,0,0,0,0
8592,-1,1,0.47306627,0.6161092,1,1,unassigned,3.0,2.0,1.0,0.6666667,0.33333334,0.3333333,0.001934236,0.00064474536,1,0,0,1,0
8593,-1,0,-0.32856733,0.4185893,0,1,unassigned,13.0,13.0,0.0,1.0,0.0,0.0,0.021276595,0.0,0,0,0,0,0
8594,-1,0,5.2384477,0.9947195,1,1,unassigned,8.0,8.0,0.0,1.0,0.0,0.0,0.0116054155,0.0,0,0,0,1,1
8595,-1,0,-0.72944975,0.32531548,0,1,unassigned,81.0,80.0,1.0,0.9876543,0.012345679,0.012345672,0.15280464,0.0018864771,0,0,0,0,0
8596,1,0,-0.960355,0.2768071,0,1,unassigned,28.0,26.0,2.0,0.9285714,0.071428575,0.0714286,0.050290134,0.0035921526,0,0,0,0,0
8597,-1,0,-0.15059054,0.46242338,0,1,unassigned,30.0,30.0,0.0,1.0,0.0,0.0,0.054158606,0.0,0,0,0,0,0
8598,-1,0,-0.46991333,0.38463676,0,1,unassigned,24.0,24.0,0.0,1.0,0.0,0.0,0.04255319,0.0,0,0,0,0,0
8599,1,0,2.7990751,0.9426258,1,0,val,5.0,5.0,0.0,1.0,0.0,0.0,0.0058027077,0.0,0,0,1,1,1
8600,-1,1,0.27429724,0.5681476,1,1,unassigned,2.0,2.0,0.0,1.0,0.0,0.0,0.0,0.0,1,0,0,1,0
8601,1,0,4.673982,0.99075127,1,0,val,3.0,3.0,0.0,1.0,0.0,0.0,0.001934236,0.0,0,0,1,1,1
8602,-1,0,-0.87937695,0.29330692,0,1,unassigned,74.0,71.0,3.0,0.9594595,0.04054054,0.040540516,0.13926499,0.0056458777,0,0,0,0,0
8603,-1,1,-0.83458,0.30267754,0,1,unassigned,93.0,91.0,2.0,0.97849464,0.021505376,0.021505356,0.17601547,0.0037852789,1,0,0,0,0
8604,-1,0,-0.87390256,0.29444292,0,1,unassigned,34.0,34.0,0.0,1.0,0.0,0.0,0.061895553,0.0,0,0,0,0,0
8605,0,0,3.707249,0.97604305,1,1,unassigned,8.0,7.0,1.0,0.875,0.125,0.125,0.0116054155,0.0014506769,0,0,0,1,1
8606,-1,0,-0.1885378,0.45300466,0,1,unassigned,9.0,9.0,0.0,1.0,0.0,0.0,0.013539651,0.0,0,0,0,0,0
8607,-1,0,0.32190335,0.5797881,1,1,unassigned,3.0,3.0,0.0,1.0,0.0,0.0,0.001934236,0.0,0,0,0,1,0
8608,-1,0,-0.8926333,0.29056668,0,1,unassigned,31.0,31.0,0.0,1.0,0.0,0.0,0.056092843,0.0,0,0,0,0,0
8609,1,1,1.9351285,0.87381595,1,0,test,8.0,8.0,0.0,1.0,0.0,0.0,0.0116054155,0.0,1,0,1,1,0
8610,-1,0,1.309443,0.7874199,1,1,unassigned,5.0,4.0,1.0,0.8,0.2,0.19999999,0.0058027077,0.0011605415,0,0,0,1,0
8611,-1,0,4.785868,0.99172217,1,1,unassigned,2.0,1.0,1.0,0.5,0.5,0.5,0.0,0.0,0,0,0,1,1
8612,-1,0,-0.8831866,0.2925179,0,1,unassigned,39.0,39.0,0.0,1.0,0.0,0.0,0.07156673,0.0,0,0,0,0,0
8613,-1,0,-0.069339335,0.48267213,0,1,unassigned,5.0,5.0,0.0,1.0,0.0,0.0,0.0058027077,0.0,0,0,0,0,0
8614,-1,0,-0.06773603,0.4830725,0,1,unassigned,2.0,2.0,0.0,1.0,0.0,0.0,0.0,0.0,0,0,0,0,0
8615,-1,0,-0.31397542,0.4221447,0,1,unassigned,4.0,4.0,0.0,1.0,0.0,0.0,0.003868472,0.0,0,0,0,0,0
8616,-1,0,-0.5304991,0.3704005,0,1,unassigned,88.0,85.0,3.0,0.96590906,0.03409091,0.034090936,0.1663443,0.0056708287,0,0,0,0,0
8617,-1,0,0.61370975,0.6487866,1,1,unassigned,3.0,3.0,0.0,1.0,0.0,0.0,0.001934236,0.0,0,0,0,1,0
8618,-1,0,-0.51315373,0.37445453,0,1,unassigned,36.0,36.0,0.0,1.0,0.0,0.0,0.065764025,0.0,0,0,0,0,0
8619,-1,1,-0.87161124,0.29491913,0,1,unassigned,64.0,64.0,0.0,1.0,0.0,0.0,0.11992263,0.0,1,0,0,0,0
8620,0,1,-0.62073004,0.34961542,0,0,train,99.0,97.0,2.0,0.97979796,0.02020202,0.02020204,0.1876209,0.003790321,1,0,1,0,0
8621,0,1,-0.78090703,0.31412444,0,0,unassigned,34.0,34.0,0.0,1.0,0.0,0.0,0.061895553,0.0,1,0,1,0,0
8622,-1,0,-0.57173395,0.36083683,0,1,unassigned,65.0,64.0,1.0,0.9846154,0.015384615,0.0153846145,0.12185687,0.001874721,0,0,0,0,0
8623,-1,0,-0.48922038,0.38007727,0,1,unassigned,9.0,9.0,0.0,1.0,0.0,0.0,0.013539651,0.0,0,0,0,0,0
8624,0,1,0.303963,0.575411,1,1,unassigned,73.0,72.0,1.0,0.98630136,0.01369863,0.0136986375,0.13733076,0.0018812432,1,0,0,1,0
8625,-1,1,3.4786837,0.9700751,1,1,unassigned,50.0,50.0,0.0,1.0,0.0,0.0,0.092843324,0.0,1,0,0,1,1
8626,-1,0,7.1746225,0.9992348,1,1,unassigned,3.0,2.0,1.0,0.6666667,0.33333334,0.3333333,0.001934236,0.00064474536,0,0,0,1,1
8627,-1,0,-0.7893499,0.31230825,0,1,unassigned,64.0,63.0,1.0,0.984375,0.015625,0.015625,0.11992263,0.0018737911,0,0,0,0,0
8628,-1,0,0.16346425,0.5407753,1,1,unassigned,9.0,9.0,0.0,1.0,0.0,0.0,0.013539651,0.0,0,0,0,1,0
8629,-1,0,-0.7506099,0.32068843,0,1,unassigned,58.0,53.0,5.0,0.9137931,0.0862069,0.08620691,0.10831721,0.009337691,0,0,0,0,0
8630,1,0,2.32329,0.9107876,1,0,unassigned,2.0,2.0,0.0,1.0,0.0,0.0,0.0,0.0,0,0,1,1,1
8631,-1,0,-0.3548748,0.4122008,0,1,unassigned,15.0,15.0,0.0,1.0,0.0,0.0,0.025145067,0.0,0,0,0,0,0
8632,-1,0,-0.38479528,0.40497082,0,1,unassigned,158.0,158.0,0.0,1.0,0.0,0.0,0.30174083,0.0,0,0,0,0,0
8633,-1,0,-0.39461648,0.40260646,0,1,unassigned,12.0,12.0,0.0,1.0,0.0,0.0,0.01934236,0.0,0,0,0,0,0
8634,-1,0,-0.16922364,0.4577948,0,1,unassigned,3.0,3.0,0.0,1.0,0.0,0.0,0.001934236,0.0,0,0,0,0,0
8635,-1,1,3.859625,0.97935915,1,1,unassigned,4.0,4.0,0.0,1.0,0.0,0.0,0.003868472,0.0,1,0,0,1,1
8636,-1,0,0.520305,0.6272191,1,1,unassigned,2.0,2.0,0.0,1.0,0.0,0.0,0.0,0.0,0,0,0,1,0
8637,-1,0,6.373238,0.9982963,1,1,unassigned,3.0,3.0,0.0,1.0,0.0,0.0,0.001934236,0.0,0,0,0,1,1
8638,-1,0,0.5671305,0.63810074,1,1,unassigned,26.0,25.0,1.0,0.96153843,0.03846154,0.038461566,0.046421662,0.0017854486,0,0,0,1,0
8639,-1,1,1.2579961,0.7786809,1,1,unassigned,11.0,10.0,1.0,0.90909094,0.09090909,0.090909064,0.017408123,0.0015825568,1,0,0,1,0
8640,-1,0,0.1194703,0.5298321,1,1,unassigned,3.0,3.0,0.0,1.0,0.0,0.0,0.001934236,0.0,0,0,0,1,0
8641,-1,0,0.79695994,0.6893238,1,1,unassigned,2.0,2.0,0.0,1.0,0.0,0.0,0.0,0.0,0,0,0,1,0
8642,-1,0,-0.056915283,0.48577502,0,1,unassigned,5.0,5.0,0.0,1.0,0.0,0.0,0.0058027077,0.0,0,0,0,0,0
8643,-1,0,-0.6204174,0.34968653,0,1,unassigned,15.0,12.0,3.0,0.8,0.2,0.19999999,0.025145067,0.0050290134,0,0,0,0,0
8644,0,0,-0.77660966,0.31505105,0,0,val,18.0,17.0,1.0,0.9444444,0.055555556,0.055555582,0.030947777,0.0017193209,0,0,1,0,0
8645,-1,0,0.28653973,0.57114875,1,1,unassigned,3.0,3.0,0.0,1.0,0.0,0.0,0.001934236,0.0,0,0,0,1,0
8646,-1,0,-0.14271218,0.46438238,0,1,unassigned,5.0,5.0,0.0,1.0,0.0,0.0,0.0058027077,0.0,0,0,0,0,0
8647,-1,0,0.9862786,0.7283523,1,1,unassigned,17.0,17.0,0.0,1.0,0.0,0.0,0.029013539,0.0,0,0,0,1,0
8648,-1,0,2.1932533,0.89964205,1,1,unassigned,3.0,3.0,0.0,1.0,0.0,0.0,0.001934236,0.0,0,0,0,1,0
8649,1,1,-0.05752343,0.48562306,0,1,test,4.0,3.0,1.0,0.75,0.25,0.25,0.003868472,0.000967118,1,0,0,0,0
8650,-1,0,3.840731,0.9789737,1,1,unassigned,5.0,5.0,0.0,1.0,0.0,0.0,0.0058027077,0.0,0,0,0,1,1
8651,-1,0,2.8066304,0.94303304,1,1,unassigned,2.0,2.0,0.0,1.0,0.0,0.0,0.0,0.0,0,0,0,1,1
8652,-1,0,0.57951194,0.64095515,1,1,unassigned,27.0,27.0,0.0,1.0,0.0,0.0,0.0483559,0.0,0,0,0,1,0
8653,0,0,-0.68727463,0.3346396,0,0,test,25.0,24.0,1.0,0.96,0.04,0.04000002,0.044487428,0.001779497,0,0,1,0,0
8654,-1,1,-0.04657179,0.48835918,0,1,unassigned,27.0,27.0,0.0,1.0,0.0,0.0,0.0483559,0.0,1,0,0,0,0
8655,0,0,-0.49760658,0.37810326,0,0,unassigned,49.0,49.0,0.0,1.0,0.0,0.0,0.09090909,0.0,0,0,1,0,0
8656,-1,0,0.91706616,0.714444,1,1,unassigned,91.0,89.0,2.0,0.978022,0.021978023,0.02197802,0.172147,0.0037834507,0,0,0,1,0
8657,1,1,4.9020853,0.9926238,1,0,unassigned,5.0,5.0,0.0,1.0,0.0,0.0,0.0058027077,0.0,1,0,1,1,1
8658,-1,0,-0.21115142,0.44740742,0,1,unassigned,28.0,28.0,0.0,1.0,0.0,0.0,0.050290134,0.0,0,0,0,0,0
8659,-1,0,0.7899093,0.6878118,1,1,unassigned,21.0,21.0,0.0,1.0,0.0,0.0,0.036750484,0.0,0,0,0,1,0
8660,-1,1,-0.8107382,0.3077332,0,1,unassigned,133.0,129.0,4.0,0.9699248,0.030075189,0.030075192,0.25338492,0.007620599,1,0,0,0,0
8661,-1,0,-0.15327242,0.46175674,0,1,unassigned,58.0,58.0,0.0,1.0,0.0,0.0,0.10831721,0.0,0,0,0,0,0
8662,-1,0,1.937639,0.8740925,1,1,unassigned,18.0,18.0,0.0,1.0,0.0,0.0,0.030947777,0.0,0,0,0,1,0
8663,-1,1,-0.5695411,0.36134273,0,1,unassigned,33.0,32.0,1.0,0.969697,0.030303031,0.030303001,0.059961315,0.0018170096,1,0,0,0,0
8664,-1,0,-0.4185893,0.3968544,0,1,unassigned,45.0,45.0,0.0,1.0,0.0,0.0,0.08317215,0.0,0,0,0,0,0
8665,-1,0,-0.6048679,0.35323077,0,1,unassigned,87.0,87.0,0.0,1.0,0.0,0.0,0.16441005,0.0,0,0,0,0,0
8666,-1,0,2.4132369,0.91783106,1,1,unassigned,58.0,57.0,1.0,0.98275864,0.01724138,0.017241359,0.10831721,0.0018675381,0,0,0,1,1
8667,-1,0,-0.6616479,0.34036952,0,1,unassigned,74.0,73.0,1.0,0.9864865,0.013513514,0.013513505,0.13926499,0.0018819593,0,0,0,0,0
8668,-1,1,-0.8020903,0.30957857,0,1,unassigned,47.0,46.0,1.0,0.9787234,0.021276595,0.021276593,0.08704062,0.001851928,1,0,0,0,0
8669,-1,0,-0.19432583,0.45157087,0,1,unassigned,25.0,25.0,0.0,1.0,0.0,0.0,0.044487428,0.0,0,0,0,0,0
8670,-1,0,-0.25953197,0.43547875,0,1,unassigned,10.0,9.0,1.0,0.9,0.1,0.100000024,0.015473888,0.0015473888,0,0,0,0,0
8671,-1,0,-0.9308268,0.282757,0,1,unassigned,17.0,17.0,0.0,1.0,0.0,0.0,0.029013539,0.0,0,0,0,0,0
8672,-1,1,-0.7402104,0.32295814,0,1,unassigned,82.0,80.0,2.0,0.9756098,0.024390243,0.02439022,0.15473887,0.0037741186,1,0,0,0,0
8673,-1,0,-0.7952014,0.31105292,0,1,unassigned,57.0,55.0,2.0,0.9649123,0.03508772,0.035087705,0.10638298,0.0037327362,0,0,0,0,0
8674,-1,0,-0.60197395,0.35389218,0,1,unassigned,29.0,29.0,0.0,1.0,0.0,0.0,0.05222437,0.0,0,0,0,0,0
8675,-1,0,-0.62539,0.34855658,0,1,unassigned,53.0,53.0,0.0,1.0,0.0,0.0,0.09864604,0.0,0,0,0,0,0
8676,-1,0,-0.69573617,0.33275825,0,1,unassigned,91.0,89.0,2.0,0.978022,0.021978023,0.02197802,0.172147,0.0037834507,0,0,0,0,0
8677,0,0,0.14261526,0.5355935,1,1,test,15.0,15.0,0.0,1.0,0.0,0.0,0.025145067,0.0,0,0,0,1,0
8678,-1,0,0.9744337,0.72600234,1,1,unassigned,3.0,3.0,0.0,1.0,0.0,0.0,0.001934236,0.0,0,0,0,1,0
8679,-1,0,-0.039281785,0.49018085,0,1,unassigned,38.0,37.0,1.0,0.9736842,0.02631579,0.026315808,0.06963249,0.0018324341,0,0,0,0,0
8680,-1,0,0.6071512,0.6472907,1,1,unassigned,28.0,27.0,1.0,0.96428573,0.035714287,0.03571427,0.050290134,0.0017960763,0,0,0,1,0
8681,0,0,-0.77002543,0.3164736,0,0,unassigned,49.0,48.0,1.0,0.97959185,0.020408163,0.020408154,0.09090909,0.0018552876,0,0,1,0,0
8682,-1,0,-0.68803144,0.33447114,0,1,unassigned,94.0,93.0,1.0,0.9893617,0.010638298,0.010638297,0.17794971,0.0018930819,0,0,0,0,0
8683,-1,0,-0.74701643,0.32147175,0,1,unassigned,86.0,86.0,0.0,1.0,0.0,0.0,0.16247582,0.0,0,0,0,0,0
8684,-1,0,5.5957446,0.99630016,1,1,unassigned,19.0,19.0,0.0,1.0,0.0,0.0,0.032882012,0.0,0,0,0,1,1
8685,-1,0,-0.5920876,0.35615602,0,1,unassigned,65.0,65.0,0.0,1.0,0.0,0.0,0.12185687,0.0,0,0,0,0,0
8686,-1,1,-0.6603753,0.3406553,0,1,unassigned,28.0,28.0,0.0,1.0,0.0,0.0,0.050290134,0.0,1,0,0,0,0
8687,-1,1,0.61517817,0.6491211,1,1,unassigned,9.0,9.0,0.0,1.0,0.0,0.0,0.013539651,0.0,1,0,0,1,0
8688,-1,0,8.449852,0.9997861,1,1,unassigned,2.0,1.0,1.0,0.5,0.5,0.5,0.0,0.0,0,0,0,1,1
8689,-1,0,-0.67334044,0.33774927,0,1,unassigned,5.0,5.0,0.0,1.0,0.0,0.0,0.0058027077,0.0,0,0,0,0,0
8690,-1,0,0.5883296,0.64298177,1,1,unassigned,9.0,9.0,0.0,1.0,0.0,0.0,0.013539651,0.0,0,0,0,1,0
8691,-1,0,2.4575648,0.92111284,1,1,unassigned,25.0,23.0,2.0,0.92,0.08,0.07999998,0.044487428,0.003558994,0,0,0,1,1
8692,-1,1,-0.56161153,0.36317465,0,1,unassigned,27.0,27.0,0.0,1.0,0.0,0.0,0.0483559,0.0,1,0,0,0,0
8693,-1,0,0.730701,0.67495906,1,1,unassigned,3.0,3.0,0.0,1.0,0.0,0.0,0.001934236,0.0,0,0,0,1,0
8694,-1,1,3.2303793,0.9619617,1,1,unassigned,2.0,2.0,0.0,1.0,0.0,0.0,0.0,0.0,1,0,0,1,1
8695,-1,1,-0.87266463,0.29470015,0,1,unassigned,49.0,48.0,1.0,0.97959185,0.020408163,0.020408154,0.09090909,0.0018552876,1,0,0,0,0
8696,-1,0,4.2201877,0.98551697,1,1,unassigned,2.0,2.0,0.0,1.0,0.0,0.0,0.0,0.0,0,0,0,1,1
8697,-1,0,0.16031694,0.5399936,1,1,unassigned,2.0,2.0,0.0,1.0,0.0,0.0,0.0,0.0,0,0,0,1,0
8698,1,0,2.4183009,0.91821223,1,0,test,2.0,2.0,0.0,1.0,0.0,0.0,0.0,0.0,0,0,1,1,1
8699,-1,0,0.7330782,0.6754804,1,1,unassigned,3.0,2.0,1.0,0.6666667,0.33333334,0.3333333,0.001934236,0.00064474536,0,0,0,1,0
8700,-1,0,-0.6897826,0.3340814,0,1,unassigned,36.0,35.0,1.0,0.9722222,0.027777778,0.027777791,0.065764025,0.0018267785,0,0,0,0,0
8701,-1,0,-0.80075616,0.3098638,0,1,unassigned,11.0,11.0,0.0,1.0,0.0,0.0,0.017408123,0.0,0,0,0,0,0
8702,-1,0,-0.6301794,0.34746987,0,1,unassigned,23.0,18.0,5.0,0.7826087,0.2173913,0.21739131,0.040618956,0.008830207,0,0,0,0,0
8703,0,0,0.817391,0.69368225,1,1,test,4.0,4.0,0.0,1.0,0.0,0.0,0.003868472,0.0,0,0,0,1,0
8704,-1,1,3.7738383,0.97755176,1,1,unassigned,5.0,5.0,0.0,1.0,0.0,0.0,0.0058027077,0.0,1,0,0,1,1
8705,-1,0,6.3561707,0.99826694,1,1,unassigned,3.0,3.0,0.0,1.0,0.0,0.0,0.001934236,0.0,0,0,0,1,1
8706,1,0,3.1040103,0.95705783,1,0,test,10.0,10.0,0.0,1.0,0.0,0.0,0.015473888,0.0,0,0,1,1,1
8707,-1,1,1.045821,0.7399716,1,1,unassigned,5.0,5.0,0.0,1.0,0.0,0.0,0.0058027077,0.0,1,0,0,1,0
8708,-1,0,-0.66460586,0.33970574,0,1,unassigned,56.0,55.0,1.0,0.98214287,0.017857144,0.017857134,0.10444874,0.0018651562,0,0,0,0,0
8709,-1,0,0.44463748,0.6093635,1,1,unassigned,7.0,7.0,0.0,1.0,0.0,0.0,0.00967118,0.0,0,0,0,1,0
8710,-1,0,0.3814214,0.5942158,1,1,unassigned,6.0,6.0,0.0,1.0,0.0,0.0,0.007736944,0.0,0,0,0,1,0
8711,-1,0,2.7445858,0.93960685,1,1,unassigned,18.0,4.0,14.0,0.22222222,0.7777778,0.7777778,0.030947777,0.024070494,0,0,0,1,1
8712,-1,0,6.4884124,0.99848133,1,1,unassigned,3.0,2.0,1.0,0.6666667,0.33333334,0.3333333,0.001934236,0.00064474536,0,0,0,1,1
8713,-1,1,2.1992946,0.9001862,1,1,unassigned,5.0,5.0,0.0,1.0,0.0,0.0,0.0058027077,0.0,1,0,0,1,1
8714,-1,0,1.2750103,0.7815993,1,1,unassigned,8.0,8.0,0.0,1.0,0.0,0.0,0.0116054155,0.0,0,0,0,1,0
8715,-1,0,0.02548498,0.5063709,1,1,unassigned,30.0,29.0,1.0,0.96666664,0.033333335,0.03333336,0.054158606,0.001805287,0,0,0,1,0
8716,-1,1,-0.11364055,0.47162038,0,1,unassigned,23.0,21.0,2.0,0.9130435,0.08695652,0.0869565,0.040618956,0.0035320832,1,0,0,0,0
8717,1,1,2.9639332,0.9509179,1,0,unassigned,2.0,2.0,0.0,1.0,0.0,0.0,0.0,0.0,1,0,1,1,1
8718,-1,0,-0.3710776,0.40828067,0,1,unassigned,28.0,28.0,0.0,1.0,0.0,0.0,0.050290134,0.0,0,0,0,0,0
8719,-1,0,-0.6562895,0.34157363,0,1,unassigned,5.0,5.0,0.0,1.0,0.0,0.0,0.0058027077,0.0,0,0,0,0,0
8720,1,0,0.7619937,0.6817864,1,0,test,13.0,13.0,0.0,1.0,0.0,0.0,0.021276595,0.0,0,0,1,1,0
8721,-1,0,-0.54907316,0.36607945,0,1,unassigned,34.0,33.0,1.0,0.9705882,0.029411765,0.029411793,0.061895553,0.0018204574,0,0,0,0,0
8722,-1,1,-0.049426734,0.4876458,0,1,unassigned,15.0,15.0,0.0,1.0,0.0,0.0,0.025145067,0.0,1,0,0,0,0
8723,-1,0,1.6631525,0.84066075,1,1,unassigned,6.0,5.0,1.0,0.8333333,0.16666667,0.16666669,0.007736944,0.0012894907,0,0,0,1,0
8724,1,0,-0.67336875,0.33774295,0,1,train,13.0,12.0,1.0,0.9230769,0.07692308,0.07692307,0.021276595,0.0016366612,0,0,0,0,0
8725,-1,0,5.806085,0.9969998,1,1,unassigned,3.0,3.0,0.0,1.0,0.0,0.0,0.001934236,0.0,0,0,0,1,1
8726,-1,0,-0.36260313,0.41032955,0,1,unassigned,39.0,37.0,2.0,0.94871795,0.051282052,0.05128205,0.07156673,0.0036700887,0,0,0,0,0
8727,-1,0,0.72318524,0.6733081,1,1,unassigned,12.0,12.0,0.0,1.0,0.0,0.0,0.01934236,0.0,0,0,0,1,0
8728,-1,0,0.65251166,0.65757626,1,1,unassigned,2.0,2.0,0.0,1.0,0.0,0.0,0.0,0.0,0,0,0,1,0
8729,-1,0,-0.9029542,0.28844377,0,1,unassigned,19.0,19.0,0.0,1.0,0.0,0.0,0.032882012,0.0,0,0,0,0,0
8730,-1,1,-0.5295634,0.37061873,0,1,unassigned,45.0,45.0,0.0,1.0,0.0,0.0,0.08317215,0.0,1,0,0,0,0
8731,1,0,3.1371856,0.9584008,1,0,val,12.0,12.0,0.0,1.0,0.0,0.0,0.01934236,0.0,0,0,1,1,1
8732,-1,1,0.1255377,0.5313433,1,1,unassigned,22.0,21.0,1.0,0.95454544,0.045454547,0.04545456,0.03868472,0.0017583964,1,0,0,1,0
8733,-1,0,8.451878,0.99978656,1,1,unassigned,33.0,31.0,2.0,0.93939394,0.060606062,0.060606062,0.059961315,0.0036340193,0,0,0,1,1
8734,-1,0,0.31090772,0.57710683,1,1,unassigned,4.0,4.0,0.0,1.0,0.0,0.0,0.003868472,0.0,0,0,0,1,0
8735,-1,1,2.2448452,0.90420496,1,1,unassigned,2.0,2.0,0.0,1.0,0.0,0.0,0.0,0.0,1,0,0,1,1
8736,1,1,-0.7133047,0.32886904,0,1,train,11.0,10.0,1.0,0.90909094,0.09090909,0.090909064,0.017408123,0.0015825568,1,0,0,0,0
8737,-1,0,6.6321473,0.99868435,1,1,unassigned,4.0,2.0,2.0,0.5,0.5,0.5,0.003868472,0.001934236,0,0,0,1,1
8738,-1,1,-0.7674676,0.31702718,0,1,unassigned,50.0,48.0,2.0,0.96,0.04,0.04000002,0.092843324,0.0037137328,1,0,0,0,0
8739,-1,0,-0.5766906,0.35969442,0,1,unassigned,3.0,2.0,1.0,0.6666667,0.33333334,0.3333333,0.001934236,0.00064474536,0,0,0,0,0
8740,-1,0,0.5183802,0.62676895,1,1,unassigned,14.0,13.0,1.0,0.9285714,0.071428575,0.0714286,0.023210831,0.0016579166,0,0,0,1,0
8741,1,0,-0.6200983,0.3497591,0,1,unassigned,86.0,85.0,1.0,0.9883721,0.011627907,0.0116279125,0.16247582,0.0018892537,0,0,0,0,0
8742,0,0,4.2489085,0.9859212,1,1,unassigned,9.0,8.0,1.0,0.8888889,0.11111111,0.111111104,0.013539651,0.0015044058,0,0,0,1,1
8743,-1,0,2.5593126,0.92819667,1,1,unassigned,2.0,2.0,0.0,1.0,0.0,0.0,0.0,0.0,0,0,0,1,1
8744,-1,1,6.4661565,0.99844724,1,1,unassigned,3.0,3.0,0.0,1.0,0.0,0.0,0.001934236,0.0,1,0,0,1,1
8745,-1,0,2.413171,0.9178262,1,1,unassigned,2.0,2.0,0.0,1.0,0.0,0.0,0.0,0.0,0,0,0,1,1
8746,0,1,-0.9109405,0.28680742,0,0,test,17.0,17.0,0.0,1.0,0.0,0.0,0.029013539,0.0,1,0,1,0,0
8747,-1,0,8.236324,0.9997352,1,1,unassigned,2.0,2.0,0.0,1.0,0.0,0.0,0.0,0.0,0,0,0,1,1
8748,-1,0,1.6182826,0.8345581,1,1,unassigned,7.0,6.0,1.0,0.85714287,0.14285715,0.14285713,0.00967118,0.0013815971,0,0,0,1,0
8749,-1,0,-0.9209184,0.28477082,0,1,unassigned,53.0,52.0,1.0,0.9811321,0.018867925,0.01886791,0.09864604,0.0018612461,0,0,0,0,0
8750,0,0,-0.22625735,0.44367573,0,0,unassigned,11.0,11.0,0.0,1.0,0.0,0.0,0.017408123,0.0,0,0,1,0,0
8751,-1,0,0.98267835,0.7276393,1,1,unassigned,55.0,53.0,2.0,0.96363634,0.036363635,0.03636366,0.102514505,0.0037278,0,0,0,1,0
8752,-1,0,2.4557126,0.9209782,1,1,unassigned,4.0,4.0,0.0,1.0,0.0,0.0,0.003868472,0.0,0,0,0,1,1
8753,-1,0,0.46233195,0.61356723,1,1,unassigned,38.0,36.0,2.0,0.94736844,0.05263158,0.052631557,0.06963249,0.0036648682,0,0,0,1,0
8754,-1,0,-0.3242835,0.41963217,0,1,unassigned,7.0,7.0,0.0,1.0,0.0,0.0,0.00967118,0.0,0,0,0,0,0
8755,-1,0,1.0844014,0.747326,1,1,unassigned,31.0,29.0,2.0,0.9354839,0.06451613,0.06451613,0.056092843,0.003618893,0,0,0,1,0
8756,-1,0,-0.18966451,0.4527255,0,1,unassigned,11.0,11.0,0.0,1.0,0.0,0.0,0.017408123,0.0,0,0,0,0,0
8757,-1,0,-0.013229966,0.49669257,0,1,unassigned,32.0,32.0,0.0,1.0,0.0,0.0,0.058027077,0.0,0,0,0,0,0
8758,-1,0,-0.8153825,0.30674472,0,1,unassigned,39.0,39.0,0.0,1.0,0.0,0.0,0.07156673,0.0,0,0,0,0,0
8759,-1,0,-0.9113389,0.28672594,0,1,unassigned,67.0,67.0,0.0,1.0,0.0,0.0,0.12572534,0.0,0,0,0,0,0
8760,-1,0,-0.5124817,0.37461194,0,1,unassigned,21.0,21.0,0.0,1.0,0.0,0.0,0.036750484,0.0,0,0,0,0,0
8761,-1,1,-0.8647955,0.2963384,0,1,unassigned,72.0,71.0,1.0,0.9861111,0.013888889,0.0138888955,0.13539653,0.0018805073,1,0,0,0,0
8762,-1,0,-0.90229553,0.288579,0,1,unassigned,89.0,88.0,1.0,0.98876405,0.011235955,0.011235952,0.16827853,0.00189077,0,0,0,0,0
8763,-1,1,-0.8417041,0.301176,0,1,unassigned,131.0,130.0,1.0,0.99236643,0.007633588,0.007633567,0.24951644,0.0019047057,1,0,0,0,0
8764,-1,0,-0.5867198,0.35738784,0,1,unassigned,29.0,29.0,0.0,1.0,0.0,0.0,0.05222437,0.0,0,0,0,0,0
8765,-1,1,-0.124598205,0.46889067,0,1,unassigned,35.0,32.0,3.0,0.9142857,0.08571429,0.08571428,0.06382979,0.005471125,1,0,0,0,0
8766,-1,0,-0.27128392,0.43259192,0,1,unassigned,65.0,63.0,2.0,0.9692308,0.03076923,0.030769229,0.12185687,0.003749442,0,0,0,0,0
8767,-1,0,-0.3247232,0.4195251,0,1,unassigned,56.0,53.0,3.0,0.9464286,0.05357143,0.053571403,0.10444874,0.0055954685,0,0,0,0,0
8768,-1,1,-0.8644949,0.29640108,0,1,unassigned,31.0,30.0,1.0,0.9677419,0.032258064,0.032258093,0.056092843,0.0018094465,1,0,0,0,0
8769,0,1,-0.8433721,0.30082506,0,0,unassigned,7.0,6.0,1.0,0.85714287,0.14285715,0.14285713,0.00967118,0.0013815971,1,0,1,0,0
8770,-1,0,-0.8728917,0.29465294,0,1,unassigned,49.0,49.0,0.0,1.0,0.0,0.0,0.09090909,0.0,0,0,0,0,0
8771,-1,0,-0.8139993,0.30703893,0,1,unassigned,65.0,65.0,0.0,1.0,0.0,0.0,0.12185687,0.0,0,0,0,0,0
8772,-1,0,0.8041199,0.690855,1,1,unassigned,5.0,1.0,4.0,0.2,0.8,0.8,0.0058027077,0.004642166,0,0,0,1,0
8773,-1,0,0.4832012,0.61850345,1,1,unassigned,8.0,8.0,0.0,1.0,0.0,0.0,0.0116054155,0.0,0,0,0,1,0
8774,-1,0,-0.8969842,0.28967062,0,1,unassigned,90.0,90.0,0.0,1.0,0.0,0.0,0.17021276,0.0,0,0,0,0,0
8775,-1,1,-0.45047173,0.3892486,0,1,unassigned,16.0,16.0,0.0,1.0,0.0,0.0,0.027079303,0.0,1,0,0,0,0
8776,-1,0,1.9674077,0.87733245,1,1,unassigned,19.0,19.0,0.0,1.0,0.0,0.0,0.032882012,0.0,0,0,0,1,0
8777,0,0,-0.8492291,0.2995946,0,0,unassigned,41.0,40.0,1.0,0.9756098,0.024390243,0.02439022,0.07543521,0.001839883,0,0,1,0,0
8778,-1,0,-0.2152138,0.44640324,0,1,unassigned,54.0,53.0,1.0,0.9814815,0.018518519,0.018518507,0.10058027,0.0018625975,0,0,0,0,0
8779,1,0,0.35678607,0.5882622,1,0,unassigned,6.0,6.0,0.0,1.0,0.0,0.0,0.007736944,0.0,0,0,1,1,0
8780,-1,0,0.052416682,0.51310116,1,1,unassigned,8.0,8.0,0.0,1.0,0.0,0.0,0.0116054155,0.0,0,0,0,1,0
8781,-1,0,-0.6385191,0.34558138,0,1,unassigned,44.0,43.0,1.0,0.97727275,0.022727273,0.022727251,0.08123791,0.0018463163,0,0,0,0,0
8782,-1,0,-0.7813235,0.31403473,0,1,unassigned,49.0,49.0,0.0,1.0,0.0,0.0,0.09090909,0.0,0,0,0,0,0
8783,-1,0,1.4584439,0.81129456,1,1,unassigned,2.0,2.0,0.0,1.0,0.0,0.0,0.0,0.0,0,0,0,1,0
8784,-1,0,-0.61905503,0.34999642,0,1,unassigned,143.0,142.0,1.0,0.993007,0.006993007,0.0069929957,0.27272728,0.0019071838,0,0,0,0,0
8785,-1,0,-0.16284066,0.45937955,0,1,unassigned,43.0,42.0,1.0,0.9767442,0.023255814,0.023255825,0.079303674,0.0018442714,0,0,0,0,0
8786,-1,0,0.24619728,0.5612403,1,1,unassigned,6.0,6.0,0.0,1.0,0.0,0.0,0.007736944,0.0,0,0,0,1,0
8787,-1,1,-0.19334006,0.45181495,0,1,unassigned,16.0,14.0,2.0,0.875,0.125,0.125,0.027079303,0.0033849129,1,0,0,0,0
8788,-1,1,5.290831,0.9949877,1,1,unassigned,7.0,2.0,5.0,0.2857143,0.71428573,0.71428573,0.00967118,0.0069079855,1,0,0,1,1
8789,-1,0,-0.41756815,0.39709884,0,1,unassigned,3.0,3.0,0.0,1.0,0.0,0.0,0.001934236,0.0,0,0,0,0,0
8790,-1,1,-0.10957986,0.47263247,0,1,unassigned,10.0,7.0,3.0,0.7,0.3,0.3,0.015473888,0.0046421667,1,0,0,0,0
8791,-1,1,0.13439816,0.5335491,1,1,unassigned,2.0,2.0,0.0,1.0,0.0,0.0,0.0,0.0,1,0,0,1,0
8792,-1,0,3.8812683,0.9797921,1,1,unassigned,47.0,38.0,9.0,0.80851066,0.19148937,0.19148934,0.08704062,0.016667353,0,0,0,1,1
8793,-1,1,3.1641185,0.95946145,1,1,unassigned,9.0,7.0,2.0,0.7777778,0.22222222,0.22222221,0.013539651,0.0030088115,1,0,0,1,1
8794,-1,0,-0.3157648,0.42170823,0,1,unassigned,7.0,7.0,0.0,1.0,0.0,0.0,0.00967118,0.0,0,0,0,0,0
8795,-1,0,6.7715664,0.9988555,1,1,unassigned,14.0,14.0,0.0,1.0,0.0,0.0,0.023210831,0.0,0,0,0,1,1
8796,-1,0,-0.48835877,0.3802803,0,1,unassigned,23.0,23.0,0.0,1.0,0.0,0.0,0.040618956,0.0,0,0,0,0,0
8797,-1,0,0.12346661,0.5308275,1,1,unassigned,22.0,21.0,1.0,0.95454544,0.045454547,0.04545456,0.03868472,0.0017583964,0,0,0,1,0
8798,-1,0,-1.0787401,0.2537445,0,1,unassigned,4.0,4.0,0.0,1.0,0.0,0.0,0.003868472,0.0,0,0,0,0,0
8799,-1,1,-0.58761424,0.35718244,0,1,unassigned,50.0,48.0,2.0,0.96,0.04,0.04000002,0.092843324,0.0037137328,1,0,0,0,0
8800,-1,1,5.386304,0.99544203,1,1,unassigned,5.0,4.0,1.0,0.8,0.2,0.19999999,0.0058027077,0.0011605415,1,0,0,1,1
8801,-1,0,1.4029653,0.802654,1,1,unassigned,9.0,9.0,0.0,1.0,0.0,0.0,0.013539651,0.0,0,0,0,1,0
8802,-1,0,-0.006447494,0.49838814,0,1,unassigned,4.0,3.0,1.0,0.75,0.25,0.25,0.003868472,0.000967118,0,0,0,0,0
8803,-1,0,0.124052584,0.53097343,1,1,unassigned,13.0,13.0,0.0,1.0,0.0,0.0,0.021276595,0.0,0,0,0,1,0
8804,-1,0,0.8644913,0.70359814,1,1,unassigned,18.0,18.0,0.0,1.0,0.0,0.0,0.030947777,0.0,0,0,0,1,0
8805,-1,0,-0.29896033,0.42581165,0,1,unassigned,6.0,6.0,0.0,1.0,0.0,0.0,0.007736944,0.0,0,0,0,0,0
8806,-1,1,-0.38116425,0.40584612,0,1,unassigned,11.0,11.0,0.0,1.0,0.0,0.0,0.017408123,0.0,1,0,0,0,0
8807,-1,1,-0.3551982,0.4121224,0,1,unassigned,2.0,2.0,0.0,1.0,0.0,0.0,0.0,0.0,1,0,0,0,0
8808,-1,0,2.221991,0.902207,1,1,unassigned,63.0,62.0,1.0,0.984127,0.015873017,0.015873015,0.11798839,0.0018728317,0,0,0,1,1
8809,-1,0,3.0784142,0.95599353,1,1,unassigned,9.0,9.0,0.0,1.0,0.0,0.0,0.013539651,0.0,0,0,0,1,1
8810,-1,0,0.73829895,0.67662376,1,1,unassigned,25.0,25.0,0.0,1.0,0.0,0.0,0.044487428,0.0,0,0,0,1,0
8811,-1,0,0.36373377,0.58994395,1,1,unassigned,20.0,20.0,0.0,1.0,0.0,0.0,0.034816246,0.0,0,0,0,1,0
8812,-1,0,-0.18890989,0.4529125,0,1,unassigned,15.0,15.0,0.0,1.0,0.0,0.0,0.025145067,0.0,0,0,0,0,0
8813,-1,0,0.061833084,0.51545334,1,1,unassigned,8.0,8.0,0.0,1.0,0.0,0.0,0.0116054155,0.0,0,0,0,1,0
8814,-1,1,-0.333946,0.41728082,0,1,unassigned,15.0,14.0,1.0,0.93333334,0.06666667,0.06666666,0.025145067,0.0016763379,1,0,0,0,0
8815,-1,0,0.7685172,0.6832,1,1,unassigned,45.0,44.0,1.0,0.9777778,0.022222223,0.02222222,0.08317215,0.0018482701,0,0,0,1,0
8816,-1,0,2.6638954,0.93486226,1,1,unassigned,10.0,10.0,0.0,1.0,0.0,0.0,0.015473888,0.0,0,0,0,1,1
8817,-1,0,-0.7235363,0.32661474,0,1,unassigned,11.0,10.0,1.0,0.90909094,0.09090909,0.090909064,0.017408123,0.0015825568,0,0,0,0,0
8818,-1,1,-0.7836634,0.3135309,0,1,unassigned,85.0,84.0,1.0,0.9882353,0.011764706,0.011764705,0.16054158,0.0018887245,1,0,0,0,0
8819,1,1,4.114302,0.9839252,1,0,test,4.0,3.0,1.0,0.75,0.25,0.25,0.003868472,0.000967118,1,0,1,1,1
8820,0,0,-0.19023684,0.4525837,0,0,unassigned,42.0,42.0,0.0,1.0,0.0,0.0,0.07736944,0.0,0,0,1,0,0
8821,-1,1,-0.58356076,0.35811368,0,1,unassigned,9.0,9.0,0.0,1.0,0.0,0.0,0.013539651,0.0,1,0,0,0,0
8822,1,1,1.0091739,0.7328584,1,0,val,8.0,8.0,0.0,1.0,0.0,0.0,0.0116054155,0.0,1,0,1,1,0
8823,-1,0,1.0462041,0.74004537,1,1,unassigned,27.0,27.0,0.0,1.0,0.0,0.0,0.0483559,0.0,0,0,0,1,0
8824,1,0,-0.26728052,0.43357483,0,1,test,5.0,5.0,0.0,1.0,0.0,0.0,0.0058027077,0.0,0,0,0,0,0
8825,-1,0,3.2483108,0.96261233,1,1,unassigned,15.0,14.0,1.0,0.93333334,0.06666667,0.06666666,0.025145067,0.0016763379,0,0,0,1,1
8826,-1,1,-0.29910436,0.42577642,0,1,unassigned,2.0,2.0,0.0,1.0,0.0,0.0,0.0,0.0,1,0,0,0,0
8827,-1,0,0.3393708,0.58403766,1,1,unassigned,5.0,4.0,1.0,0.8,0.2,0.19999999,0.0058027077,0.0011605415,0,0,0,1,0
8828,-1,0,2.5293396,0.9261732,1,1,unassigned,2.0,1.0,1.0,0.5,0.5,0.5,0.0,0.0,0,0,0,1,1
8829,-1,0,0.35038644,0.5867113,1,1,unassigned,13.0,13.0,0.0,1.0,0.0,0.0,0.021276595,0.0,0,0,0,1,0
8830,-1,0,-0.76375914,0.31783068,0,1,unassigned,90.0,88.0,2.0,0.9777778,0.022222223,0.02222222,0.17021276,0.0037825059,0,0,0,0,0
8831,-1,0,1.6900218,0.844227,1,1,unassigned,20.0,20.0,0.0,1.0,0.0,0.0,0.034816246,0.0,0,0,0,1,0
8832,-1,0,-0.90490663,0.28804323,0,1,unassigned,91.0,90.0,1.0,0.989011,0.010989011,0.01098901,0.172147,0.0018917253,0,0,0,0,0
8833,-1,1,2.7069323,0.9374345,1,1,unassigned,4.0,4.0,0.0,1.0,0.0,0.0,0.003868472,0.0,1,0,0,1,1
8834,-1,1,1.413738,0.80435485,1,1,unassigned,4.0,4.0,0.0,1.0,0.0,0.0,0.003868472,0.0,1,0,0,1,0
8835,0,0,-0.19655827,0.45101804,0,0,val,8.0,8.0,0.0,1.0,0.0,0.0,0.0116054155,0.0,0,0,1,0,0
8836,-1,0,0.99599534,0.73027045,1,1,unassigned,4.0,4.0,0.0,1.0,0.0,0.0,0.003868472,0.0,0,0,0,1,0
8837,-1,0,1.0875375,0.7479178,1,1,unassigned,48.0,46.0,2.0,0.9583333,0.041666668,0.041666687,0.088974856,0.0037072857,0,0,0,1,0
8838,-1,0,-0.187197,0.45333692,0,1,unassigned,2.0,2.0,0.0,1.0,0.0,0.0,0.0,0.0,0,0,0,0,0
8839,-1,0,2.995916,0.9523893,1,1,unassigned,2.0,2.0,0.0,1.0,0.0,0.0,0.0,0.0,0,0,0,1,1
8840,-1,0,-0.11466277,0.47136566,0,1,unassigned,3.0,3.0,0.0,1.0,0.0,0.0,0.001934236,0.0,0,0,0,0,0
8841,-1,0,0.8007131,0.69012696,1,1,unassigned,4.0,4.0,0.0,1.0,0.0,0.0,0.003868472,0.0,0,0,0,1,0
8842,-1,0,-0.6387198,0.345536,0,1,unassigned,57.0,56.0,1.0,0.98245615,0.01754386,0.017543852,0.10638298,0.0018663681,0,0,0,0,0
8843,-1,0,-0.180134,0.4550879,0,1,unassigned,2.0,2.0,0.0,1.0,0.0,0.0,0.0,0.0,0,0,0,0,0
8844,-1,0,1.2366126,0.7749738,1,1,unassigned,8.0,8.0,0.0,1.0,0.0,0.0,0.0116054155,0.0,0,0,0,1,0
8845,-1,0,3.5222905,0.9713154,1,1,unassigned,10.0,9.0,1.0,0.9,0.1,0.100000024,0.015473888,0.0015473888,0,0,0,1,1
8846,-1,0,4.030116,0.98253804,1,1,unassigned,22.0,22.0,0.0,1.0,0.0,0.0,0.03868472,0.0,0,0,0,1,1
8847,-1,1,1.6827586,0.8432695,1,1,unassigned,20.0,19.0,1.0,0.95,0.05,0.050000012,0.034816246,0.0017408123,1,0,0,1,0
8848,-1,0,0.3444608,0.5852737,1,1,unassigned,68.0,62.0,6.0,0.9117647,0.0882353,0.08823532,0.12765957,0.01126408,0,0,0,1,0
8849,-1,0,-0.92899615,0.2831284,0,1,unassigned,10.0,10.0,0.0,1.0,0.0,0.0,0.015473888,0.0,0,0,0,0,0
8850,-1,0,-0.3846707,0.40500087,0,1,unassigned,75.0,75.0,0.0,1.0,0.0,0.0,0.14119923,0.0,0,0,0,0,0
8851,-1,0,-0.4765605,0.38306463,0,1,unassigned,48.0,32.0,16.0,0.6666667,0.33333334,0.3333333,0.088974856,0.029658286,0,0,0,0,0
8852,-1,0,2.4517665,0.9206906,1,1,unassigned,14.0,14.0,0.0,1.0,0.0,0.0,0.023210831,0.0,0,0,0,1,1
8853,-1,0,-0.6692192,0.33867168,0,1,unassigned,110.0,108.0,2.0,0.9818182,0.018181818,0.0181818,0.20889749,0.003798136,0,0,0,0,0
8854,-1,0,-0.33033112,0.41816008,0,1,unassigned,18.0,18.0,0.0,1.0,0.0,0.0,0.030947777,0.0,0,0,0,0,0
8855,-1,0,-0.72066903,0.32724565,0,1,unassigned,61.0,53.0,8.0,0.86885244,0.13114753,0.13114756,0.114119925,0.014966547,0,0,0,0,0
8856,-1,1,-0.7617154,0.31827396,0,1,unassigned,99.0,94.0,5.0,0.94949496,0.05050505,0.050505042,0.1876209,0.009475802,1,0,0,0,0
8857,-1,0,-0.46553063,0.38567463,0,1,unassigned,71.0,71.0,0.0,1.0,0.0,0.0,0.13346228,0.0,0,0,0,0,0
8858,0,0,-0.11123246,0.4722205,0,0,val,37.0,37.0,0.0,1.0,0.0,0.0,0.06769826,0.0,0,0,1,0,0
8859,1,0,0.7856663,0.6869,1,0,val,3.0,3.0,0.0,1.0,0.0,0.0,0.001934236,0.0,0,0,1,1,0
8860,-1,0,1.2058728,0.76956785,1,1,unassigned,23.0,23.0,0.0,1.0,0.0,0.0,0.040618956,0.0,0,0,0,1,0
8861,-1,1,-0.40087587,0.4011019,0,1,unassigned,56.0,52.0,4.0,0.9285714,0.071428575,0.0714286,0.10444874,0.007460625,1,0,0,0,0
8862,-1,0,-0.7548604,0.31976315,0,1,unassigned,65.0,60.0,5.0,0.9230769,0.07692308,0.07692307,0.12185687,0.009373605,0,0,0,0,0
8863,-1,0,0.13705695,0.5342107,1,1,unassigned,2.0,2.0,0.0,1.0,0.0,0.0,0.0,0.0,0,0,0,1,0
8864,-1,0,-0.77724576,0.31491378,0,1,unassigned,92.0,92.0,0.0,1.0,0.0,0.0,0.17408124,0.0,0,0,0,0,0
8865,-1,0,-0.49996528,0.37754884,0,1,unassigned,82.0,81.0,1.0,0.9878049,0.0121951215,0.01219511,0.15473887,0.0018870593,0,0,0,0,0
8866,-1,0,0.30043882,0.5745498,1,1,unassigned,26.0,24.0,2.0,0.9230769,0.07692308,0.07692307,0.046421662,0.0035708973,0,0,0,1,0
8867,1,1,-0.74014145,0.32297322,0,1,unassigned,21.0,17.0,4.0,0.8095238,0.1904762,0.19047618,0.036750484,0.0070000924,1,0,0,0,0
8868,-1,0,5.6448665,0.9964768,1,1,unassigned,14.0,13.0,1.0,0.9285714,0.071428575,0.0714286,0.023210831,0.0016579166,0,0,0,1,1
8869,-1,1,0.5420721,0.6322943,1,1,unassigned,15.0,11.0,4.0,0.73333335,0.26666668,0.26666665,0.025145067,0.0067053516,1,0,0,1,0
8870,-1,1,-0.815307,0.30676076,0,1,unassigned,53.0,51.0,2.0,0.9622642,0.03773585,0.03773582,0.09864604,0.0037224921,1,0,0,0,0
8871,-1,0,-0.11213088,0.4719966,0,1,unassigned,16.0,11.0,5.0,0.6875,0.3125,0.3125,0.027079303,0.008462282,0,0,0,0,0
8872,-1,1,1.5095017,0.8189873,1,1,unassigned,3.0,3.0,0.0,1.0,0.0,0.0,0.001934236,0.0,1,0,0,1,0
8873,-1,0,1.5162141,0.81998026,1,1,unassigned,26.0,25.0,1.0,0.96153843,0.03846154,0.038461566,0.046421662,0.0017854486,0,0,0,1,0
8874,-1,0,0.2592711,0.5644571,1,1,unassigned,153.0,153.0,0.0,1.0,0.0,0.0,0.29206964,0.0,0,0,0,1,0
8875,-1,0,0.34736174,0.5859777,1,1,unassigned,39.0,38.0,1.0,0.974359,0.025641026,0.025641024,0.07156673,0.0018350444,0,0,0,1,0
8876,-1,0,-0.87695193,0.2938098,0,1,unassigned,8.0,8.0,0.0,1.0,0.0,0.0,0.0116054155,0.0,0,0,0,0,0
8877,-1,0,0.68999344,0.66596544,1,1,unassigned,9.0,9.0,0.0,1.0,0.0,0.0,0.013539651,0.0,0,0,0,1,0
8878,-1,1,1.4442716,0.8091153,1,1,unassigned,5.0,1.0,4.0,0.2,0.8,0.8,0.0058027077,0.004642166,1,1,0,1,0
8879,-1,1,-0.9395823,0.28098473,0,1,unassigned,13.0,13.0,0.0,1.0,0.0,0.0,0.021276595,0.0,1,0,0,0,0
8880,-1,0,-0.548662,0.36617488,0,1,unassigned,2.0,2.0,0.0,1.0,0.0,0.0,0.0,0.0,0,0,0,0,0
8881,-1,1,9.31295,0.99990976,1,1,unassigned,35.0,31.0,4.0,0.8857143,0.114285715,0.11428571,0.06382979,0.0072948327,1,0,0,1,1
8882,-1,0,-0.80257684,0.3094746,0,1,unassigned,2.0,2.0,0.0,1.0,0.0,0.0,0.0,0.0,0,0,0,0,0
8883,-1,1,2.098294,0.89073724,1,1,unassigned,5.0,5.0,0.0,1.0,0.0,0.0,0.0058027077,0.0,1,0,0,1,0
8884,-1,1,-0.11084998,0.4723159,0,1,unassigned,3.0,3.0,0.0,1.0,0.0,0.0,0.001934236,0.0,1,0,0,0,0
8885,-1,1,3.2026105,0.9609324,1,1,unassigned,4.0,4.0,0.0,1.0,0.0,0.0,0.003868472,0.0,1,0,0,1,1
8886,-1,0,-0.6330903,0.34681016,0,1,unassigned,29.0,29.0,0.0,1.0,0.0,0.0,0.05222437,0.0,0,0,0,0,0
8887,-1,1,3.087784,0.956386,1,1,unassigned,5.0,5.0,0.0,1.0,0.0,0.0,0.0058027077,0.0,1,0,0,1,1
8888,-1,0,-0.95910114,0.27705818,0,1,unassigned,2.0,2.0,0.0,1.0,0.0,0.0,0.0,0.0,0,0,0,0,0
8889,-1,0,0.6127892,0.6485768,1,1,unassigned,7.0,7.0,0.0,1.0,0.0,0.0,0.00967118,0.0,0,0,0,1,0
8890,-1,1,1.9298391,0.87323165,1,1,unassigned,29.0,27.0,2.0,0.9310345,0.06896552,0.068965495,0.05222437,0.0036016807,1,0,0,1,0
8891,-1,0,-0.6383798,0.34561288,0,1,unassigned,49.0,49.0,0.0,1.0,0.0,0.0,0.09090909,0.0,0,0,0,0,0
8892,-1,0,-0.8326757,0.3030796,0,1,unassigned,130.0,126.0,4.0,0.9692308,0.03076923,0.030769229,0.24758221,0.007617914,0,0,0,0,0
8893,-1,1,-0.17548072,0.45624205,0,1,unassigned,50.0,49.0,1.0,0.98,0.02,0.01999998,0.092843324,0.0018568664,1,0,0,0,0
8894,-1,0,-0.38601083,0.40467796,0,1,unassigned,2.0,1.0,1.0,0.5,0.5,0.5,0.0,0.0,0,0,0,0,0
8895,-1,0,-0.7693566,0.3166183,0,1,unassigned,56.0,52.0,4.0,0.9285714,0.071428575,0.0714286,0.10444874,0.007460625,0,0,0,0,0
8896,-1,0,0.52907974,0.62926847,1,1,unassigned,32.0,31.0,1.0,0.96875,0.03125,0.03125,0.058027077,0.0018133462,0,0,0,1,0
8897,-1,1,6.158569,0.9978892,1,1,unassigned,2.0,2.0,0.0,1.0,0.0,0.0,0.0,0.0,1,0,0,1,1
8898,-1,0,0.85789496,0.7022207,1,1,unassigned,21.0,21.0,0.0,1.0,0.0,0.0,0.036750484,0.0,0,0,0,1,0
8899,-1,0,-0.8135924,0.3071255,0,1,unassigned,73.0,73.0,0.0,1.0,0.0,0.0,0.13733076,0.0,0,0,0,0,0
8900,0,0,-0.6466288,0.3437496,0,0,unassigned,64.0,64.0,0.0,1.0,0.0,0.0,0.11992263,0.0,0,0,1,0,0
8901,-1,1,-0.78277886,0.3137213,0,1,unassigned,38.0,35.0,3.0,0.92105263,0.078947365,0.078947365,0.06963249,0.005497302,1,0,0,0,0
8902,-1,1,6.2933364,0.9981548,1,1,unassigned,4.0,3.0,1.0,0.75,0.25,0.25,0.003868472,0.000967118,1,0,0,1,1
8903,-1,0,2.5741484,0.92917913,1,1,unassigned,2.0,2.0,0.0,1.0,0.0,0.0,0.0,0.0,0,0,0,1,1
8904,-1,0,-0.49457896,0.37881547,0,1,unassigned,70.0,68.0,2.0,0.9714286,0.028571429,0.028571427,0.13152805,0.0037579443,0,0,0,0,0
8905,1,0,2.5408711,0.92695785,1,0,unassigned,9.0,8.0,1.0,0.8888889,0.11111111,0.111111104,0.013539651,0.0015044058,0,0,1,1,1
8906,0,0,-0.5522374,0.36534545,0,0,test,40.0,39.0,1.0,0.975,0.025,0.024999976,0.07350097,0.0018375242,0,0,1,0,0
8907,-1,1,-0.70650285,0.33037204,0,1,unassigned,58.0,56.0,2.0,0.9655172,0.03448276,0.034482777,0.10831721,0.0037350762,1,0,0,0,0
8908,-1,1,-0.14933145,0.46273637,0,1,unassigned,32.0,32.0,0.0,1.0,0.0,0.0,0.058027077,0.0,1,0,0,0,0
8909,-1,0,-0.5060457,0.37612098,0,1,unassigned,20.0,20.0,0.0,1.0,0.0,0.0,0.034816246,0.0,0,0,0,0,0
8910,-1,1,-0.86127555,0.29707292,0,1,unassigned,21.0,21.0,0.0,1.0,0.0,0.0,0.036750484,0.0,1,0,0,0,0
8911,-1,0,7.154659,0.9992194,1,1,unassigned,6.0,6.0,0.0,1.0,0.0,0.0,0.007736944,0.0,0,0,0,1,1
8912,-1,1,11.832129,0.9999927,1,1,unassigned,7.0,4.0,3.0,0.5714286,0.42857143,0.4285714,0.00967118,0.0041447915,1,0,0,1,1
8913,1,1,7.7745576,0.99957985,1,0,val,7.0,7.0,0.0,1.0,0.0,0.0,0.00967118,0.0,1,0,1,1,1
8914,-1,1,4.753157,0.9914493,1,1,unassigned,2.0,2.0,0.0,1.0,0.0,0.0,0.0,0.0,1,0,0,1,1
8915,0,0,-0.27875406,0.43075928,0,0,test,27.0,26.0,1.0,0.962963,0.037037037,0.037037015,0.0483559,0.0017909593,0,0,1,0,0
8916,-1,1,0.16141629,0.54026663,1,1,unassigned,20.0,18.0,2.0,0.9,0.1,0.100000024,0.034816246,0.0034816246,1,0,0,1,0
8917,-1,0,-0.34863058,0.41371453,0,1,unassigned,3.0,3.0,0.0,1.0,0.0,0.0,0.001934236,0.0,0,0,0,0,0
8918,-1,0,-0.43531796,0.39285716,0,1,unassigned,72.0,66.0,6.0,0.9166667,0.083333336,0.08333331,0.13539653,0.011283044,0,0,0,0,0
8919,-1,1,2.3550303,0.91333324,1,1,unassigned,9.0,9.0,0.0,1.0,0.0,0.0,0.013539651,0.0,1,0,0,1,1
8920,-1,0,-0.032457173,0.49188647,0,1,unassigned,34.0,30.0,4.0,0.88235295,0.11764706,0.11764705,0.061895553,0.0072818296,0,0,0,0,0
8921,-1,1,3.9592755,0.98128015,1,1,unassigned,15.0,15.0,0.0,1.0,0.0,0.0,0.025145067,0.0,1,0,0,1,1
8922,-1,0,1.0262494,0.7361881,1,1,unassigned,2.0,2.0,0.0,1.0,0.0,0.0,0.0,0.0,0,0,0,1,0
8923,-1,1,6.166371,0.9979056,1,1,unassigned,3.0,2.0,1.0,0.6666667,0.33333334,0.3333333,0.001934236,0.00064474536,1,0,0,1,1
8924,-1,0,-0.9755126,0.2737831,0,1,unassigned,28.0,26.0,2.0,0.9285714,0.071428575,0.0714286,0.050290134,0.0035921526,0,0,0,0,0
8925,-1,0,0.32370526,0.58022696,1,1,unassigned,2.0,2.0,0.0,1.0,0.0,0.0,0.0,0.0,0,0,0,1,0
8926,-1,0,-0.31338862,0.42228785,0,1,unassigned,41.0,39.0,2.0,0.9512195,0.048780486,0.0487805,0.07543521,0.003679766,0,0,0,0,0
8927,1,0,4.719155,0.9911562,1,0,unassigned,20.0,20.0,0.0,1.0,0.0,0.0,0.034816246,0.0,0,0,1,1,1
8928,-1,0,3.5780141,0.97282785,1,1,unassigned,2.0,2.0,0.0,1.0,0.0,0.0,0.0,0.0,0,0,0,1,1
8929,-1,0,0.90818363,0.7126283,1,1,unassigned,19.0,18.0,1.0,0.94736844,0.05263158,0.052631557,0.032882012,0.0017306323,0,0,0,1,0
8930,-1,0,0.22818428,0.5567998,1,1,unassigned,16.0,15.0,1.0,0.9375,0.0625,0.0625,0.027079303,0.0016924564,0,0,0,1,0
8931,-1,0,-0.30320483,0.42477423,0,1,unassigned,55.0,52.0,3.0,0.94545454,0.054545455,0.054545462,0.102514505,0.0055917003,0,0,0,0,0
8932,-1,0,0.059544265,0.5148817,1,1,unassigned,77.0,76.0,1.0,0.987013,0.012987013,0.012987018,0.14506769,0.001883996,0,0,0,1,0
8933,1,0,-0.46451873,0.3859144,0,1,test,29.0,29.0,0.0,1.0,0.0,0.0,0.05222437,0.0,0,0,0,0,0
8934,-1,0,-0.54147196,0.36784527,0,1,unassigned,8.0,8.0,0.0,1.0,0.0,0.0,0.0116054155,0.0,0,0,0,0,0
8935,0,0,-0.6091407,0.35225525,0,0,test,120.0,120.0,0.0,1.0,0.0,0.0,0.22823985,0.0,0,0,1,0,0
8936,-1,0,-0.13589185,0.46607924,0,1,unassigned,28.0,28.0,0.0,1.0,0.0,0.0,0.050290134,0.0,0,0,0,0,0
8937,-1,0,-0.6051306,0.35317075,0,1,unassigned,89.0,89.0,0.0,1.0,0.0,0.0,0.16827853,0.0,0,0,0,0,0
8938,-1,0,-0.20064217,0.45000702,0,1,unassigned,35.0,33.0,2.0,0.94285715,0.057142857,0.057142854,0.06382979,0.0036474164,0,0,0,0,0
8939,-1,1,3.765897,0.97737676,1,1,unassigned,14.0,12.0,2.0,0.85714287,0.14285715,0.14285713,0.023210831,0.0033158332,1,0,0,1,1
8940,0,0,-0.7833501,0.3135983,0,0,unassigned,11.0,10.0,1.0,0.90909094,0.09090909,0.090909064,0.017408123,0.0015825568,0,0,1,0,0
8941,0,0,-0.8916647,0.29076642,0,0,test,89.0,87.0,2.0,0.9775281,0.02247191,0.022471905,0.16827853,0.00378154,0,0,1,0,0
8942,-1,0,6.834272,0.9989249,1,1,unassigned,2.0,2.0,0.0,1.0,0.0,0.0,0.0,0.0,0,0,0,1,1
8943,-1,0,-0.24157286,0.4398988,0,1,unassigned,29.0,29.0,0.0,1.0,0.0,0.0,0.05222437,0.0,0,0,0,0,0
8944,-1,0,-0.21811107,0.44568735,0,1,unassigned,4.0,4.0,0.0,1.0,0.0,0.0,0.003868472,0.0,0,0,0,0,0
8945,0,0,-0.36282766,0.41027522,0,0,unassigned,41.0,41.0,0.0,1.0,0.0,0.0,0.07543521,0.0,0,0,1,0,0
8946,1,1,0.053810894,0.5134495,1,0,unassigned,10.0,10.0,0.0,1.0,0.0,0.0,0.015473888,0.0,1,0,1,1,0
8947,-1,0,0.16454059,0.5410426,1,1,unassigned,5.0,4.0,1.0,0.8,0.2,0.19999999,0.0058027077,0.0011605415,0,0,0,1,0
8948,1,1,3.2272313,0.9618463,1,0,val,2.0,2.0,0.0,1.0,0.0,0.0,0.0,0.0,1,0,1,1,1
8949,-1,1,0.42804152,0.60540587,1,1,unassigned,11.0,11.0,0.0,1.0,0.0,0.0,0.017408123,0.0,1,0,0,1,0
8950,-1,1,-0.72563744,0.3261528,0,1,unassigned,13.0,12.0,1.0,0.9230769,0.07692308,0.07692307,0.021276595,0.0016366612,1,0,0,0,0
8951,-1,1,0.028256953,0.50706375,1,1,unassigned,5.0,4.0,1.0,0.8,0.2,0.19999999,0.0058027077,0.0011605415,1,0,0,1,0
8952,-1,0,-0.07426369,0.48144263,0,1,unassigned,10.0,10.0,0.0,1.0,0.0,0.0,0.015473888,0.0,0,0,0,0,0
8953,-1,1,0.74173814,0.67737585,1,1,unassigned,11.0,11.0,0.0,1.0,0.0,0.0,0.017408123,0.0,1,0,0,1,0
8954,-1,0,1.617229,0.83441263,1,1,unassigned,4.0,4.0,0.0,1.0,0.0,0.0,0.003868472,0.0,0,0,0,1,0
8955,-1,1,5.5652285,0.99618584,1,1,unassigned,2.0,2.0,0.0,1.0,0.0,0.0,0.0,0.0,1,0,0,1,1
8956,-1,1,3.4443338,0.9690617,1,1,unassigned,5.0,5.0,0.0,1.0,0.0,0.0,0.0058027077,0.0,1,0,0,1,1
8957,-1,0,1.4537895,0.8105809,1,1,unassigned,25.0,24.0,1.0,0.96,0.04,0.04000002,0.044487428,0.001779497,0,0,0,1,0
8958,-1,0,-0.67243236,0.3379524,0,1,unassigned,107.0,107.0,0.0,1.0,0.0,0.0,0.20309478,0.0,0,0,0,0,0
8959,-1,0,-0.10729706,0.47320142,0,1,unassigned,34.0,34.0,0.0,1.0,0.0,0.0,0.061895553,0.0,0,0,0,0,0
8960,-1,0,-0.7292149,0.32536703,0,1,unassigned,90.0,90.0,0.0,1.0,0.0,0.0,0.17021276,0.0,0,0,0,0,0
8961,-1,0,-0.7673093,0.31706142,0,1,unassigned,48.0,47.0,1.0,0.9791667,0.020833334,0.020833313,0.088974856,0.0018536429,0,0,0,0,0
8962,-1,1,-0.059281528,0.48518392,0,1,unassigned,3.0,2.0,1.0,0.6666667,0.33333334,0.3333333,0.001934236,0.00064474536,1,0,0,0,0
8963,-1,0,-0.6595344,0.3408442,0,1,unassigned,56.0,55.0,1.0,0.98214287,0.017857144,0.017857134,0.10444874,0.0018651562,0,0,0,0,0
8964,-1,0,-0.7634234,0.3179035,0,1,unassigned,71.0,71.0,0.0,1.0,0.0,0.0,0.13346228,0.0,0,0,0,0,0
8965,-1,0,3.6939862,0.97573096,1,1,unassigned,25.0,24.0,1.0,0.96,0.04,0.04000002,0.044487428,0.001779497,0,0,0,1,1
8966,-1,0,-0.28018484,0.43040848,0,1,unassigned,77.0,75.0,2.0,0.97402596,0.025974026,0.025974035,0.14506769,0.003767992,0,0,0,0,0
8967,1,1,2.3822799,0.91546607,1,0,val,55.0,40.0,15.0,0.72727275,0.27272728,0.27272725,0.102514505,0.027958503,1,0,1,1,1
8968,1,0,-0.61216915,0.35156456,0,1,unassigned,29.0,26.0,3.0,0.8965517,0.10344828,0.10344827,0.05222437,0.005402521,0,0,0,0,0
8969,0,0,2.3407385,0.91219527,1,1,val,8.0,8.0,0.0,1.0,0.0,0.0,0.0116054155,0.0,0,0,0,1,1
8970,-1,0,-0.8887937,0.29135883,0,1,unassigned,50.0,49.0,1.0,0.98,0.02,0.01999998,0.092843324,0.0018568664,0,0,0,0,0
8971,0,0,0.14225894,0.5355049,1,1,val,49.0,48.0,1.0,0.97959185,0.020408163,0.020408154,0.09090909,0.0018552876,0,0,0,1,0
8972,-1,0,1.0971489,0.74972546,1,1,unassigned,4.0,4.0,0.0,1.0,0.0,0.0,0.003868472,0.0,0,0,0,1,0
8973,-1,0,-0.6901548,0.33399862,0,1,unassigned,17.0,15.0,2.0,0.88235295,0.11764706,0.11764705,0.029013539,0.0034133575,0,0,0,0,0
8974,-1,0,0.06424236,0.51605505,1,1,unassigned,2.0,2.0,0.0,1.0,0.0,0.0,0.0,0.0,0,0,0,1,0
8975,-1,0,5.119249,0.99405503,1,1,unassigned,3.0,3.0,0.0,1.0,0.0,0.0,0.001934236,0.0,0,0,0,1,1
8976,-1,0,-0.6832631,0.33553338,0,1,unassigned,17.0,17.0,0.0,1.0,0.0,0.0,0.029013539,0.0,0,0,0,0,0
8977,-1,0,-0.73096937,0.32498205,0,1,unassigned,174.0,168.0,6.0,0.9655172,0.03448276,0.034482777,0.3326886,0.01147202,0,0,0,0,0
8978,-1,1,-0.14781654,0.46311298,0,1,unassigned,3.0,3.0,0.0,1.0,0.0,0.0,0.001934236,0.0,1,0,0,0,0
8979,-1,0,-0.7635457,0.31787694,0,1,unassigned,31.0,31.0,0.0,1.0,0.0,0.0,0.056092843,0.0,0,0,0,0,0
8980,1,0,1.2672563,0.7802727,1,0,unassigned,6.0,6.0,0.0,1.0,0.0,0.0,0.007736944,0.0,0,0,1,1,0
8981,-1,0,4.531099,0.98934585,1,1,unassigned,2.0,2.0,0.0,1.0,0.0,0.0,0.0,0.0,0,0,0,1,1
8982,-1,0,7.17102,0.99923205,1,1,unassigned,2.0,2.0,0.0,1.0,0.0,0.0,0.0,0.0,0,0,0,1,1
8983,-1,1,2.6966612,0.9368293,1,1,unassigned,4.0,4.0,0.0,1.0,0.0,0.0,0.003868472,0.0,1,0,0,1,1
8984,-1,0,-0.056667745,0.48583686,0,1,unassigned,91.0,91.0,0.0,1.0,0.0,0.0,0.172147,0.0,0,0,0,0,0
8985,-1,0,0.83371776,0.69714046,1,1,unassigned,8.0,8.0,0.0,1.0,0.0,0.0,0.0116054155,0.0,0,0,0,1,0
8986,-1,0,-0.3620025,0.4104749,0,1,unassigned,4.0,4.0,0.0,1.0,0.0,0.0,0.003868472,0.0,0,0,0,0,0
8987,-1,0,-0.51718456,0.37351084,0,1,unassigned,44.0,44.0,0.0,1.0,0.0,0.0,0.08123791,0.0,0,0,0,0,0
8988,-1,0,0.04181701,0.51045275,1,1,unassigned,31.0,31.0,0.0,1.0,0.0,0.0,0.056092843,0.0,0,0,0,1,0
8989,-1,0,0.0046523213,0.50116307,1,1,unassigned,15.0,15.0,0.0,1.0,0.0,0.0,0.025145067,0.0,0,0,0,1,0
8990,-1,0,-0.4754796,0.38332012,0,1,unassigned,94.0,94.0,0.0,1.0,0.0,0.0,0.17794971,0.0,0,0,0,0,0
8991,-1,0,-0.2872355,0.4286808,0,1,unassigned,25.0,24.0,1.0,0.96,0.04,0.04000002,0.044487428,0.001779497,0,0,0,0,0
8992,1,1,1.802315,0.8584305,1,0,val,10.0,9.0,1.0,0.9,0.1,0.100000024,0.015473888,0.0015473888,1,0,1,1,0
8993,1,1,1.1132321,0.7527312,1,0,val,17.0,9.0,8.0,0.5294118,0.47058824,0.4705882,0.029013539,0.01365343,1,0,1,1,0
8994,-1,0,-0.4653554,0.38571614,0,1,unassigned,21.0,21.0,0.0,1.0,0.0,0.0,0.036750484,0.0,0,0,0,0,0
8995,-1,0,-0.3440482,0.41482645,0,1,unassigned,128.0,112.0,16.0,0.875,0.125,0.125,0.24371374,0.030464217,0,0,0,0,0
8996,-1,0,-0.52136964,0.37253204,0,1,unassigned,81.0,80.0,1.0,0.9876543,0.012345679,0.012345672,0.15280464,0.0018864771,0,0,0,0,0
8997,-1,0,2.182022,0.8986234,1,1,unassigned,2.0,2.0,0.0,1.0,0.0,0.0,0.0,0.0,0,0,0,1,0
8998,-1,1,-0.5027016,0.37690598,0,1,unassigned,3.0,3.0,0.0,1.0,0.0,0.0,0.001934236,0.0,1,0,0,0,0
8999,-1,0,5.7380013,0.9967892,1,1,unassigned,2.0,2.0,0.0,1.0,0.0,0.0,0.0,0.0,0,0,0,1,1
9000,-1,1,-0.36838982,0.40893012,0,1,unassigned,5.0,5.0,0.0,1.0,0.0,0.0,0.0058027077,0.0,1,0,0,0,0
9001,-1,0,3.44724,0.9691487,1,1,unassigned,2.0,2.0,0.0,1.0,0.0,0.0,0.0,0.0,0,0,0,1,1
9002,-1,0,-0.6028188,0.35369906,0,1,unassigned,58.0,58.0,0.0,1.0,0.0,0.0,0.10831721,0.0,0,0,0,0,0
9003,-1,0,2.1546967,0.8961069,1,1,unassigned,6.0,6.0,0.0,1.0,0.0,0.0,0.007736944,0.0,0,0,0,1,0
9004,-1,0,1.6827829,0.84327275,1,1,unassigned,50.0,37.0,13.0,0.74,0.26,0.26,0.092843324,0.024139263,0,0,0,1,0
9005,-1,0,-0.34561056,0.41444725,0,1,unassigned,7.0,7.0,0.0,1.0,0.0,0.0,0.00967118,0.0,0,0,0,0,0
9006,-1,0,0.15059507,0.53757775,1,1,unassigned,5.0,5.0,0.0,1.0,0.0,0.0,0.0058027077,0.0,0,0,0,1,0
9007,0,0,-0.5847731,0.35783502,0,0,unassigned,39.0,39.0,0.0,1.0,0.0,0.0,0.07156673,0.0,0,0,1,0,0
9008,0,0,-0.52787966,0.37101158,0,0,unassigned,7.0,7.0,0.0,1.0,0.0,0.0,0.00967118,0.0,0,0,1,0,0
9009,-1,0,-0.018894017,0.49527666,0,1,unassigned,17.0,17.0,0.0,1.0,0.0,0.0,0.029013539,0.0,0,0,0,0,0
9010,-1,1,-0.3898906,0.40374365,0,1,unassigned,3.0,3.0,0.0,1.0,0.0,0.0,0.001934236,0.0,1,0,0,0,0
9011,1,1,5.6905866,0.9966338,1,0,unassigned,3.0,3.0,0.0,1.0,0.0,0.0,0.001934236,0.0,1,0,1,1,1
9012,-1,1,0.02685839,0.5067142,1,1,unassigned,5.0,5.0,0.0,1.0,0.0,0.0,0.0058027077,0.0,1,0,0,1,0
9013,-1,1,0.20113307,0.55011445,1,1,unassigned,4.0,4.0,0.0,1.0,0.0,0.0,0.003868472,0.0,1,0,0,1,0
9014,-1,0,-0.5268878,0.37124306,0,1,unassigned,142.0,140.0,2.0,0.9859155,0.014084507,0.014084518,0.27079305,0.0038139867,0,0,0,0,0
9015,-1,1,0.8278013,0.69588983,1,1,unassigned,14.0,14.0,0.0,1.0,0.0,0.0,0.023210831,0.0,1,0,0,1,0
9016,-1,0,3.244668,0.962481,1,1,unassigned,10.0,9.0,1.0,0.9,0.1,0.100000024,0.015473888,0.0015473888,0,0,0,1,1
9017,-1,0,-0.9555277,0.2777745,0,1,unassigned,2.0,2.0,0.0,1.0,0.0,0.0,0.0,0.0,0,0,0,0,0
9018,-1,0,-0.5164516,0.37368235,0,1,unassigned,4.0,4.0,0.0,1.0,0.0,0.0,0.003868472,0.0,0,0,0,0,0
9019,0,1,-0.65841335,0.3410961,0,0,unassigned,2.0,2.0,0.0,1.0,0.0,0.0,0.0,0.0,1,0,1,0,0
9020,-1,0,-0.15120715,0.46227008,0,1,unassigned,44.0,44.0,0.0,1.0,0.0,0.0,0.08123791,0.0,0,0,0,0,0
9021,-1,0,-0.53616196,0.36908084,0,1,unassigned,19.0,19.0,0.0,1.0,0.0,0.0,0.032882012,0.0,0,0,0,0,0
9022,-1,0,-0.26222396,0.4348171,0,1,unassigned,8.0,8.0,0.0,1.0,0.0,0.0,0.0116054155,0.0,0,0,0,0,0
9023,-1,0,-0.82348573,0.30502424,0,1,unassigned,25.0,24.0,1.0,0.96,0.04,0.04000002,0.044487428,0.001779497,0,0,0,0,0
9024,0,0,-0.56639683,0.36206865,0,0,test,93.0,92.0,1.0,0.9892473,0.010752688,0.010752678,0.17601547,0.0018926394,0,0,1,0,0
9025,-1,0,-0.2360954,0.44124883,0,1,unassigned,76.0,75.0,1.0,0.9868421,0.013157895,0.013157904,0.14313346,0.0018833351,0,0,0,0,0
9026,-1,0,-0.37862152,0.40645942,0,1,unassigned,46.0,46.0,0.0,1.0,0.0,0.0,0.08510638,0.0,0,0,0,0,0
9027,-1,0,-0.74566734,0.32176608,0,1,unassigned,139.0,138.0,1.0,0.9928058,0.007194245,0.007194221,0.26499033,0.0019064053,0,0,0,0,0
9028,-1,0,-0.39339143,0.40290114,0,1,unassigned,55.0,55.0,0.0,1.0,0.0,0.0,0.102514505,0.0,0,0,0,0,0
9029,-1,0,2.5297177,0.9261991,1,1,unassigned,2.0,1.0,1.0,0.5,0.5,0.5,0.0,0.0,0,0,0,1,1
9030,-1,0,-0.67351055,0.33771124,0,1,unassigned,28.0,27.0,1.0,0.96428573,0.035714287,0.03571427,0.050290134,0.0017960763,0,0,0,0,0
9031,-1,0,-0.6519736,0.3425449,0,1,unassigned,16.0,16.0,0.0,1.0,0.0,0.0,0.027079303,0.0,0,0,0,0,0
9032,-1,0,6.591723,0.9986303,1,1,unassigned,3.0,3.0,0.0,1.0,0.0,0.0,0.001934236,0.0,0,0,0,1,1
9033,-1,0,-0.5457121,0.3668598,0,1,unassigned,18.0,18.0,0.0,1.0,0.0,0.0,0.030947777,0.0,0,0,0,0,0
9034,-1,0,4.9961443,0.9932815,1,1,unassigned,4.0,4.0,0.0,1.0,0.0,0.0,0.003868472,0.0,0,0,0,1,1
9035,0,0,-1.2603972,0.22090553,0,0,unassigned,2.0,2.0,0.0,1.0,0.0,0.0,0.0,0.0,0,0,1,0,0
9036,-1,0,1.1583745,0.7610373,1,1,unassigned,6.0,6.0,0.0,1.0,0.0,0.0,0.007736944,0.0,0,0,0,1,0
9037,-1,1,-0.5815511,0.35857576,0,1,unassigned,8.0,8.0,0.0,1.0,0.0,0.0,0.0116054155,0.0,1,0,0,0,0
9038,-1,0,11.925551,0.9999933,1,1,unassigned,6.0,5.0,1.0,0.8333333,0.16666667,0.16666669,0.007736944,0.0012894907,0,0,0,1,1
9039,-1,0,9.7927265,0.9999441,1,1,unassigned,6.0,6.0,0.0,1.0,0.0,0.0,0.007736944,0.0,0,0,0,1,1
9040,-1,0,0.19412857,0.5483803,1,1,unassigned,12.0,12.0,0.0,1.0,0.0,0.0,0.01934236,0.0,0,0,0,1,0
9041,-1,1,-0.5689401,0.36148146,0,1,unassigned,92.0,89.0,3.0,0.9673913,0.032608695,0.032608688,0.17408124,0.005676562,1,0,0,0,0
9042,-1,1,-0.5933309,0.35587096,0,1,unassigned,53.0,52.0,1.0,0.9811321,0.018867925,0.01886791,0.09864604,0.0018612461,1,0,0,0,0
9043,-1,1,3.283683,0.9638648,1,1,unassigned,3.0,3.0,0.0,1.0,0.0,0.0,0.001934236,0.0,1,0,0,1,1
9044,1,1,10.2400465,0.99996424,1,0,unassigned,6.0,6.0,0.0,1.0,0.0,0.0,0.007736944,0.0,1,0,1,1,1
9045,1,0,0.056973457,0.5142395,1,0,test,72.0,72.0,0.0,1.0,0.0,0.0,0.13539653,0.0,0,0,1,1,0
9046,0,0,-0.3881161,0.40417093,0,0,val,47.0,47.0,0.0,1.0,0.0,0.0,0.08704062,0.0,0,0,1,0,0
9047,-1,0,-0.42996004,0.39413586,0,1,unassigned,32.0,32.0,0.0,1.0,0.0,0.0,0.058027077,0.0,0,0,0,0,0
9048,-1,0,-0.78392196,0.31347525,0,1,unassigned,53.0,52.0,1.0,0.9811321,0.018867925,0.01886791,0.09864604,0.0018612461,0,0,0,0,0
9049,-1,0,0.029637814,0.5074089,1,1,unassigned,11.0,11.0,0.0,1.0,0.0,0.0,0.017408123,0.0,0,0,0,1,0
9050,-1,1,0.22223252,0.5553306,1,1,unassigned,4.0,4.0,0.0,1.0,0.0,0.0,0.003868472,0.0,1,0,0,1,0
9051,-1,0,-0.54278696,0.3675395,0,1,unassigned,114.0,114.0,0.0,1.0,0.0,0.0,0.21663442,0.0,0,0,0,0,0
9052,-1,0,-0.62641937,0.34832287,0,1,unassigned,178.0,178.0,0.0,1.0,0.0,0.0,0.34042552,0.0,0,0,0,0,0
9053,-1,1,3.7030041,0.97594357,1,1,unassigned,3.0,3.0,0.0,1.0,0.0,0.0,0.001934236,0.0,1,0,0,1,1
9054,1,1,4.881854,0.99247414,1,0,unassigned,15.0,14.0,1.0,0.93333334,0.06666667,0.06666666,0.025145067,0.0016763379,1,0,1,1,1
9055,1,1,1.0048714,0.73201525,1,0,unassigned,2.0,2.0,0.0,1.0,0.0,0.0,0.0,0.0,1,0,1,1,0
9056,-1,0,0.4499027,0.6106161,1,1,unassigned,4.0,4.0,0.0,1.0,0.0,0.0,0.003868472,0.0,0,0,0,1,0
9057,-1,0,-0.7780663,0.31473678,0,1,unassigned,12.0,12.0,0.0,1.0,0.0,0.0,0.01934236,0.0,0,0,0,0,0
9058,-1,0,1.7080035,0.84657717,1,1,unassigned,8.0,8.0,0.0,1.0,0.0,0.0,0.0116054155,0.0,0,0,0,1,0
9059,-1,0,-0.15005961,0.46255535,0,1,unassigned,42.0,38.0,4.0,0.9047619,0.0952381,0.09523809,0.07736944,0.007368518,0,0,0,0,0
9060,0,0,-0.18825522,0.4530747,0,0,test,46.0,46.0,0.0,1.0,0.0,0.0,0.08510638,0.0,0,0,1,0,0
9061,-1,0,-0.13035926,0.46745625,0,1,unassigned,2.0,2.0,0.0,1.0,0.0,0.0,0.0,0.0,0,0,0,0,0
9062,-1,0,-0.5825454,0.35834712,0,1,unassigned,3.0,3.0,0.0,1.0,0.0,0.0,0.001934236,0.0,0,0,0,0,0
9063,-1,0,-0.7954036,0.3110096,0,1,unassigned,63.0,50.0,13.0,0.7936508,0.20634921,0.2063492,0.11798839,0.024346812,0,0,0,0,0
9064,-1,0,2.4001558,0.9168392,1,1,unassigned,3.0,3.0,0.0,1.0,0.0,0.0,0.001934236,0.0,0,0,0,1,1
9065,-1,0,1.6859999,0.84369737,1,1,unassigned,4.0,4.0,0.0,1.0,0.0,0.0,0.003868472,0.0,0,0,0,1,0
9066,-1,1,4.4798274,0.9887917,1,1,unassigned,17.0,17.0,0.0,1.0,0.0,0.0,0.029013539,0.0,1,0,0,1,1
9067,-1,0,-0.3905791,0.4035779,0,1,unassigned,2.0,2.0,0.0,1.0,0.0,0.0,0.0,0.0,0,0,0,0,0
9068,-1,0,2.328861,0.91123927,1,1,unassigned,23.0,21.0,2.0,0.9130435,0.08695652,0.0869565,0.040618956,0.0035320832,0,0,0,1,1
9069,1,1,3.2355268,0.96214956,1,0,val,22.0,20.0,2.0,0.90909094,0.09090909,0.090909064,0.03868472,0.0035167928,1,0,1,1,1
9070,-1,0,-0.75333565,0.3200949,0,1,unassigned,66.0,66.0,0.0,1.0,0.0,0.0,0.123791106,0.0,0,0,0,0,0
9071,0,0,0.09392518,0.5234641,1,1,val,2.0,2.0,0.0,1.0,0.0,0.0,0.0,0.0,0,0,0,1,0
9072,-1,0,-0.05129671,0.48717862,0,1,unassigned,3.0,3.0,0.0,1.0,0.0,0.0,0.001934236,0.0,0,0,0,0,0
9073,-1,1,2.3459477,0.9126116,1,1,unassigned,8.0,8.0,0.0,1.0,0.0,0.0,0.0116054155,0.0,1,0,0,1,1
9074,-1,0,-0.47202477,0.38413712,0,1,unassigned,48.0,48.0,0.0,1.0,0.0,0.0,0.088974856,0.0,0,0,0,0,0
9075,1,0,-0.83232355,0.303154,0,1,unassigned,37.0,37.0,0.0,1.0,0.0,0.0,0.06769826,0.0,0,0,0,0,0
9076,-1,1,3.682583,0.97545946,1,1,unassigned,26.0,22.0,4.0,0.84615386,0.15384616,0.15384614,0.046421662,0.0071417945,1,0,0,1,1
9077,-1,0,0.30891103,0.57661945,1,1,unassigned,2.0,2.0,0.0,1.0,0.0,0.0,0.0,0.0,0,0,0,1,0
9078,-1,0,-0.7997199,0.31008542,0,1,unassigned,58.0,58.0,0.0,1.0,0.0,0.0,0.10831721,0.0,0,0,0,0,0
9079,1,0,0.43808275,0.6078021,1,0,unassigned,19.0,16.0,3.0,0.84210527,0.15789473,0.15789473,0.032882012,0.0051918966,0,0,1,1,0
9080,-1,0,-0.6263232,0.34834468,0,1,unassigned,63.0,62.0,1.0,0.984127,0.015873017,0.015873015,0.11798839,0.0018728317,0,0,0,0,0
9081,-1,0,0.15932614,0.5397475,1,1,unassigned,24.0,24.0,0.0,1.0,0.0,0.0,0.04255319,0.0,0,0,0,1,0
9082,-1,0,-0.37175003,0.40811822,0,1,unassigned,45.0,43.0,2.0,0.95555556,0.044444446,0.04444444,0.08317215,0.0036965401,0,0,0,0,0
9083,-1,1,-0.25808823,0.4358337,0,1,unassigned,5.0,5.0,0.0,1.0,0.0,0.0,0.0058027077,0.0,1,0,0,0,0
9084,0,0,-0.6356598,0.34622833,0,0,val,19.0,18.0,1.0,0.94736844,0.05263158,0.052631557,0.032882012,0.0017306323,0,0,1,0,0
9085,-1,0,-0.88047373,0.2930796,0,1,unassigned,117.0,113.0,4.0,0.96581197,0.034188036,0.034188032,0.22243714,0.007604689,0,0,0,0,0
9086,-1,0,1.1106501,0.7522503,1,1,unassigned,15.0,14.0,1.0,0.93333334,0.06666667,0.06666666,0.025145067,0.0016763379,0,0,0,1,0
9087,1,0,0.036282122,0.5090695,1,0,test,61.0,61.0,0.0,1.0,0.0,0.0,0.114119925,0.0,0,0,1,1,0
9088,-1,1,6.486577,0.9984786,1,1,unassigned,21.0,20.0,1.0,0.95238096,0.04761905,0.047619045,0.036750484,0.0017500231,1,0,0,1,1
9089,0,0,-0.44393647,0.3908034,0,0,val,28.0,28.0,0.0,1.0,0.0,0.0,0.050290134,0.0,0,0,1,0,0
9090,-1,1,11.425488,0.99998903,1,1,unassigned,6.0,5.0,1.0,0.8333333,0.16666667,0.16666669,0.007736944,0.0012894907,1,0,0,1,1
9091,-1,0,-0.6327024,0.34689802,0,1,unassigned,18.0,18.0,0.0,1.0,0.0,0.0,0.030947777,0.0,0,0,0,0,0
9092,-1,0,-0.5706095,0.36109617,0,1,unassigned,106.0,106.0,0.0,1.0,0.0,0.0,0.20116054,0.0,0,0,0,0,0
9093,-1,0,3.1214259,0.95776796,1,1,unassigned,29.0,28.0,1.0,0.9655172,0.03448276,0.034482777,0.05222437,0.0018008404,0,0,0,1,1
9094,-1,0,0.3724895,0.5920604,1,1,unassigned,5.0,5.0,0.0,1.0,0.0,0.0,0.0058027077,0.0,0,0,0,1,0
9095,-1,0,1.2711842,0.7809454,1,1,unassigned,9.0,9.0,0.0,1.0,0.0,0.0,0.013539651,0.0,0,0,0,1,0
9096,-1,0,1.059521,0.742599,1,1,unassigned,10.0,9.0,1.0,0.9,0.1,0.100000024,0.015473888,0.0015473888,0,0,0,1,0
9097,-1,0,-0.77115154,0.31623006,0,1,unassigned,46.0,46.0,0.0,1.0,0.0,0.0,0.08510638,0.0,0,0,0,0,0
9098,-1,0,-0.97119457,0.27464244,0,1,unassigned,43.0,43.0,0.0,1.0,0.0,0.0,0.079303674,0.0,0,0,0,0,0
9099,-1,0,-0.77692145,0.31498376,0,1,unassigned,35.0,35.0,0.0,1.0,0.0,0.0,0.06382979,0.0,0,0,0,0,0
9100,-1,0,-0.5455532,0.36689672,0,1,unassigned,10.0,10.0,0.0,1.0,0.0,0.0,0.015473888,0.0,0,0,0,0,0
9101,-1,0,-0.8491881,0.29960322,0,1,unassigned,78.0,78.0,0.0,1.0,0.0,0.0,0.14700194,0.0,0,0,0,0,0
9102,-1,0,-0.9716684,0.27454808,0,1,unassigned,48.0,48.0,0.0,1.0,0.0,0.0,0.088974856,0.0,0,0,0,0,0
9103,0,0,0.13853854,0.53457934,1,1,test,34.0,33.0,1.0,0.9705882,0.029411765,0.029411793,0.061895553,0.0018204574,0,0,0,1,0
9104,1,0,0.8290666,0.6961575,1,0,unassigned,5.0,5.0,0.0,1.0,0.0,0.0,0.0058027077,0.0,0,0,1,1,0
9105,0,0,-0.42031392,0.3964416,0,0,unassigned,4.0,4.0,0.0,1.0,0.0,0.0,0.003868472,0.0,0,0,1,0,0
9106,0,0,-0.16991478,0.45762318,0,0,test,12.0,12.0,0.0,1.0,0.0,0.0,0.01934236,0.0,0,0,1,0,0
9107,-1,0,-0.6065721,0.35284156,0,1,unassigned,33.0,33.0,0.0,1.0,0.0,0.0,0.059961315,0.0,0,0,0,0,0
9108,-1,0,-0.5489043,0.36611864,0,1,unassigned,46.0,46.0,0.0,1.0,0.0,0.0,0.08510638,0.0,0,0,0,0,0
9109,-1,0,-0.35321444,0.41260314,0,1,unassigned,45.0,44.0,1.0,0.9777778,0.022222223,0.02222222,0.08317215,0.0018482701,0,0,0,0,0
9110,-1,0,0.7935141,0.6885854,1,1,unassigned,2.0,2.0,0.0,1.0,0.0,0.0,0.0,0.0,0,0,0,1,0
9111,-1,0,1.9637573,0.876939,1,1,unassigned,3.0,3.0,0.0,1.0,0.0,0.0,0.001934236,0.0,0,0,0,1,0
9112,0,0,-0.7689086,0.31671524,0,0,test,44.0,44.0,0.0,1.0,0.0,0.0,0.08123791,0.0,0,0,1,0,0
9113,-1,0,0.31445265,0.57797176,1,1,unassigned,14.0,14.0,0.0,1.0,0.0,0.0,0.023210831,0.0,0,0,0,1,0
9114,1,0,-0.29844642,0.42593727,0,1,unassigned,24.0,24.0,0.0,1.0,0.0,0.0,0.04255319,0.0,0,0,0,0,0
9115,-1,0,-0.6830393,0.3355833,0,1,unassigned,89.0,87.0,2.0,0.9775281,0.02247191,0.022471905,0.16827853,0.00378154,0,0,0,0,0
9116,-1,0,-0.34264293,0.41516763,0,1,unassigned,44.0,44.0,0.0,1.0,0.0,0.0,0.08123791,0.0,0,0,0,0,0
9117,-1,0,-0.6694028,0.33863056,0,1,unassigned,28.0,26.0,2.0,0.9285714,0.071428575,0.0714286,0.050290134,0.0035921526,0,0,0,0,0
9118,-1,0,0.3696043,0.5913634,1,1,unassigned,53.0,53.0,0.0,1.0,0.0,0.0,0.09864604,0.0,0,0,0,1,0
9119,-1,0,-0.30195057,0.42508075,0,1,unassigned,29.0,29.0,0.0,1.0,0.0,0.0,0.05222437,0.0,0,0,0,0,0
9120,-1,0,-0.7964307,0.31078953,0,1,unassigned,58.0,58.0,0.0,1.0,0.0,0.0,0.10831721,0.0,0,0,0,0,0
9121,-1,0,-0.6355513,0.34625286,0,1,unassigned,55.0,55.0,0.0,1.0,0.0,0.0,0.102514505,0.0,0,0,0,0,0
9122,-1,0,-0.4744131,0.38357225,0,1,unassigned,28.0,28.0,0.0,1.0,0.0,0.0,0.050290134,0.0,0,0,0,0,0
9123,-1,1,3.3464148,0.9659872,1,1,unassigned,15.0,13.0,2.0,0.8666667,0.13333334,0.13333333,0.025145067,0.0033526758,1,0,0,1,1
9124,1,0,0.9090243,0.71280044,1,0,unassigned,11.0,11.0,0.0,1.0,0.0,0.0,0.017408123,0.0,0,0,1,1,0
9125,0,0,-0.2715237,0.43253303,0,0,unassigned,33.0,33.0,0.0,1.0,0.0,0.0,0.059961315,0.0,0,0,1,0,0
9126,-1,0,-0.50702786,0.37589052,0,1,unassigned,74.0,74.0,0.0,1.0,0.0,0.0,0.13926499,0.0,0,0,0,0,0
9127,-1,0,3.1927278,0.96055967,1,1,unassigned,2.0,2.0,0.0,1.0,0.0,0.0,0.0,0.0,0,0,0,1,1
9128,-1,0,-0.48929366,0.38006,0,1,unassigned,117.0,116.0,1.0,0.991453,0.008547009,0.008547008,0.22243714,0.0019011722,0,0,0,0,0
9129,-1,0,-0.7997987,0.31006858,0,1,unassigned,47.0,47.0,0.0,1.0,0.0,0.0,0.08704062,0.0,0,0,0,0,0
9130,-1,1,2.4888742,0.92335814,1,1,unassigned,13.0,12.0,1.0,0.9230769,0.07692308,0.07692307,0.021276595,0.0016366612,1,0,0,1,1
9131,-1,0,-0.56334734,0.3627733,0,1,unassigned,30.0,29.0,1.0,0.96666664,0.033333335,0.03333336,0.054158606,0.001805287,0,0,0,0,0
9132,-1,0,0.0429464,0.510735,1,1,unassigned,5.0,5.0,0.0,1.0,0.0,0.0,0.0058027077,0.0,0,0,0,1,0
9133,-1,0,-0.6167892,0.35051203,0,1,unassigned,68.0,68.0,0.0,1.0,0.0,0.0,0.12765957,0.0,0,0,0,0,0
9134,1,0,-0.45810688,0.38743502,0,1,unassigned,46.0,46.0,0.0,1.0,0.0,0.0,0.08510638,0.0,0,0,0,0,0
9135,-1,0,0.5513906,0.6344582,1,1,unassigned,29.0,28.0,1.0,0.9655172,0.03448276,0.034482777,0.05222437,0.0018008404,0,0,0,1,0
9136,-1,1,2.247535,0.90443766,1,1,unassigned,20.0,20.0,0.0,1.0,0.0,0.0,0.034816246,0.0,1,0,0,1,1
9137,1,0,-0.22025913,0.44515675,0,1,unassigned,30.0,30.0,0.0,1.0,0.0,0.0,0.054158606,0.0,0,0,0,0,0
9138,-1,0,-0.024338186,0.49391577,0,1,unassigned,11.0,11.0,0.0,1.0,0.0,0.0,0.017408123,0.0,0,0,0,0,0
9139,-1,1,5.439937,0.99567896,1,1,unassigned,11.0,11.0,0.0,1.0,0.0,0.0,0.017408123,0.0,1,0,0,1,1
9140,1,1,7.412932,0.9993969,1,0,val,28.0,27.0,1.0,0.96428573,0.035714287,0.03571427,0.050290134,0.0017960763,1,0,1,1,1
9141,-1,0,0.4090324,0.6008558,1,1,unassigned,2.0,1.0,1.0,0.5,0.5,0.5,0.0,0.0,0,0,0,1,0
9142,-1,0,-0.38661295,0.4045329,0,1,unassigned,94.0,93.0,1.0,0.9893617,0.010638298,0.010638297,0.17794971,0.0018930819,0,0,0,0,0
9143,-1,0,-0.6738779,0.33762905,0,1,unassigned,7.0,6.0,1.0,0.85714287,0.14285715,0.14285713,0.00967118,0.0013815971,0,0,0,0,0
9144,1,0,8.968519,0.9998727,1,0,unassigned,6.0,4.0,2.0,0.6666667,0.33333334,0.3333333,0.007736944,0.0025789815,0,0,1,1,1
9145,-1,0,-0.06967944,0.48258716,0,1,unassigned,20.0,20.0,0.0,1.0,0.0,0.0,0.034816246,0.0,0,0,0,0,0
9146,-1,1,1.4903984,0.816138,1,1,unassigned,5.0,5.0,0.0,1.0,0.0,0.0,0.0058027077,0.0,1,0,0,1,0
9147,-1,0,-0.80266714,0.30945528,0,1,unassigned,34.0,31.0,3.0,0.9117647,0.0882353,0.08823532,0.061895553,0.0054613724,0,0,0,0,0
9148,-1,1,5.4824705,0.99585813,1,1,unassigned,2.0,2.0,0.0,1.0,0.0,0.0,0.0,0.0,1,0,0,1,1
9149,-1,1,-0.15665442,0.46091628,0,1,unassigned,3.0,3.0,0.0,1.0,0.0,0.0,0.001934236,0.0,1,0,0,0,0
9150,-1,1,1.1006205,0.75037634,1,1,unassigned,4.0,4.0,0.0,1.0,0.0,0.0,0.003868472,0.0,1,0,0,1,0
9151,-1,0,-0.8754736,0.29411662,0,1,unassigned,96.0,94.0,2.0,0.9791667,0.020833334,0.020833313,0.18181819,0.003787879,0,0,0,0,0
9152,-1,1,0.33064026,0.58191514,1,1,unassigned,6.0,4.0,2.0,0.6666667,0.33333334,0.3333333,0.007736944,0.0025789815,1,0,0,1,0
9153,-1,0,-0.960009,0.2768764,0,1,unassigned,15.0,15.0,0.0,1.0,0.0,0.0,0.025145067,0.0,0,0,0,0,0
9154,-1,1,4.209097,0.98535776,1,1,unassigned,5.0,4.0,1.0,0.8,0.2,0.19999999,0.0058027077,0.0011605415,1,0,0,1,1
9155,-1,0,0.031588495,0.5078965,1,1,unassigned,18.0,18.0,0.0,1.0,0.0,0.0,0.030947777,0.0,0,0,0,1,0
9156,-1,0,-0.9726801,0.27434662,0,1,unassigned,14.0,14.0,0.0,1.0,0.0,0.0,0.023210831,0.0,0,0,0,0,0
9157,-1,0,0.8442369,0.6993568,1,1,unassigned,10.0,10.0,0.0,1.0,0.0,0.0,0.015473888,0.0,0,0,0,1,0
9158,-1,0,-0.7169909,0.32805595,0,1,unassigned,6.0,6.0,0.0,1.0,0.0,0.0,0.007736944,0.0,0,0,0,0,0
9159,1,0,-0.7363879,0.32379448,0,1,unassigned,103.0,100.0,3.0,0.9708738,0.029126214,0.029126227,0.19535783,0.005690034,0,0,0,0,0
9160,-1,0,-0.35334527,0.4125714,0,1,unassigned,17.0,17.0,0.0,1.0,0.0,0.0,0.029013539,0.0,0,0,0,0,0
9161,-1,0,-0.6558188,0.34167945,0,1,unassigned,113.0,113.0,0.0,1.0,0.0,0.0,0.21470019,0.0,0,0,0,0,0
9162,-1,0,-0.88837606,0.29144508,0,1,unassigned,60.0,58.0,2.0,0.96666664,0.033333335,0.03333336,0.11218569,0.003739523,0,0,0,0,0
9163,-1,1,-0.1916458,0.4522347,0,1,unassigned,33.0,21.0,12.0,0.6363636,0.36363637,0.36363637,0.059961315,0.021804115,1,0,0,0,0
9164,-1,0,-0.8302936,0.303583,0,1,unassigned,112.0,111.0,1.0,0.9910714,0.008928572,0.008928597,0.21276596,0.0018996962,0,0,0,0,0
9165,-1,0,-0.6475799,0.34353513,0,1,unassigned,94.0,92.0,2.0,0.9787234,0.021276595,0.021276593,0.17794971,0.0037861639,0,0,0,0,0
9166,-1,0,1.8460753,0.86366564,1,1,unassigned,6.0,6.0,0.0,1.0,0.0,0.0,0.007736944,0.0,0,0,0,1,0
9167,-1,0,-0.043348014,0.48916468,0,1,unassigned,41.0,35.0,6.0,0.85365856,0.14634146,0.14634144,0.07543521,0.011039298,0,0,0,0,0
9168,0,0,-0.13235629,0.46695918,0,0,test,57.0,56.0,1.0,0.98245615,0.01754386,0.017543852,0.10638298,0.0018663681,0,0,1,0,0
9169,-1,0,-0.035732985,0.49106777,0,1,unassigned,13.0,13.0,0.0,1.0,0.0,0.0,0.021276595,0.0,0,0,0,0,0
9170,-1,0,-0.557516,0.3641224,0,1,unassigned,72.0,72.0,0.0,1.0,0.0,0.0,0.13539653,0.0,0,0,0,0,0
9171,-1,0,-0.16632468,0.45851445,0,1,unassigned,18.0,17.0,1.0,0.9444444,0.055555556,0.055555582,0.030947777,0.0017193209,0,0,0,0,0
9172,0,0,-0.5019404,0.37708476,0,0,val,116.0,116.0,0.0,1.0,0.0,0.0,0.2205029,0.0,0,0,1,0,0
9173,-1,0,-0.4133073,0.39811936,0,1,unassigned,89.0,88.0,1.0,0.98876405,0.011235955,0.011235952,0.16827853,0.00189077,0,0,0,0,0
9174,-1,0,-0.6881222,0.33445093,0,1,unassigned,2.0,2.0,0.0,1.0,0.0,0.0,0.0,0.0,0,0,0,0,0
9175,-1,0,-0.46682227,0.38536862,0,1,unassigned,134.0,134.0,0.0,1.0,0.0,0.0,0.25531915,0.0,0,0,0,0,0
9176,-1,0,-0.34844118,0.41376048,0,1,unassigned,56.0,55.0,1.0,0.98214287,0.017857144,0.017857134,0.10444874,0.0018651562,0,0,0,0,0
9177,-1,0,-0.8381315,0.30192846,0,1,unassigned,7.0,7.0,0.0,1.0,0.0,0.0,0.00967118,0.0,0,0,0,0,0
9178,-1,0,1.7226174,0.8484657,1,1,unassigned,3.0,3.0,0.0,1.0,0.0,0.0,0.001934236,0.0,0,0,0,1,0
9179,-1,0,-0.21912393,0.44543716,0,1,unassigned,30.0,24.0,6.0,0.8,0.2,0.19999999,0.054158606,0.010831721,0,0,0,0,0
9180,-1,0,-0.27055478,0.4327709,0,1,unassigned,10.0,10.0,0.0,1.0,0.0,0.0,0.015473888,0.0,0,0,0,0,0
9181,1,1,2.0432007,0.8852588,1,0,test,10.0,9.0,1.0,0.9,0.1,0.100000024,0.015473888,0.0015473888,1,0,1,1,0
9182,-1,1,2.5178351,0.9253827,1,1,unassigned,8.0,7.0,1.0,0.875,0.125,0.125,0.0116054155,0.0014506769,1,0,0,1,1
9183,1,1,-0.38209635,0.40562138,0,1,unassigned,63.0,61.0,2.0,0.96825397,0.031746034,0.03174603,0.11798839,0.0037456634,1,0,0,0,0
9184,-1,0,4.32388,0.9869249,1,1,unassigned,6.0,6.0,0.0,1.0,0.0,0.0,0.007736944,0.0,0,0,0,1,1
9185,-1,0,0.09187472,0.52295256,1,1,unassigned,22.0,22.0,0.0,1.0,0.0,0.0,0.03868472,0.0,0,0,0,1,0
9186,-1,0,-0.8719401,0.29485077,0,1,unassigned,61.0,61.0,0.0,1.0,0.0,0.0,0.114119925,0.0,0,0,0,0,0
9187,-1,0,0.82157296,0.6945701,1,1,unassigned,7.0,7.0,0.0,1.0,0.0,0.0,0.00967118,0.0,0,0,0,1,0
9188,-1,0,-0.22299209,0.44448185,0,1,unassigned,49.0,49.0,0.0,1.0,0.0,0.0,0.09090909,0.0,0,0,0,0,0
9189,-1,0,-0.53331506,0.36974403,0,1,unassigned,53.0,53.0,0.0,1.0,0.0,0.0,0.09864604,0.0,0,0,0,0,0
9190,-1,0,4.200196,0.98522884,1,1,unassigned,6.0,6.0,0.0,1.0,0.0,0.0,0.007736944,0.0,0,0,0,1,1
9191,-1,0,-0.33665594,0.41662204,0,1,unassigned,4.0,4.0,0.0,1.0,0.0,0.0,0.003868472,0.0,0,0,0,0,0
9192,-1,1,-0.9826595,0.27236438,0,1,unassigned,2.0,2.0,0.0,1.0,0.0,0.0,0.0,0.0,1,0,0,0,0
9193,-1,1,1.9396346,0.874312,1,1,unassigned,2.0,2.0,0.0,1.0,0.0,0.0,0.0,0.0,1,0,0,1,0
9194,-1,0,0.22412843,0.5557987,1,1,unassigned,26.0,23.0,3.0,0.88461536,0.115384616,0.11538464,0.046421662,0.005356346,0,0,0,1,0
9195,-1,0,-0.3553091,0.41209555,0,1,unassigned,13.0,13.0,0.0,1.0,0.0,0.0,0.021276595,0.0,0,0,0,0,0
9196,-1,0,0.25519973,0.56345594,1,1,unassigned,46.0,46.0,0.0,1.0,0.0,0.0,0.08510638,0.0,0,0,0,1,0
9197,-1,0,-0.54448843,0.36714408,0,1,unassigned,35.0,35.0,0.0,1.0,0.0,0.0,0.06382979,0.0,0,0,0,0,0
9198,-1,0,-0.6564649,0.34153417,0,1,unassigned,50.0,42.0,8.0,0.84,0.16,0.16000003,0.092843324,0.014854931,0,0,0,0,0
9199,-1,0,-0.76821876,0.31686455,0,1,unassigned,33.0,33.0,0.0,1.0,0.0,0.0,0.059961315,0.0,0,0,0,0,0
9200,-1,0,-0.3557709,0.4119837,0,1,unassigned,33.0,33.0,0.0,1.0,0.0,0.0,0.059961315,0.0,0,0,0,0,0
9201,-1,1,-0.120508194,0.46990937,0,1,unassigned,19.0,19.0,0.0,1.0,0.0,0.0,0.032882012,0.0,1,0,0,0,0
9202,1,1,0.53742176,0.6312125,1,0,unassigned,27.0,23.0,4.0,0.8518519,0.14814815,0.14814812,0.0483559,0.007163837,1,0,1,1,0
9203,-1,0,-0.558497,0.3638953,0,1,unassigned,68.0,68.0,0.0,1.0,0.0,0.0,0.12765957,0.0,0,0,0,0,0
9204,-1,0,-0.96065784,0.27674648,0,1,unassigned,57.0,55.0,2.0,0.9649123,0.03508772,0.035087705,0.10638298,0.0037327362,0,0,0,0,0
9205,-1,0,-0.14152491,0.4646777,0,1,unassigned,13.0,13.0,0.0,1.0,0.0,0.0,0.021276595,0.0,0,0,0,0,0
9206,-1,0,-0.73024166,0.3251417,0,1,unassigned,123.0,123.0,0.0,1.0,0.0,0.0,0.23404256,0.0,0,0,0,0,0
9207,-1,0,-0.35361958,0.41250494,0,1,unassigned,51.0,51.0,0.0,1.0,0.0,0.0,0.09477756,0.0,0,0,0,0,0
9208,-1,0,-0.5277208,0.37104863,0,1,unassigned,61.0,60.0,1.0,0.9836066,0.016393442,0.016393423,0.114119925,0.0018708183,0,0,0,0,0
9209,-1,1,0.7791274,0.685492,1,1,unassigned,19.0,17.0,2.0,0.8947368,0.10526316,0.10526317,0.032882012,0.0034612645,1,0,0,1,0
9210,-1,0,3.2788455,0.96369594,1,1,unassigned,2.0,2.0,0.0,1.0,0.0,0.0,0.0,0.0,0,0,0,1,1
9211,-1,0,-0.3385862,0.41615295,0,1,unassigned,16.0,16.0,0.0,1.0,0.0,0.0,0.027079303,0.0,0,0,0,0,0
9212,0,0,-0.34655803,0.41421735,0,0,val,15.0,15.0,0.0,1.0,0.0,0.0,0.025145067,0.0,0,0,1,0,0
9213,-1,0,-0.49676427,0.37830135,0,1,unassigned,6.0,6.0,0.0,1.0,0.0,0.0,0.007736944,0.0,0,0,0,0,0
9214,-1,1,6.7436767,0.9988231,1,1,unassigned,2.0,2.0,0.0,1.0,0.0,0.0,0.0,0.0,1,0,0,1,1
9215,-1,0,-0.6225992,0.34919053,0,1,unassigned,16.0,16.0,0.0,1.0,0.0,0.0,0.027079303,0.0,0,0,0,0,0
9216,0,0,-0.47378013,0.38372192,0,0,val,35.0,34.0,1.0,0.9714286,0.028571429,0.028571427,0.06382979,0.0018237082,0,0,1,0,0
9217,0,0,-0.53702337,0.3688803,0,0,test,36.0,36.0,0.0,1.0,0.0,0.0,0.065764025,0.0,0,0,1,0,0
9218,-1,0,-0.34982246,0.41342548,0,1,unassigned,23.0,23.0,0.0,1.0,0.0,0.0,0.040618956,0.0,0,0,0,0,0
9219,-1,1,-0.8855075,0.29203779,0,1,unassigned,32.0,32.0,0.0,1.0,0.0,0.0,0.058027077,0.0,1,0,0,0,0
9220,-1,0,0.75375587,0.67999655,1,1,unassigned,6.0,6.0,0.0,1.0,0.0,0.0,0.007736944,0.0,0,0,0,1,0
9221,1,1,3.3328097,0.96553737,1,0,val,4.0,4.0,0.0,1.0,0.0,0.0,0.003868472,0.0,1,0,1,1,1
9222,-1,1,-0.557227,0.3641893,0,1,unassigned,36.0,36.0,0.0,1.0,0.0,0.0,0.065764025,0.0,1,0,0,0,0
9223,-1,1,1.0056863,0.7321751,1,1,unassigned,27.0,27.0,0.0,1.0,0.0,0.0,0.0483559,0.0,1,0,0,1,0
9224,1,0,3.5074308,0.97089845,1,0,test,53.0,46.0,7.0,0.8679245,0.13207547,0.13207549,0.09864604,0.013028722,0,0,1,1,1
9225,-1,0,0.07618433,0.5190369,1,1,unassigned,17.0,16.0,1.0,0.9411765,0.05882353,0.058823526,0.029013539,0.0017066788,0,0,0,1,0
9226,-1,0,-0.30092788,0.42533067,0,1,unassigned,30.0,30.0,0.0,1.0,0.0,0.0,0.054158606,0.0,0,0,0,0,0
9227,-1,0,0.85178524,0.7009415,1,1,unassigned,14.0,14.0,0.0,1.0,0.0,0.0,0.023210831,0.0,0,0,0,1,0
9228,-1,0,5.1137676,0.99402255,1,1,unassigned,2.0,2.0,0.0,1.0,0.0,0.0,0.0,0.0,0,0,0,1,1
9229,-1,0,7.3932185,0.999385,1,1,unassigned,8.0,8.0,0.0,1.0,0.0,0.0,0.0116054155,0.0,0,0,0,1,1
9230,-1,0,-0.72520924,0.32624692,0,1,unassigned,104.0,103.0,1.0,0.99038464,0.009615385,0.009615362,0.19729207,0.0018970392,0,0,0,0,0
9231,-1,0,-0.4879708,0.3803717,0,1,unassigned,19.0,19.0,0.0,1.0,0.0,0.0,0.032882012,0.0,0,0,0,0,0
9232,-1,0,-0.6157248,0.3507544,0,1,unassigned,54.0,53.0,1.0,0.9814815,0.018518519,0.018518507,0.10058027,0.0018625975,0,0,0,0,0
9233,-1,0,-0.62151307,0.3494374,0,1,unassigned,53.0,52.0,1.0,0.9811321,0.018867925,0.01886791,0.09864604,0.0018612461,0,0,0,0,0
9234,-1,0,-0.7703255,0.3164087,0,1,unassigned,13.0,13.0,0.0,1.0,0.0,0.0,0.021276595,0.0,0,0,0,0,0
9235,-1,0,0.32232285,0.57989025,1,1,unassigned,4.0,3.0,1.0,0.75,0.25,0.25,0.003868472,0.000967118,0,0,0,1,0
9236,0,0,-0.87663573,0.29387543,0,0,unassigned,50.0,50.0,0.0,1.0,0.0,0.0,0.092843324,0.0,0,0,1,0,0
9237,-1,0,-0.8350501,0.3025783,0,1,unassigned,96.0,93.0,3.0,0.96875,0.03125,0.03125,0.18181819,0.0056818184,0,0,0,0,0
9238,-1,0,-0.68845725,0.33437636,0,1,unassigned,38.0,37.0,1.0,0.9736842,0.02631579,0.026315808,0.06963249,0.0018324341,0,0,0,0,0
9239,-1,0,-0.8432436,0.3008521,0,1,unassigned,35.0,34.0,1.0,0.9714286,0.028571429,0.028571427,0.06382979,0.0018237082,0,0,0,0,0
9240,-1,0,-0.9149652,0.28598487,0,1,unassigned,54.0,54.0,0.0,1.0,0.0,0.0,0.10058027,0.0,0,0,0,0,0
9241,-1,0,-0.74332154,0.32227823,0,1,unassigned,29.0,29.0,0.0,1.0,0.0,0.0,0.05222437,0.0,0,0,0,0,0
9242,-1,0,-0.07406461,0.4814923,0,1,unassigned,19.0,19.0,0.0,1.0,0.0,0.0,0.032882012,0.0,0,0,0,0,0
9243,-1,0,-0.9527385,0.2783344,0,1,unassigned,33.0,33.0,0.0,1.0,0.0,0.0,0.059961315,0.0,0,0,0,0,0
9244,-1,1,0.48135453,0.6180677,1,1,unassigned,24.0,24.0,0.0,1.0,0.0,0.0,0.04255319,0.0,1,0,0,1,0
9245,-1,1,0.029533684,0.50738287,1,1,unassigned,58.0,58.0,0.0,1.0,0.0,0.0,0.10831721,0.0,1,0,0,1,0
9246,-1,0,-0.8374243,0.30207753,0,1,unassigned,40.0,40.0,0.0,1.0,0.0,0.0,0.07350097,0.0,0,0,0,0,0
9247,-1,0,0.90200406,0.7113611,1,1,unassigned,6.0,5.0,1.0,0.8333333,0.16666667,0.16666669,0.007736944,0.0012894907,0,0,0,1,0
9248,-1,0,0.18197602,0.5453689,1,1,unassigned,8.0,8.0,0.0,1.0,0.0,0.0,0.0116054155,0.0,0,0,0,1,0
9249,0,0,-0.44796187,0.3898455,0,0,test,21.0,21.0,0.0,1.0,0.0,0.0,0.036750484,0.0,0,0,1,0,0
9250,-1,0,1.5977023,0.831697,1,1,unassigned,37.0,37.0,0.0,1.0,0.0,0.0,0.06769826,0.0,0,0,0,1,0
9251,-1,1,2.524473,0.9258397,1,1,unassigned,2.0,2.0,0.0,1.0,0.0,0.0,0.0,0.0,1,0,0,1,1
9252,-1,1,2.1296852,0.89375514,1,1,unassigned,13.0,12.0,1.0,0.9230769,0.07692308,0.07692307,0.021276595,0.0016366612,1,0,0,1,0
9253,-1,1,4.433069,0.9882614,1,1,unassigned,7.0,7.0,0.0,1.0,0.0,0.0,0.00967118,0.0,1,0,0,1,1
9254,-1,0,5.103369,0.9939605,1,1,unassigned,4.0,4.0,0.0,1.0,0.0,0.0,0.003868472,0.0,0,0,0,1,1
9255,-1,1,0.3669569,0.59072345,1,1,unassigned,71.0,69.0,2.0,0.97183096,0.028169014,0.028169036,0.13346228,0.0037595008,1,0,0,1,0
9256,-1,0,3.6431763,0.9744983,1,1,unassigned,26.0,11.0,15.0,0.42307693,0.5769231,0.5769231,0.046421662,0.026781728,0,0,0,1,1
9257,-1,0,-0.18590677,0.4536567,0,1,unassigned,33.0,33.0,0.0,1.0,0.0,0.0,0.059961315,0.0,0,0,0,0,0
9258,-1,0,-0.028215885,0.49294648,0,1,unassigned,106.0,105.0,1.0,0.990566,0.009433962,0.009433985,0.20116054,0.0018977409,0,0,0,0,0
9259,-1,1,1.8485522,0.86395705,1,1,unassigned,6.0,4.0,2.0,0.6666667,0.33333334,0.3333333,0.007736944,0.0025789815,1,0,0,1,0
9260,-1,0,-0.2995796,0.42566022,0,1,unassigned,244.0,241.0,3.0,0.98770493,0.012295082,0.012295067,0.4680851,0.005755145,0,0,0,0,0
9261,1,0,0.7207245,0.67276657,1,0,test,3.0,3.0,0.0,1.0,0.0,0.0,0.001934236,0.0,0,0,1,1,0
9262,-1,1,5.2334533,0.9946932,1,1,unassigned,6.0,6.0,0.0,1.0,0.0,0.0,0.007736944,0.0,1,0,0,1,1
9263,0,0,0.8698271,0.7047097,1,1,unassigned,10.0,9.0,1.0,0.9,0.1,0.100000024,0.015473888,0.0015473888,0,0,0,1,0
9264,-1,0,6.8012695,0.9988889,1,1,unassigned,2.0,2.0,0.0,1.0,0.0,0.0,0.0,0.0,0,0,0,1,1
9265,-1,1,2.0184393,0.8827195,1,1,unassigned,5.0,5.0,0.0,1.0,0.0,0.0,0.0058027077,0.0,1,0,0,1,0
9266,-1,0,-0.52866143,0.37082914,0,1,unassigned,2.0,2.0,0.0,1.0,0.0,0.0,0.0,0.0,0,0,0,0,0
9267,-1,0,2.1835334,0.8987611,1,1,unassigned,3.0,2.0,1.0,0.6666667,0.33333334,0.3333333,0.001934236,0.00064474536,0,0,0,1,0
9268,-1,1,-0.7420989,0.32254532,0,1,unassigned,41.0,41.0,0.0,1.0,0.0,0.0,0.07543521,0.0,1,0,0,0,0
9269,-1,0,-0.032315314,0.49192187,0,1,unassigned,2.0,1.0,1.0,0.5,0.5,0.5,0.0,0.0,0,0,0,0,0
9270,0,0,-0.62208635,0.34930706,0,0,unassigned,14.0,14.0,0.0,1.0,0.0,0.0,0.023210831,0.0,0,0,1,0,0
9271,-1,1,7.1753964,0.9992354,1,1,unassigned,17.0,17.0,0.0,1.0,0.0,0.0,0.029013539,0.0,1,0,0,1,1
9272,1,0,0.08170372,0.52041453,1,0,val,15.0,1.0,14.0,0.06666667,0.93333334,0.93333334,0.025145067,0.02346873,0,0,1,1,0
9273,-1,0,0.7048493,0.66926205,1,1,unassigned,11.0,10.0,1.0,0.90909094,0.09090909,0.090909064,0.017408123,0.0015825568,0,0,0,1,0
9274,-1,0,-0.30900192,0.42335835,0,1,unassigned,46.0,46.0,0.0,1.0,0.0,0.0,0.08510638,0.0,0,0,0,0,0
9275,-1,0,0.45041937,0.61073893,1,1,unassigned,15.0,15.0,0.0,1.0,0.0,0.0,0.025145067,0.0,0,0,0,1,0
9276,1,1,-0.4192081,0.39670628,0,1,unassigned,3.0,2.0,1.0,0.6666667,0.33333334,0.3333333,0.001934236,0.00064474536,1,0,0,0,0
9277,-1,0,-0.54618144,0.36675084,0,1,unassigned,16.0,16.0,0.0,1.0,0.0,0.0,0.027079303,0.0,0,0,0,0,0
9278,0,0,-0.16900876,0.45784807,0,0,unassigned,2.0,2.0,0.0,1.0,0.0,0.0,0.0,0.0,0,0,1,0,0
9279,-1,1,0.1304608,0.532569,1,1,unassigned,2.0,2.0,0.0,1.0,0.0,0.0,0.0,0.0,1,0,0,1,0
9280,-1,1,1.5158434,0.8199256,1,1,unassigned,13.0,12.0,1.0,0.9230769,0.07692308,0.07692307,0.021276595,0.0016366612,1,0,0,1,0
9281,-1,0,1.6360805,0.8370009,1,1,unassigned,4.0,4.0,0.0,1.0,0.0,0.0,0.003868472,0.0,0,0,0,1,0
9282,-1,0,-0.37408656,0.40755394,0,1,unassigned,40.0,40.0,0.0,1.0,0.0,0.0,0.07350097,0.0,0,0,0,0,0
9283,-1,0,2.4721248,0.92216444,1,1,unassigned,2.0,2.0,0.0,1.0,0.0,0.0,0.0,0.0,0,0,0,1,1
9284,-1,1,4.602793,0.99007565,1,1,unassigned,9.0,8.0,1.0,0.8888889,0.11111111,0.111111104,0.013539651,0.0015044058,1,0,0,1,1
9285,-1,0,-0.36643052,0.4094038,0,1,unassigned,107.0,107.0,0.0,1.0,0.0,0.0,0.20309478,0.0,0,0,0,0,0
9286,1,0,-0.5025103,0.3769509,0,1,unassigned,12.0,12.0,0.0,1.0,0.0,0.0,0.01934236,0.0,0,0,0,0,0
9287,0,0,-0.24970454,0.43789622,0,0,unassigned,45.0,44.0,1.0,0.9777778,0.022222223,0.02222222,0.08317215,0.0018482701,0,0,1,0,0
9288,-1,0,-0.57981527,0.3589751,0,1,unassigned,5.0,5.0,0.0,1.0,0.0,0.0,0.0058027077,0.0,0,0,0,0,0
9289,0,0,-0.84973943,0.29948753,0,0,val,70.0,69.0,1.0,0.98571426,0.014285714,0.014285743,0.13152805,0.0018789722,0,0,1,0,0
9290,-1,0,0.04118651,0.5102952,1,1,unassigned,106.0,103.0,3.0,0.9716981,0.028301887,0.028301895,0.20116054,0.005693223,0,0,0,1,0
9291,-1,0,-0.9131204,0.28636172,0,1,unassigned,2.0,2.0,0.0,1.0,0.0,0.0,0.0,0.0,0,0,0,0,0
9292,-1,0,0.7197636,0.6725549,1,1,unassigned,5.0,5.0,0.0,1.0,0.0,0.0,0.0058027077,0.0,0,0,0,1,0
9293,-1,0,-0.35693264,0.4117023,0,1,unassigned,85.0,84.0,1.0,0.9882353,0.011764706,0.011764705,0.16054158,0.0018887245,0,0,0,0,0
9294,-1,0,-0.4246428,0.3954063,0,1,unassigned,29.0,29.0,0.0,1.0,0.0,0.0,0.05222437,0.0,0,0,0,0,0
9295,0,1,-0.7635721,0.31787124,0,0,train,72.0,72.0,0.0,1.0,0.0,0.0,0.13539653,0.0,1,0,1,0,0
9296,-1,0,-0.2190533,0.44545463,0,1,unassigned,29.0,27.0,2.0,0.9310345,0.06896552,0.068965495,0.05222437,0.0036016807,0,0,0,0,0
9297,-1,0,-0.28789866,0.42851838,0,1,unassigned,24.0,24.0,0.0,1.0,0.0,0.0,0.04255319,0.0,0,0,0,0,0
9298,1,0,-0.36957294,0.40864423,0,1,val,79.0,79.0,0.0,1.0,0.0,0.0,0.14893617,0.0,0,0,0,0,0
9299,-1,1,2.3279672,0.9111669,1,1,unassigned,3.0,3.0,0.0,1.0,0.0,0.0,0.001934236,0.0,1,0,0,1,1
9300,-1,0,-0.8006285,0.30989107,0,1,unassigned,109.0,106.0,3.0,0.9724771,0.027522936,0.027522922,0.20696326,0.0056962366,0,0,0,0,0
9301,-1,0,-0.5891216,0.35683644,0,1,unassigned,82.0,79.0,3.0,0.9634146,0.036585364,0.03658539,0.15473887,0.005661178,0,0,0,0,0
9302,1,1,0.18295473,0.5456115,1,0,unassigned,7.0,7.0,0.0,1.0,0.0,0.0,0.00967118,0.0,1,0,1,1,0
9303,-1,1,0.11722803,0.5292735,1,1,unassigned,6.0,6.0,0.0,1.0,0.0,0.0,0.007736944,0.0,1,0,0,1,0
9304,-1,0,-0.5734998,0.36042964,0,1,unassigned,34.0,33.0,1.0,0.9705882,0.029411765,0.029411793,0.061895553,0.0018204574,0,0,0,0,0
9305,-1,1,1.0871418,0.74784315,1,1,unassigned,6.0,3.0,3.0,0.5,0.5,0.5,0.007736944,0.003868472,1,0,0,1,0
9306,-1,0,0.11287624,0.5281891,1,1,unassigned,19.0,19.0,0.0,1.0,0.0,0.0,0.032882012,0.0,0,0,0,1,0
9307,-1,1,2.0874255,0.88967496,1,1,unassigned,17.0,16.0,1.0,0.9411765,0.05882353,0.058823526,0.029013539,0.0017066788,1,0,0,1,0
9308,-1,1,-0.775838,0.31521758,0,1,unassigned,72.0,70.0,2.0,0.9722222,0.027777778,0.027777791,0.13539653,0.0037610147,1,0,0,0,0
9309,-1,1,1.445904,0.80936724,1,1,unassigned,8.0,7.0,1.0,0.875,0.125,0.125,0.0116054155,0.0014506769,1,0,0,1,0
9310,-1,0,1.5036218,0.818114,1,1,unassigned,18.0,18.0,0.0,1.0,0.0,0.0,0.030947777,0.0,0,0,0,1,0
9311,-1,1,-0.9484643,0.27919376,0,1,unassigned,40.0,36.0,4.0,0.9,0.1,0.100000024,0.07350097,0.007350097,1,0,0,0,0
9312,-1,1,7.0143166,0.9991019,1,1,unassigned,3.0,3.0,0.0,1.0,0.0,0.0,0.001934236,0.0,1,0,0,1,1
9313,-1,1,5.912585,0.99730206,1,1,unassigned,2.0,2.0,0.0,1.0,0.0,0.0,0.0,0.0,1,0,0,1,1
9314,-1,1,3.0739286,0.9558044,1,1,unassigned,3.0,3.0,0.0,1.0,0.0,0.0,0.001934236,0.0,1,0,0,1,1
9315,-1,1,0.20864671,0.5519732,1,1,unassigned,4.0,3.0,1.0,0.75,0.25,0.25,0.003868472,0.000967118,1,0,0,1,0
9316,-1,0,0.9943848,0.7299531,1,1,unassigned,23.0,23.0,0.0,1.0,0.0,0.0,0.040618956,0.0,0,0,0,1,0
9317,-1,1,6.349898,0.99825615,1,1,unassigned,5.0,5.0,0.0,1.0,0.0,0.0,0.0058027077,0.0,1,0,0,1,1
9318,-1,0,-0.25014618,0.43778753,0,1,unassigned,36.0,36.0,0.0,1.0,0.0,0.0,0.065764025,0.0,0,0,0,0,0
9319,-1,0,-0.010332823,0.4974168,0,1,unassigned,3.0,3.0,0.0,1.0,0.0,0.0,0.001934236,0.0,0,0,0,0,0
9320,-1,1,-0.83330965,0.3029457,0,1,unassigned,26.0,26.0,0.0,1.0,0.0,0.0,0.046421662,0.0,1,0,0,0,0
9321,-1,1,-0.33759075,0.41639483,0,1,unassigned,10.0,10.0,0.0,1.0,0.0,0.0,0.015473888,0.0,1,0,0,0,0
9322,-1,1,0.56032425,0.63652754,1,1,unassigned,2.0,2.0,0.0,1.0,0.0,0.0,0.0,0.0,1,0,0,1,0
9323,-1,0,2.190451,0.8993887,1,1,unassigned,3.0,3.0,0.0,1.0,0.0,0.0,0.001934236,0.0,0,0,0,1,0
9324,-1,1,0.7978609,0.6895167,1,1,unassigned,8.0,8.0,0.0,1.0,0.0,0.0,0.0116054155,0.0,1,0,0,1,0
9325,-1,0,-0.9225248,0.28444374,0,1,unassigned,29.0,27.0,2.0,0.9310345,0.06896552,0.068965495,0.05222437,0.0036016807,0,0,0,0,0
9326,-1,0,-0.6039091,0.35344985,0,1,unassigned,10.0,10.0,0.0,1.0,0.0,0.0,0.015473888,0.0,0,0,0,0,0
9327,0,1,-0.87543505,0.29412463,0,0,unassigned,5.0,5.0,0.0,1.0,0.0,0.0,0.0058027077,0.0,1,0,1,0,0
9328,-1,0,-0.65192175,0.3425566,0,1,unassigned,31.0,31.0,0.0,1.0,0.0,0.0,0.056092843,0.0,0,0,0,0,0
9329,-1,0,1.8851264,0.8681988,1,1,unassigned,5.0,3.0,2.0,0.6,0.4,0.39999998,0.0058027077,0.002321083,0,0,0,1,0
9330,-1,0,3.5074117,0.970898,1,1,unassigned,6.0,6.0,0.0,1.0,0.0,0.0,0.007736944,0.0,0,0,0,1,1
9331,-1,0,8.3784485,0.99977034,1,1,unassigned,2.0,2.0,0.0,1.0,0.0,0.0,0.0,0.0,0,0,0,1,1
9332,0,0,0.83749706,0.6979378,1,1,test,8.0,8.0,0.0,1.0,0.0,0.0,0.0116054155,0.0,0,0,0,1,0
9333,-1,1,-0.79755217,0.31054938,0,1,unassigned,5.0,5.0,0.0,1.0,0.0,0.0,0.0058027077,0.0,1,0,0,0,0
9334,-1,0,-0.5195953,0.37294686,0,1,unassigned,7.0,6.0,1.0,0.85714287,0.14285715,0.14285713,0.00967118,0.0013815971,0,0,0,0,0
9335,-1,1,3.1051953,0.95710653,1,1,unassigned,3.0,3.0,0.0,1.0,0.0,0.0,0.001934236,0.0,1,0,0,1,1
9336,-1,0,0.1449877,0.5361836,1,1,unassigned,11.0,8.0,3.0,0.72727275,0.27272728,0.27272725,0.017408123,0.00474767,0,0,0,1,0
9337,1,1,-0.41813266,0.3969637,0,1,unassigned,8.0,8.0,0.0,1.0,0.0,0.0,0.0116054155,0.0,1,0,0,0,0
9338,-1,0,-0.2210083,0.44497174,0,1,unassigned,34.0,34.0,0.0,1.0,0.0,0.0,0.061895553,0.0,0,0,0,0,0
9339,-1,0,-1.3635173,0.20366924,0,1,unassigned,2.0,2.0,0.0,1.0,0.0,0.0,0.0,0.0,0,0,0,0,0
9340,-1,0,4.554751,0.9895923,1,1,unassigned,41.0,35.0,6.0,0.85365856,0.14634146,0.14634144,0.07543521,0.011039298,0,0,0,1,1
9341,-1,1,1.6264415,0.83568156,1,1,unassigned,4.0,4.0,0.0,1.0,0.0,0.0,0.003868472,0.0,1,0,0,1,0
9342,-1,0,0.92476064,0.7160111,1,1,unassigned,21.0,21.0,0.0,1.0,0.0,0.0,0.036750484,0.0,0,0,0,1,0
9343,-1,0,11.717878,0.9999919,1,1,unassigned,2.0,2.0,0.0,1.0,0.0,0.0,0.0,0.0,0,0,0,1,1
9344,-1,0,0.8754266,0.70587367,1,1,unassigned,20.0,20.0,0.0,1.0,0.0,0.0,0.034816246,0.0,0,0,0,1,0
9345,-1,0,0.57093316,0.6389785,1,1,unassigned,13.0,13.0,0.0,1.0,0.0,0.0,0.021276595,0.0,0,0,0,1,0
9346,-1,0,1.8752,0.8670589,1,1,unassigned,4.0,4.0,0.0,1.0,0.0,0.0,0.003868472,0.0,0,0,0,1,0
9347,1,0,0.03617537,0.50904286,1,0,val,33.0,33.0,0.0,1.0,0.0,0.0,0.059961315,0.0,0,0,1,1,0
9348,1,0,-0.05097586,0.48725876,0,1,train,22.0,22.0,0.0,1.0,0.0,0.0,0.03868472,0.0,0,0,0,0,0
9349,-1,0,0.5401965,0.6318581,1,1,unassigned,22.0,22.0,0.0,1.0,0.0,0.0,0.03868472,0.0,0,0,0,1,0
9350,-1,0,10.603073,0.9999752,1,1,unassigned,12.0,9.0,3.0,0.75,0.25,0.25,0.01934236,0.00483559,0,0,0,1,1
9351,-1,0,0.6438623,0.65562606,1,1,unassigned,62.0,62.0,0.0,1.0,0.0,0.0,0.116054155,0.0,0,0,0,1,0
9352,-1,0,0.34232146,0.5847543,1,1,unassigned,3.0,3.0,0.0,1.0,0.0,0.0,0.001934236,0.0,0,0,0,1,0
9353,-1,0,2.5998168,0.9308498,1,1,unassigned,3.0,2.0,1.0,0.6666667,0.33333334,0.3333333,0.001934236,0.00064474536,0,0,0,1,1
9354,-1,0,-0.45084432,0.38916007,0,1,unassigned,16.0,16.0,0.0,1.0,0.0,0.0,0.027079303,0.0,0,0,0,0,0
9355,-1,1,3.9600055,0.9812936,1,1,unassigned,15.0,13.0,2.0,0.8666667,0.13333334,0.13333333,0.025145067,0.0033526758,1,0,0,1,1
9356,-1,0,9.813059,0.9999453,1,1,unassigned,6.0,6.0,0.0,1.0,0.0,0.0,0.007736944,0.0,0,0,0,1,1
9357,-1,1,5.170749,0.99435174,1,1,unassigned,9.0,9.0,0.0,1.0,0.0,0.0,0.013539651,0.0,1,0,0,1,1
9358,-1,0,15.629374,0.9999999,1,1,unassigned,2.0,2.0,0.0,1.0,0.0,0.0,0.0,0.0,0,0,0,1,1
9359,-1,0,1.714755,0.847452,1,1,unassigned,2.0,2.0,0.0,1.0,0.0,0.0,0.0,0.0,0,0,0,1,0
9360,-1,1,2.7600024,0.9404757,1,1,unassigned,19.0,14.0,5.0,0.7368421,0.2631579,0.2631579,0.032882012,0.008653161,1,0,0,1,1
9361,1,0,-0.296277,0.42646784,0,1,unassigned,2.0,2.0,0.0,1.0,0.0,0.0,0.0,0.0,0,0,0,0,0
9362,-1,1,-0.42996332,0.3941351,0,1,unassigned,42.0,40.0,2.0,0.95238096,0.04761905,0.047619045,0.07736944,0.003684259,1,0,0,0,0
9363,-1,0,9.420007,0.99991894,1,1,unassigned,2.0,2.0,0.0,1.0,0.0,0.0,0.0,0.0,0,0,0,1,1
9364,-1,0,7.8800063,0.99962187,1,1,unassigned,26.0,24.0,2.0,0.9230769,0.07692308,0.07692307,0.046421662,0.0035708973,0,0,0,1,1
9365,-1,0,-0.83032835,0.30357563,0,1,unassigned,65.0,64.0,1.0,0.9846154,0.015384615,0.0153846145,0.12185687,0.001874721,0,0,0,0,0
9366,-1,0,-0.534176,0.36954343,0,1,unassigned,34.0,34.0,0.0,1.0,0.0,0.0,0.061895553,0.0,0,0,0,0,0
9367,1,0,-0.5549188,0.36472395,0,1,unassigned,36.0,36.0,0.0,1.0,0.0,0.0,0.065764025,0.0,0,0,0,0,0
9368,-1,0,-0.49250007,0.3793048,0,1,unassigned,81.0,80.0,1.0,0.9876543,0.012345679,0.012345672,0.15280464,0.0018864771,0,0,0,0,0
9369,-1,0,-0.73884237,0.32325733,0,1,unassigned,41.0,41.0,0.0,1.0,0.0,0.0,0.07543521,0.0,0,0,0,0,0
9370,-1,0,-0.59772843,0.35486355,0,1,unassigned,64.0,64.0,0.0,1.0,0.0,0.0,0.11992263,0.0,0,0,0,0,0
9371,-1,1,0.8584419,0.702335,1,1,unassigned,28.0,26.0,2.0,0.9285714,0.071428575,0.0714286,0.050290134,0.0035921526,1,0,0,1,0
9372,0,0,-0.6286483,0.3478171,0,0,unassigned,111.0,110.0,1.0,0.990991,0.009009009,0.009009004,0.21083172,0.0018993849,0,0,1,0,0
9373,1,0,-0.61208296,0.3515842,0,1,train,151.0,151.0,0.0,1.0,0.0,0.0,0.28820115,0.0,0,0,0,0,0
9374,-1,0,-0.62036645,0.3496981,0,1,unassigned,136.0,130.0,6.0,0.9558824,0.04411765,0.04411763,0.2591876,0.011434748,0,0,0,0,0
9375,-1,1,-0.52199906,0.37238494,0,1,unassigned,28.0,25.0,3.0,0.89285713,0.10714286,0.107142866,0.050290134,0.0053882287,1,0,0,0,0
9376,-1,0,-0.14101273,0.46480516,0,1,unassigned,35.0,35.0,0.0,1.0,0.0,0.0,0.06382979,0.0,0,0,0,0,0
9377,-1,0,-0.48564163,0.38092083,0,1,unassigned,66.0,66.0,0.0,1.0,0.0,0.0,0.123791106,0.0,0,0,0,0,0
9378,-1,0,-0.039303303,0.49017546,0,1,unassigned,2.0,2.0,0.0,1.0,0.0,0.0,0.0,0.0,0,0,0,0,0
9379,-1,0,-0.7257552,0.3261269,0,1,unassigned,35.0,35.0,0.0,1.0,0.0,0.0,0.06382979,0.0,0,0,0,0,0
9380,1,1,-0.27472705,0.431747,0,1,test,9.0,9.0,0.0,1.0,0.0,0.0,0.013539651,0.0,1,0,0,0,0
9381,-1,0,-0.6317438,0.34711525,0,1,unassigned,61.0,58.0,3.0,0.9508197,0.04918033,0.04918033,0.114119925,0.0056124553,0,0,0,0,0
9382,-1,1,-0.6096707,0.35213432,0,1,unassigned,35.0,32.0,3.0,0.9142857,0.08571429,0.08571428,0.06382979,0.005471125,1,0,0,0,0
9383,-1,0,8.984257,0.9998746,1,1,unassigned,2.0,2.0,0.0,1.0,0.0,0.0,0.0,0.0,0,0,0,1,1
9384,-1,0,-0.51939976,0.3729926,0,1,unassigned,44.0,44.0,0.0,1.0,0.0,0.0,0.08123791,0.0,0,0,0,0,0
9385,-1,0,-0.42950377,0.39424482,0,1,unassigned,26.0,26.0,0.0,1.0,0.0,0.0,0.046421662,0.0,0,0,0,0,0
9386,-1,0,-0.8227584,0.30517843,0,1,unassigned,38.0,38.0,0.0,1.0,0.0,0.0,0.06963249,0.0,0,0,0,0,0
9387,-1,0,-0.31177813,0.42268077,0,1,unassigned,61.0,60.0,1.0,0.9836066,0.016393442,0.016393423,0.114119925,0.0018708183,0,0,0,0,0
9388,-1,0,-0.45894033,0.38723725,0,1,unassigned,47.0,47.0,0.0,1.0,0.0,0.0,0.08704062,0.0,0,0,0,0,0
9389,0,0,-0.3253642,0.419369,0,0,unassigned,15.0,15.0,0.0,1.0,0.0,0.0,0.025145067,0.0,0,0,1,0,0
9390,-1,0,0.2435891,0.56059796,1,1,unassigned,70.0,70.0,0.0,1.0,0.0,0.0,0.13152805,0.0,0,0,0,1,0
9391,-1,0,0.13539284,0.5337966,1,1,unassigned,14.0,14.0,0.0,1.0,0.0,0.0,0.023210831,0.0,0,0,0,1,0
9392,-1,1,0.71596605,0.6717181,1,1,unassigned,5.0,5.0,0.0,1.0,0.0,0.0,0.0058027077,0.0,1,0,0,1,0
9393,-1,0,0.037946522,0.5094855,1,1,unassigned,7.0,7.0,0.0,1.0,0.0,0.0,0.00967118,0.0,0,0,0,1,0
9394,0,0,-0.07082164,0.48230198,0,0,test,124.0,124.0,0.0,1.0,0.0,0.0,0.23597679,0.0,0,0,1,0,0
9395,-1,0,0.046648443,0.51166,1,1,unassigned,14.0,14.0,0.0,1.0,0.0,0.0,0.023210831,0.0,0,0,0,1,0
9396,-1,1,-0.41403466,0.3979451,0,1,unassigned,3.0,3.0,0.0,1.0,0.0,0.0,0.001934236,0.0,1,0,0,0,0
9397,-1,0,1.7068517,0.8464275,1,1,unassigned,5.0,5.0,0.0,1.0,0.0,0.0,0.0058027077,0.0,0,0,0,1,0
9398,-1,1,-0.63964087,0.34532773,0,1,unassigned,3.0,3.0,0.0,1.0,0.0,0.0,0.001934236,0.0,1,0,0,0,0
9399,-1,1,0.23397243,0.55822766,1,1,unassigned,3.0,3.0,0.0,1.0,0.0,0.0,0.001934236,0.0,1,0,0,1,0
9400,1,1,2.5962217,0.93061805,1,0,unassigned,8.0,8.0,0.0,1.0,0.0,0.0,0.0116054155,0.0,1,0,1,1,1
9401,-1,1,2.6697266,0.9352164,1,1,unassigned,2.0,2.0,0.0,1.0,0.0,0.0,0.0,0.0,1,0,0,1,1
9402,-1,1,0.6117762,0.6483459,1,1,unassigned,3.0,3.0,0.0,1.0,0.0,0.0,0.001934236,0.0,1,0,0,1,0
9403,-1,1,2.235243,0.90337,1,1,unassigned,8.0,5.0,3.0,0.625,0.375,0.375,0.0116054155,0.004352031,1,0,0,1,1
9404,0,0,-0.22790486,0.44326916,0,0,test,4.0,4.0,0.0,1.0,0.0,0.0,0.003868472,0.0,0,0,1,0,0
9405,-1,0,-0.29081792,0.42780364,0,1,unassigned,31.0,31.0,0.0,1.0,0.0,0.0,0.056092843,0.0,0,0,0,0,0
9406,-1,0,-0.5262588,0.37138987,0,1,unassigned,36.0,34.0,2.0,0.9444444,0.055555556,0.055555582,0.065764025,0.003653557,0,0,0,0,0
9407,1,0,0.19659674,0.5489915,1,0,unassigned,2.0,2.0,0.0,1.0,0.0,0.0,0.0,0.0,0,0,1,1,0
9408,-1,0,0.07723206,0.51929843,1,1,unassigned,2.0,2.0,0.0,1.0,0.0,0.0,0.0,0.0,0,0,0,1,0
9409,-1,1,-0.4016945,0.40090528,0,1,unassigned,3.0,3.0,0.0,1.0,0.0,0.0,0.001934236,0.0,1,0,0,0,0
9410,0,0,0.16017044,0.5399572,1,1,test,42.0,39.0,3.0,0.9285714,0.071428575,0.0714286,0.07736944,0.0055263885,0,0,0,1,0
9411,-1,1,-0.3200848,0.4206551,0,1,unassigned,2.0,2.0,0.0,1.0,0.0,0.0,0.0,0.0,1,0,0,0,0
9412,-1,0,3.3186748,0.9650639,1,1,unassigned,3.0,2.0,1.0,0.6666667,0.33333334,0.3333333,0.001934236,0.00064474536,0,0,0,1,1
9413,-1,1,2.0559106,0.88654345,1,1,unassigned,9.0,8.0,1.0,0.8888889,0.11111111,0.111111104,0.013539651,0.0015044058,1,0,0,1,0
9414,1,0,3.0178282,0.95337313,1,0,val,13.0,12.0,1.0,0.9230769,0.07692308,0.07692307,0.021276595,0.0016366612,0,0,1,1,1
9415,-1,0,2.5319579,0.9263521,1,1,unassigned,23.0,13.0,10.0,0.5652174,0.4347826,0.43478262,0.040618956,0.017660415,0,0,0,1,1
9416,-1,0,-0.4082314,0.39933628,0,1,unassigned,30.0,30.0,0.0,1.0,0.0,0.0,0.054158606,0.0,0,0,0,0,0
9417,-1,0,0.66339093,0.6600217,1,1,unassigned,7.0,7.0,0.0,1.0,0.0,0.0,0.00967118,0.0,0,0,0,1,0
9418,-1,1,1.6170135,0.83438283,1,1,unassigned,3.0,2.0,1.0,0.6666667,0.33333334,0.3333333,0.001934236,0.00064474536,1,0,0,1,0
9419,-1,0,0.46599752,0.614436,1,1,unassigned,6.0,6.0,0.0,1.0,0.0,0.0,0.007736944,0.0,0,0,0,1,0
9420,1,0,0.2677148,0.5665318,1,0,unassigned,23.0,23.0,0.0,1.0,0.0,0.0,0.040618956,0.0,0,0,1,1,0
9421,1,0,6.045925,0.9976381,1,0,val,12.0,11.0,1.0,0.9166667,0.083333336,0.08333331,0.01934236,0.0016118633,0,0,1,1,1
9422,-1,1,1.9156563,0.87165326,1,1,unassigned,26.0,25.0,1.0,0.96153843,0.03846154,0.038461566,0.046421662,0.0017854486,1,0,0,1,0
9423,-1,0,10.359209,0.9999683,1,1,unassigned,96.0,96.0,0.0,1.0,0.0,0.0,0.18181819,0.0,0,0,0,1,1
9424,-1,0,3.1995635,0.9608179,1,1,unassigned,12.0,12.0,0.0,1.0,0.0,0.0,0.01934236,0.0,0,0,0,1,1
9425,-1,1,4.1785436,0.9849104,1,1,unassigned,11.0,10.0,1.0,0.90909094,0.09090909,0.090909064,0.017408123,0.0015825568,1,0,0,1,1
9426,-1,1,2.0241673,0.8833112,1,1,unassigned,5.0,5.0,0.0,1.0,0.0,0.0,0.0058027077,0.0,1,0,0,1,0
9427,-1,0,2.6202762,0.9321552,1,1,unassigned,14.0,14.0,0.0,1.0,0.0,0.0,0.023210831,0.0,0,0,0,1,1
9428,-1,1,3.3745897,0.9669009,1,1,unassigned,21.0,16.0,5.0,0.7619048,0.23809524,0.23809522,0.036750484,0.0087501155,1,0,0,1,1
9429,-1,0,0.672376,0.662035,1,1,unassigned,14.0,14.0,0.0,1.0,0.0,0.0,0.023210831,0.0,0,0,0,1,0
9430,-1,1,-0.43689027,0.3924822,0,1,unassigned,11.0,11.0,0.0,1.0,0.0,0.0,0.017408123,0.0,1,0,0,0,0
9431,-1,0,2.8908856,0.9473941,1,1,unassigned,2.0,1.0,1.0,0.5,0.5,0.5,0.0,0.0,0,0,0,1,1
9432,-1,0,3.107867,0.9572161,1,1,unassigned,17.0,17.0,0.0,1.0,0.0,0.0,0.029013539,0.0,0,0,0,1,1
9433,-1,0,0.3053159,0.5757415,1,1,unassigned,95.0,94.0,1.0,0.9894737,0.010526316,0.0105262995,0.17988394,0.0018935152,0,0,0,1,0
9434,-1,0,1.6308777,0.8362899,1,1,unassigned,42.0,41.0,1.0,0.97619045,0.023809524,0.023809552,0.07736944,0.0018421295,0,0,0,1,0
9435,-1,0,2.0973537,0.8906457,1,1,unassigned,35.0,35.0,0.0,1.0,0.0,0.0,0.06382979,0.0,0,0,0,1,0
9436,-1,0,1.719691,0.84808904,1,1,unassigned,6.0,5.0,1.0,0.8333333,0.16666667,0.16666669,0.007736944,0.0012894907,0,0,0,1,0
9437,-1,0,0.37080652,0.5916539,1,1,unassigned,18.0,18.0,0.0,1.0,0.0,0.0,0.030947777,0.0,0,0,0,1,0
9438,-1,0,3.028191,0.95383155,1,1,unassigned,33.0,33.0,0.0,1.0,0.0,0.0,0.059961315,0.0,0,0,0,1,1
9439,-1,0,0.96132797,0.7233876,1,1,unassigned,7.0,7.0,0.0,1.0,0.0,0.0,0.00967118,0.0,0,0,0,1,0
9440,1,1,2.1411774,0.89484143,1,0,train,30.0,30.0,0.0,1.0,0.0,0.0,0.054158606,0.0,1,0,1,1,0
9441,-1,0,-0.3318196,0.41779798,0,1,unassigned,11.0,11.0,0.0,1.0,0.0,0.0,0.017408123,0.0,0,0,0,0,0
9442,-1,0,-0.48667234,0.3806778,0,1,unassigned,27.0,27.0,0.0,1.0,0.0,0.0,0.0483559,0.0,0,0,0,0,0
9443,-1,0,1.7687893,0.854307,1,1,unassigned,10.0,10.0,0.0,1.0,0.0,0.0,0.015473888,0.0,0,0,0,1,0
9444,1,0,-0.655549,0.34174016,0,1,train,56.0,56.0,0.0,1.0,0.0,0.0,0.10444874,0.0,0,0,0,0,0
9445,-1,0,-0.55597883,0.36447838,0,1,unassigned,10.0,10.0,0.0,1.0,0.0,0.0,0.015473888,0.0,0,0,0,0,0
9446,-1,0,-0.847127,0.30003586,0,1,unassigned,127.0,125.0,2.0,0.984252,0.015748031,0.015748024,0.24177949,0.003807551,0,0,0,0,0
9447,-1,0,-0.8713999,0.29496312,0,1,unassigned,128.0,127.0,1.0,0.9921875,0.0078125,0.0078125,0.24371374,0.0019040136,0,0,0,0,0
9448,-1,0,-0.2779177,0.43096435,0,1,unassigned,3.0,3.0,0.0,1.0,0.0,0.0,0.001934236,0.0,0,0,0,0,0
9449,-1,0,-0.84380496,0.300734,0,1,unassigned,54.0,54.0,0.0,1.0,0.0,0.0,0.10058027,0.0,0,0,0,0,0
9450,-1,0,-0.48694026,0.38061464,0,1,unassigned,68.0,67.0,1.0,0.9852941,0.014705882,0.014705896,0.12765957,0.0018773467,0,0,0,0,0
9451,1,0,-0.05689144,0.48578098,0,1,unassigned,34.0,31.0,3.0,0.9117647,0.0882353,0.08823532,0.061895553,0.0054613724,0,0,0,0,0
9452,-1,1,-0.85558534,0.29826254,0,1,unassigned,78.0,72.0,6.0,0.9230769,0.07692308,0.07692307,0.14700194,0.011307842,1,0,0,0,0
9453,-1,0,2.3594038,0.91367877,1,1,unassigned,7.0,7.0,0.0,1.0,0.0,0.0,0.00967118,0.0,0,0,0,1,1
9454,-1,1,-0.20305893,0.44940898,0,1,unassigned,56.0,56.0,0.0,1.0,0.0,0.0,0.10444874,0.0,1,0,0,0,0
9455,-1,0,1.6197474,0.8347603,1,1,unassigned,16.0,15.0,1.0,0.9375,0.0625,0.0625,0.027079303,0.0016924564,0,0,0,1,0
9456,-1,1,0.44477826,0.609397,1,1,unassigned,13.0,13.0,0.0,1.0,0.0,0.0,0.021276595,0.0,1,0,0,1,0
9457,-1,1,-0.087705076,0.47808775,0,1,unassigned,20.0,19.0,1.0,0.95,0.05,0.050000012,0.034816246,0.0017408123,1,0,0,0,0
9458,-1,0,-0.8168063,0.30644202,0,1,unassigned,146.0,146.0,0.0,1.0,0.0,0.0,0.27852997,0.0,0,0,0,0,0
9459,-1,1,0.1800819,0.5448992,1,1,unassigned,39.0,39.0,0.0,1.0,0.0,0.0,0.07156673,0.0,1,0,0,1,0
9460,-1,0,-0.11285281,0.4718167,0,1,unassigned,20.0,20.0,0.0,1.0,0.0,0.0,0.034816246,0.0,0,0,0,0,0
9461,-1,0,-0.5080551,0.37564957,0,1,unassigned,64.0,64.0,0.0,1.0,0.0,0.0,0.11992263,0.0,0,0,0,0,0
9462,0,0,-0.6450987,0.34409487,0,0,unassigned,93.0,92.0,1.0,0.9892473,0.010752688,0.010752678,0.17601547,0.0018926394,0,0,1,0,0
9463,-1,0,1.5925605,0.83097607,1,1,unassigned,39.0,36.0,3.0,0.9230769,0.07692308,0.07692307,0.07156673,0.0055051334,0,0,0,1,0
9464,-1,0,-0.59135956,0.35632297,0,1,unassigned,65.0,64.0,1.0,0.9846154,0.015384615,0.0153846145,0.12185687,0.001874721,0,0,0,0,0
9465,-1,0,0.860719,0.7028109,1,1,unassigned,2.0,2.0,0.0,1.0,0.0,0.0,0.0,0.0,0,0,0,1,0
9466,-1,1,3.4127128,0.9680995,1,1,unassigned,3.0,3.0,0.0,1.0,0.0,0.0,0.001934236,0.0,1,0,0,1,1
9467,-1,1,1.6878779,0.8439449,1,1,unassigned,2.0,2.0,0.0,1.0,0.0,0.0,0.0,0.0,1,0,0,1,0
9468,-1,1,-0.75826836,0.31902236,0,1,unassigned,90.0,89.0,1.0,0.98888886,0.011111111,0.01111114,0.17021276,0.0018912529,1,0,0,0,0
9469,-1,1,1.7109368,0.84695774,1,1,unassigned,2.0,2.0,0.0,1.0,0.0,0.0,0.0,0.0,1,0,0,1,0
9470,-1,0,0.26626366,0.5661754,1,1,unassigned,6.0,6.0,0.0,1.0,0.0,0.0,0.007736944,0.0,0,0,0,1,0
9471,-1,1,3.6835434,0.97548246,1,1,unassigned,44.0,38.0,6.0,0.8636364,0.13636364,0.13636363,0.08123791,0.011077898,1,0,0,1,1
9472,-1,0,-0.10359031,0.47412553,0,1,unassigned,15.0,15.0,0.0,1.0,0.0,0.0,0.025145067,0.0,0,0,0,0,0
9473,-1,0,-0.87280947,0.29467005,0,1,unassigned,181.0,176.0,5.0,0.9723757,0.027624309,0.027624309,0.34622824,0.009564316,0,0,0,0,0
9474,-1,0,-0.20279995,0.44947308,0,1,unassigned,12.0,11.0,1.0,0.9166667,0.083333336,0.08333331,0.01934236,0.0016118633,0,0,0,0,0
9475,-1,0,4.9819937,0.99318635,1,1,unassigned,12.0,12.0,0.0,1.0,0.0,0.0,0.01934236,0.0,0,0,0,1,1
9476,0,1,-0.87619555,0.2939668,0,0,unassigned,50.0,50.0,0.0,1.0,0.0,0.0,0.092843324,0.0,1,0,1,0,0
9477,1,0,-0.49472094,0.3787821,0,1,test,24.0,23.0,1.0,0.9583333,0.041666668,0.041666687,0.04255319,0.0017730496,0,0,0,0,0
9478,-1,0,0.13177305,0.5328957,1,1,unassigned,101.0,99.0,2.0,0.980198,0.01980198,0.019801974,0.19148937,0.0037918687,0,0,0,1,0
9479,-1,0,1.3572824,0.79531765,1,1,unassigned,92.0,92.0,0.0,1.0,0.0,0.0,0.17408124,0.0,0,0,0,1,0
9480,0,0,-0.40350825,0.40046975,0,0,unassigned,33.0,33.0,0.0,1.0,0.0,0.0,0.059961315,0.0,0,0,1,0,0
9481,0,1,-0.9047576,0.28807378,0,0,unassigned,55.0,49.0,6.0,0.8909091,0.10909091,0.109090924,0.102514505,0.011183401,1,0,1,0,0
9482,-1,0,-0.55119175,0.36558795,0,1,unassigned,10.0,10.0,0.0,1.0,0.0,0.0,0.015473888,0.0,0,0,0,0,0
9483,-1,0,1.5509784,0.825055,1,1,unassigned,12.0,12.0,0.0,1.0,0.0,0.0,0.01934236,0.0,0,0,0,1,0
9484,-1,0,2.1877496,0.899144,1,1,unassigned,41.0,40.0,1.0,0.9756098,0.024390243,0.02439022,0.07543521,0.001839883,0,0,0,1,0
9485,-1,0,7.038214,0.99912304,1,1,unassigned,2.0,2.0,0.0,1.0,0.0,0.0,0.0,0.0,0,0,0,1,1
9486,-1,0,8.091586,0.999694,1,1,unassigned,5.0,4.0,1.0,0.8,0.2,0.19999999,0.0058027077,0.0011605415,0,0,0,1,1
9487,0,1,-0.25441074,0.43673816,0,0,unassigned,22.0,20.0,2.0,0.90909094,0.09090909,0.090909064,0.03868472,0.0035167928,1,0,1,0,0
9488,0,1,0.055242896,0.51380724,1,1,val,18.0,17.0,1.0,0.9444444,0.055555556,0.055555582,0.030947777,0.0017193209,1,0,0,1,0
9489,-1,0,0.95723504,0.72256786,1,1,unassigned,8.0,8.0,0.0,1.0,0.0,0.0,0.0116054155,0.0,0,0,0,1,0
9490,-1,1,-0.13927269,0.465238,0,1,unassigned,29.0,28.0,1.0,0.9655172,0.03448276,0.034482777,0.05222437,0.0018008404,1,0,0,0,0
9491,-1,0,-0.29666924,0.4263719,0,1,unassigned,50.0,47.0,3.0,0.94,0.06,0.060000002,0.092843324,0.0055705993,0,0,0,0,0
9492,-1,0,7.4240375,0.9994036,1,1,unassigned,22.0,22.0,0.0,1.0,0.0,0.0,0.03868472,0.0,0,0,0,1,1
9493,-1,0,-0.25264925,0.43717152,0,1,unassigned,4.0,4.0,0.0,1.0,0.0,0.0,0.003868472,0.0,0,0,0,0,0
9494,1,0,-0.6894618,0.3341528,0,1,test,17.0,17.0,0.0,1.0,0.0,0.0,0.029013539,0.0,0,0,0,0,0
9495,-1,1,0.5990146,0.64543086,1,1,unassigned,9.0,8.0,1.0,0.8888889,0.11111111,0.111111104,0.013539651,0.0015044058,1,0,0,1,0
9496,-1,0,0.32750142,0.5811513,1,1,unassigned,109.0,108.0,1.0,0.9908257,0.0091743115,0.009174287,0.20696326,0.0018987454,0,0,0,1,0
9497,-1,0,-0.4023201,0.40075505,0,1,unassigned,56.0,55.0,1.0,0.98214287,0.017857144,0.017857134,0.10444874,0.0018651562,0,0,0,0,0
9498,-1,0,1.4633756,0.81204844,1,1,unassigned,21.0,21.0,0.0,1.0,0.0,0.0,0.036750484,0.0,0,0,0,1,0
9499,-1,0,0.32442456,0.58040214,1,1,unassigned,2.0,2.0,0.0,1.0,0.0,0.0,0.0,0.0,0,0,0,1,0
9500,-1,0,-0.7689732,0.31670126,0,1,unassigned,40.0,40.0,0.0,1.0,0.0,0.0,0.07350097,0.0,0,0,0,0,0
9501,-1,1,2.0694368,0.88789696,1,1,unassigned,19.0,15.0,4.0,0.7894737,0.21052632,0.21052629,0.032882012,0.006922529,1,0,0,1,0
9502,-1,0,0.0975638,0.5243716,1,1,unassigned,43.0,42.0,1.0,0.9767442,0.023255814,0.023255825,0.079303674,0.0018442714,0,0,0,1,0
9503,1,1,1.1160562,0.75325644,1,0,val,44.0,42.0,2.0,0.95454544,0.045454547,0.04545456,0.08123791,0.0036926325,1,0,1,1,0
9504,1,0,-0.5266802,0.37129152,0,1,unassigned,116.0,116.0,0.0,1.0,0.0,0.0,0.2205029,0.0,0,0,0,0,0
9505,-1,1,-0.42508107,0.39530152,0,1,unassigned,9.0,9.0,0.0,1.0,0.0,0.0,0.013539651,0.0,1,0,0,0,0
9506,-1,0,5.1823363,0.9944165,1,1,unassigned,3.0,2.0,1.0,0.6666667,0.33333334,0.3333333,0.001934236,0.00064474536,0,0,0,1,1
9507,-1,0,0.5712642,0.63905483,1,1,unassigned,7.0,5.0,2.0,0.71428573,0.2857143,0.28571427,0.00967118,0.0027631943,0,0,0,1,0
9508,-1,0,0.95854264,0.7228299,1,1,unassigned,2.0,1.0,1.0,0.5,0.5,0.5,0.0,0.0,0,0,0,1,0
9509,-1,0,-0.034599483,0.491351,0,1,unassigned,3.0,3.0,0.0,1.0,0.0,0.0,0.001934236,0.0,0,0,0,0,0
9510,-1,0,-0.5588573,0.36381185,0,1,unassigned,11.0,9.0,2.0,0.8181818,0.18181819,0.18181819,0.017408123,0.0031651135,0,0,0,0,0
9511,-1,0,0.62004095,0.65022784,1,1,unassigned,6.0,6.0,0.0,1.0,0.0,0.0,0.007736944,0.0,0,0,0,1,0
9512,-1,0,-0.8228829,0.30515206,0,1,unassigned,17.0,17.0,0.0,1.0,0.0,0.0,0.029013539,0.0,0,0,0,0,0
9513,-1,0,1.9067361,0.8706521,1,1,unassigned,5.0,5.0,0.0,1.0,0.0,0.0,0.0058027077,0.0,0,0,0,1,0
9514,-1,0,-0.11604321,0.47102168,0,1,unassigned,29.0,29.0,0.0,1.0,0.0,0.0,0.05222437,0.0,0,0,0,0,0
9515,-1,0,-0.62101805,0.34954998,0,1,unassigned,9.0,9.0,0.0,1.0,0.0,0.0,0.013539651,0.0,0,0,0,0,0
9516,1,0,-0.71843696,0.32773724,0,1,val,33.0,26.0,7.0,0.7878788,0.21212122,0.21212119,0.059961315,0.012719067,0,0,0,0,0
9517,-1,0,0.027751327,0.5069374,1,1,unassigned,15.0,15.0,0.0,1.0,0.0,0.0,0.025145067,0.0,0,0,0,1,0
9518,-1,0,-0.5167125,0.37362128,0,1,unassigned,11.0,11.0,0.0,1.0,0.0,0.0,0.017408123,0.0,0,0,0,0,0
9519,-1,0,-0.41191584,0.39845282,0,1,unassigned,10.0,10.0,0.0,1.0,0.0,0.0,0.015473888,0.0,0,0,0,0,0
9520,-1,0,-0.43602917,0.39268756,0,1,unassigned,21.0,21.0,0.0,1.0,0.0,0.0,0.036750484,0.0,0,0,0,0,0
9521,-1,0,-0.24724364,0.43850207,0,1,unassigned,35.0,33.0,2.0,0.94285715,0.057142857,0.057142854,0.06382979,0.0036474164,0,0,0,0,0
9522,-1,1,0.03869444,0.5096724,1,1,unassigned,16.0,8.0,8.0,0.5,0.5,0.5,0.027079303,0.013539651,1,0,0,1,0
9523,-1,1,2.1867797,0.899056,1,1,unassigned,20.0,8.0,12.0,0.4,0.6,0.6,0.034816246,0.020889748,1,0,0,1,0
9524,-1,0,-0.4519228,0.3889037,0,1,unassigned,44.0,44.0,0.0,1.0,0.0,0.0,0.08123791,0.0,0,0,0,0,0
9525,-1,0,-0.3528674,0.41268724,0,1,unassigned,21.0,21.0,0.0,1.0,0.0,0.0,0.036750484,0.0,0,0,0,0,0
9526,-1,0,1.1171012,0.75345063,1,1,unassigned,14.0,10.0,4.0,0.71428573,0.2857143,0.28571427,0.023210831,0.0066316663,0,0,0,1,0
9527,-1,0,-0.27500448,0.4316789,0,1,unassigned,10.0,10.0,0.0,1.0,0.0,0.0,0.015473888,0.0,0,0,0,0,0
9528,-1,0,7.589147,0.9994943,1,1,unassigned,3.0,3.0,0.0,1.0,0.0,0.0,0.001934236,0.0,0,0,0,1,1
9529,-1,0,-0.8546831,0.2984514,0,1,unassigned,83.0,83.0,0.0,1.0,0.0,0.0,0.15667312,0.0,0,0,0,0,0
9530,-1,0,-0.69612783,0.33267128,0,1,unassigned,137.0,136.0,1.0,0.99270076,0.00729927,0.0072992444,0.26112187,0.001905999,0,0,0,0,0
9531,-1,0,4.4079657,0.9879666,1,1,unassigned,2.0,2.0,0.0,1.0,0.0,0.0,0.0,0.0,0,0,0,1,1
9532,-1,0,-0.7995713,0.31011724,0,1,unassigned,84.0,81.0,3.0,0.96428573,0.035714287,0.03571427,0.15860735,0.0056645484,0,0,0,0,0
9533,1,0,-0.89147484,0.29080558,0,1,unassigned,19.0,19.0,0.0,1.0,0.0,0.0,0.032882012,0.0,0,0,0,0,0
9534,-1,0,4.273386,0.986257,1,1,unassigned,2.0,2.0,0.0,1.0,0.0,0.0,0.0,0.0,0,0,0,1,1
9535,-1,0,-0.85417753,0.29855725,0,1,unassigned,100.0,97.0,3.0,0.97,0.03,0.029999971,0.18955512,0.005686654,0,0,0,0,0
9536,-1,0,2.6267395,0.93256277,1,1,unassigned,18.0,17.0,1.0,0.9444444,0.055555556,0.055555582,0.030947777,0.0017193209,0,0,0,1,1
9537,-1,0,1.545738,0.8242973,1,1,unassigned,34.0,34.0,0.0,1.0,0.0,0.0,0.061895553,0.0,0,0,0,1,0
9538,-1,0,3.760916,0.97726643,1,1,unassigned,19.0,18.0,1.0,0.94736844,0.05263158,0.052631557,0.032882012,0.0017306323,0,0,0,1,1
9539,-1,0,3.1837342,0.9602175,1,1,unassigned,2.0,1.0,1.0,0.5,0.5,0.5,0.0,0.0,0,0,0,1,1
9540,1,0,0.38922405,0.59609586,1,0,val,13.0,13.0,0.0,1.0,0.0,0.0,0.021276595,0.0,0,0,1,1,0
9541,1,0,0.7349923,0.67589986,1,0,unassigned,27.0,27.0,0.0,1.0,0.0,0.0,0.0483559,0.0,0,0,1,1,0
9542,-1,0,1.0584025,0.74238515,1,1,unassigned,50.0,49.0,1.0,0.98,0.02,0.01999998,0.092843324,0.0018568664,0,0,0,1,0
9543,-1,0,1.2178192,0.7716795,1,1,unassigned,144.0,137.0,7.0,0.9513889,0.048611112,0.048611104,0.2746615,0.013351602,0,0,0,1,0
9544,-1,0,-0.4051575,0.40007383,0,1,unassigned,20.0,20.0,0.0,1.0,0.0,0.0,0.034816246,0.0,0,0,0,0,0
9545,-1,0,0.038618445,0.50965345,1,1,unassigned,44.0,43.0,1.0,0.97727275,0.022727273,0.022727251,0.08123791,0.0018463163,0,0,0,1,0
9546,-1,1,-0.2630758,0.43460777,0,1,unassigned,46.0,46.0,0.0,1.0,0.0,0.0,0.08510638,0.0,1,0,0,0,0
9547,-1,1,-0.48006487,0.3822368,0,1,unassigned,32.0,32.0,0.0,1.0,0.0,0.0,0.058027077,0.0,1,0,0,0,0
9548,-1,0,-0.29415387,0.42698723,0,1,unassigned,57.0,57.0,0.0,1.0,0.0,0.0,0.10638298,0.0,0,0,0,0,0
9549,1,0,0.028636992,0.50715876,1,0,test,12.0,12.0,0.0,1.0,0.0,0.0,0.01934236,0.0,0,0,1,1,0
9550,0,1,-0.21982563,0.44526386,0,0,train,23.0,17.0,6.0,0.73913044,0.26086956,0.26086956,0.040618956,0.010596249,1,0,1,0,0
9551,-1,0,-0.38744658,0.40433216,0,1,unassigned,4.0,4.0,0.0,1.0,0.0,0.0,0.003868472,0.0,0,0,0,0,0
9552,-1,0,-0.7412317,0.32273486,0,1,unassigned,110.0,109.0,1.0,0.9909091,0.009090909,0.0090909,0.20889749,0.001899068,0,0,0,0,0
9553,-1,1,-0.27998737,0.43045685,0,1,unassigned,31.0,30.0,1.0,0.9677419,0.032258064,0.032258093,0.056092843,0.0018094465,1,0,0,0,0
9554,1,1,2.2574623,0.9052922,1,0,unassigned,12.0,12.0,0.0,1.0,0.0,0.0,0.01934236,0.0,1,0,1,1,1
9555,-1,1,-0.27140266,0.43256274,0,1,unassigned,19.0,18.0,1.0,0.94736844,0.05263158,0.052631557,0.032882012,0.0017306323,1,0,0,0,0
9556,0,1,-0.18427023,0.45406237,0,0,val,14.0,14.0,0.0,1.0,0.0,0.0,0.023210831,0.0,1,0,1,0,0
9557,-1,0,6.1754217,0.9979243,1,1,unassigned,21.0,15.0,6.0,0.71428573,0.2857143,0.28571427,0.036750484,0.010500139,0,0,0,1,1
9558,-1,0,-0.74259347,0.32243726,0,1,unassigned,29.0,27.0,2.0,0.9310345,0.06896552,0.068965495,0.05222437,0.0036016807,0,0,0,0,0
9559,-1,0,3.9898188,0.9818331,1,1,unassigned,2.0,2.0,0.0,1.0,0.0,0.0,0.0,0.0,0,0,0,1,1
9560,-1,0,4.4079657,0.9879666,1,1,unassigned,2.0,2.0,0.0,1.0,0.0,0.0,0.0,0.0,0,0,0,1,1
9561,-1,0,-0.77378577,0.31566072,0,1,unassigned,56.0,56.0,0.0,1.0,0.0,0.0,0.10444874,0.0,0,0,0,0,0
9562,-1,0,4.3166595,0.9868313,1,1,unassigned,3.0,3.0,0.0,1.0,0.0,0.0,0.001934236,0.0,0,0,0,1,1
9563,-1,0,-0.54286987,0.3675202,0,1,unassigned,150.0,149.0,1.0,0.99333334,0.006666667,0.0066666603,0.28626692,0.0019084462,0,0,0,0,0
9564,-1,0,3.3515036,0.966154,1,1,unassigned,2.0,2.0,0.0,1.0,0.0,0.0,0.0,0.0,0,0,0,1,1
9565,-1,0,-0.1877327,0.45320418,0,1,unassigned,8.0,8.0,0.0,1.0,0.0,0.0,0.0116054155,0.0,0,0,0,0,0
9566,0,1,-0.22145313,0.44486192,0,0,val,17.0,16.0,1.0,0.9411765,0.05882353,0.058823526,0.029013539,0.0017066788,1,0,1,0,0
9567,-1,0,1.8958042,0.8694159,1,1,unassigned,4.0,4.0,0.0,1.0,0.0,0.0,0.003868472,0.0,0,0,0,1,0
9568,-1,1,-0.3232144,0.41989258,0,1,unassigned,18.0,18.0,0.0,1.0,0.0,0.0,0.030947777,0.0,1,0,0,0,0
9569,-1,0,-0.5689051,0.3614895,0,1,unassigned,34.0,34.0,0.0,1.0,0.0,0.0,0.061895553,0.0,0,0,0,0,0
9570,-1,0,-0.17069167,0.45743036,0,1,unassigned,62.0,62.0,0.0,1.0,0.0,0.0,0.116054155,0.0,0,0,0,0,0
9571,1,0,-0.75629807,0.31945053,0,1,unassigned,3.0,3.0,0.0,1.0,0.0,0.0,0.001934236,0.0,0,0,0,0,0
9572,-1,0,-0.5188285,0.37312618,0,1,unassigned,10.0,10.0,0.0,1.0,0.0,0.0,0.015473888,0.0,0,0,0,0,0
9573,0,1,-0.809139,0.308074,0,0,test,22.0,21.0,1.0,0.95454544,0.045454547,0.04545456,0.03868472,0.0017583964,1,0,1,0,0
9574,-1,0,1.0806491,0.74661684,1,1,unassigned,4.0,4.0,0.0,1.0,0.0,0.0,0.003868472,0.0,0,0,0,1,0
9575,-1,0,0.022264063,0.50556576,1,1,unassigned,12.0,12.0,0.0,1.0,0.0,0.0,0.01934236,0.0,0,0,0,1,0
9576,-1,0,0.27484685,0.5682824,1,1,unassigned,14.0,14.0,0.0,1.0,0.0,0.0,0.023210831,0.0,0,0,0,1,0
9577,-1,1,6.5291386,0.99854183,1,1,unassigned,4.0,4.0,0.0,1.0,0.0,0.0,0.003868472,0.0,1,0,0,1,1
9578,0,0,-0.46225616,0.38645074,0,0,test,5.0,5.0,0.0,1.0,0.0,0.0,0.0058027077,0.0,0,0,1,0,0
9579,-1,1,1.1238317,0.75469875,1,1,unassigned,68.0,65.0,3.0,0.9558824,0.04411765,0.04411763,0.12765957,0.00563204,1,0,0,1,0
9580,-1,1,2.8093975,0.9431816,1,1,unassigned,72.0,65.0,7.0,0.9027778,0.097222224,0.09722221,0.13539653,0.013163552,1,0,0,1,1
9581,-1,1,-0.16295472,0.45935124,0,1,unassigned,4.0,4.0,0.0,1.0,0.0,0.0,0.003868472,0.0,1,0,0,0,0
9582,-1,0,2.4719965,0.9221552,1,1,unassigned,4.0,4.0,0.0,1.0,0.0,0.0,0.003868472,0.0,0,0,0,1,1
9583,0,0,1.2283578,0.773531,1,1,unassigned,12.0,12.0,0.0,1.0,0.0,0.0,0.01934236,0.0,0,0,0,1,0
9584,-1,0,-0.2556257,0.4364393,0,1,unassigned,3.0,3.0,0.0,1.0,0.0,0.0,0.001934236,0.0,0,0,0,0,0
9585,-1,1,0.06676048,0.51668394,1,1,unassigned,17.0,16.0,1.0,0.9411765,0.05882353,0.058823526,0.029013539,0.0017066788,1,0,0,1,0
9586,-1,0,-0.67726123,0.33687285,0,1,unassigned,22.0,22.0,0.0,1.0,0.0,0.0,0.03868472,0.0,0,0,0,0,0
9587,1,1,1.1082337,0.7517997,1,0,unassigned,23.0,23.0,0.0,1.0,0.0,0.0,0.040618956,0.0,1,0,1,1,0
9588,-1,1,-0.52114844,0.37258375,0,1,unassigned,8.0,5.0,3.0,0.625,0.375,0.375,0.0116054155,0.004352031,1,0,0,0,0
9589,-1,0,2.5553396,0.9279314,1,1,unassigned,21.0,13.0,8.0,0.61904764,0.3809524,0.38095236,0.036750484,0.014000185,0,0,0,1,1
9590,-1,1,0.24598783,0.56118876,1,1,unassigned,4.0,4.0,0.0,1.0,0.0,0.0,0.003868472,0.0,1,0,0,1,0
9591,-1,0,0.011841476,0.5029603,1,1,unassigned,4.0,1.0,3.0,0.25,0.75,0.75,0.003868472,0.002901354,0,0,0,1,0
9592,-1,0,-0.42381793,0.3956035,0,1,unassigned,2.0,1.0,1.0,0.5,0.5,0.5,0.0,0.0,0,0,0,0,0
9593,-1,0,-0.6175094,0.35034811,0,1,unassigned,2.0,2.0,0.0,1.0,0.0,0.0,0.0,0.0,0,0,0,0,0
9594,-1,0,5.817571,0.99703395,1,1,unassigned,3.0,3.0,0.0,1.0,0.0,0.0,0.001934236,0.0,0,0,0,1,1
9595,-1,0,5.1388946,0.99417007,1,1,unassigned,2.0,1.0,1.0,0.5,0.5,0.5,0.0,0.0,0,0,0,1,1
9596,-1,0,-0.5733494,0.36046433,0,1,unassigned,52.0,51.0,1.0,0.9807692,0.01923077,0.019230783,0.0967118,0.0018598423,0,0,0,0,0
9597,1,1,-0.69772345,0.33231717,0,1,val,11.0,5.0,6.0,0.45454547,0.54545456,0.5454545,0.017408123,0.00949534,1,0,0,0,0
9598,-1,0,-0.36711118,0.40923923,0,1,unassigned,79.0,79.0,0.0,1.0,0.0,0.0,0.14893617,0.0,0,0,0,0,0
9599,-1,0,-0.77425945,0.3155584,0,1,unassigned,53.0,53.0,0.0,1.0,0.0,0.0,0.09864604,0.0,0,0,0,0,0
9600,0,0,-0.607961,0.35252446,0,0,unassigned,33.0,32.0,1.0,0.969697,0.030303031,0.030303001,0.059961315,0.0018170096,0,0,1,0,0
9601,-1,0,-0.28980368,0.42805192,0,1,unassigned,4.0,4.0,0.0,1.0,0.0,0.0,0.003868472,0.0,0,0,0,0,0
9602,-1,0,-0.7540047,0.3199493,0,1,unassigned,71.0,71.0,0.0,1.0,0.0,0.0,0.13346228,0.0,0,0,0,0,0
9603,0,1,0.14366716,0.5358551,1,1,val,2.0,1.0,1.0,0.5,0.5,0.5,0.0,0.0,1,0,0,1,0
9604,-1,0,2.7396286,0.93932486,1,1,unassigned,2.0,2.0,0.0,1.0,0.0,0.0,0.0,0.0,0,0,0,1,1
9605,-1,0,-0.40642053,0.3997707,0,1,unassigned,21.0,21.0,0.0,1.0,0.0,0.0,0.036750484,0.0,0,0,0,0,0
9606,0,0,-0.28872645,0.42831567,0,0,test,11.0,11.0,0.0,1.0,0.0,0.0,0.017408123,0.0,0,0,1,0,0
9607,-1,0,-0.8796265,0.29325518,0,1,unassigned,48.0,48.0,0.0,1.0,0.0,0.0,0.088974856,0.0,0,0,0,0,0
9608,-1,0,-0.72551954,0.3261787,0,1,unassigned,62.0,61.0,1.0,0.983871,0.016129032,0.016129017,0.116054155,0.0018718411,0,0,0,0,0
9609,-1,0,-0.705171,0.33066675,0,1,unassigned,209.0,207.0,2.0,0.9904306,0.009569378,0.0095694065,0.40038684,0.003831453,0,0,0,0,0
9610,-1,0,-0.31955433,0.42078435,0,1,unassigned,6.0,6.0,0.0,1.0,0.0,0.0,0.007736944,0.0,0,0,0,0,0
9611,0,0,0.5020481,0.62294054,1,1,test,13.0,13.0,0.0,1.0,0.0,0.0,0.021276595,0.0,0,0,0,1,0
9612,-1,0,2.764356,0.940719,1,1,unassigned,4.0,3.0,1.0,0.75,0.25,0.25,0.003868472,0.000967118,0,0,0,1,1
9613,-1,0,1.5447237,0.8241504,1,1,unassigned,38.0,38.0,0.0,1.0,0.0,0.0,0.06963249,0.0,0,0,0,1,0
9614,-1,0,-0.8521241,0.29898748,0,1,unassigned,49.0,49.0,0.0,1.0,0.0,0.0,0.09090909,0.0,0,0,0,0,0
9615,-1,0,-0.84907234,0.2996275,0,1,unassigned,78.0,72.0,6.0,0.9230769,0.07692308,0.07692307,0.14700194,0.011307842,0,0,0,0,0
9616,-1,0,-0.42656785,0.3949462,0,1,unassigned,215.0,213.0,2.0,0.9906977,0.009302326,0.009302318,0.41199225,0.003832486,0,0,0,0,0
9617,-1,0,0.723872,0.6734591,1,1,unassigned,43.0,43.0,0.0,1.0,0.0,0.0,0.079303674,0.0,0,0,0,1,0
9618,-1,0,-0.76217324,0.3181746,0,1,unassigned,63.0,63.0,0.0,1.0,0.0,0.0,0.11798839,0.0,0,0,0,0,0
9619,-1,1,-0.46420553,0.38598865,0,1,unassigned,80.0,79.0,1.0,0.9875,0.0125,0.012499988,0.15087041,0.0018858801,1,0,0,0,0
9620,0,0,-0.6711769,0.33823335,0,0,val,156.0,156.0,0.0,1.0,0.0,0.0,0.29787233,0.0,0,0,1,0,0
9621,-1,0,2.0583541,0.886789,1,1,unassigned,6.0,5.0,1.0,0.8333333,0.16666667,0.16666669,0.007736944,0.0012894907,0,0,0,1,0
9622,-1,1,-0.45370567,0.38848004,0,1,unassigned,10.0,9.0,1.0,0.9,0.1,0.100000024,0.015473888,0.0015473888,1,0,0,0,0
9623,-1,1,-0.4262466,0.39502296,0,1,unassigned,4.0,3.0,1.0,0.75,0.25,0.25,0.003868472,0.000967118,1,0,0,0,0
9624,-1,0,-0.307163,0.42380735,0,1,unassigned,77.0,74.0,3.0,0.96103895,0.038961038,0.038961053,0.14506769,0.0056519876,0,0,0,0,0
9625,-1,0,-0.6959913,0.33270162,0,1,unassigned,57.0,57.0,0.0,1.0,0.0,0.0,0.10638298,0.0,0,0,0,0,0
9626,-1,0,5.703143,0.9966756,1,1,unassigned,8.0,8.0,0.0,1.0,0.0,0.0,0.0116054155,0.0,0,0,0,1,1
9627,1,0,-0.5117113,0.37479243,0,1,unassigned,3.0,3.0,0.0,1.0,0.0,0.0,0.001934236,0.0,0,0,0,0,0
9628,-1,0,1.8212831,0.86072,1,1,unassigned,6.0,6.0,0.0,1.0,0.0,0.0,0.007736944,0.0,0,0,0,1,0
9629,-1,0,5.293864,0.9950028,1,1,unassigned,5.0,5.0,0.0,1.0,0.0,0.0,0.0058027077,0.0,0,0,0,1,1
9630,-1,0,0.6087385,0.647653,1,1,unassigned,4.0,4.0,0.0,1.0,0.0,0.0,0.003868472,0.0,0,0,0,1,0
9631,-1,0,0.9552277,0.7221652,1,1,unassigned,59.0,55.0,4.0,0.9322034,0.06779661,0.06779659,0.11025145,0.0074746744,0,0,0,1,0
9632,-1,0,-0.8641286,0.2964775,0,1,unassigned,36.0,34.0,2.0,0.9444444,0.055555556,0.055555582,0.065764025,0.003653557,0,0,0,0,0
9633,-1,0,-0.26982865,0.43294916,0,1,unassigned,46.0,46.0,0.0,1.0,0.0,0.0,0.08510638,0.0,0,0,0,0,0
9634,-1,0,0.0187518,0.50468785,1,1,unassigned,35.0,34.0,1.0,0.9714286,0.028571429,0.028571427,0.06382979,0.0018237082,0,0,0,1,0
9635,-1,0,-0.51816803,0.37328073,0,1,unassigned,4.0,3.0,1.0,0.75,0.25,0.25,0.003868472,0.000967118,0,0,0,0,0
9636,-1,1,4.6660933,0.9906787,1,1,unassigned,2.0,2.0,0.0,1.0,0.0,0.0,0.0,0.0,1,0,0,1,1
9637,-1,0,2.2125146,0.90136766,1,1,unassigned,4.0,3.0,1.0,0.75,0.25,0.25,0.003868472,0.000967118,0,0,0,1,1
9638,1,0,-0.21198225,0.447202,0,1,test,72.0,71.0,1.0,0.9861111,0.013888889,0.0138888955,0.13539653,0.0018805073,0,0,0,0,0
9639,0,0,0.00731194,0.501828,1,1,unassigned,11.0,11.0,0.0,1.0,0.0,0.0,0.017408123,0.0,0,0,0,1,0
9640,-1,0,1.7038662,0.846039,1,1,unassigned,20.0,19.0,1.0,0.95,0.05,0.050000012,0.034816246,0.0017408123,0,0,0,1,0
9641,-1,0,5.201636,0.9945226,1,1,unassigned,3.0,3.0,0.0,1.0,0.0,0.0,0.001934236,0.0,0,0,0,1,1
9642,-1,0,2.0725443,0.8882059,1,1,unassigned,12.0,12.0,0.0,1.0,0.0,0.0,0.01934236,0.0,0,0,0,1,0
9643,-1,0,-0.48390755,0.38132983,0,1,unassigned,12.0,12.0,0.0,1.0,0.0,0.0,0.01934236,0.0,0,0,0,0,0
9644,-1,0,1.9211686,0.8722687,1,1,unassigned,9.0,9.0,0.0,1.0,0.0,0.0,0.013539651,0.0,0,0,0,1,0
9645,0,0,-0.43878803,0.3920298,0,0,unassigned,4.0,4.0,0.0,1.0,0.0,0.0,0.003868472,0.0,0,0,1,0,0
9646,-1,0,0.41562134,0.602435,1,1,unassigned,14.0,13.0,1.0,0.9285714,0.071428575,0.0714286,0.023210831,0.0016579166,0,0,0,1,0
9647,-1,0,0.12492126,0.5311898,1,1,unassigned,35.0,34.0,1.0,0.9714286,0.028571429,0.028571427,0.06382979,0.0018237082,0,0,0,1,0
9648,-1,0,5.1890407,0.9944536,1,1,unassigned,2.0,2.0,0.0,1.0,0.0,0.0,0.0,0.0,0,0,0,1,1
9649,0,0,-0.71630883,0.3282063,0,0,val,94.0,90.0,4.0,0.9574468,0.04255319,0.042553186,0.17794971,0.0075723277,0,0,1,0,0
9650,1,0,-0.17860419,0.45546725,0,1,unassigned,19.0,19.0,0.0,1.0,0.0,0.0,0.032882012,0.0,0,0,0,0,0
9651,1,0,0.32665825,0.5809461,1,0,unassigned,27.0,27.0,0.0,1.0,0.0,0.0,0.0483559,0.0,0,0,1,1,0
9652,-1,0,3.9726107,0.9815236,1,1,unassigned,2.0,2.0,0.0,1.0,0.0,0.0,0.0,0.0,0,0,0,1,1
9653,-1,0,1.7516057,0.8521552,1,1,unassigned,26.0,23.0,3.0,0.88461536,0.115384616,0.11538464,0.046421662,0.005356346,0,0,0,1,0
9654,0,0,-0.67977625,0.33631125,0,0,train,39.0,38.0,1.0,0.974359,0.025641026,0.025641024,0.07156673,0.0018350444,0,0,1,0,0
9655,-1,0,-0.65445846,0.34198552,0,1,unassigned,36.0,35.0,1.0,0.9722222,0.027777778,0.027777791,0.065764025,0.0018267785,0,0,0,0,0
9656,-1,0,-0.2789438,0.43071276,0,1,unassigned,31.0,31.0,0.0,1.0,0.0,0.0,0.056092843,0.0,0,0,0,0,0
9657,0,1,1.0895071,0.74828887,1,1,val,10.0,9.0,1.0,0.9,0.1,0.100000024,0.015473888,0.0015473888,1,0,0,1,0
9658,0,0,-0.67008567,0.33847764,0,0,unassigned,165.0,137.0,28.0,0.830303,0.16969697,0.16969699,0.31528047,0.05350214,0,0,1,0,0
9659,-1,0,4.671056,0.9907245,1,1,unassigned,2.0,2.0,0.0,1.0,0.0,0.0,0.0,0.0,0,0,0,1,1
9660,-1,1,-0.6774232,0.33683664,0,1,unassigned,40.0,38.0,2.0,0.95,0.05,0.050000012,0.07350097,0.0036750485,1,0,0,0,0
9661,-1,0,1.8569686,0.86494327,1,1,unassigned,51.0,48.0,3.0,0.9411765,0.05882353,0.058823526,0.09477756,0.0055751507,0,0,0,1,0
9662,-1,0,4.671056,0.9907245,1,1,unassigned,2.0,2.0,0.0,1.0,0.0,0.0,0.0,0.0,0,0,0,1,1
9663,-1,0,1.9102762,0.8710502,1,1,unassigned,3.0,3.0,0.0,1.0,0.0,0.0,0.001934236,0.0,0,0,0,1,0
9664,-1,0,-0.44772887,0.3899009,0,1,unassigned,44.0,44.0,0.0,1.0,0.0,0.0,0.08123791,0.0,0,0,0,0,0
9665,-1,0,-0.12056106,0.46989623,0,1,unassigned,4.0,4.0,0.0,1.0,0.0,0.0,0.003868472,0.0,0,0,0,0,0
9666,1,0,8.38682,0.99977225,1,0,val,6.0,6.0,0.0,1.0,0.0,0.0,0.007736944,0.0,0,0,1,1,1
9667,-1,0,-0.26958117,0.43300995,0,1,unassigned,11.0,11.0,0.0,1.0,0.0,0.0,0.017408123,0.0,0,0,0,0,0
9668,1,0,-0.5836408,0.35809526,0,1,test,199.0,197.0,2.0,0.98994976,0.010050251,0.010050237,0.38104448,0.0038295926,0,0,0,0,0
9669,-1,0,0.26443082,0.56572515,1,1,unassigned,36.0,35.0,1.0,0.9722222,0.027777778,0.027777791,0.065764025,0.0018267785,0,0,0,1,0
9670,-1,0,-0.5903799,0.35654768,0,1,unassigned,4.0,4.0,0.0,1.0,0.0,0.0,0.003868472,0.0,0,0,0,0,0
9671,1,0,-0.69795305,0.3322662,0,1,test,23.0,21.0,2.0,0.9130435,0.08695652,0.0869565,0.040618956,0.0035320832,0,0,0,0,0
9672,-1,0,-0.3943028,0.40268195,0,1,unassigned,39.0,39.0,0.0,1.0,0.0,0.0,0.07156673,0.0,0,0,0,0,0
9673,-1,0,-0.7264409,0.32597625,0,1,unassigned,47.0,47.0,0.0,1.0,0.0,0.0,0.08704062,0.0,0,0,0,0,0
9674,1,1,0.22729379,0.55658007,1,0,val,33.0,32.0,1.0,0.969697,0.030303031,0.030303001,0.059961315,0.0018170096,1,0,1,1,0
9675,-1,1,1.1824486,0.7653878,1,1,unassigned,3.0,1.0,2.0,0.33333334,0.6666667,0.6666666,0.001934236,0.0012894907,1,0,0,1,0
9676,-1,0,-0.70326173,0.33108944,0,1,unassigned,59.0,56.0,3.0,0.9491525,0.050847456,0.05084747,0.11025145,0.005606006,0,0,0,0,0
9677,-1,0,-0.8806729,0.29303837,0,1,unassigned,16.0,16.0,0.0,1.0,0.0,0.0,0.027079303,0.0,0,0,0,0,0
9678,-1,0,-0.76918054,0.3166564,0,1,unassigned,76.0,76.0,0.0,1.0,0.0,0.0,0.14313346,0.0,0,0,0,0,0
9679,-1,0,1.3289506,0.79066694,1,1,unassigned,16.0,15.0,1.0,0.9375,0.0625,0.0625,0.027079303,0.0016924564,0,0,0,1,0
9680,-1,0,1.8049026,0.8587447,1,1,unassigned,83.0,80.0,3.0,0.96385545,0.036144577,0.036144555,0.15667312,0.0056628836,0,0,0,1,0
9681,-1,1,0.308937,0.5766258,1,1,unassigned,5.0,5.0,0.0,1.0,0.0,0.0,0.0058027077,0.0,1,0,0,1,0
9682,-1,0,1.0135071,0.73370594,1,1,unassigned,2.0,1.0,1.0,0.5,0.5,0.5,0.0,0.0,0,0,0,1,0
9683,-1,1,-0.18607765,0.45361432,0,1,unassigned,4.0,4.0,0.0,1.0,0.0,0.0,0.003868472,0.0,1,0,0,0,0
9684,-1,1,0.73115414,0.6750585,1,1,unassigned,12.0,12.0,0.0,1.0,0.0,0.0,0.01934236,0.0,1,0,0,1,0
9685,-1,0,-0.01902932,0.4952428,0,1,unassigned,2.0,1.0,1.0,0.5,0.5,0.5,0.0,0.0,0,0,0,0,0
9686,-1,1,-0.47908965,0.3824671,0,1,unassigned,8.0,8.0,0.0,1.0,0.0,0.0,0.0116054155,0.0,1,0,0,0,0
9687,-1,0,5.662809,0.99653924,1,1,unassigned,6.0,4.0,2.0,0.6666667,0.33333334,0.3333333,0.007736944,0.0025789815,0,0,0,1,1
9688,-1,0,9.370702,0.99991477,1,1,unassigned,2.0,2.0,0.0,1.0,0.0,0.0,0.0,0.0,0,0,0,1,1
9689,-1,1,-0.10441613,0.47391963,0,1,unassigned,35.0,35.0,0.0,1.0,0.0,0.0,0.06382979,0.0,1,0,0,0,0
9690,-1,0,2.1863334,0.89901555,1,1,unassigned,2.0,2.0,0.0,1.0,0.0,0.0,0.0,0.0,0,0,0,1,0
9691,-1,1,0.07712364,0.5192714,1,1,unassigned,2.0,2.0,0.0,1.0,0.0,0.0,0.0,0.0,1,0,0,1,0
9692,-1,0,-0.77499455,0.31539968,0,1,unassigned,164.0,163.0,1.0,0.99390244,0.0060975607,0.006097555,0.31334624,0.0019106477,0,0,0,0,0
9693,-1,0,-0.90329146,0.28837457,0,1,unassigned,65.0,65.0,0.0,1.0,0.0,0.0,0.12185687,0.0,0,0,0,0,0
9694,-1,0,-0.47947913,0.38237512,0,1,unassigned,31.0,31.0,0.0,1.0,0.0,0.0,0.056092843,0.0,0,0,0,0,0
9695,-1,1,0.3819012,0.5943315,1,1,unassigned,11.0,10.0,1.0,0.90909094,0.09090909,0.090909064,0.017408123,0.0015825568,1,0,0,1,0
9696,-1,0,-0.4389789,0.39198428,0,1,unassigned,6.0,6.0,0.0,1.0,0.0,0.0,0.007736944,0.0,0,0,0,0,0
9697,-1,0,-0.14673221,0.4633826,0,1,unassigned,29.0,29.0,0.0,1.0,0.0,0.0,0.05222437,0.0,0,0,0,0,0
9698,-1,0,5.7110963,0.9967019,1,1,unassigned,11.0,6.0,5.0,0.54545456,0.45454547,0.45454544,0.017408123,0.007912784,0,0,0,1,1
9699,1,0,9.031066,0.9998803,1,0,test,28.0,22.0,6.0,0.78571427,0.21428572,0.21428573,0.050290134,0.010776457,0,0,1,1,1
9700,-1,0,-0.6839345,0.3353837,0,1,unassigned,34.0,34.0,0.0,1.0,0.0,0.0,0.061895553,0.0,0,0,0,0,0
9701,-1,0,6.044971,0.99763584,1,1,unassigned,12.0,12.0,0.0,1.0,0.0,0.0,0.01934236,0.0,0,0,0,1,1
9702,-1,1,0.08519614,0.5212862,1,1,unassigned,11.0,11.0,0.0,1.0,0.0,0.0,0.017408123,0.0,1,0,0,1,0
9703,-1,0,2.6952298,0.93674463,1,1,unassigned,4.0,4.0,0.0,1.0,0.0,0.0,0.003868472,0.0,0,0,0,1,1
9704,-1,0,9.707469,0.9999392,1,1,unassigned,10.0,10.0,0.0,1.0,0.0,0.0,0.015473888,0.0,0,0,0,1,1
9705,-1,1,5.535568,0.9960716,1,1,unassigned,20.0,15.0,5.0,0.75,0.25,0.25,0.034816246,0.008704062,1,0,0,1,1
9706,-1,0,28.064564,1.0,1,1,unassigned,93.0,87.0,6.0,0.9354839,0.06451613,0.06451613,0.17601547,0.011355836,0,0,0,1,1
9707,-1,0,7.888325,0.99962497,1,1,unassigned,3.0,2.0,1.0,0.6666667,0.33333334,0.3333333,0.001934236,0.00064474536,0,0,0,1,1
9708,-1,0,8.985472,0.99987483,1,1,unassigned,8.0,8.0,0.0,1.0,0.0,0.0,0.0116054155,0.0,0,0,0,1,1
9709,-1,0,7.596953,0.99949825,1,1,unassigned,2.0,2.0,0.0,1.0,0.0,0.0,0.0,0.0,0,0,0,1,1
9710,-1,1,11.505245,0.99998987,1,1,unassigned,5.0,4.0,1.0,0.8,0.2,0.19999999,0.0058027077,0.0011605415,1,0,0,1,1
9711,-1,0,-0.7967615,0.3107187,0,1,unassigned,86.0,84.0,2.0,0.9767442,0.023255814,0.023255825,0.16247582,0.0037785075,0,0,0,0,0
9712,-1,0,-0.4932168,0.37913606,0,1,unassigned,124.0,124.0,0.0,1.0,0.0,0.0,0.23597679,0.0,0,0,0,0,0
9713,1,0,3.3904665,0.96740526,1,0,train,14.0,14.0,0.0,1.0,0.0,0.0,0.023210831,0.0,0,0,1,1,1
9714,0,0,-0.28976312,0.42806184,0,0,unassigned,19.0,19.0,0.0,1.0,0.0,0.0,0.032882012,0.0,0,0,1,0,0
9715,-1,0,-0.17777511,0.4556729,0,1,unassigned,22.0,19.0,3.0,0.8636364,0.13636364,0.13636363,0.03868472,0.005275189,0,0,0,0,0
9716,-1,1,2.3621833,0.91389775,1,1,unassigned,3.0,3.0,0.0,1.0,0.0,0.0,0.001934236,0.0,1,0,0,1,1
9717,-1,0,-0.5646646,0.36246887,0,1,unassigned,110.0,108.0,2.0,0.9818182,0.018181818,0.0181818,0.20889749,0.003798136,0,0,0,0,0
9718,0,0,-0.63498366,0.34638134,0,0,unassigned,89.0,88.0,1.0,0.98876405,0.011235955,0.011235952,0.16827853,0.00189077,0,0,1,0,0
9719,-1,0,1.3253596,0.790072,1,1,unassigned,8.0,8.0,0.0,1.0,0.0,0.0,0.0116054155,0.0,0,0,0,1,0
9720,-1,0,-0.603192,0.35361376,0,1,unassigned,112.0,111.0,1.0,0.9910714,0.008928572,0.008928597,0.21276596,0.0018996962,0,0,0,0,0
9721,-1,0,0.9459972,0.72030944,1,1,unassigned,24.0,23.0,1.0,0.9583333,0.041666668,0.041666687,0.04255319,0.0017730496,0,0,0,1,0
9722,-1,0,-0.79180413,0.3117814,0,1,unassigned,33.0,31.0,2.0,0.93939394,0.060606062,0.060606062,0.059961315,0.0036340193,0,0,0,0,0
9723,-1,1,5.778526,0.9969163,1,1,unassigned,12.0,9.0,3.0,0.75,0.25,0.25,0.01934236,0.00483559,1,0,0,1,1
9724,-1,0,8.191614,0.99972314,1,1,unassigned,2.0,2.0,0.0,1.0,0.0,0.0,0.0,0.0,0,0,0,1,1
9725,-1,0,-0.40976533,0.3989684,0,1,unassigned,40.0,40.0,0.0,1.0,0.0,0.0,0.07350097,0.0,0,0,0,0,0
9726,1,0,-0.14837033,0.46297532,0,1,unassigned,12.0,11.0,1.0,0.9166667,0.083333336,0.08333331,0.01934236,0.0016118633,0,0,0,0,0
9727,-1,0,1.6875575,0.8439027,1,1,unassigned,47.0,41.0,6.0,0.87234044,0.12765957,0.12765956,0.08704062,0.011111569,0,0,0,1,0
9728,1,0,5.100482,0.99394304,1,0,val,4.0,4.0,0.0,1.0,0.0,0.0,0.003868472,0.0,0,0,1,1,1
9729,-1,0,-0.034773886,0.4913074,0,1,unassigned,4.0,4.0,0.0,1.0,0.0,0.0,0.003868472,0.0,0,0,0,0,0
9730,-1,0,8.771311,0.9998449,1,1,unassigned,19.0,14.0,5.0,0.7368421,0.2631579,0.2631579,0.032882012,0.008653161,0,0,0,1,1
9731,-1,0,6.9189878,0.9990121,1,1,unassigned,12.0,12.0,0.0,1.0,0.0,0.0,0.01934236,0.0,0,0,0,1,1
9732,-1,0,3.0610707,0.955258,1,1,unassigned,4.0,4.0,0.0,1.0,0.0,0.0,0.003868472,0.0,0,0,0,1,1
9733,-1,0,-0.09218168,0.47697088,0,1,unassigned,25.0,25.0,0.0,1.0,0.0,0.0,0.044487428,0.0,0,0,0,0,0
9734,-1,0,-0.54691434,0.3665806,0,1,unassigned,56.0,56.0,0.0,1.0,0.0,0.0,0.10444874,0.0,0,0,0,0,0
9735,-1,0,2.8151202,0.9434874,1,1,unassigned,4.0,4.0,0.0,1.0,0.0,0.0,0.003868472,0.0,0,0,0,1,1
9736,0,0,-0.1356112,0.46614906,0,0,unassigned,51.0,51.0,0.0,1.0,0.0,0.0,0.09477756,0.0,0,0,1,0,0
9737,-1,0,2.757771,0.9403507,1,1,unassigned,2.0,2.0,0.0,1.0,0.0,0.0,0.0,0.0,0,0,0,1,1
9738,-1,1,1.7028515,0.8459068,1,1,unassigned,5.0,2.0,3.0,0.4,0.6,0.6,0.0058027077,0.0034816249,1,0,0,1,0
9739,-1,1,-0.44208902,0.39124328,0,1,unassigned,132.0,110.0,22.0,0.8333333,0.16666667,0.16666669,0.2514507,0.04190845,1,0,0,0,0
9740,-1,0,-0.32335517,0.41985828,0,1,unassigned,4.0,4.0,0.0,1.0,0.0,0.0,0.003868472,0.0,0,0,0,0,0
9741,-1,0,5.8106713,0.99701357,1,1,unassigned,2.0,2.0,0.0,1.0,0.0,0.0,0.0,0.0,0,0,0,1,1
9742,-1,0,0.2981338,0.57398623,1,1,unassigned,21.0,17.0,4.0,0.8095238,0.1904762,0.19047618,0.036750484,0.0070000924,0,0,0,1,0
9743,-1,0,1.1151297,0.7530842,1,1,unassigned,21.0,20.0,1.0,0.95238096,0.04761905,0.047619045,0.036750484,0.0017500231,0,0,0,1,0
9744,-1,0,-0.5159892,0.37379056,0,1,unassigned,34.0,33.0,1.0,0.9705882,0.029411765,0.029411793,0.061895553,0.0018204574,0,0,0,0,0
9745,-1,0,4.539187,0.9894308,1,1,unassigned,4.0,3.0,1.0,0.75,0.25,0.25,0.003868472,0.000967118,0,0,0,1,1
9746,-1,0,3.7135174,0.97618926,1,1,unassigned,3.0,3.0,0.0,1.0,0.0,0.0,0.001934236,0.0,0,0,0,1,1
9747,-1,0,-0.58865786,0.35694283,0,1,unassigned,48.0,48.0,0.0,1.0,0.0,0.0,0.088974856,0.0,0,0,0,0,0
9748,0,0,-0.25356054,0.43694732,0,0,val,9.0,9.0,0.0,1.0,0.0,0.0,0.013539651,0.0,0,0,1,0,0
9749,-1,0,2.6370833,0.93321043,1,1,unassigned,2.0,2.0,0.0,1.0,0.0,0.0,0.0,0.0,0,0,0,1,1
9750,-1,0,5.07132,0.993765,1,1,unassigned,7.0,7.0,0.0,1.0,0.0,0.0,0.00967118,0.0,0,0,0,1,1
9751,-1,0,1.8697066,0.8664244,1,1,unassigned,2.0,2.0,0.0,1.0,0.0,0.0,0.0,0.0,0,0,0,1,0
9752,-1,0,1.5984035,0.8317951,1,1,unassigned,6.0,6.0,0.0,1.0,0.0,0.0,0.007736944,0.0,0,0,0,1,0
9753,-1,0,-0.22276998,0.4445367,0,1,unassigned,18.0,18.0,0.0,1.0,0.0,0.0,0.030947777,0.0,0,0,0,0,0
9754,-1,0,-0.049076498,0.48773336,0,1,unassigned,5.0,5.0,0.0,1.0,0.0,0.0,0.0058027077,0.0,0,0,0,0,0
9755,-1,0,-0.85149336,0.2991197,0,1,unassigned,75.0,75.0,0.0,1.0,0.0,0.0,0.14119923,0.0,0,0,0,0,0
9756,-1,0,-0.56037736,0.36346015,0,1,unassigned,11.0,10.0,1.0,0.90909094,0.09090909,0.090909064,0.017408123,0.0015825568,0,0,0,0,0
9757,-1,0,0.6731635,0.6622111,1,1,unassigned,11.0,10.0,1.0,0.90909094,0.09090909,0.090909064,0.017408123,0.0015825568,0,0,0,1,0
9758,-1,0,0.8341065,0.69722253,1,1,unassigned,2.0,2.0,0.0,1.0,0.0,0.0,0.0,0.0,0,0,0,1,0
9759,-1,0,3.5931551,0.97322524,1,1,unassigned,17.0,15.0,2.0,0.88235295,0.11764706,0.11764705,0.029013539,0.0034133575,0,0,0,1,1
9760,0,0,1.1873722,0.76627076,1,1,unassigned,4.0,1.0,3.0,0.25,0.75,0.75,0.003868472,0.002901354,0,0,0,1,0
9761,-1,1,1.0203769,0.73504597,1,1,unassigned,10.0,10.0,0.0,1.0,0.0,0.0,0.015473888,0.0,1,0,0,1,0
9762,-1,0,0.36163527,0.58943623,1,1,unassigned,14.0,14.0,0.0,1.0,0.0,0.0,0.023210831,0.0,0,0,0,1,0
9763,-1,1,-0.7737165,0.3156757,0,1,unassigned,40.0,39.0,1.0,0.975,0.025,0.024999976,0.07350097,0.0018375242,1,0,0,0,0
9764,-1,0,-0.23292121,0.44203156,0,1,unassigned,27.0,27.0,0.0,1.0,0.0,0.0,0.0483559,0.0,0,0,0,0,0
9765,-1,0,-0.70704645,0.3302518,0,1,unassigned,56.0,56.0,0.0,1.0,0.0,0.0,0.10444874,0.0,0,0,0,0,0
9766,-1,0,1.0323513,0.7373715,1,1,unassigned,45.0,43.0,2.0,0.95555556,0.044444446,0.04444444,0.08317215,0.0036965401,0,0,0,1,0
9767,-1,0,2.1133485,0.89219385,1,1,unassigned,5.0,5.0,0.0,1.0,0.0,0.0,0.0058027077,0.0,0,0,0,1,0
9768,-1,1,0.5843248,0.64206195,1,1,unassigned,4.0,2.0,2.0,0.5,0.5,0.5,0.003868472,0.001934236,1,0,0,1,0
9769,-1,0,-0.07471436,0.48133013,0,1,unassigned,6.0,5.0,1.0,0.8333333,0.16666667,0.16666669,0.007736944,0.0012894907,0,0,0,0,0
9770,-1,1,1.048403,0.74046814,1,1,unassigned,7.0,7.0,0.0,1.0,0.0,0.0,0.00967118,0.0,1,0,0,1,0
9771,-1,0,2.5972967,0.9306874,1,1,unassigned,8.0,7.0,1.0,0.875,0.125,0.125,0.0116054155,0.0014506769,0,0,0,1,1
9772,-1,0,2.8235223,0.9439337,1,1,unassigned,2.0,2.0,0.0,1.0,0.0,0.0,0.0,0.0,0,0,0,1,1
9773,-1,0,-0.5258134,0.37149388,0,1,unassigned,35.0,35.0,0.0,1.0,0.0,0.0,0.06382979,0.0,0,0,0,0,0
9774,-1,0,1.5371363,0.82304806,1,1,unassigned,22.0,21.0,1.0,0.95454544,0.045454547,0.04545456,0.03868472,0.0017583964,0,0,0,1,0
9775,1,0,8.421141,0.9997799,1,0,unassigned,4.0,4.0,0.0,1.0,0.0,0.0,0.003868472,0.0,0,0,1,1,1
9776,-1,1,0.13156688,0.53284436,1,1,unassigned,2.0,2.0,0.0,1.0,0.0,0.0,0.0,0.0,1,0,0,1,0
9777,-1,0,-0.6039057,0.35345063,0,1,unassigned,59.0,59.0,0.0,1.0,0.0,0.0,0.11025145,0.0,0,0,0,0,0
9778,-1,0,-0.34553418,0.4144658,0,1,unassigned,2.0,2.0,0.0,1.0,0.0,0.0,0.0,0.0,0,0,0,0,0
9779,-1,1,0.9931608,0.72971183,1,1,unassigned,2.0,2.0,0.0,1.0,0.0,0.0,0.0,0.0,1,0,0,1,0
9780,-1,0,0.66886073,0.661248,1,1,unassigned,10.0,10.0,0.0,1.0,0.0,0.0,0.015473888,0.0,0,0,0,1,0
9781,-1,1,0.1917932,0.54780185,1,1,unassigned,3.0,3.0,0.0,1.0,0.0,0.0,0.001934236,0.0,1,0,0,1,0
9782,-1,0,-0.75745547,0.319199,0,1,unassigned,91.0,91.0,0.0,1.0,0.0,0.0,0.172147,0.0,0,0,0,0,0
9783,-1,0,4.5568604,0.98961407,1,1,unassigned,4.0,4.0,0.0,1.0,0.0,0.0,0.003868472,0.0,0,0,0,1,1
9784,-1,1,1.2130125,0.7708315,1,1,unassigned,2.0,2.0,0.0,1.0,0.0,0.0,0.0,0.0,1,0,0,1,0
9785,-1,0,2.1428788,0.8950015,1,1,unassigned,25.0,23.0,2.0,0.92,0.08,0.07999998,0.044487428,0.003558994,0,0,0,1,0
9786,-1,0,-0.14715308,0.463278,0,1,unassigned,11.0,11.0,0.0,1.0,0.0,0.0,0.017408123,0.0,0,0,0,0,0
9787,-1,0,-0.37454775,0.40744257,0,1,unassigned,47.0,46.0,1.0,0.9787234,0.021276595,0.021276593,0.08704062,0.001851928,0,0,0,0,0
9788,-1,0,-0.7907874,0.31199962,0,1,unassigned,23.0,22.0,1.0,0.95652175,0.04347826,0.04347825,0.040618956,0.0017660416,0,0,0,0,0
9789,-1,0,2.6863053,0.93621373,1,1,unassigned,17.0,17.0,0.0,1.0,0.0,0.0,0.029013539,0.0,0,0,0,1,1
9790,-1,0,-0.7705836,0.31635287,0,1,unassigned,32.0,32.0,0.0,1.0,0.0,0.0,0.058027077,0.0,0,0,0,0,0
9791,-1,0,2.298475,0.90875065,1,1,unassigned,4.0,3.0,1.0,0.75,0.25,0.25,0.003868472,0.000967118,0,0,0,1,1
9792,-1,0,-0.26945472,0.43304098,0,1,unassigned,50.0,50.0,0.0,1.0,0.0,0.0,0.092843324,0.0,0,0,0,0,0
9793,-1,0,-0.2912395,0.42770046,0,1,unassigned,5.0,5.0,0.0,1.0,0.0,0.0,0.0058027077,0.0,0,0,0,0,0
9794,-1,0,1.1705046,0.7632362,1,1,unassigned,18.0,18.0,0.0,1.0,0.0,0.0,0.030947777,0.0,0,0,0,1,0
9795,-1,0,-0.33988273,0.41583797,0,1,unassigned,40.0,39.0,1.0,0.975,0.025,0.024999976,0.07350097,0.0018375242,0,0,0,0,0
9796,1,1,1.102226,0.750677,1,0,unassigned,21.0,21.0,0.0,1.0,0.0,0.0,0.036750484,0.0,1,0,1,1,0
9797,-1,0,0.0773595,0.51933026,1,1,unassigned,4.0,4.0,0.0,1.0,0.0,0.0,0.003868472,0.0,0,0,0,1,0
9798,-1,1,3.6720603,0.9752064,1,1,unassigned,5.0,5.0,0.0,1.0,0.0,0.0,0.0058027077,0.0,1,0,0,1,1
9799,-1,0,0.74502593,0.6780939,1,1,unassigned,2.0,2.0,0.0,1.0,0.0,0.0,0.0,0.0,0,0,0,1,0
9800,-1,0,-0.97314286,0.2742545,0,1,unassigned,31.0,31.0,0.0,1.0,0.0,0.0,0.056092843,0.0,0,0,0,0,0
9801,-1,0,-0.787284,0.31275216,0,1,unassigned,65.0,65.0,0.0,1.0,0.0,0.0,0.12185687,0.0,0,0,0,0,0
9802,-1,0,-0.88175505,0.29281422,0,1,unassigned,63.0,61.0,2.0,0.96825397,0.031746034,0.03174603,0.11798839,0.0037456634,0,0,0,0,0
9803,-1,0,-0.45970637,0.38705546,0,1,unassigned,26.0,26.0,0.0,1.0,0.0,0.0,0.046421662,0.0,0,0,0,0,0
9804,-1,0,-0.81910896,0.30595282,0,1,unassigned,15.0,15.0,0.0,1.0,0.0,0.0,0.025145067,0.0,0,0,0,0,0
9805,-1,0,-0.5362746,0.36905462,0,1,unassigned,10.0,8.0,2.0,0.8,0.2,0.19999999,0.015473888,0.0030947777,0,0,0,0,0
9806,-1,0,-0.19002974,0.45263502,0,1,unassigned,50.0,50.0,0.0,1.0,0.0,0.0,0.092843324,0.0,0,0,0,0,0
9807,-1,0,-0.78042316,0.31422868,0,1,unassigned,22.0,22.0,0.0,1.0,0.0,0.0,0.03868472,0.0,0,0,0,0,0
9808,-1,0,1.8482995,0.8639273,1,1,unassigned,29.0,29.0,0.0,1.0,0.0,0.0,0.05222437,0.0,0,0,0,1,0
9809,-1,1,-0.018611133,0.49534732,0,1,unassigned,3.0,3.0,0.0,1.0,0.0,0.0,0.001934236,0.0,1,0,0,0,0
9810,-1,0,2.8500583,0.9453217,1,1,unassigned,4.0,4.0,0.0,1.0,0.0,0.0,0.003868472,0.0,0,0,0,1,1
9811,0,0,-0.41812882,0.39696458,0,0,train,65.0,63.0,2.0,0.9692308,0.03076923,0.030769229,0.12185687,0.003749442,0,0,1,0,0
9812,-1,1,0.95886,0.7228935,1,1,unassigned,13.0,13.0,0.0,1.0,0.0,0.0,0.021276595,0.0,1,0,0,1,0
9813,-1,1,1.920789,0.8722264,1,1,unassigned,39.0,38.0,1.0,0.974359,0.025641026,0.025641024,0.07156673,0.0018350444,1,0,0,1,0
9814,-1,0,-0.3760947,0.40706918,0,1,unassigned,74.0,2.0,72.0,0.027027028,0.972973,0.972973,0.13926499,0.13550107,0,0,0,0,0
9815,-1,0,29.336613,1.0,1,1,unassigned,93.0,93.0,0.0,1.0,0.0,0.0,0.17601547,0.0,0,0,0,1,1
9816,-1,1,-0.7513801,0.32052064,0,1,unassigned,28.0,27.0,1.0,0.96428573,0.035714287,0.03571427,0.050290134,0.0017960763,1,0,0,0,0
9817,-1,0,9.364833,0.9999143,1,1,unassigned,5.0,4.0,1.0,0.8,0.2,0.19999999,0.0058027077,0.0011605415,0,0,0,1,1
9818,-1,1,-0.6292007,0.3476918,0,1,unassigned,9.0,9.0,0.0,1.0,0.0,0.0,0.013539651,0.0,1,0,0,0,0
9819,-1,0,6.8472114,0.99893874,1,1,unassigned,3.0,3.0,0.0,1.0,0.0,0.0,0.001934236,0.0,0,0,0,1,1
9820,-1,0,0.11998075,0.52995926,1,1,unassigned,29.0,28.0,1.0,0.9655172,0.03448276,0.034482777,0.05222437,0.0018008404,0,0,0,1,0
9821,-1,0,-0.8551258,0.2983587,0,1,unassigned,71.0,71.0,0.0,1.0,0.0,0.0,0.13346228,0.0,0,0,0,0,0
9822,-1,0,1.6001053,0.83203316,1,1,unassigned,13.0,12.0,1.0,0.9230769,0.07692308,0.07692307,0.021276595,0.0016366612,0,0,0,1,0
9823,-1,0,-0.72680765,0.32589567,0,1,unassigned,5.0,5.0,0.0,1.0,0.0,0.0,0.0058027077,0.0,0,0,0,0,0
9824,-1,0,-0.5827345,0.35830364,0,1,unassigned,84.0,80.0,4.0,0.95238096,0.04761905,0.047619045,0.15860735,0.007552731,0,0,0,0,0
9825,-1,1,-0.3067234,0.42391473,0,1,unassigned,10.0,9.0,1.0,0.9,0.1,0.100000024,0.015473888,0.0015473888,1,0,0,0,0
9826,-1,0,0.17219144,0.5429418,1,1,unassigned,2.0,2.0,0.0,1.0,0.0,0.0,0.0,0.0,0,0,0,1,0
9827,-1,0,1.119035,0.7538097,1,1,unassigned,11.0,11.0,0.0,1.0,0.0,0.0,0.017408123,0.0,0,0,0,1,0
9828,-1,0,0.24500805,0.5609474,1,1,unassigned,33.0,32.0,1.0,0.969697,0.030303031,0.030303001,0.059961315,0.0018170096,0,0,0,1,0
9829,0,0,-0.8703277,0.2951861,0,0,unassigned,100.0,98.0,2.0,0.98,0.02,0.01999998,0.18955512,0.0037911024,0,0,1,0,0
9830,-1,0,0.36725014,0.5907943,1,1,unassigned,18.0,18.0,0.0,1.0,0.0,0.0,0.030947777,0.0,0,0,0,1,0
9831,-1,0,0.25368458,0.5630832,1,1,unassigned,8.0,7.0,1.0,0.875,0.125,0.125,0.0116054155,0.0014506769,0,0,0,1,0
9832,-1,0,-0.7709398,0.31627584,0,1,unassigned,33.0,33.0,0.0,1.0,0.0,0.0,0.059961315,0.0,0,0,0,0,0
9833,-1,0,-0.76150763,0.31831902,0,1,unassigned,99.0,99.0,0.0,1.0,0.0,0.0,0.1876209,0.0,0,0,0,0,0
9834,-1,0,-0.8166977,0.3064651,0,1,unassigned,115.0,114.0,1.0,0.99130434,0.008695652,0.008695662,0.21856867,0.001900597,0,0,0,0,0
9835,-1,0,-0.84743875,0.2999704,0,1,unassigned,72.0,72.0,0.0,1.0,0.0,0.0,0.13539653,0.0,0,0,0,0,0
9836,1,0,-0.874848,0.29424652,0,1,unassigned,65.0,65.0,0.0,1.0,0.0,0.0,0.12185687,0.0,0,0,0,0,0
9837,-1,0,-0.6579101,0.34120923,0,1,unassigned,21.0,20.0,1.0,0.95238096,0.04761905,0.047619045,0.036750484,0.0017500231,0,0,0,0,0
9838,-1,0,4.9371533,0.9928762,1,1,unassigned,4.0,4.0,0.0,1.0,0.0,0.0,0.003868472,0.0,0,0,0,1,1
9839,-1,0,0.6488207,0.65674466,1,1,unassigned,2.0,2.0,0.0,1.0,0.0,0.0,0.0,0.0,0,0,0,1,0
9840,-1,0,-0.38283628,0.405443,0,1,unassigned,9.0,9.0,0.0,1.0,0.0,0.0,0.013539651,0.0,0,0,0,0,0
9841,-1,0,-0.9033701,0.28835842,0,1,unassigned,2.0,2.0,0.0,1.0,0.0,0.0,0.0,0.0,0,0,0,0,0
9842,-1,0,1.3948812,0.8013704,1,1,unassigned,4.0,4.0,0.0,1.0,0.0,0.0,0.003868472,0.0,0,0,0,1,0
9843,-1,0,0.65903836,0.6590444,1,1,unassigned,42.0,40.0,2.0,0.95238096,0.04761905,0.047619045,0.07736944,0.003684259,0,0,0,1,0
9844,-1,0,4.07783,0.9833382,1,1,unassigned,5.0,5.0,0.0,1.0,0.0,0.0,0.0058027077,0.0,0,0,0,1,1
9845,-1,1,-0.10293844,0.47428808,0,1,unassigned,4.0,1.0,3.0,0.25,0.75,0.75,0.003868472,0.002901354,1,0,0,0,0
9846,-1,0,3.4233189,0.9684254,1,1,unassigned,2.0,2.0,0.0,1.0,0.0,0.0,0.0,0.0,0,0,0,1,1
9847,-1,0,4.5144324,0.98916876,1,1,unassigned,3.0,3.0,0.0,1.0,0.0,0.0,0.001934236,0.0,0,0,0,1,1
9848,0,0,-0.5152594,0.37396142,0,0,unassigned,18.0,16.0,2.0,0.8888889,0.11111111,0.111111104,0.030947777,0.0034386418,0,0,1,0,0
9849,-1,0,1.7497766,0.85192466,1,1,unassigned,88.0,87.0,1.0,0.9886364,0.011363637,0.0113636255,0.1663443,0.0018902762,0,0,0,1,0
9850,-1,0,-0.39738655,0.40194044,0,1,unassigned,59.0,57.0,2.0,0.9661017,0.033898305,0.033898294,0.11025145,0.0037373372,0,0,0,0,0
9851,-1,0,0.6397099,0.6546879,1,1,unassigned,3.0,3.0,0.0,1.0,0.0,0.0,0.001934236,0.0,0,0,0,1,0
9852,1,0,0.687385,0.66538495,1,0,test,30.0,30.0,0.0,1.0,0.0,0.0,0.054158606,0.0,0,0,1,1,0
9853,-1,0,6.497313,0.99849474,1,1,unassigned,10.0,9.0,1.0,0.9,0.1,0.100000024,0.015473888,0.0015473888,0,0,0,1,1
9854,-1,0,0.7028521,0.6688198,1,1,unassigned,10.0,10.0,0.0,1.0,0.0,0.0,0.015473888,0.0,0,0,0,1,0
9855,-1,0,0.23412675,0.5582658,1,1,unassigned,43.0,41.0,2.0,0.95348835,0.046511628,0.04651165,0.079303674,0.0036885429,0,0,0,1,0
9856,-1,0,-0.18452746,0.45399857,0,1,unassigned,34.0,34.0,0.0,1.0,0.0,0.0,0.061895553,0.0,0,0,0,0,0
9857,-1,0,-0.24291044,0.43956926,0,1,unassigned,18.0,18.0,0.0,1.0,0.0,0.0,0.030947777,0.0,0,0,0,0,0
9858,-1,0,-0.1315881,0.46715036,0,1,unassigned,17.0,17.0,0.0,1.0,0.0,0.0,0.029013539,0.0,0,0,0,0,0
9859,-1,0,-0.8525692,0.2988942,0,1,unassigned,4.0,4.0,0.0,1.0,0.0,0.0,0.003868472,0.0,0,0,0,0,0
9860,-1,1,2.6792238,0.9357895,1,1,unassigned,3.0,1.0,2.0,0.33333334,0.6666667,0.6666666,0.001934236,0.0012894907,1,0,0,1,1
9861,-1,1,-0.78244466,0.31379324,0,1,unassigned,15.0,15.0,0.0,1.0,0.0,0.0,0.025145067,0.0,1,0,0,0,0
9862,-1,1,-0.81408226,0.30702126,0,1,unassigned,15.0,15.0,0.0,1.0,0.0,0.0,0.025145067,0.0,1,0,0,0,0
9863,-1,0,-0.11482638,0.47132486,0,1,unassigned,15.0,15.0,0.0,1.0,0.0,0.0,0.025145067,0.0,0,0,0,0,0
9864,-1,1,0.98247033,0.7275981,1,1,unassigned,3.0,2.0,1.0,0.6666667,0.33333334,0.3333333,0.001934236,0.00064474536,1,0,0,1,0
9865,-1,0,-0.5058257,0.37617257,0,1,unassigned,31.0,30.0,1.0,0.9677419,0.032258064,0.032258093,0.056092843,0.0018094465,0,0,0,0,0
9866,-1,0,6.0152044,0.99756455,1,1,unassigned,2.0,2.0,0.0,1.0,0.0,0.0,0.0,0.0,0,0,0,1,1
9867,-1,0,-0.79679275,0.31071198,0,1,unassigned,89.0,85.0,4.0,0.9550562,0.04494382,0.04494381,0.16827853,0.00756308,0,0,0,0,0
9868,-1,0,-0.83455706,0.30268237,0,1,unassigned,23.0,23.0,0.0,1.0,0.0,0.0,0.040618956,0.0,0,0,0,0,0
9869,0,0,-0.807006,0.30852887,0,0,unassigned,55.0,54.0,1.0,0.9818182,0.018181818,0.0181818,0.102514505,0.0018639,0,0,1,0,0
9870,-1,0,-0.7991051,0.31021696,0,1,unassigned,52.0,52.0,0.0,1.0,0.0,0.0,0.0967118,0.0,0,0,0,0,0
9871,-1,1,5.3975205,0.9954926,1,1,unassigned,12.0,11.0,1.0,0.9166667,0.083333336,0.08333331,0.01934236,0.0016118633,1,0,0,1,1
9872,-1,0,-0.9035642,0.2883186,0,1,unassigned,115.0,115.0,0.0,1.0,0.0,0.0,0.21856867,0.0,0,0,0,0,0
9873,-1,0,-0.83672893,0.30222416,0,1,unassigned,73.0,72.0,1.0,0.98630136,0.01369863,0.0136986375,0.13733076,0.0018812432,0,0,0,0,0
9874,-1,1,4.8644633,0.9923431,1,1,unassigned,11.0,10.0,1.0,0.90909094,0.09090909,0.090909064,0.017408123,0.0015825568,1,0,0,1,1
9875,-1,0,-0.6247925,0.34869224,0,1,unassigned,38.0,36.0,2.0,0.94736844,0.05263158,0.052631557,0.06963249,0.0036648682,0,0,0,0,0
9876,-1,0,4.2010274,0.9852409,1,1,unassigned,5.0,4.0,1.0,0.8,0.2,0.19999999,0.0058027077,0.0011605415,0,0,0,1,1
9877,-1,0,-0.026601255,0.4933501,0,1,unassigned,14.0,14.0,0.0,1.0,0.0,0.0,0.023210831,0.0,0,0,0,0,0
9878,-1,0,-0.34761107,0.4139619,0,1,unassigned,19.0,19.0,0.0,1.0,0.0,0.0,0.032882012,0.0,0,0,0,0,0
9879,-1,0,-0.34267318,0.41516027,0,1,unassigned,20.0,20.0,0.0,1.0,0.0,0.0,0.034816246,0.0,0,0,0,0,0
9880,-1,0,2.5840514,0.9298281,1,1,unassigned,8.0,7.0,1.0,0.875,0.125,0.125,0.0116054155,0.0014506769,0,0,0,1,1
9881,-1,0,-0.07212666,0.48197615,0,1,unassigned,6.0,6.0,0.0,1.0,0.0,0.0,0.007736944,0.0,0,0,0,0,0
9882,0,0,-0.33015877,0.41820198,0,0,val,78.0,76.0,2.0,0.974359,0.025641026,0.025641024,0.14700194,0.0037692804,0,0,1,0,0
9883,-1,0,-0.66982794,0.33853537,0,1,unassigned,43.0,42.0,1.0,0.9767442,0.023255814,0.023255825,0.079303674,0.0018442714,0,0,0,0,0
9884,-1,0,2.2409523,0.9038672,1,1,unassigned,3.0,2.0,1.0,0.6666667,0.33333334,0.3333333,0.001934236,0.00064474536,0,0,0,1,1
9885,-1,0,-0.32851896,0.41860104,0,1,unassigned,18.0,18.0,0.0,1.0,0.0,0.0,0.030947777,0.0,0,0,0,0,0
9886,-1,0,-0.3635329,0.41010463,0,1,unassigned,8.0,8.0,0.0,1.0,0.0,0.0,0.0116054155,0.0,0,0,0,0,0
9887,-1,0,-0.5050439,0.37635607,0,1,unassigned,2.0,2.0,0.0,1.0,0.0,0.0,0.0,0.0,0,0,0,0,0
9888,-1,1,0.22524369,0.556074,1,1,unassigned,30.0,28.0,2.0,0.93333334,0.06666667,0.06666666,0.054158606,0.003610574,1,0,0,1,0
9889,-1,0,5.466762,0.99579287,1,1,unassigned,11.0,5.0,6.0,0.45454547,0.54545456,0.5454545,0.017408123,0.00949534,0,0,0,1,1
9890,-1,1,6.880049,0.998973,1,1,unassigned,3.0,3.0,0.0,1.0,0.0,0.0,0.001934236,0.0,1,0,0,1,1
9891,-1,0,-0.56526333,0.36233053,0,1,unassigned,24.0,24.0,0.0,1.0,0.0,0.0,0.04255319,0.0,0,0,0,0,0
9892,-1,0,-0.7093359,0.3297456,0,1,unassigned,33.0,33.0,0.0,1.0,0.0,0.0,0.059961315,0.0,0,0,0,0,0
9893,-1,0,-0.7691673,0.31665924,0,1,unassigned,112.0,110.0,2.0,0.98214287,0.017857144,0.017857134,0.21276596,0.0037993924,0,0,0,0,0
9894,-1,0,-0.8085141,0.3082072,0,1,unassigned,73.0,73.0,0.0,1.0,0.0,0.0,0.13733076,0.0,0,0,0,0,0
9895,0,0,-0.82988197,0.30367002,0,0,unassigned,10.0,10.0,0.0,1.0,0.0,0.0,0.015473888,0.0,0,0,1,0,0
9896,-1,0,-0.7468578,0.32150635,0,1,unassigned,25.0,25.0,0.0,1.0,0.0,0.0,0.044487428,0.0,0,0,0,0,0
9897,-1,0,-0.82690746,0.30429938,0,1,unassigned,64.0,63.0,1.0,0.984375,0.015625,0.015625,0.11992263,0.0018737911,0,0,0,0,0
9898,-1,0,-0.49871725,0.37784216,0,1,unassigned,40.0,40.0,0.0,1.0,0.0,0.0,0.07350097,0.0,0,0,0,0,0
9899,0,0,-0.9178399,0.28539824,0,0,test,2.0,2.0,0.0,1.0,0.0,0.0,0.0,0.0,0,0,1,0,0
9900,1,0,4.2602553,0.9860779,1,0,val,66.0,66.0,0.0,1.0,0.0,0.0,0.123791106,0.0,0,0,1,1,1
9901,-1,0,-0.82929534,0.3037941,0,1,unassigned,29.0,28.0,1.0,0.9655172,0.03448276,0.034482777,0.05222437,0.0018008404,0,0,0,0,0
9902,-1,1,8.014821,0.99966955,1,1,unassigned,5.0,1.0,4.0,0.2,0.8,0.8,0.0058027077,0.004642166,1,1,0,1,1
9903,-1,0,-0.6042695,0.3533675,0,1,unassigned,64.0,63.0,1.0,0.984375,0.015625,0.015625,0.11992263,0.0018737911,0,0,0,0,0
9904,-1,0,-0.047313035,0.488174,0,1,unassigned,34.0,33.0,1.0,0.9705882,0.029411765,0.029411793,0.061895553,0.0018204574,0,0,0,0,0
9905,-1,0,-0.8757238,0.29406467,0,1,unassigned,30.0,30.0,0.0,1.0,0.0,0.0,0.054158606,0.0,0,0,0,0,0
9906,-1,0,-0.5302254,0.37046432,0,1,unassigned,25.0,25.0,0.0,1.0,0.0,0.0,0.044487428,0.0,0,0,0,0,0
9907,-1,0,1.9167614,0.8717768,1,1,unassigned,43.0,42.0,1.0,0.9767442,0.023255814,0.023255825,0.079303674,0.0018442714,0,0,0,1,0
9908,-1,0,1.1892319,0.76660365,1,1,unassigned,7.0,7.0,0.0,1.0,0.0,0.0,0.00967118,0.0,0,0,0,1,0
9909,-1,0,4.0221734,0.9824013,1,1,unassigned,7.0,7.0,0.0,1.0,0.0,0.0,0.00967118,0.0,0,0,0,1,1
9910,1,0,6.7792735,0.9988642,1,0,train,5.0,4.0,1.0,0.8,0.2,0.19999999,0.0058027077,0.0011605415,0,0,1,1,1
9911,-1,0,7.396164,0.9993868,1,1,unassigned,5.0,5.0,0.0,1.0,0.0,0.0,0.0058027077,0.0,0,0,0,1,1
9912,-1,0,6.495806,0.9984925,1,1,unassigned,3.0,3.0,0.0,1.0,0.0,0.0,0.001934236,0.0,0,0,0,1,1
9913,-1,0,1.0186512,0.7347098,1,1,unassigned,39.0,34.0,5.0,0.8717949,0.12820514,0.12820512,0.07156673,0.009175222,0,0,0,1,0
9914,1,0,7.898545,0.9996288,1,0,unassigned,31.0,26.0,5.0,0.83870965,0.16129032,0.16129035,0.056092843,0.009047233,0,0,1,1,1
9915,-1,0,7.285723,0.99931526,1,1,unassigned,22.0,19.0,3.0,0.8636364,0.13636364,0.13636363,0.03868472,0.005275189,0,0,0,1,1
9916,1,0,3.7328904,0.97663534,1,0,unassigned,2.0,2.0,0.0,1.0,0.0,0.0,0.0,0.0,0,0,1,1,1
9917,0,0,-0.6536412,0.34216946,0,0,val,23.0,23.0,0.0,1.0,0.0,0.0,0.040618956,0.0,0,0,1,0,0
9918,-1,0,0.7893433,0.6876903,1,1,unassigned,3.0,2.0,1.0,0.6666667,0.33333334,0.3333333,0.001934236,0.00064474536,0,0,0,1,0
9919,-1,1,3.1462145,0.9587593,1,1,unassigned,3.0,3.0,0.0,1.0,0.0,0.0,0.001934236,0.0,1,0,0,1,1
9920,-1,0,1.878897,0.8674844,1,1,unassigned,4.0,4.0,0.0,1.0,0.0,0.0,0.003868472,0.0,0,0,0,1,0
9921,-1,0,3.9809148,0.9816736,1,1,unassigned,2.0,2.0,0.0,1.0,0.0,0.0,0.0,0.0,0,0,0,1,1
9922,-1,0,-1.3820381,0.20068187,0,1,unassigned,2.0,2.0,0.0,1.0,0.0,0.0,0.0,0.0,0,0,0,0,0
9923,-1,0,-0.35743088,0.41158164,0,1,unassigned,2.0,2.0,0.0,1.0,0.0,0.0,0.0,0.0,0,0,0,0,0
9924,-1,0,-0.20774126,0.44825068,0,1,unassigned,19.0,19.0,0.0,1.0,0.0,0.0,0.032882012,0.0,0,0,0,0,0
9925,-1,0,-0.9281503,0.28330013,0,1,unassigned,78.0,78.0,0.0,1.0,0.0,0.0,0.14700194,0.0,0,0,0,0,0
9926,-1,0,-0.7183105,0.32776514,0,1,unassigned,77.0,77.0,0.0,1.0,0.0,0.0,0.14506769,0.0,0,0,0,0,0
9927,-1,0,0.05737394,0.51433957,1,1,unassigned,23.0,23.0,0.0,1.0,0.0,0.0,0.040618956,0.0,0,0,0,1,0
9928,-1,0,-0.42109907,0.39625376,0,1,unassigned,22.0,22.0,0.0,1.0,0.0,0.0,0.03868472,0.0,0,0,0,0,0
9929,-1,0,-0.8871976,0.2916885,0,1,unassigned,98.0,97.0,1.0,0.9897959,0.010204081,0.010204077,0.18568665,0.0018947617,0,0,0,0,0
9930,-1,0,11.133817,0.99998534,1,1,unassigned,2.0,2.0,0.0,1.0,0.0,0.0,0.0,0.0,0,0,0,1,1
9931,0,0,-0.96142995,0.276592,0,0,test,39.0,39.0,0.0,1.0,0.0,0.0,0.07156673,0.0,0,0,1,0,0
9932,0,0,-0.5406637,0.36803317,0,0,test,2.0,2.0,0.0,1.0,0.0,0.0,0.0,0.0,0,0,1,0,0
9933,-1,0,-0.5870775,0.3573057,0,1,unassigned,3.0,3.0,0.0,1.0,0.0,0.0,0.001934236,0.0,0,0,0,0,0
9934,-1,0,-0.9180588,0.2853536,0,1,unassigned,23.0,23.0,0.0,1.0,0.0,0.0,0.040618956,0.0,0,0,0,0,0
9935,-1,0,-0.07504457,0.48124766,0,1,unassigned,54.0,54.0,0.0,1.0,0.0,0.0,0.10058027,0.0,0,0,0,0,0
9936,-1,0,-0.88054425,0.293065,0,1,unassigned,2.0,2.0,0.0,1.0,0.0,0.0,0.0,0.0,0,0,0,0,0
9937,-1,0,-0.47405288,0.38365743,0,1,unassigned,43.0,40.0,3.0,0.9302326,0.069767445,0.069767416,0.079303674,0.0055328147,0,0,0,0,0
9938,-1,1,-0.14568666,0.46364263,0,1,unassigned,23.0,22.0,1.0,0.95652175,0.04347826,0.04347825,0.040618956,0.0017660416,1,0,0,0,0
9939,-1,0,1.5520935,0.8252159,1,1,unassigned,65.0,59.0,6.0,0.9076923,0.092307694,0.09230769,0.12185687,0.011248327,0,0,0,1,0
9940,-1,0,-0.5241304,0.37188694,0,1,unassigned,7.0,6.0,1.0,0.85714287,0.14285715,0.14285713,0.00967118,0.0013815971,0,0,0,0,0
9941,-1,0,-0.7424329,0.32247236,0,1,unassigned,177.0,175.0,2.0,0.98870057,0.011299435,0.011299431,0.3384913,0.0038247604,0,0,0,0,0
9942,-1,0,-0.6644277,0.3397457,0,1,unassigned,20.0,20.0,0.0,1.0,0.0,0.0,0.034816246,0.0,0,0,0,0,0
9943,1,0,4.024531,0.98244196,1,0,val,20.0,19.0,1.0,0.95,0.05,0.050000012,0.034816246,0.0017408123,0,0,1,1,1
9944,-1,0,0.025232732,0.50630784,1,1,unassigned,28.0,27.0,1.0,0.96428573,0.035714287,0.03571427,0.050290134,0.0017960763,0,0,0,1,0
9945,1,0,-0.16801366,0.4580951,0,1,val,24.0,24.0,0.0,1.0,0.0,0.0,0.04255319,0.0,0,0,0,0,0
9946,-1,0,-0.59800154,0.35480106,0,1,unassigned,10.0,9.0,1.0,0.9,0.1,0.100000024,0.015473888,0.0015473888,0,0,0,0,0
9947,1,0,3.5341933,0.9716451,1,0,unassigned,8.0,8.0,0.0,1.0,0.0,0.0,0.0116054155,0.0,0,0,1,1,1
9948,1,0,0.70023996,0.66824096,1,0,test,27.0,26.0,1.0,0.962963,0.037037037,0.037037015,0.0483559,0.0017909593,0,0,1,1,0
9949,-1,0,-0.4261036,0.3950571,0,1,unassigned,7.0,7.0,0.0,1.0,0.0,0.0,0.00967118,0.0,0,0,0,0,0
9950,1,0,3.5346158,0.97165686,1,0,val,7.0,7.0,0.0,1.0,0.0,0.0,0.00967118,0.0,0,0,1,1,1
9951,-1,1,-0.31591848,0.42167076,0,1,unassigned,7.0,7.0,0.0,1.0,0.0,0.0,0.00967118,0.0,1,0,0,0,0
9952,-1,0,1.6516454,0.8391133,1,1,unassigned,38.0,38.0,0.0,1.0,0.0,0.0,0.06963249,0.0,0,0,0,1,0
9953,-1,0,3.8929102,0.9800213,1,1,unassigned,11.0,11.0,0.0,1.0,0.0,0.0,0.017408123,0.0,0,0,0,1,1
9954,-1,0,3.4056647,0.9678811,1,1,unassigned,89.0,88.0,1.0,0.98876405,0.011235955,0.011235952,0.16827853,0.00189077,0,0,0,1,1
9955,-1,0,-0.74091804,0.32280344,0,1,unassigned,18.0,18.0,0.0,1.0,0.0,0.0,0.030947777,0.0,0,0,0,0,0
9956,-1,0,-0.59060025,0.35649714,0,1,unassigned,58.0,55.0,3.0,0.94827586,0.05172414,0.051724136,0.10831721,0.0056026145,0,0,0,0,0
9957,-1,0,1.7091372,0.84672433,1,1,unassigned,30.0,28.0,2.0,0.93333334,0.06666667,0.06666666,0.054158606,0.003610574,0,0,0,1,0
9958,-1,0,-0.35049552,0.41326225,0,1,unassigned,69.0,69.0,0.0,1.0,0.0,0.0,0.1295938,0.0,0,0,0,0,0
9959,-1,0,-0.7843195,0.3133897,0,1,unassigned,107.0,102.0,5.0,0.95327103,0.046728972,0.04672897,0.20309478,0.009490411,0,0,0,0,0
9960,-1,0,-0.7394419,0.32312623,0,1,unassigned,54.0,54.0,0.0,1.0,0.0,0.0,0.10058027,0.0,0,0,0,0,0
9961,-1,0,1.559788,0.8263229,1,1,unassigned,8.0,8.0,0.0,1.0,0.0,0.0,0.0116054155,0.0,0,0,0,1,0
9962,-1,0,5.532252,0.9960586,1,1,unassigned,20.0,19.0,1.0,0.95,0.05,0.050000012,0.034816246,0.0017408123,0,0,0,1,1
9963,-1,1,1.3006301,0.785941,1,1,unassigned,6.0,6.0,0.0,1.0,0.0,0.0,0.007736944,0.0,1,0,0,1,0
9964,-1,0,3.1996772,0.9608221,1,1,unassigned,9.0,6.0,3.0,0.6666667,0.33333334,0.3333333,0.013539651,0.004513217,0,0,0,1,1
9965,-1,1,0.9394333,0.71898514,1,1,unassigned,3.0,2.0,1.0,0.6666667,0.33333334,0.3333333,0.001934236,0.00064474536,1,0,0,1,0
9966,-1,0,1.5309994,0.8221525,1,1,unassigned,5.0,5.0,0.0,1.0,0.0,0.0,0.0058027077,0.0,0,0,0,1,0
9967,-1,0,2.1831973,0.89873046,1,1,unassigned,5.0,5.0,0.0,1.0,0.0,0.0,0.0058027077,0.0,0,0,0,1,0
9968,-1,0,-0.017444313,0.49563906,0,1,unassigned,13.0,13.0,0.0,1.0,0.0,0.0,0.021276595,0.0,0,0,0,0,0
9969,-1,0,-0.6990555,0.33202168,0,1,unassigned,5.0,5.0,0.0,1.0,0.0,0.0,0.0058027077,0.0,0,0,0,0,0
9970,-1,0,-0.5270708,0.37120035,0,1,unassigned,2.0,2.0,0.0,1.0,0.0,0.0,0.0,0.0,0,0,0,0,0
9971,-1,0,-0.006522417,0.49836943,0,1,unassigned,36.0,36.0,0.0,1.0,0.0,0.0,0.065764025,0.0,0,0,0,0,0
9972,-1,0,1.6393661,0.8374487,1,1,unassigned,2.0,2.0,0.0,1.0,0.0,0.0,0.0,0.0,0,0,0,1,0
9973,-1,0,6.045683,0.9976375,1,1,unassigned,8.0,6.0,2.0,0.75,0.25,0.25,0.0116054155,0.0029013539,0,0,0,1,1
9974,-1,0,2.6534467,0.9342231,1,1,unassigned,3.0,3.0,0.0,1.0,0.0,0.0,0.001934236,0.0,0,0,0,1,1
9975,-1,0,2.5078557,0.92469066,1,1,unassigned,3.0,3.0,0.0,1.0,0.0,0.0,0.001934236,0.0,0,0,0,1,1
9976,-1,0,6.3380303,0.99823534,1,1,unassigned,2.0,2.0,0.0,1.0,0.0,0.0,0.0,0.0,0,0,0,1,1
9977,-1,0,6.0607014,0.9976726,1,1,unassigned,2.0,2.0,0.0,1.0,0.0,0.0,0.0,0.0,0,0,0,1,1
9978,-1,0,0.033113062,0.50827754,1,1,unassigned,15.0,15.0,0.0,1.0,0.0,0.0,0.025145067,0.0,0,0,0,1,0
9979,-1,0,3.9316533,0.98076594,1,1,unassigned,4.0,4.0,0.0,1.0,0.0,0.0,0.003868472,0.0,0,0,0,1,1
9980,-1,1,4.499992,0.98901296,1,1,unassigned,5.0,4.0,1.0,0.8,0.2,0.19999999,0.0058027077,0.0011605415,1,0,0,1,1
9981,-1,0,-0.24021584,0.44023317,0,1,unassigned,2.0,2.0,0.0,1.0,0.0,0.0,0.0,0.0,0,0,0,0,0
9982,-1,1,10.1857395,0.99996233,1,1,unassigned,2.0,2.0,0.0,1.0,0.0,0.0,0.0,0.0,1,0,0,1,1
9983,-1,0,-0.35714275,0.41165143,0,1,unassigned,17.0,11.0,6.0,0.64705884,0.3529412,0.35294116,0.029013539,0.010240072,0,0,0,0,0
9984,-1,0,-0.42778015,0.39465654,0,1,unassigned,22.0,20.0,2.0,0.90909094,0.09090909,0.090909064,0.03868472,0.0035167928,0,0,0,0,0
9985,-1,1,2.9633806,0.95089203,1,1,unassigned,5.0,5.0,0.0,1.0,0.0,0.0,0.0058027077,0.0,1,0,0,1,1
9986,-1,0,3.3713677,0.9667976,1,1,unassigned,4.0,4.0,0.0,1.0,0.0,0.0,0.003868472,0.0,0,0,0,1,1
9987,-1,0,5.963569,0.99743587,1,1,unassigned,5.0,5.0,0.0,1.0,0.0,0.0,0.0058027077,0.0,0,0,0,1,1
9988,1,0,2.461223,0.9213783,1,0,unassigned,5.0,5.0,0.0,1.0,0.0,0.0,0.0058027077,0.0,0,0,1,1,1
9989,-1,0,0.1800341,0.5448873,1,1,unassigned,3.0,3.0,0.0,1.0,0.0,0.0,0.001934236,0.0,0,0,0,1,0
9990,-1,0,0.6197632,0.65016466,1,1,unassigned,2.0,2.0,0.0,1.0,0.0,0.0,0.0,0.0,0,0,0,1,0
9991,-1,0,-0.10770151,0.47310063,0,1,unassigned,15.0,15.0,0.0,1.0,0.0,0.0,0.025145067,0.0,0,0,0,0,0
9992,-1,0,1.3777227,0.79862505,1,1,unassigned,2.0,1.0,1.0,0.5,0.5,0.5,0.0,0.0,0,0,0,1,0
9993,-1,1,1.5605671,0.8264347,1,1,unassigned,6.0,6.0,0.0,1.0,0.0,0.0,0.007736944,0.0,1,0,0,1,0
9994,-1,0,0.946837,0.72047865,1,1,unassigned,2.0,2.0,0.0,1.0,0.0,0.0,0.0,0.0,0,0,0,1,0
9995,1,0,-0.73431534,0.32424846,0,1,test,38.0,37.0,1.0,0.9736842,0.02631579,0.026315808,0.06963249,0.0018324341,0,0,0,0,0
9996,-1,0,-0.7337633,0.32436943,0,1,unassigned,216.0,203.0,13.0,0.9398148,0.060185187,0.060185194,0.4139265,0.024912244,0,0,0,0,0
9997,0,0,-0.3512975,0.41306785,0,0,unassigned,35.0,32.0,3.0,0.9142857,0.08571429,0.08571428,0.06382979,0.005471125,0,0,1,0,0
9998,-1,0,-0.34150517,0.4154439,0,1,unassigned,13.0,13.0,0.0,1.0,0.0,0.0,0.021276595,0.0,0,0,0,0,0
9999,-1,1,0.80956167,0.69201607,1,1,unassigned,4.0,4.0,0.0,1.0,0.0,0.0,0.003868472,0.0,1,0,0,1,0
10000,-1,0,-0.39140928,0.40337813,0,1,unassigned,75.0,75.0,0.0,1.0,0.0,0.0,0.14119923,0.0,0,0,0,0,0
10001,-1,0,-0.6784423,0.33660907,0,1,unassigned,55.0,55.0,0.0,1.0,0.0,0.0,0.102514505,0.0,0,0,0,0,0
10002,-1,0,-0.06474203,0.48382014,0,1,unassigned,35.0,35.0,0.0,1.0,0.0,0.0,0.06382979,0.0,0,0,0,0,0
10003,-1,0,0.27277023,0.56777287,1,1,unassigned,34.0,33.0,1.0,0.9705882,0.029411765,0.029411793,0.061895553,0.0018204574,0,0,0,1,0
10004,-1,0,1.5984786,0.83180565,1,1,unassigned,36.0,34.0,2.0,0.9444444,0.055555556,0.055555582,0.065764025,0.003653557,0,0,0,1,0
10005,-1,0,-0.053632915,0.486595,0,1,unassigned,145.0,144.0,1.0,0.99310344,0.0068965517,0.0068965554,0.27659574,0.0019075568,0,0,0,0,0
10006,-1,0,-0.60745937,0.35263896,0,1,unassigned,107.0,105.0,2.0,0.9813084,0.018691588,0.0186916,0.20309478,0.003796164,0,0,0,0,0
10007,-1,1,-0.19017923,0.45259795,0,1,unassigned,20.0,20.0,0.0,1.0,0.0,0.0,0.034816246,0.0,1,0,0,0,0
10008,-1,0,-0.3874802,0.40432405,0,1,unassigned,74.0,74.0,0.0,1.0,0.0,0.0,0.13926499,0.0,0,0,0,0,0
10009,-1,0,1.2656693,0.78000057,1,1,unassigned,49.0,47.0,2.0,0.9591837,0.040816326,0.040816307,0.09090909,0.0037105752,0,0,0,1,0
10010,-1,0,-0.42472476,0.3953867,0,1,unassigned,15.0,15.0,0.0,1.0,0.0,0.0,0.025145067,0.0,0,0,0,0,0
10011,1,0,5.5567174,0.9961534,1,0,val,5.0,5.0,0.0,1.0,0.0,0.0,0.0058027077,0.0,0,0,1,1,1
10012,-1,0,-0.18112144,0.454843,0,1,unassigned,19.0,19.0,0.0,1.0,0.0,0.0,0.032882012,0.0,0,0,0,0,0
10013,-1,0,-0.10608852,0.4735027,0,1,unassigned,39.0,39.0,0.0,1.0,0.0,0.0,0.07156673,0.0,0,0,0,0,0
10014,-1,1,4.126678,0.98411983,1,1,unassigned,6.0,4.0,2.0,0.6666667,0.33333334,0.3333333,0.007736944,0.0025789815,1,0,0,1,1
10015,-1,0,-0.9220896,0.2845323,0,1,unassigned,83.0,83.0,0.0,1.0,0.0,0.0,0.15667312,0.0,0,0,0,0,0
10016,-1,1,5.255565,0.9948087,1,1,unassigned,3.0,3.0,0.0,1.0,0.0,0.0,0.001934236,0.0,1,0,0,1,1
10017,-1,0,8.20388,0.9997265,1,1,unassigned,2.0,2.0,0.0,1.0,0.0,0.0,0.0,0.0,0,0,0,1,1
10018,-1,0,1.3571401,0.79529446,1,1,unassigned,2.0,1.0,1.0,0.5,0.5,0.5,0.0,0.0,0,0,0,1,0
10019,-1,0,0.3011158,0.57471526,1,1,unassigned,4.0,3.0,1.0,0.75,0.25,0.25,0.003868472,0.000967118,0,0,0,1,0
10020,-1,0,-0.533336,0.36973915,0,1,unassigned,27.0,21.0,6.0,0.7777778,0.22222222,0.22222221,0.0483559,0.010745755,0,0,0,0,0
10021,-1,0,-0.023159921,0.49421024,0,1,unassigned,24.0,23.0,1.0,0.9583333,0.041666668,0.041666687,0.04255319,0.0017730496,0,0,0,0,0
10022,-1,0,0.047811747,0.5119507,1,1,unassigned,25.0,23.0,2.0,0.92,0.08,0.07999998,0.044487428,0.003558994,0,0,0,1,0
10023,-1,1,2.9898891,0.9521153,1,1,unassigned,2.0,2.0,0.0,1.0,0.0,0.0,0.0,0.0,1,0,0,1,1
10024,-1,0,-0.9232346,0.28429928,0,1,unassigned,42.0,40.0,2.0,0.95238096,0.04761905,0.047619045,0.07736944,0.003684259,0,0,0,0,0
10025,-1,0,-0.5689543,0.36147815,0,1,unassigned,22.0,22.0,0.0,1.0,0.0,0.0,0.03868472,0.0,0,0,0,0,0
10026,-1,0,2.658487,0.9345321,1,1,unassigned,2.0,2.0,0.0,1.0,0.0,0.0,0.0,0.0,0,0,0,1,1
10027,-1,0,-0.80645186,0.3086471,0,1,unassigned,84.0,82.0,2.0,0.97619045,0.023809524,0.023809552,0.15860735,0.0037763654,0,0,0,0,0
10028,-1,0,2.1001852,0.8909212,1,1,unassigned,10.0,1.0,9.0,0.1,0.9,0.9,0.015473888,0.0139264995,0,0,0,1,0
10029,-1,0,-0.23417175,0.4417231,0,1,unassigned,7.0,6.0,1.0,0.85714287,0.14285715,0.14285713,0.00967118,0.0013815971,0,0,0,0,0
10030,-1,0,-0.117076606,0.47076422,0,1,unassigned,4.0,3.0,1.0,0.75,0.25,0.25,0.003868472,0.000967118,0,0,0,0,0
10031,-1,0,-0.752542,0.32026765,0,1,unassigned,208.0,202.0,6.0,0.97115386,0.028846154,0.028846145,0.3984526,0.011493825,0,0,0,0,0
10032,-1,0,0.24779743,0.5616343,1,1,unassigned,2.0,2.0,0.0,1.0,0.0,0.0,0.0,0.0,0,0,0,1,0
10033,-1,0,-0.7385713,0.32331663,0,1,unassigned,112.0,111.0,1.0,0.9910714,0.008928572,0.008928597,0.21276596,0.0018996962,0,0,0,0,0
10034,0,0,-0.23338366,0.44191745,0,0,unassigned,7.0,7.0,0.0,1.0,0.0,0.0,0.00967118,0.0,0,0,1,0,0
10035,-1,0,0.47876352,0.61745584,1,1,unassigned,50.0,49.0,1.0,0.98,0.02,0.01999998,0.092843324,0.0018568664,0,0,0,1,0
10036,-1,1,0.11832279,0.5295462,1,1,unassigned,30.0,23.0,7.0,0.76666665,0.23333333,0.23333335,0.054158606,0.012637008,1,0,0,1,0
10037,-1,0,1.3314309,0.7910772,1,1,unassigned,3.0,3.0,0.0,1.0,0.0,0.0,0.001934236,0.0,0,0,0,1,0
10038,-1,0,-0.83738244,0.30208635,0,1,unassigned,108.0,108.0,0.0,1.0,0.0,0.0,0.20502901,0.0,0,0,0,0,0
10039,-1,1,1.671088,0.8417208,1,1,unassigned,11.0,11.0,0.0,1.0,0.0,0.0,0.017408123,0.0,1,0,0,1,0
10040,-1,0,-0.77871704,0.31459647,0,1,unassigned,38.0,37.0,1.0,0.9736842,0.02631579,0.026315808,0.06963249,0.0018324341,0,0,0,0,0
10041,-1,0,1.3462312,0.7935128,1,1,unassigned,19.0,18.0,1.0,0.94736844,0.05263158,0.052631557,0.032882012,0.0017306323,0,0,0,1,0
10042,1,0,0.2571373,0.5639325,1,0,val,46.0,45.0,1.0,0.9782609,0.02173913,0.021739125,0.08510638,0.0018501388,0,0,1,1,0
10043,-1,0,-0.84938145,0.29956263,0,1,unassigned,90.0,90.0,0.0,1.0,0.0,0.0,0.17021276,0.0,0,0,0,0,0
10044,-1,1,0.8597322,0.70260465,1,1,unassigned,46.0,35.0,11.0,0.76086956,0.23913044,0.23913044,0.08510638,0.020351525,1,0,0,1,0
10045,-1,0,-0.8058914,0.30876672,0,1,unassigned,32.0,32.0,0.0,1.0,0.0,0.0,0.058027077,0.0,0,0,0,0,0
10046,-1,0,-0.6574393,0.34131506,0,1,unassigned,78.0,75.0,3.0,0.96153843,0.03846154,0.038461566,0.14700194,0.005653921,0,0,0,0,0
10047,1,0,-0.43239513,0.39355454,0,1,unassigned,41.0,41.0,0.0,1.0,0.0,0.0,0.07543521,0.0,0,0,0,0,0
10048,1,0,5.7019286,0.99667156,1,0,val,37.0,32.0,5.0,0.8648649,0.13513513,0.13513511,0.06769826,0.009148413,0,0,1,1,1
10049,-1,0,-0.20409176,0.4491534,0,1,unassigned,22.0,22.0,0.0,1.0,0.0,0.0,0.03868472,0.0,0,0,0,0,0
10050,-1,0,-0.3466625,0.414192,0,1,unassigned,31.0,30.0,1.0,0.9677419,0.032258064,0.032258093,0.056092843,0.0018094465,0,0,0,0,0
10051,1,0,-0.33280998,0.41755706,0,1,val,35.0,35.0,0.0,1.0,0.0,0.0,0.06382979,0.0,0,0,0,0,0
10052,-1,0,0.29678512,0.57365644,1,1,unassigned,35.0,35.0,0.0,1.0,0.0,0.0,0.06382979,0.0,0,0,0,1,0
10053,-1,0,-0.84368616,0.30075902,0,1,unassigned,12.0,12.0,0.0,1.0,0.0,0.0,0.01934236,0.0,0,0,0,0,0
10054,-1,0,-0.113925934,0.47154927,0,1,unassigned,21.0,21.0,0.0,1.0,0.0,0.0,0.036750484,0.0,0,0,0,0,0
10055,1,0,8.887461,0.99986184,1,0,val,31.0,28.0,3.0,0.9032258,0.09677419,0.09677422,0.056092843,0.0054283394,0,0,1,1,1
10056,-1,0,4.0528445,0.9829238,1,1,unassigned,9.0,9.0,0.0,1.0,0.0,0.0,0.013539651,0.0,0,0,0,1,1
10057,0,0,0.4152251,0.6023401,1,1,val,5.0,3.0,2.0,0.6,0.4,0.39999998,0.0058027077,0.002321083,0,0,0,1,0
10058,-1,0,8.029377,0.9996743,1,1,unassigned,11.0,10.0,1.0,0.90909094,0.09090909,0.090909064,0.017408123,0.0015825568,0,0,0,1,1
10059,-1,0,3.6285956,0.97413343,1,1,unassigned,4.0,4.0,0.0,1.0,0.0,0.0,0.003868472,0.0,0,0,0,1,1
10060,-1,1,10.500551,0.99997246,1,1,unassigned,2.0,2.0,0.0,1.0,0.0,0.0,0.0,0.0,1,0,0,1,1
10061,-1,0,2.1736238,0.89785576,1,1,unassigned,18.0,17.0,1.0,0.9444444,0.055555556,0.055555582,0.030947777,0.0017193209,0,0,0,1,0
10062,-1,1,2.117922,0.8926329,1,1,unassigned,2.0,2.0,0.0,1.0,0.0,0.0,0.0,0.0,1,0,0,1,0
10063,-1,0,-0.45117724,0.3890809,0,1,unassigned,69.0,67.0,2.0,0.9710145,0.028985508,0.0289855,0.1295938,0.0037563422,0,0,0,0,0
10064,-1,0,3.8363945,0.9788842,1,1,unassigned,6.0,4.0,2.0,0.6666667,0.33333334,0.3333333,0.007736944,0.0025789815,0,0,0,1,1
10065,-1,0,-0.42521194,0.39527026,0,1,unassigned,4.0,4.0,0.0,1.0,0.0,0.0,0.003868472,0.0,0,0,0,0,0
10066,-1,0,-0.098118484,0.47549,0,1,unassigned,19.0,19.0,0.0,1.0,0.0,0.0,0.032882012,0.0,0,0,0,0,0
10067,-1,0,-0.59580755,0.35530347,0,1,unassigned,10.0,9.0,1.0,0.9,0.1,0.100000024,0.015473888,0.0015473888,0,0,0,0,0
10068,-1,0,-0.77614295,0.31515175,0,1,unassigned,22.0,19.0,3.0,0.8636364,0.13636364,0.13636363,0.03868472,0.005275189,0,0,0,0,0
10069,0,0,-0.7989112,0.31025848,0,0,unassigned,19.0,18.0,1.0,0.94736844,0.05263158,0.052631557,0.032882012,0.0017306323,0,0,1,0,0
10070,-1,0,10.914764,0.99998176,1,1,unassigned,3.0,2.0,1.0,0.6666667,0.33333334,0.3333333,0.001934236,0.00064474536,0,0,0,1,1
10071,-1,0,-0.7363765,0.323797,0,1,unassigned,30.0,30.0,0.0,1.0,0.0,0.0,0.054158606,0.0,0,0,0,0,0
10072,0,0,-0.9757222,0.27374142,0,0,train,36.0,35.0,1.0,0.9722222,0.027777778,0.027777791,0.065764025,0.0018267785,0,0,1,0,0
10073,-1,1,-0.7546036,0.31981903,0,1,unassigned,70.0,67.0,3.0,0.95714283,0.042857144,0.04285717,0.13152805,0.0056369165,1,0,0,0,0
10074,-1,0,-0.32318702,0.41989926,0,1,unassigned,25.0,25.0,0.0,1.0,0.0,0.0,0.044487428,0.0,0,0,0,0,0
10075,-1,0,-0.14544076,0.46370378,0,1,unassigned,16.0,16.0,0.0,1.0,0.0,0.0,0.027079303,0.0,0,0,0,0,0
10076,-1,0,-0.06941384,0.48265347,0,1,unassigned,50.0,49.0,1.0,0.98,0.02,0.01999998,0.092843324,0.0018568664,0,0,0,0,0
10077,0,0,-0.06085503,0.48479092,0,0,unassigned,21.0,21.0,0.0,1.0,0.0,0.0,0.036750484,0.0,0,0,1,0,0
10078,-1,0,-0.91820836,0.28532308,0,1,unassigned,52.0,52.0,0.0,1.0,0.0,0.0,0.0967118,0.0,0,0,0,0,0
10079,-1,1,7.072886,0.9991529,1,1,unassigned,34.0,22.0,12.0,0.64705884,0.3529412,0.35294116,0.061895553,0.02184549,1,0,0,1,1
10080,-1,0,-0.86848265,0.29557014,0,1,unassigned,58.0,58.0,0.0,1.0,0.0,0.0,0.10831721,0.0,0,0,0,0,0
10081,-1,0,2.35479,0.91331416,1,1,unassigned,86.0,80.0,6.0,0.9302326,0.069767445,0.069767416,0.16247582,0.011335523,0,0,0,1,1
10082,-1,0,0.36310834,0.58979267,1,1,unassigned,21.0,21.0,0.0,1.0,0.0,0.0,0.036750484,0.0,0,0,0,1,0
10083,-1,0,-0.30061725,0.4254066,0,1,unassigned,17.0,17.0,0.0,1.0,0.0,0.0,0.029013539,0.0,0,0,0,0,0
10084,-1,0,0.23416412,0.558275,1,1,unassigned,11.0,10.0,1.0,0.90909094,0.09090909,0.090909064,0.017408123,0.0015825568,0,0,0,1,0
10085,-1,0,-0.7406248,0.32286754,0,1,unassigned,37.0,35.0,2.0,0.9459459,0.054054055,0.05405408,0.06769826,0.0036593657,0,0,0,0,0
10086,-1,1,3.3715422,0.9668032,1,1,unassigned,15.0,8.0,7.0,0.53333336,0.46666667,0.46666664,0.025145067,0.011734365,1,0,0,1,1
10087,-1,0,3.7413313,0.9768272,1,1,unassigned,2.0,2.0,0.0,1.0,0.0,0.0,0.0,0.0,0,0,0,1,1
10088,1,0,0.11982423,0.5299203,1,0,test,26.0,26.0,0.0,1.0,0.0,0.0,0.046421662,0.0,0,0,1,1,0
10089,1,0,4.6714053,0.99072766,1,0,unassigned,3.0,3.0,0.0,1.0,0.0,0.0,0.001934236,0.0,0,0,1,1,1
10090,1,0,-0.740607,0.32287145,0,1,unassigned,6.0,6.0,0.0,1.0,0.0,0.0,0.007736944,0.0,0,0,0,0,0
10091,-1,1,3.3623478,0.9665069,1,1,unassigned,12.0,10.0,2.0,0.8333333,0.16666667,0.16666669,0.01934236,0.0032237265,1,0,0,1,1
10092,-1,0,5.911012,0.99729794,1,1,unassigned,2.0,2.0,0.0,1.0,0.0,0.0,0.0,0.0,0,0,0,1,1
10093,-1,0,2.635565,0.9331158,1,1,unassigned,2.0,2.0,0.0,1.0,0.0,0.0,0.0,0.0,0,0,0,1,1
10094,-1,0,-0.8059332,0.30875778,0,1,unassigned,17.0,14.0,3.0,0.8235294,0.1764706,0.17647058,0.029013539,0.005120036,0,0,0,0,0
10095,-1,1,4.110826,0.9838702,1,1,unassigned,4.0,4.0,0.0,1.0,0.0,0.0,0.003868472,0.0,1,0,0,1,1
10096,-1,1,0.8171094,0.69362235,1,1,unassigned,2.0,2.0,0.0,1.0,0.0,0.0,0.0,0.0,1,0,0,1,0
10097,-1,0,-0.6976377,0.3323362,0,1,unassigned,27.0,27.0,0.0,1.0,0.0,0.0,0.0483559,0.0,0,0,0,0,0
10098,-1,0,-0.91485405,0.28600758,0,1,unassigned,56.0,55.0,1.0,0.98214287,0.017857144,0.017857134,0.10444874,0.0018651562,0,0,0,0,0
10099,-1,0,-0.79152274,0.3118418,0,1,unassigned,50.0,50.0,0.0,1.0,0.0,0.0,0.092843324,0.0,0,0,0,0,0
10100,-1,0,-0.9209162,0.28477123,0,1,unassigned,85.0,84.0,1.0,0.9882353,0.011764706,0.011764705,0.16054158,0.0018887245,0,0,0,0,0
10101,1,0,1.8477576,0.8638636,1,0,unassigned,36.0,36.0,0.0,1.0,0.0,0.0,0.065764025,0.0,0,0,1,1,0
10102,-1,1,0.6150871,0.64910036,1,1,unassigned,4.0,4.0,0.0,1.0,0.0,0.0,0.003868472,0.0,1,0,0,1,0
10103,-1,0,-0.7461683,0.32165676,0,1,unassigned,129.0,129.0,0.0,1.0,0.0,0.0,0.24564797,0.0,0,0,0,0,0
10104,-1,0,2.4519522,0.9207041,1,1,unassigned,7.0,6.0,1.0,0.85714287,0.14285715,0.14285713,0.00967118,0.0013815971,0,0,0,1,1
10105,-1,0,1.6637394,0.84073937,1,1,unassigned,10.0,8.0,2.0,0.8,0.2,0.19999999,0.015473888,0.0030947777,0,0,0,1,0
10106,-1,0,-0.8172023,0.30635786,0,1,unassigned,56.0,51.0,5.0,0.91071427,0.08928572,0.08928573,0.10444874,0.009325781,0,0,0,0,0
10107,-1,0,0.35497838,0.5878243,1,1,unassigned,47.0,47.0,0.0,1.0,0.0,0.0,0.08704062,0.0,0,0,0,1,0
10108,-1,0,4.627086,0.9903115,1,1,unassigned,3.0,3.0,0.0,1.0,0.0,0.0,0.001934236,0.0,0,0,0,1,1
10109,-1,0,-0.102457434,0.47440803,0,1,unassigned,40.0,40.0,0.0,1.0,0.0,0.0,0.07350097,0.0,0,0,0,0,0
10110,-1,1,1.6918061,0.8444615,1,1,unassigned,30.0,25.0,5.0,0.8333333,0.16666667,0.16666669,0.054158606,0.009026434,1,0,0,1,0
10111,-1,0,0.5975414,0.6450936,1,1,unassigned,10.0,10.0,0.0,1.0,0.0,0.0,0.015473888,0.0,0,0,0,1,0
10112,-1,0,1.0130777,0.7336221,1,1,unassigned,6.0,6.0,0.0,1.0,0.0,0.0,0.007736944,0.0,0,0,0,1,0
10113,-1,0,0.8032972,0.6906794,1,1,unassigned,58.0,56.0,2.0,0.9655172,0.03448276,0.034482777,0.10831721,0.0037350762,0,0,0,1,0
10114,-1,0,0.3070495,0.5761649,1,1,unassigned,4.0,4.0,0.0,1.0,0.0,0.0,0.003868472,0.0,0,0,0,1,0
10115,-1,0,6.3049235,0.9981761,1,1,unassigned,22.0,18.0,4.0,0.8181818,0.18181819,0.18181819,0.03868472,0.0070335856,0,0,0,1,1
10116,1,0,-0.24204856,0.43978155,0,1,unassigned,40.0,39.0,1.0,0.975,0.025,0.024999976,0.07350097,0.0018375242,0,0,0,0,0
10117,-1,0,-0.75694895,0.31930906,0,1,unassigned,32.0,32.0,0.0,1.0,0.0,0.0,0.058027077,0.0,0,0,0,0,0
10118,-1,0,-0.8333735,0.30293223,0,1,unassigned,67.0,65.0,2.0,0.9701493,0.029850746,0.029850721,0.12572534,0.0037529953,0,0,0,0,0
10119,-1,0,0.93001014,0.7170773,1,1,unassigned,20.0,19.0,1.0,0.95,0.05,0.050000012,0.034816246,0.0017408123,0,0,0,1,0
10120,1,0,0.7959983,0.68911785,1,0,val,15.0,15.0,0.0,1.0,0.0,0.0,0.025145067,0.0,0,0,1,1,0
10121,-1,0,-0.7106145,0.32946306,0,1,unassigned,28.0,26.0,2.0,0.9285714,0.071428575,0.0714286,0.050290134,0.0035921526,0,0,0,0,0
10122,-1,0,-0.41305643,0.39817947,0,1,unassigned,15.0,15.0,0.0,1.0,0.0,0.0,0.025145067,0.0,0,0,0,0,0
10123,-1,1,3.3396313,0.9657637,1,1,unassigned,7.0,7.0,0.0,1.0,0.0,0.0,0.00967118,0.0,1,0,0,1,1
10124,0,0,-0.20389009,0.4492033,0,0,train,3.0,3.0,0.0,1.0,0.0,0.0,0.001934236,0.0,0,0,1,0,0
10125,-1,0,-0.21692562,0.44598022,0,1,unassigned,2.0,1.0,1.0,0.5,0.5,0.5,0.0,0.0,0,0,0,0,0
10126,1,0,-0.86638105,0.2960079,0,1,val,22.0,22.0,0.0,1.0,0.0,0.0,0.03868472,0.0,0,0,0,0,0
10127,-1,0,-0.7923208,0.31167054,0,1,unassigned,2.0,2.0,0.0,1.0,0.0,0.0,0.0,0.0,0,0,0,0,0
10128,-1,0,-0.49843836,0.37790772,0,1,unassigned,14.0,4.0,10.0,0.2857143,0.71428573,0.71428573,0.023210831,0.016579166,0,0,0,0,0
10129,-1,0,-0.36282128,0.41027677,0,1,unassigned,59.0,59.0,0.0,1.0,0.0,0.0,0.11025145,0.0,0,0,0,0,0
10130,-1,1,0.50387317,0.6233691,1,1,unassigned,3.0,3.0,0.0,1.0,0.0,0.0,0.001934236,0.0,1,0,0,1,0
10131,-1,0,-0.36150894,0.4105943,0,1,unassigned,40.0,37.0,3.0,0.925,0.075,0.07499999,0.07350097,0.005512573,0,0,0,0,0
10132,-1,0,-0.7899116,0.31218764,0,1,unassigned,15.0,15.0,0.0,1.0,0.0,0.0,0.025145067,0.0,0,0,0,0,0
10133,-1,1,-0.21202219,0.44719213,0,1,unassigned,13.0,13.0,0.0,1.0,0.0,0.0,0.021276595,0.0,1,0,0,0,0
10134,-1,1,0.821515,0.69455785,1,1,unassigned,13.0,13.0,0.0,1.0,0.0,0.0,0.021276595,0.0,1,0,0,1,0
10135,-1,0,-0.28898472,0.42825243,0,1,unassigned,21.0,21.0,0.0,1.0,0.0,0.0,0.036750484,0.0,0,0,0,0,0
10136,-1,0,0.7055643,0.6694203,1,1,unassigned,5.0,5.0,0.0,1.0,0.0,0.0,0.0058027077,0.0,0,0,0,1,0
10137,-1,1,0.88723665,0.70831954,1,1,unassigned,3.0,3.0,0.0,1.0,0.0,0.0,0.001934236,0.0,1,0,0,1,0
10138,-1,0,4.6630616,0.99065065,1,1,unassigned,6.0,6.0,0.0,1.0,0.0,0.0,0.007736944,0.0,0,0,0,1,1
10139,-1,0,1.4142044,0.8044282,1,1,unassigned,3.0,3.0,0.0,1.0,0.0,0.0,0.001934236,0.0,0,0,0,1,0
10140,-1,0,-0.28409934,0.42944905,0,1,unassigned,6.0,6.0,0.0,1.0,0.0,0.0,0.007736944,0.0,0,0,0,0,0
10141,-1,0,35.54612,1.0,1,1,unassigned,90.0,90.0,0.0,1.0,0.0,0.0,0.17021276,0.0,0,0,0,1,1
10142,-1,0,1.0267215,0.7362798,1,1,unassigned,2.0,2.0,0.0,1.0,0.0,0.0,0.0,0.0,0,0,0,1,0
10143,-1,0,11.2146,0.9999865,1,1,unassigned,3.0,3.0,0.0,1.0,0.0,0.0,0.001934236,0.0,0,0,0,1,1
10144,-1,1,-0.58308727,0.3582225,0,1,unassigned,2.0,2.0,0.0,1.0,0.0,0.0,0.0,0.0,1,0,0,0,0
10145,-1,1,1.5992205,0.8319094,1,1,unassigned,9.0,6.0,3.0,0.6666667,0.33333334,0.3333333,0.013539651,0.004513217,1,0,0,1,0
10146,-1,0,1.4848738,0.8153076,1,1,unassigned,11.0,11.0,0.0,1.0,0.0,0.0,0.017408123,0.0,0,0,0,1,0
10147,-1,0,2.2895238,0.9080057,1,1,unassigned,5.0,3.0,2.0,0.6,0.4,0.39999998,0.0058027077,0.002321083,0,0,0,1,1
10148,-1,0,1.2896934,0.7840953,1,1,unassigned,2.0,2.0,0.0,1.0,0.0,0.0,0.0,0.0,0,0,0,1,0
10149,-1,0,-0.64938116,0.343129,0,1,unassigned,41.0,41.0,0.0,1.0,0.0,0.0,0.07543521,0.0,0,0,0,0,0
10150,0,0,-0.9764001,0.27360666,0,0,unassigned,6.0,6.0,0.0,1.0,0.0,0.0,0.007736944,0.0,0,0,1,0,0
10151,-1,0,-0.85710025,0.29794556,0,1,unassigned,12.0,12.0,0.0,1.0,0.0,0.0,0.01934236,0.0,0,0,0,0,0
10152,-1,0,2.3673093,0.91430026,1,1,unassigned,8.0,8.0,0.0,1.0,0.0,0.0,0.0116054155,0.0,0,0,0,1,1
10153,1,0,0.376826,0.59310734,1,0,unassigned,15.0,13.0,2.0,0.8666667,0.13333334,0.13333333,0.025145067,0.0033526758,0,0,1,1,0
10154,-1,1,-0.91470456,0.2860381,0,1,unassigned,42.0,33.0,9.0,0.78571427,0.21428572,0.21428573,0.07736944,0.016579166,1,0,0,0,0
10155,0,0,-0.5018933,0.37709585,0,0,unassigned,20.0,20.0,0.0,1.0,0.0,0.0,0.034816246,0.0,0,0,1,0,0
10156,-1,0,-0.50420153,0.3765538,0,1,unassigned,106.0,104.0,2.0,0.9811321,0.018867925,0.01886791,0.20116054,0.0037954818,0,0,0,0,0
10157,-1,0,-0.89300287,0.2904905,0,1,unassigned,93.0,93.0,0.0,1.0,0.0,0.0,0.17601547,0.0,0,0,0,0,0
10158,-1,0,-0.45722094,0.3876453,0,1,unassigned,17.0,16.0,1.0,0.9411765,0.05882353,0.058823526,0.029013539,0.0017066788,0,0,0,0,0
10159,-1,0,-0.35798514,0.41144738,0,1,unassigned,3.0,3.0,0.0,1.0,0.0,0.0,0.001934236,0.0,0,0,0,0,0
10160,-1,0,0.50983125,0.62476695,1,1,unassigned,33.0,32.0,1.0,0.969697,0.030303031,0.030303001,0.059961315,0.0018170096,0,0,0,1,0
10161,-1,0,0.5363248,0.63095707,1,1,unassigned,20.0,20.0,0.0,1.0,0.0,0.0,0.034816246,0.0,0,0,0,1,0
10162,-1,0,6.0579886,0.99766636,1,1,unassigned,3.0,3.0,0.0,1.0,0.0,0.0,0.001934236,0.0,0,0,0,1,1
10163,-1,0,0.9903849,0.72916394,1,1,unassigned,33.0,33.0,0.0,1.0,0.0,0.0,0.059961315,0.0,0,0,0,1,0
10164,-1,0,0.41443604,0.60215104,1,1,unassigned,7.0,7.0,0.0,1.0,0.0,0.0,0.00967118,0.0,0,0,0,1,0
10165,-1,0,-0.6159726,0.350698,0,1,unassigned,48.0,45.0,3.0,0.9375,0.0625,0.0625,0.088974856,0.0055609285,0,0,0,0,0
10166,1,0,-0.68255484,0.33569133,0,1,test,51.0,51.0,0.0,1.0,0.0,0.0,0.09477756,0.0,0,0,0,0,0
10167,1,0,0.5943964,0.64437324,1,0,unassigned,25.0,23.0,2.0,0.92,0.08,0.07999998,0.044487428,0.003558994,0,0,1,1,0
10168,-1,0,0.20758122,0.5517098,1,1,unassigned,60.0,60.0,0.0,1.0,0.0,0.0,0.11218569,0.0,0,0,0,1,0
10169,-1,0,-0.7549205,0.31975007,0,1,unassigned,64.0,63.0,1.0,0.984375,0.015625,0.015625,0.11992263,0.0018737911,0,0,0,0,0
10170,-1,0,2.7302463,0.938788,1,1,unassigned,64.0,58.0,6.0,0.90625,0.09375,0.09375,0.11992263,0.011242746,0,0,0,1,1
10171,-1,0,-0.54922724,0.36604372,0,1,unassigned,2.0,2.0,0.0,1.0,0.0,0.0,0.0,0.0,0,0,0,0,0
10172,1,0,0.055805564,0.5139478,1,0,test,7.0,7.0,0.0,1.0,0.0,0.0,0.00967118,0.0,0,0,1,1,0
10173,-1,0,0.6375937,0.6542093,1,1,unassigned,22.0,21.0,1.0,0.95454544,0.045454547,0.04545456,0.03868472,0.0017583964,0,0,0,1,0
10174,-1,0,5.480165,0.99584866,1,1,unassigned,54.0,46.0,8.0,0.8518519,0.14814815,0.14814812,0.10058027,0.01490078,0,0,0,1,1
10175,-1,0,-0.28703478,0.42872998,0,1,unassigned,2.0,2.0,0.0,1.0,0.0,0.0,0.0,0.0,0,0,0,0,0
10176,-1,0,4.105943,0.98379254,1,1,unassigned,3.0,3.0,0.0,1.0,0.0,0.0,0.001934236,0.0,0,0,0,1,1
10177,-1,0,1.7831066,0.85608,1,1,unassigned,3.0,2.0,1.0,0.6666667,0.33333334,0.3333333,0.001934236,0.00064474536,0,0,0,1,0
10178,-1,0,-0.51202685,0.3747185,0,1,unassigned,61.0,22.0,39.0,0.36065573,0.6393443,0.6393443,0.114119925,0.07296192,0,0,0,0,0
10179,-1,0,0.50181884,0.62288666,1,1,unassigned,38.0,37.0,1.0,0.9736842,0.02631579,0.026315808,0.06963249,0.0018324341,0,0,0,1,0
10180,-1,0,-0.7216497,0.3270298,0,1,unassigned,78.0,75.0,3.0,0.96153843,0.03846154,0.038461566,0.14700194,0.005653921,0,0,0,0,0
10181,-1,1,-0.24319828,0.43949834,0,1,unassigned,31.0,16.0,15.0,0.516129,0.48387095,0.48387098,0.056092843,0.027141698,1,0,0,0,0
10182,-1,0,0.44357342,0.6091102,1,1,unassigned,8.0,8.0,0.0,1.0,0.0,0.0,0.0116054155,0.0,0,0,0,1,0
10183,-1,0,-0.5379668,0.36866066,0,1,unassigned,176.0,175.0,1.0,0.9943182,0.0056818184,0.0056818128,0.33655706,0.0019122561,0,0,0,0,0
10184,-1,0,0.9089624,0.7127878,1,1,unassigned,2.0,2.0,0.0,1.0,0.0,0.0,0.0,0.0,0,0,0,1,0
10185,-1,0,2.3589375,0.91364205,1,1,unassigned,15.0,12.0,3.0,0.8,0.2,0.19999999,0.025145067,0.0050290134,0,0,0,1,1
10186,-1,0,-0.57709867,0.35960042,0,1,unassigned,13.0,12.0,1.0,0.9230769,0.07692308,0.07692307,0.021276595,0.0016366612,0,0,0,0,0
10187,-1,0,3.9263952,0.9806666,1,1,unassigned,19.0,16.0,3.0,0.84210527,0.15789473,0.15789473,0.032882012,0.0051918966,0,0,0,1,1
10188,-1,0,2.0082593,0.8816615,1,1,unassigned,5.0,5.0,0.0,1.0,0.0,0.0,0.0058027077,0.0,0,0,0,1,0
10189,-1,0,-0.2621456,0.43483636,0,1,unassigned,26.0,26.0,0.0,1.0,0.0,0.0,0.046421662,0.0,0,0,0,0,0
10190,-1,0,-0.7805857,0.31419367,0,1,unassigned,93.0,92.0,1.0,0.9892473,0.010752688,0.010752678,0.17601547,0.0018926394,0,0,0,0,0
10191,0,0,-0.24983662,0.4378637,0,0,val,44.0,44.0,0.0,1.0,0.0,0.0,0.08123791,0.0,0,0,1,0,0
10192,-1,0,-0.56774163,0.3617581,0,1,unassigned,70.0,70.0,0.0,1.0,0.0,0.0,0.13152805,0.0,0,0,0,0,0
10193,-1,1,-0.12386179,0.4690741,0,1,unassigned,18.0,17.0,1.0,0.9444444,0.055555556,0.055555582,0.030947777,0.0017193209,1,0,0,0,0
10194,-1,1,0.9346699,0.71802175,1,1,unassigned,19.0,19.0,0.0,1.0,0.0,0.0,0.032882012,0.0,1,0,0,1,0
10195,-1,0,2.350025,0.91293615,1,1,unassigned,3.0,3.0,0.0,1.0,0.0,0.0,0.001934236,0.0,0,0,0,1,1
10196,0,0,-0.29727778,0.42622307,0,0,train,21.0,21.0,0.0,1.0,0.0,0.0,0.036750484,0.0,0,0,1,0,0
10197,-1,0,-0.5094767,0.37531623,0,1,unassigned,7.0,6.0,1.0,0.85714287,0.14285715,0.14285713,0.00967118,0.0013815971,0,0,0,0,0
10198,-1,0,-0.028876603,0.49278134,0,1,unassigned,2.0,2.0,0.0,1.0,0.0,0.0,0.0,0.0,0,0,0,0,0
10199,-1,0,2.4004607,0.9168624,1,1,unassigned,42.0,38.0,4.0,0.9047619,0.0952381,0.09523809,0.07736944,0.007368518,0,0,0,1,1
10200,-1,0,0.273628,0.5679833,1,1,unassigned,6.0,5.0,1.0,0.8333333,0.16666667,0.16666669,0.007736944,0.0012894907,0,0,0,1,0
10201,-1,1,1.715101,0.8474967,1,1,unassigned,5.0,4.0,1.0,0.8,0.2,0.19999999,0.0058027077,0.0011605415,1,0,0,1,0
10202,-1,1,-0.382668,0.40548354,0,1,unassigned,33.0,30.0,3.0,0.90909094,0.09090909,0.090909064,0.059961315,0.0054510287,1,0,0,0,0
10203,-1,0,-0.72281545,0.32677332,0,1,unassigned,34.0,34.0,0.0,1.0,0.0,0.0,0.061895553,0.0,0,0,0,0,0
10204,1,0,3.7069447,0.9760359,1,0,test,4.0,4.0,0.0,1.0,0.0,0.0,0.003868472,0.0,0,0,1,1,1
10205,-1,0,-0.86034846,0.29726657,0,1,unassigned,64.0,64.0,0.0,1.0,0.0,0.0,0.11992263,0.0,0,0,0,0,0
10206,-1,0,-0.14725709,0.4632521,0,1,unassigned,48.0,46.0,2.0,0.9583333,0.041666668,0.041666687,0.088974856,0.0037072857,0,0,0,0,0
10207,0,0,-0.43248937,0.39353207,0,0,unassigned,57.0,57.0,0.0,1.0,0.0,0.0,0.10638298,0.0,0,0,1,0,0
10208,-1,0,2.2459214,0.9042982,1,1,unassigned,8.0,8.0,0.0,1.0,0.0,0.0,0.0116054155,0.0,0,0,0,1,1
10209,-1,1,4.101434,0.98372054,1,1,unassigned,11.0,11.0,0.0,1.0,0.0,0.0,0.017408123,0.0,1,0,0,1,1
10210,-1,0,3.8824608,0.9798157,1,1,unassigned,2.0,2.0,0.0,1.0,0.0,0.0,0.0,0.0,0,0,0,1,1
10211,-1,0,-0.45226604,0.38882214,0,1,unassigned,22.0,20.0,2.0,0.90909094,0.09090909,0.090909064,0.03868472,0.0035167928,0,0,0,0,0
10212,-1,1,0.16800159,0.5419019,1,1,unassigned,7.0,7.0,0.0,1.0,0.0,0.0,0.00967118,0.0,1,0,0,1,0
10213,-1,1,1.4462869,0.8094263,1,1,unassigned,26.0,26.0,0.0,1.0,0.0,0.0,0.046421662,0.0,1,0,0,1,0
10214,-1,0,-0.85251915,0.2989047,0,1,unassigned,78.0,77.0,1.0,0.98717946,0.012820513,0.012820542,0.14700194,0.0018846402,0,0,0,0,0
10215,-1,1,2.4058623,0.9172733,1,1,unassigned,15.0,15.0,0.0,1.0,0.0,0.0,0.025145067,0.0,1,0,0,1,1
10216,0,0,-0.7033279,0.33107477,0,0,test,120.0,120.0,0.0,1.0,0.0,0.0,0.22823985,0.0,0,0,1,0,0
10217,-1,0,-0.5655303,0.36226884,0,1,unassigned,83.0,83.0,0.0,1.0,0.0,0.0,0.15667312,0.0,0,0,0,0,0
10218,-1,0,-0.12719521,0.468244,0,1,unassigned,6.0,6.0,0.0,1.0,0.0,0.0,0.007736944,0.0,0,0,0,0,0
10219,-1,0,1.015379,0.7340715,1,1,unassigned,59.0,57.0,2.0,0.9661017,0.033898305,0.033898294,0.11025145,0.0037373372,0,0,0,1,0
10220,1,0,1.105643,0.75131595,1,0,unassigned,44.0,42.0,2.0,0.95454544,0.045454547,0.04545456,0.08123791,0.0036926325,0,0,1,1,0
10221,1,0,-0.8016024,0.30968285,0,1,unassigned,51.0,51.0,0.0,1.0,0.0,0.0,0.09477756,0.0,0,0,0,0,0
10222,-1,0,-0.923946,0.28415456,0,1,unassigned,43.0,42.0,1.0,0.9767442,0.023255814,0.023255825,0.079303674,0.0018442714,0,0,0,0,0
10223,-1,0,-0.79103553,0.31194636,0,1,unassigned,41.0,40.0,1.0,0.9756098,0.024390243,0.02439022,0.07543521,0.001839883,0,0,0,0,0
10224,-1,1,5.220656,0.9946253,1,1,unassigned,2.0,2.0,0.0,1.0,0.0,0.0,0.0,0.0,1,0,0,1,1
10225,-1,0,4.2629056,0.98611414,1,1,unassigned,2.0,2.0,0.0,1.0,0.0,0.0,0.0,0.0,0,0,0,1,1
10226,-1,0,0.15109676,0.53770244,1,1,unassigned,14.0,14.0,0.0,1.0,0.0,0.0,0.023210831,0.0,0,0,0,1,0
10227,1,0,-0.57277924,0.3605958,0,1,val,25.0,24.0,1.0,0.96,0.04,0.04000002,0.044487428,0.001779497,0,0,0,0,0
10228,-1,0,1.1991181,0.7683679,1,1,unassigned,42.0,40.0,2.0,0.95238096,0.04761905,0.047619045,0.07736944,0.003684259,0,0,0,1,0
10229,-1,0,3.7413313,0.9768272,1,1,unassigned,2.0,2.0,0.0,1.0,0.0,0.0,0.0,0.0,0,0,0,1,1
10230,-1,0,1.4791851,0.8144495,1,1,unassigned,6.0,6.0,0.0,1.0,0.0,0.0,0.007736944,0.0,0,0,0,1,0
10231,-1,0,2.5035875,0.92439294,1,1,unassigned,122.0,121.0,1.0,0.9918033,0.008196721,0.008196712,0.23210831,0.0019025271,0,0,0,1,1
10232,-1,0,1.1997511,0.76848054,1,1,unassigned,15.0,15.0,0.0,1.0,0.0,0.0,0.025145067,0.0,0,0,0,1,0
10233,1,1,-0.8294678,0.3037576,0,1,val,4.0,4.0,0.0,1.0,0.0,0.0,0.003868472,0.0,1,0,0,0,0
10234,-1,0,0.68824404,0.66557616,1,1,unassigned,3.0,3.0,0.0,1.0,0.0,0.0,0.001934236,0.0,0,0,0,1,0
10235,-1,0,2.4189484,0.9182609,1,1,unassigned,3.0,3.0,0.0,1.0,0.0,0.0,0.001934236,0.0,0,0,0,1,1
10236,-1,0,4.569498,0.9897432,1,1,unassigned,2.0,2.0,0.0,1.0,0.0,0.0,0.0,0.0,0,0,0,1,1
10237,-1,0,4.3028784,0.98665106,1,1,unassigned,4.0,4.0,0.0,1.0,0.0,0.0,0.003868472,0.0,0,0,0,1,1
10238,-1,0,-0.5151758,0.37398097,0,1,unassigned,3.0,3.0,0.0,1.0,0.0,0.0,0.001934236,0.0,0,0,0,0,0
10239,-1,0,4.7073174,0.99105185,1,1,unassigned,16.0,15.0,1.0,0.9375,0.0625,0.0625,0.027079303,0.0016924564,0,0,0,1,1
10240,-1,0,3.8824608,0.9798157,1,1,unassigned,2.0,2.0,0.0,1.0,0.0,0.0,0.0,0.0,0,0,0,1,1
10241,-1,0,0.20140201,0.550181,1,1,unassigned,60.0,58.0,2.0,0.96666664,0.033333335,0.03333336,0.11218569,0.003739523,0,0,0,1,0
10242,-1,0,3.8824608,0.9798157,1,1,unassigned,2.0,2.0,0.0,1.0,0.0,0.0,0.0,0.0,0,0,0,1,1
10243,-1,0,-0.37332895,0.40773687,0,1,unassigned,58.0,57.0,1.0,0.98275864,0.01724138,0.017241359,0.10831721,0.0018675381,0,0,0,0,0
10244,-1,0,-0.6224244,0.34923026,0,1,unassigned,2.0,2.0,0.0,1.0,0.0,0.0,0.0,0.0,0,0,0,0,0
10245,-1,0,-0.1606381,0.4599266,0,1,unassigned,23.0,22.0,1.0,0.95652175,0.04347826,0.04347825,0.040618956,0.0017660416,0,0,0,0,0
10246,-1,0,1.2258306,0.77308804,1,1,unassigned,2.0,2.0,0.0,1.0,0.0,0.0,0.0,0.0,0,0,0,1,0
10247,-1,0,3.1346445,0.9582994,1,1,unassigned,4.0,4.0,0.0,1.0,0.0,0.0,0.003868472,0.0,0,0,0,1,1
10248,-1,0,3.8824608,0.9798157,1,1,unassigned,2.0,2.0,0.0,1.0,0.0,0.0,0.0,0.0,0,0,0,1,1
10249,-1,0,4.4030623,0.9879082,1,1,unassigned,2.0,2.0,0.0,1.0,0.0,0.0,0.0,0.0,0,0,0,1,1
10250,-1,0,-0.37544203,0.4072267,0,1,unassigned,10.0,10.0,0.0,1.0,0.0,0.0,0.015473888,0.0,0,0,0,0,0
10251,-1,0,3.8824608,0.9798157,1,1,unassigned,2.0,2.0,0.0,1.0,0.0,0.0,0.0,0.0,0,0,0,1,1
10252,-1,0,3.7413313,0.9768272,1,1,unassigned,2.0,2.0,0.0,1.0,0.0,0.0,0.0,0.0,0,0,0,1,1
10253,-1,0,3.7413313,0.9768272,1,1,unassigned,2.0,2.0,0.0,1.0,0.0,0.0,0.0,0.0,0,0,0,1,1
10254,-1,0,0.22518808,0.5560603,1,1,unassigned,4.0,2.0,2.0,0.5,0.5,0.5,0.003868472,0.001934236,0,0,0,1,0
10255,-1,0,3.8824608,0.9798157,1,1,unassigned,2.0,2.0,0.0,1.0,0.0,0.0,0.0,0.0,0,0,0,1,1
10256,-1,0,3.7413313,0.9768272,1,1,unassigned,2.0,2.0,0.0,1.0,0.0,0.0,0.0,0.0,0,0,0,1,1
10257,-1,0,3.8824608,0.9798157,1,1,unassigned,2.0,2.0,0.0,1.0,0.0,0.0,0.0,0.0,0,0,0,1,1
10258,-1,0,3.2909386,0.96411663,1,1,unassigned,3.0,2.0,1.0,0.6666667,0.33333334,0.3333333,0.001934236,0.00064474536,0,0,0,1,1
10259,-1,0,3.9796698,0.9816512,1,1,unassigned,2.0,2.0,0.0,1.0,0.0,0.0,0.0,0.0,0,0,0,1,1
10260,-1,0,-0.55893445,0.36379403,0,1,unassigned,46.0,46.0,0.0,1.0,0.0,0.0,0.08510638,0.0,0,0,0,0,0
10261,-1,0,3.8824608,0.9798157,1,1,unassigned,2.0,2.0,0.0,1.0,0.0,0.0,0.0,0.0,0,0,0,1,1
10262,-1,0,3.575,0.9727481,1,1,unassigned,3.0,3.0,0.0,1.0,0.0,0.0,0.001934236,0.0,0,0,0,1,1
10263,-1,0,0.8843201,0.70771664,1,1,unassigned,5.0,2.0,3.0,0.4,0.6,0.6,0.0058027077,0.0034816249,0,0,0,1,0
10264,-1,0,3.7413313,0.9768272,1,1,unassigned,2.0,2.0,0.0,1.0,0.0,0.0,0.0,0.0,0,0,0,1,1
10265,-1,0,3.8824608,0.9798157,1,1,unassigned,2.0,2.0,0.0,1.0,0.0,0.0,0.0,0.0,0,0,0,1,1
10266,-1,0,3.8824608,0.9798157,1,1,unassigned,2.0,2.0,0.0,1.0,0.0,0.0,0.0,0.0,0,0,0,1,1
10267,-1,0,-0.43816054,0.39217934,0,1,unassigned,31.0,24.0,7.0,0.7741935,0.22580644,0.22580647,0.056092843,0.012666126,0,0,0,0,0
10268,-1,0,-0.21868771,0.44554496,0,1,unassigned,38.0,34.0,4.0,0.8947368,0.10526316,0.10526317,0.06963249,0.0073297364,0,0,0,0,0
10269,-1,1,-0.09053734,0.47738114,0,1,unassigned,9.0,9.0,0.0,1.0,0.0,0.0,0.013539651,0.0,1,0,0,0,0
10270,0,0,-0.8381932,0.30191547,0,0,test,14.0,12.0,2.0,0.85714287,0.14285715,0.14285713,0.023210831,0.0033158332,0,0,1,0,0
10271,-1,1,3.4383657,0.96888226,1,1,unassigned,15.0,15.0,0.0,1.0,0.0,0.0,0.025145067,0.0,1,0,0,1,1
10272,-1,1,1.4347837,0.8076456,1,1,unassigned,2.0,2.0,0.0,1.0,0.0,0.0,0.0,0.0,1,0,0,1,0
10273,-1,1,-0.40495524,0.40012237,0,1,unassigned,44.0,43.0,1.0,0.97727275,0.022727273,0.022727251,0.08123791,0.0018463163,1,0,0,0,0
10274,1,1,1.0944576,0.7492202,1,0,unassigned,17.0,17.0,0.0,1.0,0.0,0.0,0.029013539,0.0,1,0,1,1,0
10275,-1,1,-0.33337376,0.41741997,0,1,unassigned,27.0,19.0,8.0,0.7037037,0.2962963,0.2962963,0.0483559,0.014327674,1,0,0,0,0
10276,-1,0,-0.4098554,0.3989468,0,1,unassigned,22.0,3.0,19.0,0.13636364,0.8636364,0.8636364,0.03868472,0.03340953,0,0,0,0,0
10277,-1,0,12.167866,0.99999475,1,1,unassigned,2.0,1.0,1.0,0.5,0.5,0.5,0.0,0.0,0,0,0,1,1
10278,-1,1,2.0121515,0.882067,1,1,unassigned,4.0,4.0,0.0,1.0,0.0,0.0,0.003868472,0.0,1,0,0,1,0
10279,-1,1,0.01688832,0.504222,1,1,unassigned,89.0,59.0,30.0,0.66292137,0.33707866,0.33707863,0.16827853,0.056723103,1,0,0,1,0
10280,-1,1,-0.5576762,0.36408532,0,1,unassigned,86.0,71.0,15.0,0.8255814,0.1744186,0.17441863,0.16247582,0.028338805,1,0,0,0,0
10281,-1,0,1.9670539,0.87729436,1,1,unassigned,32.0,22.0,10.0,0.6875,0.3125,0.3125,0.058027077,0.018133461,0,0,0,1,0
10282,-1,0,0.036598623,0.5091486,1,1,unassigned,29.0,28.0,1.0,0.9655172,0.03448276,0.034482777,0.05222437,0.0018008404,0,0,0,1,0
10283,-1,0,1.5098588,0.8190403,1,1,unassigned,26.0,26.0,0.0,1.0,0.0,0.0,0.046421662,0.0,0,0,0,1,0
10284,-1,0,0.20856375,0.5519527,1,1,unassigned,118.0,117.0,1.0,0.9915254,0.008474576,0.008474588,0.22437137,0.0019014523,0,0,0,1,0
10285,-1,0,-0.16925216,0.4577877,0,1,unassigned,81.0,78.0,3.0,0.962963,0.037037037,0.037037015,0.15280464,0.005659431,0,0,0,0,0
10286,-1,1,4.4249263,0.98816663,1,1,unassigned,6.0,5.0,1.0,0.8333333,0.16666667,0.16666669,0.007736944,0.0012894907,1,0,0,1,1
10287,-1,0,0.5177162,0.6266136,1,1,unassigned,4.0,4.0,0.0,1.0,0.0,0.0,0.003868472,0.0,0,0,0,1,0
10288,-1,1,0.69692904,0.6675065,1,1,unassigned,17.0,16.0,1.0,0.9411765,0.05882353,0.058823526,0.029013539,0.0017066788,1,0,0,1,0
10289,1,0,3.8017752,0.9781567,1,0,unassigned,2.0,2.0,0.0,1.0,0.0,0.0,0.0,0.0,0,0,1,1,1
10290,-1,0,-0.11279252,0.47183174,0,1,unassigned,2.0,2.0,0.0,1.0,0.0,0.0,0.0,0.0,0,0,0,0,0
10291,-1,0,0.09345585,0.52334696,1,1,unassigned,12.0,12.0,0.0,1.0,0.0,0.0,0.01934236,0.0,0,0,0,1,0
10292,-1,0,0.4926048,0.62071985,1,1,unassigned,8.0,7.0,1.0,0.875,0.125,0.125,0.0116054155,0.0014506769,0,0,0,1,0
10293,1,1,-0.46151572,0.3866263,0,1,val,103.0,93.0,10.0,0.9029126,0.097087376,0.09708738,0.19535783,0.01896678,1,0,0,0,0
10294,-1,0,-0.061419964,0.48464984,0,1,unassigned,32.0,32.0,0.0,1.0,0.0,0.0,0.058027077,0.0,0,0,0,0,0
10295,1,0,1.0825682,0.7469797,1,0,unassigned,5.0,5.0,0.0,1.0,0.0,0.0,0.0058027077,0.0,0,0,1,1,0
10296,-1,0,2.5938852,0.93046707,1,1,unassigned,28.0,27.0,1.0,0.96428573,0.035714287,0.03571427,0.050290134,0.0017960763,0,0,0,1,1
10297,-1,0,2.0904086,0.88996744,1,1,unassigned,3.0,3.0,0.0,1.0,0.0,0.0,0.001934236,0.0,0,0,0,1,0
10298,-1,0,5.833614,0.9970811,1,1,unassigned,7.0,7.0,0.0,1.0,0.0,0.0,0.00967118,0.0,0,0,0,1,1
10299,-1,0,-0.061714828,0.48457614,0,1,unassigned,14.0,14.0,0.0,1.0,0.0,0.0,0.023210831,0.0,0,0,0,0,0
10300,-1,0,0.23540634,0.55858135,1,1,unassigned,33.0,33.0,0.0,1.0,0.0,0.0,0.059961315,0.0,0,0,0,1,0
10301,-1,0,-0.35354066,0.41252407,0,1,unassigned,2.0,1.0,1.0,0.5,0.5,0.5,0.0,0.0,0,0,0,0,0
10302,-1,0,-0.79758596,0.31054214,0,1,unassigned,6.0,5.0,1.0,0.8333333,0.16666667,0.16666669,0.007736944,0.0012894907,0,0,0,0,0
10303,-1,1,0.29153687,0.5723724,1,1,unassigned,10.0,10.0,0.0,1.0,0.0,0.0,0.015473888,0.0,1,0,0,1,0
10304,-1,1,0.7456252,0.6782247,1,1,unassigned,2.0,2.0,0.0,1.0,0.0,0.0,0.0,0.0,1,0,0,1,0
10305,-1,0,-0.45860574,0.38731664,0,1,unassigned,7.0,7.0,0.0,1.0,0.0,0.0,0.00967118,0.0,0,0,0,0,0
10306,-1,0,1.0399725,0.7388447,1,1,unassigned,8.0,8.0,0.0,1.0,0.0,0.0,0.0116054155,0.0,0,0,0,1,0
10307,-1,0,1.4755192,0.8138948,1,1,unassigned,17.0,17.0,0.0,1.0,0.0,0.0,0.029013539,0.0,0,0,0,1,0
10308,-1,0,3.2605455,0.9630502,1,1,unassigned,2.0,2.0,0.0,1.0,0.0,0.0,0.0,0.0,0,0,0,1,1
10309,-1,0,-0.80656755,0.30862242,0,1,unassigned,103.0,98.0,5.0,0.9514563,0.048543688,0.04854369,0.19535783,0.00948339,0,0,0,0,0
10310,1,0,-0.49079934,0.37970528,0,1,unassigned,18.0,8.0,10.0,0.44444445,0.5555556,0.5555556,0.030947777,0.01719321,0,0,0,0,0
10311,-1,0,-0.80212325,0.3095715,0,1,unassigned,15.0,15.0,0.0,1.0,0.0,0.0,0.025145067,0.0,0,0,0,0,0
10312,-1,0,2.5804772,0.9295945,1,1,unassigned,9.0,8.0,1.0,0.8888889,0.11111111,0.111111104,0.013539651,0.0015044058,0,0,0,1,1
10313,1,0,-0.577361,0.35954005,0,1,val,109.0,109.0,0.0,1.0,0.0,0.0,0.20696326,0.0,0,0,0,0,0
10314,-1,1,3.8961976,0.9800857,1,1,unassigned,5.0,5.0,0.0,1.0,0.0,0.0,0.0058027077,0.0,1,0,0,1,1
10315,-1,1,-0.5146822,0.37409654,0,1,unassigned,6.0,6.0,0.0,1.0,0.0,0.0,0.007736944,0.0,1,0,0,0,0
10316,-1,0,-0.92882967,0.2831622,0,1,unassigned,34.0,34.0,0.0,1.0,0.0,0.0,0.061895553,0.0,0,0,0,0,0
10317,-1,0,0.10874611,0.52715975,1,1,unassigned,8.0,8.0,0.0,1.0,0.0,0.0,0.0116054155,0.0,0,0,0,1,0
10318,-1,1,-0.7925935,0.31161207,0,1,unassigned,60.0,56.0,4.0,0.93333334,0.06666667,0.06666666,0.11218569,0.007479046,1,0,0,0,0
10319,-1,0,-0.67055404,0.3383728,0,1,unassigned,66.0,63.0,3.0,0.95454544,0.045454547,0.04545456,0.123791106,0.0056268685,0,0,0,0,0
10320,-1,0,-0.20740795,0.44833308,0,1,unassigned,19.0,19.0,0.0,1.0,0.0,0.0,0.032882012,0.0,0,0,0,0,0
10321,-1,0,-0.5599587,0.363557,0,1,unassigned,8.0,8.0,0.0,1.0,0.0,0.0,0.0116054155,0.0,0,0,0,0,0
10322,-1,0,0.09961152,0.5248823,1,1,unassigned,10.0,10.0,0.0,1.0,0.0,0.0,0.015473888,0.0,0,0,0,1,0
10323,-1,1,-0.648523,0.34332246,0,1,unassigned,18.0,18.0,0.0,1.0,0.0,0.0,0.030947777,0.0,1,0,0,0,0
10324,0,0,-0.55797565,0.364016,0,0,unassigned,29.0,28.0,1.0,0.9655172,0.03448276,0.034482777,0.05222437,0.0018008404,0,0,1,0,0
10325,-1,0,0.384143,0.59487194,1,1,unassigned,25.0,24.0,1.0,0.96,0.04,0.04000002,0.044487428,0.001779497,0,0,0,1,0
10326,0,0,-0.87067956,0.2951129,0,0,train,23.0,23.0,0.0,1.0,0.0,0.0,0.040618956,0.0,0,0,1,0,0
10327,-1,0,-0.5033154,0.37676185,0,1,unassigned,31.0,31.0,0.0,1.0,0.0,0.0,0.056092843,0.0,0,0,0,0,0
10328,-1,1,-0.4566082,0.38779077,0,1,unassigned,4.0,4.0,0.0,1.0,0.0,0.0,0.003868472,0.0,1,0,0,0,0
10329,-1,0,-0.4198579,0.39655077,0,1,unassigned,22.0,22.0,0.0,1.0,0.0,0.0,0.03868472,0.0,0,0,0,0,0
10330,-1,0,-0.8724848,0.29473752,0,1,unassigned,34.0,34.0,0.0,1.0,0.0,0.0,0.061895553,0.0,0,0,0,0,0
10331,-1,0,-0.124711424,0.46886247,0,1,unassigned,4.0,4.0,0.0,1.0,0.0,0.0,0.003868472,0.0,0,0,0,0,0
10332,-1,0,3.7587087,0.97721726,1,1,unassigned,2.0,1.0,1.0,0.5,0.5,0.5,0.0,0.0,0,0,0,1,1
10333,-1,1,1.0079858,0.7326258,1,1,unassigned,5.0,5.0,0.0,1.0,0.0,0.0,0.0058027077,0.0,1,0,0,1,0
10334,-1,1,0.22000605,0.5547807,1,1,unassigned,7.0,7.0,0.0,1.0,0.0,0.0,0.00967118,0.0,1,0,0,1,0
10335,1,0,-0.52763736,0.37106812,0,1,unassigned,9.0,9.0,0.0,1.0,0.0,0.0,0.013539651,0.0,0,0,0,0,0
10336,-1,0,-0.9425906,0.28037733,0,1,unassigned,3.0,3.0,0.0,1.0,0.0,0.0,0.001934236,0.0,0,0,0,0,0
10337,1,0,0.24451894,0.56082696,1,0,unassigned,13.0,13.0,0.0,1.0,0.0,0.0,0.021276595,0.0,0,0,1,1,0
10338,-1,0,1.9370422,0.87402683,1,1,unassigned,2.0,1.0,1.0,0.5,0.5,0.5,0.0,0.0,0,0,0,1,0
10339,-1,0,-0.5239592,0.3719269,0,1,unassigned,48.0,48.0,0.0,1.0,0.0,0.0,0.088974856,0.0,0,0,0,0,0
10340,1,0,0.17858523,0.54452807,1,0,unassigned,70.0,70.0,0.0,1.0,0.0,0.0,0.13152805,0.0,0,0,1,1,0
10341,1,1,2.7650115,0.94075555,1,0,unassigned,5.0,4.0,1.0,0.8,0.2,0.19999999,0.0058027077,0.0011605415,1,0,1,1,1
10342,-1,0,-0.8272505,0.30422676,0,1,unassigned,41.0,41.0,0.0,1.0,0.0,0.0,0.07543521,0.0,0,0,0,0,0
10343,-1,1,-0.27136815,0.43257123,0,1,unassigned,19.0,19.0,0.0,1.0,0.0,0.0,0.032882012,0.0,1,0,0,0,0
10344,-1,0,-0.23265412,0.44209746,0,1,unassigned,55.0,54.0,1.0,0.9818182,0.018181818,0.0181818,0.102514505,0.0018639,0,0,0,0,0
10345,-1,0,-0.4311694,0.3938471,0,1,unassigned,24.0,24.0,0.0,1.0,0.0,0.0,0.04255319,0.0,0,0,0,0,0
10346,-1,0,-0.5292462,0.3706927,0,1,unassigned,23.0,23.0,0.0,1.0,0.0,0.0,0.040618956,0.0,0,0,0,0,0
10347,-1,1,-0.5253492,0.3716023,0,1,unassigned,216.0,196.0,20.0,0.9074074,0.09259259,0.0925926,0.4139265,0.038326528,1,0,0,0,0
10348,-1,0,-0.6769543,0.33694142,0,1,unassigned,3.0,3.0,0.0,1.0,0.0,0.0,0.001934236,0.0,0,0,0,0,0
10349,-1,1,4.306641,0.9867005,1,1,unassigned,7.0,7.0,0.0,1.0,0.0,0.0,0.00967118,0.0,1,0,0,1,1
10350,-1,0,-0.41849494,0.39687696,0,1,unassigned,10.0,10.0,0.0,1.0,0.0,0.0,0.015473888,0.0,0,0,0,0,0
10351,-1,0,3.8004878,0.9781292,1,1,unassigned,3.0,3.0,0.0,1.0,0.0,0.0,0.001934236,0.0,0,0,0,1,1
10352,1,0,0.32990825,0.58173704,1,0,val,5.0,5.0,0.0,1.0,0.0,0.0,0.0058027077,0.0,0,0,1,1,0
10353,-1,0,1.2928693,0.7846325,1,1,unassigned,11.0,11.0,0.0,1.0,0.0,0.0,0.017408123,0.0,0,0,0,1,0
10354,-1,1,0.06552267,0.5163748,1,1,unassigned,30.0,26.0,4.0,0.8666667,0.13333334,0.13333333,0.054158606,0.007221148,1,0,0,1,0
10355,-1,0,0.8634389,0.7033786,1,1,unassigned,8.0,8.0,0.0,1.0,0.0,0.0,0.0116054155,0.0,0,0,0,1,0
10356,-1,1,0.5387557,0.6315229,1,1,unassigned,7.0,7.0,0.0,1.0,0.0,0.0,0.00967118,0.0,1,0,0,1,0
10357,-1,0,1.2515144,0.77756184,1,1,unassigned,3.0,3.0,0.0,1.0,0.0,0.0,0.001934236,0.0,0,0,0,1,0
10358,-1,0,0.92583436,0.71622944,1,1,unassigned,8.0,8.0,0.0,1.0,0.0,0.0,0.0116054155,0.0,0,0,0,1,0
10359,-1,0,-0.3303188,0.41816303,0,1,unassigned,38.0,36.0,2.0,0.94736844,0.05263158,0.052631557,0.06963249,0.0036648682,0,0,0,0,0
10360,-1,0,-0.8753762,0.29413685,0,1,unassigned,15.0,14.0,1.0,0.93333334,0.06666667,0.06666666,0.025145067,0.0016763379,0,0,0,0,0
10361,-1,0,2.8239956,0.9439588,1,1,unassigned,3.0,3.0,0.0,1.0,0.0,0.0,0.001934236,0.0,0,0,0,1,1
10362,-1,0,-0.74494547,0.32192364,0,1,unassigned,31.0,31.0,0.0,1.0,0.0,0.0,0.056092843,0.0,0,0,0,0,0
10363,-1,0,-0.8937861,0.29032913,0,1,unassigned,5.0,5.0,0.0,1.0,0.0,0.0,0.0058027077,0.0,0,0,0,0,0
10364,-1,0,-0.7861234,0.31300166,0,1,unassigned,106.0,100.0,6.0,0.9433962,0.056603774,0.05660379,0.20116054,0.011386446,0,0,0,0,0
10365,-1,0,-0.43278614,0.39346126,0,1,unassigned,71.0,64.0,7.0,0.90140843,0.09859155,0.098591566,0.13346228,0.013158253,0,0,0,0,0
10366,1,0,-0.9261149,0.28371358,0,1,val,67.0,66.0,1.0,0.98507464,0.014925373,0.014925361,0.12572534,0.0018764976,0,0,0,0,0
10367,-1,0,-0.887674,0.29159006,0,1,unassigned,9.0,9.0,0.0,1.0,0.0,0.0,0.013539651,0.0,0,0,0,0,0
10368,-1,0,-0.6564102,0.34154648,0,1,unassigned,38.0,37.0,1.0,0.9736842,0.02631579,0.026315808,0.06963249,0.0018324341,0,0,0,0,0
10369,-1,0,2.698054,0.9369117,1,1,unassigned,9.0,8.0,1.0,0.8888889,0.11111111,0.111111104,0.013539651,0.0015044058,0,0,0,1,1
10370,-1,0,0.23495227,0.5584693,1,1,unassigned,10.0,9.0,1.0,0.9,0.1,0.100000024,0.015473888,0.0015473888,0,0,0,1,0
10371,-1,0,1.8016798,0.8583533,1,1,unassigned,3.0,3.0,0.0,1.0,0.0,0.0,0.001934236,0.0,0,0,0,1,0
10372,-1,0,-0.8312856,0.3033733,0,1,unassigned,5.0,4.0,1.0,0.8,0.2,0.19999999,0.0058027077,0.0011605415,0,0,0,0,0
10373,1,0,-0.30829775,0.42353025,0,1,unassigned,8.0,8.0,0.0,1.0,0.0,0.0,0.0116054155,0.0,0,0,0,0,0
10374,1,0,-0.90189713,0.2886608,0,1,test,59.0,59.0,0.0,1.0,0.0,0.0,0.11025145,0.0,0,0,0,0,0
10375,1,1,-1.0084649,0.26728037,0,1,test,7.0,6.0,1.0,0.85714287,0.14285715,0.14285713,0.00967118,0.0013815971,1,0,0,0,0
10376,-1,1,-0.036428392,0.49089396,0,1,unassigned,46.0,44.0,2.0,0.95652175,0.04347826,0.04347825,0.08510638,0.0037002775,1,0,0,0,0
10377,-1,0,-0.5809787,0.3587074,0,1,unassigned,37.0,37.0,0.0,1.0,0.0,0.0,0.06769826,0.0,0,0,0,0,0
10378,0,1,-0.592548,0.35605043,0,0,test,32.0,29.0,3.0,0.90625,0.09375,0.09375,0.058027077,0.0054400386,1,0,1,0,0
10379,1,0,-0.7143466,0.32863912,0,1,unassigned,106.0,104.0,2.0,0.9811321,0.018867925,0.01886791,0.20116054,0.0037954818,0,0,0,0,0
10380,-1,1,0.69110924,0.6662137,1,1,unassigned,15.0,15.0,0.0,1.0,0.0,0.0,0.025145067,0.0,1,0,0,1,0
10381,-1,1,-0.5444932,0.36714298,0,1,unassigned,6.0,6.0,0.0,1.0,0.0,0.0,0.007736944,0.0,1,0,0,0,0
10382,-1,0,0.31773192,0.57877135,1,1,unassigned,16.0,16.0,0.0,1.0,0.0,0.0,0.027079303,0.0,0,0,0,1,0
10383,-1,0,0.18773454,0.54679626,1,1,unassigned,5.0,5.0,0.0,1.0,0.0,0.0,0.0058027077,0.0,0,0,0,1,0
10384,-1,0,-0.3765856,0.40695068,0,1,unassigned,49.0,49.0,0.0,1.0,0.0,0.0,0.09090909,0.0,0,0,0,0,0
10385,-1,1,3.1692815,0.9596618,1,1,unassigned,13.0,7.0,6.0,0.53846157,0.46153846,0.46153843,0.021276595,0.009819967,1,0,0,1,1
10386,-1,0,2.6068723,0.93130255,1,1,unassigned,4.0,3.0,1.0,0.75,0.25,0.25,0.003868472,0.000967118,0,0,0,1,1
10387,-1,0,1.329855,0.7908166,1,1,unassigned,31.0,31.0,0.0,1.0,0.0,0.0,0.056092843,0.0,0,0,0,1,0
10388,-1,0,0.045335352,0.51133186,1,1,unassigned,8.0,8.0,0.0,1.0,0.0,0.0,0.0116054155,0.0,0,0,0,1,0
10389,-1,0,0.05830294,0.5145716,1,1,unassigned,28.0,27.0,1.0,0.96428573,0.035714287,0.03571427,0.050290134,0.0017960763,0,0,0,1,0
10390,-1,0,8.36956,0.9997682,1,1,unassigned,3.0,3.0,0.0,1.0,0.0,0.0,0.001934236,0.0,0,0,0,1,1
10391,-1,0,2.8437488,0.9449947,1,1,unassigned,2.0,2.0,0.0,1.0,0.0,0.0,0.0,0.0,0,0,0,1,1
10392,-1,1,1.5183032,0.8202885,1,1,unassigned,2.0,2.0,0.0,1.0,0.0,0.0,0.0,0.0,1,0,0,1,0
10393,-1,1,-0.21224207,0.44713777,0,1,unassigned,67.0,63.0,4.0,0.9402985,0.05970149,0.059701502,0.12572534,0.0075059906,1,0,0,0,0
10394,0,0,-0.12313512,0.46925506,0,0,unassigned,17.0,16.0,1.0,0.9411765,0.05882353,0.058823526,0.029013539,0.0017066788,0,0,1,0,0
10395,-1,0,0.3810776,0.59413296,1,1,unassigned,24.0,20.0,4.0,0.8333333,0.16666667,0.16666669,0.04255319,0.0070921984,0,0,0,1,0
10396,-1,1,-0.23517129,0.44147667,0,1,unassigned,47.0,45.0,2.0,0.9574468,0.04255319,0.042553186,0.08704062,0.003703856,1,0,0,0,0
10397,-1,0,-0.7277494,0.3256888,0,1,unassigned,79.0,76.0,3.0,0.96202534,0.03797468,0.037974656,0.14893617,0.0056558037,0,0,0,0,0
10398,0,1,-0.00057965517,0.49985507,0,0,unassigned,7.0,6.0,1.0,0.85714287,0.14285715,0.14285713,0.00967118,0.0013815971,1,0,1,0,0
10399,-1,1,-0.34266585,0.41516203,0,1,unassigned,4.0,3.0,1.0,0.75,0.25,0.25,0.003868472,0.000967118,1,0,0,0,0
10400,1,1,-0.100453794,0.47490764,0,1,val,28.0,24.0,4.0,0.85714287,0.14285715,0.14285713,0.050290134,0.007184305,1,0,0,0,0
10401,0,0,-0.7895864,0.31225747,0,0,unassigned,50.0,50.0,0.0,1.0,0.0,0.0,0.092843324,0.0,0,0,1,0,0
10402,-1,0,-0.8605882,0.29721648,0,1,unassigned,51.0,51.0,0.0,1.0,0.0,0.0,0.09477756,0.0,0,0,0,0,0
10403,-1,0,2.4087732,0.9174939,1,1,unassigned,2.0,1.0,1.0,0.5,0.5,0.5,0.0,0.0,0,0,0,1,1
10404,-1,1,4.368608,0.98748964,1,1,unassigned,2.0,2.0,0.0,1.0,0.0,0.0,0.0,0.0,1,0,0,1,1
10405,-1,0,-0.39340663,0.4028975,0,1,unassigned,117.0,114.0,3.0,0.974359,0.025641026,0.025641024,0.22243714,0.005703517,0,0,0,0,0
10406,-1,0,-0.8296193,0.30372557,0,1,unassigned,32.0,32.0,0.0,1.0,0.0,0.0,0.058027077,0.0,0,0,0,0,0
10407,-1,0,0.995588,0.7301902,1,1,unassigned,3.0,2.0,1.0,0.6666667,0.33333334,0.3333333,0.001934236,0.00064474536,0,0,0,1,0
10408,0,0,-0.7266218,0.3259365,0,0,train,44.0,44.0,0.0,1.0,0.0,0.0,0.08123791,0.0,0,0,1,0,0
10409,-1,0,-0.64633054,0.34381694,0,1,unassigned,17.0,17.0,0.0,1.0,0.0,0.0,0.029013539,0.0,0,0,0,0,0
10410,-1,0,0.14700466,0.5366851,1,1,unassigned,17.0,17.0,0.0,1.0,0.0,0.0,0.029013539,0.0,0,0,0,1,0
10411,-1,1,7.8919835,0.9996264,1,1,unassigned,15.0,10.0,5.0,0.6666667,0.33333334,0.3333333,0.025145067,0.008381689,1,0,0,1,1
10412,-1,0,0.2312662,0.5575602,1,1,unassigned,27.0,25.0,2.0,0.9259259,0.074074075,0.07407409,0.0483559,0.0035819185,0,0,0,1,0
10413,-1,0,-0.2039234,0.44919506,0,1,unassigned,2.0,2.0,0.0,1.0,0.0,0.0,0.0,0.0,0,0,0,0,0
10414,0,0,-0.6943533,0.33306536,0,0,test,10.0,10.0,0.0,1.0,0.0,0.0,0.015473888,0.0,0,0,1,0,0
10415,-1,0,-0.8745929,0.2942995,0,1,unassigned,91.0,89.0,2.0,0.978022,0.021978023,0.02197802,0.172147,0.0037834507,0,0,0,0,0
10416,-1,0,2.0883973,0.8897703,1,1,unassigned,16.0,16.0,0.0,1.0,0.0,0.0,0.027079303,0.0,0,0,0,1,0
10417,1,0,-0.015267909,0.49618307,0,1,val,3.0,3.0,0.0,1.0,0.0,0.0,0.001934236,0.0,0,0,0,0,0
10418,-1,0,-0.8660842,0.29606974,0,1,unassigned,15.0,15.0,0.0,1.0,0.0,0.0,0.025145067,0.0,0,0,0,0,0
10419,-1,0,2.5082731,0.92471975,1,1,unassigned,2.0,2.0,0.0,1.0,0.0,0.0,0.0,0.0,0,0,0,1,1
10420,-1,0,-0.110773146,0.47233498,0,1,unassigned,25.0,24.0,1.0,0.96,0.04,0.04000002,0.044487428,0.001779497,0,0,0,0,0
10421,-1,0,2.453066,0.92078537,1,1,unassigned,18.0,17.0,1.0,0.9444444,0.055555556,0.055555582,0.030947777,0.0017193209,0,0,0,1,1
10422,-1,0,-0.4708098,0.38442463,0,1,unassigned,2.0,2.0,0.0,1.0,0.0,0.0,0.0,0.0,0,0,0,0,0
10423,-1,0,-0.5989843,0.35457608,0,1,unassigned,2.0,2.0,0.0,1.0,0.0,0.0,0.0,0.0,0,0,0,0,0
10424,-1,0,1.4500978,0.8100135,1,1,unassigned,32.0,31.0,1.0,0.96875,0.03125,0.03125,0.058027077,0.0018133462,0,0,0,1,0
10425,-1,0,-0.44192374,0.39128265,0,1,unassigned,14.0,12.0,2.0,0.85714287,0.14285715,0.14285713,0.023210831,0.0033158332,0,0,0,0,0
10426,1,1,0.33601952,0.5832233,1,0,unassigned,13.0,13.0,0.0,1.0,0.0,0.0,0.021276595,0.0,1,0,1,1,0
10427,-1,0,0.60916024,0.64774925,1,1,unassigned,3.0,3.0,0.0,1.0,0.0,0.0,0.001934236,0.0,0,0,0,1,0
10428,-1,0,0.22321147,0.55557233,1,1,unassigned,44.0,43.0,1.0,0.97727275,0.022727273,0.022727251,0.08123791,0.0018463163,0,0,0,1,0
10429,-1,1,3.6890566,0.97561395,1,1,unassigned,9.0,8.0,1.0,0.8888889,0.11111111,0.111111104,0.013539651,0.0015044058,1,0,0,1,1
10430,-1,1,2.8523002,0.9454375,1,1,unassigned,3.0,3.0,0.0,1.0,0.0,0.0,0.001934236,0.0,1,0,0,1,1
10431,-1,0,0.1293214,0.53228533,1,1,unassigned,8.0,8.0,0.0,1.0,0.0,0.0,0.0116054155,0.0,0,0,0,1,0
10432,-1,0,1.3474491,0.7937122,1,1,unassigned,36.0,36.0,0.0,1.0,0.0,0.0,0.065764025,0.0,0,0,0,1,0
10433,-1,0,-0.9299031,0.28294438,0,1,unassigned,27.0,27.0,0.0,1.0,0.0,0.0,0.0483559,0.0,0,0,0,0,0
10434,-1,0,-0.8232126,0.30508214,0,1,unassigned,34.0,34.0,0.0,1.0,0.0,0.0,0.061895553,0.0,0,0,0,0,0
10435,0,0,-0.4535614,0.38851434,0,0,unassigned,5.0,5.0,0.0,1.0,0.0,0.0,0.0058027077,0.0,0,0,1,0,0
10436,-1,0,1.8087664,0.8592127,1,1,unassigned,51.0,50.0,1.0,0.98039216,0.019607844,0.019607842,0.09477756,0.0018583836,0,0,0,1,0
10437,-1,0,-0.25773197,0.4359213,0,1,unassigned,13.0,13.0,0.0,1.0,0.0,0.0,0.021276595,0.0,0,0,0,0,0
10438,-1,0,-0.9679438,0.27529052,0,1,unassigned,52.0,51.0,1.0,0.9807692,0.01923077,0.019230783,0.0967118,0.0018598423,0,0,0,0,0
10439,-1,0,-0.8969512,0.2896774,0,1,unassigned,24.0,24.0,0.0,1.0,0.0,0.0,0.04255319,0.0,0,0,0,0,0
10440,-1,0,-0.6861142,0.33489805,0,1,unassigned,20.0,20.0,0.0,1.0,0.0,0.0,0.034816246,0.0,0,0,0,0,0
10441,-1,0,0.058495343,0.51461965,1,1,unassigned,29.0,28.0,1.0,0.9655172,0.03448276,0.034482777,0.05222437,0.0018008404,0,0,0,1,0
10442,-1,0,-0.7656013,0.3174314,0,1,unassigned,42.0,42.0,0.0,1.0,0.0,0.0,0.07736944,0.0,0,0,0,0,0
10443,-1,0,-0.7970203,0.31066328,0,1,unassigned,13.0,13.0,0.0,1.0,0.0,0.0,0.021276595,0.0,0,0,0,0,0
10444,-1,0,-0.23364344,0.4418534,0,1,unassigned,30.0,29.0,1.0,0.96666664,0.033333335,0.03333336,0.054158606,0.001805287,0,0,0,0,0
10445,-1,0,-0.88107085,0.29295594,0,1,unassigned,70.0,70.0,0.0,1.0,0.0,0.0,0.13152805,0.0,0,0,0,0,0
10446,-1,0,-0.759793,0.31869122,0,1,unassigned,76.0,76.0,0.0,1.0,0.0,0.0,0.14313346,0.0,0,0,0,0,0
10447,0,0,0.3180719,0.57885426,1,1,val,7.0,7.0,0.0,1.0,0.0,0.0,0.00967118,0.0,0,0,0,1,0
10448,-1,1,-0.23689386,0.44105196,0,1,unassigned,4.0,4.0,0.0,1.0,0.0,0.0,0.003868472,0.0,1,0,0,0,0
10449,-1,0,-0.066993654,0.48325783,0,1,unassigned,48.0,44.0,4.0,0.9166667,0.083333336,0.08333331,0.088974856,0.0074145715,0,0,0,0,0
10450,-1,0,2.9653523,0.9509841,1,1,unassigned,17.0,17.0,0.0,1.0,0.0,0.0,0.029013539,0.0,0,0,0,1,1
10451,-1,0,0.8337659,0.69715065,1,1,unassigned,2.0,2.0,0.0,1.0,0.0,0.0,0.0,0.0,0,0,0,1,0
10452,-1,0,-0.6572684,0.3413535,0,1,unassigned,58.0,57.0,1.0,0.98275864,0.01724138,0.017241359,0.10831721,0.0018675381,0,0,0,0,0
10453,1,0,-0.77981526,0.3143597,0,1,unassigned,25.0,24.0,1.0,0.96,0.04,0.04000002,0.044487428,0.001779497,0,0,0,0,0
10454,-1,0,0.8035862,0.69074106,1,1,unassigned,5.0,4.0,1.0,0.8,0.2,0.19999999,0.0058027077,0.0011605415,0,0,0,1,0
10455,-1,0,-0.10536444,0.47368324,0,1,unassigned,29.0,29.0,0.0,1.0,0.0,0.0,0.05222437,0.0,0,0,0,0,0
10456,-1,0,-0.9562632,0.277627,0,1,unassigned,30.0,30.0,0.0,1.0,0.0,0.0,0.054158606,0.0,0,0,0,0,0
10457,-1,0,-0.114403546,0.4714303,0,1,unassigned,3.0,3.0,0.0,1.0,0.0,0.0,0.001934236,0.0,0,0,0,0,0
10458,1,0,0.7554068,0.68035567,1,0,val,9.0,9.0,0.0,1.0,0.0,0.0,0.013539651,0.0,0,0,1,1,0
10459,-1,0,-0.29581997,0.42657962,0,1,unassigned,3.0,3.0,0.0,1.0,0.0,0.0,0.001934236,0.0,0,0,0,0,0
10460,-1,0,-0.8929066,0.29051036,0,1,unassigned,35.0,35.0,0.0,1.0,0.0,0.0,0.06382979,0.0,0,0,0,0,0
10461,-1,1,2.006295,0.8814565,1,1,unassigned,4.0,4.0,0.0,1.0,0.0,0.0,0.003868472,0.0,1,0,0,1,0
10462,-1,0,1.5761404,0.8286572,1,1,unassigned,2.0,1.0,1.0,0.5,0.5,0.5,0.0,0.0,0,0,0,1,0
10463,-1,0,0.76197344,0.681782,1,1,unassigned,47.0,46.0,1.0,0.9787234,0.021276595,0.021276593,0.08704062,0.001851928,0,0,0,1,0
10464,-1,1,4.5869155,0.98991853,1,1,unassigned,2.0,2.0,0.0,1.0,0.0,0.0,0.0,0.0,1,0,0,1,1
10465,-1,0,0.8474129,0.7000242,1,1,unassigned,5.0,5.0,0.0,1.0,0.0,0.0,0.0058027077,0.0,0,0,0,1,0
10466,-1,0,-0.6626012,0.3401555,0,1,unassigned,18.0,18.0,0.0,1.0,0.0,0.0,0.030947777,0.0,0,0,0,0,0
10467,-1,0,-0.7382079,0.32339618,0,1,unassigned,24.0,24.0,0.0,1.0,0.0,0.0,0.04255319,0.0,0,0,0,0,0
10468,-1,0,-0.9350758,0.28189608,0,1,unassigned,25.0,25.0,0.0,1.0,0.0,0.0,0.044487428,0.0,0,0,0,0,0
10469,-1,0,-0.9186601,0.285231,0,1,unassigned,54.0,52.0,2.0,0.962963,0.037037037,0.037037015,0.10058027,0.003725195,0,0,0,0,0
10470,-1,0,-0.9369585,0.28151512,0,1,unassigned,10.0,10.0,0.0,1.0,0.0,0.0,0.015473888,0.0,0,0,0,0,0
10471,1,0,-0.8642454,0.29645312,0,1,train,20.0,20.0,0.0,1.0,0.0,0.0,0.034816246,0.0,0,0,0,0,0
10472,-1,1,4.434007,0.98827237,1,1,unassigned,3.0,3.0,0.0,1.0,0.0,0.0,0.001934236,0.0,1,0,0,1,1
10473,1,1,5.760837,0.99686146,1,0,test,2.0,2.0,0.0,1.0,0.0,0.0,0.0,0.0,1,0,1,1,1
10474,-1,0,-0.7270294,0.32584697,0,1,unassigned,38.0,38.0,0.0,1.0,0.0,0.0,0.06963249,0.0,0,0,0,0,0
10475,-1,0,-0.33981135,0.4158553,0,1,unassigned,20.0,20.0,0.0,1.0,0.0,0.0,0.034816246,0.0,0,0,0,0,0
10476,-1,0,4.093099,0.9835865,1,1,unassigned,18.0,15.0,3.0,0.8333333,0.16666667,0.16666669,0.030947777,0.005157963,0,0,0,1,1
10477,1,0,0.00023800135,0.5000595,1,0,unassigned,36.0,36.0,0.0,1.0,0.0,0.0,0.065764025,0.0,0,0,1,1,0
10478,0,0,1.2211335,0.772263,1,1,unassigned,18.0,18.0,0.0,1.0,0.0,0.0,0.030947777,0.0,0,0,0,1,0
10479,-1,0,-0.4837148,0.3813753,0,1,unassigned,51.0,48.0,3.0,0.9411765,0.05882353,0.058823526,0.09477756,0.0055751507,0,0,0,0,0
10480,0,0,0.04010278,0.51002437,1,1,test,21.0,21.0,0.0,1.0,0.0,0.0,0.036750484,0.0,0,0,0,1,0
10481,-1,0,1.9860013,0.8793194,1,1,unassigned,54.0,54.0,0.0,1.0,0.0,0.0,0.10058027,0.0,0,0,0,1,0
10482,1,0,-0.47717646,0.38291907,0,1,val,177.0,176.0,1.0,0.99435025,0.0056497175,0.0056497455,0.3384913,0.0019123802,0,0,0,0,0
10483,1,0,-0.64596874,0.34389853,0,1,unassigned,25.0,25.0,0.0,1.0,0.0,0.0,0.044487428,0.0,0,0,0,0,0
10484,-1,1,-0.113761604,0.47159022,0,1,unassigned,23.0,21.0,2.0,0.9130435,0.08695652,0.0869565,0.040618956,0.0035320832,1,0,0,0,0
10485,-1,0,1.3046477,0.78661615,1,1,unassigned,2.0,1.0,1.0,0.5,0.5,0.5,0.0,0.0,0,0,0,1,0
10486,-1,0,-0.44980282,0.38940766,0,1,unassigned,2.0,2.0,0.0,1.0,0.0,0.0,0.0,0.0,0,0,0,0,0
10487,-1,0,-0.40502542,0.40010554,0,1,unassigned,30.0,30.0,0.0,1.0,0.0,0.0,0.054158606,0.0,0,0,0,0,0
10488,-1,0,-0.27780622,0.43099168,0,1,unassigned,25.0,25.0,0.0,1.0,0.0,0.0,0.044487428,0.0,0,0,0,0,0
10489,-1,0,1.202898,0.76904,1,1,unassigned,9.0,8.0,1.0,0.8888889,0.11111111,0.111111104,0.013539651,0.0015044058,0,0,0,1,0
10490,-1,1,4.0926223,0.9835788,1,1,unassigned,2.0,2.0,0.0,1.0,0.0,0.0,0.0,0.0,1,0,0,1,1
10491,-1,0,1.2492764,0.7771746,1,1,unassigned,13.0,13.0,0.0,1.0,0.0,0.0,0.021276595,0.0,0,0,0,1,0
10492,-1,0,6.207893,0.9979906,1,1,unassigned,38.0,36.0,2.0,0.94736844,0.05263158,0.052631557,0.06963249,0.0036648682,0,0,0,1,1
10493,-1,1,2.8129685,0.9433726,1,1,unassigned,3.0,3.0,0.0,1.0,0.0,0.0,0.001934236,0.0,1,0,0,1,1
10494,-1,1,2.058914,0.88684523,1,1,unassigned,3.0,3.0,0.0,1.0,0.0,0.0,0.001934236,0.0,1,0,0,1,0
10495,1,0,1.063395,0.74333876,1,0,unassigned,20.0,20.0,0.0,1.0,0.0,0.0,0.034816246,0.0,0,0,1,1,0
10496,-1,0,0.70721585,0.6697857,1,1,unassigned,3.0,3.0,0.0,1.0,0.0,0.0,0.001934236,0.0,0,0,0,1,0
10497,-1,0,3.817506,0.9784903,1,1,unassigned,2.0,1.0,1.0,0.5,0.5,0.5,0.0,0.0,0,0,0,1,1
10498,-1,1,1.6087759,0.83324134,1,1,unassigned,13.0,13.0,0.0,1.0,0.0,0.0,0.021276595,0.0,1,0,0,1,0
10499,-1,1,1.780359,0.85574114,1,1,unassigned,9.0,9.0,0.0,1.0,0.0,0.0,0.013539651,0.0,1,0,0,1,0
10500,-1,1,4.839391,0.9921502,1,1,unassigned,6.0,6.0,0.0,1.0,0.0,0.0,0.007736944,0.0,1,0,0,1,1
10501,-1,1,3.694134,0.9757345,1,1,unassigned,18.0,18.0,0.0,1.0,0.0,0.0,0.030947777,0.0,1,0,0,1,1
10502,1,0,-0.120970756,0.46979412,0,1,unassigned,17.0,16.0,1.0,0.9411765,0.05882353,0.058823526,0.029013539,0.0017066788,0,0,0,0,0
10503,-1,0,-0.63100064,0.34728366,0,1,unassigned,12.0,12.0,0.0,1.0,0.0,0.0,0.01934236,0.0,0,0,0,0,0
10504,-1,0,-0.5777587,0.3594485,0,1,unassigned,38.0,37.0,1.0,0.9736842,0.02631579,0.026315808,0.06963249,0.0018324341,0,0,0,0,0
10505,-1,0,2.790674,0.9421698,1,1,unassigned,5.0,4.0,1.0,0.8,0.2,0.19999999,0.0058027077,0.0011605415,0,0,0,1,1
10506,-1,1,5.7869325,0.996942,1,1,unassigned,10.0,2.0,8.0,0.2,0.8,0.8,0.015473888,0.012379111,1,1,0,1,1
10507,-1,1,6.077719,0.9977119,1,1,unassigned,49.0,11.0,38.0,0.2244898,0.7755102,0.7755102,0.09090909,0.070500925,1,0,0,1,1
10508,-1,0,0.0012746453,0.50031865,1,1,unassigned,37.0,37.0,0.0,1.0,0.0,0.0,0.06769826,0.0,0,0,0,1,0
10509,-1,0,-0.44993678,0.3893758,0,1,unassigned,22.0,22.0,0.0,1.0,0.0,0.0,0.03868472,0.0,0,0,0,0,0
10510,-1,0,3.7628214,0.9773087,1,1,unassigned,10.0,10.0,0.0,1.0,0.0,0.0,0.015473888,0.0,0,0,0,1,1
10511,-1,0,0.8237949,0.6950413,1,1,unassigned,85.0,83.0,2.0,0.9764706,0.023529412,0.02352941,0.16054158,0.003777449,0,0,0,1,0
10512,-1,0,-0.40812904,0.39936084,0,1,unassigned,23.0,23.0,0.0,1.0,0.0,0.0,0.040618956,0.0,0,0,0,0,0
10513,-1,0,0.25948906,0.5645107,1,1,unassigned,3.0,3.0,0.0,1.0,0.0,0.0,0.001934236,0.0,0,0,0,1,0
10514,-1,1,-0.53768307,0.36872673,0,1,unassigned,3.0,3.0,0.0,1.0,0.0,0.0,0.001934236,0.0,1,0,0,0,0
10515,-1,0,-0.2796096,0.4305495,0,1,unassigned,27.0,27.0,0.0,1.0,0.0,0.0,0.0483559,0.0,0,0,0,0,0
10516,-1,1,3.1974757,0.9607392,1,1,unassigned,2.0,2.0,0.0,1.0,0.0,0.0,0.0,0.0,1,0,0,1,1
10517,-1,0,-0.98505735,0.27188945,0,1,unassigned,2.0,2.0,0.0,1.0,0.0,0.0,0.0,0.0,0,0,0,0,0
10518,-1,0,-0.613102,0.3513519,0,1,unassigned,46.0,46.0,0.0,1.0,0.0,0.0,0.08510638,0.0,0,0,0,0,0
10519,-1,0,-0.57237095,0.36068994,0,1,unassigned,75.0,72.0,3.0,0.96,0.04,0.04000002,0.14119923,0.005647969,0,0,0,0,0
10520,-1,0,-0.860589,0.2972163,0,1,unassigned,80.0,80.0,0.0,1.0,0.0,0.0,0.15087041,0.0,0,0,0,0,0
10521,1,0,0.088745415,0.5221718,1,0,val,19.0,19.0,0.0,1.0,0.0,0.0,0.032882012,0.0,0,0,1,1,0
10522,1,0,0.8748761,0.7057593,1,0,val,6.0,6.0,0.0,1.0,0.0,0.0,0.007736944,0.0,0,0,1,1,0
10523,-1,0,0.35179222,0.5870521,1,1,unassigned,20.0,17.0,3.0,0.85,0.15,0.14999998,0.034816246,0.005222437,0,0,0,1,0
10524,-1,0,-0.7436097,0.3222153,0,1,unassigned,66.0,65.0,1.0,0.9848485,0.015151516,0.015151501,0.123791106,0.0018756229,0,0,0,0,0
10525,0,0,-0.9274989,0.2834324,0,0,unassigned,33.0,31.0,2.0,0.93939394,0.060606062,0.060606062,0.059961315,0.0036340193,0,0,1,0,0
10526,-1,0,-0.41541672,0.39761403,0,1,unassigned,101.0,98.0,3.0,0.97029704,0.02970297,0.029702961,0.19148937,0.005687803,0,0,0,0,0
10527,-1,1,-0.6509111,0.34278426,0,1,unassigned,104.0,91.0,13.0,0.875,0.125,0.125,0.19729207,0.02466151,1,0,0,0,0
10528,0,0,-0.7205954,0.32726187,0,0,test,106.0,104.0,2.0,0.9811321,0.018867925,0.01886791,0.20116054,0.0037954818,0,0,1,0,0
10529,-1,0,0.07262117,0.5181473,1,1,unassigned,25.0,25.0,0.0,1.0,0.0,0.0,0.044487428,0.0,0,0,0,1,0
10530,-1,0,2.04401,0.8853409,1,1,unassigned,2.0,2.0,0.0,1.0,0.0,0.0,0.0,0.0,0,0,0,1,0
10531,-1,0,-0.458677,0.38729972,0,1,unassigned,6.0,5.0,1.0,0.8333333,0.16666667,0.16666669,0.007736944,0.0012894907,0,0,0,0,0
10532,1,1,0.048597038,0.51214683,1,0,train,47.0,44.0,3.0,0.9361702,0.06382979,0.06382978,0.08704062,0.0055557843,1,0,1,1,0
10533,-1,1,-0.5457181,0.36685842,0,1,unassigned,27.0,26.0,1.0,0.962963,0.037037037,0.037037015,0.0483559,0.0017909593,1,0,0,0,0
10534,-1,0,-0.3108084,0.42291743,0,1,unassigned,6.0,6.0,0.0,1.0,0.0,0.0,0.007736944,0.0,0,0,0,0,0
10535,1,0,-0.94381475,0.28013042,0,1,val,6.0,4.0,2.0,0.6666667,0.33333334,0.3333333,0.007736944,0.0025789815,0,0,0,0,0
10536,-1,1,1.686897,0.8438157,1,1,unassigned,38.0,38.0,0.0,1.0,0.0,0.0,0.06963249,0.0,1,0,0,1,0
10537,-1,0,1.0906131,0.7484971,1,1,unassigned,23.0,23.0,0.0,1.0,0.0,0.0,0.040618956,0.0,0,0,0,1,0
10538,1,0,4.068476,0.98318416,1,0,test,2.0,2.0,0.0,1.0,0.0,0.0,0.0,0.0,0,0,1,1,1
10539,-1,0,2.8933198,0.9475152,1,1,unassigned,17.0,17.0,0.0,1.0,0.0,0.0,0.029013539,0.0,0,0,0,1,1
10540,-1,1,2.8638995,0.9460327,1,1,unassigned,4.0,4.0,0.0,1.0,0.0,0.0,0.003868472,0.0,1,0,0,1,1
10541,-1,0,-0.2177512,0.4457763,0,1,unassigned,23.0,23.0,0.0,1.0,0.0,0.0,0.040618956,0.0,0,0,0,0,0
10542,-1,0,-0.7991757,0.31020188,0,1,unassigned,43.0,43.0,0.0,1.0,0.0,0.0,0.079303674,0.0,0,0,0,0,0
10543,-1,0,0.91979736,0.7150008,1,1,unassigned,18.0,17.0,1.0,0.9444444,0.055555556,0.055555582,0.030947777,0.0017193209,0,0,0,1,0
10544,-1,0,-0.36666125,0.40934798,0,1,unassigned,10.0,10.0,0.0,1.0,0.0,0.0,0.015473888,0.0,0,0,0,0,0
10545,-1,0,2.037119,0.88463956,1,1,unassigned,5.0,5.0,0.0,1.0,0.0,0.0,0.0058027077,0.0,0,0,0,1,0
10546,-1,0,1.7027853,0.84589815,1,1,unassigned,4.0,4.0,0.0,1.0,0.0,0.0,0.003868472,0.0,0,0,0,1,0
10547,-1,0,-0.92586976,0.2837634,0,1,unassigned,6.0,6.0,0.0,1.0,0.0,0.0,0.007736944,0.0,0,0,0,0,0
10548,-1,0,0.6603015,0.6593281,1,1,unassigned,9.0,9.0,0.0,1.0,0.0,0.0,0.013539651,0.0,0,0,0,1,0
10549,-1,1,4.1407743,0.9843387,1,1,unassigned,5.0,5.0,0.0,1.0,0.0,0.0,0.0058027077,0.0,1,0,0,1,1
10550,-1,0,1.0208495,0.73513806,1,1,unassigned,10.0,10.0,0.0,1.0,0.0,0.0,0.015473888,0.0,0,0,0,1,0
10551,-1,1,-0.5243545,0.37183455,0,1,unassigned,17.0,15.0,2.0,0.88235295,0.11764706,0.11764705,0.029013539,0.0034133575,1,0,0,0,0
10552,-1,1,0.2364456,0.55883753,1,1,unassigned,10.0,9.0,1.0,0.9,0.1,0.100000024,0.015473888,0.0015473888,1,0,0,1,0
10553,-1,0,6.1317515,0.9978319,1,1,unassigned,2.0,1.0,1.0,0.5,0.5,0.5,0.0,0.0,0,0,0,1,1
10554,-1,0,-0.72196066,0.32696137,0,1,unassigned,6.0,6.0,0.0,1.0,0.0,0.0,0.007736944,0.0,0,0,0,0,0
10555,-1,0,-0.8566961,0.29803008,0,1,unassigned,52.0,51.0,1.0,0.9807692,0.01923077,0.019230783,0.0967118,0.0018598423,0,0,0,0,0
10556,1,0,2.1668146,0.8972296,1,0,unassigned,4.0,4.0,0.0,1.0,0.0,0.0,0.003868472,0.0,0,0,1,1,0
10557,-1,0,-0.36754608,0.40913412,0,1,unassigned,2.0,2.0,0.0,1.0,0.0,0.0,0.0,0.0,0,0,0,0,0
10558,-1,0,1.8805621,0.8676757,1,1,unassigned,17.0,16.0,1.0,0.9411765,0.05882353,0.058823526,0.029013539,0.0017066788,0,0,0,1,0
10559,-1,1,0.17891556,0.54460996,1,1,unassigned,6.0,4.0,2.0,0.6666667,0.33333334,0.3333333,0.007736944,0.0025789815,1,0,0,1,0
10560,-1,1,-0.18209875,0.45460066,0,1,unassigned,2.0,2.0,0.0,1.0,0.0,0.0,0.0,0.0,1,0,0,0,0
10561,-1,1,-0.06574005,0.4835709,0,1,unassigned,41.0,39.0,2.0,0.9512195,0.048780486,0.0487805,0.07543521,0.003679766,1,0,0,0,0
10562,-1,0,-0.38208896,0.40562314,0,1,unassigned,112.0,112.0,0.0,1.0,0.0,0.0,0.21276596,0.0,0,0,0,0,0
10563,-1,1,-0.13202423,0.46704176,0,1,unassigned,9.0,8.0,1.0,0.8888889,0.11111111,0.111111104,0.013539651,0.0015044058,1,0,0,0,0
10564,-1,0,-0.70071626,0.33165345,0,1,unassigned,12.0,12.0,0.0,1.0,0.0,0.0,0.01934236,0.0,0,0,0,0,0
10565,0,0,-0.85666066,0.2980375,0,0,test,88.0,87.0,1.0,0.9886364,0.011363637,0.0113636255,0.1663443,0.0018902762,0,0,1,0,0
10566,1,0,-0.34397107,0.4148452,0,1,train,109.0,107.0,2.0,0.98165137,0.018348623,0.018348634,0.20696326,0.0037974908,0,0,0,0,0
10567,-1,0,13.292687,0.99999833,1,1,unassigned,22.0,18.0,4.0,0.8181818,0.18181819,0.18181819,0.03868472,0.0070335856,0,0,0,1,1
10568,-1,1,2.168434,0.89737886,1,1,unassigned,6.0,6.0,0.0,1.0,0.0,0.0,0.007736944,0.0,1,0,0,1,0
10569,-1,0,-0.26067787,0.43519706,0,1,unassigned,43.0,43.0,0.0,1.0,0.0,0.0,0.079303674,0.0,0,0,0,0,0
10570,-1,1,-0.24817514,0.4382727,0,1,unassigned,3.0,3.0,0.0,1.0,0.0,0.0,0.001934236,0.0,1,0,0,0,0
10571,0,0,-0.8526305,0.29888135,0,0,unassigned,18.0,18.0,0.0,1.0,0.0,0.0,0.030947777,0.0,0,0,1,0,0
10572,0,0,-0.5179262,0.37333727,0,0,train,35.0,34.0,1.0,0.9714286,0.028571429,0.028571427,0.06382979,0.0018237082,0,0,1,0,0
10573,0,0,-0.53288984,0.36984313,0,0,unassigned,11.0,11.0,0.0,1.0,0.0,0.0,0.017408123,0.0,0,0,1,0,0
10574,-1,1,-0.4027082,0.40066183,0,1,unassigned,104.0,82.0,22.0,0.78846157,0.21153846,0.21153843,0.19729207,0.041734863,1,0,0,0,0
10575,1,0,2.271195,0.9064632,1,0,unassigned,9.0,9.0,0.0,1.0,0.0,0.0,0.013539651,0.0,0,0,1,1,1
10576,-1,0,-0.746276,0.32163328,0,1,unassigned,73.0,73.0,0.0,1.0,0.0,0.0,0.13733076,0.0,0,0,0,0,0
10577,-1,0,-0.48858476,0.38022703,0,1,unassigned,15.0,13.0,2.0,0.8666667,0.13333334,0.13333333,0.025145067,0.0033526758,0,0,0,0,0
10578,-1,0,0.31199265,0.5773716,1,1,unassigned,19.0,19.0,0.0,1.0,0.0,0.0,0.032882012,0.0,0,0,0,1,0
10579,-1,1,0.14202994,0.5354479,1,1,unassigned,21.0,16.0,5.0,0.7619048,0.23809524,0.23809522,0.036750484,0.0087501155,1,0,0,1,0
10580,1,0,0.15834981,0.53950495,1,0,val,46.0,46.0,0.0,1.0,0.0,0.0,0.08510638,0.0,0,0,1,1,0
10581,-1,0,2.4443703,0.9201488,1,1,unassigned,4.0,4.0,0.0,1.0,0.0,0.0,0.003868472,0.0,0,0,0,1,1
10582,1,0,5.1986785,0.99450654,1,0,test,58.0,54.0,4.0,0.9310345,0.06896552,0.068965495,0.10831721,0.0074701523,0,0,1,1,1
10583,-1,0,0.9346034,0.7180082,1,1,unassigned,5.0,5.0,0.0,1.0,0.0,0.0,0.0058027077,0.0,0,0,0,1,0
10584,-1,1,0.5204852,0.6272612,1,1,unassigned,4.0,3.0,1.0,0.75,0.25,0.25,0.003868472,0.000967118,1,0,0,1,0
10585,-1,0,0.09213245,0.5230168,1,1,unassigned,2.0,2.0,0.0,1.0,0.0,0.0,0.0,0.0,0,0,0,1,0
10586,-1,0,1.4321978,0.80724347,1,1,unassigned,2.0,2.0,0.0,1.0,0.0,0.0,0.0,0.0,0,0,0,1,0
10587,-1,0,8.848996,0.9998565,1,1,unassigned,6.0,6.0,0.0,1.0,0.0,0.0,0.007736944,0.0,0,0,0,1,1
10588,0,1,-1.3836768,0.20041914,0,0,unassigned,2.0,2.0,0.0,1.0,0.0,0.0,0.0,0.0,1,0,1,0,0
10589,-1,0,-0.93581516,0.28174645,0,1,unassigned,25.0,25.0,0.0,1.0,0.0,0.0,0.044487428,0.0,0,0,0,0,0
10590,-1,0,-0.50153804,0.3771793,0,1,unassigned,22.0,22.0,0.0,1.0,0.0,0.0,0.03868472,0.0,0,0,0,0,0
10591,-1,0,0.0690999,0.51726806,1,1,unassigned,11.0,11.0,0.0,1.0,0.0,0.0,0.017408123,0.0,0,0,0,1,0
10592,-1,0,-0.53905654,0.3684071,0,1,unassigned,11.0,10.0,1.0,0.90909094,0.09090909,0.090909064,0.017408123,0.0015825568,0,0,0,0,0
10593,-1,0,0.51196605,0.62526727,1,1,unassigned,73.0,73.0,0.0,1.0,0.0,0.0,0.13733076,0.0,0,0,0,1,0
10594,-1,0,-0.13914281,0.4652703,0,1,unassigned,98.0,98.0,0.0,1.0,0.0,0.0,0.18568665,0.0,0,0,0,0,0
10595,-1,0,4.601757,0.99006546,1,1,unassigned,12.0,11.0,1.0,0.9166667,0.083333336,0.08333331,0.01934236,0.0016118633,0,0,0,1,1
10596,-1,0,-0.83357143,0.30289042,0,1,unassigned,82.0,80.0,2.0,0.9756098,0.024390243,0.02439022,0.15473887,0.0037741186,0,0,0,0,0
10597,-1,0,-0.0010538697,0.49973658,0,1,unassigned,7.0,7.0,0.0,1.0,0.0,0.0,0.00967118,0.0,0,0,0,0,0
10598,-1,0,0.75621516,0.68053144,1,1,unassigned,18.0,18.0,0.0,1.0,0.0,0.0,0.030947777,0.0,0,0,0,1,0
10599,-1,0,-0.8596152,0.29741976,0,1,unassigned,2.0,2.0,0.0,1.0,0.0,0.0,0.0,0.0,0,0,0,0,0
10600,-1,0,0.8205659,0.69435644,1,1,unassigned,9.0,7.0,2.0,0.7777778,0.22222222,0.22222221,0.013539651,0.0030088115,0,0,0,1,0
10601,-1,0,0.5985165,0.64531684,1,1,unassigned,21.0,21.0,0.0,1.0,0.0,0.0,0.036750484,0.0,0,0,0,1,0
10602,-1,0,0.24954641,0.5620649,1,1,unassigned,9.0,9.0,0.0,1.0,0.0,0.0,0.013539651,0.0,0,0,0,1,0
10603,-1,0,0.6811455,0.6639943,1,1,unassigned,4.0,3.0,1.0,0.75,0.25,0.25,0.003868472,0.000967118,0,0,0,1,0
10604,-1,1,2.5031226,0.92436045,1,1,unassigned,4.0,3.0,1.0,0.75,0.25,0.25,0.003868472,0.000967118,1,0,0,1,1
10605,-1,0,2.989776,0.9521101,1,1,unassigned,2.0,2.0,0.0,1.0,0.0,0.0,0.0,0.0,0,0,0,1,1
10606,-1,0,1.2250721,0.77295494,1,1,unassigned,8.0,8.0,0.0,1.0,0.0,0.0,0.0116054155,0.0,0,0,0,1,0
10607,-1,0,3.8187535,0.9785165,1,1,unassigned,8.0,8.0,0.0,1.0,0.0,0.0,0.0116054155,0.0,0,0,0,1,1
10608,-1,1,0.34075898,0.5843749,1,1,unassigned,9.0,9.0,0.0,1.0,0.0,0.0,0.013539651,0.0,1,0,0,1,0
10609,-1,0,1.8241794,0.8610669,1,1,unassigned,4.0,4.0,0.0,1.0,0.0,0.0,0.003868472,0.0,0,0,0,1,0
10610,-1,0,0.20669138,0.55148965,1,1,unassigned,7.0,6.0,1.0,0.85714287,0.14285715,0.14285713,0.00967118,0.0013815971,0,0,0,1,0
10611,-1,0,1.8297932,0.8617371,1,1,unassigned,14.0,13.0,1.0,0.9285714,0.071428575,0.0714286,0.023210831,0.0016579166,0,0,0,1,0
10612,-1,1,0.12432784,0.531042,1,1,unassigned,13.0,11.0,2.0,0.84615386,0.15384616,0.15384614,0.021276595,0.0032733225,1,0,0,1,0
10613,-1,0,4.8113313,0.9919287,1,1,unassigned,15.0,15.0,0.0,1.0,0.0,0.0,0.025145067,0.0,0,0,0,1,1
10614,-1,0,2.907451,0.9482135,1,1,unassigned,7.0,7.0,0.0,1.0,0.0,0.0,0.00967118,0.0,0,0,0,1,1
10615,-1,0,-0.32654735,0.41908097,0,1,unassigned,22.0,15.0,7.0,0.6818182,0.3181818,0.3181818,0.03868472,0.012308774,0,0,0,0,0
10616,-1,1,-0.39098066,0.40348127,0,1,unassigned,3.0,3.0,0.0,1.0,0.0,0.0,0.001934236,0.0,1,0,0,0,0
10617,-1,1,-0.26932168,0.4330736,0,1,unassigned,3.0,3.0,0.0,1.0,0.0,0.0,0.001934236,0.0,1,0,0,0,0
10618,-1,0,2.094896,0.89040613,1,1,unassigned,2.0,2.0,0.0,1.0,0.0,0.0,0.0,0.0,0,0,0,1,0
10619,-1,0,-0.92170274,0.28461108,0,1,unassigned,32.0,32.0,0.0,1.0,0.0,0.0,0.058027077,0.0,0,0,0,0,0
10620,0,0,-0.3897042,0.4037885,0,0,train,8.0,8.0,0.0,1.0,0.0,0.0,0.0116054155,0.0,0,0,1,0,0
10621,-1,0,-0.72984415,0.32522893,0,1,unassigned,12.0,12.0,0.0,1.0,0.0,0.0,0.01934236,0.0,0,0,0,0,0
10622,-1,0,-0.6270423,0.3481815,0,1,unassigned,16.0,13.0,3.0,0.8125,0.1875,0.1875,0.027079303,0.0050773695,0,0,0,0,0
10623,-1,0,-0.71988046,0.3274193,0,1,unassigned,22.0,22.0,0.0,1.0,0.0,0.0,0.03868472,0.0,0,0,0,0,0
10624,-1,0,-0.57310987,0.36051956,0,1,unassigned,2.0,2.0,0.0,1.0,0.0,0.0,0.0,0.0,0,0,0,0,0
10625,-1,1,0.5618985,0.6368917,1,1,unassigned,10.0,10.0,0.0,1.0,0.0,0.0,0.015473888,0.0,1,0,0,1,0
10626,-1,0,-0.7165736,0.32814795,0,1,unassigned,21.0,20.0,1.0,0.95238096,0.04761905,0.047619045,0.036750484,0.0017500231,0,0,0,0,0
10627,-1,0,-0.10546851,0.47365728,0,1,unassigned,27.0,27.0,0.0,1.0,0.0,0.0,0.0483559,0.0,0,0,0,0,0
10628,-1,0,0.8078831,0.6916582,1,1,unassigned,5.0,4.0,1.0,0.8,0.2,0.19999999,0.0058027077,0.0011605415,0,0,0,1,0
10629,-1,0,-0.4875347,0.38047448,0,1,unassigned,37.0,36.0,1.0,0.972973,0.027027028,0.02702701,0.06769826,0.0018296828,0,0,0,0,0
10630,-1,0,0.09647673,0.5241005,1,1,unassigned,103.0,102.0,1.0,0.99029124,0.009708738,0.009708762,0.19535783,0.001896678,0,0,0,1,0
10631,-1,0,-0.49606377,0.37846613,0,1,unassigned,52.0,51.0,1.0,0.9807692,0.01923077,0.019230783,0.0967118,0.0018598423,0,0,0,0,0
10632,-1,0,-0.68069965,0.33610517,0,1,unassigned,88.0,84.0,4.0,0.95454544,0.045454547,0.04545456,0.1663443,0.007561105,0,0,0,0,0
10633,-1,0,0.6647535,0.66032743,1,1,unassigned,17.0,17.0,0.0,1.0,0.0,0.0,0.029013539,0.0,0,0,0,1,0
10634,-1,1,13.635015,0.9999988,1,1,unassigned,3.0,2.0,1.0,0.6666667,0.33333334,0.3333333,0.001934236,0.00064474536,1,0,0,1,1
10635,0,0,-0.7466209,0.32155803,0,0,test,109.0,108.0,1.0,0.9908257,0.0091743115,0.009174287,0.20696326,0.0018987454,0,0,1,0,0
10636,-1,0,-0.9490912,0.2790676,0,1,unassigned,54.0,54.0,0.0,1.0,0.0,0.0,0.10058027,0.0,0,0,0,0,0
10637,-1,1,6.4469438,0.99841714,1,1,unassigned,17.0,15.0,2.0,0.88235295,0.11764706,0.11764705,0.029013539,0.0034133575,1,0,0,1,1
10638,-1,0,-0.55254704,0.36527368,0,1,unassigned,46.0,46.0,0.0,1.0,0.0,0.0,0.08510638,0.0,0,0,0,0,0
10639,-1,0,1.1738958,0.7638484,1,1,unassigned,3.0,3.0,0.0,1.0,0.0,0.0,0.001934236,0.0,0,0,0,1,0
10640,-1,1,13.121201,0.999998,1,1,unassigned,2.0,1.0,1.0,0.5,0.5,0.5,0.0,0.0,1,0,0,1,1
10641,-1,0,2.6863992,0.9362193,1,1,unassigned,7.0,7.0,0.0,1.0,0.0,0.0,0.00967118,0.0,0,0,0,1,1
10642,-1,0,-0.82462853,0.30478203,0,1,unassigned,20.0,20.0,0.0,1.0,0.0,0.0,0.034816246,0.0,0,0,0,0,0
10643,-1,0,-0.35108486,0.41311935,0,1,unassigned,21.0,20.0,1.0,0.95238096,0.04761905,0.047619045,0.036750484,0.0017500231,0,0,0,0,0
10644,-1,0,7.4255967,0.99940455,1,1,unassigned,17.0,13.0,4.0,0.7647059,0.23529412,0.2352941,0.029013539,0.006826715,0,0,0,1,1
10645,-1,0,-0.7013115,0.3315215,0,1,unassigned,22.0,22.0,0.0,1.0,0.0,0.0,0.03868472,0.0,0,0,0,0,0
10646,-1,0,-0.1518609,0.46210757,0,1,unassigned,13.0,12.0,1.0,0.9230769,0.07692308,0.07692307,0.021276595,0.0016366612,0,0,0,0,0
10647,-1,1,3.7026098,0.9759344,1,1,unassigned,8.0,5.0,3.0,0.625,0.375,0.375,0.0116054155,0.004352031,1,0,0,1,1
10648,-1,0,-0.5667881,0.3619783,0,1,unassigned,12.0,12.0,0.0,1.0,0.0,0.0,0.01934236,0.0,0,0,0,0,0
10649,-1,0,2.4827797,0.9229258,1,1,unassigned,3.0,3.0,0.0,1.0,0.0,0.0,0.001934236,0.0,0,0,0,1,1
10650,-1,0,-0.012570262,0.4968575,0,1,unassigned,9.0,7.0,2.0,0.7777778,0.22222222,0.22222221,0.013539651,0.0030088115,0,0,0,0,0
10651,-1,0,-0.8381963,0.3019148,0,1,unassigned,45.0,45.0,0.0,1.0,0.0,0.0,0.08317215,0.0,0,0,0,0,0
10652,-1,0,-0.6347776,0.34642804,0,1,unassigned,32.0,32.0,0.0,1.0,0.0,0.0,0.058027077,0.0,0,0,0,0,0
10653,-1,0,2.1672995,0.8972744,1,1,unassigned,10.0,9.0,1.0,0.9,0.1,0.100000024,0.015473888,0.0015473888,0,0,0,1,0
10654,-1,0,2.009068,0.88174593,1,1,unassigned,8.0,7.0,1.0,0.875,0.125,0.125,0.0116054155,0.0014506769,0,0,0,1,0
10655,-1,1,2.0823271,0.8891735,1,1,unassigned,50.0,49.0,1.0,0.98,0.02,0.01999998,0.092843324,0.0018568664,1,0,0,1,0
10656,-1,0,2.2279441,0.902731,1,1,unassigned,9.0,8.0,1.0,0.8888889,0.11111111,0.111111104,0.013539651,0.0015044058,0,0,0,1,1
10657,-1,0,-0.95193344,0.27849615,0,1,unassigned,2.0,2.0,0.0,1.0,0.0,0.0,0.0,0.0,0,0,0,0,0
10658,-1,0,8.639191,0.99982303,1,1,unassigned,10.0,10.0,0.0,1.0,0.0,0.0,0.015473888,0.0,0,0,0,1,1
10659,-1,0,0.9818681,0.72747874,1,1,unassigned,26.0,26.0,0.0,1.0,0.0,0.0,0.046421662,0.0,0,0,0,1,0
10660,-1,0,-0.5595763,0.3636455,0,1,unassigned,58.0,58.0,0.0,1.0,0.0,0.0,0.10831721,0.0,0,0,0,0,0
10661,-1,0,5.692778,0.99664116,1,1,unassigned,2.0,2.0,0.0,1.0,0.0,0.0,0.0,0.0,0,0,0,1,1
10662,-1,0,-0.12920237,0.46774426,0,1,unassigned,48.0,47.0,1.0,0.9791667,0.020833334,0.020833313,0.088974856,0.0018536429,0,0,0,0,0
10663,-1,0,-0.7712791,0.31620246,0,1,unassigned,45.0,44.0,1.0,0.9777778,0.022222223,0.02222222,0.08317215,0.0018482701,0,0,0,0,0
10664,-1,0,-0.15145278,0.46220905,0,1,unassigned,25.0,25.0,0.0,1.0,0.0,0.0,0.044487428,0.0,0,0,0,0,0
10665,1,0,-0.38038218,0.40603474,0,1,unassigned,26.0,26.0,0.0,1.0,0.0,0.0,0.046421662,0.0,0,0,0,0,0
10666,-1,0,-0.6960225,0.33269468,0,1,unassigned,57.0,56.0,1.0,0.98245615,0.01754386,0.017543852,0.10638298,0.0018663681,0,0,0,0,0
10667,-1,0,-0.9070615,0.2876015,0,1,unassigned,70.0,68.0,2.0,0.9714286,0.028571429,0.028571427,0.13152805,0.0037579443,0,0,0,0,0
10668,-1,0,-0.69453216,0.33302563,0,1,unassigned,19.0,19.0,0.0,1.0,0.0,0.0,0.032882012,0.0,0,0,0,0,0
10669,-1,0,1.0044501,0.73193264,1,1,unassigned,14.0,12.0,2.0,0.85714287,0.14285715,0.14285713,0.023210831,0.0033158332,0,0,0,1,0
10670,-1,0,-0.7360516,0.32386816,0,1,unassigned,7.0,7.0,0.0,1.0,0.0,0.0,0.00967118,0.0,0,0,0,0,0
10671,-1,0,2.4142394,0.9179067,1,1,unassigned,9.0,9.0,0.0,1.0,0.0,0.0,0.013539651,0.0,0,0,0,1,1
10672,1,1,-0.35353884,0.4125245,0,1,unassigned,35.0,35.0,0.0,1.0,0.0,0.0,0.06382979,0.0,1,0,0,0,0
10673,-1,1,3.4194124,0.96830577,1,1,unassigned,3.0,3.0,0.0,1.0,0.0,0.0,0.001934236,0.0,1,0,0,1,1
10674,-1,0,-0.1411702,0.46476594,0,1,unassigned,4.0,4.0,0.0,1.0,0.0,0.0,0.003868472,0.0,0,0,0,0,0
10675,-1,0,-0.27284706,0.4322083,0,1,unassigned,27.0,27.0,0.0,1.0,0.0,0.0,0.0483559,0.0,0,0,0,0,0
10676,-1,0,5.216723,0.9946042,1,1,unassigned,11.0,9.0,2.0,0.8181818,0.18181819,0.18181819,0.017408123,0.0031651135,0,0,0,1,1
10677,-1,1,4.937356,0.99287754,1,1,unassigned,2.0,1.0,1.0,0.5,0.5,0.5,0.0,0.0,1,0,0,1,1
10678,-1,0,-0.8987025,0.28931722,0,1,unassigned,57.0,57.0,0.0,1.0,0.0,0.0,0.10638298,0.0,0,0,0,0,0
10679,-1,0,-0.66275644,0.34012067,0,1,unassigned,39.0,37.0,2.0,0.94871795,0.051282052,0.05128205,0.07156673,0.0036700887,0,0,0,0,0
10680,-1,0,-0.8091089,0.3080804,0,1,unassigned,96.0,94.0,2.0,0.9791667,0.020833334,0.020833313,0.18181819,0.003787879,0,0,0,0,0
10681,-1,0,-0.723406,0.32664338,0,1,unassigned,6.0,4.0,2.0,0.6666667,0.33333334,0.3333333,0.007736944,0.0025789815,0,0,0,0,0
10682,-1,0,0.60383064,0.64653224,1,1,unassigned,11.0,11.0,0.0,1.0,0.0,0.0,0.017408123,0.0,0,0,0,1,0
10683,0,0,-0.26952353,0.43302408,0,0,unassigned,3.0,2.0,1.0,0.6666667,0.33333334,0.3333333,0.001934236,0.00064474536,0,0,1,0,0
10684,-1,0,-0.44775796,0.38989398,0,1,unassigned,28.0,28.0,0.0,1.0,0.0,0.0,0.050290134,0.0,0,0,0,0,0
10685,0,0,-0.7988591,0.3102696,0,0,unassigned,9.0,9.0,0.0,1.0,0.0,0.0,0.013539651,0.0,0,0,1,0,0
10686,-1,0,-0.219863,0.44525462,0,1,unassigned,16.0,15.0,1.0,0.9375,0.0625,0.0625,0.027079303,0.0016924564,0,0,0,0,0
10687,-1,1,1.4565918,0.81101084,1,1,unassigned,83.0,80.0,3.0,0.96385545,0.036144577,0.036144555,0.15667312,0.0056628836,1,0,0,1,0
10688,0,0,-0.49183613,0.37946114,0,0,unassigned,71.0,71.0,0.0,1.0,0.0,0.0,0.13346228,0.0,0,0,1,0,0
10689,-1,0,2.2953327,0.9084897,1,1,unassigned,8.0,8.0,0.0,1.0,0.0,0.0,0.0116054155,0.0,0,0,0,1,1
10690,-1,0,-0.4582057,0.38741156,0,1,unassigned,34.0,33.0,1.0,0.9705882,0.029411765,0.029411793,0.061895553,0.0018204574,0,0,0,0,0
10691,1,1,4.233201,0.98570156,1,0,val,7.0,7.0,0.0,1.0,0.0,0.0,0.00967118,0.0,1,0,1,1,1
10692,-1,0,-0.62202036,0.34932208,0,1,unassigned,23.0,23.0,0.0,1.0,0.0,0.0,0.040618956,0.0,0,0,0,0,0
10693,-1,0,2.79234,0.9422605,1,1,unassigned,7.0,5.0,2.0,0.71428573,0.2857143,0.28571427,0.00967118,0.0027631943,0,0,0,1,1
10694,-1,0,-0.19025865,0.45257834,0,1,unassigned,11.0,11.0,0.0,1.0,0.0,0.0,0.017408123,0.0,0,0,0,0,0
10695,0,0,-0.97122383,0.27463663,0,0,unassigned,41.0,41.0,0.0,1.0,0.0,0.0,0.07543521,0.0,0,0,1,0,0
10696,0,0,-0.4736021,0.38376406,0,0,val,23.0,23.0,0.0,1.0,0.0,0.0,0.040618956,0.0,0,0,1,0,0
10697,0,0,-0.4994445,0.3776712,0,0,train,39.0,39.0,0.0,1.0,0.0,0.0,0.07156673,0.0,0,0,1,0,0
10698,0,1,-0.5624789,0.36297408,0,0,val,12.0,10.0,2.0,0.8333333,0.16666667,0.16666669,0.01934236,0.0032237265,1,0,1,0,0
10699,-1,0,-0.3859036,0.4047038,0,1,unassigned,52.0,50.0,2.0,0.96153843,0.03846154,0.038461566,0.0967118,0.0037196847,0,0,0,0,0
10700,-1,0,-0.48853773,0.38023812,0,1,unassigned,86.0,84.0,2.0,0.9767442,0.023255814,0.023255825,0.16247582,0.0037785075,0,0,0,0,0
10701,-1,0,-0.01243031,0.49689245,0,1,unassigned,26.0,22.0,4.0,0.84615386,0.15384616,0.15384614,0.046421662,0.0071417945,0,0,0,0,0
10702,0,0,-0.5348932,0.36937636,0,0,unassigned,8.0,8.0,0.0,1.0,0.0,0.0,0.0116054155,0.0,0,0,1,0,0
10703,-1,0,-0.80626655,0.30868664,0,1,unassigned,48.0,47.0,1.0,0.9791667,0.020833334,0.020833313,0.088974856,0.0018536429,0,0,0,0,0
10704,1,1,0.34544772,0.58551323,1,0,unassigned,71.0,52.0,19.0,0.73239434,0.26760563,0.26760566,0.13346228,0.03571526,1,0,1,1,0
10705,-1,0,-0.55661047,0.36433208,0,1,unassigned,29.0,29.0,0.0,1.0,0.0,0.0,0.05222437,0.0,0,0,0,0,0
10706,-1,0,-0.904181,0.28819206,0,1,unassigned,61.0,61.0,0.0,1.0,0.0,0.0,0.114119925,0.0,0,0,0,0,0
10707,-1,0,0.20537597,0.55116427,1,1,unassigned,17.0,16.0,1.0,0.9411765,0.05882353,0.058823526,0.029013539,0.0017066788,0,0,0,1,0
10708,0,0,-0.5774909,0.35951012,0,0,test,103.0,103.0,0.0,1.0,0.0,0.0,0.19535783,0.0,0,0,1,0,0
10709,-1,0,1.0743465,0.74542266,1,1,unassigned,3.0,2.0,1.0,0.6666667,0.33333334,0.3333333,0.001934236,0.00064474536,0,0,0,1,0
10710,-1,0,0.80518085,0.6910816,1,1,unassigned,7.0,7.0,0.0,1.0,0.0,0.0,0.00967118,0.0,0,0,0,1,0
10711,-1,0,-0.04554218,0.48861644,0,1,unassigned,2.0,2.0,0.0,1.0,0.0,0.0,0.0,0.0,0,0,0,0,0
10712,-1,0,0.7879892,0.68739945,1,1,unassigned,10.0,10.0,0.0,1.0,0.0,0.0,0.015473888,0.0,0,0,0,1,0
10713,0,1,-0.8092284,0.30805495,0,0,val,109.0,82.0,27.0,0.7522936,0.24770643,0.24770641,0.20696326,0.05126613,1,0,1,0,0
10714,1,0,2.476937,0.92250913,1,0,val,16.0,16.0,0.0,1.0,0.0,0.0,0.027079303,0.0,0,0,1,1,1
10715,-1,0,-0.45894548,0.38723603,0,1,unassigned,64.0,63.0,1.0,0.984375,0.015625,0.015625,0.11992263,0.0018737911,0,0,0,0,0
10716,-1,0,2.7230728,0.93837446,1,1,unassigned,7.0,7.0,0.0,1.0,0.0,0.0,0.00967118,0.0,0,0,0,1,1
10717,-1,0,-0.3332386,0.41745284,0,1,unassigned,40.0,40.0,0.0,1.0,0.0,0.0,0.07350097,0.0,0,0,0,0,0
10718,-1,1,0.11447829,0.52858835,1,1,unassigned,12.0,12.0,0.0,1.0,0.0,0.0,0.01934236,0.0,1,0,0,1,0
10719,-1,0,-0.5824617,0.35836634,0,1,unassigned,60.0,60.0,0.0,1.0,0.0,0.0,0.11218569,0.0,0,0,0,0,0
10720,-1,0,0.14366716,0.5358551,1,1,unassigned,2.0,2.0,0.0,1.0,0.0,0.0,0.0,0.0,0,0,0,1,0
10721,-1,0,-0.9929539,0.270329,0,1,unassigned,33.0,33.0,0.0,1.0,0.0,0.0,0.059961315,0.0,0,0,0,0,0
10722,-1,1,0.28871018,0.5716803,1,1,unassigned,10.0,10.0,0.0,1.0,0.0,0.0,0.015473888,0.0,1,0,0,1,0
10723,-1,0,2.0655653,0.88751096,1,1,unassigned,6.0,6.0,0.0,1.0,0.0,0.0,0.007736944,0.0,0,0,0,1,0
10724,-1,1,0.28733307,0.5713431,1,1,unassigned,2.0,2.0,0.0,1.0,0.0,0.0,0.0,0.0,1,0,0,1,0
10725,-1,0,-0.39813775,0.40175983,0,1,unassigned,68.0,68.0,0.0,1.0,0.0,0.0,0.12765957,0.0,0,0,0,0,0
10726,-1,1,3.9689229,0.98145664,1,1,unassigned,5.0,4.0,1.0,0.8,0.2,0.19999999,0.0058027077,0.0011605415,1,0,0,1,1
10727,-1,1,-0.2885204,0.42836612,0,1,unassigned,68.0,66.0,2.0,0.9705882,0.029411765,0.029411793,0.12765957,0.0037546933,1,0,0,0,0
10728,-1,0,-0.065499365,0.483631,0,1,unassigned,2.0,2.0,0.0,1.0,0.0,0.0,0.0,0.0,0,0,0,0,0
10729,-1,0,-0.34052074,0.41568297,0,1,unassigned,32.0,32.0,0.0,1.0,0.0,0.0,0.058027077,0.0,0,0,0,0,0
10730,1,0,3.1703322,0.9597024,1,0,unassigned,10.0,10.0,0.0,1.0,0.0,0.0,0.015473888,0.0,0,0,1,1,1
10731,-1,0,2.5018237,0.9242696,1,1,unassigned,10.0,8.0,2.0,0.8,0.2,0.19999999,0.015473888,0.0030947777,0,0,0,1,1
10732,-1,0,-0.14388216,0.4640914,0,1,unassigned,21.0,20.0,1.0,0.95238096,0.04761905,0.047619045,0.036750484,0.0017500231,0,0,0,0,0
10733,-1,0,0.33584863,0.5831818,1,1,unassigned,2.0,2.0,0.0,1.0,0.0,0.0,0.0,0.0,0,0,0,1,0
10734,1,1,3.4438221,0.96904635,1,0,test,41.0,32.0,9.0,0.7804878,0.2195122,0.21951222,0.07543521,0.016558947,1,0,1,1,1
10735,-1,1,2.8616107,0.94591576,1,1,unassigned,2.0,2.0,0.0,1.0,0.0,0.0,0.0,0.0,1,0,0,1,1
10736,-1,1,-0.06929463,0.48268324,0,1,unassigned,2.0,2.0,0.0,1.0,0.0,0.0,0.0,0.0,1,0,0,0,0
10737,-1,0,1.2527645,0.777778,1,1,unassigned,2.0,2.0,0.0,1.0,0.0,0.0,0.0,0.0,0,0,0,1,0
10738,-1,1,-0.45710254,0.38767344,0,1,unassigned,21.0,19.0,2.0,0.9047619,0.0952381,0.09523809,0.036750484,0.0035000462,1,0,0,0,0
10739,-1,0,-0.35946655,0.41108868,0,1,unassigned,47.0,46.0,1.0,0.9787234,0.021276595,0.021276593,0.08704062,0.001851928,0,0,0,0,0
10740,0,0,-0.43466097,0.3930139,0,0,unassigned,22.0,22.0,0.0,1.0,0.0,0.0,0.03868472,0.0,0,0,1,0,0
10741,-1,1,4.108204,0.98382854,1,1,unassigned,21.0,19.0,2.0,0.9047619,0.0952381,0.09523809,0.036750484,0.0035000462,1,0,0,1,1
10742,0,0,1.3131826,0.7880452,1,1,test,21.0,21.0,0.0,1.0,0.0,0.0,0.036750484,0.0,0,0,0,1,0
10743,-1,0,-0.50086,0.3773386,0,1,unassigned,11.0,11.0,0.0,1.0,0.0,0.0,0.017408123,0.0,0,0,0,0,0
10744,-1,0,1.190068,0.7667532,1,1,unassigned,9.0,9.0,0.0,1.0,0.0,0.0,0.013539651,0.0,0,0,0,1,0
10745,-1,0,0.5502947,0.634204,1,1,unassigned,21.0,21.0,0.0,1.0,0.0,0.0,0.036750484,0.0,0,0,0,1,0
10746,-1,0,-0.8845884,0.29222783,0,1,unassigned,8.0,8.0,0.0,1.0,0.0,0.0,0.0116054155,0.0,0,0,0,0,0
10747,-1,0,0.7236274,0.6734053,1,1,unassigned,12.0,12.0,0.0,1.0,0.0,0.0,0.01934236,0.0,0,0,0,1,0
10748,1,0,-0.8051317,0.30892888,0,1,unassigned,76.0,76.0,0.0,1.0,0.0,0.0,0.14313346,0.0,0,0,0,0,0
10749,-1,0,2.0777693,0.8887236,1,1,unassigned,2.0,2.0,0.0,1.0,0.0,0.0,0.0,0.0,0,0,0,1,0
10750,-1,0,5.4759555,0.9958312,1,1,unassigned,3.0,3.0,0.0,1.0,0.0,0.0,0.001934236,0.0,0,0,0,1,1
10751,-1,1,5.5466056,0.9961145,1,1,unassigned,2.0,2.0,0.0,1.0,0.0,0.0,0.0,0.0,1,0,0,1,1
10752,-1,0,0.024073482,0.5060181,1,1,unassigned,25.0,25.0,0.0,1.0,0.0,0.0,0.044487428,0.0,0,0,0,1,0
10753,0,0,0.115051806,0.5287313,1,1,val,5.0,5.0,0.0,1.0,0.0,0.0,0.0058027077,0.0,0,0,0,1,0
10754,-1,0,3.6048062,0.97352713,1,1,unassigned,2.0,2.0,0.0,1.0,0.0,0.0,0.0,0.0,0,0,0,1,1
10755,1,0,1.2052298,0.7694538,1,0,unassigned,6.0,4.0,2.0,0.6666667,0.33333334,0.3333333,0.007736944,0.0025789815,0,0,1,1,0
10756,-1,0,4.18585,0.98501855,1,1,unassigned,6.0,6.0,0.0,1.0,0.0,0.0,0.007736944,0.0,0,0,0,1,1
10757,-1,1,2.8641832,0.9460472,1,1,unassigned,4.0,3.0,1.0,0.75,0.25,0.25,0.003868472,0.000967118,1,0,0,1,1
10758,1,0,4.2679243,0.9861828,1,0,test,6.0,6.0,0.0,1.0,0.0,0.0,0.007736944,0.0,0,0,1,1,1
10759,-1,0,-0.39391938,0.40277416,0,1,unassigned,9.0,9.0,0.0,1.0,0.0,0.0,0.013539651,0.0,0,0,0,0,0
10760,-1,0,3.6618464,0.9749581,1,1,unassigned,9.0,8.0,1.0,0.8888889,0.11111111,0.111111104,0.013539651,0.0015044058,0,0,0,1,1
10761,-1,0,3.4037497,0.9678215,1,1,unassigned,19.0,19.0,0.0,1.0,0.0,0.0,0.032882012,0.0,0,0,0,1,1
10762,-1,0,3.020734,0.95350206,1,1,unassigned,6.0,5.0,1.0,0.8333333,0.16666667,0.16666669,0.007736944,0.0012894907,0,0,0,1,1
10763,-1,1,2.764712,0.94073886,1,1,unassigned,7.0,7.0,0.0,1.0,0.0,0.0,0.00967118,0.0,1,0,0,1,1
10764,-1,0,3.8513253,0.97919065,1,1,unassigned,31.0,28.0,3.0,0.9032258,0.09677419,0.09677422,0.056092843,0.0054283394,0,0,0,1,1
10765,-1,1,-0.80970657,0.30795303,0,1,unassigned,81.0,75.0,6.0,0.9259259,0.074074075,0.07407409,0.15280464,0.011318862,1,0,0,0,0
10766,-1,1,0.24315304,0.5604905,1,1,unassigned,7.0,7.0,0.0,1.0,0.0,0.0,0.00967118,0.0,1,0,0,1,0
10767,-1,0,-0.428897,0.39438972,0,1,unassigned,12.0,11.0,1.0,0.9166667,0.083333336,0.08333331,0.01934236,0.0016118633,0,0,0,0,0
10768,-1,1,0.834739,0.69735605,1,1,unassigned,8.0,8.0,0.0,1.0,0.0,0.0,0.0116054155,0.0,1,0,0,1,0
10769,-1,0,6.4007015,0.9983424,1,1,unassigned,2.0,2.0,0.0,1.0,0.0,0.0,0.0,0.0,0,0,0,1,1
10770,-1,0,4.983701,0.9931979,1,1,unassigned,2.0,2.0,0.0,1.0,0.0,0.0,0.0,0.0,0,0,0,1,1
10771,-1,0,-0.72197855,0.32695743,0,1,unassigned,48.0,48.0,0.0,1.0,0.0,0.0,0.088974856,0.0,0,0,0,0,0
10772,-1,0,3.8912613,0.979989,1,1,unassigned,5.0,5.0,0.0,1.0,0.0,0.0,0.0058027077,0.0,0,0,0,1,1
10773,-1,0,-0.2672087,0.4335925,0,1,unassigned,44.0,43.0,1.0,0.97727275,0.022727273,0.022727251,0.08123791,0.0018463163,0,0,0,0,0
10774,-1,0,5.4124465,0.9955591,1,1,unassigned,12.0,11.0,1.0,0.9166667,0.083333336,0.08333331,0.01934236,0.0016118633,0,0,0,1,1
10775,-1,0,-0.6333804,0.34674445,0,1,unassigned,14.0,14.0,0.0,1.0,0.0,0.0,0.023210831,0.0,0,0,0,0,0
10776,-1,0,-0.7365769,0.32375312,0,1,unassigned,68.0,68.0,0.0,1.0,0.0,0.0,0.12765957,0.0,0,0,0,0,0
10777,-1,0,0.30772406,0.57632965,1,1,unassigned,15.0,15.0,0.0,1.0,0.0,0.0,0.025145067,0.0,0,0,0,1,0
10778,-1,0,-0.89525884,0.29002577,0,1,unassigned,72.0,71.0,1.0,0.9861111,0.013888889,0.0138888955,0.13539653,0.0018805073,0,0,0,0,0
10779,-1,0,-0.94790375,0.27930656,0,1,unassigned,81.0,77.0,4.0,0.9506173,0.049382716,0.049382687,0.15280464,0.0075459084,0,0,0,0,0
10780,-1,0,0.49936742,0.62231064,1,1,unassigned,47.0,46.0,1.0,0.9787234,0.021276595,0.021276593,0.08704062,0.001851928,0,0,0,1,0
10781,-1,0,-0.97201705,0.2744786,0,1,unassigned,174.0,169.0,5.0,0.97126436,0.028735632,0.028735638,0.3326886,0.009560017,0,0,0,0,0
10782,1,0,0.16187531,0.54038066,1,0,test,46.0,45.0,1.0,0.9782609,0.02173913,0.021739125,0.08510638,0.0018501388,0,0,1,1,0
10783,-1,0,-0.30654073,0.4239593,0,1,unassigned,52.0,52.0,0.0,1.0,0.0,0.0,0.0967118,0.0,0,0,0,0,0
10784,0,0,-0.54612684,0.36676347,0,0,val,44.0,39.0,5.0,0.8863636,0.11363637,0.113636374,0.08123791,0.009231581,0,0,1,0,0
10785,-1,0,1.846137,0.8636729,1,1,unassigned,14.0,14.0,0.0,1.0,0.0,0.0,0.023210831,0.0,0,0,0,1,0
10786,-1,1,0.37985927,0.59383917,1,1,unassigned,25.0,23.0,2.0,0.92,0.08,0.07999998,0.044487428,0.003558994,1,0,0,1,0
10787,-1,0,-0.07093096,0.4822747,0,1,unassigned,3.0,3.0,0.0,1.0,0.0,0.0,0.001934236,0.0,0,0,0,0,0
10788,1,1,2.3557227,0.9133881,1,0,test,14.0,12.0,2.0,0.85714287,0.14285715,0.14285713,0.023210831,0.0033158332,1,0,1,1,1
10789,-1,0,-0.39665473,0.40211633,0,1,unassigned,2.0,2.0,0.0,1.0,0.0,0.0,0.0,0.0,0,0,0,0,0
10790,-1,0,1.141614,0.7579758,1,1,unassigned,3.0,1.0,2.0,0.33333334,0.6666667,0.6666666,0.001934236,0.0012894907,0,0,0,1,0
10791,-1,0,1.5521739,0.82522744,1,1,unassigned,6.0,6.0,0.0,1.0,0.0,0.0,0.007736944,0.0,0,0,0,1,0
10792,-1,0,-0.891832,0.2907319,0,1,unassigned,69.0,68.0,1.0,0.98550725,0.014492754,0.01449275,0.1295938,0.0018781711,0,0,0,0,0
10793,-1,0,-0.45437944,0.38832003,0,1,unassigned,20.0,20.0,0.0,1.0,0.0,0.0,0.034816246,0.0,0,0,0,0,0
10794,-1,0,-0.59815717,0.35476542,0,1,unassigned,37.0,37.0,0.0,1.0,0.0,0.0,0.06769826,0.0,0,0,0,0,0
10795,-1,0,1.6413653,0.83772063,1,1,unassigned,8.0,7.0,1.0,0.875,0.125,0.125,0.0116054155,0.0014506769,0,0,0,1,0
10796,-1,0,-0.16588485,0.45862365,0,1,unassigned,25.0,23.0,2.0,0.92,0.08,0.07999998,0.044487428,0.003558994,0,0,0,0,0
10797,-1,0,-0.26509193,0.43411243,0,1,unassigned,14.0,14.0,0.0,1.0,0.0,0.0,0.023210831,0.0,0,0,0,0,0
10798,-1,0,-0.37964448,0.40621266,0,1,unassigned,44.0,42.0,2.0,0.95454544,0.045454547,0.04545456,0.08123791,0.0036926325,0,0,0,0,0
10799,-1,0,0.13920492,0.53474516,1,1,unassigned,31.0,31.0,0.0,1.0,0.0,0.0,0.056092843,0.0,0,0,0,1,0
10800,0,0,-0.9079938,0.28741053,0,0,test,29.0,29.0,0.0,1.0,0.0,0.0,0.05222437,0.0,0,0,1,0,0
10801,-1,0,-0.8457465,0.30032587,0,1,unassigned,91.0,90.0,1.0,0.989011,0.010989011,0.01098901,0.172147,0.0018917253,0,0,0,0,0
10802,1,0,-0.20162433,0.449764,0,1,unassigned,21.0,21.0,0.0,1.0,0.0,0.0,0.036750484,0.0,0,0,0,0,0
10803,0,0,-0.9681144,0.27525648,0,0,val,2.0,2.0,0.0,1.0,0.0,0.0,0.0,0.0,0,0,1,0,0
10804,-1,0,-0.6764,0.33706528,0,1,unassigned,60.0,60.0,0.0,1.0,0.0,0.0,0.11218569,0.0,0,0,0,0,0
10805,-1,0,-0.84918016,0.29960486,0,1,unassigned,93.0,93.0,0.0,1.0,0.0,0.0,0.17601547,0.0,0,0,0,0,0
10806,-1,0,-0.16706502,0.4583306,0,1,unassigned,15.0,15.0,0.0,1.0,0.0,0.0,0.025145067,0.0,0,0,0,0,0
10807,-1,0,-0.627873,0.34799302,0,1,unassigned,61.0,61.0,0.0,1.0,0.0,0.0,0.114119925,0.0,0,0,0,0,0
10808,-1,0,-0.41472492,0.39777973,0,1,unassigned,16.0,16.0,0.0,1.0,0.0,0.0,0.027079303,0.0,0,0,0,0,0
10809,-1,0,-0.26304764,0.43461466,0,1,unassigned,34.0,33.0,1.0,0.9705882,0.029411765,0.029411793,0.061895553,0.0018204574,0,0,0,0,0
10810,0,0,-0.45497394,0.38817883,0,0,unassigned,11.0,11.0,0.0,1.0,0.0,0.0,0.017408123,0.0,0,0,1,0,0
10811,-1,0,-0.41011673,0.39888412,0,1,unassigned,27.0,27.0,0.0,1.0,0.0,0.0,0.0483559,0.0,0,0,0,0,0
10812,-1,0,-0.6898751,0.33406085,0,1,unassigned,4.0,4.0,0.0,1.0,0.0,0.0,0.003868472,0.0,0,0,0,0,0
10813,1,0,-0.39631623,0.40219775,0,1,unassigned,16.0,15.0,1.0,0.9375,0.0625,0.0625,0.027079303,0.0016924564,0,0,0,0,0
10814,-1,0,2.3818424,0.9154322,1,1,unassigned,2.0,2.0,0.0,1.0,0.0,0.0,0.0,0.0,0,0,0,1,1
10815,-1,0,0.88143927,0.70712036,1,1,unassigned,73.0,72.0,1.0,0.98630136,0.01369863,0.0136986375,0.13733076,0.0018812432,0,0,0,1,0
10816,-1,0,-0.6781038,0.33668464,0,1,unassigned,6.0,4.0,2.0,0.6666667,0.33333334,0.3333333,0.007736944,0.0025789815,0,0,0,0,0
10817,-1,0,2.077965,0.888743,1,1,unassigned,16.0,14.0,2.0,0.875,0.125,0.125,0.027079303,0.0033849129,0,0,0,1,0
10818,-1,0,-0.9214688,0.2846587,0,1,unassigned,70.0,66.0,4.0,0.94285715,0.057142857,0.057142854,0.13152805,0.0075158887,0,0,0,0,0
10819,-1,0,0.78560644,0.68688715,1,1,unassigned,8.0,8.0,0.0,1.0,0.0,0.0,0.0116054155,0.0,0,0,0,1,0
10820,-1,0,-0.9582506,0.2772286,0,1,unassigned,104.0,95.0,9.0,0.91346157,0.086538464,0.086538434,0.19729207,0.017073354,0,0,0,0,0
10821,-1,0,3.7149127,0.9762216,1,1,unassigned,13.0,12.0,1.0,0.9230769,0.07692308,0.07692307,0.021276595,0.0016366612,0,0,0,1,1
10822,-1,0,-0.5915646,0.35627592,0,1,unassigned,60.0,57.0,3.0,0.95,0.05,0.050000012,0.11218569,0.0056092846,0,0,0,0,0
10823,-1,0,1.6988537,0.84538496,1,1,unassigned,12.0,11.0,1.0,0.9166667,0.083333336,0.08333331,0.01934236,0.0016118633,0,0,0,1,0
10824,-1,0,7.5492396,0.99947375,1,1,unassigned,5.0,5.0,0.0,1.0,0.0,0.0,0.0058027077,0.0,0,0,0,1,1
10825,-1,0,-0.38080502,0.40593272,0,1,unassigned,29.0,29.0,0.0,1.0,0.0,0.0,0.05222437,0.0,0,0,0,0,0
10826,-1,1,11.1595745,0.9999858,1,1,unassigned,3.0,3.0,0.0,1.0,0.0,0.0,0.001934236,0.0,1,0,0,1,1
10827,-1,0,2.6495686,0.9339844,1,1,unassigned,2.0,2.0,0.0,1.0,0.0,0.0,0.0,0.0,0,0,0,1,1
10828,-1,1,2.5116265,0.9249528,1,1,unassigned,5.0,5.0,0.0,1.0,0.0,0.0,0.0058027077,0.0,1,0,0,1,1
10829,0,0,0.38039005,0.5939672,1,1,unassigned,2.0,2.0,0.0,1.0,0.0,0.0,0.0,0.0,0,0,0,1,0
10830,1,0,0.67529994,0.6626889,1,0,unassigned,81.0,78.0,3.0,0.962963,0.037037037,0.037037015,0.15280464,0.005659431,0,0,1,1,0
10831,-1,0,7.347611,0.9993563,1,1,unassigned,2.0,2.0,0.0,1.0,0.0,0.0,0.0,0.0,0,0,0,1,1
10832,-1,0,1.667062,0.8411837,1,1,unassigned,24.0,22.0,2.0,0.9166667,0.083333336,0.08333331,0.04255319,0.0035460992,0,0,0,1,0
10833,-1,0,0.71023244,0.67045254,1,1,unassigned,2.0,2.0,0.0,1.0,0.0,0.0,0.0,0.0,0,0,0,1,0
10834,-1,0,0.30189627,0.57490605,1,1,unassigned,10.0,9.0,1.0,0.9,0.1,0.100000024,0.015473888,0.0015473888,0,0,0,1,0
10835,1,0,-0.027944863,0.49301425,0,1,unassigned,26.0,26.0,0.0,1.0,0.0,0.0,0.046421662,0.0,0,0,0,0,0
10836,-1,0,0.5304442,0.6295867,1,1,unassigned,13.0,13.0,0.0,1.0,0.0,0.0,0.021276595,0.0,0,0,0,1,0
10837,-1,1,4.949966,0.9929662,1,1,unassigned,3.0,3.0,0.0,1.0,0.0,0.0,0.001934236,0.0,1,0,0,1,1
10838,-1,1,-0.80433726,0.30909848,0,1,unassigned,2.0,2.0,0.0,1.0,0.0,0.0,0.0,0.0,1,0,0,0,0
10839,-1,0,-0.82924044,0.30380568,0,1,unassigned,17.0,17.0,0.0,1.0,0.0,0.0,0.029013539,0.0,0,0,0,0,0
10840,-1,1,2.6412456,0.9334693,1,1,unassigned,4.0,3.0,1.0,0.75,0.25,0.25,0.003868472,0.000967118,1,0,0,1,1
10841,-1,1,-0.1138283,0.47157362,0,1,unassigned,5.0,5.0,0.0,1.0,0.0,0.0,0.0058027077,0.0,1,0,0,0,0
10842,-1,1,7.707936,0.9995509,1,1,unassigned,2.0,1.0,1.0,0.5,0.5,0.5,0.0,0.0,1,0,0,1,1
10843,0,0,-0.3941667,0.40271467,0,0,unassigned,23.0,23.0,0.0,1.0,0.0,0.0,0.040618956,0.0,0,0,1,0,0
10844,-1,0,-0.33228305,0.41768524,0,1,unassigned,59.0,58.0,1.0,0.9830508,0.016949153,0.016949177,0.11025145,0.0018686686,0,0,0,0,0
10845,-1,0,-0.52717084,0.371177,0,1,unassigned,10.0,10.0,0.0,1.0,0.0,0.0,0.015473888,0.0,0,0,0,0,0
10846,-1,0,-0.5424164,0.36762562,0,1,unassigned,18.0,17.0,1.0,0.9444444,0.055555556,0.055555582,0.030947777,0.0017193209,0,0,0,0,0
10847,-1,0,-0.62715024,0.34815702,0,1,unassigned,34.0,33.0,1.0,0.9705882,0.029411765,0.029411793,0.061895553,0.0018204574,0,0,0,0,0
10848,-1,1,-0.63316274,0.34679374,0,1,unassigned,21.0,21.0,0.0,1.0,0.0,0.0,0.036750484,0.0,1,0,0,0,0
10849,0,0,-0.7319837,0.32475957,0,0,val,48.0,48.0,0.0,1.0,0.0,0.0,0.088974856,0.0,0,0,1,0,0
10850,-1,0,0.008549631,0.5021374,1,1,unassigned,7.0,7.0,0.0,1.0,0.0,0.0,0.00967118,0.0,0,0,0,1,0
10851,-1,0,2.7582836,0.94037944,1,1,unassigned,2.0,1.0,1.0,0.5,0.5,0.5,0.0,0.0,0,0,0,1,1
10852,-1,0,-0.8587837,0.29759353,0,1,unassigned,37.0,37.0,0.0,1.0,0.0,0.0,0.06769826,0.0,0,0,0,0,0
10853,-1,0,-0.6106024,0.3519218,0,1,unassigned,100.0,99.0,1.0,0.99,0.01,0.00999999,0.18955512,0.0018955512,0,0,0,0,0
10854,-1,0,-0.7906865,0.3120213,0,1,unassigned,47.0,46.0,1.0,0.9787234,0.021276595,0.021276593,0.08704062,0.001851928,0,0,0,0,0
10855,-1,0,-0.25349241,0.4369641,0,1,unassigned,48.0,47.0,1.0,0.9791667,0.020833334,0.020833313,0.088974856,0.0018536429,0,0,0,0,0
10856,-1,0,-0.8858259,0.29197198,0,1,unassigned,22.0,22.0,0.0,1.0,0.0,0.0,0.03868472,0.0,0,0,0,0,0
10857,-1,0,0.22935367,0.5570884,1,1,unassigned,10.0,10.0,0.0,1.0,0.0,0.0,0.015473888,0.0,0,0,0,1,0
10858,-1,0,-0.035968065,0.491009,0,1,unassigned,27.0,25.0,2.0,0.9259259,0.074074075,0.07407409,0.0483559,0.0035819185,0,0,0,0,0
10859,-1,0,-0.14604104,0.46355447,0,1,unassigned,70.0,68.0,2.0,0.9714286,0.028571429,0.028571427,0.13152805,0.0037579443,0,0,0,0,0
10860,-1,0,-0.6683371,0.3388693,0,1,unassigned,39.0,39.0,0.0,1.0,0.0,0.0,0.07156673,0.0,0,0,0,0,0
10861,0,0,0.10906857,0.52724016,1,1,val,30.0,28.0,2.0,0.93333334,0.06666667,0.06666666,0.054158606,0.003610574,0,0,0,1,0
10862,-1,0,-0.4381702,0.39217708,0,1,unassigned,76.0,75.0,1.0,0.9868421,0.013157895,0.013157904,0.14313346,0.0018833351,0,0,0,0,0
10863,-1,0,-0.13553458,0.46616814,0,1,unassigned,25.0,25.0,0.0,1.0,0.0,0.0,0.044487428,0.0,0,0,0,0,0
10864,-1,0,-0.89382327,0.29032147,0,1,unassigned,43.0,42.0,1.0,0.9767442,0.023255814,0.023255825,0.079303674,0.0018442714,0,0,0,0,0
10865,-1,0,-0.5350872,0.36933115,0,1,unassigned,38.0,38.0,0.0,1.0,0.0,0.0,0.06963249,0.0,0,0,0,0,0
10866,-1,0,-0.42280924,0.3958447,0,1,unassigned,24.0,23.0,1.0,0.9583333,0.041666668,0.041666687,0.04255319,0.0017730496,0,0,0,0,0
10867,-1,0,-0.38167518,0.40572292,0,1,unassigned,7.0,7.0,0.0,1.0,0.0,0.0,0.00967118,0.0,0,0,0,0,0
10868,-1,0,-0.46127716,0.3866829,0,1,unassigned,29.0,28.0,1.0,0.9655172,0.03448276,0.034482777,0.05222437,0.0018008404,0,0,0,0,0
10869,-1,0,0.5525537,0.6347279,1,1,unassigned,33.0,31.0,2.0,0.93939394,0.060606062,0.060606062,0.059961315,0.0036340193,0,0,0,1,0
10870,-1,0,0.5711737,0.639034,1,1,unassigned,16.0,15.0,1.0,0.9375,0.0625,0.0625,0.027079303,0.0016924564,0,0,0,1,0
10871,-1,0,-0.23204345,0.44224802,0,1,unassigned,42.0,42.0,0.0,1.0,0.0,0.0,0.07736944,0.0,0,0,0,0,0
10872,-1,0,-0.39233124,0.40315622,0,1,unassigned,21.0,21.0,0.0,1.0,0.0,0.0,0.036750484,0.0,0,0,0,0,0
10873,0,0,-0.49423614,0.37889618,0,0,unassigned,34.0,32.0,2.0,0.9411765,0.05882353,0.058823526,0.061895553,0.0036409148,0,0,1,0,0
10874,-1,0,-0.15913492,0.46030003,0,1,unassigned,26.0,26.0,0.0,1.0,0.0,0.0,0.046421662,0.0,0,0,0,0,0
10875,-1,0,-0.05144286,0.48714215,0,1,unassigned,29.0,29.0,0.0,1.0,0.0,0.0,0.05222437,0.0,0,0,0,0,0
10876,-1,0,-0.8737502,0.29447457,0,1,unassigned,53.0,53.0,0.0,1.0,0.0,0.0,0.09864604,0.0,0,0,0,0,0
10877,-1,0,-0.84214157,0.30108395,0,1,unassigned,64.0,63.0,1.0,0.984375,0.015625,0.015625,0.11992263,0.0018737911,0,0,0,0,0
10878,-1,0,-0.94426334,0.28003997,0,1,unassigned,31.0,31.0,0.0,1.0,0.0,0.0,0.056092843,0.0,0,0,0,0,0
10879,-1,1,-0.41794807,0.39700788,0,1,unassigned,86.0,85.0,1.0,0.9883721,0.011627907,0.0116279125,0.16247582,0.0018892537,1,0,0,0,0
10880,-1,0,-0.8934901,0.29039013,0,1,unassigned,6.0,5.0,1.0,0.8333333,0.16666667,0.16666669,0.007736944,0.0012894907,0,0,0,0,0
10881,-1,0,4.7060475,0.9910405,1,1,unassigned,4.0,4.0,0.0,1.0,0.0,0.0,0.003868472,0.0,0,0,0,1,1
10882,-1,1,-0.36899278,0.40878442,0,1,unassigned,4.0,4.0,0.0,1.0,0.0,0.0,0.003868472,0.0,1,0,0,0,0
10883,-1,0,0.2810775,0.5698104,1,1,unassigned,4.0,4.0,0.0,1.0,0.0,0.0,0.003868472,0.0,0,0,0,1,0
10884,-1,0,-0.7590971,0.31884235,0,1,unassigned,17.0,17.0,0.0,1.0,0.0,0.0,0.029013539,0.0,0,0,0,0,0
10885,-1,0,-0.20489466,0.4489548,0,1,unassigned,34.0,34.0,0.0,1.0,0.0,0.0,0.061895553,0.0,0,0,0,0,0
10886,-1,1,0.07773781,0.5194247,1,1,unassigned,2.0,2.0,0.0,1.0,0.0,0.0,0.0,0.0,1,0,0,1,0
10887,-1,1,0.46697825,0.6146683,1,1,unassigned,3.0,3.0,0.0,1.0,0.0,0.0,0.001934236,0.0,1,0,0,1,0
10888,-1,1,0.46697825,0.6146683,1,1,unassigned,3.0,3.0,0.0,1.0,0.0,0.0,0.001934236,0.0,1,0,0,1,0
10889,-1,1,0.89599067,0.7101249,1,1,unassigned,28.0,16.0,12.0,0.5714286,0.42857143,0.4285714,0.050290134,0.021552915,1,0,0,1,0
10890,-1,0,2.8232796,0.9439209,1,1,unassigned,4.0,4.0,0.0,1.0,0.0,0.0,0.003868472,0.0,0,0,0,1,1
10891,1,1,1.4631445,0.81201315,1,0,test,7.0,2.0,5.0,0.2857143,0.71428573,0.71428573,0.00967118,0.0069079855,1,0,1,1,0
10892,-1,0,0.88497835,0.70785284,1,1,unassigned,5.0,5.0,0.0,1.0,0.0,0.0,0.0058027077,0.0,0,0,0,1,0
10893,-1,0,1.2022634,0.76892716,1,1,unassigned,3.0,3.0,0.0,1.0,0.0,0.0,0.001934236,0.0,0,0,0,1,0
10894,-1,0,-0.04897791,0.48775798,0,1,unassigned,2.0,2.0,0.0,1.0,0.0,0.0,0.0,0.0,0,0,0,0,0
10895,1,0,-0.72035277,0.3273153,0,1,val,24.0,24.0,0.0,1.0,0.0,0.0,0.04255319,0.0,0,0,0,0,0
10896,-1,0,0.07510942,0.51876855,1,1,unassigned,7.0,6.0,1.0,0.85714287,0.14285715,0.14285713,0.00967118,0.0013815971,0,0,0,1,0
10897,-1,0,0.23743111,0.5590805,1,1,unassigned,15.0,15.0,0.0,1.0,0.0,0.0,0.025145067,0.0,0,0,0,1,0
10898,-1,0,0.46813852,0.6149431,1,1,unassigned,18.0,18.0,0.0,1.0,0.0,0.0,0.030947777,0.0,0,0,0,1,0
10899,-1,0,-0.91234577,0.28652006,0,1,unassigned,17.0,17.0,0.0,1.0,0.0,0.0,0.029013539,0.0,0,0,0,0,0
10900,0,0,-0.50577813,0.37618375,0,0,val,55.0,55.0,0.0,1.0,0.0,0.0,0.102514505,0.0,0,0,1,0,0
10901,-1,0,2.3890514,0.9159886,1,1,unassigned,8.0,8.0,0.0,1.0,0.0,0.0,0.0116054155,0.0,0,0,0,1,1
10902,-1,0,-0.4916996,0.3794933,0,1,unassigned,146.0,142.0,4.0,0.9726027,0.02739726,0.027397275,0.27852997,0.007630958,0,0,0,0,0
10903,-1,0,-0.42077005,0.3963325,0,1,unassigned,23.0,23.0,0.0,1.0,0.0,0.0,0.040618956,0.0,0,0,0,0,0
10904,1,0,2.2982006,0.9087279,1,0,unassigned,13.0,12.0,1.0,0.9230769,0.07692308,0.07692307,0.021276595,0.0016366612,0,0,1,1,1
10905,-1,0,-0.83502614,0.30258337,0,1,unassigned,29.0,29.0,0.0,1.0,0.0,0.0,0.05222437,0.0,0,0,0,0,0
10906,-1,0,-0.25716856,0.43605986,0,1,unassigned,36.0,35.0,1.0,0.9722222,0.027777778,0.027777791,0.065764025,0.0018267785,0,0,0,0,0
10907,-1,0,2.756766,0.94029427,1,1,unassigned,8.0,8.0,0.0,1.0,0.0,0.0,0.0116054155,0.0,0,0,0,1,1
10908,-1,1,1.0311542,0.7371396,1,1,unassigned,9.0,9.0,0.0,1.0,0.0,0.0,0.013539651,0.0,1,0,0,1,0
10909,-1,0,-0.019021273,0.49524486,0,1,unassigned,12.0,12.0,0.0,1.0,0.0,0.0,0.01934236,0.0,0,0,0,0,0
10910,-1,0,0.6008361,0.64584756,1,1,unassigned,4.0,4.0,0.0,1.0,0.0,0.0,0.003868472,0.0,0,0,0,1,0
10911,-1,0,2.987449,0.9520039,1,1,unassigned,2.0,2.0,0.0,1.0,0.0,0.0,0.0,0.0,0,0,0,1,1
10912,-1,0,0.99185497,0.72945416,1,1,unassigned,3.0,3.0,0.0,1.0,0.0,0.0,0.001934236,0.0,0,0,0,1,0
10913,-1,0,-0.27215663,0.43237773,0,1,unassigned,8.0,7.0,1.0,0.875,0.125,0.125,0.0116054155,0.0014506769,0,0,0,0,0
10914,0,0,-0.29576978,0.4265919,0,0,unassigned,15.0,15.0,0.0,1.0,0.0,0.0,0.025145067,0.0,0,0,1,0,0
10915,-1,0,-0.36966613,0.4086217,0,1,unassigned,21.0,21.0,0.0,1.0,0.0,0.0,0.036750484,0.0,0,0,0,0,0
10916,-1,1,-0.33357155,0.41737187,0,1,unassigned,43.0,41.0,2.0,0.95348835,0.046511628,0.04651165,0.079303674,0.0036885429,1,0,0,0,0
10917,-1,1,0.64841276,0.6566527,1,1,unassigned,66.0,66.0,0.0,1.0,0.0,0.0,0.123791106,0.0,1,0,0,1,0
10918,1,0,3.7871916,0.97784287,1,0,unassigned,38.0,37.0,1.0,0.9736842,0.02631579,0.026315808,0.06963249,0.0018324341,0,0,1,1,1
10919,-1,0,-0.26318517,0.4345809,0,1,unassigned,28.0,27.0,1.0,0.96428573,0.035714287,0.03571427,0.050290134,0.0017960763,0,0,0,0,0
10920,-1,1,-0.09203616,0.47700718,0,1,unassigned,13.0,9.0,4.0,0.6923077,0.30769232,0.3076923,0.021276595,0.006546645,1,0,0,0,0
10921,0,0,0.17877394,0.54457486,1,1,unassigned,15.0,15.0,0.0,1.0,0.0,0.0,0.025145067,0.0,0,0,0,1,0
10922,0,0,-0.29618794,0.42648965,0,0,test,3.0,2.0,1.0,0.6666667,0.33333334,0.3333333,0.001934236,0.00064474536,0,0,1,0,0
10923,-1,0,8.081278,0.9996909,1,1,unassigned,2.0,2.0,0.0,1.0,0.0,0.0,0.0,0.0,0,0,0,1,1
10924,-1,0,0.47121626,0.6156716,1,1,unassigned,14.0,14.0,0.0,1.0,0.0,0.0,0.023210831,0.0,0,0,0,1,0
10925,-1,1,0.7056909,0.6694483,1,1,unassigned,3.0,2.0,1.0,0.6666667,0.33333334,0.3333333,0.001934236,0.00064474536,1,0,0,1,0
10926,1,0,-0.42187935,0.3960671,0,1,test,6.0,5.0,1.0,0.8333333,0.16666667,0.16666669,0.007736944,0.0012894907,0,0,0,0,0
10927,-1,0,-0.63204753,0.3470464,0,1,unassigned,50.0,50.0,0.0,1.0,0.0,0.0,0.092843324,0.0,0,0,0,0,0
10928,-1,0,0.07535404,0.5188296,1,1,unassigned,3.0,3.0,0.0,1.0,0.0,0.0,0.001934236,0.0,0,0,0,1,0
10929,-1,0,-0.62170124,0.34939465,0,1,unassigned,29.0,29.0,0.0,1.0,0.0,0.0,0.05222437,0.0,0,0,0,0,0
10930,-1,0,2.2300029,0.90291166,1,1,unassigned,2.0,2.0,0.0,1.0,0.0,0.0,0.0,0.0,0,0,0,1,1
10931,-1,0,-0.40807718,0.39937323,0,1,unassigned,68.0,68.0,0.0,1.0,0.0,0.0,0.12765957,0.0,0,0,0,0,0
10932,-1,0,-0.36048198,0.41084287,0,1,unassigned,46.0,46.0,0.0,1.0,0.0,0.0,0.08510638,0.0,0,0,0,0,0
10933,-1,0,-0.40546587,0.39999986,0,1,unassigned,60.0,59.0,1.0,0.98333335,0.016666668,0.01666665,0.11218569,0.0018697615,0,0,0,0,0
10934,-1,0,2.468878,0.921931,1,1,unassigned,9.0,9.0,0.0,1.0,0.0,0.0,0.013539651,0.0,0,0,0,1,1
10935,-1,1,7.197498,0.999252,1,1,unassigned,9.0,8.0,1.0,0.8888889,0.11111111,0.111111104,0.013539651,0.0015044058,1,0,0,1,1
10936,0,0,-0.17126524,0.45728806,0,0,val,58.0,57.0,1.0,0.98275864,0.01724138,0.017241359,0.10831721,0.0018675381,0,0,1,0,0
10937,-1,1,0.9640301,0.723928,1,1,unassigned,10.0,6.0,4.0,0.6,0.4,0.39999998,0.015473888,0.0061895554,1,0,0,1,0
10938,-1,0,-0.21771675,0.4457848,0,1,unassigned,26.0,26.0,0.0,1.0,0.0,0.0,0.046421662,0.0,0,0,0,0,0
10939,-1,0,1.0586753,0.74243736,1,1,unassigned,5.0,5.0,0.0,1.0,0.0,0.0,0.0058027077,0.0,0,0,0,1,0
10940,-1,0,-0.13605642,0.46603823,0,1,unassigned,29.0,29.0,0.0,1.0,0.0,0.0,0.05222437,0.0,0,0,0,0,0
10941,-1,0,-0.055075288,0.48623466,0,1,unassigned,79.0,78.0,1.0,0.98734176,0.012658228,0.012658238,0.14893617,0.001885268,0,0,0,0,0
10942,-1,0,-0.84737885,0.299983,0,1,unassigned,40.0,40.0,0.0,1.0,0.0,0.0,0.07350097,0.0,0,0,0,0,0
10943,-1,0,0.030923367,0.50773025,1,1,unassigned,49.0,49.0,0.0,1.0,0.0,0.0,0.09090909,0.0,0,0,0,1,0
10944,-1,0,-0.7031391,0.33111662,0,1,unassigned,24.0,23.0,1.0,0.9583333,0.041666668,0.041666687,0.04255319,0.0017730496,0,0,0,0,0
10945,-1,0,-0.84151936,0.30121487,0,1,unassigned,22.0,22.0,0.0,1.0,0.0,0.0,0.03868472,0.0,0,0,0,0,0
10946,1,0,-0.16896194,0.45785975,0,1,unassigned,8.0,8.0,0.0,1.0,0.0,0.0,0.0116054155,0.0,0,0,0,0,0
10947,-1,0,-0.73854935,0.32332143,0,1,unassigned,39.0,38.0,1.0,0.974359,0.025641026,0.025641024,0.07156673,0.0018350444,0,0,0,0,0
10948,0,0,-0.67440265,0.33751172,0,0,unassigned,11.0,11.0,0.0,1.0,0.0,0.0,0.017408123,0.0,0,0,1,0,0
10949,-1,0,-0.914925,0.2859931,0,1,unassigned,30.0,29.0,1.0,0.96666664,0.033333335,0.03333336,0.054158606,0.001805287,0,0,0,0,0
10950,0,0,-0.6490552,0.34320247,0,0,unassigned,59.0,58.0,1.0,0.9830508,0.016949153,0.016949177,0.11025145,0.0018686686,0,0,1,0,0
10951,-1,0,0.40504563,0.5998993,1,1,unassigned,65.0,64.0,1.0,0.9846154,0.015384615,0.0153846145,0.12185687,0.001874721,0,0,0,1,0
10952,-1,0,-0.52466446,0.37176216,0,1,unassigned,22.0,22.0,0.0,1.0,0.0,0.0,0.03868472,0.0,0,0,0,0,0
10953,-1,0,0.9373899,0.71857214,1,1,unassigned,10.0,10.0,0.0,1.0,0.0,0.0,0.015473888,0.0,0,0,0,1,0
10954,-1,0,0.7930835,0.688493,1,1,unassigned,21.0,21.0,0.0,1.0,0.0,0.0,0.036750484,0.0,0,0,0,1,0
10955,0,0,2.361744,0.9138632,1,1,test,16.0,13.0,3.0,0.8125,0.1875,0.1875,0.027079303,0.0050773695,0,0,0,1,1
10956,1,0,0.20209223,0.5503518,1,0,val,17.0,17.0,0.0,1.0,0.0,0.0,0.029013539,0.0,0,0,1,1,0
10957,-1,1,6.0200696,0.9975764,1,1,unassigned,15.0,13.0,2.0,0.8666667,0.13333334,0.13333333,0.025145067,0.0033526758,1,0,0,1,1
10958,-1,0,-0.5657324,0.36222214,0,1,unassigned,6.0,6.0,0.0,1.0,0.0,0.0,0.007736944,0.0,0,0,0,0,0
10959,-1,1,-0.3725652,0.4079213,0,1,unassigned,23.0,23.0,0.0,1.0,0.0,0.0,0.040618956,0.0,1,0,0,0,0
10960,-1,0,0.5605307,0.63657534,1,1,unassigned,20.0,20.0,0.0,1.0,0.0,0.0,0.034816246,0.0,0,0,0,1,0
10961,-1,0,-0.63585997,0.346183,0,1,unassigned,2.0,2.0,0.0,1.0,0.0,0.0,0.0,0.0,0,0,0,0,0
10962,-1,0,1.1624005,0.7617686,1,1,unassigned,6.0,6.0,0.0,1.0,0.0,0.0,0.007736944,0.0,0,0,0,1,0
10963,-1,0,1.9249775,0.87269247,1,1,unassigned,13.0,13.0,0.0,1.0,0.0,0.0,0.021276595,0.0,0,0,0,1,0
10964,-1,0,0.24573338,0.56112605,1,1,unassigned,27.0,27.0,0.0,1.0,0.0,0.0,0.0483559,0.0,0,0,0,1,0
10965,0,0,1.4426093,0.8088584,1,1,test,4.0,2.0,2.0,0.5,0.5,0.5,0.003868472,0.001934236,0,0,0,1,0
10966,-1,0,-0.63145304,0.3471811,0,1,unassigned,9.0,9.0,0.0,1.0,0.0,0.0,0.013539651,0.0,0,0,0,0,0
10967,-1,0,2.2002819,0.9002749,1,1,unassigned,4.0,3.0,1.0,0.75,0.25,0.25,0.003868472,0.000967118,0,0,0,1,1
10968,-1,0,1.7244642,0.84870297,1,1,unassigned,11.0,10.0,1.0,0.90909094,0.09090909,0.090909064,0.017408123,0.0015825568,0,0,0,1,0
10969,-1,0,1.5151677,0.81982577,1,1,unassigned,56.0,55.0,1.0,0.98214287,0.017857144,0.017857134,0.10444874,0.0018651562,0,0,0,1,0
10970,1,1,-0.6980607,0.33224234,0,1,unassigned,19.0,18.0,1.0,0.94736844,0.05263158,0.052631557,0.032882012,0.0017306323,1,0,0,0,0
10971,-1,1,-0.598038,0.3547927,0,1,unassigned,38.0,37.0,1.0,0.9736842,0.02631579,0.026315808,0.06963249,0.0018324341,1,0,0,0,0
10972,-1,1,0.5708924,0.63896906,1,1,unassigned,13.0,13.0,0.0,1.0,0.0,0.0,0.021276595,0.0,1,0,0,1,0
10973,1,0,-0.06272179,0.48432466,0,1,train,14.0,14.0,0.0,1.0,0.0,0.0,0.023210831,0.0,0,0,0,0,0
10974,-1,0,-0.18704093,0.45337564,0,1,unassigned,4.0,4.0,0.0,1.0,0.0,0.0,0.003868472,0.0,0,0,0,0,0
10975,-1,1,2.1783442,0.89828795,1,1,unassigned,2.0,2.0,0.0,1.0,0.0,0.0,0.0,0.0,1,0,0,1,0
10976,1,0,0.073580146,0.5183867,1,0,unassigned,6.0,5.0,1.0,0.8333333,0.16666667,0.16666669,0.007736944,0.0012894907,0,0,1,1,0
10977,0,0,0.0523867,0.5130937,1,1,unassigned,23.0,23.0,0.0,1.0,0.0,0.0,0.040618956,0.0,0,0,0,1,0
10978,-1,1,1.0319104,0.7372861,1,1,unassigned,3.0,3.0,0.0,1.0,0.0,0.0,0.001934236,0.0,1,0,0,1,0
10979,-1,0,0.16230905,0.5404884,1,1,unassigned,2.0,2.0,0.0,1.0,0.0,0.0,0.0,0.0,0,0,0,1,0
10980,-1,0,2.236643,0.9034921,1,1,unassigned,4.0,4.0,0.0,1.0,0.0,0.0,0.003868472,0.0,0,0,0,1,1
10981,-1,0,0.7369254,0.6763232,1,1,unassigned,49.0,45.0,4.0,0.9183673,0.08163265,0.081632674,0.09090909,0.0074211503,0,0,0,1,0
10982,-1,1,0.45585424,0.6120302,1,1,unassigned,2.0,2.0,0.0,1.0,0.0,0.0,0.0,0.0,1,0,0,1,0
10983,-1,1,2.435011,0.9194584,1,1,unassigned,5.0,5.0,0.0,1.0,0.0,0.0,0.0058027077,0.0,1,0,0,1,1
10984,-1,1,3.2962203,0.9642989,1,1,unassigned,3.0,3.0,0.0,1.0,0.0,0.0,0.001934236,0.0,1,0,0,1,1
10985,-1,0,-0.8219148,0.30535734,0,1,unassigned,77.0,76.0,1.0,0.987013,0.012987013,0.012987018,0.14506769,0.001883996,0,0,0,0,0
10986,1,1,0.07496828,0.5187333,1,0,val,69.0,69.0,0.0,1.0,0.0,0.0,0.1295938,0.0,1,0,1,1,0
10987,-1,1,-0.4215405,0.39614818,0,1,unassigned,2.0,1.0,1.0,0.5,0.5,0.5,0.0,0.0,1,0,0,0,0
10988,-1,1,2.0414257,0.8850784,1,1,unassigned,22.0,21.0,1.0,0.95454544,0.045454547,0.04545456,0.03868472,0.0017583964,1,0,0,1,0
10989,-1,1,2.2938166,0.9083636,1,1,unassigned,9.0,9.0,0.0,1.0,0.0,0.0,0.013539651,0.0,1,0,0,1,1
10990,0,0,-0.67904407,0.3364747,0,0,test,49.0,49.0,0.0,1.0,0.0,0.0,0.09090909,0.0,0,0,1,0,0
10991,-1,0,-0.51382554,0.37429717,0,1,unassigned,26.0,26.0,0.0,1.0,0.0,0.0,0.046421662,0.0,0,0,0,0,0
10992,-1,0,-0.84294933,0.300914,0,1,unassigned,26.0,26.0,0.0,1.0,0.0,0.0,0.046421662,0.0,0,0,0,0,0
10993,-1,0,2.1002653,0.8909289,1,1,unassigned,19.0,19.0,0.0,1.0,0.0,0.0,0.032882012,0.0,0,0,0,1,0
10994,-1,0,-0.36869803,0.40885568,0,1,unassigned,21.0,20.0,1.0,0.95238096,0.04761905,0.047619045,0.036750484,0.0017500231,0,0,0,0,0
10995,-1,0,1.2040877,0.76925117,1,1,unassigned,31.0,28.0,3.0,0.9032258,0.09677419,0.09677422,0.056092843,0.0054283394,0,0,0,1,0
10996,-1,0,1.8722198,0.86671495,1,1,unassigned,31.0,30.0,1.0,0.9677419,0.032258064,0.032258093,0.056092843,0.0018094465,0,0,0,1,0
10997,-1,1,-0.4690959,0.38483024,0,1,unassigned,52.0,52.0,0.0,1.0,0.0,0.0,0.0967118,0.0,1,0,0,0,0
10998,-1,1,-0.4783427,0.38264355,0,1,unassigned,94.0,92.0,2.0,0.9787234,0.021276595,0.021276593,0.17794971,0.0037861639,1,0,0,0,0
10999,-1,1,-0.6065283,0.35285154,0,1,unassigned,69.0,58.0,11.0,0.8405797,0.1594203,0.15942031,0.1295938,0.020659883,1,0,0,0,0
11000,-1,0,0.7536686,0.67997754,1,1,unassigned,3.0,3.0,0.0,1.0,0.0,0.0,0.001934236,0.0,0,0,0,1,0
11001,-1,1,5.280891,0.9949379,1,1,unassigned,11.0,11.0,0.0,1.0,0.0,0.0,0.017408123,0.0,1,0,0,1,1
11002,-1,0,0.6984921,0.66785336,1,1,unassigned,2.0,2.0,0.0,1.0,0.0,0.0,0.0,0.0,0,0,0,1,0
11003,-1,1,-0.16818535,0.45805246,0,1,unassigned,8.0,7.0,1.0,0.875,0.125,0.125,0.0116054155,0.0014506769,1,0,0,0,0
11004,-1,0,2.231656,0.90305644,1,1,unassigned,12.0,12.0,0.0,1.0,0.0,0.0,0.01934236,0.0,0,0,0,1,1
11005,-1,0,4.3977036,0.987844,1,1,unassigned,5.0,4.0,1.0,0.8,0.2,0.19999999,0.0058027077,0.0011605415,0,0,0,1,1
11006,-1,1,4.466476,0.98864275,1,1,unassigned,3.0,3.0,0.0,1.0,0.0,0.0,0.001934236,0.0,1,0,0,1,1
11007,-1,1,-0.8914918,0.29080206,0,1,unassigned,21.0,21.0,0.0,1.0,0.0,0.0,0.036750484,0.0,1,0,0,0,0
11008,-1,0,-0.8978876,0.2894848,0,1,unassigned,34.0,34.0,0.0,1.0,0.0,0.0,0.061895553,0.0,0,0,0,0,0
11009,-1,1,1.2628813,0.77952176,1,1,unassigned,7.0,6.0,1.0,0.85714287,0.14285715,0.14285713,0.00967118,0.0013815971,1,0,0,1,0
11010,-1,0,4.1777034,0.9848979,1,1,unassigned,4.0,4.0,0.0,1.0,0.0,0.0,0.003868472,0.0,0,0,0,1,1
11011,-1,1,5.398268,0.9954959,1,1,unassigned,21.0,21.0,0.0,1.0,0.0,0.0,0.036750484,0.0,1,0,0,1,1
11012,-1,0,-0.4811824,0.38197294,0,1,unassigned,76.0,70.0,6.0,0.92105263,0.078947365,0.078947365,0.14313346,0.01130001,0,0,0,0,0
11013,-1,1,0.16321433,0.54071325,1,1,unassigned,33.0,5.0,28.0,0.15151516,0.8484849,0.8484849,0.059961315,0.050876267,1,1,0,1,0
11014,-1,0,-0.6627588,0.34012017,0,1,unassigned,117.0,116.0,1.0,0.991453,0.008547009,0.008547008,0.22243714,0.0019011722,0,0,0,0,0
11015,-1,0,-0.34623498,0.4142957,0,1,unassigned,23.0,23.0,0.0,1.0,0.0,0.0,0.040618956,0.0,0,0,0,0,0
11016,-1,0,-0.45442614,0.3883089,0,1,unassigned,20.0,17.0,3.0,0.85,0.15,0.14999998,0.034816246,0.005222437,0,0,0,0,0
11017,-1,0,-0.33016652,0.41820014,0,1,unassigned,2.0,2.0,0.0,1.0,0.0,0.0,0.0,0.0,0,0,0,0,0
11018,-1,0,3.1771717,0.95996606,1,1,unassigned,4.0,4.0,0.0,1.0,0.0,0.0,0.003868472,0.0,0,0,0,1,1
11019,-1,0,2.4902613,0.9234563,1,1,unassigned,2.0,2.0,0.0,1.0,0.0,0.0,0.0,0.0,0,0,0,1,1
11020,-1,0,5.772331,0.9968972,1,1,unassigned,2.0,2.0,0.0,1.0,0.0,0.0,0.0,0.0,0,0,0,1,1
11021,-1,0,-0.7161828,0.3282341,0,1,unassigned,128.0,126.0,2.0,0.984375,0.015625,0.015625,0.24371374,0.0038080271,0,0,0,0,0
11022,-1,0,6.4955306,0.9984921,1,1,unassigned,9.0,7.0,2.0,0.7777778,0.22222222,0.22222221,0.013539651,0.0030088115,0,0,0,1,1
11023,-1,0,3.0047586,0.9527886,1,1,unassigned,33.0,32.0,1.0,0.969697,0.030303031,0.030303001,0.059961315,0.0018170096,0,0,0,1,1
11024,-1,0,-0.5781518,0.35935795,0,1,unassigned,29.0,29.0,0.0,1.0,0.0,0.0,0.05222437,0.0,0,0,0,0,0
11025,-1,0,3.4020183,0.96776754,1,1,unassigned,4.0,4.0,0.0,1.0,0.0,0.0,0.003868472,0.0,0,0,0,1,1
11026,-1,0,-0.32758507,0.41882834,0,1,unassigned,21.0,21.0,0.0,1.0,0.0,0.0,0.036750484,0.0,0,0,0,0,0
11027,-1,0,-0.63828546,0.34563425,0,1,unassigned,47.0,47.0,0.0,1.0,0.0,0.0,0.08704062,0.0,0,0,0,0,0
11028,-1,0,-0.06649929,0.4833813,0,1,unassigned,18.0,18.0,0.0,1.0,0.0,0.0,0.030947777,0.0,0,0,0,0,0
11029,0,1,0.81025904,0.69216466,1,1,unassigned,21.0,19.0,2.0,0.9047619,0.0952381,0.09523809,0.036750484,0.0035000462,1,0,0,1,0
11030,-1,0,-0.7291716,0.32537657,0,1,unassigned,54.0,53.0,1.0,0.9814815,0.018518519,0.018518507,0.10058027,0.0018625975,0,0,0,0,0
11031,-1,1,-0.014510095,0.49637252,0,1,unassigned,7.0,7.0,0.0,1.0,0.0,0.0,0.00967118,0.0,1,0,0,0,0
11032,-1,1,0.06929594,0.51731706,1,1,unassigned,7.0,7.0,0.0,1.0,0.0,0.0,0.00967118,0.0,1,0,0,1,0
11033,-1,0,-0.65371454,0.34215295,0,1,unassigned,12.0,12.0,0.0,1.0,0.0,0.0,0.01934236,0.0,0,0,0,0,0
11034,-1,0,-0.2487821,0.4381233,0,1,unassigned,13.0,13.0,0.0,1.0,0.0,0.0,0.021276595,0.0,0,0,0,0,0
11035,-1,1,4.4280195,0.98820275,1,1,unassigned,2.0,1.0,1.0,0.5,0.5,0.5,0.0,0.0,1,0,0,1,1
11036,-1,0,0.023074329,0.5057683,1,1,unassigned,4.0,4.0,0.0,1.0,0.0,0.0,0.003868472,0.0,0,0,0,1,0
11037,-1,0,0.455324,0.61190426,1,1,unassigned,4.0,3.0,1.0,0.75,0.25,0.25,0.003868472,0.000967118,0,0,0,1,0
11038,-1,0,1.6612606,0.84040713,1,1,unassigned,5.0,5.0,0.0,1.0,0.0,0.0,0.0058027077,0.0,0,0,0,1,0
11039,-1,0,4.539413,0.9894331,1,1,unassigned,2.0,2.0,0.0,1.0,0.0,0.0,0.0,0.0,0,0,0,1,1
11040,-1,0,-0.6946411,0.33300143,0,1,unassigned,9.0,9.0,0.0,1.0,0.0,0.0,0.013539651,0.0,0,0,0,0,0
11041,-1,1,0.14472848,0.5361191,1,1,unassigned,15.0,15.0,0.0,1.0,0.0,0.0,0.025145067,0.0,1,0,0,1,0
11042,-1,0,-0.5231586,0.37211394,0,1,unassigned,15.0,15.0,0.0,1.0,0.0,0.0,0.025145067,0.0,0,0,0,0,0
11043,-1,0,-0.45338324,0.38855666,0,1,unassigned,23.0,22.0,1.0,0.95652175,0.04347826,0.04347825,0.040618956,0.0017660416,0,0,0,0,0
11044,0,1,0.42247063,0.6040743,1,1,val,25.0,24.0,1.0,0.96,0.04,0.04000002,0.044487428,0.001779497,1,0,0,1,0
11045,-1,0,4.032086,0.98257184,1,1,unassigned,2.0,2.0,0.0,1.0,0.0,0.0,0.0,0.0,0,0,0,1,1
11046,-1,0,0.8595179,0.7025599,1,1,unassigned,19.0,18.0,1.0,0.94736844,0.05263158,0.052631557,0.032882012,0.0017306323,0,0,0,1,0
11047,-1,0,2.5857973,0.9299419,1,1,unassigned,14.0,13.0,1.0,0.9285714,0.071428575,0.0714286,0.023210831,0.0016579166,0,0,0,1,1
11048,-1,0,-0.6719463,0.33806118,0,1,unassigned,34.0,33.0,1.0,0.9705882,0.029411765,0.029411793,0.061895553,0.0018204574,0,0,0,0,0
11049,-1,0,-0.17439082,0.45651245,0,1,unassigned,11.0,11.0,0.0,1.0,0.0,0.0,0.017408123,0.0,0,0,0,0,0
11050,0,0,-0.5335105,0.3696985,0,0,test,33.0,33.0,0.0,1.0,0.0,0.0,0.059961315,0.0,0,0,1,0,0
11051,-1,0,-0.47616166,0.3831589,0,1,unassigned,92.0,91.0,1.0,0.98913044,0.010869565,0.010869563,0.17408124,0.0018921874,0,0,0,0,0
11052,-1,0,0.004940212,0.50123507,1,1,unassigned,15.0,15.0,0.0,1.0,0.0,0.0,0.025145067,0.0,0,0,0,1,0
11053,-1,0,-0.23789889,0.4408042,0,1,unassigned,4.0,4.0,0.0,1.0,0.0,0.0,0.003868472,0.0,0,0,0,0,0
11054,-1,1,-0.58199227,0.35847428,0,1,unassigned,28.0,27.0,1.0,0.96428573,0.035714287,0.03571427,0.050290134,0.0017960763,1,0,0,0,0
11055,-1,1,0.26234418,0.5652124,1,1,unassigned,9.0,7.0,2.0,0.7777778,0.22222222,0.22222221,0.013539651,0.0030088115,1,0,0,1,0
11056,-1,0,0.5560517,0.63553846,1,1,unassigned,10.0,10.0,0.0,1.0,0.0,0.0,0.015473888,0.0,0,0,0,1,0
11057,-1,1,-0.3180761,0.42114472,0,1,unassigned,7.0,7.0,0.0,1.0,0.0,0.0,0.00967118,0.0,1,0,0,0,0
11058,-1,1,0.19297326,0.54809415,1,1,unassigned,25.0,25.0,0.0,1.0,0.0,0.0,0.044487428,0.0,1,0,0,1,0
11059,-1,1,-0.42610192,0.39505753,0,1,unassigned,4.0,4.0,0.0,1.0,0.0,0.0,0.003868472,0.0,1,0,0,0,0
11060,-1,1,1.140203,0.7577169,1,1,unassigned,12.0,11.0,1.0,0.9166667,0.083333336,0.08333331,0.01934236,0.0016118633,1,0,0,1,0
11061,-1,1,3.1485245,0.9588506,1,1,unassigned,3.0,2.0,1.0,0.6666667,0.33333334,0.3333333,0.001934236,0.00064474536,1,0,0,1,1
11062,-1,0,-0.21136674,0.44735417,0,1,unassigned,2.0,2.0,0.0,1.0,0.0,0.0,0.0,0.0,0,0,0,0,0
11063,-1,0,0.02419579,0.5060487,1,1,unassigned,2.0,2.0,0.0,1.0,0.0,0.0,0.0,0.0,0,0,0,1,0
11064,-1,0,1.7475317,0.85164124,1,1,unassigned,14.0,13.0,1.0,0.9285714,0.071428575,0.0714286,0.023210831,0.0016579166,0,0,0,1,0
11065,-1,0,0.73128885,0.67508805,1,1,unassigned,4.0,3.0,1.0,0.75,0.25,0.25,0.003868472,0.000967118,0,0,0,1,0
11066,-1,0,0.16877502,0.5420939,1,1,unassigned,10.0,10.0,0.0,1.0,0.0,0.0,0.015473888,0.0,0,0,0,1,0
11067,-1,1,-0.5382449,0.36859593,0,1,unassigned,39.0,37.0,2.0,0.94871795,0.051282052,0.05128205,0.07156673,0.0036700887,1,0,0,0,0
11068,-1,1,2.9079912,0.9482401,1,1,unassigned,2.0,2.0,0.0,1.0,0.0,0.0,0.0,0.0,1,0,0,1,1
11069,-1,1,3.1880634,0.96038264,1,1,unassigned,46.0,44.0,2.0,0.95652175,0.04347826,0.04347825,0.08510638,0.0037002775,1,0,0,1,1
11070,-1,0,-0.71704876,0.3280432,0,1,unassigned,32.0,32.0,0.0,1.0,0.0,0.0,0.058027077,0.0,0,0,0,0,0
11071,-1,1,1.4764106,0.8140298,1,1,unassigned,17.0,10.0,7.0,0.5882353,0.4117647,0.41176468,0.029013539,0.011946752,1,0,0,1,0
11072,-1,0,-0.49456942,0.37881774,0,1,unassigned,26.0,24.0,2.0,0.9230769,0.07692308,0.07692307,0.046421662,0.0035708973,0,0,0,0,0
11073,-1,0,1.5667598,0.82732123,1,1,unassigned,2.0,2.0,0.0,1.0,0.0,0.0,0.0,0.0,0,0,0,1,0
11074,-1,1,6.9511285,0.9990433,1,1,unassigned,14.0,13.0,1.0,0.9285714,0.071428575,0.0714286,0.023210831,0.0016579166,1,0,0,1,1
11075,-1,0,4.6977124,0.9909663,1,1,unassigned,17.0,16.0,1.0,0.9411765,0.05882353,0.058823526,0.029013539,0.0017066788,0,0,0,1,1
11076,-1,0,0.016726315,0.5041815,1,1,unassigned,34.0,34.0,0.0,1.0,0.0,0.0,0.061895553,0.0,0,0,0,1,0
11077,-1,0,-0.6249866,0.3486482,0,1,unassigned,2.0,2.0,0.0,1.0,0.0,0.0,0.0,0.0,0,0,0,0,0
11078,-1,1,-0.5510324,0.3656249,0,1,unassigned,18.0,18.0,0.0,1.0,0.0,0.0,0.030947777,0.0,1,0,0,0,0
11079,-1,1,1.0636175,0.7433812,1,1,unassigned,5.0,5.0,0.0,1.0,0.0,0.0,0.0058027077,0.0,1,0,0,1,0
11080,-1,1,1.6754463,0.8423006,1,1,unassigned,6.0,6.0,0.0,1.0,0.0,0.0,0.007736944,0.0,1,0,0,1,0
11081,-1,1,4.080009,0.98337376,1,1,unassigned,19.0,19.0,0.0,1.0,0.0,0.0,0.032882012,0.0,1,0,0,1,1
11082,-1,0,-0.013275504,0.4966812,0,1,unassigned,14.0,12.0,2.0,0.85714287,0.14285715,0.14285713,0.023210831,0.0033158332,0,0,0,0,0
11083,-1,0,3.9892347,0.9818226,1,1,unassigned,8.0,8.0,0.0,1.0,0.0,0.0,0.0116054155,0.0,0,0,0,1,1
11084,-1,0,-0.6686337,0.33880284,0,1,unassigned,43.0,43.0,0.0,1.0,0.0,0.0,0.079303674,0.0,0,0,0,0,0
11085,-1,1,2.6972964,0.93686694,1,1,unassigned,20.0,19.0,1.0,0.95,0.05,0.050000012,0.034816246,0.0017408123,1,0,0,1,1
11086,-1,0,-0.6926551,0.3334427,0,1,unassigned,4.0,4.0,0.0,1.0,0.0,0.0,0.003868472,0.0,0,0,0,0,0
11087,-1,0,1.5375657,0.8231106,1,1,unassigned,6.0,5.0,1.0,0.8333333,0.16666667,0.16666669,0.007736944,0.0012894907,0,0,0,1,0
11088,-1,1,5.0223384,0.9934541,1,1,unassigned,7.0,7.0,0.0,1.0,0.0,0.0,0.00967118,0.0,1,0,0,1,1
11089,-1,1,4.5817704,0.989867,1,1,unassigned,3.0,3.0,0.0,1.0,0.0,0.0,0.001934236,0.0,1,0,0,1,1
11090,-1,1,3.68352,0.9754819,1,1,unassigned,4.0,3.0,1.0,0.75,0.25,0.25,0.003868472,0.000967118,1,0,0,1,1
11091,-1,0,-0.61534387,0.35084116,0,1,unassigned,119.0,119.0,0.0,1.0,0.0,0.0,0.2263056,0.0,0,0,0,0,0
11092,-1,0,0.63353115,0.6532897,1,1,unassigned,19.0,19.0,0.0,1.0,0.0,0.0,0.032882012,0.0,0,0,0,1,0
11093,1,0,0.49964243,0.62237525,1,0,train,6.0,6.0,0.0,1.0,0.0,0.0,0.007736944,0.0,0,0,1,1,0
11094,-1,0,-0.1388644,0.4653396,0,1,unassigned,14.0,14.0,0.0,1.0,0.0,0.0,0.023210831,0.0,0,0,0,0,0
11095,-1,0,1.1245964,0.75484025,1,1,unassigned,13.0,12.0,1.0,0.9230769,0.07692308,0.07692307,0.021276595,0.0016366612,0,0,0,1,0
11096,-1,0,4.4634213,0.98860836,1,1,unassigned,2.0,2.0,0.0,1.0,0.0,0.0,0.0,0.0,0,0,0,1,1
11097,-1,0,3.5113418,0.9710088,1,1,unassigned,2.0,2.0,0.0,1.0,0.0,0.0,0.0,0.0,0,0,0,1,1
11098,-1,0,2.3530395,0.91317546,1,1,unassigned,42.0,41.0,1.0,0.97619045,0.023809524,0.023809552,0.07736944,0.0018421295,0,0,0,1,1
11099,1,1,-0.067011595,0.4832534,0,1,unassigned,6.0,6.0,0.0,1.0,0.0,0.0,0.007736944,0.0,1,0,0,0,0
11100,1,1,0.52711946,0.628811,1,0,train,19.0,19.0,0.0,1.0,0.0,0.0,0.032882012,0.0,1,0,1,1,0
11101,-1,0,-0.5909183,0.35642415,0,1,unassigned,6.0,6.0,0.0,1.0,0.0,0.0,0.007736944,0.0,0,0,0,0,0
11102,-1,1,-0.2924006,0.42741624,0,1,unassigned,144.0,140.0,4.0,0.9722222,0.027777778,0.027777791,0.2746615,0.0076294863,1,0,0,0,0
11103,-1,0,-0.7527487,0.32022265,0,1,unassigned,26.0,25.0,1.0,0.96153843,0.03846154,0.038461566,0.046421662,0.0017854486,0,0,0,0,0
11104,0,0,-0.8287941,0.3039001,0,0,unassigned,7.0,7.0,0.0,1.0,0.0,0.0,0.00967118,0.0,0,0,1,0,0
11105,-1,0,7.794702,0.9995883,1,1,unassigned,2.0,2.0,0.0,1.0,0.0,0.0,0.0,0.0,0,0,0,1,1
11106,0,0,0.28634417,0.5711009,1,1,unassigned,17.0,17.0,0.0,1.0,0.0,0.0,0.029013539,0.0,0,0,0,1,0
11107,-1,0,0.046619117,0.51165265,1,1,unassigned,41.0,38.0,3.0,0.9268293,0.07317073,0.07317072,0.07543521,0.005519649,0,0,0,1,0
11108,1,1,3.586449,0.97304994,1,0,unassigned,8.0,8.0,0.0,1.0,0.0,0.0,0.0116054155,0.0,1,0,1,1,1
11109,0,0,-0.7791647,0.31449994,0,0,unassigned,46.0,43.0,3.0,0.9347826,0.06521739,0.065217376,0.08510638,0.005550416,0,0,1,0,0
11110,1,1,1.6853642,0.84361356,1,0,test,10.0,10.0,0.0,1.0,0.0,0.0,0.015473888,0.0,1,0,1,1,0
11111,-1,1,0.07622206,0.5190463,1,1,unassigned,3.0,3.0,0.0,1.0,0.0,0.0,0.001934236,0.0,1,0,0,1,0
11112,-1,1,1.820775,0.86065906,1,1,unassigned,6.0,6.0,0.0,1.0,0.0,0.0,0.007736944,0.0,1,0,0,1,0
11113,-1,0,-0.32168478,0.42026523,0,1,unassigned,32.0,32.0,0.0,1.0,0.0,0.0,0.058027077,0.0,0,0,0,0,0
11114,-1,0,-0.36982745,0.4085827,0,1,unassigned,20.0,20.0,0.0,1.0,0.0,0.0,0.034816246,0.0,0,0,0,0,0
11115,1,1,0.2744698,0.5681899,1,0,train,9.0,8.0,1.0,0.8888889,0.11111111,0.111111104,0.013539651,0.0015044058,1,0,1,1,0
11116,-1,1,0.54829997,0.6337411,1,1,unassigned,7.0,7.0,0.0,1.0,0.0,0.0,0.00967118,0.0,1,0,0,1,0
11117,-1,0,-0.30131868,0.42523515,0,1,unassigned,2.0,2.0,0.0,1.0,0.0,0.0,0.0,0.0,0,0,0,0,0
11118,-1,1,1.2772529,0.78198177,1,1,unassigned,5.0,5.0,0.0,1.0,0.0,0.0,0.0058027077,0.0,1,0,0,1,0
11119,1,1,-0.5426667,0.36756745,0,1,unassigned,20.0,19.0,1.0,0.95,0.05,0.050000012,0.034816246,0.0017408123,1,0,0,0,0
11120,-1,0,-0.7361785,0.32384035,0,1,unassigned,13.0,13.0,0.0,1.0,0.0,0.0,0.021276595,0.0,0,0,0,0,0
11121,-1,1,0.09294492,0.5232195,1,1,unassigned,2.0,2.0,0.0,1.0,0.0,0.0,0.0,0.0,1,0,0,1,0
11122,-1,0,-0.75835043,0.3190045,0,1,unassigned,18.0,18.0,0.0,1.0,0.0,0.0,0.030947777,0.0,0,0,0,0,0
11123,-1,0,3.532982,0.97161186,1,1,unassigned,3.0,3.0,0.0,1.0,0.0,0.0,0.001934236,0.0,0,0,0,1,1
11124,1,0,-0.7463459,0.32161802,0,1,test,141.0,139.0,2.0,0.9858156,0.014184397,0.014184415,0.2688588,0.0038135997,0,0,0,0,0
11125,-1,1,2.368306,0.9143783,1,1,unassigned,9.0,8.0,1.0,0.8888889,0.11111111,0.111111104,0.013539651,0.0015044058,1,0,0,1,1
11126,-1,1,7.965408,0.99965286,1,1,unassigned,5.0,4.0,1.0,0.8,0.2,0.19999999,0.0058027077,0.0011605415,1,0,0,1,1
11127,0,0,-0.86077285,0.2971779,0,0,val,33.0,33.0,0.0,1.0,0.0,0.0,0.059961315,0.0,0,0,1,0,0
11128,-1,0,-0.12857264,0.46790102,0,1,unassigned,22.0,22.0,0.0,1.0,0.0,0.0,0.03868472,0.0,0,0,0,0,0
11129,-1,0,-0.66385347,0.33987454,0,1,unassigned,21.0,21.0,0.0,1.0,0.0,0.0,0.036750484,0.0,0,0,0,0,0
11130,-1,0,0.055894554,0.51397,1,1,unassigned,22.0,22.0,0.0,1.0,0.0,0.0,0.03868472,0.0,0,0,0,1,0
11131,-1,0,0.054691017,0.5136694,1,1,unassigned,47.0,47.0,0.0,1.0,0.0,0.0,0.08704062,0.0,0,0,0,1,0
11132,-1,0,6.975797,0.99906665,1,1,unassigned,27.0,27.0,0.0,1.0,0.0,0.0,0.0483559,0.0,0,0,0,1,1
11133,-1,1,-0.6361822,0.34611008,0,1,unassigned,23.0,23.0,0.0,1.0,0.0,0.0,0.040618956,0.0,1,0,0,0,0
11134,-1,0,2.308522,0.9095804,1,1,unassigned,9.0,8.0,1.0,0.8888889,0.11111111,0.111111104,0.013539651,0.0015044058,0,0,0,1,1
11135,0,0,-0.78187203,0.31391656,0,0,val,32.0,32.0,0.0,1.0,0.0,0.0,0.058027077,0.0,0,0,1,0,0
11136,-1,0,-0.4552853,0.38810486,0,1,unassigned,8.0,8.0,0.0,1.0,0.0,0.0,0.0116054155,0.0,0,0,0,0,0
11137,-1,0,5.687574,0.99662364,1,1,unassigned,2.0,2.0,0.0,1.0,0.0,0.0,0.0,0.0,0,0,0,1,1
11138,0,1,0.1699962,0.542397,1,1,test,29.0,27.0,2.0,0.9310345,0.06896552,0.068965495,0.05222437,0.0036016807,1,0,0,1,0
11139,-1,1,0.8276995,0.69586825,1,1,unassigned,2.0,2.0,0.0,1.0,0.0,0.0,0.0,0.0,1,0,0,1,0
11140,-1,1,0.75705546,0.68071413,1,1,unassigned,4.0,4.0,0.0,1.0,0.0,0.0,0.003868472,0.0,1,0,0,1,0
11141,-1,0,6.48101,0.99847,1,1,unassigned,2.0,2.0,0.0,1.0,0.0,0.0,0.0,0.0,0,0,0,1,1
11142,-1,0,0.6387518,0.6544713,1,1,unassigned,4.0,4.0,0.0,1.0,0.0,0.0,0.003868472,0.0,0,0,0,1,0
11143,-1,1,-0.79287684,0.31155127,0,1,unassigned,47.0,47.0,0.0,1.0,0.0,0.0,0.08704062,0.0,1,0,0,0,0
11144,-1,0,0.104848206,0.5261881,1,1,unassigned,3.0,3.0,0.0,1.0,0.0,0.0,0.001934236,0.0,0,0,0,1,0
11145,-1,1,1.492393,0.8164372,1,1,unassigned,6.0,6.0,0.0,1.0,0.0,0.0,0.007736944,0.0,1,0,0,1,0
11146,-1,1,1.7697313,0.85442424,1,1,unassigned,15.0,15.0,0.0,1.0,0.0,0.0,0.025145067,0.0,1,0,0,1,0
11147,-1,0,-0.73670423,0.32372525,0,1,unassigned,15.0,14.0,1.0,0.93333334,0.06666667,0.06666666,0.025145067,0.0016763379,0,0,0,0,0
11148,-1,1,-0.4059026,0.399895,0,1,unassigned,11.0,11.0,0.0,1.0,0.0,0.0,0.017408123,0.0,1,0,0,0,0
11149,-1,0,7.630755,0.99951494,1,1,unassigned,23.0,19.0,4.0,0.82608694,0.17391305,0.17391306,0.040618956,0.0070641665,0,0,0,1,1
11150,-1,0,0.8565646,0.7019424,1,1,unassigned,4.0,4.0,0.0,1.0,0.0,0.0,0.003868472,0.0,0,0,0,1,0
11151,-1,1,1.264921,0.77987206,1,1,unassigned,97.0,94.0,3.0,0.96907216,0.030927835,0.030927837,0.18375242,0.0056830645,1,0,0,1,0
11152,-1,0,-0.07631481,0.48093054,0,1,unassigned,18.0,17.0,1.0,0.9444444,0.055555556,0.055555582,0.030947777,0.0017193209,0,0,0,0,0
11153,-1,0,0.9262051,0.7163047,1,1,unassigned,4.0,1.0,3.0,0.25,0.75,0.75,0.003868472,0.002901354,0,0,0,1,0
11154,1,0,-0.9289149,0.2831449,0,1,test,21.0,20.0,1.0,0.95238096,0.04761905,0.047619045,0.036750484,0.0017500231,0,0,0,0,0
11155,-1,1,0.577571,0.6405083,1,1,unassigned,4.0,4.0,0.0,1.0,0.0,0.0,0.003868472,0.0,1,0,0,1,0
11156,0,1,-0.4852502,0.38101315,0,0,unassigned,33.0,32.0,1.0,0.969697,0.030303031,0.030303001,0.059961315,0.0018170096,1,0,1,0,0
11157,-1,1,0.21634066,0.5538752,1,1,unassigned,110.0,107.0,3.0,0.9727273,0.027272727,0.027272701,0.20889749,0.0056972043,1,0,0,1,0
11158,-1,1,-0.54120815,0.36790657,0,1,unassigned,64.0,62.0,2.0,0.96875,0.03125,0.03125,0.11992263,0.0037475822,1,0,0,0,0
11159,-1,1,1.9254959,0.87275004,1,1,unassigned,4.0,4.0,0.0,1.0,0.0,0.0,0.003868472,0.0,1,0,0,1,0
11160,-1,0,3.4171324,0.9682357,1,1,unassigned,5.0,5.0,0.0,1.0,0.0,0.0,0.0058027077,0.0,0,0,0,1,1
11161,0,1,-0.69325715,0.3333089,0,0,unassigned,36.0,34.0,2.0,0.9444444,0.055555556,0.055555582,0.065764025,0.003653557,1,0,1,0,0
11162,-1,0,2.5669615,0.9287048,1,1,unassigned,4.0,3.0,1.0,0.75,0.25,0.25,0.003868472,0.000967118,0,0,0,1,1
11163,-1,1,0.8607357,0.70281434,1,1,unassigned,8.0,8.0,0.0,1.0,0.0,0.0,0.0116054155,0.0,1,0,0,1,0
11164,-1,1,-0.49598634,0.37848437,0,1,unassigned,16.0,16.0,0.0,1.0,0.0,0.0,0.027079303,0.0,1,0,0,0,0
11165,-1,0,2.4398398,0.9198153,1,1,unassigned,18.0,18.0,0.0,1.0,0.0,0.0,0.030947777,0.0,0,0,0,1,1
11166,-1,0,3.8270476,0.9786902,1,1,unassigned,2.0,2.0,0.0,1.0,0.0,0.0,0.0,0.0,0,0,0,1,1
11167,-1,0,-0.55196035,0.3654097,0,1,unassigned,15.0,15.0,0.0,1.0,0.0,0.0,0.025145067,0.0,0,0,0,0,0
11168,-1,0,0.063482106,0.5158652,1,1,unassigned,21.0,20.0,1.0,0.95238096,0.04761905,0.047619045,0.036750484,0.0017500231,0,0,0,1,0
11169,-1,0,-0.9775611,0.273376,0,1,unassigned,2.0,2.0,0.0,1.0,0.0,0.0,0.0,0.0,0,0,0,0,0
11170,-1,1,-0.51118207,0.37491646,0,1,unassigned,60.0,58.0,2.0,0.96666664,0.033333335,0.03333336,0.11218569,0.003739523,1,0,0,0,0
11171,-1,1,-0.057726324,0.48557246,0,1,unassigned,35.0,32.0,3.0,0.9142857,0.08571429,0.08571428,0.06382979,0.005471125,1,0,0,0,0
11172,0,0,-0.6698308,0.33853474,0,0,unassigned,13.0,13.0,0.0,1.0,0.0,0.0,0.021276595,0.0,0,0,1,0,0
11173,-1,0,-0.6283151,0.34789267,0,1,unassigned,7.0,7.0,0.0,1.0,0.0,0.0,0.00967118,0.0,0,0,0,0,0
11174,-1,1,1.2831247,0.78298116,1,1,unassigned,12.0,12.0,0.0,1.0,0.0,0.0,0.01934236,0.0,1,0,0,1,0
11175,-1,0,-0.24402484,0.4392947,0,1,unassigned,7.0,7.0,0.0,1.0,0.0,0.0,0.00967118,0.0,0,0,0,0,0
11176,0,1,0.36086994,0.589251,1,1,unassigned,33.0,31.0,2.0,0.93939394,0.060606062,0.060606062,0.059961315,0.0036340193,1,0,0,1,0
11177,-1,0,0.013810456,0.50345254,1,1,unassigned,55.0,53.0,2.0,0.96363634,0.036363635,0.03636366,0.102514505,0.0037278,0,0,0,1,0
11178,-1,1,7.4532113,0.99942076,1,1,unassigned,9.0,6.0,3.0,0.6666667,0.33333334,0.3333333,0.013539651,0.004513217,1,0,0,1,1
11179,1,1,2.7464156,0.9397106,1,0,test,19.0,19.0,0.0,1.0,0.0,0.0,0.032882012,0.0,1,0,1,1,1
11180,-1,0,-0.95871985,0.27713457,0,1,unassigned,59.0,58.0,1.0,0.9830508,0.016949153,0.016949177,0.11025145,0.0018686686,0,0,0,0,0
11181,0,0,-0.03207326,0.49198234,0,0,test,34.0,32.0,2.0,0.9411765,0.05882353,0.058823526,0.061895553,0.0036409148,0,0,1,0,0
11182,-1,0,-0.025927126,0.4935186,0,1,unassigned,34.0,33.0,1.0,0.9705882,0.029411765,0.029411793,0.061895553,0.0018204574,0,0,0,0,0
11183,-1,0,-0.9666058,0.27555755,0,1,unassigned,12.0,12.0,0.0,1.0,0.0,0.0,0.01934236,0.0,0,0,0,0,0
11184,-1,1,2.012327,0.88208526,1,1,unassigned,22.0,20.0,2.0,0.90909094,0.09090909,0.090909064,0.03868472,0.0035167928,1,0,0,1,0
11185,-1,0,0.48881847,0.61982805,1,1,unassigned,2.0,2.0,0.0,1.0,0.0,0.0,0.0,0.0,0,0,0,1,0
11186,-1,0,-0.98288363,0.27231997,0,1,unassigned,68.0,67.0,1.0,0.9852941,0.014705882,0.014705896,0.12765957,0.0018773467,0,0,0,0,0
11187,-1,0,0.93068033,0.7172133,1,1,unassigned,36.0,36.0,0.0,1.0,0.0,0.0,0.065764025,0.0,0,0,0,1,0
11188,-1,0,-0.63643074,0.3460538,0,1,unassigned,31.0,30.0,1.0,0.9677419,0.032258064,0.032258093,0.056092843,0.0018094465,0,0,0,0,0
11189,0,0,-0.48710704,0.38057533,0,0,unassigned,17.0,17.0,0.0,1.0,0.0,0.0,0.029013539,0.0,0,0,1,0,0
11190,-1,0,0.1516763,0.53784657,1,1,unassigned,89.0,89.0,0.0,1.0,0.0,0.0,0.16827853,0.0,0,0,0,1,0
11191,-1,1,1.9389031,0.8742316,1,1,unassigned,2.0,2.0,0.0,1.0,0.0,0.0,0.0,0.0,1,0,0,1,0
11192,-1,0,-0.7651638,0.31752622,0,1,unassigned,37.0,36.0,1.0,0.972973,0.027027028,0.02702701,0.06769826,0.0018296828,0,0,0,0,0
11193,-1,0,4.3478923,0.9872311,1,1,unassigned,32.0,32.0,0.0,1.0,0.0,0.0,0.058027077,0.0,0,0,0,1,1
11194,-1,0,-0.6269086,0.34821182,0,1,unassigned,36.0,36.0,0.0,1.0,0.0,0.0,0.065764025,0.0,0,0,0,0,0
11195,-1,0,-0.9311901,0.28268334,0,1,unassigned,137.0,136.0,1.0,0.99270076,0.00729927,0.0072992444,0.26112187,0.001905999,0,0,0,0,0
11196,-1,0,-0.59378755,0.3557663,0,1,unassigned,31.0,29.0,2.0,0.9354839,0.06451613,0.06451613,0.056092843,0.003618893,0,0,0,0,0
11197,-1,0,-0.7173026,0.32798722,0,1,unassigned,21.0,19.0,2.0,0.9047619,0.0952381,0.09523809,0.036750484,0.0035000462,0,0,0,0,0
11198,-1,0,0.08152187,0.5203692,1,1,unassigned,10.0,10.0,0.0,1.0,0.0,0.0,0.015473888,0.0,0,0,0,1,0
11199,-1,1,1.4585571,0.8113119,1,1,unassigned,21.0,16.0,5.0,0.7619048,0.23809524,0.23809522,0.036750484,0.0087501155,1,0,0,1,0
11200,-1,1,1.710932,0.8469571,1,1,unassigned,7.0,7.0,0.0,1.0,0.0,0.0,0.00967118,0.0,1,0,0,1,0
11201,-1,0,3.0611088,0.9552597,1,1,unassigned,2.0,2.0,0.0,1.0,0.0,0.0,0.0,0.0,0,0,0,1,1
11202,-1,0,-0.21155867,0.44730672,0,1,unassigned,63.0,63.0,0.0,1.0,0.0,0.0,0.11798839,0.0,0,0,0,0,0
11203,-1,0,-0.2741738,0.4318827,0,1,unassigned,7.0,7.0,0.0,1.0,0.0,0.0,0.00967118,0.0,0,0,0,0,0
11204,-1,0,-0.4644189,0.38593808,0,1,unassigned,18.0,18.0,0.0,1.0,0.0,0.0,0.030947777,0.0,0,0,0,0,0
11205,1,0,1.799155,0.858046,1,0,test,9.0,6.0,3.0,0.6666667,0.33333334,0.3333333,0.013539651,0.004513217,0,0,1,1,0
11206,-1,1,3.2881835,0.9640212,1,1,unassigned,12.0,12.0,0.0,1.0,0.0,0.0,0.01934236,0.0,1,0,0,1,1
11207,1,0,-0.64768744,0.34351087,0,1,val,29.0,27.0,2.0,0.9310345,0.06896552,0.068965495,0.05222437,0.0036016807,0,0,0,0,0
11208,-1,1,0.020299494,0.5050747,1,1,unassigned,2.0,2.0,0.0,1.0,0.0,0.0,0.0,0.0,1,0,0,1,0
11209,-1,0,1.3494751,0.79404384,1,1,unassigned,4.0,4.0,0.0,1.0,0.0,0.0,0.003868472,0.0,0,0,0,1,0
11210,-1,0,-0.3272213,0.41891688,0,1,unassigned,20.0,20.0,0.0,1.0,0.0,0.0,0.034816246,0.0,0,0,0,0,0
11211,1,0,-0.69515854,0.33288652,0,1,unassigned,7.0,7.0,0.0,1.0,0.0,0.0,0.00967118,0.0,0,0,0,0,0
11212,-1,0,1.1995318,0.7684415,1,1,unassigned,7.0,7.0,0.0,1.0,0.0,0.0,0.00967118,0.0,0,0,0,1,0
11213,1,0,3.8074486,0.97827756,1,0,train,2.0,2.0,0.0,1.0,0.0,0.0,0.0,0.0,0,0,1,1,1
11214,-1,0,-0.41769376,0.39706877,0,1,unassigned,5.0,5.0,0.0,1.0,0.0,0.0,0.0058027077,0.0,0,0,0,0,0
11215,-1,1,0.50272673,0.62309986,1,1,unassigned,13.0,12.0,1.0,0.9230769,0.07692308,0.07692307,0.021276595,0.0016366612,1,0,0,1,0
11216,-1,0,1.875519,0.8670956,1,1,unassigned,15.0,14.0,1.0,0.93333334,0.06666667,0.06666666,0.025145067,0.0016763379,0,0,0,1,0
11217,0,1,-0.7087592,0.32987309,0,0,unassigned,18.0,18.0,0.0,1.0,0.0,0.0,0.030947777,0.0,1,0,1,0,0
11218,-1,0,1.2220736,0.7724283,1,1,unassigned,13.0,11.0,2.0,0.84615386,0.15384616,0.15384614,0.021276595,0.0032733225,0,0,0,1,0
11219,-1,1,-0.09356275,0.47662637,0,1,unassigned,3.0,1.0,2.0,0.33333334,0.6666667,0.6666666,0.001934236,0.0012894907,1,0,0,0,0
11220,1,0,3.481684,0.97016215,1,0,val,12.0,11.0,1.0,0.9166667,0.083333336,0.08333331,0.01934236,0.0016118633,0,0,1,1,1
11221,0,0,1.2223461,0.77247614,1,1,test,94.0,94.0,0.0,1.0,0.0,0.0,0.17794971,0.0,0,0,0,1,0
11222,-1,0,0.17186683,0.5428612,1,1,unassigned,15.0,15.0,0.0,1.0,0.0,0.0,0.025145067,0.0,0,0,0,1,0
11223,-1,0,-0.8723874,0.29475778,0,1,unassigned,48.0,45.0,3.0,0.9375,0.0625,0.0625,0.088974856,0.0055609285,0,0,0,0,0
11224,-1,0,-0.8333833,0.30293015,0,1,unassigned,29.0,29.0,0.0,1.0,0.0,0.0,0.05222437,0.0,0,0,0,0,0
11225,-1,0,-0.7330098,0.3245346,0,1,unassigned,69.0,65.0,4.0,0.942029,0.057971016,0.057971,0.1295938,0.0075126844,0,0,0,0,0
11226,-1,0,0.15969747,0.5398397,1,1,unassigned,27.0,25.0,2.0,0.9259259,0.074074075,0.07407409,0.0483559,0.0035819185,0,0,0,1,0
11227,-1,0,0.013456464,0.5033641,1,1,unassigned,8.0,8.0,0.0,1.0,0.0,0.0,0.0116054155,0.0,0,0,0,1,0
11228,-1,0,4.2716703,0.9862337,1,1,unassigned,11.0,11.0,0.0,1.0,0.0,0.0,0.017408123,0.0,0,0,0,1,1
11229,-1,1,-0.73487085,0.32412675,0,1,unassigned,41.0,41.0,0.0,1.0,0.0,0.0,0.07543521,0.0,1,0,0,0,0
11230,-1,0,-1.0945557,0.2507614,0,1,unassigned,2.0,2.0,0.0,1.0,0.0,0.0,0.0,0.0,0,0,0,0,0
11231,-1,0,-0.98218846,0.27245775,0,1,unassigned,3.0,3.0,0.0,1.0,0.0,0.0,0.001934236,0.0,0,0,0,0,0
11232,-1,0,1.5344846,0.8226615,1,1,unassigned,11.0,11.0,0.0,1.0,0.0,0.0,0.017408123,0.0,0,0,0,1,0
11233,-1,1,0.4159699,0.6025185,1,1,unassigned,63.0,62.0,1.0,0.984127,0.015873017,0.015873015,0.11798839,0.0018728317,1,0,0,1,0
11234,-1,1,-0.95721054,0.27743703,0,1,unassigned,17.0,17.0,0.0,1.0,0.0,0.0,0.029013539,0.0,1,0,0,0,0
11235,-1,0,5.0613046,0.99370265,1,1,unassigned,2.0,2.0,0.0,1.0,0.0,0.0,0.0,0.0,0,0,0,1,1
11236,-1,0,2.6231806,0.93233865,1,1,unassigned,2.0,2.0,0.0,1.0,0.0,0.0,0.0,0.0,0,0,0,1,1
11237,-1,1,-0.6612302,0.34046334,0,1,unassigned,41.0,39.0,2.0,0.9512195,0.048780486,0.0487805,0.07543521,0.003679766,1,0,0,0,0
11238,-1,0,-0.5070436,0.37588683,0,1,unassigned,20.0,20.0,0.0,1.0,0.0,0.0,0.034816246,0.0,0,0,0,0,0
11239,1,0,2.0658672,0.8875411,1,0,unassigned,15.0,15.0,0.0,1.0,0.0,0.0,0.025145067,0.0,0,0,1,1,0
11240,-1,0,-0.03746444,0.49063498,0,1,unassigned,31.0,31.0,0.0,1.0,0.0,0.0,0.056092843,0.0,0,0,0,0,0
11241,1,0,-0.032072365,0.49198258,0,1,unassigned,3.0,3.0,0.0,1.0,0.0,0.0,0.001934236,0.0,0,0,0,0,0
11242,1,1,-0.80729115,0.30846804,0,1,val,8.0,8.0,0.0,1.0,0.0,0.0,0.0116054155,0.0,1,0,0,0,0
11243,-1,0,0.08374566,0.5209242,1,1,unassigned,3.0,2.0,1.0,0.6666667,0.33333334,0.3333333,0.001934236,0.00064474536,0,0,0,1,0
11244,-1,0,0.11730659,0.52929306,1,1,unassigned,34.0,33.0,1.0,0.9705882,0.029411765,0.029411793,0.061895553,0.0018204574,0,0,0,1,0
11245,-1,1,3.6817477,0.9754395,1,1,unassigned,18.0,15.0,3.0,0.8333333,0.16666667,0.16666669,0.030947777,0.005157963,1,0,0,1,1
11246,-1,1,3.0013778,0.95263636,1,1,unassigned,7.0,7.0,0.0,1.0,0.0,0.0,0.00967118,0.0,1,0,0,1,1
11247,-1,1,-0.16965744,0.45768708,0,1,unassigned,13.0,13.0,0.0,1.0,0.0,0.0,0.021276595,0.0,1,0,0,0,0
11248,-1,1,-0.31338352,0.42228904,0,1,unassigned,104.0,95.0,9.0,0.91346157,0.086538464,0.086538434,0.19729207,0.017073354,1,0,0,0,0
11249,-1,0,6.029261,0.99759847,1,1,unassigned,2.0,2.0,0.0,1.0,0.0,0.0,0.0,0.0,0,0,0,1,1
11250,-1,0,-0.40044534,0.40120533,0,1,unassigned,11.0,11.0,0.0,1.0,0.0,0.0,0.017408123,0.0,0,0,0,0,0
11251,-1,0,0.84133834,0.698747,1,1,unassigned,28.0,28.0,0.0,1.0,0.0,0.0,0.050290134,0.0,0,0,0,1,0
11252,-1,0,0.9644583,0.72401357,1,1,unassigned,3.0,3.0,0.0,1.0,0.0,0.0,0.001934236,0.0,0,0,0,1,0
11253,-1,0,-0.5479047,0.36635065,0,1,unassigned,23.0,22.0,1.0,0.95652175,0.04347826,0.04347825,0.040618956,0.0017660416,0,0,0,0,0
11254,-1,1,8.968679,0.9998727,1,1,unassigned,10.0,10.0,0.0,1.0,0.0,0.0,0.015473888,0.0,1,0,0,1,1
11255,-1,1,-0.23146433,0.4423909,0,1,unassigned,10.0,4.0,6.0,0.4,0.6,0.6,0.015473888,0.009284333,1,0,0,0,0
11256,0,1,-0.33706626,0.41652232,0,0,val,15.0,15.0,0.0,1.0,0.0,0.0,0.025145067,0.0,1,0,1,0,0
11257,-1,0,0.7407146,0.67715216,1,1,unassigned,22.0,22.0,0.0,1.0,0.0,0.0,0.03868472,0.0,0,0,0,1,0
11258,-1,0,2.4444435,0.9201542,1,1,unassigned,8.0,8.0,0.0,1.0,0.0,0.0,0.0116054155,0.0,0,0,0,1,1
11259,1,0,0.32851738,0.58139855,1,0,unassigned,14.0,14.0,0.0,1.0,0.0,0.0,0.023210831,0.0,0,0,1,1,0
11260,0,0,4.080408,0.9833803,1,1,unassigned,2.0,2.0,0.0,1.0,0.0,0.0,0.0,0.0,0,0,0,1,1
11261,-1,0,-0.35704112,0.411676,0,1,unassigned,30.0,27.0,3.0,0.9,0.1,0.100000024,0.054158606,0.0054158606,0,0,0,0,0
11262,-1,0,1.6632774,0.8406775,1,1,unassigned,19.0,15.0,4.0,0.7894737,0.21052632,0.21052629,0.032882012,0.006922529,0,0,0,1,0
11263,0,0,-0.45617765,0.387893,0,0,unassigned,9.0,9.0,0.0,1.0,0.0,0.0,0.013539651,0.0,0,0,1,0,0
11264,-1,0,-0.9119642,0.2865981,0,1,unassigned,2.0,2.0,0.0,1.0,0.0,0.0,0.0,0.0,0,0,0,0,0
11265,-1,0,0.14787692,0.536902,1,1,unassigned,2.0,2.0,0.0,1.0,0.0,0.0,0.0,0.0,0,0,0,1,0
11266,-1,0,-0.34607828,0.41433376,0,1,unassigned,17.0,15.0,2.0,0.88235295,0.11764706,0.11764705,0.029013539,0.0034133575,0,0,0,0,0
11267,-1,1,-0.4612297,0.38669416,0,1,unassigned,2.0,2.0,0.0,1.0,0.0,0.0,0.0,0.0,1,0,0,0,0
11268,-1,1,-0.33178836,0.41780555,0,1,unassigned,12.0,12.0,0.0,1.0,0.0,0.0,0.01934236,0.0,1,0,0,0,0
11269,-1,0,-0.87863153,0.29346144,0,1,unassigned,7.0,7.0,0.0,1.0,0.0,0.0,0.00967118,0.0,0,0,0,0,0
11270,-1,1,-0.57138866,0.36091647,0,1,unassigned,35.0,34.0,1.0,0.9714286,0.028571429,0.028571427,0.06382979,0.0018237082,1,0,0,0,0
11271,-1,1,-0.40514457,0.40007693,0,1,unassigned,37.0,36.0,1.0,0.972973,0.027027028,0.02702701,0.06769826,0.0018296828,1,0,0,0,0
11272,-1,0,-0.13467377,0.46638232,0,1,unassigned,5.0,5.0,0.0,1.0,0.0,0.0,0.0058027077,0.0,0,0,0,0,0
11273,-1,0,-0.6210177,0.34955004,0,1,unassigned,5.0,5.0,0.0,1.0,0.0,0.0,0.0058027077,0.0,0,0,0,0,0
11274,-1,0,2.4930267,0.9236516,1,1,unassigned,7.0,7.0,0.0,1.0,0.0,0.0,0.00967118,0.0,0,0,0,1,1
11275,-1,0,0.21018511,0.5523537,1,1,unassigned,4.0,4.0,0.0,1.0,0.0,0.0,0.003868472,0.0,0,0,0,1,0
11276,-1,0,-0.95805347,0.27726808,0,1,unassigned,25.0,1.0,24.0,0.04,0.96,0.96,0.044487428,0.04270793,0,0,0,0,0
11277,1,0,-0.4371647,0.39241675,0,1,test,23.0,23.0,0.0,1.0,0.0,0.0,0.040618956,0.0,0,0,0,0,0
11278,-1,1,1.614536,0.8340402,1,1,unassigned,5.0,5.0,0.0,1.0,0.0,0.0,0.0058027077,0.0,1,0,0,1,0
11279,-1,0,1.1669466,0.7625927,1,1,unassigned,7.0,7.0,0.0,1.0,0.0,0.0,0.00967118,0.0,0,0,0,1,0
11280,-1,0,3.7638953,0.9773325,1,1,unassigned,9.0,9.0,0.0,1.0,0.0,0.0,0.013539651,0.0,0,0,0,1,1
11281,-1,0,-0.18321252,0.4543245,0,1,unassigned,8.0,8.0,0.0,1.0,0.0,0.0,0.0116054155,0.0,0,0,0,0,0
11282,-1,1,-0.4527174,0.38871485,0,1,unassigned,42.0,42.0,0.0,1.0,0.0,0.0,0.07736944,0.0,1,0,0,0,0
11283,-1,0,0.17158192,0.5427906,1,1,unassigned,3.0,3.0,0.0,1.0,0.0,0.0,0.001934236,0.0,0,0,0,1,0
11284,-1,1,-0.23730823,0.4409498,0,1,unassigned,11.0,11.0,0.0,1.0,0.0,0.0,0.017408123,0.0,1,0,0,0,0
11285,1,0,6.5295815,0.99854255,1,0,train,11.0,8.0,3.0,0.72727275,0.27272728,0.27272725,0.017408123,0.00474767,0,0,1,1,1
11286,-1,0,1.6058762,0.83283806,1,1,unassigned,3.0,3.0,0.0,1.0,0.0,0.0,0.001934236,0.0,0,0,0,1,0
11287,1,0,-0.52300406,0.37215006,0,1,test,40.0,39.0,1.0,0.975,0.025,0.024999976,0.07350097,0.0018375242,0,0,0,0,0
11288,-1,0,0.17762399,0.54428965,1,1,unassigned,13.0,13.0,0.0,1.0,0.0,0.0,0.021276595,0.0,0,0,0,1,0
11289,-1,0,1.6747234,0.8422045,1,1,unassigned,4.0,4.0,0.0,1.0,0.0,0.0,0.003868472,0.0,0,0,0,1,0
11290,-1,0,3.6154473,0.97379994,1,1,unassigned,4.0,4.0,0.0,1.0,0.0,0.0,0.003868472,0.0,0,0,0,1,1
11291,-1,0,-0.33275318,0.41757086,0,1,unassigned,16.0,15.0,1.0,0.9375,0.0625,0.0625,0.027079303,0.0016924564,0,0,0,0,0
11292,-1,1,-0.29522997,0.42672396,0,1,unassigned,43.0,42.0,1.0,0.9767442,0.023255814,0.023255825,0.079303674,0.0018442714,1,0,0,0,0
11293,-1,1,-0.49160635,0.37951523,0,1,unassigned,23.0,23.0,0.0,1.0,0.0,0.0,0.040618956,0.0,1,0,0,0,0
11294,-1,0,-0.8064528,0.30864692,0,1,unassigned,29.0,29.0,0.0,1.0,0.0,0.0,0.05222437,0.0,0,0,0,0,0
11295,-1,0,3.5214903,0.9712931,1,1,unassigned,4.0,4.0,0.0,1.0,0.0,0.0,0.003868472,0.0,0,0,0,1,1
11296,-1,1,3.6017897,0.9734493,1,1,unassigned,5.0,4.0,1.0,0.8,0.2,0.19999999,0.0058027077,0.0011605415,1,0,0,1,1
11297,-1,0,1.5093138,0.81895953,1,1,unassigned,2.0,2.0,0.0,1.0,0.0,0.0,0.0,0.0,0,0,0,1,0
11298,-1,0,-0.3200159,0.42067188,0,1,unassigned,2.0,2.0,0.0,1.0,0.0,0.0,0.0,0.0,0,0,0,0,0
11299,1,0,5.1996884,0.99451196,1,0,test,33.0,25.0,8.0,0.75757575,0.24242425,0.24242425,0.059961315,0.014536077,0,0,1,1,1
11300,-1,0,7.248409,0.99928916,1,1,unassigned,2.0,2.0,0.0,1.0,0.0,0.0,0.0,0.0,0,0,0,1,1
11301,-1,1,12.80708,0.99999726,1,1,unassigned,3.0,3.0,0.0,1.0,0.0,0.0,0.001934236,0.0,1,0,0,1,1
11302,1,0,0.009659827,0.50241494,1,0,unassigned,28.0,28.0,0.0,1.0,0.0,0.0,0.050290134,0.0,0,0,1,1,0
11303,-1,0,12.941795,0.9999976,1,1,unassigned,2.0,2.0,0.0,1.0,0.0,0.0,0.0,0.0,0,0,0,1,1
11304,0,0,-0.12859663,0.46789506,0,0,unassigned,53.0,53.0,0.0,1.0,0.0,0.0,0.09864604,0.0,0,0,1,0,0
11305,0,0,-0.578099,0.35937014,0,0,unassigned,40.0,38.0,2.0,0.95,0.05,0.050000012,0.07350097,0.0036750485,0,0,1,0,0
11306,-1,0,4.202591,0.9852636,1,1,unassigned,9.0,9.0,0.0,1.0,0.0,0.0,0.013539651,0.0,0,0,0,1,1
11307,-1,0,-0.5698749,0.3612657,0,1,unassigned,26.0,26.0,0.0,1.0,0.0,0.0,0.046421662,0.0,0,0,0,0,0
11308,-1,0,0.9581762,0.7227565,1,1,unassigned,7.0,7.0,0.0,1.0,0.0,0.0,0.00967118,0.0,0,0,0,1,0
11309,-1,0,-0.6503135,0.34291887,0,1,unassigned,27.0,27.0,0.0,1.0,0.0,0.0,0.0483559,0.0,0,0,0,0,0
11310,-1,0,-0.7173235,0.32798263,0,1,unassigned,61.0,55.0,6.0,0.90163934,0.09836066,0.09836066,0.114119925,0.011224911,0,0,0,0,0
11311,-1,0,1.541981,0.8237525,1,1,unassigned,6.0,5.0,1.0,0.8333333,0.16666667,0.16666669,0.007736944,0.0012894907,0,0,0,1,0
11312,-1,0,-0.8676611,0.2957412,0,1,unassigned,11.0,11.0,0.0,1.0,0.0,0.0,0.017408123,0.0,0,0,0,0,0
11313,-1,0,-0.54311955,0.36746222,0,1,unassigned,15.0,15.0,0.0,1.0,0.0,0.0,0.025145067,0.0,0,0,0,0,0
11314,-1,0,-0.59716094,0.35499346,0,1,unassigned,73.0,65.0,8.0,0.89041096,0.10958904,0.10958904,0.13733076,0.015049946,0,0,0,0,0
11315,-1,0,-0.15902701,0.46032685,0,1,unassigned,5.0,5.0,0.0,1.0,0.0,0.0,0.0058027077,0.0,0,0,0,0,0
11316,1,0,-0.1468355,0.4633569,0,1,val,29.0,28.0,1.0,0.9655172,0.03448276,0.034482777,0.05222437,0.0018008404,0,0,0,0,0
11317,-1,0,0.41862267,0.6031536,1,1,unassigned,22.0,19.0,3.0,0.8636364,0.13636364,0.13636363,0.03868472,0.005275189,0,0,0,1,0
11318,-1,0,5.3856497,0.9954391,1,1,unassigned,3.0,3.0,0.0,1.0,0.0,0.0,0.001934236,0.0,0,0,0,1,1
11319,0,0,1.0794504,0.7463899,1,1,unassigned,10.0,9.0,1.0,0.9,0.1,0.100000024,0.015473888,0.0015473888,0,0,0,1,0
11320,-1,0,-0.47858596,0.3825861,0,1,unassigned,113.0,113.0,0.0,1.0,0.0,0.0,0.21470019,0.0,0,0,0,0,0
11321,-1,0,-0.42565495,0.39516437,0,1,unassigned,10.0,10.0,0.0,1.0,0.0,0.0,0.015473888,0.0,0,0,0,0,0
11322,0,0,-0.59036905,0.3565502,0,0,val,9.0,9.0,0.0,1.0,0.0,0.0,0.013539651,0.0,0,0,1,0,0
11323,-1,0,1.0700791,0.744612,1,1,unassigned,5.0,5.0,0.0,1.0,0.0,0.0,0.0058027077,0.0,0,0,0,1,0
11324,-1,0,-0.46290672,0.3862965,0,1,unassigned,11.0,10.0,1.0,0.90909094,0.09090909,0.090909064,0.017408123,0.0015825568,0,0,0,0,0
11325,-1,0,0.43790227,0.60775906,1,1,unassigned,41.0,40.0,1.0,0.9756098,0.024390243,0.02439022,0.07543521,0.001839883,0,0,0,1,0
11326,-1,0,-0.34969878,0.4134555,0,1,unassigned,94.0,93.0,1.0,0.9893617,0.010638298,0.010638297,0.17794971,0.0018930819,0,0,0,0,0
11327,-1,1,6.789397,0.99887556,1,1,unassigned,11.0,11.0,0.0,1.0,0.0,0.0,0.017408123,0.0,1,0,0,1,1
11328,-1,0,6.7594957,0.9988416,1,1,unassigned,2.0,2.0,0.0,1.0,0.0,0.0,0.0,0.0,0,0,0,1,1
11329,-1,0,-0.8614821,0.29702976,0,1,unassigned,65.0,61.0,4.0,0.93846154,0.06153846,0.061538458,0.12185687,0.007498884,0,0,0,0,0
11330,-1,0,-0.75634986,0.31943926,0,1,unassigned,37.0,37.0,0.0,1.0,0.0,0.0,0.06769826,0.0,0,0,0,0,0
11331,-1,0,-0.8891089,0.29129377,0,1,unassigned,45.0,45.0,0.0,1.0,0.0,0.0,0.08317215,0.0,0,0,0,0,0
11332,-1,0,-0.88122416,0.29292417,0,1,unassigned,54.0,54.0,0.0,1.0,0.0,0.0,0.10058027,0.0,0,0,0,0,0
11333,0,0,-0.43978727,0.39179164,0,0,val,38.0,38.0,0.0,1.0,0.0,0.0,0.06963249,0.0,0,0,1,0,0
11334,-1,0,-0.869263,0.29540768,0,1,unassigned,53.0,50.0,3.0,0.9433962,0.056603774,0.05660379,0.09864604,0.005583738,0,0,0,0,0
11335,-1,1,-0.83234644,0.30314913,0,1,unassigned,72.0,69.0,3.0,0.9583333,0.041666668,0.041666687,0.13539653,0.005641522,1,0,0,0,0
11336,0,0,0.15645552,0.5390343,1,1,test,9.0,9.0,0.0,1.0,0.0,0.0,0.013539651,0.0,0,0,0,1,0
11337,-1,0,16.229897,0.9999999,1,1,unassigned,5.0,4.0,1.0,0.8,0.2,0.19999999,0.0058027077,0.0011605415,0,0,0,1,1
11338,-1,0,0.17537051,0.5437306,1,1,unassigned,15.0,15.0,0.0,1.0,0.0,0.0,0.025145067,0.0,0,0,0,1,0
11339,1,0,-0.2118344,0.44723853,0,1,unassigned,18.0,18.0,0.0,1.0,0.0,0.0,0.030947777,0.0,0,0,0,0,0
11340,-1,0,-0.7521832,0.3203458,0,1,unassigned,24.0,24.0,0.0,1.0,0.0,0.0,0.04255319,0.0,0,0,0,0,0
11341,-1,0,-0.92035204,0.28488615,0,1,unassigned,76.0,76.0,0.0,1.0,0.0,0.0,0.14313346,0.0,0,0,0,0,0
11342,-1,0,0.020278096,0.5050694,1,1,unassigned,59.0,59.0,0.0,1.0,0.0,0.0,0.11025145,0.0,0,0,0,1,0
11343,-1,0,0.38453,0.5949652,1,1,unassigned,2.0,2.0,0.0,1.0,0.0,0.0,0.0,0.0,0,0,0,1,0
11344,-1,0,3.1354024,0.9583296,1,1,unassigned,4.0,3.0,1.0,0.75,0.25,0.25,0.003868472,0.000967118,0,0,0,1,1
11345,-1,0,-0.9108337,0.2868293,0,1,unassigned,2.0,2.0,0.0,1.0,0.0,0.0,0.0,0.0,0,0,0,0,0
11346,1,0,-0.6222031,0.34928054,0,1,test,23.0,23.0,0.0,1.0,0.0,0.0,0.040618956,0.0,0,0,0,0,0
11347,-1,0,-0.9468266,0.2795235,0,1,unassigned,3.0,2.0,1.0,0.6666667,0.33333334,0.3333333,0.001934236,0.00064474536,0,0,0,0,0
11348,0,0,-0.5211902,0.37257394,0,0,val,4.0,4.0,0.0,1.0,0.0,0.0,0.003868472,0.0,0,0,1,0,0
11349,-1,0,0.28901845,0.5717558,1,1,unassigned,12.0,12.0,0.0,1.0,0.0,0.0,0.01934236,0.0,0,0,0,1,0
11350,-1,0,0.6844407,0.6647291,1,1,unassigned,3.0,3.0,0.0,1.0,0.0,0.0,0.001934236,0.0,0,0,0,1,0
11351,1,0,5.8818,0.997218,1,0,test,3.0,3.0,0.0,1.0,0.0,0.0,0.001934236,0.0,0,0,1,1,1
11352,-1,0,1.4651141,0.81231356,1,1,unassigned,3.0,3.0,0.0,1.0,0.0,0.0,0.001934236,0.0,0,0,0,1,0
11353,-1,1,0.4345904,0.6069693,1,1,unassigned,20.0,20.0,0.0,1.0,0.0,0.0,0.034816246,0.0,1,0,0,1,0
11354,-1,0,0.5912488,0.64365166,1,1,unassigned,31.0,31.0,0.0,1.0,0.0,0.0,0.056092843,0.0,0,0,0,1,0
11355,-1,0,0.50527793,0.62369883,1,1,unassigned,14.0,12.0,2.0,0.85714287,0.14285715,0.14285713,0.023210831,0.0033158332,0,0,0,1,0
11356,-1,0,2.3129823,0.90994656,1,1,unassigned,5.0,3.0,2.0,0.6,0.4,0.39999998,0.0058027077,0.002321083,0,0,0,1,1
11357,-1,0,-0.36819023,0.40897837,0,1,unassigned,10.0,10.0,0.0,1.0,0.0,0.0,0.015473888,0.0,0,0,0,0,0
11358,-1,0,0.6187766,0.64994025,1,1,unassigned,9.0,9.0,0.0,1.0,0.0,0.0,0.013539651,0.0,0,0,0,1,0
11359,-1,1,2.6071355,0.9313194,1,1,unassigned,3.0,1.0,2.0,0.33333334,0.6666667,0.6666666,0.001934236,0.0012894907,1,0,0,1,1
11360,-1,0,1.7196693,0.8480863,1,1,unassigned,3.0,2.0,1.0,0.6666667,0.33333334,0.3333333,0.001934236,0.00064474536,0,0,0,1,0
11361,-1,0,0.53620344,0.6309288,1,1,unassigned,4.0,3.0,1.0,0.75,0.25,0.25,0.003868472,0.000967118,0,0,0,1,0
11362,-1,0,3.0794966,0.9560391,1,1,unassigned,2.0,2.0,0.0,1.0,0.0,0.0,0.0,0.0,0,0,0,1,1
11363,-1,0,-0.86396706,0.29651117,0,1,unassigned,27.0,26.0,1.0,0.962963,0.037037037,0.037037015,0.0483559,0.0017909593,0,0,0,0,0
11364,-1,0,-0.04634607,0.4884156,0,1,unassigned,24.0,24.0,0.0,1.0,0.0,0.0,0.04255319,0.0,0,0,0,0,0
11365,0,1,0.046289086,0.5115702,1,1,val,44.0,42.0,2.0,0.95454544,0.045454547,0.04545456,0.08123791,0.0036926325,1,0,0,1,0
11366,-1,0,-0.7738511,0.31564662,0,1,unassigned,3.0,3.0,0.0,1.0,0.0,0.0,0.001934236,0.0,0,0,0,0,0
11367,0,1,0.028114974,0.5070283,1,1,unassigned,38.0,36.0,2.0,0.94736844,0.05263158,0.052631557,0.06963249,0.0036648682,1,0,0,1,0
11368,-1,1,-0.68347794,0.3354855,0,1,unassigned,29.0,28.0,1.0,0.9655172,0.03448276,0.034482777,0.05222437,0.0018008404,1,0,0,0,0
11369,1,0,1.0403168,0.7389111,1,0,unassigned,20.0,2.0,18.0,0.1,0.9,0.9,0.034816246,0.03133462,0,0,1,1,0
11370,-1,1,-0.46544763,0.38569427,0,1,unassigned,21.0,16.0,5.0,0.7619048,0.23809524,0.23809522,0.036750484,0.0087501155,1,0,0,0,0
11371,-1,1,-0.094881654,0.47629735,0,1,unassigned,3.0,2.0,1.0,0.6666667,0.33333334,0.3333333,0.001934236,0.00064474536,1,0,0,0,0
11372,-1,0,-0.5214573,0.37251154,0,1,unassigned,72.0,68.0,4.0,0.9444444,0.055555556,0.055555582,0.13539653,0.0075220293,0,0,0,0,0
11373,-1,0,2.660271,0.93464124,1,1,unassigned,6.0,6.0,0.0,1.0,0.0,0.0,0.007736944,0.0,0,0,0,1,1
11374,0,0,-0.8917264,0.2907537,0,0,train,107.0,103.0,4.0,0.9626168,0.037383176,0.0373832,0.20309478,0.007592328,0,0,1,0,0
11375,1,0,4.349341,0.9872493,1,0,test,19.0,18.0,1.0,0.94736844,0.05263158,0.052631557,0.032882012,0.0017306323,0,0,1,1,1
11376,-1,0,-0.73864824,0.3232998,0,1,unassigned,244.0,242.0,2.0,0.9918033,0.008196721,0.008196712,0.4680851,0.003836763,0,0,0,0,0
11377,-1,1,-0.685919,0.33494154,0,1,unassigned,24.0,17.0,7.0,0.7083333,0.29166666,0.2916667,0.04255319,0.012411347,1,0,0,0,0
11378,-1,0,0.52070004,0.6273114,1,1,unassigned,8.0,8.0,0.0,1.0,0.0,0.0,0.0116054155,0.0,0,0,0,1,0
11379,-1,0,-0.25463593,0.4366828,0,1,unassigned,4.0,4.0,0.0,1.0,0.0,0.0,0.003868472,0.0,0,0,0,0,0
11380,1,1,1.0931966,0.7489832,1,0,unassigned,20.0,19.0,1.0,0.95,0.05,0.050000012,0.034816246,0.0017408123,1,0,1,1,0
11381,-1,0,3.000738,0.95260745,1,1,unassigned,4.0,4.0,0.0,1.0,0.0,0.0,0.003868472,0.0,0,0,0,1,1
11382,-1,0,-0.9214769,0.28465706,0,1,unassigned,48.0,47.0,1.0,0.9791667,0.020833334,0.020833313,0.088974856,0.0018536429,0,0,0,0,0
11383,-1,0,-0.71368206,0.32878575,0,1,unassigned,2.0,2.0,0.0,1.0,0.0,0.0,0.0,0.0,0,0,0,0,0
11384,-1,0,0.18287611,0.545592,1,1,unassigned,44.0,43.0,1.0,0.97727275,0.022727273,0.022727251,0.08123791,0.0018463163,0,0,0,1,0
11385,-1,0,1.3523242,0.79450935,1,1,unassigned,22.0,22.0,0.0,1.0,0.0,0.0,0.03868472,0.0,0,0,0,1,0
11386,-1,0,-0.43817475,0.39217597,0,1,unassigned,2.0,1.0,1.0,0.5,0.5,0.5,0.0,0.0,0,0,0,0,0
11387,-1,0,1.4477694,0.80965495,1,1,unassigned,3.0,3.0,0.0,1.0,0.0,0.0,0.001934236,0.0,0,0,0,1,0
11388,-1,0,-0.8331043,0.30298907,0,1,unassigned,172.0,167.0,5.0,0.9709302,0.029069768,0.029069781,0.3288201,0.009558724,0,0,0,0,0
11389,-1,0,-0.5174134,0.37345728,0,1,unassigned,87.0,86.0,1.0,0.9885057,0.011494253,0.011494279,0.16441005,0.0018897707,0,0,0,0,0
11390,-1,0,1.6912074,0.8443829,1,1,unassigned,2.0,2.0,0.0,1.0,0.0,0.0,0.0,0.0,0,0,0,1,0
11391,-1,0,-0.95591635,0.27769655,0,1,unassigned,23.0,23.0,0.0,1.0,0.0,0.0,0.040618956,0.0,0,0,0,0,0
11392,-1,0,-0.33689183,0.41656467,0,1,unassigned,77.0,76.0,1.0,0.987013,0.012987013,0.012987018,0.14506769,0.001883996,0,0,0,0,0
11393,-1,0,1.1250546,0.7549251,1,1,unassigned,4.0,4.0,0.0,1.0,0.0,0.0,0.003868472,0.0,0,0,0,1,0
11394,-1,0,3.3079422,0.9647003,1,1,unassigned,5.0,5.0,0.0,1.0,0.0,0.0,0.0058027077,0.0,0,0,0,1,1
11395,-1,0,7.794702,0.9995883,1,1,unassigned,2.0,2.0,0.0,1.0,0.0,0.0,0.0,0.0,0,0,0,1,1
11396,-1,0,1.4836957,0.8151302,1,1,unassigned,33.0,31.0,2.0,0.93939394,0.060606062,0.060606062,0.059961315,0.0036340193,0,0,0,1,0
11397,1,0,3.361863,0.96649116,1,0,unassigned,3.0,3.0,0.0,1.0,0.0,0.0,0.001934236,0.0,0,0,1,1,1
11398,1,0,1.6264031,0.8356763,1,0,unassigned,8.0,8.0,0.0,1.0,0.0,0.0,0.0116054155,0.0,0,0,1,1,0
11399,1,0,-0.6598372,0.34077618,0,1,test,25.0,24.0,1.0,0.96,0.04,0.04000002,0.044487428,0.001779497,0,0,0,0,0
11400,-1,0,2.6789763,0.9357747,1,1,unassigned,5.0,5.0,0.0,1.0,0.0,0.0,0.0058027077,0.0,0,0,0,1,1
11401,-1,1,2.5937552,0.9304586,1,1,unassigned,27.0,26.0,1.0,0.962963,0.037037037,0.037037015,0.0483559,0.0017909593,1,0,0,1,1
11402,-1,0,0.5928456,0.6440178,1,1,unassigned,6.0,5.0,1.0,0.8333333,0.16666667,0.16666669,0.007736944,0.0012894907,0,0,0,1,0
11403,-1,0,-0.10967979,0.47260755,0,1,unassigned,3.0,2.0,1.0,0.6666667,0.33333334,0.3333333,0.001934236,0.00064474536,0,0,0,0,0
11404,1,0,0.34400898,0.585164,1,0,test,2.0,2.0,0.0,1.0,0.0,0.0,0.0,0.0,0,0,1,1,0
11405,-1,0,0.38806707,0.59581727,1,1,unassigned,18.0,18.0,0.0,1.0,0.0,0.0,0.030947777,0.0,0,0,0,1,0
11406,-1,0,-0.60107285,0.3540983,0,1,unassigned,59.0,58.0,1.0,0.9830508,0.016949153,0.016949177,0.11025145,0.0018686686,0,0,0,0,0
11407,0,1,-0.22908685,0.4429775,0,0,val,20.0,19.0,1.0,0.95,0.05,0.050000012,0.034816246,0.0017408123,1,0,1,0,0
11408,-1,0,-0.034388006,0.49140388,0,1,unassigned,74.0,62.0,12.0,0.8378378,0.16216215,0.16216218,0.13926499,0.02258351,0,0,0,0,0
11409,-1,0,5.2390885,0.99472296,1,1,unassigned,4.0,4.0,0.0,1.0,0.0,0.0,0.003868472,0.0,0,0,0,1,1
11410,-1,0,4.174414,0.9848489,1,1,unassigned,8.0,8.0,0.0,1.0,0.0,0.0,0.0116054155,0.0,0,0,0,1,1
11411,-1,0,-0.1765401,0.45597923,0,1,unassigned,7.0,6.0,1.0,0.85714287,0.14285715,0.14285713,0.00967118,0.0013815971,0,0,0,0,0
11412,-1,1,3.3077118,0.96469235,1,1,unassigned,15.0,15.0,0.0,1.0,0.0,0.0,0.025145067,0.0,1,0,0,1,1
11413,-1,1,0.3615449,0.58941436,1,1,unassigned,2.0,2.0,0.0,1.0,0.0,0.0,0.0,0.0,1,0,0,1,0
11414,-1,0,-0.20960376,0.44779006,0,1,unassigned,14.0,13.0,1.0,0.9285714,0.071428575,0.0714286,0.023210831,0.0016579166,0,0,0,0,0
11415,-1,1,-0.118168,0.47049233,0,1,unassigned,14.0,13.0,1.0,0.9285714,0.071428575,0.0714286,0.023210831,0.0016579166,1,0,0,0,0
11416,1,0,-0.97028947,0.2748228,0,1,test,18.0,18.0,0.0,1.0,0.0,0.0,0.030947777,0.0,0,0,0,0,0
11417,-1,0,-0.6271682,0.3481529,0,1,unassigned,3.0,3.0,0.0,1.0,0.0,0.0,0.001934236,0.0,0,0,0,0,0
11418,-1,0,0.5673724,0.63815665,1,1,unassigned,8.0,8.0,0.0,1.0,0.0,0.0,0.0116054155,0.0,0,0,0,1,0
11419,0,0,-0.7954405,0.3110017,0,0,unassigned,81.0,81.0,0.0,1.0,0.0,0.0,0.15280464,0.0,0,0,1,0,0
11420,0,1,-0.40084168,0.40111014,0,0,val,13.0,12.0,1.0,0.9230769,0.07692308,0.07692307,0.021276595,0.0016366612,1,0,1,0,0
11421,-1,0,-0.8543074,0.29853007,0,1,unassigned,142.0,142.0,0.0,1.0,0.0,0.0,0.27079305,0.0,0,0,0,0,0
11422,-1,1,-0.70919275,0.32977724,0,1,unassigned,7.0,7.0,0.0,1.0,0.0,0.0,0.00967118,0.0,1,0,0,0,0
11423,0,1,-0.20228413,0.44960067,0,0,unassigned,13.0,13.0,0.0,1.0,0.0,0.0,0.021276595,0.0,1,0,1,0,0
11424,-1,0,-0.31534123,0.42181152,0,1,unassigned,7.0,7.0,0.0,1.0,0.0,0.0,0.00967118,0.0,0,0,0,0,0
11425,-1,0,-0.7275372,0.32573542,0,1,unassigned,65.0,62.0,3.0,0.95384616,0.046153847,0.046153843,0.12185687,0.0056241634,0,0,0,0,0
11426,-1,0,1.4058073,0.8031038,1,1,unassigned,19.0,19.0,0.0,1.0,0.0,0.0,0.032882012,0.0,0,0,0,1,0
11427,-1,0,-0.6931786,0.33332634,0,1,unassigned,40.0,40.0,0.0,1.0,0.0,0.0,0.07350097,0.0,0,0,0,0,0
11428,-1,1,-0.06403381,0.48399702,0,1,unassigned,21.0,18.0,3.0,0.85714287,0.14285715,0.14285713,0.036750484,0.0052500693,1,0,0,0,0
11429,-1,1,1.6296921,0.8361275,1,1,unassigned,2.0,1.0,1.0,0.5,0.5,0.5,0.0,0.0,1,0,0,1,0
11430,-1,0,-0.7095629,0.32969543,0,1,unassigned,115.0,113.0,2.0,0.9826087,0.017391304,0.017391324,0.21856867,0.003801194,0,0,0,0,0
11431,0,1,-0.19120878,0.45234293,0,0,test,20.0,20.0,0.0,1.0,0.0,0.0,0.034816246,0.0,1,0,1,0,0
11432,-1,0,-0.88739264,0.29164818,0,1,unassigned,14.0,14.0,0.0,1.0,0.0,0.0,0.023210831,0.0,0,0,0,0,0
11433,-1,1,0.30994958,0.57687294,1,1,unassigned,19.0,17.0,2.0,0.8947368,0.10526316,0.10526317,0.032882012,0.0034612645,1,0,0,1,0
11434,1,0,-0.24083787,0.44007993,0,1,unassigned,29.0,29.0,0.0,1.0,0.0,0.0,0.05222437,0.0,0,0,0,0,0
11435,-1,0,1.3866086,0.80005026,1,1,unassigned,23.0,23.0,0.0,1.0,0.0,0.0,0.040618956,0.0,0,0,0,1,0
11436,-1,0,10.502699,0.9999726,1,1,unassigned,2.0,1.0,1.0,0.5,0.5,0.5,0.0,0.0,0,0,0,1,1
11437,-1,0,-0.8234806,0.3050253,0,1,unassigned,129.0,129.0,0.0,1.0,0.0,0.0,0.24564797,0.0,0,0,0,0,0
11438,1,0,0.9326187,0.7176063,1,0,unassigned,12.0,12.0,0.0,1.0,0.0,0.0,0.01934236,0.0,0,0,1,1,0
11439,-1,0,-0.480715,0.3820833,0,1,unassigned,53.0,52.0,1.0,0.9811321,0.018867925,0.01886791,0.09864604,0.0018612461,0,0,0,0,0
11440,-1,0,-0.35467744,0.4122486,0,1,unassigned,53.0,53.0,0.0,1.0,0.0,0.0,0.09864604,0.0,0,0,0,0,0
11441,-1,0,0.36068636,0.5892066,1,1,unassigned,6.0,6.0,0.0,1.0,0.0,0.0,0.007736944,0.0,0,0,0,1,0
11442,0,0,-0.4265662,0.39494655,0,0,test,31.0,31.0,0.0,1.0,0.0,0.0,0.056092843,0.0,0,0,1,0,0
11443,-1,0,2.9168463,0.9486729,1,1,unassigned,19.0,19.0,0.0,1.0,0.0,0.0,0.032882012,0.0,0,0,0,1,1
11444,-1,0,-0.68113905,0.33600712,0,1,unassigned,47.0,47.0,0.0,1.0,0.0,0.0,0.08704062,0.0,0,0,0,0,0
11445,-1,0,0.03505832,0.5087637,1,1,unassigned,2.0,2.0,0.0,1.0,0.0,0.0,0.0,0.0,0,0,0,1,0
11446,-1,1,2.4801397,0.9227378,1,1,unassigned,22.0,21.0,1.0,0.95454544,0.045454547,0.04545456,0.03868472,0.0017583964,1,0,0,1,1
11447,-1,0,-0.0747422,0.48132318,0,1,unassigned,8.0,8.0,0.0,1.0,0.0,0.0,0.0116054155,0.0,0,0,0,0,0
11448,-1,1,3.549764,0.972071,1,1,unassigned,5.0,5.0,0.0,1.0,0.0,0.0,0.0058027077,0.0,1,0,0,1,1
11449,-1,0,-0.24457932,0.43915817,0,1,unassigned,5.0,5.0,0.0,1.0,0.0,0.0,0.0058027077,0.0,0,0,0,0,0
11450,-1,0,-0.6091627,0.35225022,0,1,unassigned,47.0,47.0,0.0,1.0,0.0,0.0,0.08704062,0.0,0,0,0,0,0
11451,-1,0,-0.20420036,0.44912657,0,1,unassigned,114.0,114.0,0.0,1.0,0.0,0.0,0.21663442,0.0,0,0,0,0,0
11452,-1,0,-0.50990355,0.37521613,0,1,unassigned,2.0,2.0,0.0,1.0,0.0,0.0,0.0,0.0,0,0,0,0,0
11453,-1,0,-0.5843405,0.35793447,0,1,unassigned,63.0,63.0,0.0,1.0,0.0,0.0,0.11798839,0.0,0,0,0,0,0
11454,-1,0,0.06167847,0.5154148,1,1,unassigned,52.0,49.0,3.0,0.9423077,0.057692308,0.05769229,0.0967118,0.005579527,0,0,0,1,0
11455,-1,0,-0.15941411,0.46023068,0,1,unassigned,23.0,23.0,0.0,1.0,0.0,0.0,0.040618956,0.0,0,0,0,0,0
11456,-1,0,-0.17966682,0.4552037,0,1,unassigned,76.0,76.0,0.0,1.0,0.0,0.0,0.14313346,0.0,0,0,0,0,0
11457,-1,0,-0.7457719,0.32174328,0,1,unassigned,132.0,132.0,0.0,1.0,0.0,0.0,0.2514507,0.0,0,0,0,0,0
11458,-1,1,-0.25751525,0.4359746,0,1,unassigned,21.0,21.0,0.0,1.0,0.0,0.0,0.036750484,0.0,1,0,0,0,0
11459,0,0,1.4910102,0.8162298,1,1,unassigned,10.0,9.0,1.0,0.9,0.1,0.100000024,0.015473888,0.0015473888,0,0,0,1,0
11460,-1,0,0.39624864,0.597786,1,1,unassigned,3.0,3.0,0.0,1.0,0.0,0.0,0.001934236,0.0,0,0,0,1,0
11461,-1,1,0.003941536,0.5009854,1,1,unassigned,28.0,28.0,0.0,1.0,0.0,0.0,0.050290134,0.0,1,0,0,1,0
11462,-1,1,3.2852457,0.9639192,1,1,unassigned,5.0,4.0,1.0,0.8,0.2,0.19999999,0.0058027077,0.0011605415,1,0,0,1,1
11463,1,0,0.40542507,0.5999904,1,0,unassigned,23.0,22.0,1.0,0.95652175,0.04347826,0.04347825,0.040618956,0.0017660416,0,0,1,1,0
11464,-1,0,-0.7798048,0.31436193,0,1,unassigned,45.0,45.0,0.0,1.0,0.0,0.0,0.08317215,0.0,0,0,0,0,0
11465,-1,0,-0.46676964,0.38538113,0,1,unassigned,14.0,14.0,0.0,1.0,0.0,0.0,0.023210831,0.0,0,0,0,0,0
11466,-1,0,-0.89564943,0.28994536,0,1,unassigned,56.0,55.0,1.0,0.98214287,0.017857144,0.017857134,0.10444874,0.0018651562,0,0,0,0,0
11467,0,0,-0.46807575,0.38507175,0,0,unassigned,18.0,18.0,0.0,1.0,0.0,0.0,0.030947777,0.0,0,0,1,0,0
11468,1,1,2.2604892,0.9055515,1,0,unassigned,10.0,10.0,0.0,1.0,0.0,0.0,0.015473888,0.0,1,0,1,1,1
11469,-1,0,-0.6229481,0.34911126,0,1,unassigned,38.0,38.0,0.0,1.0,0.0,0.0,0.06963249,0.0,0,0,0,0,0
11470,-1,0,-0.6349866,0.3463807,0,1,unassigned,24.0,18.0,6.0,0.75,0.25,0.25,0.04255319,0.010638298,0,0,0,0,0
11471,-1,0,-0.1406081,0.46490577,0,1,unassigned,12.0,11.0,1.0,0.9166667,0.083333336,0.08333331,0.01934236,0.0016118633,0,0,0,0,0
11472,-1,0,-0.71367097,0.3287882,0,1,unassigned,49.0,47.0,2.0,0.9591837,0.040816326,0.040816307,0.09090909,0.0037105752,0,0,0,0,0
11473,-1,0,-0.33097708,0.41800293,0,1,unassigned,30.0,30.0,0.0,1.0,0.0,0.0,0.054158606,0.0,0,0,0,0,0
11474,-1,0,-0.7352434,0.32404515,0,1,unassigned,80.0,80.0,0.0,1.0,0.0,0.0,0.15087041,0.0,0,0,0,0,0
11475,0,0,0.7043608,0.66915387,1,1,unassigned,46.0,45.0,1.0,0.9782609,0.02173913,0.021739125,0.08510638,0.0018501388,0,0,0,1,0
11476,-1,0,-0.6860293,0.33491695,0,1,unassigned,13.0,13.0,0.0,1.0,0.0,0.0,0.021276595,0.0,0,0,0,0,0
11477,-1,0,-0.8686144,0.29554272,0,1,unassigned,52.0,49.0,3.0,0.9423077,0.057692308,0.05769229,0.0967118,0.005579527,0,0,0,0,0
11478,-1,0,-0.3155325,0.4217649,0,1,unassigned,31.0,31.0,0.0,1.0,0.0,0.0,0.056092843,0.0,0,0,0,0,0
11479,-1,0,-0.7905779,0.3120446,0,1,unassigned,9.0,9.0,0.0,1.0,0.0,0.0,0.013539651,0.0,0,0,0,0,0
11480,-1,0,8.045798,0.9996797,1,1,unassigned,16.0,15.0,1.0,0.9375,0.0625,0.0625,0.027079303,0.0016924564,0,0,0,1,1
11481,-1,0,-0.32913518,0.41845107,0,1,unassigned,9.0,9.0,0.0,1.0,0.0,0.0,0.013539651,0.0,0,0,0,0,0
11482,1,1,0.018275797,0.5045688,1,0,test,15.0,15.0,0.0,1.0,0.0,0.0,0.025145067,0.0,1,0,1,1,0
11483,-1,0,-0.8935126,0.29038548,0,1,unassigned,49.0,49.0,0.0,1.0,0.0,0.0,0.09090909,0.0,0,0,0,0,0
11484,-1,0,-0.23153344,0.44237384,0,1,unassigned,38.0,38.0,0.0,1.0,0.0,0.0,0.06963249,0.0,0,0,0,0,0
11485,-1,0,-0.6837894,0.33541605,0,1,unassigned,84.0,83.0,1.0,0.9880952,0.011904762,0.011904776,0.15860735,0.0018881827,0,0,0,0,0
11486,-1,0,-0.9555623,0.27776757,0,1,unassigned,36.0,36.0,0.0,1.0,0.0,0.0,0.065764025,0.0,0,0,0,0,0
11487,-1,0,-0.7958373,0.31091666,0,1,unassigned,16.0,16.0,0.0,1.0,0.0,0.0,0.027079303,0.0,0,0,0,0,0
11488,-1,0,-0.8622814,0.29686293,0,1,unassigned,28.0,28.0,0.0,1.0,0.0,0.0,0.050290134,0.0,0,0,0,0,0
11489,1,0,-0.9106908,0.2868585,0,1,val,63.0,62.0,1.0,0.984127,0.015873017,0.015873015,0.11798839,0.0018728317,0,0,0,0,0
11490,-1,0,-0.61679184,0.35051143,0,1,unassigned,19.0,19.0,0.0,1.0,0.0,0.0,0.032882012,0.0,0,0,0,0,0
11491,-1,0,-0.8479316,0.29986694,0,1,unassigned,20.0,20.0,0.0,1.0,0.0,0.0,0.034816246,0.0,0,0,0,0,0
11492,-1,0,-0.3259422,0.4192283,0,1,unassigned,18.0,18.0,0.0,1.0,0.0,0.0,0.030947777,0.0,0,0,0,0,0
11493,-1,0,-0.54005075,0.36817577,0,1,unassigned,4.0,4.0,0.0,1.0,0.0,0.0,0.003868472,0.0,0,0,0,0,0
11494,1,0,0.31451124,0.577986,1,0,val,52.0,48.0,4.0,0.9230769,0.07692308,0.07692307,0.0967118,0.0074393693,0,0,1,1,0
11495,-1,0,0.09222978,0.5230411,1,1,unassigned,46.0,45.0,1.0,0.9782609,0.02173913,0.021739125,0.08510638,0.0018501388,0,0,0,1,0
11496,-1,1,7.4346204,0.9994099,1,1,unassigned,5.0,4.0,1.0,0.8,0.2,0.19999999,0.0058027077,0.0011605415,1,0,0,1,1
11497,-1,0,-0.14336705,0.4642195,0,1,unassigned,55.0,55.0,0.0,1.0,0.0,0.0,0.102514505,0.0,0,0,0,0,0
11498,1,0,1.1560557,0.7606152,1,0,train,17.0,17.0,0.0,1.0,0.0,0.0,0.029013539,0.0,0,0,1,1,0
11499,0,0,-1.0175596,0.26550302,0,0,train,5.0,4.0,1.0,0.8,0.2,0.19999999,0.0058027077,0.0011605415,0,0,1,0,0
11500,-1,0,7.439384,0.99941266,1,1,unassigned,2.0,2.0,0.0,1.0,0.0,0.0,0.0,0.0,0,0,0,1,1
11501,0,0,-0.64470816,0.34418303,0,0,val,102.0,101.0,1.0,0.99019605,0.009803922,0.009803951,0.1934236,0.0018963099,0,0,1,0,0
11502,1,0,1.6295893,0.83611333,1,0,test,5.0,5.0,0.0,1.0,0.0,0.0,0.0058027077,0.0,0,0,1,1,0
11503,-1,0,1.0610881,0.7428984,1,1,unassigned,6.0,6.0,0.0,1.0,0.0,0.0,0.007736944,0.0,0,0,0,1,0
11504,1,1,3.409776,0.96800864,1,0,test,5.0,5.0,0.0,1.0,0.0,0.0,0.0058027077,0.0,1,0,1,1,1
11505,0,1,0.06673032,0.51667637,1,1,unassigned,5.0,5.0,0.0,1.0,0.0,0.0,0.0058027077,0.0,1,0,0,1,0
11506,-1,1,15.163853,0.99999976,1,1,unassigned,58.0,58.0,0.0,1.0,0.0,0.0,0.10831721,0.0,1,0,0,1,1
11507,-1,0,-0.43865043,0.39206257,0,1,unassigned,21.0,21.0,0.0,1.0,0.0,0.0,0.036750484,0.0,0,0,0,0,0
11508,-1,0,0.25062972,0.5623315,1,1,unassigned,2.0,2.0,0.0,1.0,0.0,0.0,0.0,0.0,0,0,0,1,0
11509,-1,0,-0.80670726,0.30859262,0,1,unassigned,120.0,120.0,0.0,1.0,0.0,0.0,0.22823985,0.0,0,0,0,0,0
11510,-1,0,7.5909514,0.99949527,1,1,unassigned,93.0,93.0,0.0,1.0,0.0,0.0,0.17601547,0.0,0,0,0,1,1
11511,-1,0,4.380454,0.9876351,1,1,unassigned,8.0,7.0,1.0,0.875,0.125,0.125,0.0116054155,0.0014506769,0,0,0,1,1
11512,-1,0,6.244599,0.9980628,1,1,unassigned,5.0,4.0,1.0,0.8,0.2,0.19999999,0.0058027077,0.0011605415,0,0,0,1,1
11513,-1,0,0.09688771,0.524203,1,1,unassigned,2.0,2.0,0.0,1.0,0.0,0.0,0.0,0.0,0,0,0,1,0
11514,1,1,9.729607,0.9999405,1,0,unassigned,20.0,18.0,2.0,0.9,0.1,0.100000024,0.034816246,0.0034816246,1,0,1,1,1
11515,-1,0,8.133278,0.99970645,1,1,unassigned,2.0,2.0,0.0,1.0,0.0,0.0,0.0,0.0,0,0,0,1,1
11516,-1,0,-0.71687067,0.32808247,0,1,unassigned,39.0,39.0,0.0,1.0,0.0,0.0,0.07156673,0.0,0,0,0,0,0
11517,-1,0,-0.87093896,0.29505897,0,1,unassigned,82.0,62.0,20.0,0.75609756,0.24390244,0.24390244,0.15473887,0.037741188,0,0,0,0,0
11518,-1,0,1.6295319,0.8361055,1,1,unassigned,17.0,17.0,0.0,1.0,0.0,0.0,0.029013539,0.0,0,0,0,1,0
11519,-1,0,-0.609561,0.35215935,0,1,unassigned,59.0,59.0,0.0,1.0,0.0,0.0,0.11025145,0.0,0,0,0,0,0
11520,-1,0,-0.4745041,0.38355073,0,1,unassigned,36.0,36.0,0.0,1.0,0.0,0.0,0.065764025,0.0,0,0,0,0,0
11521,-1,0,-0.28234917,0.42987794,0,1,unassigned,11.0,11.0,0.0,1.0,0.0,0.0,0.017408123,0.0,0,0,0,0,0
11522,-1,0,-0.7885045,0.3124899,0,1,unassigned,47.0,47.0,0.0,1.0,0.0,0.0,0.08704062,0.0,0,0,0,0,0
11523,-1,0,-0.7652756,0.317502,0,1,unassigned,24.0,23.0,1.0,0.9583333,0.041666668,0.041666687,0.04255319,0.0017730496,0,0,0,0,0
11524,-1,1,-0.27009273,0.4328843,0,1,unassigned,53.0,53.0,0.0,1.0,0.0,0.0,0.09864604,0.0,1,0,0,0,0
11525,-1,0,3.1168654,0.9575831,1,1,unassigned,11.0,11.0,0.0,1.0,0.0,0.0,0.017408123,0.0,0,0,0,1,1
11526,-1,0,0.25168943,0.56259227,1,1,unassigned,7.0,7.0,0.0,1.0,0.0,0.0,0.00967118,0.0,0,0,0,1,0
11527,-1,0,2.1529489,0.895944,1,1,unassigned,2.0,2.0,0.0,1.0,0.0,0.0,0.0,0.0,0,0,0,1,0
11528,-1,0,-0.62197226,0.34933302,0,1,unassigned,17.0,16.0,1.0,0.9411765,0.05882353,0.058823526,0.029013539,0.0017066788,0,0,0,0,0
11529,-1,0,-0.87920594,0.29334235,0,1,unassigned,22.0,20.0,2.0,0.90909094,0.09090909,0.090909064,0.03868472,0.0035167928,0,0,0,0,0
11530,-1,0,-0.8525476,0.29889873,0,1,unassigned,50.0,49.0,1.0,0.98,0.02,0.01999998,0.092843324,0.0018568664,0,0,0,0,0
11531,-1,0,5.2035303,0.99453294,1,1,unassigned,47.0,46.0,1.0,0.9787234,0.021276595,0.021276593,0.08704062,0.001851928,0,0,0,1,1
11532,-1,0,-0.92811954,0.28330636,0,1,unassigned,80.0,80.0,0.0,1.0,0.0,0.0,0.15087041,0.0,0,0,0,0,0
11533,-1,0,0.31701058,0.5785956,1,1,unassigned,3.0,3.0,0.0,1.0,0.0,0.0,0.001934236,0.0,0,0,0,1,0
11534,-1,0,3.0723317,0.95573694,1,1,unassigned,17.0,17.0,0.0,1.0,0.0,0.0,0.029013539,0.0,0,0,0,1,1
11535,-1,1,0.028364718,0.5070907,1,1,unassigned,14.0,14.0,0.0,1.0,0.0,0.0,0.023210831,0.0,1,0,0,1,0
11536,-1,0,-0.9892751,0.27105528,0,1,unassigned,2.0,2.0,0.0,1.0,0.0,0.0,0.0,0.0,0,0,0,0,0
11537,-1,1,-0.75592995,0.31953058,0,1,unassigned,12.0,12.0,0.0,1.0,0.0,0.0,0.01934236,0.0,1,0,0,0,0
11538,1,1,1.372432,0.79777277,1,0,unassigned,6.0,6.0,0.0,1.0,0.0,0.0,0.007736944,0.0,1,0,1,1,0
11539,-1,0,3.9501832,0.98111236,1,1,unassigned,4.0,3.0,1.0,0.75,0.25,0.25,0.003868472,0.000967118,0,0,0,1,1
11540,-1,0,1.8218396,0.86078674,1,1,unassigned,14.0,14.0,0.0,1.0,0.0,0.0,0.023210831,0.0,0,0,0,1,0
11541,-1,0,1.9818475,0.87887794,1,1,unassigned,23.0,23.0,0.0,1.0,0.0,0.0,0.040618956,0.0,0,0,0,1,0
11542,-1,0,3.309303,0.96474665,1,1,unassigned,8.0,8.0,0.0,1.0,0.0,0.0,0.0116054155,0.0,0,0,0,1,1
11543,-1,0,7.8878675,0.99962485,1,1,unassigned,2.0,2.0,0.0,1.0,0.0,0.0,0.0,0.0,0,0,0,1,1
11544,-1,1,-0.33560547,0.41687736,0,1,unassigned,38.0,34.0,4.0,0.8947368,0.10526316,0.10526317,0.06963249,0.0073297364,1,0,0,0,0
11545,-1,0,-0.3392775,0.41598496,0,1,unassigned,38.0,37.0,1.0,0.9736842,0.02631579,0.026315808,0.06963249,0.0018324341,0,0,0,0,0
11546,-1,1,6.9998584,0.99908876,1,1,unassigned,6.0,3.0,3.0,0.5,0.5,0.5,0.007736944,0.003868472,1,0,0,1,1
11547,-1,0,1.6784408,0.8426979,1,1,unassigned,19.0,18.0,1.0,0.94736844,0.05263158,0.052631557,0.032882012,0.0017306323,0,0,0,1,0
11548,-1,1,3.0830698,0.95618904,1,1,unassigned,4.0,3.0,1.0,0.75,0.25,0.25,0.003868472,0.000967118,1,0,0,1,1
11549,1,0,3.6869118,0.97556293,1,0,unassigned,5.0,4.0,1.0,0.8,0.2,0.19999999,0.0058027077,0.0011605415,0,0,1,1,1
11550,-1,0,-0.40242976,0.4007287,0,1,unassigned,93.0,92.0,1.0,0.9892473,0.010752688,0.010752678,0.17601547,0.0018926394,0,0,0,0,0
11551,0,0,-0.0615955,0.48460597,0,0,unassigned,15.0,15.0,0.0,1.0,0.0,0.0,0.025145067,0.0,0,0,1,0,0
11552,-1,0,-0.36572132,0.40957528,0,1,unassigned,53.0,51.0,2.0,0.9622642,0.03773585,0.03773582,0.09864604,0.0037224921,0,0,0,0,0
11553,1,1,-0.2912221,0.4277047,0,1,unassigned,27.0,27.0,0.0,1.0,0.0,0.0,0.0483559,0.0,1,0,0,0,0
11554,1,1,-0.90417844,0.28819257,0,1,val,29.0,29.0,0.0,1.0,0.0,0.0,0.05222437,0.0,1,0,0,0,0
11555,-1,0,1.2150776,0.7711961,1,1,unassigned,2.0,1.0,1.0,0.5,0.5,0.5,0.0,0.0,0,0,0,1,0
11556,-1,0,1.0096586,0.7329533,1,1,unassigned,51.0,48.0,3.0,0.9411765,0.05882353,0.058823526,0.09477756,0.0055751507,0,0,0,1,0
11557,-1,0,-0.8517269,0.29907072,0,1,unassigned,23.0,23.0,0.0,1.0,0.0,0.0,0.040618956,0.0,0,0,0,0,0
11558,-1,0,-0.8523702,0.2989359,0,1,unassigned,86.0,86.0,0.0,1.0,0.0,0.0,0.16247582,0.0,0,0,0,0,0
11559,0,0,-0.20664364,0.44852212,0,0,val,26.0,26.0,0.0,1.0,0.0,0.0,0.046421662,0.0,0,0,1,0,0
11560,-1,0,-0.9622377,0.2764304,0,1,unassigned,44.0,43.0,1.0,0.97727275,0.022727273,0.022727251,0.08123791,0.0018463163,0,0,0,0,0
11561,-1,0,0.30681127,0.5761067,1,1,unassigned,18.0,18.0,0.0,1.0,0.0,0.0,0.030947777,0.0,0,0,0,1,0
11562,1,0,-0.66711664,0.33914277,0,1,val,26.0,26.0,0.0,1.0,0.0,0.0,0.046421662,0.0,0,0,0,0,0
11563,-1,0,-0.57284874,0.36057976,0,1,unassigned,83.0,82.0,1.0,0.9879518,0.012048192,0.012048185,0.15667312,0.0018876279,0,0,0,0,0
11564,-1,0,-0.8991134,0.28923273,0,1,unassigned,32.0,32.0,0.0,1.0,0.0,0.0,0.058027077,0.0,0,0,0,0,0
11565,-1,0,-0.81915164,0.30594376,0,1,unassigned,39.0,39.0,0.0,1.0,0.0,0.0,0.07156673,0.0,0,0,0,0,0
11566,-1,0,0.40472978,0.5998235,1,1,unassigned,51.0,51.0,0.0,1.0,0.0,0.0,0.09477756,0.0,0,0,0,1,0
11567,-1,0,-0.54833376,0.36625108,0,1,unassigned,16.0,16.0,0.0,1.0,0.0,0.0,0.027079303,0.0,0,0,0,0,0
11568,-1,0,-0.7151623,0.32845917,0,1,unassigned,47.0,47.0,0.0,1.0,0.0,0.0,0.08704062,0.0,0,0,0,0,0
11569,-1,0,3.4371712,0.96884626,1,1,unassigned,35.0,35.0,0.0,1.0,0.0,0.0,0.06382979,0.0,0,0,0,1,1
11570,-1,1,-0.92774904,0.2833816,0,1,unassigned,29.0,28.0,1.0,0.9655172,0.03448276,0.034482777,0.05222437,0.0018008404,1,0,0,0,0
11571,-1,0,2.5976121,0.9307077,1,1,unassigned,19.0,18.0,1.0,0.94736844,0.05263158,0.052631557,0.032882012,0.0017306323,0,0,0,1,1
11572,-1,1,5.316134,0.99511236,1,1,unassigned,33.0,31.0,2.0,0.93939394,0.060606062,0.060606062,0.059961315,0.0036340193,1,0,0,1,1
11573,-1,0,0.23463011,0.5583899,1,1,unassigned,34.0,34.0,0.0,1.0,0.0,0.0,0.061895553,0.0,0,0,0,1,0
11574,1,0,0.08447516,0.52110624,1,0,unassigned,17.0,17.0,0.0,1.0,0.0,0.0,0.029013539,0.0,0,0,1,1,0
11575,0,1,-0.40000963,0.40131,0,0,unassigned,5.0,4.0,1.0,0.8,0.2,0.19999999,0.0058027077,0.0011605415,1,0,1,0,0
11576,-1,0,0.7522159,0.67966133,1,1,unassigned,2.0,2.0,0.0,1.0,0.0,0.0,0.0,0.0,0,0,0,1,0
11577,-1,0,-0.7691338,0.3166665,0,1,unassigned,2.0,1.0,1.0,0.5,0.5,0.5,0.0,0.0,0,0,0,0,0
11578,-1,1,9.849645,0.9999472,1,1,unassigned,3.0,3.0,0.0,1.0,0.0,0.0,0.001934236,0.0,1,0,0,1,1
11579,0,1,-0.51499575,0.37402314,0,0,val,45.0,45.0,0.0,1.0,0.0,0.0,0.08317215,0.0,1,0,1,0,0
11580,1,0,3.6589868,0.9748882,1,0,unassigned,6.0,6.0,0.0,1.0,0.0,0.0,0.007736944,0.0,0,0,1,1,1
11581,-1,0,-0.15746573,0.46071467,0,1,unassigned,19.0,19.0,0.0,1.0,0.0,0.0,0.032882012,0.0,0,0,0,0,0
11582,-1,0,-0.8606648,0.29720047,0,1,unassigned,11.0,11.0,0.0,1.0,0.0,0.0,0.017408123,0.0,0,0,0,0,0
11583,-1,0,4.444388,0.98839206,1,1,unassigned,7.0,3.0,4.0,0.42857143,0.5714286,0.57142854,0.00967118,0.0055263885,0,0,0,1,1
11584,-1,1,-0.46416068,0.38599923,0,1,unassigned,3.0,1.0,2.0,0.33333334,0.6666667,0.6666666,0.001934236,0.0012894907,1,0,0,0,0
11585,-1,0,-0.5276457,0.37106615,0,1,unassigned,33.0,31.0,2.0,0.93939394,0.060606062,0.060606062,0.059961315,0.0036340193,0,0,0,0,0
11586,-1,0,-0.8334745,0.3029109,0,1,unassigned,36.0,36.0,0.0,1.0,0.0,0.0,0.065764025,0.0,0,0,0,0,0
11587,-1,0,-0.5735899,0.3604089,0,1,unassigned,26.0,26.0,0.0,1.0,0.0,0.0,0.046421662,0.0,0,0,0,0,0
11588,-1,1,-0.85594535,0.29818717,0,1,unassigned,105.0,98.0,7.0,0.93333334,0.06666667,0.06666666,0.1992263,0.013281754,1,0,0,0,0
11589,-1,1,-0.52056867,0.3727193,0,1,unassigned,100.0,99.0,1.0,0.99,0.01,0.00999999,0.18955512,0.0018955512,1,0,0,0,0
11590,-1,0,-0.64523333,0.34406447,0,1,unassigned,19.0,19.0,0.0,1.0,0.0,0.0,0.032882012,0.0,0,0,0,0,0
11591,-1,0,0.059636652,0.51490474,1,1,unassigned,5.0,5.0,0.0,1.0,0.0,0.0,0.0058027077,0.0,0,0,0,1,0
11592,-1,0,-0.81388885,0.30706242,0,1,unassigned,12.0,12.0,0.0,1.0,0.0,0.0,0.01934236,0.0,0,0,0,0,0
11593,-1,0,-0.07319522,0.48170936,0,1,unassigned,19.0,19.0,0.0,1.0,0.0,0.0,0.032882012,0.0,0,0,0,0,0
11594,-1,0,-0.4301203,0.3940976,0,1,unassigned,8.0,8.0,0.0,1.0,0.0,0.0,0.0116054155,0.0,0,0,0,0,0
11595,-1,0,-0.8994778,0.2891578,0,1,unassigned,28.0,28.0,0.0,1.0,0.0,0.0,0.050290134,0.0,0,0,0,0,0
11596,-1,0,-0.44788903,0.3898628,0,1,unassigned,20.0,20.0,0.0,1.0,0.0,0.0,0.034816246,0.0,0,0,0,0,0
11597,-1,0,-0.6815999,0.3359043,0,1,unassigned,15.0,14.0,1.0,0.93333334,0.06666667,0.06666666,0.025145067,0.0016763379,0,0,0,0,0
11598,-1,0,-0.51509523,0.37399983,0,1,unassigned,17.0,17.0,0.0,1.0,0.0,0.0,0.029013539,0.0,0,0,0,0,0
11599,1,0,-0.69924426,0.33197978,0,1,unassigned,26.0,25.0,1.0,0.96153843,0.03846154,0.038461566,0.046421662,0.0017854486,0,0,0,0,0
11600,-1,0,0.33985418,0.5841551,1,1,unassigned,57.0,56.0,1.0,0.98245615,0.01754386,0.017543852,0.10638298,0.0018663681,0,0,0,1,0
11601,-1,0,-0.42571718,0.3951495,0,1,unassigned,86.0,86.0,0.0,1.0,0.0,0.0,0.16247582,0.0,0,0,0,0,0
11602,-1,0,-0.5502257,0.36581203,0,1,unassigned,73.0,71.0,2.0,0.9726027,0.02739726,0.027397275,0.13733076,0.0037624864,0,0,0,0,0
11603,-1,0,-0.9249877,0.28394273,0,1,unassigned,86.0,83.0,3.0,0.96511626,0.034883723,0.034883738,0.16247582,0.0056677614,0,0,0,0,0
11604,-1,0,-0.73148596,0.32486874,0,1,unassigned,104.0,104.0,0.0,1.0,0.0,0.0,0.19729207,0.0,0,0,0,0,0
11605,-1,0,-0.49692374,0.37826386,0,1,unassigned,17.0,17.0,0.0,1.0,0.0,0.0,0.029013539,0.0,0,0,0,0,0
11606,-1,0,-0.7798962,0.31434223,0,1,unassigned,207.0,207.0,0.0,1.0,0.0,0.0,0.39651838,0.0,0,0,0,0,0
11607,-1,0,-0.6141209,0.35111973,0,1,unassigned,26.0,26.0,0.0,1.0,0.0,0.0,0.046421662,0.0,0,0,0,0,0
11608,-1,1,-0.14692688,0.46333417,0,1,unassigned,26.0,23.0,3.0,0.88461536,0.115384616,0.11538464,0.046421662,0.005356346,1,0,0,0,0
11609,-1,1,-0.40766764,0.39947152,0,1,unassigned,85.0,84.0,1.0,0.9882353,0.011764706,0.011764705,0.16054158,0.0018887245,1,0,0,0,0
11610,1,1,0.059722006,0.5149261,1,0,unassigned,9.0,7.0,2.0,0.7777778,0.22222222,0.22222221,0.013539651,0.0030088115,1,0,1,1,0
11611,-1,0,1.2550175,0.7781672,1,1,unassigned,7.0,6.0,1.0,0.85714287,0.14285715,0.14285713,0.00967118,0.0013815971,0,0,0,1,0
11612,1,0,-0.23968565,0.4403638,0,1,unassigned,10.0,10.0,0.0,1.0,0.0,0.0,0.015473888,0.0,0,0,0,0,0
11613,-1,1,1.6253335,0.8355294,1,1,unassigned,19.0,19.0,0.0,1.0,0.0,0.0,0.032882012,0.0,1,0,0,1,0
11614,1,1,-0.0032604337,0.49918488,0,1,test,5.0,5.0,0.0,1.0,0.0,0.0,0.0058027077,0.0,1,0,0,0,0
11615,-1,1,6.7257595,0.9988018,1,1,unassigned,2.0,2.0,0.0,1.0,0.0,0.0,0.0,0.0,1,0,0,1,1
11616,-1,1,0.40497273,0.5998818,1,1,unassigned,3.0,2.0,1.0,0.6666667,0.33333334,0.3333333,0.001934236,0.00064474536,1,0,0,1,0
11617,-1,0,-0.8322673,0.30316585,0,1,unassigned,113.0,108.0,5.0,0.9557522,0.044247787,0.044247806,0.21470019,0.009500008,0,0,0,0,0
11618,-1,0,4.2004914,0.9852331,1,1,unassigned,2.0,2.0,0.0,1.0,0.0,0.0,0.0,0.0,0,0,0,1,1
11619,-1,0,0.09439713,0.52358174,1,1,unassigned,3.0,3.0,0.0,1.0,0.0,0.0,0.001934236,0.0,0,0,0,1,0
11620,-1,1,-0.5274567,0.3711103,0,1,unassigned,10.0,8.0,2.0,0.8,0.2,0.19999999,0.015473888,0.0030947777,1,0,0,0,0
11621,-1,1,3.9998753,0.98201156,1,1,unassigned,4.0,4.0,0.0,1.0,0.0,0.0,0.003868472,0.0,1,0,0,1,1
11622,1,0,3.5777924,0.972822,1,0,unassigned,6.0,6.0,0.0,1.0,0.0,0.0,0.007736944,0.0,0,0,1,1,1
11623,-1,0,6.7648525,0.9988477,1,1,unassigned,3.0,3.0,0.0,1.0,0.0,0.0,0.001934236,0.0,0,0,0,1,1
11624,-1,1,2.5378726,0.9267546,1,1,unassigned,2.0,1.0,1.0,0.5,0.5,0.5,0.0,0.0,1,0,0,1,1
11625,1,0,-0.18932036,0.4528108,0,1,train,47.0,47.0,0.0,1.0,0.0,0.0,0.08704062,0.0,0,0,0,0,0
11626,-1,0,1.2968473,0.78530395,1,1,unassigned,22.0,22.0,0.0,1.0,0.0,0.0,0.03868472,0.0,0,0,0,1,0
11627,1,0,-0.47308284,0.38388684,0,1,unassigned,10.0,10.0,0.0,1.0,0.0,0.0,0.015473888,0.0,0,0,0,0,0
11628,-1,0,2.0968711,0.8905987,1,1,unassigned,27.0,25.0,2.0,0.9259259,0.074074075,0.07407409,0.0483559,0.0035819185,0,0,0,1,0
11629,-1,0,1.4569583,0.811067,1,1,unassigned,17.0,17.0,0.0,1.0,0.0,0.0,0.029013539,0.0,0,0,0,1,0
11630,-1,0,-0.96050614,0.27677685,0,1,unassigned,53.0,53.0,0.0,1.0,0.0,0.0,0.09864604,0.0,0,0,0,0,0
11631,1,0,0.57057816,0.6388966,1,0,train,15.0,15.0,0.0,1.0,0.0,0.0,0.025145067,0.0,0,0,1,1,0
11632,-1,0,-0.743811,0.32217133,0,1,unassigned,35.0,34.0,1.0,0.9714286,0.028571429,0.028571427,0.06382979,0.0018237082,0,0,0,0,0
11633,0,0,-0.6915261,0.33369368,0,0,test,15.0,15.0,0.0,1.0,0.0,0.0,0.025145067,0.0,0,0,1,0,0
11634,-1,0,-0.8405563,0.30141762,0,1,unassigned,100.0,99.0,1.0,0.99,0.01,0.00999999,0.18955512,0.0018955512,0,0,0,0,0
11635,-1,0,-0.55769974,0.36407986,0,1,unassigned,92.0,89.0,3.0,0.9673913,0.032608695,0.032608688,0.17408124,0.005676562,0,0,0,0,0
11636,-1,0,2.2488925,0.904555,1,1,unassigned,9.0,9.0,0.0,1.0,0.0,0.0,0.013539651,0.0,0,0,0,1,1
11637,-1,0,1.6967528,0.8451101,1,1,unassigned,6.0,6.0,0.0,1.0,0.0,0.0,0.007736944,0.0,0,0,0,1,0
11638,-1,0,-0.8337195,0.3028592,0,1,unassigned,33.0,33.0,0.0,1.0,0.0,0.0,0.059961315,0.0,0,0,0,0,0
11639,-1,0,-0.09696853,0.47577685,0,1,unassigned,9.0,9.0,0.0,1.0,0.0,0.0,0.013539651,0.0,0,0,0,0,0
11640,-1,0,-0.5509469,0.36564475,0,1,unassigned,2.0,2.0,0.0,1.0,0.0,0.0,0.0,0.0,0,0,0,0,0
11641,-1,0,-0.86063373,0.29720694,0,1,unassigned,84.0,84.0,0.0,1.0,0.0,0.0,0.15860735,0.0,0,0,0,0,0
11642,-1,0,-0.8955421,0.28996745,0,1,unassigned,20.0,20.0,0.0,1.0,0.0,0.0,0.034816246,0.0,0,0,0,0,0
11643,-1,0,4.0591054,0.98302853,1,1,unassigned,3.0,3.0,0.0,1.0,0.0,0.0,0.001934236,0.0,0,0,0,1,1
11644,-1,0,2.4081092,0.91744363,1,1,unassigned,5.0,5.0,0.0,1.0,0.0,0.0,0.0058027077,0.0,0,0,0,1,1
11645,-1,0,-0.45385748,0.38844398,0,1,unassigned,27.0,27.0,0.0,1.0,0.0,0.0,0.0483559,0.0,0,0,0,0,0
11646,-1,0,0.025958538,0.5064893,1,1,unassigned,6.0,6.0,0.0,1.0,0.0,0.0,0.007736944,0.0,0,0,0,1,0
11647,-1,0,-0.6358963,0.34617478,0,1,unassigned,102.0,100.0,2.0,0.98039216,0.019607844,0.019607842,0.1934236,0.0037926198,0,0,0,0,0
11648,1,0,-0.03927523,0.49018246,0,1,unassigned,17.0,17.0,0.0,1.0,0.0,0.0,0.029013539,0.0,0,0,0,0,0
11649,-1,0,-0.025449276,0.493638,0,1,unassigned,28.0,28.0,0.0,1.0,0.0,0.0,0.050290134,0.0,0,0,0,0,0
11650,-1,1,1.9558835,0.8760868,1,1,unassigned,5.0,3.0,2.0,0.6,0.4,0.39999998,0.0058027077,0.002321083,1,0,0,1,0
11651,0,1,0.34633297,0.58572805,1,1,val,24.0,24.0,0.0,1.0,0.0,0.0,0.04255319,0.0,1,0,0,1,0
11652,-1,0,1.1036158,0.750937,1,1,unassigned,3.0,3.0,0.0,1.0,0.0,0.0,0.001934236,0.0,0,0,0,1,0
11653,-1,1,1.2364545,0.7749463,1,1,unassigned,2.0,1.0,1.0,0.5,0.5,0.5,0.0,0.0,1,0,0,1,0
11654,-1,0,-0.2795689,0.43055952,0,1,unassigned,29.0,29.0,0.0,1.0,0.0,0.0,0.05222437,0.0,0,0,0,0,0
11655,-1,0,-0.8821912,0.29272392,0,1,unassigned,79.0,79.0,0.0,1.0,0.0,0.0,0.14893617,0.0,0,0,0,0,0
11656,-1,0,6.6805577,0.9987465,1,1,unassigned,7.0,5.0,2.0,0.71428573,0.2857143,0.28571427,0.00967118,0.0027631943,0,0,0,1,1
11657,-1,0,-0.799104,0.31021723,0,1,unassigned,76.0,75.0,1.0,0.9868421,0.013157895,0.013157904,0.14313346,0.0018833351,0,0,0,0,0
11658,-1,0,-0.63072157,0.34734696,0,1,unassigned,46.0,46.0,0.0,1.0,0.0,0.0,0.08510638,0.0,0,0,0,0,0
11659,-1,0,0.55875593,0.6361646,1,1,unassigned,28.0,27.0,1.0,0.96428573,0.035714287,0.03571427,0.050290134,0.0017960763,0,0,0,1,0
11660,-1,0,-0.8749222,0.29423112,0,1,unassigned,61.0,61.0,0.0,1.0,0.0,0.0,0.114119925,0.0,0,0,0,0,0
11661,-1,0,-0.71722186,0.32800505,0,1,unassigned,77.0,76.0,1.0,0.987013,0.012987013,0.012987018,0.14506769,0.001883996,0,0,0,0,0
11662,-1,1,5.7674084,0.99688196,1,1,unassigned,3.0,3.0,0.0,1.0,0.0,0.0,0.001934236,0.0,1,0,0,1,1
11663,-1,0,-0.6006519,0.35419455,0,1,unassigned,3.0,3.0,0.0,1.0,0.0,0.0,0.001934236,0.0,0,0,0,0,0
11664,0,0,-0.45701638,0.38769385,0,0,unassigned,8.0,8.0,0.0,1.0,0.0,0.0,0.0116054155,0.0,0,0,1,0,0
11665,-1,1,0.07865244,0.51965296,1,1,unassigned,5.0,5.0,0.0,1.0,0.0,0.0,0.0058027077,0.0,1,0,0,1,0
11666,0,1,-0.21544704,0.44634563,0,0,unassigned,17.0,13.0,4.0,0.7647059,0.23529412,0.2352941,0.029013539,0.006826715,1,0,1,0,0
11667,1,0,5.6719556,0.9965707,1,0,unassigned,3.0,2.0,1.0,0.6666667,0.33333334,0.3333333,0.001934236,0.00064474536,0,0,1,1,1
11668,-1,0,1.9010942,0.8700154,1,1,unassigned,10.0,10.0,0.0,1.0,0.0,0.0,0.015473888,0.0,0,0,0,1,0
11669,-1,0,-0.3771507,0.40681428,0,1,unassigned,45.0,45.0,0.0,1.0,0.0,0.0,0.08317215,0.0,0,0,0,0,0
11670,0,0,-0.0041606426,0.4989598,0,0,val,99.0,94.0,5.0,0.94949496,0.05050505,0.050505042,0.1876209,0.009475802,0,0,1,0,0
11671,-1,0,3.4654305,0.969688,1,1,unassigned,47.0,45.0,2.0,0.9574468,0.04255319,0.042553186,0.08704062,0.003703856,0,0,0,1,1
11672,-1,0,-0.887265,0.29167455,0,1,unassigned,65.0,65.0,0.0,1.0,0.0,0.0,0.12185687,0.0,0,0,0,0,0
11673,-1,0,-0.78942037,0.31229314,0,1,unassigned,76.0,72.0,4.0,0.94736844,0.05263158,0.052631557,0.14313346,0.0075333402,0,0,0,0,0
11674,0,1,-0.18700516,0.45338446,0,0,val,24.0,21.0,3.0,0.875,0.125,0.125,0.04255319,0.005319149,1,0,1,0,0
11675,-1,0,-0.9732764,0.27422795,0,1,unassigned,86.0,86.0,0.0,1.0,0.0,0.0,0.16247582,0.0,0,0,0,0,0
11676,1,0,-1.0016217,0.2686227,0,1,val,40.0,40.0,0.0,1.0,0.0,0.0,0.07350097,0.0,0,0,0,0,0
11677,-1,0,-0.8462298,0.30022433,0,1,unassigned,54.0,54.0,0.0,1.0,0.0,0.0,0.10058027,0.0,0,0,0,0,0
11678,-1,0,-0.86487037,0.2963228,0,1,unassigned,145.0,144.0,1.0,0.99310344,0.0068965517,0.0068965554,0.27659574,0.0019075568,0,0,0,0,0
11679,-1,0,4.6680274,0.99069655,1,1,unassigned,3.0,3.0,0.0,1.0,0.0,0.0,0.001934236,0.0,0,0,0,1,1
11680,-1,0,-0.3687527,0.40884244,0,1,unassigned,14.0,14.0,0.0,1.0,0.0,0.0,0.023210831,0.0,0,0,0,0,0
11681,-1,0,0.41329962,0.60187876,1,1,unassigned,44.0,40.0,4.0,0.90909094,0.09090909,0.090909064,0.08123791,0.007385265,0,0,0,1,0
11682,-1,0,-0.43247947,0.39353442,0,1,unassigned,37.0,37.0,0.0,1.0,0.0,0.0,0.06769826,0.0,0,0,0,0,0
11683,-1,0,-0.8792741,0.29332823,0,1,unassigned,38.0,38.0,0.0,1.0,0.0,0.0,0.06963249,0.0,0,0,0,0,0
11684,-1,0,-0.13423505,0.46649155,0,1,unassigned,28.0,27.0,1.0,0.96428573,0.035714287,0.03571427,0.050290134,0.0017960763,0,0,0,0,0
11685,-1,1,-0.2714147,0.4325598,0,1,unassigned,7.0,7.0,0.0,1.0,0.0,0.0,0.00967118,0.0,1,0,0,0,0
11686,-1,1,6.51996,0.99852836,1,1,unassigned,35.0,34.0,1.0,0.9714286,0.028571429,0.028571427,0.06382979,0.0018237082,1,0,0,1,1
11687,-1,0,-0.7236106,0.3265984,0,1,unassigned,50.0,50.0,0.0,1.0,0.0,0.0,0.092843324,0.0,0,0,0,0,0
11688,-1,1,4.3777924,0.98760253,1,1,unassigned,3.0,1.0,2.0,0.33333334,0.6666667,0.6666666,0.001934236,0.0012894907,1,0,0,1,1
11689,-1,1,1.9947233,0.88024193,1,1,unassigned,2.0,1.0,1.0,0.5,0.5,0.5,0.0,0.0,1,0,0,1,0
11690,-1,0,-0.7155967,0.32836336,0,1,unassigned,30.0,30.0,0.0,1.0,0.0,0.0,0.054158606,0.0,0,0,0,0,0
11691,-1,0,-0.87935686,0.29331106,0,1,unassigned,61.0,59.0,2.0,0.9672131,0.032786883,0.032786906,0.114119925,0.0037416366,0,0,0,0,0
11692,-1,0,2.0695908,0.8879123,1,1,unassigned,3.0,3.0,0.0,1.0,0.0,0.0,0.001934236,0.0,0,0,0,1,0
11693,-1,0,-0.7635657,0.3178726,0,1,unassigned,54.0,52.0,2.0,0.962963,0.037037037,0.037037015,0.10058027,0.003725195,0,0,0,0,0
11694,-1,0,3.5351222,0.9716707,1,1,unassigned,2.0,2.0,0.0,1.0,0.0,0.0,0.0,0.0,0,0,0,1,1
11695,-1,0,1.3231413,0.78970385,1,1,unassigned,2.0,2.0,0.0,1.0,0.0,0.0,0.0,0.0,0,0,0,1,0
11696,-1,0,1.8939502,0.8692053,1,1,unassigned,3.0,3.0,0.0,1.0,0.0,0.0,0.001934236,0.0,0,0,0,1,0
11697,-1,0,-0.38523936,0.40486383,0,1,unassigned,36.0,36.0,0.0,1.0,0.0,0.0,0.065764025,0.0,0,0,0,0,0
11698,-1,0,-0.58478874,0.35783145,0,1,unassigned,8.0,8.0,0.0,1.0,0.0,0.0,0.0116054155,0.0,0,0,0,0,0
11699,-1,0,-0.61552894,0.35079902,0,1,unassigned,5.0,5.0,0.0,1.0,0.0,0.0,0.0058027077,0.0,0,0,0,0,0
11700,-1,0,1.9279573,0.87302315,1,1,unassigned,14.0,14.0,0.0,1.0,0.0,0.0,0.023210831,0.0,0,0,0,1,0
11701,-1,1,5.1653514,0.99432135,1,1,unassigned,6.0,3.0,3.0,0.5,0.5,0.5,0.007736944,0.003868472,1,0,0,1,1
11702,-1,1,4.7430453,0.99136317,1,1,unassigned,2.0,1.0,1.0,0.5,0.5,0.5,0.0,0.0,1,0,0,1,1
11703,-1,0,14.007723,0.99999917,1,1,unassigned,3.0,3.0,0.0,1.0,0.0,0.0,0.001934236,0.0,0,0,0,1,1
11704,-1,1,10.278526,0.99996567,1,1,unassigned,2.0,2.0,0.0,1.0,0.0,0.0,0.0,0.0,1,0,0,1,1
11705,-1,0,8.275544,0.9997454,1,1,unassigned,2.0,2.0,0.0,1.0,0.0,0.0,0.0,0.0,0,0,0,1,1
11706,-1,1,4.0041227,0.9820864,1,1,unassigned,2.0,2.0,0.0,1.0,0.0,0.0,0.0,0.0,1,0,0,1,1
11707,-1,0,-0.7471377,0.3214453,0,1,unassigned,95.0,95.0,0.0,1.0,0.0,0.0,0.17988394,0.0,0,0,0,0,0
11708,-1,0,-0.83942354,0.3016562,0,1,unassigned,36.0,35.0,1.0,0.9722222,0.027777778,0.027777791,0.065764025,0.0018267785,0,0,0,0,0
11709,-1,0,-0.6139051,0.35116893,0,1,unassigned,45.0,44.0,1.0,0.9777778,0.022222223,0.02222222,0.08317215,0.0018482701,0,0,0,0,0
11710,-1,0,0.46215802,0.613526,1,1,unassigned,45.0,44.0,1.0,0.9777778,0.022222223,0.02222222,0.08317215,0.0018482701,0,0,0,1,0
11711,-1,0,-0.7048203,0.3307444,0,1,unassigned,123.0,122.0,1.0,0.9918699,0.008130081,0.008130074,0.23404256,0.0019027849,0,0,0,0,0
11712,-1,0,0.15701252,0.53917265,1,1,unassigned,55.0,54.0,1.0,0.9818182,0.018181818,0.0181818,0.102514505,0.0018639,0,0,0,1,0
11713,-1,0,6.797559,0.99888474,1,1,unassigned,2.0,2.0,0.0,1.0,0.0,0.0,0.0,0.0,0,0,0,1,1
11714,0,0,-0.8588517,0.29757932,0,0,val,29.0,26.0,3.0,0.8965517,0.10344828,0.10344827,0.05222437,0.005402521,0,0,1,0,0
11715,-1,1,6.352883,0.9982613,1,1,unassigned,3.0,3.0,0.0,1.0,0.0,0.0,0.001934236,0.0,1,0,0,1,1
11716,-1,0,-0.25028616,0.43775308,0,1,unassigned,25.0,25.0,0.0,1.0,0.0,0.0,0.044487428,0.0,0,0,0,0,0
11717,-1,0,-0.8792877,0.2933254,0,1,unassigned,36.0,36.0,0.0,1.0,0.0,0.0,0.065764025,0.0,0,0,0,0,0
11718,-1,0,-0.49815077,0.37797534,0,1,unassigned,22.0,22.0,0.0,1.0,0.0,0.0,0.03868472,0.0,0,0,0,0,0
11719,-1,0,-0.7806589,0.3141779,0,1,unassigned,102.0,101.0,1.0,0.99019605,0.009803922,0.009803951,0.1934236,0.0018963099,0,0,0,0,0
11720,1,0,-0.1325478,0.46691146,0,1,val,78.0,78.0,0.0,1.0,0.0,0.0,0.14700194,0.0,0,0,0,0,0
11721,0,0,-0.59833235,0.3547253,0,0,unassigned,29.0,29.0,0.0,1.0,0.0,0.0,0.05222437,0.0,0,0,1,0,0
11722,-1,0,-0.8074479,0.3084346,0,1,unassigned,50.0,49.0,1.0,0.98,0.02,0.01999998,0.092843324,0.0018568664,0,0,0,0,0
11723,-1,1,-0.67058945,0.33836487,0,1,unassigned,32.0,31.0,1.0,0.96875,0.03125,0.03125,0.058027077,0.0018133462,1,0,0,0,0
11724,-1,0,4.9641376,0.99306446,1,1,unassigned,2.0,2.0,0.0,1.0,0.0,0.0,0.0,0.0,0,0,0,1,1
11725,-1,0,1.6952221,0.84490967,1,1,unassigned,3.0,3.0,0.0,1.0,0.0,0.0,0.001934236,0.0,0,0,0,1,0
11726,-1,1,-0.16818771,0.45805192,0,1,unassigned,2.0,2.0,0.0,1.0,0.0,0.0,0.0,0.0,1,0,0,0,0
11727,-1,0,6.3560233,0.9982667,1,1,unassigned,13.0,12.0,1.0,0.9230769,0.07692308,0.07692307,0.021276595,0.0016366612,0,0,0,1,1
11728,-1,0,3.6912167,0.9756653,1,1,unassigned,2.0,2.0,0.0,1.0,0.0,0.0,0.0,0.0,0,0,0,1,1
11729,-1,1,1.7270544,0.8490352,1,1,unassigned,3.0,1.0,2.0,0.33333334,0.6666667,0.6666666,0.001934236,0.0012894907,1,0,0,1,0
11730,-1,1,5.329687,0.99517775,1,1,unassigned,5.0,4.0,1.0,0.8,0.2,0.19999999,0.0058027077,0.0011605415,1,0,0,1,1
11731,-1,0,-0.623941,0.34888566,0,1,unassigned,3.0,3.0,0.0,1.0,0.0,0.0,0.001934236,0.0,0,0,0,0,0
11732,-1,0,0.050486922,0.5126191,1,1,unassigned,27.0,27.0,0.0,1.0,0.0,0.0,0.0483559,0.0,0,0,0,1,0
11733,-1,0,3.9552095,0.98120534,1,1,unassigned,22.0,19.0,3.0,0.8636364,0.13636364,0.13636363,0.03868472,0.005275189,0,0,0,1,1
11734,0,0,-0.5708822,0.36103326,0,0,test,17.0,16.0,1.0,0.9411765,0.05882353,0.058823526,0.029013539,0.0017066788,0,0,1,0,0
11735,-1,0,-0.015508711,0.49612293,0,1,unassigned,40.0,40.0,0.0,1.0,0.0,0.0,0.07350097,0.0,0,0,0,0,0
11736,-1,0,2.1742237,0.89791083,1,1,unassigned,17.0,16.0,1.0,0.9411765,0.05882353,0.058823526,0.029013539,0.0017066788,0,0,0,1,0
11737,-1,0,-0.5879033,0.35711607,0,1,unassigned,14.0,14.0,0.0,1.0,0.0,0.0,0.023210831,0.0,0,0,0,0,0
11738,-1,0,-0.53919333,0.36837524,0,1,unassigned,2.0,2.0,0.0,1.0,0.0,0.0,0.0,0.0,0,0,0,0,0
11739,-1,0,0.22712529,0.5565385,1,1,unassigned,4.0,4.0,0.0,1.0,0.0,0.0,0.003868472,0.0,0,0,0,1,0
11740,-1,0,4.946832,0.9929443,1,1,unassigned,32.0,32.0,0.0,1.0,0.0,0.0,0.058027077,0.0,0,0,0,1,1
11741,-1,1,-0.9279783,0.28333506,0,1,unassigned,16.0,13.0,3.0,0.8125,0.1875,0.1875,0.027079303,0.0050773695,1,0,0,0,0
11742,-1,0,-0.012698114,0.4968255,0,1,unassigned,9.0,8.0,1.0,0.8888889,0.11111111,0.111111104,0.013539651,0.0015044058,0,0,0,0,0
11743,-1,1,0.34589124,0.5856209,1,1,unassigned,5.0,5.0,0.0,1.0,0.0,0.0,0.0058027077,0.0,1,0,0,1,0
11744,-1,0,-0.79228455,0.31167835,0,1,unassigned,2.0,2.0,0.0,1.0,0.0,0.0,0.0,0.0,0,0,0,0,0
11745,-1,0,-0.564668,0.36246803,0,1,unassigned,37.0,37.0,0.0,1.0,0.0,0.0,0.06769826,0.0,0,0,0,0,0
11746,-1,1,2.5287225,0.92613107,1,1,unassigned,9.0,9.0,0.0,1.0,0.0,0.0,0.013539651,0.0,1,0,0,1,1
11747,-1,0,-0.84889907,0.29966384,0,1,unassigned,53.0,51.0,2.0,0.9622642,0.03773585,0.03773582,0.09864604,0.0037224921,0,0,0,0,0
11748,1,0,-0.4235461,0.39566854,0,1,unassigned,64.0,63.0,1.0,0.984375,0.015625,0.015625,0.11992263,0.0018737911,0,0,0,0,0
11749,0,1,0.21924394,0.55459243,1,1,val,21.0,21.0,0.0,1.0,0.0,0.0,0.036750484,0.0,1,0,0,1,0
11750,-1,1,-0.10730308,0.4731999,0,1,unassigned,9.0,9.0,0.0,1.0,0.0,0.0,0.013539651,0.0,1,0,0,0,0
11751,0,1,-0.002085328,0.49947864,0,0,unassigned,27.0,27.0,0.0,1.0,0.0,0.0,0.0483559,0.0,1,0,1,0,0
11752,1,0,-0.7550491,0.31972212,0,1,val,164.0,163.0,1.0,0.99390244,0.0060975607,0.006097555,0.31334624,0.0019106477,0,0,0,0,0
11753,-1,1,-0.00071781874,0.49982053,0,1,unassigned,17.0,16.0,1.0,0.9411765,0.05882353,0.058823526,0.029013539,0.0017066788,1,0,0,0,0
11754,-1,1,1.5757535,0.8286023,1,1,unassigned,8.0,8.0,0.0,1.0,0.0,0.0,0.0116054155,0.0,1,0,0,1,0
11755,-1,0,8.133278,0.99970645,1,1,unassigned,2.0,2.0,0.0,1.0,0.0,0.0,0.0,0.0,0,0,0,1,1
11756,-1,0,12.066565,0.9999943,1,1,unassigned,2.0,2.0,0.0,1.0,0.0,0.0,0.0,0.0,0,0,0,1,1
11757,-1,1,2.3788679,0.9152016,1,1,unassigned,4.0,2.0,2.0,0.5,0.5,0.5,0.003868472,0.001934236,1,0,0,1,1
11758,-1,1,1.6444411,0.83813834,1,1,unassigned,3.0,2.0,1.0,0.6666667,0.33333334,0.3333333,0.001934236,0.00064474536,1,0,0,1,0
11759,-1,0,8.133278,0.99970645,1,1,unassigned,2.0,2.0,0.0,1.0,0.0,0.0,0.0,0.0,0,0,0,1,1
11760,-1,0,-0.550128,0.36583474,0,1,unassigned,41.0,39.0,2.0,0.9512195,0.048780486,0.0487805,0.07543521,0.003679766,0,0,0,0,0
11761,-1,1,-0.5278521,0.37101796,0,1,unassigned,20.0,20.0,0.0,1.0,0.0,0.0,0.034816246,0.0,1,0,0,0,0
11762,-1,0,-0.7542301,0.31990027,0,1,unassigned,37.0,37.0,0.0,1.0,0.0,0.0,0.06769826,0.0,0,0,0,0,0
11763,-1,1,8.021004,0.9996716,1,1,unassigned,2.0,2.0,0.0,1.0,0.0,0.0,0.0,0.0,1,0,0,1,1
11764,-1,0,-0.11101937,0.47227362,0,1,unassigned,8.0,4.0,4.0,0.5,0.5,0.5,0.0116054155,0.0058027077,0,0,0,0,0
11765,-1,0,2.882313,0.9469651,1,1,unassigned,6.0,5.0,1.0,0.8333333,0.16666667,0.16666669,0.007736944,0.0012894907,0,0,0,1,1
11766,-1,0,2.7461588,0.939696,1,1,unassigned,9.0,9.0,0.0,1.0,0.0,0.0,0.013539651,0.0,0,0,0,1,1
11767,1,0,2.9005733,0.9478747,1,0,unassigned,4.0,4.0,0.0,1.0,0.0,0.0,0.003868472,0.0,0,0,1,1,1
11768,-1,0,6.928904,0.9990219,1,1,unassigned,5.0,3.0,2.0,0.6,0.4,0.39999998,0.0058027077,0.002321083,0,0,0,1,1
11769,-1,1,3.0205781,0.95349514,1,1,unassigned,3.0,3.0,0.0,1.0,0.0,0.0,0.001934236,0.0,1,0,0,1,1
11770,1,1,4.9655232,0.99307394,1,0,val,8.0,8.0,0.0,1.0,0.0,0.0,0.0116054155,0.0,1,0,1,1,1
11771,-1,1,2.3972957,0.91662085,1,1,unassigned,2.0,2.0,0.0,1.0,0.0,0.0,0.0,0.0,1,0,0,1,1
11772,-1,0,12.984888,0.99999774,1,1,unassigned,2.0,2.0,0.0,1.0,0.0,0.0,0.0,0.0,0,0,0,1,1
11773,-1,1,10.905981,0.99998164,1,1,unassigned,7.0,1.0,6.0,0.14285715,0.85714287,0.85714287,0.00967118,0.008289583,1,1,0,1,1
11774,-1,0,-0.76831055,0.31684467,0,1,unassigned,13.0,13.0,0.0,1.0,0.0,0.0,0.021276595,0.0,0,0,0,0,0
11775,1,0,0.9830298,0.72770894,1,0,unassigned,2.0,2.0,0.0,1.0,0.0,0.0,0.0,0.0,0,0,1,1,0
11776,-1,1,2.224982,0.9024705,1,1,unassigned,4.0,2.0,2.0,0.5,0.5,0.5,0.003868472,0.001934236,1,0,0,1,1
11777,-1,0,0.07378751,0.5184385,1,1,unassigned,85.0,83.0,2.0,0.9764706,0.023529412,0.02352941,0.16054158,0.003777449,0,0,0,1,0
11778,-1,0,-0.020386696,0.49490348,0,1,unassigned,22.0,21.0,1.0,0.95454544,0.045454547,0.04545456,0.03868472,0.0017583964,0,0,0,0,0
11779,-1,0,-0.7817774,0.31393695,0,1,unassigned,36.0,34.0,2.0,0.9444444,0.055555556,0.055555582,0.065764025,0.003653557,0,0,0,0,0
11780,-1,0,-0.74411964,0.32210395,0,1,unassigned,118.0,117.0,1.0,0.9915254,0.008474576,0.008474588,0.22437137,0.0019014523,0,0,0,0,0
11781,-1,0,4.5798845,0.9898481,1,1,unassigned,21.0,21.0,0.0,1.0,0.0,0.0,0.036750484,0.0,0,0,0,1,1
11782,-1,0,-0.6562097,0.34159157,0,1,unassigned,32.0,31.0,1.0,0.96875,0.03125,0.03125,0.058027077,0.0018133462,0,0,0,0,0
11783,-1,0,-0.91186273,0.2866188,0,1,unassigned,54.0,54.0,0.0,1.0,0.0,0.0,0.10058027,0.0,0,0,0,0,0
11784,-1,1,-0.7268961,0.32587624,0,1,unassigned,41.0,28.0,13.0,0.68292683,0.31707317,0.31707317,0.07543521,0.02391848,1,0,0,0,0
11785,-1,0,1.6373944,0.8371801,1,1,unassigned,7.0,4.0,3.0,0.5714286,0.42857143,0.4285714,0.00967118,0.0041447915,0,0,0,1,0
11786,-1,0,0.16547638,0.54127496,1,1,unassigned,15.0,15.0,0.0,1.0,0.0,0.0,0.025145067,0.0,0,0,0,1,0
11787,-1,0,-0.6136809,0.35121998,0,1,unassigned,15.0,15.0,0.0,1.0,0.0,0.0,0.025145067,0.0,0,0,0,0,0
11788,1,0,-0.52363425,0.3720028,0,1,unassigned,15.0,15.0,0.0,1.0,0.0,0.0,0.025145067,0.0,0,0,0,0,0
11789,-1,0,-0.8445544,0.30057645,0,1,unassigned,65.0,63.0,2.0,0.9692308,0.03076923,0.030769229,0.12185687,0.003749442,0,0,0,0,0
11790,-1,0,2.4337728,0.9193666,1,1,unassigned,40.0,40.0,0.0,1.0,0.0,0.0,0.07350097,0.0,0,0,0,1,1
11791,-1,0,-0.32608873,0.41919258,0,1,unassigned,11.0,10.0,1.0,0.90909094,0.09090909,0.090909064,0.017408123,0.0015825568,0,0,0,0,0
11792,-1,0,1.0850031,0.7474396,1,1,unassigned,3.0,1.0,2.0,0.33333334,0.6666667,0.6666666,0.001934236,0.0012894907,0,0,0,1,0
11793,-1,1,-0.79220915,0.3116945,0,1,unassigned,45.0,9.0,36.0,0.2,0.8,0.8,0.08317215,0.06653772,1,1,0,0,0
11794,-1,0,3.2969625,0.9643244,1,1,unassigned,5.0,5.0,0.0,1.0,0.0,0.0,0.0058027077,0.0,0,0,0,1,1
11795,-1,1,1.4799318,0.81456226,1,1,unassigned,3.0,3.0,0.0,1.0,0.0,0.0,0.001934236,0.0,1,0,0,1,0
11796,-1,0,4.582372,0.98987305,1,1,unassigned,2.0,2.0,0.0,1.0,0.0,0.0,0.0,0.0,0,0,0,1,1
11797,-1,0,-0.33334556,0.41742682,0,1,unassigned,8.0,8.0,0.0,1.0,0.0,0.0,0.0116054155,0.0,0,0,0,0,0
11798,-1,0,6.938128,0.9990308,1,1,unassigned,2.0,2.0,0.0,1.0,0.0,0.0,0.0,0.0,0,0,0,1,1
11799,-1,0,-0.1169014,0.47080788,0,1,unassigned,5.0,5.0,0.0,1.0,0.0,0.0,0.0058027077,0.0,0,0,0,0,0
11800,-1,0,1.2575927,0.77861136,1,1,unassigned,2.0,2.0,0.0,1.0,0.0,0.0,0.0,0.0,0,0,0,1,0
11801,-1,0,4.051026,0.98289317,1,1,unassigned,3.0,3.0,0.0,1.0,0.0,0.0,0.001934236,0.0,0,0,0,1,1
11802,-1,0,8.133278,0.99970645,1,1,unassigned,2.0,2.0,0.0,1.0,0.0,0.0,0.0,0.0,0,0,0,1,1
11803,-1,0,8.133278,0.99970645,1,1,unassigned,2.0,2.0,0.0,1.0,0.0,0.0,0.0,0.0,0,0,0,1,1
11804,-1,0,-0.030988276,0.49225354,0,1,unassigned,4.0,4.0,0.0,1.0,0.0,0.0,0.003868472,0.0,0,0,0,0,0
11805,-1,0,1.3518128,0.79442585,1,1,unassigned,14.0,14.0,0.0,1.0,0.0,0.0,0.023210831,0.0,0,0,0,1,0
11806,1,0,-0.8102721,0.3078325,0,1,test,2.0,2.0,0.0,1.0,0.0,0.0,0.0,0.0,0,0,0,0,0
11807,-1,0,2.731693,0.938871,1,1,unassigned,2.0,2.0,0.0,1.0,0.0,0.0,0.0,0.0,0,0,0,1,1
11808,-1,1,3.9001095,0.9801618,1,1,unassigned,8.0,6.0,2.0,0.75,0.25,0.25,0.0116054155,0.0029013539,1,0,0,1,1
11809,-1,0,2.8655055,0.9461146,1,1,unassigned,6.0,6.0,0.0,1.0,0.0,0.0,0.007736944,0.0,0,0,0,1,1
11810,-1,0,-1.0729496,0.25484255,0,1,unassigned,7.0,6.0,1.0,0.85714287,0.14285715,0.14285713,0.00967118,0.0013815971,0,0,0,0,0
11811,-1,0,5.588856,0.9962746,1,1,unassigned,5.0,5.0,0.0,1.0,0.0,0.0,0.0058027077,0.0,0,0,0,1,1
11812,-1,0,2.3140883,0.91003716,1,1,unassigned,3.0,2.0,1.0,0.6666667,0.33333334,0.3333333,0.001934236,0.00064474536,0,0,0,1,1
11813,-1,1,8.38283,0.9997713,1,1,unassigned,11.0,11.0,0.0,1.0,0.0,0.0,0.017408123,0.0,1,0,0,1,1
11814,-1,0,-0.43181607,0.39369273,0,1,unassigned,11.0,11.0,0.0,1.0,0.0,0.0,0.017408123,0.0,0,0,0,0,0
11815,-1,1,-0.7489023,0.3210605,0,1,unassigned,88.0,85.0,3.0,0.96590906,0.03409091,0.034090936,0.1663443,0.0056708287,1,0,0,0,0
11816,0,0,-0.60695356,0.35275444,0,0,val,4.0,4.0,0.0,1.0,0.0,0.0,0.003868472,0.0,0,0,1,0,0
11817,-1,0,-0.9159422,0.2857854,0,1,unassigned,85.0,85.0,0.0,1.0,0.0,0.0,0.16054158,0.0,0,0,0,0,0
11818,-1,0,-0.64284134,0.34460455,0,1,unassigned,36.0,36.0,0.0,1.0,0.0,0.0,0.065764025,0.0,0,0,0,0,0
11819,-1,0,-0.6076957,0.35258502,0,1,unassigned,8.0,8.0,0.0,1.0,0.0,0.0,0.0116054155,0.0,0,0,0,0,0
11820,-1,0,-0.8032367,0.30933356,0,1,unassigned,84.0,81.0,3.0,0.96428573,0.035714287,0.03571427,0.15860735,0.0056645484,0,0,0,0,0
11821,-1,0,7.78826,0.99958557,1,1,unassigned,4.0,3.0,1.0,0.75,0.25,0.25,0.003868472,0.000967118,0,0,0,1,1
11822,-1,0,-0.831644,0.30329755,0,1,unassigned,66.0,66.0,0.0,1.0,0.0,0.0,0.123791106,0.0,0,0,0,0,0
11823,-1,1,-0.41250247,0.39831224,0,1,unassigned,107.0,95.0,12.0,0.88785046,0.11214953,0.11214954,0.20309478,0.022776984,1,0,0,0,0
11824,-1,1,-0.62201166,0.34932408,0,1,unassigned,46.0,27.0,19.0,0.5869565,0.41304347,0.4130435,0.08510638,0.035152633,1,0,0,0,0
11825,-1,0,-0.96151054,0.27657586,0,1,unassigned,16.0,14.0,2.0,0.875,0.125,0.125,0.027079303,0.0033849129,0,0,0,0,0
11826,-1,0,-0.85353786,0.29869124,0,1,unassigned,33.0,31.0,2.0,0.93939394,0.060606062,0.060606062,0.059961315,0.0036340193,0,0,0,0,0
11827,-1,0,0.8619078,0.7030591,1,1,unassigned,21.0,20.0,1.0,0.95238096,0.04761905,0.047619045,0.036750484,0.0017500231,0,0,0,1,0
11828,-1,0,10.596842,0.99997497,1,1,unassigned,9.0,8.0,1.0,0.8888889,0.11111111,0.111111104,0.013539651,0.0015044058,0,0,0,1,1
11829,-1,0,6.2968807,0.9981614,1,1,unassigned,3.0,3.0,0.0,1.0,0.0,0.0,0.001934236,0.0,0,0,0,1,1
11830,0,0,1.0583186,0.74236906,1,1,test,21.0,21.0,0.0,1.0,0.0,0.0,0.036750484,0.0,0,0,0,1,0
11831,-1,0,-0.32430866,0.41962603,0,1,unassigned,41.0,34.0,7.0,0.8292683,0.17073171,0.17073172,0.07543521,0.012879182,0,0,0,0,0
11832,-1,0,5.9101453,0.99729556,1,1,unassigned,6.0,6.0,0.0,1.0,0.0,0.0,0.007736944,0.0,0,0,0,1,1
11833,-1,0,6.408474,0.9983551,1,1,unassigned,3.0,3.0,0.0,1.0,0.0,0.0,0.001934236,0.0,0,0,0,1,1
11834,-1,0,5.69636,0.99665314,1,1,unassigned,2.0,2.0,0.0,1.0,0.0,0.0,0.0,0.0,0,0,0,1,1
11835,-1,0,8.133278,0.99970645,1,1,unassigned,2.0,2.0,0.0,1.0,0.0,0.0,0.0,0.0,0,0,0,1,1
11836,-1,0,7.989136,0.99966097,1,1,unassigned,2.0,2.0,0.0,1.0,0.0,0.0,0.0,0.0,0,0,0,1,1
11837,-1,0,8.133278,0.99970645,1,1,unassigned,2.0,2.0,0.0,1.0,0.0,0.0,0.0,0.0,0,0,0,1,1
11838,-1,0,5.463845,0.9957807,1,1,unassigned,7.0,6.0,1.0,0.85714287,0.14285715,0.14285713,0.00967118,0.0013815971,0,0,0,1,1
11839,-1,0,4.446945,0.9884213,1,1,unassigned,5.0,5.0,0.0,1.0,0.0,0.0,0.0058027077,0.0,0,0,0,1,1
11840,-1,0,8.133278,0.99970645,1,1,unassigned,2.0,2.0,0.0,1.0,0.0,0.0,0.0,0.0,0,0,0,1,1
11841,-1,0,8.133278,0.99970645,1,1,unassigned,2.0,2.0,0.0,1.0,0.0,0.0,0.0,0.0,0,0,0,1,1
11842,-1,0,8.133278,0.99970645,1,1,unassigned,2.0,2.0,0.0,1.0,0.0,0.0,0.0,0.0,0,0,0,1,1
11843,-1,0,2.8725214,0.9464713,1,1,unassigned,6.0,6.0,0.0,1.0,0.0,0.0,0.007736944,0.0,0,0,0,1,1
11844,-1,0,8.133278,0.99970645,1,1,unassigned,2.0,2.0,0.0,1.0,0.0,0.0,0.0,0.0,0,0,0,1,1
11845,-1,0,14.616446,0.9999995,1,1,unassigned,3.0,3.0,0.0,1.0,0.0,0.0,0.001934236,0.0,0,0,0,1,1
11846,-1,0,2.20327,0.90054274,1,1,unassigned,17.0,14.0,3.0,0.8235294,0.1764706,0.17647058,0.029013539,0.005120036,0,0,0,1,1
11847,-1,0,2.1682541,0.8973623,1,1,unassigned,7.0,7.0,0.0,1.0,0.0,0.0,0.00967118,0.0,0,0,0,1,0
11848,0,0,-0.6484468,0.34333962,0,0,test,13.0,13.0,0.0,1.0,0.0,0.0,0.021276595,0.0,0,0,1,0,0
11849,-1,0,8.133278,0.99970645,1,1,unassigned,2.0,2.0,0.0,1.0,0.0,0.0,0.0,0.0,0,0,0,1,1
11850,-1,0,0.08716923,0.5217785,1,1,unassigned,18.0,18.0,0.0,1.0,0.0,0.0,0.030947777,0.0,0,0,0,1,0
11851,-1,0,-0.36825848,0.40896186,0,1,unassigned,7.0,7.0,0.0,1.0,0.0,0.0,0.00967118,0.0,0,0,0,0,0
11852,-1,0,-0.21816528,0.445674,0,1,unassigned,22.0,21.0,1.0,0.95454544,0.045454547,0.04545456,0.03868472,0.0017583964,0,0,0,0,0
11853,-1,0,8.133278,0.99970645,1,1,unassigned,2.0,2.0,0.0,1.0,0.0,0.0,0.0,0.0,0,0,0,1,1
11854,1,1,-1.2824466,0.21713404,0,1,test,3.0,2.0,1.0,0.6666667,0.33333334,0.3333333,0.001934236,0.00064474536,1,0,0,0,0
11855,-1,0,7.9171014,0.9996357,1,1,unassigned,2.0,2.0,0.0,1.0,0.0,0.0,0.0,0.0,0,0,0,1,1
11856,-1,0,8.133278,0.99970645,1,1,unassigned,2.0,2.0,0.0,1.0,0.0,0.0,0.0,0.0,0,0,0,1,1
11857,-1,0,-0.60848814,0.35240415,0,1,unassigned,20.0,19.0,1.0,0.95,0.05,0.050000012,0.034816246,0.0017408123,0,0,0,0,0
11858,0,0,-0.5204649,0.37274352,0,0,val,11.0,9.0,2.0,0.8181818,0.18181819,0.18181819,0.017408123,0.0031651135,0,0,1,0,0
11859,-1,0,-0.69672203,0.33253938,0,1,unassigned,8.0,8.0,0.0,1.0,0.0,0.0,0.0116054155,0.0,0,0,0,0,0
11860,-1,0,-0.2302522,0.4426899,0,1,unassigned,16.0,14.0,2.0,0.875,0.125,0.125,0.027079303,0.0033849129,0,0,0,0,0
11861,-1,0,-0.9269984,0.28353408,0,1,unassigned,60.0,57.0,3.0,0.95,0.05,0.050000012,0.11218569,0.0056092846,0,0,0,0,0
11862,0,0,-0.107786596,0.4730794,0,0,val,6.0,6.0,0.0,1.0,0.0,0.0,0.007736944,0.0,0,0,1,0,0
11863,-1,0,-0.9442745,0.28003773,0,1,unassigned,35.0,35.0,0.0,1.0,0.0,0.0,0.06382979,0.0,0,0,0,0,0
11864,-1,0,8.665501,0.9998276,1,1,unassigned,2.0,2.0,0.0,1.0,0.0,0.0,0.0,0.0,0,0,0,1,1
11865,-1,0,-0.91109514,0.2867758,0,1,unassigned,27.0,27.0,0.0,1.0,0.0,0.0,0.0483559,0.0,0,0,0,0,0
11866,-1,0,-0.7850479,0.31323296,0,1,unassigned,26.0,26.0,0.0,1.0,0.0,0.0,0.046421662,0.0,0,0,0,0,0
11867,-1,0,7.603308,0.99950147,1,1,unassigned,3.0,3.0,0.0,1.0,0.0,0.0,0.001934236,0.0,0,0,0,1,1
11868,-1,0,-0.40393567,0.40036717,0,1,unassigned,48.0,46.0,2.0,0.9583333,0.041666668,0.041666687,0.088974856,0.0037072857,0,0,0,0,0
11869,-1,0,5.6997137,0.9966642,1,1,unassigned,4.0,4.0,0.0,1.0,0.0,0.0,0.003868472,0.0,0,0,0,1,1
11870,0,1,-0.18338573,0.45428163,0,0,val,23.0,23.0,0.0,1.0,0.0,0.0,0.040618956,0.0,1,0,1,0,0
11871,-1,0,-0.8106886,0.3077438,0,1,unassigned,88.0,85.0,3.0,0.96590906,0.03409091,0.034090936,0.1663443,0.0056708287,0,0,0,0,0
11872,-1,0,-0.92271495,0.28440505,0,1,unassigned,44.0,42.0,2.0,0.95454544,0.045454547,0.04545456,0.08123791,0.0036926325,0,0,0,0,0
11873,-1,0,-0.11166987,0.47211152,0,1,unassigned,9.0,9.0,0.0,1.0,0.0,0.0,0.013539651,0.0,0,0,0,0,0
11874,-1,0,-0.33361793,0.41736063,0,1,unassigned,37.0,37.0,0.0,1.0,0.0,0.0,0.06769826,0.0,0,0,0,0,0
11875,-1,1,2.924676,0.9490529,1,1,unassigned,10.0,9.0,1.0,0.9,0.1,0.100000024,0.015473888,0.0015473888,1,0,0,1,1
11876,-1,0,2.4163034,0.9180621,1,1,unassigned,92.0,92.0,0.0,1.0,0.0,0.0,0.17408124,0.0,0,0,0,1,1
11877,-1,0,-0.8043504,0.3090957,0,1,unassigned,111.0,110.0,1.0,0.990991,0.009009009,0.009009004,0.21083172,0.0018993849,0,0,0,0,0
11878,-1,0,-0.77721584,0.31492025,0,1,unassigned,29.0,29.0,0.0,1.0,0.0,0.0,0.05222437,0.0,0,0,0,0,0
11879,-1,0,1.8323834,0.8620454,1,1,unassigned,3.0,3.0,0.0,1.0,0.0,0.0,0.001934236,0.0,0,0,0,1,0
11880,-1,0,-0.16312388,0.4593092,0,1,unassigned,4.0,4.0,0.0,1.0,0.0,0.0,0.003868472,0.0,0,0,0,0,0
11881,-1,0,-0.74037504,0.32292214,0,1,unassigned,63.0,63.0,0.0,1.0,0.0,0.0,0.11798839,0.0,0,0,0,0,0
11882,-1,0,-0.18652007,0.4535047,0,1,unassigned,6.0,6.0,0.0,1.0,0.0,0.0,0.007736944,0.0,0,0,0,0,0
11883,-1,0,-0.81823885,0.30613765,0,1,unassigned,15.0,15.0,0.0,1.0,0.0,0.0,0.025145067,0.0,0,0,0,0,0
11884,-1,0,-0.49086678,0.37968943,0,1,unassigned,27.0,26.0,1.0,0.962963,0.037037037,0.037037015,0.0483559,0.0017909593,0,0,0,0,0
11885,-1,0,-0.25216162,0.43729147,0,1,unassigned,6.0,5.0,1.0,0.8333333,0.16666667,0.16666669,0.007736944,0.0012894907,0,0,0,0,0
11886,-1,1,-0.53426516,0.36952266,0,1,unassigned,45.0,42.0,3.0,0.93333334,0.06666667,0.06666666,0.08317215,0.00554481,1,0,0,0,0
11887,-1,0,-0.0884431,0.47790363,0,1,unassigned,36.0,36.0,0.0,1.0,0.0,0.0,0.065764025,0.0,0,0,0,0,0
11888,-1,0,-0.79916525,0.3102041,0,1,unassigned,25.0,22.0,3.0,0.88,0.12,0.120000005,0.044487428,0.0053384914,0,0,0,0,0
11889,-1,0,8.521242,0.99980086,1,1,unassigned,2.0,2.0,0.0,1.0,0.0,0.0,0.0,0.0,0,0,0,1,1
11890,-1,0,3.87305,0.97962874,1,1,unassigned,7.0,6.0,1.0,0.85714287,0.14285715,0.14285713,0.00967118,0.0013815971,0,0,0,1,1
11891,-1,0,-0.25502643,0.43658668,0,1,unassigned,96.0,90.0,6.0,0.9375,0.0625,0.0625,0.18181819,0.011363637,0,0,0,0,0
11892,-1,0,-0.25469455,0.4366683,0,1,unassigned,15.0,15.0,0.0,1.0,0.0,0.0,0.025145067,0.0,0,0,0,0,0
11893,-1,0,-0.68684006,0.3347364,0,1,unassigned,8.0,8.0,0.0,1.0,0.0,0.0,0.0116054155,0.0,0,0,0,0,0
11894,-1,0,-0.28862804,0.42833978,0,1,unassigned,2.0,1.0,1.0,0.5,0.5,0.5,0.0,0.0,0,0,0,0,0
11895,-1,0,-0.35832483,0.41136512,0,1,unassigned,104.0,104.0,0.0,1.0,0.0,0.0,0.19729207,0.0,0,0,0,0,0
11896,-1,1,2.357786,0.9135511,1,1,unassigned,7.0,7.0,0.0,1.0,0.0,0.0,0.00967118,0.0,1,0,0,1,1
11897,-1,0,-0.49781746,0.3780537,0,1,unassigned,14.0,14.0,0.0,1.0,0.0,0.0,0.023210831,0.0,0,0,0,0,0
11898,-1,1,-0.030039728,0.49249065,0,1,unassigned,6.0,6.0,0.0,1.0,0.0,0.0,0.007736944,0.0,1,0,0,0,0
11899,-1,0,-0.9211584,0.2847219,0,1,unassigned,20.0,19.0,1.0,0.95,0.05,0.050000012,0.034816246,0.0017408123,0,0,0,0,0
11900,-1,0,-0.72218674,0.32691163,0,1,unassigned,74.0,73.0,1.0,0.9864865,0.013513514,0.013513505,0.13926499,0.0018819593,0,0,0,0,0
11901,-1,0,-0.6428124,0.34461108,0,1,unassigned,6.0,6.0,0.0,1.0,0.0,0.0,0.007736944,0.0,0,0,0,0,0
11902,-1,1,-0.354509,0.4122894,0,1,unassigned,3.0,3.0,0.0,1.0,0.0,0.0,0.001934236,0.0,1,0,0,0,0
11903,-1,1,2.9540548,0.9504547,1,1,unassigned,6.0,5.0,1.0,0.8333333,0.16666667,0.16666669,0.007736944,0.0012894907,1,0,0,1,1
11904,-1,1,1.2094517,0.7702019,1,1,unassigned,2.0,2.0,0.0,1.0,0.0,0.0,0.0,0.0,1,0,0,1,0
11905,-1,0,4.9966626,0.99328494,1,1,unassigned,2.0,2.0,0.0,1.0,0.0,0.0,0.0,0.0,0,0,0,1,1
11906,-1,0,3.2825658,0.9638258,1,1,unassigned,3.0,3.0,0.0,1.0,0.0,0.0,0.001934236,0.0,0,0,0,1,1
11907,-1,0,13.783546,0.9999989,1,1,unassigned,17.0,12.0,5.0,0.7058824,0.29411766,0.29411763,0.029013539,0.008533394,0,0,0,1,1
11908,-1,0,2.166667,0.897216,1,1,unassigned,4.0,4.0,0.0,1.0,0.0,0.0,0.003868472,0.0,0,0,0,1,0
11909,-1,1,1.353641,0.7947243,1,1,unassigned,4.0,4.0,0.0,1.0,0.0,0.0,0.003868472,0.0,1,0,0,1,0
11910,-1,1,1.2304177,0.7738917,1,1,unassigned,12.0,10.0,2.0,0.8333333,0.16666667,0.16666669,0.01934236,0.0032237265,1,0,0,1,0
11911,-1,0,-0.5941972,0.35567242,0,1,unassigned,45.0,45.0,0.0,1.0,0.0,0.0,0.08317215,0.0,0,0,0,0,0
11912,-1,1,0.69873506,0.66790724,1,1,unassigned,5.0,4.0,1.0,0.8,0.2,0.19999999,0.0058027077,0.0011605415,1,0,0,1,0
11913,-1,0,-0.25148004,0.43745923,0,1,unassigned,30.0,30.0,0.0,1.0,0.0,0.0,0.054158606,0.0,0,0,0,0,0
11914,-1,0,-0.29089114,0.42778575,0,1,unassigned,41.0,41.0,0.0,1.0,0.0,0.0,0.07543521,0.0,0,0,0,0,0
11915,1,0,0.17556661,0.54377925,1,0,val,40.0,39.0,1.0,0.975,0.025,0.024999976,0.07350097,0.0018375242,0,0,1,1,0
11916,-1,0,3.5704434,0.972627,1,1,unassigned,13.0,13.0,0.0,1.0,0.0,0.0,0.021276595,0.0,0,0,0,1,1
11917,-1,0,0.10632372,0.5265559,1,1,unassigned,10.0,10.0,0.0,1.0,0.0,0.0,0.015473888,0.0,0,0,0,1,0
11918,-1,0,-0.001375258,0.4996562,0,1,unassigned,2.0,2.0,0.0,1.0,0.0,0.0,0.0,0.0,0,0,0,0,0
11919,-1,0,0.6769896,0.6630665,1,1,unassigned,2.0,2.0,0.0,1.0,0.0,0.0,0.0,0.0,0,0,0,1,0
11920,-1,0,3.374071,0.9668843,1,1,unassigned,11.0,11.0,0.0,1.0,0.0,0.0,0.017408123,0.0,0,0,0,1,1
11921,-1,0,-0.7213978,0.32708526,0,1,unassigned,7.0,7.0,0.0,1.0,0.0,0.0,0.00967118,0.0,0,0,0,0,0
11922,-1,0,0.1726929,0.54306626,1,1,unassigned,8.0,8.0,0.0,1.0,0.0,0.0,0.0116054155,0.0,0,0,0,1,0
11923,0,0,-0.4949519,0.3787277,0,0,unassigned,19.0,19.0,0.0,1.0,0.0,0.0,0.032882012,0.0,0,0,1,0,0
11924,-1,0,-0.82564646,0.30456638,0,1,unassigned,106.0,106.0,0.0,1.0,0.0,0.0,0.20116054,0.0,0,0,0,0,0
11925,-1,0,-0.050157428,0.48746327,0,1,unassigned,9.0,8.0,1.0,0.8888889,0.11111111,0.111111104,0.013539651,0.0015044058,0,0,0,0,0
11926,-1,1,3.1812525,0.96012264,1,1,unassigned,3.0,3.0,0.0,1.0,0.0,0.0,0.001934236,0.0,1,0,0,1,1
11927,-1,0,3.674864,0.975274,1,1,unassigned,2.0,2.0,0.0,1.0,0.0,0.0,0.0,0.0,0,0,0,1,1
11928,-1,0,-0.7671908,0.31708708,0,1,unassigned,69.0,68.0,1.0,0.98550725,0.014492754,0.01449275,0.1295938,0.0018781711,0,0,0,0,0
11929,-1,0,0.3204475,0.5794333,1,1,unassigned,2.0,2.0,0.0,1.0,0.0,0.0,0.0,0.0,0,0,0,1,0
11930,-1,0,-0.5639417,0.36263588,0,1,unassigned,75.0,73.0,2.0,0.97333336,0.026666667,0.026666641,0.14119923,0.003765313,0,0,0,0,0
11931,-1,1,-0.8118931,0.30748725,0,1,unassigned,50.0,45.0,5.0,0.9,0.1,0.100000024,0.092843324,0.009284332,1,0,0,0,0
11932,0,0,-0.68369,0.33543822,0,0,val,28.0,27.0,1.0,0.96428573,0.035714287,0.03571427,0.050290134,0.0017960763,0,0,1,0,0
11933,-1,0,-0.86098725,0.29713315,0,1,unassigned,23.0,21.0,2.0,0.9130435,0.08695652,0.0869565,0.040618956,0.0035320832,0,0,0,0,0
11934,-1,1,2.3449543,0.9125324,1,1,unassigned,79.0,72.0,7.0,0.9113924,0.088607594,0.08860761,0.14893617,0.013196875,1,0,0,1,1
11935,-1,0,-0.268108,0.4333716,0,1,unassigned,13.0,13.0,0.0,1.0,0.0,0.0,0.021276595,0.0,0,0,0,0,0
11936,-1,1,7.1713142,0.9992323,1,1,unassigned,3.0,2.0,1.0,0.6666667,0.33333334,0.3333333,0.001934236,0.00064474536,1,0,0,1,1
11937,-1,0,0.53124374,0.62977314,1,1,unassigned,5.0,5.0,0.0,1.0,0.0,0.0,0.0058027077,0.0,0,0,0,1,0
11938,-1,0,0.6862301,0.66512775,1,1,unassigned,20.0,20.0,0.0,1.0,0.0,0.0,0.034816246,0.0,0,0,0,1,0
11939,-1,0,3.3112195,0.9648117,1,1,unassigned,3.0,3.0,0.0,1.0,0.0,0.0,0.001934236,0.0,0,0,0,1,1
11940,-1,0,0.90628344,0.712239,1,1,unassigned,2.0,2.0,0.0,1.0,0.0,0.0,0.0,0.0,0,0,0,1,0
11941,-1,0,0.50999886,0.6248062,1,1,unassigned,4.0,4.0,0.0,1.0,0.0,0.0,0.003868472,0.0,0,0,0,1,0
11942,-1,1,3.6521933,0.9747214,1,1,unassigned,2.0,2.0,0.0,1.0,0.0,0.0,0.0,0.0,1,0,0,1,1
11943,-1,0,-0.6260116,0.34841546,0,1,unassigned,48.0,48.0,0.0,1.0,0.0,0.0,0.088974856,0.0,0,0,0,0,0
11944,-1,0,1.5297654,0.821972,1,1,unassigned,18.0,17.0,1.0,0.9444444,0.055555556,0.055555582,0.030947777,0.0017193209,0,0,0,1,0
11945,-1,0,2.2800303,0.90720963,1,1,unassigned,8.0,7.0,1.0,0.875,0.125,0.125,0.0116054155,0.0014506769,0,0,0,1,1
11946,-1,0,1.807111,0.85901237,1,1,unassigned,2.0,1.0,1.0,0.5,0.5,0.5,0.0,0.0,0,0,0,1,0
11947,-1,0,-0.8395115,0.30163768,0,1,unassigned,128.0,126.0,2.0,0.984375,0.015625,0.015625,0.24371374,0.0038080271,0,0,0,0,0
11948,-1,1,3.2812266,0.9637791,1,1,unassigned,3.0,3.0,0.0,1.0,0.0,0.0,0.001934236,0.0,1,0,0,1,1
11949,-1,0,-0.865926,0.29610273,0,1,unassigned,5.0,5.0,0.0,1.0,0.0,0.0,0.0058027077,0.0,0,0,0,0,0
11950,-1,0,-0.6918319,0.33362567,0,1,unassigned,2.0,2.0,0.0,1.0,0.0,0.0,0.0,0.0,0,0,0,0,0
11951,-1,1,-0.33288336,0.4175392,0,1,unassigned,2.0,1.0,1.0,0.5,0.5,0.5,0.0,0.0,1,0,0,0,0
11952,0,0,-0.40108076,0.4010527,0,0,test,47.0,47.0,0.0,1.0,0.0,0.0,0.08704062,0.0,0,0,1,0,0
11953,-1,0,0.88086027,0.70700043,1,1,unassigned,5.0,5.0,0.0,1.0,0.0,0.0,0.0058027077,0.0,0,0,0,1,0
11954,-1,0,-0.46394855,0.38604954,0,1,unassigned,37.0,36.0,1.0,0.972973,0.027027028,0.02702701,0.06769826,0.0018296828,0,0,0,0,0
11955,1,0,3.6549408,0.97478896,1,0,val,6.0,6.0,0.0,1.0,0.0,0.0,0.007736944,0.0,0,0,1,1,1
11956,-1,0,-0.77024615,0.31642586,0,1,unassigned,54.0,53.0,1.0,0.9814815,0.018518519,0.018518507,0.10058027,0.0018625975,0,0,0,0,0
11957,-1,0,-0.44282043,0.3910691,0,1,unassigned,38.0,38.0,0.0,1.0,0.0,0.0,0.06963249,0.0,0,0,0,0,0
11958,-1,0,-0.70440066,0.33083728,0,1,unassigned,162.0,161.0,1.0,0.99382716,0.0061728396,0.006172836,0.30947775,0.0019103565,0,0,0,0,0
11959,-1,0,-0.52677584,0.37126917,0,1,unassigned,63.0,63.0,0.0,1.0,0.0,0.0,0.11798839,0.0,0,0,0,0,0
11960,-1,0,0.307679,0.5763186,1,1,unassigned,12.0,12.0,0.0,1.0,0.0,0.0,0.01934236,0.0,0,0,0,1,0
11961,1,0,0.99070436,0.729227,1,0,train,167.0,166.0,1.0,0.994012,0.005988024,0.005988002,0.31914893,0.0019110715,0,0,1,1,0
11962,-1,0,-0.5252617,0.3716227,0,1,unassigned,52.0,52.0,0.0,1.0,0.0,0.0,0.0967118,0.0,0,0,0,0,0
11963,-1,0,-0.23911446,0.44050458,0,1,unassigned,32.0,32.0,0.0,1.0,0.0,0.0,0.058027077,0.0,0,0,0,0,0
11964,-1,1,1.6444433,0.83813864,1,1,unassigned,9.0,7.0,2.0,0.7777778,0.22222222,0.22222221,0.013539651,0.0030088115,1,0,0,1,0
11965,-1,0,-0.5798897,0.35895798,0,1,unassigned,46.0,46.0,0.0,1.0,0.0,0.0,0.08510638,0.0,0,0,0,0,0
11966,-1,1,2.7541149,0.94014525,1,1,unassigned,6.0,5.0,1.0,0.8333333,0.16666667,0.16666669,0.007736944,0.0012894907,1,0,0,1,1
11967,-1,1,3.5292504,0.9715086,1,1,unassigned,4.0,2.0,2.0,0.5,0.5,0.5,0.003868472,0.001934236,1,0,0,1,1
11968,0,0,0.33470625,0.58290404,1,1,unassigned,32.0,31.0,1.0,0.96875,0.03125,0.03125,0.058027077,0.0018133462,0,0,0,1,0
11969,-1,1,4.682076,0.9908251,1,1,unassigned,8.0,8.0,0.0,1.0,0.0,0.0,0.0116054155,0.0,1,0,0,1,1
11970,0,1,-0.7044059,0.3308361,0,0,unassigned,3.0,3.0,0.0,1.0,0.0,0.0,0.001934236,0.0,1,0,1,0,0
11971,-1,0,3.2041395,0.9609897,1,1,unassigned,5.0,4.0,1.0,0.8,0.2,0.19999999,0.0058027077,0.0011605415,0,0,0,1,1
11972,-1,1,-0.40430787,0.40027776,0,1,unassigned,3.0,3.0,0.0,1.0,0.0,0.0,0.001934236,0.0,1,0,0,0,0
11973,0,1,-0.6231376,0.3490682,0,0,unassigned,54.0,30.0,24.0,0.5555556,0.44444445,0.44444442,0.10058027,0.04470234,1,0,1,0,0
11974,-1,1,0.15140933,0.53778017,1,1,unassigned,9.0,7.0,2.0,0.7777778,0.22222222,0.22222221,0.013539651,0.0030088115,1,0,0,1,0
11975,-1,0,0.8018759,0.6903756,1,1,unassigned,11.0,9.0,2.0,0.8181818,0.18181819,0.18181819,0.017408123,0.0031651135,0,0,0,1,0
11976,-1,1,2.6542528,0.93427265,1,1,unassigned,46.0,26.0,20.0,0.5652174,0.4347826,0.43478262,0.08510638,0.037002772,1,0,0,1,1
11977,-1,0,-0.7880714,0.31258294,0,1,unassigned,58.0,58.0,0.0,1.0,0.0,0.0,0.10831721,0.0,0,0,0,0,0
11978,-1,0,-0.8815172,0.2928635,0,1,unassigned,103.0,101.0,2.0,0.98058254,0.019417476,0.019417465,0.19535783,0.003793356,0,0,0,0,0
11979,-1,1,-0.20748875,0.44831312,0,1,unassigned,17.0,17.0,0.0,1.0,0.0,0.0,0.029013539,0.0,1,0,0,0,0
11980,-1,0,-0.29053283,0.42787346,0,1,unassigned,18.0,16.0,2.0,0.8888889,0.11111111,0.111111104,0.030947777,0.0034386418,0,0,0,0,0
11981,-1,1,1.6499608,0.8388857,1,1,unassigned,33.0,33.0,0.0,1.0,0.0,0.0,0.059961315,0.0,1,0,0,1,0
11982,-1,0,0.6485316,0.6566795,1,1,unassigned,3.0,3.0,0.0,1.0,0.0,0.0,0.001934236,0.0,0,0,0,1,0
11983,1,0,0.6840201,0.66463536,1,0,unassigned,4.0,4.0,0.0,1.0,0.0,0.0,0.003868472,0.0,0,0,1,1,0
11984,-1,1,-0.03638798,0.490904,0,1,unassigned,148.0,131.0,17.0,0.8851351,0.11486486,0.114864886,0.28239846,0.03243766,1,0,0,0,0
11985,-1,0,-0.31967312,0.4207554,0,1,unassigned,3.0,3.0,0.0,1.0,0.0,0.0,0.001934236,0.0,0,0,0,0,0
11986,-1,0,-0.87161404,0.29491857,0,1,unassigned,3.0,3.0,0.0,1.0,0.0,0.0,0.001934236,0.0,0,0,0,0,0
11987,-1,0,1.3346202,0.79160386,1,1,unassigned,3.0,3.0,0.0,1.0,0.0,0.0,0.001934236,0.0,0,0,0,1,0
11988,-1,0,5.0428505,0.9935861,1,1,unassigned,9.0,9.0,0.0,1.0,0.0,0.0,0.013539651,0.0,0,0,0,1,1
11989,-1,0,-0.5390113,0.3684176,0,1,unassigned,3.0,3.0,0.0,1.0,0.0,0.0,0.001934236,0.0,0,0,0,0,0
11990,-1,0,-0.45807415,0.3874428,0,1,unassigned,36.0,35.0,1.0,0.9722222,0.027777778,0.027777791,0.065764025,0.0018267785,0,0,0,0,0
11991,1,0,-0.12187785,0.46956816,0,1,val,34.0,33.0,1.0,0.9705882,0.029411765,0.029411793,0.061895553,0.0018204574,0,0,0,0,0
11992,-1,0,-0.7627671,0.3180458,0,1,unassigned,40.0,38.0,2.0,0.95,0.05,0.050000012,0.07350097,0.0036750485,0,0,0,0,0
11993,-1,0,-0.6635442,0.33994392,0,1,unassigned,52.0,52.0,0.0,1.0,0.0,0.0,0.0967118,0.0,0,0,0,0,0
11994,-1,0,0.10844642,0.52708507,1,1,unassigned,36.0,36.0,0.0,1.0,0.0,0.0,0.065764025,0.0,0,0,0,1,0
11995,-1,0,-0.9180651,0.28535232,0,1,unassigned,52.0,52.0,0.0,1.0,0.0,0.0,0.0967118,0.0,0,0,0,0,0
11996,-1,0,8.599386,0.9998159,1,1,unassigned,2.0,2.0,0.0,1.0,0.0,0.0,0.0,0.0,0,0,0,1,1
11997,-1,0,-0.8004919,0.30992028,0,1,unassigned,117.0,116.0,1.0,0.991453,0.008547009,0.008547008,0.22243714,0.0019011722,0,0,0,0,0
11998,-1,0,3.6552517,0.9747967,1,1,unassigned,15.0,15.0,0.0,1.0,0.0,0.0,0.025145067,0.0,0,0,0,1,1
11999,-1,0,-0.6062593,0.35291296,0,1,unassigned,34.0,34.0,0.0,1.0,0.0,0.0,0.061895553,0.0,0,0,0,0,0
12000,-1,0,2.5408223,0.92695445,1,1,unassigned,18.0,15.0,3.0,0.8333333,0.16666667,0.16666669,0.030947777,0.005157963,0,0,0,1,1
12001,-1,0,4.829292,0.9920712,1,1,unassigned,5.0,5.0,0.0,1.0,0.0,0.0,0.0058027077,0.0,0,0,0,1,1
12002,-1,0,1.2898257,0.7841177,1,1,unassigned,2.0,2.0,0.0,1.0,0.0,0.0,0.0,0.0,0,0,0,1,0
12003,1,0,0.04262632,0.510655,1,0,unassigned,16.0,16.0,0.0,1.0,0.0,0.0,0.027079303,0.0,0,0,1,1,0
12004,-1,0,-0.13347512,0.4666807,0,1,unassigned,63.0,61.0,2.0,0.96825397,0.031746034,0.03174603,0.11798839,0.0037456634,0,0,0,0,0
12005,-1,0,-0.0436548,0.48908803,0,1,unassigned,18.0,18.0,0.0,1.0,0.0,0.0,0.030947777,0.0,0,0,0,0,0
12006,-1,1,5.1233582,0.99407935,1,1,unassigned,7.0,6.0,1.0,0.85714287,0.14285715,0.14285713,0.00967118,0.0013815971,1,0,0,1,1
12007,-1,1,0.052586555,0.5131436,1,1,unassigned,19.0,18.0,1.0,0.94736844,0.05263158,0.052631557,0.032882012,0.0017306323,1,0,0,1,0
12008,1,0,1.1052766,0.75124747,1,0,test,3.0,3.0,0.0,1.0,0.0,0.0,0.001934236,0.0,0,0,1,1,0
12009,-1,1,7.7021003,0.99954826,1,1,unassigned,6.0,4.0,2.0,0.6666667,0.33333334,0.3333333,0.007736944,0.0025789815,1,0,0,1,1
12010,-1,0,-0.61028886,0.35199332,0,1,unassigned,11.0,10.0,1.0,0.90909094,0.09090909,0.090909064,0.017408123,0.0015825568,0,0,0,0,0
12011,1,0,0.6485031,0.656673,1,0,unassigned,2.0,2.0,0.0,1.0,0.0,0.0,0.0,0.0,0,0,1,1,0
12012,-1,0,-0.641173,0.3449814,0,1,unassigned,70.0,68.0,2.0,0.9714286,0.028571429,0.028571427,0.13152805,0.0037579443,0,0,0,0,0
12013,-1,0,0.1316629,0.53286827,1,1,unassigned,67.0,66.0,1.0,0.98507464,0.014925373,0.014925361,0.12572534,0.0018764976,0,0,0,1,0
12014,-1,0,-0.90198165,0.28864342,0,1,unassigned,79.0,76.0,3.0,0.96202534,0.03797468,0.037974656,0.14893617,0.0056558037,0,0,0,0,0
12015,-1,0,0.76117784,0.6816094,1,1,unassigned,59.0,56.0,3.0,0.9491525,0.050847456,0.05084747,0.11025145,0.005606006,0,0,0,1,0
12016,-1,0,0.4184516,0.6031127,1,1,unassigned,3.0,2.0,1.0,0.6666667,0.33333334,0.3333333,0.001934236,0.00064474536,0,0,0,1,0
12017,-1,0,-0.7372326,0.32360956,0,1,unassigned,29.0,29.0,0.0,1.0,0.0,0.0,0.05222437,0.0,0,0,0,0,0
12018,1,0,0.45926696,0.6128403,1,0,unassigned,106.0,103.0,3.0,0.9716981,0.028301887,0.028301895,0.20116054,0.005693223,0,0,1,1,0
12019,-1,1,4.208854,0.9853543,1,1,unassigned,5.0,5.0,0.0,1.0,0.0,0.0,0.0058027077,0.0,1,0,0,1,1
12020,-1,0,7.677263,0.999537,1,1,unassigned,2.0,2.0,0.0,1.0,0.0,0.0,0.0,0.0,0,0,0,1,1
12021,0,0,-0.5069542,0.3759078,0,0,unassigned,41.0,41.0,0.0,1.0,0.0,0.0,0.07543521,0.0,0,0,1,0,0
12022,-1,0,4.213427,0.98542017,1,1,unassigned,133.0,120.0,13.0,0.90225565,0.09774436,0.097744346,0.25338492,0.024766946,0,0,0,1,1
12023,-1,0,0.88377446,0.70760375,1,1,unassigned,9.0,9.0,0.0,1.0,0.0,0.0,0.013539651,0.0,0,0,0,1,0
12024,-1,0,1.0682936,0.7442723,1,1,unassigned,3.0,3.0,0.0,1.0,0.0,0.0,0.001934236,0.0,0,0,0,1,0
12025,-1,1,0.16753274,0.5417855,1,1,unassigned,6.0,5.0,1.0,0.8333333,0.16666667,0.16666669,0.007736944,0.0012894907,1,0,0,1,0
12026,-1,0,-0.13103858,0.46728715,0,1,unassigned,12.0,12.0,0.0,1.0,0.0,0.0,0.01934236,0.0,0,0,0,0,0
12027,-1,1,-0.583118,0.35821545,0,1,unassigned,71.0,68.0,3.0,0.9577465,0.04225352,0.042253494,0.13346228,0.0056392513,1,0,0,0,0
12028,-1,0,-0.13220412,0.46699703,0,1,unassigned,47.0,46.0,1.0,0.9787234,0.021276595,0.021276593,0.08704062,0.001851928,0,0,0,0,0
12029,0,0,-0.9641327,0.27605152,0,0,unassigned,18.0,18.0,0.0,1.0,0.0,0.0,0.030947777,0.0,0,0,1,0,0
12030,-1,0,-0.6019448,0.35389888,0,1,unassigned,9.0,9.0,0.0,1.0,0.0,0.0,0.013539651,0.0,0,0,0,0,0
12031,-1,0,-0.7440286,0.32212383,0,1,unassigned,28.0,28.0,0.0,1.0,0.0,0.0,0.050290134,0.0,0,0,0,0,0
12032,0,0,-0.83690935,0.3021861,0,0,test,7.0,7.0,0.0,1.0,0.0,0.0,0.00967118,0.0,0,0,1,0,0
12033,-1,0,-0.92396617,0.28415045,0,1,unassigned,84.0,82.0,2.0,0.97619045,0.023809524,0.023809552,0.15860735,0.0037763654,0,0,0,0,0
12034,-1,0,-0.8708632,0.29507473,0,1,unassigned,74.0,73.0,1.0,0.9864865,0.013513514,0.013513505,0.13926499,0.0018819593,0,0,0,0,0
12035,-1,0,0.047603488,0.51189864,1,1,unassigned,6.0,6.0,0.0,1.0,0.0,0.0,0.007736944,0.0,0,0,0,1,0
12036,-1,0,-0.94439214,0.280014,0,1,unassigned,43.0,43.0,0.0,1.0,0.0,0.0,0.079303674,0.0,0,0,0,0,0
12037,-1,0,-0.8704997,0.29515034,0,1,unassigned,29.0,29.0,0.0,1.0,0.0,0.0,0.05222437,0.0,0,0,0,0,0
12038,-1,0,1.5252478,0.8213099,1,1,unassigned,14.0,14.0,0.0,1.0,0.0,0.0,0.023210831,0.0,0,0,0,1,0
12039,-1,0,-0.14879629,0.4628694,0,1,unassigned,26.0,26.0,0.0,1.0,0.0,0.0,0.046421662,0.0,0,0,0,0,0
12040,-1,0,-0.616476,0.35058337,0,1,unassigned,27.0,27.0,0.0,1.0,0.0,0.0,0.0483559,0.0,0,0,0,0,0
12041,-1,1,-0.1301865,0.46749923,0,1,unassigned,72.0,71.0,1.0,0.9861111,0.013888889,0.0138888955,0.13539653,0.0018805073,1,0,0,0,0
12042,-1,0,0.081833065,0.5204469,1,1,unassigned,16.0,16.0,0.0,1.0,0.0,0.0,0.027079303,0.0,0,0,0,1,0
12043,-1,0,-0.46555668,0.38566846,0,1,unassigned,7.0,7.0,0.0,1.0,0.0,0.0,0.00967118,0.0,0,0,0,0,0
12044,-1,0,2.926054,0.94911945,1,1,unassigned,2.0,2.0,0.0,1.0,0.0,0.0,0.0,0.0,0,0,0,1,1
12045,-1,0,0.90195614,0.71135134,1,1,unassigned,10.0,1.0,9.0,0.1,0.9,0.9,0.015473888,0.0139264995,0,0,0,1,0
12046,-1,1,-0.2972333,0.42623395,0,1,unassigned,25.0,25.0,0.0,1.0,0.0,0.0,0.044487428,0.0,1,0,0,0,0
12047,-1,0,-0.94906694,0.2790725,0,1,unassigned,58.0,55.0,3.0,0.94827586,0.05172414,0.051724136,0.10831721,0.0056026145,0,0,0,0,0
12048,-1,0,7.4672437,0.9994288,1,1,unassigned,3.0,2.0,1.0,0.6666667,0.33333334,0.3333333,0.001934236,0.00064474536,0,0,0,1,1
12049,-1,0,-0.8795851,0.29326376,0,1,unassigned,77.0,76.0,1.0,0.987013,0.012987013,0.012987018,0.14506769,0.001883996,0,0,0,0,0
12050,-1,0,11.194611,0.9999863,1,1,unassigned,15.0,14.0,1.0,0.93333334,0.06666667,0.06666666,0.025145067,0.0016763379,0,0,0,1,1
12051,-1,0,1.9043794,0.87038636,1,1,unassigned,10.0,8.0,2.0,0.8,0.2,0.19999999,0.015473888,0.0030947777,0,0,0,1,0
12052,-1,0,-0.1789391,0.45538422,0,1,unassigned,6.0,6.0,0.0,1.0,0.0,0.0,0.007736944,0.0,0,0,0,0,0
12053,1,0,-0.22476253,0.44404474,0,1,unassigned,14.0,12.0,2.0,0.85714287,0.14285715,0.14285713,0.023210831,0.0033158332,0,0,0,0,0
12054,0,1,0.3317861,0.58219385,1,1,test,28.0,26.0,2.0,0.9285714,0.071428575,0.0714286,0.050290134,0.0035921526,1,0,0,1,0
12055,-1,0,0.6332397,0.65322363,1,1,unassigned,30.0,30.0,0.0,1.0,0.0,0.0,0.054158606,0.0,0,0,0,1,0
12056,-1,0,-0.3925765,0.4030972,0,1,unassigned,4.0,3.0,1.0,0.75,0.25,0.25,0.003868472,0.000967118,0,0,0,0,0
12057,-1,0,1.2980862,0.7855127,1,1,unassigned,4.0,4.0,0.0,1.0,0.0,0.0,0.003868472,0.0,0,0,0,1,0
12058,1,0,-0.09142965,0.47715846,0,1,val,38.0,38.0,0.0,1.0,0.0,0.0,0.06963249,0.0,0,0,0,0,0
12059,-1,0,-0.89939404,0.28917503,0,1,unassigned,39.0,39.0,0.0,1.0,0.0,0.0,0.07156673,0.0,0,0,0,0,0
12060,0,0,1.3999355,0.8021736,1,1,unassigned,19.0,18.0,1.0,0.94736844,0.05263158,0.052631557,0.032882012,0.0017306323,0,0,0,1,0
12061,-1,1,-0.66554904,0.3394942,0,1,unassigned,152.0,145.0,7.0,0.95394737,0.04605263,0.046052635,0.29013538,0.013361498,1,0,0,0,0
12062,-1,0,0.10809988,0.5269987,1,1,unassigned,9.0,6.0,3.0,0.6666667,0.33333334,0.3333333,0.013539651,0.004513217,0,0,0,1,0
12063,-1,0,-0.20409077,0.4491537,0,1,unassigned,22.0,21.0,1.0,0.95454544,0.045454547,0.04545456,0.03868472,0.0017583964,0,0,0,0,0
12064,0,0,-0.40333748,0.40051076,0,0,test,11.0,10.0,1.0,0.90909094,0.09090909,0.090909064,0.017408123,0.0015825568,0,0,1,0,0
12065,-1,0,-0.6727656,0.33787784,0,1,unassigned,25.0,23.0,2.0,0.92,0.08,0.07999998,0.044487428,0.003558994,0,0,0,0,0
12066,0,0,-0.62431335,0.34880108,0,0,test,38.0,37.0,1.0,0.9736842,0.02631579,0.026315808,0.06963249,0.0018324341,0,0,1,0,0
12067,-1,0,-0.78539413,0.3131585,0,1,unassigned,11.0,10.0,1.0,0.90909094,0.09090909,0.090909064,0.017408123,0.0015825568,0,0,0,0,0
12068,-1,0,-0.8938496,0.29031605,0,1,unassigned,3.0,3.0,0.0,1.0,0.0,0.0,0.001934236,0.0,0,0,0,0,0
12069,1,1,1.5029919,0.8180203,1,0,unassigned,6.0,6.0,0.0,1.0,0.0,0.0,0.007736944,0.0,1,0,1,1,0
12070,-1,0,-0.037606478,0.4905995,0,1,unassigned,3.0,3.0,0.0,1.0,0.0,0.0,0.001934236,0.0,0,0,0,0,0
12071,-1,0,-0.8511274,0.29919642,0,1,unassigned,77.0,76.0,1.0,0.987013,0.012987013,0.012987018,0.14506769,0.001883996,0,0,0,0,0
12072,-1,0,-0.9772061,0.2734465,0,1,unassigned,58.0,58.0,0.0,1.0,0.0,0.0,0.10831721,0.0,0,0,0,0,0
12073,1,0,-0.528023,0.37097815,0,1,test,47.0,46.0,1.0,0.9787234,0.021276595,0.021276593,0.08704062,0.001851928,0,0,0,0,0
12074,-1,0,-0.9240122,0.2841411,0,1,unassigned,18.0,18.0,0.0,1.0,0.0,0.0,0.030947777,0.0,0,0,0,0,0
12075,0,0,-0.1515981,0.4621729,0,0,unassigned,18.0,18.0,0.0,1.0,0.0,0.0,0.030947777,0.0,0,0,1,0,0
12076,-1,0,-0.61952,0.34989062,0,1,unassigned,33.0,32.0,1.0,0.969697,0.030303031,0.030303001,0.059961315,0.0018170096,0,0,0,0,0
12077,-1,0,-0.80771923,0.30837673,0,1,unassigned,49.0,49.0,0.0,1.0,0.0,0.0,0.09090909,0.0,0,0,0,0,0
12078,-1,0,-0.07446393,0.48139262,0,1,unassigned,3.0,3.0,0.0,1.0,0.0,0.0,0.001934236,0.0,0,0,0,0,0
12079,-1,0,-0.9496707,0.27895105,0,1,unassigned,36.0,36.0,0.0,1.0,0.0,0.0,0.065764025,0.0,0,0,0,0,0
12080,0,0,-0.62317324,0.3490601,0,0,test,20.0,19.0,1.0,0.95,0.05,0.050000012,0.034816246,0.0017408123,0,0,1,0,0
12081,1,0,15.796282,0.9999999,1,0,test,5.0,3.0,2.0,0.6,0.4,0.39999998,0.0058027077,0.002321083,0,0,1,1,1
12082,-1,0,1.2132874,0.7708801,1,1,unassigned,2.0,2.0,0.0,1.0,0.0,0.0,0.0,0.0,0,0,0,1,0
12083,-1,0,-0.7312597,0.32491836,0,1,unassigned,59.0,57.0,2.0,0.9661017,0.033898305,0.033898294,0.11025145,0.0037373372,0,0,0,0,0
12084,-1,0,-0.81974745,0.30581728,0,1,unassigned,34.0,34.0,0.0,1.0,0.0,0.0,0.061895553,0.0,0,0,0,0,0
12085,-1,0,0.46997243,0.6153772,1,1,unassigned,120.0,119.0,1.0,0.9916667,0.008333334,0.008333325,0.22823985,0.0019019989,0,0,0,1,0
12086,-1,1,4.0638695,0.9831079,1,1,unassigned,2.0,2.0,0.0,1.0,0.0,0.0,0.0,0.0,1,0,0,1,1
12087,-1,0,-0.6532232,0.34226355,0,1,unassigned,44.0,44.0,0.0,1.0,0.0,0.0,0.08123791,0.0,0,0,0,0,0
12088,-1,0,-0.70210916,0.33134475,0,1,unassigned,65.0,62.0,3.0,0.95384616,0.046153847,0.046153843,0.12185687,0.0056241634,0,0,0,0,0
12089,-1,0,-0.88150865,0.29286525,0,1,unassigned,85.0,84.0,1.0,0.9882353,0.011764706,0.011764705,0.16054158,0.0018887245,0,0,0,0,0
12090,-1,0,10.551187,0.9999739,1,1,unassigned,26.0,26.0,0.0,1.0,0.0,0.0,0.046421662,0.0,0,0,0,1,1
12091,0,1,-0.21651283,0.44608226,0,0,unassigned,19.0,18.0,1.0,0.94736844,0.05263158,0.052631557,0.032882012,0.0017306323,1,0,1,0,0
12092,-1,0,-0.94816184,0.27925462,0,1,unassigned,102.0,101.0,1.0,0.99019605,0.009803922,0.009803951,0.1934236,0.0018963099,0,0,0,0,0
12093,-1,0,-0.918898,0.28518248,0,1,unassigned,31.0,31.0,0.0,1.0,0.0,0.0,0.056092843,0.0,0,0,0,0,0
12094,1,0,-0.15819257,0.46053413,0,1,test,48.0,46.0,2.0,0.9583333,0.041666668,0.041666687,0.088974856,0.0037072857,0,0,0,0,0
12095,-1,0,-0.80816406,0.30828187,0,1,unassigned,71.0,70.0,1.0,0.9859155,0.014084507,0.014084518,0.13346228,0.0018797504,0,0,0,0,0
12096,-1,0,-0.63422906,0.3465522,0,1,unassigned,86.0,86.0,0.0,1.0,0.0,0.0,0.16247582,0.0,0,0,0,0,0
12097,-1,0,-0.80920327,0.3080603,0,1,unassigned,70.0,70.0,0.0,1.0,0.0,0.0,0.13152805,0.0,0,0,0,0,0
12098,-1,0,-0.8528851,0.298828,0,1,unassigned,20.0,18.0,2.0,0.9,0.1,0.100000024,0.034816246,0.0034816246,0,0,0,0,0
12099,-1,0,0.42114586,0.60375744,1,1,unassigned,7.0,2.0,5.0,0.2857143,0.71428573,0.71428573,0.00967118,0.0069079855,0,0,0,1,0
12100,-1,0,-0.8940271,0.29027948,0,1,unassigned,61.0,61.0,0.0,1.0,0.0,0.0,0.114119925,0.0,0,0,0,0,0
12101,1,0,-0.6087147,0.35235244,0,1,unassigned,54.0,51.0,3.0,0.9444444,0.055555556,0.055555582,0.10058027,0.0055877925,0,0,0,0,0
12102,1,1,0.92500955,0.7160617,1,0,test,14.0,9.0,5.0,0.64285713,0.35714287,0.35714287,0.023210831,0.008289583,1,0,1,1,0
12103,-1,0,0.26784223,0.56656307,1,1,unassigned,7.0,7.0,0.0,1.0,0.0,0.0,0.00967118,0.0,0,0,0,1,0
12104,-1,0,-0.5232819,0.37208515,0,1,unassigned,4.0,3.0,1.0,0.75,0.25,0.25,0.003868472,0.000967118,0,0,0,0,0
12105,-1,0,-0.02433753,0.49391595,0,1,unassigned,4.0,3.0,1.0,0.75,0.25,0.25,0.003868472,0.000967118,0,0,0,0,0
12106,-1,0,-0.5316136,0.3701406,0,1,unassigned,27.0,27.0,0.0,1.0,0.0,0.0,0.0483559,0.0,0,0,0,0,0
12107,-1,0,-0.08838296,0.47791865,0,1,unassigned,22.0,22.0,0.0,1.0,0.0,0.0,0.03868472,0.0,0,0,0,0,0
12108,1,1,0.8507202,0.7007182,1,0,test,13.0,8.0,5.0,0.61538464,0.3846154,0.38461536,0.021276595,0.008183306,1,0,1,1,0
12109,-1,0,0.08220726,0.52054024,1,1,unassigned,85.0,85.0,0.0,1.0,0.0,0.0,0.16054158,0.0,0,0,0,1,0
12110,-1,1,-0.49260986,0.37927896,0,1,unassigned,127.0,121.0,6.0,0.9527559,0.047244094,0.047244072,0.24177949,0.011422653,1,0,0,0,0
12111,-1,1,7.4219337,0.9994024,1,1,unassigned,30.0,30.0,0.0,1.0,0.0,0.0,0.054158606,0.0,1,0,0,1,1
12112,-1,1,2.6119714,0.93162805,1,1,unassigned,7.0,7.0,0.0,1.0,0.0,0.0,0.00967118,0.0,1,0,0,1,1
12113,-1,0,-0.26313335,0.43459362,0,1,unassigned,33.0,32.0,1.0,0.969697,0.030303031,0.030303001,0.059961315,0.0018170096,0,0,0,0,0
12114,-1,0,-0.35661346,0.4117796,0,1,unassigned,7.0,6.0,1.0,0.85714287,0.14285715,0.14285713,0.00967118,0.0013815971,0,0,0,0,0
12115,-1,0,-0.7290629,0.32540038,0,1,unassigned,92.0,88.0,4.0,0.95652175,0.04347826,0.04347825,0.17408124,0.0075687496,0,0,0,0,0
12116,-1,0,-0.4007383,0.40113497,0,1,unassigned,23.0,22.0,1.0,0.95652175,0.04347826,0.04347825,0.040618956,0.0017660416,0,0,0,0,0
12117,-1,0,-0.47438836,0.38357812,0,1,unassigned,21.0,20.0,1.0,0.95238096,0.04761905,0.047619045,0.036750484,0.0017500231,0,0,0,0,0
12118,-1,1,2.3561637,0.9134229,1,1,unassigned,24.0,19.0,5.0,0.7916667,0.20833333,0.20833331,0.04255319,0.0088652475,1,0,0,1,1
12119,0,0,-0.71561235,0.32835987,0,0,unassigned,39.0,39.0,0.0,1.0,0.0,0.0,0.07156673,0.0,0,0,1,0,0
12120,-1,0,-0.59119016,0.35636184,0,1,unassigned,31.0,31.0,0.0,1.0,0.0,0.0,0.056092843,0.0,0,0,0,0,0
12121,-1,0,0.072304666,0.5180683,1,1,unassigned,5.0,5.0,0.0,1.0,0.0,0.0,0.0058027077,0.0,0,0,0,1,0
12122,0,0,-0.54969615,0.36593488,0,0,unassigned,8.0,8.0,0.0,1.0,0.0,0.0,0.0116054155,0.0,0,0,1,0,0
12123,-1,0,0.93095547,0.71726906,1,1,unassigned,43.0,39.0,4.0,0.90697676,0.093023255,0.09302324,0.079303674,0.0073770857,0,0,0,1,0
12124,0,0,0.1985386,0.5494722,1,1,test,4.0,4.0,0.0,1.0,0.0,0.0,0.003868472,0.0,0,0,0,1,0
12125,0,0,-0.5913292,0.35632992,0,0,test,48.0,48.0,0.0,1.0,0.0,0.0,0.088974856,0.0,0,0,1,0,0
12126,-1,0,-0.5800969,0.3589103,0,1,unassigned,27.0,27.0,0.0,1.0,0.0,0.0,0.0483559,0.0,0,0,0,0,0
12127,1,0,3.9050305,0.98025733,1,0,val,7.0,7.0,0.0,1.0,0.0,0.0,0.00967118,0.0,0,0,1,1,1
12128,-1,0,0.45397133,0.61158305,1,1,unassigned,4.0,4.0,0.0,1.0,0.0,0.0,0.003868472,0.0,0,0,0,1,0
12129,-1,1,-0.25943995,0.43550137,0,1,unassigned,49.0,49.0,0.0,1.0,0.0,0.0,0.09090909,0.0,1,0,0,0,0
12130,-1,0,0.06818783,0.5170404,1,1,unassigned,7.0,7.0,0.0,1.0,0.0,0.0,0.00967118,0.0,0,0,0,1,0
12131,-1,0,-0.5223326,0.37230694,0,1,unassigned,28.0,26.0,2.0,0.9285714,0.071428575,0.0714286,0.050290134,0.0035921526,0,0,0,0,0
12132,-1,0,1.2254844,0.77302724,1,1,unassigned,9.0,8.0,1.0,0.8888889,0.11111111,0.111111104,0.013539651,0.0015044058,0,0,0,1,0
12133,-1,0,-0.662934,0.34008083,0,1,unassigned,43.0,41.0,2.0,0.95348835,0.046511628,0.04651165,0.079303674,0.0036885429,0,0,0,0,0
12134,0,0,-0.94216156,0.28046393,0,0,unassigned,25.0,25.0,0.0,1.0,0.0,0.0,0.044487428,0.0,0,0,1,0,0
12135,-1,0,0.92985207,0.71704525,1,1,unassigned,12.0,11.0,1.0,0.9166667,0.083333336,0.08333331,0.01934236,0.0016118633,0,0,0,1,0
12136,-1,0,7.5850663,0.9994923,1,1,unassigned,3.0,1.0,2.0,0.33333334,0.6666667,0.6666666,0.001934236,0.0012894907,0,0,0,1,1
12137,-1,0,-0.83393216,0.30281428,0,1,unassigned,43.0,43.0,0.0,1.0,0.0,0.0,0.079303674,0.0,0,0,0,0,0
12138,-1,0,-0.45578972,0.3879851,0,1,unassigned,25.0,25.0,0.0,1.0,0.0,0.0,0.044487428,0.0,0,0,0,0,0
12139,-1,0,-0.9681927,0.2752409,0,1,unassigned,21.0,20.0,1.0,0.95238096,0.04761905,0.047619045,0.036750484,0.0017500231,0,0,0,0,0
12140,-1,0,0.48234683,0.61830187,1,1,unassigned,5.0,5.0,0.0,1.0,0.0,0.0,0.0058027077,0.0,0,0,0,1,0
12141,-1,1,-0.72831345,0.32556495,0,1,unassigned,11.0,11.0,0.0,1.0,0.0,0.0,0.017408123,0.0,1,0,0,0,0
12142,-1,0,1.3462162,0.7935103,1,1,unassigned,48.0,47.0,1.0,0.9791667,0.020833334,0.020833313,0.088974856,0.0018536429,0,0,0,1,0
12143,-1,1,2.5650039,0.9285751,1,1,unassigned,8.0,8.0,0.0,1.0,0.0,0.0,0.0116054155,0.0,1,0,0,1,1
12144,-1,0,2.789139,0.9420861,1,1,unassigned,16.0,15.0,1.0,0.9375,0.0625,0.0625,0.027079303,0.0016924564,0,0,0,1,1
12145,-1,0,-0.95621717,0.27763623,0,1,unassigned,25.0,25.0,0.0,1.0,0.0,0.0,0.044487428,0.0,0,0,0,0,0
12146,-1,0,-0.9020122,0.28863716,0,1,unassigned,41.0,41.0,0.0,1.0,0.0,0.0,0.07543521,0.0,0,0,0,0,0
12147,1,1,4.738592,0.991325,1,0,test,2.0,2.0,0.0,1.0,0.0,0.0,0.0,0.0,1,0,1,1,1
12148,-1,1,8.027508,0.9996737,1,1,unassigned,4.0,3.0,1.0,0.75,0.25,0.25,0.003868472,0.000967118,1,0,0,1,1
12149,-1,0,3.5319712,0.9715839,1,1,unassigned,5.0,5.0,0.0,1.0,0.0,0.0,0.0058027077,0.0,0,0,0,1,1
12150,-1,1,-1.269373,0.21936461,0,1,unassigned,2.0,1.0,1.0,0.5,0.5,0.5,0.0,0.0,1,0,0,0,0
12151,-1,0,-0.6684291,0.33884868,0,1,unassigned,4.0,4.0,0.0,1.0,0.0,0.0,0.003868472,0.0,0,0,0,0,0
12152,-1,1,-0.085083455,0.47874194,0,1,unassigned,5.0,5.0,0.0,1.0,0.0,0.0,0.0058027077,0.0,1,0,0,0,0
12153,-1,1,-0.12220773,0.46948606,0,1,unassigned,9.0,9.0,0.0,1.0,0.0,0.0,0.013539651,0.0,1,0,0,0,0
12154,0,1,-0.433868,0.39320308,0,0,test,14.0,12.0,2.0,0.85714287,0.14285715,0.14285713,0.023210831,0.0033158332,1,0,1,0,0
12155,1,1,0.26572853,0.566044,1,0,unassigned,8.0,8.0,0.0,1.0,0.0,0.0,0.0116054155,0.0,1,0,1,1,0
12156,-1,0,-0.8474821,0.29996133,0,1,unassigned,68.0,68.0,0.0,1.0,0.0,0.0,0.12765957,0.0,0,0,0,0,0
12157,1,1,0.05442053,0.5136018,1,0,test,6.0,6.0,0.0,1.0,0.0,0.0,0.007736944,0.0,1,0,1,1,0
12158,-1,0,-0.8103954,0.30780622,0,1,unassigned,77.0,75.0,2.0,0.97402596,0.025974026,0.025974035,0.14506769,0.003767992,0,0,0,0,0
12159,-1,0,-0.70538604,0.33061916,0,1,unassigned,19.0,17.0,2.0,0.8947368,0.10526316,0.10526317,0.032882012,0.0034612645,0,0,0,0,0
12160,-1,0,2.2572458,0.9052737,1,1,unassigned,4.0,4.0,0.0,1.0,0.0,0.0,0.003868472,0.0,0,0,0,1,1
12161,-1,0,2.358425,0.9136015,1,1,unassigned,2.0,2.0,0.0,1.0,0.0,0.0,0.0,0.0,0,0,0,1,1
12162,-1,1,0.18683237,0.5465727,1,1,unassigned,4.0,4.0,0.0,1.0,0.0,0.0,0.003868472,0.0,1,0,0,1,0
12163,0,0,3.1135485,0.9574481,1,1,unassigned,50.0,35.0,15.0,0.7,0.3,0.3,0.092843324,0.027852999,0,0,0,1,1
12164,-1,1,0.07734966,0.51932776,1,1,unassigned,6.0,6.0,0.0,1.0,0.0,0.0,0.007736944,0.0,1,0,0,1,0
12165,1,0,3.6610787,0.9749394,1,0,unassigned,14.0,13.0,1.0,0.9285714,0.071428575,0.0714286,0.023210831,0.0016579166,0,0,1,1,1
12166,-1,0,-0.51254106,0.37459803,0,1,unassigned,14.0,13.0,1.0,0.9285714,0.071428575,0.0714286,0.023210831,0.0016579166,0,0,0,0,0
12167,-1,0,-0.41864434,0.39684117,0,1,unassigned,44.0,44.0,0.0,1.0,0.0,0.0,0.08123791,0.0,0,0,0,0,0
12168,-1,0,1.4988117,0.8173972,1,1,unassigned,24.0,23.0,1.0,0.9583333,0.041666668,0.041666687,0.04255319,0.0017730496,0,0,0,1,0
12169,-1,0,0.2866841,0.57118416,1,1,unassigned,30.0,28.0,2.0,0.93333334,0.06666667,0.06666666,0.054158606,0.003610574,0,0,0,1,0
12170,-1,1,-0.14086974,0.46484068,0,1,unassigned,6.0,6.0,0.0,1.0,0.0,0.0,0.007736944,0.0,1,0,0,0,0
12171,-1,0,1.2950342,0.78499806,1,1,unassigned,4.0,4.0,0.0,1.0,0.0,0.0,0.003868472,0.0,0,0,0,1,0
12172,-1,0,-0.58410573,0.35798842,0,1,unassigned,4.0,4.0,0.0,1.0,0.0,0.0,0.003868472,0.0,0,0,0,0,0
12173,-1,0,1.1865437,0.76612234,1,1,unassigned,39.0,38.0,1.0,0.974359,0.025641026,0.025641024,0.07156673,0.0018350444,0,0,0,1,0
12174,-1,0,0.19475979,0.5485366,1,1,unassigned,47.0,45.0,2.0,0.9574468,0.04255319,0.042553186,0.08704062,0.003703856,0,0,0,1,0
12175,-1,0,2.9528525,0.9503981,1,1,unassigned,7.0,7.0,0.0,1.0,0.0,0.0,0.00967118,0.0,0,0,0,1,1
12176,-1,0,-0.40194377,0.40084544,0,1,unassigned,2.0,2.0,0.0,1.0,0.0,0.0,0.0,0.0,0,0,0,0,0
12177,-1,0,-0.44266576,0.39110595,0,1,unassigned,29.0,29.0,0.0,1.0,0.0,0.0,0.05222437,0.0,0,0,0,0,0
12178,-1,0,10.839324,0.99998033,1,1,unassigned,10.0,9.0,1.0,0.9,0.1,0.100000024,0.015473888,0.0015473888,0,0,0,1,1
12179,-1,1,2.9770262,0.9515254,1,1,unassigned,8.0,8.0,0.0,1.0,0.0,0.0,0.0116054155,0.0,1,0,0,1,1
12180,-1,0,1.8328426,0.8621,1,1,unassigned,19.0,18.0,1.0,0.94736844,0.05263158,0.052631557,0.032882012,0.0017306323,0,0,0,1,0
12181,-1,0,-0.90743256,0.2875255,0,1,unassigned,30.0,30.0,0.0,1.0,0.0,0.0,0.054158606,0.0,0,0,0,0,0
12182,-1,0,-0.894275,0.2902284,0,1,unassigned,66.0,65.0,1.0,0.9848485,0.015151516,0.015151501,0.123791106,0.0018756229,0,0,0,0,0
12183,-1,0,0.0714522,0.51785547,1,1,unassigned,70.0,70.0,0.0,1.0,0.0,0.0,0.13152805,0.0,0,0,0,1,0
12184,-1,0,-0.7924377,0.3116455,0,1,unassigned,18.0,18.0,0.0,1.0,0.0,0.0,0.030947777,0.0,0,0,0,0,0
12185,1,0,0.6198388,0.6501819,1,0,unassigned,5.0,4.0,1.0,0.8,0.2,0.19999999,0.0058027077,0.0011605415,0,0,1,1,0
12186,-1,1,3.3549073,0.9662652,1,1,unassigned,12.0,12.0,0.0,1.0,0.0,0.0,0.01934236,0.0,1,0,0,1,1
12187,-1,0,-0.36704534,0.40925518,0,1,unassigned,16.0,16.0,0.0,1.0,0.0,0.0,0.027079303,0.0,0,0,0,0,0
12188,-1,0,-0.43856567,0.39208278,0,1,unassigned,48.0,47.0,1.0,0.9791667,0.020833334,0.020833313,0.088974856,0.0018536429,0,0,0,0,0
12189,-1,0,0.32809544,0.5812959,1,1,unassigned,8.0,8.0,0.0,1.0,0.0,0.0,0.0116054155,0.0,0,0,0,1,0
12190,0,0,2.0838916,0.88932765,1,1,test,3.0,3.0,0.0,1.0,0.0,0.0,0.001934236,0.0,0,0,0,1,0
12191,1,0,-0.084991425,0.47876492,0,1,unassigned,15.0,15.0,0.0,1.0,0.0,0.0,0.025145067,0.0,0,0,0,0,0
12192,0,1,-0.7953943,0.31101158,0,0,val,47.0,27.0,20.0,0.5744681,0.42553192,0.42553192,0.08704062,0.03703856,1,0,1,0,0
12193,-1,0,-0.7780528,0.3147397,0,1,unassigned,76.0,76.0,0.0,1.0,0.0,0.0,0.14313346,0.0,0,0,0,0,0
12194,-1,0,-0.9124456,0.28649965,0,1,unassigned,29.0,23.0,6.0,0.79310346,0.20689656,0.20689654,0.05222437,0.010805042,0,0,0,0,0
12195,-1,0,-0.7680401,0.3169032,0,1,unassigned,228.0,222.0,6.0,0.9736842,0.02631579,0.026315808,0.43713734,0.0115036145,0,0,0,0,0
12196,-1,0,-0.35908973,0.4111799,0,1,unassigned,2.0,2.0,0.0,1.0,0.0,0.0,0.0,0.0,0,0,0,0,0
12197,0,0,-0.84029174,0.30147335,0,0,unassigned,25.0,22.0,3.0,0.88,0.12,0.120000005,0.044487428,0.0053384914,0,0,1,0,0
12198,0,0,-0.9413742,0.28062287,0,0,val,5.0,5.0,0.0,1.0,0.0,0.0,0.0058027077,0.0,0,0,1,0,0
12199,-1,0,-0.18048885,0.4549999,0,1,unassigned,19.0,18.0,1.0,0.94736844,0.05263158,0.052631557,0.032882012,0.0017306323,0,0,0,0,0
12200,-1,0,1.63219,0.8364694,1,1,unassigned,20.0,19.0,1.0,0.95,0.05,0.050000012,0.034816246,0.0017408123,0,0,0,1,0
12201,-1,1,0.5566996,0.63568854,1,1,unassigned,37.0,35.0,2.0,0.9459459,0.054054055,0.05405408,0.06769826,0.0036593657,1,0,0,1,0
12202,-1,0,1.892153,0.8690008,1,1,unassigned,4.0,3.0,1.0,0.75,0.25,0.25,0.003868472,0.000967118,0,0,0,1,0
12203,-1,1,0.4915486,0.6204712,1,1,unassigned,7.0,7.0,0.0,1.0,0.0,0.0,0.00967118,0.0,1,0,0,1,0
12204,0,0,-0.9701966,0.2748413,0,0,test,11.0,11.0,0.0,1.0,0.0,0.0,0.017408123,0.0,0,0,1,0,0
12205,-1,0,-0.6464221,0.34379625,0,1,unassigned,8.0,8.0,0.0,1.0,0.0,0.0,0.0116054155,0.0,0,0,0,0,0
12206,-1,0,0.4953249,0.62136006,1,1,unassigned,3.0,3.0,0.0,1.0,0.0,0.0,0.001934236,0.0,0,0,0,1,0
12207,0,0,-0.86459374,0.29638046,0,0,unassigned,79.0,76.0,3.0,0.96202534,0.03797468,0.037974656,0.14893617,0.0056558037,0,0,1,0,0
12208,-1,0,-0.7325348,0.32463872,0,1,unassigned,66.0,65.0,1.0,0.9848485,0.015151516,0.015151501,0.123791106,0.0018756229,0,0,0,0,0
12209,-1,0,1.619437,0.83471745,1,1,unassigned,42.0,40.0,2.0,0.95238096,0.04761905,0.047619045,0.07736944,0.003684259,0,0,0,1,0
12210,-1,0,-0.77679646,0.31501073,0,1,unassigned,92.0,92.0,0.0,1.0,0.0,0.0,0.17408124,0.0,0,0,0,0,0
12211,-1,1,2.1384404,0.8945836,1,1,unassigned,9.0,9.0,0.0,1.0,0.0,0.0,0.013539651,0.0,1,0,0,1,0
12212,-1,0,-0.8550168,0.2983815,0,1,unassigned,41.0,39.0,2.0,0.9512195,0.048780486,0.0487805,0.07543521,0.003679766,0,0,0,0,0
12213,-1,0,6.73801,0.9988164,1,1,unassigned,12.0,11.0,1.0,0.9166667,0.083333336,0.08333331,0.01934236,0.0016118633,0,0,0,1,1
12214,-1,0,-0.5748955,0.360108,0,1,unassigned,80.0,78.0,2.0,0.975,0.025,0.024999976,0.15087041,0.0037717603,0,0,0,0,0
12215,-1,0,-0.6261699,0.34837952,0,1,unassigned,5.0,5.0,0.0,1.0,0.0,0.0,0.0058027077,0.0,0,0,0,0,0
12216,-1,1,0.7544108,0.68013906,1,1,unassigned,11.0,11.0,0.0,1.0,0.0,0.0,0.017408123,0.0,1,0,0,1,0
12217,-1,0,-1.0180289,0.26541153,0,1,unassigned,50.0,50.0,0.0,1.0,0.0,0.0,0.092843324,0.0,0,0,0,0,0
12218,-1,1,6.424791,0.99838173,1,1,unassigned,2.0,2.0,0.0,1.0,0.0,0.0,0.0,0.0,1,0,0,1,1
12219,-1,0,-0.5191315,0.37305537,0,1,unassigned,10.0,10.0,0.0,1.0,0.0,0.0,0.015473888,0.0,0,0,0,0,0
12220,-1,0,-0.3605473,0.4108271,0,1,unassigned,17.0,17.0,0.0,1.0,0.0,0.0,0.029013539,0.0,0,0,0,0,0
12221,-1,0,2.02053,0.8829358,1,1,unassigned,5.0,5.0,0.0,1.0,0.0,0.0,0.0058027077,0.0,0,0,0,1,0
12222,-1,0,-0.54758966,0.36642382,0,1,unassigned,23.0,23.0,0.0,1.0,0.0,0.0,0.040618956,0.0,0,0,0,0,0
12223,1,1,-0.27051204,0.4327814,0,1,unassigned,23.0,19.0,4.0,0.82608694,0.17391305,0.17391306,0.040618956,0.0070641665,1,0,0,0,0
12224,-1,0,-0.79303944,0.3115164,0,1,unassigned,62.0,56.0,6.0,0.9032258,0.09677419,0.09677422,0.116054155,0.011231047,0,0,0,0,0
12225,-1,0,-0.63587964,0.34617853,0,1,unassigned,48.0,48.0,0.0,1.0,0.0,0.0,0.088974856,0.0,0,0,0,0,0
12226,-1,0,-0.37727192,0.40678504,0,1,unassigned,28.0,28.0,0.0,1.0,0.0,0.0,0.050290134,0.0,0,0,0,0,0
12227,-1,0,0.3701616,0.591498,1,1,unassigned,15.0,15.0,0.0,1.0,0.0,0.0,0.025145067,0.0,0,0,0,1,0
12228,0,0,-0.3957932,0.40232348,0,0,test,28.0,28.0,0.0,1.0,0.0,0.0,0.050290134,0.0,0,0,1,0,0
12229,-1,1,-0.5351271,0.36932185,0,1,unassigned,50.0,49.0,1.0,0.98,0.02,0.01999998,0.092843324,0.0018568664,1,0,0,0,0
12230,-1,1,-0.2720798,0.4323966,0,1,unassigned,50.0,47.0,3.0,0.94,0.06,0.060000002,0.092843324,0.0055705993,1,0,0,0,0
12231,-1,0,-0.77934897,0.31446022,0,1,unassigned,35.0,35.0,0.0,1.0,0.0,0.0,0.06382979,0.0,0,0,0,0,0
12232,-1,0,-0.13266313,0.46688277,0,1,unassigned,6.0,6.0,0.0,1.0,0.0,0.0,0.007736944,0.0,0,0,0,0,0
12233,0,0,-0.35058314,0.41324103,0,0,unassigned,12.0,12.0,0.0,1.0,0.0,0.0,0.01934236,0.0,0,0,1,0,0
12234,-1,1,9.031847,0.99988043,1,1,unassigned,16.0,12.0,4.0,0.75,0.25,0.25,0.027079303,0.0067698257,1,0,0,1,1
12235,-1,0,0.7979105,0.68952733,1,1,unassigned,74.0,73.0,1.0,0.9864865,0.013513514,0.013513505,0.13926499,0.0018819593,0,0,0,1,0
12236,-1,0,-0.75964844,0.3187226,0,1,unassigned,13.0,11.0,2.0,0.84615386,0.15384616,0.15384614,0.021276595,0.0032733225,0,0,0,0,0
12237,-1,1,-0.7608272,0.31846672,0,1,unassigned,32.0,24.0,8.0,0.75,0.25,0.25,0.058027077,0.014506769,1,0,0,0,0
12238,1,0,-0.75194156,0.3203984,0,1,unassigned,79.0,77.0,2.0,0.9746835,0.025316456,0.025316477,0.14893617,0.003770536,0,0,0,0,0
12239,-1,1,-0.39294636,0.40300822,0,1,unassigned,13.0,13.0,0.0,1.0,0.0,0.0,0.021276595,0.0,1,0,0,0,0
12240,1,0,-0.49203286,0.3794148,0,1,val,3.0,3.0,0.0,1.0,0.0,0.0,0.001934236,0.0,0,0,0,0,0
12241,-1,1,-0.72952783,0.32529837,0,1,unassigned,11.0,11.0,0.0,1.0,0.0,0.0,0.017408123,0.0,1,0,0,0,0
12242,0,1,-0.8009298,0.30982664,0,0,val,19.0,19.0,0.0,1.0,0.0,0.0,0.032882012,0.0,1,0,1,0,0
12243,-1,0,-0.27175105,0.4324773,0,1,unassigned,21.0,20.0,1.0,0.95238096,0.04761905,0.047619045,0.036750484,0.0017500231,0,0,0,0,0
12244,-1,0,5.757858,0.9968521,1,1,unassigned,12.0,11.0,1.0,0.9166667,0.083333336,0.08333331,0.01934236,0.0016118633,0,0,0,1,1
12245,-1,1,3.932566,0.98078316,1,1,unassigned,2.0,2.0,0.0,1.0,0.0,0.0,0.0,0.0,1,0,0,1,1
12246,-1,0,-0.32015187,0.42063874,0,1,unassigned,11.0,11.0,0.0,1.0,0.0,0.0,0.017408123,0.0,0,0,0,0,0
12247,-1,0,-0.42412966,0.39552897,0,1,unassigned,18.0,18.0,0.0,1.0,0.0,0.0,0.030947777,0.0,0,0,0,0,0
12248,-1,0,-0.39179486,0.40328526,0,1,unassigned,6.0,6.0,0.0,1.0,0.0,0.0,0.007736944,0.0,0,0,0,0,0
12249,-1,1,1.7314775,0.84960127,1,1,unassigned,5.0,5.0,0.0,1.0,0.0,0.0,0.0058027077,0.0,1,0,0,1,0
12250,1,1,-0.20655358,0.44854444,0,1,test,6.0,6.0,0.0,1.0,0.0,0.0,0.007736944,0.0,1,0,0,0,0
12251,0,0,-0.5643071,0.36255145,0,0,unassigned,82.0,80.0,2.0,0.9756098,0.024390243,0.02439022,0.15473887,0.0037741186,0,0,1,0,0
12252,-1,0,-0.23164368,0.44234666,0,1,unassigned,7.0,7.0,0.0,1.0,0.0,0.0,0.00967118,0.0,0,0,0,0,0
12253,1,1,1.952847,0.8757568,1,0,unassigned,11.0,11.0,0.0,1.0,0.0,0.0,0.017408123,0.0,1,0,1,1,0
12254,-1,0,-0.6681006,0.33892226,0,1,unassigned,33.0,32.0,1.0,0.969697,0.030303031,0.030303001,0.059961315,0.0018170096,0,0,0,0,0
12255,-1,1,-0.1731841,0.45681188,0,1,unassigned,27.0,27.0,0.0,1.0,0.0,0.0,0.0483559,0.0,1,0,0,0,0
12256,-1,1,0.12842447,0.53206205,1,1,unassigned,15.0,15.0,0.0,1.0,0.0,0.0,0.025145067,0.0,1,0,0,1,0
12257,-1,0,-1.3127403,0.21202864,0,1,unassigned,2.0,2.0,0.0,1.0,0.0,0.0,0.0,0.0,0,0,0,0,0
12258,1,0,0.62923795,0.65231663,1,0,unassigned,9.0,9.0,0.0,1.0,0.0,0.0,0.013539651,0.0,0,0,1,1,0
12259,-1,1,-0.082333446,0.47942826,0,1,unassigned,204.0,189.0,15.0,0.9264706,0.073529415,0.07352942,0.39071566,0.028729094,1,0,0,0,0
12260,-1,0,-0.42321473,0.39574775,0,1,unassigned,4.0,4.0,0.0,1.0,0.0,0.0,0.003868472,0.0,0,0,0,0,0
12261,0,0,-0.80335224,0.3093089,0,0,unassigned,8.0,7.0,1.0,0.875,0.125,0.125,0.0116054155,0.0014506769,0,0,1,0,0
12262,1,0,0.5611543,0.6367196,1,0,val,2.0,2.0,0.0,1.0,0.0,0.0,0.0,0.0,0,0,1,1,0
12263,-1,0,-0.13091826,0.46731713,0,1,unassigned,43.0,42.0,1.0,0.9767442,0.023255814,0.023255825,0.079303674,0.0018442714,0,0,0,0,0
12264,-1,1,0.55051833,0.6342558,1,1,unassigned,5.0,5.0,0.0,1.0,0.0,0.0,0.0058027077,0.0,1,0,0,1,0
12265,-1,0,0.062152565,0.51553315,1,1,unassigned,4.0,3.0,1.0,0.75,0.25,0.25,0.003868472,0.000967118,0,0,0,1,0
12266,0,0,0.024618328,0.50615424,1,1,unassigned,12.0,12.0,0.0,1.0,0.0,0.0,0.01934236,0.0,0,0,0,1,0
12267,-1,0,3.418403,0.9682748,1,1,unassigned,2.0,2.0,0.0,1.0,0.0,0.0,0.0,0.0,0,0,0,1,1
12268,-1,0,-0.94974285,0.2789365,0,1,unassigned,94.0,94.0,0.0,1.0,0.0,0.0,0.17794971,0.0,0,0,0,0,0
12269,-1,1,0.48859006,0.6197742,1,1,unassigned,14.0,14.0,0.0,1.0,0.0,0.0,0.023210831,0.0,1,0,0,1,0
12270,-1,0,-0.5317272,0.37011418,0,1,unassigned,29.0,29.0,0.0,1.0,0.0,0.0,0.05222437,0.0,0,0,0,0,0
12271,0,0,-0.80080295,0.30985376,0,0,val,33.0,33.0,0.0,1.0,0.0,0.0,0.059961315,0.0,0,0,1,0,0
12272,-1,1,-0.32130122,0.42035863,0,1,unassigned,114.0,112.0,2.0,0.98245615,0.01754386,0.017543852,0.21663442,0.003800604,1,0,0,0,0
12273,-1,0,0.32021815,0.5793774,1,1,unassigned,59.0,59.0,0.0,1.0,0.0,0.0,0.11025145,0.0,0,0,0,1,0
12274,-1,1,-0.63613397,0.346121,0,1,unassigned,67.0,63.0,4.0,0.9402985,0.05970149,0.059701502,0.12572534,0.0075059906,1,0,0,0,0
12275,-1,0,0.018468797,0.5046171,1,1,unassigned,19.0,19.0,0.0,1.0,0.0,0.0,0.032882012,0.0,0,0,0,1,0
12276,-1,0,0.33390033,0.58270806,1,1,unassigned,8.0,8.0,0.0,1.0,0.0,0.0,0.0116054155,0.0,0,0,0,1,0
12277,-1,1,0.042191803,0.5105464,1,1,unassigned,32.0,21.0,11.0,0.65625,0.34375,0.34375,0.058027077,0.019946808,1,0,0,1,0
12278,1,1,-0.69671446,0.33254108,0,1,unassigned,14.0,14.0,0.0,1.0,0.0,0.0,0.023210831,0.0,1,0,0,0,0
12279,-1,0,-0.789365,0.31230503,0,1,unassigned,20.0,20.0,0.0,1.0,0.0,0.0,0.034816246,0.0,0,0,0,0,0
12280,-1,0,-0.14108995,0.46478587,0,1,unassigned,18.0,18.0,0.0,1.0,0.0,0.0,0.030947777,0.0,0,0,0,0,0
12281,-1,1,-0.059479058,0.4851346,0,1,unassigned,3.0,3.0,0.0,1.0,0.0,0.0,0.001934236,0.0,1,0,0,0,0
12282,-1,0,2.6161232,0.93189204,1,1,unassigned,3.0,3.0,0.0,1.0,0.0,0.0,0.001934236,0.0,0,0,0,1,1
12283,-1,0,14.246098,0.9999994,1,1,unassigned,2.0,1.0,1.0,0.5,0.5,0.5,0.0,0.0,0,0,0,1,1
12284,-1,1,2.256436,0.9052043,1,1,unassigned,18.0,18.0,0.0,1.0,0.0,0.0,0.030947777,0.0,1,0,0,1,1
12285,1,0,-0.15847915,0.46046296,0,1,test,33.0,32.0,1.0,0.969697,0.030303031,0.030303001,0.059961315,0.0018170096,0,0,0,0,0
12286,-1,0,-0.16052017,0.45995593,0,1,unassigned,40.0,40.0,0.0,1.0,0.0,0.0,0.07350097,0.0,0,0,0,0,0
12287,-1,1,4.7453485,0.9913829,1,1,unassigned,13.0,13.0,0.0,1.0,0.0,0.0,0.021276595,0.0,1,0,0,1,1
12288,-1,0,2.8359172,0.94458616,1,1,unassigned,12.0,12.0,0.0,1.0,0.0,0.0,0.01934236,0.0,0,0,0,1,1
12289,0,1,-0.47804257,0.38271445,0,0,test,40.0,39.0,1.0,0.975,0.025,0.024999976,0.07350097,0.0018375242,1,0,1,0,0
12290,-1,1,-0.6355745,0.34624758,0,1,unassigned,5.0,5.0,0.0,1.0,0.0,0.0,0.0058027077,0.0,1,0,0,0,0
12291,-1,1,2.812635,0.9433548,1,1,unassigned,19.0,19.0,0.0,1.0,0.0,0.0,0.032882012,0.0,1,0,0,1,1
12292,-1,0,-0.6000189,0.35433936,0,1,unassigned,2.0,2.0,0.0,1.0,0.0,0.0,0.0,0.0,0,0,0,0,0
12293,-1,0,-0.8169685,0.30640757,0,1,unassigned,93.0,89.0,4.0,0.9569892,0.043010753,0.04301077,0.17601547,0.0075705578,0,0,0,0,0
12294,-1,0,-0.2975946,0.4261456,0,1,unassigned,3.0,3.0,0.0,1.0,0.0,0.0,0.001934236,0.0,0,0,0,0,0
12295,-1,0,-0.9432894,0.28023636,0,1,unassigned,41.0,40.0,1.0,0.9756098,0.024390243,0.02439022,0.07543521,0.001839883,0,0,0,0,0
12296,-1,0,-0.38588828,0.4047075,0,1,unassigned,3.0,3.0,0.0,1.0,0.0,0.0,0.001934236,0.0,0,0,0,0,0
12297,-1,0,-0.7291168,0.32538858,0,1,unassigned,111.0,111.0,0.0,1.0,0.0,0.0,0.21083172,0.0,0,0,0,0,0
12298,-1,1,0.16150326,0.54028827,1,1,unassigned,2.0,2.0,0.0,1.0,0.0,0.0,0.0,0.0,1,0,0,1,0
12299,-1,0,-0.6828041,0.33563572,0,1,unassigned,58.0,58.0,0.0,1.0,0.0,0.0,0.10831721,0.0,0,0,0,0,0
12300,-1,0,-0.61876255,0.35006294,0,1,unassigned,4.0,4.0,0.0,1.0,0.0,0.0,0.003868472,0.0,0,0,0,0,0
12301,0,0,-0.8420806,0.30109677,0,0,unassigned,72.0,6.0,66.0,0.083333336,0.9166667,0.9166667,0.13539653,0.124113485,0,0,1,0,0
12302,-1,0,-0.66763747,0.33902603,0,1,unassigned,17.0,17.0,0.0,1.0,0.0,0.0,0.029013539,0.0,0,0,0,0,0
12303,-1,1,1.9203413,0.87217647,1,1,unassigned,2.0,1.0,1.0,0.5,0.5,0.5,0.0,0.0,1,0,0,1,0
12304,-1,0,-0.5906994,0.35647443,0,1,unassigned,41.0,41.0,0.0,1.0,0.0,0.0,0.07543521,0.0,0,0,0,0,0
12305,-1,0,1.5964527,0.83152205,1,1,unassigned,8.0,7.0,1.0,0.875,0.125,0.125,0.0116054155,0.0014506769,0,0,0,1,0
12306,-1,0,0.24451572,0.5608262,1,1,unassigned,50.0,48.0,2.0,0.96,0.04,0.04000002,0.092843324,0.0037137328,0,0,0,1,0
12307,-1,0,-0.5994921,0.35445988,0,1,unassigned,85.0,83.0,2.0,0.9764706,0.023529412,0.02352941,0.16054158,0.003777449,0,0,0,0,0
12308,-1,0,0.41073364,0.60126376,1,1,unassigned,5.0,5.0,0.0,1.0,0.0,0.0,0.0058027077,0.0,0,0,0,1,0
12309,-1,0,-0.9245008,0.2840417,0,1,unassigned,21.0,19.0,2.0,0.9047619,0.0952381,0.09523809,0.036750484,0.0035000462,0,0,0,0,0
12310,-1,0,-0.423634,0.39564747,0,1,unassigned,30.0,30.0,0.0,1.0,0.0,0.0,0.054158606,0.0,0,0,0,0,0
12311,-1,0,-0.9304491,0.2828336,0,1,unassigned,41.0,41.0,0.0,1.0,0.0,0.0,0.07543521,0.0,0,0,0,0,0
12312,-1,0,12.421396,0.99999595,1,1,unassigned,2.0,2.0,0.0,1.0,0.0,0.0,0.0,0.0,0,0,0,1,1
12313,-1,0,-0.9371781,0.28147072,0,1,unassigned,53.0,50.0,3.0,0.9433962,0.056603774,0.05660379,0.09864604,0.005583738,0,0,0,0,0
12314,1,0,-0.687305,0.33463287,0,1,unassigned,71.0,71.0,0.0,1.0,0.0,0.0,0.13346228,0.0,0,0,0,0,0
12315,-1,1,2.6408017,0.9334418,1,1,unassigned,6.0,5.0,1.0,0.8333333,0.16666667,0.16666669,0.007736944,0.0012894907,1,0,0,1,1
12316,-1,0,2.5310733,0.9262917,1,1,unassigned,2.0,2.0,0.0,1.0,0.0,0.0,0.0,0.0,0,0,0,1,1
12317,-1,0,8.051527,0.9996815,1,1,unassigned,20.0,11.0,9.0,0.55,0.45,0.45,0.034816246,0.01566731,0,0,0,1,1
12318,-1,0,-0.21227756,0.44712895,0,1,unassigned,31.0,31.0,0.0,1.0,0.0,0.0,0.056092843,0.0,0,0,0,0,0
12319,-1,1,2.9633892,0.9508925,1,1,unassigned,9.0,9.0,0.0,1.0,0.0,0.0,0.013539651,0.0,1,0,0,1,1
12320,1,0,-0.12761202,0.4681402,0,1,test,3.0,3.0,0.0,1.0,0.0,0.0,0.001934236,0.0,0,0,0,0,0
12321,1,0,5.5876193,0.99627006,1,0,unassigned,4.0,4.0,0.0,1.0,0.0,0.0,0.003868472,0.0,0,0,1,1,1
12322,-1,0,7.1282206,0.9991985,1,1,unassigned,2.0,1.0,1.0,0.5,0.5,0.5,0.0,0.0,0,0,0,1,1
12323,-1,0,0.47568756,0.6167291,1,1,unassigned,2.0,2.0,0.0,1.0,0.0,0.0,0.0,0.0,0,0,0,1,0
12324,-1,0,-0.51515555,0.3739857,0,1,unassigned,6.0,6.0,0.0,1.0,0.0,0.0,0.007736944,0.0,0,0,0,0,0
12325,-1,0,-0.32977045,0.4182965,0,1,unassigned,21.0,20.0,1.0,0.95238096,0.04761905,0.047619045,0.036750484,0.0017500231,0,0,0,0,0
12326,-1,1,-0.0729031,0.4817823,0,1,unassigned,55.0,47.0,8.0,0.8545455,0.14545454,0.14545453,0.102514505,0.0149112,1,0,0,0,0
12327,-1,1,4.6586394,0.9906096,1,1,unassigned,127.0,109.0,18.0,0.8582677,0.14173229,0.14173228,0.24177949,0.034267962,1,0,0,1,1
12328,-1,1,5.245239,0.99475515,1,1,unassigned,50.0,26.0,24.0,0.52,0.48,0.48000002,0.092843324,0.044564795,1,0,0,1,1
12329,-1,0,0.8024574,0.6904999,1,1,unassigned,3.0,3.0,0.0,1.0,0.0,0.0,0.001934236,0.0,0,0,0,1,0
12330,-1,0,0.61601824,0.64931244,1,1,unassigned,2.0,2.0,0.0,1.0,0.0,0.0,0.0,0.0,0,0,0,1,0
12331,-1,0,4.9489036,0.9929588,1,1,unassigned,2.0,2.0,0.0,1.0,0.0,0.0,0.0,0.0,0,0,0,1,1
12332,-1,0,-0.8882719,0.29146656,0,1,unassigned,110.0,109.0,1.0,0.9909091,0.009090909,0.0090909,0.20889749,0.001899068,0,0,0,0,0
12333,1,0,-0.049698472,0.4875779,0,1,val,14.0,14.0,0.0,1.0,0.0,0.0,0.023210831,0.0,0,0,0,0,0
12334,-1,0,1.7411423,0.8508321,1,1,unassigned,4.0,3.0,1.0,0.75,0.25,0.25,0.003868472,0.000967118,0,0,0,1,0
12335,0,0,-0.5367991,0.36893255,0,0,unassigned,9.0,8.0,1.0,0.8888889,0.11111111,0.111111104,0.013539651,0.0015044058,0,0,1,0,0
12336,-1,1,3.3568437,0.9663282,1,1,unassigned,6.0,6.0,0.0,1.0,0.0,0.0,0.007736944,0.0,1,0,0,1,1
12337,-1,0,-0.38371444,0.40523133,0,1,unassigned,7.0,7.0,0.0,1.0,0.0,0.0,0.00967118,0.0,0,0,0,0,0
12338,-1,1,2.8971632,0.947706,1,1,unassigned,3.0,3.0,0.0,1.0,0.0,0.0,0.001934236,0.0,1,0,0,1,1
12339,-1,0,-0.8791128,0.29336166,0,1,unassigned,20.0,19.0,1.0,0.95,0.05,0.050000012,0.034816246,0.0017408123,0,0,0,0,0
12340,-1,0,-0.56111723,0.363289,0,1,unassigned,31.0,30.0,1.0,0.9677419,0.032258064,0.032258093,0.056092843,0.0018094465,0,0,0,0,0
12341,1,0,0.62137145,0.6505304,1,0,train,11.0,11.0,0.0,1.0,0.0,0.0,0.017408123,0.0,0,0,1,1,0
12342,0,1,-0.60955614,0.35216045,0,0,unassigned,65.0,54.0,11.0,0.83076924,0.16923077,0.16923076,0.12185687,0.020621933,1,0,1,0,0
12343,-1,0,-0.021796405,0.49455112,0,1,unassigned,4.0,4.0,0.0,1.0,0.0,0.0,0.003868472,0.0,0,0,0,0,0
12344,1,0,1.7502232,0.851981,1,0,test,13.0,12.0,1.0,0.9230769,0.07692308,0.07692307,0.021276595,0.0016366612,0,0,1,1,0
12345,-1,0,4.0837255,0.98343444,1,1,unassigned,8.0,8.0,0.0,1.0,0.0,0.0,0.0116054155,0.0,0,0,0,1,1
12346,-1,0,0.24225217,0.5602686,1,1,unassigned,8.0,8.0,0.0,1.0,0.0,0.0,0.0116054155,0.0,0,0,0,1,0
12347,-1,1,8.838715,0.99985504,1,1,unassigned,12.0,7.0,5.0,0.5833333,0.41666666,0.4166667,0.01934236,0.008059316,1,0,0,1,1
12348,-1,0,-0.39226252,0.4031728,0,1,unassigned,21.0,21.0,0.0,1.0,0.0,0.0,0.036750484,0.0,0,0,0,0,0
12349,-1,0,2.8701122,0.946349,1,1,unassigned,9.0,9.0,0.0,1.0,0.0,0.0,0.013539651,0.0,0,0,0,1,1
12350,0,0,0.10325259,0.5257903,1,1,test,7.0,7.0,0.0,1.0,0.0,0.0,0.00967118,0.0,0,0,0,1,0
12351,-1,0,2.0477517,0.88572025,1,1,unassigned,19.0,19.0,0.0,1.0,0.0,0.0,0.032882012,0.0,0,0,0,1,0
12352,-1,0,-0.05176145,0.48706254,0,1,unassigned,14.0,14.0,0.0,1.0,0.0,0.0,0.023210831,0.0,0,0,0,0,0
12353,-1,1,6.5274467,0.99853945,1,1,unassigned,18.0,17.0,1.0,0.9444444,0.055555556,0.055555582,0.030947777,0.0017193209,1,0,0,1,1
12354,0,0,-0.7309623,0.3249836,0,0,unassigned,19.0,15.0,4.0,0.7894737,0.21052632,0.21052629,0.032882012,0.006922529,0,0,1,0,0
12355,-1,0,8.29765,0.9997509,1,1,unassigned,2.0,2.0,0.0,1.0,0.0,0.0,0.0,0.0,0,0,0,1,1
12356,-1,1,0.9254746,0.7161563,1,1,unassigned,2.0,2.0,0.0,1.0,0.0,0.0,0.0,0.0,1,0,0,1,0
12357,-1,0,1.8594363,0.8652312,1,1,unassigned,2.0,1.0,1.0,0.5,0.5,0.5,0.0,0.0,0,0,0,1,0
12358,-1,0,2.0516531,0.88611454,1,1,unassigned,7.0,5.0,2.0,0.71428573,0.2857143,0.28571427,0.00967118,0.0027631943,0,0,0,1,0
12359,1,0,-0.3336465,0.41735366,0,1,unassigned,23.0,22.0,1.0,0.95652175,0.04347826,0.04347825,0.040618956,0.0017660416,0,0,0,0,0
12360,-1,1,-0.020259798,0.49493524,0,1,unassigned,5.0,5.0,0.0,1.0,0.0,0.0,0.0058027077,0.0,1,0,0,0,0
12361,-1,1,5.7025676,0.9966737,1,1,unassigned,28.0,11.0,17.0,0.39285713,0.60714287,0.60714287,0.050290134,0.030533295,1,0,0,1,1
12362,-1,0,-0.340217,0.41575676,0,1,unassigned,51.0,50.0,1.0,0.98039216,0.019607844,0.019607842,0.09477756,0.0018583836,0,0,0,0,0
12363,-1,1,0.57204443,0.6392348,1,1,unassigned,7.0,6.0,1.0,0.85714287,0.14285715,0.14285713,0.00967118,0.0013815971,1,0,0,1,0
12364,-1,0,5.5766864,0.9962291,1,1,unassigned,3.0,3.0,0.0,1.0,0.0,0.0,0.001934236,0.0,0,0,0,1,1
12365,0,0,-0.6875355,0.33458152,0,0,val,32.0,31.0,1.0,0.96875,0.03125,0.03125,0.058027077,0.0018133462,0,0,1,0,0
12366,-1,0,2.8109853,0.9432665,1,1,unassigned,2.0,2.0,0.0,1.0,0.0,0.0,0.0,0.0,0,0,0,1,1
12367,-1,0,7.55012,0.9994742,1,1,unassigned,4.0,4.0,0.0,1.0,0.0,0.0,0.003868472,0.0,0,0,0,1,1
12368,-1,1,4.2326417,0.9856937,1,1,unassigned,7.0,3.0,4.0,0.42857143,0.5714286,0.57142854,0.00967118,0.0055263885,1,0,0,1,1
12369,-1,0,-0.5837954,0.35805973,0,1,unassigned,151.0,149.0,2.0,0.98675495,0.013245033,0.013245046,0.28820115,0.0038172337,0,0,0,0,0
12370,-1,1,-0.22211245,0.44469905,0,1,unassigned,42.0,40.0,2.0,0.95238096,0.04761905,0.047619045,0.07736944,0.003684259,1,0,0,0,0
12371,-1,1,4.1374803,0.98428774,1,1,unassigned,3.0,3.0,0.0,1.0,0.0,0.0,0.001934236,0.0,1,0,0,1,1
12372,-1,0,3.6746352,0.9752685,1,1,unassigned,6.0,5.0,1.0,0.8333333,0.16666667,0.16666669,0.007736944,0.0012894907,0,0,0,1,1
12373,-1,1,1.7368152,0.85028213,1,1,unassigned,3.0,3.0,0.0,1.0,0.0,0.0,0.001934236,0.0,1,0,0,1,0
12374,-1,0,-0.51486135,0.37405458,0,1,unassigned,36.0,36.0,0.0,1.0,0.0,0.0,0.065764025,0.0,0,0,0,0,0
12375,-1,0,0.30937034,0.57673156,1,1,unassigned,41.0,40.0,1.0,0.9756098,0.024390243,0.02439022,0.07543521,0.001839883,0,0,0,1,0
12376,-1,0,2.3037498,0.90918714,1,1,unassigned,4.0,4.0,0.0,1.0,0.0,0.0,0.003868472,0.0,0,0,0,1,1
12377,-1,0,0.21965903,0.554695,1,1,unassigned,28.0,28.0,0.0,1.0,0.0,0.0,0.050290134,0.0,0,0,0,1,0
12378,1,0,-0.8584733,0.2976584,0,1,test,5.0,5.0,0.0,1.0,0.0,0.0,0.0058027077,0.0,0,0,0,0,0
12379,-1,1,2.9647644,0.9509567,1,1,unassigned,2.0,1.0,1.0,0.5,0.5,0.5,0.0,0.0,1,0,0,1,1
12380,-1,1,-0.43547827,0.39281896,0,1,unassigned,16.0,15.0,1.0,0.9375,0.0625,0.0625,0.027079303,0.0016924564,1,0,0,0,0
12381,-1,1,0.58332103,0.6418312,1,1,unassigned,46.0,46.0,0.0,1.0,0.0,0.0,0.08510638,0.0,1,0,0,1,0
12382,-1,0,0.6048648,0.6467685,1,1,unassigned,45.0,42.0,3.0,0.93333334,0.06666667,0.06666666,0.08317215,0.00554481,0,0,0,1,0
12383,-1,0,-0.49316943,0.37914723,0,1,unassigned,2.0,2.0,0.0,1.0,0.0,0.0,0.0,0.0,0,0,0,0,0
12384,-1,0,-0.40113217,0.40104038,0,1,unassigned,55.0,50.0,5.0,0.90909094,0.09090909,0.090909064,0.102514505,0.009319501,0,0,0,0,0
12385,-1,0,2.099581,0.8908624,1,1,unassigned,3.0,3.0,0.0,1.0,0.0,0.0,0.001934236,0.0,0,0,0,1,0
12386,-1,0,-0.90940267,0.28712207,0,1,unassigned,18.0,18.0,0.0,1.0,0.0,0.0,0.030947777,0.0,0,0,0,0,0
12387,-1,0,-0.23751354,0.4408992,0,1,unassigned,9.0,9.0,0.0,1.0,0.0,0.0,0.013539651,0.0,0,0,0,0,0
12388,-1,0,-0.7274312,0.32575873,0,1,unassigned,34.0,34.0,0.0,1.0,0.0,0.0,0.061895553,0.0,0,0,0,0,0
12389,1,0,0.5287791,0.6291983,1,0,unassigned,10.0,10.0,0.0,1.0,0.0,0.0,0.015473888,0.0,0,0,1,1,0
12390,-1,0,-0.038569868,0.49035874,0,1,unassigned,3.0,3.0,0.0,1.0,0.0,0.0,0.001934236,0.0,0,0,0,0,0
12391,-1,0,0.75296944,0.67982537,1,1,unassigned,26.0,25.0,1.0,0.96153843,0.03846154,0.038461566,0.046421662,0.0017854486,0,0,0,1,0
12392,-1,0,0.77937585,0.68554556,1,1,unassigned,5.0,5.0,0.0,1.0,0.0,0.0,0.0058027077,0.0,0,0,0,1,0
12393,-1,0,1.0580966,0.7423266,1,1,unassigned,10.0,10.0,0.0,1.0,0.0,0.0,0.015473888,0.0,0,0,0,1,0
12394,-1,1,0.052229643,0.51305443,1,1,unassigned,7.0,7.0,0.0,1.0,0.0,0.0,0.00967118,0.0,1,0,0,1,0
12395,-1,1,1.583669,0.8297235,1,1,unassigned,13.0,13.0,0.0,1.0,0.0,0.0,0.021276595,0.0,1,0,0,1,0
12396,-1,0,3.1648858,0.9594913,1,1,unassigned,42.0,40.0,2.0,0.95238096,0.04761905,0.047619045,0.07736944,0.003684259,0,0,0,1,1
12397,-1,1,-0.6093041,0.35221797,0,1,unassigned,6.0,6.0,0.0,1.0,0.0,0.0,0.007736944,0.0,1,0,0,0,0
12398,-1,0,-0.23289806,0.44203725,0,1,unassigned,69.0,66.0,3.0,0.95652175,0.04347826,0.04347825,0.1295938,0.005634513,0,0,0,0,0
12399,-1,1,-0.6115055,0.35171586,0,1,unassigned,5.0,5.0,0.0,1.0,0.0,0.0,0.0058027077,0.0,1,0,0,0,0
12400,0,0,-0.15508813,0.4613055,0,0,test,21.0,21.0,0.0,1.0,0.0,0.0,0.036750484,0.0,0,0,1,0,0
12401,-1,0,-0.10885984,0.4728119,0,1,unassigned,49.0,49.0,0.0,1.0,0.0,0.0,0.09090909,0.0,0,0,0,0,0
12402,-1,0,-0.5674406,0.36182758,0,1,unassigned,24.0,24.0,0.0,1.0,0.0,0.0,0.04255319,0.0,0,0,0,0,0
12403,-1,0,-0.6165829,0.35055903,0,1,unassigned,31.0,31.0,0.0,1.0,0.0,0.0,0.056092843,0.0,0,0,0,0,0
12404,-1,0,-0.82313174,0.30509928,0,1,unassigned,22.0,22.0,0.0,1.0,0.0,0.0,0.03868472,0.0,0,0,0,0,0
12405,-1,0,-0.8373605,0.30209097,0,1,unassigned,51.0,49.0,2.0,0.9607843,0.039215688,0.039215684,0.09477756,0.0037167673,0,0,0,0,0
12406,-1,0,-0.7046192,0.33078888,0,1,unassigned,37.0,35.0,2.0,0.9459459,0.054054055,0.05405408,0.06769826,0.0036593657,0,0,0,0,0
12407,-1,0,-0.84218997,0.30107373,0,1,unassigned,41.0,39.0,2.0,0.9512195,0.048780486,0.0487805,0.07543521,0.003679766,0,0,0,0,0
12408,-1,1,-0.07222134,0.48195252,0,1,unassigned,128.0,119.0,9.0,0.9296875,0.0703125,0.0703125,0.24371374,0.017136123,1,0,0,0,0
12409,-1,0,-0.2541865,0.43679333,0,1,unassigned,57.0,56.0,1.0,0.98245615,0.01754386,0.017543852,0.10638298,0.0018663681,0,0,0,0,0
12410,-1,0,-0.9468843,0.27951184,0,1,unassigned,30.0,27.0,3.0,0.9,0.1,0.100000024,0.054158606,0.0054158606,0,0,0,0,0
12411,-1,0,1.3910687,0.80076283,1,1,unassigned,34.0,31.0,3.0,0.9117647,0.0882353,0.08823532,0.061895553,0.0054613724,0,0,0,1,0
12412,0,1,-0.8993009,0.28919417,0,0,unassigned,38.0,20.0,18.0,0.5263158,0.47368422,0.4736842,0.06963249,0.032983813,1,0,1,0,0
12413,-1,0,1.8944628,0.8692635,1,1,unassigned,5.0,5.0,0.0,1.0,0.0,0.0,0.0058027077,0.0,0,0,0,1,0
12414,-1,0,2.0396805,0.88490075,1,1,unassigned,7.0,7.0,0.0,1.0,0.0,0.0,0.00967118,0.0,0,0,0,1,0
12415,-1,0,0.9699375,0.725107,1,1,unassigned,18.0,18.0,0.0,1.0,0.0,0.0,0.030947777,0.0,0,0,0,1,0
12416,-1,1,-0.61045295,0.3519559,0,1,unassigned,144.0,139.0,5.0,0.9652778,0.034722224,0.03472221,0.2746615,0.009536859,1,0,0,0,0
12417,-1,1,0.08763975,0.52189595,1,1,unassigned,2.0,2.0,0.0,1.0,0.0,0.0,0.0,0.0,1,0,0,1,0
12418,1,1,5.466802,0.995793,1,0,val,6.0,6.0,0.0,1.0,0.0,0.0,0.007736944,0.0,1,0,1,1,1
12419,-1,0,0.7949708,0.6888976,1,1,unassigned,2.0,2.0,0.0,1.0,0.0,0.0,0.0,0.0,0,0,0,1,0
12420,-1,0,0.6257284,0.6515203,1,1,unassigned,2.0,2.0,0.0,1.0,0.0,0.0,0.0,0.0,0,0,0,1,0
12421,-1,0,14.620681,0.9999995,1,1,unassigned,2.0,2.0,0.0,1.0,0.0,0.0,0.0,0.0,0,0,0,1,1
12422,-1,1,-0.39457184,0.4026172,0,1,unassigned,22.0,22.0,0.0,1.0,0.0,0.0,0.03868472,0.0,1,0,0,0,0
12423,-1,1,-0.46949673,0.38473535,0,1,unassigned,35.0,34.0,1.0,0.9714286,0.028571429,0.028571427,0.06382979,0.0018237082,1,0,0,0,0
12424,0,1,-0.30307898,0.42480496,0,0,val,6.0,6.0,0.0,1.0,0.0,0.0,0.007736944,0.0,1,0,1,0,0
12425,0,0,1.087712,0.7479506,1,1,val,36.0,36.0,0.0,1.0,0.0,0.0,0.065764025,0.0,0,0,0,1,0
12426,-1,1,1.5639069,0.82691324,1,1,unassigned,29.0,28.0,1.0,0.9655172,0.03448276,0.034482777,0.05222437,0.0018008404,1,0,0,1,0
12427,-1,1,0.024895191,0.5062235,1,1,unassigned,60.0,57.0,3.0,0.95,0.05,0.050000012,0.11218569,0.0056092846,1,0,0,1,0
12428,-1,0,-0.539261,0.3683595,0,1,unassigned,14.0,14.0,0.0,1.0,0.0,0.0,0.023210831,0.0,0,0,0,0,0
12429,-1,1,0.01163727,0.5029093,1,1,unassigned,15.0,15.0,0.0,1.0,0.0,0.0,0.025145067,0.0,1,0,0,1,0
12430,-1,1,-0.21426696,0.44663727,0,1,unassigned,10.0,10.0,0.0,1.0,0.0,0.0,0.015473888,0.0,1,0,0,0,0
12431,-1,0,0.13912505,0.53472525,1,1,unassigned,4.0,4.0,0.0,1.0,0.0,0.0,0.003868472,0.0,0,0,0,1,0
12432,1,1,0.42379797,0.6043917,1,0,unassigned,10.0,10.0,0.0,1.0,0.0,0.0,0.015473888,0.0,1,0,1,1,0
12433,-1,0,9.874573,0.9999485,1,1,unassigned,2.0,1.0,1.0,0.5,0.5,0.5,0.0,0.0,0,0,0,1,1
12434,-1,1,4.6897993,0.99089515,1,1,unassigned,3.0,2.0,1.0,0.6666667,0.33333334,0.3333333,0.001934236,0.00064474536,1,0,0,1,1
12435,-1,0,0.8129659,0.69274116,1,1,unassigned,13.0,13.0,0.0,1.0,0.0,0.0,0.021276595,0.0,0,0,0,1,0
12436,-1,0,-0.93149257,0.282622,0,1,unassigned,31.0,31.0,0.0,1.0,0.0,0.0,0.056092843,0.0,0,0,0,0,0
12437,-1,0,-0.52010894,0.37282676,0,1,unassigned,34.0,34.0,0.0,1.0,0.0,0.0,0.061895553,0.0,0,0,0,0,0
12438,-1,0,1.1838522,0.7656398,1,1,unassigned,18.0,18.0,0.0,1.0,0.0,0.0,0.030947777,0.0,0,0,0,1,0
12439,-1,0,3.7972157,0.97805905,1,1,unassigned,4.0,4.0,0.0,1.0,0.0,0.0,0.003868472,0.0,0,0,0,1,1
12440,-1,0,6.4873033,0.99847966,1,1,unassigned,7.0,3.0,4.0,0.42857143,0.5714286,0.57142854,0.00967118,0.0055263885,0,0,0,1,1
12441,-1,1,-0.058941245,0.48526898,0,1,unassigned,56.0,51.0,5.0,0.91071427,0.08928572,0.08928573,0.10444874,0.009325781,1,0,0,0,0
12442,-1,1,1.8979096,0.8696548,1,1,unassigned,89.0,72.0,17.0,0.80898875,0.19101124,0.19101125,0.16827853,0.03214309,1,0,0,1,0
12443,-1,1,-0.4082552,0.3993306,0,1,unassigned,21.0,21.0,0.0,1.0,0.0,0.0,0.036750484,0.0,1,0,0,0,0
12444,-1,0,-1.1807945,0.23490937,0,1,unassigned,3.0,3.0,0.0,1.0,0.0,0.0,0.001934236,0.0,0,0,0,0,0
12445,-1,1,1.7042978,0.84609526,1,1,unassigned,3.0,2.0,1.0,0.6666667,0.33333334,0.3333333,0.001934236,0.00064474536,1,0,0,1,0
12446,-1,1,1.4738667,0.8136444,1,1,unassigned,39.0,39.0,0.0,1.0,0.0,0.0,0.07156673,0.0,1,0,0,1,0
12447,-1,1,3.6136515,0.97375417,1,1,unassigned,21.0,19.0,2.0,0.9047619,0.0952381,0.09523809,0.036750484,0.0035000462,1,0,0,1,1
12448,1,1,1.8194723,0.8605028,1,0,unassigned,7.0,7.0,0.0,1.0,0.0,0.0,0.00967118,0.0,1,0,1,1,0
12449,-1,1,5.449329,0.99571925,1,1,unassigned,24.0,24.0,0.0,1.0,0.0,0.0,0.04255319,0.0,1,0,0,1,1
12450,-1,0,2.7411182,0.9394098,1,1,unassigned,2.0,2.0,0.0,1.0,0.0,0.0,0.0,0.0,0,0,0,1,1
12451,-1,0,-0.36913106,0.408751,0,1,unassigned,24.0,23.0,1.0,0.9583333,0.041666668,0.041666687,0.04255319,0.0017730496,0,0,0,0,0
12452,-1,0,10.622499,0.9999757,1,1,unassigned,2.0,2.0,0.0,1.0,0.0,0.0,0.0,0.0,0,0,0,1,1
12453,0,0,-0.19992262,0.45018515,0,0,test,39.0,39.0,0.0,1.0,0.0,0.0,0.07156673,0.0,0,0,1,0,0
12454,-1,0,2.4388297,0.9197408,1,1,unassigned,4.0,4.0,0.0,1.0,0.0,0.0,0.003868472,0.0,0,0,0,1,1
12455,1,0,-0.30078447,0.4253657,0,1,test,29.0,28.0,1.0,0.9655172,0.03448276,0.034482777,0.05222437,0.0018008404,0,0,0,0,0
12456,-1,1,10.028341,0.9999559,1,1,unassigned,9.0,7.0,2.0,0.7777778,0.22222222,0.22222221,0.013539651,0.0030088115,1,0,0,1,1
12457,0,1,0.1332469,0.5332625,1,1,test,43.0,43.0,0.0,1.0,0.0,0.0,0.079303674,0.0,1,0,0,1,0
12458,-1,0,-0.5469286,0.3665773,0,1,unassigned,6.0,5.0,1.0,0.8333333,0.16666667,0.16666669,0.007736944,0.0012894907,0,0,0,0,0
12459,-1,0,-0.44849277,0.38971922,0,1,unassigned,86.0,86.0,0.0,1.0,0.0,0.0,0.16247582,0.0,0,0,0,0,0
12460,-1,0,-0.47864953,0.38257104,0,1,unassigned,54.0,53.0,1.0,0.9814815,0.018518519,0.018518507,0.10058027,0.0018625975,0,0,0,0,0
12461,-1,1,-0.6588397,0.3410003,0,1,unassigned,83.0,82.0,1.0,0.9879518,0.012048192,0.012048185,0.15667312,0.0018876279,1,0,0,0,0
12462,-1,0,1.5345542,0.8226717,1,1,unassigned,9.0,9.0,0.0,1.0,0.0,0.0,0.013539651,0.0,0,0,0,1,0
12463,-1,0,0.056270182,0.51406384,1,1,unassigned,15.0,15.0,0.0,1.0,0.0,0.0,0.025145067,0.0,0,0,0,1,0
12464,-1,0,-0.9317017,0.2825796,0,1,unassigned,51.0,51.0,0.0,1.0,0.0,0.0,0.09477756,0.0,0,0,0,0,0
12465,-1,0,0.21254724,0.5529377,1,1,unassigned,28.0,27.0,1.0,0.96428573,0.035714287,0.03571427,0.050290134,0.0017960763,0,0,0,1,0
12466,-1,1,-0.9335886,0.28219724,0,1,unassigned,8.0,6.0,2.0,0.75,0.25,0.25,0.0116054155,0.0029013539,1,0,0,0,0
12467,-1,1,3.5294993,0.97151554,1,1,unassigned,39.0,32.0,7.0,0.82051283,0.17948718,0.17948717,0.07156673,0.012845311,1,0,0,1,1
12468,-1,0,-0.25824624,0.43579483,0,1,unassigned,43.0,43.0,0.0,1.0,0.0,0.0,0.079303674,0.0,0,0,0,0,0
12469,0,1,-0.8790662,0.2933713,0,0,unassigned,45.0,30.0,15.0,0.6666667,0.33333334,0.3333333,0.08317215,0.02772405,1,0,1,0,0
12470,-1,0,0.7454241,0.67818075,1,1,unassigned,8.0,8.0,0.0,1.0,0.0,0.0,0.0116054155,0.0,0,0,0,1,0
12471,-1,0,-0.73284066,0.32457167,0,1,unassigned,211.0,211.0,0.0,1.0,0.0,0.0,0.40425533,0.0,0,0,0,0,0
12472,-1,0,0.88043183,0.7069117,1,1,unassigned,11.0,11.0,0.0,1.0,0.0,0.0,0.017408123,0.0,0,0,0,1,0
12473,-1,1,0.28157598,0.5699325,1,1,unassigned,31.0,26.0,5.0,0.83870965,0.16129032,0.16129035,0.056092843,0.009047233,1,0,0,1,0
12474,-1,0,-0.3455358,0.4144654,0,1,unassigned,3.0,3.0,0.0,1.0,0.0,0.0,0.001934236,0.0,0,0,0,0,0
12475,-1,0,-0.4162289,0.39741948,0,1,unassigned,2.0,2.0,0.0,1.0,0.0,0.0,0.0,0.0,0,0,0,0,0
12476,-1,0,-0.2152502,0.44639426,0,1,unassigned,21.0,20.0,1.0,0.95238096,0.04761905,0.047619045,0.036750484,0.0017500231,0,0,0,0,0
12477,-1,0,5.384075,0.9954319,1,1,unassigned,3.0,3.0,0.0,1.0,0.0,0.0,0.001934236,0.0,0,0,0,1,1
12478,-1,0,2.0402572,0.8849595,1,1,unassigned,2.0,2.0,0.0,1.0,0.0,0.0,0.0,0.0,0,0,0,1,0
12479,-1,1,-0.48766977,0.38044268,0,1,unassigned,53.0,51.0,2.0,0.9622642,0.03773585,0.03773582,0.09864604,0.0037224921,1,0,0,0,0
12480,-1,0,0.471407,0.6157167,1,1,unassigned,8.0,8.0,0.0,1.0,0.0,0.0,0.0116054155,0.0,0,0,0,1,0
12481,-1,0,-0.13184547,0.4670863,0,1,unassigned,28.0,28.0,0.0,1.0,0.0,0.0,0.050290134,0.0,0,0,0,0,0
12482,-1,0,-0.35591954,0.4119477,0,1,unassigned,2.0,2.0,0.0,1.0,0.0,0.0,0.0,0.0,0,0,0,0,0
12483,-1,0,2.8923562,0.94746727,1,1,unassigned,5.0,4.0,1.0,0.8,0.2,0.19999999,0.0058027077,0.0011605415,0,0,0,1,1
12484,1,0,5.6715693,0.9965694,1,0,unassigned,3.0,3.0,0.0,1.0,0.0,0.0,0.001934236,0.0,0,0,1,1,1
12485,1,0,-0.45066485,0.38920274,0,1,val,5.0,5.0,0.0,1.0,0.0,0.0,0.0058027077,0.0,0,0,0,0,0
12486,-1,0,-0.030932665,0.4922675,0,1,unassigned,8.0,8.0,0.0,1.0,0.0,0.0,0.0116054155,0.0,0,0,0,0,0
12487,-1,0,-0.50654113,0.37600473,0,1,unassigned,36.0,36.0,0.0,1.0,0.0,0.0,0.065764025,0.0,0,0,0,0,0
12488,-1,0,3.257314,0.9629351,1,1,unassigned,2.0,2.0,0.0,1.0,0.0,0.0,0.0,0.0,0,0,0,1,1
12489,-1,0,9.62603,0.99993396,1,1,unassigned,2.0,2.0,0.0,1.0,0.0,0.0,0.0,0.0,0,0,0,1,1
12490,-1,1,-0.6908621,0.33384132,0,1,unassigned,50.0,49.0,1.0,0.98,0.02,0.01999998,0.092843324,0.0018568664,1,0,0,0,0
12491,-1,0,-0.27548254,0.43156165,0,1,unassigned,50.0,46.0,4.0,0.92,0.08,0.07999998,0.092843324,0.0074274656,0,0,0,0,0
12492,-1,1,1.2559988,0.7783366,1,1,unassigned,15.0,15.0,0.0,1.0,0.0,0.0,0.025145067,0.0,1,0,0,1,0
12493,1,1,2.5942028,0.9304876,1,0,unassigned,43.0,40.0,3.0,0.9302326,0.069767445,0.069767416,0.079303674,0.0055328147,1,0,1,1,1
12494,-1,1,-0.18945989,0.4527762,0,1,unassigned,92.0,87.0,5.0,0.9456522,0.054347824,0.054347813,0.17408124,0.009460936,1,0,0,0,0
12495,-1,0,-0.80377895,0.30921775,0,1,unassigned,28.0,28.0,0.0,1.0,0.0,0.0,0.050290134,0.0,0,0,0,0,0
12496,1,0,-0.42077592,0.3963311,0,1,test,16.0,15.0,1.0,0.9375,0.0625,0.0625,0.027079303,0.0016924564,0,0,0,0,0
12497,-1,0,3.6327298,0.9742373,1,1,unassigned,6.0,5.0,1.0,0.8333333,0.16666667,0.16666669,0.007736944,0.0012894907,0,0,0,1,1
12498,-1,1,-0.7424551,0.3224675,0,1,unassigned,120.0,119.0,1.0,0.9916667,0.008333334,0.008333325,0.22823985,0.0019019989,1,0,0,0,0
12499,-1,0,3.7111099,0.9761331,1,1,unassigned,28.0,23.0,5.0,0.8214286,0.17857143,0.1785714,0.050290134,0.008980381,0,0,0,1,1
12500,-1,1,-0.55507815,0.36468706,0,1,unassigned,37.0,34.0,3.0,0.9189189,0.08108108,0.08108109,0.06769826,0.005489048,1,0,0,0,0
12501,-1,0,-0.44709298,0.39005214,0,1,unassigned,38.0,38.0,0.0,1.0,0.0,0.0,0.06963249,0.0,0,0,0,0,0
12502,0,0,-0.9074086,0.2875304,0,0,val,2.0,2.0,0.0,1.0,0.0,0.0,0.0,0.0,0,0,1,0,0
12503,-1,1,7.4454684,0.99941623,1,1,unassigned,21.0,18.0,3.0,0.85714287,0.14285715,0.14285713,0.036750484,0.0052500693,1,0,0,1,1
12504,-1,0,4.3230224,0.98691374,1,1,unassigned,5.0,5.0,0.0,1.0,0.0,0.0,0.0058027077,0.0,0,0,0,1,1
12505,-1,0,1.184063,0.7656776,1,1,unassigned,56.0,53.0,3.0,0.9464286,0.05357143,0.053571403,0.10444874,0.0055954685,0,0,0,1,0
12506,-1,0,4.351573,0.98727745,1,1,unassigned,4.0,3.0,1.0,0.75,0.25,0.25,0.003868472,0.000967118,0,0,0,1,1
12507,-1,0,-0.71105015,0.32936683,0,1,unassigned,4.0,4.0,0.0,1.0,0.0,0.0,0.003868472,0.0,0,0,0,0,0
12508,-1,0,-0.1450004,0.46381325,0,1,unassigned,18.0,18.0,0.0,1.0,0.0,0.0,0.030947777,0.0,0,0,0,0,0
12509,-1,0,-0.4644432,0.3859323,0,1,unassigned,49.0,49.0,0.0,1.0,0.0,0.0,0.09090909,0.0,0,0,0,0,0
12510,-1,0,0.53891593,0.63156027,1,1,unassigned,28.0,27.0,1.0,0.96428573,0.035714287,0.03571427,0.050290134,0.0017960763,0,0,0,1,0
12511,-1,0,0.2631955,0.56542164,1,1,unassigned,14.0,14.0,0.0,1.0,0.0,0.0,0.023210831,0.0,0,0,0,1,0
12512,-1,0,0.16940635,0.5422506,1,1,unassigned,19.0,19.0,0.0,1.0,0.0,0.0,0.032882012,0.0,0,0,0,1,0
12513,0,1,-0.5827017,0.35831118,0,0,unassigned,3.0,3.0,0.0,1.0,0.0,0.0,0.001934236,0.0,1,0,1,0,0
12514,-1,1,4.088143,0.98350626,1,1,unassigned,5.0,5.0,0.0,1.0,0.0,0.0,0.0058027077,0.0,1,0,0,1,1
12515,-1,1,-0.25134313,0.4374929,0,1,unassigned,3.0,3.0,0.0,1.0,0.0,0.0,0.001934236,0.0,1,0,0,0,0
12516,-1,0,-0.73780024,0.32348534,0,1,unassigned,36.0,32.0,4.0,0.8888889,0.11111111,0.111111104,0.065764025,0.007307114,0,0,0,0,0
12517,-1,1,4.206124,0.98531485,1,1,unassigned,12.0,12.0,0.0,1.0,0.0,0.0,0.01934236,0.0,1,0,0,1,1
12518,0,0,-0.31354824,0.4222489,0,0,val,4.0,4.0,0.0,1.0,0.0,0.0,0.003868472,0.0,0,0,1,0,0
12519,-1,1,0.53741735,0.6312114,1,1,unassigned,5.0,5.0,0.0,1.0,0.0,0.0,0.0058027077,0.0,1,0,0,1,0
12520,-1,0,-0.98180515,0.27253374,0,1,unassigned,47.0,47.0,0.0,1.0,0.0,0.0,0.08704062,0.0,0,0,0,0,0
12521,-1,0,-0.49494216,0.37873003,0,1,unassigned,35.0,34.0,1.0,0.9714286,0.028571429,0.028571427,0.06382979,0.0018237082,0,0,0,0,0
12522,-1,1,2.0751956,0.8884688,1,1,unassigned,10.0,10.0,0.0,1.0,0.0,0.0,0.015473888,0.0,1,0,0,1,0
12523,-1,0,-0.4891969,0.3800828,0,1,unassigned,43.0,43.0,0.0,1.0,0.0,0.0,0.079303674,0.0,0,0,0,0,0
12524,-1,1,0.575416,0.6400119,1,1,unassigned,10.0,6.0,4.0,0.6,0.4,0.39999998,0.015473888,0.0061895554,1,0,0,1,0
12525,-1,0,1.4238255,0.80593747,1,1,unassigned,11.0,11.0,0.0,1.0,0.0,0.0,0.017408123,0.0,0,0,0,1,0
12526,0,0,-0.43996745,0.39174873,0,0,unassigned,15.0,15.0,0.0,1.0,0.0,0.0,0.025145067,0.0,0,0,1,0,0
12527,-1,0,-0.9489141,0.27910325,0,1,unassigned,67.0,67.0,0.0,1.0,0.0,0.0,0.12572534,0.0,0,0,0,0,0
12528,-1,0,-0.74419296,0.32208794,0,1,unassigned,33.0,32.0,1.0,0.969697,0.030303031,0.030303001,0.059961315,0.0018170096,0,0,0,0,0
12529,-1,0,1.1405787,0.7577859,1,1,unassigned,10.0,10.0,0.0,1.0,0.0,0.0,0.015473888,0.0,0,0,0,1,0
12530,-1,0,-0.8181609,0.3061542,0,1,unassigned,72.0,72.0,0.0,1.0,0.0,0.0,0.13539653,0.0,0,0,0,0,0
12531,-1,0,-0.7226982,0.3267991,0,1,unassigned,158.0,157.0,1.0,0.9936709,0.006329114,0.006329119,0.30174083,0.0019097521,0,0,0,0,0
12532,-1,0,-0.7673182,0.31705952,0,1,unassigned,10.0,10.0,0.0,1.0,0.0,0.0,0.015473888,0.0,0,0,0,0,0
12533,-1,1,0.23917216,0.55950963,1,1,unassigned,15.0,15.0,0.0,1.0,0.0,0.0,0.025145067,0.0,1,0,0,1,0
12534,-1,0,1.3871324,0.80013406,1,1,unassigned,31.0,30.0,1.0,0.9677419,0.032258064,0.032258093,0.056092843,0.0018094465,0,0,0,1,0
12535,-1,1,1.1083508,0.7518215,1,1,unassigned,42.0,42.0,0.0,1.0,0.0,0.0,0.07736944,0.0,1,0,0,1,0
12536,-1,1,-0.66254306,0.3401686,0,1,unassigned,6.0,6.0,0.0,1.0,0.0,0.0,0.007736944,0.0,1,0,0,0,0
12537,-1,0,0.61166626,0.6483208,1,1,unassigned,8.0,8.0,0.0,1.0,0.0,0.0,0.0116054155,0.0,0,0,0,1,0
12538,-1,0,-0.26593822,0.4339045,0,1,unassigned,8.0,7.0,1.0,0.875,0.125,0.125,0.0116054155,0.0014506769,0,0,0,0,0
12539,-1,0,3.806083,0.9782485,1,1,unassigned,8.0,7.0,1.0,0.875,0.125,0.125,0.0116054155,0.0014506769,0,0,0,1,1
12540,-1,1,2.0634418,0.8872988,1,1,unassigned,3.0,2.0,1.0,0.6666667,0.33333334,0.3333333,0.001934236,0.00064474536,1,0,0,1,0
12541,-1,1,2.2850757,0.9076335,1,1,unassigned,6.0,4.0,2.0,0.6666667,0.33333334,0.3333333,0.007736944,0.0025789815,1,0,0,1,1
12542,-1,1,-0.05457449,0.48635972,0,1,unassigned,13.0,13.0,0.0,1.0,0.0,0.0,0.021276595,0.0,1,0,0,0,0
12543,1,0,-0.557915,0.36403,0,1,unassigned,28.0,27.0,1.0,0.96428573,0.035714287,0.03571427,0.050290134,0.0017960763,0,0,0,0,0
12544,1,0,4.2333436,0.9857035,1,0,test,14.0,14.0,0.0,1.0,0.0,0.0,0.023210831,0.0,0,0,1,1,1
12545,-1,0,-0.2635684,0.43448672,0,1,unassigned,7.0,7.0,0.0,1.0,0.0,0.0,0.00967118,0.0,0,0,0,0,0
12546,1,1,5.9699173,0.9974521,1,0,train,2.0,2.0,0.0,1.0,0.0,0.0,0.0,0.0,1,0,1,1,1
12547,-1,0,-0.7836231,0.31353953,0,1,unassigned,24.0,24.0,0.0,1.0,0.0,0.0,0.04255319,0.0,0,0,0,0,0
12548,-1,0,-0.90543807,0.28793424,0,1,unassigned,7.0,6.0,1.0,0.85714287,0.14285715,0.14285713,0.00967118,0.0013815971,0,0,0,0,0
12549,1,1,0.7294559,0.67468584,1,0,unassigned,4.0,4.0,0.0,1.0,0.0,0.0,0.003868472,0.0,1,0,1,1,0
12550,-1,0,-0.36600676,0.40950626,0,1,unassigned,4.0,4.0,0.0,1.0,0.0,0.0,0.003868472,0.0,0,0,0,0,0
12551,0,0,-0.79816306,0.3104186,0,0,test,20.0,19.0,1.0,0.95,0.05,0.050000012,0.034816246,0.0017408123,0,0,1,0,0
12552,-1,0,-0.15150046,0.46219718,0,1,unassigned,2.0,2.0,0.0,1.0,0.0,0.0,0.0,0.0,0,0,0,0,0
12553,-1,0,-0.17310864,0.45683056,0,1,unassigned,3.0,3.0,0.0,1.0,0.0,0.0,0.001934236,0.0,0,0,0,0,0
12554,-1,0,0.5297095,0.62941533,1,1,unassigned,3.0,3.0,0.0,1.0,0.0,0.0,0.001934236,0.0,0,0,0,1,0
12555,-1,0,-0.1768151,0.45591104,0,1,unassigned,4.0,4.0,0.0,1.0,0.0,0.0,0.003868472,0.0,0,0,0,0,0
12556,-1,0,2.501784,0.9242669,1,1,unassigned,4.0,4.0,0.0,1.0,0.0,0.0,0.003868472,0.0,0,0,0,1,1
12557,-1,0,-0.28302026,0.4297135,0,1,unassigned,38.0,38.0,0.0,1.0,0.0,0.0,0.06963249,0.0,0,0,0,0,0
12558,1,1,-0.21938816,0.4453719,0,1,unassigned,38.0,38.0,0.0,1.0,0.0,0.0,0.06963249,0.0,1,0,0,0,0
12559,-1,0,5.8077617,0.9970048,1,1,unassigned,9.0,7.0,2.0,0.7777778,0.22222222,0.22222221,0.013539651,0.0030088115,0,0,0,1,1
12560,-1,0,-0.6206707,0.34962893,0,1,unassigned,61.0,61.0,0.0,1.0,0.0,0.0,0.114119925,0.0,0,0,0,0,0
12561,-1,0,-0.594171,0.35567838,0,1,unassigned,18.0,17.0,1.0,0.9444444,0.055555556,0.055555582,0.030947777,0.0017193209,0,0,0,0,0
12562,-1,0,0.8790632,0.7066281,1,1,unassigned,15.0,13.0,2.0,0.8666667,0.13333334,0.13333333,0.025145067,0.0033526758,0,0,0,1,0
12563,-1,0,1.455961,0.8109141,1,1,unassigned,5.0,5.0,0.0,1.0,0.0,0.0,0.0058027077,0.0,0,0,0,1,0
12564,-1,1,6.330247,0.9982216,1,1,unassigned,9.0,8.0,1.0,0.8888889,0.11111111,0.111111104,0.013539651,0.0015044058,1,0,0,1,1
12565,-1,0,-0.38071433,0.40595463,0,1,unassigned,55.0,55.0,0.0,1.0,0.0,0.0,0.102514505,0.0,0,0,0,0,0
12566,-1,0,0.6690796,0.661297,1,1,unassigned,10.0,9.0,1.0,0.9,0.1,0.100000024,0.015473888,0.0015473888,0,0,0,1,0
12567,-1,0,19.139133,1.0,1,1,unassigned,95.0,95.0,0.0,1.0,0.0,0.0,0.17988394,0.0,0,0,0,1,1
12568,0,0,0.38339502,0.5946917,1,1,unassigned,31.0,31.0,0.0,1.0,0.0,0.0,0.056092843,0.0,0,0,0,1,0
12569,-1,0,0.9402141,0.7191429,1,1,unassigned,38.0,36.0,2.0,0.94736844,0.05263158,0.052631557,0.06963249,0.0036648682,0,0,0,1,0
12570,0,0,-0.50805265,0.37565014,0,0,val,30.0,30.0,0.0,1.0,0.0,0.0,0.054158606,0.0,0,0,1,0,0
12571,1,0,-0.24331146,0.43947044,0,1,unassigned,36.0,36.0,0.0,1.0,0.0,0.0,0.065764025,0.0,0,0,0,0,0
12572,-1,0,-0.1813702,0.45478132,0,1,unassigned,10.0,10.0,0.0,1.0,0.0,0.0,0.015473888,0.0,0,0,0,0,0
12573,-1,0,2.4166882,0.91809106,1,1,unassigned,9.0,9.0,0.0,1.0,0.0,0.0,0.013539651,0.0,0,0,0,1,1
12574,-1,0,0.18276685,0.54556495,1,1,unassigned,17.0,17.0,0.0,1.0,0.0,0.0,0.029013539,0.0,0,0,0,1,0
12575,-1,0,-0.6800102,0.336259,0,1,unassigned,18.0,18.0,0.0,1.0,0.0,0.0,0.030947777,0.0,0,0,0,0,0
12576,-1,0,4.502842,0.98904383,1,1,unassigned,19.0,19.0,0.0,1.0,0.0,0.0,0.032882012,0.0,0,0,0,1,1
12577,-1,0,1.8545773,0.86466366,1,1,unassigned,10.0,10.0,0.0,1.0,0.0,0.0,0.015473888,0.0,0,0,0,1,0
12578,1,0,1.5458357,0.82431144,1,0,unassigned,4.0,1.0,3.0,0.25,0.75,0.75,0.003868472,0.002901354,0,0,1,1,0
12579,-1,1,3.1414456,0.9585703,1,1,unassigned,49.0,34.0,15.0,0.6938776,0.30612245,0.30612242,0.09090909,0.027829316,1,0,0,1,1
12580,-1,1,2.7677822,0.9409098,1,1,unassigned,106.0,106.0,0.0,1.0,0.0,0.0,0.20116054,0.0,1,0,0,1,1
12581,-1,0,1.5278821,0.8216962,1,1,unassigned,25.0,25.0,0.0,1.0,0.0,0.0,0.044487428,0.0,0,0,0,1,0
12582,1,0,1.2405896,0.7756666,1,0,test,19.0,19.0,0.0,1.0,0.0,0.0,0.032882012,0.0,0,0,1,1,0
12583,-1,0,1.1671546,0.76263034,1,1,unassigned,17.0,16.0,1.0,0.9411765,0.05882353,0.058823526,0.029013539,0.0017066788,0,0,0,1,0
12584,-1,0,4.146484,0.98442644,1,1,unassigned,2.0,2.0,0.0,1.0,0.0,0.0,0.0,0.0,0,0,0,1,1
12585,-1,0,2.5523975,0.92773443,1,1,unassigned,2.0,2.0,0.0,1.0,0.0,0.0,0.0,0.0,0,0,0,1,1
12586,-1,1,2.5639524,0.9285053,1,1,unassigned,20.0,17.0,3.0,0.85,0.15,0.14999998,0.034816246,0.005222437,1,0,0,1,1
12587,-1,0,0.020181656,0.5050453,1,1,unassigned,2.0,2.0,0.0,1.0,0.0,0.0,0.0,0.0,0,0,0,1,0
12588,-1,0,0.63761836,0.65421486,1,1,unassigned,3.0,3.0,0.0,1.0,0.0,0.0,0.001934236,0.0,0,0,0,1,0
12589,-1,0,0.63761836,0.65421486,1,1,unassigned,3.0,3.0,0.0,1.0,0.0,0.0,0.001934236,0.0,0,0,0,1,0
12590,-1,0,0.63761836,0.65421486,1,1,unassigned,3.0,3.0,0.0,1.0,0.0,0.0,0.001934236,0.0,0,0,0,1,0
12591,-1,0,-0.819036,0.3059683,0,1,unassigned,99.0,99.0,0.0,1.0,0.0,0.0,0.1876209,0.0,0,0,0,0,0
12592,0,0,-0.8040385,0.30916232,0,0,unassigned,82.0,81.0,1.0,0.9878049,0.0121951215,0.01219511,0.15473887,0.0018870593,0,0,1,0,0
12593,-1,0,2.076903,0.88863796,1,1,unassigned,13.0,11.0,2.0,0.84615386,0.15384616,0.15384614,0.021276595,0.0032733225,0,0,0,1,0
12594,-1,0,6.7856193,0.9988714,1,1,unassigned,6.0,5.0,1.0,0.8333333,0.16666667,0.16666669,0.007736944,0.0012894907,0,0,0,1,1
12595,-1,1,-0.6084193,0.35241988,0,1,unassigned,3.0,3.0,0.0,1.0,0.0,0.0,0.001934236,0.0,1,0,0,0,0
12596,0,0,-0.6160104,0.35068935,0,0,unassigned,11.0,10.0,1.0,0.90909094,0.09090909,0.090909064,0.017408123,0.0015825568,0,0,1,0,0
12597,-1,0,-0.5348269,0.3693918,0,1,unassigned,26.0,25.0,1.0,0.96153843,0.03846154,0.038461566,0.046421662,0.0017854486,0,0,0,0,0
12598,-1,0,-0.406248,0.3998121,0,1,unassigned,79.0,79.0,0.0,1.0,0.0,0.0,0.14893617,0.0,0,0,0,0,0
12599,-1,1,9.387947,0.9999163,1,1,unassigned,2.0,2.0,0.0,1.0,0.0,0.0,0.0,0.0,1,0,0,1,1
12600,-1,1,1.5016255,0.81781673,1,1,unassigned,8.0,8.0,0.0,1.0,0.0,0.0,0.0116054155,0.0,1,0,0,1,0
12601,-1,0,-0.27698806,0.43119237,0,1,unassigned,4.0,4.0,0.0,1.0,0.0,0.0,0.003868472,0.0,0,0,0,0,0
12602,-1,0,-0.5076345,0.37574822,0,1,unassigned,25.0,24.0,1.0,0.96,0.04,0.04000002,0.044487428,0.001779497,0,0,0,0,0
12603,-1,0,-0.9700359,0.27487335,0,1,unassigned,25.0,25.0,0.0,1.0,0.0,0.0,0.044487428,0.0,0,0,0,0,0
12604,-1,0,-0.92599964,0.28373697,0,1,unassigned,6.0,5.0,1.0,0.8333333,0.16666667,0.16666669,0.007736944,0.0012894907,0,0,0,0,0
12605,-1,1,4.04873,0.9828546,1,1,unassigned,4.0,4.0,0.0,1.0,0.0,0.0,0.003868472,0.0,1,0,0,1,1
12606,-1,1,6.4088244,0.9983557,1,1,unassigned,13.0,13.0,0.0,1.0,0.0,0.0,0.021276595,0.0,1,0,0,1,1
12607,-1,0,0.23652792,0.5588578,1,1,unassigned,2.0,1.0,1.0,0.5,0.5,0.5,0.0,0.0,0,0,0,1,0
12608,-1,0,-0.49859703,0.37787044,0,1,unassigned,59.0,58.0,1.0,0.9830508,0.016949153,0.016949177,0.11025145,0.0018686686,0,0,0,0,0
12609,-1,0,1.3229105,0.7896656,1,1,unassigned,3.0,2.0,1.0,0.6666667,0.33333334,0.3333333,0.001934236,0.00064474536,0,0,0,1,0
12610,1,0,1.6088841,0.8332564,1,0,test,10.0,9.0,1.0,0.9,0.1,0.100000024,0.015473888,0.0015473888,0,0,1,1,0
12611,-1,0,-0.61469656,0.3509886,0,1,unassigned,110.0,110.0,0.0,1.0,0.0,0.0,0.20889749,0.0,0,0,0,0,0
12612,-1,0,0.23404336,0.55824524,1,1,unassigned,55.0,52.0,3.0,0.94545454,0.054545455,0.054545462,0.102514505,0.0055917003,0,0,0,1,0
12613,-1,0,-0.54834217,0.3662491,0,1,unassigned,16.0,16.0,0.0,1.0,0.0,0.0,0.027079303,0.0,0,0,0,0,0
12614,1,0,-0.14968508,0.46264842,0,1,test,9.0,7.0,2.0,0.7777778,0.22222222,0.22222221,0.013539651,0.0030088115,0,0,0,0,0
12615,-1,0,3.738047,0.9767528,1,1,unassigned,15.0,15.0,0.0,1.0,0.0,0.0,0.025145067,0.0,0,0,0,1,1
12616,-1,1,-0.28213334,0.42993087,0,1,unassigned,56.0,54.0,2.0,0.96428573,0.035714287,0.03571427,0.10444874,0.0037303125,1,0,0,0,0
12617,-1,0,0.0012260079,0.5003065,1,1,unassigned,9.0,9.0,0.0,1.0,0.0,0.0,0.013539651,0.0,0,0,0,1,0
12618,-1,0,1.8175962,0.8602774,1,1,unassigned,3.0,3.0,0.0,1.0,0.0,0.0,0.001934236,0.0,0,0,0,1,0
12619,-1,0,0.99361855,0.7298021,1,1,unassigned,6.0,5.0,1.0,0.8333333,0.16666667,0.16666669,0.007736944,0.0012894907,0,0,0,1,0
12620,-1,0,1.7463653,0.8514937,1,1,unassigned,13.0,13.0,0.0,1.0,0.0,0.0,0.021276595,0.0,0,0,0,1,0
12621,1,0,1.4547594,0.8107298,1,0,unassigned,51.0,48.0,3.0,0.9411765,0.05882353,0.058823526,0.09477756,0.0055751507,0,0,1,1,0
12622,-1,0,1.6629436,0.8406328,1,1,unassigned,7.0,7.0,0.0,1.0,0.0,0.0,0.00967118,0.0,0,0,0,1,0
12623,-1,1,2.205601,0.90075135,1,1,unassigned,2.0,2.0,0.0,1.0,0.0,0.0,0.0,0.0,1,0,0,1,1
12624,-1,0,-0.62933666,0.34766093,0,1,unassigned,14.0,14.0,0.0,1.0,0.0,0.0,0.023210831,0.0,0,0,0,0,0
12625,-1,0,0.8710819,0.7049708,1,1,unassigned,19.0,17.0,2.0,0.8947368,0.10526316,0.10526317,0.032882012,0.0034612645,0,0,0,1,0
12626,-1,1,0.9653507,0.72419184,1,1,unassigned,3.0,2.0,1.0,0.6666667,0.33333334,0.3333333,0.001934236,0.00064474536,1,0,0,1,0
12627,-1,0,-0.35635367,0.41184253,0,1,unassigned,2.0,2.0,0.0,1.0,0.0,0.0,0.0,0.0,0,0,0,0,0
12628,-1,0,3.0536597,0.95494026,1,1,unassigned,3.0,3.0,0.0,1.0,0.0,0.0,0.001934236,0.0,0,0,0,1,1
12629,-1,0,6.7386584,0.9988172,1,1,unassigned,3.0,3.0,0.0,1.0,0.0,0.0,0.001934236,0.0,0,0,0,1,1
12630,-1,0,-0.5422039,0.36767507,0,1,unassigned,42.0,40.0,2.0,0.95238096,0.04761905,0.047619045,0.07736944,0.003684259,0,0,0,0,0
12631,-1,0,-0.17356545,0.45671725,0,1,unassigned,11.0,11.0,0.0,1.0,0.0,0.0,0.017408123,0.0,0,0,0,0,0
12632,0,0,-0.9084004,0.28732726,0,0,unassigned,67.0,67.0,0.0,1.0,0.0,0.0,0.12572534,0.0,0,0,1,0,0
12633,-1,0,-0.950073,0.27887014,0,1,unassigned,25.0,25.0,0.0,1.0,0.0,0.0,0.044487428,0.0,0,0,0,0,0
12634,-1,0,0.17190379,0.5428704,1,1,unassigned,59.0,59.0,0.0,1.0,0.0,0.0,0.11025145,0.0,0,0,0,1,0
12635,-1,0,-0.008947492,0.49776313,0,1,unassigned,19.0,18.0,1.0,0.94736844,0.05263158,0.052631557,0.032882012,0.0017306323,0,0,0,0,0
12636,-1,0,0.054024816,0.51350296,1,1,unassigned,25.0,25.0,0.0,1.0,0.0,0.0,0.044487428,0.0,0,0,0,1,0
12637,-1,0,-0.8801615,0.29314432,0,1,unassigned,16.0,16.0,0.0,1.0,0.0,0.0,0.027079303,0.0,0,0,0,0,0
12638,-1,0,-0.92161334,0.28462926,0,1,unassigned,25.0,25.0,0.0,1.0,0.0,0.0,0.044487428,0.0,0,0,0,0,0
12639,-1,0,-0.23078054,0.44255957,0,1,unassigned,23.0,23.0,0.0,1.0,0.0,0.0,0.040618956,0.0,0,0,0,0,0
12640,-1,0,-0.54232615,0.36764663,0,1,unassigned,67.0,66.0,1.0,0.98507464,0.014925373,0.014925361,0.12572534,0.0018764976,0,0,0,0,0
12641,-1,0,-0.8492229,0.2995959,0,1,unassigned,102.0,101.0,1.0,0.99019605,0.009803922,0.009803951,0.1934236,0.0018963099,0,0,0,0,0
12642,-1,0,2.8445857,0.9450381,1,1,unassigned,3.0,1.0,2.0,0.33333334,0.6666667,0.6666666,0.001934236,0.0012894907,0,0,0,1,1
12643,-1,0,5.156624,0.9942719,1,1,unassigned,2.0,2.0,0.0,1.0,0.0,0.0,0.0,0.0,0,0,0,1,1
12644,-1,0,1.4616816,0.81178975,1,1,unassigned,4.0,4.0,0.0,1.0,0.0,0.0,0.003868472,0.0,0,0,0,1,0
12645,0,1,0.31968385,0.5792472,1,1,val,18.0,14.0,4.0,0.7777778,0.22222222,0.22222221,0.030947777,0.0068772836,1,0,0,1,0
12646,-1,1,4.615639,0.9902012,1,1,unassigned,7.0,6.0,1.0,0.85714287,0.14285715,0.14285713,0.00967118,0.0013815971,1,0,0,1,1
12647,-1,0,2.1156056,0.8924107,1,1,unassigned,11.0,11.0,0.0,1.0,0.0,0.0,0.017408123,0.0,0,0,0,1,0
12648,-1,0,-0.7409972,0.32278612,0,1,unassigned,32.0,30.0,2.0,0.9375,0.0625,0.0625,0.058027077,0.0036266923,0,0,0,0,0
12649,-1,0,1.1152496,0.75310653,1,1,unassigned,13.0,13.0,0.0,1.0,0.0,0.0,0.021276595,0.0,0,0,0,1,0
12650,0,0,1.2368009,0.7750067,1,1,test,25.0,23.0,2.0,0.92,0.08,0.07999998,0.044487428,0.003558994,0,0,0,1,0
12651,-1,0,5.678487,0.99659294,1,1,unassigned,3.0,2.0,1.0,0.6666667,0.33333334,0.3333333,0.001934236,0.00064474536,0,0,0,1,1
12652,-1,1,3.1751568,0.95988864,1,1,unassigned,4.0,4.0,0.0,1.0,0.0,0.0,0.003868472,0.0,1,0,0,1,1
12653,-1,0,3.006357,0.9528605,1,1,unassigned,2.0,2.0,0.0,1.0,0.0,0.0,0.0,0.0,0,0,0,1,1
12654,-1,0,0.010889709,0.5027224,1,1,unassigned,3.0,3.0,0.0,1.0,0.0,0.0,0.001934236,0.0,0,0,0,1,0
12655,-1,0,-0.8314618,0.30333608,0,1,unassigned,109.0,109.0,0.0,1.0,0.0,0.0,0.20696326,0.0,0,0,0,0,0
12656,-1,0,-0.88098836,0.292973,0,1,unassigned,26.0,26.0,0.0,1.0,0.0,0.0,0.046421662,0.0,0,0,0,0,0
12657,-1,0,-0.8161414,0.30658334,0,1,unassigned,48.0,48.0,0.0,1.0,0.0,0.0,0.088974856,0.0,0,0,0,0,0
12658,-1,0,-0.49213928,0.37938976,0,1,unassigned,3.0,3.0,0.0,1.0,0.0,0.0,0.001934236,0.0,0,0,0,0,0
12659,-1,0,-0.8820074,0.29276195,0,1,unassigned,21.0,21.0,0.0,1.0,0.0,0.0,0.036750484,0.0,0,0,0,0,0
12660,-1,0,0.8492879,0.70041776,1,1,unassigned,33.0,33.0,0.0,1.0,0.0,0.0,0.059961315,0.0,0,0,0,1,0
12661,-1,0,-0.916794,0.28561157,0,1,unassigned,17.0,17.0,0.0,1.0,0.0,0.0,0.029013539,0.0,0,0,0,0,0
12662,-1,1,8.570547,0.9998104,1,1,unassigned,4.0,4.0,0.0,1.0,0.0,0.0,0.003868472,0.0,1,0,0,1,1
12663,-1,0,-0.7953868,0.3110132,0,1,unassigned,53.0,53.0,0.0,1.0,0.0,0.0,0.09864604,0.0,0,0,0,0,0
12664,-1,1,2.4398212,0.9198139,1,1,unassigned,2.0,2.0,0.0,1.0,0.0,0.0,0.0,0.0,1,0,0,1,1
12665,-1,0,-0.81822205,0.3061412,0,1,unassigned,207.0,207.0,0.0,1.0,0.0,0.0,0.39651838,0.0,0,0,0,0,0
12666,-1,0,-0.7855093,0.31313372,0,1,unassigned,85.0,85.0,0.0,1.0,0.0,0.0,0.16054158,0.0,0,0,0,0,0
12667,-1,0,-0.80547696,0.30885518,0,1,unassigned,43.0,43.0,0.0,1.0,0.0,0.0,0.079303674,0.0,0,0,0,0,0
12668,-1,0,-0.8240419,0.30490637,0,1,unassigned,61.0,61.0,0.0,1.0,0.0,0.0,0.114119925,0.0,0,0,0,0,0
12669,-1,0,-0.3287587,0.41854268,0,1,unassigned,3.0,2.0,1.0,0.6666667,0.33333334,0.3333333,0.001934236,0.00064474536,0,0,0,0,0
12670,-1,1,2.0296662,0.8838768,1,1,unassigned,125.0,120.0,5.0,0.96,0.04,0.04000002,0.23791103,0.009516441,1,0,0,1,0
12671,-1,0,-0.84872043,0.29970133,0,1,unassigned,33.0,33.0,0.0,1.0,0.0,0.0,0.059961315,0.0,0,0,0,0,0
12672,-1,0,2.942879,0.94992584,1,1,unassigned,7.0,7.0,0.0,1.0,0.0,0.0,0.00967118,0.0,0,0,0,1,1
12673,1,0,6.353609,0.9982626,1,0,val,10.0,6.0,4.0,0.6,0.4,0.39999998,0.015473888,0.0061895554,0,0,1,1,1
12674,-1,0,0.3544563,0.5876978,1,1,unassigned,10.0,10.0,0.0,1.0,0.0,0.0,0.015473888,0.0,0,0,0,1,0
12675,1,0,1.8945422,0.8692726,1,0,val,4.0,4.0,0.0,1.0,0.0,0.0,0.003868472,0.0,0,0,1,1,0
12676,-1,0,2.1114862,0.8920146,1,1,unassigned,20.0,20.0,0.0,1.0,0.0,0.0,0.034816246,0.0,0,0,0,1,0
12677,-1,0,0.6043189,0.6466438,1,1,unassigned,11.0,11.0,0.0,1.0,0.0,0.0,0.017408123,0.0,0,0,0,1,0
12678,1,1,0.24976379,0.56211835,1,0,unassigned,13.0,12.0,1.0,0.9230769,0.07692308,0.07692307,0.021276595,0.0016366612,1,0,1,1,0
12679,-1,0,7.912089,0.9996338,1,1,unassigned,3.0,3.0,0.0,1.0,0.0,0.0,0.001934236,0.0,0,0,0,1,1
12680,1,0,0.6034325,0.6464412,1,0,train,2.0,2.0,0.0,1.0,0.0,0.0,0.0,0.0,0,0,1,1,0
12681,-1,0,4.282249,0.9863766,1,1,unassigned,4.0,4.0,0.0,1.0,0.0,0.0,0.003868472,0.0,0,0,0,1,1
12682,-1,0,-0.05330366,0.48667723,0,1,unassigned,49.0,47.0,2.0,0.9591837,0.040816326,0.040816307,0.09090909,0.0037105752,0,0,0,0,0
12683,-1,0,0.3115993,0.5772756,1,1,unassigned,2.0,1.0,1.0,0.5,0.5,0.5,0.0,0.0,0,0,0,1,0
12684,-1,0,1.424741,0.8060806,1,1,unassigned,2.0,2.0,0.0,1.0,0.0,0.0,0.0,0.0,0,0,0,1,0
12685,-1,0,5.436522,0.9956643,1,1,unassigned,23.0,23.0,0.0,1.0,0.0,0.0,0.040618956,0.0,0,0,0,1,1
12686,-1,1,0.081196904,0.5202881,1,1,unassigned,6.0,6.0,0.0,1.0,0.0,0.0,0.007736944,0.0,1,0,0,1,0
12687,-1,1,-0.46902072,0.38484803,0,1,unassigned,2.0,2.0,0.0,1.0,0.0,0.0,0.0,0.0,1,0,0,0,0
12688,-1,0,-0.42211777,0.3960101,0,1,unassigned,6.0,6.0,0.0,1.0,0.0,0.0,0.007736944,0.0,0,0,0,0,0
12689,-1,0,0.037885368,0.50947016,1,1,unassigned,9.0,9.0,0.0,1.0,0.0,0.0,0.013539651,0.0,0,0,0,1,0
12690,0,1,-0.86596507,0.29609457,0,0,val,2.0,2.0,0.0,1.0,0.0,0.0,0.0,0.0,1,0,1,0,0
12691,-1,1,-0.109116554,0.4727479,0,1,unassigned,2.0,2.0,0.0,1.0,0.0,0.0,0.0,0.0,1,0,0,0,0
12692,-1,1,-0.27633703,0.43135202,0,1,unassigned,10.0,7.0,3.0,0.7,0.3,0.3,0.015473888,0.0046421667,1,0,0,0,0
12693,-1,1,5.2829604,0.99494827,1,1,unassigned,9.0,8.0,1.0,0.8888889,0.11111111,0.111111104,0.013539651,0.0015044058,1,0,0,1,1
12694,-1,0,0.37262285,0.5920926,1,1,unassigned,2.0,2.0,0.0,1.0,0.0,0.0,0.0,0.0,0,0,0,1,0
12695,-1,1,10.959854,0.9999826,1,1,unassigned,4.0,3.0,1.0,0.75,0.25,0.25,0.003868472,0.000967118,1,0,0,1,1
12696,-1,0,-0.8621466,0.29689106,0,1,unassigned,63.0,63.0,0.0,1.0,0.0,0.0,0.11798839,0.0,0,0,0,0,0
12697,0,0,-0.8195623,0.3058566,0,0,unassigned,62.0,60.0,2.0,0.9677419,0.032258064,0.032258093,0.116054155,0.0037436823,0,0,1,0,0
12698,1,0,-0.64312613,0.3445402,0,1,val,88.0,84.0,4.0,0.95454544,0.045454547,0.04545456,0.1663443,0.007561105,0,0,0,0,0
12699,-1,1,0.80113775,0.69021785,1,1,unassigned,19.0,19.0,0.0,1.0,0.0,0.0,0.032882012,0.0,1,0,0,1,0
12700,-1,0,3.1481147,0.95883435,1,1,unassigned,6.0,5.0,1.0,0.8333333,0.16666667,0.16666669,0.007736944,0.0012894907,0,0,0,1,1
12701,-1,1,-0.46158215,0.38661057,0,1,unassigned,39.0,34.0,5.0,0.8717949,0.12820514,0.12820512,0.07156673,0.009175222,1,0,0,0,0
12702,-1,1,0.3557272,0.5880057,1,1,unassigned,4.0,4.0,0.0,1.0,0.0,0.0,0.003868472,0.0,1,0,0,1,0
12703,-1,0,3.1395776,0.95849603,1,1,unassigned,3.0,3.0,0.0,1.0,0.0,0.0,0.001934236,0.0,0,0,0,1,1
12704,-1,1,2.704014,0.93726313,1,1,unassigned,8.0,7.0,1.0,0.875,0.125,0.125,0.0116054155,0.0014506769,1,0,0,1,1
12705,-1,1,-0.3905918,0.40357482,0,1,unassigned,3.0,3.0,0.0,1.0,0.0,0.0,0.001934236,0.0,1,0,0,0,0
12706,-1,0,-0.8386969,0.30180928,0,1,unassigned,50.0,49.0,1.0,0.98,0.02,0.01999998,0.092843324,0.0018568664,0,0,0,0,0
12707,-1,0,-0.5600159,0.36354375,0,1,unassigned,22.0,21.0,1.0,0.95454544,0.045454547,0.04545456,0.03868472,0.0017583964,0,0,0,0,0
12708,-1,0,2.208873,0.90104353,1,1,unassigned,5.0,5.0,0.0,1.0,0.0,0.0,0.0058027077,0.0,0,0,0,1,1
12709,-1,0,6.285131,0.9981396,1,1,unassigned,12.0,10.0,2.0,0.8333333,0.16666667,0.16666669,0.01934236,0.0032237265,0,0,0,1,1
12710,-1,1,-0.95284826,0.27831236,0,1,unassigned,2.0,2.0,0.0,1.0,0.0,0.0,0.0,0.0,1,0,0,0,0
12711,1,0,-0.80541515,0.30886838,0,1,val,3.0,3.0,0.0,1.0,0.0,0.0,0.001934236,0.0,0,0,0,0,0
12712,-1,0,1.4015913,0.8024363,1,1,unassigned,69.0,59.0,10.0,0.85507244,0.14492753,0.14492756,0.1295938,0.01878171,0,0,0,1,0
12713,-1,0,0.18138856,0.54522324,1,1,unassigned,72.0,69.0,3.0,0.9583333,0.041666668,0.041666687,0.13539653,0.005641522,0,0,0,1,0
12714,-1,0,-0.13313419,0.46676552,0,1,unassigned,36.0,34.0,2.0,0.9444444,0.055555556,0.055555582,0.065764025,0.003653557,0,0,0,0,0
12715,-1,0,0.31570286,0.57827663,1,1,unassigned,6.0,6.0,0.0,1.0,0.0,0.0,0.007736944,0.0,0,0,0,1,0
12716,-1,0,0.9832609,0.7277548,1,1,unassigned,4.0,3.0,1.0,0.75,0.25,0.25,0.003868472,0.000967118,0,0,0,1,0
12717,-1,0,8.262091,0.999742,1,1,unassigned,24.0,23.0,1.0,0.9583333,0.041666668,0.041666687,0.04255319,0.0017730496,0,0,0,1,1
12718,-1,0,6.131272,0.9978309,1,1,unassigned,2.0,2.0,0.0,1.0,0.0,0.0,0.0,0.0,0,0,0,1,1
12719,-1,1,-0.9083015,0.28734753,0,1,unassigned,27.0,25.0,2.0,0.9259259,0.074074075,0.07407409,0.0483559,0.0035819185,1,0,0,0,0
12720,1,0,0.84115654,0.6987087,1,0,val,2.0,2.0,0.0,1.0,0.0,0.0,0.0,0.0,0,0,1,1,0
12721,-1,1,0.70017225,0.66822594,1,1,unassigned,21.0,20.0,1.0,0.95238096,0.04761905,0.047619045,0.036750484,0.0017500231,1,0,0,1,0
12722,-1,0,8.33878,0.99976104,1,1,unassigned,2.0,2.0,0.0,1.0,0.0,0.0,0.0,0.0,0,0,0,1,1
12723,-1,0,10.104385,0.9999591,1,1,unassigned,6.0,5.0,1.0,0.8333333,0.16666667,0.16666669,0.007736944,0.0012894907,0,0,0,1,1
12724,-1,1,4.4294076,0.9882189,1,1,unassigned,40.0,38.0,2.0,0.95,0.05,0.050000012,0.07350097,0.0036750485,1,0,0,1,1
12725,-1,0,0.5404517,0.6319175,1,1,unassigned,41.0,40.0,1.0,0.9756098,0.024390243,0.02439022,0.07543521,0.001839883,0,0,0,1,0
12726,-1,0,-0.57919306,0.35911828,0,1,unassigned,27.0,27.0,0.0,1.0,0.0,0.0,0.0483559,0.0,0,0,0,0,0
12727,-1,0,0.3448122,0.58535904,1,1,unassigned,36.0,32.0,4.0,0.8888889,0.11111111,0.111111104,0.065764025,0.007307114,0,0,0,1,0
12728,-1,0,4.170909,0.9847965,1,1,unassigned,7.0,6.0,1.0,0.85714287,0.14285715,0.14285713,0.00967118,0.0013815971,0,0,0,1,1
12729,-1,0,-0.07733148,0.48067674,0,1,unassigned,16.0,16.0,0.0,1.0,0.0,0.0,0.027079303,0.0,0,0,0,0,0
12730,-1,1,3.7060177,0.9760142,1,1,unassigned,19.0,16.0,3.0,0.84210527,0.15789473,0.15789473,0.032882012,0.0051918966,1,0,0,1,1
12731,-1,0,0.75093275,0.6793819,1,1,unassigned,10.0,9.0,1.0,0.9,0.1,0.100000024,0.015473888,0.0015473888,0,0,0,1,0
12732,-1,0,0.40394634,0.5996354,1,1,unassigned,4.0,4.0,0.0,1.0,0.0,0.0,0.003868472,0.0,0,0,0,1,0
12733,-1,1,7.8861127,0.99962413,1,1,unassigned,9.0,8.0,1.0,0.8888889,0.11111111,0.111111104,0.013539651,0.0015044058,1,0,0,1,1
12734,-1,0,1.8600945,0.865308,1,1,unassigned,10.0,10.0,0.0,1.0,0.0,0.0,0.015473888,0.0,0,0,0,1,0
12735,0,0,-0.78785276,0.3126299,0,0,val,21.0,21.0,0.0,1.0,0.0,0.0,0.036750484,0.0,0,0,1,0,0
12736,-1,0,-0.6481754,0.34340084,0,1,unassigned,9.0,9.0,0.0,1.0,0.0,0.0,0.013539651,0.0,0,0,0,0,0
12737,-1,0,-0.81211406,0.3074402,0,1,unassigned,25.0,21.0,4.0,0.84,0.16,0.16000003,0.044487428,0.007117988,0,0,0,0,0
12738,-1,0,-0.7221743,0.32691437,0,1,unassigned,35.0,35.0,0.0,1.0,0.0,0.0,0.06382979,0.0,0,0,0,0,0
12739,-1,0,-0.1293816,0.46769962,0,1,unassigned,33.0,32.0,1.0,0.969697,0.030303031,0.030303001,0.059961315,0.0018170096,0,0,0,0,0
12740,-1,0,-0.85903835,0.2975403,0,1,unassigned,39.0,39.0,0.0,1.0,0.0,0.0,0.07156673,0.0,0,0,0,0,0
12741,-1,0,-0.6429533,0.34457925,0,1,unassigned,37.0,37.0,0.0,1.0,0.0,0.0,0.06769826,0.0,0,0,0,0,0
12742,-1,1,-0.56688625,0.3619556,0,1,unassigned,31.0,29.0,2.0,0.9354839,0.06451613,0.06451613,0.056092843,0.003618893,1,0,0,0,0
12743,-1,0,-0.69923645,0.3319815,0,1,unassigned,42.0,42.0,0.0,1.0,0.0,0.0,0.07736944,0.0,0,0,0,0,0
12744,-1,0,-0.91709685,0.2855498,0,1,unassigned,67.0,65.0,2.0,0.9701493,0.029850746,0.029850721,0.12572534,0.0037529953,0,0,0,0,0
12745,-1,0,-0.7154955,0.32838568,0,1,unassigned,34.0,34.0,0.0,1.0,0.0,0.0,0.061895553,0.0,0,0,0,0,0
12746,-1,0,-0.5850296,0.3577761,0,1,unassigned,3.0,2.0,1.0,0.6666667,0.33333334,0.3333333,0.001934236,0.00064474536,0,0,0,0,0
12747,-1,0,-0.74223214,0.3225162,0,1,unassigned,27.0,27.0,0.0,1.0,0.0,0.0,0.0483559,0.0,0,0,0,0,0
12748,-1,0,-0.27265215,0.43225613,0,1,unassigned,54.0,54.0,0.0,1.0,0.0,0.0,0.10058027,0.0,0,0,0,0,0
12749,-1,0,-0.8610272,0.2971248,0,1,unassigned,44.0,44.0,0.0,1.0,0.0,0.0,0.08123791,0.0,0,0,0,0,0
12750,-1,0,-0.8864796,0.29183686,0,1,unassigned,84.0,82.0,2.0,0.97619045,0.023809524,0.023809552,0.15860735,0.0037763654,0,0,0,0,0
12751,-1,0,-0.823791,0.3049595,0,1,unassigned,10.0,10.0,0.0,1.0,0.0,0.0,0.015473888,0.0,0,0,0,0,0
12752,1,0,0.29410535,0.5730009,1,0,unassigned,22.0,22.0,0.0,1.0,0.0,0.0,0.03868472,0.0,0,0,1,1,0
12753,-1,0,-0.119755805,0.47009677,0,1,unassigned,3.0,3.0,0.0,1.0,0.0,0.0,0.001934236,0.0,0,0,0,0,0
12754,-1,0,-0.13843113,0.46544737,0,1,unassigned,4.0,4.0,0.0,1.0,0.0,0.0,0.003868472,0.0,0,0,0,0,0
12755,-1,0,-0.09612885,0.47598627,0,1,unassigned,57.0,56.0,1.0,0.98245615,0.01754386,0.017543852,0.10638298,0.0018663681,0,0,0,0,0
12756,-1,0,-1.1765924,0.23566546,0,1,unassigned,2.0,2.0,0.0,1.0,0.0,0.0,0.0,0.0,0,0,0,0,0
12757,-1,0,0.21957272,0.5546737,1,1,unassigned,70.0,69.0,1.0,0.98571426,0.014285714,0.014285743,0.13152805,0.0018789722,0,0,0,1,0
12758,-1,1,1.0958724,0.74948597,1,1,unassigned,34.0,33.0,1.0,0.9705882,0.029411765,0.029411793,0.061895553,0.0018204574,1,0,0,1,0
12759,-1,0,6.2999673,0.9981669,1,1,unassigned,5.0,5.0,0.0,1.0,0.0,0.0,0.0058027077,0.0,0,0,0,1,1
12760,-1,0,0.12908608,0.53222674,1,1,unassigned,6.0,6.0,0.0,1.0,0.0,0.0,0.007736944,0.0,0,0,0,1,0
12761,-1,0,1.3474522,0.79371274,1,1,unassigned,16.0,16.0,0.0,1.0,0.0,0.0,0.027079303,0.0,0,0,0,1,0
12762,-1,1,0.5873005,0.6427455,1,1,unassigned,17.0,15.0,2.0,0.88235295,0.11764706,0.11764705,0.029013539,0.0034133575,1,0,0,1,0
12763,-1,0,2.9956214,0.9523759,1,1,unassigned,44.0,42.0,2.0,0.95454544,0.045454547,0.04545456,0.08123791,0.0036926325,0,0,0,1,1
12764,-1,0,7.333134,0.9993469,1,1,unassigned,14.0,14.0,0.0,1.0,0.0,0.0,0.023210831,0.0,0,0,0,1,1
12765,-1,0,-0.117714554,0.47060528,0,1,unassigned,90.0,85.0,5.0,0.9444444,0.055555556,0.055555582,0.17021276,0.009456265,0,0,0,0,0
12766,-1,1,2.9385087,0.9497175,1,1,unassigned,8.0,7.0,1.0,0.875,0.125,0.125,0.0116054155,0.0014506769,1,0,0,1,1
12767,-1,0,-0.24420589,0.43925017,0,1,unassigned,2.0,2.0,0.0,1.0,0.0,0.0,0.0,0.0,0,0,0,0,0
12768,0,0,-0.4272397,0.39478567,0,0,val,31.0,30.0,1.0,0.9677419,0.032258064,0.032258093,0.056092843,0.0018094465,0,0,1,0,0
12769,-1,0,1.0477734,0.7403471,1,1,unassigned,8.0,8.0,0.0,1.0,0.0,0.0,0.0116054155,0.0,0,0,0,1,0
12770,-1,0,2.8137681,0.9434153,1,1,unassigned,28.0,28.0,0.0,1.0,0.0,0.0,0.050290134,0.0,0,0,0,1,1
12771,-1,1,5.195418,0.9944886,1,1,unassigned,6.0,6.0,0.0,1.0,0.0,0.0,0.007736944,0.0,1,0,0,1,1
12772,0,0,-0.4415099,0.39138123,0,0,test,47.0,46.0,1.0,0.9787234,0.021276595,0.021276593,0.08704062,0.001851928,0,0,1,0,0
12773,-1,0,0.34025216,0.58425176,1,1,unassigned,9.0,7.0,2.0,0.7777778,0.22222222,0.22222221,0.013539651,0.0030088115,0,0,0,1,0
12774,-1,1,1.2113547,0.7705385,1,1,unassigned,4.0,4.0,0.0,1.0,0.0,0.0,0.003868472,0.0,1,0,0,1,0
12775,-1,1,8.773376,0.99984515,1,1,unassigned,20.0,18.0,2.0,0.9,0.1,0.100000024,0.034816246,0.0034816246,1,0,0,1,1
12776,-1,0,-0.3584593,0.41133258,0,1,unassigned,42.0,42.0,0.0,1.0,0.0,0.0,0.07736944,0.0,0,0,0,0,0
12777,-1,1,1.5739043,0.82833946,1,1,unassigned,9.0,9.0,0.0,1.0,0.0,0.0,0.013539651,0.0,1,0,0,1,0
12778,0,0,0.04041189,0.5101016,1,1,unassigned,35.0,35.0,0.0,1.0,0.0,0.0,0.06382979,0.0,0,0,0,1,0
12779,-1,0,0.5816048,0.64143664,1,1,unassigned,18.0,18.0,0.0,1.0,0.0,0.0,0.030947777,0.0,0,0,0,1,0
12780,-1,1,0.022003055,0.50550056,1,1,unassigned,8.0,8.0,0.0,1.0,0.0,0.0,0.0116054155,0.0,1,0,0,1,0
12781,-1,0,1.1459246,0.7587657,1,1,unassigned,4.0,4.0,0.0,1.0,0.0,0.0,0.003868472,0.0,0,0,0,1,0
12782,-1,0,-0.34046707,0.41569602,0,1,unassigned,18.0,18.0,0.0,1.0,0.0,0.0,0.030947777,0.0,0,0,0,0,0
12783,-1,1,-0.23326516,0.44194672,0,1,unassigned,12.0,11.0,1.0,0.9166667,0.083333336,0.08333331,0.01934236,0.0016118633,1,0,0,0,0
12784,-1,1,-0.7284513,0.32553467,0,1,unassigned,3.0,3.0,0.0,1.0,0.0,0.0,0.001934236,0.0,1,0,0,0,0
12785,1,0,0.0783366,0.51957417,1,0,unassigned,42.0,39.0,3.0,0.9285714,0.071428575,0.0714286,0.07736944,0.0055263885,0,0,1,1,0
12786,-1,0,13.05451,0.99999785,1,1,unassigned,2.0,2.0,0.0,1.0,0.0,0.0,0.0,0.0,0,0,0,1,1
12787,-1,0,-0.8181819,0.30614972,0,1,unassigned,23.0,23.0,0.0,1.0,0.0,0.0,0.040618956,0.0,0,0,0,0,0
12788,-1,1,-0.694016,0.3331403,0,1,unassigned,45.0,43.0,2.0,0.95555556,0.044444446,0.04444444,0.08317215,0.0036965401,1,0,0,0,0
12789,-1,0,2.9209936,0.94887453,1,1,unassigned,8.0,2.0,6.0,0.25,0.75,0.75,0.0116054155,0.008704062,0,0,0,1,1
12790,-1,0,-0.74897015,0.32104573,0,1,unassigned,7.0,6.0,1.0,0.85714287,0.14285715,0.14285713,0.00967118,0.0013815971,0,0,0,0,0
12791,-1,0,4.0289426,0.9825179,1,1,unassigned,6.0,6.0,0.0,1.0,0.0,0.0,0.007736944,0.0,0,0,0,1,1
12792,-1,1,-0.42781532,0.3946481,0,1,unassigned,3.0,3.0,0.0,1.0,0.0,0.0,0.001934236,0.0,1,0,0,0,0
12793,-1,0,3.1008484,0.95692766,1,1,unassigned,5.0,5.0,0.0,1.0,0.0,0.0,0.0058027077,0.0,0,0,0,1,1
12794,1,1,1.4257782,0.80624264,1,0,test,12.0,11.0,1.0,0.9166667,0.083333336,0.08333331,0.01934236,0.0016118633,1,0,1,1,0
12795,-1,0,0.09876734,0.5246718,1,1,unassigned,17.0,16.0,1.0,0.9411765,0.05882353,0.058823526,0.029013539,0.0017066788,0,0,0,1,0
12796,-1,0,1.8555634,0.864779,1,1,unassigned,5.0,5.0,0.0,1.0,0.0,0.0,0.0058027077,0.0,0,0,0,1,0
12797,-1,0,2.0541232,0.88636357,1,1,unassigned,48.0,42.0,6.0,0.875,0.125,0.125,0.088974856,0.011121857,0,0,0,1,0
12798,-1,0,12.128044,0.99999464,1,1,unassigned,3.0,3.0,0.0,1.0,0.0,0.0,0.001934236,0.0,0,0,0,1,1
12799,-1,0,-0.8915502,0.29079002,0,1,unassigned,118.0,118.0,0.0,1.0,0.0,0.0,0.22437137,0.0,0,0,0,0,0
12800,1,0,2.5609639,0.9283067,1,0,unassigned,2.0,2.0,0.0,1.0,0.0,0.0,0.0,0.0,0,0,1,1,1
12801,-1,1,9.69968,0.9999387,1,1,unassigned,15.0,15.0,0.0,1.0,0.0,0.0,0.025145067,0.0,1,0,0,1,1
12802,-1,0,-0.3592235,0.4111475,0,1,unassigned,19.0,19.0,0.0,1.0,0.0,0.0,0.032882012,0.0,0,0,0,0,0
12803,0,0,-0.31291646,0.422403,0,0,val,23.0,23.0,0.0,1.0,0.0,0.0,0.040618956,0.0,0,0,1,0,0
12804,-1,0,0.13770777,0.5343726,1,1,unassigned,32.0,32.0,0.0,1.0,0.0,0.0,0.058027077,0.0,0,0,0,1,0
12805,-1,0,5.0433774,0.9935894,1,1,unassigned,6.0,6.0,0.0,1.0,0.0,0.0,0.007736944,0.0,0,0,0,1,1
12806,0,0,-0.8448168,0.30052128,0,0,unassigned,47.0,47.0,0.0,1.0,0.0,0.0,0.08704062,0.0,0,0,1,0,0
12807,-1,1,7.1617446,0.9992249,1,1,unassigned,7.0,7.0,0.0,1.0,0.0,0.0,0.00967118,0.0,1,0,0,1,1
12808,0,0,-0.40361813,0.40044338,0,0,train,92.0,91.0,1.0,0.98913044,0.010869565,0.010869563,0.17408124,0.0018921874,0,0,1,0,0
12809,-1,0,1.5117741,0.819324,1,1,unassigned,16.0,16.0,0.0,1.0,0.0,0.0,0.027079303,0.0,0,0,0,1,0
12810,-1,1,2.5408251,0.9269547,1,1,unassigned,37.0,32.0,5.0,0.8648649,0.13513513,0.13513511,0.06769826,0.009148413,1,0,0,1,1
12811,0,0,-0.4562594,0.38787356,0,0,test,45.0,42.0,3.0,0.93333334,0.06666667,0.06666666,0.08317215,0.00554481,0,0,1,0,0
12812,-1,0,2.6781278,0.93572366,1,1,unassigned,16.0,15.0,1.0,0.9375,0.0625,0.0625,0.027079303,0.0016924564,0,0,0,1,1
12813,-1,0,1.1175861,0.7535407,1,1,unassigned,11.0,10.0,1.0,0.90909094,0.09090909,0.090909064,0.017408123,0.0015825568,0,0,0,1,0
12814,-1,0,-0.92124116,0.28470507,0,1,unassigned,100.0,95.0,5.0,0.95,0.05,0.050000012,0.18955512,0.009477756,0,0,0,0,0
12815,-1,0,0.4903491,0.62018865,1,1,unassigned,5.0,5.0,0.0,1.0,0.0,0.0,0.0058027077,0.0,0,0,0,1,0
12816,0,0,-0.1510697,0.4623042,0,0,unassigned,32.0,31.0,1.0,0.96875,0.03125,0.03125,0.058027077,0.0018133462,0,0,1,0,0
12817,-1,0,0.88094574,0.7070182,1,1,unassigned,3.0,3.0,0.0,1.0,0.0,0.0,0.001934236,0.0,0,0,0,1,0
12818,-1,0,4.5380855,0.9894192,1,1,unassigned,10.0,7.0,3.0,0.7,0.3,0.3,0.015473888,0.0046421667,0,0,0,1,1
12819,-1,0,-0.8596142,0.29741997,0,1,unassigned,60.0,60.0,0.0,1.0,0.0,0.0,0.11218569,0.0,0,0,0,0,0
12820,-1,1,6.601444,0.99864346,1,1,unassigned,16.0,13.0,3.0,0.8125,0.1875,0.1875,0.027079303,0.0050773695,1,0,0,1,1
12821,-1,0,-0.39236218,0.4031488,0,1,unassigned,27.0,27.0,0.0,1.0,0.0,0.0,0.0483559,0.0,0,0,0,0,0
12822,-1,0,1.3430803,0.79299605,1,1,unassigned,3.0,3.0,0.0,1.0,0.0,0.0,0.001934236,0.0,0,0,0,1,0
12823,1,1,-0.4795824,0.38235074,0,1,val,14.0,13.0,1.0,0.9285714,0.071428575,0.0714286,0.023210831,0.0016579166,1,0,0,0,0
12824,-1,0,0.35923642,0.58885556,1,1,unassigned,20.0,20.0,0.0,1.0,0.0,0.0,0.034816246,0.0,0,0,0,1,0
12825,-1,0,-0.89748734,0.2895671,0,1,unassigned,14.0,14.0,0.0,1.0,0.0,0.0,0.023210831,0.0,0,0,0,0,0
12826,-1,0,0.10756868,0.52686626,1,1,unassigned,6.0,6.0,0.0,1.0,0.0,0.0,0.007736944,0.0,0,0,0,1,0
12827,0,0,-0.91224396,0.28654087,0,0,test,29.0,28.0,1.0,0.9655172,0.03448276,0.034482777,0.05222437,0.0018008404,0,0,1,0,0
12828,-1,0,-0.20716128,0.44839415,0,1,unassigned,26.0,26.0,0.0,1.0,0.0,0.0,0.046421662,0.0,0,0,0,0,0
12829,-1,0,-0.5815591,0.3585739,0,1,unassigned,37.0,37.0,0.0,1.0,0.0,0.0,0.06769826,0.0,0,0,0,0,0
12830,-1,0,-0.6640456,0.3398314,0,1,unassigned,2.0,2.0,0.0,1.0,0.0,0.0,0.0,0.0,0,0,0,0,0
12831,-1,0,7.370885,0.9993711,1,1,unassigned,9.0,9.0,0.0,1.0,0.0,0.0,0.013539651,0.0,0,0,0,1,1
12832,0,0,-0.5313671,0.37019807,0,0,train,14.0,14.0,0.0,1.0,0.0,0.0,0.023210831,0.0,0,0,1,0,0
12833,-1,0,-0.30084938,0.42534983,0,1,unassigned,20.0,20.0,0.0,1.0,0.0,0.0,0.034816246,0.0,0,0,0,0,0
12834,-1,0,0.17511404,0.54366696,1,1,unassigned,18.0,18.0,0.0,1.0,0.0,0.0,0.030947777,0.0,0,0,0,1,0
12835,-1,0,-0.98583364,0.2717358,0,1,unassigned,39.0,39.0,0.0,1.0,0.0,0.0,0.07156673,0.0,0,0,0,0,0
12836,-1,0,-0.9137424,0.28623465,0,1,unassigned,55.0,54.0,1.0,0.9818182,0.018181818,0.0181818,0.102514505,0.0018639,0,0,0,0,0
12837,-1,0,-0.54321307,0.36744043,0,1,unassigned,33.0,33.0,0.0,1.0,0.0,0.0,0.059961315,0.0,0,0,0,0,0
12838,-1,0,-0.6041646,0.3533915,0,1,unassigned,99.0,99.0,0.0,1.0,0.0,0.0,0.1876209,0.0,0,0,0,0,0
12839,-1,0,-0.2713231,0.4325823,0,1,unassigned,25.0,25.0,0.0,1.0,0.0,0.0,0.044487428,0.0,0,0,0,0,0
12840,-1,0,-0.8396343,0.3016118,0,1,unassigned,24.0,24.0,0.0,1.0,0.0,0.0,0.04255319,0.0,0,0,0,0,0
12841,0,0,0.25004292,0.5621871,1,1,val,19.0,19.0,0.0,1.0,0.0,0.0,0.032882012,0.0,0,0,0,1,0
12842,-1,0,0.71393186,0.6712694,1,1,unassigned,85.0,81.0,4.0,0.9529412,0.047058824,0.04705882,0.16054158,0.007554898,0,0,0,1,0
12843,-1,0,-0.18696046,0.45339552,0,1,unassigned,44.0,42.0,2.0,0.95454544,0.045454547,0.04545456,0.08123791,0.0036926325,0,0,0,0,0
12844,-1,0,-0.90638304,0.28774056,0,1,unassigned,36.0,36.0,0.0,1.0,0.0,0.0,0.065764025,0.0,0,0,0,0,0
12845,-1,0,-0.958274,0.2772239,0,1,unassigned,28.0,28.0,0.0,1.0,0.0,0.0,0.050290134,0.0,0,0,0,0,0
12846,-1,1,4.2467895,0.98589176,1,1,unassigned,11.0,9.0,2.0,0.8181818,0.18181819,0.18181819,0.017408123,0.0031651135,1,0,0,1,1
12847,-1,0,4.193473,0.9851306,1,1,unassigned,26.0,22.0,4.0,0.84615386,0.15384616,0.15384614,0.046421662,0.0071417945,0,0,0,1,1
12848,-1,1,-0.7589036,0.31888434,0,1,unassigned,6.0,6.0,0.0,1.0,0.0,0.0,0.007736944,0.0,1,0,0,0,0
12849,-1,0,-0.33204094,0.41774413,0,1,unassigned,23.0,19.0,4.0,0.82608694,0.17391305,0.17391306,0.040618956,0.0070641665,0,0,0,0,0
12850,-1,1,3.43034,0.9686394,1,1,unassigned,11.0,7.0,4.0,0.6363636,0.36363637,0.36363637,0.017408123,0.006330227,1,0,0,1,1
12851,1,1,0.067772806,0.5169367,1,0,val,3.0,3.0,0.0,1.0,0.0,0.0,0.001934236,0.0,1,0,1,1,0
12852,1,0,0.1658085,0.5413574,1,0,train,16.0,16.0,0.0,1.0,0.0,0.0,0.027079303,0.0,0,0,1,1,0
12853,-1,0,0.65932983,0.65910983,1,1,unassigned,23.0,23.0,0.0,1.0,0.0,0.0,0.040618956,0.0,0,0,0,1,0
12854,-1,0,3.35908,0.96640086,1,1,unassigned,22.0,20.0,2.0,0.90909094,0.09090909,0.090909064,0.03868472,0.0035167928,0,0,0,1,1
12855,-1,0,-0.8676369,0.29574624,0,1,unassigned,27.0,25.0,2.0,0.9259259,0.074074075,0.07407409,0.0483559,0.0035819185,0,0,0,0,0
12856,-1,0,0.98032147,0.72717196,1,1,unassigned,10.0,10.0,0.0,1.0,0.0,0.0,0.015473888,0.0,0,0,0,1,0
12857,-1,0,-0.04722464,0.48819605,0,1,unassigned,10.0,9.0,1.0,0.9,0.1,0.100000024,0.015473888,0.0015473888,0,0,0,0,0
12858,-1,0,1.5649607,0.82706404,1,1,unassigned,14.0,14.0,0.0,1.0,0.0,0.0,0.023210831,0.0,0,0,0,1,0
12859,-1,0,2.3052363,0.90930974,1,1,unassigned,15.0,13.0,2.0,0.8666667,0.13333334,0.13333333,0.025145067,0.0033526758,0,0,0,1,1
12860,1,1,3.2029595,0.9609455,1,0,val,8.0,8.0,0.0,1.0,0.0,0.0,0.0116054155,0.0,1,0,1,1,1
12861,-1,1,1.1007667,0.75040376,1,1,unassigned,4.0,4.0,0.0,1.0,0.0,0.0,0.003868472,0.0,1,0,0,1,0
12862,-1,1,-0.68545383,0.33504516,0,1,unassigned,2.0,1.0,1.0,0.5,0.5,0.5,0.0,0.0,1,0,0,0,0
12863,-1,0,-0.30188003,0.42509797,0,1,unassigned,12.0,12.0,0.0,1.0,0.0,0.0,0.01934236,0.0,0,0,0,0,0
12864,-1,1,-0.063435376,0.48414645,0,1,unassigned,31.0,30.0,1.0,0.9677419,0.032258064,0.032258093,0.056092843,0.0018094465,1,0,0,0,0
12865,-1,0,1.612807,0.83380073,1,1,unassigned,2.0,2.0,0.0,1.0,0.0,0.0,0.0,0.0,0,0,0,1,0
12866,-1,1,-0.7599576,0.3186555,0,1,unassigned,20.0,19.0,1.0,0.95,0.05,0.050000012,0.034816246,0.0017408123,1,0,0,0,0
12867,-1,1,-0.38006717,0.4061107,0,1,unassigned,104.0,100.0,4.0,0.96153843,0.03846154,0.038461566,0.19729207,0.007588157,1,0,0,0,0
12868,-1,0,0.6055216,0.64691854,1,1,unassigned,6.0,6.0,0.0,1.0,0.0,0.0,0.007736944,0.0,0,0,0,1,0
12869,-1,0,0.846543,0.6998415,1,1,unassigned,3.0,2.0,1.0,0.6666667,0.33333334,0.3333333,0.001934236,0.00064474536,0,0,0,1,0
12870,-1,0,0.14064974,0.5351046,1,1,unassigned,9.0,6.0,3.0,0.6666667,0.33333334,0.3333333,0.013539651,0.004513217,0,0,0,1,0
12871,-1,1,0.13060588,0.5326051,1,1,unassigned,9.0,9.0,0.0,1.0,0.0,0.0,0.013539651,0.0,1,0,0,1,0
12872,-1,0,0.5950976,0.64453393,1,1,unassigned,2.0,1.0,1.0,0.5,0.5,0.5,0.0,0.0,0,0,0,1,0
12873,-1,0,1.8795335,0.8675575,1,1,unassigned,70.0,67.0,3.0,0.95714283,0.042857144,0.04285717,0.13152805,0.0056369165,0,0,0,1,0
12874,-1,0,0.12779683,0.5319058,1,1,unassigned,11.0,11.0,0.0,1.0,0.0,0.0,0.017408123,0.0,0,0,0,1,0
12875,-1,0,3.14727,0.95880103,1,1,unassigned,4.0,4.0,0.0,1.0,0.0,0.0,0.003868472,0.0,0,0,0,1,1
12876,-1,0,2.7585235,0.940393,1,1,unassigned,14.0,14.0,0.0,1.0,0.0,0.0,0.023210831,0.0,0,0,0,1,1
12877,-1,0,1.2093043,0.7701758,1,1,unassigned,3.0,3.0,0.0,1.0,0.0,0.0,0.001934236,0.0,0,0,0,1,0
12878,-1,0,1.5027449,0.8179835,1,1,unassigned,12.0,10.0,2.0,0.8333333,0.16666667,0.16666669,0.01934236,0.0032237265,0,0,0,1,0
12879,-1,0,2.7707398,0.9410741,1,1,unassigned,6.0,6.0,0.0,1.0,0.0,0.0,0.007736944,0.0,0,0,0,1,1
12880,-1,0,-0.90853965,0.28729874,0,1,unassigned,24.0,22.0,2.0,0.9166667,0.083333336,0.08333331,0.04255319,0.0035460992,0,0,0,0,0
12881,-1,0,-0.7157543,0.3283286,0,1,unassigned,42.0,41.0,1.0,0.97619045,0.023809524,0.023809552,0.07736944,0.0018421295,0,0,0,0,0
12882,-1,0,0.0694893,0.51736534,1,1,unassigned,4.0,4.0,0.0,1.0,0.0,0.0,0.003868472,0.0,0,0,0,1,0
12883,-1,0,-0.8187647,0.30602595,0,1,unassigned,34.0,34.0,0.0,1.0,0.0,0.0,0.061895553,0.0,0,0,0,0,0
12884,1,0,-0.49672216,0.3783113,0,1,unassigned,10.0,10.0,0.0,1.0,0.0,0.0,0.015473888,0.0,0,0,0,0,0
12885,-1,1,10.0060425,0.9999548,1,1,unassigned,3.0,2.0,1.0,0.6666667,0.33333334,0.3333333,0.001934236,0.00064474536,1,0,0,1,1
12886,-1,0,1.2957327,0.7851159,1,1,unassigned,115.0,111.0,4.0,0.9652174,0.034782607,0.03478259,0.21856867,0.007602388,0,0,0,1,0
12887,-1,0,1.2321613,0.7741966,1,1,unassigned,27.0,26.0,1.0,0.962963,0.037037037,0.037037015,0.0483559,0.0017909593,0,0,0,1,0
12888,-1,0,1.8108275,0.85946184,1,1,unassigned,40.0,40.0,0.0,1.0,0.0,0.0,0.07350097,0.0,0,0,0,1,0
12889,-1,0,1.3427379,0.79293984,1,1,unassigned,43.0,41.0,2.0,0.95348835,0.046511628,0.04651165,0.079303674,0.0036885429,0,0,0,1,0
12890,-1,0,5.289907,0.9949831,1,1,unassigned,60.0,54.0,6.0,0.9,0.1,0.100000024,0.11218569,0.011218569,0,0,0,1,1
12891,-1,0,-0.8247336,0.30475977,0,1,unassigned,30.0,30.0,0.0,1.0,0.0,0.0,0.054158606,0.0,0,0,0,0,0
12892,-1,0,-0.19292772,0.45191708,0,1,unassigned,3.0,3.0,0.0,1.0,0.0,0.0,0.001934236,0.0,0,0,0,0,0
12893,1,0,7.070573,0.999151,1,0,unassigned,32.0,32.0,0.0,1.0,0.0,0.0,0.058027077,0.0,0,0,1,1,1
12894,0,0,-0.5367242,0.36894992,0,0,val,29.0,28.0,1.0,0.9655172,0.03448276,0.034482777,0.05222437,0.0018008404,0,0,1,0,0
12895,-1,0,0.9454562,0.7202004,1,1,unassigned,14.0,14.0,0.0,1.0,0.0,0.0,0.023210831,0.0,0,0,0,1,0
12896,-1,0,2.577961,0.92942965,1,1,unassigned,29.0,28.0,1.0,0.9655172,0.03448276,0.034482777,0.05222437,0.0018008404,0,0,0,1,1
12897,-1,0,-0.8723856,0.29475814,0,1,unassigned,20.0,20.0,0.0,1.0,0.0,0.0,0.034816246,0.0,0,0,0,0,0
12898,-1,0,-0.12661347,0.46838883,0,1,unassigned,15.0,15.0,0.0,1.0,0.0,0.0,0.025145067,0.0,0,0,0,0,0
12899,-1,0,-0.613068,0.35135967,0,1,unassigned,3.0,3.0,0.0,1.0,0.0,0.0,0.001934236,0.0,0,0,0,0,0
12900,-1,0,-0.011772871,0.49705687,0,1,unassigned,62.0,62.0,0.0,1.0,0.0,0.0,0.116054155,0.0,0,0,0,0,0
12901,-1,0,-0.08424899,0.4789502,0,1,unassigned,22.0,21.0,1.0,0.95454544,0.045454547,0.04545456,0.03868472,0.0017583964,0,0,0,0,0
12902,-1,1,-0.55880105,0.36382493,0,1,unassigned,23.0,22.0,1.0,0.95652175,0.04347826,0.04347825,0.040618956,0.0017660416,1,0,0,0,0
12903,-1,1,4.918272,0.99274135,1,1,unassigned,11.0,10.0,1.0,0.90909094,0.09090909,0.090909064,0.017408123,0.0015825568,1,0,0,1,1
12904,-1,0,-1.6905293,0.15570624,0,1,unassigned,2.0,2.0,0.0,1.0,0.0,0.0,0.0,0.0,0,0,0,0,0
12905,-1,0,3.321139,0.9651469,1,1,unassigned,12.0,11.0,1.0,0.9166667,0.083333336,0.08333331,0.01934236,0.0016118633,0,0,0,1,1
12906,-1,1,6.449223,0.9984207,1,1,unassigned,15.0,15.0,0.0,1.0,0.0,0.0,0.025145067,0.0,1,0,0,1,1
12907,1,1,5.3555613,0.9953004,1,0,test,13.0,13.0,0.0,1.0,0.0,0.0,0.021276595,0.0,1,0,1,1,1
12908,-1,0,2.2724175,0.90656674,1,1,unassigned,2.0,2.0,0.0,1.0,0.0,0.0,0.0,0.0,0,0,0,1,1
12909,-1,0,1.6340077,0.83671796,1,1,unassigned,3.0,3.0,0.0,1.0,0.0,0.0,0.001934236,0.0,0,0,0,1,0
12910,-1,1,-0.11601105,0.47102973,0,1,unassigned,2.0,2.0,0.0,1.0,0.0,0.0,0.0,0.0,1,0,0,0,0
12911,-1,0,-0.64621544,0.34384286,0,1,unassigned,5.0,5.0,0.0,1.0,0.0,0.0,0.0058027077,0.0,0,0,0,0,0
12912,-1,0,2.1868455,0.899062,1,1,unassigned,2.0,2.0,0.0,1.0,0.0,0.0,0.0,0.0,0,0,0,1,0
12913,-1,0,2.1868455,0.899062,1,1,unassigned,2.0,2.0,0.0,1.0,0.0,0.0,0.0,0.0,0,0,0,1,0
12914,-1,1,-0.32618627,0.41916883,0,1,unassigned,5.0,5.0,0.0,1.0,0.0,0.0,0.0058027077,0.0,1,0,0,0,0
12915,-1,0,1.516671,0.82004774,1,1,unassigned,6.0,5.0,1.0,0.8333333,0.16666667,0.16666669,0.007736944,0.0012894907,0,0,0,1,0
12916,-1,0,0.5718023,0.63917893,1,1,unassigned,13.0,12.0,1.0,0.9230769,0.07692308,0.07692307,0.021276595,0.0016366612,0,0,0,1,0
12917,-1,0,0.23192292,0.5577222,1,1,unassigned,14.0,14.0,0.0,1.0,0.0,0.0,0.023210831,0.0,0,0,0,1,0
12918,-1,0,2.2285738,0.90278625,1,1,unassigned,11.0,11.0,0.0,1.0,0.0,0.0,0.017408123,0.0,0,0,0,1,1
12919,-1,0,-0.7994044,0.31015295,0,1,unassigned,102.0,100.0,2.0,0.98039216,0.019607844,0.019607842,0.1934236,0.0037926198,0,0,0,0,0
12920,-1,0,-0.7692463,0.31664217,0,1,unassigned,19.0,19.0,0.0,1.0,0.0,0.0,0.032882012,0.0,0,0,0,0,0
12921,-1,0,1.5471246,0.82449806,1,1,unassigned,13.0,13.0,0.0,1.0,0.0,0.0,0.021276595,0.0,0,0,0,1,0
12922,-1,0,-0.88819087,0.2914833,0,1,unassigned,55.0,55.0,0.0,1.0,0.0,0.0,0.102514505,0.0,0,0,0,0,0
12923,-1,0,-0.8422653,0.3010579,0,1,unassigned,77.0,72.0,5.0,0.9350649,0.064935066,0.06493509,0.14506769,0.00941998,0,0,0,0,0
12924,-1,0,-0.922856,0.28437632,0,1,unassigned,51.0,50.0,1.0,0.98039216,0.019607844,0.019607842,0.09477756,0.0018583836,0,0,0,0,0
12925,-1,1,-0.6231532,0.34906465,0,1,unassigned,32.0,32.0,0.0,1.0,0.0,0.0,0.058027077,0.0,1,0,0,0,0
12926,-1,0,-0.9237449,0.28419545,0,1,unassigned,13.0,13.0,0.0,1.0,0.0,0.0,0.021276595,0.0,0,0,0,0,0
12927,-1,0,-0.106259346,0.47346017,0,1,unassigned,5.0,5.0,0.0,1.0,0.0,0.0,0.0058027077,0.0,0,0,0,0,0
12928,-1,1,-0.434161,0.39313316,0,1,unassigned,4.0,4.0,0.0,1.0,0.0,0.0,0.003868472,0.0,1,0,0,0,0
12929,-1,0,-0.21639258,0.44611195,0,1,unassigned,2.0,2.0,0.0,1.0,0.0,0.0,0.0,0.0,0,0,0,0,0
12930,-1,0,2.4334533,0.91934294,1,1,unassigned,2.0,2.0,0.0,1.0,0.0,0.0,0.0,0.0,0,0,0,1,1
12931,-1,0,2.7882717,0.9420387,1,1,unassigned,6.0,6.0,0.0,1.0,0.0,0.0,0.007736944,0.0,0,0,0,1,1
12932,-1,0,-0.23725677,0.44096252,0,1,unassigned,26.0,26.0,0.0,1.0,0.0,0.0,0.046421662,0.0,0,0,0,0,0
12933,-1,0,-0.3033969,0.42472726,0,1,unassigned,2.0,2.0,0.0,1.0,0.0,0.0,0.0,0.0,0,0,0,0,0
12934,1,0,7.839047,0.9996062,1,0,unassigned,19.0,17.0,2.0,0.8947368,0.10526316,0.10526317,0.032882012,0.0034612645,0,0,1,1,1
12935,-1,0,-0.94834757,0.27921724,0,1,unassigned,2.0,1.0,1.0,0.5,0.5,0.5,0.0,0.0,0,0,0,0,0
12936,1,0,3.432896,0.9687169,1,0,test,8.0,7.0,1.0,0.875,0.125,0.125,0.0116054155,0.0014506769,0,0,1,1,1
12937,-1,0,0.76291484,0.6819862,1,1,unassigned,3.0,2.0,1.0,0.6666667,0.33333334,0.3333333,0.001934236,0.00064474536,0,0,0,1,0
12938,-1,0,-0.8037448,0.30922505,0,1,unassigned,45.0,45.0,0.0,1.0,0.0,0.0,0.08317215,0.0,0,0,0,0,0
12939,-1,0,-0.6870237,0.3346955,0,1,unassigned,12.0,11.0,1.0,0.9166667,0.083333336,0.08333331,0.01934236,0.0016118633,0,0,0,0,0
12940,-1,0,-0.7253752,0.32621044,0,1,unassigned,57.0,55.0,2.0,0.9649123,0.03508772,0.035087705,0.10638298,0.0037327362,0,0,0,0,0
12941,-1,0,0.3674639,0.590846,1,1,unassigned,42.0,42.0,0.0,1.0,0.0,0.0,0.07736944,0.0,0,0,0,1,0
12942,-1,0,7.9152513,0.999635,1,1,unassigned,10.0,9.0,1.0,0.9,0.1,0.100000024,0.015473888,0.0015473888,0,0,0,1,1
12943,-1,1,-0.6778038,0.33675167,0,1,unassigned,7.0,7.0,0.0,1.0,0.0,0.0,0.00967118,0.0,1,0,0,0,0
12944,-1,0,4.63718,0.990408,1,1,unassigned,30.0,28.0,2.0,0.93333334,0.06666667,0.06666666,0.054158606,0.003610574,0,0,0,1,1
12945,-1,0,-0.8340795,0.3027832,0,1,unassigned,54.0,54.0,0.0,1.0,0.0,0.0,0.10058027,0.0,0,0,0,0,0
12946,-1,0,-0.7932357,0.31147432,0,1,unassigned,47.0,47.0,0.0,1.0,0.0,0.0,0.08704062,0.0,0,0,0,0,0
12947,-1,0,5.610171,0.9963529,1,1,unassigned,18.0,18.0,0.0,1.0,0.0,0.0,0.030947777,0.0,0,0,0,1,1
12948,-1,0,-0.31207287,0.42260885,0,1,unassigned,2.0,2.0,0.0,1.0,0.0,0.0,0.0,0.0,0,0,0,0,0
12949,-1,0,-0.4356787,0.39277112,0,1,unassigned,9.0,9.0,0.0,1.0,0.0,0.0,0.013539651,0.0,0,0,0,0,0
12950,0,0,-0.6264042,0.34832633,0,0,unassigned,4.0,4.0,0.0,1.0,0.0,0.0,0.003868472,0.0,0,0,1,0,0
12951,0,0,-0.69428194,0.3330812,0,0,unassigned,7.0,7.0,0.0,1.0,0.0,0.0,0.00967118,0.0,0,0,1,0,0
12952,0,0,-0.8328692,0.30303875,0,0,test,26.0,25.0,1.0,0.96153843,0.03846154,0.038461566,0.046421662,0.0017854486,0,0,1,0,0
12953,-1,0,-0.9538774,0.2781057,0,1,unassigned,14.0,14.0,0.0,1.0,0.0,0.0,0.023210831,0.0,0,0,0,0,0
12954,-1,0,3.180561,0.9600962,1,1,unassigned,3.0,3.0,0.0,1.0,0.0,0.0,0.001934236,0.0,0,0,0,1,1
12955,-1,0,-0.9322581,0.28246683,0,1,unassigned,14.0,14.0,0.0,1.0,0.0,0.0,0.023210831,0.0,0,0,0,0,0
12956,0,0,-0.5377798,0.36870423,0,0,unassigned,83.0,82.0,1.0,0.9879518,0.012048192,0.012048185,0.15667312,0.0018876279,0,0,1,0,0
12957,-1,0,3.34677,0.9659989,1,1,unassigned,2.0,2.0,0.0,1.0,0.0,0.0,0.0,0.0,0,0,0,1,1
12958,1,1,-0.12225121,0.46947524,0,1,train,87.0,46.0,41.0,0.52873564,0.47126436,0.47126436,0.16441005,0.0774806,1,0,0,0,0
12959,0,1,-0.119010925,0.47028232,0,0,test,8.0,8.0,0.0,1.0,0.0,0.0,0.0116054155,0.0,1,0,1,0,0
12960,-1,0,7.461951,0.99942577,1,1,unassigned,11.0,11.0,0.0,1.0,0.0,0.0,0.017408123,0.0,0,0,0,1,1
12961,0,0,-0.27156934,0.43252188,0,0,test,75.0,73.0,2.0,0.97333336,0.026666667,0.026666641,0.14119923,0.003765313,0,0,1,0,0
12962,-1,0,0.190875,0.5475744,1,1,unassigned,4.0,4.0,0.0,1.0,0.0,0.0,0.003868472,0.0,0,0,0,1,0
12963,-1,0,4.458585,0.9885539,1,1,unassigned,4.0,3.0,1.0,0.75,0.25,0.25,0.003868472,0.000967118,0,0,0,1,1
12964,-1,1,4.501352,0.98902774,1,1,unassigned,59.0,52.0,7.0,0.88135594,0.118644066,0.11864406,0.11025145,0.01308068,1,0,0,1,1
12965,-1,0,0.34397477,0.5851557,1,1,unassigned,10.0,10.0,0.0,1.0,0.0,0.0,0.015473888,0.0,0,0,0,1,0
12966,-1,1,4.5123177,0.9891461,1,1,unassigned,7.0,5.0,2.0,0.71428573,0.2857143,0.28571427,0.00967118,0.0027631943,1,0,0,1,1
12967,-1,0,1.2426851,0.776031,1,1,unassigned,9.0,9.0,0.0,1.0,0.0,0.0,0.013539651,0.0,0,0,0,1,0
12968,-1,1,4.339178,0.9871208,1,1,unassigned,2.0,2.0,0.0,1.0,0.0,0.0,0.0,0.0,1,0,0,1,1
12969,-1,0,-0.67797214,0.33671403,0,1,unassigned,22.0,22.0,0.0,1.0,0.0,0.0,0.03868472,0.0,0,0,0,0,0
12970,-1,0,0.5835057,0.64187366,1,1,unassigned,2.0,2.0,0.0,1.0,0.0,0.0,0.0,0.0,0,0,0,1,0
12971,1,0,-0.68643874,0.33482575,0,1,unassigned,11.0,11.0,0.0,1.0,0.0,0.0,0.017408123,0.0,0,0,0,0,0
12972,-1,0,-0.41673577,0.39729813,0,1,unassigned,3.0,3.0,0.0,1.0,0.0,0.0,0.001934236,0.0,0,0,0,0,0
12973,-1,0,-0.6011411,0.35408267,0,1,unassigned,10.0,10.0,0.0,1.0,0.0,0.0,0.015473888,0.0,0,0,0,0,0
12974,-1,0,-0.4007495,0.40113226,0,1,unassigned,3.0,3.0,0.0,1.0,0.0,0.0,0.001934236,0.0,0,0,0,0,0
12975,-1,0,0.94271594,0.71964794,1,1,unassigned,10.0,10.0,0.0,1.0,0.0,0.0,0.015473888,0.0,0,0,0,1,0
12976,-1,0,-0.4528583,0.38868138,0,1,unassigned,43.0,41.0,2.0,0.95348835,0.046511628,0.04651165,0.079303674,0.0036885429,0,0,0,0,0
12977,-1,0,-0.84573275,0.3003288,0,1,unassigned,21.0,21.0,0.0,1.0,0.0,0.0,0.036750484,0.0,0,0,0,0,0
12978,-1,0,2.2464445,0.9043434,1,1,unassigned,26.0,22.0,4.0,0.84615386,0.15384616,0.15384614,0.046421662,0.0071417945,0,0,0,1,1
12979,-1,1,0.08205205,0.5205015,1,1,unassigned,54.0,49.0,5.0,0.9074074,0.09259259,0.0925926,0.10058027,0.009312987,1,0,0,1,0
12980,-1,0,-0.7927676,0.31157473,0,1,unassigned,66.0,66.0,0.0,1.0,0.0,0.0,0.123791106,0.0,0,0,0,0,0
12981,-1,1,10.246782,0.9999645,1,1,unassigned,4.0,2.0,2.0,0.5,0.5,0.5,0.003868472,0.001934236,1,0,0,1,1
12982,-1,1,0.3701616,0.591498,1,1,unassigned,7.0,6.0,1.0,0.85714287,0.14285715,0.14285713,0.00967118,0.0013815971,1,0,0,1,0
12983,-1,1,4.17104,0.9847985,1,1,unassigned,23.0,22.0,1.0,0.95652175,0.04347826,0.04347825,0.040618956,0.0017660416,1,0,0,1,1
12984,-1,0,0.76508194,0.6824561,1,1,unassigned,9.0,9.0,0.0,1.0,0.0,0.0,0.013539651,0.0,0,0,0,1,0
12985,-1,0,-0.08703339,0.4782554,0,1,unassigned,8.0,8.0,0.0,1.0,0.0,0.0,0.0116054155,0.0,0,0,0,0,0
12986,0,1,-0.79448205,0.31120712,0,0,train,26.0,26.0,0.0,1.0,0.0,0.0,0.046421662,0.0,1,0,1,0,0
12987,-1,0,0.9760755,0.7263288,1,1,unassigned,4.0,3.0,1.0,0.75,0.25,0.25,0.003868472,0.000967118,0,0,0,1,0
12988,-1,0,-0.24259079,0.43964797,0,1,unassigned,149.0,149.0,0.0,1.0,0.0,0.0,0.2843327,0.0,0,0,0,0,0
12989,-1,0,-0.46809757,0.3850666,0,1,unassigned,14.0,14.0,0.0,1.0,0.0,0.0,0.023210831,0.0,0,0,0,0,0
12990,-1,0,-0.9225563,0.28443733,0,1,unassigned,44.0,43.0,1.0,0.97727275,0.022727273,0.022727251,0.08123791,0.0018463163,0,0,0,0,0
12991,-1,0,5.2788997,0.9949279,1,1,unassigned,2.0,2.0,0.0,1.0,0.0,0.0,0.0,0.0,0,0,0,1,1
12992,-1,0,0.22114366,0.5550617,1,1,unassigned,54.0,54.0,0.0,1.0,0.0,0.0,0.10058027,0.0,0,0,0,1,0
12993,1,0,-0.5537158,0.36500272,0,1,test,5.0,5.0,0.0,1.0,0.0,0.0,0.0058027077,0.0,0,0,0,0,0
12994,-1,0,8.910536,0.99986506,1,1,unassigned,11.0,8.0,3.0,0.72727275,0.27272728,0.27272725,0.017408123,0.00474767,0,0,0,1,1
12995,-1,0,-0.81424123,0.30698746,0,1,unassigned,79.0,79.0,0.0,1.0,0.0,0.0,0.14893617,0.0,0,0,0,0,0
12996,-1,0,-0.8184291,0.30609724,0,1,unassigned,15.0,14.0,1.0,0.93333334,0.06666667,0.06666666,0.025145067,0.0016763379,0,0,0,0,0
12997,1,0,3.4127748,0.9681014,1,0,val,17.0,17.0,0.0,1.0,0.0,0.0,0.029013539,0.0,0,0,1,1,1
12998,-1,0,-0.87987334,0.293204,0,1,unassigned,27.0,27.0,0.0,1.0,0.0,0.0,0.0483559,0.0,0,0,0,0,0
12999,-1,0,0.9360817,0.71830755,1,1,unassigned,4.0,4.0,0.0,1.0,0.0,0.0,0.003868472,0.0,0,0,0,1,0
13000,-1,0,3.6697114,0.97514945,1,1,unassigned,18.0,14.0,4.0,0.7777778,0.22222222,0.22222221,0.030947777,0.0068772836,0,0,0,1,1
13001,-1,0,-0.25822824,0.43579927,0,1,unassigned,6.0,6.0,0.0,1.0,0.0,0.0,0.007736944,0.0,0,0,0,0,0
13002,-1,1,1.3169334,0.788671,1,1,unassigned,31.0,29.0,2.0,0.9354839,0.06451613,0.06451613,0.056092843,0.003618893,1,0,0,1,0
13003,-1,1,0.10559136,0.5263733,1,1,unassigned,2.0,2.0,0.0,1.0,0.0,0.0,0.0,0.0,1,0,0,1,0
13004,-1,0,4.8910794,0.99254274,1,1,unassigned,4.0,1.0,3.0,0.25,0.75,0.75,0.003868472,0.002901354,0,0,0,1,1
13005,-1,0,2.5790374,0.92950016,1,1,unassigned,3.0,3.0,0.0,1.0,0.0,0.0,0.001934236,0.0,0,0,0,1,1
13006,-1,0,1.6364768,0.8370549,1,1,unassigned,2.0,2.0,0.0,1.0,0.0,0.0,0.0,0.0,0,0,0,1,0
13007,-1,1,12.643475,0.9999968,1,1,unassigned,36.0,33.0,3.0,0.9166667,0.083333336,0.08333331,0.065764025,0.0054803356,1,0,0,1,1
13008,-1,0,-0.8830713,0.29254174,0,1,unassigned,85.0,81.0,4.0,0.9529412,0.047058824,0.04705882,0.16054158,0.007554898,0,0,0,0,0
13009,-1,0,2.0636103,0.8873157,1,1,unassigned,19.0,16.0,3.0,0.84210527,0.15789473,0.15789473,0.032882012,0.0051918966,0,0,0,1,0
13010,-1,0,-0.9277849,0.2833743,0,1,unassigned,77.0,77.0,0.0,1.0,0.0,0.0,0.14506769,0.0,0,0,0,0,0
13011,-1,0,-0.5375178,0.3687652,0,1,unassigned,54.0,54.0,0.0,1.0,0.0,0.0,0.10058027,0.0,0,0,0,0,0
13012,-1,0,-0.7755898,0.31527114,0,1,unassigned,52.0,52.0,0.0,1.0,0.0,0.0,0.0967118,0.0,0,0,0,0,0
13013,-1,0,-0.8327881,0.30305585,0,1,unassigned,46.0,43.0,3.0,0.9347826,0.06521739,0.065217376,0.08510638,0.005550416,0,0,0,0,0
13014,1,0,0.67879087,0.6634688,1,0,test,4.0,4.0,0.0,1.0,0.0,0.0,0.003868472,0.0,0,0,1,1,0
13015,-1,0,-0.053922713,0.4865226,0,1,unassigned,6.0,6.0,0.0,1.0,0.0,0.0,0.007736944,0.0,0,0,0,0,0
13016,-1,1,-0.26538897,0.43403947,0,1,unassigned,2.0,2.0,0.0,1.0,0.0,0.0,0.0,0.0,1,0,0,0,0
13017,-1,0,-0.39805377,0.40178004,0,1,unassigned,29.0,29.0,0.0,1.0,0.0,0.0,0.05222437,0.0,0,0,0,0,0
13018,-1,0,5.1986547,0.9945063,1,1,unassigned,31.0,27.0,4.0,0.87096775,0.12903225,0.12903225,0.056092843,0.007237786,0,0,0,1,1
13019,-1,0,-0.47645482,0.3830896,0,1,unassigned,54.0,54.0,0.0,1.0,0.0,0.0,0.10058027,0.0,0,0,0,0,0
13020,-1,0,2.1959794,0.89988786,1,1,unassigned,5.0,5.0,0.0,1.0,0.0,0.0,0.0058027077,0.0,0,0,0,1,0
13021,-1,0,2.4177244,0.9181689,1,1,unassigned,2.0,2.0,0.0,1.0,0.0,0.0,0.0,0.0,0,0,0,1,1
13022,-1,0,-0.20499772,0.44892928,0,1,unassigned,10.0,10.0,0.0,1.0,0.0,0.0,0.015473888,0.0,0,0,0,0,0
13023,-1,0,-0.37304845,0.40780464,0,1,unassigned,6.0,6.0,0.0,1.0,0.0,0.0,0.007736944,0.0,0,0,0,0,0
13024,-1,1,-0.17847514,0.4554993,0,1,unassigned,3.0,3.0,0.0,1.0,0.0,0.0,0.001934236,0.0,1,0,0,0,0
13025,-1,0,-0.7979043,0.31047398,0,1,unassigned,36.0,35.0,1.0,0.9722222,0.027777778,0.027777791,0.065764025,0.0018267785,0,0,0,0,0
13026,1,0,-0.29322875,0.42721364,0,1,test,23.0,23.0,0.0,1.0,0.0,0.0,0.040618956,0.0,0,0,0,0,0
13027,-1,0,-0.9131768,0.2863502,0,1,unassigned,36.0,36.0,0.0,1.0,0.0,0.0,0.065764025,0.0,0,0,0,0,0
13028,-1,0,1.3592625,0.7956398,1,1,unassigned,4.0,3.0,1.0,0.75,0.25,0.25,0.003868472,0.000967118,0,0,0,1,0
13029,-1,0,-0.7267633,0.32590538,0,1,unassigned,121.0,121.0,0.0,1.0,0.0,0.0,0.23017408,0.0,0,0,0,0,0
13030,-1,1,-0.22457027,0.44409218,0,1,unassigned,3.0,3.0,0.0,1.0,0.0,0.0,0.001934236,0.0,1,0,0,0,0
13031,-1,1,0.7802461,0.68573314,1,1,unassigned,8.0,6.0,2.0,0.75,0.25,0.25,0.0116054155,0.0029013539,1,0,0,1,0
13032,1,0,-0.07651454,0.4808807,0,1,unassigned,8.0,8.0,0.0,1.0,0.0,0.0,0.0116054155,0.0,0,0,0,0,0
13033,-1,0,3.0865428,0.95633423,1,1,unassigned,34.0,33.0,1.0,0.9705882,0.029411765,0.029411793,0.061895553,0.0018204574,0,0,0,1,1
13034,-1,0,-0.7383125,0.3233733,0,1,unassigned,44.0,44.0,0.0,1.0,0.0,0.0,0.08123791,0.0,0,0,0,0,0
13035,-1,0,-0.119992554,0.47003776,0,1,unassigned,11.0,11.0,0.0,1.0,0.0,0.0,0.017408123,0.0,0,0,0,0,0
13036,-1,0,3.2343996,0.96210843,1,1,unassigned,19.0,18.0,1.0,0.94736844,0.05263158,0.052631557,0.032882012,0.0017306323,0,0,0,1,1
13037,-1,0,0.36023718,0.58909786,1,1,unassigned,2.0,2.0,0.0,1.0,0.0,0.0,0.0,0.0,0,0,0,1,0
13038,-1,0,0.17249352,0.5430168,1,1,unassigned,7.0,7.0,0.0,1.0,0.0,0.0,0.00967118,0.0,0,0,0,1,0
13039,-1,0,0.10155851,0.52536786,1,1,unassigned,2.0,2.0,0.0,1.0,0.0,0.0,0.0,0.0,0,0,0,1,0
13040,-1,0,1.7385693,0.85050523,1,1,unassigned,35.0,30.0,5.0,0.85714287,0.14285715,0.14285713,0.06382979,0.009118541,0,0,0,1,0
13041,-1,0,-0.057014287,0.4857503,0,1,unassigned,66.0,66.0,0.0,1.0,0.0,0.0,0.123791106,0.0,0,0,0,0,0
13042,-1,0,0.47215182,0.6158929,1,1,unassigned,5.0,5.0,0.0,1.0,0.0,0.0,0.0058027077,0.0,0,0,0,1,0
13043,-1,0,-0.24099797,0.44004044,0,1,unassigned,2.0,2.0,0.0,1.0,0.0,0.0,0.0,0.0,0,0,0,0,0
13044,-1,0,0.5858539,0.64241326,1,1,unassigned,35.0,35.0,0.0,1.0,0.0,0.0,0.06382979,0.0,0,0,0,1,0
13045,0,0,0.4899673,0.6200987,1,1,unassigned,6.0,6.0,0.0,1.0,0.0,0.0,0.007736944,0.0,0,0,0,1,0
13046,-1,0,0.2386244,0.55937463,1,1,unassigned,70.0,70.0,0.0,1.0,0.0,0.0,0.13152805,0.0,0,0,0,1,0
13047,-1,0,0.022958815,0.50573945,1,1,unassigned,3.0,3.0,0.0,1.0,0.0,0.0,0.001934236,0.0,0,0,0,1,0
13048,-1,0,-0.9274325,0.2834459,0,1,unassigned,58.0,56.0,2.0,0.9655172,0.03448276,0.034482777,0.10831721,0.0037350762,0,0,0,0,0
13049,-1,0,-0.8954871,0.28997877,0,1,unassigned,123.0,121.0,2.0,0.98373985,0.016260162,0.016260147,0.23404256,0.0038055698,0,0,0,0,0
13050,1,1,-0.12180507,0.46958634,0,1,unassigned,31.0,17.0,14.0,0.5483871,0.4516129,0.4516129,0.056092843,0.025332252,1,0,0,0,0
13051,-1,0,-0.91351956,0.28628018,0,1,unassigned,30.0,29.0,1.0,0.96666664,0.033333335,0.03333336,0.054158606,0.001805287,0,0,0,0,0
13052,-1,0,-0.39087698,0.4035062,0,1,unassigned,15.0,15.0,0.0,1.0,0.0,0.0,0.025145067,0.0,0,0,0,0,0
13053,-1,0,1.1073477,0.7516343,1,1,unassigned,4.0,4.0,0.0,1.0,0.0,0.0,0.003868472,0.0,0,0,0,1,0
13054,-1,0,-0.86977684,0.29530072,0,1,unassigned,91.0,91.0,0.0,1.0,0.0,0.0,0.172147,0.0,0,0,0,0,0
13055,-1,0,-0.8416786,0.30118135,0,1,unassigned,43.0,42.0,1.0,0.9767442,0.023255814,0.023255825,0.079303674,0.0018442714,0,0,0,0,0
13056,-1,0,0.13769782,0.5343702,1,1,unassigned,13.0,12.0,1.0,0.9230769,0.07692308,0.07692307,0.021276595,0.0016366612,0,0,0,1,0
13057,-1,0,-0.85558295,0.298263,0,1,unassigned,23.0,23.0,0.0,1.0,0.0,0.0,0.040618956,0.0,0,0,0,0,0
13058,-1,0,-0.6470307,0.34365895,0,1,unassigned,73.0,72.0,1.0,0.98630136,0.01369863,0.0136986375,0.13733076,0.0018812432,0,0,0,0,0
13059,-1,0,0.23337978,0.55808157,1,1,unassigned,28.0,28.0,0.0,1.0,0.0,0.0,0.050290134,0.0,0,0,0,1,0
13060,1,0,-0.10967785,0.47260797,0,1,test,20.0,20.0,0.0,1.0,0.0,0.0,0.034816246,0.0,0,0,0,0,0
13061,-1,0,-0.4976818,0.3780856,0,1,unassigned,25.0,25.0,0.0,1.0,0.0,0.0,0.044487428,0.0,0,0,0,0,0
13062,-1,0,3.6800568,0.9753989,1,1,unassigned,14.0,13.0,1.0,0.9285714,0.071428575,0.0714286,0.023210831,0.0016579166,0,0,0,1,1
13063,-1,1,-0.44105297,0.3914901,0,1,unassigned,4.0,4.0,0.0,1.0,0.0,0.0,0.003868472,0.0,1,0,0,0,0
13064,-1,0,2.7410743,0.9394072,1,1,unassigned,3.0,3.0,0.0,1.0,0.0,0.0,0.001934236,0.0,0,0,0,1,1
13065,-1,1,2.246907,0.90438336,1,1,unassigned,2.0,2.0,0.0,1.0,0.0,0.0,0.0,0.0,1,0,0,1,1
13066,-1,0,1.6397574,0.83750194,1,1,unassigned,4.0,3.0,1.0,0.75,0.25,0.25,0.003868472,0.000967118,0,0,0,1,0
13067,-1,0,-0.74311996,0.32232228,0,1,unassigned,6.0,6.0,0.0,1.0,0.0,0.0,0.007736944,0.0,0,0,0,0,0
13068,-1,1,3.6640103,0.97501093,1,1,unassigned,6.0,6.0,0.0,1.0,0.0,0.0,0.007736944,0.0,1,0,0,1,1
13069,-1,0,-0.38482636,0.4049633,0,1,unassigned,71.0,70.0,1.0,0.9859155,0.014084507,0.014084518,0.13346228,0.0018797504,0,0,0,0,0
13070,-1,0,-0.8837098,0.29240963,0,1,unassigned,64.0,62.0,2.0,0.96875,0.03125,0.03125,0.11992263,0.0037475822,0,0,0,0,0
13071,-1,0,-0.85560197,0.29825905,0,1,unassigned,104.0,104.0,0.0,1.0,0.0,0.0,0.19729207,0.0,0,0,0,0,0
13072,-1,0,1.6685059,0.84137654,1,1,unassigned,113.0,101.0,12.0,0.8938053,0.10619469,0.106194675,0.21470019,0.02280002,0,0,0,1,0
13073,-1,0,1.9754364,0.87819386,1,1,unassigned,20.0,18.0,2.0,0.9,0.1,0.100000024,0.034816246,0.0034816246,0,0,0,1,0
13074,-1,0,1.2154338,0.771259,1,1,unassigned,14.0,14.0,0.0,1.0,0.0,0.0,0.023210831,0.0,0,0,0,1,0
13075,-1,0,-0.2657575,0.43394893,0,1,unassigned,5.0,5.0,0.0,1.0,0.0,0.0,0.0058027077,0.0,0,0,0,0,0
13076,-1,0,0.0019541383,0.5004885,1,1,unassigned,52.0,52.0,0.0,1.0,0.0,0.0,0.0967118,0.0,0,0,0,1,0
13077,-1,0,4.594251,0.9899914,1,1,unassigned,6.0,5.0,1.0,0.8333333,0.16666667,0.16666669,0.007736944,0.0012894907,0,0,0,1,1
13078,-1,0,-0.09260625,0.47686496,0,1,unassigned,25.0,23.0,2.0,0.92,0.08,0.07999998,0.044487428,0.003558994,0,0,0,0,0
13079,0,0,-0.71266913,0.32900932,0,0,val,15.0,15.0,0.0,1.0,0.0,0.0,0.025145067,0.0,0,0,1,0,0
13080,0,0,-0.76163924,0.31829047,0,0,val,47.0,46.0,1.0,0.9787234,0.021276595,0.021276593,0.08704062,0.001851928,0,0,1,0,0
13081,1,0,1.6121655,0.8337118,1,0,unassigned,15.0,15.0,0.0,1.0,0.0,0.0,0.025145067,0.0,0,0,1,1,0
13082,-1,0,4.2837577,0.98639685,1,1,unassigned,24.0,13.0,11.0,0.5416667,0.45833334,0.4583333,0.04255319,0.019503545,0,0,0,1,1
13083,-1,0,-0.42859304,0.39446235,0,1,unassigned,151.0,150.0,1.0,0.9933775,0.0066225166,0.0066224933,0.28820115,0.0019086169,0,0,0,0,0
13084,-1,1,6.711827,0.9987851,1,1,unassigned,9.0,5.0,4.0,0.5555556,0.44444445,0.44444442,0.013539651,0.006017623,1,0,0,1,1
13085,0,0,-0.5782391,0.35933787,0,0,test,22.0,22.0,0.0,1.0,0.0,0.0,0.03868472,0.0,0,0,1,0,0
13086,-1,1,1.6408327,0.8376482,1,1,unassigned,5.0,3.0,2.0,0.6,0.4,0.39999998,0.0058027077,0.002321083,1,0,0,1,0
13087,-1,0,-0.43159032,0.3937466,0,1,unassigned,7.0,7.0,0.0,1.0,0.0,0.0,0.00967118,0.0,0,0,0,0,0
13088,-1,0,-0.4126181,0.39828452,0,1,unassigned,19.0,19.0,0.0,1.0,0.0,0.0,0.032882012,0.0,0,0,0,0,0
13089,1,0,1.6148324,0.8340812,1,0,test,14.0,14.0,0.0,1.0,0.0,0.0,0.023210831,0.0,0,0,1,1,0
13090,-1,0,-0.882475,0.29266515,0,1,unassigned,46.0,43.0,3.0,0.9347826,0.06521739,0.065217376,0.08510638,0.005550416,0,0,0,0,0
13091,-1,0,0.15902847,0.53967357,1,1,unassigned,3.0,3.0,0.0,1.0,0.0,0.0,0.001934236,0.0,0,0,0,1,0
13092,-1,0,0.5444127,0.6328383,1,1,unassigned,16.0,15.0,1.0,0.9375,0.0625,0.0625,0.027079303,0.0016924564,0,0,0,1,0
13093,-1,1,1.2995539,0.78575987,1,1,unassigned,92.0,91.0,1.0,0.98913044,0.010869565,0.010869563,0.17408124,0.0018921874,1,0,0,1,0
13094,1,0,-0.55655915,0.36434397,0,1,unassigned,36.0,36.0,0.0,1.0,0.0,0.0,0.065764025,0.0,0,0,0,0,0
13095,-1,1,1.1926136,0.76720816,1,1,unassigned,5.0,5.0,0.0,1.0,0.0,0.0,0.0058027077,0.0,1,0,0,1,0
13096,1,0,0.22612041,0.55629045,1,0,unassigned,68.0,68.0,0.0,1.0,0.0,0.0,0.12765957,0.0,0,0,1,1,0
13097,-1,1,3.170672,0.9597156,1,1,unassigned,55.0,45.0,10.0,0.8181818,0.18181819,0.18181819,0.102514505,0.018639002,1,0,0,1,1
13098,-1,0,1.5170987,0.82011086,1,1,unassigned,6.0,6.0,0.0,1.0,0.0,0.0,0.007736944,0.0,0,0,0,1,0
13099,-1,0,0.821582,0.6945721,1,1,unassigned,9.0,9.0,0.0,1.0,0.0,0.0,0.013539651,0.0,0,0,0,1,0
13100,-1,1,5.973467,0.9974611,1,1,unassigned,5.0,4.0,1.0,0.8,0.2,0.19999999,0.0058027077,0.0011605415,1,0,0,1,1
13101,-1,0,-0.5966805,0.35510346,0,1,unassigned,36.0,35.0,1.0,0.9722222,0.027777778,0.027777791,0.065764025,0.0018267785,0,0,0,0,0
13102,-1,0,3.8207495,0.9785584,1,1,unassigned,30.0,30.0,0.0,1.0,0.0,0.0,0.054158606,0.0,0,0,0,1,1
13103,-1,0,-0.3048473,0.42437294,0,1,unassigned,5.0,5.0,0.0,1.0,0.0,0.0,0.0058027077,0.0,0,0,0,0,0
13104,-1,0,-0.0321725,0.49195755,0,1,unassigned,3.0,2.0,1.0,0.6666667,0.33333334,0.3333333,0.001934236,0.00064474536,0,0,0,0,0
13105,-1,0,1.6261647,0.8356436,1,1,unassigned,43.0,42.0,1.0,0.9767442,0.023255814,0.023255825,0.079303674,0.0018442714,0,0,0,1,0
13106,0,0,-0.13138723,0.46720034,0,0,test,30.0,30.0,0.0,1.0,0.0,0.0,0.054158606,0.0,0,0,1,0,0
13107,-1,0,-0.5859904,0.35755536,0,1,unassigned,2.0,2.0,0.0,1.0,0.0,0.0,0.0,0.0,0,0,0,0,0
13108,-1,1,1.400378,0.8022438,1,1,unassigned,7.0,7.0,0.0,1.0,0.0,0.0,0.00967118,0.0,1,0,0,1,0
13109,-1,0,3.9700758,0.98147756,1,1,unassigned,19.0,19.0,0.0,1.0,0.0,0.0,0.032882012,0.0,0,0,0,1,1
13110,1,0,9.305271,0.99990904,1,0,val,25.0,24.0,1.0,0.96,0.04,0.04000002,0.044487428,0.001779497,0,0,1,1,1
13111,0,0,-0.589713,0.35670072,0,0,test,8.0,8.0,0.0,1.0,0.0,0.0,0.0116054155,0.0,0,0,1,0,0
13112,-1,1,1.146456,0.758863,1,1,unassigned,3.0,1.0,2.0,0.33333334,0.6666667,0.6666666,0.001934236,0.0012894907,1,0,0,1,0
13113,0,1,0.6440216,0.65566194,1,1,unassigned,11.0,10.0,1.0,0.90909094,0.09090909,0.090909064,0.017408123,0.0015825568,1,0,0,1,0
13114,-1,0,4.28157,0.9863675,1,1,unassigned,13.0,12.0,1.0,0.9230769,0.07692308,0.07692307,0.021276595,0.0016366612,0,0,0,1,1
13115,-1,0,-0.75978416,0.31869313,0,1,unassigned,44.0,44.0,0.0,1.0,0.0,0.0,0.08123791,0.0,0,0,0,0,0
13116,-1,1,8.839674,0.99985516,1,1,unassigned,7.0,5.0,2.0,0.71428573,0.2857143,0.28571427,0.00967118,0.0027631943,1,0,0,1,1
13117,-1,0,11.26548,0.99998724,1,1,unassigned,2.0,1.0,1.0,0.5,0.5,0.5,0.0,0.0,0,0,0,1,1
13118,-1,1,0.31695968,0.5785831,1,1,unassigned,29.0,28.0,1.0,0.9655172,0.03448276,0.034482777,0.05222437,0.0018008404,1,0,0,1,0
13119,1,0,2.2773316,0.9069821,1,0,unassigned,23.0,22.0,1.0,0.95652175,0.04347826,0.04347825,0.040618956,0.0017660416,0,0,1,1,1
13120,-1,0,-0.71788543,0.32785878,0,1,unassigned,2.0,2.0,0.0,1.0,0.0,0.0,0.0,0.0,0,0,0,0,0
13121,-1,0,0.4676066,0.61481714,1,1,unassigned,88.0,84.0,4.0,0.95454544,0.045454547,0.04545456,0.1663443,0.007561105,0,0,0,1,0
13122,-1,0,-0.57200956,0.36077327,0,1,unassigned,20.0,20.0,0.0,1.0,0.0,0.0,0.034816246,0.0,0,0,0,0,0
13123,1,0,-0.5122904,0.37465674,0,1,val,27.0,16.0,11.0,0.5925926,0.4074074,0.4074074,0.0483559,0.019700551,0,0,0,0,0
13124,0,0,2.0836923,0.88930804,1,1,unassigned,4.0,4.0,0.0,1.0,0.0,0.0,0.003868472,0.0,0,0,0,1,0
13125,-1,0,-0.59559786,0.3553515,0,1,unassigned,47.0,43.0,4.0,0.9148936,0.08510638,0.08510637,0.08704062,0.007407712,0,0,0,0,0
13126,-1,0,-0.85413677,0.2985658,0,1,unassigned,30.0,27.0,3.0,0.9,0.1,0.100000024,0.054158606,0.0054158606,0,0,0,0,0
13127,-1,0,-0.7307083,0.3250393,0,1,unassigned,30.0,28.0,2.0,0.93333334,0.06666667,0.06666666,0.054158606,0.003610574,0,0,0,0,0
13128,0,0,-0.6970146,0.33247447,0,0,unassigned,121.0,118.0,3.0,0.9752066,0.024793388,0.024793386,0.23017408,0.0057067955,0,0,1,0,0
13129,-1,0,1.0430915,0.7394461,1,1,unassigned,15.0,14.0,1.0,0.93333334,0.06666667,0.06666666,0.025145067,0.0016763379,0,0,0,1,0
13130,-1,0,-0.9201064,0.28493622,0,1,unassigned,58.0,56.0,2.0,0.9655172,0.03448276,0.034482777,0.10831721,0.0037350762,0,0,0,0,0
13131,-1,0,-0.85816485,0.2977229,0,1,unassigned,21.0,21.0,0.0,1.0,0.0,0.0,0.036750484,0.0,0,0,0,0,0
13132,-1,0,3.6843717,0.97550225,1,1,unassigned,4.0,4.0,0.0,1.0,0.0,0.0,0.003868472,0.0,0,0,0,1,1
13133,-1,1,1.0188847,0.7347552,1,1,unassigned,40.0,26.0,14.0,0.65,0.35,0.35000002,0.07350097,0.025725339,1,0,0,1,0
13134,-1,1,0.116274476,0.5290359,1,1,unassigned,14.0,14.0,0.0,1.0,0.0,0.0,0.023210831,0.0,1,0,0,1,0
13135,-1,0,-0.83678687,0.30221194,0,1,unassigned,11.0,11.0,0.0,1.0,0.0,0.0,0.017408123,0.0,0,0,0,0,0
13136,-1,0,-0.6849317,0.33516148,0,1,unassigned,47.0,44.0,3.0,0.9361702,0.06382979,0.06382978,0.08704062,0.0055557843,0,0,0,0,0
13137,0,0,-0.15109041,0.4622991,0,0,unassigned,6.0,6.0,0.0,1.0,0.0,0.0,0.007736944,0.0,0,0,1,0,0
13138,-1,0,0.105849445,0.5264377,1,1,unassigned,9.0,9.0,0.0,1.0,0.0,0.0,0.013539651,0.0,0,0,0,1,0
13139,-1,0,-0.1768834,0.45589408,0,1,unassigned,15.0,14.0,1.0,0.93333334,0.06666667,0.06666666,0.025145067,0.0016763379,0,0,0,0,0
13140,-1,1,-0.41931796,0.39667997,0,1,unassigned,47.0,46.0,1.0,0.9787234,0.021276595,0.021276593,0.08704062,0.001851928,1,0,0,0,0
13141,-1,0,11.852291,0.99999285,1,1,unassigned,24.0,23.0,1.0,0.9583333,0.041666668,0.041666687,0.04255319,0.0017730496,0,0,0,1,1
13142,-1,0,0.7099095,0.6703811,1,1,unassigned,2.0,2.0,0.0,1.0,0.0,0.0,0.0,0.0,0,0,0,1,0
13143,-1,1,-0.89116967,0.2908685,0,1,unassigned,10.0,10.0,0.0,1.0,0.0,0.0,0.015473888,0.0,1,0,0,0,0
13144,-1,1,0.87649304,0.706095,1,1,unassigned,3.0,3.0,0.0,1.0,0.0,0.0,0.001934236,0.0,1,0,0,1,0
13145,-1,1,2.8180897,0.94364554,1,1,unassigned,5.0,5.0,0.0,1.0,0.0,0.0,0.0058027077,0.0,1,0,0,1,1
13146,-1,0,-0.44440117,0.39069277,0,1,unassigned,45.0,45.0,0.0,1.0,0.0,0.0,0.08317215,0.0,0,0,0,0,0
13147,-1,0,-0.7262716,0.32601345,0,1,unassigned,63.0,63.0,0.0,1.0,0.0,0.0,0.11798839,0.0,0,0,0,0,0
13148,-1,0,-0.6472539,0.34360865,0,1,unassigned,46.0,45.0,1.0,0.9782609,0.02173913,0.021739125,0.08510638,0.0018501388,0,0,0,0,0
13149,-1,0,-0.8247031,0.30476624,0,1,unassigned,100.0,100.0,0.0,1.0,0.0,0.0,0.18955512,0.0,0,0,0,0,0
13150,-1,0,-0.811094,0.30765742,0,1,unassigned,56.0,55.0,1.0,0.98214287,0.017857144,0.017857134,0.10444874,0.0018651562,0,0,0,0,0
13151,-1,0,-0.7626168,0.3180784,0,1,unassigned,51.0,45.0,6.0,0.88235295,0.11764706,0.11764705,0.09477756,0.011150301,0,0,0,0,0
13152,-1,0,6.8901587,0.9989832,1,1,unassigned,11.0,11.0,0.0,1.0,0.0,0.0,0.017408123,0.0,0,0,0,1,1
13153,-1,0,-0.73805547,0.3234295,0,1,unassigned,66.0,52.0,14.0,0.7878788,0.21212122,0.21212119,0.123791106,0.02625872,0,0,0,0,0
13154,-1,0,2.1794147,0.8983857,1,1,unassigned,2.0,2.0,0.0,1.0,0.0,0.0,0.0,0.0,0,0,0,1,0
13155,-1,0,-0.76608604,0.3173264,0,1,unassigned,59.0,55.0,4.0,0.9322034,0.06779661,0.06779659,0.11025145,0.0074746744,0,0,0,0,0
13156,-1,0,-0.9290769,0.28311202,0,1,unassigned,36.0,36.0,0.0,1.0,0.0,0.0,0.065764025,0.0,0,0,0,0,0
13157,0,0,0.360313,0.5891162,1,1,val,14.0,14.0,0.0,1.0,0.0,0.0,0.023210831,0.0,0,0,0,1,0
13158,-1,0,-0.23765737,0.44086373,0,1,unassigned,26.0,22.0,4.0,0.84615386,0.15384616,0.15384614,0.046421662,0.0071417945,0,0,0,0,0
13159,-1,0,1.4410939,0.808624,1,1,unassigned,2.0,2.0,0.0,1.0,0.0,0.0,0.0,0.0,0,0,0,1,0
13160,-1,1,-0.15317926,0.46177986,0,1,unassigned,45.0,44.0,1.0,0.9777778,0.022222223,0.02222222,0.08317215,0.0018482701,1,0,0,0,0
13161,-1,0,0.7277834,0.6743187,1,1,unassigned,5.0,4.0,1.0,0.8,0.2,0.19999999,0.0058027077,0.0011605415,0,0,0,1,0
13162,-1,0,-0.78966486,0.31224063,0,1,unassigned,3.0,3.0,0.0,1.0,0.0,0.0,0.001934236,0.0,0,0,0,0,0
13163,-1,1,-0.7574898,0.31919152,0,1,unassigned,14.0,13.0,1.0,0.9285714,0.071428575,0.0714286,0.023210831,0.0016579166,1,0,0,0,0
13164,-1,0,12.029474,0.99999404,1,1,unassigned,20.0,20.0,0.0,1.0,0.0,0.0,0.034816246,0.0,0,0,0,1,1
13165,-1,0,-0.58926827,0.35680273,0,1,unassigned,9.0,6.0,3.0,0.6666667,0.33333334,0.3333333,0.013539651,0.004513217,0,0,0,0,0
13166,-1,0,-0.3676249,0.40911505,0,1,unassigned,3.0,3.0,0.0,1.0,0.0,0.0,0.001934236,0.0,0,0,0,0,0
13167,-1,0,-0.8837409,0.29240316,0,1,unassigned,48.0,48.0,0.0,1.0,0.0,0.0,0.088974856,0.0,0,0,0,0,0
13168,-1,1,5.391289,0.9954646,1,1,unassigned,19.0,19.0,0.0,1.0,0.0,0.0,0.032882012,0.0,1,0,0,1,1
13169,-1,0,0.30948627,0.5767599,1,1,unassigned,4.0,2.0,2.0,0.5,0.5,0.5,0.003868472,0.001934236,0,0,0,1,0
13170,-1,0,-0.5571729,0.36420184,0,1,unassigned,11.0,10.0,1.0,0.90909094,0.09090909,0.090909064,0.017408123,0.0015825568,0,0,0,0,0
13171,-1,1,-0.6290427,0.34772763,0,1,unassigned,3.0,3.0,0.0,1.0,0.0,0.0,0.001934236,0.0,1,0,0,0,0
13172,-1,1,6.1578946,0.9978878,1,1,unassigned,6.0,6.0,0.0,1.0,0.0,0.0,0.007736944,0.0,1,0,0,1,1
13173,0,0,-0.21737376,0.44586957,0,0,val,16.0,16.0,0.0,1.0,0.0,0.0,0.027079303,0.0,0,0,1,0,0
13174,-1,1,2.790724,0.94217247,1,1,unassigned,15.0,12.0,3.0,0.8,0.2,0.19999999,0.025145067,0.0050290134,1,0,0,1,1
13175,-1,1,-0.2912131,0.42770687,0,1,unassigned,27.0,26.0,1.0,0.962963,0.037037037,0.037037015,0.0483559,0.0017909593,1,0,0,0,0
13176,-1,0,2.113724,0.89223,1,1,unassigned,13.0,7.0,6.0,0.53846157,0.46153846,0.46153843,0.021276595,0.009819967,0,0,0,1,0
13177,-1,0,4.0697885,0.98320585,1,1,unassigned,17.0,16.0,1.0,0.9411765,0.05882353,0.058823526,0.029013539,0.0017066788,0,0,0,1,1
13178,0,1,0.14366716,0.5358551,1,1,unassigned,2.0,2.0,0.0,1.0,0.0,0.0,0.0,0.0,1,0,0,1,0
13179,-1,0,-0.5684708,0.3615898,0,1,unassigned,8.0,8.0,0.0,1.0,0.0,0.0,0.0116054155,0.0,0,0,0,0,0
13180,-1,0,3.3038218,0.96455973,1,1,unassigned,3.0,2.0,1.0,0.6666667,0.33333334,0.3333333,0.001934236,0.00064474536,0,0,0,1,1
13181,-1,0,0.3292393,0.58157426,1,1,unassigned,3.0,1.0,2.0,0.33333334,0.6666667,0.6666666,0.001934236,0.0012894907,0,0,0,1,0
13182,-1,0,3.2951088,0.9642606,1,1,unassigned,25.0,23.0,2.0,0.92,0.08,0.07999998,0.044487428,0.003558994,0,0,0,1,1
13183,-1,1,0.7553529,0.6803439,1,1,unassigned,3.0,2.0,1.0,0.6666667,0.33333334,0.3333333,0.001934236,0.00064474536,1,0,0,1,0
13184,1,0,0.10824603,0.5270351,1,0,unassigned,15.0,15.0,0.0,1.0,0.0,0.0,0.025145067,0.0,0,0,1,1,0
13185,-1,0,1.1730781,0.76370096,1,1,unassigned,13.0,11.0,2.0,0.84615386,0.15384616,0.15384614,0.021276595,0.0032733225,0,0,0,1,0
13186,-1,0,1.7031171,0.8459414,1,1,unassigned,7.0,7.0,0.0,1.0,0.0,0.0,0.00967118,0.0,0,0,0,1,0
13187,-1,0,0.583453,0.64186156,1,1,unassigned,34.0,33.0,1.0,0.9705882,0.029411765,0.029411793,0.061895553,0.0018204574,0,0,0,1,0
13188,-1,0,1.4048986,0.80296004,1,1,unassigned,4.0,4.0,0.0,1.0,0.0,0.0,0.003868472,0.0,0,0,0,1,0
13189,-1,0,-0.36883736,0.40882197,0,1,unassigned,60.0,60.0,0.0,1.0,0.0,0.0,0.11218569,0.0,0,0,0,0,0
13190,1,1,3.4317148,0.9686811,1,0,train,20.0,15.0,5.0,0.75,0.25,0.25,0.034816246,0.008704062,1,0,1,1,1
13191,-1,0,-0.81374556,0.3070929,0,1,unassigned,38.0,37.0,1.0,0.9736842,0.02631579,0.026315808,0.06963249,0.0018324341,0,0,0,0,0
13192,-1,0,4.6929445,0.99092346,1,1,unassigned,9.0,8.0,1.0,0.8888889,0.11111111,0.111111104,0.013539651,0.0015044058,0,0,0,1,1
13193,1,0,3.169645,0.95967585,1,0,test,4.0,4.0,0.0,1.0,0.0,0.0,0.003868472,0.0,0,0,1,1,1
13194,-1,1,0.11188769,0.5279428,1,1,unassigned,17.0,10.0,7.0,0.5882353,0.4117647,0.41176468,0.029013539,0.011946752,1,0,0,1,0
13195,-1,1,6.2582526,0.998089,1,1,unassigned,3.0,3.0,0.0,1.0,0.0,0.0,0.001934236,0.0,1,0,0,1,1
13196,-1,0,2.0150578,0.882369,1,1,unassigned,27.0,26.0,1.0,0.962963,0.037037037,0.037037015,0.0483559,0.0017909593,0,0,0,1,0
13197,-1,0,-0.14663056,0.4634079,0,1,unassigned,3.0,3.0,0.0,1.0,0.0,0.0,0.001934236,0.0,0,0,0,0,0
13198,-1,0,0.29031783,0.57207394,1,1,unassigned,7.0,7.0,0.0,1.0,0.0,0.0,0.00967118,0.0,0,0,0,1,0
13199,-1,0,-0.5218067,0.37242982,0,1,unassigned,4.0,4.0,0.0,1.0,0.0,0.0,0.003868472,0.0,0,0,0,0,0
13200,-1,0,0.17578274,0.5438329,1,1,unassigned,22.0,22.0,0.0,1.0,0.0,0.0,0.03868472,0.0,0,0,0,1,0
13201,1,0,1.3110793,0.78769374,1,0,test,19.0,19.0,0.0,1.0,0.0,0.0,0.032882012,0.0,0,0,1,1,0
13202,-1,1,2.92671,0.9491511,1,1,unassigned,7.0,5.0,2.0,0.71428573,0.2857143,0.28571427,0.00967118,0.0027631943,1,0,0,1,1
13203,-1,0,-0.36427587,0.4099249,0,1,unassigned,20.0,20.0,0.0,1.0,0.0,0.0,0.034816246,0.0,0,0,0,0,0
13204,-1,1,1.5523121,0.8252474,1,1,unassigned,8.0,6.0,2.0,0.75,0.25,0.25,0.0116054155,0.0029013539,1,0,0,1,0
13205,-1,0,-0.6581794,0.3411487,0,1,unassigned,121.0,120.0,1.0,0.9917355,0.008264462,0.008264482,0.23017408,0.001902265,0,0,0,0,0
13206,-1,0,-0.72055006,0.32727185,0,1,unassigned,6.0,6.0,0.0,1.0,0.0,0.0,0.007736944,0.0,0,0,0,0,0
13207,-1,0,2.7919085,0.942237,1,1,unassigned,3.0,2.0,1.0,0.6666667,0.33333334,0.3333333,0.001934236,0.00064474536,0,0,0,1,1
13208,-1,1,4.6386523,0.9904219,1,1,unassigned,22.0,17.0,5.0,0.77272725,0.22727273,0.22727275,0.03868472,0.008791981,1,0,0,1,1
13209,-1,0,2.0873363,0.88966626,1,1,unassigned,16.0,15.0,1.0,0.9375,0.0625,0.0625,0.027079303,0.0016924564,0,0,0,1,0
13210,0,0,-0.6918651,0.3336183,0,0,unassigned,4.0,3.0,1.0,0.75,0.25,0.25,0.003868472,0.000967118,0,0,1,0,0
13211,0,1,-0.5076401,0.3757469,0,0,unassigned,2.0,2.0,0.0,1.0,0.0,0.0,0.0,0.0,1,0,1,0,0
13212,-1,0,0.84673697,0.6998822,1,1,unassigned,2.0,2.0,0.0,1.0,0.0,0.0,0.0,0.0,0,0,0,1,0
13213,-1,1,0.9133503,0.7136853,1,1,unassigned,36.0,32.0,4.0,0.8888889,0.11111111,0.111111104,0.065764025,0.007307114,1,0,0,1,0
13214,-1,0,3.7591908,0.9772281,1,1,unassigned,11.0,11.0,0.0,1.0,0.0,0.0,0.017408123,0.0,0,0,0,1,1
13215,-1,1,-0.42255443,0.39590567,0,1,unassigned,61.0,58.0,3.0,0.9508197,0.04918033,0.04918033,0.114119925,0.0056124553,1,0,0,0,0
13216,0,0,-0.48777992,0.3804167,0,0,val,109.0,107.0,2.0,0.98165137,0.018348623,0.018348634,0.20696326,0.0037974908,0,0,1,0,0
13217,-1,0,4.059593,0.9830367,1,1,unassigned,11.0,11.0,0.0,1.0,0.0,0.0,0.017408123,0.0,0,0,0,1,1
13218,-1,0,-0.5113825,0.37486953,0,1,unassigned,82.0,81.0,1.0,0.9878049,0.0121951215,0.01219511,0.15473887,0.0018870593,0,0,0,0,0
13219,-1,0,-0.6891269,0.33422732,0,1,unassigned,101.0,58.0,43.0,0.57425743,0.42574257,0.42574257,0.19148937,0.08152518,0,0,0,0,0
13220,0,0,-0.534162,0.36954668,0,0,unassigned,26.0,26.0,0.0,1.0,0.0,0.0,0.046421662,0.0,0,0,1,0,0
13221,-1,0,-0.638549,0.34557462,0,1,unassigned,97.0,94.0,3.0,0.96907216,0.030927835,0.030927837,0.18375242,0.0056830645,0,0,0,0,0
13222,-1,0,0.049155653,0.5122864,1,1,unassigned,25.0,25.0,0.0,1.0,0.0,0.0,0.044487428,0.0,0,0,0,1,0
13223,-1,0,-0.50891733,0.37544733,0,1,unassigned,17.0,17.0,0.0,1.0,0.0,0.0,0.029013539,0.0,0,0,0,0,0
13224,-1,1,1.2256162,0.7730504,1,1,unassigned,22.0,22.0,0.0,1.0,0.0,0.0,0.03868472,0.0,1,0,0,1,0
13225,-1,0,-0.5521846,0.36535773,0,1,unassigned,24.0,23.0,1.0,0.9583333,0.041666668,0.041666687,0.04255319,0.0017730496,0,0,0,0,0
13226,-1,0,1.7066505,0.84640133,1,1,unassigned,11.0,11.0,0.0,1.0,0.0,0.0,0.017408123,0.0,0,0,0,1,0
13227,-1,0,-0.8483465,0.29977983,0,1,unassigned,27.0,27.0,0.0,1.0,0.0,0.0,0.0483559,0.0,0,0,0,0,0
13228,-1,1,1.1619489,0.7616866,1,1,unassigned,23.0,22.0,1.0,0.95652175,0.04347826,0.04347825,0.040618956,0.0017660416,1,0,0,1,0
13229,-1,0,-0.037817955,0.4905466,0,1,unassigned,19.0,18.0,1.0,0.94736844,0.05263158,0.052631557,0.032882012,0.0017306323,0,0,0,0,0
13230,-1,1,0.5557063,0.63545847,1,1,unassigned,29.0,28.0,1.0,0.9655172,0.03448276,0.034482777,0.05222437,0.0018008404,1,0,0,1,0
13231,-1,0,-0.90053916,0.2889397,0,1,unassigned,48.0,48.0,0.0,1.0,0.0,0.0,0.088974856,0.0,0,0,0,0,0
13232,-1,0,-0.19775832,0.45072088,0,1,unassigned,27.0,27.0,0.0,1.0,0.0,0.0,0.0483559,0.0,0,0,0,0,0
13233,0,0,-0.23314002,0.4419776,0,0,unassigned,71.0,70.0,1.0,0.9859155,0.014084507,0.014084518,0.13346228,0.0018797504,0,0,1,0,0
13234,-1,0,-0.32253528,0.420058,0,1,unassigned,14.0,14.0,0.0,1.0,0.0,0.0,0.023210831,0.0,0,0,0,0,0
13235,-1,0,-0.63254887,0.34693283,0,1,unassigned,57.0,56.0,1.0,0.98245615,0.01754386,0.017543852,0.10638298,0.0018663681,0,0,0,0,0
13236,-1,0,0.0040012,0.50100034,1,1,unassigned,33.0,32.0,1.0,0.969697,0.030303031,0.030303001,0.059961315,0.0018170096,0,0,0,1,0
13237,-1,0,-0.5671201,0.36190164,0,1,unassigned,39.0,38.0,1.0,0.974359,0.025641026,0.025641024,0.07156673,0.0018350444,0,0,0,0,0
13238,-1,0,-0.7229517,0.3267433,0,1,unassigned,60.0,59.0,1.0,0.98333335,0.016666668,0.01666665,0.11218569,0.0018697615,0,0,0,0,0
13239,-1,0,1.142704,0.75817573,1,1,unassigned,127.0,121.0,6.0,0.9527559,0.047244094,0.047244072,0.24177949,0.011422653,0,0,0,1,0
13240,-1,0,0.6897481,0.6659109,1,1,unassigned,11.0,11.0,0.0,1.0,0.0,0.0,0.017408123,0.0,0,0,0,1,0
13241,-1,0,-0.34594983,0.4143649,0,1,unassigned,51.0,50.0,1.0,0.98039216,0.019607844,0.019607842,0.09477756,0.0018583836,0,0,0,0,0
13242,-1,0,-0.8084568,0.30821943,0,1,unassigned,54.0,53.0,1.0,0.9814815,0.018518519,0.018518507,0.10058027,0.0018625975,0,0,0,0,0
13243,-1,0,-0.709622,0.32968238,0,1,unassigned,58.0,58.0,0.0,1.0,0.0,0.0,0.10831721,0.0,0,0,0,0,0
13244,-1,0,-0.66169184,0.3403597,0,1,unassigned,55.0,55.0,0.0,1.0,0.0,0.0,0.102514505,0.0,0,0,0,0,0
13245,-1,1,-0.87067044,0.29511482,0,1,unassigned,33.0,33.0,0.0,1.0,0.0,0.0,0.059961315,0.0,1,0,0,0,0
13246,-1,0,2.5256898,0.9259232,1,1,unassigned,2.0,2.0,0.0,1.0,0.0,0.0,0.0,0.0,0,0,0,1,1
13247,-1,0,1.1617875,0.76165736,1,1,unassigned,2.0,2.0,0.0,1.0,0.0,0.0,0.0,0.0,0,0,0,1,0
13248,1,0,5.3047924,0.99505687,1,0,test,5.0,5.0,0.0,1.0,0.0,0.0,0.0058027077,0.0,0,0,1,1,1
13249,-1,0,-0.4905199,0.37977114,0,1,unassigned,160.0,159.0,1.0,0.99375,0.00625,0.006250024,0.3056093,0.0019100581,0,0,0,0,0
13250,-1,0,2.858031,0.94573236,1,1,unassigned,23.0,23.0,0.0,1.0,0.0,0.0,0.040618956,0.0,0,0,0,1,1
13251,0,1,-0.5945357,0.3555948,0,0,val,81.0,79.0,2.0,0.97530866,0.024691358,0.024691343,0.15280464,0.0037729542,1,0,1,0,0
13252,-1,0,3.1080258,0.95722264,1,1,unassigned,13.0,12.0,1.0,0.9230769,0.07692308,0.07692307,0.021276595,0.0016366612,0,0,0,1,1
13253,1,1,4.1779275,0.98490125,1,0,unassigned,25.0,25.0,0.0,1.0,0.0,0.0,0.044487428,0.0,1,0,1,1,1
13254,-1,0,0.9790159,0.72691286,1,1,unassigned,17.0,15.0,2.0,0.88235295,0.11764706,0.11764705,0.029013539,0.0034133575,0,0,0,1,0
13255,-1,0,-0.10780138,0.47307572,0,1,unassigned,2.0,2.0,0.0,1.0,0.0,0.0,0.0,0.0,0,0,0,0,0
13256,-1,1,7.3824253,0.9993783,1,1,unassigned,4.0,3.0,1.0,0.75,0.25,0.25,0.003868472,0.000967118,1,0,0,1,1
13257,0,0,-0.39544836,0.40240642,0,0,val,14.0,12.0,2.0,0.85714287,0.14285715,0.14285713,0.023210831,0.0033158332,0,0,1,0,0
13258,-1,0,0.2682786,0.56667024,1,1,unassigned,2.0,2.0,0.0,1.0,0.0,0.0,0.0,0.0,0,0,0,1,0
13259,-1,1,2.3560684,0.91341543,1,1,unassigned,3.0,3.0,0.0,1.0,0.0,0.0,0.001934236,0.0,1,0,0,1,1
13260,-1,1,0.30831152,0.57647306,1,1,unassigned,17.0,16.0,1.0,0.9411765,0.05882353,0.058823526,0.029013539,0.0017066788,1,0,0,1,0
13261,-1,0,0.20722026,0.5516204,1,1,unassigned,7.0,6.0,1.0,0.85714287,0.14285715,0.14285713,0.00967118,0.0013815971,0,0,0,1,0
13262,-1,0,-0.6989106,0.3320538,0,1,unassigned,31.0,31.0,0.0,1.0,0.0,0.0,0.056092843,0.0,0,0,0,0,0
13263,-1,1,4.429463,0.9882195,1,1,unassigned,4.0,3.0,1.0,0.75,0.25,0.25,0.003868472,0.000967118,1,0,0,1,1
13264,-1,1,0.29742664,0.5738133,1,1,unassigned,8.0,7.0,1.0,0.875,0.125,0.125,0.0116054155,0.0014506769,1,0,0,1,0
13265,-1,0,0.4041022,0.59967285,1,1,unassigned,3.0,3.0,0.0,1.0,0.0,0.0,0.001934236,0.0,0,0,0,1,0
13266,-1,0,-0.95821124,0.2772365,0,1,unassigned,43.0,43.0,0.0,1.0,0.0,0.0,0.079303674,0.0,0,0,0,0,0
13267,-1,0,0.06884259,0.51720387,1,1,unassigned,7.0,7.0,0.0,1.0,0.0,0.0,0.00967118,0.0,0,0,0,1,0
13268,-1,0,-0.5868111,0.35736686,0,1,unassigned,6.0,6.0,0.0,1.0,0.0,0.0,0.007736944,0.0,0,0,0,0,0
13269,-1,0,-0.9428019,0.2803347,0,1,unassigned,5.0,5.0,0.0,1.0,0.0,0.0,0.0058027077,0.0,0,0,0,0,0
13270,-1,0,-0.488613,0.38022035,0,1,unassigned,9.0,9.0,0.0,1.0,0.0,0.0,0.013539651,0.0,0,0,0,0,0
13271,-1,0,0.10674173,0.5266601,1,1,unassigned,21.0,21.0,0.0,1.0,0.0,0.0,0.036750484,0.0,0,0,0,1,0
13272,1,0,-0.31031412,0.42303807,0,1,unassigned,22.0,20.0,2.0,0.90909094,0.09090909,0.090909064,0.03868472,0.0035167928,0,0,0,0,0
13273,1,1,-0.08495802,0.47877324,0,1,val,9.0,9.0,0.0,1.0,0.0,0.0,0.013539651,0.0,1,0,0,0,0
13274,-1,0,-0.5627274,0.36291662,0,1,unassigned,22.0,19.0,3.0,0.8636364,0.13636364,0.13636363,0.03868472,0.005275189,0,0,0,0,0
13275,-1,0,2.0588124,0.88683504,1,1,unassigned,12.0,8.0,4.0,0.6666667,0.33333334,0.3333333,0.01934236,0.006447453,0,0,0,1,0
13276,-1,0,1.0265374,0.736244,1,1,unassigned,2.0,2.0,0.0,1.0,0.0,0.0,0.0,0.0,0,0,0,1,0
13277,1,0,2.724534,0.93845886,1,0,unassigned,30.0,26.0,4.0,0.8666667,0.13333334,0.13333333,0.054158606,0.007221148,0,0,1,1,1
13278,-1,1,-0.49735034,0.37816358,0,1,unassigned,195.0,186.0,9.0,0.95384616,0.046153847,0.046153843,0.37330756,0.01722958,1,0,0,0,0
13279,-1,0,-0.43671757,0.39252338,0,1,unassigned,50.0,50.0,0.0,1.0,0.0,0.0,0.092843324,0.0,0,0,0,0,0
13280,-1,0,-0.61847335,0.3501287,0,1,unassigned,2.0,2.0,0.0,1.0,0.0,0.0,0.0,0.0,0,0,0,0,0
13281,-1,0,-0.42138287,0.39618585,0,1,unassigned,49.0,48.0,1.0,0.97959185,0.020408163,0.020408154,0.09090909,0.0018552876,0,0,0,0,0
13282,-1,0,0.15242165,0.5380318,1,1,unassigned,47.0,46.0,1.0,0.9787234,0.021276595,0.021276593,0.08704062,0.001851928,0,0,0,1,0
13283,1,0,-0.08147246,0.4796431,0,1,test,31.0,31.0,0.0,1.0,0.0,0.0,0.056092843,0.0,0,0,0,0,0
13284,-1,0,-0.5855001,0.357668,0,1,unassigned,37.0,35.0,2.0,0.9459459,0.054054055,0.05405408,0.06769826,0.0036593657,0,0,0,0,0
13285,1,0,-0.38086006,0.40591946,0,1,unassigned,45.0,45.0,0.0,1.0,0.0,0.0,0.08317215,0.0,0,0,0,0,0
13286,-1,1,4.407187,0.9879574,1,1,unassigned,5.0,5.0,0.0,1.0,0.0,0.0,0.0058027077,0.0,1,0,0,1,1
13287,-1,1,-0.12825316,0.46798056,0,1,unassigned,80.0,79.0,1.0,0.9875,0.0125,0.012499988,0.15087041,0.0018858801,1,0,0,0,0
13288,1,0,2.8181286,0.94364756,1,0,val,44.0,39.0,5.0,0.8863636,0.11363637,0.113636374,0.08123791,0.009231581,0,0,1,1,1
13289,-1,1,2.8465497,0.9451401,1,1,unassigned,13.0,13.0,0.0,1.0,0.0,0.0,0.021276595,0.0,1,0,0,1,1
13290,-1,1,1.1770356,0.7644143,1,1,unassigned,45.0,31.0,14.0,0.6888889,0.31111112,0.3111111,0.08317215,0.02587578,1,0,0,1,0
13291,-1,1,-0.18779412,0.453189,0,1,unassigned,9.0,9.0,0.0,1.0,0.0,0.0,0.013539651,0.0,1,0,0,0,0
13292,1,1,0.98424965,0.72795063,1,0,unassigned,7.0,7.0,0.0,1.0,0.0,0.0,0.00967118,0.0,1,0,1,1,0
13293,-1,1,9.785627,0.99994373,1,1,unassigned,2.0,2.0,0.0,1.0,0.0,0.0,0.0,0.0,1,0,0,1,1
13294,-1,1,-0.88104916,0.2929604,0,1,unassigned,45.0,39.0,6.0,0.8666667,0.13333334,0.13333333,0.08317215,0.01108962,1,0,0,0,0
13295,-1,0,3.0641186,0.9553881,1,1,unassigned,48.0,48.0,0.0,1.0,0.0,0.0,0.088974856,0.0,0,0,0,1,1
13296,-1,0,1.3040953,0.7865234,1,1,unassigned,7.0,4.0,3.0,0.5714286,0.42857143,0.4285714,0.00967118,0.0041447915,0,0,0,1,0
13297,1,0,-0.86815774,0.2956378,0,1,unassigned,86.0,86.0,0.0,1.0,0.0,0.0,0.16247582,0.0,0,0,0,0,0
13298,-1,0,2.2127044,0.90138465,1,1,unassigned,39.0,38.0,1.0,0.974359,0.025641026,0.025641024,0.07156673,0.0018350444,0,0,0,1,1
13299,-1,0,-0.45985708,0.38701975,0,1,unassigned,30.0,30.0,0.0,1.0,0.0,0.0,0.054158606,0.0,0,0,0,0,0
13300,-1,0,1.5350428,0.82274294,1,1,unassigned,44.0,44.0,0.0,1.0,0.0,0.0,0.08123791,0.0,0,0,0,1,0
13301,-1,0,3.1664498,0.959552,1,1,unassigned,2.0,2.0,0.0,1.0,0.0,0.0,0.0,0.0,0,0,0,1,1
13302,-1,0,-0.77891076,0.3145547,0,1,unassigned,38.0,38.0,0.0,1.0,0.0,0.0,0.06963249,0.0,0,0,0,0,0
13303,0,1,-0.6146903,0.35099003,0,0,val,107.0,102.0,5.0,0.95327103,0.046728972,0.04672897,0.20309478,0.009490411,1,0,1,0,0
13304,-1,0,0.70441896,0.6691668,1,1,unassigned,16.0,16.0,0.0,1.0,0.0,0.0,0.027079303,0.0,0,0,0,1,0
13305,-1,1,1.8436568,0.8633806,1,1,unassigned,9.0,8.0,1.0,0.8888889,0.11111111,0.111111104,0.013539651,0.0015044058,1,0,0,1,0
13306,-1,0,0.351219,0.58691317,1,1,unassigned,38.0,35.0,3.0,0.92105263,0.078947365,0.078947365,0.06963249,0.005497302,0,0,0,1,0
13307,-1,0,-0.06776017,0.48306644,0,1,unassigned,17.0,17.0,0.0,1.0,0.0,0.0,0.029013539,0.0,0,0,0,0,0
13308,-1,1,-0.122338414,0.46945348,0,1,unassigned,34.0,28.0,6.0,0.8235294,0.1764706,0.17647058,0.061895553,0.010922745,1,0,0,0,0
13309,-1,0,0.85792786,0.70222753,1,1,unassigned,2.0,2.0,0.0,1.0,0.0,0.0,0.0,0.0,0,0,0,1,0
13310,-1,0,-0.40412223,0.40032235,0,1,unassigned,5.0,4.0,1.0,0.8,0.2,0.19999999,0.0058027077,0.0011605415,0,0,0,0,0
13311,-1,0,-0.87343335,0.29454038,0,1,unassigned,51.0,48.0,3.0,0.9411765,0.05882353,0.058823526,0.09477756,0.0055751507,0,0,0,0,0
13312,-1,0,2.2519345,0.9048173,1,1,unassigned,15.0,15.0,0.0,1.0,0.0,0.0,0.025145067,0.0,0,0,0,1,1
13313,-1,0,1.5299633,0.8220009,1,1,unassigned,3.0,3.0,0.0,1.0,0.0,0.0,0.001934236,0.0,0,0,0,1,0
13314,-1,1,8.71609,0.9998361,1,1,unassigned,15.0,12.0,3.0,0.8,0.2,0.19999999,0.025145067,0.0050290134,1,0,0,1,1
13315,-1,0,-0.9271122,0.28351095,0,1,unassigned,88.0,88.0,0.0,1.0,0.0,0.0,0.1663443,0.0,0,0,0,0,0
13316,-1,0,-0.62105113,0.3495424,0,1,unassigned,168.0,168.0,0.0,1.0,0.0,0.0,0.32108316,0.0,0,0,0,0,0
13317,-1,0,-0.46086442,0.38678077,0,1,unassigned,13.0,13.0,0.0,1.0,0.0,0.0,0.021276595,0.0,0,0,0,0,0
13318,-1,1,-0.3329485,0.4175234,0,1,unassigned,8.0,6.0,2.0,0.75,0.25,0.25,0.0116054155,0.0029013539,1,0,0,0,0
13319,-1,1,6.324166,0.9982108,1,1,unassigned,19.0,16.0,3.0,0.84210527,0.15789473,0.15789473,0.032882012,0.0051918966,1,0,0,1,1
13320,-1,1,4.522917,0.98925924,1,1,unassigned,16.0,14.0,2.0,0.875,0.125,0.125,0.027079303,0.0033849129,1,0,0,1,1
13321,-1,0,0.099114835,0.52475846,1,1,unassigned,18.0,15.0,3.0,0.8333333,0.16666667,0.16666669,0.030947777,0.005157963,0,0,0,1,0
13322,1,0,1.1637833,0.7620195,1,0,test,20.0,20.0,0.0,1.0,0.0,0.0,0.034816246,0.0,0,0,1,1,0
13323,-1,1,7.710501,0.9995521,1,1,unassigned,67.0,53.0,14.0,0.7910448,0.20895523,0.20895523,0.12572534,0.026270969,1,0,0,1,1
13324,1,1,4.6816497,0.9908213,1,0,val,28.0,26.0,2.0,0.9285714,0.071428575,0.0714286,0.050290134,0.0035921526,1,0,1,1,1
13325,-1,1,-0.75671977,0.31935886,0,1,unassigned,12.0,12.0,0.0,1.0,0.0,0.0,0.01934236,0.0,1,0,0,0,0
13326,-1,0,1.2215018,0.7723277,1,1,unassigned,5.0,5.0,0.0,1.0,0.0,0.0,0.0058027077,0.0,0,0,0,1,0
13327,-1,1,1.2612836,0.779247,1,1,unassigned,91.0,90.0,1.0,0.989011,0.010989011,0.01098901,0.172147,0.0018917253,1,0,0,1,0
13328,-1,0,5.2235665,0.9946408,1,1,unassigned,17.0,16.0,1.0,0.9411765,0.05882353,0.058823526,0.029013539,0.0017066788,0,0,0,1,1
13329,-1,0,1.3641675,0.79643613,1,1,unassigned,2.0,2.0,0.0,1.0,0.0,0.0,0.0,0.0,0,0,0,1,0
13330,1,1,0.43944234,0.6081261,1,0,unassigned,17.0,13.0,4.0,0.7647059,0.23529412,0.2352941,0.029013539,0.006826715,1,0,1,1,0
13331,-1,0,4.8681016,0.9923707,1,1,unassigned,10.0,8.0,2.0,0.8,0.2,0.19999999,0.015473888,0.0030947777,0,0,0,1,1
13332,-1,0,-0.5363732,0.36903167,0,1,unassigned,3.0,3.0,0.0,1.0,0.0,0.0,0.001934236,0.0,0,0,0,0,0
13333,-1,1,0.14366716,0.5358551,1,1,unassigned,2.0,2.0,0.0,1.0,0.0,0.0,0.0,0.0,1,0,0,1,0
13334,-1,0,-0.8670948,0.29585916,0,1,unassigned,2.0,2.0,0.0,1.0,0.0,0.0,0.0,0.0,0,0,0,0,0
13335,-1,0,-0.92272854,0.28440225,0,1,unassigned,4.0,4.0,0.0,1.0,0.0,0.0,0.003868472,0.0,0,0,0,0,0
13336,-1,0,-0.92778116,0.28337508,0,1,unassigned,33.0,31.0,2.0,0.93939394,0.060606062,0.060606062,0.059961315,0.0036340193,0,0,0,0,0
13337,0,0,0.18247455,0.5454925,1,1,val,20.0,18.0,2.0,0.9,0.1,0.100000024,0.034816246,0.0034816246,0,0,0,1,0
13338,-1,1,0.019969523,0.5049922,1,1,unassigned,9.0,7.0,2.0,0.7777778,0.22222222,0.22222221,0.013539651,0.0030088115,1,0,0,1,0
13339,-1,0,-0.3151265,0.42186388,0,1,unassigned,4.0,4.0,0.0,1.0,0.0,0.0,0.003868472,0.0,0,0,0,0,0
13340,1,1,-0.108563244,0.4728858,0,1,unassigned,9.0,9.0,0.0,1.0,0.0,0.0,0.013539651,0.0,1,0,0,0,0
13341,-1,0,-0.6660301,0.33938634,0,1,unassigned,28.0,28.0,0.0,1.0,0.0,0.0,0.050290134,0.0,0,0,0,0,0
13342,-1,0,7.278321,0.99931014,1,1,unassigned,2.0,2.0,0.0,1.0,0.0,0.0,0.0,0.0,0,0,0,1,1
13343,-1,0,-0.2711961,0.43261346,0,1,unassigned,3.0,3.0,0.0,1.0,0.0,0.0,0.001934236,0.0,0,0,0,0,0
13344,-1,1,-0.4302529,0.39406595,0,1,unassigned,2.0,1.0,1.0,0.5,0.5,0.5,0.0,0.0,1,0,0,0,0
13345,-1,0,0.3264609,0.580898,1,1,unassigned,6.0,5.0,1.0,0.8333333,0.16666667,0.16666669,0.007736944,0.0012894907,0,0,0,1,0
13346,1,1,0.19696552,0.5490828,1,0,test,28.0,26.0,2.0,0.9285714,0.071428575,0.0714286,0.050290134,0.0035921526,1,0,1,1,0
13347,-1,0,2.5512605,0.9276582,1,1,unassigned,7.0,7.0,0.0,1.0,0.0,0.0,0.00967118,0.0,0,0,0,1,1
13348,-1,0,-0.7093511,0.32974222,0,1,unassigned,94.0,93.0,1.0,0.9893617,0.010638298,0.010638297,0.17794971,0.0018930819,0,0,0,0,0
13349,-1,0,5.437144,0.995667,1,1,unassigned,2.0,2.0,0.0,1.0,0.0,0.0,0.0,0.0,0,0,0,1,1
13350,-1,0,0.9556202,0.722244,1,1,unassigned,13.0,12.0,1.0,0.9230769,0.07692308,0.07692307,0.021276595,0.0016366612,0,0,0,1,0
13351,-1,0,1.2798109,0.7824176,1,1,unassigned,26.0,26.0,0.0,1.0,0.0,0.0,0.046421662,0.0,0,0,0,1,0
13352,-1,0,2.935052,0.9495522,1,1,unassigned,10.0,10.0,0.0,1.0,0.0,0.0,0.015473888,0.0,0,0,0,1,1
13353,-1,0,3.7360423,0.9767072,1,1,unassigned,2.0,2.0,0.0,1.0,0.0,0.0,0.0,0.0,0,0,0,1,1
13354,-1,0,-0.7273924,0.32576722,0,1,unassigned,104.0,104.0,0.0,1.0,0.0,0.0,0.19729207,0.0,0,0,0,0,0
13355,-1,0,-0.61119574,0.3517865,0,1,unassigned,65.0,65.0,0.0,1.0,0.0,0.0,0.12185687,0.0,0,0,0,0,0
13356,-1,0,1.6188037,0.8346301,1,1,unassigned,8.0,8.0,0.0,1.0,0.0,0.0,0.0116054155,0.0,0,0,0,1,0
13357,1,1,5.623792,0.996402,1,0,val,19.0,16.0,3.0,0.84210527,0.15789473,0.15789473,0.032882012,0.0051918966,1,0,1,1,1
13358,-1,0,1.7632983,0.85362226,1,1,unassigned,13.0,10.0,3.0,0.7692308,0.23076923,0.23076922,0.021276595,0.0049099834,0,0,0,1,0
13359,-1,0,-0.76287675,0.318022,0,1,unassigned,61.0,60.0,1.0,0.9836066,0.016393442,0.016393423,0.114119925,0.0018708183,0,0,0,0,0
13360,-1,0,0.6142188,0.64890254,1,1,unassigned,19.0,19.0,0.0,1.0,0.0,0.0,0.032882012,0.0,0,0,0,1,0
13361,-1,0,1.8905389,0.86881703,1,1,unassigned,9.0,9.0,0.0,1.0,0.0,0.0,0.013539651,0.0,0,0,0,1,0
13362,-1,0,-0.21288729,0.4469783,0,1,unassigned,18.0,17.0,1.0,0.9444444,0.055555556,0.055555582,0.030947777,0.0017193209,0,0,0,0,0
13363,-1,0,-0.021077454,0.4947308,0,1,unassigned,115.0,113.0,2.0,0.9826087,0.017391304,0.017391324,0.21856867,0.003801194,0,0,0,0,0
13364,-1,1,5.2945294,0.99500614,1,1,unassigned,12.0,8.0,4.0,0.6666667,0.33333334,0.3333333,0.01934236,0.006447453,1,0,0,1,1
13365,-1,0,2.0220306,0.88309085,1,1,unassigned,2.0,2.0,0.0,1.0,0.0,0.0,0.0,0.0,0,0,0,1,0
13366,-1,1,3.6512573,0.97469836,1,1,unassigned,7.0,7.0,0.0,1.0,0.0,0.0,0.00967118,0.0,1,0,0,1,1
13367,-1,0,-0.06766266,0.48309076,0,1,unassigned,2.0,2.0,0.0,1.0,0.0,0.0,0.0,0.0,0,0,0,0,0
13368,-1,0,-0.8813541,0.29289725,0,1,unassigned,37.0,37.0,0.0,1.0,0.0,0.0,0.06769826,0.0,0,0,0,0,0
13369,-1,0,-0.8280664,0.30405408,0,1,unassigned,33.0,33.0,0.0,1.0,0.0,0.0,0.059961315,0.0,0,0,0,0,0
13370,-1,0,0.26081914,0.56483763,1,1,unassigned,8.0,7.0,1.0,0.875,0.125,0.125,0.0116054155,0.0014506769,0,0,0,1,0
13371,-1,0,-0.21546763,0.44634053,0,1,unassigned,68.0,67.0,1.0,0.9852941,0.014705882,0.014705896,0.12765957,0.0018773467,0,0,0,0,0
13372,-1,0,-0.33712143,0.41650888,0,1,unassigned,40.0,40.0,0.0,1.0,0.0,0.0,0.07350097,0.0,0,0,0,0,0
13373,-1,0,0.17652601,0.54401726,1,1,unassigned,22.0,22.0,0.0,1.0,0.0,0.0,0.03868472,0.0,0,0,0,1,0
13374,-1,0,-0.6328253,0.34687018,0,1,unassigned,37.0,37.0,0.0,1.0,0.0,0.0,0.06769826,0.0,0,0,0,0,0
13375,-1,0,-0.86854804,0.2955565,0,1,unassigned,174.0,168.0,6.0,0.9655172,0.03448276,0.034482777,0.3326886,0.01147202,0,0,0,0,0
13376,-1,0,-0.48368925,0.38138136,0,1,unassigned,16.0,16.0,0.0,1.0,0.0,0.0,0.027079303,0.0,0,0,0,0,0
13377,1,0,2.1182854,0.8926678,1,0,val,35.0,35.0,0.0,1.0,0.0,0.0,0.06382979,0.0,0,0,1,1,0
13378,-1,0,-0.90274465,0.28848678,0,1,unassigned,83.0,81.0,2.0,0.97590363,0.024096385,0.02409637,0.15667312,0.0037752558,0,0,0,0,0
13379,-1,0,-0.050163567,0.48746172,0,1,unassigned,31.0,29.0,2.0,0.9354839,0.06451613,0.06451613,0.056092843,0.003618893,0,0,0,0,0
13380,-1,0,-0.17259634,0.4569577,0,1,unassigned,31.0,31.0,0.0,1.0,0.0,0.0,0.056092843,0.0,0,0,0,0,0
13381,-1,0,1.0553837,0.7418074,1,1,unassigned,13.0,12.0,1.0,0.9230769,0.07692308,0.07692307,0.021276595,0.0016366612,0,0,0,1,0
13382,-1,0,2.1970413,0.8999835,1,1,unassigned,5.0,5.0,0.0,1.0,0.0,0.0,0.0058027077,0.0,0,0,0,1,0
13383,-1,0,2.1594963,0.8965528,1,1,unassigned,2.0,2.0,0.0,1.0,0.0,0.0,0.0,0.0,0,0,0,1,0
13384,-1,1,-0.69486034,0.33295274,0,1,unassigned,3.0,3.0,0.0,1.0,0.0,0.0,0.001934236,0.0,1,0,0,0,0
13385,-1,1,7.541697,0.9994698,1,1,unassigned,6.0,5.0,1.0,0.8333333,0.16666667,0.16666669,0.007736944,0.0012894907,1,0,0,1,1
13386,-1,0,-0.5477324,0.36639068,0,1,unassigned,53.0,53.0,0.0,1.0,0.0,0.0,0.09864604,0.0,0,0,0,0,0
13387,-1,1,0.30348915,0.57529527,1,1,unassigned,88.0,72.0,16.0,0.8181818,0.18181819,0.18181819,0.1663443,0.03024442,1,0,0,1,0
13388,-1,0,1.0370343,0.7382774,1,1,unassigned,4.0,4.0,0.0,1.0,0.0,0.0,0.003868472,0.0,0,0,0,1,0
13389,-1,0,-0.5305945,0.37037826,0,1,unassigned,4.0,4.0,0.0,1.0,0.0,0.0,0.003868472,0.0,0,0,0,0,0
13390,-1,0,1.3361368,0.79185396,1,1,unassigned,23.0,22.0,1.0,0.95652175,0.04347826,0.04347825,0.040618956,0.0017660416,0,0,0,1,0
13391,-1,0,0.079092026,0.5197627,1,1,unassigned,9.0,9.0,0.0,1.0,0.0,0.0,0.013539651,0.0,0,0,0,1,0
13392,-1,0,7.1138225,0.99918693,1,1,unassigned,3.0,3.0,0.0,1.0,0.0,0.0,0.001934236,0.0,0,0,0,1,1
13393,-1,0,2.07052,0.88800466,1,1,unassigned,6.0,4.0,2.0,0.6666667,0.33333334,0.3333333,0.007736944,0.0025789815,0,0,0,1,0
13394,-1,0,2.323074,0.9107701,1,1,unassigned,10.0,9.0,1.0,0.9,0.1,0.100000024,0.015473888,0.0015473888,0,0,0,1,1
13395,-1,0,-0.4082072,0.39934206,0,1,unassigned,22.0,21.0,1.0,0.95454544,0.045454547,0.04545456,0.03868472,0.0017583964,0,0,0,0,0
13396,-1,1,3.097311,0.9567816,1,1,unassigned,27.0,25.0,2.0,0.9259259,0.074074075,0.07407409,0.0483559,0.0035819185,1,0,0,1,1
13397,-1,0,-0.5242754,0.37185305,0,1,unassigned,61.0,59.0,2.0,0.9672131,0.032786883,0.032786906,0.114119925,0.0037416366,0,0,0,0,0
13398,-1,0,0.11710012,0.5292416,1,1,unassigned,19.0,19.0,0.0,1.0,0.0,0.0,0.032882012,0.0,0,0,0,1,0
13399,-1,0,0.6038551,0.6465378,1,1,unassigned,8.0,8.0,0.0,1.0,0.0,0.0,0.0116054155,0.0,0,0,0,1,0
13400,-1,0,0.735179,0.67594075,1,1,unassigned,43.0,43.0,0.0,1.0,0.0,0.0,0.079303674,0.0,0,0,0,1,0
13401,1,0,2.1709251,0.897608,1,0,unassigned,72.0,72.0,0.0,1.0,0.0,0.0,0.13539653,0.0,0,0,1,1,0
13402,-1,0,0.73259264,0.675374,1,1,unassigned,29.0,29.0,0.0,1.0,0.0,0.0,0.05222437,0.0,0,0,0,1,0
13403,-1,1,7.6108136,0.99950516,1,1,unassigned,2.0,2.0,0.0,1.0,0.0,0.0,0.0,0.0,1,0,0,1,1
13404,0,0,0.47358495,0.6162319,1,1,unassigned,25.0,25.0,0.0,1.0,0.0,0.0,0.044487428,0.0,0,0,0,1,0
13405,-1,0,1.7074916,0.84651065,1,1,unassigned,21.0,21.0,0.0,1.0,0.0,0.0,0.036750484,0.0,0,0,0,1,0
13406,-1,0,0.50069755,0.62262326,1,1,unassigned,5.0,5.0,0.0,1.0,0.0,0.0,0.0058027077,0.0,0,0,0,1,0
13407,-1,0,-0.36028117,0.4108915,0,1,unassigned,28.0,26.0,2.0,0.9285714,0.071428575,0.0714286,0.050290134,0.0035921526,0,0,0,0,0
13408,-1,0,0.5667897,0.63802207,1,1,unassigned,54.0,52.0,2.0,0.962963,0.037037037,0.037037015,0.10058027,0.003725195,0,0,0,1,0
13409,0,1,0.23417586,0.5582779,1,1,test,27.0,23.0,4.0,0.8518519,0.14814815,0.14814812,0.0483559,0.007163837,1,0,0,1,0
13410,-1,0,-0.83964753,0.301609,0,1,unassigned,30.0,30.0,0.0,1.0,0.0,0.0,0.054158606,0.0,0,0,0,0,0
13411,1,1,0.96452373,0.7240266,1,0,unassigned,29.0,23.0,6.0,0.79310346,0.20689656,0.20689654,0.05222437,0.010805042,1,0,1,1,0
13412,-1,0,0.14438504,0.5360337,1,1,unassigned,11.0,7.0,4.0,0.6363636,0.36363637,0.36363637,0.017408123,0.006330227,0,0,0,1,0
13413,-1,0,-0.51705766,0.3735405,0,1,unassigned,3.0,1.0,2.0,0.33333334,0.6666667,0.6666666,0.001934236,0.0012894907,0,0,0,0,0
13414,-1,0,0.9168379,0.7143974,1,1,unassigned,45.0,44.0,1.0,0.9777778,0.022222223,0.02222222,0.08317215,0.0018482701,0,0,0,1,0
13415,-1,0,-2.7452445,0.060355783,0,1,unassigned,2.0,2.0,0.0,1.0,0.0,0.0,0.0,0.0,0,0,0,0,1
13416,-1,0,4.105424,0.9837842,1,1,unassigned,2.0,1.0,1.0,0.5,0.5,0.5,0.0,0.0,0,0,0,1,1
13417,-1,1,-0.79763967,0.31053063,0,1,unassigned,8.0,7.0,1.0,0.875,0.125,0.125,0.0116054155,0.0014506769,1,0,0,0,0
13418,-1,1,-0.22599432,0.44374064,0,1,unassigned,45.0,40.0,5.0,0.8888889,0.11111111,0.111111104,0.08317215,0.00924135,1,0,0,0,0
13419,-1,1,2.4307234,0.91914034,1,1,unassigned,33.0,28.0,5.0,0.8484849,0.15151516,0.15151513,0.059961315,0.009085048,1,0,0,1,1
13420,-1,1,2.3523886,0.9131239,1,1,unassigned,2.0,2.0,0.0,1.0,0.0,0.0,0.0,0.0,1,0,0,1,1
13421,-1,1,8.442453,0.9997845,1,1,unassigned,4.0,4.0,0.0,1.0,0.0,0.0,0.003868472,0.0,1,0,0,1,1
13422,-1,0,0.73398405,0.6756789,1,1,unassigned,22.0,22.0,0.0,1.0,0.0,0.0,0.03868472,0.0,0,0,0,1,0
13423,-1,0,-0.53485066,0.36938626,0,1,unassigned,22.0,22.0,0.0,1.0,0.0,0.0,0.03868472,0.0,0,0,0,0,0
13424,-1,1,6.5479302,0.9985689,1,1,unassigned,3.0,3.0,0.0,1.0,0.0,0.0,0.001934236,0.0,1,0,0,1,1
13425,-1,0,-0.7215681,0.32704777,0,1,unassigned,15.0,15.0,0.0,1.0,0.0,0.0,0.025145067,0.0,0,0,0,0,0
13426,-1,0,3.041236,0.95440257,1,1,unassigned,2.0,2.0,0.0,1.0,0.0,0.0,0.0,0.0,0,0,0,1,1
13427,1,0,-0.17850742,0.45549127,0,1,val,18.0,18.0,0.0,1.0,0.0,0.0,0.030947777,0.0,0,0,0,0,0
13428,-1,0,0.24214071,0.5602411,1,1,unassigned,13.0,13.0,0.0,1.0,0.0,0.0,0.021276595,0.0,0,0,0,1,0
13429,-1,0,-0.40819278,0.39934555,0,1,unassigned,29.0,29.0,0.0,1.0,0.0,0.0,0.05222437,0.0,0,0,0,0,0
13430,-1,0,-0.09382695,0.47656047,0,1,unassigned,16.0,16.0,0.0,1.0,0.0,0.0,0.027079303,0.0,0,0,0,0,0
13431,-1,1,3.2027824,0.9609389,1,1,unassigned,2.0,1.0,1.0,0.5,0.5,0.5,0.0,0.0,1,0,0,1,1
13432,-1,0,0.4630348,0.6137339,1,1,unassigned,19.0,18.0,1.0,0.94736844,0.05263158,0.052631557,0.032882012,0.0017306323,0,0,0,1,0
13433,0,1,-1.3134289,0.21191363,0,0,unassigned,3.0,3.0,0.0,1.0,0.0,0.0,0.001934236,0.0,1,0,1,0,0
13434,-1,0,-0.4516008,0.38898024,0,1,unassigned,33.0,33.0,0.0,1.0,0.0,0.0,0.059961315,0.0,0,0,0,0,0
13435,-1,0,0.25335532,0.5630022,1,1,unassigned,14.0,14.0,0.0,1.0,0.0,0.0,0.023210831,0.0,0,0,0,1,0
13436,-1,0,1.2542906,0.7780417,1,1,unassigned,4.0,4.0,0.0,1.0,0.0,0.0,0.003868472,0.0,0,0,0,1,0
13437,-1,0,0.27227062,0.56765026,1,1,unassigned,40.0,40.0,0.0,1.0,0.0,0.0,0.07350097,0.0,0,0,0,1,0
13438,-1,0,5.338324,0.99521905,1,1,unassigned,3.0,3.0,0.0,1.0,0.0,0.0,0.001934236,0.0,0,0,0,1,1
13439,-1,0,1.7925737,0.85724247,1,1,unassigned,4.0,4.0,0.0,1.0,0.0,0.0,0.003868472,0.0,0,0,0,1,0
13440,-1,0,2.9401803,0.94979733,1,1,unassigned,2.0,1.0,1.0,0.5,0.5,0.5,0.0,0.0,0,0,0,1,1
13441,1,0,1.3985925,0.8019604,1,0,test,6.0,6.0,0.0,1.0,0.0,0.0,0.007736944,0.0,0,0,1,1,0
13442,-1,0,-0.75212115,0.32035926,0,1,unassigned,32.0,32.0,0.0,1.0,0.0,0.0,0.058027077,0.0,0,0,0,0,0
13443,-1,0,2.631886,0.9328857,1,1,unassigned,6.0,6.0,0.0,1.0,0.0,0.0,0.007736944,0.0,0,0,0,1,1
13444,-1,0,11.916785,0.9999933,1,1,unassigned,2.0,2.0,0.0,1.0,0.0,0.0,0.0,0.0,0,0,0,1,1
13445,-1,1,-0.6688119,0.33876294,0,1,unassigned,6.0,4.0,2.0,0.6666667,0.33333334,0.3333333,0.007736944,0.0025789815,1,0,0,0,0
13446,-1,1,0.7083283,0.67003167,1,1,unassigned,7.0,7.0,0.0,1.0,0.0,0.0,0.00967118,0.0,1,0,0,1,0
13447,-1,0,-0.8294585,0.30375957,0,1,unassigned,50.0,50.0,0.0,1.0,0.0,0.0,0.092843324,0.0,0,0,0,0,0
13448,-1,0,-0.46300897,0.38627225,0,1,unassigned,7.0,7.0,0.0,1.0,0.0,0.0,0.00967118,0.0,0,0,0,0,0
13449,-1,0,5.5640764,0.9961815,1,1,unassigned,4.0,3.0,1.0,0.75,0.25,0.25,0.003868472,0.000967118,0,0,0,1,1
13450,-1,0,0.073817074,0.5184459,1,1,unassigned,11.0,11.0,0.0,1.0,0.0,0.0,0.017408123,0.0,0,0,0,1,0
13451,-1,0,5.880688,0.9972149,1,1,unassigned,6.0,3.0,3.0,0.5,0.5,0.5,0.007736944,0.003868472,0,0,0,1,1
13452,-1,0,4.073094,0.98326033,1,1,unassigned,3.0,3.0,0.0,1.0,0.0,0.0,0.001934236,0.0,0,0,0,1,1
13453,1,0,1.4569523,0.81106603,1,0,val,71.0,68.0,3.0,0.9577465,0.04225352,0.042253494,0.13346228,0.0056392513,0,0,1,1,0
13454,1,0,-0.65777564,0.34123948,0,1,val,26.0,26.0,0.0,1.0,0.0,0.0,0.046421662,0.0,0,0,0,0,0
13455,-1,0,0.5879677,0.64289874,1,1,unassigned,69.0,67.0,2.0,0.9710145,0.028985508,0.0289855,0.1295938,0.0037563422,0,0,0,1,0
13456,-1,0,0.99296135,0.7296725,1,1,unassigned,2.0,2.0,0.0,1.0,0.0,0.0,0.0,0.0,0,0,0,1,0
13457,-1,0,1.5768063,0.82875174,1,1,unassigned,9.0,9.0,0.0,1.0,0.0,0.0,0.013539651,0.0,0,0,0,1,0
13458,-1,0,-0.79717594,0.31062993,0,1,unassigned,54.0,54.0,0.0,1.0,0.0,0.0,0.10058027,0.0,0,0,0,0,0
13459,-1,0,1.348954,0.79395854,1,1,unassigned,20.0,20.0,0.0,1.0,0.0,0.0,0.034816246,0.0,0,0,0,1,0
13460,-1,0,-0.34799653,0.41386834,0,1,unassigned,2.0,2.0,0.0,1.0,0.0,0.0,0.0,0.0,0,0,0,0,0
13461,1,0,-0.08289972,0.4792869,0,1,test,50.0,49.0,1.0,0.98,0.02,0.01999998,0.092843324,0.0018568664,0,0,0,0,0
13462,-1,0,0.3978848,0.5981794,1,1,unassigned,5.0,5.0,0.0,1.0,0.0,0.0,0.0058027077,0.0,0,0,0,1,0
13463,-1,0,8.9035,0.9998641,1,1,unassigned,3.0,3.0,0.0,1.0,0.0,0.0,0.001934236,0.0,0,0,0,1,1
13464,-1,0,-0.79561555,0.31096417,0,1,unassigned,26.0,25.0,1.0,0.96153843,0.03846154,0.038461566,0.046421662,0.0017854486,0,0,0,0,0
13465,-1,1,-0.09025842,0.4774507,0,1,unassigned,41.0,41.0,0.0,1.0,0.0,0.0,0.07543521,0.0,1,0,0,0,0
13466,-1,1,-0.7008287,0.33162853,0,1,unassigned,64.0,58.0,6.0,0.90625,0.09375,0.09375,0.11992263,0.011242746,1,0,0,0,0
13467,1,0,0.1911326,0.5476382,1,0,val,32.0,32.0,0.0,1.0,0.0,0.0,0.058027077,0.0,0,0,1,1,0
13468,0,0,-1.0004966,0.2688438,0,0,unassigned,4.0,4.0,0.0,1.0,0.0,0.0,0.003868472,0.0,0,0,1,0,0
13469,-1,0,0.98774403,0.7286421,1,1,unassigned,2.0,2.0,0.0,1.0,0.0,0.0,0.0,0.0,0,0,0,1,0
13470,-1,1,5.2718024,0.9948919,1,1,unassigned,3.0,2.0,1.0,0.6666667,0.33333334,0.3333333,0.001934236,0.00064474536,1,0,0,1,1
13471,-1,0,-0.30221245,0.42501673,0,1,unassigned,5.0,5.0,0.0,1.0,0.0,0.0,0.0058027077,0.0,0,0,0,0,0
13472,1,0,2.580663,0.9296067,1,0,unassigned,24.0,24.0,0.0,1.0,0.0,0.0,0.04255319,0.0,0,0,1,1,1
13473,0,0,-0.8560722,0.29816064,0,0,test,12.0,12.0,0.0,1.0,0.0,0.0,0.01934236,0.0,0,0,1,0,0
13474,1,0,-0.29559922,0.42663363,0,1,unassigned,25.0,25.0,0.0,1.0,0.0,0.0,0.044487428,0.0,0,0,0,0,0
13475,-1,0,10.160734,0.9999614,1,1,unassigned,7.0,7.0,0.0,1.0,0.0,0.0,0.00967118,0.0,0,0,0,1,1
13476,-1,0,0.64680463,0.65629005,1,1,unassigned,24.0,24.0,0.0,1.0,0.0,0.0,0.04255319,0.0,0,0,0,1,0
13477,-1,0,-0.8559569,0.29818475,0,1,unassigned,64.0,63.0,1.0,0.984375,0.015625,0.015625,0.11992263,0.0018737911,0,0,0,0,0
13478,-1,0,-0.81299806,0.307252,0,1,unassigned,34.0,34.0,0.0,1.0,0.0,0.0,0.061895553,0.0,0,0,0,0,0
13479,0,0,-0.22564948,0.4438258,0,0,unassigned,14.0,14.0,0.0,1.0,0.0,0.0,0.023210831,0.0,0,0,1,0,0
13480,-1,0,-0.3532729,0.41258898,0,1,unassigned,11.0,10.0,1.0,0.90909094,0.09090909,0.090909064,0.017408123,0.0015825568,0,0,0,0,0
13481,-1,0,0.8157514,0.69333375,1,1,unassigned,25.0,23.0,2.0,0.92,0.08,0.07999998,0.044487428,0.003558994,0,0,0,1,0
13482,-1,0,-0.24146795,0.43992463,0,1,unassigned,3.0,3.0,0.0,1.0,0.0,0.0,0.001934236,0.0,0,0,0,0,0
13483,-1,0,-0.47247714,0.38403013,0,1,unassigned,10.0,10.0,0.0,1.0,0.0,0.0,0.015473888,0.0,0,0,0,0,0
13484,-1,0,0.23893839,0.559452,1,1,unassigned,3.0,3.0,0.0,1.0,0.0,0.0,0.001934236,0.0,0,0,0,1,0
13485,-1,1,-0.15430832,0.4614993,0,1,unassigned,9.0,9.0,0.0,1.0,0.0,0.0,0.013539651,0.0,1,0,0,0,0
13486,0,0,-0.55837154,0.3639243,0,0,val,7.0,6.0,1.0,0.85714287,0.14285715,0.14285713,0.00967118,0.0013815971,0,0,1,0,0
13487,-1,0,2.9002712,0.9478598,1,1,unassigned,2.0,1.0,1.0,0.5,0.5,0.5,0.0,0.0,0,0,0,1,1
13488,-1,1,2.0301278,0.8839241,1,1,unassigned,7.0,7.0,0.0,1.0,0.0,0.0,0.00967118,0.0,1,0,0,1,0
13489,-1,0,2.901351,0.94791317,1,1,unassigned,14.0,13.0,1.0,0.9285714,0.071428575,0.0714286,0.023210831,0.0016579166,0,0,0,1,1
13490,-1,0,-0.049645424,0.48759115,0,1,unassigned,30.0,30.0,0.0,1.0,0.0,0.0,0.054158606,0.0,0,0,0,0,0
13491,-1,0,-0.75845134,0.3189826,0,1,unassigned,98.0,97.0,1.0,0.9897959,0.010204081,0.010204077,0.18568665,0.0018947617,0,0,0,0,0
13492,-1,0,0.62157303,0.65057623,1,1,unassigned,22.0,22.0,0.0,1.0,0.0,0.0,0.03868472,0.0,0,0,0,1,0
13493,-1,0,3.2212412,0.9616258,1,1,unassigned,39.0,39.0,0.0,1.0,0.0,0.0,0.07156673,0.0,0,0,0,1,1
13494,-1,0,-0.23919511,0.44048473,0,1,unassigned,46.0,46.0,0.0,1.0,0.0,0.0,0.08510638,0.0,0,0,0,0,0
13495,-1,0,-0.683844,0.33540392,0,1,unassigned,87.0,86.0,1.0,0.9885057,0.011494253,0.011494279,0.16441005,0.0018897707,0,0,0,0,0
13496,1,0,2.5849931,0.92988956,1,0,unassigned,43.0,43.0,0.0,1.0,0.0,0.0,0.079303674,0.0,0,0,1,1,1
13497,-1,0,-0.9922348,0.2704709,0,1,unassigned,26.0,26.0,0.0,1.0,0.0,0.0,0.046421662,0.0,0,0,0,0,0
13498,-1,1,-0.03252703,0.49186897,0,1,unassigned,29.0,29.0,0.0,1.0,0.0,0.0,0.05222437,0.0,1,0,0,0,0
13499,-1,1,-0.03899461,0.49025258,0,1,unassigned,98.0,97.0,1.0,0.9897959,0.010204081,0.010204077,0.18568665,0.0018947617,1,0,0,0,0
13500,-1,1,0.2681461,0.5666377,1,1,unassigned,4.0,4.0,0.0,1.0,0.0,0.0,0.003868472,0.0,1,0,0,1,0
13501,-1,1,4.15075,0.98449177,1,1,unassigned,10.0,10.0,0.0,1.0,0.0,0.0,0.015473888,0.0,1,0,0,1,1
13502,-1,1,0.13303119,0.53320885,1,1,unassigned,40.0,38.0,2.0,0.95,0.05,0.050000012,0.07350097,0.0036750485,1,0,0,1,0
13503,-1,0,-0.02075684,0.494811,0,1,unassigned,16.0,16.0,0.0,1.0,0.0,0.0,0.027079303,0.0,0,0,0,0,0
13504,-1,1,0.06060332,0.5151462,1,1,unassigned,20.0,20.0,0.0,1.0,0.0,0.0,0.034816246,0.0,1,0,0,1,0
13505,-1,0,1.7064998,0.8463817,1,1,unassigned,26.0,23.0,3.0,0.88461536,0.115384616,0.11538464,0.046421662,0.005356346,0,0,0,1,0
13506,-1,0,4.901142,0.99261683,1,1,unassigned,2.0,2.0,0.0,1.0,0.0,0.0,0.0,0.0,0,0,0,1,1
13507,-1,1,-0.20312971,0.44939145,0,1,unassigned,15.0,15.0,0.0,1.0,0.0,0.0,0.025145067,0.0,1,0,0,0,0
13508,-1,0,1.5212173,0.8207177,1,1,unassigned,2.0,2.0,0.0,1.0,0.0,0.0,0.0,0.0,0,0,0,1,0
13509,-1,1,1.7526,0.85228044,1,1,unassigned,146.0,142.0,4.0,0.9726027,0.02739726,0.027397275,0.27852997,0.007630958,1,0,0,1,0
13510,-1,1,4.1184344,0.98399055,1,1,unassigned,16.0,16.0,0.0,1.0,0.0,0.0,0.027079303,0.0,1,0,0,1,1
13511,-1,0,-0.59098864,0.35640806,0,1,unassigned,58.0,58.0,0.0,1.0,0.0,0.0,0.10831721,0.0,0,0,0,0,0
13512,-1,0,0.7656205,0.6825728,1,1,unassigned,3.0,3.0,0.0,1.0,0.0,0.0,0.001934236,0.0,0,0,0,1,0
13513,-1,1,-0.022192538,0.4944521,0,1,unassigned,46.0,46.0,0.0,1.0,0.0,0.0,0.08510638,0.0,1,0,0,0,0
13514,-1,1,-0.91736776,0.28549454,0,1,unassigned,43.0,39.0,4.0,0.90697676,0.093023255,0.09302324,0.079303674,0.0073770857,1,0,0,0,0
13515,-1,0,2.247335,0.90442044,1,1,unassigned,11.0,10.0,1.0,0.90909094,0.09090909,0.090909064,0.017408123,0.0015825568,0,0,0,1,1
13516,-1,0,-0.60734504,0.35266504,0,1,unassigned,12.0,11.0,1.0,0.9166667,0.083333336,0.08333331,0.01934236,0.0016118633,0,0,0,0,0
13517,0,0,-0.7414435,0.32268855,0,0,unassigned,68.0,68.0,0.0,1.0,0.0,0.0,0.12765957,0.0,0,0,1,0,0
13518,-1,0,-0.9135901,0.28626576,0,1,unassigned,43.0,42.0,1.0,0.9767442,0.023255814,0.023255825,0.079303674,0.0018442714,0,0,0,0,0
13519,-1,0,3.5875866,0.97307974,1,1,unassigned,4.0,3.0,1.0,0.75,0.25,0.25,0.003868472,0.000967118,0,0,0,1,1
13520,-1,0,0.18499666,0.54611766,1,1,unassigned,61.0,61.0,0.0,1.0,0.0,0.0,0.114119925,0.0,0,0,0,1,0
13521,-1,0,1.2566264,0.77844477,1,1,unassigned,3.0,3.0,0.0,1.0,0.0,0.0,0.001934236,0.0,0,0,0,1,0
13522,-1,1,4.277738,0.9863158,1,1,unassigned,3.0,3.0,0.0,1.0,0.0,0.0,0.001934236,0.0,1,0,0,1,1
13523,-1,0,1.8812778,0.86775786,1,1,unassigned,4.0,4.0,0.0,1.0,0.0,0.0,0.003868472,0.0,0,0,0,1,0
13524,-1,0,-1.0062709,0.26771027,0,1,unassigned,5.0,5.0,0.0,1.0,0.0,0.0,0.0058027077,0.0,0,0,0,0,0
13525,-1,0,-0.8891853,0.29127797,0,1,unassigned,49.0,47.0,2.0,0.9591837,0.040816326,0.040816307,0.09090909,0.0037105752,0,0,0,0,0
13526,-1,0,-0.5751494,0.36004946,0,1,unassigned,19.0,19.0,0.0,1.0,0.0,0.0,0.032882012,0.0,0,0,0,0,0
13527,0,0,0.47678,0.6169872,1,1,test,38.0,37.0,1.0,0.9736842,0.02631579,0.026315808,0.06963249,0.0018324341,0,0,0,1,0
13528,-1,0,-0.6821558,0.33578032,0,1,unassigned,14.0,2.0,12.0,0.14285715,0.85714287,0.85714287,0.023210831,0.019894999,0,0,0,0,0
13529,-1,0,-0.07880923,0.48030788,0,1,unassigned,8.0,8.0,0.0,1.0,0.0,0.0,0.0116054155,0.0,0,0,0,0,0
13530,-1,1,-0.80823225,0.30826733,0,1,unassigned,21.0,21.0,0.0,1.0,0.0,0.0,0.036750484,0.0,1,0,0,0,0
13531,-1,1,-0.17649013,0.45599163,0,1,unassigned,15.0,15.0,0.0,1.0,0.0,0.0,0.025145067,0.0,1,0,0,0,0
13532,0,1,-0.97626024,0.27363446,0,0,val,3.0,3.0,0.0,1.0,0.0,0.0,0.001934236,0.0,1,0,1,0,0
13533,-1,0,-0.87469494,0.2942783,0,1,unassigned,47.0,47.0,0.0,1.0,0.0,0.0,0.08704062,0.0,0,0,0,0,0
13534,-1,0,0.26256347,0.5652664,1,1,unassigned,29.0,26.0,3.0,0.8965517,0.10344828,0.10344827,0.05222437,0.005402521,0,0,0,1,0
13535,1,0,0.927223,0.71651155,1,0,train,22.0,20.0,2.0,0.90909094,0.09090909,0.090909064,0.03868472,0.0035167928,0,0,1,1,0
13536,-1,0,1.9481137,0.8752408,1,1,unassigned,9.0,9.0,0.0,1.0,0.0,0.0,0.013539651,0.0,0,0,0,1,0
13537,-1,0,-0.40680045,0.3996796,0,1,unassigned,10.0,9.0,1.0,0.9,0.1,0.100000024,0.015473888,0.0015473888,0,0,0,0,0
13538,-1,0,-0.12709662,0.46826857,0,1,unassigned,49.0,45.0,4.0,0.9183673,0.08163265,0.081632674,0.09090909,0.0074211503,0,0,0,0,0
13539,-1,0,-0.4384368,0.3921135,0,1,unassigned,12.0,12.0,0.0,1.0,0.0,0.0,0.01934236,0.0,0,0,0,0,0
13540,-1,0,3.1525943,0.95901084,1,1,unassigned,2.0,2.0,0.0,1.0,0.0,0.0,0.0,0.0,0,0,0,1,1
13541,-1,0,-0.6229527,0.3491102,0,1,unassigned,34.0,33.0,1.0,0.9705882,0.029411765,0.029411793,0.061895553,0.0018204574,0,0,0,0,0
13542,0,0,1.2570832,0.77852356,1,1,val,3.0,3.0,0.0,1.0,0.0,0.0,0.001934236,0.0,0,0,0,1,0
13543,-1,1,0.9476145,0.7206352,1,1,unassigned,36.0,33.0,3.0,0.9166667,0.083333336,0.08333331,0.065764025,0.0054803356,1,0,0,1,0
13544,-1,0,2.6277921,0.932629,1,1,unassigned,19.0,19.0,0.0,1.0,0.0,0.0,0.032882012,0.0,0,0,0,1,1
13545,-1,0,1.7840452,0.8561957,1,1,unassigned,2.0,2.0,0.0,1.0,0.0,0.0,0.0,0.0,0,0,0,1,0
13546,-1,0,1.2842684,0.78317547,1,1,unassigned,2.0,2.0,0.0,1.0,0.0,0.0,0.0,0.0,0,0,0,1,0
13547,-1,0,-0.57528704,0.36001775,0,1,unassigned,2.0,2.0,0.0,1.0,0.0,0.0,0.0,0.0,0,0,0,0,0
13548,-1,0,-0.21142292,0.44734028,0,1,unassigned,4.0,4.0,0.0,1.0,0.0,0.0,0.003868472,0.0,0,0,0,0,0
13549,-1,0,-0.3693498,0.40869814,0,1,unassigned,30.0,30.0,0.0,1.0,0.0,0.0,0.054158606,0.0,0,0,0,0,0
13550,-1,0,-0.015719473,0.49607024,0,1,unassigned,3.0,3.0,0.0,1.0,0.0,0.0,0.001934236,0.0,0,0,0,0,0
13551,-1,1,-0.4179138,0.39701608,0,1,unassigned,80.0,70.0,10.0,0.875,0.125,0.125,0.15087041,0.018858802,1,0,0,0,0
13552,-1,0,7.4226036,0.99940276,1,1,unassigned,6.0,6.0,0.0,1.0,0.0,0.0,0.007736944,0.0,0,0,0,1,1
13553,1,0,6.1277657,0.99782336,1,0,unassigned,16.0,14.0,2.0,0.875,0.125,0.125,0.027079303,0.0033849129,0,0,1,1,1
13554,-1,1,-0.29655805,0.4263991,0,1,unassigned,55.0,53.0,2.0,0.96363634,0.036363635,0.03636366,0.102514505,0.0037278,1,0,0,0,0
13555,-1,0,-0.43897808,0.3919845,0,1,unassigned,3.0,3.0,0.0,1.0,0.0,0.0,0.001934236,0.0,0,0,0,0,0
13556,-1,1,5.322161,0.9951415,1,1,unassigned,39.0,33.0,6.0,0.84615386,0.15384616,0.15384614,0.07156673,0.011010267,1,0,0,1,1
13557,-1,0,-0.8232548,0.30507317,0,1,unassigned,79.0,78.0,1.0,0.98734176,0.012658228,0.012658238,0.14893617,0.001885268,0,0,0,0,0
13558,-1,1,1.3162823,0.7885625,1,1,unassigned,10.0,10.0,0.0,1.0,0.0,0.0,0.015473888,0.0,1,0,0,1,0
13559,1,1,2.8046737,0.9429279,1,0,unassigned,14.0,13.0,1.0,0.9285714,0.071428575,0.0714286,0.023210831,0.0016579166,1,0,1,1,1
13560,-1,0,4.98244,0.99318945,1,1,unassigned,5.0,4.0,1.0,0.8,0.2,0.19999999,0.0058027077,0.0011605415,0,0,0,1,1
13561,-1,1,-0.14152211,0.46467838,0,1,unassigned,8.0,6.0,2.0,0.75,0.25,0.25,0.0116054155,0.0029013539,1,0,0,0,0
13562,-1,0,5.967651,0.9974463,1,1,unassigned,2.0,1.0,1.0,0.5,0.5,0.5,0.0,0.0,0,0,0,1,1
13563,-1,1,0.9159153,0.7142091,1,1,unassigned,2.0,2.0,0.0,1.0,0.0,0.0,0.0,0.0,1,0,0,1,0
13564,-1,0,1.8903644,0.8687971,1,1,unassigned,19.0,18.0,1.0,0.94736844,0.05263158,0.052631557,0.032882012,0.0017306323,0,0,0,1,0
13565,1,0,2.3062088,0.90939,1,0,test,10.0,10.0,0.0,1.0,0.0,0.0,0.015473888,0.0,0,0,1,1,1
13566,-1,1,-0.59354174,0.35582262,0,1,unassigned,19.0,17.0,2.0,0.8947368,0.10526316,0.10526317,0.032882012,0.0034612645,1,0,0,0,0
13567,0,1,-0.3015814,0.42517093,0,0,unassigned,32.0,23.0,9.0,0.71875,0.28125,0.28125,0.058027077,0.016320115,1,0,1,0,0
13568,-1,1,-0.4350551,0.39291987,0,1,unassigned,61.0,59.0,2.0,0.9672131,0.032786883,0.032786906,0.114119925,0.0037416366,1,0,0,0,0
13569,-1,0,2.5695796,0.9288779,1,1,unassigned,8.0,8.0,0.0,1.0,0.0,0.0,0.0116054155,0.0,0,0,0,1,1
13570,1,1,1.6536314,0.8393812,1,0,test,5.0,5.0,0.0,1.0,0.0,0.0,0.0058027077,0.0,1,0,1,1,0
13571,-1,0,1.6270344,0.835763,1,1,unassigned,8.0,5.0,3.0,0.625,0.375,0.375,0.0116054155,0.004352031,0,0,0,1,0
13572,-1,1,-0.63197434,0.347063,0,1,unassigned,4.0,4.0,0.0,1.0,0.0,0.0,0.003868472,0.0,1,0,0,0,0
13573,-1,0,2.897257,0.9477107,1,1,unassigned,52.0,47.0,5.0,0.90384614,0.09615385,0.096153855,0.0967118,0.009299211,0,0,0,1,1
13574,-1,1,-1.3897083,0.19945434,0,1,unassigned,2.0,2.0,0.0,1.0,0.0,0.0,0.0,0.0,1,0,0,0,0
13575,-1,0,-0.27298433,0.43217462,0,1,unassigned,2.0,2.0,0.0,1.0,0.0,0.0,0.0,0.0,0,0,0,0,0
13576,-1,0,1.1094759,0.7520314,1,1,unassigned,14.0,14.0,0.0,1.0,0.0,0.0,0.023210831,0.0,0,0,0,1,0
13577,0,0,0.26605326,0.5661237,1,1,unassigned,15.0,15.0,0.0,1.0,0.0,0.0,0.025145067,0.0,0,0,0,1,0
13578,-1,1,-0.57369757,0.36038408,0,1,unassigned,46.0,44.0,2.0,0.95652175,0.04347826,0.04347825,0.08510638,0.0037002775,1,0,0,0,0
13579,0,1,-0.27741227,0.43108833,0,0,val,6.0,6.0,0.0,1.0,0.0,0.0,0.007736944,0.0,1,0,1,0,0
13580,-1,1,-0.5603793,0.3634597,0,1,unassigned,3.0,3.0,0.0,1.0,0.0,0.0,0.001934236,0.0,1,0,0,0,0
13581,-1,0,3.1896884,0.9604444,1,1,unassigned,14.0,14.0,0.0,1.0,0.0,0.0,0.023210831,0.0,0,0,0,1,1
13582,-1,1,0.7218502,0.67301434,1,1,unassigned,13.0,13.0,0.0,1.0,0.0,0.0,0.021276595,0.0,1,0,0,1,0
13583,-1,1,1.0210607,0.7351791,1,1,unassigned,37.0,36.0,1.0,0.972973,0.027027028,0.02702701,0.06769826,0.0018296828,1,0,0,1,0
13584,-1,1,-0.6484375,0.34334174,0,1,unassigned,3.0,3.0,0.0,1.0,0.0,0.0,0.001934236,0.0,1,0,0,0,0
13585,-1,1,-0.2712425,0.4326021,0,1,unassigned,7.0,7.0,0.0,1.0,0.0,0.0,0.00967118,0.0,1,0,0,0,0
13586,1,0,-0.29351687,0.4271431,0,1,val,27.0,26.0,1.0,0.962963,0.037037037,0.037037015,0.0483559,0.0017909593,0,0,0,0,0
13587,-1,1,1.6233356,0.83525467,1,1,unassigned,28.0,27.0,1.0,0.96428573,0.035714287,0.03571427,0.050290134,0.0017960763,1,0,0,1,0
13588,-1,1,-0.07437447,0.48141497,0,1,unassigned,9.0,9.0,0.0,1.0,0.0,0.0,0.013539651,0.0,1,0,0,0,0
13589,-1,1,1.808799,0.8592167,1,1,unassigned,16.0,15.0,1.0,0.9375,0.0625,0.0625,0.027079303,0.0016924564,1,0,0,1,0
13590,-1,1,2.129217,0.8937107,1,1,unassigned,33.0,28.0,5.0,0.8484849,0.15151516,0.15151513,0.059961315,0.009085048,1,0,0,1,0
13591,-1,0,2.535817,0.9266148,1,1,unassigned,12.0,11.0,1.0,0.9166667,0.083333336,0.08333331,0.01934236,0.0016118633,0,0,0,1,1
13592,-1,0,-0.7863743,0.31294772,0,1,unassigned,3.0,3.0,0.0,1.0,0.0,0.0,0.001934236,0.0,0,0,0,0,0
13593,1,0,1.6406472,0.83762294,1,0,unassigned,5.0,5.0,0.0,1.0,0.0,0.0,0.0058027077,0.0,0,0,1,1,0
13594,-1,0,0.27935457,0.569388,1,1,unassigned,8.0,8.0,0.0,1.0,0.0,0.0,0.0116054155,0.0,0,0,0,1,0
13595,-1,0,-0.48579213,0.38088533,0,1,unassigned,4.0,3.0,1.0,0.75,0.25,0.25,0.003868472,0.000967118,0,0,0,0,0
13596,-1,0,3.705434,0.9760006,1,1,unassigned,19.0,19.0,0.0,1.0,0.0,0.0,0.032882012,0.0,0,0,0,1,1
13597,0,0,-0.3696182,0.4086333,0,0,unassigned,18.0,17.0,1.0,0.9444444,0.055555556,0.055555582,0.030947777,0.0017193209,0,0,1,0,0
13598,-1,0,-0.52789104,0.3710089,0,1,unassigned,103.0,101.0,2.0,0.98058254,0.019417476,0.019417465,0.19535783,0.003793356,0,0,0,0,0
13599,1,1,4.1127715,0.9839011,1,0,test,23.0,23.0,0.0,1.0,0.0,0.0,0.040618956,0.0,1,0,1,1,1
13600,-1,1,2.44883,0.9204758,1,1,unassigned,36.0,33.0,3.0,0.9166667,0.083333336,0.08333331,0.065764025,0.0054803356,1,0,0,1,1
13601,-1,1,-0.42219323,0.39599204,0,1,unassigned,39.0,37.0,2.0,0.94871795,0.051282052,0.05128205,0.07156673,0.0036700887,1,0,0,0,0
13602,-1,0,1.8287435,0.861612,1,1,unassigned,25.0,25.0,0.0,1.0,0.0,0.0,0.044487428,0.0,0,0,0,1,0
13603,-1,1,1.114572,0.75298053,1,1,unassigned,23.0,21.0,2.0,0.9130435,0.08695652,0.0869565,0.040618956,0.0035320832,1,0,0,1,0
13604,-1,1,-0.90279746,0.28847596,0,1,unassigned,20.0,19.0,1.0,0.95,0.05,0.050000012,0.034816246,0.0017408123,1,0,0,0,0
13605,-1,0,-0.08413726,0.4789781,0,1,unassigned,3.0,3.0,0.0,1.0,0.0,0.0,0.001934236,0.0,0,0,0,0,0
13606,-1,1,2.988731,0.9520624,1,1,unassigned,9.0,8.0,1.0,0.8888889,0.11111111,0.111111104,0.013539651,0.0015044058,1,0,0,1,1
13607,0,0,-0.49315214,0.37915125,0,0,val,33.0,33.0,0.0,1.0,0.0,0.0,0.059961315,0.0,0,0,1,0,0
13608,-1,1,-0.24529982,0.43898067,0,1,unassigned,15.0,15.0,0.0,1.0,0.0,0.0,0.025145067,0.0,1,0,0,0,0
13609,1,1,1.5293934,0.82191753,1,0,unassigned,6.0,6.0,0.0,1.0,0.0,0.0,0.007736944,0.0,1,0,1,1,0
13610,-1,1,-0.92204106,0.2845422,0,1,unassigned,10.0,10.0,0.0,1.0,0.0,0.0,0.015473888,0.0,1,0,0,0,0
13611,-1,0,2.7782502,0.94148916,1,1,unassigned,6.0,6.0,0.0,1.0,0.0,0.0,0.007736944,0.0,0,0,0,1,1
13612,-1,1,1.7743123,0.85499316,1,1,unassigned,2.0,2.0,0.0,1.0,0.0,0.0,0.0,0.0,1,0,0,1,0
13613,-1,1,-0.49316263,0.3791488,0,1,unassigned,112.0,107.0,5.0,0.95535713,0.04464286,0.044642866,0.21276596,0.009498481,1,0,0,0,0
13614,-1,1,3.294153,0.9642277,1,1,unassigned,2.0,2.0,0.0,1.0,0.0,0.0,0.0,0.0,1,0,0,1,1
13615,1,1,1.1886284,0.76649565,1,0,unassigned,2.0,2.0,0.0,1.0,0.0,0.0,0.0,0.0,1,0,1,1,0
13616,-1,0,3.8024333,0.9781707,1,1,unassigned,2.0,1.0,1.0,0.5,0.5,0.5,0.0,0.0,0,0,0,1,1
13617,-1,0,-0.6486775,0.34328762,0,1,unassigned,31.0,31.0,0.0,1.0,0.0,0.0,0.056092843,0.0,0,0,0,0,0
13618,-1,0,-0.052410305,0.4869004,0,1,unassigned,18.0,17.0,1.0,0.9444444,0.055555556,0.055555582,0.030947777,0.0017193209,0,0,0,0,0
13619,-1,0,2.3484774,0.91281307,1,1,unassigned,2.0,2.0,0.0,1.0,0.0,0.0,0.0,0.0,0,0,0,1,1
13620,-1,0,2.143507,0.8950605,1,1,unassigned,2.0,2.0,0.0,1.0,0.0,0.0,0.0,0.0,0,0,0,1,0
13621,-1,0,-0.7885176,0.31248704,0,1,unassigned,12.0,9.0,3.0,0.75,0.25,0.25,0.01934236,0.00483559,0,0,0,0,0
13622,0,0,2.8757007,0.94663215,1,1,test,31.0,26.0,5.0,0.83870965,0.16129032,0.16129035,0.056092843,0.009047233,0,0,0,1,1
13623,-1,0,10.50732,0.9999727,1,1,unassigned,3.0,3.0,0.0,1.0,0.0,0.0,0.001934236,0.0,0,0,0,1,1
13624,-1,1,2.919553,0.94880456,1,1,unassigned,4.0,4.0,0.0,1.0,0.0,0.0,0.003868472,0.0,1,0,0,1,1
13625,-1,0,-0.06270856,0.48432803,0,1,unassigned,16.0,15.0,1.0,0.9375,0.0625,0.0625,0.027079303,0.0016924564,0,0,0,0,0
13626,-1,0,1.9736016,0.87799746,1,1,unassigned,2.0,2.0,0.0,1.0,0.0,0.0,0.0,0.0,0,0,0,1,0
13627,-1,0,2.607685,0.9313545,1,1,unassigned,18.0,17.0,1.0,0.9444444,0.055555556,0.055555582,0.030947777,0.0017193209,0,0,0,1,1
13628,-1,1,-0.087497234,0.47813964,0,1,unassigned,45.0,43.0,2.0,0.95555556,0.044444446,0.04444444,0.08317215,0.0036965401,1,0,0,0,0
13629,-1,1,-0.38192624,0.4056624,0,1,unassigned,26.0,25.0,1.0,0.96153843,0.03846154,0.038461566,0.046421662,0.0017854486,1,0,0,0,0
13630,-1,1,3.0451179,0.95457125,1,1,unassigned,49.0,47.0,2.0,0.9591837,0.040816326,0.040816307,0.09090909,0.0037105752,1,0,0,1,1
13631,-1,0,-0.4957745,0.37853417,0,1,unassigned,16.0,15.0,1.0,0.9375,0.0625,0.0625,0.027079303,0.0016924564,0,0,0,0,0
13632,1,1,-0.39600056,0.40227363,0,1,unassigned,26.0,26.0,0.0,1.0,0.0,0.0,0.046421662,0.0,1,0,0,0,0
13633,-1,1,1.2969642,0.7853236,1,1,unassigned,28.0,27.0,1.0,0.96428573,0.035714287,0.03571427,0.050290134,0.0017960763,1,0,0,1,0
13634,-1,1,-0.13875303,0.46536726,0,1,unassigned,3.0,3.0,0.0,1.0,0.0,0.0,0.001934236,0.0,1,0,0,0,0
13635,0,0,0.25142223,0.5625265,1,1,unassigned,2.0,2.0,0.0,1.0,0.0,0.0,0.0,0.0,0,0,0,1,0
13636,-1,0,3.178127,0.9600028,1,1,unassigned,2.0,2.0,0.0,1.0,0.0,0.0,0.0,0.0,0,0,0,1,1
13637,-1,1,-0.24144149,0.43993115,0,1,unassigned,4.0,4.0,0.0,1.0,0.0,0.0,0.003868472,0.0,1,0,0,0,0
13638,-1,1,-0.38691166,0.40446097,0,1,unassigned,8.0,8.0,0.0,1.0,0.0,0.0,0.0116054155,0.0,1,0,0,0,0
13639,0,1,0.6636955,0.6600901,1,1,unassigned,8.0,8.0,0.0,1.0,0.0,0.0,0.0116054155,0.0,1,0,0,1,0
13640,-1,1,1.54581,0.82430774,1,1,unassigned,4.0,3.0,1.0,0.75,0.25,0.25,0.003868472,0.000967118,1,0,0,1,0
13641,-1,0,2.3826377,0.9154938,1,1,unassigned,18.0,16.0,2.0,0.8888889,0.11111111,0.111111104,0.030947777,0.0034386418,0,0,0,1,1
13642,-1,1,-0.5904338,0.35653535,0,1,unassigned,3.0,3.0,0.0,1.0,0.0,0.0,0.001934236,0.0,1,0,0,0,0
13643,0,1,-0.54919183,0.3660519,0,0,test,37.0,34.0,3.0,0.9189189,0.08108108,0.08108109,0.06769826,0.005489048,1,0,1,0,0
13644,1,0,-0.20048547,0.45004585,0,1,unassigned,18.0,18.0,0.0,1.0,0.0,0.0,0.030947777,0.0,0,0,0,0,0
13645,-1,1,-0.9210049,0.2847532,0,1,unassigned,2.0,2.0,0.0,1.0,0.0,0.0,0.0,0.0,1,0,0,0,0
13646,-1,1,-0.6310597,0.34727028,0,1,unassigned,25.0,25.0,0.0,1.0,0.0,0.0,0.044487428,0.0,1,0,0,0,0
13647,0,1,-0.5939793,0.35572234,0,0,test,20.0,20.0,0.0,1.0,0.0,0.0,0.034816246,0.0,1,0,1,0,0
13648,-1,0,0.12793273,0.5319396,1,1,unassigned,30.0,28.0,2.0,0.93333334,0.06666667,0.06666666,0.054158606,0.003610574,0,0,0,1,0
13649,-1,0,-0.24196711,0.43980166,0,1,unassigned,22.0,22.0,0.0,1.0,0.0,0.0,0.03868472,0.0,0,0,0,0,0
13650,-1,0,-0.6716202,0.33813417,0,1,unassigned,79.0,79.0,0.0,1.0,0.0,0.0,0.14893617,0.0,0,0,0,0,0
13651,-1,0,-0.6568655,0.3414441,0,1,unassigned,6.0,6.0,0.0,1.0,0.0,0.0,0.007736944,0.0,0,0,0,0,0
13652,-1,0,-0.74499667,0.32191247,0,1,unassigned,65.0,64.0,1.0,0.9846154,0.015384615,0.0153846145,0.12185687,0.001874721,0,0,0,0,0
13653,-1,1,1.166095,0.7624385,1,1,unassigned,25.0,24.0,1.0,0.96,0.04,0.04000002,0.044487428,0.001779497,1,0,0,1,0
13654,-1,0,5.13201,0.99413,1,1,unassigned,3.0,3.0,0.0,1.0,0.0,0.0,0.001934236,0.0,0,0,0,1,1
13655,-1,0,2.952048,0.9503602,1,1,unassigned,27.0,25.0,2.0,0.9259259,0.074074075,0.07407409,0.0483559,0.0035819185,0,0,0,1,1
13656,-1,1,0.025440395,0.50635976,1,1,unassigned,12.0,12.0,0.0,1.0,0.0,0.0,0.01934236,0.0,1,0,0,1,0
13657,0,1,0.24207652,0.5602253,1,1,test,7.0,7.0,0.0,1.0,0.0,0.0,0.00967118,0.0,1,0,0,1,0
13658,-1,0,-0.21039021,0.44759563,0,1,unassigned,19.0,19.0,0.0,1.0,0.0,0.0,0.032882012,0.0,0,0,0,0,0
13659,-1,0,-0.5262775,0.3713855,0,1,unassigned,53.0,52.0,1.0,0.9811321,0.018867925,0.01886791,0.09864604,0.0018612461,0,0,0,0,0
13660,-1,0,-0.3889886,0.4039608,0,1,unassigned,24.0,24.0,0.0,1.0,0.0,0.0,0.04255319,0.0,0,0,0,0,0
13661,1,0,0.029001534,0.5072499,1,0,unassigned,21.0,19.0,2.0,0.9047619,0.0952381,0.09523809,0.036750484,0.0035000462,0,0,1,1,0
13662,-1,0,-0.23662007,0.44111946,0,1,unassigned,44.0,44.0,0.0,1.0,0.0,0.0,0.08123791,0.0,0,0,0,0,0
13663,-1,0,-0.20979038,0.44774392,0,1,unassigned,41.0,40.0,1.0,0.9756098,0.024390243,0.02439022,0.07543521,0.001839883,0,0,0,0,0
13664,-1,0,-0.19184792,0.45218456,0,1,unassigned,8.0,8.0,0.0,1.0,0.0,0.0,0.0116054155,0.0,0,0,0,0,0
13665,1,0,-0.44019765,0.39169386,0,1,val,116.0,116.0,0.0,1.0,0.0,0.0,0.2205029,0.0,0,0,0,0,0
13666,-1,1,-0.8942323,0.2902372,0,1,unassigned,3.0,3.0,0.0,1.0,0.0,0.0,0.001934236,0.0,1,0,0,0,0
13667,-1,1,-0.21083182,0.44748646,0,1,unassigned,2.0,2.0,0.0,1.0,0.0,0.0,0.0,0.0,1,0,0,0,0
13668,-1,0,6.926406,0.9990194,1,1,unassigned,4.0,4.0,0.0,1.0,0.0,0.0,0.003868472,0.0,0,0,0,1,1
13669,-1,1,-0.67717105,0.336893,0,1,unassigned,32.0,31.0,1.0,0.96875,0.03125,0.03125,0.058027077,0.0018133462,1,0,0,0,0
13670,0,1,-0.6960403,0.33269075,0,0,val,59.0,57.0,2.0,0.9661017,0.033898305,0.033898294,0.11025145,0.0037373372,1,0,1,0,0
13671,-1,0,0.41000438,0.60108894,1,1,unassigned,22.0,22.0,0.0,1.0,0.0,0.0,0.03868472,0.0,0,0,0,1,0
13672,-1,0,-0.19402885,0.4516444,0,1,unassigned,42.0,42.0,0.0,1.0,0.0,0.0,0.07736944,0.0,0,0,0,0,0
13673,-1,1,1.3440568,0.79315627,1,1,unassigned,6.0,5.0,1.0,0.8333333,0.16666667,0.16666669,0.007736944,0.0012894907,1,0,0,1,0
13674,-1,0,0.0222103,0.50555235,1,1,unassigned,2.0,1.0,1.0,0.5,0.5,0.5,0.0,0.0,0,0,0,1,0
13675,-1,1,-0.4221822,0.39599472,0,1,unassigned,8.0,8.0,0.0,1.0,0.0,0.0,0.0116054155,0.0,1,0,0,0,0
13676,-1,1,4.977336,0.99315476,1,1,unassigned,9.0,7.0,2.0,0.7777778,0.22222222,0.22222221,0.013539651,0.0030088115,1,0,0,1,1
13677,-1,0,0.32750124,0.58115125,1,1,unassigned,5.0,4.0,1.0,0.8,0.2,0.19999999,0.0058027077,0.0011605415,0,0,0,1,0
13678,-1,1,-0.41091177,0.39869356,0,1,unassigned,43.0,42.0,1.0,0.9767442,0.023255814,0.023255825,0.079303674,0.0018442714,1,0,0,0,0
13679,-1,1,-0.5106995,0.37502956,0,1,unassigned,44.0,41.0,3.0,0.9318182,0.06818182,0.06818181,0.08123791,0.005538949,1,0,0,0,0
13680,-1,1,-0.694988,0.33292437,0,1,unassigned,71.0,71.0,0.0,1.0,0.0,0.0,0.13346228,0.0,1,0,0,0,0
13681,-1,1,-0.5002005,0.37749356,0,1,unassigned,47.0,47.0,0.0,1.0,0.0,0.0,0.08704062,0.0,1,0,0,0,0
13682,-1,1,-0.6969315,0.33249292,0,1,unassigned,33.0,33.0,0.0,1.0,0.0,0.0,0.059961315,0.0,1,0,0,0,0
13683,0,1,-0.61689985,0.35048687,0,0,val,36.0,35.0,1.0,0.9722222,0.027777778,0.027777791,0.065764025,0.0018267785,1,0,1,0,0
13684,0,1,0.5226719,0.62777233,1,1,val,74.0,70.0,4.0,0.9459459,0.054054055,0.05405408,0.13926499,0.007527837,1,0,0,1,0
13685,-1,0,0.89741784,0.7104185,1,1,unassigned,5.0,5.0,0.0,1.0,0.0,0.0,0.0058027077,0.0,0,0,0,1,0
13686,-1,0,-0.7877758,0.31264645,0,1,unassigned,22.0,21.0,1.0,0.95454544,0.045454547,0.04545456,0.03868472,0.0017583964,0,0,0,0,0
13687,0,1,-0.71074754,0.32943368,0,0,test,15.0,14.0,1.0,0.93333334,0.06666667,0.06666666,0.025145067,0.0016763379,1,0,1,0,0
13688,-1,1,-0.4466934,0.39014724,0,1,unassigned,32.0,30.0,2.0,0.9375,0.0625,0.0625,0.058027077,0.0036266923,1,0,0,0,0
13689,-1,1,1.330127,0.79086167,1,1,unassigned,36.0,35.0,1.0,0.9722222,0.027777778,0.027777791,0.065764025,0.0018267785,1,0,0,1,0
13690,1,1,0.29583663,0.5734244,1,0,test,43.0,39.0,4.0,0.90697676,0.093023255,0.09302324,0.079303674,0.0073770857,1,0,1,1,0
13691,-1,1,-0.6128332,0.3514132,0,1,unassigned,10.0,10.0,0.0,1.0,0.0,0.0,0.015473888,0.0,1,0,0,0,0
13692,1,0,-0.9033693,0.2883586,0,1,unassigned,82.0,82.0,0.0,1.0,0.0,0.0,0.15473887,0.0,0,0,0,0,0
13693,-1,0,-0.12242037,0.4694331,0,1,unassigned,58.0,50.0,8.0,0.86206895,0.13793103,0.13793105,0.10831721,0.014940305,0,0,0,0,0
13694,-1,0,0.064661145,0.51615965,1,1,unassigned,61.0,60.0,1.0,0.9836066,0.016393442,0.016393423,0.114119925,0.0018708183,0,0,0,1,0
13695,-1,0,-0.3972567,0.40197164,0,1,unassigned,58.0,58.0,0.0,1.0,0.0,0.0,0.10831721,0.0,0,0,0,0,0
13696,-1,0,3.2910416,0.96412015,1,1,unassigned,23.0,20.0,3.0,0.8695652,0.13043478,0.13043481,0.040618956,0.0052981246,0,0,0,1,1
13697,-1,0,0.32202065,0.5798166,1,1,unassigned,16.0,15.0,1.0,0.9375,0.0625,0.0625,0.027079303,0.0016924564,0,0,0,1,0
13698,1,0,0.9562903,0.72237843,1,0,val,4.0,4.0,0.0,1.0,0.0,0.0,0.003868472,0.0,0,0,1,1,0
13699,0,1,-0.76850367,0.3168029,0,0,unassigned,6.0,6.0,0.0,1.0,0.0,0.0,0.007736944,0.0,1,0,1,0,0
13700,-1,0,0.6930612,0.6666476,1,1,unassigned,66.0,59.0,7.0,0.8939394,0.10606061,0.106060624,0.123791106,0.01312936,0,0,0,1,0
13701,-1,1,-0.9099133,0.28701758,0,1,unassigned,8.0,8.0,0.0,1.0,0.0,0.0,0.0116054155,0.0,1,0,0,0,0
13702,-1,0,5.5633755,0.99617887,1,1,unassigned,24.0,24.0,0.0,1.0,0.0,0.0,0.04255319,0.0,0,0,0,1,1
13703,-1,1,-0.79052854,0.31205517,0,1,unassigned,77.0,77.0,0.0,1.0,0.0,0.0,0.14506769,0.0,1,0,0,0,0
13704,-1,0,-0.9021455,0.2886098,0,1,unassigned,89.0,82.0,7.0,0.92134833,0.07865169,0.07865167,0.16827853,0.01323539,0,0,0,0,0
13705,-1,0,-0.81134576,0.30760378,0,1,unassigned,6.0,6.0,0.0,1.0,0.0,0.0,0.007736944,0.0,0,0,0,0,0
13706,-1,0,0.5691491,0.6385668,1,1,unassigned,24.0,24.0,0.0,1.0,0.0,0.0,0.04255319,0.0,0,0,0,1,0
13707,-1,0,-0.4540754,0.38839227,0,1,unassigned,56.0,55.0,1.0,0.98214287,0.017857144,0.017857134,0.10444874,0.0018651562,0,0,0,0,0
13708,-1,1,3.0492752,0.9547512,1,1,unassigned,8.0,8.0,0.0,1.0,0.0,0.0,0.0116054155,0.0,1,0,0,1,1
13709,0,0,-0.29244116,0.4274063,0,0,train,12.0,12.0,0.0,1.0,0.0,0.0,0.01934236,0.0,0,0,1,0,0
13710,-1,0,-0.10710898,0.4732483,0,1,unassigned,6.0,5.0,1.0,0.8333333,0.16666667,0.16666669,0.007736944,0.0012894907,0,0,0,0,0
13711,-1,0,-0.22366887,0.44431475,0,1,unassigned,3.0,3.0,0.0,1.0,0.0,0.0,0.001934236,0.0,0,0,0,0,0
13712,-1,0,-0.21537954,0.4463623,0,1,unassigned,73.0,73.0,0.0,1.0,0.0,0.0,0.13733076,0.0,0,0,0,0,0
13713,-1,0,4.3760276,0.9875809,1,1,unassigned,14.0,14.0,0.0,1.0,0.0,0.0,0.023210831,0.0,0,0,0,1,1
13714,-1,0,0.4468133,0.6098812,1,1,unassigned,12.0,10.0,2.0,0.8333333,0.16666667,0.16666669,0.01934236,0.0032237265,0,0,0,1,0
13715,-1,0,1.0661895,0.74387157,1,1,unassigned,7.0,7.0,0.0,1.0,0.0,0.0,0.00967118,0.0,0,0,0,1,0
13716,-1,1,2.9218743,0.94891727,1,1,unassigned,2.0,1.0,1.0,0.5,0.5,0.5,0.0,0.0,1,0,0,1,1
13717,-1,0,2.719502,0.93816763,1,1,unassigned,13.0,13.0,0.0,1.0,0.0,0.0,0.021276595,0.0,0,0,0,1,1
13718,-1,0,0.6572738,0.6586477,1,1,unassigned,54.0,54.0,0.0,1.0,0.0,0.0,0.10058027,0.0,0,0,0,1,0
13719,-1,1,-0.75524867,0.31967872,0,1,unassigned,24.0,23.0,1.0,0.9583333,0.041666668,0.041666687,0.04255319,0.0017730496,1,0,0,0,0
13720,-1,1,-0.9312562,0.28266993,0,1,unassigned,15.0,15.0,0.0,1.0,0.0,0.0,0.025145067,0.0,1,0,0,0,0
13721,-1,0,0.7541804,0.6800889,1,1,unassigned,3.0,3.0,0.0,1.0,0.0,0.0,0.001934236,0.0,0,0,0,1,0
13722,-1,1,-0.7459892,0.32169586,0,1,unassigned,89.0,86.0,3.0,0.96629214,0.033707865,0.033707857,0.16827853,0.00567231,1,0,0,0,0
13723,1,1,3.9624035,0.98133755,1,0,val,6.0,6.0,0.0,1.0,0.0,0.0,0.007736944,0.0,1,0,1,1,1
13724,-1,0,-0.30682552,0.42388982,0,1,unassigned,54.0,53.0,1.0,0.9814815,0.018518519,0.018518507,0.10058027,0.0018625975,0,0,0,0,0
13725,-1,0,2.657262,0.9344572,1,1,unassigned,4.0,4.0,0.0,1.0,0.0,0.0,0.003868472,0.0,0,0,0,1,1
13726,0,1,2.714644,0.9378853,1,1,unassigned,5.0,4.0,1.0,0.8,0.2,0.19999999,0.0058027077,0.0011605415,1,0,0,1,1
13727,-1,0,1.3073556,0.78707033,1,1,unassigned,3.0,3.0,0.0,1.0,0.0,0.0,0.001934236,0.0,0,0,0,1,0
13728,-1,0,-0.84857476,0.2997319,0,1,unassigned,42.0,42.0,0.0,1.0,0.0,0.0,0.07736944,0.0,0,0,0,0,0
13729,-1,0,-0.7669418,0.31714103,0,1,unassigned,30.0,29.0,1.0,0.96666664,0.033333335,0.03333336,0.054158606,0.001805287,0,0,0,0,0
13730,-1,0,-0.73443055,0.32422322,0,1,unassigned,77.0,76.0,1.0,0.987013,0.012987013,0.012987018,0.14506769,0.001883996,0,0,0,0,0
13731,-1,0,-0.86937845,0.29538366,0,1,unassigned,28.0,28.0,0.0,1.0,0.0,0.0,0.050290134,0.0,0,0,0,0,0
13732,1,1,4.739022,0.99132866,1,0,test,3.0,3.0,0.0,1.0,0.0,0.0,0.001934236,0.0,1,0,1,1,1
13733,-1,0,-0.63907343,0.34545603,0,1,unassigned,144.0,144.0,0.0,1.0,0.0,0.0,0.2746615,0.0,0,0,0,0,0
13734,-1,0,-0.9007443,0.28889757,0,1,unassigned,57.0,57.0,0.0,1.0,0.0,0.0,0.10638298,0.0,0,0,0,0,0
13735,-1,0,0.173868,0.54335785,1,1,unassigned,29.0,29.0,0.0,1.0,0.0,0.0,0.05222437,0.0,0,0,0,1,0
13736,-1,0,-0.6067334,0.35280472,0,1,unassigned,20.0,19.0,1.0,0.95,0.05,0.050000012,0.034816246,0.0017408123,0,0,0,0,0
13737,-1,0,-0.88703203,0.29172269,0,1,unassigned,29.0,29.0,0.0,1.0,0.0,0.0,0.05222437,0.0,0,0,0,0,0
13738,-1,0,5.136004,0.9941532,1,1,unassigned,17.0,14.0,3.0,0.8235294,0.1764706,0.17647058,0.029013539,0.005120036,0,0,0,1,1
13739,-1,0,0.35370874,0.5875166,1,1,unassigned,52.0,49.0,3.0,0.9423077,0.057692308,0.05769229,0.0967118,0.005579527,0,0,0,1,0
13740,-1,1,2.9756825,0.95146334,1,1,unassigned,5.0,5.0,0.0,1.0,0.0,0.0,0.0058027077,0.0,1,0,0,1,1
13741,-1,0,2.472358,0.9221811,1,1,unassigned,13.0,13.0,0.0,1.0,0.0,0.0,0.021276595,0.0,0,0,0,1,1
13742,-1,0,-0.4134372,0.39808825,0,1,unassigned,25.0,24.0,1.0,0.96,0.04,0.04000002,0.044487428,0.001779497,0,0,0,0,0
13743,0,0,-0.19158363,0.45225006,0,0,val,24.0,23.0,1.0,0.9583333,0.041666668,0.041666687,0.04255319,0.0017730496,0,0,1,0,0
13744,-1,1,10.250715,0.9999647,1,1,unassigned,4.0,3.0,1.0,0.75,0.25,0.25,0.003868472,0.000967118,1,0,0,1,1
13745,-1,1,-0.5687294,0.36153007,0,1,unassigned,8.0,8.0,0.0,1.0,0.0,0.0,0.0116054155,0.0,1,0,0,0,0
13746,0,0,-0.07524496,0.48119766,0,0,unassigned,4.0,4.0,0.0,1.0,0.0,0.0,0.003868472,0.0,0,0,1,0,0
13747,-1,0,-0.95213485,0.2784557,0,1,unassigned,2.0,1.0,1.0,0.5,0.5,0.5,0.0,0.0,0,0,0,0,0
13748,-1,0,2.8455522,0.9450883,1,1,unassigned,22.0,22.0,0.0,1.0,0.0,0.0,0.03868472,0.0,0,0,0,1,1
13749,-1,0,1.2745492,0.7815205,1,1,unassigned,16.0,15.0,1.0,0.9375,0.0625,0.0625,0.027079303,0.0016924564,0,0,0,1,0
13750,-1,0,1.0512624,0.7410173,1,1,unassigned,20.0,18.0,2.0,0.9,0.1,0.100000024,0.034816246,0.0034816246,0,0,0,1,0
13751,-1,0,2.3572578,0.9135094,1,1,unassigned,47.0,45.0,2.0,0.9574468,0.04255319,0.042553186,0.08704062,0.003703856,0,0,0,1,1
13752,-1,1,2.3561351,0.9134207,1,1,unassigned,27.0,27.0,0.0,1.0,0.0,0.0,0.0483559,0.0,1,0,0,1,1
13753,-1,0,-0.24554414,0.43892053,0,1,unassigned,35.0,35.0,0.0,1.0,0.0,0.0,0.06382979,0.0,0,0,0,0,0
13754,-1,0,-0.19179687,0.45219725,0,1,unassigned,2.0,1.0,1.0,0.5,0.5,0.5,0.0,0.0,0,0,0,0,0
13755,-1,1,-0.88474315,0.29219586,0,1,unassigned,48.0,47.0,1.0,0.9791667,0.020833334,0.020833313,0.088974856,0.0018536429,1,0,0,0,0
13756,1,1,-0.18541813,0.45377785,0,1,unassigned,21.0,21.0,0.0,1.0,0.0,0.0,0.036750484,0.0,1,0,0,0,0
13757,-1,1,-0.5950734,0.35547164,0,1,unassigned,5.0,4.0,1.0,0.8,0.2,0.19999999,0.0058027077,0.0011605415,1,0,0,0,0
13758,-1,1,0.7720774,0.6839701,1,1,unassigned,7.0,7.0,0.0,1.0,0.0,0.0,0.00967118,0.0,1,0,0,1,0
13759,-1,1,-0.54324514,0.36743298,0,1,unassigned,8.0,8.0,0.0,1.0,0.0,0.0,0.0116054155,0.0,1,0,0,0,0
13760,-1,1,6.4164557,0.9983682,1,1,unassigned,5.0,5.0,0.0,1.0,0.0,0.0,0.0058027077,0.0,1,0,0,1,1
13761,0,0,1.123178,0.7545777,1,1,test,5.0,5.0,0.0,1.0,0.0,0.0,0.0058027077,0.0,0,0,0,1,0
13762,-1,1,3.7524955,0.9770786,1,1,unassigned,18.0,15.0,3.0,0.8333333,0.16666667,0.16666669,0.030947777,0.005157963,1,0,0,1,1
13763,-1,1,0.67745,0.6631693,1,1,unassigned,4.0,4.0,0.0,1.0,0.0,0.0,0.003868472,0.0,1,0,0,1,0
13764,-1,1,4.3004074,0.98661846,1,1,unassigned,3.0,3.0,0.0,1.0,0.0,0.0,0.001934236,0.0,1,0,0,1,1
13765,-1,0,-0.8143506,0.3069642,0,1,unassigned,182.0,180.0,2.0,0.989011,0.010989011,0.01098901,0.34816247,0.0038259614,0,0,0,0,0
13766,-1,0,0.8164905,0.69349086,1,1,unassigned,23.0,23.0,0.0,1.0,0.0,0.0,0.040618956,0.0,0,0,0,1,0
13767,-1,1,-0.8662699,0.29603106,0,1,unassigned,2.0,1.0,1.0,0.5,0.5,0.5,0.0,0.0,1,0,0,0,0
13768,-1,0,-0.4621213,0.38648272,0,1,unassigned,60.0,55.0,5.0,0.9166667,0.083333336,0.08333331,0.11218569,0.009348808,0,0,0,0,0
13769,-1,1,2.0760257,0.88855106,1,1,unassigned,3.0,3.0,0.0,1.0,0.0,0.0,0.001934236,0.0,1,0,0,1,0
13770,-1,0,-0.45265707,0.38872918,0,1,unassigned,89.0,89.0,0.0,1.0,0.0,0.0,0.16827853,0.0,0,0,0,0,0
13771,-1,0,-0.5814606,0.35859656,0,1,unassigned,14.0,14.0,0.0,1.0,0.0,0.0,0.023210831,0.0,0,0,0,0,0
13772,-1,0,1.0825894,0.74698365,1,1,unassigned,28.0,20.0,8.0,0.71428573,0.2857143,0.28571427,0.050290134,0.01436861,0,0,0,1,0
13773,-1,0,0.13405508,0.53346366,1,1,unassigned,3.0,3.0,0.0,1.0,0.0,0.0,0.001934236,0.0,0,0,0,1,0
13774,-1,0,-0.75130224,0.32053763,0,1,unassigned,34.0,34.0,0.0,1.0,0.0,0.0,0.061895553,0.0,0,0,0,0,0
13775,-1,0,-0.8899171,0.29112694,0,1,unassigned,53.0,53.0,0.0,1.0,0.0,0.0,0.09864604,0.0,0,0,0,0,0
13776,1,0,3.900901,0.98017716,1,0,val,3.0,3.0,0.0,1.0,0.0,0.0,0.001934236,0.0,0,0,1,1,1
13777,-1,0,-0.9031962,0.28839412,0,1,unassigned,125.0,123.0,2.0,0.984,0.016,0.015999973,0.23791103,0.0038065766,0,0,0,0,0
13778,-1,0,0.42441195,0.6045385,1,1,unassigned,26.0,26.0,0.0,1.0,0.0,0.0,0.046421662,0.0,0,0,0,1,0
13779,-1,1,2.727568,0.9386339,1,1,unassigned,6.0,6.0,0.0,1.0,0.0,0.0,0.007736944,0.0,1,0,0,1,1
13780,-1,1,2.0364056,0.8845667,1,1,unassigned,10.0,10.0,0.0,1.0,0.0,0.0,0.015473888,0.0,1,0,0,1,0
13781,-1,0,-0.93295324,0.28232595,0,1,unassigned,96.0,96.0,0.0,1.0,0.0,0.0,0.18181819,0.0,0,0,0,0,0
13782,-1,0,0.93830305,0.71875674,1,1,unassigned,6.0,6.0,0.0,1.0,0.0,0.0,0.007736944,0.0,0,0,0,1,0
13783,0,0,-0.3178542,0.42119876,0,0,test,54.0,52.0,2.0,0.962963,0.037037037,0.037037015,0.10058027,0.003725195,0,0,1,0,0
13784,-1,0,4.978541,0.993163,1,1,unassigned,4.0,3.0,1.0,0.75,0.25,0.25,0.003868472,0.000967118,0,0,0,1,1
13785,0,0,-0.622787,0.34914786,0,0,train,65.0,65.0,0.0,1.0,0.0,0.0,0.12185687,0.0,0,0,1,0,0
13786,-1,0,-0.6480496,0.34342918,0,1,unassigned,148.0,147.0,1.0,0.9932432,0.006756757,0.0067567825,0.28239846,0.0019080978,0,0,0,0,0
13787,-1,0,-0.7210001,0.32717282,0,1,unassigned,84.0,82.0,2.0,0.97619045,0.023809524,0.023809552,0.15860735,0.0037763654,0,0,0,0,0
13788,1,0,0.0018639565,0.500466,1,0,val,20.0,19.0,1.0,0.95,0.05,0.050000012,0.034816246,0.0017408123,0,0,1,1,0
13789,-1,0,2.8699696,0.94634175,1,1,unassigned,7.0,7.0,0.0,1.0,0.0,0.0,0.00967118,0.0,0,0,0,1,1
13790,0,0,-0.37732998,0.40677103,0,0,test,29.0,29.0,0.0,1.0,0.0,0.0,0.05222437,0.0,0,0,1,0,0
13791,-1,0,-0.09936714,0.47517863,0,1,unassigned,69.0,68.0,1.0,0.98550725,0.014492754,0.01449275,0.1295938,0.0018781711,0,0,0,0,0
13792,-1,0,-0.73926437,0.32316503,0,1,unassigned,12.0,10.0,2.0,0.8333333,0.16666667,0.16666669,0.01934236,0.0032237265,0,0,0,0,0
13793,-1,0,-0.643575,0.34443885,0,1,unassigned,43.0,41.0,2.0,0.95348835,0.046511628,0.04651165,0.079303674,0.0036885429,0,0,0,0,0
13794,-1,0,-0.032244146,0.49193963,0,1,unassigned,33.0,33.0,0.0,1.0,0.0,0.0,0.059961315,0.0,0,0,0,0,0
13795,-1,0,0.16671395,0.5415822,1,1,unassigned,26.0,26.0,0.0,1.0,0.0,0.0,0.046421662,0.0,0,0,0,1,0
13796,-1,0,0.44369453,0.609139,1,1,unassigned,14.0,14.0,0.0,1.0,0.0,0.0,0.023210831,0.0,0,0,0,1,0
13797,-1,0,-0.6285385,0.347842,0,1,unassigned,8.0,8.0,0.0,1.0,0.0,0.0,0.0116054155,0.0,0,0,0,0,0
13798,-1,0,-0.46953887,0.3847254,0,1,unassigned,30.0,29.0,1.0,0.96666664,0.033333335,0.03333336,0.054158606,0.001805287,0,0,0,0,0
13799,-1,0,2.2284405,0.9027745,1,1,unassigned,32.0,28.0,4.0,0.875,0.125,0.125,0.058027077,0.0072533847,0,0,0,1,1
13800,-1,0,-0.9290978,0.2831078,0,1,unassigned,46.0,46.0,0.0,1.0,0.0,0.0,0.08510638,0.0,0,0,0,0,0
13801,-1,0,2.5073235,0.9246537,1,1,unassigned,15.0,15.0,0.0,1.0,0.0,0.0,0.025145067,0.0,0,0,0,1,1
13802,-1,0,0.57658464,0.6402812,1,1,unassigned,7.0,6.0,1.0,0.85714287,0.14285715,0.14285713,0.00967118,0.0013815971,0,0,0,1,0
13803,-1,0,0.5640852,0.6373972,1,1,unassigned,63.0,50.0,13.0,0.7936508,0.20634921,0.2063492,0.11798839,0.024346812,0,0,0,1,0
13804,-1,0,0.08351827,0.5208674,1,1,unassigned,10.0,10.0,0.0,1.0,0.0,0.0,0.015473888,0.0,0,0,0,1,0
13805,-1,0,-0.8861386,0.29190734,0,1,unassigned,3.0,3.0,0.0,1.0,0.0,0.0,0.001934236,0.0,0,0,0,0,0
13806,-1,0,0.38942564,0.59614444,1,1,unassigned,22.0,22.0,0.0,1.0,0.0,0.0,0.03868472,0.0,0,0,0,1,0
13807,-1,0,-0.30033404,0.4254758,0,1,unassigned,28.0,27.0,1.0,0.96428573,0.035714287,0.03571427,0.050290134,0.0017960763,0,0,0,0,0
13808,1,0,-0.30980033,0.42316347,0,1,unassigned,9.0,9.0,0.0,1.0,0.0,0.0,0.013539651,0.0,0,0,0,0,0
13809,-1,0,-0.8768097,0.29383934,0,1,unassigned,34.0,32.0,2.0,0.9411765,0.05882353,0.058823526,0.061895553,0.0036409148,0,0,0,0,0
13810,-1,0,-0.059705913,0.48507795,0,1,unassigned,57.0,56.0,1.0,0.98245615,0.01754386,0.017543852,0.10638298,0.0018663681,0,0,0,0,0
13811,-1,1,-0.5423213,0.36764774,0,1,unassigned,25.0,24.0,1.0,0.96,0.04,0.04000002,0.044487428,0.001779497,1,0,0,0,0
13812,-1,0,-0.88808584,0.291505,0,1,unassigned,55.0,55.0,0.0,1.0,0.0,0.0,0.102514505,0.0,0,0,0,0,0
13813,-1,0,-0.8385522,0.3018398,0,1,unassigned,29.0,28.0,1.0,0.9655172,0.03448276,0.034482777,0.05222437,0.0018008404,0,0,0,0,0
13814,-1,1,2.107024,0.891584,1,1,unassigned,19.0,19.0,0.0,1.0,0.0,0.0,0.032882012,0.0,1,0,0,1,0
13815,0,1,-0.23817503,0.44073611,0,0,unassigned,157.0,141.0,16.0,0.8980892,0.10191083,0.10191083,0.29980657,0.030553536,1,0,1,0,0
13816,-1,1,0.69841725,0.6678368,1,1,unassigned,23.0,23.0,0.0,1.0,0.0,0.0,0.040618956,0.0,1,0,0,1,0
13817,-1,0,3.700318,0.97588044,1,1,unassigned,18.0,17.0,1.0,0.9444444,0.055555556,0.055555582,0.030947777,0.0017193209,0,0,0,1,1
13818,-1,0,-0.79413754,0.31128097,0,1,unassigned,62.0,62.0,0.0,1.0,0.0,0.0,0.116054155,0.0,0,0,0,0,0
13819,-1,0,-0.4170352,0.39722642,0,1,unassigned,43.0,41.0,2.0,0.95348835,0.046511628,0.04651165,0.079303674,0.0036885429,0,0,0,0,0
13820,-1,1,-0.78353316,0.31355894,0,1,unassigned,150.0,149.0,1.0,0.99333334,0.006666667,0.0066666603,0.28626692,0.0019084462,1,0,0,0,0
13821,-1,0,0.43233806,0.60643184,1,1,unassigned,8.0,8.0,0.0,1.0,0.0,0.0,0.0116054155,0.0,0,0,0,1,0
13822,-1,0,0.16722947,0.5417102,1,1,unassigned,11.0,11.0,0.0,1.0,0.0,0.0,0.017408123,0.0,0,0,0,1,0
13823,-1,0,1.0011802,0.7312905,1,1,unassigned,26.0,26.0,0.0,1.0,0.0,0.0,0.046421662,0.0,0,0,0,1,0
13824,-1,0,-0.50377536,0.37665385,0,1,unassigned,53.0,52.0,1.0,0.9811321,0.018867925,0.01886791,0.09864604,0.0018612461,0,0,0,0,0
13825,-1,0,0.22479206,0.55596256,1,1,unassigned,18.0,18.0,0.0,1.0,0.0,0.0,0.030947777,0.0,0,0,0,1,0
13826,-1,0,8.592356,0.99981457,1,1,unassigned,2.0,2.0,0.0,1.0,0.0,0.0,0.0,0.0,0,0,0,1,1
13827,0,0,-0.7135868,0.3288068,0,0,test,109.0,107.0,2.0,0.98165137,0.018348623,0.018348634,0.20696326,0.0037974908,0,0,1,0,0
13828,-1,0,-0.5404644,0.36807954,0,1,unassigned,16.0,16.0,0.0,1.0,0.0,0.0,0.027079303,0.0,0,0,0,0,0
13829,0,1,-0.033313096,0.49167255,0,0,train,5.0,4.0,1.0,0.8,0.2,0.19999999,0.0058027077,0.0011605415,1,0,1,0,0
13830,1,0,-0.7177033,0.32789895,0,1,val,138.0,138.0,0.0,1.0,0.0,0.0,0.2630561,0.0,0,0,0,0,0
13831,0,0,-0.6489432,0.34322774,0,0,val,79.0,79.0,0.0,1.0,0.0,0.0,0.14893617,0.0,0,0,1,0,0
13832,-1,1,-0.7905962,0.31204066,0,1,unassigned,29.0,23.0,6.0,0.79310346,0.20689656,0.20689654,0.05222437,0.010805042,1,0,0,0,0
13833,-1,0,2.1513026,0.89579046,1,1,unassigned,3.0,3.0,0.0,1.0,0.0,0.0,0.001934236,0.0,0,0,0,1,0
13834,1,1,0.34108865,0.58445495,1,0,val,15.0,15.0,0.0,1.0,0.0,0.0,0.025145067,0.0,1,0,1,1,0
13835,-1,1,-0.8635582,0.29659647,0,1,unassigned,57.0,54.0,3.0,0.94736844,0.05263158,0.052631557,0.10638298,0.0055991043,1,0,0,0,0
13836,-1,0,1.970237,0.87763655,1,1,unassigned,8.0,8.0,0.0,1.0,0.0,0.0,0.0116054155,0.0,0,0,0,1,0
13837,-1,1,5.920781,0.997324,1,1,unassigned,2.0,2.0,0.0,1.0,0.0,0.0,0.0,0.0,1,0,0,1,1
13838,-1,0,-0.11480123,0.47133118,0,1,unassigned,8.0,8.0,0.0,1.0,0.0,0.0,0.0116054155,0.0,0,0,0,0,0
13839,-1,1,8.501181,0.9997968,1,1,unassigned,2.0,2.0,0.0,1.0,0.0,0.0,0.0,0.0,1,0,0,1,1
13840,-1,1,-0.78449273,0.3133524,0,1,unassigned,44.0,42.0,2.0,0.95454544,0.045454547,0.04545456,0.08123791,0.0036926325,1,0,0,0,0
13841,-1,0,5.562161,0.9961743,1,1,unassigned,11.0,11.0,0.0,1.0,0.0,0.0,0.017408123,0.0,0,0,0,1,1
13842,-1,0,2.6846964,0.93611753,1,1,unassigned,10.0,9.0,1.0,0.9,0.1,0.100000024,0.015473888,0.0015473888,0,0,0,1,1
13843,-1,0,3.79785,0.97807264,1,1,unassigned,40.0,16.0,24.0,0.4,0.6,0.6,0.07350097,0.044100583,0,0,0,1,1
13844,-1,1,1.9086211,0.8708642,1,1,unassigned,4.0,4.0,0.0,1.0,0.0,0.0,0.003868472,0.0,1,0,0,1,0
13845,-1,1,5.9226966,0.99732924,1,1,unassigned,4.0,4.0,0.0,1.0,0.0,0.0,0.003868472,0.0,1,0,0,1,1
13846,-1,0,-0.8574671,0.2978688,0,1,unassigned,46.0,43.0,3.0,0.9347826,0.06521739,0.065217376,0.08510638,0.005550416,0,0,0,0,0
13847,-1,0,-0.7966354,0.3107457,0,1,unassigned,100.0,100.0,0.0,1.0,0.0,0.0,0.18955512,0.0,0,0,0,0,0
13848,-1,0,-0.23621976,0.44121814,0,1,unassigned,8.0,7.0,1.0,0.875,0.125,0.125,0.0116054155,0.0014506769,0,0,0,0,0
13849,-1,1,-0.5447949,0.36707288,0,1,unassigned,70.0,68.0,2.0,0.9714286,0.028571429,0.028571427,0.13152805,0.0037579443,1,0,0,0,0
13850,-1,1,-0.45793772,0.38747516,0,1,unassigned,89.0,88.0,1.0,0.98876405,0.011235955,0.011235952,0.16827853,0.00189077,1,0,0,0,0
13851,-1,1,1.533658,0.82254094,1,1,unassigned,63.0,62.0,1.0,0.984127,0.015873017,0.015873015,0.11798839,0.0018728317,1,0,0,1,0
13852,-1,0,0.8677538,0.7042781,1,1,unassigned,2.0,1.0,1.0,0.5,0.5,0.5,0.0,0.0,0,0,0,1,0
13853,-1,1,4.826671,0.9920506,1,1,unassigned,11.0,6.0,5.0,0.54545456,0.45454547,0.45454544,0.017408123,0.007912784,1,0,0,1,1
13854,-1,1,-0.57123965,0.36095083,0,1,unassigned,17.0,16.0,1.0,0.9411765,0.05882353,0.058823526,0.029013539,0.0017066788,1,0,0,0,0
13855,1,0,4.33032,0.9870077,1,0,test,5.0,5.0,0.0,1.0,0.0,0.0,0.0058027077,0.0,0,0,1,1,1
13856,0,1,-0.9256929,0.28379935,0,0,test,2.0,2.0,0.0,1.0,0.0,0.0,0.0,0.0,1,0,1,0,0
13857,0,0,-0.9347558,0.28196087,0,0,test,2.0,2.0,0.0,1.0,0.0,0.0,0.0,0.0,0,0,1,0,0
13858,-1,0,1.0163527,0.7342615,1,1,unassigned,10.0,9.0,1.0,0.9,0.1,0.100000024,0.015473888,0.0015473888,0,0,0,1,0
13859,-1,0,-0.29636914,0.42644534,0,1,unassigned,4.0,4.0,0.0,1.0,0.0,0.0,0.003868472,0.0,0,0,0,0,0
13860,1,0,-0.485374,0.38098395,0,1,unassigned,32.0,32.0,0.0,1.0,0.0,0.0,0.058027077,0.0,0,0,0,0,0
13861,-1,0,-0.16235918,0.45949915,0,1,unassigned,10.0,10.0,0.0,1.0,0.0,0.0,0.015473888,0.0,0,0,0,0,0
13862,-1,0,1.8252361,0.86119324,1,1,unassigned,3.0,2.0,1.0,0.6666667,0.33333334,0.3333333,0.001934236,0.00064474536,0,0,0,1,0
13863,-1,0,5.2685237,0.99487525,1,1,unassigned,6.0,6.0,0.0,1.0,0.0,0.0,0.007736944,0.0,0,0,0,1,1
13864,1,0,-0.08935332,0.4776765,0,1,val,23.0,23.0,0.0,1.0,0.0,0.0,0.040618956,0.0,0,0,0,0,0
13865,-1,1,4.921969,0.99276793,1,1,unassigned,2.0,2.0,0.0,1.0,0.0,0.0,0.0,0.0,1,0,0,1,1
13866,1,0,1.9340477,0.87369674,1,0,unassigned,54.0,54.0,0.0,1.0,0.0,0.0,0.10058027,0.0,0,0,1,1,0
13867,1,0,5.1187396,0.994052,1,0,unassigned,4.0,4.0,0.0,1.0,0.0,0.0,0.003868472,0.0,0,0,1,1,1
13868,-1,0,-0.48515946,0.38103455,0,1,unassigned,33.0,33.0,0.0,1.0,0.0,0.0,0.059961315,0.0,0,0,0,0,0
13869,-1,0,-0.33225337,0.41769245,0,1,unassigned,80.0,80.0,0.0,1.0,0.0,0.0,0.15087041,0.0,0,0,0,0,0
13870,-1,1,-0.4763799,0.3831073,0,1,unassigned,4.0,4.0,0.0,1.0,0.0,0.0,0.003868472,0.0,1,0,0,0,0
13871,-1,0,0.15527207,0.5387402,1,1,unassigned,20.0,20.0,0.0,1.0,0.0,0.0,0.034816246,0.0,0,0,0,1,0
13872,-1,0,-0.30788147,0.42363194,0,1,unassigned,65.0,65.0,0.0,1.0,0.0,0.0,0.12185687,0.0,0,0,0,0,0
13873,-1,0,2.1614506,0.89673394,1,1,unassigned,18.0,18.0,0.0,1.0,0.0,0.0,0.030947777,0.0,0,0,0,1,0
13874,-1,1,-0.61821777,0.35018688,0,1,unassigned,7.0,7.0,0.0,1.0,0.0,0.0,0.00967118,0.0,1,0,0,0,0
13875,-1,0,-0.6720285,0.33804277,0,1,unassigned,43.0,43.0,0.0,1.0,0.0,0.0,0.079303674,0.0,0,0,0,0,0
13876,-1,1,-0.41327822,0.39812633,0,1,unassigned,52.0,50.0,2.0,0.96153843,0.03846154,0.038461566,0.0967118,0.0037196847,1,0,0,0,0
13877,-1,1,-0.49562556,0.37856922,0,1,unassigned,29.0,28.0,1.0,0.9655172,0.03448276,0.034482777,0.05222437,0.0018008404,1,0,0,0,0
13878,-1,0,-0.69195116,0.33359918,0,1,unassigned,32.0,32.0,0.0,1.0,0.0,0.0,0.058027077,0.0,0,0,0,0,0
13879,-1,0,-0.6467624,0.3437195,0,1,unassigned,30.0,30.0,0.0,1.0,0.0,0.0,0.054158606,0.0,0,0,0,0,0
13880,-1,0,-0.5472843,0.36649472,0,1,unassigned,48.0,48.0,0.0,1.0,0.0,0.0,0.088974856,0.0,0,0,0,0,0
13881,-1,0,-0.12573248,0.4686082,0,1,unassigned,13.0,13.0,0.0,1.0,0.0,0.0,0.021276595,0.0,0,0,0,0,0
13882,-1,0,-0.6178053,0.35028076,0,1,unassigned,57.0,55.0,2.0,0.9649123,0.03508772,0.035087705,0.10638298,0.0037327362,0,0,0,0,0
13883,-1,0,0.21242613,0.5529077,1,1,unassigned,29.0,26.0,3.0,0.8965517,0.10344828,0.10344827,0.05222437,0.005402521,0,0,0,1,0
13884,-1,0,-0.055163562,0.48621258,0,1,unassigned,39.0,39.0,0.0,1.0,0.0,0.0,0.07156673,0.0,0,0,0,0,0
13885,-1,0,-0.64966464,0.34306514,0,1,unassigned,13.0,13.0,0.0,1.0,0.0,0.0,0.021276595,0.0,0,0,0,0,0
13886,0,0,-0.8365077,0.30227083,0,0,unassigned,58.0,57.0,1.0,0.98275864,0.01724138,0.017241359,0.10831721,0.0018675381,0,0,1,0,0
13887,0,0,-0.94850206,0.27918616,0,0,val,26.0,25.0,1.0,0.96153843,0.03846154,0.038461566,0.046421662,0.0017854486,0,0,1,0,0
13888,-1,0,1.0844793,0.74734074,1,1,unassigned,7.0,6.0,1.0,0.85714287,0.14285715,0.14285713,0.00967118,0.0013815971,0,0,0,1,0
13889,-1,0,-0.88174623,0.29281604,0,1,unassigned,83.0,83.0,0.0,1.0,0.0,0.0,0.15667312,0.0,0,0,0,0,0
13890,-1,0,-0.8841177,0.2923252,0,1,unassigned,49.0,49.0,0.0,1.0,0.0,0.0,0.09090909,0.0,0,0,0,0,0
13891,-1,0,-0.70557255,0.33057788,0,1,unassigned,85.0,85.0,0.0,1.0,0.0,0.0,0.16054158,0.0,0,0,0,0,0
13892,-1,1,1.3310399,0.7910126,1,1,unassigned,17.0,14.0,3.0,0.8235294,0.1764706,0.17647058,0.029013539,0.005120036,1,0,0,1,0
13893,-1,0,-0.54069906,0.36802498,0,1,unassigned,42.0,42.0,0.0,1.0,0.0,0.0,0.07736944,0.0,0,0,0,0,0
13894,-1,0,-0.44634235,0.39023075,0,1,unassigned,43.0,43.0,0.0,1.0,0.0,0.0,0.079303674,0.0,0,0,0,0,0
13895,-1,0,-0.0010697246,0.49973252,0,1,unassigned,21.0,21.0,0.0,1.0,0.0,0.0,0.036750484,0.0,0,0,0,0,0
13896,0,1,-0.43699467,0.3924573,0,0,unassigned,42.0,41.0,1.0,0.97619045,0.023809524,0.023809552,0.07736944,0.0018421295,1,0,1,0,0
13897,-1,0,-0.21838772,0.44561902,0,1,unassigned,5.0,4.0,1.0,0.8,0.2,0.19999999,0.0058027077,0.0011605415,0,0,0,0,0
13898,0,1,-0.8851501,0.2921117,0,0,unassigned,21.0,18.0,3.0,0.85714287,0.14285715,0.14285713,0.036750484,0.0052500693,1,0,1,0,0
13899,0,1,-0.6982423,0.33220205,0,0,unassigned,102.0,101.0,1.0,0.99019605,0.009803922,0.009803951,0.1934236,0.0018963099,1,0,1,0,0
13900,-1,0,-0.59648955,0.35514724,0,1,unassigned,33.0,31.0,2.0,0.93939394,0.060606062,0.060606062,0.059961315,0.0036340193,0,0,0,0,0
13901,-1,1,-0.6448335,0.34415475,0,1,unassigned,44.0,43.0,1.0,0.97727275,0.022727273,0.022727251,0.08123791,0.0018463163,1,0,0,0,0
13902,-1,1,-0.82693106,0.30429438,0,1,unassigned,31.0,31.0,0.0,1.0,0.0,0.0,0.056092843,0.0,1,0,0,0,0
13903,-1,1,1.0567131,0.7420619,1,1,unassigned,29.0,29.0,0.0,1.0,0.0,0.0,0.05222437,0.0,1,0,0,1,0
13904,-1,1,-0.48796898,0.38037217,0,1,unassigned,67.0,63.0,4.0,0.9402985,0.05970149,0.059701502,0.12572534,0.0075059906,1,0,0,0,0
13905,-1,0,0.11396694,0.5284609,1,1,unassigned,5.0,5.0,0.0,1.0,0.0,0.0,0.0058027077,0.0,0,0,0,1,0
13906,-1,0,2.3535852,0.9132188,1,1,unassigned,9.0,8.0,1.0,0.8888889,0.11111111,0.111111104,0.013539651,0.0015044058,0,0,0,1,1
13907,0,0,-0.5800586,0.3589191,0,0,test,7.0,7.0,0.0,1.0,0.0,0.0,0.00967118,0.0,0,0,1,0,0
13908,1,1,0.0008649826,0.50021625,1,0,val,30.0,29.0,1.0,0.96666664,0.033333335,0.03333336,0.054158606,0.001805287,1,0,1,1,0
13909,-1,1,-0.14039463,0.4649589,0,1,unassigned,16.0,16.0,0.0,1.0,0.0,0.0,0.027079303,0.0,1,0,0,0,0
13910,-1,1,-0.52011687,0.3728249,0,1,unassigned,44.0,43.0,1.0,0.97727275,0.022727273,0.022727251,0.08123791,0.0018463163,1,0,0,0,0
13911,-1,0,0.78435975,0.686619,1,1,unassigned,48.0,48.0,0.0,1.0,0.0,0.0,0.088974856,0.0,0,0,0,1,0
13912,-1,0,-1.0906363,0.2514985,0,1,unassigned,3.0,1.0,2.0,0.33333334,0.6666667,0.6666666,0.001934236,0.0012894907,0,0,0,0,0
13913,0,0,0.38899785,0.5960414,1,1,unassigned,13.0,13.0,0.0,1.0,0.0,0.0,0.021276595,0.0,0,0,0,1,0
13914,-1,0,-0.5404098,0.36809227,0,1,unassigned,24.0,24.0,0.0,1.0,0.0,0.0,0.04255319,0.0,0,0,0,0,0
13915,-1,0,3.8517573,0.97919947,1,1,unassigned,13.0,13.0,0.0,1.0,0.0,0.0,0.021276595,0.0,0,0,0,1,1
13916,-1,0,1.8345459,0.8623024,1,1,unassigned,3.0,3.0,0.0,1.0,0.0,0.0,0.001934236,0.0,0,0,0,1,0
13917,-1,0,4.235654,0.9857361,1,1,unassigned,10.0,10.0,0.0,1.0,0.0,0.0,0.015473888,0.0,0,0,0,1,1
13918,0,0,0.37357783,0.5923232,1,1,val,2.0,1.0,1.0,0.5,0.5,0.5,0.0,0.0,0,0,0,1,0
13919,-1,0,0.6985566,0.6678677,1,1,unassigned,6.0,6.0,0.0,1.0,0.0,0.0,0.007736944,0.0,0,0,0,1,0
13920,-1,0,5.663435,0.99654144,1,1,unassigned,2.0,2.0,0.0,1.0,0.0,0.0,0.0,0.0,0,0,0,1,1
13921,-1,1,0.21650249,0.5539152,1,1,unassigned,3.0,3.0,0.0,1.0,0.0,0.0,0.001934236,0.0,1,0,0,1,0
13922,-1,1,-0.008997738,0.49775055,0,1,unassigned,6.0,6.0,0.0,1.0,0.0,0.0,0.007736944,0.0,1,0,0,0,0
13923,-1,1,2.7048345,0.9373113,1,1,unassigned,11.0,10.0,1.0,0.90909094,0.09090909,0.090909064,0.017408123,0.0015825568,1,0,0,1,1
13924,-1,0,-0.7539874,0.31995308,0,1,unassigned,112.0,112.0,0.0,1.0,0.0,0.0,0.21276596,0.0,0,0,0,0,0
13925,0,1,-0.6796152,0.3363472,0,0,unassigned,23.0,21.0,2.0,0.9130435,0.08695652,0.0869565,0.040618956,0.0035320832,1,0,1,0,0
13926,1,1,1.0436218,0.7395482,1,0,unassigned,18.0,18.0,0.0,1.0,0.0,0.0,0.030947777,0.0,1,0,1,1,0
13927,0,1,-0.7266504,0.3259302,0,0,test,56.0,56.0,0.0,1.0,0.0,0.0,0.10444874,0.0,1,0,1,0,0
13928,-1,1,1.3742108,0.7980596,1,1,unassigned,15.0,9.0,6.0,0.6,0.4,0.39999998,0.025145067,0.010058027,1,0,0,1,0
13929,-1,1,-0.57977223,0.358985,0,1,unassigned,39.0,39.0,0.0,1.0,0.0,0.0,0.07156673,0.0,1,0,0,0,0
13930,-1,0,1.1554148,0.7604986,1,1,unassigned,2.0,2.0,0.0,1.0,0.0,0.0,0.0,0.0,0,0,0,1,0
13931,-1,1,-0.5306928,0.3703553,0,1,unassigned,37.0,36.0,1.0,0.972973,0.027027028,0.02702701,0.06769826,0.0018296828,1,0,0,0,0
13932,-1,1,-0.5490363,0.366088,0,1,unassigned,45.0,45.0,0.0,1.0,0.0,0.0,0.08317215,0.0,1,0,0,0,0
13933,-1,0,-0.10150364,0.47464585,0,1,unassigned,53.0,53.0,0.0,1.0,0.0,0.0,0.09864604,0.0,0,0,0,0,0
13934,-1,1,-0.38285688,0.40543804,0,1,unassigned,32.0,32.0,0.0,1.0,0.0,0.0,0.058027077,0.0,1,0,0,0,0
13935,-1,0,3.0682433,0.9555636,1,1,unassigned,9.0,9.0,0.0,1.0,0.0,0.0,0.013539651,0.0,0,0,0,1,1
13936,1,0,2.9106739,0.9483715,1,0,unassigned,13.0,12.0,1.0,0.9230769,0.07692308,0.07692307,0.021276595,0.0016366612,0,0,1,1,1
13937,0,1,-0.24227372,0.43972614,0,0,unassigned,65.0,62.0,3.0,0.95384616,0.046153847,0.046153843,0.12185687,0.0056241634,1,0,1,0,0
13938,-1,0,3.8175356,0.9784908,1,1,unassigned,14.0,14.0,0.0,1.0,0.0,0.0,0.023210831,0.0,0,0,0,1,1
13939,0,0,-0.818155,0.30615544,0,0,unassigned,55.0,55.0,0.0,1.0,0.0,0.0,0.102514505,0.0,0,0,1,0,0
13940,-1,0,-0.60488945,0.35322586,0,1,unassigned,73.0,73.0,0.0,1.0,0.0,0.0,0.13733076,0.0,0,0,0,0,0
13941,-1,0,1.285424,0.7833716,1,1,unassigned,19.0,19.0,0.0,1.0,0.0,0.0,0.032882012,0.0,0,0,0,1,0
13942,-1,0,-0.89206386,0.2906841,0,1,unassigned,93.0,93.0,0.0,1.0,0.0,0.0,0.17601547,0.0,0,0,0,0,0
13943,1,0,-0.8411993,0.30128226,0,1,val,51.0,51.0,0.0,1.0,0.0,0.0,0.09477756,0.0,0,0,0,0,0
13944,-1,0,-0.027097166,0.4932261,0,1,unassigned,32.0,32.0,0.0,1.0,0.0,0.0,0.058027077,0.0,0,0,0,0,0
13945,-1,0,0.010450423,0.5026126,1,1,unassigned,37.0,35.0,2.0,0.9459459,0.054054055,0.05405408,0.06769826,0.0036593657,0,0,0,1,0
13946,-1,0,-0.8325029,0.30311608,0,1,unassigned,18.0,18.0,0.0,1.0,0.0,0.0,0.030947777,0.0,0,0,0,0,0
13947,-1,0,2.8210466,0.9438026,1,1,unassigned,13.0,13.0,0.0,1.0,0.0,0.0,0.021276595,0.0,0,0,0,1,1
13948,-1,0,-0.82603115,0.30448493,0,1,unassigned,114.0,113.0,1.0,0.99122804,0.00877193,0.008771956,0.21663442,0.001900302,0,0,0,0,0
13949,-1,1,0.22016805,0.5548208,1,1,unassigned,2.0,2.0,0.0,1.0,0.0,0.0,0.0,0.0,1,0,0,1,0
13950,-1,0,-0.27796954,0.43095163,0,1,unassigned,7.0,7.0,0.0,1.0,0.0,0.0,0.00967118,0.0,0,0,0,0,0
13951,-1,1,-0.79063493,0.31203237,0,1,unassigned,80.0,77.0,3.0,0.9625,0.0375,0.037500024,0.15087041,0.0056576408,1,0,0,0,0
13952,-1,0,0.10099858,0.5252282,1,1,unassigned,74.0,74.0,0.0,1.0,0.0,0.0,0.13926499,0.0,0,0,0,1,0
13953,-1,0,-0.70959085,0.32968926,0,1,unassigned,44.0,44.0,0.0,1.0,0.0,0.0,0.08123791,0.0,0,0,0,0,0
13954,-1,1,-0.94631475,0.27962655,0,1,unassigned,19.0,18.0,1.0,0.94736844,0.05263158,0.052631557,0.032882012,0.0017306323,1,0,0,0,0
13955,-1,0,-0.26016992,0.43532193,0,1,unassigned,21.0,21.0,0.0,1.0,0.0,0.0,0.036750484,0.0,0,0,0,0,0
13956,-1,1,-0.25993544,0.43537956,0,1,unassigned,45.0,43.0,2.0,0.95555556,0.044444446,0.04444444,0.08317215,0.0036965401,1,0,0,0,0
13957,-1,1,-0.5972594,0.35497093,0,1,unassigned,27.0,26.0,1.0,0.962963,0.037037037,0.037037015,0.0483559,0.0017909593,1,0,0,0,0
13958,-1,0,1.174726,0.7639982,1,1,unassigned,2.0,2.0,0.0,1.0,0.0,0.0,0.0,0.0,0,0,0,1,0
13959,0,1,0.059879243,0.5149653,1,1,unassigned,35.0,34.0,1.0,0.9714286,0.028571429,0.028571427,0.06382979,0.0018237082,1,0,0,1,0
13960,0,0,-0.02470237,0.4938247,0,0,unassigned,4.0,4.0,0.0,1.0,0.0,0.0,0.003868472,0.0,0,0,1,0,0
13961,-1,1,-0.38397717,0.405168,0,1,unassigned,13.0,13.0,0.0,1.0,0.0,0.0,0.021276595,0.0,1,0,0,0,0
13962,-1,1,-0.6705903,0.3383647,0,1,unassigned,31.0,30.0,1.0,0.9677419,0.032258064,0.032258093,0.056092843,0.0018094465,1,0,0,0,0
13963,-1,0,6.947024,0.99903935,1,1,unassigned,16.0,16.0,0.0,1.0,0.0,0.0,0.027079303,0.0,0,0,0,1,1
13964,-1,0,-0.41317648,0.3981507,0,1,unassigned,19.0,19.0,0.0,1.0,0.0,0.0,0.032882012,0.0,0,0,0,0,0
13965,0,0,-0.019806981,0.4950484,0,0,unassigned,26.0,26.0,0.0,1.0,0.0,0.0,0.046421662,0.0,0,0,1,0,0
13966,-1,0,0.7280069,0.6743677,1,1,unassigned,21.0,21.0,0.0,1.0,0.0,0.0,0.036750484,0.0,0,0,0,1,0
13967,-1,0,0.51641756,0.6263097,1,1,unassigned,33.0,33.0,0.0,1.0,0.0,0.0,0.059961315,0.0,0,0,0,1,0
13968,-1,0,0.25450903,0.563286,1,1,unassigned,28.0,28.0,0.0,1.0,0.0,0.0,0.050290134,0.0,0,0,0,1,0
13969,-1,0,-0.15833318,0.4604992,0,1,unassigned,40.0,39.0,1.0,0.975,0.025,0.024999976,0.07350097,0.0018375242,0,0,0,0,0
13970,-1,0,0.07364142,0.51840204,1,1,unassigned,118.0,115.0,3.0,0.9745763,0.025423728,0.025423706,0.22437137,0.005704357,0,0,0,1,0
13971,-1,1,-0.6700913,0.3384764,0,1,unassigned,110.0,107.0,3.0,0.9727273,0.027272727,0.027272701,0.20889749,0.0056972043,1,0,0,0,0
13972,-1,0,-0.8510674,0.299209,0,1,unassigned,66.0,66.0,0.0,1.0,0.0,0.0,0.123791106,0.0,0,0,0,0,0
13973,-1,1,-0.47051346,0.38449475,0,1,unassigned,75.0,74.0,1.0,0.9866667,0.013333334,0.013333321,0.14119923,0.0018826565,1,0,0,0,0
13974,-1,1,-0.5856241,0.35763952,0,1,unassigned,112.0,109.0,3.0,0.97321427,0.026785715,0.026785731,0.21276596,0.0056990883,1,0,0,0,0
13975,-1,0,-0.30441737,0.424478,0,1,unassigned,35.0,34.0,1.0,0.9714286,0.028571429,0.028571427,0.06382979,0.0018237082,0,0,0,0,0
13976,0,1,-0.8715517,0.29493153,0,0,val,48.0,47.0,1.0,0.9791667,0.020833334,0.020833313,0.088974856,0.0018536429,1,0,1,0,0
13977,1,1,-0.682736,0.33565092,0,1,val,43.0,43.0,0.0,1.0,0.0,0.0,0.079303674,0.0,1,0,0,0,0
13978,-1,0,-0.8785453,0.29347932,0,1,unassigned,47.0,46.0,1.0,0.9787234,0.021276595,0.021276593,0.08704062,0.001851928,0,0,0,0,0
13979,-1,1,1.7832081,0.8560926,1,1,unassigned,7.0,6.0,1.0,0.85714287,0.14285715,0.14285713,0.00967118,0.0013815971,1,0,0,1,0
13980,-1,0,-0.32347164,0.4198299,0,1,unassigned,33.0,33.0,0.0,1.0,0.0,0.0,0.059961315,0.0,0,0,0,0,0
13981,-1,0,-0.8470577,0.30005044,0,1,unassigned,15.0,15.0,0.0,1.0,0.0,0.0,0.025145067,0.0,0,0,0,0,0
13982,-1,0,-0.7954345,0.31100297,0,1,unassigned,46.0,46.0,0.0,1.0,0.0,0.0,0.08510638,0.0,0,0,0,0,0
13983,-1,0,2.6885726,0.936349,1,1,unassigned,7.0,7.0,0.0,1.0,0.0,0.0,0.00967118,0.0,0,0,0,1,1
13984,-1,0,0.020597458,0.5051492,1,1,unassigned,58.0,58.0,0.0,1.0,0.0,0.0,0.10831721,0.0,0,0,0,1,0
13985,-1,0,-0.8885267,0.29141396,0,1,unassigned,21.0,21.0,0.0,1.0,0.0,0.0,0.036750484,0.0,0,0,0,0,0
13986,-1,0,5.2366576,0.9947101,1,1,unassigned,7.0,7.0,0.0,1.0,0.0,0.0,0.00967118,0.0,0,0,0,1,1
13987,-1,0,-0.57684195,0.35965958,0,1,unassigned,51.0,51.0,0.0,1.0,0.0,0.0,0.09477756,0.0,0,0,0,0,0
13988,-1,0,2.0476964,0.88571465,1,1,unassigned,14.0,14.0,0.0,1.0,0.0,0.0,0.023210831,0.0,0,0,0,1,0
13989,-1,0,-0.7673445,0.31705385,0,1,unassigned,59.0,59.0,0.0,1.0,0.0,0.0,0.11025145,0.0,0,0,0,0,0
13990,1,0,-0.57890916,0.35918364,0,1,unassigned,16.0,15.0,1.0,0.9375,0.0625,0.0625,0.027079303,0.0016924564,0,0,0,0,0
13991,-1,0,1.3462863,0.7935218,1,1,unassigned,3.0,3.0,0.0,1.0,0.0,0.0,0.001934236,0.0,0,0,0,1,0
13992,-1,0,0.51536995,0.6260645,1,1,unassigned,26.0,26.0,0.0,1.0,0.0,0.0,0.046421662,0.0,0,0,0,1,0
13993,-1,0,-0.72324675,0.32667843,0,1,unassigned,62.0,61.0,1.0,0.983871,0.016129032,0.016129017,0.116054155,0.0018718411,0,0,0,0,0
13994,-1,0,-0.5539762,0.36494237,0,1,unassigned,7.0,7.0,0.0,1.0,0.0,0.0,0.00967118,0.0,0,0,0,0,0
13995,-1,1,-0.71831256,0.3277647,0,1,unassigned,36.0,34.0,2.0,0.9444444,0.055555556,0.055555582,0.065764025,0.003653557,1,0,0,0,0
13996,-1,0,3.3101494,0.9647754,1,1,unassigned,3.0,3.0,0.0,1.0,0.0,0.0,0.001934236,0.0,0,0,0,1,1
13997,-1,0,-0.48178962,0.38182962,0,1,unassigned,4.0,4.0,0.0,1.0,0.0,0.0,0.003868472,0.0,0,0,0,0,0
13998,-1,0,2.0565667,0.8866095,1,1,unassigned,34.0,24.0,10.0,0.7058824,0.29411766,0.29411763,0.061895553,0.018204575,0,0,0,1,0
13999,-1,1,3.72061,0.9763535,1,1,unassigned,2.0,1.0,1.0,0.5,0.5,0.5,0.0,0.0,1,0,0,1,1
14000,-1,1,4.3613067,0.9873991,1,1,unassigned,42.0,29.0,13.0,0.6904762,0.30952382,0.30952382,0.07736944,0.023947684,1,0,0,1,1
14001,-1,1,-0.3020153,0.4250649,0,1,unassigned,51.0,43.0,8.0,0.84313726,0.15686275,0.15686274,0.09477756,0.014867069,1,0,0,0,0
14002,-1,0,3.9127314,0.9804058,1,1,unassigned,2.0,2.0,0.0,1.0,0.0,0.0,0.0,0.0,0,0,0,1,1
14003,0,1,-0.8463209,0.3002052,0,0,test,42.0,41.0,1.0,0.97619045,0.023809524,0.023809552,0.07736944,0.0018421295,1,0,1,0,0
14004,1,0,3.768554,0.9774354,1,0,unassigned,28.0,28.0,0.0,1.0,0.0,0.0,0.050290134,0.0,0,0,1,1,1
14005,-1,0,0.79125243,0.68810016,1,1,unassigned,2.0,2.0,0.0,1.0,0.0,0.0,0.0,0.0,0,0,0,1,0
14006,-1,1,-0.64118814,0.344978,0,1,unassigned,36.0,32.0,4.0,0.8888889,0.11111111,0.111111104,0.065764025,0.007307114,1,0,0,0,0
14007,-1,1,-0.6880288,0.3344717,0,1,unassigned,97.0,94.0,3.0,0.96907216,0.030927835,0.030927837,0.18375242,0.0056830645,1,0,0,0,0
14008,-1,0,0.83135515,0.6966414,1,1,unassigned,42.0,42.0,0.0,1.0,0.0,0.0,0.07736944,0.0,0,0,0,1,0
14009,-1,0,0.028683007,0.50717026,1,1,unassigned,25.0,25.0,0.0,1.0,0.0,0.0,0.044487428,0.0,0,0,0,1,0
14010,0,0,0.92338806,0.7157319,1,1,unassigned,31.0,30.0,1.0,0.9677419,0.032258064,0.032258093,0.056092843,0.0018094465,0,0,0,1,0
14011,-1,1,-0.29777876,0.42610058,0,1,unassigned,74.0,72.0,2.0,0.972973,0.027027028,0.02702701,0.13926499,0.0037639185,1,0,0,0,0
14012,-1,0,0.76065165,0.6814952,1,1,unassigned,75.0,75.0,0.0,1.0,0.0,0.0,0.14119923,0.0,0,0,0,1,0
14013,-1,1,-0.51605767,0.37377456,0,1,unassigned,50.0,49.0,1.0,0.98,0.02,0.01999998,0.092843324,0.0018568664,1,0,0,0,0
14014,-1,0,0.44343632,0.6090775,1,1,unassigned,16.0,16.0,0.0,1.0,0.0,0.0,0.027079303,0.0,0,0,0,1,0
14015,-1,0,-0.3752725,0.4072676,0,1,unassigned,49.0,49.0,0.0,1.0,0.0,0.0,0.09090909,0.0,0,0,0,0,0
14016,1,0,1.0647178,0.74359107,1,0,test,37.0,37.0,0.0,1.0,0.0,0.0,0.06769826,0.0,0,0,1,1,0
14017,-1,0,-0.6947527,0.33297664,0,1,unassigned,60.0,59.0,1.0,0.98333335,0.016666668,0.01666665,0.11218569,0.0018697615,0,0,0,0,0
14018,-1,1,-0.30616203,0.4240518,0,1,unassigned,29.0,29.0,0.0,1.0,0.0,0.0,0.05222437,0.0,1,0,0,0,0
14019,-1,0,0.8552647,0.70167035,1,1,unassigned,13.0,13.0,0.0,1.0,0.0,0.0,0.021276595,0.0,0,0,0,1,0
14020,-1,0,-0.8054156,0.3088683,0,1,unassigned,20.0,18.0,2.0,0.9,0.1,0.100000024,0.034816246,0.0034816246,0,0,0,0,0
14021,-1,0,-0.41052988,0.39878505,0,1,unassigned,5.0,5.0,0.0,1.0,0.0,0.0,0.0058027077,0.0,0,0,0,0,0
14022,-1,0,-0.8837497,0.29240137,0,1,unassigned,27.0,26.0,1.0,0.962963,0.037037037,0.037037015,0.0483559,0.0017909593,0,0,0,0,0
14023,-1,0,-0.91025865,0.2869469,0,1,unassigned,47.0,43.0,4.0,0.9148936,0.08510638,0.08510637,0.08704062,0.007407712,0,0,0,0,0
14024,1,0,-0.31036848,0.4230248,0,1,val,26.0,11.0,15.0,0.42307693,0.5769231,0.5769231,0.046421662,0.026781728,0,0,0,0,0
14025,0,0,-0.8328711,0.30303833,0,0,unassigned,40.0,40.0,0.0,1.0,0.0,0.0,0.07350097,0.0,0,0,1,0,0
14026,-1,0,-0.55582404,0.36451426,0,1,unassigned,80.0,80.0,0.0,1.0,0.0,0.0,0.15087041,0.0,0,0,0,0,0
14027,-1,0,-0.46485868,0.38583383,0,1,unassigned,56.0,56.0,0.0,1.0,0.0,0.0,0.10444874,0.0,0,0,0,0,0
14028,-1,1,-0.26427808,0.43431237,0,1,unassigned,56.0,53.0,3.0,0.9464286,0.05357143,0.053571403,0.10444874,0.0055954685,1,0,0,0,0
14029,-1,0,-0.59282476,0.35598698,0,1,unassigned,38.0,38.0,0.0,1.0,0.0,0.0,0.06963249,0.0,0,0,0,0,0
14030,-1,0,8.420174,0.99977964,1,1,unassigned,13.0,12.0,1.0,0.9230769,0.07692308,0.07692307,0.021276595,0.0016366612,0,0,0,1,1
14031,-1,0,0.08175063,0.52042633,1,1,unassigned,15.0,15.0,0.0,1.0,0.0,0.0,0.025145067,0.0,0,0,0,1,0
14032,-1,0,-0.17166919,0.4571878,0,1,unassigned,25.0,25.0,0.0,1.0,0.0,0.0,0.044487428,0.0,0,0,0,0,0
14033,-1,0,9.122904,0.9998908,1,1,unassigned,7.0,7.0,0.0,1.0,0.0,0.0,0.00967118,0.0,0,0,0,1,1
14034,-1,0,0.937385,0.7185711,1,1,unassigned,2.0,2.0,0.0,1.0,0.0,0.0,0.0,0.0,0,0,0,1,0
14035,-1,0,1.1811407,0.7651529,1,1,unassigned,4.0,4.0,0.0,1.0,0.0,0.0,0.003868472,0.0,0,0,0,1,0
14036,-1,1,-0.2694024,0.43305385,0,1,unassigned,24.0,23.0,1.0,0.9583333,0.041666668,0.041666687,0.04255319,0.0017730496,1,0,0,0,0
14037,-1,0,0.0394879,0.5098707,1,1,unassigned,6.0,6.0,0.0,1.0,0.0,0.0,0.007736944,0.0,0,0,0,1,0
14038,-1,1,2.5165236,0.9252921,1,1,unassigned,102.0,101.0,1.0,0.99019605,0.009803922,0.009803951,0.1934236,0.0018963099,1,0,0,1,1
14039,-1,1,0.48098046,0.61797935,1,1,unassigned,79.0,79.0,0.0,1.0,0.0,0.0,0.14893617,0.0,1,0,0,1,0
14040,-1,0,1.662704,0.84060067,1,1,unassigned,3.0,2.0,1.0,0.6666667,0.33333334,0.3333333,0.001934236,0.00064474536,0,0,0,1,0
14041,-1,0,-0.39327896,0.4029282,0,1,unassigned,9.0,9.0,0.0,1.0,0.0,0.0,0.013539651,0.0,0,0,0,0,0
14042,-1,0,2.3298242,0.91131717,1,1,unassigned,5.0,5.0,0.0,1.0,0.0,0.0,0.0058027077,0.0,0,0,0,1,1
14043,-1,0,1.5880921,0.8303475,1,1,unassigned,8.0,8.0,0.0,1.0,0.0,0.0,0.0116054155,0.0,0,0,0,1,0
14044,-1,0,0.3500889,0.5866391,1,1,unassigned,18.0,15.0,3.0,0.8333333,0.16666667,0.16666669,0.030947777,0.005157963,0,0,0,1,0
14045,-1,1,-0.108691216,0.4728539,0,1,unassigned,3.0,3.0,0.0,1.0,0.0,0.0,0.001934236,0.0,1,0,0,0,0
14046,-1,0,4.558107,0.9896269,1,1,unassigned,12.0,11.0,1.0,0.9166667,0.083333336,0.08333331,0.01934236,0.0016118633,0,0,0,1,1
14047,-1,0,0.09204614,0.5229953,1,1,unassigned,2.0,2.0,0.0,1.0,0.0,0.0,0.0,0.0,0,0,0,1,0
14048,-1,0,-0.4527552,0.3887059,0,1,unassigned,40.0,40.0,0.0,1.0,0.0,0.0,0.07350097,0.0,0,0,0,0,0
14049,-1,1,-0.41080263,0.39871967,0,1,unassigned,75.0,74.0,1.0,0.9866667,0.013333334,0.013333321,0.14119923,0.0018826565,1,0,0,0,0
14050,-1,1,-0.36411047,0.4099649,0,1,unassigned,37.0,35.0,2.0,0.9459459,0.054054055,0.05405408,0.06769826,0.0036593657,1,0,0,0,0
14051,-1,1,0.48803836,0.61964417,1,1,unassigned,46.0,45.0,1.0,0.9782609,0.02173913,0.021739125,0.08510638,0.0018501388,1,0,0,1,0
14052,-1,0,-0.7863805,0.31294638,0,1,unassigned,30.0,30.0,0.0,1.0,0.0,0.0,0.054158606,0.0,0,0,0,0,0
14053,-1,0,1.0066857,0.73237103,1,1,unassigned,3.0,2.0,1.0,0.6666667,0.33333334,0.3333333,0.001934236,0.00064474536,0,0,0,1,0
14054,-1,0,-0.14311302,0.46428272,0,1,unassigned,102.0,8.0,94.0,0.078431375,0.92156863,0.92156863,0.1934236,0.17825311,0,0,0,0,0
14055,0,1,-0.15728301,0.46076012,0,0,unassigned,19.0,19.0,0.0,1.0,0.0,0.0,0.032882012,0.0,1,0,1,0,0
14056,-1,1,-0.943881,0.28011706,0,1,unassigned,39.0,39.0,0.0,1.0,0.0,0.0,0.07156673,0.0,1,0,0,0,0
14057,-1,1,-0.5097684,0.3752478,0,1,unassigned,20.0,20.0,0.0,1.0,0.0,0.0,0.034816246,0.0,1,0,0,0,0
14058,-1,1,-0.6611078,0.34049082,0,1,unassigned,75.0,74.0,1.0,0.9866667,0.013333334,0.013333321,0.14119923,0.0018826565,1,0,0,0,0
14059,0,1,-0.2681146,0.43337,0,0,val,76.0,71.0,5.0,0.93421054,0.065789476,0.06578946,0.14313346,0.009416675,1,0,1,0,0
14060,-1,1,-0.6327208,0.34689385,0,1,unassigned,66.0,62.0,4.0,0.93939394,0.060606062,0.060606062,0.123791106,0.0075024916,1,0,0,0,0
14061,-1,1,-0.48528558,0.38100478,0,1,unassigned,23.0,22.0,1.0,0.95652175,0.04347826,0.04347825,0.040618956,0.0017660416,1,0,0,0,0
14062,-1,1,1.1018548,0.7506075,1,1,unassigned,7.0,6.0,1.0,0.85714287,0.14285715,0.14285713,0.00967118,0.0013815971,1,0,0,1,0
14063,1,0,1.8761585,0.86716926,1,0,test,3.0,3.0,0.0,1.0,0.0,0.0,0.001934236,0.0,0,0,1,1,0
14064,-1,1,-0.004623115,0.4988442,0,1,unassigned,5.0,5.0,0.0,1.0,0.0,0.0,0.0058027077,0.0,1,0,0,0,0
14065,-1,1,-0.432742,0.39347178,0,1,unassigned,5.0,4.0,1.0,0.8,0.2,0.19999999,0.0058027077,0.0011605415,1,0,0,0,0
14066,-1,1,-0.25836086,0.4357667,0,1,unassigned,20.0,14.0,6.0,0.7,0.3,0.3,0.034816246,0.010444874,1,0,0,0,0
14067,-1,1,-0.09938818,0.47517335,0,1,unassigned,7.0,7.0,0.0,1.0,0.0,0.0,0.00967118,0.0,1,0,0,0,0
14068,-1,0,0.8256845,0.69544166,1,1,unassigned,3.0,3.0,0.0,1.0,0.0,0.0,0.001934236,0.0,0,0,0,1,0
14069,-1,0,-0.87764186,0.2936667,0,1,unassigned,37.0,37.0,0.0,1.0,0.0,0.0,0.06769826,0.0,0,0,0,0,0
14070,-1,1,-0.11438611,0.47143462,0,1,unassigned,15.0,15.0,0.0,1.0,0.0,0.0,0.025145067,0.0,1,0,0,0,0
14071,-1,0,2.8187425,0.9436803,1,1,unassigned,2.0,2.0,0.0,1.0,0.0,0.0,0.0,0.0,0,0,0,1,1
14072,-1,0,1.0498886,0.7407535,1,1,unassigned,4.0,4.0,0.0,1.0,0.0,0.0,0.003868472,0.0,0,0,0,1,0
14073,-1,0,-0.3393129,0.41597638,0,1,unassigned,6.0,6.0,0.0,1.0,0.0,0.0,0.007736944,0.0,0,0,0,0,0
14074,-1,0,-0.64826286,0.3433811,0,1,unassigned,50.0,47.0,3.0,0.94,0.06,0.060000002,0.092843324,0.0055705993,0,0,0,0,0
14075,-1,1,-0.3520336,0.41288936,0,1,unassigned,49.0,41.0,8.0,0.8367347,0.1632653,0.16326529,0.09090909,0.014842301,1,0,0,0,0
14076,-1,0,-0.8315422,0.30331907,0,1,unassigned,44.0,40.0,4.0,0.90909094,0.09090909,0.090909064,0.08123791,0.007385265,0,0,0,0,0
14077,0,0,-0.8635174,0.29660496,0,0,test,135.0,134.0,1.0,0.9925926,0.0074074073,0.007407427,0.25725338,0.0019055805,0,0,1,0,0
14078,-1,0,1.3897245,0.80054826,1,1,unassigned,37.0,36.0,1.0,0.972973,0.027027028,0.02702701,0.06769826,0.0018296828,0,0,0,1,0
14079,-1,0,1.3004072,0.78590345,1,1,unassigned,20.0,16.0,4.0,0.8,0.2,0.19999999,0.034816246,0.0069632493,0,0,0,1,0
14080,-1,1,-0.49974525,0.37760055,0,1,unassigned,38.0,37.0,1.0,0.9736842,0.02631579,0.026315808,0.06963249,0.0018324341,1,0,0,0,0
14081,-1,1,-0.3917534,0.40329528,0,1,unassigned,31.0,31.0,0.0,1.0,0.0,0.0,0.056092843,0.0,1,0,0,0,0
14082,-1,0,1.4438012,0.8090426,1,1,unassigned,2.0,2.0,0.0,1.0,0.0,0.0,0.0,0.0,0,0,0,1,0
14083,-1,1,0.41451544,0.6021701,1,1,unassigned,45.0,41.0,4.0,0.9111111,0.08888889,0.08888888,0.08317215,0.0073930803,1,0,0,1,0
14084,-1,1,5.1555963,0.9942661,1,1,unassigned,13.0,9.0,4.0,0.6923077,0.30769232,0.3076923,0.021276595,0.006546645,1,0,0,1,1
14085,-1,0,2.2084005,0.90100133,1,1,unassigned,4.0,4.0,0.0,1.0,0.0,0.0,0.003868472,0.0,0,0,0,1,1
14086,1,1,8.43239,0.9997824,1,0,unassigned,25.0,21.0,4.0,0.84,0.16,0.16000003,0.044487428,0.007117988,1,0,1,1,1
14087,-1,0,-0.79032695,0.31209847,0,1,unassigned,2.0,2.0,0.0,1.0,0.0,0.0,0.0,0.0,0,0,0,0,0
14088,-1,0,-0.9960991,0.26970908,0,1,unassigned,3.0,3.0,0.0,1.0,0.0,0.0,0.001934236,0.0,0,0,0,0,0
14089,1,1,0.71045476,0.67050165,1,0,val,3.0,3.0,0.0,1.0,0.0,0.0,0.001934236,0.0,1,0,1,1,0
14090,1,0,0.166834,0.541612,1,0,test,11.0,11.0,0.0,1.0,0.0,0.0,0.017408123,0.0,0,0,1,1,0
14091,-1,0,0.27215177,0.56762105,1,1,unassigned,6.0,6.0,0.0,1.0,0.0,0.0,0.007736944,0.0,0,0,0,1,0
14092,-1,0,-0.2698807,0.43293637,0,1,unassigned,40.0,40.0,0.0,1.0,0.0,0.0,0.07350097,0.0,0,0,0,0,0
14093,-1,0,-0.5180752,0.37330243,0,1,unassigned,48.0,45.0,3.0,0.9375,0.0625,0.0625,0.088974856,0.0055609285,0,0,0,0,0
14094,-1,0,-0.26354462,0.43449256,0,1,unassigned,76.0,70.0,6.0,0.92105263,0.078947365,0.078947365,0.14313346,0.01130001,0,0,0,0,0
14095,-1,0,0.08646697,0.5216033,1,1,unassigned,28.0,27.0,1.0,0.96428573,0.035714287,0.03571427,0.050290134,0.0017960763,0,0,0,1,0
14096,-1,0,-0.4437968,0.39083663,0,1,unassigned,7.0,7.0,0.0,1.0,0.0,0.0,0.00967118,0.0,0,0,0,0,0
14097,-1,1,0.8069518,0.6914596,1,1,unassigned,83.0,82.0,1.0,0.9879518,0.012048192,0.012048185,0.15667312,0.0018876279,1,0,0,1,0
14098,-1,0,1.4545028,0.81069046,1,1,unassigned,4.0,4.0,0.0,1.0,0.0,0.0,0.003868472,0.0,0,0,0,1,0
14099,-1,0,-0.4494847,0.38948327,0,1,unassigned,27.0,27.0,0.0,1.0,0.0,0.0,0.0483559,0.0,0,0,0,0,0
14100,0,1,-0.41374052,0.39801556,0,0,unassigned,27.0,26.0,1.0,0.962963,0.037037037,0.037037015,0.0483559,0.0017909593,1,0,1,0,0
14101,-1,1,-0.6277672,0.348017,0,1,unassigned,33.0,33.0,0.0,1.0,0.0,0.0,0.059961315,0.0,1,0,0,0,0
14102,-1,0,-0.29593685,0.42655107,0,1,unassigned,10.0,10.0,0.0,1.0,0.0,0.0,0.015473888,0.0,0,0,0,0,0
14103,-1,0,-0.27742368,0.4310855,0,1,unassigned,4.0,4.0,0.0,1.0,0.0,0.0,0.003868472,0.0,0,0,0,0,0
14104,-1,0,-0.10863063,0.47286904,0,1,unassigned,36.0,34.0,2.0,0.9444444,0.055555556,0.055555582,0.065764025,0.003653557,0,0,0,0,0
14105,-1,0,-0.76660824,0.31721327,0,1,unassigned,14.0,13.0,1.0,0.9285714,0.071428575,0.0714286,0.023210831,0.0016579166,0,0,0,0,0
14106,-1,0,-0.5744662,0.3602069,0,1,unassigned,11.0,9.0,2.0,0.8181818,0.18181819,0.18181819,0.017408123,0.0031651135,0,0,0,0,0
14107,-1,0,12.762238,0.99999714,1,1,unassigned,12.0,10.0,2.0,0.8333333,0.16666667,0.16666669,0.01934236,0.0032237265,0,0,0,1,1
14108,0,0,-0.66656727,0.33926594,0,0,val,25.0,25.0,0.0,1.0,0.0,0.0,0.044487428,0.0,0,0,1,0,0
14109,-1,0,-0.7341346,0.32428807,0,1,unassigned,24.0,24.0,0.0,1.0,0.0,0.0,0.04255319,0.0,0,0,0,0,0
14110,-1,0,-0.3780566,0.4065957,0,1,unassigned,13.0,13.0,0.0,1.0,0.0,0.0,0.021276595,0.0,0,0,0,0,0
14111,-1,1,-0.18296751,0.4543853,0,1,unassigned,8.0,7.0,1.0,0.875,0.125,0.125,0.0116054155,0.0014506769,1,0,0,0,0
14112,-1,0,-0.06324577,0.48419383,0,1,unassigned,4.0,4.0,0.0,1.0,0.0,0.0,0.003868472,0.0,0,0,0,0,0
14113,-1,0,-0.10787976,0.4730562,0,1,unassigned,24.0,21.0,3.0,0.875,0.125,0.125,0.04255319,0.005319149,0,0,0,0,0
14114,-1,1,0.36013854,0.589074,1,1,unassigned,29.0,24.0,5.0,0.82758623,0.1724138,0.17241377,0.05222437,0.009004202,1,0,0,1,0
14115,-1,0,0.3161521,0.5783862,1,1,unassigned,38.0,38.0,0.0,1.0,0.0,0.0,0.06963249,0.0,0,0,0,1,0
14116,0,0,-0.58891225,0.35688448,0,0,unassigned,43.0,39.0,4.0,0.90697676,0.093023255,0.09302324,0.079303674,0.0073770857,0,0,1,0,0
14117,-1,0,0.15978593,0.53986174,1,1,unassigned,7.0,7.0,0.0,1.0,0.0,0.0,0.00967118,0.0,0,0,0,1,0
14118,-1,1,1.465116,0.8123139,1,1,unassigned,18.0,18.0,0.0,1.0,0.0,0.0,0.030947777,0.0,1,0,0,1,0
14119,0,0,0.88861066,0.7086033,1,1,val,8.0,6.0,2.0,0.75,0.25,0.25,0.0116054155,0.0029013539,0,0,0,1,0
14120,-1,0,0.382958,0.5945863,1,1,unassigned,9.0,8.0,1.0,0.8888889,0.11111111,0.111111104,0.013539651,0.0015044058,0,0,0,1,0
14121,-1,0,-0.0056655407,0.49858364,0,1,unassigned,3.0,3.0,0.0,1.0,0.0,0.0,0.001934236,0.0,0,0,0,0,0
14122,-1,1,-0.7169109,0.3280736,0,1,unassigned,10.0,10.0,0.0,1.0,0.0,0.0,0.015473888,0.0,1,0,0,0,0
14123,1,0,2.9891636,0.9520821,1,0,unassigned,8.0,8.0,0.0,1.0,0.0,0.0,0.0116054155,0.0,0,0,1,1,1
14124,-1,0,1.8640692,0.8657705,1,1,unassigned,10.0,10.0,0.0,1.0,0.0,0.0,0.015473888,0.0,0,0,0,1,0
14125,-1,0,-0.027998745,0.4930008,0,1,unassigned,9.0,9.0,0.0,1.0,0.0,0.0,0.013539651,0.0,0,0,0,0,0
14126,-1,0,-0.18070874,0.45494536,0,1,unassigned,7.0,6.0,1.0,0.85714287,0.14285715,0.14285713,0.00967118,0.0013815971,0,0,0,0,0
14127,-1,0,4.531694,0.98935217,1,1,unassigned,4.0,4.0,0.0,1.0,0.0,0.0,0.003868472,0.0,0,0,0,1,1
14128,0,0,-0.8314685,0.30333462,0,0,test,65.0,65.0,0.0,1.0,0.0,0.0,0.12185687,0.0,0,0,1,0,0
14129,-1,0,4.0248237,0.982447,1,1,unassigned,28.0,28.0,0.0,1.0,0.0,0.0,0.050290134,0.0,0,0,0,1,1
14130,-1,0,5.798577,0.9969773,1,1,unassigned,2.0,2.0,0.0,1.0,0.0,0.0,0.0,0.0,0,0,0,1,1
14131,-1,1,2.5996377,0.9308382,1,1,unassigned,61.0,59.0,2.0,0.9672131,0.032786883,0.032786906,0.114119925,0.0037416366,1,0,0,1,1
14132,0,1,-0.3671463,0.40923074,0,0,val,41.0,39.0,2.0,0.9512195,0.048780486,0.0487805,0.07543521,0.003679766,1,0,1,0,0
14133,-1,1,-0.42125046,0.39621758,0,1,unassigned,13.0,13.0,0.0,1.0,0.0,0.0,0.021276595,0.0,1,0,0,0,0
14134,-1,0,2.6797636,0.93582195,1,1,unassigned,15.0,15.0,0.0,1.0,0.0,0.0,0.025145067,0.0,0,0,0,1,1
14135,-1,1,-0.45127752,0.38905707,0,1,unassigned,40.0,37.0,3.0,0.925,0.075,0.07499999,0.07350097,0.005512573,1,0,0,0,0
14136,-1,0,1.1118536,0.75247455,1,1,unassigned,5.0,4.0,1.0,0.8,0.2,0.19999999,0.0058027077,0.0011605415,0,0,0,1,0
14137,-1,1,-0.37321842,0.40776354,0,1,unassigned,44.0,38.0,6.0,0.8636364,0.13636364,0.13636363,0.08123791,0.011077898,1,0,0,0,0
14138,-1,0,3.154331,0.9590791,1,1,unassigned,16.0,16.0,0.0,1.0,0.0,0.0,0.027079303,0.0,0,0,0,1,1
14139,0,1,-0.8531197,0.29877883,0,0,test,37.0,36.0,1.0,0.972973,0.027027028,0.02702701,0.06769826,0.0018296828,1,0,1,0,0
14140,-1,1,-0.6576077,0.34127724,0,1,unassigned,29.0,28.0,1.0,0.9655172,0.03448276,0.034482777,0.05222437,0.0018008404,1,0,0,0,0
14141,-1,0,0.3403408,0.5842733,1,1,unassigned,2.0,2.0,0.0,1.0,0.0,0.0,0.0,0.0,0,0,0,1,0
14142,-1,0,0.94393486,0.7198938,1,1,unassigned,3.0,3.0,0.0,1.0,0.0,0.0,0.001934236,0.0,0,0,0,1,0
14143,-1,0,6.7549634,0.99883634,1,1,unassigned,8.0,6.0,2.0,0.75,0.25,0.25,0.0116054155,0.0029013539,0,0,0,1,1
14144,-1,1,-0.3361742,0.4167391,0,1,unassigned,25.0,23.0,2.0,0.92,0.08,0.07999998,0.044487428,0.003558994,1,0,0,0,0
14145,-1,0,-0.08981314,0.4775618,0,1,unassigned,69.0,69.0,0.0,1.0,0.0,0.0,0.1295938,0.0,0,0,0,0,0
14146,-1,0,5.798577,0.9969773,1,1,unassigned,2.0,2.0,0.0,1.0,0.0,0.0,0.0,0.0,0,0,0,1,1
14147,-1,0,5.658794,0.99652535,1,1,unassigned,2.0,2.0,0.0,1.0,0.0,0.0,0.0,0.0,0,0,0,1,1
14148,-1,0,4.060841,0.98305744,1,1,unassigned,5.0,3.0,2.0,0.6,0.4,0.39999998,0.0058027077,0.002321083,0,0,0,1,1
14149,-1,0,-0.7999537,0.31003544,0,1,unassigned,46.0,41.0,5.0,0.8913044,0.10869565,0.108695626,0.08510638,0.009250693,0,0,0,0,0
14150,0,0,-0.21922427,0.44541237,0,0,unassigned,35.0,34.0,1.0,0.9714286,0.028571429,0.028571427,0.06382979,0.0018237082,0,0,1,0,0
14151,-1,0,-0.3331904,0.41746455,0,1,unassigned,49.0,49.0,0.0,1.0,0.0,0.0,0.09090909,0.0,0,0,0,0,0
14152,-1,1,3.364282,0.96656936,1,1,unassigned,15.0,14.0,1.0,0.93333334,0.06666667,0.06666666,0.025145067,0.0016763379,1,0,0,1,1
14153,-1,0,2.2777333,0.9070161,1,1,unassigned,2.0,2.0,0.0,1.0,0.0,0.0,0.0,0.0,0,0,0,1,1
14154,-1,1,-0.94369507,0.28015456,0,1,unassigned,30.0,30.0,0.0,1.0,0.0,0.0,0.054158606,0.0,1,0,0,0,0
14155,-1,0,-0.39665473,0.40211633,0,1,unassigned,2.0,2.0,0.0,1.0,0.0,0.0,0.0,0.0,0,0,0,0,0
14156,-1,0,-0.41464958,0.39779776,0,1,unassigned,4.0,4.0,0.0,1.0,0.0,0.0,0.003868472,0.0,0,0,0,0,0
14157,0,1,-0.6136289,0.35123184,0,0,test,18.0,18.0,0.0,1.0,0.0,0.0,0.030947777,0.0,1,0,1,0,0
14158,-1,1,-0.8261247,0.30446512,0,1,unassigned,29.0,29.0,0.0,1.0,0.0,0.0,0.05222437,0.0,1,0,0,0,0
14159,-1,0,5.798577,0.9969773,1,1,unassigned,2.0,2.0,0.0,1.0,0.0,0.0,0.0,0.0,0,0,0,1,1
14160,-1,0,5.798577,0.9969773,1,1,unassigned,2.0,2.0,0.0,1.0,0.0,0.0,0.0,0.0,0,0,0,1,1
14161,-1,0,0.40066713,0.5988479,1,1,unassigned,5.0,5.0,0.0,1.0,0.0,0.0,0.0058027077,0.0,0,0,0,1,0
14162,-1,0,4.8557186,0.9922764,1,1,unassigned,56.0,47.0,9.0,0.83928573,0.16071428,0.16071427,0.10444874,0.016786406,0,0,0,1,1
14163,-1,1,1.8743346,0.86695904,1,1,unassigned,8.0,4.0,4.0,0.5,0.5,0.5,0.0116054155,0.0058027077,1,0,0,1,0
14164,-1,1,2.8033075,0.94285434,1,1,unassigned,17.0,16.0,1.0,0.9411765,0.05882353,0.058823526,0.029013539,0.0017066788,1,0,0,1,1
14165,-1,0,0.09428364,0.52355343,1,1,unassigned,11.0,11.0,0.0,1.0,0.0,0.0,0.017408123,0.0,0,0,0,1,0
14166,-1,0,-0.4403236,0.39166385,0,1,unassigned,103.0,102.0,1.0,0.99029124,0.009708738,0.009708762,0.19535783,0.001896678,0,0,0,0,0
14167,-1,0,-0.7386243,0.32330504,0,1,unassigned,16.0,16.0,0.0,1.0,0.0,0.0,0.027079303,0.0,0,0,0,0,0
14168,-1,0,1.1215208,0.7542707,1,1,unassigned,14.0,14.0,0.0,1.0,0.0,0.0,0.023210831,0.0,0,0,0,1,0
14169,-1,1,5.944816,0.99738747,1,1,unassigned,7.0,6.0,1.0,0.85714287,0.14285715,0.14285713,0.00967118,0.0013815971,1,0,0,1,1
14170,-1,0,4.640309,0.99043757,1,1,unassigned,4.0,2.0,2.0,0.5,0.5,0.5,0.003868472,0.001934236,0,0,0,1,1
14171,-1,0,0.91655475,0.71433955,1,1,unassigned,67.0,65.0,2.0,0.9701493,0.029850746,0.029850721,0.12572534,0.0037529953,0,0,0,1,0
14172,-1,0,0.858507,0.7023486,1,1,unassigned,11.0,11.0,0.0,1.0,0.0,0.0,0.017408123,0.0,0,0,0,1,0
14173,-1,0,-0.9223801,0.28447318,0,1,unassigned,76.0,76.0,0.0,1.0,0.0,0.0,0.14313346,0.0,0,0,0,0,0
14174,-1,1,0.11274934,0.52815753,1,1,unassigned,39.0,35.0,4.0,0.8974359,0.102564104,0.1025641,0.07156673,0.0073401774,1,0,0,1,0
14175,-1,0,0.13700765,0.53419846,1,1,unassigned,2.0,2.0,0.0,1.0,0.0,0.0,0.0,0.0,0,0,0,1,0
14176,-1,0,5.798577,0.9969773,1,1,unassigned,2.0,2.0,0.0,1.0,0.0,0.0,0.0,0.0,0,0,0,1,1
14177,-1,0,0.4131443,0.60184157,1,1,unassigned,46.0,43.0,3.0,0.9347826,0.06521739,0.065217376,0.08510638,0.005550416,0,0,0,1,0
14178,1,1,-0.16167551,0.45966893,0,1,test,59.0,55.0,4.0,0.9322034,0.06779661,0.06779659,0.11025145,0.0074746744,1,0,0,0,0
14179,-1,0,-0.21140432,0.4473449,0,1,unassigned,43.0,43.0,0.0,1.0,0.0,0.0,0.079303674,0.0,0,0,0,0,0
14180,-1,0,-0.72398305,0.3265165,0,1,unassigned,60.0,60.0,0.0,1.0,0.0,0.0,0.11218569,0.0,0,0,0,0,0
14181,-1,0,-0.7290255,0.3254086,0,1,unassigned,26.0,23.0,3.0,0.88461536,0.115384616,0.11538464,0.046421662,0.005356346,0,0,0,0,0
14182,1,0,-0.12429845,0.46896532,0,1,unassigned,23.0,16.0,7.0,0.6956522,0.3043478,0.3043478,0.040618956,0.01236229,0,0,0,0,0
14183,-1,0,1.8320153,0.8620016,1,1,unassigned,23.0,23.0,0.0,1.0,0.0,0.0,0.040618956,0.0,0,0,0,1,0
14184,-1,0,-0.5202702,0.37278906,0,1,unassigned,34.0,34.0,0.0,1.0,0.0,0.0,0.061895553,0.0,0,0,0,0,0
14185,-1,0,-0.772471,0.3159448,0,1,unassigned,38.0,35.0,3.0,0.92105263,0.078947365,0.078947365,0.06963249,0.005497302,0,0,0,0,0
14186,-1,0,4.328691,0.9869868,1,1,unassigned,21.0,16.0,5.0,0.7619048,0.23809524,0.23809522,0.036750484,0.0087501155,0,0,0,1,1
14187,-1,0,-0.8484366,0.29976094,0,1,unassigned,20.0,20.0,0.0,1.0,0.0,0.0,0.034816246,0.0,0,0,0,0,0
14188,-1,0,0.074567795,0.51863337,1,1,unassigned,49.0,49.0,0.0,1.0,0.0,0.0,0.09090909,0.0,0,0,0,1,0
14189,-1,0,-0.6437874,0.34439093,0,1,unassigned,7.0,7.0,0.0,1.0,0.0,0.0,0.00967118,0.0,0,0,0,0,0
14190,-1,0,6.1703496,0.9979139,1,1,unassigned,2.0,2.0,0.0,1.0,0.0,0.0,0.0,0.0,0,0,0,1,1
14191,-1,1,4.3647723,0.9874421,1,1,unassigned,17.0,17.0,0.0,1.0,0.0,0.0,0.029013539,0.0,1,0,0,1,1
14192,-1,0,1.914041,0.8714724,1,1,unassigned,2.0,2.0,0.0,1.0,0.0,0.0,0.0,0.0,0,0,0,1,0
14193,-1,0,5.658794,0.99652535,1,1,unassigned,2.0,2.0,0.0,1.0,0.0,0.0,0.0,0.0,0,0,0,1,1
14194,-1,0,-0.60045755,0.35423902,0,1,unassigned,2.0,2.0,0.0,1.0,0.0,0.0,0.0,0.0,0,0,0,0,0
14195,-1,0,2.4132297,0.9178306,1,1,unassigned,37.0,34.0,3.0,0.9189189,0.08108108,0.08108109,0.06769826,0.005489048,0,0,0,1,1
14196,-1,0,3.024069,0.9536497,1,1,unassigned,5.0,5.0,0.0,1.0,0.0,0.0,0.0058027077,0.0,0,0,0,1,1
14197,-1,0,0.53219825,0.6299957,1,1,unassigned,4.0,4.0,0.0,1.0,0.0,0.0,0.003868472,0.0,0,0,0,1,0
14198,-1,0,1.0976136,0.74981266,1,1,unassigned,8.0,7.0,1.0,0.875,0.125,0.125,0.0116054155,0.0014506769,0,0,0,1,0
14199,-1,0,-0.00834167,0.49791458,0,1,unassigned,5.0,5.0,0.0,1.0,0.0,0.0,0.0058027077,0.0,0,0,0,0,0
14200,0,0,-0.72924566,0.32536027,0,0,val,122.0,121.0,1.0,0.9918033,0.008196721,0.008196712,0.23210831,0.0019025271,0,0,1,0,0
14201,-1,0,-0.8532978,0.29874155,0,1,unassigned,31.0,31.0,0.0,1.0,0.0,0.0,0.056092843,0.0,0,0,0,0,0
14202,-1,0,-0.7310509,0.32496417,0,1,unassigned,86.0,83.0,3.0,0.96511626,0.034883723,0.034883738,0.16247582,0.0056677614,0,0,0,0,0
14203,-1,0,-0.4721663,0.38410363,0,1,unassigned,69.0,68.0,1.0,0.98550725,0.014492754,0.01449275,0.1295938,0.0018781711,0,0,0,0,0
14204,-1,0,-0.7669462,0.31714007,0,1,unassigned,70.0,70.0,0.0,1.0,0.0,0.0,0.13152805,0.0,0,0,0,0,0
14205,-1,0,-0.8060861,0.30872515,0,1,unassigned,113.0,113.0,0.0,1.0,0.0,0.0,0.21470019,0.0,0,0,0,0,0
14206,0,0,1.0890198,0.74819714,1,1,val,17.0,17.0,0.0,1.0,0.0,0.0,0.029013539,0.0,0,0,0,1,0
14207,-1,1,-0.79519534,0.31105423,0,1,unassigned,88.0,84.0,4.0,0.95454544,0.045454547,0.04545456,0.1663443,0.007561105,1,0,0,0,0
14208,-1,0,-0.5101338,0.37516215,0,1,unassigned,38.0,35.0,3.0,0.92105263,0.078947365,0.078947365,0.06963249,0.005497302,0,0,0,0,0
14209,-1,1,0.44154745,0.6086277,1,1,unassigned,18.0,17.0,1.0,0.9444444,0.055555556,0.055555582,0.030947777,0.0017193209,1,0,0,1,0
14210,-1,1,0.58449084,0.6421001,1,1,unassigned,30.0,29.0,1.0,0.96666664,0.033333335,0.03333336,0.054158606,0.001805287,1,0,0,1,0
14211,-1,1,1.0501614,0.74080586,1,1,unassigned,27.0,27.0,0.0,1.0,0.0,0.0,0.0483559,0.0,1,0,0,1,0
14212,-1,1,1.2059214,0.76957643,1,1,unassigned,42.0,38.0,4.0,0.9047619,0.0952381,0.09523809,0.07736944,0.007368518,1,0,0,1,0
14213,-1,1,1.5859182,0.83004105,1,1,unassigned,32.0,29.0,3.0,0.90625,0.09375,0.09375,0.058027077,0.0054400386,1,0,0,1,0
14214,-1,1,0.015833795,0.5039584,1,1,unassigned,96.0,94.0,2.0,0.9791667,0.020833334,0.020833313,0.18181819,0.003787879,1,0,0,1,0
14215,-1,1,-0.194909,0.45142642,0,1,unassigned,47.0,47.0,0.0,1.0,0.0,0.0,0.08704062,0.0,1,0,0,0,0
14216,-1,1,2.2718003,0.9065144,1,1,unassigned,63.0,62.0,1.0,0.984127,0.015873017,0.015873015,0.11798839,0.0018728317,1,0,0,1,1
14217,-1,0,0.29880124,0.5741494,1,1,unassigned,3.0,3.0,0.0,1.0,0.0,0.0,0.001934236,0.0,0,0,0,1,0
14218,-1,1,-0.3489085,0.41364712,0,1,unassigned,72.0,71.0,1.0,0.9861111,0.013888889,0.0138888955,0.13539653,0.0018805073,1,0,0,0,0
14219,-1,1,1.0992277,0.7501154,1,1,unassigned,45.0,43.0,2.0,0.95555556,0.044444446,0.04444444,0.08317215,0.0036965401,1,0,0,1,0
14220,-1,0,1.0167711,0.7343431,1,1,unassigned,10.0,10.0,0.0,1.0,0.0,0.0,0.015473888,0.0,0,0,0,1,0
14221,-1,1,0.9990091,0.7308637,1,1,unassigned,53.0,53.0,0.0,1.0,0.0,0.0,0.09864604,0.0,1,0,0,1,0
14222,-1,1,-0.81368524,0.30710575,0,1,unassigned,112.0,111.0,1.0,0.9910714,0.008928572,0.008928597,0.21276596,0.0018996962,1,0,0,0,0
14223,-1,0,1.1511917,0.75972855,1,1,unassigned,4.0,4.0,0.0,1.0,0.0,0.0,0.003868472,0.0,0,0,0,1,0
14224,-1,0,0.9645769,0.72403723,1,1,unassigned,6.0,6.0,0.0,1.0,0.0,0.0,0.007736944,0.0,0,0,0,1,0
14225,-1,0,5.658794,0.99652535,1,1,unassigned,2.0,2.0,0.0,1.0,0.0,0.0,0.0,0.0,0,0,0,1,1
14226,-1,0,0.65717226,0.65862495,1,1,unassigned,4.0,4.0,0.0,1.0,0.0,0.0,0.003868472,0.0,0,0,0,1,0
14227,0,0,-1.0126609,0.26645944,0,0,test,2.0,2.0,0.0,1.0,0.0,0.0,0.0,0.0,0,0,1,0,0
14228,-1,0,-0.6806627,0.3361134,0,1,unassigned,14.0,13.0,1.0,0.9285714,0.071428575,0.0714286,0.023210831,0.0016579166,0,0,0,0,0
14229,-1,0,5.363728,0.99533844,1,1,unassigned,3.0,3.0,0.0,1.0,0.0,0.0,0.001934236,0.0,0,0,0,1,1
14230,0,1,-0.421713,0.3961069,0,0,unassigned,16.0,15.0,1.0,0.9375,0.0625,0.0625,0.027079303,0.0016924564,1,0,1,0,0
14231,-1,1,-0.28623015,0.428927,0,1,unassigned,45.0,40.0,5.0,0.8888889,0.11111111,0.111111104,0.08317215,0.00924135,1,0,0,0,0
14232,-1,0,-0.65720177,0.34136847,0,1,unassigned,8.0,8.0,0.0,1.0,0.0,0.0,0.0116054155,0.0,0,0,0,0,0
14233,-1,0,1.1958444,0.76778466,1,1,unassigned,9.0,9.0,0.0,1.0,0.0,0.0,0.013539651,0.0,0,0,0,1,0
14234,-1,0,-0.53316635,0.3697787,0,1,unassigned,22.0,22.0,0.0,1.0,0.0,0.0,0.03868472,0.0,0,0,0,0,0
14235,-1,0,0.40250283,0.5992888,1,1,unassigned,13.0,11.0,2.0,0.84615386,0.15384616,0.15384614,0.021276595,0.0032733225,0,0,0,1,0
14236,1,0,1.99576,0.88035125,1,0,val,21.0,19.0,2.0,0.9047619,0.0952381,0.09523809,0.036750484,0.0035000462,0,0,1,1,0
14237,1,1,-0.44729796,0.39000338,0,1,test,20.0,20.0,0.0,1.0,0.0,0.0,0.034816246,0.0,1,0,0,0,0
14238,-1,0,-0.67151016,0.3381588,0,1,unassigned,19.0,18.0,1.0,0.94736844,0.05263158,0.052631557,0.032882012,0.0017306323,0,0,0,0,0
14239,-1,0,5.658794,0.99652535,1,1,unassigned,2.0,2.0,0.0,1.0,0.0,0.0,0.0,0.0,0,0,0,1,1
14240,-1,0,6.3745623,0.9982986,1,1,unassigned,4.0,4.0,0.0,1.0,0.0,0.0,0.003868472,0.0,0,0,0,1,1
14241,-1,0,5.5983596,0.9963097,1,1,unassigned,3.0,3.0,0.0,1.0,0.0,0.0,0.001934236,0.0,0,0,0,1,1
14242,-1,1,-0.06829625,0.48293257,0,1,unassigned,50.0,46.0,4.0,0.92,0.08,0.07999998,0.092843324,0.0074274656,1,0,0,0,0
14243,-1,0,-0.94761693,0.27936432,0,1,unassigned,27.0,21.0,6.0,0.7777778,0.22222222,0.22222221,0.0483559,0.010745755,0,0,0,0,0
14244,-1,0,-0.69424057,0.3330904,0,1,unassigned,101.0,101.0,0.0,1.0,0.0,0.0,0.19148937,0.0,0,0,0,0,0
14245,1,0,1.7869489,0.85655284,1,0,train,33.0,33.0,0.0,1.0,0.0,0.0,0.059961315,0.0,0,0,1,1,0
14246,-1,0,18.265036,1.0,1,1,unassigned,3.0,3.0,0.0,1.0,0.0,0.0,0.001934236,0.0,0,0,0,1,1
14247,-1,0,-0.12339938,0.46918923,0,1,unassigned,2.0,2.0,0.0,1.0,0.0,0.0,0.0,0.0,0,0,0,0,0
14248,-1,0,1.9047735,0.8704308,1,1,unassigned,8.0,8.0,0.0,1.0,0.0,0.0,0.0116054155,0.0,0,0,0,1,0
14249,-1,0,-0.82858574,0.3039442,0,1,unassigned,28.0,6.0,22.0,0.21428572,0.78571427,0.78571427,0.050290134,0.039513677,0,0,0,0,0
14250,-1,0,-0.5894297,0.35676572,0,1,unassigned,60.0,59.0,1.0,0.98333335,0.016666668,0.01666665,0.11218569,0.0018697615,0,0,0,0,0
14251,-1,0,3.073268,0.9557766,1,1,unassigned,11.0,11.0,0.0,1.0,0.0,0.0,0.017408123,0.0,0,0,0,1,1
14252,-1,0,-0.7666206,0.3172106,0,1,unassigned,49.0,49.0,0.0,1.0,0.0,0.0,0.09090909,0.0,0,0,0,0,0
14253,-1,0,-0.9483179,0.27922323,0,1,unassigned,31.0,31.0,0.0,1.0,0.0,0.0,0.056092843,0.0,0,0,0,0,0
14254,-1,1,-0.55427873,0.36487228,0,1,unassigned,54.0,52.0,2.0,0.962963,0.037037037,0.037037015,0.10058027,0.003725195,1,0,0,0,0
14255,-1,0,0.2887593,0.57169235,1,1,unassigned,49.0,49.0,0.0,1.0,0.0,0.0,0.09090909,0.0,0,0,0,1,0
14256,-1,0,-0.5889082,0.3568854,0,1,unassigned,29.0,29.0,0.0,1.0,0.0,0.0,0.05222437,0.0,0,0,0,0,0
14257,-1,0,-0.40814435,0.39935714,0,1,unassigned,17.0,17.0,0.0,1.0,0.0,0.0,0.029013539,0.0,0,0,0,0,0
14258,-1,0,-0.0750024,0.4812582,0,1,unassigned,7.0,6.0,1.0,0.85714287,0.14285715,0.14285713,0.00967118,0.0013815971,0,0,0,0,0
14259,-1,0,0.51421267,0.6257935,1,1,unassigned,16.0,16.0,0.0,1.0,0.0,0.0,0.027079303,0.0,0,0,0,1,0
14260,-1,1,-0.22817227,0.4432031,0,1,unassigned,56.0,48.0,8.0,0.85714287,0.14285715,0.14285713,0.10444874,0.01492125,1,0,0,0,0
14261,-1,0,-0.074445546,0.48139718,0,1,unassigned,22.0,22.0,0.0,1.0,0.0,0.0,0.03868472,0.0,0,0,0,0,0
14262,-1,0,-0.9996482,0.2690106,0,1,unassigned,2.0,2.0,0.0,1.0,0.0,0.0,0.0,0.0,0,0,0,0,0
14263,-1,0,-0.33966374,0.41589117,0,1,unassigned,16.0,15.0,1.0,0.9375,0.0625,0.0625,0.027079303,0.0016924564,0,0,0,0,0
14264,-1,0,-0.16343272,0.45923254,0,1,unassigned,29.0,29.0,0.0,1.0,0.0,0.0,0.05222437,0.0,0,0,0,0,0
14265,-1,0,0.085795045,0.5214356,1,1,unassigned,4.0,4.0,0.0,1.0,0.0,0.0,0.003868472,0.0,0,0,0,1,0
14266,-1,0,2.4377847,0.91966355,1,1,unassigned,42.0,42.0,0.0,1.0,0.0,0.0,0.07736944,0.0,0,0,0,1,1
14267,-1,1,2.1313808,0.893916,1,1,unassigned,30.0,29.0,1.0,0.96666664,0.033333335,0.03333336,0.054158606,0.001805287,1,0,0,1,0
14268,-1,1,2.0148304,0.88234544,1,1,unassigned,51.0,51.0,0.0,1.0,0.0,0.0,0.09477756,0.0,1,0,0,1,0
14269,-1,1,-0.7731451,0.31579918,0,1,unassigned,92.0,90.0,2.0,0.9782609,0.02173913,0.021739125,0.17408124,0.0037843748,1,0,0,0,0
14270,-1,1,2.8980005,0.9477475,1,1,unassigned,12.0,12.0,0.0,1.0,0.0,0.0,0.01934236,0.0,1,0,0,1,1
14271,-1,0,6.0499644,0.9976476,1,1,unassigned,2.0,2.0,0.0,1.0,0.0,0.0,0.0,0.0,0,0,0,1,1
14272,-1,1,2.451614,0.9206794,1,1,unassigned,40.0,37.0,3.0,0.925,0.075,0.07499999,0.07350097,0.005512573,1,0,0,1,1
14273,-1,1,0.011710346,0.50292754,1,1,unassigned,22.0,22.0,0.0,1.0,0.0,0.0,0.03868472,0.0,1,0,0,1,0
14274,0,1,-0.8148193,0.3068645,0,0,unassigned,56.0,55.0,1.0,0.98214287,0.017857144,0.017857134,0.10444874,0.0018651562,1,0,1,0,0
14275,-1,1,-0.3071524,0.42380998,0,1,unassigned,92.0,92.0,0.0,1.0,0.0,0.0,0.17408124,0.0,1,0,0,0,0
14276,1,1,1.5954034,0.83137494,1,0,val,55.0,54.0,1.0,0.9818182,0.018181818,0.0181818,0.102514505,0.0018639,1,0,1,1,0
14277,-1,1,2.203686,0.90058005,1,1,unassigned,11.0,11.0,0.0,1.0,0.0,0.0,0.017408123,0.0,1,0,0,1,1
14278,-1,1,2.665095,0.93493533,1,1,unassigned,38.0,37.0,1.0,0.9736842,0.02631579,0.026315808,0.06963249,0.0018324341,1,0,0,1,1
14279,-1,1,0.13884741,0.53465617,1,1,unassigned,43.0,43.0,0.0,1.0,0.0,0.0,0.079303674,0.0,1,0,0,1,0
14280,-1,1,0.13259035,0.5330991,1,1,unassigned,31.0,31.0,0.0,1.0,0.0,0.0,0.056092843,0.0,1,0,0,1,0
14281,-1,1,1.4801626,0.81459713,1,1,unassigned,23.0,17.0,6.0,0.73913044,0.26086956,0.26086956,0.040618956,0.010596249,1,0,0,1,0
14282,-1,1,2.5954833,0.93057036,1,1,unassigned,64.0,56.0,8.0,0.875,0.125,0.125,0.11992263,0.014990329,1,0,0,1,1
14283,1,1,1.3480504,0.79381067,1,0,unassigned,16.0,16.0,0.0,1.0,0.0,0.0,0.027079303,0.0,1,0,1,1,0
14284,-1,1,-0.05616349,0.48596278,0,1,unassigned,24.0,24.0,0.0,1.0,0.0,0.0,0.04255319,0.0,1,0,0,0,0
14285,-1,0,5.798577,0.9969773,1,1,unassigned,2.0,2.0,0.0,1.0,0.0,0.0,0.0,0.0,0,0,0,1,1
14286,-1,0,-0.859142,0.29751864,0,1,unassigned,2.0,2.0,0.0,1.0,0.0,0.0,0.0,0.0,0,0,0,0,0
14287,-1,0,4.976852,0.9931514,1,1,unassigned,6.0,6.0,0.0,1.0,0.0,0.0,0.007736944,0.0,0,0,0,1,1
14288,-1,0,-0.93605536,0.28169784,0,1,unassigned,13.0,13.0,0.0,1.0,0.0,0.0,0.021276595,0.0,0,0,0,0,0
14289,-1,0,1.9184654,0.8719672,1,1,unassigned,7.0,7.0,0.0,1.0,0.0,0.0,0.00967118,0.0,0,0,0,1,0
14290,-1,0,-0.83428705,0.30273935,0,1,unassigned,28.0,27.0,1.0,0.96428573,0.035714287,0.03571427,0.050290134,0.0017960763,0,0,0,0,0
14291,-1,0,-0.6683945,0.33885643,0,1,unassigned,104.0,98.0,6.0,0.9423077,0.057692308,0.05769229,0.19729207,0.011382235,0,0,0,0,0
14292,-1,0,0.15803838,0.5394276,1,1,unassigned,51.0,50.0,1.0,0.98039216,0.019607844,0.019607842,0.09477756,0.0018583836,0,0,0,1,0
14293,0,0,-0.15462577,0.4614204,0,0,val,41.0,41.0,0.0,1.0,0.0,0.0,0.07543521,0.0,0,0,1,0,0
14294,-1,1,-0.5631192,0.36282605,0,1,unassigned,41.0,39.0,2.0,0.9512195,0.048780486,0.0487805,0.07543521,0.003679766,1,0,0,0,0
14295,-1,0,-0.8073755,0.30845004,0,1,unassigned,3.0,3.0,0.0,1.0,0.0,0.0,0.001934236,0.0,0,0,0,0,0
14296,-1,0,4.0581594,0.98301274,1,1,unassigned,8.0,7.0,1.0,0.875,0.125,0.125,0.0116054155,0.0014506769,0,0,0,1,1
14297,0,0,-0.84511364,0.3004589,0,0,train,2.0,2.0,0.0,1.0,0.0,0.0,0.0,0.0,0,0,1,0,0
14298,-1,0,-0.4625731,0.38637558,0,1,unassigned,54.0,54.0,0.0,1.0,0.0,0.0,0.10058027,0.0,0,0,0,0,0
14299,1,1,-0.3600794,0.41094032,0,1,unassigned,68.0,62.0,6.0,0.9117647,0.0882353,0.08823532,0.12765957,0.01126408,1,0,0,0,0
14300,-1,0,5.0082393,0.9933617,1,1,unassigned,5.0,4.0,1.0,0.8,0.2,0.19999999,0.0058027077,0.0011605415,0,0,0,1,1
14301,-1,1,-0.2668013,0.43369254,0,1,unassigned,6.0,6.0,0.0,1.0,0.0,0.0,0.007736944,0.0,1,0,0,0,0
14302,-1,0,-0.86487174,0.2963225,0,1,unassigned,10.0,8.0,2.0,0.8,0.2,0.19999999,0.015473888,0.0030947777,0,0,0,0,0
14303,-1,0,-0.3231532,0.4199075,0,1,unassigned,16.0,16.0,0.0,1.0,0.0,0.0,0.027079303,0.0,0,0,0,0,0
14304,-1,0,1.12153,0.7542724,1,1,unassigned,13.0,13.0,0.0,1.0,0.0,0.0,0.021276595,0.0,0,0,0,1,0
14305,-1,0,0.2384333,0.5593275,1,1,unassigned,3.0,3.0,0.0,1.0,0.0,0.0,0.001934236,0.0,0,0,0,1,0
14306,-1,1,-0.28195602,0.42997432,0,1,unassigned,44.0,43.0,1.0,0.97727275,0.022727273,0.022727251,0.08123791,0.0018463163,1,0,0,0,0
14307,0,1,-0.1720596,0.45709088,0,0,unassigned,91.0,83.0,8.0,0.9120879,0.08791209,0.08791208,0.172147,0.015133803,1,0,1,0,0
14308,-1,0,-0.6101344,0.35202855,0,1,unassigned,15.0,15.0,0.0,1.0,0.0,0.0,0.025145067,0.0,0,0,0,0,0
14309,-1,1,0.48448187,0.6188056,1,1,unassigned,11.0,10.0,1.0,0.90909094,0.09090909,0.090909064,0.017408123,0.0015825568,1,0,0,1,0
14310,-1,0,0.36503094,0.59025776,1,1,unassigned,23.0,23.0,0.0,1.0,0.0,0.0,0.040618956,0.0,0,0,0,1,0
14311,-1,0,2.9363334,0.9496136,1,1,unassigned,36.0,33.0,3.0,0.9166667,0.083333336,0.08333331,0.065764025,0.0054803356,0,0,0,1,1
14312,-1,0,-0.054318845,0.48642364,0,1,unassigned,31.0,30.0,1.0,0.9677419,0.032258064,0.032258093,0.056092843,0.0018094465,0,0,0,0,0
14313,-1,0,0.6432578,0.6554895,1,1,unassigned,13.0,11.0,2.0,0.84615386,0.15384616,0.15384614,0.021276595,0.0032733225,0,0,0,1,0
14314,-1,0,-0.35901093,0.411199,0,1,unassigned,62.0,61.0,1.0,0.983871,0.016129032,0.016129017,0.116054155,0.0018718411,0,0,0,0,0
14315,-1,0,1.3981133,0.8018843,1,1,unassigned,14.0,14.0,0.0,1.0,0.0,0.0,0.023210831,0.0,0,0,0,1,0
14316,-1,0,-0.22583902,0.443779,0,1,unassigned,25.0,24.0,1.0,0.96,0.04,0.04000002,0.044487428,0.001779497,0,0,0,0,0
14317,-1,0,-0.9265267,0.2836299,0,1,unassigned,109.0,108.0,1.0,0.9908257,0.0091743115,0.009174287,0.20696326,0.0018987454,0,0,0,0,0
14318,-1,0,-0.83404005,0.30279148,0,1,unassigned,67.0,67.0,0.0,1.0,0.0,0.0,0.12572534,0.0,0,0,0,0,0
14319,0,0,-0.83873177,0.30180195,0,0,test,36.0,35.0,1.0,0.9722222,0.027777778,0.027777791,0.065764025,0.0018267785,0,0,1,0,0
14320,0,0,-0.8359775,0.30238265,0,0,val,81.0,81.0,0.0,1.0,0.0,0.0,0.15280464,0.0,0,0,1,0,0
14321,-1,1,-0.11827633,0.47046536,0,1,unassigned,11.0,11.0,0.0,1.0,0.0,0.0,0.017408123,0.0,1,0,0,0,0
14322,-1,0,-0.71159613,0.32924625,0,1,unassigned,57.0,54.0,3.0,0.94736844,0.05263158,0.052631557,0.10638298,0.0055991043,0,0,0,0,0
14323,-1,0,-0.54745907,0.3664541,0,1,unassigned,19.0,19.0,0.0,1.0,0.0,0.0,0.032882012,0.0,0,0,0,0,0
14324,-1,0,-0.83484995,0.30262056,0,1,unassigned,14.0,14.0,0.0,1.0,0.0,0.0,0.023210831,0.0,0,0,0,0,0
14325,-1,0,-0.32704473,0.41895986,0,1,unassigned,27.0,26.0,1.0,0.962963,0.037037037,0.037037015,0.0483559,0.0017909593,0,0,0,0,0
14326,-1,0,-0.47763616,0.38281047,0,1,unassigned,14.0,14.0,0.0,1.0,0.0,0.0,0.023210831,0.0,0,0,0,0,0
14327,-1,0,0.3013876,0.5747817,1,1,unassigned,11.0,10.0,1.0,0.90909094,0.09090909,0.090909064,0.017408123,0.0015825568,0,0,0,1,0
14328,-1,0,-0.29778242,0.42609966,0,1,unassigned,6.0,6.0,0.0,1.0,0.0,0.0,0.007736944,0.0,0,0,0,0,0
14329,-1,0,-0.6521249,0.34251088,0,1,unassigned,9.0,9.0,0.0,1.0,0.0,0.0,0.013539651,0.0,0,0,0,0,0
14330,-1,0,-0.78624487,0.31297553,0,1,unassigned,39.0,39.0,0.0,1.0,0.0,0.0,0.07156673,0.0,0,0,0,0,0
14331,-1,0,-0.78915143,0.31235093,0,1,unassigned,13.0,13.0,0.0,1.0,0.0,0.0,0.021276595,0.0,0,0,0,0,0
14332,1,0,2.5771468,0.9293762,1,0,test,19.0,18.0,1.0,0.94736844,0.05263158,0.052631557,0.032882012,0.0017306323,0,0,1,1,1
14333,-1,0,-0.55577445,0.36452574,0,1,unassigned,2.0,2.0,0.0,1.0,0.0,0.0,0.0,0.0,0,0,0,0,0
14334,-1,0,1.3389611,0.792319,1,1,unassigned,23.0,23.0,0.0,1.0,0.0,0.0,0.040618956,0.0,0,0,0,1,0
14335,-1,0,1.152142,0.75990194,1,1,unassigned,8.0,8.0,0.0,1.0,0.0,0.0,0.0116054155,0.0,0,0,0,1,0
14336,-1,0,-0.6949295,0.3329374,0,1,unassigned,29.0,29.0,0.0,1.0,0.0,0.0,0.05222437,0.0,0,0,0,0,0
14337,-1,1,0.6818959,0.6641617,1,1,unassigned,48.0,46.0,2.0,0.9583333,0.041666668,0.041666687,0.088974856,0.0037072857,1,0,0,1,0
14338,0,0,-0.7086664,0.3298936,0,0,unassigned,62.0,61.0,1.0,0.983871,0.016129032,0.016129017,0.116054155,0.0018718411,0,0,1,0,0
14339,0,0,-0.19109932,0.45237005,0,0,test,58.0,56.0,2.0,0.9655172,0.03448276,0.034482777,0.10831721,0.0037350762,0,0,1,0,0
14340,-1,0,-0.8747442,0.2942681,0,1,unassigned,31.0,31.0,0.0,1.0,0.0,0.0,0.056092843,0.0,0,0,0,0,0
14341,-1,0,0.88515335,0.707889,1,1,unassigned,64.0,64.0,0.0,1.0,0.0,0.0,0.11992263,0.0,0,0,0,1,0
14342,-1,1,-0.6768868,0.33695653,0,1,unassigned,2.0,2.0,0.0,1.0,0.0,0.0,0.0,0.0,1,0,0,0,0
14343,-1,0,-0.72312975,0.32670414,0,1,unassigned,53.0,49.0,4.0,0.9245283,0.0754717,0.0754717,0.09864604,0.0074449843,0,0,0,0,0
14344,-1,0,-0.96221554,0.2764348,0,1,unassigned,52.0,52.0,0.0,1.0,0.0,0.0,0.0967118,0.0,0,0,0,0,0
14345,-1,0,2.5518253,0.92769605,1,1,unassigned,46.0,43.0,3.0,0.9347826,0.06521739,0.065217376,0.08510638,0.005550416,0,0,0,1,1
14346,-1,1,-0.4136876,0.39802825,0,1,unassigned,69.0,63.0,6.0,0.9130435,0.08695652,0.0869565,0.1295938,0.011269026,1,0,0,0,0
14347,-1,1,-0.32927805,0.41841632,0,1,unassigned,21.0,20.0,1.0,0.95238096,0.04761905,0.047619045,0.036750484,0.0017500231,1,0,0,0,0
14348,-1,0,-0.65056014,0.34286332,0,1,unassigned,119.0,116.0,3.0,0.9747899,0.025210084,0.025210083,0.2263056,0.0057051834,0,0,0,0,0
14349,-1,1,-0.7797499,0.31437382,0,1,unassigned,61.0,58.0,3.0,0.9508197,0.04918033,0.04918033,0.114119925,0.0056124553,1,0,0,0,0
14350,-1,0,-0.8574064,0.2978815,0,1,unassigned,69.0,69.0,0.0,1.0,0.0,0.0,0.1295938,0.0,0,0,0,0,0
14351,-1,0,-0.8471734,0.30002615,0,1,unassigned,58.0,57.0,1.0,0.98275864,0.01724138,0.017241359,0.10831721,0.0018675381,0,0,0,0,0
14352,0,0,-0.32451063,0.41957688,0,0,test,56.0,54.0,2.0,0.96428573,0.035714287,0.03571427,0.10444874,0.0037303125,0,0,1,0,0
14353,-1,0,4.1701865,0.9847857,1,1,unassigned,9.0,9.0,0.0,1.0,0.0,0.0,0.013539651,0.0,0,0,0,1,1
14354,-1,0,-0.8812707,0.2929145,0,1,unassigned,97.0,96.0,1.0,0.9896907,0.010309278,0.010309279,0.18375242,0.0018943547,0,0,0,0,0
14355,-1,0,-0.90839714,0.28732795,0,1,unassigned,68.0,65.0,3.0,0.9558824,0.04411765,0.04411763,0.12765957,0.00563204,0,0,0,0,0
14356,-1,1,-0.30011603,0.4255291,0,1,unassigned,31.0,30.0,1.0,0.9677419,0.032258064,0.032258093,0.056092843,0.0018094465,1,0,0,0,0
14357,-1,0,-0.30215824,0.42502996,0,1,unassigned,2.0,2.0,0.0,1.0,0.0,0.0,0.0,0.0,0,0,0,0,0
14358,-1,0,0.15265381,0.5380895,1,1,unassigned,8.0,8.0,0.0,1.0,0.0,0.0,0.0116054155,0.0,0,0,0,1,0
14359,-1,0,0.3498432,0.58657956,1,1,unassigned,3.0,3.0,0.0,1.0,0.0,0.0,0.001934236,0.0,0,0,0,1,0
14360,-1,0,-0.46305445,0.38626146,0,1,unassigned,2.0,2.0,0.0,1.0,0.0,0.0,0.0,0.0,0,0,0,0,0
14361,-1,1,-0.37148866,0.40818134,0,1,unassigned,66.0,15.0,51.0,0.22727273,0.77272725,0.77272725,0.123791106,0.09565676,1,0,0,0,0
14362,-1,1,6.8610864,0.99895334,1,1,unassigned,62.0,57.0,5.0,0.91935486,0.08064516,0.080645144,0.116054155,0.009359206,1,0,0,1,1
14363,1,1,1.1417494,0.7580007,1,0,unassigned,23.0,23.0,0.0,1.0,0.0,0.0,0.040618956,0.0,1,0,1,1,0
14364,-1,1,-0.80865264,0.30817768,0,1,unassigned,102.0,92.0,10.0,0.9019608,0.09803922,0.09803921,0.1934236,0.018963099,1,0,0,0,0
14365,-1,1,1.4602416,0.8115696,1,1,unassigned,39.0,38.0,1.0,0.974359,0.025641026,0.025641024,0.07156673,0.0018350444,1,0,0,1,0
14366,-1,1,3.0941617,0.9566513,1,1,unassigned,24.0,23.0,1.0,0.9583333,0.041666668,0.041666687,0.04255319,0.0017730496,1,0,0,1,1
14367,-1,0,2.5371404,0.9267048,1,1,unassigned,15.0,13.0,2.0,0.8666667,0.13333334,0.13333333,0.025145067,0.0033526758,0,0,0,1,1
14368,-1,1,-0.20553684,0.4487959,0,1,unassigned,124.0,121.0,3.0,0.9758065,0.024193548,0.024193525,0.23597679,0.0057091154,1,0,0,0,0
14369,-1,1,3.5040982,0.97080415,1,1,unassigned,20.0,19.0,1.0,0.95,0.05,0.050000012,0.034816246,0.0017408123,1,0,0,1,1
14370,1,1,2.9675078,0.9510845,1,0,test,103.0,102.0,1.0,0.99029124,0.009708738,0.009708762,0.19535783,0.001896678,1,0,1,1,1
14371,-1,1,2.8949585,0.94759667,1,1,unassigned,13.0,13.0,0.0,1.0,0.0,0.0,0.021276595,0.0,1,0,0,1,1
14372,1,1,3.0865848,0.95633596,1,0,unassigned,53.0,53.0,0.0,1.0,0.0,0.0,0.09864604,0.0,1,0,1,1,1
14373,-1,0,-0.29422185,0.4269706,0,1,unassigned,7.0,7.0,0.0,1.0,0.0,0.0,0.00967118,0.0,0,0,0,0,0
14374,-1,1,8.592987,0.9998147,1,1,unassigned,60.0,48.0,12.0,0.8,0.2,0.19999999,0.11218569,0.022437138,1,0,0,1,1
14375,-1,1,0.92512923,0.71608603,1,1,unassigned,5.0,5.0,0.0,1.0,0.0,0.0,0.0058027077,0.0,1,0,0,1,0
14376,-1,1,-0.43290707,0.39343238,0,1,unassigned,124.0,121.0,3.0,0.9758065,0.024193548,0.024193525,0.23597679,0.0057091154,1,0,0,0,0
14377,-1,0,-0.69989616,0.33183524,0,1,unassigned,90.0,90.0,0.0,1.0,0.0,0.0,0.17021276,0.0,0,0,0,0,0
14378,-1,0,0.7205346,0.6727248,1,1,unassigned,21.0,20.0,1.0,0.95238096,0.04761905,0.047619045,0.036750484,0.0017500231,0,0,0,1,0
14379,-1,1,0.4852143,0.6189784,1,1,unassigned,4.0,3.0,1.0,0.75,0.25,0.25,0.003868472,0.000967118,1,0,0,1,0
14380,-1,1,3.3345697,0.96559596,1,1,unassigned,8.0,8.0,0.0,1.0,0.0,0.0,0.0116054155,0.0,1,0,0,1,1
14381,-1,1,4.0810266,0.9833904,1,1,unassigned,13.0,12.0,1.0,0.9230769,0.07692308,0.07692307,0.021276595,0.0016366612,1,0,0,1,1
14382,1,0,3.9081128,0.9803169,1,0,unassigned,5.0,5.0,0.0,1.0,0.0,0.0,0.0058027077,0.0,0,0,1,1,1
14383,0,0,-0.40690207,0.3996552,0,0,test,62.0,61.0,1.0,0.983871,0.016129032,0.016129017,0.116054155,0.0018718411,0,0,1,0,0
14384,-1,0,0.046534777,0.5116316,1,1,unassigned,5.0,5.0,0.0,1.0,0.0,0.0,0.0058027077,0.0,0,0,0,1,0
14385,0,0,-0.6551762,0.34182402,0,0,test,2.0,1.0,1.0,0.5,0.5,0.5,0.0,0.0,0,0,1,0,0
14386,0,1,-0.8544222,0.29850602,0,0,val,60.0,52.0,8.0,0.8666667,0.13333334,0.13333333,0.11218569,0.014958092,1,0,1,0,0
14387,-1,0,-0.8210479,0.30554128,0,1,unassigned,48.0,46.0,2.0,0.9583333,0.041666668,0.041666687,0.088974856,0.0037072857,0,0,0,0,0
14388,-1,0,-0.7931746,0.31148744,0,1,unassigned,40.0,40.0,0.0,1.0,0.0,0.0,0.07350097,0.0,0,0,0,0,0
14389,-1,0,-0.54128236,0.3678893,0,1,unassigned,15.0,15.0,0.0,1.0,0.0,0.0,0.025145067,0.0,0,0,0,0,0
14390,-1,0,-0.8581718,0.29772145,0,1,unassigned,61.0,61.0,0.0,1.0,0.0,0.0,0.114119925,0.0,0,0,0,0,0
14391,-1,0,-0.8506199,0.29930285,0,1,unassigned,17.0,17.0,0.0,1.0,0.0,0.0,0.029013539,0.0,0,0,0,0,0
14392,-1,0,-0.17958471,0.45522413,0,1,unassigned,72.0,68.0,4.0,0.9444444,0.055555556,0.055555582,0.13539653,0.0075220293,0,0,0,0,0
14393,-1,0,-0.8543043,0.29853073,0,1,unassigned,54.0,54.0,0.0,1.0,0.0,0.0,0.10058027,0.0,0,0,0,0,0
14394,-1,1,-0.5669197,0.3619479,0,1,unassigned,44.0,42.0,2.0,0.95454544,0.045454547,0.04545456,0.08123791,0.0036926325,1,0,0,0,0
14395,-1,0,-0.70508724,0.3306853,0,1,unassigned,42.0,42.0,0.0,1.0,0.0,0.0,0.07736944,0.0,0,0,0,0,0
14396,-1,0,-0.36945006,0.40867394,0,1,unassigned,44.0,44.0,0.0,1.0,0.0,0.0,0.08123791,0.0,0,0,0,0,0
14397,0,0,-0.5689035,0.36148986,0,0,unassigned,11.0,9.0,2.0,0.8181818,0.18181819,0.18181819,0.017408123,0.0031651135,0,0,1,0,0
14398,-1,1,-0.91327846,0.28632945,0,1,unassigned,56.0,56.0,0.0,1.0,0.0,0.0,0.10444874,0.0,1,0,0,0,0
14399,-1,0,-0.52827156,0.37092012,0,1,unassigned,95.0,95.0,0.0,1.0,0.0,0.0,0.17988394,0.0,0,0,0,0,0
14400,-1,0,-0.85745764,0.29787078,0,1,unassigned,38.0,37.0,1.0,0.9736842,0.02631579,0.026315808,0.06963249,0.0018324341,0,0,0,0,0
14401,-1,1,-0.60770905,0.35258198,0,1,unassigned,62.0,59.0,3.0,0.9516129,0.048387095,0.04838711,0.116054155,0.0056155236,1,0,0,0,0
14402,-1,1,-0.37866822,0.40644816,0,1,unassigned,51.0,46.0,5.0,0.9019608,0.09803922,0.09803921,0.09477756,0.009291918,1,0,0,0,0
14403,-1,1,5.330811,0.99518317,1,1,unassigned,22.0,19.0,3.0,0.8636364,0.13636364,0.13636363,0.03868472,0.005275189,1,0,0,1,1
14404,-1,1,-0.7902889,0.31210664,0,1,unassigned,42.0,42.0,0.0,1.0,0.0,0.0,0.07736944,0.0,1,0,0,0,0
14405,-1,0,-0.74968165,0.3208907,0,1,unassigned,7.0,6.0,1.0,0.85714287,0.14285715,0.14285713,0.00967118,0.0013815971,0,0,0,0,0
14406,-1,0,1.191916,0.7670836,1,1,unassigned,6.0,6.0,0.0,1.0,0.0,0.0,0.007736944,0.0,0,0,0,1,0
14407,-1,1,1.403167,0.802686,1,1,unassigned,2.0,2.0,0.0,1.0,0.0,0.0,0.0,0.0,1,0,0,1,0
14408,-1,0,-0.8820018,0.2927631,0,1,unassigned,76.0,76.0,0.0,1.0,0.0,0.0,0.14313346,0.0,0,0,0,0,0
14409,-1,0,-0.854308,0.29852992,0,1,unassigned,48.0,47.0,1.0,0.9791667,0.020833334,0.020833313,0.088974856,0.0018536429,0,0,0,0,0
14410,-1,0,1.113138,0.7527136,1,1,unassigned,18.0,18.0,0.0,1.0,0.0,0.0,0.030947777,0.0,0,0,0,1,0
14411,-1,0,-0.53496283,0.36936012,0,1,unassigned,77.0,77.0,0.0,1.0,0.0,0.0,0.14506769,0.0,0,0,0,0,0
14412,1,0,-0.7031553,0.331113,0,1,test,164.0,162.0,2.0,0.9878049,0.0121951215,0.01219511,0.31334624,0.0038212955,0,0,0,0,0
14413,-1,1,-0.8789965,0.29338577,0,1,unassigned,48.0,46.0,2.0,0.9583333,0.041666668,0.041666687,0.088974856,0.0037072857,1,0,0,0,0
14414,-1,1,10.0060425,0.9999548,1,1,unassigned,3.0,2.0,1.0,0.6666667,0.33333334,0.3333333,0.001934236,0.00064474536,1,0,0,1,1
14415,-1,0,2.4865339,0.9231924,1,1,unassigned,22.0,21.0,1.0,0.95454544,0.045454547,0.04545456,0.03868472,0.0017583964,0,0,0,1,1
14416,-1,0,-0.5087751,0.3754807,0,1,unassigned,53.0,52.0,1.0,0.9811321,0.018867925,0.01886791,0.09864604,0.0018612461,0,0,0,0,0
14417,-1,0,-0.26811942,0.43336883,0,1,unassigned,18.0,18.0,0.0,1.0,0.0,0.0,0.030947777,0.0,0,0,0,0,0
14418,-1,0,-0.54278684,0.36753955,0,1,unassigned,123.0,123.0,0.0,1.0,0.0,0.0,0.23404256,0.0,0,0,0,0,0
14419,-1,0,6.8626275,0.9989549,1,1,unassigned,2.0,2.0,0.0,1.0,0.0,0.0,0.0,0.0,0,0,0,1,1
14420,-1,0,-0.11592114,0.4710521,0,1,unassigned,97.0,97.0,0.0,1.0,0.0,0.0,0.18375242,0.0,0,0,0,0,0
14421,-1,0,-0.47656816,0.38306284,0,1,unassigned,16.0,16.0,0.0,1.0,0.0,0.0,0.027079303,0.0,0,0,0,0,0
14422,-1,0,-0.6150359,0.35091132,0,1,unassigned,5.0,5.0,0.0,1.0,0.0,0.0,0.0058027077,0.0,0,0,0,0,0
14423,-1,0,-0.4754607,0.3833246,0,1,unassigned,66.0,52.0,14.0,0.7878788,0.21212122,0.21212119,0.123791106,0.02625872,0,0,0,0,0
14424,-1,0,1.4238567,0.80594236,1,1,unassigned,17.0,16.0,1.0,0.9411765,0.05882353,0.058823526,0.029013539,0.0017066788,0,0,0,1,0
14425,-1,0,-0.532407,0.36995566,0,1,unassigned,8.0,8.0,0.0,1.0,0.0,0.0,0.0116054155,0.0,0,0,0,0,0
14426,-1,0,2.3731124,0.9147539,1,1,unassigned,5.0,5.0,0.0,1.0,0.0,0.0,0.0058027077,0.0,0,0,0,1,1
14427,-1,0,-0.49941167,0.37767893,0,1,unassigned,62.0,61.0,1.0,0.983871,0.016129032,0.016129017,0.116054155,0.0018718411,0,0,0,0,0
14428,-1,0,-0.6945955,0.33301154,0,1,unassigned,135.0,134.0,1.0,0.9925926,0.0074074073,0.007407427,0.25725338,0.0019055805,0,0,0,0,0
14429,-1,0,-0.8992282,0.28920913,0,1,unassigned,63.0,57.0,6.0,0.9047619,0.0952381,0.09523809,0.11798839,0.01123699,0,0,0,0,0
14430,-1,0,-0.8124213,0.30737478,0,1,unassigned,140.0,94.0,46.0,0.67142856,0.32857144,0.32857144,0.26692456,0.08770379,0,0,0,0,0
14431,-1,0,3.9026845,0.98021185,1,1,unassigned,4.0,4.0,0.0,1.0,0.0,0.0,0.003868472,0.0,0,0,0,1,1
14432,-1,0,-0.41256925,0.3982962,0,1,unassigned,36.0,36.0,0.0,1.0,0.0,0.0,0.065764025,0.0,0,0,0,0,0
14433,-1,0,0.28158802,0.5699355,1,1,unassigned,21.0,21.0,0.0,1.0,0.0,0.0,0.036750484,0.0,0,0,0,1,0
14434,-1,0,3.0171165,0.9533415,1,1,unassigned,8.0,8.0,0.0,1.0,0.0,0.0,0.0116054155,0.0,0,0,0,1,1
14435,-1,1,-0.71023035,0.32954794,0,1,unassigned,38.0,37.0,1.0,0.9736842,0.02631579,0.026315808,0.06963249,0.0018324341,1,0,0,0,0
14436,-1,1,-0.33175915,0.41781268,0,1,unassigned,33.0,31.0,2.0,0.93939394,0.060606062,0.060606062,0.059961315,0.0036340193,1,0,0,0,0
14437,-1,1,-0.3893581,0.4038718,0,1,unassigned,23.0,21.0,2.0,0.9130435,0.08695652,0.0869565,0.040618956,0.0035320832,1,0,0,0,0
14438,1,1,-0.6279741,0.34797004,0,1,val,46.0,45.0,1.0,0.9782609,0.02173913,0.021739125,0.08510638,0.0018501388,1,0,0,0,0
14439,-1,0,3.0425222,0.95445865,1,1,unassigned,7.0,7.0,0.0,1.0,0.0,0.0,0.00967118,0.0,0,0,0,1,1
14440,-1,0,-0.22111255,0.44494602,0,1,unassigned,41.0,41.0,0.0,1.0,0.0,0.0,0.07543521,0.0,0,0,0,0,0
14441,-1,1,-0.52155477,0.37248877,0,1,unassigned,39.0,39.0,0.0,1.0,0.0,0.0,0.07156673,0.0,1,0,0,0,0
14442,-1,0,-0.6154015,0.35082802,0,1,unassigned,2.0,2.0,0.0,1.0,0.0,0.0,0.0,0.0,0,0,0,0,0
14443,-1,1,0.79022163,0.68787897,1,1,unassigned,2.0,2.0,0.0,1.0,0.0,0.0,0.0,0.0,1,0,0,1,0
14444,1,1,2.8455622,0.9450888,1,0,unassigned,4.0,4.0,0.0,1.0,0.0,0.0,0.003868472,0.0,1,0,1,1,1
14445,-1,0,-0.3788477,0.40640488,0,1,unassigned,7.0,7.0,0.0,1.0,0.0,0.0,0.00967118,0.0,0,0,0,0,0
14446,-1,1,0.7300008,0.67480546,1,1,unassigned,5.0,2.0,3.0,0.4,0.6,0.6,0.0058027077,0.0034816249,1,0,0,1,0
14447,-1,0,-0.43492013,0.39295208,0,1,unassigned,45.0,42.0,3.0,0.93333334,0.06666667,0.06666666,0.08317215,0.00554481,0,0,0,0,0
14448,-1,0,0.27533513,0.5684022,1,1,unassigned,3.0,3.0,0.0,1.0,0.0,0.0,0.001934236,0.0,0,0,0,1,0
14449,-1,0,0.6604673,0.65936536,1,1,unassigned,5.0,5.0,0.0,1.0,0.0,0.0,0.0058027077,0.0,0,0,0,1,0
14450,-1,1,-0.89421743,0.29024026,0,1,unassigned,79.0,77.0,2.0,0.9746835,0.025316456,0.025316477,0.14893617,0.003770536,1,0,0,0,0
14451,0,0,1.1096606,0.75206584,1,1,test,6.0,5.0,1.0,0.8333333,0.16666667,0.16666669,0.007736944,0.0012894907,0,0,0,1,0
14452,-1,1,-0.5410934,0.36793327,0,1,unassigned,25.0,25.0,0.0,1.0,0.0,0.0,0.044487428,0.0,1,0,0,0,0
14453,-1,0,1.0972815,0.74975044,1,1,unassigned,18.0,14.0,4.0,0.7777778,0.22222222,0.22222221,0.030947777,0.0068772836,0,0,0,1,0
14454,-1,0,1.1366456,0.7570632,1,1,unassigned,15.0,15.0,0.0,1.0,0.0,0.0,0.025145067,0.0,0,0,0,1,0
14455,-1,0,5.0430818,0.9935875,1,1,unassigned,2.0,2.0,0.0,1.0,0.0,0.0,0.0,0.0,0,0,0,1,1
14456,-1,0,-0.48685896,0.38063377,0,1,unassigned,41.0,41.0,0.0,1.0,0.0,0.0,0.07543521,0.0,0,0,0,0,0
14457,-1,0,-0.9229879,0.28434947,0,1,unassigned,44.0,44.0,0.0,1.0,0.0,0.0,0.08123791,0.0,0,0,0,0,0
14458,-1,0,-0.89399254,0.2902866,0,1,unassigned,83.0,83.0,0.0,1.0,0.0,0.0,0.15667312,0.0,0,0,0,0,0
14459,-1,0,0.0027954578,0.50069886,1,1,unassigned,2.0,2.0,0.0,1.0,0.0,0.0,0.0,0.0,0,0,0,1,0
14460,-1,0,-0.9575013,0.27737874,0,1,unassigned,57.0,57.0,0.0,1.0,0.0,0.0,0.10638298,0.0,0,0,0,0,0
14461,-1,0,-0.7761153,0.3151577,0,1,unassigned,77.0,76.0,1.0,0.987013,0.012987013,0.012987018,0.14506769,0.001883996,0,0,0,0,0
14462,-1,0,0.21344233,0.55315894,1,1,unassigned,62.0,61.0,1.0,0.983871,0.016129032,0.016129017,0.116054155,0.0018718411,0,0,0,1,0
14463,-1,0,0.64404815,0.65566796,1,1,unassigned,2.0,2.0,0.0,1.0,0.0,0.0,0.0,0.0,0,0,0,1,0
14464,-1,0,-0.7974397,0.31057346,0,1,unassigned,58.0,57.0,1.0,0.98275864,0.01724138,0.017241359,0.10831721,0.0018675381,0,0,0,0,0
14465,-1,0,-0.29490358,0.42680377,0,1,unassigned,21.0,21.0,0.0,1.0,0.0,0.0,0.036750484,0.0,0,0,0,0,0
14466,-1,0,-0.32114106,0.4203977,0,1,unassigned,43.0,43.0,0.0,1.0,0.0,0.0,0.079303674,0.0,0,0,0,0,0
14467,-1,0,-0.7674432,0.31703246,0,1,unassigned,57.0,57.0,0.0,1.0,0.0,0.0,0.10638298,0.0,0,0,0,0,0
14468,-1,0,-0.8298026,0.30368683,0,1,unassigned,48.0,47.0,1.0,0.9791667,0.020833334,0.020833313,0.088974856,0.0018536429,0,0,0,0,0
14469,-1,0,1.4775574,0.8142034,1,1,unassigned,4.0,4.0,0.0,1.0,0.0,0.0,0.003868472,0.0,0,0,0,1,0
14470,-1,0,-0.53547496,0.36924085,0,1,unassigned,29.0,29.0,0.0,1.0,0.0,0.0,0.05222437,0.0,0,0,0,0,0
14471,-1,0,-0.478098,0.38270134,0,1,unassigned,56.0,54.0,2.0,0.96428573,0.035714287,0.03571427,0.10444874,0.0037303125,0,0,0,0,0
14472,-1,0,0.34719795,0.5859379,1,1,unassigned,9.0,9.0,0.0,1.0,0.0,0.0,0.013539651,0.0,0,0,0,1,0
14473,-1,1,2.5469806,0.9273704,1,1,unassigned,2.0,2.0,0.0,1.0,0.0,0.0,0.0,0.0,1,0,0,1,1
14474,-1,0,7.2180257,0.9992673,1,1,unassigned,6.0,5.0,1.0,0.8333333,0.16666667,0.16666669,0.007736944,0.0012894907,0,0,0,1,1
14475,-1,0,-0.9236914,0.28420633,0,1,unassigned,45.0,45.0,0.0,1.0,0.0,0.0,0.08317215,0.0,0,0,0,0,0
14476,-1,0,-0.53260994,0.3699084,0,1,unassigned,53.0,53.0,0.0,1.0,0.0,0.0,0.09864604,0.0,0,0,0,0,0
14477,-1,0,9.006707,0.99987745,1,1,unassigned,5.0,5.0,0.0,1.0,0.0,0.0,0.0058027077,0.0,0,0,0,1,1
14478,-1,0,-0.7094458,0.32972133,0,1,unassigned,46.0,46.0,0.0,1.0,0.0,0.0,0.08510638,0.0,0,0,0,0,0
14479,-1,0,5.239246,0.9947238,1,1,unassigned,3.0,3.0,0.0,1.0,0.0,0.0,0.001934236,0.0,0,0,0,1,1
14480,-1,0,-0.82286763,0.30515528,0,1,unassigned,107.0,102.0,5.0,0.95327103,0.046728972,0.04672897,0.20309478,0.009490411,0,0,0,0,0
14481,0,1,-0.95384526,0.27811214,0,0,test,16.0,16.0,0.0,1.0,0.0,0.0,0.027079303,0.0,1,0,1,0,0
14482,0,0,-0.5373696,0.3687997,0,0,val,38.0,36.0,2.0,0.94736844,0.05263158,0.052631557,0.06963249,0.0036648682,0,0,1,0,0
14483,-1,0,-0.23660126,0.44112408,0,1,unassigned,48.0,48.0,0.0,1.0,0.0,0.0,0.088974856,0.0,0,0,0,0,0
14484,-1,0,-0.5593736,0.3636924,0,1,unassigned,8.0,8.0,0.0,1.0,0.0,0.0,0.0116054155,0.0,0,0,0,0,0
14485,0,0,-0.73741895,0.3235688,0,0,val,101.0,97.0,4.0,0.96039605,0.03960396,0.03960395,0.19148937,0.0075837374,0,0,1,0,0
14486,-1,0,1.5601065,0.8263687,1,1,unassigned,30.0,26.0,4.0,0.8666667,0.13333334,0.13333333,0.054158606,0.007221148,0,0,0,1,0
14487,-1,1,-2.1352723,0.10571551,0,1,unassigned,2.0,2.0,0.0,1.0,0.0,0.0,0.0,0.0,1,0,0,0,0
14488,-1,0,1.137095,0.7571459,1,1,unassigned,2.0,2.0,0.0,1.0,0.0,0.0,0.0,0.0,0,0,0,1,0
14489,0,0,-0.27642554,0.4313303,0,0,unassigned,40.0,40.0,0.0,1.0,0.0,0.0,0.07350097,0.0,0,0,1,0,0
14490,-1,0,-0.67939866,0.33639553,0,1,unassigned,51.0,51.0,0.0,1.0,0.0,0.0,0.09477756,0.0,0,0,0,0,0
14491,-1,0,8.15676,0.99971324,1,1,unassigned,14.0,12.0,2.0,0.85714287,0.14285715,0.14285713,0.023210831,0.0033158332,0,0,0,1,1
14492,1,0,1.3307614,0.7909666,1,0,val,17.0,17.0,0.0,1.0,0.0,0.0,0.029013539,0.0,0,0,1,1,0
14493,-1,0,-0.2190378,0.44545844,0,1,unassigned,7.0,7.0,0.0,1.0,0.0,0.0,0.00967118,0.0,0,0,0,0,0
14494,1,1,-0.48877138,0.38018304,0,1,test,21.0,19.0,2.0,0.9047619,0.0952381,0.09523809,0.036750484,0.0035000462,1,0,0,0,0
14495,-1,0,4.519485,0.98922276,1,1,unassigned,23.0,21.0,2.0,0.9130435,0.08695652,0.0869565,0.040618956,0.0035320832,0,0,0,1,1
14496,-1,1,3.8280585,0.9787113,1,1,unassigned,3.0,3.0,0.0,1.0,0.0,0.0,0.001934236,0.0,1,0,0,1,1
14497,-1,0,0.63268,0.6530969,1,1,unassigned,2.0,2.0,0.0,1.0,0.0,0.0,0.0,0.0,0,0,0,1,0
14498,-1,0,-0.8324584,0.3031255,0,1,unassigned,53.0,53.0,0.0,1.0,0.0,0.0,0.09864604,0.0,0,0,0,0,0
14499,-1,0,-0.767896,0.3169344,0,1,unassigned,30.0,30.0,0.0,1.0,0.0,0.0,0.054158606,0.0,0,0,0,0,0
14500,-1,0,-0.367932,0.40904084,0,1,unassigned,36.0,36.0,0.0,1.0,0.0,0.0,0.065764025,0.0,0,0,0,0,0
14501,-1,0,2.6207254,0.93218356,1,1,unassigned,5.0,4.0,1.0,0.8,0.2,0.19999999,0.0058027077,0.0011605415,0,0,0,1,1
14502,-1,0,1.3141818,0.7882121,1,1,unassigned,11.0,10.0,1.0,0.90909094,0.09090909,0.090909064,0.017408123,0.0015825568,0,0,0,1,0
14503,-1,0,0.4520815,0.611134,1,1,unassigned,67.0,65.0,2.0,0.9701493,0.029850746,0.029850721,0.12572534,0.0037529953,0,0,0,1,0
14504,-1,0,0.8243677,0.69516265,1,1,unassigned,11.0,11.0,0.0,1.0,0.0,0.0,0.017408123,0.0,0,0,0,1,0
14505,-1,0,0.51323813,0.62556523,1,1,unassigned,23.0,22.0,1.0,0.95652175,0.04347826,0.04347825,0.040618956,0.0017660416,0,0,0,1,0
14506,-1,0,3.9626849,0.98134273,1,1,unassigned,4.0,4.0,0.0,1.0,0.0,0.0,0.003868472,0.0,0,0,0,1,1
14507,-1,0,5.798577,0.9969773,1,1,unassigned,2.0,2.0,0.0,1.0,0.0,0.0,0.0,0.0,0,0,0,1,1
14508,-1,0,1.0291705,0.736755,1,1,unassigned,19.0,19.0,0.0,1.0,0.0,0.0,0.032882012,0.0,0,0,0,1,0
14509,-1,0,-1.1102567,0.24782304,0,1,unassigned,3.0,3.0,0.0,1.0,0.0,0.0,0.001934236,0.0,0,0,0,0,0
14510,-1,0,0.18769652,0.54678684,1,1,unassigned,33.0,31.0,2.0,0.93939394,0.060606062,0.060606062,0.059961315,0.0036340193,0,0,0,1,0
14511,-1,0,8.559118,0.99980825,1,1,unassigned,7.0,6.0,1.0,0.85714287,0.14285715,0.14285713,0.00967118,0.0013815971,0,0,0,1,1
14512,-1,0,1.6891279,0.8441095,1,1,unassigned,2.0,2.0,0.0,1.0,0.0,0.0,0.0,0.0,0,0,0,1,0
14513,-1,0,9.022745,0.99987936,1,1,unassigned,2.0,2.0,0.0,1.0,0.0,0.0,0.0,0.0,0,0,0,1,1
14514,0,1,-0.7245552,0.32639068,0,0,train,4.0,4.0,0.0,1.0,0.0,0.0,0.003868472,0.0,1,0,1,0,0
14515,0,1,-0.5891514,0.3568296,0,0,test,15.0,14.0,1.0,0.93333334,0.06666667,0.06666666,0.025145067,0.0016763379,1,0,1,0,0
14516,-1,0,6.045621,0.9976374,1,1,unassigned,4.0,4.0,0.0,1.0,0.0,0.0,0.003868472,0.0,0,0,0,1,1
14517,1,1,1.9225476,0.8724223,1,0,unassigned,4.0,3.0,1.0,0.75,0.25,0.25,0.003868472,0.000967118,1,0,1,1,0
14518,-1,1,0.56064564,0.6366019,1,1,unassigned,2.0,1.0,1.0,0.5,0.5,0.5,0.0,0.0,1,0,0,1,0
14519,-1,0,1.295171,0.7850211,1,1,unassigned,2.0,2.0,0.0,1.0,0.0,0.0,0.0,0.0,0,0,0,1,0
14520,-1,1,4.228069,0.985629,1,1,unassigned,22.0,17.0,5.0,0.77272725,0.22727273,0.22727275,0.03868472,0.008791981,1,0,0,1,1
14521,-1,1,-0.18331587,0.45429894,0,1,unassigned,44.0,40.0,4.0,0.90909094,0.09090909,0.090909064,0.08123791,0.007385265,1,0,0,0,0
14522,-1,0,0.13291353,0.5331796,1,1,unassigned,3.0,3.0,0.0,1.0,0.0,0.0,0.001934236,0.0,0,0,0,1,0
14523,-1,0,5.610232,0.99635315,1,1,unassigned,2.0,2.0,0.0,1.0,0.0,0.0,0.0,0.0,0,0,0,1,1
14524,-1,0,1.6639555,0.8407683,1,1,unassigned,4.0,3.0,1.0,0.75,0.25,0.25,0.003868472,0.000967118,0,0,0,1,0
14525,-1,1,0.06431407,0.5160729,1,1,unassigned,4.0,3.0,1.0,0.75,0.25,0.25,0.003868472,0.000967118,1,0,0,1,0
14526,-1,0,0.8757964,0.7059504,1,1,unassigned,8.0,7.0,1.0,0.875,0.125,0.125,0.0116054155,0.0014506769,0,0,0,1,0
14527,-1,0,7.6872315,0.99954164,1,1,unassigned,12.0,11.0,1.0,0.9166667,0.083333336,0.08333331,0.01934236,0.0016118633,0,0,0,1,1
14528,-1,0,-0.7164974,0.32816473,0,1,unassigned,86.0,83.0,3.0,0.96511626,0.034883723,0.034883738,0.16247582,0.0056677614,0,0,0,0,0
14529,-1,0,-0.9490989,0.2790661,0,1,unassigned,62.0,60.0,2.0,0.9677419,0.032258064,0.032258093,0.116054155,0.0037436823,0,0,0,0,0
14530,-1,0,-0.90005803,0.28903857,0,1,unassigned,53.0,52.0,1.0,0.9811321,0.018867925,0.01886791,0.09864604,0.0018612461,0,0,0,0,0
14531,-1,0,-0.1199429,0.4700502,0,1,unassigned,45.0,43.0,2.0,0.95555556,0.044444446,0.04444444,0.08317215,0.0036965401,0,0,0,0,0
14532,-1,0,-0.8208981,0.30557305,0,1,unassigned,57.0,55.0,2.0,0.9649123,0.03508772,0.035087705,0.10638298,0.0037327362,0,0,0,0,0
14533,-1,0,-0.91212857,0.28656447,0,1,unassigned,73.0,71.0,2.0,0.9726027,0.02739726,0.027397275,0.13733076,0.0037624864,0,0,0,0,0
14534,-1,0,10.471268,0.9999716,1,1,unassigned,18.0,15.0,3.0,0.8333333,0.16666667,0.16666669,0.030947777,0.005157963,0,0,0,1,1
14535,-1,0,-0.3623051,0.41040164,0,1,unassigned,9.0,9.0,0.0,1.0,0.0,0.0,0.013539651,0.0,0,0,0,0,0
14536,-1,0,-0.8058744,0.30877036,0,1,unassigned,77.0,75.0,2.0,0.97402596,0.025974026,0.025974035,0.14506769,0.003767992,0,0,0,0,0
14537,0,0,-0.8027588,0.3094357,0,0,val,80.0,79.0,1.0,0.9875,0.0125,0.012499988,0.15087041,0.0018858801,0,0,1,0,0
14538,-1,1,1.9967749,0.88045806,1,1,unassigned,8.0,6.0,2.0,0.75,0.25,0.25,0.0116054155,0.0029013539,1,0,0,1,0
14539,-1,0,0.88965136,0.70881826,1,1,unassigned,2.0,2.0,0.0,1.0,0.0,0.0,0.0,0.0,0,0,0,1,0
14540,-1,0,-0.79032415,0.31209907,0,1,unassigned,11.0,11.0,0.0,1.0,0.0,0.0,0.017408123,0.0,0,0,0,0,0
14541,-1,0,-0.701704,0.33143452,0,1,unassigned,80.0,80.0,0.0,1.0,0.0,0.0,0.15087041,0.0,0,0,0,0,0
14542,-1,0,-0.34632427,0.4142741,0,1,unassigned,95.0,95.0,0.0,1.0,0.0,0.0,0.17988394,0.0,0,0,0,0,0
14543,-1,0,-0.63097817,0.34728876,0,1,unassigned,16.0,16.0,0.0,1.0,0.0,0.0,0.027079303,0.0,0,0,0,0,0
14544,1,0,-0.78131866,0.31403574,0,1,unassigned,91.0,90.0,1.0,0.989011,0.010989011,0.01098901,0.172147,0.0018917253,0,0,0,0,0
14545,-1,0,-0.8730999,0.2946097,0,1,unassigned,63.0,63.0,0.0,1.0,0.0,0.0,0.11798839,0.0,0,0,0,0,0
14546,-1,0,-0.74772644,0.3213169,0,1,unassigned,43.0,43.0,0.0,1.0,0.0,0.0,0.079303674,0.0,0,0,0,0,0
14547,-1,0,0.21410364,0.5533224,1,1,unassigned,69.0,67.0,2.0,0.9710145,0.028985508,0.0289855,0.1295938,0.0037563422,0,0,0,1,0
14548,-1,0,-0.48563802,0.38092166,0,1,unassigned,17.0,15.0,2.0,0.88235295,0.11764706,0.11764705,0.029013539,0.0034133575,0,0,0,0,0
14549,-1,0,0.58423024,0.64204025,1,1,unassigned,9.0,7.0,2.0,0.7777778,0.22222222,0.22222221,0.013539651,0.0030088115,0,0,0,1,0
14550,-1,0,0.04753411,0.5118813,1,1,unassigned,28.0,28.0,0.0,1.0,0.0,0.0,0.050290134,0.0,0,0,0,1,0
14551,-1,0,-0.8816516,0.29283565,0,1,unassigned,78.0,78.0,0.0,1.0,0.0,0.0,0.14700194,0.0,0,0,0,0,0
14552,0,0,-0.20800799,0.44818467,0,0,val,13.0,12.0,1.0,0.9230769,0.07692308,0.07692307,0.021276595,0.0016366612,0,0,1,0,0
14553,-1,0,-0.58268815,0.35831428,0,1,unassigned,34.0,34.0,0.0,1.0,0.0,0.0,0.061895553,0.0,0,0,0,0,0
14554,-1,0,-0.93332916,0.28224978,0,1,unassigned,21.0,21.0,0.0,1.0,0.0,0.0,0.036750484,0.0,0,0,0,0,0
14555,-1,1,3.4412267,0.96896845,1,1,unassigned,16.0,11.0,5.0,0.6875,0.3125,0.3125,0.027079303,0.008462282,1,0,0,1,1
14556,-1,1,2.524368,0.92583257,1,1,unassigned,8.0,7.0,1.0,0.875,0.125,0.125,0.0116054155,0.0014506769,1,0,0,1,1
14557,-1,0,-0.27522138,0.43162572,0,1,unassigned,4.0,4.0,0.0,1.0,0.0,0.0,0.003868472,0.0,0,0,0,0,0
14558,-1,0,-0.5045767,0.3764657,0,1,unassigned,5.0,5.0,0.0,1.0,0.0,0.0,0.0058027077,0.0,0,0,0,0,0
14559,1,0,0.3779567,0.5933802,1,0,unassigned,5.0,5.0,0.0,1.0,0.0,0.0,0.0058027077,0.0,0,0,1,1,0
14560,0,0,-0.6025948,0.3537503,0,0,unassigned,23.0,15.0,8.0,0.65217394,0.3478261,0.34782606,0.040618956,0.014128333,0,0,1,0,0
14561,-1,1,2.5691917,0.92885226,1,1,unassigned,5.0,5.0,0.0,1.0,0.0,0.0,0.0058027077,0.0,1,0,0,1,1
14562,-1,0,0.09550637,0.5238585,1,1,unassigned,30.0,30.0,0.0,1.0,0.0,0.0,0.054158606,0.0,0,0,0,1,0
14563,-1,0,-0.88259923,0.29263943,0,1,unassigned,44.0,44.0,0.0,1.0,0.0,0.0,0.08123791,0.0,0,0,0,0,0
14564,-1,1,1.1163313,0.7533076,1,1,unassigned,2.0,2.0,0.0,1.0,0.0,0.0,0.0,0.0,1,0,0,1,0
14565,-1,1,-0.55406046,0.36492285,0,1,unassigned,15.0,13.0,2.0,0.8666667,0.13333334,0.13333333,0.025145067,0.0033526758,1,0,0,0,0
14566,1,0,0.55967134,0.6363765,1,0,val,40.0,40.0,0.0,1.0,0.0,0.0,0.07350097,0.0,0,0,1,1,0
14567,-1,0,2.8921535,0.9474572,1,1,unassigned,7.0,7.0,0.0,1.0,0.0,0.0,0.00967118,0.0,0,0,0,1,1
14568,-1,0,-0.48669496,0.38067245,0,1,unassigned,5.0,4.0,1.0,0.8,0.2,0.19999999,0.0058027077,0.0011605415,0,0,0,0,0
14569,-1,0,-0.3674754,0.40915123,0,1,unassigned,76.0,67.0,9.0,0.8815789,0.118421055,0.11842108,0.14313346,0.016950015,0,0,0,0,0
14570,1,0,3.234151,0.9620994,1,0,val,51.0,50.0,1.0,0.98039216,0.019607844,0.019607842,0.09477756,0.0018583836,0,0,1,1,1
14571,-1,0,1.9964125,0.88041985,1,1,unassigned,17.0,17.0,0.0,1.0,0.0,0.0,0.029013539,0.0,0,0,0,1,0
14572,-1,0,0.24833626,0.5617669,1,1,unassigned,49.0,48.0,1.0,0.97959185,0.020408163,0.020408154,0.09090909,0.0018552876,0,0,0,1,0
14573,-1,0,2.0867708,0.8896107,1,1,unassigned,29.0,16.0,13.0,0.55172414,0.44827586,0.44827586,0.05222437,0.023410926,0,0,0,1,0
14574,-1,0,-0.10247666,0.4744032,0,1,unassigned,2.0,2.0,0.0,1.0,0.0,0.0,0.0,0.0,0,0,0,0,0
14575,-1,0,-0.259207,0.43555865,0,1,unassigned,27.0,27.0,0.0,1.0,0.0,0.0,0.0483559,0.0,0,0,0,0,0
14576,-1,0,-0.054385543,0.48640698,0,1,unassigned,12.0,12.0,0.0,1.0,0.0,0.0,0.01934236,0.0,0,0,0,0,0
14577,-1,0,0.78711325,0.68721116,1,1,unassigned,20.0,20.0,0.0,1.0,0.0,0.0,0.034816246,0.0,0,0,0,1,0
14578,-1,0,-0.76133156,0.31835723,0,1,unassigned,37.0,37.0,0.0,1.0,0.0,0.0,0.06769826,0.0,0,0,0,0,0
14579,-1,0,-0.44733238,0.3899952,0,1,unassigned,90.0,88.0,2.0,0.9777778,0.022222223,0.02222222,0.17021276,0.0037825059,0,0,0,0,0
14580,-1,0,-0.68330747,0.33552352,0,1,unassigned,35.0,35.0,0.0,1.0,0.0,0.0,0.06382979,0.0,0,0,0,0,0
14581,-1,0,1.718363,0.84791785,1,1,unassigned,3.0,3.0,0.0,1.0,0.0,0.0,0.001934236,0.0,0,0,0,1,0
14582,0,0,4.7224584,0.9911851,1,1,unassigned,3.0,2.0,1.0,0.6666667,0.33333334,0.3333333,0.001934236,0.00064474536,0,0,0,1,1
14583,-1,0,-0.396599,0.40212974,0,1,unassigned,26.0,26.0,0.0,1.0,0.0,0.0,0.046421662,0.0,0,0,0,0,0
14584,-1,0,-0.87076163,0.29509583,0,1,unassigned,32.0,32.0,0.0,1.0,0.0,0.0,0.058027077,0.0,0,0,0,0,0
14585,0,0,-0.6105243,0.35193962,0,0,unassigned,19.0,19.0,0.0,1.0,0.0,0.0,0.032882012,0.0,0,0,1,0,0
14586,-1,0,5.473335,0.9958203,1,1,unassigned,4.0,4.0,0.0,1.0,0.0,0.0,0.003868472,0.0,0,0,0,1,1
14587,-1,1,-0.5805823,0.3587986,0,1,unassigned,63.0,61.0,2.0,0.96825397,0.031746034,0.03174603,0.11798839,0.0037456634,1,0,0,0,0
14588,1,1,-0.35502306,0.41216484,0,1,unassigned,83.0,75.0,8.0,0.90361446,0.09638554,0.09638554,0.15667312,0.015101023,1,0,0,0,0
14589,-1,1,-0.8644539,0.29640964,0,1,unassigned,65.0,64.0,1.0,0.9846154,0.015384615,0.0153846145,0.12185687,0.001874721,1,0,0,0,0
14590,-1,1,-0.5929045,0.3559687,0,1,unassigned,83.0,82.0,1.0,0.9879518,0.012048192,0.012048185,0.15667312,0.0018876279,1,0,0,0,0
14591,-1,1,-0.75595915,0.31952423,0,1,unassigned,71.0,67.0,4.0,0.943662,0.056338027,0.056338012,0.13346228,0.0075190016,1,0,0,0,0
14592,-1,1,-0.6954832,0.33281443,0,1,unassigned,17.0,17.0,0.0,1.0,0.0,0.0,0.029013539,0.0,1,0,0,0,0
14593,0,0,0.3263092,0.5808611,1,1,val,52.0,52.0,0.0,1.0,0.0,0.0,0.0967118,0.0,0,0,0,1,0
14594,-1,0,4.0571313,0.98299557,1,1,unassigned,2.0,2.0,0.0,1.0,0.0,0.0,0.0,0.0,0,0,0,1,1
14595,-1,1,3.2381546,0.96224517,1,1,unassigned,3.0,3.0,0.0,1.0,0.0,0.0,0.001934236,0.0,1,0,0,1,1
14596,-1,0,-0.5051912,0.3763215,0,1,unassigned,40.0,40.0,0.0,1.0,0.0,0.0,0.07350097,0.0,0,0,0,0,0
14597,1,0,0.33941674,0.5840488,1,0,unassigned,22.0,20.0,2.0,0.90909094,0.09090909,0.090909064,0.03868472,0.0035167928,0,0,1,1,0
14598,-1,0,-0.817804,0.30623,0,1,unassigned,6.0,6.0,0.0,1.0,0.0,0.0,0.007736944,0.0,0,0,0,0,0
14599,-1,1,-0.29940268,0.4257035,0,1,unassigned,21.0,20.0,1.0,0.95238096,0.04761905,0.047619045,0.036750484,0.0017500231,1,0,0,0,0
14600,-1,1,0.13570291,0.53387374,1,1,unassigned,24.0,22.0,2.0,0.9166667,0.083333336,0.08333331,0.04255319,0.0035460992,1,0,0,1,0
14601,-1,1,-0.38012594,0.40609655,0,1,unassigned,34.0,30.0,4.0,0.88235295,0.11764706,0.11764705,0.061895553,0.0072818296,1,0,0,0,0
14602,-1,1,-0.106307745,0.47344807,0,1,unassigned,16.0,16.0,0.0,1.0,0.0,0.0,0.027079303,0.0,1,0,0,0,0
14603,-1,0,2.0836647,0.8893053,1,1,unassigned,3.0,3.0,0.0,1.0,0.0,0.0,0.001934236,0.0,0,0,0,1,0
14604,-1,0,2.8412712,0.94486576,1,1,unassigned,2.0,1.0,1.0,0.5,0.5,0.5,0.0,0.0,0,0,0,1,1
14605,1,0,2.9094043,0.94830936,1,0,unassigned,4.0,4.0,0.0,1.0,0.0,0.0,0.003868472,0.0,0,0,1,1,1
14606,-1,0,-0.6478487,0.34347445,0,1,unassigned,30.0,29.0,1.0,0.96666664,0.033333335,0.03333336,0.054158606,0.001805287,0,0,0,0,0
14607,-1,0,1.3293731,0.790737,1,1,unassigned,6.0,6.0,0.0,1.0,0.0,0.0,0.007736944,0.0,0,0,0,1,0
14608,-1,0,-0.52057475,0.37271783,0,1,unassigned,10.0,10.0,0.0,1.0,0.0,0.0,0.015473888,0.0,0,0,0,0,0
14609,-1,1,-0.8555412,0.29827175,0,1,unassigned,48.0,44.0,4.0,0.9166667,0.083333336,0.08333331,0.088974856,0.0074145715,1,0,0,0,0
14610,-1,0,-0.76506644,0.3175473,0,1,unassigned,58.0,56.0,2.0,0.9655172,0.03448276,0.034482777,0.10831721,0.0037350762,0,0,0,0,0
14611,-1,0,2.0571516,0.88666826,1,1,unassigned,6.0,6.0,0.0,1.0,0.0,0.0,0.007736944,0.0,0,0,0,1,0
14612,-1,0,1.5563555,0.8258298,1,1,unassigned,18.0,18.0,0.0,1.0,0.0,0.0,0.030947777,0.0,0,0,0,1,0
14613,-1,0,-0.5759399,0.3598674,0,1,unassigned,22.0,21.0,1.0,0.95454544,0.045454547,0.04545456,0.03868472,0.0017583964,0,0,0,0,0
14614,0,0,-0.11004409,0.47251672,0,0,unassigned,16.0,15.0,1.0,0.9375,0.0625,0.0625,0.027079303,0.0016924564,0,0,1,0,0
14615,1,0,10.575008,0.9999745,1,0,unassigned,36.0,29.0,7.0,0.8055556,0.19444445,0.19444442,0.065764025,0.012787449,0,0,1,1,1
14616,-1,0,-0.5627601,0.36290905,0,1,unassigned,21.0,21.0,0.0,1.0,0.0,0.0,0.036750484,0.0,0,0,0,0,0
14617,-1,1,4.0425944,0.98275083,1,1,unassigned,9.0,5.0,4.0,0.5555556,0.44444445,0.44444442,0.013539651,0.006017623,1,0,0,1,1
14618,-1,1,0.35056275,0.5867541,1,1,unassigned,78.0,76.0,2.0,0.974359,0.025641026,0.025641024,0.14700194,0.0037692804,1,0,0,1,0
14619,-1,1,-0.7651546,0.3175282,0,1,unassigned,105.0,101.0,4.0,0.96190476,0.03809524,0.038095236,0.1992263,0.007589574,1,0,0,0,0
14620,-1,0,2.5527232,0.92775625,1,1,unassigned,4.0,4.0,0.0,1.0,0.0,0.0,0.003868472,0.0,0,0,0,1,1
14621,-1,0,-0.83022034,0.30359846,0,1,unassigned,45.0,45.0,0.0,1.0,0.0,0.0,0.08317215,0.0,0,0,0,0,0
14622,-1,0,-0.7763551,0.31510597,0,1,unassigned,109.0,108.0,1.0,0.9908257,0.0091743115,0.009174287,0.20696326,0.0018987454,0,0,0,0,0
14623,-1,0,-0.8487569,0.2996937,0,1,unassigned,22.0,21.0,1.0,0.95454544,0.045454547,0.04545456,0.03868472,0.0017583964,0,0,0,0,0
14624,-1,1,-0.56936693,0.3613829,0,1,unassigned,73.0,69.0,4.0,0.94520545,0.05479452,0.05479455,0.13733076,0.007524973,1,0,0,0,0
14625,-1,0,-0.8174414,0.30630708,0,1,unassigned,48.0,48.0,0.0,1.0,0.0,0.0,0.088974856,0.0,0,0,0,0,0
14626,0,1,-0.90064394,0.28891817,0,0,unassigned,78.0,75.0,3.0,0.96153843,0.03846154,0.038461566,0.14700194,0.005653921,1,0,1,0,0
14627,0,0,-0.76734924,0.31705278,0,0,train,88.0,88.0,0.0,1.0,0.0,0.0,0.1663443,0.0,0,0,1,0,0
14628,-1,0,-0.7029202,0.3311651,0,1,unassigned,38.0,37.0,1.0,0.9736842,0.02631579,0.026315808,0.06963249,0.0018324341,0,0,0,0,0
14629,-1,0,-0.79912245,0.31021327,0,1,unassigned,24.0,24.0,0.0,1.0,0.0,0.0,0.04255319,0.0,0,0,0,0,0
14630,-1,0,-0.4176364,0.39708248,0,1,unassigned,76.0,75.0,1.0,0.9868421,0.013157895,0.013157904,0.14313346,0.0018833351,0,0,0,0,0
14631,-1,1,-0.53435177,0.36950248,0,1,unassigned,57.0,54.0,3.0,0.94736844,0.05263158,0.052631557,0.10638298,0.0055991043,1,0,0,0,0
14632,-1,1,-0.2955394,0.42664826,0,1,unassigned,39.0,37.0,2.0,0.94871795,0.051282052,0.05128205,0.07156673,0.0036700887,1,0,0,0,0
14633,0,0,-0.51670474,0.3736231,0,0,test,41.0,1.0,40.0,0.024390243,0.9756098,0.9756098,0.07543521,0.07359532,0,0,1,0,0
14634,-1,0,-0.60482067,0.3532416,0,1,unassigned,26.0,22.0,4.0,0.84615386,0.15384616,0.15384614,0.046421662,0.0071417945,0,0,0,0,0
14635,-1,1,1.9952805,0.8803007,1,1,unassigned,15.0,15.0,0.0,1.0,0.0,0.0,0.025145067,0.0,1,0,0,1,0
14636,-1,1,1.4941237,0.8166964,1,1,unassigned,93.0,86.0,7.0,0.9247312,0.07526882,0.075268805,0.17601547,0.013248476,1,0,0,1,0
14637,-1,1,5.255343,0.99480754,1,1,unassigned,24.0,20.0,4.0,0.8333333,0.16666667,0.16666669,0.04255319,0.0070921984,1,0,0,1,1
14638,-1,1,1.9428873,0.87466896,1,1,unassigned,5.0,4.0,1.0,0.8,0.2,0.19999999,0.0058027077,0.0011605415,1,0,0,1,0
14639,0,1,-0.7022656,0.3313101,0,0,unassigned,6.0,6.0,0.0,1.0,0.0,0.0,0.007736944,0.0,1,0,1,0,0
14640,-1,1,-0.376226,0.4070375,0,1,unassigned,8.0,8.0,0.0,1.0,0.0,0.0,0.0116054155,0.0,1,0,0,0,0
14641,-1,0,-0.2727777,0.43222532,0,1,unassigned,20.0,20.0,0.0,1.0,0.0,0.0,0.034816246,0.0,0,0,0,0,0
14642,-1,0,1.9484036,0.8752725,1,1,unassigned,52.0,50.0,2.0,0.96153843,0.03846154,0.038461566,0.0967118,0.0037196847,0,0,0,1,0
14643,-1,0,0.21457797,0.5534396,1,1,unassigned,56.0,56.0,0.0,1.0,0.0,0.0,0.10444874,0.0,0,0,0,1,0
14644,-1,1,-0.29118505,0.42771375,0,1,unassigned,16.0,16.0,0.0,1.0,0.0,0.0,0.027079303,0.0,1,0,0,0,0
14645,-1,1,-0.2783306,0.43086308,0,1,unassigned,22.0,21.0,1.0,0.95454544,0.045454547,0.04545456,0.03868472,0.0017583964,1,0,0,0,0
14646,-1,1,-0.2701871,0.43286112,0,1,unassigned,16.0,15.0,1.0,0.9375,0.0625,0.0625,0.027079303,0.0016924564,1,0,0,0,0
14647,-1,0,-0.9574454,0.27738997,0,1,unassigned,24.0,24.0,0.0,1.0,0.0,0.0,0.04255319,0.0,0,0,0,0,0
14648,-1,1,4.3004813,0.9866194,1,1,unassigned,7.0,7.0,0.0,1.0,0.0,0.0,0.00967118,0.0,1,0,0,1,1
14649,1,0,1.1142559,0.7529217,1,0,test,3.0,3.0,0.0,1.0,0.0,0.0,0.001934236,0.0,0,0,1,1,0
14650,-1,0,-0.88369215,0.29241323,0,1,unassigned,56.0,54.0,2.0,0.96428573,0.035714287,0.03571427,0.10444874,0.0037303125,0,0,0,0,0
14651,-1,0,-0.26386696,0.43441337,0,1,unassigned,16.0,16.0,0.0,1.0,0.0,0.0,0.027079303,0.0,0,0,0,0,0
14652,-1,0,4.5537453,0.98958194,1,1,unassigned,2.0,2.0,0.0,1.0,0.0,0.0,0.0,0.0,0,0,0,1,1
14653,-1,0,1.2271631,0.7733216,1,1,unassigned,35.0,35.0,0.0,1.0,0.0,0.0,0.06382979,0.0,0,0,0,1,0
14654,-1,0,-0.3406969,0.41564018,0,1,unassigned,65.0,63.0,2.0,0.9692308,0.03076923,0.030769229,0.12185687,0.003749442,0,0,0,0,0
14655,-1,0,0.03368759,0.5084211,1,1,unassigned,63.0,62.0,1.0,0.984127,0.015873017,0.015873015,0.11798839,0.0018728317,0,0,0,1,0
14656,-1,0,-0.672434,0.33795205,0,1,unassigned,27.0,27.0,0.0,1.0,0.0,0.0,0.0483559,0.0,0,0,0,0,0
14657,1,0,0.39714736,0.5980021,1,0,unassigned,67.0,66.0,1.0,0.98507464,0.014925373,0.014925361,0.12572534,0.0018764976,0,0,1,1,0
14658,-1,0,-0.896259,0.28981987,0,1,unassigned,86.0,85.0,1.0,0.9883721,0.011627907,0.0116279125,0.16247582,0.0018892537,0,0,0,0,0
14659,-1,1,0.6676565,0.6609782,1,1,unassigned,71.0,68.0,3.0,0.9577465,0.04225352,0.042253494,0.13346228,0.0056392513,1,0,0,1,0
14660,-1,1,1.5464299,0.8243975,1,1,unassigned,13.0,10.0,3.0,0.7692308,0.23076923,0.23076922,0.021276595,0.0049099834,1,0,0,1,0
14661,-1,0,0.5412584,0.6321051,1,1,unassigned,11.0,6.0,5.0,0.54545456,0.45454547,0.45454544,0.017408123,0.007912784,0,0,0,1,0
14662,-1,0,-0.7936891,0.3113771,0,1,unassigned,77.0,75.0,2.0,0.97402596,0.025974026,0.025974035,0.14506769,0.003767992,0,0,0,0,0
14663,-1,0,1.4752817,0.81385887,1,1,unassigned,5.0,5.0,0.0,1.0,0.0,0.0,0.0058027077,0.0,0,0,0,1,0
14664,0,0,-0.28814384,0.42845836,0,0,unassigned,14.0,14.0,0.0,1.0,0.0,0.0,0.023210831,0.0,0,0,1,0,0
14665,0,1,-0.83684677,0.3021993,0,0,unassigned,18.0,18.0,0.0,1.0,0.0,0.0,0.030947777,0.0,1,0,1,0,0
14666,-1,0,-0.9439535,0.28010243,0,1,unassigned,52.0,52.0,0.0,1.0,0.0,0.0,0.0967118,0.0,0,0,0,0,0
14667,-1,0,0.7907379,0.6879897,1,1,unassigned,2.0,2.0,0.0,1.0,0.0,0.0,0.0,0.0,0,0,0,1,0
14668,-1,0,1.9453657,0.87494045,1,1,unassigned,27.0,27.0,0.0,1.0,0.0,0.0,0.0483559,0.0,0,0,0,1,0
14669,-1,0,1.8969686,0.869548,1,1,unassigned,14.0,13.0,1.0,0.9285714,0.071428575,0.0714286,0.023210831,0.0016579166,0,0,0,1,0
14670,-1,0,-0.89788735,0.28948483,0,1,unassigned,96.0,96.0,0.0,1.0,0.0,0.0,0.18181819,0.0,0,0,0,0,0
14671,1,0,-0.4738321,0.38370964,0,1,unassigned,16.0,16.0,0.0,1.0,0.0,0.0,0.027079303,0.0,0,0,0,0,0
14672,-1,0,2.3868148,0.9158163,1,1,unassigned,7.0,7.0,0.0,1.0,0.0,0.0,0.00967118,0.0,0,0,0,1,1
14673,1,1,-0.80870426,0.30816668,0,1,val,13.0,12.0,1.0,0.9230769,0.07692308,0.07692307,0.021276595,0.0016366612,1,0,0,0,0
14674,-1,0,0.039717257,0.509928,1,1,unassigned,23.0,22.0,1.0,0.95652175,0.04347826,0.04347825,0.040618956,0.0017660416,0,0,0,1,0
14675,-1,1,2.925333,0.94908464,1,1,unassigned,2.0,2.0,0.0,1.0,0.0,0.0,0.0,0.0,1,0,0,1,1
14676,-1,1,-0.118147135,0.47049755,0,1,unassigned,46.0,46.0,0.0,1.0,0.0,0.0,0.08510638,0.0,1,0,0,0,0
14677,-1,1,-0.56708926,0.36190873,0,1,unassigned,30.0,30.0,0.0,1.0,0.0,0.0,0.054158606,0.0,1,0,0,0,0
14678,0,1,-0.6705572,0.33837208,0,0,test,52.0,51.0,1.0,0.9807692,0.01923077,0.019230783,0.0967118,0.0018598423,1,0,1,0,0
14679,-1,0,-0.18665019,0.4534725,0,1,unassigned,78.0,4.0,74.0,0.051282052,0.94871795,0.94871795,0.14700194,0.13946338,0,0,0,0,0
14680,-1,0,-0.6922493,0.33353287,0,1,unassigned,13.0,13.0,0.0,1.0,0.0,0.0,0.021276595,0.0,0,0,0,0,0
14681,-1,1,-0.53463525,0.36943644,0,1,unassigned,86.0,81.0,5.0,0.94186044,0.058139537,0.058139563,0.16247582,0.009446269,1,0,0,0,0
14682,-1,1,-0.8183954,0.30610436,0,1,unassigned,76.0,75.0,1.0,0.9868421,0.013157895,0.013157904,0.14313346,0.0018833351,1,0,0,0,0
14683,-1,1,-0.85468256,0.2984515,0,1,unassigned,15.0,15.0,0.0,1.0,0.0,0.0,0.025145067,0.0,1,0,0,0,0
14684,-1,1,-0.88305753,0.2925446,0,1,unassigned,86.0,85.0,1.0,0.9883721,0.011627907,0.0116279125,0.16247582,0.0018892537,1,0,0,0,0
14685,-1,1,-0.53141534,0.37018684,0,1,unassigned,108.0,100.0,8.0,0.9259259,0.074074075,0.07407409,0.20502901,0.015187334,1,0,0,0,0
14686,-1,0,1.420454,0.80540955,1,1,unassigned,51.0,50.0,1.0,0.98039216,0.019607844,0.019607842,0.09477756,0.0018583836,0,0,0,1,0
14687,-1,0,-0.3769861,0.406854,0,1,unassigned,51.0,50.0,1.0,0.98039216,0.019607844,0.019607842,0.09477756,0.0018583836,0,0,0,0,0
14688,-1,1,-0.95043105,0.27879813,0,1,unassigned,34.0,34.0,0.0,1.0,0.0,0.0,0.061895553,0.0,1,0,0,0,0
14689,-1,0,-0.8504079,0.29934728,0,1,unassigned,76.0,76.0,0.0,1.0,0.0,0.0,0.14313346,0.0,0,0,0,0,0
14690,-1,0,-0.9322262,0.2824733,0,1,unassigned,43.0,43.0,0.0,1.0,0.0,0.0,0.079303674,0.0,0,0,0,0,0
14691,0,0,-0.5064156,0.37603417,0,0,unassigned,36.0,36.0,0.0,1.0,0.0,0.0,0.065764025,0.0,0,0,1,0,0
14692,-1,0,-0.7997218,0.31008503,0,1,unassigned,43.0,43.0,0.0,1.0,0.0,0.0,0.079303674,0.0,0,0,0,0,0
14693,-1,0,0.27457553,0.56821585,1,1,unassigned,32.0,32.0,0.0,1.0,0.0,0.0,0.058027077,0.0,0,0,0,1,0
14694,-1,0,0.34860402,0.58627903,1,1,unassigned,16.0,16.0,0.0,1.0,0.0,0.0,0.027079303,0.0,0,0,0,1,0
14695,-1,0,-0.36757317,0.4091276,0,1,unassigned,55.0,55.0,0.0,1.0,0.0,0.0,0.102514505,0.0,0,0,0,0,0
14696,0,0,-0.8408203,0.30136204,0,0,unassigned,66.0,65.0,1.0,0.9848485,0.015151516,0.015151501,0.123791106,0.0018756229,0,0,1,0,0
14697,-1,0,-0.85874164,0.29760233,0,1,unassigned,29.0,29.0,0.0,1.0,0.0,0.0,0.05222437,0.0,0,0,0,0,0
14698,-1,0,-0.7993755,0.31015915,0,1,unassigned,61.0,60.0,1.0,0.9836066,0.016393442,0.016393423,0.114119925,0.0018708183,0,0,0,0,0
14699,-1,0,-0.83534795,0.30251548,0,1,unassigned,51.0,51.0,0.0,1.0,0.0,0.0,0.09477756,0.0,0,0,0,0,0
14700,-1,0,-0.031107068,0.49222386,0,1,unassigned,5.0,5.0,0.0,1.0,0.0,0.0,0.0058027077,0.0,0,0,0,0,0
14701,-1,0,-0.38697308,0.40444615,0,1,unassigned,18.0,18.0,0.0,1.0,0.0,0.0,0.030947777,0.0,0,0,0,0,0
14702,-1,0,-0.14047307,0.46493936,0,1,unassigned,3.0,3.0,0.0,1.0,0.0,0.0,0.001934236,0.0,0,0,0,0,0
14703,0,1,0.30480063,0.57561564,1,1,unassigned,47.0,33.0,14.0,0.70212764,0.29787233,0.29787236,0.08704062,0.025926992,1,0,0,1,0
14704,-1,1,-0.33295095,0.4175228,0,1,unassigned,68.0,60.0,8.0,0.88235295,0.11764706,0.11764705,0.12765957,0.015018773,1,0,0,0,0
14705,-1,0,-0.378897,0.406393,0,1,unassigned,13.0,13.0,0.0,1.0,0.0,0.0,0.021276595,0.0,0,0,0,0,0
14706,-1,0,-0.2963774,0.42644325,0,1,unassigned,12.0,12.0,0.0,1.0,0.0,0.0,0.01934236,0.0,0,0,0,0,0
14707,-1,1,0.3566169,0.58822125,1,1,unassigned,9.0,8.0,1.0,0.8888889,0.11111111,0.111111104,0.013539651,0.0015044058,1,0,0,1,0
14708,-1,0,-0.47795725,0.3827346,0,1,unassigned,35.0,35.0,0.0,1.0,0.0,0.0,0.06382979,0.0,0,0,0,0,0
14709,-1,0,8.232506,0.9997342,1,1,unassigned,6.0,6.0,0.0,1.0,0.0,0.0,0.007736944,0.0,0,0,0,1,1
14710,-1,0,0.19706935,0.5491085,1,1,unassigned,20.0,20.0,0.0,1.0,0.0,0.0,0.034816246,0.0,0,0,0,1,0
14711,-1,0,3.5335114,0.97162634,1,1,unassigned,3.0,3.0,0.0,1.0,0.0,0.0,0.001934236,0.0,0,0,0,1,1
14712,-1,0,4.5127673,0.9891509,1,1,unassigned,38.0,38.0,0.0,1.0,0.0,0.0,0.06963249,0.0,0,0,0,1,1
14713,-1,0,1.7026896,0.8458857,1,1,unassigned,2.0,2.0,0.0,1.0,0.0,0.0,0.0,0.0,0,0,0,1,0
14714,-1,0,-0.8339113,0.30281866,0,1,unassigned,29.0,28.0,1.0,0.9655172,0.03448276,0.034482777,0.05222437,0.0018008404,0,0,0,0,0
14715,-1,0,-0.5573907,0.36415142,0,1,unassigned,87.0,87.0,0.0,1.0,0.0,0.0,0.16441005,0.0,0,0,0,0,0
14716,-1,0,11.684409,0.99999154,1,1,unassigned,5.0,5.0,0.0,1.0,0.0,0.0,0.0058027077,0.0,0,0,0,1,1
14717,-1,0,-0.648461,0.34333643,0,1,unassigned,32.0,32.0,0.0,1.0,0.0,0.0,0.058027077,0.0,0,0,0,0,0
14718,-1,0,0.32067996,0.57948995,1,1,unassigned,9.0,9.0,0.0,1.0,0.0,0.0,0.013539651,0.0,0,0,0,1,0
14719,-1,0,8.189051,0.9997224,1,1,unassigned,8.0,7.0,1.0,0.875,0.125,0.125,0.0116054155,0.0014506769,0,0,0,1,1
14720,-1,1,0.23647517,0.5588448,1,1,unassigned,2.0,2.0,0.0,1.0,0.0,0.0,0.0,0.0,1,0,0,1,0
14721,-1,0,0.23912054,0.55949694,1,1,unassigned,2.0,2.0,0.0,1.0,0.0,0.0,0.0,0.0,0,0,0,1,0
14722,-1,0,-0.8121886,0.3074243,0,1,unassigned,48.0,47.0,1.0,0.9791667,0.020833334,0.020833313,0.088974856,0.0018536429,0,0,0,0,0
14723,-1,0,3.8715994,0.97959983,1,1,unassigned,3.0,3.0,0.0,1.0,0.0,0.0,0.001934236,0.0,0,0,0,1,1
14724,-1,0,-0.74264276,0.32242653,0,1,unassigned,33.0,33.0,0.0,1.0,0.0,0.0,0.059961315,0.0,0,0,0,0,0
14725,-1,0,-0.811612,0.3075471,0,1,unassigned,58.0,55.0,3.0,0.94827586,0.05172414,0.051724136,0.10831721,0.0056026145,0,0,0,0,0
14726,-1,0,-0.7864795,0.3129251,0,1,unassigned,14.0,14.0,0.0,1.0,0.0,0.0,0.023210831,0.0,0,0,0,0,0
14727,-1,0,-0.4244297,0.39545724,0,1,unassigned,30.0,29.0,1.0,0.96666664,0.033333335,0.03333336,0.054158606,0.001805287,0,0,0,0,0
14728,-1,0,-0.8023554,0.30952188,0,1,unassigned,75.0,75.0,0.0,1.0,0.0,0.0,0.14119923,0.0,0,0,0,0,0
14729,-1,0,-0.78942907,0.31229126,0,1,unassigned,103.0,103.0,0.0,1.0,0.0,0.0,0.19535783,0.0,0,0,0,0,0
14730,-1,0,-0.8225577,0.305221,0,1,unassigned,35.0,35.0,0.0,1.0,0.0,0.0,0.06382979,0.0,0,0,0,0,0
14731,-1,0,-0.079512775,0.48013228,0,1,unassigned,80.0,80.0,0.0,1.0,0.0,0.0,0.15087041,0.0,0,0,0,0,0
14732,-1,0,-0.6009348,0.35412985,0,1,unassigned,58.0,58.0,0.0,1.0,0.0,0.0,0.10831721,0.0,0,0,0,0,0
14733,-1,0,-0.4603283,0.38690794,0,1,unassigned,75.0,75.0,0.0,1.0,0.0,0.0,0.14119923,0.0,0,0,0,0,0
14734,-1,0,-0.15314382,0.4617887,0,1,unassigned,4.0,4.0,0.0,1.0,0.0,0.0,0.003868472,0.0,0,0,0,0,0
14735,-1,0,-0.3705991,0.40839627,0,1,unassigned,13.0,13.0,0.0,1.0,0.0,0.0,0.021276595,0.0,0,0,0,0,0
14736,-1,0,-0.10895729,0.4727876,0,1,unassigned,77.0,74.0,3.0,0.96103895,0.038961038,0.038961053,0.14506769,0.0056519876,0,0,0,0,0
14737,-1,0,-0.70888656,0.32984492,0,1,unassigned,121.0,121.0,0.0,1.0,0.0,0.0,0.23017408,0.0,0,0,0,0,0
14738,-1,0,-0.6846705,0.3352197,0,1,unassigned,47.0,47.0,0.0,1.0,0.0,0.0,0.08704062,0.0,0,0,0,0,0
14739,-1,0,2.0535662,0.8863075,1,1,unassigned,18.0,12.0,6.0,0.6666667,0.33333334,0.3333333,0.030947777,0.010315926,0,0,0,1,0
14740,-1,1,5.1109853,0.99400604,1,1,unassigned,11.0,10.0,1.0,0.90909094,0.09090909,0.090909064,0.017408123,0.0015825568,1,0,0,1,1
14741,-1,0,0.03999293,0.5099969,1,1,unassigned,33.0,31.0,2.0,0.93939394,0.060606062,0.060606062,0.059961315,0.0036340193,0,0,0,1,0
14742,0,0,-0.87253034,0.29472807,0,0,val,28.0,27.0,1.0,0.96428573,0.035714287,0.03571427,0.050290134,0.0017960763,0,0,1,0,0
14743,-1,0,-0.37185162,0.4080937,0,1,unassigned,35.0,32.0,3.0,0.9142857,0.08571429,0.08571428,0.06382979,0.005471125,0,0,0,0,0
14744,-1,1,-0.45476505,0.38822842,0,1,unassigned,33.0,29.0,4.0,0.8787879,0.121212125,0.121212125,0.059961315,0.0072680386,1,0,0,0,0
14745,1,0,-0.844783,0.30052838,0,1,test,72.0,70.0,2.0,0.9722222,0.027777778,0.027777791,0.13539653,0.0037610147,0,0,0,0,0
14746,1,0,2.0716746,0.88811946,1,0,val,4.0,4.0,0.0,1.0,0.0,0.0,0.003868472,0.0,0,0,1,1,0
14747,1,0,-0.21744907,0.44585094,0,1,unassigned,8.0,8.0,0.0,1.0,0.0,0.0,0.0116054155,0.0,0,0,0,0,0
14748,-1,0,-0.46398124,0.3860418,0,1,unassigned,26.0,26.0,0.0,1.0,0.0,0.0,0.046421662,0.0,0,0,0,0,0
14749,-1,0,-0.82266086,0.30519912,0,1,unassigned,85.0,84.0,1.0,0.9882353,0.011764706,0.011764705,0.16054158,0.0018887245,0,0,0,0,0
14750,1,0,-0.7662925,0.31728166,0,1,unassigned,69.0,68.0,1.0,0.98550725,0.014492754,0.01449275,0.1295938,0.0018781711,0,0,0,0,0
14751,-1,0,-0.3086866,0.42343533,0,1,unassigned,5.0,5.0,0.0,1.0,0.0,0.0,0.0058027077,0.0,0,0,0,0,0
14752,-1,0,-0.2224341,0.44461963,0,1,unassigned,16.0,16.0,0.0,1.0,0.0,0.0,0.027079303,0.0,0,0,0,0,0
14753,-1,0,-0.6826143,0.33567804,0,1,unassigned,63.0,61.0,2.0,0.96825397,0.031746034,0.03174603,0.11798839,0.0037456634,0,0,0,0,0
14754,1,0,0.35854656,0.58868855,1,0,unassigned,28.0,26.0,2.0,0.9285714,0.071428575,0.0714286,0.050290134,0.0035921526,0,0,1,1,0
14755,-1,0,-0.7269349,0.3258677,0,1,unassigned,38.0,35.0,3.0,0.92105263,0.078947365,0.078947365,0.06963249,0.005497302,0,0,0,0,0
14756,-1,0,-0.9901016,0.27089202,0,1,unassigned,35.0,35.0,0.0,1.0,0.0,0.0,0.06382979,0.0,0,0,0,0,0
14757,-1,0,0.070457816,0.51760715,1,1,unassigned,10.0,10.0,0.0,1.0,0.0,0.0,0.015473888,0.0,0,0,0,1,0
14758,-1,0,-0.6007864,0.3541638,0,1,unassigned,35.0,35.0,0.0,1.0,0.0,0.0,0.06382979,0.0,0,0,0,0,0
14759,-1,0,-0.8954967,0.28997678,0,1,unassigned,43.0,43.0,0.0,1.0,0.0,0.0,0.079303674,0.0,0,0,0,0,0
14760,-1,0,0.20645362,0.5514309,1,1,unassigned,29.0,29.0,0.0,1.0,0.0,0.0,0.05222437,0.0,0,0,0,1,0
14761,-1,0,-0.8234691,0.30502775,0,1,unassigned,31.0,30.0,1.0,0.9677419,0.032258064,0.032258093,0.056092843,0.0018094465,0,0,0,0,0
14762,-1,1,6.6591964,0.99871945,1,1,unassigned,17.0,13.0,4.0,0.7647059,0.23529412,0.2352941,0.029013539,0.006826715,1,0,0,1,1
14763,-1,0,-0.98078704,0.27273563,0,1,unassigned,45.0,45.0,0.0,1.0,0.0,0.0,0.08317215,0.0,0,0,0,0,0
14764,-1,1,5.767275,0.9968815,1,1,unassigned,3.0,2.0,1.0,0.6666667,0.33333334,0.3333333,0.001934236,0.00064474536,1,0,0,1,1
14765,-1,1,1.9523902,0.87570703,1,1,unassigned,10.0,8.0,2.0,0.8,0.2,0.19999999,0.015473888,0.0030947777,1,0,0,1,0
14766,0,0,-0.3082041,0.42355317,0,0,unassigned,24.0,24.0,0.0,1.0,0.0,0.0,0.04255319,0.0,0,0,1,0,0
14767,-1,0,5.460299,0.9957657,1,1,unassigned,19.0,16.0,3.0,0.84210527,0.15789473,0.15789473,0.032882012,0.0051918966,0,0,0,1,1
14768,-1,0,0.06509787,0.51626873,1,1,unassigned,15.0,14.0,1.0,0.93333334,0.06666667,0.06666666,0.025145067,0.0016763379,0,0,0,1,0
14769,-1,0,2.7827706,0.94173765,1,1,unassigned,3.0,3.0,0.0,1.0,0.0,0.0,0.001934236,0.0,0,0,0,1,1
14770,-1,0,0.087800324,0.521936,1,1,unassigned,32.0,30.0,2.0,0.9375,0.0625,0.0625,0.058027077,0.0036266923,0,0,0,1,0
14771,-1,0,-0.26095188,0.4351297,0,1,unassigned,14.0,14.0,0.0,1.0,0.0,0.0,0.023210831,0.0,0,0,0,0,0
14772,-1,1,2.8344142,0.9445075,1,1,unassigned,4.0,4.0,0.0,1.0,0.0,0.0,0.003868472,0.0,1,0,0,1,1
14773,1,0,1.2668505,0.7802031,1,0,val,4.0,4.0,0.0,1.0,0.0,0.0,0.003868472,0.0,0,0,1,1,0
14774,-1,0,-0.7232722,0.32667282,0,1,unassigned,113.0,112.0,1.0,0.99115044,0.0088495575,0.008849561,0.21470019,0.0019000017,0,0,0,0,0
14775,-1,0,-0.73566616,0.32395256,0,1,unassigned,133.0,131.0,2.0,0.9849624,0.015037594,0.015037596,0.25338492,0.0038102996,0,0,0,0,0
14776,-1,0,-0.79799366,0.31045485,0,1,unassigned,104.0,102.0,2.0,0.9807692,0.01923077,0.019230783,0.19729207,0.0037940785,0,0,0,0,0
14777,-1,0,-0.5892414,0.35680893,0,1,unassigned,158.0,158.0,0.0,1.0,0.0,0.0,0.30174083,0.0,0,0,0,0,0
14778,0,0,-0.58784974,0.35712835,0,0,unassigned,15.0,15.0,0.0,1.0,0.0,0.0,0.025145067,0.0,0,0,1,0,0
14779,1,1,0.23328274,0.5580576,1,0,train,17.0,13.0,4.0,0.7647059,0.23529412,0.2352941,0.029013539,0.006826715,1,0,1,1,0
14780,-1,0,7.0974216,0.99917346,1,1,unassigned,13.0,13.0,0.0,1.0,0.0,0.0,0.021276595,0.0,0,0,0,1,1
14781,-1,0,-0.23101199,0.44250247,0,1,unassigned,49.0,48.0,1.0,0.97959185,0.020408163,0.020408154,0.09090909,0.0018552876,0,0,0,0,0
14782,-1,0,-0.8474417,0.2999698,0,1,unassigned,57.0,56.0,1.0,0.98245615,0.01754386,0.017543852,0.10638298,0.0018663681,0,0,0,0,0
14783,-1,1,0.06779981,0.51694345,1,1,unassigned,10.0,9.0,1.0,0.9,0.1,0.100000024,0.015473888,0.0015473888,1,0,0,1,0
14784,-1,0,-0.33416075,0.4172286,0,1,unassigned,5.0,5.0,0.0,1.0,0.0,0.0,0.0058027077,0.0,0,0,0,0,0
14785,-1,1,5.224235,0.9946444,1,1,unassigned,5.0,4.0,1.0,0.8,0.2,0.19999999,0.0058027077,0.0011605415,1,0,0,1,1
14786,-1,1,2.5685546,0.92881024,1,1,unassigned,6.0,3.0,3.0,0.5,0.5,0.5,0.007736944,0.003868472,1,0,0,1,1
14787,-1,0,-0.18331906,0.45429814,0,1,unassigned,3.0,3.0,0.0,1.0,0.0,0.0,0.001934236,0.0,0,0,0,0,0
14788,-1,0,2.9242382,0.9490317,1,1,unassigned,21.0,21.0,0.0,1.0,0.0,0.0,0.036750484,0.0,0,0,0,1,1
14789,-1,0,2.3690603,0.9144374,1,1,unassigned,24.0,24.0,0.0,1.0,0.0,0.0,0.04255319,0.0,0,0,0,1,1
14790,-1,0,5.9194064,0.9973205,1,1,unassigned,116.0,99.0,17.0,0.8534483,0.14655173,0.14655173,0.2205029,0.03231508,0,0,0,1,1
14791,-1,0,1.7699025,0.8544455,1,1,unassigned,8.0,8.0,0.0,1.0,0.0,0.0,0.0116054155,0.0,0,0,0,1,0
14792,-1,0,0.99037534,0.72916204,1,1,unassigned,49.0,48.0,1.0,0.97959185,0.020408163,0.020408154,0.09090909,0.0018552876,0,0,0,1,0
14793,-1,0,2.2927425,0.9082742,1,1,unassigned,42.0,24.0,18.0,0.5714286,0.42857143,0.4285714,0.07736944,0.033158332,0,0,0,1,1
14794,-1,0,-0.32066637,0.4205134,0,1,unassigned,2.0,2.0,0.0,1.0,0.0,0.0,0.0,0.0,0,0,0,0,0
14795,1,0,-0.85304904,0.29879364,0,1,unassigned,59.0,59.0,0.0,1.0,0.0,0.0,0.11025145,0.0,0,0,0,0,0
14796,-1,0,-0.8481678,0.29981735,0,1,unassigned,35.0,35.0,0.0,1.0,0.0,0.0,0.06382979,0.0,0,0,0,0,0
14797,-1,0,0.84320134,0.699139,1,1,unassigned,16.0,16.0,0.0,1.0,0.0,0.0,0.027079303,0.0,0,0,0,1,0
14798,-1,0,0.7566293,0.6806215,1,1,unassigned,18.0,13.0,5.0,0.7222222,0.2777778,0.2777778,0.030947777,0.008596605,0,0,0,1,0
14799,-1,0,0.56993645,0.6387485,1,1,unassigned,6.0,6.0,0.0,1.0,0.0,0.0,0.007736944,0.0,0,0,0,1,0
14800,-1,1,-0.60374415,0.35348758,0,1,unassigned,62.0,62.0,0.0,1.0,0.0,0.0,0.116054155,0.0,1,0,0,0,0
14801,-1,0,-0.96149606,0.27657875,0,1,unassigned,20.0,20.0,0.0,1.0,0.0,0.0,0.034816246,0.0,0,0,0,0,0
14802,-1,0,-0.22108838,0.44495195,0,1,unassigned,13.0,13.0,0.0,1.0,0.0,0.0,0.021276595,0.0,0,0,0,0,0
14803,0,1,-0.4544977,0.38829195,0,0,val,26.0,26.0,0.0,1.0,0.0,0.0,0.046421662,0.0,1,0,1,0,0
14804,-1,0,-0.896403,0.28979024,0,1,unassigned,74.0,70.0,4.0,0.9459459,0.054054055,0.05405408,0.13926499,0.007527837,0,0,0,0,0
14805,-1,1,4.516213,0.9891879,1,1,unassigned,17.0,13.0,4.0,0.7647059,0.23529412,0.2352941,0.029013539,0.006826715,1,0,0,1,1
14806,-1,0,-0.624017,0.3488684,0,1,unassigned,49.0,49.0,0.0,1.0,0.0,0.0,0.09090909,0.0,0,0,0,0,0
14807,1,1,-0.52876025,0.37080607,0,1,test,43.0,41.0,2.0,0.95348835,0.046511628,0.04651165,0.079303674,0.0036885429,1,0,0,0,0
14808,-1,0,-0.70083034,0.33162814,0,1,unassigned,74.0,71.0,3.0,0.9594595,0.04054054,0.040540516,0.13926499,0.0056458777,0,0,0,0,0
14809,-1,1,1.7009065,0.84565306,1,1,unassigned,3.0,3.0,0.0,1.0,0.0,0.0,0.001934236,0.0,1,0,0,1,0
14810,-1,1,-0.41435108,0.39786926,0,1,unassigned,11.0,11.0,0.0,1.0,0.0,0.0,0.017408123,0.0,1,0,0,0,0
14811,-1,0,-0.8186289,0.3060548,0,1,unassigned,51.0,51.0,0.0,1.0,0.0,0.0,0.09477756,0.0,0,0,0,0,0
14812,1,1,-0.40602857,0.39986476,0,1,test,17.0,15.0,2.0,0.88235295,0.11764706,0.11764705,0.029013539,0.0034133575,1,0,0,0,0
14813,-1,0,0.034375966,0.50859314,1,1,unassigned,40.0,40.0,0.0,1.0,0.0,0.0,0.07350097,0.0,0,0,0,1,0
14814,-1,0,2.7529678,0.9400807,1,1,unassigned,5.0,5.0,0.0,1.0,0.0,0.0,0.0058027077,0.0,0,0,0,1,1
14815,-1,0,-0.9776012,0.273368,0,1,unassigned,28.0,28.0,0.0,1.0,0.0,0.0,0.050290134,0.0,0,0,0,0,0
14816,-1,0,1.3774974,0.79858875,1,1,unassigned,9.0,7.0,2.0,0.7777778,0.22222222,0.22222221,0.013539651,0.0030088115,0,0,0,1,0
14817,-1,0,2.118827,0.8927196,1,1,unassigned,4.0,4.0,0.0,1.0,0.0,0.0,0.003868472,0.0,0,0,0,1,0
14818,-1,0,-1.0261201,0.263837,0,1,unassigned,43.0,43.0,0.0,1.0,0.0,0.0,0.079303674,0.0,0,0,0,0,0
14819,-1,0,4.3895154,0.98774534,1,1,unassigned,17.0,13.0,4.0,0.7647059,0.23529412,0.2352941,0.029013539,0.006826715,0,0,0,1,1
14820,0,0,-0.42909694,0.39434198,0,0,val,58.0,57.0,1.0,0.98275864,0.01724138,0.017241359,0.10831721,0.0018675381,0,0,1,0,0
14821,-1,0,-0.3562641,0.41186422,0,1,unassigned,15.0,15.0,0.0,1.0,0.0,0.0,0.025145067,0.0,0,0,0,0,0
14822,-1,0,-0.7701887,0.3164383,0,1,unassigned,48.0,48.0,0.0,1.0,0.0,0.0,0.088974856,0.0,0,0,0,0,0
14823,-1,0,-0.6919884,0.33359087,0,1,unassigned,21.0,21.0,0.0,1.0,0.0,0.0,0.036750484,0.0,0,0,0,0,0
14824,1,1,3.871908,0.979606,1,0,unassigned,32.0,31.0,1.0,0.96875,0.03125,0.03125,0.058027077,0.0018133462,1,0,1,1,1
14825,-1,0,-0.63023037,0.3474583,0,1,unassigned,32.0,32.0,0.0,1.0,0.0,0.0,0.058027077,0.0,0,0,0,0,0
14826,-1,0,-0.76464057,0.3176396,0,1,unassigned,18.0,17.0,1.0,0.9444444,0.055555556,0.055555582,0.030947777,0.0017193209,0,0,0,0,0
14827,0,1,0.2798621,0.5695124,1,1,unassigned,14.0,12.0,2.0,0.85714287,0.14285715,0.14285713,0.023210831,0.0033158332,1,0,0,1,0
14828,-1,0,-0.32080016,0.42048076,0,1,unassigned,35.0,34.0,1.0,0.9714286,0.028571429,0.028571427,0.06382979,0.0018237082,0,0,0,0,0
14829,1,0,2.5280828,0.9260872,1,0,val,9.0,8.0,1.0,0.8888889,0.11111111,0.111111104,0.013539651,0.0015044058,0,0,1,1,1
14830,-1,0,-0.9662703,0.2756245,0,1,unassigned,28.0,28.0,0.0,1.0,0.0,0.0,0.050290134,0.0,0,0,0,0,0
14831,-1,0,-0.9103034,0.28693774,0,1,unassigned,129.0,128.0,1.0,0.99224806,0.007751938,0.0077519417,0.24564797,0.0019042478,0,0,0,0,0
14832,-1,0,0.4921537,0.62061363,1,1,unassigned,14.0,11.0,3.0,0.78571427,0.21428572,0.21428573,0.023210831,0.0049737496,0,0,0,1,0
14833,0,0,-0.8970113,0.28966507,0,0,val,15.0,15.0,0.0,1.0,0.0,0.0,0.025145067,0.0,0,0,1,0,0
14834,-1,1,5.6947007,0.99664754,1,1,unassigned,2.0,1.0,1.0,0.5,0.5,0.5,0.0,0.0,1,0,0,1,1
14835,-1,0,-0.79196364,0.31174722,0,1,unassigned,49.0,47.0,2.0,0.9591837,0.040816326,0.040816307,0.09090909,0.0037105752,0,0,0,0,0
14836,0,0,-0.1563375,0.46099505,0,0,unassigned,21.0,21.0,0.0,1.0,0.0,0.0,0.036750484,0.0,0,0,1,0,0
14837,-1,0,0.11716837,0.5292586,1,1,unassigned,18.0,18.0,0.0,1.0,0.0,0.0,0.030947777,0.0,0,0,0,1,0
14838,-1,0,2.5378191,0.9267509,1,1,unassigned,11.0,11.0,0.0,1.0,0.0,0.0,0.017408123,0.0,0,0,0,1,1
14839,-1,0,2.6991048,0.93697375,1,1,unassigned,5.0,5.0,0.0,1.0,0.0,0.0,0.0058027077,0.0,0,0,0,1,1
14840,-1,0,-0.51565945,0.37386775,0,1,unassigned,72.0,70.0,2.0,0.9722222,0.027777778,0.027777791,0.13539653,0.0037610147,0,0,0,0,0
14841,-1,0,3.0532713,0.95492357,1,1,unassigned,10.0,10.0,0.0,1.0,0.0,0.0,0.015473888,0.0,0,0,0,1,1
14842,-1,0,-0.29575965,0.42659438,0,1,unassigned,45.0,44.0,1.0,0.9777778,0.022222223,0.02222222,0.08317215,0.0018482701,0,0,0,0,0
14843,-1,1,-0.8717908,0.29488182,0,1,unassigned,125.0,114.0,11.0,0.912,0.088,0.088,0.23791103,0.02093617,1,0,0,0,0
14844,-1,1,-0.8151085,0.306803,0,1,unassigned,182.0,165.0,17.0,0.9065934,0.093406595,0.09340662,0.34816247,0.03252067,1,0,0,0,0
14845,-1,0,2.4769828,0.92251235,1,1,unassigned,45.0,44.0,1.0,0.9777778,0.022222223,0.02222222,0.08317215,0.0018482701,0,0,0,1,1
14846,-1,0,3.1658823,0.95952994,1,1,unassigned,18.0,15.0,3.0,0.8333333,0.16666667,0.16666669,0.030947777,0.005157963,0,0,0,1,1
14847,-1,0,5.023782,0.9934634,1,1,unassigned,11.0,11.0,0.0,1.0,0.0,0.0,0.017408123,0.0,0,0,0,1,1
14848,-1,0,1.4439118,0.8090597,1,1,unassigned,6.0,6.0,0.0,1.0,0.0,0.0,0.007736944,0.0,0,0,0,1,0
14849,-1,0,1.3611546,0.7959473,1,1,unassigned,8.0,8.0,0.0,1.0,0.0,0.0,0.0116054155,0.0,0,0,0,1,0
14850,-1,0,2.1917658,0.8995077,1,1,unassigned,2.0,2.0,0.0,1.0,0.0,0.0,0.0,0.0,0,0,0,1,0
14851,-1,0,2.610946,0.9315628,1,1,unassigned,3.0,3.0,0.0,1.0,0.0,0.0,0.001934236,0.0,0,0,0,1,1
14852,-1,0,10.460066,0.9999714,1,1,unassigned,2.0,2.0,0.0,1.0,0.0,0.0,0.0,0.0,0,0,0,1,1
14853,-1,0,-0.03825116,0.49043837,0,1,unassigned,6.0,6.0,0.0,1.0,0.0,0.0,0.007736944,0.0,0,0,0,0,0
14854,-1,0,1.3461792,0.79350424,1,1,unassigned,15.0,14.0,1.0,0.93333334,0.06666667,0.06666666,0.025145067,0.0016763379,0,0,0,1,0
14855,-1,1,2.9680812,0.95111114,1,1,unassigned,8.0,6.0,2.0,0.75,0.25,0.25,0.0116054155,0.0029013539,1,0,0,1,1
14856,0,0,-0.6515424,0.34264207,0,0,unassigned,29.0,29.0,0.0,1.0,0.0,0.0,0.05222437,0.0,0,0,1,0,0
14857,-1,0,3.5620472,0.9724026,1,1,unassigned,2.0,2.0,0.0,1.0,0.0,0.0,0.0,0.0,0,0,0,1,1
14858,0,1,-0.92990613,0.28294376,0,0,test,5.0,5.0,0.0,1.0,0.0,0.0,0.0058027077,0.0,1,0,1,0,0
14859,-1,0,-0.47418815,0.38362545,0,1,unassigned,25.0,25.0,0.0,1.0,0.0,0.0,0.044487428,0.0,0,0,0,0,0
14860,-1,0,0.24786377,0.56165063,1,1,unassigned,25.0,25.0,0.0,1.0,0.0,0.0,0.044487428,0.0,0,0,0,1,0
14861,-1,0,-0.16021991,0.4600305,0,1,unassigned,13.0,13.0,0.0,1.0,0.0,0.0,0.021276595,0.0,0,0,0,0,0
14862,-1,0,-0.74508315,0.3218936,0,1,unassigned,53.0,50.0,3.0,0.9433962,0.056603774,0.05660379,0.09864604,0.005583738,0,0,0,0,0
14863,-1,0,-0.7030329,0.33114013,0,1,unassigned,19.0,19.0,0.0,1.0,0.0,0.0,0.032882012,0.0,0,0,0,0,0
14864,-1,0,-0.82608545,0.30447343,0,1,unassigned,61.0,61.0,0.0,1.0,0.0,0.0,0.114119925,0.0,0,0,0,0,0
14865,0,1,-0.821103,0.3055296,0,0,test,2.0,2.0,0.0,1.0,0.0,0.0,0.0,0.0,1,0,1,0,0
14866,-1,0,-0.4014521,0.40096354,0,1,unassigned,27.0,27.0,0.0,1.0,0.0,0.0,0.0483559,0.0,0,0,0,0,0
14867,-1,1,-0.0941357,0.47648343,0,1,unassigned,2.0,2.0,0.0,1.0,0.0,0.0,0.0,0.0,1,0,0,0,0
14868,-1,0,-0.22984713,0.44278988,0,1,unassigned,5.0,5.0,0.0,1.0,0.0,0.0,0.0058027077,0.0,0,0,0,0,0
14869,-1,0,-0.67493325,0.33739308,0,1,unassigned,4.0,4.0,0.0,1.0,0.0,0.0,0.003868472,0.0,0,0,0,0,0
14870,-1,0,-0.29587615,0.42656592,0,1,unassigned,11.0,11.0,0.0,1.0,0.0,0.0,0.017408123,0.0,0,0,0,0,0
14871,-1,0,-0.11127883,0.47220895,0,1,unassigned,27.0,27.0,0.0,1.0,0.0,0.0,0.0483559,0.0,0,0,0,0,0
14872,-1,1,0.30046684,0.57455665,1,1,unassigned,35.0,35.0,0.0,1.0,0.0,0.0,0.06382979,0.0,1,0,0,1,0
14873,1,0,7.148801,0.99921477,1,0,unassigned,4.0,2.0,2.0,0.5,0.5,0.5,0.003868472,0.001934236,0,0,1,1,1
14874,-1,0,-0.3364472,0.41667277,0,1,unassigned,25.0,25.0,0.0,1.0,0.0,0.0,0.044487428,0.0,0,0,0,0,0
14875,-1,0,4.2326703,0.985694,1,1,unassigned,2.0,2.0,0.0,1.0,0.0,0.0,0.0,0.0,0,0,0,1,1
14876,0,1,0.06640804,0.5165959,1,1,test,11.0,10.0,1.0,0.90909094,0.09090909,0.090909064,0.017408123,0.0015825568,1,0,0,1,0
14877,-1,0,11.554533,0.99999046,1,1,unassigned,7.0,6.0,1.0,0.85714287,0.14285715,0.14285713,0.00967118,0.0013815971,0,0,0,1,1
14878,1,0,-0.82357967,0.30500433,0,1,test,59.0,59.0,0.0,1.0,0.0,0.0,0.11025145,0.0,0,0,0,0,0
14879,0,0,0.8573032,0.7020969,1,1,unassigned,11.0,10.0,1.0,0.90909094,0.09090909,0.090909064,0.017408123,0.0015825568,0,0,0,1,0
14880,-1,0,-0.1658113,0.4586419,0,1,unassigned,14.0,14.0,0.0,1.0,0.0,0.0,0.023210831,0.0,0,0,0,0,0
14881,-1,0,-0.27252316,0.43228775,0,1,unassigned,6.0,5.0,1.0,0.8333333,0.16666667,0.16666669,0.007736944,0.0012894907,0,0,0,0,0
14882,-1,0,2.2259643,0.9025571,1,1,unassigned,19.0,19.0,0.0,1.0,0.0,0.0,0.032882012,0.0,0,0,0,1,1
14883,-1,1,-0.881963,0.29277116,0,1,unassigned,27.0,27.0,0.0,1.0,0.0,0.0,0.0483559,0.0,1,0,0,0,0
14884,1,0,-0.87732136,0.29373318,0,1,val,12.0,12.0,0.0,1.0,0.0,0.0,0.01934236,0.0,0,0,0,0,0
14885,-1,0,8.493483,0.99979526,1,1,unassigned,98.0,62.0,36.0,0.63265306,0.36734694,0.36734694,0.18568665,0.06821142,0,0,0,1,1
14886,-1,0,-0.78272474,0.31373295,0,1,unassigned,36.0,36.0,0.0,1.0,0.0,0.0,0.065764025,0.0,0,0,0,0,0
14887,-1,1,-0.8834182,0.29246995,0,1,unassigned,93.0,88.0,5.0,0.94623655,0.05376344,0.05376345,0.17601547,0.009463198,1,0,0,0,0
14888,-1,0,-0.00052922964,0.4998677,0,1,unassigned,5.0,5.0,0.0,1.0,0.0,0.0,0.0058027077,0.0,0,0,0,0,0
14889,0,0,1.7149017,0.84747094,1,1,val,33.0,31.0,2.0,0.93939394,0.060606062,0.060606062,0.059961315,0.0036340193,0,0,0,1,0
14890,-1,0,1.3826315,0.79941326,1,1,unassigned,11.0,10.0,1.0,0.90909094,0.09090909,0.090909064,0.017408123,0.0015825568,0,0,0,1,0
14891,-1,1,5.0627494,0.9937117,1,1,unassigned,8.0,3.0,5.0,0.375,0.625,0.625,0.0116054155,0.0072533847,1,0,0,1,1
14892,-1,1,1.6198335,0.83477217,1,1,unassigned,4.0,3.0,1.0,0.75,0.25,0.25,0.003868472,0.000967118,1,0,0,1,0
14893,-1,0,-0.60476816,0.35325357,0,1,unassigned,91.0,90.0,1.0,0.989011,0.010989011,0.01098901,0.172147,0.0018917253,0,0,0,0,0
14894,1,0,-0.15303114,0.46181667,0,1,test,27.0,27.0,0.0,1.0,0.0,0.0,0.0483559,0.0,0,0,0,0,0
14895,-1,1,1.9449272,0.8748925,1,1,unassigned,2.0,1.0,1.0,0.5,0.5,0.5,0.0,0.0,1,0,0,1,0
14896,-1,0,-0.78028053,0.31425944,0,1,unassigned,167.0,165.0,2.0,0.98802394,0.011976048,0.011976063,0.31914893,0.003822143,0,0,0,0,0
14897,-1,0,4.0902123,0.9835398,1,1,unassigned,31.0,29.0,2.0,0.9354839,0.06451613,0.06451613,0.056092843,0.003618893,0,0,0,1,1
14898,-1,0,4.0375504,0.9826652,1,1,unassigned,4.0,4.0,0.0,1.0,0.0,0.0,0.003868472,0.0,0,0,0,1,1
14899,-1,1,4.0338087,0.98260134,1,1,unassigned,13.0,13.0,0.0,1.0,0.0,0.0,0.021276595,0.0,1,0,0,1,1
14900,-1,1,3.7512763,0.9770512,1,1,unassigned,8.0,7.0,1.0,0.875,0.125,0.125,0.0116054155,0.0014506769,1,0,0,1,1
14901,-1,0,0.62147504,0.65055394,1,1,unassigned,10.0,10.0,0.0,1.0,0.0,0.0,0.015473888,0.0,0,0,0,1,0
14902,-1,0,1.9027905,0.8702071,1,1,unassigned,7.0,7.0,0.0,1.0,0.0,0.0,0.00967118,0.0,0,0,0,1,0
14903,-1,0,-0.71164715,0.329235,0,1,unassigned,2.0,2.0,0.0,1.0,0.0,0.0,0.0,0.0,0,0,0,0,0
14904,-1,0,1.9440212,0.8747933,1,1,unassigned,15.0,14.0,1.0,0.93333334,0.06666667,0.06666666,0.025145067,0.0016763379,0,0,0,1,0
14905,-1,0,-0.792462,0.31164026,0,1,unassigned,44.0,44.0,0.0,1.0,0.0,0.0,0.08123791,0.0,0,0,0,0,0
14906,1,0,2.6826177,0.93599313,1,0,test,16.0,16.0,0.0,1.0,0.0,0.0,0.027079303,0.0,0,0,1,1,1
14907,-1,0,1.5180862,0.8202565,1,1,unassigned,3.0,3.0,0.0,1.0,0.0,0.0,0.001934236,0.0,0,0,0,1,0
14908,1,0,1.1083825,0.7518275,1,0,test,27.0,27.0,0.0,1.0,0.0,0.0,0.0483559,0.0,0,0,1,1,0
14909,-1,0,-0.89247704,0.29059893,0,1,unassigned,91.0,90.0,1.0,0.989011,0.010989011,0.01098901,0.172147,0.0018917253,0,0,0,0,0
14910,0,0,-0.22906259,0.44298342,0,0,unassigned,62.0,62.0,0.0,1.0,0.0,0.0,0.116054155,0.0,0,0,1,0,0
14911,-1,0,-0.56399536,0.36262354,0,1,unassigned,48.0,46.0,2.0,0.9583333,0.041666668,0.041666687,0.088974856,0.0037072857,0,0,0,0,0
14912,-1,0,-0.4609219,0.38676715,0,1,unassigned,10.0,10.0,0.0,1.0,0.0,0.0,0.015473888,0.0,0,0,0,0,0
14913,-1,0,-0.8547743,0.2984323,0,1,unassigned,143.0,141.0,2.0,0.986014,0.013986014,0.0139859915,0.27272728,0.0038143676,0,0,0,0,0
14914,-1,0,0.69106096,0.66620284,1,1,unassigned,4.0,4.0,0.0,1.0,0.0,0.0,0.003868472,0.0,0,0,0,1,0
14915,-1,0,1.4097002,0.8037187,1,1,unassigned,93.0,92.0,1.0,0.9892473,0.010752688,0.010752678,0.17601547,0.0018926394,0,0,0,1,0
14916,-1,0,-0.87404275,0.29441378,0,1,unassigned,2.0,2.0,0.0,1.0,0.0,0.0,0.0,0.0,0,0,0,0,0
14917,-1,0,1.256356,0.77839816,1,1,unassigned,25.0,25.0,0.0,1.0,0.0,0.0,0.044487428,0.0,0,0,0,1,0
14918,-1,0,-0.9876621,0.2713741,0,1,unassigned,43.0,43.0,0.0,1.0,0.0,0.0,0.079303674,0.0,0,0,0,0,0
14919,1,0,0.82880515,0.6961022,1,0,train,18.0,18.0,0.0,1.0,0.0,0.0,0.030947777,0.0,0,0,1,1,0
14920,-1,1,2.2981908,0.9087271,1,1,unassigned,13.0,8.0,5.0,0.61538464,0.3846154,0.38461536,0.021276595,0.008183306,1,0,0,1,1
14921,-1,0,-0.83544946,0.30249405,0,1,unassigned,49.0,48.0,1.0,0.97959185,0.020408163,0.020408154,0.09090909,0.0018552876,0,0,0,0,0
14922,-1,0,0.70938164,0.6702645,1,1,unassigned,28.0,28.0,0.0,1.0,0.0,0.0,0.050290134,0.0,0,0,0,1,0
14923,-1,1,5.4695945,0.9958047,1,1,unassigned,22.0,19.0,3.0,0.8636364,0.13636364,0.13636363,0.03868472,0.005275189,1,0,0,1,1
14924,1,1,2.459322,0.9212405,1,0,unassigned,32.0,29.0,3.0,0.90625,0.09375,0.09375,0.058027077,0.0054400386,1,0,1,1,1
14925,-1,0,0.8631926,0.70332724,1,1,unassigned,2.0,2.0,0.0,1.0,0.0,0.0,0.0,0.0,0,0,0,1,0
14926,-1,0,-0.6000349,0.3543357,0,1,unassigned,26.0,25.0,1.0,0.96153843,0.03846154,0.038461566,0.046421662,0.0017854486,0,0,0,0,0
14927,-1,0,3.2159975,0.9614318,1,1,unassigned,5.0,5.0,0.0,1.0,0.0,0.0,0.0058027077,0.0,0,0,0,1,1
14928,-1,1,-0.115421504,0.47117662,0,1,unassigned,21.0,16.0,5.0,0.7619048,0.23809524,0.23809522,0.036750484,0.0087501155,1,0,0,0,0
14929,0,0,-0.8536354,0.29867083,0,0,test,46.0,45.0,1.0,0.9782609,0.02173913,0.021739125,0.08510638,0.0018501388,0,0,1,0,0
14930,0,0,-0.39179343,0.40328565,0,0,test,120.0,119.0,1.0,0.9916667,0.008333334,0.008333325,0.22823985,0.0019019989,0,0,1,0,0
14931,0,0,-0.3028431,0.42486262,0,0,test,8.0,8.0,0.0,1.0,0.0,0.0,0.0116054155,0.0,0,0,1,0,0
14932,-1,0,-0.33305803,0.4174967,0,1,unassigned,13.0,13.0,0.0,1.0,0.0,0.0,0.021276595,0.0,0,0,0,0,0
14933,0,0,-0.48680943,0.38064548,0,0,train,7.0,7.0,0.0,1.0,0.0,0.0,0.00967118,0.0,0,0,1,0,0
14934,-1,0,-0.59567606,0.35533357,0,1,unassigned,65.0,65.0,0.0,1.0,0.0,0.0,0.12185687,0.0,0,0,0,0,0
14935,-1,0,-0.47579217,0.38324624,0,1,unassigned,25.0,25.0,0.0,1.0,0.0,0.0,0.044487428,0.0,0,0,0,0,0
14936,-1,0,-0.14150488,0.4646827,0,1,unassigned,6.0,6.0,0.0,1.0,0.0,0.0,0.007736944,0.0,0,0,0,0,0
14937,-1,0,4.075875,0.9833061,1,1,unassigned,2.0,2.0,0.0,1.0,0.0,0.0,0.0,0.0,0,0,0,1,1
14938,0,0,0.6940089,0.66685814,1,1,unassigned,31.0,30.0,1.0,0.9677419,0.032258064,0.032258093,0.056092843,0.0018094465,0,0,0,1,0
14939,-1,0,-0.5496443,0.36594692,0,1,unassigned,2.0,2.0,0.0,1.0,0.0,0.0,0.0,0.0,0,0,0,0,0
14940,0,0,-0.058282733,0.48543343,0,0,unassigned,17.0,17.0,0.0,1.0,0.0,0.0,0.029013539,0.0,0,0,1,0,0
14941,-1,0,0.042494595,0.510622,1,1,unassigned,5.0,5.0,0.0,1.0,0.0,0.0,0.0058027077,0.0,0,0,0,1,0
14942,-1,0,-0.08300346,0.47926107,0,1,unassigned,2.0,2.0,0.0,1.0,0.0,0.0,0.0,0.0,0,0,0,0,0
14943,-1,0,-0.11961618,0.47013155,0,1,unassigned,24.0,24.0,0.0,1.0,0.0,0.0,0.04255319,0.0,0,0,0,0,0
14944,-1,0,-0.7990954,0.31021905,0,1,unassigned,4.0,4.0,0.0,1.0,0.0,0.0,0.003868472,0.0,0,0,0,0,0
14945,-1,0,-0.26274535,0.43468893,0,1,unassigned,9.0,9.0,0.0,1.0,0.0,0.0,0.013539651,0.0,0,0,0,0,0
14946,-1,1,0.7872253,0.68723524,1,1,unassigned,7.0,7.0,0.0,1.0,0.0,0.0,0.00967118,0.0,1,0,0,1,0
14947,-1,0,5.6263146,0.99641114,1,1,unassigned,6.0,4.0,2.0,0.6666667,0.33333334,0.3333333,0.007736944,0.0025789815,0,0,0,1,1
14948,-1,0,0.05431515,0.51357543,1,1,unassigned,22.0,14.0,8.0,0.6363636,0.36363637,0.36363637,0.03868472,0.014067171,0,0,0,1,0
14949,1,0,4.938537,0.9928859,1,0,unassigned,4.0,4.0,0.0,1.0,0.0,0.0,0.003868472,0.0,0,0,1,1,1
14950,-1,0,-0.4542493,0.3883509,0,1,unassigned,25.0,25.0,0.0,1.0,0.0,0.0,0.044487428,0.0,0,0,0,0,0
14951,-1,0,-0.93092847,0.2827364,0,1,unassigned,33.0,33.0,0.0,1.0,0.0,0.0,0.059961315,0.0,0,0,0,0,0
14952,1,0,-0.14905024,0.46280628,0,1,test,76.0,72.0,4.0,0.94736844,0.05263158,0.052631557,0.14313346,0.0075333402,0,0,0,0,0
14953,-1,0,-0.86760116,0.2957537,0,1,unassigned,31.0,31.0,0.0,1.0,0.0,0.0,0.056092843,0.0,0,0,0,0,0
14954,-1,1,-0.4007615,0.4011294,0,1,unassigned,2.0,2.0,0.0,1.0,0.0,0.0,0.0,0.0,1,0,0,0,0
14955,-1,0,2.4669514,0.9217922,1,1,unassigned,18.0,16.0,2.0,0.8888889,0.11111111,0.111111104,0.030947777,0.0034386418,0,0,0,1,1
14956,-1,0,-0.683849,0.33540282,0,1,unassigned,44.0,43.0,1.0,0.97727275,0.022727273,0.022727251,0.08123791,0.0018463163,0,0,0,0,0
14957,-1,0,0.113776386,0.5284135,1,1,unassigned,38.0,38.0,0.0,1.0,0.0,0.0,0.06963249,0.0,0,0,0,1,0
14958,-1,0,-0.41206634,0.3984168,0,1,unassigned,35.0,35.0,0.0,1.0,0.0,0.0,0.06382979,0.0,0,0,0,0,0
14959,0,0,-0.83029926,0.3035818,0,0,unassigned,44.0,44.0,0.0,1.0,0.0,0.0,0.08123791,0.0,0,0,1,0,0
14960,-1,0,0.61309904,0.6486474,1,1,unassigned,43.0,43.0,0.0,1.0,0.0,0.0,0.079303674,0.0,0,0,0,1,0
14961,-1,0,-0.19685346,0.45094496,0,1,unassigned,27.0,27.0,0.0,1.0,0.0,0.0,0.0483559,0.0,0,0,0,0,0
14962,-1,0,2.5645802,0.9285469,1,1,unassigned,33.0,27.0,6.0,0.8181818,0.18181819,0.18181819,0.059961315,0.010902057,0,0,0,1,1
14963,-1,0,-0.67292434,0.33784235,0,1,unassigned,54.0,54.0,0.0,1.0,0.0,0.0,0.10058027,0.0,0,0,0,0,0
14964,1,1,-0.6249641,0.3486533,0,1,unassigned,24.0,23.0,1.0,0.9583333,0.041666668,0.041666687,0.04255319,0.0017730496,1,0,0,0,0
14965,-1,0,1.0730407,0.74517477,1,1,unassigned,3.0,3.0,0.0,1.0,0.0,0.0,0.001934236,0.0,0,0,0,1,0
14966,-1,1,1.9582431,0.87634265,1,1,unassigned,2.0,2.0,0.0,1.0,0.0,0.0,0.0,0.0,1,0,0,1,0
14967,-1,0,0.9486663,0.72084683,1,1,unassigned,20.0,18.0,2.0,0.9,0.1,0.100000024,0.034816246,0.0034816246,0,0,0,1,0
14968,0,0,-0.13223192,0.4669901,0,0,test,30.0,30.0,0.0,1.0,0.0,0.0,0.054158606,0.0,0,0,1,0,0
14969,-1,1,-0.8823747,0.29268593,0,1,unassigned,57.0,57.0,0.0,1.0,0.0,0.0,0.10638298,0.0,1,0,0,0,0
14970,-1,1,2.2585588,0.9053862,1,1,unassigned,35.0,34.0,1.0,0.9714286,0.028571429,0.028571427,0.06382979,0.0018237082,1,0,0,1,1
14971,-1,1,-0.12028915,0.46996394,0,1,unassigned,35.0,34.0,1.0,0.9714286,0.028571429,0.028571427,0.06382979,0.0018237082,1,0,0,0,0
14972,-1,0,0.2317298,0.5576746,1,1,unassigned,7.0,7.0,0.0,1.0,0.0,0.0,0.00967118,0.0,0,0,0,1,0
14973,-1,0,0.51204926,0.62528676,1,1,unassigned,16.0,16.0,0.0,1.0,0.0,0.0,0.027079303,0.0,0,0,0,1,0
14974,-1,0,0.26694775,0.5663434,1,1,unassigned,3.0,3.0,0.0,1.0,0.0,0.0,0.001934236,0.0,0,0,0,1,0
14975,-1,0,0.9146983,0.7139606,1,1,unassigned,81.0,78.0,3.0,0.962963,0.037037037,0.037037015,0.15280464,0.005659431,0,0,0,1,0
14976,-1,0,0.22855395,0.556891,1,1,unassigned,3.0,3.0,0.0,1.0,0.0,0.0,0.001934236,0.0,0,0,0,1,0
14977,-1,0,-0.721504,0.3270619,0,1,unassigned,29.0,29.0,0.0,1.0,0.0,0.0,0.05222437,0.0,0,0,0,0,0
14978,-1,0,7.3043036,0.9993279,1,1,unassigned,4.0,4.0,0.0,1.0,0.0,0.0,0.003868472,0.0,0,0,0,1,1
14979,0,0,-0.2840107,0.42947078,0,0,test,10.0,9.0,1.0,0.9,0.1,0.100000024,0.015473888,0.0015473888,0,0,1,0,0
14980,1,0,-0.07477099,0.481316,0,1,unassigned,13.0,13.0,0.0,1.0,0.0,0.0,0.021276595,0.0,0,0,0,0,0
14981,-1,0,-0.61813444,0.35020587,0,1,unassigned,122.0,122.0,0.0,1.0,0.0,0.0,0.23210831,0.0,0,0,0,0,0
14982,-1,0,-0.5964634,0.3551532,0,1,unassigned,58.0,56.0,2.0,0.9655172,0.03448276,0.034482777,0.10831721,0.0037350762,0,0,0,0,0
14983,-1,1,-0.86218107,0.29688385,0,1,unassigned,37.0,31.0,6.0,0.8378378,0.16216215,0.16216218,0.06769826,0.010978096,1,0,0,0,0
14984,-1,0,-0.3494932,0.41350532,0,1,unassigned,6.0,6.0,0.0,1.0,0.0,0.0,0.007736944,0.0,0,0,0,0,0
14985,-1,0,2.289467,0.9080009,1,1,unassigned,9.0,8.0,1.0,0.8888889,0.11111111,0.111111104,0.013539651,0.0015044058,0,0,0,1,1
14986,-1,1,1.930973,0.8733571,1,1,unassigned,2.0,2.0,0.0,1.0,0.0,0.0,0.0,0.0,1,0,0,1,0
14987,-1,0,0.13576931,0.5338903,1,1,unassigned,36.0,34.0,2.0,0.9444444,0.055555556,0.055555582,0.065764025,0.003653557,0,0,0,1,0
14988,-1,1,0.76347834,0.68210846,1,1,unassigned,5.0,1.0,4.0,0.2,0.8,0.8,0.0058027077,0.004642166,1,1,0,1,0
14989,0,0,-0.68501437,0.33514306,0,0,unassigned,30.0,30.0,0.0,1.0,0.0,0.0,0.054158606,0.0,0,0,1,0,0
14990,0,0,0.042149067,0.5105357,1,1,test,48.0,46.0,2.0,0.9583333,0.041666668,0.041666687,0.088974856,0.0037072857,0,0,0,1,0
14991,-1,0,-0.7577841,0.31912756,0,1,unassigned,30.0,30.0,0.0,1.0,0.0,0.0,0.054158606,0.0,0,0,0,0,0
14992,-1,0,-0.8069699,0.3085366,0,1,unassigned,2.0,2.0,0.0,1.0,0.0,0.0,0.0,0.0,0,0,0,0,0
14993,-1,0,1.677983,0.84263724,1,1,unassigned,9.0,7.0,2.0,0.7777778,0.22222222,0.22222221,0.013539651,0.0030088115,0,0,0,1,0
14994,1,0,0.98480207,0.72805995,1,0,unassigned,8.0,7.0,1.0,0.875,0.125,0.125,0.0116054155,0.0014506769,0,0,1,1,0
14995,0,0,0.088971555,0.5222282,1,1,unassigned,27.0,27.0,0.0,1.0,0.0,0.0,0.0483559,0.0,0,0,0,1,0
14996,-1,0,-0.3676786,0.40910205,0,1,unassigned,32.0,32.0,0.0,1.0,0.0,0.0,0.058027077,0.0,0,0,0,0,0
14997,-1,0,5.1367226,0.99415743,1,1,unassigned,10.0,8.0,2.0,0.8,0.2,0.19999999,0.015473888,0.0030947777,0,0,0,1,1
14998,-1,1,5.256859,0.9948154,1,1,unassigned,2.0,2.0,0.0,1.0,0.0,0.0,0.0,0.0,1,0,0,1,1
14999,-1,0,-0.93565017,0.28177983,0,1,unassigned,2.0,2.0,0.0,1.0,0.0,0.0,0.0,0.0,0,0,0,0,0
15000,-1,0,-0.4400854,0.39172062,0,1,unassigned,20.0,20.0,0.0,1.0,0.0,0.0,0.034816246,0.0,0,0,0,0,0
15001,-1,0,0.13636506,0.53403854,1,1,unassigned,2.0,1.0,1.0,0.5,0.5,0.5,0.0,0.0,0,0,0,1,0
15002,-1,0,-0.33289605,0.4175361,0,1,unassigned,38.0,37.0,1.0,0.9736842,0.02631579,0.026315808,0.06963249,0.0018324341,0,0,0,0,0
15003,-1,0,-0.13383651,0.46659073,0,1,unassigned,2.0,2.0,0.0,1.0,0.0,0.0,0.0,0.0,0,0,0,0,0
15004,-1,1,5.723129,0.99674124,1,1,unassigned,2.0,2.0,0.0,1.0,0.0,0.0,0.0,0.0,1,0,0,1,1
15005,-1,0,5.168959,0.99434173,1,1,unassigned,3.0,3.0,0.0,1.0,0.0,0.0,0.001934236,0.0,0,0,0,1,1
15006,-1,0,0.3682502,0.5910361,1,1,unassigned,15.0,15.0,0.0,1.0,0.0,0.0,0.025145067,0.0,0,0,0,1,0
15007,-1,0,1.7742722,0.85498816,1,1,unassigned,5.0,5.0,0.0,1.0,0.0,0.0,0.0058027077,0.0,0,0,0,1,0
15008,-1,0,1.2080128,0.7699472,1,1,unassigned,37.0,35.0,2.0,0.9459459,0.054054055,0.05405408,0.06769826,0.0036593657,0,0,0,1,0
15009,-1,0,0.6340428,0.6534056,1,1,unassigned,12.0,12.0,0.0,1.0,0.0,0.0,0.01934236,0.0,0,0,0,1,0
15010,-1,1,2.479904,0.9227209,1,1,unassigned,17.0,15.0,2.0,0.88235295,0.11764706,0.11764705,0.029013539,0.0034133575,1,0,0,1,1
15011,-1,0,5.258714,0.994825,1,1,unassigned,10.0,9.0,1.0,0.9,0.1,0.100000024,0.015473888,0.0015473888,0,0,0,1,1
15012,-1,1,2.4292386,0.9190299,1,1,unassigned,14.0,12.0,2.0,0.85714287,0.14285715,0.14285713,0.023210831,0.0033158332,1,0,0,1,1
15013,-1,0,-0.15053552,0.46243703,0,1,unassigned,3.0,3.0,0.0,1.0,0.0,0.0,0.001934236,0.0,0,0,0,0,0
15014,0,0,-0.39296812,0.40300298,0,0,train,40.0,40.0,0.0,1.0,0.0,0.0,0.07350097,0.0,0,0,1,0,0
15015,-1,0,-0.404083,0.40033177,0,1,unassigned,7.0,5.0,2.0,0.71428573,0.2857143,0.28571427,0.00967118,0.0027631943,0,0,0,0,0
15016,-1,0,-0.52819824,0.37093723,0,1,unassigned,22.0,21.0,1.0,0.95454544,0.045454547,0.04545456,0.03868472,0.0017583964,0,0,0,0,0
15017,-1,0,-0.39393267,0.40277094,0,1,unassigned,93.0,92.0,1.0,0.9892473,0.010752688,0.010752678,0.17601547,0.0018926394,0,0,0,0,0
15018,-1,0,-0.5873998,0.35723168,0,1,unassigned,114.0,114.0,0.0,1.0,0.0,0.0,0.21663442,0.0,0,0,0,0,0
15019,-1,1,-0.37035793,0.40845454,0,1,unassigned,2.0,2.0,0.0,1.0,0.0,0.0,0.0,0.0,1,0,0,0,0
15020,1,0,-0.23815697,0.44074056,0,1,val,43.0,43.0,0.0,1.0,0.0,0.0,0.079303674,0.0,0,0,0,0,0
15021,-1,0,0.6541036,0.6579346,1,1,unassigned,18.0,18.0,0.0,1.0,0.0,0.0,0.030947777,0.0,0,0,0,1,0
15022,-1,0,3.0668375,0.95550394,1,1,unassigned,2.0,1.0,1.0,0.5,0.5,0.5,0.0,0.0,0,0,0,1,1
15023,-1,0,0.5133768,0.6255977,1,1,unassigned,88.0,88.0,0.0,1.0,0.0,0.0,0.1663443,0.0,0,0,0,1,0
15024,-1,0,-0.4565715,0.38779947,0,1,unassigned,30.0,30.0,0.0,1.0,0.0,0.0,0.054158606,0.0,0,0,0,0,0
15025,-1,0,0.52465945,0.62823665,1,1,unassigned,14.0,13.0,1.0,0.9285714,0.071428575,0.0714286,0.023210831,0.0016579166,0,0,0,1,0
15026,-1,1,4.544579,0.98948705,1,1,unassigned,2.0,1.0,1.0,0.5,0.5,0.5,0.0,0.0,1,0,0,1,1
15027,-1,0,3.2560904,0.96289134,1,1,unassigned,29.0,28.0,1.0,0.9655172,0.03448276,0.034482777,0.05222437,0.0018008404,0,0,0,1,1
15028,-1,0,-0.43412006,0.39314294,0,1,unassigned,26.0,23.0,3.0,0.88461536,0.115384616,0.11538464,0.046421662,0.005356346,0,0,0,0,0
15029,-1,0,0.72852594,0.6744817,1,1,unassigned,5.0,5.0,0.0,1.0,0.0,0.0,0.0058027077,0.0,0,0,0,1,0
15030,-1,0,0.27004588,0.56710416,1,1,unassigned,14.0,14.0,0.0,1.0,0.0,0.0,0.023210831,0.0,0,0,0,1,0
15031,-1,0,0.3994711,0.5985606,1,1,unassigned,96.0,94.0,2.0,0.9791667,0.020833334,0.020833313,0.18181819,0.003787879,0,0,0,1,0
15032,-1,0,0.25008035,0.56219625,1,1,unassigned,35.0,35.0,0.0,1.0,0.0,0.0,0.06382979,0.0,0,0,0,1,0
15033,-1,0,-0.7301734,0.3251567,0,1,unassigned,31.0,31.0,0.0,1.0,0.0,0.0,0.056092843,0.0,0,0,0,0,0
15034,-1,0,-0.503361,0.37675112,0,1,unassigned,34.0,34.0,0.0,1.0,0.0,0.0,0.061895553,0.0,0,0,0,0,0
15035,-1,0,-0.8589951,0.29754934,0,1,unassigned,25.0,25.0,0.0,1.0,0.0,0.0,0.044487428,0.0,0,0,0,0,0
15036,1,0,-0.87278396,0.29467535,0,1,val,54.0,54.0,0.0,1.0,0.0,0.0,0.10058027,0.0,0,0,0,0,0
15037,-1,0,-0.31378078,0.42219216,0,1,unassigned,24.0,24.0,0.0,1.0,0.0,0.0,0.04255319,0.0,0,0,0,0,0
15038,-1,0,-0.18385273,0.45416582,0,1,unassigned,36.0,36.0,0.0,1.0,0.0,0.0,0.065764025,0.0,0,0,0,0,0
15039,-1,0,7.6451383,0.99952185,1,1,unassigned,4.0,4.0,0.0,1.0,0.0,0.0,0.003868472,0.0,0,0,0,1,1
15040,-1,0,3.238559,0.9622598,1,1,unassigned,2.0,2.0,0.0,1.0,0.0,0.0,0.0,0.0,0,0,0,1,1
15041,-1,0,0.14718932,0.53673106,1,1,unassigned,23.0,23.0,0.0,1.0,0.0,0.0,0.040618956,0.0,0,0,0,1,0
15042,-1,1,-0.73105115,0.3249641,0,1,unassigned,114.0,112.0,2.0,0.98245615,0.01754386,0.017543852,0.21663442,0.003800604,1,0,0,0,0
15043,-1,1,-0.8399652,0.3015421,0,1,unassigned,71.0,68.0,3.0,0.9577465,0.04225352,0.042253494,0.13346228,0.0056392513,1,0,0,0,0
15044,-1,0,-0.23162451,0.44235137,0,1,unassigned,5.0,5.0,0.0,1.0,0.0,0.0,0.0058027077,0.0,0,0,0,0,0
15045,1,0,0.7801812,0.68571913,1,0,test,17.0,16.0,1.0,0.9411765,0.05882353,0.058823526,0.029013539,0.0017066788,0,0,1,1,0
15046,1,0,12.510637,0.9999963,1,0,unassigned,3.0,2.0,1.0,0.6666667,0.33333334,0.3333333,0.001934236,0.00064474536,0,0,1,1,1
15047,-1,0,0.6005034,0.64577144,1,1,unassigned,4.0,4.0,0.0,1.0,0.0,0.0,0.003868472,0.0,0,0,0,1,0
15048,-1,0,1.3264287,0.7902492,1,1,unassigned,19.0,19.0,0.0,1.0,0.0,0.0,0.032882012,0.0,0,0,0,1,0
15049,-1,0,3.7182648,0.97629935,1,1,unassigned,7.0,6.0,1.0,0.85714287,0.14285715,0.14285713,0.00967118,0.0013815971,0,0,0,1,1
15050,-1,0,4.87559,0.9924272,1,1,unassigned,17.0,17.0,0.0,1.0,0.0,0.0,0.029013539,0.0,0,0,0,1,1
15051,-1,0,0.11171508,0.52789974,1,1,unassigned,28.0,26.0,2.0,0.9285714,0.071428575,0.0714286,0.050290134,0.0035921526,0,0,0,1,0
15052,1,0,-0.3725284,0.4079302,0,1,val,12.0,11.0,1.0,0.9166667,0.083333336,0.08333331,0.01934236,0.0016118633,0,0,0,0,0
15053,-1,0,-0.16610533,0.4585689,0,1,unassigned,5.0,5.0,0.0,1.0,0.0,0.0,0.0058027077,0.0,0,0,0,0,0
15054,-1,0,-0.5998031,0.3543887,0,1,unassigned,23.0,23.0,0.0,1.0,0.0,0.0,0.040618956,0.0,0,0,0,0,0
15055,-1,0,2.304775,0.9092717,1,1,unassigned,20.0,20.0,0.0,1.0,0.0,0.0,0.034816246,0.0,0,0,0,1,1
15056,0,1,-0.7900462,0.31215876,0,0,val,31.0,29.0,2.0,0.9354839,0.06451613,0.06451613,0.056092843,0.003618893,1,0,1,0,0
15057,-1,0,-0.8754626,0.2941189,0,1,unassigned,46.0,43.0,3.0,0.9347826,0.06521739,0.065217376,0.08510638,0.005550416,0,0,0,0,0
15058,-1,0,-0.35401627,0.4124088,0,1,unassigned,3.0,3.0,0.0,1.0,0.0,0.0,0.001934236,0.0,0,0,0,0,0
15059,0,0,-0.25075924,0.4376366,0,0,unassigned,24.0,24.0,0.0,1.0,0.0,0.0,0.04255319,0.0,0,0,1,0,0
15060,-1,0,0.89570767,0.7100666,1,1,unassigned,19.0,18.0,1.0,0.94736844,0.05263158,0.052631557,0.032882012,0.0017306323,0,0,0,1,0
15061,-1,1,-0.5171666,0.373515,0,1,unassigned,56.0,51.0,5.0,0.91071427,0.08928572,0.08928573,0.10444874,0.009325781,1,0,0,0,0
15062,-1,0,-0.80172026,0.30965766,0,1,unassigned,52.0,51.0,1.0,0.9807692,0.01923077,0.019230783,0.0967118,0.0018598423,0,0,0,0,0
15063,-1,0,-0.93729645,0.28144675,0,1,unassigned,67.0,66.0,1.0,0.98507464,0.014925373,0.014925361,0.12572534,0.0018764976,0,0,0,0,0
15064,0,1,-0.61968666,0.3498527,0,0,unassigned,74.0,74.0,0.0,1.0,0.0,0.0,0.13926499,0.0,1,0,1,0,0
15065,-1,0,-0.7993108,0.31017298,0,1,unassigned,96.0,94.0,2.0,0.9791667,0.020833334,0.020833313,0.18181819,0.003787879,0,0,0,0,0
15066,-1,0,1.1291511,0.75568223,1,1,unassigned,8.0,8.0,0.0,1.0,0.0,0.0,0.0116054155,0.0,0,0,0,1,0
15067,-1,0,3.2938964,0.9642188,1,1,unassigned,4.0,4.0,0.0,1.0,0.0,0.0,0.003868472,0.0,0,0,0,1,1
15068,-1,0,-0.7364023,0.32379135,0,1,unassigned,35.0,35.0,0.0,1.0,0.0,0.0,0.06382979,0.0,0,0,0,0,0
15069,-1,0,1.9653826,0.8771143,1,1,unassigned,2.0,2.0,0.0,1.0,0.0,0.0,0.0,0.0,0,0,0,1,0
15070,0,1,-0.3572378,0.4116284,0,0,test,117.0,110.0,7.0,0.94017094,0.05982906,0.059829056,0.22243714,0.013308206,1,0,1,0,0
15071,-1,0,0.35093504,0.58684427,1,1,unassigned,4.0,4.0,0.0,1.0,0.0,0.0,0.003868472,0.0,0,0,0,1,0
15072,-1,0,-0.63914233,0.34544045,0,1,unassigned,6.0,3.0,3.0,0.5,0.5,0.5,0.007736944,0.003868472,0,0,0,0,0
15073,-1,0,-0.53805095,0.3686411,0,1,unassigned,39.0,36.0,3.0,0.9230769,0.07692308,0.07692307,0.07156673,0.0055051334,0,0,0,0,0
15074,-1,0,4.8271666,0.99205446,1,1,unassigned,5.0,5.0,0.0,1.0,0.0,0.0,0.0058027077,0.0,0,0,0,1,1
15075,-1,1,-0.7129056,0.3289571,0,1,unassigned,16.0,10.0,6.0,0.625,0.375,0.375,0.027079303,0.010154739,1,0,0,0,0
15076,-1,1,-0.6962599,0.332642,0,1,unassigned,11.0,11.0,0.0,1.0,0.0,0.0,0.017408123,0.0,1,0,0,0,0
15077,-1,1,-0.30450436,0.42445675,0,1,unassigned,17.0,17.0,0.0,1.0,0.0,0.0,0.029013539,0.0,1,0,0,0,0
15078,-1,1,4.068377,0.98318255,1,1,unassigned,16.0,16.0,0.0,1.0,0.0,0.0,0.027079303,0.0,1,0,0,1,1
15079,-1,0,5.798577,0.9969773,1,1,unassigned,2.0,2.0,0.0,1.0,0.0,0.0,0.0,0.0,0,0,0,1,1
15080,-1,0,6.3090744,0.99818355,1,1,unassigned,2.0,2.0,0.0,1.0,0.0,0.0,0.0,0.0,0,0,0,1,1
15081,-1,0,5.658794,0.99652535,1,1,unassigned,2.0,2.0,0.0,1.0,0.0,0.0,0.0,0.0,0,0,0,1,1
15082,1,0,1.1004891,0.7503517,1,0,val,23.0,22.0,1.0,0.95652175,0.04347826,0.04347825,0.040618956,0.0017660416,0,0,1,1,0
15083,-1,0,5.798577,0.9969773,1,1,unassigned,2.0,2.0,0.0,1.0,0.0,0.0,0.0,0.0,0,0,0,1,1
15084,-1,0,-0.29580307,0.4265838,0,1,unassigned,33.0,29.0,4.0,0.8787879,0.121212125,0.121212125,0.059961315,0.0072680386,0,0,0,0,0
15085,-1,0,5.798577,0.9969773,1,1,unassigned,2.0,2.0,0.0,1.0,0.0,0.0,0.0,0.0,0,0,0,1,1
15086,-1,0,5.798577,0.9969773,1,1,unassigned,2.0,2.0,0.0,1.0,0.0,0.0,0.0,0.0,0,0,0,1,1
15087,-1,0,-0.43555844,0.39279982,0,1,unassigned,21.0,19.0,2.0,0.9047619,0.0952381,0.09523809,0.036750484,0.0035000462,0,0,0,0,0
15088,-1,0,6.3090744,0.99818355,1,1,unassigned,2.0,2.0,0.0,1.0,0.0,0.0,0.0,0.0,0,0,0,1,1
15089,-1,0,0.09958631,0.524876,1,1,unassigned,41.0,40.0,1.0,0.9756098,0.024390243,0.02439022,0.07543521,0.001839883,0,0,0,1,0
15090,-1,0,-0.58731776,0.3572505,0,1,unassigned,36.0,36.0,0.0,1.0,0.0,0.0,0.065764025,0.0,0,0,0,0,0
15091,-1,0,0.99534637,0.73014265,1,1,unassigned,16.0,16.0,0.0,1.0,0.0,0.0,0.027079303,0.0,0,0,0,1,0
15092,-1,0,-0.96885026,0.27510974,0,1,unassigned,62.0,62.0,0.0,1.0,0.0,0.0,0.116054155,0.0,0,0,0,0,0
15093,-1,0,2.4510481,0.920638,1,1,unassigned,14.0,14.0,0.0,1.0,0.0,0.0,0.023210831,0.0,0,0,0,1,1
15094,-1,0,-0.688066,0.33446345,0,1,unassigned,16.0,15.0,1.0,0.9375,0.0625,0.0625,0.027079303,0.0016924564,0,0,0,0,0
15095,-1,0,4.998303,0.99329585,1,1,unassigned,15.0,14.0,1.0,0.93333334,0.06666667,0.06666666,0.025145067,0.0016763379,0,0,0,1,1
15096,-1,0,4.5001884,0.98901516,1,1,unassigned,4.0,4.0,0.0,1.0,0.0,0.0,0.003868472,0.0,0,0,0,1,1
15097,0,0,-0.28977337,0.42805934,0,0,val,5.0,5.0,0.0,1.0,0.0,0.0,0.0058027077,0.0,0,0,1,0,0
15098,-1,0,-0.78940356,0.31229675,0,1,unassigned,49.0,49.0,0.0,1.0,0.0,0.0,0.09090909,0.0,0,0,0,0,0
15099,-1,0,6.268863,0.9981092,1,1,unassigned,5.0,5.0,0.0,1.0,0.0,0.0,0.0058027077,0.0,0,0,0,1,1
15100,-1,0,0.8594292,0.70254135,1,1,unassigned,13.0,11.0,2.0,0.84615386,0.15384616,0.15384614,0.021276595,0.0032733225,0,0,0,1,0
15101,-1,0,-0.65012455,0.34296146,0,1,unassigned,34.0,34.0,0.0,1.0,0.0,0.0,0.061895553,0.0,0,0,0,0,0
15102,0,0,0.0548957,0.51372045,1,1,test,23.0,22.0,1.0,0.95652175,0.04347826,0.04347825,0.040618956,0.0017660416,0,0,0,1,0
15103,-1,1,-0.62986064,0.34754214,0,1,unassigned,21.0,21.0,0.0,1.0,0.0,0.0,0.036750484,0.0,1,0,0,0,0
15104,1,0,4.256106,0.98602074,1,0,test,37.0,27.0,10.0,0.7297297,0.27027026,0.2702703,0.06769826,0.018296827,0,0,1,1,1
15105,-1,1,-0.76546943,0.31745997,0,1,unassigned,30.0,29.0,1.0,0.96666664,0.033333335,0.03333336,0.054158606,0.001805287,1,0,0,0,0
15106,-1,0,1.1311107,0.75604385,1,1,unassigned,4.0,4.0,0.0,1.0,0.0,0.0,0.003868472,0.0,0,0,0,1,0
15107,-1,0,0.7319487,0.6752327,1,1,unassigned,24.0,18.0,6.0,0.75,0.25,0.25,0.04255319,0.010638298,0,0,0,1,0
15108,-1,0,5.798577,0.9969773,1,1,unassigned,2.0,2.0,0.0,1.0,0.0,0.0,0.0,0.0,0,0,0,1,1
15109,-1,0,-0.6994951,0.33192417,0,1,unassigned,82.0,80.0,2.0,0.9756098,0.024390243,0.02439022,0.15473887,0.0037741186,0,0,0,0,0
15110,-1,0,5.798577,0.9969773,1,1,unassigned,2.0,2.0,0.0,1.0,0.0,0.0,0.0,0.0,0,0,0,1,1
15111,-1,0,-0.23844844,0.44066873,0,1,unassigned,12.0,12.0,0.0,1.0,0.0,0.0,0.01934236,0.0,0,0,0,0,0
15112,-1,0,-0.22729027,0.4434208,0,1,unassigned,20.0,20.0,0.0,1.0,0.0,0.0,0.034816246,0.0,0,0,0,0,0
15113,-1,0,-0.6521973,0.34249455,0,1,unassigned,6.0,6.0,0.0,1.0,0.0,0.0,0.007736944,0.0,0,0,0,0,0
15114,-1,0,6.3090744,0.99818355,1,1,unassigned,2.0,2.0,0.0,1.0,0.0,0.0,0.0,0.0,0,0,0,1,1
15115,-1,0,-0.31228524,0.42255703,0,1,unassigned,13.0,11.0,2.0,0.84615386,0.15384616,0.15384614,0.021276595,0.0032733225,0,0,0,0,0
15116,-1,0,5.798577,0.9969773,1,1,unassigned,2.0,2.0,0.0,1.0,0.0,0.0,0.0,0.0,0,0,0,1,1
15117,-1,0,-0.9130265,0.28638092,0,1,unassigned,25.0,24.0,1.0,0.96,0.04,0.04000002,0.044487428,0.001779497,0,0,0,0,0
15118,-1,0,4.223163,0.98555934,1,1,unassigned,4.0,3.0,1.0,0.75,0.25,0.25,0.003868472,0.000967118,0,0,0,1,1
15119,-1,0,3.4715507,0.9698674,1,1,unassigned,20.0,19.0,1.0,0.95,0.05,0.050000012,0.034816246,0.0017408123,0,0,0,1,1
15120,-1,0,-0.0017572045,0.49956068,0,1,unassigned,8.0,8.0,0.0,1.0,0.0,0.0,0.0116054155,0.0,0,0,0,0,0
15121,-1,1,-0.03378451,0.4915547,0,1,unassigned,28.0,27.0,1.0,0.96428573,0.035714287,0.03571427,0.050290134,0.0017960763,1,0,0,0,0
15122,-1,0,2.528528,0.92611766,1,1,unassigned,5.0,5.0,0.0,1.0,0.0,0.0,0.0058027077,0.0,0,0,0,1,1
15123,0,0,0.0109116435,0.50272787,1,1,val,12.0,12.0,0.0,1.0,0.0,0.0,0.01934236,0.0,0,0,0,1,0
15124,-1,0,4.2863736,0.9864319,1,1,unassigned,7.0,6.0,1.0,0.85714287,0.14285715,0.14285713,0.00967118,0.0013815971,0,0,0,1,1
15125,-1,1,-0.7977551,0.31050593,0,1,unassigned,51.0,50.0,1.0,0.98039216,0.019607844,0.019607842,0.09477756,0.0018583836,1,0,0,0,0
15126,-1,0,0.7255576,0.6738297,1,1,unassigned,33.0,32.0,1.0,0.969697,0.030303031,0.030303001,0.059961315,0.0018170096,0,0,0,1,0
15127,-1,0,-0.54207814,0.3677043,0,1,unassigned,32.0,31.0,1.0,0.96875,0.03125,0.03125,0.058027077,0.0018133462,0,0,0,0,0
15128,-1,1,-0.6788785,0.33651164,0,1,unassigned,26.0,26.0,0.0,1.0,0.0,0.0,0.046421662,0.0,1,0,0,0,0
15129,-1,0,4.9249263,0.9927891,1,1,unassigned,3.0,3.0,0.0,1.0,0.0,0.0,0.001934236,0.0,0,0,0,1,1
15130,-1,1,-0.24224454,0.43973333,0,1,unassigned,4.0,3.0,1.0,0.75,0.25,0.25,0.003868472,0.000967118,1,0,0,0,0
15131,-1,1,-0.36663297,0.40935487,0,1,unassigned,4.0,4.0,0.0,1.0,0.0,0.0,0.003868472,0.0,1,0,0,0,0
15132,-1,0,3.6809514,0.9754204,1,1,unassigned,4.0,4.0,0.0,1.0,0.0,0.0,0.003868472,0.0,0,0,0,1,1
15133,-1,0,1.7762401,0.855232,1,1,unassigned,6.0,5.0,1.0,0.8333333,0.16666667,0.16666669,0.007736944,0.0012894907,0,0,0,1,0
15134,-1,0,4.546002,0.9895019,1,1,unassigned,2.0,2.0,0.0,1.0,0.0,0.0,0.0,0.0,0,0,0,1,1
15135,-1,0,0.06353146,0.51587754,1,1,unassigned,2.0,2.0,0.0,1.0,0.0,0.0,0.0,0.0,0,0,0,1,0
15136,-1,0,0.27584702,0.56852776,1,1,unassigned,31.0,31.0,0.0,1.0,0.0,0.0,0.056092843,0.0,0,0,0,1,0
15137,-1,0,6.3090744,0.99818355,1,1,unassigned,2.0,2.0,0.0,1.0,0.0,0.0,0.0,0.0,0,0,0,1,1
15138,-1,0,5.771728,0.9968953,1,1,unassigned,3.0,3.0,0.0,1.0,0.0,0.0,0.001934236,0.0,0,0,0,1,1
15139,-1,0,5.887586,0.99723405,1,1,unassigned,3.0,3.0,0.0,1.0,0.0,0.0,0.001934236,0.0,0,0,0,1,1
15140,-1,0,5.5216966,0.9960168,1,1,unassigned,5.0,5.0,0.0,1.0,0.0,0.0,0.0058027077,0.0,0,0,0,1,1
15141,-1,1,1.8451145,0.86355245,1,1,unassigned,2.0,2.0,0.0,1.0,0.0,0.0,0.0,0.0,1,0,0,1,0
15142,-1,1,17.19746,1.0,1,1,unassigned,5.0,5.0,0.0,1.0,0.0,0.0,0.0058027077,0.0,1,0,0,1,1
15143,-1,0,0.53377837,0.6303639,1,1,unassigned,16.0,16.0,0.0,1.0,0.0,0.0,0.027079303,0.0,0,0,0,1,0
15144,1,0,-0.23580766,0.44131973,0,1,unassigned,16.0,16.0,0.0,1.0,0.0,0.0,0.027079303,0.0,0,0,0,0,0
15145,-1,1,11.099325,0.99998486,1,1,unassigned,3.0,3.0,0.0,1.0,0.0,0.0,0.001934236,0.0,1,0,0,1,1
15146,-1,1,4.411943,0.98801386,1,1,unassigned,11.0,10.0,1.0,0.90909094,0.09090909,0.090909064,0.017408123,0.0015825568,1,0,0,1,1
15147,-1,0,-0.73414874,0.32428497,0,1,unassigned,42.0,41.0,1.0,0.97619045,0.023809524,0.023809552,0.07736944,0.0018421295,0,0,0,0,0
15148,0,0,-0.32087356,0.42046288,0,0,train,21.0,21.0,0.0,1.0,0.0,0.0,0.036750484,0.0,0,0,1,0,0
15149,0,0,0.59728223,0.6450343,1,1,test,27.0,26.0,1.0,0.962963,0.037037037,0.037037015,0.0483559,0.0017909593,0,0,0,1,0
15150,-1,0,0.9127155,0.71355546,1,1,unassigned,3.0,3.0,0.0,1.0,0.0,0.0,0.001934236,0.0,0,0,0,1,0
15151,-1,0,-0.2410518,0.4400272,0,1,unassigned,154.0,148.0,6.0,0.96103895,0.038961038,0.038961053,0.29400387,0.011454696,0,0,0,0,0
15152,-1,0,0.46022135,0.6130667,1,1,unassigned,4.0,4.0,0.0,1.0,0.0,0.0,0.003868472,0.0,0,0,0,1,0
15153,-1,0,-0.6800085,0.33625942,0,1,unassigned,56.0,56.0,0.0,1.0,0.0,0.0,0.10444874,0.0,0,0,0,0,0
15154,-1,0,-0.47503096,0.38342616,0,1,unassigned,2.0,2.0,0.0,1.0,0.0,0.0,0.0,0.0,0,0,0,0,0
15155,1,1,-0.57069606,0.36107624,0,1,unassigned,71.0,38.0,33.0,0.53521127,0.46478873,0.46478873,0.13346228,0.062031765,1,0,0,0,0
15156,-1,0,-0.2120978,0.44717345,0,1,unassigned,58.0,57.0,1.0,0.98275864,0.01724138,0.017241359,0.10831721,0.0018675381,0,0,0,0,0
15157,-1,0,7.544253,0.9994711,1,1,unassigned,203.0,196.0,7.0,0.9655172,0.03448276,0.034482777,0.38878143,0.013406256,0,0,0,1,1
15158,-1,0,-0.6229755,0.349105,0,1,unassigned,55.0,55.0,0.0,1.0,0.0,0.0,0.102514505,0.0,0,0,0,0,0
15159,0,0,0.6774867,0.6631775,1,1,val,2.0,2.0,0.0,1.0,0.0,0.0,0.0,0.0,0,0,0,1,0
15160,-1,0,1.3856783,0.7999014,1,1,unassigned,13.0,7.0,6.0,0.53846157,0.46153846,0.46153843,0.021276595,0.009819967,0,0,0,1,0
15161,-1,0,2.0231085,0.8832021,1,1,unassigned,10.0,4.0,6.0,0.4,0.6,0.6,0.015473888,0.009284333,0,0,0,1,0
15162,-1,1,5.6255097,0.99640816,1,1,unassigned,3.0,2.0,1.0,0.6666667,0.33333334,0.3333333,0.001934236,0.00064474536,1,0,0,1,1
15163,1,1,-0.74104035,0.3227767,0,1,unassigned,41.0,31.0,10.0,0.75609756,0.24390244,0.24390244,0.07543521,0.01839883,1,0,0,0,0
15164,-1,1,-0.17738956,0.45576856,0,1,unassigned,14.0,14.0,0.0,1.0,0.0,0.0,0.023210831,0.0,1,0,0,0,0
15165,-1,0,3.4592612,0.9695061,1,1,unassigned,40.0,19.0,21.0,0.475,0.525,0.525,0.07350097,0.038588006,0,0,0,1,1
15166,-1,0,-0.5417185,0.3677879,0,1,unassigned,67.0,67.0,0.0,1.0,0.0,0.0,0.12572534,0.0,0,0,0,0,0
15167,-1,0,5.6466746,0.9964832,1,1,unassigned,105.0,93.0,12.0,0.8857143,0.114285715,0.11428571,0.1992263,0.022768721,0,0,0,1,1
15168,-1,1,3.0061464,0.95285106,1,1,unassigned,61.0,36.0,25.0,0.59016395,0.40983605,0.40983605,0.114119925,0.04677046,1,0,0,1,1
15169,-1,0,-0.04886186,0.48778695,0,1,unassigned,31.0,31.0,0.0,1.0,0.0,0.0,0.056092843,0.0,0,0,0,0,0
15170,-1,1,-0.27961704,0.43054765,0,1,unassigned,6.0,3.0,3.0,0.5,0.5,0.5,0.007736944,0.003868472,1,0,0,0,0
15171,0,0,-0.6593219,0.34089196,0,0,unassigned,4.0,4.0,0.0,1.0,0.0,0.0,0.003868472,0.0,0,0,1,0,0
15172,-1,0,-0.121379465,0.46969238,0,1,unassigned,4.0,4.0,0.0,1.0,0.0,0.0,0.003868472,0.0,0,0,0,0,0
15173,0,0,-0.6875318,0.33458236,0,0,val,3.0,3.0,0.0,1.0,0.0,0.0,0.001934236,0.0,0,0,1,0,0
15174,-1,0,0.14624214,0.5364955,1,1,unassigned,24.0,24.0,0.0,1.0,0.0,0.0,0.04255319,0.0,0,0,0,1,0
15175,-1,0,-0.67926514,0.33642536,0,1,unassigned,12.0,12.0,0.0,1.0,0.0,0.0,0.01934236,0.0,0,0,0,0,0
15176,-1,0,1.1456296,0.7587117,1,1,unassigned,7.0,7.0,0.0,1.0,0.0,0.0,0.00967118,0.0,0,0,0,1,0
15177,-1,0,1.628361,0.835945,1,1,unassigned,5.0,4.0,1.0,0.8,0.2,0.19999999,0.0058027077,0.0011605415,0,0,0,1,0
15178,-1,0,-0.5583401,0.36393163,0,1,unassigned,6.0,6.0,0.0,1.0,0.0,0.0,0.007736944,0.0,0,0,0,0,0
15179,0,1,-0.8736323,0.29449907,0,0,val,10.0,10.0,0.0,1.0,0.0,0.0,0.015473888,0.0,1,0,1,0,0
15180,-1,0,-0.906592,0.28769773,0,1,unassigned,21.0,21.0,0.0,1.0,0.0,0.0,0.036750484,0.0,0,0,0,0,0
15181,0,0,-0.7243012,0.3264465,0,0,test,28.0,27.0,1.0,0.96428573,0.035714287,0.03571427,0.050290134,0.0017960763,0,0,1,0,0
15182,-1,0,-0.4042032,0.4003029,0,1,unassigned,43.0,43.0,0.0,1.0,0.0,0.0,0.079303674,0.0,0,0,0,0,0
15183,-1,0,-0.66834354,0.33886784,0,1,unassigned,40.0,37.0,3.0,0.925,0.075,0.07499999,0.07350097,0.005512573,0,0,0,0,0
15184,1,0,-0.53237545,0.36996302,0,1,unassigned,112.0,112.0,0.0,1.0,0.0,0.0,0.21276596,0.0,0,0,0,0,0
15185,-1,0,-0.793497,0.31141827,0,1,unassigned,29.0,29.0,0.0,1.0,0.0,0.0,0.05222437,0.0,0,0,0,0,0
15186,-1,0,-0.87022895,0.29520667,0,1,unassigned,34.0,34.0,0.0,1.0,0.0,0.0,0.061895553,0.0,0,0,0,0,0
15187,-1,0,3.633322,0.9742522,1,1,unassigned,20.0,20.0,0.0,1.0,0.0,0.0,0.034816246,0.0,0,0,0,1,1
15188,-1,1,0.30947447,0.57675695,1,1,unassigned,18.0,18.0,0.0,1.0,0.0,0.0,0.030947777,0.0,1,0,0,1,0
15189,-1,0,-0.28458822,0.42932928,0,1,unassigned,70.0,70.0,0.0,1.0,0.0,0.0,0.13152805,0.0,0,0,0,0,0
15190,-1,0,2.6764238,0.935621,1,1,unassigned,6.0,5.0,1.0,0.8333333,0.16666667,0.16666669,0.007736944,0.0012894907,0,0,0,1,1
15191,-1,0,-0.08555752,0.47862366,0,1,unassigned,45.0,45.0,0.0,1.0,0.0,0.0,0.08317215,0.0,0,0,0,0,0
15192,-1,0,0.31368476,0.5777844,1,1,unassigned,30.0,30.0,0.0,1.0,0.0,0.0,0.054158606,0.0,0,0,0,1,0
15193,1,1,-0.15290272,0.46184862,0,1,val,12.0,12.0,0.0,1.0,0.0,0.0,0.01934236,0.0,1,0,0,0,0
15194,-1,0,-0.7890493,0.31237283,0,1,unassigned,16.0,16.0,0.0,1.0,0.0,0.0,0.027079303,0.0,0,0,0,0,0
15195,-1,0,-0.42535943,0.39523497,0,1,unassigned,45.0,45.0,0.0,1.0,0.0,0.0,0.08317215,0.0,0,0,0,0,0
15196,-1,0,0.75007564,0.67919517,1,1,unassigned,16.0,16.0,0.0,1.0,0.0,0.0,0.027079303,0.0,0,0,0,1,0
15197,-1,1,-0.7892703,0.3123254,0,1,unassigned,111.0,107.0,4.0,0.963964,0.036036037,0.036036015,0.21083172,0.0075975396,1,0,0,0,0
15198,-1,0,-0.79736274,0.31058994,0,1,unassigned,28.0,28.0,0.0,1.0,0.0,0.0,0.050290134,0.0,0,0,0,0,0
15199,-1,1,0.20915651,0.5520993,1,1,unassigned,7.0,1.0,6.0,0.14285715,0.85714287,0.85714287,0.00967118,0.008289583,1,1,0,1,0
15200,-1,0,0.7455434,0.67820686,1,1,unassigned,57.0,51.0,6.0,0.8947368,0.10526316,0.10526317,0.10638298,0.011198209,0,0,0,1,0
15201,-1,0,0.5393346,0.63165766,1,1,unassigned,11.0,11.0,0.0,1.0,0.0,0.0,0.017408123,0.0,0,0,0,1,0
15202,-1,1,-0.79798084,0.31045762,0,1,unassigned,49.0,46.0,3.0,0.93877554,0.06122449,0.06122446,0.09090909,0.005565863,1,0,0,0,0
15203,-1,0,1.455589,0.8108571,1,1,unassigned,2.0,2.0,0.0,1.0,0.0,0.0,0.0,0.0,0,0,0,1,0
15204,-1,1,0.38434082,0.5949196,1,1,unassigned,24.0,18.0,6.0,0.75,0.25,0.25,0.04255319,0.010638298,1,0,0,1,0
15205,-1,1,1.1788371,0.7647387,1,1,unassigned,35.0,35.0,0.0,1.0,0.0,0.0,0.06382979,0.0,1,0,0,1,0
15206,-1,0,2.1491945,0.8955935,1,1,unassigned,27.0,21.0,6.0,0.7777778,0.22222222,0.22222221,0.0483559,0.010745755,0,0,0,1,0
15207,-1,0,-0.20640767,0.4485805,0,1,unassigned,9.0,7.0,2.0,0.7777778,0.22222222,0.22222221,0.013539651,0.0030088115,0,0,0,0,0
15208,0,0,0.13368428,0.5333714,1,1,unassigned,11.0,7.0,4.0,0.6363636,0.36363637,0.36363637,0.017408123,0.006330227,0,0,0,1,0
15209,0,0,-0.29661876,0.42638427,0,0,test,17.0,17.0,0.0,1.0,0.0,0.0,0.029013539,0.0,0,0,1,0,0
15210,-1,0,0.19161302,0.5477572,1,1,unassigned,5.0,5.0,0.0,1.0,0.0,0.0,0.0058027077,0.0,0,0,0,1,0
15211,-1,0,-0.9300177,0.2829211,0,1,unassigned,56.0,56.0,0.0,1.0,0.0,0.0,0.10444874,0.0,0,0,0,0,0
15212,-1,0,2.772775,0.94118685,1,1,unassigned,15.0,15.0,0.0,1.0,0.0,0.0,0.025145067,0.0,0,0,0,1,1
15213,1,0,0.8497972,0.70052457,1,0,unassigned,16.0,16.0,0.0,1.0,0.0,0.0,0.027079303,0.0,0,0,1,1,0
15214,-1,0,-0.5179695,0.37332714,0,1,unassigned,37.0,37.0,0.0,1.0,0.0,0.0,0.06769826,0.0,0,0,0,0,0
15215,0,0,0.024050474,0.5060124,1,1,val,11.0,11.0,0.0,1.0,0.0,0.0,0.017408123,0.0,0,0,0,1,0
15216,1,0,9.699287,0.9999387,1,0,unassigned,2.0,2.0,0.0,1.0,0.0,0.0,0.0,0.0,0,0,1,1,1
15217,-1,0,-0.64607704,0.3438741,0,1,unassigned,57.0,57.0,0.0,1.0,0.0,0.0,0.10638298,0.0,0,0,0,0,0
15218,-1,0,-0.66861033,0.33880806,0,1,unassigned,118.0,118.0,0.0,1.0,0.0,0.0,0.22437137,0.0,0,0,0,0,0
15219,-1,1,-0.6986221,0.3321178,0,1,unassigned,41.0,40.0,1.0,0.9756098,0.024390243,0.02439022,0.07543521,0.001839883,1,0,0,0,0
15220,1,0,0.6206878,0.65037495,1,0,val,7.0,6.0,1.0,0.85714287,0.14285715,0.14285713,0.00967118,0.0013815971,0,0,1,1,0
15221,-1,0,1.275574,0.7816954,1,1,unassigned,9.0,8.0,1.0,0.8888889,0.11111111,0.111111104,0.013539651,0.0015044058,0,0,0,1,0
15222,-1,1,1.0071211,0.7324563,1,1,unassigned,18.0,13.0,5.0,0.7222222,0.2777778,0.2777778,0.030947777,0.008596605,1,0,0,1,0
15223,-1,1,-0.8692694,0.29540634,0,1,unassigned,38.0,37.0,1.0,0.9736842,0.02631579,0.026315808,0.06963249,0.0018324341,1,0,0,0,0
15224,-1,0,1.0106528,0.73314786,1,1,unassigned,7.0,6.0,1.0,0.85714287,0.14285715,0.14285713,0.00967118,0.0013815971,0,0,0,1,0
15225,-1,0,-0.46062672,0.38683712,0,1,unassigned,17.0,17.0,0.0,1.0,0.0,0.0,0.029013539,0.0,0,0,0,0,0
15226,-1,0,0.33941275,0.58404785,1,1,unassigned,5.0,5.0,0.0,1.0,0.0,0.0,0.0058027077,0.0,0,0,0,1,0
15227,-1,0,2.2385852,0.9036614,1,1,unassigned,30.0,30.0,0.0,1.0,0.0,0.0,0.054158606,0.0,0,0,0,1,1
15228,-1,0,0.4082355,0.6006647,1,1,unassigned,10.0,10.0,0.0,1.0,0.0,0.0,0.015473888,0.0,0,0,0,1,0
15229,-1,0,0.4139257,0.6020288,1,1,unassigned,15.0,14.0,1.0,0.93333334,0.06666667,0.06666666,0.025145067,0.0016763379,0,0,0,1,0
15230,-1,0,0.23767614,0.55914086,1,1,unassigned,2.0,2.0,0.0,1.0,0.0,0.0,0.0,0.0,0,0,0,1,0
15231,-1,0,-0.50459576,0.37646127,0,1,unassigned,110.0,110.0,0.0,1.0,0.0,0.0,0.20889749,0.0,0,0,0,0,0
15232,0,1,-0.8889657,0.2913233,0,0,unassigned,66.0,64.0,2.0,0.969697,0.030303031,0.030303001,0.123791106,0.0037512458,1,0,1,0,0
15233,-1,1,-0.92137265,0.28467828,0,1,unassigned,19.0,19.0,0.0,1.0,0.0,0.0,0.032882012,0.0,1,0,0,0,0
15234,-1,0,-0.7345687,0.32419294,0,1,unassigned,68.0,68.0,0.0,1.0,0.0,0.0,0.12765957,0.0,0,0,0,0,0
15235,-1,1,2.8429167,0.94495136,1,1,unassigned,8.0,6.0,2.0,0.75,0.25,0.25,0.0116054155,0.0029013539,1,0,0,1,1
15236,-1,0,-0.123946995,0.46905285,0,1,unassigned,54.0,54.0,0.0,1.0,0.0,0.0,0.10058027,0.0,0,0,0,0,0
15237,-1,0,-0.4661314,0.38553232,0,1,unassigned,58.0,58.0,0.0,1.0,0.0,0.0,0.10831721,0.0,0,0,0,0,0
15238,-1,0,0.23406786,0.55825126,1,1,unassigned,50.0,50.0,0.0,1.0,0.0,0.0,0.092843324,0.0,0,0,0,1,0
15239,-1,0,0.30613726,0.5759421,1,1,unassigned,11.0,10.0,1.0,0.90909094,0.09090909,0.090909064,0.017408123,0.0015825568,0,0,0,1,0
15240,-1,0,-0.25235882,0.43724298,0,1,unassigned,50.0,50.0,0.0,1.0,0.0,0.0,0.092843324,0.0,0,0,0,0,0
15241,0,0,-0.47328192,0.38383976,0,0,unassigned,131.0,131.0,0.0,1.0,0.0,0.0,0.24951644,0.0,0,0,1,0,0
15242,-1,0,2.2665653,0.9060699,1,1,unassigned,2.0,2.0,0.0,1.0,0.0,0.0,0.0,0.0,0,0,0,1,1
15243,-1,0,-0.918251,0.2853144,0,1,unassigned,67.0,67.0,0.0,1.0,0.0,0.0,0.12572534,0.0,0,0,0,0,0
15244,-1,0,-0.46313116,0.38624328,0,1,unassigned,24.0,21.0,3.0,0.875,0.125,0.125,0.04255319,0.005319149,0,0,0,0,0
15245,-1,1,3.4571068,0.96944237,1,1,unassigned,11.0,10.0,1.0,0.90909094,0.09090909,0.090909064,0.017408123,0.0015825568,1,0,0,1,1
15246,-1,0,-0.659916,0.34075847,0,1,unassigned,107.0,107.0,0.0,1.0,0.0,0.0,0.20309478,0.0,0,0,0,0,0
15247,-1,0,1.2045631,0.76933557,1,1,unassigned,10.0,10.0,0.0,1.0,0.0,0.0,0.015473888,0.0,0,0,0,1,0
15248,-1,1,4.330463,0.9870095,1,1,unassigned,8.0,8.0,0.0,1.0,0.0,0.0,0.0116054155,0.0,1,0,0,1,1
15249,1,1,2.893896,0.9475439,1,0,val,17.0,16.0,1.0,0.9411765,0.05882353,0.058823526,0.029013539,0.0017066788,1,0,1,1,1
15250,-1,0,-0.47740525,0.38286504,0,1,unassigned,90.0,90.0,0.0,1.0,0.0,0.0,0.17021276,0.0,0,0,0,0,0
15251,-1,0,0.12733644,0.53179115,1,1,unassigned,13.0,8.0,5.0,0.61538464,0.3846154,0.38461536,0.021276595,0.008183306,0,0,0,1,0
15252,-1,0,-0.43793535,0.39223304,0,1,unassigned,22.0,21.0,1.0,0.95454544,0.045454547,0.04545456,0.03868472,0.0017583964,0,0,0,0,0
15253,-1,0,0.96233195,0.72358847,1,1,unassigned,37.0,36.0,1.0,0.972973,0.027027028,0.02702701,0.06769826,0.0018296828,0,0,0,1,0
15254,1,0,-0.37058353,0.4084,0,1,test,36.0,35.0,1.0,0.9722222,0.027777778,0.027777791,0.065764025,0.0018267785,0,0,0,0,0
15255,-1,0,-0.48011383,0.38222525,0,1,unassigned,40.0,40.0,0.0,1.0,0.0,0.0,0.07350097,0.0,0,0,0,0,0
15256,-1,0,-0.2578255,0.43589827,0,1,unassigned,47.0,47.0,0.0,1.0,0.0,0.0,0.08704062,0.0,0,0,0,0,0
15257,-1,0,0.17710888,0.54416186,1,1,unassigned,8.0,8.0,0.0,1.0,0.0,0.0,0.0116054155,0.0,0,0,0,1,0
15258,-1,1,-0.04814011,0.48796725,0,1,unassigned,2.0,2.0,0.0,1.0,0.0,0.0,0.0,0.0,1,0,0,0,0
15259,-1,1,-0.182524,0.45449525,0,1,unassigned,3.0,3.0,0.0,1.0,0.0,0.0,0.001934236,0.0,1,0,0,0,0
15260,-1,0,-0.9754256,0.27380037,0,1,unassigned,8.0,7.0,1.0,0.875,0.125,0.125,0.0116054155,0.0014506769,0,0,0,0,0
15261,-1,0,0.619387,0.65007913,1,1,unassigned,31.0,31.0,0.0,1.0,0.0,0.0,0.056092843,0.0,0,0,0,1,0
15262,1,1,-0.37861973,0.40645987,0,1,unassigned,4.0,4.0,0.0,1.0,0.0,0.0,0.003868472,0.0,1,0,0,0,0
15263,-1,0,0.7340179,0.67568636,1,1,unassigned,35.0,34.0,1.0,0.9714286,0.028571429,0.028571427,0.06382979,0.0018237082,0,0,0,1,0
15264,-1,0,2.601648,0.93096757,1,1,unassigned,64.0,50.0,14.0,0.78125,0.21875,0.21875,0.11992263,0.026233075,0,0,0,1,1
15265,-1,0,0.5845539,0.6421146,1,1,unassigned,7.0,7.0,0.0,1.0,0.0,0.0,0.00967118,0.0,0,0,0,1,0
15266,-1,0,-0.115502834,0.47115636,0,1,unassigned,2.0,2.0,0.0,1.0,0.0,0.0,0.0,0.0,0,0,0,0,0
15267,-1,0,1.594393,0.83123326,1,1,unassigned,2.0,2.0,0.0,1.0,0.0,0.0,0.0,0.0,0,0,0,1,0
15268,0,0,0.3642754,0.590075,1,1,val,9.0,9.0,0.0,1.0,0.0,0.0,0.013539651,0.0,0,0,0,1,0
15269,-1,0,2.6072586,0.9313273,1,1,unassigned,5.0,5.0,0.0,1.0,0.0,0.0,0.0058027077,0.0,0,0,0,1,1
15270,-1,0,-0.39763194,0.40188146,0,1,unassigned,22.0,22.0,0.0,1.0,0.0,0.0,0.03868472,0.0,0,0,0,0,0
15271,-1,0,3.6708953,0.9751781,1,1,unassigned,10.0,10.0,0.0,1.0,0.0,0.0,0.015473888,0.0,0,0,0,1,1
15272,-1,0,2.7337258,0.9389877,1,1,unassigned,9.0,8.0,1.0,0.8888889,0.11111111,0.111111104,0.013539651,0.0015044058,0,0,0,1,1
15273,-1,0,0.0812214,0.5202942,1,1,unassigned,2.0,2.0,0.0,1.0,0.0,0.0,0.0,0.0,0,0,0,1,0
15274,-1,0,1.361721,0.7960393,1,1,unassigned,8.0,8.0,0.0,1.0,0.0,0.0,0.0116054155,0.0,0,0,0,1,0
15275,-1,0,0.93699986,0.7184932,1,1,unassigned,2.0,1.0,1.0,0.5,0.5,0.5,0.0,0.0,0,0,0,1,0
15276,-1,1,-0.5875502,0.35719717,0,1,unassigned,47.0,46.0,1.0,0.9787234,0.021276595,0.021276593,0.08704062,0.001851928,1,0,0,0,0
15277,-1,0,-0.49865237,0.3778574,0,1,unassigned,97.0,94.0,3.0,0.96907216,0.030927835,0.030927837,0.18375242,0.0056830645,0,0,0,0,0
15278,-1,0,-0.69699943,0.33247784,0,1,unassigned,41.0,38.0,3.0,0.9268293,0.07317073,0.07317072,0.07543521,0.005519649,0,0,0,0,0
15279,-1,0,-0.3800341,0.4061187,0,1,unassigned,66.0,66.0,0.0,1.0,0.0,0.0,0.123791106,0.0,0,0,0,0,0
15280,-1,0,-0.73086727,0.32500443,0,1,unassigned,111.0,109.0,2.0,0.981982,0.018018018,0.018018007,0.21083172,0.0037987698,0,0,0,0,0
15281,-1,0,-0.12557256,0.46864805,0,1,unassigned,4.0,4.0,0.0,1.0,0.0,0.0,0.003868472,0.0,0,0,0,0,0
15282,-1,1,4.154486,0.98454857,1,1,unassigned,28.0,27.0,1.0,0.96428573,0.035714287,0.03571427,0.050290134,0.0017960763,1,0,0,1,1
15283,-1,1,-0.9393209,0.28103754,0,1,unassigned,78.0,78.0,0.0,1.0,0.0,0.0,0.14700194,0.0,1,0,0,0,0
15284,-1,1,-0.35938364,0.41110873,0,1,unassigned,2.0,2.0,0.0,1.0,0.0,0.0,0.0,0.0,1,0,0,0,0
15285,-1,0,-0.7328999,0.32455868,0,1,unassigned,75.0,75.0,0.0,1.0,0.0,0.0,0.14119923,0.0,0,0,0,0,0
15286,0,0,-0.05006945,0.4874853,0,0,test,4.0,4.0,0.0,1.0,0.0,0.0,0.003868472,0.0,0,0,1,0,0
15287,-1,0,-0.3575823,0.41154495,0,1,unassigned,18.0,18.0,0.0,1.0,0.0,0.0,0.030947777,0.0,0,0,0,0,0
15288,-1,0,0.112517655,0.5280998,1,1,unassigned,7.0,7.0,0.0,1.0,0.0,0.0,0.00967118,0.0,0,0,0,1,0
15289,-1,0,1.2541733,0.7780214,1,1,unassigned,3.0,3.0,0.0,1.0,0.0,0.0,0.001934236,0.0,0,0,0,1,0
15290,-1,0,1.4071062,0.8033091,1,1,unassigned,11.0,9.0,2.0,0.8181818,0.18181819,0.18181819,0.017408123,0.0031651135,0,0,0,1,0
15291,0,0,0.24439329,0.560796,1,1,unassigned,9.0,9.0,0.0,1.0,0.0,0.0,0.013539651,0.0,0,0,0,1,0
15292,0,0,0.63444906,0.6534976,1,1,val,24.0,24.0,0.0,1.0,0.0,0.0,0.04255319,0.0,0,0,0,1,0
15293,1,0,0.5071803,0.6241452,1,0,test,48.0,47.0,1.0,0.9791667,0.020833334,0.020833313,0.088974856,0.0018536429,0,0,1,1,0
15294,-1,0,0.9060231,0.7121857,1,1,unassigned,61.0,61.0,0.0,1.0,0.0,0.0,0.114119925,0.0,0,0,0,1,0
15295,1,0,1.9348443,0.87378466,1,0,train,4.0,4.0,0.0,1.0,0.0,0.0,0.003868472,0.0,0,0,1,1,0
15296,-1,0,-0.29128218,0.42769,0,1,unassigned,51.0,51.0,0.0,1.0,0.0,0.0,0.09477756,0.0,0,0,0,0,0
15297,-1,0,0.22697037,0.55650026,1,1,unassigned,4.0,4.0,0.0,1.0,0.0,0.0,0.003868472,0.0,0,0,0,1,0
15298,-1,0,0.038475573,0.5096177,1,1,unassigned,34.0,33.0,1.0,0.9705882,0.029411765,0.029411793,0.061895553,0.0018204574,0,0,0,1,0
15299,0,0,-0.27914816,0.43066263,0,0,val,28.0,28.0,0.0,1.0,0.0,0.0,0.050290134,0.0,0,0,1,0,0
15300,-1,0,-0.108799845,0.47282684,0,1,unassigned,46.0,44.0,2.0,0.95652175,0.04347826,0.04347825,0.08510638,0.0037002775,0,0,0,0,0
15301,-1,0,10.770189,0.999979,1,1,unassigned,2.0,2.0,0.0,1.0,0.0,0.0,0.0,0.0,0,0,0,1,1
15302,-1,0,-0.28149027,0.43008846,0,1,unassigned,25.0,23.0,2.0,0.92,0.08,0.07999998,0.044487428,0.003558994,0,0,0,0,0
15303,-1,1,-0.7009059,0.3316114,0,1,unassigned,44.0,43.0,1.0,0.97727275,0.022727273,0.022727251,0.08123791,0.0018463163,1,0,0,0,0
15304,-1,0,-0.24521887,0.43900067,0,1,unassigned,10.0,10.0,0.0,1.0,0.0,0.0,0.015473888,0.0,0,0,0,0,0
15305,-1,0,1.5207655,0.82065123,1,1,unassigned,22.0,21.0,1.0,0.95454544,0.045454547,0.04545456,0.03868472,0.0017583964,0,0,0,1,0
15306,1,0,3.0458982,0.95460516,1,0,val,3.0,3.0,0.0,1.0,0.0,0.0,0.001934236,0.0,0,0,1,1,1
15307,0,0,-1.9263022,0.12716043,0,0,unassigned,2.0,2.0,0.0,1.0,0.0,0.0,0.0,0.0,0,0,1,0,0
15308,0,0,0.6065267,0.6471481,1,1,val,9.0,9.0,0.0,1.0,0.0,0.0,0.013539651,0.0,0,0,0,1,0
15309,-1,0,-0.62394977,0.3488837,0,1,unassigned,21.0,21.0,0.0,1.0,0.0,0.0,0.036750484,0.0,0,0,0,0,0
15310,-1,0,-0.6324201,0.34696198,0,1,unassigned,83.0,83.0,0.0,1.0,0.0,0.0,0.15667312,0.0,0,0,0,0,0
15311,-1,0,0.113982975,0.5284649,1,1,unassigned,4.0,4.0,0.0,1.0,0.0,0.0,0.003868472,0.0,0,0,0,1,0
15312,-1,0,-0.71153396,0.32926,0,1,unassigned,81.0,81.0,0.0,1.0,0.0,0.0,0.15280464,0.0,0,0,0,0,0
15313,-1,1,0.83001643,0.69635844,1,1,unassigned,45.0,44.0,1.0,0.9777778,0.022222223,0.02222222,0.08317215,0.0018482701,1,0,0,1,0
15314,-1,0,-0.47510394,0.3834089,0,1,unassigned,2.0,2.0,0.0,1.0,0.0,0.0,0.0,0.0,0,0,0,0,0
15315,-1,0,9.551337,0.99992895,1,1,unassigned,50.0,33.0,17.0,0.66,0.34,0.33999997,0.092843324,0.03156673,0,0,0,1,1
15316,-1,0,0.55975777,0.63639647,1,1,unassigned,23.0,19.0,4.0,0.82608694,0.17391305,0.17391306,0.040618956,0.0070641665,0,0,0,1,0
15317,-1,1,-0.18552199,0.45375213,0,1,unassigned,30.0,30.0,0.0,1.0,0.0,0.0,0.054158606,0.0,1,0,0,0,0
15318,-1,0,-0.30081844,0.4253574,0,1,unassigned,59.0,58.0,1.0,0.9830508,0.016949153,0.016949177,0.11025145,0.0018686686,0,0,0,0,0
15319,-1,1,1.8586984,0.86514515,1,1,unassigned,5.0,5.0,0.0,1.0,0.0,0.0,0.0058027077,0.0,1,0,0,1,0
15320,-1,0,-0.8475967,0.29993725,0,1,unassigned,33.0,33.0,0.0,1.0,0.0,0.0,0.059961315,0.0,0,0,0,0,0
15321,-1,0,7.236733,0.99928087,1,1,unassigned,2.0,2.0,0.0,1.0,0.0,0.0,0.0,0.0,0,0,0,1,1
15322,-1,0,-0.3852117,0.40487054,0,1,unassigned,108.0,106.0,2.0,0.9814815,0.018518519,0.018518507,0.20502901,0.0037968336,0,0,0,0,0
15323,-1,1,0.4534114,0.61145,1,1,unassigned,23.0,22.0,1.0,0.95652175,0.04347826,0.04347825,0.040618956,0.0017660416,1,0,0,1,0
15324,1,0,0.45430928,0.61166334,1,0,val,18.0,18.0,0.0,1.0,0.0,0.0,0.030947777,0.0,0,0,1,1,0
15325,-1,1,0.7802004,0.6857233,1,1,unassigned,23.0,21.0,2.0,0.9130435,0.08695652,0.0869565,0.040618956,0.0035320832,1,0,0,1,0
15326,-1,1,0.31890893,0.5790583,1,1,unassigned,8.0,8.0,0.0,1.0,0.0,0.0,0.0116054155,0.0,1,0,0,1,0
15327,1,1,0.708883,0.6701543,1,0,unassigned,92.0,90.0,2.0,0.9782609,0.02173913,0.021739125,0.17408124,0.0037843748,1,0,1,1,0
15328,0,0,0.009082496,0.5022706,1,1,unassigned,32.0,32.0,0.0,1.0,0.0,0.0,0.058027077,0.0,0,0,0,1,0
15329,1,0,-0.32431638,0.41962418,0,1,val,79.0,76.0,3.0,0.96202534,0.03797468,0.037974656,0.14893617,0.0056558037,0,0,0,0,0
15330,-1,1,3.1487448,0.95885926,1,1,unassigned,3.0,2.0,1.0,0.6666667,0.33333334,0.3333333,0.001934236,0.00064474536,1,0,0,1,1
15331,0,0,-0.30014738,0.42552143,0,0,val,78.0,77.0,1.0,0.98717946,0.012820513,0.012820542,0.14700194,0.0018846402,0,0,1,0,0
15332,-1,0,-0.5399725,0.36819398,0,1,unassigned,28.0,28.0,0.0,1.0,0.0,0.0,0.050290134,0.0,0,0,0,0,0
15333,-1,0,-0.564923,0.36240917,0,1,unassigned,25.0,25.0,0.0,1.0,0.0,0.0,0.044487428,0.0,0,0,0,0,0
15334,-1,0,0.75392836,0.6800341,1,1,unassigned,2.0,2.0,0.0,1.0,0.0,0.0,0.0,0.0,0,0,0,1,0
15335,-1,0,-0.14928952,0.4627468,0,1,unassigned,102.0,101.0,1.0,0.99019605,0.009803922,0.009803951,0.1934236,0.0018963099,0,0,0,0,0
15336,-1,0,0.4914413,0.6204459,1,1,unassigned,16.0,16.0,0.0,1.0,0.0,0.0,0.027079303,0.0,0,0,0,1,0
15337,1,1,1.7255485,0.84884214,1,0,val,6.0,6.0,0.0,1.0,0.0,0.0,0.007736944,0.0,1,0,1,1,0
15338,1,0,0.03658122,0.50914425,1,0,val,32.0,30.0,2.0,0.9375,0.0625,0.0625,0.058027077,0.0036266923,0,0,1,1,0
15339,-1,0,-0.57470566,0.36015174,0,1,unassigned,57.0,57.0,0.0,1.0,0.0,0.0,0.10638298,0.0,0,0,0,0,0
15340,-1,0,-0.45255014,0.38875464,0,1,unassigned,16.0,16.0,0.0,1.0,0.0,0.0,0.027079303,0.0,0,0,0,0,0
15341,-1,1,-0.5960268,0.35525322,0,1,unassigned,43.0,41.0,2.0,0.95348835,0.046511628,0.04651165,0.079303674,0.0036885429,1,0,0,0,0
15342,-1,0,-0.5743622,0.36023086,0,1,unassigned,48.0,47.0,1.0,0.9791667,0.020833334,0.020833313,0.088974856,0.0018536429,0,0,0,0,0
15343,1,0,6.0599985,0.99767107,1,0,unassigned,5.0,5.0,0.0,1.0,0.0,0.0,0.0058027077,0.0,0,0,1,1,1
15344,-1,0,-0.7459113,0.32171285,0,1,unassigned,12.0,12.0,0.0,1.0,0.0,0.0,0.01934236,0.0,0,0,0,0,0
15345,-1,0,-0.19669059,0.4509853,0,1,unassigned,64.0,64.0,0.0,1.0,0.0,0.0,0.11992263,0.0,0,0,0,0,0
15346,-1,0,-0.43934512,0.39189702,0,1,unassigned,14.0,13.0,1.0,0.9285714,0.071428575,0.0714286,0.023210831,0.0016579166,0,0,0,0,0
15347,1,0,-0.37219495,0.40801075,0,1,val,11.0,11.0,0.0,1.0,0.0,0.0,0.017408123,0.0,0,0,0,0,0
15348,-1,0,-0.53159344,0.37014532,0,1,unassigned,74.0,74.0,0.0,1.0,0.0,0.0,0.13926499,0.0,0,0,0,0,0
15349,-1,0,-0.4015237,0.4009463,0,1,unassigned,10.0,10.0,0.0,1.0,0.0,0.0,0.015473888,0.0,0,0,0,0,0
15350,-1,0,-0.09377402,0.47657368,0,1,unassigned,30.0,30.0,0.0,1.0,0.0,0.0,0.054158606,0.0,0,0,0,0,0
15351,-1,0,0.45099288,0.6108753,1,1,unassigned,21.0,21.0,0.0,1.0,0.0,0.0,0.036750484,0.0,0,0,0,1,0
15352,1,0,1.0392504,0.73870534,1,0,test,46.0,41.0,5.0,0.8913044,0.10869565,0.108695626,0.08510638,0.009250693,0,0,1,1,0
15353,0,0,-0.5793592,0.35908008,0,0,unassigned,42.0,42.0,0.0,1.0,0.0,0.0,0.07736944,0.0,0,0,1,0,0
15354,-1,0,1.0001309,0.7310843,1,1,unassigned,32.0,32.0,0.0,1.0,0.0,0.0,0.058027077,0.0,0,0,0,1,0
15355,-1,1,4.18168,0.9849569,1,1,unassigned,5.0,5.0,0.0,1.0,0.0,0.0,0.0058027077,0.0,1,0,0,1,1
15356,-1,0,4.975246,0.9931405,1,1,unassigned,2.0,2.0,0.0,1.0,0.0,0.0,0.0,0.0,0,0,0,1,1
15357,0,0,-0.55265176,0.36524937,0,0,val,17.0,17.0,0.0,1.0,0.0,0.0,0.029013539,0.0,0,0,1,0,0
15358,1,0,-0.4251357,0.39528847,0,1,unassigned,17.0,17.0,0.0,1.0,0.0,0.0,0.029013539,0.0,0,0,0,0,0
15359,-1,1,2.5591366,0.928185,1,1,unassigned,5.0,4.0,1.0,0.8,0.2,0.19999999,0.0058027077,0.0011605415,1,0,0,1,1
15360,-1,1,3.6772578,0.97533166,1,1,unassigned,2.0,2.0,0.0,1.0,0.0,0.0,0.0,0.0,1,0,0,1,1
15361,-1,0,2.719457,0.938165,1,1,unassigned,27.0,27.0,0.0,1.0,0.0,0.0,0.0483559,0.0,0,0,0,1,1
15362,-1,0,-0.12748745,0.46817124,0,1,unassigned,20.0,20.0,0.0,1.0,0.0,0.0,0.034816246,0.0,0,0,0,0,0
15363,-1,0,-0.67421734,0.33755317,0,1,unassigned,88.0,86.0,2.0,0.97727275,0.022727273,0.022727251,0.1663443,0.0037805524,0,0,0,0,0
15364,-1,0,0.90098256,0.71115136,1,1,unassigned,17.0,14.0,3.0,0.8235294,0.1764706,0.17647058,0.029013539,0.005120036,0,0,0,1,0
15365,-1,0,8.470545,0.9997905,1,1,unassigned,8.0,6.0,2.0,0.75,0.25,0.25,0.0116054155,0.0029013539,0,0,0,1,1
15366,-1,0,-0.5842569,0.35795367,0,1,unassigned,14.0,13.0,1.0,0.9285714,0.071428575,0.0714286,0.023210831,0.0016579166,0,0,0,0,0
15367,-1,0,0.91450864,0.7139219,1,1,unassigned,5.0,5.0,0.0,1.0,0.0,0.0,0.0058027077,0.0,0,0,0,1,0
15368,0,1,-0.5064546,0.37602502,0,0,unassigned,34.0,34.0,0.0,1.0,0.0,0.0,0.061895553,0.0,1,0,1,0,0
15369,1,0,2.393799,0.9163532,1,0,val,19.0,18.0,1.0,0.94736844,0.05263158,0.052631557,0.032882012,0.0017306323,0,0,1,1,1
15370,-1,0,1.3003318,0.7858908,1,1,unassigned,26.0,24.0,2.0,0.9230769,0.07692308,0.07692307,0.046421662,0.0035708973,0,0,0,1,0
15371,0,0,0.2528445,0.56287646,1,1,unassigned,4.0,4.0,0.0,1.0,0.0,0.0,0.003868472,0.0,0,0,0,1,0
15372,-1,1,-0.37613484,0.40705946,0,1,unassigned,128.0,125.0,3.0,0.9765625,0.0234375,0.0234375,0.24371374,0.0057120407,1,0,0,0,0
15373,-1,0,-0.34613347,0.41432035,0,1,unassigned,6.0,6.0,0.0,1.0,0.0,0.0,0.007736944,0.0,0,0,0,0,0
15374,-1,1,1.5597489,0.8263173,1,1,unassigned,5.0,5.0,0.0,1.0,0.0,0.0,0.0058027077,0.0,1,0,0,1,0
15375,-1,1,2.8058212,0.9429896,1,1,unassigned,10.0,10.0,0.0,1.0,0.0,0.0,0.015473888,0.0,1,0,0,1,1
15376,-1,1,1.237942,0.77520555,1,1,unassigned,33.0,26.0,7.0,0.7878788,0.21212122,0.21212119,0.059961315,0.012719067,1,0,0,1,0
15377,-1,1,-0.68714356,0.3346688,0,1,unassigned,17.0,17.0,0.0,1.0,0.0,0.0,0.029013539,0.0,1,0,0,0,0
15378,0,0,-0.48532104,0.3809964,0,0,val,21.0,21.0,0.0,1.0,0.0,0.0,0.036750484,0.0,0,0,1,0,0
15379,1,1,5.8071575,0.997003,1,0,unassigned,5.0,5.0,0.0,1.0,0.0,0.0,0.0058027077,0.0,1,0,1,1,1
15380,-1,0,0.6961399,0.66733134,1,1,unassigned,23.0,21.0,2.0,0.9130435,0.08695652,0.0869565,0.040618956,0.0035320832,0,0,0,1,0
15381,-1,0,0.79281586,0.6884356,1,1,unassigned,17.0,17.0,0.0,1.0,0.0,0.0,0.029013539,0.0,0,0,0,1,0
15382,-1,0,-0.2686284,0.43324387,0,1,unassigned,10.0,10.0,0.0,1.0,0.0,0.0,0.015473888,0.0,0,0,0,0,0
15383,-1,0,8.965677,0.9998723,1,1,unassigned,8.0,7.0,1.0,0.875,0.125,0.125,0.0116054155,0.0014506769,0,0,0,1,1
15384,-1,0,0.32960278,0.5816627,1,1,unassigned,2.0,1.0,1.0,0.5,0.5,0.5,0.0,0.0,0,0,0,1,0
15385,-1,0,3.5315564,0.97157246,1,1,unassigned,16.0,16.0,0.0,1.0,0.0,0.0,0.027079303,0.0,0,0,0,1,1
15386,-1,0,-1.0292308,0.26323324,0,1,unassigned,5.0,5.0,0.0,1.0,0.0,0.0,0.0058027077,0.0,0,0,0,0,0
15387,1,1,0.10781813,0.5269284,1,0,test,4.0,4.0,0.0,1.0,0.0,0.0,0.003868472,0.0,1,0,1,1,0
15388,-1,0,2.1917152,0.89950305,1,1,unassigned,5.0,5.0,0.0,1.0,0.0,0.0,0.0058027077,0.0,0,0,0,1,0
15389,-1,1,-0.28732258,0.42865944,0,1,unassigned,8.0,8.0,0.0,1.0,0.0,0.0,0.0116054155,0.0,1,0,0,0,0
15390,-1,0,-0.11534613,0.47119537,0,1,unassigned,2.0,1.0,1.0,0.5,0.5,0.5,0.0,0.0,0,0,0,0,0
15391,-1,0,-0.27632165,0.43135583,0,1,unassigned,16.0,15.0,1.0,0.9375,0.0625,0.0625,0.027079303,0.0016924564,0,0,0,0,0
15392,-1,0,-0.48396236,0.38131693,0,1,unassigned,14.0,14.0,0.0,1.0,0.0,0.0,0.023210831,0.0,0,0,0,0,0
15393,-1,0,1.3534958,0.79470056,1,1,unassigned,4.0,4.0,0.0,1.0,0.0,0.0,0.003868472,0.0,0,0,0,1,0
15394,-1,0,0.21889466,0.5545062,1,1,unassigned,7.0,6.0,1.0,0.85714287,0.14285715,0.14285713,0.00967118,0.0013815971,0,0,0,1,0
15395,-1,0,5.779376,0.9969189,1,1,unassigned,2.0,1.0,1.0,0.5,0.5,0.5,0.0,0.0,0,0,0,1,1
15396,-1,0,1.4393888,0.80836,1,1,unassigned,15.0,15.0,0.0,1.0,0.0,0.0,0.025145067,0.0,0,0,0,1,0
15397,-1,0,1.3010674,0.78601456,1,1,unassigned,2.0,1.0,1.0,0.5,0.5,0.5,0.0,0.0,0,0,0,1,0
15398,-1,1,11.653538,0.9999913,1,1,unassigned,2.0,2.0,0.0,1.0,0.0,0.0,0.0,0.0,1,0,0,1,1
15399,-1,0,-0.46907508,0.38483518,0,1,unassigned,58.0,58.0,0.0,1.0,0.0,0.0,0.10831721,0.0,0,0,0,0,0
15400,-1,0,7.904138,0.9996309,1,1,unassigned,3.0,2.0,1.0,0.6666667,0.33333334,0.3333333,0.001934236,0.00064474536,0,0,0,1,1
15401,-1,0,0.38151062,0.5942374,1,1,unassigned,4.0,4.0,0.0,1.0,0.0,0.0,0.003868472,0.0,0,0,0,1,0
15402,-1,1,-0.48840392,0.38026962,0,1,unassigned,2.0,2.0,0.0,1.0,0.0,0.0,0.0,0.0,1,0,0,0,0
15403,-1,0,-0.75496596,0.3197402,0,1,unassigned,15.0,14.0,1.0,0.93333334,0.06666667,0.06666666,0.025145067,0.0016763379,0,0,0,0,0
15404,-1,0,0.10778916,0.5269212,1,1,unassigned,3.0,3.0,0.0,1.0,0.0,0.0,0.001934236,0.0,0,0,0,1,0
15405,-1,1,-0.8805442,0.29306504,0,1,unassigned,64.0,63.0,1.0,0.984375,0.015625,0.015625,0.11992263,0.0018737911,1,0,0,0,0
15406,-1,0,-0.43628332,0.39262694,0,1,unassigned,87.0,84.0,3.0,0.9655172,0.03448276,0.034482777,0.16441005,0.005669312,0,0,0,0,0
15407,-1,0,-0.99177516,0.2705616,0,1,unassigned,22.0,22.0,0.0,1.0,0.0,0.0,0.03868472,0.0,0,0,0,0,0
15408,-1,0,1.5677483,0.8274623,1,1,unassigned,36.0,36.0,0.0,1.0,0.0,0.0,0.065764025,0.0,0,0,0,1,0
15409,-1,0,3.6084468,0.97362083,1,1,unassigned,3.0,3.0,0.0,1.0,0.0,0.0,0.001934236,0.0,0,0,0,1,1
15410,-1,0,4.037207,0.98265934,1,1,unassigned,16.0,16.0,0.0,1.0,0.0,0.0,0.027079303,0.0,0,0,0,1,1
15411,-1,0,-0.34075174,0.4156269,0,1,unassigned,60.0,60.0,0.0,1.0,0.0,0.0,0.11218569,0.0,0,0,0,0,0
15412,0,0,-0.79344374,0.3114297,0,0,test,49.0,49.0,0.0,1.0,0.0,0.0,0.09090909,0.0,0,0,1,0,0
15413,-1,0,0.008943498,0.50223583,1,1,unassigned,6.0,6.0,0.0,1.0,0.0,0.0,0.007736944,0.0,0,0,0,1,0
15414,-1,0,4.6115417,0.9901613,1,1,unassigned,11.0,11.0,0.0,1.0,0.0,0.0,0.017408123,0.0,0,0,0,1,1
15415,-1,0,1.381321,0.79920304,1,1,unassigned,17.0,17.0,0.0,1.0,0.0,0.0,0.029013539,0.0,0,0,0,1,0
15416,-1,0,-0.9038774,0.28825435,0,1,unassigned,120.0,117.0,3.0,0.975,0.025,0.024999976,0.22823985,0.0057059964,0,0,0,0,0
15417,-1,0,-0.9079131,0.28742707,0,1,unassigned,32.0,32.0,0.0,1.0,0.0,0.0,0.058027077,0.0,0,0,0,0,0
15418,-1,0,-0.32794702,0.41874024,0,1,unassigned,25.0,24.0,1.0,0.96,0.04,0.04000002,0.044487428,0.001779497,0,0,0,0,0
15419,-1,0,-0.6568209,0.3414541,0,1,unassigned,53.0,52.0,1.0,0.9811321,0.018867925,0.01886791,0.09864604,0.0018612461,0,0,0,0,0
15420,1,0,0.1357215,0.5338784,1,0,test,50.0,49.0,1.0,0.98,0.02,0.01999998,0.092843324,0.0018568664,0,0,1,1,0
15421,-1,1,4.381887,0.98765266,1,1,unassigned,12.0,12.0,0.0,1.0,0.0,0.0,0.01934236,0.0,1,0,0,1,1
15422,0,0,-0.6034104,0.35356382,0,0,val,59.0,58.0,1.0,0.9830508,0.016949153,0.016949177,0.11025145,0.0018686686,0,0,1,0,0
15423,-1,0,-0.6529498,0.3423251,0,1,unassigned,26.0,26.0,0.0,1.0,0.0,0.0,0.046421662,0.0,0,0,0,0,0
15424,-1,0,-0.3506738,0.41321906,0,1,unassigned,111.0,110.0,1.0,0.990991,0.009009009,0.009009004,0.21083172,0.0018993849,0,0,0,0,0
15425,-1,0,-0.518869,0.37311673,0,1,unassigned,25.0,25.0,0.0,1.0,0.0,0.0,0.044487428,0.0,0,0,0,0,0
15426,-1,0,-0.5650128,0.36238837,0,1,unassigned,47.0,47.0,0.0,1.0,0.0,0.0,0.08704062,0.0,0,0,0,0,0
15427,1,0,-0.5168894,0.3735799,0,1,unassigned,19.0,18.0,1.0,0.94736844,0.05263158,0.052631557,0.032882012,0.0017306323,0,0,0,0,0
15428,-1,0,-0.16818795,0.45805186,0,1,unassigned,92.0,90.0,2.0,0.9782609,0.02173913,0.021739125,0.17408124,0.0037843748,0,0,0,0,0
15429,-1,0,-0.43694127,0.39247006,0,1,unassigned,25.0,25.0,0.0,1.0,0.0,0.0,0.044487428,0.0,0,0,0,0,0
15430,-1,0,-0.61373186,0.3512084,0,1,unassigned,11.0,10.0,1.0,0.90909094,0.09090909,0.090909064,0.017408123,0.0015825568,0,0,0,0,0
15431,-1,0,-0.8125994,0.30733684,0,1,unassigned,97.0,95.0,2.0,0.97938144,0.020618556,0.020618558,0.18375242,0.0037887094,0,0,0,0,0
15432,-1,0,-0.50576043,0.3761879,0,1,unassigned,23.0,23.0,0.0,1.0,0.0,0.0,0.040618956,0.0,0,0,0,0,0
15433,-1,0,-0.37495083,0.4073453,0,1,unassigned,22.0,21.0,1.0,0.95454544,0.045454547,0.04545456,0.03868472,0.0017583964,0,0,0,0,0
15434,1,0,5.742082,0.9968022,1,0,val,2.0,2.0,0.0,1.0,0.0,0.0,0.0,0.0,0,0,1,1,1
15435,-1,1,-0.43611467,0.39266714,0,1,unassigned,27.0,23.0,4.0,0.8518519,0.14814815,0.14814812,0.0483559,0.007163837,1,0,0,0,0
15436,-1,0,-0.54130775,0.3678834,0,1,unassigned,67.0,67.0,0.0,1.0,0.0,0.0,0.12572534,0.0,0,0,0,0,0
15437,-1,0,3.9251926,0.98064375,1,1,unassigned,2.0,2.0,0.0,1.0,0.0,0.0,0.0,0.0,0,0,0,1,1
15438,-1,1,3.3364642,0.9656587,1,1,unassigned,3.0,2.0,1.0,0.6666667,0.33333334,0.3333333,0.001934236,0.00064474536,1,0,0,1,1
15439,-1,0,-0.63159645,0.34714863,0,1,unassigned,13.0,13.0,0.0,1.0,0.0,0.0,0.021276595,0.0,0,0,0,0,0
15440,-1,0,-0.8899567,0.29111877,0,1,unassigned,13.0,13.0,0.0,1.0,0.0,0.0,0.021276595,0.0,0,0,0,0,0
15441,-1,0,2.2665322,0.9060671,1,1,unassigned,24.0,24.0,0.0,1.0,0.0,0.0,0.04255319,0.0,0,0,0,1,1
15442,-1,0,0.78719765,0.6872293,1,1,unassigned,3.0,3.0,0.0,1.0,0.0,0.0,0.001934236,0.0,0,0,0,1,0
15443,1,0,0.3470375,0.585899,1,0,test,9.0,8.0,1.0,0.8888889,0.11111111,0.111111104,0.013539651,0.0015044058,0,0,1,1,0
15444,-1,0,0.6548,0.6580913,1,1,unassigned,24.0,22.0,2.0,0.9166667,0.083333336,0.08333331,0.04255319,0.0035460992,0,0,0,1,0
15445,-1,1,4.2757735,0.9862894,1,1,unassigned,3.0,3.0,0.0,1.0,0.0,0.0,0.001934236,0.0,1,0,0,1,1
15446,-1,0,-0.02960217,0.49260002,0,1,unassigned,40.0,40.0,0.0,1.0,0.0,0.0,0.07350097,0.0,0,0,0,0,0
15447,-1,0,2.2428503,0.904032,1,1,unassigned,3.0,3.0,0.0,1.0,0.0,0.0,0.001934236,0.0,0,0,0,1,1
15448,-1,1,5.371111,0.9953726,1,1,unassigned,4.0,4.0,0.0,1.0,0.0,0.0,0.003868472,0.0,1,0,0,1,1
15449,-1,0,2.646918,0.9338207,1,1,unassigned,27.0,25.0,2.0,0.9259259,0.074074075,0.07407409,0.0483559,0.0035819185,0,0,0,1,1
15450,-1,0,-0.5704756,0.36112708,0,1,unassigned,2.0,2.0,0.0,1.0,0.0,0.0,0.0,0.0,0,0,0,0,0
15451,-1,0,1.3152263,0.7883864,1,1,unassigned,12.0,11.0,1.0,0.9166667,0.083333336,0.08333331,0.01934236,0.0016118633,0,0,0,1,0
15452,-1,0,4.1165233,0.98396045,1,1,unassigned,29.0,28.0,1.0,0.9655172,0.03448276,0.034482777,0.05222437,0.0018008404,0,0,0,1,1
15453,-1,0,2.5395162,0.9268661,1,1,unassigned,12.0,12.0,0.0,1.0,0.0,0.0,0.01934236,0.0,0,0,0,1,1
15454,-1,0,-0.46054745,0.38685596,0,1,unassigned,4.0,4.0,0.0,1.0,0.0,0.0,0.003868472,0.0,0,0,0,0,0
15455,-1,0,-0.78563744,0.31310618,0,1,unassigned,12.0,12.0,0.0,1.0,0.0,0.0,0.01934236,0.0,0,0,0,0,0
15456,-1,0,0.3896107,0.59618896,1,1,unassigned,2.0,2.0,0.0,1.0,0.0,0.0,0.0,0.0,0,0,0,1,0
15457,-1,0,-0.30321926,0.4247707,0,1,unassigned,3.0,3.0,0.0,1.0,0.0,0.0,0.001934236,0.0,0,0,0,0,0
15458,-1,0,3.0863965,0.9563281,1,1,unassigned,10.0,9.0,1.0,0.9,0.1,0.100000024,0.015473888,0.0015473888,0,0,0,1,1
15459,-1,0,-0.11366126,0.47161523,0,1,unassigned,19.0,19.0,0.0,1.0,0.0,0.0,0.032882012,0.0,0,0,0,0,0
15460,0,1,0.1530568,0.53818965,1,1,val,17.0,17.0,0.0,1.0,0.0,0.0,0.029013539,0.0,1,0,0,1,0
15461,0,1,-0.71482617,0.32853332,0,0,unassigned,38.0,38.0,0.0,1.0,0.0,0.0,0.06963249,0.0,1,0,1,0,0
15462,0,1,-0.71535647,0.32841632,0,0,unassigned,66.0,66.0,0.0,1.0,0.0,0.0,0.123791106,0.0,1,0,1,0,0
15463,-1,1,3.6356356,0.97431016,1,1,unassigned,16.0,14.0,2.0,0.875,0.125,0.125,0.027079303,0.0033849129,1,0,0,1,1
15464,-1,1,1.7284541,0.8492146,1,1,unassigned,30.0,29.0,1.0,0.96666664,0.033333335,0.03333336,0.054158606,0.001805287,1,0,0,1,0
15465,-1,0,-0.9277586,0.28337967,0,1,unassigned,2.0,2.0,0.0,1.0,0.0,0.0,0.0,0.0,0,0,0,0,0
15466,-1,1,-0.8155198,0.30671552,0,1,unassigned,106.0,103.0,3.0,0.9716981,0.028301887,0.028301895,0.20116054,0.005693223,1,0,0,0,0
15467,-1,1,0.35558832,0.58797204,1,1,unassigned,22.0,22.0,0.0,1.0,0.0,0.0,0.03868472,0.0,1,0,0,1,0
15468,1,1,1.3729343,0.7978538,1,0,unassigned,37.0,34.0,3.0,0.9189189,0.08108108,0.08108109,0.06769826,0.005489048,1,0,1,1,0
15469,-1,1,1.0144336,0.73388696,1,1,unassigned,26.0,19.0,7.0,0.7307692,0.26923078,0.26923078,0.046421662,0.01249814,1,0,0,1,0
15470,-1,1,2.1182559,0.8926649,1,1,unassigned,30.0,29.0,1.0,0.96666664,0.033333335,0.03333336,0.054158606,0.001805287,1,0,0,1,0
15471,-1,0,-0.96974695,0.27493092,0,1,unassigned,27.0,27.0,0.0,1.0,0.0,0.0,0.0483559,0.0,0,0,0,0,0
15472,-1,0,-0.1745334,0.45647708,0,1,unassigned,22.0,22.0,0.0,1.0,0.0,0.0,0.03868472,0.0,0,0,0,0,0
15473,0,0,0.64520794,0.65592974,1,1,test,39.0,38.0,1.0,0.974359,0.025641026,0.025641024,0.07156673,0.0018350444,0,0,0,1,0
15474,-1,0,-0.628151,0.3479299,0,1,unassigned,55.0,54.0,1.0,0.9818182,0.018181818,0.0181818,0.102514505,0.0018639,0,0,0,0,0
15475,-1,0,-0.37023404,0.4084845,0,1,unassigned,33.0,31.0,2.0,0.93939394,0.060606062,0.060606062,0.059961315,0.0036340193,0,0,0,0,0
15476,-1,0,-0.28394386,0.4294872,0,1,unassigned,5.0,5.0,0.0,1.0,0.0,0.0,0.0058027077,0.0,0,0,0,0,0
15477,-1,0,2.4851868,0.9230968,1,1,unassigned,3.0,3.0,0.0,1.0,0.0,0.0,0.001934236,0.0,0,0,0,1,1
15478,-1,0,-0.5028197,0.37687823,0,1,unassigned,3.0,2.0,1.0,0.6666667,0.33333334,0.3333333,0.001934236,0.00064474536,0,0,0,0,0
15479,0,0,-0.5404987,0.36807162,0,0,unassigned,16.0,16.0,0.0,1.0,0.0,0.0,0.027079303,0.0,0,0,1,0,0
15480,1,0,1.3366323,0.7919356,1,0,test,4.0,4.0,0.0,1.0,0.0,0.0,0.003868472,0.0,0,0,1,1,0
15481,-1,0,2.9077685,0.9482292,1,1,unassigned,2.0,2.0,0.0,1.0,0.0,0.0,0.0,0.0,0,0,0,1,1
15482,1,0,5.4858727,0.9958722,1,0,test,2.0,2.0,0.0,1.0,0.0,0.0,0.0,0.0,0,0,1,1,1
15483,0,0,-0.36332488,0.4101549,0,0,train,42.0,41.0,1.0,0.97619045,0.023809524,0.023809552,0.07736944,0.0018421295,0,0,1,0,0
15484,-1,0,-0.44754934,0.38994357,0,1,unassigned,3.0,3.0,0.0,1.0,0.0,0.0,0.001934236,0.0,0,0,0,0,0
15485,-1,0,1.456979,0.8110702,1,1,unassigned,44.0,42.0,2.0,0.95454544,0.045454547,0.04545456,0.08123791,0.0036926325,0,0,0,1,0
15486,-1,0,-0.77440655,0.31552666,0,1,unassigned,8.0,8.0,0.0,1.0,0.0,0.0,0.0116054155,0.0,0,0,0,0,0
15487,-1,1,0.95352083,0.72182274,1,1,unassigned,63.0,61.0,2.0,0.96825397,0.031746034,0.03174603,0.11798839,0.0037456634,1,0,0,1,0
15488,1,1,1.3342664,0.79154545,1,0,test,54.0,54.0,0.0,1.0,0.0,0.0,0.10058027,0.0,1,0,1,1,0
15489,-1,1,2.6631634,0.9348177,1,1,unassigned,27.0,27.0,0.0,1.0,0.0,0.0,0.0483559,0.0,1,0,0,1,1
15490,-1,1,4.379907,0.98762846,1,1,unassigned,17.0,13.0,4.0,0.7647059,0.23529412,0.2352941,0.029013539,0.006826715,1,0,0,1,1
15491,-1,1,1.9751108,0.87815905,1,1,unassigned,56.0,56.0,0.0,1.0,0.0,0.0,0.10444874,0.0,1,0,0,1,0
15492,-1,1,1.7516129,0.85215616,1,1,unassigned,77.0,76.0,1.0,0.987013,0.012987013,0.012987018,0.14506769,0.001883996,1,0,0,1,0
15493,-1,1,2.2228937,0.9022866,1,1,unassigned,15.0,15.0,0.0,1.0,0.0,0.0,0.025145067,0.0,1,0,0,1,1
15494,-1,1,-0.59553826,0.35536513,0,1,unassigned,57.0,57.0,0.0,1.0,0.0,0.0,0.10638298,0.0,1,0,0,0,0
15495,-1,0,3.9516776,0.98114014,1,1,unassigned,7.0,6.0,1.0,0.85714287,0.14285715,0.14285713,0.00967118,0.0013815971,0,0,0,1,1
15496,-1,1,2.399117,0.9167599,1,1,unassigned,18.0,18.0,0.0,1.0,0.0,0.0,0.030947777,0.0,1,0,0,1,1
15497,-1,1,-0.7643199,0.3177091,0,1,unassigned,135.0,129.0,6.0,0.95555556,0.044444446,0.04444444,0.25725338,0.011433484,1,0,0,0,0
15498,-1,1,-0.004401386,0.4988996,0,1,unassigned,28.0,28.0,0.0,1.0,0.0,0.0,0.050290134,0.0,1,0,0,0,0
15499,-1,1,0.43128306,0.60618,1,1,unassigned,17.0,17.0,0.0,1.0,0.0,0.0,0.029013539,0.0,1,0,0,1,0
15500,-1,0,-0.5641457,0.36258876,0,1,unassigned,54.0,54.0,0.0,1.0,0.0,0.0,0.10058027,0.0,0,0,0,0,0
15501,-1,1,-0.04613626,0.48846796,0,1,unassigned,11.0,11.0,0.0,1.0,0.0,0.0,0.017408123,0.0,1,0,0,0,0
15502,-1,0,1.8688583,0.8663261,1,1,unassigned,14.0,14.0,0.0,1.0,0.0,0.0,0.023210831,0.0,0,0,0,1,0
15503,1,0,1.808728,0.85920805,1,0,val,6.0,5.0,1.0,0.8333333,0.16666667,0.16666669,0.007736944,0.0012894907,0,0,1,1,0
15504,-1,0,1.4066784,0.80324155,1,1,unassigned,4.0,3.0,1.0,0.75,0.25,0.25,0.003868472,0.000967118,0,0,0,1,0
15505,-1,0,10.93804,0.99998224,1,1,unassigned,2.0,2.0,0.0,1.0,0.0,0.0,0.0,0.0,0,0,0,1,1
15506,-1,0,-0.006464243,0.49838394,0,1,unassigned,34.0,33.0,1.0,0.9705882,0.029411765,0.029411793,0.061895553,0.0018204574,0,0,0,0,0
15507,-1,0,3.142814,0.95862466,1,1,unassigned,3.0,3.0,0.0,1.0,0.0,0.0,0.001934236,0.0,0,0,0,1,1
15508,-1,0,1.9474602,0.87516946,1,1,unassigned,3.0,3.0,0.0,1.0,0.0,0.0,0.001934236,0.0,0,0,0,1,0
15509,-1,0,-0.45241717,0.3887862,0,1,unassigned,4.0,4.0,0.0,1.0,0.0,0.0,0.003868472,0.0,0,0,0,0,0
15510,-1,0,2.7947447,0.94239116,1,1,unassigned,2.0,2.0,0.0,1.0,0.0,0.0,0.0,0.0,0,0,0,1,1
15511,-1,1,1.7535989,0.85240614,1,1,unassigned,2.0,2.0,0.0,1.0,0.0,0.0,0.0,0.0,1,0,0,1,0
15512,-1,0,-0.93855095,0.28119314,0,1,unassigned,102.0,102.0,0.0,1.0,0.0,0.0,0.1934236,0.0,0,0,0,0,0
15513,-1,0,-0.9143439,0.28611177,0,1,unassigned,60.0,60.0,0.0,1.0,0.0,0.0,0.11218569,0.0,0,0,0,0,0
15514,-1,0,-0.19744146,0.45079938,0,1,unassigned,16.0,16.0,0.0,1.0,0.0,0.0,0.027079303,0.0,0,0,0,0,0
15515,-1,0,0.25230622,0.562744,1,1,unassigned,12.0,12.0,0.0,1.0,0.0,0.0,0.01934236,0.0,0,0,0,1,0
15516,-1,0,-0.539096,0.3683979,0,1,unassigned,29.0,28.0,1.0,0.9655172,0.03448276,0.034482777,0.05222437,0.0018008404,0,0,0,0,0
15517,-1,0,2.9509113,0.9503066,1,1,unassigned,9.0,9.0,0.0,1.0,0.0,0.0,0.013539651,0.0,0,0,0,1,1
15518,-1,0,-0.46372488,0.38610256,0,1,unassigned,10.0,10.0,0.0,1.0,0.0,0.0,0.015473888,0.0,0,0,0,0,0
15519,-1,1,0.40664107,0.6002822,1,1,unassigned,19.0,19.0,0.0,1.0,0.0,0.0,0.032882012,0.0,1,0,0,1,0
15520,-1,0,1.4434326,0.8089856,1,1,unassigned,4.0,4.0,0.0,1.0,0.0,0.0,0.003868472,0.0,0,0,0,1,0
15521,-1,0,13.070286,0.99999785,1,1,unassigned,4.0,4.0,0.0,1.0,0.0,0.0,0.003868472,0.0,0,0,0,1,1
15522,1,0,4.2433376,0.98584366,1,0,val,10.0,7.0,3.0,0.7,0.3,0.3,0.015473888,0.0046421667,0,0,1,1,1
15523,-1,0,0.81982297,0.6941987,1,1,unassigned,20.0,18.0,2.0,0.9,0.1,0.100000024,0.034816246,0.0034816246,0,0,0,1,0
15524,-1,0,3.058584,0.9551517,1,1,unassigned,3.0,3.0,0.0,1.0,0.0,0.0,0.001934236,0.0,0,0,0,1,1
15525,0,0,-0.22409594,0.44420928,0,0,unassigned,13.0,13.0,0.0,1.0,0.0,0.0,0.021276595,0.0,0,0,1,0,0
15526,-1,1,0.5852714,0.6422795,1,1,unassigned,64.0,63.0,1.0,0.984375,0.015625,0.015625,0.11992263,0.0018737911,1,0,0,1,0
15527,-1,0,4.58513,0.98990065,1,1,unassigned,2.0,2.0,0.0,1.0,0.0,0.0,0.0,0.0,0,0,0,1,1
15528,0,0,-0.9155107,0.2858735,0,0,unassigned,120.0,119.0,1.0,0.9916667,0.008333334,0.008333325,0.22823985,0.0019019989,0,0,1,0,0
15529,-1,0,-0.48840314,0.38026983,0,1,unassigned,3.0,3.0,0.0,1.0,0.0,0.0,0.001934236,0.0,0,0,0,0,0
15530,-1,1,9.382695,0.99991584,1,1,unassigned,2.0,1.0,1.0,0.5,0.5,0.5,0.0,0.0,1,0,0,1,1
15531,-1,0,-0.61770546,0.35030347,0,1,unassigned,27.0,25.0,2.0,0.9259259,0.074074075,0.07407409,0.0483559,0.0035819185,0,0,0,0,0
15532,-1,0,-0.73683566,0.3236965,0,1,unassigned,34.0,34.0,0.0,1.0,0.0,0.0,0.061895553,0.0,0,0,0,0,0
15533,-1,0,-0.5177044,0.37338915,0,1,unassigned,20.0,20.0,0.0,1.0,0.0,0.0,0.034816246,0.0,0,0,0,0,0
15534,0,0,-0.25949487,0.4354879,0,0,unassigned,34.0,32.0,2.0,0.9411765,0.05882353,0.058823526,0.061895553,0.0036409148,0,0,1,0,0
15535,0,0,-0.60873324,0.35234824,0,0,val,13.0,13.0,0.0,1.0,0.0,0.0,0.021276595,0.0,0,0,1,0,0
15536,-1,1,0.60238796,0.64620245,1,1,unassigned,59.0,51.0,8.0,0.86440676,0.13559322,0.13559324,0.11025145,0.014949349,1,0,0,1,0
15537,1,0,0.22250181,0.5553971,1,0,train,45.0,45.0,0.0,1.0,0.0,0.0,0.08317215,0.0,0,0,1,1,0
15538,-1,0,1.3113909,0.7877458,1,1,unassigned,5.0,5.0,0.0,1.0,0.0,0.0,0.0058027077,0.0,0,0,0,1,0
15539,1,0,2.135768,0.89433134,1,0,unassigned,10.0,9.0,1.0,0.9,0.1,0.100000024,0.015473888,0.0015473888,0,0,1,1,0
15540,-1,0,4.308336,0.98672277,1,1,unassigned,12.0,11.0,1.0,0.9166667,0.083333336,0.08333331,0.01934236,0.0016118633,0,0,0,1,1
15541,-1,0,1.0218451,0.73533183,1,1,unassigned,4.0,4.0,0.0,1.0,0.0,0.0,0.003868472,0.0,0,0,0,1,0
15542,-1,0,0.24388641,0.56067115,1,1,unassigned,66.0,64.0,2.0,0.969697,0.030303031,0.030303001,0.123791106,0.0037512458,0,0,0,1,0
15543,-1,0,2.9689941,0.95115364,1,1,unassigned,3.0,2.0,1.0,0.6666667,0.33333334,0.3333333,0.001934236,0.00064474536,0,0,0,1,1
15544,-1,1,4.6803517,0.99080944,1,1,unassigned,3.0,3.0,0.0,1.0,0.0,0.0,0.001934236,0.0,1,0,0,1,1
15545,-1,1,3.061731,0.9552863,1,1,unassigned,9.0,8.0,1.0,0.8888889,0.11111111,0.111111104,0.013539651,0.0015044058,1,0,0,1,1
15546,1,0,1.9276822,0.87299263,1,0,val,9.0,9.0,0.0,1.0,0.0,0.0,0.013539651,0.0,0,0,1,1,0
15547,-1,0,-0.23091167,0.44252723,0,1,unassigned,13.0,13.0,0.0,1.0,0.0,0.0,0.021276595,0.0,0,0,0,0,0
15548,-1,1,-0.18912077,0.45286024,0,1,unassigned,3.0,3.0,0.0,1.0,0.0,0.0,0.001934236,0.0,1,0,0,0,0
15549,-1,0,1.2431221,0.77610695,1,1,unassigned,8.0,8.0,0.0,1.0,0.0,0.0,0.0116054155,0.0,0,0,0,1,0
15550,-1,0,0.58714885,0.6427107,1,1,unassigned,8.0,8.0,0.0,1.0,0.0,0.0,0.0116054155,0.0,0,0,0,1,0
15551,-1,1,-0.63717896,0.3458845,0,1,unassigned,16.0,12.0,4.0,0.75,0.25,0.25,0.027079303,0.0067698257,1,0,0,0,0
15552,-1,1,-0.7926298,0.3116043,0,1,unassigned,11.0,10.0,1.0,0.90909094,0.09090909,0.090909064,0.017408123,0.0015825568,1,0,0,0,0
15553,-1,1,1.0898271,0.7483492,1,1,unassigned,13.0,12.0,1.0,0.9230769,0.07692308,0.07692307,0.021276595,0.0016366612,1,0,0,1,0
15554,0,0,-0.7838168,0.31349787,0,0,val,6.0,6.0,0.0,1.0,0.0,0.0,0.007736944,0.0,0,0,1,0,0
15555,0,0,-0.19422406,0.45159605,0,0,val,19.0,19.0,0.0,1.0,0.0,0.0,0.032882012,0.0,0,0,1,0,0
15556,0,0,0.10200614,0.52547944,1,1,unassigned,65.0,62.0,3.0,0.95384616,0.046153847,0.046153843,0.12185687,0.0056241634,0,0,0,1,0
15557,-1,0,-0.5337292,0.36964753,0,1,unassigned,27.0,27.0,0.0,1.0,0.0,0.0,0.0483559,0.0,0,0,0,0,0
15558,1,0,0.53069645,0.6296456,1,0,test,7.0,6.0,1.0,0.85714287,0.14285715,0.14285713,0.00967118,0.0013815971,0,0,1,1,0
15559,-1,0,-0.28365028,0.4295591,0,1,unassigned,3.0,3.0,0.0,1.0,0.0,0.0,0.001934236,0.0,0,0,0,0,0
15560,0,1,-0.59247833,0.3560664,0,0,val,13.0,13.0,0.0,1.0,0.0,0.0,0.021276595,0.0,1,0,1,0,0
15561,-1,0,-0.67863,0.33656713,0,1,unassigned,75.0,75.0,0.0,1.0,0.0,0.0,0.14119923,0.0,0,0,0,0,0
15562,-1,0,-0.721934,0.32696724,0,1,unassigned,20.0,20.0,0.0,1.0,0.0,0.0,0.034816246,0.0,0,0,0,0,0
15563,-1,0,-0.48022008,0.38220012,0,1,unassigned,43.0,43.0,0.0,1.0,0.0,0.0,0.079303674,0.0,0,0,0,0,0
15564,-1,0,-0.13033101,0.46746328,0,1,unassigned,35.0,35.0,0.0,1.0,0.0,0.0,0.06382979,0.0,0,0,0,0,0
15565,-1,1,-0.3708978,0.4083241,0,1,unassigned,140.0,133.0,7.0,0.95,0.05,0.050000012,0.26692456,0.013346228,1,0,0,0,0
15566,-1,0,-0.58093846,0.35871667,0,1,unassigned,88.0,88.0,0.0,1.0,0.0,0.0,0.1663443,0.0,0,0,0,0,0
15567,-1,0,-0.5229422,0.37216455,0,1,unassigned,18.0,18.0,0.0,1.0,0.0,0.0,0.030947777,0.0,0,0,0,0,0
15568,1,1,0.6243574,0.65120894,1,0,test,7.0,7.0,0.0,1.0,0.0,0.0,0.00967118,0.0,1,0,1,1,0
15569,-1,0,-0.49991232,0.37756127,0,1,unassigned,10.0,10.0,0.0,1.0,0.0,0.0,0.015473888,0.0,0,0,0,0,0
15570,-1,0,-0.3433618,0.41499308,0,1,unassigned,51.0,50.0,1.0,0.98039216,0.019607844,0.019607842,0.09477756,0.0018583836,0,0,0,0,0
15571,-1,1,-0.5931702,0.3559078,0,1,unassigned,75.0,74.0,1.0,0.9866667,0.013333334,0.013333321,0.14119923,0.0018826565,1,0,0,0,0
15572,1,0,1.3145471,0.78827304,1,0,unassigned,4.0,4.0,0.0,1.0,0.0,0.0,0.003868472,0.0,0,0,1,1,0
15573,-1,0,0.6534142,0.6577794,1,1,unassigned,18.0,18.0,0.0,1.0,0.0,0.0,0.030947777,0.0,0,0,0,1,0
15574,-1,0,1.003274,0.73170173,1,1,unassigned,3.0,3.0,0.0,1.0,0.0,0.0,0.001934236,0.0,0,0,0,1,0
15575,-1,0,0.39400655,0.5972468,1,1,unassigned,16.0,16.0,0.0,1.0,0.0,0.0,0.027079303,0.0,0,0,0,1,0
15576,-1,0,-0.68688166,0.33472714,0,1,unassigned,3.0,3.0,0.0,1.0,0.0,0.0,0.001934236,0.0,0,0,0,0,0
15577,-1,0,2.2385232,0.903656,1,1,unassigned,2.0,2.0,0.0,1.0,0.0,0.0,0.0,0.0,0,0,0,1,1
15578,-1,0,6.793864,0.99888057,1,1,unassigned,34.0,33.0,1.0,0.9705882,0.029411765,0.029411793,0.061895553,0.0018204574,0,0,0,1,1
15579,-1,0,-0.43734527,0.3923737,0,1,unassigned,27.0,24.0,3.0,0.8888889,0.11111111,0.111111104,0.0483559,0.0053728777,0,0,0,0,0
15580,-1,0,-0.27245188,0.43230522,0,1,unassigned,5.0,5.0,0.0,1.0,0.0,0.0,0.0058027077,0.0,0,0,0,0,0
15581,-1,0,1.3147833,0.7883125,1,1,unassigned,10.0,7.0,3.0,0.7,0.3,0.3,0.015473888,0.0046421667,0,0,0,1,0
15582,-1,1,0.8829616,0.70743555,1,1,unassigned,3.0,3.0,0.0,1.0,0.0,0.0,0.001934236,0.0,1,0,0,1,0
15583,-1,0,2.2266123,0.90261394,1,1,unassigned,5.0,5.0,0.0,1.0,0.0,0.0,0.0058027077,0.0,0,0,0,1,1
15584,-1,0,0.26932818,0.566928,1,1,unassigned,6.0,6.0,0.0,1.0,0.0,0.0,0.007736944,0.0,0,0,0,1,0
15585,1,1,3.1428664,0.95862675,1,0,unassigned,22.0,19.0,3.0,0.8636364,0.13636364,0.13636363,0.03868472,0.005275189,1,0,1,1,1
15586,-1,0,0.36640012,0.5905888,1,1,unassigned,21.0,21.0,0.0,1.0,0.0,0.0,0.036750484,0.0,0,0,0,1,0
15587,-1,0,-0.8190594,0.3059634,0,1,unassigned,77.0,75.0,2.0,0.97402596,0.025974026,0.025974035,0.14506769,0.003767992,0,0,0,0,0
15588,-1,1,0.8240505,0.6950955,1,1,unassigned,32.0,29.0,3.0,0.90625,0.09375,0.09375,0.058027077,0.0054400386,1,0,0,1,0
15589,-1,1,9.284832,0.99990714,1,1,unassigned,9.0,6.0,3.0,0.6666667,0.33333334,0.3333333,0.013539651,0.004513217,1,0,0,1,1
15590,-1,0,0.64231354,0.65527624,1,1,unassigned,16.0,16.0,0.0,1.0,0.0,0.0,0.027079303,0.0,0,0,0,1,0
15591,-1,0,1.477742,0.8142313,1,1,unassigned,5.0,5.0,0.0,1.0,0.0,0.0,0.0058027077,0.0,0,0,0,1,0
15592,-1,0,1.4019859,0.8024989,1,1,unassigned,9.0,8.0,1.0,0.8888889,0.11111111,0.111111104,0.013539651,0.0015044058,0,0,0,1,0
15593,-1,0,-0.25276816,0.43714228,0,1,unassigned,7.0,7.0,0.0,1.0,0.0,0.0,0.00967118,0.0,0,0,0,0,0
15594,-1,1,-0.5812424,0.35864678,0,1,unassigned,48.0,47.0,1.0,0.9791667,0.020833334,0.020833313,0.088974856,0.0018536429,1,0,0,0,0
15595,-1,0,0.37388986,0.5923986,1,1,unassigned,2.0,2.0,0.0,1.0,0.0,0.0,0.0,0.0,0,0,0,1,0
15596,-1,1,3.590628,0.9731593,1,1,unassigned,14.0,14.0,0.0,1.0,0.0,0.0,0.023210831,0.0,1,0,0,1,1
15597,-1,0,1.0557437,0.74187636,1,1,unassigned,14.0,13.0,1.0,0.9285714,0.071428575,0.0714286,0.023210831,0.0016579166,0,0,0,1,0
15598,-1,1,-0.79800403,0.31045264,0,1,unassigned,18.0,18.0,0.0,1.0,0.0,0.0,0.030947777,0.0,1,0,0,0,0
15599,-1,1,4.292496,0.98651356,1,1,unassigned,2.0,2.0,0.0,1.0,0.0,0.0,0.0,0.0,1,0,0,1,1
15600,-1,1,1.3061028,0.7868603,1,1,unassigned,5.0,3.0,2.0,0.6,0.4,0.39999998,0.0058027077,0.002321083,1,0,0,1,0
15601,-1,0,0.12870443,0.53213173,1,1,unassigned,4.0,4.0,0.0,1.0,0.0,0.0,0.003868472,0.0,0,0,0,1,0
15602,-1,1,0.6832455,0.6644627,1,1,unassigned,2.0,2.0,0.0,1.0,0.0,0.0,0.0,0.0,1,0,0,1,0
15603,-1,0,7.5969243,0.99949825,1,1,unassigned,10.0,10.0,0.0,1.0,0.0,0.0,0.015473888,0.0,0,0,0,1,1
15604,-1,0,2.401984,0.9169785,1,1,unassigned,3.0,3.0,0.0,1.0,0.0,0.0,0.001934236,0.0,0,0,0,1,1
15605,-1,0,4.953037,0.9929876,1,1,unassigned,2.0,2.0,0.0,1.0,0.0,0.0,0.0,0.0,0,0,0,1,1
15606,-1,0,-0.7164421,0.32817695,0,1,unassigned,131.0,131.0,0.0,1.0,0.0,0.0,0.24951644,0.0,0,0,0,0,0
15607,-1,0,-0.7237494,0.32656786,0,1,unassigned,57.0,56.0,1.0,0.98245615,0.01754386,0.017543852,0.10638298,0.0018663681,0,0,0,0,0
15608,0,0,0.52383405,0.6280439,1,1,val,15.0,14.0,1.0,0.93333334,0.06666667,0.06666666,0.025145067,0.0016763379,0,0,0,1,0
15609,-1,0,1.1003292,0.7503218,1,1,unassigned,3.0,3.0,0.0,1.0,0.0,0.0,0.001934236,0.0,0,0,0,1,0
15610,-1,0,0.39732355,0.59804446,1,1,unassigned,4.0,4.0,0.0,1.0,0.0,0.0,0.003868472,0.0,0,0,0,1,0
15611,-1,1,0.5690233,0.63853776,1,1,unassigned,6.0,6.0,0.0,1.0,0.0,0.0,0.007736944,0.0,1,0,0,1,0
15612,-1,0,-0.6515717,0.34263545,0,1,unassigned,54.0,53.0,1.0,0.9814815,0.018518519,0.018518507,0.10058027,0.0018625975,0,0,0,0,0
15613,-1,0,-0.9446807,0.27995583,0,1,unassigned,44.0,44.0,0.0,1.0,0.0,0.0,0.08123791,0.0,0,0,0,0,0
15614,-1,0,-0.6013274,0.35404006,0,1,unassigned,23.0,23.0,0.0,1.0,0.0,0.0,0.040618956,0.0,0,0,0,0,0
15615,-1,0,2.1554046,0.89617276,1,1,unassigned,17.0,16.0,1.0,0.9411765,0.05882353,0.058823526,0.029013539,0.0017066788,0,0,0,1,0
15616,-1,0,1.0104034,0.7330991,1,1,unassigned,3.0,3.0,0.0,1.0,0.0,0.0,0.001934236,0.0,0,0,0,1,0
15617,-1,0,-0.025716364,0.49357128,0,1,unassigned,80.0,80.0,0.0,1.0,0.0,0.0,0.15087041,0.0,0,0,0,0,0
15618,-1,0,2.784517,0.94183344,1,1,unassigned,7.0,7.0,0.0,1.0,0.0,0.0,0.00967118,0.0,0,0,0,1,1
15619,-1,0,-0.55743176,0.3641419,0,1,unassigned,39.0,38.0,1.0,0.974359,0.025641026,0.025641024,0.07156673,0.0018350444,0,0,0,0,0
15620,-1,0,-0.4675773,0.3851898,0,1,unassigned,18.0,18.0,0.0,1.0,0.0,0.0,0.030947777,0.0,0,0,0,0,0
15621,1,0,0.76241213,0.6818772,1,0,unassigned,17.0,17.0,0.0,1.0,0.0,0.0,0.029013539,0.0,0,0,1,1,0
15622,-1,0,5.6241937,0.9964036,1,1,unassigned,3.0,1.0,2.0,0.33333334,0.6666667,0.6666666,0.001934236,0.0012894907,0,0,0,1,1
15623,-1,0,-0.51061034,0.37505046,0,1,unassigned,22.0,22.0,0.0,1.0,0.0,0.0,0.03868472,0.0,0,0,0,0,0
15624,-1,0,1.4152973,0.8046001,1,1,unassigned,10.0,10.0,0.0,1.0,0.0,0.0,0.015473888,0.0,0,0,0,1,0
15625,-1,0,-0.34312752,0.41504997,0,1,unassigned,9.0,9.0,0.0,1.0,0.0,0.0,0.013539651,0.0,0,0,0,0,0
15626,-1,0,-1.0509295,0.25904664,0,1,unassigned,2.0,2.0,0.0,1.0,0.0,0.0,0.0,0.0,0,0,0,0,0
15627,-1,1,4.4743924,0.9887313,1,1,unassigned,2.0,2.0,0.0,1.0,0.0,0.0,0.0,0.0,1,0,0,1,1
15628,-1,0,-0.68099797,0.3360386,0,1,unassigned,64.0,63.0,1.0,0.984375,0.015625,0.015625,0.11992263,0.0018737911,0,0,0,0,0
15629,0,1,-0.48661178,0.3806921,0,0,train,14.0,12.0,2.0,0.85714287,0.14285715,0.14285713,0.023210831,0.0033158332,1,0,1,0,0
15630,-1,1,3.0292523,0.9538783,1,1,unassigned,15.0,15.0,0.0,1.0,0.0,0.0,0.025145067,0.0,1,0,0,1,1
15631,-1,0,0.34343112,0.58502376,1,1,unassigned,13.0,13.0,0.0,1.0,0.0,0.0,0.021276595,0.0,0,0,0,1,0
15632,-1,0,1.4253168,0.8061706,1,1,unassigned,117.0,116.0,1.0,0.991453,0.008547009,0.008547008,0.22243714,0.0019011722,0,0,0,1,0
15633,-1,0,-0.039062142,0.49023575,0,1,unassigned,7.0,7.0,0.0,1.0,0.0,0.0,0.00967118,0.0,0,0,0,0,0
15634,-1,0,0.7555242,0.68038124,1,1,unassigned,40.0,40.0,0.0,1.0,0.0,0.0,0.07350097,0.0,0,0,0,1,0
15635,0,0,-0.032067716,0.49198374,0,0,val,9.0,9.0,0.0,1.0,0.0,0.0,0.013539651,0.0,0,0,1,0,0
15636,-1,0,0.22374517,0.5557041,1,1,unassigned,5.0,5.0,0.0,1.0,0.0,0.0,0.0058027077,0.0,0,0,0,1,0
15637,-1,0,-0.20331901,0.4493446,0,1,unassigned,39.0,39.0,0.0,1.0,0.0,0.0,0.07156673,0.0,0,0,0,0,0
15638,-1,0,1.717031,0.847746,1,1,unassigned,2.0,2.0,0.0,1.0,0.0,0.0,0.0,0.0,0,0,0,1,0
15639,-1,0,1.2327724,0.77430344,1,1,unassigned,2.0,2.0,0.0,1.0,0.0,0.0,0.0,0.0,0,0,0,1,0
15640,-1,0,0.8502745,0.70062476,1,1,unassigned,3.0,3.0,0.0,1.0,0.0,0.0,0.001934236,0.0,0,0,0,1,0
15641,-1,0,4.111253,0.983877,1,1,unassigned,17.0,15.0,2.0,0.88235295,0.11764706,0.11764705,0.029013539,0.0034133575,0,0,0,1,1
15642,1,0,2.4801857,0.922741,1,0,unassigned,7.0,7.0,0.0,1.0,0.0,0.0,0.00967118,0.0,0,0,1,1,1
15643,-1,0,1.7964859,0.8577206,1,1,unassigned,63.0,61.0,2.0,0.96825397,0.031746034,0.03174603,0.11798839,0.0037456634,0,0,0,1,0
15644,-1,0,1.2045143,0.76932687,1,1,unassigned,3.0,2.0,1.0,0.6666667,0.33333334,0.3333333,0.001934236,0.00064474536,0,0,0,1,0
15645,-1,0,3.470907,0.9698486,1,1,unassigned,17.0,15.0,2.0,0.88235295,0.11764706,0.11764705,0.029013539,0.0034133575,0,0,0,1,1
15646,-1,0,0.4518165,0.611071,1,1,unassigned,2.0,2.0,0.0,1.0,0.0,0.0,0.0,0.0,0,0,0,1,0
15647,1,0,-0.38354406,0.40527236,0,1,unassigned,3.0,3.0,0.0,1.0,0.0,0.0,0.001934236,0.0,0,0,0,0,0
15648,1,0,1.986079,0.8793277,1,0,test,61.0,48.0,13.0,0.78688526,0.21311475,0.21311474,0.114119925,0.02432064,0,0,1,1,0
15649,1,0,-0.26079696,0.43516782,0,1,unassigned,22.0,22.0,0.0,1.0,0.0,0.0,0.03868472,0.0,0,0,0,0,0
15650,-1,0,-0.9450745,0.27987647,0,1,unassigned,17.0,17.0,0.0,1.0,0.0,0.0,0.029013539,0.0,0,0,0,0,0
15651,-1,0,-0.29580766,0.42658266,0,1,unassigned,13.0,13.0,0.0,1.0,0.0,0.0,0.021276595,0.0,0,0,0,0,0
15652,-1,0,-0.57857096,0.3592615,0,1,unassigned,16.0,16.0,0.0,1.0,0.0,0.0,0.027079303,0.0,0,0,0,0,0
15653,-1,0,-0.20976162,0.44775102,0,1,unassigned,21.0,20.0,1.0,0.95238096,0.04761905,0.047619045,0.036750484,0.0017500231,0,0,0,0,0
15654,-1,0,0.76579493,0.6826106,1,1,unassigned,5.0,5.0,0.0,1.0,0.0,0.0,0.0058027077,0.0,0,0,0,1,0
15655,-1,0,2.8914874,0.94742405,1,1,unassigned,2.0,2.0,0.0,1.0,0.0,0.0,0.0,0.0,0,0,0,1,1
15656,1,0,0.32295054,0.58004314,1,0,unassigned,77.0,77.0,0.0,1.0,0.0,0.0,0.14506769,0.0,0,0,1,1,0
15657,-1,0,-0.24343878,0.43943912,0,1,unassigned,81.0,80.0,1.0,0.9876543,0.012345679,0.012345672,0.15280464,0.0018864771,0,0,0,0,0
15658,-1,0,4.0905986,0.983546,1,1,unassigned,7.0,7.0,0.0,1.0,0.0,0.0,0.00967118,0.0,0,0,0,1,1
15659,-1,1,-0.14749503,0.46319297,0,1,unassigned,3.0,3.0,0.0,1.0,0.0,0.0,0.001934236,0.0,1,0,0,0,0
15660,-1,0,4.0646853,0.9831214,1,1,unassigned,12.0,12.0,0.0,1.0,0.0,0.0,0.01934236,0.0,0,0,0,1,1
15661,-1,1,0.68792444,0.66550505,1,1,unassigned,5.0,5.0,0.0,1.0,0.0,0.0,0.0058027077,0.0,1,0,0,1,0
15662,-1,0,2.9073594,0.94820905,1,1,unassigned,5.0,5.0,0.0,1.0,0.0,0.0,0.0058027077,0.0,0,0,0,1,1
15663,-1,0,-0.50733286,0.37581897,0,1,unassigned,22.0,22.0,0.0,1.0,0.0,0.0,0.03868472,0.0,0,0,0,0,0
15664,-1,0,4.3922963,0.98777896,1,1,unassigned,5.0,5.0,0.0,1.0,0.0,0.0,0.0058027077,0.0,0,0,0,1,1
15665,-1,1,-0.63448346,0.34649464,0,1,unassigned,51.0,49.0,2.0,0.9607843,0.039215688,0.039215684,0.09477756,0.0037167673,1,0,0,0,0
15666,-1,1,3.4202933,0.9683328,1,1,unassigned,7.0,7.0,0.0,1.0,0.0,0.0,0.00967118,0.0,1,0,0,1,1
15667,-1,0,9.519014,0.99992657,1,1,unassigned,5.0,3.0,2.0,0.6,0.4,0.39999998,0.0058027077,0.002321083,0,0,0,1,1
15668,-1,0,2.7159007,0.9379585,1,1,unassigned,3.0,3.0,0.0,1.0,0.0,0.0,0.001934236,0.0,0,0,0,1,1
15669,-1,0,-0.15672082,0.46089977,0,1,unassigned,24.0,23.0,1.0,0.9583333,0.041666668,0.041666687,0.04255319,0.0017730496,0,0,0,0,0
15670,-1,0,0.74708563,0.6785433,1,1,unassigned,4.0,4.0,0.0,1.0,0.0,0.0,0.003868472,0.0,0,0,0,1,0
15671,-1,0,11.420397,0.99998903,1,1,unassigned,2.0,2.0,0.0,1.0,0.0,0.0,0.0,0.0,0,0,0,1,1
15672,0,0,-0.76282465,0.31803334,0,0,val,15.0,15.0,0.0,1.0,0.0,0.0,0.025145067,0.0,0,0,1,0,0
15673,-1,0,1.7828147,0.8560441,1,1,unassigned,4.0,4.0,0.0,1.0,0.0,0.0,0.003868472,0.0,0,0,0,1,0
15674,-1,0,-0.31678194,0.42146024,0,1,unassigned,30.0,29.0,1.0,0.96666664,0.033333335,0.03333336,0.054158606,0.001805287,0,0,0,0,0
15675,-1,0,2.2308109,0.9029824,1,1,unassigned,4.0,4.0,0.0,1.0,0.0,0.0,0.003868472,0.0,0,0,0,1,1
15676,-1,0,0.13295782,0.53319055,1,1,unassigned,3.0,3.0,0.0,1.0,0.0,0.0,0.001934236,0.0,0,0,0,1,0
15677,-1,0,-0.57504666,0.36007315,0,1,unassigned,12.0,12.0,0.0,1.0,0.0,0.0,0.01934236,0.0,0,0,0,0,0
15678,-1,1,-0.3588995,0.41122597,0,1,unassigned,45.0,42.0,3.0,0.93333334,0.06666667,0.06666666,0.08317215,0.00554481,1,0,0,0,0
15679,-1,0,-0.45721647,0.38764635,0,1,unassigned,14.0,14.0,0.0,1.0,0.0,0.0,0.023210831,0.0,0,0,0,0,0
15680,-1,1,3.3083603,0.96471447,1,1,unassigned,9.0,6.0,3.0,0.6666667,0.33333334,0.3333333,0.013539651,0.004513217,1,0,0,1,1
15681,-1,1,4.7717586,0.9916055,1,1,unassigned,3.0,3.0,0.0,1.0,0.0,0.0,0.001934236,0.0,1,0,0,1,1
15682,-1,1,-0.14660004,0.46341547,0,1,unassigned,10.0,10.0,0.0,1.0,0.0,0.0,0.015473888,0.0,1,0,0,0,0
15683,-1,0,0.50978893,0.624757,1,1,unassigned,7.0,6.0,1.0,0.85714287,0.14285715,0.14285713,0.00967118,0.0013815971,0,0,0,1,0
15684,-1,0,1.3870051,0.8001137,1,1,unassigned,19.0,17.0,2.0,0.8947368,0.10526316,0.10526317,0.032882012,0.0034612645,0,0,0,1,0
15685,0,0,0.98883516,0.7288578,1,1,unassigned,43.0,42.0,1.0,0.9767442,0.023255814,0.023255825,0.079303674,0.0018442714,0,0,0,1,0
15686,-1,0,1.5014586,0.81779194,1,1,unassigned,4.0,3.0,1.0,0.75,0.25,0.25,0.003868472,0.000967118,0,0,0,1,0
15687,0,0,-0.34487703,0.41462526,0,0,val,7.0,7.0,0.0,1.0,0.0,0.0,0.00967118,0.0,0,0,1,0,0
15688,1,0,4.0462546,0.9828128,1,0,test,11.0,11.0,0.0,1.0,0.0,0.0,0.017408123,0.0,0,0,1,1,1
15689,-1,0,0.25920862,0.56444174,1,1,unassigned,23.0,23.0,0.0,1.0,0.0,0.0,0.040618956,0.0,0,0,0,1,0
15690,-1,0,-0.80235285,0.30952245,0,1,unassigned,68.0,68.0,0.0,1.0,0.0,0.0,0.12765957,0.0,0,0,0,0,0
15691,-1,0,-0.11971927,0.4701059,0,1,unassigned,3.0,3.0,0.0,1.0,0.0,0.0,0.001934236,0.0,0,0,0,0,0
15692,-1,0,0.6809965,0.6639611,1,1,unassigned,5.0,5.0,0.0,1.0,0.0,0.0,0.0058027077,0.0,0,0,0,1,0
15693,-1,0,0.90422565,0.7118171,1,1,unassigned,2.0,2.0,0.0,1.0,0.0,0.0,0.0,0.0,0,0,0,1,0
15694,-1,0,0.5588235,0.6361803,1,1,unassigned,7.0,7.0,0.0,1.0,0.0,0.0,0.00967118,0.0,0,0,0,1,0
15695,-1,1,2.035819,0.8845068,1,1,unassigned,3.0,2.0,1.0,0.6666667,0.33333334,0.3333333,0.001934236,0.00064474536,1,0,0,1,0
15696,-1,0,4.549397,0.989537,1,1,unassigned,9.0,9.0,0.0,1.0,0.0,0.0,0.013539651,0.0,0,0,0,1,1
15697,0,0,-0.16421819,0.45903748,0,0,unassigned,11.0,11.0,0.0,1.0,0.0,0.0,0.017408123,0.0,0,0,1,0,0
15698,-1,0,-0.32628942,0.41914374,0,1,unassigned,16.0,16.0,0.0,1.0,0.0,0.0,0.027079303,0.0,0,0,0,0,0
15699,1,0,0.3658058,0.5904451,1,0,unassigned,5.0,5.0,0.0,1.0,0.0,0.0,0.0058027077,0.0,0,0,1,1,0
15700,-1,1,0.30569124,0.5758332,1,1,unassigned,15.0,15.0,0.0,1.0,0.0,0.0,0.025145067,0.0,1,0,0,1,0
15701,-1,0,-0.022236407,0.49444112,0,1,unassigned,37.0,36.0,1.0,0.972973,0.027027028,0.02702701,0.06769826,0.0018296828,0,0,0,0,0
15702,-1,0,-0.17136198,0.45726407,0,1,unassigned,33.0,33.0,0.0,1.0,0.0,0.0,0.059961315,0.0,0,0,0,0,0
15703,-1,0,-0.7569098,0.31931755,0,1,unassigned,65.0,65.0,0.0,1.0,0.0,0.0,0.12185687,0.0,0,0,0,0,0
15704,-1,0,8.485811,0.9997937,1,1,unassigned,4.0,4.0,0.0,1.0,0.0,0.0,0.003868472,0.0,0,0,0,1,1
15705,-1,1,-0.02535963,0.49366045,0,1,unassigned,8.0,8.0,0.0,1.0,0.0,0.0,0.0116054155,0.0,1,0,0,0,0
15706,-1,1,0.42615634,0.6049555,1,1,unassigned,2.0,1.0,1.0,0.5,0.5,0.5,0.0,0.0,1,0,0,1,0
15707,-1,1,6.224197,0.99802303,1,1,unassigned,4.0,3.0,1.0,0.75,0.25,0.25,0.003868472,0.000967118,1,0,0,1,1
15708,-1,0,-0.36971375,0.40861017,0,1,unassigned,15.0,14.0,1.0,0.93333334,0.06666667,0.06666666,0.025145067,0.0016763379,0,0,0,0,0
15709,0,1,0.98385876,0.7278732,1,1,val,48.0,48.0,0.0,1.0,0.0,0.0,0.088974856,0.0,1,0,0,1,0
15710,-1,0,-0.7923425,0.31166592,0,1,unassigned,106.0,106.0,0.0,1.0,0.0,0.0,0.20116054,0.0,0,0,0,0,0
15711,-1,0,1.0543509,0.7416095,1,1,unassigned,18.0,18.0,0.0,1.0,0.0,0.0,0.030947777,0.0,0,0,0,1,0
15712,1,0,6.032065,0.9976052,1,0,unassigned,6.0,6.0,0.0,1.0,0.0,0.0,0.007736944,0.0,0,0,1,1,1
15713,0,1,-0.54787856,0.36635673,0,0,unassigned,44.0,43.0,1.0,0.97727275,0.022727273,0.022727251,0.08123791,0.0018463163,1,0,1,0,0
15714,1,0,-0.38976446,0.403774,0,1,val,33.0,33.0,0.0,1.0,0.0,0.0,0.059961315,0.0,0,0,0,0,0
15715,-1,0,-0.909888,0.28702274,0,1,unassigned,32.0,31.0,1.0,0.96875,0.03125,0.03125,0.058027077,0.0018133462,0,0,0,0,0
15716,-1,0,-0.8604996,0.29723495,0,1,unassigned,32.0,32.0,0.0,1.0,0.0,0.0,0.058027077,0.0,0,0,0,0,0
15717,-1,0,-0.31933638,0.42083752,0,1,unassigned,127.0,127.0,0.0,1.0,0.0,0.0,0.24177949,0.0,0,0,0,0,0
15718,-1,0,4.493886,0.9889464,1,1,unassigned,3.0,3.0,0.0,1.0,0.0,0.0,0.001934236,0.0,0,0,0,1,1
15719,-1,0,-0.4864647,0.38072675,0,1,unassigned,21.0,20.0,1.0,0.95238096,0.04761905,0.047619045,0.036750484,0.0017500231,0,0,0,0,0
15720,0,1,-0.831357,0.3033582,0,0,unassigned,63.0,51.0,12.0,0.8095238,0.1904762,0.19047618,0.11798839,0.02247398,1,0,1,0,0
15721,-1,0,0.4103809,0.6011792,1,1,unassigned,19.0,19.0,0.0,1.0,0.0,0.0,0.032882012,0.0,0,0,0,1,0
15722,-1,0,1.4090707,0.8036194,1,1,unassigned,49.0,49.0,0.0,1.0,0.0,0.0,0.09090909,0.0,0,0,0,1,0
15723,-1,0,-2.7559314,0.059752543,0,1,unassigned,3.0,3.0,0.0,1.0,0.0,0.0,0.001934236,0.0,0,0,0,0,1
15724,1,0,1.5400467,0.82347155,1,0,unassigned,5.0,5.0,0.0,1.0,0.0,0.0,0.0058027077,0.0,0,0,1,1,0
15725,-1,0,-0.1723628,0.45701563,0,1,unassigned,16.0,12.0,4.0,0.75,0.25,0.25,0.027079303,0.0067698257,0,0,0,0,0
15726,-1,0,1.6834326,0.8433585,1,1,unassigned,5.0,5.0,0.0,1.0,0.0,0.0,0.0058027077,0.0,0,0,0,1,0
15727,-1,0,-0.5352719,0.36928815,0,1,unassigned,85.0,85.0,0.0,1.0,0.0,0.0,0.16054158,0.0,0,0,0,0,0
15728,-1,1,-0.55789775,0.364034,0,1,unassigned,8.0,8.0,0.0,1.0,0.0,0.0,0.0116054155,0.0,1,0,0,0,0
15729,0,1,-0.2758151,0.43148008,0,0,val,63.0,63.0,0.0,1.0,0.0,0.0,0.11798839,0.0,1,0,1,0,0
15730,-1,0,1.1295345,0.755753,1,1,unassigned,6.0,6.0,0.0,1.0,0.0,0.0,0.007736944,0.0,0,0,0,1,0
15731,-1,0,0.34856576,0.58626974,1,1,unassigned,25.0,20.0,5.0,0.8,0.2,0.19999999,0.044487428,0.008897486,0,0,0,1,0
15732,-1,1,-0.29857433,0.42590603,0,1,unassigned,21.0,21.0,0.0,1.0,0.0,0.0,0.036750484,0.0,1,0,0,0,0
15733,-1,0,-0.40726995,0.39956692,0,1,unassigned,46.0,46.0,0.0,1.0,0.0,0.0,0.08510638,0.0,0,0,0,0,0
15734,-1,0,-0.91054857,0.28688762,0,1,unassigned,78.0,78.0,0.0,1.0,0.0,0.0,0.14700194,0.0,0,0,0,0,0
15735,0,0,-0.97932553,0.27302563,0,0,unassigned,21.0,21.0,0.0,1.0,0.0,0.0,0.036750484,0.0,0,0,1,0,0
15736,0,0,-0.97617495,0.27365142,0,0,test,20.0,20.0,0.0,1.0,0.0,0.0,0.034816246,0.0,0,0,1,0,0
15737,0,0,-0.692653,0.33344314,0,0,test,5.0,5.0,0.0,1.0,0.0,0.0,0.0058027077,0.0,0,0,1,0,0
15738,-1,0,-0.6241429,0.34883982,0,1,unassigned,38.0,38.0,0.0,1.0,0.0,0.0,0.06963249,0.0,0,0,0,0,0
15739,-1,0,-0.6680731,0.33892846,0,1,unassigned,75.0,74.0,1.0,0.9866667,0.013333334,0.013333321,0.14119923,0.0018826565,0,0,0,0,0
15740,-1,1,1.0208147,0.7351312,1,1,unassigned,12.0,12.0,0.0,1.0,0.0,0.0,0.01934236,0.0,1,0,0,1,0
15741,-1,1,6.672766,0.9987367,1,1,unassigned,4.0,4.0,0.0,1.0,0.0,0.0,0.003868472,0.0,1,0,0,1,1
15742,-1,1,4.7434015,0.9913662,1,1,unassigned,8.0,6.0,2.0,0.75,0.25,0.25,0.0116054155,0.0029013539,1,0,0,1,1
15743,-1,0,-0.92019403,0.28491837,0,1,unassigned,167.0,164.0,3.0,0.98203593,0.017964073,0.017964065,0.31914893,0.0057332143,0,0,0,0,0
15744,-1,0,-0.061593354,0.48460647,0,1,unassigned,7.0,7.0,0.0,1.0,0.0,0.0,0.00967118,0.0,0,0,0,0,0
15745,-1,1,-0.52517,0.3716441,0,1,unassigned,34.0,23.0,11.0,0.6764706,0.32352942,0.32352942,0.061895553,0.020025032,1,0,0,0,0
15746,-1,0,-0.4088621,0.399185,0,1,unassigned,26.0,26.0,0.0,1.0,0.0,0.0,0.046421662,0.0,0,0,0,0,0
15747,-1,1,0.73377854,0.67563385,1,1,unassigned,42.0,41.0,1.0,0.97619045,0.023809524,0.023809552,0.07736944,0.0018421295,1,0,0,1,0
15748,1,0,0.7530485,0.6798426,1,0,val,4.0,4.0,0.0,1.0,0.0,0.0,0.003868472,0.0,0,0,1,1,0
15749,-1,0,-0.50287735,0.3768647,0,1,unassigned,14.0,13.0,1.0,0.9285714,0.071428575,0.0714286,0.023210831,0.0016579166,0,0,0,0,0
15750,1,1,0.24348891,0.5605733,1,0,test,34.0,34.0,0.0,1.0,0.0,0.0,0.061895553,0.0,1,0,1,1,0
15751,-1,0,0.28415543,0.5705647,1,1,unassigned,6.0,6.0,0.0,1.0,0.0,0.0,0.007736944,0.0,0,0,0,1,0
15752,-1,0,-0.63949496,0.34536073,0,1,unassigned,15.0,14.0,1.0,0.93333334,0.06666667,0.06666666,0.025145067,0.0016763379,0,0,0,0,0
15753,-1,1,3.0094666,0.953,1,1,unassigned,7.0,6.0,1.0,0.85714287,0.14285715,0.14285713,0.00967118,0.0013815971,1,0,0,1,1
15754,-1,0,1.4055774,0.80306745,1,1,unassigned,6.0,6.0,0.0,1.0,0.0,0.0,0.007736944,0.0,0,0,0,1,0
15755,-1,0,-0.49751168,0.3781256,0,1,unassigned,7.0,6.0,1.0,0.85714287,0.14285715,0.14285713,0.00967118,0.0013815971,0,0,0,0,0
15756,0,0,-0.8690338,0.2954554,0,0,unassigned,53.0,53.0,0.0,1.0,0.0,0.0,0.09864604,0.0,0,0,1,0,0
15757,-1,0,-0.9467526,0.27953836,0,1,unassigned,4.0,4.0,0.0,1.0,0.0,0.0,0.003868472,0.0,0,0,0,0,0
15758,1,0,-0.31106323,0.42285523,0,1,unassigned,26.0,26.0,0.0,1.0,0.0,0.0,0.046421662,0.0,0,0,0,0,0
15759,-1,1,1.6924918,0.84455156,1,1,unassigned,19.0,19.0,0.0,1.0,0.0,0.0,0.032882012,0.0,1,0,0,1,0
15760,-1,0,1.3624053,0.7961504,1,1,unassigned,59.0,59.0,0.0,1.0,0.0,0.0,0.11025145,0.0,0,0,0,1,0
15761,-1,0,-0.7792345,0.3144849,0,1,unassigned,79.0,79.0,0.0,1.0,0.0,0.0,0.14893617,0.0,0,0,0,0,0
15762,-1,0,-0.60479015,0.35324854,0,1,unassigned,40.0,39.0,1.0,0.975,0.025,0.024999976,0.07350097,0.0018375242,0,0,0,0,0
15763,-1,0,0.12994123,0.53243965,1,1,unassigned,14.0,12.0,2.0,0.85714287,0.14285715,0.14285713,0.023210831,0.0033158332,0,0,0,1,0
15764,-1,0,-0.52209115,0.37236336,0,1,unassigned,22.0,22.0,0.0,1.0,0.0,0.0,0.03868472,0.0,0,0,0,0,0
15765,-1,0,3.7685454,0.97743535,1,1,unassigned,4.0,2.0,2.0,0.5,0.5,0.5,0.003868472,0.001934236,0,0,0,1,1
15766,-1,0,1.8178825,0.8603118,1,1,unassigned,29.0,27.0,2.0,0.9310345,0.06896552,0.068965495,0.05222437,0.0036016807,0,0,0,1,0
15767,-1,0,4.7568593,0.9914806,1,1,unassigned,4.0,4.0,0.0,1.0,0.0,0.0,0.003868472,0.0,0,0,0,1,1
15768,-1,1,0.94396514,0.71989995,1,1,unassigned,6.0,5.0,1.0,0.8333333,0.16666667,0.16666669,0.007736944,0.0012894907,1,0,0,1,0
15769,-1,0,3.3026874,0.9645209,1,1,unassigned,2.0,2.0,0.0,1.0,0.0,0.0,0.0,0.0,0,0,0,1,1
15770,-1,0,-0.17817342,0.4555741,0,1,unassigned,8.0,8.0,0.0,1.0,0.0,0.0,0.0116054155,0.0,0,0,0,0,0
15771,1,0,0.5452437,0.6330314,1,0,unassigned,36.0,36.0,0.0,1.0,0.0,0.0,0.065764025,0.0,0,0,1,1,0
15772,-1,1,0.4674254,0.6147742,1,1,unassigned,12.0,12.0,0.0,1.0,0.0,0.0,0.01934236,0.0,1,0,0,1,0
15773,-1,0,6.530042,0.99854314,1,1,unassigned,5.0,5.0,0.0,1.0,0.0,0.0,0.0058027077,0.0,0,0,0,1,1
15774,-1,1,0.3567698,0.58825827,1,1,unassigned,3.0,3.0,0.0,1.0,0.0,0.0,0.001934236,0.0,1,0,0,1,0
15775,-1,1,4.680815,0.9908137,1,1,unassigned,9.0,9.0,0.0,1.0,0.0,0.0,0.013539651,0.0,1,0,0,1,1
15776,-1,0,-0.5391986,0.36837405,0,1,unassigned,2.0,1.0,1.0,0.5,0.5,0.5,0.0,0.0,0,0,0,0,0
15777,1,0,2.8304908,0.9443014,1,0,val,10.0,9.0,1.0,0.9,0.1,0.100000024,0.015473888,0.0015473888,0,0,1,1,1
15778,-1,0,6.37458,0.9982986,1,1,unassigned,20.0,19.0,1.0,0.95,0.05,0.050000012,0.034816246,0.0017408123,0,0,0,1,1
15779,-1,0,4.020615,0.9823743,1,1,unassigned,85.0,81.0,4.0,0.9529412,0.047058824,0.04705882,0.16054158,0.007554898,0,0,0,1,1
15780,-1,1,0.0027674437,0.50069183,1,1,unassigned,22.0,19.0,3.0,0.8636364,0.13636364,0.13636363,0.03868472,0.005275189,1,0,0,1,0
15781,-1,1,0.30769312,0.5763221,1,1,unassigned,17.0,17.0,0.0,1.0,0.0,0.0,0.029013539,0.0,1,0,0,1,0
15782,-1,0,-0.74114424,0.32275397,0,1,unassigned,49.0,48.0,1.0,0.97959185,0.020408163,0.020408154,0.09090909,0.0018552876,0,0,0,0,0
15783,-1,0,3.6712258,0.97518617,1,1,unassigned,2.0,2.0,0.0,1.0,0.0,0.0,0.0,0.0,0,0,0,1,1
15784,-1,0,-0.13755184,0.46566617,0,1,unassigned,8.0,8.0,0.0,1.0,0.0,0.0,0.0116054155,0.0,0,0,0,0,0
15785,-1,0,0.8359845,0.6976188,1,1,unassigned,17.0,16.0,1.0,0.9411765,0.05882353,0.058823526,0.029013539,0.0017066788,0,0,0,1,0
15786,-1,0,-0.9326028,0.28239694,0,1,unassigned,2.0,2.0,0.0,1.0,0.0,0.0,0.0,0.0,0,0,0,0,0
15787,-1,0,-0.59455144,0.35559124,0,1,unassigned,27.0,27.0,0.0,1.0,0.0,0.0,0.0483559,0.0,0,0,0,0,0
15788,-1,0,-0.57206124,0.36076137,0,1,unassigned,4.0,4.0,0.0,1.0,0.0,0.0,0.003868472,0.0,0,0,0,0,0
15789,-1,0,0.17282057,0.5430979,1,1,unassigned,29.0,29.0,0.0,1.0,0.0,0.0,0.05222437,0.0,0,0,0,1,0
15790,1,1,2.7429364,0.9395132,1,0,val,15.0,7.0,8.0,0.46666667,0.53333336,0.5333333,0.025145067,0.013410703,1,0,1,1,1
15791,-1,0,-0.55257434,0.3652673,0,1,unassigned,6.0,6.0,0.0,1.0,0.0,0.0,0.007736944,0.0,0,0,0,0,0
15792,-1,0,-0.48745137,0.38049412,0,1,unassigned,35.0,35.0,0.0,1.0,0.0,0.0,0.06382979,0.0,0,0,0,0,0
15793,-1,0,-0.93854934,0.28119346,0,1,unassigned,36.0,35.0,1.0,0.9722222,0.027777778,0.027777791,0.065764025,0.0018267785,0,0,0,0,0
15794,1,0,0.11798161,0.5294612,1,0,unassigned,97.0,97.0,0.0,1.0,0.0,0.0,0.18375242,0.0,0,0,1,1,0
15795,-1,0,2.7217715,0.93829924,1,1,unassigned,4.0,4.0,0.0,1.0,0.0,0.0,0.003868472,0.0,0,0,0,1,1
15796,-1,0,-0.3915185,0.4033518,0,1,unassigned,23.0,23.0,0.0,1.0,0.0,0.0,0.040618956,0.0,0,0,0,0,0
15797,-1,0,0.5083032,0.62440866,1,1,unassigned,4.0,4.0,0.0,1.0,0.0,0.0,0.003868472,0.0,0,0,0,1,0
15798,-1,1,3.0261738,0.9537426,1,1,unassigned,31.0,26.0,5.0,0.83870965,0.16129032,0.16129035,0.056092843,0.009047233,1,0,0,1,1
15799,-1,0,3.4373982,0.96885306,1,1,unassigned,14.0,14.0,0.0,1.0,0.0,0.0,0.023210831,0.0,0,0,0,1,1
15800,-1,0,0.075586855,0.51888776,1,1,unassigned,17.0,16.0,1.0,0.9411765,0.05882353,0.058823526,0.029013539,0.0017066788,0,0,0,1,0
15801,-1,0,-0.0008839965,0.49977896,0,1,unassigned,15.0,15.0,0.0,1.0,0.0,0.0,0.025145067,0.0,0,0,0,0,0
15802,-1,0,1.3829784,0.7994689,1,1,unassigned,7.0,7.0,0.0,1.0,0.0,0.0,0.00967118,0.0,0,0,0,1,0
15803,-1,0,-0.7368798,0.3236868,0,1,unassigned,28.0,28.0,0.0,1.0,0.0,0.0,0.050290134,0.0,0,0,0,0,0
15804,-1,0,-0.20456612,0.44903606,0,1,unassigned,7.0,6.0,1.0,0.85714287,0.14285715,0.14285713,0.00967118,0.0013815971,0,0,0,0,0
15805,-1,0,0.5635615,0.6372762,1,1,unassigned,27.0,26.0,1.0,0.962963,0.037037037,0.037037015,0.0483559,0.0017909593,0,0,0,1,0
15806,-1,0,0.4467154,0.60985804,1,1,unassigned,6.0,6.0,0.0,1.0,0.0,0.0,0.007736944,0.0,0,0,0,1,0
15807,-1,0,5.7165885,0.9967199,1,1,unassigned,4.0,4.0,0.0,1.0,0.0,0.0,0.003868472,0.0,0,0,0,1,1
15808,-1,1,-0.48598284,0.3808404,0,1,unassigned,20.0,8.0,12.0,0.4,0.6,0.6,0.034816246,0.020889748,1,0,0,0,0
15809,-1,0,0.88884526,0.70865184,1,1,unassigned,2.0,1.0,1.0,0.5,0.5,0.5,0.0,0.0,0,0,0,1,0
15810,-1,0,0.5770388,0.6403858,1,1,unassigned,8.0,4.0,4.0,0.5,0.5,0.5,0.0116054155,0.0058027077,0,0,0,1,0
15811,-1,0,0.7274249,0.67423993,1,1,unassigned,5.0,5.0,0.0,1.0,0.0,0.0,0.0058027077,0.0,0,0,0,1,0
15812,-1,0,-0.18656904,0.45349258,0,1,unassigned,14.0,13.0,1.0,0.9285714,0.071428575,0.0714286,0.023210831,0.0016579166,0,0,0,0,0
15813,-1,0,-0.44473535,0.39061323,0,1,unassigned,2.0,2.0,0.0,1.0,0.0,0.0,0.0,0.0,0,0,0,0,0
15814,-1,0,2.09505,0.89042115,1,1,unassigned,29.0,25.0,4.0,0.86206895,0.13793103,0.13793105,0.05222437,0.0072033615,0,0,0,1,0
15815,-1,1,-0.2168752,0.44599274,0,1,unassigned,13.0,11.0,2.0,0.84615386,0.15384616,0.15384614,0.021276595,0.0032733225,1,0,0,0,0
15816,-1,0,-0.19434714,0.45156556,0,1,unassigned,49.0,47.0,2.0,0.9591837,0.040816326,0.040816307,0.09090909,0.0037105752,0,0,0,0,0
15817,-1,0,1.521431,0.8207491,1,1,unassigned,33.0,33.0,0.0,1.0,0.0,0.0,0.059961315,0.0,0,0,0,1,0
15818,-1,1,-0.33435953,0.4171803,0,1,unassigned,6.0,6.0,0.0,1.0,0.0,0.0,0.007736944,0.0,1,0,0,0,0
15819,-1,1,-0.327722,0.418795,0,1,unassigned,35.0,34.0,1.0,0.9714286,0.028571429,0.028571427,0.06382979,0.0018237082,1,0,0,0,0
15820,-1,0,7.477692,0.99943477,1,1,unassigned,26.0,26.0,0.0,1.0,0.0,0.0,0.046421662,0.0,0,0,0,1,1
15821,1,0,1.232296,0.77422017,1,0,unassigned,3.0,3.0,0.0,1.0,0.0,0.0,0.001934236,0.0,0,0,1,1,0
15822,-1,0,2.1069806,0.8915798,1,1,unassigned,6.0,6.0,0.0,1.0,0.0,0.0,0.007736944,0.0,0,0,0,1,0
15823,-1,0,0.75168186,0.67954504,1,1,unassigned,14.0,13.0,1.0,0.9285714,0.071428575,0.0714286,0.023210831,0.0016579166,0,0,0,1,0
15824,1,0,1.341172,0.7926826,1,0,test,4.0,4.0,0.0,1.0,0.0,0.0,0.003868472,0.0,0,0,1,1,0
15825,1,0,3.037363,0.95423377,1,0,val,4.0,4.0,0.0,1.0,0.0,0.0,0.003868472,0.0,0,0,1,1,1
15826,1,0,2.2148151,0.9015721,1,0,unassigned,8.0,8.0,0.0,1.0,0.0,0.0,0.0116054155,0.0,0,0,1,1,1
15827,-1,1,0.47831172,0.61734915,1,1,unassigned,14.0,13.0,1.0,0.9285714,0.071428575,0.0714286,0.023210831,0.0016579166,1,0,0,1,0
15828,-1,0,0.22644788,0.5563713,1,1,unassigned,12.0,12.0,0.0,1.0,0.0,0.0,0.01934236,0.0,0,0,0,1,0
15829,-1,1,-0.19361842,0.45174605,0,1,unassigned,12.0,12.0,0.0,1.0,0.0,0.0,0.01934236,0.0,1,0,0,0,0
15830,-1,1,-0.22816014,0.4432061,0,1,unassigned,40.0,40.0,0.0,1.0,0.0,0.0,0.07350097,0.0,1,0,0,0,0
15831,-1,0,0.19874567,0.5495235,1,1,unassigned,46.0,46.0,0.0,1.0,0.0,0.0,0.08510638,0.0,0,0,0,1,0
15832,-1,1,-0.23678935,0.4410777,0,1,unassigned,11.0,11.0,0.0,1.0,0.0,0.0,0.017408123,0.0,1,0,0,0,0
15833,-1,0,1.3480015,0.7938027,1,1,unassigned,46.0,44.0,2.0,0.95652175,0.04347826,0.04347825,0.08510638,0.0037002775,0,0,0,1,0
15834,-1,0,-0.16916564,0.45780918,0,1,unassigned,18.0,18.0,0.0,1.0,0.0,0.0,0.030947777,0.0,0,0,0,0,0
15835,-1,0,0.02983743,0.5074588,1,1,unassigned,20.0,20.0,0.0,1.0,0.0,0.0,0.034816246,0.0,0,0,0,1,0
15836,-1,0,-0.19244796,0.45203593,0,1,unassigned,39.0,39.0,0.0,1.0,0.0,0.0,0.07156673,0.0,0,0,0,0,0
15837,-1,0,-0.35490093,0.41219446,0,1,unassigned,68.0,68.0,0.0,1.0,0.0,0.0,0.12765957,0.0,0,0,0,0,0
15838,1,0,-0.10635787,0.47343558,0,1,val,31.0,31.0,0.0,1.0,0.0,0.0,0.056092843,0.0,0,0,0,0,0
15839,-1,0,-0.19885391,0.4504497,0,1,unassigned,11.0,11.0,0.0,1.0,0.0,0.0,0.017408123,0.0,0,0,0,0,0
15840,-1,0,-0.37379342,0.4076247,0,1,unassigned,42.0,10.0,32.0,0.23809524,0.7619048,0.7619048,0.07736944,0.058948144,0,0,0,0,0
15841,-1,1,0.5683817,0.6383897,1,1,unassigned,9.0,9.0,0.0,1.0,0.0,0.0,0.013539651,0.0,1,0,0,1,0
15842,-1,0,-0.092983425,0.47677088,0,1,unassigned,39.0,38.0,1.0,0.974359,0.025641026,0.025641024,0.07156673,0.0018350444,0,0,0,0,0
15843,-1,0,-0.45215368,0.38884884,0,1,unassigned,16.0,16.0,0.0,1.0,0.0,0.0,0.027079303,0.0,0,0,0,0,0
15844,1,0,-0.3378275,0.41633725,0,1,test,10.0,9.0,1.0,0.9,0.1,0.100000024,0.015473888,0.0015473888,0,0,0,0,0
15845,0,0,-0.18323064,0.4543201,0,0,test,13.0,13.0,0.0,1.0,0.0,0.0,0.021276595,0.0,0,0,1,0,0
15846,-1,0,-0.5513494,0.3655514,0,1,unassigned,20.0,20.0,0.0,1.0,0.0,0.0,0.034816246,0.0,0,0,0,0,0
15847,-1,0,-0.04602486,0.4884958,0,1,unassigned,4.0,4.0,0.0,1.0,0.0,0.0,0.003868472,0.0,0,0,0,0,0
15848,-1,0,-0.44473535,0.39061323,0,1,unassigned,2.0,2.0,0.0,1.0,0.0,0.0,0.0,0.0,0,0,0,0,0
15849,-1,0,-0.5230928,0.37212935,0,1,unassigned,15.0,15.0,0.0,1.0,0.0,0.0,0.025145067,0.0,0,0,0,0,0
15850,-1,0,3.4948275,0.9705402,1,1,unassigned,11.0,7.0,4.0,0.6363636,0.36363637,0.36363637,0.017408123,0.006330227,0,0,0,1,1
15851,-1,0,0.48092324,0.6179658,1,1,unassigned,9.0,9.0,0.0,1.0,0.0,0.0,0.013539651,0.0,0,0,0,1,0
15852,-1,0,-0.21736619,0.4458714,0,1,unassigned,2.0,2.0,0.0,1.0,0.0,0.0,0.0,0.0,0,0,0,0,0
15853,-1,0,0.37801826,0.59339505,1,1,unassigned,69.0,69.0,0.0,1.0,0.0,0.0,0.1295938,0.0,0,0,0,1,0
15854,1,0,3.3908963,0.96741873,1,0,val,6.0,6.0,0.0,1.0,0.0,0.0,0.007736944,0.0,0,0,1,1,1
15855,-1,0,1.2870607,0.78364927,1,1,unassigned,31.0,31.0,0.0,1.0,0.0,0.0,0.056092843,0.0,0,0,0,1,0
15856,-1,0,1.0283289,0.7365918,1,1,unassigned,24.0,22.0,2.0,0.9166667,0.083333336,0.08333331,0.04255319,0.0035460992,0,0,0,1,0
15857,-1,0,1.3066006,0.78694373,1,1,unassigned,24.0,22.0,2.0,0.9166667,0.083333336,0.08333331,0.04255319,0.0035460992,0,0,0,1,0
15858,-1,0,2.489413,0.9233962,1,1,unassigned,17.0,16.0,1.0,0.9411765,0.05882353,0.058823526,0.029013539,0.0017066788,0,0,0,1,1
15859,-1,0,0.64212185,0.65523297,1,1,unassigned,27.0,27.0,0.0,1.0,0.0,0.0,0.0483559,0.0,0,0,0,1,0
15860,-1,1,1.1855061,0.7659364,1,1,unassigned,10.0,8.0,2.0,0.8,0.2,0.19999999,0.015473888,0.0030947777,1,0,0,1,0
15861,-1,0,-0.4048103,0.40015715,0,1,unassigned,50.0,49.0,1.0,0.98,0.02,0.01999998,0.092843324,0.0018568664,0,0,0,0,0
15862,-1,0,-0.6354141,0.34628394,0,1,unassigned,13.0,11.0,2.0,0.84615386,0.15384616,0.15384614,0.021276595,0.0032733225,0,0,0,0,0
15863,-1,0,1.9555743,0.8760532,1,1,unassigned,3.0,3.0,0.0,1.0,0.0,0.0,0.001934236,0.0,0,0,0,1,0
15864,-1,1,2.8274,0.9441387,1,1,unassigned,2.0,2.0,0.0,1.0,0.0,0.0,0.0,0.0,1,0,0,1,1
15865,-1,1,2.004195,0.88123685,1,1,unassigned,3.0,1.0,2.0,0.33333334,0.6666667,0.6666666,0.001934236,0.0012894907,1,0,0,1,0
15866,-1,0,1.5697718,0.82775104,1,1,unassigned,49.0,48.0,1.0,0.97959185,0.020408163,0.020408154,0.09090909,0.0018552876,0,0,0,1,0
15867,-1,0,9.504633,0.9999255,1,1,unassigned,21.0,19.0,2.0,0.9047619,0.0952381,0.09523809,0.036750484,0.0035000462,0,0,0,1,1
15868,1,0,0.12211579,0.53049105,1,0,test,54.0,54.0,0.0,1.0,0.0,0.0,0.10058027,0.0,0,0,1,1,0
15869,-1,0,4.7368827,0.99131024,1,1,unassigned,47.0,47.0,0.0,1.0,0.0,0.0,0.08704062,0.0,0,0,0,1,1
15870,-1,1,-0.34629172,0.41428196,0,1,unassigned,8.0,8.0,0.0,1.0,0.0,0.0,0.0116054155,0.0,1,0,0,0,0
15871,-1,1,-0.6754741,0.33727217,0,1,unassigned,2.0,2.0,0.0,1.0,0.0,0.0,0.0,0.0,1,0,0,0,0
15872,-1,1,2.4932096,0.92366445,1,1,unassigned,3.0,3.0,0.0,1.0,0.0,0.0,0.001934236,0.0,1,0,0,1,1
15873,0,1,0.07905388,0.51975316,1,1,test,78.0,74.0,4.0,0.94871795,0.051282052,0.05128205,0.14700194,0.007538561,1,0,0,1,0
15874,-1,0,6.517738,0.9985252,1,1,unassigned,3.0,3.0,0.0,1.0,0.0,0.0,0.001934236,0.0,0,0,0,1,1
15875,-1,1,-0.6270496,0.34817982,0,1,unassigned,96.0,93.0,3.0,0.96875,0.03125,0.03125,0.18181819,0.0056818184,1,0,0,0,0
15876,-1,1,3.9312174,0.9807577,1,1,unassigned,3.0,3.0,0.0,1.0,0.0,0.0,0.001934236,0.0,1,0,0,1,1
15877,-1,0,-0.8901334,0.2910823,0,1,unassigned,41.0,40.0,1.0,0.9756098,0.024390243,0.02439022,0.07543521,0.001839883,0,0,0,0,0
15878,-1,0,-0.79653496,0.31076723,0,1,unassigned,181.0,172.0,9.0,0.95027626,0.049723756,0.049723744,0.34622824,0.017215768,0,0,0,0,0
15879,-1,1,2.1282334,0.8936172,1,1,unassigned,36.0,34.0,2.0,0.9444444,0.055555556,0.055555582,0.065764025,0.003653557,1,0,0,1,0
15880,-1,1,4.9054465,0.9926483,1,1,unassigned,32.0,30.0,2.0,0.9375,0.0625,0.0625,0.058027077,0.0036266923,1,0,0,1,1
15881,-1,0,4.6559567,0.9905847,1,1,unassigned,2.0,2.0,0.0,1.0,0.0,0.0,0.0,0.0,0,0,0,1,1
15882,-1,0,4.5148215,0.98917294,1,1,unassigned,2.0,2.0,0.0,1.0,0.0,0.0,0.0,0.0,0,0,0,1,1
15883,-1,0,0.760034,0.68136114,1,1,unassigned,20.0,20.0,0.0,1.0,0.0,0.0,0.034816246,0.0,0,0,0,1,0
15884,-1,1,-0.25668335,0.43617916,0,1,unassigned,18.0,17.0,1.0,0.9444444,0.055555556,0.055555582,0.030947777,0.0017193209,1,0,0,0,0
15885,0,0,-0.22134334,0.444889,0,0,unassigned,5.0,5.0,0.0,1.0,0.0,0.0,0.0058027077,0.0,0,0,1,0,0
15886,-1,0,-0.238826,0.4405757,0,1,unassigned,37.0,27.0,10.0,0.7297297,0.27027026,0.2702703,0.06769826,0.018296827,0,0,0,0,0
15887,-1,0,1.5926716,0.8309916,1,1,unassigned,21.0,21.0,0.0,1.0,0.0,0.0,0.036750484,0.0,0,0,0,1,0
15888,-1,0,-0.88374054,0.29240325,0,1,unassigned,81.0,81.0,0.0,1.0,0.0,0.0,0.15280464,0.0,0,0,0,0,0
15889,-1,1,3.7990153,0.9780976,1,1,unassigned,13.0,9.0,4.0,0.6923077,0.30769232,0.3076923,0.021276595,0.006546645,1,0,0,1,1
15890,-1,0,2.775142,0.9413177,1,1,unassigned,5.0,5.0,0.0,1.0,0.0,0.0,0.0058027077,0.0,0,0,0,1,1
15891,-1,0,-0.5322827,0.36998466,0,1,unassigned,17.0,17.0,0.0,1.0,0.0,0.0,0.029013539,0.0,0,0,0,0,0
15892,-1,0,0.07978642,0.519936,1,1,unassigned,26.0,25.0,1.0,0.96153843,0.03846154,0.038461566,0.046421662,0.0017854486,0,0,0,1,0
15893,-1,0,3.6017191,0.9734475,1,1,unassigned,8.0,8.0,0.0,1.0,0.0,0.0,0.0116054155,0.0,0,0,0,1,1
15894,-1,0,-0.72510386,0.32627004,0,1,unassigned,8.0,7.0,1.0,0.875,0.125,0.125,0.0116054155,0.0014506769,0,0,0,0,0
15895,-1,0,0.21853346,0.55441695,1,1,unassigned,3.0,3.0,0.0,1.0,0.0,0.0,0.001934236,0.0,0,0,0,1,0
15896,-1,1,0.43538052,0.60715777,1,1,unassigned,16.0,14.0,2.0,0.875,0.125,0.125,0.027079303,0.0033849129,1,0,0,1,0
15897,-1,0,2.041859,0.8851224,1,1,unassigned,10.0,10.0,0.0,1.0,0.0,0.0,0.015473888,0.0,0,0,0,1,0
15898,-1,0,5.863142,0.99716574,1,1,unassigned,4.0,3.0,1.0,0.75,0.25,0.25,0.003868472,0.000967118,0,0,0,1,1
15899,-1,0,-0.14548433,0.46369296,0,1,unassigned,13.0,13.0,0.0,1.0,0.0,0.0,0.021276595,0.0,0,0,0,0,0
15900,-1,1,0.5177782,0.6266281,1,1,unassigned,9.0,5.0,4.0,0.5555556,0.44444445,0.44444442,0.013539651,0.006017623,1,0,0,1,0
15901,-1,1,0.3646602,0.5901681,1,1,unassigned,3.0,3.0,0.0,1.0,0.0,0.0,0.001934236,0.0,1,0,0,1,0
15902,-1,0,-0.11933428,0.47020176,0,1,unassigned,42.0,41.0,1.0,0.97619045,0.023809524,0.023809552,0.07736944,0.0018421295,0,0,0,0,0
15903,-1,0,-0.20961022,0.44778848,0,1,unassigned,52.0,51.0,1.0,0.9807692,0.01923077,0.019230783,0.0967118,0.0018598423,0,0,0,0,0
15904,-1,1,0.4834476,0.6185617,1,1,unassigned,24.0,24.0,0.0,1.0,0.0,0.0,0.04255319,0.0,1,0,0,1,0
15905,-1,1,0.6862946,0.6651422,1,1,unassigned,31.0,21.0,10.0,0.67741936,0.32258064,0.32258064,0.056092843,0.018094465,1,0,0,1,0
15906,-1,1,-0.2115109,0.44731855,0,1,unassigned,7.0,7.0,0.0,1.0,0.0,0.0,0.00967118,0.0,1,0,0,0,0
15907,1,0,-0.2920863,0.42749318,0,1,unassigned,26.0,25.0,1.0,0.96153843,0.03846154,0.038461566,0.046421662,0.0017854486,0,0,0,0,0
15908,-1,1,2.5808585,0.92961943,1,1,unassigned,6.0,6.0,0.0,1.0,0.0,0.0,0.007736944,0.0,1,0,0,1,1
15909,-1,0,0.76878816,0.68325865,1,1,unassigned,23.0,22.0,1.0,0.95652175,0.04347826,0.04347825,0.040618956,0.0017660416,0,0,0,1,0
15910,-1,0,0.5294507,0.629355,1,1,unassigned,13.0,12.0,1.0,0.9230769,0.07692308,0.07692307,0.021276595,0.0016366612,0,0,0,1,0
15911,-1,0,-0.74871147,0.3211021,0,1,unassigned,12.0,12.0,0.0,1.0,0.0,0.0,0.01934236,0.0,0,0,0,0,0
15912,-1,1,0.22136754,0.55511695,1,1,unassigned,10.0,7.0,3.0,0.7,0.3,0.3,0.015473888,0.0046421667,1,0,0,1,0
15913,-1,0,-0.32987106,0.41827205,0,1,unassigned,19.0,18.0,1.0,0.94736844,0.05263158,0.052631557,0.032882012,0.0017306323,0,0,0,0,0
15914,1,0,0.027674973,0.5069183,1,0,unassigned,3.0,3.0,0.0,1.0,0.0,0.0,0.001934236,0.0,0,0,1,1,0
15915,-1,0,0.8839361,0.7076372,1,1,unassigned,6.0,6.0,0.0,1.0,0.0,0.0,0.007736944,0.0,0,0,0,1,0
15916,-1,0,3.69613,0.9757817,1,1,unassigned,21.0,21.0,0.0,1.0,0.0,0.0,0.036750484,0.0,0,0,0,1,1
15917,1,0,3.5955822,0.97328836,1,0,unassigned,10.0,10.0,0.0,1.0,0.0,0.0,0.015473888,0.0,0,0,1,1,1
15918,-1,0,3.8209774,0.97856325,1,1,unassigned,49.0,49.0,0.0,1.0,0.0,0.0,0.09090909,0.0,0,0,0,1,1
15919,-1,0,0.9348437,0.7180569,1,1,unassigned,28.0,28.0,0.0,1.0,0.0,0.0,0.050290134,0.0,0,0,0,1,0
15920,-1,0,-0.43616557,0.39265501,0,1,unassigned,27.0,27.0,0.0,1.0,0.0,0.0,0.0483559,0.0,0,0,0,0,0
15921,-1,0,0.36733323,0.5908145,1,1,unassigned,82.0,80.0,2.0,0.9756098,0.024390243,0.02439022,0.15473887,0.0037741186,0,0,0,1,0
15922,-1,0,-0.8376948,0.3020205,0,1,unassigned,62.0,61.0,1.0,0.983871,0.016129032,0.016129017,0.116054155,0.0018718411,0,0,0,0,0
15923,-1,0,-0.0885244,0.47788337,0,1,unassigned,10.0,9.0,1.0,0.9,0.1,0.100000024,0.015473888,0.0015473888,0,0,0,0,0
15924,-1,0,1.4385622,0.8082319,1,1,unassigned,33.0,33.0,0.0,1.0,0.0,0.0,0.059961315,0.0,0,0,0,1,0
15925,-1,0,-0.40504485,0.4001009,0,1,unassigned,14.0,14.0,0.0,1.0,0.0,0.0,0.023210831,0.0,0,0,0,0,0
15926,-1,0,-0.78708017,0.31279594,0,1,unassigned,131.0,131.0,0.0,1.0,0.0,0.0,0.24951644,0.0,0,0,0,0,0
15927,-1,0,1.0129375,0.73359466,1,1,unassigned,38.0,38.0,0.0,1.0,0.0,0.0,0.06963249,0.0,0,0,0,1,0
15928,-1,0,0.5377472,0.6312882,1,1,unassigned,49.0,46.0,3.0,0.93877554,0.06122449,0.06122446,0.09090909,0.005565863,0,0,0,1,0
15929,0,0,0.3860306,0.5953268,1,1,test,32.0,32.0,0.0,1.0,0.0,0.0,0.058027077,0.0,0,0,0,1,0
15930,0,0,0.4690358,0.6151556,1,1,unassigned,27.0,27.0,0.0,1.0,0.0,0.0,0.0483559,0.0,0,0,0,1,0
15931,-1,0,0.30343002,0.57528085,1,1,unassigned,25.0,24.0,1.0,0.96,0.04,0.04000002,0.044487428,0.001779497,0,0,0,1,0
15932,-1,0,-0.41729206,0.39716494,0,1,unassigned,32.0,32.0,0.0,1.0,0.0,0.0,0.058027077,0.0,0,0,0,0,0
15933,-1,0,0.7434829,0.677757,1,1,unassigned,13.0,13.0,0.0,1.0,0.0,0.0,0.021276595,0.0,0,0,0,1,0
15934,-1,0,0.005947888,0.50148696,1,1,unassigned,77.0,76.0,1.0,0.987013,0.012987013,0.012987018,0.14506769,0.001883996,0,0,0,1,0
15935,-1,1,-0.47274852,0.38396594,0,1,unassigned,2.0,2.0,0.0,1.0,0.0,0.0,0.0,0.0,1,0,0,0,0
15936,-1,0,0.36462873,0.5901604,1,1,unassigned,40.0,36.0,4.0,0.9,0.1,0.100000024,0.07350097,0.007350097,0,0,0,1,0
15937,-1,1,-0.015648603,0.49608794,0,1,unassigned,7.0,6.0,1.0,0.85714287,0.14285715,0.14285713,0.00967118,0.0013815971,1,0,0,0,0
15938,-1,1,-0.25072786,0.43764436,0,1,unassigned,4.0,4.0,0.0,1.0,0.0,0.0,0.003868472,0.0,1,0,0,0,0
15939,-1,0,-0.5934844,0.3558358,0,1,unassigned,2.0,2.0,0.0,1.0,0.0,0.0,0.0,0.0,0,0,0,0,0
15940,-1,0,-0.605337,0.3531236,0,1,unassigned,3.0,3.0,0.0,1.0,0.0,0.0,0.001934236,0.0,0,0,0,0,0
15941,-1,0,-0.18354505,0.45424217,0,1,unassigned,25.0,25.0,0.0,1.0,0.0,0.0,0.044487428,0.0,0,0,0,0,0
15942,-1,0,2.8603504,0.9458512,1,1,unassigned,4.0,3.0,1.0,0.75,0.25,0.25,0.003868472,0.000967118,0,0,0,1,1
15943,-1,0,0.32373595,0.5802344,1,1,unassigned,14.0,12.0,2.0,0.85714287,0.14285715,0.14285713,0.023210831,0.0033158332,0,0,0,1,0
15944,1,0,5.298925,0.99502784,1,0,val,2.0,2.0,0.0,1.0,0.0,0.0,0.0,0.0,0,0,1,1,1
15945,-1,1,-0.66337603,0.33998165,0,1,unassigned,2.0,2.0,0.0,1.0,0.0,0.0,0.0,0.0,1,0,0,0,0
15946,-1,0,1.361871,0.7960636,1,1,unassigned,2.0,2.0,0.0,1.0,0.0,0.0,0.0,0.0,0,0,0,1,0
15947,-1,0,1.5322547,0.82233596,1,1,unassigned,11.0,6.0,5.0,0.54545456,0.45454547,0.45454544,0.017408123,0.007912784,0,0,0,1,0
15948,-1,0,-0.6962544,0.3326432,0,1,unassigned,18.0,18.0,0.0,1.0,0.0,0.0,0.030947777,0.0,0,0,0,0,0
15949,-1,0,-0.11055723,0.47238877,0,1,unassigned,20.0,20.0,0.0,1.0,0.0,0.0,0.034816246,0.0,0,0,0,0,0
15950,-1,0,0.8762453,0.70604354,1,1,unassigned,7.0,7.0,0.0,1.0,0.0,0.0,0.00967118,0.0,0,0,0,1,0
15951,-1,0,1.1293113,0.7557118,1,1,unassigned,27.0,27.0,0.0,1.0,0.0,0.0,0.0483559,0.0,0,0,0,1,0
15952,-1,1,2.0389905,0.8848304,1,1,unassigned,2.0,2.0,0.0,1.0,0.0,0.0,0.0,0.0,1,0,0,1,0
15953,-1,1,0.041245997,0.51031005,1,1,unassigned,18.0,18.0,0.0,1.0,0.0,0.0,0.030947777,0.0,1,0,0,1,0
15954,0,0,-0.8158012,0.30665568,0,0,val,37.0,36.0,1.0,0.972973,0.027027028,0.02702701,0.06769826,0.0018296828,0,0,1,0,0
15955,-1,0,0.06025821,0.51506,1,1,unassigned,38.0,35.0,3.0,0.92105263,0.078947365,0.078947365,0.06963249,0.005497302,0,0,0,1,0
15956,-1,0,1.2454009,0.7765027,1,1,unassigned,46.0,45.0,1.0,0.9782609,0.02173913,0.021739125,0.08510638,0.0018501388,0,0,0,1,0
15957,-1,0,-0.14703786,0.4633066,0,1,unassigned,31.0,31.0,0.0,1.0,0.0,0.0,0.056092843,0.0,0,0,0,0,0
15958,-1,0,-0.71541345,0.32840377,0,1,unassigned,42.0,41.0,1.0,0.97619045,0.023809524,0.023809552,0.07736944,0.0018421295,0,0,0,0,0
15959,-1,0,0.4548537,0.6117926,1,1,unassigned,12.0,10.0,2.0,0.8333333,0.16666667,0.16666669,0.01934236,0.0032237265,0,0,0,1,0
15960,0,0,-0.64631397,0.34382066,0,0,train,13.0,13.0,0.0,1.0,0.0,0.0,0.021276595,0.0,0,0,1,0,0
15961,-1,0,7.684585,0.9995403,1,1,unassigned,7.0,4.0,3.0,0.5714286,0.42857143,0.4285714,0.00967118,0.0041447915,0,0,0,1,1
15962,-1,0,1.4989402,0.81741637,1,1,unassigned,9.0,9.0,0.0,1.0,0.0,0.0,0.013539651,0.0,0,0,0,1,0
15963,-1,0,-0.9280994,0.28331047,0,1,unassigned,36.0,36.0,0.0,1.0,0.0,0.0,0.065764025,0.0,0,0,0,0,0
15964,-1,1,-0.2646157,0.43422937,0,1,unassigned,2.0,2.0,0.0,1.0,0.0,0.0,0.0,0.0,1,0,0,0,0
15965,-1,0,4.3922315,0.9877781,1,1,unassigned,2.0,2.0,0.0,1.0,0.0,0.0,0.0,0.0,0,0,0,1,1
15966,-1,0,-0.16725957,0.4582823,0,1,unassigned,50.0,48.0,2.0,0.96,0.04,0.04000002,0.092843324,0.0037137328,0,0,0,0,0
15967,-1,0,-0.24833879,0.43823242,0,1,unassigned,13.0,12.0,1.0,0.9230769,0.07692308,0.07692307,0.021276595,0.0016366612,0,0,0,0,0
15968,1,0,0.14210725,0.53546715,1,0,val,66.0,64.0,2.0,0.969697,0.030303031,0.030303001,0.123791106,0.0037512458,0,0,1,1,0
15969,-1,0,1.6824872,0.84323364,1,1,unassigned,5.0,1.0,4.0,0.2,0.8,0.8,0.0058027077,0.004642166,0,0,0,1,0
15970,-1,0,0.5046026,0.62354034,1,1,unassigned,17.0,17.0,0.0,1.0,0.0,0.0,0.029013539,0.0,0,0,0,1,0
15971,-1,1,-0.60211444,0.35386008,0,1,unassigned,2.0,2.0,0.0,1.0,0.0,0.0,0.0,0.0,1,0,0,0,0
15972,-1,0,0.20620644,0.55136967,1,1,unassigned,26.0,23.0,3.0,0.88461536,0.115384616,0.11538464,0.046421662,0.005356346,0,0,0,1,0
15973,0,1,-0.27892032,0.4307185,0,0,train,30.0,29.0,1.0,0.96666664,0.033333335,0.03333336,0.054158606,0.001805287,1,0,1,0,0
15974,-1,1,3.279023,0.96370214,1,1,unassigned,18.0,16.0,2.0,0.8888889,0.11111111,0.111111104,0.030947777,0.0034386418,1,0,0,1,1
15975,-1,1,0.041584313,0.5103946,1,1,unassigned,4.0,4.0,0.0,1.0,0.0,0.0,0.003868472,0.0,1,0,0,1,0
15976,-1,0,-0.03246683,0.49188402,0,1,unassigned,5.0,5.0,0.0,1.0,0.0,0.0,0.0058027077,0.0,0,0,0,0,0
15977,-1,0,-0.62678754,0.3482393,0,1,unassigned,13.0,13.0,0.0,1.0,0.0,0.0,0.021276595,0.0,0,0,0,0,0
15978,-1,0,4.6559567,0.9905847,1,1,unassigned,2.0,2.0,0.0,1.0,0.0,0.0,0.0,0.0,0,0,0,1,1
15979,-1,0,-0.48765826,0.3804454,0,1,unassigned,63.0,62.0,1.0,0.984127,0.015873017,0.015873015,0.11798839,0.0018728317,0,0,0,0,0
15980,-1,0,-0.75799906,0.31908086,0,1,unassigned,94.0,93.0,1.0,0.9893617,0.010638298,0.010638297,0.17794971,0.0018930819,0,0,0,0,0
15981,-1,0,0.6127102,0.64855874,1,1,unassigned,31.0,31.0,0.0,1.0,0.0,0.0,0.056092843,0.0,0,0,0,1,0
15982,-1,0,-0.3516829,0.41297436,0,1,unassigned,9.0,9.0,0.0,1.0,0.0,0.0,0.013539651,0.0,0,0,0,0,0
15983,-1,0,-0.8060746,0.3087276,0,1,unassigned,93.0,92.0,1.0,0.9892473,0.010752688,0.010752678,0.17601547,0.0018926394,0,0,0,0,0
15984,-1,0,-0.4013527,0.4009874,0,1,unassigned,14.0,14.0,0.0,1.0,0.0,0.0,0.023210831,0.0,0,0,0,0,0
15985,-1,0,-0.23335111,0.44192553,0,1,unassigned,15.0,13.0,2.0,0.8666667,0.13333334,0.13333333,0.025145067,0.0033526758,0,0,0,0,0
15986,-1,0,5.4279876,0.9956273,1,1,unassigned,7.0,7.0,0.0,1.0,0.0,0.0,0.00967118,0.0,0,0,0,1,1
15987,-1,1,0.030232131,0.50755745,1,1,unassigned,2.0,2.0,0.0,1.0,0.0,0.0,0.0,0.0,1,0,0,1,0
15988,-1,0,5.1736546,0.994368,1,1,unassigned,2.0,2.0,0.0,1.0,0.0,0.0,0.0,0.0,0,0,0,1,1
15989,-1,0,2.0483634,0.8857822,1,1,unassigned,7.0,7.0,0.0,1.0,0.0,0.0,0.00967118,0.0,0,0,0,1,0
15990,-1,0,-0.1490713,0.46280107,0,1,unassigned,8.0,8.0,0.0,1.0,0.0,0.0,0.0116054155,0.0,0,0,0,0,0
15991,-1,0,-0.89227086,0.29064143,0,1,unassigned,84.0,79.0,5.0,0.9404762,0.05952381,0.05952382,0.15860735,0.009440914,0,0,0,0,0
15992,-1,0,-0.028149664,0.49296305,0,1,unassigned,57.0,57.0,0.0,1.0,0.0,0.0,0.10638298,0.0,0,0,0,0,0
15993,-1,1,3.6780827,0.9753515,1,1,unassigned,8.0,8.0,0.0,1.0,0.0,0.0,0.0116054155,0.0,1,0,0,1,1
15994,-1,0,-0.7199061,0.32741368,0,1,unassigned,45.0,45.0,0.0,1.0,0.0,0.0,0.08317215,0.0,0,0,0,0,0
15995,-1,0,3.289888,0.9640803,1,1,unassigned,5.0,5.0,0.0,1.0,0.0,0.0,0.0058027077,0.0,0,0,0,1,1
15996,-1,0,-0.8168185,0.30643943,0,1,unassigned,35.0,35.0,0.0,1.0,0.0,0.0,0.06382979,0.0,0,0,0,0,0
15997,-1,0,-0.6600449,0.3407295,0,1,unassigned,53.0,53.0,0.0,1.0,0.0,0.0,0.09864604,0.0,0,0,0,0,0
15998,-1,0,-0.6539997,0.3420888,0,1,unassigned,22.0,22.0,0.0,1.0,0.0,0.0,0.03868472,0.0,0,0,0,0,0
15999,-1,0,6.487443,0.9984799,1,1,unassigned,2.0,2.0,0.0,1.0,0.0,0.0,0.0,0.0,0,0,0,1,1
16000,-1,0,0.93993884,0.7190873,1,1,unassigned,20.0,20.0,0.0,1.0,0.0,0.0,0.034816246,0.0,0,0,0,1,0
16001,0,0,-0.82792914,0.30408314,0,0,unassigned,49.0,49.0,0.0,1.0,0.0,0.0,0.09090909,0.0,0,0,1,0,0
16002,0,0,-0.7694669,0.31659445,0,0,test,49.0,48.0,1.0,0.97959185,0.020408163,0.020408154,0.09090909,0.0018552876,0,0,1,0,0
16003,-1,0,0.42717338,0.6051985,1,1,unassigned,16.0,16.0,0.0,1.0,0.0,0.0,0.027079303,0.0,0,0,0,1,0
16004,-1,0,2.6369627,0.93320286,1,1,unassigned,13.0,13.0,0.0,1.0,0.0,0.0,0.021276595,0.0,0,0,0,1,1
16005,-1,0,-0.6398153,0.3452883,0,1,unassigned,2.0,2.0,0.0,1.0,0.0,0.0,0.0,0.0,0,0,0,0,0
16006,-1,0,3.162082,0.9593821,1,1,unassigned,22.0,22.0,0.0,1.0,0.0,0.0,0.03868472,0.0,0,0,0,1,1
16007,-1,0,6.6781297,0.9987435,1,1,unassigned,104.0,102.0,2.0,0.9807692,0.01923077,0.019230783,0.19729207,0.0037940785,0,0,0,1,1
16008,-1,0,0.6338281,0.65335697,1,1,unassigned,6.0,5.0,1.0,0.8333333,0.16666667,0.16666669,0.007736944,0.0012894907,0,0,0,1,0
16009,-1,1,1.5964437,0.83152074,1,1,unassigned,7.0,7.0,0.0,1.0,0.0,0.0,0.00967118,0.0,1,0,0,1,0
16010,-1,1,0.37281233,0.59213835,1,1,unassigned,4.0,4.0,0.0,1.0,0.0,0.0,0.003868472,0.0,1,0,0,1,0
16011,-1,1,6.842792,0.998934,1,1,unassigned,2.0,2.0,0.0,1.0,0.0,0.0,0.0,0.0,1,0,0,1,1
16012,-1,0,-0.4923019,0.37935147,0,1,unassigned,19.0,18.0,1.0,0.94736844,0.05263158,0.052631557,0.032882012,0.0017306323,0,0,0,0,0
16013,-1,0,-0.12710226,0.46826714,0,1,unassigned,28.0,28.0,0.0,1.0,0.0,0.0,0.050290134,0.0,0,0,0,0,0
16014,-1,0,11.5135565,0.99999,1,1,unassigned,2.0,2.0,0.0,1.0,0.0,0.0,0.0,0.0,0,0,0,1,1
16015,-1,0,0.8607586,0.7028191,1,1,unassigned,6.0,6.0,0.0,1.0,0.0,0.0,0.007736944,0.0,0,0,0,1,0
16016,-1,0,-0.45837057,0.38737246,0,1,unassigned,27.0,26.0,1.0,0.962963,0.037037037,0.037037015,0.0483559,0.0017909593,0,0,0,0,0
16017,-1,1,0.8714238,0.7050419,1,1,unassigned,11.0,11.0,0.0,1.0,0.0,0.0,0.017408123,0.0,1,0,0,1,0
16018,-1,0,-0.5856435,0.35763508,0,1,unassigned,88.0,87.0,1.0,0.9886364,0.011363637,0.0113636255,0.1663443,0.0018902762,0,0,0,0,0
16019,-1,0,-0.70063484,0.33167148,0,1,unassigned,46.0,46.0,0.0,1.0,0.0,0.0,0.08510638,0.0,0,0,0,0,0
16020,-1,0,-0.070421696,0.48240188,0,1,unassigned,28.0,28.0,0.0,1.0,0.0,0.0,0.050290134,0.0,0,0,0,0,0
16021,-1,0,0.00751853,0.50187963,1,1,unassigned,65.0,65.0,0.0,1.0,0.0,0.0,0.12185687,0.0,0,0,0,1,0
16022,-1,0,1.1273115,0.7553424,1,1,unassigned,56.0,56.0,0.0,1.0,0.0,0.0,0.10444874,0.0,0,0,0,1,0
16023,0,0,-0.85267437,0.29887214,0,0,train,45.0,45.0,0.0,1.0,0.0,0.0,0.08317215,0.0,0,0,1,0,0
16024,0,0,-0.8915025,0.29079986,0,0,test,2.0,2.0,0.0,1.0,0.0,0.0,0.0,0.0,0,0,1,0,0
16025,-1,1,1.2083299,0.7700033,1,1,unassigned,11.0,10.0,1.0,0.90909094,0.09090909,0.090909064,0.017408123,0.0015825568,1,0,0,1,0
16026,-1,0,0.8266416,0.6956443,1,1,unassigned,9.0,8.0,1.0,0.8888889,0.11111111,0.111111104,0.013539651,0.0015044058,0,0,0,1,0
16027,-1,0,-0.69965667,0.33188835,0,1,unassigned,2.0,2.0,0.0,1.0,0.0,0.0,0.0,0.0,0,0,0,0,0
16028,-1,0,1.7067089,0.8464089,1,1,unassigned,3.0,3.0,0.0,1.0,0.0,0.0,0.001934236,0.0,0,0,0,1,0
16029,-1,0,3.9511817,0.98113096,1,1,unassigned,6.0,6.0,0.0,1.0,0.0,0.0,0.007736944,0.0,0,0,0,1,1
16030,-1,0,-0.9729512,0.27429265,0,1,unassigned,3.0,3.0,0.0,1.0,0.0,0.0,0.001934236,0.0,0,0,0,0,0
16031,-1,0,-0.060777724,0.48481026,0,1,unassigned,17.0,17.0,0.0,1.0,0.0,0.0,0.029013539,0.0,0,0,0,0,0
16032,-1,0,5.1350813,0.9941479,1,1,unassigned,2.0,2.0,0.0,1.0,0.0,0.0,0.0,0.0,0,0,0,1,1
16033,-1,0,-0.85170436,0.29907545,0,1,unassigned,9.0,9.0,0.0,1.0,0.0,0.0,0.013539651,0.0,0,0,0,0,0
16034,1,1,-0.018482685,0.49537945,0,1,test,9.0,9.0,0.0,1.0,0.0,0.0,0.013539651,0.0,1,0,0,0,0
16035,0,0,-0.8987212,0.28931338,0,0,test,10.0,9.0,1.0,0.9,0.1,0.100000024,0.015473888,0.0015473888,0,0,1,0,0
16036,-1,0,1.8073432,0.85904044,1,1,unassigned,5.0,5.0,0.0,1.0,0.0,0.0,0.0058027077,0.0,0,0,0,1,0
16037,-1,1,-0.68712837,0.33467218,0,1,unassigned,25.0,25.0,0.0,1.0,0.0,0.0,0.044487428,0.0,1,0,0,0,0
16038,-1,0,3.837179,0.97890043,1,1,unassigned,19.0,15.0,4.0,0.7894737,0.21052632,0.21052629,0.032882012,0.006922529,0,0,0,1,1
16039,-1,1,-0.8112979,0.307614,0,1,unassigned,23.0,23.0,0.0,1.0,0.0,0.0,0.040618956,0.0,1,0,0,0,0
16040,1,1,-0.42665505,0.39492536,0,1,test,84.0,83.0,1.0,0.9880952,0.011904762,0.011904776,0.15860735,0.0018881827,1,0,0,0,0
16041,-1,1,1.3210642,0.7893587,1,1,unassigned,19.0,15.0,4.0,0.7894737,0.21052632,0.21052629,0.032882012,0.006922529,1,0,0,1,0
16042,-1,1,0.6152709,0.6491422,1,1,unassigned,53.0,53.0,0.0,1.0,0.0,0.0,0.09864604,0.0,1,0,0,1,0
16043,-1,0,0.6979452,0.66773206,1,1,unassigned,5.0,4.0,1.0,0.8,0.2,0.19999999,0.0058027077,0.0011605415,0,0,0,1,0
16044,-1,1,3.2417767,0.96237653,1,1,unassigned,2.0,1.0,1.0,0.5,0.5,0.5,0.0,0.0,1,0,0,1,1
16045,-1,0,0.879546,0.7067281,1,1,unassigned,11.0,9.0,2.0,0.8181818,0.18181819,0.18181819,0.017408123,0.0031651135,0,0,0,1,0
16046,-1,0,1.6847746,0.8435358,1,1,unassigned,22.0,19.0,3.0,0.8636364,0.13636364,0.13636363,0.03868472,0.005275189,0,0,0,1,0
16047,-1,0,2.1075172,0.89163166,1,1,unassigned,3.0,3.0,0.0,1.0,0.0,0.0,0.001934236,0.0,0,0,0,1,0
16048,-1,0,6.1992736,0.99797326,1,1,unassigned,2.0,2.0,0.0,1.0,0.0,0.0,0.0,0.0,0,0,0,1,1
16049,1,0,-0.31255463,0.4224913,0,1,val,7.0,7.0,0.0,1.0,0.0,0.0,0.00967118,0.0,0,0,0,0,0
16050,-1,0,-0.23500219,0.44151834,0,1,unassigned,9.0,9.0,0.0,1.0,0.0,0.0,0.013539651,0.0,0,0,0,0,0
16051,-1,0,-0.33340606,0.41741213,0,1,unassigned,41.0,40.0,1.0,0.9756098,0.024390243,0.02439022,0.07543521,0.001839883,0,0,0,0,0
16052,-1,0,-0.8447876,0.3005274,0,1,unassigned,79.0,76.0,3.0,0.96202534,0.03797468,0.037974656,0.14893617,0.0056558037,0,0,0,0,0
16053,-1,0,6.9974504,0.9990866,1,1,unassigned,2.0,2.0,0.0,1.0,0.0,0.0,0.0,0.0,0,0,0,1,1
16054,-1,1,4.2299643,0.9856558,1,1,unassigned,3.0,3.0,0.0,1.0,0.0,0.0,0.001934236,0.0,1,0,0,1,1
16055,-1,0,-0.5388951,0.36844465,0,1,unassigned,55.0,45.0,10.0,0.8181818,0.18181819,0.18181819,0.102514505,0.018639002,0,0,0,0,0
16056,-1,0,2.6841707,0.93608606,1,1,unassigned,36.0,34.0,2.0,0.9444444,0.055555556,0.055555582,0.065764025,0.003653557,0,0,0,1,1
16057,-1,0,1.325768,0.79013973,1,1,unassigned,16.0,15.0,1.0,0.9375,0.0625,0.0625,0.027079303,0.0016924564,0,0,0,1,0
16058,-1,0,3.407503,0.9679382,1,1,unassigned,11.0,11.0,0.0,1.0,0.0,0.0,0.017408123,0.0,0,0,0,1,1
16059,1,0,-0.5580245,0.36400464,0,1,val,79.0,77.0,2.0,0.9746835,0.025316456,0.025316477,0.14893617,0.003770536,0,0,0,0,0
16060,-1,0,-0.36895084,0.40879455,0,1,unassigned,23.0,22.0,1.0,0.95652175,0.04347826,0.04347825,0.040618956,0.0017660416,0,0,0,0,0
16061,-1,0,-0.037597716,0.4906017,0,1,unassigned,13.0,12.0,1.0,0.9230769,0.07692308,0.07692307,0.021276595,0.0016366612,0,0,0,0,0
16062,-1,0,-0.057608664,0.4856018,0,1,unassigned,26.0,26.0,0.0,1.0,0.0,0.0,0.046421662,0.0,0,0,0,0,0
16063,-1,0,-0.82944256,0.30376294,0,1,unassigned,5.0,5.0,0.0,1.0,0.0,0.0,0.0058027077,0.0,0,0,0,0,0
16064,-1,0,-0.60372263,0.35349247,0,1,unassigned,8.0,7.0,1.0,0.875,0.125,0.125,0.0116054155,0.0014506769,0,0,0,0,0
16065,-1,0,-0.08359909,0.4791124,0,1,unassigned,5.0,4.0,1.0,0.8,0.2,0.19999999,0.0058027077,0.0011605415,0,0,0,0,0
16066,-1,0,3.3557546,0.9662928,1,1,unassigned,15.0,14.0,1.0,0.93333334,0.06666667,0.06666666,0.025145067,0.0016763379,0,0,0,1,1
16067,-1,1,1.3574834,0.7953504,1,1,unassigned,10.0,8.0,2.0,0.8,0.2,0.19999999,0.015473888,0.0030947777,1,0,0,1,0
16068,-1,0,5.9041276,0.99727935,1,1,unassigned,13.0,11.0,2.0,0.84615386,0.15384616,0.15384614,0.021276595,0.0032733225,0,0,0,1,1
16069,-1,0,1.9721034,0.8778368,1,1,unassigned,8.0,8.0,0.0,1.0,0.0,0.0,0.0116054155,0.0,0,0,0,1,0
16070,-1,1,0.23418432,0.55827993,1,1,unassigned,17.0,15.0,2.0,0.88235295,0.11764706,0.11764705,0.029013539,0.0034133575,1,0,0,1,0
16071,-1,0,1.3238912,0.78982836,1,1,unassigned,13.0,11.0,2.0,0.84615386,0.15384616,0.15384614,0.021276595,0.0032733225,0,0,0,1,0
16072,-1,1,3.7108538,0.9761272,1,1,unassigned,4.0,4.0,0.0,1.0,0.0,0.0,0.003868472,0.0,1,0,0,1,1
16073,-1,0,-0.36007777,0.41094074,0,1,unassigned,3.0,3.0,0.0,1.0,0.0,0.0,0.001934236,0.0,0,0,0,0,0
16074,0,0,-0.48164633,0.38186345,0,0,test,11.0,11.0,0.0,1.0,0.0,0.0,0.017408123,0.0,0,0,1,0,0
16075,-1,1,-0.4174036,0.39713824,0,1,unassigned,7.0,7.0,0.0,1.0,0.0,0.0,0.00967118,0.0,1,0,0,0,0
16076,0,0,-0.78990346,0.3121894,0,0,unassigned,45.0,40.0,5.0,0.8888889,0.11111111,0.111111104,0.08317215,0.00924135,0,0,1,0,0
16077,-1,0,-0.3738038,0.40762225,0,1,unassigned,34.0,32.0,2.0,0.9411765,0.05882353,0.058823526,0.061895553,0.0036409148,0,0,0,0,0
16078,-1,0,-0.8498812,0.2994578,0,1,unassigned,37.0,35.0,2.0,0.9459459,0.054054055,0.05405408,0.06769826,0.0036593657,0,0,0,0,0
16079,-1,0,-0.07792091,0.48052964,0,1,unassigned,9.0,9.0,0.0,1.0,0.0,0.0,0.013539651,0.0,0,0,0,0,0
16080,-1,0,4.35033,0.98726183,1,1,unassigned,3.0,3.0,0.0,1.0,0.0,0.0,0.001934236,0.0,0,0,0,1,1
16081,-1,1,3.2947032,0.96424663,1,1,unassigned,6.0,2.0,4.0,0.33333334,0.6666667,0.6666666,0.007736944,0.005157963,1,0,0,1,1
16082,-1,0,0.6971744,0.667561,1,1,unassigned,7.0,7.0,0.0,1.0,0.0,0.0,0.00967118,0.0,0,0,0,1,0
16083,-1,0,0.027494252,0.50687313,1,1,unassigned,11.0,10.0,1.0,0.90909094,0.09090909,0.090909064,0.017408123,0.0015825568,0,0,0,1,0
16084,-1,1,2.9972844,0.9524513,1,1,unassigned,2.0,2.0,0.0,1.0,0.0,0.0,0.0,0.0,1,0,0,1,1
16085,-1,1,-0.26937965,0.4330594,0,1,unassigned,38.0,37.0,1.0,0.9736842,0.02631579,0.026315808,0.06963249,0.0018324341,1,0,0,0,0
16086,-1,1,-0.6704882,0.33838752,0,1,unassigned,63.0,63.0,0.0,1.0,0.0,0.0,0.11798839,0.0,1,0,0,0,0
16087,-1,1,-0.51823485,0.3732651,0,1,unassigned,15.0,14.0,1.0,0.93333334,0.06666667,0.06666666,0.025145067,0.0016763379,1,0,0,0,0
16088,-1,0,1.6413295,0.8377158,1,1,unassigned,8.0,2.0,6.0,0.25,0.75,0.75,0.0116054155,0.008704062,0,0,0,1,0
16089,-1,0,7.192433,0.9992483,1,1,unassigned,2.0,2.0,0.0,1.0,0.0,0.0,0.0,0.0,0,0,0,1,1
16090,-1,0,9.031862,0.99988043,1,1,unassigned,2.0,1.0,1.0,0.5,0.5,0.5,0.0,0.0,0,0,0,1,1
16091,-1,0,11.357356,0.9999883,1,1,unassigned,2.0,2.0,0.0,1.0,0.0,0.0,0.0,0.0,0,0,0,1,1
16092,-1,1,-0.7272098,0.32580733,0,1,unassigned,19.0,19.0,0.0,1.0,0.0,0.0,0.032882012,0.0,1,0,0,0,0
16093,1,0,-0.27360272,0.43202284,0,1,unassigned,10.0,10.0,0.0,1.0,0.0,0.0,0.015473888,0.0,0,0,0,0,0
16094,-1,1,0.87583095,0.70595753,1,1,unassigned,26.0,21.0,5.0,0.8076923,0.1923077,0.19230771,0.046421662,0.008927243,1,0,0,1,0
16095,-1,0,1.4130979,0.80425406,1,1,unassigned,6.0,6.0,0.0,1.0,0.0,0.0,0.007736944,0.0,0,0,0,1,0
16096,-1,1,-0.63898104,0.34547693,0,1,unassigned,53.0,51.0,2.0,0.9622642,0.03773585,0.03773582,0.09864604,0.0037224921,1,0,0,0,0
16097,-1,1,-0.405052,0.40009913,0,1,unassigned,23.0,22.0,1.0,0.95652175,0.04347826,0.04347825,0.040618956,0.0017660416,1,0,0,0,0
16098,-1,0,2.5642364,0.9285241,1,1,unassigned,16.0,13.0,3.0,0.8125,0.1875,0.1875,0.027079303,0.0050773695,0,0,0,1,1
16099,-1,1,-0.34154218,0.41543493,0,1,unassigned,28.0,28.0,0.0,1.0,0.0,0.0,0.050290134,0.0,1,0,0,0,0
16100,-1,1,3.5667646,0.9725289,1,1,unassigned,18.0,18.0,0.0,1.0,0.0,0.0,0.030947777,0.0,1,0,0,1,1
16101,-1,1,-0.6265891,0.34828433,0,1,unassigned,45.0,45.0,0.0,1.0,0.0,0.0,0.08317215,0.0,1,0,0,0,0
16102,-1,0,8.000252,0.9996648,1,1,unassigned,30.0,25.0,5.0,0.8333333,0.16666667,0.16666669,0.054158606,0.009026434,0,0,0,1,1
16103,-1,0,-0.28649247,0.4288628,0,1,unassigned,23.0,2.0,21.0,0.08695652,0.9130435,0.9130435,0.040618956,0.037086874,0,0,0,0,0
16104,-1,1,-0.4593125,0.38714892,0,1,unassigned,44.0,42.0,2.0,0.95454544,0.045454547,0.04545456,0.08123791,0.0036926325,1,0,0,0,0
16105,-1,0,5.1239715,0.99408287,1,1,unassigned,16.0,16.0,0.0,1.0,0.0,0.0,0.027079303,0.0,0,0,0,1,1
16106,-1,1,2.6979334,0.9369046,1,1,unassigned,15.0,15.0,0.0,1.0,0.0,0.0,0.025145067,0.0,1,0,0,1,1
16107,-1,1,-0.24060929,0.44013622,0,1,unassigned,21.0,21.0,0.0,1.0,0.0,0.0,0.036750484,0.0,1,0,0,0,0
16108,-1,1,0.4071676,0.60040855,1,1,unassigned,2.0,2.0,0.0,1.0,0.0,0.0,0.0,0.0,1,0,0,1,0
16109,-1,0,4.4052277,0.987934,1,1,unassigned,2.0,2.0,0.0,1.0,0.0,0.0,0.0,0.0,0,0,0,1,1
16110,-1,0,-0.0018083453,0.4995479,0,1,unassigned,6.0,6.0,0.0,1.0,0.0,0.0,0.007736944,0.0,0,0,0,0,0
16111,-1,0,6.0204463,0.99757737,1,1,unassigned,2.0,2.0,0.0,1.0,0.0,0.0,0.0,0.0,0,0,0,1,1
16112,-1,0,7.7209735,0.9995567,1,1,unassigned,2.0,2.0,0.0,1.0,0.0,0.0,0.0,0.0,0,0,0,1,1
16113,0,0,-0.0032694936,0.4991826,0,0,unassigned,5.0,5.0,0.0,1.0,0.0,0.0,0.0058027077,0.0,0,0,1,0,0
16114,-1,0,6.445613,0.998415,1,1,unassigned,2.0,2.0,0.0,1.0,0.0,0.0,0.0,0.0,0,0,0,1,1
16115,-1,0,7.961717,0.99965155,1,1,unassigned,2.0,2.0,0.0,1.0,0.0,0.0,0.0,0.0,0,0,0,1,1
16116,1,0,-0.2313819,0.44241124,0,1,unassigned,28.0,25.0,3.0,0.89285713,0.10714286,0.107142866,0.050290134,0.0053882287,0,0,0,0,0
16117,1,0,7.4475026,0.9994174,1,0,unassigned,23.0,22.0,1.0,0.95652175,0.04347826,0.04347825,0.040618956,0.0017660416,0,0,1,1,1
16118,1,0,1.6433527,0.83799064,1,0,unassigned,3.0,3.0,0.0,1.0,0.0,0.0,0.001934236,0.0,0,0,1,1,0
16119,-1,0,0.08954662,0.5223717,1,1,unassigned,21.0,21.0,0.0,1.0,0.0,0.0,0.036750484,0.0,0,0,0,1,0
16120,-1,0,0.86727196,0.70417774,1,1,unassigned,3.0,3.0,0.0,1.0,0.0,0.0,0.001934236,0.0,0,0,0,1,0
16121,-1,0,-0.3862198,0.40462762,0,1,unassigned,51.0,51.0,0.0,1.0,0.0,0.0,0.09477756,0.0,0,0,0,0,0
16122,-1,0,0.1257171,0.5313879,1,1,unassigned,7.0,7.0,0.0,1.0,0.0,0.0,0.00967118,0.0,0,0,0,1,0
16123,0,0,-0.8818423,0.29279616,0,0,train,53.0,53.0,0.0,1.0,0.0,0.0,0.09864604,0.0,0,0,1,0,0
16124,-1,0,-0.798394,0.31036916,0,1,unassigned,97.0,95.0,2.0,0.97938144,0.020618556,0.020618558,0.18375242,0.0037887094,0,0,0,0,0
16125,-1,0,-0.814642,0.3069022,0,1,unassigned,83.0,82.0,1.0,0.9879518,0.012048192,0.012048185,0.15667312,0.0018876279,0,0,0,0,0
16126,-1,0,-0.69977033,0.33186314,0,1,unassigned,230.0,229.0,1.0,0.9956522,0.004347826,0.004347801,0.4410058,0.0019174165,0,0,0,0,0
16127,-1,0,-0.47890633,0.38251042,0,1,unassigned,9.0,9.0,0.0,1.0,0.0,0.0,0.013539651,0.0,0,0,0,0,0
16128,0,0,-0.6698932,0.33852077,0,0,unassigned,44.0,43.0,1.0,0.97727275,0.022727273,0.022727251,0.08123791,0.0018463163,0,0,1,0,0
16129,1,1,-0.4121753,0.39839062,0,1,unassigned,56.0,53.0,3.0,0.9464286,0.05357143,0.053571403,0.10444874,0.0055954685,1,0,0,0,0
16130,-1,1,1.8924954,0.8690398,1,1,unassigned,24.0,17.0,7.0,0.7083333,0.29166666,0.2916667,0.04255319,0.012411347,1,0,0,1,0
16131,-1,1,-0.6447916,0.34416416,0,1,unassigned,24.0,22.0,2.0,0.9166667,0.083333336,0.08333331,0.04255319,0.0035460992,1,0,0,0,0
16132,-1,0,3.5571482,0.97227085,1,1,unassigned,3.0,3.0,0.0,1.0,0.0,0.0,0.001934236,0.0,0,0,0,1,1
16133,-1,1,-1.0485679,0.2595002,0,1,unassigned,2.0,2.0,0.0,1.0,0.0,0.0,0.0,0.0,1,0,0,0,0
16134,-1,0,6.251081,0.99807537,1,1,unassigned,4.0,4.0,0.0,1.0,0.0,0.0,0.003868472,0.0,0,0,0,1,1
16135,-1,1,3.652098,0.9747191,1,1,unassigned,5.0,5.0,0.0,1.0,0.0,0.0,0.0058027077,0.0,1,0,0,1,1
16136,-1,0,1.1711745,0.7633572,1,1,unassigned,2.0,1.0,1.0,0.5,0.5,0.5,0.0,0.0,0,0,0,1,0
16137,-1,0,12.7257595,0.999997,1,1,unassigned,4.0,2.0,2.0,0.5,0.5,0.5,0.003868472,0.001934236,0,0,0,1,1
16138,-1,0,-0.40717095,0.39959064,0,1,unassigned,2.0,2.0,0.0,1.0,0.0,0.0,0.0,0.0,0,0,0,0,0
16139,-1,0,4.6559567,0.9905847,1,1,unassigned,2.0,2.0,0.0,1.0,0.0,0.0,0.0,0.0,0,0,0,1,1
16140,-1,0,4.6559567,0.9905847,1,1,unassigned,2.0,2.0,0.0,1.0,0.0,0.0,0.0,0.0,0,0,0,1,1
16141,-1,0,5.086188,0.9938564,1,1,unassigned,9.0,9.0,0.0,1.0,0.0,0.0,0.013539651,0.0,0,0,0,1,1
16142,-1,0,3.988189,0.981804,1,1,unassigned,2.0,2.0,0.0,1.0,0.0,0.0,0.0,0.0,0,0,0,1,1
16143,-1,0,5.346544,0.99525803,1,1,unassigned,2.0,2.0,0.0,1.0,0.0,0.0,0.0,0.0,0,0,0,1,1
16144,1,1,5.955393,0.9974148,1,0,val,13.0,12.0,1.0,0.9230769,0.07692308,0.07692307,0.021276595,0.0016366612,1,0,1,1,1
16145,-1,1,-0.75072086,0.32066426,0,1,unassigned,59.0,57.0,2.0,0.9661017,0.033898305,0.033898294,0.11025145,0.0037373372,1,0,0,0,0
16146,-1,0,9.514313,0.9999262,1,1,unassigned,3.0,2.0,1.0,0.6666667,0.33333334,0.3333333,0.001934236,0.00064474536,0,0,0,1,1
16147,0,1,-0.44420722,0.3907389,0,0,unassigned,38.0,36.0,2.0,0.94736844,0.05263158,0.052631557,0.06963249,0.0036648682,1,0,1,0,0
16148,-1,0,4.7377315,0.9913175,1,1,unassigned,5.0,5.0,0.0,1.0,0.0,0.0,0.0058027077,0.0,0,0,0,1,1
16149,-1,0,4.3922315,0.9877781,1,1,unassigned,2.0,2.0,0.0,1.0,0.0,0.0,0.0,0.0,0,0,0,1,1
16150,-1,0,4.6559567,0.9905847,1,1,unassigned,2.0,2.0,0.0,1.0,0.0,0.0,0.0,0.0,0,0,0,1,1
16151,-1,0,4.6559567,0.9905847,1,1,unassigned,2.0,2.0,0.0,1.0,0.0,0.0,0.0,0.0,0,0,0,1,1
16152,-1,0,4.6559567,0.9905847,1,1,unassigned,2.0,2.0,0.0,1.0,0.0,0.0,0.0,0.0,0,0,0,1,1
16153,-1,0,4.6559567,0.9905847,1,1,unassigned,2.0,2.0,0.0,1.0,0.0,0.0,0.0,0.0,0,0,0,1,1
16154,-1,0,-0.3180768,0.42114455,0,1,unassigned,4.0,4.0,0.0,1.0,0.0,0.0,0.003868472,0.0,0,0,0,0,0
16155,-1,0,0.8305231,0.6964655,1,1,unassigned,4.0,3.0,1.0,0.75,0.25,0.25,0.003868472,0.000967118,0,0,0,1,0
16156,-1,0,-0.49288383,0.37921444,0,1,unassigned,12.0,10.0,2.0,0.8333333,0.16666667,0.16666669,0.01934236,0.0032237265,0,0,0,0,0
16157,-1,0,7.200374,0.9992543,1,1,unassigned,2.0,2.0,0.0,1.0,0.0,0.0,0.0,0.0,0,0,0,1,1
16158,-1,1,4.0205903,0.98237383,1,1,unassigned,2.0,2.0,0.0,1.0,0.0,0.0,0.0,0.0,1,0,0,1,1
16159,-1,1,-0.4910224,0.37965274,0,1,unassigned,15.0,15.0,0.0,1.0,0.0,0.0,0.025145067,0.0,1,0,0,0,0
16160,-1,0,-0.5856722,0.35762846,0,1,unassigned,87.0,87.0,0.0,1.0,0.0,0.0,0.16441005,0.0,0,0,0,0,0
16161,-1,0,2.4776912,0.922563,1,1,unassigned,5.0,5.0,0.0,1.0,0.0,0.0,0.0058027077,0.0,0,0,0,1,1
16162,-1,0,1.9372795,0.87405294,1,1,unassigned,5.0,4.0,1.0,0.8,0.2,0.19999999,0.0058027077,0.0011605415,0,0,0,1,0
16163,-1,1,0.071323216,0.5178232,1,1,unassigned,20.0,16.0,4.0,0.8,0.2,0.19999999,0.034816246,0.0069632493,1,0,0,1,0
16164,-1,0,-0.5454382,0.36692342,0,1,unassigned,93.0,93.0,0.0,1.0,0.0,0.0,0.17601547,0.0,0,0,0,0,0
16165,0,0,-0.82336885,0.305049,0,0,unassigned,29.0,29.0,0.0,1.0,0.0,0.0,0.05222437,0.0,0,0,1,0,0
16166,-1,0,-0.41618085,0.39743102,0,1,unassigned,71.0,70.0,1.0,0.9859155,0.014084507,0.014084518,0.13346228,0.0018797504,0,0,0,0,0
16167,-1,0,4.6559567,0.9905847,1,1,unassigned,2.0,2.0,0.0,1.0,0.0,0.0,0.0,0.0,0,0,0,1,1
16168,-1,0,5.0334563,0.993526,1,1,unassigned,2.0,2.0,0.0,1.0,0.0,0.0,0.0,0.0,0,0,0,1,1
16169,-1,0,0.7238763,0.67346,1,1,unassigned,3.0,3.0,0.0,1.0,0.0,0.0,0.001934236,0.0,0,0,0,1,0
16170,-1,0,0.08599526,0.52148557,1,1,unassigned,4.0,3.0,1.0,0.75,0.25,0.25,0.003868472,0.000967118,0,0,0,1,0
16171,-1,0,3.9318182,0.98076904,1,1,unassigned,9.0,8.0,1.0,0.8888889,0.11111111,0.111111104,0.013539651,0.0015044058,0,0,0,1,1
16172,-1,1,0.46675843,0.6146162,1,1,unassigned,3.0,3.0,0.0,1.0,0.0,0.0,0.001934236,0.0,1,0,0,1,0
16173,-1,0,0.09397441,0.52347636,1,1,unassigned,6.0,6.0,0.0,1.0,0.0,0.0,0.007736944,0.0,0,0,0,1,0
16174,-1,1,1.3954492,0.80146074,1,1,unassigned,2.0,2.0,0.0,1.0,0.0,0.0,0.0,0.0,1,0,0,1,0
16175,-1,0,-0.23102206,0.4425,0,1,unassigned,9.0,8.0,1.0,0.8888889,0.11111111,0.111111104,0.013539651,0.0015044058,0,0,0,0,0
16176,-1,0,1.2027116,0.76900685,1,1,unassigned,11.0,11.0,0.0,1.0,0.0,0.0,0.017408123,0.0,0,0,0,1,0
16177,-1,0,-0.51618975,0.3737436,0,1,unassigned,12.0,7.0,5.0,0.5833333,0.41666666,0.4166667,0.01934236,0.008059316,0,0,0,0,0
16178,-1,0,2.1313028,0.89390856,1,1,unassigned,4.0,4.0,0.0,1.0,0.0,0.0,0.003868472,0.0,0,0,0,1,0
16179,-1,1,4.75398,0.99145633,1,1,unassigned,2.0,2.0,0.0,1.0,0.0,0.0,0.0,0.0,1,0,0,1,1
16180,0,0,2.7449825,0.9396294,1,1,unassigned,2.0,2.0,0.0,1.0,0.0,0.0,0.0,0.0,0,0,0,1,1
16181,-1,1,-0.60719675,0.35269892,0,1,unassigned,51.0,50.0,1.0,0.98039216,0.019607844,0.019607842,0.09477756,0.0018583836,1,0,0,0,0
16182,-1,0,2.5150487,0.9251901,1,1,unassigned,8.0,8.0,0.0,1.0,0.0,0.0,0.0116054155,0.0,0,0,0,1,1
16183,-1,1,0.7568702,0.68067384,1,1,unassigned,11.0,10.0,1.0,0.90909094,0.09090909,0.090909064,0.017408123,0.0015825568,1,0,0,1,0
16184,-1,0,-0.5124189,0.37462664,0,1,unassigned,46.0,43.0,3.0,0.9347826,0.06521739,0.065217376,0.08510638,0.005550416,0,0,0,0,0
16185,-1,0,-0.027760684,0.49306026,0,1,unassigned,6.0,6.0,0.0,1.0,0.0,0.0,0.007736944,0.0,0,0,0,0,0
16186,-1,0,1.4504015,0.81006026,1,1,unassigned,14.0,14.0,0.0,1.0,0.0,0.0,0.023210831,0.0,0,0,0,1,0
16187,-1,0,4.298961,0.9865993,1,1,unassigned,5.0,5.0,0.0,1.0,0.0,0.0,0.0058027077,0.0,0,0,0,1,1
16188,0,0,-0.7052041,0.33065942,0,0,unassigned,118.0,117.0,1.0,0.9915254,0.008474576,0.008474588,0.22437137,0.0019014523,0,0,1,0,0
16189,-1,0,1.3501265,0.7941503,1,1,unassigned,4.0,4.0,0.0,1.0,0.0,0.0,0.003868472,0.0,0,0,0,1,0
16190,-1,0,-0.31446406,0.42202547,0,1,unassigned,31.0,31.0,0.0,1.0,0.0,0.0,0.056092843,0.0,0,0,0,0,0
16191,-1,1,-0.98426175,0.27204698,0,1,unassigned,3.0,2.0,1.0,0.6666667,0.33333334,0.3333333,0.001934236,0.00064474536,1,0,0,0,0
16192,-1,1,0.4860857,0.6191839,1,1,unassigned,18.0,18.0,0.0,1.0,0.0,0.0,0.030947777,0.0,1,0,0,1,0
16193,1,0,-0.25921384,0.43555698,0,1,unassigned,45.0,45.0,0.0,1.0,0.0,0.0,0.08317215,0.0,0,0,0,0,0
16194,-1,0,-0.08757213,0.47812095,0,1,unassigned,2.0,2.0,0.0,1.0,0.0,0.0,0.0,0.0,0,0,0,0,0
16195,-1,0,-0.22710603,0.44346628,0,1,unassigned,22.0,21.0,1.0,0.95454544,0.045454547,0.04545456,0.03868472,0.0017583964,0,0,0,0,0
16196,-1,0,-0.3616966,0.41054893,0,1,unassigned,15.0,14.0,1.0,0.93333334,0.06666667,0.06666666,0.025145067,0.0016763379,0,0,0,0,0
16197,-1,0,0.4192704,0.6033087,1,1,unassigned,13.0,13.0,0.0,1.0,0.0,0.0,0.021276595,0.0,0,0,0,1,0
16198,0,0,0.0076880455,0.501922,1,1,unassigned,21.0,21.0,0.0,1.0,0.0,0.0,0.036750484,0.0,0,0,0,1,0
16199,-1,0,0.5116069,0.6251831,1,1,unassigned,5.0,5.0,0.0,1.0,0.0,0.0,0.0058027077,0.0,0,0,0,1,0
16200,-1,0,1.3904467,0.80066353,1,1,unassigned,2.0,2.0,0.0,1.0,0.0,0.0,0.0,0.0,0,0,0,1,0
16201,-1,0,0.76580185,0.68261206,1,1,unassigned,2.0,1.0,1.0,0.5,0.5,0.5,0.0,0.0,0,0,0,1,0
16202,1,0,0.4995336,0.6223497,1,0,unassigned,6.0,6.0,0.0,1.0,0.0,0.0,0.007736944,0.0,0,0,1,1,0
16203,-1,0,1.0826564,0.7469964,1,1,unassigned,13.0,12.0,1.0,0.9230769,0.07692308,0.07692307,0.021276595,0.0016366612,0,0,0,1,0
16204,-1,1,1.4516392,0.8102505,1,1,unassigned,7.0,7.0,0.0,1.0,0.0,0.0,0.00967118,0.0,1,0,0,1,0
16205,-1,0,1.9763067,0.8782869,1,1,unassigned,4.0,4.0,0.0,1.0,0.0,0.0,0.003868472,0.0,0,0,0,1,0
16206,-1,0,2.5537198,0.92782295,1,1,unassigned,12.0,10.0,2.0,0.8333333,0.16666667,0.16666669,0.01934236,0.0032237265,0,0,0,1,1
16207,-1,0,1.2744746,0.78150773,1,1,unassigned,17.0,7.0,10.0,0.4117647,0.5882353,0.58823526,0.029013539,0.017066788,0,0,0,1,0
16208,-1,0,2.0762951,0.8885778,1,1,unassigned,2.0,2.0,0.0,1.0,0.0,0.0,0.0,0.0,0,0,0,1,0
16209,-1,0,6.810681,0.9988992,1,1,unassigned,26.0,22.0,4.0,0.84615386,0.15384616,0.15384614,0.046421662,0.0071417945,0,0,0,1,1
16210,-1,0,0.35178012,0.5870492,1,1,unassigned,17.0,17.0,0.0,1.0,0.0,0.0,0.029013539,0.0,0,0,0,1,0
16211,-1,0,-0.04027778,0.48993188,0,1,unassigned,4.0,4.0,0.0,1.0,0.0,0.0,0.003868472,0.0,0,0,0,0,0
16212,-1,0,0.56241137,0.63701034,1,1,unassigned,16.0,16.0,0.0,1.0,0.0,0.0,0.027079303,0.0,0,0,0,1,0
16213,-1,0,8.013432,0.9996691,1,1,unassigned,2.0,2.0,0.0,1.0,0.0,0.0,0.0,0.0,0,0,0,1,1
16214,-1,0,0.76229185,0.6818511,1,1,unassigned,7.0,7.0,0.0,1.0,0.0,0.0,0.00967118,0.0,0,0,0,1,0
16215,-1,0,-0.47562906,0.3832848,0,1,unassigned,35.0,35.0,0.0,1.0,0.0,0.0,0.06382979,0.0,0,0,0,0,0
16216,-1,1,0.93768984,0.7186328,1,1,unassigned,2.0,1.0,1.0,0.5,0.5,0.5,0.0,0.0,1,0,0,1,0
16217,-1,0,2.3423798,0.91232663,1,1,unassigned,5.0,5.0,0.0,1.0,0.0,0.0,0.0058027077,0.0,0,0,0,1,1
16218,-1,0,5.157306,0.99427575,1,1,unassigned,18.0,16.0,2.0,0.8888889,0.11111111,0.111111104,0.030947777,0.0034386418,0,0,0,1,1
16219,0,0,-0.6625147,0.34017494,0,0,val,79.0,79.0,0.0,1.0,0.0,0.0,0.14893617,0.0,0,0,1,0,0
16220,0,1,-0.4115007,0.39855233,0,0,test,27.0,27.0,0.0,1.0,0.0,0.0,0.0483559,0.0,1,0,1,0,0
16221,-1,0,-0.55958223,0.36364412,0,1,unassigned,65.0,62.0,3.0,0.95384616,0.046153847,0.046153843,0.12185687,0.0056241634,0,0,0,0,0
16222,-1,0,-0.8484119,0.2997661,0,1,unassigned,59.0,59.0,0.0,1.0,0.0,0.0,0.11025145,0.0,0,0,0,0,0
16223,-1,0,-0.52853656,0.37085828,0,1,unassigned,29.0,29.0,0.0,1.0,0.0,0.0,0.05222437,0.0,0,0,0,0,0
16224,-1,0,-0.69484705,0.3329557,0,1,unassigned,56.0,56.0,0.0,1.0,0.0,0.0,0.10444874,0.0,0,0,0,0,0
16225,-1,0,-0.34793872,0.41388237,0,1,unassigned,85.0,84.0,1.0,0.9882353,0.011764706,0.011764705,0.16054158,0.0018887245,0,0,0,0,0
16226,-1,0,-0.5692557,0.36140856,0,1,unassigned,25.0,25.0,0.0,1.0,0.0,0.0,0.044487428,0.0,0,0,0,0,0
16227,-1,0,-0.65119183,0.34272102,0,1,unassigned,27.0,27.0,0.0,1.0,0.0,0.0,0.0483559,0.0,0,0,0,0,0
16228,-1,0,1.2844193,0.7832011,1,1,unassigned,4.0,4.0,0.0,1.0,0.0,0.0,0.003868472,0.0,0,0,0,1,0
16229,-1,0,0.13632292,0.53402805,1,1,unassigned,3.0,3.0,0.0,1.0,0.0,0.0,0.001934236,0.0,0,0,0,1,0
16230,-1,1,0.61058336,0.64807385,1,1,unassigned,2.0,2.0,0.0,1.0,0.0,0.0,0.0,0.0,1,0,0,1,0
16231,-1,1,1.5416486,0.82370424,1,1,unassigned,3.0,2.0,1.0,0.6666667,0.33333334,0.3333333,0.001934236,0.00064474536,1,0,0,1,0
16232,-1,0,1.1867259,0.766155,1,1,unassigned,8.0,7.0,1.0,0.875,0.125,0.125,0.0116054155,0.0014506769,0,0,0,1,0
16233,-1,0,3.3761737,0.9669515,1,1,unassigned,9.0,9.0,0.0,1.0,0.0,0.0,0.013539651,0.0,0,0,0,1,1
16234,-1,0,1.2581809,0.7787128,1,1,unassigned,8.0,8.0,0.0,1.0,0.0,0.0,0.0116054155,0.0,0,0,0,1,0
16235,-1,1,1.5439758,0.82404196,1,1,unassigned,3.0,3.0,0.0,1.0,0.0,0.0,0.001934236,0.0,1,0,0,1,0
16236,1,1,-0.7525836,0.32025862,0,1,val,2.0,2.0,0.0,1.0,0.0,0.0,0.0,0.0,1,0,0,0,0
16237,-1,0,0.7159577,0.6717163,1,1,unassigned,8.0,8.0,0.0,1.0,0.0,0.0,0.0116054155,0.0,0,0,0,1,0
16238,-1,0,4.290196,0.9864829,1,1,unassigned,2.0,2.0,0.0,1.0,0.0,0.0,0.0,0.0,0,0,0,1,1
16239,-1,0,0.12160957,0.530365,1,1,unassigned,9.0,6.0,3.0,0.6666667,0.33333334,0.3333333,0.013539651,0.004513217,0,0,0,1,0
16240,-1,0,7.1025896,0.99917763,1,1,unassigned,4.0,4.0,0.0,1.0,0.0,0.0,0.003868472,0.0,0,0,0,1,1
16241,-1,1,1.9848769,0.8792001,1,1,unassigned,8.0,7.0,1.0,0.875,0.125,0.125,0.0116054155,0.0014506769,1,0,0,1,0
16242,-1,0,-0.61005825,0.35204592,0,1,unassigned,36.0,35.0,1.0,0.9722222,0.027777778,0.027777791,0.065764025,0.0018267785,0,0,0,0,0
16243,-1,0,-0.20402369,0.44917023,0,1,unassigned,154.0,152.0,2.0,0.987013,0.012987013,0.012987018,0.29400387,0.003818232,0,0,0,0,0
16244,-1,0,0.24887913,0.56190056,1,1,unassigned,40.0,39.0,1.0,0.975,0.025,0.024999976,0.07350097,0.0018375242,0,0,0,1,0
16245,-1,0,0.94166833,0.7194365,1,1,unassigned,18.0,17.0,1.0,0.9444444,0.055555556,0.055555582,0.030947777,0.0017193209,0,0,0,1,0
16246,-1,0,-0.5699316,0.3612526,0,1,unassigned,67.0,66.0,1.0,0.98507464,0.014925373,0.014925361,0.12572534,0.0018764976,0,0,0,0,0
16247,-1,0,-0.37156448,0.40816307,0,1,unassigned,25.0,25.0,0.0,1.0,0.0,0.0,0.044487428,0.0,0,0,0,0,0
16248,-1,0,-0.7967503,0.3107211,0,1,unassigned,89.0,88.0,1.0,0.98876405,0.011235955,0.011235952,0.16827853,0.00189077,0,0,0,0,0
16249,-1,0,-0.4556455,0.38801935,0,1,unassigned,72.0,71.0,1.0,0.9861111,0.013888889,0.0138888955,0.13539653,0.0018805073,0,0,0,0,0
16250,-1,0,-0.5974242,0.3549332,0,1,unassigned,58.0,58.0,0.0,1.0,0.0,0.0,0.10831721,0.0,0,0,0,0,0
16251,0,0,-0.23263624,0.44210184,0,0,val,124.0,115.0,9.0,0.92741936,0.07258064,0.072580636,0.23597679,0.017127346,0,0,1,0,0
16252,-1,1,0.31999624,0.57932335,1,1,unassigned,18.0,15.0,3.0,0.8333333,0.16666667,0.16666669,0.030947777,0.005157963,1,0,0,1,0
16253,-1,0,-0.17377973,0.45666406,0,1,unassigned,42.0,42.0,0.0,1.0,0.0,0.0,0.07736944,0.0,0,0,0,0,0
16254,-1,0,-0.46412373,0.38600805,0,1,unassigned,106.0,106.0,0.0,1.0,0.0,0.0,0.20116054,0.0,0,0,0,0,0
16255,-1,0,1.5254025,0.82133263,1,1,unassigned,3.0,3.0,0.0,1.0,0.0,0.0,0.001934236,0.0,0,0,0,1,0
16256,-1,1,0.36881888,0.5911735,1,1,unassigned,13.0,12.0,1.0,0.9230769,0.07692308,0.07692307,0.021276595,0.0016366612,1,0,0,1,0
16257,-1,0,7.2883263,0.99931705,1,1,unassigned,9.0,8.0,1.0,0.8888889,0.11111111,0.111111104,0.013539651,0.0015044058,0,0,0,1,1
16258,-1,1,0.52102476,0.62738734,1,1,unassigned,2.0,1.0,1.0,0.5,0.5,0.5,0.0,0.0,1,0,0,1,0
16259,-1,0,3.8042805,0.97821015,1,1,unassigned,4.0,3.0,1.0,0.75,0.25,0.25,0.003868472,0.000967118,0,0,0,1,1
16260,-1,0,-0.08732164,0.47818345,0,1,unassigned,15.0,15.0,0.0,1.0,0.0,0.0,0.025145067,0.0,0,0,0,0,0
16261,-1,0,0.77540237,0.6846883,1,1,unassigned,9.0,9.0,0.0,1.0,0.0,0.0,0.013539651,0.0,0,0,0,1,0
16262,-1,0,0.7893596,0.68769383,1,1,unassigned,12.0,12.0,0.0,1.0,0.0,0.0,0.01934236,0.0,0,0,0,1,0
16263,-1,0,5.190779,0.99446315,1,1,unassigned,2.0,2.0,0.0,1.0,0.0,0.0,0.0,0.0,0,0,0,1,1
16264,0,0,-0.60300153,0.35365728,0,0,test,59.0,59.0,0.0,1.0,0.0,0.0,0.11025145,0.0,0,0,1,0,0
16265,0,0,-0.7634901,0.317889,0,0,test,57.0,57.0,0.0,1.0,0.0,0.0,0.10638298,0.0,0,0,1,0,0
16266,-1,0,-0.4391815,0.391936,0,1,unassigned,25.0,25.0,0.0,1.0,0.0,0.0,0.044487428,0.0,0,0,0,0,0
16267,1,0,-0.09172189,0.47708562,0,1,unassigned,20.0,20.0,0.0,1.0,0.0,0.0,0.034816246,0.0,0,0,0,0,0
16268,-1,0,1.1131501,0.75271595,1,1,unassigned,37.0,36.0,1.0,0.972973,0.027027028,0.02702701,0.06769826,0.0018296828,0,0,0,1,0
16269,-1,1,1.2859073,0.78345364,1,1,unassigned,44.0,42.0,2.0,0.95454544,0.045454547,0.04545456,0.08123791,0.0036926325,1,0,0,1,0
16270,-1,0,0.22212702,0.5553045,1,1,unassigned,6.0,6.0,0.0,1.0,0.0,0.0,0.007736944,0.0,0,0,0,1,0
16271,0,0,-0.50053364,0.3774153,0,0,val,71.0,70.0,1.0,0.9859155,0.014084507,0.014084518,0.13346228,0.0018797504,0,0,1,0,0
16272,-1,1,1.596483,0.8315262,1,1,unassigned,5.0,5.0,0.0,1.0,0.0,0.0,0.0058027077,0.0,1,0,0,1,0
16273,-1,0,7.6936355,0.99954444,1,1,unassigned,2.0,2.0,0.0,1.0,0.0,0.0,0.0,0.0,0,0,0,1,1
16274,0,0,-0.9725809,0.27436638,0,0,val,4.0,4.0,0.0,1.0,0.0,0.0,0.003868472,0.0,0,0,1,0,0
16275,-1,0,-0.73361593,0.3244017,0,1,unassigned,29.0,29.0,0.0,1.0,0.0,0.0,0.05222437,0.0,0,0,0,0,0
16276,-1,0,-0.05442828,0.48639628,0,1,unassigned,2.0,2.0,0.0,1.0,0.0,0.0,0.0,0.0,0,0,0,0,0
16277,-1,0,-0.44424492,0.39072996,0,1,unassigned,26.0,26.0,0.0,1.0,0.0,0.0,0.046421662,0.0,0,0,0,0,0
16278,-1,0,2.2616436,0.90565014,1,1,unassigned,4.0,4.0,0.0,1.0,0.0,0.0,0.003868472,0.0,0,0,0,1,1
16279,1,1,3.0040894,0.9527585,1,0,unassigned,3.0,3.0,0.0,1.0,0.0,0.0,0.001934236,0.0,1,0,1,1,1
16280,-1,0,-0.46485674,0.38583434,0,1,unassigned,2.0,2.0,0.0,1.0,0.0,0.0,0.0,0.0,0,0,0,0,0
16281,-1,0,-0.728267,0.32557514,0,1,unassigned,82.0,81.0,1.0,0.9878049,0.0121951215,0.01219511,0.15473887,0.0018870593,0,0,0,0,0
16282,-1,0,-0.44507742,0.39053178,0,1,unassigned,63.0,63.0,0.0,1.0,0.0,0.0,0.11798839,0.0,0,0,0,0,0
16283,-1,0,-0.7063567,0.3304044,0,1,unassigned,45.0,45.0,0.0,1.0,0.0,0.0,0.08317215,0.0,0,0,0,0,0
16284,-1,0,-0.38356325,0.40526775,0,1,unassigned,100.0,98.0,2.0,0.98,0.02,0.01999998,0.18955512,0.0037911024,0,0,0,0,0
16285,-1,0,-0.9437073,0.28015208,0,1,unassigned,7.0,7.0,0.0,1.0,0.0,0.0,0.00967118,0.0,0,0,0,0,0
16286,-1,0,-0.6374338,0.34582686,0,1,unassigned,54.0,54.0,0.0,1.0,0.0,0.0,0.10058027,0.0,0,0,0,0,0
16287,-1,0,3.6653965,0.9750447,1,1,unassigned,11.0,11.0,0.0,1.0,0.0,0.0,0.017408123,0.0,0,0,0,1,1
16288,-1,0,-0.3626492,0.4103184,0,1,unassigned,40.0,40.0,0.0,1.0,0.0,0.0,0.07350097,0.0,0,0,0,0,0
16289,-1,0,1.5200078,0.82053965,1,1,unassigned,6.0,6.0,0.0,1.0,0.0,0.0,0.007736944,0.0,0,0,0,1,0
16290,-1,0,-0.7640419,0.31776938,0,1,unassigned,22.0,22.0,0.0,1.0,0.0,0.0,0.03868472,0.0,0,0,0,0,0
16291,-1,0,-0.52190065,0.3724079,0,1,unassigned,14.0,14.0,0.0,1.0,0.0,0.0,0.023210831,0.0,0,0,0,0,0
16292,1,1,-0.7114819,0.3292715,0,1,unassigned,14.0,13.0,1.0,0.9285714,0.071428575,0.0714286,0.023210831,0.0016579166,1,0,0,0,0
16293,-1,0,6.1448135,0.99786,1,1,unassigned,5.0,4.0,1.0,0.8,0.2,0.19999999,0.0058027077,0.0011605415,0,0,0,1,1
16294,-1,0,0.33193523,0.58223015,1,1,unassigned,71.0,66.0,5.0,0.92957747,0.07042254,0.07042253,0.13346228,0.009398753,0,0,0,1,0
16295,1,0,-0.32167682,0.42026716,0,1,train,81.0,77.0,4.0,0.9506173,0.049382716,0.049382687,0.15280464,0.0075459084,0,0,0,0,0
16296,-1,0,1.9896643,0.87970763,1,1,unassigned,15.0,15.0,0.0,1.0,0.0,0.0,0.025145067,0.0,0,0,0,1,0
16297,-1,0,4.457644,0.98854315,1,1,unassigned,7.0,7.0,0.0,1.0,0.0,0.0,0.00967118,0.0,0,0,0,1,1
16298,-1,1,3.0965726,0.9567511,1,1,unassigned,31.0,24.0,7.0,0.7741935,0.22580644,0.22580647,0.056092843,0.012666126,1,0,0,1,1
16299,-1,0,1.7478673,0.85168356,1,1,unassigned,2.0,2.0,0.0,1.0,0.0,0.0,0.0,0.0,0,0,0,1,0
16300,-1,1,5.5246987,0.9960288,1,1,unassigned,7.0,7.0,0.0,1.0,0.0,0.0,0.00967118,0.0,1,0,0,1,1
16301,-1,0,0.18170828,0.5453025,1,1,unassigned,2.0,1.0,1.0,0.5,0.5,0.5,0.0,0.0,0,0,0,1,0
16302,-1,1,4.686931,0.9908693,1,1,unassigned,2.0,2.0,0.0,1.0,0.0,0.0,0.0,0.0,1,0,0,1,1
16303,-1,0,0.670713,0.6616628,1,1,unassigned,44.0,43.0,1.0,0.97727275,0.022727273,0.022727251,0.08123791,0.0018463163,0,0,0,1,0
16304,-1,1,-0.5830097,0.35824037,0,1,unassigned,2.0,2.0,0.0,1.0,0.0,0.0,0.0,0.0,1,0,0,0,0
16305,-1,0,2.1055634,0.8914427,1,1,unassigned,2.0,2.0,0.0,1.0,0.0,0.0,0.0,0.0,0,0,0,1,0
16306,-1,1,0.3339271,0.5827146,1,1,unassigned,2.0,2.0,0.0,1.0,0.0,0.0,0.0,0.0,1,0,0,1,0
16307,-1,0,-0.32012805,0.42064455,0,1,unassigned,6.0,6.0,0.0,1.0,0.0,0.0,0.007736944,0.0,0,0,0,0,0
16308,-1,0,0.036943972,0.50923496,1,1,unassigned,10.0,10.0,0.0,1.0,0.0,0.0,0.015473888,0.0,0,0,0,1,0
16309,0,0,-0.13070464,0.46737024,0,0,unassigned,23.0,23.0,0.0,1.0,0.0,0.0,0.040618956,0.0,0,0,1,0,0
16310,-1,0,0.037171304,0.50929177,1,1,unassigned,2.0,2.0,0.0,1.0,0.0,0.0,0.0,0.0,0,0,0,1,0
16311,-1,1,3.7473967,0.9769642,1,1,unassigned,6.0,6.0,0.0,1.0,0.0,0.0,0.007736944,0.0,1,0,0,1,1
16312,-1,0,-0.548941,0.36611012,0,1,unassigned,35.0,35.0,0.0,1.0,0.0,0.0,0.06382979,0.0,0,0,0,0,0
16313,-1,0,-0.41104656,0.3986612,0,1,unassigned,91.0,90.0,1.0,0.989011,0.010989011,0.01098901,0.172147,0.0018917253,0,0,0,0,0
16314,1,1,3.400739,0.96772766,1,0,unassigned,19.0,16.0,3.0,0.84210527,0.15789473,0.15789473,0.032882012,0.0051918966,1,0,1,1,1
16315,-1,1,0.77233654,0.6840261,1,1,unassigned,16.0,14.0,2.0,0.875,0.125,0.125,0.027079303,0.0033849129,1,0,0,1,0
16316,1,0,-0.52925044,0.37069172,0,1,unassigned,83.0,83.0,0.0,1.0,0.0,0.0,0.15667312,0.0,0,0,0,0,0
16317,1,0,0.21078187,0.5525012,1,0,test,2.0,2.0,0.0,1.0,0.0,0.0,0.0,0.0,0,0,1,1,0
16318,-1,0,-0.54893434,0.36611167,0,1,unassigned,81.0,81.0,0.0,1.0,0.0,0.0,0.15280464,0.0,0,0,0,0,0
16319,-1,0,3.5157726,0.97113323,1,1,unassigned,2.0,2.0,0.0,1.0,0.0,0.0,0.0,0.0,0,0,0,1,1
16320,-1,0,-0.5285023,0.37086627,0,1,unassigned,157.0,157.0,0.0,1.0,0.0,0.0,0.29980657,0.0,0,0,0,0,0
16321,-1,0,-0.29548886,0.42666063,0,1,unassigned,54.0,54.0,0.0,1.0,0.0,0.0,0.10058027,0.0,0,0,0,0,0
16322,-1,1,-0.5557174,0.36453894,0,1,unassigned,3.0,3.0,0.0,1.0,0.0,0.0,0.001934236,0.0,1,0,0,0,0
16323,-1,0,-0.32441932,0.4195991,0,1,unassigned,10.0,10.0,0.0,1.0,0.0,0.0,0.015473888,0.0,0,0,0,0,0
16324,-1,0,-0.3729354,0.4078319,0,1,unassigned,49.0,49.0,0.0,1.0,0.0,0.0,0.09090909,0.0,0,0,0,0,0
16325,-1,0,-0.71095675,0.32938746,0,1,unassigned,117.0,115.0,2.0,0.982906,0.017094018,0.017094016,0.22243714,0.0038023444,0,0,0,0,0
16326,-1,0,-0.660066,0.3407248,0,1,unassigned,53.0,53.0,0.0,1.0,0.0,0.0,0.09864604,0.0,0,0,0,0,0
16327,0,0,-0.4373893,0.39236322,0,0,test,51.0,51.0,0.0,1.0,0.0,0.0,0.09477756,0.0,0,0,1,0,0
16328,1,0,0.31401962,0.5778661,1,0,unassigned,7.0,7.0,0.0,1.0,0.0,0.0,0.00967118,0.0,0,0,1,1,0
16329,-1,0,1.1278455,0.75544107,1,1,unassigned,7.0,6.0,1.0,0.85714287,0.14285715,0.14285713,0.00967118,0.0013815971,0,0,0,1,0
16330,-1,1,-0.08727348,0.47819546,0,1,unassigned,5.0,5.0,0.0,1.0,0.0,0.0,0.0058027077,0.0,1,0,0,0,0
16331,-1,0,1.3037982,0.7864735,1,1,unassigned,4.0,4.0,0.0,1.0,0.0,0.0,0.003868472,0.0,0,0,0,1,0
16332,-1,0,3.3150675,0.96494204,1,1,unassigned,2.0,2.0,0.0,1.0,0.0,0.0,0.0,0.0,0,0,0,1,1
16333,1,1,4.4983325,0.9889949,1,0,unassigned,10.0,10.0,0.0,1.0,0.0,0.0,0.015473888,0.0,1,0,1,1,1
16334,-1,0,0.90604,0.71218914,1,1,unassigned,2.0,2.0,0.0,1.0,0.0,0.0,0.0,0.0,0,0,0,1,0
16335,-1,0,0.06332284,0.51582545,1,1,unassigned,17.0,17.0,0.0,1.0,0.0,0.0,0.029013539,0.0,0,0,0,1,0
16336,-1,0,-0.85279226,0.29884747,0,1,unassigned,32.0,32.0,0.0,1.0,0.0,0.0,0.058027077,0.0,0,0,0,0,0
16337,-1,0,0.33703107,0.58346915,1,1,unassigned,21.0,20.0,1.0,0.95238096,0.04761905,0.047619045,0.036750484,0.0017500231,0,0,0,1,0
16338,0,0,-0.8339591,0.30280858,0,0,unassigned,19.0,19.0,0.0,1.0,0.0,0.0,0.032882012,0.0,0,0,1,0,0
16339,-1,1,1.9977777,0.8805636,1,1,unassigned,3.0,3.0,0.0,1.0,0.0,0.0,0.001934236,0.0,1,0,0,1,0
16340,-1,0,-0.47531033,0.38336012,0,1,unassigned,52.0,52.0,0.0,1.0,0.0,0.0,0.0967118,0.0,0,0,0,0,0
16341,-1,1,2.9727943,0.9513299,1,1,unassigned,10.0,10.0,0.0,1.0,0.0,0.0,0.015473888,0.0,1,0,0,1,1
16342,-1,0,-0.74886644,0.32106835,0,1,unassigned,19.0,19.0,0.0,1.0,0.0,0.0,0.032882012,0.0,0,0,0,0,0
16343,-1,0,-0.21327245,0.44688305,0,1,unassigned,96.0,95.0,1.0,0.9895833,0.010416667,0.010416687,0.18181819,0.0018939395,0,0,0,0,0
16344,-1,0,1.9259732,0.8728031,1,1,unassigned,19.0,19.0,0.0,1.0,0.0,0.0,0.032882012,0.0,0,0,0,1,0
16345,-1,0,-0.7028514,0.33118033,0,1,unassigned,64.0,63.0,1.0,0.984375,0.015625,0.015625,0.11992263,0.0018737911,0,0,0,0,0
16346,-1,1,0.3424936,0.58479613,1,1,unassigned,4.0,4.0,0.0,1.0,0.0,0.0,0.003868472,0.0,1,0,0,1,0
16347,-1,0,-0.4731651,0.38386738,0,1,unassigned,41.0,38.0,3.0,0.9268293,0.07317073,0.07317072,0.07543521,0.005519649,0,0,0,0,0
16348,-1,0,1.0434511,0.73951536,1,1,unassigned,6.0,4.0,2.0,0.6666667,0.33333334,0.3333333,0.007736944,0.0025789815,0,0,0,1,0
16349,1,0,0.6589053,0.65901446,1,0,unassigned,16.0,16.0,0.0,1.0,0.0,0.0,0.027079303,0.0,0,0,1,1,0
16350,-1,1,2.881104,0.94690436,1,1,unassigned,25.0,25.0,0.0,1.0,0.0,0.0,0.044487428,0.0,1,0,0,1,1
16351,-1,1,0.2929147,0.5727095,1,1,unassigned,20.0,20.0,0.0,1.0,0.0,0.0,0.034816246,0.0,1,0,0,1,0
16352,-1,0,7.060226,0.99914217,1,1,unassigned,6.0,6.0,0.0,1.0,0.0,0.0,0.007736944,0.0,0,0,0,1,1
16353,-1,0,1.3970592,0.8017168,1,1,unassigned,25.0,23.0,2.0,0.92,0.08,0.07999998,0.044487428,0.003558994,0,0,0,1,0
16354,0,0,-0.6566406,0.34149465,0,0,train,94.0,91.0,3.0,0.9680851,0.031914894,0.03191489,0.17794971,0.005679246,0,0,1,0,0
16355,-1,0,1.0339134,0.7376739,1,1,unassigned,6.0,6.0,0.0,1.0,0.0,0.0,0.007736944,0.0,0,0,0,1,0
16356,1,0,0.3582495,0.5886166,1,0,unassigned,12.0,7.0,5.0,0.5833333,0.41666666,0.4166667,0.01934236,0.008059316,0,0,1,1,0
16357,-1,0,-0.54039747,0.36809513,0,1,unassigned,5.0,4.0,1.0,0.8,0.2,0.19999999,0.0058027077,0.0011605415,0,0,0,0,0
16358,-1,0,0.23520929,0.5585327,1,1,unassigned,3.0,3.0,0.0,1.0,0.0,0.0,0.001934236,0.0,0,0,0,1,0
16359,-1,0,3.6731713,0.9752332,1,1,unassigned,11.0,11.0,0.0,1.0,0.0,0.0,0.017408123,0.0,0,0,0,1,1
16360,-1,0,-0.19462729,0.4514962,0,1,unassigned,157.0,157.0,0.0,1.0,0.0,0.0,0.29980657,0.0,0,0,0,0,0
16361,-1,0,3.029818,0.95390314,1,1,unassigned,9.0,9.0,0.0,1.0,0.0,0.0,0.013539651,0.0,0,0,0,1,1
16362,-1,0,-0.6594483,0.34086353,0,1,unassigned,39.0,38.0,1.0,0.974359,0.025641026,0.025641024,0.07156673,0.0018350444,0,0,0,0,0
16363,-1,0,-0.7203716,0.32731116,0,1,unassigned,59.0,59.0,0.0,1.0,0.0,0.0,0.11025145,0.0,0,0,0,0,0
16364,0,0,-0.8267716,0.3043281,0,0,val,18.0,18.0,0.0,1.0,0.0,0.0,0.030947777,0.0,0,0,1,0,0
16365,0,0,-0.810154,0.30785766,0,0,val,41.0,41.0,0.0,1.0,0.0,0.0,0.07543521,0.0,0,0,1,0,0
16366,-1,1,-0.11205989,0.4720143,0,1,unassigned,65.0,65.0,0.0,1.0,0.0,0.0,0.12185687,0.0,1,0,0,0,0
16367,1,1,0.029879034,0.5074692,1,0,test,16.0,16.0,0.0,1.0,0.0,0.0,0.027079303,0.0,1,0,1,1,0
16368,-1,1,-0.54100037,0.3679549,0,1,unassigned,14.0,10.0,4.0,0.71428573,0.2857143,0.28571427,0.023210831,0.0066316663,1,0,0,0,0
16369,-1,0,-0.82112527,0.30552486,0,1,unassigned,46.0,44.0,2.0,0.95652175,0.04347826,0.04347825,0.08510638,0.0037002775,0,0,0,0,0
16370,-1,1,-0.74636316,0.32161427,0,1,unassigned,41.0,39.0,2.0,0.9512195,0.048780486,0.0487805,0.07543521,0.003679766,1,0,0,0,0
16371,-1,1,-0.633578,0.34669968,0,1,unassigned,64.0,56.0,8.0,0.875,0.125,0.125,0.11992263,0.014990329,1,0,0,0,0
16372,-1,1,-0.4486394,0.38968432,0,1,unassigned,48.0,44.0,4.0,0.9166667,0.083333336,0.08333331,0.088974856,0.0074145715,1,0,0,0,0
16373,-1,0,0.40345538,0.5995176,1,1,unassigned,2.0,2.0,0.0,1.0,0.0,0.0,0.0,0.0,0,0,0,1,0
16374,-1,0,0.4588514,0.61274165,1,1,unassigned,5.0,4.0,1.0,0.8,0.2,0.19999999,0.0058027077,0.0011605415,0,0,0,1,0
16375,-1,0,-0.23740178,0.44092673,0,1,unassigned,4.0,4.0,0.0,1.0,0.0,0.0,0.003868472,0.0,0,0,0,0,0
16376,-1,1,3.0065904,0.95287097,1,1,unassigned,3.0,3.0,0.0,1.0,0.0,0.0,0.001934236,0.0,1,0,0,1,1
16377,1,0,-0.088974535,0.477771,0,1,test,3.0,3.0,0.0,1.0,0.0,0.0,0.001934236,0.0,0,0,0,0,0
16378,-1,0,7.2898426,0.999318,1,1,unassigned,2.0,2.0,0.0,1.0,0.0,0.0,0.0,0.0,0,0,0,1,1
16379,-1,0,1.2948816,0.7849723,1,1,unassigned,23.0,19.0,4.0,0.82608694,0.17391305,0.17391306,0.040618956,0.0070641665,0,0,0,1,0
16380,-1,0,1.8875022,0.86847043,1,1,unassigned,10.0,10.0,0.0,1.0,0.0,0.0,0.015473888,0.0,0,0,0,1,0
16381,-1,0,5.184134,0.9944265,1,1,unassigned,8.0,6.0,2.0,0.75,0.25,0.25,0.0116054155,0.0029013539,0,0,0,1,1
16382,-1,0,5.8183575,0.99703634,1,1,unassigned,56.0,45.0,11.0,0.8035714,0.19642857,0.1964286,0.10444874,0.020516718,0,0,0,1,1
16383,-1,0,-0.79979855,0.3100686,0,1,unassigned,2.0,2.0,0.0,1.0,0.0,0.0,0.0,0.0,0,0,0,0,0
16384,-1,1,-0.2010606,0.4499035,0,1,unassigned,42.0,41.0,1.0,0.97619045,0.023809524,0.023809552,0.07736944,0.0018421295,1,0,0,0,0
16385,-1,0,0.97627574,0.7263686,1,1,unassigned,5.0,5.0,0.0,1.0,0.0,0.0,0.0058027077,0.0,0,0,0,1,0
16386,-1,1,-0.16878152,0.4579045,0,1,unassigned,17.0,17.0,0.0,1.0,0.0,0.0,0.029013539,0.0,1,0,0,0,0
16387,-1,0,0.20514137,0.5511062,1,1,unassigned,5.0,5.0,0.0,1.0,0.0,0.0,0.0058027077,0.0,0,0,0,1,0
16388,-1,0,-0.24092439,0.4400586,0,1,unassigned,15.0,15.0,0.0,1.0,0.0,0.0,0.025145067,0.0,0,0,0,0,0
16389,-1,0,-0.28382695,0.42951578,0,1,unassigned,73.0,73.0,0.0,1.0,0.0,0.0,0.13733076,0.0,0,0,0,0,0
16390,-1,0,1.8630877,0.86565644,1,1,unassigned,14.0,13.0,1.0,0.9285714,0.071428575,0.0714286,0.023210831,0.0016579166,0,0,0,1,0
16391,0,0,-0.35574076,0.411991,0,0,train,5.0,4.0,1.0,0.8,0.2,0.19999999,0.0058027077,0.0011605415,0,0,1,0,0
16392,-1,1,3.0210521,0.9535162,1,1,unassigned,4.0,3.0,1.0,0.75,0.25,0.25,0.003868472,0.000967118,1,0,0,1,1
16393,-1,0,-0.11758101,0.47063854,0,1,unassigned,16.0,16.0,0.0,1.0,0.0,0.0,0.027079303,0.0,0,0,0,0,0
16394,-1,0,2.6316607,0.9328716,1,1,unassigned,4.0,3.0,1.0,0.75,0.25,0.25,0.003868472,0.000967118,0,0,0,1,1
16395,0,1,-0.23825514,0.4407164,0,0,val,13.0,13.0,0.0,1.0,0.0,0.0,0.021276595,0.0,1,0,1,0,0
16396,-1,1,4.7541795,0.991458,1,1,unassigned,5.0,5.0,0.0,1.0,0.0,0.0,0.0058027077,0.0,1,0,0,1,1
16397,-1,0,-0.22310856,0.44445312,0,1,unassigned,2.0,2.0,0.0,1.0,0.0,0.0,0.0,0.0,0,0,0,0,0
16398,-1,0,-0.9587033,0.27713788,0,1,unassigned,23.0,23.0,0.0,1.0,0.0,0.0,0.040618956,0.0,0,0,0,0,0
16399,-1,0,-0.8323896,0.30314004,0,1,unassigned,40.0,38.0,2.0,0.95,0.05,0.050000012,0.07350097,0.0036750485,0,0,0,0,0
16400,-1,0,-0.4765258,0.38307285,0,1,unassigned,67.0,67.0,0.0,1.0,0.0,0.0,0.12572534,0.0,0,0,0,0,0
16401,-1,0,-0.56163925,0.36316824,0,1,unassigned,85.0,80.0,5.0,0.9411765,0.05882353,0.058823526,0.16054158,0.009443622,0,0,0,0,0
16402,0,0,-0.2620315,0.4348644,0,0,test,38.0,38.0,0.0,1.0,0.0,0.0,0.06963249,0.0,0,0,1,0,0
16403,-1,0,-0.7663614,0.31726673,0,1,unassigned,69.0,69.0,0.0,1.0,0.0,0.0,0.1295938,0.0,0,0,0,0,0
16404,-1,0,-0.38759267,0.4042969,0,1,unassigned,44.0,42.0,2.0,0.95454544,0.045454547,0.04545456,0.08123791,0.0036926325,0,0,0,0,0
16405,-1,0,-0.59823334,0.35474798,0,1,unassigned,30.0,28.0,2.0,0.93333334,0.06666667,0.06666666,0.054158606,0.003610574,0,0,0,0,0
16406,-1,0,-0.6188469,0.35004374,0,1,unassigned,86.0,85.0,1.0,0.9883721,0.011627907,0.0116279125,0.16247582,0.0018892537,0,0,0,0,0
16407,-1,0,-0.71326554,0.3288777,0,1,unassigned,130.0,129.0,1.0,0.99230766,0.0076923077,0.007692337,0.24758221,0.0019044785,0,0,0,0,0
16408,-1,0,1.3704431,0.79745173,1,1,unassigned,9.0,9.0,0.0,1.0,0.0,0.0,0.013539651,0.0,0,0,0,1,0
16409,0,0,-0.61313933,0.35134342,0,0,unassigned,52.0,52.0,0.0,1.0,0.0,0.0,0.0967118,0.0,0,0,1,0,0
16410,-1,1,-0.65677273,0.34146494,0,1,unassigned,57.0,54.0,3.0,0.94736844,0.05263158,0.052631557,0.10638298,0.0055991043,1,0,0,0,0
16411,1,0,-0.51361984,0.37434536,0,1,unassigned,11.0,11.0,0.0,1.0,0.0,0.0,0.017408123,0.0,0,0,0,0,0
16412,-1,0,0.5058866,0.6238417,1,1,unassigned,4.0,4.0,0.0,1.0,0.0,0.0,0.003868472,0.0,0,0,0,1,0
16413,-1,1,4.858785,0.9922998,1,1,unassigned,2.0,1.0,1.0,0.5,0.5,0.5,0.0,0.0,1,0,0,1,1
16414,-1,0,0.3455975,0.5855496,1,1,unassigned,32.0,32.0,0.0,1.0,0.0,0.0,0.058027077,0.0,0,0,0,1,0
16415,-1,0,0.6233664,0.65098375,1,1,unassigned,7.0,7.0,0.0,1.0,0.0,0.0,0.00967118,0.0,0,0,0,1,0
16416,0,0,-0.8215568,0.3054333,0,0,val,25.0,22.0,3.0,0.88,0.12,0.120000005,0.044487428,0.0053384914,0,0,1,0,0
16417,-1,0,-0.1612485,0.459775,0,1,unassigned,27.0,27.0,0.0,1.0,0.0,0.0,0.0483559,0.0,0,0,0,0,0
16418,-1,1,3.2494962,0.96265495,1,1,unassigned,14.0,12.0,2.0,0.85714287,0.14285715,0.14285713,0.023210831,0.0033158332,1,0,0,1,1
16419,-1,0,1.7655661,0.85390544,1,1,unassigned,8.0,7.0,1.0,0.875,0.125,0.125,0.0116054155,0.0014506769,0,0,0,1,0
16420,-1,1,1.9048502,0.87043947,1,1,unassigned,8.0,5.0,3.0,0.625,0.375,0.375,0.0116054155,0.004352031,1,0,0,1,0
16421,-1,0,-0.06357014,0.4841128,0,1,unassigned,2.0,2.0,0.0,1.0,0.0,0.0,0.0,0.0,0,0,0,0,0
16422,-1,1,1.3503819,0.794192,1,1,unassigned,4.0,4.0,0.0,1.0,0.0,0.0,0.003868472,0.0,1,0,0,1,0
16423,-1,0,-0.8476368,0.2999288,0,1,unassigned,94.0,94.0,0.0,1.0,0.0,0.0,0.17794971,0.0,0,0,0,0,0
16424,-1,0,0.26206338,0.56514347,1,1,unassigned,2.0,2.0,0.0,1.0,0.0,0.0,0.0,0.0,0,0,0,1,0
16425,-1,0,-0.017840207,0.4955401,0,1,unassigned,64.0,64.0,0.0,1.0,0.0,0.0,0.11992263,0.0,0,0,0,0,0
16426,-1,0,-0.105707884,0.47359762,0,1,unassigned,7.0,7.0,0.0,1.0,0.0,0.0,0.00967118,0.0,0,0,0,0,0
16427,-1,0,-0.116543114,0.47089714,0,1,unassigned,25.0,24.0,1.0,0.96,0.04,0.04000002,0.044487428,0.001779497,0,0,0,0,0
16428,-1,0,0.011155546,0.5027889,1,1,unassigned,8.0,8.0,0.0,1.0,0.0,0.0,0.0116054155,0.0,0,0,0,1,0
16429,-1,0,1.7817838,0.855917,1,1,unassigned,5.0,4.0,1.0,0.8,0.2,0.19999999,0.0058027077,0.0011605415,0,0,0,1,0
16430,1,0,-0.08823776,0.47795483,0,1,unassigned,101.0,99.0,2.0,0.980198,0.01980198,0.019801974,0.19148937,0.0037918687,0,0,0,0,0
16431,-1,1,0.1281895,0.5320036,1,1,unassigned,6.0,6.0,0.0,1.0,0.0,0.0,0.007736944,0.0,1,0,0,1,0
16432,-1,0,-0.21791697,0.44573534,0,1,unassigned,36.0,35.0,1.0,0.9722222,0.027777778,0.027777791,0.065764025,0.0018267785,0,0,0,0,0
16433,-1,0,-0.62879324,0.34778422,0,1,unassigned,34.0,28.0,6.0,0.8235294,0.1764706,0.17647058,0.061895553,0.010922745,0,0,0,0,0
16434,-1,0,-0.5761854,0.35981083,0,1,unassigned,26.0,26.0,0.0,1.0,0.0,0.0,0.046421662,0.0,0,0,0,0,0
16435,-1,0,-0.4403252,0.3916635,0,1,unassigned,67.0,66.0,1.0,0.98507464,0.014925373,0.014925361,0.12572534,0.0018764976,0,0,0,0,0
16436,-1,0,-0.82895297,0.3038665,0,1,unassigned,184.0,181.0,3.0,0.9836956,0.016304348,0.016304374,0.35203093,0.005739635,0,0,0,0,0
16437,-1,0,-0.92237705,0.2844738,0,1,unassigned,92.0,92.0,0.0,1.0,0.0,0.0,0.17408124,0.0,0,0,0,0,0
16438,-1,0,2.8353627,0.94455713,1,1,unassigned,18.0,15.0,3.0,0.8333333,0.16666667,0.16666669,0.030947777,0.005157963,0,0,0,1,1
16439,-1,0,0.29391074,0.5729533,1,1,unassigned,44.0,44.0,0.0,1.0,0.0,0.0,0.08123791,0.0,0,0,0,1,0
16440,-1,0,-0.42732012,0.39476642,0,1,unassigned,38.0,37.0,1.0,0.9736842,0.02631579,0.026315808,0.06963249,0.0018324341,0,0,0,0,0
16441,-1,0,-0.10076028,0.47483125,0,1,unassigned,19.0,19.0,0.0,1.0,0.0,0.0,0.032882012,0.0,0,0,0,0,0
16442,-1,1,-0.75069195,0.32067055,0,1,unassigned,168.0,165.0,3.0,0.98214287,0.017857144,0.017857134,0.32108316,0.0057336283,1,0,0,0,0
16443,-1,1,-0.5874114,0.35722902,0,1,unassigned,137.0,134.0,3.0,0.9781022,0.02189781,0.021897793,0.26112187,0.005717997,1,0,0,0,0
16444,-1,0,-0.55312854,0.36513886,0,1,unassigned,46.0,42.0,4.0,0.9130435,0.08695652,0.0869565,0.08510638,0.007400555,0,0,0,0,0
16445,-1,0,-0.3787321,0.40643275,0,1,unassigned,6.0,6.0,0.0,1.0,0.0,0.0,0.007736944,0.0,0,0,0,0,0
16446,-1,0,-0.7157469,0.32833022,0,1,unassigned,3.0,3.0,0.0,1.0,0.0,0.0,0.001934236,0.0,0,0,0,0,0
16447,-1,0,5.593806,0.9962929,1,1,unassigned,5.0,4.0,1.0,0.8,0.2,0.19999999,0.0058027077,0.0011605415,0,0,0,1,1
16448,-1,0,-0.43632752,0.3926164,0,1,unassigned,12.0,12.0,0.0,1.0,0.0,0.0,0.01934236,0.0,0,0,0,0,0
16449,-1,0,-0.28743833,0.42863113,0,1,unassigned,2.0,2.0,0.0,1.0,0.0,0.0,0.0,0.0,0,0,0,0,0
16450,-1,0,-0.16074881,0.45989913,0,1,unassigned,11.0,2.0,9.0,0.18181819,0.8181818,0.8181818,0.017408123,0.0142430095,0,0,0,0,0
16451,-1,1,1.2535212,0.77790886,1,1,unassigned,18.0,18.0,0.0,1.0,0.0,0.0,0.030947777,0.0,1,0,0,1,0
16452,-1,0,0.29178607,0.57243335,1,1,unassigned,21.0,3.0,18.0,0.14285715,0.85714287,0.85714287,0.036750484,0.031500414,0,0,0,1,0
16453,-1,1,-0.7116453,0.32923537,0,1,unassigned,43.0,43.0,0.0,1.0,0.0,0.0,0.079303674,0.0,1,0,0,0,0
16454,-1,0,-0.3593642,0.4111135,0,1,unassigned,38.0,38.0,0.0,1.0,0.0,0.0,0.06963249,0.0,0,0,0,0,0
16455,0,1,-0.34003398,0.4158012,0,0,val,31.0,31.0,0.0,1.0,0.0,0.0,0.056092843,0.0,1,0,1,0,0
16456,-1,1,-0.84263337,0.30098045,0,1,unassigned,57.0,33.0,24.0,0.57894737,0.42105263,0.42105263,0.10638298,0.044792835,1,0,0,0,0
16457,-1,1,1.412746,0.8041987,1,1,unassigned,5.0,5.0,0.0,1.0,0.0,0.0,0.0058027077,0.0,1,0,0,1,0
16458,-1,0,0.6048841,0.6467729,1,1,unassigned,6.0,6.0,0.0,1.0,0.0,0.0,0.007736944,0.0,0,0,0,1,0
16459,1,0,0.37280542,0.5921367,1,0,unassigned,60.0,60.0,0.0,1.0,0.0,0.0,0.11218569,0.0,0,0,1,1,0
16460,0,0,-0.5443816,0.3671689,0,0,val,22.0,22.0,0.0,1.0,0.0,0.0,0.03868472,0.0,0,0,1,0,0
16461,-1,1,5.112772,0.99401665,1,1,unassigned,47.0,43.0,4.0,0.9148936,0.08510638,0.08510637,0.08704062,0.007407712,1,0,0,1,1
16462,-1,0,-0.3347512,0.41708505,0,1,unassigned,7.0,7.0,0.0,1.0,0.0,0.0,0.00967118,0.0,0,0,0,0,0
16463,-1,0,0.50319904,0.6232108,1,1,unassigned,14.0,14.0,0.0,1.0,0.0,0.0,0.023210831,0.0,0,0,0,1,0
16464,0,0,-0.27770713,0.43101597,0,0,test,27.0,27.0,0.0,1.0,0.0,0.0,0.0483559,0.0,0,0,1,0,0
16465,-1,1,-0.53203785,0.37004173,0,1,unassigned,25.0,25.0,0.0,1.0,0.0,0.0,0.044487428,0.0,1,0,0,0,0
16466,-1,0,5.7135,0.9967097,1,1,unassigned,19.0,16.0,3.0,0.84210527,0.15789473,0.15789473,0.032882012,0.0051918966,0,0,0,1,1
16467,-1,1,-0.4555812,0.3880346,0,1,unassigned,6.0,2.0,4.0,0.33333334,0.6666667,0.6666666,0.007736944,0.005157963,1,0,0,0,0
16468,-1,0,-0.5912142,0.35635632,0,1,unassigned,128.0,128.0,0.0,1.0,0.0,0.0,0.24371374,0.0,0,0,0,0,0
16469,-1,0,-0.24709013,0.43853986,0,1,unassigned,40.0,40.0,0.0,1.0,0.0,0.0,0.07350097,0.0,0,0,0,0,0
16470,-1,0,-0.5528873,0.3651948,0,1,unassigned,11.0,11.0,0.0,1.0,0.0,0.0,0.017408123,0.0,0,0,0,0,0
16471,-1,0,0.43284243,0.6065522,1,1,unassigned,5.0,5.0,0.0,1.0,0.0,0.0,0.0058027077,0.0,0,0,0,1,0
16472,-1,0,6.9330444,0.99902594,1,1,unassigned,7.0,7.0,0.0,1.0,0.0,0.0,0.00967118,0.0,0,0,0,1,1
16473,-1,1,-0.21073842,0.44750953,0,1,unassigned,14.0,14.0,0.0,1.0,0.0,0.0,0.023210831,0.0,1,0,0,0,0
16474,0,0,-0.4317357,0.39371195,0,0,test,41.0,41.0,0.0,1.0,0.0,0.0,0.07543521,0.0,0,0,1,0,0
16475,-1,1,-0.81274,0.30730692,0,1,unassigned,2.0,1.0,1.0,0.5,0.5,0.5,0.0,0.0,1,0,0,0,0
16476,-1,0,-0.5239434,0.37193063,0,1,unassigned,2.0,2.0,0.0,1.0,0.0,0.0,0.0,0.0,0,0,0,0,0
16477,-1,0,0.9259103,0.7162448,1,1,unassigned,46.0,46.0,0.0,1.0,0.0,0.0,0.08510638,0.0,0,0,0,1,0
16478,0,0,-0.7186675,0.3276865,0,0,test,18.0,18.0,0.0,1.0,0.0,0.0,0.030947777,0.0,0,0,1,0,0
16479,-1,1,0.7443059,0.67793673,1,1,unassigned,28.0,27.0,1.0,0.96428573,0.035714287,0.03571427,0.050290134,0.0017960763,1,0,0,1,0
16480,1,1,0.16669434,0.54157734,1,0,unassigned,64.0,56.0,8.0,0.875,0.125,0.125,0.11992263,0.014990329,1,0,1,1,0
16481,0,0,-0.31347585,0.42226654,0,0,test,64.0,64.0,0.0,1.0,0.0,0.0,0.11992263,0.0,0,0,1,0,0
16482,-1,0,-0.03829235,0.49042812,0,1,unassigned,39.0,39.0,0.0,1.0,0.0,0.0,0.07156673,0.0,0,0,0,0,0
16483,0,0,-0.60755223,0.3526178,0,0,unassigned,16.0,16.0,0.0,1.0,0.0,0.0,0.027079303,0.0,0,0,1,0,0
16484,-1,0,-0.5562781,0.3644091,0,1,unassigned,31.0,31.0,0.0,1.0,0.0,0.0,0.056092843,0.0,0,0,0,0,0
16485,-1,0,0.0037174225,0.50092936,1,1,unassigned,26.0,26.0,0.0,1.0,0.0,0.0,0.046421662,0.0,0,0,0,1,0
16486,-1,0,-0.35067615,0.4132185,0,1,unassigned,18.0,18.0,0.0,1.0,0.0,0.0,0.030947777,0.0,0,0,0,0,0
16487,-1,0,0.102698386,0.52565205,1,1,unassigned,28.0,28.0,0.0,1.0,0.0,0.0,0.050290134,0.0,0,0,0,1,0
16488,-1,0,0.61147887,0.64827806,1,1,unassigned,35.0,35.0,0.0,1.0,0.0,0.0,0.06382979,0.0,0,0,0,1,0
16489,-1,0,1.119451,0.7538869,1,1,unassigned,24.0,24.0,0.0,1.0,0.0,0.0,0.04255319,0.0,0,0,0,1,0
16490,-1,0,-0.42228982,0.3959689,0,1,unassigned,36.0,35.0,1.0,0.9722222,0.027777778,0.027777791,0.065764025,0.0018267785,0,0,0,0,0
16491,-1,1,0.20816594,0.5518544,1,1,unassigned,3.0,3.0,0.0,1.0,0.0,0.0,0.001934236,0.0,1,0,0,1,0
16492,1,0,1.9571397,0.876223,1,0,unassigned,33.0,33.0,0.0,1.0,0.0,0.0,0.059961315,0.0,0,0,1,1,0
16493,-1,0,0.16869527,0.5420741,1,1,unassigned,77.0,77.0,0.0,1.0,0.0,0.0,0.14506769,0.0,0,0,0,1,0
16494,-1,0,-0.58951783,0.3567455,0,1,unassigned,38.0,36.0,2.0,0.94736844,0.05263158,0.052631557,0.06963249,0.0036648682,0,0,0,0,0
16495,-1,0,-0.95565397,0.27774918,0,1,unassigned,24.0,24.0,0.0,1.0,0.0,0.0,0.04255319,0.0,0,0,0,0,0
16496,-1,0,-0.38059914,0.4059824,0,1,unassigned,36.0,34.0,2.0,0.9444444,0.055555556,0.055555582,0.065764025,0.003653557,0,0,0,0,0
16497,0,0,1.847439,0.86382616,1,1,val,3.0,3.0,0.0,1.0,0.0,0.0,0.001934236,0.0,0,0,0,1,0
16498,0,0,-0.41856718,0.39685965,0,0,unassigned,44.0,43.0,1.0,0.97727275,0.022727273,0.022727251,0.08123791,0.0018463163,0,0,1,0,0
16499,-1,0,-0.603037,0.35364917,0,1,unassigned,22.0,19.0,3.0,0.8636364,0.13636364,0.13636363,0.03868472,0.005275189,0,0,0,0,0
16500,-1,0,0.13789988,0.53442043,1,1,unassigned,64.0,64.0,0.0,1.0,0.0,0.0,0.11992263,0.0,0,0,0,1,0
16501,-1,0,-0.523106,0.37212622,0,1,unassigned,9.0,8.0,1.0,0.8888889,0.11111111,0.111111104,0.013539651,0.0015044058,0,0,0,0,0
16502,-1,0,0.49185568,0.6205435,1,1,unassigned,6.0,6.0,0.0,1.0,0.0,0.0,0.007736944,0.0,0,0,0,1,0
16503,-1,0,2.0715115,0.8881033,1,1,unassigned,5.0,5.0,0.0,1.0,0.0,0.0,0.0058027077,0.0,0,0,0,1,0
16504,-1,0,-0.35590768,0.41195053,0,1,unassigned,55.0,55.0,0.0,1.0,0.0,0.0,0.102514505,0.0,0,0,0,0,0
16505,-1,1,1.9352574,0.8738302,1,1,unassigned,5.0,5.0,0.0,1.0,0.0,0.0,0.0058027077,0.0,1,0,0,1,0
16506,-1,1,1.0222902,0.73541844,1,1,unassigned,5.0,5.0,0.0,1.0,0.0,0.0,0.0058027077,0.0,1,0,0,1,0
16507,-1,0,-0.83550864,0.30248156,0,1,unassigned,77.0,75.0,2.0,0.97402596,0.025974026,0.025974035,0.14506769,0.003767992,0,0,0,0,0
16508,-1,0,0.25896055,0.56438076,1,1,unassigned,43.0,43.0,0.0,1.0,0.0,0.0,0.079303674,0.0,0,0,0,1,0
16509,-1,0,0.4862203,0.6192156,1,1,unassigned,3.0,3.0,0.0,1.0,0.0,0.0,0.001934236,0.0,0,0,0,1,0
16510,-1,0,4.769564,0.9915872,1,1,unassigned,2.0,1.0,1.0,0.5,0.5,0.5,0.0,0.0,0,0,0,1,1
16511,0,0,-0.4839499,0.38131985,0,0,unassigned,23.0,23.0,0.0,1.0,0.0,0.0,0.040618956,0.0,0,0,1,0,0
16512,-1,0,-0.4594605,0.38711384,0,1,unassigned,74.0,73.0,1.0,0.9864865,0.013513514,0.013513505,0.13926499,0.0018819593,0,0,0,0,0
16513,1,1,-0.6397699,0.34529856,0,1,unassigned,51.0,50.0,1.0,0.98039216,0.019607844,0.019607842,0.09477756,0.0018583836,1,0,0,0,0
16514,0,1,-0.4425804,0.39112628,0,0,val,57.0,51.0,6.0,0.8947368,0.10526316,0.10526317,0.10638298,0.011198209,1,0,1,0,0
16515,0,1,0.83798414,0.6980405,1,1,unassigned,29.0,28.0,1.0,0.9655172,0.03448276,0.034482777,0.05222437,0.0018008404,1,0,0,1,0
16516,-1,1,0.07761353,0.5193936,1,1,unassigned,16.0,15.0,1.0,0.9375,0.0625,0.0625,0.027079303,0.0016924564,1,0,0,1,0
16517,0,0,-0.27392158,0.4319446,0,0,val,91.0,88.0,3.0,0.96703297,0.032967035,0.03296703,0.172147,0.005675176,0,0,1,0,0
16518,1,1,0.9440432,0.7199156,1,0,val,3.0,3.0,0.0,1.0,0.0,0.0,0.001934236,0.0,1,0,1,1,0
16519,-1,0,-1.0157928,0.2658477,0,1,unassigned,41.0,40.0,1.0,0.9756098,0.024390243,0.02439022,0.07543521,0.001839883,0,0,0,0,0
16520,-1,1,-0.5226774,0.37222636,0,1,unassigned,91.0,87.0,4.0,0.95604396,0.043956045,0.04395604,0.172147,0.0075669014,1,0,0,0,0
16521,0,0,-0.7810125,0.31410173,0,0,test,59.0,57.0,2.0,0.9661017,0.033898305,0.033898294,0.11025145,0.0037373372,0,0,1,0,0
16522,-1,0,-0.0859462,0.47852668,0,1,unassigned,14.0,13.0,1.0,0.9285714,0.071428575,0.0714286,0.023210831,0.0016579166,0,0,0,0,0
16523,0,0,-0.7392616,0.32316563,0,0,unassigned,26.0,24.0,2.0,0.9230769,0.07692308,0.07692307,0.046421662,0.0035708973,0,0,1,0,0
16524,-1,1,-0.607206,0.3526968,0,1,unassigned,17.0,17.0,0.0,1.0,0.0,0.0,0.029013539,0.0,1,0,0,0,0
16525,-1,0,0.14366716,0.5358551,1,1,unassigned,2.0,2.0,0.0,1.0,0.0,0.0,0.0,0.0,0,0,0,1,0
16526,-1,0,2.3027177,0.90910184,1,1,unassigned,24.0,23.0,1.0,0.9583333,0.041666668,0.041666687,0.04255319,0.0017730496,0,0,0,1,1
16527,-1,0,0.15666956,0.5390875,1,1,unassigned,6.0,6.0,0.0,1.0,0.0,0.0,0.007736944,0.0,0,0,0,1,0
16528,0,0,-0.9025681,0.28852305,0,0,unassigned,37.0,37.0,0.0,1.0,0.0,0.0,0.06769826,0.0,0,0,1,0,0
16529,-1,0,-0.41284174,0.39823094,0,1,unassigned,34.0,34.0,0.0,1.0,0.0,0.0,0.061895553,0.0,0,0,0,0,0
16530,-1,0,2.6470087,0.9338264,1,1,unassigned,3.0,3.0,0.0,1.0,0.0,0.0,0.001934236,0.0,0,0,0,1,1
16531,-1,0,-0.5276958,0.37105447,0,1,unassigned,53.0,53.0,0.0,1.0,0.0,0.0,0.09864604,0.0,0,0,0,0,0
16532,-1,0,1.2499664,0.77729404,1,1,unassigned,104.0,99.0,5.0,0.9519231,0.048076924,0.048076928,0.19729207,0.009485196,0,0,0,1,0
16533,1,0,-0.1696223,0.45769578,0,1,test,22.0,22.0,0.0,1.0,0.0,0.0,0.03868472,0.0,0,0,0,0,0
16534,-1,0,0.8117729,0.6924872,1,1,unassigned,20.0,20.0,0.0,1.0,0.0,0.0,0.034816246,0.0,0,0,0,1,0
16535,-1,0,9.292002,0.99990785,1,1,unassigned,7.0,4.0,3.0,0.5714286,0.42857143,0.4285714,0.00967118,0.0041447915,0,0,0,1,1
16536,-1,0,3.3377764,0.9657023,1,1,unassigned,8.0,8.0,0.0,1.0,0.0,0.0,0.0116054155,0.0,0,0,0,1,1
16537,-1,0,-1.4915245,0.18369302,0,1,unassigned,2.0,2.0,0.0,1.0,0.0,0.0,0.0,0.0,0,0,0,0,0
16538,-1,1,-0.13361013,0.46664706,0,1,unassigned,9.0,9.0,0.0,1.0,0.0,0.0,0.013539651,0.0,1,0,0,0,0
16539,-1,0,0.08405453,0.5210013,1,1,unassigned,42.0,40.0,2.0,0.95238096,0.04761905,0.047619045,0.07736944,0.003684259,0,0,0,1,0
16540,-1,0,-0.519303,0.37301522,0,1,unassigned,37.0,37.0,0.0,1.0,0.0,0.0,0.06769826,0.0,0,0,0,0,0
16541,-1,0,-0.7680656,0.3168977,0,1,unassigned,121.0,115.0,6.0,0.9504132,0.049586777,0.049586773,0.23017408,0.011413591,0,0,0,0,0
16542,-1,0,-0.6038484,0.35346374,0,1,unassigned,48.0,48.0,0.0,1.0,0.0,0.0,0.088974856,0.0,0,0,0,0,0
16543,-1,0,0.0054759383,0.501369,1,1,unassigned,5.0,5.0,0.0,1.0,0.0,0.0,0.0058027077,0.0,0,0,0,1,0
16544,-1,0,1.556776,0.8258903,1,1,unassigned,51.0,49.0,2.0,0.9607843,0.039215688,0.039215684,0.09477756,0.0037167673,0,0,0,1,0
16545,-1,0,-0.21800378,0.44571388,0,1,unassigned,26.0,24.0,2.0,0.9230769,0.07692308,0.07692307,0.046421662,0.0035708973,0,0,0,0,0
16546,-1,1,0.36664182,0.5906473,1,1,unassigned,58.0,56.0,2.0,0.9655172,0.03448276,0.034482777,0.10831721,0.0037350762,1,0,0,1,0
16547,-1,1,-0.9663777,0.2756031,0,1,unassigned,23.0,23.0,0.0,1.0,0.0,0.0,0.040618956,0.0,1,0,0,0,0
16548,-1,1,2.429245,0.91903037,1,1,unassigned,3.0,3.0,0.0,1.0,0.0,0.0,0.001934236,0.0,1,0,0,1,1
16549,-1,1,0.73256546,0.675368,1,1,unassigned,3.0,3.0,0.0,1.0,0.0,0.0,0.001934236,0.0,1,0,0,1,0
16550,-1,0,0.3687666,0.59116095,1,1,unassigned,12.0,12.0,0.0,1.0,0.0,0.0,0.01934236,0.0,0,0,0,1,0
16551,-1,1,5.310202,0.99508333,1,1,unassigned,4.0,3.0,1.0,0.75,0.25,0.25,0.003868472,0.000967118,1,0,0,1,1
16552,-1,1,-0.478525,0.3826005,0,1,unassigned,53.0,49.0,4.0,0.9245283,0.0754717,0.0754717,0.09864604,0.0074449843,1,0,0,0,0
16553,-1,0,0.4410177,0.6085015,1,1,unassigned,2.0,2.0,0.0,1.0,0.0,0.0,0.0,0.0,0,0,0,1,0
16554,-1,0,-0.69269276,0.3334343,0,1,unassigned,133.0,133.0,0.0,1.0,0.0,0.0,0.25338492,0.0,0,0,0,0,0
16555,-1,0,-0.6508224,0.34280422,0,1,unassigned,33.0,31.0,2.0,0.93939394,0.060606062,0.060606062,0.059961315,0.0036340193,0,0,0,0,0
16556,0,0,-0.70232666,0.33129656,0,0,unassigned,42.0,40.0,2.0,0.95238096,0.04761905,0.047619045,0.07736944,0.003684259,0,0,1,0,0
16557,-1,0,-0.7153797,0.3284112,0,1,unassigned,94.0,94.0,0.0,1.0,0.0,0.0,0.17794971,0.0,0,0,0,0,0
16558,1,1,2.5287735,0.9261345,1,0,train,45.0,43.0,2.0,0.95555556,0.044444446,0.04444444,0.08317215,0.0036965401,1,0,1,1,1
16559,-1,0,-0.79069364,0.31201974,0,1,unassigned,76.0,75.0,1.0,0.9868421,0.013157895,0.013157904,0.14313346,0.0018833351,0,0,0,0,0
16560,-1,0,-0.35932022,0.41112414,0,1,unassigned,45.0,45.0,0.0,1.0,0.0,0.0,0.08317215,0.0,0,0,0,0,0
16561,0,0,-0.5342768,0.36951992,0,0,val,30.0,29.0,1.0,0.96666664,0.033333335,0.03333336,0.054158606,0.001805287,0,0,1,0,0
16562,-1,0,0.10733861,0.5268089,1,1,unassigned,28.0,27.0,1.0,0.96428573,0.035714287,0.03571427,0.050290134,0.0017960763,0,0,0,1,0
16563,-1,0,-0.8074813,0.30842748,0,1,unassigned,74.0,72.0,2.0,0.972973,0.027027028,0.02702701,0.13926499,0.0037639185,0,0,0,0,0
16564,-1,0,-0.61592484,0.35070887,0,1,unassigned,31.0,31.0,0.0,1.0,0.0,0.0,0.056092843,0.0,0,0,0,0,0
16565,-1,0,-0.46249646,0.38639373,0,1,unassigned,55.0,55.0,0.0,1.0,0.0,0.0,0.102514505,0.0,0,0,0,0,0
16566,-1,0,-0.94408834,0.28007525,0,1,unassigned,46.0,46.0,0.0,1.0,0.0,0.0,0.08510638,0.0,0,0,0,0,0
16567,-1,0,1.9945021,0.88021857,1,1,unassigned,29.0,28.0,1.0,0.9655172,0.03448276,0.034482777,0.05222437,0.0018008404,0,0,0,1,0
16568,-1,0,-0.41056,0.39877784,0,1,unassigned,5.0,4.0,1.0,0.8,0.2,0.19999999,0.0058027077,0.0011605415,0,0,0,0,0
16569,-1,0,-0.7339004,0.3243394,0,1,unassigned,46.0,41.0,5.0,0.8913044,0.10869565,0.108695626,0.08510638,0.009250693,0,0,0,0,0
16570,-1,0,3.1207776,0.95774174,1,1,unassigned,42.0,40.0,2.0,0.95238096,0.04761905,0.047619045,0.07736944,0.003684259,0,0,0,1,1
16571,-1,0,1.5468829,0.824463,1,1,unassigned,4.0,4.0,0.0,1.0,0.0,0.0,0.003868472,0.0,0,0,0,1,0
16572,-1,0,-0.4734409,0.38380215,0,1,unassigned,18.0,18.0,0.0,1.0,0.0,0.0,0.030947777,0.0,0,0,0,0,0
16573,0,0,-0.37507477,0.40731534,0,0,val,19.0,19.0,0.0,1.0,0.0,0.0,0.032882012,0.0,0,0,1,0,0
16574,-1,0,-0.5198526,0.37288672,0,1,unassigned,105.0,104.0,1.0,0.9904762,0.00952381,0.009523809,0.1992263,0.0018973935,0,0,0,0,0
16575,-1,0,-0.9415101,0.28059542,0,1,unassigned,90.0,85.0,5.0,0.9444444,0.055555556,0.055555582,0.17021276,0.009456265,0,0,0,0,0
16576,-1,0,-0.89618766,0.28983456,0,1,unassigned,38.0,38.0,0.0,1.0,0.0,0.0,0.06963249,0.0,0,0,0,0,0
16577,-1,0,-0.8501903,0.29939297,0,1,unassigned,79.0,79.0,0.0,1.0,0.0,0.0,0.14893617,0.0,0,0,0,0,0
16578,-1,0,0.060853183,0.5152086,1,1,unassigned,45.0,43.0,2.0,0.95555556,0.044444446,0.04444444,0.08317215,0.0036965401,0,0,0,1,0
16579,-1,0,-0.9253158,0.283876,0,1,unassigned,120.0,120.0,0.0,1.0,0.0,0.0,0.22823985,0.0,0,0,0,0,0
16580,-1,0,-0.88461065,0.29222324,0,1,unassigned,72.0,72.0,0.0,1.0,0.0,0.0,0.13539653,0.0,0,0,0,0,0
16581,-1,0,0.8384411,0.6981368,1,1,unassigned,6.0,5.0,1.0,0.8333333,0.16666667,0.16666669,0.007736944,0.0012894907,0,0,0,1,0
16582,1,0,-0.11964744,0.47012374,0,1,test,68.0,62.0,6.0,0.9117647,0.0882353,0.08823532,0.12765957,0.01126408,0,0,0,0,0
16583,-1,0,-0.3916783,0.40331334,0,1,unassigned,34.0,34.0,0.0,1.0,0.0,0.0,0.061895553,0.0,0,0,0,0,0
16584,-1,0,4.0994916,0.98368937,1,1,unassigned,40.0,33.0,7.0,0.825,0.175,0.17500001,0.07350097,0.012862669,0,0,0,1,1
16585,-1,0,-0.62901086,0.34773484,0,1,unassigned,82.0,79.0,3.0,0.9634146,0.036585364,0.03658539,0.15473887,0.005661178,0,0,0,0,0
16586,1,0,-0.6673997,0.33907935,0,1,unassigned,2.0,2.0,0.0,1.0,0.0,0.0,0.0,0.0,0,0,0,0,0
16587,-1,0,3.1641119,0.95946115,1,1,unassigned,2.0,1.0,1.0,0.5,0.5,0.5,0.0,0.0,0,0,0,1,1
16588,-1,0,-0.33711725,0.41650993,0,1,unassigned,15.0,15.0,0.0,1.0,0.0,0.0,0.025145067,0.0,0,0,0,0,0
16589,-1,1,3.7108996,0.9761282,1,1,unassigned,66.0,62.0,4.0,0.93939394,0.060606062,0.060606062,0.123791106,0.0075024916,1,0,0,1,1
16590,-1,1,0.71662825,0.67186415,1,1,unassigned,19.0,17.0,2.0,0.8947368,0.10526316,0.10526317,0.032882012,0.0034612645,1,0,0,1,0
16591,-1,0,3.005374,0.9528163,1,1,unassigned,12.0,12.0,0.0,1.0,0.0,0.0,0.01934236,0.0,0,0,0,1,1
16592,-1,1,2.5687873,0.92882556,1,1,unassigned,16.0,16.0,0.0,1.0,0.0,0.0,0.027079303,0.0,1,0,0,1,1
16593,-1,0,2.5322137,0.9263694,1,1,unassigned,17.0,10.0,7.0,0.5882353,0.4117647,0.41176468,0.029013539,0.011946752,0,0,0,1,1
16594,-1,1,-0.32695696,0.41898125,0,1,unassigned,2.0,2.0,0.0,1.0,0.0,0.0,0.0,0.0,1,0,0,0,0
16595,-1,0,-0.16401279,0.45908847,0,1,unassigned,18.0,18.0,0.0,1.0,0.0,0.0,0.030947777,0.0,0,0,0,0,0
16596,-1,0,0.47840983,0.61737233,1,1,unassigned,37.0,36.0,1.0,0.972973,0.027027028,0.02702701,0.06769826,0.0018296828,0,0,0,1,0
16597,1,0,-0.3951019,0.40248972,0,1,unassigned,14.0,14.0,0.0,1.0,0.0,0.0,0.023210831,0.0,0,0,0,0,0
16598,-1,0,-0.5165721,0.37365416,0,1,unassigned,78.0,78.0,0.0,1.0,0.0,0.0,0.14700194,0.0,0,0,0,0,0
16599,-1,0,-0.55304736,0.36515766,0,1,unassigned,72.0,72.0,0.0,1.0,0.0,0.0,0.13539653,0.0,0,0,0,0,0
16600,-1,1,3.324278,0.9652524,1,1,unassigned,9.0,6.0,3.0,0.6666667,0.33333334,0.3333333,0.013539651,0.004513217,1,0,0,1,1
16601,-1,1,3.3726766,0.9668396,1,1,unassigned,12.0,12.0,0.0,1.0,0.0,0.0,0.01934236,0.0,1,0,0,1,1
16602,-1,1,1.4922469,0.81641525,1,1,unassigned,12.0,1.0,11.0,0.083333336,0.9166667,0.9166667,0.01934236,0.017730497,1,1,0,1,0
16603,-1,1,-0.79722136,0.31062022,0,1,unassigned,5.0,3.0,2.0,0.6,0.4,0.39999998,0.0058027077,0.002321083,1,0,0,0,0
16604,-1,1,4.9430804,0.99291784,1,1,unassigned,11.0,9.0,2.0,0.8181818,0.18181819,0.18181819,0.017408123,0.0031651135,1,0,0,1,1
16605,-1,0,-0.47541392,0.38333562,0,1,unassigned,57.0,57.0,0.0,1.0,0.0,0.0,0.10638298,0.0,0,0,0,0,0
16606,-1,0,-0.57513815,0.36005205,0,1,unassigned,29.0,28.0,1.0,0.9655172,0.03448276,0.034482777,0.05222437,0.0018008404,0,0,0,0,0
16607,0,0,-0.5375108,0.3687668,0,0,test,97.0,97.0,0.0,1.0,0.0,0.0,0.18375242,0.0,0,0,1,0,0
16608,-1,0,0.52169627,0.6275443,1,1,unassigned,2.0,2.0,0.0,1.0,0.0,0.0,0.0,0.0,0,0,0,1,0
16609,-1,0,1.0700386,0.74460423,1,1,unassigned,18.0,18.0,0.0,1.0,0.0,0.0,0.030947777,0.0,0,0,0,1,0
16610,-1,1,-0.38242632,0.4055418,0,1,unassigned,25.0,24.0,1.0,0.96,0.04,0.04000002,0.044487428,0.001779497,1,0,0,0,0
16611,-1,0,-0.15923965,0.460274,0,1,unassigned,18.0,18.0,0.0,1.0,0.0,0.0,0.030947777,0.0,0,0,0,0,0
16612,-1,0,-0.85615695,0.29814288,0,1,unassigned,44.0,43.0,1.0,0.97727275,0.022727273,0.022727251,0.08123791,0.0018463163,0,0,0,0,0
16613,-1,0,-0.99316823,0.27028674,0,1,unassigned,66.0,66.0,0.0,1.0,0.0,0.0,0.123791106,0.0,0,0,0,0,0
16614,-1,0,0.22596854,0.55625296,1,1,unassigned,53.0,51.0,2.0,0.9622642,0.03773585,0.03773582,0.09864604,0.0037224921,0,0,0,1,0
16615,-1,0,-0.04304856,0.48923948,0,1,unassigned,23.0,21.0,2.0,0.9130435,0.08695652,0.0869565,0.040618956,0.0035320832,0,0,0,0,0
16616,-1,0,-0.013807416,0.4965482,0,1,unassigned,32.0,32.0,0.0,1.0,0.0,0.0,0.058027077,0.0,0,0,0,0,0
16617,-1,0,-0.50857824,0.37552688,0,1,unassigned,68.0,62.0,6.0,0.9117647,0.0882353,0.08823532,0.12765957,0.01126408,0,0,0,0,0
16618,-1,0,0.510042,0.62481636,1,1,unassigned,6.0,6.0,0.0,1.0,0.0,0.0,0.007736944,0.0,0,0,0,1,0
16619,-1,0,0.32975894,0.5817007,1,1,unassigned,41.0,41.0,0.0,1.0,0.0,0.0,0.07543521,0.0,0,0,0,1,0
16620,-1,0,3.758921,0.977222,1,1,unassigned,47.0,41.0,6.0,0.87234044,0.12765957,0.12765956,0.08704062,0.011111569,0,0,0,1,1
16621,-1,0,-0.9219333,0.28456414,0,1,unassigned,61.0,60.0,1.0,0.9836066,0.016393442,0.016393423,0.114119925,0.0018708183,0,0,0,0,0
16622,1,0,-0.32643574,0.4191081,0,1,train,24.0,24.0,0.0,1.0,0.0,0.0,0.04255319,0.0,0,0,0,0,0
16623,-1,0,-0.7058923,0.33050713,0,1,unassigned,83.0,76.0,7.0,0.91566265,0.084337346,0.08433735,0.15667312,0.013213395,0,0,0,0,0
16624,-1,0,0.22146279,0.5551405,1,1,unassigned,19.0,19.0,0.0,1.0,0.0,0.0,0.032882012,0.0,0,0,0,1,0
16625,-1,0,-0.33152905,0.4178686,0,1,unassigned,74.0,74.0,0.0,1.0,0.0,0.0,0.13926499,0.0,0,0,0,0,0
16626,-1,0,-0.52054983,0.37272364,0,1,unassigned,16.0,16.0,0.0,1.0,0.0,0.0,0.027079303,0.0,0,0,0,0,0
16627,-1,1,-0.7430098,0.32234633,0,1,unassigned,101.0,97.0,4.0,0.96039605,0.03960396,0.03960395,0.19148937,0.0075837374,1,0,0,0,0
16628,-1,0,-0.7314599,0.32487443,0,1,unassigned,11.0,10.0,1.0,0.90909094,0.09090909,0.090909064,0.017408123,0.0015825568,0,0,0,0,0
16629,-1,0,-0.20557573,0.44878632,0,1,unassigned,8.0,7.0,1.0,0.875,0.125,0.125,0.0116054155,0.0014506769,0,0,0,0,0
16630,-1,0,0.73452026,0.6757964,1,1,unassigned,25.0,25.0,0.0,1.0,0.0,0.0,0.044487428,0.0,0,0,0,1,0
16631,-1,0,1.717345,0.84778655,1,1,unassigned,40.0,39.0,1.0,0.975,0.025,0.024999976,0.07350097,0.0018375242,0,0,0,1,0
16632,-1,1,-0.52493024,0.3717001,0,1,unassigned,28.0,28.0,0.0,1.0,0.0,0.0,0.050290134,0.0,1,0,0,0,0
16633,0,0,-0.5749259,0.36010095,0,0,test,48.0,48.0,0.0,1.0,0.0,0.0,0.088974856,0.0,0,0,1,0,0
16634,-1,1,3.1121569,0.9573914,1,1,unassigned,2.0,2.0,0.0,1.0,0.0,0.0,0.0,0.0,1,0,0,1,1
16635,-1,0,0.7797459,0.6856253,1,1,unassigned,3.0,1.0,2.0,0.33333334,0.6666667,0.6666666,0.001934236,0.0012894907,0,0,0,1,0
16636,-1,1,0.09887785,0.5246994,1,1,unassigned,5.0,5.0,0.0,1.0,0.0,0.0,0.0058027077,0.0,1,0,0,1,0
16637,-1,0,2.7585611,0.94039506,1,1,unassigned,52.0,51.0,1.0,0.9807692,0.01923077,0.019230783,0.0967118,0.0018598423,0,0,0,1,1
16638,-1,1,0.6419211,0.6551876,1,1,unassigned,5.0,5.0,0.0,1.0,0.0,0.0,0.0058027077,0.0,1,0,0,1,0
16639,-1,0,2.4373136,0.91962874,1,1,unassigned,4.0,4.0,0.0,1.0,0.0,0.0,0.003868472,0.0,0,0,0,1,1
16640,-1,0,1.8110635,0.8594904,1,1,unassigned,45.0,40.0,5.0,0.8888889,0.11111111,0.111111104,0.08317215,0.00924135,0,0,0,1,0
16641,-1,0,0.588306,0.6429764,1,1,unassigned,4.0,4.0,0.0,1.0,0.0,0.0,0.003868472,0.0,0,0,0,1,0
16642,-1,0,1.0526779,0.7412888,1,1,unassigned,17.0,17.0,0.0,1.0,0.0,0.0,0.029013539,0.0,0,0,0,1,0
16643,-1,0,-0.36027503,0.410893,0,1,unassigned,55.0,55.0,0.0,1.0,0.0,0.0,0.102514505,0.0,0,0,0,0,0
16644,-1,0,-0.7271018,0.32583106,0,1,unassigned,22.0,21.0,1.0,0.95454544,0.045454547,0.04545456,0.03868472,0.0017583964,0,0,0,0,0
16645,-1,1,0.90066856,0.71108687,1,1,unassigned,3.0,3.0,0.0,1.0,0.0,0.0,0.001934236,0.0,1,0,0,1,0
16646,-1,0,-0.06150961,0.48462743,0,1,unassigned,69.0,68.0,1.0,0.98550725,0.014492754,0.01449275,0.1295938,0.0018781711,0,0,0,0,0
16647,-1,1,5.9092774,0.9972932,1,1,unassigned,4.0,4.0,0.0,1.0,0.0,0.0,0.003868472,0.0,1,0,0,1,1
16648,1,0,-0.5729237,0.36056244,0,1,unassigned,52.0,52.0,0.0,1.0,0.0,0.0,0.0967118,0.0,0,0,0,0,0
16649,-1,0,-0.59933186,0.35449657,0,1,unassigned,87.0,85.0,2.0,0.9770115,0.022988506,0.022988498,0.16441005,0.0037795415,0,0,0,0,0
16650,-1,0,-0.46158993,0.38660872,0,1,unassigned,176.0,170.0,6.0,0.96590906,0.03409091,0.034090936,0.33655706,0.0114735365,0,0,0,0,0
16651,1,0,-0.047448575,0.48814008,0,1,test,23.0,23.0,0.0,1.0,0.0,0.0,0.040618956,0.0,0,0,0,0,0
16652,-1,0,-0.24551883,0.4389268,0,1,unassigned,31.0,31.0,0.0,1.0,0.0,0.0,0.056092843,0.0,0,0,0,0,0
16653,-1,1,4.968016,0.9930911,1,1,unassigned,26.0,24.0,2.0,0.9230769,0.07692308,0.07692307,0.046421662,0.0035708973,1,0,0,1,1
16654,1,0,1.8098233,0.8593405,1,0,train,14.0,14.0,0.0,1.0,0.0,0.0,0.023210831,0.0,0,0,1,1,0
16655,-1,1,1.9632466,0.87688386,1,1,unassigned,3.0,3.0,0.0,1.0,0.0,0.0,0.001934236,0.0,1,0,0,1,0
16656,-1,0,-0.32065818,0.42051533,0,1,unassigned,43.0,42.0,1.0,0.9767442,0.023255814,0.023255825,0.079303674,0.0018442714,0,0,0,0,0
16657,-1,0,-0.81255716,0.30734587,0,1,unassigned,19.0,19.0,0.0,1.0,0.0,0.0,0.032882012,0.0,0,0,0,0,0
16658,-1,0,-0.37588,0.40712097,0,1,unassigned,20.0,20.0,0.0,1.0,0.0,0.0,0.034816246,0.0,0,0,0,0,0
16659,-1,1,0.09098947,0.5227317,1,1,unassigned,36.0,36.0,0.0,1.0,0.0,0.0,0.065764025,0.0,1,0,0,1,0
16660,-1,0,0.7951425,0.68893445,1,1,unassigned,26.0,25.0,1.0,0.96153843,0.03846154,0.038461566,0.046421662,0.0017854486,0,0,0,1,0
16661,-1,0,3.2512624,0.9627185,1,1,unassigned,77.0,73.0,4.0,0.9480519,0.051948052,0.05194807,0.14506769,0.007535984,0,0,0,1,1
16662,-1,0,0.0148682,0.50371695,1,1,unassigned,22.0,22.0,0.0,1.0,0.0,0.0,0.03868472,0.0,0,0,0,1,0
16663,0,0,-0.44574285,0.3903734,0,0,unassigned,52.0,51.0,1.0,0.9807692,0.01923077,0.019230783,0.0967118,0.0018598423,0,0,1,0,0
16664,-1,1,-0.5296962,0.37058774,0,1,unassigned,29.0,27.0,2.0,0.9310345,0.06896552,0.068965495,0.05222437,0.0036016807,1,0,0,0,0
16665,-1,0,0.6808308,0.6639241,1,1,unassigned,6.0,6.0,0.0,1.0,0.0,0.0,0.007736944,0.0,0,0,0,1,0
16666,-1,1,-0.09516916,0.47622564,0,1,unassigned,86.0,86.0,0.0,1.0,0.0,0.0,0.16247582,0.0,1,0,0,0,0
16667,-1,1,-0.55634475,0.36439362,0,1,unassigned,22.0,11.0,11.0,0.5,0.5,0.5,0.03868472,0.01934236,1,0,0,0,0
16668,-1,0,0.35172248,0.5870352,1,1,unassigned,55.0,55.0,0.0,1.0,0.0,0.0,0.102514505,0.0,0,0,0,1,0
16669,-1,0,-0.46760312,0.38518372,0,1,unassigned,30.0,30.0,0.0,1.0,0.0,0.0,0.054158606,0.0,0,0,0,0,0
16670,-1,0,-0.9955962,0.26980814,0,1,unassigned,42.0,40.0,2.0,0.95238096,0.04761905,0.047619045,0.07736944,0.003684259,0,0,0,0,0
16671,-1,0,-0.55218494,0.3653576,0,1,unassigned,19.0,19.0,0.0,1.0,0.0,0.0,0.032882012,0.0,0,0,0,0,0
16672,-1,1,0.021915972,0.5054788,1,1,unassigned,6.0,5.0,1.0,0.8333333,0.16666667,0.16666669,0.007736944,0.0012894907,1,0,0,1,0
16673,-1,0,3.1721365,0.9597721,1,1,unassigned,2.0,2.0,0.0,1.0,0.0,0.0,0.0,0.0,0,0,0,1,1
16674,-1,0,-0.2495485,0.43793464,0,1,unassigned,62.0,60.0,2.0,0.9677419,0.032258064,0.032258093,0.116054155,0.0037436823,0,0,0,0,0
16675,-1,0,-0.63352835,0.34671095,0,1,unassigned,35.0,33.0,2.0,0.94285715,0.057142857,0.057142854,0.06382979,0.0036474164,0,0,0,0,0
16676,-1,1,-0.6577798,0.34123853,0,1,unassigned,144.0,124.0,20.0,0.8611111,0.1388889,0.1388889,0.2746615,0.038147435,1,0,0,0,0
16677,-1,0,-0.72920656,0.32536888,0,1,unassigned,4.0,4.0,0.0,1.0,0.0,0.0,0.003868472,0.0,0,0,0,0,0
16678,-1,0,-0.70033646,0.3317376,0,1,unassigned,4.0,4.0,0.0,1.0,0.0,0.0,0.003868472,0.0,0,0,0,0,0
16679,-1,1,0.43347508,0.60670316,1,1,unassigned,46.0,45.0,1.0,0.9782609,0.02173913,0.021739125,0.08510638,0.0018501388,1,0,0,1,0
16680,1,1,-0.7538864,0.31997505,0,1,test,68.0,67.0,1.0,0.9852941,0.014705882,0.014705896,0.12765957,0.0018773467,1,0,0,0,0
16681,-1,1,0.29153746,0.5723725,1,1,unassigned,77.0,77.0,0.0,1.0,0.0,0.0,0.14506769,0.0,1,0,0,1,0
16682,-1,0,10.835445,0.99998033,1,1,unassigned,7.0,5.0,2.0,0.71428573,0.2857143,0.28571427,0.00967118,0.0027631943,0,0,0,1,1
16683,-1,1,2.7570202,0.94030863,1,1,unassigned,45.0,42.0,3.0,0.93333334,0.06666667,0.06666666,0.08317215,0.00554481,1,0,0,1,1
16684,-1,0,-0.5157981,0.3738353,0,1,unassigned,66.0,65.0,1.0,0.9848485,0.015151516,0.015151501,0.123791106,0.0018756229,0,0,0,0,0
16685,-1,0,-0.25266626,0.43716732,0,1,unassigned,35.0,35.0,0.0,1.0,0.0,0.0,0.06382979,0.0,0,0,0,0,0
16686,-1,0,2.5982044,0.9307459,1,1,unassigned,3.0,3.0,0.0,1.0,0.0,0.0,0.001934236,0.0,0,0,0,1,1
16687,-1,0,-0.422157,0.3960007,0,1,unassigned,11.0,11.0,0.0,1.0,0.0,0.0,0.017408123,0.0,0,0,0,0,0
16688,-1,0,-0.5899552,0.35664517,0,1,unassigned,68.0,67.0,1.0,0.9852941,0.014705882,0.014705896,0.12765957,0.0018773467,0,0,0,0,0
16689,-1,0,-0.26169908,0.43494606,0,1,unassigned,24.0,22.0,2.0,0.9166667,0.083333336,0.08333331,0.04255319,0.0035460992,0,0,0,0,0
16690,-1,0,-0.8811725,0.29293486,0,1,unassigned,49.0,49.0,0.0,1.0,0.0,0.0,0.09090909,0.0,0,0,0,0,0
16691,-1,0,1.8097155,0.8593275,1,1,unassigned,3.0,3.0,0.0,1.0,0.0,0.0,0.001934236,0.0,0,0,0,1,0
16692,0,0,-0.41579908,0.39752242,0,0,test,70.0,70.0,0.0,1.0,0.0,0.0,0.13152805,0.0,0,0,1,0,0
16693,-1,0,1.2302122,0.7738557,1,1,unassigned,85.0,85.0,0.0,1.0,0.0,0.0,0.16054158,0.0,0,0,0,1,0
16694,-1,0,1.4168234,0.8048399,1,1,unassigned,7.0,7.0,0.0,1.0,0.0,0.0,0.00967118,0.0,0,0,0,1,0
16695,-1,0,6.116635,0.997799,1,1,unassigned,3.0,3.0,0.0,1.0,0.0,0.0,0.001934236,0.0,0,0,0,1,1
16696,-1,1,-0.012804091,0.496799,0,1,unassigned,7.0,7.0,0.0,1.0,0.0,0.0,0.00967118,0.0,1,0,0,0,0
16697,-1,1,-0.083504856,0.4791359,0,1,unassigned,9.0,9.0,0.0,1.0,0.0,0.0,0.013539651,0.0,1,0,0,0,0
16698,-1,0,-0.53008753,0.37049648,0,1,unassigned,33.0,33.0,0.0,1.0,0.0,0.0,0.059961315,0.0,0,0,0,0,0
16699,-1,1,1.4251983,0.80615205,1,1,unassigned,2.0,2.0,0.0,1.0,0.0,0.0,0.0,0.0,1,0,0,1,0
16700,1,0,1.3463717,0.79353577,1,0,unassigned,38.0,33.0,5.0,0.8684211,0.13157895,0.13157892,0.06963249,0.009162171,0,0,1,1,0
16701,-1,0,0.57143265,0.6390937,1,1,unassigned,52.0,52.0,0.0,1.0,0.0,0.0,0.0967118,0.0,0,0,0,1,0
16702,-1,0,-0.5515322,0.36550897,0,1,unassigned,23.0,22.0,1.0,0.95652175,0.04347826,0.04347825,0.040618956,0.0017660416,0,0,0,0,0
16703,-1,0,-0.9461554,0.27965865,0,1,unassigned,87.0,86.0,1.0,0.9885057,0.011494253,0.011494279,0.16441005,0.0018897707,0,0,0,0,0
16704,-1,0,-0.38445282,0.40505335,0,1,unassigned,24.0,23.0,1.0,0.9583333,0.041666668,0.041666687,0.04255319,0.0017730496,0,0,0,0,0
16705,0,1,-0.6758213,0.3371946,0,0,val,54.0,53.0,1.0,0.9814815,0.018518519,0.018518507,0.10058027,0.0018625975,1,0,1,0,0
16706,-1,0,-0.44948328,0.38948363,0,1,unassigned,79.0,79.0,0.0,1.0,0.0,0.0,0.14893617,0.0,0,0,0,0,0
16707,-1,0,-0.068855524,0.4827929,0,1,unassigned,19.0,15.0,4.0,0.7894737,0.21052632,0.21052629,0.032882012,0.006922529,0,0,0,0,0
16708,-1,0,-0.9777534,0.27333778,0,1,unassigned,65.0,62.0,3.0,0.95384616,0.046153847,0.046153843,0.12185687,0.0056241634,0,0,0,0,0
16709,-1,0,-0.4291373,0.39433238,0,1,unassigned,27.0,25.0,2.0,0.9259259,0.074074075,0.07407409,0.0483559,0.0035819185,0,0,0,0,0
16710,-1,0,-0.79445136,0.31121367,0,1,unassigned,54.0,54.0,0.0,1.0,0.0,0.0,0.10058027,0.0,0,0,0,0,0
16711,-1,0,-0.8840266,0.29234406,0,1,unassigned,72.0,71.0,1.0,0.9861111,0.013888889,0.0138888955,0.13539653,0.0018805073,0,0,0,0,0
16712,-1,0,0.8053208,0.6911115,1,1,unassigned,29.0,29.0,0.0,1.0,0.0,0.0,0.05222437,0.0,0,0,0,1,0
16713,-1,0,-0.3848153,0.40496603,0,1,unassigned,58.0,56.0,2.0,0.9655172,0.03448276,0.034482777,0.10831721,0.0037350762,0,0,0,0,0
16714,-1,0,7.1244087,0.9991954,1,1,unassigned,13.0,13.0,0.0,1.0,0.0,0.0,0.021276595,0.0,0,0,0,1,1
16715,-1,1,2.30713,0.9094658,1,1,unassigned,10.0,9.0,1.0,0.9,0.1,0.100000024,0.015473888,0.0015473888,1,0,0,1,1
16716,-1,1,-0.40723437,0.39957544,0,1,unassigned,35.0,34.0,1.0,0.9714286,0.028571429,0.028571427,0.06382979,0.0018237082,1,0,0,0,0
16717,-1,0,-0.45062032,0.3892133,0,1,unassigned,2.0,1.0,1.0,0.5,0.5,0.5,0.0,0.0,0,0,0,0,0
16718,-1,1,2.8981345,0.94775414,1,1,unassigned,59.0,57.0,2.0,0.9661017,0.033898305,0.033898294,0.11025145,0.0037373372,1,0,0,1,1
16719,-1,0,2.5213819,0.92562723,1,1,unassigned,27.0,27.0,0.0,1.0,0.0,0.0,0.0483559,0.0,0,0,0,1,1
16720,0,0,1.8665831,0.86606246,1,1,val,11.0,11.0,0.0,1.0,0.0,0.0,0.017408123,0.0,0,0,0,1,0
16721,-1,1,-0.5886484,0.35694504,0,1,unassigned,27.0,27.0,0.0,1.0,0.0,0.0,0.0483559,0.0,1,0,0,0,0
16722,1,1,-0.730605,0.32506198,0,1,val,48.0,44.0,4.0,0.9166667,0.083333336,0.08333331,0.088974856,0.0074145715,1,0,0,0,0
16723,1,1,-0.75059456,0.32069176,0,1,unassigned,99.0,98.0,1.0,0.989899,0.01010101,0.01010102,0.1876209,0.0018951605,1,0,0,0,0
16724,-1,0,-0.55394346,0.36494997,0,1,unassigned,2.0,2.0,0.0,1.0,0.0,0.0,0.0,0.0,0,0,0,0,0
16725,-1,0,-0.43851325,0.39209527,0,1,unassigned,32.0,31.0,1.0,0.96875,0.03125,0.03125,0.058027077,0.0018133462,0,0,0,0,0
16726,-1,0,3.4193947,0.9683052,1,1,unassigned,42.0,42.0,0.0,1.0,0.0,0.0,0.07736944,0.0,0,0,0,1,1
16727,-1,1,-0.9432212,0.28025013,0,1,unassigned,45.0,31.0,14.0,0.6888889,0.31111112,0.3111111,0.08317215,0.02587578,1,0,0,0,0
16728,-1,1,2.4686596,0.9219153,1,1,unassigned,2.0,2.0,0.0,1.0,0.0,0.0,0.0,0.0,1,0,0,1,1
16729,-1,1,1.3680527,0.7970654,1,1,unassigned,77.0,74.0,3.0,0.96103895,0.038961038,0.038961053,0.14506769,0.0056519876,1,0,0,1,0
16730,-1,0,-0.5188922,0.3731113,0,1,unassigned,17.0,17.0,0.0,1.0,0.0,0.0,0.029013539,0.0,0,0,0,0,0
16731,-1,0,0.1705125,0.5425251,1,1,unassigned,41.0,40.0,1.0,0.9756098,0.024390243,0.02439022,0.07543521,0.001839883,0,0,0,1,0
16732,1,1,-0.18519354,0.45383352,0,1,train,85.0,65.0,20.0,0.7647059,0.23529412,0.2352941,0.16054158,0.03777449,1,0,0,0,0
16733,-1,0,2.1923273,0.8995584,1,1,unassigned,10.0,7.0,3.0,0.7,0.3,0.3,0.015473888,0.0046421667,0,0,0,1,0
16734,-1,0,0.7773152,0.6851012,1,1,unassigned,3.0,3.0,0.0,1.0,0.0,0.0,0.001934236,0.0,0,0,0,1,0
16735,-1,0,-0.6767624,0.3369843,0,1,unassigned,62.0,62.0,0.0,1.0,0.0,0.0,0.116054155,0.0,0,0,0,0,0
16736,-1,0,-0.51201767,0.37472066,0,1,unassigned,35.0,35.0,0.0,1.0,0.0,0.0,0.06382979,0.0,0,0,0,0,0
16737,-1,0,-0.93984276,0.2809321,0,1,unassigned,48.0,48.0,0.0,1.0,0.0,0.0,0.088974856,0.0,0,0,0,0,0
16738,-1,1,3.5089772,0.97094214,1,1,unassigned,6.0,6.0,0.0,1.0,0.0,0.0,0.007736944,0.0,1,0,0,1,1
16739,-1,0,-0.6465288,0.3437722,0,1,unassigned,12.0,12.0,0.0,1.0,0.0,0.0,0.01934236,0.0,0,0,0,0,0
16740,0,0,-0.38491035,0.4049431,0,0,val,9.0,7.0,2.0,0.7777778,0.22222222,0.22222221,0.013539651,0.0030088115,0,0,1,0,0
16741,0,0,-1.0873032,0.25212646,0,0,test,3.0,3.0,0.0,1.0,0.0,0.0,0.001934236,0.0,0,0,1,0,0
16742,1,1,0.94445115,0.7199979,1,0,val,2.0,2.0,0.0,1.0,0.0,0.0,0.0,0.0,1,0,1,1,0
16743,-1,0,-0.9166021,0.28565076,0,1,unassigned,18.0,17.0,1.0,0.9444444,0.055555556,0.055555582,0.030947777,0.0017193209,0,0,0,0,0
16744,-1,0,-0.009622037,0.49759454,0,1,unassigned,41.0,40.0,1.0,0.9756098,0.024390243,0.02439022,0.07543521,0.001839883,0,0,0,0,0
16745,-1,0,0.3896641,0.5962019,1,1,unassigned,4.0,4.0,0.0,1.0,0.0,0.0,0.003868472,0.0,0,0,0,1,0
16746,1,0,0.27511698,0.56834865,1,0,val,22.0,19.0,3.0,0.8636364,0.13636364,0.13636363,0.03868472,0.005275189,0,0,1,1,0
16747,-1,0,-0.5511094,0.36560705,0,1,unassigned,67.0,66.0,1.0,0.98507464,0.014925373,0.014925361,0.12572534,0.0018764976,0,0,0,0,0
16748,-1,0,0.7957569,0.6890661,1,1,unassigned,26.0,26.0,0.0,1.0,0.0,0.0,0.046421662,0.0,0,0,0,1,0
16749,-1,0,-0.3388599,0.41608644,0,1,unassigned,40.0,38.0,2.0,0.95,0.05,0.050000012,0.07350097,0.0036750485,0,0,0,0,0
16750,-1,0,-0.20993161,0.447709,0,1,unassigned,4.0,4.0,0.0,1.0,0.0,0.0,0.003868472,0.0,0,0,0,0,0
16751,-1,0,2.6882122,0.93632746,1,1,unassigned,14.0,13.0,1.0,0.9285714,0.071428575,0.0714286,0.023210831,0.0016579166,0,0,0,1,1
16752,0,0,0.085802555,0.5214375,1,1,train,8.0,8.0,0.0,1.0,0.0,0.0,0.0116054155,0.0,0,0,0,1,0
16753,-1,0,3.1063774,0.957155,1,1,unassigned,11.0,11.0,0.0,1.0,0.0,0.0,0.017408123,0.0,0,0,0,1,1
16754,-1,0,-0.35328895,0.4125851,0,1,unassigned,9.0,9.0,0.0,1.0,0.0,0.0,0.013539651,0.0,0,0,0,0,0
16755,-1,0,0.28597206,0.57100976,1,1,unassigned,18.0,17.0,1.0,0.9444444,0.055555556,0.055555582,0.030947777,0.0017193209,0,0,0,1,0
16756,-1,0,0.28130633,0.5698665,1,1,unassigned,21.0,21.0,0.0,1.0,0.0,0.0,0.036750484,0.0,0,0,0,1,0
16757,-1,0,2.5332215,0.9264382,1,1,unassigned,77.0,76.0,1.0,0.987013,0.012987013,0.012987018,0.14506769,0.001883996,0,0,0,1,1
16758,-1,1,-0.5118142,0.37476835,0,1,unassigned,46.0,25.0,21.0,0.54347825,0.45652175,0.45652175,0.08510638,0.038852915,1,0,0,0,0
16759,-1,0,0.33626276,0.5832824,1,1,unassigned,29.0,29.0,0.0,1.0,0.0,0.0,0.05222437,0.0,0,0,0,1,0
16760,-1,1,-0.70637894,0.33039948,0,1,unassigned,8.0,6.0,2.0,0.75,0.25,0.25,0.0116054155,0.0029013539,1,0,0,0,0
16761,-1,0,0.47174078,0.61579573,1,1,unassigned,63.0,61.0,2.0,0.96825397,0.031746034,0.03174603,0.11798839,0.0037456634,0,0,0,1,0
16762,-1,0,0.35889214,0.58877224,1,1,unassigned,32.0,30.0,2.0,0.9375,0.0625,0.0625,0.058027077,0.0036266923,0,0,0,1,0
16763,-1,0,0.9448225,0.7200727,1,1,unassigned,44.0,44.0,0.0,1.0,0.0,0.0,0.08123791,0.0,0,0,0,1,0
16764,-1,0,-0.9820739,0.27248046,0,1,unassigned,41.0,40.0,1.0,0.9756098,0.024390243,0.02439022,0.07543521,0.001839883,0,0,0,0,0
16765,-1,0,0.6209598,0.6504368,1,1,unassigned,160.0,160.0,0.0,1.0,0.0,0.0,0.3056093,0.0,0,0,0,1,0
16766,-1,0,-0.93464935,0.28198242,0,1,unassigned,54.0,51.0,3.0,0.9444444,0.055555556,0.055555582,0.10058027,0.0055877925,0,0,0,0,0
16767,-1,1,-0.7396933,0.3230712,0,1,unassigned,47.0,46.0,1.0,0.9787234,0.021276595,0.021276593,0.08704062,0.001851928,1,0,0,0,0
16768,-1,1,-0.68950874,0.33414236,0,1,unassigned,63.0,63.0,0.0,1.0,0.0,0.0,0.11798839,0.0,1,0,0,0,0
16769,0,1,-0.85940844,0.29746294,0,0,unassigned,36.0,36.0,0.0,1.0,0.0,0.0,0.065764025,0.0,1,0,1,0,0
16770,-1,0,3.925853,0.98065627,1,1,unassigned,2.0,2.0,0.0,1.0,0.0,0.0,0.0,0.0,0,0,0,1,1
16771,-1,0,-0.31893766,0.42093465,0,1,unassigned,18.0,16.0,2.0,0.8888889,0.11111111,0.111111104,0.030947777,0.0034386418,0,0,0,0,0
16772,-1,1,0.1351322,0.5337317,1,1,unassigned,29.0,29.0,0.0,1.0,0.0,0.0,0.05222437,0.0,1,0,0,1,0
16773,-1,1,-0.24492186,0.43907377,0,1,unassigned,20.0,20.0,0.0,1.0,0.0,0.0,0.034816246,0.0,1,0,0,0,0
16774,1,1,0.51292914,0.62549293,1,0,test,12.0,12.0,0.0,1.0,0.0,0.0,0.01934236,0.0,1,0,1,1,0
16775,-1,0,-0.41237882,0.39834186,0,1,unassigned,32.0,32.0,0.0,1.0,0.0,0.0,0.058027077,0.0,0,0,0,0,0
16776,-1,0,1.0516942,0.7411001,1,1,unassigned,40.0,39.0,1.0,0.975,0.025,0.024999976,0.07350097,0.0018375242,0,0,0,1,0
16777,-1,0,0.070926905,0.5177243,1,1,unassigned,15.0,15.0,0.0,1.0,0.0,0.0,0.025145067,0.0,0,0,0,1,0
16778,-1,0,-0.9614849,0.276581,0,1,unassigned,48.0,48.0,0.0,1.0,0.0,0.0,0.088974856,0.0,0,0,0,0,0
16779,-1,1,-0.56584525,0.36219606,0,1,unassigned,15.0,9.0,6.0,0.6,0.4,0.39999998,0.025145067,0.010058027,1,0,0,0,0
16780,-1,0,1.4086707,0.80355614,1,1,unassigned,45.0,43.0,2.0,0.95555556,0.044444446,0.04444444,0.08317215,0.0036965401,0,0,0,1,0
16781,-1,0,-0.35886365,0.41123465,0,1,unassigned,41.0,40.0,1.0,0.9756098,0.024390243,0.02439022,0.07543521,0.001839883,0,0,0,0,0
16782,-1,0,1.2685347,0.78049177,1,1,unassigned,75.0,74.0,1.0,0.9866667,0.013333334,0.013333321,0.14119923,0.0018826565,0,0,0,1,0
16783,-1,0,-0.22772425,0.44331366,0,1,unassigned,6.0,6.0,0.0,1.0,0.0,0.0,0.007736944,0.0,0,0,0,0,0
16784,-1,1,0.36001533,0.58904415,1,1,unassigned,12.0,11.0,1.0,0.9166667,0.083333336,0.08333331,0.01934236,0.0016118633,1,0,0,1,0
16785,-1,0,2.44321,0.9200635,1,1,unassigned,7.0,7.0,0.0,1.0,0.0,0.0,0.00967118,0.0,0,0,0,1,1
16786,0,0,-0.5822769,0.35840887,0,0,train,42.0,41.0,1.0,0.97619045,0.023809524,0.023809552,0.07736944,0.0018421295,0,0,1,0,0
16787,1,0,-0.11235863,0.47193983,0,1,test,23.0,23.0,0.0,1.0,0.0,0.0,0.040618956,0.0,0,0,0,0,0
16788,-1,0,-0.82545877,0.30460617,0,1,unassigned,42.0,39.0,3.0,0.9285714,0.071428575,0.0714286,0.07736944,0.0055263885,0,0,0,0,0
16789,1,0,2.9026136,0.9479755,1,0,test,36.0,35.0,1.0,0.9722222,0.027777778,0.027777791,0.065764025,0.0018267785,0,0,1,1,1
16790,-1,0,2.680236,0.93585026,1,1,unassigned,9.0,9.0,0.0,1.0,0.0,0.0,0.013539651,0.0,0,0,0,1,1
16791,-1,1,4.66931,0.99070835,1,1,unassigned,10.0,7.0,3.0,0.7,0.3,0.3,0.015473888,0.0046421667,1,0,0,1,1
16792,-1,1,2.795785,0.94244766,1,1,unassigned,7.0,7.0,0.0,1.0,0.0,0.0,0.00967118,0.0,1,0,0,1,1
16793,-1,0,1.3830845,0.799486,1,1,unassigned,5.0,5.0,0.0,1.0,0.0,0.0,0.0058027077,0.0,0,0,0,1,0
16794,-1,0,1.4398499,0.8084314,1,1,unassigned,15.0,15.0,0.0,1.0,0.0,0.0,0.025145067,0.0,0,0,0,1,0
16795,-1,1,1.0059109,0.73221916,1,1,unassigned,6.0,5.0,1.0,0.8333333,0.16666667,0.16666669,0.007736944,0.0012894907,1,0,0,1,0
16796,-1,0,2.5010602,0.92421615,1,1,unassigned,6.0,6.0,0.0,1.0,0.0,0.0,0.007736944,0.0,0,0,0,1,1
16797,-1,0,-0.67501,0.3373759,0,1,unassigned,49.0,49.0,0.0,1.0,0.0,0.0,0.09090909,0.0,0,0,0,0,0
16798,-1,0,3.2792206,0.963709,1,1,unassigned,6.0,6.0,0.0,1.0,0.0,0.0,0.007736944,0.0,0,0,0,1,1
16799,0,0,-0.73682314,0.3236992,0,0,test,23.0,23.0,0.0,1.0,0.0,0.0,0.040618956,0.0,0,0,1,0,0
16800,-1,0,-0.6085958,0.3523796,0,1,unassigned,3.0,3.0,0.0,1.0,0.0,0.0,0.001934236,0.0,0,0,0,0,0
16801,-1,0,8.45493,0.99978715,1,1,unassigned,3.0,3.0,0.0,1.0,0.0,0.0,0.001934236,0.0,0,0,0,1,1
16802,-1,0,-0.24053997,0.4401533,0,1,unassigned,9.0,9.0,0.0,1.0,0.0,0.0,0.013539651,0.0,0,0,0,0,0
16803,-1,0,0.05173832,0.5129317,1,1,unassigned,25.0,24.0,1.0,0.96,0.04,0.04000002,0.044487428,0.001779497,0,0,0,1,0
16804,-1,0,-0.9035105,0.28832963,0,1,unassigned,24.0,24.0,0.0,1.0,0.0,0.0,0.04255319,0.0,0,0,0,0,0
16805,-1,0,-0.700491,0.33170336,0,1,unassigned,37.0,37.0,0.0,1.0,0.0,0.0,0.06769826,0.0,0,0,0,0,0
16806,-1,0,-0.13658851,0.46590587,0,1,unassigned,26.0,26.0,0.0,1.0,0.0,0.0,0.046421662,0.0,0,0,0,0,0
16807,-1,0,-0.5475487,0.3664333,0,1,unassigned,152.0,151.0,1.0,0.9934211,0.0065789474,0.0065789223,0.29013538,0.0019087854,0,0,0,0,0
16808,1,0,0.7398086,0.676954,1,0,test,65.0,65.0,0.0,1.0,0.0,0.0,0.12185687,0.0,0,0,1,1,0
16809,-1,0,0.07945013,0.5198521,1,1,unassigned,19.0,19.0,0.0,1.0,0.0,0.0,0.032882012,0.0,0,0,0,1,0
16810,0,0,-0.93979466,0.2809418,0,0,val,22.0,22.0,0.0,1.0,0.0,0.0,0.03868472,0.0,0,0,1,0,0
16811,-1,0,-0.37734085,0.40676844,0,1,unassigned,153.0,153.0,0.0,1.0,0.0,0.0,0.29206964,0.0,0,0,0,0,0
16812,-1,0,1.2481613,0.77698135,1,1,unassigned,6.0,6.0,0.0,1.0,0.0,0.0,0.007736944,0.0,0,0,0,1,0
16813,-1,0,-0.79120696,0.31190956,0,1,unassigned,81.0,78.0,3.0,0.962963,0.037037037,0.037037015,0.15280464,0.005659431,0,0,0,0,0
16814,-1,1,17.973797,1.0,1,1,unassigned,2.0,2.0,0.0,1.0,0.0,0.0,0.0,0.0,1,0,0,1,1
16815,-1,0,-0.7687906,0.31674078,0,1,unassigned,35.0,35.0,0.0,1.0,0.0,0.0,0.06382979,0.0,0,0,0,0,0
16816,-1,0,-1.0042015,0.26811615,0,1,unassigned,42.0,42.0,0.0,1.0,0.0,0.0,0.07736944,0.0,0,0,0,0,0
16817,-1,0,1.5294445,0.82192504,1,1,unassigned,30.0,30.0,0.0,1.0,0.0,0.0,0.054158606,0.0,0,0,0,1,0
16818,-1,0,-0.5267016,0.3712865,0,1,unassigned,69.0,69.0,0.0,1.0,0.0,0.0,0.1295938,0.0,0,0,0,0,0
16819,-1,0,-0.5809365,0.35871714,0,1,unassigned,15.0,15.0,0.0,1.0,0.0,0.0,0.025145067,0.0,0,0,0,0,0
16820,-1,0,-0.03646028,0.4908859,0,1,unassigned,29.0,26.0,3.0,0.8965517,0.10344828,0.10344827,0.05222437,0.005402521,0,0,0,0,0
16821,-1,0,-0.45408595,0.38838974,0,1,unassigned,3.0,3.0,0.0,1.0,0.0,0.0,0.001934236,0.0,0,0,0,0,0
16822,-1,0,-0.89855033,0.2893485,0,1,unassigned,8.0,8.0,0.0,1.0,0.0,0.0,0.0116054155,0.0,0,0,0,0,0
16823,-1,0,6.808109,0.99889636,1,1,unassigned,59.0,57.0,2.0,0.9661017,0.033898305,0.033898294,0.11025145,0.0037373372,0,0,0,1,1
16824,-1,0,1.496634,0.8170719,1,1,unassigned,3.0,3.0,0.0,1.0,0.0,0.0,0.001934236,0.0,0,0,0,1,0
16825,-1,0,0.55414516,0.6350967,1,1,unassigned,8.0,8.0,0.0,1.0,0.0,0.0,0.0116054155,0.0,0,0,0,1,0
16826,-1,1,2.1347337,0.8942335,1,1,unassigned,13.0,9.0,4.0,0.6923077,0.30769232,0.3076923,0.021276595,0.006546645,1,0,0,1,0
16827,-1,0,-0.8402226,0.30148792,0,1,unassigned,34.0,34.0,0.0,1.0,0.0,0.0,0.061895553,0.0,0,0,0,0,0
16828,-1,1,-0.18981725,0.45268765,0,1,unassigned,13.0,11.0,2.0,0.84615386,0.15384616,0.15384614,0.021276595,0.0032733225,1,0,0,0,0
16829,-1,0,-0.09926152,0.47520497,0,1,unassigned,2.0,2.0,0.0,1.0,0.0,0.0,0.0,0.0,0,0,0,0,0
16830,-1,1,-0.12735471,0.46820426,0,1,unassigned,4.0,1.0,3.0,0.25,0.75,0.75,0.003868472,0.002901354,1,0,0,0,0
16831,-1,1,1.738126,0.85044885,1,1,unassigned,17.0,16.0,1.0,0.9411765,0.05882353,0.058823526,0.029013539,0.0017066788,1,0,0,1,0
16832,-1,1,2.4559743,0.92099726,1,1,unassigned,3.0,2.0,1.0,0.6666667,0.33333334,0.3333333,0.001934236,0.00064474536,1,0,0,1,1
16833,1,0,-0.17116898,0.45731193,0,1,unassigned,18.0,18.0,0.0,1.0,0.0,0.0,0.030947777,0.0,0,0,0,0,0
16834,-1,0,-0.82315814,0.30509368,0,1,unassigned,114.0,114.0,0.0,1.0,0.0,0.0,0.21663442,0.0,0,0,0,0,0
16835,-1,0,-0.77796566,0.3147585,0,1,unassigned,16.0,15.0,1.0,0.9375,0.0625,0.0625,0.027079303,0.0016924564,0,0,0,0,0
16836,-1,1,7.0044236,0.99909294,1,1,unassigned,14.0,9.0,5.0,0.64285713,0.35714287,0.35714287,0.023210831,0.008289583,1,0,0,1,1
16837,-1,0,-0.94775,0.27933753,0,1,unassigned,22.0,22.0,0.0,1.0,0.0,0.0,0.03868472,0.0,0,0,0,0,0
16838,-1,0,0.28347403,0.5703977,1,1,unassigned,4.0,3.0,1.0,0.75,0.25,0.25,0.003868472,0.000967118,0,0,0,1,0
16839,-1,1,-0.66236746,0.340208,0,1,unassigned,17.0,17.0,0.0,1.0,0.0,0.0,0.029013539,0.0,1,0,0,0,0
16840,-1,1,-0.6146209,0.35100582,0,1,unassigned,3.0,3.0,0.0,1.0,0.0,0.0,0.001934236,0.0,1,0,0,0,0
16841,-1,0,6.729779,0.9988066,1,1,unassigned,3.0,3.0,0.0,1.0,0.0,0.0,0.001934236,0.0,0,0,0,1,1
16842,-1,0,-0.6577645,0.34124196,0,1,unassigned,30.0,30.0,0.0,1.0,0.0,0.0,0.054158606,0.0,0,0,0,0,0
16843,-1,0,-0.55620015,0.36442712,0,1,unassigned,78.0,77.0,1.0,0.98717946,0.012820513,0.012820542,0.14700194,0.0018846402,0,0,0,0,0
16844,-1,0,-0.5237792,0.37196895,0,1,unassigned,81.0,81.0,0.0,1.0,0.0,0.0,0.15280464,0.0,0,0,0,0,0
16845,-1,0,-0.6762843,0.33709112,0,1,unassigned,89.0,89.0,0.0,1.0,0.0,0.0,0.16827853,0.0,0,0,0,0,0
16846,-1,0,1.6214459,0.83499444,1,1,unassigned,41.0,41.0,0.0,1.0,0.0,0.0,0.07543521,0.0,0,0,0,1,0
16847,-1,0,-0.51342785,0.37439027,0,1,unassigned,29.0,29.0,0.0,1.0,0.0,0.0,0.05222437,0.0,0,0,0,0,0
16848,-1,1,0.4277112,0.605327,1,1,unassigned,11.0,11.0,0.0,1.0,0.0,0.0,0.017408123,0.0,1,0,0,1,0
16849,0,1,-0.4323753,0.39355928,0,0,val,50.0,50.0,0.0,1.0,0.0,0.0,0.092843324,0.0,1,0,1,0,0
16850,-1,0,1.0541813,0.741577,1,1,unassigned,4.0,4.0,0.0,1.0,0.0,0.0,0.003868472,0.0,0,0,0,1,0
16851,-1,0,1.0305994,0.73703206,1,1,unassigned,2.0,2.0,0.0,1.0,0.0,0.0,0.0,0.0,0,0,0,1,0
16852,-1,0,18.551044,1.0,1,1,unassigned,2.0,1.0,1.0,0.5,0.5,0.5,0.0,0.0,0,0,0,1,1
16853,-1,1,-0.66486,0.33964872,0,1,unassigned,60.0,57.0,3.0,0.95,0.05,0.050000012,0.11218569,0.0056092846,1,0,0,0,0
16854,-1,0,3.4812448,0.97014934,1,1,unassigned,2.0,1.0,1.0,0.5,0.5,0.5,0.0,0.0,0,0,0,1,1
16855,-1,0,-0.88787645,0.29154825,0,1,unassigned,35.0,33.0,2.0,0.94285715,0.057142857,0.057142854,0.06382979,0.0036474164,0,0,0,0,0
16856,-1,1,2.6723905,0.93537766,1,1,unassigned,2.0,2.0,0.0,1.0,0.0,0.0,0.0,0.0,1,0,0,1,1
16857,-1,0,-0.15951014,0.4602068,0,1,unassigned,13.0,13.0,0.0,1.0,0.0,0.0,0.021276595,0.0,0,0,0,0,0
16858,-1,0,-0.25780347,0.43590373,0,1,unassigned,21.0,21.0,0.0,1.0,0.0,0.0,0.036750484,0.0,0,0,0,0,0
16859,-1,0,-0.886081,0.29191923,0,1,unassigned,14.0,14.0,0.0,1.0,0.0,0.0,0.023210831,0.0,0,0,0,0,0
16860,0,0,-0.85893,0.29756296,0,0,unassigned,89.0,87.0,2.0,0.9775281,0.02247191,0.022471905,0.16827853,0.00378154,0,0,1,0,0
16861,-1,0,-0.79085577,0.31198493,0,1,unassigned,119.0,116.0,3.0,0.9747899,0.025210084,0.025210083,0.2263056,0.0057051834,0,0,0,0,0
16862,-1,0,-0.46250933,0.3863907,0,1,unassigned,53.0,52.0,1.0,0.9811321,0.018867925,0.01886791,0.09864604,0.0018612461,0,0,0,0,0
16863,-1,0,-0.8280185,0.30406424,0,1,unassigned,113.0,109.0,4.0,0.96460176,0.03539823,0.035398245,0.21470019,0.0076000066,0,0,0,0,0
16864,-1,0,-0.4932238,0.37913442,0,1,unassigned,24.0,24.0,0.0,1.0,0.0,0.0,0.04255319,0.0,0,0,0,0,0
16865,-1,0,-0.8129132,0.30727008,0,1,unassigned,41.0,41.0,0.0,1.0,0.0,0.0,0.07543521,0.0,0,0,0,0,0
16866,0,0,2.1067102,0.8915537,1,1,unassigned,6.0,6.0,0.0,1.0,0.0,0.0,0.007736944,0.0,0,0,0,1,0
16867,-1,0,-0.8372206,0.30212048,0,1,unassigned,93.0,92.0,1.0,0.9892473,0.010752688,0.010752678,0.17601547,0.0018926394,0,0,0,0,0
16868,-1,0,-0.8109708,0.30768368,0,1,unassigned,146.0,146.0,0.0,1.0,0.0,0.0,0.27852997,0.0,0,0,0,0,0
16869,-1,0,-0.8468635,0.3000912,0,1,unassigned,108.0,108.0,0.0,1.0,0.0,0.0,0.20502901,0.0,0,0,0,0,0
16870,-1,0,-0.68256307,0.33568949,0,1,unassigned,10.0,8.0,2.0,0.8,0.2,0.19999999,0.015473888,0.0030947777,0,0,0,0,0
16871,-1,0,-0.40301996,0.400587,0,1,unassigned,22.0,22.0,0.0,1.0,0.0,0.0,0.03868472,0.0,0,0,0,0,0
16872,-1,0,-0.87909925,0.29336447,0,1,unassigned,79.0,77.0,2.0,0.9746835,0.025316456,0.025316477,0.14893617,0.003770536,0,0,0,0,0
16873,0,1,2.9968803,0.952433,1,1,unassigned,14.0,12.0,2.0,0.85714287,0.14285715,0.14285713,0.023210831,0.0033158332,1,0,0,1,1
16874,-1,0,1.1192257,0.7538451,1,1,unassigned,22.0,21.0,1.0,0.95454544,0.045454547,0.04545456,0.03868472,0.0017583964,0,0,0,1,0
16875,-1,0,-0.057528377,0.4856218,0,1,unassigned,15.0,15.0,0.0,1.0,0.0,0.0,0.025145067,0.0,0,0,0,0,0
16876,-1,0,-0.5486975,0.36616662,0,1,unassigned,3.0,3.0,0.0,1.0,0.0,0.0,0.001934236,0.0,0,0,0,0,0
16877,-1,0,3.513417,0.97106713,1,1,unassigned,2.0,2.0,0.0,1.0,0.0,0.0,0.0,0.0,0,0,0,1,1
16878,-1,0,-0.9736715,0.2741493,0,1,unassigned,2.0,2.0,0.0,1.0,0.0,0.0,0.0,0.0,0,0,0,0,0
16879,-1,1,2.1337156,0.89413726,1,1,unassigned,17.0,16.0,1.0,0.9411765,0.05882353,0.058823526,0.029013539,0.0017066788,1,0,0,1,0
16880,1,0,1.6963136,0.84505266,1,0,unassigned,3.0,3.0,0.0,1.0,0.0,0.0,0.001934236,0.0,0,0,1,1,0
16881,-1,0,-0.46119264,0.38670292,0,1,unassigned,20.0,20.0,0.0,1.0,0.0,0.0,0.034816246,0.0,0,0,0,0,0
16882,-1,0,3.0272765,0.9537913,1,1,unassigned,3.0,3.0,0.0,1.0,0.0,0.0,0.001934236,0.0,0,0,0,1,1
16883,-1,0,-0.027947187,0.49301368,0,1,unassigned,19.0,19.0,0.0,1.0,0.0,0.0,0.032882012,0.0,0,0,0,0,0
16884,1,0,4.7584796,0.9914943,1,0,unassigned,3.0,3.0,0.0,1.0,0.0,0.0,0.001934236,0.0,0,0,1,1,1
16885,-1,0,2.6793087,0.9357946,1,1,unassigned,11.0,11.0,0.0,1.0,0.0,0.0,0.017408123,0.0,0,0,0,1,1
16886,-1,0,-0.20927423,0.4478716,0,1,unassigned,15.0,14.0,1.0,0.93333334,0.06666667,0.06666666,0.025145067,0.0016763379,0,0,0,0,0
16887,-1,0,-0.3665751,0.40936884,0,1,unassigned,40.0,40.0,0.0,1.0,0.0,0.0,0.07350097,0.0,0,0,0,0,0
16888,-1,0,-0.14922124,0.4627638,0,1,unassigned,11.0,11.0,0.0,1.0,0.0,0.0,0.017408123,0.0,0,0,0,0,0
16889,-1,0,-0.3617853,0.41052747,0,1,unassigned,17.0,16.0,1.0,0.9411765,0.05882353,0.058823526,0.029013539,0.0017066788,0,0,0,0,0
16890,-1,0,-0.6568845,0.3414398,0,1,unassigned,32.0,32.0,0.0,1.0,0.0,0.0,0.058027077,0.0,0,0,0,0,0
16891,-1,0,-0.11190623,0.4720526,0,1,unassigned,8.0,8.0,0.0,1.0,0.0,0.0,0.0116054155,0.0,0,0,0,0,0
16892,1,0,8.786586,0.9998472,1,0,test,5.0,3.0,2.0,0.6,0.4,0.39999998,0.0058027077,0.002321083,0,0,1,1,1
16893,-1,0,0.9553116,0.7221821,1,1,unassigned,15.0,15.0,0.0,1.0,0.0,0.0,0.025145067,0.0,0,0,0,1,0
16894,-1,0,0.58154446,0.6414227,1,1,unassigned,7.0,6.0,1.0,0.85714287,0.14285715,0.14285713,0.00967118,0.0013815971,0,0,0,1,0
16895,-1,0,-0.045200348,0.48870182,0,1,unassigned,5.0,5.0,0.0,1.0,0.0,0.0,0.0058027077,0.0,0,0,0,0,0
16896,-1,1,6.8966885,0.9989899,1,1,unassigned,5.0,5.0,0.0,1.0,0.0,0.0,0.0058027077,0.0,1,0,0,1,1
16897,-1,0,-0.09907031,0.47525263,0,1,unassigned,17.0,17.0,0.0,1.0,0.0,0.0,0.029013539,0.0,0,0,0,0,0
16898,-1,0,13.541801,0.9999987,1,1,unassigned,8.0,5.0,3.0,0.625,0.375,0.375,0.0116054155,0.004352031,0,0,0,1,1
16899,-1,0,-0.20402375,0.44917023,0,1,unassigned,34.0,34.0,0.0,1.0,0.0,0.0,0.061895553,0.0,0,0,0,0,0
16900,-1,0,0.2136417,0.55320823,1,1,unassigned,6.0,6.0,0.0,1.0,0.0,0.0,0.007736944,0.0,0,0,0,1,0
16901,-1,0,1.6543024,0.8394717,1,1,unassigned,39.0,34.0,5.0,0.8717949,0.12820514,0.12820512,0.07156673,0.009175222,0,0,0,1,0
16902,-1,1,10.74033,0.9999783,1,1,unassigned,2.0,2.0,0.0,1.0,0.0,0.0,0.0,0.0,1,0,0,1,1
16903,1,1,5.125055,0.99408925,1,0,val,4.0,2.0,2.0,0.5,0.5,0.5,0.003868472,0.001934236,1,0,1,1,1
16904,-1,0,-0.7713816,0.3161803,0,1,unassigned,35.0,35.0,0.0,1.0,0.0,0.0,0.06382979,0.0,0,0,0,0,0
16905,1,1,2.0692022,0.88787353,1,0,val,18.0,17.0,1.0,0.9444444,0.055555556,0.055555582,0.030947777,0.0017193209,1,0,1,1,0
16906,-1,0,1.2009766,0.76869845,1,1,unassigned,2.0,2.0,0.0,1.0,0.0,0.0,0.0,0.0,0,0,0,1,0
16907,-1,1,5.0799165,0.993818,1,1,unassigned,11.0,7.0,4.0,0.6363636,0.36363637,0.36363637,0.017408123,0.006330227,1,0,0,1,1
16908,-1,1,2.5873306,0.93004173,1,1,unassigned,5.0,5.0,0.0,1.0,0.0,0.0,0.0058027077,0.0,1,0,0,1,1
16909,-1,0,4.735204,0.9912958,1,1,unassigned,7.0,4.0,3.0,0.5714286,0.42857143,0.4285714,0.00967118,0.0041447915,0,0,0,1,1
16910,1,0,0.18642324,0.5464713,1,0,unassigned,13.0,13.0,0.0,1.0,0.0,0.0,0.021276595,0.0,0,0,1,1,0
16911,-1,0,0.37710154,0.59317386,1,1,unassigned,2.0,2.0,0.0,1.0,0.0,0.0,0.0,0.0,0,0,0,1,0
16912,-1,0,1.1249359,0.75490314,1,1,unassigned,9.0,9.0,0.0,1.0,0.0,0.0,0.013539651,0.0,0,0,0,1,0
16913,-1,1,2.5312583,0.9263043,1,1,unassigned,2.0,2.0,0.0,1.0,0.0,0.0,0.0,0.0,1,0,0,1,1
16914,-1,1,-0.0672856,0.48318496,0,1,unassigned,2.0,2.0,0.0,1.0,0.0,0.0,0.0,0.0,1,0,0,0,0
16915,-1,1,0.4573689,0.61238986,1,1,unassigned,4.0,4.0,0.0,1.0,0.0,0.0,0.003868472,0.0,1,0,0,1,0
16916,-1,1,-0.2995774,0.4256608,0,1,unassigned,2.0,2.0,0.0,1.0,0.0,0.0,0.0,0.0,1,0,0,0,0
16917,0,0,7.9822106,0.9996586,1,1,test,2.0,2.0,0.0,1.0,0.0,0.0,0.0,0.0,0,0,0,1,1
16918,-1,0,0.3968457,0.59792954,1,1,unassigned,25.0,24.0,1.0,0.96,0.04,0.04000002,0.044487428,0.001779497,0,0,0,1,0
16919,-1,1,0.08115822,0.52027845,1,1,unassigned,4.0,4.0,0.0,1.0,0.0,0.0,0.003868472,0.0,1,0,0,1,0
16920,-1,0,-0.9290813,0.28311113,0,1,unassigned,2.0,2.0,0.0,1.0,0.0,0.0,0.0,0.0,0,0,0,0,0
16921,-1,0,-0.34797323,0.41387397,0,1,unassigned,2.0,2.0,0.0,1.0,0.0,0.0,0.0,0.0,0,0,0,0,0
16922,-1,1,1.1735253,0.76378167,1,1,unassigned,14.0,14.0,0.0,1.0,0.0,0.0,0.023210831,0.0,1,0,0,1,0
16923,-1,0,-0.20243633,0.44956303,0,1,unassigned,3.0,3.0,0.0,1.0,0.0,0.0,0.001934236,0.0,0,0,0,0,0
16924,1,0,-0.72733957,0.3257788,0,1,val,50.0,49.0,1.0,0.98,0.02,0.01999998,0.092843324,0.0018568664,0,0,0,0,0
16925,-1,0,-0.8432064,0.30085993,0,1,unassigned,78.0,74.0,4.0,0.94871795,0.051282052,0.05128205,0.14700194,0.007538561,0,0,0,0,0
16926,-1,0,-0.66495544,0.33962736,0,1,unassigned,39.0,39.0,0.0,1.0,0.0,0.0,0.07156673,0.0,0,0,0,0,0
16927,-1,1,0.2647279,0.56579816,1,1,unassigned,7.0,7.0,0.0,1.0,0.0,0.0,0.00967118,0.0,1,0,0,1,0
16928,-1,1,-0.96557665,0.27576306,0,1,unassigned,3.0,3.0,0.0,1.0,0.0,0.0,0.001934236,0.0,1,0,0,0,0
16929,-1,0,-0.91359794,0.28626415,0,1,unassigned,65.0,64.0,1.0,0.9846154,0.015384615,0.0153846145,0.12185687,0.001874721,0,0,0,0,0
16930,-1,0,-0.950754,0.2787332,0,1,unassigned,52.0,52.0,0.0,1.0,0.0,0.0,0.0967118,0.0,0,0,0,0,0
16931,-1,1,1.5916524,0.83084846,1,1,unassigned,2.0,2.0,0.0,1.0,0.0,0.0,0.0,0.0,1,0,0,1,0
16932,-1,0,-0.8044014,0.3090848,0,1,unassigned,24.0,24.0,0.0,1.0,0.0,0.0,0.04255319,0.0,0,0,0,0,0
16933,-1,0,-0.7268355,0.32588953,0,1,unassigned,96.0,96.0,0.0,1.0,0.0,0.0,0.18181819,0.0,0,0,0,0,0
16934,-1,0,-0.8828002,0.29259783,0,1,unassigned,168.0,151.0,17.0,0.89880955,0.10119048,0.10119045,0.32108316,0.03249056,0,0,0,0,0
16935,-1,0,-0.8457755,0.3003198,0,1,unassigned,87.0,85.0,2.0,0.9770115,0.022988506,0.022988498,0.16441005,0.0037795415,0,0,0,0,0
16936,1,0,-0.9440655,0.28007987,0,1,unassigned,7.0,7.0,0.0,1.0,0.0,0.0,0.00967118,0.0,0,0,0,0,0
16937,-1,0,2.1565344,0.8962778,1,1,unassigned,2.0,2.0,0.0,1.0,0.0,0.0,0.0,0.0,0,0,0,1,0
16938,-1,0,6.726458,0.99880266,1,1,unassigned,3.0,3.0,0.0,1.0,0.0,0.0,0.001934236,0.0,0,0,0,1,1
16939,-1,0,5.9348474,0.99736136,1,1,unassigned,9.0,9.0,0.0,1.0,0.0,0.0,0.013539651,0.0,0,0,0,1,1
16940,-1,0,1.1212301,0.75421685,1,1,unassigned,35.0,32.0,3.0,0.9142857,0.08571429,0.08571428,0.06382979,0.005471125,0,0,0,1,0
16941,-1,0,0.4929164,0.6207932,1,1,unassigned,13.0,2.0,11.0,0.15384616,0.84615386,0.84615386,0.021276595,0.018003274,0,0,0,1,0
16942,-1,0,-0.54416794,0.36721852,0,1,unassigned,116.0,116.0,0.0,1.0,0.0,0.0,0.2205029,0.0,0,0,0,0,0
16943,1,0,5.6375976,0.99645126,1,0,val,2.0,2.0,0.0,1.0,0.0,0.0,0.0,0.0,0,0,1,1,1
16944,-1,1,-0.8862919,0.29187563,0,1,unassigned,27.0,24.0,3.0,0.8888889,0.11111111,0.111111104,0.0483559,0.0053728777,1,0,0,0,0
16945,-1,0,4.567665,0.9897245,1,1,unassigned,2.0,2.0,0.0,1.0,0.0,0.0,0.0,0.0,0,0,0,1,1
16946,-1,0,-0.9099228,0.28701565,0,1,unassigned,14.0,14.0,0.0,1.0,0.0,0.0,0.023210831,0.0,0,0,0,0,0
16947,-1,1,-0.8686054,0.2955446,0,1,unassigned,71.0,65.0,6.0,0.91549295,0.08450704,0.08450705,0.13346228,0.011278503,1,0,0,0,0
16948,-1,0,-0.9012501,0.28879365,0,1,unassigned,100.0,94.0,6.0,0.94,0.06,0.060000002,0.18955512,0.011373308,0,0,0,0,0
16949,-1,0,-0.052351594,0.48691508,0,1,unassigned,46.0,46.0,0.0,1.0,0.0,0.0,0.08510638,0.0,0,0,0,0,0
16950,-1,0,-0.9103329,0.2869317,0,1,unassigned,44.0,40.0,4.0,0.90909094,0.09090909,0.090909064,0.08123791,0.007385265,0,0,0,0,0
16951,-1,0,-0.8499976,0.29943338,0,1,unassigned,53.0,51.0,2.0,0.9622642,0.03773585,0.03773582,0.09864604,0.0037224921,0,0,0,0,0
16952,0,0,-0.77577215,0.3152318,0,0,test,51.0,51.0,0.0,1.0,0.0,0.0,0.09477756,0.0,0,0,1,0,0
16953,-1,0,1.8812191,0.8677511,1,1,unassigned,3.0,3.0,0.0,1.0,0.0,0.0,0.001934236,0.0,0,0,0,1,0
16954,-1,0,-0.9176252,0.28544202,0,1,unassigned,43.0,42.0,1.0,0.9767442,0.023255814,0.023255825,0.079303674,0.0018442714,0,0,0,0,0
16955,-1,0,7.996018,0.99966335,1,1,unassigned,2.0,2.0,0.0,1.0,0.0,0.0,0.0,0.0,0,0,0,1,1
16956,1,1,-0.49793118,0.378027,0,1,val,5.0,5.0,0.0,1.0,0.0,0.0,0.0058027077,0.0,1,0,0,0,0
16957,-1,0,3.1258552,0.9579467,1,1,unassigned,3.0,3.0,0.0,1.0,0.0,0.0,0.001934236,0.0,0,0,0,1,1
16958,-1,0,-0.23431724,0.4416873,0,1,unassigned,35.0,35.0,0.0,1.0,0.0,0.0,0.06382979,0.0,0,0,0,0,0
16959,-1,0,9.998175,0.99995446,1,1,unassigned,3.0,2.0,1.0,0.6666667,0.33333334,0.3333333,0.001934236,0.00064474536,0,0,0,1,1
16960,-1,0,-0.59294844,0.35595864,0,1,unassigned,2.0,2.0,0.0,1.0,0.0,0.0,0.0,0.0,0,0,0,0,0
16961,-1,0,3.1109855,0.95734364,1,1,unassigned,31.0,31.0,0.0,1.0,0.0,0.0,0.056092843,0.0,0,0,0,1,1
16962,-1,0,2.1601698,0.89661527,1,1,unassigned,5.0,4.0,1.0,0.8,0.2,0.19999999,0.0058027077,0.0011605415,0,0,0,1,0
16963,-1,1,2.982679,0.9517855,1,1,unassigned,2.0,2.0,0.0,1.0,0.0,0.0,0.0,0.0,1,0,0,1,1
16964,-1,0,-0.35617444,0.41188598,0,1,unassigned,6.0,6.0,0.0,1.0,0.0,0.0,0.007736944,0.0,0,0,0,0,0
16965,-1,0,7.8345475,0.9996044,1,1,unassigned,2.0,2.0,0.0,1.0,0.0,0.0,0.0,0.0,0,0,0,1,1
16966,-1,0,1.8729374,0.8667978,1,1,unassigned,7.0,7.0,0.0,1.0,0.0,0.0,0.00967118,0.0,0,0,0,1,0
16967,-1,0,7.200374,0.9992543,1,1,unassigned,2.0,2.0,0.0,1.0,0.0,0.0,0.0,0.0,0,0,0,1,1
16968,1,0,1.2670815,0.78024274,1,0,test,3.0,3.0,0.0,1.0,0.0,0.0,0.001934236,0.0,0,0,1,1,0
16969,-1,1,2.9042714,0.9480572,1,1,unassigned,13.0,10.0,3.0,0.7692308,0.23076923,0.23076922,0.021276595,0.0049099834,1,0,0,1,1
16970,-1,0,-0.7547351,0.31979042,0,1,unassigned,7.0,7.0,0.0,1.0,0.0,0.0,0.00967118,0.0,0,0,0,0,0
16971,-1,0,1.2670815,0.78024274,1,1,unassigned,3.0,3.0,0.0,1.0,0.0,0.0,0.001934236,0.0,0,0,0,1,0
16972,-1,0,-0.7818281,0.313926,0,1,unassigned,104.0,102.0,2.0,0.9807692,0.01923077,0.019230783,0.19729207,0.0037940785,0,0,0,0,0
16973,-1,0,-1.210636,0.22958852,0,1,unassigned,3.0,3.0,0.0,1.0,0.0,0.0,0.001934236,0.0,0,0,0,0,0
16974,-1,0,6.333099,0.9982266,1,1,unassigned,3.0,2.0,1.0,0.6666667,0.33333334,0.3333333,0.001934236,0.00064474536,0,0,0,1,1
16975,-1,1,0.53332263,0.6302577,1,1,unassigned,6.0,5.0,1.0,0.8333333,0.16666667,0.16666669,0.007736944,0.0012894907,1,0,0,1,0
16976,-1,0,-0.48246518,0.38167018,0,1,unassigned,39.0,39.0,0.0,1.0,0.0,0.0,0.07156673,0.0,0,0,0,0,0
16977,-1,0,-0.26888257,0.43318143,0,1,unassigned,33.0,33.0,0.0,1.0,0.0,0.0,0.059961315,0.0,0,0,0,0,0
16978,-1,0,-0.031373203,0.49215737,0,1,unassigned,18.0,18.0,0.0,1.0,0.0,0.0,0.030947777,0.0,0,0,0,0,0
16979,-1,0,-0.3878346,0.40423867,0,1,unassigned,4.0,4.0,0.0,1.0,0.0,0.0,0.003868472,0.0,0,0,0,0,0
16980,-1,0,0.00056248903,0.50014067,1,1,unassigned,6.0,5.0,1.0,0.8333333,0.16666667,0.16666669,0.007736944,0.0012894907,0,0,0,1,0
16981,-1,0,-0.068133295,0.48297325,0,1,unassigned,55.0,53.0,2.0,0.96363634,0.036363635,0.03636366,0.102514505,0.0037278,0,0,0,0,0
16982,-1,0,8.934401,0.9998683,1,1,unassigned,2.0,2.0,0.0,1.0,0.0,0.0,0.0,0.0,0,0,0,1,1
16983,1,0,-0.14555544,0.46367523,0,1,val,41.0,39.0,2.0,0.9512195,0.048780486,0.0487805,0.07543521,0.003679766,0,0,0,0,0
16984,-1,0,-0.52697337,0.37122306,0,1,unassigned,3.0,3.0,0.0,1.0,0.0,0.0,0.001934236,0.0,0,0,0,0,0
16985,-1,0,-0.79849863,0.31034678,0,1,unassigned,91.0,91.0,0.0,1.0,0.0,0.0,0.172147,0.0,0,0,0,0,0
16986,-1,0,-0.93100524,0.2827208,0,1,unassigned,47.0,46.0,1.0,0.9787234,0.021276595,0.021276593,0.08704062,0.001851928,0,0,0,0,0
16987,-1,0,-0.90777326,0.2874557,0,1,unassigned,111.0,110.0,1.0,0.990991,0.009009009,0.009009004,0.21083172,0.0018993849,0,0,0,0,0
16988,-1,0,-0.75220406,0.32034123,0,1,unassigned,35.0,35.0,0.0,1.0,0.0,0.0,0.06382979,0.0,0,0,0,0,0
16989,-1,1,8.776371,0.9998456,1,1,unassigned,5.0,5.0,0.0,1.0,0.0,0.0,0.0058027077,0.0,1,0,0,1,1
16990,-1,1,0.6041859,0.6466134,1,1,unassigned,2.0,1.0,1.0,0.5,0.5,0.5,0.0,0.0,1,0,0,1,0
16991,-1,0,0.4599492,0.6130021,1,1,unassigned,22.0,21.0,1.0,0.95454544,0.045454547,0.04545456,0.03868472,0.0017583964,0,0,0,1,0
16992,-1,0,-0.8587116,0.2976086,0,1,unassigned,130.0,123.0,7.0,0.9461538,0.053846154,0.05384618,0.24758221,0.01333135,0,0,0,0,0
16993,0,0,-0.8288499,0.3038883,0,0,test,6.0,6.0,0.0,1.0,0.0,0.0,0.007736944,0.0,0,0,1,0,0
16994,-1,0,3.538257,0.97175694,1,1,unassigned,6.0,6.0,0.0,1.0,0.0,0.0,0.007736944,0.0,0,0,0,1,1
16995,1,0,-0.77532136,0.3153291,0,1,unassigned,11.0,11.0,0.0,1.0,0.0,0.0,0.017408123,0.0,0,0,0,0,0
16996,-1,1,-0.63963246,0.34532964,0,1,unassigned,2.0,2.0,0.0,1.0,0.0,0.0,0.0,0.0,1,0,0,0,0
16997,-1,0,1.0838947,0.74723035,1,1,unassigned,8.0,8.0,0.0,1.0,0.0,0.0,0.0116054155,0.0,0,0,0,1,0
16998,-1,1,3.2662783,0.9632536,1,1,unassigned,4.0,4.0,0.0,1.0,0.0,0.0,0.003868472,0.0,1,0,0,1,1
16999,-1,1,6.658031,0.998718,1,1,unassigned,2.0,2.0,0.0,1.0,0.0,0.0,0.0,0.0,1,0,0,1,1
17000,-1,0,1.8023973,0.85844046,1,1,unassigned,45.0,44.0,1.0,0.9777778,0.022222223,0.02222222,0.08317215,0.0018482701,0,0,0,1,0
17001,-1,0,2.3299406,0.9113266,1,1,unassigned,7.0,5.0,2.0,0.71428573,0.2857143,0.28571427,0.00967118,0.0027631943,0,0,0,1,1
17002,-1,0,-0.4881838,0.38032153,0,1,unassigned,10.0,8.0,2.0,0.8,0.2,0.19999999,0.015473888,0.0030947777,0,0,0,0,0
17003,-1,1,2.3537033,0.91322815,1,1,unassigned,11.0,9.0,2.0,0.8181818,0.18181819,0.18181819,0.017408123,0.0031651135,1,0,0,1,1
17004,-1,0,2.8489373,0.94526374,1,1,unassigned,3.0,3.0,0.0,1.0,0.0,0.0,0.001934236,0.0,0,0,0,1,1
17005,-1,0,-0.18526348,0.45381615,0,1,unassigned,8.0,8.0,0.0,1.0,0.0,0.0,0.0116054155,0.0,0,0,0,0,0
17006,-1,1,3.4481165,0.9691749,1,1,unassigned,2.0,2.0,0.0,1.0,0.0,0.0,0.0,0.0,1,0,0,1,1
17007,0,1,0.04539758,0.5113475,1,1,test,31.0,28.0,3.0,0.9032258,0.09677419,0.09677422,0.056092843,0.0054283394,1,0,0,1,0
17008,-1,0,-0.36147112,0.4106035,0,1,unassigned,2.0,2.0,0.0,1.0,0.0,0.0,0.0,0.0,0,0,0,0,0
17009,-1,0,-0.15208188,0.46205264,0,1,unassigned,10.0,10.0,0.0,1.0,0.0,0.0,0.015473888,0.0,0,0,0,0,0
17010,-1,0,1.6009171,0.8321465,1,1,unassigned,121.0,118.0,3.0,0.9752066,0.024793388,0.024793386,0.23017408,0.0057067955,0,0,0,1,0
17011,-1,0,1.6417978,0.8377794,1,1,unassigned,20.0,19.0,1.0,0.95,0.05,0.050000012,0.034816246,0.0017408123,0,0,0,1,0
17012,-1,0,-0.3799492,0.40613917,0,1,unassigned,55.0,54.0,1.0,0.9818182,0.018181818,0.0181818,0.102514505,0.0018639,0,0,0,0,0
17013,-1,0,0.6500551,0.6570229,1,1,unassigned,54.0,53.0,1.0,0.9814815,0.018518519,0.018518507,0.10058027,0.0018625975,0,0,0,1,0
17014,-1,0,0.80179006,0.6903572,1,1,unassigned,18.0,18.0,0.0,1.0,0.0,0.0,0.030947777,0.0,0,0,0,1,0
17015,-1,0,-0.32886535,0.41851673,0,1,unassigned,10.0,10.0,0.0,1.0,0.0,0.0,0.015473888,0.0,0,0,0,0,0
17016,-1,0,5.2968082,0.99501747,1,1,unassigned,11.0,10.0,1.0,0.90909094,0.09090909,0.090909064,0.017408123,0.0015825568,0,0,0,1,1
17017,-1,0,5.696273,0.9966528,1,1,unassigned,9.0,7.0,2.0,0.7777778,0.22222222,0.22222221,0.013539651,0.0030088115,0,0,0,1,1
17018,1,0,2.4496849,0.9205384,1,0,unassigned,11.0,11.0,0.0,1.0,0.0,0.0,0.017408123,0.0,0,0,1,1,1
17019,0,0,-0.519479,0.3729741,0,0,val,11.0,11.0,0.0,1.0,0.0,0.0,0.017408123,0.0,0,0,1,0,0
17020,-1,0,-0.7042818,0.33086357,0,1,unassigned,15.0,14.0,1.0,0.93333334,0.06666667,0.06666666,0.025145067,0.0016763379,0,0,0,0,0
17021,-1,0,-0.19650745,0.45103058,0,1,unassigned,62.0,62.0,0.0,1.0,0.0,0.0,0.116054155,0.0,0,0,0,0,0
17022,-1,0,6.609573,0.99865437,1,1,unassigned,2.0,2.0,0.0,1.0,0.0,0.0,0.0,0.0,0,0,0,1,1
17023,-1,0,3.4204776,0.9683384,1,1,unassigned,29.0,29.0,0.0,1.0,0.0,0.0,0.05222437,0.0,0,0,0,1,1
17024,-1,1,2.0040228,0.8812188,1,1,unassigned,31.0,28.0,3.0,0.9032258,0.09677419,0.09677422,0.056092843,0.0054283394,1,0,0,1,0
17025,-1,0,-0.19777691,0.45071635,0,1,unassigned,25.0,25.0,0.0,1.0,0.0,0.0,0.044487428,0.0,0,0,0,0,0
17026,-1,0,-0.71891874,0.32763115,0,1,unassigned,15.0,15.0,0.0,1.0,0.0,0.0,0.025145067,0.0,0,0,0,0,0
17027,-1,0,-0.90477306,0.28807062,0,1,unassigned,52.0,52.0,0.0,1.0,0.0,0.0,0.0967118,0.0,0,0,0,0,0
17028,-1,0,-0.40000415,0.40131137,0,1,unassigned,5.0,5.0,0.0,1.0,0.0,0.0,0.0058027077,0.0,0,0,0,0,0
17029,-1,0,-0.39224508,0.40317696,0,1,unassigned,61.0,61.0,0.0,1.0,0.0,0.0,0.114119925,0.0,0,0,0,0,0
17030,-1,1,-0.51783955,0.37335756,0,1,unassigned,93.0,91.0,2.0,0.97849464,0.021505376,0.021505356,0.17601547,0.0037852789,1,0,0,0,0
17031,-1,0,3.733987,0.9766604,1,1,unassigned,6.0,6.0,0.0,1.0,0.0,0.0,0.007736944,0.0,0,0,0,1,1
17032,-1,0,-0.8778732,0.2936187,0,1,unassigned,124.0,123.0,1.0,0.9919355,0.008064516,0.008064508,0.23597679,0.0019030386,0,0,0,0,0
17033,1,0,-0.86021394,0.29729465,0,1,unassigned,38.0,37.0,1.0,0.9736842,0.02631579,0.026315808,0.06963249,0.0018324341,0,0,0,0,0
17034,0,0,-0.03990102,0.49002606,0,0,unassigned,12.0,12.0,0.0,1.0,0.0,0.0,0.01934236,0.0,0,0,1,0,0
17035,0,0,-0.12230313,0.4694623,0,0,unassigned,32.0,32.0,0.0,1.0,0.0,0.0,0.058027077,0.0,0,0,1,0,0
17036,-1,0,3.386122,0.96726793,1,1,unassigned,4.0,2.0,2.0,0.5,0.5,0.5,0.003868472,0.001934236,0,0,0,1,1
17037,-1,0,-0.5446056,0.36711684,0,1,unassigned,34.0,34.0,0.0,1.0,0.0,0.0,0.061895553,0.0,0,0,0,0,0
17038,-1,0,-0.1162571,0.47096837,0,1,unassigned,5.0,5.0,0.0,1.0,0.0,0.0,0.0058027077,0.0,0,0,0,0,0
17039,-1,0,1.9159863,0.8716902,1,1,unassigned,9.0,9.0,0.0,1.0,0.0,0.0,0.013539651,0.0,0,0,0,1,0
17040,-1,0,2.1414237,0.8948647,1,1,unassigned,13.0,11.0,2.0,0.84615386,0.15384616,0.15384614,0.021276595,0.0032733225,0,0,0,1,0
17041,-1,0,2.15309,0.8959572,1,1,unassigned,4.0,4.0,0.0,1.0,0.0,0.0,0.003868472,0.0,0,0,0,1,0
17042,-1,0,-0.8310698,0.3034189,0,1,unassigned,84.0,84.0,0.0,1.0,0.0,0.0,0.15860735,0.0,0,0,0,0,0
17043,-1,1,6.734512,0.9988123,1,1,unassigned,10.0,7.0,3.0,0.7,0.3,0.3,0.015473888,0.0046421667,1,0,0,1,1
17044,-1,0,5.306306,0.9950643,1,1,unassigned,16.0,14.0,2.0,0.875,0.125,0.125,0.027079303,0.0033849129,0,0,0,1,1
17045,-1,0,-0.50379574,0.37664908,0,1,unassigned,48.0,48.0,0.0,1.0,0.0,0.0,0.088974856,0.0,0,0,0,0,0
17046,-1,0,2.5748684,0.9292265,1,1,unassigned,8.0,8.0,0.0,1.0,0.0,0.0,0.0116054155,0.0,0,0,0,1,1
17047,-1,1,-0.44295168,0.39103785,0,1,unassigned,15.0,14.0,1.0,0.93333334,0.06666667,0.06666666,0.025145067,0.0016763379,1,0,0,0,0
17048,-1,1,2.4873993,0.9232538,1,1,unassigned,25.0,24.0,1.0,0.96,0.04,0.04000002,0.044487428,0.001779497,1,0,0,1,1
17049,-1,1,0.10767144,0.5268919,1,1,unassigned,30.0,30.0,0.0,1.0,0.0,0.0,0.054158606,0.0,1,0,0,1,0
17050,-1,1,2.848469,0.9452395,1,1,unassigned,20.0,17.0,3.0,0.85,0.15,0.14999998,0.034816246,0.005222437,1,0,0,1,1
17051,-1,0,10.158579,0.99996126,1,1,unassigned,4.0,4.0,0.0,1.0,0.0,0.0,0.003868472,0.0,0,0,0,1,1
17052,-1,0,-0.57559377,0.35994712,0,1,unassigned,10.0,10.0,0.0,1.0,0.0,0.0,0.015473888,0.0,0,0,0,0,0
17053,-1,1,0.33562022,0.58312625,1,1,unassigned,10.0,5.0,5.0,0.5,0.5,0.5,0.015473888,0.007736944,1,0,0,1,0
17054,-1,0,4.2903934,0.9864856,1,1,unassigned,3.0,3.0,0.0,1.0,0.0,0.0,0.001934236,0.0,0,0,0,1,1
17055,-1,1,0.6725114,0.66206527,1,1,unassigned,4.0,4.0,0.0,1.0,0.0,0.0,0.003868472,0.0,1,0,0,1,0
17056,-1,0,0.71875054,0.6723318,1,1,unassigned,13.0,13.0,0.0,1.0,0.0,0.0,0.021276595,0.0,0,0,0,1,0
17057,-1,0,0.27220082,0.5676331,1,1,unassigned,18.0,16.0,2.0,0.8888889,0.11111111,0.111111104,0.030947777,0.0034386418,0,0,0,1,0
17058,1,0,-0.93128103,0.2826649,0,1,test,14.0,12.0,2.0,0.85714287,0.14285715,0.14285713,0.023210831,0.0033158332,0,0,0,0,0
17059,-1,0,0.53395325,0.63040465,1,1,unassigned,18.0,18.0,0.0,1.0,0.0,0.0,0.030947777,0.0,0,0,0,1,0
17060,1,1,1.4107625,0.8038862,1,0,unassigned,2.0,2.0,0.0,1.0,0.0,0.0,0.0,0.0,1,0,1,1,0
17061,-1,0,-0.65343964,0.34221482,0,1,unassigned,9.0,8.0,1.0,0.8888889,0.11111111,0.111111104,0.013539651,0.0015044058,0,0,0,0,0
17062,-1,1,-0.44683614,0.3901133,0,1,unassigned,57.0,53.0,4.0,0.9298246,0.07017544,0.07017541,0.10638298,0.0074654724,1,0,0,0,0
17063,-1,0,-0.8168806,0.30642623,0,1,unassigned,12.0,11.0,1.0,0.9166667,0.083333336,0.08333331,0.01934236,0.0016118633,0,0,0,0,0
17064,0,0,-0.4807517,0.38207465,0,0,train,37.0,37.0,0.0,1.0,0.0,0.0,0.06769826,0.0,0,0,1,0,0
17065,-1,0,-0.85650194,0.2980707,0,1,unassigned,89.0,89.0,0.0,1.0,0.0,0.0,0.16827853,0.0,0,0,0,0,0
17066,-1,0,1.4656737,0.8123989,1,1,unassigned,2.0,2.0,0.0,1.0,0.0,0.0,0.0,0.0,0,0,0,1,0
17067,-1,0,-0.6087201,0.35235122,0,1,unassigned,21.0,20.0,1.0,0.95238096,0.04761905,0.047619045,0.036750484,0.0017500231,0,0,0,0,0
17068,-1,0,0.8065863,0.6913816,1,1,unassigned,11.0,11.0,0.0,1.0,0.0,0.0,0.017408123,0.0,0,0,0,1,0
17069,-1,0,-0.5565659,0.36434242,0,1,unassigned,49.0,48.0,1.0,0.97959185,0.020408163,0.020408154,0.09090909,0.0018552876,0,0,0,0,0
17070,-1,0,-0.05854577,0.4853677,0,1,unassigned,5.0,5.0,0.0,1.0,0.0,0.0,0.0058027077,0.0,0,0,0,0,0
17071,-1,0,-0.63347673,0.3467226,0,1,unassigned,38.0,38.0,0.0,1.0,0.0,0.0,0.06963249,0.0,0,0,0,0,0
17072,-1,0,-0.66106206,0.3405011,0,1,unassigned,38.0,38.0,0.0,1.0,0.0,0.0,0.06963249,0.0,0,0,0,0,0
17073,-1,0,2.8275154,0.9441447,1,1,unassigned,6.0,6.0,0.0,1.0,0.0,0.0,0.007736944,0.0,0,0,0,1,1
17074,-1,0,1.6213295,0.8349784,1,1,unassigned,15.0,13.0,2.0,0.8666667,0.13333334,0.13333333,0.025145067,0.0033526758,0,0,0,1,0
17075,-1,0,-0.051852882,0.4870397,0,1,unassigned,49.0,48.0,1.0,0.97959185,0.020408163,0.020408154,0.09090909,0.0018552876,0,0,0,0,0
17076,-1,0,-0.8213222,0.30548304,0,1,unassigned,70.0,68.0,2.0,0.9714286,0.028571429,0.028571427,0.13152805,0.0037579443,0,0,0,0,0
17077,-1,0,-1.1913761,0.2330129,0,1,unassigned,40.0,39.0,1.0,0.975,0.025,0.024999976,0.07350097,0.0018375242,0,0,0,0,0
17078,-1,1,-0.0018587708,0.4995353,0,1,unassigned,56.0,56.0,0.0,1.0,0.0,0.0,0.10444874,0.0,1,0,0,0,0
17079,1,0,-0.50415313,0.37656516,0,1,val,33.0,33.0,0.0,1.0,0.0,0.0,0.059961315,0.0,0,0,0,0,0
17080,-1,0,2.5797842,0.9295491,1,1,unassigned,6.0,6.0,0.0,1.0,0.0,0.0,0.007736944,0.0,0,0,0,1,1
17081,-1,0,0.9553824,0.72219634,1,1,unassigned,5.0,4.0,1.0,0.8,0.2,0.19999999,0.0058027077,0.0011605415,0,0,0,1,0
17082,-1,0,7.2421403,0.9992848,1,1,unassigned,2.0,2.0,0.0,1.0,0.0,0.0,0.0,0.0,0,0,0,1,1
17083,-1,1,4.2615886,0.9860962,1,1,unassigned,2.0,2.0,0.0,1.0,0.0,0.0,0.0,0.0,1,0,0,1,1
17084,-1,0,-0.92639625,0.28365642,0,1,unassigned,61.0,60.0,1.0,0.9836066,0.016393442,0.016393423,0.114119925,0.0018708183,0,0,0,0,0
17085,-1,0,-0.9124521,0.28649834,0,1,unassigned,6.0,6.0,0.0,1.0,0.0,0.0,0.007736944,0.0,0,0,0,0,0
17086,-1,0,-0.65577304,0.34168977,0,1,unassigned,55.0,54.0,1.0,0.9818182,0.018181818,0.0181818,0.102514505,0.0018639,0,0,0,0,0
17087,-1,0,-0.88775665,0.291573,0,1,unassigned,24.0,23.0,1.0,0.9583333,0.041666668,0.041666687,0.04255319,0.0017730496,0,0,0,0,0
17088,-1,0,-0.5774187,0.35952678,0,1,unassigned,22.0,22.0,0.0,1.0,0.0,0.0,0.03868472,0.0,0,0,0,0,0
17089,0,0,-0.42106605,0.3962617,0,0,val,3.0,3.0,0.0,1.0,0.0,0.0,0.001934236,0.0,0,0,1,0,0
17090,-1,0,-0.4732319,0.3838516,0,1,unassigned,54.0,54.0,0.0,1.0,0.0,0.0,0.10058027,0.0,0,0,0,0,0
17091,-1,0,2.3047903,0.90927297,1,1,unassigned,4.0,4.0,0.0,1.0,0.0,0.0,0.003868472,0.0,0,0,0,1,1
17092,-1,0,-0.8601525,0.2973075,0,1,unassigned,58.0,55.0,3.0,0.94827586,0.05172414,0.051724136,0.10831721,0.0056026145,0,0,0,0,0
17093,0,0,-0.79111177,0.31193,0,0,unassigned,90.0,90.0,0.0,1.0,0.0,0.0,0.17021276,0.0,0,0,1,0,0
17094,-1,0,-0.8637192,0.29656288,0,1,unassigned,50.0,50.0,0.0,1.0,0.0,0.0,0.092843324,0.0,0,0,0,0,0
17095,-1,0,-0.15448654,0.46145502,0,1,unassigned,10.0,10.0,0.0,1.0,0.0,0.0,0.015473888,0.0,0,0,0,0,0
17096,-1,0,0.5301619,0.6295209,1,1,unassigned,33.0,32.0,1.0,0.969697,0.030303031,0.030303001,0.059961315,0.0018170096,0,0,0,1,0
17097,-1,0,-0.46676,0.3853834,0,1,unassigned,23.0,23.0,0.0,1.0,0.0,0.0,0.040618956,0.0,0,0,0,0,0
17098,-1,0,-0.14624989,0.46350253,0,1,unassigned,23.0,22.0,1.0,0.95652175,0.04347826,0.04347825,0.040618956,0.0017660416,0,0,0,0,0
17099,-1,0,1.2608929,0.77917975,1,1,unassigned,5.0,5.0,0.0,1.0,0.0,0.0,0.0058027077,0.0,0,0,0,1,0
17100,-1,0,-0.091249585,0.4772034,0,1,unassigned,13.0,13.0,0.0,1.0,0.0,0.0,0.021276595,0.0,0,0,0,0,0
17101,0,0,-0.5563042,0.36440304,0,0,test,13.0,11.0,2.0,0.84615386,0.15384616,0.15384614,0.021276595,0.0032733225,0,0,1,0,0
17102,-1,0,-0.6332215,0.34678042,0,1,unassigned,133.0,132.0,1.0,0.99248123,0.007518797,0.0075187683,0.25338492,0.0019051498,0,0,0,0,0
17103,-1,0,-0.7634921,0.3178886,0,1,unassigned,29.0,28.0,1.0,0.9655172,0.03448276,0.034482777,0.05222437,0.0018008404,0,0,0,0,0
17104,-1,0,-0.66889524,0.33874425,0,1,unassigned,35.0,35.0,0.0,1.0,0.0,0.0,0.06382979,0.0,0,0,0,0,0
17105,-1,1,8.21536,0.9997296,1,1,unassigned,20.0,18.0,2.0,0.9,0.1,0.100000024,0.034816246,0.0034816246,1,0,0,1,1
17106,-1,1,6.359187,0.9982722,1,1,unassigned,2.0,2.0,0.0,1.0,0.0,0.0,0.0,0.0,1,0,0,1,1
17107,-1,0,-0.9112798,0.286738,0,1,unassigned,36.0,35.0,1.0,0.9722222,0.027777778,0.027777791,0.065764025,0.0018267785,0,0,0,0,0
17108,-1,0,-0.6105699,0.3519292,0,1,unassigned,47.0,47.0,0.0,1.0,0.0,0.0,0.08704062,0.0,0,0,0,0,0
17109,-1,0,-0.5329042,0.36983976,0,1,unassigned,24.0,24.0,0.0,1.0,0.0,0.0,0.04255319,0.0,0,0,0,0,0
17110,-1,0,1.0727973,0.7451286,1,1,unassigned,6.0,6.0,0.0,1.0,0.0,0.0,0.007736944,0.0,0,0,0,1,0
17111,-1,0,-0.85416615,0.29855964,0,1,unassigned,37.0,37.0,0.0,1.0,0.0,0.0,0.06769826,0.0,0,0,0,0,0
17112,-1,1,1.5153363,0.8198507,1,1,unassigned,4.0,4.0,0.0,1.0,0.0,0.0,0.003868472,0.0,1,0,0,1,0
17113,-1,0,5.2031894,0.9945311,1,1,unassigned,6.0,6.0,0.0,1.0,0.0,0.0,0.007736944,0.0,0,0,0,1,1
17114,-1,0,0.41838038,0.60309565,1,1,unassigned,4.0,4.0,0.0,1.0,0.0,0.0,0.003868472,0.0,0,0,0,1,0
17115,-1,1,6.4508557,0.99842334,1,1,unassigned,5.0,5.0,0.0,1.0,0.0,0.0,0.0058027077,0.0,1,0,0,1,1
17116,-1,0,-0.7469852,0.32147855,0,1,unassigned,3.0,3.0,0.0,1.0,0.0,0.0,0.001934236,0.0,0,0,0,0,0
17117,-1,0,-0.8088447,0.30813673,0,1,unassigned,4.0,4.0,0.0,1.0,0.0,0.0,0.003868472,0.0,0,0,0,0,0
17118,-1,0,-0.55812013,0.36398253,0,1,unassigned,3.0,3.0,0.0,1.0,0.0,0.0,0.001934236,0.0,0,0,0,0,0
17119,-1,0,-0.5536569,0.36501637,0,1,unassigned,2.0,2.0,0.0,1.0,0.0,0.0,0.0,0.0,0,0,0,0,0
17120,-1,1,-0.3736129,0.40766832,0,1,unassigned,36.0,28.0,8.0,0.7777778,0.22222222,0.22222221,0.065764025,0.014614228,1,0,0,0,0
17121,1,0,7.8814225,0.99962246,1,0,test,9.0,9.0,0.0,1.0,0.0,0.0,0.013539651,0.0,0,0,1,1,1
17122,-1,1,-0.18132305,0.454793,0,1,unassigned,4.0,4.0,0.0,1.0,0.0,0.0,0.003868472,0.0,1,0,0,0,0
17123,-1,0,-0.8037845,0.30921656,0,1,unassigned,66.0,63.0,3.0,0.95454544,0.045454547,0.04545456,0.123791106,0.0056268685,0,0,0,0,0
17124,1,0,0.5861321,0.64247715,1,0,unassigned,13.0,12.0,1.0,0.9230769,0.07692308,0.07692307,0.021276595,0.0016366612,0,0,1,1,0
17125,-1,1,-0.1998815,0.4501953,0,1,unassigned,2.0,2.0,0.0,1.0,0.0,0.0,0.0,0.0,1,0,0,0,0
17126,-1,0,1.37549,0.79826564,1,1,unassigned,30.0,29.0,1.0,0.96666664,0.033333335,0.03333336,0.054158606,0.001805287,0,0,0,1,0
17127,-1,1,2.3530152,0.9131736,1,1,unassigned,2.0,2.0,0.0,1.0,0.0,0.0,0.0,0.0,1,0,0,1,1
17128,-1,0,3.0556214,0.95502466,1,1,unassigned,27.0,27.0,0.0,1.0,0.0,0.0,0.0483559,0.0,0,0,0,1,1
17129,-1,0,3.5363748,0.97170526,1,1,unassigned,18.0,18.0,0.0,1.0,0.0,0.0,0.030947777,0.0,0,0,0,1,1
17130,-1,0,-0.4773606,0.3828756,0,1,unassigned,29.0,29.0,0.0,1.0,0.0,0.0,0.05222437,0.0,0,0,0,0,0
17131,-1,0,-0.19663382,0.45099935,0,1,unassigned,14.0,14.0,0.0,1.0,0.0,0.0,0.023210831,0.0,0,0,0,0,0
17132,-1,0,-0.7475212,0.32136166,0,1,unassigned,12.0,12.0,0.0,1.0,0.0,0.0,0.01934236,0.0,0,0,0,0,0
17133,-1,1,2.0344956,0.88437164,1,1,unassigned,8.0,7.0,1.0,0.875,0.125,0.125,0.0116054155,0.0014506769,1,0,0,1,0
17134,0,0,1.0856733,0.7475661,1,1,unassigned,9.0,8.0,1.0,0.8888889,0.11111111,0.111111104,0.013539651,0.0015044058,0,0,0,1,0
17135,1,0,1.2332423,0.7743855,1,0,test,57.0,55.0,2.0,0.9649123,0.03508772,0.035087705,0.10638298,0.0037327362,0,0,1,1,0
17136,-1,1,0.06795031,0.51698107,1,1,unassigned,2.0,2.0,0.0,1.0,0.0,0.0,0.0,0.0,1,0,0,1,0
17137,-1,1,0.3820402,0.59436506,1,1,unassigned,7.0,7.0,0.0,1.0,0.0,0.0,0.00967118,0.0,1,0,0,1,0
17138,-1,0,4.946938,0.992945,1,1,unassigned,3.0,3.0,0.0,1.0,0.0,0.0,0.001934236,0.0,0,0,0,1,1
17139,-1,1,0.3702249,0.5915133,1,1,unassigned,12.0,12.0,0.0,1.0,0.0,0.0,0.01934236,0.0,1,0,0,1,0
17140,-1,0,0.02853483,0.50713325,1,1,unassigned,56.0,56.0,0.0,1.0,0.0,0.0,0.10444874,0.0,0,0,0,1,0
17141,0,0,-0.82023954,0.30571282,0,0,unassigned,42.0,42.0,0.0,1.0,0.0,0.0,0.07736944,0.0,0,0,1,0,0
17142,0,0,0.20834023,0.55189747,1,1,val,37.0,37.0,0.0,1.0,0.0,0.0,0.06769826,0.0,0,0,0,1,0
17143,1,0,3.1557677,0.9591354,1,0,val,7.0,7.0,0.0,1.0,0.0,0.0,0.00967118,0.0,0,0,1,1,1
17144,0,0,-0.46750298,0.3852074,0,0,unassigned,102.0,102.0,0.0,1.0,0.0,0.0,0.1934236,0.0,0,0,1,0,0
17145,-1,0,-0.68445,0.33526886,0,1,unassigned,56.0,56.0,0.0,1.0,0.0,0.0,0.10444874,0.0,0,0,0,0,0
17146,-1,0,-0.7501181,0.32079557,0,1,unassigned,90.0,90.0,0.0,1.0,0.0,0.0,0.17021276,0.0,0,0,0,0,0
17147,-1,0,-0.40923464,0.39909568,0,1,unassigned,24.0,24.0,0.0,1.0,0.0,0.0,0.04255319,0.0,0,0,0,0,0
17148,-1,0,-0.554116,0.36491,0,1,unassigned,41.0,41.0,0.0,1.0,0.0,0.0,0.07543521,0.0,0,0,0,0,0
17149,-1,0,-0.86181647,0.29695997,0,1,unassigned,79.0,79.0,0.0,1.0,0.0,0.0,0.14893617,0.0,0,0,0,0,0
17150,0,0,-0.40589434,0.39989698,0,0,test,54.0,53.0,1.0,0.9814815,0.018518519,0.018518507,0.10058027,0.0018625975,0,0,1,0,0
17151,-1,0,3.8754036,0.97967565,1,1,unassigned,8.0,7.0,1.0,0.875,0.125,0.125,0.0116054155,0.0014506769,0,0,0,1,1
17152,0,0,-0.9323506,0.28244808,0,0,val,98.0,98.0,0.0,1.0,0.0,0.0,0.18568665,0.0,0,0,1,0,0
17153,-1,1,-0.78829634,0.3125346,0,1,unassigned,74.0,69.0,5.0,0.9324324,0.067567565,0.06756759,0.13926499,0.0094097955,1,0,0,0,0
17154,-1,0,0.16262501,0.5405669,1,1,unassigned,2.0,2.0,0.0,1.0,0.0,0.0,0.0,0.0,0,0,0,1,0
17155,0,0,-0.5263691,0.37136415,0,0,train,20.0,20.0,0.0,1.0,0.0,0.0,0.034816246,0.0,0,0,1,0,0
17156,-1,0,3.4362843,0.9688195,1,1,unassigned,4.0,4.0,0.0,1.0,0.0,0.0,0.003868472,0.0,0,0,0,1,1
17157,-1,0,6.4940877,0.99848986,1,1,unassigned,5.0,5.0,0.0,1.0,0.0,0.0,0.0058027077,0.0,0,0,0,1,1
17158,1,0,0.8130134,0.6927512,1,0,unassigned,8.0,8.0,0.0,1.0,0.0,0.0,0.0116054155,0.0,0,0,1,1,0
17159,0,1,-0.7201569,0.32735842,0,0,unassigned,2.0,2.0,0.0,1.0,0.0,0.0,0.0,0.0,1,0,1,0,0
17160,1,0,0.96722084,0.7245652,1,0,unassigned,8.0,8.0,0.0,1.0,0.0,0.0,0.0116054155,0.0,0,0,1,1,0
17161,-1,0,-0.44217947,0.39122176,0,1,unassigned,7.0,6.0,1.0,0.85714287,0.14285715,0.14285713,0.00967118,0.0013815971,0,0,0,0,0
17162,-1,1,0.55132157,0.63444215,1,1,unassigned,2.0,2.0,0.0,1.0,0.0,0.0,0.0,0.0,1,0,0,1,0
17163,-1,1,0.13286394,0.53316724,1,1,unassigned,18.0,18.0,0.0,1.0,0.0,0.0,0.030947777,0.0,1,0,0,1,0
17164,1,0,4.8613696,0.9923195,1,0,unassigned,6.0,4.0,2.0,0.6666667,0.33333334,0.3333333,0.007736944,0.0025789815,0,0,1,1,1
17165,0,0,-0.84593457,0.30028635,0,0,unassigned,8.0,8.0,0.0,1.0,0.0,0.0,0.0116054155,0.0,0,0,1,0,0
17166,-1,0,2.7112381,0.9376865,1,1,unassigned,8.0,8.0,0.0,1.0,0.0,0.0,0.0116054155,0.0,0,0,0,1,1
17167,-1,0,2.354884,0.9133216,1,1,unassigned,2.0,2.0,0.0,1.0,0.0,0.0,0.0,0.0,0,0,0,1,1
17168,-1,0,2.816933,0.943584,1,1,unassigned,3.0,3.0,0.0,1.0,0.0,0.0,0.001934236,0.0,0,0,0,1,1
17169,-1,1,1.7134812,0.84728724,1,1,unassigned,9.0,9.0,0.0,1.0,0.0,0.0,0.013539651,0.0,1,0,0,1,0
17170,-1,0,-0.42113256,0.39624575,0,1,unassigned,16.0,16.0,0.0,1.0,0.0,0.0,0.027079303,0.0,0,0,0,0,0
17171,-1,0,4.7789836,0.99166554,1,1,unassigned,3.0,3.0,0.0,1.0,0.0,0.0,0.001934236,0.0,0,0,0,1,1
17172,-1,0,-0.6024896,0.35377434,0,1,unassigned,14.0,14.0,0.0,1.0,0.0,0.0,0.023210831,0.0,0,0,0,0,0
17173,-1,0,-0.27732798,0.43110898,0,1,unassigned,34.0,34.0,0.0,1.0,0.0,0.0,0.061895553,0.0,0,0,0,0,0
17174,-1,0,-0.060780585,0.4848095,0,1,unassigned,12.0,12.0,0.0,1.0,0.0,0.0,0.01934236,0.0,0,0,0,0,0
17175,-1,0,1.3203933,0.78924716,1,1,unassigned,14.0,14.0,0.0,1.0,0.0,0.0,0.023210831,0.0,0,0,0,1,0
17176,-1,1,4.5923014,0.989972,1,1,unassigned,3.0,3.0,0.0,1.0,0.0,0.0,0.001934236,0.0,1,0,0,1,1
17177,-1,0,2.1573045,0.89634943,1,1,unassigned,10.0,10.0,0.0,1.0,0.0,0.0,0.015473888,0.0,0,0,0,1,0
17178,-1,0,0.42011893,0.60351175,1,1,unassigned,5.0,5.0,0.0,1.0,0.0,0.0,0.0058027077,0.0,0,0,0,1,0
17179,-1,1,6.6959996,0.9987657,1,1,unassigned,12.0,12.0,0.0,1.0,0.0,0.0,0.01934236,0.0,1,0,0,1,1
17180,-1,1,-0.4664877,0.3854479,0,1,unassigned,2.0,2.0,0.0,1.0,0.0,0.0,0.0,0.0,1,0,0,0,0
17181,-1,0,5.7913156,0.9969554,1,1,unassigned,4.0,4.0,0.0,1.0,0.0,0.0,0.003868472,0.0,0,0,0,1,1
17182,-1,0,0.014667332,0.50366676,1,1,unassigned,4.0,4.0,0.0,1.0,0.0,0.0,0.003868472,0.0,0,0,0,1,0
17183,-1,0,-0.47144586,0.3842741,0,1,unassigned,18.0,17.0,1.0,0.9444444,0.055555556,0.055555582,0.030947777,0.0017193209,0,0,0,0,0
17184,-1,1,4.821142,0.99200684,1,1,unassigned,19.0,19.0,0.0,1.0,0.0,0.0,0.032882012,0.0,1,0,0,1,1
17185,-1,1,4.0138373,0.9822566,1,1,unassigned,6.0,6.0,0.0,1.0,0.0,0.0,0.007736944,0.0,1,0,0,1,1
17186,1,0,5.9776244,0.9974716,1,0,val,21.0,18.0,3.0,0.85714287,0.14285715,0.14285713,0.036750484,0.0052500693,0,0,1,1,1
17187,-1,1,2.027076,0.8836107,1,1,unassigned,5.0,2.0,3.0,0.4,0.6,0.6,0.0058027077,0.0034816249,1,0,0,1,0
17188,-1,0,0.90241796,0.7114461,1,1,unassigned,2.0,2.0,0.0,1.0,0.0,0.0,0.0,0.0,0,0,0,1,0
17189,-1,1,-0.082846284,0.4793003,0,1,unassigned,5.0,5.0,0.0,1.0,0.0,0.0,0.0058027077,0.0,1,0,0,0,0
17190,-1,0,3.7269194,0.9764988,1,1,unassigned,7.0,7.0,0.0,1.0,0.0,0.0,0.00967118,0.0,0,0,0,1,1
17191,-1,1,-0.75978994,0.31869188,0,1,unassigned,28.0,28.0,0.0,1.0,0.0,0.0,0.050290134,0.0,1,0,0,0,0
17192,-1,0,4.7626405,0.99152935,1,1,unassigned,4.0,4.0,0.0,1.0,0.0,0.0,0.003868472,0.0,0,0,0,1,1
17193,-1,0,-0.09605324,0.47600514,0,1,unassigned,2.0,2.0,0.0,1.0,0.0,0.0,0.0,0.0,0,0,0,0,0
17194,-1,1,0.36479264,0.5902001,1,1,unassigned,3.0,2.0,1.0,0.6666667,0.33333334,0.3333333,0.001934236,0.00064474536,1,0,0,1,0
17195,-1,0,9.192869,0.9998982,1,1,unassigned,11.0,11.0,0.0,1.0,0.0,0.0,0.017408123,0.0,0,0,0,1,1
17196,-1,0,-0.7575952,0.31916863,0,1,unassigned,29.0,29.0,0.0,1.0,0.0,0.0,0.05222437,0.0,0,0,0,0,0
17197,-1,1,6.543143,0.99856216,1,1,unassigned,2.0,2.0,0.0,1.0,0.0,0.0,0.0,0.0,1,0,0,1,1
17198,1,0,-0.20936269,0.4478497,0,1,unassigned,32.0,32.0,0.0,1.0,0.0,0.0,0.058027077,0.0,0,0,0,0,0
17199,1,0,-0.79111546,0.3119292,0,1,unassigned,28.0,27.0,1.0,0.96428573,0.035714287,0.03571427,0.050290134,0.0017960763,0,0,0,0,0
17200,-1,0,0.94483584,0.7200754,1,1,unassigned,2.0,2.0,0.0,1.0,0.0,0.0,0.0,0.0,0,0,0,1,0
17201,-1,1,0.07005912,0.5175076,1,1,unassigned,4.0,4.0,0.0,1.0,0.0,0.0,0.003868472,0.0,1,0,0,1,0
17202,-1,0,-0.5868987,0.35734677,0,1,unassigned,41.0,41.0,0.0,1.0,0.0,0.0,0.07543521,0.0,0,0,0,0,0
17203,-1,0,0.44129008,0.6085664,1,1,unassigned,7.0,6.0,1.0,0.85714287,0.14285715,0.14285713,0.00967118,0.0013815971,0,0,0,1,0
17204,-1,0,-0.4328323,0.3934502,0,1,unassigned,59.0,57.0,2.0,0.9661017,0.033898305,0.033898294,0.11025145,0.0037373372,0,0,0,0,0
17205,-1,0,-0.6696688,0.33857104,0,1,unassigned,113.0,110.0,3.0,0.9734513,0.026548672,0.026548684,0.21470019,0.005700005,0,0,0,0,0
17206,0,0,-0.7333875,0.3244518,0,0,test,63.0,62.0,1.0,0.984127,0.015873017,0.015873015,0.11798839,0.0018728317,0,0,1,0,0
17207,1,0,-0.5619181,0.36310378,0,1,test,110.0,108.0,2.0,0.9818182,0.018181818,0.0181818,0.20889749,0.003798136,0,0,0,0,0
17208,-1,0,-0.50753564,0.3757714,0,1,unassigned,28.0,28.0,0.0,1.0,0.0,0.0,0.050290134,0.0,0,0,0,0,0
17209,-1,0,-0.7087582,0.3298733,0,1,unassigned,134.0,133.0,1.0,0.9925373,0.0074626864,0.0074626803,0.25531915,0.0019053668,0,0,0,0,0
17210,-1,0,-0.16977888,0.45765692,0,1,unassigned,5.0,5.0,0.0,1.0,0.0,0.0,0.0058027077,0.0,0,0,0,0,0
17211,-1,0,-0.8871896,0.29169014,0,1,unassigned,55.0,55.0,0.0,1.0,0.0,0.0,0.102514505,0.0,0,0,0,0,0
17212,-1,0,-0.94023955,0.28085196,0,1,unassigned,38.0,38.0,0.0,1.0,0.0,0.0,0.06963249,0.0,0,0,0,0,0
17213,-1,0,-0.6818551,0.33584738,0,1,unassigned,22.0,22.0,0.0,1.0,0.0,0.0,0.03868472,0.0,0,0,0,0,0
17214,-1,0,-0.8476714,0.29992154,0,1,unassigned,40.0,39.0,1.0,0.975,0.025,0.024999976,0.07350097,0.0018375242,0,0,0,0,0
17215,-1,0,0.4187414,0.603182,1,1,unassigned,4.0,4.0,0.0,1.0,0.0,0.0,0.003868472,0.0,0,0,0,1,0
17216,-1,0,-0.903324,0.2883679,0,1,unassigned,38.0,38.0,0.0,1.0,0.0,0.0,0.06963249,0.0,0,0,0,0,0
17217,-1,0,-0.47491756,0.383453,0,1,unassigned,33.0,33.0,0.0,1.0,0.0,0.0,0.059961315,0.0,0,0,0,0,0
17218,0,0,-0.8175421,0.30628565,0,0,val,81.0,81.0,0.0,1.0,0.0,0.0,0.15280464,0.0,0,0,1,0,0
17219,-1,0,-0.74950993,0.3209281,0,1,unassigned,101.0,100.0,1.0,0.990099,0.00990099,0.009900987,0.19148937,0.0018959343,0,0,0,0,0
17220,-1,0,-0.876704,0.29386127,0,1,unassigned,30.0,30.0,0.0,1.0,0.0,0.0,0.054158606,0.0,0,0,0,0,0
17221,-1,0,-0.9119761,0.28659564,0,1,unassigned,105.0,105.0,0.0,1.0,0.0,0.0,0.1992263,0.0,0,0,0,0,0
17222,-1,0,-0.028034747,0.49299178,0,1,unassigned,7.0,5.0,2.0,0.71428573,0.2857143,0.28571427,0.00967118,0.0027631943,0,0,0,0,0
17223,-1,1,0.13808596,0.53446674,1,1,unassigned,21.0,20.0,1.0,0.95238096,0.04761905,0.047619045,0.036750484,0.0017500231,1,0,0,1,0
17224,-1,1,1.6301236,0.8361866,1,1,unassigned,2.0,1.0,1.0,0.5,0.5,0.5,0.0,0.0,1,0,0,1,0
17225,-1,1,7.2831836,0.9993135,1,1,unassigned,5.0,4.0,1.0,0.8,0.2,0.19999999,0.0058027077,0.0011605415,1,0,0,1,1
17226,0,1,-0.09523469,0.4762093,0,0,val,6.0,6.0,0.0,1.0,0.0,0.0,0.007736944,0.0,1,0,1,0,0
17227,0,1,-0.49791843,0.37802997,0,0,test,3.0,2.0,1.0,0.6666667,0.33333334,0.3333333,0.001934236,0.00064474536,1,0,1,0,0
17228,-1,0,-0.37273398,0.40788057,0,1,unassigned,2.0,2.0,0.0,1.0,0.0,0.0,0.0,0.0,0,0,0,0,0
17229,1,1,6.2204885,0.99801564,1,0,unassigned,7.0,7.0,0.0,1.0,0.0,0.0,0.00967118,0.0,1,0,1,1,1
17230,-1,1,-0.32773352,0.4187922,0,1,unassigned,17.0,16.0,1.0,0.9411765,0.05882353,0.058823526,0.029013539,0.0017066788,1,0,0,0,0
17231,1,1,-0.25891906,0.43562946,0,1,val,27.0,27.0,0.0,1.0,0.0,0.0,0.0483559,0.0,1,0,0,0,0
17232,-1,1,-0.5079595,0.37567198,0,1,unassigned,81.0,62.0,19.0,0.7654321,0.2345679,0.23456788,0.15280464,0.035843063,1,0,0,0,0
17233,0,1,-0.3582353,0.4113868,0,0,unassigned,3.0,3.0,0.0,1.0,0.0,0.0,0.001934236,0.0,1,0,1,0,0
17234,1,1,0.96233064,0.7235882,1,0,unassigned,7.0,6.0,1.0,0.85714287,0.14285715,0.14285713,0.00967118,0.0013815971,1,0,1,1,0
17235,-1,1,1.6466231,0.8384341,1,1,unassigned,5.0,5.0,0.0,1.0,0.0,0.0,0.0058027077,0.0,1,0,0,1,0
17236,-1,0,2.7281072,0.9386649,1,1,unassigned,8.0,8.0,0.0,1.0,0.0,0.0,0.0116054155,0.0,0,0,0,1,1
17237,-1,1,2.7549517,0.9401924,1,1,unassigned,2.0,2.0,0.0,1.0,0.0,0.0,0.0,0.0,1,0,0,1,1
17238,-1,1,-0.86934936,0.2953897,0,1,unassigned,3.0,3.0,0.0,1.0,0.0,0.0,0.001934236,0.0,1,0,0,0,0
17239,0,0,-0.90189445,0.28866133,0,0,test,60.0,60.0,0.0,1.0,0.0,0.0,0.11218569,0.0,0,0,1,0,0
17240,-1,0,0.058226705,0.5145526,1,1,unassigned,2.0,2.0,0.0,1.0,0.0,0.0,0.0,0.0,0,0,0,1,0
17241,-1,1,1.0183187,0.73464495,1,1,unassigned,10.0,10.0,0.0,1.0,0.0,0.0,0.015473888,0.0,1,0,0,1,0
17242,-1,1,1.5515716,0.8251406,1,1,unassigned,6.0,5.0,1.0,0.8333333,0.16666667,0.16666669,0.007736944,0.0012894907,1,0,0,1,0
17243,-1,1,3.2189837,0.9615425,1,1,unassigned,12.0,12.0,0.0,1.0,0.0,0.0,0.01934236,0.0,1,0,0,1,1
17244,-1,1,4.713021,0.9911022,1,1,unassigned,15.0,15.0,0.0,1.0,0.0,0.0,0.025145067,0.0,1,0,0,1,1
17245,-1,1,0.022493482,0.5056231,1,1,unassigned,2.0,2.0,0.0,1.0,0.0,0.0,0.0,0.0,1,0,0,1,0
17246,-1,0,7.472058,0.99943155,1,1,unassigned,2.0,2.0,0.0,1.0,0.0,0.0,0.0,0.0,0,0,0,1,1
17247,-1,0,4.2654004,0.98614836,1,1,unassigned,4.0,2.0,2.0,0.5,0.5,0.5,0.003868472,0.001934236,0,0,0,1,1
17248,-1,1,0.23647314,0.5588443,1,1,unassigned,9.0,9.0,0.0,1.0,0.0,0.0,0.013539651,0.0,1,0,0,1,0
17249,-1,0,0.4552861,0.6118953,1,1,unassigned,6.0,6.0,0.0,1.0,0.0,0.0,0.007736944,0.0,0,0,0,1,0
17250,-1,0,3.5148866,0.9711084,1,1,unassigned,3.0,3.0,0.0,1.0,0.0,0.0,0.001934236,0.0,0,0,0,1,1
17251,-1,0,0.94401056,0.7199091,1,1,unassigned,4.0,4.0,0.0,1.0,0.0,0.0,0.003868472,0.0,0,0,0,1,0
17252,-1,0,-0.41628066,0.39740708,0,1,unassigned,2.0,2.0,0.0,1.0,0.0,0.0,0.0,0.0,0,0,0,0,0
17253,1,0,2.6128128,0.93168163,1,0,unassigned,11.0,10.0,1.0,0.90909094,0.09090909,0.090909064,0.017408123,0.0015825568,0,0,1,1,1
17254,-1,0,-0.17483574,0.45640206,0,1,unassigned,16.0,16.0,0.0,1.0,0.0,0.0,0.027079303,0.0,0,0,0,0,0
17255,-1,0,7.0621743,0.99914384,1,1,unassigned,2.0,2.0,0.0,1.0,0.0,0.0,0.0,0.0,0,0,0,1,1
17256,-1,1,-0.9281057,0.2833092,0,1,unassigned,10.0,9.0,1.0,0.9,0.1,0.100000024,0.015473888,0.0015473888,1,0,0,0,0
17257,-1,0,-0.22177356,0.44478276,0,1,unassigned,3.0,3.0,0.0,1.0,0.0,0.0,0.001934236,0.0,0,0,0,0,0
17258,-1,0,-0.900137,0.28902233,0,1,unassigned,41.0,41.0,0.0,1.0,0.0,0.0,0.07543521,0.0,0,0,0,0,0
17259,-1,0,-0.6253466,0.3485664,0,1,unassigned,46.0,46.0,0.0,1.0,0.0,0.0,0.08510638,0.0,0,0,0,0,0
17260,1,0,-0.83410823,0.3027771,0,1,unassigned,76.0,76.0,0.0,1.0,0.0,0.0,0.14313346,0.0,0,0,0,0,0
17261,-1,0,-0.9860179,0.27169934,0,1,unassigned,32.0,30.0,2.0,0.9375,0.0625,0.0625,0.058027077,0.0036266923,0,0,0,0,0
17262,0,0,-0.8631364,0.29668447,0,0,unassigned,56.0,56.0,0.0,1.0,0.0,0.0,0.10444874,0.0,0,0,1,0,0
17263,-1,0,-0.9382822,0.28124747,0,1,unassigned,56.0,56.0,0.0,1.0,0.0,0.0,0.10444874,0.0,0,0,0,0,0
17264,-1,0,-0.86672634,0.29593593,0,1,unassigned,67.0,65.0,2.0,0.9701493,0.029850746,0.029850721,0.12572534,0.0037529953,0,0,0,0,0
17265,-1,0,4.3655005,0.9874512,1,1,unassigned,9.0,9.0,0.0,1.0,0.0,0.0,0.013539651,0.0,0,0,0,1,1
17266,-1,1,2.0278437,0.88368964,1,1,unassigned,164.0,95.0,69.0,0.5792683,0.4207317,0.42073172,0.31334624,0.13183469,1,0,0,1,0
17267,1,1,-0.10549092,0.47365168,0,1,unassigned,31.0,28.0,3.0,0.9032258,0.09677419,0.09677422,0.056092843,0.0054283394,1,0,0,0,0
17268,-1,1,-0.15169513,0.46214876,0,1,unassigned,108.0,108.0,0.0,1.0,0.0,0.0,0.20502901,0.0,1,0,0,0,0
17269,-1,1,0.6990743,0.6679825,1,1,unassigned,26.0,26.0,0.0,1.0,0.0,0.0,0.046421662,0.0,1,0,0,1,0
17270,-1,1,-0.78615,0.31299594,0,1,unassigned,31.0,31.0,0.0,1.0,0.0,0.0,0.056092843,0.0,1,0,0,0,0
17271,-1,1,-0.028228581,0.49294335,0,1,unassigned,19.0,19.0,0.0,1.0,0.0,0.0,0.032882012,0.0,1,0,0,0,0
17272,-1,1,1.0673704,0.7440965,1,1,unassigned,75.0,62.0,13.0,0.82666665,0.17333333,0.17333335,0.14119923,0.024474533,1,0,0,1,0
17273,-1,1,-0.3276441,0.418814,0,1,unassigned,114.0,113.0,1.0,0.99122804,0.00877193,0.008771956,0.21663442,0.001900302,1,0,0,0,0
17274,-1,1,1.7972646,0.8578156,1,1,unassigned,84.0,81.0,3.0,0.96428573,0.035714287,0.03571427,0.15860735,0.0056645484,1,0,0,1,0
17275,-1,1,-0.733659,0.3243923,0,1,unassigned,58.0,57.0,1.0,0.98275864,0.01724138,0.017241359,0.10831721,0.0018675381,1,0,0,0,0
17276,-1,1,-0.32842413,0.41862413,0,1,unassigned,44.0,38.0,6.0,0.8636364,0.13636364,0.13636363,0.08123791,0.011077898,1,0,0,0,0
17277,-1,1,1.136419,0.75702155,1,1,unassigned,36.0,35.0,1.0,0.9722222,0.027777778,0.027777791,0.065764025,0.0018267785,1,0,0,1,0
17278,-1,1,4.942302,0.9929125,1,1,unassigned,28.0,27.0,1.0,0.96428573,0.035714287,0.03571427,0.050290134,0.0017960763,1,0,0,1,1
17279,-1,1,-0.14511377,0.46378508,0,1,unassigned,51.0,51.0,0.0,1.0,0.0,0.0,0.09477756,0.0,1,0,0,0,0
17280,1,1,2.4542706,0.9208732,1,0,unassigned,35.0,31.0,4.0,0.8857143,0.114285715,0.11428571,0.06382979,0.0072948327,1,0,1,1,1
17281,-1,0,1.2125211,0.7707447,1,1,unassigned,4.0,4.0,0.0,1.0,0.0,0.0,0.003868472,0.0,0,0,0,1,0
17282,-1,0,4.8184104,0.9919851,1,1,unassigned,5.0,5.0,0.0,1.0,0.0,0.0,0.0058027077,0.0,0,0,0,1,1
17283,-1,0,-0.5088665,0.3754593,0,1,unassigned,74.0,73.0,1.0,0.9864865,0.013513514,0.013513505,0.13926499,0.0018819593,0,0,0,0,0
17284,-1,0,7.192433,0.9992483,1,1,unassigned,2.0,2.0,0.0,1.0,0.0,0.0,0.0,0.0,0,0,0,1,1
17285,-1,1,12.991222,0.99999774,1,1,unassigned,3.0,2.0,1.0,0.6666667,0.33333334,0.3333333,0.001934236,0.00064474536,1,0,0,1,1
17286,-1,0,2.7920616,0.94224536,1,1,unassigned,18.0,16.0,2.0,0.8888889,0.11111111,0.111111104,0.030947777,0.0034386418,0,0,0,1,1
17287,0,0,-0.7641954,0.3177361,0,0,val,22.0,20.0,2.0,0.90909094,0.09090909,0.090909064,0.03868472,0.0035167928,0,0,1,0,0
17288,-1,0,-0.44615203,0.39027607,0,1,unassigned,2.0,2.0,0.0,1.0,0.0,0.0,0.0,0.0,0,0,0,0,0
17289,-1,0,-0.81544745,0.3067309,0,1,unassigned,20.0,20.0,0.0,1.0,0.0,0.0,0.034816246,0.0,0,0,0,0,0
17290,-1,0,-0.90982854,0.28703493,0,1,unassigned,43.0,43.0,0.0,1.0,0.0,0.0,0.079303674,0.0,0,0,0,0,0
17291,-1,0,-0.73699087,0.3236625,0,1,unassigned,137.0,133.0,4.0,0.9708029,0.02919708,0.029197097,0.26112187,0.007623996,0,0,0,0,0
17292,-1,0,-0.33571985,0.41684955,0,1,unassigned,103.0,97.0,6.0,0.94174755,0.058252428,0.058252454,0.19535783,0.011380068,0,0,0,0,0
17293,1,1,-0.041751504,0.4895636,0,1,unassigned,5.0,5.0,0.0,1.0,0.0,0.0,0.0058027077,0.0,1,0,0,0,0
17294,-1,1,3.3514097,0.966151,1,1,unassigned,7.0,7.0,0.0,1.0,0.0,0.0,0.00967118,0.0,1,0,0,1,1
17295,-1,0,1.5168822,0.82007885,1,1,unassigned,2.0,2.0,0.0,1.0,0.0,0.0,0.0,0.0,0,0,0,1,0
17296,-1,1,3.5924022,0.9732056,1,1,unassigned,3.0,3.0,0.0,1.0,0.0,0.0,0.001934236,0.0,1,0,0,1,1
17297,-1,0,-0.73119223,0.32493317,0,1,unassigned,65.0,65.0,0.0,1.0,0.0,0.0,0.12185687,0.0,0,0,0,0,0
17298,-1,1,6.0506864,0.99764925,1,1,unassigned,2.0,2.0,0.0,1.0,0.0,0.0,0.0,0.0,1,0,0,1,1
17299,-1,1,7.394949,0.99938595,1,1,unassigned,2.0,1.0,1.0,0.5,0.5,0.5,0.0,0.0,1,0,0,1,1
17300,-1,1,1.5792782,0.8291023,1,1,unassigned,5.0,5.0,0.0,1.0,0.0,0.0,0.0058027077,0.0,1,0,0,1,0
17301,-1,0,-0.72003853,0.3273845,0,1,unassigned,38.0,37.0,1.0,0.9736842,0.02631579,0.026315808,0.06963249,0.0018324341,0,0,0,0,0
17302,1,0,0.06820458,0.51704454,1,0,val,15.0,15.0,0.0,1.0,0.0,0.0,0.025145067,0.0,0,0,1,1,0
17303,0,0,-0.54051703,0.3680673,0,0,unassigned,31.0,30.0,1.0,0.9677419,0.032258064,0.032258093,0.056092843,0.0018094465,0,0,1,0,0
17304,-1,0,1.6185043,0.8345887,1,1,unassigned,2.0,1.0,1.0,0.5,0.5,0.5,0.0,0.0,0,0,0,1,0
17305,-1,0,-0.20976403,0.44775045,0,1,unassigned,20.0,20.0,0.0,1.0,0.0,0.0,0.034816246,0.0,0,0,0,0,0
17306,1,0,-0.7295666,0.32528985,0,1,val,75.0,74.0,1.0,0.9866667,0.013333334,0.013333321,0.14119923,0.0018826565,0,0,0,0,0
17307,-1,1,7.747376,0.9995683,1,1,unassigned,3.0,3.0,0.0,1.0,0.0,0.0,0.001934236,0.0,1,0,0,1,1
17308,1,1,5.0626254,0.9937109,1,0,unassigned,13.0,11.0,2.0,0.84615386,0.15384616,0.15384614,0.021276595,0.0032733225,1,0,1,1,1
17309,-1,0,0.7488838,0.67893547,1,1,unassigned,8.0,8.0,0.0,1.0,0.0,0.0,0.0116054155,0.0,0,0,0,1,0
17310,-1,1,2.4227974,0.91854924,1,1,unassigned,4.0,4.0,0.0,1.0,0.0,0.0,0.003868472,0.0,1,0,0,1,1
17311,-1,1,-0.6533908,0.34222582,0,1,unassigned,6.0,6.0,0.0,1.0,0.0,0.0,0.007736944,0.0,1,0,0,0,0
17312,-1,1,2.3219907,0.910682,1,1,unassigned,13.0,10.0,3.0,0.7692308,0.23076923,0.23076922,0.021276595,0.0049099834,1,0,0,1,1
17313,-1,0,3.1925282,0.9605521,1,1,unassigned,16.0,16.0,0.0,1.0,0.0,0.0,0.027079303,0.0,0,0,0,1,1
17314,-1,1,-0.28368515,0.42955053,0,1,unassigned,12.0,12.0,0.0,1.0,0.0,0.0,0.01934236,0.0,1,0,0,0,0
17315,-1,0,-0.26959974,0.4330054,0,1,unassigned,3.0,3.0,0.0,1.0,0.0,0.0,0.001934236,0.0,0,0,0,0,0
17316,0,0,-0.6308417,0.34731972,0,0,unassigned,41.0,40.0,1.0,0.9756098,0.024390243,0.02439022,0.07543521,0.001839883,0,0,1,0,0
17317,-1,1,-0.55415165,0.36490172,0,1,unassigned,2.0,1.0,1.0,0.5,0.5,0.5,0.0,0.0,1,0,0,0,0
17318,-1,1,-0.26005328,0.43535066,0,1,unassigned,4.0,4.0,0.0,1.0,0.0,0.0,0.003868472,0.0,1,0,0,0,0
17319,-1,0,-0.6700915,0.33847633,0,1,unassigned,128.0,128.0,0.0,1.0,0.0,0.0,0.24371374,0.0,0,0,0,0,0
17320,-1,0,-0.6879681,0.33448526,0,1,unassigned,64.0,64.0,0.0,1.0,0.0,0.0,0.11992263,0.0,0,0,0,0,0
17321,-1,0,-0.6545896,0.34195602,0,1,unassigned,76.0,76.0,0.0,1.0,0.0,0.0,0.14313346,0.0,0,0,0,0,0
17322,-1,1,0.9442437,0.7199561,1,1,unassigned,3.0,1.0,2.0,0.33333334,0.6666667,0.6666666,0.001934236,0.0012894907,1,0,0,1,0
17323,-1,0,7.9621167,0.9996517,1,1,unassigned,6.0,6.0,0.0,1.0,0.0,0.0,0.007736944,0.0,0,0,0,1,1
17324,-1,0,0.04558921,0.51139534,1,1,unassigned,19.0,19.0,0.0,1.0,0.0,0.0,0.032882012,0.0,0,0,0,1,0
17325,-1,0,-0.06384903,0.4840432,0,1,unassigned,76.0,76.0,0.0,1.0,0.0,0.0,0.14313346,0.0,0,0,0,0,0
17326,-1,1,-0.7194667,0.32751045,0,1,unassigned,13.0,13.0,0.0,1.0,0.0,0.0,0.021276595,0.0,1,0,0,0,0
17327,-1,0,1.26015,0.7790519,1,1,unassigned,2.0,2.0,0.0,1.0,0.0,0.0,0.0,0.0,0,0,0,1,0
17328,-1,1,2.6659205,0.9349855,1,1,unassigned,2.0,2.0,0.0,1.0,0.0,0.0,0.0,0.0,1,0,0,1,1
17329,-1,0,4.42244,0.98813754,1,1,unassigned,4.0,4.0,0.0,1.0,0.0,0.0,0.003868472,0.0,0,0,0,1,1
17330,-1,1,2.8118432,0.94331247,1,1,unassigned,9.0,9.0,0.0,1.0,0.0,0.0,0.013539651,0.0,1,0,0,1,1
17331,-1,0,-0.5989574,0.35458228,0,1,unassigned,100.0,99.0,1.0,0.99,0.01,0.00999999,0.18955512,0.0018955512,0,0,0,0,0
17332,-1,0,1.0086291,0.7327517,1,1,unassigned,4.0,4.0,0.0,1.0,0.0,0.0,0.003868472,0.0,0,0,0,1,0
17333,1,0,1.4353697,0.80773664,1,0,val,15.0,15.0,0.0,1.0,0.0,0.0,0.025145067,0.0,0,0,1,1,0
17334,0,0,-0.4578804,0.38748878,0,0,unassigned,5.0,5.0,0.0,1.0,0.0,0.0,0.0058027077,0.0,0,0,1,0,0
17335,-1,0,-0.5492486,0.36603874,0,1,unassigned,27.0,27.0,0.0,1.0,0.0,0.0,0.0483559,0.0,0,0,0,0,0
17336,1,1,3.431938,0.96868795,1,0,unassigned,6.0,6.0,0.0,1.0,0.0,0.0,0.007736944,0.0,1,0,1,1,1
17337,-1,1,3.3560445,0.9663023,1,1,unassigned,8.0,7.0,1.0,0.875,0.125,0.125,0.0116054155,0.0014506769,1,0,0,1,1
17338,0,0,-0.85020435,0.29939002,0,0,val,80.0,80.0,0.0,1.0,0.0,0.0,0.15087041,0.0,0,0,1,0,0
17339,-1,1,1.8806188,0.86768216,1,1,unassigned,6.0,6.0,0.0,1.0,0.0,0.0,0.007736944,0.0,1,0,0,1,0
17340,-1,1,-0.32782257,0.4187705,0,1,unassigned,6.0,6.0,0.0,1.0,0.0,0.0,0.007736944,0.0,1,0,0,0,0
17341,-1,0,-0.26011258,0.43533602,0,1,unassigned,24.0,24.0,0.0,1.0,0.0,0.0,0.04255319,0.0,0,0,0,0,0
17342,-1,0,-0.3251315,0.41942567,0,1,unassigned,17.0,17.0,0.0,1.0,0.0,0.0,0.029013539,0.0,0,0,0,0,0
17343,-1,0,-0.8622489,0.2968697,0,1,unassigned,87.0,87.0,0.0,1.0,0.0,0.0,0.16441005,0.0,0,0,0,0,0
17344,-1,0,-0.40820158,0.39934343,0,1,unassigned,28.0,26.0,2.0,0.9285714,0.071428575,0.0714286,0.050290134,0.0035921526,0,0,0,0,0
17345,-1,0,-0.63156253,0.34715632,0,1,unassigned,22.0,22.0,0.0,1.0,0.0,0.0,0.03868472,0.0,0,0,0,0,0
17346,-1,0,-0.45615053,0.38789943,0,1,unassigned,34.0,34.0,0.0,1.0,0.0,0.0,0.061895553,0.0,0,0,0,0,0
17347,-1,0,-0.49324727,0.37912893,0,1,unassigned,63.0,61.0,2.0,0.96825397,0.031746034,0.03174603,0.11798839,0.0037456634,0,0,0,0,0
17348,-1,0,-0.4067664,0.39968774,0,1,unassigned,66.0,66.0,0.0,1.0,0.0,0.0,0.123791106,0.0,0,0,0,0,0
17349,1,0,-0.10948694,0.47265556,0,1,train,3.0,3.0,0.0,1.0,0.0,0.0,0.001934236,0.0,0,0,0,0,0
17350,-1,0,-0.23779312,0.44083023,0,1,unassigned,2.0,2.0,0.0,1.0,0.0,0.0,0.0,0.0,0,0,0,0,0
17351,-1,1,1.4813673,0.81477904,1,1,unassigned,3.0,2.0,1.0,0.6666667,0.33333334,0.3333333,0.001934236,0.00064474536,1,0,0,1,0
17352,-1,0,-0.687873,0.3345064,0,1,unassigned,84.0,84.0,0.0,1.0,0.0,0.0,0.15860735,0.0,0,0,0,0,0
17353,-1,1,-0.6929371,0.33338,0,1,unassigned,38.0,3.0,35.0,0.078947365,0.92105263,0.92105263,0.06963249,0.064135194,1,1,0,0,0
17354,-1,0,-0.6082827,0.35245103,0,1,unassigned,20.0,19.0,1.0,0.95,0.05,0.050000012,0.034816246,0.0017408123,0,0,0,0,0
17355,-1,0,-0.1441859,0.4640158,0,1,unassigned,46.0,46.0,0.0,1.0,0.0,0.0,0.08510638,0.0,0,0,0,0,0
17356,-1,0,1.7822225,0.85597104,1,1,unassigned,2.0,2.0,0.0,1.0,0.0,0.0,0.0,0.0,0,0,0,1,0
17357,1,0,3.7490332,0.9770009,1,0,unassigned,6.0,6.0,0.0,1.0,0.0,0.0,0.007736944,0.0,0,0,1,1,1
17358,-1,1,1.8940535,0.869217,1,1,unassigned,9.0,3.0,6.0,0.33333334,0.6666667,0.6666666,0.013539651,0.009026434,1,0,0,1,0
17359,-1,1,0.47732216,0.6171153,1,1,unassigned,9.0,9.0,0.0,1.0,0.0,0.0,0.013539651,0.0,1,0,0,1,0
17360,-1,0,6.070505,0.99769527,1,1,unassigned,3.0,3.0,0.0,1.0,0.0,0.0,0.001934236,0.0,0,0,0,1,1
17361,-1,0,7.200374,0.9992543,1,1,unassigned,2.0,2.0,0.0,1.0,0.0,0.0,0.0,0.0,0,0,0,1,1
17362,-1,1,5.1064587,0.993979,1,1,unassigned,2.0,2.0,0.0,1.0,0.0,0.0,0.0,0.0,1,0,0,1,1
17363,-1,0,0.458623,0.61268747,1,1,unassigned,2.0,2.0,0.0,1.0,0.0,0.0,0.0,0.0,0,0,0,1,0
17364,-1,1,3.005328,0.9528142,1,1,unassigned,51.0,50.0,1.0,0.98039216,0.019607844,0.019607842,0.09477756,0.0018583836,1,0,0,1,1
17365,-1,1,0.36175543,0.5894653,1,1,unassigned,36.0,34.0,2.0,0.9444444,0.055555556,0.055555582,0.065764025,0.003653557,1,0,0,1,0
17366,-1,1,4.5220494,0.98925006,1,1,unassigned,33.0,31.0,2.0,0.93939394,0.060606062,0.060606062,0.059961315,0.0036340193,1,0,0,1,1
17367,-1,1,1.3522213,0.79449254,1,1,unassigned,36.0,36.0,0.0,1.0,0.0,0.0,0.065764025,0.0,1,0,0,1,0
17368,-1,1,-0.30998632,0.42311808,0,1,unassigned,78.0,78.0,0.0,1.0,0.0,0.0,0.14700194,0.0,1,0,0,0,0
17369,-1,1,1.3534622,0.7946951,1,1,unassigned,35.0,35.0,0.0,1.0,0.0,0.0,0.06382979,0.0,1,0,0,1,0
17370,1,1,1.2301657,0.7738475,1,0,val,79.0,79.0,0.0,1.0,0.0,0.0,0.14893617,0.0,1,0,1,1,0
17371,0,1,1.0306127,0.7370347,1,1,unassigned,33.0,32.0,1.0,0.969697,0.030303031,0.030303001,0.059961315,0.0018170096,1,0,0,1,0
17372,-1,1,-0.7098501,0.32963198,0,1,unassigned,66.0,66.0,0.0,1.0,0.0,0.0,0.123791106,0.0,1,0,0,0,0
17373,-1,1,1.7559087,0.8526965,1,1,unassigned,6.0,6.0,0.0,1.0,0.0,0.0,0.007736944,0.0,1,0,0,1,0
17374,-1,1,1.0653732,0.743716,1,1,unassigned,53.0,46.0,7.0,0.8679245,0.13207547,0.13207549,0.09864604,0.013028722,1,0,0,1,0
17375,-1,1,-0.49102604,0.37965187,0,1,unassigned,102.0,99.0,3.0,0.9705882,0.029411765,0.029411793,0.1934236,0.0056889295,1,0,0,0,0
17376,-1,1,0.16902244,0.54215527,1,1,unassigned,78.0,78.0,0.0,1.0,0.0,0.0,0.14700194,0.0,1,0,0,1,0
17377,-1,1,0.32827932,0.5813406,1,1,unassigned,15.0,15.0,0.0,1.0,0.0,0.0,0.025145067,0.0,1,0,0,1,0
17378,-1,1,4.4260907,0.9881803,1,1,unassigned,65.0,62.0,3.0,0.95384616,0.046153847,0.046153843,0.12185687,0.0056241634,1,0,0,1,1
17379,-1,1,1.5481036,0.8246396,1,1,unassigned,13.0,11.0,2.0,0.84615386,0.15384616,0.15384614,0.021276595,0.0032733225,1,0,0,1,0
17380,-1,0,-0.613751,0.35120404,0,1,unassigned,2.0,1.0,1.0,0.5,0.5,0.5,0.0,0.0,0,0,0,0,0
17381,-1,0,-0.3441856,0.4147931,0,1,unassigned,61.0,60.0,1.0,0.9836066,0.016393442,0.016393423,0.114119925,0.0018708183,0,0,0,0,0
17382,-1,0,-0.2825105,0.42983842,0,1,unassigned,45.0,45.0,0.0,1.0,0.0,0.0,0.08317215,0.0,0,0,0,0,0
17383,-1,0,-0.53748405,0.36877304,0,1,unassigned,46.0,43.0,3.0,0.9347826,0.06521739,0.065217376,0.08510638,0.005550416,0,0,0,0,0
17384,-1,0,-0.6516855,0.34260982,0,1,unassigned,62.0,62.0,0.0,1.0,0.0,0.0,0.116054155,0.0,0,0,0,0,0
17385,-1,0,-0.21546242,0.44634178,0,1,unassigned,9.0,9.0,0.0,1.0,0.0,0.0,0.013539651,0.0,0,0,0,0,0
17386,-1,0,-0.6763189,0.3370834,0,1,unassigned,112.0,109.0,3.0,0.97321427,0.026785715,0.026785731,0.21276596,0.0056990883,0,0,0,0,0
17387,-1,0,-0.2916827,0.42759192,0,1,unassigned,5.0,5.0,0.0,1.0,0.0,0.0,0.0058027077,0.0,0,0,0,0,0
17388,-1,0,-0.78303653,0.3136658,0,1,unassigned,26.0,26.0,0.0,1.0,0.0,0.0,0.046421662,0.0,0,0,0,0,0
17389,-1,0,-0.678674,0.33655733,0,1,unassigned,127.0,126.0,1.0,0.992126,0.007874016,0.007874012,0.24177949,0.0019037755,0,0,0,0,0
17390,-1,0,1.6019022,0.8322841,1,1,unassigned,11.0,11.0,0.0,1.0,0.0,0.0,0.017408123,0.0,0,0,0,1,0
17391,1,0,-0.06572491,0.4835747,0,1,test,31.0,31.0,0.0,1.0,0.0,0.0,0.056092843,0.0,0,0,0,0,0
17392,-1,1,-0.10952881,0.47264513,0,1,unassigned,12.0,12.0,0.0,1.0,0.0,0.0,0.01934236,0.0,1,0,0,0,0
17393,0,0,-0.7825946,0.31376097,0,0,unassigned,3.0,3.0,0.0,1.0,0.0,0.0,0.001934236,0.0,0,0,1,0,0
17394,-1,0,0.450226,0.610693,1,1,unassigned,2.0,1.0,1.0,0.5,0.5,0.5,0.0,0.0,0,0,0,1,0
17395,-1,1,-0.37731317,0.4067751,0,1,unassigned,2.0,2.0,0.0,1.0,0.0,0.0,0.0,0.0,1,0,0,0,0
17396,-1,1,1.4267297,0.80639124,1,1,unassigned,26.0,26.0,0.0,1.0,0.0,0.0,0.046421662,0.0,1,0,0,1,0
17397,-1,1,2.2041953,0.9006256,1,1,unassigned,8.0,8.0,0.0,1.0,0.0,0.0,0.0116054155,0.0,1,0,0,1,1
17398,-1,0,1.4431562,0.8089429,1,1,unassigned,12.0,12.0,0.0,1.0,0.0,0.0,0.01934236,0.0,0,0,0,1,0
17399,-1,0,0.09404224,0.5234933,1,1,unassigned,10.0,9.0,1.0,0.9,0.1,0.100000024,0.015473888,0.0015473888,0,0,0,1,0
17400,-1,0,-0.45002562,0.3893547,0,1,unassigned,22.0,22.0,0.0,1.0,0.0,0.0,0.03868472,0.0,0,0,0,0,0
17401,-1,1,8.217588,0.99973017,1,1,unassigned,11.0,11.0,0.0,1.0,0.0,0.0,0.017408123,0.0,1,0,0,1,1
17402,0,0,0.15883952,0.5396266,1,1,unassigned,41.0,41.0,0.0,1.0,0.0,0.0,0.07543521,0.0,0,0,0,1,0
17403,-1,0,7.9028897,0.99963045,1,1,unassigned,5.0,5.0,0.0,1.0,0.0,0.0,0.0058027077,0.0,0,0,0,1,1
17404,-1,0,5.5136447,0.9959848,1,1,unassigned,5.0,5.0,0.0,1.0,0.0,0.0,0.0058027077,0.0,0,0,0,1,1
17405,-1,1,2.62826,0.9326583,1,1,unassigned,3.0,3.0,0.0,1.0,0.0,0.0,0.001934236,0.0,1,0,0,1,1
17406,-1,1,0.061521232,0.5153755,1,1,unassigned,7.0,7.0,0.0,1.0,0.0,0.0,0.00967118,0.0,1,0,0,1,0
17407,-1,1,1.8712642,0.86660445,1,1,unassigned,10.0,10.0,0.0,1.0,0.0,0.0,0.015473888,0.0,1,0,0,1,0
17408,-1,1,0.08367187,0.52090573,1,1,unassigned,10.0,10.0,0.0,1.0,0.0,0.0,0.015473888,0.0,1,0,0,1,0
17409,-1,0,-0.6897758,0.33408296,0,1,unassigned,8.0,8.0,0.0,1.0,0.0,0.0,0.0116054155,0.0,0,0,0,0,0
17410,-1,0,-0.015818655,0.4960454,0,1,unassigned,39.0,39.0,0.0,1.0,0.0,0.0,0.07156673,0.0,0,0,0,0,0
17411,-1,0,-0.727494,0.3257449,0,1,unassigned,82.0,68.0,14.0,0.8292683,0.17073171,0.17073172,0.15473887,0.026418833,0,0,0,0,0
17412,1,0,1.7736402,0.8549098,1,0,test,14.0,14.0,0.0,1.0,0.0,0.0,0.023210831,0.0,0,0,1,1,0
17413,-1,0,-0.40827158,0.39932662,0,1,unassigned,5.0,5.0,0.0,1.0,0.0,0.0,0.0058027077,0.0,0,0,0,0,0
17414,-1,0,4.0439687,0.98277414,1,1,unassigned,2.0,2.0,0.0,1.0,0.0,0.0,0.0,0.0,0,0,0,1,1
17415,-1,0,-0.6105728,0.35192853,0,1,unassigned,5.0,5.0,0.0,1.0,0.0,0.0,0.0058027077,0.0,0,0,0,0,0
17416,-1,0,9.210283,0.9999,1,1,unassigned,4.0,4.0,0.0,1.0,0.0,0.0,0.003868472,0.0,0,0,0,1,1
17417,-1,1,0.016522586,0.50413054,1,1,unassigned,3.0,3.0,0.0,1.0,0.0,0.0,0.001934236,0.0,1,0,0,1,0
17418,-1,1,0.16629535,0.5414783,1,1,unassigned,10.0,10.0,0.0,1.0,0.0,0.0,0.015473888,0.0,1,0,0,1,0
17419,-1,0,2.8340466,0.9444881,1,1,unassigned,2.0,2.0,0.0,1.0,0.0,0.0,0.0,0.0,0,0,0,1,1
17420,-1,0,5.093088,0.9938984,1,1,unassigned,9.0,8.0,1.0,0.8888889,0.11111111,0.111111104,0.013539651,0.0015044058,0,0,0,1,1
17421,-1,0,-0.31374025,0.42220208,0,1,unassigned,2.0,2.0,0.0,1.0,0.0,0.0,0.0,0.0,0,0,0,0,0
17422,-1,0,-0.8723581,0.2947639,0,1,unassigned,6.0,6.0,0.0,1.0,0.0,0.0,0.007736944,0.0,0,0,0,0,0
17423,-1,0,0.8030111,0.6906182,1,1,unassigned,4.0,4.0,0.0,1.0,0.0,0.0,0.003868472,0.0,0,0,0,1,0
17424,-1,0,2.5327127,0.9264035,1,1,unassigned,3.0,3.0,0.0,1.0,0.0,0.0,0.001934236,0.0,0,0,0,1,1
17425,0,0,-0.35210678,0.4128716,0,0,test,23.0,23.0,0.0,1.0,0.0,0.0,0.040618956,0.0,0,0,1,0,0
17426,-1,0,1.0854373,0.7475216,1,1,unassigned,14.0,13.0,1.0,0.9285714,0.071428575,0.0714286,0.023210831,0.0016579166,0,0,0,1,0
17427,-1,0,-0.7955439,0.31097952,0,1,unassigned,7.0,7.0,0.0,1.0,0.0,0.0,0.00967118,0.0,0,0,0,0,0
17428,-1,1,-0.4338606,0.3932048,0,1,unassigned,2.0,2.0,0.0,1.0,0.0,0.0,0.0,0.0,1,0,0,0,0
17429,-1,0,-0.01465404,0.49633655,0,1,unassigned,44.0,40.0,4.0,0.90909094,0.09090909,0.090909064,0.08123791,0.007385265,0,0,0,0,0
17430,-1,0,0.5280376,0.6290253,1,1,unassigned,3.0,3.0,0.0,1.0,0.0,0.0,0.001934236,0.0,0,0,0,1,0
17431,-1,0,-0.3175943,0.42126215,0,1,unassigned,11.0,11.0,0.0,1.0,0.0,0.0,0.017408123,0.0,0,0,0,0,0
17432,-1,0,-0.53520536,0.36930364,0,1,unassigned,51.0,50.0,1.0,0.98039216,0.019607844,0.019607842,0.09477756,0.0018583836,0,0,0,0,0
17433,-1,1,2.6136863,0.9317372,1,1,unassigned,7.0,6.0,1.0,0.85714287,0.14285715,0.14285713,0.00967118,0.0013815971,1,0,0,1,1
17434,-1,1,-0.24305743,0.43953305,0,1,unassigned,29.0,26.0,3.0,0.8965517,0.10344828,0.10344827,0.05222437,0.005402521,1,0,0,0,0
17435,-1,0,-0.31238738,0.4225321,0,1,unassigned,2.0,2.0,0.0,1.0,0.0,0.0,0.0,0.0,0,0,0,0,0
17436,-1,1,6.5989685,0.9986401,1,1,unassigned,10.0,9.0,1.0,0.9,0.1,0.100000024,0.015473888,0.0015473888,1,0,0,1,1
17437,-1,0,0.5777567,0.64055103,1,1,unassigned,3.0,3.0,0.0,1.0,0.0,0.0,0.001934236,0.0,0,0,0,1,0
17438,-1,0,-0.33930627,0.41597804,0,1,unassigned,6.0,6.0,0.0,1.0,0.0,0.0,0.007736944,0.0,0,0,0,0,0
17439,-1,0,-0.38206536,0.4056289,0,1,unassigned,51.0,51.0,0.0,1.0,0.0,0.0,0.09477756,0.0,0,0,0,0,0
17440,-1,0,-0.29424128,0.42696583,0,1,unassigned,2.0,2.0,0.0,1.0,0.0,0.0,0.0,0.0,0,0,0,0,0
17441,-1,0,-0.66545856,0.33951452,0,1,unassigned,67.0,67.0,0.0,1.0,0.0,0.0,0.12572534,0.0,0,0,0,0,0
17442,1,0,3.4715998,0.96986884,1,0,test,8.0,8.0,0.0,1.0,0.0,0.0,0.0116054155,0.0,0,0,1,1,1
17443,-1,0,2.0763233,0.8885805,1,1,unassigned,7.0,7.0,0.0,1.0,0.0,0.0,0.00967118,0.0,0,0,0,1,0
17444,-1,0,2.2597563,0.9054887,1,1,unassigned,3.0,3.0,0.0,1.0,0.0,0.0,0.001934236,0.0,0,0,0,1,1
17445,-1,0,-0.05859536,0.48535535,0,1,unassigned,96.0,94.0,2.0,0.9791667,0.020833334,0.020833313,0.18181819,0.003787879,0,0,0,0,0
17446,-1,0,-0.42340893,0.3957013,0,1,unassigned,10.0,10.0,0.0,1.0,0.0,0.0,0.015473888,0.0,0,0,0,0,0
17447,-1,0,-0.27285942,0.43220526,0,1,unassigned,49.0,48.0,1.0,0.97959185,0.020408163,0.020408154,0.09090909,0.0018552876,0,0,0,0,0
17448,-1,0,-0.5263605,0.3713661,0,1,unassigned,129.0,127.0,2.0,0.9844961,0.015503876,0.015503883,0.24564797,0.0038084956,0,0,0,0,0
17449,1,1,0.18778431,0.5468086,1,0,val,34.0,32.0,2.0,0.9411765,0.05882353,0.058823526,0.061895553,0.0036409148,1,0,1,1,0
17450,-1,1,-0.19283861,0.4519392,0,1,unassigned,55.0,45.0,10.0,0.8181818,0.18181819,0.18181819,0.102514505,0.018639002,1,0,0,0,0
17451,-1,1,-0.5322089,0.37000185,0,1,unassigned,63.0,63.0,0.0,1.0,0.0,0.0,0.11798839,0.0,1,0,0,0,0
17452,-1,1,1.9715579,0.87777835,1,1,unassigned,21.0,20.0,1.0,0.95238096,0.04761905,0.047619045,0.036750484,0.0017500231,1,0,0,1,0
17453,-1,0,3.2806556,0.9637592,1,1,unassigned,21.0,21.0,0.0,1.0,0.0,0.0,0.036750484,0.0,0,0,0,1,1
17454,-1,1,0.07507843,0.5187608,1,1,unassigned,75.0,72.0,3.0,0.96,0.04,0.04000002,0.14119923,0.005647969,1,0,0,1,0
17455,1,0,-0.4807663,0.38207117,0,1,unassigned,20.0,20.0,0.0,1.0,0.0,0.0,0.034816246,0.0,0,0,0,0,0
17456,-1,1,2.3433254,0.9124023,1,1,unassigned,57.0,57.0,0.0,1.0,0.0,0.0,0.10638298,0.0,1,0,0,1,1
17457,-1,1,1.9683149,0.87742996,1,1,unassigned,35.0,34.0,1.0,0.9714286,0.028571429,0.028571427,0.06382979,0.0018237082,1,0,0,1,0
17458,-1,0,2.2521188,0.9048332,1,1,unassigned,36.0,26.0,10.0,0.7222222,0.2777778,0.2777778,0.065764025,0.018267786,0,0,0,1,1
17459,-1,0,6.224899,0.99802446,1,1,unassigned,7.0,6.0,1.0,0.85714287,0.14285715,0.14285713,0.00967118,0.0013815971,0,0,0,1,1
17460,-1,0,0.21906263,0.55454767,1,1,unassigned,2.0,2.0,0.0,1.0,0.0,0.0,0.0,0.0,0,0,0,1,0
17461,-1,1,-0.019419909,0.49514517,0,1,unassigned,4.0,4.0,0.0,1.0,0.0,0.0,0.003868472,0.0,1,0,0,0,0
17462,0,0,6.623419,0.99867296,1,1,test,2.0,2.0,0.0,1.0,0.0,0.0,0.0,0.0,0,0,0,1,1
17463,0,0,-0.48971432,0.3799609,0,0,test,2.0,1.0,1.0,0.5,0.5,0.5,0.0,0.0,0,0,1,0,0
17464,-1,0,9.054037,0.99988306,1,1,unassigned,3.0,2.0,1.0,0.6666667,0.33333334,0.3333333,0.001934236,0.00064474536,0,0,0,1,1
17465,1,1,1.7342689,0.8499577,1,0,unassigned,65.0,63.0,2.0,0.9692308,0.03076923,0.030769229,0.12185687,0.003749442,1,0,1,1,0
17466,-1,1,-0.10527125,0.47370645,0,1,unassigned,3.0,3.0,0.0,1.0,0.0,0.0,0.001934236,0.0,1,0,0,0,0
17467,-1,0,11.383233,0.99998856,1,1,unassigned,9.0,8.0,1.0,0.8888889,0.11111111,0.111111104,0.013539651,0.0015044058,0,0,0,1,1
17468,-1,0,0.016939104,0.5042347,1,1,unassigned,3.0,2.0,1.0,0.6666667,0.33333334,0.3333333,0.001934236,0.00064474536,0,0,0,1,0
17469,1,1,-0.083687305,0.47909036,0,1,test,5.0,5.0,0.0,1.0,0.0,0.0,0.0058027077,0.0,1,0,0,0,0
17470,1,0,3.1778202,0.95999104,1,0,unassigned,9.0,9.0,0.0,1.0,0.0,0.0,0.013539651,0.0,0,0,1,1,1
17471,-1,1,6.7881856,0.99887425,1,1,unassigned,17.0,16.0,1.0,0.9411765,0.05882353,0.058823526,0.029013539,0.0017066788,1,0,0,1,1
17472,-1,1,2.624816,0.93244165,1,1,unassigned,4.0,3.0,1.0,0.75,0.25,0.25,0.003868472,0.000967118,1,0,0,1,1
17473,-1,0,0.012622416,0.5031556,1,1,unassigned,8.0,7.0,1.0,0.875,0.125,0.125,0.0116054155,0.0014506769,0,0,0,1,0
17474,-1,0,-0.09406784,0.47650036,0,1,unassigned,3.0,3.0,0.0,1.0,0.0,0.0,0.001934236,0.0,0,0,0,0,0
17475,-1,1,3.3785083,0.9670261,1,1,unassigned,2.0,2.0,0.0,1.0,0.0,0.0,0.0,0.0,1,0,0,1,1
17476,1,1,6.640304,0.9986951,1,0,val,5.0,5.0,0.0,1.0,0.0,0.0,0.0058027077,0.0,1,0,1,1,1
17477,0,0,-0.83885765,0.30177543,0,0,unassigned,2.0,2.0,0.0,1.0,0.0,0.0,0.0,0.0,0,0,1,0,0
17478,-1,1,2.53441,0.92651916,1,1,unassigned,2.0,2.0,0.0,1.0,0.0,0.0,0.0,0.0,1,0,0,1,1
17479,-1,1,2.831515,0.9443553,1,1,unassigned,5.0,5.0,0.0,1.0,0.0,0.0,0.0058027077,0.0,1,0,0,1,1
17480,-1,0,9.377743,0.99991536,1,1,unassigned,2.0,2.0,0.0,1.0,0.0,0.0,0.0,0.0,0,0,0,1,1
17481,-1,0,2.9380991,0.949698,1,1,unassigned,2.0,2.0,0.0,1.0,0.0,0.0,0.0,0.0,0,0,0,1,1
17482,0,0,0.005756557,0.5014391,1,1,val,30.0,29.0,1.0,0.96666664,0.033333335,0.03333336,0.054158606,0.001805287,0,0,0,1,0
17483,-1,0,0.32946783,0.5816299,1,1,unassigned,7.0,5.0,2.0,0.71428573,0.2857143,0.28571427,0.00967118,0.0027631943,0,0,0,1,0
17484,-1,1,3.7704427,0.97747713,1,1,unassigned,9.0,8.0,1.0,0.8888889,0.11111111,0.111111104,0.013539651,0.0015044058,1,0,0,1,1
17485,-1,1,0.6297203,0.652426,1,1,unassigned,3.0,3.0,0.0,1.0,0.0,0.0,0.001934236,0.0,1,0,0,1,0
17486,-1,0,0.9301284,0.7171013,1,1,unassigned,33.0,33.0,0.0,1.0,0.0,0.0,0.059961315,0.0,0,0,0,1,0
17487,-1,1,2.8211582,0.94380856,1,1,unassigned,8.0,4.0,4.0,0.5,0.5,0.5,0.0116054155,0.0058027077,1,0,0,1,1
17488,-1,0,-0.6886217,0.33433977,0,1,unassigned,49.0,49.0,0.0,1.0,0.0,0.0,0.09090909,0.0,0,0,0,0,0
17489,-1,0,-0.26201987,0.43486723,0,1,unassigned,33.0,32.0,1.0,0.969697,0.030303031,0.030303001,0.059961315,0.0018170096,0,0,0,0,0
17490,-1,0,-0.6838012,0.33541346,0,1,unassigned,17.0,16.0,1.0,0.9411765,0.05882353,0.058823526,0.029013539,0.0017066788,0,0,0,0,0
17491,0,0,-0.7394864,0.32311645,0,0,train,36.0,36.0,0.0,1.0,0.0,0.0,0.065764025,0.0,0,0,1,0,0
17492,-1,0,-0.46975237,0.38467488,0,1,unassigned,50.0,49.0,1.0,0.98,0.02,0.01999998,0.092843324,0.0018568664,0,0,0,0,0
17493,0,0,-0.48640436,0.38074094,0,0,unassigned,41.0,41.0,0.0,1.0,0.0,0.0,0.07543521,0.0,0,0,1,0,0
17494,-1,1,4.8902087,0.9925363,1,1,unassigned,3.0,3.0,0.0,1.0,0.0,0.0,0.001934236,0.0,1,0,0,1,1
17495,-1,0,-0.63436323,0.34652185,0,1,unassigned,94.0,92.0,2.0,0.9787234,0.021276595,0.021276593,0.17794971,0.0037861639,0,0,0,0,0
17496,-1,0,2.6575143,0.93447256,1,1,unassigned,4.0,4.0,0.0,1.0,0.0,0.0,0.003868472,0.0,0,0,0,1,1
17497,-1,1,3.2876503,0.9640027,1,1,unassigned,6.0,6.0,0.0,1.0,0.0,0.0,0.007736944,0.0,1,0,0,1,1
17498,1,1,2.5752578,0.92925215,1,0,unassigned,4.0,4.0,0.0,1.0,0.0,0.0,0.003868472,0.0,1,0,1,1,1
17499,-1,0,-0.5514491,0.3655283,0,1,unassigned,85.0,85.0,0.0,1.0,0.0,0.0,0.16054158,0.0,0,0,0,0,0
17500,-1,0,5.5522156,0.9961361,1,1,unassigned,15.0,15.0,0.0,1.0,0.0,0.0,0.025145067,0.0,0,0,0,1,1
17501,0,0,-0.7839427,0.31347078,0,0,val,56.0,53.0,3.0,0.9464286,0.05357143,0.053571403,0.10444874,0.0055954685,0,0,1,0,0
17502,-1,1,-0.27731296,0.43111268,0,1,unassigned,22.0,22.0,0.0,1.0,0.0,0.0,0.03868472,0.0,1,0,0,0,0
17503,-1,0,-0.02111137,0.49472234,0,1,unassigned,12.0,12.0,0.0,1.0,0.0,0.0,0.01934236,0.0,0,0,0,0,0
17504,0,0,-0.5393174,0.36834636,0,0,test,160.0,159.0,1.0,0.99375,0.00625,0.006250024,0.3056093,0.0019100581,0,0,1,0,0
17505,-1,0,-0.59277606,0.35599816,0,1,unassigned,172.0,169.0,3.0,0.98255813,0.017441861,0.017441869,0.3288201,0.005735235,0,0,0,0,0
17506,-1,0,-0.71908975,0.32759345,0,1,unassigned,135.0,133.0,2.0,0.9851852,0.014814815,0.014814794,0.25725338,0.003811161,0,0,0,0,0
17507,1,0,-0.7232459,0.3266786,0,1,unassigned,17.0,17.0,0.0,1.0,0.0,0.0,0.029013539,0.0,0,0,0,0,0
17508,1,0,7.6258073,0.99951255,1,0,test,13.0,13.0,0.0,1.0,0.0,0.0,0.021276595,0.0,0,0,1,1,1
17509,-1,0,-0.51149637,0.37484282,0,1,unassigned,18.0,17.0,1.0,0.9444444,0.055555556,0.055555582,0.030947777,0.0017193209,0,0,0,0,0
17510,-1,1,-0.06238246,0.48440942,0,1,unassigned,6.0,6.0,0.0,1.0,0.0,0.0,0.007736944,0.0,1,0,0,0,0
17511,-1,0,0.5512664,0.63442934,1,1,unassigned,2.0,1.0,1.0,0.5,0.5,0.5,0.0,0.0,0,0,0,1,0
17512,-1,0,-0.15737393,0.46073756,0,1,unassigned,18.0,16.0,2.0,0.8888889,0.11111111,0.111111104,0.030947777,0.0034386418,0,0,0,0,0
17513,-1,1,1.3882124,0.80030674,1,1,unassigned,16.0,15.0,1.0,0.9375,0.0625,0.0625,0.027079303,0.0016924564,1,0,0,1,0
17514,-1,1,-0.10164529,0.4746105,0,1,unassigned,4.0,4.0,0.0,1.0,0.0,0.0,0.003868472,0.0,1,0,0,0,0
17515,1,1,4.4181333,0.98808694,1,0,unassigned,17.0,15.0,2.0,0.88235295,0.11764706,0.11764705,0.029013539,0.0034133575,1,0,1,1,1
17516,-1,0,5.5161357,0.9959947,1,1,unassigned,16.0,11.0,5.0,0.6875,0.3125,0.3125,0.027079303,0.008462282,0,0,0,1,1
17517,1,0,-0.5042738,0.37653682,0,1,val,22.0,22.0,0.0,1.0,0.0,0.0,0.03868472,0.0,0,0,0,0,0
17518,-1,0,-0.34720013,0.41406155,0,1,unassigned,28.0,25.0,3.0,0.89285713,0.10714286,0.107142866,0.050290134,0.0053882287,0,0,0,0,0
17519,-1,0,-0.47444996,0.38356352,0,1,unassigned,17.0,17.0,0.0,1.0,0.0,0.0,0.029013539,0.0,0,0,0,0,0
17520,-1,0,-0.79207754,0.31172276,0,1,unassigned,66.0,66.0,0.0,1.0,0.0,0.0,0.123791106,0.0,0,0,0,0,0
17521,-1,0,0.092167675,0.52302563,1,1,unassigned,14.0,14.0,0.0,1.0,0.0,0.0,0.023210831,0.0,0,0,0,1,0
17522,-1,0,1.7166016,0.8476906,1,1,unassigned,16.0,14.0,2.0,0.875,0.125,0.125,0.027079303,0.0033849129,0,0,0,1,0
17523,-1,0,2.5837305,0.92980707,1,1,unassigned,6.0,6.0,0.0,1.0,0.0,0.0,0.007736944,0.0,0,0,0,1,1
17524,1,0,8.156682,0.99971324,1,0,unassigned,7.0,7.0,0.0,1.0,0.0,0.0,0.00967118,0.0,0,0,1,1,1
17525,-1,1,3.0973494,0.9567833,1,1,unassigned,2.0,1.0,1.0,0.5,0.5,0.5,0.0,0.0,1,0,0,1,1
17526,-1,1,0.70728093,0.66980004,1,1,unassigned,14.0,13.0,1.0,0.9285714,0.071428575,0.0714286,0.023210831,0.0016579166,1,0,0,1,0
17527,-1,0,3.3815777,0.96712387,1,1,unassigned,101.0,98.0,3.0,0.97029704,0.02970297,0.029702961,0.19148937,0.005687803,0,0,0,1,1
17528,-1,0,0.2379862,0.55921733,1,1,unassigned,26.0,20.0,6.0,0.7692308,0.23076923,0.23076922,0.046421662,0.010712692,0,0,0,1,0
17529,-1,0,8.595945,0.99981517,1,1,unassigned,10.0,10.0,0.0,1.0,0.0,0.0,0.015473888,0.0,0,0,0,1,1
17530,1,0,-0.60846037,0.3524105,0,1,unassigned,41.0,40.0,1.0,0.9756098,0.024390243,0.02439022,0.07543521,0.001839883,0,0,0,0,0
17531,-1,0,-0.3985147,0.40166926,0,1,unassigned,26.0,25.0,1.0,0.96153843,0.03846154,0.038461566,0.046421662,0.0017854486,0,0,0,0,0
17532,0,0,-0.30895427,0.42337003,0,0,unassigned,3.0,2.0,1.0,0.6666667,0.33333334,0.3333333,0.001934236,0.00064474536,0,0,1,0,0
17533,-1,1,1.3625438,0.7961728,1,1,unassigned,45.0,38.0,7.0,0.84444445,0.15555556,0.15555555,0.08317215,0.01293789,1,0,0,1,0
17534,-1,1,0.048268616,0.5120648,1,1,unassigned,3.0,3.0,0.0,1.0,0.0,0.0,0.001934236,0.0,1,0,0,1,0
17535,-1,1,0.8023966,0.6904869,1,1,unassigned,9.0,9.0,0.0,1.0,0.0,0.0,0.013539651,0.0,1,0,0,1,0
17536,-1,1,0.35332078,0.58742267,1,1,unassigned,31.0,29.0,2.0,0.9354839,0.06451613,0.06451613,0.056092843,0.003618893,1,0,0,1,0
17537,-1,1,0.082643926,0.52064925,1,1,unassigned,15.0,15.0,0.0,1.0,0.0,0.0,0.025145067,0.0,1,0,0,1,0
17538,-1,0,4.353353,0.98729974,1,1,unassigned,3.0,2.0,1.0,0.6666667,0.33333334,0.3333333,0.001934236,0.00064474536,0,0,0,1,1
17539,1,1,-0.6209916,0.34955597,0,1,unassigned,64.0,59.0,5.0,0.921875,0.078125,0.078125,0.11992263,0.009368955,1,0,0,0,0
17540,-1,0,6.9469686,0.99903935,1,1,unassigned,2.0,2.0,0.0,1.0,0.0,0.0,0.0,0.0,0,0,0,1,1
17541,-1,1,4.6894145,0.99089164,1,1,unassigned,7.0,7.0,0.0,1.0,0.0,0.0,0.00967118,0.0,1,0,0,1,1
17542,-1,0,0.46510786,0.6142252,1,1,unassigned,38.0,37.0,1.0,0.9736842,0.02631579,0.026315808,0.06963249,0.0018324341,0,0,0,1,0
17543,-1,0,0.07105374,0.517756,1,1,unassigned,18.0,18.0,0.0,1.0,0.0,0.0,0.030947777,0.0,0,0,0,1,0
17544,-1,0,-0.6605677,0.3406121,0,1,unassigned,46.0,46.0,0.0,1.0,0.0,0.0,0.08510638,0.0,0,0,0,0,0
17545,-1,0,2.1445415,0.89515764,1,1,unassigned,3.0,2.0,1.0,0.6666667,0.33333334,0.3333333,0.001934236,0.00064474536,0,0,0,1,0
17546,-1,1,2.006448,0.8814724,1,1,unassigned,2.0,2.0,0.0,1.0,0.0,0.0,0.0,0.0,1,0,0,1,0
17547,-1,0,-0.22799721,0.44324633,0,1,unassigned,159.0,159.0,0.0,1.0,0.0,0.0,0.30367506,0.0,0,0,0,0,0
17548,-1,1,-0.7187762,0.32766253,0,1,unassigned,32.0,26.0,6.0,0.8125,0.1875,0.1875,0.058027077,0.010880077,1,0,0,0,0
17549,-1,1,2.2387495,0.9036757,1,1,unassigned,14.0,9.0,5.0,0.64285713,0.35714287,0.35714287,0.023210831,0.008289583,1,0,0,1,1
17550,-1,0,-0.43415582,0.3931344,0,1,unassigned,42.0,34.0,8.0,0.8095238,0.1904762,0.19047618,0.07736944,0.014737036,0,0,0,0,0
17551,-1,0,-0.21936804,0.4453769,0,1,unassigned,64.0,61.0,3.0,0.953125,0.046875,0.046875,0.11992263,0.005621373,0,0,0,0,0
17552,-1,0,-0.2077798,0.44824108,0,1,unassigned,54.0,53.0,1.0,0.9814815,0.018518519,0.018518507,0.10058027,0.0018625975,0,0,0,0,0
17553,-1,1,0.28997952,0.57199115,1,1,unassigned,15.0,13.0,2.0,0.8666667,0.13333334,0.13333333,0.025145067,0.0033526758,1,0,0,1,0
17554,-1,1,-0.76424193,0.317726,0,1,unassigned,26.0,26.0,0.0,1.0,0.0,0.0,0.046421662,0.0,1,0,0,0,0
17555,-1,1,0.34471673,0.5853358,1,1,unassigned,20.0,19.0,1.0,0.95,0.05,0.050000012,0.034816246,0.0017408123,1,0,0,1,0
17556,-1,0,-0.43491596,0.39295307,0,1,unassigned,47.0,47.0,0.0,1.0,0.0,0.0,0.08704062,0.0,0,0,0,0,0
17557,-1,0,-0.068154335,0.48296803,0,1,unassigned,14.0,13.0,1.0,0.9285714,0.071428575,0.0714286,0.023210831,0.0016579166,0,0,0,0,0
17558,0,0,-0.48728654,0.380533,0,0,unassigned,33.0,33.0,0.0,1.0,0.0,0.0,0.059961315,0.0,0,0,1,0,0
17559,-1,0,0.61842304,0.64985985,1,1,unassigned,23.0,22.0,1.0,0.95652175,0.04347826,0.04347825,0.040618956,0.0017660416,0,0,0,1,0
17560,-1,0,-0.6571175,0.34138742,0,1,unassigned,87.0,87.0,0.0,1.0,0.0,0.0,0.16441005,0.0,0,0,0,0,0
17561,0,0,-0.3172437,0.42134762,0,0,unassigned,4.0,4.0,0.0,1.0,0.0,0.0,0.003868472,0.0,0,0,1,0,0
17562,-1,0,-0.19409606,0.45162776,0,1,unassigned,26.0,26.0,0.0,1.0,0.0,0.0,0.046421662,0.0,0,0,0,0,0
17563,-1,0,0.8700957,0.7047656,1,1,unassigned,9.0,9.0,0.0,1.0,0.0,0.0,0.013539651,0.0,0,0,0,1,0
17564,-1,0,-0.51977986,0.37290373,0,1,unassigned,30.0,30.0,0.0,1.0,0.0,0.0,0.054158606,0.0,0,0,0,0,0
17565,1,1,6.1698833,0.9979128,1,0,unassigned,9.0,9.0,0.0,1.0,0.0,0.0,0.013539651,0.0,1,0,1,1,1
17566,-1,0,-0.30786243,0.42363662,0,1,unassigned,4.0,3.0,1.0,0.75,0.25,0.25,0.003868472,0.000967118,0,0,0,0,0
17567,-1,0,0.14091933,0.5351716,1,1,unassigned,16.0,16.0,0.0,1.0,0.0,0.0,0.027079303,0.0,0,0,0,1,0
17568,-1,1,2.9965937,0.95242006,1,1,unassigned,13.0,13.0,0.0,1.0,0.0,0.0,0.021276595,0.0,1,0,0,1,1
17569,-1,0,0.72889334,0.6745624,1,1,unassigned,20.0,19.0,1.0,0.95,0.05,0.050000012,0.034816246,0.0017408123,0,0,0,1,0
17570,-1,1,0.95400935,0.7219207,1,1,unassigned,3.0,3.0,0.0,1.0,0.0,0.0,0.001934236,0.0,1,0,0,1,0
17571,-1,0,0.2363041,0.55880266,1,1,unassigned,14.0,14.0,0.0,1.0,0.0,0.0,0.023210831,0.0,0,0,0,1,0
17572,-1,1,5.2751136,0.99490863,1,1,unassigned,2.0,2.0,0.0,1.0,0.0,0.0,0.0,0.0,1,0,0,1,1
17573,-1,0,0.80047506,0.6900761,1,1,unassigned,2.0,2.0,0.0,1.0,0.0,0.0,0.0,0.0,0,0,0,1,0
17574,-1,0,0.07356143,0.5183821,1,1,unassigned,28.0,26.0,2.0,0.9285714,0.071428575,0.0714286,0.050290134,0.0035921526,0,0,0,1,0
17575,-1,0,-0.37410647,0.4075491,0,1,unassigned,12.0,12.0,0.0,1.0,0.0,0.0,0.01934236,0.0,0,0,0,0,0
17576,-1,1,6.933176,0.99902606,1,1,unassigned,18.0,12.0,6.0,0.6666667,0.33333334,0.3333333,0.030947777,0.010315926,1,0,0,1,1
17577,-1,0,0.058269203,0.5145632,1,1,unassigned,2.0,2.0,0.0,1.0,0.0,0.0,0.0,0.0,0,0,0,1,0
17578,-1,1,1.792234,0.857201,1,1,unassigned,2.0,2.0,0.0,1.0,0.0,0.0,0.0,0.0,1,0,0,1,0
17579,-1,0,-0.7956978,0.31094655,0,1,unassigned,20.0,17.0,3.0,0.85,0.15,0.14999998,0.034816246,0.005222437,0,0,0,0,0
17580,-1,0,-0.6668607,0.33920014,0,1,unassigned,47.0,45.0,2.0,0.9574468,0.04255319,0.042553186,0.08704062,0.003703856,0,0,0,0,0
17581,-1,0,0.8825112,0.7073423,1,1,unassigned,28.0,23.0,5.0,0.8214286,0.17857143,0.1785714,0.050290134,0.008980381,0,0,0,1,0
17582,-1,0,0.49164897,0.6204948,1,1,unassigned,53.0,51.0,2.0,0.9622642,0.03773585,0.03773582,0.09864604,0.0037224921,0,0,0,1,0
17583,-1,1,2.8477316,0.94520134,1,1,unassigned,19.0,16.0,3.0,0.84210527,0.15789473,0.15789473,0.032882012,0.0051918966,1,0,0,1,1
17584,-1,0,-0.75879353,0.31890824,0,1,unassigned,3.0,3.0,0.0,1.0,0.0,0.0,0.001934236,0.0,0,0,0,0,0
17585,-1,1,0.24582607,0.5611489,1,1,unassigned,3.0,3.0,0.0,1.0,0.0,0.0,0.001934236,0.0,1,0,0,1,0
17586,-1,0,-0.4361478,0.39265925,0,1,unassigned,13.0,12.0,1.0,0.9230769,0.07692308,0.07692307,0.021276595,0.0016366612,0,0,0,0,0
17587,-1,1,1.393542,0.80115706,1,1,unassigned,64.0,62.0,2.0,0.96875,0.03125,0.03125,0.11992263,0.0037475822,1,0,0,1,0
17588,1,0,8.183665,0.9997209,1,0,unassigned,3.0,2.0,1.0,0.6666667,0.33333334,0.3333333,0.001934236,0.00064474536,0,0,1,1,1
17589,-1,1,0.8648117,0.70366496,1,1,unassigned,23.0,23.0,0.0,1.0,0.0,0.0,0.040618956,0.0,1,0,0,1,0
17590,-1,1,-0.35396641,0.4124209,0,1,unassigned,99.0,88.0,11.0,0.8888889,0.11111111,0.111111104,0.1876209,0.020846765,1,0,0,0,0
17591,-1,0,1.382642,0.79941493,1,1,unassigned,5.0,5.0,0.0,1.0,0.0,0.0,0.0058027077,0.0,0,0,0,1,0
17592,-1,0,0.1357652,0.5338893,1,1,unassigned,3.0,3.0,0.0,1.0,0.0,0.0,0.001934236,0.0,0,0,0,1,0
17593,-1,0,-0.45687187,0.38772815,0,1,unassigned,5.0,5.0,0.0,1.0,0.0,0.0,0.0058027077,0.0,0,0,0,0,0
17594,-1,1,0.42176694,0.603906,1,1,unassigned,3.0,3.0,0.0,1.0,0.0,0.0,0.001934236,0.0,1,0,0,1,0
17595,0,0,-0.35336837,0.4125658,0,0,test,15.0,13.0,2.0,0.8666667,0.13333334,0.13333333,0.025145067,0.0033526758,0,0,1,0,0
17596,-1,0,-0.34055066,0.41567573,0,1,unassigned,3.0,2.0,1.0,0.6666667,0.33333334,0.3333333,0.001934236,0.00064474536,0,0,0,0,0
17597,0,1,0.0076426268,0.5019107,1,1,unassigned,15.0,15.0,0.0,1.0,0.0,0.0,0.025145067,0.0,1,0,0,1,0
17598,-1,0,1.7917788,0.85714525,1,1,unassigned,4.0,4.0,0.0,1.0,0.0,0.0,0.003868472,0.0,0,0,0,1,0
17599,-1,1,1.9593837,0.8764663,1,1,unassigned,6.0,5.0,1.0,0.8333333,0.16666667,0.16666669,0.007736944,0.0012894907,1,0,0,1,0
17600,-1,0,-0.42603552,0.3950734,0,1,unassigned,31.0,31.0,0.0,1.0,0.0,0.0,0.056092843,0.0,0,0,0,0,0
17601,-1,0,-0.50878817,0.37547767,0,1,unassigned,115.0,110.0,5.0,0.95652175,0.04347826,0.04347825,0.21856867,0.0095029855,0,0,0,0,0
17602,-1,0,2.7183213,0.9380991,1,1,unassigned,3.0,3.0,0.0,1.0,0.0,0.0,0.001934236,0.0,0,0,0,1,1
17603,-1,1,9.538803,0.999928,1,1,unassigned,5.0,5.0,0.0,1.0,0.0,0.0,0.0058027077,0.0,1,0,0,1,1
17604,-1,0,-0.8048368,0.30899185,0,1,unassigned,26.0,26.0,0.0,1.0,0.0,0.0,0.046421662,0.0,0,0,0,0,0
17605,-1,0,9.408594,0.999918,1,1,unassigned,14.0,14.0,0.0,1.0,0.0,0.0,0.023210831,0.0,0,0,0,1,1
17606,-1,0,14.057735,0.99999917,1,1,unassigned,93.0,93.0,0.0,1.0,0.0,0.0,0.17601547,0.0,0,0,0,1,1
17607,-1,1,5.5408454,0.99609214,1,1,unassigned,17.0,17.0,0.0,1.0,0.0,0.0,0.029013539,0.0,1,0,0,1,1
17608,-1,0,9.459809,0.99992204,1,1,unassigned,2.0,2.0,0.0,1.0,0.0,0.0,0.0,0.0,0,0,0,1,1
17609,-1,0,-0.32062188,0.42052418,0,1,unassigned,96.0,94.0,2.0,0.9791667,0.020833334,0.020833313,0.18181819,0.003787879,0,0,0,0,0
17610,-1,0,-0.3908723,0.40350735,0,1,unassigned,38.0,38.0,0.0,1.0,0.0,0.0,0.06963249,0.0,0,0,0,0,0
17611,-1,1,0.25269628,0.56284,1,1,unassigned,3.0,3.0,0.0,1.0,0.0,0.0,0.001934236,0.0,1,0,0,1,0
17612,-1,0,-0.7936959,0.31137565,0,1,unassigned,46.0,46.0,0.0,1.0,0.0,0.0,0.08510638,0.0,0,0,0,0,0
17613,-1,0,-0.46805894,0.38507578,0,1,unassigned,22.0,22.0,0.0,1.0,0.0,0.0,0.03868472,0.0,0,0,0,0,0
17614,-1,0,-0.42551723,0.3951973,0,1,unassigned,12.0,12.0,0.0,1.0,0.0,0.0,0.01934236,0.0,0,0,0,0,0
17615,-1,0,0.19292587,0.5480824,1,1,unassigned,45.0,45.0,0.0,1.0,0.0,0.0,0.08317215,0.0,0,0,0,1,0
17616,-1,0,-0.56120634,0.36326838,0,1,unassigned,67.0,66.0,1.0,0.98507464,0.014925373,0.014925361,0.12572534,0.0018764976,0,0,0,0,0
17617,-1,0,-0.7555077,0.31962237,0,1,unassigned,12.0,11.0,1.0,0.9166667,0.083333336,0.08333331,0.01934236,0.0016118633,0,0,0,0,0
17618,-1,0,1.4216316,0.805594,1,1,unassigned,8.0,8.0,0.0,1.0,0.0,0.0,0.0116054155,0.0,0,0,0,1,0
17619,0,0,-0.24950954,0.43794423,0,0,unassigned,73.0,73.0,0.0,1.0,0.0,0.0,0.13733076,0.0,0,0,1,0,0
17620,-1,1,0.82832175,0.6959999,1,1,unassigned,122.0,102.0,20.0,0.8360656,0.16393442,0.16393441,0.23210831,0.038050544,1,0,0,1,0
17621,-1,1,7.273581,0.9993068,1,1,unassigned,2.0,1.0,1.0,0.5,0.5,0.5,0.0,0.0,1,0,0,1,1
17622,-1,0,-0.9172289,0.28552285,0,1,unassigned,2.0,2.0,0.0,1.0,0.0,0.0,0.0,0.0,0,0,0,0,0
17623,-1,0,-0.8524024,0.29892915,0,1,unassigned,121.0,119.0,2.0,0.9834711,0.016528925,0.016528904,0.23017408,0.00380453,0,0,0,0,0
17624,-1,0,-0.8184894,0.30608442,0,1,unassigned,33.0,32.0,1.0,0.969697,0.030303031,0.030303001,0.059961315,0.0018170096,0,0,0,0,0
17625,-1,1,4.8261313,0.99204636,1,1,unassigned,2.0,2.0,0.0,1.0,0.0,0.0,0.0,0.0,1,0,0,1,1
17626,-1,0,6.3535256,0.99826247,1,1,unassigned,5.0,5.0,0.0,1.0,0.0,0.0,0.0058027077,0.0,0,0,0,1,1
17627,-1,1,3.1264668,0.95797133,1,1,unassigned,2.0,1.0,1.0,0.5,0.5,0.5,0.0,0.0,1,0,0,1,1
17628,-1,0,1.5280082,0.82171476,1,1,unassigned,5.0,5.0,0.0,1.0,0.0,0.0,0.0058027077,0.0,0,0,0,1,0
17629,-1,1,2.8338082,0.94447565,1,1,unassigned,13.0,12.0,1.0,0.9230769,0.07692308,0.07692307,0.021276595,0.0016366612,1,0,0,1,1
17630,-1,0,-0.5839425,0.35802594,0,1,unassigned,61.0,60.0,1.0,0.9836066,0.016393442,0.016393423,0.114119925,0.0018708183,0,0,0,0,0
17631,0,0,-0.34911615,0.41359678,0,0,unassigned,7.0,6.0,1.0,0.85714287,0.14285715,0.14285713,0.00967118,0.0013815971,0,0,1,0,0
17632,0,0,-0.45731866,0.38762212,0,0,unassigned,47.0,47.0,0.0,1.0,0.0,0.0,0.08704062,0.0,0,0,1,0,0
17633,-1,0,1.1897404,0.76669466,1,1,unassigned,15.0,14.0,1.0,0.93333334,0.06666667,0.06666666,0.025145067,0.0016763379,0,0,0,1,0
17634,-1,1,0.30736417,0.57624173,1,1,unassigned,19.0,19.0,0.0,1.0,0.0,0.0,0.032882012,0.0,1,0,0,1,0
17635,-1,0,-0.17052469,0.45747185,0,1,unassigned,4.0,4.0,0.0,1.0,0.0,0.0,0.003868472,0.0,0,0,0,0,0
17636,-1,0,-0.6422762,0.34473217,0,1,unassigned,61.0,60.0,1.0,0.9836066,0.016393442,0.016393423,0.114119925,0.0018708183,0,0,0,0,0
17637,1,0,1.0804298,0.7465753,1,0,val,4.0,4.0,0.0,1.0,0.0,0.0,0.003868472,0.0,0,0,1,1,0
17638,-1,0,-0.2990614,0.42578697,0,1,unassigned,42.0,41.0,1.0,0.97619045,0.023809524,0.023809552,0.07736944,0.0018421295,0,0,0,0,0
17639,0,0,-0.5468546,0.36659446,0,0,val,173.0,166.0,7.0,0.95953757,0.040462427,0.040462434,0.33075434,0.013383123,0,0,1,0,0
17640,-1,0,0.9064619,0.7122756,1,1,unassigned,5.0,3.0,2.0,0.6,0.4,0.39999998,0.0058027077,0.002321083,0,0,0,1,0
17641,-1,0,-0.5508043,0.3656778,0,1,unassigned,89.0,86.0,3.0,0.96629214,0.033707865,0.033707857,0.16827853,0.00567231,0,0,0,0,0
17642,-1,0,-0.2007181,0.4499883,0,1,unassigned,3.0,3.0,0.0,1.0,0.0,0.0,0.001934236,0.0,0,0,0,0,0
17643,-1,0,3.3691661,0.96672684,1,1,unassigned,2.0,2.0,0.0,1.0,0.0,0.0,0.0,0.0,0,0,0,1,1
17644,-1,1,3.152535,0.95900846,1,1,unassigned,3.0,3.0,0.0,1.0,0.0,0.0,0.001934236,0.0,1,0,0,1,1
17645,-1,0,-0.480492,0.38213596,0,1,unassigned,45.0,44.0,1.0,0.9777778,0.022222223,0.02222222,0.08317215,0.0018482701,0,0,0,0,0
17646,-1,1,5.040796,0.99357295,1,1,unassigned,31.0,28.0,3.0,0.9032258,0.09677419,0.09677422,0.056092843,0.0054283394,1,0,0,1,1
17647,0,0,-0.7709793,0.3162673,0,0,unassigned,45.0,45.0,0.0,1.0,0.0,0.0,0.08317215,0.0,0,0,1,0,0
17648,-1,0,-0.53662163,0.36897382,0,1,unassigned,144.0,144.0,0.0,1.0,0.0,0.0,0.2746615,0.0,0,0,0,0,0
17649,1,0,0.22242743,0.55537874,1,0,unassigned,19.0,19.0,0.0,1.0,0.0,0.0,0.032882012,0.0,0,0,1,1,0
17650,-1,0,-0.6187477,0.3500663,0,1,unassigned,53.0,52.0,1.0,0.9811321,0.018867925,0.01886791,0.09864604,0.0018612461,0,0,0,0,0
17651,-1,0,-0.58361566,0.35810104,0,1,unassigned,43.0,37.0,6.0,0.8604651,0.13953489,0.13953489,0.079303674,0.011065629,0,0,0,0,0
17652,-1,0,-0.12823212,0.4679858,0,1,unassigned,24.0,22.0,2.0,0.9166667,0.083333336,0.08333331,0.04255319,0.0035460992,0,0,0,0,0
17653,-1,0,-0.7614483,0.3183319,0,1,unassigned,60.0,59.0,1.0,0.98333335,0.016666668,0.01666665,0.11218569,0.0018697615,0,0,0,0,0
17654,1,0,-0.5133541,0.3744076,0,1,val,78.0,77.0,1.0,0.98717946,0.012820513,0.012820542,0.14700194,0.0018846402,0,0,0,0,0
17655,-1,0,0.016164362,0.504041,1,1,unassigned,33.0,33.0,0.0,1.0,0.0,0.0,0.059961315,0.0,0,0,0,1,0
17656,-1,1,6.2016873,0.99797815,1,1,unassigned,13.0,10.0,3.0,0.7692308,0.23076923,0.23076922,0.021276595,0.0049099834,1,0,0,1,1
17657,-1,0,-0.6763862,0.33706835,0,1,unassigned,35.0,35.0,0.0,1.0,0.0,0.0,0.06382979,0.0,0,0,0,0,0
17658,-1,0,-0.81489456,0.3068485,0,1,unassigned,37.0,36.0,1.0,0.972973,0.027027028,0.02702701,0.06769826,0.0018296828,0,0,0,0,0
17659,-1,0,-0.57606894,0.35983762,0,1,unassigned,15.0,15.0,0.0,1.0,0.0,0.0,0.025145067,0.0,0,0,0,0,0
17660,0,0,-0.63526225,0.3463183,0,0,unassigned,13.0,8.0,5.0,0.61538464,0.3846154,0.38461536,0.021276595,0.008183306,0,0,1,0,0
17661,-1,0,-0.4476356,0.38992307,0,1,unassigned,21.0,21.0,0.0,1.0,0.0,0.0,0.036750484,0.0,0,0,0,0,0
17662,-1,0,9.487612,0.9999242,1,1,unassigned,29.0,26.0,3.0,0.8965517,0.10344828,0.10344827,0.05222437,0.005402521,0,0,0,1,1
17663,-1,0,-0.5771347,0.35959217,0,1,unassigned,34.0,34.0,0.0,1.0,0.0,0.0,0.061895553,0.0,0,0,0,0,0
17664,-1,0,-0.7589523,0.31887376,0,1,unassigned,5.0,5.0,0.0,1.0,0.0,0.0,0.0058027077,0.0,0,0,0,0,0
17665,-1,1,-0.58580756,0.35759738,0,1,unassigned,11.0,6.0,5.0,0.54545456,0.45454547,0.45454544,0.017408123,0.007912784,1,0,0,0,0
17666,-1,0,-0.0422408,0.48944137,0,1,unassigned,4.0,4.0,0.0,1.0,0.0,0.0,0.003868472,0.0,0,0,0,0,0
17667,-1,0,7.5694737,0.9994843,1,1,unassigned,31.0,26.0,5.0,0.83870965,0.16129032,0.16129035,0.056092843,0.009047233,0,0,0,1,1
17668,-1,1,2.5822067,0.92970765,1,1,unassigned,3.0,3.0,0.0,1.0,0.0,0.0,0.001934236,0.0,1,0,0,1,1
17669,-1,0,-0.89978623,0.28909442,0,1,unassigned,40.0,40.0,0.0,1.0,0.0,0.0,0.07350097,0.0,0,0,0,0,0
17670,-1,0,0.016894162,0.50422347,1,1,unassigned,5.0,5.0,0.0,1.0,0.0,0.0,0.0058027077,0.0,0,0,0,1,0
17671,-1,1,9.227909,0.9999018,1,1,unassigned,8.0,8.0,0.0,1.0,0.0,0.0,0.0116054155,0.0,1,0,0,1,1
17672,-1,1,-0.35593548,0.41194382,0,1,unassigned,126.0,124.0,2.0,0.984127,0.015873017,0.015873015,0.23984526,0.0038070679,1,0,0,0,0
17673,-1,0,-0.07509214,0.4812358,0,1,unassigned,13.0,13.0,0.0,1.0,0.0,0.0,0.021276595,0.0,0,0,0,0,0
17674,-1,0,-0.30754247,0.4237147,0,1,unassigned,15.0,15.0,0.0,1.0,0.0,0.0,0.025145067,0.0,0,0,0,0,0
17675,-1,0,-0.89576477,0.2899216,0,1,unassigned,49.0,49.0,0.0,1.0,0.0,0.0,0.09090909,0.0,0,0,0,0,0
17676,-1,0,2.8193862,0.94371444,1,1,unassigned,3.0,3.0,0.0,1.0,0.0,0.0,0.001934236,0.0,0,0,0,1,1
17677,1,0,3.123824,0.9578649,1,0,test,3.0,3.0,0.0,1.0,0.0,0.0,0.001934236,0.0,0,0,1,1,1
17678,-1,0,-0.3592741,0.4111353,0,1,unassigned,2.0,2.0,0.0,1.0,0.0,0.0,0.0,0.0,0,0,0,0,0
17679,-1,0,-0.49340534,0.3790917,0,1,unassigned,26.0,26.0,0.0,1.0,0.0,0.0,0.046421662,0.0,0,0,0,0,0
17680,-1,0,-0.6270821,0.34817246,0,1,unassigned,32.0,32.0,0.0,1.0,0.0,0.0,0.058027077,0.0,0,0,0,0,0
17681,-1,0,4.929833,0.9928242,1,1,unassigned,11.0,11.0,0.0,1.0,0.0,0.0,0.017408123,0.0,0,0,0,1,1
17682,-1,0,0.009696424,0.50242406,1,1,unassigned,38.0,37.0,1.0,0.9736842,0.02631579,0.026315808,0.06963249,0.0018324341,0,0,0,1,0
17683,-1,0,-0.29521817,0.42672682,0,1,unassigned,15.0,15.0,0.0,1.0,0.0,0.0,0.025145067,0.0,0,0,0,0,0
17684,-1,0,-0.06331104,0.48417753,0,1,unassigned,16.0,16.0,0.0,1.0,0.0,0.0,0.027079303,0.0,0,0,0,0,0
17685,-1,0,-0.03118217,0.49220508,0,1,unassigned,22.0,22.0,0.0,1.0,0.0,0.0,0.03868472,0.0,0,0,0,0,0
17686,-1,0,-0.88350517,0.29245195,0,1,unassigned,116.0,114.0,2.0,0.98275864,0.01724138,0.017241359,0.2205029,0.003801774,0,0,0,0,0
17687,-1,0,-0.87013686,0.29522583,0,1,unassigned,103.0,103.0,0.0,1.0,0.0,0.0,0.19535783,0.0,0,0,0,0,0
17688,-1,0,-0.33187944,0.4177834,0,1,unassigned,35.0,35.0,0.0,1.0,0.0,0.0,0.06382979,0.0,0,0,0,0,0
17689,-1,0,-0.9160831,0.28575665,0,1,unassigned,132.0,91.0,41.0,0.68939394,0.31060606,0.31060606,0.2514507,0.078102104,0,0,0,0,0
17690,-1,1,5.8523746,0.99713516,1,1,unassigned,2.0,2.0,0.0,1.0,0.0,0.0,0.0,0.0,1,0,0,1,1
17691,-1,0,0.57089716,0.63897014,1,1,unassigned,17.0,17.0,0.0,1.0,0.0,0.0,0.029013539,0.0,0,0,0,1,0
17692,-1,0,-0.90069145,0.28890842,0,1,unassigned,150.0,148.0,2.0,0.9866667,0.013333334,0.013333321,0.28626692,0.0038168924,0,0,0,0,0
17693,0,0,-0.8924997,0.29059425,0,0,unassigned,109.0,108.0,1.0,0.9908257,0.0091743115,0.009174287,0.20696326,0.0018987454,0,0,1,0,0
17694,-1,0,-0.11182773,0.4720722,0,1,unassigned,49.0,48.0,1.0,0.97959185,0.020408163,0.020408154,0.09090909,0.0018552876,0,0,0,0,0
17695,-1,0,0.038874567,0.5097174,1,1,unassigned,27.0,27.0,0.0,1.0,0.0,0.0,0.0483559,0.0,0,0,0,1,0
17696,-1,1,-0.19122076,0.45233995,0,1,unassigned,9.0,1.0,8.0,0.11111111,0.8888889,0.8888889,0.013539651,0.012035246,1,1,0,0,0
17697,-1,0,-0.82493126,0.3047179,0,1,unassigned,59.0,59.0,0.0,1.0,0.0,0.0,0.11025145,0.0,0,0,0,0,0
17698,-1,0,-0.38585413,0.40471575,0,1,unassigned,32.0,32.0,0.0,1.0,0.0,0.0,0.058027077,0.0,0,0,0,0,0
17699,1,1,3.8122828,0.97838,1,0,val,5.0,4.0,1.0,0.8,0.2,0.19999999,0.0058027077,0.0011605415,1,0,1,1,1
17700,-1,0,3.8646767,0.97946095,1,1,unassigned,3.0,2.0,1.0,0.6666667,0.33333334,0.3333333,0.001934236,0.00064474536,0,0,0,1,1
17701,-1,0,3.299493,0.96441144,1,1,unassigned,12.0,11.0,1.0,0.9166667,0.083333336,0.08333331,0.01934236,0.0016118633,0,0,0,1,1
17702,-1,0,2.706497,0.9374089,1,1,unassigned,14.0,14.0,0.0,1.0,0.0,0.0,0.023210831,0.0,0,0,0,1,1
17703,-1,0,8.337223,0.99976057,1,1,unassigned,12.0,1.0,11.0,0.083333336,0.9166667,0.9166667,0.01934236,0.017730497,0,0,0,1,1
17704,-1,0,0.15969604,0.5398393,1,1,unassigned,39.0,38.0,1.0,0.974359,0.025641026,0.025641024,0.07156673,0.0018350444,0,0,0,1,0
17705,-1,0,-0.27746075,0.4310764,0,1,unassigned,122.0,116.0,6.0,0.9508197,0.04918033,0.04918033,0.23210831,0.011415163,0,0,0,0,0
17706,-1,0,1.3334589,0.7914122,1,1,unassigned,73.0,73.0,0.0,1.0,0.0,0.0,0.13733076,0.0,0,0,0,1,0
17707,-1,0,1.945813,0.8749894,1,1,unassigned,28.0,26.0,2.0,0.9285714,0.071428575,0.0714286,0.050290134,0.0035921526,0,0,0,1,0
17708,-1,1,0.56235665,0.63699764,1,1,unassigned,6.0,5.0,1.0,0.8333333,0.16666667,0.16666669,0.007736944,0.0012894907,1,0,0,1,0
17709,-1,0,-0.41737717,0.39714456,0,1,unassigned,5.0,5.0,0.0,1.0,0.0,0.0,0.0058027077,0.0,0,0,0,0,0
17710,-1,0,-0.3302654,0.41817603,0,1,unassigned,7.0,7.0,0.0,1.0,0.0,0.0,0.00967118,0.0,0,0,0,0,0
17711,-1,1,1.9689081,0.8774938,1,1,unassigned,3.0,3.0,0.0,1.0,0.0,0.0,0.001934236,0.0,1,0,0,1,0
17712,-1,0,6.5763364,0.998609,1,1,unassigned,13.0,13.0,0.0,1.0,0.0,0.0,0.021276595,0.0,0,0,0,1,1
17713,-1,1,-0.47707242,0.3829437,0,1,unassigned,5.0,1.0,4.0,0.2,0.8,0.8,0.0058027077,0.004642166,1,1,0,0,0
17714,-1,0,-0.5704018,0.36114413,0,1,unassigned,3.0,2.0,1.0,0.6666667,0.33333334,0.3333333,0.001934236,0.00064474536,0,0,0,0,0
17715,0,0,-0.37083066,0.40834028,0,0,test,3.0,3.0,0.0,1.0,0.0,0.0,0.001934236,0.0,0,0,1,0,0
17716,-1,0,-0.66036016,0.34065872,0,1,unassigned,28.0,27.0,1.0,0.96428573,0.035714287,0.03571427,0.050290134,0.0017960763,0,0,0,0,0
17717,-1,0,-0.27329496,0.43209836,0,1,unassigned,10.0,10.0,0.0,1.0,0.0,0.0,0.015473888,0.0,0,0,0,0,0
17718,0,0,-0.69868416,0.33210403,0,0,test,50.0,50.0,0.0,1.0,0.0,0.0,0.092843324,0.0,0,0,1,0,0
17719,1,0,5.260168,0.9948324,1,0,unassigned,10.0,10.0,0.0,1.0,0.0,0.0,0.015473888,0.0,0,0,1,1,1
17720,-1,0,-0.79835826,0.31037682,0,1,unassigned,43.0,42.0,1.0,0.9767442,0.023255814,0.023255825,0.079303674,0.0018442714,0,0,0,0,0
17721,-1,0,-0.28015485,0.4304158,0,1,unassigned,35.0,35.0,0.0,1.0,0.0,0.0,0.06382979,0.0,0,0,0,0,0
17722,-1,0,-0.8815905,0.2928483,0,1,unassigned,49.0,48.0,1.0,0.97959185,0.020408163,0.020408154,0.09090909,0.0018552876,0,0,0,0,0
17723,-1,0,4.8367467,0.9921296,1,1,unassigned,9.0,9.0,0.0,1.0,0.0,0.0,0.013539651,0.0,0,0,0,1,1
17724,1,0,11.394468,0.9999888,1,0,unassigned,2.0,1.0,1.0,0.5,0.5,0.5,0.0,0.0,0,0,1,1,1
17725,-1,0,-0.5142407,0.37419996,0,1,unassigned,64.0,64.0,0.0,1.0,0.0,0.0,0.11992263,0.0,0,0,0,0,0
17726,-1,0,4.948273,0.9929543,1,1,unassigned,10.0,8.0,2.0,0.8,0.2,0.19999999,0.015473888,0.0030947777,0,0,0,1,1
17727,-1,0,-0.69242436,0.33349398,0,1,unassigned,152.0,152.0,0.0,1.0,0.0,0.0,0.29013538,0.0,0,0,0,0,0
17728,-1,0,-0.27666768,0.43127096,0,1,unassigned,85.0,84.0,1.0,0.9882353,0.011764706,0.011764705,0.16054158,0.0018887245,0,0,0,0,0
17729,-1,0,-0.80608314,0.30872577,0,1,unassigned,54.0,54.0,0.0,1.0,0.0,0.0,0.10058027,0.0,0,0,0,0,0
17730,-1,0,-0.8333943,0.30292785,0,1,unassigned,62.0,60.0,2.0,0.9677419,0.032258064,0.032258093,0.116054155,0.0037436823,0,0,0,0,0
17731,-1,1,-0.3000268,0.42555094,0,1,unassigned,21.0,17.0,4.0,0.8095238,0.1904762,0.19047618,0.036750484,0.0070000924,1,0,0,0,0
17732,-1,0,-0.18042278,0.45501626,0,1,unassigned,16.0,16.0,0.0,1.0,0.0,0.0,0.027079303,0.0,0,0,0,0,0
17733,0,0,-0.399745,0.4013736,0,0,test,63.0,61.0,2.0,0.96825397,0.031746034,0.03174603,0.11798839,0.0037456634,0,0,1,0,0
17734,-1,0,-0.121313035,0.4697089,0,1,unassigned,19.0,19.0,0.0,1.0,0.0,0.0,0.032882012,0.0,0,0,0,0,0
17735,-1,0,-0.7261939,0.32603052,0,1,unassigned,5.0,4.0,1.0,0.8,0.2,0.19999999,0.0058027077,0.0011605415,0,0,0,0,0
17736,-1,0,-0.5596766,0.3636223,0,1,unassigned,9.0,9.0,0.0,1.0,0.0,0.0,0.013539651,0.0,0,0,0,0,0
17737,-1,0,-0.38815713,0.40416104,0,1,unassigned,15.0,12.0,3.0,0.8,0.2,0.19999999,0.025145067,0.0050290134,0,0,0,0,0
17738,-1,0,-0.34481707,0.41463983,0,1,unassigned,4.0,4.0,0.0,1.0,0.0,0.0,0.003868472,0.0,0,0,0,0,0
17739,-1,0,3.021979,0.95355725,1,1,unassigned,3.0,2.0,1.0,0.6666667,0.33333334,0.3333333,0.001934236,0.00064474536,0,0,0,1,1
17740,-1,0,-0.28351858,0.42959136,0,1,unassigned,11.0,11.0,0.0,1.0,0.0,0.0,0.017408123,0.0,0,0,0,0,0
17741,-1,0,-0.49200928,0.37942037,0,1,unassigned,14.0,12.0,2.0,0.85714287,0.14285715,0.14285713,0.023210831,0.0033158332,0,0,0,0,0
17742,-1,0,3.7835944,0.9777648,1,1,unassigned,12.0,12.0,0.0,1.0,0.0,0.0,0.01934236,0.0,0,0,0,1,1
17743,-1,1,-0.76822984,0.31686217,0,1,unassigned,2.0,2.0,0.0,1.0,0.0,0.0,0.0,0.0,1,0,0,0,0
17744,-1,0,-0.15758628,0.46068478,0,1,unassigned,12.0,12.0,0.0,1.0,0.0,0.0,0.01934236,0.0,0,0,0,0,0
17745,-1,0,-0.58873814,0.35692444,0,1,unassigned,2.0,2.0,0.0,1.0,0.0,0.0,0.0,0.0,0,0,0,0,0
17746,-1,0,-0.33635253,0.4166958,0,1,unassigned,21.0,21.0,0.0,1.0,0.0,0.0,0.036750484,0.0,0,0,0,0,0
17747,-1,0,-0.26000917,0.4353615,0,1,unassigned,25.0,25.0,0.0,1.0,0.0,0.0,0.044487428,0.0,0,0,0,0,0
17748,-1,0,-0.44897074,0.38960552,0,1,unassigned,44.0,41.0,3.0,0.9318182,0.06818182,0.06818181,0.08123791,0.005538949,0,0,0,0,0
17749,-1,0,-0.018165112,0.49545887,0,1,unassigned,4.0,3.0,1.0,0.75,0.25,0.25,0.003868472,0.000967118,0,0,0,0,0
17750,-1,1,-0.035209298,0.4911986,0,1,unassigned,2.0,2.0,0.0,1.0,0.0,0.0,0.0,0.0,1,0,0,0,0
17751,-1,0,-0.46666947,0.38540486,0,1,unassigned,20.0,20.0,0.0,1.0,0.0,0.0,0.034816246,0.0,0,0,0,0,0
17752,-1,0,-0.7258878,0.3260978,0,1,unassigned,97.0,94.0,3.0,0.96907216,0.030927835,0.030927837,0.18375242,0.0056830645,0,0,0,0,0
17753,-1,0,-0.5128874,0.3745169,0,1,unassigned,49.0,46.0,3.0,0.93877554,0.06122449,0.06122446,0.09090909,0.005565863,0,0,0,0,0
17754,-1,0,0.28792292,0.57148755,1,1,unassigned,91.0,90.0,1.0,0.989011,0.010989011,0.01098901,0.172147,0.0018917253,0,0,0,1,0
17755,-1,0,1.2308755,0.7739718,1,1,unassigned,23.0,23.0,0.0,1.0,0.0,0.0,0.040618956,0.0,0,0,0,1,0
17756,-1,0,2.3434627,0.9124132,1,1,unassigned,23.0,21.0,2.0,0.9130435,0.08695652,0.0869565,0.040618956,0.0035320832,0,0,0,1,1
17757,-1,0,-0.705206,0.330659,0,1,unassigned,38.0,36.0,2.0,0.94736844,0.05263158,0.052631557,0.06963249,0.0036648682,0,0,0,0,0
17758,0,0,-0.47864246,0.38257274,0,0,val,50.0,49.0,1.0,0.98,0.02,0.01999998,0.092843324,0.0018568664,0,0,1,0,0
17759,0,0,-0.6260007,0.34841794,0,0,unassigned,80.0,80.0,0.0,1.0,0.0,0.0,0.15087041,0.0,0,0,1,0,0
17760,-1,0,-0.28674197,0.4288017,0,1,unassigned,67.0,66.0,1.0,0.98507464,0.014925373,0.014925361,0.12572534,0.0018764976,0,0,0,0,0
17761,-1,1,0.15140194,0.5377783,1,1,unassigned,16.0,2.0,14.0,0.125,0.875,0.875,0.027079303,0.02369439,1,1,0,1,0
17762,-1,0,0.6311701,0.65275466,1,1,unassigned,11.0,10.0,1.0,0.90909094,0.09090909,0.090909064,0.017408123,0.0015825568,0,0,0,1,0
17763,-1,1,-0.14717501,0.4632725,0,1,unassigned,7.0,7.0,0.0,1.0,0.0,0.0,0.00967118,0.0,1,0,0,0,0
17764,-1,0,-0.69054276,0.33391237,0,1,unassigned,31.0,30.0,1.0,0.9677419,0.032258064,0.032258093,0.056092843,0.0018094465,0,0,0,0,0
17765,-1,0,0.90456456,0.7118866,1,1,unassigned,71.0,71.0,0.0,1.0,0.0,0.0,0.13346228,0.0,0,0,0,1,0
17766,-1,0,0.23858494,0.5593649,1,1,unassigned,2.0,2.0,0.0,1.0,0.0,0.0,0.0,0.0,0,0,0,1,0
17767,1,0,-0.07973844,0.48007596,0,1,val,35.0,35.0,0.0,1.0,0.0,0.0,0.06382979,0.0,0,0,0,0,0
17768,-1,0,-0.90764976,0.287481,0,1,unassigned,43.0,43.0,0.0,1.0,0.0,0.0,0.079303674,0.0,0,0,0,0,0
17769,-1,0,-0.10819602,0.47297734,0,1,unassigned,7.0,7.0,0.0,1.0,0.0,0.0,0.00967118,0.0,0,0,0,0,0
17770,-1,0,-0.8870103,0.2917272,0,1,unassigned,57.0,56.0,1.0,0.98245615,0.01754386,0.017543852,0.10638298,0.0018663681,0,0,0,0,0
17771,-1,1,-0.8270256,0.30427435,0,1,unassigned,2.0,2.0,0.0,1.0,0.0,0.0,0.0,0.0,1,0,0,0,0
17772,-1,0,-0.50038713,0.3774497,0,1,unassigned,109.0,109.0,0.0,1.0,0.0,0.0,0.20696326,0.0,0,0,0,0,0
17773,0,0,-0.58635134,0.35747245,0,0,unassigned,27.0,27.0,0.0,1.0,0.0,0.0,0.0483559,0.0,0,0,1,0,0
17774,-1,0,-0.23328742,0.4419412,0,1,unassigned,11.0,8.0,3.0,0.72727275,0.27272728,0.27272725,0.017408123,0.00474767,0,0,0,0,0
17775,-1,1,3.5386899,0.97176886,1,1,unassigned,4.0,4.0,0.0,1.0,0.0,0.0,0.003868472,0.0,1,0,0,1,1
17776,-1,1,-0.48340696,0.38144794,0,1,unassigned,15.0,15.0,0.0,1.0,0.0,0.0,0.025145067,0.0,1,0,0,0,0
17777,-1,0,0.2810799,0.5698109,1,1,unassigned,4.0,4.0,0.0,1.0,0.0,0.0,0.003868472,0.0,0,0,0,1,0
17778,-1,0,-0.25206208,0.437316,0,1,unassigned,2.0,2.0,0.0,1.0,0.0,0.0,0.0,0.0,0,0,0,0,0
17779,-1,0,-0.91153383,0.2866861,0,1,unassigned,41.0,39.0,2.0,0.9512195,0.048780486,0.0487805,0.07543521,0.003679766,0,0,0,0,0
17780,1,0,0.10099119,0.52522635,1,0,unassigned,20.0,19.0,1.0,0.95,0.05,0.050000012,0.034816246,0.0017408123,0,0,1,1,0
17781,-1,0,-0.12772506,0.46811208,0,1,unassigned,31.0,31.0,0.0,1.0,0.0,0.0,0.056092843,0.0,0,0,0,0,0
17782,-1,0,-0.08068466,0.4798397,0,1,unassigned,4.0,4.0,0.0,1.0,0.0,0.0,0.003868472,0.0,0,0,0,0,0
17783,-1,1,-0.7705632,0.31635728,0,1,unassigned,46.0,44.0,2.0,0.95652175,0.04347826,0.04347825,0.08510638,0.0037002775,1,0,0,0,0
17784,-1,0,-0.7102518,0.3295432,0,1,unassigned,112.0,110.0,2.0,0.98214287,0.017857144,0.017857134,0.21276596,0.0037993924,0,0,0,0,0
17785,-1,0,-0.31914988,0.42088294,0,1,unassigned,145.0,141.0,4.0,0.9724138,0.027586207,0.027586222,0.27659574,0.007630227,0,0,0,0,0
17786,-1,0,-0.5240208,0.3719125,0,1,unassigned,41.0,41.0,0.0,1.0,0.0,0.0,0.07543521,0.0,0,0,0,0,0
17787,-1,0,-0.66523325,0.339565,0,1,unassigned,16.0,16.0,0.0,1.0,0.0,0.0,0.027079303,0.0,0,0,0,0,0
17788,-1,0,-0.4560631,0.3879202,0,1,unassigned,11.0,11.0,0.0,1.0,0.0,0.0,0.017408123,0.0,0,0,0,0,0
17789,-1,0,-0.08873069,0.47783187,0,1,unassigned,32.0,32.0,0.0,1.0,0.0,0.0,0.058027077,0.0,0,0,0,0,0
17790,-1,0,-0.75237066,0.32030496,0,1,unassigned,21.0,21.0,0.0,1.0,0.0,0.0,0.036750484,0.0,0,0,0,0,0
17791,-1,0,0.09055537,0.52262336,1,1,unassigned,4.0,3.0,1.0,0.75,0.25,0.25,0.003868472,0.000967118,0,0,0,1,0
17792,-1,0,2.3831122,0.91553044,1,1,unassigned,5.0,5.0,0.0,1.0,0.0,0.0,0.0058027077,0.0,0,0,0,1,1
17793,-1,0,0.14717942,0.53672856,1,1,unassigned,21.0,21.0,0.0,1.0,0.0,0.0,0.036750484,0.0,0,0,0,1,0
17794,-1,0,4.6639886,0.99065936,1,1,unassigned,16.0,16.0,0.0,1.0,0.0,0.0,0.027079303,0.0,0,0,0,1,1
17795,-1,1,-0.2927155,0.42733917,0,1,unassigned,37.0,37.0,0.0,1.0,0.0,0.0,0.06769826,0.0,1,0,0,0,0
17796,-1,1,5.328286,0.995171,1,1,unassigned,35.0,34.0,1.0,0.9714286,0.028571429,0.028571427,0.06382979,0.0018237082,1,0,0,1,1
17797,-1,0,-0.9001866,0.28901213,0,1,unassigned,24.0,23.0,1.0,0.9583333,0.041666668,0.041666687,0.04255319,0.0017730496,0,0,0,0,0
17798,-1,0,-0.41767877,0.39707232,0,1,unassigned,29.0,29.0,0.0,1.0,0.0,0.0,0.05222437,0.0,0,0,0,0,0
17799,-1,0,1.3848045,0.7997615,1,1,unassigned,3.0,3.0,0.0,1.0,0.0,0.0,0.001934236,0.0,0,0,0,1,0
17800,1,0,-0.21155092,0.44730863,0,1,unassigned,5.0,5.0,0.0,1.0,0.0,0.0,0.0058027077,0.0,0,0,0,0,0
17801,-1,0,-0.6198425,0.34981725,0,1,unassigned,2.0,2.0,0.0,1.0,0.0,0.0,0.0,0.0,0,0,0,0,0
17802,-1,0,-0.62950975,0.3476217,0,1,unassigned,2.0,2.0,0.0,1.0,0.0,0.0,0.0,0.0,0,0,0,0,0
17803,-1,0,4.304046,0.9866664,1,1,unassigned,16.0,16.0,0.0,1.0,0.0,0.0,0.027079303,0.0,0,0,0,1,1
17804,-1,0,-0.49759012,0.37810716,0,1,unassigned,33.0,32.0,1.0,0.969697,0.030303031,0.030303001,0.059961315,0.0018170096,0,0,0,0,0
17805,-1,0,-0.64460206,0.344207,0,1,unassigned,26.0,26.0,0.0,1.0,0.0,0.0,0.046421662,0.0,0,0,0,0,0
17806,-1,1,2.184385,0.8988385,1,1,unassigned,6.0,6.0,0.0,1.0,0.0,0.0,0.007736944,0.0,1,0,0,1,0
17807,0,0,-0.35815144,0.41140714,0,0,unassigned,10.0,10.0,0.0,1.0,0.0,0.0,0.015473888,0.0,0,0,1,0,0
17808,-1,1,-0.034709275,0.49132356,0,1,unassigned,7.0,5.0,2.0,0.71428573,0.2857143,0.28571427,0.00967118,0.0027631943,1,0,0,0,0
17809,-1,0,-0.87782073,0.29362956,0,1,unassigned,9.0,8.0,1.0,0.8888889,0.11111111,0.111111104,0.013539651,0.0015044058,0,0,0,0,0
17810,0,1,-0.2758388,0.43147424,0,0,unassigned,4.0,4.0,0.0,1.0,0.0,0.0,0.003868472,0.0,1,0,1,0,0
17811,-1,0,4.7121797,0.9910948,1,1,unassigned,4.0,3.0,1.0,0.75,0.25,0.25,0.003868472,0.000967118,0,0,0,1,1
17812,-1,0,3.1731997,0.9598132,1,1,unassigned,2.0,2.0,0.0,1.0,0.0,0.0,0.0,0.0,0,0,0,1,1
17813,-1,0,-0.12927854,0.46772528,0,1,unassigned,22.0,22.0,0.0,1.0,0.0,0.0,0.03868472,0.0,0,0,0,0,0
17814,-1,0,0.847665,0.7000771,1,1,unassigned,3.0,3.0,0.0,1.0,0.0,0.0,0.001934236,0.0,0,0,0,1,0
17815,1,0,3.6663668,0.9750683,1,0,unassigned,12.0,12.0,0.0,1.0,0.0,0.0,0.01934236,0.0,0,0,1,1,1
17816,0,0,-0.3553276,0.41209105,0,0,val,60.0,59.0,1.0,0.98333335,0.016666668,0.01666665,0.11218569,0.0018697615,0,0,1,0,0
17817,-1,0,0.15425515,0.5384875,1,1,unassigned,19.0,19.0,0.0,1.0,0.0,0.0,0.032882012,0.0,0,0,0,1,0
17818,-1,0,-0.8837291,0.2924056,0,1,unassigned,86.0,86.0,0.0,1.0,0.0,0.0,0.16247582,0.0,0,0,0,0,0
17819,-1,0,-0.8502174,0.29938728,0,1,unassigned,3.0,3.0,0.0,1.0,0.0,0.0,0.001934236,0.0,0,0,0,0,0
17820,-1,0,2.1970985,0.89998865,1,1,unassigned,83.0,80.0,3.0,0.96385545,0.036144577,0.036144555,0.15667312,0.0056628836,0,0,0,1,0
17821,-1,0,-0.5704918,0.36112335,0,1,unassigned,44.0,44.0,0.0,1.0,0.0,0.0,0.08123791,0.0,0,0,0,0,0
17822,-1,0,0.049016774,0.51225173,1,1,unassigned,9.0,9.0,0.0,1.0,0.0,0.0,0.013539651,0.0,0,0,0,1,0
17823,0,0,0.19477206,0.54853964,1,1,test,32.0,31.0,1.0,0.96875,0.03125,0.03125,0.058027077,0.0018133462,0,0,0,1,0
17824,-1,0,-0.68579614,0.3349689,0,1,unassigned,78.0,78.0,0.0,1.0,0.0,0.0,0.14700194,0.0,0,0,0,0,0
17825,-1,0,0.3342774,0.58279973,1,1,unassigned,3.0,3.0,0.0,1.0,0.0,0.0,0.001934236,0.0,0,0,0,1,0
17826,-1,0,5.0673957,0.9937406,1,1,unassigned,3.0,3.0,0.0,1.0,0.0,0.0,0.001934236,0.0,0,0,0,1,1
17827,0,0,-0.6839714,0.33537552,0,0,val,14.0,13.0,1.0,0.9285714,0.071428575,0.0714286,0.023210831,0.0016579166,0,0,1,0,0
17828,-1,0,1.8455665,0.8636057,1,1,unassigned,3.0,3.0,0.0,1.0,0.0,0.0,0.001934236,0.0,0,0,0,1,0
17829,-1,0,-0.87860876,0.29346618,0,1,unassigned,31.0,31.0,0.0,1.0,0.0,0.0,0.056092843,0.0,0,0,0,0,0
17830,-1,1,-0.71950334,0.32750237,0,1,unassigned,138.0,122.0,16.0,0.884058,0.11594203,0.115942,0.2630561,0.030499259,1,0,0,0,0
17831,-1,0,-0.8591174,0.29752377,0,1,unassigned,95.0,94.0,1.0,0.9894737,0.010526316,0.0105262995,0.17988394,0.0018935152,0,0,0,0,0
17832,-1,0,-0.8808414,0.29300344,0,1,unassigned,55.0,54.0,1.0,0.9818182,0.018181818,0.0181818,0.102514505,0.0018639,0,0,0,0,0
17833,0,0,-0.5386133,0.36851025,0,0,test,56.0,56.0,0.0,1.0,0.0,0.0,0.10444874,0.0,0,0,1,0,0
17834,-1,0,-0.9123552,0.28651813,0,1,unassigned,95.0,95.0,0.0,1.0,0.0,0.0,0.17988394,0.0,0,0,0,0,0
17835,-1,1,3.8482049,0.979127,1,1,unassigned,12.0,11.0,1.0,0.9166667,0.083333336,0.08333331,0.01934236,0.0016118633,1,0,0,1,1
17836,-1,0,-0.03225702,0.49193642,0,1,unassigned,25.0,23.0,2.0,0.92,0.08,0.07999998,0.044487428,0.003558994,0,0,0,0,0
17837,-1,0,-0.7582835,0.31901905,0,1,unassigned,11.0,11.0,0.0,1.0,0.0,0.0,0.017408123,0.0,0,0,0,0,0
17838,-1,0,2.3091073,0.9096285,1,1,unassigned,51.0,51.0,0.0,1.0,0.0,0.0,0.09477756,0.0,0,0,0,1,1
17839,-1,0,1.5847981,0.829883,1,1,unassigned,2.0,1.0,1.0,0.5,0.5,0.5,0.0,0.0,0,0,0,1,0
17840,-1,1,1.5560277,0.82578266,1,1,unassigned,5.0,5.0,0.0,1.0,0.0,0.0,0.0058027077,0.0,1,0,0,1,0
17841,-1,1,2.9258077,0.9491075,1,1,unassigned,17.0,12.0,5.0,0.7058824,0.29411766,0.29411763,0.029013539,0.008533394,1,0,0,1,1
17842,-1,0,-0.831828,0.3032587,0,1,unassigned,81.0,80.0,1.0,0.9876543,0.012345679,0.012345672,0.15280464,0.0018864771,0,0,0,0,0
17843,-1,0,-0.93361676,0.28219154,0,1,unassigned,62.0,61.0,1.0,0.983871,0.016129032,0.016129017,0.116054155,0.0018718411,0,0,0,0,0
17844,-1,1,3.4372637,0.96884906,1,1,unassigned,3.0,2.0,1.0,0.6666667,0.33333334,0.3333333,0.001934236,0.00064474536,1,0,0,1,1
17845,-1,1,4.294139,0.9865355,1,1,unassigned,3.0,3.0,0.0,1.0,0.0,0.0,0.001934236,0.0,1,0,0,1,1
17846,-1,0,2.2812731,0.9073142,1,1,unassigned,2.0,2.0,0.0,1.0,0.0,0.0,0.0,0.0,0,0,0,1,1
17847,-1,0,-0.8199525,0.30577374,0,1,unassigned,49.0,49.0,0.0,1.0,0.0,0.0,0.09090909,0.0,0,0,0,0,0
17848,-1,0,1.8419211,0.86317575,1,1,unassigned,3.0,3.0,0.0,1.0,0.0,0.0,0.001934236,0.0,0,0,0,1,0
17849,0,0,-0.52596223,0.37145913,0,0,val,6.0,5.0,1.0,0.8333333,0.16666667,0.16666669,0.007736944,0.0012894907,0,0,1,0,0
17850,-1,0,-0.19290602,0.4519225,0,1,unassigned,41.0,41.0,0.0,1.0,0.0,0.0,0.07543521,0.0,0,0,0,0,0
17851,1,0,0.31919074,0.57912695,1,0,val,4.0,3.0,1.0,0.75,0.25,0.25,0.003868472,0.000967118,0,0,1,1,0
17852,-1,0,4.348573,0.98723966,1,1,unassigned,4.0,4.0,0.0,1.0,0.0,0.0,0.003868472,0.0,0,0,0,1,1
17853,-1,0,-0.5368901,0.36891133,0,1,unassigned,54.0,52.0,2.0,0.962963,0.037037037,0.037037015,0.10058027,0.003725195,0,0,0,0,0
17854,1,1,0.34311873,0.5849479,1,0,val,2.0,2.0,0.0,1.0,0.0,0.0,0.0,0.0,1,0,1,1,0
17855,-1,0,-0.95932597,0.27701315,0,1,unassigned,2.0,2.0,0.0,1.0,0.0,0.0,0.0,0.0,0,0,0,0,0
17856,-1,0,-0.8191367,0.30594698,0,1,unassigned,28.0,25.0,3.0,0.89285713,0.10714286,0.107142866,0.050290134,0.0053882287,0,0,0,0,0
17857,-1,0,-0.6608821,0.3405415,0,1,unassigned,42.0,40.0,2.0,0.95238096,0.04761905,0.047619045,0.07736944,0.003684259,0,0,0,0,0
17858,-1,0,-0.09967017,0.47510308,0,1,unassigned,23.0,22.0,1.0,0.95652175,0.04347826,0.04347825,0.040618956,0.0017660416,0,0,0,0,0
17859,-1,0,-0.20278177,0.44947752,0,1,unassigned,8.0,7.0,1.0,0.875,0.125,0.125,0.0116054155,0.0014506769,0,0,0,0,0
17860,-1,0,-0.9199618,0.28496566,0,1,unassigned,3.0,3.0,0.0,1.0,0.0,0.0,0.001934236,0.0,0,0,0,0,0
17861,1,1,8.270523,0.9997441,1,0,unassigned,31.0,26.0,5.0,0.83870965,0.16129032,0.16129035,0.056092843,0.009047233,1,0,1,1,1
17862,-1,1,-0.67982125,0.33630118,0,1,unassigned,3.0,3.0,0.0,1.0,0.0,0.0,0.001934236,0.0,1,0,0,0,0
17863,-1,1,3.1972454,0.96073055,1,1,unassigned,4.0,4.0,0.0,1.0,0.0,0.0,0.003868472,0.0,1,0,0,1,1
17864,0,0,-0.75786376,0.31911024,0,0,unassigned,31.0,30.0,1.0,0.9677419,0.032258064,0.032258093,0.056092843,0.0018094465,0,0,1,0,0
17865,-1,0,-0.55469114,0.3647767,0,1,unassigned,36.0,36.0,0.0,1.0,0.0,0.0,0.065764025,0.0,0,0,0,0,0
17866,-1,1,-0.38025597,0.40606517,0,1,unassigned,11.0,10.0,1.0,0.90909094,0.09090909,0.090909064,0.017408123,0.0015825568,1,0,0,0,0
17867,-1,0,3.678487,0.9753612,1,1,unassigned,6.0,6.0,0.0,1.0,0.0,0.0,0.007736944,0.0,0,0,0,1,1
17868,-1,0,0.97475725,0.7260667,1,1,unassigned,5.0,5.0,0.0,1.0,0.0,0.0,0.0058027077,0.0,0,0,0,1,0
17869,-1,0,2.2923524,0.9082416,1,1,unassigned,2.0,2.0,0.0,1.0,0.0,0.0,0.0,0.0,0,0,0,1,1
17870,-1,0,1.0904908,0.7484742,1,1,unassigned,6.0,5.0,1.0,0.8333333,0.16666667,0.16666669,0.007736944,0.0012894907,0,0,0,1,0
17871,-1,0,-0.5888455,0.3568998,0,1,unassigned,33.0,33.0,0.0,1.0,0.0,0.0,0.059961315,0.0,0,0,0,0,0
17872,-1,0,0.11915165,0.52975273,1,1,unassigned,11.0,11.0,0.0,1.0,0.0,0.0,0.017408123,0.0,0,0,0,1,0
17873,-1,0,0.17411917,0.54342014,1,1,unassigned,15.0,15.0,0.0,1.0,0.0,0.0,0.025145067,0.0,0,0,0,1,0
17874,-1,1,-0.78067875,0.31417364,0,1,unassigned,55.0,55.0,0.0,1.0,0.0,0.0,0.102514505,0.0,1,0,0,0,0
17875,-1,0,0.8242524,0.6951383,1,1,unassigned,11.0,10.0,1.0,0.90909094,0.09090909,0.090909064,0.017408123,0.0015825568,0,0,0,1,0
17876,-1,0,-0.7080003,0.33004084,0,1,unassigned,5.0,5.0,0.0,1.0,0.0,0.0,0.0058027077,0.0,0,0,0,0,0
17877,-1,0,-0.27496818,0.43168783,0,1,unassigned,20.0,20.0,0.0,1.0,0.0,0.0,0.034816246,0.0,0,0,0,0,0
17878,-1,0,2.7935865,0.9423283,1,1,unassigned,21.0,21.0,0.0,1.0,0.0,0.0,0.036750484,0.0,0,0,0,1,1
17879,-1,1,5.316667,0.9951149,1,1,unassigned,7.0,7.0,0.0,1.0,0.0,0.0,0.00967118,0.0,1,0,0,1,1
17880,-1,0,-0.7879696,0.3126048,0,1,unassigned,27.0,25.0,2.0,0.9259259,0.074074075,0.07407409,0.0483559,0.0035819185,0,0,0,0,0
17881,-1,0,0.07476556,0.51868266,1,1,unassigned,174.0,172.0,2.0,0.9885057,0.011494253,0.011494279,0.3326886,0.0038240068,0,0,0,1,0
17882,-1,0,0.23570532,0.558655,1,1,unassigned,23.0,23.0,0.0,1.0,0.0,0.0,0.040618956,0.0,0,0,0,1,0
17883,-1,0,1.4779294,0.8142596,1,1,unassigned,16.0,16.0,0.0,1.0,0.0,0.0,0.027079303,0.0,0,0,0,1,0
17884,-1,0,-0.36581042,0.40955377,0,1,unassigned,83.0,82.0,1.0,0.9879518,0.012048192,0.012048185,0.15667312,0.0018876279,0,0,0,0,0
17885,0,0,-0.5874683,0.35721594,0,0,unassigned,48.0,44.0,4.0,0.9166667,0.083333336,0.08333331,0.088974856,0.0074145715,0,0,1,0,0
17886,-1,0,-0.43359,0.39326942,0,1,unassigned,49.0,48.0,1.0,0.97959185,0.020408163,0.020408154,0.09090909,0.0018552876,0,0,0,0,0
17887,-1,0,-0.8016676,0.30966893,0,1,unassigned,30.0,29.0,1.0,0.96666664,0.033333335,0.03333336,0.054158606,0.001805287,0,0,0,0,0
17888,-1,0,5.4881263,0.99588144,1,1,unassigned,2.0,2.0,0.0,1.0,0.0,0.0,0.0,0.0,0,0,0,1,1
17889,-1,0,7.200374,0.9992543,1,1,unassigned,2.0,2.0,0.0,1.0,0.0,0.0,0.0,0.0,0,0,0,1,1
17890,0,1,-0.69635904,0.33261997,0,0,unassigned,14.0,13.0,1.0,0.9285714,0.071428575,0.0714286,0.023210831,0.0016579166,1,0,1,0,0
17891,-1,0,8.459961,0.9997882,1,1,unassigned,26.0,22.0,4.0,0.84615386,0.15384616,0.15384614,0.046421662,0.0071417945,0,0,0,1,1
17892,-1,0,-0.7026001,0.331236,0,1,unassigned,21.0,20.0,1.0,0.95238096,0.04761905,0.047619045,0.036750484,0.0017500231,0,0,0,0,0
17893,-1,0,-0.23715606,0.44098732,0,1,unassigned,12.0,12.0,0.0,1.0,0.0,0.0,0.01934236,0.0,0,0,0,0,0
17894,-1,0,-0.1761274,0.45608163,0,1,unassigned,7.0,7.0,0.0,1.0,0.0,0.0,0.00967118,0.0,0,0,0,0,0
17895,-1,0,-0.87066126,0.29511672,0,1,unassigned,65.0,65.0,0.0,1.0,0.0,0.0,0.12185687,0.0,0,0,0,0,0
17896,-1,0,2.726745,0.9385865,1,1,unassigned,31.0,30.0,1.0,0.9677419,0.032258064,0.032258093,0.056092843,0.0018094465,0,0,0,1,1
17897,0,0,-0.0685938,0.48285827,0,0,val,36.0,36.0,0.0,1.0,0.0,0.0,0.065764025,0.0,0,0,1,0,0
17898,-1,0,1.5550854,0.825647,1,1,unassigned,42.0,37.0,5.0,0.88095236,0.11904762,0.11904764,0.07736944,0.009210647,0,0,0,1,0
17899,-1,1,-0.4265765,0.3949441,0,1,unassigned,2.0,1.0,1.0,0.5,0.5,0.5,0.0,0.0,1,0,0,0,0
17900,-1,0,0.09426582,0.523549,1,1,unassigned,2.0,2.0,0.0,1.0,0.0,0.0,0.0,0.0,0,0,0,1,0
17901,-1,0,-0.4481991,0.38978904,0,1,unassigned,5.0,5.0,0.0,1.0,0.0,0.0,0.0058027077,0.0,0,0,0,0,0
17902,-1,0,1.2562866,0.7783862,1,1,unassigned,11.0,11.0,0.0,1.0,0.0,0.0,0.017408123,0.0,0,0,0,1,0
17903,-1,0,5.999065,0.99752504,1,1,unassigned,2.0,1.0,1.0,0.5,0.5,0.5,0.0,0.0,0,0,0,1,1
17904,-1,0,1.1068149,0.7515349,1,1,unassigned,2.0,2.0,0.0,1.0,0.0,0.0,0.0,0.0,0,0,0,1,0
17905,-1,0,0.8871499,0.70830166,1,1,unassigned,14.0,12.0,2.0,0.85714287,0.14285715,0.14285713,0.023210831,0.0033158332,0,0,0,1,0
17906,-1,0,-0.055297792,0.48617908,0,1,unassigned,22.0,21.0,1.0,0.95454544,0.045454547,0.04545456,0.03868472,0.0017583964,0,0,0,0,0
17907,-1,0,0.07275003,0.5181795,1,1,unassigned,34.0,34.0,0.0,1.0,0.0,0.0,0.061895553,0.0,0,0,0,1,0
17908,-1,0,1.3562949,0.79515684,1,1,unassigned,23.0,23.0,0.0,1.0,0.0,0.0,0.040618956,0.0,0,0,0,1,0
17909,-1,1,-0.008492291,0.49787694,0,1,unassigned,3.0,3.0,0.0,1.0,0.0,0.0,0.001934236,0.0,1,0,0,0,0
17910,1,0,-0.3273911,0.41887555,0,1,val,7.0,7.0,0.0,1.0,0.0,0.0,0.00967118,0.0,0,0,0,0,0
17911,-1,0,-0.2213467,0.44488814,0,1,unassigned,14.0,14.0,0.0,1.0,0.0,0.0,0.023210831,0.0,0,0,0,0,0
17912,-1,0,6.443856,0.99841225,1,1,unassigned,10.0,9.0,1.0,0.9,0.1,0.100000024,0.015473888,0.0015473888,0,0,0,1,1
17913,1,1,-0.0028175712,0.49929562,0,1,val,4.0,4.0,0.0,1.0,0.0,0.0,0.003868472,0.0,1,0,0,0,0
17914,-1,1,-0.61598206,0.35069582,0,1,unassigned,2.0,2.0,0.0,1.0,0.0,0.0,0.0,0.0,1,0,0,0,0
17915,-1,0,0.69593984,0.667287,1,1,unassigned,24.0,21.0,3.0,0.875,0.125,0.125,0.04255319,0.005319149,0,0,0,1,0
17916,1,0,0.04979247,0.51244557,1,0,unassigned,3.0,3.0,0.0,1.0,0.0,0.0,0.001934236,0.0,0,0,1,1,0
17917,-1,0,-0.74563193,0.32177383,0,1,unassigned,13.0,13.0,0.0,1.0,0.0,0.0,0.021276595,0.0,0,0,0,0,0
17918,-1,0,0.65189487,0.6574373,1,1,unassigned,51.0,50.0,1.0,0.98039216,0.019607844,0.019607842,0.09477756,0.0018583836,0,0,0,1,0
17919,-1,0,1.7433131,0.85110736,1,1,unassigned,143.0,142.0,1.0,0.993007,0.006993007,0.0069929957,0.27272728,0.0019071838,0,0,0,1,0
17920,-1,0,-0.7633811,0.31791264,0,1,unassigned,216.0,205.0,11.0,0.9490741,0.050925925,0.05092591,0.4139265,0.02107959,0,0,0,0,0
17921,-1,0,-0.03237921,0.4919059,0,1,unassigned,8.0,8.0,0.0,1.0,0.0,0.0,0.0116054155,0.0,0,0,0,0,0
17922,-1,0,-0.7216505,0.32702965,0,1,unassigned,77.0,77.0,0.0,1.0,0.0,0.0,0.14506769,0.0,0,0,0,0,0
17923,-1,0,-0.7688075,0.31673712,0,1,unassigned,47.0,47.0,0.0,1.0,0.0,0.0,0.08704062,0.0,0,0,0,0,0
17924,-1,1,-0.9416785,0.2805614,0,1,unassigned,3.0,3.0,0.0,1.0,0.0,0.0,0.001934236,0.0,1,0,0,0,0
17925,-1,1,0.59183747,0.6437866,1,1,unassigned,3.0,3.0,0.0,1.0,0.0,0.0,0.001934236,0.0,1,0,0,1,0
17926,-1,0,0.43160957,0.6062579,1,1,unassigned,3.0,2.0,1.0,0.6666667,0.33333334,0.3333333,0.001934236,0.00064474536,0,0,0,1,0
17927,-1,1,0.81592613,0.69337094,1,1,unassigned,9.0,9.0,0.0,1.0,0.0,0.0,0.013539651,0.0,1,0,0,1,0
17928,-1,1,6.3662214,0.9982843,1,1,unassigned,2.0,2.0,0.0,1.0,0.0,0.0,0.0,0.0,1,0,0,1,1
17929,-1,0,0.37919378,0.59367865,1,1,unassigned,35.0,35.0,0.0,1.0,0.0,0.0,0.06382979,0.0,0,0,0,1,0
17930,-1,1,1.9092543,0.8709353,1,1,unassigned,2.0,2.0,0.0,1.0,0.0,0.0,0.0,0.0,1,0,0,1,0
17931,-1,0,1.7428634,0.8510504,1,1,unassigned,23.0,20.0,3.0,0.8695652,0.13043478,0.13043481,0.040618956,0.0052981246,0,0,0,1,0
17932,-1,0,3.1800566,0.9600768,1,1,unassigned,29.0,28.0,1.0,0.9655172,0.03448276,0.034482777,0.05222437,0.0018008404,0,0,0,1,1
17933,-1,0,-0.22930208,0.44292435,0,1,unassigned,38.0,38.0,0.0,1.0,0.0,0.0,0.06963249,0.0,0,0,0,0,0
17934,-1,0,0.44611543,0.6097152,1,1,unassigned,4.0,4.0,0.0,1.0,0.0,0.0,0.003868472,0.0,0,0,0,1,0
17935,1,0,-0.080296755,0.47993657,0,1,unassigned,77.0,75.0,2.0,0.97402596,0.025974026,0.025974035,0.14506769,0.003767992,0,0,0,0,0
17936,-1,0,1.3577468,0.7953933,1,1,unassigned,49.0,45.0,4.0,0.9183673,0.08163265,0.081632674,0.09090909,0.0074211503,0,0,0,1,0
17937,0,0,-0.42558864,0.3951802,0,0,test,12.0,12.0,0.0,1.0,0.0,0.0,0.01934236,0.0,0,0,1,0,0
17938,-1,0,0.9927862,0.7296379,1,1,unassigned,25.0,25.0,0.0,1.0,0.0,0.0,0.044487428,0.0,0,0,0,1,0
17939,0,0,0.28328604,0.57035166,1,1,unassigned,25.0,24.0,1.0,0.96,0.04,0.04000002,0.044487428,0.001779497,0,0,0,1,0
17940,-1,0,10.072567,0.9999578,1,1,unassigned,2.0,1.0,1.0,0.5,0.5,0.5,0.0,0.0,0,0,0,1,1
17941,1,0,12.032507,0.99999404,1,0,train,3.0,3.0,0.0,1.0,0.0,0.0,0.001934236,0.0,0,0,1,1,1
17942,0,1,-0.5897953,0.35668182,0,0,unassigned,6.0,5.0,1.0,0.8333333,0.16666667,0.16666669,0.007736944,0.0012894907,1,0,1,0,0
17943,1,0,-0.14522195,0.46375817,0,1,unassigned,17.0,17.0,0.0,1.0,0.0,0.0,0.029013539,0.0,0,0,0,0,0
17944,-1,0,-0.73070043,0.32504106,0,1,unassigned,22.0,22.0,0.0,1.0,0.0,0.0,0.03868472,0.0,0,0,0,0,0
17945,-1,0,-0.92369676,0.28420523,0,1,unassigned,43.0,43.0,0.0,1.0,0.0,0.0,0.079303674,0.0,0,0,0,0,0
17946,-1,0,-0.7959034,0.3109025,0,1,unassigned,32.0,32.0,0.0,1.0,0.0,0.0,0.058027077,0.0,0,0,0,0,0
17947,-1,0,-0.72127116,0.32711312,0,1,unassigned,57.0,56.0,1.0,0.98245615,0.01754386,0.017543852,0.10638298,0.0018663681,0,0,0,0,0
17948,-1,0,-0.040917516,0.48977205,0,1,unassigned,41.0,41.0,0.0,1.0,0.0,0.0,0.07543521,0.0,0,0,0,0,0
17949,1,0,-0.45543924,0.38806832,0,1,test,67.0,66.0,1.0,0.98507464,0.014925373,0.014925361,0.12572534,0.0018764976,0,0,0,0,0
17950,-1,0,-0.37185585,0.40809265,0,1,unassigned,3.0,3.0,0.0,1.0,0.0,0.0,0.001934236,0.0,0,0,0,0,0
17951,-1,0,3.762429,0.97730005,1,1,unassigned,3.0,2.0,1.0,0.6666667,0.33333334,0.3333333,0.001934236,0.00064474536,0,0,0,1,1
17952,-1,1,12.149807,0.99999475,1,1,unassigned,2.0,2.0,0.0,1.0,0.0,0.0,0.0,0.0,1,0,0,1,1
17953,0,1,1.1954803,0.76771975,1,1,unassigned,4.0,4.0,0.0,1.0,0.0,0.0,0.003868472,0.0,1,0,0,1,0
17954,-1,1,0.39503866,0.597495,1,1,unassigned,16.0,14.0,2.0,0.875,0.125,0.125,0.027079303,0.0033849129,1,0,0,1,0
17955,1,0,1.3874063,0.8001779,1,0,unassigned,2.0,2.0,0.0,1.0,0.0,0.0,0.0,0.0,0,0,1,1,0
17956,-1,1,-0.067017555,0.48325187,0,1,unassigned,7.0,7.0,0.0,1.0,0.0,0.0,0.00967118,0.0,1,0,0,0,0
17957,-1,1,-0.76732,0.31705913,0,1,unassigned,133.0,127.0,6.0,0.9548872,0.04511278,0.04511279,0.25338492,0.011430899,1,0,0,0,0
17958,-1,1,2.4570143,0.9210729,1,1,unassigned,10.0,9.0,1.0,0.9,0.1,0.100000024,0.015473888,0.0015473888,1,0,0,1,1
17959,-1,0,4.937106,0.9928758,1,1,unassigned,16.0,15.0,1.0,0.9375,0.0625,0.0625,0.027079303,0.0016924564,0,0,0,1,1
17960,-1,0,1.3480968,0.7938183,1,1,unassigned,19.0,17.0,2.0,0.8947368,0.10526316,0.10526317,0.032882012,0.0034612645,0,0,0,1,0
17961,-1,0,-0.079646945,0.48009875,0,1,unassigned,9.0,8.0,1.0,0.8888889,0.11111111,0.111111104,0.013539651,0.0015044058,0,0,0,0,0
17962,-1,1,-0.005939245,0.4985152,0,1,unassigned,11.0,11.0,0.0,1.0,0.0,0.0,0.017408123,0.0,1,0,0,0,0
17963,-1,0,2.8593264,0.94579875,1,1,unassigned,3.0,3.0,0.0,1.0,0.0,0.0,0.001934236,0.0,0,0,0,1,1
17964,-1,0,0.4189676,0.60323614,1,1,unassigned,36.0,32.0,4.0,0.8888889,0.11111111,0.111111104,0.065764025,0.007307114,0,0,0,1,0
17965,-1,0,-0.8940104,0.2902829,0,1,unassigned,3.0,3.0,0.0,1.0,0.0,0.0,0.001934236,0.0,0,0,0,0,0
17966,-1,0,-0.70067024,0.33166364,0,1,unassigned,51.0,50.0,1.0,0.98039216,0.019607844,0.019607842,0.09477756,0.0018583836,0,0,0,0,0
17967,-1,0,3.4513948,0.9692728,1,1,unassigned,2.0,2.0,0.0,1.0,0.0,0.0,0.0,0.0,0,0,0,1,1
17968,-1,1,-0.76004994,0.31863543,0,1,unassigned,19.0,15.0,4.0,0.7894737,0.21052632,0.21052629,0.032882012,0.006922529,1,0,0,0,0
17969,-1,0,-0.12129006,0.4697146,0,1,unassigned,6.0,6.0,0.0,1.0,0.0,0.0,0.007736944,0.0,0,0,0,0,0
17970,-1,0,0.92905027,0.7168825,1,1,unassigned,10.0,10.0,0.0,1.0,0.0,0.0,0.015473888,0.0,0,0,0,1,0
17971,-1,0,-0.3739614,0.40758416,0,1,unassigned,2.0,1.0,1.0,0.5,0.5,0.5,0.0,0.0,0,0,0,0,0
17972,-1,0,-0.62633324,0.34834242,0,1,unassigned,21.0,21.0,0.0,1.0,0.0,0.0,0.036750484,0.0,0,0,0,0,0
17973,0,0,-0.5149044,0.3740445,0,0,unassigned,8.0,8.0,0.0,1.0,0.0,0.0,0.0116054155,0.0,0,0,1,0,0
17974,-1,0,-0.66263264,0.34014845,0,1,unassigned,2.0,2.0,0.0,1.0,0.0,0.0,0.0,0.0,0,0,0,0,0
17975,1,1,0.23782104,0.5591766,1,0,test,15.0,14.0,1.0,0.93333334,0.06666667,0.06666666,0.025145067,0.0016763379,1,0,1,1,0
17976,-1,1,-0.49047843,0.3797809,0,1,unassigned,3.0,3.0,0.0,1.0,0.0,0.0,0.001934236,0.0,1,0,0,0,0
17977,-1,1,-0.6114871,0.35172006,0,1,unassigned,15.0,15.0,0.0,1.0,0.0,0.0,0.025145067,0.0,1,0,0,0,0
17978,-1,0,-0.34422368,0.41478387,0,1,unassigned,2.0,2.0,0.0,1.0,0.0,0.0,0.0,0.0,0,0,0,0,0
17979,-1,1,-0.5584699,0.36390156,0,1,unassigned,20.0,18.0,2.0,0.9,0.1,0.100000024,0.034816246,0.0034816246,1,0,0,0,0
17980,-1,0,3.8114436,0.9783624,1,1,unassigned,7.0,7.0,0.0,1.0,0.0,0.0,0.00967118,0.0,0,0,0,1,1
17981,-1,0,-0.29890525,0.4258251,0,1,unassigned,42.0,42.0,0.0,1.0,0.0,0.0,0.07736944,0.0,0,0,0,0,0
17982,-1,1,1.9932661,0.88008827,1,1,unassigned,3.0,3.0,0.0,1.0,0.0,0.0,0.001934236,0.0,1,0,0,1,0
17983,-1,0,-0.7003192,0.33174148,0,1,unassigned,30.0,28.0,2.0,0.93333334,0.06666667,0.06666666,0.054158606,0.003610574,0,0,0,0,0
17984,-1,0,5.964007,0.997437,1,1,unassigned,19.0,19.0,0.0,1.0,0.0,0.0,0.032882012,0.0,0,0,0,1,1
17985,1,0,3.838117,0.97891986,1,0,test,4.0,3.0,1.0,0.75,0.25,0.25,0.003868472,0.000967118,0,0,1,1,1
17986,-1,0,-0.5702909,0.3611697,0,1,unassigned,49.0,49.0,0.0,1.0,0.0,0.0,0.09090909,0.0,0,0,0,0,0
17987,-1,0,-0.90796125,0.2874172,0,1,unassigned,43.0,42.0,1.0,0.9767442,0.023255814,0.023255825,0.079303674,0.0018442714,0,0,0,0,0
17988,-1,0,-0.515062,0.3740076,0,1,unassigned,47.0,46.0,1.0,0.9787234,0.021276595,0.021276593,0.08704062,0.001851928,0,0,0,0,0
17989,1,0,1.7797172,0.855662,1,0,unassigned,8.0,8.0,0.0,1.0,0.0,0.0,0.0116054155,0.0,0,0,1,1,0
17990,-1,0,-0.5706753,0.361081,0,1,unassigned,24.0,24.0,0.0,1.0,0.0,0.0,0.04255319,0.0,0,0,0,0,0
17991,-1,0,0.50511914,0.62366164,1,1,unassigned,72.0,71.0,1.0,0.9861111,0.013888889,0.0138888955,0.13539653,0.0018805073,0,0,0,1,0
17992,-1,0,4.562629,0.98967314,1,1,unassigned,5.0,4.0,1.0,0.8,0.2,0.19999999,0.0058027077,0.0011605415,0,0,0,1,1
17993,1,0,0.12194425,0.5304483,1,0,unassigned,2.0,2.0,0.0,1.0,0.0,0.0,0.0,0.0,0,0,1,1,0
17994,-1,1,6.4186454,0.9983718,1,1,unassigned,18.0,15.0,3.0,0.8333333,0.16666667,0.16666669,0.030947777,0.005157963,1,0,0,1,1
17995,-1,0,-0.16800714,0.45809674,0,1,unassigned,7.0,7.0,0.0,1.0,0.0,0.0,0.00967118,0.0,0,0,0,0,0
17996,-1,0,-0.13735595,0.46571493,0,1,unassigned,2.0,2.0,0.0,1.0,0.0,0.0,0.0,0.0,0,0,0,0,0
17997,-1,1,0.08613807,0.5215212,1,1,unassigned,8.0,7.0,1.0,0.875,0.125,0.125,0.0116054155,0.0014506769,1,0,0,1,0
17998,-1,0,4.541514,0.98945504,1,1,unassigned,41.0,39.0,2.0,0.9512195,0.048780486,0.0487805,0.07543521,0.003679766,0,0,0,1,1
17999,-1,0,2.3234208,0.9107983,1,1,unassigned,9.0,9.0,0.0,1.0,0.0,0.0,0.013539651,0.0,0,0,0,1,1
18000,-1,1,1.3778749,0.79864943,1,1,unassigned,3.0,2.0,1.0,0.6666667,0.33333334,0.3333333,0.001934236,0.00064474536,1,0,0,1,0
18001,-1,0,-0.70268,0.3312183,0,1,unassigned,55.0,55.0,0.0,1.0,0.0,0.0,0.102514505,0.0,0,0,0,0,0
18002,0,0,-0.7520542,0.32037386,0,0,unassigned,119.0,119.0,0.0,1.0,0.0,0.0,0.2263056,0.0,0,0,1,0,0
18003,-1,0,1.3456056,0.7934103,1,1,unassigned,6.0,4.0,2.0,0.6666667,0.33333334,0.3333333,0.007736944,0.0025789815,0,0,0,1,0
18004,-1,1,-1.6600053,0.15976128,0,1,unassigned,2.0,1.0,1.0,0.5,0.5,0.5,0.0,0.0,1,0,0,0,0
18005,-1,1,2.7821,0.9417008,1,1,unassigned,11.0,11.0,0.0,1.0,0.0,0.0,0.017408123,0.0,1,0,0,1,1
18006,0,0,-0.7464222,0.3216014,0,0,test,5.0,5.0,0.0,1.0,0.0,0.0,0.0058027077,0.0,0,0,1,0,0
18007,-1,0,2.7333057,0.93896353,1,1,unassigned,9.0,9.0,0.0,1.0,0.0,0.0,0.013539651,0.0,0,0,0,1,1
18008,-1,0,3.3316941,0.96550024,1,1,unassigned,4.0,4.0,0.0,1.0,0.0,0.0,0.003868472,0.0,0,0,0,1,1
18009,-1,1,3.705898,0.9760115,1,1,unassigned,6.0,6.0,0.0,1.0,0.0,0.0,0.007736944,0.0,1,0,0,1,1
18010,-1,0,-0.22304338,0.44446918,0,1,unassigned,6.0,6.0,0.0,1.0,0.0,0.0,0.007736944,0.0,0,0,0,0,0
18011,-1,0,0.30343932,0.57528305,1,1,unassigned,2.0,2.0,0.0,1.0,0.0,0.0,0.0,0.0,0,0,0,1,0
18012,-1,0,-0.6506675,0.34283912,0,1,unassigned,53.0,53.0,0.0,1.0,0.0,0.0,0.09864604,0.0,0,0,0,0,0
18013,-1,0,0.9728425,0.7256857,1,1,unassigned,59.0,59.0,0.0,1.0,0.0,0.0,0.11025145,0.0,0,0,0,1,0
18014,-1,0,1.9456265,0.874969,1,1,unassigned,15.0,8.0,7.0,0.53333336,0.46666667,0.46666664,0.025145067,0.011734365,0,0,0,1,0
18015,-1,1,-0.17584985,0.4561505,0,1,unassigned,3.0,3.0,0.0,1.0,0.0,0.0,0.001934236,0.0,1,0,0,0,0
18016,0,0,-0.67690384,0.33695272,0,0,val,3.0,3.0,0.0,1.0,0.0,0.0,0.001934236,0.0,0,0,1,0,0
18017,-1,1,4.602815,0.9900759,1,1,unassigned,2.0,2.0,0.0,1.0,0.0,0.0,0.0,0.0,1,0,0,1,1
18018,-1,0,0.18396407,0.5458618,1,1,unassigned,6.0,5.0,1.0,0.8333333,0.16666667,0.16666669,0.007736944,0.0012894907,0,0,0,1,0
18019,-1,0,4.210011,0.985371,1,1,unassigned,12.0,11.0,1.0,0.9166667,0.083333336,0.08333331,0.01934236,0.0016118633,0,0,0,1,1
18020,-1,1,1.3992167,0.8020596,1,1,unassigned,25.0,23.0,2.0,0.92,0.08,0.07999998,0.044487428,0.003558994,1,0,0,1,0
18021,0,0,-0.047614515,0.48809865,0,0,unassigned,3.0,3.0,0.0,1.0,0.0,0.0,0.001934236,0.0,0,0,1,0,0
18022,-1,1,5.6102834,0.99635327,1,1,unassigned,36.0,35.0,1.0,0.9722222,0.027777778,0.027777791,0.065764025,0.0018267785,1,0,0,1,1
18023,-1,0,0.29235137,0.5725717,1,1,unassigned,7.0,6.0,1.0,0.85714287,0.14285715,0.14285713,0.00967118,0.0013815971,0,0,0,1,0
18024,-1,0,0.32729882,0.58110195,1,1,unassigned,61.0,61.0,0.0,1.0,0.0,0.0,0.114119925,0.0,0,0,0,1,0
18025,-1,0,1.4085736,0.8035408,1,1,unassigned,20.0,20.0,0.0,1.0,0.0,0.0,0.034816246,0.0,0,0,0,1,0
18026,-1,0,3.1817992,0.96014357,1,1,unassigned,25.0,25.0,0.0,1.0,0.0,0.0,0.044487428,0.0,0,0,0,1,1
18027,-1,0,0.44207352,0.608753,1,1,unassigned,15.0,13.0,2.0,0.8666667,0.13333334,0.13333333,0.025145067,0.0033526758,0,0,0,1,0
18028,-1,0,2.6376715,0.9332471,1,1,unassigned,64.0,64.0,0.0,1.0,0.0,0.0,0.11992263,0.0,0,0,0,1,1
18029,-1,0,-0.49350506,0.3790682,0,1,unassigned,12.0,12.0,0.0,1.0,0.0,0.0,0.01934236,0.0,0,0,0,0,0
18030,-1,0,1.7934718,0.85735244,1,1,unassigned,6.0,6.0,0.0,1.0,0.0,0.0,0.007736944,0.0,0,0,0,1,0
18031,-1,0,-0.6207983,0.34959993,0,1,unassigned,4.0,4.0,0.0,1.0,0.0,0.0,0.003868472,0.0,0,0,0,0,0
18032,-1,0,-0.69342923,0.33327067,0,1,unassigned,7.0,7.0,0.0,1.0,0.0,0.0,0.00967118,0.0,0,0,0,0,0
18033,-1,0,-0.43908042,0.3919601,0,1,unassigned,53.0,50.0,3.0,0.9433962,0.056603774,0.05660379,0.09864604,0.005583738,0,0,0,0,0
18034,-1,0,-0.64181334,0.34483677,0,1,unassigned,30.0,30.0,0.0,1.0,0.0,0.0,0.054158606,0.0,0,0,0,0,0
18035,-1,0,0.040960252,0.51023865,1,1,unassigned,48.0,48.0,0.0,1.0,0.0,0.0,0.088974856,0.0,0,0,0,1,0
18036,-1,1,1.4831576,0.81504905,1,1,unassigned,2.0,2.0,0.0,1.0,0.0,0.0,0.0,0.0,1,0,0,1,0
18037,-1,0,0.31579292,0.5782986,1,1,unassigned,39.0,39.0,0.0,1.0,0.0,0.0,0.07156673,0.0,0,0,0,1,0
18038,-1,1,-0.09639782,0.47591916,0,1,unassigned,32.0,30.0,2.0,0.9375,0.0625,0.0625,0.058027077,0.0036266923,1,0,0,0,0
18039,-1,0,5.7337613,0.99677557,1,1,unassigned,2.0,2.0,0.0,1.0,0.0,0.0,0.0,0.0,0,0,0,1,1
18040,-1,1,-0.6724866,0.33794028,0,1,unassigned,2.0,2.0,0.0,1.0,0.0,0.0,0.0,0.0,1,0,0,0,0
18041,-1,1,-0.75614184,0.3194845,0,1,unassigned,88.0,84.0,4.0,0.95454544,0.045454547,0.04545456,0.1663443,0.007561105,1,0,0,0,0
18042,-1,0,4.5440974,0.98948205,1,1,unassigned,2.0,2.0,0.0,1.0,0.0,0.0,0.0,0.0,0,0,0,1,1
18043,-1,0,-0.5241066,0.3718925,0,1,unassigned,27.0,27.0,0.0,1.0,0.0,0.0,0.0483559,0.0,0,0,0,0,0
18044,-1,0,0.78409106,0.68656117,1,1,unassigned,5.0,5.0,0.0,1.0,0.0,0.0,0.0058027077,0.0,0,0,0,1,0
18045,0,0,-0.91503066,0.2859715,0,0,test,50.0,49.0,1.0,0.98,0.02,0.01999998,0.092843324,0.0018568664,0,0,1,0,0
18046,-1,0,-0.26745167,0.43353277,0,1,unassigned,27.0,27.0,0.0,1.0,0.0,0.0,0.0483559,0.0,0,0,0,0,0
18047,-1,1,4.2408724,0.98580927,1,1,unassigned,19.0,13.0,6.0,0.68421054,0.31578946,0.31578946,0.032882012,0.010383793,1,0,0,1,1
18048,-1,0,-0.39121485,0.40342492,0,1,unassigned,3.0,3.0,0.0,1.0,0.0,0.0,0.001934236,0.0,0,0,0,0,0
18049,-1,0,2.266315,0.90604854,1,1,unassigned,4.0,3.0,1.0,0.75,0.25,0.25,0.003868472,0.000967118,0,0,0,1,1
18050,0,1,-0.24657658,0.4386663,0,0,val,19.0,17.0,2.0,0.8947368,0.10526316,0.10526317,0.032882012,0.0034612645,1,0,1,0,0
18051,-1,0,-0.66858864,0.33881295,0,1,unassigned,23.0,22.0,1.0,0.95652175,0.04347826,0.04347825,0.040618956,0.0017660416,0,0,0,0,0
18052,-1,0,2.1346648,0.894227,1,1,unassigned,3.0,3.0,0.0,1.0,0.0,0.0,0.001934236,0.0,0,0,0,1,0
18053,0,0,0.31690025,0.57856864,1,1,val,7.0,7.0,0.0,1.0,0.0,0.0,0.00967118,0.0,0,0,0,1,0
18054,1,0,2.929891,0.9493044,1,0,unassigned,29.0,26.0,3.0,0.8965517,0.10344828,0.10344827,0.05222437,0.005402521,0,0,1,1,1
18055,-1,0,-0.75173503,0.32044336,0,1,unassigned,61.0,60.0,1.0,0.9836066,0.016393442,0.016393423,0.114119925,0.0018708183,0,0,0,0,0
18056,-1,0,-0.1470514,0.46330327,0,1,unassigned,4.0,4.0,0.0,1.0,0.0,0.0,0.003868472,0.0,0,0,0,0,0
18057,-1,0,5.093616,0.9939016,1,1,unassigned,6.0,6.0,0.0,1.0,0.0,0.0,0.007736944,0.0,0,0,0,1,1
18058,1,0,0.12831193,0.53203404,1,0,val,29.0,29.0,0.0,1.0,0.0,0.0,0.05222437,0.0,0,0,1,1,0
18059,-1,0,-0.9298929,0.28294647,0,1,unassigned,30.0,30.0,0.0,1.0,0.0,0.0,0.054158606,0.0,0,0,0,0,0
18060,-1,0,1.1029379,0.75081015,1,1,unassigned,28.0,27.0,1.0,0.96428573,0.035714287,0.03571427,0.050290134,0.0017960763,0,0,0,1,0
18061,-1,0,0.33162266,0.5821541,1,1,unassigned,13.0,13.0,0.0,1.0,0.0,0.0,0.021276595,0.0,0,0,0,1,0
18062,0,0,-0.57872313,0.35922644,0,0,val,2.0,2.0,0.0,1.0,0.0,0.0,0.0,0.0,0,0,1,0,0
18063,-1,0,-0.91547513,0.28588074,0,1,unassigned,69.0,68.0,1.0,0.98550725,0.014492754,0.01449275,0.1295938,0.0018781711,0,0,0,0,0
18064,0,0,-0.8253675,0.30462548,0,0,unassigned,2.0,2.0,0.0,1.0,0.0,0.0,0.0,0.0,0,0,1,0,0
18065,-1,1,-0.6279125,0.347984,0,1,unassigned,11.0,10.0,1.0,0.90909094,0.09090909,0.090909064,0.017408123,0.0015825568,1,0,0,0,0
18066,-1,0,1.6532347,0.8393277,1,1,unassigned,2.0,2.0,0.0,1.0,0.0,0.0,0.0,0.0,0,0,0,1,0
18067,-1,0,-0.60676545,0.35279742,0,1,unassigned,5.0,5.0,0.0,1.0,0.0,0.0,0.0058027077,0.0,0,0,0,0,0
18068,-1,0,0.23786205,0.5591867,1,1,unassigned,23.0,23.0,0.0,1.0,0.0,0.0,0.040618956,0.0,0,0,0,1,0
18069,-1,1,-0.93696415,0.28151396,0,1,unassigned,28.0,8.0,20.0,0.2857143,0.71428573,0.71428573,0.050290134,0.035921525,1,0,0,0,0
18070,-1,0,1.2865992,0.783571,1,1,unassigned,26.0,26.0,0.0,1.0,0.0,0.0,0.046421662,0.0,0,0,0,1,0
18071,-1,1,-0.4142037,0.39790455,0,1,unassigned,2.0,2.0,0.0,1.0,0.0,0.0,0.0,0.0,1,0,0,0,0
18072,-1,0,-0.7691426,0.3166646,0,1,unassigned,15.0,15.0,0.0,1.0,0.0,0.0,0.025145067,0.0,0,0,0,0,0
18073,-1,0,-0.32887486,0.41851443,0,1,unassigned,68.0,68.0,0.0,1.0,0.0,0.0,0.12765957,0.0,0,0,0,0,0
18074,-1,0,-0.7327529,0.32459092,0,1,unassigned,44.0,44.0,0.0,1.0,0.0,0.0,0.08123791,0.0,0,0,0,0,0
18075,-1,0,-0.78789204,0.31262147,0,1,unassigned,66.0,66.0,0.0,1.0,0.0,0.0,0.123791106,0.0,0,0,0,0,0
18076,-1,1,0.27998012,0.56954134,1,1,unassigned,4.0,4.0,0.0,1.0,0.0,0.0,0.003868472,0.0,1,0,0,1,0
18077,-1,0,-0.11407632,0.4715118,0,1,unassigned,31.0,31.0,0.0,1.0,0.0,0.0,0.056092843,0.0,0,0,0,0,0
18078,-1,1,1.4130678,0.80424935,1,1,unassigned,29.0,28.0,1.0,0.9655172,0.03448276,0.034482777,0.05222437,0.0018008404,1,0,0,1,0
18079,-1,0,-0.7536439,0.32002783,0,1,unassigned,22.0,22.0,0.0,1.0,0.0,0.0,0.03868472,0.0,0,0,0,0,0
18080,-1,1,2.861457,0.9459079,1,1,unassigned,4.0,4.0,0.0,1.0,0.0,0.0,0.003868472,0.0,1,0,0,1,1
18081,-1,0,-0.18967763,0.45272222,0,1,unassigned,2.0,2.0,0.0,1.0,0.0,0.0,0.0,0.0,0,0,0,0,0
18082,1,0,1.1760979,0.76424545,1,0,test,21.0,21.0,0.0,1.0,0.0,0.0,0.036750484,0.0,0,0,1,1,0
18083,-1,0,-0.5991053,0.3545484,0,1,unassigned,9.0,8.0,1.0,0.8888889,0.11111111,0.111111104,0.013539651,0.0015044058,0,0,0,0,0
18084,0,0,-0.7771864,0.3149266,0,0,unassigned,14.0,14.0,0.0,1.0,0.0,0.0,0.023210831,0.0,0,0,1,0,0
18085,-1,0,-0.42021635,0.396465,0,1,unassigned,4.0,4.0,0.0,1.0,0.0,0.0,0.003868472,0.0,0,0,0,0,0
18086,0,0,-0.4420791,0.3912457,0,0,train,15.0,15.0,0.0,1.0,0.0,0.0,0.025145067,0.0,0,0,1,0,0
18087,-1,0,-0.2744638,0.43181157,0,1,unassigned,78.0,77.0,1.0,0.98717946,0.012820513,0.012820542,0.14700194,0.0018846402,0,0,0,0,0
18088,-1,0,-0.0941602,0.47647732,0,1,unassigned,21.0,21.0,0.0,1.0,0.0,0.0,0.036750484,0.0,0,0,0,0,0
18089,-1,0,1.2725546,0.7811797,1,1,unassigned,22.0,22.0,0.0,1.0,0.0,0.0,0.03868472,0.0,0,0,0,1,0
18090,-1,0,1.3584414,0.79550624,1,1,unassigned,12.0,12.0,0.0,1.0,0.0,0.0,0.01934236,0.0,0,0,0,1,0
18091,-1,0,0.83178,0.6967312,1,1,unassigned,4.0,4.0,0.0,1.0,0.0,0.0,0.003868472,0.0,0,0,0,1,0
18092,-1,1,-1.0370492,0.26171976,0,1,unassigned,16.0,12.0,4.0,0.75,0.25,0.25,0.027079303,0.0067698257,1,0,0,0,0
18093,-1,1,-0.934218,0.28206977,0,1,unassigned,11.0,11.0,0.0,1.0,0.0,0.0,0.017408123,0.0,1,0,0,0,0
18094,-1,1,2.5198963,0.9255249,1,1,unassigned,9.0,8.0,1.0,0.8888889,0.11111111,0.111111104,0.013539651,0.0015044058,1,0,0,1,1
18095,-1,1,0.2812115,0.5698432,1,1,unassigned,35.0,34.0,1.0,0.9714286,0.028571429,0.028571427,0.06382979,0.0018237082,1,0,0,1,0
18096,-1,1,-0.16323373,0.45928192,0,1,unassigned,2.0,2.0,0.0,1.0,0.0,0.0,0.0,0.0,1,0,0,0,0
18097,-1,0,1.3475444,0.7937279,1,1,unassigned,4.0,4.0,0.0,1.0,0.0,0.0,0.003868472,0.0,0,0,0,1,0
18098,-1,0,-0.031446874,0.4921389,0,1,unassigned,4.0,4.0,0.0,1.0,0.0,0.0,0.003868472,0.0,0,0,0,0,0
18099,1,0,7.839707,0.99960643,1,0,val,2.0,2.0,0.0,1.0,0.0,0.0,0.0,0.0,0,0,1,1,1
18100,-1,0,2.8175218,0.9436153,1,1,unassigned,8.0,8.0,0.0,1.0,0.0,0.0,0.0116054155,0.0,0,0,0,1,1
18101,-1,1,0.37229443,0.5920133,1,1,unassigned,2.0,1.0,1.0,0.5,0.5,0.5,0.0,0.0,1,0,0,1,0
18102,-1,1,10.04562,0.9999566,1,1,unassigned,5.0,3.0,2.0,0.6,0.4,0.39999998,0.0058027077,0.002321083,1,0,0,1,1
18103,-1,0,2.474613,0.9223428,1,1,unassigned,8.0,6.0,2.0,0.75,0.25,0.25,0.0116054155,0.0029013539,0,0,0,1,1
18104,0,0,-1.0273665,0.26359499,0,0,unassigned,2.0,2.0,0.0,1.0,0.0,0.0,0.0,0.0,0,0,1,0,0
18105,-1,0,2.5244744,0.92583984,1,1,unassigned,14.0,13.0,1.0,0.9285714,0.071428575,0.0714286,0.023210831,0.0016579166,0,0,0,1,1
18106,-1,0,-0.3796291,0.40621635,0,1,unassigned,27.0,27.0,0.0,1.0,0.0,0.0,0.0483559,0.0,0,0,0,0,0
18107,-1,0,7.6449895,0.99952185,1,1,unassigned,10.0,9.0,1.0,0.9,0.1,0.100000024,0.015473888,0.0015473888,0,0,0,1,1
18108,-1,1,0.15704554,0.5391809,1,1,unassigned,54.0,46.0,8.0,0.8518519,0.14814815,0.14814812,0.10058027,0.01490078,1,0,0,1,0
18109,-1,0,13.931806,0.99999917,1,1,unassigned,2.0,2.0,0.0,1.0,0.0,0.0,0.0,0.0,0,0,0,1,1
18110,1,1,6.73301,0.9988105,1,0,unassigned,11.0,9.0,2.0,0.8181818,0.18181819,0.18181819,0.017408123,0.0031651135,1,0,1,1,1
18111,-1,1,2.5147831,0.92517173,1,1,unassigned,8.0,5.0,3.0,0.625,0.375,0.375,0.0116054155,0.004352031,1,0,0,1,1
18112,-1,0,0.8881555,0.7085094,1,1,unassigned,7.0,7.0,0.0,1.0,0.0,0.0,0.00967118,0.0,0,0,0,1,0
18113,-1,0,-0.9077982,0.28745058,0,1,unassigned,27.0,27.0,0.0,1.0,0.0,0.0,0.0483559,0.0,0,0,0,0,0
18114,-1,0,5.047626,0.99361646,1,1,unassigned,6.0,6.0,0.0,1.0,0.0,0.0,0.007736944,0.0,0,0,0,1,1
18115,-1,0,1.102457,0.75072026,1,1,unassigned,26.0,24.0,2.0,0.9230769,0.07692308,0.07692307,0.046421662,0.0035708973,0,0,0,1,0
18116,-1,0,1.8478601,0.8638757,1,1,unassigned,5.0,5.0,0.0,1.0,0.0,0.0,0.0058027077,0.0,0,0,0,1,0
18117,1,1,3.247207,0.96257263,1,0,train,2.0,2.0,0.0,1.0,0.0,0.0,0.0,0.0,1,0,1,1,1
18118,-1,0,-0.4953366,0.3786372,0,1,unassigned,9.0,9.0,0.0,1.0,0.0,0.0,0.013539651,0.0,0,0,0,0,0
18119,-1,0,1.8462558,0.86368686,1,1,unassigned,2.0,2.0,0.0,1.0,0.0,0.0,0.0,0.0,0,0,0,1,0
18120,-1,0,-0.91594744,0.28578436,0,1,unassigned,45.0,45.0,0.0,1.0,0.0,0.0,0.08317215,0.0,0,0,0,0,0
18121,-1,0,4.060305,0.98304856,1,1,unassigned,9.0,8.0,1.0,0.8888889,0.11111111,0.111111104,0.013539651,0.0015044058,0,0,0,1,1
18122,-1,0,0.21958882,0.55467767,1,1,unassigned,3.0,3.0,0.0,1.0,0.0,0.0,0.001934236,0.0,0,0,0,1,0
18123,-1,0,1.7986429,0.85798365,1,1,unassigned,3.0,3.0,0.0,1.0,0.0,0.0,0.001934236,0.0,0,0,0,1,0
18124,-1,0,-0.9174391,0.28547996,0,1,unassigned,30.0,28.0,2.0,0.93333334,0.06666667,0.06666666,0.054158606,0.003610574,0,0,0,0,0
18125,-1,0,2.7479413,0.939797,1,1,unassigned,2.0,2.0,0.0,1.0,0.0,0.0,0.0,0.0,0,0,0,1,1
18126,-1,0,-0.63960516,0.3453358,0,1,unassigned,21.0,21.0,0.0,1.0,0.0,0.0,0.036750484,0.0,0,0,0,0,0
18127,-1,0,-0.9516104,0.27856106,0,1,unassigned,35.0,35.0,0.0,1.0,0.0,0.0,0.06382979,0.0,0,0,0,0,0
18128,-1,0,0.3142867,0.5779312,1,1,unassigned,5.0,5.0,0.0,1.0,0.0,0.0,0.0058027077,0.0,0,0,0,1,0
18129,-1,0,-0.95913553,0.2770513,0,1,unassigned,20.0,20.0,0.0,1.0,0.0,0.0,0.034816246,0.0,0,0,0,0,0
18130,-1,0,-0.9218286,0.28458545,0,1,unassigned,17.0,17.0,0.0,1.0,0.0,0.0,0.029013539,0.0,0,0,0,0,0
18131,-1,0,8.884365,0.9998615,1,1,unassigned,3.0,3.0,0.0,1.0,0.0,0.0,0.001934236,0.0,0,0,0,1,1
18132,-1,1,2.2042203,0.90062785,1,1,unassigned,10.0,10.0,0.0,1.0,0.0,0.0,0.015473888,0.0,1,0,0,1,1
18133,-1,0,-0.80940753,0.30801678,0,1,unassigned,57.0,53.0,4.0,0.9298246,0.07017544,0.07017541,0.10638298,0.0074654724,0,0,0,0,0
18134,-1,1,-0.4486855,0.38967335,0,1,unassigned,10.0,9.0,1.0,0.9,0.1,0.100000024,0.015473888,0.0015473888,1,0,0,0,0
18135,-1,1,1.2068739,0.76974535,1,1,unassigned,6.0,6.0,0.0,1.0,0.0,0.0,0.007736944,0.0,1,0,0,1,0
18136,-1,0,-0.9003506,0.28897846,0,1,unassigned,66.0,64.0,2.0,0.969697,0.030303031,0.030303001,0.123791106,0.0037512458,0,0,0,0,0
18137,-1,0,-0.598255,0.354743,0,1,unassigned,8.0,8.0,0.0,1.0,0.0,0.0,0.0116054155,0.0,0,0,0,0,0
18138,-1,1,1.6016836,0.8322535,1,1,unassigned,3.0,2.0,1.0,0.6666667,0.33333334,0.3333333,0.001934236,0.00064474536,1,0,0,1,0
18139,-1,0,-0.92339313,0.28426704,0,1,unassigned,34.0,33.0,1.0,0.9705882,0.029411765,0.029411793,0.061895553,0.0018204574,0,0,0,0,0
18140,-1,0,-0.0029212832,0.49926972,0,1,unassigned,5.0,5.0,0.0,1.0,0.0,0.0,0.0058027077,0.0,0,0,0,0,0
18141,-1,1,0.3490705,0.5863921,1,1,unassigned,11.0,11.0,0.0,1.0,0.0,0.0,0.017408123,0.0,1,0,0,1,0
18142,-1,0,-0.20628643,0.44861048,0,1,unassigned,7.0,6.0,1.0,0.85714287,0.14285715,0.14285713,0.00967118,0.0013815971,0,0,0,0,0
18143,-1,0,-0.9387897,0.28114486,0,1,unassigned,63.0,63.0,0.0,1.0,0.0,0.0,0.11798839,0.0,0,0,0,0,0
18144,-1,1,-0.7590381,0.31885514,0,1,unassigned,5.0,5.0,0.0,1.0,0.0,0.0,0.0058027077,0.0,1,0,0,0,0
18145,-1,0,-0.14203161,0.46455166,0,1,unassigned,13.0,12.0,1.0,0.9230769,0.07692308,0.07692307,0.021276595,0.0016366612,0,0,0,0,0
18146,-1,0,0.6120344,0.6484047,1,1,unassigned,6.0,6.0,0.0,1.0,0.0,0.0,0.007736944,0.0,0,0,0,1,0
18147,-1,0,-0.18744335,0.4532759,0,1,unassigned,6.0,5.0,1.0,0.8333333,0.16666667,0.16666669,0.007736944,0.0012894907,0,0,0,0,0
18148,-1,0,3.0245767,0.9536722,1,1,unassigned,8.0,8.0,0.0,1.0,0.0,0.0,0.0116054155,0.0,0,0,0,1,1
18149,-1,0,5.806347,0.99700063,1,1,unassigned,2.0,1.0,1.0,0.5,0.5,0.5,0.0,0.0,0,0,0,1,1
18150,-1,0,0.14086884,0.5351591,1,1,unassigned,37.0,37.0,0.0,1.0,0.0,0.0,0.06769826,0.0,0,0,0,1,0
18151,-1,0,0.8278317,0.6958962,1,1,unassigned,19.0,17.0,2.0,0.8947368,0.10526316,0.10526317,0.032882012,0.0034612645,0,0,0,1,0
18152,-1,0,-0.8651563,0.29626316,0,1,unassigned,37.0,36.0,1.0,0.972973,0.027027028,0.02702701,0.06769826,0.0018296828,0,0,0,0,0
18153,1,1,-0.68951476,0.33414105,0,1,test,10.0,10.0,0.0,1.0,0.0,0.0,0.015473888,0.0,1,0,0,0,0
18154,-1,0,-0.92556936,0.28382447,0,1,unassigned,21.0,21.0,0.0,1.0,0.0,0.0,0.036750484,0.0,0,0,0,0,0
18155,-1,0,0.01018399,0.50254595,1,1,unassigned,10.0,10.0,0.0,1.0,0.0,0.0,0.015473888,0.0,0,0,0,1,0
18156,-1,0,-0.4659713,0.38557023,0,1,unassigned,80.0,79.0,1.0,0.9875,0.0125,0.012499988,0.15087041,0.0018858801,0,0,0,0,0
18157,-1,0,3.6909811,0.9756597,1,1,unassigned,13.0,11.0,2.0,0.84615386,0.15384616,0.15384614,0.021276595,0.0032733225,0,0,0,1,1
18158,-1,0,-0.61925375,0.34995124,0,1,unassigned,71.0,71.0,0.0,1.0,0.0,0.0,0.13346228,0.0,0,0,0,0,0
18159,-1,0,-0.69198024,0.3335927,0,1,unassigned,38.0,38.0,0.0,1.0,0.0,0.0,0.06963249,0.0,0,0,0,0,0
18160,-1,1,0.15337628,0.53826904,1,1,unassigned,82.0,68.0,14.0,0.8292683,0.17073171,0.17073172,0.15473887,0.026418833,1,0,0,1,0
18161,-1,0,-0.93663627,0.2815803,0,1,unassigned,43.0,43.0,0.0,1.0,0.0,0.0,0.079303674,0.0,0,0,0,0,0
18162,-1,1,-0.5415885,0.36781812,0,1,unassigned,14.0,14.0,0.0,1.0,0.0,0.0,0.023210831,0.0,1,0,0,0,0
18163,-1,1,4.9072638,0.9926616,1,1,unassigned,2.0,2.0,0.0,1.0,0.0,0.0,0.0,0.0,1,0,0,1,1
18164,-1,0,4.16353,0.98468566,1,1,unassigned,5.0,5.0,0.0,1.0,0.0,0.0,0.0058027077,0.0,0,0,0,1,1
18165,-1,0,-0.16979009,0.45765412,0,1,unassigned,3.0,3.0,0.0,1.0,0.0,0.0,0.001934236,0.0,0,0,0,0,0
18166,-1,1,0.64380294,0.6556126,1,1,unassigned,2.0,2.0,0.0,1.0,0.0,0.0,0.0,0.0,1,0,0,1,0
18167,1,0,0.049663186,0.51241326,1,0,unassigned,21.0,20.0,1.0,0.95238096,0.04761905,0.047619045,0.036750484,0.0017500231,0,0,1,1,0
18168,-1,0,8.734097,0.99983895,1,1,unassigned,4.0,4.0,0.0,1.0,0.0,0.0,0.003868472,0.0,0,0,0,1,1
18169,0,1,-0.33311582,0.41748267,0,0,unassigned,18.0,18.0,0.0,1.0,0.0,0.0,0.030947777,0.0,1,0,1,0,0
18170,-1,0,6.918242,0.9990114,1,1,unassigned,2.0,1.0,1.0,0.5,0.5,0.5,0.0,0.0,0,0,0,1,1
18171,-1,1,1.7516887,0.85216564,1,1,unassigned,4.0,4.0,0.0,1.0,0.0,0.0,0.003868472,0.0,1,0,0,1,0
18172,-1,0,-0.09233785,0.47693193,0,1,unassigned,10.0,10.0,0.0,1.0,0.0,0.0,0.015473888,0.0,0,0,0,0,0
18173,-1,0,-0.6488253,0.3432543,0,1,unassigned,24.0,24.0,0.0,1.0,0.0,0.0,0.04255319,0.0,0,0,0,0,0
18174,-1,1,0.45929915,0.61284786,1,1,unassigned,12.0,11.0,1.0,0.9166667,0.083333336,0.08333331,0.01934236,0.0016118633,1,0,0,1,0
18175,-1,0,2.0758207,0.88853073,1,1,unassigned,3.0,3.0,0.0,1.0,0.0,0.0,0.001934236,0.0,0,0,0,1,0
18176,-1,0,-0.046042502,0.48849142,0,1,unassigned,2.0,2.0,0.0,1.0,0.0,0.0,0.0,0.0,0,0,0,0,0
18177,-1,0,-0.28504825,0.4292166,0,1,unassigned,17.0,17.0,0.0,1.0,0.0,0.0,0.029013539,0.0,0,0,0,0,0
18178,-1,1,-0.6543273,0.3420151,0,1,unassigned,7.0,6.0,1.0,0.85714287,0.14285715,0.14285713,0.00967118,0.0013815971,1,0,0,0,0
18179,-1,1,-0.776168,0.31514636,0,1,unassigned,3.0,1.0,2.0,0.33333334,0.6666667,0.6666666,0.001934236,0.0012894907,1,0,0,0,0
18180,-1,1,-0.45541295,0.38807455,0,1,unassigned,2.0,2.0,0.0,1.0,0.0,0.0,0.0,0.0,1,0,0,0,0
18181,-1,1,1.5904586,0.8306806,1,1,unassigned,2.0,2.0,0.0,1.0,0.0,0.0,0.0,0.0,1,0,0,1,0
18182,-1,0,1.9461687,0.87502825,1,1,unassigned,23.0,23.0,0.0,1.0,0.0,0.0,0.040618956,0.0,0,0,0,1,0
18183,1,1,0.9844957,0.7279993,1,0,val,12.0,8.0,4.0,0.6666667,0.33333334,0.3333333,0.01934236,0.006447453,1,0,1,1,0
18184,-1,0,6.3731413,0.9982961,1,1,unassigned,2.0,2.0,0.0,1.0,0.0,0.0,0.0,0.0,0,0,0,1,1
18185,-1,0,10.887321,0.9999813,1,1,unassigned,4.0,4.0,0.0,1.0,0.0,0.0,0.003868472,0.0,0,0,0,1,1
18186,-1,0,-0.3606012,0.41081402,0,1,unassigned,69.0,68.0,1.0,0.98550725,0.014492754,0.01449275,0.1295938,0.0018781711,0,0,0,0,0
18187,-1,1,-0.20523527,0.4488705,0,1,unassigned,12.0,10.0,2.0,0.8333333,0.16666667,0.16666669,0.01934236,0.0032237265,1,0,0,0,0
18188,-1,0,-0.33363673,0.417356,0,1,unassigned,41.0,41.0,0.0,1.0,0.0,0.0,0.07543521,0.0,0,0,0,0,0
18189,-1,0,-0.6718664,0.33807904,0,1,unassigned,40.0,40.0,0.0,1.0,0.0,0.0,0.07350097,0.0,0,0,0,0,0
18190,0,1,0.3748247,0.5926243,1,1,unassigned,71.0,52.0,19.0,0.73239434,0.26760563,0.26760566,0.13346228,0.03571526,1,0,0,1,0
18191,-1,0,-0.7839867,0.3134613,0,1,unassigned,40.0,40.0,0.0,1.0,0.0,0.0,0.07350097,0.0,0,0,0,0,0
18192,-1,1,-0.7524183,0.32029462,0,1,unassigned,68.0,60.0,8.0,0.88235295,0.11764706,0.11764705,0.12765957,0.015018773,1,0,0,0,0
18193,-1,0,-0.7340938,0.324297,0,1,unassigned,95.0,94.0,1.0,0.9894737,0.010526316,0.0105262995,0.17988394,0.0018935152,0,0,0,0,0
18194,-1,0,11.250888,0.999987,1,1,unassigned,2.0,2.0,0.0,1.0,0.0,0.0,0.0,0.0,0,0,0,1,1
18195,-1,0,-0.77031565,0.31641084,0,1,unassigned,27.0,26.0,1.0,0.962963,0.037037037,0.037037015,0.0483559,0.0017909593,0,0,0,0,0
18196,-1,1,1.3962605,0.80158985,1,1,unassigned,2.0,2.0,0.0,1.0,0.0,0.0,0.0,0.0,1,0,0,1,0
18197,-1,0,-0.65611315,0.3416133,0,1,unassigned,42.0,42.0,0.0,1.0,0.0,0.0,0.07736944,0.0,0,0,0,0,0
18198,-1,0,-0.65658414,0.34150738,0,1,unassigned,48.0,48.0,0.0,1.0,0.0,0.0,0.088974856,0.0,0,0,0,0,0
18199,0,0,-0.71992266,0.32741,0,0,unassigned,65.0,64.0,1.0,0.9846154,0.015384615,0.0153846145,0.12185687,0.001874721,0,0,1,0,0
18200,-1,0,1.2577498,0.7786385,1,1,unassigned,19.0,19.0,0.0,1.0,0.0,0.0,0.032882012,0.0,0,0,0,1,0
18201,0,0,-0.7670222,0.31712362,0,0,unassigned,24.0,23.0,1.0,0.9583333,0.041666668,0.041666687,0.04255319,0.0017730496,0,0,1,0,0
18202,-1,0,-0.22294283,0.44449398,0,1,unassigned,12.0,11.0,1.0,0.9166667,0.083333336,0.08333331,0.01934236,0.0016118633,0,0,0,0,0
18203,-1,0,0.5486117,0.63381344,1,1,unassigned,15.0,15.0,0.0,1.0,0.0,0.0,0.025145067,0.0,0,0,0,1,0
18204,0,0,-0.70956695,0.32969454,0,0,val,20.0,20.0,0.0,1.0,0.0,0.0,0.034816246,0.0,0,0,1,0,0
18205,-1,0,-0.5264403,0.37134752,0,1,unassigned,8.0,8.0,0.0,1.0,0.0,0.0,0.0116054155,0.0,0,0,0,0,0
18206,-1,0,0.23279852,0.5579382,1,1,unassigned,3.0,3.0,0.0,1.0,0.0,0.0,0.001934236,0.0,0,0,0,1,0
18207,0,0,-0.3439642,0.41484684,0,0,val,37.0,36.0,1.0,0.972973,0.027027028,0.02702701,0.06769826,0.0018296828,0,0,1,0,0
18208,-1,0,-0.21925253,0.44540542,0,1,unassigned,3.0,3.0,0.0,1.0,0.0,0.0,0.001934236,0.0,0,0,0,0,0
18209,-1,0,0.09048039,0.5226047,1,1,unassigned,4.0,4.0,0.0,1.0,0.0,0.0,0.003868472,0.0,0,0,0,1,0
18210,-1,0,0.058974564,0.51473933,1,1,unassigned,2.0,2.0,0.0,1.0,0.0,0.0,0.0,0.0,0,0,0,1,0
18211,-1,0,0.41582185,0.60248303,1,1,unassigned,2.0,2.0,0.0,1.0,0.0,0.0,0.0,0.0,0,0,0,1,0
18212,-1,0,5.341288,0.9952331,1,1,unassigned,6.0,5.0,1.0,0.8333333,0.16666667,0.16666669,0.007736944,0.0012894907,0,0,0,1,1
18213,-1,0,-0.29667103,0.42637148,0,1,unassigned,9.0,9.0,0.0,1.0,0.0,0.0,0.013539651,0.0,0,0,0,0,0
18214,-1,0,5.5579834,0.9961583,1,1,unassigned,16.0,11.0,5.0,0.6875,0.3125,0.3125,0.027079303,0.008462282,0,0,0,1,1
18215,-1,0,7.0434937,0.9991277,1,1,unassigned,6.0,6.0,0.0,1.0,0.0,0.0,0.007736944,0.0,0,0,0,1,1
18216,-1,0,1.4512753,0.8101947,1,1,unassigned,3.0,3.0,0.0,1.0,0.0,0.0,0.001934236,0.0,0,0,0,1,0
18217,-1,0,-0.86474514,0.2963489,0,1,unassigned,43.0,43.0,0.0,1.0,0.0,0.0,0.079303674,0.0,0,0,0,0,0
18218,0,0,-0.9569212,0.27749506,0,0,val,32.0,32.0,0.0,1.0,0.0,0.0,0.058027077,0.0,0,0,1,0,0
18219,-1,0,-0.11921424,0.47023168,0,1,unassigned,19.0,19.0,0.0,1.0,0.0,0.0,0.032882012,0.0,0,0,0,0,0
18220,-1,0,0.8151818,0.6932126,1,1,unassigned,2.0,2.0,0.0,1.0,0.0,0.0,0.0,0.0,0,0,0,1,0
18221,-1,0,-0.97207063,0.27446797,0,1,unassigned,66.0,66.0,0.0,1.0,0.0,0.0,0.123791106,0.0,0,0,0,0,0
18222,-1,0,-0.75020576,0.32077646,0,1,unassigned,78.0,78.0,0.0,1.0,0.0,0.0,0.14700194,0.0,0,0,0,0,0
18223,0,1,-0.7932257,0.31147647,0,0,train,12.0,12.0,0.0,1.0,0.0,0.0,0.01934236,0.0,1,0,1,0,0
18224,-1,1,-0.08012888,0.47997847,0,1,unassigned,2.0,2.0,0.0,1.0,0.0,0.0,0.0,0.0,1,0,0,0,0
18225,-1,0,-0.71137726,0.32929456,0,1,unassigned,46.0,45.0,1.0,0.9782609,0.02173913,0.021739125,0.08510638,0.0018501388,0,0,0,0,0
18226,-1,0,-0.15775162,0.46064368,0,1,unassigned,9.0,9.0,0.0,1.0,0.0,0.0,0.013539651,0.0,0,0,0,0,0
18227,-1,1,-0.34562823,0.41444296,0,1,unassigned,3.0,2.0,1.0,0.6666667,0.33333334,0.3333333,0.001934236,0.00064474536,1,0,0,0,0
18228,-1,0,1.0125906,0.7335269,1,1,unassigned,5.0,5.0,0.0,1.0,0.0,0.0,0.0058027077,0.0,0,0,0,1,0
18229,-1,0,2.8821018,0.94695455,1,1,unassigned,2.0,2.0,0.0,1.0,0.0,0.0,0.0,0.0,0,0,0,1,1
18230,1,1,-0.39514327,0.4024798,0,1,val,55.0,55.0,0.0,1.0,0.0,0.0,0.102514505,0.0,1,0,0,0,0
18231,-1,0,0.4003176,0.598764,1,1,unassigned,20.0,19.0,1.0,0.95,0.05,0.050000012,0.034816246,0.0017408123,0,0,0,1,0
18232,-1,0,3.3345711,0.96559596,1,1,unassigned,2.0,2.0,0.0,1.0,0.0,0.0,0.0,0.0,0,0,0,1,1
18233,-1,0,1.0614791,0.74297315,1,1,unassigned,7.0,7.0,0.0,1.0,0.0,0.0,0.00967118,0.0,0,0,0,1,0
18234,-1,0,-0.7368376,0.32369605,0,1,unassigned,61.0,60.0,1.0,0.9836066,0.016393442,0.016393423,0.114119925,0.0018708183,0,0,0,0,0
18235,-1,1,-0.69076437,0.33386308,0,1,unassigned,2.0,2.0,0.0,1.0,0.0,0.0,0.0,0.0,1,0,0,0,0
18236,-1,1,7.25551,0.99929416,1,1,unassigned,2.0,2.0,0.0,1.0,0.0,0.0,0.0,0.0,1,0,0,1,1
18237,-1,0,-0.647212,0.3436181,0,1,unassigned,36.0,36.0,0.0,1.0,0.0,0.0,0.065764025,0.0,0,0,0,0,0
18238,-1,0,-0.89592564,0.28988847,0,1,unassigned,9.0,9.0,0.0,1.0,0.0,0.0,0.013539651,0.0,0,0,0,0,0
18239,-1,0,0.60704356,0.64726615,1,1,unassigned,2.0,2.0,0.0,1.0,0.0,0.0,0.0,0.0,0,0,0,1,0
18240,-1,0,2.915674,0.94861585,1,1,unassigned,7.0,6.0,1.0,0.85714287,0.14285715,0.14285713,0.00967118,0.0013815971,0,0,0,1,1
18241,-1,1,7.9359994,0.9996425,1,1,unassigned,12.0,9.0,3.0,0.75,0.25,0.25,0.01934236,0.00483559,1,0,0,1,1
18242,-1,0,2.4156566,0.9180134,1,1,unassigned,3.0,2.0,1.0,0.6666667,0.33333334,0.3333333,0.001934236,0.00064474536,0,0,0,1,1
18243,-1,0,3.5551674,0.9722173,1,1,unassigned,16.0,11.0,5.0,0.6875,0.3125,0.3125,0.027079303,0.008462282,0,0,0,1,1
18244,-1,0,0.035298347,0.5088237,1,1,unassigned,6.0,5.0,1.0,0.8333333,0.16666667,0.16666669,0.007736944,0.0012894907,0,0,0,1,0
18245,-1,0,-0.11629814,0.47095823,0,1,unassigned,4.0,4.0,0.0,1.0,0.0,0.0,0.003868472,0.0,0,0,0,0,0
18246,-1,0,-0.28796273,0.4285027,0,1,unassigned,4.0,4.0,0.0,1.0,0.0,0.0,0.003868472,0.0,0,0,0,0,0
18247,-1,0,1.3432055,0.7930166,1,1,unassigned,2.0,2.0,0.0,1.0,0.0,0.0,0.0,0.0,0,0,0,1,0
18248,-1,1,2.2493572,0.9045951,1,1,unassigned,2.0,2.0,0.0,1.0,0.0,0.0,0.0,0.0,1,0,0,1,1
18249,-1,1,0.08223933,0.5205482,1,1,unassigned,4.0,4.0,0.0,1.0,0.0,0.0,0.003868472,0.0,1,0,0,1,0
18250,-1,0,7.387685,0.99938154,1,1,unassigned,6.0,5.0,1.0,0.8333333,0.16666667,0.16666669,0.007736944,0.0012894907,0,0,0,1,1
18251,-1,0,0.54572195,0.6331424,1,1,unassigned,6.0,6.0,0.0,1.0,0.0,0.0,0.007736944,0.0,0,0,0,1,0
18252,-1,0,4.516953,0.9891958,1,1,unassigned,2.0,2.0,0.0,1.0,0.0,0.0,0.0,0.0,0,0,0,1,1
18253,1,1,0.8298754,0.6963286,1,0,unassigned,6.0,6.0,0.0,1.0,0.0,0.0,0.007736944,0.0,1,0,1,1,0
18254,-1,0,-0.21801868,0.44571018,0,1,unassigned,7.0,7.0,0.0,1.0,0.0,0.0,0.00967118,0.0,0,0,0,0,0
18255,-1,0,-0.80780506,0.3083584,0,1,unassigned,17.0,17.0,0.0,1.0,0.0,0.0,0.029013539,0.0,0,0,0,0,0
18256,-1,0,-0.6997725,0.33186266,0,1,unassigned,28.0,28.0,0.0,1.0,0.0,0.0,0.050290134,0.0,0,0,0,0,0
18257,0,0,-0.031632006,0.49209264,0,0,test,7.0,6.0,1.0,0.85714287,0.14285715,0.14285713,0.00967118,0.0013815971,0,0,1,0,0
18258,0,0,0.5052946,0.6237028,1,1,unassigned,2.0,2.0,0.0,1.0,0.0,0.0,0.0,0.0,0,0,0,1,0
18259,1,1,4.226606,0.98560834,1,0,unassigned,13.0,13.0,0.0,1.0,0.0,0.0,0.021276595,0.0,1,0,1,1,1
18260,1,1,0.62411934,0.6511549,1,0,unassigned,5.0,5.0,0.0,1.0,0.0,0.0,0.0058027077,0.0,1,0,1,1,0
18261,-1,0,4.072904,0.98325723,1,1,unassigned,9.0,9.0,0.0,1.0,0.0,0.0,0.013539651,0.0,0,0,0,1,1
18262,0,0,-0.8944715,0.29018793,0,0,unassigned,15.0,15.0,0.0,1.0,0.0,0.0,0.025145067,0.0,0,0,1,0,0
18263,-1,0,-0.3522812,0.41282934,0,1,unassigned,3.0,3.0,0.0,1.0,0.0,0.0,0.001934236,0.0,0,0,0,0,0
18264,-1,0,0.3019746,0.5749251,1,1,unassigned,3.0,2.0,1.0,0.6666667,0.33333334,0.3333333,0.001934236,0.00064474536,0,0,0,1,0
18265,1,0,-0.31032175,0.4230362,0,1,test,21.0,21.0,0.0,1.0,0.0,0.0,0.036750484,0.0,0,0,0,0,0
18266,-1,0,0.17785758,0.5443475,1,1,unassigned,5.0,4.0,1.0,0.8,0.2,0.19999999,0.0058027077,0.0011605415,0,0,0,1,0
18267,-1,1,-0.24386609,0.4393338,0,1,unassigned,4.0,4.0,0.0,1.0,0.0,0.0,0.003868472,0.0,1,0,0,0,0
18268,-1,0,-0.0373134,0.49067274,0,1,unassigned,14.0,14.0,0.0,1.0,0.0,0.0,0.023210831,0.0,0,0,0,0,0
18269,-1,0,0.70392054,0.6690564,1,1,unassigned,2.0,2.0,0.0,1.0,0.0,0.0,0.0,0.0,0,0,0,1,0
18270,-1,0,4.237512,0.9857621,1,1,unassigned,2.0,1.0,1.0,0.5,0.5,0.5,0.0,0.0,0,0,0,1,1
18271,-1,1,0.41524136,0.602344,1,1,unassigned,15.0,15.0,0.0,1.0,0.0,0.0,0.025145067,0.0,1,0,0,1,0
18272,-1,1,-0.23108175,0.4424853,0,1,unassigned,37.0,35.0,2.0,0.9459459,0.054054055,0.05405408,0.06769826,0.0036593657,1,0,0,0,0
18273,-1,0,0.07684654,0.5192022,1,1,unassigned,13.0,12.0,1.0,0.9230769,0.07692308,0.07692307,0.021276595,0.0016366612,0,0,0,1,0
18274,-1,0,-0.31759506,0.42126197,0,1,unassigned,6.0,5.0,1.0,0.8333333,0.16666667,0.16666669,0.007736944,0.0012894907,0,0,0,0,0
18275,-1,1,-0.88496643,0.29214966,0,1,unassigned,2.0,2.0,0.0,1.0,0.0,0.0,0.0,0.0,1,0,0,0,0
18276,-1,0,2.336005,0.9118154,1,1,unassigned,4.0,4.0,0.0,1.0,0.0,0.0,0.003868472,0.0,0,0,0,1,1
18277,0,1,-0.7630434,0.3179859,0,0,test,22.0,20.0,2.0,0.90909094,0.09090909,0.090909064,0.03868472,0.0035167928,1,0,1,0,0
18278,-1,0,2.1964629,0.89993143,1,1,unassigned,2.0,2.0,0.0,1.0,0.0,0.0,0.0,0.0,0,0,0,1,0
18279,1,1,-0.007873654,0.4980316,0,1,unassigned,8.0,8.0,0.0,1.0,0.0,0.0,0.0116054155,0.0,1,0,0,0,0
18280,0,1,1.1555228,0.7605182,1,1,unassigned,23.0,20.0,3.0,0.8695652,0.13043478,0.13043481,0.040618956,0.0052981246,1,0,0,1,0
18281,-1,1,-0.058077753,0.48548466,0,1,unassigned,22.0,20.0,2.0,0.90909094,0.09090909,0.090909064,0.03868472,0.0035167928,1,0,0,0,0
18282,-1,0,2.9959517,0.95239097,1,1,unassigned,2.0,2.0,0.0,1.0,0.0,0.0,0.0,0.0,0,0,0,1,1
18283,-1,0,-0.022948802,0.494263,0,1,unassigned,8.0,8.0,0.0,1.0,0.0,0.0,0.0116054155,0.0,0,0,0,0,0
18284,-1,1,-0.48632514,0.38075966,0,1,unassigned,19.0,18.0,1.0,0.94736844,0.05263158,0.052631557,0.032882012,0.0017306323,1,0,0,0,0
18285,0,1,-0.9287622,0.2831759,0,0,train,2.0,2.0,0.0,1.0,0.0,0.0,0.0,0.0,1,0,1,0,0
18286,1,0,-0.57483834,0.36012116,0,1,unassigned,3.0,3.0,0.0,1.0,0.0,0.0,0.001934236,0.0,0,0,0,0,0
18287,1,0,-0.8014866,0.3097076,0,1,test,7.0,6.0,1.0,0.85714287,0.14285715,0.14285713,0.00967118,0.0013815971,0,0,0,0,0
18288,-1,1,7.7166486,0.9995548,1,1,unassigned,14.0,14.0,0.0,1.0,0.0,0.0,0.023210831,0.0,1,0,0,1,1
18289,-1,1,0.02114147,0.50528514,1,1,unassigned,34.0,31.0,3.0,0.9117647,0.0882353,0.08823532,0.061895553,0.0054613724,1,0,0,1,0
18290,-1,0,0.108947456,0.52720994,1,1,unassigned,9.0,7.0,2.0,0.7777778,0.22222222,0.22222221,0.013539651,0.0030088115,0,0,0,1,0
18291,-1,1,3.2129738,0.96131957,1,1,unassigned,2.0,1.0,1.0,0.5,0.5,0.5,0.0,0.0,1,0,0,1,1
18292,-1,0,-0.3198948,0.4207014,0,1,unassigned,6.0,6.0,0.0,1.0,0.0,0.0,0.007736944,0.0,0,0,0,0,0
18293,-1,0,-0.5542843,0.364871,0,1,unassigned,8.0,8.0,0.0,1.0,0.0,0.0,0.0116054155,0.0,0,0,0,0,0
18294,-1,0,-0.66128707,0.34045056,0,1,unassigned,3.0,3.0,0.0,1.0,0.0,0.0,0.001934236,0.0,0,0,0,0,0
18295,-1,0,3.3338912,0.9655734,1,1,unassigned,25.0,24.0,1.0,0.96,0.04,0.04000002,0.044487428,0.001779497,0,0,0,1,1
18296,-1,1,1.3909554,0.8007447,1,1,unassigned,9.0,9.0,0.0,1.0,0.0,0.0,0.013539651,0.0,1,0,0,1,0
18297,-1,0,-0.96229637,0.27641866,0,1,unassigned,49.0,46.0,3.0,0.93877554,0.06122449,0.06122446,0.09090909,0.005565863,0,0,0,0,0
18298,-1,1,-0.6765016,0.33704257,0,1,unassigned,5.0,5.0,0.0,1.0,0.0,0.0,0.0058027077,0.0,1,0,0,0,0
18299,1,0,5.330295,0.9951807,1,0,unassigned,9.0,9.0,0.0,1.0,0.0,0.0,0.013539651,0.0,0,0,1,1,1
18300,-1,1,-0.60883904,0.35232407,0,1,unassigned,11.0,11.0,0.0,1.0,0.0,0.0,0.017408123,0.0,1,0,0,0,0
18301,-1,0,-0.983618,0.27217448,0,1,unassigned,23.0,22.0,1.0,0.95652175,0.04347826,0.04347825,0.040618956,0.0017660416,0,0,0,0,0
18302,-1,0,6.1734443,0.99792033,1,1,unassigned,2.0,1.0,1.0,0.5,0.5,0.5,0.0,0.0,0,0,0,1,1
18303,-1,0,-0.72794104,0.32564673,0,1,unassigned,14.0,14.0,0.0,1.0,0.0,0.0,0.023210831,0.0,0,0,0,0,0
18304,-1,1,7.1321177,0.9992016,1,1,unassigned,14.0,14.0,0.0,1.0,0.0,0.0,0.023210831,0.0,1,0,0,1,1
18305,-1,0,0.62862474,0.6521776,1,1,unassigned,3.0,3.0,0.0,1.0,0.0,0.0,0.001934236,0.0,0,0,0,1,0
18306,-1,0,6.0575175,0.9976653,1,1,unassigned,3.0,3.0,0.0,1.0,0.0,0.0,0.001934236,0.0,0,0,0,1,1
18307,-1,0,1.0519996,0.74115866,1,1,unassigned,4.0,4.0,0.0,1.0,0.0,0.0,0.003868472,0.0,0,0,0,1,0
18308,-1,0,3.5935662,0.97323596,1,1,unassigned,4.0,4.0,0.0,1.0,0.0,0.0,0.003868472,0.0,0,0,0,1,1
18309,-1,1,0.15875107,0.5396046,1,1,unassigned,3.0,2.0,1.0,0.6666667,0.33333334,0.3333333,0.001934236,0.00064474536,1,0,0,1,0
18310,0,0,1.4701803,0.8130848,1,1,test,3.0,3.0,0.0,1.0,0.0,0.0,0.001934236,0.0,0,0,0,1,0
18311,1,1,0.19833654,0.5494222,1,0,val,14.0,13.0,1.0,0.9285714,0.071428575,0.0714286,0.023210831,0.0016579166,1,0,1,1,0
18312,-1,0,-0.006055653,0.4984861,0,1,unassigned,2.0,2.0,0.0,1.0,0.0,0.0,0.0,0.0,0,0,0,0,0
18313,-1,1,-0.15558422,0.46118224,0,1,unassigned,42.0,41.0,1.0,0.97619045,0.023809524,0.023809552,0.07736944,0.0018421295,1,0,0,0,0
18314,-1,1,-0.226233,0.44368178,0,1,unassigned,25.0,23.0,2.0,0.92,0.08,0.07999998,0.044487428,0.003558994,1,0,0,0,0
18315,-1,1,-0.71396273,0.3287238,0,1,unassigned,24.0,24.0,0.0,1.0,0.0,0.0,0.04255319,0.0,1,0,0,0,0
18316,-1,0,1.2586646,0.77879614,1,1,unassigned,3.0,3.0,0.0,1.0,0.0,0.0,0.001934236,0.0,0,0,0,1,0
18317,-1,0,-0.7322403,0.32470328,0,1,unassigned,79.0,76.0,3.0,0.96202534,0.03797468,0.037974656,0.14893617,0.0056558037,0,0,0,0,0
18318,1,0,-0.35710576,0.41166034,0,1,unassigned,17.0,15.0,2.0,0.88235295,0.11764706,0.11764705,0.029013539,0.0034133575,0,0,0,0,0
18319,1,0,2.721163,0.93826395,1,0,val,8.0,8.0,0.0,1.0,0.0,0.0,0.0116054155,0.0,0,0,1,1,1
18320,0,0,-0.14444405,0.46395168,0,0,val,44.0,44.0,0.0,1.0,0.0,0.0,0.08123791,0.0,0,0,1,0,0
18321,-1,1,-0.32760328,0.4188239,0,1,unassigned,4.0,4.0,0.0,1.0,0.0,0.0,0.003868472,0.0,1,0,0,0,0
18322,-1,0,-0.9611496,0.27664807,0,1,unassigned,3.0,2.0,1.0,0.6666667,0.33333334,0.3333333,0.001934236,0.00064474536,0,0,0,0,0
18323,0,0,-0.79700303,0.31066698,0,0,test,3.0,3.0,0.0,1.0,0.0,0.0,0.001934236,0.0,0,0,1,0,0
18324,-1,0,1.3617873,0.79605,1,1,unassigned,4.0,4.0,0.0,1.0,0.0,0.0,0.003868472,0.0,0,0,0,1,0
18325,-1,0,-0.7895927,0.31225613,0,1,unassigned,5.0,5.0,0.0,1.0,0.0,0.0,0.0058027077,0.0,0,0,0,0,0
18326,1,1,3.553921,0.97218364,1,0,unassigned,9.0,6.0,3.0,0.6666667,0.33333334,0.3333333,0.013539651,0.004513217,1,0,1,1,1
18327,-1,0,3.6532629,0.9747478,1,1,unassigned,7.0,7.0,0.0,1.0,0.0,0.0,0.00967118,0.0,0,0,0,1,1
18328,-1,0,-0.38158146,0.4057455,0,1,unassigned,41.0,41.0,0.0,1.0,0.0,0.0,0.07543521,0.0,0,0,0,0,0
18329,-1,0,3.9669402,0.98142046,1,1,unassigned,2.0,1.0,1.0,0.5,0.5,0.5,0.0,0.0,0,0,0,1,1
18330,0,0,-0.23424375,0.44170538,0,0,unassigned,29.0,29.0,0.0,1.0,0.0,0.0,0.05222437,0.0,0,0,1,0,0
18331,-1,0,-0.5033446,0.376755,0,1,unassigned,4.0,4.0,0.0,1.0,0.0,0.0,0.003868472,0.0,0,0,0,0,0
18332,-1,0,-0.11618444,0.47098652,0,1,unassigned,4.0,3.0,1.0,0.75,0.25,0.25,0.003868472,0.000967118,0,0,0,0,0
18333,0,0,-0.6698803,0.33852366,0,0,test,9.0,9.0,0.0,1.0,0.0,0.0,0.013539651,0.0,0,0,1,0,0
18334,-1,0,-0.8777884,0.29363626,0,1,unassigned,16.0,16.0,0.0,1.0,0.0,0.0,0.027079303,0.0,0,0,0,0,0
18335,-1,0,-0.29599312,0.42653728,0,1,unassigned,26.0,26.0,0.0,1.0,0.0,0.0,0.046421662,0.0,0,0,0,0,0
18336,-1,0,2.550463,0.9276046,1,1,unassigned,6.0,5.0,1.0,0.8333333,0.16666667,0.16666669,0.007736944,0.0012894907,0,0,0,1,1
18337,-1,1,1.6105149,0.83348286,1,1,unassigned,9.0,9.0,0.0,1.0,0.0,0.0,0.013539651,0.0,1,0,0,1,0
18338,0,0,-0.024587512,0.49385342,0,0,unassigned,20.0,20.0,0.0,1.0,0.0,0.0,0.034816246,0.0,0,0,1,0,0
18339,0,0,-0.20933172,0.44785735,0,0,unassigned,48.0,48.0,0.0,1.0,0.0,0.0,0.088974856,0.0,0,0,1,0,0
18340,-1,0,0.71216613,0.6708796,1,1,unassigned,12.0,12.0,0.0,1.0,0.0,0.0,0.01934236,0.0,0,0,0,1,0
18341,-1,0,3.1645682,0.9594789,1,1,unassigned,2.0,2.0,0.0,1.0,0.0,0.0,0.0,0.0,0,0,0,1,1
18342,-1,1,2.2674582,0.9061459,1,1,unassigned,20.0,20.0,0.0,1.0,0.0,0.0,0.034816246,0.0,1,0,0,1,1
18343,-1,0,-0.973852,0.2741134,0,1,unassigned,10.0,7.0,3.0,0.7,0.3,0.3,0.015473888,0.0046421667,0,0,0,0,0
18344,-1,0,-0.7984355,0.31036028,0,1,unassigned,2.0,2.0,0.0,1.0,0.0,0.0,0.0,0.0,0,0,0,0,0
18345,-1,0,0.7437516,0.6778157,1,1,unassigned,4.0,4.0,0.0,1.0,0.0,0.0,0.003868472,0.0,0,0,0,1,0
18346,-1,0,-0.3898626,0.4037504,0,1,unassigned,33.0,31.0,2.0,0.93939394,0.060606062,0.060606062,0.059961315,0.0036340193,0,0,0,0,0
18347,-1,0,-0.66907114,0.33870488,0,1,unassigned,6.0,6.0,0.0,1.0,0.0,0.0,0.007736944,0.0,0,0,0,0,0
18348,-1,0,-0.48403808,0.38129905,0,1,unassigned,7.0,7.0,0.0,1.0,0.0,0.0,0.00967118,0.0,0,0,0,0,0
18349,-1,1,6.397054,0.9983364,1,1,unassigned,3.0,2.0,1.0,0.6666667,0.33333334,0.3333333,0.001934236,0.00064474536,1,0,0,1,1
18350,0,0,-0.6867012,0.3347673,0,0,unassigned,16.0,16.0,0.0,1.0,0.0,0.0,0.027079303,0.0,0,0,1,0,0
18351,0,0,-0.181878,0.4546554,0,0,unassigned,5.0,5.0,0.0,1.0,0.0,0.0,0.0058027077,0.0,0,0,1,0,0
18352,-1,0,2.291148,0.90814126,1,1,unassigned,12.0,10.0,2.0,0.8333333,0.16666667,0.16666669,0.01934236,0.0032237265,0,0,0,1,1
18353,-1,1,7.216609,0.9992662,1,1,unassigned,69.0,40.0,29.0,0.5797101,0.42028984,0.42028987,0.1295938,0.05446696,1,0,0,1,1
18354,-1,0,-0.8412246,0.30127692,0,1,unassigned,95.0,87.0,8.0,0.9157895,0.08421053,0.084210515,0.17988394,0.015148122,0,0,0,0,0
18355,-1,1,3.4764402,0.9700099,1,1,unassigned,28.0,26.0,2.0,0.9285714,0.071428575,0.0714286,0.050290134,0.0035921526,1,0,0,1,1
18356,-1,0,9.702286,0.99993885,1,1,unassigned,2.0,2.0,0.0,1.0,0.0,0.0,0.0,0.0,0,0,0,1,1
18357,-1,0,0.62515527,0.65139014,1,1,unassigned,7.0,7.0,0.0,1.0,0.0,0.0,0.00967118,0.0,0,0,0,1,0
18358,-1,1,-0.85503757,0.2983772,0,1,unassigned,94.0,84.0,10.0,0.89361703,0.10638298,0.106382966,0.17794971,0.01893082,1,0,0,0,0
18359,-1,1,-0.77382684,0.31565186,0,1,unassigned,7.0,7.0,0.0,1.0,0.0,0.0,0.00967118,0.0,1,0,0,0,0
18360,-1,1,3.7444751,0.9768983,1,1,unassigned,8.0,4.0,4.0,0.5,0.5,0.5,0.0116054155,0.0058027077,1,0,0,1,1
18361,-1,0,-0.84975535,0.2994842,0,1,unassigned,21.0,21.0,0.0,1.0,0.0,0.0,0.036750484,0.0,0,0,0,0,0
18362,-1,0,-0.84087276,0.30135098,0,1,unassigned,23.0,23.0,0.0,1.0,0.0,0.0,0.040618956,0.0,0,0,0,0,0
18363,-1,0,-0.7897588,0.31222045,0,1,unassigned,55.0,55.0,0.0,1.0,0.0,0.0,0.102514505,0.0,0,0,0,0,0
18364,0,0,-0.008772492,0.4978069,0,0,val,21.0,21.0,0.0,1.0,0.0,0.0,0.036750484,0.0,0,0,1,0,0
18365,-1,0,-0.8340165,0.30279648,0,1,unassigned,4.0,3.0,1.0,0.75,0.25,0.25,0.003868472,0.000967118,0,0,0,0,0
18366,-1,1,-0.11673227,0.47085005,0,1,unassigned,67.0,67.0,0.0,1.0,0.0,0.0,0.12572534,0.0,1,0,0,0,0
18367,1,0,0.6320866,0.6529624,1,0,test,28.0,28.0,0.0,1.0,0.0,0.0,0.050290134,0.0,0,0,1,1,0
18368,-1,0,-0.54277146,0.3675431,0,1,unassigned,38.0,38.0,0.0,1.0,0.0,0.0,0.06963249,0.0,0,0,0,0,0
18369,0,0,-0.18258524,0.45448008,0,0,unassigned,57.0,56.0,1.0,0.98245615,0.01754386,0.017543852,0.10638298,0.0018663681,0,0,1,0,0
18370,1,0,4.0483155,0.9828476,1,0,train,13.0,13.0,0.0,1.0,0.0,0.0,0.021276595,0.0,0,0,1,1,1
18371,-1,0,-0.79760206,0.3105387,0,1,unassigned,119.0,115.0,4.0,0.96638656,0.033613447,0.033613443,0.2263056,0.0076069115,0,0,0,0,0
18372,-1,0,-0.46292764,0.38629153,0,1,unassigned,48.0,47.0,1.0,0.9791667,0.020833334,0.020833313,0.088974856,0.0018536429,0,0,0,0,0
18373,0,0,-0.75631565,0.3194467,0,0,unassigned,11.0,10.0,1.0,0.90909094,0.09090909,0.090909064,0.017408123,0.0015825568,0,0,1,0,0
18374,-1,0,-0.73512685,0.3240707,0,1,unassigned,27.0,27.0,0.0,1.0,0.0,0.0,0.0483559,0.0,0,0,0,0,0
18375,-1,0,0.17365801,0.54330575,1,1,unassigned,10.0,10.0,0.0,1.0,0.0,0.0,0.015473888,0.0,0,0,0,1,0
18376,0,1,-0.6063995,0.35288098,0,0,test,43.0,40.0,3.0,0.9302326,0.069767445,0.069767416,0.079303674,0.0055328147,1,0,1,0,0
18377,-1,1,1.909672,0.8709823,1,1,unassigned,3.0,3.0,0.0,1.0,0.0,0.0,0.001934236,0.0,1,0,0,1,0
18378,-1,0,1.2621603,0.7793977,1,1,unassigned,3.0,2.0,1.0,0.6666667,0.33333334,0.3333333,0.001934236,0.00064474536,0,0,0,1,0
18379,-1,0,0.061202586,0.51529586,1,1,unassigned,41.0,41.0,0.0,1.0,0.0,0.0,0.07543521,0.0,0,0,0,1,0
18380,-1,0,-0.477964,0.38273305,0,1,unassigned,67.0,67.0,0.0,1.0,0.0,0.0,0.12572534,0.0,0,0,0,0,0
18381,-1,1,-0.28508615,0.42920732,0,1,unassigned,12.0,11.0,1.0,0.9166667,0.083333336,0.08333331,0.01934236,0.0016118633,1,0,0,0,0
18382,-1,0,1.580239,0.8292384,1,1,unassigned,2.0,2.0,0.0,1.0,0.0,0.0,0.0,0.0,0,0,0,1,0
18383,-1,1,0.08809084,0.5220085,1,1,unassigned,37.0,36.0,1.0,0.972973,0.027027028,0.02702701,0.06769826,0.0018296828,1,0,0,1,0
18384,-1,1,-0.3331345,0.41747814,0,1,unassigned,2.0,1.0,1.0,0.5,0.5,0.5,0.0,0.0,1,0,0,0,0
18385,-1,0,11.339546,0.9999881,1,1,unassigned,20.0,18.0,2.0,0.9,0.1,0.100000024,0.034816246,0.0034816246,0,0,0,1,1
18386,1,1,6.768713,0.99885213,1,0,unassigned,2.0,1.0,1.0,0.5,0.5,0.5,0.0,0.0,1,0,1,1,1
18387,-1,0,-0.8632326,0.29666442,0,1,unassigned,66.0,66.0,0.0,1.0,0.0,0.0,0.123791106,0.0,0,0,0,0,0
18388,-1,0,-0.124913275,0.46881226,0,1,unassigned,4.0,4.0,0.0,1.0,0.0,0.0,0.003868472,0.0,0,0,0,0,0
18389,-1,1,-0.20716146,0.44839406,0,1,unassigned,4.0,3.0,1.0,0.75,0.25,0.25,0.003868472,0.000967118,1,0,0,0,0
18390,-1,0,-0.5776987,0.3594623,0,1,unassigned,2.0,2.0,0.0,1.0,0.0,0.0,0.0,0.0,0,0,0,0,0
18391,-1,0,1.4586608,0.81132776,1,1,unassigned,6.0,6.0,0.0,1.0,0.0,0.0,0.007736944,0.0,0,0,0,1,0
18392,-1,0,2.6515005,0.93410337,1,1,unassigned,10.0,10.0,0.0,1.0,0.0,0.0,0.015473888,0.0,0,0,0,1,1
18393,-1,1,-0.056483567,0.48588285,0,1,unassigned,11.0,10.0,1.0,0.90909094,0.09090909,0.090909064,0.017408123,0.0015825568,1,0,0,0,0
18394,-1,1,-0.5058551,0.3761657,0,1,unassigned,3.0,3.0,0.0,1.0,0.0,0.0,0.001934236,0.0,1,0,0,0,0
18395,-1,1,-0.5559273,0.36449033,0,1,unassigned,16.0,16.0,0.0,1.0,0.0,0.0,0.027079303,0.0,1,0,0,0,0
18396,-1,0,-0.42498368,0.3953248,0,1,unassigned,16.0,16.0,0.0,1.0,0.0,0.0,0.027079303,0.0,0,0,0,0,0
18397,-1,0,-0.94070554,0.28075784,0,1,unassigned,23.0,20.0,3.0,0.8695652,0.13043478,0.13043481,0.040618956,0.0052981246,0,0,0,0,0
18398,-1,1,-0.37167317,0.40813676,0,1,unassigned,2.0,1.0,1.0,0.5,0.5,0.5,0.0,0.0,1,0,0,0,0
18399,-1,0,-0.4460953,0.39028957,0,1,unassigned,2.0,2.0,0.0,1.0,0.0,0.0,0.0,0.0,0,0,0,0,0
18400,-1,0,8.692371,0.99983215,1,1,unassigned,5.0,4.0,1.0,0.8,0.2,0.19999999,0.0058027077,0.0011605415,0,0,0,1,1
18401,-1,0,-0.7274234,0.3257604,0,1,unassigned,21.0,16.0,5.0,0.7619048,0.23809524,0.23809522,0.036750484,0.0087501155,0,0,0,0,0
18402,-1,0,1.8006437,0.8582273,1,1,unassigned,3.0,1.0,2.0,0.33333334,0.6666667,0.6666666,0.001934236,0.0012894907,0,0,0,1,0
18403,-1,0,7.0840616,0.9991623,1,1,unassigned,2.0,2.0,0.0,1.0,0.0,0.0,0.0,0.0,0,0,0,1,1
18404,-1,0,-0.68806434,0.3344638,0,1,unassigned,32.0,32.0,0.0,1.0,0.0,0.0,0.058027077,0.0,0,0,0,0,0
18405,-1,0,-8.738041e-05,0.49997818,0,1,unassigned,11.0,10.0,1.0,0.90909094,0.09090909,0.090909064,0.017408123,0.0015825568,0,0,0,0,0
18406,-1,0,0.33689904,0.5834371,1,1,unassigned,14.0,12.0,2.0,0.85714287,0.14285715,0.14285713,0.023210831,0.0033158332,0,0,0,1,0
18407,0,0,-0.8711964,0.29500544,0,0,unassigned,4.0,4.0,0.0,1.0,0.0,0.0,0.003868472,0.0,0,0,1,0,0
18408,-1,1,-0.9203932,0.28487775,0,1,unassigned,39.0,38.0,1.0,0.974359,0.025641026,0.025641024,0.07156673,0.0018350444,1,0,0,0,0
18409,-1,0,-0.18527588,0.4538131,0,1,unassigned,60.0,59.0,1.0,0.98333335,0.016666668,0.01666665,0.11218569,0.0018697615,0,0,0,0,0
18410,-1,0,-0.297207,0.4262404,0,1,unassigned,14.0,14.0,0.0,1.0,0.0,0.0,0.023210831,0.0,0,0,0,0,0
18411,-1,1,4.1497912,0.98447704,1,1,unassigned,13.0,12.0,1.0,0.9230769,0.07692308,0.07692307,0.021276595,0.0016366612,1,0,0,1,1
18412,-1,1,3.4651067,0.96967846,1,1,unassigned,13.0,13.0,0.0,1.0,0.0,0.0,0.021276595,0.0,1,0,0,1,1
18413,-1,1,2.630462,0.9327965,1,1,unassigned,18.0,18.0,0.0,1.0,0.0,0.0,0.030947777,0.0,1,0,0,1,1
18414,-1,1,12.054319,0.99999416,1,1,unassigned,10.0,5.0,5.0,0.5,0.5,0.5,0.015473888,0.007736944,1,0,0,1,1
18415,-1,1,6.976043,0.9990669,1,1,unassigned,11.0,11.0,0.0,1.0,0.0,0.0,0.017408123,0.0,1,0,0,1,1
18416,-1,1,2.5354297,0.92658854,1,1,unassigned,13.0,13.0,0.0,1.0,0.0,0.0,0.021276595,0.0,1,0,0,1,1
18417,-1,0,-0.49207842,0.37940407,0,1,unassigned,53.0,53.0,0.0,1.0,0.0,0.0,0.09864604,0.0,0,0,0,0,0
18418,-1,1,7.0495906,0.99913305,1,1,unassigned,7.0,7.0,0.0,1.0,0.0,0.0,0.00967118,0.0,1,0,0,1,1
18419,-1,1,6.7444987,0.99882406,1,1,unassigned,11.0,11.0,0.0,1.0,0.0,0.0,0.017408123,0.0,1,0,0,1,1
18420,-1,0,-0.18019882,0.4550718,0,1,unassigned,7.0,6.0,1.0,0.85714287,0.14285715,0.14285713,0.00967118,0.0013815971,0,0,0,0,0
18421,-1,1,5.3183913,0.9951233,1,1,unassigned,13.0,12.0,1.0,0.9230769,0.07692308,0.07692307,0.021276595,0.0016366612,1,0,0,1,1
18422,-1,1,6.2879987,0.998145,1,1,unassigned,5.0,5.0,0.0,1.0,0.0,0.0,0.0058027077,0.0,1,0,0,1,1
18423,-1,0,-0.7473824,0.32139194,0,1,unassigned,24.0,23.0,1.0,0.9583333,0.041666668,0.041666687,0.04255319,0.0017730496,0,0,0,0,0
18424,-1,0,-0.6393949,0.34538335,0,1,unassigned,22.0,20.0,2.0,0.90909094,0.09090909,0.090909064,0.03868472,0.0035167928,0,0,0,0,0
18425,-1,1,3.7714713,0.9774998,1,1,unassigned,19.0,19.0,0.0,1.0,0.0,0.0,0.032882012,0.0,1,0,0,1,1
18426,-1,0,-0.26900515,0.43315133,0,1,unassigned,67.0,66.0,1.0,0.98507464,0.014925373,0.014925361,0.12572534,0.0018764976,0,0,0,0,0
18427,1,0,-0.8362862,0.30231753,0,1,val,56.0,56.0,0.0,1.0,0.0,0.0,0.10444874,0.0,0,0,0,0,0
18428,0,0,-0.5016755,0.37714702,0,0,val,26.0,26.0,0.0,1.0,0.0,0.0,0.046421662,0.0,0,0,1,0,0
18429,-1,0,-0.7055421,0.33058462,0,1,unassigned,71.0,71.0,0.0,1.0,0.0,0.0,0.13346228,0.0,0,0,0,0,0
18430,-1,1,2.3894298,0.9160177,1,1,unassigned,14.0,13.0,1.0,0.9285714,0.071428575,0.0714286,0.023210831,0.0016579166,1,0,0,1,1
18431,-1,0,4.0247164,0.9824452,1,1,unassigned,2.0,2.0,0.0,1.0,0.0,0.0,0.0,0.0,0,0,0,1,1
18432,-1,1,7.4157577,0.9993987,1,1,unassigned,6.0,6.0,0.0,1.0,0.0,0.0,0.007736944,0.0,1,0,0,1,1
18433,-1,1,-0.7492082,0.32099384,0,1,unassigned,98.0,95.0,3.0,0.96938777,0.030612245,0.03061223,0.18568665,0.0056842854,1,0,0,0,0
18434,0,1,-0.42617956,0.395039,0,0,unassigned,4.0,4.0,0.0,1.0,0.0,0.0,0.003868472,0.0,1,0,1,0,0
18435,-1,0,-0.21466878,0.44653794,0,1,unassigned,2.0,2.0,0.0,1.0,0.0,0.0,0.0,0.0,0,0,0,0,0
18436,-1,0,-0.9229374,0.28435975,0,1,unassigned,29.0,29.0,0.0,1.0,0.0,0.0,0.05222437,0.0,0,0,0,0,0
18437,-1,0,1.2614655,0.7792783,1,1,unassigned,2.0,2.0,0.0,1.0,0.0,0.0,0.0,0.0,0,0,0,1,0
18438,-1,0,-0.9478392,0.27931958,0,1,unassigned,2.0,2.0,0.0,1.0,0.0,0.0,0.0,0.0,0,0,0,0,0
18439,0,1,0.37933022,0.59371156,1,1,unassigned,2.0,2.0,0.0,1.0,0.0,0.0,0.0,0.0,1,0,0,1,0
18440,-1,1,-0.38634312,0.4045979,0,1,unassigned,2.0,2.0,0.0,1.0,0.0,0.0,0.0,0.0,1,0,0,0,0
18441,-1,1,19.951122,1.0,1,1,unassigned,2.0,1.0,1.0,0.5,0.5,0.5,0.0,0.0,1,0,0,1,1
18442,-1,0,-0.011656582,0.49708584,0,1,unassigned,3.0,3.0,0.0,1.0,0.0,0.0,0.001934236,0.0,0,0,0,0,0
18443,1,0,4.286923,0.9864392,1,0,val,3.0,3.0,0.0,1.0,0.0,0.0,0.001934236,0.0,0,0,1,1,1
18444,-1,1,3.5322964,0.97159284,1,1,unassigned,3.0,3.0,0.0,1.0,0.0,0.0,0.001934236,0.0,1,0,0,1,1
18445,-1,1,-0.019927323,0.4950183,0,1,unassigned,4.0,1.0,3.0,0.25,0.75,0.75,0.003868472,0.002901354,1,0,0,0,0
18446,0,0,2.3319752,0.91149086,1,1,unassigned,27.0,25.0,2.0,0.9259259,0.074074075,0.07407409,0.0483559,0.0035819185,0,0,0,1,1
18447,-1,0,6.661174,0.998722,1,1,unassigned,11.0,11.0,0.0,1.0,0.0,0.0,0.017408123,0.0,0,0,0,1,1
18448,-1,1,3.6035721,0.9734953,1,1,unassigned,7.0,7.0,0.0,1.0,0.0,0.0,0.00967118,0.0,1,0,0,1,1
18449,-1,0,4.75512,0.9914659,1,1,unassigned,2.0,2.0,0.0,1.0,0.0,0.0,0.0,0.0,0,0,0,1,1
18450,-1,0,-0.4471341,0.3900424,0,1,unassigned,66.0,65.0,1.0,0.9848485,0.015151516,0.015151501,0.123791106,0.0018756229,0,0,0,0,0
18451,-1,0,-0.47883636,0.38252696,0,1,unassigned,5.0,5.0,0.0,1.0,0.0,0.0,0.0058027077,0.0,0,0,0,0,0
18452,-1,0,1.1396933,0.75762326,1,1,unassigned,17.0,17.0,0.0,1.0,0.0,0.0,0.029013539,0.0,0,0,0,1,0
18453,-1,0,6.466274,0.9984475,1,1,unassigned,3.0,3.0,0.0,1.0,0.0,0.0,0.001934236,0.0,0,0,0,1,1
18454,0,0,-0.88671577,0.29178804,0,0,test,6.0,6.0,0.0,1.0,0.0,0.0,0.007736944,0.0,0,0,1,0,0
18455,-1,0,0.0038268566,0.5009567,1,1,unassigned,31.0,31.0,0.0,1.0,0.0,0.0,0.056092843,0.0,0,0,0,1,0
18456,0,1,-0.10631126,0.47344723,0,0,val,56.0,51.0,5.0,0.91071427,0.08928572,0.08928573,0.10444874,0.009325781,1,0,1,0,0
18457,-1,0,-0.35085574,0.41317493,0,1,unassigned,35.0,35.0,0.0,1.0,0.0,0.0,0.06382979,0.0,0,0,0,0,0
18458,-1,1,2.6242173,0.9324039,1,1,unassigned,16.0,16.0,0.0,1.0,0.0,0.0,0.027079303,0.0,1,0,0,1,1
18459,-1,0,-0.79579365,0.31092602,0,1,unassigned,67.0,66.0,1.0,0.98507464,0.014925373,0.014925361,0.12572534,0.0018764976,0,0,0,0,0
18460,-1,0,-0.4614034,0.38665298,0,1,unassigned,6.0,6.0,0.0,1.0,0.0,0.0,0.007736944,0.0,0,0,0,0,0
18461,-1,0,-0.5183276,0.3732434,0,1,unassigned,24.0,24.0,0.0,1.0,0.0,0.0,0.04255319,0.0,0,0,0,0,0
18462,1,0,3.2579489,0.96295774,1,0,unassigned,65.0,65.0,0.0,1.0,0.0,0.0,0.12185687,0.0,0,0,1,1,1
18463,-1,0,-0.40079996,0.40112016,0,1,unassigned,34.0,33.0,1.0,0.9705882,0.029411765,0.029411793,0.061895553,0.0018204574,0,0,0,0,0
18464,-1,0,3.704117,0.97596973,1,1,unassigned,2.0,2.0,0.0,1.0,0.0,0.0,0.0,0.0,0,0,0,1,1
18465,0,1,-0.08145219,0.47964823,0,0,unassigned,6.0,6.0,0.0,1.0,0.0,0.0,0.007736944,0.0,1,0,1,0,0
18466,-1,1,0.69716936,0.66755986,1,1,unassigned,3.0,2.0,1.0,0.6666667,0.33333334,0.3333333,0.001934236,0.00064474536,1,0,0,1,0
18467,-1,0,-0.5024621,0.37696224,0,1,unassigned,13.0,13.0,0.0,1.0,0.0,0.0,0.021276595,0.0,0,0,0,0,0
18468,-1,0,0.31787103,0.5788053,1,1,unassigned,8.0,8.0,0.0,1.0,0.0,0.0,0.0116054155,0.0,0,0,0,1,0
18469,0,0,-0.57336754,0.36046013,0,0,test,41.0,38.0,3.0,0.9268293,0.07317073,0.07317072,0.07543521,0.005519649,0,0,1,0,0
18470,1,1,3.9690812,0.9814595,1,0,val,45.0,44.0,1.0,0.9777778,0.022222223,0.02222222,0.08317215,0.0018482701,1,0,1,1,1
18471,-1,0,10.480492,0.99997187,1,1,unassigned,18.0,16.0,2.0,0.8888889,0.11111111,0.111111104,0.030947777,0.0034386418,0,0,0,1,1
18472,-1,1,-0.34119543,0.41551912,0,1,unassigned,26.0,25.0,1.0,0.96153843,0.03846154,0.038461566,0.046421662,0.0017854486,1,0,0,0,0
18473,0,1,-0.89454997,0.29017177,0,0,unassigned,2.0,2.0,0.0,1.0,0.0,0.0,0.0,0.0,1,0,1,0,0
18474,1,0,3.5091708,0.9709475,1,0,val,25.0,25.0,0.0,1.0,0.0,0.0,0.044487428,0.0,0,0,1,1,1
18475,-1,0,0.16786414,0.54186773,1,1,unassigned,6.0,6.0,0.0,1.0,0.0,0.0,0.007736944,0.0,0,0,0,1,0
18476,-1,0,-0.25407413,0.43682095,0,1,unassigned,2.0,2.0,0.0,1.0,0.0,0.0,0.0,0.0,0,0,0,0,0
18477,-1,1,4.3545613,0.98731494,1,1,unassigned,2.0,2.0,0.0,1.0,0.0,0.0,0.0,0.0,1,0,0,1,1
18478,-1,0,1.3970215,0.8017108,1,1,unassigned,4.0,4.0,0.0,1.0,0.0,0.0,0.003868472,0.0,0,0,0,1,0
18479,-1,0,-0.23019248,0.44270462,0,1,unassigned,29.0,28.0,1.0,0.9655172,0.03448276,0.034482777,0.05222437,0.0018008404,0,0,0,0,0
18480,-1,0,-0.7030001,0.3311474,0,1,unassigned,28.0,28.0,0.0,1.0,0.0,0.0,0.050290134,0.0,0,0,0,0,0
18481,1,0,3.0572155,0.955093,1,0,unassigned,8.0,8.0,0.0,1.0,0.0,0.0,0.0116054155,0.0,0,0,1,1,1
18482,-1,0,-0.3025017,0.42494604,0,1,unassigned,7.0,7.0,0.0,1.0,0.0,0.0,0.00967118,0.0,0,0,0,0,0
18483,1,0,2.0550795,0.8864599,1,0,unassigned,37.0,36.0,1.0,0.972973,0.027027028,0.02702701,0.06769826,0.0018296828,0,0,1,1,0
18484,-1,0,-0.45767155,0.3875383,0,1,unassigned,6.0,6.0,0.0,1.0,0.0,0.0,0.007736944,0.0,0,0,0,0,0
18485,0,0,-0.3846795,0.40499875,0,0,unassigned,5.0,5.0,0.0,1.0,0.0,0.0,0.0058027077,0.0,0,0,1,0,0
18486,-1,0,0.020352483,0.505088,1,1,unassigned,18.0,18.0,0.0,1.0,0.0,0.0,0.030947777,0.0,0,0,0,1,0
18487,-1,0,0.8729189,0.7053527,1,1,unassigned,6.0,6.0,0.0,1.0,0.0,0.0,0.007736944,0.0,0,0,0,1,0
18488,-1,0,0.84032243,0.6985331,1,1,unassigned,8.0,8.0,0.0,1.0,0.0,0.0,0.0116054155,0.0,0,0,0,1,0
18489,-1,0,0.32441264,0.5803993,1,1,unassigned,3.0,3.0,0.0,1.0,0.0,0.0,0.001934236,0.0,0,0,0,1,0
18490,-1,0,5.5969253,0.9963045,1,1,unassigned,3.0,3.0,0.0,1.0,0.0,0.0,0.001934236,0.0,0,0,0,1,1
18491,-1,0,-0.27659214,0.4312895,0,1,unassigned,12.0,12.0,0.0,1.0,0.0,0.0,0.01934236,0.0,0,0,0,0,0
18492,-1,0,1.1024961,0.7507275,1,1,unassigned,4.0,4.0,0.0,1.0,0.0,0.0,0.003868472,0.0,0,0,0,1,0
18493,-1,1,-0.70511866,0.33067834,0,1,unassigned,44.0,39.0,5.0,0.8863636,0.11363637,0.113636374,0.08123791,0.009231581,1,0,0,0,0
18494,-1,0,-0.10274708,0.47433582,0,1,unassigned,2.0,2.0,0.0,1.0,0.0,0.0,0.0,0.0,0,0,0,0,0
18495,-1,0,0.76706654,0.68288594,1,1,unassigned,18.0,17.0,1.0,0.9444444,0.055555556,0.055555582,0.030947777,0.0017193209,0,0,0,1,0
18496,-1,0,-0.91590273,0.28579345,0,1,unassigned,44.0,44.0,0.0,1.0,0.0,0.0,0.08123791,0.0,0,0,0,0,0
18497,-1,1,2.0920212,0.8901253,1,1,unassigned,7.0,7.0,0.0,1.0,0.0,0.0,0.00967118,0.0,1,0,0,1,0
18498,1,0,5.812444,0.9970188,1,0,unassigned,2.0,2.0,0.0,1.0,0.0,0.0,0.0,0.0,0,0,1,1,1
18499,-1,1,3.6997368,0.97586673,1,1,unassigned,3.0,3.0,0.0,1.0,0.0,0.0,0.001934236,0.0,1,0,0,1,1
18500,-1,1,3.782511,0.9777413,1,1,unassigned,4.0,4.0,0.0,1.0,0.0,0.0,0.003868472,0.0,1,0,0,1,1
18501,-1,1,6.670536,0.99873394,1,1,unassigned,12.0,9.0,3.0,0.75,0.25,0.25,0.01934236,0.00483559,1,0,0,1,1
18502,-1,0,2.8483272,0.9452321,1,1,unassigned,29.0,29.0,0.0,1.0,0.0,0.0,0.05222437,0.0,0,0,0,1,1
18503,1,0,0.2206003,0.55492747,1,0,val,8.0,8.0,0.0,1.0,0.0,0.0,0.0116054155,0.0,0,0,1,1,0
18504,-1,1,3.5887868,0.9731111,1,1,unassigned,11.0,10.0,1.0,0.90909094,0.09090909,0.090909064,0.017408123,0.0015825568,1,0,0,1,1
18505,-1,0,2.6698427,0.9352235,1,1,unassigned,2.0,2.0,0.0,1.0,0.0,0.0,0.0,0.0,0,0,0,1,1
18506,-1,1,4.002986,0.9820664,1,1,unassigned,6.0,6.0,0.0,1.0,0.0,0.0,0.007736944,0.0,1,0,0,1,1
18507,-1,0,0.8364158,0.6977098,1,1,unassigned,6.0,6.0,0.0,1.0,0.0,0.0,0.007736944,0.0,0,0,0,1,0
18508,1,0,4.526997,0.9893026,1,0,unassigned,4.0,3.0,1.0,0.75,0.25,0.25,0.003868472,0.000967118,0,0,1,1,1
18509,1,0,0.21070492,0.5524822,1,0,unassigned,9.0,9.0,0.0,1.0,0.0,0.0,0.013539651,0.0,0,0,1,1,0
18510,-1,0,-0.03536713,0.49115914,0,1,unassigned,3.0,3.0,0.0,1.0,0.0,0.0,0.001934236,0.0,0,0,0,0,0
18511,-1,0,1.8303246,0.8618004,1,1,unassigned,22.0,22.0,0.0,1.0,0.0,0.0,0.03868472,0.0,0,0,0,1,0
18512,-1,0,0.19532448,0.5486765,1,1,unassigned,9.0,9.0,0.0,1.0,0.0,0.0,0.013539651,0.0,0,0,0,1,0
18513,-1,0,0.5581048,0.6360139,1,1,unassigned,18.0,17.0,1.0,0.9444444,0.055555556,0.055555582,0.030947777,0.0017193209,0,0,0,1,0
18514,1,0,0.1445589,0.5360769,1,0,test,14.0,14.0,0.0,1.0,0.0,0.0,0.023210831,0.0,0,0,1,1,0
18515,-1,0,5.000441,0.9933101,1,1,unassigned,11.0,11.0,0.0,1.0,0.0,0.0,0.017408123,0.0,0,0,0,1,1
18516,1,0,3.2715285,0.96343905,1,0,unassigned,50.0,36.0,14.0,0.72,0.28,0.27999997,0.092843324,0.02599613,0,0,1,1,1
18517,-1,0,0.6047903,0.64675146,1,1,unassigned,4.0,4.0,0.0,1.0,0.0,0.0,0.003868472,0.0,0,0,0,1,0
18518,-1,1,1.4015577,0.8024309,1,1,unassigned,123.0,100.0,23.0,0.8130081,0.18699187,0.18699187,0.23404256,0.043764055,1,0,0,1,0
18519,-1,1,-0.52753264,0.37109256,0,1,unassigned,10.0,8.0,2.0,0.8,0.2,0.19999999,0.015473888,0.0030947777,1,0,0,0,0
18520,0,0,-0.81194437,0.30747634,0,0,val,16.0,16.0,0.0,1.0,0.0,0.0,0.027079303,0.0,0,0,1,0,0
18521,-1,0,-0.47475234,0.38349205,0,1,unassigned,47.0,46.0,1.0,0.9787234,0.021276595,0.021276593,0.08704062,0.001851928,0,0,0,0,0
18522,-1,0,-0.2846133,0.4293231,0,1,unassigned,32.0,32.0,0.0,1.0,0.0,0.0,0.058027077,0.0,0,0,0,0,0
18523,-1,0,1.2614655,0.7792783,1,1,unassigned,2.0,2.0,0.0,1.0,0.0,0.0,0.0,0.0,0,0,0,1,0
18524,-1,1,-0.053729355,0.48657086,0,1,unassigned,68.0,67.0,1.0,0.9852941,0.014705882,0.014705896,0.12765957,0.0018773467,1,0,0,0,0
18525,0,0,-0.7788025,0.31457803,0,0,val,74.0,71.0,3.0,0.9594595,0.04054054,0.040540516,0.13926499,0.0056458777,0,0,1,0,0
18526,-1,0,5.204592,0.9945387,1,1,unassigned,20.0,18.0,2.0,0.9,0.1,0.100000024,0.034816246,0.0034816246,0,0,0,1,1
18527,-1,0,-0.12628907,0.46846962,0,1,unassigned,2.0,2.0,0.0,1.0,0.0,0.0,0.0,0.0,0,0,0,0,0
18528,-1,1,0.9710658,0.72533184,1,1,unassigned,6.0,6.0,0.0,1.0,0.0,0.0,0.007736944,0.0,1,0,0,1,0
18529,-1,1,2.5940344,0.93047667,1,1,unassigned,45.0,36.0,9.0,0.8,0.2,0.19999999,0.08317215,0.01663443,1,0,0,1,1
18530,-1,1,2.3551161,0.91334003,1,1,unassigned,2.0,2.0,0.0,1.0,0.0,0.0,0.0,0.0,1,0,0,1,1
18531,1,0,2.7664785,0.9408373,1,0,unassigned,3.0,3.0,0.0,1.0,0.0,0.0,0.001934236,0.0,0,0,1,1,1
18532,-1,0,1.0872674,0.7478668,1,1,unassigned,11.0,7.0,4.0,0.6363636,0.36363637,0.36363637,0.017408123,0.006330227,0,0,0,1,0
18533,0,0,-0.9296776,0.28299013,0,0,test,39.0,37.0,2.0,0.94871795,0.051282052,0.05128205,0.07156673,0.0036700887,0,0,1,0,0
18534,-1,0,-0.47091997,0.38439852,0,1,unassigned,10.0,10.0,0.0,1.0,0.0,0.0,0.015473888,0.0,0,0,0,0,0
18535,-1,0,-0.56389767,0.3626461,0,1,unassigned,65.0,64.0,1.0,0.9846154,0.015384615,0.0153846145,0.12185687,0.001874721,0,0,0,0,0
18536,-1,0,-0.34761432,0.41396105,0,1,unassigned,37.0,37.0,0.0,1.0,0.0,0.0,0.06769826,0.0,0,0,0,0,0
18537,-1,1,1.2480352,0.7769596,1,1,unassigned,30.0,28.0,2.0,0.93333334,0.06666667,0.06666666,0.054158606,0.003610574,1,0,0,1,0
18538,-1,1,3.9013531,0.980186,1,1,unassigned,2.0,1.0,1.0,0.5,0.5,0.5,0.0,0.0,1,0,0,1,1
18539,-1,1,0.08508152,0.5212575,1,1,unassigned,11.0,11.0,0.0,1.0,0.0,0.0,0.017408123,0.0,1,0,0,1,0
18540,-1,0,2.4367843,0.91958964,1,1,unassigned,2.0,1.0,1.0,0.5,0.5,0.5,0.0,0.0,0,0,0,1,1
18541,-1,0,3.6508052,0.97468716,1,1,unassigned,2.0,2.0,0.0,1.0,0.0,0.0,0.0,0.0,0,0,0,1,1
18542,-1,1,-0.15028769,0.46249864,0,1,unassigned,10.0,10.0,0.0,1.0,0.0,0.0,0.015473888,0.0,1,0,0,0,0
18543,0,0,-0.39539084,0.40242025,0,0,unassigned,4.0,4.0,0.0,1.0,0.0,0.0,0.003868472,0.0,0,0,1,0,0
18544,-1,0,-0.23510301,0.4414935,0,1,unassigned,2.0,1.0,1.0,0.5,0.5,0.5,0.0,0.0,0,0,0,0,0
18545,-1,0,3.6277711,0.97411263,1,1,unassigned,9.0,8.0,1.0,0.8888889,0.11111111,0.111111104,0.013539651,0.0015044058,0,0,0,1,1
18546,1,0,0.45627028,0.61212903,1,0,unassigned,4.0,4.0,0.0,1.0,0.0,0.0,0.003868472,0.0,0,0,1,1,0
18547,-1,0,2.0952873,0.89044434,1,1,unassigned,2.0,1.0,1.0,0.5,0.5,0.5,0.0,0.0,0,0,0,1,0
18548,-1,0,-0.3605863,0.41081765,0,1,unassigned,8.0,8.0,0.0,1.0,0.0,0.0,0.0116054155,0.0,0,0,0,0,0
18549,1,1,5.839556,0.9970983,1,0,test,2.0,1.0,1.0,0.5,0.5,0.5,0.0,0.0,1,0,1,1,1
18550,-1,1,1.1663127,0.7624779,1,1,unassigned,11.0,9.0,2.0,0.8181818,0.18181819,0.18181819,0.017408123,0.0031651135,1,0,0,1,0
18551,-1,0,-0.14664179,0.46340513,0,1,unassigned,9.0,9.0,0.0,1.0,0.0,0.0,0.013539651,0.0,0,0,0,0,0
18552,-1,1,-0.114914715,0.4713029,0,1,unassigned,6.0,6.0,0.0,1.0,0.0,0.0,0.007736944,0.0,1,0,0,0,0
18553,-1,0,-0.28471094,0.4292992,0,1,unassigned,4.0,4.0,0.0,1.0,0.0,0.0,0.003868472,0.0,0,0,0,0,0
18554,-1,0,3.075709,0.95587957,1,1,unassigned,3.0,3.0,0.0,1.0,0.0,0.0,0.001934236,0.0,0,0,0,1,1
18555,-1,1,-0.86256003,0.29680476,0,1,unassigned,43.0,39.0,4.0,0.90697676,0.093023255,0.09302324,0.079303674,0.0073770857,1,0,0,0,0
18556,-1,1,1.2691629,0.7805994,1,1,unassigned,8.0,7.0,1.0,0.875,0.125,0.125,0.0116054155,0.0014506769,1,0,0,1,0
18557,-1,0,2.814729,0.9434666,1,1,unassigned,2.0,2.0,0.0,1.0,0.0,0.0,0.0,0.0,0,0,0,1,1
18558,-1,0,2.5751588,0.92924565,1,1,unassigned,3.0,3.0,0.0,1.0,0.0,0.0,0.001934236,0.0,0,0,0,1,1
18559,-1,0,3.0915492,0.95654285,1,1,unassigned,7.0,5.0,2.0,0.71428573,0.2857143,0.28571427,0.00967118,0.0027631943,0,0,0,1,1
18560,-1,0,-0.24510333,0.4390291,0,1,unassigned,33.0,33.0,0.0,1.0,0.0,0.0,0.059961315,0.0,0,0,0,0,0
18561,-1,0,3.5151832,0.9711167,1,1,unassigned,2.0,2.0,0.0,1.0,0.0,0.0,0.0,0.0,0,0,0,1,1
18562,-1,0,-0.6421408,0.34476277,0,1,unassigned,3.0,3.0,0.0,1.0,0.0,0.0,0.001934236,0.0,0,0,0,0,0
18563,-1,1,1.0082216,0.73267204,1,1,unassigned,2.0,2.0,0.0,1.0,0.0,0.0,0.0,0.0,1,0,0,1,0
18564,-1,0,-0.60242534,0.35378903,0,1,unassigned,2.0,2.0,0.0,1.0,0.0,0.0,0.0,0.0,0,0,0,0,0
18565,-1,0,0.6644787,0.6602658,1,1,unassigned,23.0,19.0,4.0,0.82608694,0.17391305,0.17391306,0.040618956,0.0070641665,0,0,0,1,0
18566,-1,0,-0.2674332,0.43353736,0,1,unassigned,4.0,4.0,0.0,1.0,0.0,0.0,0.003868472,0.0,0,0,0,0,0
18567,-1,0,-0.5982261,0.35474965,0,1,unassigned,20.0,20.0,0.0,1.0,0.0,0.0,0.034816246,0.0,0,0,0,0,0
18568,1,0,-0.610714,0.35189635,0,1,val,40.0,38.0,2.0,0.95,0.05,0.050000012,0.07350097,0.0036750485,0,0,0,0,0
18569,-1,0,-0.5364996,0.36900225,0,1,unassigned,23.0,22.0,1.0,0.95652175,0.04347826,0.04347825,0.040618956,0.0017660416,0,0,0,0,0
18570,0,0,-0.18350941,0.45425096,0,0,unassigned,2.0,2.0,0.0,1.0,0.0,0.0,0.0,0.0,0,0,1,0,0
18571,-1,0,-0.831666,0.30329293,0,1,unassigned,7.0,6.0,1.0,0.85714287,0.14285715,0.14285713,0.00967118,0.0013815971,0,0,0,0,0
18572,-1,0,-0.47210506,0.3841181,0,1,unassigned,16.0,16.0,0.0,1.0,0.0,0.0,0.027079303,0.0,0,0,0,0,0
18573,-1,0,1.6501591,0.83891255,1,1,unassigned,7.0,6.0,1.0,0.85714287,0.14285715,0.14285713,0.00967118,0.0013815971,0,0,0,1,0
18574,1,1,7.3082833,0.9993305,1,0,val,10.0,10.0,0.0,1.0,0.0,0.0,0.015473888,0.0,1,0,1,1,1
18575,-1,0,-0.39012682,0.4036868,0,1,unassigned,17.0,17.0,0.0,1.0,0.0,0.0,0.029013539,0.0,0,0,0,0,0
18576,1,0,10.546312,0.99997365,1,0,unassigned,5.0,5.0,0.0,1.0,0.0,0.0,0.0058027077,0.0,0,0,1,1,1
18577,-1,0,-0.65768576,0.3412597,0,1,unassigned,42.0,41.0,1.0,0.97619045,0.023809524,0.023809552,0.07736944,0.0018421295,0,0,0,0,0
18578,-1,0,-0.46226257,0.3864492,0,1,unassigned,87.0,87.0,0.0,1.0,0.0,0.0,0.16441005,0.0,0,0,0,0,0
18579,-1,0,-0.42281705,0.39584285,0,1,unassigned,21.0,21.0,0.0,1.0,0.0,0.0,0.036750484,0.0,0,0,0,0,0
18580,-1,1,-0.0758374,0.4810497,0,1,unassigned,2.0,2.0,0.0,1.0,0.0,0.0,0.0,0.0,1,0,0,0,0
18581,-1,0,-0.72763205,0.3257146,0,1,unassigned,48.0,48.0,0.0,1.0,0.0,0.0,0.088974856,0.0,0,0,0,0,0
18582,-1,0,-0.78438145,0.31337637,0,1,unassigned,13.0,13.0,0.0,1.0,0.0,0.0,0.021276595,0.0,0,0,0,0,0
18583,-1,0,-0.9255569,0.283827,0,1,unassigned,29.0,29.0,0.0,1.0,0.0,0.0,0.05222437,0.0,0,0,0,0,0
18584,-1,0,-0.6961734,0.33266115,0,1,unassigned,45.0,45.0,0.0,1.0,0.0,0.0,0.08317215,0.0,0,0,0,0,0
18585,-1,0,-0.34309524,0.4150578,0,1,unassigned,5.0,5.0,0.0,1.0,0.0,0.0,0.0058027077,0.0,0,0,0,0,0
18586,-1,0,-0.71332717,0.32886407,0,1,unassigned,21.0,21.0,0.0,1.0,0.0,0.0,0.036750484,0.0,0,0,0,0,0
18587,-1,0,4.226481,0.9856065,1,1,unassigned,9.0,6.0,3.0,0.6666667,0.33333334,0.3333333,0.013539651,0.004513217,0,0,0,1,1
18588,-1,0,-0.019759357,0.49506032,0,1,unassigned,7.0,7.0,0.0,1.0,0.0,0.0,0.00967118,0.0,0,0,0,0,0
18589,1,1,0.27054828,0.56722754,1,0,val,26.0,24.0,2.0,0.9230769,0.07692308,0.07692307,0.046421662,0.0035708973,1,0,1,1,0
18590,0,1,-0.33883393,0.41609275,0,0,test,5.0,5.0,0.0,1.0,0.0,0.0,0.0058027077,0.0,1,0,1,0,0
18591,-1,0,1.5526764,0.8253,1,1,unassigned,4.0,4.0,0.0,1.0,0.0,0.0,0.003868472,0.0,0,0,0,1,0
18592,-1,1,-0.6048883,0.35322616,0,1,unassigned,20.0,20.0,0.0,1.0,0.0,0.0,0.034816246,0.0,1,0,0,0,0
18593,-1,0,0.2121157,0.552831,1,1,unassigned,7.0,7.0,0.0,1.0,0.0,0.0,0.00967118,0.0,0,0,0,1,0
18594,1,1,1.029808,0.7368787,1,0,unassigned,10.0,10.0,0.0,1.0,0.0,0.0,0.015473888,0.0,1,0,1,1,0
18595,-1,0,2.1949546,0.8997955,1,1,unassigned,2.0,2.0,0.0,1.0,0.0,0.0,0.0,0.0,0,0,0,1,0
18596,1,1,6.1336274,0.99783605,1,0,test,4.0,4.0,0.0,1.0,0.0,0.0,0.003868472,0.0,1,0,1,1,1
18597,-1,0,2.2318127,0.90307015,1,1,unassigned,5.0,4.0,1.0,0.8,0.2,0.19999999,0.0058027077,0.0011605415,0,0,0,1,1
18598,-1,0,1.0250261,0.73595047,1,1,unassigned,3.0,3.0,0.0,1.0,0.0,0.0,0.001934236,0.0,0,0,0,1,0
18599,-1,0,4.30106,0.98662704,1,1,unassigned,6.0,6.0,0.0,1.0,0.0,0.0,0.007736944,0.0,0,0,0,1,1
18600,-1,0,-0.88801897,0.2915188,0,1,unassigned,65.0,65.0,0.0,1.0,0.0,0.0,0.12185687,0.0,0,0,0,0,0
18601,-1,0,-0.57043225,0.3611371,0,1,unassigned,22.0,21.0,1.0,0.95454544,0.045454547,0.04545456,0.03868472,0.0017583964,0,0,0,0,0
18602,-1,0,-0.5602905,0.36348024,0,1,unassigned,23.0,23.0,0.0,1.0,0.0,0.0,0.040618956,0.0,0,0,0,0,0
18603,1,0,-0.027385175,0.49315414,0,1,val,32.0,31.0,1.0,0.96875,0.03125,0.03125,0.058027077,0.0018133462,0,0,0,0,0
18604,-1,0,2.858999,0.945782,1,1,unassigned,35.0,35.0,0.0,1.0,0.0,0.0,0.06382979,0.0,0,0,0,1,1
18605,-1,0,3.411116,0.96805006,1,1,unassigned,2.0,2.0,0.0,1.0,0.0,0.0,0.0,0.0,0,0,0,1,1
18606,-1,0,-0.5234577,0.3720441,0,1,unassigned,36.0,36.0,0.0,1.0,0.0,0.0,0.065764025,0.0,0,0,0,0,0
18607,-1,0,1.7479889,0.851699,1,1,unassigned,111.0,110.0,1.0,0.990991,0.009009009,0.009009004,0.21083172,0.0018993849,0,0,0,1,0
18608,-1,0,2.9841452,0.9518527,1,1,unassigned,11.0,11.0,0.0,1.0,0.0,0.0,0.017408123,0.0,0,0,0,1,1
18609,-1,0,2.7693524,0.940997,1,1,unassigned,26.0,26.0,0.0,1.0,0.0,0.0,0.046421662,0.0,0,0,0,1,1
18610,-1,0,1.5402539,0.8235016,1,1,unassigned,8.0,8.0,0.0,1.0,0.0,0.0,0.0116054155,0.0,0,0,0,1,0
18611,-1,0,3.1114666,0.95736325,1,1,unassigned,19.0,19.0,0.0,1.0,0.0,0.0,0.032882012,0.0,0,0,0,1,1
18612,-1,0,1.5404463,0.82352954,1,1,unassigned,3.0,3.0,0.0,1.0,0.0,0.0,0.001934236,0.0,0,0,0,1,0
18613,0,0,-0.3516934,0.41297185,0,0,unassigned,62.0,60.0,2.0,0.9677419,0.032258064,0.032258093,0.116054155,0.0037436823,0,0,1,0,0
18614,-1,1,-0.9598196,0.2769143,0,1,unassigned,4.0,3.0,1.0,0.75,0.25,0.25,0.003868472,0.000967118,1,0,0,0,0
18615,1,0,-0.5077109,0.3757303,0,1,unassigned,65.0,65.0,0.0,1.0,0.0,0.0,0.12185687,0.0,0,0,0,0,0
18616,-1,0,-0.016389012,0.49590284,0,1,unassigned,6.0,6.0,0.0,1.0,0.0,0.0,0.007736944,0.0,0,0,0,0,0
18617,-1,0,1.8361895,0.86249745,1,1,unassigned,8.0,6.0,2.0,0.75,0.25,0.25,0.0116054155,0.0029013539,0,0,0,1,0
18618,1,0,0.58380944,0.64194345,1,0,unassigned,4.0,4.0,0.0,1.0,0.0,0.0,0.003868472,0.0,0,0,1,1,0
18619,-1,0,-0.6907942,0.3338564,0,1,unassigned,27.0,25.0,2.0,0.9259259,0.074074075,0.07407409,0.0483559,0.0035819185,0,0,0,0,0
18620,-1,0,1.4180155,0.8050271,1,1,unassigned,3.0,2.0,1.0,0.6666667,0.33333334,0.3333333,0.001934236,0.00064474536,0,0,0,1,0
18621,-1,0,2.4963796,0.92388767,1,1,unassigned,5.0,5.0,0.0,1.0,0.0,0.0,0.0058027077,0.0,0,0,0,1,1
18622,-1,0,3.9329588,0.9807906,1,1,unassigned,29.0,28.0,1.0,0.9655172,0.03448276,0.034482777,0.05222437,0.0018008404,0,0,0,1,1
18623,-1,0,-0.7713841,0.31617975,0,1,unassigned,30.0,30.0,0.0,1.0,0.0,0.0,0.054158606,0.0,0,0,0,0,0
18624,-1,0,-0.3322749,0.41768724,0,1,unassigned,60.0,59.0,1.0,0.98333335,0.016666668,0.01666665,0.11218569,0.0018697615,0,0,0,0,0
18625,-1,0,0.15841097,0.53952014,1,1,unassigned,9.0,9.0,0.0,1.0,0.0,0.0,0.013539651,0.0,0,0,0,1,0
18626,-1,0,0.9584622,0.7228138,1,1,unassigned,2.0,2.0,0.0,1.0,0.0,0.0,0.0,0.0,0,0,0,1,0
18627,-1,1,4.004196,0.9820878,1,1,unassigned,3.0,3.0,0.0,1.0,0.0,0.0,0.001934236,0.0,1,0,0,1,1
18628,-1,0,-1.1775162,0.23549907,0,1,unassigned,2.0,2.0,0.0,1.0,0.0,0.0,0.0,0.0,0,0,0,0,0
18629,-1,0,10.1169815,0.9999596,1,1,unassigned,2.0,2.0,0.0,1.0,0.0,0.0,0.0,0.0,0,0,0,1,1
18630,-1,0,-0.65304583,0.3423035,0,1,unassigned,65.0,65.0,0.0,1.0,0.0,0.0,0.12185687,0.0,0,0,0,0,0
18631,-1,0,4.349316,0.9872491,1,1,unassigned,2.0,2.0,0.0,1.0,0.0,0.0,0.0,0.0,0,0,0,1,1
18632,-1,0,2.0064294,0.88147044,1,1,unassigned,22.0,22.0,0.0,1.0,0.0,0.0,0.03868472,0.0,0,0,0,1,0
18633,-1,1,3.2475412,0.9625847,1,1,unassigned,13.0,12.0,1.0,0.9230769,0.07692308,0.07692307,0.021276595,0.0016366612,1,0,0,1,1
18634,1,0,0.3482399,0.5861907,1,0,test,9.0,9.0,0.0,1.0,0.0,0.0,0.013539651,0.0,0,0,1,1,0
18635,-1,0,-0.69563615,0.33278045,0,1,unassigned,6.0,6.0,0.0,1.0,0.0,0.0,0.007736944,0.0,0,0,0,0,0
18636,-1,0,2.8675745,0.94622004,1,1,unassigned,2.0,1.0,1.0,0.5,0.5,0.5,0.0,0.0,0,0,0,1,1
18637,-1,0,-0.7626377,0.31807387,0,1,unassigned,39.0,39.0,0.0,1.0,0.0,0.0,0.07156673,0.0,0,0,0,0,0
18638,-1,1,1.6421983,0.8378339,1,1,unassigned,9.0,9.0,0.0,1.0,0.0,0.0,0.013539651,0.0,1,0,0,1,0
18639,1,0,5.5638766,0.9961808,1,0,val,6.0,2.0,4.0,0.33333334,0.6666667,0.6666666,0.007736944,0.005157963,0,0,1,1,1
18640,-1,1,-0.26342633,0.4345216,0,1,unassigned,40.0,39.0,1.0,0.975,0.025,0.024999976,0.07350097,0.0018375242,1,0,0,0,0
18641,-1,1,0.5151319,0.6260087,1,1,unassigned,42.0,40.0,2.0,0.95238096,0.04761905,0.047619045,0.07736944,0.003684259,1,0,0,1,0
18642,-1,0,-0.6000555,0.35433102,0,1,unassigned,59.0,59.0,0.0,1.0,0.0,0.0,0.11025145,0.0,0,0,0,0,0
18643,1,1,-0.81748015,0.30629882,0,1,test,185.0,183.0,2.0,0.9891892,0.010810811,0.010810792,0.3539652,0.0038266508,1,0,0,0,0
18644,-1,1,0.5235861,0.62798595,1,1,unassigned,14.0,14.0,0.0,1.0,0.0,0.0,0.023210831,0.0,1,0,0,1,0
18645,0,0,-0.10406861,0.4740063,0,0,unassigned,2.0,2.0,0.0,1.0,0.0,0.0,0.0,0.0,0,0,1,0,0
18646,-1,0,-0.25126597,0.43751195,0,1,unassigned,30.0,28.0,2.0,0.93333334,0.06666667,0.06666666,0.054158606,0.003610574,0,0,0,0,0
18647,-1,0,-0.7915196,0.3118425,0,1,unassigned,15.0,15.0,0.0,1.0,0.0,0.0,0.025145067,0.0,0,0,0,0,0
18648,-1,0,1.7387755,0.85053146,1,1,unassigned,24.0,23.0,1.0,0.9583333,0.041666668,0.041666687,0.04255319,0.0017730496,0,0,0,1,0
18649,-1,0,2.04478,0.88541913,1,1,unassigned,35.0,34.0,1.0,0.9714286,0.028571429,0.028571427,0.06382979,0.0018237082,0,0,0,1,0
18650,-1,0,0.5938633,0.6442511,1,1,unassigned,23.0,23.0,0.0,1.0,0.0,0.0,0.040618956,0.0,0,0,0,1,0
18651,-1,1,5.011554,0.99338347,1,1,unassigned,23.0,21.0,2.0,0.9130435,0.08695652,0.0869565,0.040618956,0.0035320832,1,0,0,1,1
18652,-1,1,-0.03182167,0.49204525,0,1,unassigned,3.0,3.0,0.0,1.0,0.0,0.0,0.001934236,0.0,1,0,0,0,0
18653,-1,1,2.3005254,0.9089206,1,1,unassigned,10.0,10.0,0.0,1.0,0.0,0.0,0.015473888,0.0,1,0,0,1,1
18654,-1,1,0.94541353,0.7201919,1,1,unassigned,7.0,7.0,0.0,1.0,0.0,0.0,0.00967118,0.0,1,0,0,1,0
18655,-1,0,-1.003356,0.2682821,0,1,unassigned,19.0,19.0,0.0,1.0,0.0,0.0,0.032882012,0.0,0,0,0,0,0
18656,-1,0,-0.5780078,0.3593911,0,1,unassigned,106.0,104.0,2.0,0.9811321,0.018867925,0.01886791,0.20116054,0.0037954818,0,0,0,0,0
18657,-1,0,-0.8431937,0.30086258,0,1,unassigned,83.0,83.0,0.0,1.0,0.0,0.0,0.15667312,0.0,0,0,0,0,0
18658,1,1,-0.25202325,0.4373256,0,1,unassigned,13.0,8.0,5.0,0.61538464,0.3846154,0.38461536,0.021276595,0.008183306,1,0,0,0,0
18659,-1,1,0.17847425,0.5445005,1,1,unassigned,63.0,63.0,0.0,1.0,0.0,0.0,0.11798839,0.0,1,0,0,1,0
18660,-1,1,-0.220119,0.4451914,0,1,unassigned,4.0,4.0,0.0,1.0,0.0,0.0,0.003868472,0.0,1,0,0,0,0
18661,-1,0,-0.73201966,0.32475168,0,1,unassigned,63.0,61.0,2.0,0.96825397,0.031746034,0.03174603,0.11798839,0.0037456634,0,0,0,0,0
18662,-1,0,1.0418861,0.73921376,1,1,unassigned,2.0,2.0,0.0,1.0,0.0,0.0,0.0,0.0,0,0,0,1,0
18663,-1,0,-0.5094826,0.37531483,0,1,unassigned,8.0,8.0,0.0,1.0,0.0,0.0,0.0116054155,0.0,0,0,0,0,0
18664,-1,0,0.8177193,0.693752,1,1,unassigned,3.0,3.0,0.0,1.0,0.0,0.0,0.001934236,0.0,0,0,0,1,0
18665,-1,0,1.4860485,0.81548446,1,1,unassigned,16.0,16.0,0.0,1.0,0.0,0.0,0.027079303,0.0,0,0,0,1,0
18666,-1,1,-0.3667866,0.4093177,0,1,unassigned,11.0,11.0,0.0,1.0,0.0,0.0,0.017408123,0.0,1,0,0,0,0
18667,1,0,-0.7027742,0.3311974,0,1,unassigned,12.0,12.0,0.0,1.0,0.0,0.0,0.01934236,0.0,0,0,0,0,0
18668,-1,1,3.5958378,0.97329503,1,1,unassigned,40.0,39.0,1.0,0.975,0.025,0.024999976,0.07350097,0.0018375242,1,0,0,1,1
18669,-1,0,0.27579367,0.5685147,1,1,unassigned,4.0,4.0,0.0,1.0,0.0,0.0,0.003868472,0.0,0,0,0,1,0
18670,0,0,-0.103120744,0.4742426,0,0,test,7.0,7.0,0.0,1.0,0.0,0.0,0.00967118,0.0,0,0,1,0,0
18671,-1,0,0.8258317,0.69547284,1,1,unassigned,53.0,53.0,0.0,1.0,0.0,0.0,0.09864604,0.0,0,0,0,1,0
18672,-1,0,0.029720664,0.50742966,1,1,unassigned,6.0,6.0,0.0,1.0,0.0,0.0,0.007736944,0.0,0,0,0,1,0
18673,1,0,2.791093,0.94219255,1,0,val,30.0,30.0,0.0,1.0,0.0,0.0,0.054158606,0.0,0,0,1,1,1
18674,-1,0,3.2520366,0.9627462,1,1,unassigned,9.0,9.0,0.0,1.0,0.0,0.0,0.013539651,0.0,0,0,0,1,1
18675,-1,0,-0.85642284,0.29808724,0,1,unassigned,80.0,80.0,0.0,1.0,0.0,0.0,0.15087041,0.0,0,0,0,0,0
18676,-1,0,1.1918066,0.767064,1,1,unassigned,3.0,3.0,0.0,1.0,0.0,0.0,0.001934236,0.0,0,0,0,1,0
18677,-1,0,-0.08280629,0.47931024,0,1,unassigned,45.0,43.0,2.0,0.95555556,0.044444446,0.04444444,0.08317215,0.0036965401,0,0,0,0,0
18678,-1,0,0.064406574,0.51609606,1,1,unassigned,9.0,9.0,0.0,1.0,0.0,0.0,0.013539651,0.0,0,0,0,1,0
18679,-1,0,2.9007626,0.94788414,1,1,unassigned,5.0,5.0,0.0,1.0,0.0,0.0,0.0058027077,0.0,0,0,0,1,1
18680,-1,1,1.4225235,0.8057337,1,1,unassigned,38.0,30.0,8.0,0.7894737,0.21052632,0.21052629,0.06963249,0.014659473,1,0,0,1,0
18681,-1,0,2.7614715,0.94055796,1,1,unassigned,8.0,6.0,2.0,0.75,0.25,0.25,0.0116054155,0.0029013539,0,0,0,1,1
18682,-1,0,-0.9238352,0.2841771,0,1,unassigned,39.0,39.0,0.0,1.0,0.0,0.0,0.07156673,0.0,0,0,0,0,0
18683,-1,0,7.4015713,0.99939,1,1,unassigned,38.0,37.0,1.0,0.9736842,0.02631579,0.026315808,0.06963249,0.0018324341,0,0,0,1,1
18684,-1,0,-0.76341546,0.31790522,0,1,unassigned,53.0,52.0,1.0,0.9811321,0.018867925,0.01886791,0.09864604,0.0018612461,0,0,0,0,0
18685,-1,0,4.17655,0.9848807,1,1,unassigned,36.0,30.0,6.0,0.8333333,0.16666667,0.16666669,0.065764025,0.010960671,0,0,0,1,1
18686,-1,1,-0.93162566,0.282595,0,1,unassigned,51.0,46.0,5.0,0.9019608,0.09803922,0.09803921,0.09477756,0.009291918,1,0,0,0,0
18687,-1,1,2.0602071,0.88697493,1,1,unassigned,37.0,37.0,0.0,1.0,0.0,0.0,0.06769826,0.0,1,0,0,1,0
18688,-1,1,1.7633595,0.85362995,1,1,unassigned,5.0,4.0,1.0,0.8,0.2,0.19999999,0.0058027077,0.0011605415,1,0,0,1,0
18689,-1,0,-0.85685337,0.29799718,0,1,unassigned,26.0,19.0,7.0,0.7307692,0.26923078,0.26923078,0.046421662,0.01249814,0,0,0,0,0
18690,-1,0,-0.34618622,0.41430756,0,1,unassigned,4.0,4.0,0.0,1.0,0.0,0.0,0.003868472,0.0,0,0,0,0,0
18691,-1,0,1.4297631,0.80686444,1,1,unassigned,3.0,2.0,1.0,0.6666667,0.33333334,0.3333333,0.001934236,0.00064474536,0,0,0,1,0
18692,1,0,1.0063312,0.73230153,1,0,test,7.0,4.0,3.0,0.5714286,0.42857143,0.4285714,0.00967118,0.0041447915,0,0,1,1,0
18693,-1,0,-0.2528148,0.43713078,0,1,unassigned,3.0,3.0,0.0,1.0,0.0,0.0,0.001934236,0.0,0,0,0,0,0
18694,-1,0,2.091819,0.8901055,1,1,unassigned,9.0,8.0,1.0,0.8888889,0.11111111,0.111111104,0.013539651,0.0015044058,0,0,0,1,0
18695,-1,0,1.7985814,0.85797614,1,1,unassigned,23.0,23.0,0.0,1.0,0.0,0.0,0.040618956,0.0,0,0,0,1,0
18696,-1,0,-0.6708402,0.33830872,0,1,unassigned,3.0,3.0,0.0,1.0,0.0,0.0,0.001934236,0.0,0,0,0,0,0
18697,-1,0,-0.78082484,0.31414214,0,1,unassigned,20.0,19.0,1.0,0.95,0.05,0.050000012,0.034816246,0.0017408123,0,0,0,0,0
18698,-1,0,-0.009419024,0.49764526,0,1,unassigned,3.0,2.0,1.0,0.6666667,0.33333334,0.3333333,0.001934236,0.00064474536,0,0,0,0,0
18699,-1,1,1.6853135,0.8436068,1,1,unassigned,46.0,40.0,6.0,0.8695652,0.13043478,0.13043481,0.08510638,0.011100832,1,0,0,1,0
18700,-1,0,-0.6945159,0.33302924,0,1,unassigned,4.0,3.0,1.0,0.75,0.25,0.25,0.003868472,0.000967118,0,0,0,0,0
18701,1,0,-0.5413101,0.36788288,0,1,val,31.0,29.0,2.0,0.9354839,0.06451613,0.06451613,0.056092843,0.003618893,0,0,0,0,0
18702,-1,0,-1.005978,0.2677677,0,1,unassigned,2.0,2.0,0.0,1.0,0.0,0.0,0.0,0.0,0,0,0,0,0
18703,-1,0,-0.62077147,0.34960604,0,1,unassigned,2.0,2.0,0.0,1.0,0.0,0.0,0.0,0.0,0,0,0,0,0
18704,-1,0,0.575697,0.6400767,1,1,unassigned,2.0,1.0,1.0,0.5,0.5,0.5,0.0,0.0,0,0,0,1,0
18705,-1,0,-0.80743426,0.3084375,0,1,unassigned,2.0,2.0,0.0,1.0,0.0,0.0,0.0,0.0,0,0,0,0,0
18706,1,0,-0.28479075,0.42927966,0,1,unassigned,17.0,16.0,1.0,0.9411765,0.05882353,0.058823526,0.029013539,0.0017066788,0,0,0,0,0
18707,-1,0,-0.9821347,0.27246842,0,1,unassigned,29.0,28.0,1.0,0.9655172,0.03448276,0.034482777,0.05222437,0.0018008404,0,0,0,0,0
18708,-1,1,3.0432725,0.9544912,1,1,unassigned,4.0,2.0,2.0,0.5,0.5,0.5,0.003868472,0.001934236,1,0,0,1,1
18709,-1,0,-0.75781286,0.3191213,0,1,unassigned,20.0,19.0,1.0,0.95,0.05,0.050000012,0.034816246,0.0017408123,0,0,0,0,0
18710,-1,0,-0.77248794,0.31594115,0,1,unassigned,18.0,18.0,0.0,1.0,0.0,0.0,0.030947777,0.0,0,0,0,0,0
18711,-1,1,2.0080264,0.8816372,1,1,unassigned,2.0,2.0,0.0,1.0,0.0,0.0,0.0,0.0,1,0,0,1,0
18712,-1,0,0.49146873,0.6204524,1,1,unassigned,3.0,3.0,0.0,1.0,0.0,0.0,0.001934236,0.0,0,0,0,1,0
18713,-1,0,0.10500133,0.5262262,1,1,unassigned,8.0,8.0,0.0,1.0,0.0,0.0,0.0116054155,0.0,0,0,0,1,0
18714,-1,1,5.1517043,0.9942438,1,1,unassigned,15.0,14.0,1.0,0.93333334,0.06666667,0.06666666,0.025145067,0.0016763379,1,0,0,1,1
18715,-1,0,0.1500749,0.53744847,1,1,unassigned,2.0,1.0,1.0,0.5,0.5,0.5,0.0,0.0,0,0,0,1,0
18716,-1,0,-0.21359232,0.44680402,0,1,unassigned,2.0,2.0,0.0,1.0,0.0,0.0,0.0,0.0,0,0,0,0,0
18717,-1,1,0.5276937,0.62894505,1,1,unassigned,9.0,6.0,3.0,0.6666667,0.33333334,0.3333333,0.013539651,0.004513217,1,0,0,1,0
18718,-1,1,-0.061264873,0.48468858,0,1,unassigned,4.0,3.0,1.0,0.75,0.25,0.25,0.003868472,0.000967118,1,0,0,0,0
18719,-1,0,7.6192193,0.99950933,1,1,unassigned,10.0,10.0,0.0,1.0,0.0,0.0,0.015473888,0.0,0,0,0,1,1
18720,1,0,4.3727508,0.98754066,1,0,val,6.0,5.0,1.0,0.8333333,0.16666667,0.16666669,0.007736944,0.0012894907,0,0,1,1,1
18721,-1,0,1.1374762,0.757216,1,1,unassigned,3.0,2.0,1.0,0.6666667,0.33333334,0.3333333,0.001934236,0.00064474536,0,0,0,1,0
18722,-1,1,0.7667255,0.68281215,1,1,unassigned,16.0,14.0,2.0,0.875,0.125,0.125,0.027079303,0.0033849129,1,0,0,1,0
18723,-1,0,-0.7985277,0.31034055,0,1,unassigned,25.0,25.0,0.0,1.0,0.0,0.0,0.044487428,0.0,0,0,0,0,0
18724,-1,0,1.0322647,0.7373547,1,1,unassigned,10.0,8.0,2.0,0.8,0.2,0.19999999,0.015473888,0.0030947777,0,0,0,1,0
18725,-1,0,2.8552735,0.9455907,1,1,unassigned,4.0,4.0,0.0,1.0,0.0,0.0,0.003868472,0.0,0,0,0,1,1
18726,-1,1,1.0758204,0.7457022,1,1,unassigned,22.0,20.0,2.0,0.90909094,0.09090909,0.090909064,0.03868472,0.0035167928,1,0,0,1,0
18727,-1,1,-0.5492444,0.36603972,0,1,unassigned,13.0,13.0,0.0,1.0,0.0,0.0,0.021276595,0.0,1,0,0,0,0
18728,1,0,2.2384887,0.90365297,1,0,test,2.0,2.0,0.0,1.0,0.0,0.0,0.0,0.0,0,0,1,1,1
18729,-1,1,2.5946488,0.93051636,1,1,unassigned,4.0,4.0,0.0,1.0,0.0,0.0,0.003868472,0.0,1,0,0,1,1
18730,-1,1,-0.60526943,0.35313907,0,1,unassigned,25.0,18.0,7.0,0.72,0.28,0.27999997,0.044487428,0.0124564795,1,0,0,0,0
18731,-1,1,1.0431206,0.73945165,1,1,unassigned,2.0,2.0,0.0,1.0,0.0,0.0,0.0,0.0,1,0,0,1,0
18732,-1,1,3.6768286,0.9753213,1,1,unassigned,2.0,2.0,0.0,1.0,0.0,0.0,0.0,0.0,1,0,0,1,1
18733,-1,0,-0.16743529,0.45823872,0,1,unassigned,20.0,18.0,2.0,0.9,0.1,0.100000024,0.034816246,0.0034816246,0,0,0,0,0
18734,-1,0,0.76200277,0.6817883,1,1,unassigned,12.0,11.0,1.0,0.9166667,0.083333336,0.08333331,0.01934236,0.0016118633,0,0,0,1,0
18735,-1,0,0.75677115,0.6806523,1,1,unassigned,12.0,10.0,2.0,0.8333333,0.16666667,0.16666669,0.01934236,0.0032237265,0,0,0,1,0
18736,-1,0,0.31947762,0.57919693,1,1,unassigned,2.0,2.0,0.0,1.0,0.0,0.0,0.0,0.0,0,0,0,1,0
18737,-1,0,0.29207546,0.57250416,1,1,unassigned,5.0,5.0,0.0,1.0,0.0,0.0,0.0058027077,0.0,0,0,0,1,0
18738,0,1,-0.37788016,0.4066383,0,0,val,15.0,15.0,0.0,1.0,0.0,0.0,0.025145067,0.0,1,0,1,0,0
18739,-1,0,0.13079852,0.5326531,1,1,unassigned,2.0,2.0,0.0,1.0,0.0,0.0,0.0,0.0,0,0,0,1,0
18740,-1,0,1.9495933,0.8754023,1,1,unassigned,4.0,4.0,0.0,1.0,0.0,0.0,0.003868472,0.0,0,0,0,1,0
18741,0,0,-0.4376876,0.3922921,0,0,unassigned,14.0,14.0,0.0,1.0,0.0,0.0,0.023210831,0.0,0,0,1,0,0
18742,1,0,-0.5676798,0.36177236,0,1,val,12.0,12.0,0.0,1.0,0.0,0.0,0.01934236,0.0,0,0,0,0,0
18743,-1,0,13.908598,0.99999905,1,1,unassigned,2.0,2.0,0.0,1.0,0.0,0.0,0.0,0.0,0,0,0,1,1
18744,-1,1,-0.23006096,0.4427371,0,1,unassigned,11.0,8.0,3.0,0.72727275,0.27272728,0.27272725,0.017408123,0.00474767,1,0,0,0,0
18745,-1,1,-0.20065627,0.45000356,0,1,unassigned,6.0,6.0,0.0,1.0,0.0,0.0,0.007736944,0.0,1,0,0,0,0
18746,-1,1,0.6494964,0.65689695,1,1,unassigned,8.0,8.0,0.0,1.0,0.0,0.0,0.0116054155,0.0,1,0,0,1,0
18747,-1,0,1.9737556,0.8780139,1,1,unassigned,16.0,16.0,0.0,1.0,0.0,0.0,0.027079303,0.0,0,0,0,1,0
18748,-1,0,-0.5119642,0.3747332,0,1,unassigned,78.0,77.0,1.0,0.98717946,0.012820513,0.012820542,0.14700194,0.0018846402,0,0,0,0,0
18749,-1,0,2.8629417,0.9459838,1,1,unassigned,70.0,67.0,3.0,0.95714283,0.042857144,0.04285717,0.13152805,0.0056369165,0,0,0,1,1
18750,-1,0,5.7555547,0.9968449,1,1,unassigned,18.0,17.0,1.0,0.9444444,0.055555556,0.055555582,0.030947777,0.0017193209,0,0,0,1,1
18751,-1,0,3.013865,0.9531965,1,1,unassigned,26.0,26.0,0.0,1.0,0.0,0.0,0.046421662,0.0,0,0,0,1,1
18752,-1,1,3.5003693,0.97069836,1,1,unassigned,2.0,2.0,0.0,1.0,0.0,0.0,0.0,0.0,1,0,0,1,1
18753,-1,0,-0.31491792,0.42191482,0,1,unassigned,7.0,7.0,0.0,1.0,0.0,0.0,0.00967118,0.0,0,0,0,0,0
18754,-1,0,1.0629854,0.7432607,1,1,unassigned,11.0,10.0,1.0,0.90909094,0.09090909,0.090909064,0.017408123,0.0015825568,0,0,0,1,0
18755,-1,1,0.5795893,0.6409729,1,1,unassigned,3.0,3.0,0.0,1.0,0.0,0.0,0.001934236,0.0,1,0,0,1,0
18756,-1,1,-0.37854874,0.40647694,0,1,unassigned,4.0,1.0,3.0,0.25,0.75,0.75,0.003868472,0.002901354,1,0,0,0,0
18757,-1,0,-0.23315793,0.44197315,0,1,unassigned,58.0,58.0,0.0,1.0,0.0,0.0,0.10831721,0.0,0,0,0,0,0
18758,0,1,-0.4048862,0.40013894,0,0,unassigned,2.0,2.0,0.0,1.0,0.0,0.0,0.0,0.0,1,0,1,0,0
18759,-1,0,-0.035960555,0.49101084,0,1,unassigned,21.0,21.0,0.0,1.0,0.0,0.0,0.036750484,0.0,0,0,0,0,0
18760,-1,0,0.032640517,0.5081594,1,1,unassigned,6.0,6.0,0.0,1.0,0.0,0.0,0.007736944,0.0,0,0,0,1,0
18761,-1,0,0.27232426,0.56766343,1,1,unassigned,5.0,5.0,0.0,1.0,0.0,0.0,0.0058027077,0.0,0,0,0,1,0
18762,-1,1,2.0346508,0.8843875,1,1,unassigned,15.0,13.0,2.0,0.8666667,0.13333334,0.13333333,0.025145067,0.0033526758,1,0,0,1,0
18763,-1,0,0.5117107,0.6252074,1,1,unassigned,6.0,6.0,0.0,1.0,0.0,0.0,0.007736944,0.0,0,0,0,1,0
18764,-1,0,-1.0061488,0.2677342,0,1,unassigned,32.0,31.0,1.0,0.96875,0.03125,0.03125,0.058027077,0.0018133462,0,0,0,0,0
18765,-1,0,1.7885871,0.85675395,1,1,unassigned,2.0,2.0,0.0,1.0,0.0,0.0,0.0,0.0,0,0,0,1,0
18766,-1,1,-0.802794,0.3094282,0,1,unassigned,41.0,30.0,11.0,0.73170733,0.2682927,0.26829267,0.07543521,0.020238714,1,0,0,0,0
18767,-1,0,-0.56058514,0.36341208,0,1,unassigned,42.0,42.0,0.0,1.0,0.0,0.0,0.07736944,0.0,0,0,0,0,0
18768,-1,1,4.6958985,0.99095005,1,1,unassigned,27.0,25.0,2.0,0.9259259,0.074074075,0.07407409,0.0483559,0.0035819185,1,0,0,1,1
18769,1,0,3.2583342,0.96297145,1,0,unassigned,6.0,4.0,2.0,0.6666667,0.33333334,0.3333333,0.007736944,0.0025789815,0,0,1,1,1
18770,0,0,-0.6538763,0.34211653,0,0,unassigned,31.0,30.0,1.0,0.9677419,0.032258064,0.032258093,0.056092843,0.0018094465,0,0,1,0,0
18771,-1,0,-0.15111962,0.46229184,0,1,unassigned,3.0,3.0,0.0,1.0,0.0,0.0,0.001934236,0.0,0,0,0,0,0
18772,-1,1,-0.14445245,0.46394956,0,1,unassigned,19.0,15.0,4.0,0.7894737,0.21052632,0.21052629,0.032882012,0.006922529,1,0,0,0,0
18773,-1,1,0.07734525,0.5193267,1,1,unassigned,2.0,2.0,0.0,1.0,0.0,0.0,0.0,0.0,1,0,0,1,0
18774,1,0,0.9168131,0.7143923,1,0,unassigned,32.0,30.0,2.0,0.9375,0.0625,0.0625,0.058027077,0.0036266923,0,0,1,1,0
18775,-1,1,5.8873243,0.99723333,1,1,unassigned,8.0,7.0,1.0,0.875,0.125,0.125,0.0116054155,0.0014506769,1,0,0,1,1
18776,-1,1,0.53538173,0.6307374,1,1,unassigned,4.0,4.0,0.0,1.0,0.0,0.0,0.003868472,0.0,1,0,0,1,0
18777,-1,1,1.53351,0.8225193,1,1,unassigned,2.0,2.0,0.0,1.0,0.0,0.0,0.0,0.0,1,0,0,1,0
18778,-1,0,-0.01582396,0.49604413,0,1,unassigned,12.0,12.0,0.0,1.0,0.0,0.0,0.01934236,0.0,0,0,0,0,0
18779,-1,0,0.5470825,0.6334585,1,1,unassigned,5.0,5.0,0.0,1.0,0.0,0.0,0.0058027077,0.0,0,0,0,1,0
18780,-1,1,-0.8976699,0.28952956,0,1,unassigned,67.0,62.0,5.0,0.92537314,0.07462686,0.07462686,0.12572534,0.009382488,1,0,0,0,0
18781,0,0,-0.7937032,0.31137407,0,0,val,49.0,48.0,1.0,0.97959185,0.020408163,0.020408154,0.09090909,0.0018552876,0,0,1,0,0
18782,-1,0,-0.7522282,0.32033598,0,1,unassigned,44.0,42.0,2.0,0.95454544,0.045454547,0.04545456,0.08123791,0.0036926325,0,0,0,0,0
18783,-1,0,-0.19821006,0.4506091,0,1,unassigned,43.0,43.0,0.0,1.0,0.0,0.0,0.079303674,0.0,0,0,0,0,0
18784,-1,0,-0.07543707,0.48114967,0,1,unassigned,5.0,5.0,0.0,1.0,0.0,0.0,0.0058027077,0.0,0,0,0,0,0
18785,-1,0,-0.87527525,0.2941578,0,1,unassigned,18.0,18.0,0.0,1.0,0.0,0.0,0.030947777,0.0,0,0,0,0,0
18786,-1,0,3.832039,0.9787941,1,1,unassigned,2.0,1.0,1.0,0.5,0.5,0.5,0.0,0.0,0,0,0,1,1
18787,-1,0,-0.48147097,0.3819048,0,1,unassigned,2.0,2.0,0.0,1.0,0.0,0.0,0.0,0.0,0,0,0,0,0
18788,-1,0,-0.17512095,0.4563313,0,1,unassigned,2.0,1.0,1.0,0.5,0.5,0.5,0.0,0.0,0,0,0,0,0
18789,-1,1,-0.06115961,0.48471484,0,1,unassigned,6.0,5.0,1.0,0.8333333,0.16666667,0.16666669,0.007736944,0.0012894907,1,0,0,0,0
18790,-1,1,0.15657067,0.5390629,1,1,unassigned,3.0,3.0,0.0,1.0,0.0,0.0,0.001934236,0.0,1,0,0,1,0
18791,-1,0,1.8390961,0.8628418,1,1,unassigned,3.0,1.0,2.0,0.33333334,0.6666667,0.6666666,0.001934236,0.0012894907,0,0,0,1,0
18792,-1,0,-0.29959944,0.4256554,0,1,unassigned,26.0,25.0,1.0,0.96153843,0.03846154,0.038461566,0.046421662,0.0017854486,0,0,0,0,0
18793,-1,0,0.17208529,0.54291546,1,1,unassigned,12.0,11.0,1.0,0.9166667,0.083333336,0.08333331,0.01934236,0.0016118633,0,0,0,1,0
18794,-1,0,-0.37591866,0.40711161,0,1,unassigned,54.0,54.0,0.0,1.0,0.0,0.0,0.10058027,0.0,0,0,0,0,0
18795,-1,0,0.6879416,0.6655089,1,1,unassigned,22.0,21.0,1.0,0.95454544,0.045454547,0.04545456,0.03868472,0.0017583964,0,0,0,1,0
18796,-1,0,1.0800283,0.74649936,1,1,unassigned,29.0,29.0,0.0,1.0,0.0,0.0,0.05222437,0.0,0,0,0,1,0
18797,-1,1,-0.64415,0.34430903,0,1,unassigned,20.0,19.0,1.0,0.95,0.05,0.050000012,0.034816246,0.0017408123,1,0,0,0,0
18798,-1,0,5.3290524,0.9951747,1,1,unassigned,8.0,3.0,5.0,0.375,0.625,0.625,0.0116054155,0.0072533847,0,0,0,1,1
18799,-1,0,-0.010792434,0.4973019,0,1,unassigned,2.0,2.0,0.0,1.0,0.0,0.0,0.0,0.0,0,0,0,0,0
18800,-1,0,-0.19600356,0.45115536,0,1,unassigned,5.0,5.0,0.0,1.0,0.0,0.0,0.0058027077,0.0,0,0,0,0,0
18801,-1,1,-0.5349445,0.3693644,0,1,unassigned,117.0,115.0,2.0,0.982906,0.017094018,0.017094016,0.22243714,0.0038023444,1,0,0,0,0
18802,-1,0,-0.911808,0.28663,0,1,unassigned,29.0,29.0,0.0,1.0,0.0,0.0,0.05222437,0.0,0,0,0,0,0
18803,-1,0,0.3429199,0.5848996,1,1,unassigned,31.0,31.0,0.0,1.0,0.0,0.0,0.056092843,0.0,0,0,0,1,0
18804,0,1,-0.91179293,0.28663307,0,0,val,22.0,22.0,0.0,1.0,0.0,0.0,0.03868472,0.0,1,0,1,0,0
18805,-1,1,0.44911748,0.61042935,1,1,unassigned,17.0,17.0,0.0,1.0,0.0,0.0,0.029013539,0.0,1,0,0,1,0
18806,-1,1,1.1148386,0.7530301,1,1,unassigned,34.0,34.0,0.0,1.0,0.0,0.0,0.061895553,0.0,1,0,0,1,0
18807,-1,0,2.2493222,0.9045921,1,1,unassigned,69.0,60.0,9.0,0.8695652,0.13043478,0.13043481,0.1295938,0.01690354,0,0,0,1,1
18808,0,0,-0.9564085,0.27759784,0,0,train,48.0,47.0,1.0,0.9791667,0.020833334,0.020833313,0.088974856,0.0018536429,0,0,1,0,0
18809,-1,1,-0.45558578,0.3880335,0,1,unassigned,44.0,36.0,8.0,0.8181818,0.18181819,0.18181819,0.08123791,0.01477053,1,0,0,0,0
18810,-1,0,0.31485492,0.57806987,1,1,unassigned,21.0,20.0,1.0,0.95238096,0.04761905,0.047619045,0.036750484,0.0017500231,0,0,0,1,0
18811,-1,0,0.17618787,0.5439334,1,1,unassigned,16.0,16.0,0.0,1.0,0.0,0.0,0.027079303,0.0,0,0,0,1,0
18812,-1,1,0.094031274,0.52349055,1,1,unassigned,3.0,2.0,1.0,0.6666667,0.33333334,0.3333333,0.001934236,0.00064474536,1,0,0,1,0
18813,1,0,0.23722953,0.5590308,1,0,test,10.0,10.0,0.0,1.0,0.0,0.0,0.015473888,0.0,0,0,1,1,0
18814,-1,0,-0.72201663,0.32694906,0,1,unassigned,41.0,41.0,0.0,1.0,0.0,0.0,0.07543521,0.0,0,0,0,0,0
18815,-1,0,0.20858818,0.5519588,1,1,unassigned,8.0,8.0,0.0,1.0,0.0,0.0,0.0116054155,0.0,0,0,0,1,0
18816,-1,0,1.2114406,0.77055377,1,1,unassigned,16.0,15.0,1.0,0.9375,0.0625,0.0625,0.027079303,0.0016924564,0,0,0,1,0
18817,-1,0,0.86569613,0.7038494,1,1,unassigned,21.0,19.0,2.0,0.9047619,0.0952381,0.09523809,0.036750484,0.0035000462,0,0,0,1,0
18818,-1,0,-0.51729995,0.37348384,0,1,unassigned,50.0,50.0,0.0,1.0,0.0,0.0,0.092843324,0.0,0,0,0,0,0
18819,-1,1,-0.9015744,0.28872707,0,1,unassigned,6.0,5.0,1.0,0.8333333,0.16666667,0.16666669,0.007736944,0.0012894907,1,0,0,0,0
18820,-1,1,7.269775,0.9993042,1,1,unassigned,3.0,3.0,0.0,1.0,0.0,0.0,0.001934236,0.0,1,0,0,1,1
18821,-1,1,-0.8762524,0.29395497,0,1,unassigned,65.0,45.0,20.0,0.6923077,0.30769232,0.3076923,0.12185687,0.03749442,1,0,0,0,0
18822,-1,0,-0.8321757,0.30318522,0,1,unassigned,34.0,33.0,1.0,0.9705882,0.029411765,0.029411793,0.061895553,0.0018204574,0,0,0,0,0
18823,-1,0,0.5081075,0.6243627,1,1,unassigned,7.0,7.0,0.0,1.0,0.0,0.0,0.00967118,0.0,0,0,0,1,0
18824,-1,0,-0.8534479,0.29871008,0,1,unassigned,20.0,20.0,0.0,1.0,0.0,0.0,0.034816246,0.0,0,0,0,0,0
18825,-1,1,12.576343,0.99999654,1,1,unassigned,2.0,2.0,0.0,1.0,0.0,0.0,0.0,0.0,1,0,0,1,1
18826,-1,0,12.403737,0.99999595,1,1,unassigned,30.0,30.0,0.0,1.0,0.0,0.0,0.054158606,0.0,0,0,0,1,1
18827,1,0,-0.23410979,0.4417384,0,1,unassigned,39.0,36.0,3.0,0.9230769,0.07692308,0.07692307,0.07156673,0.0055051334,0,0,0,0,0
18828,1,0,-0.9353006,0.28185058,0,1,unassigned,54.0,54.0,0.0,1.0,0.0,0.0,0.10058027,0.0,0,0,0,0,0
18829,-1,0,0.0025907755,0.50064766,1,1,unassigned,53.0,53.0,0.0,1.0,0.0,0.0,0.09864604,0.0,0,0,0,1,0
18830,0,0,-0.5773049,0.35955298,0,0,unassigned,10.0,10.0,0.0,1.0,0.0,0.0,0.015473888,0.0,0,0,1,0,0
18831,0,0,-0.023326695,0.49416855,0,0,val,5.0,5.0,0.0,1.0,0.0,0.0,0.0058027077,0.0,0,0,1,0,0
18832,-1,0,-0.84486425,0.3005113,0,1,unassigned,28.0,27.0,1.0,0.96428573,0.035714287,0.03571427,0.050290134,0.0017960763,0,0,0,0,0
18833,-1,0,6.6539035,0.99871266,1,1,unassigned,6.0,6.0,0.0,1.0,0.0,0.0,0.007736944,0.0,0,0,0,1,1
18834,-1,0,0.8685331,0.70444036,1,1,unassigned,18.0,18.0,0.0,1.0,0.0,0.0,0.030947777,0.0,0,0,0,1,0
18835,0,0,-0.019790828,0.49505243,0,0,val,21.0,21.0,0.0,1.0,0.0,0.0,0.036750484,0.0,0,0,1,0,0
18836,-1,1,6.6753926,0.99874,1,1,unassigned,4.0,4.0,0.0,1.0,0.0,0.0,0.003868472,0.0,1,0,0,1,1
18837,-1,0,1.9224164,0.8724077,1,1,unassigned,21.0,21.0,0.0,1.0,0.0,0.0,0.036750484,0.0,0,0,0,1,0
18838,-1,0,1.3787353,0.7987878,1,1,unassigned,19.0,18.0,1.0,0.94736844,0.05263158,0.052631557,0.032882012,0.0017306323,0,0,0,1,0
18839,-1,0,2.1016545,0.89106387,1,1,unassigned,55.0,49.0,6.0,0.8909091,0.10909091,0.109090924,0.102514505,0.011183401,0,0,0,1,0
18840,-1,0,-0.44493157,0.39056653,0,1,unassigned,46.0,46.0,0.0,1.0,0.0,0.0,0.08510638,0.0,0,0,0,0,0
18841,-1,0,1.0610158,0.74288464,1,1,unassigned,45.0,44.0,1.0,0.9777778,0.022222223,0.02222222,0.08317215,0.0018482701,0,0,0,1,0
18842,1,0,-0.7369311,0.3236756,0,1,val,3.0,2.0,1.0,0.6666667,0.33333334,0.3333333,0.001934236,0.00064474536,0,0,0,0,0
18843,-1,0,0.5235699,0.62798214,1,1,unassigned,31.0,30.0,1.0,0.9677419,0.032258064,0.032258093,0.056092843,0.0018094465,0,0,0,1,0
18844,-1,0,-0.56027085,0.36348477,0,1,unassigned,32.0,31.0,1.0,0.96875,0.03125,0.03125,0.058027077,0.0018133462,0,0,0,0,0
18845,0,0,0.34131712,0.5845104,1,1,test,8.0,8.0,0.0,1.0,0.0,0.0,0.0116054155,0.0,0,0,0,1,0
18846,0,0,-0.97062385,0.27475616,0,0,test,24.0,21.0,3.0,0.875,0.125,0.125,0.04255319,0.005319149,0,0,1,0,0
18847,-1,1,-0.5799638,0.35894093,0,1,unassigned,31.0,20.0,11.0,0.6451613,0.3548387,0.35483873,0.056092843,0.019903911,1,0,0,0,0
18848,-1,0,-0.18038118,0.4550266,0,1,unassigned,11.0,11.0,0.0,1.0,0.0,0.0,0.017408123,0.0,0,0,0,0,0
18849,1,0,-0.16795748,0.45810905,0,1,test,11.0,11.0,0.0,1.0,0.0,0.0,0.017408123,0.0,0,0,0,0,0
18850,-1,0,-0.07049137,0.48238447,0,1,unassigned,32.0,18.0,14.0,0.5625,0.4375,0.4375,0.058027077,0.025386846,0,0,0,0,0
18851,-1,1,7.88835,0.9996251,1,1,unassigned,2.0,2.0,0.0,1.0,0.0,0.0,0.0,0.0,1,0,0,1,1
18852,0,0,-0.40401903,0.40034714,0,0,unassigned,68.0,68.0,0.0,1.0,0.0,0.0,0.12765957,0.0,0,0,1,0,0
18853,-1,1,-0.04549277,0.48862875,0,1,unassigned,17.0,17.0,0.0,1.0,0.0,0.0,0.029013539,0.0,1,0,0,0,0
18854,-1,1,1.600666,0.8321115,1,1,unassigned,21.0,19.0,2.0,0.9047619,0.0952381,0.09523809,0.036750484,0.0035000462,1,0,0,1,0
18855,-1,1,-0.12101245,0.46978375,0,1,unassigned,2.0,2.0,0.0,1.0,0.0,0.0,0.0,0.0,1,0,0,0,0
18856,-1,1,1.3653932,0.79663485,1,1,unassigned,3.0,3.0,0.0,1.0,0.0,0.0,0.001934236,0.0,1,0,0,1,0
18857,0,0,0.42499965,0.604679,1,1,test,23.0,23.0,0.0,1.0,0.0,0.0,0.040618956,0.0,0,0,0,1,0
18858,-1,0,-0.48889062,0.38015497,0,1,unassigned,12.0,12.0,0.0,1.0,0.0,0.0,0.01934236,0.0,0,0,0,0,0
18859,-1,0,3.187074,0.9603449,1,1,unassigned,4.0,3.0,1.0,0.75,0.25,0.25,0.003868472,0.000967118,0,0,0,1,1
18860,-1,0,-0.5093721,0.37534073,0,1,unassigned,67.0,61.0,6.0,0.9104478,0.08955224,0.08955222,0.12572534,0.011258986,0,0,0,0,0
18861,-1,0,-0.011032462,0.49724188,0,1,unassigned,7.0,7.0,0.0,1.0,0.0,0.0,0.00967118,0.0,0,0,0,0,0
18862,-1,0,1.6350806,0.8368645,1,1,unassigned,58.0,56.0,2.0,0.9655172,0.03448276,0.034482777,0.10831721,0.0037350762,0,0,0,1,0
18863,-1,0,1.2257464,0.7730732,1,1,unassigned,20.0,20.0,0.0,1.0,0.0,0.0,0.034816246,0.0,0,0,0,1,0
18864,-1,0,-0.45908427,0.3872031,0,1,unassigned,19.0,18.0,1.0,0.94736844,0.05263158,0.052631557,0.032882012,0.0017306323,0,0,0,0,0
18865,-1,0,-0.8105313,0.3077773,0,1,unassigned,118.0,118.0,0.0,1.0,0.0,0.0,0.22437137,0.0,0,0,0,0,0
18866,-1,0,0.4227566,0.60414267,1,1,unassigned,6.0,6.0,0.0,1.0,0.0,0.0,0.007736944,0.0,0,0,0,1,0
18867,1,0,-0.2825724,0.42982328,0,1,unassigned,114.0,110.0,4.0,0.9649123,0.03508772,0.035087705,0.21663442,0.007601208,0,0,0,0,0
18868,-1,0,0.074120104,0.51852155,1,1,unassigned,11.0,1.0,10.0,0.09090909,0.90909094,0.9090909,0.017408123,0.015825568,0,0,0,1,0
18869,-1,0,-0.5945319,0.3555957,0,1,unassigned,105.0,98.0,7.0,0.93333334,0.06666667,0.06666666,0.1992263,0.013281754,0,0,0,0,0
18870,-1,0,-0.84164095,0.3011893,0,1,unassigned,51.0,37.0,14.0,0.7254902,0.27450982,0.2745098,0.09477756,0.026017372,0,0,0,0,0
18871,1,1,2.6113403,0.9315879,1,0,unassigned,11.0,5.0,6.0,0.45454547,0.54545456,0.5454545,0.017408123,0.00949534,1,0,1,1,1
18872,-1,1,-0.241615,0.4398884,0,1,unassigned,91.0,86.0,5.0,0.94505495,0.054945055,0.05494505,0.172147,0.009458627,1,0,0,0,0
18873,-1,1,1.4033763,0.8027191,1,1,unassigned,2.0,2.0,0.0,1.0,0.0,0.0,0.0,0.0,1,0,0,1,0
18874,-1,1,0.3726688,0.5921037,1,1,unassigned,35.0,35.0,0.0,1.0,0.0,0.0,0.06382979,0.0,1,0,0,1,0
18875,-1,0,1.0259495,0.7361298,1,1,unassigned,16.0,16.0,0.0,1.0,0.0,0.0,0.027079303,0.0,0,0,0,1,0
18876,-1,0,-0.49730077,0.3781752,0,1,unassigned,14.0,13.0,1.0,0.9285714,0.071428575,0.0714286,0.023210831,0.0016579166,0,0,0,0,0
18877,-1,0,2.789294,0.94209456,1,1,unassigned,7.0,6.0,1.0,0.85714287,0.14285715,0.14285713,0.00967118,0.0013815971,0,0,0,1,1
18878,-1,0,4.646929,0.99050015,1,1,unassigned,8.0,7.0,1.0,0.875,0.125,0.125,0.0116054155,0.0014506769,0,0,0,1,1
18879,-1,0,2.3375094,0.9119363,1,1,unassigned,25.0,25.0,0.0,1.0,0.0,0.0,0.044487428,0.0,0,0,0,1,1
18880,-1,0,3.8402426,0.9789636,1,1,unassigned,13.0,13.0,0.0,1.0,0.0,0.0,0.021276595,0.0,0,0,0,1,1
18881,1,0,6.6415296,0.99869674,1,0,unassigned,12.0,12.0,0.0,1.0,0.0,0.0,0.01934236,0.0,0,0,1,1,1
18882,-1,0,-0.3459227,0.4143715,0,1,unassigned,15.0,15.0,0.0,1.0,0.0,0.0,0.025145067,0.0,0,0,0,0,0
18883,-1,0,-0.43296477,0.39341858,0,1,unassigned,39.0,36.0,3.0,0.9230769,0.07692308,0.07692307,0.07156673,0.0055051334,0,0,0,0,0
18884,-1,0,0.21828991,0.5543568,1,1,unassigned,5.0,5.0,0.0,1.0,0.0,0.0,0.0058027077,0.0,0,0,0,1,0
18885,-1,0,1.5433085,0.82394516,1,1,unassigned,3.0,3.0,0.0,1.0,0.0,0.0,0.001934236,0.0,0,0,0,1,0
18886,1,0,0.05256754,0.51313883,1,0,test,6.0,6.0,0.0,1.0,0.0,0.0,0.007736944,0.0,0,0,1,1,0
18887,1,1,0.8240847,0.6951027,1,0,val,9.0,9.0,0.0,1.0,0.0,0.0,0.013539651,0.0,1,0,1,1,0
18888,-1,0,-0.93124354,0.2826725,0,1,unassigned,32.0,29.0,3.0,0.90625,0.09375,0.09375,0.058027077,0.0054400386,0,0,0,0,0
18889,-1,0,4.5691943,0.98974,1,1,unassigned,2.0,1.0,1.0,0.5,0.5,0.5,0.0,0.0,0,0,0,1,1
18890,-1,0,-0.17044067,0.45749268,0,1,unassigned,25.0,23.0,2.0,0.92,0.08,0.07999998,0.044487428,0.003558994,0,0,0,0,0
18891,0,0,-0.3213809,0.42033926,0,0,test,48.0,47.0,1.0,0.9791667,0.020833334,0.020833313,0.088974856,0.0018536429,0,0,1,0,0
18892,0,1,-0.95643616,0.2775923,0,0,test,19.0,19.0,0.0,1.0,0.0,0.0,0.032882012,0.0,1,0,1,0,0
18893,-1,1,-0.7062032,0.33043835,0,1,unassigned,30.0,30.0,0.0,1.0,0.0,0.0,0.054158606,0.0,1,0,0,0,0
18894,-1,1,-0.89346814,0.29039463,0,1,unassigned,9.0,9.0,0.0,1.0,0.0,0.0,0.013539651,0.0,1,0,0,0,0
18895,-1,1,-0.23388004,0.44179505,0,1,unassigned,24.0,24.0,0.0,1.0,0.0,0.0,0.04255319,0.0,1,0,0,0,0
18896,-1,1,-0.6258623,0.34844935,0,1,unassigned,5.0,5.0,0.0,1.0,0.0,0.0,0.0058027077,0.0,1,0,0,0,0
18897,-1,1,-0.8809265,0.29298583,0,1,unassigned,43.0,40.0,3.0,0.9302326,0.069767445,0.069767416,0.079303674,0.0055328147,1,0,0,0,0
18898,-1,0,3.6281645,0.97412246,1,1,unassigned,6.0,4.0,2.0,0.6666667,0.33333334,0.3333333,0.007736944,0.0025789815,0,0,0,1,1
18899,-1,0,-0.52969515,0.370588,0,1,unassigned,13.0,13.0,0.0,1.0,0.0,0.0,0.021276595,0.0,0,0,0,0,0
18900,-1,0,-0.79942477,0.31014857,0,1,unassigned,44.0,44.0,0.0,1.0,0.0,0.0,0.08123791,0.0,0,0,0,0,0
18901,-1,0,1.8571646,0.8649661,1,1,unassigned,28.0,28.0,0.0,1.0,0.0,0.0,0.050290134,0.0,0,0,0,1,0
18902,-1,1,4.580977,0.98985904,1,1,unassigned,69.0,63.0,6.0,0.9130435,0.08695652,0.0869565,0.1295938,0.011269026,1,0,0,1,1
18903,1,1,3.5817134,0.9729254,1,0,val,3.0,3.0,0.0,1.0,0.0,0.0,0.001934236,0.0,1,0,1,1,1
18904,-1,0,-0.6861012,0.33490095,0,1,unassigned,36.0,36.0,0.0,1.0,0.0,0.0,0.065764025,0.0,0,0,0,0,0
18905,-1,0,6.832758,0.99892324,1,1,unassigned,3.0,3.0,0.0,1.0,0.0,0.0,0.001934236,0.0,0,0,0,1,1
18906,-1,0,-0.3548345,0.41221052,0,1,unassigned,22.0,20.0,2.0,0.90909094,0.09090909,0.090909064,0.03868472,0.0035167928,0,0,0,0,0
18907,-1,0,9.365858,0.9999144,1,1,unassigned,11.0,11.0,0.0,1.0,0.0,0.0,0.017408123,0.0,0,0,0,1,1
18908,-1,0,-0.13873225,0.46537244,0,1,unassigned,6.0,5.0,1.0,0.8333333,0.16666667,0.16666669,0.007736944,0.0012894907,0,0,0,0,0
18909,-1,1,1.1140561,0.75288457,1,1,unassigned,2.0,2.0,0.0,1.0,0.0,0.0,0.0,0.0,1,0,0,1,0
18910,-1,0,14.679201,0.9999995,1,1,unassigned,3.0,1.0,2.0,0.33333334,0.6666667,0.6666666,0.001934236,0.0012894907,0,0,0,1,1
18911,-1,1,-0.051519334,0.487123,0,1,unassigned,31.0,31.0,0.0,1.0,0.0,0.0,0.056092843,0.0,1,0,0,0,0
18912,-1,0,1.4819143,0.8148616,1,1,unassigned,2.0,2.0,0.0,1.0,0.0,0.0,0.0,0.0,0,0,0,1,0
18913,-1,1,-0.6822486,0.33575964,0,1,unassigned,22.0,22.0,0.0,1.0,0.0,0.0,0.03868472,0.0,1,0,0,0,0
18914,-1,0,0.8697025,0.7046838,1,1,unassigned,6.0,5.0,1.0,0.8333333,0.16666667,0.16666669,0.007736944,0.0012894907,0,0,0,1,0
18915,-1,0,-0.89160836,0.29077804,0,1,unassigned,28.0,28.0,0.0,1.0,0.0,0.0,0.050290134,0.0,0,0,0,0,0
18916,1,0,-0.15285626,0.4618602,0,1,unassigned,18.0,18.0,0.0,1.0,0.0,0.0,0.030947777,0.0,0,0,0,0,0
18917,-1,1,2.0916903,0.89009285,1,1,unassigned,8.0,6.0,2.0,0.75,0.25,0.25,0.0116054155,0.0029013539,1,0,0,1,0
18918,-1,0,2.1247523,0.89328575,1,1,unassigned,2.0,2.0,0.0,1.0,0.0,0.0,0.0,0.0,0,0,0,1,0
18919,1,1,2.9497979,0.95025396,1,0,test,3.0,3.0,0.0,1.0,0.0,0.0,0.001934236,0.0,1,0,1,1,1
18920,-1,1,-0.111482024,0.4721583,0,1,unassigned,63.0,56.0,7.0,0.8888889,0.11111111,0.111111104,0.11798839,0.013109822,1,0,0,0,0
18921,1,0,-0.15856394,0.46044186,0,1,test,7.0,7.0,0.0,1.0,0.0,0.0,0.00967118,0.0,0,0,0,0,0
18922,-1,1,-0.7142333,0.32866412,0,1,unassigned,73.0,66.0,7.0,0.9041096,0.09589041,0.0958904,0.13733076,0.013168703,1,0,0,0,0
18923,-1,0,-0.31333137,0.4223018,0,1,unassigned,8.0,5.0,3.0,0.625,0.375,0.375,0.0116054155,0.004352031,0,0,0,0,0
18924,0,0,-0.2493901,0.43797365,0,0,test,52.0,49.0,3.0,0.9423077,0.057692308,0.05769229,0.0967118,0.005579527,0,0,1,0,0
18925,-1,0,2.9231899,0.9489809,1,1,unassigned,8.0,6.0,2.0,0.75,0.25,0.25,0.0116054155,0.0029013539,0,0,0,1,1
18926,-1,1,-0.040124714,0.48997012,0,1,unassigned,28.0,25.0,3.0,0.89285713,0.10714286,0.107142866,0.050290134,0.0053882287,1,0,0,0,0
18927,-1,0,0.36263937,0.58967924,1,1,unassigned,5.0,4.0,1.0,0.8,0.2,0.19999999,0.0058027077,0.0011605415,0,0,0,1,0
18928,1,0,-0.62736374,0.34810853,0,1,train,12.0,11.0,1.0,0.9166667,0.083333336,0.08333331,0.01934236,0.0016118633,0,0,0,0,0
18929,-1,0,-0.8533743,0.2987255,0,1,unassigned,24.0,24.0,0.0,1.0,0.0,0.0,0.04255319,0.0,0,0,0,0,0
18930,-1,0,0.16148597,0.540284,1,1,unassigned,16.0,15.0,1.0,0.9375,0.0625,0.0625,0.027079303,0.0016924564,0,0,0,1,0
18931,-1,0,-0.7923684,0.31166035,0,1,unassigned,37.0,34.0,3.0,0.9189189,0.08108108,0.08108109,0.06769826,0.005489048,0,0,0,0,0
18932,-1,0,-0.6305054,0.34739596,0,1,unassigned,29.0,29.0,0.0,1.0,0.0,0.0,0.05222437,0.0,0,0,0,0,0
18933,-1,0,-0.86648655,0.2959859,0,1,unassigned,44.0,43.0,1.0,0.97727275,0.022727273,0.022727251,0.08123791,0.0018463163,0,0,0,0,0
18934,-1,1,-0.5456955,0.36686367,0,1,unassigned,18.0,17.0,1.0,0.9444444,0.055555556,0.055555582,0.030947777,0.0017193209,1,0,0,0,0
18935,-1,0,-0.082517326,0.47938234,0,1,unassigned,9.0,9.0,0.0,1.0,0.0,0.0,0.013539651,0.0,0,0,0,0,0
18936,-1,0,-0.89116675,0.29086912,0,1,unassigned,12.0,10.0,2.0,0.8333333,0.16666667,0.16666669,0.01934236,0.0032237265,0,0,0,0,0
18937,-1,1,3.6812613,0.9754278,1,1,unassigned,8.0,8.0,0.0,1.0,0.0,0.0,0.0116054155,0.0,1,0,0,1,1
18938,-1,1,0.47056633,0.6155178,1,1,unassigned,24.0,24.0,0.0,1.0,0.0,0.0,0.04255319,0.0,1,0,0,1,0
18939,-1,0,0.91865593,0.7147682,1,1,unassigned,22.0,21.0,1.0,0.95454544,0.045454547,0.04545456,0.03868472,0.0017583964,0,0,0,1,0
18940,-1,1,3.9258559,0.9806563,1,1,unassigned,6.0,2.0,4.0,0.33333334,0.6666667,0.6666666,0.007736944,0.005157963,1,0,0,1,1
18941,-1,1,-0.54988134,0.36589193,0,1,unassigned,2.0,1.0,1.0,0.5,0.5,0.5,0.0,0.0,1,0,0,0,0
18942,-1,1,1.0768647,0.7459002,1,1,unassigned,2.0,2.0,0.0,1.0,0.0,0.0,0.0,0.0,1,0,0,1,0
18943,-1,0,0.67431146,0.66246784,1,1,unassigned,26.0,26.0,0.0,1.0,0.0,0.0,0.046421662,0.0,0,0,0,1,0
18944,0,0,1.41942,0.8052474,1,1,val,3.0,3.0,0.0,1.0,0.0,0.0,0.001934236,0.0,0,0,0,1,0
18945,-1,1,-0.8709598,0.29505464,0,1,unassigned,80.0,79.0,1.0,0.9875,0.0125,0.012499988,0.15087041,0.0018858801,1,0,0,0,0
18946,-1,0,-0.3301233,0.41821066,0,1,unassigned,7.0,7.0,0.0,1.0,0.0,0.0,0.00967118,0.0,0,0,0,0,0
18947,-1,1,0.050818264,0.5127018,1,1,unassigned,7.0,7.0,0.0,1.0,0.0,0.0,0.00967118,0.0,1,0,0,1,0
18948,-1,0,4.0598454,0.98304087,1,1,unassigned,3.0,2.0,1.0,0.6666667,0.33333334,0.3333333,0.001934236,0.00064474536,0,0,0,1,1
18949,-1,1,1.3791463,0.7988539,1,1,unassigned,3.0,3.0,0.0,1.0,0.0,0.0,0.001934236,0.0,1,0,0,1,0
18950,1,1,1.3005059,0.78592014,1,0,unassigned,75.0,58.0,17.0,0.7733333,0.22666667,0.22666669,0.14119923,0.03200516,1,0,1,1,0
18951,-1,0,0.19609171,0.54886645,1,1,unassigned,8.0,7.0,1.0,0.875,0.125,0.125,0.0116054155,0.0014506769,0,0,0,1,0
18952,-1,0,-0.29916888,0.4257607,0,1,unassigned,10.0,10.0,0.0,1.0,0.0,0.0,0.015473888,0.0,0,0,0,0,0
18953,0,0,-0.60249346,0.35377344,0,0,val,38.0,35.0,3.0,0.92105263,0.078947365,0.078947365,0.06963249,0.005497302,0,0,1,0,0
18954,-1,0,0.38181663,0.5943112,1,1,unassigned,3.0,3.0,0.0,1.0,0.0,0.0,0.001934236,0.0,0,0,0,1,0
18955,-1,0,-0.749168,0.32100263,0,1,unassigned,49.0,48.0,1.0,0.97959185,0.020408163,0.020408154,0.09090909,0.0018552876,0,0,0,0,0
18956,-1,0,1.07106,0.7447984,1,1,unassigned,29.0,29.0,0.0,1.0,0.0,0.0,0.05222437,0.0,0,0,0,1,0
18957,1,1,1.2731333,0.78127867,1,0,val,2.0,2.0,0.0,1.0,0.0,0.0,0.0,0.0,1,0,1,1,0
18958,-1,0,4.2903476,0.986485,1,1,unassigned,5.0,5.0,0.0,1.0,0.0,0.0,0.0058027077,0.0,0,0,0,1,1
18959,-1,0,1.2510445,0.7774806,1,1,unassigned,2.0,2.0,0.0,1.0,0.0,0.0,0.0,0.0,0,0,0,1,0
18960,-1,1,-0.55870503,0.36384714,0,1,unassigned,6.0,6.0,0.0,1.0,0.0,0.0,0.007736944,0.0,1,0,0,0,0
18961,-1,0,-0.039483666,0.49013034,0,1,unassigned,23.0,23.0,0.0,1.0,0.0,0.0,0.040618956,0.0,0,0,0,0,0
18962,-1,1,3.5124772,0.9710407,1,1,unassigned,2.0,2.0,0.0,1.0,0.0,0.0,0.0,0.0,1,0,0,1,1
18963,-1,0,-0.8140483,0.30702853,0,1,unassigned,14.0,13.0,1.0,0.9285714,0.071428575,0.0714286,0.023210831,0.0016579166,0,0,0,0,0
18964,1,1,-0.3199637,0.42068464,0,1,unassigned,30.0,28.0,2.0,0.93333334,0.06666667,0.06666666,0.054158606,0.003610574,1,0,0,0,0
18965,-1,0,2.4593866,0.92124516,1,1,unassigned,15.0,8.0,7.0,0.53333336,0.46666667,0.46666664,0.025145067,0.011734365,0,0,0,1,1
18966,-1,0,0.96778184,0.7246772,1,1,unassigned,6.0,6.0,0.0,1.0,0.0,0.0,0.007736944,0.0,0,0,0,1,0
18967,-1,1,5.509461,0.995968,1,1,unassigned,2.0,2.0,0.0,1.0,0.0,0.0,0.0,0.0,1,0,0,1,1
18968,-1,0,-0.07328397,0.48168722,0,1,unassigned,10.0,9.0,1.0,0.9,0.1,0.100000024,0.015473888,0.0015473888,0,0,0,0,0
18969,1,0,-0.61495155,0.3509305,0,1,test,55.0,47.0,8.0,0.8545455,0.14545454,0.14545453,0.102514505,0.0149112,0,0,0,0,0
18970,-1,0,-0.8300966,0.30362466,0,1,unassigned,43.0,18.0,25.0,0.41860464,0.5813953,0.5813954,0.079303674,0.046106786,0,0,0,0,0
18971,-1,0,-0.96506506,0.27586526,0,1,unassigned,23.0,23.0,0.0,1.0,0.0,0.0,0.040618956,0.0,0,0,0,0,0
18972,-1,0,-0.7852939,0.31318006,0,1,unassigned,16.0,14.0,2.0,0.875,0.125,0.125,0.027079303,0.0033849129,0,0,0,0,0
18973,-1,1,-0.44170773,0.39133415,0,1,unassigned,6.0,6.0,0.0,1.0,0.0,0.0,0.007736944,0.0,1,0,0,0,0
18974,-1,0,3.7929718,0.9779678,1,1,unassigned,4.0,4.0,0.0,1.0,0.0,0.0,0.003868472,0.0,0,0,0,1,1
18975,-1,0,-0.24559495,0.43890798,0,1,unassigned,2.0,2.0,0.0,1.0,0.0,0.0,0.0,0.0,0,0,0,0,0
18976,-1,0,-0.9632298,0.276232,0,1,unassigned,26.0,26.0,0.0,1.0,0.0,0.0,0.046421662,0.0,0,0,0,0,0
18977,-1,0,-0.5817603,0.35852766,0,1,unassigned,11.0,7.0,4.0,0.6363636,0.36363637,0.36363637,0.017408123,0.006330227,0,0,0,0,0
18978,-1,0,0.5082578,0.62439793,1,1,unassigned,10.0,10.0,0.0,1.0,0.0,0.0,0.015473888,0.0,0,0,0,1,0
18979,-1,0,-0.43880942,0.3920247,0,1,unassigned,2.0,2.0,0.0,1.0,0.0,0.0,0.0,0.0,0,0,0,0,0
18980,-1,0,-0.25233412,0.4372491,0,1,unassigned,10.0,10.0,0.0,1.0,0.0,0.0,0.015473888,0.0,0,0,0,0,0
18981,-1,0,-0.5606987,0.3633858,0,1,unassigned,30.0,29.0,1.0,0.96666664,0.033333335,0.03333336,0.054158606,0.001805287,0,0,0,0,0
18982,-1,0,-0.6377882,0.3457467,0,1,unassigned,24.0,24.0,0.0,1.0,0.0,0.0,0.04255319,0.0,0,0,0,0,0
18983,-1,0,-0.4820377,0.38177106,0,1,unassigned,39.0,39.0,0.0,1.0,0.0,0.0,0.07156673,0.0,0,0,0,0,0
18984,-1,0,-0.74959326,0.32090992,0,1,unassigned,68.0,68.0,0.0,1.0,0.0,0.0,0.12765957,0.0,0,0,0,0,0
18985,-1,0,-0.8196337,0.30584142,0,1,unassigned,52.0,52.0,0.0,1.0,0.0,0.0,0.0967118,0.0,0,0,0,0,0
18986,-1,0,-0.46540338,0.38570476,0,1,unassigned,19.0,19.0,0.0,1.0,0.0,0.0,0.032882012,0.0,0,0,0,0,0
18987,-1,0,-0.5175316,0.37342963,0,1,unassigned,58.0,57.0,1.0,0.98275864,0.01724138,0.017241359,0.10831721,0.0018675381,0,0,0,0,0
18988,-1,0,1.1129646,0.75268143,1,1,unassigned,4.0,4.0,0.0,1.0,0.0,0.0,0.003868472,0.0,0,0,0,1,0
18989,-1,0,0.40689492,0.6003431,1,1,unassigned,6.0,6.0,0.0,1.0,0.0,0.0,0.007736944,0.0,0,0,0,1,0
18990,-1,1,-0.24676844,0.43861908,0,1,unassigned,3.0,3.0,0.0,1.0,0.0,0.0,0.001934236,0.0,1,0,0,0,0
18991,-1,0,5.096661,0.9939201,1,1,unassigned,6.0,6.0,0.0,1.0,0.0,0.0,0.007736944,0.0,0,0,0,1,1
18992,-1,0,0.76716954,0.6829083,1,1,unassigned,2.0,2.0,0.0,1.0,0.0,0.0,0.0,0.0,0,0,0,1,0
18993,-1,0,1.2601128,0.7790455,1,1,unassigned,14.0,14.0,0.0,1.0,0.0,0.0,0.023210831,0.0,0,0,0,1,0
18994,0,1,0.19510001,0.5486208,1,1,train,10.0,7.0,3.0,0.7,0.3,0.3,0.015473888,0.0046421667,1,0,0,1,0
18995,-1,0,0.6345771,0.65352654,1,1,unassigned,2.0,2.0,0.0,1.0,0.0,0.0,0.0,0.0,0,0,0,1,0
18996,0,1,0.74912196,0.6789873,1,1,test,2.0,2.0,0.0,1.0,0.0,0.0,0.0,0.0,1,0,0,1,0
18997,-1,0,0.7930189,0.6884792,1,1,unassigned,3.0,2.0,1.0,0.6666667,0.33333334,0.3333333,0.001934236,0.00064474536,0,0,0,1,0
18998,-1,0,0.23020518,0.5572985,1,1,unassigned,2.0,2.0,0.0,1.0,0.0,0.0,0.0,0.0,0,0,0,1,0
18999,1,0,0.36484003,0.5902115,1,0,unassigned,3.0,3.0,0.0,1.0,0.0,0.0,0.001934236,0.0,0,0,1,1,0
19000,-1,0,-0.36529744,0.4096778,0,1,unassigned,6.0,6.0,0.0,1.0,0.0,0.0,0.007736944,0.0,0,0,0,0,0
19001,-1,1,-0.07353914,0.4816235,0,1,unassigned,33.0,31.0,2.0,0.93939394,0.060606062,0.060606062,0.059961315,0.0036340193,1,0,0,0,0
19002,-1,1,0.07900709,0.5197415,1,1,unassigned,4.0,4.0,0.0,1.0,0.0,0.0,0.003868472,0.0,1,0,0,1,0
19003,1,0,9.822401,0.99994576,1,0,test,8.0,8.0,0.0,1.0,0.0,0.0,0.0116054155,0.0,0,0,1,1,1
19004,-1,0,-0.3889798,0.4039629,0,1,unassigned,14.0,14.0,0.0,1.0,0.0,0.0,0.023210831,0.0,0,0,0,0,0
19005,-1,0,-0.54722553,0.36650836,0,1,unassigned,59.0,59.0,0.0,1.0,0.0,0.0,0.11025145,0.0,0,0,0,0,0
19006,0,1,0.4323725,0.60644007,1,1,test,36.0,32.0,4.0,0.8888889,0.11111111,0.111111104,0.065764025,0.007307114,1,0,0,1,0
19007,-1,1,2.9889462,0.95207226,1,1,unassigned,61.0,58.0,3.0,0.9508197,0.04918033,0.04918033,0.114119925,0.0056124553,1,0,0,1,1
19008,-1,0,3.5616715,0.97239244,1,1,unassigned,2.0,2.0,0.0,1.0,0.0,0.0,0.0,0.0,0,0,0,1,1
19009,0,0,-0.86354804,0.2965986,0,0,unassigned,20.0,7.0,13.0,0.35,0.65,0.65,0.034816246,0.02263056,0,0,1,0,0
19010,-1,1,2.7087774,0.9375426,1,1,unassigned,11.0,10.0,1.0,0.90909094,0.09090909,0.090909064,0.017408123,0.0015825568,1,0,0,1,1
19011,-1,0,-0.88194805,0.29277426,0,1,unassigned,64.0,63.0,1.0,0.984375,0.015625,0.015625,0.11992263,0.0018737911,0,0,0,0,0
19012,-1,1,-0.8887773,0.29136223,0,1,unassigned,47.0,37.0,10.0,0.78723407,0.21276596,0.21276593,0.08704062,0.01851928,1,0,0,0,0
19013,1,1,11.738791,0.999992,1,0,unassigned,23.0,19.0,4.0,0.82608694,0.17391305,0.17391306,0.040618956,0.0070641665,1,0,1,1,1
19014,-1,0,-0.8744046,0.2943386,0,1,unassigned,112.0,105.0,7.0,0.9375,0.0625,0.0625,0.21276596,0.013297873,0,0,0,0,0
19015,1,0,3.506614,0.9708754,1,0,val,19.0,17.0,2.0,0.8947368,0.10526316,0.10526317,0.032882012,0.0034612645,0,0,1,1,1
19016,-1,0,1.8541768,0.8646168,1,1,unassigned,8.0,8.0,0.0,1.0,0.0,0.0,0.0116054155,0.0,0,0,0,1,0
19017,-1,0,-0.092050076,0.4770037,0,1,unassigned,3.0,3.0,0.0,1.0,0.0,0.0,0.001934236,0.0,0,0,0,0,0
19018,-1,1,-0.031686366,0.49207908,0,1,unassigned,7.0,7.0,0.0,1.0,0.0,0.0,0.00967118,0.0,1,0,0,0,0
19019,-1,1,4.303887,0.9866643,1,1,unassigned,129.0,122.0,7.0,0.9457364,0.054263566,0.05426359,0.24564797,0.013329735,1,0,0,1,1
19020,-1,0,2.1841915,0.8988209,1,1,unassigned,3.0,3.0,0.0,1.0,0.0,0.0,0.001934236,0.0,0,0,0,1,0
19021,-1,0,0.4505878,0.6107789,1,1,unassigned,5.0,2.0,3.0,0.4,0.6,0.6,0.0058027077,0.0034816249,0,0,0,1,0
19022,-1,0,1.3181117,0.78886735,1,1,unassigned,8.0,8.0,0.0,1.0,0.0,0.0,0.0116054155,0.0,0,0,0,1,0
19023,-1,0,1.1869664,0.7661981,1,1,unassigned,9.0,6.0,3.0,0.6666667,0.33333334,0.3333333,0.013539651,0.004513217,0,0,0,1,0
19024,-1,0,0.13754433,0.534332,1,1,unassigned,19.0,18.0,1.0,0.94736844,0.05263158,0.052631557,0.032882012,0.0017306323,0,0,0,1,0
19025,-1,0,-0.22188708,0.44475472,0,1,unassigned,3.0,3.0,0.0,1.0,0.0,0.0,0.001934236,0.0,0,0,0,0,0
19026,-1,0,12.505671,0.9999963,1,1,unassigned,22.0,22.0,0.0,1.0,0.0,0.0,0.03868472,0.0,0,0,0,1,1
19027,-1,0,0.12036353,0.53005457,1,1,unassigned,27.0,27.0,0.0,1.0,0.0,0.0,0.0483559,0.0,0,0,0,1,0
19028,-1,0,3.9126713,0.9804047,1,1,unassigned,8.0,8.0,0.0,1.0,0.0,0.0,0.0116054155,0.0,0,0,0,1,1
19029,-1,0,0.5889304,0.64311975,1,1,unassigned,21.0,21.0,0.0,1.0,0.0,0.0,0.036750484,0.0,0,0,0,1,0
19030,-1,0,0.05486524,0.5137129,1,1,unassigned,66.0,64.0,2.0,0.969697,0.030303031,0.030303001,0.123791106,0.0037512458,0,0,0,1,0
19031,-1,0,-0.037782133,0.49055555,0,1,unassigned,12.0,11.0,1.0,0.9166667,0.083333336,0.08333331,0.01934236,0.0016118633,0,0,0,0,0
19032,-1,0,1.7407036,0.85077643,1,1,unassigned,22.0,22.0,0.0,1.0,0.0,0.0,0.03868472,0.0,0,0,0,1,0
19033,-1,0,4.1366687,0.9842753,1,1,unassigned,2.0,2.0,0.0,1.0,0.0,0.0,0.0,0.0,0,0,0,1,1
19034,0,0,-0.8704669,0.29515716,0,0,val,37.0,37.0,0.0,1.0,0.0,0.0,0.06769826,0.0,0,0,1,0,0
19035,-1,0,1.2057698,0.7695496,1,1,unassigned,3.0,3.0,0.0,1.0,0.0,0.0,0.001934236,0.0,0,0,0,1,0
19036,-1,0,-0.679473,0.3363789,0,1,unassigned,2.0,2.0,0.0,1.0,0.0,0.0,0.0,0.0,0,0,0,0,0
19037,-1,1,-0.31206447,0.42261088,0,1,unassigned,38.0,36.0,2.0,0.94736844,0.05263158,0.052631557,0.06963249,0.0036648682,1,0,0,0,0
19038,-1,0,8.416738,0.9997789,1,1,unassigned,2.0,2.0,0.0,1.0,0.0,0.0,0.0,0.0,0,0,0,1,1
19039,-1,1,-0.4583312,0.38738176,0,1,unassigned,4.0,3.0,1.0,0.75,0.25,0.25,0.003868472,0.000967118,1,0,0,0,0
19040,-1,0,0.0867061,0.52166295,1,1,unassigned,4.0,4.0,0.0,1.0,0.0,0.0,0.003868472,0.0,0,0,0,1,0
19041,-1,0,-0.60839516,0.3524254,0,1,unassigned,62.0,61.0,1.0,0.983871,0.016129032,0.016129017,0.116054155,0.0018718411,0,0,0,0,0
19042,-1,0,-0.21297944,0.44695553,0,1,unassigned,70.0,68.0,2.0,0.9714286,0.028571429,0.028571427,0.13152805,0.0037579443,0,0,0,0,0
19043,-1,0,-0.52586716,0.3714813,0,1,unassigned,12.0,10.0,2.0,0.8333333,0.16666667,0.16666669,0.01934236,0.0032237265,0,0,0,0,0
19044,-1,0,-1.0082723,0.2673181,0,1,unassigned,7.0,6.0,1.0,0.85714287,0.14285715,0.14285713,0.00967118,0.0013815971,0,0,0,0,0
19045,-1,0,-0.783773,0.3135073,0,1,unassigned,17.0,17.0,0.0,1.0,0.0,0.0,0.029013539,0.0,0,0,0,0,0
19046,-1,0,0.40266722,0.59932834,1,1,unassigned,9.0,9.0,0.0,1.0,0.0,0.0,0.013539651,0.0,0,0,0,1,0
19047,-1,0,6.881329,0.9989743,1,1,unassigned,2.0,2.0,0.0,1.0,0.0,0.0,0.0,0.0,0,0,0,1,1
19048,-1,0,0.600064,0.64567095,1,1,unassigned,9.0,8.0,1.0,0.8888889,0.11111111,0.111111104,0.013539651,0.0015044058,0,0,0,1,0
19049,0,0,-0.44230723,0.3911913,0,0,val,28.0,28.0,0.0,1.0,0.0,0.0,0.050290134,0.0,0,0,1,0,0
19050,-1,0,0.43616825,0.60734564,1,1,unassigned,26.0,23.0,3.0,0.88461536,0.115384616,0.11538464,0.046421662,0.005356346,0,0,0,1,0
19051,-1,0,-0.6085312,0.3523943,0,1,unassigned,37.0,37.0,0.0,1.0,0.0,0.0,0.06769826,0.0,0,0,0,0,0
19052,-1,0,-1.0414848,0.2608636,0,1,unassigned,2.0,2.0,0.0,1.0,0.0,0.0,0.0,0.0,0,0,0,0,0
19053,-1,0,1.2771382,0.7819623,1,1,unassigned,16.0,15.0,1.0,0.9375,0.0625,0.0625,0.027079303,0.0016924564,0,0,0,1,0
19054,1,1,-0.07781923,0.48055497,0,1,test,9.0,8.0,1.0,0.8888889,0.11111111,0.111111104,0.013539651,0.0015044058,1,0,0,0,0
19055,-1,0,9.561554,0.99992967,1,1,unassigned,2.0,2.0,0.0,1.0,0.0,0.0,0.0,0.0,0,0,0,1,1
19056,-1,0,-0.06901735,0.48275247,0,1,unassigned,9.0,9.0,0.0,1.0,0.0,0.0,0.013539651,0.0,0,0,0,0,0
19057,-1,1,1.4149401,0.804544,1,1,unassigned,5.0,5.0,0.0,1.0,0.0,0.0,0.0058027077,0.0,1,0,0,1,0
19058,-1,0,1.5092416,0.8189488,1,1,unassigned,3.0,3.0,0.0,1.0,0.0,0.0,0.001934236,0.0,0,0,0,1,0
19059,-1,0,1.1573324,0.7608477,1,1,unassigned,7.0,7.0,0.0,1.0,0.0,0.0,0.00967118,0.0,0,0,0,1,0
19060,-1,0,0.55694133,0.6357445,1,1,unassigned,8.0,7.0,1.0,0.875,0.125,0.125,0.0116054155,0.0014506769,0,0,0,1,0
19061,-1,0,-0.065313935,0.48367736,0,1,unassigned,57.0,56.0,1.0,0.98245615,0.01754386,0.017543852,0.10638298,0.0018663681,0,0,0,0,0
19062,-1,0,1.902509,0.8701752,1,1,unassigned,9.0,8.0,1.0,0.8888889,0.11111111,0.111111104,0.013539651,0.0015044058,0,0,0,1,0
19063,-1,0,-0.10901964,0.47277203,0,1,unassigned,21.0,19.0,2.0,0.9047619,0.0952381,0.09523809,0.036750484,0.0035000462,0,0,0,0,0
19064,-1,0,-0.4108443,0.39870968,0,1,unassigned,19.0,19.0,0.0,1.0,0.0,0.0,0.032882012,0.0,0,0,0,0,0
19065,0,0,-0.99060374,0.27079284,0,0,val,2.0,2.0,0.0,1.0,0.0,0.0,0.0,0.0,0,0,1,0,0
19066,-1,0,-0.5875167,0.35720485,0,1,unassigned,3.0,3.0,0.0,1.0,0.0,0.0,0.001934236,0.0,0,0,0,0,0
19067,-1,0,-0.5790389,0.35915378,0,1,unassigned,44.0,44.0,0.0,1.0,0.0,0.0,0.08123791,0.0,0,0,0,0,0
19068,-1,0,-0.19819945,0.45061168,0,1,unassigned,4.0,4.0,0.0,1.0,0.0,0.0,0.003868472,0.0,0,0,0,0,0
19069,-1,0,-0.9308808,0.28274605,0,1,unassigned,30.0,28.0,2.0,0.93333334,0.06666667,0.06666666,0.054158606,0.003610574,0,0,0,0,0
19070,-1,0,1.0549486,0.741724,1,1,unassigned,3.0,3.0,0.0,1.0,0.0,0.0,0.001934236,0.0,0,0,0,1,0
19071,0,0,-0.7514639,0.3205024,0,0,test,36.0,34.0,2.0,0.9444444,0.055555556,0.055555582,0.065764025,0.003653557,0,0,1,0,0
19072,-1,0,5.086904,0.99386084,1,1,unassigned,4.0,2.0,2.0,0.5,0.5,0.5,0.003868472,0.001934236,0,0,0,1,1
19073,-1,0,-0.848948,0.2996536,0,1,unassigned,14.0,13.0,1.0,0.9285714,0.071428575,0.0714286,0.023210831,0.0016579166,0,0,0,0,0
19074,-1,0,1.6315854,0.8363867,1,1,unassigned,17.0,16.0,1.0,0.9411765,0.05882353,0.058823526,0.029013539,0.0017066788,0,0,0,1,0
19075,-1,0,-0.54594034,0.36680678,0,1,unassigned,39.0,39.0,0.0,1.0,0.0,0.0,0.07156673,0.0,0,0,0,0,0
19076,-1,0,2.7860734,0.94191855,1,1,unassigned,8.0,8.0,0.0,1.0,0.0,0.0,0.0116054155,0.0,0,0,0,1,1
19077,1,0,-0.4534866,0.3885321,0,1,unassigned,24.0,24.0,0.0,1.0,0.0,0.0,0.04255319,0.0,0,0,0,0,0
19078,1,0,0.861787,0.70303386,1,0,test,20.0,20.0,0.0,1.0,0.0,0.0,0.034816246,0.0,0,0,1,1,0
19079,-1,1,0.030265689,0.50756586,1,1,unassigned,5.0,5.0,0.0,1.0,0.0,0.0,0.0058027077,0.0,1,0,0,1,0
19080,-1,0,-0.9628995,0.27629805,0,1,unassigned,19.0,19.0,0.0,1.0,0.0,0.0,0.032882012,0.0,0,0,0,0,0
19081,-1,0,-0.09195313,0.4770279,0,1,unassigned,28.0,25.0,3.0,0.89285713,0.10714286,0.107142866,0.050290134,0.0053882287,0,0,0,0,0
19082,-1,1,0.14306694,0.5357058,1,1,unassigned,5.0,4.0,1.0,0.8,0.2,0.19999999,0.0058027077,0.0011605415,1,0,0,1,0
19083,-1,0,5.8777337,0.9972066,1,1,unassigned,11.0,10.0,1.0,0.90909094,0.09090909,0.090909064,0.017408123,0.0015825568,0,0,0,1,1
19084,-1,0,-0.96161866,0.27655423,0,1,unassigned,35.0,35.0,0.0,1.0,0.0,0.0,0.06382979,0.0,0,0,0,0,0
19085,-1,1,4.9737463,0.99313027,1,1,unassigned,2.0,2.0,0.0,1.0,0.0,0.0,0.0,0.0,1,0,0,1,1
19086,-1,0,-0.29534253,0.42669645,0,1,unassigned,28.0,24.0,4.0,0.85714287,0.14285715,0.14285713,0.050290134,0.007184305,0,0,0,0,0
19087,0,0,-0.29063037,0.42784953,0,0,test,28.0,28.0,0.0,1.0,0.0,0.0,0.050290134,0.0,0,0,1,0,0
19088,-1,0,-0.5075642,0.3757647,0,1,unassigned,31.0,31.0,0.0,1.0,0.0,0.0,0.056092843,0.0,0,0,0,0,0
19089,-1,0,-0.18862963,0.45298192,0,1,unassigned,4.0,4.0,0.0,1.0,0.0,0.0,0.003868472,0.0,0,0,0,0,0
19090,-1,1,3.397446,0.96762466,1,1,unassigned,2.0,2.0,0.0,1.0,0.0,0.0,0.0,0.0,1,0,0,1,1
19091,-1,1,-0.6306938,0.34735322,0,1,unassigned,3.0,3.0,0.0,1.0,0.0,0.0,0.001934236,0.0,1,0,0,0,0
19092,-1,0,-0.60941875,0.3521918,0,1,unassigned,21.0,19.0,2.0,0.9047619,0.0952381,0.09523809,0.036750484,0.0035000462,0,0,0,0,0
19093,-1,0,-0.66230375,0.3402223,0,1,unassigned,40.0,40.0,0.0,1.0,0.0,0.0,0.07350097,0.0,0,0,0,0,0
19094,-1,1,-0.79357886,0.31140074,0,1,unassigned,32.0,32.0,0.0,1.0,0.0,0.0,0.058027077,0.0,1,0,0,0,0
19095,0,0,-0.79563564,0.31095985,0,0,val,69.0,68.0,1.0,0.98550725,0.014492754,0.01449275,0.1295938,0.0018781711,0,0,1,0,0
19096,-1,1,-0.84380436,0.30073416,0,1,unassigned,121.0,121.0,0.0,1.0,0.0,0.0,0.23017408,0.0,1,0,0,0,0
19097,-1,1,-0.9169282,0.2855842,0,1,unassigned,51.0,49.0,2.0,0.9607843,0.039215688,0.039215684,0.09477756,0.0037167673,1,0,0,0,0
19098,-1,0,-0.7046924,0.3307727,0,1,unassigned,27.0,27.0,0.0,1.0,0.0,0.0,0.0483559,0.0,0,0,0,0,0
19099,-1,0,0.529784,0.62943274,1,1,unassigned,4.0,4.0,0.0,1.0,0.0,0.0,0.003868472,0.0,0,0,0,1,0
19100,-1,1,-0.8058915,0.3087667,0,1,unassigned,2.0,2.0,0.0,1.0,0.0,0.0,0.0,0.0,1,0,0,0,0
19101,-1,0,-0.3679064,0.40904698,0,1,unassigned,3.0,1.0,2.0,0.33333334,0.6666667,0.6666666,0.001934236,0.0012894907,0,0,0,0,0
19102,-1,0,-0.6717415,0.33810702,0,1,unassigned,3.0,3.0,0.0,1.0,0.0,0.0,0.001934236,0.0,0,0,0,0,0
19103,-1,0,6.3983474,0.99833846,1,1,unassigned,4.0,3.0,1.0,0.75,0.25,0.25,0.003868472,0.000967118,0,0,0,1,1
19104,1,0,0.5834518,0.64186126,1,0,unassigned,7.0,7.0,0.0,1.0,0.0,0.0,0.00967118,0.0,0,0,1,1,0
19105,-1,0,2.0548263,0.8864344,1,1,unassigned,25.0,25.0,0.0,1.0,0.0,0.0,0.044487428,0.0,0,0,0,1,0
19106,-1,0,4.5257354,0.9892893,1,1,unassigned,55.0,54.0,1.0,0.9818182,0.018181818,0.0181818,0.102514505,0.0018639,0,0,0,1,1
19107,-1,0,-0.4921857,0.3793788,0,1,unassigned,2.0,2.0,0.0,1.0,0.0,0.0,0.0,0.0,0,0,0,0,0
19108,-1,1,2.6239755,0.9323887,1,1,unassigned,3.0,3.0,0.0,1.0,0.0,0.0,0.001934236,0.0,1,0,0,1,1
19109,-1,0,0.20516986,0.5511133,1,1,unassigned,21.0,20.0,1.0,0.95238096,0.04761905,0.047619045,0.036750484,0.0017500231,0,0,0,1,0
19110,-1,0,8.086626,0.99969244,1,1,unassigned,3.0,3.0,0.0,1.0,0.0,0.0,0.001934236,0.0,0,0,0,1,1
19111,-1,1,3.9155571,0.98046,1,1,unassigned,4.0,4.0,0.0,1.0,0.0,0.0,0.003868472,0.0,1,0,0,1,1
19112,-1,0,-0.012445867,0.49688858,0,1,unassigned,17.0,17.0,0.0,1.0,0.0,0.0,0.029013539,0.0,0,0,0,0,0
19113,-1,0,-0.047522426,0.4881216,0,1,unassigned,14.0,14.0,0.0,1.0,0.0,0.0,0.023210831,0.0,0,0,0,0,0
19114,-1,0,-0.3395903,0.415909,0,1,unassigned,26.0,25.0,1.0,0.96153843,0.03846154,0.038461566,0.046421662,0.0017854486,0,0,0,0,0
19115,-1,0,-0.88104296,0.29296172,0,1,unassigned,87.0,87.0,0.0,1.0,0.0,0.0,0.16441005,0.0,0,0,0,0,0
19116,-1,1,0.4398418,0.60822135,1,1,unassigned,10.0,9.0,1.0,0.9,0.1,0.100000024,0.015473888,0.0015473888,1,0,0,1,0
19117,-1,1,-0.47736448,0.38287467,0,1,unassigned,2.0,1.0,1.0,0.5,0.5,0.5,0.0,0.0,1,0,0,0,0
19118,-1,0,-0.3961485,0.40223807,0,1,unassigned,2.0,2.0,0.0,1.0,0.0,0.0,0.0,0.0,0,0,0,0,0
19119,-1,0,1.4132297,0.8042749,1,1,unassigned,3.0,3.0,0.0,1.0,0.0,0.0,0.001934236,0.0,0,0,0,1,0
19120,-1,0,-0.4780664,0.3827088,0,1,unassigned,66.0,63.0,3.0,0.95454544,0.045454547,0.04545456,0.123791106,0.0056268685,0,0,0,0,0
19121,0,1,-0.9869892,0.27150717,0,0,unassigned,2.0,2.0,0.0,1.0,0.0,0.0,0.0,0.0,1,0,1,0,0
19122,-1,0,-0.6963446,0.33262318,0,1,unassigned,2.0,2.0,0.0,1.0,0.0,0.0,0.0,0.0,0,0,0,0,0
19123,-1,1,-0.32047045,0.42056113,0,1,unassigned,2.0,2.0,0.0,1.0,0.0,0.0,0.0,0.0,1,0,0,0,0
19124,-1,1,-0.5025126,0.37695038,0,1,unassigned,30.0,28.0,2.0,0.93333334,0.06666667,0.06666666,0.054158606,0.003610574,1,0,0,0,0
19125,-1,0,-0.17810705,0.45559058,0,1,unassigned,19.0,19.0,0.0,1.0,0.0,0.0,0.032882012,0.0,0,0,0,0,0
19126,-1,0,-0.5357557,0.36917546,0,1,unassigned,23.0,23.0,0.0,1.0,0.0,0.0,0.040618956,0.0,0,0,0,0,0
19127,0,0,-0.17878509,0.45542243,0,0,unassigned,14.0,14.0,0.0,1.0,0.0,0.0,0.023210831,0.0,0,0,1,0,0
19128,-1,0,1.2787166,0.7822313,1,1,unassigned,12.0,11.0,1.0,0.9166667,0.083333336,0.08333331,0.01934236,0.0016118633,0,0,0,1,0
19129,-1,0,2.242232,0.90397835,1,1,unassigned,15.0,14.0,1.0,0.93333334,0.06666667,0.06666666,0.025145067,0.0016763379,0,0,0,1,1
19130,-1,0,-0.96762896,0.27535334,0,1,unassigned,41.0,41.0,0.0,1.0,0.0,0.0,0.07543521,0.0,0,0,0,0,0
19131,-1,0,0.08151811,0.5203683,1,1,unassigned,53.0,51.0,2.0,0.9622642,0.03773585,0.03773582,0.09864604,0.0037224921,0,0,0,1,0
19132,-1,0,0.6292408,0.6523173,1,1,unassigned,10.0,9.0,1.0,0.9,0.1,0.100000024,0.015473888,0.0015473888,0,0,0,1,0
19133,-1,0,1.0947244,0.7492703,1,1,unassigned,8.0,7.0,1.0,0.875,0.125,0.125,0.0116054155,0.0014506769,0,0,0,1,0
19134,0,0,-0.2079168,0.4482073,0,0,unassigned,46.0,46.0,0.0,1.0,0.0,0.0,0.08510638,0.0,0,0,1,0,0
19135,-1,0,2.0325923,0.8841768,1,1,unassigned,4.0,4.0,0.0,1.0,0.0,0.0,0.003868472,0.0,0,0,0,1,0
19136,-1,0,8.365772,0.99976736,1,1,unassigned,2.0,2.0,0.0,1.0,0.0,0.0,0.0,0.0,0,0,0,1,1
19137,-1,0,4.7872205,0.9917333,1,1,unassigned,7.0,4.0,3.0,0.5714286,0.42857143,0.4285714,0.00967118,0.0041447915,0,0,0,1,1
19138,-1,0,0.24732906,0.56151897,1,1,unassigned,10.0,10.0,0.0,1.0,0.0,0.0,0.015473888,0.0,0,0,0,1,0
19139,-1,1,1.3311567,0.7910319,1,1,unassigned,4.0,1.0,3.0,0.25,0.75,0.75,0.003868472,0.002901354,1,0,0,1,0
19140,-1,0,4.310635,0.98675287,1,1,unassigned,43.0,41.0,2.0,0.95348835,0.046511628,0.04651165,0.079303674,0.0036885429,0,0,0,1,1
19141,-1,0,2.0866632,0.8896001,1,1,unassigned,12.0,11.0,1.0,0.9166667,0.083333336,0.08333331,0.01934236,0.0016118633,0,0,0,1,0
19142,-1,0,-0.36190182,0.41049924,0,1,unassigned,46.0,42.0,4.0,0.9130435,0.08695652,0.0869565,0.08510638,0.007400555,0,0,0,0,0
19143,-1,1,-0.1921069,0.45212042,0,1,unassigned,76.0,74.0,2.0,0.9736842,0.02631579,0.026315808,0.14313346,0.0037666701,1,0,0,0,0
19144,-1,1,0.1221959,0.530511,1,1,unassigned,29.0,29.0,0.0,1.0,0.0,0.0,0.05222437,0.0,1,0,0,1,0
19145,1,0,0.82067543,0.6943797,1,0,unassigned,47.0,46.0,1.0,0.9787234,0.021276595,0.021276593,0.08704062,0.001851928,0,0,1,1,0
19146,-1,1,2.750922,0.93996537,1,1,unassigned,7.0,7.0,0.0,1.0,0.0,0.0,0.00967118,0.0,1,0,0,1,1
19147,1,0,0.10234392,0.52556366,1,0,unassigned,12.0,12.0,0.0,1.0,0.0,0.0,0.01934236,0.0,0,0,1,1,0
19148,-1,0,7.339063,0.9993507,1,1,unassigned,3.0,2.0,1.0,0.6666667,0.33333334,0.3333333,0.001934236,0.00064474536,0,0,0,1,1
19149,-1,0,4.3536916,0.98730403,1,1,unassigned,3.0,3.0,0.0,1.0,0.0,0.0,0.001934236,0.0,0,0,0,1,1
19150,-1,0,-0.92496,0.28394833,0,1,unassigned,2.0,2.0,0.0,1.0,0.0,0.0,0.0,0.0,0,0,0,0,0
19151,0,0,0.75066024,0.6793226,1,1,test,8.0,8.0,0.0,1.0,0.0,0.0,0.0116054155,0.0,0,0,0,1,0
19152,-1,0,-0.3961485,0.40223807,0,1,unassigned,2.0,2.0,0.0,1.0,0.0,0.0,0.0,0.0,0,0,0,0,0
19153,-1,0,2.9073594,0.94820905,1,1,unassigned,6.0,1.0,5.0,0.16666667,0.8333333,0.8333333,0.007736944,0.0064474535,0,0,0,1,1
19154,-1,0,6.1790967,0.99793196,1,1,unassigned,2.0,2.0,0.0,1.0,0.0,0.0,0.0,0.0,0,0,0,1,1
19155,-1,0,0.21783227,0.55424374,1,1,unassigned,10.0,10.0,0.0,1.0,0.0,0.0,0.015473888,0.0,0,0,0,1,0
19156,-1,0,1.4479575,0.8096839,1,1,unassigned,4.0,2.0,2.0,0.5,0.5,0.5,0.003868472,0.001934236,0,0,0,1,0
19157,-1,0,0.6056891,0.6469568,1,1,unassigned,10.0,8.0,2.0,0.8,0.2,0.19999999,0.015473888,0.0030947777,0,0,0,1,0
19158,1,0,0.5708595,0.63896143,1,0,unassigned,4.0,4.0,0.0,1.0,0.0,0.0,0.003868472,0.0,0,0,1,1,0
19159,-1,0,4.4771953,0.98876244,1,1,unassigned,7.0,5.0,2.0,0.71428573,0.2857143,0.28571427,0.00967118,0.0027631943,0,0,0,1,1
19160,-1,0,0.22963029,0.5571566,1,1,unassigned,11.0,11.0,0.0,1.0,0.0,0.0,0.017408123,0.0,0,0,0,1,0
19161,0,0,-0.66598934,0.3393955,0,0,test,8.0,8.0,0.0,1.0,0.0,0.0,0.0116054155,0.0,0,0,1,0,0
19162,-1,0,4.927904,0.9928104,1,1,unassigned,2.0,2.0,0.0,1.0,0.0,0.0,0.0,0.0,0,0,0,1,1
19163,-1,1,-0.22499502,0.44398734,0,1,unassigned,2.0,1.0,1.0,0.5,0.5,0.5,0.0,0.0,1,0,0,0,0
19164,-1,1,-0.11412293,0.4715002,0,1,unassigned,56.0,37.0,19.0,0.66071427,0.3392857,0.33928573,0.10444874,0.035437964,1,0,0,0,0
19165,-1,0,3.191253,0.9605038,1,1,unassigned,2.0,1.0,1.0,0.5,0.5,0.5,0.0,0.0,0,0,0,1,1
19166,-1,0,0.89984685,0.710918,1,1,unassigned,15.0,15.0,0.0,1.0,0.0,0.0,0.025145067,0.0,0,0,0,1,0
19167,-1,0,-0.5139704,0.37426323,0,1,unassigned,12.0,12.0,0.0,1.0,0.0,0.0,0.01934236,0.0,0,0,0,0,0
19168,-1,0,-0.7025541,0.33124617,0,1,unassigned,34.0,29.0,5.0,0.85294116,0.14705883,0.14705884,0.061895553,0.009102288,0,0,0,0,0
19169,-1,0,-0.16722849,0.45829,0,1,unassigned,27.0,27.0,0.0,1.0,0.0,0.0,0.0483559,0.0,0,0,0,0,0
19170,-1,0,-0.10054022,0.4748861,0,1,unassigned,16.0,16.0,0.0,1.0,0.0,0.0,0.027079303,0.0,0,0,0,0,0
19171,-1,0,-0.39111006,0.4034501,0,1,unassigned,11.0,10.0,1.0,0.90909094,0.09090909,0.090909064,0.017408123,0.0015825568,0,0,0,0,0
19172,-1,1,2.7923782,0.94226253,1,1,unassigned,11.0,10.0,1.0,0.90909094,0.09090909,0.090909064,0.017408123,0.0015825568,1,0,0,1,1
19173,-1,0,4.445829,0.9884086,1,1,unassigned,9.0,9.0,0.0,1.0,0.0,0.0,0.013539651,0.0,0,0,0,1,1
19174,-1,0,1.243568,0.77618444,1,1,unassigned,16.0,15.0,1.0,0.9375,0.0625,0.0625,0.027079303,0.0016924564,0,0,0,1,0
19175,-1,0,10.052846,0.99995697,1,1,unassigned,3.0,3.0,0.0,1.0,0.0,0.0,0.001934236,0.0,0,0,0,1,1
19176,-1,0,-0.65470856,0.34192926,0,1,unassigned,22.0,22.0,0.0,1.0,0.0,0.0,0.03868472,0.0,0,0,0,0,0
19177,-1,0,-0.2615732,0.434977,0,1,unassigned,7.0,5.0,2.0,0.71428573,0.2857143,0.28571427,0.00967118,0.0027631943,0,0,0,0,0
19178,-1,0,-0.9228848,0.28437045,0,1,unassigned,39.0,33.0,6.0,0.84615386,0.15384616,0.15384614,0.07156673,0.011010267,0,0,0,0,0
19179,-1,1,-0.17235145,0.45701846,0,1,unassigned,54.0,49.0,5.0,0.9074074,0.09259259,0.0925926,0.10058027,0.009312987,1,0,0,0,0
19180,-1,0,-0.50622475,0.37607896,0,1,unassigned,2.0,2.0,0.0,1.0,0.0,0.0,0.0,0.0,0,0,0,0,0
19181,-1,1,-0.12391028,0.46906203,0,1,unassigned,31.0,30.0,1.0,0.9677419,0.032258064,0.032258093,0.056092843,0.0018094465,1,0,0,0,0
19182,0,0,-0.32588488,0.41924223,0,0,unassigned,5.0,5.0,0.0,1.0,0.0,0.0,0.0058027077,0.0,0,0,1,0,0
19183,-1,1,3.240721,0.9623382,1,1,unassigned,25.0,25.0,0.0,1.0,0.0,0.0,0.044487428,0.0,1,0,0,1,1
19184,-1,0,6.4905896,0.9984847,1,1,unassigned,4.0,4.0,0.0,1.0,0.0,0.0,0.003868472,0.0,0,0,0,1,1
19185,-1,0,-0.0024511814,0.49938717,0,1,unassigned,5.0,5.0,0.0,1.0,0.0,0.0,0.0058027077,0.0,0,0,0,0,0
19186,-1,0,-0.7438467,0.32216352,0,1,unassigned,77.0,77.0,0.0,1.0,0.0,0.0,0.14506769,0.0,0,0,0,0,0
19187,-1,0,0.8302172,0.6964009,1,1,unassigned,31.0,30.0,1.0,0.9677419,0.032258064,0.032258093,0.056092843,0.0018094465,0,0,0,1,0
19188,-1,0,-0.858784,0.29759347,0,1,unassigned,57.0,56.0,1.0,0.98245615,0.01754386,0.017543852,0.10638298,0.0018663681,0,0,0,0,0
19189,-1,0,-0.26382226,0.43442437,0,1,unassigned,99.0,99.0,0.0,1.0,0.0,0.0,0.1876209,0.0,0,0,0,0,0
19190,-1,0,-0.5344942,0.36946929,0,1,unassigned,9.0,9.0,0.0,1.0,0.0,0.0,0.013539651,0.0,0,0,0,0,0
19191,-1,0,-0.7333537,0.3244592,0,1,unassigned,12.0,12.0,0.0,1.0,0.0,0.0,0.01934236,0.0,0,0,0,0,0
19192,-1,0,-0.68793035,0.33449364,0,1,unassigned,4.0,4.0,0.0,1.0,0.0,0.0,0.003868472,0.0,0,0,0,0,0
19193,1,0,-0.31189162,0.42265308,0,1,unassigned,11.0,11.0,0.0,1.0,0.0,0.0,0.017408123,0.0,0,0,0,0,0
19194,-1,0,1.6885374,0.8440317,1,1,unassigned,26.0,24.0,2.0,0.9230769,0.07692308,0.07692307,0.046421662,0.0035708973,0,0,0,1,0
19195,-1,0,-0.17826056,0.45555252,0,1,unassigned,7.0,7.0,0.0,1.0,0.0,0.0,0.00967118,0.0,0,0,0,0,0
19196,-1,0,2.2373486,0.9035536,1,1,unassigned,46.0,45.0,1.0,0.9782609,0.02173913,0.021739125,0.08510638,0.0018501388,0,0,0,1,1
19197,-1,0,-1.9670033,0.12271111,0,1,unassigned,2.0,2.0,0.0,1.0,0.0,0.0,0.0,0.0,0,0,0,0,0
19198,-1,0,-0.35084635,0.41317722,0,1,unassigned,12.0,12.0,0.0,1.0,0.0,0.0,0.01934236,0.0,0,0,0,0,0
19199,1,0,3.7528536,0.9770866,1,0,unassigned,19.0,19.0,0.0,1.0,0.0,0.0,0.032882012,0.0,0,0,1,1,1
19200,-1,0,-0.28168443,0.4300409,0,1,unassigned,10.0,9.0,1.0,0.9,0.1,0.100000024,0.015473888,0.0015473888,0,0,0,0,0
19201,-1,0,0.40946,0.6009584,1,1,unassigned,5.0,5.0,0.0,1.0,0.0,0.0,0.0058027077,0.0,0,0,0,1,0
19202,1,0,4.4326196,0.98825616,1,0,unassigned,29.0,28.0,1.0,0.9655172,0.03448276,0.034482777,0.05222437,0.0018008404,0,0,1,1,1
19203,-1,0,0.15010208,0.5374552,1,1,unassigned,7.0,6.0,1.0,0.85714287,0.14285715,0.14285713,0.00967118,0.0013815971,0,0,0,1,0
19204,-1,0,1.0838604,0.7472238,1,1,unassigned,33.0,32.0,1.0,0.969697,0.030303031,0.030303001,0.059961315,0.0018170096,0,0,0,1,0
19205,-1,0,-0.12454608,0.4689037,0,1,unassigned,9.0,9.0,0.0,1.0,0.0,0.0,0.013539651,0.0,0,0,0,0,0
19206,-1,0,1.154958,0.7604154,1,1,unassigned,5.0,5.0,0.0,1.0,0.0,0.0,0.0058027077,0.0,0,0,0,1,0
19207,-1,1,0.44587117,0.60965717,1,1,unassigned,36.0,35.0,1.0,0.9722222,0.027777778,0.027777791,0.065764025,0.0018267785,1,0,0,1,0
19208,-1,0,7.8345475,0.9996044,1,1,unassigned,2.0,2.0,0.0,1.0,0.0,0.0,0.0,0.0,0,0,0,1,1
19209,-1,0,-0.468635,0.38493937,0,1,unassigned,7.0,7.0,0.0,1.0,0.0,0.0,0.00967118,0.0,0,0,0,0,0
19210,-1,0,7.6969132,0.999546,1,1,unassigned,2.0,2.0,0.0,1.0,0.0,0.0,0.0,0.0,0,0,0,1,1
19211,-1,0,7.8345475,0.9996044,1,1,unassigned,2.0,2.0,0.0,1.0,0.0,0.0,0.0,0.0,0,0,0,1,1
19212,-1,0,7.8345475,0.9996044,1,1,unassigned,2.0,2.0,0.0,1.0,0.0,0.0,0.0,0.0,0,0,0,1,1
19213,-1,0,-0.8367177,0.30222654,0,1,unassigned,56.0,56.0,0.0,1.0,0.0,0.0,0.10444874,0.0,0,0,0,0,0
19214,-1,0,4.294809,0.9865443,1,1,unassigned,2.0,2.0,0.0,1.0,0.0,0.0,0.0,0.0,0,0,0,1,1
19215,-1,0,2.7177022,0.93806314,1,1,unassigned,5.0,5.0,0.0,1.0,0.0,0.0,0.0058027077,0.0,0,0,0,1,1
19216,-1,0,8.3604355,0.9997662,1,1,unassigned,2.0,2.0,0.0,1.0,0.0,0.0,0.0,0.0,0,0,0,1,1
19217,-1,0,8.772116,0.999845,1,1,unassigned,4.0,4.0,0.0,1.0,0.0,0.0,0.003868472,0.0,0,0,0,1,1
19218,-1,0,7.8345475,0.9996044,1,1,unassigned,2.0,2.0,0.0,1.0,0.0,0.0,0.0,0.0,0,0,0,1,1
19219,-1,0,8.926907,0.9998672,1,1,unassigned,6.0,6.0,0.0,1.0,0.0,0.0,0.007736944,0.0,0,0,0,1,1
19220,-1,0,3.0353925,0.9541477,1,1,unassigned,10.0,7.0,3.0,0.7,0.3,0.3,0.015473888,0.0046421667,0,0,0,1,1
19221,-1,1,7.4200773,0.9994012,1,1,unassigned,2.0,2.0,0.0,1.0,0.0,0.0,0.0,0.0,1,0,0,1,1
19222,-1,0,0.21612114,0.55382097,1,1,unassigned,3.0,3.0,0.0,1.0,0.0,0.0,0.001934236,0.0,0,0,0,1,0
19223,-1,0,-0.6983633,0.33217523,0,1,unassigned,40.0,40.0,0.0,1.0,0.0,0.0,0.07350097,0.0,0,0,0,0,0
19224,-1,0,-0.7707644,0.31631377,0,1,unassigned,60.0,58.0,2.0,0.96666664,0.033333335,0.03333336,0.11218569,0.003739523,0,0,0,0,0
19225,-1,0,-0.048027933,0.4879953,0,1,unassigned,20.0,20.0,0.0,1.0,0.0,0.0,0.034816246,0.0,0,0,0,0,0
19226,1,0,3.7553074,0.97714144,1,0,test,3.0,3.0,0.0,1.0,0.0,0.0,0.001934236,0.0,0,0,1,1,1
19227,-1,0,-0.6226992,0.34916782,0,1,unassigned,19.0,19.0,0.0,1.0,0.0,0.0,0.032882012,0.0,0,0,0,0,0
19228,-1,0,2.0690782,0.88786125,1,1,unassigned,42.0,41.0,1.0,0.97619045,0.023809524,0.023809552,0.07736944,0.0018421295,0,0,0,1,0
19229,0,1,0.7631925,0.6820465,1,1,val,28.0,20.0,8.0,0.71428573,0.2857143,0.28571427,0.050290134,0.01436861,1,0,0,1,0
19230,-1,0,1.8543918,0.8646419,1,1,unassigned,44.0,41.0,3.0,0.9318182,0.06818182,0.06818181,0.08123791,0.005538949,0,0,0,1,0
19231,-1,0,0.78130835,0.6859621,1,1,unassigned,40.0,40.0,0.0,1.0,0.0,0.0,0.07350097,0.0,0,0,0,1,0
19232,-1,0,0.9293528,0.716944,1,1,unassigned,2.0,2.0,0.0,1.0,0.0,0.0,0.0,0.0,0,0,0,1,0
19233,-1,0,2.7026937,0.9371854,1,1,unassigned,10.0,10.0,0.0,1.0,0.0,0.0,0.015473888,0.0,0,0,0,1,1
19234,-1,1,3.5269563,0.9714451,1,1,unassigned,9.0,4.0,5.0,0.44444445,0.5555556,0.5555556,0.013539651,0.007522029,1,0,0,1,1
19235,1,0,0.5129493,0.6254976,1,0,test,3.0,3.0,0.0,1.0,0.0,0.0,0.001934236,0.0,0,0,1,1,0
19236,-1,1,-0.08779198,0.47806606,0,1,unassigned,10.0,10.0,0.0,1.0,0.0,0.0,0.015473888,0.0,1,0,0,0,0
19237,-1,1,4.221726,0.98553884,1,1,unassigned,3.0,3.0,0.0,1.0,0.0,0.0,0.001934236,0.0,1,0,0,1,1
19238,-1,1,-0.26490143,0.43415925,0,1,unassigned,7.0,6.0,1.0,0.85714287,0.14285715,0.14285713,0.00967118,0.0013815971,1,0,0,0,0
19239,-1,0,-0.30155426,0.42517757,0,1,unassigned,14.0,14.0,0.0,1.0,0.0,0.0,0.023210831,0.0,0,0,0,0,0
19240,-1,0,-0.825421,0.30461413,0,1,unassigned,93.0,92.0,1.0,0.9892473,0.010752688,0.010752678,0.17601547,0.0018926394,0,0,0,0,0
19241,-1,0,1.610291,0.8334518,1,1,unassigned,54.0,54.0,0.0,1.0,0.0,0.0,0.10058027,0.0,0,0,0,1,0
19242,-1,0,0.027610958,0.50690234,1,1,unassigned,36.0,35.0,1.0,0.9722222,0.027777778,0.027777791,0.065764025,0.0018267785,0,0,0,1,0
19243,-1,0,-0.27838612,0.43084946,0,1,unassigned,12.0,12.0,0.0,1.0,0.0,0.0,0.01934236,0.0,0,0,0,0,0
19244,-1,0,0.79416066,0.688724,1,1,unassigned,3.0,3.0,0.0,1.0,0.0,0.0,0.001934236,0.0,0,0,0,1,0
19245,-1,0,4.805365,0.9918807,1,1,unassigned,5.0,2.0,3.0,0.4,0.6,0.6,0.0058027077,0.0034816249,0,0,0,1,1
19246,-1,0,1.9965827,0.8804378,1,1,unassigned,9.0,8.0,1.0,0.8888889,0.11111111,0.111111104,0.013539651,0.0015044058,0,0,0,1,0
19247,-1,0,-0.7389251,0.32323924,0,1,unassigned,2.0,2.0,0.0,1.0,0.0,0.0,0.0,0.0,0,0,0,0,0
19248,-1,0,1.5360682,0.8228924,1,1,unassigned,2.0,2.0,0.0,1.0,0.0,0.0,0.0,0.0,0,0,0,1,0
19249,-1,0,0.056577146,0.5141405,1,1,unassigned,34.0,34.0,0.0,1.0,0.0,0.0,0.061895553,0.0,0,0,0,1,0
19250,-1,1,3.498721,0.9706514,1,1,unassigned,2.0,1.0,1.0,0.5,0.5,0.5,0.0,0.0,1,0,0,1,1
19251,-1,0,9.063518,0.9998841,1,1,unassigned,8.0,5.0,3.0,0.625,0.375,0.375,0.0116054155,0.004352031,0,0,0,1,1
19252,-1,0,8.276283,0.99974555,1,1,unassigned,3.0,3.0,0.0,1.0,0.0,0.0,0.001934236,0.0,0,0,0,1,1
19253,-1,0,1.7141335,0.84737164,1,1,unassigned,18.0,18.0,0.0,1.0,0.0,0.0,0.030947777,0.0,0,0,0,1,0
19254,-1,0,-0.28984526,0.42804176,0,1,unassigned,43.0,42.0,1.0,0.9767442,0.023255814,0.023255825,0.079303674,0.0018442714,0,0,0,0,0
19255,-1,0,-0.1511004,0.46229663,0,1,unassigned,6.0,6.0,0.0,1.0,0.0,0.0,0.007736944,0.0,0,0,0,0,0
19256,-1,0,-0.14914793,0.46278197,0,1,unassigned,2.0,2.0,0.0,1.0,0.0,0.0,0.0,0.0,0,0,0,0,0
19257,-1,0,1.5206759,0.82063794,1,1,unassigned,2.0,2.0,0.0,1.0,0.0,0.0,0.0,0.0,0,0,0,1,0
19258,-1,1,-0.90359944,0.28831136,0,1,unassigned,39.0,36.0,3.0,0.9230769,0.07692308,0.07692307,0.07156673,0.0055051334,1,0,0,0,0
19259,-1,0,0.60836774,0.64756835,1,1,unassigned,8.0,8.0,0.0,1.0,0.0,0.0,0.0116054155,0.0,0,0,0,1,0
19260,-1,1,-0.912225,0.28654474,0,1,unassigned,11.0,10.0,1.0,0.90909094,0.09090909,0.090909064,0.017408123,0.0015825568,1,0,0,0,0
19261,1,0,-0.3520511,0.4128851,0,1,val,11.0,11.0,0.0,1.0,0.0,0.0,0.017408123,0.0,0,0,0,0,0
19262,-1,0,-0.4725356,0.38401628,0,1,unassigned,33.0,33.0,0.0,1.0,0.0,0.0,0.059961315,0.0,0,0,0,0,0
19263,-1,0,-0.31496146,0.4219042,0,1,unassigned,9.0,9.0,0.0,1.0,0.0,0.0,0.013539651,0.0,0,0,0,0,0
19264,1,0,1.4254136,0.80618566,1,0,test,20.0,19.0,1.0,0.95,0.05,0.050000012,0.034816246,0.0017408123,0,0,1,1,0
19265,-1,0,-0.59785265,0.35483515,0,1,unassigned,33.0,33.0,0.0,1.0,0.0,0.0,0.059961315,0.0,0,0,0,0,0
19266,-1,0,0.031037927,0.50775886,1,1,unassigned,9.0,9.0,0.0,1.0,0.0,0.0,0.013539651,0.0,0,0,0,1,0
19267,-1,0,-0.25387037,0.43687108,0,1,unassigned,15.0,14.0,1.0,0.93333334,0.06666667,0.06666666,0.025145067,0.0016763379,0,0,0,0,0
19268,-1,1,3.4149666,0.9681691,1,1,unassigned,3.0,3.0,0.0,1.0,0.0,0.0,0.001934236,0.0,1,0,0,1,1
19269,-1,1,-0.888301,0.29146057,0,1,unassigned,27.0,25.0,2.0,0.9259259,0.074074075,0.07407409,0.0483559,0.0035819185,1,0,0,0,0
19270,-1,0,0.0023065805,0.5005766,1,1,unassigned,2.0,2.0,0.0,1.0,0.0,0.0,0.0,0.0,0,0,0,1,0
19271,-1,0,0.20031416,0.54991174,1,1,unassigned,21.0,21.0,0.0,1.0,0.0,0.0,0.036750484,0.0,0,0,0,1,0
19272,-1,0,-0.041046023,0.48973992,0,1,unassigned,17.0,16.0,1.0,0.9411765,0.05882353,0.058823526,0.029013539,0.0017066788,0,0,0,0,0
19273,-1,0,1.1489048,0.75931084,1,1,unassigned,2.0,2.0,0.0,1.0,0.0,0.0,0.0,0.0,0,0,0,1,0
19274,-1,1,-0.2868905,0.4287653,0,1,unassigned,107.0,89.0,18.0,0.8317757,0.1682243,0.16822428,0.20309478,0.03416548,1,0,0,0,0
19275,-1,0,-0.35622525,0.41187364,0,1,unassigned,41.0,41.0,0.0,1.0,0.0,0.0,0.07543521,0.0,0,0,0,0,0
19276,-1,0,6.799229,0.99888664,1,1,unassigned,56.0,55.0,1.0,0.98214287,0.017857144,0.017857134,0.10444874,0.0018651562,0,0,0,1,1
19277,-1,1,-0.24793619,0.4383315,0,1,unassigned,24.0,22.0,2.0,0.9166667,0.083333336,0.08333331,0.04255319,0.0035460992,1,0,0,0,0
19278,-1,1,0.5941461,0.6443159,1,1,unassigned,4.0,3.0,1.0,0.75,0.25,0.25,0.003868472,0.000967118,1,0,0,1,0
19279,-1,0,5.5807858,0.99624455,1,1,unassigned,3.0,3.0,0.0,1.0,0.0,0.0,0.001934236,0.0,0,0,0,1,1
19280,-1,0,2.2811334,0.90730244,1,1,unassigned,3.0,3.0,0.0,1.0,0.0,0.0,0.001934236,0.0,0,0,0,1,1
19281,-1,0,0.9757951,0.72627306,1,1,unassigned,13.0,13.0,0.0,1.0,0.0,0.0,0.021276595,0.0,0,0,0,1,0
19282,-1,1,9.4199295,0.99991894,1,1,unassigned,2.0,1.0,1.0,0.5,0.5,0.5,0.0,0.0,1,0,0,1,1
19283,-1,0,3.2616522,0.9630895,1,1,unassigned,7.0,7.0,0.0,1.0,0.0,0.0,0.00967118,0.0,0,0,0,1,1
19284,-1,0,3.5634024,0.9724389,1,1,unassigned,3.0,3.0,0.0,1.0,0.0,0.0,0.001934236,0.0,0,0,0,1,1
19285,-1,0,1.9160011,0.8716919,1,1,unassigned,10.0,10.0,0.0,1.0,0.0,0.0,0.015473888,0.0,0,0,0,1,0
19286,-1,0,-0.12813604,0.4680097,0,1,unassigned,3.0,3.0,0.0,1.0,0.0,0.0,0.001934236,0.0,0,0,0,0,0
19287,-1,0,4.476118,0.9887505,1,1,unassigned,7.0,7.0,0.0,1.0,0.0,0.0,0.00967118,0.0,0,0,0,1,1
19288,-1,0,0.06261903,0.5156496,1,1,unassigned,8.0,8.0,0.0,1.0,0.0,0.0,0.0116054155,0.0,0,0,0,1,0
19289,-1,0,0.98038954,0.7271855,1,1,unassigned,24.0,23.0,1.0,0.9583333,0.041666668,0.041666687,0.04255319,0.0017730496,0,0,0,1,0
19290,-1,0,-0.7636814,0.31784755,0,1,unassigned,21.0,21.0,0.0,1.0,0.0,0.0,0.036750484,0.0,0,0,0,0,0
19291,-1,0,-0.49124303,0.3796008,0,1,unassigned,44.0,43.0,1.0,0.97727275,0.022727273,0.022727251,0.08123791,0.0018463163,0,0,0,0,0
19292,-1,0,-0.79619753,0.3108395,0,1,unassigned,16.0,16.0,0.0,1.0,0.0,0.0,0.027079303,0.0,0,0,0,0,0
19293,-1,0,-0.8424889,0.30101085,0,1,unassigned,61.0,60.0,1.0,0.9836066,0.016393442,0.016393423,0.114119925,0.0018708183,0,0,0,0,0
19294,-1,1,8.427692,0.9997813,1,1,unassigned,3.0,3.0,0.0,1.0,0.0,0.0,0.001934236,0.0,1,0,0,1,1
19295,-1,1,13.701461,0.9999989,1,1,unassigned,5.0,4.0,1.0,0.8,0.2,0.19999999,0.0058027077,0.0011605415,1,0,0,1,1
19296,-1,0,1.5021696,0.81789786,1,1,unassigned,2.0,1.0,1.0,0.5,0.5,0.5,0.0,0.0,0,0,0,1,0
19297,-1,1,-0.70872784,0.32988003,0,1,unassigned,38.0,35.0,3.0,0.92105263,0.078947365,0.078947365,0.06963249,0.005497302,1,0,0,0,0
19298,-1,1,-0.6290077,0.34773555,0,1,unassigned,89.0,86.0,3.0,0.96629214,0.033707865,0.033707857,0.16827853,0.00567231,1,0,0,0,0
19299,1,0,1.7223628,0.8484329,1,0,unassigned,3.0,3.0,0.0,1.0,0.0,0.0,0.001934236,0.0,0,0,1,1,0
19300,-1,0,-0.4923162,0.3793481,0,1,unassigned,21.0,21.0,0.0,1.0,0.0,0.0,0.036750484,0.0,0,0,0,0,0
19301,-1,0,6.547281,0.99856806,1,1,unassigned,5.0,5.0,0.0,1.0,0.0,0.0,0.0058027077,0.0,0,0,0,1,1
19302,-1,0,0.013847232,0.5034617,1,1,unassigned,2.0,2.0,0.0,1.0,0.0,0.0,0.0,0.0,0,0,0,1,0
19303,0,0,-0.785967,0.31303528,0,0,val,32.0,32.0,0.0,1.0,0.0,0.0,0.058027077,0.0,0,0,1,0,0
19304,-1,0,-0.6243751,0.34878707,0,1,unassigned,40.0,39.0,1.0,0.975,0.025,0.024999976,0.07350097,0.0018375242,0,0,0,0,0
19305,-1,0,0.14938039,0.5372758,1,1,unassigned,12.0,12.0,0.0,1.0,0.0,0.0,0.01934236,0.0,0,0,0,1,0
19306,-1,0,-0.764155,0.31774485,0,1,unassigned,44.0,44.0,0.0,1.0,0.0,0.0,0.08123791,0.0,0,0,0,0,0
19307,-1,0,0.43229252,0.606421,1,1,unassigned,73.0,70.0,3.0,0.9589041,0.04109589,0.041095912,0.13733076,0.0056437296,0,0,0,1,0
19308,-1,0,2.0945833,0.8903756,1,1,unassigned,37.0,32.0,5.0,0.8648649,0.13513513,0.13513511,0.06769826,0.009148413,0,0,0,1,0
19309,1,0,-0.11161035,0.4721263,0,1,unassigned,8.0,8.0,0.0,1.0,0.0,0.0,0.0116054155,0.0,0,0,0,0,0
19310,-1,0,0.46110076,0.61327523,1,1,unassigned,3.0,3.0,0.0,1.0,0.0,0.0,0.001934236,0.0,0,0,0,1,0
19311,-1,0,-0.6178312,0.35027486,0,1,unassigned,24.0,24.0,0.0,1.0,0.0,0.0,0.04255319,0.0,0,0,0,0,0
19312,-1,0,-0.008690238,0.49782747,0,1,unassigned,22.0,22.0,0.0,1.0,0.0,0.0,0.03868472,0.0,0,0,0,0,0
19313,-1,0,1.2257535,0.7730745,1,1,unassigned,32.0,18.0,14.0,0.5625,0.4375,0.4375,0.058027077,0.025386846,0,0,0,1,0
19314,-1,0,-0.12898901,0.46779737,0,1,unassigned,3.0,3.0,0.0,1.0,0.0,0.0,0.001934236,0.0,0,0,0,0,0
19315,-1,0,-0.22107807,0.4449545,0,1,unassigned,3.0,3.0,0.0,1.0,0.0,0.0,0.001934236,0.0,0,0,0,0,0
19316,-1,0,0.47905737,0.6175253,1,1,unassigned,3.0,3.0,0.0,1.0,0.0,0.0,0.001934236,0.0,0,0,0,1,0
19317,-1,0,1.6100857,0.8334233,1,1,unassigned,2.0,2.0,0.0,1.0,0.0,0.0,0.0,0.0,0,0,0,1,0
19318,-1,0,0.0380705,0.5095165,1,1,unassigned,2.0,2.0,0.0,1.0,0.0,0.0,0.0,0.0,0,0,0,1,0
19319,-1,0,-0.6734978,0.33771408,0,1,unassigned,16.0,16.0,0.0,1.0,0.0,0.0,0.027079303,0.0,0,0,0,0,0
19320,-1,0,0.056069553,0.5140137,1,1,unassigned,13.0,12.0,1.0,0.9230769,0.07692308,0.07692307,0.021276595,0.0016366612,0,0,0,1,0
19321,-1,0,1.248215,0.7769907,1,1,unassigned,2.0,2.0,0.0,1.0,0.0,0.0,0.0,0.0,0,0,0,1,0
19322,-1,0,3.271608,0.96344185,1,1,unassigned,3.0,3.0,0.0,1.0,0.0,0.0,0.001934236,0.0,0,0,0,1,1
19323,-1,0,5.9827485,0.99748445,1,1,unassigned,2.0,2.0,0.0,1.0,0.0,0.0,0.0,0.0,0,0,0,1,1
19324,-1,0,-0.5249161,0.3717034,0,1,unassigned,25.0,25.0,0.0,1.0,0.0,0.0,0.044487428,0.0,0,0,0,0,0
19325,1,0,5.7983394,0.9969766,1,0,train,12.0,12.0,0.0,1.0,0.0,0.0,0.01934236,0.0,0,0,1,1,1
19326,-1,0,1.6921389,0.8445052,1,1,unassigned,19.0,18.0,1.0,0.94736844,0.05263158,0.052631557,0.032882012,0.0017306323,0,0,0,1,0
19327,-1,0,1.7023132,0.8458366,1,1,unassigned,2.0,2.0,0.0,1.0,0.0,0.0,0.0,0.0,0,0,0,1,0
19328,-1,1,6.6684585,0.9987312,1,1,unassigned,7.0,5.0,2.0,0.71428573,0.2857143,0.28571427,0.00967118,0.0027631943,1,0,0,1,1
19329,-1,0,-0.22025734,0.4451572,0,1,unassigned,63.0,63.0,0.0,1.0,0.0,0.0,0.11798839,0.0,0,0,0,0,0
19330,-1,1,1.7128174,0.84720135,1,1,unassigned,48.0,44.0,4.0,0.9166667,0.083333336,0.08333331,0.088974856,0.0074145715,1,0,0,1,0
19331,-1,1,5.233741,0.99469477,1,1,unassigned,6.0,5.0,1.0,0.8333333,0.16666667,0.16666669,0.007736944,0.0012894907,1,0,0,1,1
19332,-1,0,-0.24783432,0.4383566,0,1,unassigned,16.0,16.0,0.0,1.0,0.0,0.0,0.027079303,0.0,0,0,0,0,0
19333,-1,1,7.284107,0.99931407,1,1,unassigned,22.0,20.0,2.0,0.90909094,0.09090909,0.090909064,0.03868472,0.0035167928,1,0,0,1,1
19334,-1,1,3.573108,0.9726979,1,1,unassigned,4.0,3.0,1.0,0.75,0.25,0.25,0.003868472,0.000967118,1,0,0,1,1
19335,-1,1,1.2469912,0.7767786,1,1,unassigned,20.0,18.0,2.0,0.9,0.1,0.100000024,0.034816246,0.0034816246,1,0,0,1,0
19336,-1,0,-0.47332168,0.38383037,0,1,unassigned,102.0,97.0,5.0,0.95098037,0.04901961,0.049019635,0.1934236,0.009481549,0,0,0,0,0
19337,-1,1,-0.87967724,0.29324466,0,1,unassigned,68.0,62.0,6.0,0.9117647,0.0882353,0.08823532,0.12765957,0.01126408,1,0,0,0,0
19338,-1,0,3.975404,0.9815741,1,1,unassigned,5.0,2.0,3.0,0.4,0.6,0.6,0.0058027077,0.0034816249,0,0,0,1,1
19339,-1,0,-0.7046565,0.33078066,0,1,unassigned,19.0,19.0,0.0,1.0,0.0,0.0,0.032882012,0.0,0,0,0,0,0
19340,-1,1,0.030677736,0.50766885,1,1,unassigned,10.0,8.0,2.0,0.8,0.2,0.19999999,0.015473888,0.0030947777,1,0,0,1,0
19341,-1,0,-0.834962,0.30259693,0,1,unassigned,70.0,69.0,1.0,0.98571426,0.014285714,0.014285743,0.13152805,0.0018789722,0,0,0,0,0
19342,-1,0,1.9460819,0.8750188,1,1,unassigned,9.0,9.0,0.0,1.0,0.0,0.0,0.013539651,0.0,0,0,0,1,0
19343,-1,0,7.8345475,0.9996044,1,1,unassigned,2.0,2.0,0.0,1.0,0.0,0.0,0.0,0.0,0,0,0,1,1
19344,-1,1,-1.0579581,0.25769985,0,1,unassigned,66.0,63.0,3.0,0.95454544,0.045454547,0.04545456,0.123791106,0.0056268685,1,0,0,0,0
19345,-1,0,1.3207161,0.78930086,1,1,unassigned,4.0,3.0,1.0,0.75,0.25,0.25,0.003868472,0.000967118,0,0,0,1,0
19346,0,0,-0.17576832,0.4561707,0,0,test,46.0,46.0,0.0,1.0,0.0,0.0,0.08510638,0.0,0,0,1,0,0
19347,0,0,-0.10161841,0.47461724,0,0,test,63.0,60.0,3.0,0.95238096,0.04761905,0.047619045,0.11798839,0.005618495,0,0,1,0,0
19348,-1,0,-0.7839465,0.31346995,0,1,unassigned,3.0,3.0,0.0,1.0,0.0,0.0,0.001934236,0.0,0,0,0,0,0
19349,-1,0,-0.22938278,0.4429044,0,1,unassigned,34.0,34.0,0.0,1.0,0.0,0.0,0.061895553,0.0,0,0,0,0,0
19350,0,0,-0.59636474,0.35517582,0,0,val,44.0,44.0,0.0,1.0,0.0,0.0,0.08123791,0.0,0,0,1,0,0
19351,-1,0,-0.59886783,0.35460278,0,1,unassigned,18.0,17.0,1.0,0.9444444,0.055555556,0.055555582,0.030947777,0.0017193209,0,0,0,0,0
19352,-1,0,-0.27594453,0.4314483,0,1,unassigned,33.0,31.0,2.0,0.93939394,0.060606062,0.060606062,0.059961315,0.0036340193,0,0,0,0,0
19353,-1,0,-0.11280298,0.4718291,0,1,unassigned,39.0,38.0,1.0,0.974359,0.025641026,0.025641024,0.07156673,0.0018350444,0,0,0,0,0
19354,-1,0,-0.108774126,0.47283322,0,1,unassigned,21.0,21.0,0.0,1.0,0.0,0.0,0.036750484,0.0,0,0,0,0,0
19355,-1,0,1.98299,0.87899953,1,1,unassigned,8.0,8.0,0.0,1.0,0.0,0.0,0.0116054155,0.0,0,0,0,1,0
19356,-1,0,0.8576804,0.70217574,1,1,unassigned,4.0,4.0,0.0,1.0,0.0,0.0,0.003868472,0.0,0,0,0,1,0
19357,-1,0,-0.30558404,0.424193,0,1,unassigned,9.0,9.0,0.0,1.0,0.0,0.0,0.013539651,0.0,0,0,0,0,0
19358,1,0,0.05489558,0.51372045,1,0,test,5.0,5.0,0.0,1.0,0.0,0.0,0.0058027077,0.0,0,0,1,1,0
19359,-1,1,0.22511047,0.5560411,1,1,unassigned,37.0,34.0,3.0,0.9189189,0.08108108,0.08108109,0.06769826,0.005489048,1,0,0,1,0
19360,-1,1,2.8429706,0.9449542,1,1,unassigned,5.0,3.0,2.0,0.6,0.4,0.39999998,0.0058027077,0.002321083,1,0,0,1,1
19361,-1,0,-0.74482185,0.32195064,0,1,unassigned,61.0,59.0,2.0,0.9672131,0.032786883,0.032786906,0.114119925,0.0037416366,0,0,0,0,0
19362,-1,1,-0.053863704,0.48653734,0,1,unassigned,3.0,3.0,0.0,1.0,0.0,0.0,0.001934236,0.0,1,0,0,0,0
19363,-1,1,-0.123678565,0.46911976,0,1,unassigned,2.0,2.0,0.0,1.0,0.0,0.0,0.0,0.0,1,0,0,0,0
19364,-1,0,2.441953,0.919971,1,1,unassigned,3.0,3.0,0.0,1.0,0.0,0.0,0.001934236,0.0,0,0,0,1,1
19365,-1,0,1.1428282,0.7581985,1,1,unassigned,3.0,3.0,0.0,1.0,0.0,0.0,0.001934236,0.0,0,0,0,1,0
19366,-1,0,2.5273964,0.9260403,1,1,unassigned,2.0,2.0,0.0,1.0,0.0,0.0,0.0,0.0,0,0,0,1,1
19367,-1,0,-0.11934382,0.47019944,0,1,unassigned,23.0,23.0,0.0,1.0,0.0,0.0,0.040618956,0.0,0,0,0,0,0
19368,-1,0,-0.1408588,0.46484342,0,1,unassigned,14.0,14.0,0.0,1.0,0.0,0.0,0.023210831,0.0,0,0,0,0,0
19369,-1,1,0.1558308,0.53887904,1,1,unassigned,4.0,4.0,0.0,1.0,0.0,0.0,0.003868472,0.0,1,0,0,1,0
19370,-1,0,5.6117387,0.9963586,1,1,unassigned,8.0,8.0,0.0,1.0,0.0,0.0,0.0116054155,0.0,0,0,0,1,1
19371,0,0,-0.13042742,0.46743932,0,0,unassigned,12.0,12.0,0.0,1.0,0.0,0.0,0.01934236,0.0,0,0,1,0,0
19372,-1,0,10.6478615,0.9999763,1,1,unassigned,8.0,8.0,0.0,1.0,0.0,0.0,0.0116054155,0.0,0,0,0,1,1
19373,-1,0,-0.9040148,0.28822613,0,1,unassigned,46.0,42.0,4.0,0.9130435,0.08695652,0.0869565,0.08510638,0.007400555,0,0,0,0,0
19374,-1,1,0.3590501,0.5888105,1,1,unassigned,4.0,3.0,1.0,0.75,0.25,0.25,0.003868472,0.000967118,1,0,0,1,0
19375,-1,0,2.0905206,0.8899784,1,1,unassigned,2.0,1.0,1.0,0.5,0.5,0.5,0.0,0.0,0,0,0,1,0
19376,-1,0,-0.3567481,0.41174695,0,1,unassigned,2.0,2.0,0.0,1.0,0.0,0.0,0.0,0.0,0,0,0,0,0
19377,1,0,2.5040789,0.9244273,1,0,unassigned,2.0,2.0,0.0,1.0,0.0,0.0,0.0,0.0,0,0,1,1,1
19378,-1,0,0.6755362,0.6627417,1,1,unassigned,11.0,10.0,1.0,0.90909094,0.09090909,0.090909064,0.017408123,0.0015825568,0,0,0,1,0
19379,1,0,3.9921649,0.9818749,1,0,unassigned,15.0,15.0,0.0,1.0,0.0,0.0,0.025145067,0.0,0,0,1,1,1
19380,1,0,2.0659735,0.8875517,1,0,test,23.0,23.0,0.0,1.0,0.0,0.0,0.040618956,0.0,0,0,1,1,0
19381,-1,0,3.7805698,0.9776989,1,1,unassigned,21.0,20.0,1.0,0.95238096,0.04761905,0.047619045,0.036750484,0.0017500231,0,0,0,1,1
19382,-1,0,0.07532591,0.5188226,1,1,unassigned,6.0,5.0,1.0,0.8333333,0.16666667,0.16666669,0.007736944,0.0012894907,0,0,0,1,0
19383,-1,0,-0.5365925,0.36898065,0,1,unassigned,27.0,27.0,0.0,1.0,0.0,0.0,0.0483559,0.0,0,0,0,0,0
19384,-1,0,-0.8020486,0.30958748,0,1,unassigned,46.0,46.0,0.0,1.0,0.0,0.0,0.08510638,0.0,0,0,0,0,0
19385,-1,1,5.457257,0.99575293,1,1,unassigned,22.0,20.0,2.0,0.90909094,0.09090909,0.090909064,0.03868472,0.0035167928,1,0,0,1,1
19386,-1,0,1.0041099,0.7318658,1,1,unassigned,2.0,2.0,0.0,1.0,0.0,0.0,0.0,0.0,0,0,0,1,0
19387,-1,0,-0.31416023,0.4220996,0,1,unassigned,4.0,4.0,0.0,1.0,0.0,0.0,0.003868472,0.0,0,0,0,0,0
19388,-1,0,0.039613724,0.5099021,1,1,unassigned,2.0,1.0,1.0,0.5,0.5,0.5,0.0,0.0,0,0,0,1,0
19389,-1,1,3.0041516,0.9527613,1,1,unassigned,7.0,6.0,1.0,0.85714287,0.14285715,0.14285713,0.00967118,0.0013815971,1,0,0,1,1
19390,-1,0,2.534705,0.9265392,1,1,unassigned,3.0,2.0,1.0,0.6666667,0.33333334,0.3333333,0.001934236,0.00064474536,0,0,0,1,1
19391,0,1,-0.054996908,0.48625427,0,0,test,6.0,6.0,0.0,1.0,0.0,0.0,0.007736944,0.0,1,0,1,0,0
19392,-1,1,-0.68027514,0.33619988,0,1,unassigned,24.0,21.0,3.0,0.875,0.125,0.125,0.04255319,0.005319149,1,0,0,0,0
19393,-1,1,7.389955,0.999383,1,1,unassigned,5.0,5.0,0.0,1.0,0.0,0.0,0.0058027077,0.0,1,0,0,1,1
19394,-1,0,-0.8045008,0.30906358,0,1,unassigned,53.0,53.0,0.0,1.0,0.0,0.0,0.09864604,0.0,0,0,0,0,0
19395,-1,0,-0.6753821,0.33729273,0,1,unassigned,8.0,8.0,0.0,1.0,0.0,0.0,0.0116054155,0.0,0,0,0,0,0
19396,1,0,-0.5507033,0.36570126,0,1,val,78.0,78.0,0.0,1.0,0.0,0.0,0.14700194,0.0,0,0,0,0,0
19397,-1,0,-0.5931001,0.3559239,0,1,unassigned,15.0,14.0,1.0,0.93333334,0.06666667,0.06666666,0.025145067,0.0016763379,0,0,0,0,0
19398,-1,0,-0.3786646,0.406449,0,1,unassigned,25.0,25.0,0.0,1.0,0.0,0.0,0.044487428,0.0,0,0,0,0,0
19399,-1,0,0.73752695,0.67645484,1,1,unassigned,13.0,13.0,0.0,1.0,0.0,0.0,0.021276595,0.0,0,0,0,1,0
19400,-1,1,1.0794251,0.74638516,1,1,unassigned,3.0,2.0,1.0,0.6666667,0.33333334,0.3333333,0.001934236,0.00064474536,1,0,0,1,0
19401,-1,0,0.076420665,0.5190959,1,1,unassigned,2.0,2.0,0.0,1.0,0.0,0.0,0.0,0.0,0,0,0,1,0
19402,-1,0,2.2672925,0.90613174,1,1,unassigned,8.0,8.0,0.0,1.0,0.0,0.0,0.0116054155,0.0,0,0,0,1,1
19403,-1,0,-0.8619581,0.29693043,0,1,unassigned,4.0,4.0,0.0,1.0,0.0,0.0,0.003868472,0.0,0,0,0,0,0
19404,1,0,1.5287573,0.8218244,1,0,val,7.0,7.0,0.0,1.0,0.0,0.0,0.00967118,0.0,0,0,1,1,0
19405,-1,0,-0.38686055,0.4044733,0,1,unassigned,4.0,4.0,0.0,1.0,0.0,0.0,0.003868472,0.0,0,0,0,0,0
19406,1,0,1.4880314,0.8157826,1,0,unassigned,23.0,23.0,0.0,1.0,0.0,0.0,0.040618956,0.0,0,0,1,1,0
19407,-1,0,-0.23447877,0.44164744,0,1,unassigned,78.0,78.0,0.0,1.0,0.0,0.0,0.14700194,0.0,0,0,0,0,0
19408,-1,0,2.802881,0.94283134,1,1,unassigned,5.0,5.0,0.0,1.0,0.0,0.0,0.0058027077,0.0,0,0,0,1,1
19409,1,1,0.63478786,0.6535743,1,0,val,8.0,7.0,1.0,0.875,0.125,0.125,0.0116054155,0.0014506769,1,0,1,1,0
19410,-1,0,2.3495095,0.91289526,1,1,unassigned,12.0,11.0,1.0,0.9166667,0.083333336,0.08333331,0.01934236,0.0016118633,0,0,0,1,1
19411,-1,1,2.4683893,0.92189586,1,1,unassigned,6.0,6.0,0.0,1.0,0.0,0.0,0.007736944,0.0,1,0,0,1,1
19412,-1,0,1.9113824,0.8711744,1,1,unassigned,7.0,7.0,0.0,1.0,0.0,0.0,0.00967118,0.0,0,0,0,1,0
19413,1,0,1.3627281,0.7962027,1,0,test,9.0,9.0,0.0,1.0,0.0,0.0,0.013539651,0.0,0,0,1,1,0
19414,-1,0,-0.8890934,0.29129693,0,1,unassigned,69.0,69.0,0.0,1.0,0.0,0.0,0.1295938,0.0,0,0,0,0,0
19415,-1,1,16.834663,1.0,1,1,unassigned,2.0,2.0,0.0,1.0,0.0,0.0,0.0,0.0,1,0,0,1,1
19416,0,0,-0.5836549,0.35809204,0,0,unassigned,11.0,11.0,0.0,1.0,0.0,0.0,0.017408123,0.0,0,0,1,0,0
19417,-1,1,5.460169,0.9957652,1,1,unassigned,12.0,11.0,1.0,0.9166667,0.083333336,0.08333331,0.01934236,0.0016118633,1,0,0,1,1
19418,-1,0,-0.5599021,0.3635701,0,1,unassigned,16.0,16.0,0.0,1.0,0.0,0.0,0.027079303,0.0,0,0,0,0,0
19419,-1,0,-0.42765278,0.394687,0,1,unassigned,2.0,2.0,0.0,1.0,0.0,0.0,0.0,0.0,0,0,0,0,0
19420,-1,0,-0.6353005,0.34630963,0,1,unassigned,2.0,2.0,0.0,1.0,0.0,0.0,0.0,0.0,0,0,0,0,0
19421,1,0,4.079041,0.98335797,1,0,unassigned,10.0,10.0,0.0,1.0,0.0,0.0,0.015473888,0.0,0,0,1,1,1
19422,-1,0,3.54299,0.9718865,1,1,unassigned,2.0,2.0,0.0,1.0,0.0,0.0,0.0,0.0,0,0,0,1,1
19423,-1,0,-0.81308717,0.307233,0,1,unassigned,17.0,17.0,0.0,1.0,0.0,0.0,0.029013539,0.0,0,0,0,0,0
19424,-1,0,-0.8858321,0.29197067,0,1,unassigned,41.0,41.0,0.0,1.0,0.0,0.0,0.07543521,0.0,0,0,0,0,0
19425,-1,0,1.0227079,0.7354997,1,1,unassigned,14.0,14.0,0.0,1.0,0.0,0.0,0.023210831,0.0,0,0,0,1,0
19426,-1,1,3.394714,0.96753895,1,1,unassigned,3.0,3.0,0.0,1.0,0.0,0.0,0.001934236,0.0,1,0,0,1,1
19427,0,0,-0.7206557,0.32724863,0,0,test,38.0,38.0,0.0,1.0,0.0,0.0,0.06963249,0.0,0,0,1,0,0
19428,-1,0,-0.9491572,0.27905434,0,1,unassigned,12.0,12.0,0.0,1.0,0.0,0.0,0.01934236,0.0,0,0,0,0,0
19429,1,0,-0.8481334,0.29982457,0,1,unassigned,99.0,97.0,2.0,0.97979796,0.02020202,0.02020204,0.1876209,0.003790321,0,0,0,0,0
19430,0,0,-0.8081726,0.30828005,0,0,unassigned,20.0,20.0,0.0,1.0,0.0,0.0,0.034816246,0.0,0,0,1,0,0
19431,-1,0,-0.8761151,0.2939835,0,1,unassigned,27.0,27.0,0.0,1.0,0.0,0.0,0.0483559,0.0,0,0,0,0,0
19432,-1,0,2.9496214,0.95024556,1,1,unassigned,6.0,6.0,0.0,1.0,0.0,0.0,0.007736944,0.0,0,0,0,1,1
19433,-1,1,0.31193858,0.57735837,1,1,unassigned,5.0,5.0,0.0,1.0,0.0,0.0,0.0058027077,0.0,1,0,0,1,0
19434,-1,0,0.03919643,0.5097978,1,1,unassigned,12.0,12.0,0.0,1.0,0.0,0.0,0.01934236,0.0,0,0,0,1,0
19435,-1,1,-0.200014,0.45016256,0,1,unassigned,5.0,5.0,0.0,1.0,0.0,0.0,0.0058027077,0.0,1,0,0,0,0
19436,-1,1,-0.11049712,0.47240376,0,1,unassigned,6.0,5.0,1.0,0.8333333,0.16666667,0.16666669,0.007736944,0.0012894907,1,0,0,0,0
19437,-1,0,15.519213,0.99999976,1,1,unassigned,12.0,8.0,4.0,0.6666667,0.33333334,0.3333333,0.01934236,0.006447453,0,0,0,1,1
19438,-1,0,-0.88995993,0.2911181,0,1,unassigned,2.0,2.0,0.0,1.0,0.0,0.0,0.0,0.0,0,0,0,0,0
19439,-1,0,-0.851358,0.29914808,0,1,unassigned,35.0,35.0,0.0,1.0,0.0,0.0,0.06382979,0.0,0,0,0,0,0
19440,-1,0,5.4899516,0.9958889,1,1,unassigned,36.0,35.0,1.0,0.9722222,0.027777778,0.027777791,0.065764025,0.0018267785,0,0,0,1,1
19441,-1,0,-0.3580026,0.41144314,0,1,unassigned,9.0,9.0,0.0,1.0,0.0,0.0,0.013539651,0.0,0,0,0,0,0
19442,-1,0,-0.8760752,0.29399174,0,1,unassigned,13.0,13.0,0.0,1.0,0.0,0.0,0.021276595,0.0,0,0,0,0,0
19443,-1,0,-0.9025743,0.28852177,0,1,unassigned,101.0,100.0,1.0,0.990099,0.00990099,0.009900987,0.19148937,0.0018959343,0,0,0,0,0
19444,1,0,-0.19712192,0.45087844,0,1,val,9.0,9.0,0.0,1.0,0.0,0.0,0.013539651,0.0,0,0,0,0,0
19445,-1,0,-0.047527075,0.48812047,0,1,unassigned,24.0,22.0,2.0,0.9166667,0.083333336,0.08333331,0.04255319,0.0035460992,0,0,0,0,0
19446,-1,0,3.5202754,0.9712592,1,1,unassigned,6.0,6.0,0.0,1.0,0.0,0.0,0.007736944,0.0,0,0,0,1,1
19447,-1,0,-0.14206856,0.46454248,0,1,unassigned,19.0,17.0,2.0,0.8947368,0.10526316,0.10526317,0.032882012,0.0034612645,0,0,0,0,0
19448,-1,1,-0.31153667,0.42273968,0,1,unassigned,5.0,5.0,0.0,1.0,0.0,0.0,0.0058027077,0.0,1,0,0,0,0
19449,-1,0,2.7406526,0.93938327,1,1,unassigned,2.0,2.0,0.0,1.0,0.0,0.0,0.0,0.0,0,0,0,1,1
19450,1,0,-0.04305917,0.48923686,0,1,val,8.0,8.0,0.0,1.0,0.0,0.0,0.0116054155,0.0,0,0,0,0,0
19451,-1,0,-0.75014454,0.3207898,0,1,unassigned,2.0,2.0,0.0,1.0,0.0,0.0,0.0,0.0,0,0,0,0,0
19452,-1,0,2.1585786,0.89646775,1,1,unassigned,9.0,9.0,0.0,1.0,0.0,0.0,0.013539651,0.0,0,0,0,1,0
19453,-1,0,-0.3271289,0.4189394,0,1,unassigned,3.0,3.0,0.0,1.0,0.0,0.0,0.001934236,0.0,0,0,0,0,0
19454,-1,0,-0.8168919,0.30642384,0,1,unassigned,42.0,42.0,0.0,1.0,0.0,0.0,0.07736944,0.0,0,0,0,0,0
19455,-1,0,-0.10091823,0.4747918,0,1,unassigned,2.0,2.0,0.0,1.0,0.0,0.0,0.0,0.0,0,0,0,0,0
19456,0,0,-0.60693705,0.35275823,0,0,test,10.0,10.0,0.0,1.0,0.0,0.0,0.015473888,0.0,0,0,1,0,0
19457,-1,0,1.3364139,0.79189956,1,1,unassigned,11.0,11.0,0.0,1.0,0.0,0.0,0.017408123,0.0,0,0,0,1,0
19458,-1,1,7.3282332,0.9993437,1,1,unassigned,4.0,1.0,3.0,0.25,0.75,0.75,0.003868472,0.002901354,1,0,0,1,1
19459,-1,0,-0.22838911,0.44314963,0,1,unassigned,34.0,33.0,1.0,0.9705882,0.029411765,0.029411793,0.061895553,0.0018204574,0,0,0,0,0
19460,1,1,1.0639215,0.7434392,1,0,val,10.0,7.0,3.0,0.7,0.3,0.3,0.015473888,0.0046421667,1,0,1,1,0
19461,-1,0,-0.8103678,0.3078121,0,1,unassigned,47.0,47.0,0.0,1.0,0.0,0.0,0.08704062,0.0,0,0,0,0,0
19462,-1,1,-0.22438109,0.4441389,0,1,unassigned,78.0,65.0,13.0,0.8333333,0.16666667,0.16666669,0.14700194,0.024500323,1,0,0,0,0
19463,-1,0,1.6919551,0.84448105,1,1,unassigned,22.0,20.0,2.0,0.90909094,0.09090909,0.090909064,0.03868472,0.0035167928,0,0,0,1,0
19464,-1,0,-0.2549618,0.4366026,0,1,unassigned,51.0,50.0,1.0,0.98039216,0.019607844,0.019607842,0.09477756,0.0018583836,0,0,0,0,0
19465,-1,1,3.5611022,0.97237724,1,1,unassigned,6.0,4.0,2.0,0.6666667,0.33333334,0.3333333,0.007736944,0.0025789815,1,0,0,1,1
19466,1,0,13.264137,0.9999982,1,0,val,3.0,3.0,0.0,1.0,0.0,0.0,0.001934236,0.0,0,0,1,1,1
19467,-1,1,-0.8861691,0.29190102,0,1,unassigned,26.0,26.0,0.0,1.0,0.0,0.0,0.046421662,0.0,1,0,0,0,0
19468,-1,0,-0.040150344,0.48996377,0,1,unassigned,34.0,34.0,0.0,1.0,0.0,0.0,0.061895553,0.0,0,0,0,0,0
19469,-1,0,-0.6378796,0.34572604,0,1,unassigned,30.0,30.0,0.0,1.0,0.0,0.0,0.054158606,0.0,0,0,0,0,0
19470,1,1,3.878576,0.9797387,1,0,unassigned,4.0,2.0,2.0,0.5,0.5,0.5,0.003868472,0.001934236,1,0,1,1,1
19471,1,0,0.00048655272,0.5001216,1,0,test,48.0,48.0,0.0,1.0,0.0,0.0,0.088974856,0.0,0,0,1,1,0
19472,-1,0,11.487915,0.99998975,1,1,unassigned,2.0,2.0,0.0,1.0,0.0,0.0,0.0,0.0,0,0,0,1,1
19473,-1,1,-0.11502388,0.47127572,0,1,unassigned,10.0,9.0,1.0,0.9,0.1,0.100000024,0.015473888,0.0015473888,1,0,0,0,0
19474,-1,0,-0.49592888,0.37849787,0,1,unassigned,24.0,24.0,0.0,1.0,0.0,0.0,0.04255319,0.0,0,0,0,0,0
19475,1,0,6.9672008,0.99905866,1,0,unassigned,2.0,2.0,0.0,1.0,0.0,0.0,0.0,0.0,0,0,1,1,1
19476,-1,0,-0.42652214,0.39495713,0,1,unassigned,2.0,1.0,1.0,0.5,0.5,0.5,0.0,0.0,0,0,0,0,0
19477,-1,0,3.7693102,0.97745216,1,1,unassigned,6.0,5.0,1.0,0.8333333,0.16666667,0.16666669,0.007736944,0.0012894907,0,0,0,1,1
19478,-1,0,1.6238625,0.8353271,1,1,unassigned,5.0,5.0,0.0,1.0,0.0,0.0,0.0058027077,0.0,0,0,0,1,0
19479,-1,0,1.6511776,0.8390502,1,1,unassigned,30.0,24.0,6.0,0.8,0.2,0.19999999,0.054158606,0.010831721,0,0,0,1,0
19480,-1,0,0.34375364,0.585102,1,1,unassigned,2.0,2.0,0.0,1.0,0.0,0.0,0.0,0.0,0,0,0,1,0
19481,0,0,0.5611412,0.63671654,1,1,unassigned,7.0,5.0,2.0,0.71428573,0.2857143,0.28571427,0.00967118,0.0027631943,0,0,0,1,0
19482,-1,0,5.3829656,0.9954268,1,1,unassigned,3.0,3.0,0.0,1.0,0.0,0.0,0.001934236,0.0,0,0,0,1,1
19483,-1,1,-0.8287144,0.30391696,0,1,unassigned,34.0,26.0,8.0,0.7647059,0.23529412,0.2352941,0.061895553,0.014563659,1,0,0,0,0
19484,-1,0,-0.32368767,0.4197773,0,1,unassigned,36.0,36.0,0.0,1.0,0.0,0.0,0.065764025,0.0,0,0,0,0,0
19485,-1,1,-0.7531511,0.32013506,0,1,unassigned,7.0,4.0,3.0,0.5714286,0.42857143,0.4285714,0.00967118,0.0041447915,1,0,0,0,0
19486,-1,0,0.94152826,0.7194082,1,1,unassigned,22.0,22.0,0.0,1.0,0.0,0.0,0.03868472,0.0,0,0,0,1,0
19487,-1,0,0.04688233,0.51171845,1,1,unassigned,20.0,19.0,1.0,0.95,0.05,0.050000012,0.034816246,0.0017408123,0,0,0,1,0
19488,-1,0,3.44434,0.9690619,1,1,unassigned,4.0,4.0,0.0,1.0,0.0,0.0,0.003868472,0.0,0,0,0,1,1
19489,-1,1,-0.0655489,0.48361865,0,1,unassigned,29.0,27.0,2.0,0.9310345,0.06896552,0.068965495,0.05222437,0.0036016807,1,0,0,0,0
19490,-1,0,-0.2809457,0.43022195,0,1,unassigned,44.0,40.0,4.0,0.90909094,0.09090909,0.090909064,0.08123791,0.007385265,0,0,0,0,0
19491,-1,0,7.6969132,0.999546,1,1,unassigned,2.0,2.0,0.0,1.0,0.0,0.0,0.0,0.0,0,0,0,1,1
19492,-1,0,7.8345475,0.9996044,1,1,unassigned,2.0,2.0,0.0,1.0,0.0,0.0,0.0,0.0,0,0,0,1,1
19493,-1,0,7.8345475,0.9996044,1,1,unassigned,2.0,2.0,0.0,1.0,0.0,0.0,0.0,0.0,0,0,0,1,1
19494,0,0,-0.45710096,0.3876738,0,0,unassigned,23.0,23.0,0.0,1.0,0.0,0.0,0.040618956,0.0,0,0,1,0,0
19495,-1,0,1.6507409,0.83899117,1,1,unassigned,43.0,43.0,0.0,1.0,0.0,0.0,0.079303674,0.0,0,0,0,1,0
19496,-1,0,-0.6710619,0.3382591,0,1,unassigned,113.0,112.0,1.0,0.99115044,0.0088495575,0.008849561,0.21470019,0.0019000017,0,0,0,0,0
19497,-1,0,-0.8123699,0.3073857,0,1,unassigned,91.0,91.0,0.0,1.0,0.0,0.0,0.172147,0.0,0,0,0,0,0
19498,-1,0,-0.5046071,0.3764586,0,1,unassigned,47.0,47.0,0.0,1.0,0.0,0.0,0.08704062,0.0,0,0,0,0,0
19499,-1,0,-0.5807071,0.3587699,0,1,unassigned,67.0,64.0,3.0,0.95522386,0.04477612,0.04477614,0.12572534,0.005629493,0,0,0,0,0
19500,-1,0,0.9218791,0.71542484,1,1,unassigned,64.0,64.0,0.0,1.0,0.0,0.0,0.11992263,0.0,0,0,0,1,0
19501,-1,0,-0.43753034,0.3923296,0,1,unassigned,32.0,32.0,0.0,1.0,0.0,0.0,0.058027077,0.0,0,0,0,0,0
19502,-1,0,0.6020792,0.6461318,1,1,unassigned,3.0,2.0,1.0,0.6666667,0.33333334,0.3333333,0.001934236,0.00064474536,0,0,0,1,0
19503,-1,0,7.8345475,0.9996044,1,1,unassigned,2.0,2.0,0.0,1.0,0.0,0.0,0.0,0.0,0,0,0,1,1
19504,-1,0,7.6969132,0.999546,1,1,unassigned,2.0,2.0,0.0,1.0,0.0,0.0,0.0,0.0,0,0,0,1,1
19505,-1,0,9.295711,0.9999082,1,1,unassigned,4.0,3.0,1.0,0.75,0.25,0.25,0.003868472,0.000967118,0,0,0,1,1
19506,-1,0,-0.4879132,0.3803853,0,1,unassigned,17.0,17.0,0.0,1.0,0.0,0.0,0.029013539,0.0,0,0,0,0,0
19507,-1,0,7.8345475,0.9996044,1,1,unassigned,2.0,2.0,0.0,1.0,0.0,0.0,0.0,0.0,0,0,0,1,1
19508,-1,0,6.555746,0.9985801,1,1,unassigned,6.0,6.0,0.0,1.0,0.0,0.0,0.007736944,0.0,0,0,0,1,1
19509,-1,0,7.266975,0.99930227,1,1,unassigned,4.0,4.0,0.0,1.0,0.0,0.0,0.003868472,0.0,0,0,0,1,1
19510,-1,0,-0.84470916,0.3005439,0,1,unassigned,7.0,7.0,0.0,1.0,0.0,0.0,0.00967118,0.0,0,0,0,0,0
19511,-1,1,3.341174,0.96581465,1,1,unassigned,7.0,7.0,0.0,1.0,0.0,0.0,0.00967118,0.0,1,0,0,1,1
19512,-1,0,-0.4563722,0.3878468,0,1,unassigned,30.0,29.0,1.0,0.96666664,0.033333335,0.03333336,0.054158606,0.001805287,0,0,0,0,0
19513,-1,0,-0.78136414,0.31402597,0,1,unassigned,72.0,70.0,2.0,0.9722222,0.027777778,0.027777791,0.13539653,0.0037610147,0,0,0,0,0
19514,-1,1,1.702841,0.8459054,1,1,unassigned,13.0,11.0,2.0,0.84615386,0.15384616,0.15384614,0.021276595,0.0032733225,1,0,0,1,0
19515,-1,0,3.0163553,0.95330757,1,1,unassigned,4.0,4.0,0.0,1.0,0.0,0.0,0.003868472,0.0,0,0,0,1,1
19516,-1,0,2.5821803,0.9297059,1,1,unassigned,2.0,2.0,0.0,1.0,0.0,0.0,0.0,0.0,0,0,0,1,1
19517,0,0,-0.3710239,0.40829363,0,0,unassigned,17.0,16.0,1.0,0.9411765,0.05882353,0.058823526,0.029013539,0.0017066788,0,0,1,0,0
19518,1,0,-0.016189754,0.49595267,0,1,unassigned,5.0,4.0,1.0,0.8,0.2,0.19999999,0.0058027077,0.0011605415,0,0,0,0,0
19519,-1,0,-0.34626168,0.41428924,0,1,unassigned,5.0,4.0,1.0,0.8,0.2,0.19999999,0.0058027077,0.0011605415,0,0,0,0,0
19520,-1,1,-0.3791644,0.40632847,0,1,unassigned,2.0,2.0,0.0,1.0,0.0,0.0,0.0,0.0,1,0,0,0,0
19521,-1,0,5.7420583,0.9968021,1,1,unassigned,3.0,3.0,0.0,1.0,0.0,0.0,0.001934236,0.0,0,0,0,1,1
19522,1,0,-0.5127021,0.37456033,0,1,test,3.0,3.0,0.0,1.0,0.0,0.0,0.001934236,0.0,0,0,0,0,0
19523,-1,0,0.3785311,0.5935188,1,1,unassigned,6.0,1.0,5.0,0.16666667,0.8333333,0.8333333,0.007736944,0.0064474535,0,0,0,1,0
19524,-1,0,0.10281986,0.52568233,1,1,unassigned,3.0,3.0,0.0,1.0,0.0,0.0,0.001934236,0.0,0,0,0,1,0
19525,-1,0,0.16351348,0.5407875,1,1,unassigned,9.0,9.0,0.0,1.0,0.0,0.0,0.013539651,0.0,0,0,0,1,0
19526,-1,0,0.24537724,0.5610384,1,1,unassigned,5.0,5.0,0.0,1.0,0.0,0.0,0.0058027077,0.0,0,0,0,1,0
19527,-1,0,-0.21838626,0.44561937,0,1,unassigned,8.0,8.0,0.0,1.0,0.0,0.0,0.0116054155,0.0,0,0,0,0,0
19528,-1,1,-0.4047476,0.40017223,0,1,unassigned,38.0,38.0,0.0,1.0,0.0,0.0,0.06963249,0.0,1,0,0,0,0
19529,-1,1,1.721205,0.84828395,1,1,unassigned,64.0,44.0,20.0,0.6875,0.3125,0.3125,0.11992263,0.03747582,1,0,0,1,0
19530,1,0,1.9365604,0.8739737,1,0,train,44.0,44.0,0.0,1.0,0.0,0.0,0.08123791,0.0,0,0,1,1,0
19531,-1,0,-0.13194925,0.46706048,0,1,unassigned,13.0,12.0,1.0,0.9230769,0.07692308,0.07692307,0.021276595,0.0016366612,0,0,0,0,0
19532,-1,0,-0.16719764,0.4582977,0,1,unassigned,19.0,19.0,0.0,1.0,0.0,0.0,0.032882012,0.0,0,0,0,0,0
19533,-1,1,-0.69576335,0.3327522,0,1,unassigned,38.0,34.0,4.0,0.8947368,0.10526316,0.10526317,0.06963249,0.0073297364,1,0,0,0,0
19534,-1,0,0.17594916,0.54387414,1,1,unassigned,9.0,9.0,0.0,1.0,0.0,0.0,0.013539651,0.0,0,0,0,1,0
19535,-1,0,-0.026393592,0.49340203,0,1,unassigned,23.0,21.0,2.0,0.9130435,0.08695652,0.0869565,0.040618956,0.0035320832,0,0,0,0,0
19536,0,0,-0.08496922,0.47877046,0,0,test,27.0,25.0,2.0,0.9259259,0.074074075,0.07407409,0.0483559,0.0035819185,0,0,1,0,0
19537,-1,0,3.185601,0.9602888,1,1,unassigned,32.0,27.0,5.0,0.84375,0.15625,0.15625,0.058027077,0.009066731,0,0,0,1,1
19538,-1,0,-0.7013447,0.33151415,0,1,unassigned,45.0,44.0,1.0,0.9777778,0.022222223,0.02222222,0.08317215,0.0018482701,0,0,0,0,0
19539,-1,0,0.4165783,0.6026642,1,1,unassigned,2.0,2.0,0.0,1.0,0.0,0.0,0.0,0.0,0,0,0,1,0
19540,-1,0,-0.9721284,0.27445647,0,1,unassigned,35.0,35.0,0.0,1.0,0.0,0.0,0.06382979,0.0,0,0,0,0,0
19541,-1,0,-0.20727456,0.4483661,0,1,unassigned,27.0,27.0,0.0,1.0,0.0,0.0,0.0483559,0.0,0,0,0,0,0
19542,-1,0,0.05907327,0.514764,1,1,unassigned,13.0,13.0,0.0,1.0,0.0,0.0,0.021276595,0.0,0,0,0,1,0
19543,-1,0,-0.9124711,0.28649443,0,1,unassigned,152.0,149.0,3.0,0.9802632,0.019736841,0.019736826,0.29013538,0.005726356,0,0,0,0,0
19544,-1,0,-0.15590912,0.46110153,0,1,unassigned,7.0,7.0,0.0,1.0,0.0,0.0,0.00967118,0.0,0,0,0,0,0
19545,-1,0,-0.6033923,0.35356796,0,1,unassigned,24.0,24.0,0.0,1.0,0.0,0.0,0.04255319,0.0,0,0,0,0,0
19546,-1,0,-0.62620676,0.34837115,0,1,unassigned,11.0,11.0,0.0,1.0,0.0,0.0,0.017408123,0.0,0,0,0,0,0
19547,-1,0,0.4593206,0.612853,1,1,unassigned,4.0,4.0,0.0,1.0,0.0,0.0,0.003868472,0.0,0,0,0,1,0
19548,-1,0,2.2469394,0.9043862,1,1,unassigned,43.0,42.0,1.0,0.9767442,0.023255814,0.023255825,0.079303674,0.0018442714,0,0,0,1,1
19549,-1,0,-0.7040418,0.33091673,0,1,unassigned,169.0,169.0,0.0,1.0,0.0,0.0,0.32301742,0.0,0,0,0,0,0
19550,-1,0,0.61852926,0.649884,1,1,unassigned,46.0,44.0,2.0,0.95652175,0.04347826,0.04347825,0.08510638,0.0037002775,0,0,0,1,0
19551,-1,0,1.6317384,0.8364076,1,1,unassigned,30.0,29.0,1.0,0.96666664,0.033333335,0.03333336,0.054158606,0.001805287,0,0,0,1,0
19552,-1,0,-0.53496367,0.36935994,0,1,unassigned,14.0,14.0,0.0,1.0,0.0,0.0,0.023210831,0.0,0,0,0,0,0
19553,-1,0,-0.7849964,0.31324404,0,1,unassigned,33.0,30.0,3.0,0.90909094,0.09090909,0.090909064,0.059961315,0.0054510287,0,0,0,0,0
19554,-1,0,-0.63026166,0.3474512,0,1,unassigned,20.0,20.0,0.0,1.0,0.0,0.0,0.034816246,0.0,0,0,0,0,0
19555,-1,0,-0.3988381,0.40159154,0,1,unassigned,39.0,31.0,8.0,0.7948718,0.20512821,0.2051282,0.07156673,0.014680355,0,0,0,0,0
19556,-1,0,-0.19479254,0.4514553,0,1,unassigned,25.0,25.0,0.0,1.0,0.0,0.0,0.044487428,0.0,0,0,0,0,0
19557,1,0,1.5070925,0.8186299,1,0,test,13.0,13.0,0.0,1.0,0.0,0.0,0.021276595,0.0,0,0,1,1,0
19558,1,1,2.0739849,0.8883489,1,0,val,45.0,44.0,1.0,0.9777778,0.022222223,0.02222222,0.08317215,0.0018482701,1,0,1,1,0
19559,-1,0,9.863173,0.9999479,1,1,unassigned,2.0,2.0,0.0,1.0,0.0,0.0,0.0,0.0,0,0,0,1,1
19560,-1,0,4.2382507,0.98577255,1,1,unassigned,2.0,2.0,0.0,1.0,0.0,0.0,0.0,0.0,0,0,0,1,1
19561,0,0,-0.47264037,0.3839915,0,0,val,18.0,18.0,0.0,1.0,0.0,0.0,0.030947777,0.0,0,0,1,0,0
19562,-1,0,10.322483,0.9999671,1,1,unassigned,35.0,23.0,12.0,0.6571429,0.34285715,0.34285712,0.06382979,0.0218845,0,0,0,1,1
19563,-1,0,9.004832,0.9998772,1,1,unassigned,5.0,5.0,0.0,1.0,0.0,0.0,0.0058027077,0.0,0,0,0,1,1
19564,-1,0,0.6786844,0.663445,1,1,unassigned,20.0,20.0,0.0,1.0,0.0,0.0,0.034816246,0.0,0,0,0,1,0
19565,-1,0,7.8345475,0.9996044,1,1,unassigned,2.0,2.0,0.0,1.0,0.0,0.0,0.0,0.0,0,0,0,1,1
19566,-1,0,7.8345475,0.9996044,1,1,unassigned,2.0,2.0,0.0,1.0,0.0,0.0,0.0,0.0,0,0,0,1,1
19567,-1,0,8.082887,0.99969137,1,1,unassigned,2.0,2.0,0.0,1.0,0.0,0.0,0.0,0.0,0,0,0,1,1
19568,-1,0,4.881388,0.9924706,1,1,unassigned,4.0,4.0,0.0,1.0,0.0,0.0,0.003868472,0.0,0,0,0,1,1
19569,-1,0,7.8345475,0.9996044,1,1,unassigned,2.0,2.0,0.0,1.0,0.0,0.0,0.0,0.0,0,0,0,1,1
19570,-1,0,0.680365,0.6638202,1,1,unassigned,18.0,18.0,0.0,1.0,0.0,0.0,0.030947777,0.0,0,0,0,1,0
19571,-1,0,8.3604355,0.9997662,1,1,unassigned,2.0,2.0,0.0,1.0,0.0,0.0,0.0,0.0,0,0,0,1,1
19572,1,0,3.1760156,0.9599217,1,0,val,14.0,14.0,0.0,1.0,0.0,0.0,0.023210831,0.0,0,0,1,1,1
19573,-1,0,5.932381,0.99735487,1,1,unassigned,16.0,15.0,1.0,0.9375,0.0625,0.0625,0.027079303,0.0016924564,0,0,0,1,1
19574,-1,0,7.91124,0.99963355,1,1,unassigned,6.0,6.0,0.0,1.0,0.0,0.0,0.007736944,0.0,0,0,0,1,1
19575,-1,0,8.216176,0.9997298,1,1,unassigned,2.0,2.0,0.0,1.0,0.0,0.0,0.0,0.0,0,0,0,1,1
19576,-1,0,-0.82814693,0.30403703,0,1,unassigned,2.0,2.0,0.0,1.0,0.0,0.0,0.0,0.0,0,0,0,0,0
19577,1,0,2.116358,0.89248294,1,0,test,10.0,10.0,0.0,1.0,0.0,0.0,0.015473888,0.0,0,0,1,1,0
19578,0,1,1.1355226,0.7568567,1,1,test,3.0,1.0,2.0,0.33333334,0.6666667,0.6666666,0.001934236,0.0012894907,1,0,0,1,0
19579,-1,1,2.082925,0.88923246,1,1,unassigned,13.0,13.0,0.0,1.0,0.0,0.0,0.021276595,0.0,1,0,0,1,0
19580,-1,1,1.5342925,0.82263345,1,1,unassigned,2.0,2.0,0.0,1.0,0.0,0.0,0.0,0.0,1,0,0,1,0
19581,-1,1,-0.41766566,0.39707547,0,1,unassigned,48.0,44.0,4.0,0.9166667,0.083333336,0.08333331,0.088974856,0.0074145715,1,0,0,0,0
19582,-1,0,1.4239252,0.805953,1,1,unassigned,4.0,3.0,1.0,0.75,0.25,0.25,0.003868472,0.000967118,0,0,0,1,0
19583,1,0,2.9418643,0.94987756,1,0,val,12.0,12.0,0.0,1.0,0.0,0.0,0.01934236,0.0,0,0,1,1,1
19584,-1,1,1.6292479,0.8360666,1,1,unassigned,4.0,4.0,0.0,1.0,0.0,0.0,0.003868472,0.0,1,0,0,1,0
19585,-1,1,0.6803488,0.6638166,1,1,unassigned,3.0,3.0,0.0,1.0,0.0,0.0,0.001934236,0.0,1,0,0,1,0
19586,-1,0,1.5384436,0.8232384,1,1,unassigned,13.0,13.0,0.0,1.0,0.0,0.0,0.021276595,0.0,0,0,0,1,0
19587,0,1,-0.8214971,0.30544597,0,0,unassigned,46.0,46.0,0.0,1.0,0.0,0.0,0.08510638,0.0,1,0,1,0,0
19588,1,0,0.14009368,0.5349663,1,0,unassigned,22.0,20.0,2.0,0.90909094,0.09090909,0.090909064,0.03868472,0.0035167928,0,0,1,1,0
19589,-1,1,3.8483837,0.9791307,1,1,unassigned,2.0,2.0,0.0,1.0,0.0,0.0,0.0,0.0,1,0,0,1,1
19590,1,0,3.2676075,0.96330065,1,0,unassigned,4.0,4.0,0.0,1.0,0.0,0.0,0.003868472,0.0,0,0,1,1,1
19591,-1,0,0.46074814,0.61319166,1,1,unassigned,2.0,2.0,0.0,1.0,0.0,0.0,0.0,0.0,0,0,0,1,0
19592,-1,0,-0.7304963,0.32508585,0,1,unassigned,114.0,113.0,1.0,0.99122804,0.00877193,0.008771956,0.21663442,0.001900302,0,0,0,0,0
19593,-1,0,-0.83132464,0.30336505,0,1,unassigned,126.0,124.0,2.0,0.984127,0.015873017,0.015873015,0.23984526,0.0038070679,0,0,0,0,0
19594,-1,1,2.699714,0.93700975,1,1,unassigned,2.0,2.0,0.0,1.0,0.0,0.0,0.0,0.0,1,0,0,1,1
19595,-1,0,-0.506462,0.3760233,0,1,unassigned,28.0,28.0,0.0,1.0,0.0,0.0,0.050290134,0.0,0,0,0,0,0
19596,-1,0,-0.72952735,0.32529846,0,1,unassigned,3.0,3.0,0.0,1.0,0.0,0.0,0.001934236,0.0,0,0,0,0,0
19597,-1,0,1.2985969,0.78559875,1,1,unassigned,2.0,2.0,0.0,1.0,0.0,0.0,0.0,0.0,0,0,0,1,0
19598,0,0,-0.5109341,0.37497458,0,0,unassigned,8.0,7.0,1.0,0.875,0.125,0.125,0.0116054155,0.0014506769,0,0,1,0,0
19599,-1,0,8.289131,0.9997489,1,1,unassigned,4.0,4.0,0.0,1.0,0.0,0.0,0.003868472,0.0,0,0,0,1,1
19600,-1,1,-0.37832525,0.4065309,0,1,unassigned,2.0,2.0,0.0,1.0,0.0,0.0,0.0,0.0,1,0,0,0,0
19601,-1,0,0.13823634,0.5345042,1,1,unassigned,13.0,13.0,0.0,1.0,0.0,0.0,0.021276595,0.0,0,0,0,1,0
19602,-1,1,0.057015717,0.51425004,1,1,unassigned,2.0,2.0,0.0,1.0,0.0,0.0,0.0,0.0,1,0,0,1,0
19603,-1,0,2.1588266,0.8964907,1,1,unassigned,5.0,5.0,0.0,1.0,0.0,0.0,0.0058027077,0.0,0,0,0,1,0
19604,-1,0,-0.078979194,0.48026544,0,1,unassigned,16.0,16.0,0.0,1.0,0.0,0.0,0.027079303,0.0,0,0,0,0,0
19605,-1,0,6.7666373,0.99884975,1,1,unassigned,5.0,5.0,0.0,1.0,0.0,0.0,0.0058027077,0.0,0,0,0,1,1
19606,0,0,-0.74570763,0.32175732,0,0,unassigned,2.0,2.0,0.0,1.0,0.0,0.0,0.0,0.0,0,0,1,0,0
19607,-1,1,3.3297613,0.9654358,1,1,unassigned,6.0,5.0,1.0,0.8333333,0.16666667,0.16666669,0.007736944,0.0012894907,1,0,0,1,1
19608,0,1,4.139565,0.98432,1,1,val,2.0,2.0,0.0,1.0,0.0,0.0,0.0,0.0,1,0,0,1,1
19609,-1,0,2.574539,0.9292049,1,1,unassigned,2.0,2.0,0.0,1.0,0.0,0.0,0.0,0.0,0,0,0,1,1
19610,-1,0,2.183326,0.8987422,1,1,unassigned,9.0,9.0,0.0,1.0,0.0,0.0,0.013539651,0.0,0,0,0,1,0
19611,-1,0,-0.049682856,0.48758185,0,1,unassigned,3.0,3.0,0.0,1.0,0.0,0.0,0.001934236,0.0,0,0,0,0,0
19612,-1,0,0.1478247,0.536889,1,1,unassigned,14.0,13.0,1.0,0.9285714,0.071428575,0.0714286,0.023210831,0.0016579166,0,0,0,1,0
19613,-1,1,0.89546233,0.7100161,1,1,unassigned,16.0,15.0,1.0,0.9375,0.0625,0.0625,0.027079303,0.0016924564,1,0,0,1,0
19614,-1,1,1.8603141,0.8653336,1,1,unassigned,16.0,13.0,3.0,0.8125,0.1875,0.1875,0.027079303,0.0050773695,1,0,0,1,0
19615,-1,1,-0.23500896,0.44151664,0,1,unassigned,2.0,2.0,0.0,1.0,0.0,0.0,0.0,0.0,1,0,0,0,0
19616,-1,0,1.8059704,0.85887414,1,1,unassigned,7.0,7.0,0.0,1.0,0.0,0.0,0.00967118,0.0,0,0,0,1,0
19617,-1,1,0.28599393,0.5710151,1,1,unassigned,30.0,30.0,0.0,1.0,0.0,0.0,0.054158606,0.0,1,0,0,1,0
19618,-1,1,0.14970976,0.5373577,1,1,unassigned,17.0,15.0,2.0,0.88235295,0.11764706,0.11764705,0.029013539,0.0034133575,1,0,0,1,0
19619,-1,0,7.8345475,0.9996044,1,1,unassigned,2.0,2.0,0.0,1.0,0.0,0.0,0.0,0.0,0,0,0,1,1
19620,-1,0,3.8746178,0.97966,1,1,unassigned,6.0,6.0,0.0,1.0,0.0,0.0,0.007736944,0.0,0,0,0,1,1
19621,-1,0,6.9058013,0.99899906,1,1,unassigned,5.0,5.0,0.0,1.0,0.0,0.0,0.0058027077,0.0,0,0,0,1,1
19622,-1,0,7.9364896,0.9996426,1,1,unassigned,4.0,4.0,0.0,1.0,0.0,0.0,0.003868472,0.0,0,0,0,1,1
19623,-1,0,7.446505,0.9994168,1,1,unassigned,2.0,2.0,0.0,1.0,0.0,0.0,0.0,0.0,0,0,0,1,1
19624,-1,0,0.6318899,0.65291786,1,1,unassigned,6.0,5.0,1.0,0.8333333,0.16666667,0.16666669,0.007736944,0.0012894907,0,0,0,1,0
19625,-1,0,3.8358972,0.9788739,1,1,unassigned,4.0,4.0,0.0,1.0,0.0,0.0,0.003868472,0.0,0,0,0,1,1
19626,-1,0,7.077613,0.99915695,1,1,unassigned,23.0,22.0,1.0,0.95652175,0.04347826,0.04347825,0.040618956,0.0017660416,0,0,0,1,1
19627,-1,0,6.7510796,0.9988318,1,1,unassigned,4.0,4.0,0.0,1.0,0.0,0.0,0.003868472,0.0,0,0,0,1,1
19628,-1,0,-0.43860942,0.39207238,0,1,unassigned,17.0,17.0,0.0,1.0,0.0,0.0,0.029013539,0.0,0,0,0,0,0
19629,-1,0,7.388631,0.99938214,1,1,unassigned,4.0,4.0,0.0,1.0,0.0,0.0,0.003868472,0.0,0,0,0,1,1
19630,-1,0,7.8345475,0.9996044,1,1,unassigned,2.0,2.0,0.0,1.0,0.0,0.0,0.0,0.0,0,0,0,1,1
19631,-1,0,8.3604355,0.9997662,1,1,unassigned,2.0,2.0,0.0,1.0,0.0,0.0,0.0,0.0,0,0,0,1,1
19632,-1,0,7.8345475,0.9996044,1,1,unassigned,2.0,2.0,0.0,1.0,0.0,0.0,0.0,0.0,0,0,0,1,1
19633,-1,1,6.7110906,0.9987841,1,1,unassigned,13.0,11.0,2.0,0.84615386,0.15384616,0.15384614,0.021276595,0.0032733225,1,0,0,1,1
19634,-1,1,0.05741656,0.5143502,1,1,unassigned,5.0,5.0,0.0,1.0,0.0,0.0,0.0058027077,0.0,1,0,0,1,0
19635,-1,1,3.088249,0.9564054,1,1,unassigned,5.0,5.0,0.0,1.0,0.0,0.0,0.0058027077,0.0,1,0,0,1,1
19636,-1,0,1.4941995,0.8167078,1,1,unassigned,102.0,101.0,1.0,0.99019605,0.009803922,0.009803951,0.1934236,0.0018963099,0,0,0,1,0
19637,-1,1,-0.46523738,0.38574412,0,1,unassigned,2.0,2.0,0.0,1.0,0.0,0.0,0.0,0.0,1,0,0,0,0
19638,-1,1,2.1502964,0.8956965,1,1,unassigned,5.0,5.0,0.0,1.0,0.0,0.0,0.0058027077,0.0,1,0,0,1,0
19639,-1,1,-0.3549689,0.41217795,0,1,unassigned,2.0,2.0,0.0,1.0,0.0,0.0,0.0,0.0,1,0,0,0,0
19640,-1,1,0.9862729,0.7283511,1,1,unassigned,3.0,3.0,0.0,1.0,0.0,0.0,0.001934236,0.0,1,0,0,1,0
19641,-1,0,0.3725345,0.5920713,1,1,unassigned,5.0,5.0,0.0,1.0,0.0,0.0,0.0058027077,0.0,0,0,0,1,0
19642,-1,1,-0.94122976,0.280652,0,1,unassigned,39.0,38.0,1.0,0.974359,0.025641026,0.025641024,0.07156673,0.0018350444,1,0,0,0,0
19643,-1,0,1.7653544,0.853879,1,1,unassigned,6.0,6.0,0.0,1.0,0.0,0.0,0.007736944,0.0,0,0,0,1,0
19644,0,0,0.37975127,0.5938131,1,1,test,25.0,20.0,5.0,0.8,0.2,0.19999999,0.044487428,0.008897486,0,0,0,1,0
19645,1,0,-1.0200104,0.26502538,0,1,val,4.0,4.0,0.0,1.0,0.0,0.0,0.003868472,0.0,0,0,0,0,0
19646,-1,0,4.409014,0.98797905,1,1,unassigned,2.0,2.0,0.0,1.0,0.0,0.0,0.0,0.0,0,0,0,1,1
19647,-1,0,1.6986234,0.8453548,1,1,unassigned,5.0,4.0,1.0,0.8,0.2,0.19999999,0.0058027077,0.0011605415,0,0,0,1,0
19648,-1,1,0.8730667,0.7053834,1,1,unassigned,12.0,9.0,3.0,0.75,0.25,0.25,0.01934236,0.00483559,1,0,0,1,0
19649,-1,0,1.350601,0.7942279,1,1,unassigned,5.0,5.0,0.0,1.0,0.0,0.0,0.0058027077,0.0,0,0,0,1,0
19650,-1,0,2.9384916,0.94971675,1,1,unassigned,19.0,14.0,5.0,0.7368421,0.2631579,0.2631579,0.032882012,0.008653161,0,0,0,1,1
19651,-1,0,1.2841694,0.78315866,1,1,unassigned,22.0,20.0,2.0,0.90909094,0.09090909,0.090909064,0.03868472,0.0035167928,0,0,0,1,0
19652,-1,0,2.5536082,0.92781556,1,1,unassigned,8.0,8.0,0.0,1.0,0.0,0.0,0.0116054155,0.0,0,0,0,1,1
19653,1,0,-0.5704012,0.36114424,0,1,test,29.0,28.0,1.0,0.9655172,0.03448276,0.034482777,0.05222437,0.0018008404,0,0,0,0,0
19654,0,0,-0.8762519,0.2939551,0,0,val,2.0,2.0,0.0,1.0,0.0,0.0,0.0,0.0,0,0,1,0,0
19655,-1,0,2.5922792,0.930363,1,1,unassigned,4.0,4.0,0.0,1.0,0.0,0.0,0.003868472,0.0,0,0,0,1,1
19656,-1,0,2.321671,0.91065603,1,1,unassigned,13.0,12.0,1.0,0.9230769,0.07692308,0.07692307,0.021276595,0.0016366612,0,0,0,1,1
19657,-1,0,-0.19672275,0.45097736,0,1,unassigned,39.0,39.0,0.0,1.0,0.0,0.0,0.07156673,0.0,0,0,0,0,0
19658,-1,0,5.6704063,0.9965654,1,1,unassigned,2.0,2.0,0.0,1.0,0.0,0.0,0.0,0.0,0,0,0,1,1
19659,-1,0,-0.37298304,0.4078204,0,1,unassigned,12.0,12.0,0.0,1.0,0.0,0.0,0.01934236,0.0,0,0,0,0,0
19660,-1,0,4.4281993,0.98820484,1,1,unassigned,2.0,2.0,0.0,1.0,0.0,0.0,0.0,0.0,0,0,0,1,1
19661,0,0,-0.49374938,0.37901074,0,0,test,8.0,8.0,0.0,1.0,0.0,0.0,0.0116054155,0.0,0,0,1,0,0
19662,-1,0,1.6994722,0.8454657,1,1,unassigned,2.0,2.0,0.0,1.0,0.0,0.0,0.0,0.0,0,0,0,1,0
19663,-1,1,4.328639,0.9869861,1,1,unassigned,2.0,1.0,1.0,0.5,0.5,0.5,0.0,0.0,1,0,0,1,1
19664,-1,0,-0.31235212,0.42254072,0,1,unassigned,80.0,80.0,0.0,1.0,0.0,0.0,0.15087041,0.0,0,0,0,0,0
19665,1,0,4.3950605,0.9878122,1,0,unassigned,2.0,1.0,1.0,0.5,0.5,0.5,0.0,0.0,0,0,1,1,1
19666,-1,0,-0.94484884,0.27992195,0,1,unassigned,19.0,18.0,1.0,0.94736844,0.05263158,0.052631557,0.032882012,0.0017306323,0,0,0,0,0
19667,-1,0,4.2716126,0.9862329,1,1,unassigned,5.0,5.0,0.0,1.0,0.0,0.0,0.0058027077,0.0,0,0,0,1,1
19668,1,0,-0.14515543,0.46377474,0,1,unassigned,3.0,3.0,0.0,1.0,0.0,0.0,0.001934236,0.0,0,0,0,0,0
19669,-1,1,4.684134,0.9908439,1,1,unassigned,6.0,6.0,0.0,1.0,0.0,0.0,0.007736944,0.0,1,0,0,1,1
19670,-1,0,1.432308,0.80726063,1,1,unassigned,9.0,9.0,0.0,1.0,0.0,0.0,0.013539651,0.0,0,0,0,1,0
19671,-1,1,13.078247,0.99999785,1,1,unassigned,33.0,23.0,10.0,0.6969697,0.3030303,0.3030303,0.059961315,0.018170096,1,0,0,1,1
19672,-1,0,3.7358634,0.9767031,1,1,unassigned,5.0,3.0,2.0,0.6,0.4,0.39999998,0.0058027077,0.002321083,0,0,0,1,1
19673,-1,1,2.4042873,0.9171536,1,1,unassigned,2.0,2.0,0.0,1.0,0.0,0.0,0.0,0.0,1,0,0,1,1
19674,-1,1,-0.378754,0.40642747,0,1,unassigned,29.0,28.0,1.0,0.9655172,0.03448276,0.034482777,0.05222437,0.0018008404,1,0,0,0,0
19675,-1,0,-0.010863423,0.49728417,0,1,unassigned,21.0,18.0,3.0,0.85714287,0.14285715,0.14285713,0.036750484,0.0052500693,0,0,0,0,0
19676,-1,0,2.7028697,0.9371958,1,1,unassigned,13.0,13.0,0.0,1.0,0.0,0.0,0.021276595,0.0,0,0,0,1,1
19677,1,1,-0.27951834,0.43057188,0,1,test,18.0,17.0,1.0,0.9444444,0.055555556,0.055555582,0.030947777,0.0017193209,1,0,0,0,0
19678,-1,1,0.5072647,0.624165,1,1,unassigned,17.0,16.0,1.0,0.9411765,0.05882353,0.058823526,0.029013539,0.0017066788,1,0,0,1,0
19679,-1,0,1.804735,0.8587243,1,1,unassigned,2.0,2.0,0.0,1.0,0.0,0.0,0.0,0.0,0,0,0,1,0
19680,-1,0,-0.13430774,0.46647346,0,1,unassigned,8.0,8.0,0.0,1.0,0.0,0.0,0.0116054155,0.0,0,0,0,0,0
19681,-1,0,1.3371704,0.7920242,1,1,unassigned,71.0,71.0,0.0,1.0,0.0,0.0,0.13346228,0.0,0,0,0,1,0
19682,-1,1,-0.83282036,0.30304906,0,1,unassigned,179.0,172.0,7.0,0.96089387,0.039106146,0.03910613,0.34235978,0.013388371,1,0,0,0,0
19683,-1,0,0.43405157,0.6068407,1,1,unassigned,7.0,7.0,0.0,1.0,0.0,0.0,0.00967118,0.0,0,0,0,1,0
19684,1,1,3.5249565,0.97138965,1,0,test,7.0,5.0,2.0,0.71428573,0.2857143,0.28571427,0.00967118,0.0027631943,1,0,1,1,1
19685,-1,0,1.2606201,0.77913284,1,1,unassigned,2.0,2.0,0.0,1.0,0.0,0.0,0.0,0.0,0,0,0,1,0
19686,-1,0,-0.96163416,0.27655113,0,1,unassigned,3.0,3.0,0.0,1.0,0.0,0.0,0.001934236,0.0,0,0,0,0,0
19687,-1,0,0.18471605,0.54604816,1,1,unassigned,19.0,19.0,0.0,1.0,0.0,0.0,0.032882012,0.0,0,0,0,1,0
19688,-1,0,0.15059894,0.5375787,1,1,unassigned,51.0,49.0,2.0,0.9607843,0.039215688,0.039215684,0.09477756,0.0037167673,0,0,0,1,0
19689,0,0,0.0718081,0.5179443,1,1,test,12.0,12.0,0.0,1.0,0.0,0.0,0.01934236,0.0,0,0,0,1,0
19690,-1,0,7.8345475,0.9996044,1,1,unassigned,2.0,2.0,0.0,1.0,0.0,0.0,0.0,0.0,0,0,0,1,1
19691,1,0,-0.6169099,0.35048455,0,1,unassigned,6.0,6.0,0.0,1.0,0.0,0.0,0.007736944,0.0,0,0,0,0,0
19692,-1,0,5.6389356,0.99645597,1,1,unassigned,6.0,4.0,2.0,0.6666667,0.33333334,0.3333333,0.007736944,0.0025789815,0,0,0,1,1
19693,-1,0,0.95409995,0.72193897,1,1,unassigned,2.0,2.0,0.0,1.0,0.0,0.0,0.0,0.0,0,0,0,1,0
19694,-1,0,8.3604355,0.9997662,1,1,unassigned,2.0,2.0,0.0,1.0,0.0,0.0,0.0,0.0,0,0,0,1,1
19695,-1,0,11.991894,0.9999938,1,1,unassigned,3.0,3.0,0.0,1.0,0.0,0.0,0.001934236,0.0,0,0,0,1,1
19696,-1,0,7.8345475,0.9996044,1,1,unassigned,2.0,2.0,0.0,1.0,0.0,0.0,0.0,0.0,0,0,0,1,1
19697,-1,0,6.3359084,0.9982316,1,1,unassigned,3.0,3.0,0.0,1.0,0.0,0.0,0.001934236,0.0,0,0,0,1,1
19698,-1,0,3.6801155,0.9754004,1,1,unassigned,4.0,4.0,0.0,1.0,0.0,0.0,0.003868472,0.0,0,0,0,1,1
19699,-1,0,7.8345475,0.9996044,1,1,unassigned,2.0,2.0,0.0,1.0,0.0,0.0,0.0,0.0,0,0,0,1,1
19700,-1,1,4.604875,0.9900961,1,1,unassigned,19.0,15.0,4.0,0.7894737,0.21052632,0.21052629,0.032882012,0.006922529,1,0,0,1,1
19701,-1,1,-0.13978618,0.46511027,0,1,unassigned,12.0,12.0,0.0,1.0,0.0,0.0,0.01934236,0.0,1,0,0,0,0
19702,-1,0,4.3795667,0.9876243,1,1,unassigned,3.0,3.0,0.0,1.0,0.0,0.0,0.001934236,0.0,0,0,0,1,1
19703,-1,0,-0.5515792,0.3654981,0,1,unassigned,6.0,6.0,0.0,1.0,0.0,0.0,0.007736944,0.0,0,0,0,0,0
19704,-1,0,0.28620058,0.5710657,1,1,unassigned,8.0,8.0,0.0,1.0,0.0,0.0,0.0116054155,0.0,0,0,0,1,0
19705,-1,0,-0.052508533,0.48687586,0,1,unassigned,18.0,16.0,2.0,0.8888889,0.11111111,0.111111104,0.030947777,0.0034386418,0,0,0,0,0
19706,-1,0,-0.572197,0.36073002,0,1,unassigned,10.0,10.0,0.0,1.0,0.0,0.0,0.015473888,0.0,0,0,0,0,0
19707,0,0,-0.13175681,0.46710834,0,0,val,7.0,7.0,0.0,1.0,0.0,0.0,0.00967118,0.0,0,0,1,0,0
19708,-1,0,0.37253183,0.59207064,1,1,unassigned,8.0,8.0,0.0,1.0,0.0,0.0,0.0116054155,0.0,0,0,0,1,0
19709,-1,0,-0.75406855,0.31993544,0,1,unassigned,28.0,26.0,2.0,0.9285714,0.071428575,0.0714286,0.050290134,0.0035921526,0,0,0,0,0
19710,-1,0,-0.92648345,0.2836387,0,1,unassigned,21.0,21.0,0.0,1.0,0.0,0.0,0.036750484,0.0,0,0,0,0,0
19711,-1,0,-0.82104135,0.30554265,0,1,unassigned,10.0,10.0,0.0,1.0,0.0,0.0,0.015473888,0.0,0,0,0,0,0
19712,-1,0,-0.3654464,0.40964177,0,1,unassigned,8.0,7.0,1.0,0.875,0.125,0.125,0.0116054155,0.0014506769,0,0,0,0,0
19713,-1,0,-0.2125209,0.4470688,0,1,unassigned,14.0,14.0,0.0,1.0,0.0,0.0,0.023210831,0.0,0,0,0,0,0
19714,0,0,-0.24938217,0.43797562,0,0,unassigned,35.0,35.0,0.0,1.0,0.0,0.0,0.06382979,0.0,0,0,1,0,0
19715,-1,0,-0.24858761,0.43817115,0,1,unassigned,23.0,23.0,0.0,1.0,0.0,0.0,0.040618956,0.0,0,0,0,0,0
19716,-1,0,2.961909,0.9508233,1,1,unassigned,25.0,25.0,0.0,1.0,0.0,0.0,0.044487428,0.0,0,0,0,1,1
19717,-1,0,-0.16431028,0.45901462,0,1,unassigned,46.0,46.0,0.0,1.0,0.0,0.0,0.08510638,0.0,0,0,0,0,0
19718,-1,1,1.42745,0.8065037,1,1,unassigned,25.0,24.0,1.0,0.96,0.04,0.04000002,0.044487428,0.001779497,1,0,0,1,0
19719,-1,0,0.061056912,0.5152595,1,1,unassigned,23.0,23.0,0.0,1.0,0.0,0.0,0.040618956,0.0,0,0,0,1,0
19720,-1,0,-0.38987148,0.40374824,0,1,unassigned,19.0,17.0,2.0,0.8947368,0.10526316,0.10526317,0.032882012,0.0034612645,0,0,0,0,0
19721,1,1,1.6808975,0.8430233,1,0,val,5.0,4.0,1.0,0.8,0.2,0.19999999,0.0058027077,0.0011605415,1,0,1,1,0
19722,-1,1,3.3872695,0.9673043,1,1,unassigned,17.0,17.0,0.0,1.0,0.0,0.0,0.029013539,0.0,1,0,0,1,1
19723,-1,0,0.04694748,0.5117347,1,1,unassigned,4.0,4.0,0.0,1.0,0.0,0.0,0.003868472,0.0,0,0,0,1,0
19724,-1,0,1.1112831,0.7523683,1,1,unassigned,2.0,2.0,0.0,1.0,0.0,0.0,0.0,0.0,0,0,0,1,0
19725,-1,0,0.030030191,0.50750697,1,1,unassigned,8.0,8.0,0.0,1.0,0.0,0.0,0.0116054155,0.0,0,0,0,1,0
19726,-1,0,-0.40008652,0.40129155,0,1,unassigned,70.0,69.0,1.0,0.98571426,0.014285714,0.014285743,0.13152805,0.0018789722,0,0,0,0,0
19727,-1,0,2.7001984,0.93703836,1,1,unassigned,5.0,5.0,0.0,1.0,0.0,0.0,0.0058027077,0.0,0,0,0,1,1
19728,-1,1,3.0450284,0.95456743,1,1,unassigned,4.0,4.0,0.0,1.0,0.0,0.0,0.003868472,0.0,1,0,0,1,1
19729,-1,0,-0.29938716,0.42570728,0,1,unassigned,3.0,3.0,0.0,1.0,0.0,0.0,0.001934236,0.0,0,0,0,0,0
19730,-1,0,-0.41534522,0.39763114,0,1,unassigned,40.0,36.0,4.0,0.9,0.1,0.100000024,0.07350097,0.007350097,0,0,0,0,0
19731,0,0,-0.6044017,0.35333732,0,0,unassigned,44.0,40.0,4.0,0.90909094,0.09090909,0.090909064,0.08123791,0.007385265,0,0,1,0,0
19732,0,1,-0.45887753,0.38725215,0,0,unassigned,37.0,32.0,5.0,0.8648649,0.13513513,0.13513511,0.06769826,0.009148413,1,0,1,0,0
19733,-1,0,0.55770975,0.63592243,1,1,unassigned,20.0,16.0,4.0,0.8,0.2,0.19999999,0.034816246,0.0069632493,0,0,0,1,0
19734,-1,0,-0.7576168,0.31916392,0,1,unassigned,25.0,25.0,0.0,1.0,0.0,0.0,0.044487428,0.0,0,0,0,0,0
19735,-1,0,-0.0026445389,0.4993389,0,1,unassigned,13.0,13.0,0.0,1.0,0.0,0.0,0.021276595,0.0,0,0,0,0,0
19736,-1,0,-0.5332249,0.36976504,0,1,unassigned,17.0,17.0,0.0,1.0,0.0,0.0,0.029013539,0.0,0,0,0,0,0
19737,-1,0,6.3218436,0.9982066,1,1,unassigned,4.0,4.0,0.0,1.0,0.0,0.0,0.003868472,0.0,0,0,0,1,1
19738,-1,0,-0.84774923,0.2999052,0,1,unassigned,8.0,8.0,0.0,1.0,0.0,0.0,0.0116054155,0.0,0,0,0,0,0
19739,-1,0,0.26950687,0.56697184,1,1,unassigned,3.0,3.0,0.0,1.0,0.0,0.0,0.001934236,0.0,0,0,0,1,0
19740,1,0,-0.5286292,0.37083668,0,1,val,6.0,6.0,0.0,1.0,0.0,0.0,0.007736944,0.0,0,0,0,0,0
19741,1,0,-0.08757764,0.47811958,0,1,test,16.0,16.0,0.0,1.0,0.0,0.0,0.027079303,0.0,0,0,0,0,0
19742,-1,0,0.267824,0.5665586,1,1,unassigned,23.0,23.0,0.0,1.0,0.0,0.0,0.040618956,0.0,0,0,0,1,0
19743,-1,0,1.7374513,0.8503631,1,1,unassigned,18.0,17.0,1.0,0.9444444,0.055555556,0.055555582,0.030947777,0.0017193209,0,0,0,1,0
19744,1,0,2.6334279,0.9329822,1,0,unassigned,19.0,18.0,1.0,0.94736844,0.05263158,0.052631557,0.032882012,0.0017306323,0,0,1,1,1
19745,1,0,-0.23714793,0.44098932,0,1,test,12.0,12.0,0.0,1.0,0.0,0.0,0.01934236,0.0,0,0,0,0,0
19746,-1,0,-0.6440767,0.34432557,0,1,unassigned,34.0,34.0,0.0,1.0,0.0,0.0,0.061895553,0.0,0,0,0,0,0
19747,-1,0,-0.22333315,0.44439763,0,1,unassigned,105.0,104.0,1.0,0.9904762,0.00952381,0.009523809,0.1992263,0.0018973935,0,0,0,0,0
19748,-1,0,-0.8926735,0.29055843,0,1,unassigned,41.0,41.0,0.0,1.0,0.0,0.0,0.07543521,0.0,0,0,0,0,0
19749,1,0,1.2353017,0.77474517,1,0,val,4.0,4.0,0.0,1.0,0.0,0.0,0.003868472,0.0,0,0,1,1,0
19750,-1,0,0.025251687,0.50631255,1,1,unassigned,12.0,12.0,0.0,1.0,0.0,0.0,0.01934236,0.0,0,0,0,1,0
19751,-1,0,0.019528568,0.504882,1,1,unassigned,19.0,19.0,0.0,1.0,0.0,0.0,0.032882012,0.0,0,0,0,1,0
19752,-1,0,0.45027596,0.61070484,1,1,unassigned,15.0,15.0,0.0,1.0,0.0,0.0,0.025145067,0.0,0,0,0,1,0
19753,-1,0,1.6753376,0.8422862,1,1,unassigned,9.0,9.0,0.0,1.0,0.0,0.0,0.013539651,0.0,0,0,0,1,0
19754,-1,0,0.08377522,0.5209316,1,1,unassigned,17.0,17.0,0.0,1.0,0.0,0.0,0.029013539,0.0,0,0,0,1,0
19755,-1,0,-0.116155356,0.47099376,0,1,unassigned,6.0,6.0,0.0,1.0,0.0,0.0,0.007736944,0.0,0,0,0,0,0
19756,-1,0,-0.25308442,0.43706447,0,1,unassigned,17.0,17.0,0.0,1.0,0.0,0.0,0.029013539,0.0,0,0,0,0,0
19757,-1,0,-0.5777469,0.35945117,0,1,unassigned,11.0,11.0,0.0,1.0,0.0,0.0,0.017408123,0.0,0,0,0,0,0
19758,0,0,-0.15077692,0.46237704,0,0,val,12.0,12.0,0.0,1.0,0.0,0.0,0.01934236,0.0,0,0,1,0,0
19759,-1,0,-0.5007773,0.377358,0,1,unassigned,10.0,10.0,0.0,1.0,0.0,0.0,0.015473888,0.0,0,0,0,0,0
19760,-1,1,4.8551803,0.99227226,1,1,unassigned,3.0,2.0,1.0,0.6666667,0.33333334,0.3333333,0.001934236,0.00064474536,1,0,0,1,1
19761,-1,1,-0.32582968,0.41925564,0,1,unassigned,41.0,41.0,0.0,1.0,0.0,0.0,0.07543521,0.0,1,0,0,0,0
19762,-1,0,-0.67165107,0.33812723,0,1,unassigned,5.0,5.0,0.0,1.0,0.0,0.0,0.0058027077,0.0,0,0,0,0,0
19763,-1,1,-0.5917119,0.35624215,0,1,unassigned,4.0,3.0,1.0,0.75,0.25,0.25,0.003868472,0.000967118,1,0,0,0,0
19764,-1,0,1.3651462,0.79659486,1,1,unassigned,2.0,2.0,0.0,1.0,0.0,0.0,0.0,0.0,0,0,0,1,0
19765,-1,0,3.2749174,0.96355826,1,1,unassigned,4.0,4.0,0.0,1.0,0.0,0.0,0.003868472,0.0,0,0,0,1,1
19766,-1,0,4.957068,0.99301565,1,1,unassigned,4.0,2.0,2.0,0.5,0.5,0.5,0.003868472,0.001934236,0,0,0,1,1
19767,0,0,-0.1563595,0.46098956,0,0,unassigned,4.0,4.0,0.0,1.0,0.0,0.0,0.003868472,0.0,0,0,1,0,0
19768,-1,0,-0.20362374,0.44926924,0,1,unassigned,9.0,8.0,1.0,0.8888889,0.11111111,0.111111104,0.013539651,0.0015044058,0,0,0,0,0
19769,-1,0,-0.7855625,0.31312227,0,1,unassigned,36.0,36.0,0.0,1.0,0.0,0.0,0.065764025,0.0,0,0,0,0,0
19770,0,0,-0.86265814,0.29678428,0,0,unassigned,91.0,91.0,0.0,1.0,0.0,0.0,0.172147,0.0,0,0,1,0,0
19771,-1,0,-0.7254976,0.32618353,0,1,unassigned,32.0,32.0,0.0,1.0,0.0,0.0,0.058027077,0.0,0,0,0,0,0
19772,-1,1,2.4292357,0.9190297,1,1,unassigned,3.0,3.0,0.0,1.0,0.0,0.0,0.001934236,0.0,1,0,0,1,1
19773,-1,0,-0.0048695207,0.49878263,0,1,unassigned,15.0,14.0,1.0,0.93333334,0.06666667,0.06666666,0.025145067,0.0016763379,0,0,0,0,0
19774,-1,0,-0.013506889,0.49662334,0,1,unassigned,4.0,3.0,1.0,0.75,0.25,0.25,0.003868472,0.000967118,0,0,0,0,0
19775,-1,0,3.3146043,0.9649264,1,1,unassigned,5.0,5.0,0.0,1.0,0.0,0.0,0.0058027077,0.0,0,0,0,1,1
19776,-1,0,-0.30424136,0.424521,0,1,unassigned,14.0,14.0,0.0,1.0,0.0,0.0,0.023210831,0.0,0,0,0,0,0
19777,-1,0,1.79297,0.85729104,1,1,unassigned,10.0,8.0,2.0,0.8,0.2,0.19999999,0.015473888,0.0030947777,0,0,0,1,0
19778,-1,0,-0.7622431,0.31815946,0,1,unassigned,10.0,10.0,0.0,1.0,0.0,0.0,0.015473888,0.0,0,0,0,0,0
19779,-1,0,-0.49948812,0.377661,0,1,unassigned,12.0,12.0,0.0,1.0,0.0,0.0,0.01934236,0.0,0,0,0,0,0
19780,-1,0,-0.6627242,0.34012794,0,1,unassigned,38.0,38.0,0.0,1.0,0.0,0.0,0.06963249,0.0,0,0,0,0,0
19781,-1,0,9.910111,0.9999503,1,1,unassigned,3.0,1.0,2.0,0.33333334,0.6666667,0.6666666,0.001934236,0.0012894907,0,0,0,1,1
19782,-1,0,-0.029860854,0.49253535,0,1,unassigned,4.0,4.0,0.0,1.0,0.0,0.0,0.003868472,0.0,0,0,0,0,0
19783,-1,0,1.8728397,0.8667865,1,1,unassigned,2.0,2.0,0.0,1.0,0.0,0.0,0.0,0.0,0,0,0,1,0
19784,0,1,-0.67121804,0.33822414,0,0,unassigned,9.0,7.0,2.0,0.7777778,0.22222222,0.22222221,0.013539651,0.0030088115,1,0,1,0,0
19785,-1,1,-0.45019156,0.38931522,0,1,unassigned,16.0,16.0,0.0,1.0,0.0,0.0,0.027079303,0.0,1,0,0,0,0
19786,-1,0,-0.12334657,0.4692024,0,1,unassigned,7.0,6.0,1.0,0.85714287,0.14285715,0.14285713,0.00967118,0.0013815971,0,0,0,0,0
19787,-1,1,2.9429862,0.9499309,1,1,unassigned,3.0,2.0,1.0,0.6666667,0.33333334,0.3333333,0.001934236,0.00064474536,1,0,0,1,1
19788,-1,1,7.233682,0.9992787,1,1,unassigned,7.0,6.0,1.0,0.85714287,0.14285715,0.14285713,0.00967118,0.0013815971,1,0,0,1,1
19789,1,0,0.9513176,0.7213801,1,0,test,9.0,9.0,0.0,1.0,0.0,0.0,0.013539651,0.0,0,0,1,1,0
19790,-1,0,0.2925231,0.5726137,1,1,unassigned,12.0,12.0,0.0,1.0,0.0,0.0,0.01934236,0.0,0,0,0,1,0
19791,-1,0,-0.9059758,0.287824,0,1,unassigned,29.0,28.0,1.0,0.9655172,0.03448276,0.034482777,0.05222437,0.0018008404,0,0,0,0,0
19792,1,0,3.1121087,0.9573894,1,0,test,6.0,6.0,0.0,1.0,0.0,0.0,0.007736944,0.0,0,0,1,1,1
19793,-1,1,2.0349333,0.8844164,1,1,unassigned,11.0,9.0,2.0,0.8181818,0.18181819,0.18181819,0.017408123,0.0031651135,1,0,0,1,0
19794,-1,0,23.507084,1.0,1,1,unassigned,92.0,91.0,1.0,0.98913044,0.010869565,0.010869563,0.17408124,0.0018921874,0,0,0,1,1
19795,-1,0,8.112492,0.9997003,1,1,unassigned,6.0,6.0,0.0,1.0,0.0,0.0,0.007736944,0.0,0,0,0,1,1
19796,-1,0,0.96857935,0.72483623,1,1,unassigned,6.0,6.0,0.0,1.0,0.0,0.0,0.007736944,0.0,0,0,0,1,0
19797,-1,0,0.8521612,0.7010203,1,1,unassigned,2.0,2.0,0.0,1.0,0.0,0.0,0.0,0.0,0,0,0,1,0
19798,-1,1,-0.2798892,0.43048093,0,1,unassigned,6.0,6.0,0.0,1.0,0.0,0.0,0.007736944,0.0,1,0,0,0,0
19799,-1,0,-0.6479064,0.34346145,0,1,unassigned,47.0,47.0,0.0,1.0,0.0,0.0,0.08704062,0.0,0,0,0,0,0
19800,-1,0,0.81814724,0.6938429,1,1,unassigned,22.0,20.0,2.0,0.90909094,0.09090909,0.090909064,0.03868472,0.0035167928,0,0,0,1,0
19801,1,0,-0.24377787,0.43935558,0,1,val,18.0,16.0,2.0,0.8888889,0.11111111,0.111111104,0.030947777,0.0034386418,0,0,0,0,0
19802,-1,1,0.0645529,0.5161326,1,1,unassigned,8.0,8.0,0.0,1.0,0.0,0.0,0.0116054155,0.0,1,0,0,1,0
19803,-1,0,0.08884913,0.52219766,1,1,unassigned,4.0,4.0,0.0,1.0,0.0,0.0,0.003868472,0.0,0,0,0,1,0
19804,-1,0,-0.37014014,0.40850717,0,1,unassigned,36.0,36.0,0.0,1.0,0.0,0.0,0.065764025,0.0,0,0,0,0,0
19805,-1,0,0.43916208,0.60805935,1,1,unassigned,20.0,20.0,0.0,1.0,0.0,0.0,0.034816246,0.0,0,0,0,1,0
19806,-1,1,-0.4439382,0.39080298,0,1,unassigned,2.0,2.0,0.0,1.0,0.0,0.0,0.0,0.0,1,0,0,0,0
19807,-1,1,1.3123233,0.7879017,1,1,unassigned,20.0,19.0,1.0,0.95,0.05,0.050000012,0.034816246,0.0017408123,1,0,0,1,0
19808,-1,1,4.198576,0.98520523,1,1,unassigned,7.0,6.0,1.0,0.85714287,0.14285715,0.14285713,0.00967118,0.0013815971,1,0,0,1,1
19809,-1,1,-0.7711414,0.31623223,0,1,unassigned,15.0,7.0,8.0,0.46666667,0.53333336,0.5333333,0.025145067,0.013410703,1,0,0,0,0
19810,-1,0,-0.6993562,0.331955,0,1,unassigned,15.0,14.0,1.0,0.93333334,0.06666667,0.06666666,0.025145067,0.0016763379,0,0,0,0,0
19811,1,0,-0.34958327,0.4134835,0,1,val,12.0,5.0,7.0,0.41666666,0.5833333,0.5833334,0.01934236,0.011283043,0,0,0,0,0
19812,1,0,4.7003484,0.9909898,1,0,test,2.0,2.0,0.0,1.0,0.0,0.0,0.0,0.0,0,0,1,1,1
19813,-1,0,-0.81205213,0.3074534,0,1,unassigned,16.0,16.0,0.0,1.0,0.0,0.0,0.027079303,0.0,0,0,0,0,0
19814,-1,0,0.064183295,0.5160403,1,1,unassigned,6.0,6.0,0.0,1.0,0.0,0.0,0.007736944,0.0,0,0,0,1,0
19815,-1,0,3.3279245,0.96537447,1,1,unassigned,10.0,9.0,1.0,0.9,0.1,0.100000024,0.015473888,0.0015473888,0,0,0,1,1
19816,1,0,-0.4022931,0.40076151,0,1,unassigned,13.0,13.0,0.0,1.0,0.0,0.0,0.021276595,0.0,0,0,0,0,0
19817,0,0,-0.47608823,0.38317627,0,0,train,33.0,33.0,0.0,1.0,0.0,0.0,0.059961315,0.0,0,0,1,0,0
19818,-1,0,2.7918358,0.94223297,1,1,unassigned,3.0,2.0,1.0,0.6666667,0.33333334,0.3333333,0.001934236,0.00064474536,0,0,0,1,1
19819,-1,1,0.3678059,0.5909287,1,1,unassigned,2.0,2.0,0.0,1.0,0.0,0.0,0.0,0.0,1,0,0,1,0
19820,-1,0,-0.82458425,0.3047914,0,1,unassigned,56.0,55.0,1.0,0.98214287,0.017857144,0.017857134,0.10444874,0.0018651562,0,0,0,0,0
19821,-1,0,-0.9496738,0.27895042,0,1,unassigned,8.0,8.0,0.0,1.0,0.0,0.0,0.0116054155,0.0,0,0,0,0,0
19822,-1,1,1.7469003,0.8515614,1,1,unassigned,5.0,5.0,0.0,1.0,0.0,0.0,0.0058027077,0.0,1,0,0,1,0
19823,-1,0,5.71456,0.9967133,1,1,unassigned,64.0,56.0,8.0,0.875,0.125,0.125,0.11992263,0.014990329,0,0,0,1,1
19824,-1,0,2.038665,0.8847973,1,1,unassigned,8.0,8.0,0.0,1.0,0.0,0.0,0.0116054155,0.0,0,0,0,1,0
19825,-1,0,-0.5272353,0.3711619,0,1,unassigned,24.0,24.0,0.0,1.0,0.0,0.0,0.04255319,0.0,0,0,0,0,0
19826,-1,0,0.056958497,0.5142358,1,1,unassigned,16.0,16.0,0.0,1.0,0.0,0.0,0.027079303,0.0,0,0,0,1,0
19827,-1,1,2.033202,0.88423926,1,1,unassigned,7.0,7.0,0.0,1.0,0.0,0.0,0.00967118,0.0,1,0,0,1,0
19828,-1,1,-0.3225457,0.42005545,0,1,unassigned,10.0,10.0,0.0,1.0,0.0,0.0,0.015473888,0.0,1,0,0,0,0
19829,-1,0,-0.5425492,0.36759475,0,1,unassigned,24.0,24.0,0.0,1.0,0.0,0.0,0.04255319,0.0,0,0,0,0,0
19830,-1,1,-0.6105852,0.3519257,0,1,unassigned,28.0,28.0,0.0,1.0,0.0,0.0,0.050290134,0.0,1,0,0,0,0
19831,-1,1,-0.6266245,0.3482763,0,1,unassigned,35.0,35.0,0.0,1.0,0.0,0.0,0.06382979,0.0,1,0,0,0,0
19832,-1,1,-0.6510156,0.3427607,0,1,unassigned,2.0,2.0,0.0,1.0,0.0,0.0,0.0,0.0,1,0,0,0,0
19833,-1,1,11.2736435,0.99998724,1,1,unassigned,49.0,33.0,16.0,0.67346936,0.3265306,0.32653064,0.09090909,0.029684601,1,0,0,1,1
19834,1,0,1.0702186,0.7446385,1,0,test,7.0,7.0,0.0,1.0,0.0,0.0,0.00967118,0.0,0,0,1,1,0
19835,-1,0,-0.14385617,0.46409786,0,1,unassigned,5.0,5.0,0.0,1.0,0.0,0.0,0.0058027077,0.0,0,0,0,0,0
19836,-1,0,9.455044,0.9999217,1,1,unassigned,11.0,11.0,0.0,1.0,0.0,0.0,0.017408123,0.0,0,0,0,1,1
19837,-1,0,3.6706717,0.9751727,1,1,unassigned,5.0,3.0,2.0,0.6,0.4,0.39999998,0.0058027077,0.002321083,0,0,0,1,1
19838,-1,0,1.9660919,0.8771907,1,1,unassigned,2.0,1.0,1.0,0.5,0.5,0.5,0.0,0.0,0,0,0,1,0
19839,-1,0,2.1749766,0.89797974,1,1,unassigned,3.0,3.0,0.0,1.0,0.0,0.0,0.001934236,0.0,0,0,0,1,0
19840,-1,0,0.36055082,0.5891738,1,1,unassigned,18.0,18.0,0.0,1.0,0.0,0.0,0.030947777,0.0,0,0,0,1,0
19841,-1,0,4.642888,0.990462,1,1,unassigned,3.0,3.0,0.0,1.0,0.0,0.0,0.001934236,0.0,0,0,0,1,1
19842,-1,0,-0.98296285,0.2723043,0,1,unassigned,35.0,35.0,0.0,1.0,0.0,0.0,0.06382979,0.0,0,0,0,0,0
19843,-1,0,-0.62039256,0.3496922,0,1,unassigned,31.0,31.0,0.0,1.0,0.0,0.0,0.056092843,0.0,0,0,0,0,0
19844,0,0,-0.4802073,0.3822032,0,0,val,12.0,12.0,0.0,1.0,0.0,0.0,0.01934236,0.0,0,0,1,0,0
19845,-1,1,-0.5051988,0.3763197,0,1,unassigned,5.0,4.0,1.0,0.8,0.2,0.19999999,0.0058027077,0.0011605415,1,0,0,0,0
19846,-1,1,-0.5892468,0.35680768,0,1,unassigned,13.0,13.0,0.0,1.0,0.0,0.0,0.021276595,0.0,1,0,0,0,0
19847,-1,0,-0.9237501,0.28419438,0,1,unassigned,14.0,9.0,5.0,0.64285713,0.35714287,0.35714287,0.023210831,0.008289583,0,0,0,0,0
19848,-1,0,4.874794,0.9924212,1,1,unassigned,2.0,1.0,1.0,0.5,0.5,0.5,0.0,0.0,0,0,0,1,1
19849,-1,0,-0.09819412,0.47547114,0,1,unassigned,3.0,3.0,0.0,1.0,0.0,0.0,0.001934236,0.0,0,0,0,0,0
19850,-1,0,-0.49132228,0.3795821,0,1,unassigned,24.0,24.0,0.0,1.0,0.0,0.0,0.04255319,0.0,0,0,0,0,0
19851,-1,0,-0.111296326,0.47220466,0,1,unassigned,2.0,2.0,0.0,1.0,0.0,0.0,0.0,0.0,0,0,0,0,0
19852,-1,0,-0.5815038,0.35858664,0,1,unassigned,33.0,32.0,1.0,0.969697,0.030303031,0.030303001,0.059961315,0.0018170096,0,0,0,0,0
19853,-1,0,-0.5568775,0.36427027,0,1,unassigned,7.0,7.0,0.0,1.0,0.0,0.0,0.00967118,0.0,0,0,0,0,0
19854,-1,0,-0.11451948,0.47140136,0,1,unassigned,4.0,4.0,0.0,1.0,0.0,0.0,0.003868472,0.0,0,0,0,0,0
19855,-1,0,-0.3086266,0.42345005,0,1,unassigned,6.0,6.0,0.0,1.0,0.0,0.0,0.007736944,0.0,0,0,0,0,0
19856,-1,0,1.2205265,0.77215624,1,1,unassigned,5.0,3.0,2.0,0.6,0.4,0.39999998,0.0058027077,0.002321083,0,0,0,1,0
19857,-1,1,-0.5408916,0.36798018,0,1,unassigned,42.0,39.0,3.0,0.9285714,0.071428575,0.0714286,0.07736944,0.0055263885,1,0,0,0,0
19858,-1,0,6.6139855,0.9986603,1,1,unassigned,6.0,5.0,1.0,0.8333333,0.16666667,0.16666669,0.007736944,0.0012894907,0,0,0,1,1
19859,-1,1,-0.9074851,0.28751472,0,1,unassigned,41.0,41.0,0.0,1.0,0.0,0.0,0.07543521,0.0,1,0,0,0,0
19860,1,1,0.58920294,0.6431823,1,0,unassigned,4.0,4.0,0.0,1.0,0.0,0.0,0.003868472,0.0,1,0,1,1,0
19861,-1,1,-0.05843824,0.48539454,0,1,unassigned,20.0,18.0,2.0,0.9,0.1,0.100000024,0.034816246,0.0034816246,1,0,0,0,0
19862,-1,0,-0.066642225,0.4833456,0,1,unassigned,16.0,16.0,0.0,1.0,0.0,0.0,0.027079303,0.0,0,0,0,0,0
19863,-1,1,0.13657552,0.5340909,1,1,unassigned,13.0,11.0,2.0,0.84615386,0.15384616,0.15384614,0.021276595,0.0032733225,1,0,0,1,0
19864,1,0,1.656534,0.8397722,1,0,unassigned,5.0,4.0,1.0,0.8,0.2,0.19999999,0.0058027077,0.0011605415,0,0,1,1,0
19865,-1,1,-0.2421779,0.43974975,0,1,unassigned,16.0,16.0,0.0,1.0,0.0,0.0,0.027079303,0.0,1,0,0,0,0
19866,-1,0,0.6599657,0.6592527,1,1,unassigned,9.0,9.0,0.0,1.0,0.0,0.0,0.013539651,0.0,0,0,0,1,0
19867,-1,0,18.316574,1.0,1,1,unassigned,7.0,4.0,3.0,0.5714286,0.42857143,0.4285714,0.00967118,0.0041447915,0,0,0,1,1
19868,-1,0,0.07903844,0.51974934,1,1,unassigned,17.0,17.0,0.0,1.0,0.0,0.0,0.029013539,0.0,0,0,0,1,0
19869,-1,0,0.11307365,0.5282383,1,1,unassigned,13.0,13.0,0.0,1.0,0.0,0.0,0.021276595,0.0,0,0,0,1,0
19870,0,0,-0.8340363,0.30279228,0,0,unassigned,2.0,2.0,0.0,1.0,0.0,0.0,0.0,0.0,0,0,1,0,0
19871,-1,0,-0.6149955,0.3509205,0,1,unassigned,17.0,17.0,0.0,1.0,0.0,0.0,0.029013539,0.0,0,0,0,0,0
19872,-1,0,-0.31832126,0.42108494,0,1,unassigned,30.0,30.0,0.0,1.0,0.0,0.0,0.054158606,0.0,0,0,0,0,0
19873,-1,1,0.57534605,0.6399958,1,1,unassigned,10.0,10.0,0.0,1.0,0.0,0.0,0.015473888,0.0,1,0,0,1,0
19874,1,1,0.26373297,0.5655537,1,0,test,23.0,23.0,0.0,1.0,0.0,0.0,0.040618956,0.0,1,0,1,1,0
19875,-1,0,5.5031195,0.9959424,1,1,unassigned,2.0,2.0,0.0,1.0,0.0,0.0,0.0,0.0,0,0,0,1,1
19876,-1,0,-0.61469465,0.350989,0,1,unassigned,48.0,45.0,3.0,0.9375,0.0625,0.0625,0.088974856,0.0055609285,0,0,0,0,0
19877,1,0,0.47105008,0.6156323,1,0,test,16.0,16.0,0.0,1.0,0.0,0.0,0.027079303,0.0,0,0,1,1,0
19878,-1,0,13.134199,0.999998,1,1,unassigned,2.0,1.0,1.0,0.5,0.5,0.5,0.0,0.0,0,0,0,1,1
19879,-1,0,-0.30346948,0.42470953,0,1,unassigned,3.0,3.0,0.0,1.0,0.0,0.0,0.001934236,0.0,0,0,0,0,0
19880,0,0,-0.05866939,0.48533687,0,0,unassigned,15.0,15.0,0.0,1.0,0.0,0.0,0.025145067,0.0,0,0,1,0,0
19881,-1,0,0.02246505,0.50561607,1,1,unassigned,22.0,22.0,0.0,1.0,0.0,0.0,0.03868472,0.0,0,0,0,1,0
19882,-1,1,-0.00853014,0.49786747,0,1,unassigned,2.0,2.0,0.0,1.0,0.0,0.0,0.0,0.0,1,0,0,0,0
19883,-1,0,2.1043403,0.89132434,1,1,unassigned,34.0,32.0,2.0,0.9411765,0.05882353,0.058823526,0.061895553,0.0036409148,0,0,0,1,0
19884,-1,0,0.2365281,0.55885786,1,1,unassigned,6.0,4.0,2.0,0.6666667,0.33333334,0.3333333,0.007736944,0.0025789815,0,0,0,1,0
19885,-1,0,-0.7778982,0.31477305,0,1,unassigned,31.0,29.0,2.0,0.9354839,0.06451613,0.06451613,0.056092843,0.003618893,0,0,0,0,0
19886,-1,0,4.2699456,0.9862103,1,1,unassigned,48.0,48.0,0.0,1.0,0.0,0.0,0.088974856,0.0,0,0,0,1,1
19887,-1,0,1.3149374,0.7883382,1,1,unassigned,7.0,7.0,0.0,1.0,0.0,0.0,0.00967118,0.0,0,0,0,1,0
19888,-1,0,4.856458,0.9922821,1,1,unassigned,11.0,11.0,0.0,1.0,0.0,0.0,0.017408123,0.0,0,0,0,1,1
19889,-1,0,-0.31924462,0.42085984,0,1,unassigned,29.0,29.0,0.0,1.0,0.0,0.0,0.05222437,0.0,0,0,0,0,0
19890,-1,1,4.1793013,0.98492163,1,1,unassigned,4.0,4.0,0.0,1.0,0.0,0.0,0.003868472,0.0,1,0,0,1,1
19891,-1,0,0.062922776,0.5157255,1,1,unassigned,25.0,25.0,0.0,1.0,0.0,0.0,0.044487428,0.0,0,0,0,1,0
19892,-1,0,2.902026,0.9479465,1,1,unassigned,15.0,14.0,1.0,0.93333334,0.06666667,0.06666666,0.025145067,0.0016763379,0,0,0,1,1
19893,-1,0,-0.45746186,0.3875881,0,1,unassigned,13.0,13.0,0.0,1.0,0.0,0.0,0.021276595,0.0,0,0,0,0,0
19894,0,0,0.20834786,0.5518994,1,1,unassigned,2.0,2.0,0.0,1.0,0.0,0.0,0.0,0.0,0,0,0,1,0
19895,1,0,-0.22923303,0.44294137,0,1,test,25.0,24.0,1.0,0.96,0.04,0.04000002,0.044487428,0.001779497,0,0,0,0,0
19896,0,0,-0.42624015,0.3950245,0,0,unassigned,71.0,70.0,1.0,0.9859155,0.014084507,0.014084518,0.13346228,0.0018797504,0,0,1,0,0
19897,-1,0,0.24817789,0.56172794,1,1,unassigned,36.0,34.0,2.0,0.9444444,0.055555556,0.055555582,0.065764025,0.003653557,0,0,0,1,0
19898,-1,0,1.4685688,0.81283975,1,1,unassigned,5.0,5.0,0.0,1.0,0.0,0.0,0.0058027077,0.0,0,0,0,1,0
19899,-1,1,-0.8308529,0.30346477,0,1,unassigned,3.0,2.0,1.0,0.6666667,0.33333334,0.3333333,0.001934236,0.00064474536,1,0,0,0,0
19900,-1,1,0.108756125,0.5271623,1,1,unassigned,3.0,3.0,0.0,1.0,0.0,0.0,0.001934236,0.0,1,0,0,1,0
19901,-1,0,-0.114310026,0.47145355,0,1,unassigned,53.0,50.0,3.0,0.9433962,0.056603774,0.05660379,0.09864604,0.005583738,0,0,0,0,0
19902,-1,1,-0.25826833,0.4357894,0,1,unassigned,14.0,14.0,0.0,1.0,0.0,0.0,0.023210831,0.0,1,0,0,0,0
19903,1,0,4.663094,0.990651,1,0,unassigned,6.0,6.0,0.0,1.0,0.0,0.0,0.007736944,0.0,0,0,1,1,1
19904,-1,1,0.91299695,0.71361303,1,1,unassigned,2.0,1.0,1.0,0.5,0.5,0.5,0.0,0.0,1,0,0,1,0
19905,-1,1,8.701193,0.9998336,1,1,unassigned,2.0,2.0,0.0,1.0,0.0,0.0,0.0,0.0,1,0,0,1,1
19906,-1,0,-0.16718677,0.4583004,0,1,unassigned,14.0,14.0,0.0,1.0,0.0,0.0,0.023210831,0.0,0,0,0,0,0
19907,-1,0,-0.59676194,0.35508484,0,1,unassigned,54.0,48.0,6.0,0.8888889,0.11111111,0.111111104,0.10058027,0.011175585,0,0,0,0,0
19908,-1,0,-0.8092911,0.30804157,0,1,unassigned,29.0,29.0,0.0,1.0,0.0,0.0,0.05222437,0.0,0,0,0,0,0
19909,-1,0,-0.16445634,0.45897833,0,1,unassigned,24.0,24.0,0.0,1.0,0.0,0.0,0.04255319,0.0,0,0,0,0,0
19910,-1,0,-0.8999873,0.2890531,0,1,unassigned,20.0,20.0,0.0,1.0,0.0,0.0,0.034816246,0.0,0,0,0,0,0
19911,-1,0,-0.6505849,0.34285775,0,1,unassigned,31.0,30.0,1.0,0.9677419,0.032258064,0.032258093,0.056092843,0.0018094465,0,0,0,0,0
19912,-1,0,0.3848886,0.5950516,1,1,unassigned,5.0,3.0,2.0,0.6,0.4,0.39999998,0.0058027077,0.002321083,0,0,0,1,0
19913,-1,0,-0.5062096,0.37608254,0,1,unassigned,8.0,8.0,0.0,1.0,0.0,0.0,0.0116054155,0.0,0,0,0,0,0
19914,-1,1,-0.9361854,0.28167152,0,1,unassigned,4.0,3.0,1.0,0.75,0.25,0.25,0.003868472,0.000967118,1,0,0,0,0
19915,0,1,0.04199463,0.5104971,1,1,unassigned,10.0,10.0,0.0,1.0,0.0,0.0,0.015473888,0.0,1,0,0,1,0
19916,-1,0,5.113236,0.9940194,1,1,unassigned,3.0,3.0,0.0,1.0,0.0,0.0,0.001934236,0.0,0,0,0,1,1
19917,-1,0,-0.3785784,0.40646982,0,1,unassigned,70.0,57.0,13.0,0.8142857,0.18571429,0.1857143,0.13152805,0.02442664,0,0,0,0,0
19918,-1,1,0.2629124,0.5653521,1,1,unassigned,3.0,3.0,0.0,1.0,0.0,0.0,0.001934236,0.0,1,0,0,1,0
19919,-1,0,-0.011869609,0.49703258,0,1,unassigned,8.0,8.0,0.0,1.0,0.0,0.0,0.0116054155,0.0,0,0,0,0,0
19920,-1,0,5.9480767,0.997396,1,1,unassigned,10.0,9.0,1.0,0.9,0.1,0.100000024,0.015473888,0.0015473888,0,0,0,1,1
19921,-1,0,0.67414886,0.66243154,1,1,unassigned,2.0,2.0,0.0,1.0,0.0,0.0,0.0,0.0,0,0,0,1,0
19922,0,0,0.10937929,0.5273176,1,1,val,2.0,2.0,0.0,1.0,0.0,0.0,0.0,0.0,0,0,0,1,0
19923,-1,0,0.30495638,0.5756537,1,1,unassigned,7.0,6.0,1.0,0.85714287,0.14285715,0.14285713,0.00967118,0.0013815971,0,0,0,1,0
19924,-1,0,-0.6231916,0.34905592,0,1,unassigned,2.0,2.0,0.0,1.0,0.0,0.0,0.0,0.0,0,0,0,0,0
19925,-1,0,2.978205,0.9515797,1,1,unassigned,44.0,43.0,1.0,0.97727275,0.022727273,0.022727251,0.08123791,0.0018463163,0,0,0,1,1
19926,-1,0,0.42500722,0.6046808,1,1,unassigned,4.0,4.0,0.0,1.0,0.0,0.0,0.003868472,0.0,0,0,0,1,0
19927,-1,0,-0.7138772,0.32874268,0,1,unassigned,2.0,1.0,1.0,0.5,0.5,0.5,0.0,0.0,0,0,0,0,0
19928,-1,0,3.072481,0.95574325,1,1,unassigned,5.0,5.0,0.0,1.0,0.0,0.0,0.0058027077,0.0,0,0,0,1,1
19929,0,1,-0.4902361,0.37983796,0,0,unassigned,8.0,6.0,2.0,0.75,0.25,0.25,0.0116054155,0.0029013539,1,0,1,0,0
19930,-1,1,0.6608376,0.6594485,1,1,unassigned,2.0,2.0,0.0,1.0,0.0,0.0,0.0,0.0,1,0,0,1,0
19931,-1,0,-0.86165726,0.2969932,0,1,unassigned,2.0,2.0,0.0,1.0,0.0,0.0,0.0,0.0,0,0,0,0,0
19932,-1,0,0.5782202,0.6406578,1,1,unassigned,7.0,7.0,0.0,1.0,0.0,0.0,0.00967118,0.0,0,0,0,1,0
19933,-1,0,-0.80708027,0.30851302,0,1,unassigned,35.0,34.0,1.0,0.9714286,0.028571429,0.028571427,0.06382979,0.0018237082,0,0,0,0,0
19934,-1,1,-0.17023146,0.4575446,0,1,unassigned,30.0,30.0,0.0,1.0,0.0,0.0,0.054158606,0.0,1,0,0,0,0
19935,-1,0,-0.15208036,0.46205303,0,1,unassigned,16.0,16.0,0.0,1.0,0.0,0.0,0.027079303,0.0,0,0,0,0,0
19936,-1,1,-0.6751476,0.33734518,0,1,unassigned,13.0,13.0,0.0,1.0,0.0,0.0,0.021276595,0.0,1,0,0,0,0
19937,-1,0,2.6808567,0.9358875,1,1,unassigned,8.0,8.0,0.0,1.0,0.0,0.0,0.0116054155,0.0,0,0,0,1,1
19938,-1,0,-0.23361787,0.44185972,0,1,unassigned,2.0,2.0,0.0,1.0,0.0,0.0,0.0,0.0,0,0,0,0,0
19939,-1,1,2.1734202,0.8978371,1,1,unassigned,3.0,3.0,0.0,1.0,0.0,0.0,0.001934236,0.0,1,0,0,1,0
19940,-1,0,0.43462294,0.606977,1,1,unassigned,5.0,5.0,0.0,1.0,0.0,0.0,0.0058027077,0.0,0,0,0,1,0
19941,-1,0,0.086200416,0.52153677,1,1,unassigned,4.0,3.0,1.0,0.75,0.25,0.25,0.003868472,0.000967118,0,0,0,1,0
19942,-1,0,1.1044405,0.7510912,1,1,unassigned,69.0,67.0,2.0,0.9710145,0.028985508,0.0289855,0.1295938,0.0037563422,0,0,0,1,0
19943,-1,1,10.143004,0.99996066,1,1,unassigned,7.0,6.0,1.0,0.85714287,0.14285715,0.14285713,0.00967118,0.0013815971,1,0,0,1,1
19944,-1,0,-0.84751,0.29995546,0,1,unassigned,40.0,40.0,0.0,1.0,0.0,0.0,0.07350097,0.0,0,0,0,0,0
19945,0,0,-0.116098106,0.47100803,0,0,test,2.0,2.0,0.0,1.0,0.0,0.0,0.0,0.0,0,0,1,0,0
19946,-1,1,-0.19996119,0.45017558,0,1,unassigned,56.0,54.0,2.0,0.96428573,0.035714287,0.03571427,0.10444874,0.0037303125,1,0,0,0,0
19947,-1,0,0.8277963,0.69588876,1,1,unassigned,2.0,2.0,0.0,1.0,0.0,0.0,0.0,0.0,0,0,0,1,0
19948,1,1,9.7640085,0.99994254,1,0,unassigned,2.0,2.0,0.0,1.0,0.0,0.0,0.0,0.0,1,0,1,1,1
19949,-1,1,0.7423659,0.677513,1,1,unassigned,11.0,11.0,0.0,1.0,0.0,0.0,0.017408123,0.0,1,0,0,1,0
19950,-1,1,-0.9586458,0.2771494,0,1,unassigned,16.0,16.0,0.0,1.0,0.0,0.0,0.027079303,0.0,1,0,0,0,0
19951,-1,1,2.5149271,0.9251816,1,1,unassigned,5.0,5.0,0.0,1.0,0.0,0.0,0.0058027077,0.0,1,0,0,1,1
19952,-1,0,0.7515997,0.67952716,1,1,unassigned,44.0,43.0,1.0,0.97727275,0.022727273,0.022727251,0.08123791,0.0018463163,0,0,0,1,0
19953,-1,0,-0.22982109,0.44279632,0,1,unassigned,5.0,5.0,0.0,1.0,0.0,0.0,0.0058027077,0.0,0,0,0,0,0
19954,-1,0,-0.72005916,0.32737997,0,1,unassigned,9.0,9.0,0.0,1.0,0.0,0.0,0.013539651,0.0,0,0,0,0,0
19955,-1,0,0.46135074,0.61333454,1,1,unassigned,29.0,19.0,10.0,0.6551724,0.3448276,0.3448276,0.05222437,0.018008403,0,0,0,1,0
19956,-1,0,-0.28812635,0.42846265,0,1,unassigned,2.0,2.0,0.0,1.0,0.0,0.0,0.0,0.0,0,0,0,0,0
19957,0,1,0.11292666,0.5282017,1,1,unassigned,28.0,27.0,1.0,0.96428573,0.035714287,0.03571427,0.050290134,0.0017960763,1,0,0,1,0
19958,-1,0,-0.32552704,0.41932935,0,1,unassigned,63.0,63.0,0.0,1.0,0.0,0.0,0.11798839,0.0,0,0,0,0,0
19959,-1,0,-0.8710482,0.29503626,0,1,unassigned,115.0,113.0,2.0,0.9826087,0.017391304,0.017391324,0.21856867,0.003801194,0,0,0,0,0
19960,1,1,-0.18544143,0.45377204,0,1,unassigned,61.0,54.0,7.0,0.8852459,0.114754096,0.11475408,0.114119925,0.013095729,1,0,0,0,0
19961,-1,0,-0.23915991,0.44049338,0,1,unassigned,6.0,5.0,1.0,0.8333333,0.16666667,0.16666669,0.007736944,0.0012894907,0,0,0,0,0
19962,-1,0,0.21646136,0.553905,1,1,unassigned,3.0,3.0,0.0,1.0,0.0,0.0,0.001934236,0.0,0,0,0,1,0
19963,-1,0,2.725302,0.93850327,1,1,unassigned,3.0,2.0,1.0,0.6666667,0.33333334,0.3333333,0.001934236,0.00064474536,0,0,0,1,1
19964,-1,1,1.7482111,0.85172707,1,1,unassigned,13.0,13.0,0.0,1.0,0.0,0.0,0.021276595,0.0,1,0,0,1,0
19965,-1,0,-0.290613,0.42785382,0,1,unassigned,2.0,2.0,0.0,1.0,0.0,0.0,0.0,0.0,0,0,0,0,0
19966,-1,1,-0.047317863,0.48817274,0,1,unassigned,5.0,5.0,0.0,1.0,0.0,0.0,0.0058027077,0.0,1,0,0,0,0
19967,1,0,6.1145873,0.9977945,1,0,unassigned,9.0,9.0,0.0,1.0,0.0,0.0,0.013539651,0.0,0,0,1,1,1
19968,-1,0,-0.47884095,0.38252583,0,1,unassigned,33.0,33.0,0.0,1.0,0.0,0.0,0.059961315,0.0,0,0,0,0,0
19969,-1,0,7.7812257,0.9995827,1,1,unassigned,9.0,6.0,3.0,0.6666667,0.33333334,0.3333333,0.013539651,0.004513217,0,0,0,1,1
19970,-1,0,4.614448,0.9901896,1,1,unassigned,5.0,4.0,1.0,0.8,0.2,0.19999999,0.0058027077,0.0011605415,0,0,0,1,1
19971,-1,0,8.400151,0.99977523,1,1,unassigned,19.0,17.0,2.0,0.8947368,0.10526316,0.10526317,0.032882012,0.0034612645,0,0,0,1,1
19972,-1,1,0.5944317,0.64438134,1,1,unassigned,35.0,33.0,2.0,0.94285715,0.057142857,0.057142854,0.06382979,0.0036474164,1,0,0,1,0
19973,-1,1,-0.49524555,0.37865862,0,1,unassigned,75.0,72.0,3.0,0.96,0.04,0.04000002,0.14119923,0.005647969,1,0,0,0,0
19974,-1,0,-0.10589701,0.47355044,0,1,unassigned,12.0,11.0,1.0,0.9166667,0.083333336,0.08333331,0.01934236,0.0016118633,0,0,0,0,0
19975,1,0,10.999023,0.9999833,1,0,unassigned,10.0,10.0,0.0,1.0,0.0,0.0,0.015473888,0.0,0,0,1,1,1
19976,-1,0,1.1057651,0.7513387,1,1,unassigned,18.0,14.0,4.0,0.7777778,0.22222222,0.22222221,0.030947777,0.0068772836,0,0,0,1,0
19977,-1,0,32.083313,1.0,1,1,unassigned,2.0,1.0,1.0,0.5,0.5,0.5,0.0,0.0,0,0,0,1,1
19978,-1,0,1.3691494,0.79724264,1,1,unassigned,2.0,2.0,0.0,1.0,0.0,0.0,0.0,0.0,0,0,0,1,0
19979,1,0,-0.9558611,0.27770764,0,1,unassigned,11.0,11.0,0.0,1.0,0.0,0.0,0.017408123,0.0,0,0,0,0,0
19980,-1,1,2.7982326,0.9425803,1,1,unassigned,13.0,13.0,0.0,1.0,0.0,0.0,0.021276595,0.0,1,0,0,1,1
19981,-1,0,-0.24080282,0.4400885,0,1,unassigned,14.0,14.0,0.0,1.0,0.0,0.0,0.023210831,0.0,0,0,0,0,0
19982,-1,0,8.149275,0.9997111,1,1,unassigned,5.0,5.0,0.0,1.0,0.0,0.0,0.0058027077,0.0,0,0,0,1,1
19983,-1,0,6.537926,0.99855465,1,1,unassigned,9.0,6.0,3.0,0.6666667,0.33333334,0.3333333,0.013539651,0.004513217,0,0,0,1,1
19984,-1,1,0.59807366,0.6452155,1,1,unassigned,4.0,4.0,0.0,1.0,0.0,0.0,0.003868472,0.0,1,0,0,1,0
19985,-1,0,-1.0352461,0.2620683,0,1,unassigned,4.0,4.0,0.0,1.0,0.0,0.0,0.003868472,0.0,0,0,0,0,0
19986,-1,1,-0.54582137,0.3668344,0,1,unassigned,31.0,30.0,1.0,0.9677419,0.032258064,0.032258093,0.056092843,0.0018094465,1,0,0,0,0
19987,-1,0,0.7281254,0.6743938,1,1,unassigned,6.0,4.0,2.0,0.6666667,0.33333334,0.3333333,0.007736944,0.0025789815,0,0,0,1,0
19988,-1,1,-0.35098445,0.41314372,0,1,unassigned,61.0,59.0,2.0,0.9672131,0.032786883,0.032786906,0.114119925,0.0037416366,1,0,0,0,0
19989,-1,1,1.4181211,0.80504364,1,1,unassigned,182.0,168.0,14.0,0.9230769,0.07692308,0.07692307,0.34816247,0.02678173,1,0,0,1,0
19990,-1,0,-0.97162235,0.27455726,0,1,unassigned,17.0,17.0,0.0,1.0,0.0,0.0,0.029013539,0.0,0,0,0,0,0
19991,-1,1,4.9333806,0.99284935,1,1,unassigned,2.0,2.0,0.0,1.0,0.0,0.0,0.0,0.0,1,0,0,1,1
19992,-1,0,0.7980655,0.68956053,1,1,unassigned,2.0,2.0,0.0,1.0,0.0,0.0,0.0,0.0,0,0,0,1,0
19993,-1,0,-0.46210364,0.3864869,0,1,unassigned,67.0,66.0,1.0,0.98507464,0.014925373,0.014925361,0.12572534,0.0018764976,0,0,0,0,0
19994,-1,0,-0.7422265,0.32251748,0,1,unassigned,36.0,36.0,0.0,1.0,0.0,0.0,0.065764025,0.0,0,0,0,0,0
19995,1,1,-0.09559244,0.47612005,0,1,test,11.0,6.0,5.0,0.54545456,0.45454547,0.45454544,0.017408123,0.007912784,1,0,0,0,0
19996,-1,0,-0.34883767,0.41366434,0,1,unassigned,11.0,11.0,0.0,1.0,0.0,0.0,0.017408123,0.0,0,0,0,0,0
19997,-1,0,0.14774042,0.5368681,1,1,unassigned,8.0,8.0,0.0,1.0,0.0,0.0,0.0116054155,0.0,0,0,0,1,0
19998,-1,0,-0.17632866,0.45603168,0,1,unassigned,37.0,37.0,0.0,1.0,0.0,0.0,0.06769826,0.0,0,0,0,0,0
19999,-1,1,1.2507844,0.7774356,1,1,unassigned,7.0,7.0,0.0,1.0,0.0,0.0,0.00967118,0.0,1,0,0,1,0
20000,-1,1,0.13642001,0.5340522,1,1,unassigned,10.0,10.0,0.0,1.0,0.0,0.0,0.015473888,0.0,1,0,0,1,0
20001,-1,1,0.12257403,0.5306052,1,1,unassigned,40.0,28.0,12.0,0.7,0.3,0.3,0.07350097,0.022050291,1,0,0,1,0
20002,0,1,0.22689158,0.5564808,1,1,test,18.0,18.0,0.0,1.0,0.0,0.0,0.030947777,0.0,1,0,0,1,0
20003,0,1,-0.6187526,0.35006523,0,0,val,70.0,66.0,4.0,0.94285715,0.057142857,0.057142854,0.13152805,0.0075158887,1,0,1,0,0
20004,-1,1,0.05815196,0.5145339,1,1,unassigned,9.0,8.0,1.0,0.8888889,0.11111111,0.111111104,0.013539651,0.0015044058,1,0,0,1,0
20005,-1,1,-0.7737673,0.3156647,0,1,unassigned,69.0,57.0,12.0,0.82608694,0.17391305,0.17391306,0.1295938,0.022538053,1,0,0,0,0
20006,-1,1,-0.4808534,0.38205063,0,1,unassigned,12.0,12.0,0.0,1.0,0.0,0.0,0.01934236,0.0,1,0,0,0,0
20007,-1,1,1.1501844,0.7595446,1,1,unassigned,2.0,2.0,0.0,1.0,0.0,0.0,0.0,0.0,1,0,0,1,0
20008,-1,0,1.0003583,0.731129,1,1,unassigned,29.0,23.0,6.0,0.79310346,0.20689656,0.20689654,0.05222437,0.010805042,0,0,0,1,0
20009,-1,1,-0.5840235,0.35800734,0,1,unassigned,40.0,34.0,6.0,0.85,0.15,0.14999998,0.07350097,0.011025146,1,0,0,0,0
20010,1,1,2.0449502,0.88543636,1,0,unassigned,29.0,29.0,0.0,1.0,0.0,0.0,0.05222437,0.0,1,0,1,1,0
20011,-1,1,-0.6113725,0.35174617,0,1,unassigned,16.0,16.0,0.0,1.0,0.0,0.0,0.027079303,0.0,1,0,0,0,0
20012,0,1,-0.9157789,0.28581876,0,0,unassigned,11.0,11.0,0.0,1.0,0.0,0.0,0.017408123,0.0,1,0,1,0,0
20013,-1,1,2.6763682,0.9356177,1,1,unassigned,2.0,2.0,0.0,1.0,0.0,0.0,0.0,0.0,1,0,0,1,1
20014,-1,1,7.3737216,0.9993729,1,1,unassigned,6.0,6.0,0.0,1.0,0.0,0.0,0.007736944,0.0,1,0,0,1,1
20015,-1,0,-0.0007831454,0.49980423,0,1,unassigned,7.0,7.0,0.0,1.0,0.0,0.0,0.00967118,0.0,0,0,0,0,0
20016,-1,0,-0.4316086,0.3937423,0,1,unassigned,52.0,52.0,0.0,1.0,0.0,0.0,0.0967118,0.0,0,0,0,0,0
20017,-1,0,0.91616815,0.7142607,1,1,unassigned,10.0,10.0,0.0,1.0,0.0,0.0,0.015473888,0.0,0,0,0,1,0
20018,0,0,0.8889558,0.7086746,1,1,val,46.0,36.0,10.0,0.7826087,0.2173913,0.21739131,0.08510638,0.018501386,0,0,0,1,0
20019,-1,1,-0.44296092,0.39103565,0,1,unassigned,9.0,8.0,1.0,0.8888889,0.11111111,0.111111104,0.013539651,0.0015044058,1,0,0,0,0
20020,-1,0,0.9644936,0.72402054,1,1,unassigned,7.0,7.0,0.0,1.0,0.0,0.0,0.00967118,0.0,0,0,0,1,0
20021,-1,0,1.2835941,0.78306097,1,1,unassigned,5.0,5.0,0.0,1.0,0.0,0.0,0.0058027077,0.0,0,0,0,1,0
20022,0,0,-0.0767608,0.4808192,0,0,train,5.0,5.0,0.0,1.0,0.0,0.0,0.0058027077,0.0,0,0,1,0,0
20023,1,1,8.5629,0.99980897,1,0,train,2.0,2.0,0.0,1.0,0.0,0.0,0.0,0.0,1,0,1,1,1
20024,-1,1,0.48887557,0.6198415,1,1,unassigned,14.0,11.0,3.0,0.78571427,0.21428572,0.21428573,0.023210831,0.0049737496,1,0,0,1,0
20025,-1,1,-0.65297234,0.34232002,0,1,unassigned,36.0,36.0,0.0,1.0,0.0,0.0,0.065764025,0.0,1,0,0,0,0
20026,1,0,-0.15657222,0.46093673,0,1,unassigned,7.0,7.0,0.0,1.0,0.0,0.0,0.00967118,0.0,0,0,0,0,0
20027,-1,0,17.04154,1.0,1,1,unassigned,12.0,12.0,0.0,1.0,0.0,0.0,0.01934236,0.0,0,0,0,1,1
20028,1,1,3.4249477,0.9684752,1,0,test,14.0,13.0,1.0,0.9285714,0.071428575,0.0714286,0.023210831,0.0016579166,1,0,1,1,1
20029,-1,0,3.542271,0.9718669,1,1,unassigned,20.0,19.0,1.0,0.95,0.05,0.050000012,0.034816246,0.0017408123,0,0,0,1,1
20030,-1,0,0.8207992,0.694406,1,1,unassigned,4.0,4.0,0.0,1.0,0.0,0.0,0.003868472,0.0,0,0,0,1,0
20031,0,0,-0.84769917,0.29991573,0,0,test,18.0,18.0,0.0,1.0,0.0,0.0,0.030947777,0.0,0,0,1,0,0
20032,-1,0,1.0288804,0.7366988,1,1,unassigned,40.0,40.0,0.0,1.0,0.0,0.0,0.07350097,0.0,0,0,0,1,0
20033,-1,0,-0.12223473,0.46947935,0,1,unassigned,4.0,4.0,0.0,1.0,0.0,0.0,0.003868472,0.0,0,0,0,0,0
20034,-1,0,0.04386282,0.5109639,1,1,unassigned,19.0,19.0,0.0,1.0,0.0,0.0,0.032882012,0.0,0,0,0,1,0
20035,-1,0,2.0198555,0.882866,1,1,unassigned,9.0,8.0,1.0,0.8888889,0.11111111,0.111111104,0.013539651,0.0015044058,0,0,0,1,0
20036,-1,0,-0.5128416,0.3745276,0,1,unassigned,8.0,8.0,0.0,1.0,0.0,0.0,0.0116054155,0.0,0,0,0,0,0
20037,-1,0,-0.2839038,0.42949694,0,1,unassigned,12.0,12.0,0.0,1.0,0.0,0.0,0.01934236,0.0,0,0,0,0,0
20038,-1,0,2.7967231,0.9424985,1,1,unassigned,8.0,7.0,1.0,0.875,0.125,0.125,0.0116054155,0.0014506769,0,0,0,1,1
20039,-1,0,-0.1382367,0.46549577,0,1,unassigned,27.0,27.0,0.0,1.0,0.0,0.0,0.0483559,0.0,0,0,0,0,0
20040,-1,0,-0.6631217,0.34003872,0,1,unassigned,3.0,3.0,0.0,1.0,0.0,0.0,0.001934236,0.0,0,0,0,0,0
20041,-1,1,-0.27160937,0.43251207,0,1,unassigned,37.0,37.0,0.0,1.0,0.0,0.0,0.06769826,0.0,1,0,0,0,0
20042,-1,0,0.5082639,0.6243994,1,1,unassigned,35.0,35.0,0.0,1.0,0.0,0.0,0.06382979,0.0,0,0,0,1,0
20043,-1,0,0.7018315,0.6685937,1,1,unassigned,19.0,19.0,0.0,1.0,0.0,0.0,0.032882012,0.0,0,0,0,1,0
20044,-1,0,1.5279021,0.82169914,1,1,unassigned,25.0,24.0,1.0,0.96,0.04,0.04000002,0.044487428,0.001779497,0,0,0,1,0
20045,-1,0,-0.8481434,0.29982248,0,1,unassigned,47.0,47.0,0.0,1.0,0.0,0.0,0.08704062,0.0,0,0,0,0,0
20046,-1,0,-0.17661744,0.45596004,0,1,unassigned,2.0,2.0,0.0,1.0,0.0,0.0,0.0,0.0,0,0,0,0,0
20047,-1,0,1.3172526,0.7887243,1,1,unassigned,12.0,11.0,1.0,0.9166667,0.083333336,0.08333331,0.01934236,0.0016118633,0,0,0,1,0
20048,-1,0,5.8172827,0.9970331,1,1,unassigned,3.0,3.0,0.0,1.0,0.0,0.0,0.001934236,0.0,0,0,0,1,1
20049,-1,1,0.2171666,0.5540793,1,1,unassigned,5.0,5.0,0.0,1.0,0.0,0.0,0.0058027077,0.0,1,0,0,1,0
20050,-1,0,5.960155,0.99742705,1,1,unassigned,28.0,27.0,1.0,0.96428573,0.035714287,0.03571427,0.050290134,0.0017960763,0,0,0,1,1
20051,-1,1,0.9096673,0.71293205,1,1,unassigned,41.0,37.0,4.0,0.902439,0.09756097,0.097561,0.07543521,0.007359532,1,0,0,1,0
20052,-1,0,-0.25243673,0.43722382,0,1,unassigned,2.0,2.0,0.0,1.0,0.0,0.0,0.0,0.0,0,0,0,0,0
20053,-1,0,-1.0107039,0.2668421,0,1,unassigned,3.0,3.0,0.0,1.0,0.0,0.0,0.001934236,0.0,0,0,0,0,0
20054,-1,0,4.392301,0.98777896,1,1,unassigned,15.0,14.0,1.0,0.93333334,0.06666667,0.06666666,0.025145067,0.0016763379,0,0,0,1,1
20055,-1,0,-0.3199703,0.420683,0,1,unassigned,2.0,1.0,1.0,0.5,0.5,0.5,0.0,0.0,0,0,0,0,0
20056,0,0,-0.34145254,0.41545665,0,0,test,18.0,18.0,0.0,1.0,0.0,0.0,0.030947777,0.0,0,0,1,0,0
20057,-1,1,2.849345,0.94528484,1,1,unassigned,9.0,9.0,0.0,1.0,0.0,0.0,0.013539651,0.0,1,0,0,1,1
20058,-1,1,-0.49441022,0.37885517,0,1,unassigned,16.0,16.0,0.0,1.0,0.0,0.0,0.027079303,0.0,1,0,0,0,0
20059,-1,1,1.2141199,0.7710271,1,1,unassigned,8.0,8.0,0.0,1.0,0.0,0.0,0.0116054155,0.0,1,0,0,1,0
20060,-1,0,-0.8671656,0.2958444,0,1,unassigned,5.0,5.0,0.0,1.0,0.0,0.0,0.0058027077,0.0,0,0,0,0,0
20061,-1,0,1.29211,0.78450406,1,1,unassigned,5.0,5.0,0.0,1.0,0.0,0.0,0.0058027077,0.0,0,0,0,1,0
20062,-1,0,5.3858542,0.9954399,1,1,unassigned,34.0,28.0,6.0,0.8235294,0.1764706,0.17647058,0.061895553,0.010922745,0,0,0,1,1
20063,-1,0,2.1003754,0.8909397,1,1,unassigned,19.0,17.0,2.0,0.8947368,0.10526316,0.10526317,0.032882012,0.0034612645,0,0,0,1,0
20064,-1,0,0.544324,0.63281775,1,1,unassigned,10.0,10.0,0.0,1.0,0.0,0.0,0.015473888,0.0,0,0,0,1,0
20065,-1,0,5.4512076,0.9957272,1,1,unassigned,18.0,15.0,3.0,0.8333333,0.16666667,0.16666669,0.030947777,0.005157963,0,0,0,1,1
20066,-1,0,3.5412323,0.9718384,1,1,unassigned,6.0,6.0,0.0,1.0,0.0,0.0,0.007736944,0.0,0,0,0,1,1
20067,-1,0,4.362383,0.98741245,1,1,unassigned,2.0,2.0,0.0,1.0,0.0,0.0,0.0,0.0,0,0,0,1,1
20068,-1,0,-0.097723186,0.47558868,0,1,unassigned,3.0,3.0,0.0,1.0,0.0,0.0,0.001934236,0.0,0,0,0,0,0
20069,-1,0,-0.63346374,0.34672555,0,1,unassigned,19.0,18.0,1.0,0.94736844,0.05263158,0.052631557,0.032882012,0.0017306323,0,0,0,0,0
20070,-1,0,6.7275004,0.99880385,1,1,unassigned,2.0,2.0,0.0,1.0,0.0,0.0,0.0,0.0,0,0,0,1,1
20071,0,0,-0.47513545,0.38340148,0,0,unassigned,13.0,13.0,0.0,1.0,0.0,0.0,0.021276595,0.0,0,0,1,0,0
20072,-1,0,1.1615262,0.76161,1,1,unassigned,6.0,4.0,2.0,0.6666667,0.33333334,0.3333333,0.007736944,0.0025789815,0,0,0,1,0
20073,-1,0,4.6474175,0.9905047,1,1,unassigned,2.0,2.0,0.0,1.0,0.0,0.0,0.0,0.0,0,0,0,1,1
20074,-1,0,4.2049127,0.98529726,1,1,unassigned,5.0,5.0,0.0,1.0,0.0,0.0,0.0058027077,0.0,0,0,0,1,1
20075,0,1,-0.9011923,0.28880554,0,0,test,33.0,32.0,1.0,0.969697,0.030303031,0.030303001,0.059961315,0.0018170096,1,0,1,0,0
20076,1,0,0.86548406,0.70380515,1,0,unassigned,47.0,45.0,2.0,0.9574468,0.04255319,0.042553186,0.08704062,0.003703856,0,0,1,1,0
20077,-1,1,0.7888636,0.68758726,1,1,unassigned,6.0,6.0,0.0,1.0,0.0,0.0,0.007736944,0.0,1,0,0,1,0
20078,-1,0,3.0093722,0.9529958,1,1,unassigned,3.0,2.0,1.0,0.6666667,0.33333334,0.3333333,0.001934236,0.00064474536,0,0,0,1,1
20079,-1,0,1.5629847,0.8267812,1,1,unassigned,20.0,17.0,3.0,0.85,0.15,0.14999998,0.034816246,0.005222437,0,0,0,1,0
20080,-1,0,2.9479377,0.95016587,1,1,unassigned,11.0,10.0,1.0,0.90909094,0.09090909,0.090909064,0.017408123,0.0015825568,0,0,0,1,1
20081,-1,1,1.4069481,0.80328417,1,1,unassigned,4.0,1.0,3.0,0.25,0.75,0.75,0.003868472,0.002901354,1,0,0,1,0
20082,-1,0,2.721615,0.93829006,1,1,unassigned,12.0,12.0,0.0,1.0,0.0,0.0,0.01934236,0.0,0,0,0,1,1
20083,-1,0,0.5234366,0.627951,1,1,unassigned,16.0,16.0,0.0,1.0,0.0,0.0,0.027079303,0.0,0,0,0,1,0
20084,-1,0,2.2306337,0.9029669,1,1,unassigned,18.0,17.0,1.0,0.9444444,0.055555556,0.055555582,0.030947777,0.0017193209,0,0,0,1,1
20085,-1,0,1.8818564,0.86782426,1,1,unassigned,6.0,6.0,0.0,1.0,0.0,0.0,0.007736944,0.0,0,0,0,1,0
20086,-1,0,1.1362002,0.7569813,1,1,unassigned,82.0,64.0,18.0,0.7804878,0.2195122,0.21951222,0.15473887,0.03396707,0,0,0,1,0
20087,-1,0,-0.5414171,0.36785796,0,1,unassigned,19.0,19.0,0.0,1.0,0.0,0.0,0.032882012,0.0,0,0,0,0,0
20088,-1,0,0.10718924,0.52677166,1,1,unassigned,30.0,30.0,0.0,1.0,0.0,0.0,0.054158606,0.0,0,0,0,1,0
20089,1,0,1.5384686,0.823242,1,0,test,43.0,43.0,0.0,1.0,0.0,0.0,0.079303674,0.0,0,0,1,1,0
20090,1,1,-0.0043655634,0.49890864,0,1,unassigned,3.0,3.0,0.0,1.0,0.0,0.0,0.001934236,0.0,1,0,0,0,0
20091,-1,0,0.13079852,0.5326531,1,1,unassigned,2.0,2.0,0.0,1.0,0.0,0.0,0.0,0.0,0,0,0,1,0
20092,-1,0,3.7466385,0.97694707,1,1,unassigned,2.0,2.0,0.0,1.0,0.0,0.0,0.0,0.0,0,0,0,1,1
20093,-1,0,-0.34173432,0.41538826,0,1,unassigned,7.0,7.0,0.0,1.0,0.0,0.0,0.00967118,0.0,0,0,0,0,0
20094,-1,0,1.1991732,0.76837766,1,1,unassigned,2.0,2.0,0.0,1.0,0.0,0.0,0.0,0.0,0,0,0,1,0
20095,-1,0,4.659818,0.9906206,1,1,unassigned,21.0,20.0,1.0,0.95238096,0.04761905,0.047619045,0.036750484,0.0017500231,0,0,0,1,1
20096,-1,0,-0.9131096,0.28636393,0,1,unassigned,60.0,60.0,0.0,1.0,0.0,0.0,0.11218569,0.0,0,0,0,0,0
20097,-1,0,0.021709621,0.5054272,1,1,unassigned,3.0,3.0,0.0,1.0,0.0,0.0,0.001934236,0.0,0,0,0,1,0
20098,-1,0,-0.5605291,0.36342505,0,1,unassigned,57.0,56.0,1.0,0.98245615,0.01754386,0.017543852,0.10638298,0.0018663681,0,0,0,0,0
20099,-1,0,-0.5261218,0.37142187,0,1,unassigned,84.0,83.0,1.0,0.9880952,0.011904762,0.011904776,0.15860735,0.0018881827,0,0,0,0,0
20100,-1,0,0.32865143,0.5814312,1,1,unassigned,39.0,38.0,1.0,0.974359,0.025641026,0.025641024,0.07156673,0.0018350444,0,0,0,1,0
20101,-1,1,2.0977824,0.8906874,1,1,unassigned,3.0,3.0,0.0,1.0,0.0,0.0,0.001934236,0.0,1,0,0,1,0
20102,-1,1,0.7485588,0.6788646,1,1,unassigned,77.0,76.0,1.0,0.987013,0.012987013,0.012987018,0.14506769,0.001883996,1,0,0,1,0
20103,-1,0,1.3813727,0.7992114,1,1,unassigned,31.0,30.0,1.0,0.9677419,0.032258064,0.032258093,0.056092843,0.0018094465,0,0,0,1,0
20104,0,1,3.6993105,0.9758567,1,1,test,5.0,4.0,1.0,0.8,0.2,0.19999999,0.0058027077,0.0011605415,1,0,0,1,1
20105,-1,0,-0.25837785,0.43576252,0,1,unassigned,3.0,3.0,0.0,1.0,0.0,0.0,0.001934236,0.0,0,0,0,0,0
20106,-1,0,1.2969337,0.7853185,1,1,unassigned,14.0,13.0,1.0,0.9285714,0.071428575,0.0714286,0.023210831,0.0016579166,0,0,0,1,0
20107,-1,1,3.495972,0.970573,1,1,unassigned,6.0,6.0,0.0,1.0,0.0,0.0,0.007736944,0.0,1,0,0,1,1
20108,-1,0,0.3879251,0.5957831,1,1,unassigned,2.0,2.0,0.0,1.0,0.0,0.0,0.0,0.0,0,0,0,1,0
20109,-1,1,-0.6316758,0.34713066,0,1,unassigned,56.0,52.0,4.0,0.9285714,0.071428575,0.0714286,0.10444874,0.007460625,1,0,0,0,0
20110,-1,0,-0.2909158,0.42777967,0,1,unassigned,30.0,29.0,1.0,0.96666664,0.033333335,0.03333336,0.054158606,0.001805287,0,0,0,0,0
20111,-1,0,-0.50138956,0.37721416,0,1,unassigned,22.0,22.0,0.0,1.0,0.0,0.0,0.03868472,0.0,0,0,0,0,0
20112,-1,1,-0.88505214,0.29213196,0,1,unassigned,68.0,66.0,2.0,0.9705882,0.029411765,0.029411793,0.12765957,0.0037546933,1,0,0,0,0
20113,-1,1,-0.81577325,0.30666164,0,1,unassigned,81.0,76.0,5.0,0.9382716,0.061728396,0.061728418,0.15280464,0.009432386,1,0,0,0,0
20114,-1,1,6.249417,0.99807215,1,1,unassigned,16.0,14.0,2.0,0.875,0.125,0.125,0.027079303,0.0033849129,1,0,0,1,1
20115,-1,1,2.487253,0.9232434,1,1,unassigned,42.0,42.0,0.0,1.0,0.0,0.0,0.07736944,0.0,1,0,0,1,1
20116,1,1,2.676016,0.9355965,1,0,test,16.0,14.0,2.0,0.875,0.125,0.125,0.027079303,0.0033849129,1,0,1,1,1
20117,-1,0,0.15736604,0.5392605,1,1,unassigned,23.0,23.0,0.0,1.0,0.0,0.0,0.040618956,0.0,0,0,0,1,0
20118,-1,0,0.26694393,0.5663425,1,1,unassigned,5.0,5.0,0.0,1.0,0.0,0.0,0.0058027077,0.0,0,0,0,1,0
20119,-1,1,0.12650967,0.5315853,1,1,unassigned,5.0,5.0,0.0,1.0,0.0,0.0,0.0058027077,0.0,1,0,0,1,0
20120,-1,0,-0.19252181,0.45201766,0,1,unassigned,16.0,16.0,0.0,1.0,0.0,0.0,0.027079303,0.0,0,0,0,0,0
20121,-1,1,-0.9393291,0.28103587,0,1,unassigned,43.0,42.0,1.0,0.9767442,0.023255814,0.023255825,0.079303674,0.0018442714,1,0,0,0,0
20122,-1,0,0.07348341,0.5183626,1,1,unassigned,8.0,8.0,0.0,1.0,0.0,0.0,0.0116054155,0.0,0,0,0,1,0
20123,-1,0,-0.49686688,0.37827724,0,1,unassigned,8.0,8.0,0.0,1.0,0.0,0.0,0.0116054155,0.0,0,0,0,0,0
20124,-1,1,-0.62379605,0.3489186,0,1,unassigned,96.0,93.0,3.0,0.96875,0.03125,0.03125,0.18181819,0.0056818184,1,0,0,0,0
20125,-1,1,-0.09373018,0.4765846,0,1,unassigned,3.0,3.0,0.0,1.0,0.0,0.0,0.001934236,0.0,1,0,0,0,0
20126,-1,0,-0.5524996,0.36528468,0,1,unassigned,2.0,2.0,0.0,1.0,0.0,0.0,0.0,0.0,0,0,0,0,0
20127,0,0,-0.11513394,0.4712483,0,0,val,8.0,8.0,0.0,1.0,0.0,0.0,0.0116054155,0.0,0,0,1,0,0
20128,-1,0,3.9410098,0.98094165,1,1,unassigned,25.0,25.0,0.0,1.0,0.0,0.0,0.044487428,0.0,0,0,0,1,1
20129,-1,0,1.9989476,0.8806865,1,1,unassigned,11.0,8.0,3.0,0.72727275,0.27272728,0.27272725,0.017408123,0.00474767,0,0,0,1,0
20130,-1,0,1.3197381,0.78913814,1,1,unassigned,14.0,14.0,0.0,1.0,0.0,0.0,0.023210831,0.0,0,0,0,1,0
20131,-1,0,4.6481576,0.9905117,1,1,unassigned,9.0,9.0,0.0,1.0,0.0,0.0,0.013539651,0.0,0,0,0,1,1
20132,-1,0,2.4611747,0.9213748,1,1,unassigned,5.0,5.0,0.0,1.0,0.0,0.0,0.0058027077,0.0,0,0,0,1,1
20133,-1,0,0.09753561,0.5243646,1,1,unassigned,3.0,3.0,0.0,1.0,0.0,0.0,0.001934236,0.0,0,0,0,1,0
20134,-1,0,2.4755678,0.92241114,1,1,unassigned,5.0,5.0,0.0,1.0,0.0,0.0,0.0058027077,0.0,0,0,0,1,1
20135,-1,0,1.4456506,0.8093282,1,1,unassigned,3.0,3.0,0.0,1.0,0.0,0.0,0.001934236,0.0,0,0,0,1,0
20136,-1,1,4.20689,0.98532593,1,1,unassigned,12.0,11.0,1.0,0.9166667,0.083333336,0.08333331,0.01934236,0.0016118633,1,0,0,1,1
20137,-1,0,1.9062963,0.8706024,1,1,unassigned,11.0,10.0,1.0,0.90909094,0.09090909,0.090909064,0.017408123,0.0015825568,0,0,0,1,0
20138,1,1,-0.5699496,0.36124843,0,1,test,24.0,23.0,1.0,0.9583333,0.041666668,0.041666687,0.04255319,0.0017730496,1,0,0,0,0
20139,-1,0,-0.8480641,0.2998391,0,1,unassigned,28.0,25.0,3.0,0.89285713,0.10714286,0.107142866,0.050290134,0.0053882287,0,0,0,0,0
20140,-1,1,2.477012,0.9225145,1,1,unassigned,43.0,40.0,3.0,0.9302326,0.069767445,0.069767416,0.079303674,0.0055328147,1,0,0,1,1
20141,1,0,0.79048723,0.6879359,1,0,test,6.0,6.0,0.0,1.0,0.0,0.0,0.007736944,0.0,0,0,1,1,0
20142,-1,1,1.0948033,0.7492851,1,1,unassigned,6.0,6.0,0.0,1.0,0.0,0.0,0.007736944,0.0,1,0,0,1,0
20143,-1,0,0.58629614,0.6425148,1,1,unassigned,28.0,28.0,0.0,1.0,0.0,0.0,0.050290134,0.0,0,0,0,1,0
20144,-1,0,1.268528,0.78049064,1,1,unassigned,6.0,6.0,0.0,1.0,0.0,0.0,0.007736944,0.0,0,0,0,1,0
20145,-1,1,2.5806253,0.92960423,1,1,unassigned,14.0,14.0,0.0,1.0,0.0,0.0,0.023210831,0.0,1,0,0,1,1
20146,-1,0,2.1818225,0.8986053,1,1,unassigned,5.0,4.0,1.0,0.8,0.2,0.19999999,0.0058027077,0.0011605415,0,0,0,1,0
20147,-1,0,0.84281546,0.6990578,1,1,unassigned,3.0,3.0,0.0,1.0,0.0,0.0,0.001934236,0.0,0,0,0,1,0
20148,-1,1,4.3083396,0.98672277,1,1,unassigned,2.0,2.0,0.0,1.0,0.0,0.0,0.0,0.0,1,0,0,1,1
20149,-1,0,-0.81213164,0.30743644,0,1,unassigned,33.0,33.0,0.0,1.0,0.0,0.0,0.059961315,0.0,0,0,0,0,0
20150,1,1,3.8475869,0.97911435,1,0,val,26.0,23.0,3.0,0.88461536,0.115384616,0.11538464,0.046421662,0.005356346,1,0,1,1,1
20151,-1,0,3.3952003,0.9675542,1,1,unassigned,6.0,4.0,2.0,0.6666667,0.33333334,0.3333333,0.007736944,0.0025789815,0,0,0,1,1
20152,-1,0,-0.5016054,0.37716347,0,1,unassigned,142.0,140.0,2.0,0.9859155,0.014084507,0.014084518,0.27079305,0.0038139867,0,0,0,0,0
20153,-1,0,-0.22286373,0.44451353,0,1,unassigned,14.0,14.0,0.0,1.0,0.0,0.0,0.023210831,0.0,0,0,0,0,0
20154,-1,0,-0.06400901,0.48400322,0,1,unassigned,23.0,23.0,0.0,1.0,0.0,0.0,0.040618956,0.0,0,0,0,0,0
20155,-1,0,0.47116452,0.61565936,1,1,unassigned,17.0,17.0,0.0,1.0,0.0,0.0,0.029013539,0.0,0,0,0,1,0
20156,-1,0,0.46162504,0.6133996,1,1,unassigned,26.0,26.0,0.0,1.0,0.0,0.0,0.046421662,0.0,0,0,0,1,0
20157,-1,0,0.030405402,0.5076007,1,1,unassigned,11.0,11.0,0.0,1.0,0.0,0.0,0.017408123,0.0,0,0,0,1,0
20158,-1,0,9.010788,0.9998779,1,1,unassigned,2.0,2.0,0.0,1.0,0.0,0.0,0.0,0.0,0,0,0,1,1
20159,-1,1,-0.9404111,0.2808173,0,1,unassigned,5.0,5.0,0.0,1.0,0.0,0.0,0.0058027077,0.0,1,0,0,0,0
20160,-1,1,-0.032858968,0.49178597,0,1,unassigned,12.0,12.0,0.0,1.0,0.0,0.0,0.01934236,0.0,1,0,0,0,0
20161,-1,1,-0.63442487,0.34650788,0,1,unassigned,49.0,43.0,6.0,0.877551,0.12244898,0.12244898,0.09090909,0.011131726,1,0,0,0,0
20162,-1,0,10.628323,0.9999758,1,1,unassigned,2.0,2.0,0.0,1.0,0.0,0.0,0.0,0.0,0,0,0,1,1
20163,-1,0,-0.89245665,0.29060313,0,1,unassigned,50.0,49.0,1.0,0.98,0.02,0.01999998,0.092843324,0.0018568664,0,0,0,0,0
20164,0,0,-0.66065204,0.34059316,0,0,val,40.0,39.0,1.0,0.975,0.025,0.024999976,0.07350097,0.0018375242,0,0,1,0,0
20165,-1,1,-0.1587471,0.46039638,0,1,unassigned,9.0,9.0,0.0,1.0,0.0,0.0,0.013539651,0.0,1,0,0,0,0
20166,-1,1,-0.8347889,0.30263343,0,1,unassigned,48.0,48.0,0.0,1.0,0.0,0.0,0.088974856,0.0,1,0,0,0,0
20167,-1,1,-0.69414186,0.33311233,0,1,unassigned,26.0,25.0,1.0,0.96153843,0.03846154,0.038461566,0.046421662,0.0017854486,1,0,0,0,0
20168,-1,0,-0.19379562,0.45170218,0,1,unassigned,24.0,24.0,0.0,1.0,0.0,0.0,0.04255319,0.0,0,0,0,0,0
20169,-1,0,3.8374789,0.97890663,1,1,unassigned,7.0,5.0,2.0,0.71428573,0.2857143,0.28571427,0.00967118,0.0027631943,0,0,0,1,1
20170,1,0,5.94466,0.9973871,1,0,val,22.0,20.0,2.0,0.90909094,0.09090909,0.090909064,0.03868472,0.0035167928,0,0,1,1,1
20171,-1,0,-0.35030752,0.41330782,0,1,unassigned,50.0,44.0,6.0,0.88,0.12,0.120000005,0.092843324,0.011141199,0,0,0,0,0
20172,0,0,1.6737862,0.84208,1,1,unassigned,26.0,25.0,1.0,0.96153843,0.03846154,0.038461566,0.046421662,0.0017854486,0,0,0,1,0
20173,-1,1,1.3647754,0.7965347,1,1,unassigned,49.0,48.0,1.0,0.97959185,0.020408163,0.020408154,0.09090909,0.0018552876,1,0,0,1,0
20174,-1,0,-0.28976414,0.42806163,0,1,unassigned,45.0,44.0,1.0,0.9777778,0.022222223,0.02222222,0.08317215,0.0018482701,0,0,0,0,0
20175,-1,0,-0.67279005,0.3378724,0,1,unassigned,12.0,12.0,0.0,1.0,0.0,0.0,0.01934236,0.0,0,0,0,0,0
20176,-1,1,-0.7427723,0.32239822,0,1,unassigned,32.0,30.0,2.0,0.9375,0.0625,0.0625,0.058027077,0.0036266923,1,0,0,0,0
20177,-1,1,-0.028016388,0.49299636,0,1,unassigned,22.0,22.0,0.0,1.0,0.0,0.0,0.03868472,0.0,1,0,0,0,0
20178,-1,0,2.6929843,0.93661135,1,1,unassigned,2.0,1.0,1.0,0.5,0.5,0.5,0.0,0.0,0,0,0,1,1
20179,-1,0,8.762001,0.9998435,1,1,unassigned,2.0,2.0,0.0,1.0,0.0,0.0,0.0,0.0,0,0,0,1,1
20180,1,1,2.0318463,0.8841004,1,0,val,19.0,19.0,0.0,1.0,0.0,0.0,0.032882012,0.0,1,0,1,1,0
20181,-1,0,-0.34123665,0.4155091,0,1,unassigned,12.0,11.0,1.0,0.9166667,0.083333336,0.08333331,0.01934236,0.0016118633,0,0,0,0,0
20182,-1,0,-0.32924882,0.4184234,0,1,unassigned,7.0,7.0,0.0,1.0,0.0,0.0,0.00967118,0.0,0,0,0,0,0
20183,-1,0,-0.06302148,0.48424986,0,1,unassigned,8.0,8.0,0.0,1.0,0.0,0.0,0.0116054155,0.0,0,0,0,0,0
20184,-1,0,5.9169755,0.9973139,1,1,unassigned,3.0,1.0,2.0,0.33333334,0.6666667,0.6666666,0.001934236,0.0012894907,0,0,0,1,1
20185,-1,0,-0.8997277,0.28910646,0,1,unassigned,45.0,45.0,0.0,1.0,0.0,0.0,0.08317215,0.0,0,0,0,0,0
20186,-1,0,-0.84304297,0.30089426,0,1,unassigned,26.0,25.0,1.0,0.96153843,0.03846154,0.038461566,0.046421662,0.0017854486,0,0,0,0,0
20187,-1,0,-0.37290782,0.40783855,0,1,unassigned,33.0,32.0,1.0,0.969697,0.030303031,0.030303001,0.059961315,0.0018170096,0,0,0,0,0
20188,-1,0,-0.87547016,0.29411736,0,1,unassigned,6.0,6.0,0.0,1.0,0.0,0.0,0.007736944,0.0,0,0,0,0,0
20189,-1,0,-0.17085433,0.45739,0,1,unassigned,36.0,34.0,2.0,0.9444444,0.055555556,0.055555582,0.065764025,0.003653557,0,0,0,0,0
20190,-1,0,0.9108868,0.7131816,1,1,unassigned,6.0,6.0,0.0,1.0,0.0,0.0,0.007736944,0.0,0,0,0,1,0
20191,1,0,-0.7361387,0.32384908,0,1,val,50.0,50.0,0.0,1.0,0.0,0.0,0.092843324,0.0,0,0,0,0,0
20192,-1,1,-0.49792475,0.37802848,0,1,unassigned,52.0,50.0,2.0,0.96153843,0.03846154,0.038461566,0.0967118,0.0037196847,1,0,0,0,0
20193,-1,1,1.3656166,0.79667103,1,1,unassigned,98.0,91.0,7.0,0.9285714,0.071428575,0.0714286,0.18568665,0.013263333,1,0,0,1,0
20194,-1,0,0.41208774,0.60158837,1,1,unassigned,5.0,5.0,0.0,1.0,0.0,0.0,0.0058027077,0.0,0,0,0,1,0
20195,-1,1,-0.91777724,0.285411,0,1,unassigned,28.0,28.0,0.0,1.0,0.0,0.0,0.050290134,0.0,1,0,0,0,0
20196,-1,1,-0.772615,0.3159137,0,1,unassigned,37.0,37.0,0.0,1.0,0.0,0.0,0.06769826,0.0,1,0,0,0,0
20197,1,1,-0.13209766,0.46702355,0,1,unassigned,82.0,80.0,2.0,0.9756098,0.024390243,0.02439022,0.15473887,0.0037741186,1,0,0,0,0
20198,-1,1,-0.31484327,0.42193297,0,1,unassigned,11.0,11.0,0.0,1.0,0.0,0.0,0.017408123,0.0,1,0,0,0,0
20199,-1,1,-0.18210515,0.45459908,0,1,unassigned,44.0,44.0,0.0,1.0,0.0,0.0,0.08123791,0.0,1,0,0,0,0
20200,-1,1,0.15163082,0.53783524,1,1,unassigned,11.0,11.0,0.0,1.0,0.0,0.0,0.017408123,0.0,1,0,0,1,0
20201,-1,1,0.017050803,0.5042626,1,1,unassigned,30.0,29.0,1.0,0.96666664,0.033333335,0.03333336,0.054158606,0.001805287,1,0,0,1,0
20202,-1,0,-0.039578795,0.4901066,0,1,unassigned,25.0,23.0,2.0,0.92,0.08,0.07999998,0.044487428,0.003558994,0,0,0,0,0
20203,-1,1,2.7027216,0.9371871,1,1,unassigned,3.0,2.0,1.0,0.6666667,0.33333334,0.3333333,0.001934236,0.00064474536,1,0,0,1,1
20204,-1,0,-0.1927236,0.45196763,0,1,unassigned,9.0,9.0,0.0,1.0,0.0,0.0,0.013539651,0.0,0,0,0,0,0
20205,-1,1,0.46815187,0.6149462,1,1,unassigned,11.0,11.0,0.0,1.0,0.0,0.0,0.017408123,0.0,1,0,0,1,0
20206,-1,0,0.5466487,0.6333577,1,1,unassigned,9.0,9.0,0.0,1.0,0.0,0.0,0.013539651,0.0,0,0,0,1,0
20207,-1,1,-0.094822824,0.47631207,0,1,unassigned,5.0,4.0,1.0,0.8,0.2,0.19999999,0.0058027077,0.0011605415,1,0,0,0,0
20208,-1,1,0.22004491,0.5547903,1,1,unassigned,22.0,22.0,0.0,1.0,0.0,0.0,0.03868472,0.0,1,0,0,1,0
20209,-1,1,-0.6016606,0.35396385,0,1,unassigned,2.0,2.0,0.0,1.0,0.0,0.0,0.0,0.0,1,0,0,0,0
20210,-1,0,3.6452758,0.97455037,1,1,unassigned,2.0,2.0,0.0,1.0,0.0,0.0,0.0,0.0,0,0,0,1,1
20211,0,0,-0.12686926,0.46832514,0,0,val,8.0,8.0,0.0,1.0,0.0,0.0,0.0116054155,0.0,0,0,1,0,0
20212,-1,0,-0.20298946,0.44942617,0,1,unassigned,4.0,4.0,0.0,1.0,0.0,0.0,0.003868472,0.0,0,0,0,0,0
20213,1,0,4.797957,0.99182093,1,0,test,3.0,3.0,0.0,1.0,0.0,0.0,0.001934236,0.0,0,0,1,1,1
20214,-1,0,0.60453373,0.6466929,1,1,unassigned,2.0,2.0,0.0,1.0,0.0,0.0,0.0,0.0,0,0,0,1,0
20215,-1,0,-0.025034845,0.49374163,0,1,unassigned,9.0,9.0,0.0,1.0,0.0,0.0,0.013539651,0.0,0,0,0,0,0
20216,-1,0,1.1941414,0.7674809,1,1,unassigned,23.0,23.0,0.0,1.0,0.0,0.0,0.040618956,0.0,0,0,0,1,0
20217,-1,1,-0.28546774,0.42911378,0,1,unassigned,29.0,29.0,0.0,1.0,0.0,0.0,0.05222437,0.0,1,0,0,0,0
20218,-1,1,-0.24871036,0.43814096,0,1,unassigned,10.0,8.0,2.0,0.8,0.2,0.19999999,0.015473888,0.0030947777,1,0,0,0,0
20219,-1,1,-0.95120275,0.27864298,0,1,unassigned,17.0,17.0,0.0,1.0,0.0,0.0,0.029013539,0.0,1,0,0,0,0
20220,-1,0,-0.4887159,0.38019612,0,1,unassigned,35.0,32.0,3.0,0.9142857,0.08571429,0.08571428,0.06382979,0.005471125,0,0,0,0,0
20221,1,1,0.4665895,0.6145762,1,0,unassigned,14.0,14.0,0.0,1.0,0.0,0.0,0.023210831,0.0,1,0,1,1,0
20222,-1,0,-0.53514093,0.36931866,0,1,unassigned,28.0,28.0,0.0,1.0,0.0,0.0,0.050290134,0.0,0,0,0,0,0
20223,-1,0,0.5021613,0.6229671,1,1,unassigned,3.0,3.0,0.0,1.0,0.0,0.0,0.001934236,0.0,0,0,0,1,0
20224,-1,1,-0.51455927,0.37412533,0,1,unassigned,17.0,17.0,0.0,1.0,0.0,0.0,0.029013539,0.0,1,0,0,0,0
20225,-1,0,0.39103603,0.59653205,1,1,unassigned,4.0,4.0,0.0,1.0,0.0,0.0,0.003868472,0.0,0,0,0,1,0
20226,0,1,-0.6025283,0.3537655,0,0,unassigned,38.0,36.0,2.0,0.94736844,0.05263158,0.052631557,0.06963249,0.0036648682,1,0,1,0,0
20227,-1,1,1.2078421,0.7699169,1,1,unassigned,21.0,21.0,0.0,1.0,0.0,0.0,0.036750484,0.0,1,0,0,1,0
20228,1,0,7.283895,0.99931395,1,0,val,17.0,10.0,7.0,0.5882353,0.4117647,0.41176468,0.029013539,0.011946752,0,0,1,1,1
20229,-1,0,-0.011152327,0.49721196,0,1,unassigned,2.0,2.0,0.0,1.0,0.0,0.0,0.0,0.0,0,0,0,0,0
20230,-1,0,-0.08634734,0.47842658,0,1,unassigned,11.0,1.0,10.0,0.09090909,0.90909094,0.9090909,0.017408123,0.015825568,0,0,0,0,0
20231,0,1,-0.16597027,0.45860243,0,0,test,9.0,9.0,0.0,1.0,0.0,0.0,0.013539651,0.0,1,0,1,0,0
20232,0,0,-0.5817659,0.35852635,0,0,unassigned,54.0,54.0,0.0,1.0,0.0,0.0,0.10058027,0.0,0,0,1,0,0
20233,-1,0,3.748728,0.9769941,1,1,unassigned,7.0,7.0,0.0,1.0,0.0,0.0,0.00967118,0.0,0,0,0,1,1
20234,-1,0,3.6972764,0.97580874,1,1,unassigned,2.0,2.0,0.0,1.0,0.0,0.0,0.0,0.0,0,0,0,1,1
20235,-1,0,-0.77807087,0.3147358,0,1,unassigned,9.0,9.0,0.0,1.0,0.0,0.0,0.013539651,0.0,0,0,0,0,0
20236,-1,0,-0.5069184,0.3759162,0,1,unassigned,142.0,141.0,1.0,0.9929578,0.0070422534,0.007042229,0.27079305,0.0019069933,0,0,0,0,0
20237,-1,0,-0.9346486,0.28198257,0,1,unassigned,10.0,5.0,5.0,0.5,0.5,0.5,0.015473888,0.007736944,0,0,0,0,0
20238,-1,1,0.92306787,0.7156668,1,1,unassigned,18.0,18.0,0.0,1.0,0.0,0.0,0.030947777,0.0,1,0,0,1,0
20239,-1,1,-0.30581743,0.424136,0,1,unassigned,34.0,31.0,3.0,0.9117647,0.0882353,0.08823532,0.061895553,0.0054613724,1,0,0,0,0
20240,1,0,-0.17288649,0.4568857,0,1,test,9.0,9.0,0.0,1.0,0.0,0.0,0.013539651,0.0,0,0,0,0,0
20241,1,1,3.132621,0.9582185,1,0,train,13.0,13.0,0.0,1.0,0.0,0.0,0.021276595,0.0,1,0,1,1,1
20242,-1,0,-0.5493118,0.36602408,0,1,unassigned,29.0,29.0,0.0,1.0,0.0,0.0,0.05222437,0.0,0,0,0,0,0
20243,-1,1,-0.8918686,0.29072434,0,1,unassigned,33.0,33.0,0.0,1.0,0.0,0.0,0.059961315,0.0,1,0,0,0,0
20244,-1,0,-0.29985484,0.425593,0,1,unassigned,3.0,3.0,0.0,1.0,0.0,0.0,0.001934236,0.0,0,0,0,0,0
20245,-1,1,1.6021528,0.832319,1,1,unassigned,7.0,6.0,1.0,0.85714287,0.14285715,0.14285713,0.00967118,0.0013815971,1,0,0,1,0
20246,-1,1,-0.52445465,0.3718112,0,1,unassigned,2.0,2.0,0.0,1.0,0.0,0.0,0.0,0.0,1,0,0,0,0
20247,-1,1,-0.17997712,0.45512682,0,1,unassigned,16.0,16.0,0.0,1.0,0.0,0.0,0.027079303,0.0,1,0,0,0,0
20248,-1,1,1.6800847,0.8429157,1,1,unassigned,3.0,1.0,2.0,0.33333334,0.6666667,0.6666666,0.001934236,0.0012894907,1,0,0,1,0
20249,-1,1,2.2721407,0.9065433,1,1,unassigned,56.0,49.0,7.0,0.875,0.125,0.125,0.10444874,0.013056093,1,0,0,1,1
20250,-1,1,0.3749544,0.5926556,1,1,unassigned,26.0,26.0,0.0,1.0,0.0,0.0,0.046421662,0.0,1,0,0,1,0
20251,-1,0,2.4585876,0.9211872,1,1,unassigned,6.0,6.0,0.0,1.0,0.0,0.0,0.007736944,0.0,0,0,0,1,1
20252,-1,1,0.43965977,0.60817796,1,1,unassigned,26.0,25.0,1.0,0.96153843,0.03846154,0.038461566,0.046421662,0.0017854486,1,0,0,1,0
20253,-1,0,-0.288167,0.42845267,0,1,unassigned,2.0,2.0,0.0,1.0,0.0,0.0,0.0,0.0,0,0,0,0,0
20254,-1,0,-0.8147454,0.3068802,0,1,unassigned,72.0,65.0,7.0,0.9027778,0.097222224,0.09722221,0.13539653,0.013163552,0,0,0,0,0
20255,-1,0,-0.9043634,0.28815463,0,1,unassigned,15.0,14.0,1.0,0.93333334,0.06666667,0.06666666,0.025145067,0.0016763379,0,0,0,0,0
20256,-1,0,6.607372,0.99865144,1,1,unassigned,3.0,3.0,0.0,1.0,0.0,0.0,0.001934236,0.0,0,0,0,1,1
20257,-1,1,0.54617566,0.63324785,1,1,unassigned,39.0,39.0,0.0,1.0,0.0,0.0,0.07156673,0.0,1,0,0,1,0
20258,-1,1,-0.8031547,0.30935112,0,1,unassigned,33.0,30.0,3.0,0.90909094,0.09090909,0.090909064,0.059961315,0.0054510287,1,0,0,0,0
20259,-1,0,4.0520062,0.9829096,1,1,unassigned,3.0,3.0,0.0,1.0,0.0,0.0,0.001934236,0.0,0,0,0,1,1
20260,1,1,1.86643,0.86604464,1,0,test,2.0,2.0,0.0,1.0,0.0,0.0,0.0,0.0,1,0,1,1,0
20261,-1,0,-0.20572883,0.44874844,0,1,unassigned,13.0,13.0,0.0,1.0,0.0,0.0,0.021276595,0.0,0,0,0,0,0
20262,-1,0,3.3034213,0.96454597,1,1,unassigned,5.0,4.0,1.0,0.8,0.2,0.19999999,0.0058027077,0.0011605415,0,0,0,1,1
20263,-1,0,1.7980473,0.85791105,1,1,unassigned,2.0,2.0,0.0,1.0,0.0,0.0,0.0,0.0,0,0,0,1,0
20264,-1,1,1.740752,0.8507826,1,1,unassigned,4.0,4.0,0.0,1.0,0.0,0.0,0.003868472,0.0,1,0,0,1,0
20265,-1,0,2.41023,0.9176041,1,1,unassigned,6.0,6.0,0.0,1.0,0.0,0.0,0.007736944,0.0,0,0,0,1,1
20266,-1,1,-0.11360335,0.47162965,0,1,unassigned,2.0,1.0,1.0,0.5,0.5,0.5,0.0,0.0,1,0,0,0,0
20267,-1,1,0.6048048,0.6467548,1,1,unassigned,25.0,24.0,1.0,0.96,0.04,0.04000002,0.044487428,0.001779497,1,0,0,1,0
20268,-1,1,1.9671991,0.87731,1,1,unassigned,24.0,23.0,1.0,0.9583333,0.041666668,0.041666687,0.04255319,0.0017730496,1,0,0,1,0
20269,-1,0,0.4720834,0.61587673,1,1,unassigned,9.0,9.0,0.0,1.0,0.0,0.0,0.013539651,0.0,0,0,0,1,0
20270,1,0,2.9181755,0.9487376,1,0,val,11.0,10.0,1.0,0.90909094,0.09090909,0.090909064,0.017408123,0.0015825568,0,0,1,1,1
20271,-1,0,3.3243644,0.96525526,1,1,unassigned,10.0,10.0,0.0,1.0,0.0,0.0,0.015473888,0.0,0,0,0,1,1
20272,-1,0,4.74775,0.9914034,1,1,unassigned,15.0,15.0,0.0,1.0,0.0,0.0,0.025145067,0.0,0,0,0,1,1
20273,-1,0,-0.16710025,0.45832184,0,1,unassigned,3.0,3.0,0.0,1.0,0.0,0.0,0.001934236,0.0,0,0,0,0,0
20274,-1,1,-0.9587634,0.27712587,0,1,unassigned,29.0,28.0,1.0,0.9655172,0.03448276,0.034482777,0.05222437,0.0018008404,1,0,0,0,0
20275,-1,0,11.768384,0.99999225,1,1,unassigned,2.0,2.0,0.0,1.0,0.0,0.0,0.0,0.0,0,0,0,1,1
20276,-1,1,-1.3743513,0.20191774,0,1,unassigned,2.0,2.0,0.0,1.0,0.0,0.0,0.0,0.0,1,0,0,0,0
20277,-1,0,-0.55599976,0.36447355,0,1,unassigned,26.0,26.0,0.0,1.0,0.0,0.0,0.046421662,0.0,0,0,0,0,0
20278,1,0,4.6794906,0.99080163,1,0,val,35.0,35.0,0.0,1.0,0.0,0.0,0.06382979,0.0,0,0,1,1,1
20279,-1,0,-0.74976486,0.32087255,0,1,unassigned,65.0,63.0,2.0,0.9692308,0.03076923,0.030769229,0.12185687,0.003749442,0,0,0,0,0
20280,-1,1,5.9349527,0.9973616,1,1,unassigned,7.0,7.0,0.0,1.0,0.0,0.0,0.00967118,0.0,1,0,0,1,1
20281,-1,0,1.2224221,0.7724895,1,1,unassigned,2.0,2.0,0.0,1.0,0.0,0.0,0.0,0.0,0,0,0,1,0
20282,-1,0,0.008557856,0.50213945,1,1,unassigned,4.0,4.0,0.0,1.0,0.0,0.0,0.003868472,0.0,0,0,0,1,0
20283,-1,1,3.7008207,0.97589225,1,1,unassigned,3.0,3.0,0.0,1.0,0.0,0.0,0.001934236,0.0,1,0,0,1,1
20284,-1,1,-0.8832854,0.29249743,0,1,unassigned,68.0,63.0,5.0,0.9264706,0.073529415,0.07352942,0.12765957,0.009386734,1,0,0,0,0
20285,-1,0,2.00125,0.8809283,1,1,unassigned,2.0,1.0,1.0,0.5,0.5,0.5,0.0,0.0,0,0,0,1,0
20286,-1,0,0.5985196,0.64531755,1,1,unassigned,3.0,3.0,0.0,1.0,0.0,0.0,0.001934236,0.0,0,0,0,1,0
20287,-1,0,2.0771232,0.8886597,1,1,unassigned,3.0,3.0,0.0,1.0,0.0,0.0,0.001934236,0.0,0,0,0,1,0
20288,-1,0,4.9287915,0.9928167,1,1,unassigned,3.0,3.0,0.0,1.0,0.0,0.0,0.001934236,0.0,0,0,0,1,1
20289,-1,0,3.98162,0.98168623,1,1,unassigned,5.0,2.0,3.0,0.4,0.6,0.6,0.0058027077,0.0034816249,0,0,0,1,1
20290,-1,0,3.0479147,0.95469236,1,1,unassigned,7.0,6.0,1.0,0.85714287,0.14285715,0.14285713,0.00967118,0.0013815971,0,0,0,1,1
20291,-1,0,1.5151603,0.8198247,1,1,unassigned,3.0,3.0,0.0,1.0,0.0,0.0,0.001934236,0.0,0,0,0,1,0
20292,1,0,0.36570293,0.59042025,1,0,test,7.0,7.0,0.0,1.0,0.0,0.0,0.00967118,0.0,0,0,1,1,0
20293,1,0,4.8114667,0.99192977,1,0,unassigned,2.0,1.0,1.0,0.5,0.5,0.5,0.0,0.0,0,0,1,1,1
20294,1,0,5.786755,0.9969414,1,0,unassigned,34.0,34.0,0.0,1.0,0.0,0.0,0.061895553,0.0,0,0,1,1,1
20295,-1,0,1.0926628,0.74888283,1,1,unassigned,14.0,13.0,1.0,0.9285714,0.071428575,0.0714286,0.023210831,0.0016579166,0,0,0,1,0
20296,0,0,-0.3566283,0.41177598,0,0,unassigned,15.0,15.0,0.0,1.0,0.0,0.0,0.025145067,0.0,0,0,1,0,0
20297,-1,0,-0.9287584,0.2831767,0,1,unassigned,6.0,6.0,0.0,1.0,0.0,0.0,0.007736944,0.0,0,0,0,0,0
20298,1,1,4.198203,0.9851998,1,0,val,2.0,2.0,0.0,1.0,0.0,0.0,0.0,0.0,1,0,1,1,1
20299,-1,0,-1.3060265,0.21315254,0,1,unassigned,2.0,2.0,0.0,1.0,0.0,0.0,0.0,0.0,0,0,0,0,0
20300,-1,1,-0.59681153,0.3550735,0,1,unassigned,12.0,12.0,0.0,1.0,0.0,0.0,0.01934236,0.0,1,0,0,0,0
20301,1,0,1.6485603,0.8386964,1,0,unassigned,6.0,4.0,2.0,0.6666667,0.33333334,0.3333333,0.007736944,0.0025789815,0,0,1,1,0
20302,-1,1,2.9347606,0.94953823,1,1,unassigned,9.0,9.0,0.0,1.0,0.0,0.0,0.013539651,0.0,1,0,0,1,1
20303,-1,0,2.5902197,0.93022954,1,1,unassigned,8.0,8.0,0.0,1.0,0.0,0.0,0.0116054155,0.0,0,0,0,1,1
20304,-1,1,10.2569275,0.99996483,1,1,unassigned,33.0,29.0,4.0,0.8787879,0.121212125,0.121212125,0.059961315,0.0072680386,1,0,0,1,1
20305,-1,0,4.449208,0.9884471,1,1,unassigned,2.0,2.0,0.0,1.0,0.0,0.0,0.0,0.0,0,0,0,1,1
20306,-1,0,1.7662923,0.853996,1,1,unassigned,26.0,26.0,0.0,1.0,0.0,0.0,0.046421662,0.0,0,0,0,1,0
20307,-1,0,0.71037775,0.6704846,1,1,unassigned,26.0,25.0,1.0,0.96153843,0.03846154,0.038461566,0.046421662,0.0017854486,0,0,0,1,0
20308,-1,0,-0.5110187,0.37495476,0,1,unassigned,2.0,2.0,0.0,1.0,0.0,0.0,0.0,0.0,0,0,0,0,0
20309,0,0,-0.3169922,0.42140895,0,0,unassigned,38.0,37.0,1.0,0.9736842,0.02631579,0.026315808,0.06963249,0.0018324341,0,0,1,0,0
20310,-1,1,-0.7033942,0.3310601,0,1,unassigned,81.0,78.0,3.0,0.962963,0.037037037,0.037037015,0.15280464,0.005659431,1,0,0,0,0
20311,-1,0,2.9939454,0.9522998,1,1,unassigned,2.0,1.0,1.0,0.5,0.5,0.5,0.0,0.0,0,0,0,1,1
20312,0,1,-0.7336115,0.3244027,0,0,unassigned,60.0,54.0,6.0,0.9,0.1,0.100000024,0.11218569,0.011218569,1,0,1,0,0
20313,-1,0,-0.1534068,0.46172333,0,1,unassigned,5.0,5.0,0.0,1.0,0.0,0.0,0.0058027077,0.0,0,0,0,0,0
20314,1,0,-0.14425111,0.4639996,0,1,test,10.0,10.0,0.0,1.0,0.0,0.0,0.015473888,0.0,0,0,0,0,0
20315,-1,0,0.04766774,0.51191473,1,1,unassigned,48.0,48.0,0.0,1.0,0.0,0.0,0.088974856,0.0,0,0,0,1,0
20316,-1,0,0.8924194,0.7093892,1,1,unassigned,9.0,8.0,1.0,0.8888889,0.11111111,0.111111104,0.013539651,0.0015044058,0,0,0,1,0
20317,-1,0,-0.1605004,0.45996082,0,1,unassigned,3.0,3.0,0.0,1.0,0.0,0.0,0.001934236,0.0,0,0,0,0,0
20318,-1,1,0.86451846,0.7036038,1,1,unassigned,2.0,2.0,0.0,1.0,0.0,0.0,0.0,0.0,1,0,0,1,0
20319,-1,1,1.6061003,0.8328693,1,1,unassigned,3.0,3.0,0.0,1.0,0.0,0.0,0.001934236,0.0,1,0,0,1,0
20320,-1,0,-0.074902415,0.4812832,0,1,unassigned,3.0,3.0,0.0,1.0,0.0,0.0,0.001934236,0.0,0,0,0,0,0
20321,-1,0,-0.058941305,0.48526892,0,1,unassigned,7.0,7.0,0.0,1.0,0.0,0.0,0.00967118,0.0,0,0,0,0,0
20322,-1,0,-0.5870123,0.35732064,0,1,unassigned,74.0,73.0,1.0,0.9864865,0.013513514,0.013513505,0.13926499,0.0018819593,0,0,0,0,0
20323,-1,0,-0.18277955,0.45443192,0,1,unassigned,25.0,24.0,1.0,0.96,0.04,0.04000002,0.044487428,0.001779497,0,0,0,0,0
20324,0,1,-0.29217276,0.427472,0,0,val,16.0,12.0,4.0,0.75,0.25,0.25,0.027079303,0.0067698257,1,0,1,0,0
20325,-1,0,0.97420317,0.7259565,1,1,unassigned,31.0,30.0,1.0,0.9677419,0.032258064,0.032258093,0.056092843,0.0018094465,0,0,0,1,0
20326,-1,0,-0.50807595,0.37564465,0,1,unassigned,5.0,5.0,0.0,1.0,0.0,0.0,0.0058027077,0.0,0,0,0,0,0
20327,-1,0,-0.4350825,0.39291334,0,1,unassigned,9.0,8.0,1.0,0.8888889,0.11111111,0.111111104,0.013539651,0.0015044058,0,0,0,0,0
20328,-1,0,2.4246233,0.9186858,1,1,unassigned,10.0,9.0,1.0,0.9,0.1,0.100000024,0.015473888,0.0015473888,0,0,0,1,1
20329,-1,0,-0.7288622,0.32544446,0,1,unassigned,27.0,27.0,0.0,1.0,0.0,0.0,0.0483559,0.0,0,0,0,0,0
20330,-1,0,-0.6505351,0.34286895,0,1,unassigned,11.0,11.0,0.0,1.0,0.0,0.0,0.017408123,0.0,0,0,0,0,0
20331,-1,0,-0.6649628,0.33962566,0,1,unassigned,46.0,46.0,0.0,1.0,0.0,0.0,0.08510638,0.0,0,0,0,0,0
20332,1,1,0.8803485,0.7068944,1,0,val,7.0,6.0,1.0,0.85714287,0.14285715,0.14285713,0.00967118,0.0013815971,1,0,1,1,0
20333,-1,0,5.7911935,0.9969549,1,1,unassigned,3.0,3.0,0.0,1.0,0.0,0.0,0.001934236,0.0,0,0,0,1,1
20334,-1,0,1.6035583,0.8325151,1,1,unassigned,14.0,13.0,1.0,0.9285714,0.071428575,0.0714286,0.023210831,0.0016579166,0,0,0,1,0
20335,-1,0,-0.8516258,0.29909194,0,1,unassigned,5.0,5.0,0.0,1.0,0.0,0.0,0.0058027077,0.0,0,0,0,0,0
20336,-1,0,0.10850918,0.5271007,1,1,unassigned,2.0,1.0,1.0,0.5,0.5,0.5,0.0,0.0,0,0,0,1,0
20337,0,0,-0.48948812,0.38001418,0,0,unassigned,9.0,9.0,0.0,1.0,0.0,0.0,0.013539651,0.0,0,0,1,0,0
20338,0,1,-0.5317235,0.370115,0,0,test,59.0,58.0,1.0,0.9830508,0.016949153,0.016949177,0.11025145,0.0018686686,1,0,1,0,0
20339,-1,1,-0.13920474,0.4652549,0,1,unassigned,30.0,30.0,0.0,1.0,0.0,0.0,0.054158606,0.0,1,0,0,0,0
20340,-1,0,3.283029,0.963842,1,1,unassigned,2.0,1.0,1.0,0.5,0.5,0.5,0.0,0.0,0,0,0,1,1
20341,-1,0,2.8935544,0.9475269,1,1,unassigned,20.0,18.0,2.0,0.9,0.1,0.100000024,0.034816246,0.0034816246,0,0,0,1,1
20342,-1,0,2.1995842,0.90021217,1,1,unassigned,21.0,17.0,4.0,0.8095238,0.1904762,0.19047618,0.036750484,0.0070000924,0,0,0,1,1
20343,-1,1,-0.15547037,0.46121055,0,1,unassigned,6.0,4.0,2.0,0.6666667,0.33333334,0.3333333,0.007736944,0.0025789815,1,0,0,0,0
20344,0,0,-0.15577081,0.46113583,0,0,unassigned,2.0,2.0,0.0,1.0,0.0,0.0,0.0,0.0,0,0,1,0,0
20345,-1,0,-0.8206646,0.3056226,0,1,unassigned,97.0,96.0,1.0,0.9896907,0.010309278,0.010309279,0.18375242,0.0018943547,0,0,0,0,0
20346,1,0,2.1579306,0.89640754,1,0,test,2.0,2.0,0.0,1.0,0.0,0.0,0.0,0.0,0,0,1,1,0
20347,-1,0,0.3669296,0.59071684,1,1,unassigned,3.0,3.0,0.0,1.0,0.0,0.0,0.001934236,0.0,0,0,0,1,0
20348,-1,0,-0.15862316,0.46042717,0,1,unassigned,3.0,3.0,0.0,1.0,0.0,0.0,0.001934236,0.0,0,0,0,0,0
20349,-1,0,2.2200582,0.90203637,1,1,unassigned,38.0,37.0,1.0,0.9736842,0.02631579,0.026315808,0.06963249,0.0018324341,0,0,0,1,1
20350,-1,0,-0.33630747,0.4167067,0,1,unassigned,7.0,7.0,0.0,1.0,0.0,0.0,0.00967118,0.0,0,0,0,0,0
20351,-1,1,5.0807195,0.99382293,1,1,unassigned,5.0,4.0,1.0,0.8,0.2,0.19999999,0.0058027077,0.0011605415,1,0,0,1,1
20352,-1,0,5.374825,0.9953896,1,1,unassigned,3.0,3.0,0.0,1.0,0.0,0.0,0.001934236,0.0,0,0,0,1,1
20353,-1,0,4.1501737,0.9844828,1,1,unassigned,3.0,2.0,1.0,0.6666667,0.33333334,0.3333333,0.001934236,0.00064474536,0,0,0,1,1
20354,-1,0,-0.4746457,0.38351727,0,1,unassigned,52.0,51.0,1.0,0.9807692,0.01923077,0.019230783,0.0967118,0.0018598423,0,0,0,0,0
20355,-1,0,0.5648474,0.6375734,1,1,unassigned,3.0,3.0,0.0,1.0,0.0,0.0,0.001934236,0.0,0,0,0,1,0
20356,-1,1,8.964658,0.9998722,1,1,unassigned,14.0,10.0,4.0,0.71428573,0.2857143,0.28571427,0.023210831,0.0066316663,1,0,0,1,1
20357,-1,0,-0.34805727,0.41385365,0,1,unassigned,11.0,11.0,0.0,1.0,0.0,0.0,0.017408123,0.0,0,0,0,0,0
20358,-1,1,-0.90063584,0.28891984,0,1,unassigned,14.0,14.0,0.0,1.0,0.0,0.0,0.023210831,0.0,1,0,0,0,0
20359,0,1,0.29172164,0.57241756,1,1,unassigned,26.0,25.0,1.0,0.96153843,0.03846154,0.038461566,0.046421662,0.0017854486,1,0,0,1,0
20360,-1,0,-0.22377914,0.44428748,0,1,unassigned,3.0,3.0,0.0,1.0,0.0,0.0,0.001934236,0.0,0,0,0,0,0
20361,-1,0,9.46833,0.99992275,1,1,unassigned,5.0,5.0,0.0,1.0,0.0,0.0,0.0058027077,0.0,0,0,0,1,1
20362,-1,0,1.7196491,0.8480836,1,1,unassigned,3.0,3.0,0.0,1.0,0.0,0.0,0.001934236,0.0,0,0,0,1,0
20363,-1,0,0.109847784,0.52743435,1,1,unassigned,3.0,3.0,0.0,1.0,0.0,0.0,0.001934236,0.0,0,0,0,1,0
20364,-1,0,-0.48017645,0.38221043,0,1,unassigned,3.0,3.0,0.0,1.0,0.0,0.0,0.001934236,0.0,0,0,0,0,0
20365,-1,0,-0.16785741,0.4581339,0,1,unassigned,2.0,2.0,0.0,1.0,0.0,0.0,0.0,0.0,0,0,0,0,0
20366,-1,0,5.193661,0.99447894,1,1,unassigned,2.0,2.0,0.0,1.0,0.0,0.0,0.0,0.0,0,0,0,1,1
20367,-1,1,0.2678299,0.5665601,1,1,unassigned,4.0,3.0,1.0,0.75,0.25,0.25,0.003868472,0.000967118,1,0,0,1,0
20368,-1,1,-0.6862292,0.33487242,0,1,unassigned,3.0,3.0,0.0,1.0,0.0,0.0,0.001934236,0.0,1,0,0,0,0
20369,-1,0,-0.12158781,0.4696404,0,1,unassigned,36.0,35.0,1.0,0.9722222,0.027777778,0.027777791,0.065764025,0.0018267785,0,0,0,0,0
20370,-1,0,-0.22504628,0.4439747,0,1,unassigned,10.0,10.0,0.0,1.0,0.0,0.0,0.015473888,0.0,0,0,0,0,0
20371,-1,0,2.161873,0.89677304,1,1,unassigned,33.0,30.0,3.0,0.90909094,0.09090909,0.090909064,0.059961315,0.0054510287,0,0,0,1,0
20372,-1,1,0.4445383,0.6093399,1,1,unassigned,9.0,8.0,1.0,0.8888889,0.11111111,0.111111104,0.013539651,0.0015044058,1,0,0,1,0
20373,1,0,1.0173569,0.73445743,1,0,unassigned,9.0,9.0,0.0,1.0,0.0,0.0,0.013539651,0.0,0,0,1,1,0
20374,-1,0,-0.78942966,0.31229115,0,1,unassigned,16.0,16.0,0.0,1.0,0.0,0.0,0.027079303,0.0,0,0,0,0,0
20375,-1,0,-0.6484556,0.34333766,0,1,unassigned,6.0,6.0,0.0,1.0,0.0,0.0,0.007736944,0.0,0,0,0,0,0
20376,-1,1,-0.24451429,0.43917418,0,1,unassigned,2.0,2.0,0.0,1.0,0.0,0.0,0.0,0.0,1,0,0,0,0
20377,-1,0,-0.2972443,0.42623127,0,1,unassigned,2.0,2.0,0.0,1.0,0.0,0.0,0.0,0.0,0,0,0,0,0
20378,-1,0,0.053194165,0.5132954,1,1,unassigned,5.0,4.0,1.0,0.8,0.2,0.19999999,0.0058027077,0.0011605415,0,0,0,1,0
20379,-1,0,-0.49732313,0.37816995,0,1,unassigned,9.0,9.0,0.0,1.0,0.0,0.0,0.013539651,0.0,0,0,0,0,0
20380,-1,1,-0.5043795,0.37651202,0,1,unassigned,44.0,43.0,1.0,0.97727275,0.022727273,0.022727251,0.08123791,0.0018463163,1,0,0,0,0
20381,-1,0,5.6924453,0.99663997,1,1,unassigned,5.0,5.0,0.0,1.0,0.0,0.0,0.0058027077,0.0,0,0,0,1,1
20382,-1,0,-0.03660339,0.49085018,0,1,unassigned,24.0,22.0,2.0,0.9166667,0.083333336,0.08333331,0.04255319,0.0035460992,0,0,0,0,0
20383,-1,1,2.4048367,0.9171953,1,1,unassigned,17.0,17.0,0.0,1.0,0.0,0.0,0.029013539,0.0,1,0,0,1,1
20384,-1,1,0.75731105,0.6807696,1,1,unassigned,25.0,24.0,1.0,0.96,0.04,0.04000002,0.044487428,0.001779497,1,0,0,1,0
20385,-1,0,0.1617598,0.540352,1,1,unassigned,32.0,30.0,2.0,0.9375,0.0625,0.0625,0.058027077,0.0036266923,0,0,0,1,0
20386,-1,0,-0.6698515,0.3385301,0,1,unassigned,20.0,20.0,0.0,1.0,0.0,0.0,0.034816246,0.0,0,0,0,0,0
20387,-1,0,-0.5732695,0.36048275,0,1,unassigned,6.0,6.0,0.0,1.0,0.0,0.0,0.007736944,0.0,0,0,0,0,0
20388,-1,0,6.471785,0.9984559,1,1,unassigned,2.0,2.0,0.0,1.0,0.0,0.0,0.0,0.0,0,0,0,1,1
20389,-1,0,0.6228159,0.6508587,1,1,unassigned,24.0,24.0,0.0,1.0,0.0,0.0,0.04255319,0.0,0,0,0,1,0
20390,-1,0,2.8454783,0.9450845,1,1,unassigned,2.0,2.0,0.0,1.0,0.0,0.0,0.0,0.0,0,0,0,1,1
20391,-1,0,5.972731,0.99745923,1,1,unassigned,12.0,12.0,0.0,1.0,0.0,0.0,0.01934236,0.0,0,0,0,1,1
20392,-1,0,6.345498,0.99824846,1,1,unassigned,8.0,8.0,0.0,1.0,0.0,0.0,0.0116054155,0.0,0,0,0,1,1
20393,-1,0,3.0476353,0.9546803,1,1,unassigned,22.0,19.0,3.0,0.8636364,0.13636364,0.13636363,0.03868472,0.005275189,0,0,0,1,1
20394,1,0,2.1423776,0.8949544,1,0,unassigned,12.0,12.0,0.0,1.0,0.0,0.0,0.01934236,0.0,0,0,1,1,0
20395,-1,0,0.54072064,0.63198006,1,1,unassigned,7.0,7.0,0.0,1.0,0.0,0.0,0.00967118,0.0,0,0,0,1,0
20396,-1,0,-0.09414685,0.47648066,0,1,unassigned,5.0,5.0,0.0,1.0,0.0,0.0,0.0058027077,0.0,0,0,0,0,0
20397,-1,0,-0.09414685,0.47648066,0,1,unassigned,5.0,5.0,0.0,1.0,0.0,0.0,0.0058027077,0.0,0,0,0,0,0
20398,-1,0,2.213475,0.901453,1,1,unassigned,8.0,8.0,0.0,1.0,0.0,0.0,0.0116054155,0.0,0,0,0,1,1
20399,-1,0,0.31409138,0.5778836,1,1,unassigned,8.0,8.0,0.0,1.0,0.0,0.0,0.0116054155,0.0,0,0,0,1,0
20400,-1,1,3.0912058,0.95652854,1,1,unassigned,12.0,8.0,4.0,0.6666667,0.33333334,0.3333333,0.01934236,0.006447453,1,0,0,1,1
20401,-1,0,-0.7209836,0.3271764,0,1,unassigned,4.0,4.0,0.0,1.0,0.0,0.0,0.003868472,0.0,0,0,0,0,0
20402,-1,0,-0.017029881,0.49574265,0,1,unassigned,6.0,6.0,0.0,1.0,0.0,0.0,0.007736944,0.0,0,0,0,0,0
20403,-1,0,14.204372,0.9999993,1,1,unassigned,9.0,9.0,0.0,1.0,0.0,0.0,0.013539651,0.0,0,0,0,1,1
20404,-1,0,-0.07409394,0.481485,0,1,unassigned,3.0,3.0,0.0,1.0,0.0,0.0,0.001934236,0.0,0,0,0,0,0
20405,-1,0,-0.27864537,0.43078592,0,1,unassigned,4.0,4.0,0.0,1.0,0.0,0.0,0.003868472,0.0,0,0,0,0,0
20406,-1,1,3.212948,0.9613187,1,1,unassigned,2.0,2.0,0.0,1.0,0.0,0.0,0.0,0.0,1,0,0,1,1
20407,-1,1,-0.48655656,0.3807051,0,1,unassigned,9.0,6.0,3.0,0.6666667,0.33333334,0.3333333,0.013539651,0.004513217,1,0,0,0,0
20408,-1,0,4.208358,0.98534715,1,1,unassigned,27.0,27.0,0.0,1.0,0.0,0.0,0.0483559,0.0,0,0,0,1,1
20409,-1,0,-0.5418167,0.36776507,0,1,unassigned,2.0,2.0,0.0,1.0,0.0,0.0,0.0,0.0,0,0,0,0,0
20410,-1,0,-0.5685978,0.3615604,0,1,unassigned,6.0,6.0,0.0,1.0,0.0,0.0,0.007736944,0.0,0,0,0,0,0
20411,-1,0,-0.17941654,0.45526582,0,1,unassigned,6.0,5.0,1.0,0.8333333,0.16666667,0.16666669,0.007736944,0.0012894907,0,0,0,0,0
20412,1,0,1.4693043,0.8129516,1,0,unassigned,2.0,2.0,0.0,1.0,0.0,0.0,0.0,0.0,0,0,1,1,0
20413,-1,0,0.2739653,0.5680661,1,1,unassigned,2.0,2.0,0.0,1.0,0.0,0.0,0.0,0.0,0,0,0,1,0
20414,-1,0,-0.78885925,0.31241366,0,1,unassigned,15.0,14.0,1.0,0.93333334,0.06666667,0.06666666,0.025145067,0.0016763379,0,0,0,0,0
20415,-1,0,-0.55738384,0.364153,0,1,unassigned,47.0,44.0,3.0,0.9361702,0.06382979,0.06382978,0.08704062,0.0055557843,0,0,0,0,0
20416,-1,0,-0.62086105,0.34958562,0,1,unassigned,17.0,17.0,0.0,1.0,0.0,0.0,0.029013539,0.0,0,0,0,0,0
20417,-1,0,-0.5786311,0.35924765,0,1,unassigned,9.0,9.0,0.0,1.0,0.0,0.0,0.013539651,0.0,0,0,0,0,0
20418,-1,1,2.0113919,0.881988,1,1,unassigned,15.0,15.0,0.0,1.0,0.0,0.0,0.025145067,0.0,1,0,0,1,0
20419,-1,0,3.153806,0.95905846,1,1,unassigned,8.0,8.0,0.0,1.0,0.0,0.0,0.0116054155,0.0,0,0,0,1,1
20420,-1,0,-0.1517232,0.46214178,0,1,unassigned,15.0,14.0,1.0,0.93333334,0.06666667,0.06666666,0.025145067,0.0016763379,0,0,0,0,0
20421,-1,0,-0.79382133,0.31134874,0,1,unassigned,53.0,53.0,0.0,1.0,0.0,0.0,0.09864604,0.0,0,0,0,0,0
20422,-1,0,-0.51766557,0.37339824,0,1,unassigned,3.0,3.0,0.0,1.0,0.0,0.0,0.001934236,0.0,0,0,0,0,0
20423,0,0,-0.06990856,0.48252997,0,0,unassigned,71.0,68.0,3.0,0.9577465,0.04225352,0.042253494,0.13346228,0.0056392513,0,0,1,0,0
20424,-1,0,-0.27670878,0.43126082,0,1,unassigned,4.0,4.0,0.0,1.0,0.0,0.0,0.003868472,0.0,0,0,0,0,0
20425,-1,0,2.4618092,0.92142075,1,1,unassigned,2.0,2.0,0.0,1.0,0.0,0.0,0.0,0.0,0,0,0,1,1
20426,-1,0,-0.9020945,0.28862026,0,1,unassigned,21.0,21.0,0.0,1.0,0.0,0.0,0.036750484,0.0,0,0,0,0,0
20427,-1,1,-0.63001096,0.34750804,0,1,unassigned,48.0,40.0,8.0,0.8333333,0.16666667,0.16666669,0.088974856,0.014829143,1,0,0,0,0
20428,1,0,-1.5772607,0.17118378,0,1,test,6.0,5.0,1.0,0.8333333,0.16666667,0.16666669,0.007736944,0.0012894907,0,0,0,0,0
20429,-1,0,2.256305,0.905193,1,1,unassigned,3.0,3.0,0.0,1.0,0.0,0.0,0.001934236,0.0,0,0,0,1,1
20430,-1,0,-0.08425903,0.4789477,0,1,unassigned,12.0,12.0,0.0,1.0,0.0,0.0,0.01934236,0.0,0,0,0,0,0
20431,1,0,0.8306671,0.69649595,1,0,test,7.0,7.0,0.0,1.0,0.0,0.0,0.00967118,0.0,0,0,1,1,0
20432,-1,0,-0.8384775,0.30185553,0,1,unassigned,8.0,7.0,1.0,0.875,0.125,0.125,0.0116054155,0.0014506769,0,0,0,0,0
20433,-1,0,-0.54290974,0.36751094,0,1,unassigned,93.0,92.0,1.0,0.9892473,0.010752688,0.010752678,0.17601547,0.0018926394,0,0,0,0,0
20434,-1,1,-0.7283497,0.325557,0,1,unassigned,75.0,65.0,10.0,0.8666667,0.13333334,0.13333333,0.14119923,0.018826565,1,0,0,0,0
20435,-1,0,-0.7000244,0.3318068,0,1,unassigned,93.0,93.0,0.0,1.0,0.0,0.0,0.17601547,0.0,0,0,0,0,0
20436,-1,0,-0.62044257,0.34968078,0,1,unassigned,2.0,2.0,0.0,1.0,0.0,0.0,0.0,0.0,0,0,0,0,0
20437,-1,1,5.133557,0.9941391,1,1,unassigned,6.0,6.0,0.0,1.0,0.0,0.0,0.007736944,0.0,1,0,0,1,1
20438,-1,0,-0.97028375,0.27482393,0,1,unassigned,76.0,75.0,1.0,0.9868421,0.013157895,0.013157904,0.14313346,0.0018833351,0,0,0,0,0
20439,-1,0,-0.71189433,0.3291804,0,1,unassigned,5.0,5.0,0.0,1.0,0.0,0.0,0.0058027077,0.0,0,0,0,0,0
20440,1,1,1.6591804,0.84012794,1,0,val,2.0,2.0,0.0,1.0,0.0,0.0,0.0,0.0,1,0,1,1,0
20441,-1,0,-0.24344698,0.4394371,0,1,unassigned,13.0,13.0,0.0,1.0,0.0,0.0,0.021276595,0.0,0,0,0,0,0
20442,-1,0,1.3847651,0.79975516,1,1,unassigned,15.0,15.0,0.0,1.0,0.0,0.0,0.025145067,0.0,0,0,0,1,0
20443,-1,0,-0.85377043,0.29864252,0,1,unassigned,4.0,4.0,0.0,1.0,0.0,0.0,0.003868472,0.0,0,0,0,0,0
20444,-1,0,0.20283133,0.55053467,1,1,unassigned,3.0,3.0,0.0,1.0,0.0,0.0,0.001934236,0.0,0,0,0,1,0
20445,-1,0,0.5684634,0.63840854,1,1,unassigned,2.0,2.0,0.0,1.0,0.0,0.0,0.0,0.0,0,0,0,1,0
20446,-1,0,0.08904719,0.5222471,1,1,unassigned,2.0,2.0,0.0,1.0,0.0,0.0,0.0,0.0,0,0,0,1,0
20447,-1,0,3.48012,0.97011685,1,1,unassigned,4.0,4.0,0.0,1.0,0.0,0.0,0.003868472,0.0,0,0,0,1,1
20448,1,0,-0.32440284,0.4196031,0,1,val,45.0,43.0,2.0,0.95555556,0.044444446,0.04444444,0.08317215,0.0036965401,0,0,0,0,0
20449,-1,0,-0.3406093,0.41566148,0,1,unassigned,41.0,38.0,3.0,0.9268293,0.07317073,0.07317072,0.07543521,0.005519649,0,0,0,0,0
20450,1,0,0.49958593,0.622362,1,0,unassigned,51.0,51.0,0.0,1.0,0.0,0.0,0.09477756,0.0,0,0,1,1,0
20451,-1,0,0.33661765,0.58336866,1,1,unassigned,63.0,62.0,1.0,0.984127,0.015873017,0.015873015,0.11798839,0.0018728317,0,0,0,1,0
20452,-1,1,-0.58903474,0.35685635,0,1,unassigned,10.0,10.0,0.0,1.0,0.0,0.0,0.015473888,0.0,1,0,0,0,0
20453,-1,0,0.006543696,0.5016359,1,1,unassigned,4.0,4.0,0.0,1.0,0.0,0.0,0.003868472,0.0,0,0,0,1,0
20454,-1,1,2.8028417,0.9428292,1,1,unassigned,2.0,2.0,0.0,1.0,0.0,0.0,0.0,0.0,1,0,0,1,1
20455,-1,1,0.60595495,0.64701754,1,1,unassigned,18.0,18.0,0.0,1.0,0.0,0.0,0.030947777,0.0,1,0,0,1,0
20456,-1,0,0.09085065,0.52269703,1,1,unassigned,52.0,51.0,1.0,0.9807692,0.01923077,0.019230783,0.0967118,0.0018598423,0,0,0,1,0
20457,-1,1,-0.09636015,0.47592854,0,1,unassigned,7.0,7.0,0.0,1.0,0.0,0.0,0.00967118,0.0,1,0,0,0,0
20458,0,0,0.857259,0.70208764,1,1,val,24.0,24.0,0.0,1.0,0.0,0.0,0.04255319,0.0,0,0,0,1,0
20459,-1,0,0.12912887,0.5322374,1,1,unassigned,7.0,5.0,2.0,0.71428573,0.2857143,0.28571427,0.00967118,0.0027631943,0,0,0,1,0
20460,-1,1,1.3415165,0.7927392,1,1,unassigned,7.0,6.0,1.0,0.85714287,0.14285715,0.14285713,0.00967118,0.0013815971,1,0,0,1,0
20461,-1,0,-0.49242586,0.3793223,0,1,unassigned,9.0,9.0,0.0,1.0,0.0,0.0,0.013539651,0.0,0,0,0,0,0
20462,-1,1,9.570832,0.99993026,1,1,unassigned,3.0,3.0,0.0,1.0,0.0,0.0,0.001934236,0.0,1,0,0,1,1
20463,-1,0,0.06174946,0.5154325,1,1,unassigned,4.0,4.0,0.0,1.0,0.0,0.0,0.003868472,0.0,0,0,0,1,0
20464,-1,0,4.3251534,0.9869413,1,1,unassigned,15.0,13.0,2.0,0.8666667,0.13333334,0.13333333,0.025145067,0.0033526758,0,0,0,1,1
20465,-1,0,-0.5801071,0.35890794,0,1,unassigned,3.0,3.0,0.0,1.0,0.0,0.0,0.001934236,0.0,0,0,0,0,0
20466,-1,0,-0.772882,0.315856,0,1,unassigned,25.0,24.0,1.0,0.96,0.04,0.04000002,0.044487428,0.001779497,0,0,0,0,0
20467,-1,0,-0.336395,0.41668543,0,1,unassigned,5.0,5.0,0.0,1.0,0.0,0.0,0.0058027077,0.0,0,0,0,0,0
20468,-1,0,-0.18165925,0.45470968,0,1,unassigned,6.0,6.0,0.0,1.0,0.0,0.0,0.007736944,0.0,0,0,0,0,0
20469,0,0,-0.42476326,0.39537752,0,0,unassigned,4.0,3.0,1.0,0.75,0.25,0.25,0.003868472,0.000967118,0,0,1,0,0
20470,-1,1,0.9571927,0.7225594,1,1,unassigned,27.0,27.0,0.0,1.0,0.0,0.0,0.0483559,0.0,1,0,0,1,0
20471,-1,0,0.21992022,0.5547595,1,1,unassigned,2.0,2.0,0.0,1.0,0.0,0.0,0.0,0.0,0,0,0,1,0
20472,-1,1,1.5983193,0.8317833,1,1,unassigned,8.0,8.0,0.0,1.0,0.0,0.0,0.0116054155,0.0,1,0,0,1,0
20473,0,0,-0.6407386,0.3450796,0,0,unassigned,24.0,24.0,0.0,1.0,0.0,0.0,0.04255319,0.0,0,0,1,0,0
20474,-1,0,1.1127441,0.75264037,1,1,unassigned,2.0,1.0,1.0,0.5,0.5,0.5,0.0,0.0,0,0,0,1,0
20475,-1,1,-0.9243953,0.28406316,0,1,unassigned,12.0,11.0,1.0,0.9166667,0.083333336,0.08333331,0.01934236,0.0016118633,1,0,0,0,0
20476,-1,1,0.20538455,0.5511664,1,1,unassigned,9.0,9.0,0.0,1.0,0.0,0.0,0.013539651,0.0,1,0,0,1,0
20477,-1,0,1.9299228,0.8732409,1,1,unassigned,14.0,13.0,1.0,0.9285714,0.071428575,0.0714286,0.023210831,0.0016579166,0,0,0,1,0
20478,1,0,3.1800845,0.96007794,1,0,val,6.0,5.0,1.0,0.8333333,0.16666667,0.16666669,0.007736944,0.0012894907,0,0,1,1,1
20479,-1,0,-0.7522196,0.32033786,0,1,unassigned,3.0,3.0,0.0,1.0,0.0,0.0,0.001934236,0.0,0,0,0,0,0
20480,0,0,1.5242755,0.8211672,1,1,unassigned,3.0,3.0,0.0,1.0,0.0,0.0,0.001934236,0.0,0,0,0,1,0
20481,-1,0,5.954977,0.9974138,1,1,unassigned,11.0,11.0,0.0,1.0,0.0,0.0,0.017408123,0.0,0,0,0,1,1
20482,-1,0,6.2743115,0.9981194,1,1,unassigned,14.0,14.0,0.0,1.0,0.0,0.0,0.023210831,0.0,0,0,0,1,1
20483,1,0,3.6940691,0.9757329,1,0,val,8.0,8.0,0.0,1.0,0.0,0.0,0.0116054155,0.0,0,0,1,1,1
20484,-1,0,4.6559567,0.9905847,1,1,unassigned,2.0,2.0,0.0,1.0,0.0,0.0,0.0,0.0,0,0,0,1,1
20485,0,0,-0.5205123,0.37273246,0,0,unassigned,10.0,10.0,0.0,1.0,0.0,0.0,0.015473888,0.0,0,0,1,0,0
20486,-1,0,0.52408,0.6281013,1,1,unassigned,2.0,2.0,0.0,1.0,0.0,0.0,0.0,0.0,0,0,0,1,0
20487,-1,0,-0.33050448,0.41811788,0,1,unassigned,15.0,14.0,1.0,0.93333334,0.06666667,0.06666666,0.025145067,0.0016763379,0,0,0,0,0
20488,-1,0,-0.85612166,0.29815027,0,1,unassigned,25.0,25.0,0.0,1.0,0.0,0.0,0.044487428,0.0,0,0,0,0,0
20489,-1,0,3.1190343,0.9576711,1,1,unassigned,6.0,5.0,1.0,0.8333333,0.16666667,0.16666669,0.007736944,0.0012894907,0,0,0,1,1
20490,-1,0,0.11323613,0.5282788,1,1,unassigned,23.0,23.0,0.0,1.0,0.0,0.0,0.040618956,0.0,0,0,0,1,0
20491,1,0,-0.45747903,0.38758403,0,1,test,15.0,11.0,4.0,0.73333335,0.26666668,0.26666665,0.025145067,0.0067053516,0,0,0,0,0
20492,-1,1,-0.13098049,0.4673016,0,1,unassigned,37.0,35.0,2.0,0.9459459,0.054054055,0.05405408,0.06769826,0.0036593657,1,0,0,0,0
20493,-1,1,0.3117332,0.5773083,1,1,unassigned,15.0,14.0,1.0,0.93333334,0.06666667,0.06666666,0.025145067,0.0016763379,1,0,0,1,0
20494,-1,0,-0.52583754,0.37148824,0,1,unassigned,15.0,15.0,0.0,1.0,0.0,0.0,0.025145067,0.0,0,0,0,0,0
20495,-1,0,-0.3031224,0.42479438,0,1,unassigned,4.0,4.0,0.0,1.0,0.0,0.0,0.003868472,0.0,0,0,0,0,0
20496,-1,0,1.5493908,0.8248257,1,1,unassigned,6.0,5.0,1.0,0.8333333,0.16666667,0.16666669,0.007736944,0.0012894907,0,0,0,1,0
20497,-1,1,-0.18637586,0.45354044,0,1,unassigned,30.0,30.0,0.0,1.0,0.0,0.0,0.054158606,0.0,1,0,0,0,0
20498,-1,0,-0.557684,0.36408353,0,1,unassigned,14.0,12.0,2.0,0.85714287,0.14285715,0.14285713,0.023210831,0.0033158332,0,0,0,0,0
20499,-1,0,-0.7867981,0.31285658,0,1,unassigned,16.0,16.0,0.0,1.0,0.0,0.0,0.027079303,0.0,0,0,0,0,0
20500,-1,0,1.006877,0.7324085,1,1,unassigned,2.0,2.0,0.0,1.0,0.0,0.0,0.0,0.0,0,0,0,1,0
20501,1,0,1.1084735,0.7518444,1,0,val,15.0,15.0,0.0,1.0,0.0,0.0,0.025145067,0.0,0,0,1,1,0
20502,-1,1,2.209936,0.9011382,1,1,unassigned,20.0,10.0,10.0,0.5,0.5,0.5,0.034816246,0.017408123,1,0,0,1,1
20503,-1,1,3.2687047,0.9633395,1,1,unassigned,3.0,3.0,0.0,1.0,0.0,0.0,0.001934236,0.0,1,0,0,1,1
20504,0,1,-0.68032587,0.33618858,0,0,unassigned,12.0,12.0,0.0,1.0,0.0,0.0,0.01934236,0.0,1,0,1,0,0
20505,0,0,0.13300633,0.53320265,1,1,test,8.0,8.0,0.0,1.0,0.0,0.0,0.0116054155,0.0,0,0,0,1,0
20506,-1,1,-0.31470367,0.42196706,0,1,unassigned,39.0,39.0,0.0,1.0,0.0,0.0,0.07156673,0.0,1,0,0,0,0
20507,-1,0,1.1436734,0.7583535,1,1,unassigned,3.0,3.0,0.0,1.0,0.0,0.0,0.001934236,0.0,0,0,0,1,0
20508,-1,0,-0.32068425,0.420509,0,1,unassigned,19.0,19.0,0.0,1.0,0.0,0.0,0.032882012,0.0,0,0,0,0,0
20509,-1,0,-0.27045405,0.43279564,0,1,unassigned,28.0,28.0,0.0,1.0,0.0,0.0,0.050290134,0.0,0,0,0,0,0
20510,-1,0,2.075698,0.8885186,1,1,unassigned,24.0,22.0,2.0,0.9166667,0.083333336,0.08333331,0.04255319,0.0035460992,0,0,0,1,0
20511,-1,0,5.9343324,0.99735993,1,1,unassigned,2.0,2.0,0.0,1.0,0.0,0.0,0.0,0.0,0,0,0,1,1
20512,-1,0,0.9158941,0.7142048,1,1,unassigned,14.0,13.0,1.0,0.9285714,0.071428575,0.0714286,0.023210831,0.0016579166,0,0,0,1,0
20513,-1,0,3.2454245,0.9625084,1,1,unassigned,16.0,15.0,1.0,0.9375,0.0625,0.0625,0.027079303,0.0016924564,0,0,0,1,1
20514,-1,1,1.0439517,0.7396118,1,1,unassigned,3.0,3.0,0.0,1.0,0.0,0.0,0.001934236,0.0,1,0,0,1,0
20515,-1,0,6.6556706,0.9987149,1,1,unassigned,21.0,20.0,1.0,0.95238096,0.04761905,0.047619045,0.036750484,0.0017500231,0,0,0,1,1
20516,1,0,1.7049181,0.84617597,1,0,val,16.0,15.0,1.0,0.9375,0.0625,0.0625,0.027079303,0.0016924564,0,0,1,1,0
20517,-1,0,-0.818575,0.30606622,0,1,unassigned,2.0,2.0,0.0,1.0,0.0,0.0,0.0,0.0,0,0,0,0,0
20518,-1,1,1.7315285,0.8496078,1,1,unassigned,15.0,15.0,0.0,1.0,0.0,0.0,0.025145067,0.0,1,0,0,1,0
20519,1,0,-0.47344345,0.38380155,0,1,test,33.0,33.0,0.0,1.0,0.0,0.0,0.059961315,0.0,0,0,0,0,0
20520,-1,0,-0.894422,0.29019812,0,1,unassigned,32.0,32.0,0.0,1.0,0.0,0.0,0.058027077,0.0,0,0,0,0,0
20521,-1,0,1.4139571,0.80438936,1,1,unassigned,6.0,5.0,1.0,0.8333333,0.16666667,0.16666669,0.007736944,0.0012894907,0,0,0,1,0
20522,-1,1,1.8150344,0.85996926,1,1,unassigned,10.0,9.0,1.0,0.9,0.1,0.100000024,0.015473888,0.0015473888,1,0,0,1,0
20523,-1,0,-0.9446611,0.2799598,0,1,unassigned,3.0,3.0,0.0,1.0,0.0,0.0,0.001934236,0.0,0,0,0,0,0
20524,-1,0,9.668945,0.9999368,1,1,unassigned,2.0,2.0,0.0,1.0,0.0,0.0,0.0,0.0,0,0,0,1,1
20525,-1,0,4.5586205,0.9896321,1,1,unassigned,2.0,2.0,0.0,1.0,0.0,0.0,0.0,0.0,0,0,0,1,1
20526,-1,1,0.30368948,0.5753442,1,1,unassigned,10.0,10.0,0.0,1.0,0.0,0.0,0.015473888,0.0,1,0,0,1,0
20527,-1,0,12.525949,0.9999964,1,1,unassigned,2.0,2.0,0.0,1.0,0.0,0.0,0.0,0.0,0,0,0,1,1
20528,-1,0,-0.6645478,0.33971876,0,1,unassigned,10.0,10.0,0.0,1.0,0.0,0.0,0.015473888,0.0,0,0,0,0,0
20529,-1,0,0.14668041,0.53660446,1,1,unassigned,3.0,3.0,0.0,1.0,0.0,0.0,0.001934236,0.0,0,0,0,1,0
20530,-1,0,0.60045487,0.64576036,1,1,unassigned,2.0,2.0,0.0,1.0,0.0,0.0,0.0,0.0,0,0,0,1,0
20531,-1,0,-0.49563324,0.37856743,0,1,unassigned,17.0,17.0,0.0,1.0,0.0,0.0,0.029013539,0.0,0,0,0,0,0
20532,-1,0,-0.84292203,0.3009197,0,1,unassigned,93.0,93.0,0.0,1.0,0.0,0.0,0.17601547,0.0,0,0,0,0,0
20533,-1,0,0.036628485,0.5091561,1,1,unassigned,127.0,127.0,0.0,1.0,0.0,0.0,0.24177949,0.0,0,0,0,1,0
20534,-1,0,-0.8464711,0.30017367,0,1,unassigned,75.0,75.0,0.0,1.0,0.0,0.0,0.14119923,0.0,0,0,0,0,0
20535,-1,0,0.4828592,0.61842275,1,1,unassigned,9.0,9.0,0.0,1.0,0.0,0.0,0.013539651,0.0,0,0,0,1,0
20536,-1,0,-0.06081313,0.4848014,0,1,unassigned,33.0,33.0,0.0,1.0,0.0,0.0,0.059961315,0.0,0,0,0,0,0
20537,-1,0,10.226306,0.99996376,1,1,unassigned,3.0,3.0,0.0,1.0,0.0,0.0,0.001934236,0.0,0,0,0,1,1
20538,-1,1,5.9299593,0.9973484,1,1,unassigned,13.0,12.0,1.0,0.9230769,0.07692308,0.07692307,0.021276595,0.0016366612,1,0,0,1,1
20539,-1,0,-0.021144807,0.494714,0,1,unassigned,7.0,7.0,0.0,1.0,0.0,0.0,0.00967118,0.0,0,0,0,0,0
20540,-1,0,0.24673134,0.5613718,1,1,unassigned,76.0,74.0,2.0,0.9736842,0.02631579,0.026315808,0.14313346,0.0037666701,0,0,0,1,0
20541,-1,0,3.6092494,0.9736414,1,1,unassigned,4.0,3.0,1.0,0.75,0.25,0.25,0.003868472,0.000967118,0,0,0,1,1
20542,-1,0,0.34500104,0.5854049,1,1,unassigned,43.0,43.0,0.0,1.0,0.0,0.0,0.079303674,0.0,0,0,0,1,0
20543,-1,0,2.3852146,0.9156928,1,1,unassigned,5.0,5.0,0.0,1.0,0.0,0.0,0.0058027077,0.0,0,0,0,1,1
20544,-1,0,-0.3300049,0.4182394,0,1,unassigned,12.0,11.0,1.0,0.9166667,0.083333336,0.08333331,0.01934236,0.0016118633,0,0,0,0,0
20545,-1,1,1.0716939,0.74491894,1,1,unassigned,2.0,2.0,0.0,1.0,0.0,0.0,0.0,0.0,1,0,0,1,0
20546,-1,0,-0.91806644,0.28535205,0,1,unassigned,16.0,16.0,0.0,1.0,0.0,0.0,0.027079303,0.0,0,0,0,0,0
20547,-1,0,-0.59326446,0.35588616,0,1,unassigned,25.0,25.0,0.0,1.0,0.0,0.0,0.044487428,0.0,0,0,0,0,0
20548,-1,0,1.2371628,0.7750698,1,1,unassigned,6.0,6.0,0.0,1.0,0.0,0.0,0.007736944,0.0,0,0,0,1,0
20549,-1,1,-0.7970168,0.310664,0,1,unassigned,82.0,77.0,5.0,0.9390244,0.06097561,0.06097561,0.15473887,0.009435297,1,0,0,0,0
20550,1,0,-0.20168024,0.44975013,0,1,unassigned,31.0,29.0,2.0,0.9354839,0.06451613,0.06451613,0.056092843,0.003618893,0,0,0,0,0
20551,1,1,2.3182728,0.9103791,1,0,unassigned,7.0,7.0,0.0,1.0,0.0,0.0,0.00967118,0.0,1,0,1,1,1
20552,0,0,-0.88294065,0.29256877,0,0,unassigned,35.0,35.0,0.0,1.0,0.0,0.0,0.06382979,0.0,0,0,1,0,0
20553,-1,0,1.3328705,0.791315,1,1,unassigned,8.0,6.0,2.0,0.75,0.25,0.25,0.0116054155,0.0029013539,0,0,0,1,0
20554,-1,0,1.0498297,0.7407422,1,1,unassigned,8.0,8.0,0.0,1.0,0.0,0.0,0.0116054155,0.0,0,0,0,1,0
20555,-1,0,0.051536858,0.5128814,1,1,unassigned,18.0,17.0,1.0,0.9444444,0.055555556,0.055555582,0.030947777,0.0017193209,0,0,0,1,0
20556,-1,0,-0.019046843,0.49523842,0,1,unassigned,6.0,6.0,0.0,1.0,0.0,0.0,0.007736944,0.0,0,0,0,0,0
20557,1,0,5.3746314,0.99538875,1,0,unassigned,6.0,5.0,1.0,0.8333333,0.16666667,0.16666669,0.007736944,0.0012894907,0,0,1,1,1
20558,-1,0,2.257232,0.9052725,1,1,unassigned,40.0,39.0,1.0,0.975,0.025,0.024999976,0.07350097,0.0018375242,0,0,0,1,1
20559,-1,1,-0.34303638,0.41507205,0,1,unassigned,24.0,19.0,5.0,0.7916667,0.20833333,0.20833331,0.04255319,0.0088652475,1,0,0,0,0
20560,-1,1,0.60294825,0.64633054,1,1,unassigned,2.0,2.0,0.0,1.0,0.0,0.0,0.0,0.0,1,0,0,1,0
20561,-1,0,4.895434,0.99257493,1,1,unassigned,4.0,4.0,0.0,1.0,0.0,0.0,0.003868472,0.0,0,0,0,1,1
20562,-1,1,4.7197924,0.9911618,1,1,unassigned,24.0,12.0,12.0,0.5,0.5,0.5,0.04255319,0.021276595,1,0,0,1,1
20563,-1,0,3.061865,0.955292,1,1,unassigned,73.0,71.0,2.0,0.9726027,0.02739726,0.027397275,0.13733076,0.0037624864,0,0,0,1,1
20564,-1,0,0.6122542,0.64845484,1,1,unassigned,18.0,14.0,4.0,0.7777778,0.22222222,0.22222221,0.030947777,0.0068772836,0,0,0,1,0
20565,-1,0,0.40562105,0.60003746,1,1,unassigned,5.0,4.0,1.0,0.8,0.2,0.19999999,0.0058027077,0.0011605415,0,0,0,1,0
20566,-1,0,1.4612236,0.8117197,1,1,unassigned,13.0,8.0,5.0,0.61538464,0.3846154,0.38461536,0.021276595,0.008183306,0,0,0,1,0
20567,0,0,-0.77762175,0.3148327,0,0,unassigned,41.0,41.0,0.0,1.0,0.0,0.0,0.07543521,0.0,0,0,1,0,0
20568,-1,0,-0.90406036,0.2882168,0,1,unassigned,77.0,77.0,0.0,1.0,0.0,0.0,0.14506769,0.0,0,0,0,0,0
20569,-1,0,-0.72779524,0.32567877,0,1,unassigned,23.0,21.0,2.0,0.9130435,0.08695652,0.0869565,0.040618956,0.0035320832,0,0,0,0,0
20570,0,0,-0.68168145,0.33588612,0,0,unassigned,5.0,5.0,0.0,1.0,0.0,0.0,0.0058027077,0.0,0,0,1,0,0
20571,-1,0,-0.1462991,0.46349034,0,1,unassigned,2.0,2.0,0.0,1.0,0.0,0.0,0.0,0.0,0,0,0,0,0
20572,-1,1,-0.7352588,0.32404178,0,1,unassigned,4.0,2.0,2.0,0.5,0.5,0.5,0.003868472,0.001934236,1,0,0,0,0
20573,-1,1,-0.08075178,0.47982305,0,1,unassigned,6.0,6.0,0.0,1.0,0.0,0.0,0.007736944,0.0,1,0,0,0,0
20574,-1,1,-0.053522766,0.4866225,0,1,unassigned,3.0,3.0,0.0,1.0,0.0,0.0,0.001934236,0.0,1,0,0,0,0
20575,-1,0,1.8529742,0.8644759,1,1,unassigned,4.0,3.0,1.0,0.75,0.25,0.25,0.003868472,0.000967118,0,0,0,1,0
20576,-1,1,0.12801129,0.5319592,1,1,unassigned,2.0,2.0,0.0,1.0,0.0,0.0,0.0,0.0,1,0,0,1,0
20577,-1,0,-0.14349794,0.46418694,0,1,unassigned,8.0,8.0,0.0,1.0,0.0,0.0,0.0116054155,0.0,0,0,0,0,0
20578,-1,0,1.8891823,0.86866224,1,1,unassigned,3.0,2.0,1.0,0.6666667,0.33333334,0.3333333,0.001934236,0.00064474536,0,0,0,1,0
20579,-1,0,3.1368563,0.9583877,1,1,unassigned,7.0,7.0,0.0,1.0,0.0,0.0,0.00967118,0.0,0,0,0,1,1
20580,-1,0,-0.9511553,0.27865255,0,1,unassigned,41.0,41.0,0.0,1.0,0.0,0.0,0.07543521,0.0,0,0,0,0,0
20581,-1,1,-0.41295883,0.39820284,0,1,unassigned,3.0,3.0,0.0,1.0,0.0,0.0,0.001934236,0.0,1,0,0,0,0
20582,-1,0,-0.21828523,0.44564435,0,1,unassigned,79.0,78.0,1.0,0.98734176,0.012658228,0.012658238,0.14893617,0.001885268,0,0,0,0,0
20583,-1,0,2.7247994,0.9384742,1,1,unassigned,3.0,3.0,0.0,1.0,0.0,0.0,0.001934236,0.0,0,0,0,1,1
20584,-1,0,3.869138,0.9795505,1,1,unassigned,3.0,3.0,0.0,1.0,0.0,0.0,0.001934236,0.0,0,0,0,1,1
20585,-1,0,2.1565895,0.896283,1,1,unassigned,6.0,6.0,0.0,1.0,0.0,0.0,0.007736944,0.0,0,0,0,1,0
20586,-1,0,-0.7805356,0.31420445,0,1,unassigned,46.0,46.0,0.0,1.0,0.0,0.0,0.08510638,0.0,0,0,0,0,0
20587,-1,1,1.0657926,0.74379593,1,1,unassigned,6.0,6.0,0.0,1.0,0.0,0.0,0.007736944,0.0,1,0,0,1,0
20588,-1,0,6.636111,0.9986896,1,1,unassigned,2.0,1.0,1.0,0.5,0.5,0.5,0.0,0.0,0,0,0,1,1
20589,-1,0,-0.95936567,0.2770052,0,1,unassigned,2.0,2.0,0.0,1.0,0.0,0.0,0.0,0.0,0,0,0,0,0
20590,-1,0,7.128322,0.9991986,1,1,unassigned,2.0,2.0,0.0,1.0,0.0,0.0,0.0,0.0,0,0,0,1,1
20591,1,0,0.59312016,0.64408076,1,0,unassigned,3.0,3.0,0.0,1.0,0.0,0.0,0.001934236,0.0,0,0,1,1,0
20592,-1,1,1.2548509,0.77813846,1,1,unassigned,2.0,1.0,1.0,0.5,0.5,0.5,0.0,0.0,1,0,0,1,0
20593,-1,0,5.226522,0.99465656,1,1,unassigned,3.0,3.0,0.0,1.0,0.0,0.0,0.001934236,0.0,0,0,0,1,1
20594,-1,0,1.2345552,0.7746149,1,1,unassigned,14.0,12.0,2.0,0.85714287,0.14285715,0.14285713,0.023210831,0.0033158332,0,0,0,1,0
20595,-1,0,0.91941994,0.71492386,1,1,unassigned,4.0,4.0,0.0,1.0,0.0,0.0,0.003868472,0.0,0,0,0,1,0
20596,-1,0,-0.6491064,0.34319094,0,1,unassigned,17.0,17.0,0.0,1.0,0.0,0.0,0.029013539,0.0,0,0,0,0,0
20597,-1,0,2.2308228,0.9029835,1,1,unassigned,7.0,7.0,0.0,1.0,0.0,0.0,0.00967118,0.0,0,0,0,1,1
20598,-1,0,-0.8367084,0.30222848,0,1,unassigned,22.0,22.0,0.0,1.0,0.0,0.0,0.03868472,0.0,0,0,0,0,0
20599,-1,1,-0.73004705,0.3251844,0,1,unassigned,2.0,2.0,0.0,1.0,0.0,0.0,0.0,0.0,1,0,0,0,0
20600,1,0,3.9540436,0.9811839,1,0,unassigned,62.0,60.0,2.0,0.9677419,0.032258064,0.032258093,0.116054155,0.0037436823,0,0,1,1,1
20601,1,1,5.605488,0.99633586,1,0,val,3.0,2.0,1.0,0.6666667,0.33333334,0.3333333,0.001934236,0.00064474536,1,0,1,1,1
20602,-1,0,2.747363,0.9397642,1,1,unassigned,2.0,2.0,0.0,1.0,0.0,0.0,0.0,0.0,0,0,0,1,1
20603,-1,0,-0.42994297,0.39413995,0,1,unassigned,93.0,89.0,4.0,0.9569892,0.043010753,0.04301077,0.17601547,0.0075705578,0,0,0,0,0
20604,-1,0,-0.31708756,0.4213857,0,1,unassigned,39.0,38.0,1.0,0.974359,0.025641026,0.025641024,0.07156673,0.0018350444,0,0,0,0,0
20605,-1,0,-0.38378298,0.40521482,0,1,unassigned,37.0,35.0,2.0,0.9459459,0.054054055,0.05405408,0.06769826,0.0036593657,0,0,0,0,0
20606,-1,0,2.4689412,0.92193556,1,1,unassigned,6.0,5.0,1.0,0.8333333,0.16666667,0.16666669,0.007736944,0.0012894907,0,0,0,1,1
20607,-1,0,-0.4832599,0.38148263,0,1,unassigned,26.0,26.0,0.0,1.0,0.0,0.0,0.046421662,0.0,0,0,0,0,0
20608,-1,0,-0.2822588,0.4299001,0,1,unassigned,55.0,55.0,0.0,1.0,0.0,0.0,0.102514505,0.0,0,0,0,0,0
20609,-1,0,-0.546279,0.36672813,0,1,unassigned,41.0,39.0,2.0,0.9512195,0.048780486,0.0487805,0.07543521,0.003679766,0,0,0,0,0
20610,-1,0,10.066372,0.99995756,1,1,unassigned,2.0,2.0,0.0,1.0,0.0,0.0,0.0,0.0,0,0,0,1,1
20611,-1,0,0.22522575,0.5560696,1,1,unassigned,29.0,29.0,0.0,1.0,0.0,0.0,0.05222437,0.0,0,0,0,1,0
20612,1,0,0.27116126,0.5673779,1,0,test,15.0,15.0,0.0,1.0,0.0,0.0,0.025145067,0.0,0,0,1,1,0
20613,-1,0,-0.3170485,0.42139518,0,1,unassigned,62.0,62.0,0.0,1.0,0.0,0.0,0.116054155,0.0,0,0,0,0,0
20614,1,0,1.013545,0.7337134,1,0,test,12.0,12.0,0.0,1.0,0.0,0.0,0.01934236,0.0,0,0,1,1,0
20615,-1,0,0.60827774,0.64754784,1,1,unassigned,42.0,41.0,1.0,0.97619045,0.023809524,0.023809552,0.07736944,0.0018421295,0,0,0,1,0
20616,-1,0,0.77658206,0.684943,1,1,unassigned,8.0,8.0,0.0,1.0,0.0,0.0,0.0116054155,0.0,0,0,0,1,0
20617,-1,0,0.23976886,0.5596567,1,1,unassigned,66.0,59.0,7.0,0.8939394,0.10606061,0.106060624,0.123791106,0.01312936,0,0,0,1,0
20618,-1,1,6.583723,0.9986192,1,1,unassigned,2.0,2.0,0.0,1.0,0.0,0.0,0.0,0.0,1,0,0,1,1
20619,-1,1,-0.09161854,0.47711134,0,1,unassigned,16.0,13.0,3.0,0.8125,0.1875,0.1875,0.027079303,0.0050773695,1,0,0,0,0
20620,-1,0,0.16451007,0.541035,1,1,unassigned,30.0,27.0,3.0,0.9,0.1,0.100000024,0.054158606,0.0054158606,0,0,0,1,0
20621,-1,0,-0.012698948,0.4968253,0,1,unassigned,18.0,18.0,0.0,1.0,0.0,0.0,0.030947777,0.0,0,0,0,0,0
20622,-1,1,7.4796433,0.99943584,1,1,unassigned,2.0,2.0,0.0,1.0,0.0,0.0,0.0,0.0,1,0,0,1,1
20623,1,0,9.302638,0.9999088,1,0,train,2.0,2.0,0.0,1.0,0.0,0.0,0.0,0.0,0,0,1,1,1
20624,-1,0,5.046142,0.99360704,1,1,unassigned,6.0,4.0,2.0,0.6666667,0.33333334,0.3333333,0.007736944,0.0025789815,0,0,0,1,1
20625,1,0,10.646648,0.9999763,1,0,val,2.0,2.0,0.0,1.0,0.0,0.0,0.0,0.0,0,0,1,1,1
20626,1,0,8.552067,0.99980694,1,0,unassigned,2.0,2.0,0.0,1.0,0.0,0.0,0.0,0.0,0,0,1,1,1
20627,1,0,12.829782,0.9999974,1,0,test,2.0,2.0,0.0,1.0,0.0,0.0,0.0,0.0,0,0,1,1,1
20628,-1,0,3.1564095,0.95916057,1,1,unassigned,20.0,20.0,0.0,1.0,0.0,0.0,0.034816246,0.0,0,0,0,1,1
20629,-1,0,8.784721,0.99984694,1,1,unassigned,6.0,6.0,0.0,1.0,0.0,0.0,0.007736944,0.0,0,0,0,1,1
20630,-1,1,1.9063628,0.87060994,1,1,unassigned,15.0,15.0,0.0,1.0,0.0,0.0,0.025145067,0.0,1,0,0,1,0
20631,-1,0,10.066372,0.99995756,1,1,unassigned,2.0,2.0,0.0,1.0,0.0,0.0,0.0,0.0,0,0,0,1,1
20632,-1,0,9.922327,0.9999509,1,1,unassigned,2.0,2.0,0.0,1.0,0.0,0.0,0.0,0.0,0,0,0,1,1
20633,-1,0,10.066372,0.99995756,1,1,unassigned,2.0,2.0,0.0,1.0,0.0,0.0,0.0,0.0,0,0,0,1,1
20634,-1,0,1.2087207,0.7700725,1,1,unassigned,23.0,23.0,0.0,1.0,0.0,0.0,0.040618956,0.0,0,0,0,1,0
20635,-1,0,6.474054,0.99845946,1,1,unassigned,3.0,3.0,0.0,1.0,0.0,0.0,0.001934236,0.0,0,0,0,1,1
20636,-1,0,12.158573,0.99999475,1,1,unassigned,3.0,3.0,0.0,1.0,0.0,0.0,0.001934236,0.0,0,0,0,1,1
20637,-1,0,1.5143387,0.81970334,1,1,unassigned,2.0,2.0,0.0,1.0,0.0,0.0,0.0,0.0,0,0,0,1,0
20638,-1,0,0.079669654,0.5199069,1,1,unassigned,19.0,16.0,3.0,0.84210527,0.15789473,0.15789473,0.032882012,0.0051918966,0,0,0,1,0
20639,-1,0,-0.77812093,0.314725,0,1,unassigned,38.0,31.0,7.0,0.81578946,0.18421052,0.18421054,0.06963249,0.012827038,0,0,0,0,0
20640,-1,1,0.47144014,0.61572456,1,1,unassigned,16.0,15.0,1.0,0.9375,0.0625,0.0625,0.027079303,0.0016924564,1,0,0,1,0
20641,-1,0,1.0048151,0.7320042,1,1,unassigned,7.0,7.0,0.0,1.0,0.0,0.0,0.00967118,0.0,0,0,0,1,0
20642,-1,0,0.60001093,0.64565885,1,1,unassigned,6.0,4.0,2.0,0.6666667,0.33333334,0.3333333,0.007736944,0.0025789815,0,0,0,1,0
20643,0,0,-0.14893046,0.46283606,0,0,unassigned,19.0,19.0,0.0,1.0,0.0,0.0,0.032882012,0.0,0,0,1,0,0
20644,-1,0,2.625445,0.93248135,1,1,unassigned,11.0,10.0,1.0,0.90909094,0.09090909,0.090909064,0.017408123,0.0015825568,0,0,0,1,1
20645,-1,0,2.233859,0.9032491,1,1,unassigned,17.0,13.0,4.0,0.7647059,0.23529412,0.2352941,0.029013539,0.006826715,0,0,0,1,1
20646,-1,0,-0.8441315,0.30066535,0,1,unassigned,64.0,64.0,0.0,1.0,0.0,0.0,0.11992263,0.0,0,0,0,0,0
20647,-1,0,0.27112406,0.56736887,1,1,unassigned,10.0,10.0,0.0,1.0,0.0,0.0,0.015473888,0.0,0,0,0,1,0
20648,-1,0,-0.29899976,0.42580202,0,1,unassigned,5.0,5.0,0.0,1.0,0.0,0.0,0.0058027077,0.0,0,0,0,0,0
20649,-1,0,-0.67505926,0.3373649,0,1,unassigned,38.0,38.0,0.0,1.0,0.0,0.0,0.06963249,0.0,0,0,0,0,0
20650,-1,0,2.0130677,0.8821623,1,1,unassigned,16.0,12.0,4.0,0.75,0.25,0.25,0.027079303,0.0067698257,0,0,0,1,0
20651,-1,0,7.1813283,0.9992399,1,1,unassigned,5.0,5.0,0.0,1.0,0.0,0.0,0.0058027077,0.0,0,0,0,1,1
20652,-1,0,0.46953148,0.6152729,1,1,unassigned,7.0,7.0,0.0,1.0,0.0,0.0,0.00967118,0.0,0,0,0,1,0
20653,-1,0,-0.2962603,0.42647192,0,1,unassigned,204.0,196.0,8.0,0.9607843,0.039215688,0.039215684,0.39071566,0.015322183,0,0,0,0,0
20654,1,0,5.046524,0.9936094,1,0,val,2.0,1.0,1.0,0.5,0.5,0.5,0.0,0.0,0,0,1,1,1
20655,-1,0,-0.6633288,0.33999223,0,1,unassigned,25.0,19.0,6.0,0.76,0.24,0.24000001,0.044487428,0.010676983,0,0,0,0,0
20656,-1,1,6.7680078,0.9988513,1,1,unassigned,2.0,2.0,0.0,1.0,0.0,0.0,0.0,0.0,1,0,0,1,1
20657,-1,0,-0.82942295,0.30376709,0,1,unassigned,67.0,64.0,3.0,0.95522386,0.04477612,0.04477614,0.12572534,0.005629493,0,0,0,0,0
20658,-1,0,0.9913985,0.7293641,1,1,unassigned,3.0,3.0,0.0,1.0,0.0,0.0,0.001934236,0.0,0,0,0,1,0
20659,1,0,-0.42811608,0.39457628,0,1,val,2.0,2.0,0.0,1.0,0.0,0.0,0.0,0.0,0,0,0,0,0
20660,-1,0,-0.24860346,0.43816727,0,1,unassigned,17.0,17.0,0.0,1.0,0.0,0.0,0.029013539,0.0,0,0,0,0,0
20661,-1,0,-0.91642773,0.28568634,0,1,unassigned,43.0,42.0,1.0,0.9767442,0.023255814,0.023255825,0.079303674,0.0018442714,0,0,0,0,0
20662,-1,0,-0.09376466,0.47657594,0,1,unassigned,38.0,36.0,2.0,0.94736844,0.05263158,0.052631557,0.06963249,0.0036648682,0,0,0,0,0
20663,-1,1,3.5183165,0.9712045,1,1,unassigned,9.0,9.0,0.0,1.0,0.0,0.0,0.013539651,0.0,1,0,0,1,1
20664,-1,1,5.29741,0.9950204,1,1,unassigned,2.0,2.0,0.0,1.0,0.0,0.0,0.0,0.0,1,0,0,1,1
20665,-1,1,0.9823262,0.7275695,1,1,unassigned,13.0,13.0,0.0,1.0,0.0,0.0,0.021276595,0.0,1,0,0,1,0
20666,-1,1,1.5097108,0.81901836,1,1,unassigned,2.0,2.0,0.0,1.0,0.0,0.0,0.0,0.0,1,0,0,1,0
20667,-1,1,5.1678042,0.99433523,1,1,unassigned,5.0,3.0,2.0,0.6,0.4,0.39999998,0.0058027077,0.002321083,1,0,0,1,1
20668,-1,1,3.3585145,0.9663825,1,1,unassigned,6.0,5.0,1.0,0.8333333,0.16666667,0.16666669,0.007736944,0.0012894907,1,0,0,1,1
20669,-1,0,-0.34004277,0.4157991,0,1,unassigned,3.0,3.0,0.0,1.0,0.0,0.0,0.001934236,0.0,0,0,0,0,0
20670,-1,0,-0.4452306,0.39049533,0,1,unassigned,33.0,33.0,0.0,1.0,0.0,0.0,0.059961315,0.0,0,0,0,0,0
20671,-1,0,8.197763,0.9997248,1,1,unassigned,2.0,1.0,1.0,0.5,0.5,0.5,0.0,0.0,0,0,0,1,1
20672,-1,0,1.4606507,0.81163216,1,1,unassigned,6.0,6.0,0.0,1.0,0.0,0.0,0.007736944,0.0,0,0,0,1,0
20673,-1,0,1.6147327,0.8340674,1,1,unassigned,21.0,21.0,0.0,1.0,0.0,0.0,0.036750484,0.0,0,0,0,1,0
20674,1,0,1.6125317,0.8337626,1,0,unassigned,22.0,22.0,0.0,1.0,0.0,0.0,0.03868472,0.0,0,0,1,1,0
20675,-1,0,-0.021701813,0.49457476,0,1,unassigned,60.0,59.0,1.0,0.98333335,0.016666668,0.01666665,0.11218569,0.0018697615,0,0,0,0,0
20676,-1,1,3.8732321,0.97963244,1,1,unassigned,3.0,3.0,0.0,1.0,0.0,0.0,0.001934236,0.0,1,0,0,1,1
20677,-1,0,-0.37640846,0.40699342,0,1,unassigned,90.0,90.0,0.0,1.0,0.0,0.0,0.17021276,0.0,0,0,0,0,0
20678,0,0,-0.7280417,0.32562461,0,0,unassigned,61.0,60.0,1.0,0.9836066,0.016393442,0.016393423,0.114119925,0.0018708183,0,0,1,0,0
20679,1,0,1.7128203,0.84720176,1,0,unassigned,47.0,46.0,1.0,0.9787234,0.021276595,0.021276593,0.08704062,0.001851928,0,0,1,1,0
20680,-1,0,-0.7207366,0.32723078,0,1,unassigned,38.0,37.0,1.0,0.9736842,0.02631579,0.026315808,0.06963249,0.0018324341,0,0,0,0,0
20681,0,0,-0.6805057,0.33614844,0,0,test,12.0,12.0,0.0,1.0,0.0,0.0,0.01934236,0.0,0,0,1,0,0
20682,0,0,-0.8125247,0.30735278,0,0,unassigned,41.0,41.0,0.0,1.0,0.0,0.0,0.07543521,0.0,0,0,1,0,0
20683,-1,0,1.9671063,0.87729996,1,1,unassigned,12.0,12.0,0.0,1.0,0.0,0.0,0.01934236,0.0,0,0,0,1,0
20684,-1,1,-0.9441279,0.28006727,0,1,unassigned,37.0,37.0,0.0,1.0,0.0,0.0,0.06769826,0.0,1,0,0,0,0
20685,-1,0,-0.8805696,0.29305977,0,1,unassigned,31.0,31.0,0.0,1.0,0.0,0.0,0.056092843,0.0,0,0,0,0,0
20686,-1,0,1.1501088,0.7595308,1,1,unassigned,13.0,12.0,1.0,0.9230769,0.07692308,0.07692307,0.021276595,0.0016366612,0,0,0,1,0
20687,1,0,-0.40609896,0.3998479,0,1,unassigned,41.0,41.0,0.0,1.0,0.0,0.0,0.07543521,0.0,0,0,0,0,0
20688,-1,0,3.3066218,0.96465534,1,1,unassigned,4.0,4.0,0.0,1.0,0.0,0.0,0.003868472,0.0,0,0,0,1,1
20689,-1,1,0.4276061,0.60530186,1,1,unassigned,2.0,2.0,0.0,1.0,0.0,0.0,0.0,0.0,1,0,0,1,0
20690,-1,0,-0.50003743,0.3775319,0,1,unassigned,27.0,27.0,0.0,1.0,0.0,0.0,0.0483559,0.0,0,0,0,0,0
20691,-1,0,-0.29665452,0.4263755,0,1,unassigned,165.0,164.0,1.0,0.9939394,0.006060606,0.0060606003,0.31528047,0.0019107907,0,0,0,0,0
20692,-1,1,2.1416147,0.8948826,1,1,unassigned,4.0,4.0,0.0,1.0,0.0,0.0,0.003868472,0.0,1,0,0,1,0
20693,-1,0,0.84555084,0.699633,1,1,unassigned,2.0,2.0,0.0,1.0,0.0,0.0,0.0,0.0,0,0,0,1,0
20694,-1,0,2.3071306,0.9094659,1,1,unassigned,2.0,2.0,0.0,1.0,0.0,0.0,0.0,0.0,0,0,0,1,1
20695,-1,1,-0.81025195,0.3078368,0,1,unassigned,4.0,4.0,0.0,1.0,0.0,0.0,0.003868472,0.0,1,0,0,0,0
20696,-1,0,-1.8056037,0.1411703,0,1,unassigned,2.0,2.0,0.0,1.0,0.0,0.0,0.0,0.0,0,0,0,0,0
20697,-1,1,-0.38579816,0.40472922,0,1,unassigned,2.0,2.0,0.0,1.0,0.0,0.0,0.0,0.0,1,0,0,0,0
20698,-1,0,-0.26093104,0.43513486,0,1,unassigned,49.0,41.0,8.0,0.8367347,0.1632653,0.16326529,0.09090909,0.014842301,0,0,0,0,0
20699,-1,0,0.50062186,0.62260544,1,1,unassigned,2.0,2.0,0.0,1.0,0.0,0.0,0.0,0.0,0,0,0,1,0
20700,-1,0,0.21539664,0.5536419,1,1,unassigned,5.0,5.0,0.0,1.0,0.0,0.0,0.0058027077,0.0,0,0,0,1,0
20701,-1,0,1.163918,0.7620439,1,1,unassigned,13.0,13.0,0.0,1.0,0.0,0.0,0.021276595,0.0,0,0,0,1,0
20702,-1,0,-0.292501,0.42739168,0,1,unassigned,75.0,75.0,0.0,1.0,0.0,0.0,0.14119923,0.0,0,0,0,0,0
20703,-1,0,-0.73342264,0.32444412,0,1,unassigned,55.0,53.0,2.0,0.96363634,0.036363635,0.03636366,0.102514505,0.0037278,0,0,0,0,0
20704,0,0,-0.67851996,0.33659172,0,0,test,102.0,102.0,0.0,1.0,0.0,0.0,0.1934236,0.0,0,0,1,0,0
20705,-1,0,-0.41357803,0.39805448,0,1,unassigned,16.0,16.0,0.0,1.0,0.0,0.0,0.027079303,0.0,0,0,0,0,0
20706,-1,0,0.25624973,0.56371415,1,1,unassigned,10.0,10.0,0.0,1.0,0.0,0.0,0.015473888,0.0,0,0,0,1,0
20707,-1,0,1.4115396,0.80400866,1,1,unassigned,26.0,25.0,1.0,0.96153843,0.03846154,0.038461566,0.046421662,0.0017854486,0,0,0,1,0
20708,-1,0,1.16574,0.76237416,1,1,unassigned,23.0,23.0,0.0,1.0,0.0,0.0,0.040618956,0.0,0,0,0,1,0
20709,-1,0,-0.3794974,0.40624812,0,1,unassigned,29.0,28.0,1.0,0.9655172,0.03448276,0.034482777,0.05222437,0.0018008404,0,0,0,0,0
20710,-1,0,0.96428305,0.7239785,1,1,unassigned,6.0,6.0,0.0,1.0,0.0,0.0,0.007736944,0.0,0,0,0,1,0
20711,-1,1,3.3463643,0.96598554,1,1,unassigned,9.0,7.0,2.0,0.7777778,0.22222222,0.22222221,0.013539651,0.0030088115,1,0,0,1,1
20712,-1,0,2.4549897,0.92092556,1,1,unassigned,2.0,2.0,0.0,1.0,0.0,0.0,0.0,0.0,0,0,0,1,1
20713,-1,1,0.79255885,0.6883805,1,1,unassigned,142.0,136.0,6.0,0.9577465,0.04225352,0.042253494,0.27079305,0.01144196,1,0,0,1,0
20714,1,0,-0.26342538,0.43452185,0,1,unassigned,61.0,61.0,0.0,1.0,0.0,0.0,0.114119925,0.0,0,0,0,0,0
20715,-1,0,0.13367647,0.5333694,1,1,unassigned,13.0,12.0,1.0,0.9230769,0.07692308,0.07692307,0.021276595,0.0016366612,0,0,0,1,0
20716,1,0,0.6555775,0.65826625,1,0,test,27.0,25.0,2.0,0.9259259,0.074074075,0.07407409,0.0483559,0.0035819185,0,0,1,1,0
20717,-1,0,5.229481,0.99467224,1,1,unassigned,4.0,4.0,0.0,1.0,0.0,0.0,0.003868472,0.0,0,0,0,1,1
20718,0,0,-0.28199828,0.42996392,0,0,unassigned,14.0,13.0,1.0,0.9285714,0.071428575,0.0714286,0.023210831,0.0016579166,0,0,1,0,0
20719,-1,0,-0.36750767,0.4091434,0,1,unassigned,3.0,3.0,0.0,1.0,0.0,0.0,0.001934236,0.0,0,0,0,0,0
20720,-1,0,-0.106105566,0.47349843,0,1,unassigned,52.0,44.0,8.0,0.84615386,0.15384616,0.15384614,0.0967118,0.014878739,0,0,0,0,0
20721,-1,0,-0.32579142,0.41926497,0,1,unassigned,25.0,23.0,2.0,0.92,0.08,0.07999998,0.044487428,0.003558994,0,0,0,0,0
20722,-1,0,-0.8680078,0.295669,0,1,unassigned,98.0,98.0,0.0,1.0,0.0,0.0,0.18568665,0.0,0,0,0,0,0
20723,-1,0,-0.56175387,0.36314175,0,1,unassigned,124.0,124.0,0.0,1.0,0.0,0.0,0.23597679,0.0,0,0,0,0,0
20724,-1,0,-0.8041371,0.30914125,0,1,unassigned,49.0,49.0,0.0,1.0,0.0,0.0,0.09090909,0.0,0,0,0,0,0
20725,-1,0,-0.5737918,0.36036232,0,1,unassigned,116.0,116.0,0.0,1.0,0.0,0.0,0.2205029,0.0,0,0,0,0,0
20726,-1,0,-0.5892044,0.35681742,0,1,unassigned,14.0,14.0,0.0,1.0,0.0,0.0,0.023210831,0.0,0,0,0,0,0
20727,-1,0,-0.5948708,0.35551807,0,1,unassigned,54.0,53.0,1.0,0.9814815,0.018518519,0.018518507,0.10058027,0.0018625975,0,0,0,0,0
20728,-1,0,-0.42256176,0.3959039,0,1,unassigned,48.0,48.0,0.0,1.0,0.0,0.0,0.088974856,0.0,0,0,0,0,0
20729,-1,0,-0.8090364,0.30809587,0,1,unassigned,79.0,79.0,0.0,1.0,0.0,0.0,0.14893617,0.0,0,0,0,0,0
20730,-1,0,-0.70553493,0.33058622,0,1,unassigned,68.0,67.0,1.0,0.9852941,0.014705882,0.014705896,0.12765957,0.0018773467,0,0,0,0,0
20731,-1,0,2.8284357,0.9441932,1,1,unassigned,5.0,5.0,0.0,1.0,0.0,0.0,0.0058027077,0.0,0,0,0,1,1
20732,-1,1,3.8786676,0.97974056,1,1,unassigned,27.0,13.0,14.0,0.4814815,0.5185185,0.5185185,0.0483559,0.02507343,1,0,0,1,1
20733,-1,0,-0.5778451,0.3594286,0,1,unassigned,44.0,44.0,0.0,1.0,0.0,0.0,0.08123791,0.0,0,0,0,0,0
20734,-1,0,8.2936,0.99974996,1,1,unassigned,33.0,24.0,9.0,0.72727275,0.27272728,0.27272725,0.059961315,0.016353086,0,0,0,1,1
20735,-1,0,1.6113989,0.8336055,1,1,unassigned,3.0,3.0,0.0,1.0,0.0,0.0,0.001934236,0.0,0,0,0,1,0
20736,-1,0,0.35876173,0.5887407,1,1,unassigned,4.0,4.0,0.0,1.0,0.0,0.0,0.003868472,0.0,0,0,0,1,0
20737,-1,1,2.3471181,0.91270494,1,1,unassigned,8.0,5.0,3.0,0.625,0.375,0.375,0.0116054155,0.004352031,1,0,0,1,1
20738,-1,0,0.5077552,0.6242801,1,1,unassigned,10.0,10.0,0.0,1.0,0.0,0.0,0.015473888,0.0,0,0,0,1,0
20739,-1,0,1.3952951,0.8014362,1,1,unassigned,9.0,8.0,1.0,0.8888889,0.11111111,0.111111104,0.013539651,0.0015044058,0,0,0,1,0
20740,-1,0,3.591891,0.9731923,1,1,unassigned,9.0,9.0,0.0,1.0,0.0,0.0,0.013539651,0.0,0,0,0,1,1
20741,-1,0,0.37290412,0.5921606,1,1,unassigned,2.0,2.0,0.0,1.0,0.0,0.0,0.0,0.0,0,0,0,1,0
20742,-1,0,0.41633064,0.60260487,1,1,unassigned,3.0,3.0,0.0,1.0,0.0,0.0,0.001934236,0.0,0,0,0,1,0
20743,-1,0,-0.11458814,0.47138426,0,1,unassigned,15.0,14.0,1.0,0.93333334,0.06666667,0.06666666,0.025145067,0.0016763379,0,0,0,0,0
20744,0,0,-0.22484243,0.44402504,0,0,unassigned,16.0,14.0,2.0,0.875,0.125,0.125,0.027079303,0.0033849129,0,0,1,0,0
20745,-1,0,-0.34841096,0.4137678,0,1,unassigned,9.0,9.0,0.0,1.0,0.0,0.0,0.013539651,0.0,0,0,0,0,0
20746,0,0,-0.0041832924,0.49895418,0,0,test,18.0,18.0,0.0,1.0,0.0,0.0,0.030947777,0.0,0,0,1,0,0
20747,-1,0,-0.33874214,0.41611505,0,1,unassigned,17.0,17.0,0.0,1.0,0.0,0.0,0.029013539,0.0,0,0,0,0,0
20748,-1,1,2.7475586,0.9397753,1,1,unassigned,8.0,7.0,1.0,0.875,0.125,0.125,0.0116054155,0.0014506769,1,0,0,1,1
20749,-1,1,0.11825812,0.5295301,1,1,unassigned,3.0,3.0,0.0,1.0,0.0,0.0,0.001934236,0.0,1,0,0,1,0
20750,-1,1,3.2245948,0.9617494,1,1,unassigned,37.0,37.0,0.0,1.0,0.0,0.0,0.06769826,0.0,1,0,0,1,1
20751,-1,0,2.144077,0.89511395,1,1,unassigned,4.0,4.0,0.0,1.0,0.0,0.0,0.003868472,0.0,0,0,0,1,0
20752,-1,1,-0.29982483,0.4256003,0,1,unassigned,7.0,5.0,2.0,0.71428573,0.2857143,0.28571427,0.00967118,0.0027631943,1,0,0,0,0
20753,-1,1,8.100592,0.99969673,1,1,unassigned,2.0,2.0,0.0,1.0,0.0,0.0,0.0,0.0,1,0,0,1,1
20754,1,0,3.3451555,0.96594584,1,0,unassigned,2.0,2.0,0.0,1.0,0.0,0.0,0.0,0.0,0,0,1,1,1
20755,-1,0,-0.4628297,0.38631472,0,1,unassigned,19.0,19.0,0.0,1.0,0.0,0.0,0.032882012,0.0,0,0,0,0,0
20756,1,1,6.2027946,0.9979803,1,0,unassigned,13.0,13.0,0.0,1.0,0.0,0.0,0.021276595,0.0,1,0,1,1,1
20757,-1,0,-0.07985148,0.48004776,0,1,unassigned,21.0,21.0,0.0,1.0,0.0,0.0,0.036750484,0.0,0,0,0,0,0
20758,-1,0,7.912001,0.9996338,1,1,unassigned,42.0,35.0,7.0,0.8333333,0.16666667,0.16666669,0.07736944,0.012894906,0,0,0,1,1
20759,1,0,1.6494308,0.8388141,1,0,unassigned,11.0,11.0,0.0,1.0,0.0,0.0,0.017408123,0.0,0,0,1,1,0
20760,-1,0,3.5062149,0.97086406,1,1,unassigned,16.0,14.0,2.0,0.875,0.125,0.125,0.027079303,0.0033849129,0,0,0,1,1
20761,-1,0,-0.13322502,0.4667429,0,1,unassigned,26.0,26.0,0.0,1.0,0.0,0.0,0.046421662,0.0,0,0,0,0,0
20762,-1,0,-0.1048767,0.4738048,0,1,unassigned,17.0,17.0,0.0,1.0,0.0,0.0,0.029013539,0.0,0,0,0,0,0
20763,-1,0,-0.5635326,0.36273047,0,1,unassigned,2.0,2.0,0.0,1.0,0.0,0.0,0.0,0.0,0,0,0,0,0
20764,-1,0,-0.16071272,0.4599081,0,1,unassigned,61.0,60.0,1.0,0.9836066,0.016393442,0.016393423,0.114119925,0.0018708183,0,0,0,0,0
20765,-1,0,1.4324591,0.8072842,1,1,unassigned,19.0,19.0,0.0,1.0,0.0,0.0,0.032882012,0.0,0,0,0,1,0
20766,-1,1,0.6315506,0.652841,1,1,unassigned,4.0,4.0,0.0,1.0,0.0,0.0,0.003868472,0.0,1,0,0,1,0
20767,-1,0,-0.6050535,0.35318837,0,1,unassigned,34.0,33.0,1.0,0.9705882,0.029411765,0.029411793,0.061895553,0.0018204574,0,0,0,0,0
20768,-1,0,0.028807342,0.5072013,1,1,unassigned,3.0,2.0,1.0,0.6666667,0.33333334,0.3333333,0.001934236,0.00064474536,0,0,0,1,0
20769,-1,0,-0.38312066,0.40537444,0,1,unassigned,2.0,2.0,0.0,1.0,0.0,0.0,0.0,0.0,0,0,0,0,0
20770,-1,0,4.206406,0.9853189,1,1,unassigned,7.0,6.0,1.0,0.85714287,0.14285715,0.14285713,0.00967118,0.0013815971,0,0,0,1,1
20771,-1,0,3.4982722,0.9706386,1,1,unassigned,5.0,5.0,0.0,1.0,0.0,0.0,0.0058027077,0.0,0,0,0,1,1
20772,-1,0,6.6993785,0.9987698,1,1,unassigned,2.0,2.0,0.0,1.0,0.0,0.0,0.0,0.0,0,0,0,1,1
20773,-1,1,1.2684357,0.7804749,1,1,unassigned,13.0,11.0,2.0,0.84615386,0.15384616,0.15384614,0.021276595,0.0032733225,1,0,0,1,0
20774,-1,1,0.38750464,0.59568185,1,1,unassigned,19.0,19.0,0.0,1.0,0.0,0.0,0.032882012,0.0,1,0,0,1,0
20775,-1,0,0.6127599,0.64857006,1,1,unassigned,9.0,7.0,2.0,0.7777778,0.22222222,0.22222221,0.013539651,0.0030088115,0,0,0,1,0
20776,-1,1,-0.23021421,0.44269928,0,1,unassigned,3.0,3.0,0.0,1.0,0.0,0.0,0.001934236,0.0,1,0,0,0,0
20777,-1,1,2.3057415,0.90935147,1,1,unassigned,4.0,4.0,0.0,1.0,0.0,0.0,0.003868472,0.0,1,0,0,1,1
20778,-1,1,1.838608,0.86278397,1,1,unassigned,21.0,21.0,0.0,1.0,0.0,0.0,0.036750484,0.0,1,0,0,1,0
20779,-1,0,1.6614373,0.8404309,1,1,unassigned,7.0,7.0,0.0,1.0,0.0,0.0,0.00967118,0.0,0,0,0,1,0
20780,-1,1,-0.8365166,0.30226892,0,1,unassigned,64.0,62.0,2.0,0.96875,0.03125,0.03125,0.11992263,0.0037475822,1,0,0,0,0
20781,-1,0,1.5725591,0.8281481,1,1,unassigned,11.0,9.0,2.0,0.8181818,0.18181819,0.18181819,0.017408123,0.0031651135,0,0,0,1,0
20782,-1,0,-0.3506701,0.41321996,0,1,unassigned,3.0,3.0,0.0,1.0,0.0,0.0,0.001934236,0.0,0,0,0,0,0
20783,-1,0,-0.80841845,0.3082276,0,1,unassigned,45.0,45.0,0.0,1.0,0.0,0.0,0.08317215,0.0,0,0,0,0,0
20784,-1,0,1.0700796,0.74461204,1,1,unassigned,7.0,6.0,1.0,0.85714287,0.14285715,0.14285713,0.00967118,0.0013815971,0,0,0,1,0
20785,-1,0,0.5205906,0.6272859,1,1,unassigned,16.0,10.0,6.0,0.625,0.375,0.375,0.027079303,0.010154739,0,0,0,1,0
20786,-1,0,-0.04391122,0.48902398,0,1,unassigned,73.0,68.0,5.0,0.9315069,0.06849315,0.06849313,0.13733076,0.009406216,0,0,0,0,0
20787,-1,0,0.91943985,0.714928,1,1,unassigned,2.0,2.0,0.0,1.0,0.0,0.0,0.0,0.0,0,0,0,1,0
20788,-1,0,-0.7756981,0.31524777,0,1,unassigned,95.0,95.0,0.0,1.0,0.0,0.0,0.17988394,0.0,0,0,0,0,0
20789,-1,0,-0.87793744,0.2936054,0,1,unassigned,28.0,28.0,0.0,1.0,0.0,0.0,0.050290134,0.0,0,0,0,0,0
20790,-1,0,-0.75362885,0.3200311,0,1,unassigned,48.0,48.0,0.0,1.0,0.0,0.0,0.088974856,0.0,0,0,0,0,0
20791,0,0,-0.8395585,0.30162778,0,0,test,25.0,25.0,0.0,1.0,0.0,0.0,0.044487428,0.0,0,0,1,0,0
20792,-1,0,-0.75679564,0.31934237,0,1,unassigned,14.0,14.0,0.0,1.0,0.0,0.0,0.023210831,0.0,0,0,0,0,0
20793,-1,1,-0.5416494,0.36780396,0,1,unassigned,73.0,64.0,9.0,0.8767123,0.12328767,0.12328768,0.13733076,0.01693119,1,0,0,0,0
20794,-1,0,-0.84628046,0.3002137,0,1,unassigned,22.0,22.0,0.0,1.0,0.0,0.0,0.03868472,0.0,0,0,0,0,0
20795,0,0,-0.8586819,0.29761478,0,0,unassigned,25.0,25.0,0.0,1.0,0.0,0.0,0.044487428,0.0,0,0,1,0,0
20796,0,0,0.32707137,0.5810466,1,1,test,5.0,5.0,0.0,1.0,0.0,0.0,0.0058027077,0.0,0,0,0,1,0
20797,-1,0,0.03707534,0.5092678,1,1,unassigned,29.0,28.0,1.0,0.9655172,0.03448276,0.034482777,0.05222437,0.0018008404,0,0,0,1,0
20798,0,0,-0.15131861,0.46224236,0,0,val,5.0,4.0,1.0,0.8,0.2,0.19999999,0.0058027077,0.0011605415,0,0,1,0,0
20799,0,0,-0.62872636,0.3477994,0,0,unassigned,9.0,9.0,0.0,1.0,0.0,0.0,0.013539651,0.0,0,0,1,0,0
20800,-1,0,1.856921,0.8649376,1,1,unassigned,2.0,2.0,0.0,1.0,0.0,0.0,0.0,0.0,0,0,0,1,0
20801,-1,0,-0.37506485,0.40731776,0,1,unassigned,8.0,8.0,0.0,1.0,0.0,0.0,0.0116054155,0.0,0,0,0,0,0
20802,1,0,0.020010531,0.50500244,1,0,test,32.0,32.0,0.0,1.0,0.0,0.0,0.058027077,0.0,0,0,1,1,0
20803,-1,0,1.009929,0.7330062,1,1,unassigned,26.0,26.0,0.0,1.0,0.0,0.0,0.046421662,0.0,0,0,0,1,0
20804,-1,0,0.111183584,0.5277673,1,1,unassigned,43.0,43.0,0.0,1.0,0.0,0.0,0.079303674,0.0,0,0,0,1,0
20805,-1,0,2.3834307,0.915555,1,1,unassigned,19.0,19.0,0.0,1.0,0.0,0.0,0.032882012,0.0,0,0,0,1,1
20806,0,0,-0.48089588,0.38204062,0,0,unassigned,14.0,14.0,0.0,1.0,0.0,0.0,0.023210831,0.0,0,0,1,0,0
20807,0,0,-0.3435448,0.4149486,0,0,test,63.0,63.0,0.0,1.0,0.0,0.0,0.11798839,0.0,0,0,1,0,0
20808,-1,0,-0.28071874,0.43027756,0,1,unassigned,23.0,23.0,0.0,1.0,0.0,0.0,0.040618956,0.0,0,0,0,0,0
20809,-1,0,-0.45742074,0.3875979,0,1,unassigned,14.0,14.0,0.0,1.0,0.0,0.0,0.023210831,0.0,0,0,0,0,0
20810,-1,0,-0.5419253,0.36773983,0,1,unassigned,28.0,27.0,1.0,0.96428573,0.035714287,0.03571427,0.050290134,0.0017960763,0,0,0,0,0
20811,-1,0,-0.5526815,0.3652425,0,1,unassigned,22.0,22.0,0.0,1.0,0.0,0.0,0.03868472,0.0,0,0,0,0,0
20812,-1,0,-0.21349195,0.4468288,0,1,unassigned,6.0,5.0,1.0,0.8333333,0.16666667,0.16666669,0.007736944,0.0012894907,0,0,0,0,0
20813,0,0,-0.045557797,0.48861256,0,0,unassigned,3.0,3.0,0.0,1.0,0.0,0.0,0.001934236,0.0,0,0,1,0,0
20814,-1,1,1.1574306,0.7608655,1,1,unassigned,7.0,7.0,0.0,1.0,0.0,0.0,0.00967118,0.0,1,0,0,1,0
20815,-1,1,0.22764927,0.5566678,1,1,unassigned,22.0,22.0,0.0,1.0,0.0,0.0,0.03868472,0.0,1,0,0,1,0
20816,-1,0,-0.33675084,0.41659895,0,1,unassigned,24.0,24.0,0.0,1.0,0.0,0.0,0.04255319,0.0,0,0,0,0,0
20817,-1,0,0.5618933,0.6368905,1,1,unassigned,6.0,6.0,0.0,1.0,0.0,0.0,0.007736944,0.0,0,0,0,1,0
20818,1,0,-0.8443342,0.30062276,0,1,test,32.0,32.0,0.0,1.0,0.0,0.0,0.058027077,0.0,0,0,0,0,0
20819,-1,0,2.8873327,0.9472167,1,1,unassigned,21.0,21.0,0.0,1.0,0.0,0.0,0.036750484,0.0,0,0,0,1,1
20820,1,0,0.17126983,0.5427131,1,0,unassigned,36.0,36.0,0.0,1.0,0.0,0.0,0.065764025,0.0,0,0,1,1,0
20821,-1,0,-0.6368747,0.34595338,0,1,unassigned,22.0,22.0,0.0,1.0,0.0,0.0,0.03868472,0.0,0,0,0,0,0
20822,-1,0,0.14432096,0.5360177,1,1,unassigned,30.0,29.0,1.0,0.96666664,0.033333335,0.03333336,0.054158606,0.001805287,0,0,0,1,0
20823,-1,0,-0.6511601,0.34272814,0,1,unassigned,28.0,28.0,0.0,1.0,0.0,0.0,0.050290134,0.0,0,0,0,0,0
20824,0,0,-0.89278024,0.2905364,0,0,val,39.0,38.0,1.0,0.974359,0.025641026,0.025641024,0.07156673,0.0018350444,0,0,1,0,0
20825,-1,0,-0.6889645,0.33426347,0,1,unassigned,40.0,40.0,0.0,1.0,0.0,0.0,0.07350097,0.0,0,0,0,0,0
20826,1,1,-0.5934801,0.35583675,0,1,unassigned,49.0,37.0,12.0,0.75510204,0.24489796,0.24489796,0.09090909,0.022263452,1,0,0,0,0
20827,-1,1,-0.6062981,0.3529041,0,1,unassigned,33.0,31.0,2.0,0.93939394,0.060606062,0.060606062,0.059961315,0.0036340193,1,0,0,0,0
20828,1,0,-0.15980202,0.4601343,0,1,test,9.0,9.0,0.0,1.0,0.0,0.0,0.013539651,0.0,0,0,0,0,0
20829,-1,0,-0.34439218,0.41474298,0,1,unassigned,12.0,11.0,1.0,0.9166667,0.083333336,0.08333331,0.01934236,0.0016118633,0,0,0,0,0
20830,-1,0,-0.54770833,0.36639625,0,1,unassigned,8.0,8.0,0.0,1.0,0.0,0.0,0.0116054155,0.0,0,0,0,0,0
20831,0,0,-0.106479496,0.4734052,0,0,train,18.0,18.0,0.0,1.0,0.0,0.0,0.030947777,0.0,0,0,1,0,0
20832,-1,0,-0.22277865,0.44453457,0,1,unassigned,16.0,12.0,4.0,0.75,0.25,0.25,0.027079303,0.0067698257,0,0,0,0,0
20833,-1,1,1.5626462,0.8267327,1,1,unassigned,13.0,13.0,0.0,1.0,0.0,0.0,0.021276595,0.0,1,0,0,1,0
20834,0,0,-0.65541106,0.3417712,0,0,test,20.0,20.0,0.0,1.0,0.0,0.0,0.034816246,0.0,0,0,1,0,0
20835,1,0,0.13711554,0.5342253,1,0,test,7.0,7.0,0.0,1.0,0.0,0.0,0.00967118,0.0,0,0,1,1,0
20836,-1,1,0.85753065,0.70214444,1,1,unassigned,3.0,2.0,1.0,0.6666667,0.33333334,0.3333333,0.001934236,0.00064474536,1,0,0,1,0
20837,-1,1,2.8323443,0.94439876,1,1,unassigned,3.0,3.0,0.0,1.0,0.0,0.0,0.001934236,0.0,1,0,0,1,1
20838,-1,0,0.17763132,0.54429144,1,1,unassigned,4.0,4.0,0.0,1.0,0.0,0.0,0.003868472,0.0,0,0,0,1,0
20839,-1,0,0.11817521,0.5295095,1,1,unassigned,19.0,19.0,0.0,1.0,0.0,0.0,0.032882012,0.0,0,0,0,1,0
20840,-1,0,-0.3195346,0.42078918,0,1,unassigned,9.0,9.0,0.0,1.0,0.0,0.0,0.013539651,0.0,0,0,0,0,0
20841,-1,1,1.4736235,0.81360745,1,1,unassigned,4.0,4.0,0.0,1.0,0.0,0.0,0.003868472,0.0,1,0,0,1,0
20842,-1,0,0.033792317,0.5084473,1,1,unassigned,19.0,19.0,0.0,1.0,0.0,0.0,0.032882012,0.0,0,0,0,1,0
20843,-1,0,-0.69738287,0.33239272,0,1,unassigned,76.0,74.0,2.0,0.9736842,0.02631579,0.026315808,0.14313346,0.0037666701,0,0,0,0,0
20844,-1,0,3.2661247,0.9632482,1,1,unassigned,15.0,4.0,11.0,0.26666668,0.73333335,0.73333335,0.025145067,0.018439716,0,0,0,1,1
20845,-1,1,0.11638719,0.529064,1,1,unassigned,11.0,11.0,0.0,1.0,0.0,0.0,0.017408123,0.0,1,0,0,1,0
20846,-1,1,3.948599,0.98108304,1,1,unassigned,7.0,3.0,4.0,0.42857143,0.5714286,0.57142854,0.00967118,0.0055263885,1,0,0,1,1
20847,-1,0,3.7482045,0.97698224,1,1,unassigned,2.0,2.0,0.0,1.0,0.0,0.0,0.0,0.0,0,0,0,1,1
20848,-1,0,1.3146102,0.7882836,1,1,unassigned,14.0,14.0,0.0,1.0,0.0,0.0,0.023210831,0.0,0,0,0,1,0
20849,-1,0,-0.16499126,0.4588455,0,1,unassigned,9.0,9.0,0.0,1.0,0.0,0.0,0.013539651,0.0,0,0,0,0,0
20850,-1,0,0.36429095,0.5900788,1,1,unassigned,39.0,15.0,24.0,0.3846154,0.61538464,0.6153846,0.07156673,0.044041067,0,0,0,1,0
20851,-1,0,-0.6433022,0.34450045,0,1,unassigned,36.0,35.0,1.0,0.9722222,0.027777778,0.027777791,0.065764025,0.0018267785,0,0,0,0,0
20852,-1,0,-0.5346544,0.369432,0,1,unassigned,35.0,33.0,2.0,0.94285715,0.057142857,0.057142854,0.06382979,0.0036474164,0,0,0,0,0
20853,-1,0,0.10241336,0.525581,1,1,unassigned,4.0,4.0,0.0,1.0,0.0,0.0,0.003868472,0.0,0,0,0,1,0
20854,0,0,-0.82337016,0.30504873,0,0,unassigned,13.0,13.0,0.0,1.0,0.0,0.0,0.021276595,0.0,0,0,1,0,0
20855,-1,0,1.8206525,0.8606444,1,1,unassigned,8.0,7.0,1.0,0.875,0.125,0.125,0.0116054155,0.0014506769,0,0,0,1,0
20856,-1,0,7.455565,0.9994222,1,1,unassigned,2.0,2.0,0.0,1.0,0.0,0.0,0.0,0.0,0,0,0,1,1
20857,-1,1,3.2876277,0.96400195,1,1,unassigned,16.0,16.0,0.0,1.0,0.0,0.0,0.027079303,0.0,1,0,0,1,1
20858,1,1,1.12904,0.75566167,1,0,val,10.0,10.0,0.0,1.0,0.0,0.0,0.015473888,0.0,1,0,1,1,0
20859,-1,0,0.24026912,0.55978,1,1,unassigned,52.0,51.0,1.0,0.9807692,0.01923077,0.019230783,0.0967118,0.0018598423,0,0,0,1,0
20860,-1,0,1.9160225,0.8716942,1,1,unassigned,2.0,2.0,0.0,1.0,0.0,0.0,0.0,0.0,0,0,0,1,0
20861,-1,1,3.3124979,0.9648551,1,1,unassigned,2.0,2.0,0.0,1.0,0.0,0.0,0.0,0.0,1,0,0,1,1
20862,0,0,-0.73298395,0.32454026,0,0,unassigned,83.0,82.0,1.0,0.9879518,0.012048192,0.012048185,0.15667312,0.0018876279,0,0,1,0,0
20863,-1,0,2.409123,0.91752034,1,1,unassigned,5.0,4.0,1.0,0.8,0.2,0.19999999,0.0058027077,0.0011605415,0,0,0,1,1
20864,-1,0,-0.4941958,0.37890562,0,1,unassigned,64.0,64.0,0.0,1.0,0.0,0.0,0.11992263,0.0,0,0,0,0,0
20865,-1,0,1.9118719,0.87122935,1,1,unassigned,4.0,3.0,1.0,0.75,0.25,0.25,0.003868472,0.000967118,0,0,0,1,0
20866,-1,0,0.4105839,0.6012279,1,1,unassigned,73.0,72.0,1.0,0.98630136,0.01369863,0.0136986375,0.13733076,0.0018812432,0,0,0,1,0
20867,-1,0,-0.26421016,0.434329,0,1,unassigned,5.0,4.0,1.0,0.8,0.2,0.19999999,0.0058027077,0.0011605415,0,0,0,0,0
20868,-1,0,-0.22109008,0.44495153,0,1,unassigned,2.0,2.0,0.0,1.0,0.0,0.0,0.0,0.0,0,0,0,0,0
20869,-1,1,-0.26808688,0.43337682,0,1,unassigned,10.0,9.0,1.0,0.9,0.1,0.100000024,0.015473888,0.0015473888,1,0,0,0,0
20870,-1,0,-0.31441805,0.42203674,0,1,unassigned,35.0,35.0,0.0,1.0,0.0,0.0,0.06382979,0.0,0,0,0,0,0
20871,-1,0,-0.6261581,0.34838217,0,1,unassigned,18.0,18.0,0.0,1.0,0.0,0.0,0.030947777,0.0,0,0,0,0,0
20872,-1,0,2.0239031,0.883284,1,1,unassigned,14.0,14.0,0.0,1.0,0.0,0.0,0.023210831,0.0,0,0,0,1,0
20873,1,1,4.820843,0.99200445,1,0,unassigned,16.0,16.0,0.0,1.0,0.0,0.0,0.027079303,0.0,1,0,1,1,1
20874,-1,1,2.662948,0.93480456,1,1,unassigned,6.0,5.0,1.0,0.8333333,0.16666667,0.16666669,0.007736944,0.0012894907,1,0,0,1,1
20875,-1,0,2.2047257,0.9006731,1,1,unassigned,8.0,7.0,1.0,0.875,0.125,0.125,0.0116054155,0.0014506769,0,0,0,1,1
20876,-1,0,1.5471518,0.82450193,1,1,unassigned,8.0,7.0,1.0,0.875,0.125,0.125,0.0116054155,0.0014506769,0,0,0,1,0
20877,-1,0,-0.35287094,0.41268635,0,1,unassigned,110.0,106.0,4.0,0.96363634,0.036363635,0.03636366,0.20889749,0.007596272,0,0,0,0,0
20878,-1,0,-0.7307582,0.32502836,0,1,unassigned,96.0,96.0,0.0,1.0,0.0,0.0,0.18181819,0.0,0,0,0,0,0
20879,1,0,4.2075515,0.98533547,1,0,val,15.0,14.0,1.0,0.93333334,0.06666667,0.06666666,0.025145067,0.0016763379,0,0,1,1,1
20880,-1,0,3.150107,0.95891297,1,1,unassigned,8.0,8.0,0.0,1.0,0.0,0.0,0.0116054155,0.0,0,0,0,1,1
20881,-1,0,-0.730378,0.3251118,0,1,unassigned,11.0,11.0,0.0,1.0,0.0,0.0,0.017408123,0.0,0,0,0,0,0
20882,-1,0,0.28913063,0.5717833,1,1,unassigned,4.0,4.0,0.0,1.0,0.0,0.0,0.003868472,0.0,0,0,0,1,0
20883,1,1,1.4140301,0.8044008,1,0,unassigned,17.0,17.0,0.0,1.0,0.0,0.0,0.029013539,0.0,1,0,1,1,0
20884,-1,0,1.6306922,0.83626443,1,1,unassigned,4.0,4.0,0.0,1.0,0.0,0.0,0.003868472,0.0,0,0,0,1,0
20885,1,1,0.43583542,0.60726625,1,0,test,10.0,10.0,0.0,1.0,0.0,0.0,0.015473888,0.0,1,0,1,1,0
20886,-1,1,8.234058,0.9997346,1,1,unassigned,3.0,3.0,0.0,1.0,0.0,0.0,0.001934236,0.0,1,0,0,1,1
20887,-1,0,1.569444,0.8277043,1,1,unassigned,12.0,11.0,1.0,0.9166667,0.083333336,0.08333331,0.01934236,0.0016118633,0,0,0,1,0
20888,-1,0,-0.6118834,0.3516297,0,1,unassigned,47.0,47.0,0.0,1.0,0.0,0.0,0.08704062,0.0,0,0,0,0,0
20889,-1,0,3.61815,0.9738689,1,1,unassigned,5.0,5.0,0.0,1.0,0.0,0.0,0.0058027077,0.0,0,0,0,1,1
20890,-1,0,1.2521329,0.77766883,1,1,unassigned,31.0,30.0,1.0,0.9677419,0.032258064,0.032258093,0.056092843,0.0018094465,0,0,0,1,0
20891,-1,0,1.3836136,0.7995707,1,1,unassigned,54.0,54.0,0.0,1.0,0.0,0.0,0.10058027,0.0,0,0,0,1,0
20892,-1,1,-0.83620644,0.30233434,0,1,unassigned,17.0,16.0,1.0,0.9411765,0.05882353,0.058823526,0.029013539,0.0017066788,1,0,0,0,0
20893,-1,1,-0.8057411,0.3087988,0,1,unassigned,16.0,14.0,2.0,0.875,0.125,0.125,0.027079303,0.0033849129,1,0,0,0,0
20894,-1,1,-0.7607552,0.31848234,0,1,unassigned,83.0,83.0,0.0,1.0,0.0,0.0,0.15667312,0.0,1,0,0,0,0
20895,-1,0,-0.25713822,0.43606734,0,1,unassigned,2.0,2.0,0.0,1.0,0.0,0.0,0.0,0.0,0,0,0,0,0
20896,-1,0,0.7553312,0.6803392,1,1,unassigned,7.0,7.0,0.0,1.0,0.0,0.0,0.00967118,0.0,0,0,0,1,0
20897,-1,0,-0.25833598,0.4357728,0,1,unassigned,15.0,15.0,0.0,1.0,0.0,0.0,0.025145067,0.0,0,0,0,0,0
20898,-1,0,-0.08530781,0.47868598,0,1,unassigned,12.0,12.0,0.0,1.0,0.0,0.0,0.01934236,0.0,0,0,0,0,0
20899,1,0,0.10854024,0.52710843,1,0,test,5.0,5.0,0.0,1.0,0.0,0.0,0.0058027077,0.0,0,0,1,1,0
20900,-1,1,4.3450046,0.9871947,1,1,unassigned,12.0,11.0,1.0,0.9166667,0.083333336,0.08333331,0.01934236,0.0016118633,1,0,0,1,1
20901,-1,0,1.9492214,0.87536174,1,1,unassigned,2.0,1.0,1.0,0.5,0.5,0.5,0.0,0.0,0,0,0,1,0
20902,-1,1,-0.38158408,0.40574488,0,1,unassigned,4.0,4.0,0.0,1.0,0.0,0.0,0.003868472,0.0,1,0,0,0,0
20903,-1,0,1.9790123,0.87857586,1,1,unassigned,4.0,2.0,2.0,0.5,0.5,0.5,0.003868472,0.001934236,0,0,0,1,0
20904,-1,0,-0.2832617,0.42965433,0,1,unassigned,15.0,15.0,0.0,1.0,0.0,0.0,0.025145067,0.0,0,0,0,0,0
20905,-1,0,0.7733844,0.68425256,1,1,unassigned,7.0,6.0,1.0,0.85714287,0.14285715,0.14285713,0.00967118,0.0013815971,0,0,0,1,0
20906,-1,1,2.7107694,0.93765914,1,1,unassigned,17.0,16.0,1.0,0.9411765,0.05882353,0.058823526,0.029013539,0.0017066788,1,0,0,1,1
20907,-1,1,0.13778931,0.5343929,1,1,unassigned,36.0,35.0,1.0,0.9722222,0.027777778,0.027777791,0.065764025,0.0018267785,1,0,0,1,0
20908,0,1,-0.861897,0.29694316,0,0,val,54.0,53.0,1.0,0.9814815,0.018518519,0.018518507,0.10058027,0.0018625975,1,0,1,0,0
20909,0,1,-0.6827908,0.3356387,0,0,test,36.0,35.0,1.0,0.9722222,0.027777778,0.027777791,0.065764025,0.0018267785,1,0,1,0,0
20910,-1,1,0.96465236,0.7240523,1,1,unassigned,9.0,7.0,2.0,0.7777778,0.22222222,0.22222221,0.013539651,0.0030088115,1,0,0,1,0
20911,-1,0,-0.95932096,0.27701417,0,1,unassigned,6.0,6.0,0.0,1.0,0.0,0.0,0.007736944,0.0,0,0,0,0,0
20912,0,0,-0.6848724,0.3351747,0,0,unassigned,18.0,17.0,1.0,0.9444444,0.055555556,0.055555582,0.030947777,0.0017193209,0,0,1,0,0
20913,-1,1,-0.2367416,0.44108948,0,1,unassigned,99.0,93.0,6.0,0.93939394,0.060606062,0.060606062,0.1876209,0.011370963,1,0,0,0,0
20914,-1,1,-0.6012334,0.35406157,0,1,unassigned,62.0,61.0,1.0,0.983871,0.016129032,0.016129017,0.116054155,0.0018718411,1,0,0,0,0
20915,-1,1,-0.76595485,0.3173548,0,1,unassigned,46.0,46.0,0.0,1.0,0.0,0.0,0.08510638,0.0,1,0,0,0,0
20916,-1,1,-0.754534,0.31983417,0,1,unassigned,89.0,87.0,2.0,0.9775281,0.02247191,0.022471905,0.16827853,0.00378154,1,0,0,0,0
20917,-1,1,-0.88847524,0.29142457,0,1,unassigned,4.0,4.0,0.0,1.0,0.0,0.0,0.003868472,0.0,1,0,0,0,0
20918,-1,0,0.90743786,0.7124756,1,1,unassigned,2.0,2.0,0.0,1.0,0.0,0.0,0.0,0.0,0,0,0,1,0
20919,-1,1,-0.106897,0.47330117,0,1,unassigned,13.0,13.0,0.0,1.0,0.0,0.0,0.021276595,0.0,1,0,0,0,0
20920,-1,1,-0.78972405,0.31222793,0,1,unassigned,15.0,15.0,0.0,1.0,0.0,0.0,0.025145067,0.0,1,0,0,0,0
20921,-1,0,7.3562016,0.9993618,1,1,unassigned,11.0,10.0,1.0,0.90909094,0.09090909,0.090909064,0.017408123,0.0015825568,0,0,0,1,1
20922,-1,0,1.2710991,0.7809309,1,1,unassigned,4.0,4.0,0.0,1.0,0.0,0.0,0.003868472,0.0,0,0,0,1,0
20923,-1,0,0.8189773,0.6940192,1,1,unassigned,2.0,2.0,0.0,1.0,0.0,0.0,0.0,0.0,0,0,0,1,0
20924,-1,0,1.3940899,0.8012444,1,1,unassigned,4.0,4.0,0.0,1.0,0.0,0.0,0.003868472,0.0,0,0,0,1,0
20925,0,0,2.7065399,0.9374114,1,1,unassigned,5.0,5.0,0.0,1.0,0.0,0.0,0.0058027077,0.0,0,0,0,1,1
20926,-1,1,2.0122354,0.8820757,1,1,unassigned,28.0,22.0,6.0,0.78571427,0.21428572,0.21428573,0.050290134,0.010776457,1,0,0,1,0
20927,-1,0,4.055409,0.9829668,1,1,unassigned,2.0,2.0,0.0,1.0,0.0,0.0,0.0,0.0,0,0,0,1,1
20928,0,0,-0.0684914,0.48288384,0,0,unassigned,26.0,26.0,0.0,1.0,0.0,0.0,0.046421662,0.0,0,0,1,0,0
20929,-1,0,-0.025839329,0.49354056,0,1,unassigned,32.0,31.0,1.0,0.96875,0.03125,0.03125,0.058027077,0.0018133462,0,0,0,0,0
20930,-1,1,1.5847266,0.82987285,1,1,unassigned,6.0,5.0,1.0,0.8333333,0.16666667,0.16666669,0.007736944,0.0012894907,1,0,0,1,0
20931,-1,0,0.0979138,0.5244589,1,1,unassigned,28.0,28.0,0.0,1.0,0.0,0.0,0.050290134,0.0,0,0,0,1,0
20932,1,1,-0.67315006,0.33779186,0,1,unassigned,9.0,9.0,0.0,1.0,0.0,0.0,0.013539651,0.0,1,0,0,0,0
20933,0,0,1.0440865,0.73963773,1,1,test,7.0,6.0,1.0,0.85714287,0.14285715,0.14285713,0.00967118,0.0013815971,0,0,0,1,0
20934,0,1,-0.81431705,0.30697134,0,0,unassigned,39.0,38.0,1.0,0.974359,0.025641026,0.025641024,0.07156673,0.0018350444,1,0,1,0,0
20935,-1,1,1.8500192,0.8641293,1,1,unassigned,20.0,17.0,3.0,0.85,0.15,0.14999998,0.034816246,0.005222437,1,0,0,1,0
20936,-1,0,2.5575562,0.9280795,1,1,unassigned,2.0,2.0,0.0,1.0,0.0,0.0,0.0,0.0,0,0,0,1,1
20937,-1,0,2.7148993,0.9379001,1,1,unassigned,2.0,2.0,0.0,1.0,0.0,0.0,0.0,0.0,0,0,0,1,1
20938,-1,0,-0.8792776,0.2933275,0,1,unassigned,3.0,3.0,0.0,1.0,0.0,0.0,0.001934236,0.0,0,0,0,0,0
20939,-1,0,-0.41103536,0.3986639,0,1,unassigned,2.0,2.0,0.0,1.0,0.0,0.0,0.0,0.0,0,0,0,0,0
20940,-1,0,-0.3582828,0.4113753,0,1,unassigned,4.0,4.0,0.0,1.0,0.0,0.0,0.003868472,0.0,0,0,0,0,0
20941,1,1,-0.073429674,0.48165083,0,1,test,52.0,48.0,4.0,0.9230769,0.07692308,0.07692307,0.0967118,0.0074393693,1,0,0,0,0
20942,-1,1,-0.65247226,0.34243265,0,1,unassigned,26.0,26.0,0.0,1.0,0.0,0.0,0.046421662,0.0,1,0,0,0,0
20943,-1,0,1.2499082,0.77728397,1,1,unassigned,2.0,2.0,0.0,1.0,0.0,0.0,0.0,0.0,0,0,0,1,0
20944,-1,1,2.5653667,0.9285991,1,1,unassigned,30.0,30.0,0.0,1.0,0.0,0.0,0.054158606,0.0,1,0,0,1,1
20945,-1,0,0.83207005,0.6967925,1,1,unassigned,9.0,9.0,0.0,1.0,0.0,0.0,0.013539651,0.0,0,0,0,1,0
20946,-1,1,-0.55784476,0.36404628,0,1,unassigned,46.0,46.0,0.0,1.0,0.0,0.0,0.08510638,0.0,1,0,0,0,0
20947,-1,1,-0.45074493,0.38918367,0,1,unassigned,27.0,27.0,0.0,1.0,0.0,0.0,0.0483559,0.0,1,0,0,0,0
20948,1,1,2.7645504,0.9407299,1,0,val,4.0,4.0,0.0,1.0,0.0,0.0,0.003868472,0.0,1,0,1,1,1
20949,-1,1,9.656136,0.999936,1,1,unassigned,2.0,2.0,0.0,1.0,0.0,0.0,0.0,0.0,1,0,0,1,1
20950,-1,0,4.5357966,0.9893953,1,1,unassigned,16.0,15.0,1.0,0.9375,0.0625,0.0625,0.027079303,0.0016924564,0,0,0,1,1
20951,-1,0,0.17508388,0.5436595,1,1,unassigned,2.0,2.0,0.0,1.0,0.0,0.0,0.0,0.0,0,0,0,1,0
20952,-1,1,-0.47932187,0.38241228,0,1,unassigned,2.0,1.0,1.0,0.5,0.5,0.5,0.0,0.0,1,0,0,0,0
20953,-1,0,9.4727125,0.9999231,1,1,unassigned,44.0,39.0,5.0,0.8863636,0.11363637,0.113636374,0.08123791,0.009231581,0,0,0,1,1
20954,1,0,-0.25718212,0.43605652,0,1,val,17.0,14.0,3.0,0.8235294,0.1764706,0.17647058,0.029013539,0.005120036,0,0,0,0,0
20955,-1,0,-0.37785324,0.40664476,0,1,unassigned,47.0,44.0,3.0,0.9361702,0.06382979,0.06382978,0.08704062,0.0055557843,0,0,0,0,0
20956,-1,0,-0.47099355,0.38438112,0,1,unassigned,15.0,15.0,0.0,1.0,0.0,0.0,0.025145067,0.0,0,0,0,0,0
20957,-1,1,-0.18112862,0.45484126,0,1,unassigned,10.0,9.0,1.0,0.9,0.1,0.100000024,0.015473888,0.0015473888,1,0,0,0,0
20958,-1,1,-0.11389148,0.47155786,0,1,unassigned,20.0,20.0,0.0,1.0,0.0,0.0,0.034816246,0.0,1,0,0,0,0
20959,-1,1,-0.10148966,0.47464934,0,1,unassigned,4.0,4.0,0.0,1.0,0.0,0.0,0.003868472,0.0,1,0,0,0,0
20960,-1,0,-1.1808996,0.23489048,0,1,unassigned,2.0,2.0,0.0,1.0,0.0,0.0,0.0,0.0,0,0,0,0,0
20961,-1,0,3.0096478,0.9530081,1,1,unassigned,3.0,3.0,0.0,1.0,0.0,0.0,0.001934236,0.0,0,0,0,1,1
20962,1,1,2.07593,0.88854164,1,0,unassigned,12.0,12.0,0.0,1.0,0.0,0.0,0.01934236,0.0,1,0,1,1,0
20963,1,1,0.6149891,0.649078,1,0,unassigned,23.0,22.0,1.0,0.95652175,0.04347826,0.04347825,0.040618956,0.0017660416,1,0,1,1,0
20964,-1,0,-0.2752633,0.4316154,0,1,unassigned,8.0,8.0,0.0,1.0,0.0,0.0,0.0116054155,0.0,0,0,0,0,0
20965,0,1,0.22139627,0.5551241,1,1,test,10.0,8.0,2.0,0.8,0.2,0.19999999,0.015473888,0.0030947777,1,0,0,1,0
20966,1,0,2.5351532,0.9265697,1,0,unassigned,2.0,2.0,0.0,1.0,0.0,0.0,0.0,0.0,0,0,1,1,1
20967,-1,1,0.13393277,0.53343326,1,1,unassigned,3.0,2.0,1.0,0.6666667,0.33333334,0.3333333,0.001934236,0.00064474536,1,0,0,1,0
20968,-1,0,-0.9399977,0.2809008,0,1,unassigned,83.0,82.0,1.0,0.9879518,0.012048192,0.012048185,0.15667312,0.0018876279,0,0,0,0,0
20969,0,1,-0.6757049,0.3372206,0,0,unassigned,27.0,25.0,2.0,0.9259259,0.074074075,0.07407409,0.0483559,0.0035819185,1,0,1,0,0
20970,-1,0,-0.26727846,0.43357536,0,1,unassigned,13.0,13.0,0.0,1.0,0.0,0.0,0.021276595,0.0,0,0,0,0,0
20971,1,0,0.043951035,0.51098603,1,0,test,12.0,12.0,0.0,1.0,0.0,0.0,0.01934236,0.0,0,0,1,1,0
20972,-1,0,-0.482382,0.3816898,0,1,unassigned,22.0,22.0,0.0,1.0,0.0,0.0,0.03868472,0.0,0,0,0,0,0
20973,-1,0,-0.6017097,0.35395265,0,1,unassigned,12.0,12.0,0.0,1.0,0.0,0.0,0.01934236,0.0,0,0,0,0,0
20974,0,0,-0.29665452,0.4263755,0,0,train,21.0,21.0,0.0,1.0,0.0,0.0,0.036750484,0.0,0,0,1,0,0
20975,-1,0,0.67241544,0.6620438,1,1,unassigned,10.0,8.0,2.0,0.8,0.2,0.19999999,0.015473888,0.0030947777,0,0,0,1,0
20976,-1,0,-0.29466277,0.42686278,0,1,unassigned,22.0,22.0,0.0,1.0,0.0,0.0,0.03868472,0.0,0,0,0,0,0
20977,1,0,3.169026,0.9596519,1,0,test,4.0,4.0,0.0,1.0,0.0,0.0,0.003868472,0.0,0,0,1,1,1
20978,-1,1,2.7947738,0.9423927,1,1,unassigned,21.0,21.0,0.0,1.0,0.0,0.0,0.036750484,0.0,1,0,0,1,1
20979,1,0,-0.9443708,0.2800183,0,1,test,25.0,25.0,0.0,1.0,0.0,0.0,0.044487428,0.0,0,0,0,0,0
20980,1,0,-0.086645484,0.47835213,0,1,test,3.0,3.0,0.0,1.0,0.0,0.0,0.001934236,0.0,0,0,0,0,0
20981,-1,0,0.29582733,0.5734222,1,1,unassigned,14.0,13.0,1.0,0.9285714,0.071428575,0.0714286,0.023210831,0.0016579166,0,0,0,1,0
20982,-1,1,3.240937,0.9623461,1,1,unassigned,7.0,5.0,2.0,0.71428573,0.2857143,0.28571427,0.00967118,0.0027631943,1,0,0,1,1
20983,-1,0,0.1062932,0.5265483,1,1,unassigned,2.0,2.0,0.0,1.0,0.0,0.0,0.0,0.0,0,0,0,1,0
20984,-1,1,2.5281365,0.9260909,1,1,unassigned,5.0,3.0,2.0,0.6,0.4,0.39999998,0.0058027077,0.002321083,1,0,0,1,1
20985,-1,0,0.18584555,0.5463281,1,1,unassigned,2.0,2.0,0.0,1.0,0.0,0.0,0.0,0.0,0,0,0,1,0
20986,-1,0,-0.48480165,0.38111892,0,1,unassigned,21.0,21.0,0.0,1.0,0.0,0.0,0.036750484,0.0,0,0,0,0,0
20987,-1,1,1.6771567,0.8425276,1,1,unassigned,45.0,39.0,6.0,0.8666667,0.13333334,0.13333333,0.08317215,0.01108962,1,0,0,1,0
20988,-1,0,-0.6098989,0.35208228,0,1,unassigned,65.0,64.0,1.0,0.9846154,0.015384615,0.0153846145,0.12185687,0.001874721,0,0,0,0,0
20989,-1,1,0.21650732,0.55391634,1,1,unassigned,70.0,64.0,6.0,0.9142857,0.08571429,0.08571428,0.13152805,0.011273833,1,0,0,1,0
20990,-1,0,4.457853,0.9885455,1,1,unassigned,2.0,1.0,1.0,0.5,0.5,0.5,0.0,0.0,0,0,0,1,1
20991,-1,0,-0.900276,0.28899378,0,1,unassigned,46.0,46.0,0.0,1.0,0.0,0.0,0.08510638,0.0,0,0,0,0,0
20992,1,0,0.16740143,0.5417529,1,0,train,68.0,64.0,4.0,0.9411765,0.05882353,0.058823526,0.12765957,0.0075093866,0,0,1,1,0
20993,-1,0,0.11513299,0.5287515,1,1,unassigned,10.0,10.0,0.0,1.0,0.0,0.0,0.015473888,0.0,0,0,0,1,0
20994,-1,0,2.6544561,0.9342851,1,1,unassigned,3.0,3.0,0.0,1.0,0.0,0.0,0.001934236,0.0,0,0,0,1,1
20995,-1,0,6.1765447,0.9979267,1,1,unassigned,2.0,2.0,0.0,1.0,0.0,0.0,0.0,0.0,0,0,0,1,1
20996,-1,0,-0.85696393,0.29797405,0,1,unassigned,3.0,3.0,0.0,1.0,0.0,0.0,0.001934236,0.0,0,0,0,0,0
20997,-1,1,1.0235329,0.7356602,1,1,unassigned,6.0,6.0,0.0,1.0,0.0,0.0,0.007736944,0.0,1,0,0,1,0
20998,-1,0,-0.9914762,0.27062058,0,1,unassigned,11.0,11.0,0.0,1.0,0.0,0.0,0.017408123,0.0,0,0,0,0,0
20999,-1,0,-0.9847686,0.2719466,0,1,unassigned,63.0,61.0,2.0,0.96825397,0.031746034,0.03174603,0.11798839,0.0037456634,0,0,0,0,0
21000,1,0,-1.0099496,0.2669897,0,1,val,48.0,48.0,0.0,1.0,0.0,0.0,0.088974856,0.0,0,0,0,0,0
21001,-1,1,0.06326723,0.51581156,1,1,unassigned,32.0,31.0,1.0,0.96875,0.03125,0.03125,0.058027077,0.0018133462,1,0,0,1,0
21002,-1,0,-0.65190524,0.34256035,0,1,unassigned,11.0,11.0,0.0,1.0,0.0,0.0,0.017408123,0.0,0,0,0,0,0
21003,-1,0,-0.93144774,0.28263107,0,1,unassigned,12.0,10.0,2.0,0.8333333,0.16666667,0.16666669,0.01934236,0.0032237265,0,0,0,0,0
21004,-1,0,-0.9169285,0.28558415,0,1,unassigned,28.0,25.0,3.0,0.89285713,0.10714286,0.107142866,0.050290134,0.0053882287,0,0,0,0,0
21005,-1,1,-0.99336606,0.27024773,0,1,unassigned,12.0,10.0,2.0,0.8333333,0.16666667,0.16666669,0.01934236,0.0032237265,1,0,0,0,0
21006,-1,1,2.6120496,0.9316331,1,1,unassigned,9.0,9.0,0.0,1.0,0.0,0.0,0.013539651,0.0,1,0,0,1,1
21007,1,1,2.3865566,0.9157964,1,0,val,5.0,5.0,0.0,1.0,0.0,0.0,0.0058027077,0.0,1,0,1,1,1
21008,-1,0,0.19113243,0.5476382,1,1,unassigned,27.0,27.0,0.0,1.0,0.0,0.0,0.0483559,0.0,0,0,0,1,0
21009,-1,0,2.359248,0.9136665,1,1,unassigned,2.0,1.0,1.0,0.5,0.5,0.5,0.0,0.0,0,0,0,1,1
21010,0,0,-0.9618031,0.27651733,0,0,unassigned,138.0,138.0,0.0,1.0,0.0,0.0,0.2630561,0.0,0,0,1,0,0
21011,-1,0,-0.23628324,0.44120252,0,1,unassigned,44.0,42.0,2.0,0.95454544,0.045454547,0.04545456,0.08123791,0.0036926325,0,0,0,0,0
21012,-1,0,-0.35852113,0.41131762,0,1,unassigned,20.0,20.0,0.0,1.0,0.0,0.0,0.034816246,0.0,0,0,0,0,0
21013,-1,0,3.744899,0.97690785,1,1,unassigned,15.0,15.0,0.0,1.0,0.0,0.0,0.025145067,0.0,0,0,0,1,1
21014,-1,1,0.044184387,0.51104426,1,1,unassigned,5.0,5.0,0.0,1.0,0.0,0.0,0.0058027077,0.0,1,0,0,1,0
21015,-1,0,-0.3639415,0.41000575,0,1,unassigned,2.0,2.0,0.0,1.0,0.0,0.0,0.0,0.0,0,0,0,0,0
21016,-1,0,-0.6828165,0.33563298,0,1,unassigned,38.0,37.0,1.0,0.9736842,0.02631579,0.026315808,0.06963249,0.0018324341,0,0,0,0,0
21017,-1,0,-0.40589538,0.3998967,0,1,unassigned,57.0,57.0,0.0,1.0,0.0,0.0,0.10638298,0.0,0,0,0,0,0
21018,-1,0,-0.7073695,0.33018035,0,1,unassigned,20.0,19.0,1.0,0.95,0.05,0.050000012,0.034816246,0.0017408123,0,0,0,0,0
21019,-1,0,1.8201439,0.86058336,1,1,unassigned,44.0,43.0,1.0,0.97727275,0.022727273,0.022727251,0.08123791,0.0018463163,0,0,0,1,0
21020,-1,0,3.0604522,0.9552316,1,1,unassigned,21.0,19.0,2.0,0.9047619,0.0952381,0.09523809,0.036750484,0.0035000462,0,0,0,1,1
21021,-1,0,-0.9530853,0.27826476,0,1,unassigned,37.0,37.0,0.0,1.0,0.0,0.0,0.06769826,0.0,0,0,0,0,0
21022,-1,1,0.7743128,0.6844531,1,1,unassigned,53.0,44.0,9.0,0.8301887,0.16981132,0.16981131,0.09864604,0.016751215,1,0,0,1,0
21023,-1,1,0.13608986,0.53397006,1,1,unassigned,55.0,49.0,6.0,0.8909091,0.10909091,0.109090924,0.102514505,0.011183401,1,0,0,1,0
21024,1,1,0.31553578,0.57823586,1,0,test,36.0,35.0,1.0,0.9722222,0.027777778,0.027777791,0.065764025,0.0018267785,1,0,1,1,0
21025,-1,1,0.40065932,0.5988461,1,1,unassigned,50.0,49.0,1.0,0.98,0.02,0.01999998,0.092843324,0.0018568664,1,0,0,1,0
21026,-1,0,5.2123427,0.99458057,1,1,unassigned,7.0,7.0,0.0,1.0,0.0,0.0,0.00967118,0.0,0,0,0,1,1
21027,1,0,-0.102965325,0.47428137,0,1,unassigned,6.0,5.0,1.0,0.8333333,0.16666667,0.16666669,0.007736944,0.0012894907,0,0,0,0,0
21028,-1,0,-0.8028426,0.30941778,0,1,unassigned,2.0,1.0,1.0,0.5,0.5,0.5,0.0,0.0,0,0,0,0,0
21029,-1,0,-0.08281791,0.47930735,0,1,unassigned,14.0,13.0,1.0,0.9285714,0.071428575,0.0714286,0.023210831,0.0016579166,0,0,0,0,0
21030,-1,0,-0.7132484,0.32888147,0,1,unassigned,4.0,4.0,0.0,1.0,0.0,0.0,0.003868472,0.0,0,0,0,0,0
21031,-1,0,-0.5319634,0.37005907,0,1,unassigned,22.0,22.0,0.0,1.0,0.0,0.0,0.03868472,0.0,0,0,0,0,0
21032,-1,0,-0.5549934,0.36470667,0,1,unassigned,12.0,8.0,4.0,0.6666667,0.33333334,0.3333333,0.01934236,0.006447453,0,0,0,0,0
21033,0,0,-0.4080217,0.39938658,0,0,test,5.0,5.0,0.0,1.0,0.0,0.0,0.0058027077,0.0,0,0,1,0,0
21034,-1,1,2.1560009,0.8962282,1,1,unassigned,4.0,4.0,0.0,1.0,0.0,0.0,0.003868472,0.0,1,0,0,1,0
21035,-1,0,4.106302,0.98379827,1,1,unassigned,2.0,2.0,0.0,1.0,0.0,0.0,0.0,0.0,0,0,0,1,1
21036,-1,0,-0.081184804,0.47971493,0,1,unassigned,8.0,7.0,1.0,0.875,0.125,0.125,0.0116054155,0.0014506769,0,0,0,0,0
21037,-1,0,4.392035,0.9877758,1,1,unassigned,16.0,14.0,2.0,0.875,0.125,0.125,0.027079303,0.0033849129,0,0,0,1,1
21038,0,1,0.2601915,0.5646834,1,1,unassigned,56.0,55.0,1.0,0.98214287,0.017857144,0.017857134,0.10444874,0.0018651562,1,0,0,1,0
21039,-1,0,-0.81036496,0.30781272,0,1,unassigned,78.0,75.0,3.0,0.96153843,0.03846154,0.038461566,0.14700194,0.005653921,0,0,0,0,0
21040,-1,0,0.7631367,0.6820344,1,1,unassigned,3.0,3.0,0.0,1.0,0.0,0.0,0.001934236,0.0,0,0,0,1,0
21041,-1,0,-0.66406524,0.339827,0,1,unassigned,11.0,11.0,0.0,1.0,0.0,0.0,0.017408123,0.0,0,0,0,0,0
21042,-1,0,2.260051,0.90551394,1,1,unassigned,3.0,3.0,0.0,1.0,0.0,0.0,0.001934236,0.0,0,0,0,1,1
21043,0,0,-0.5097771,0.37524578,0,0,val,5.0,5.0,0.0,1.0,0.0,0.0,0.0058027077,0.0,0,0,1,0,0
21044,-1,0,2.6394851,0.9333599,1,1,unassigned,17.0,16.0,1.0,0.9411765,0.05882353,0.058823526,0.029013539,0.0017066788,0,0,0,1,1
21045,-1,0,4.057797,0.9830068,1,1,unassigned,5.0,5.0,0.0,1.0,0.0,0.0,0.0058027077,0.0,0,0,0,1,1
21046,-1,0,2.4537566,0.92083573,1,1,unassigned,2.0,1.0,1.0,0.5,0.5,0.5,0.0,0.0,0,0,0,1,1
21047,-1,1,-0.7472809,0.32141405,0,1,unassigned,25.0,25.0,0.0,1.0,0.0,0.0,0.044487428,0.0,1,0,0,0,0
21048,-1,0,0.18641979,0.5464704,1,1,unassigned,28.0,27.0,1.0,0.96428573,0.035714287,0.03571427,0.050290134,0.0017960763,0,0,0,1,0
21049,-1,1,-0.44729155,0.39000493,0,1,unassigned,33.0,32.0,1.0,0.969697,0.030303031,0.030303001,0.059961315,0.0018170096,1,0,0,0,0
21050,-1,0,0.2473467,0.5615233,1,1,unassigned,13.0,12.0,1.0,0.9230769,0.07692308,0.07692307,0.021276595,0.0016366612,0,0,0,1,0
21051,-1,0,-0.9739953,0.27408487,0,1,unassigned,19.0,19.0,0.0,1.0,0.0,0.0,0.032882012,0.0,0,0,0,0,0
21052,-1,0,-0.51409256,0.37423462,0,1,unassigned,20.0,20.0,0.0,1.0,0.0,0.0,0.034816246,0.0,0,0,0,0,0
21053,-1,1,-0.931528,0.28261483,0,1,unassigned,110.0,89.0,21.0,0.8090909,0.19090909,0.19090909,0.20889749,0.03988043,1,0,0,0,0
21054,-1,0,2.2454913,0.90426093,1,1,unassigned,5.0,5.0,0.0,1.0,0.0,0.0,0.0058027077,0.0,0,0,0,1,1
21055,-1,0,1.4678493,0.81273025,1,1,unassigned,10.0,10.0,0.0,1.0,0.0,0.0,0.015473888,0.0,0,0,0,1,0
21056,-1,0,-0.43152645,0.3937619,0,1,unassigned,38.0,37.0,1.0,0.9736842,0.02631579,0.026315808,0.06963249,0.0018324341,0,0,0,0,0
21057,-1,1,-0.04813832,0.4879677,0,1,unassigned,11.0,11.0,0.0,1.0,0.0,0.0,0.017408123,0.0,1,0,0,0,0
21058,-1,1,0.9966858,0.73040646,1,1,unassigned,9.0,9.0,0.0,1.0,0.0,0.0,0.013539651,0.0,1,0,0,1,0
21059,-1,1,8.143145,0.9997093,1,1,unassigned,8.0,5.0,3.0,0.625,0.375,0.375,0.0116054155,0.004352031,1,0,0,1,1
21060,0,1,0.015581787,0.50389534,1,1,test,74.0,71.0,3.0,0.9594595,0.04054054,0.040540516,0.13926499,0.0056458777,1,0,0,1,0
21061,-1,1,4.6763406,0.99077296,1,1,unassigned,7.0,6.0,1.0,0.85714287,0.14285715,0.14285713,0.00967118,0.0013815971,1,0,0,1,1
21062,-1,0,-0.14051977,0.46492776,0,1,unassigned,8.0,8.0,0.0,1.0,0.0,0.0,0.0116054155,0.0,0,0,0,0,0
21063,-1,0,7.56848,0.9994837,1,1,unassigned,6.0,6.0,0.0,1.0,0.0,0.0,0.007736944,0.0,0,0,0,1,1
21064,-1,0,0.68129164,0.6640269,1,1,unassigned,23.0,21.0,2.0,0.9130435,0.08695652,0.0869565,0.040618956,0.0035320832,0,0,0,1,0
21065,-1,0,6.7254596,0.99880147,1,1,unassigned,14.0,11.0,3.0,0.78571427,0.21428572,0.21428573,0.023210831,0.0049737496,0,0,0,1,1
21066,-1,0,2.669372,0.93519497,1,1,unassigned,2.0,2.0,0.0,1.0,0.0,0.0,0.0,0.0,0,0,0,1,1
21067,-1,0,0.5088909,0.62454647,1,1,unassigned,3.0,3.0,0.0,1.0,0.0,0.0,0.001934236,0.0,0,0,0,1,0
21068,-1,1,0.27303487,0.56783783,1,1,unassigned,2.0,2.0,0.0,1.0,0.0,0.0,0.0,0.0,1,0,0,1,0
21069,0,1,-0.28808945,0.42847165,0,0,unassigned,34.0,34.0,0.0,1.0,0.0,0.0,0.061895553,0.0,1,0,1,0,0
21070,-1,1,-0.5593065,0.36370793,0,1,unassigned,49.0,46.0,3.0,0.93877554,0.06122449,0.06122446,0.09090909,0.005565863,1,0,0,0,0
21071,-1,0,0.72051674,0.67272085,1,1,unassigned,27.0,25.0,2.0,0.9259259,0.074074075,0.07407409,0.0483559,0.0035819185,0,0,0,1,0
21072,-1,1,0.08061677,0.52014333,1,1,unassigned,9.0,8.0,1.0,0.8888889,0.11111111,0.111111104,0.013539651,0.0015044058,1,0,0,1,0
21073,-1,0,1.5124743,0.8194276,1,1,unassigned,3.0,3.0,0.0,1.0,0.0,0.0,0.001934236,0.0,0,0,0,1,0
21074,-1,0,2.372711,0.91472256,1,1,unassigned,2.0,2.0,0.0,1.0,0.0,0.0,0.0,0.0,0,0,0,1,1
21075,-1,0,-0.27790424,0.43096766,0,1,unassigned,13.0,13.0,0.0,1.0,0.0,0.0,0.021276595,0.0,0,0,0,0,0
21076,-1,0,1.885709,0.86826545,1,1,unassigned,6.0,6.0,0.0,1.0,0.0,0.0,0.007736944,0.0,0,0,0,1,0
21077,-1,0,-0.43580967,0.39273986,0,1,unassigned,3.0,3.0,0.0,1.0,0.0,0.0,0.001934236,0.0,0,0,0,0,0
21078,-1,0,1.1867731,0.7661634,1,1,unassigned,90.0,88.0,2.0,0.9777778,0.022222223,0.02222222,0.17021276,0.0037825059,0,0,0,1,0
21079,-1,1,-0.7009815,0.33159465,0,1,unassigned,25.0,25.0,0.0,1.0,0.0,0.0,0.044487428,0.0,1,0,0,0,0
21080,-1,0,7.824901,0.99960047,1,1,unassigned,10.0,9.0,1.0,0.9,0.1,0.100000024,0.015473888,0.0015473888,0,0,0,1,1
21081,-1,0,8.32831,0.9997584,1,1,unassigned,9.0,9.0,0.0,1.0,0.0,0.0,0.013539651,0.0,0,0,0,1,1
21082,-1,0,0.7604572,0.681453,1,1,unassigned,38.0,38.0,0.0,1.0,0.0,0.0,0.06963249,0.0,0,0,0,1,0
21083,-1,0,-0.39656454,0.40213802,0,1,unassigned,6.0,6.0,0.0,1.0,0.0,0.0,0.007736944,0.0,0,0,0,0,0
21084,-1,0,2.0865386,0.8895879,1,1,unassigned,3.0,3.0,0.0,1.0,0.0,0.0,0.001934236,0.0,0,0,0,1,0
21085,0,0,-0.064900935,0.48378044,0,0,test,15.0,14.0,1.0,0.93333334,0.06666667,0.06666666,0.025145067,0.0016763379,0,0,1,0,0
21086,-1,1,9.816988,0.9999455,1,1,unassigned,7.0,5.0,2.0,0.71428573,0.2857143,0.28571427,0.00967118,0.0027631943,1,0,0,1,1
21087,-1,0,3.1885765,0.9604021,1,1,unassigned,2.0,2.0,0.0,1.0,0.0,0.0,0.0,0.0,0,0,0,1,1
21088,-1,0,0.6436389,0.6555756,1,1,unassigned,3.0,2.0,1.0,0.6666667,0.33333334,0.3333333,0.001934236,0.00064474536,0,0,0,1,0
21089,0,0,0.021530092,0.5053823,1,1,unassigned,3.0,3.0,0.0,1.0,0.0,0.0,0.001934236,0.0,0,0,0,1,0
21090,-1,1,7.0482383,0.99913186,1,1,unassigned,11.0,7.0,4.0,0.6363636,0.36363637,0.36363637,0.017408123,0.006330227,1,0,0,1,1
21091,-1,0,0.21990669,0.55475616,1,1,unassigned,14.0,14.0,0.0,1.0,0.0,0.0,0.023210831,0.0,0,0,0,1,0
21092,-1,0,0.723728,0.6734274,1,1,unassigned,38.0,38.0,0.0,1.0,0.0,0.0,0.06963249,0.0,0,0,0,1,0
21093,-1,1,-0.61222094,0.35155272,0,1,unassigned,5.0,4.0,1.0,0.8,0.2,0.19999999,0.0058027077,0.0011605415,1,0,0,0,0
21094,-1,0,0.664352,0.6602373,1,1,unassigned,7.0,7.0,0.0,1.0,0.0,0.0,0.00967118,0.0,0,0,0,1,0
21095,-1,0,2.218541,0.90190214,1,1,unassigned,3.0,3.0,0.0,1.0,0.0,0.0,0.001934236,0.0,0,0,0,1,1
21096,-1,0,13.954887,0.99999917,1,1,unassigned,4.0,3.0,1.0,0.75,0.25,0.25,0.003868472,0.000967118,0,0,0,1,1
21097,-1,0,1.4870865,0.81564057,1,1,unassigned,2.0,2.0,0.0,1.0,0.0,0.0,0.0,0.0,0,0,0,1,0
21098,1,0,0.6074285,0.647354,1,0,test,17.0,17.0,0.0,1.0,0.0,0.0,0.029013539,0.0,0,0,1,1,0
21099,-1,0,-0.19050682,0.4525168,0,1,unassigned,57.0,57.0,0.0,1.0,0.0,0.0,0.10638298,0.0,0,0,0,0,0
21100,-1,0,0.15629679,0.53899485,1,1,unassigned,17.0,16.0,1.0,0.9411765,0.05882353,0.058823526,0.029013539,0.0017066788,0,0,0,1,0
21101,-1,0,1.6497977,0.83886373,1,1,unassigned,47.0,46.0,1.0,0.9787234,0.021276595,0.021276593,0.08704062,0.001851928,0,0,0,1,0
21102,-1,0,-0.26204133,0.434862,0,1,unassigned,9.0,8.0,1.0,0.8888889,0.11111111,0.111111104,0.013539651,0.0015044058,0,0,0,0,0
21103,-1,0,-0.22689646,0.44351795,0,1,unassigned,3.0,2.0,1.0,0.6666667,0.33333334,0.3333333,0.001934236,0.00064474536,0,0,0,0,0
21104,-1,0,-0.23846683,0.4406642,0,1,unassigned,10.0,10.0,0.0,1.0,0.0,0.0,0.015473888,0.0,0,0,0,0,0
21105,-1,1,0.3649192,0.5902307,1,1,unassigned,3.0,3.0,0.0,1.0,0.0,0.0,0.001934236,0.0,1,0,0,1,0
21106,-1,0,1.5738928,0.82833785,1,1,unassigned,8.0,8.0,0.0,1.0,0.0,0.0,0.0116054155,0.0,0,0,0,1,0
21107,-1,0,7.1832976,0.9992415,1,1,unassigned,3.0,3.0,0.0,1.0,0.0,0.0,0.001934236,0.0,0,0,0,1,1
21108,-1,0,0.19333571,0.5481839,1,1,unassigned,2.0,2.0,0.0,1.0,0.0,0.0,0.0,0.0,0,0,0,1,0
21109,-1,0,3.641989,0.97446877,1,1,unassigned,2.0,1.0,1.0,0.5,0.5,0.5,0.0,0.0,0,0,0,1,1
21110,0,0,-0.10162157,0.47461644,0,0,unassigned,31.0,31.0,0.0,1.0,0.0,0.0,0.056092843,0.0,0,0,1,0,0
21111,-1,0,5.0151696,0.99340725,1,1,unassigned,2.0,2.0,0.0,1.0,0.0,0.0,0.0,0.0,0,0,0,1,1
21112,-1,0,5.9337387,0.9973584,1,1,unassigned,3.0,3.0,0.0,1.0,0.0,0.0,0.001934236,0.0,0,0,0,1,1
21113,-1,0,0.26467305,0.56578463,1,1,unassigned,5.0,5.0,0.0,1.0,0.0,0.0,0.0058027077,0.0,0,0,0,1,0
21114,-1,1,-0.24494904,0.43906707,0,1,unassigned,9.0,8.0,1.0,0.8888889,0.11111111,0.111111104,0.013539651,0.0015044058,1,0,0,0,0
21115,-1,0,-1.2974219,0.21459922,0,1,unassigned,3.0,2.0,1.0,0.6666667,0.33333334,0.3333333,0.001934236,0.00064474536,0,0,0,0,0
21116,-1,0,-0.26355535,0.4344899,0,1,unassigned,36.0,35.0,1.0,0.9722222,0.027777778,0.027777791,0.065764025,0.0018267785,0,0,0,0,0
21117,-1,0,2.3355014,0.9117749,1,1,unassigned,7.0,6.0,1.0,0.85714287,0.14285715,0.14285713,0.00967118,0.0013815971,0,0,0,1,1
21118,-1,1,-0.2171691,0.4459201,0,1,unassigned,15.0,14.0,1.0,0.93333334,0.06666667,0.06666666,0.025145067,0.0016763379,1,0,0,0,0
21119,-1,0,3.5661795,0.9725133,1,1,unassigned,3.0,3.0,0.0,1.0,0.0,0.0,0.001934236,0.0,0,0,0,1,1
21120,-1,0,3.5546877,0.9722044,1,1,unassigned,6.0,5.0,1.0,0.8333333,0.16666667,0.16666669,0.007736944,0.0012894907,0,0,0,1,1
21121,0,0,-0.2526723,0.43716586,0,0,unassigned,34.0,34.0,0.0,1.0,0.0,0.0,0.061895553,0.0,0,0,1,0,0
21122,-1,0,12.086375,0.9999944,1,1,unassigned,32.0,29.0,3.0,0.90625,0.09375,0.09375,0.058027077,0.0054400386,0,0,0,1,1
21123,-1,1,-0.053554356,0.4866146,0,1,unassigned,59.0,52.0,7.0,0.88135594,0.118644066,0.11864406,0.11025145,0.01308068,1,0,0,0,0
21124,-1,0,-0.39691103,0.40205473,0,1,unassigned,18.0,18.0,0.0,1.0,0.0,0.0,0.030947777,0.0,0,0,0,0,0
21125,-1,0,16.648449,1.0,1,1,unassigned,94.0,94.0,0.0,1.0,0.0,0.0,0.17794971,0.0,0,0,0,1,1
21126,-1,0,-0.09165543,0.4771022,0,1,unassigned,48.0,48.0,0.0,1.0,0.0,0.0,0.088974856,0.0,0,0,0,0,0
21127,-1,1,7.1889186,0.99924564,1,1,unassigned,9.0,8.0,1.0,0.8888889,0.11111111,0.111111104,0.013539651,0.0015044058,1,0,0,1,1
21128,-1,0,3.6249478,0.9740414,1,1,unassigned,3.0,3.0,0.0,1.0,0.0,0.0,0.001934236,0.0,0,0,0,1,1
21129,1,1,0.39739013,0.5980604,1,0,test,14.0,14.0,0.0,1.0,0.0,0.0,0.023210831,0.0,1,0,1,1,0
21130,1,0,2.4461308,0.9202781,1,0,val,2.0,2.0,0.0,1.0,0.0,0.0,0.0,0.0,0,0,1,1,1
21131,-1,0,4.221499,0.98553574,1,1,unassigned,4.0,4.0,0.0,1.0,0.0,0.0,0.003868472,0.0,0,0,0,1,1
21132,-1,1,1.957876,0.87630296,1,1,unassigned,5.0,3.0,2.0,0.6,0.4,0.39999998,0.0058027077,0.002321083,1,0,0,1,0
21133,-1,0,-0.12515378,0.46875232,0,1,unassigned,12.0,12.0,0.0,1.0,0.0,0.0,0.01934236,0.0,0,0,0,0,0
21134,-1,0,0.2275092,0.55663323,1,1,unassigned,15.0,15.0,0.0,1.0,0.0,0.0,0.025145067,0.0,0,0,0,1,0
21135,1,1,2.1052842,0.8914157,1,0,unassigned,21.0,15.0,6.0,0.71428573,0.2857143,0.28571427,0.036750484,0.010500139,1,0,1,1,0
21136,-1,0,-0.11304301,0.47176933,0,1,unassigned,4.0,4.0,0.0,1.0,0.0,0.0,0.003868472,0.0,0,0,0,0,0
21137,1,0,-0.19173914,0.45221153,0,1,test,42.0,39.0,3.0,0.9285714,0.071428575,0.0714286,0.07736944,0.0055263885,0,0,0,0,0
21138,-1,1,-0.22739035,0.4433961,0,1,unassigned,15.0,14.0,1.0,0.93333334,0.06666667,0.06666666,0.025145067,0.0016763379,1,0,0,0,0
21139,-1,1,-0.909311,0.28714085,0,1,unassigned,33.0,32.0,1.0,0.969697,0.030303031,0.030303001,0.059961315,0.0018170096,1,0,0,0,0
21140,-1,1,0.27026922,0.567159,1,1,unassigned,8.0,8.0,0.0,1.0,0.0,0.0,0.0116054155,0.0,1,0,0,1,0
21141,-1,0,0.036984384,0.50924504,1,1,unassigned,13.0,13.0,0.0,1.0,0.0,0.0,0.021276595,0.0,0,0,0,1,0
21142,-1,0,-0.61204934,0.35159189,0,1,unassigned,4.0,4.0,0.0,1.0,0.0,0.0,0.003868472,0.0,0,0,0,0,0
21143,-1,0,-0.20513141,0.44889623,0,1,unassigned,5.0,5.0,0.0,1.0,0.0,0.0,0.0058027077,0.0,0,0,0,0,0
21144,-1,0,0.06402272,0.5160002,1,1,unassigned,3.0,3.0,0.0,1.0,0.0,0.0,0.001934236,0.0,0,0,0,1,0
21145,0,0,1.103586,0.7509314,1,1,test,3.0,3.0,0.0,1.0,0.0,0.0,0.001934236,0.0,0,0,0,1,0
21146,-1,0,-0.6420839,0.34477565,0,1,unassigned,2.0,2.0,0.0,1.0,0.0,0.0,0.0,0.0,0,0,0,0,0
21147,-1,0,-0.22248584,0.4446069,0,1,unassigned,29.0,29.0,0.0,1.0,0.0,0.0,0.05222437,0.0,0,0,0,0,0
21148,-1,0,0.053649783,0.51340926,1,1,unassigned,61.0,60.0,1.0,0.9836066,0.016393442,0.016393423,0.114119925,0.0018708183,0,0,0,1,0
21149,-1,1,1.5486019,0.82471174,1,1,unassigned,33.0,33.0,0.0,1.0,0.0,0.0,0.059961315,0.0,1,0,0,1,0
21150,-1,1,1.4901841,0.8161059,1,1,unassigned,2.0,2.0,0.0,1.0,0.0,0.0,0.0,0.0,1,0,0,1,0
21151,-1,0,0.7907894,0.6880008,1,1,unassigned,4.0,3.0,1.0,0.75,0.25,0.25,0.003868472,0.000967118,0,0,0,1,0
21152,-1,0,-0.21399483,0.44670448,0,1,unassigned,16.0,16.0,0.0,1.0,0.0,0.0,0.027079303,0.0,0,0,0,0,0
21153,-1,0,-0.5862102,0.3575049,0,1,unassigned,7.0,6.0,1.0,0.85714287,0.14285715,0.14285713,0.00967118,0.0013815971,0,0,0,0,0
21154,-1,0,3.329337,0.96542156,1,1,unassigned,9.0,8.0,1.0,0.8888889,0.11111111,0.111111104,0.013539651,0.0015044058,0,0,0,1,1
21155,-1,0,-0.14146745,0.464692,0,1,unassigned,8.0,7.0,1.0,0.875,0.125,0.125,0.0116054155,0.0014506769,0,0,0,0,0
21156,-1,0,1.3595855,0.7956923,1,1,unassigned,2.0,2.0,0.0,1.0,0.0,0.0,0.0,0.0,0,0,0,1,0
21157,-1,0,0.27433646,0.5681572,1,1,unassigned,6.0,6.0,0.0,1.0,0.0,0.0,0.007736944,0.0,0,0,0,1,0
21158,-1,0,-0.47109526,0.38435706,0,1,unassigned,28.0,28.0,0.0,1.0,0.0,0.0,0.050290134,0.0,0,0,0,0,0
21159,1,0,1.77123,0.85461056,1,0,unassigned,11.0,8.0,3.0,0.72727275,0.27272728,0.27272725,0.017408123,0.00474767,0,0,1,1,0
21160,-1,0,0.5270452,0.62879366,1,1,unassigned,3.0,3.0,0.0,1.0,0.0,0.0,0.001934236,0.0,0,0,0,1,0
21161,-1,0,-0.4118511,0.39846835,0,1,unassigned,29.0,29.0,0.0,1.0,0.0,0.0,0.05222437,0.0,0,0,0,0,0
21162,-1,1,2.7616293,0.94056684,1,1,unassigned,4.0,4.0,0.0,1.0,0.0,0.0,0.003868472,0.0,1,0,0,1,1
21163,0,0,-0.16021976,0.46003053,0,0,test,10.0,10.0,0.0,1.0,0.0,0.0,0.015473888,0.0,0,0,1,0,0
21164,-1,0,-0.82462776,0.3047822,0,1,unassigned,24.0,24.0,0.0,1.0,0.0,0.0,0.04255319,0.0,0,0,0,0,0
21165,-1,0,2.866552,0.946168,1,1,unassigned,18.0,18.0,0.0,1.0,0.0,0.0,0.030947777,0.0,0,0,0,1,1
21166,0,0,0.47888023,0.61748344,1,1,val,3.0,3.0,0.0,1.0,0.0,0.0,0.001934236,0.0,0,0,0,1,0
21167,-1,0,4.1220527,0.9840475,1,1,unassigned,12.0,10.0,2.0,0.8333333,0.16666667,0.16666669,0.01934236,0.0032237265,0,0,0,1,1
21168,-1,1,2.1839998,0.8988034,1,1,unassigned,3.0,3.0,0.0,1.0,0.0,0.0,0.001934236,0.0,1,0,0,1,0
21169,-1,1,-0.38802874,0.40419197,0,1,unassigned,30.0,28.0,2.0,0.93333334,0.06666667,0.06666666,0.054158606,0.003610574,1,0,0,0,0
21170,-1,0,0.52217895,0.6276571,1,1,unassigned,19.0,19.0,0.0,1.0,0.0,0.0,0.032882012,0.0,0,0,0,1,0
21171,-1,0,-0.090060115,0.47750014,0,1,unassigned,10.0,10.0,0.0,1.0,0.0,0.0,0.015473888,0.0,0,0,0,0,0
21172,0,0,-0.3155091,0.4217706,0,0,unassigned,30.0,29.0,1.0,0.96666664,0.033333335,0.03333336,0.054158606,0.001805287,0,0,1,0,0
21173,-1,0,-0.26770854,0.4334697,0,1,unassigned,13.0,13.0,0.0,1.0,0.0,0.0,0.021276595,0.0,0,0,0,0,0
21174,-1,1,-0.8509183,0.29924026,0,1,unassigned,12.0,12.0,0.0,1.0,0.0,0.0,0.01934236,0.0,1,0,0,0,0
21175,-1,0,0.7783137,0.68531656,1,1,unassigned,12.0,11.0,1.0,0.9166667,0.083333336,0.08333331,0.01934236,0.0016118633,0,0,0,1,0
21176,-1,0,-0.14439785,0.46396312,0,1,unassigned,13.0,13.0,0.0,1.0,0.0,0.0,0.021276595,0.0,0,0,0,0,0
21177,1,0,3.4969108,0.9705997,1,0,val,4.0,2.0,2.0,0.5,0.5,0.5,0.003868472,0.001934236,0,0,1,1,1
21178,-1,0,2.9712934,0.95126027,1,1,unassigned,12.0,12.0,0.0,1.0,0.0,0.0,0.01934236,0.0,0,0,0,1,1
21179,-1,0,2.0713146,0.88808376,1,1,unassigned,2.0,1.0,1.0,0.5,0.5,0.5,0.0,0.0,0,0,0,1,0
21180,-1,0,0.66868836,0.6612094,1,1,unassigned,3.0,3.0,0.0,1.0,0.0,0.0,0.001934236,0.0,0,0,0,1,0
21181,-1,0,1.6083496,0.83318216,1,1,unassigned,2.0,2.0,0.0,1.0,0.0,0.0,0.0,0.0,0,0,0,1,0
21182,-1,0,1.5186934,0.820346,1,1,unassigned,2.0,2.0,0.0,1.0,0.0,0.0,0.0,0.0,0,0,0,1,0
21183,-1,0,6.9685054,0.99905986,1,1,unassigned,14.0,13.0,1.0,0.9285714,0.071428575,0.0714286,0.023210831,0.0016579166,0,0,0,1,1
21184,-1,1,6.170854,0.99791485,1,1,unassigned,2.0,2.0,0.0,1.0,0.0,0.0,0.0,0.0,1,0,0,1,1
21185,-1,0,-0.18845174,0.453026,0,1,unassigned,9.0,9.0,0.0,1.0,0.0,0.0,0.013539651,0.0,0,0,0,0,0
21186,-1,0,-0.19930875,0.45033714,0,1,unassigned,19.0,19.0,0.0,1.0,0.0,0.0,0.032882012,0.0,0,0,0,0,0
21187,1,1,7.2654595,0.9993012,1,0,unassigned,10.0,10.0,0.0,1.0,0.0,0.0,0.015473888,0.0,1,0,1,1,1
21188,-1,0,2.6985595,0.9369416,1,1,unassigned,2.0,2.0,0.0,1.0,0.0,0.0,0.0,0.0,0,0,0,1,1
21189,1,0,5.3214536,0.9951381,1,0,val,7.0,7.0,0.0,1.0,0.0,0.0,0.00967118,0.0,0,0,1,1,1
21190,-1,0,-0.3533737,0.41256455,0,1,unassigned,9.0,9.0,0.0,1.0,0.0,0.0,0.013539651,0.0,0,0,0,0,0
21191,1,0,2.4463394,0.92029333,1,0,unassigned,10.0,9.0,1.0,0.9,0.1,0.100000024,0.015473888,0.0015473888,0,0,1,1,1
21192,-1,1,3.8631332,0.97942996,1,1,unassigned,16.0,16.0,0.0,1.0,0.0,0.0,0.027079303,0.0,1,0,0,1,1
21193,-1,0,-0.41958213,0.39661676,0,1,unassigned,8.0,7.0,1.0,0.875,0.125,0.125,0.0116054155,0.0014506769,0,0,0,0,0
21194,-1,1,1.9024003,0.870163,1,1,unassigned,9.0,8.0,1.0,0.8888889,0.11111111,0.111111104,0.013539651,0.0015044058,1,0,0,1,0
21195,1,0,-0.5008525,0.37734035,0,1,val,40.0,40.0,0.0,1.0,0.0,0.0,0.07350097,0.0,0,0,0,0,0
21196,1,0,-0.25579715,0.43639714,0,1,val,58.0,58.0,0.0,1.0,0.0,0.0,0.10831721,0.0,0,0,0,0,0
21197,1,0,-0.20918173,0.44789445,0,1,unassigned,16.0,16.0,0.0,1.0,0.0,0.0,0.027079303,0.0,0,0,0,0,0
21198,-1,0,-0.39151222,0.4033533,0,1,unassigned,12.0,10.0,2.0,0.8333333,0.16666667,0.16666669,0.01934236,0.0032237265,0,0,0,0,0
21199,-1,0,-0.097988546,0.47552246,0,1,unassigned,40.0,39.0,1.0,0.975,0.025,0.024999976,0.07350097,0.0018375242,0,0,0,0,0
21200,-1,0,-0.09481299,0.47631449,0,1,unassigned,11.0,11.0,0.0,1.0,0.0,0.0,0.017408123,0.0,0,0,0,0,0
21201,-1,0,-0.55801576,0.36400667,0,1,unassigned,25.0,24.0,1.0,0.96,0.04,0.04000002,0.044487428,0.001779497,0,0,0,0,0
21202,0,0,-0.821875,0.3053658,0,0,val,3.0,2.0,1.0,0.6666667,0.33333334,0.3333333,0.001934236,0.00064474536,0,0,1,0,0
21203,-1,0,0.8020657,0.6904162,1,1,unassigned,6.0,6.0,0.0,1.0,0.0,0.0,0.007736944,0.0,0,0,0,1,0
21204,-1,0,0.2223869,0.5553687,1,1,unassigned,32.0,31.0,1.0,0.96875,0.03125,0.03125,0.058027077,0.0018133462,0,0,0,1,0
21205,-1,1,-1.431982,0.19279005,0,1,unassigned,5.0,5.0,0.0,1.0,0.0,0.0,0.0058027077,0.0,1,0,0,0,0
21206,-1,0,0.25037056,0.5622677,1,1,unassigned,3.0,3.0,0.0,1.0,0.0,0.0,0.001934236,0.0,0,0,0,1,0
21207,-1,0,-0.8193936,0.3058924,0,1,unassigned,15.0,8.0,7.0,0.53333336,0.46666667,0.46666664,0.025145067,0.011734365,0,0,0,0,0
21208,-1,0,-0.7565831,0.31938857,0,1,unassigned,27.0,27.0,0.0,1.0,0.0,0.0,0.0483559,0.0,0,0,0,0,0
21209,-1,0,0.17912608,0.5446622,1,1,unassigned,45.0,42.0,3.0,0.93333334,0.06666667,0.06666666,0.08317215,0.00554481,0,0,0,1,0
21210,0,0,-0.28081194,0.43025476,0,0,test,7.0,7.0,0.0,1.0,0.0,0.0,0.00967118,0.0,0,0,1,0,0
21211,-1,0,3.5261204,0.9714219,1,1,unassigned,7.0,7.0,0.0,1.0,0.0,0.0,0.00967118,0.0,0,0,0,1,1
21212,-1,1,2.9791176,0.9516218,1,1,unassigned,3.0,3.0,0.0,1.0,0.0,0.0,0.001934236,0.0,1,0,0,1,1
21213,-1,0,-0.28647286,0.42886758,0,1,unassigned,2.0,2.0,0.0,1.0,0.0,0.0,0.0,0.0,0,0,0,0,0
21214,-1,0,-0.3001784,0.4255139,0,1,unassigned,3.0,3.0,0.0,1.0,0.0,0.0,0.001934236,0.0,0,0,0,0,0
21215,0,0,-0.3753424,0.40725076,0,0,val,10.0,10.0,0.0,1.0,0.0,0.0,0.015473888,0.0,0,0,1,0,0
21216,-1,0,4.433697,0.98826873,1,1,unassigned,18.0,7.0,11.0,0.3888889,0.6111111,0.6111111,0.030947777,0.01891253,0,0,0,1,1
21217,-1,0,-0.552742,0.36522844,0,1,unassigned,24.0,24.0,0.0,1.0,0.0,0.0,0.04255319,0.0,0,0,0,0,0
21218,-1,0,3.7002766,0.97587943,1,1,unassigned,2.0,2.0,0.0,1.0,0.0,0.0,0.0,0.0,0,0,0,1,1
21219,1,0,5.0961347,0.9939169,1,0,unassigned,2.0,2.0,0.0,1.0,0.0,0.0,0.0,0.0,0,0,1,1,1
21220,-1,0,-0.5554018,0.36461207,0,1,unassigned,12.0,12.0,0.0,1.0,0.0,0.0,0.01934236,0.0,0,0,0,0,0
21221,1,0,-0.35497892,0.41217554,0,1,test,113.0,112.0,1.0,0.99115044,0.0088495575,0.008849561,0.21470019,0.0019000017,0,0,0,0,0
21222,-1,0,-0.7085215,0.32992563,0,1,unassigned,14.0,14.0,0.0,1.0,0.0,0.0,0.023210831,0.0,0,0,0,0,0
21223,-1,0,6.873215,0.998966,1,1,unassigned,7.0,7.0,0.0,1.0,0.0,0.0,0.00967118,0.0,0,0,0,1,1
21224,-1,0,6.7740245,0.9988582,1,1,unassigned,2.0,2.0,0.0,1.0,0.0,0.0,0.0,0.0,0,0,0,1,1
21225,-1,0,-0.37230775,0.4079835,0,1,unassigned,6.0,6.0,0.0,1.0,0.0,0.0,0.007736944,0.0,0,0,0,0,0
21226,-1,0,0.5097502,0.62474793,1,1,unassigned,19.0,19.0,0.0,1.0,0.0,0.0,0.032882012,0.0,0,0,0,1,0
21227,-1,0,-0.28360564,0.42957005,0,1,unassigned,30.0,30.0,0.0,1.0,0.0,0.0,0.054158606,0.0,0,0,0,0,0
21228,-1,0,-0.5504144,0.36576828,0,1,unassigned,46.0,46.0,0.0,1.0,0.0,0.0,0.08510638,0.0,0,0,0,0,0
21229,0,0,-0.84231055,0.30104837,0,0,unassigned,24.0,23.0,1.0,0.9583333,0.041666668,0.041666687,0.04255319,0.0017730496,0,0,1,0,0
21230,-1,0,0.19892627,0.54956824,1,1,unassigned,12.0,12.0,0.0,1.0,0.0,0.0,0.01934236,0.0,0,0,0,1,0
21231,-1,0,0.7816927,0.6860448,1,1,unassigned,8.0,8.0,0.0,1.0,0.0,0.0,0.0116054155,0.0,0,0,0,1,0
21232,0,0,-0.68050885,0.33614776,0,0,unassigned,6.0,6.0,0.0,1.0,0.0,0.0,0.007736944,0.0,0,0,1,0,0
21233,-1,0,-0.012747765,0.49681312,0,1,unassigned,2.0,2.0,0.0,1.0,0.0,0.0,0.0,0.0,0,0,0,0,0
21234,-1,0,-0.036840796,0.49079084,0,1,unassigned,32.0,32.0,0.0,1.0,0.0,0.0,0.058027077,0.0,0,0,0,0,0
21235,-1,0,1.515629,0.81989396,1,1,unassigned,2.0,2.0,0.0,1.0,0.0,0.0,0.0,0.0,0,0,0,1,0
21236,-1,0,1.075088,0.7455633,1,1,unassigned,4.0,4.0,0.0,1.0,0.0,0.0,0.003868472,0.0,0,0,0,1,0
21237,-1,1,0.04542154,0.51135343,1,1,unassigned,13.0,13.0,0.0,1.0,0.0,0.0,0.021276595,0.0,1,0,0,1,0
21238,-1,0,0.08109081,0.52026165,1,1,unassigned,35.0,35.0,0.0,1.0,0.0,0.0,0.06382979,0.0,0,0,0,1,0
21239,1,0,-0.5364665,0.36900994,0,1,unassigned,57.0,57.0,0.0,1.0,0.0,0.0,0.10638298,0.0,0,0,0,0,0
21240,-1,0,-0.36377844,0.4100452,0,1,unassigned,14.0,14.0,0.0,1.0,0.0,0.0,0.023210831,0.0,0,0,0,0,0
21241,-1,0,-0.10216886,0.47447994,0,1,unassigned,12.0,10.0,2.0,0.8333333,0.16666667,0.16666669,0.01934236,0.0032237265,0,0,0,0,0
21242,-1,1,0.5384031,0.6314409,1,1,unassigned,5.0,5.0,0.0,1.0,0.0,0.0,0.0058027077,0.0,1,0,0,1,0
21243,1,1,0.40705484,0.6003815,1,0,val,8.0,7.0,1.0,0.875,0.125,0.125,0.0116054155,0.0014506769,1,0,1,1,0
21244,1,0,-0.6453082,0.34404758,0,1,test,30.0,30.0,0.0,1.0,0.0,0.0,0.054158606,0.0,0,0,0,0,0
21245,-1,1,2.7480314,0.9398021,1,1,unassigned,11.0,11.0,0.0,1.0,0.0,0.0,0.017408123,0.0,1,0,0,1,1
21246,-1,1,-0.6677512,0.33900058,0,1,unassigned,34.0,32.0,2.0,0.9411765,0.05882353,0.058823526,0.061895553,0.0036409148,1,0,0,0,0
21247,-1,0,-0.62731904,0.3481187,0,1,unassigned,41.0,41.0,0.0,1.0,0.0,0.0,0.07543521,0.0,0,0,0,0,0
21248,-1,1,0.51434535,0.6258246,1,1,unassigned,30.0,30.0,0.0,1.0,0.0,0.0,0.054158606,0.0,1,0,0,1,0
21249,-1,0,5.701837,0.9966714,1,1,unassigned,6.0,6.0,0.0,1.0,0.0,0.0,0.007736944,0.0,0,0,0,1,1
21250,1,1,-0.2639115,0.43440244,0,1,test,18.0,1.0,17.0,0.055555556,0.9444444,0.9444444,0.030947777,0.029228454,1,1,0,0,0
21251,1,0,-0.546656,0.36664057,0,1,unassigned,14.0,13.0,1.0,0.9285714,0.071428575,0.0714286,0.023210831,0.0016579166,0,0,0,0,0
21252,-1,0,-0.9441354,0.28006577,0,1,unassigned,2.0,2.0,0.0,1.0,0.0,0.0,0.0,0.0,0,0,0,0,0
21253,-1,0,-0.34583783,0.41439208,0,1,unassigned,2.0,2.0,0.0,1.0,0.0,0.0,0.0,0.0,0,0,0,0,0
21254,1,0,0.29018354,0.57204103,1,0,unassigned,3.0,3.0,0.0,1.0,0.0,0.0,0.001934236,0.0,0,0,1,1,0
21255,-1,1,0.87164587,0.705088,1,1,unassigned,3.0,3.0,0.0,1.0,0.0,0.0,0.001934236,0.0,1,0,0,1,0
21256,-1,1,-0.4676659,0.38516882,0,1,unassigned,2.0,2.0,0.0,1.0,0.0,0.0,0.0,0.0,1,0,0,0,0
21257,-1,0,-0.6388552,0.3455054,0,1,unassigned,56.0,55.0,1.0,0.98214287,0.017857144,0.017857134,0.10444874,0.0018651562,0,0,0,0,0
21258,-1,0,-0.4170087,0.39723274,0,1,unassigned,57.0,56.0,1.0,0.98245615,0.01754386,0.017543852,0.10638298,0.0018663681,0,0,0,0,0
21259,1,0,4.900012,0.9926085,1,0,unassigned,19.0,19.0,0.0,1.0,0.0,0.0,0.032882012,0.0,0,0,1,1,1
21260,0,0,-0.42644113,0.39497647,0,0,test,21.0,21.0,0.0,1.0,0.0,0.0,0.036750484,0.0,0,0,1,0,0
21261,-1,0,-0.72540236,0.32620445,0,1,unassigned,4.0,4.0,0.0,1.0,0.0,0.0,0.003868472,0.0,0,0,0,0,0
21262,-1,0,1.1443179,0.75847155,1,1,unassigned,5.0,5.0,0.0,1.0,0.0,0.0,0.0058027077,0.0,0,0,0,1,0
21263,-1,0,0.41524327,0.60234445,1,1,unassigned,2.0,2.0,0.0,1.0,0.0,0.0,0.0,0.0,0,0,0,1,0
21264,1,0,3.227637,0.9618612,1,0,train,2.0,2.0,0.0,1.0,0.0,0.0,0.0,0.0,0,0,1,1,1
21265,-1,1,-0.4153471,0.3976307,0,1,unassigned,32.0,29.0,3.0,0.90625,0.09375,0.09375,0.058027077,0.0054400386,1,0,0,0,0
21266,-1,1,-0.31467387,0.4219743,0,1,unassigned,8.0,7.0,1.0,0.875,0.125,0.125,0.0116054155,0.0014506769,1,0,0,0,0
21267,-1,1,-0.3515349,0.41301024,0,1,unassigned,15.0,15.0,0.0,1.0,0.0,0.0,0.025145067,0.0,1,0,0,0,0
21268,-1,1,-0.3534236,0.41255245,0,1,unassigned,46.0,46.0,0.0,1.0,0.0,0.0,0.08510638,0.0,1,0,0,0,0
21269,-1,1,-0.38362372,0.40525317,0,1,unassigned,23.0,23.0,0.0,1.0,0.0,0.0,0.040618956,0.0,1,0,0,0,0
21270,-1,1,-0.37301147,0.40781355,0,1,unassigned,21.0,21.0,0.0,1.0,0.0,0.0,0.036750484,0.0,1,0,0,0,0
21271,-1,0,-0.15289366,0.46185085,0,1,unassigned,12.0,11.0,1.0,0.9166667,0.083333336,0.08333331,0.01934236,0.0016118633,0,0,0,0,0
21272,-1,1,0.03280735,0.50820106,1,1,unassigned,7.0,7.0,0.0,1.0,0.0,0.0,0.00967118,0.0,1,0,0,1,0
21273,-1,0,0.12127882,0.53028256,1,1,unassigned,38.0,38.0,0.0,1.0,0.0,0.0,0.06963249,0.0,0,0,0,1,0
21274,1,1,-0.003325045,0.4991687,0,1,test,79.0,75.0,4.0,0.9493671,0.050632913,0.050632894,0.14893617,0.007541072,1,0,0,0,0
21275,-1,1,0.9779863,0.7267085,1,1,unassigned,8.0,8.0,0.0,1.0,0.0,0.0,0.0116054155,0.0,1,0,0,1,0
21276,0,1,-0.75070983,0.32066664,0,0,unassigned,28.0,27.0,1.0,0.96428573,0.035714287,0.03571427,0.050290134,0.0017960763,1,0,1,0,0
21277,-1,1,-0.384353,0.40507746,0,1,unassigned,46.0,44.0,2.0,0.95652175,0.04347826,0.04347825,0.08510638,0.0037002775,1,0,0,0,0
21278,0,0,-0.9894073,0.27102914,0,0,unassigned,5.0,5.0,0.0,1.0,0.0,0.0,0.0058027077,0.0,0,0,1,0,0
21279,-1,1,-0.59358174,0.35581344,0,1,unassigned,71.0,70.0,1.0,0.9859155,0.014084507,0.014084518,0.13346228,0.0018797504,1,0,0,0,0
21280,-1,0,5.7065606,0.996687,1,1,unassigned,2.0,1.0,1.0,0.5,0.5,0.5,0.0,0.0,0,0,0,1,1
21281,-1,1,-0.5902673,0.35657355,0,1,unassigned,55.0,49.0,6.0,0.8909091,0.10909091,0.109090924,0.102514505,0.011183401,1,0,0,0,0
21282,-1,0,1.068713,0.74435204,1,1,unassigned,2.0,2.0,0.0,1.0,0.0,0.0,0.0,0.0,0,0,0,1,0
21283,-1,0,-0.64117384,0.34498125,0,1,unassigned,52.0,50.0,2.0,0.96153843,0.03846154,0.038461566,0.0967118,0.0037196847,0,0,0,0,0
21284,0,1,-0.7949934,0.3110975,0,0,val,43.0,43.0,0.0,1.0,0.0,0.0,0.079303674,0.0,1,0,1,0,0
21285,-1,0,-0.37545595,0.4072233,0,1,unassigned,60.0,59.0,1.0,0.98333335,0.016666668,0.01666665,0.11218569,0.0018697615,0,0,0,0,0
21286,-1,0,-0.70121354,0.33154324,0,1,unassigned,39.0,39.0,0.0,1.0,0.0,0.0,0.07156673,0.0,0,0,0,0,0
21287,-1,0,-0.05570805,0.48607656,0,1,unassigned,4.0,4.0,0.0,1.0,0.0,0.0,0.003868472,0.0,0,0,0,0,0
21288,-1,1,2.2696805,0.9063347,1,1,unassigned,9.0,8.0,1.0,0.8888889,0.11111111,0.111111104,0.013539651,0.0015044058,1,0,0,1,1
21289,-1,1,-0.8158437,0.30664662,0,1,unassigned,59.0,58.0,1.0,0.9830508,0.016949153,0.016949177,0.11025145,0.0018686686,1,0,0,0,0
21290,0,0,-0.48197895,0.38178495,0,0,unassigned,16.0,16.0,0.0,1.0,0.0,0.0,0.027079303,0.0,0,0,1,0,0
21291,-1,1,-0.14442497,0.4639564,0,1,unassigned,28.0,27.0,1.0,0.96428573,0.035714287,0.03571427,0.050290134,0.0017960763,1,0,0,0,0
21292,-1,1,-0.38307512,0.4053854,0,1,unassigned,15.0,15.0,0.0,1.0,0.0,0.0,0.025145067,0.0,1,0,0,0,0
21293,-1,0,-0.029196918,0.4927013,0,1,unassigned,3.0,3.0,0.0,1.0,0.0,0.0,0.001934236,0.0,0,0,0,0,0
21294,0,0,-0.9346148,0.2819894,0,0,val,2.0,2.0,0.0,1.0,0.0,0.0,0.0,0.0,0,0,1,0,0
21295,0,0,-0.7814169,0.31401458,0,0,test,48.0,48.0,0.0,1.0,0.0,0.0,0.088974856,0.0,0,0,1,0,0
21296,0,0,0.21853662,0.5544178,1,1,val,13.0,12.0,1.0,0.9230769,0.07692308,0.07692307,0.021276595,0.0016366612,0,0,0,1,0
21297,-1,0,-0.7464703,0.3215909,0,1,unassigned,22.0,22.0,0.0,1.0,0.0,0.0,0.03868472,0.0,0,0,0,0,0
21298,0,0,-0.6170267,0.350458,0,0,unassigned,22.0,22.0,0.0,1.0,0.0,0.0,0.03868472,0.0,0,0,1,0,0
21299,1,0,5.5835786,0.9962549,1,0,test,2.0,2.0,0.0,1.0,0.0,0.0,0.0,0.0,0,0,1,1,1
21300,0,0,-0.09857559,0.47537607,0,0,val,30.0,30.0,0.0,1.0,0.0,0.0,0.054158606,0.0,0,0,1,0,0
21301,-1,0,-0.4968359,0.37828454,0,1,unassigned,56.0,55.0,1.0,0.98214287,0.017857144,0.017857134,0.10444874,0.0018651562,0,0,0,0,0
21302,-1,0,-0.5132348,0.37443554,0,1,unassigned,11.0,11.0,0.0,1.0,0.0,0.0,0.017408123,0.0,0,0,0,0,0
21303,-1,1,-0.72564954,0.32615012,0,1,unassigned,78.0,75.0,3.0,0.96153843,0.03846154,0.038461566,0.14700194,0.005653921,1,0,0,0,0
21304,-1,1,-0.09495351,0.47627944,0,1,unassigned,3.0,3.0,0.0,1.0,0.0,0.0,0.001934236,0.0,1,0,0,0,0
21305,-1,0,4.824061,0.9920299,1,1,unassigned,2.0,2.0,0.0,1.0,0.0,0.0,0.0,0.0,0,0,0,1,1
21306,-1,0,0.4989367,0.6222094,1,1,unassigned,2.0,2.0,0.0,1.0,0.0,0.0,0.0,0.0,0,0,0,1,0
21307,-1,0,9.597506,0.99993205,1,1,unassigned,25.0,24.0,1.0,0.96,0.04,0.04000002,0.044487428,0.001779497,0,0,0,1,1
21308,-1,0,0.14493734,0.536171,1,1,unassigned,4.0,4.0,0.0,1.0,0.0,0.0,0.003868472,0.0,0,0,0,1,0
21309,1,0,-0.24535292,0.43896762,0,1,test,4.0,4.0,0.0,1.0,0.0,0.0,0.003868472,0.0,0,0,0,0,0
21310,-1,1,4.4602356,0.9885725,1,1,unassigned,5.0,5.0,0.0,1.0,0.0,0.0,0.0058027077,0.0,1,0,0,1,1
21311,-1,0,-0.04985112,0.4875398,0,1,unassigned,7.0,7.0,0.0,1.0,0.0,0.0,0.00967118,0.0,0,0,0,0,0
21312,-1,1,1.1791856,0.7648013,1,1,unassigned,3.0,2.0,1.0,0.6666667,0.33333334,0.3333333,0.001934236,0.00064474536,1,0,0,1,0
21313,-1,1,-0.9146959,0.28603986,0,1,unassigned,2.0,2.0,0.0,1.0,0.0,0.0,0.0,0.0,1,0,0,0,0
21314,-1,1,3.8032153,0.97818744,1,1,unassigned,3.0,2.0,1.0,0.6666667,0.33333334,0.3333333,0.001934236,0.00064474536,1,0,0,1,1
21315,-1,0,0.0024968982,0.50062424,1,1,unassigned,2.0,1.0,1.0,0.5,0.5,0.5,0.0,0.0,0,0,0,1,0
21316,-1,0,-6.300211e-05,0.49998426,0,1,unassigned,5.0,5.0,0.0,1.0,0.0,0.0,0.0058027077,0.0,0,0,0,0,0
21317,-1,1,0.3057413,0.5758454,1,1,unassigned,3.0,3.0,0.0,1.0,0.0,0.0,0.001934236,0.0,1,0,0,1,0
21318,-1,0,-0.74076587,0.3228367,0,1,unassigned,8.0,8.0,0.0,1.0,0.0,0.0,0.0116054155,0.0,0,0,0,0,0
21319,-1,0,2.60692,0.93130565,1,1,unassigned,20.0,20.0,0.0,1.0,0.0,0.0,0.034816246,0.0,0,0,0,1,1
21320,-1,0,2.7124798,0.93775904,1,1,unassigned,2.0,2.0,0.0,1.0,0.0,0.0,0.0,0.0,0,0,0,1,1
21321,-1,1,-0.25351602,0.43695828,0,1,unassigned,6.0,6.0,0.0,1.0,0.0,0.0,0.007736944,0.0,1,0,0,0,0
21322,-1,0,8.759443,0.999843,1,1,unassigned,15.0,14.0,1.0,0.93333334,0.06666667,0.06666666,0.025145067,0.0016763379,0,0,0,1,1
21323,-1,0,3.131765,0.9581841,1,1,unassigned,9.0,9.0,0.0,1.0,0.0,0.0,0.013539651,0.0,0,0,0,1,1
21324,-1,0,-0.6613362,0.34043953,0,1,unassigned,50.0,49.0,1.0,0.98,0.02,0.01999998,0.092843324,0.0018568664,0,0,0,0,0
21325,-1,1,1.4144187,0.80446196,1,1,unassigned,36.0,35.0,1.0,0.9722222,0.027777778,0.027777791,0.065764025,0.0018267785,1,0,0,1,0
21326,-1,0,-0.8258717,0.3045187,0,1,unassigned,30.0,30.0,0.0,1.0,0.0,0.0,0.054158606,0.0,0,0,0,0,0
21327,-1,0,2.6342397,0.93303293,1,1,unassigned,4.0,3.0,1.0,0.75,0.25,0.25,0.003868472,0.000967118,0,0,0,1,1
21328,-1,1,-0.7001453,0.33178,0,1,unassigned,68.0,67.0,1.0,0.9852941,0.014705882,0.014705896,0.12765957,0.0018773467,1,0,0,0,0
21329,-1,0,-0.11269355,0.4718564,0,1,unassigned,49.0,49.0,0.0,1.0,0.0,0.0,0.09090909,0.0,0,0,0,0,0
21330,-1,0,-0.85363704,0.29867047,0,1,unassigned,80.0,80.0,0.0,1.0,0.0,0.0,0.15087041,0.0,0,0,0,0,0
21331,-1,0,-0.6484799,0.34333217,0,1,unassigned,74.0,74.0,0.0,1.0,0.0,0.0,0.13926499,0.0,0,0,0,0,0
21332,-1,1,2.8535616,0.9455025,1,1,unassigned,3.0,3.0,0.0,1.0,0.0,0.0,0.001934236,0.0,1,0,0,1,1
21333,-1,0,-0.38163283,0.40573314,0,1,unassigned,12.0,12.0,0.0,1.0,0.0,0.0,0.01934236,0.0,0,0,0,0,0
21334,-1,0,-0.6030798,0.3536394,0,1,unassigned,35.0,33.0,2.0,0.94285715,0.057142857,0.057142854,0.06382979,0.0036474164,0,0,0,0,0
21335,1,0,0.016762018,0.5041904,1,0,unassigned,5.0,4.0,1.0,0.8,0.2,0.19999999,0.0058027077,0.0011605415,0,0,1,1,0
21336,-1,0,0.6134115,0.64871866,1,1,unassigned,21.0,20.0,1.0,0.95238096,0.04761905,0.047619045,0.036750484,0.0017500231,0,0,0,1,0
21337,-1,1,2.7163498,0.9379846,1,1,unassigned,2.0,1.0,1.0,0.5,0.5,0.5,0.0,0.0,1,0,0,1,1
21338,-1,0,1.0629172,0.7432476,1,1,unassigned,5.0,4.0,1.0,0.8,0.2,0.19999999,0.0058027077,0.0011605415,0,0,0,1,0
21339,-1,0,-0.24711359,0.43853408,0,1,unassigned,74.0,66.0,8.0,0.8918919,0.10810811,0.1081081,0.13926499,0.015055674,0,0,0,0,0
21340,1,1,4.4023767,0.9879,1,0,test,3.0,3.0,0.0,1.0,0.0,0.0,0.001934236,0.0,1,0,1,1,1
21341,-1,1,3.0950572,0.95668834,1,1,unassigned,4.0,3.0,1.0,0.75,0.25,0.25,0.003868472,0.000967118,1,0,0,1,1
21342,-1,0,-0.27340835,0.43207052,0,1,unassigned,30.0,30.0,0.0,1.0,0.0,0.0,0.054158606,0.0,0,0,0,0,0
21343,-1,0,2.0072653,0.8815578,1,1,unassigned,7.0,6.0,1.0,0.85714287,0.14285715,0.14285713,0.00967118,0.0013815971,0,0,0,1,0
21344,-1,0,-0.27115998,0.43262234,0,1,unassigned,28.0,28.0,0.0,1.0,0.0,0.0,0.050290134,0.0,0,0,0,0,0
21345,-1,1,3.3290408,0.9654118,1,1,unassigned,4.0,3.0,1.0,0.75,0.25,0.25,0.003868472,0.000967118,1,0,0,1,1
21346,-1,0,1.7776368,0.85540485,1,1,unassigned,4.0,3.0,1.0,0.75,0.25,0.25,0.003868472,0.000967118,0,0,0,1,0
21347,-1,0,7.3093076,0.99933124,1,1,unassigned,3.0,3.0,0.0,1.0,0.0,0.0,0.001934236,0.0,0,0,0,1,1
21348,-1,0,-0.46956855,0.38471833,0,1,unassigned,30.0,30.0,0.0,1.0,0.0,0.0,0.054158606,0.0,0,0,0,0,0
21349,-1,0,2.7230814,0.938375,1,1,unassigned,9.0,8.0,1.0,0.8888889,0.11111111,0.111111104,0.013539651,0.0015044058,0,0,0,1,1
21350,-1,0,-1.3647327,0.20347218,0,1,unassigned,2.0,2.0,0.0,1.0,0.0,0.0,0.0,0.0,0,0,0,0,0
21351,-1,0,-0.025371373,0.49365753,0,1,unassigned,3.0,3.0,0.0,1.0,0.0,0.0,0.001934236,0.0,0,0,0,0,0
21352,-1,0,3.6129663,0.97373664,1,1,unassigned,2.0,2.0,0.0,1.0,0.0,0.0,0.0,0.0,0,0,0,1,1
21353,-1,0,-0.905699,0.28788075,0,1,unassigned,98.0,98.0,0.0,1.0,0.0,0.0,0.18568665,0.0,0,0,0,0,0
21354,-1,1,1.5023949,0.8179314,1,1,unassigned,12.0,11.0,1.0,0.9166667,0.083333336,0.08333331,0.01934236,0.0016118633,1,0,0,1,0
21355,-1,0,-0.4461376,0.3902795,0,1,unassigned,56.0,56.0,0.0,1.0,0.0,0.0,0.10444874,0.0,0,0,0,0,0
21356,-1,0,-0.8559076,0.29819506,0,1,unassigned,50.0,50.0,0.0,1.0,0.0,0.0,0.092843324,0.0,0,0,0,0,0
21357,0,1,-0.85205835,0.29900125,0,0,test,70.0,68.0,2.0,0.9714286,0.028571429,0.028571427,0.13152805,0.0037579443,1,0,1,0,0
21358,-1,0,3.2105234,0.9612283,1,1,unassigned,42.0,38.0,4.0,0.9047619,0.0952381,0.09523809,0.07736944,0.007368518,0,0,0,1,1
21359,-1,1,-0.88286185,0.29258507,0,1,unassigned,28.0,28.0,0.0,1.0,0.0,0.0,0.050290134,0.0,1,0,0,0,0
21360,-1,0,-0.95777965,0.27732295,0,1,unassigned,14.0,14.0,0.0,1.0,0.0,0.0,0.023210831,0.0,0,0,0,0,0
21361,-1,0,-0.84362805,0.3007712,0,1,unassigned,36.0,36.0,0.0,1.0,0.0,0.0,0.065764025,0.0,0,0,0,0,0
21362,-1,0,3.6129663,0.97373664,1,1,unassigned,2.0,2.0,0.0,1.0,0.0,0.0,0.0,0.0,0,0,0,1,1
21363,-1,0,1.112364,0.7525696,1,1,unassigned,7.0,7.0,0.0,1.0,0.0,0.0,0.00967118,0.0,0,0,0,1,0
21364,-1,0,9.057406,0.99988353,1,1,unassigned,2.0,2.0,0.0,1.0,0.0,0.0,0.0,0.0,0,0,0,1,1
21365,-1,0,0.13502616,0.53370535,1,1,unassigned,26.0,26.0,0.0,1.0,0.0,0.0,0.046421662,0.0,0,0,0,1,0
21366,0,0,-0.74235106,0.32249025,0,0,unassigned,21.0,21.0,0.0,1.0,0.0,0.0,0.036750484,0.0,0,0,1,0,0
21367,-1,0,4.001736,0.98204446,1,1,unassigned,2.0,2.0,0.0,1.0,0.0,0.0,0.0,0.0,0,0,0,1,1
21368,-1,0,-0.9547219,0.27793622,0,1,unassigned,31.0,31.0,0.0,1.0,0.0,0.0,0.056092843,0.0,0,0,0,0,0
21369,-1,0,7.705957,0.99955004,1,1,unassigned,2.0,2.0,0.0,1.0,0.0,0.0,0.0,0.0,0,0,0,1,1
21370,1,1,-0.6300416,0.3475011,0,1,unassigned,11.0,11.0,0.0,1.0,0.0,0.0,0.017408123,0.0,1,0,0,0,0
21371,-1,0,-0.93383706,0.2821469,0,1,unassigned,18.0,17.0,1.0,0.9444444,0.055555556,0.055555582,0.030947777,0.0017193209,0,0,0,0,0
21372,-1,0,10.505443,0.9999726,1,1,unassigned,2.0,2.0,0.0,1.0,0.0,0.0,0.0,0.0,0,0,0,1,1
21373,1,1,0.8929587,0.7095004,1,0,val,5.0,4.0,1.0,0.8,0.2,0.19999999,0.0058027077,0.0011605415,1,0,1,1,0
21374,-1,0,6.1762905,0.9979261,1,1,unassigned,2.0,2.0,0.0,1.0,0.0,0.0,0.0,0.0,0,0,0,1,1
21375,-1,0,7.0536695,0.9991365,1,1,unassigned,2.0,2.0,0.0,1.0,0.0,0.0,0.0,0.0,0,0,0,1,1
21376,-1,0,6.274216,0.9981193,1,1,unassigned,3.0,3.0,0.0,1.0,0.0,0.0,0.001934236,0.0,0,0,0,1,1
21377,-1,0,12.496016,0.9999963,1,1,unassigned,2.0,2.0,0.0,1.0,0.0,0.0,0.0,0.0,0,0,0,1,1
21378,-1,0,12.550158,0.9999964,1,1,unassigned,5.0,5.0,0.0,1.0,0.0,0.0,0.0058027077,0.0,0,0,0,1,1
21379,0,1,-0.88833916,0.29145268,0,0,unassigned,50.0,49.0,1.0,0.98,0.02,0.01999998,0.092843324,0.0018568664,1,0,1,0,0
21380,-1,0,7.377792,0.9993754,1,1,unassigned,2.0,2.0,0.0,1.0,0.0,0.0,0.0,0.0,0,0,0,1,1
21381,-1,0,0.6921521,0.6664455,1,1,unassigned,2.0,2.0,0.0,1.0,0.0,0.0,0.0,0.0,0,0,0,1,0
21382,-1,0,2.946221,0.9500845,1,1,unassigned,2.0,2.0,0.0,1.0,0.0,0.0,0.0,0.0,0,0,0,1,1
21383,0,0,-0.643211,0.34452105,0,0,unassigned,53.0,52.0,1.0,0.9811321,0.018867925,0.01886791,0.09864604,0.0018612461,0,0,1,0,0
21384,-1,1,3.5740774,0.9727236,1,1,unassigned,7.0,7.0,0.0,1.0,0.0,0.0,0.00967118,0.0,1,0,0,1,1
21385,-1,0,-0.7063504,0.3304058,0,1,unassigned,18.0,18.0,0.0,1.0,0.0,0.0,0.030947777,0.0,0,0,0,0,0
21386,-1,0,6.081383,0.9977202,1,1,unassigned,3.0,3.0,0.0,1.0,0.0,0.0,0.001934236,0.0,0,0,0,1,1
21387,0,0,-0.60836124,0.35243312,0,0,val,12.0,12.0,0.0,1.0,0.0,0.0,0.01934236,0.0,0,0,1,0,0
21388,0,0,-0.4951375,0.37868407,0,0,unassigned,21.0,21.0,0.0,1.0,0.0,0.0,0.036750484,0.0,0,0,1,0,0
21389,-1,0,1.8491745,0.8640302,1,1,unassigned,4.0,4.0,0.0,1.0,0.0,0.0,0.003868472,0.0,0,0,0,1,0
21390,-1,1,-0.2539531,0.43685073,0,1,unassigned,7.0,7.0,0.0,1.0,0.0,0.0,0.00967118,0.0,1,0,0,0,0
21391,-1,1,-0.28879175,0.42829973,0,1,unassigned,3.0,2.0,1.0,0.6666667,0.33333334,0.3333333,0.001934236,0.00064474536,1,0,0,0,0
21392,0,0,-0.15396065,0.46158567,0,0,unassigned,14.0,14.0,0.0,1.0,0.0,0.0,0.023210831,0.0,0,0,1,0,0
21393,-1,0,-0.36101317,0.4107143,0,1,unassigned,37.0,37.0,0.0,1.0,0.0,0.0,0.06769826,0.0,0,0,0,0,0
21394,-1,0,-0.24863246,0.43816012,0,1,unassigned,7.0,7.0,0.0,1.0,0.0,0.0,0.00967118,0.0,0,0,0,0,0
21395,-1,0,8.8568,0.99985754,1,1,unassigned,6.0,5.0,1.0,0.8333333,0.16666667,0.16666669,0.007736944,0.0012894907,0,0,0,1,1
21396,1,0,-0.50506866,0.37635025,0,1,unassigned,34.0,34.0,0.0,1.0,0.0,0.0,0.061895553,0.0,0,0,0,0,0
21397,-1,0,1.1332216,0.7564329,1,1,unassigned,6.0,4.0,2.0,0.6666667,0.33333334,0.3333333,0.007736944,0.0025789815,0,0,0,1,0
21398,-1,1,-0.076242566,0.48094857,0,1,unassigned,4.0,4.0,0.0,1.0,0.0,0.0,0.003868472,0.0,1,0,0,0,0
21399,-1,0,-0.29569542,0.42661008,0,1,unassigned,14.0,14.0,0.0,1.0,0.0,0.0,0.023210831,0.0,0,0,0,0,0
21400,-1,1,1.3341997,0.7915345,1,1,unassigned,8.0,8.0,0.0,1.0,0.0,0.0,0.0116054155,0.0,1,0,0,1,0
21401,-1,0,-0.3683203,0.40894696,0,1,unassigned,2.0,2.0,0.0,1.0,0.0,0.0,0.0,0.0,0,0,0,0,0
21402,-1,0,9.869512,0.99994826,1,1,unassigned,15.0,12.0,3.0,0.8,0.2,0.19999999,0.025145067,0.0050290134,0,0,0,1,1
21403,1,0,-0.4164614,0.39736384,0,1,unassigned,44.0,43.0,1.0,0.97727275,0.022727273,0.022727251,0.08123791,0.0018463163,0,0,0,0,0
21404,-1,0,0.96537286,0.72419626,1,1,unassigned,46.0,46.0,0.0,1.0,0.0,0.0,0.08510638,0.0,0,0,0,1,0
21405,1,1,10.809496,0.99997973,1,0,val,2.0,1.0,1.0,0.5,0.5,0.5,0.0,0.0,1,0,1,1,1
21406,-1,0,-0.9336343,0.282188,0,1,unassigned,79.0,78.0,1.0,0.98734176,0.012658228,0.012658238,0.14893617,0.001885268,0,0,0,0,0
21407,1,0,-0.92700493,0.28353274,0,1,val,3.0,3.0,0.0,1.0,0.0,0.0,0.001934236,0.0,0,0,0,0,0
21408,-1,0,-0.86589533,0.2961091,0,1,unassigned,31.0,29.0,2.0,0.9354839,0.06451613,0.06451613,0.056092843,0.003618893,0,0,0,0,0
21409,-1,1,8.998771,0.9998764,1,1,unassigned,8.0,6.0,2.0,0.75,0.25,0.25,0.0116054155,0.0029013539,1,0,0,1,1
21410,-1,0,-0.8067267,0.30858845,0,1,unassigned,22.0,22.0,0.0,1.0,0.0,0.0,0.03868472,0.0,0,0,0,0,0
21411,-1,0,-0.94017094,0.28086582,0,1,unassigned,129.0,128.0,1.0,0.99224806,0.007751938,0.0077519417,0.24564797,0.0019042478,0,0,0,0,0
21412,1,0,2.742934,0.9395131,1,0,test,23.0,20.0,3.0,0.8695652,0.13043478,0.13043481,0.040618956,0.0052981246,0,0,1,1,1
21413,-1,0,-0.9975944,0.26941466,0,1,unassigned,25.0,23.0,2.0,0.92,0.08,0.07999998,0.044487428,0.003558994,0,0,0,0,0
21414,-1,0,0.6172126,0.64958435,1,1,unassigned,22.0,22.0,0.0,1.0,0.0,0.0,0.03868472,0.0,0,0,0,1,0
21415,-1,0,-0.94877005,0.27913222,0,1,unassigned,55.0,54.0,1.0,0.9818182,0.018181818,0.0181818,0.102514505,0.0018639,0,0,0,0,0
21416,-1,0,-0.9222434,0.284501,0,1,unassigned,31.0,30.0,1.0,0.9677419,0.032258064,0.032258093,0.056092843,0.0018094465,0,0,0,0,0
21417,-1,0,-0.92483544,0.28397366,0,1,unassigned,120.0,120.0,0.0,1.0,0.0,0.0,0.22823985,0.0,0,0,0,0,0
21418,-1,0,3.0483778,0.9547125,1,1,unassigned,3.0,3.0,0.0,1.0,0.0,0.0,0.001934236,0.0,0,0,0,1,1
21419,-1,0,0.44827563,0.6102292,1,1,unassigned,2.0,1.0,1.0,0.5,0.5,0.5,0.0,0.0,0,0,0,1,0
21420,1,1,6.8995986,0.99899286,1,0,test,8.0,4.0,4.0,0.5,0.5,0.5,0.0116054155,0.0058027077,1,0,1,1,1
21421,-1,0,1.7495043,0.85189027,1,1,unassigned,5.0,4.0,1.0,0.8,0.2,0.19999999,0.0058027077,0.0011605415,0,0,0,1,0
21422,-1,0,-0.17127183,0.4572864,0,1,unassigned,14.0,14.0,0.0,1.0,0.0,0.0,0.023210831,0.0,0,0,0,0,0
21423,-1,1,-0.5494045,0.3660026,0,1,unassigned,22.0,21.0,1.0,0.95454544,0.045454547,0.04545456,0.03868472,0.0017583964,1,0,0,0,0
21424,-1,0,-0.553213,0.36511928,0,1,unassigned,25.0,25.0,0.0,1.0,0.0,0.0,0.044487428,0.0,0,0,0,0,0
21425,-1,1,1.9796877,0.8786479,1,1,unassigned,9.0,9.0,0.0,1.0,0.0,0.0,0.013539651,0.0,1,0,0,1,0
21426,-1,0,-0.5695514,0.3613403,0,1,unassigned,3.0,3.0,0.0,1.0,0.0,0.0,0.001934236,0.0,0,0,0,0,0
21427,-1,1,-1.2338724,0.22550438,0,1,unassigned,2.0,2.0,0.0,1.0,0.0,0.0,0.0,0.0,1,0,0,0,0
21428,-1,0,-0.23956671,0.44039312,0,1,unassigned,28.0,28.0,0.0,1.0,0.0,0.0,0.050290134,0.0,0,0,0,0,0
21429,-1,0,0.33493203,0.58295894,1,1,unassigned,24.0,24.0,0.0,1.0,0.0,0.0,0.04255319,0.0,0,0,0,1,0
21430,-1,0,-0.4667977,0.3853745,0,1,unassigned,87.0,64.0,23.0,0.7356322,0.26436782,0.26436782,0.16441005,0.043464728,0,0,0,0,0
21431,0,1,-0.77377635,0.31566277,0,0,unassigned,61.0,61.0,0.0,1.0,0.0,0.0,0.114119925,0.0,1,0,1,0,0
21432,-1,1,0.9505138,0.7212185,1,1,unassigned,19.0,19.0,0.0,1.0,0.0,0.0,0.032882012,0.0,1,0,0,1,0
21433,1,1,0.60190505,0.646092,1,0,unassigned,26.0,26.0,0.0,1.0,0.0,0.0,0.046421662,0.0,1,0,1,1,0
21434,-1,0,0.45588785,0.6120382,1,1,unassigned,6.0,6.0,0.0,1.0,0.0,0.0,0.007736944,0.0,0,0,0,1,0
21435,-1,1,0.53115934,0.6297535,1,1,unassigned,16.0,16.0,0.0,1.0,0.0,0.0,0.027079303,0.0,1,0,0,1,0
21436,-1,1,3.7626183,0.9773043,1,1,unassigned,12.0,12.0,0.0,1.0,0.0,0.0,0.01934236,0.0,1,0,0,1,1
21437,-1,0,-0.8263224,0.30442324,0,1,unassigned,11.0,10.0,1.0,0.90909094,0.09090909,0.090909064,0.017408123,0.0015825568,0,0,0,0,0
21438,0,1,-0.7607161,0.31849083,0,0,test,12.0,12.0,0.0,1.0,0.0,0.0,0.01934236,0.0,1,0,1,0,0
21439,-1,0,-0.90108633,0.2888273,0,1,unassigned,49.0,48.0,1.0,0.97959185,0.020408163,0.020408154,0.09090909,0.0018552876,0,0,0,0,0
21440,1,0,1.841809,0.8631625,1,0,train,32.0,29.0,3.0,0.90625,0.09375,0.09375,0.058027077,0.0054400386,0,0,1,1,0
21441,-1,0,2.4713364,0.92210776,1,1,unassigned,2.0,2.0,0.0,1.0,0.0,0.0,0.0,0.0,0,0,0,1,1
21442,-1,0,-0.17522582,0.4563053,0,1,unassigned,12.0,11.0,1.0,0.9166667,0.083333336,0.08333331,0.01934236,0.0016118633,0,0,0,0,0
21443,-1,0,4.9325013,0.99284315,1,1,unassigned,3.0,3.0,0.0,1.0,0.0,0.0,0.001934236,0.0,0,0,0,1,1
21444,-1,0,0.35875827,0.5887399,1,1,unassigned,2.0,2.0,0.0,1.0,0.0,0.0,0.0,0.0,0,0,0,1,0
21445,-1,0,3.868459,0.9795369,1,1,unassigned,16.0,15.0,1.0,0.9375,0.0625,0.0625,0.027079303,0.0016924564,0,0,0,1,1
21446,-1,0,-0.45254916,0.38875484,0,1,unassigned,13.0,12.0,1.0,0.9230769,0.07692308,0.07692307,0.021276595,0.0016366612,0,0,0,0,0
21447,-1,0,-0.48401022,0.3813056,0,1,unassigned,57.0,56.0,1.0,0.98245615,0.01754386,0.017543852,0.10638298,0.0018663681,0,0,0,0,0
21448,-1,1,1.4641497,0.8121665,1,1,unassigned,10.0,9.0,1.0,0.9,0.1,0.100000024,0.015473888,0.0015473888,1,0,0,1,0
21449,-1,0,0.046203315,0.51154876,1,1,unassigned,33.0,33.0,0.0,1.0,0.0,0.0,0.059961315,0.0,0,0,0,1,0
21450,-1,0,-0.47442585,0.3835692,0,1,unassigned,7.0,6.0,1.0,0.85714287,0.14285715,0.14285713,0.00967118,0.0013815971,0,0,0,0,0
21451,-1,0,0.40939015,0.60094166,1,1,unassigned,21.0,21.0,0.0,1.0,0.0,0.0,0.036750484,0.0,0,0,0,1,0
21452,-1,0,-0.8247196,0.30476275,0,1,unassigned,37.0,37.0,0.0,1.0,0.0,0.0,0.06769826,0.0,0,0,0,0,0
21453,-1,0,2.383539,0.9155634,1,1,unassigned,2.0,2.0,0.0,1.0,0.0,0.0,0.0,0.0,0,0,0,1,1
21454,-1,0,0.9807227,0.7272516,1,1,unassigned,3.0,3.0,0.0,1.0,0.0,0.0,0.001934236,0.0,0,0,0,1,0
21455,-1,0,-0.86039776,0.29725623,0,1,unassigned,81.0,80.0,1.0,0.9876543,0.012345679,0.012345672,0.15280464,0.0018864771,0,0,0,0,0
21456,-1,0,-0.8351445,0.3025584,0,1,unassigned,25.0,24.0,1.0,0.96,0.04,0.04000002,0.044487428,0.001779497,0,0,0,0,0
21457,-1,0,-0.8370605,0.3021542,0,1,unassigned,78.0,78.0,0.0,1.0,0.0,0.0,0.14700194,0.0,0,0,0,0,0
21458,-1,0,-0.43435442,0.39308703,0,1,unassigned,36.0,34.0,2.0,0.9444444,0.055555556,0.055555582,0.065764025,0.003653557,0,0,0,0,0
21459,-1,0,-0.52232677,0.3723083,0,1,unassigned,38.0,38.0,0.0,1.0,0.0,0.0,0.06963249,0.0,0,0,0,0,0
21460,0,0,-0.68124616,0.33598325,0,0,val,38.0,38.0,0.0,1.0,0.0,0.0,0.06963249,0.0,0,0,1,0,0
21461,-1,0,-0.9024747,0.2885422,0,1,unassigned,45.0,44.0,1.0,0.9777778,0.022222223,0.02222222,0.08317215,0.0018482701,0,0,0,0,0
21462,-1,0,-0.22759968,0.44334444,0,1,unassigned,18.0,18.0,0.0,1.0,0.0,0.0,0.030947777,0.0,0,0,0,0,0
21463,-1,0,-0.9084242,0.28732237,0,1,unassigned,9.0,9.0,0.0,1.0,0.0,0.0,0.013539651,0.0,0,0,0,0,0
21464,-1,0,-0.22339502,0.44438234,0,1,unassigned,9.0,9.0,0.0,1.0,0.0,0.0,0.013539651,0.0,0,0,0,0,0
21465,-1,0,-0.20915371,0.44790134,0,1,unassigned,28.0,26.0,2.0,0.9285714,0.071428575,0.0714286,0.050290134,0.0035921526,0,0,0,0,0
21466,0,0,-0.37686703,0.40688273,0,0,train,21.0,21.0,0.0,1.0,0.0,0.0,0.036750484,0.0,0,0,1,0,0
21467,-1,0,5.8588357,0.9971535,1,1,unassigned,21.0,20.0,1.0,0.95238096,0.04761905,0.047619045,0.036750484,0.0017500231,0,0,0,1,1
21468,-1,0,3.6581461,0.9748676,1,1,unassigned,16.0,14.0,2.0,0.875,0.125,0.125,0.027079303,0.0033849129,0,0,0,1,1
21469,-1,0,2.9063761,0.9481607,1,1,unassigned,30.0,29.0,1.0,0.96666664,0.033333335,0.03333336,0.054158606,0.001805287,0,0,0,1,1
21470,-1,0,0.6597392,0.6592018,1,1,unassigned,3.0,3.0,0.0,1.0,0.0,0.0,0.001934236,0.0,0,0,0,1,0
21471,0,0,-0.1652045,0.45879257,0,0,train,14.0,14.0,0.0,1.0,0.0,0.0,0.023210831,0.0,0,0,1,0,0
21472,-1,0,-0.4298305,0.3941668,0,1,unassigned,24.0,24.0,0.0,1.0,0.0,0.0,0.04255319,0.0,0,0,0,0,0
21473,-1,0,-0.01701951,0.4957452,0,1,unassigned,17.0,17.0,0.0,1.0,0.0,0.0,0.029013539,0.0,0,0,0,0,0
21474,-1,0,-0.044821918,0.48879638,0,1,unassigned,11.0,11.0,0.0,1.0,0.0,0.0,0.017408123,0.0,0,0,0,0,0
21475,-1,0,-0.088021934,0.47800875,0,1,unassigned,12.0,12.0,0.0,1.0,0.0,0.0,0.01934236,0.0,0,0,0,0,0
21476,-1,1,0.8310712,0.6965814,1,1,unassigned,35.0,32.0,3.0,0.9142857,0.08571429,0.08571428,0.06382979,0.005471125,1,0,0,1,0
21477,-1,0,3.739032,0.9767751,1,1,unassigned,13.0,6.0,7.0,0.46153846,0.53846157,0.53846157,0.021276595,0.011456628,0,0,0,1,1
21478,-1,1,2.488011,0.92329705,1,1,unassigned,35.0,34.0,1.0,0.9714286,0.028571429,0.028571427,0.06382979,0.0018237082,1,0,0,1,1
21479,-1,0,-0.08545607,0.47864893,0,1,unassigned,25.0,25.0,0.0,1.0,0.0,0.0,0.044487428,0.0,0,0,0,0,0
21480,-1,1,1.1456542,0.7587162,1,1,unassigned,21.0,21.0,0.0,1.0,0.0,0.0,0.036750484,0.0,1,0,0,1,0
21481,-1,1,-0.59588003,0.35528684,0,1,unassigned,80.0,80.0,0.0,1.0,0.0,0.0,0.15087041,0.0,1,0,0,0,0
21482,-1,0,2.805776,0.94298714,1,1,unassigned,3.0,3.0,0.0,1.0,0.0,0.0,0.001934236,0.0,0,0,0,1,1
21483,0,0,-0.27718428,0.43114424,0,0,test,19.0,18.0,1.0,0.94736844,0.05263158,0.052631557,0.032882012,0.0017306323,0,0,1,0,0
21484,-1,0,3.5828936,0.9729565,1,1,unassigned,3.0,3.0,0.0,1.0,0.0,0.0,0.001934236,0.0,0,0,0,1,1
21485,-1,0,6.669315,0.9987324,1,1,unassigned,4.0,4.0,0.0,1.0,0.0,0.0,0.003868472,0.0,0,0,0,1,1
21486,-1,0,-0.64582944,0.34393,0,1,unassigned,4.0,4.0,0.0,1.0,0.0,0.0,0.003868472,0.0,0,0,0,0,0
21487,-1,0,1.1733644,0.7637526,1,1,unassigned,17.0,17.0,0.0,1.0,0.0,0.0,0.029013539,0.0,0,0,0,1,0
21488,-1,0,3.6295154,0.97415656,1,1,unassigned,2.0,2.0,0.0,1.0,0.0,0.0,0.0,0.0,0,0,0,1,1
21489,-1,1,-0.45263264,0.38873503,0,1,unassigned,45.0,27.0,18.0,0.6,0.4,0.39999998,0.08317215,0.03326886,1,0,0,0,0
21490,-1,0,18.597404,1.0,1,1,unassigned,7.0,7.0,0.0,1.0,0.0,0.0,0.00967118,0.0,0,0,0,1,1
21491,-1,0,2.9408352,0.9498285,1,1,unassigned,53.0,49.0,4.0,0.9245283,0.0754717,0.0754717,0.09864604,0.0074449843,0,0,0,1,1
21492,1,0,-0.3933885,0.40290183,0,1,test,12.0,12.0,0.0,1.0,0.0,0.0,0.01934236,0.0,0,0,0,0,0
21493,-1,1,6.0265856,0.9975921,1,1,unassigned,12.0,9.0,3.0,0.75,0.25,0.25,0.01934236,0.00483559,1,0,0,1,1
21494,-1,0,4.603425,0.99008185,1,1,unassigned,45.0,41.0,4.0,0.9111111,0.08888889,0.08888888,0.08317215,0.0073930803,0,0,0,1,1
21495,-1,1,5.148363,0.9942246,1,1,unassigned,6.0,5.0,1.0,0.8333333,0.16666667,0.16666669,0.007736944,0.0012894907,1,0,0,1,1
21496,-1,0,-0.106518745,0.4733955,0,1,unassigned,3.0,3.0,0.0,1.0,0.0,0.0,0.001934236,0.0,0,0,0,0,0
21497,-1,0,0.086144745,0.5215229,1,1,unassigned,4.0,4.0,0.0,1.0,0.0,0.0,0.003868472,0.0,0,0,0,1,0
21498,-1,0,1.1805708,0.7650504,1,1,unassigned,3.0,3.0,0.0,1.0,0.0,0.0,0.001934236,0.0,0,0,0,1,0
21499,-1,1,5.7905164,0.9969529,1,1,unassigned,2.0,2.0,0.0,1.0,0.0,0.0,0.0,0.0,1,0,0,1,1
21500,-1,0,9.232476,0.99990225,1,1,unassigned,10.0,7.0,3.0,0.7,0.3,0.3,0.015473888,0.0046421667,0,0,0,1,1
21501,0,0,0.8005894,0.69010055,1,1,unassigned,3.0,3.0,0.0,1.0,0.0,0.0,0.001934236,0.0,0,0,0,1,0
21502,-1,0,5.4003305,0.9955052,1,1,unassigned,2.0,2.0,0.0,1.0,0.0,0.0,0.0,0.0,0,0,0,1,1
21503,-1,0,9.135628,0.99989223,1,1,unassigned,3.0,3.0,0.0,1.0,0.0,0.0,0.001934236,0.0,0,0,0,1,1
21504,-1,0,4.424868,0.988166,1,1,unassigned,3.0,3.0,0.0,1.0,0.0,0.0,0.001934236,0.0,0,0,0,1,1
21505,-1,1,0.08302188,0.52074355,1,1,unassigned,2.0,2.0,0.0,1.0,0.0,0.0,0.0,0.0,1,0,0,1,0
21506,-1,0,4.0040793,0.9820857,1,1,unassigned,5.0,4.0,1.0,0.8,0.2,0.19999999,0.0058027077,0.0011605415,0,0,0,1,1
21507,-1,0,3.9402645,0.98092777,1,1,unassigned,3.0,3.0,0.0,1.0,0.0,0.0,0.001934236,0.0,0,0,0,1,1
21508,-1,0,8.278366,0.99974614,1,1,unassigned,2.0,2.0,0.0,1.0,0.0,0.0,0.0,0.0,0,0,0,1,1
21509,-1,0,2.7961974,0.94247,1,1,unassigned,3.0,2.0,1.0,0.6666667,0.33333334,0.3333333,0.001934236,0.00064474536,0,0,0,1,1
21510,-1,1,6.812089,0.9989008,1,1,unassigned,22.0,21.0,1.0,0.95454544,0.045454547,0.04545456,0.03868472,0.0017583964,1,0,0,1,1
21511,-1,0,5.4281564,0.995628,1,1,unassigned,4.0,4.0,0.0,1.0,0.0,0.0,0.003868472,0.0,0,0,0,1,1
21512,-1,0,-0.39927834,0.40148574,0,1,unassigned,18.0,18.0,0.0,1.0,0.0,0.0,0.030947777,0.0,0,0,0,0,0
21513,-1,1,13.161871,0.9999981,1,1,unassigned,53.0,47.0,6.0,0.8867925,0.11320755,0.11320752,0.09864604,0.011167476,1,0,0,1,1
21514,-1,1,-0.23859113,0.4406336,0,1,unassigned,25.0,25.0,0.0,1.0,0.0,0.0,0.044487428,0.0,1,0,0,0,0
21515,-1,0,1.1886222,0.7664945,1,1,unassigned,25.0,25.0,0.0,1.0,0.0,0.0,0.044487428,0.0,0,0,0,1,0
21516,-1,1,1.1943338,0.76751524,1,1,unassigned,7.0,7.0,0.0,1.0,0.0,0.0,0.00967118,0.0,1,0,0,1,0
21517,-1,0,1.2536697,0.77793443,1,1,unassigned,10.0,9.0,1.0,0.9,0.1,0.100000024,0.015473888,0.0015473888,0,0,0,1,0
21518,0,0,-0.49426854,0.37888852,0,0,test,36.0,35.0,1.0,0.9722222,0.027777778,0.027777791,0.065764025,0.0018267785,0,0,1,0,0
21519,-1,0,-1.1251043,0.24506573,0,1,unassigned,2.0,2.0,0.0,1.0,0.0,0.0,0.0,0.0,0,0,0,0,0
21520,-1,0,0.2797013,0.56947297,1,1,unassigned,40.0,40.0,0.0,1.0,0.0,0.0,0.07350097,0.0,0,0,0,1,0
21521,0,0,-0.72119904,0.327129,0,0,unassigned,25.0,25.0,0.0,1.0,0.0,0.0,0.044487428,0.0,0,0,1,0,0
21522,0,1,0.4157408,0.6024636,1,1,unassigned,44.0,43.0,1.0,0.97727275,0.022727273,0.022727251,0.08123791,0.0018463163,1,0,0,1,0
21523,1,1,7.0553565,0.999138,1,0,unassigned,12.0,9.0,3.0,0.75,0.25,0.25,0.01934236,0.00483559,1,0,1,1,1
21524,0,1,-0.64409995,0.34432033,0,0,unassigned,73.0,70.0,3.0,0.9589041,0.04109589,0.041095912,0.13733076,0.0056437296,1,0,1,0,0
21525,-1,0,2.291452,0.90816665,1,1,unassigned,23.0,21.0,2.0,0.9130435,0.08695652,0.0869565,0.040618956,0.0035320832,0,0,0,1,1
21526,-1,0,-0.08069873,0.47983623,0,1,unassigned,25.0,25.0,0.0,1.0,0.0,0.0,0.044487428,0.0,0,0,0,0,0
21527,-1,1,1.2022531,0.76892537,1,1,unassigned,14.0,14.0,0.0,1.0,0.0,0.0,0.023210831,0.0,1,0,0,1,0
21528,-1,0,4.1084647,0.98383266,1,1,unassigned,3.0,3.0,0.0,1.0,0.0,0.0,0.001934236,0.0,0,0,0,1,1
21529,-1,0,-0.41055882,0.39877817,0,1,unassigned,63.0,60.0,3.0,0.95238096,0.04761905,0.047619045,0.11798839,0.005618495,0,0,0,0,0
21530,-1,0,-0.74109423,0.32276493,0,1,unassigned,47.0,46.0,1.0,0.9787234,0.021276595,0.021276593,0.08704062,0.001851928,0,0,0,0,0
21531,1,0,5.594296,0.9962948,1,0,unassigned,24.0,22.0,2.0,0.9166667,0.083333336,0.08333331,0.04255319,0.0035460992,0,0,1,1,1
21532,1,0,2.1745417,0.89794,1,0,unassigned,17.0,16.0,1.0,0.9411765,0.05882353,0.058823526,0.029013539,0.0017066788,0,0,1,1,0
21533,-1,0,9.93651,0.9999516,1,1,unassigned,2.0,2.0,0.0,1.0,0.0,0.0,0.0,0.0,0,0,0,1,1
21534,-1,1,0.10155141,0.52536607,1,1,unassigned,2.0,2.0,0.0,1.0,0.0,0.0,0.0,0.0,1,0,0,1,0
21535,-1,0,4.8960633,0.9925795,1,1,unassigned,6.0,6.0,0.0,1.0,0.0,0.0,0.007736944,0.0,0,0,0,1,1
21536,-1,0,-0.40423176,0.400296,0,1,unassigned,8.0,8.0,0.0,1.0,0.0,0.0,0.0116054155,0.0,0,0,0,0,0
21537,-1,0,2.9548373,0.95049155,1,1,unassigned,32.0,29.0,3.0,0.90625,0.09375,0.09375,0.058027077,0.0054400386,0,0,0,1,1
21538,-1,0,5.1565785,0.99427164,1,1,unassigned,3.0,3.0,0.0,1.0,0.0,0.0,0.001934236,0.0,0,0,0,1,1
21539,-1,0,1.5788853,0.82904655,1,1,unassigned,11.0,10.0,1.0,0.90909094,0.09090909,0.090909064,0.017408123,0.0015825568,0,0,0,1,0
21540,-1,0,-0.08329737,0.4791877,0,1,unassigned,4.0,4.0,0.0,1.0,0.0,0.0,0.003868472,0.0,0,0,0,0,0
21541,-1,1,-0.30077904,0.42536703,0,1,unassigned,3.0,3.0,0.0,1.0,0.0,0.0,0.001934236,0.0,1,0,0,0,0
21542,-1,0,3.8238618,0.9786236,1,1,unassigned,35.0,31.0,4.0,0.8857143,0.114285715,0.11428571,0.06382979,0.0072948327,0,0,0,1,1
21543,-1,0,2.9773405,0.9515399,1,1,unassigned,6.0,6.0,0.0,1.0,0.0,0.0,0.007736944,0.0,0,0,0,1,1
21544,-1,0,0.43205565,0.6063644,1,1,unassigned,5.0,4.0,1.0,0.8,0.2,0.19999999,0.0058027077,0.0011605415,0,0,0,1,0
21545,1,1,14.088758,0.9999993,1,0,unassigned,10.0,7.0,3.0,0.7,0.3,0.3,0.015473888,0.0046421667,1,0,1,1,1
21546,-1,0,1.3426049,0.792918,1,1,unassigned,30.0,29.0,1.0,0.96666664,0.033333335,0.03333336,0.054158606,0.001805287,0,0,0,1,0
21547,-1,0,-0.8861306,0.29190898,0,1,unassigned,27.0,26.0,1.0,0.962963,0.037037037,0.037037015,0.0483559,0.0017909593,0,0,0,0,0
21548,-1,0,0.3484795,0.58624876,1,1,unassigned,2.0,2.0,0.0,1.0,0.0,0.0,0.0,0.0,0,0,0,1,0
21549,-1,0,-0.3280551,0.41871393,0,1,unassigned,39.0,33.0,6.0,0.84615386,0.15384616,0.15384614,0.07156673,0.011010267,0,0,0,0,0
21550,-1,0,0.0057150126,0.5014287,1,1,unassigned,29.0,28.0,1.0,0.9655172,0.03448276,0.034482777,0.05222437,0.0018008404,0,0,0,1,0
21551,0,1,1.1082408,0.751801,1,1,unassigned,8.0,7.0,1.0,0.875,0.125,0.125,0.0116054155,0.0014506769,1,0,0,1,0
21552,1,0,0.2344777,0.5583523,1,0,test,10.0,10.0,0.0,1.0,0.0,0.0,0.015473888,0.0,0,0,1,1,0
21553,0,0,-0.6394854,0.34536287,0,0,test,9.0,8.0,1.0,0.8888889,0.11111111,0.111111104,0.013539651,0.0015044058,0,0,1,0,0
21554,-1,0,6.980304,0.99907076,1,1,unassigned,19.0,19.0,0.0,1.0,0.0,0.0,0.032882012,0.0,0,0,0,1,1
21555,1,0,2.176172,0.89808923,1,0,val,6.0,6.0,0.0,1.0,0.0,0.0,0.007736944,0.0,0,0,1,1,0
21556,-1,0,-0.49119973,0.37961096,0,1,unassigned,7.0,7.0,0.0,1.0,0.0,0.0,0.00967118,0.0,0,0,0,0,0
21557,-1,1,-0.28126654,0.4301433,0,1,unassigned,4.0,4.0,0.0,1.0,0.0,0.0,0.003868472,0.0,1,0,0,0,0
21558,-1,1,0.61250144,0.64851123,1,1,unassigned,7.0,7.0,0.0,1.0,0.0,0.0,0.00967118,0.0,1,0,0,1,0
21559,-1,0,1.5112894,0.81925225,1,1,unassigned,6.0,6.0,0.0,1.0,0.0,0.0,0.007736944,0.0,0,0,0,1,0
21560,-1,1,-0.250086,0.43780234,0,1,unassigned,23.0,23.0,0.0,1.0,0.0,0.0,0.040618956,0.0,1,0,0,0,0
21561,1,0,5.0725913,0.9937729,1,0,val,20.0,20.0,0.0,1.0,0.0,0.0,0.034816246,0.0,0,0,1,1,1
21562,-1,0,2.8779824,0.9467472,1,1,unassigned,10.0,9.0,1.0,0.9,0.1,0.100000024,0.015473888,0.0015473888,0,0,0,1,1
21563,-1,1,10.944252,0.99998236,1,1,unassigned,3.0,3.0,0.0,1.0,0.0,0.0,0.001934236,0.0,1,0,0,1,1
21564,0,1,0.42194444,0.6039485,1,1,unassigned,6.0,3.0,3.0,0.5,0.5,0.5,0.007736944,0.003868472,1,0,0,1,0
21565,-1,1,-0.94036317,0.280827,0,1,unassigned,6.0,6.0,0.0,1.0,0.0,0.0,0.007736944,0.0,1,0,0,0,0
21566,-1,1,-0.39084208,0.40351462,0,1,unassigned,25.0,25.0,0.0,1.0,0.0,0.0,0.044487428,0.0,1,0,0,0,0
21567,-1,0,-0.58798933,0.3570963,0,1,unassigned,5.0,4.0,1.0,0.8,0.2,0.19999999,0.0058027077,0.0011605415,0,0,0,0,0
21568,-1,0,0.16655546,0.5415428,1,1,unassigned,6.0,3.0,3.0,0.5,0.5,0.5,0.007736944,0.003868472,0,0,0,1,0
21569,-1,0,-0.48555607,0.380941,0,1,unassigned,7.0,7.0,0.0,1.0,0.0,0.0,0.00967118,0.0,0,0,0,0,0
21570,-1,0,-0.6914762,0.33370477,0,1,unassigned,49.0,48.0,1.0,0.97959185,0.020408163,0.020408154,0.09090909,0.0018552876,0,0,0,0,0
21571,-1,0,0.3568666,0.58828175,1,1,unassigned,92.0,86.0,6.0,0.9347826,0.06521739,0.065217376,0.17408124,0.011353124,0,0,0,1,0
21572,-1,0,1.3994758,0.80210066,1,1,unassigned,2.0,2.0,0.0,1.0,0.0,0.0,0.0,0.0,0,0,0,1,0
21573,-1,0,8.965048,0.9998722,1,1,unassigned,32.0,31.0,1.0,0.96875,0.03125,0.03125,0.058027077,0.0018133462,0,0,0,1,1
21574,-1,0,2.85104,0.9453724,1,1,unassigned,25.0,23.0,2.0,0.92,0.08,0.07999998,0.044487428,0.003558994,0,0,0,1,1
21575,-1,1,0.9919422,0.7294714,1,1,unassigned,4.0,4.0,0.0,1.0,0.0,0.0,0.003868472,0.0,1,0,0,1,0
21576,-1,0,-0.6124803,0.35149363,0,1,unassigned,11.0,11.0,0.0,1.0,0.0,0.0,0.017408123,0.0,0,0,0,0,0
21577,1,0,-0.21757162,0.44582066,0,1,unassigned,15.0,14.0,1.0,0.93333334,0.06666667,0.06666666,0.025145067,0.0016763379,0,0,0,0,0
21578,-1,0,-0.95901155,0.27707615,0,1,unassigned,35.0,34.0,1.0,0.9714286,0.028571429,0.028571427,0.06382979,0.0018237082,0,0,0,0,0
21579,-1,0,1.7124362,0.84715205,1,1,unassigned,2.0,2.0,0.0,1.0,0.0,0.0,0.0,0.0,0,0,0,1,0
21580,-1,0,3.636617,0.9743347,1,1,unassigned,13.0,11.0,2.0,0.84615386,0.15384616,0.15384614,0.021276595,0.0032733225,0,0,0,1,1
21581,0,0,-0.89873534,0.28931046,0,0,unassigned,73.0,72.0,1.0,0.98630136,0.01369863,0.0136986375,0.13733076,0.0018812432,0,0,1,0,0
21582,-1,0,4.827109,0.992054,1,1,unassigned,8.0,7.0,1.0,0.875,0.125,0.125,0.0116054155,0.0014506769,0,0,0,1,1
21583,-1,1,-0.004757464,0.49881062,0,1,unassigned,5.0,5.0,0.0,1.0,0.0,0.0,0.0058027077,0.0,1,0,0,0,0
21584,-1,1,-0.100675166,0.4748524,0,1,unassigned,4.0,4.0,0.0,1.0,0.0,0.0,0.003868472,0.0,1,0,0,0,0
21585,-1,0,-0.85409033,0.29857552,0,1,unassigned,4.0,4.0,0.0,1.0,0.0,0.0,0.003868472,0.0,0,0,0,0,0
21586,-1,0,-0.4328164,0.39345402,0,1,unassigned,3.0,3.0,0.0,1.0,0.0,0.0,0.001934236,0.0,0,0,0,0,0
21587,-1,0,-0.19694781,0.4509216,0,1,unassigned,16.0,16.0,0.0,1.0,0.0,0.0,0.027079303,0.0,0,0,0,0,0
21588,-1,0,-0.4726069,0.38399938,0,1,unassigned,29.0,28.0,1.0,0.9655172,0.03448276,0.034482777,0.05222437,0.0018008404,0,0,0,0,0
21589,-1,0,-0.44839457,0.38974255,0,1,unassigned,18.0,18.0,0.0,1.0,0.0,0.0,0.030947777,0.0,0,0,0,0,0
21590,-1,0,-0.22429466,0.44416025,0,1,unassigned,47.0,46.0,1.0,0.9787234,0.021276595,0.021276593,0.08704062,0.001851928,0,0,0,0,0
21591,-1,0,-0.47464308,0.38351786,0,1,unassigned,13.0,13.0,0.0,1.0,0.0,0.0,0.021276595,0.0,0,0,0,0,0
21592,0,0,-0.4659303,0.38557994,0,0,test,56.0,56.0,0.0,1.0,0.0,0.0,0.10444874,0.0,0,0,1,0,0
21593,-1,0,2.5689516,0.92883646,1,1,unassigned,15.0,15.0,0.0,1.0,0.0,0.0,0.025145067,0.0,0,0,0,1,1
21594,-1,0,3.1442688,0.9586823,1,1,unassigned,18.0,15.0,3.0,0.8333333,0.16666667,0.16666669,0.030947777,0.005157963,0,0,0,1,1
21595,-1,0,4.209007,0.9853565,1,1,unassigned,2.0,2.0,0.0,1.0,0.0,0.0,0.0,0.0,0,0,0,1,1
21596,-1,0,7.7709727,0.9995784,1,1,unassigned,8.0,8.0,0.0,1.0,0.0,0.0,0.0116054155,0.0,0,0,0,1,1
21597,-1,0,6.1651864,0.9979031,1,1,unassigned,3.0,3.0,0.0,1.0,0.0,0.0,0.001934236,0.0,0,0,0,1,1
21598,-1,0,0.8645707,0.7036147,1,1,unassigned,5.0,5.0,0.0,1.0,0.0,0.0,0.0058027077,0.0,0,0,0,1,0
21599,-1,0,2.065623,0.8875168,1,1,unassigned,11.0,11.0,0.0,1.0,0.0,0.0,0.017408123,0.0,0,0,0,1,0
21600,-1,0,-0.3201831,0.42063114,0,1,unassigned,10.0,9.0,1.0,0.9,0.1,0.100000024,0.015473888,0.0015473888,0,0,0,0,0
21601,-1,0,-0.70476735,0.3307561,0,1,unassigned,13.0,12.0,1.0,0.9230769,0.07692308,0.07692307,0.021276595,0.0016366612,0,0,0,0,0
21602,0,0,-0.02235341,0.49441186,0,0,unassigned,40.0,39.0,1.0,0.975,0.025,0.024999976,0.07350097,0.0018375242,0,0,1,0,0
21603,-1,0,-0.0867089,0.47833636,0,1,unassigned,19.0,19.0,0.0,1.0,0.0,0.0,0.032882012,0.0,0,0,0,0,0
21604,-1,0,2.146551,0.89534605,1,1,unassigned,17.0,17.0,0.0,1.0,0.0,0.0,0.029013539,0.0,0,0,0,1,0
21605,-1,0,-0.8961392,0.28984454,0,1,unassigned,23.0,23.0,0.0,1.0,0.0,0.0,0.040618956,0.0,0,0,0,0,0
21606,0,0,-0.2347439,0.441582,0,0,val,8.0,8.0,0.0,1.0,0.0,0.0,0.0116054155,0.0,0,0,1,0,0
21607,-1,0,-0.21469614,0.44653118,0,1,unassigned,40.0,40.0,0.0,1.0,0.0,0.0,0.07350097,0.0,0,0,0,0,0
21608,-1,0,0.58925897,0.6431951,1,1,unassigned,3.0,3.0,0.0,1.0,0.0,0.0,0.001934236,0.0,0,0,0,1,0
21609,0,0,0.0027623177,0.5006906,1,1,test,5.0,5.0,0.0,1.0,0.0,0.0,0.0058027077,0.0,0,0,0,1,0
21610,-1,0,2.7567775,0.9402949,1,1,unassigned,11.0,4.0,7.0,0.36363637,0.6363636,0.6363636,0.017408123,0.011077897,0,0,0,1,1
21611,-1,1,0.7549687,0.6802604,1,1,unassigned,2.0,2.0,0.0,1.0,0.0,0.0,0.0,0.0,1,0,0,1,0
21612,-1,0,0.4400434,0.6082694,1,1,unassigned,6.0,6.0,0.0,1.0,0.0,0.0,0.007736944,0.0,0,0,0,1,0
21613,-1,0,11.397224,0.9999888,1,1,unassigned,10.0,10.0,0.0,1.0,0.0,0.0,0.015473888,0.0,0,0,0,1,1
21614,1,0,3.3978024,0.9676358,1,0,test,5.0,5.0,0.0,1.0,0.0,0.0,0.0058027077,0.0,0,0,1,1,1
21615,-1,0,4.3820205,0.98765427,1,1,unassigned,7.0,6.0,1.0,0.85714287,0.14285715,0.14285713,0.00967118,0.0013815971,0,0,0,1,1
21616,-1,0,1.9553242,0.87602603,1,1,unassigned,5.0,5.0,0.0,1.0,0.0,0.0,0.0058027077,0.0,0,0,0,1,0
21617,1,0,-0.029720902,0.49257028,0,1,test,6.0,6.0,0.0,1.0,0.0,0.0,0.007736944,0.0,0,0,0,0,0
21618,-1,0,2.7836528,0.94178605,1,1,unassigned,7.0,7.0,0.0,1.0,0.0,0.0,0.00967118,0.0,0,0,0,1,1
21619,-1,0,2.245788,0.90428656,1,1,unassigned,8.0,8.0,0.0,1.0,0.0,0.0,0.0116054155,0.0,0,0,0,1,1
21620,-1,1,9.385273,0.9999161,1,1,unassigned,3.0,2.0,1.0,0.6666667,0.33333334,0.3333333,0.001934236,0.00064474536,1,0,0,1,1
21621,-1,0,-0.11139679,0.47217956,0,1,unassigned,4.0,4.0,0.0,1.0,0.0,0.0,0.003868472,0.0,0,0,0,0,0
21622,-1,0,4.9899144,0.99323976,1,1,unassigned,6.0,6.0,0.0,1.0,0.0,0.0,0.007736944,0.0,0,0,0,1,1
21623,-1,0,0.30839896,0.5764944,1,1,unassigned,3.0,3.0,0.0,1.0,0.0,0.0,0.001934236,0.0,0,0,0,1,0
21624,-1,1,-0.41692942,0.39725175,0,1,unassigned,4.0,4.0,0.0,1.0,0.0,0.0,0.003868472,0.0,1,0,0,0,0
21625,-1,0,1.2006066,0.76863265,1,1,unassigned,6.0,6.0,0.0,1.0,0.0,0.0,0.007736944,0.0,0,0,0,1,0
21626,-1,0,-0.9885641,0.2711958,0,1,unassigned,2.0,2.0,0.0,1.0,0.0,0.0,0.0,0.0,0,0,0,0,0
21627,-1,0,-0.49378896,0.3790014,0,1,unassigned,8.0,6.0,2.0,0.75,0.25,0.25,0.0116054155,0.0029013539,0,0,0,0,0
21628,-1,0,0.054305196,0.513573,1,1,unassigned,13.0,13.0,0.0,1.0,0.0,0.0,0.021276595,0.0,0,0,0,1,0
21629,-1,1,-0.73023,0.32514426,0,1,unassigned,13.0,13.0,0.0,1.0,0.0,0.0,0.021276595,0.0,1,0,0,0,0
21630,-1,0,1.2213671,0.7723041,1,1,unassigned,6.0,6.0,0.0,1.0,0.0,0.0,0.007736944,0.0,0,0,0,1,0
21631,-1,1,-0.96523833,0.27583063,0,1,unassigned,5.0,5.0,0.0,1.0,0.0,0.0,0.0058027077,0.0,1,0,0,0,0
21632,-1,1,-0.54680914,0.36660504,0,1,unassigned,65.0,58.0,7.0,0.8923077,0.10769231,0.1076923,0.12185687,0.013123048,1,0,0,0,0
21633,-1,1,2.9427993,0.9499221,1,1,unassigned,7.0,4.0,3.0,0.5714286,0.42857143,0.4285714,0.00967118,0.0041447915,1,0,0,1,1
21634,-1,1,3.4344833,0.968765,1,1,unassigned,56.0,56.0,0.0,1.0,0.0,0.0,0.10444874,0.0,1,0,0,1,1
21635,0,0,3.363277,0.96653694,1,1,unassigned,2.0,2.0,0.0,1.0,0.0,0.0,0.0,0.0,0,0,0,1,1
21636,-1,0,1.1456385,0.75871336,1,1,unassigned,4.0,4.0,0.0,1.0,0.0,0.0,0.003868472,0.0,0,0,0,1,0
21637,0,0,-0.8646891,0.29636058,0,0,val,32.0,32.0,0.0,1.0,0.0,0.0,0.058027077,0.0,0,0,1,0,0
21638,-1,1,-0.6034747,0.35354912,0,1,unassigned,61.0,60.0,1.0,0.9836066,0.016393442,0.016393423,0.114119925,0.0018708183,1,0,0,0,0
21639,-1,0,-0.22951156,0.44287267,0,1,unassigned,13.0,13.0,0.0,1.0,0.0,0.0,0.021276595,0.0,0,0,0,0,0
21640,-1,0,1.0447228,0.7397602,1,1,unassigned,20.0,20.0,0.0,1.0,0.0,0.0,0.034816246,0.0,0,0,0,1,0
21641,-1,0,-0.17544812,0.45625016,0,1,unassigned,52.0,52.0,0.0,1.0,0.0,0.0,0.0967118,0.0,0,0,0,0,0
21642,-1,1,2.7286065,0.9386937,1,1,unassigned,16.0,16.0,0.0,1.0,0.0,0.0,0.027079303,0.0,1,0,0,1,1
21643,-1,1,0.9364956,0.71839124,1,1,unassigned,8.0,8.0,0.0,1.0,0.0,0.0,0.0116054155,0.0,1,0,0,1,0
21644,-1,0,3.4690897,0.9697954,1,1,unassigned,2.0,2.0,0.0,1.0,0.0,0.0,0.0,0.0,0,0,0,1,1
21645,-1,0,0.8204594,0.69433385,1,1,unassigned,7.0,7.0,0.0,1.0,0.0,0.0,0.00967118,0.0,0,0,0,1,0
21646,-1,1,0.14806038,0.5369476,1,1,unassigned,3.0,2.0,1.0,0.6666667,0.33333334,0.3333333,0.001934236,0.00064474536,1,0,0,1,0
21647,-1,0,-0.6301482,0.34747696,0,1,unassigned,49.0,49.0,0.0,1.0,0.0,0.0,0.09090909,0.0,0,0,0,0,0
21648,-1,0,-0.45131534,0.38904807,0,1,unassigned,31.0,31.0,0.0,1.0,0.0,0.0,0.056092843,0.0,0,0,0,0,0
21649,-1,0,0.38865727,0.5959594,1,1,unassigned,11.0,11.0,0.0,1.0,0.0,0.0,0.017408123,0.0,0,0,0,1,0
21650,-1,1,1.3853354,0.79984653,1,1,unassigned,16.0,16.0,0.0,1.0,0.0,0.0,0.027079303,0.0,1,0,0,1,0
21651,-1,1,0.35895306,0.58878696,1,1,unassigned,16.0,16.0,0.0,1.0,0.0,0.0,0.027079303,0.0,1,0,0,1,0
21652,-1,0,-0.124483824,0.4689192,0,1,unassigned,23.0,22.0,1.0,0.95652175,0.04347826,0.04347825,0.040618956,0.0017660416,0,0,0,0,0
21653,-1,1,0.7844263,0.6866332,1,1,unassigned,14.0,10.0,4.0,0.71428573,0.2857143,0.28571427,0.023210831,0.0066316663,1,0,0,1,0
21654,-1,0,3.1360672,0.9583562,1,1,unassigned,3.0,3.0,0.0,1.0,0.0,0.0,0.001934236,0.0,0,0,0,1,1
21655,-1,0,2.3679907,0.91435367,1,1,unassigned,5.0,4.0,1.0,0.8,0.2,0.19999999,0.0058027077,0.0011605415,0,0,0,1,1
21656,-1,0,-0.40877262,0.39920643,0,1,unassigned,7.0,6.0,1.0,0.85714287,0.14285715,0.14285713,0.00967118,0.0013815971,0,0,0,0,0
21657,-1,0,0.2849409,0.5707571,1,1,unassigned,2.0,2.0,0.0,1.0,0.0,0.0,0.0,0.0,0,0,0,1,0
21658,-1,0,2.1592352,0.89652866,1,1,unassigned,5.0,5.0,0.0,1.0,0.0,0.0,0.0058027077,0.0,0,0,0,1,0
21659,-1,1,0.80426985,0.6908871,1,1,unassigned,3.0,2.0,1.0,0.6666667,0.33333334,0.3333333,0.001934236,0.00064474536,1,0,0,1,0
21660,-1,1,4.546762,0.9895097,1,1,unassigned,9.0,8.0,1.0,0.8888889,0.11111111,0.111111104,0.013539651,0.0015044058,1,0,0,1,1
21661,0,0,9.45318,0.99992156,1,1,unassigned,3.0,3.0,0.0,1.0,0.0,0.0,0.001934236,0.0,0,0,0,1,1
21662,-1,1,0.99707,0.7304821,1,1,unassigned,7.0,3.0,4.0,0.42857143,0.5714286,0.57142854,0.00967118,0.0055263885,1,0,0,1,0
21663,1,0,-0.43833333,0.39213818,0,1,unassigned,26.0,25.0,1.0,0.96153843,0.03846154,0.038461566,0.046421662,0.0017854486,0,0,0,0,0
21664,1,0,3.861572,0.97939837,1,0,test,6.0,6.0,0.0,1.0,0.0,0.0,0.007736944,0.0,0,0,1,1,1
21665,0,0,-0.28134668,0.43012366,0,0,test,2.0,2.0,0.0,1.0,0.0,0.0,0.0,0.0,0,0,1,0,0
21666,-1,0,0.52378064,0.62803143,1,1,unassigned,41.0,41.0,0.0,1.0,0.0,0.0,0.07543521,0.0,0,0,0,1,0
21667,-1,1,1.2205987,0.7721689,1,1,unassigned,4.0,4.0,0.0,1.0,0.0,0.0,0.003868472,0.0,1,0,0,1,0
21668,-1,0,3.027471,0.9537999,1,1,unassigned,4.0,4.0,0.0,1.0,0.0,0.0,0.003868472,0.0,0,0,0,1,1
21669,-1,0,2.8008037,0.9427192,1,1,unassigned,2.0,2.0,0.0,1.0,0.0,0.0,0.0,0.0,0,0,0,1,1
21670,-1,0,0.7234351,0.673363,1,1,unassigned,3.0,3.0,0.0,1.0,0.0,0.0,0.001934236,0.0,0,0,0,1,0
21671,-1,0,-0.09262693,0.4768598,0,1,unassigned,25.0,25.0,0.0,1.0,0.0,0.0,0.044487428,0.0,0,0,0,0,0
21672,-1,0,1.0776179,0.7460429,1,1,unassigned,4.0,4.0,0.0,1.0,0.0,0.0,0.003868472,0.0,0,0,0,1,0
21673,-1,0,-0.0017849803,0.4995537,0,1,unassigned,16.0,16.0,0.0,1.0,0.0,0.0,0.027079303,0.0,0,0,0,0,0
21674,-1,0,0.73950964,0.6768886,1,1,unassigned,6.0,5.0,1.0,0.8333333,0.16666667,0.16666669,0.007736944,0.0012894907,0,0,0,1,0
21675,0,0,-0.5304184,0.3704193,0,0,test,23.0,23.0,0.0,1.0,0.0,0.0,0.040618956,0.0,0,0,1,0,0
21676,-1,0,7.8345475,0.9996044,1,1,unassigned,2.0,2.0,0.0,1.0,0.0,0.0,0.0,0.0,0,0,0,1,1
21677,-1,0,-0.2682249,0.4333429,0,1,unassigned,29.0,29.0,0.0,1.0,0.0,0.0,0.05222437,0.0,0,0,0,0,0
21678,-1,0,-0.89458907,0.29016373,0,1,unassigned,3.0,3.0,0.0,1.0,0.0,0.0,0.001934236,0.0,0,0,0,0,0
21679,-1,0,-0.43274903,0.3934701,0,1,unassigned,26.0,23.0,3.0,0.88461536,0.115384616,0.11538464,0.046421662,0.005356346,0,0,0,0,0
21680,-1,0,-0.27632046,0.4313561,0,1,unassigned,39.0,39.0,0.0,1.0,0.0,0.0,0.07156673,0.0,0,0,0,0,0
21681,-1,0,2.7839444,0.941802,1,1,unassigned,4.0,4.0,0.0,1.0,0.0,0.0,0.003868472,0.0,0,0,0,1,1
21682,-1,0,10.057739,0.9999572,1,1,unassigned,2.0,2.0,0.0,1.0,0.0,0.0,0.0,0.0,0,0,0,1,1
21683,-1,0,-1.1513832,0.24023654,0,1,unassigned,2.0,2.0,0.0,1.0,0.0,0.0,0.0,0.0,0,0,0,0,0
21684,0,0,-0.50095856,0.37731543,0,0,val,105.0,103.0,2.0,0.9809524,0.01904762,0.019047618,0.1992263,0.003794787,0,0,1,0,0
21685,-1,0,0.68116564,0.66399884,1,1,unassigned,7.0,7.0,0.0,1.0,0.0,0.0,0.00967118,0.0,0,0,0,1,0
21686,-1,0,0.25438672,0.56325597,1,1,unassigned,2.0,2.0,0.0,1.0,0.0,0.0,0.0,0.0,0,0,0,1,0
21687,-1,0,7.6969132,0.999546,1,1,unassigned,2.0,2.0,0.0,1.0,0.0,0.0,0.0,0.0,0,0,0,1,1
21688,-1,0,3.8306506,0.9787652,1,1,unassigned,5.0,5.0,0.0,1.0,0.0,0.0,0.0058027077,0.0,0,0,0,1,1
21689,-1,1,1.5842047,0.8297991,1,1,unassigned,9.0,7.0,2.0,0.7777778,0.22222222,0.22222221,0.013539651,0.0030088115,1,0,0,1,0
21690,-1,0,2.4066062,0.9173296,1,1,unassigned,6.0,6.0,0.0,1.0,0.0,0.0,0.007736944,0.0,0,0,0,1,1
21691,-1,0,0.5753028,0.63998586,1,1,unassigned,3.0,3.0,0.0,1.0,0.0,0.0,0.001934236,0.0,0,0,0,1,0
21692,-1,1,5.1108513,0.99400526,1,1,unassigned,20.0,18.0,2.0,0.9,0.1,0.100000024,0.034816246,0.0034816246,1,0,0,1,1
21693,-1,0,5.523278,0.99602306,1,1,unassigned,15.0,14.0,1.0,0.93333334,0.06666667,0.06666666,0.025145067,0.0016763379,0,0,0,1,1
21694,-1,0,0.9213007,0.71530706,1,1,unassigned,5.0,4.0,1.0,0.8,0.2,0.19999999,0.0058027077,0.0011605415,0,0,0,1,0
21695,-1,0,8.121791,0.9997031,1,1,unassigned,9.0,6.0,3.0,0.6666667,0.33333334,0.3333333,0.013539651,0.004513217,0,0,0,1,1
21696,-1,0,-0.79284394,0.31155834,0,1,unassigned,41.0,37.0,4.0,0.902439,0.09756097,0.097561,0.07543521,0.007359532,0,0,0,0,0
21697,-1,0,7.8345475,0.9996044,1,1,unassigned,2.0,2.0,0.0,1.0,0.0,0.0,0.0,0.0,0,0,0,1,1
21698,1,0,0.8072081,0.69151425,1,0,unassigned,14.0,14.0,0.0,1.0,0.0,0.0,0.023210831,0.0,0,0,1,1,0
21699,-1,0,1.3560884,0.7951232,1,1,unassigned,2.0,2.0,0.0,1.0,0.0,0.0,0.0,0.0,0,0,0,1,0
21700,-1,0,1.5387807,0.8232874,1,1,unassigned,10.0,9.0,1.0,0.9,0.1,0.100000024,0.015473888,0.0015473888,0,0,0,1,0
21701,-1,0,1.4263518,0.80633223,1,1,unassigned,6.0,5.0,1.0,0.8333333,0.16666667,0.16666669,0.007736944,0.0012894907,0,0,0,1,0
21702,-1,0,-0.045461535,0.48863658,0,1,unassigned,2.0,2.0,0.0,1.0,0.0,0.0,0.0,0.0,0,0,0,0,0
21703,-1,0,0.8281198,0.6959572,1,1,unassigned,9.0,8.0,1.0,0.8888889,0.11111111,0.111111104,0.013539651,0.0015044058,0,0,0,1,0
21704,1,0,10.917139,0.9999819,1,0,test,8.0,7.0,1.0,0.875,0.125,0.125,0.0116054155,0.0014506769,0,0,1,1,1
21705,-1,0,-0.41534805,0.39763048,0,1,unassigned,48.0,47.0,1.0,0.9791667,0.020833334,0.020833313,0.088974856,0.0018536429,0,0,0,0,0
21706,-1,0,-0.42891467,0.3943855,0,1,unassigned,38.0,38.0,0.0,1.0,0.0,0.0,0.06963249,0.0,0,0,0,0,0
21707,-1,0,-0.0062681437,0.4984329,0,1,unassigned,4.0,4.0,0.0,1.0,0.0,0.0,0.003868472,0.0,0,0,0,0,0
21708,-1,0,-0.28419858,0.42942473,0,1,unassigned,24.0,24.0,0.0,1.0,0.0,0.0,0.04255319,0.0,0,0,0,0,0
21709,-1,1,1.0551786,0.7417681,1,1,unassigned,10.0,7.0,3.0,0.7,0.3,0.3,0.015473888,0.0046421667,1,0,0,1,0
21710,1,1,6.361874,0.9982768,1,0,unassigned,5.0,4.0,1.0,0.8,0.2,0.19999999,0.0058027077,0.0011605415,1,0,1,1,1
21711,-1,1,-0.0061900616,0.49845245,0,1,unassigned,2.0,2.0,0.0,1.0,0.0,0.0,0.0,0.0,1,0,0,0,0
21712,-1,0,5.6600785,0.9965299,1,1,unassigned,2.0,2.0,0.0,1.0,0.0,0.0,0.0,0.0,0,0,0,1,1
21713,-1,1,-0.22111255,0.44494602,0,1,unassigned,2.0,2.0,0.0,1.0,0.0,0.0,0.0,0.0,1,0,0,0,0
21714,0,1,-0.43600938,0.39269227,0,0,test,7.0,3.0,4.0,0.42857143,0.5714286,0.57142854,0.00967118,0.0055263885,1,0,1,0,0
21715,-1,1,9.962538,0.9999529,1,1,unassigned,4.0,4.0,0.0,1.0,0.0,0.0,0.003868472,0.0,1,0,0,1,1
21716,-1,0,-0.02591592,0.4935214,0,1,unassigned,9.0,9.0,0.0,1.0,0.0,0.0,0.013539651,0.0,0,0,0,0,0
21717,-1,0,3.2041876,0.96099156,1,1,unassigned,20.0,18.0,2.0,0.9,0.1,0.100000024,0.034816246,0.0034816246,0,0,0,1,1
21718,-1,1,0.3239051,0.58027565,1,1,unassigned,4.0,3.0,1.0,0.75,0.25,0.25,0.003868472,0.000967118,1,0,0,1,0
21719,-1,0,0.22510445,0.5560397,1,1,unassigned,2.0,2.0,0.0,1.0,0.0,0.0,0.0,0.0,0,0,0,1,0
21720,-1,0,-0.5900707,0.35661864,0,1,unassigned,69.0,68.0,1.0,0.98550725,0.014492754,0.01449275,0.1295938,0.0018781711,0,0,0,0,0
21721,-1,0,0.20639914,0.5514174,1,1,unassigned,13.0,13.0,0.0,1.0,0.0,0.0,0.021276595,0.0,0,0,0,1,0
21722,-1,0,0.13630217,0.5340229,1,1,unassigned,19.0,19.0,0.0,1.0,0.0,0.0,0.032882012,0.0,0,0,0,1,0
21723,-1,0,-0.42533177,0.39524162,0,1,unassigned,54.0,54.0,0.0,1.0,0.0,0.0,0.10058027,0.0,0,0,0,0,0
21724,-1,0,-0.5506698,0.36570904,0,1,unassigned,36.0,35.0,1.0,0.9722222,0.027777778,0.027777791,0.065764025,0.0018267785,0,0,0,0,0
21725,-1,0,-0.24973452,0.43788886,0,1,unassigned,78.0,75.0,3.0,0.96153843,0.03846154,0.038461566,0.14700194,0.005653921,0,0,0,0,0
21726,-1,0,-0.010539889,0.49736506,0,1,unassigned,42.0,42.0,0.0,1.0,0.0,0.0,0.07736944,0.0,0,0,0,0,0
21727,-1,0,-0.8457241,0.3003306,0,1,unassigned,27.0,27.0,0.0,1.0,0.0,0.0,0.0483559,0.0,0,0,0,0,0
21728,-1,0,-0.7395024,0.32311296,0,1,unassigned,28.0,28.0,0.0,1.0,0.0,0.0,0.050290134,0.0,0,0,0,0,0
21729,-1,0,-0.71367633,0.328787,0,1,unassigned,44.0,44.0,0.0,1.0,0.0,0.0,0.08123791,0.0,0,0,0,0,0
21730,-1,0,-0.66818315,0.33890378,0,1,unassigned,11.0,11.0,0.0,1.0,0.0,0.0,0.017408123,0.0,0,0,0,0,0
21731,-1,0,1.1276345,0.7554021,1,1,unassigned,2.0,2.0,0.0,1.0,0.0,0.0,0.0,0.0,0,0,0,1,0
21732,1,1,-0.35619846,0.4118801,0,1,unassigned,10.0,10.0,0.0,1.0,0.0,0.0,0.015473888,0.0,1,0,0,0,0
21733,-1,1,5.160785,0.99429554,1,1,unassigned,18.0,16.0,2.0,0.8888889,0.11111111,0.111111104,0.030947777,0.0034386418,1,0,0,1,1
21734,-1,0,-0.85564446,0.2982501,0,1,unassigned,2.0,2.0,0.0,1.0,0.0,0.0,0.0,0.0,0,0,0,0,0
21735,-1,0,6.4686193,0.998451,1,1,unassigned,3.0,3.0,0.0,1.0,0.0,0.0,0.001934236,0.0,0,0,0,1,1
21736,-1,0,8.36092,0.9997662,1,1,unassigned,10.0,8.0,2.0,0.8,0.2,0.19999999,0.015473888,0.0030947777,0,0,0,1,1
21737,-1,0,-0.83568406,0.30244455,0,1,unassigned,5.0,5.0,0.0,1.0,0.0,0.0,0.0058027077,0.0,0,0,0,0,0
21738,-1,0,1.070787,0.74474657,1,1,unassigned,2.0,2.0,0.0,1.0,0.0,0.0,0.0,0.0,0,0,0,1,0
21739,-1,0,2.3302877,0.9113546,1,1,unassigned,2.0,2.0,0.0,1.0,0.0,0.0,0.0,0.0,0,0,0,1,1
21740,-1,0,3.0633752,0.9553565,1,1,unassigned,13.0,13.0,0.0,1.0,0.0,0.0,0.021276595,0.0,0,0,0,1,1
21741,-1,0,-0.36709693,0.40924272,0,1,unassigned,58.0,57.0,1.0,0.98275864,0.01724138,0.017241359,0.10831721,0.0018675381,0,0,0,0,0
21742,-1,1,5.892943,0.9972487,1,1,unassigned,4.0,4.0,0.0,1.0,0.0,0.0,0.003868472,0.0,1,0,0,1,1
21743,-1,0,-0.42384255,0.3955976,0,1,unassigned,25.0,25.0,0.0,1.0,0.0,0.0,0.044487428,0.0,0,0,0,0,0
21744,-1,0,-0.44255444,0.39113247,0,1,unassigned,134.0,133.0,1.0,0.9925373,0.0074626864,0.0074626803,0.25531915,0.0019053668,0,0,0,0,0
21745,-1,1,1.0722904,0.74503225,1,1,unassigned,22.0,21.0,1.0,0.95454544,0.045454547,0.04545456,0.03868472,0.0017583964,1,0,0,1,0
21746,-1,0,3.9960597,0.9819441,1,1,unassigned,7.0,7.0,0.0,1.0,0.0,0.0,0.00967118,0.0,0,0,0,1,1
21747,-1,0,-0.7585639,0.31895813,0,1,unassigned,3.0,3.0,0.0,1.0,0.0,0.0,0.001934236,0.0,0,0,0,0,0
21748,-1,0,2.075673,0.8885161,1,1,unassigned,8.0,7.0,1.0,0.875,0.125,0.125,0.0116054155,0.0014506769,0,0,0,1,0
21749,0,0,-0.100705266,0.47484496,0,0,test,8.0,8.0,0.0,1.0,0.0,0.0,0.0116054155,0.0,0,0,1,0,0
21750,-1,1,2.4714198,0.9221138,1,1,unassigned,3.0,2.0,1.0,0.6666667,0.33333334,0.3333333,0.001934236,0.00064474536,1,0,0,1,1
21751,-1,1,4.06144,0.98306745,1,1,unassigned,8.0,8.0,0.0,1.0,0.0,0.0,0.0116054155,0.0,1,0,0,1,1
21752,-1,1,4.7725463,0.9916121,1,1,unassigned,15.0,15.0,0.0,1.0,0.0,0.0,0.025145067,0.0,1,0,0,1,1
21753,-1,1,1.0034821,0.7317426,1,1,unassigned,4.0,3.0,1.0,0.75,0.25,0.25,0.003868472,0.000967118,1,0,0,1,0
21754,-1,0,0.52646416,0.62865806,1,1,unassigned,3.0,3.0,0.0,1.0,0.0,0.0,0.001934236,0.0,0,0,0,1,0
21755,-1,0,1.4123497,0.8041363,1,1,unassigned,5.0,5.0,0.0,1.0,0.0,0.0,0.0058027077,0.0,0,0,0,1,0
21756,-1,0,0.8473185,0.7000043,1,1,unassigned,3.0,3.0,0.0,1.0,0.0,0.0,0.001934236,0.0,0,0,0,1,0
21757,-1,0,8.919991,0.99986637,1,1,unassigned,7.0,7.0,0.0,1.0,0.0,0.0,0.00967118,0.0,0,0,0,1,1
21758,-1,0,1.6870971,0.84384197,1,1,unassigned,8.0,8.0,0.0,1.0,0.0,0.0,0.0116054155,0.0,0,0,0,1,0
21759,-1,0,-0.5654521,0.3622869,0,1,unassigned,20.0,20.0,0.0,1.0,0.0,0.0,0.034816246,0.0,0,0,0,0,0
21760,-1,1,7.8130574,0.9995957,1,1,unassigned,2.0,2.0,0.0,1.0,0.0,0.0,0.0,0.0,1,0,0,1,1
21761,-1,0,-0.006633103,0.4983417,0,1,unassigned,7.0,7.0,0.0,1.0,0.0,0.0,0.00967118,0.0,0,0,0,0,0
21762,0,0,-0.9405445,0.2807904,0,0,test,3.0,3.0,0.0,1.0,0.0,0.0,0.001934236,0.0,0,0,1,0,0
21763,-1,0,-1.13043,0.24408177,0,1,unassigned,8.0,8.0,0.0,1.0,0.0,0.0,0.0116054155,0.0,0,0,0,0,0
21764,-1,0,-0.26544243,0.4340263,0,1,unassigned,17.0,16.0,1.0,0.9411765,0.05882353,0.058823526,0.029013539,0.0017066788,0,0,0,0,0
21765,-1,0,-0.02925551,0.49268666,0,1,unassigned,2.0,1.0,1.0,0.5,0.5,0.5,0.0,0.0,0,0,0,0,0
21766,1,1,-0.39452493,0.40262848,0,1,unassigned,44.0,38.0,6.0,0.8636364,0.13636364,0.13636363,0.08123791,0.011077898,1,0,0,0,0
21767,-1,1,1.2635207,0.77963156,1,1,unassigned,12.0,6.0,6.0,0.5,0.5,0.5,0.01934236,0.00967118,1,0,0,1,0
21768,-1,0,1.6921861,0.84451145,1,1,unassigned,2.0,2.0,0.0,1.0,0.0,0.0,0.0,0.0,0,0,0,1,0
21769,-1,0,4.054636,0.9829539,1,1,unassigned,3.0,2.0,1.0,0.6666667,0.33333334,0.3333333,0.001934236,0.00064474536,0,0,0,1,1
21770,1,0,3.3530989,0.9662062,1,0,val,13.0,12.0,1.0,0.9230769,0.07692308,0.07692307,0.021276595,0.0016366612,0,0,1,1,1
21771,-1,1,3.0049222,0.9527959,1,1,unassigned,6.0,5.0,1.0,0.8333333,0.16666667,0.16666669,0.007736944,0.0012894907,1,0,0,1,1
21772,1,0,0.90075713,0.7111051,1,0,unassigned,16.0,13.0,3.0,0.8125,0.1875,0.1875,0.027079303,0.0050773695,0,0,1,1,0
21773,-1,1,1.5685022,0.82757,1,1,unassigned,5.0,5.0,0.0,1.0,0.0,0.0,0.0058027077,0.0,1,0,0,1,0
21774,-1,0,-0.7321217,0.3247293,0,1,unassigned,35.0,35.0,0.0,1.0,0.0,0.0,0.06382979,0.0,0,0,0,0,0
21775,-1,0,-0.35000956,0.4133801,0,1,unassigned,5.0,5.0,0.0,1.0,0.0,0.0,0.0058027077,0.0,0,0,0,0,0
21776,0,0,-0.5392477,0.3683626,0,0,unassigned,2.0,2.0,0.0,1.0,0.0,0.0,0.0,0.0,0,0,1,0,0
21777,0,0,-0.47900647,0.38248676,0,0,val,120.0,119.0,1.0,0.9916667,0.008333334,0.008333325,0.22823985,0.0019019989,0,0,1,0,0
21778,-1,1,-0.7422153,0.3225199,0,1,unassigned,82.0,80.0,2.0,0.9756098,0.024390243,0.02439022,0.15473887,0.0037741186,1,0,0,0,0
21779,-1,0,9.478092,0.99992347,1,1,unassigned,2.0,2.0,0.0,1.0,0.0,0.0,0.0,0.0,0,0,0,1,1
21780,-1,1,4.731782,0.9912662,1,1,unassigned,6.0,6.0,0.0,1.0,0.0,0.0,0.007736944,0.0,1,0,0,1,1
21781,-1,1,8.11205,0.9997002,1,1,unassigned,15.0,13.0,2.0,0.8666667,0.13333334,0.13333333,0.025145067,0.0033526758,1,0,0,1,1
21782,-1,1,0.58980185,0.64331967,1,1,unassigned,11.0,9.0,2.0,0.8181818,0.18181819,0.18181819,0.017408123,0.0031651135,1,0,0,1,0
21783,-1,1,0.5397411,0.6317522,1,1,unassigned,12.0,12.0,0.0,1.0,0.0,0.0,0.01934236,0.0,1,0,0,1,0
21784,-1,1,-0.86889863,0.29548353,0,1,unassigned,19.0,19.0,0.0,1.0,0.0,0.0,0.032882012,0.0,1,0,0,0,0
21785,-1,0,4.441585,0.9883598,1,1,unassigned,3.0,3.0,0.0,1.0,0.0,0.0,0.001934236,0.0,0,0,0,1,1
21786,-1,1,-0.23428154,0.44169602,0,1,unassigned,4.0,4.0,0.0,1.0,0.0,0.0,0.003868472,0.0,1,0,0,0,0
21787,-1,1,-0.48376387,0.38136375,0,1,unassigned,42.0,41.0,1.0,0.97619045,0.023809524,0.023809552,0.07736944,0.0018421295,1,0,0,0,0
21788,0,0,-0.6054789,0.3530912,0,0,val,36.0,35.0,1.0,0.9722222,0.027777778,0.027777791,0.065764025,0.0018267785,0,0,1,0,0
21789,-1,1,-1.5942519,0.16878653,0,1,unassigned,2.0,2.0,0.0,1.0,0.0,0.0,0.0,0.0,1,0,0,0,0
21790,-1,1,6.1741047,0.99792165,1,1,unassigned,51.0,48.0,3.0,0.9411765,0.05882353,0.058823526,0.09477756,0.0055751507,1,0,0,1,1
21791,-1,0,-0.2995695,0.4256627,0,1,unassigned,2.0,2.0,0.0,1.0,0.0,0.0,0.0,0.0,0,0,0,0,0
21792,-1,1,0.72963136,0.6747244,1,1,unassigned,2.0,1.0,1.0,0.5,0.5,0.5,0.0,0.0,1,0,0,1,0
21793,-1,0,-0.50200635,0.37706926,0,1,unassigned,8.0,8.0,0.0,1.0,0.0,0.0,0.0116054155,0.0,0,0,0,0,0
21794,-1,0,1.0329747,0.7374922,1,1,unassigned,18.0,13.0,5.0,0.7222222,0.2777778,0.2777778,0.030947777,0.008596605,0,0,0,1,0
21795,0,0,-0.82723504,0.30423003,0,0,val,16.0,16.0,0.0,1.0,0.0,0.0,0.027079303,0.0,0,0,1,0,0
21796,-1,0,-0.0364846,0.49087983,0,1,unassigned,20.0,20.0,0.0,1.0,0.0,0.0,0.034816246,0.0,0,0,0,0,0
21797,-1,1,-0.570963,0.36101466,0,1,unassigned,23.0,22.0,1.0,0.95652175,0.04347826,0.04347825,0.040618956,0.0017660416,1,0,0,0,0
21798,-1,0,2.19041,0.899385,1,1,unassigned,25.0,22.0,3.0,0.88,0.12,0.120000005,0.044487428,0.0053384914,0,0,0,1,0
21799,-1,1,-0.89551497,0.28997305,0,1,unassigned,17.0,16.0,1.0,0.9411765,0.05882353,0.058823526,0.029013539,0.0017066788,1,0,0,0,0
21800,-1,0,-0.89746034,0.28957266,0,1,unassigned,48.0,48.0,0.0,1.0,0.0,0.0,0.088974856,0.0,0,0,0,0,0
21801,-1,1,-0.20231289,0.4495936,0,1,unassigned,11.0,11.0,0.0,1.0,0.0,0.0,0.017408123,0.0,1,0,0,0,0
21802,-1,1,-0.322927,0.41996258,0,1,unassigned,24.0,24.0,0.0,1.0,0.0,0.0,0.04255319,0.0,1,0,0,0,0
21803,-1,1,3.9657028,0.98139787,1,1,unassigned,2.0,2.0,0.0,1.0,0.0,0.0,0.0,0.0,1,0,0,1,1
21804,-1,0,-0.4469966,0.39007512,0,1,unassigned,28.0,27.0,1.0,0.96428573,0.035714287,0.03571427,0.050290134,0.0017960763,0,0,0,0,0
21805,-1,0,-0.30317843,0.4247807,0,1,unassigned,10.0,10.0,0.0,1.0,0.0,0.0,0.015473888,0.0,0,0,0,0,0
21806,-1,0,-0.2171107,0.4459345,0,1,unassigned,5.0,5.0,0.0,1.0,0.0,0.0,0.0058027077,0.0,0,0,0,0,0
21807,-1,1,2.5384524,0.9267939,1,1,unassigned,6.0,5.0,1.0,0.8333333,0.16666667,0.16666669,0.007736944,0.0012894907,1,0,0,1,1
21808,-1,0,4.7054486,0.9910353,1,1,unassigned,7.0,6.0,1.0,0.85714287,0.14285715,0.14285713,0.00967118,0.0013815971,0,0,0,1,1
21809,-1,1,4.0854783,0.983463,1,1,unassigned,8.0,8.0,0.0,1.0,0.0,0.0,0.0116054155,0.0,1,0,0,1,1
21810,-1,0,-0.8428699,0.3009307,0,1,unassigned,35.0,34.0,1.0,0.9714286,0.028571429,0.028571427,0.06382979,0.0018237082,0,0,0,0,0
21811,-1,0,-0.60515344,0.35316554,0,1,unassigned,12.0,12.0,0.0,1.0,0.0,0.0,0.01934236,0.0,0,0,0,0,0
21812,-1,0,2.2843287,0.9075708,1,1,unassigned,8.0,7.0,1.0,0.875,0.125,0.125,0.0116054155,0.0014506769,0,0,0,1,1
21813,-1,1,4.74542,0.99138343,1,1,unassigned,22.0,21.0,1.0,0.95454544,0.045454547,0.04545456,0.03868472,0.0017583964,1,0,0,1,1
21814,-1,1,1.2917864,0.7844494,1,1,unassigned,6.0,5.0,1.0,0.8333333,0.16666667,0.16666669,0.007736944,0.0012894907,1,0,0,1,0
21815,-1,0,4.591808,0.9899671,1,1,unassigned,3.0,3.0,0.0,1.0,0.0,0.0,0.001934236,0.0,0,0,0,1,1
21816,1,1,0.26549143,0.56598574,1,0,unassigned,57.0,57.0,0.0,1.0,0.0,0.0,0.10638298,0.0,1,0,1,1,0
21817,-1,1,2.4056766,0.9172591,1,1,unassigned,4.0,3.0,1.0,0.75,0.25,0.25,0.003868472,0.000967118,1,0,0,1,1
21818,-1,0,8.15255,0.99971205,1,1,unassigned,2.0,2.0,0.0,1.0,0.0,0.0,0.0,0.0,0,0,0,1,1
21819,-1,0,-0.41998804,0.3965196,0,1,unassigned,13.0,13.0,0.0,1.0,0.0,0.0,0.021276595,0.0,0,0,0,0,0
21820,-1,0,2.4758499,0.92243135,1,1,unassigned,11.0,11.0,0.0,1.0,0.0,0.0,0.017408123,0.0,0,0,0,1,1
21821,-1,0,-0.5789012,0.3591855,0,1,unassigned,38.0,38.0,0.0,1.0,0.0,0.0,0.06963249,0.0,0,0,0,0,0
21822,-1,0,-0.5713557,0.36092407,0,1,unassigned,39.0,39.0,0.0,1.0,0.0,0.0,0.07156673,0.0,0,0,0,0,0
21823,-1,0,1.3882034,0.8003053,1,1,unassigned,3.0,2.0,1.0,0.6666667,0.33333334,0.3333333,0.001934236,0.00064474536,0,0,0,1,0
21824,-1,0,1.6055934,0.8327987,1,1,unassigned,13.0,13.0,0.0,1.0,0.0,0.0,0.021276595,0.0,0,0,0,1,0
21825,1,1,4.596422,0.9900129,1,0,test,3.0,3.0,0.0,1.0,0.0,0.0,0.001934236,0.0,1,0,1,1,1
21826,-1,0,0.738838,0.6767417,1,1,unassigned,5.0,5.0,0.0,1.0,0.0,0.0,0.0058027077,0.0,0,0,0,1,0
21827,-1,0,0.74469274,0.67802113,1,1,unassigned,7.0,7.0,0.0,1.0,0.0,0.0,0.00967118,0.0,0,0,0,1,0
21828,-1,0,2.1439493,0.895102,1,1,unassigned,14.0,13.0,1.0,0.9285714,0.071428575,0.0714286,0.023210831,0.0016579166,0,0,0,1,0
21829,-1,0,0.63137466,0.6528011,1,1,unassigned,31.0,31.0,0.0,1.0,0.0,0.0,0.056092843,0.0,0,0,0,1,0
21830,-1,0,1.520381,0.82059455,1,1,unassigned,11.0,11.0,0.0,1.0,0.0,0.0,0.017408123,0.0,0,0,0,1,0
21831,1,0,1.4217536,0.80561316,1,0,test,5.0,5.0,0.0,1.0,0.0,0.0,0.0058027077,0.0,0,0,1,1,0
21832,-1,0,-0.48788184,0.38039267,0,1,unassigned,6.0,6.0,0.0,1.0,0.0,0.0,0.007736944,0.0,0,0,0,0,0
21833,-1,0,0.6473915,0.6564224,1,1,unassigned,2.0,2.0,0.0,1.0,0.0,0.0,0.0,0.0,0,0,0,1,0
21834,-1,0,1.1249912,0.7549134,1,1,unassigned,4.0,4.0,0.0,1.0,0.0,0.0,0.003868472,0.0,0,0,0,1,0
21835,-1,0,0.37512165,0.59269595,1,1,unassigned,7.0,7.0,0.0,1.0,0.0,0.0,0.00967118,0.0,0,0,0,1,0
21836,-1,0,4.062861,0.98309106,1,1,unassigned,25.0,25.0,0.0,1.0,0.0,0.0,0.044487428,0.0,0,0,0,1,1
21837,1,0,0.21804923,0.5542973,1,0,test,99.0,97.0,2.0,0.97979796,0.02020202,0.02020204,0.1876209,0.003790321,0,0,1,1,0
21838,0,0,0.63983375,0.6547159,1,1,val,6.0,6.0,0.0,1.0,0.0,0.0,0.007736944,0.0,0,0,0,1,0
21839,-1,1,0.18920892,0.54716164,1,1,unassigned,9.0,5.0,4.0,0.5555556,0.44444445,0.44444442,0.013539651,0.006017623,1,0,0,1,0
21840,-1,0,1.2311575,0.77402115,1,1,unassigned,7.0,6.0,1.0,0.85714287,0.14285715,0.14285713,0.00967118,0.0013815971,0,0,0,1,0
21841,1,0,-1.3585668,0.20447336,0,1,unassigned,2.0,2.0,0.0,1.0,0.0,0.0,0.0,0.0,0,0,0,0,0
21842,-1,0,0.23283654,0.5579476,1,1,unassigned,42.0,40.0,2.0,0.95238096,0.04761905,0.047619045,0.07736944,0.003684259,0,0,0,1,0
21843,-1,0,-0.20779532,0.44823727,0,1,unassigned,26.0,26.0,0.0,1.0,0.0,0.0,0.046421662,0.0,0,0,0,0,0
21844,-1,0,-0.34217504,0.41528124,0,1,unassigned,8.0,8.0,0.0,1.0,0.0,0.0,0.0116054155,0.0,0,0,0,0,0
21845,-1,1,-0.7059252,0.33049986,0,1,unassigned,6.0,6.0,0.0,1.0,0.0,0.0,0.007736944,0.0,1,0,0,0,0
21846,-1,0,1.3156607,0.7884589,1,1,unassigned,2.0,2.0,0.0,1.0,0.0,0.0,0.0,0.0,0,0,0,1,0
21847,1,0,-0.7940262,0.31130484,0,1,unassigned,42.0,42.0,0.0,1.0,0.0,0.0,0.07736944,0.0,0,0,0,0,0
21848,-1,0,1.0129638,0.7335997,1,1,unassigned,37.0,35.0,2.0,0.9459459,0.054054055,0.05405408,0.06769826,0.0036593657,0,0,0,1,0
21849,-1,0,-0.8796621,0.29324782,0,1,unassigned,47.0,47.0,0.0,1.0,0.0,0.0,0.08704062,0.0,0,0,0,0,0
21850,-1,0,0.1188665,0.5296817,1,1,unassigned,7.0,7.0,0.0,1.0,0.0,0.0,0.00967118,0.0,0,0,0,1,0
21851,-1,0,-0.4897169,0.37996027,0,1,unassigned,8.0,8.0,0.0,1.0,0.0,0.0,0.0116054155,0.0,0,0,0,0,0
21852,-1,0,-0.29526395,0.42671564,0,1,unassigned,2.0,2.0,0.0,1.0,0.0,0.0,0.0,0.0,0,0,0,0,0
21853,-1,0,0.4986232,0.6221357,1,1,unassigned,10.0,10.0,0.0,1.0,0.0,0.0,0.015473888,0.0,0,0,0,1,0
21854,-1,0,-0.7394061,0.32313403,0,1,unassigned,20.0,19.0,1.0,0.95,0.05,0.050000012,0.034816246,0.0017408123,0,0,0,0,0
21855,-1,0,-0.68613935,0.33489245,0,1,unassigned,4.0,4.0,0.0,1.0,0.0,0.0,0.003868472,0.0,0,0,0,0,0
21856,-1,1,-0.9186677,0.28522944,0,1,unassigned,11.0,11.0,0.0,1.0,0.0,0.0,0.017408123,0.0,1,0,0,0,0
21857,-1,0,-0.9647486,0.27592844,0,1,unassigned,41.0,41.0,0.0,1.0,0.0,0.0,0.07543521,0.0,0,0,0,0,0
21858,-1,0,-0.7223989,0.32686496,0,1,unassigned,42.0,42.0,0.0,1.0,0.0,0.0,0.07736944,0.0,0,0,0,0,0
21859,-1,0,-0.26756635,0.43350464,0,1,unassigned,3.0,3.0,0.0,1.0,0.0,0.0,0.001934236,0.0,0,0,0,0,0
21860,-1,1,-0.12010884,0.4700088,0,1,unassigned,16.0,16.0,0.0,1.0,0.0,0.0,0.027079303,0.0,1,0,0,0,0
21861,-1,1,0.4749815,0.6165621,1,1,unassigned,17.0,17.0,0.0,1.0,0.0,0.0,0.029013539,0.0,1,0,0,1,0
21862,-1,0,0.8472175,0.6999831,1,1,unassigned,3.0,3.0,0.0,1.0,0.0,0.0,0.001934236,0.0,0,0,0,1,0
21863,-1,0,0.26170486,0.5650553,1,1,unassigned,2.0,2.0,0.0,1.0,0.0,0.0,0.0,0.0,0,0,0,1,0
21864,-1,1,-0.83555603,0.30247158,0,1,unassigned,22.0,20.0,2.0,0.90909094,0.09090909,0.090909064,0.03868472,0.0035167928,1,0,0,0,0
21865,-1,0,1.1699123,0.7631292,1,1,unassigned,8.0,8.0,0.0,1.0,0.0,0.0,0.0116054155,0.0,0,0,0,1,0
21866,-1,0,0.48448378,0.61880606,1,1,unassigned,3.0,3.0,0.0,1.0,0.0,0.0,0.001934236,0.0,0,0,0,1,0
21867,-1,0,0.7920266,0.68826634,1,1,unassigned,6.0,6.0,0.0,1.0,0.0,0.0,0.007736944,0.0,0,0,0,1,0
21868,-1,1,-0.19448987,0.45153022,0,1,unassigned,7.0,7.0,0.0,1.0,0.0,0.0,0.00967118,0.0,1,0,0,0,0
21869,-1,0,0.12596303,0.5314492,1,1,unassigned,2.0,2.0,0.0,1.0,0.0,0.0,0.0,0.0,0,0,0,1,0
21870,-1,1,-0.043507576,0.4891248,0,1,unassigned,28.0,22.0,6.0,0.78571427,0.21428572,0.21428573,0.050290134,0.010776457,1,0,0,0,0
21871,-1,1,0.14358717,0.53583527,1,1,unassigned,15.0,15.0,0.0,1.0,0.0,0.0,0.025145067,0.0,1,0,0,1,0
21872,-1,0,0.97157747,0.72543377,1,1,unassigned,39.0,38.0,1.0,0.974359,0.025641026,0.025641024,0.07156673,0.0018350444,0,0,0,1,0
21873,-1,0,1.2031429,0.7690834,1,1,unassigned,4.0,3.0,1.0,0.75,0.25,0.25,0.003868472,0.000967118,0,0,0,1,0
21874,-1,1,6.3582506,0.99827063,1,1,unassigned,3.0,3.0,0.0,1.0,0.0,0.0,0.001934236,0.0,1,0,0,1,1
21875,-1,0,1.8465235,0.86371845,1,1,unassigned,4.0,4.0,0.0,1.0,0.0,0.0,0.003868472,0.0,0,0,0,1,0
21876,-1,0,2.2617557,0.90565974,1,1,unassigned,2.0,2.0,0.0,1.0,0.0,0.0,0.0,0.0,0,0,0,1,1
21877,1,0,-0.9992524,0.26908845,0,1,unassigned,2.0,1.0,1.0,0.5,0.5,0.5,0.0,0.0,0,0,0,0,0
21878,-1,0,-0.71579725,0.32831913,0,1,unassigned,40.0,35.0,5.0,0.875,0.125,0.125,0.07350097,0.009187621,0,0,0,0,0
21879,-1,0,2.3217595,0.91066325,1,1,unassigned,2.0,1.0,1.0,0.5,0.5,0.5,0.0,0.0,0,0,0,1,1
21880,-1,1,-0.11225799,0.4719649,0,1,unassigned,15.0,14.0,1.0,0.93333334,0.06666667,0.06666666,0.025145067,0.0016763379,1,0,0,0,0
21881,1,1,-0.8039473,0.3091818,0,1,unassigned,34.0,34.0,0.0,1.0,0.0,0.0,0.061895553,0.0,1,0,0,0,0
21882,-1,1,0.041048408,0.51026064,1,1,unassigned,26.0,25.0,1.0,0.96153843,0.03846154,0.038461566,0.046421662,0.0017854486,1,0,0,1,0
21883,-1,0,4.0825706,0.9834156,1,1,unassigned,3.0,3.0,0.0,1.0,0.0,0.0,0.001934236,0.0,0,0,0,1,1
21884,1,1,-0.029919922,0.49252054,0,1,val,8.0,7.0,1.0,0.875,0.125,0.125,0.0116054155,0.0014506769,1,0,0,0,0
21885,-1,1,-0.6855691,0.3350195,0,1,unassigned,28.0,28.0,0.0,1.0,0.0,0.0,0.050290134,0.0,1,0,0,0,0
21886,-1,1,-0.71838725,0.3277482,0,1,unassigned,98.0,97.0,1.0,0.9897959,0.010204081,0.010204077,0.18568665,0.0018947617,1,0,0,0,0
21887,-1,0,2.2963626,0.90857536,1,1,unassigned,7.0,7.0,0.0,1.0,0.0,0.0,0.00967118,0.0,0,0,0,1,1
21888,-1,0,0.74910146,0.67898285,1,1,unassigned,4.0,3.0,1.0,0.75,0.25,0.25,0.003868472,0.000967118,0,0,0,1,0
21889,-1,1,1.2820113,0.7827919,1,1,unassigned,3.0,2.0,1.0,0.6666667,0.33333334,0.3333333,0.001934236,0.00064474536,1,0,0,1,0
21890,-1,0,-0.4839518,0.3813194,0,1,unassigned,40.0,39.0,1.0,0.975,0.025,0.024999976,0.07350097,0.0018375242,0,0,0,0,0
21891,-1,1,7.5553975,0.99947697,1,1,unassigned,4.0,2.0,2.0,0.5,0.5,0.5,0.003868472,0.001934236,1,0,0,1,1
21892,-1,1,2.238883,0.90368724,1,1,unassigned,4.0,3.0,1.0,0.75,0.25,0.25,0.003868472,0.000967118,1,0,0,1,1
21893,-1,1,-0.52608466,0.37143055,0,1,unassigned,11.0,11.0,0.0,1.0,0.0,0.0,0.017408123,0.0,1,0,0,0,0
21894,0,0,-0.8069244,0.30854627,0,0,test,2.0,2.0,0.0,1.0,0.0,0.0,0.0,0.0,0,0,1,0,0
21895,-1,0,1.0087109,0.73276776,1,1,unassigned,7.0,7.0,0.0,1.0,0.0,0.0,0.00967118,0.0,0,0,0,1,0
21896,-1,1,1.8064914,0.85893726,1,1,unassigned,4.0,3.0,1.0,0.75,0.25,0.25,0.003868472,0.000967118,1,0,0,1,0
21897,-1,0,0.46667892,0.6145974,1,1,unassigned,5.0,5.0,0.0,1.0,0.0,0.0,0.0058027077,0.0,0,0,0,1,0
21898,-1,0,-0.34542063,0.41449338,0,1,unassigned,16.0,15.0,1.0,0.9375,0.0625,0.0625,0.027079303,0.0016924564,0,0,0,0,0
21899,-1,0,2.9691617,0.9511614,1,1,unassigned,3.0,1.0,2.0,0.33333334,0.6666667,0.6666666,0.001934236,0.0012894907,0,0,0,1,1
21900,-1,1,13.613314,0.9999988,1,1,unassigned,4.0,3.0,1.0,0.75,0.25,0.25,0.003868472,0.000967118,1,0,0,1,1
21901,-1,0,0.84403676,0.6993147,1,1,unassigned,2.0,2.0,0.0,1.0,0.0,0.0,0.0,0.0,0,0,0,1,0
21902,-1,0,-0.4261778,0.3950394,0,1,unassigned,2.0,2.0,0.0,1.0,0.0,0.0,0.0,0.0,0,0,0,0,0
21903,-1,0,5.7551975,0.9968437,1,1,unassigned,2.0,2.0,0.0,1.0,0.0,0.0,0.0,0.0,0,0,0,1,1
21904,-1,0,11.513229,0.99999,1,1,unassigned,2.0,2.0,0.0,1.0,0.0,0.0,0.0,0.0,0,0,0,1,1
21905,-1,1,-0.6322766,0.34699452,0,1,unassigned,16.0,16.0,0.0,1.0,0.0,0.0,0.027079303,0.0,1,0,0,0,0
21906,-1,1,-0.490625,0.37974638,0,1,unassigned,23.0,22.0,1.0,0.95652175,0.04347826,0.04347825,0.040618956,0.0017660416,1,0,0,0,0
21907,0,0,0.009509325,0.50237733,1,1,unassigned,4.0,3.0,1.0,0.75,0.25,0.25,0.003868472,0.000967118,0,0,0,1,0
21908,-1,0,4.7422056,0.99135596,1,1,unassigned,9.0,9.0,0.0,1.0,0.0,0.0,0.013539651,0.0,0,0,0,1,1
21909,-1,0,4.2523894,0.9859694,1,1,unassigned,2.0,2.0,0.0,1.0,0.0,0.0,0.0,0.0,0,0,0,1,1
21910,-1,0,4.919354,0.99274915,1,1,unassigned,3.0,3.0,0.0,1.0,0.0,0.0,0.001934236,0.0,0,0,0,1,1
21911,-1,0,-0.71547544,0.3283901,0,1,unassigned,2.0,2.0,0.0,1.0,0.0,0.0,0.0,0.0,0,0,0,0,0
21912,-1,0,-0.12590158,0.46856612,0,1,unassigned,22.0,22.0,0.0,1.0,0.0,0.0,0.03868472,0.0,0,0,0,0,0
21913,-1,1,1.8845813,0.86813647,1,1,unassigned,3.0,3.0,0.0,1.0,0.0,0.0,0.001934236,0.0,1,0,0,1,0
21914,-1,1,0.73033434,0.67487866,1,1,unassigned,2.0,2.0,0.0,1.0,0.0,0.0,0.0,0.0,1,0,0,1,0
21915,-1,1,0.7211105,0.6728515,1,1,unassigned,5.0,5.0,0.0,1.0,0.0,0.0,0.0058027077,0.0,1,0,0,1,0
21916,0,0,-0.47602266,0.38319173,0,0,unassigned,37.0,36.0,1.0,0.972973,0.027027028,0.02702701,0.06769826,0.0018296828,0,0,1,0,0
21917,0,1,-0.80790883,0.30833632,0,0,val,57.0,55.0,2.0,0.9649123,0.03508772,0.035087705,0.10638298,0.0037327362,1,0,1,0,0
21918,-1,1,3.3900204,0.9673912,1,1,unassigned,2.0,2.0,0.0,1.0,0.0,0.0,0.0,0.0,1,0,0,1,1
21919,-1,0,-0.4947837,0.3787673,0,1,unassigned,20.0,20.0,0.0,1.0,0.0,0.0,0.034816246,0.0,0,0,0,0,0
21920,0,1,-0.611459,0.35172644,0,0,unassigned,14.0,12.0,2.0,0.85714287,0.14285715,0.14285713,0.023210831,0.0033158332,1,0,1,0,0
21921,-1,1,6.6825056,0.9987489,1,1,unassigned,21.0,19.0,2.0,0.9047619,0.0952381,0.09523809,0.036750484,0.0035000462,1,0,0,1,1
21922,1,0,5.3606124,0.99532396,1,0,unassigned,9.0,9.0,0.0,1.0,0.0,0.0,0.013539651,0.0,0,0,1,1,1
21923,-1,0,-0.42339748,0.39570406,0,1,unassigned,6.0,6.0,0.0,1.0,0.0,0.0,0.007736944,0.0,0,0,0,0,0
21924,1,0,10.190743,0.99996245,1,0,unassigned,20.0,19.0,1.0,0.95,0.05,0.050000012,0.034816246,0.0017408123,0,0,1,1,1
21925,0,0,0.50841814,0.6244356,1,1,unassigned,20.0,19.0,1.0,0.95,0.05,0.050000012,0.034816246,0.0017408123,0,0,0,1,0
21926,-1,1,1.3915658,0.8008421,1,1,unassigned,16.0,16.0,0.0,1.0,0.0,0.0,0.027079303,0.0,1,0,0,1,0
21927,-1,0,1.4891765,0.8159547,1,1,unassigned,3.0,3.0,0.0,1.0,0.0,0.0,0.001934236,0.0,0,0,0,1,0
21928,1,0,0.8734544,0.705464,1,0,test,4.0,4.0,0.0,1.0,0.0,0.0,0.003868472,0.0,0,0,1,1,0
21929,-1,0,-0.15261072,0.4619212,0,1,unassigned,2.0,2.0,0.0,1.0,0.0,0.0,0.0,0.0,0,0,0,0,0
21930,0,0,0.20105416,0.5500949,1,1,test,2.0,2.0,0.0,1.0,0.0,0.0,0.0,0.0,0,0,0,1,0
21931,-1,0,0.43833762,0.60786283,1,1,unassigned,7.0,7.0,0.0,1.0,0.0,0.0,0.00967118,0.0,0,0,0,1,0
21932,1,0,-0.9431678,0.28026092,0,1,val,10.0,10.0,0.0,1.0,0.0,0.0,0.015473888,0.0,0,0,0,0,0
21933,-1,0,-0.62022907,0.34972933,0,1,unassigned,16.0,16.0,0.0,1.0,0.0,0.0,0.027079303,0.0,0,0,0,0,0
21934,-1,0,0.65592366,0.6583441,1,1,unassigned,21.0,21.0,0.0,1.0,0.0,0.0,0.036750484,0.0,0,0,0,1,0
21935,-1,0,2.2284598,0.9027763,1,1,unassigned,12.0,12.0,0.0,1.0,0.0,0.0,0.01934236,0.0,0,0,0,1,1
21936,-1,0,4.3988595,0.98785794,1,1,unassigned,21.0,18.0,3.0,0.85714287,0.14285715,0.14285713,0.036750484,0.0052500693,0,0,0,1,1
21937,-1,1,0.49806875,0.62200534,1,1,unassigned,26.0,23.0,3.0,0.88461536,0.115384616,0.11538464,0.046421662,0.005356346,1,0,0,1,0
21938,-1,0,-0.17499602,0.4563623,0,1,unassigned,6.0,6.0,0.0,1.0,0.0,0.0,0.007736944,0.0,0,0,0,0,0
21939,-1,1,1.2496266,0.7772352,1,1,unassigned,9.0,7.0,2.0,0.7777778,0.22222222,0.22222221,0.013539651,0.0030088115,1,0,0,1,0
21940,-1,0,0.7349971,0.6759009,1,1,unassigned,42.0,41.0,1.0,0.97619045,0.023809524,0.023809552,0.07736944,0.0018421295,0,0,0,1,0
21941,-1,0,-0.6168033,0.35050887,0,1,unassigned,20.0,20.0,0.0,1.0,0.0,0.0,0.034816246,0.0,0,0,0,0,0
21942,-1,0,-0.3803043,0.40605348,0,1,unassigned,33.0,33.0,0.0,1.0,0.0,0.0,0.059961315,0.0,0,0,0,0,0
21943,-1,0,-0.25523138,0.43653628,0,1,unassigned,19.0,19.0,0.0,1.0,0.0,0.0,0.032882012,0.0,0,0,0,0,0
21944,-1,0,9.279907,0.9999068,1,1,unassigned,2.0,2.0,0.0,1.0,0.0,0.0,0.0,0.0,0,0,0,1,1
21945,-1,0,0.8296998,0.69629145,1,1,unassigned,66.0,66.0,0.0,1.0,0.0,0.0,0.123791106,0.0,0,0,0,1,0
21946,-1,0,-0.25370157,0.43691263,0,1,unassigned,6.0,6.0,0.0,1.0,0.0,0.0,0.007736944,0.0,0,0,0,0,0
21947,-1,0,0.54146487,0.6321531,1,1,unassigned,24.0,24.0,0.0,1.0,0.0,0.0,0.04255319,0.0,0,0,0,1,0
21948,-1,0,1.0503404,0.7408403,1,1,unassigned,12.0,11.0,1.0,0.9166667,0.083333336,0.08333331,0.01934236,0.0016118633,0,0,0,1,0
21949,-1,0,4.146276,0.9844232,1,1,unassigned,23.0,23.0,0.0,1.0,0.0,0.0,0.040618956,0.0,0,0,0,1,1
21950,-1,1,2.3270543,0.911093,1,1,unassigned,21.0,20.0,1.0,0.95238096,0.04761905,0.047619045,0.036750484,0.0017500231,1,0,0,1,1
21951,-1,0,2.2130568,0.9014159,1,1,unassigned,10.0,8.0,2.0,0.8,0.2,0.19999999,0.015473888,0.0030947777,0,0,0,1,1
21952,-1,0,0.21288168,0.55302036,1,1,unassigned,36.0,36.0,0.0,1.0,0.0,0.0,0.065764025,0.0,0,0,0,1,0
21953,-1,1,3.0276134,0.95380616,1,1,unassigned,5.0,5.0,0.0,1.0,0.0,0.0,0.0058027077,0.0,1,0,0,1,1
21954,-1,0,4.728297,0.991236,1,1,unassigned,2.0,2.0,0.0,1.0,0.0,0.0,0.0,0.0,0,0,0,1,1
21955,-1,0,-0.26881796,0.43319732,0,1,unassigned,30.0,30.0,0.0,1.0,0.0,0.0,0.054158606,0.0,0,0,0,0,0
21956,0,1,-0.9601438,0.27684942,0,0,val,2.0,1.0,1.0,0.5,0.5,0.5,0.0,0.0,1,0,1,0,0
21957,0,0,-0.2733105,0.43209457,0,0,test,7.0,7.0,0.0,1.0,0.0,0.0,0.00967118,0.0,0,0,1,0,0
21958,-1,1,1.707638,0.84652966,1,1,unassigned,10.0,9.0,1.0,0.9,0.1,0.100000024,0.015473888,0.0015473888,1,0,0,1,0
21959,1,1,4.143263,0.984377,1,0,test,10.0,10.0,0.0,1.0,0.0,0.0,0.015473888,0.0,1,0,1,1,1
21960,-1,0,2.9281332,0.94921976,1,1,unassigned,2.0,2.0,0.0,1.0,0.0,0.0,0.0,0.0,0,0,0,1,1
21961,-1,0,4.7899537,0.9917557,1,1,unassigned,3.0,3.0,0.0,1.0,0.0,0.0,0.001934236,0.0,0,0,0,1,1
21962,-1,0,5.690656,0.99663407,1,1,unassigned,2.0,2.0,0.0,1.0,0.0,0.0,0.0,0.0,0,0,0,1,1
21963,0,0,0.09055394,0.522623,1,1,test,2.0,1.0,1.0,0.5,0.5,0.5,0.0,0.0,0,0,0,1,0
21964,-1,0,0.659092,0.65905637,1,1,unassigned,7.0,7.0,0.0,1.0,0.0,0.0,0.00967118,0.0,0,0,0,1,0
21965,1,0,2.8992274,0.9478082,1,0,test,5.0,4.0,1.0,0.8,0.2,0.19999999,0.0058027077,0.0011605415,0,0,1,1,1
21966,-1,0,0.038432658,0.50960696,1,1,unassigned,25.0,23.0,2.0,0.92,0.08,0.07999998,0.044487428,0.003558994,0,0,0,1,0
21967,-1,0,-0.41938686,0.39666346,0,1,unassigned,163.0,158.0,5.0,0.9693251,0.030674847,0.030674875,0.311412,0.009552516,0,0,0,0,0
21968,-1,0,-0.39976245,0.40136942,0,1,unassigned,10.0,9.0,1.0,0.9,0.1,0.100000024,0.015473888,0.0015473888,0,0,0,0,0
21969,-1,1,2.3963058,0.91654515,1,1,unassigned,8.0,1.0,7.0,0.125,0.875,0.875,0.0116054155,0.010154739,1,1,0,1,1
21970,-1,0,2.433728,0.9193634,1,1,unassigned,2.0,2.0,0.0,1.0,0.0,0.0,0.0,0.0,0,0,0,1,1
21971,1,0,-0.6935829,0.33323652,0,1,test,3.0,3.0,0.0,1.0,0.0,0.0,0.001934236,0.0,0,0,0,0,0
21972,-1,0,2.7611845,0.9405419,1,1,unassigned,7.0,7.0,0.0,1.0,0.0,0.0,0.00967118,0.0,0,0,0,1,1
21973,1,0,3.6550705,0.9747922,1,0,val,2.0,2.0,0.0,1.0,0.0,0.0,0.0,0.0,0,0,1,1,1
21974,-1,0,0.763423,0.6820965,1,1,unassigned,4.0,4.0,0.0,1.0,0.0,0.0,0.003868472,0.0,0,0,0,1,0
21975,-1,0,1.020472,0.73506457,1,1,unassigned,15.0,15.0,0.0,1.0,0.0,0.0,0.025145067,0.0,0,0,0,1,0
21976,-1,0,-0.30831316,0.42352653,0,1,unassigned,24.0,24.0,0.0,1.0,0.0,0.0,0.04255319,0.0,0,0,0,0,0
21977,-1,0,1.1231699,0.7545762,1,1,unassigned,17.0,17.0,0.0,1.0,0.0,0.0,0.029013539,0.0,0,0,0,1,0
21978,0,0,-0.5168298,0.37359384,0,0,unassigned,3.0,3.0,0.0,1.0,0.0,0.0,0.001934236,0.0,0,0,1,0,0
21979,-1,0,-0.66194963,0.34030178,0,1,unassigned,33.0,31.0,2.0,0.93939394,0.060606062,0.060606062,0.059961315,0.0036340193,0,0,0,0,0
21980,1,1,2.2609746,0.905593,1,0,val,17.0,17.0,0.0,1.0,0.0,0.0,0.029013539,0.0,1,0,1,1,1
21981,-1,1,1.1584966,0.76105946,1,1,unassigned,8.0,6.0,2.0,0.75,0.25,0.25,0.0116054155,0.0029013539,1,0,0,1,0
21982,0,0,-0.3610171,0.41071334,0,0,val,10.0,9.0,1.0,0.9,0.1,0.100000024,0.015473888,0.0015473888,0,0,1,0,0
21983,-1,0,-0.90833056,0.28734156,0,1,unassigned,64.0,64.0,0.0,1.0,0.0,0.0,0.11992263,0.0,0,0,0,0,0
21984,-1,0,-0.311221,0.42281675,0,1,unassigned,17.0,17.0,0.0,1.0,0.0,0.0,0.029013539,0.0,0,0,0,0,0
21985,0,1,-0.24477923,0.43910888,0,0,val,43.0,39.0,4.0,0.90697676,0.093023255,0.09302324,0.079303674,0.0073770857,1,0,1,0,0
21986,-1,0,-0.50063246,0.37739205,0,1,unassigned,7.0,7.0,0.0,1.0,0.0,0.0,0.00967118,0.0,0,0,0,0,0
21987,-1,0,-0.29714084,0.42625657,0,1,unassigned,22.0,22.0,0.0,1.0,0.0,0.0,0.03868472,0.0,0,0,0,0,0
21988,-1,0,0.13745522,0.5343098,1,1,unassigned,2.0,2.0,0.0,1.0,0.0,0.0,0.0,0.0,0,0,0,1,0
21989,-1,0,-0.622915,0.3491188,0,1,unassigned,5.0,5.0,0.0,1.0,0.0,0.0,0.0058027077,0.0,0,0,0,0,0
21990,-1,0,-0.26464438,0.43422237,0,1,unassigned,10.0,10.0,0.0,1.0,0.0,0.0,0.015473888,0.0,0,0,0,0,0
21991,-1,0,7.9183297,0.99963605,1,1,unassigned,2.0,2.0,0.0,1.0,0.0,0.0,0.0,0.0,0,0,0,1,1
21992,-1,1,3.2777297,0.96365684,1,1,unassigned,11.0,11.0,0.0,1.0,0.0,0.0,0.017408123,0.0,1,0,0,1,1
21993,-1,0,2.780992,0.94163996,1,1,unassigned,4.0,4.0,0.0,1.0,0.0,0.0,0.003868472,0.0,0,0,0,1,1
21994,-1,1,3.7054803,0.97600174,1,1,unassigned,7.0,6.0,1.0,0.85714287,0.14285715,0.14285713,0.00967118,0.0013815971,1,0,0,1,1
21995,-1,1,8.592684,0.99981457,1,1,unassigned,6.0,5.0,1.0,0.8333333,0.16666667,0.16666669,0.007736944,0.0012894907,1,0,0,1,1
21996,-1,1,1.6703703,0.8416252,1,1,unassigned,4.0,4.0,0.0,1.0,0.0,0.0,0.003868472,0.0,1,0,0,1,0
21997,-1,0,0.11601859,0.52897215,1,1,unassigned,7.0,7.0,0.0,1.0,0.0,0.0,0.00967118,0.0,0,0,0,1,0
21998,-1,1,3.7322142,0.97661996,1,1,unassigned,7.0,7.0,0.0,1.0,0.0,0.0,0.00967118,0.0,1,0,0,1,1
21999,-1,0,-0.23741299,0.44092393,0,1,unassigned,82.0,82.0,0.0,1.0,0.0,0.0,0.15473887,0.0,0,0,0,0,0
22000,-1,0,-0.39838663,0.4017,0,1,unassigned,36.0,35.0,1.0,0.9722222,0.027777778,0.027777791,0.065764025,0.0018267785,0,0,0,0,0
22001,-1,1,1.1132901,0.752742,1,1,unassigned,4.0,3.0,1.0,0.75,0.25,0.25,0.003868472,0.000967118,1,0,0,1,0
22002,-1,0,0.2995562,0.574334,1,1,unassigned,7.0,7.0,0.0,1.0,0.0,0.0,0.00967118,0.0,0,0,0,1,0
22003,-1,0,-0.6307595,0.34733835,0,1,unassigned,10.0,10.0,0.0,1.0,0.0,0.0,0.015473888,0.0,0,0,0,0,0
22004,-1,0,-0.8454974,0.30037823,0,1,unassigned,2.0,2.0,0.0,1.0,0.0,0.0,0.0,0.0,0,0,0,0,0
22005,-1,0,-0.412388,0.39833966,0,1,unassigned,43.0,42.0,1.0,0.9767442,0.023255814,0.023255825,0.079303674,0.0018442714,0,0,0,0,0
22006,-1,0,-0.048929214,0.4877701,0,1,unassigned,29.0,1.0,28.0,0.03448276,0.9655172,0.9655172,0.05222437,0.05042353,0,0,0,0,0
22007,1,0,0.22920209,0.55705094,1,0,unassigned,39.0,39.0,0.0,1.0,0.0,0.0,0.07156673,0.0,0,0,1,1,0
22008,-1,0,10.21563,0.9999634,1,1,unassigned,3.0,1.0,2.0,0.33333334,0.6666667,0.6666666,0.001934236,0.0012894907,0,0,0,1,1
22009,-1,0,3.4999497,0.9706863,1,1,unassigned,3.0,2.0,1.0,0.6666667,0.33333334,0.3333333,0.001934236,0.00064474536,0,0,0,1,1
22010,-1,1,-1.389913,0.19942166,0,1,unassigned,2.0,2.0,0.0,1.0,0.0,0.0,0.0,0.0,1,0,0,0,0
22011,-1,0,6.2055473,0.99798584,1,1,unassigned,3.0,3.0,0.0,1.0,0.0,0.0,0.001934236,0.0,0,0,0,1,1
22012,-1,0,1.3798108,0.7989606,1,1,unassigned,3.0,3.0,0.0,1.0,0.0,0.0,0.001934236,0.0,0,0,0,1,0
22013,-1,1,-0.398249,0.4017331,0,1,unassigned,8.0,7.0,1.0,0.875,0.125,0.125,0.0116054155,0.0014506769,1,0,0,0,0
22014,-1,1,0.77840453,0.6853362,1,1,unassigned,16.0,14.0,2.0,0.875,0.125,0.125,0.027079303,0.0033849129,1,0,0,1,0
22015,-1,1,-0.46472785,0.38586485,0,1,unassigned,44.0,28.0,16.0,0.6363636,0.36363637,0.36363637,0.08123791,0.02954106,1,0,0,0,0
22016,-1,0,0.21395427,0.5532854,1,1,unassigned,39.0,38.0,1.0,0.974359,0.025641026,0.025641024,0.07156673,0.0018350444,0,0,0,1,0
22017,1,0,0.94172865,0.71944875,1,0,unassigned,53.0,51.0,2.0,0.9622642,0.03773585,0.03773582,0.09864604,0.0037224921,0,0,1,1,0
22018,-1,0,2.6446183,0.93367845,1,1,unassigned,46.0,45.0,1.0,0.9782609,0.02173913,0.021739125,0.08510638,0.0018501388,0,0,0,1,1
22019,-1,0,0.85677224,0.70198584,1,1,unassigned,16.0,16.0,0.0,1.0,0.0,0.0,0.027079303,0.0,0,0,0,1,0
22020,-1,0,0.024208426,0.50605184,1,1,unassigned,31.0,30.0,1.0,0.9677419,0.032258064,0.032258093,0.056092843,0.0018094465,0,0,0,1,0
22021,-1,1,6.19004,0.99795437,1,1,unassigned,5.0,3.0,2.0,0.6,0.4,0.39999998,0.0058027077,0.002321083,1,0,0,1,1
22022,-1,0,-0.90227073,0.28858408,0,1,unassigned,17.0,17.0,0.0,1.0,0.0,0.0,0.029013539,0.0,0,0,0,0,0
22023,-1,0,-0.42404372,0.39554954,0,1,unassigned,22.0,22.0,0.0,1.0,0.0,0.0,0.03868472,0.0,0,0,0,0,0
22024,-1,0,0.702866,0.6688229,1,1,unassigned,3.0,3.0,0.0,1.0,0.0,0.0,0.001934236,0.0,0,0,0,1,0
22025,-1,0,-0.79936874,0.31016058,0,1,unassigned,3.0,3.0,0.0,1.0,0.0,0.0,0.001934236,0.0,0,0,0,0,0
22026,-1,1,0.61826724,0.6498244,1,1,unassigned,6.0,6.0,0.0,1.0,0.0,0.0,0.007736944,0.0,1,0,0,1,0
22027,0,1,-0.12628347,0.46847102,0,0,test,16.0,16.0,0.0,1.0,0.0,0.0,0.027079303,0.0,1,0,1,0,0
22028,-1,1,1.4635036,0.8120679,1,1,unassigned,9.0,9.0,0.0,1.0,0.0,0.0,0.013539651,0.0,1,0,0,1,0
22029,0,0,-0.86858517,0.2955488,0,0,unassigned,21.0,4.0,17.0,0.1904762,0.8095238,0.8095238,0.036750484,0.029750392,0,0,1,0,0
22030,-1,0,-0.43459606,0.39302936,0,1,unassigned,36.0,36.0,0.0,1.0,0.0,0.0,0.065764025,0.0,0,0,0,0,0
22031,-1,0,3.6435158,0.9745067,1,1,unassigned,31.0,28.0,3.0,0.9032258,0.09677419,0.09677422,0.056092843,0.0054283394,0,0,0,1,1
22032,-1,1,2.1276224,0.89355916,1,1,unassigned,21.0,13.0,8.0,0.61904764,0.3809524,0.38095236,0.036750484,0.014000185,1,0,0,1,0
22033,-1,0,-0.06144494,0.48464355,0,1,unassigned,19.0,12.0,7.0,0.6315789,0.36842105,0.36842108,0.032882012,0.012114425,0,0,0,0,0
22034,-1,0,0.31330168,0.57769096,1,1,unassigned,2.0,2.0,0.0,1.0,0.0,0.0,0.0,0.0,0,0,0,1,0
22035,-1,0,-0.44974646,0.38942108,0,1,unassigned,30.0,30.0,0.0,1.0,0.0,0.0,0.054158606,0.0,0,0,0,0,0
22036,1,1,5.807442,0.99700385,1,0,val,45.0,37.0,8.0,0.82222223,0.17777778,0.17777777,0.08317215,0.014786161,1,0,1,1,1
22037,-1,0,-0.29961333,0.425652,0,1,unassigned,161.0,159.0,2.0,0.9875776,0.0124223605,0.012422383,0.30754352,0.0038204165,0,0,0,0,0
22038,-1,0,-0.13517818,0.46625686,0,1,unassigned,11.0,11.0,0.0,1.0,0.0,0.0,0.017408123,0.0,0,0,0,0,0
22039,-1,0,0.14910501,0.5372073,1,1,unassigned,81.0,80.0,1.0,0.9876543,0.012345679,0.012345672,0.15280464,0.0018864771,0,0,0,1,0
22040,-1,0,-0.36877984,0.40883592,0,1,unassigned,56.0,55.0,1.0,0.98214287,0.017857144,0.017857134,0.10444874,0.0018651562,0,0,0,0,0
22041,-1,0,2.822492,0.94387925,1,1,unassigned,9.0,7.0,2.0,0.7777778,0.22222222,0.22222221,0.013539651,0.0030088115,0,0,0,1,1
22042,-1,0,2.0817106,0.88911283,1,1,unassigned,2.0,2.0,0.0,1.0,0.0,0.0,0.0,0.0,0,0,0,1,0
22043,-1,0,-0.2531449,0.43704963,0,1,unassigned,6.0,5.0,1.0,0.8333333,0.16666667,0.16666669,0.007736944,0.0012894907,0,0,0,0,0
22044,-1,0,-0.37707442,0.4068327,0,1,unassigned,2.0,1.0,1.0,0.5,0.5,0.5,0.0,0.0,0,0,0,0,0
22045,1,0,-0.3866331,0.40452808,0,1,unassigned,8.0,8.0,0.0,1.0,0.0,0.0,0.0116054155,0.0,0,0,0,0,0
22046,1,0,2.1031678,0.8912107,1,0,val,3.0,3.0,0.0,1.0,0.0,0.0,0.001934236,0.0,0,0,1,1,0
22047,-1,0,-0.48013067,0.38222125,0,1,unassigned,17.0,17.0,0.0,1.0,0.0,0.0,0.029013539,0.0,0,0,0,0,0
22048,0,0,-0.5964665,0.35515252,0,0,unassigned,53.0,53.0,0.0,1.0,0.0,0.0,0.09864604,0.0,0,0,1,0,0
22049,-1,0,-0.44542986,0.3904479,0,1,unassigned,3.0,3.0,0.0,1.0,0.0,0.0,0.001934236,0.0,0,0,0,0,0
22050,-1,0,-0.53704137,0.3688761,0,1,unassigned,3.0,3.0,0.0,1.0,0.0,0.0,0.001934236,0.0,0,0,0,0,0
22051,-1,0,0.13887924,0.5346641,1,1,unassigned,3.0,3.0,0.0,1.0,0.0,0.0,0.001934236,0.0,0,0,0,1,0
22052,-1,0,6.882551,0.9989755,1,1,unassigned,10.0,9.0,1.0,0.9,0.1,0.100000024,0.015473888,0.0015473888,0,0,0,1,1
22053,-1,1,0.53578824,0.63083214,1,1,unassigned,32.0,31.0,1.0,0.96875,0.03125,0.03125,0.058027077,0.0018133462,1,0,0,1,0
22054,-1,0,0.41337353,0.6018965,1,1,unassigned,4.0,4.0,0.0,1.0,0.0,0.0,0.003868472,0.0,0,0,0,1,0
22055,-1,0,-0.7526241,0.32024977,0,1,unassigned,2.0,2.0,0.0,1.0,0.0,0.0,0.0,0.0,0,0,0,0,0
22056,-1,0,2.860777,0.9458731,1,1,unassigned,9.0,9.0,0.0,1.0,0.0,0.0,0.013539651,0.0,0,0,0,1,1
22057,0,0,0.15249461,0.53804994,1,1,val,28.0,27.0,1.0,0.96428573,0.035714287,0.03571427,0.050290134,0.0017960763,0,0,0,1,0
22058,-1,0,-0.55849516,0.36389568,0,1,unassigned,17.0,17.0,0.0,1.0,0.0,0.0,0.029013539,0.0,0,0,0,0,0
22059,0,0,0.57666296,0.64029914,1,1,val,100.0,88.0,12.0,0.88,0.12,0.120000005,0.18955512,0.022746615,0,0,0,1,0
22060,-1,0,-0.5706808,0.36107975,0,1,unassigned,45.0,43.0,2.0,0.95555556,0.044444446,0.04444444,0.08317215,0.0036965401,0,0,0,0,0
22061,0,0,-0.094353944,0.47642905,0,0,unassigned,60.0,59.0,1.0,0.98333335,0.016666668,0.01666665,0.11218569,0.0018697615,0,0,1,0,0
22062,0,0,-0.5604789,0.36343667,0,0,test,41.0,41.0,0.0,1.0,0.0,0.0,0.07543521,0.0,0,0,1,0,0
22063,-1,0,-0.22742003,0.4433888,0,1,unassigned,126.0,121.0,5.0,0.96031743,0.03968254,0.039682567,0.23984526,0.00951767,0,0,0,0,0
22064,-1,1,-0.88856417,0.2914062,0,1,unassigned,34.0,34.0,0.0,1.0,0.0,0.0,0.061895553,0.0,1,0,0,0,0
22065,-1,0,-0.35984385,0.41099736,0,1,unassigned,91.0,89.0,2.0,0.978022,0.021978023,0.02197802,0.172147,0.0037834507,0,0,0,0,0
22066,-1,0,-0.47058964,0.3844767,0,1,unassigned,11.0,11.0,0.0,1.0,0.0,0.0,0.017408123,0.0,0,0,0,0,0
22067,-1,0,-0.36474156,0.40981227,0,1,unassigned,47.0,45.0,2.0,0.9574468,0.04255319,0.042553186,0.08704062,0.003703856,0,0,0,0,0
22068,-1,0,-0.4602167,0.3869344,0,1,unassigned,7.0,6.0,1.0,0.85714287,0.14285715,0.14285713,0.00967118,0.0013815971,0,0,0,0,0
22069,-1,0,-0.36978543,0.40859288,0,1,unassigned,7.0,7.0,0.0,1.0,0.0,0.0,0.00967118,0.0,0,0,0,0,0
22070,-1,0,-0.7808678,0.31413287,0,1,unassigned,7.0,7.0,0.0,1.0,0.0,0.0,0.00967118,0.0,0,0,0,0,0
22071,-1,0,-0.29869437,0.42587665,0,1,unassigned,45.0,44.0,1.0,0.9777778,0.022222223,0.02222222,0.08317215,0.0018482701,0,0,0,0,0
22072,-1,1,2.623704,0.9323716,1,1,unassigned,6.0,6.0,0.0,1.0,0.0,0.0,0.007736944,0.0,1,0,0,1,1
22073,-1,1,3.702276,0.9759266,1,1,unassigned,4.0,4.0,0.0,1.0,0.0,0.0,0.003868472,0.0,1,0,0,1,1
22074,-1,1,-0.8450875,0.30046436,0,1,unassigned,2.0,2.0,0.0,1.0,0.0,0.0,0.0,0.0,1,0,0,0,0
22075,-1,0,-0.30648988,0.42397174,0,1,unassigned,2.0,2.0,0.0,1.0,0.0,0.0,0.0,0.0,0,0,0,0,0
22076,-1,0,-0.33595562,0.41679224,0,1,unassigned,4.0,4.0,0.0,1.0,0.0,0.0,0.003868472,0.0,0,0,0,0,0
22077,-1,0,3.9364254,0.98085576,1,1,unassigned,6.0,6.0,0.0,1.0,0.0,0.0,0.007736944,0.0,0,0,0,1,1
22078,-1,1,6.1429944,0.9978561,1,1,unassigned,2.0,2.0,0.0,1.0,0.0,0.0,0.0,0.0,1,0,0,1,1
22079,-1,0,0.06889176,0.5172161,1,1,unassigned,2.0,1.0,1.0,0.5,0.5,0.5,0.0,0.0,0,0,0,1,0
22080,-1,0,-0.569823,0.36127767,0,1,unassigned,13.0,13.0,0.0,1.0,0.0,0.0,0.021276595,0.0,0,0,0,0,0
22081,-1,0,3.9963562,0.98194927,1,1,unassigned,11.0,10.0,1.0,0.90909094,0.09090909,0.090909064,0.017408123,0.0015825568,0,0,0,1,1
22082,-1,0,-0.59181356,0.35621884,0,1,unassigned,109.0,107.0,2.0,0.98165137,0.018348623,0.018348634,0.20696326,0.0037974908,0,0,0,0,0
22083,-1,0,-0.5032489,0.37677747,0,1,unassigned,143.0,142.0,1.0,0.993007,0.006993007,0.0069929957,0.27272728,0.0019071838,0,0,0,0,0
22084,-1,0,-0.4983911,0.37791884,0,1,unassigned,49.0,49.0,0.0,1.0,0.0,0.0,0.09090909,0.0,0,0,0,0,0
22085,-1,0,-0.55156064,0.36550242,0,1,unassigned,47.0,44.0,3.0,0.9361702,0.06382979,0.06382978,0.08704062,0.0055557843,0,0,0,0,0
22086,-1,1,4.986344,0.99321574,1,1,unassigned,26.0,26.0,0.0,1.0,0.0,0.0,0.046421662,0.0,1,0,0,1,1
22087,-1,0,0.29602706,0.573471,1,1,unassigned,10.0,10.0,0.0,1.0,0.0,0.0,0.015473888,0.0,0,0,0,1,0
22088,-1,0,-0.69966066,0.33188745,0,1,unassigned,32.0,31.0,1.0,0.96875,0.03125,0.03125,0.058027077,0.0018133462,0,0,0,0,0
22089,1,1,-0.05037856,0.48740804,0,1,val,23.0,23.0,0.0,1.0,0.0,0.0,0.040618956,0.0,1,0,0,0,0
22090,-1,0,-0.6168166,0.35050583,0,1,unassigned,28.0,28.0,0.0,1.0,0.0,0.0,0.050290134,0.0,0,0,0,0,0
22091,-1,1,0.5585659,0.6361206,1,1,unassigned,14.0,12.0,2.0,0.85714287,0.14285715,0.14285713,0.023210831,0.0033158332,1,0,0,1,0
22092,-1,0,0.526979,0.6287783,1,1,unassigned,16.0,16.0,0.0,1.0,0.0,0.0,0.027079303,0.0,0,0,0,1,0
22093,-1,0,-0.34603196,0.41434497,0,1,unassigned,5.0,5.0,0.0,1.0,0.0,0.0,0.0058027077,0.0,0,0,0,0,0
22094,-1,1,-0.021550775,0.4946125,0,1,unassigned,19.0,18.0,1.0,0.94736844,0.05263158,0.052631557,0.032882012,0.0017306323,1,0,0,0,0
22095,1,0,-0.048721313,0.4878221,0,1,test,15.0,15.0,0.0,1.0,0.0,0.0,0.025145067,0.0,0,0,0,0,0
22096,0,0,-0.051603734,0.4871019,0,0,unassigned,6.0,6.0,0.0,1.0,0.0,0.0,0.007736944,0.0,0,0,1,0,0
22097,-1,0,-0.0777995,0.48055992,0,1,unassigned,29.0,29.0,0.0,1.0,0.0,0.0,0.05222437,0.0,0,0,0,0,0
22098,-1,1,-0.4043642,0.40026426,0,1,unassigned,2.0,2.0,0.0,1.0,0.0,0.0,0.0,0.0,1,0,0,0,0
22099,-1,1,6.0446057,0.997635,1,1,unassigned,3.0,3.0,0.0,1.0,0.0,0.0,0.001934236,0.0,1,0,0,1,1
22100,-1,1,2.2348235,0.9033333,1,1,unassigned,18.0,17.0,1.0,0.9444444,0.055555556,0.055555582,0.030947777,0.0017193209,1,0,0,1,1
22101,-1,0,-0.5630449,0.36284325,0,1,unassigned,24.0,24.0,0.0,1.0,0.0,0.0,0.04255319,0.0,0,0,0,0,0
22102,-1,0,0.87365705,0.705506,1,1,unassigned,30.0,28.0,2.0,0.93333334,0.06666667,0.06666666,0.054158606,0.003610574,0,0,0,1,0
22103,-1,1,2.1441565,0.8951214,1,1,unassigned,10.0,8.0,2.0,0.8,0.2,0.19999999,0.015473888,0.0030947777,1,0,0,1,0
22104,-1,0,-0.87666506,0.29386935,0,1,unassigned,26.0,25.0,1.0,0.96153843,0.03846154,0.038461566,0.046421662,0.0017854486,0,0,0,0,0
22105,-1,0,-0.40194118,0.40084606,0,1,unassigned,17.0,15.0,2.0,0.88235295,0.11764706,0.11764705,0.029013539,0.0034133575,0,0,0,0,0
22106,1,0,-0.40833336,0.39931178,0,1,test,6.0,6.0,0.0,1.0,0.0,0.0,0.007736944,0.0,0,0,0,0,0
22107,-1,0,-0.4756999,0.38326803,0,1,unassigned,4.0,4.0,0.0,1.0,0.0,0.0,0.003868472,0.0,0,0,0,0,0
22108,-1,0,-0.8840401,0.29234126,0,1,unassigned,5.0,5.0,0.0,1.0,0.0,0.0,0.0058027077,0.0,0,0,0,0,0
22109,-1,0,-0.35722822,0.4116307,0,1,unassigned,9.0,9.0,0.0,1.0,0.0,0.0,0.013539651,0.0,0,0,0,0,0
22110,-1,0,1.119148,0.7538307,1,1,unassigned,15.0,15.0,0.0,1.0,0.0,0.0,0.025145067,0.0,0,0,0,1,0
22111,-1,0,-0.22209239,0.444704,0,1,unassigned,3.0,3.0,0.0,1.0,0.0,0.0,0.001934236,0.0,0,0,0,0,0
22112,-1,1,-0.7704182,0.31638867,0,1,unassigned,71.0,70.0,1.0,0.9859155,0.014084507,0.014084518,0.13346228,0.0018797504,1,0,0,0,0
22113,-1,0,-0.6518265,0.34257808,0,1,unassigned,78.0,77.0,1.0,0.98717946,0.012820513,0.012820542,0.14700194,0.0018846402,0,0,0,0,0
22114,0,0,-0.5284508,0.37087828,0,0,val,4.0,4.0,0.0,1.0,0.0,0.0,0.003868472,0.0,0,0,1,0,0
22115,-1,0,0.057395875,0.51434505,1,1,unassigned,42.0,39.0,3.0,0.9285714,0.071428575,0.0714286,0.07736944,0.0055263885,0,0,0,1,0
22116,-1,0,-0.61586446,0.3507226,0,1,unassigned,46.0,45.0,1.0,0.9782609,0.02173913,0.021739125,0.08510638,0.0018501388,0,0,0,0,0
22117,-1,0,-0.32425994,0.41963795,0,1,unassigned,26.0,26.0,0.0,1.0,0.0,0.0,0.046421662,0.0,0,0,0,0,0
22118,-1,1,1.2357407,0.77482176,1,1,unassigned,4.0,4.0,0.0,1.0,0.0,0.0,0.003868472,0.0,1,0,0,1,0
22119,-1,0,-0.2356247,0.44136482,0,1,unassigned,22.0,22.0,0.0,1.0,0.0,0.0,0.03868472,0.0,0,0,0,0,0
22120,-1,0,-0.36754608,0.40913412,0,1,unassigned,2.0,2.0,0.0,1.0,0.0,0.0,0.0,0.0,0,0,0,0,0
22121,0,1,-0.20145512,0.4498059,0,0,val,47.0,47.0,0.0,1.0,0.0,0.0,0.08704062,0.0,1,0,1,0,0
22122,-1,1,2.6255581,0.93248844,1,1,unassigned,59.0,55.0,4.0,0.9322034,0.06779661,0.06779659,0.11025145,0.0074746744,1,0,0,1,1
22123,-1,0,0.25767428,0.5640645,1,1,unassigned,18.0,18.0,0.0,1.0,0.0,0.0,0.030947777,0.0,0,0,0,1,0
22124,-1,0,3.8690846,0.97954947,1,1,unassigned,2.0,2.0,0.0,1.0,0.0,0.0,0.0,0.0,0,0,0,1,1
22125,-1,0,9.830151,0.99994624,1,1,unassigned,38.0,32.0,6.0,0.84210527,0.15789473,0.15789473,0.06963249,0.010994604,0,0,0,1,1
22126,-1,0,1.7538745,0.8524409,1,1,unassigned,6.0,3.0,3.0,0.5,0.5,0.5,0.007736944,0.003868472,0,0,0,1,0
22127,-1,1,-0.40273172,0.40065622,0,1,unassigned,25.0,24.0,1.0,0.96,0.04,0.04000002,0.044487428,0.001779497,1,0,0,0,0
22128,-1,1,3.6098979,0.973658,1,1,unassigned,7.0,7.0,0.0,1.0,0.0,0.0,0.00967118,0.0,1,0,0,1,1
22129,1,0,1.914541,0.87152845,1,0,test,3.0,3.0,0.0,1.0,0.0,0.0,0.001934236,0.0,0,0,1,1,0
22130,-1,1,8.977587,0.99987376,1,1,unassigned,8.0,7.0,1.0,0.875,0.125,0.125,0.0116054155,0.0014506769,1,0,0,1,1
22131,-1,0,2.4112475,0.917681,1,1,unassigned,6.0,6.0,0.0,1.0,0.0,0.0,0.007736944,0.0,0,0,0,1,1
22132,-1,0,0.2862745,0.57108384,1,1,unassigned,2.0,2.0,0.0,1.0,0.0,0.0,0.0,0.0,0,0,0,1,0
22133,-1,1,0.015186667,0.5037966,1,1,unassigned,6.0,6.0,0.0,1.0,0.0,0.0,0.007736944,0.0,1,0,0,1,0
22134,-1,1,0.43693072,0.60752743,1,1,unassigned,28.0,27.0,1.0,0.96428573,0.035714287,0.03571427,0.050290134,0.0017960763,1,0,0,1,0
22135,0,0,-0.4669261,0.38534406,0,0,val,5.0,5.0,0.0,1.0,0.0,0.0,0.0058027077,0.0,0,0,1,0,0
22136,0,1,-0.6645839,0.33971065,0,0,test,95.0,90.0,5.0,0.94736844,0.05263158,0.052631557,0.17988394,0.009467576,1,0,1,0,0
22137,-1,0,2.50752,0.92466736,1,1,unassigned,3.0,3.0,0.0,1.0,0.0,0.0,0.001934236,0.0,0,0,0,1,1
22138,-1,0,0.7905565,0.6879508,1,1,unassigned,38.0,36.0,2.0,0.94736844,0.05263158,0.052631557,0.06963249,0.0036648682,0,0,0,1,0
22139,-1,1,-0.26317167,0.43458417,0,1,unassigned,2.0,2.0,0.0,1.0,0.0,0.0,0.0,0.0,1,0,0,0,0
22140,1,1,2.1684313,0.89737856,1,0,test,13.0,13.0,0.0,1.0,0.0,0.0,0.021276595,0.0,1,0,1,1,0
22141,-1,0,1.7936242,0.85737103,1,1,unassigned,9.0,9.0,0.0,1.0,0.0,0.0,0.013539651,0.0,0,0,0,1,0
22142,-1,0,-0.11286008,0.47181487,0,1,unassigned,16.0,16.0,0.0,1.0,0.0,0.0,0.027079303,0.0,0,0,0,0,0
22143,-1,1,-0.00070637465,0.4998234,0,1,unassigned,13.0,13.0,0.0,1.0,0.0,0.0,0.021276595,0.0,1,0,0,0,0
22144,0,1,-0.5007115,0.3773735,0,0,val,22.0,21.0,1.0,0.95454544,0.045454547,0.04545456,0.03868472,0.0017583964,1,0,1,0,0
22145,-1,0,-0.5986711,0.3546478,0,1,unassigned,2.0,1.0,1.0,0.5,0.5,0.5,0.0,0.0,0,0,0,0,0
22146,-1,0,0.035656333,0.50891316,1,1,unassigned,37.0,37.0,0.0,1.0,0.0,0.0,0.06769826,0.0,0,0,0,1,0
22147,-1,0,-0.6169616,0.3504728,0,1,unassigned,40.0,33.0,7.0,0.825,0.175,0.17500001,0.07350097,0.012862669,0,0,0,0,0
22148,-1,1,0.03780979,0.5094513,1,1,unassigned,21.0,20.0,1.0,0.95238096,0.04761905,0.047619045,0.036750484,0.0017500231,1,0,0,1,0
22149,0,0,0.30221695,0.5749844,1,1,test,22.0,1.0,21.0,0.045454547,0.95454544,0.95454544,0.03868472,0.03692632,0,0,0,1,0
22150,-1,0,0.2943905,0.57307065,1,1,unassigned,14.0,14.0,0.0,1.0,0.0,0.0,0.023210831,0.0,0,0,0,1,0
22151,-1,0,5.9072943,0.99728787,1,1,unassigned,25.0,25.0,0.0,1.0,0.0,0.0,0.044487428,0.0,0,0,0,1,1
22152,-1,0,0.17429549,0.54346395,1,1,unassigned,11.0,11.0,0.0,1.0,0.0,0.0,0.017408123,0.0,0,0,0,1,0
22153,-1,0,2.3362648,0.91183627,1,1,unassigned,32.0,31.0,1.0,0.96875,0.03125,0.03125,0.058027077,0.0018133462,0,0,0,1,1
22154,-1,0,-0.9331446,0.28228715,0,1,unassigned,23.0,23.0,0.0,1.0,0.0,0.0,0.040618956,0.0,0,0,0,0,0
22155,-1,0,-0.7602596,0.3185899,0,1,unassigned,30.0,27.0,3.0,0.9,0.1,0.100000024,0.054158606,0.0054158606,0,0,0,0,0
22156,-1,1,2.8267863,0.9441063,1,1,unassigned,18.0,18.0,0.0,1.0,0.0,0.0,0.030947777,0.0,1,0,0,1,1
22157,-1,1,3.049841,0.95477563,1,1,unassigned,11.0,11.0,0.0,1.0,0.0,0.0,0.017408123,0.0,1,0,0,1,1
22158,-1,1,2.2285395,0.9027833,1,1,unassigned,7.0,7.0,0.0,1.0,0.0,0.0,0.00967118,0.0,1,0,0,1,1
22159,-1,0,5.302235,0.99504423,1,1,unassigned,2.0,2.0,0.0,1.0,0.0,0.0,0.0,0.0,0,0,0,1,1
22160,-1,0,-0.72130907,0.32710478,0,1,unassigned,7.0,7.0,0.0,1.0,0.0,0.0,0.00967118,0.0,0,0,0,0,0
22161,1,0,0.95746166,0.7226133,1,0,unassigned,6.0,6.0,0.0,1.0,0.0,0.0,0.007736944,0.0,0,0,1,1,0
22162,1,0,0.09140688,0.52283585,1,0,val,21.0,20.0,1.0,0.95238096,0.04761905,0.047619045,0.036750484,0.0017500231,0,0,1,1,0
22163,-1,0,2.7549164,0.9401904,1,1,unassigned,7.0,7.0,0.0,1.0,0.0,0.0,0.00967118,0.0,0,0,0,1,1
22164,0,1,0.04784715,0.5119595,1,1,unassigned,18.0,16.0,2.0,0.8888889,0.11111111,0.111111104,0.030947777,0.0034386418,1,0,0,1,0
22165,-1,0,0.50431603,0.62347305,1,1,unassigned,75.0,73.0,2.0,0.97333336,0.026666667,0.026666641,0.14119923,0.003765313,0,0,0,1,0
22166,-1,1,-0.55967146,0.3636235,0,1,unassigned,47.0,44.0,3.0,0.9361702,0.06382979,0.06382978,0.08704062,0.0055557843,1,0,0,0,0
22167,-1,1,1.7737048,0.85491776,1,1,unassigned,10.0,10.0,0.0,1.0,0.0,0.0,0.015473888,0.0,1,0,0,1,0
22168,-1,1,4.569979,0.989748,1,1,unassigned,11.0,11.0,0.0,1.0,0.0,0.0,0.017408123,0.0,1,0,0,1,1
22169,-1,0,0.35650593,0.5881944,1,1,unassigned,72.0,71.0,1.0,0.9861111,0.013888889,0.0138888955,0.13539653,0.0018805073,0,0,0,1,0
22170,-1,0,-0.30421093,0.4245284,0,1,unassigned,3.0,3.0,0.0,1.0,0.0,0.0,0.001934236,0.0,0,0,0,0,0
22171,-1,0,1.5245233,0.8212036,1,1,unassigned,2.0,2.0,0.0,1.0,0.0,0.0,0.0,0.0,0,0,0,1,0
22172,-1,0,-0.54202,0.3677178,0,1,unassigned,17.0,17.0,0.0,1.0,0.0,0.0,0.029013539,0.0,0,0,0,0,0
22173,-1,1,1.1493933,0.75940007,1,1,unassigned,11.0,10.0,1.0,0.90909094,0.09090909,0.090909064,0.017408123,0.0015825568,1,0,0,1,0
22174,-1,1,0.35781264,0.5885109,1,1,unassigned,38.0,38.0,0.0,1.0,0.0,0.0,0.06963249,0.0,1,0,0,1,0
22175,-1,1,3.1283274,0.95804626,1,1,unassigned,5.0,4.0,1.0,0.8,0.2,0.19999999,0.0058027077,0.0011605415,1,0,0,1,1
22176,-1,0,2.5921676,0.9303558,1,1,unassigned,3.0,3.0,0.0,1.0,0.0,0.0,0.001934236,0.0,0,0,0,1,1
22177,-1,1,-0.822894,0.30514967,0,1,unassigned,46.0,46.0,0.0,1.0,0.0,0.0,0.08510638,0.0,1,0,0,0,0
22178,1,0,3.6627934,0.97498125,1,0,val,5.0,5.0,0.0,1.0,0.0,0.0,0.0058027077,0.0,0,0,1,1,1
22179,-1,0,-0.26136988,0.43502697,0,1,unassigned,29.0,26.0,3.0,0.8965517,0.10344828,0.10344827,0.05222437,0.005402521,0,0,0,0,0
22180,-1,0,5.3067136,0.9950663,1,1,unassigned,2.0,2.0,0.0,1.0,0.0,0.0,0.0,0.0,0,0,0,1,1
22181,-1,1,-0.70727706,0.3302008,0,1,unassigned,3.0,3.0,0.0,1.0,0.0,0.0,0.001934236,0.0,1,0,0,0,0
22182,-1,0,0.63852006,0.6544189,1,1,unassigned,11.0,11.0,0.0,1.0,0.0,0.0,0.017408123,0.0,0,0,0,1,0
22183,-1,0,1.0907769,0.748528,1,1,unassigned,10.0,10.0,0.0,1.0,0.0,0.0,0.015473888,0.0,0,0,0,1,0
22184,1,0,-0.10692674,0.47329372,0,1,unassigned,29.0,28.0,1.0,0.9655172,0.03448276,0.034482777,0.05222437,0.0018008404,0,0,0,0,0
22185,-1,0,-0.29454964,0.4268904,0,1,unassigned,14.0,13.0,1.0,0.9285714,0.071428575,0.0714286,0.023210831,0.0016579166,0,0,0,0,0
22186,-1,1,-0.15758914,0.46068406,0,1,unassigned,3.0,1.0,2.0,0.33333334,0.6666667,0.6666666,0.001934236,0.0012894907,1,0,0,0,0
22187,-1,1,4.9478307,0.9929512,1,1,unassigned,7.0,6.0,1.0,0.85714287,0.14285715,0.14285713,0.00967118,0.0013815971,1,0,0,1,1
22188,-1,0,-0.5756636,0.359931,0,1,unassigned,13.0,13.0,0.0,1.0,0.0,0.0,0.021276595,0.0,0,0,0,0,0
22189,-1,0,-0.5320406,0.3700411,0,1,unassigned,122.0,120.0,2.0,0.9836066,0.016393442,0.016393423,0.23210831,0.0038050541,0,0,0,0,0
22190,-1,0,0.83105475,0.6965779,1,1,unassigned,3.0,3.0,0.0,1.0,0.0,0.0,0.001934236,0.0,0,0,0,1,0
22191,1,1,8.146323,0.99971026,1,0,unassigned,17.0,10.0,7.0,0.5882353,0.4117647,0.41176468,0.029013539,0.011946752,1,0,1,1,1
22192,-1,1,6.590442,0.9986285,1,1,unassigned,5.0,5.0,0.0,1.0,0.0,0.0,0.0058027077,0.0,1,0,0,1,1
22193,-1,1,1.4850781,0.8153384,1,1,unassigned,4.0,2.0,2.0,0.5,0.5,0.5,0.003868472,0.001934236,1,0,0,1,0
22194,1,0,6.4986224,0.9984968,1,0,unassigned,11.0,9.0,2.0,0.8181818,0.18181819,0.18181819,0.017408123,0.0031651135,0,0,1,1,1
22195,-1,1,0.3359627,0.58320946,1,1,unassigned,9.0,7.0,2.0,0.7777778,0.22222222,0.22222221,0.013539651,0.0030088115,1,0,0,1,0
22196,0,0,-0.39628044,0.40220633,0,0,test,3.0,2.0,1.0,0.6666667,0.33333334,0.3333333,0.001934236,0.00064474536,0,0,1,0,0
22197,-1,0,-0.2983299,0.4259658,0,1,unassigned,4.0,3.0,1.0,0.75,0.25,0.25,0.003868472,0.000967118,0,0,0,0,0
22198,-1,1,11.811899,0.9999926,1,1,unassigned,3.0,3.0,0.0,1.0,0.0,0.0,0.001934236,0.0,1,0,0,1,1
22199,-1,0,1.7997768,0.85812175,1,1,unassigned,2.0,2.0,0.0,1.0,0.0,0.0,0.0,0.0,0,0,0,1,0
22200,-1,0,-0.62676543,0.3482443,0,1,unassigned,22.0,22.0,0.0,1.0,0.0,0.0,0.03868472,0.0,0,0,0,0,0
22201,-1,0,-0.79657096,0.3107595,0,1,unassigned,46.0,46.0,0.0,1.0,0.0,0.0,0.08510638,0.0,0,0,0,0,0
22202,-1,0,-0.9080143,0.28740633,0,1,unassigned,30.0,30.0,0.0,1.0,0.0,0.0,0.054158606,0.0,0,0,0,0,0
22203,-1,0,-0.55640256,0.36438024,0,1,unassigned,24.0,24.0,0.0,1.0,0.0,0.0,0.04255319,0.0,0,0,0,0,0
22204,-1,0,-0.44958255,0.38946006,0,1,unassigned,26.0,26.0,0.0,1.0,0.0,0.0,0.046421662,0.0,0,0,0,0,0
22205,-1,0,-0.11332151,0.4716999,0,1,unassigned,12.0,12.0,0.0,1.0,0.0,0.0,0.01934236,0.0,0,0,0,0,0
22206,-1,1,1.342246,0.792859,1,1,unassigned,7.0,7.0,0.0,1.0,0.0,0.0,0.00967118,0.0,1,0,0,1,0
22207,-1,1,2.7370186,0.93917596,1,1,unassigned,9.0,9.0,0.0,1.0,0.0,0.0,0.013539651,0.0,1,0,0,1,1
22208,1,1,3.586437,0.9730496,1,0,test,3.0,3.0,0.0,1.0,0.0,0.0,0.001934236,0.0,1,0,1,1,1
22209,0,0,0.3878873,0.59577405,1,1,unassigned,32.0,31.0,1.0,0.96875,0.03125,0.03125,0.058027077,0.0018133462,0,0,0,1,0
22210,-1,0,3.7190554,0.97631764,1,1,unassigned,4.0,4.0,0.0,1.0,0.0,0.0,0.003868472,0.0,0,0,0,1,1
22211,0,0,-0.70568836,0.33055228,0,0,val,4.0,4.0,0.0,1.0,0.0,0.0,0.003868472,0.0,0,0,1,0,0
22212,-1,0,-0.22886112,0.44303316,0,1,unassigned,9.0,9.0,0.0,1.0,0.0,0.0,0.013539651,0.0,0,0,0,0,0
22213,-1,0,-0.12912497,0.46776357,0,1,unassigned,5.0,5.0,0.0,1.0,0.0,0.0,0.0058027077,0.0,0,0,0,0,0
22214,-1,0,0.7138893,0.67125994,1,1,unassigned,2.0,2.0,0.0,1.0,0.0,0.0,0.0,0.0,0,0,0,1,0
22215,-1,0,-0.039134085,0.49021775,0,1,unassigned,48.0,48.0,0.0,1.0,0.0,0.0,0.088974856,0.0,0,0,0,0,0
22216,-1,0,-0.1748105,0.45640832,0,1,unassigned,12.0,12.0,0.0,1.0,0.0,0.0,0.01934236,0.0,0,0,0,0,0
22217,1,0,-0.20062357,0.45001167,0,1,train,31.0,31.0,0.0,1.0,0.0,0.0,0.056092843,0.0,0,0,0,0,0
22218,-1,0,-0.38643062,0.40457684,0,1,unassigned,30.0,29.0,1.0,0.96666664,0.033333335,0.03333336,0.054158606,0.001805287,0,0,0,0,0
22219,-1,0,-0.4221794,0.39599532,0,1,unassigned,46.0,45.0,1.0,0.9782609,0.02173913,0.021739125,0.08510638,0.0018501388,0,0,0,0,0
22220,-1,0,-0.58455527,0.35788512,0,1,unassigned,16.0,15.0,1.0,0.9375,0.0625,0.0625,0.027079303,0.0016924564,0,0,0,0,0
22221,0,0,0.62494296,0.6513419,1,1,unassigned,15.0,15.0,0.0,1.0,0.0,0.0,0.025145067,0.0,0,0,0,1,0
22222,-1,1,-0.9512726,0.27862898,0,1,unassigned,15.0,14.0,1.0,0.93333334,0.06666667,0.06666666,0.025145067,0.0016763379,1,0,0,0,0
22223,1,0,-0.62188447,0.349353,0,1,test,10.0,10.0,0.0,1.0,0.0,0.0,0.015473888,0.0,0,0,0,0,0
22224,-1,1,4.8422484,0.9921725,1,1,unassigned,5.0,3.0,2.0,0.6,0.4,0.39999998,0.0058027077,0.002321083,1,0,0,1,1
22225,1,0,0.2116707,0.55272096,1,0,test,23.0,22.0,1.0,0.95652175,0.04347826,0.04347825,0.040618956,0.0017660416,0,0,1,1,0
22226,0,0,-0.5855319,0.35766068,0,0,val,52.0,50.0,2.0,0.96153843,0.03846154,0.038461566,0.0967118,0.0037196847,0,0,1,0,0
22227,1,0,-0.6106067,0.3519208,0,1,test,11.0,11.0,0.0,1.0,0.0,0.0,0.017408123,0.0,0,0,0,0,0
22228,-1,0,0.9261623,0.716296,1,1,unassigned,3.0,3.0,0.0,1.0,0.0,0.0,0.001934236,0.0,0,0,0,1,0
22229,0,0,-0.39714766,0.40199783,0,0,val,12.0,12.0,0.0,1.0,0.0,0.0,0.01934236,0.0,0,0,1,0,0
22230,-1,1,0.99314195,0.7297081,1,1,unassigned,2.0,2.0,0.0,1.0,0.0,0.0,0.0,0.0,1,0,0,1,0
22231,-1,0,-0.82151794,0.30544153,0,1,unassigned,35.0,34.0,1.0,0.9714286,0.028571429,0.028571427,0.06382979,0.0018237082,0,0,0,0,0
22232,-1,0,-0.5567085,0.36430937,0,1,unassigned,28.0,27.0,1.0,0.96428573,0.035714287,0.03571427,0.050290134,0.0017960763,0,0,0,0,0
22233,-1,0,0.010097027,0.50252426,1,1,unassigned,13.0,13.0,0.0,1.0,0.0,0.0,0.021276595,0.0,0,0,0,1,0
22234,-1,0,-0.5566354,0.36432633,0,1,unassigned,37.0,37.0,0.0,1.0,0.0,0.0,0.06769826,0.0,0,0,0,0,0
22235,0,0,-0.5688195,0.36150923,0,0,test,5.0,5.0,0.0,1.0,0.0,0.0,0.0058027077,0.0,0,0,1,0,0
22236,-1,0,3.7709782,0.9774889,1,1,unassigned,8.0,6.0,2.0,0.75,0.25,0.25,0.0116054155,0.0029013539,0,0,0,1,1
22237,-1,0,-0.76242447,0.31812012,0,1,unassigned,43.0,43.0,0.0,1.0,0.0,0.0,0.079303674,0.0,0,0,0,0,0
22238,-1,1,3.3156025,0.9649603,1,1,unassigned,30.0,30.0,0.0,1.0,0.0,0.0,0.054158606,0.0,1,0,0,1,1
22239,-1,0,-0.79260784,0.311609,0,1,unassigned,113.0,113.0,0.0,1.0,0.0,0.0,0.21470019,0.0,0,0,0,0,0
22240,-1,1,2.7545984,0.94017255,1,1,unassigned,2.0,2.0,0.0,1.0,0.0,0.0,0.0,0.0,1,0,0,1,1
22241,-1,0,10.257263,0.99996495,1,1,unassigned,9.0,9.0,0.0,1.0,0.0,0.0,0.013539651,0.0,0,0,0,1,1
22242,-1,0,0.27149242,0.5674592,1,1,unassigned,3.0,3.0,0.0,1.0,0.0,0.0,0.001934236,0.0,0,0,0,1,0
22243,-1,0,-0.59442717,0.3556197,0,1,unassigned,110.0,108.0,2.0,0.9818182,0.018181818,0.0181818,0.20889749,0.003798136,0,0,0,0,0
22244,-1,1,-0.45242888,0.38878345,0,1,unassigned,2.0,2.0,0.0,1.0,0.0,0.0,0.0,0.0,1,0,0,0,0
22245,-1,0,2.0142734,0.8822875,1,1,unassigned,4.0,4.0,0.0,1.0,0.0,0.0,0.003868472,0.0,0,0,0,1,0
22246,-1,0,-0.28137964,0.43011558,0,1,unassigned,14.0,13.0,1.0,0.9285714,0.071428575,0.0714286,0.023210831,0.0016579166,0,0,0,0,0
22247,-1,0,-0.61479455,0.35096627,0,1,unassigned,10.0,10.0,0.0,1.0,0.0,0.0,0.015473888,0.0,0,0,0,0,0
22248,-1,0,2.2788408,0.90710944,1,1,unassigned,7.0,7.0,0.0,1.0,0.0,0.0,0.00967118,0.0,0,0,0,1,1
22249,-1,0,4.6144767,0.99018985,1,1,unassigned,6.0,6.0,0.0,1.0,0.0,0.0,0.007736944,0.0,0,0,0,1,1
22250,-1,0,0.03481382,0.5087026,1,1,unassigned,19.0,19.0,0.0,1.0,0.0,0.0,0.032882012,0.0,0,0,0,1,0
22251,-1,0,-0.03836304,0.49041045,0,1,unassigned,7.0,7.0,0.0,1.0,0.0,0.0,0.00967118,0.0,0,0,0,0,0
22252,-1,0,-0.01224345,0.4969392,0,1,unassigned,13.0,13.0,0.0,1.0,0.0,0.0,0.021276595,0.0,0,0,0,0,0
22253,-1,1,3.6502402,0.9746732,1,1,unassigned,57.0,48.0,9.0,0.84210527,0.15789473,0.15789473,0.10638298,0.016797312,1,0,0,1,1
22254,0,0,-0.6513696,0.34268096,0,0,train,32.0,29.0,3.0,0.90625,0.09375,0.09375,0.058027077,0.0054400386,0,0,1,0,0
22255,-1,0,-0.14967597,0.46265072,0,1,unassigned,3.0,3.0,0.0,1.0,0.0,0.0,0.001934236,0.0,0,0,0,0,0
22256,-1,0,-0.7465281,0.32157826,0,1,unassigned,51.0,51.0,0.0,1.0,0.0,0.0,0.09477756,0.0,0,0,0,0,0
22257,1,0,-0.90483785,0.28805733,0,1,val,9.0,9.0,0.0,1.0,0.0,0.0,0.013539651,0.0,0,0,0,0,0
22258,0,0,-0.94572175,0.27974603,0,0,unassigned,49.0,48.0,1.0,0.97959185,0.020408163,0.020408154,0.09090909,0.0018552876,0,0,1,0,0
22259,-1,0,-0.851728,0.2990705,0,1,unassigned,16.0,16.0,0.0,1.0,0.0,0.0,0.027079303,0.0,0,0,0,0,0
22260,-1,1,-0.23100165,0.44250506,0,1,unassigned,15.0,13.0,2.0,0.8666667,0.13333334,0.13333333,0.025145067,0.0033526758,1,0,0,0,0
22261,-1,0,-0.8757766,0.29405373,0,1,unassigned,57.0,51.0,6.0,0.8947368,0.10526316,0.10526317,0.10638298,0.011198209,0,0,0,0,0
22262,-1,0,-0.82081467,0.30559075,0,1,unassigned,86.0,85.0,1.0,0.9883721,0.011627907,0.0116279125,0.16247582,0.0018892537,0,0,0,0,0
22263,-1,0,-0.21167195,0.44727868,0,1,unassigned,24.0,24.0,0.0,1.0,0.0,0.0,0.04255319,0.0,0,0,0,0,0
22264,-1,0,-0.7895669,0.3122617,0,1,unassigned,105.0,103.0,2.0,0.9809524,0.01904762,0.019047618,0.1992263,0.003794787,0,0,0,0,0
22265,-1,0,-0.55069923,0.36570218,0,1,unassigned,40.0,40.0,0.0,1.0,0.0,0.0,0.07350097,0.0,0,0,0,0,0
22266,-1,0,-0.76354545,0.317877,0,1,unassigned,60.0,59.0,1.0,0.98333335,0.016666668,0.01666665,0.11218569,0.0018697615,0,0,0,0,0
22267,-1,0,-0.27298677,0.432174,0,1,unassigned,45.0,45.0,0.0,1.0,0.0,0.0,0.08317215,0.0,0,0,0,0,0
22268,1,1,-0.50716203,0.37585902,0,1,test,19.0,15.0,4.0,0.7894737,0.21052632,0.21052629,0.032882012,0.006922529,1,0,0,0,0
22269,1,0,-0.5231074,0.3721259,0,1,unassigned,44.0,44.0,0.0,1.0,0.0,0.0,0.08123791,0.0,0,0,0,0,0
22270,-1,0,-0.28861225,0.42834362,0,1,unassigned,10.0,10.0,0.0,1.0,0.0,0.0,0.015473888,0.0,0,0,0,0,0
22271,-1,1,-0.68455756,0.3352449,0,1,unassigned,50.0,50.0,0.0,1.0,0.0,0.0,0.092843324,0.0,1,0,0,0,0
22272,-1,0,0.25274408,0.5628518,1,1,unassigned,43.0,43.0,0.0,1.0,0.0,0.0,0.079303674,0.0,0,0,0,1,0
22273,1,0,-0.18190137,0.45464966,0,1,unassigned,52.0,51.0,1.0,0.9807692,0.01923077,0.019230783,0.0967118,0.0018598423,0,0,0,0,0
22274,-1,0,10.751848,0.99997854,1,1,unassigned,3.0,3.0,0.0,1.0,0.0,0.0,0.001934236,0.0,0,0,0,1,1
22275,-1,0,1.5885141,0.8304069,1,1,unassigned,2.0,2.0,0.0,1.0,0.0,0.0,0.0,0.0,0,0,0,1,0
22276,-1,0,5.111446,0.9940088,1,1,unassigned,3.0,1.0,2.0,0.33333334,0.6666667,0.6666666,0.001934236,0.0012894907,0,0,0,1,1
22277,-1,0,0.13494354,0.5336848,1,1,unassigned,49.0,49.0,0.0,1.0,0.0,0.0,0.09090909,0.0,0,0,0,1,0
22278,0,0,-0.13661262,0.46589985,0,0,unassigned,44.0,42.0,2.0,0.95454544,0.045454547,0.04545456,0.08123791,0.0036926325,0,0,1,0,0
22279,-1,0,0.3138637,0.57782805,1,1,unassigned,71.0,69.0,2.0,0.97183096,0.028169014,0.028169036,0.13346228,0.0037595008,0,0,0,1,0
22280,-1,0,-0.62853867,0.34784195,0,1,unassigned,4.0,4.0,0.0,1.0,0.0,0.0,0.003868472,0.0,0,0,0,0,0
22281,-1,1,1.054816,0.7416986,1,1,unassigned,3.0,2.0,1.0,0.6666667,0.33333334,0.3333333,0.001934236,0.00064474536,1,0,0,1,0
22282,-1,0,-0.20815378,0.44814867,0,1,unassigned,20.0,20.0,0.0,1.0,0.0,0.0,0.034816246,0.0,0,0,0,0,0
22283,-1,1,5.285791,0.99496245,1,1,unassigned,3.0,3.0,0.0,1.0,0.0,0.0,0.001934236,0.0,1,0,0,1,1
22284,-1,0,4.9366374,0.9928725,1,1,unassigned,11.0,9.0,2.0,0.8181818,0.18181819,0.18181819,0.017408123,0.0031651135,0,0,0,1,1
22285,-1,0,9.294421,0.9999081,1,1,unassigned,2.0,2.0,0.0,1.0,0.0,0.0,0.0,0.0,0,0,0,1,1
22286,-1,0,-0.2869491,0.42875093,0,1,unassigned,9.0,9.0,0.0,1.0,0.0,0.0,0.013539651,0.0,0,0,0,0,0
22287,0,0,-0.5296452,0.37059963,0,0,unassigned,16.0,15.0,1.0,0.9375,0.0625,0.0625,0.027079303,0.0016924564,0,0,1,0,0
22288,-1,0,-0.7058947,0.3305066,0,1,unassigned,6.0,6.0,0.0,1.0,0.0,0.0,0.007736944,0.0,0,0,0,0,0
22289,-1,1,0.6984146,0.6678362,1,1,unassigned,2.0,1.0,1.0,0.5,0.5,0.5,0.0,0.0,1,0,0,1,0
22290,-1,0,1.0652838,0.743699,1,1,unassigned,2.0,2.0,0.0,1.0,0.0,0.0,0.0,0.0,0,0,0,1,0
22291,-1,0,-0.96521056,0.27583617,0,1,unassigned,18.0,17.0,1.0,0.9444444,0.055555556,0.055555582,0.030947777,0.0017193209,0,0,0,0,0
22292,-1,0,-0.8851463,0.29211247,0,1,unassigned,34.0,34.0,0.0,1.0,0.0,0.0,0.061895553,0.0,0,0,0,0,0
22293,-1,0,-0.9439012,0.28011298,0,1,unassigned,50.0,48.0,2.0,0.96,0.04,0.04000002,0.092843324,0.0037137328,0,0,0,0,0
22294,-1,0,-0.743429,0.32225478,0,1,unassigned,31.0,31.0,0.0,1.0,0.0,0.0,0.056092843,0.0,0,0,0,0,0
22295,0,0,-0.9190412,0.2851533,0,0,unassigned,61.0,60.0,1.0,0.9836066,0.016393442,0.016393423,0.114119925,0.0018708183,0,0,1,0,0
22296,-1,0,2.4638307,0.921567,1,1,unassigned,8.0,7.0,1.0,0.875,0.125,0.125,0.0116054155,0.0014506769,0,0,0,1,1
22297,-1,0,-0.96737015,0.275405,0,1,unassigned,21.0,19.0,2.0,0.9047619,0.0952381,0.09523809,0.036750484,0.0035000462,0,0,0,0,0
22298,-1,0,0.46611232,0.61446315,1,1,unassigned,52.0,49.0,3.0,0.9423077,0.057692308,0.05769229,0.0967118,0.005579527,0,0,0,1,0
22299,-1,0,-0.6125046,0.35148808,0,1,unassigned,14.0,14.0,0.0,1.0,0.0,0.0,0.023210831,0.0,0,0,0,0,0
22300,-1,0,-0.8905445,0.29099748,0,1,unassigned,43.0,41.0,2.0,0.95348835,0.046511628,0.04651165,0.079303674,0.0036885429,0,0,0,0,0
22301,-1,0,-0.74268556,0.32241717,0,1,unassigned,6.0,6.0,0.0,1.0,0.0,0.0,0.007736944,0.0,0,0,0,0,0
22302,-1,0,-0.396841,0.40207157,0,1,unassigned,51.0,50.0,1.0,0.98039216,0.019607844,0.019607842,0.09477756,0.0018583836,0,0,0,0,0
22303,0,0,-0.6256147,0.34850556,0,0,val,15.0,15.0,0.0,1.0,0.0,0.0,0.025145067,0.0,0,0,1,0,0
22304,-1,0,0.3935023,0.59712553,1,1,unassigned,46.0,46.0,0.0,1.0,0.0,0.0,0.08510638,0.0,0,0,0,1,0
22305,-1,0,-0.52281964,0.37219313,0,1,unassigned,27.0,27.0,0.0,1.0,0.0,0.0,0.0483559,0.0,0,0,0,0,0
22306,0,1,0.726602,0.67405915,1,1,val,4.0,1.0,3.0,0.25,0.75,0.75,0.003868472,0.002901354,1,0,0,1,0
22307,-1,0,0.24567568,0.56111187,1,1,unassigned,9.0,9.0,0.0,1.0,0.0,0.0,0.013539651,0.0,0,0,0,1,0
22308,-1,0,-0.11645639,0.47091877,0,1,unassigned,4.0,4.0,0.0,1.0,0.0,0.0,0.003868472,0.0,0,0,0,0,0
22309,-1,0,1.8180666,0.860334,1,1,unassigned,2.0,2.0,0.0,1.0,0.0,0.0,0.0,0.0,0,0,0,1,0
22310,1,0,0.29896623,0.5741898,1,0,unassigned,5.0,5.0,0.0,1.0,0.0,0.0,0.0058027077,0.0,0,0,1,1,0
22311,-1,0,1.8234515,0.86097974,1,1,unassigned,2.0,2.0,0.0,1.0,0.0,0.0,0.0,0.0,0,0,0,1,0
22312,-1,0,1.1527307,0.76000935,1,1,unassigned,3.0,3.0,0.0,1.0,0.0,0.0,0.001934236,0.0,0,0,0,1,0
22313,1,0,-0.50172615,0.3771351,0,1,test,6.0,4.0,2.0,0.6666667,0.33333334,0.3333333,0.007736944,0.0025789815,0,0,0,0,0
22314,-1,0,-0.2209647,0.4449825,0,1,unassigned,8.0,8.0,0.0,1.0,0.0,0.0,0.0116054155,0.0,0,0,0,0,0
22315,1,0,0.4497376,0.61057687,1,0,test,24.0,17.0,7.0,0.7083333,0.29166666,0.2916667,0.04255319,0.012411347,0,0,1,1,0
22316,-1,1,-0.12364629,0.4691277,0,1,unassigned,39.0,38.0,1.0,0.974359,0.025641026,0.025641024,0.07156673,0.0018350444,1,0,0,0,0
22317,-1,0,-0.16846561,0.45798296,0,1,unassigned,30.0,30.0,0.0,1.0,0.0,0.0,0.054158606,0.0,0,0,0,0,0
22318,-1,1,-0.025139451,0.49371547,0,1,unassigned,3.0,3.0,0.0,1.0,0.0,0.0,0.001934236,0.0,1,0,0,0,0
22319,-1,1,0.4410773,0.6085157,1,1,unassigned,6.0,6.0,0.0,1.0,0.0,0.0,0.007736944,0.0,1,0,0,1,0
22320,-1,1,0.622711,0.65083486,1,1,unassigned,6.0,6.0,0.0,1.0,0.0,0.0,0.007736944,0.0,1,0,0,1,0
22321,-1,0,-0.88386846,0.2923768,0,1,unassigned,4.0,4.0,0.0,1.0,0.0,0.0,0.003868472,0.0,0,0,0,0,0
22322,-1,0,1.168767,0.76292205,1,1,unassigned,24.0,24.0,0.0,1.0,0.0,0.0,0.04255319,0.0,0,0,0,1,0
22323,-1,0,-0.083370894,0.4791693,0,1,unassigned,10.0,10.0,0.0,1.0,0.0,0.0,0.015473888,0.0,0,0,0,0,0
22324,0,1,1.6959879,0.84501004,1,1,unassigned,19.0,14.0,5.0,0.7368421,0.2631579,0.2631579,0.032882012,0.008653161,1,0,0,1,0
22325,-1,0,1.7819078,0.8559323,1,1,unassigned,4.0,4.0,0.0,1.0,0.0,0.0,0.003868472,0.0,0,0,0,1,0
22326,-1,1,1.1023288,0.7506962,1,1,unassigned,11.0,8.0,3.0,0.72727275,0.27272728,0.27272725,0.017408123,0.00474767,1,0,0,1,0
22327,-1,0,7.2903724,0.99931836,1,1,unassigned,2.0,2.0,0.0,1.0,0.0,0.0,0.0,0.0,0,0,0,1,1
22328,-1,0,7.9137387,0.9996344,1,1,unassigned,2.0,2.0,0.0,1.0,0.0,0.0,0.0,0.0,0,0,0,1,1
22329,-1,0,3.4329798,0.9687195,1,1,unassigned,2.0,2.0,0.0,1.0,0.0,0.0,0.0,0.0,0,0,0,1,1
22330,1,0,2.3457248,0.91259384,1,0,unassigned,2.0,2.0,0.0,1.0,0.0,0.0,0.0,0.0,0,0,1,1,1
22331,1,0,5.989268,0.9975007,1,0,val,2.0,2.0,0.0,1.0,0.0,0.0,0.0,0.0,0,0,1,1,1
22332,-1,0,6.2516046,0.9980763,1,1,unassigned,2.0,2.0,0.0,1.0,0.0,0.0,0.0,0.0,0,0,0,1,1
22333,-1,0,6.4348445,0.9983979,1,1,unassigned,2.0,2.0,0.0,1.0,0.0,0.0,0.0,0.0,0,0,0,1,1
22334,-1,0,3.936437,0.980856,1,1,unassigned,3.0,2.0,1.0,0.6666667,0.33333334,0.3333333,0.001934236,0.00064474536,0,0,0,1,1
22335,-1,0,-0.4508187,0.38916612,0,1,unassigned,4.0,4.0,0.0,1.0,0.0,0.0,0.003868472,0.0,0,0,0,0,0
22336,-1,0,-0.11313814,0.47174558,0,1,unassigned,25.0,24.0,1.0,0.96,0.04,0.04000002,0.044487428,0.001779497,0,0,0,0,0
22337,-1,0,0.15410411,0.53845,1,1,unassigned,9.0,9.0,0.0,1.0,0.0,0.0,0.013539651,0.0,0,0,0,1,0
22338,-1,0,0.17026359,0.54246336,1,1,unassigned,7.0,7.0,0.0,1.0,0.0,0.0,0.00967118,0.0,0,0,0,1,0
22339,-1,0,4.3185453,0.9868558,1,1,unassigned,3.0,3.0,0.0,1.0,0.0,0.0,0.001934236,0.0,0,0,0,1,1
22340,-1,0,6.1557245,0.99788314,1,1,unassigned,2.0,2.0,0.0,1.0,0.0,0.0,0.0,0.0,0,0,0,1,1
22341,-1,0,3.577206,0.9728064,1,1,unassigned,2.0,2.0,0.0,1.0,0.0,0.0,0.0,0.0,0,0,0,1,1
22342,-1,0,7.8903546,0.9996258,1,1,unassigned,2.0,2.0,0.0,1.0,0.0,0.0,0.0,0.0,0,0,0,1,1
22343,-1,0,-0.30516103,0.42429632,0,1,unassigned,12.0,12.0,0.0,1.0,0.0,0.0,0.01934236,0.0,0,0,0,0,0
22344,-1,0,-0.2072855,0.44836336,0,1,unassigned,2.0,2.0,0.0,1.0,0.0,0.0,0.0,0.0,0,0,0,0,0
22345,-1,0,0.16538662,0.5412527,1,1,unassigned,2.0,2.0,0.0,1.0,0.0,0.0,0.0,0.0,0,0,0,1,0
22346,-1,0,-1.7999451,0.14185774,0,1,unassigned,2.0,2.0,0.0,1.0,0.0,0.0,0.0,0.0,0,0,0,0,0
22347,-1,0,4.2650876,0.98614407,1,1,unassigned,2.0,2.0,0.0,1.0,0.0,0.0,0.0,0.0,0,0,0,1,1
22348,-1,0,5.187783,0.99444664,1,1,unassigned,26.0,26.0,0.0,1.0,0.0,0.0,0.046421662,0.0,0,0,0,1,1
22349,1,0,-0.043153226,0.48921335,0,1,unassigned,7.0,7.0,0.0,1.0,0.0,0.0,0.00967118,0.0,0,0,0,0,0
22350,-1,0,0.72114414,0.6728589,1,1,unassigned,3.0,3.0,0.0,1.0,0.0,0.0,0.001934236,0.0,0,0,0,1,0
22351,-1,0,-0.041176677,0.48970732,0,1,unassigned,59.0,59.0,0.0,1.0,0.0,0.0,0.11025145,0.0,0,0,0,0,0
22352,-1,0,2.8485405,0.9452432,1,1,unassigned,5.0,4.0,1.0,0.8,0.2,0.19999999,0.0058027077,0.0011605415,0,0,0,1,1
22353,-1,1,-0.8418012,0.30115557,0,1,unassigned,15.0,15.0,0.0,1.0,0.0,0.0,0.025145067,0.0,1,0,0,0,0
22354,-1,0,-0.8417107,0.3011746,0,1,unassigned,17.0,17.0,0.0,1.0,0.0,0.0,0.029013539,0.0,0,0,0,0,0
22355,-1,1,2.5840352,0.929827,1,1,unassigned,24.0,24.0,0.0,1.0,0.0,0.0,0.04255319,0.0,1,0,0,1,1
22356,-1,1,2.8305542,0.9443048,1,1,unassigned,15.0,15.0,0.0,1.0,0.0,0.0,0.025145067,0.0,1,0,0,1,1
22357,-1,1,0.05691558,0.51422507,1,1,unassigned,30.0,30.0,0.0,1.0,0.0,0.0,0.054158606,0.0,1,0,0,1,0
22358,-1,0,-0.96786046,0.27530715,0,1,unassigned,12.0,12.0,0.0,1.0,0.0,0.0,0.01934236,0.0,0,0,0,0,0
22359,-1,0,3.0975425,0.9567913,1,1,unassigned,2.0,2.0,0.0,1.0,0.0,0.0,0.0,0.0,0,0,0,1,1
22360,-1,0,-0.30321923,0.4247707,0,1,unassigned,35.0,35.0,0.0,1.0,0.0,0.0,0.06382979,0.0,0,0,0,0,0
22361,-1,1,2.2253172,0.90250003,1,1,unassigned,3.0,3.0,0.0,1.0,0.0,0.0,0.001934236,0.0,1,0,0,1,1
22362,-1,0,2.2856922,0.9076851,1,1,unassigned,9.0,9.0,0.0,1.0,0.0,0.0,0.013539651,0.0,0,0,0,1,1
22363,-1,0,-0.56941867,0.36137098,0,1,unassigned,4.0,4.0,0.0,1.0,0.0,0.0,0.003868472,0.0,0,0,0,0,0
22364,0,0,1.1674521,0.7626842,1,1,unassigned,2.0,2.0,0.0,1.0,0.0,0.0,0.0,0.0,0,0,0,1,0
22365,-1,0,0.3228625,0.5800217,1,1,unassigned,2.0,2.0,0.0,1.0,0.0,0.0,0.0,0.0,0,0,0,1,0
22366,-1,0,12.278219,0.99999535,1,1,unassigned,2.0,2.0,0.0,1.0,0.0,0.0,0.0,0.0,0,0,0,1,1
22367,-1,0,5.5698686,0.9962035,1,1,unassigned,3.0,3.0,0.0,1.0,0.0,0.0,0.001934236,0.0,0,0,0,1,1
22368,1,0,-0.5886909,0.35693532,0,1,unassigned,4.0,4.0,0.0,1.0,0.0,0.0,0.003868472,0.0,0,0,0,0,0
22369,-1,0,-0.70511794,0.3306785,0,1,unassigned,19.0,19.0,0.0,1.0,0.0,0.0,0.032882012,0.0,0,0,0,0,0
22370,-1,0,3.1244676,0.9578908,1,1,unassigned,6.0,6.0,0.0,1.0,0.0,0.0,0.007736944,0.0,0,0,0,1,1
22371,-1,0,-0.80854255,0.30820116,0,1,unassigned,50.0,50.0,0.0,1.0,0.0,0.0,0.092843324,0.0,0,0,0,0,0
22372,-1,1,-0.55758005,0.36410758,0,1,unassigned,41.0,39.0,2.0,0.9512195,0.048780486,0.0487805,0.07543521,0.003679766,1,0,0,0,0
22373,-1,0,2.925147,0.94907564,1,1,unassigned,9.0,8.0,1.0,0.8888889,0.11111111,0.111111104,0.013539651,0.0015044058,0,0,0,1,1
22374,-1,0,-0.7067225,0.33032346,0,1,unassigned,19.0,19.0,0.0,1.0,0.0,0.0,0.032882012,0.0,0,0,0,0,0
22375,0,0,-0.6973494,0.33240017,0,0,unassigned,32.0,32.0,0.0,1.0,0.0,0.0,0.058027077,0.0,0,0,1,0,0
22376,-1,0,-0.5209228,0.3726365,0,1,unassigned,43.0,43.0,0.0,1.0,0.0,0.0,0.079303674,0.0,0,0,0,0,0
22377,-1,1,-0.5327842,0.36986774,0,1,unassigned,20.0,12.0,8.0,0.6,0.4,0.39999998,0.034816246,0.013926499,1,0,0,0,0
22378,-1,1,4.799584,0.99183404,1,1,unassigned,2.0,2.0,0.0,1.0,0.0,0.0,0.0,0.0,1,0,0,1,1
22379,-1,1,3.162698,0.95940614,1,1,unassigned,2.0,1.0,1.0,0.5,0.5,0.5,0.0,0.0,1,0,0,1,1
22380,-1,0,0.7357989,0.67607653,1,1,unassigned,2.0,2.0,0.0,1.0,0.0,0.0,0.0,0.0,0,0,0,1,0
22381,-1,0,8.672185,0.9998287,1,1,unassigned,3.0,2.0,1.0,0.6666667,0.33333334,0.3333333,0.001934236,0.00064474536,0,0,0,1,1
22382,-1,0,-0.65768564,0.3412597,0,1,unassigned,22.0,21.0,1.0,0.95454544,0.045454547,0.04545456,0.03868472,0.0017583964,0,0,0,0,0
22383,0,1,0.0028381348,0.50070953,1,1,unassigned,6.0,6.0,0.0,1.0,0.0,0.0,0.007736944,0.0,1,0,0,1,0
22384,1,1,-0.79743284,0.31057492,0,1,unassigned,6.0,6.0,0.0,1.0,0.0,0.0,0.007736944,0.0,1,0,0,0,0
22385,1,1,0.108243406,0.52703446,1,0,test,7.0,1.0,6.0,0.14285715,0.85714287,0.85714287,0.00967118,0.008289583,1,1,1,1,0
22386,-1,0,5.313442,0.99509925,1,1,unassigned,2.0,2.0,0.0,1.0,0.0,0.0,0.0,0.0,0,0,0,1,1
22387,0,0,-0.35941845,0.41110036,0,0,val,3.0,3.0,0.0,1.0,0.0,0.0,0.001934236,0.0,0,0,1,0,0
22388,-1,1,2.8037097,0.942876,1,1,unassigned,30.0,30.0,0.0,1.0,0.0,0.0,0.054158606,0.0,1,0,0,1,1
22389,-1,0,5.749128,0.9968246,1,1,unassigned,5.0,3.0,2.0,0.6,0.4,0.39999998,0.0058027077,0.002321083,0,0,0,1,1
22390,-1,0,-0.9082812,0.28735167,0,1,unassigned,32.0,32.0,0.0,1.0,0.0,0.0,0.058027077,0.0,0,0,0,0,0
22391,-1,0,-0.6528777,0.34234136,0,1,unassigned,159.0,158.0,1.0,0.9937107,0.006289308,0.0062893033,0.30367506,0.0019099059,0,0,0,0,0
22392,-1,1,1.7843997,0.8562393,1,1,unassigned,2.0,2.0,0.0,1.0,0.0,0.0,0.0,0.0,1,0,0,1,0
22393,-1,0,1.3782663,0.79871243,1,1,unassigned,2.0,1.0,1.0,0.5,0.5,0.5,0.0,0.0,0,0,0,1,0
22394,0,1,1.0538747,0.74151826,1,1,val,15.0,11.0,4.0,0.73333335,0.26666668,0.26666665,0.025145067,0.0067053516,1,0,0,1,0
22395,-1,1,-0.5708063,0.36105078,0,1,unassigned,7.0,6.0,1.0,0.85714287,0.14285715,0.14285713,0.00967118,0.0013815971,1,0,0,0,0
22396,-1,1,1.9112594,0.87116057,1,1,unassigned,10.0,8.0,2.0,0.8,0.2,0.19999999,0.015473888,0.0030947777,1,0,0,1,0
22397,-1,1,-0.6015823,0.3539818,0,1,unassigned,3.0,3.0,0.0,1.0,0.0,0.0,0.001934236,0.0,1,0,0,0,0
22398,-1,1,-0.13937345,0.46521294,0,1,unassigned,2.0,2.0,0.0,1.0,0.0,0.0,0.0,0.0,1,0,0,0,0
22399,-1,0,-0.27597982,0.43143964,0,1,unassigned,16.0,14.0,2.0,0.875,0.125,0.125,0.027079303,0.0033849129,0,0,0,0,0
22400,-1,0,2.242373,0.9039906,1,1,unassigned,24.0,22.0,2.0,0.9166667,0.083333336,0.08333331,0.04255319,0.0035460992,0,0,0,1,1
22401,-1,1,1.9821208,0.8789071,1,1,unassigned,11.0,11.0,0.0,1.0,0.0,0.0,0.017408123,0.0,1,0,0,1,0
22402,-1,1,2.4417186,0.9199537,1,1,unassigned,3.0,3.0,0.0,1.0,0.0,0.0,0.001934236,0.0,1,0,0,1,1
22403,0,1,-0.5672109,0.36188066,0,0,unassigned,143.0,137.0,6.0,0.95804197,0.04195804,0.041958034,0.27272728,0.011443103,1,0,1,0,0
22404,-1,0,-0.3522061,0.41284755,0,1,unassigned,24.0,24.0,0.0,1.0,0.0,0.0,0.04255319,0.0,0,0,0,0,0
22405,-1,1,-0.86798096,0.2956746,0,1,unassigned,42.0,42.0,0.0,1.0,0.0,0.0,0.07736944,0.0,1,0,0,0,0
22406,0,1,-0.80340844,0.30929688,0,0,unassigned,39.0,39.0,0.0,1.0,0.0,0.0,0.07156673,0.0,1,0,1,0,0
22407,1,0,3.7646425,0.977349,1,0,unassigned,2.0,2.0,0.0,1.0,0.0,0.0,0.0,0.0,0,0,1,1,1
22408,-1,0,-0.4689014,0.38487628,0,1,unassigned,38.0,37.0,1.0,0.9736842,0.02631579,0.026315808,0.06963249,0.0018324341,0,0,0,0,0
22409,0,1,-0.94831127,0.27922457,0,0,val,24.0,24.0,0.0,1.0,0.0,0.0,0.04255319,0.0,1,0,1,0,0
22410,-1,0,-0.5298763,0.37054574,0,1,unassigned,4.0,4.0,0.0,1.0,0.0,0.0,0.003868472,0.0,0,0,0,0,0
22411,-1,0,-0.52001786,0.37284806,0,1,unassigned,6.0,6.0,0.0,1.0,0.0,0.0,0.007736944,0.0,0,0,0,0,0
22412,-1,1,2.5956604,0.93058175,1,1,unassigned,3.0,2.0,1.0,0.6666667,0.33333334,0.3333333,0.001934236,0.00064474536,1,0,0,1,1
22413,-1,0,2.2986243,0.90876305,1,1,unassigned,31.0,22.0,9.0,0.7096774,0.29032257,0.2903226,0.056092843,0.016285019,0,0,0,1,1
22414,-1,0,-0.8300605,0.3036323,0,1,unassigned,51.0,50.0,1.0,0.98039216,0.019607844,0.019607842,0.09477756,0.0018583836,0,0,0,0,0
22415,-1,0,0.34297413,0.5849128,1,1,unassigned,6.0,6.0,0.0,1.0,0.0,0.0,0.007736944,0.0,0,0,0,1,0
22416,-1,1,-0.6220293,0.34932005,0,1,unassigned,3.0,3.0,0.0,1.0,0.0,0.0,0.001934236,0.0,1,0,0,0,0
22417,1,0,-0.06132263,0.48467413,0,1,unassigned,16.0,15.0,1.0,0.9375,0.0625,0.0625,0.027079303,0.0016924564,0,0,0,0,0
22418,-1,1,2.7185123,0.93811023,1,1,unassigned,8.0,8.0,0.0,1.0,0.0,0.0,0.0116054155,0.0,1,0,0,1,1
22419,-1,0,6.269695,0.9981108,1,1,unassigned,2.0,2.0,0.0,1.0,0.0,0.0,0.0,0.0,0,0,0,1,1
22420,-1,0,0.7868524,0.68715507,1,1,unassigned,5.0,5.0,0.0,1.0,0.0,0.0,0.0058027077,0.0,0,0,0,1,0
22421,-1,0,0.7423869,0.6775176,1,1,unassigned,22.0,22.0,0.0,1.0,0.0,0.0,0.03868472,0.0,0,0,0,1,0
22422,1,1,-0.08315259,0.47922382,0,1,unassigned,2.0,2.0,0.0,1.0,0.0,0.0,0.0,0.0,1,0,0,0,0
22423,-1,1,0.7550059,0.68026847,1,1,unassigned,16.0,16.0,0.0,1.0,0.0,0.0,0.027079303,0.0,1,0,0,1,0
22424,-1,0,0.3196609,0.5792416,1,1,unassigned,3.0,3.0,0.0,1.0,0.0,0.0,0.001934236,0.0,0,0,0,1,0
22425,1,0,6.563502,0.998591,1,0,train,22.0,21.0,1.0,0.95454544,0.045454547,0.04545456,0.03868472,0.0017583964,0,0,1,1,1
22426,-1,0,-0.38795155,0.4042105,0,1,unassigned,10.0,8.0,2.0,0.8,0.2,0.19999999,0.015473888,0.0030947777,0,0,0,0,0
22427,-1,1,7.1959586,0.99925095,1,1,unassigned,3.0,3.0,0.0,1.0,0.0,0.0,0.001934236,0.0,1,0,0,1,1
22428,-1,1,1.9765642,0.87831444,1,1,unassigned,8.0,8.0,0.0,1.0,0.0,0.0,0.0116054155,0.0,1,0,0,1,0
22429,-1,0,4.805556,0.99188226,1,1,unassigned,2.0,1.0,1.0,0.5,0.5,0.5,0.0,0.0,0,0,0,1,1
22430,-1,0,-0.25507164,0.4365756,0,1,unassigned,2.0,2.0,0.0,1.0,0.0,0.0,0.0,0.0,0,0,0,0,0
22431,-1,1,-0.16843873,0.4579896,0,1,unassigned,10.0,10.0,0.0,1.0,0.0,0.0,0.015473888,0.0,1,0,0,0,0
22432,1,1,0.82867366,0.69607437,1,0,unassigned,10.0,10.0,0.0,1.0,0.0,0.0,0.015473888,0.0,1,0,1,1,0
22433,-1,1,4.131274,0.98419154,1,1,unassigned,12.0,10.0,2.0,0.8333333,0.16666667,0.16666669,0.01934236,0.0032237265,1,0,0,1,1
22434,-1,0,-0.048160255,0.48796225,0,1,unassigned,63.0,62.0,1.0,0.984127,0.015873017,0.015873015,0.11798839,0.0018728317,0,0,0,0,0
22435,-1,0,0.020503819,0.5051258,1,1,unassigned,2.0,2.0,0.0,1.0,0.0,0.0,0.0,0.0,0,0,0,1,0
22436,-1,0,4.0541615,0.9829458,1,1,unassigned,3.0,2.0,1.0,0.6666667,0.33333334,0.3333333,0.001934236,0.00064474536,0,0,0,1,1
22437,-1,0,-0.56369305,0.3626934,0,1,unassigned,10.0,10.0,0.0,1.0,0.0,0.0,0.015473888,0.0,0,0,0,0,0
22438,-1,0,7.202954,0.9992562,1,1,unassigned,3.0,3.0,0.0,1.0,0.0,0.0,0.001934236,0.0,0,0,0,1,1
22439,-1,0,-0.64194137,0.3448078,0,1,unassigned,58.0,58.0,0.0,1.0,0.0,0.0,0.10831721,0.0,0,0,0,0,0
22440,0,0,-0.28185564,0.4299989,0,0,val,33.0,32.0,1.0,0.969697,0.030303031,0.030303001,0.059961315,0.0018170096,0,0,1,0,0
22441,-1,1,0.96491534,0.7241049,1,1,unassigned,2.0,1.0,1.0,0.5,0.5,0.5,0.0,0.0,1,0,0,1,0
22442,1,0,-0.23692262,0.44104487,0,1,val,55.0,55.0,0.0,1.0,0.0,0.0,0.102514505,0.0,0,0,0,0,0
22443,1,0,0.34996313,0.58660865,1,0,unassigned,12.0,12.0,0.0,1.0,0.0,0.0,0.01934236,0.0,0,0,1,1,0
22444,-1,0,-0.7817185,0.3139496,0,1,unassigned,56.0,53.0,3.0,0.9464286,0.05357143,0.053571403,0.10444874,0.0055954685,0,0,0,0,0
22445,-1,0,3.2851737,0.96391666,1,1,unassigned,2.0,2.0,0.0,1.0,0.0,0.0,0.0,0.0,0,0,0,1,1
22446,-1,0,0.5490586,0.63391715,1,1,unassigned,7.0,6.0,1.0,0.85714287,0.14285715,0.14285713,0.00967118,0.0013815971,0,0,0,1,0
22447,1,0,1.8127649,0.8596957,1,0,train,9.0,9.0,0.0,1.0,0.0,0.0,0.013539651,0.0,0,0,1,1,0
22448,-1,1,-0.5905913,0.35649917,0,1,unassigned,8.0,7.0,1.0,0.875,0.125,0.125,0.0116054155,0.0014506769,1,0,0,0,0
22449,-1,0,-0.6718299,0.33808723,0,1,unassigned,7.0,6.0,1.0,0.85714287,0.14285715,0.14285713,0.00967118,0.0013815971,0,0,0,0,0
22450,-1,0,0.029700518,0.5074246,1,1,unassigned,17.0,17.0,0.0,1.0,0.0,0.0,0.029013539,0.0,0,0,0,1,0
22451,-1,0,0.2380045,0.5592218,1,1,unassigned,31.0,31.0,0.0,1.0,0.0,0.0,0.056092843,0.0,0,0,0,1,0
22452,-1,0,-0.1337325,0.46661663,0,1,unassigned,3.0,3.0,0.0,1.0,0.0,0.0,0.001934236,0.0,0,0,0,0,0
22453,-1,1,-0.056437433,0.48589438,0,1,unassigned,75.0,75.0,0.0,1.0,0.0,0.0,0.14119923,0.0,1,0,0,0,0
22454,0,1,-0.26561606,0.43398368,0,0,val,14.0,13.0,1.0,0.9285714,0.071428575,0.0714286,0.023210831,0.0016579166,1,0,1,0,0
22455,-1,0,0.21720523,0.55408883,1,1,unassigned,3.0,3.0,0.0,1.0,0.0,0.0,0.001934236,0.0,0,0,0,1,0
22456,0,0,-0.2279126,0.44326717,0,0,test,5.0,1.0,4.0,0.2,0.8,0.8,0.0058027077,0.004642166,0,0,1,0,0
22457,0,0,0.81207246,0.69255096,1,1,test,24.0,23.0,1.0,0.9583333,0.041666668,0.041666687,0.04255319,0.0017730496,0,0,0,1,0
22458,-1,0,7.574674,0.9994869,1,1,unassigned,4.0,4.0,0.0,1.0,0.0,0.0,0.003868472,0.0,0,0,0,1,1
22459,-1,1,1.3941884,0.80126005,1,1,unassigned,2.0,1.0,1.0,0.5,0.5,0.5,0.0,0.0,1,0,0,1,0
22460,-1,0,4.266276,0.98616034,1,1,unassigned,3.0,2.0,1.0,0.6666667,0.33333334,0.3333333,0.001934236,0.00064474536,0,0,0,1,1
22461,1,1,-0.00089532137,0.49977615,0,1,val,11.0,11.0,0.0,1.0,0.0,0.0,0.017408123,0.0,1,0,0,0,0
22462,1,0,4.203917,0.9852829,1,0,unassigned,14.0,14.0,0.0,1.0,0.0,0.0,0.023210831,0.0,0,0,1,1,1
22463,-1,0,4.0345335,0.98261374,1,1,unassigned,4.0,4.0,0.0,1.0,0.0,0.0,0.003868472,0.0,0,0,0,1,1
22464,-1,0,3.1087673,0.957253,1,1,unassigned,4.0,2.0,2.0,0.5,0.5,0.5,0.003868472,0.001934236,0,0,0,1,1
22465,-1,0,-0.99260414,0.270398,0,1,unassigned,21.0,21.0,0.0,1.0,0.0,0.0,0.036750484,0.0,0,0,0,0,0
22466,1,1,-0.6545402,0.34196714,0,1,unassigned,126.0,113.0,13.0,0.8968254,0.103174604,0.10317463,0.23984526,0.02474594,1,0,0,0,0
22467,-1,0,0.5133131,0.6255828,1,1,unassigned,2.0,2.0,0.0,1.0,0.0,0.0,0.0,0.0,0,0,0,1,0
22468,-1,0,-0.8269757,0.3042849,0,1,unassigned,79.0,78.0,1.0,0.98734176,0.012658228,0.012658238,0.14893617,0.001885268,0,0,0,0,0
22469,0,1,-0.042183936,0.48945558,0,0,unassigned,13.0,13.0,0.0,1.0,0.0,0.0,0.021276595,0.0,1,0,1,0,0
22470,-1,1,0.33689874,0.58343697,1,1,unassigned,21.0,21.0,0.0,1.0,0.0,0.0,0.036750484,0.0,1,0,0,1,0
22471,-1,1,3.341015,0.9658094,1,1,unassigned,10.0,9.0,1.0,0.9,0.1,0.100000024,0.015473888,0.0015473888,1,0,0,1,1
22472,-1,0,-0.20107558,0.44989976,0,1,unassigned,33.0,33.0,0.0,1.0,0.0,0.0,0.059961315,0.0,0,0,0,0,0
22473,-1,1,0.23219824,0.5577901,1,1,unassigned,2.0,2.0,0.0,1.0,0.0,0.0,0.0,0.0,1,0,0,1,0
22474,-1,1,2.4407208,0.9198803,1,1,unassigned,3.0,3.0,0.0,1.0,0.0,0.0,0.001934236,0.0,1,0,0,1,1
22475,-1,1,-0.39081228,0.4035218,0,1,unassigned,25.0,20.0,5.0,0.8,0.2,0.19999999,0.044487428,0.008897486,1,0,0,0,0
22476,-1,0,-0.49827874,0.37794524,0,1,unassigned,7.0,7.0,0.0,1.0,0.0,0.0,0.00967118,0.0,0,0,0,0,0
22477,-1,1,-1.0371884,0.26169285,0,1,unassigned,2.0,2.0,0.0,1.0,0.0,0.0,0.0,0.0,1,0,0,0,0
22478,-1,0,-0.068210185,0.48295408,0,1,unassigned,39.0,38.0,1.0,0.974359,0.025641026,0.025641024,0.07156673,0.0018350444,0,0,0,0,0
22479,-1,1,3.7707636,0.97748417,1,1,unassigned,6.0,5.0,1.0,0.8333333,0.16666667,0.16666669,0.007736944,0.0012894907,1,0,0,1,1
22480,-1,0,7.918587,0.9996362,1,1,unassigned,26.0,25.0,1.0,0.96153843,0.03846154,0.038461566,0.046421662,0.0017854486,0,0,0,1,1
22481,-1,0,-0.17077017,0.45741087,0,1,unassigned,8.0,8.0,0.0,1.0,0.0,0.0,0.0116054155,0.0,0,0,0,0,0
22482,1,0,-0.7082628,0.32998282,0,1,unassigned,19.0,19.0,0.0,1.0,0.0,0.0,0.032882012,0.0,0,0,0,0,0
22483,-1,0,-0.60949016,0.3521755,0,1,unassigned,17.0,16.0,1.0,0.9411765,0.05882353,0.058823526,0.029013539,0.0017066788,0,0,0,0,0
22484,1,0,-0.268114,0.43337017,0,1,test,107.0,106.0,1.0,0.99065423,0.009345794,0.00934577,0.20309478,0.001898082,0,0,0,0,0
22485,-1,0,-0.51864797,0.3731684,0,1,unassigned,34.0,29.0,5.0,0.85294116,0.14705883,0.14705884,0.061895553,0.009102288,0,0,0,0,0
22486,-1,1,2.6078784,0.93136686,1,1,unassigned,6.0,2.0,4.0,0.33333334,0.6666667,0.6666666,0.007736944,0.005157963,1,0,0,1,1
22487,-1,0,1.4143443,0.8044503,1,1,unassigned,3.0,2.0,1.0,0.6666667,0.33333334,0.3333333,0.001934236,0.00064474536,0,0,0,1,0
22488,-1,1,0.18695539,0.5466032,1,1,unassigned,16.0,15.0,1.0,0.9375,0.0625,0.0625,0.027079303,0.0016924564,1,0,0,1,0
22489,-1,0,2.9725497,0.95131856,1,1,unassigned,12.0,12.0,0.0,1.0,0.0,0.0,0.01934236,0.0,0,0,0,1,1
22490,-1,0,-0.5220793,0.37236616,0,1,unassigned,20.0,20.0,0.0,1.0,0.0,0.0,0.034816246,0.0,0,0,0,0,0
22491,1,0,-0.7227135,0.32679573,0,1,val,45.0,44.0,1.0,0.9777778,0.022222223,0.02222222,0.08317215,0.0018482701,0,0,0,0,0
22492,0,0,-0.291897,0.42753956,0,0,test,26.0,26.0,0.0,1.0,0.0,0.0,0.046421662,0.0,0,0,1,0,0
22493,-1,0,-0.5116446,0.37480807,0,1,unassigned,14.0,14.0,0.0,1.0,0.0,0.0,0.023210831,0.0,0,0,0,0,0
22494,-1,0,-0.50662017,0.3759862,0,1,unassigned,6.0,4.0,2.0,0.6666667,0.33333334,0.3333333,0.007736944,0.0025789815,0,0,0,0,0
22495,-1,0,-0.015272915,0.4961819,0,1,unassigned,37.0,34.0,3.0,0.9189189,0.08108108,0.08108109,0.06769826,0.005489048,0,0,0,0,0
22496,-1,1,0.15261394,0.53807956,1,1,unassigned,24.0,20.0,4.0,0.8333333,0.16666667,0.16666669,0.04255319,0.0070921984,1,0,0,1,0
22497,-1,0,3.1555197,0.95912564,1,1,unassigned,15.0,15.0,0.0,1.0,0.0,0.0,0.025145067,0.0,0,0,0,1,1
22498,-1,0,1.9533737,0.875814,1,1,unassigned,10.0,10.0,0.0,1.0,0.0,0.0,0.015473888,0.0,0,0,0,1,0
22499,-1,0,1.3573024,0.7953209,1,1,unassigned,3.0,3.0,0.0,1.0,0.0,0.0,0.001934236,0.0,0,0,0,1,0
22500,-1,0,-0.28862882,0.4283396,0,1,unassigned,16.0,14.0,2.0,0.875,0.125,0.125,0.027079303,0.0033849129,0,0,0,0,0
22501,0,0,-0.3974167,0.40193316,0,0,unassigned,11.0,11.0,0.0,1.0,0.0,0.0,0.017408123,0.0,0,0,1,0,0
22502,-1,0,-0.07138437,0.48216143,0,1,unassigned,28.0,28.0,0.0,1.0,0.0,0.0,0.050290134,0.0,0,0,0,0,0
22503,-1,1,-0.36582512,0.40955016,0,1,unassigned,30.0,28.0,2.0,0.93333334,0.06666667,0.06666666,0.054158606,0.003610574,1,0,0,0,0
22504,-1,0,1.0745873,0.7454683,1,1,unassigned,8.0,8.0,0.0,1.0,0.0,0.0,0.0116054155,0.0,0,0,0,1,0
22505,-1,0,-0.5509806,0.36563694,0,1,unassigned,6.0,5.0,1.0,0.8333333,0.16666667,0.16666669,0.007736944,0.0012894907,0,0,0,0,0
22506,-1,0,0.13277227,0.5331444,1,1,unassigned,5.0,5.0,0.0,1.0,0.0,0.0,0.0058027077,0.0,0,0,0,1,0
22507,-1,0,0.17043,0.54250467,1,1,unassigned,3.0,3.0,0.0,1.0,0.0,0.0,0.001934236,0.0,0,0,0,1,0
22508,-1,0,-0.8939966,0.29028577,0,1,unassigned,87.0,85.0,2.0,0.9770115,0.022988506,0.022988498,0.16441005,0.0037795415,0,0,0,0,0
22509,-1,0,1.5875175,0.83026654,1,1,unassigned,41.0,40.0,1.0,0.9756098,0.024390243,0.02439022,0.07543521,0.001839883,0,0,0,1,0
22510,-1,0,2.4609382,0.9213577,1,1,unassigned,4.0,4.0,0.0,1.0,0.0,0.0,0.003868472,0.0,0,0,0,1,1
22511,1,0,-0.83607495,0.30236208,0,1,unassigned,16.0,16.0,0.0,1.0,0.0,0.0,0.027079303,0.0,0,0,0,0,0
22512,1,0,0.7763515,0.68489325,1,0,val,47.0,43.0,4.0,0.9148936,0.08510638,0.08510637,0.08704062,0.007407712,0,0,1,1,0
22513,0,0,1.9664376,0.87722796,1,1,val,2.0,2.0,0.0,1.0,0.0,0.0,0.0,0.0,0,0,0,1,0
22514,-1,0,-0.51151115,0.37483937,0,1,unassigned,51.0,50.0,1.0,0.98039216,0.019607844,0.019607842,0.09477756,0.0018583836,0,0,0,0,0
22515,-1,0,6.330881,0.99822265,1,1,unassigned,2.0,2.0,0.0,1.0,0.0,0.0,0.0,0.0,0,0,0,1,1
22516,-1,1,3.244866,0.9624882,1,1,unassigned,24.0,24.0,0.0,1.0,0.0,0.0,0.04255319,0.0,1,0,0,1,1
22517,-1,0,-0.35458484,0.41227105,0,1,unassigned,33.0,32.0,1.0,0.969697,0.030303031,0.030303001,0.059961315,0.0018170096,0,0,0,0,0
22518,-1,0,-0.7245772,0.32638586,0,1,unassigned,108.0,108.0,0.0,1.0,0.0,0.0,0.20502901,0.0,0,0,0,0,0
22519,-1,0,-0.015832782,0.4960419,0,1,unassigned,6.0,6.0,0.0,1.0,0.0,0.0,0.007736944,0.0,0,0,0,0,0
22520,-1,1,-0.16109073,0.45981422,0,1,unassigned,27.0,24.0,3.0,0.8888889,0.11111111,0.111111104,0.0483559,0.0053728777,1,0,0,0,0
22521,-1,0,2.8447273,0.9450455,1,1,unassigned,18.0,17.0,1.0,0.9444444,0.055555556,0.055555582,0.030947777,0.0017193209,0,0,0,1,1
22522,-1,0,-0.34891993,0.41364434,0,1,unassigned,47.0,47.0,0.0,1.0,0.0,0.0,0.08704062,0.0,0,0,0,0,0
22523,-1,1,2.566623,0.9286824,1,1,unassigned,7.0,1.0,6.0,0.14285715,0.85714287,0.85714287,0.00967118,0.008289583,1,1,0,1,1
22524,-1,1,0.12822771,0.5320131,1,1,unassigned,14.0,14.0,0.0,1.0,0.0,0.0,0.023210831,0.0,1,0,0,1,0
22525,-1,0,-0.44309568,0.39100358,0,1,unassigned,28.0,28.0,0.0,1.0,0.0,0.0,0.050290134,0.0,0,0,0,0,0
22526,0,1,-0.6258572,0.3484505,0,0,test,49.0,48.0,1.0,0.97959185,0.020408163,0.020408154,0.09090909,0.0018552876,1,0,1,0,0
22527,0,1,0.15960366,0.53981644,1,1,test,28.0,28.0,0.0,1.0,0.0,0.0,0.050290134,0.0,1,0,0,1,0
22528,-1,0,1.2883441,0.78386676,1,1,unassigned,2.0,2.0,0.0,1.0,0.0,0.0,0.0,0.0,0,0,0,1,0
22529,-1,0,3.2716424,0.96344304,1,1,unassigned,3.0,3.0,0.0,1.0,0.0,0.0,0.001934236,0.0,0,0,0,1,1
22530,1,0,-0.1638943,0.4591179,0,1,test,2.0,2.0,0.0,1.0,0.0,0.0,0.0,0.0,0,0,0,0,0
22531,-1,1,7.5795836,0.9994894,1,1,unassigned,2.0,2.0,0.0,1.0,0.0,0.0,0.0,0.0,1,0,0,1,1
22532,1,0,-0.7864903,0.31292278,0,1,test,111.0,110.0,1.0,0.990991,0.009009009,0.009009004,0.21083172,0.0018993849,0,0,0,0,0
22533,-1,1,2.6325815,0.9329293,1,1,unassigned,19.0,19.0,0.0,1.0,0.0,0.0,0.032882012,0.0,1,0,0,1,1
22534,-1,0,0.010677993,0.50266945,1,1,unassigned,4.0,4.0,0.0,1.0,0.0,0.0,0.003868472,0.0,0,0,0,1,0
22535,-1,1,2.1389778,0.89463425,1,1,unassigned,6.0,4.0,2.0,0.6666667,0.33333334,0.3333333,0.007736944,0.0025789815,1,0,0,1,0
22536,-1,0,0.665219,0.6604318,1,1,unassigned,11.0,11.0,0.0,1.0,0.0,0.0,0.017408123,0.0,0,0,0,1,0
22537,-1,0,0.51856464,0.62681204,1,1,unassigned,15.0,15.0,0.0,1.0,0.0,0.0,0.025145067,0.0,0,0,0,1,0
22538,-1,0,-0.5735701,0.3604135,0,1,unassigned,24.0,24.0,0.0,1.0,0.0,0.0,0.04255319,0.0,0,0,0,0,0
22539,1,0,2.0747826,0.88842785,1,0,unassigned,2.0,2.0,0.0,1.0,0.0,0.0,0.0,0.0,0,0,1,1,0
22540,-1,0,-0.50761425,0.37575296,0,1,unassigned,13.0,13.0,0.0,1.0,0.0,0.0,0.021276595,0.0,0,0,0,0,0
22541,-1,0,-0.63947994,0.3453641,0,1,unassigned,2.0,2.0,0.0,1.0,0.0,0.0,0.0,0.0,0,0,0,0,0
22542,-1,0,-0.1509918,0.46232358,0,1,unassigned,32.0,31.0,1.0,0.96875,0.03125,0.03125,0.058027077,0.0018133462,0,0,0,0,0
22543,-1,1,1.4409025,0.8085944,1,1,unassigned,6.0,6.0,0.0,1.0,0.0,0.0,0.007736944,0.0,1,0,0,1,0
22544,-1,1,2.6763182,0.9356147,1,1,unassigned,9.0,9.0,0.0,1.0,0.0,0.0,0.013539651,0.0,1,0,0,1,1
22545,-1,1,0.23219824,0.5577901,1,1,unassigned,2.0,2.0,0.0,1.0,0.0,0.0,0.0,0.0,1,0,0,1,0
22546,-1,0,-0.211829,0.44723988,0,1,unassigned,48.0,48.0,0.0,1.0,0.0,0.0,0.088974856,0.0,0,0,0,0,0
22547,-1,0,-0.34369272,0.41491276,0,1,unassigned,10.0,10.0,0.0,1.0,0.0,0.0,0.015473888,0.0,0,0,0,0,0
22548,-1,0,-0.24490845,0.43907708,0,1,unassigned,4.0,4.0,0.0,1.0,0.0,0.0,0.003868472,0.0,0,0,0,0,0
22549,-1,1,-0.6456573,0.34396884,0,1,unassigned,37.0,32.0,5.0,0.8648649,0.13513513,0.13513511,0.06769826,0.009148413,1,0,0,0,0
22550,1,0,-0.22389966,0.44425774,0,1,unassigned,11.0,10.0,1.0,0.90909094,0.09090909,0.090909064,0.017408123,0.0015825568,0,0,0,0,0
22551,-1,0,1.4162486,0.8047496,1,1,unassigned,11.0,11.0,0.0,1.0,0.0,0.0,0.017408123,0.0,0,0,0,1,0
22552,0,0,0.019359529,0.5048397,1,1,test,7.0,7.0,0.0,1.0,0.0,0.0,0.00967118,0.0,0,0,0,1,0
22553,-1,0,4.3597045,0.98737913,1,1,unassigned,2.0,1.0,1.0,0.5,0.5,0.5,0.0,0.0,0,0,0,1,1
22554,-1,0,0.3385654,0.583842,1,1,unassigned,3.0,2.0,1.0,0.6666667,0.33333334,0.3333333,0.001934236,0.00064474536,0,0,0,1,0
22555,-1,0,1.0374169,0.7383513,1,1,unassigned,8.0,8.0,0.0,1.0,0.0,0.0,0.0116054155,0.0,0,0,0,1,0
22556,1,0,0.015659273,0.5039147,1,0,test,14.0,14.0,0.0,1.0,0.0,0.0,0.023210831,0.0,0,0,1,1,0
22557,0,0,-0.30156517,0.4251749,0,0,train,6.0,5.0,1.0,0.8333333,0.16666667,0.16666669,0.007736944,0.0012894907,0,0,1,0,0
22558,-1,0,-0.48603475,0.38082814,0,1,unassigned,34.0,33.0,1.0,0.9705882,0.029411765,0.029411793,0.061895553,0.0018204574,0,0,0,0,0
22559,-1,1,3.2620163,0.96310246,1,1,unassigned,7.0,6.0,1.0,0.85714287,0.14285715,0.14285713,0.00967118,0.0013815971,1,0,0,1,1
22560,-1,0,-0.21662745,0.44605392,0,1,unassigned,5.0,5.0,0.0,1.0,0.0,0.0,0.0058027077,0.0,0,0,0,0,0
22561,-1,0,1.5466363,0.82442737,1,1,unassigned,10.0,10.0,0.0,1.0,0.0,0.0,0.015473888,0.0,0,0,0,1,0
22562,-1,1,2.1908543,0.8994252,1,1,unassigned,4.0,4.0,0.0,1.0,0.0,0.0,0.003868472,0.0,1,0,0,1,0
22563,-1,0,2.4342096,0.9193991,1,1,unassigned,4.0,3.0,1.0,0.75,0.25,0.25,0.003868472,0.000967118,0,0,0,1,1
22564,1,1,12.792295,0.99999726,1,0,val,142.0,69.0,73.0,0.48591548,0.5140845,0.5140845,0.27079305,0.13921052,1,0,1,1,1
22565,-1,0,1.950144,0.8754623,1,1,unassigned,2.0,2.0,0.0,1.0,0.0,0.0,0.0,0.0,0,0,0,1,0
22566,-1,1,8.623846,0.9998203,1,1,unassigned,14.0,12.0,2.0,0.85714287,0.14285715,0.14285713,0.023210831,0.0033158332,1,0,0,1,1
22567,-1,0,27.08812,1.0,1,1,unassigned,2.0,2.0,0.0,1.0,0.0,0.0,0.0,0.0,0,0,0,1,1
22568,-1,0,2.0687246,0.887826,1,1,unassigned,4.0,4.0,0.0,1.0,0.0,0.0,0.003868472,0.0,0,0,0,1,0
22569,-1,0,2.3666217,0.9142464,1,1,unassigned,4.0,4.0,0.0,1.0,0.0,0.0,0.003868472,0.0,0,0,0,1,1
22570,-1,0,-0.033555567,0.4916119,0,1,unassigned,3.0,3.0,0.0,1.0,0.0,0.0,0.001934236,0.0,0,0,0,0,0
22571,-1,0,-0.4185664,0.39685985,0,1,unassigned,2.0,2.0,0.0,1.0,0.0,0.0,0.0,0.0,0,0,0,0,0
22572,0,1,3.2531915,0.9627876,1,1,val,2.0,2.0,0.0,1.0,0.0,0.0,0.0,0.0,1,0,0,1,1
22573,-1,0,0.06658,0.5166388,1,1,unassigned,3.0,3.0,0.0,1.0,0.0,0.0,0.001934236,0.0,0,0,0,1,0
22574,0,1,-0.58815694,0.35705787,0,0,val,50.0,47.0,3.0,0.94,0.06,0.060000002,0.092843324,0.0055705993,1,0,1,0,0
22575,-1,1,5.1463504,0.99421304,1,1,unassigned,13.0,12.0,1.0,0.9230769,0.07692308,0.07692307,0.021276595,0.0016366612,1,0,0,1,1
22576,1,0,2.0986571,0.89077264,1,0,train,2.0,2.0,0.0,1.0,0.0,0.0,0.0,0.0,0,0,1,1,0
22577,-1,0,10.897637,0.9999815,1,1,unassigned,9.0,9.0,0.0,1.0,0.0,0.0,0.013539651,0.0,0,0,0,1,1
22578,0,0,-0.7772895,0.31490436,0,0,unassigned,67.0,65.0,2.0,0.9701493,0.029850746,0.029850721,0.12572534,0.0037529953,0,0,1,0,0
22579,0,0,-0.5598723,0.363577,0,0,val,13.0,13.0,0.0,1.0,0.0,0.0,0.021276595,0.0,0,0,1,0,0
22580,-1,1,0.41050535,0.60120904,1,1,unassigned,9.0,7.0,2.0,0.7777778,0.22222222,0.22222221,0.013539651,0.0030088115,1,0,0,1,0
22581,-1,0,0.040092766,0.51002187,1,1,unassigned,21.0,20.0,1.0,0.95238096,0.04761905,0.047619045,0.036750484,0.0017500231,0,0,0,1,0
22582,-1,0,0.01573944,0.50393474,1,1,unassigned,2.0,2.0,0.0,1.0,0.0,0.0,0.0,0.0,0,0,0,1,0
22583,-1,1,10.808754,0.99997973,1,1,unassigned,3.0,3.0,0.0,1.0,0.0,0.0,0.001934236,0.0,1,0,0,1,1
22584,-1,0,-0.42698854,0.39484566,0,1,unassigned,4.0,4.0,0.0,1.0,0.0,0.0,0.003868472,0.0,0,0,0,0,0
22585,-1,1,3.391658,0.96744287,1,1,unassigned,3.0,2.0,1.0,0.6666667,0.33333334,0.3333333,0.001934236,0.00064474536,1,0,0,1,1
22586,-1,0,1.2556534,0.7782769,1,1,unassigned,3.0,2.0,1.0,0.6666667,0.33333334,0.3333333,0.001934236,0.00064474536,0,0,0,1,0
22587,0,1,0.13997847,0.5349376,1,1,test,11.0,9.0,2.0,0.8181818,0.18181819,0.18181819,0.017408123,0.0031651135,1,0,0,1,0
22588,-1,0,2.4489205,0.92048246,1,1,unassigned,23.0,22.0,1.0,0.95652175,0.04347826,0.04347825,0.040618956,0.0017660416,0,0,0,1,1
22589,-1,0,0.100502014,0.52510434,1,1,unassigned,5.0,3.0,2.0,0.6,0.4,0.39999998,0.0058027077,0.002321083,0,0,0,1,0
22590,1,0,-0.286474,0.42886728,0,1,unassigned,7.0,6.0,1.0,0.85714287,0.14285715,0.14285713,0.00967118,0.0013815971,0,0,0,0,0
22591,-1,0,3.5135643,0.9710713,1,1,unassigned,6.0,4.0,2.0,0.6666667,0.33333334,0.3333333,0.007736944,0.0025789815,0,0,0,1,1
22592,0,0,-0.116072774,0.47101432,0,0,test,2.0,2.0,0.0,1.0,0.0,0.0,0.0,0.0,0,0,1,0,0
22593,-1,1,3.960663,0.98130566,1,1,unassigned,6.0,5.0,1.0,0.8333333,0.16666667,0.16666669,0.007736944,0.0012894907,1,0,0,1,1
22594,-1,0,7.0955415,0.999172,1,1,unassigned,8.0,8.0,0.0,1.0,0.0,0.0,0.0116054155,0.0,0,0,0,1,1
22595,-1,0,-0.58968717,0.35670662,0,1,unassigned,3.0,3.0,0.0,1.0,0.0,0.0,0.001934236,0.0,0,0,0,0,0
22596,0,1,-0.8640233,0.29649946,0,0,unassigned,33.0,28.0,5.0,0.8484849,0.15151516,0.15151513,0.059961315,0.009085048,1,0,1,0,0
22597,-1,0,-0.5091756,0.3753868,0,1,unassigned,2.0,2.0,0.0,1.0,0.0,0.0,0.0,0.0,0,0,0,0,0
22598,0,0,-1.8629863,0.13435535,0,0,train,2.0,2.0,0.0,1.0,0.0,0.0,0.0,0.0,0,0,1,0,0
22599,1,0,4.1679835,0.9847526,1,0,unassigned,3.0,2.0,1.0,0.6666667,0.33333334,0.3333333,0.001934236,0.00064474536,0,0,1,1,1
22600,-1,1,-0.30637917,0.42399877,0,1,unassigned,67.0,53.0,14.0,0.7910448,0.20895523,0.20895523,0.12572534,0.026270969,1,0,0,0,0
22601,-1,0,4.374925,0.9875674,1,1,unassigned,5.0,4.0,1.0,0.8,0.2,0.19999999,0.0058027077,0.0011605415,0,0,0,1,1
22602,-1,0,11.77274,0.99999225,1,1,unassigned,2.0,2.0,0.0,1.0,0.0,0.0,0.0,0.0,0,0,0,1,1
22603,-1,1,-0.5873554,0.35724187,0,1,unassigned,15.0,15.0,0.0,1.0,0.0,0.0,0.025145067,0.0,1,0,0,0,0
22604,-1,0,-0.045286357,0.4886803,0,1,unassigned,24.0,24.0,0.0,1.0,0.0,0.0,0.04255319,0.0,0,0,0,0,0
22605,-1,0,-0.819554,0.30585834,0,1,unassigned,23.0,23.0,0.0,1.0,0.0,0.0,0.040618956,0.0,0,0,0,0,0
22606,-1,0,12.687558,0.9999969,1,1,unassigned,34.0,23.0,11.0,0.6764706,0.32352942,0.32352942,0.061895553,0.020025032,0,0,0,1,1
22607,-1,1,0.89737755,0.7104103,1,1,unassigned,4.0,4.0,0.0,1.0,0.0,0.0,0.003868472,0.0,1,0,0,1,0
22608,-1,1,0.125799,0.53140837,1,1,unassigned,2.0,2.0,0.0,1.0,0.0,0.0,0.0,0.0,1,0,0,1,0
22609,-1,0,0.89422446,0.7097612,1,1,unassigned,2.0,1.0,1.0,0.5,0.5,0.5,0.0,0.0,0,0,0,1,0
22610,-1,0,0.16756636,0.5417938,1,1,unassigned,24.0,24.0,0.0,1.0,0.0,0.0,0.04255319,0.0,0,0,0,1,0
22611,-1,0,-0.7668536,0.31716016,0,1,unassigned,40.0,39.0,1.0,0.975,0.025,0.024999976,0.07350097,0.0018375242,0,0,0,0,0
22612,-1,0,0.023811877,0.50595266,1,1,unassigned,38.0,35.0,3.0,0.92105263,0.078947365,0.078947365,0.06963249,0.005497302,0,0,0,1,0
22613,1,0,-0.07901287,0.48025706,0,1,test,13.0,13.0,0.0,1.0,0.0,0.0,0.021276595,0.0,0,0,0,0,0
22614,1,0,-0.17931116,0.45529193,0,1,unassigned,104.0,102.0,2.0,0.9807692,0.01923077,0.019230783,0.19729207,0.0037940785,0,0,0,0,0
22615,-1,0,-0.84588563,0.30029666,0,1,unassigned,3.0,3.0,0.0,1.0,0.0,0.0,0.001934236,0.0,0,0,0,0,0
22616,-1,1,2.3446014,0.9125042,1,1,unassigned,2.0,2.0,0.0,1.0,0.0,0.0,0.0,0.0,1,0,0,1,1
22617,0,1,-0.27567002,0.43151563,0,0,unassigned,11.0,9.0,2.0,0.8181818,0.18181819,0.18181819,0.017408123,0.0031651135,1,0,1,0,0
22618,-1,0,11.302996,0.9999877,1,1,unassigned,4.0,3.0,1.0,0.75,0.25,0.25,0.003868472,0.000967118,0,0,0,1,1
22619,-1,1,2.2143362,0.90152955,1,1,unassigned,2.0,2.0,0.0,1.0,0.0,0.0,0.0,0.0,1,0,0,1,1
22620,0,0,1.2780526,0.78211814,1,1,test,3.0,3.0,0.0,1.0,0.0,0.0,0.001934236,0.0,0,0,0,1,0
22621,-1,0,-0.52031153,0.37277937,0,1,unassigned,14.0,13.0,1.0,0.9285714,0.071428575,0.0714286,0.023210831,0.0016579166,0,0,0,0,0
22622,-1,0,0.08343929,0.52084774,1,1,unassigned,16.0,16.0,0.0,1.0,0.0,0.0,0.027079303,0.0,0,0,0,1,0
22623,-1,1,-0.47718295,0.38291752,0,1,unassigned,27.0,26.0,1.0,0.962963,0.037037037,0.037037015,0.0483559,0.0017909593,1,0,0,0,0
22624,-1,0,-0.54624355,0.36673638,0,1,unassigned,18.0,18.0,0.0,1.0,0.0,0.0,0.030947777,0.0,0,0,0,0,0
22625,-1,0,0.54338056,0.63259846,1,1,unassigned,2.0,2.0,0.0,1.0,0.0,0.0,0.0,0.0,0,0,0,1,0
22626,-1,0,0.90069205,0.7110917,1,1,unassigned,14.0,12.0,2.0,0.85714287,0.14285715,0.14285713,0.023210831,0.0033158332,0,0,0,1,0
22627,-1,0,6.46515,0.9984457,1,1,unassigned,10.0,10.0,0.0,1.0,0.0,0.0,0.015473888,0.0,0,0,0,1,1
22628,-1,0,0.06275296,0.5156831,1,1,unassigned,2.0,1.0,1.0,0.5,0.5,0.5,0.0,0.0,0,0,0,1,0
22629,0,0,-0.84906155,0.29962975,0,0,val,101.0,101.0,0.0,1.0,0.0,0.0,0.19148937,0.0,0,0,1,0,0
22630,-1,0,-0.48454848,0.38117862,0,1,unassigned,76.0,76.0,0.0,1.0,0.0,0.0,0.14313346,0.0,0,0,0,0,0
22631,-1,0,-0.6383112,0.34562838,0,1,unassigned,5.0,5.0,0.0,1.0,0.0,0.0,0.0058027077,0.0,0,0,0,0,0
22632,-1,0,-0.5633584,0.36277074,0,1,unassigned,29.0,29.0,0.0,1.0,0.0,0.0,0.05222437,0.0,0,0,0,0,0
22633,-1,1,-0.7145761,0.32858846,0,1,unassigned,72.0,71.0,1.0,0.9861111,0.013888889,0.0138888955,0.13539653,0.0018805073,1,0,0,0,0
22634,-1,0,0.31644142,0.57845676,1,1,unassigned,14.0,14.0,0.0,1.0,0.0,0.0,0.023210831,0.0,0,0,0,1,0
22635,-1,0,-0.26114205,0.435083,0,1,unassigned,74.0,74.0,0.0,1.0,0.0,0.0,0.13926499,0.0,0,0,0,0,0
22636,-1,0,-0.70620006,0.33043903,0,1,unassigned,60.0,59.0,1.0,0.98333335,0.016666668,0.01666665,0.11218569,0.0018697615,0,0,0,0,0
22637,-1,0,-0.49866724,0.37785393,0,1,unassigned,43.0,42.0,1.0,0.9767442,0.023255814,0.023255825,0.079303674,0.0018442714,0,0,0,0,0
22638,-1,0,-0.8030993,0.30936295,0,1,unassigned,37.0,34.0,3.0,0.9189189,0.08108108,0.08108109,0.06769826,0.005489048,0,0,0,0,0
22639,-1,0,2.7791016,0.94153607,1,1,unassigned,18.0,18.0,0.0,1.0,0.0,0.0,0.030947777,0.0,0,0,0,1,1
22640,-1,1,1.5602376,0.82638747,1,1,unassigned,10.0,10.0,0.0,1.0,0.0,0.0,0.015473888,0.0,1,0,0,1,0
22641,-1,0,0.79313594,0.6885043,1,1,unassigned,13.0,13.0,0.0,1.0,0.0,0.0,0.021276595,0.0,0,0,0,1,0
22642,-1,0,-0.83024067,0.30359417,0,1,unassigned,66.0,65.0,1.0,0.9848485,0.015151516,0.015151501,0.123791106,0.0018756229,0,0,0,0,0
22643,-1,0,3.8490202,0.9791437,1,1,unassigned,61.0,61.0,0.0,1.0,0.0,0.0,0.114119925,0.0,0,0,0,1,1
22644,-1,0,0.29172486,0.5724184,1,1,unassigned,56.0,55.0,1.0,0.98214287,0.017857144,0.017857134,0.10444874,0.0018651562,0,0,0,1,0
22645,-1,0,3.3984096,0.96765476,1,1,unassigned,5.0,5.0,0.0,1.0,0.0,0.0,0.0058027077,0.0,0,0,0,1,1
22646,1,1,3.294803,0.96425,1,0,unassigned,14.0,14.0,0.0,1.0,0.0,0.0,0.023210831,0.0,1,0,1,1,1
22647,0,0,-0.666536,0.33927295,0,0,val,3.0,3.0,0.0,1.0,0.0,0.0,0.001934236,0.0,0,0,1,0,0
22648,-1,0,-0.7651024,0.3175395,0,1,unassigned,45.0,45.0,0.0,1.0,0.0,0.0,0.08317215,0.0,0,0,0,0,0
22649,-1,0,-0.33068538,0.41807386,0,1,unassigned,14.0,14.0,0.0,1.0,0.0,0.0,0.023210831,0.0,0,0,0,0,0
22650,-1,0,-0.9207863,0.2847977,0,1,unassigned,54.0,54.0,0.0,1.0,0.0,0.0,0.10058027,0.0,0,0,0,0,0
22651,-1,1,-0.33156583,0.41785967,0,1,unassigned,3.0,3.0,0.0,1.0,0.0,0.0,0.001934236,0.0,1,0,0,0,0
22652,-1,1,2.670092,0.93523866,1,1,unassigned,3.0,3.0,0.0,1.0,0.0,0.0,0.001934236,0.0,1,0,0,1,1
22653,1,1,0.12118608,0.5302595,1,0,unassigned,2.0,2.0,0.0,1.0,0.0,0.0,0.0,0.0,1,0,1,1,0
22654,1,0,0.34320015,0.5849677,1,0,test,5.0,5.0,0.0,1.0,0.0,0.0,0.0058027077,0.0,0,0,1,1,0
22655,-1,1,5.402982,0.9955171,1,1,unassigned,3.0,3.0,0.0,1.0,0.0,0.0,0.001934236,0.0,1,0,0,1,1
22656,-1,0,0.11894244,0.52970064,1,1,unassigned,2.0,1.0,1.0,0.5,0.5,0.5,0.0,0.0,0,0,0,1,0
22657,-1,1,0.2398014,0.5596647,1,1,unassigned,12.0,12.0,0.0,1.0,0.0,0.0,0.01934236,0.0,1,0,0,1,0
22658,-1,0,0.33725685,0.583524,1,1,unassigned,7.0,7.0,0.0,1.0,0.0,0.0,0.00967118,0.0,0,0,0,1,0
22659,-1,0,-0.07767743,0.48059037,0,1,unassigned,8.0,7.0,1.0,0.875,0.125,0.125,0.0116054155,0.0014506769,0,0,0,0,0
22660,-1,0,2.577134,0.92937535,1,1,unassigned,11.0,9.0,2.0,0.8181818,0.18181819,0.18181819,0.017408123,0.0031651135,0,0,0,1,1
22661,-1,0,1.3274033,0.79041076,1,1,unassigned,2.0,2.0,0.0,1.0,0.0,0.0,0.0,0.0,0,0,0,1,0
22662,-1,0,0.37447417,0.59253967,1,1,unassigned,26.0,26.0,0.0,1.0,0.0,0.0,0.046421662,0.0,0,0,0,1,0
22663,-1,0,-0.68354505,0.33547056,0,1,unassigned,20.0,20.0,0.0,1.0,0.0,0.0,0.034816246,0.0,0,0,0,0,0
22664,-1,0,-0.8458318,0.30030796,0,1,unassigned,25.0,25.0,0.0,1.0,0.0,0.0,0.044487428,0.0,0,0,0,0,0
22665,-1,0,-0.36016658,0.41091925,0,1,unassigned,3.0,3.0,0.0,1.0,0.0,0.0,0.001934236,0.0,0,0,0,0,0
22666,-1,1,-0.48726633,0.38053778,0,1,unassigned,73.0,69.0,4.0,0.94520545,0.05479452,0.05479455,0.13733076,0.007524973,1,0,0,0,0
22667,-1,0,1.6988313,0.8453821,1,1,unassigned,6.0,6.0,0.0,1.0,0.0,0.0,0.007736944,0.0,0,0,0,1,0
22668,-1,0,-0.9614686,0.27658427,0,1,unassigned,26.0,24.0,2.0,0.9230769,0.07692308,0.07692307,0.046421662,0.0035708973,0,0,0,0,0
22669,0,0,-0.6748291,0.33741635,0,0,unassigned,8.0,8.0,0.0,1.0,0.0,0.0,0.0116054155,0.0,0,0,1,0,0
22670,-1,0,-0.83330566,0.30294654,0,1,unassigned,33.0,33.0,0.0,1.0,0.0,0.0,0.059961315,0.0,0,0,0,0,0
22671,-1,0,-0.91297245,0.28639197,0,1,unassigned,13.0,12.0,1.0,0.9230769,0.07692308,0.07692307,0.021276595,0.0016366612,0,0,0,0,0
22672,-1,0,-0.03582126,0.49104568,0,1,unassigned,14.0,14.0,0.0,1.0,0.0,0.0,0.023210831,0.0,0,0,0,0,0
22673,-1,1,-0.43453947,0.39304283,0,1,unassigned,64.0,63.0,1.0,0.984375,0.015625,0.015625,0.11992263,0.0018737911,1,0,0,0,0
22674,0,0,-0.74100554,0.3227843,0,0,unassigned,37.0,37.0,0.0,1.0,0.0,0.0,0.06769826,0.0,0,0,1,0,0
22675,-1,0,-0.42505383,0.39530802,0,1,unassigned,26.0,25.0,1.0,0.96153843,0.03846154,0.038461566,0.046421662,0.0017854486,0,0,0,0,0
22676,-1,0,-0.45209795,0.38886207,0,1,unassigned,29.0,29.0,0.0,1.0,0.0,0.0,0.05222437,0.0,0,0,0,0,0
22677,-1,0,-0.33720183,0.41648933,0,1,unassigned,35.0,35.0,0.0,1.0,0.0,0.0,0.06382979,0.0,0,0,0,0,0
22678,0,0,0.04028374,0.51006955,1,1,unassigned,53.0,52.0,1.0,0.9811321,0.018867925,0.01886791,0.09864604,0.0018612461,0,0,0,1,0
22679,-1,1,-0.35168424,0.41297406,0,1,unassigned,64.0,18.0,46.0,0.28125,0.71875,0.71875,0.11992263,0.08619439,1,0,0,0,0
22680,-1,0,0.0728094,0.5181943,1,1,unassigned,27.0,26.0,1.0,0.962963,0.037037037,0.037037015,0.0483559,0.0017909593,0,0,0,1,0
22681,0,0,-0.22797608,0.44325155,0,0,unassigned,30.0,25.0,5.0,0.8333333,0.16666667,0.16666669,0.054158606,0.009026434,0,0,1,0,0
22682,-1,0,3.0352933,0.95414335,1,1,unassigned,2.0,2.0,0.0,1.0,0.0,0.0,0.0,0.0,0,0,0,1,1
22683,0,1,-0.21891627,0.44548845,0,0,test,3.0,3.0,0.0,1.0,0.0,0.0,0.001934236,0.0,1,0,1,0,0
22684,-1,0,-0.5321731,0.3700102,0,1,unassigned,73.0,72.0,1.0,0.98630136,0.01369863,0.0136986375,0.13733076,0.0018812432,0,0,0,0,0
22685,1,0,-0.2074219,0.44832963,0,1,unassigned,33.0,33.0,0.0,1.0,0.0,0.0,0.059961315,0.0,0,0,0,0,0
22686,-1,0,4.64914,0.99052083,1,1,unassigned,2.0,2.0,0.0,1.0,0.0,0.0,0.0,0.0,0,0,0,1,1
22687,-1,0,-0.24667102,0.43864307,0,1,unassigned,118.0,115.0,3.0,0.9745763,0.025423728,0.025423706,0.22437137,0.005704357,0,0,0,0,0
22688,-1,1,3.459872,0.96952415,1,1,unassigned,3.0,3.0,0.0,1.0,0.0,0.0,0.001934236,0.0,1,0,0,1,1
22689,-1,0,-0.6558177,0.34167975,0,1,unassigned,18.0,17.0,1.0,0.9444444,0.055555556,0.055555582,0.030947777,0.0017193209,0,0,0,0,0
22690,-1,0,0.025681317,0.50641996,1,1,unassigned,2.0,2.0,0.0,1.0,0.0,0.0,0.0,0.0,0,0,0,1,0
22691,1,0,5.3699174,0.99536705,1,0,test,7.0,7.0,0.0,1.0,0.0,0.0,0.00967118,0.0,0,0,1,1,1
22692,0,1,0.83151513,0.6966752,1,1,unassigned,3.0,3.0,0.0,1.0,0.0,0.0,0.001934236,0.0,1,0,0,1,0
22693,-1,0,-0.13545331,0.46618834,0,1,unassigned,4.0,2.0,2.0,0.5,0.5,0.5,0.003868472,0.001934236,0,0,0,0,0
22694,-1,1,1.436739,0.8079491,1,1,unassigned,31.0,29.0,2.0,0.9354839,0.06451613,0.06451613,0.056092843,0.003618893,1,0,0,1,0
22695,-1,1,7.971165,0.9996549,1,1,unassigned,26.0,25.0,1.0,0.96153843,0.03846154,0.038461566,0.046421662,0.0017854486,1,0,0,1,1
22696,-1,1,-0.1517185,0.46214294,0,1,unassigned,2.0,2.0,0.0,1.0,0.0,0.0,0.0,0.0,1,0,0,0,0
22697,-1,0,-0.84372485,0.30075085,0,1,unassigned,17.0,17.0,0.0,1.0,0.0,0.0,0.029013539,0.0,0,0,0,0,0
22698,0,0,-0.61177725,0.3516539,0,0,unassigned,29.0,28.0,1.0,0.9655172,0.03448276,0.034482777,0.05222437,0.0018008404,0,0,1,0,0
22699,-1,0,2.7576952,0.9403465,1,1,unassigned,3.0,3.0,0.0,1.0,0.0,0.0,0.001934236,0.0,0,0,0,1,1
22700,-1,0,-0.4186147,0.3968483,0,1,unassigned,27.0,27.0,0.0,1.0,0.0,0.0,0.0483559,0.0,0,0,0,0,0
22701,-1,0,-0.6956445,0.33277857,0,1,unassigned,28.0,28.0,0.0,1.0,0.0,0.0,0.050290134,0.0,0,0,0,0,0
22702,-1,0,3.0680096,0.9555537,1,1,unassigned,3.0,3.0,0.0,1.0,0.0,0.0,0.001934236,0.0,0,0,0,1,1
22703,-1,1,3.5366566,0.9717129,1,1,unassigned,4.0,4.0,0.0,1.0,0.0,0.0,0.003868472,0.0,1,0,0,1,1
22704,-1,0,2.9929712,0.9522556,1,1,unassigned,7.0,7.0,0.0,1.0,0.0,0.0,0.00967118,0.0,0,0,0,1,1
22705,-1,0,0.78639823,0.6870574,1,1,unassigned,2.0,2.0,0.0,1.0,0.0,0.0,0.0,0.0,0,0,0,1,0
22706,-1,1,-0.6838801,0.33539587,0,1,unassigned,36.0,35.0,1.0,0.9722222,0.027777778,0.027777791,0.065764025,0.0018267785,1,0,0,0,0
22707,-1,0,4.0802684,0.98337805,1,1,unassigned,2.0,2.0,0.0,1.0,0.0,0.0,0.0,0.0,0,0,0,1,1
22708,-1,1,3.0181985,0.9533896,1,1,unassigned,3.0,3.0,0.0,1.0,0.0,0.0,0.001934236,0.0,1,0,0,1,1
22709,0,0,1.4572988,0.8111192,1,1,unassigned,3.0,3.0,0.0,1.0,0.0,0.0,0.001934236,0.0,0,0,0,1,0
22710,-1,0,0.19698691,0.5490881,1,1,unassigned,20.0,19.0,1.0,0.95,0.05,0.050000012,0.034816246,0.0017408123,0,0,0,1,0
22711,-1,1,1.8371179,0.86260754,1,1,unassigned,10.0,7.0,3.0,0.7,0.3,0.3,0.015473888,0.0046421667,1,0,0,1,0
22712,-1,0,3.8972542,0.9801063,1,1,unassigned,2.0,2.0,0.0,1.0,0.0,0.0,0.0,0.0,0,0,0,1,1
22713,-1,1,3.3901775,0.9673961,1,1,unassigned,9.0,5.0,4.0,0.5555556,0.44444445,0.44444442,0.013539651,0.006017623,1,0,0,1,1
22714,-1,1,-0.5708041,0.3610513,0,1,unassigned,42.0,42.0,0.0,1.0,0.0,0.0,0.07736944,0.0,1,0,0,0,0
22715,-1,0,1.1980288,0.7681739,1,1,unassigned,18.0,18.0,0.0,1.0,0.0,0.0,0.030947777,0.0,0,0,0,1,0
22716,-1,0,0.4796471,0.6176645,1,1,unassigned,13.0,13.0,0.0,1.0,0.0,0.0,0.021276595,0.0,0,0,0,1,0
22717,-1,0,-0.8340539,0.3027886,0,1,unassigned,34.0,33.0,1.0,0.9705882,0.029411765,0.029411793,0.061895553,0.0018204574,0,0,0,0,0
22718,-1,0,-0.9665494,0.2755688,0,1,unassigned,67.0,65.0,2.0,0.9701493,0.029850746,0.029850721,0.12572534,0.0037529953,0,0,0,0,0
22719,-1,1,5.2773557,0.99491996,1,1,unassigned,22.0,22.0,0.0,1.0,0.0,0.0,0.03868472,0.0,1,0,0,1,1
22720,-1,1,11.548779,0.99999034,1,1,unassigned,2.0,2.0,0.0,1.0,0.0,0.0,0.0,0.0,1,0,0,1,1
22721,-1,0,-0.15370375,0.46164954,0,1,unassigned,45.0,43.0,2.0,0.95555556,0.044444446,0.04444444,0.08317215,0.0036965401,0,0,0,0,0
22722,-1,0,0.67657334,0.66297346,1,1,unassigned,16.0,15.0,1.0,0.9375,0.0625,0.0625,0.027079303,0.0016924564,0,0,0,1,0
22723,-1,0,-0.7268227,0.3258924,0,1,unassigned,11.0,11.0,0.0,1.0,0.0,0.0,0.017408123,0.0,0,0,0,0,0
22724,-1,0,-0.21237904,0.4471039,0,1,unassigned,21.0,21.0,0.0,1.0,0.0,0.0,0.036750484,0.0,0,0,0,0,0
22725,-1,0,-0.9214988,0.2846526,0,1,unassigned,15.0,15.0,0.0,1.0,0.0,0.0,0.025145067,0.0,0,0,0,0,0
22726,-1,0,-0.1645016,0.45896712,0,1,unassigned,34.0,33.0,1.0,0.9705882,0.029411765,0.029411793,0.061895553,0.0018204574,0,0,0,0,0
22727,-1,0,-0.75855815,0.31895941,0,1,unassigned,52.0,51.0,1.0,0.9807692,0.01923077,0.019230783,0.0967118,0.0018598423,0,0,0,0,0
22728,-1,1,3.3428009,0.96586835,1,1,unassigned,18.0,17.0,1.0,0.9444444,0.055555556,0.055555582,0.030947777,0.0017193209,1,0,0,1,1
22729,-1,0,-0.9652035,0.27583757,0,1,unassigned,69.0,69.0,0.0,1.0,0.0,0.0,0.1295938,0.0,0,0,0,0,0
22730,-1,0,-0.9875584,0.2713946,0,1,unassigned,24.0,24.0,0.0,1.0,0.0,0.0,0.04255319,0.0,0,0,0,0,0
22731,-1,0,-0.718849,0.3276465,0,1,unassigned,24.0,24.0,0.0,1.0,0.0,0.0,0.04255319,0.0,0,0,0,0,0
22732,-1,0,-0.30922216,0.42330462,0,1,unassigned,20.0,20.0,0.0,1.0,0.0,0.0,0.034816246,0.0,0,0,0,0,0
22733,-1,0,-0.030026436,0.49249396,0,1,unassigned,17.0,17.0,0.0,1.0,0.0,0.0,0.029013539,0.0,0,0,0,0,0
22734,-1,0,-0.23123485,0.44244748,0,1,unassigned,22.0,22.0,0.0,1.0,0.0,0.0,0.03868472,0.0,0,0,0,0,0
22735,-1,0,-0.56257725,0.36295134,0,1,unassigned,36.0,35.0,1.0,0.9722222,0.027777778,0.027777791,0.065764025,0.0018267785,0,0,0,0,0
22736,-1,0,-0.14539924,0.46371406,0,1,unassigned,13.0,10.0,3.0,0.7692308,0.23076923,0.23076922,0.021276595,0.0049099834,0,0,0,0,0
22737,-1,0,-0.15708333,0.46080974,0,1,unassigned,4.0,4.0,0.0,1.0,0.0,0.0,0.003868472,0.0,0,0,0,0,0
22738,-1,0,0.0151360035,0.50378394,1,1,unassigned,80.0,78.0,2.0,0.975,0.025,0.024999976,0.15087041,0.0037717603,0,0,0,1,0
22739,-1,1,0.8678171,0.7042913,1,1,unassigned,4.0,4.0,0.0,1.0,0.0,0.0,0.003868472,0.0,1,0,0,1,0
22740,1,0,-0.55008,0.36584583,0,1,val,94.0,94.0,0.0,1.0,0.0,0.0,0.17794971,0.0,0,0,0,0,0
22741,-1,0,-0.3520022,0.41289696,0,1,unassigned,40.0,40.0,0.0,1.0,0.0,0.0,0.07350097,0.0,0,0,0,0,0
22742,1,0,-0.45326573,0.38858455,0,1,val,34.0,34.0,0.0,1.0,0.0,0.0,0.061895553,0.0,0,0,0,0,0
22743,-1,0,-0.7969406,0.31068033,0,1,unassigned,30.0,29.0,1.0,0.96666664,0.033333335,0.03333336,0.054158606,0.001805287,0,0,0,0,0
22744,-1,0,0.10766351,0.5268899,1,1,unassigned,2.0,2.0,0.0,1.0,0.0,0.0,0.0,0.0,0,0,0,1,0
22745,-1,1,-0.84613866,0.3002435,0,1,unassigned,132.0,131.0,1.0,0.99242425,0.007575758,0.0075757504,0.2514507,0.0019049295,1,0,0,0,0
22746,-1,0,-0.86937743,0.29538387,0,1,unassigned,16.0,16.0,0.0,1.0,0.0,0.0,0.027079303,0.0,0,0,0,0,0
22747,-1,0,-0.81490684,0.30684587,0,1,unassigned,52.0,51.0,1.0,0.9807692,0.01923077,0.019230783,0.0967118,0.0018598423,0,0,0,0,0
22748,-1,0,-0.17740846,0.45576385,0,1,unassigned,6.0,6.0,0.0,1.0,0.0,0.0,0.007736944,0.0,0,0,0,0,0
22749,-1,0,-0.8119949,0.30746555,0,1,unassigned,68.0,67.0,1.0,0.9852941,0.014705882,0.014705896,0.12765957,0.0018773467,0,0,0,0,0
22750,-1,0,10.065382,0.99995744,1,1,unassigned,40.0,33.0,7.0,0.825,0.175,0.17500001,0.07350097,0.012862669,0,0,0,1,1
22751,1,0,0.26523346,0.5659223,1,0,test,7.0,7.0,0.0,1.0,0.0,0.0,0.00967118,0.0,0,0,1,1,0
22752,-1,0,-0.86387885,0.29652956,0,1,unassigned,43.0,42.0,1.0,0.9767442,0.023255814,0.023255825,0.079303674,0.0018442714,0,0,0,0,0
22753,-1,0,-0.91013694,0.2869718,0,1,unassigned,32.0,27.0,5.0,0.84375,0.15625,0.15625,0.058027077,0.009066731,0,0,0,0,0
22754,-1,0,5.872191,0.99719125,1,1,unassigned,15.0,15.0,0.0,1.0,0.0,0.0,0.025145067,0.0,0,0,0,1,1
22755,-1,0,-0.50027025,0.37747714,0,1,unassigned,4.0,4.0,0.0,1.0,0.0,0.0,0.003868472,0.0,0,0,0,0,0
22756,-1,0,-0.32730457,0.41889665,0,1,unassigned,7.0,7.0,0.0,1.0,0.0,0.0,0.00967118,0.0,0,0,0,0,0
22757,-1,0,-0.5073024,0.37582615,0,1,unassigned,6.0,5.0,1.0,0.8333333,0.16666667,0.16666669,0.007736944,0.0012894907,0,0,0,0,0
22758,-1,1,5.813737,0.9970227,1,1,unassigned,23.0,23.0,0.0,1.0,0.0,0.0,0.040618956,0.0,1,0,0,1,1
22759,-1,1,-0.5708127,0.3610493,0,1,unassigned,35.0,23.0,12.0,0.6571429,0.34285715,0.34285712,0.06382979,0.0218845,1,0,0,0,0
22760,-1,1,1.309428,0.7874174,1,1,unassigned,19.0,17.0,2.0,0.8947368,0.10526316,0.10526317,0.032882012,0.0034612645,1,0,0,1,0
22761,-1,0,0.7802711,0.68573856,1,1,unassigned,3.0,3.0,0.0,1.0,0.0,0.0,0.001934236,0.0,0,0,0,1,0
22762,-1,0,5.9714074,0.9974559,1,1,unassigned,3.0,3.0,0.0,1.0,0.0,0.0,0.001934236,0.0,0,0,0,1,1
22763,-1,0,3.105761,0.9571298,1,1,unassigned,5.0,5.0,0.0,1.0,0.0,0.0,0.0058027077,0.0,0,0,0,1,1
22764,-1,0,0.22306508,0.5555362,1,1,unassigned,7.0,6.0,1.0,0.85714287,0.14285715,0.14285713,0.00967118,0.0013815971,0,0,0,1,0
22765,-1,0,14.400245,0.9999994,1,1,unassigned,9.0,7.0,2.0,0.7777778,0.22222222,0.22222221,0.013539651,0.0030088115,0,0,0,1,1
22766,-1,1,-0.44551858,0.3904268,0,1,unassigned,48.0,47.0,1.0,0.9791667,0.020833334,0.020833313,0.088974856,0.0018536429,1,0,0,0,0
22767,-1,1,4.253535,0.9859853,1,1,unassigned,5.0,5.0,0.0,1.0,0.0,0.0,0.0058027077,0.0,1,0,0,1,1
22768,-1,1,0.77943593,0.68555856,1,1,unassigned,44.0,38.0,6.0,0.8636364,0.13636364,0.13636363,0.08123791,0.011077898,1,0,0,1,0
22769,0,0,-0.39390013,0.4027788,0,0,unassigned,2.0,2.0,0.0,1.0,0.0,0.0,0.0,0.0,0,0,1,0,0
22770,-1,0,-0.2359907,0.44127464,0,1,unassigned,37.0,37.0,0.0,1.0,0.0,0.0,0.06769826,0.0,0,0,0,0,0
22771,-1,0,3.678939,0.97537214,1,1,unassigned,38.0,36.0,2.0,0.94736844,0.05263158,0.052631557,0.06963249,0.0036648682,0,0,0,1,1
22772,-1,0,-0.7683352,0.31683934,0,1,unassigned,135.0,135.0,0.0,1.0,0.0,0.0,0.25725338,0.0,0,0,0,0,0
22773,1,0,-0.14440599,0.4639611,0,1,unassigned,16.0,16.0,0.0,1.0,0.0,0.0,0.027079303,0.0,0,0,0,0,0
22774,-1,0,-0.104883015,0.47380325,0,1,unassigned,34.0,34.0,0.0,1.0,0.0,0.0,0.061895553,0.0,0,0,0,0,0
22775,-1,0,-0.89584196,0.28990573,0,1,unassigned,54.0,54.0,0.0,1.0,0.0,0.0,0.10058027,0.0,0,0,0,0,0
22776,-1,0,-0.39304247,0.4029851,0,1,unassigned,86.0,72.0,14.0,0.8372093,0.1627907,0.16279072,0.16247582,0.026449554,0,0,0,0,0
22777,-1,0,0.003964007,0.500991,1,1,unassigned,4.0,4.0,0.0,1.0,0.0,0.0,0.003868472,0.0,0,0,0,1,0
22778,-1,0,-0.22525522,0.44392312,0,1,unassigned,3.0,3.0,0.0,1.0,0.0,0.0,0.001934236,0.0,0,0,0,0,0
22779,-1,1,-0.89522326,0.2900331,0,1,unassigned,2.0,1.0,1.0,0.5,0.5,0.5,0.0,0.0,1,0,0,0,0
22780,-1,0,-0.419056,0.39674267,0,1,unassigned,7.0,7.0,0.0,1.0,0.0,0.0,0.00967118,0.0,0,0,0,0,0
22781,1,0,-0.8034054,0.30929756,0,1,unassigned,6.0,6.0,0.0,1.0,0.0,0.0,0.007736944,0.0,0,0,0,0,0
22782,-1,0,1.601599,0.8322417,1,1,unassigned,3.0,3.0,0.0,1.0,0.0,0.0,0.001934236,0.0,0,0,0,1,0
22783,1,0,2.8814576,0.9469221,1,0,test,7.0,6.0,1.0,0.85714287,0.14285715,0.14285713,0.00967118,0.0013815971,0,0,1,1,1
22784,-1,0,1.2070756,0.7697811,1,1,unassigned,5.0,5.0,0.0,1.0,0.0,0.0,0.0058027077,0.0,0,0,0,1,0
22785,-1,0,4.015418,0.9822841,1,1,unassigned,14.0,14.0,0.0,1.0,0.0,0.0,0.023210831,0.0,0,0,0,1,1
22786,-1,0,1.4551141,0.8107842,1,1,unassigned,2.0,1.0,1.0,0.5,0.5,0.5,0.0,0.0,0,0,0,1,0
22787,-1,0,-0.66652954,0.33927438,0,1,unassigned,2.0,2.0,0.0,1.0,0.0,0.0,0.0,0.0,0,0,0,0,0
22788,0,0,-0.2315427,0.44237158,0,0,test,23.0,22.0,1.0,0.95652175,0.04347826,0.04347825,0.040618956,0.0017660416,0,0,1,0,0
22789,0,0,-0.76075006,0.31848344,0,0,unassigned,2.0,2.0,0.0,1.0,0.0,0.0,0.0,0.0,0,0,1,0,0
22790,-1,0,1.7651715,0.8538562,1,1,unassigned,3.0,3.0,0.0,1.0,0.0,0.0,0.001934236,0.0,0,0,0,1,0
22791,-1,0,0.65811354,0.6588365,1,1,unassigned,12.0,11.0,1.0,0.9166667,0.083333336,0.08333331,0.01934236,0.0016118633,0,0,0,1,0
22792,-1,1,-0.746914,0.32149407,0,1,unassigned,23.0,22.0,1.0,0.95652175,0.04347826,0.04347825,0.040618956,0.0017660416,1,0,0,0,0
22793,-1,1,0.22861636,0.5569064,1,1,unassigned,4.0,2.0,2.0,0.5,0.5,0.5,0.003868472,0.001934236,1,0,0,1,0
22794,1,0,-0.22461182,0.44408193,0,1,test,4.0,4.0,0.0,1.0,0.0,0.0,0.003868472,0.0,0,0,0,0,0
22795,-1,0,4.740747,0.9913435,1,1,unassigned,16.0,12.0,4.0,0.75,0.25,0.25,0.027079303,0.0067698257,0,0,0,1,1
22796,-1,0,6.695815,0.99876547,1,1,unassigned,22.0,18.0,4.0,0.8181818,0.18181819,0.18181819,0.03868472,0.0070335856,0,0,0,1,1
22797,-1,0,2.1162767,0.8924752,1,1,unassigned,21.0,21.0,0.0,1.0,0.0,0.0,0.036750484,0.0,0,0,0,1,0
22798,-1,0,0.8715877,0.705076,1,1,unassigned,17.0,16.0,1.0,0.9411765,0.05882353,0.058823526,0.029013539,0.0017066788,0,0,0,1,0
22799,-1,1,3.1467297,0.9587797,1,1,unassigned,5.0,5.0,0.0,1.0,0.0,0.0,0.0058027077,0.0,1,0,0,1,1
22800,-1,0,-0.69001806,0.33402905,0,1,unassigned,2.0,2.0,0.0,1.0,0.0,0.0,0.0,0.0,0,0,0,0,0
22801,1,0,-0.2874786,0.42862123,0,1,test,47.0,43.0,4.0,0.9148936,0.08510638,0.08510637,0.08704062,0.007407712,0,0,0,0,0
22802,1,0,3.2047617,0.9610131,1,0,val,20.0,20.0,0.0,1.0,0.0,0.0,0.034816246,0.0,0,0,1,1,1
22803,-1,0,3.1223373,0.95780486,1,1,unassigned,16.0,15.0,1.0,0.9375,0.0625,0.0625,0.027079303,0.0016924564,0,0,0,1,1
22804,-1,0,3.9995415,0.9820057,1,1,unassigned,2.0,2.0,0.0,1.0,0.0,0.0,0.0,0.0,0,0,0,1,1
22805,-1,0,-0.3969041,0.40205637,0,1,unassigned,41.0,40.0,1.0,0.9756098,0.024390243,0.02439022,0.07543521,0.001839883,0,0,0,0,0
22806,-1,0,3.4338095,0.96874464,1,1,unassigned,17.0,17.0,0.0,1.0,0.0,0.0,0.029013539,0.0,0,0,0,1,1
22807,-1,0,0.124896705,0.53118366,1,1,unassigned,2.0,2.0,0.0,1.0,0.0,0.0,0.0,0.0,0,0,0,1,0
22808,-1,0,-0.92728615,0.2834756,0,1,unassigned,3.0,3.0,0.0,1.0,0.0,0.0,0.001934236,0.0,0,0,0,0,0
22809,-1,0,4.7701902,0.9915925,1,1,unassigned,13.0,13.0,0.0,1.0,0.0,0.0,0.021276595,0.0,0,0,0,1,1
22810,-1,1,-0.2369082,0.44104838,0,1,unassigned,12.0,11.0,1.0,0.9166667,0.083333336,0.08333331,0.01934236,0.0016118633,1,0,0,0,0
22811,-1,0,0.925293,0.71611935,1,1,unassigned,48.0,44.0,4.0,0.9166667,0.083333336,0.08333331,0.088974856,0.0074145715,0,0,0,1,0
22812,-1,0,0.301475,0.57480305,1,1,unassigned,4.0,4.0,0.0,1.0,0.0,0.0,0.003868472,0.0,0,0,0,1,0
22813,1,0,3.140774,0.9585436,1,0,test,7.0,7.0,0.0,1.0,0.0,0.0,0.00967118,0.0,0,0,1,1,1
22814,-1,0,1.2474577,0.77685946,1,1,unassigned,9.0,9.0,0.0,1.0,0.0,0.0,0.013539651,0.0,0,0,0,1,0
22815,-1,0,2.9513314,0.9503264,1,1,unassigned,7.0,7.0,0.0,1.0,0.0,0.0,0.00967118,0.0,0,0,0,1,1
22816,-1,0,-0.26633352,0.43380743,0,1,unassigned,75.0,73.0,2.0,0.97333336,0.026666667,0.026666641,0.14119923,0.003765313,0,0,0,0,0
22817,1,0,-0.5291867,0.3707066,0,1,train,50.0,48.0,2.0,0.96,0.04,0.04000002,0.092843324,0.0037137328,0,0,0,0,0
22818,-1,0,-0.44474995,0.39060974,0,1,unassigned,40.0,40.0,0.0,1.0,0.0,0.0,0.07350097,0.0,0,0,0,0,0
22819,-1,0,-0.45215446,0.38884863,0,1,unassigned,30.0,30.0,0.0,1.0,0.0,0.0,0.054158606,0.0,0,0,0,0,0
22820,-1,0,-0.0026829839,0.49932927,0,1,unassigned,30.0,28.0,2.0,0.93333334,0.06666667,0.06666666,0.054158606,0.003610574,0,0,0,0,0
22821,-1,0,2.384928,0.91567075,1,1,unassigned,3.0,2.0,1.0,0.6666667,0.33333334,0.3333333,0.001934236,0.00064474536,0,0,0,1,1
22822,-1,0,-0.55413306,0.36490604,0,1,unassigned,52.0,51.0,1.0,0.9807692,0.01923077,0.019230783,0.0967118,0.0018598423,0,0,0,0,0
22823,-1,0,2.409034,0.91751355,1,1,unassigned,2.0,2.0,0.0,1.0,0.0,0.0,0.0,0.0,0,0,0,1,1
22824,0,0,-0.74561876,0.32177672,0,0,unassigned,50.0,50.0,0.0,1.0,0.0,0.0,0.092843324,0.0,0,0,1,0,0
22825,-1,0,-0.66619706,0.3393489,0,1,unassigned,90.0,89.0,1.0,0.98888886,0.011111111,0.01111114,0.17021276,0.0018912529,0,0,0,0,0
22826,-1,0,8.830223,0.99985373,1,1,unassigned,4.0,3.0,1.0,0.75,0.25,0.25,0.003868472,0.000967118,0,0,0,1,1
22827,1,0,-0.35920662,0.41115162,0,1,test,28.0,26.0,2.0,0.9285714,0.071428575,0.0714286,0.050290134,0.0035921526,0,0,0,0,0
22828,-1,0,-0.320764,0.42048952,0,1,unassigned,18.0,18.0,0.0,1.0,0.0,0.0,0.030947777,0.0,0,0,0,0,0
22829,-1,1,-0.86713445,0.2958509,0,1,unassigned,114.0,108.0,6.0,0.94736844,0.05263158,0.052631557,0.21663442,0.011401812,1,0,0,0,0
22830,-1,1,3.8677437,0.9795226,1,1,unassigned,2.0,2.0,0.0,1.0,0.0,0.0,0.0,0.0,1,0,0,1,1
22831,-1,0,0.23562032,0.5586341,1,1,unassigned,20.0,20.0,0.0,1.0,0.0,0.0,0.034816246,0.0,0,0,0,1,0
22832,-1,0,3.275771,0.96358824,1,1,unassigned,7.0,6.0,1.0,0.85714287,0.14285715,0.14285713,0.00967118,0.0013815971,0,0,0,1,1
22833,-1,0,4.4816074,0.9888114,1,1,unassigned,2.0,2.0,0.0,1.0,0.0,0.0,0.0,0.0,0,0,0,1,1
22834,-1,1,6.8374505,0.99892825,1,1,unassigned,2.0,2.0,0.0,1.0,0.0,0.0,0.0,0.0,1,0,0,1,1
22835,-1,0,-0.34935227,0.41353953,0,1,unassigned,49.0,49.0,0.0,1.0,0.0,0.0,0.09090909,0.0,0,0,0,0,0
22836,-1,1,5.542249,0.99609756,1,1,unassigned,4.0,4.0,0.0,1.0,0.0,0.0,0.003868472,0.0,1,0,0,1,1
22837,-1,0,-0.1777314,0.45568377,0,1,unassigned,8.0,6.0,2.0,0.75,0.25,0.25,0.0116054155,0.0029013539,0,0,0,0,0
22838,-1,0,0.33870614,0.5838762,1,1,unassigned,20.0,19.0,1.0,0.95,0.05,0.050000012,0.034816246,0.0017408123,0,0,0,1,0
22839,-1,0,3.369443,0.9667358,1,1,unassigned,18.0,15.0,3.0,0.8333333,0.16666667,0.16666669,0.030947777,0.005157963,0,0,0,1,1
22840,-1,0,-0.17549452,0.45623863,0,1,unassigned,17.0,16.0,1.0,0.9411765,0.05882353,0.058823526,0.029013539,0.0017066788,0,0,0,0,0
22841,1,0,0.0075775385,0.50189435,1,0,test,15.0,15.0,0.0,1.0,0.0,0.0,0.025145067,0.0,0,0,1,1,0
22842,-1,0,-0.020742118,0.4948146,0,1,unassigned,19.0,19.0,0.0,1.0,0.0,0.0,0.032882012,0.0,0,0,0,0,0
22843,-1,0,0.2322672,0.55780715,1,1,unassigned,32.0,32.0,0.0,1.0,0.0,0.0,0.058027077,0.0,0,0,0,1,0
22844,-1,0,7.6969132,0.999546,1,1,unassigned,2.0,2.0,0.0,1.0,0.0,0.0,0.0,0.0,0,0,0,1,1
22845,-1,1,6.646547,0.9987031,1,1,unassigned,16.0,13.0,3.0,0.8125,0.1875,0.1875,0.027079303,0.0050773695,1,0,0,1,1
22846,0,0,-0.89429146,0.290225,0,0,unassigned,67.0,67.0,0.0,1.0,0.0,0.0,0.12572534,0.0,0,0,1,0,0
22847,-1,0,-0.5545183,0.36481676,0,1,unassigned,59.0,57.0,2.0,0.9661017,0.033898305,0.033898294,0.11025145,0.0037373372,0,0,0,0,0
22848,-1,0,-0.43105257,0.393875,0,1,unassigned,81.0,79.0,2.0,0.97530866,0.024691358,0.024691343,0.15280464,0.0037729542,0,0,0,0,0
22849,0,0,-0.44428462,0.3907205,0,0,test,15.0,15.0,0.0,1.0,0.0,0.0,0.025145067,0.0,0,0,1,0,0
22850,-1,0,-0.8121553,0.3074314,0,1,unassigned,17.0,17.0,0.0,1.0,0.0,0.0,0.029013539,0.0,0,0,0,0,0
22851,-1,0,-0.043175757,0.48920777,0,1,unassigned,4.0,4.0,0.0,1.0,0.0,0.0,0.003868472,0.0,0,0,0,0,0
22852,-1,0,-0.7212336,0.32712138,0,1,unassigned,44.0,43.0,1.0,0.97727275,0.022727273,0.022727251,0.08123791,0.0018463163,0,0,0,0,0
22853,-1,1,4.1347075,0.9842449,1,1,unassigned,2.0,1.0,1.0,0.5,0.5,0.5,0.0,0.0,1,0,0,1,1
22854,-1,0,-0.7660143,0.31734192,0,1,unassigned,42.0,41.0,1.0,0.97619045,0.023809524,0.023809552,0.07736944,0.0018421295,0,0,0,0,0
22855,-1,0,-0.7864356,0.31293452,0,1,unassigned,28.0,27.0,1.0,0.96428573,0.035714287,0.03571427,0.050290134,0.0017960763,0,0,0,0,0
22856,0,0,-0.33445215,0.41715777,0,0,unassigned,91.0,90.0,1.0,0.989011,0.010989011,0.01098901,0.172147,0.0018917253,0,0,1,0,0
22857,-1,0,-0.038814962,0.49029753,0,1,unassigned,13.0,13.0,0.0,1.0,0.0,0.0,0.021276595,0.0,0,0,0,0,0
22858,-1,0,9.1494255,0.99989367,1,1,unassigned,5.0,2.0,3.0,0.4,0.6,0.6,0.0058027077,0.0034816249,0,0,0,1,1
22859,-1,0,7.8345475,0.9996044,1,1,unassigned,2.0,2.0,0.0,1.0,0.0,0.0,0.0,0.0,0,0,0,1,1
22860,-1,0,0.12730277,0.5317828,1,1,unassigned,5.0,5.0,0.0,1.0,0.0,0.0,0.0058027077,0.0,0,0,0,1,0
22861,1,0,10.859596,0.9999808,1,0,val,2.0,2.0,0.0,1.0,0.0,0.0,0.0,0.0,0,0,1,1,1
22862,-1,1,-0.08331442,0.47918344,0,1,unassigned,12.0,11.0,1.0,0.9166667,0.083333336,0.08333331,0.01934236,0.0016118633,1,0,0,0,0
22863,-1,1,2.1712372,0.8976367,1,1,unassigned,10.0,4.0,6.0,0.4,0.6,0.6,0.015473888,0.009284333,1,0,0,1,0
22864,-1,0,6.071194,0.99769694,1,1,unassigned,3.0,3.0,0.0,1.0,0.0,0.0,0.001934236,0.0,0,0,0,1,1
22865,-1,0,0.08943498,0.5223438,1,1,unassigned,45.0,43.0,2.0,0.95555556,0.044444446,0.04444444,0.08317215,0.0036965401,0,0,0,1,0
22866,-1,0,-0.61684644,0.35049903,0,1,unassigned,17.0,17.0,0.0,1.0,0.0,0.0,0.029013539,0.0,0,0,0,0,0
22867,-1,0,-0.12720716,0.46824107,0,1,unassigned,14.0,14.0,0.0,1.0,0.0,0.0,0.023210831,0.0,0,0,0,0,0
22868,-1,1,0.80276114,0.69056475,1,1,unassigned,26.0,23.0,3.0,0.88461536,0.115384616,0.11538464,0.046421662,0.005356346,1,0,0,1,0
22869,-1,0,1.0335052,0.7375949,1,1,unassigned,47.0,46.0,1.0,0.9787234,0.021276595,0.021276593,0.08704062,0.001851928,0,0,0,1,0
22870,-1,0,7.5771737,0.99948823,1,1,unassigned,2.0,2.0,0.0,1.0,0.0,0.0,0.0,0.0,0,0,0,1,1
22871,-1,1,0.79074365,0.68799096,1,1,unassigned,2.0,2.0,0.0,1.0,0.0,0.0,0.0,0.0,1,0,0,1,0
22872,-1,0,-0.4895932,0.3799894,0,1,unassigned,9.0,9.0,0.0,1.0,0.0,0.0,0.013539651,0.0,0,0,0,0,0
22873,1,0,4.0206227,0.9823744,1,0,train,7.0,7.0,0.0,1.0,0.0,0.0,0.00967118,0.0,0,0,1,1,1
22874,-1,1,-0.42146945,0.39616516,0,1,unassigned,2.0,2.0,0.0,1.0,0.0,0.0,0.0,0.0,1,0,0,0,0
22875,-1,0,8.401749,0.9997756,1,1,unassigned,5.0,4.0,1.0,0.8,0.2,0.19999999,0.0058027077,0.0011605415,0,0,0,1,1
22876,1,0,1.457562,0.81115955,1,0,unassigned,20.0,20.0,0.0,1.0,0.0,0.0,0.034816246,0.0,0,0,1,1,0
22877,-1,0,0.95674425,0.72246945,1,1,unassigned,39.0,39.0,0.0,1.0,0.0,0.0,0.07156673,0.0,0,0,0,1,0
22878,-1,1,7.530497,0.99946386,1,1,unassigned,6.0,5.0,1.0,0.8333333,0.16666667,0.16666669,0.007736944,0.0012894907,1,0,0,1,1
22879,-1,0,5.801643,0.99698657,1,1,unassigned,9.0,9.0,0.0,1.0,0.0,0.0,0.013539651,0.0,0,0,0,1,1
22880,-1,1,5.6541295,0.99650925,1,1,unassigned,11.0,11.0,0.0,1.0,0.0,0.0,0.017408123,0.0,1,0,0,1,1
22881,1,0,-0.23118237,0.44246048,0,1,val,17.0,17.0,0.0,1.0,0.0,0.0,0.029013539,0.0,0,0,0,0,0
22882,-1,1,-0.6753284,0.33730474,0,1,unassigned,107.0,103.0,4.0,0.9626168,0.037383176,0.0373832,0.20309478,0.007592328,1,0,0,0,0
22883,-1,0,-0.6877179,0.3345409,0,1,unassigned,18.0,17.0,1.0,0.9444444,0.055555556,0.055555582,0.030947777,0.0017193209,0,0,0,0,0
22884,-1,1,-0.09735644,0.47568008,0,1,unassigned,24.0,22.0,2.0,0.9166667,0.083333336,0.08333331,0.04255319,0.0035460992,1,0,0,0,0
22885,-1,0,-0.19010878,0.45261544,0,1,unassigned,7.0,7.0,0.0,1.0,0.0,0.0,0.00967118,0.0,0,0,0,0,0
22886,-1,0,1.5955453,0.83139485,1,1,unassigned,24.0,24.0,0.0,1.0,0.0,0.0,0.04255319,0.0,0,0,0,1,0
22887,-1,0,2.9168742,0.9486743,1,1,unassigned,6.0,6.0,0.0,1.0,0.0,0.0,0.007736944,0.0,0,0,0,1,1
22888,-1,0,-0.9766319,0.2735606,0,1,unassigned,56.0,56.0,0.0,1.0,0.0,0.0,0.10444874,0.0,0,0,0,0,0
22889,-1,0,-0.627421,0.34809557,0,1,unassigned,13.0,4.0,9.0,0.30769232,0.6923077,0.6923077,0.021276595,0.014729951,0,0,0,0,0
22890,-1,0,-0.018711746,0.49532217,0,1,unassigned,24.0,24.0,0.0,1.0,0.0,0.0,0.04255319,0.0,0,0,0,0,0
22891,-1,1,0.07486498,0.5187075,1,1,unassigned,23.0,21.0,2.0,0.9130435,0.08695652,0.0869565,0.040618956,0.0035320832,1,0,0,1,0
22892,-1,1,1.3135579,0.78810793,1,1,unassigned,6.0,6.0,0.0,1.0,0.0,0.0,0.007736944,0.0,1,0,0,1,0
22893,-1,0,0.30871636,0.5765719,1,1,unassigned,4.0,3.0,1.0,0.75,0.25,0.25,0.003868472,0.000967118,0,0,0,1,0
22894,-1,0,0.42492276,0.60466063,1,1,unassigned,5.0,5.0,0.0,1.0,0.0,0.0,0.0058027077,0.0,0,0,0,1,0
22895,-1,0,0.40716833,0.60040873,1,1,unassigned,30.0,30.0,0.0,1.0,0.0,0.0,0.054158606,0.0,0,0,0,1,0
22896,-1,1,0.14954758,0.53731734,1,1,unassigned,9.0,5.0,4.0,0.5555556,0.44444445,0.44444442,0.013539651,0.006017623,1,0,0,1,0
22897,0,0,-0.2698264,0.4329497,0,0,unassigned,40.0,40.0,0.0,1.0,0.0,0.0,0.07350097,0.0,0,0,1,0,0
22898,-1,0,-0.8171321,0.3063728,0,1,unassigned,126.0,120.0,6.0,0.95238096,0.04761905,0.047619045,0.23984526,0.011421203,0,0,0,0,0
22899,0,0,-0.27535975,0.43159178,0,0,val,39.0,39.0,0.0,1.0,0.0,0.0,0.07156673,0.0,0,0,1,0,0
22900,-1,0,-0.49026272,0.37983167,0,1,unassigned,37.0,37.0,0.0,1.0,0.0,0.0,0.06769826,0.0,0,0,0,0,0
22901,0,0,-0.7599463,0.31865793,0,0,unassigned,20.0,19.0,1.0,0.95,0.05,0.050000012,0.034816246,0.0017408123,0,0,1,0,0
22902,-1,0,-0.76609313,0.31732485,0,1,unassigned,30.0,28.0,2.0,0.93333334,0.06666667,0.06666666,0.054158606,0.003610574,0,0,0,0,0
22903,-1,0,-0.39507598,0.40249595,0,1,unassigned,2.0,2.0,0.0,1.0,0.0,0.0,0.0,0.0,0,0,0,0,0
22904,1,0,-0.54462403,0.3671126,0,1,unassigned,33.0,32.0,1.0,0.969697,0.030303031,0.030303001,0.059961315,0.0018170096,0,0,0,0,0
22905,-1,0,-0.37324452,0.40775728,0,1,unassigned,30.0,29.0,1.0,0.96666664,0.033333335,0.03333336,0.054158606,0.001805287,0,0,0,0,0
22906,-1,1,3.3016403,0.96448505,1,1,unassigned,7.0,3.0,4.0,0.42857143,0.5714286,0.57142854,0.00967118,0.0055263885,1,0,0,1,1
22907,-1,0,-0.16210765,0.45956162,0,1,unassigned,9.0,8.0,1.0,0.8888889,0.11111111,0.111111104,0.013539651,0.0015044058,0,0,0,0,0
22908,-1,0,-0.31462815,0.42198548,0,1,unassigned,64.0,63.0,1.0,0.984375,0.015625,0.015625,0.11992263,0.0018737911,0,0,0,0,0
22909,-1,0,-0.55228794,0.36533377,0,1,unassigned,79.0,76.0,3.0,0.96202534,0.03797468,0.037974656,0.14893617,0.0056558037,0,0,0,0,0
22910,-1,0,-0.53241426,0.36995402,0,1,unassigned,13.0,12.0,1.0,0.9230769,0.07692308,0.07692307,0.021276595,0.0016366612,0,0,0,0,0
22911,-1,0,-0.38816124,0.40416002,0,1,unassigned,13.0,13.0,0.0,1.0,0.0,0.0,0.021276595,0.0,0,0,0,0,0
22912,-1,0,-0.4168619,0.39726794,0,1,unassigned,39.0,39.0,0.0,1.0,0.0,0.0,0.07156673,0.0,0,0,0,0,0
22913,-1,0,-0.4330397,0.39340073,0,1,unassigned,32.0,32.0,0.0,1.0,0.0,0.0,0.058027077,0.0,0,0,0,0,0
22914,-1,0,0.070142984,0.51752853,1,1,unassigned,8.0,8.0,0.0,1.0,0.0,0.0,0.0116054155,0.0,0,0,0,1,0
22915,-1,0,3.963772,0.9813626,1,1,unassigned,3.0,3.0,0.0,1.0,0.0,0.0,0.001934236,0.0,0,0,0,1,1
22916,-1,0,1.8342836,0.8622712,1,1,unassigned,18.0,17.0,1.0,0.9444444,0.055555556,0.055555582,0.030947777,0.0017193209,0,0,0,1,0
22917,-1,0,0.50063926,0.62260956,1,1,unassigned,11.0,11.0,0.0,1.0,0.0,0.0,0.017408123,0.0,0,0,0,1,0
22918,-1,0,2.8275125,0.94414455,1,1,unassigned,2.0,2.0,0.0,1.0,0.0,0.0,0.0,0.0,0,0,0,1,1
22919,-1,0,-0.24495322,0.43906605,0,1,unassigned,14.0,14.0,0.0,1.0,0.0,0.0,0.023210831,0.0,0,0,0,0,0
22920,0,0,-0.21314073,0.44691563,0,0,unassigned,16.0,16.0,0.0,1.0,0.0,0.0,0.027079303,0.0,0,0,1,0,0
22921,-1,0,-0.842853,0.30093423,0,1,unassigned,67.0,67.0,0.0,1.0,0.0,0.0,0.12572534,0.0,0,0,0,0,0
22922,-1,0,3.740835,0.97681594,1,1,unassigned,2.0,2.0,0.0,1.0,0.0,0.0,0.0,0.0,0,0,0,1,1
22923,-1,0,8.446582,0.9997855,1,1,unassigned,6.0,6.0,0.0,1.0,0.0,0.0,0.007736944,0.0,0,0,0,1,1
22924,-1,0,2.9274497,0.94918674,1,1,unassigned,32.0,31.0,1.0,0.96875,0.03125,0.03125,0.058027077,0.0018133462,0,0,0,1,1
22925,-1,1,0.1709187,0.54262596,1,1,unassigned,3.0,3.0,0.0,1.0,0.0,0.0,0.001934236,0.0,1,0,0,1,0
22926,1,0,3.0027423,0.95269793,1,0,test,12.0,12.0,0.0,1.0,0.0,0.0,0.01934236,0.0,0,0,1,1,1
22927,-1,0,0.001430273,0.50035757,1,1,unassigned,12.0,11.0,1.0,0.9166667,0.083333336,0.08333331,0.01934236,0.0016118633,0,0,0,1,0
22928,-1,1,-0.85976297,0.29738888,0,1,unassigned,38.0,37.0,1.0,0.9736842,0.02631579,0.026315808,0.06963249,0.0018324341,1,0,0,0,0
22929,-1,0,0.19814098,0.5493738,1,1,unassigned,8.0,8.0,0.0,1.0,0.0,0.0,0.0116054155,0.0,0,0,0,1,0
22930,-1,0,1.5288417,0.82183677,1,1,unassigned,37.0,36.0,1.0,0.972973,0.027027028,0.02702701,0.06769826,0.0018296828,0,0,0,1,0
22931,0,1,-0.846261,0.30021778,0,0,test,48.0,47.0,1.0,0.9791667,0.020833334,0.020833313,0.088974856,0.0018536429,1,0,1,0,0
22932,-1,1,-0.06638408,0.48341012,0,1,unassigned,29.0,27.0,2.0,0.9310345,0.06896552,0.068965495,0.05222437,0.0036016807,1,0,0,0,0
22933,-1,0,-0.766448,0.31724796,0,1,unassigned,40.0,24.0,16.0,0.6,0.4,0.39999998,0.07350097,0.029400388,0,0,0,0,0
22934,-1,1,0.18846089,0.5469762,1,1,unassigned,30.0,28.0,2.0,0.93333334,0.06666667,0.06666666,0.054158606,0.003610574,1,0,0,1,0
22935,1,1,1.9425781,0.8746351,1,0,unassigned,30.0,28.0,2.0,0.93333334,0.06666667,0.06666666,0.054158606,0.003610574,1,0,1,1,0
22936,-1,1,9.870211,0.99994826,1,1,unassigned,2.0,2.0,0.0,1.0,0.0,0.0,0.0,0.0,1,0,0,1,1
22937,-1,1,3.7228148,0.97640437,1,1,unassigned,16.0,15.0,1.0,0.9375,0.0625,0.0625,0.027079303,0.0016924564,1,0,0,1,1
22938,-1,0,-0.106459916,0.47341013,0,1,unassigned,2.0,2.0,0.0,1.0,0.0,0.0,0.0,0.0,0,0,0,0,0
22939,-1,0,0.7944582,0.68878776,1,1,unassigned,46.0,46.0,0.0,1.0,0.0,0.0,0.08510638,0.0,0,0,0,1,0
22940,-1,0,-0.6547569,0.34191838,0,1,unassigned,33.0,33.0,0.0,1.0,0.0,0.0,0.059961315,0.0,0,0,0,0,0
22941,-1,0,-0.39897636,0.4015583,0,1,unassigned,83.0,82.0,1.0,0.9879518,0.012048192,0.012048185,0.15667312,0.0018876279,0,0,0,0,0
22942,-1,0,0.16344112,0.5407696,1,1,unassigned,36.0,36.0,0.0,1.0,0.0,0.0,0.065764025,0.0,0,0,0,1,0
22943,-1,0,-0.37350225,0.40769503,0,1,unassigned,26.0,24.0,2.0,0.9230769,0.07692308,0.07692307,0.046421662,0.0035708973,0,0,0,0,0
22944,-1,0,1.7021897,0.84582055,1,1,unassigned,4.0,4.0,0.0,1.0,0.0,0.0,0.003868472,0.0,0,0,0,1,0
22945,-1,1,1.0240037,0.73575175,1,1,unassigned,9.0,8.0,1.0,0.8888889,0.11111111,0.111111104,0.013539651,0.0015044058,1,0,0,1,0
22946,-1,0,-0.11732358,0.47070274,0,1,unassigned,7.0,5.0,2.0,0.71428573,0.2857143,0.28571427,0.00967118,0.0027631943,0,0,0,0,0
22947,-1,0,3.518614,0.9712128,1,1,unassigned,5.0,5.0,0.0,1.0,0.0,0.0,0.0058027077,0.0,0,0,0,1,1
22948,-1,1,-0.37410387,0.40754977,0,1,unassigned,8.0,8.0,0.0,1.0,0.0,0.0,0.0116054155,0.0,1,0,0,0,0
22949,-1,0,0.114216805,0.5285232,1,1,unassigned,2.0,1.0,1.0,0.5,0.5,0.5,0.0,0.0,0,0,0,1,0
22950,-1,0,6.8761806,0.99896896,1,1,unassigned,2.0,2.0,0.0,1.0,0.0,0.0,0.0,0.0,0,0,0,1,1
22951,-1,0,3.3720827,0.96682054,1,1,unassigned,4.0,4.0,0.0,1.0,0.0,0.0,0.003868472,0.0,0,0,0,1,1
22952,-1,0,0.023167014,0.5057915,1,1,unassigned,3.0,1.0,2.0,0.33333334,0.6666667,0.6666666,0.001934236,0.0012894907,0,0,0,1,0
22953,-1,1,3.840902,0.9789772,1,1,unassigned,3.0,1.0,2.0,0.33333334,0.6666667,0.6666666,0.001934236,0.0012894907,1,0,0,1,1
22954,0,0,-0.4579615,0.3874695,0,0,test,11.0,11.0,0.0,1.0,0.0,0.0,0.017408123,0.0,0,0,1,0,0
22955,-1,1,4.2091894,0.9853592,1,1,unassigned,6.0,6.0,0.0,1.0,0.0,0.0,0.007736944,0.0,1,0,0,1,1
22956,-1,0,0.8470133,0.6999402,1,1,unassigned,14.0,11.0,3.0,0.78571427,0.21428572,0.21428573,0.023210831,0.0049737496,0,0,0,1,0
22957,1,0,0.3531615,0.58738405,1,0,val,6.0,6.0,0.0,1.0,0.0,0.0,0.007736944,0.0,0,0,1,1,0
22958,-1,0,0.37388128,0.5923965,1,1,unassigned,14.0,14.0,0.0,1.0,0.0,0.0,0.023210831,0.0,0,0,0,1,0
22959,-1,0,1.4989581,0.817419,1,1,unassigned,19.0,16.0,3.0,0.84210527,0.15789473,0.15789473,0.032882012,0.0051918966,0,0,0,1,0
22960,-1,1,1.2206273,0.77217394,1,1,unassigned,28.0,27.0,1.0,0.96428573,0.035714287,0.03571427,0.050290134,0.0017960763,1,0,0,1,0
22961,-1,0,0.030439317,0.50760925,1,1,unassigned,12.0,10.0,2.0,0.8333333,0.16666667,0.16666669,0.01934236,0.0032237265,0,0,0,1,0
22962,-1,0,-0.45330685,0.38857484,0,1,unassigned,4.0,4.0,0.0,1.0,0.0,0.0,0.003868472,0.0,0,0,0,0,0
22963,-1,0,-0.4644345,0.38593438,0,1,unassigned,29.0,26.0,3.0,0.8965517,0.10344828,0.10344827,0.05222437,0.005402521,0,0,0,0,0
22964,-1,0,-0.90467054,0.28809166,0,1,unassigned,8.0,8.0,0.0,1.0,0.0,0.0,0.0116054155,0.0,0,0,0,0,0
22965,0,0,-0.5711507,0.36097133,0,0,train,23.0,23.0,0.0,1.0,0.0,0.0,0.040618956,0.0,0,0,1,0,0
22966,-1,0,-0.084055394,0.4789985,0,1,unassigned,60.0,59.0,1.0,0.98333335,0.016666668,0.01666665,0.11218569,0.0018697615,0,0,0,0,0
22967,-1,1,3.2213871,0.9616312,1,1,unassigned,2.0,2.0,0.0,1.0,0.0,0.0,0.0,0.0,1,0,0,1,1
22968,-1,0,8.8220005,0.99985254,1,1,unassigned,2.0,1.0,1.0,0.5,0.5,0.5,0.0,0.0,0,0,0,1,1
22969,-1,1,-0.7017822,0.3314172,0,1,unassigned,49.0,39.0,10.0,0.79591835,0.20408164,0.20408165,0.09090909,0.018552877,1,0,0,0,0
22970,-1,0,-0.7881702,0.3125617,0,1,unassigned,12.0,12.0,0.0,1.0,0.0,0.0,0.01934236,0.0,0,0,0,0,0
22971,-1,0,-0.0066663027,0.49833342,0,1,unassigned,9.0,9.0,0.0,1.0,0.0,0.0,0.013539651,0.0,0,0,0,0,0
22972,1,0,10.05679,0.9999571,1,0,val,2.0,2.0,0.0,1.0,0.0,0.0,0.0,0.0,0,0,1,1,1
22973,-1,0,-0.48762947,0.38045216,0,1,unassigned,19.0,18.0,1.0,0.94736844,0.05263158,0.052631557,0.032882012,0.0017306323,0,0,0,0,0
22974,0,0,0.60039836,0.6457474,1,1,unassigned,23.0,18.0,5.0,0.7826087,0.2173913,0.21739131,0.040618956,0.008830207,0,0,0,1,0
22975,-1,0,-0.13343418,0.46669087,0,1,unassigned,3.0,3.0,0.0,1.0,0.0,0.0,0.001934236,0.0,0,0,0,0,0
22976,-1,0,-0.44860277,0.38969305,0,1,unassigned,23.0,22.0,1.0,0.95652175,0.04347826,0.04347825,0.040618956,0.0017660416,0,0,0,0,0
22977,-1,0,0.7242721,0.673547,1,1,unassigned,13.0,13.0,0.0,1.0,0.0,0.0,0.021276595,0.0,0,0,0,1,0
22978,-1,0,3.6374552,0.9743557,1,1,unassigned,9.0,8.0,1.0,0.8888889,0.11111111,0.111111104,0.013539651,0.0015044058,0,0,0,1,1
22979,-1,1,-0.7504207,0.32072964,0,1,unassigned,49.0,47.0,2.0,0.9591837,0.040816326,0.040816307,0.09090909,0.0037105752,1,0,0,0,0
22980,-1,0,-0.41726103,0.3971724,0,1,unassigned,18.0,18.0,0.0,1.0,0.0,0.0,0.030947777,0.0,0,0,0,0,0
22981,0,1,-0.82549196,0.3045991,0,0,unassigned,58.0,53.0,5.0,0.9137931,0.0862069,0.08620691,0.10831721,0.009337691,1,0,1,0,0
22982,-1,1,-0.16392827,0.4591095,0,1,unassigned,2.0,2.0,0.0,1.0,0.0,0.0,0.0,0.0,1,0,0,0,0
22983,-1,0,-0.11718303,0.4707377,0,1,unassigned,10.0,6.0,4.0,0.6,0.4,0.39999998,0.015473888,0.0061895554,0,0,0,0,0
22984,-1,0,-0.8899685,0.29111633,0,1,unassigned,59.0,58.0,1.0,0.9830508,0.016949153,0.016949177,0.11025145,0.0018686686,0,0,0,0,0
22985,1,0,1.0626228,0.7431914,1,0,val,3.0,3.0,0.0,1.0,0.0,0.0,0.001934236,0.0,0,0,1,1,0
22986,-1,0,0.018575668,0.5046438,1,1,unassigned,40.0,40.0,0.0,1.0,0.0,0.0,0.07350097,0.0,0,0,0,1,0
22987,-1,1,0.010646582,0.5026616,1,1,unassigned,30.0,29.0,1.0,0.96666664,0.033333335,0.03333336,0.054158606,0.001805287,1,0,0,1,0
22988,-1,1,-0.538282,0.36858732,0,1,unassigned,48.0,47.0,1.0,0.9791667,0.020833334,0.020833313,0.088974856,0.0018536429,1,0,0,0,0
22989,-1,1,0.131073,0.5327214,1,1,unassigned,85.0,81.0,4.0,0.9529412,0.047058824,0.04705882,0.16054158,0.007554898,1,0,0,1,0
22990,0,0,-0.94584465,0.27972126,0,0,unassigned,6.0,6.0,0.0,1.0,0.0,0.0,0.007736944,0.0,0,0,1,0,0
22991,-1,1,-0.7784519,0.31465364,0,1,unassigned,41.0,41.0,0.0,1.0,0.0,0.0,0.07543521,0.0,1,0,0,0,0
22992,-1,0,3.2650034,0.9632085,1,1,unassigned,5.0,5.0,0.0,1.0,0.0,0.0,0.0058027077,0.0,0,0,0,1,1
22993,-1,0,0.7208751,0.6727997,1,1,unassigned,3.0,3.0,0.0,1.0,0.0,0.0,0.001934236,0.0,0,0,0,1,0
22994,1,1,3.8519804,0.97920406,1,0,unassigned,4.0,4.0,0.0,1.0,0.0,0.0,0.003868472,0.0,1,0,1,1,1
22995,-1,0,0.19329876,0.5481748,1,1,unassigned,3.0,2.0,1.0,0.6666667,0.33333334,0.3333333,0.001934236,0.00064474536,0,0,0,1,0
22996,-1,0,3.420172,0.968329,1,1,unassigned,2.0,2.0,0.0,1.0,0.0,0.0,0.0,0.0,0,0,0,1,1
22997,-1,1,1.674484,0.84217274,1,1,unassigned,18.0,18.0,0.0,1.0,0.0,0.0,0.030947777,0.0,1,0,0,1,0
22998,-1,0,2.8755903,0.9466265,1,1,unassigned,21.0,20.0,1.0,0.95238096,0.04761905,0.047619045,0.036750484,0.0017500231,0,0,0,1,1
22999,-1,0,-0.1996508,0.45025244,0,1,unassigned,5.0,5.0,0.0,1.0,0.0,0.0,0.0058027077,0.0,0,0,0,0,0
23000,-1,0,3.3709867,0.9667854,1,1,unassigned,11.0,11.0,0.0,1.0,0.0,0.0,0.017408123,0.0,0,0,0,1,1
23001,1,1,-0.7917243,0.31179854,0,1,val,109.0,105.0,4.0,0.96330273,0.036697246,0.03669727,0.20696326,0.0075949817,1,0,0,0,0
23002,-1,0,-0.15713882,0.46079597,0,1,unassigned,80.0,79.0,1.0,0.9875,0.0125,0.012499988,0.15087041,0.0018858801,0,0,0,0,0
23003,-1,1,-0.2693941,0.43305585,0,1,unassigned,120.0,107.0,13.0,0.89166665,0.108333334,0.10833335,0.22823985,0.024725985,1,0,0,0,0
23004,-1,1,-0.8973831,0.28958857,0,1,unassigned,47.0,45.0,2.0,0.9574468,0.04255319,0.042553186,0.08704062,0.003703856,1,0,0,0,0
23005,-1,1,-0.5732436,0.3604887,0,1,unassigned,50.0,48.0,2.0,0.96,0.04,0.04000002,0.092843324,0.0037137328,1,0,0,0,0
23006,-1,1,-0.80340934,0.3092967,0,1,unassigned,78.0,75.0,3.0,0.96153843,0.03846154,0.038461566,0.14700194,0.005653921,1,0,0,0,0
23007,-1,1,-0.08259493,0.479363,0,1,unassigned,29.0,27.0,2.0,0.9310345,0.06896552,0.068965495,0.05222437,0.0036016807,1,0,0,0,0
23008,-1,0,-0.6942816,0.3330813,0,1,unassigned,9.0,7.0,2.0,0.7777778,0.22222222,0.22222221,0.013539651,0.0030088115,0,0,0,0,0
23009,-1,0,-0.7592032,0.31881928,0,1,unassigned,4.0,4.0,0.0,1.0,0.0,0.0,0.003868472,0.0,0,0,0,0,0
23010,-1,1,-0.22153413,0.44484186,0,1,unassigned,78.0,77.0,1.0,0.98717946,0.012820513,0.012820542,0.14700194,0.0018846402,1,0,0,0,0
23011,-1,0,4.231261,0.9856742,1,1,unassigned,2.0,1.0,1.0,0.5,0.5,0.5,0.0,0.0,0,0,0,1,1
23012,-1,0,-0.50875986,0.3754843,0,1,unassigned,3.0,3.0,0.0,1.0,0.0,0.0,0.001934236,0.0,0,0,0,0,0
23013,-1,1,2.5246031,0.9258487,1,1,unassigned,40.0,39.0,1.0,0.975,0.025,0.024999976,0.07350097,0.0018375242,1,0,0,1,1
23014,1,0,2.0179555,0.88266945,1,0,test,24.0,23.0,1.0,0.9583333,0.041666668,0.041666687,0.04255319,0.0017730496,0,0,1,1,0
23015,-1,1,5.3092456,0.9950787,1,1,unassigned,14.0,12.0,2.0,0.85714287,0.14285715,0.14285713,0.023210831,0.0033158332,1,0,0,1,1
23016,-1,0,-0.62247896,0.34921786,0,1,unassigned,25.0,25.0,0.0,1.0,0.0,0.0,0.044487428,0.0,0,0,0,0,0
23017,-1,0,3.4591048,0.9695015,1,1,unassigned,27.0,26.0,1.0,0.962963,0.037037037,0.037037015,0.0483559,0.0017909593,0,0,0,1,1
23018,-1,1,2.3651986,0.91413474,1,1,unassigned,4.0,3.0,1.0,0.75,0.25,0.25,0.003868472,0.000967118,1,0,0,1,1
23019,-1,1,8.648544,0.9998247,1,1,unassigned,2.0,2.0,0.0,1.0,0.0,0.0,0.0,0.0,1,0,0,1,1
23020,1,0,0.26627463,0.5661781,1,0,unassigned,7.0,7.0,0.0,1.0,0.0,0.0,0.00967118,0.0,0,0,1,1,0
23021,0,0,-1.0001311,0.26891562,0,0,test,7.0,5.0,2.0,0.71428573,0.2857143,0.28571427,0.00967118,0.0027631943,0,0,1,0,0
23022,1,0,1.7192671,0.84803444,1,0,test,4.0,2.0,2.0,0.5,0.5,0.5,0.003868472,0.001934236,0,0,1,1,0
23023,-1,0,-0.5132945,0.37442157,0,1,unassigned,17.0,17.0,0.0,1.0,0.0,0.0,0.029013539,0.0,0,0,0,0,0
23024,-1,1,-0.7705828,0.31635305,0,1,unassigned,53.0,51.0,2.0,0.9622642,0.03773585,0.03773582,0.09864604,0.0037224921,1,0,0,0,0
23025,-1,0,2.570492,0.92893815,1,1,unassigned,16.0,14.0,2.0,0.875,0.125,0.125,0.027079303,0.0033849129,0,0,0,1,1
23026,-1,0,-0.15889385,0.4603599,0,1,unassigned,40.0,39.0,1.0,0.975,0.025,0.024999976,0.07350097,0.0018375242,0,0,0,0,0
23027,-1,1,-0.21215323,0.44715977,0,1,unassigned,21.0,15.0,6.0,0.71428573,0.2857143,0.28571427,0.036750484,0.010500139,1,0,0,0,0
23028,-1,1,1.6610119,0.8403738,1,1,unassigned,7.0,6.0,1.0,0.85714287,0.14285715,0.14285713,0.00967118,0.0013815971,1,0,0,1,0
23029,-1,0,-0.27182847,0.43245828,0,1,unassigned,13.0,13.0,0.0,1.0,0.0,0.0,0.021276595,0.0,0,0,0,0,0
23030,-1,0,1.1761985,0.76426363,1,1,unassigned,29.0,28.0,1.0,0.9655172,0.03448276,0.034482777,0.05222437,0.0018008404,0,0,0,1,0
23031,1,1,-0.095885485,0.47604695,0,1,test,36.0,35.0,1.0,0.9722222,0.027777778,0.027777791,0.065764025,0.0018267785,1,0,0,0,0
23032,-1,0,0.40795958,0.6005986,1,1,unassigned,5.0,5.0,0.0,1.0,0.0,0.0,0.0058027077,0.0,0,0,0,1,0
23033,-1,0,2.6072967,0.9313297,1,1,unassigned,6.0,5.0,1.0,0.8333333,0.16666667,0.16666669,0.007736944,0.0012894907,0,0,0,1,1
23034,-1,0,0.84614736,0.69975835,1,1,unassigned,12.0,2.0,10.0,0.16666667,0.8333333,0.8333333,0.01934236,0.016118633,0,0,0,1,0
23035,-1,1,0.2602551,0.564699,1,1,unassigned,40.0,39.0,1.0,0.975,0.025,0.024999976,0.07350097,0.0018375242,1,0,0,1,0
23036,-1,0,-0.5260282,0.37144372,0,1,unassigned,15.0,15.0,0.0,1.0,0.0,0.0,0.025145067,0.0,0,0,0,0,0
23037,-1,1,-0.80825293,0.3082629,0,1,unassigned,113.0,110.0,3.0,0.9734513,0.026548672,0.026548684,0.21470019,0.005700005,1,0,0,0,0
23038,-1,1,0.024298847,0.5060744,1,1,unassigned,54.0,53.0,1.0,0.9814815,0.018518519,0.018518507,0.10058027,0.0018625975,1,0,0,1,0
23039,-1,1,-0.715365,0.32841444,0,1,unassigned,22.0,22.0,0.0,1.0,0.0,0.0,0.03868472,0.0,1,0,0,0,0
23040,1,1,0.2676139,0.566507,1,0,val,71.0,69.0,2.0,0.97183096,0.028169014,0.028169036,0.13346228,0.0037595008,1,0,1,1,0
23041,-1,0,-0.40960297,0.39900732,0,1,unassigned,10.0,10.0,0.0,1.0,0.0,0.0,0.015473888,0.0,0,0,0,0,0
23042,-1,1,5.614806,0.9963697,1,1,unassigned,7.0,6.0,1.0,0.85714287,0.14285715,0.14285713,0.00967118,0.0013815971,1,0,0,1,1
23043,-1,1,-0.53541905,0.3692539,0,1,unassigned,7.0,7.0,0.0,1.0,0.0,0.0,0.00967118,0.0,1,0,0,0,0
23044,1,0,-0.25370005,0.43691298,0,1,val,4.0,4.0,0.0,1.0,0.0,0.0,0.003868472,0.0,0,0,0,0,0
23045,-1,1,-0.10265806,0.47435802,0,1,unassigned,6.0,6.0,0.0,1.0,0.0,0.0,0.007736944,0.0,1,0,0,0,0
23046,-1,0,-0.8464694,0.300174,0,1,unassigned,84.0,84.0,0.0,1.0,0.0,0.0,0.15860735,0.0,0,0,0,0,0
23047,-1,0,0.8217712,0.6946122,1,1,unassigned,22.0,22.0,0.0,1.0,0.0,0.0,0.03868472,0.0,0,0,0,1,0
23048,-1,0,4.718566,0.99115103,1,1,unassigned,3.0,3.0,0.0,1.0,0.0,0.0,0.001934236,0.0,0,0,0,1,1
23049,-1,0,8.148146,0.99971074,1,1,unassigned,2.0,2.0,0.0,1.0,0.0,0.0,0.0,0.0,0,0,0,1,1
23050,0,0,-0.79443336,0.31121755,0,0,unassigned,18.0,18.0,0.0,1.0,0.0,0.0,0.030947777,0.0,0,0,1,0,0
23051,0,1,-0.9029589,0.28844282,0,0,unassigned,58.0,57.0,1.0,0.98275864,0.01724138,0.017241359,0.10831721,0.0018675381,1,0,1,0,0
23052,1,1,4.121021,0.9840312,1,0,unassigned,9.0,8.0,1.0,0.8888889,0.11111111,0.111111104,0.013539651,0.0015044058,1,0,1,1,1
23053,-1,0,-0.57185435,0.36080906,0,1,unassigned,3.0,3.0,0.0,1.0,0.0,0.0,0.001934236,0.0,0,0,0,0,0
23054,-1,0,0.26153547,0.5650137,1,1,unassigned,12.0,12.0,0.0,1.0,0.0,0.0,0.01934236,0.0,0,0,0,1,0
23055,-1,0,-0.7137551,0.32876965,0,1,unassigned,12.0,12.0,0.0,1.0,0.0,0.0,0.01934236,0.0,0,0,0,0,0
23056,-1,0,-0.3313868,0.4179032,0,1,unassigned,74.0,74.0,0.0,1.0,0.0,0.0,0.13926499,0.0,0,0,0,0,0
23057,-1,0,2.0933383,0.890254,1,1,unassigned,6.0,6.0,0.0,1.0,0.0,0.0,0.007736944,0.0,0,0,0,1,0
23058,-1,0,0.13537353,0.5337918,1,1,unassigned,29.0,27.0,2.0,0.9310345,0.06896552,0.068965495,0.05222437,0.0036016807,0,0,0,1,0
23059,-1,0,1.6031184,0.8324537,1,1,unassigned,11.0,9.0,2.0,0.8181818,0.18181819,0.18181819,0.017408123,0.0031651135,0,0,0,1,0
23060,0,0,-0.7021214,0.33134204,0,0,test,48.0,48.0,0.0,1.0,0.0,0.0,0.088974856,0.0,0,0,1,0,0
23061,0,0,0.020018578,0.50500447,1,1,val,58.0,56.0,2.0,0.9655172,0.03448276,0.034482777,0.10831721,0.0037350762,0,0,0,1,0
23062,-1,0,0.036641896,0.50915945,1,1,unassigned,14.0,14.0,0.0,1.0,0.0,0.0,0.023210831,0.0,0,0,0,1,0
23063,1,0,-1.0009074,0.26876304,0,1,unassigned,17.0,17.0,0.0,1.0,0.0,0.0,0.029013539,0.0,0,0,0,0,0
23064,-1,0,0.044184268,0.51104426,1,1,unassigned,21.0,20.0,1.0,0.95238096,0.04761905,0.047619045,0.036750484,0.0017500231,0,0,0,1,0
23065,-1,0,2.1212938,0.8929557,1,1,unassigned,12.0,12.0,0.0,1.0,0.0,0.0,0.01934236,0.0,0,0,0,1,0
23066,-1,1,1.8706686,0.8665356,1,1,unassigned,4.0,4.0,0.0,1.0,0.0,0.0,0.003868472,0.0,1,0,0,1,0
23067,1,0,2.4168837,0.9181057,1,0,unassigned,25.0,25.0,0.0,1.0,0.0,0.0,0.044487428,0.0,0,0,1,1,1
23068,-1,1,-0.6539707,0.34209532,0,1,unassigned,17.0,17.0,0.0,1.0,0.0,0.0,0.029013539,0.0,1,0,0,0,0
23069,-1,1,10.933912,0.9999821,1,1,unassigned,2.0,2.0,0.0,1.0,0.0,0.0,0.0,0.0,1,0,0,1,1
23070,-1,1,-0.42395115,0.39557165,0,1,unassigned,6.0,6.0,0.0,1.0,0.0,0.0,0.007736944,0.0,1,0,0,0,0
23071,-1,0,2.1356833,0.89432335,1,1,unassigned,6.0,6.0,0.0,1.0,0.0,0.0,0.007736944,0.0,0,0,0,1,0
23072,-1,0,0.13150775,0.53282964,1,1,unassigned,2.0,2.0,0.0,1.0,0.0,0.0,0.0,0.0,0,0,0,1,0
23073,-1,0,0.39271373,0.5969358,1,1,unassigned,4.0,4.0,0.0,1.0,0.0,0.0,0.003868472,0.0,0,0,0,1,0
23074,-1,1,1.18102,0.7651312,1,1,unassigned,8.0,8.0,0.0,1.0,0.0,0.0,0.0116054155,0.0,1,0,0,1,0
23075,-1,0,1.8420489,0.8631909,1,1,unassigned,3.0,3.0,0.0,1.0,0.0,0.0,0.001934236,0.0,0,0,0,1,0
23076,-1,0,0.60145766,0.6459897,1,1,unassigned,17.0,17.0,0.0,1.0,0.0,0.0,0.029013539,0.0,0,0,0,1,0
23077,-1,0,-0.58217955,0.35843122,0,1,unassigned,70.0,70.0,0.0,1.0,0.0,0.0,0.13152805,0.0,0,0,0,0,0
23078,-1,0,-0.79660624,0.31075194,0,1,unassigned,60.0,58.0,2.0,0.96666664,0.033333335,0.03333336,0.11218569,0.003739523,0,0,0,0,0
23079,-1,1,-0.76852286,0.31679872,0,1,unassigned,44.0,41.0,3.0,0.9318182,0.06818182,0.06818181,0.08123791,0.005538949,1,0,0,0,0
23080,0,0,-0.58088344,0.35872933,0,0,unassigned,28.0,28.0,0.0,1.0,0.0,0.0,0.050290134,0.0,0,0,1,0,0
23081,-1,0,-0.14915961,0.4627791,0,1,unassigned,88.0,88.0,0.0,1.0,0.0,0.0,0.1663443,0.0,0,0,0,0,0
23082,0,0,0.025792897,0.50644785,1,1,unassigned,10.0,10.0,0.0,1.0,0.0,0.0,0.015473888,0.0,0,0,0,1,0
23083,-1,0,-1.4014847,0.19758062,0,1,unassigned,2.0,2.0,0.0,1.0,0.0,0.0,0.0,0.0,0,0,0,0,0
23084,1,0,6.496844,0.998494,1,0,val,2.0,2.0,0.0,1.0,0.0,0.0,0.0,0.0,0,0,1,1,1
23085,-1,0,0.23495454,0.5584699,1,1,unassigned,2.0,2.0,0.0,1.0,0.0,0.0,0.0,0.0,0,0,0,1,0
23086,-1,0,2.719581,0.9381722,1,1,unassigned,2.0,2.0,0.0,1.0,0.0,0.0,0.0,0.0,0,0,0,1,1
23087,0,0,-0.6072414,0.35268873,0,0,unassigned,30.0,30.0,0.0,1.0,0.0,0.0,0.054158606,0.0,0,0,1,0,0
23088,-1,0,0.6001566,0.64569217,1,1,unassigned,25.0,25.0,0.0,1.0,0.0,0.0,0.044487428,0.0,0,0,0,1,0
23089,-1,0,-0.94270235,0.2803548,0,1,unassigned,34.0,34.0,0.0,1.0,0.0,0.0,0.061895553,0.0,0,0,0,0,0
23090,-1,0,-0.22204092,0.44471672,0,1,unassigned,6.0,6.0,0.0,1.0,0.0,0.0,0.007736944,0.0,0,0,0,0,0
23091,-1,0,-0.8028426,0.30941778,0,1,unassigned,34.0,34.0,0.0,1.0,0.0,0.0,0.061895553,0.0,0,0,0,0,0
23092,-1,0,0.29691386,0.5736879,1,1,unassigned,13.0,12.0,1.0,0.9230769,0.07692308,0.07692307,0.021276595,0.0016366612,0,0,0,1,0
23093,-1,0,-0.42047668,0.3964027,0,1,unassigned,28.0,28.0,0.0,1.0,0.0,0.0,0.050290134,0.0,0,0,0,0,0
23094,-1,1,0.67468673,0.6625518,1,1,unassigned,15.0,14.0,1.0,0.93333334,0.06666667,0.06666666,0.025145067,0.0016763379,1,0,0,1,0
23095,-1,0,3.496834,0.97059757,1,1,unassigned,7.0,5.0,2.0,0.71428573,0.2857143,0.28571427,0.00967118,0.0027631943,0,0,0,1,1
23096,-1,0,0.10332632,0.52580863,1,1,unassigned,3.0,3.0,0.0,1.0,0.0,0.0,0.001934236,0.0,0,0,0,1,0
23097,-1,0,0.18593532,0.54635036,1,1,unassigned,5.0,5.0,0.0,1.0,0.0,0.0,0.0058027077,0.0,0,0,0,1,0
23098,-1,1,1.9988346,0.8806747,1,1,unassigned,3.0,2.0,1.0,0.6666667,0.33333334,0.3333333,0.001934236,0.00064474536,1,0,0,1,0
23099,-1,0,7.8345475,0.9996044,1,1,unassigned,2.0,2.0,0.0,1.0,0.0,0.0,0.0,0.0,0,0,0,1,1
23100,-1,1,0.69589835,0.66727775,1,1,unassigned,15.0,13.0,2.0,0.8666667,0.13333334,0.13333333,0.025145067,0.0033526758,1,0,0,1,0
23101,-1,1,4.5664277,0.9897119,1,1,unassigned,6.0,4.0,2.0,0.6666667,0.33333334,0.3333333,0.007736944,0.0025789815,1,0,0,1,1
23102,-1,1,0.69555575,0.6672017,1,1,unassigned,13.0,10.0,3.0,0.7692308,0.23076923,0.23076922,0.021276595,0.0049099834,1,0,0,1,0
23103,-1,0,2.9860497,0.95193994,1,1,unassigned,10.0,10.0,0.0,1.0,0.0,0.0,0.015473888,0.0,0,0,0,1,1
23104,-1,1,-0.8209713,0.30555752,0,1,unassigned,66.0,63.0,3.0,0.95454544,0.045454547,0.04545456,0.123791106,0.0056268685,1,0,0,0,0
23105,-1,0,5.900347,0.997269,1,1,unassigned,3.0,3.0,0.0,1.0,0.0,0.0,0.001934236,0.0,0,0,0,1,1
23106,-1,0,0.15825826,0.5394822,1,1,unassigned,19.0,17.0,2.0,0.8947368,0.10526316,0.10526317,0.032882012,0.0034612645,0,0,0,1,0
23107,-1,0,-0.17283016,0.4568997,0,1,unassigned,10.0,9.0,1.0,0.9,0.1,0.100000024,0.015473888,0.0015473888,0,0,0,0,0
23108,-1,0,-0.35111925,0.41311103,0,1,unassigned,40.0,39.0,1.0,0.975,0.025,0.024999976,0.07350097,0.0018375242,0,0,0,0,0
23109,-1,0,-0.27539366,0.43158343,0,1,unassigned,30.0,30.0,0.0,1.0,0.0,0.0,0.054158606,0.0,0,0,0,0,0
23110,-1,0,-0.2528798,0.43711483,0,1,unassigned,61.0,60.0,1.0,0.9836066,0.016393442,0.016393423,0.114119925,0.0018708183,0,0,0,0,0
23111,-1,0,-0.38546306,0.40480995,0,1,unassigned,86.0,86.0,0.0,1.0,0.0,0.0,0.16247582,0.0,0,0,0,0,0
23112,-1,0,-0.3335752,0.417371,0,1,unassigned,13.0,13.0,0.0,1.0,0.0,0.0,0.021276595,0.0,0,0,0,0,0
23113,-1,0,-0.6844752,0.33526322,0,1,unassigned,58.0,57.0,1.0,0.98275864,0.01724138,0.017241359,0.10831721,0.0018675381,0,0,0,0,0
23114,-1,0,-0.23701909,0.44102108,0,1,unassigned,6.0,6.0,0.0,1.0,0.0,0.0,0.007736944,0.0,0,0,0,0,0
23115,0,0,-0.4548801,0.3882011,0,0,unassigned,47.0,45.0,2.0,0.9574468,0.04255319,0.042553186,0.08704062,0.003703856,0,0,1,0,0
23116,-1,0,-0.11689505,0.47080946,0,1,unassigned,32.0,32.0,0.0,1.0,0.0,0.0,0.058027077,0.0,0,0,0,0,0
23117,-1,0,-0.00012850761,0.49996787,0,1,unassigned,20.0,20.0,0.0,1.0,0.0,0.0,0.034816246,0.0,0,0,0,0,0
23118,-1,0,0.109107316,0.5272498,1,1,unassigned,16.0,16.0,0.0,1.0,0.0,0.0,0.027079303,0.0,0,0,0,1,0
23119,-1,0,-0.17070085,0.45742813,0,1,unassigned,24.0,24.0,0.0,1.0,0.0,0.0,0.04255319,0.0,0,0,0,0,0
23120,-1,0,-0.018641174,0.49533984,0,1,unassigned,41.0,38.0,3.0,0.9268293,0.07317073,0.07317072,0.07543521,0.005519649,0,0,0,0,0
23121,-1,0,16.660269,1.0,1,1,unassigned,52.0,44.0,8.0,0.84615386,0.15384616,0.15384614,0.0967118,0.014878739,0,0,0,1,1
23122,-1,0,0.12649733,0.53158224,1,1,unassigned,36.0,36.0,0.0,1.0,0.0,0.0,0.065764025,0.0,0,0,0,1,0
23123,1,0,-0.38392282,0.40518108,0,1,unassigned,53.0,53.0,0.0,1.0,0.0,0.0,0.09864604,0.0,0,0,0,0,0
23124,-1,1,-0.6101175,0.3520324,0,1,unassigned,8.0,8.0,0.0,1.0,0.0,0.0,0.0116054155,0.0,1,0,0,0,0
23125,-1,0,0.0793429,0.5198253,1,1,unassigned,28.0,27.0,1.0,0.96428573,0.035714287,0.03571427,0.050290134,0.0017960763,0,0,0,1,0
23126,-1,0,0.274579,0.5682167,1,1,unassigned,23.0,23.0,0.0,1.0,0.0,0.0,0.040618956,0.0,0,0,0,1,0
23127,-1,0,-0.94932604,0.27902037,0,1,unassigned,2.0,2.0,0.0,1.0,0.0,0.0,0.0,0.0,0,0,0,0,0
23128,-1,1,0.04672903,0.5116801,1,1,unassigned,15.0,15.0,0.0,1.0,0.0,0.0,0.025145067,0.0,1,0,0,1,0
23129,-1,1,1.5212805,0.820727,1,1,unassigned,37.0,33.0,4.0,0.8918919,0.10810811,0.1081081,0.06769826,0.0073187314,1,0,0,1,0
23130,-1,0,1.7585709,0.85303056,1,1,unassigned,4.0,4.0,0.0,1.0,0.0,0.0,0.003868472,0.0,0,0,0,1,0
23131,-1,1,4.8788514,0.9924516,1,1,unassigned,6.0,6.0,0.0,1.0,0.0,0.0,0.007736944,0.0,1,0,0,1,1
23132,-1,0,0.09196991,0.5229763,1,1,unassigned,8.0,8.0,0.0,1.0,0.0,0.0,0.0116054155,0.0,0,0,0,1,0
23133,-1,0,0.15763515,0.53932744,1,1,unassigned,2.0,2.0,0.0,1.0,0.0,0.0,0.0,0.0,0,0,0,1,0
23134,-1,0,-0.3853971,0.40482584,0,1,unassigned,26.0,26.0,0.0,1.0,0.0,0.0,0.046421662,0.0,0,0,0,0,0
23135,-1,0,-0.40758872,0.39949048,0,1,unassigned,65.0,65.0,0.0,1.0,0.0,0.0,0.12185687,0.0,0,0,0,0,0
23136,0,0,-0.5136882,0.37432933,0,0,unassigned,49.0,49.0,0.0,1.0,0.0,0.0,0.09090909,0.0,0,0,1,0,0
23137,-1,0,-0.080388784,0.47991362,0,1,unassigned,38.0,38.0,0.0,1.0,0.0,0.0,0.06963249,0.0,0,0,0,0,0
23138,-1,1,2.3161893,0.910209,1,1,unassigned,19.0,19.0,0.0,1.0,0.0,0.0,0.032882012,0.0,1,0,0,1,1
23139,-1,0,-0.9382183,0.28126037,0,1,unassigned,6.0,6.0,0.0,1.0,0.0,0.0,0.007736944,0.0,0,0,0,0,0
23140,0,0,0.03279096,0.508197,1,1,val,22.0,22.0,0.0,1.0,0.0,0.0,0.03868472,0.0,0,0,0,1,0
23141,-1,0,-0.1723676,0.45701444,0,1,unassigned,18.0,17.0,1.0,0.9444444,0.055555556,0.055555582,0.030947777,0.0017193209,0,0,0,0,0
23142,-1,0,-0.5427651,0.36754456,0,1,unassigned,29.0,29.0,0.0,1.0,0.0,0.0,0.05222437,0.0,0,0,0,0,0
23143,-1,0,-0.58328897,0.35817614,0,1,unassigned,39.0,39.0,0.0,1.0,0.0,0.0,0.07156673,0.0,0,0,0,0,0
23144,-1,0,-0.78256726,0.31376684,0,1,unassigned,26.0,26.0,0.0,1.0,0.0,0.0,0.046421662,0.0,0,0,0,0,0
23145,0,0,-0.15679163,0.4608822,0,0,val,14.0,14.0,0.0,1.0,0.0,0.0,0.023210831,0.0,0,0,1,0,0
23146,-1,0,-0.47938496,0.38239735,0,1,unassigned,63.0,63.0,0.0,1.0,0.0,0.0,0.11798839,0.0,0,0,0,0,0
23147,-1,0,4.0796304,0.98336756,1,1,unassigned,2.0,2.0,0.0,1.0,0.0,0.0,0.0,0.0,0,0,0,1,1
23148,-1,0,1.4312081,0.8070895,1,1,unassigned,5.0,4.0,1.0,0.8,0.2,0.19999999,0.0058027077,0.0011605415,0,0,0,1,0
23149,-1,0,7.6605077,0.9995291,1,1,unassigned,4.0,4.0,0.0,1.0,0.0,0.0,0.003868472,0.0,0,0,0,1,1
23150,-1,1,0.3603196,0.5891178,1,1,unassigned,16.0,16.0,0.0,1.0,0.0,0.0,0.027079303,0.0,1,0,0,1,0
23151,-1,0,0.5765378,0.64027035,1,1,unassigned,2.0,2.0,0.0,1.0,0.0,0.0,0.0,0.0,0,0,0,1,0
23152,-1,0,-0.20255643,0.4495333,0,1,unassigned,70.0,70.0,0.0,1.0,0.0,0.0,0.13152805,0.0,0,0,0,0,0
23153,-1,1,2.2323518,0.9031173,1,1,unassigned,4.0,4.0,0.0,1.0,0.0,0.0,0.003868472,0.0,1,0,0,1,1
23154,-1,1,7.925305,0.9996387,1,1,unassigned,2.0,1.0,1.0,0.5,0.5,0.5,0.0,0.0,1,0,0,1,1
23155,-1,0,-0.5484662,0.36622036,0,1,unassigned,74.0,74.0,0.0,1.0,0.0,0.0,0.13926499,0.0,0,0,0,0,0
23156,-1,0,-0.54329276,0.36742193,0,1,unassigned,22.0,21.0,1.0,0.95454544,0.045454547,0.04545456,0.03868472,0.0017583964,0,0,0,0,0
23157,-1,0,-0.47802952,0.38271752,0,1,unassigned,19.0,19.0,0.0,1.0,0.0,0.0,0.032882012,0.0,0,0,0,0,0
23158,-1,0,-0.5353254,0.36927566,0,1,unassigned,8.0,8.0,0.0,1.0,0.0,0.0,0.0116054155,0.0,0,0,0,0,0
23159,1,0,8.202646,0.9997261,1,0,test,11.0,10.0,1.0,0.90909094,0.09090909,0.090909064,0.017408123,0.0015825568,0,0,1,1,1
23160,-1,1,-0.7059734,0.3304892,0,1,unassigned,108.0,105.0,3.0,0.9722222,0.027777778,0.027777791,0.20502901,0.0056952504,1,0,0,0,0
23161,-1,1,1.7631955,0.85360944,1,1,unassigned,3.0,3.0,0.0,1.0,0.0,0.0,0.001934236,0.0,1,0,0,1,0
23162,-1,1,-0.45055586,0.38922858,0,1,unassigned,3.0,3.0,0.0,1.0,0.0,0.0,0.001934236,0.0,1,0,0,0,0
23163,-1,1,14.919455,0.99999964,1,1,unassigned,15.0,7.0,8.0,0.46666667,0.53333336,0.5333333,0.025145067,0.013410703,1,0,0,1,1
23164,-1,1,3.7722118,0.97751594,1,1,unassigned,47.0,46.0,1.0,0.9787234,0.021276595,0.021276593,0.08704062,0.001851928,1,0,0,1,1
23165,-1,0,-0.34914216,0.41359046,0,1,unassigned,117.0,117.0,0.0,1.0,0.0,0.0,0.22243714,0.0,0,0,0,0,0
23166,-1,0,-0.36613697,0.40947476,0,1,unassigned,11.0,11.0,0.0,1.0,0.0,0.0,0.017408123,0.0,0,0,0,0,0
23167,-1,0,-0.52906954,0.37073392,0,1,unassigned,18.0,18.0,0.0,1.0,0.0,0.0,0.030947777,0.0,0,0,0,0,0
23168,0,0,-0.5982616,0.3547415,0,0,test,32.0,32.0,0.0,1.0,0.0,0.0,0.058027077,0.0,0,0,1,0,0
23169,-1,0,-0.3080149,0.4235994,0,1,unassigned,20.0,20.0,0.0,1.0,0.0,0.0,0.034816246,0.0,0,0,0,0,0
23170,-1,0,1.7809732,0.855817,1,1,unassigned,2.0,2.0,0.0,1.0,0.0,0.0,0.0,0.0,0,0,0,1,0
23171,-1,0,-0.58538663,0.35769406,0,1,unassigned,16.0,16.0,0.0,1.0,0.0,0.0,0.027079303,0.0,0,0,0,0,0
23172,-1,0,-0.75371426,0.3200125,0,1,unassigned,76.0,69.0,7.0,0.90789473,0.09210526,0.09210527,0.14313346,0.013183345,0,0,0,0,0
23173,-1,0,-0.33415508,0.41723,0,1,unassigned,3.0,3.0,0.0,1.0,0.0,0.0,0.001934236,0.0,0,0,0,0,0
23174,-1,0,-0.3151991,0.42184624,0,1,unassigned,17.0,17.0,0.0,1.0,0.0,0.0,0.029013539,0.0,0,0,0,0,0
23175,-1,0,-0.4331255,0.39338025,0,1,unassigned,6.0,6.0,0.0,1.0,0.0,0.0,0.007736944,0.0,0,0,0,0,0
23176,-1,0,-0.23490387,0.4415426,0,1,unassigned,5.0,5.0,0.0,1.0,0.0,0.0,0.0058027077,0.0,0,0,0,0,0
23177,-1,1,6.2793493,0.99812895,1,1,unassigned,6.0,5.0,1.0,0.8333333,0.16666667,0.16666669,0.007736944,0.0012894907,1,0,0,1,1
23178,-1,0,3.5537403,0.9721788,1,1,unassigned,3.0,3.0,0.0,1.0,0.0,0.0,0.001934236,0.0,0,0,0,1,1
23179,-1,0,7.069651,0.99915016,1,1,unassigned,2.0,2.0,0.0,1.0,0.0,0.0,0.0,0.0,0,0,0,1,1
23180,-1,0,-0.6834191,0.3354986,0,1,unassigned,2.0,2.0,0.0,1.0,0.0,0.0,0.0,0.0,0,0,0,0,0
23181,-1,1,5.4291897,0.99563247,1,1,unassigned,5.0,3.0,2.0,0.6,0.4,0.39999998,0.0058027077,0.002321083,1,0,0,1,1
23182,-1,0,8.214846,0.99972945,1,1,unassigned,3.0,2.0,1.0,0.6666667,0.33333334,0.3333333,0.001934236,0.00064474536,0,0,0,1,1
23183,-1,1,-0.01149863,0.4971254,0,1,unassigned,8.0,7.0,1.0,0.875,0.125,0.125,0.0116054155,0.0014506769,1,0,0,0,0
23184,-1,1,-0.038679242,0.49033138,0,1,unassigned,54.0,45.0,9.0,0.8333333,0.16666667,0.16666669,0.10058027,0.016763378,1,0,0,0,0
23185,-1,0,2.4078178,0.9174215,1,1,unassigned,2.0,2.0,0.0,1.0,0.0,0.0,0.0,0.0,0,0,0,1,1
23186,-1,1,4.909175,0.9926755,1,1,unassigned,6.0,6.0,0.0,1.0,0.0,0.0,0.007736944,0.0,1,0,0,1,1
23187,-1,0,0.7964998,0.68922526,1,1,unassigned,22.0,19.0,3.0,0.8636364,0.13636364,0.13636363,0.03868472,0.005275189,0,0,0,1,0
23188,0,1,-0.69353443,0.33324727,0,0,unassigned,174.0,173.0,1.0,0.99425286,0.0057471264,0.0057471395,0.3326886,0.0019120034,1,0,1,0,0
23189,-1,0,1.6139061,0.83395296,1,1,unassigned,6.0,6.0,0.0,1.0,0.0,0.0,0.007736944,0.0,0,0,0,1,0
23190,0,1,-0.7430513,0.3223373,0,0,train,80.0,63.0,17.0,0.7875,0.2125,0.21249998,0.15087041,0.032059964,1,0,1,0,0
23191,-1,0,-0.12774983,0.4681059,0,1,unassigned,12.0,12.0,0.0,1.0,0.0,0.0,0.01934236,0.0,0,0,0,0,0
23192,-1,0,0.60330826,0.64641285,1,1,unassigned,13.0,13.0,0.0,1.0,0.0,0.0,0.021276595,0.0,0,0,0,1,0
23193,-1,0,-0.70723146,0.3302109,0,1,unassigned,3.0,3.0,0.0,1.0,0.0,0.0,0.001934236,0.0,0,0,0,0,0
23194,1,0,0.5001176,0.62248695,1,0,val,16.0,15.0,1.0,0.9375,0.0625,0.0625,0.027079303,0.0016924564,0,0,1,1,0
23195,-1,1,-0.67416346,0.3375652,0,1,unassigned,6.0,6.0,0.0,1.0,0.0,0.0,0.007736944,0.0,1,0,0,0,0
23196,-1,1,2.20157,0.90039045,1,1,unassigned,2.0,2.0,0.0,1.0,0.0,0.0,0.0,0.0,1,0,0,1,1
23197,-1,0,-0.0026041865,0.49934894,0,1,unassigned,2.0,2.0,0.0,1.0,0.0,0.0,0.0,0.0,0,0,0,0,0
23198,0,0,-0.75224435,0.32033244,0,0,unassigned,29.0,29.0,0.0,1.0,0.0,0.0,0.05222437,0.0,0,0,1,0,0
23199,-1,0,1.1846724,0.7657869,1,1,unassigned,2.0,2.0,0.0,1.0,0.0,0.0,0.0,0.0,0,0,0,1,0
23200,-1,0,-0.673732,0.3376617,0,1,unassigned,6.0,6.0,0.0,1.0,0.0,0.0,0.007736944,0.0,0,0,0,0,0
23201,0,0,2.6714947,0.93532354,1,1,unassigned,2.0,2.0,0.0,1.0,0.0,0.0,0.0,0.0,0,0,0,1,1
23202,-1,0,7.496733,0.9994454,1,1,unassigned,2.0,2.0,0.0,1.0,0.0,0.0,0.0,0.0,0,0,0,1,1
23203,-1,0,3.2265139,0.96181995,1,1,unassigned,16.0,16.0,0.0,1.0,0.0,0.0,0.027079303,0.0,0,0,0,1,1
23204,-1,0,3.3747957,0.9669075,1,1,unassigned,41.0,39.0,2.0,0.9512195,0.048780486,0.0487805,0.07543521,0.003679766,0,0,0,1,1
23205,1,1,-0.15799588,0.46058297,0,1,val,8.0,7.0,1.0,0.875,0.125,0.125,0.0116054155,0.0014506769,1,0,0,0,0
23206,1,1,2.2682514,0.9062133,1,0,test,22.0,21.0,1.0,0.95454544,0.045454547,0.04545456,0.03868472,0.0017583964,1,0,1,1,1
23207,0,1,-0.4936548,0.379033,0,0,val,5.0,5.0,0.0,1.0,0.0,0.0,0.0058027077,0.0,1,0,1,0,0
23208,-1,0,0.2560765,0.5636715,1,1,unassigned,2.0,2.0,0.0,1.0,0.0,0.0,0.0,0.0,0,0,0,1,0
23209,-1,0,4.8740354,0.9924154,1,1,unassigned,2.0,2.0,0.0,1.0,0.0,0.0,0.0,0.0,0,0,0,1,1
23210,-1,1,3.6257007,0.97406036,1,1,unassigned,5.0,5.0,0.0,1.0,0.0,0.0,0.0058027077,0.0,1,0,0,1,1
23211,-1,0,-0.8240502,0.3049046,0,1,unassigned,21.0,21.0,0.0,1.0,0.0,0.0,0.036750484,0.0,0,0,0,0,0
23212,-1,0,5.176722,0.99438524,1,1,unassigned,2.0,2.0,0.0,1.0,0.0,0.0,0.0,0.0,0,0,0,1,1
23213,-1,0,3.8557932,0.97928154,1,1,unassigned,5.0,5.0,0.0,1.0,0.0,0.0,0.0058027077,0.0,0,0,0,1,1
23214,-1,1,0.2039637,0.5508149,1,1,unassigned,37.0,35.0,2.0,0.9459459,0.054054055,0.05405408,0.06769826,0.0036593657,1,0,0,1,0
23215,-1,0,0.43156642,0.60624766,1,1,unassigned,8.0,8.0,0.0,1.0,0.0,0.0,0.0116054155,0.0,0,0,0,1,0
23216,-1,0,-0.8586489,0.29762173,0,1,unassigned,22.0,22.0,0.0,1.0,0.0,0.0,0.03868472,0.0,0,0,0,0,0
23217,-1,0,-0.11021358,0.47247446,0,1,unassigned,11.0,11.0,0.0,1.0,0.0,0.0,0.017408123,0.0,0,0,0,0,0
23218,-1,1,-0.600808,0.35415885,0,1,unassigned,69.0,68.0,1.0,0.98550725,0.014492754,0.01449275,0.1295938,0.0018781711,1,0,0,0,0
23219,1,1,4.09355,0.98359376,1,0,unassigned,4.0,4.0,0.0,1.0,0.0,0.0,0.003868472,0.0,1,0,1,1,1
23220,-1,1,4.401774,0.9878928,1,1,unassigned,7.0,7.0,0.0,1.0,0.0,0.0,0.00967118,0.0,1,0,0,1,1
23221,-1,1,8.034451,0.999676,1,1,unassigned,2.0,2.0,0.0,1.0,0.0,0.0,0.0,0.0,1,0,0,1,1
23222,-1,1,-0.30612165,0.42406166,0,1,unassigned,7.0,6.0,1.0,0.85714287,0.14285715,0.14285713,0.00967118,0.0013815971,1,0,0,0,0
23223,-1,0,2.7428734,0.93950963,1,1,unassigned,5.0,5.0,0.0,1.0,0.0,0.0,0.0058027077,0.0,0,0,0,1,1
23224,-1,0,0.018460453,0.50461495,1,1,unassigned,2.0,2.0,0.0,1.0,0.0,0.0,0.0,0.0,0,0,0,1,0
23225,-1,0,3.2296615,0.96193534,1,1,unassigned,2.0,2.0,0.0,1.0,0.0,0.0,0.0,0.0,0,0,0,1,1
23226,-1,0,-0.32911682,0.41845557,0,1,unassigned,10.0,10.0,0.0,1.0,0.0,0.0,0.015473888,0.0,0,0,0,0,0
23227,-1,1,1.8298419,0.8617429,1,1,unassigned,5.0,5.0,0.0,1.0,0.0,0.0,0.0058027077,0.0,1,0,0,1,0
23228,-1,0,-0.52440476,0.3718228,0,1,unassigned,21.0,21.0,0.0,1.0,0.0,0.0,0.036750484,0.0,0,0,0,0,0
23229,-1,0,0.92099696,0.7152452,1,1,unassigned,12.0,12.0,0.0,1.0,0.0,0.0,0.01934236,0.0,0,0,0,1,0
23230,-1,0,0.14686173,0.5366496,1,1,unassigned,2.0,1.0,1.0,0.5,0.5,0.5,0.0,0.0,0,0,0,1,0
23231,-1,0,0.5471284,0.6334691,1,1,unassigned,3.0,3.0,0.0,1.0,0.0,0.0,0.001934236,0.0,0,0,0,1,0
23232,-1,1,2.778381,0.9414963,1,1,unassigned,40.0,37.0,3.0,0.925,0.075,0.07499999,0.07350097,0.005512573,1,0,0,1,1
23233,-1,1,2.923629,0.9490022,1,1,unassigned,2.0,2.0,0.0,1.0,0.0,0.0,0.0,0.0,1,0,0,1,1
23234,-1,0,1.3244944,0.78992844,1,1,unassigned,4.0,3.0,1.0,0.75,0.25,0.25,0.003868472,0.000967118,0,0,0,1,0
23235,-1,0,3.372262,0.9668264,1,1,unassigned,12.0,7.0,5.0,0.5833333,0.41666666,0.4166667,0.01934236,0.008059316,0,0,0,1,1
23236,-1,0,-0.35217762,0.41285446,0,1,unassigned,2.0,1.0,1.0,0.5,0.5,0.5,0.0,0.0,0,0,0,0,0
23237,-1,0,-0.71060574,0.329465,0,1,unassigned,12.0,12.0,0.0,1.0,0.0,0.0,0.01934236,0.0,0,0,0,0,0
23238,0,0,-0.36246708,0.41036245,0,0,test,42.0,39.0,3.0,0.9285714,0.071428575,0.0714286,0.07736944,0.0055263885,0,0,1,0,0
23239,-1,0,-0.14615595,0.4635259,0,1,unassigned,20.0,20.0,0.0,1.0,0.0,0.0,0.034816246,0.0,0,0,0,0,0
23240,-1,0,2.6693585,0.93519413,1,1,unassigned,3.0,3.0,0.0,1.0,0.0,0.0,0.001934236,0.0,0,0,0,1,1
23241,1,0,-0.9067533,0.28766468,0,1,unassigned,3.0,2.0,1.0,0.6666667,0.33333334,0.3333333,0.001934236,0.00064474536,0,0,0,0,0
23242,-1,1,0.9293279,0.7169389,1,1,unassigned,11.0,10.0,1.0,0.90909094,0.09090909,0.090909064,0.017408123,0.0015825568,1,0,0,1,0
23243,-1,0,5.965777,0.99744153,1,1,unassigned,20.0,13.0,7.0,0.65,0.35,0.35000002,0.034816246,0.012185686,0,0,0,1,1
23244,-1,0,-0.62326324,0.34903964,0,1,unassigned,17.0,15.0,2.0,0.88235295,0.11764706,0.11764705,0.029013539,0.0034133575,0,0,0,0,0
23245,-1,0,-0.36630383,0.40943447,0,1,unassigned,18.0,17.0,1.0,0.9444444,0.055555556,0.055555582,0.030947777,0.0017193209,0,0,0,0,0
23246,-1,0,-0.89447945,0.2901863,0,1,unassigned,40.0,40.0,0.0,1.0,0.0,0.0,0.07350097,0.0,0,0,0,0,0
23247,-1,0,1.1679873,0.762781,1,1,unassigned,10.0,10.0,0.0,1.0,0.0,0.0,0.015473888,0.0,0,0,0,1,0
23248,-1,0,0.5129134,0.6254892,1,1,unassigned,2.0,2.0,0.0,1.0,0.0,0.0,0.0,0.0,0,0,0,1,0
23249,-1,0,-0.9151032,0.28595668,0,1,unassigned,47.0,47.0,0.0,1.0,0.0,0.0,0.08704062,0.0,0,0,0,0,0
23250,-1,1,-0.23072332,0.44257373,0,1,unassigned,9.0,8.0,1.0,0.8888889,0.11111111,0.111111104,0.013539651,0.0015044058,1,0,0,0,0
23251,-1,0,3.5678704,0.9725584,1,1,unassigned,8.0,8.0,0.0,1.0,0.0,0.0,0.0116054155,0.0,0,0,0,1,1
23252,-1,0,3.066706,0.9554983,1,1,unassigned,18.0,18.0,0.0,1.0,0.0,0.0,0.030947777,0.0,0,0,0,1,1
23253,0,0,-0.5514671,0.36552408,0,0,test,2.0,2.0,0.0,1.0,0.0,0.0,0.0,0.0,0,0,1,0,0
23254,-1,0,0.51212615,0.6253047,1,1,unassigned,4.0,3.0,1.0,0.75,0.25,0.25,0.003868472,0.000967118,0,0,0,1,0
23255,-1,1,2.7139256,0.93784344,1,1,unassigned,2.0,2.0,0.0,1.0,0.0,0.0,0.0,0.0,1,0,0,1,1
23256,-1,0,3.1818535,0.96014565,1,1,unassigned,2.0,2.0,0.0,1.0,0.0,0.0,0.0,0.0,0,0,0,1,1
23257,-1,0,-0.5416198,0.36781088,0,1,unassigned,7.0,7.0,0.0,1.0,0.0,0.0,0.00967118,0.0,0,0,0,0,0
23258,-1,0,3.7359254,0.9767046,1,1,unassigned,3.0,3.0,0.0,1.0,0.0,0.0,0.001934236,0.0,0,0,0,1,1
23259,-1,0,0.76638156,0.6827376,1,1,unassigned,2.0,1.0,1.0,0.5,0.5,0.5,0.0,0.0,0,0,0,1,0
23260,-1,0,1.1417637,0.7580033,1,1,unassigned,5.0,5.0,0.0,1.0,0.0,0.0,0.0058027077,0.0,0,0,0,1,0
23261,-1,0,-0.55026,0.3658041,0,1,unassigned,15.0,15.0,0.0,1.0,0.0,0.0,0.025145067,0.0,0,0,0,0,0
23262,-1,0,3.6402066,0.97442436,1,1,unassigned,30.0,30.0,0.0,1.0,0.0,0.0,0.054158606,0.0,0,0,0,1,1
23263,-1,0,0.82049817,0.6943421,1,1,unassigned,35.0,35.0,0.0,1.0,0.0,0.0,0.06382979,0.0,0,0,0,1,0
23264,-1,0,-0.7511905,0.32056195,0,1,unassigned,67.0,65.0,2.0,0.9701493,0.029850746,0.029850721,0.12572534,0.0037529953,0,0,0,0,0
23265,-1,0,-0.6495069,0.34310067,0,1,unassigned,38.0,38.0,0.0,1.0,0.0,0.0,0.06963249,0.0,0,0,0,0,0
23266,1,0,2.6620796,0.93475163,1,0,test,14.0,13.0,1.0,0.9285714,0.071428575,0.0714286,0.023210831,0.0016579166,0,0,1,1,1
23267,-1,0,-0.7747296,0.3154569,0,1,unassigned,25.0,24.0,1.0,0.96,0.04,0.04000002,0.044487428,0.001779497,0,0,0,0,0
23268,-1,0,0.9581433,0.7227499,1,1,unassigned,29.0,28.0,1.0,0.9655172,0.03448276,0.034482777,0.05222437,0.0018008404,0,0,0,1,0
23269,-1,0,-0.90967226,0.2870669,0,1,unassigned,52.0,52.0,0.0,1.0,0.0,0.0,0.0967118,0.0,0,0,0,0,0
23270,-1,0,-0.91247356,0.28649396,0,1,unassigned,36.0,36.0,0.0,1.0,0.0,0.0,0.065764025,0.0,0,0,0,0,0
23271,-1,0,-0.9442377,0.28004515,0,1,unassigned,13.0,13.0,0.0,1.0,0.0,0.0,0.021276595,0.0,0,0,0,0,0
23272,-1,0,-0.45999748,0.3869864,0,1,unassigned,32.0,32.0,0.0,1.0,0.0,0.0,0.058027077,0.0,0,0,0,0,0
23273,1,0,2.1961706,0.89990515,1,0,unassigned,55.0,53.0,2.0,0.96363634,0.036363635,0.03636366,0.102514505,0.0037278,0,0,1,1,0
23274,-1,0,-0.14851072,0.46294042,0,1,unassigned,17.0,15.0,2.0,0.88235295,0.11764706,0.11764705,0.029013539,0.0034133575,0,0,0,0,0
23275,-1,0,-0.11186838,0.47206202,0,1,unassigned,5.0,5.0,0.0,1.0,0.0,0.0,0.0058027077,0.0,0,0,0,0,0
23276,1,0,0.40804678,0.60061944,1,0,unassigned,24.0,24.0,0.0,1.0,0.0,0.0,0.04255319,0.0,0,0,1,1,0
23277,-1,0,-0.1772415,0.4558053,0,1,unassigned,29.0,29.0,0.0,1.0,0.0,0.0,0.05222437,0.0,0,0,0,0,0
23278,-1,0,3.4869673,0.9703147,1,1,unassigned,33.0,22.0,11.0,0.6666667,0.33333334,0.3333333,0.059961315,0.019987106,0,0,0,1,1
23279,-1,0,0.108074844,0.52699244,1,1,unassigned,26.0,25.0,1.0,0.96153843,0.03846154,0.038461566,0.046421662,0.0017854486,0,0,0,1,0
23280,0,0,1.2551107,0.7781833,1,1,unassigned,3.0,3.0,0.0,1.0,0.0,0.0,0.001934236,0.0,0,0,0,1,0
23281,-1,0,3.064906,0.9554217,1,1,unassigned,7.0,7.0,0.0,1.0,0.0,0.0,0.00967118,0.0,0,0,0,1,1
23282,-1,0,7.584701,0.99949205,1,1,unassigned,8.0,8.0,0.0,1.0,0.0,0.0,0.0116054155,0.0,0,0,0,1,1
23283,-1,0,1.1321564,0.7562367,1,1,unassigned,12.0,11.0,1.0,0.9166667,0.083333336,0.08333331,0.01934236,0.0016118633,0,0,0,1,0
23284,-1,1,6.22419,0.99802303,1,1,unassigned,2.0,2.0,0.0,1.0,0.0,0.0,0.0,0.0,1,0,0,1,1
23285,1,0,-0.9386488,0.28117335,0,1,val,2.0,2.0,0.0,1.0,0.0,0.0,0.0,0.0,0,0,0,0,0
23286,-1,0,-0.6048292,0.35323966,0,1,unassigned,28.0,18.0,10.0,0.64285713,0.35714287,0.35714287,0.050290134,0.017960763,0,0,0,0,0
23287,-1,1,-0.7499484,0.32083255,0,1,unassigned,11.0,11.0,0.0,1.0,0.0,0.0,0.017408123,0.0,1,0,0,0,0
23288,-1,1,8.460745,0.99978846,1,1,unassigned,9.0,9.0,0.0,1.0,0.0,0.0,0.013539651,0.0,1,0,0,1,1
23289,-1,0,-0.8024746,0.30949643,0,1,unassigned,45.0,45.0,0.0,1.0,0.0,0.0,0.08317215,0.0,0,0,0,0,0
23290,-1,1,-0.022087812,0.49447826,0,1,unassigned,44.0,41.0,3.0,0.9318182,0.06818182,0.06818181,0.08123791,0.005538949,1,0,0,0,0
23291,1,0,9.4016075,0.9999174,1,0,unassigned,2.0,2.0,0.0,1.0,0.0,0.0,0.0,0.0,0,0,1,1,1
23292,-1,0,-0.15518486,0.46128145,0,1,unassigned,18.0,17.0,1.0,0.9444444,0.055555556,0.055555582,0.030947777,0.0017193209,0,0,0,0,0
23293,-1,0,6.3561115,0.9982668,1,1,unassigned,2.0,2.0,0.0,1.0,0.0,0.0,0.0,0.0,0,0,0,1,1
23294,-1,1,10.7684555,0.9999789,1,1,unassigned,36.0,36.0,0.0,1.0,0.0,0.0,0.065764025,0.0,1,0,0,1,1
23295,-1,1,7.242744,0.99928516,1,1,unassigned,4.0,2.0,2.0,0.5,0.5,0.5,0.003868472,0.001934236,1,0,0,1,1
23296,-1,0,6.228884,0.9980323,1,1,unassigned,6.0,5.0,1.0,0.8333333,0.16666667,0.16666669,0.007736944,0.0012894907,0,0,0,1,1
23297,-1,1,4.5947413,0.9899963,1,1,unassigned,13.0,12.0,1.0,0.9230769,0.07692308,0.07692307,0.021276595,0.0016366612,1,0,0,1,1
23298,-1,1,3.4885361,0.9703598,1,1,unassigned,4.0,4.0,0.0,1.0,0.0,0.0,0.003868472,0.0,1,0,0,1,1
23299,-1,1,3.883272,0.97983176,1,1,unassigned,41.0,34.0,7.0,0.8292683,0.17073171,0.17073172,0.07543521,0.012879182,1,0,0,1,1
23300,0,0,0.30483824,0.5756248,1,1,val,5.0,5.0,0.0,1.0,0.0,0.0,0.0058027077,0.0,0,0,0,1,0
23301,-1,1,2.4929092,0.92364323,1,1,unassigned,5.0,5.0,0.0,1.0,0.0,0.0,0.0058027077,0.0,1,0,0,1,1
23302,-1,1,0.035384357,0.5088452,1,1,unassigned,6.0,6.0,0.0,1.0,0.0,0.0,0.007736944,0.0,1,0,0,1,0
23303,-1,0,4.278273,0.9863231,1,1,unassigned,11.0,10.0,1.0,0.90909094,0.09090909,0.090909064,0.017408123,0.0015825568,0,0,0,1,1
23304,-1,0,-0.6577387,0.34124774,0,1,unassigned,71.0,71.0,0.0,1.0,0.0,0.0,0.13346228,0.0,0,0,0,0,0
23305,0,0,-0.37998506,0.40613052,0,0,unassigned,6.0,6.0,0.0,1.0,0.0,0.0,0.007736944,0.0,0,0,1,0,0
23306,-1,0,1.3356776,0.7917782,1,1,unassigned,29.0,26.0,3.0,0.8965517,0.10344828,0.10344827,0.05222437,0.005402521,0,0,0,1,0
23307,-1,0,-0.91355747,0.2862724,0,1,unassigned,45.0,45.0,0.0,1.0,0.0,0.0,0.08317215,0.0,0,0,0,0,0
23308,-1,0,0.108091295,0.52699655,1,1,unassigned,6.0,5.0,1.0,0.8333333,0.16666667,0.16666669,0.007736944,0.0012894907,0,0,0,1,0
23309,-1,0,-0.8372805,0.30210784,0,1,unassigned,24.0,24.0,0.0,1.0,0.0,0.0,0.04255319,0.0,0,0,0,0,0
23310,-1,0,0.2447992,0.560896,1,1,unassigned,7.0,7.0,0.0,1.0,0.0,0.0,0.00967118,0.0,0,0,0,1,0
23311,-1,0,-0.9418503,0.28052673,0,1,unassigned,81.0,79.0,2.0,0.97530866,0.024691358,0.024691343,0.15280464,0.0037729542,0,0,0,0,0
23312,-1,0,0.33761662,0.5836114,1,1,unassigned,8.0,8.0,0.0,1.0,0.0,0.0,0.0116054155,0.0,0,0,0,1,0
23313,-1,0,-0.68082595,0.33607697,0,1,unassigned,24.0,24.0,0.0,1.0,0.0,0.0,0.04255319,0.0,0,0,0,0,0
23314,-1,0,-0.810022,0.3078858,0,1,unassigned,43.0,43.0,0.0,1.0,0.0,0.0,0.079303674,0.0,0,0,0,0,0
23315,0,1,0.53306144,0.6301968,1,1,val,8.0,8.0,0.0,1.0,0.0,0.0,0.0116054155,0.0,1,0,0,1,0
23316,-1,0,-0.2733144,0.4320936,0,1,unassigned,33.0,33.0,0.0,1.0,0.0,0.0,0.059961315,0.0,0,0,0,0,0
23317,-1,0,2.210408,0.9011803,1,1,unassigned,8.0,8.0,0.0,1.0,0.0,0.0,0.0116054155,0.0,0,0,0,1,1
23318,-1,0,4.2881055,0.9864551,1,1,unassigned,2.0,2.0,0.0,1.0,0.0,0.0,0.0,0.0,0,0,0,1,1
23319,-1,1,1.392618,0.8010099,1,1,unassigned,4.0,3.0,1.0,0.75,0.25,0.25,0.003868472,0.000967118,1,0,0,1,0
23320,-1,0,5.023317,0.9934604,1,1,unassigned,4.0,3.0,1.0,0.75,0.25,0.25,0.003868472,0.000967118,0,0,0,1,1
23321,-1,1,1.6759746,0.8423708,1,1,unassigned,2.0,1.0,1.0,0.5,0.5,0.5,0.0,0.0,1,0,0,1,0
23322,-1,0,0.08247626,0.52060735,1,1,unassigned,11.0,11.0,0.0,1.0,0.0,0.0,0.017408123,0.0,0,0,0,1,0
23323,-1,1,1.0539417,0.74153113,1,1,unassigned,2.0,1.0,1.0,0.5,0.5,0.5,0.0,0.0,1,0,0,1,0
23324,-1,0,2.4059474,0.91727966,1,1,unassigned,6.0,6.0,0.0,1.0,0.0,0.0,0.007736944,0.0,0,0,0,1,1
23325,-1,0,-0.3818563,0.40567926,0,1,unassigned,39.0,38.0,1.0,0.974359,0.025641026,0.025641024,0.07156673,0.0018350444,0,0,0,0,0
23326,-1,0,0.5777088,0.64054,1,1,unassigned,2.0,2.0,0.0,1.0,0.0,0.0,0.0,0.0,0,0,0,1,0
23327,-1,0,-0.39374736,0.40281555,0,1,unassigned,3.0,3.0,0.0,1.0,0.0,0.0,0.001934236,0.0,0,0,0,0,0
23328,0,0,-1.4375691,0.19192207,0,0,test,2.0,2.0,0.0,1.0,0.0,0.0,0.0,0.0,0,0,1,0,0
23329,-1,0,-0.23490387,0.4415426,0,1,unassigned,5.0,5.0,0.0,1.0,0.0,0.0,0.0058027077,0.0,0,0,0,0,0
23330,-1,0,-0.5432588,0.36742982,0,1,unassigned,4.0,4.0,0.0,1.0,0.0,0.0,0.003868472,0.0,0,0,0,0,0
23331,-1,1,3.0960152,0.9567281,1,1,unassigned,3.0,3.0,0.0,1.0,0.0,0.0,0.001934236,0.0,1,0,0,1,1
23332,-1,0,-0.387763,0.40425593,0,1,unassigned,51.0,50.0,1.0,0.98039216,0.019607844,0.019607842,0.09477756,0.0018583836,0,0,0,0,0
23333,-1,0,1.0391316,0.7386824,1,1,unassigned,11.0,11.0,0.0,1.0,0.0,0.0,0.017408123,0.0,0,0,0,1,0
23334,-1,1,3.5979402,0.9733496,1,1,unassigned,2.0,2.0,0.0,1.0,0.0,0.0,0.0,0.0,1,0,0,1,1
23335,-1,0,-0.5886853,0.35693657,0,1,unassigned,7.0,7.0,0.0,1.0,0.0,0.0,0.00967118,0.0,0,0,0,0,0
23336,-1,0,-0.6842533,0.33531266,0,1,unassigned,115.0,115.0,0.0,1.0,0.0,0.0,0.21856867,0.0,0,0,0,0,0
23337,1,0,0.16664273,0.5415645,1,0,val,16.0,16.0,0.0,1.0,0.0,0.0,0.027079303,0.0,0,0,1,1,0
23338,-1,0,0.11439735,0.5285682,1,1,unassigned,19.0,19.0,0.0,1.0,0.0,0.0,0.032882012,0.0,0,0,0,1,0
23339,-1,0,4.0254235,0.98245734,1,1,unassigned,23.0,22.0,1.0,0.95652175,0.04347826,0.04347825,0.040618956,0.0017660416,0,0,0,1,1
23340,-1,1,4.340032,0.9871316,1,1,unassigned,5.0,5.0,0.0,1.0,0.0,0.0,0.0058027077,0.0,1,0,0,1,1
23341,-1,0,-0.463204,0.386226,0,1,unassigned,33.0,32.0,1.0,0.969697,0.030303031,0.030303001,0.059961315,0.0018170096,0,0,0,0,0
23342,1,0,-0.70088714,0.33161554,0,1,val,31.0,31.0,0.0,1.0,0.0,0.0,0.056092843,0.0,0,0,0,0,0
23343,-1,0,1.3187094,0.78896695,1,1,unassigned,7.0,7.0,0.0,1.0,0.0,0.0,0.00967118,0.0,0,0,0,1,0
23344,-1,0,-0.6927716,0.3334168,0,1,unassigned,12.0,11.0,1.0,0.9166667,0.083333336,0.08333331,0.01934236,0.0016118633,0,0,0,0,0
23345,-1,0,-0.7934409,0.3114303,0,1,unassigned,26.0,26.0,0.0,1.0,0.0,0.0,0.046421662,0.0,0,0,0,0,0
23346,-1,0,-0.7425276,0.32245168,0,1,unassigned,14.0,12.0,2.0,0.85714287,0.14285715,0.14285713,0.023210831,0.0033158332,0,0,0,0,0
23347,-1,0,-0.92618257,0.28369984,0,1,unassigned,2.0,2.0,0.0,1.0,0.0,0.0,0.0,0.0,0,0,0,0,0
23348,-1,0,-0.54168946,0.36779466,0,1,unassigned,6.0,6.0,0.0,1.0,0.0,0.0,0.007736944,0.0,0,0,0,0,0
23349,0,0,1.80496,0.85875165,1,1,unassigned,20.0,18.0,2.0,0.9,0.1,0.100000024,0.034816246,0.0034816246,0,0,0,1,0
23350,1,0,4.4227304,0.98814094,1,0,test,3.0,3.0,0.0,1.0,0.0,0.0,0.001934236,0.0,0,0,1,1,1
23351,-1,0,4.8978333,0.9925925,1,1,unassigned,3.0,3.0,0.0,1.0,0.0,0.0,0.001934236,0.0,0,0,0,1,1
23352,-1,0,-0.9321282,0.28249317,0,1,unassigned,62.0,62.0,0.0,1.0,0.0,0.0,0.116054155,0.0,0,0,0,0,0
23353,-1,0,-0.62193596,0.3493413,0,1,unassigned,44.0,41.0,3.0,0.9318182,0.06818182,0.06818181,0.08123791,0.005538949,0,0,0,0,0
23354,-1,0,-0.40747154,0.39951855,0,1,unassigned,11.0,11.0,0.0,1.0,0.0,0.0,0.017408123,0.0,0,0,0,0,0
23355,-1,0,-0.90412766,0.288203,0,1,unassigned,18.0,18.0,0.0,1.0,0.0,0.0,0.030947777,0.0,0,0,0,0,0
23356,-1,1,-0.88715047,0.29169822,0,1,unassigned,19.0,19.0,0.0,1.0,0.0,0.0,0.032882012,0.0,1,0,0,0,0
23357,1,1,-0.8733888,0.29454964,0,1,unassigned,85.0,84.0,1.0,0.9882353,0.011764706,0.011764705,0.16054158,0.0018887245,1,0,0,0,0
23358,0,1,-0.64951307,0.34309927,0,0,val,138.0,135.0,3.0,0.9782609,0.02173913,0.021739125,0.2630561,0.005718611,1,0,1,0,0
23359,-1,0,-0.5354867,0.36923814,0,1,unassigned,18.0,18.0,0.0,1.0,0.0,0.0,0.030947777,0.0,0,0,0,0,0
23360,-1,0,3.2725017,0.9634734,1,1,unassigned,9.0,9.0,0.0,1.0,0.0,0.0,0.013539651,0.0,0,0,0,1,1
23361,-1,0,0.8111438,0.6923532,1,1,unassigned,33.0,33.0,0.0,1.0,0.0,0.0,0.059961315,0.0,0,0,0,1,0
23362,-1,1,0.7896338,0.6877527,1,1,unassigned,48.0,45.0,3.0,0.9375,0.0625,0.0625,0.088974856,0.0055609285,1,0,0,1,0
23363,-1,0,0.93040365,0.7171571,1,1,unassigned,11.0,11.0,0.0,1.0,0.0,0.0,0.017408123,0.0,0,0,0,1,0
23364,-1,0,4.884602,0.9924946,1,1,unassigned,8.0,7.0,1.0,0.875,0.125,0.125,0.0116054155,0.0014506769,0,0,0,1,1
23365,-1,0,7.3470054,0.99935585,1,1,unassigned,5.0,5.0,0.0,1.0,0.0,0.0,0.0058027077,0.0,0,0,0,1,1
23366,1,1,0.3458169,0.5856028,1,0,test,54.0,54.0,0.0,1.0,0.0,0.0,0.10058027,0.0,1,0,1,1,0
23367,-1,0,1.0546646,0.7416696,1,1,unassigned,3.0,3.0,0.0,1.0,0.0,0.0,0.001934236,0.0,0,0,0,1,0
23368,-1,0,-0.8047532,0.30900967,0,1,unassigned,32.0,32.0,0.0,1.0,0.0,0.0,0.058027077,0.0,0,0,0,0,0
23369,-1,0,-0.38633093,0.4046009,0,1,unassigned,5.0,5.0,0.0,1.0,0.0,0.0,0.0058027077,0.0,0,0,0,0,0
23370,-1,1,-0.5107786,0.37501103,0,1,unassigned,11.0,11.0,0.0,1.0,0.0,0.0,0.017408123,0.0,1,0,0,0,0
23371,-1,0,3.2069538,0.9610951,1,1,unassigned,3.0,3.0,0.0,1.0,0.0,0.0,0.001934236,0.0,0,0,0,1,1
23372,-1,0,-0.43697402,0.39246225,0,1,unassigned,22.0,19.0,3.0,0.8636364,0.13636364,0.13636363,0.03868472,0.005275189,0,0,0,0,0
23373,-1,0,4.809667,0.99191535,1,1,unassigned,8.0,6.0,2.0,0.75,0.25,0.25,0.0116054155,0.0029013539,0,0,0,1,1
23374,-1,1,-0.7377751,0.32349086,0,1,unassigned,81.0,80.0,1.0,0.9876543,0.012345679,0.012345672,0.15280464,0.0018864771,1,0,0,0,0
23375,-1,1,8.917223,0.9998659,1,1,unassigned,10.0,9.0,1.0,0.9,0.1,0.100000024,0.015473888,0.0015473888,1,0,0,1,1
23376,-1,0,5.8696404,0.9971841,1,1,unassigned,11.0,10.0,1.0,0.90909094,0.09090909,0.090909064,0.017408123,0.0015825568,0,0,0,1,1
23377,1,0,4.7660985,0.9915583,1,0,unassigned,4.0,4.0,0.0,1.0,0.0,0.0,0.003868472,0.0,0,0,1,1,1
23378,1,0,4.4955196,0.9889643,1,0,unassigned,8.0,7.0,1.0,0.875,0.125,0.125,0.0116054155,0.0014506769,0,0,1,1,1
23379,-1,0,2.4305222,0.9191254,1,1,unassigned,2.0,1.0,1.0,0.5,0.5,0.5,0.0,0.0,0,0,0,1,1
23380,-1,0,0.12614924,0.5314956,1,1,unassigned,23.0,23.0,0.0,1.0,0.0,0.0,0.040618956,0.0,0,0,0,1,0
23381,-1,0,-0.40379152,0.4004017,0,1,unassigned,51.0,51.0,0.0,1.0,0.0,0.0,0.09477756,0.0,0,0,0,0,0
23382,1,0,1.6882558,0.8439947,1,0,unassigned,34.0,34.0,0.0,1.0,0.0,0.0,0.061895553,0.0,0,0,1,1,0
23383,-1,0,-0.7205385,0.3272744,0,1,unassigned,16.0,15.0,1.0,0.9375,0.0625,0.0625,0.027079303,0.0016924564,0,0,0,0,0
23384,-1,0,-0.653812,0.34213102,0,1,unassigned,63.0,58.0,5.0,0.9206349,0.07936508,0.079365075,0.11798839,0.009364159,0,0,0,0,0
23385,-1,0,-0.3922218,0.40318254,0,1,unassigned,9.0,9.0,0.0,1.0,0.0,0.0,0.013539651,0.0,0,0,0,0,0
23386,-1,1,3.5070302,0.9708872,1,1,unassigned,4.0,4.0,0.0,1.0,0.0,0.0,0.003868472,0.0,1,0,0,1,1
23387,-1,0,0.76708466,0.6828899,1,1,unassigned,7.0,7.0,0.0,1.0,0.0,0.0,0.00967118,0.0,0,0,0,1,0
23388,-1,0,0.024077475,0.50601906,1,1,unassigned,2.0,2.0,0.0,1.0,0.0,0.0,0.0,0.0,0,0,0,1,0
23389,-1,0,13.056358,0.99999785,1,1,unassigned,4.0,4.0,0.0,1.0,0.0,0.0,0.003868472,0.0,0,0,0,1,1
23390,-1,0,-0.22616649,0.44369817,0,1,unassigned,34.0,34.0,0.0,1.0,0.0,0.0,0.061895553,0.0,0,0,0,0,0
23391,-1,0,-0.6066546,0.3528227,0,1,unassigned,43.0,42.0,1.0,0.9767442,0.023255814,0.023255825,0.079303674,0.0018442714,0,0,0,0,0
23392,-1,0,2.7418773,0.939453,1,1,unassigned,4.0,4.0,0.0,1.0,0.0,0.0,0.003868472,0.0,0,0,0,1,1
23393,-1,1,2.1203353,0.892864,1,1,unassigned,3.0,3.0,0.0,1.0,0.0,0.0,0.001934236,0.0,1,0,0,1,0
23394,-1,0,-0.3598864,0.41098708,0,1,unassigned,3.0,3.0,0.0,1.0,0.0,0.0,0.001934236,0.0,0,0,0,0,0
23395,-1,1,0.22329706,0.5555935,1,1,unassigned,9.0,9.0,0.0,1.0,0.0,0.0,0.013539651,0.0,1,0,0,1,0
23396,-1,1,1.4770505,0.8141267,1,1,unassigned,2.0,2.0,0.0,1.0,0.0,0.0,0.0,0.0,1,0,0,1,0
23397,-1,1,3.484082,0.9702314,1,1,unassigned,6.0,6.0,0.0,1.0,0.0,0.0,0.007736944,0.0,1,0,0,1,1
23398,-1,0,-0.9436666,0.2801603,0,1,unassigned,24.0,24.0,0.0,1.0,0.0,0.0,0.04255319,0.0,0,0,0,0,0
23399,-1,0,5.461862,0.9957723,1,1,unassigned,3.0,3.0,0.0,1.0,0.0,0.0,0.001934236,0.0,0,0,0,1,1
23400,-1,0,-0.9057227,0.2878759,0,1,unassigned,44.0,44.0,0.0,1.0,0.0,0.0,0.08123791,0.0,0,0,0,0,0
23401,-1,0,4.635798,0.9903948,1,1,unassigned,2.0,2.0,0.0,1.0,0.0,0.0,0.0,0.0,0,0,0,1,1
23402,-1,0,-0.13271946,0.46686876,0,1,unassigned,19.0,19.0,0.0,1.0,0.0,0.0,0.032882012,0.0,0,0,0,0,0
23403,0,0,2.622763,0.93231225,1,1,test,3.0,3.0,0.0,1.0,0.0,0.0,0.001934236,0.0,0,0,0,1,1
23404,-1,0,-0.64044666,0.34514558,0,1,unassigned,62.0,62.0,0.0,1.0,0.0,0.0,0.116054155,0.0,0,0,0,0,0
23405,-1,0,-0.78985053,0.31220075,0,1,unassigned,2.0,2.0,0.0,1.0,0.0,0.0,0.0,0.0,0,0,0,0,0
23406,-1,1,3.6327627,0.9742382,1,1,unassigned,9.0,5.0,4.0,0.5555556,0.44444445,0.44444442,0.013539651,0.006017623,1,0,0,1,1
23407,-1,0,-0.890219,0.29106465,0,1,unassigned,17.0,16.0,1.0,0.9411765,0.05882353,0.058823526,0.029013539,0.0017066788,0,0,0,0,0
23408,0,0,-0.5885669,0.35696375,0,0,unassigned,4.0,4.0,0.0,1.0,0.0,0.0,0.003868472,0.0,0,0,1,0,0
23409,-1,1,0.7730759,0.68418586,1,1,unassigned,10.0,10.0,0.0,1.0,0.0,0.0,0.015473888,0.0,1,0,0,1,0
23410,-1,1,2.8285096,0.9441971,1,1,unassigned,16.0,15.0,1.0,0.9375,0.0625,0.0625,0.027079303,0.0016924564,1,0,0,1,1
23411,0,1,-0.56441927,0.36252555,0,0,test,20.0,20.0,0.0,1.0,0.0,0.0,0.034816246,0.0,1,0,1,0,0
23412,-1,0,0.7436183,0.6777866,1,1,unassigned,19.0,19.0,0.0,1.0,0.0,0.0,0.032882012,0.0,0,0,0,1,0
23413,-1,0,6.98791,0.9990779,1,1,unassigned,15.0,14.0,1.0,0.93333334,0.06666667,0.06666666,0.025145067,0.0016763379,0,0,0,1,1
23414,-1,1,3.3847644,0.967225,1,1,unassigned,5.0,5.0,0.0,1.0,0.0,0.0,0.0058027077,0.0,1,0,0,1,1
23415,0,0,-0.86823606,0.29562145,0,0,unassigned,32.0,32.0,0.0,1.0,0.0,0.0,0.058027077,0.0,0,0,1,0,0
23416,-1,0,-0.8893054,0.29125318,0,1,unassigned,45.0,42.0,3.0,0.93333334,0.06666667,0.06666666,0.08317215,0.00554481,0,0,0,0,0
23417,-1,1,-0.17109168,0.45733106,0,1,unassigned,5.0,5.0,0.0,1.0,0.0,0.0,0.0058027077,0.0,1,0,0,0,0
23418,-1,0,-0.9038996,0.2882498,0,1,unassigned,24.0,23.0,1.0,0.9583333,0.041666668,0.041666687,0.04255319,0.0017730496,0,0,0,0,0
23419,-1,0,-0.84792423,0.2998685,0,1,unassigned,51.0,49.0,2.0,0.9607843,0.039215688,0.039215684,0.09477756,0.0037167673,0,0,0,0,0
23420,-1,0,-0.51932096,0.37301105,0,1,unassigned,94.0,94.0,0.0,1.0,0.0,0.0,0.17794971,0.0,0,0,0,0,0
23421,-1,0,1.236126,0.774889,1,1,unassigned,40.0,40.0,0.0,1.0,0.0,0.0,0.07350097,0.0,0,0,0,1,0
23422,-1,1,0.6176382,0.64968115,1,1,unassigned,10.0,10.0,0.0,1.0,0.0,0.0,0.015473888,0.0,1,0,0,1,0
23423,-1,0,-0.6551194,0.3418368,0,1,unassigned,7.0,7.0,0.0,1.0,0.0,0.0,0.00967118,0.0,0,0,0,0,0
23424,-1,0,1.6366346,0.8370765,1,1,unassigned,10.0,10.0,0.0,1.0,0.0,0.0,0.015473888,0.0,0,0,0,1,0
23425,0,1,0.03161043,0.50790197,1,1,val,24.0,24.0,0.0,1.0,0.0,0.0,0.04255319,0.0,1,0,0,1,0
23426,-1,1,2.5118032,0.92496514,1,1,unassigned,27.0,25.0,2.0,0.9259259,0.074074075,0.07407409,0.0483559,0.0035819185,1,0,0,1,1
23427,-1,0,6.5139837,0.9985196,1,1,unassigned,5.0,5.0,0.0,1.0,0.0,0.0,0.0058027077,0.0,0,0,0,1,1
23428,-1,1,3.6238253,0.97401285,1,1,unassigned,19.0,18.0,1.0,0.94736844,0.05263158,0.052631557,0.032882012,0.0017306323,1,0,0,1,1
23429,-1,0,0.669619,0.66141784,1,1,unassigned,7.0,5.0,2.0,0.71428573,0.2857143,0.28571427,0.00967118,0.0027631943,0,0,0,1,0
23430,-1,0,2.4195054,0.9183026,1,1,unassigned,4.0,4.0,0.0,1.0,0.0,0.0,0.003868472,0.0,0,0,0,1,1
23431,-1,0,-0.05353111,0.48662043,0,1,unassigned,2.0,2.0,0.0,1.0,0.0,0.0,0.0,0.0,0,0,0,0,0
23432,0,1,-0.79043686,0.31207487,0,0,unassigned,10.0,10.0,0.0,1.0,0.0,0.0,0.015473888,0.0,1,0,1,0,0
23433,1,1,6.5944724,0.9986339,1,0,val,3.0,2.0,1.0,0.6666667,0.33333334,0.3333333,0.001934236,0.00064474536,1,0,1,1,1
23434,0,1,-0.012512982,0.4968718,0,0,unassigned,19.0,18.0,1.0,0.94736844,0.05263158,0.052631557,0.032882012,0.0017306323,1,0,1,0,0
23435,0,0,-0.97901326,0.27308762,0,0,val,3.0,3.0,0.0,1.0,0.0,0.0,0.001934236,0.0,0,0,1,0,0
23436,-1,1,0.37249035,0.59206057,1,1,unassigned,20.0,18.0,2.0,0.9,0.1,0.100000024,0.034816246,0.0034816246,1,0,0,1,0
23437,-1,0,9.271974,0.99990594,1,1,unassigned,10.0,8.0,2.0,0.8,0.2,0.19999999,0.015473888,0.0030947777,0,0,0,1,1
23438,-1,0,0.32355887,0.5801913,1,1,unassigned,14.0,14.0,0.0,1.0,0.0,0.0,0.023210831,0.0,0,0,0,1,0
23439,-1,1,2.5371082,0.9267027,1,1,unassigned,2.0,2.0,0.0,1.0,0.0,0.0,0.0,0.0,1,0,0,1,1
23440,1,1,2.774099,0.94126,1,0,unassigned,2.0,2.0,0.0,1.0,0.0,0.0,0.0,0.0,1,0,1,1,1
23441,-1,1,-0.5527349,0.3652301,0,1,unassigned,2.0,1.0,1.0,0.5,0.5,0.5,0.0,0.0,1,0,0,0,0
23442,-1,0,4.681268,0.9908179,1,1,unassigned,2.0,2.0,0.0,1.0,0.0,0.0,0.0,0.0,0,0,0,1,1
23443,-1,0,6.483702,0.9984742,1,1,unassigned,2.0,2.0,0.0,1.0,0.0,0.0,0.0,0.0,0,0,0,1,1
23444,-1,0,0.9809424,0.72729516,1,1,unassigned,5.0,4.0,1.0,0.8,0.2,0.19999999,0.0058027077,0.0011605415,0,0,0,1,0
23445,-1,1,4.8203673,0.9920007,1,1,unassigned,19.0,18.0,1.0,0.94736844,0.05263158,0.052631557,0.032882012,0.0017306323,1,0,0,1,1
23446,-1,1,2.5942652,0.9304916,1,1,unassigned,4.0,4.0,0.0,1.0,0.0,0.0,0.003868472,0.0,1,0,0,1,1
23447,-1,0,4.0334935,0.9825959,1,1,unassigned,8.0,6.0,2.0,0.75,0.25,0.25,0.0116054155,0.0029013539,0,0,0,1,1
23448,-1,1,3.714657,0.9762157,1,1,unassigned,4.0,4.0,0.0,1.0,0.0,0.0,0.003868472,0.0,1,0,0,1,1
23449,1,0,-0.8774212,0.29371247,0,1,test,5.0,5.0,0.0,1.0,0.0,0.0,0.0058027077,0.0,0,0,0,0,0
23450,-1,0,0.8779685,0.70640105,1,1,unassigned,11.0,10.0,1.0,0.90909094,0.09090909,0.090909064,0.017408123,0.0015825568,0,0,0,1,0
23451,-1,0,0.22780222,0.55670553,1,1,unassigned,2.0,2.0,0.0,1.0,0.0,0.0,0.0,0.0,0,0,0,1,0
23452,0,1,3.2216547,0.96164113,1,1,unassigned,22.0,19.0,3.0,0.8636364,0.13636364,0.13636363,0.03868472,0.005275189,1,0,0,1,1
23453,-1,1,-0.66412175,0.33981434,0,1,unassigned,54.0,52.0,2.0,0.962963,0.037037037,0.037037015,0.10058027,0.003725195,1,0,0,0,0
23454,-1,0,-0.8009335,0.30982587,0,1,unassigned,2.0,2.0,0.0,1.0,0.0,0.0,0.0,0.0,0,0,0,0,0
23455,-1,0,-0.9007603,0.28889427,0,1,unassigned,19.0,19.0,0.0,1.0,0.0,0.0,0.032882012,0.0,0,0,0,0,0
23456,-1,1,2.9728062,0.9513304,1,1,unassigned,6.0,4.0,2.0,0.6666667,0.33333334,0.3333333,0.007736944,0.0025789815,1,0,0,1,1
23457,-1,1,7.7531085,0.9995708,1,1,unassigned,3.0,3.0,0.0,1.0,0.0,0.0,0.001934236,0.0,1,0,0,1,1
23458,-1,0,-0.40441006,0.40025324,0,1,unassigned,11.0,11.0,0.0,1.0,0.0,0.0,0.017408123,0.0,0,0,0,0,0
23459,-1,1,-0.40463763,0.4001986,0,1,unassigned,2.0,2.0,0.0,1.0,0.0,0.0,0.0,0.0,1,0,0,0,0
23460,-1,0,1.6246583,0.8354366,1,1,unassigned,6.0,6.0,0.0,1.0,0.0,0.0,0.007736944,0.0,0,0,0,1,0
23461,-1,0,5.807182,0.99700314,1,1,unassigned,8.0,8.0,0.0,1.0,0.0,0.0,0.0116054155,0.0,0,0,0,1,1
23462,-1,1,-0.26655114,0.433754,0,1,unassigned,8.0,8.0,0.0,1.0,0.0,0.0,0.0116054155,0.0,1,0,0,0,0
23463,-1,1,-0.7508012,0.32064673,0,1,unassigned,2.0,2.0,0.0,1.0,0.0,0.0,0.0,0.0,1,0,0,0,0
23464,-1,1,3.5354426,0.97167957,1,1,unassigned,8.0,8.0,0.0,1.0,0.0,0.0,0.0116054155,0.0,1,0,0,1,1
23465,-1,1,2.2417161,0.90393364,1,1,unassigned,15.0,15.0,0.0,1.0,0.0,0.0,0.025145067,0.0,1,0,0,1,1
23466,-1,0,-0.13836336,0.46546426,0,1,unassigned,2.0,2.0,0.0,1.0,0.0,0.0,0.0,0.0,0,0,0,0,0
23467,-1,1,-0.5845135,0.3578947,0,1,unassigned,51.0,46.0,5.0,0.9019608,0.09803922,0.09803921,0.09477756,0.009291918,1,0,0,0,0
23468,-1,0,5.5269737,0.9960377,1,1,unassigned,2.0,2.0,0.0,1.0,0.0,0.0,0.0,0.0,0,0,0,1,1
23469,-1,1,-0.19384006,0.45169118,0,1,unassigned,17.0,16.0,1.0,0.9411765,0.05882353,0.058823526,0.029013539,0.0017066788,1,0,0,0,0
23470,-1,0,4.429547,0.9882206,1,1,unassigned,2.0,2.0,0.0,1.0,0.0,0.0,0.0,0.0,0,0,0,1,1
23471,-1,0,-0.46371084,0.38610587,0,1,unassigned,2.0,2.0,0.0,1.0,0.0,0.0,0.0,0.0,0,0,0,0,0
23472,-1,0,3.9087865,0.9803299,1,1,unassigned,2.0,2.0,0.0,1.0,0.0,0.0,0.0,0.0,0,0,0,1,1
23473,-1,0,-0.6144735,0.35103944,0,1,unassigned,38.0,38.0,0.0,1.0,0.0,0.0,0.06963249,0.0,0,0,0,0,0
23474,-1,0,1.2954979,0.7850763,1,1,unassigned,8.0,7.0,1.0,0.875,0.125,0.125,0.0116054155,0.0014506769,0,0,0,1,0
23475,-1,0,-0.13676348,0.46586233,0,1,unassigned,11.0,11.0,0.0,1.0,0.0,0.0,0.017408123,0.0,0,0,0,0,0
23476,0,0,-0.25859654,0.43570873,0,0,unassigned,16.0,16.0,0.0,1.0,0.0,0.0,0.027079303,0.0,0,0,1,0,0
23477,-1,0,-0.38699654,0.40444055,0,1,unassigned,47.0,35.0,12.0,0.7446808,0.25531915,0.25531918,0.08704062,0.022223137,0,0,0,0,0
23478,1,0,13.993057,0.99999917,1,0,val,2.0,2.0,0.0,1.0,0.0,0.0,0.0,0.0,0,0,1,1,1
23479,-1,0,-0.41255587,0.39829943,0,1,unassigned,6.0,6.0,0.0,1.0,0.0,0.0,0.007736944,0.0,0,0,0,0,0
23480,-1,0,0.9721758,0.7255529,1,1,unassigned,2.0,1.0,1.0,0.5,0.5,0.5,0.0,0.0,0,0,0,1,0
23481,0,0,-0.761845,0.31824586,0,0,test,59.0,59.0,0.0,1.0,0.0,0.0,0.11025145,0.0,0,0,1,0,0
23482,-1,0,0.5761474,0.6401804,1,1,unassigned,38.0,36.0,2.0,0.94736844,0.05263158,0.052631557,0.06963249,0.0036648682,0,0,0,1,0
23483,-1,0,2.4040482,0.9171355,1,1,unassigned,5.0,5.0,0.0,1.0,0.0,0.0,0.0058027077,0.0,0,0,0,1,1
23484,-1,0,1.1820209,0.76531094,1,1,unassigned,14.0,13.0,1.0,0.9285714,0.071428575,0.0714286,0.023210831,0.0016579166,0,0,0,1,0
23485,-1,0,-0.8509777,0.2992278,0,1,unassigned,13.0,13.0,0.0,1.0,0.0,0.0,0.021276595,0.0,0,0,0,0,0
23486,-1,0,0.40758997,0.6005099,1,1,unassigned,43.0,42.0,1.0,0.9767442,0.023255814,0.023255825,0.079303674,0.0018442714,0,0,0,1,0
23487,-1,0,3.1675305,0.95959395,1,1,unassigned,23.0,20.0,3.0,0.8695652,0.13043478,0.13043481,0.040618956,0.0052981246,0,0,0,1,1
23488,-1,0,8.622665,0.99982005,1,1,unassigned,3.0,2.0,1.0,0.6666667,0.33333334,0.3333333,0.001934236,0.00064474536,0,0,0,1,1
23489,-1,0,-0.29882592,0.42584452,0,1,unassigned,5.0,5.0,0.0,1.0,0.0,0.0,0.0058027077,0.0,0,0,0,0,0
23490,-1,0,0.11308217,0.52824044,1,1,unassigned,23.0,23.0,0.0,1.0,0.0,0.0,0.040618956,0.0,0,0,0,1,0
23491,-1,0,-0.2155045,0.4463314,0,1,unassigned,8.0,7.0,1.0,0.875,0.125,0.125,0.0116054155,0.0014506769,0,0,0,0,0
23492,-1,0,-0.19296125,0.45190883,0,1,unassigned,54.0,54.0,0.0,1.0,0.0,0.0,0.10058027,0.0,0,0,0,0,0
23493,1,0,-0.845894,0.3002949,0,1,test,46.0,46.0,0.0,1.0,0.0,0.0,0.08510638,0.0,0,0,0,0,0
23494,-1,0,0.02607423,0.5065182,1,1,unassigned,22.0,22.0,0.0,1.0,0.0,0.0,0.03868472,0.0,0,0,0,1,0
23495,-1,0,-0.8954629,0.28998378,0,1,unassigned,57.0,57.0,0.0,1.0,0.0,0.0,0.10638298,0.0,0,0,0,0,0
23496,1,0,-0.33579242,0.4168319,0,1,unassigned,5.0,5.0,0.0,1.0,0.0,0.0,0.0058027077,0.0,0,0,0,0,0
23497,-1,1,4.3162074,0.9868255,1,1,unassigned,11.0,10.0,1.0,0.90909094,0.09090909,0.090909064,0.017408123,0.0015825568,1,0,0,1,1
23498,-1,0,-0.874969,0.29422143,0,1,unassigned,20.0,20.0,0.0,1.0,0.0,0.0,0.034816246,0.0,0,0,0,0,0
23499,-1,1,2.643094,0.9335841,1,1,unassigned,5.0,5.0,0.0,1.0,0.0,0.0,0.0058027077,0.0,1,0,0,1,1
23500,-1,0,3.198539,0.96077925,1,1,unassigned,2.0,1.0,1.0,0.5,0.5,0.5,0.0,0.0,0,0,0,1,1
23501,-1,0,1.3714373,0.7976123,1,1,unassigned,4.0,4.0,0.0,1.0,0.0,0.0,0.003868472,0.0,0,0,0,1,0
23502,-1,0,10.878516,0.99998116,1,1,unassigned,2.0,2.0,0.0,1.0,0.0,0.0,0.0,0.0,0,0,0,1,1
23503,-1,0,3.8136399,0.9784088,1,1,unassigned,3.0,3.0,0.0,1.0,0.0,0.0,0.001934236,0.0,0,0,0,1,1
23504,-1,0,-0.6009171,0.3541339,0,1,unassigned,15.0,11.0,4.0,0.73333335,0.26666668,0.26666665,0.025145067,0.0067053516,0,0,0,0,0
23505,-1,1,2.5331404,0.92643267,1,1,unassigned,3.0,2.0,1.0,0.6666667,0.33333334,0.3333333,0.001934236,0.00064474536,1,0,0,1,1
23506,-1,0,0.9200712,0.7150566,1,1,unassigned,3.0,3.0,0.0,1.0,0.0,0.0,0.001934236,0.0,0,0,0,1,0
23507,-1,0,2.2390726,0.9037038,1,1,unassigned,6.0,6.0,0.0,1.0,0.0,0.0,0.007736944,0.0,0,0,0,1,1
23508,-1,0,9.174904,0.9998964,1,1,unassigned,3.0,3.0,0.0,1.0,0.0,0.0,0.001934236,0.0,0,0,0,1,1
23509,-1,0,9.034521,0.9998808,1,1,unassigned,3.0,3.0,0.0,1.0,0.0,0.0,0.001934236,0.0,0,0,0,1,1
23510,-1,0,12.302128,0.99999547,1,1,unassigned,5.0,5.0,0.0,1.0,0.0,0.0,0.0058027077,0.0,0,0,0,1,1
23511,-1,0,9.946054,0.9999521,1,1,unassigned,6.0,4.0,2.0,0.6666667,0.33333334,0.3333333,0.007736944,0.0025789815,0,0,0,1,1
23512,-1,0,10.013462,0.9999552,1,1,unassigned,2.0,2.0,0.0,1.0,0.0,0.0,0.0,0.0,0,0,0,1,1
23513,0,0,-0.86118686,0.29709145,0,0,unassigned,16.0,15.0,1.0,0.9375,0.0625,0.0625,0.027079303,0.0016924564,0,0,1,0,0
23514,-1,0,4.9410243,0.9929034,1,1,unassigned,10.0,8.0,2.0,0.8,0.2,0.19999999,0.015473888,0.0030947777,0,0,0,1,1
23515,-1,0,0.984865,0.72807246,1,1,unassigned,7.0,7.0,0.0,1.0,0.0,0.0,0.00967118,0.0,0,0,0,1,0
23516,0,1,-0.9694351,0.2749931,0,0,unassigned,3.0,3.0,0.0,1.0,0.0,0.0,0.001934236,0.0,1,0,1,0,0
23517,-1,0,7.6195016,0.99950945,1,1,unassigned,2.0,2.0,0.0,1.0,0.0,0.0,0.0,0.0,0,0,0,1,1
23518,-1,0,-0.39124593,0.40341738,0,1,unassigned,32.0,31.0,1.0,0.96875,0.03125,0.03125,0.058027077,0.0018133462,0,0,0,0,0
23519,-1,0,0.020641208,0.5051601,1,1,unassigned,46.0,45.0,1.0,0.9782609,0.02173913,0.021739125,0.08510638,0.0018501388,0,0,0,1,0
23520,-1,0,3.4396145,0.9689199,1,1,unassigned,82.0,82.0,0.0,1.0,0.0,0.0,0.15473887,0.0,0,0,0,1,1
23521,-1,0,-0.536681,0.36896,0,1,unassigned,27.0,27.0,0.0,1.0,0.0,0.0,0.0483559,0.0,0,0,0,0,0
23522,-1,0,0.15575999,0.53886145,1,1,unassigned,19.0,19.0,0.0,1.0,0.0,0.0,0.032882012,0.0,0,0,0,1,0
23523,-1,0,-0.2272611,0.443428,0,1,unassigned,21.0,21.0,0.0,1.0,0.0,0.0,0.036750484,0.0,0,0,0,0,0
23524,0,0,-0.6439439,0.34435555,0,0,val,20.0,19.0,1.0,0.95,0.05,0.050000012,0.034816246,0.0017408123,0,0,1,0,0
23525,-1,0,0.09048557,0.52260596,1,1,unassigned,48.0,48.0,0.0,1.0,0.0,0.0,0.088974856,0.0,0,0,0,1,0
23526,-1,0,-0.122063935,0.46952185,0,1,unassigned,5.0,5.0,0.0,1.0,0.0,0.0,0.0058027077,0.0,0,0,0,0,0
23527,-1,0,-0.744724,0.321972,0,1,unassigned,17.0,17.0,0.0,1.0,0.0,0.0,0.029013539,0.0,0,0,0,0,0
23528,-1,0,-0.41531664,0.39763802,0,1,unassigned,10.0,10.0,0.0,1.0,0.0,0.0,0.015473888,0.0,0,0,0,0,0
23529,-1,0,1.2035875,0.76916236,1,1,unassigned,15.0,14.0,1.0,0.93333334,0.06666667,0.06666666,0.025145067,0.0016763379,0,0,0,1,0
23530,-1,0,4.1680455,0.9847535,1,1,unassigned,44.0,44.0,0.0,1.0,0.0,0.0,0.08123791,0.0,0,0,0,1,1
23531,-1,0,-0.6962004,0.3326552,0,1,unassigned,15.0,14.0,1.0,0.93333334,0.06666667,0.06666666,0.025145067,0.0016763379,0,0,0,0,0
23532,-1,1,5.197586,0.9945005,1,1,unassigned,3.0,3.0,0.0,1.0,0.0,0.0,0.001934236,0.0,1,0,0,1,1
23533,-1,0,11.903815,0.9999932,1,1,unassigned,2.0,2.0,0.0,1.0,0.0,0.0,0.0,0.0,0,0,0,1,1
23534,-1,1,0.6202809,0.6502824,1,1,unassigned,2.0,2.0,0.0,1.0,0.0,0.0,0.0,0.0,1,0,0,1,0
23535,-1,1,2.2019868,0.9004278,1,1,unassigned,2.0,1.0,1.0,0.5,0.5,0.5,0.0,0.0,1,0,0,1,1
23536,1,0,-0.9270678,0.28351998,0,1,unassigned,4.0,4.0,0.0,1.0,0.0,0.0,0.003868472,0.0,0,0,0,0,0
23537,-1,0,4.7996154,0.9918343,1,1,unassigned,6.0,6.0,0.0,1.0,0.0,0.0,0.007736944,0.0,0,0,0,1,1
23538,-1,0,-0.45812663,0.38743037,0,1,unassigned,3.0,3.0,0.0,1.0,0.0,0.0,0.001934236,0.0,0,0,0,0,0
23539,-1,0,0.45341378,0.6114506,1,1,unassigned,10.0,10.0,0.0,1.0,0.0,0.0,0.015473888,0.0,0,0,0,1,0
23540,-1,0,3.3914282,0.9674356,1,1,unassigned,2.0,2.0,0.0,1.0,0.0,0.0,0.0,0.0,0,0,0,1,1
23541,-1,0,-1.5135212,0.18041754,0,1,unassigned,3.0,3.0,0.0,1.0,0.0,0.0,0.001934236,0.0,0,0,0,0,0
23542,-1,1,4.243407,0.9858446,1,1,unassigned,13.0,10.0,3.0,0.7692308,0.23076923,0.23076922,0.021276595,0.0049099834,1,0,0,1,1
23543,-1,0,3.439901,0.9689285,1,1,unassigned,18.0,18.0,0.0,1.0,0.0,0.0,0.030947777,0.0,0,0,0,1,1
23544,-1,0,4.6432066,0.99046504,1,1,unassigned,2.0,2.0,0.0,1.0,0.0,0.0,0.0,0.0,0,0,0,1,1
23545,-1,1,4.882914,0.992482,1,1,unassigned,12.0,10.0,2.0,0.8333333,0.16666667,0.16666669,0.01934236,0.0032237265,1,0,0,1,1
23546,-1,0,2.5756342,0.9292768,1,1,unassigned,3.0,3.0,0.0,1.0,0.0,0.0,0.001934236,0.0,0,0,0,1,1
23547,-1,0,0.75589055,0.6804609,1,1,unassigned,2.0,2.0,0.0,1.0,0.0,0.0,0.0,0.0,0,0,0,1,0
23548,0,0,-1.4239328,0.19404578,0,0,val,3.0,3.0,0.0,1.0,0.0,0.0,0.001934236,0.0,0,0,1,0,0
23549,-1,0,0.4974242,0.6218538,1,1,unassigned,12.0,11.0,1.0,0.9166667,0.083333336,0.08333331,0.01934236,0.0016118633,0,0,0,1,0
23550,-1,0,-0.13161439,0.4671438,0,1,unassigned,46.0,44.0,2.0,0.95652175,0.04347826,0.04347825,0.08510638,0.0037002775,0,0,0,0,0
23551,0,0,0.074361086,0.51858175,1,1,unassigned,23.0,22.0,1.0,0.95652175,0.04347826,0.04347825,0.040618956,0.0017660416,0,0,0,1,0
23552,-1,0,-0.47681117,0.38300544,0,1,unassigned,3.0,3.0,0.0,1.0,0.0,0.0,0.001934236,0.0,0,0,0,0,0
23553,-1,1,6.93059,0.99902356,1,1,unassigned,26.0,23.0,3.0,0.88461536,0.115384616,0.11538464,0.046421662,0.005356346,1,0,0,1,1
23554,-1,0,0.38825047,0.59586143,1,1,unassigned,8.0,8.0,0.0,1.0,0.0,0.0,0.0116054155,0.0,0,0,0,1,0
23555,-1,0,3.1322367,0.9582031,1,1,unassigned,13.0,13.0,0.0,1.0,0.0,0.0,0.021276595,0.0,0,0,0,1,1
23556,-1,1,13.132562,0.999998,1,1,unassigned,3.0,3.0,0.0,1.0,0.0,0.0,0.001934236,0.0,1,0,0,1,1
23557,-1,0,-0.63101614,0.34728017,0,1,unassigned,28.0,28.0,0.0,1.0,0.0,0.0,0.050290134,0.0,0,0,0,0,0
23558,-1,0,-0.81565714,0.3066863,0,1,unassigned,141.0,140.0,1.0,0.9929078,0.0070921984,0.007092178,0.2688588,0.0019067999,0,0,0,0,0
23559,-1,0,-0.64219517,0.3447505,0,1,unassigned,39.0,38.0,1.0,0.974359,0.025641026,0.025641024,0.07156673,0.0018350444,0,0,0,0,0
23560,-1,0,0.42713422,0.60518914,1,1,unassigned,6.0,5.0,1.0,0.8333333,0.16666667,0.16666669,0.007736944,0.0012894907,0,0,0,1,0
23561,-1,0,0.5569809,0.6357537,1,1,unassigned,2.0,2.0,0.0,1.0,0.0,0.0,0.0,0.0,0,0,0,1,0
23562,-1,0,0.0001872778,0.50004685,1,1,unassigned,7.0,7.0,0.0,1.0,0.0,0.0,0.00967118,0.0,0,0,0,1,0
23563,-1,0,-0.84997296,0.29943854,0,1,unassigned,115.0,114.0,1.0,0.99130434,0.008695652,0.008695662,0.21856867,0.001900597,0,0,0,0,0
23564,-1,0,-0.77518725,0.31535807,0,1,unassigned,77.0,76.0,1.0,0.987013,0.012987013,0.012987018,0.14506769,0.001883996,0,0,0,0,0
23565,0,0,-0.63879466,0.34551907,0,0,val,32.0,32.0,0.0,1.0,0.0,0.0,0.058027077,0.0,0,0,1,0,0
23566,-1,1,2.2631805,0.9057814,1,1,unassigned,2.0,2.0,0.0,1.0,0.0,0.0,0.0,0.0,1,0,0,1,1
23567,1,0,-0.93054724,0.2828137,0,1,unassigned,33.0,32.0,1.0,0.969697,0.030303031,0.030303001,0.059961315,0.0018170096,0,0,0,0,0
23568,-1,0,-0.6413063,0.3449513,0,1,unassigned,53.0,53.0,0.0,1.0,0.0,0.0,0.09864604,0.0,0,0,0,0,0
23569,-1,0,2.2807968,0.90727407,1,1,unassigned,7.0,7.0,0.0,1.0,0.0,0.0,0.00967118,0.0,0,0,0,1,1
23570,-1,0,2.2230446,0.9022999,1,1,unassigned,15.0,14.0,1.0,0.93333334,0.06666667,0.06666666,0.025145067,0.0016763379,0,0,0,1,1
23571,-1,1,-0.57312024,0.36051717,0,1,unassigned,51.0,47.0,4.0,0.92156863,0.078431375,0.07843137,0.09477756,0.0074335346,1,0,0,0,0
23572,-1,0,10.158834,0.99996126,1,1,unassigned,22.0,19.0,3.0,0.8636364,0.13636364,0.13636363,0.03868472,0.005275189,0,0,0,1,1
23573,-1,1,0.63187844,0.65291524,1,1,unassigned,19.0,17.0,2.0,0.8947368,0.10526316,0.10526317,0.032882012,0.0034612645,1,0,0,1,0
23574,-1,1,0.28582615,0.570974,1,1,unassigned,22.0,20.0,2.0,0.90909094,0.09090909,0.090909064,0.03868472,0.0035167928,1,0,0,1,0
23575,-1,1,-0.8706412,0.2951209,0,1,unassigned,106.0,103.0,3.0,0.9716981,0.028301887,0.028301895,0.20116054,0.005693223,1,0,0,0,0
23576,-1,1,-0.4575501,0.3875672,0,1,unassigned,42.0,42.0,0.0,1.0,0.0,0.0,0.07736944,0.0,1,0,0,0,0
23577,-1,1,-0.67584974,0.33718824,0,1,unassigned,21.0,21.0,0.0,1.0,0.0,0.0,0.036750484,0.0,1,0,0,0,0
23578,-1,0,-0.61183715,0.35164025,0,1,unassigned,36.0,36.0,0.0,1.0,0.0,0.0,0.065764025,0.0,0,0,0,0,0
23579,-1,1,0.5335,0.6302991,1,1,unassigned,10.0,8.0,2.0,0.8,0.2,0.19999999,0.015473888,0.0030947777,1,0,0,1,0
23580,-1,0,9.965114,0.99995303,1,1,unassigned,4.0,4.0,0.0,1.0,0.0,0.0,0.003868472,0.0,0,0,0,1,1
23581,-1,0,2.598576,0.93076986,1,1,unassigned,11.0,9.0,2.0,0.8181818,0.18181819,0.18181819,0.017408123,0.0031651135,0,0,0,1,1
23582,1,0,0.2219693,0.55526555,1,0,val,12.0,12.0,0.0,1.0,0.0,0.0,0.01934236,0.0,0,0,1,1,0
23583,-1,1,1.4944248,0.81674147,1,1,unassigned,11.0,7.0,4.0,0.6363636,0.36363637,0.36363637,0.017408123,0.006330227,1,0,0,1,0
23584,-1,0,-0.36505723,0.4097359,0,1,unassigned,6.0,5.0,1.0,0.8333333,0.16666667,0.16666669,0.007736944,0.0012894907,0,0,0,0,0
23585,-1,0,7.912274,0.9996339,1,1,unassigned,8.0,7.0,1.0,0.875,0.125,0.125,0.0116054155,0.0014506769,0,0,0,1,1
23586,-1,0,2.97659,0.95150524,1,1,unassigned,20.0,19.0,1.0,0.95,0.05,0.050000012,0.034816246,0.0017408123,0,0,0,1,1
23587,-1,1,-0.53951204,0.36830106,0,1,unassigned,58.0,56.0,2.0,0.9655172,0.03448276,0.034482777,0.10831721,0.0037350762,1,0,0,0,0
23588,-1,1,4.7994366,0.99183285,1,1,unassigned,28.0,24.0,4.0,0.85714287,0.14285715,0.14285713,0.050290134,0.007184305,1,0,0,1,1
23589,-1,0,-0.14451522,0.4639339,0,1,unassigned,6.0,6.0,0.0,1.0,0.0,0.0,0.007736944,0.0,0,0,0,0,0
23590,-1,0,2.036963,0.88462365,1,1,unassigned,20.0,20.0,0.0,1.0,0.0,0.0,0.034816246,0.0,0,0,0,1,0
23591,-1,0,-0.4106241,0.39876246,0,1,unassigned,7.0,6.0,1.0,0.85714287,0.14285715,0.14285713,0.00967118,0.0013815971,0,0,0,0,0
23592,-1,0,1.9404831,0.8744052,1,1,unassigned,12.0,12.0,0.0,1.0,0.0,0.0,0.01934236,0.0,0,0,0,1,0
23593,-1,0,4.123941,0.98407704,1,1,unassigned,4.0,4.0,0.0,1.0,0.0,0.0,0.003868472,0.0,0,0,0,1,1
23594,-1,0,5.203516,0.9945328,1,1,unassigned,2.0,2.0,0.0,1.0,0.0,0.0,0.0,0.0,0,0,0,1,1
23595,-1,0,-0.30907285,0.42334107,0,1,unassigned,9.0,9.0,0.0,1.0,0.0,0.0,0.013539651,0.0,0,0,0,0,0
23596,-1,0,4.773273,0.9916182,1,1,unassigned,9.0,9.0,0.0,1.0,0.0,0.0,0.013539651,0.0,0,0,0,1,1
23597,-1,1,-0.8798049,0.29321823,0,1,unassigned,42.0,42.0,0.0,1.0,0.0,0.0,0.07736944,0.0,1,0,0,0,0
23598,-1,1,-0.09581146,0.47606543,0,1,unassigned,2.0,2.0,0.0,1.0,0.0,0.0,0.0,0.0,1,0,0,0,0
23599,-1,0,-0.42400908,0.39555782,0,1,unassigned,2.0,2.0,0.0,1.0,0.0,0.0,0.0,0.0,0,0,0,0,0
23600,-1,0,-0.48134762,0.38193396,0,1,unassigned,9.0,9.0,0.0,1.0,0.0,0.0,0.013539651,0.0,0,0,0,0,0
23601,-1,0,0.7398563,0.6769644,1,1,unassigned,4.0,4.0,0.0,1.0,0.0,0.0,0.003868472,0.0,0,0,0,1,0
23602,-1,0,-0.8169029,0.30642152,0,1,unassigned,37.0,35.0,2.0,0.9459459,0.054054055,0.05405408,0.06769826,0.0036593657,0,0,0,0,0
23603,1,1,0.08786076,0.5219511,1,0,test,9.0,9.0,0.0,1.0,0.0,0.0,0.013539651,0.0,1,0,1,1,0
23604,-1,0,-0.059964478,0.4850133,0,1,unassigned,11.0,11.0,0.0,1.0,0.0,0.0,0.017408123,0.0,0,0,0,0,0
23605,-1,1,6.6016383,0.9986437,1,1,unassigned,20.0,20.0,0.0,1.0,0.0,0.0,0.034816246,0.0,1,0,0,1,1
23606,-1,0,2.5908728,0.9302718,1,1,unassigned,8.0,8.0,0.0,1.0,0.0,0.0,0.0116054155,0.0,0,0,0,1,1
23607,1,0,-0.86144197,0.29703817,0,1,unassigned,38.0,34.0,4.0,0.8947368,0.10526316,0.10526317,0.06963249,0.0073297364,0,0,0,0,0
23608,-1,0,5.503325,0.99594325,1,1,unassigned,15.0,15.0,0.0,1.0,0.0,0.0,0.025145067,0.0,0,0,0,1,1
23609,-1,0,-0.7596872,0.3187142,0,1,unassigned,74.0,74.0,0.0,1.0,0.0,0.0,0.13926499,0.0,0,0,0,0,0
23610,-1,0,2.9312088,0.94936776,1,1,unassigned,6.0,5.0,1.0,0.8333333,0.16666667,0.16666669,0.007736944,0.0012894907,0,0,0,1,1
23611,0,0,-0.8704834,0.2951537,0,0,test,32.0,28.0,4.0,0.875,0.125,0.125,0.058027077,0.0072533847,0,0,1,0,0
23612,-1,0,-0.85373104,0.29865077,0,1,unassigned,41.0,40.0,1.0,0.9756098,0.024390243,0.02439022,0.07543521,0.001839883,0,0,0,0,0
23613,-1,0,-0.9309544,0.28273112,0,1,unassigned,11.0,11.0,0.0,1.0,0.0,0.0,0.017408123,0.0,0,0,0,0,0
23614,-1,1,-0.20630679,0.44860545,0,1,unassigned,2.0,2.0,0.0,1.0,0.0,0.0,0.0,0.0,1,0,0,0,0
23615,-1,0,8.947865,0.99986994,1,1,unassigned,7.0,6.0,1.0,0.85714287,0.14285715,0.14285713,0.00967118,0.0013815971,0,0,0,1,1
23616,-1,0,1.4940002,0.8166779,1,1,unassigned,9.0,9.0,0.0,1.0,0.0,0.0,0.013539651,0.0,0,0,0,1,0
23617,-1,0,4.8328447,0.99209917,1,1,unassigned,5.0,5.0,0.0,1.0,0.0,0.0,0.0058027077,0.0,0,0,0,1,1
23618,-1,0,0.59021014,0.6434133,1,1,unassigned,13.0,13.0,0.0,1.0,0.0,0.0,0.021276595,0.0,0,0,0,1,0
23619,-1,0,2.1720283,0.8977093,1,1,unassigned,49.0,48.0,1.0,0.97959185,0.020408163,0.020408154,0.09090909,0.0018552876,0,0,0,1,0
23620,-1,0,2.6653335,0.9349498,1,1,unassigned,3.0,3.0,0.0,1.0,0.0,0.0,0.001934236,0.0,0,0,0,1,1
23621,-1,0,-0.9542145,0.27803802,0,1,unassigned,30.0,30.0,0.0,1.0,0.0,0.0,0.054158606,0.0,0,0,0,0,0
23622,-1,0,-0.6283512,0.34788448,0,1,unassigned,130.0,127.0,3.0,0.97692305,0.023076924,0.023076952,0.24758221,0.005713436,0,0,0,0,0
23623,0,1,-0.5402322,0.36813357,0,0,unassigned,38.0,38.0,0.0,1.0,0.0,0.0,0.06963249,0.0,1,0,1,0,0
23624,-1,1,-0.12536573,0.46869954,0,1,unassigned,2.0,2.0,0.0,1.0,0.0,0.0,0.0,0.0,1,0,0,0,0
23625,-1,0,-0.8625401,0.29680893,0,1,unassigned,31.0,31.0,0.0,1.0,0.0,0.0,0.056092843,0.0,0,0,0,0,0
23626,-1,0,1.9173071,0.8718379,1,1,unassigned,2.0,2.0,0.0,1.0,0.0,0.0,0.0,0.0,0,0,0,1,0
23627,0,1,1.3327157,0.7912895,1,1,val,23.0,23.0,0.0,1.0,0.0,0.0,0.040618956,0.0,1,0,0,1,0
23628,0,0,-0.9960567,0.26971743,0,0,train,2.0,2.0,0.0,1.0,0.0,0.0,0.0,0.0,0,0,1,0,0
23629,-1,0,-0.36723998,0.4092081,0,1,unassigned,12.0,11.0,1.0,0.9166667,0.083333336,0.08333331,0.01934236,0.0016118633,0,0,0,0,0
23630,0,1,-0.16771784,0.45816854,0,0,unassigned,38.0,36.0,2.0,0.94736844,0.05263158,0.052631557,0.06963249,0.0036648682,1,0,1,0,0
23631,-1,0,0.20382923,0.5507816,1,1,unassigned,4.0,3.0,1.0,0.75,0.25,0.25,0.003868472,0.000967118,0,0,0,1,0
23632,-1,0,5.4785175,0.9958418,1,1,unassigned,2.0,1.0,1.0,0.5,0.5,0.5,0.0,0.0,0,0,0,1,1
23633,-1,0,-0.7890984,0.3123623,0,1,unassigned,51.0,51.0,0.0,1.0,0.0,0.0,0.09477756,0.0,0,0,0,0,0
23634,-1,0,-1.419224,0.19478327,0,1,unassigned,3.0,3.0,0.0,1.0,0.0,0.0,0.001934236,0.0,0,0,0,0,0
23635,-1,0,-0.9324952,0.2824188,0,1,unassigned,97.0,91.0,6.0,0.9381443,0.06185567,0.061855674,0.18375242,0.011366129,0,0,0,0,0
23636,-1,0,-0.9321523,0.2824883,0,1,unassigned,37.0,35.0,2.0,0.9459459,0.054054055,0.05405408,0.06769826,0.0036593657,0,0,0,0,0
23637,-1,0,-0.8097326,0.3079475,0,1,unassigned,4.0,4.0,0.0,1.0,0.0,0.0,0.003868472,0.0,0,0,0,0,0
23638,1,1,-0.7068613,0.33029273,0,1,test,57.0,55.0,2.0,0.9649123,0.03508772,0.035087705,0.10638298,0.0037327362,1,0,0,0,0
23639,-1,1,-0.8828292,0.29259184,0,1,unassigned,32.0,32.0,0.0,1.0,0.0,0.0,0.058027077,0.0,1,0,0,0,0
23640,-1,1,-0.08037394,0.47991735,0,1,unassigned,68.0,66.0,2.0,0.9705882,0.029411765,0.029411793,0.12765957,0.0037546933,1,0,0,0,0
23641,-1,1,-0.786728,0.31287166,0,1,unassigned,58.0,58.0,0.0,1.0,0.0,0.0,0.10831721,0.0,1,0,0,0,0
23642,-1,1,4.937618,0.99287945,1,1,unassigned,44.0,42.0,2.0,0.95454544,0.045454547,0.04545456,0.08123791,0.0036926325,1,0,0,1,1
23643,-1,1,-0.85958636,0.29742578,0,1,unassigned,63.0,59.0,4.0,0.93650794,0.06349207,0.06349206,0.11798839,0.007491327,1,0,0,0,0
23644,-1,1,-0.6232273,0.3490478,0,1,unassigned,61.0,56.0,5.0,0.91803277,0.08196721,0.081967235,0.114119925,0.009354092,1,0,0,0,0
23645,-1,1,-0.73007554,0.32517815,0,1,unassigned,81.0,71.0,10.0,0.8765432,0.12345679,0.123456776,0.15280464,0.018864771,1,0,0,0,0
23646,-1,0,4.109071,0.9838424,1,1,unassigned,3.0,3.0,0.0,1.0,0.0,0.0,0.001934236,0.0,0,0,0,1,1
23647,1,1,-0.53741986,0.368788,0,1,test,69.0,62.0,7.0,0.89855075,0.10144927,0.10144925,0.1295938,0.013147198,1,0,0,0,0
23648,-1,0,-0.68839955,0.3343892,0,1,unassigned,16.0,15.0,1.0,0.9375,0.0625,0.0625,0.027079303,0.0016924564,0,0,0,0,0
23649,-1,1,-0.6714775,0.3381661,0,1,unassigned,54.0,54.0,0.0,1.0,0.0,0.0,0.10058027,0.0,1,0,0,0,0
23650,-1,1,-0.778021,0.31474656,0,1,unassigned,45.0,45.0,0.0,1.0,0.0,0.0,0.08317215,0.0,1,0,0,0,0
23651,-1,1,-0.8189619,0.30598405,0,1,unassigned,66.0,63.0,3.0,0.95454544,0.045454547,0.04545456,0.123791106,0.0056268685,1,0,0,0,0
23652,-1,1,-0.3076697,0.42368364,0,1,unassigned,198.0,187.0,11.0,0.9444444,0.055555556,0.055555582,0.37911025,0.021061681,1,0,0,0,0
23653,-1,1,-0.21010703,0.4476656,0,1,unassigned,66.0,65.0,1.0,0.9848485,0.015151516,0.015151501,0.123791106,0.0018756229,1,0,0,0,0
23654,-1,1,-0.82693124,0.30429435,0,1,unassigned,64.0,64.0,0.0,1.0,0.0,0.0,0.11992263,0.0,1,0,0,0,0
23655,-1,0,-0.73896796,0.32322985,0,1,unassigned,19.0,19.0,0.0,1.0,0.0,0.0,0.032882012,0.0,0,0,0,0,0
23656,-1,1,0.41808826,0.6030257,1,1,unassigned,2.0,2.0,0.0,1.0,0.0,0.0,0.0,0.0,1,0,0,1,0
23657,-1,0,4.561341,0.98965997,1,1,unassigned,35.0,35.0,0.0,1.0,0.0,0.0,0.06382979,0.0,0,0,0,1,1
23658,-1,0,-0.44081718,0.39154628,0,1,unassigned,87.0,87.0,0.0,1.0,0.0,0.0,0.16441005,0.0,0,0,0,0,0
23659,-1,0,0.08417684,0.5210318,1,1,unassigned,36.0,34.0,2.0,0.9444444,0.055555556,0.055555582,0.065764025,0.003653557,0,0,0,1,0
23660,-1,0,-0.42803556,0.3945955,0,1,unassigned,23.0,21.0,2.0,0.9130435,0.08695652,0.0869565,0.040618956,0.0035320832,0,0,0,0,0
23661,-1,0,-0.8343892,0.3027178,0,1,unassigned,116.0,116.0,0.0,1.0,0.0,0.0,0.2205029,0.0,0,0,0,0,0
23662,-1,0,-0.74668586,0.32154384,0,1,unassigned,51.0,49.0,2.0,0.9607843,0.039215688,0.039215684,0.09477756,0.0037167673,0,0,0,0,0
23663,0,1,-0.48709857,0.3805773,0,0,val,4.0,4.0,0.0,1.0,0.0,0.0,0.003868472,0.0,1,0,1,0,0
23664,0,0,0.10690051,0.5266997,1,1,test,12.0,12.0,0.0,1.0,0.0,0.0,0.01934236,0.0,0,0,0,1,0
23665,-1,1,-0.3732868,0.40774706,0,1,unassigned,11.0,11.0,0.0,1.0,0.0,0.0,0.017408123,0.0,1,0,0,0,0
23666,-1,0,1.285784,0.7834328,1,1,unassigned,4.0,3.0,1.0,0.75,0.25,0.25,0.003868472,0.000967118,0,0,0,1,0
23667,-1,1,3.889807,0.9799605,1,1,unassigned,13.0,13.0,0.0,1.0,0.0,0.0,0.021276595,0.0,1,0,0,1,1
23668,-1,0,-0.67375624,0.33765626,0,1,unassigned,3.0,2.0,1.0,0.6666667,0.33333334,0.3333333,0.001934236,0.00064474536,0,0,0,0,0
23669,-1,0,5.8667336,0.99717593,1,1,unassigned,2.0,2.0,0.0,1.0,0.0,0.0,0.0,0.0,0,0,0,1,1
23670,-1,0,-0.2851452,0.4291928,0,1,unassigned,8.0,7.0,1.0,0.875,0.125,0.125,0.0116054155,0.0014506769,0,0,0,0,0
23671,-1,0,10.335854,0.9999676,1,1,unassigned,2.0,2.0,0.0,1.0,0.0,0.0,0.0,0.0,0,0,0,1,1
23672,-1,0,5.5865164,0.99626595,1,1,unassigned,4.0,4.0,0.0,1.0,0.0,0.0,0.003868472,0.0,0,0,0,1,1
23673,0,0,-0.34840477,0.4137693,0,0,test,21.0,21.0,0.0,1.0,0.0,0.0,0.036750484,0.0,0,0,1,0,0
23674,-1,1,-0.72893447,0.3254286,0,1,unassigned,25.0,25.0,0.0,1.0,0.0,0.0,0.044487428,0.0,1,0,0,0,0
23675,-1,1,-0.72515374,0.3262591,0,1,unassigned,3.0,3.0,0.0,1.0,0.0,0.0,0.001934236,0.0,1,0,0,0,0
23676,-1,1,-0.6432932,0.34450248,0,1,unassigned,7.0,7.0,0.0,1.0,0.0,0.0,0.00967118,0.0,1,0,0,0,0
23677,0,1,1.6560991,0.83971363,1,1,test,3.0,2.0,1.0,0.6666667,0.33333334,0.3333333,0.001934236,0.00064474536,1,0,0,1,0
23678,-1,1,-0.2823258,0.42988366,0,1,unassigned,9.0,8.0,1.0,0.8888889,0.11111111,0.111111104,0.013539651,0.0015044058,1,0,0,0,0
23679,-1,1,0.15229183,0.5379995,1,1,unassigned,7.0,7.0,0.0,1.0,0.0,0.0,0.00967118,0.0,1,0,0,1,0
23680,0,0,-0.94341207,0.28021166,0,0,unassigned,23.0,22.0,1.0,0.95652175,0.04347826,0.04347825,0.040618956,0.0017660416,0,0,1,0,0
23681,-1,1,1.5209854,0.82068354,1,1,unassigned,15.0,14.0,1.0,0.93333334,0.06666667,0.06666666,0.025145067,0.0016763379,1,0,0,1,0
23682,0,1,-0.04821515,0.4879485,0,0,train,11.0,11.0,0.0,1.0,0.0,0.0,0.017408123,0.0,1,0,1,0,0
23683,-1,0,-0.9122822,0.28653306,0,1,unassigned,63.0,63.0,0.0,1.0,0.0,0.0,0.11798839,0.0,0,0,0,0,0
23684,0,1,-0.042458653,0.4893869,0,0,unassigned,11.0,11.0,0.0,1.0,0.0,0.0,0.017408123,0.0,1,0,1,0,0
23685,-1,0,0.08843768,0.522095,1,1,unassigned,5.0,5.0,0.0,1.0,0.0,0.0,0.0058027077,0.0,0,0,0,1,0
23686,-1,0,-0.85439026,0.29851273,0,1,unassigned,23.0,23.0,0.0,1.0,0.0,0.0,0.040618956,0.0,0,0,0,0,0
23687,-1,0,-0.93320864,0.28227422,0,1,unassigned,32.0,29.0,3.0,0.90625,0.09375,0.09375,0.058027077,0.0054400386,0,0,0,0,0
23688,-1,1,0.16580719,0.54135704,1,1,unassigned,3.0,3.0,0.0,1.0,0.0,0.0,0.001934236,0.0,1,0,0,1,0
23689,-1,1,-0.36206263,0.41046035,0,1,unassigned,6.0,6.0,0.0,1.0,0.0,0.0,0.007736944,0.0,1,0,0,0,0
23690,-1,0,1.6319299,0.8364338,1,1,unassigned,2.0,2.0,0.0,1.0,0.0,0.0,0.0,0.0,0,0,0,1,0
23691,-1,0,0.096874595,0.5241997,1,1,unassigned,9.0,9.0,0.0,1.0,0.0,0.0,0.013539651,0.0,0,0,0,1,0
23692,-1,0,2.4680774,0.9218734,1,1,unassigned,6.0,6.0,0.0,1.0,0.0,0.0,0.007736944,0.0,0,0,0,1,1
23693,-1,0,2.5851536,0.92989993,1,1,unassigned,2.0,1.0,1.0,0.5,0.5,0.5,0.0,0.0,0,0,0,1,1
23694,-1,0,3.9928725,0.98188746,1,1,unassigned,18.0,16.0,2.0,0.8888889,0.11111111,0.111111104,0.030947777,0.0034386418,0,0,0,1,1
23695,-1,1,-0.7572118,0.3192519,0,1,unassigned,160.0,158.0,2.0,0.9875,0.0125,0.012499988,0.3056093,0.0038201162,1,0,0,0,0
23696,-1,1,-0.54839945,0.36623582,0,1,unassigned,8.0,5.0,3.0,0.625,0.375,0.375,0.0116054155,0.004352031,1,0,0,0,0
23697,-1,1,-0.838701,0.30180842,0,1,unassigned,89.0,87.0,2.0,0.9775281,0.02247191,0.022471905,0.16827853,0.00378154,1,0,0,0,0
23698,-1,1,-0.8828855,0.2925802,0,1,unassigned,65.0,65.0,0.0,1.0,0.0,0.0,0.12185687,0.0,1,0,0,0,0
23699,-1,1,-0.9597147,0.2769353,0,1,unassigned,27.0,27.0,0.0,1.0,0.0,0.0,0.0483559,0.0,1,0,0,0,0
23700,-1,1,-0.80170304,0.30966133,0,1,unassigned,19.0,19.0,0.0,1.0,0.0,0.0,0.032882012,0.0,1,0,0,0,0
23701,-1,0,-0.18294585,0.45439067,0,1,unassigned,4.0,4.0,0.0,1.0,0.0,0.0,0.003868472,0.0,0,0,0,0,0
23702,-1,1,-0.7664434,0.31724897,0,1,unassigned,86.0,83.0,3.0,0.96511626,0.034883723,0.034883738,0.16247582,0.0056677614,1,0,0,0,0
23703,-1,1,-0.72066796,0.32724592,0,1,unassigned,21.0,21.0,0.0,1.0,0.0,0.0,0.036750484,0.0,1,0,0,0,0
23704,-1,1,-0.87735367,0.29372647,0,1,unassigned,143.0,142.0,1.0,0.993007,0.006993007,0.0069929957,0.27272728,0.0019071838,1,0,0,0,0
23705,-1,1,4.993553,0.9932641,1,1,unassigned,20.0,20.0,0.0,1.0,0.0,0.0,0.034816246,0.0,1,0,0,1,1
23706,-1,1,-0.86540914,0.29621047,0,1,unassigned,108.0,108.0,0.0,1.0,0.0,0.0,0.20502901,0.0,1,0,0,0,0
23707,0,1,-0.68024075,0.3362076,0,0,val,62.0,56.0,6.0,0.9032258,0.09677419,0.09677422,0.116054155,0.011231047,1,0,1,0,0
23708,-1,1,-0.8153378,0.3067542,0,1,unassigned,208.0,201.0,7.0,0.96634614,0.033653848,0.033653855,0.3984526,0.013409464,1,0,0,0,0
23709,-1,1,-0.6393702,0.3453889,0,1,unassigned,23.0,23.0,0.0,1.0,0.0,0.0,0.040618956,0.0,1,0,0,0,0
23710,-1,1,1.6945288,0.8448188,1,1,unassigned,71.0,58.0,13.0,0.8169014,0.18309858,0.18309861,0.13346228,0.024436755,1,0,0,1,0
23711,-1,1,-0.6618096,0.34033322,0,1,unassigned,166.0,165.0,1.0,0.9939759,0.006024096,0.0060241222,0.3172147,0.0019109319,1,0,0,0,0
23712,-1,1,1.5789373,0.82905394,1,1,unassigned,141.0,139.0,2.0,0.9858156,0.014184397,0.014184415,0.2688588,0.0038135997,1,0,0,1,0
23713,-1,1,2.5222156,0.92568463,1,1,unassigned,34.0,32.0,2.0,0.9411765,0.05882353,0.058823526,0.061895553,0.0036409148,1,0,0,1,1
23714,-1,0,0.3380007,0.58370477,1,1,unassigned,15.0,15.0,0.0,1.0,0.0,0.0,0.025145067,0.0,0,0,0,1,0
23715,-1,1,3.8515713,0.9791957,1,1,unassigned,2.0,2.0,0.0,1.0,0.0,0.0,0.0,0.0,1,0,0,1,1
23716,-1,1,2.7215877,0.9382885,1,1,unassigned,5.0,5.0,0.0,1.0,0.0,0.0,0.0058027077,0.0,1,0,0,1,1
23717,-1,0,-0.8675072,0.29577327,0,1,unassigned,25.0,25.0,0.0,1.0,0.0,0.0,0.044487428,0.0,0,0,0,0,0
23718,-1,1,1.1149707,0.7530547,1,1,unassigned,2.0,2.0,0.0,1.0,0.0,0.0,0.0,0.0,1,0,0,1,0
23719,-1,1,2.126601,0.8934619,1,1,unassigned,6.0,6.0,0.0,1.0,0.0,0.0,0.007736944,0.0,1,0,0,1,0
23720,-1,1,-0.096689045,0.4758466,0,1,unassigned,8.0,7.0,1.0,0.875,0.125,0.125,0.0116054155,0.0014506769,1,0,0,0,0
23721,-1,1,0.384282,0.59490544,1,1,unassigned,3.0,3.0,0.0,1.0,0.0,0.0,0.001934236,0.0,1,0,0,1,0
23722,0,1,-0.15214986,0.46203575,0,0,unassigned,21.0,21.0,0.0,1.0,0.0,0.0,0.036750484,0.0,1,0,1,0,0
23723,-1,0,4.6898274,0.9908954,1,1,unassigned,5.0,4.0,1.0,0.8,0.2,0.19999999,0.0058027077,0.0011605415,0,0,0,1,1
23724,-1,0,0.4359855,0.607302,1,1,unassigned,2.0,1.0,1.0,0.5,0.5,0.5,0.0,0.0,0,0,0,1,0
23725,1,1,-0.73085284,0.3250076,0,1,val,65.0,65.0,0.0,1.0,0.0,0.0,0.12185687,0.0,1,0,0,0,0
23726,-1,0,3.5637395,0.97244793,1,1,unassigned,9.0,9.0,0.0,1.0,0.0,0.0,0.013539651,0.0,0,0,0,1,1
23727,-1,1,0.29803377,0.5739618,1,1,unassigned,2.0,2.0,0.0,1.0,0.0,0.0,0.0,0.0,1,0,0,1,0
23728,-1,0,3.8274634,0.97869885,1,1,unassigned,5.0,5.0,0.0,1.0,0.0,0.0,0.0058027077,0.0,0,0,0,1,1
23729,-1,0,11.3907795,0.9999887,1,1,unassigned,2.0,2.0,0.0,1.0,0.0,0.0,0.0,0.0,0,0,0,1,1
23730,-1,0,-0.9116735,0.2866575,0,1,unassigned,49.0,48.0,1.0,0.97959185,0.020408163,0.020408154,0.09090909,0.0018552876,0,0,0,0,0
23731,-1,1,1.4892037,0.81595874,1,1,unassigned,20.0,20.0,0.0,1.0,0.0,0.0,0.034816246,0.0,1,0,0,1,0
23732,-1,0,-0.81948346,0.3058733,0,1,unassigned,62.0,62.0,0.0,1.0,0.0,0.0,0.116054155,0.0,0,0,0,0,0
23733,-1,0,-0.55686665,0.36427277,0,1,unassigned,44.0,43.0,1.0,0.97727275,0.022727273,0.022727251,0.08123791,0.0018463163,0,0,0,0,0
23734,1,1,2.4039185,0.91712564,1,0,unassigned,24.0,23.0,1.0,0.9583333,0.041666668,0.041666687,0.04255319,0.0017730496,1,0,1,1,1
23735,0,0,-0.5104528,0.3750874,0,0,unassigned,26.0,26.0,0.0,1.0,0.0,0.0,0.046421662,0.0,0,0,1,0,0
23736,-1,1,-0.5094612,0.3753198,0,1,unassigned,136.0,134.0,2.0,0.9852941,0.014705882,0.014705896,0.2591876,0.0038115825,1,0,0,0,0
23737,-1,1,2.237397,0.9035579,1,1,unassigned,38.0,37.0,1.0,0.9736842,0.02631579,0.026315808,0.06963249,0.0018324341,1,0,0,1,1
23738,-1,1,-0.87079954,0.29508796,0,1,unassigned,78.0,78.0,0.0,1.0,0.0,0.0,0.14700194,0.0,1,0,0,0,0
23739,-1,1,-0.88525426,0.29209015,0,1,unassigned,29.0,29.0,0.0,1.0,0.0,0.0,0.05222437,0.0,1,0,0,0,0
23740,-1,1,-0.8502791,0.2993743,0,1,unassigned,82.0,81.0,1.0,0.9878049,0.0121951215,0.01219511,0.15473887,0.0018870593,1,0,0,0,0
23741,-1,1,-0.86277485,0.29675993,0,1,unassigned,157.0,152.0,5.0,0.9681529,0.031847134,0.03184712,0.29980657,0.00954798,1,0,0,0,0
23742,0,1,0.9189586,0.71482986,1,1,unassigned,26.0,26.0,0.0,1.0,0.0,0.0,0.046421662,0.0,1,0,0,1,0
23743,-1,1,-0.63840044,0.3456082,0,1,unassigned,62.0,62.0,0.0,1.0,0.0,0.0,0.116054155,0.0,1,0,0,0,0
23744,-1,1,0.07348716,0.51836354,1,1,unassigned,94.0,92.0,2.0,0.9787234,0.021276595,0.021276593,0.17794971,0.0037861639,1,0,0,1,0
23745,-1,1,-0.8017759,0.30964577,0,1,unassigned,163.0,155.0,8.0,0.9509202,0.049079753,0.049079776,0.311412,0.015284024,1,0,0,0,0
23746,-1,1,-0.797886,0.3104779,0,1,unassigned,170.0,166.0,4.0,0.9764706,0.023529412,0.02352941,0.32495165,0.0076459213,1,0,0,0,0
23747,-1,1,-0.8058173,0.30878255,0,1,unassigned,138.0,136.0,2.0,0.98550725,0.014492754,0.01449275,0.2630561,0.0038124074,1,0,0,0,0
23748,-1,1,-0.7005239,0.3316961,0,1,unassigned,20.0,19.0,1.0,0.95,0.05,0.050000012,0.034816246,0.0017408123,1,0,0,0,0
23749,-1,1,-0.87339544,0.29454827,0,1,unassigned,190.0,181.0,9.0,0.9526316,0.047368422,0.047368407,0.36363637,0.017224882,1,0,0,0,0
23750,-1,1,-0.79002964,0.3121623,0,1,unassigned,93.0,92.0,1.0,0.9892473,0.010752688,0.010752678,0.17601547,0.0018926394,1,0,0,0,0
23751,-1,1,-0.8441001,0.30067196,0,1,unassigned,114.0,114.0,0.0,1.0,0.0,0.0,0.21663442,0.0,1,0,0,0,0
23752,-1,1,-0.67723215,0.33687934,0,1,unassigned,49.0,48.0,1.0,0.97959185,0.020408163,0.020408154,0.09090909,0.0018552876,1,0,0,0,0
23753,-1,0,2.0340023,0.8843211,1,1,unassigned,11.0,10.0,1.0,0.90909094,0.09090909,0.090909064,0.017408123,0.0015825568,0,0,0,1,0
23754,-1,0,0.033953488,0.5084875,1,1,unassigned,44.0,44.0,0.0,1.0,0.0,0.0,0.08123791,0.0,0,0,0,1,0
23755,-1,0,0.8873492,0.70834285,1,1,unassigned,51.0,51.0,0.0,1.0,0.0,0.0,0.09477756,0.0,0,0,0,1,0
23756,-1,0,1.4889183,0.8159159,1,1,unassigned,7.0,6.0,1.0,0.85714287,0.14285715,0.14285713,0.00967118,0.0013815971,0,0,0,1,0
23757,-1,1,-0.43002784,0.39411968,0,1,unassigned,18.0,18.0,0.0,1.0,0.0,0.0,0.030947777,0.0,1,0,0,0,0
23758,-1,0,1.5262027,0.82145,1,1,unassigned,15.0,10.0,5.0,0.6666667,0.33333334,0.3333333,0.025145067,0.008381689,0,0,0,1,0
23759,-1,0,-0.24793068,0.4383329,0,1,unassigned,3.0,3.0,0.0,1.0,0.0,0.0,0.001934236,0.0,0,0,0,0,0
23760,-1,0,2.3658926,0.91418916,1,1,unassigned,5.0,4.0,1.0,0.8,0.2,0.19999999,0.0058027077,0.0011605415,0,0,0,1,1
23761,-1,0,1.1045237,0.75110674,1,1,unassigned,4.0,4.0,0.0,1.0,0.0,0.0,0.003868472,0.0,0,0,0,1,0
23762,-1,1,5.3935933,0.995475,1,1,unassigned,8.0,8.0,0.0,1.0,0.0,0.0,0.0116054155,0.0,1,0,0,1,1
23763,1,1,1.8944976,0.8692675,1,0,unassigned,50.0,50.0,0.0,1.0,0.0,0.0,0.092843324,0.0,1,0,1,1,0
23764,-1,1,1.9995854,0.88075346,1,1,unassigned,15.0,13.0,2.0,0.8666667,0.13333334,0.13333333,0.025145067,0.0033526758,1,0,0,1,0
23765,-1,1,1.833844,0.862219,1,1,unassigned,15.0,13.0,2.0,0.8666667,0.13333334,0.13333333,0.025145067,0.0033526758,1,0,0,1,0
23766,0,1,-0.34555167,0.41446155,0,0,unassigned,4.0,4.0,0.0,1.0,0.0,0.0,0.003868472,0.0,1,0,1,0,0
23767,-1,0,1.7973433,0.8578253,1,1,unassigned,7.0,6.0,1.0,0.85714287,0.14285715,0.14285713,0.00967118,0.0013815971,0,0,0,1,0
23768,1,0,2.9794414,0.9516367,1,0,unassigned,10.0,10.0,0.0,1.0,0.0,0.0,0.015473888,0.0,0,0,1,1,1
23769,-1,1,1.0520608,0.74117047,1,1,unassigned,17.0,17.0,0.0,1.0,0.0,0.0,0.029013539,0.0,1,0,0,1,0
23770,-1,1,1.2478571,0.7769287,1,1,unassigned,14.0,8.0,6.0,0.5714286,0.42857143,0.4285714,0.023210831,0.009947499,1,0,0,1,0
23771,-1,0,-0.23459733,0.44161817,0,1,unassigned,55.0,53.0,2.0,0.96363634,0.036363635,0.03636366,0.102514505,0.0037278,0,0,0,0,0
23772,-1,0,-0.76630545,0.31727886,0,1,unassigned,29.0,29.0,0.0,1.0,0.0,0.0,0.05222437,0.0,0,0,0,0,0
23773,-1,0,-0.6094831,0.3521771,0,1,unassigned,29.0,29.0,0.0,1.0,0.0,0.0,0.05222437,0.0,0,0,0,0,0
23774,-1,0,1.9087803,0.8708821,1,1,unassigned,10.0,3.0,7.0,0.3,0.7,0.7,0.015473888,0.010831722,0,0,0,1,0
23775,-1,0,-0.8386333,0.30182272,0,1,unassigned,86.0,85.0,1.0,0.9883721,0.011627907,0.0116279125,0.16247582,0.0018892537,0,0,0,0,0
23776,-1,0,-0.202497,0.44954807,0,1,unassigned,10.0,10.0,0.0,1.0,0.0,0.0,0.015473888,0.0,0,0,0,0,0
23777,-1,1,-0.5891508,0.35682973,0,1,unassigned,46.0,46.0,0.0,1.0,0.0,0.0,0.08510638,0.0,1,0,0,0,0
23778,-1,1,-0.8088078,0.3081446,0,1,unassigned,60.0,60.0,0.0,1.0,0.0,0.0,0.11218569,0.0,1,0,0,0,0
23779,-1,1,-0.9007852,0.28888917,0,1,unassigned,40.0,39.0,1.0,0.975,0.025,0.024999976,0.07350097,0.0018375242,1,0,0,0,0
23780,-1,1,-0.829028,0.30385062,0,1,unassigned,19.0,19.0,0.0,1.0,0.0,0.0,0.032882012,0.0,1,0,0,0,0
23781,-1,1,-0.32934052,0.41840112,0,1,unassigned,40.0,37.0,3.0,0.925,0.075,0.07499999,0.07350097,0.005512573,1,0,0,0,0
23782,-1,1,-0.8826523,0.29262847,0,1,unassigned,43.0,43.0,0.0,1.0,0.0,0.0,0.079303674,0.0,1,0,0,0,0
23783,-1,1,-0.87202865,0.29483235,0,1,unassigned,51.0,49.0,2.0,0.9607843,0.039215688,0.039215684,0.09477756,0.0037167673,1,0,0,0,0
23784,-1,1,-0.93838,0.28122768,0,1,unassigned,20.0,19.0,1.0,0.95,0.05,0.050000012,0.034816246,0.0017408123,1,0,0,0,0
23785,-1,1,-0.81655365,0.3064957,0,1,unassigned,90.0,86.0,4.0,0.95555556,0.044444446,0.04444444,0.17021276,0.0075650117,1,0,0,0,0
23786,-1,1,-0.83514386,0.3025585,0,1,unassigned,98.0,97.0,1.0,0.9897959,0.010204081,0.010204077,0.18568665,0.0018947617,1,0,0,0,0
23787,1,1,0.08858001,0.52213055,1,0,unassigned,20.0,15.0,5.0,0.75,0.25,0.25,0.034816246,0.008704062,1,0,1,1,0
23788,-1,1,-0.88216823,0.29272866,0,1,unassigned,34.0,33.0,1.0,0.9705882,0.029411765,0.029411793,0.061895553,0.0018204574,1,0,0,0,0
23789,-1,1,-0.87392116,0.29443905,0,1,unassigned,96.0,93.0,3.0,0.96875,0.03125,0.03125,0.18181819,0.0056818184,1,0,0,0,0
23790,-1,1,-0.25904667,0.43559805,0,1,unassigned,3.0,3.0,0.0,1.0,0.0,0.0,0.001934236,0.0,1,0,0,0,0
23791,1,0,-0.3630095,0.4102312,0,1,unassigned,5.0,5.0,0.0,1.0,0.0,0.0,0.0058027077,0.0,0,0,0,0,0
23792,-1,0,-0.29368028,0.42710313,0,1,unassigned,24.0,23.0,1.0,0.9583333,0.041666668,0.041666687,0.04255319,0.0017730496,0,0,0,0,0
23793,-1,1,2.5674798,0.9287391,1,1,unassigned,8.0,8.0,0.0,1.0,0.0,0.0,0.0116054155,0.0,1,0,0,1,1
23794,-1,1,0.11147261,0.5278393,1,1,unassigned,14.0,14.0,0.0,1.0,0.0,0.0,0.023210831,0.0,1,0,0,1,0
23795,-1,0,-0.32575244,0.41927448,0,1,unassigned,8.0,7.0,1.0,0.875,0.125,0.125,0.0116054155,0.0014506769,0,0,0,0,0
23796,-1,0,-0.5947977,0.35553482,0,1,unassigned,2.0,2.0,0.0,1.0,0.0,0.0,0.0,0.0,0,0,0,0,0
23797,-1,0,-0.36367166,0.41007102,0,1,unassigned,2.0,2.0,0.0,1.0,0.0,0.0,0.0,0.0,0,0,0,0,0
23798,-1,0,-0.6867663,0.3347528,0,1,unassigned,31.0,31.0,0.0,1.0,0.0,0.0,0.056092843,0.0,0,0,0,0,0
23799,-1,0,-0.36805433,0.40901124,0,1,unassigned,19.0,18.0,1.0,0.94736844,0.05263158,0.052631557,0.032882012,0.0017306323,0,0,0,0,0
23800,-1,0,10.013462,0.9999552,1,1,unassigned,2.0,2.0,0.0,1.0,0.0,0.0,0.0,0.0,0,0,0,1,1
23801,-1,0,-0.1769433,0.4558792,0,1,unassigned,27.0,27.0,0.0,1.0,0.0,0.0,0.0483559,0.0,0,0,0,0,0
23802,-1,1,-0.5719178,0.36079445,0,1,unassigned,36.0,36.0,0.0,1.0,0.0,0.0,0.065764025,0.0,1,0,0,0,0
23803,-1,1,-0.15767148,0.46066356,0,1,unassigned,4.0,4.0,0.0,1.0,0.0,0.0,0.003868472,0.0,1,0,0,0,0
23804,-1,0,1.8085477,0.85918623,1,1,unassigned,7.0,7.0,0.0,1.0,0.0,0.0,0.00967118,0.0,0,0,0,1,0
23805,1,0,-0.49869344,0.37784776,0,1,unassigned,35.0,29.0,6.0,0.82857144,0.17142858,0.17142856,0.06382979,0.01094225,0,0,0,0,0
23806,-1,1,-0.8855469,0.29202965,0,1,unassigned,2.0,2.0,0.0,1.0,0.0,0.0,0.0,0.0,1,0,0,0,0
23807,-1,0,0.58456343,0.6421168,1,1,unassigned,10.0,9.0,1.0,0.9,0.1,0.100000024,0.015473888,0.0015473888,0,0,0,1,0
23808,-1,1,4.845021,0.99219394,1,1,unassigned,2.0,2.0,0.0,1.0,0.0,0.0,0.0,0.0,1,0,0,1,1
23809,-1,0,0.5205069,0.6272663,1,1,unassigned,2.0,2.0,0.0,1.0,0.0,0.0,0.0,0.0,0,0,0,1,0
23810,-1,0,2.0496037,0.88590753,1,1,unassigned,2.0,2.0,0.0,1.0,0.0,0.0,0.0,0.0,0,0,0,1,0
23811,-1,1,0.11320478,0.528271,1,1,unassigned,67.0,60.0,7.0,0.8955224,0.104477614,0.104477584,0.12572534,0.013135484,1,0,0,1,0
23812,-1,0,4.575794,0.98980683,1,1,unassigned,8.0,7.0,1.0,0.875,0.125,0.125,0.0116054155,0.0014506769,0,0,0,1,1
23813,-1,0,6.4770226,0.998464,1,1,unassigned,69.0,39.0,30.0,0.5652174,0.4347826,0.43478262,0.1295938,0.05634513,0,0,0,1,1
23814,1,1,2.9965236,0.9524168,1,0,train,67.0,66.0,1.0,0.98507464,0.014925373,0.014925361,0.12572534,0.0018764976,1,0,1,1,1
23815,-1,0,0.07617998,0.5190358,1,1,unassigned,58.0,54.0,4.0,0.9310345,0.06896552,0.068965495,0.10831721,0.0074701523,0,0,0,1,0
23816,-1,1,-0.29308084,0.4272498,0,1,unassigned,3.0,3.0,0.0,1.0,0.0,0.0,0.001934236,0.0,1,0,0,0,0
23817,-1,1,0.806488,0.6913606,1,1,unassigned,57.0,53.0,4.0,0.9298246,0.07017544,0.07017541,0.10638298,0.0074654724,1,0,0,1,0
23818,-1,1,0.98799616,0.72869194,1,1,unassigned,2.0,2.0,0.0,1.0,0.0,0.0,0.0,0.0,1,0,0,1,0
23819,-1,1,-0.86351216,0.2966061,0,1,unassigned,100.0,98.0,2.0,0.98,0.02,0.01999998,0.18955512,0.0037911024,1,0,0,0,0
23820,-1,1,-0.5122377,0.3746691,0,1,unassigned,74.0,72.0,2.0,0.972973,0.027027028,0.02702701,0.13926499,0.0037639185,1,0,0,0,0
23821,-1,1,-0.8709159,0.29506373,0,1,unassigned,111.0,104.0,7.0,0.9369369,0.06306306,0.063063085,0.21083172,0.013295693,1,0,0,0,0
23822,-1,1,-0.85052145,0.2993235,0,1,unassigned,50.0,50.0,0.0,1.0,0.0,0.0,0.092843324,0.0,1,0,0,0,0
23823,-1,0,5.262816,0.994846,1,1,unassigned,3.0,3.0,0.0,1.0,0.0,0.0,0.001934236,0.0,0,0,0,1,1
23824,-1,1,-0.9156035,0.28585455,0,1,unassigned,45.0,44.0,1.0,0.9777778,0.022222223,0.02222222,0.08317215,0.0018482701,1,0,0,0,0
23825,0,1,-0.83497494,0.30259416,0,0,unassigned,110.0,106.0,4.0,0.96363634,0.036363635,0.03636366,0.20889749,0.007596272,1,0,1,0,0
23826,-1,1,-0.9058597,0.28784782,0,1,unassigned,93.0,92.0,1.0,0.9892473,0.010752688,0.010752678,0.17601547,0.0018926394,1,0,0,0,0
23827,-1,1,-0.8299805,0.30364922,0,1,unassigned,44.0,44.0,0.0,1.0,0.0,0.0,0.08123791,0.0,1,0,0,0,0
23828,0,1,-0.8218416,0.30537286,0,0,unassigned,129.0,124.0,5.0,0.9612403,0.03875969,0.03875971,0.24564797,0.009521239,1,0,1,0,0
23829,-1,1,-0.78439784,0.31337282,0,1,unassigned,35.0,35.0,0.0,1.0,0.0,0.0,0.06382979,0.0,1,0,0,0,0
23830,-1,1,-0.9115894,0.2866747,0,1,unassigned,68.0,67.0,1.0,0.9852941,0.014705882,0.014705896,0.12765957,0.0018773467,1,0,0,0,0
23831,-1,0,2.2015703,0.90039045,1,1,unassigned,28.0,20.0,8.0,0.71428573,0.2857143,0.28571427,0.050290134,0.01436861,0,0,0,1,1
23832,-1,0,-0.80996776,0.30789736,0,1,unassigned,39.0,39.0,0.0,1.0,0.0,0.0,0.07156673,0.0,0,0,0,0,0
23833,-1,0,3.5604498,0.97235966,1,1,unassigned,29.0,28.0,1.0,0.9655172,0.03448276,0.034482777,0.05222437,0.0018008404,0,0,0,1,1
23834,-1,0,-0.57128626,0.36094007,0,1,unassigned,62.0,62.0,0.0,1.0,0.0,0.0,0.116054155,0.0,0,0,0,0,0
23835,-1,0,-0.9002125,0.28900683,0,1,unassigned,18.0,18.0,0.0,1.0,0.0,0.0,0.030947777,0.0,0,0,0,0,0
23836,0,0,1.0476995,0.74033284,1,1,val,10.0,9.0,1.0,0.9,0.1,0.100000024,0.015473888,0.0015473888,0,0,0,1,0
23837,-1,0,-0.5779131,0.35941294,0,1,unassigned,109.0,109.0,0.0,1.0,0.0,0.0,0.20696326,0.0,0,0,0,0,0
23838,-1,0,-0.51604337,0.37377793,0,1,unassigned,78.0,78.0,0.0,1.0,0.0,0.0,0.14700194,0.0,0,0,0,0,0
23839,-1,0,-0.22537944,0.44389242,0,1,unassigned,28.0,27.0,1.0,0.96428573,0.035714287,0.03571427,0.050290134,0.0017960763,0,0,0,0,0
23840,-1,0,-0.85457003,0.2984751,0,1,unassigned,88.0,88.0,0.0,1.0,0.0,0.0,0.1663443,0.0,0,0,0,0,0
23841,-1,0,-0.7693316,0.3166237,0,1,unassigned,16.0,16.0,0.0,1.0,0.0,0.0,0.027079303,0.0,0,0,0,0,0
23842,-1,0,-0.57518214,0.36004192,0,1,unassigned,63.0,63.0,0.0,1.0,0.0,0.0,0.11798839,0.0,0,0,0,0,0
23843,1,0,-0.23683482,0.44106647,0,1,train,12.0,12.0,0.0,1.0,0.0,0.0,0.01934236,0.0,0,0,0,0,0
23844,-1,0,-0.13729036,0.46573126,0,1,unassigned,12.0,12.0,0.0,1.0,0.0,0.0,0.01934236,0.0,0,0,0,0,0
23845,-1,0,0.021813273,0.5054531,1,1,unassigned,17.0,17.0,0.0,1.0,0.0,0.0,0.029013539,0.0,0,0,0,1,0
23846,-1,0,2.764181,0.94070923,1,1,unassigned,6.0,6.0,0.0,1.0,0.0,0.0,0.007736944,0.0,0,0,0,1,1
23847,1,0,1.5834517,0.8296928,1,0,unassigned,46.0,44.0,2.0,0.95652175,0.04347826,0.04347825,0.08510638,0.0037002775,0,0,1,1,0
23848,-1,0,1.0525973,0.74127334,1,1,unassigned,4.0,3.0,1.0,0.75,0.25,0.25,0.003868472,0.000967118,0,0,0,1,0
23849,-1,0,0.35872728,0.58873236,1,1,unassigned,37.0,36.0,1.0,0.972973,0.027027028,0.02702701,0.06769826,0.0018296828,0,0,0,1,0
23850,-1,0,-0.32622284,0.41915995,0,1,unassigned,8.0,8.0,0.0,1.0,0.0,0.0,0.0116054155,0.0,0,0,0,0,0
23851,1,0,-0.27738202,0.43109572,0,1,unassigned,19.0,19.0,0.0,1.0,0.0,0.0,0.032882012,0.0,0,0,0,0,0
23852,0,0,-0.22121012,0.44492188,0,0,unassigned,16.0,16.0,0.0,1.0,0.0,0.0,0.027079303,0.0,0,0,1,0,0
23853,1,0,-0.13081145,0.4673437,0,1,test,25.0,25.0,0.0,1.0,0.0,0.0,0.044487428,0.0,0,0,0,0,0
23854,-1,1,-0.74611765,0.32166782,0,1,unassigned,162.0,156.0,6.0,0.962963,0.037037037,0.037037015,0.30947775,0.011462139,1,0,0,0,0
23855,-1,1,-0.5529756,0.36517432,0,1,unassigned,93.0,93.0,0.0,1.0,0.0,0.0,0.17601547,0.0,1,0,0,0,0
23856,0,1,-0.8977515,0.28951278,0,0,unassigned,108.0,106.0,2.0,0.9814815,0.018518519,0.018518507,0.20502901,0.0037968336,1,0,1,0,0
23857,-1,1,-0.89454716,0.29017234,0,1,unassigned,83.0,83.0,0.0,1.0,0.0,0.0,0.15667312,0.0,1,0,0,0,0
23858,-1,1,-0.8616647,0.29699168,0,1,unassigned,86.0,82.0,4.0,0.95348835,0.046511628,0.04651165,0.16247582,0.007557015,1,0,0,0,0
23859,-1,1,-0.630906,0.34730512,0,1,unassigned,101.0,100.0,1.0,0.990099,0.00990099,0.009900987,0.19148937,0.0018959343,1,0,0,0,0
23860,-1,1,-0.8109396,0.30769032,0,1,unassigned,84.0,84.0,0.0,1.0,0.0,0.0,0.15860735,0.0,1,0,0,0,0
23861,-1,1,0.45096523,0.6108687,1,1,unassigned,23.0,23.0,0.0,1.0,0.0,0.0,0.040618956,0.0,1,0,0,1,0
23862,-1,1,-0.5888386,0.35690138,0,1,unassigned,68.0,65.0,3.0,0.9558824,0.04411765,0.04411763,0.12765957,0.00563204,1,0,0,0,0
23863,-1,1,-0.59405696,0.35570455,0,1,unassigned,115.0,113.0,2.0,0.9826087,0.017391304,0.017391324,0.21856867,0.003801194,1,0,0,0,0
23864,-1,1,-0.9340377,0.28210625,0,1,unassigned,59.0,57.0,2.0,0.9661017,0.033898305,0.033898294,0.11025145,0.0037373372,1,0,0,0,0
23865,-1,1,-0.7420044,0.322566,0,1,unassigned,119.0,115.0,4.0,0.96638656,0.033613447,0.033613443,0.2263056,0.0076069115,1,0,0,0,0
23866,-1,1,-0.6237608,0.34892657,0,1,unassigned,103.0,102.0,1.0,0.99029124,0.009708738,0.009708762,0.19535783,0.001896678,1,0,0,0,0
23867,1,0,4.2400775,0.9857982,1,0,unassigned,6.0,5.0,1.0,0.8333333,0.16666667,0.16666669,0.007736944,0.0012894907,0,0,1,1,1
23868,-1,1,-0.8422014,0.30107135,0,1,unassigned,153.0,143.0,10.0,0.9346405,0.06535948,0.06535947,0.29206964,0.01908952,1,0,0,0,0
23869,-1,0,1.0886481,0.74812704,1,1,unassigned,2.0,2.0,0.0,1.0,0.0,0.0,0.0,0.0,0,0,0,1,0
23870,-1,1,2.0388248,0.8848136,1,1,unassigned,20.0,19.0,1.0,0.95,0.05,0.050000012,0.034816246,0.0017408123,1,0,0,1,0
23871,-1,1,2.2878945,0.9078695,1,1,unassigned,8.0,5.0,3.0,0.625,0.375,0.375,0.0116054155,0.004352031,1,0,0,1,1
23872,-1,0,1.152035,0.75988245,1,1,unassigned,3.0,3.0,0.0,1.0,0.0,0.0,0.001934236,0.0,0,0,0,1,0
23873,-1,1,1.6517215,0.8391236,1,1,unassigned,2.0,2.0,0.0,1.0,0.0,0.0,0.0,0.0,1,0,0,1,0
23874,-1,0,3.6242101,0.97402275,1,1,unassigned,5.0,5.0,0.0,1.0,0.0,0.0,0.0058027077,0.0,0,0,0,1,1
23875,-1,0,0.26702482,0.5663623,1,1,unassigned,11.0,11.0,0.0,1.0,0.0,0.0,0.017408123,0.0,0,0,0,1,0
23876,-1,0,3.1875312,0.9603624,1,1,unassigned,3.0,3.0,0.0,1.0,0.0,0.0,0.001934236,0.0,0,0,0,1,1
23877,1,1,-0.5356207,0.3692069,0,1,test,57.0,53.0,4.0,0.9298246,0.07017544,0.07017541,0.10638298,0.0074654724,1,0,0,0,0
23878,-1,0,0.46195477,0.61347777,1,1,unassigned,8.0,8.0,0.0,1.0,0.0,0.0,0.0116054155,0.0,0,0,0,1,0
23879,-1,0,3.897385,0.9801088,1,1,unassigned,4.0,4.0,0.0,1.0,0.0,0.0,0.003868472,0.0,0,0,0,1,1
23880,1,0,-0.114032,0.47152284,0,1,val,6.0,6.0,0.0,1.0,0.0,0.0,0.007736944,0.0,0,0,0,0,0
23881,-1,1,4.1908584,0.98509234,1,1,unassigned,5.0,5.0,0.0,1.0,0.0,0.0,0.0058027077,0.0,1,0,0,1,1
23882,-1,0,-0.47306642,0.38389072,0,1,unassigned,5.0,2.0,3.0,0.4,0.6,0.6,0.0058027077,0.0034816249,0,0,0,0,0
23883,1,0,0.2895872,0.57189506,1,0,unassigned,9.0,9.0,0.0,1.0,0.0,0.0,0.013539651,0.0,0,0,1,1,0
23884,-1,0,1.652138,0.83917975,1,1,unassigned,3.0,3.0,0.0,1.0,0.0,0.0,0.001934236,0.0,0,0,0,1,0
23885,-1,0,7.1075506,0.9991818,1,1,unassigned,6.0,6.0,0.0,1.0,0.0,0.0,0.007736944,0.0,0,0,0,1,1
23886,-1,0,-0.084454775,0.47889885,0,1,unassigned,23.0,22.0,1.0,0.95652175,0.04347826,0.04347825,0.040618956,0.0017660416,0,0,0,0,0
23887,-1,0,-0.5059688,0.376139,0,1,unassigned,40.0,40.0,0.0,1.0,0.0,0.0,0.07350097,0.0,0,0,0,0,0
23888,-1,0,1.170047,0.76315355,1,1,unassigned,24.0,24.0,0.0,1.0,0.0,0.0,0.04255319,0.0,0,0,0,1,0
23889,-1,0,-0.60044056,0.3542429,0,1,unassigned,27.0,27.0,0.0,1.0,0.0,0.0,0.0483559,0.0,0,0,0,0,0
23890,-1,0,-0.2678763,0.43342853,0,1,unassigned,25.0,25.0,0.0,1.0,0.0,0.0,0.044487428,0.0,0,0,0,0,0
23891,-1,0,-0.4824044,0.3816845,0,1,unassigned,17.0,17.0,0.0,1.0,0.0,0.0,0.029013539,0.0,0,0,0,0,0
23892,-1,0,-0.52715445,0.37118083,0,1,unassigned,8.0,8.0,0.0,1.0,0.0,0.0,0.0116054155,0.0,0,0,0,0,0
23893,-1,0,-0.17354926,0.45672125,0,1,unassigned,12.0,12.0,0.0,1.0,0.0,0.0,0.01934236,0.0,0,0,0,0,0
23894,0,0,-0.09857464,0.4753763,0,0,unassigned,15.0,14.0,1.0,0.93333334,0.06666667,0.06666666,0.025145067,0.0016763379,0,0,1,0,0
23895,-1,0,-0.8072227,0.30848262,0,1,unassigned,41.0,40.0,1.0,0.9756098,0.024390243,0.02439022,0.07543521,0.001839883,0,0,0,0,0
23896,-1,0,-0.7336999,0.32438332,0,1,unassigned,53.0,51.0,2.0,0.9622642,0.03773585,0.03773582,0.09864604,0.0037224921,0,0,0,0,0
23897,0,1,-0.839227,0.3016976,0,0,test,88.0,87.0,1.0,0.9886364,0.011363637,0.0113636255,0.1663443,0.0018902762,1,0,1,0,0
23898,-1,1,-0.7660993,0.3173235,0,1,unassigned,95.0,95.0,0.0,1.0,0.0,0.0,0.17988394,0.0,1,0,0,0,0
23899,-1,1,-0.78565824,0.31310168,0,1,unassigned,84.0,83.0,1.0,0.9880952,0.011904762,0.011904776,0.15860735,0.0018881827,1,0,0,0,0
23900,-1,1,-0.80597913,0.30874798,0,1,unassigned,131.0,129.0,2.0,0.9847328,0.015267176,0.015267193,0.24951644,0.0038094113,1,0,0,0,0
23901,-1,1,-0.11546135,0.47116667,0,1,unassigned,11.0,10.0,1.0,0.90909094,0.09090909,0.090909064,0.017408123,0.0015825568,1,0,0,0,0
23902,-1,0,-0.25638717,0.43625203,0,1,unassigned,5.0,5.0,0.0,1.0,0.0,0.0,0.0058027077,0.0,0,0,0,0,0
23903,-1,1,-0.059343517,0.4851685,0,1,unassigned,25.0,25.0,0.0,1.0,0.0,0.0,0.044487428,0.0,1,0,0,0,0
23904,-1,0,-0.38191557,0.40566498,0,1,unassigned,19.0,19.0,0.0,1.0,0.0,0.0,0.032882012,0.0,0,0,0,0,0
23905,0,0,-0.78258926,0.3137621,0,0,test,7.0,7.0,0.0,1.0,0.0,0.0,0.00967118,0.0,0,0,1,0,0
23906,-1,1,-0.8677504,0.29572263,0,1,unassigned,55.0,53.0,2.0,0.96363634,0.036363635,0.03636366,0.102514505,0.0037278,1,0,0,0,0
23907,1,1,-0.13800201,0.46555415,0,1,val,7.0,7.0,0.0,1.0,0.0,0.0,0.00967118,0.0,1,0,0,0,0
23908,-1,1,-0.8975599,0.28955218,0,1,unassigned,80.0,80.0,0.0,1.0,0.0,0.0,0.15087041,0.0,1,0,0,0,0
23909,-1,1,-0.6654179,0.3395236,0,1,unassigned,51.0,50.0,1.0,0.98039216,0.019607844,0.019607842,0.09477756,0.0018583836,1,0,0,0,0
23910,-1,1,-0.8797316,0.29323342,0,1,unassigned,108.0,107.0,1.0,0.9907407,0.009259259,0.009259284,0.20502901,0.0018984168,1,0,0,0,0
23911,-1,1,-0.83747494,0.30206686,0,1,unassigned,68.0,68.0,0.0,1.0,0.0,0.0,0.12765957,0.0,1,0,0,0,0
23912,1,1,-0.68315077,0.33555844,0,1,test,39.0,38.0,1.0,0.974359,0.025641026,0.025641024,0.07156673,0.0018350444,1,0,0,0,0
23913,-1,1,-0.8449895,0.300485,0,1,unassigned,123.0,113.0,10.0,0.9186992,0.08130081,0.081300795,0.23404256,0.01902785,1,0,0,0,0
23914,-1,0,0.16094953,0.54015076,1,1,unassigned,39.0,39.0,0.0,1.0,0.0,0.0,0.07156673,0.0,0,0,0,1,0
23915,0,0,-0.5010708,0.37728906,0,0,unassigned,36.0,36.0,0.0,1.0,0.0,0.0,0.065764025,0.0,0,0,1,0,0
23916,-1,1,-0.74808156,0.32123944,0,1,unassigned,32.0,16.0,16.0,0.5,0.5,0.5,0.058027077,0.029013539,1,0,0,0,0
23917,-1,0,-0.5824671,0.35836512,0,1,unassigned,26.0,26.0,0.0,1.0,0.0,0.0,0.046421662,0.0,0,0,0,0,0
23918,-1,0,-0.71293193,0.3289513,0,1,unassigned,20.0,20.0,0.0,1.0,0.0,0.0,0.034816246,0.0,0,0,0,0,0
23919,-1,1,5.362033,0.9953306,1,1,unassigned,24.0,23.0,1.0,0.9583333,0.041666668,0.041666687,0.04255319,0.0017730496,1,0,0,1,1
23920,-1,0,-0.6957151,0.33276293,0,1,unassigned,111.0,111.0,0.0,1.0,0.0,0.0,0.21083172,0.0,0,0,0,0,0
23921,-1,0,-0.7358728,0.3239073,0,1,unassigned,37.0,35.0,2.0,0.9459459,0.054054055,0.05405408,0.06769826,0.0036593657,0,0,0,0,0
23922,-1,0,0.41091913,0.6013082,1,1,unassigned,42.0,42.0,0.0,1.0,0.0,0.0,0.07736944,0.0,0,0,0,1,0
23923,-1,0,-0.29913518,0.4257689,0,1,unassigned,17.0,16.0,1.0,0.9411765,0.05882353,0.058823526,0.029013539,0.0017066788,0,0,0,0,0
23924,-1,0,-0.6344986,0.34649116,0,1,unassigned,38.0,38.0,0.0,1.0,0.0,0.0,0.06963249,0.0,0,0,0,0,0
23925,-1,0,0.18247336,0.5454922,1,1,unassigned,30.0,30.0,0.0,1.0,0.0,0.0,0.054158606,0.0,0,0,0,1,0
23926,0,0,-0.06958228,0.48261148,0,0,train,12.0,11.0,1.0,0.9166667,0.083333336,0.08333331,0.01934236,0.0016118633,0,0,1,0,0
23927,-1,0,0.09497672,0.52372634,1,1,unassigned,4.0,4.0,0.0,1.0,0.0,0.0,0.003868472,0.0,0,0,0,1,0
23928,-1,0,2.4093125,0.91753465,1,1,unassigned,2.0,2.0,0.0,1.0,0.0,0.0,0.0,0.0,0,0,0,1,1
23929,-1,0,-0.24543208,0.43894815,0,1,unassigned,6.0,6.0,0.0,1.0,0.0,0.0,0.007736944,0.0,0,0,0,0,0
23930,0,0,-0.0057936907,0.49855158,0,0,unassigned,8.0,8.0,0.0,1.0,0.0,0.0,0.0116054155,0.0,0,0,1,0,0
23931,0,0,0.12545425,0.53132254,1,1,unassigned,76.0,72.0,4.0,0.94736844,0.05263158,0.052631557,0.14313346,0.0075333402,0,0,0,1,0
23932,-1,1,-0.055241883,0.48619306,0,1,unassigned,34.0,27.0,7.0,0.7941176,0.20588236,0.20588237,0.061895553,0.012743202,1,0,0,0,0
23933,-1,1,-0.4189713,0.39676294,0,1,unassigned,4.0,4.0,0.0,1.0,0.0,0.0,0.003868472,0.0,1,0,0,0,0
23934,-1,1,3.2985995,0.96438074,1,1,unassigned,15.0,13.0,2.0,0.8666667,0.13333334,0.13333333,0.025145067,0.0033526758,1,0,0,1,1
23935,-1,1,2.279435,0.90715945,1,1,unassigned,6.0,6.0,0.0,1.0,0.0,0.0,0.007736944,0.0,1,0,0,1,1
23936,-1,1,5.570849,0.9962071,1,1,unassigned,27.0,27.0,0.0,1.0,0.0,0.0,0.0483559,0.0,1,0,0,1,1
23937,-1,1,7.736542,0.99956363,1,1,unassigned,14.0,13.0,1.0,0.9285714,0.071428575,0.0714286,0.023210831,0.0016579166,1,0,0,1,1
23938,-1,1,3.107921,0.9572182,1,1,unassigned,25.0,25.0,0.0,1.0,0.0,0.0,0.044487428,0.0,1,0,0,1,1
23939,-1,1,2.9886577,0.9520591,1,1,unassigned,5.0,5.0,0.0,1.0,0.0,0.0,0.0058027077,0.0,1,0,0,1,1
23940,-1,1,0.2159751,0.55378485,1,1,unassigned,2.0,2.0,0.0,1.0,0.0,0.0,0.0,0.0,1,0,0,1,0
23941,-1,1,2.1006505,0.89096636,1,1,unassigned,12.0,12.0,0.0,1.0,0.0,0.0,0.01934236,0.0,1,0,0,1,0
23942,-1,1,4.93531,0.9928631,1,1,unassigned,12.0,11.0,1.0,0.9166667,0.083333336,0.08333331,0.01934236,0.0016118633,1,0,0,1,1
23943,-1,1,2.2666306,0.9060755,1,1,unassigned,14.0,13.0,1.0,0.9285714,0.071428575,0.0714286,0.023210831,0.0016579166,1,0,0,1,1
23944,-1,0,0.250616,0.5623281,1,1,unassigned,2.0,2.0,0.0,1.0,0.0,0.0,0.0,0.0,0,0,0,1,0
23945,-1,1,5.024957,0.993471,1,1,unassigned,4.0,4.0,0.0,1.0,0.0,0.0,0.003868472,0.0,1,0,0,1,1
23946,-1,1,2.618062,0.93201506,1,1,unassigned,2.0,2.0,0.0,1.0,0.0,0.0,0.0,0.0,1,0,0,1,1
23947,-1,1,1.3695407,0.79730594,1,1,unassigned,3.0,3.0,0.0,1.0,0.0,0.0,0.001934236,0.0,1,0,0,1,0
23948,-1,0,2.7944305,0.9423741,1,1,unassigned,47.0,44.0,3.0,0.9361702,0.06382979,0.06382978,0.08704062,0.0055557843,0,0,0,1,1
23949,0,0,-0.9296452,0.2829967,0,0,unassigned,16.0,16.0,0.0,1.0,0.0,0.0,0.027079303,0.0,0,0,1,0,0
23950,-1,0,-0.3198897,0.4207026,0,1,unassigned,2.0,2.0,0.0,1.0,0.0,0.0,0.0,0.0,0,0,0,0,0
23951,-1,0,0.47415513,0.61636674,1,1,unassigned,4.0,3.0,1.0,0.75,0.25,0.25,0.003868472,0.000967118,0,0,0,1,0
23952,-1,1,2.9357638,0.9495864,1,1,unassigned,6.0,6.0,0.0,1.0,0.0,0.0,0.007736944,0.0,1,0,0,1,1
23953,-1,1,-0.10739508,0.47317696,0,1,unassigned,2.0,2.0,0.0,1.0,0.0,0.0,0.0,0.0,1,0,0,0,0
23954,-1,0,0.7565437,0.68060285,1,1,unassigned,36.0,32.0,4.0,0.8888889,0.11111111,0.111111104,0.065764025,0.007307114,0,0,0,1,0
23955,-1,1,1.5316808,0.82225215,1,1,unassigned,57.0,46.0,11.0,0.80701756,0.19298245,0.19298244,0.10638298,0.020530049,1,0,0,1,0
23956,-1,1,-0.7174466,0.3279555,0,1,unassigned,13.0,12.0,1.0,0.9230769,0.07692308,0.07692307,0.021276595,0.0016366612,1,0,0,0,0
23957,-1,0,10.383759,0.9999691,1,1,unassigned,10.0,9.0,1.0,0.9,0.1,0.100000024,0.015473888,0.0015473888,0,0,0,1,1
23958,-1,0,1.3266191,0.7902808,1,1,unassigned,4.0,4.0,0.0,1.0,0.0,0.0,0.003868472,0.0,0,0,0,1,0
23959,-1,0,-0.033831894,0.49154282,0,1,unassigned,13.0,13.0,0.0,1.0,0.0,0.0,0.021276595,0.0,0,0,0,0,0
23960,-1,1,2.4300225,0.9190882,1,1,unassigned,5.0,5.0,0.0,1.0,0.0,0.0,0.0058027077,0.0,1,0,0,1,1
23961,-1,0,-0.39338547,0.40290257,0,1,unassigned,2.0,2.0,0.0,1.0,0.0,0.0,0.0,0.0,0,0,0,0,0
23962,-1,0,0.60741025,0.64734983,1,1,unassigned,2.0,1.0,1.0,0.5,0.5,0.5,0.0,0.0,0,0,0,1,0
23963,-1,0,3.194869,0.9606407,1,1,unassigned,5.0,4.0,1.0,0.8,0.2,0.19999999,0.0058027077,0.0011605415,0,0,0,1,1
23964,1,1,7.6533914,0.9995258,1,0,test,13.0,10.0,3.0,0.7692308,0.23076923,0.23076922,0.021276595,0.0049099834,1,0,1,1,1
23965,-1,0,8.252775,0.99973947,1,1,unassigned,3.0,3.0,0.0,1.0,0.0,0.0,0.001934236,0.0,0,0,0,1,1
23966,-1,0,0.51656646,0.62634456,1,1,unassigned,14.0,14.0,0.0,1.0,0.0,0.0,0.023210831,0.0,0,0,0,1,0
23967,-1,0,-0.91764385,0.2854382,0,1,unassigned,6.0,6.0,0.0,1.0,0.0,0.0,0.007736944,0.0,0,0,0,0,0
23968,-1,0,0.21257621,0.55294484,1,1,unassigned,13.0,10.0,3.0,0.7692308,0.23076923,0.23076922,0.021276595,0.0049099834,0,0,0,1,0
23969,-1,0,0.6187981,0.64994514,1,1,unassigned,14.0,13.0,1.0,0.9285714,0.071428575,0.0714286,0.023210831,0.0016579166,0,0,0,1,0
23970,-1,0,-0.31214994,0.42259002,0,1,unassigned,43.0,41.0,2.0,0.95348835,0.046511628,0.04651165,0.079303674,0.0036885429,0,0,0,0,0
23971,-1,1,1.2386217,0.775324,1,1,unassigned,40.0,31.0,9.0,0.775,0.225,0.22500002,0.07350097,0.016537717,1,0,0,1,0
23972,-1,1,3.5913184,0.97317725,1,1,unassigned,14.0,14.0,0.0,1.0,0.0,0.0,0.023210831,0.0,1,0,0,1,1
23973,-1,1,4.4868817,0.98886955,1,1,unassigned,15.0,14.0,1.0,0.93333334,0.06666667,0.06666666,0.025145067,0.0016763379,1,0,0,1,1
23974,-1,1,4.6097627,0.9901439,1,1,unassigned,8.0,8.0,0.0,1.0,0.0,0.0,0.0116054155,0.0,1,0,0,1,1
23975,-1,1,4.8398366,0.9921537,1,1,unassigned,28.0,27.0,1.0,0.96428573,0.035714287,0.03571427,0.050290134,0.0017960763,1,0,0,1,1
23976,1,0,1.306505,0.78692776,1,0,test,8.0,8.0,0.0,1.0,0.0,0.0,0.0116054155,0.0,0,0,1,1,0
23977,-1,0,-0.13250086,0.46692318,0,1,unassigned,5.0,5.0,0.0,1.0,0.0,0.0,0.0058027077,0.0,0,0,0,0,0
23978,-1,0,1.6704013,0.8416293,1,1,unassigned,2.0,2.0,0.0,1.0,0.0,0.0,0.0,0.0,0,0,0,1,0
23979,-1,0,3.1106791,0.9573311,1,1,unassigned,2.0,1.0,1.0,0.5,0.5,0.5,0.0,0.0,0,0,0,1,1
23980,-1,1,8.580046,0.9998122,1,1,unassigned,2.0,2.0,0.0,1.0,0.0,0.0,0.0,0.0,1,0,0,1,1
23981,0,1,-0.8428183,0.30094156,0,0,val,41.0,29.0,12.0,0.70731705,0.29268292,0.29268295,0.07543521,0.022078596,1,0,1,0,0
23982,0,1,-0.8267784,0.30432668,0,0,test,147.0,146.0,1.0,0.99319726,0.006802721,0.0068027377,0.2804642,0.0019079196,1,0,1,0,0
23983,-1,1,-0.91740763,0.2854864,0,1,unassigned,111.0,111.0,0.0,1.0,0.0,0.0,0.21083172,0.0,1,0,0,0,0
23984,-1,1,3.9706757,0.98148847,1,1,unassigned,16.0,16.0,0.0,1.0,0.0,0.0,0.027079303,0.0,1,0,0,1,1
23985,-1,0,-0.6359932,0.34615284,0,1,unassigned,22.0,22.0,0.0,1.0,0.0,0.0,0.03868472,0.0,0,0,0,0,0
23986,-1,0,-0.8803577,0.29310367,0,1,unassigned,51.0,51.0,0.0,1.0,0.0,0.0,0.09477756,0.0,0,0,0,0,0
23987,-1,1,1.3251357,0.7900349,1,1,unassigned,13.0,13.0,0.0,1.0,0.0,0.0,0.021276595,0.0,1,0,0,1,0
23988,-1,1,0.95044166,0.721204,1,1,unassigned,7.0,6.0,1.0,0.85714287,0.14285715,0.14285713,0.00967118,0.0013815971,1,0,0,1,0
23989,-1,0,24.085342,1.0,1,1,unassigned,107.0,107.0,0.0,1.0,0.0,0.0,0.20309478,0.0,0,0,0,1,1
23990,-1,0,0.4384845,0.6078979,1,1,unassigned,3.0,3.0,0.0,1.0,0.0,0.0,0.001934236,0.0,0,0,0,1,0
23991,-1,0,-0.14310086,0.4642857,0,1,unassigned,60.0,60.0,0.0,1.0,0.0,0.0,0.11218569,0.0,0,0,0,0,0
23992,-1,0,-0.050206304,0.48745108,0,1,unassigned,3.0,3.0,0.0,1.0,0.0,0.0,0.001934236,0.0,0,0,0,0,0
23993,-1,1,-0.2107102,0.4475165,0,1,unassigned,14.0,12.0,2.0,0.85714287,0.14285715,0.14285713,0.023210831,0.0033158332,1,0,0,0,0
23994,-1,1,-0.21993124,0.44523776,0,1,unassigned,39.0,38.0,1.0,0.974359,0.025641026,0.025641024,0.07156673,0.0018350444,1,0,0,0,0
23995,-1,0,0.8886114,0.7086035,1,1,unassigned,8.0,7.0,1.0,0.875,0.125,0.125,0.0116054155,0.0014506769,0,0,0,1,0
23996,-1,0,-0.73689526,0.3236834,0,1,unassigned,2.0,2.0,0.0,1.0,0.0,0.0,0.0,0.0,0,0,0,0,0
23997,-1,0,-0.09180203,0.4770656,0,1,unassigned,6.0,5.0,1.0,0.8333333,0.16666667,0.16666669,0.007736944,0.0012894907,0,0,0,0,0
23998,-1,0,-0.05062467,0.48734653,0,1,unassigned,31.0,31.0,0.0,1.0,0.0,0.0,0.056092843,0.0,0,0,0,0,0
23999,-1,0,-0.03806454,0.490485,0,1,unassigned,12.0,12.0,0.0,1.0,0.0,0.0,0.01934236,0.0,0,0,0,0,0
24000,1,0,17.786976,1.0,1,0,val,7.0,7.0,0.0,1.0,0.0,0.0,0.00967118,0.0,0,0,1,1,1
24001,-1,0,-0.3997981,0.40136084,0,1,unassigned,3.0,3.0,0.0,1.0,0.0,0.0,0.001934236,0.0,0,0,0,0,0
24002,-1,1,0.41986632,0.60345125,1,1,unassigned,22.0,22.0,0.0,1.0,0.0,0.0,0.03868472,0.0,1,0,0,1,0
24003,-1,0,1.4937425,0.8166393,1,1,unassigned,23.0,23.0,0.0,1.0,0.0,0.0,0.040618956,0.0,0,0,0,1,0
24004,-1,0,12.574515,0.99999654,1,1,unassigned,4.0,4.0,0.0,1.0,0.0,0.0,0.003868472,0.0,0,0,0,1,1
24005,-1,0,0.056264102,0.51406235,1,1,unassigned,32.0,32.0,0.0,1.0,0.0,0.0,0.058027077,0.0,0,0,0,1,0
24006,-1,0,4.048513,0.9828509,1,1,unassigned,3.0,3.0,0.0,1.0,0.0,0.0,0.001934236,0.0,0,0,0,1,1
24007,1,0,1.8295472,0.86170775,1,0,train,11.0,11.0,0.0,1.0,0.0,0.0,0.017408123,0.0,0,0,1,1,0
24008,1,1,-0.19395223,0.45166335,0,1,val,15.0,14.0,1.0,0.93333334,0.06666667,0.06666666,0.025145067,0.0016763379,1,0,0,0,0
24009,-1,1,-0.043143332,0.48921588,0,1,unassigned,6.0,5.0,1.0,0.8333333,0.16666667,0.16666669,0.007736944,0.0012894907,1,0,0,0,0
24010,0,0,-0.72035944,0.32731384,0,0,unassigned,98.0,98.0,0.0,1.0,0.0,0.0,0.18568665,0.0,0,0,1,0,0
24011,0,0,-0.26004648,0.43535227,0,0,val,51.0,51.0,0.0,1.0,0.0,0.0,0.09477756,0.0,0,0,1,0,0
24012,-1,0,-0.83503914,0.30258062,0,1,unassigned,105.0,100.0,5.0,0.95238096,0.04761905,0.047619045,0.1992263,0.009486967,0,0,0,0,0
24013,-1,0,0.6548286,0.65809774,1,1,unassigned,20.0,18.0,2.0,0.9,0.1,0.100000024,0.034816246,0.0034816246,0,0,0,1,0
24014,-1,0,3.4362352,0.96881795,1,1,unassigned,12.0,12.0,0.0,1.0,0.0,0.0,0.01934236,0.0,0,0,0,1,1
24015,-1,0,1.9837773,0.8790833,1,1,unassigned,6.0,6.0,0.0,1.0,0.0,0.0,0.007736944,0.0,0,0,0,1,0
24016,0,0,0.35510415,0.5878548,1,1,val,7.0,7.0,0.0,1.0,0.0,0.0,0.00967118,0.0,0,0,0,1,0
24017,-1,0,2.7607403,0.94051707,1,1,unassigned,5.0,4.0,1.0,0.8,0.2,0.19999999,0.0058027077,0.0011605415,0,0,0,1,1
24018,1,1,0.29795736,0.57394314,1,0,unassigned,15.0,14.0,1.0,0.93333334,0.06666667,0.06666666,0.025145067,0.0016763379,1,0,1,1,0
24019,-1,0,-1.1675922,0.23729049,0,1,unassigned,3.0,3.0,0.0,1.0,0.0,0.0,0.001934236,0.0,0,0,0,0,0
24020,1,1,-0.079117715,0.4802309,0,1,unassigned,25.0,24.0,1.0,0.96,0.04,0.04000002,0.044487428,0.001779497,1,0,0,0,0
24021,-1,0,0.36737472,0.5908245,1,1,unassigned,2.0,2.0,0.0,1.0,0.0,0.0,0.0,0.0,0,0,0,1,0
24022,-1,1,-0.049301863,0.48767698,0,1,unassigned,15.0,15.0,0.0,1.0,0.0,0.0,0.025145067,0.0,1,0,0,0,0
24023,-1,0,7.761187,0.99957424,1,1,unassigned,4.0,4.0,0.0,1.0,0.0,0.0,0.003868472,0.0,0,0,0,1,1
24024,-1,0,-0.57850796,0.35927597,0,1,unassigned,7.0,7.0,0.0,1.0,0.0,0.0,0.00967118,0.0,0,0,0,0,0
24025,-1,0,1.3634255,0.79631585,1,1,unassigned,6.0,4.0,2.0,0.6666667,0.33333334,0.3333333,0.007736944,0.0025789815,0,0,0,1,0
24026,-1,0,-0.28002188,0.4304484,0,1,unassigned,20.0,20.0,0.0,1.0,0.0,0.0,0.034816246,0.0,0,0,0,0,0
24027,-1,0,0.110219896,0.5275271,1,1,unassigned,21.0,21.0,0.0,1.0,0.0,0.0,0.036750484,0.0,0,0,0,1,0
24028,-1,0,0.5967733,0.6449178,1,1,unassigned,8.0,8.0,0.0,1.0,0.0,0.0,0.0116054155,0.0,0,0,0,1,0
24029,-1,0,1.5708635,0.82790667,1,1,unassigned,2.0,2.0,0.0,1.0,0.0,0.0,0.0,0.0,0,0,0,1,0
24030,-1,0,-0.11190176,0.4720537,0,1,unassigned,5.0,5.0,0.0,1.0,0.0,0.0,0.0058027077,0.0,0,0,0,0,0
24031,-1,0,-0.6872325,0.33464903,0,1,unassigned,9.0,8.0,1.0,0.8888889,0.11111111,0.111111104,0.013539651,0.0015044058,0,0,0,0,0
24032,-1,0,-0.93079203,0.28276405,0,1,unassigned,9.0,9.0,0.0,1.0,0.0,0.0,0.013539651,0.0,0,0,0,0,0
24033,-1,0,3.1517906,0.9589792,1,1,unassigned,3.0,3.0,0.0,1.0,0.0,0.0,0.001934236,0.0,0,0,0,1,1
24034,-1,0,2.1134813,0.8922066,1,1,unassigned,2.0,2.0,0.0,1.0,0.0,0.0,0.0,0.0,0,0,0,1,0
24035,1,0,2.0716512,0.88811713,1,0,unassigned,8.0,8.0,0.0,1.0,0.0,0.0,0.0116054155,0.0,0,0,1,1,0
24036,1,1,4.3190656,0.98686254,1,0,test,7.0,7.0,0.0,1.0,0.0,0.0,0.00967118,0.0,1,0,1,1,1
24037,-1,0,0.5475653,0.6335705,1,1,unassigned,9.0,8.0,1.0,0.8888889,0.11111111,0.111111104,0.013539651,0.0015044058,0,0,0,1,0
24038,0,0,0.7142684,0.6713436,1,1,test,7.0,7.0,0.0,1.0,0.0,0.0,0.00967118,0.0,0,0,0,1,0
24039,-1,0,-0.7020883,0.33134937,0,1,unassigned,27.0,26.0,1.0,0.962963,0.037037037,0.037037015,0.0483559,0.0017909593,0,0,0,0,0
24040,-1,0,0.54335433,0.6325924,1,1,unassigned,11.0,11.0,0.0,1.0,0.0,0.0,0.017408123,0.0,0,0,0,1,0
24041,-1,0,0.13560897,0.5338504,1,1,unassigned,36.0,33.0,3.0,0.9166667,0.083333336,0.08333331,0.065764025,0.0054803356,0,0,0,1,0
24042,-1,1,1.3864758,0.800029,1,1,unassigned,61.0,60.0,1.0,0.9836066,0.016393442,0.016393423,0.114119925,0.0018708183,1,0,0,1,0
24043,-1,0,-0.3698257,0.40858316,0,1,unassigned,29.0,29.0,0.0,1.0,0.0,0.0,0.05222437,0.0,0,0,0,0,0
24044,1,0,-0.07608837,0.48098707,0,1,val,2.0,1.0,1.0,0.5,0.5,0.5,0.0,0.0,0,0,0,0,0
24045,-1,0,-0.8539022,0.29861492,0,1,unassigned,72.0,71.0,1.0,0.9861111,0.013888889,0.0138888955,0.13539653,0.0018805073,0,0,0,0,0
24046,0,0,-0.89493954,0.2900915,0,0,val,47.0,47.0,0.0,1.0,0.0,0.0,0.08704062,0.0,0,0,1,0,0
24047,-1,0,-0.07532528,0.48117763,0,1,unassigned,8.0,8.0,0.0,1.0,0.0,0.0,0.0116054155,0.0,0,0,0,0,0
24048,-1,0,-0.5585361,0.36388624,0,1,unassigned,49.0,48.0,1.0,0.97959185,0.020408163,0.020408154,0.09090909,0.0018552876,0,0,0,0,0
24049,-1,1,-0.35646975,0.4118144,0,1,unassigned,14.0,10.0,4.0,0.71428573,0.2857143,0.28571427,0.023210831,0.0066316663,1,0,0,0,0
24050,-1,0,-0.6631104,0.34004125,0,1,unassigned,2.0,2.0,0.0,1.0,0.0,0.0,0.0,0.0,0,0,0,0,0
24051,-1,0,3.2419221,0.9623817,1,1,unassigned,2.0,2.0,0.0,1.0,0.0,0.0,0.0,0.0,0,0,0,1,1
24052,-1,0,5.3645678,0.9953424,1,1,unassigned,2.0,2.0,0.0,1.0,0.0,0.0,0.0,0.0,0,0,0,1,1
24053,-1,1,4.4997573,0.9890104,1,1,unassigned,10.0,9.0,1.0,0.9,0.1,0.100000024,0.015473888,0.0015473888,1,0,0,1,1
24054,1,1,4.1235843,0.9840715,1,0,val,33.0,32.0,1.0,0.969697,0.030303031,0.030303001,0.059961315,0.0018170096,1,0,1,1,1
24055,-1,1,2.2729268,0.90660983,1,1,unassigned,7.0,6.0,1.0,0.85714287,0.14285715,0.14285713,0.00967118,0.0013815971,1,0,0,1,1
24056,-1,0,5.3257627,0.99515885,1,1,unassigned,2.0,2.0,0.0,1.0,0.0,0.0,0.0,0.0,0,0,0,1,1
24057,-1,0,-0.26959974,0.4330054,0,1,unassigned,3.0,3.0,0.0,1.0,0.0,0.0,0.001934236,0.0,0,0,0,0,0
24058,-1,0,0.6868399,0.6652636,1,1,unassigned,3.0,2.0,1.0,0.6666667,0.33333334,0.3333333,0.001934236,0.00064474536,0,0,0,1,0
24059,-1,0,-0.29352725,0.42714053,0,1,unassigned,22.0,16.0,6.0,0.72727275,0.27272728,0.27272725,0.03868472,0.010550378,0,0,0,0,0
24060,-1,0,0.16756648,0.5417939,1,1,unassigned,4.0,4.0,0.0,1.0,0.0,0.0,0.003868472,0.0,0,0,0,1,0
24061,-1,0,-0.6780319,0.33670068,0,1,unassigned,11.0,10.0,1.0,0.90909094,0.09090909,0.090909064,0.017408123,0.0015825568,0,0,0,0,0
24062,-1,0,-0.06827086,0.4829389,0,1,unassigned,5.0,5.0,0.0,1.0,0.0,0.0,0.0058027077,0.0,0,0,0,0,0
24063,-1,0,6.941979,0.99903464,1,1,unassigned,2.0,2.0,0.0,1.0,0.0,0.0,0.0,0.0,0,0,0,1,1
24064,-1,0,4.6526527,0.9905538,1,1,unassigned,3.0,3.0,0.0,1.0,0.0,0.0,0.001934236,0.0,0,0,0,1,1
24065,-1,0,7.200374,0.9992543,1,1,unassigned,2.0,2.0,0.0,1.0,0.0,0.0,0.0,0.0,0,0,0,1,1
24066,-1,0,5.133482,0.9941386,1,1,unassigned,3.0,3.0,0.0,1.0,0.0,0.0,0.001934236,0.0,0,0,0,1,1
24067,-1,0,-0.54986465,0.3658958,0,1,unassigned,26.0,25.0,1.0,0.96153843,0.03846154,0.038461566,0.046421662,0.0017854486,0,0,0,0,0
24068,-1,0,1.4929965,0.8165276,1,1,unassigned,6.0,6.0,0.0,1.0,0.0,0.0,0.007736944,0.0,0,0,0,1,0
24069,-1,0,7.200374,0.9992543,1,1,unassigned,2.0,2.0,0.0,1.0,0.0,0.0,0.0,0.0,0,0,0,1,1
24070,-1,0,7.200374,0.9992543,1,1,unassigned,2.0,2.0,0.0,1.0,0.0,0.0,0.0,0.0,0,0,0,1,1
24071,-1,1,-0.46004307,0.38697562,0,1,unassigned,37.0,36.0,1.0,0.972973,0.027027028,0.02702701,0.06769826,0.0018296828,1,0,0,0,0
24072,-1,0,7.0621743,0.99914384,1,1,unassigned,2.0,2.0,0.0,1.0,0.0,0.0,0.0,0.0,0,0,0,1,1
24073,-1,1,3.170258,0.9596996,1,1,unassigned,19.0,16.0,3.0,0.84210527,0.15789473,0.15789473,0.032882012,0.0051918966,1,0,0,1,1
24074,-1,0,6.2887044,0.9981463,1,1,unassigned,4.0,4.0,0.0,1.0,0.0,0.0,0.003868472,0.0,0,0,0,1,1
24075,-1,0,4.2285404,0.98563564,1,1,unassigned,3.0,3.0,0.0,1.0,0.0,0.0,0.001934236,0.0,0,0,0,1,1
24076,-1,0,6.6835847,0.9987502,1,1,unassigned,2.0,2.0,0.0,1.0,0.0,0.0,0.0,0.0,0,0,0,1,1
24077,-1,0,7.0621743,0.99914384,1,1,unassigned,2.0,2.0,0.0,1.0,0.0,0.0,0.0,0.0,0,0,0,1,1
24078,-1,0,-0.89239746,0.29061532,0,1,unassigned,16.0,16.0,0.0,1.0,0.0,0.0,0.027079303,0.0,0,0,0,0,0
24079,-1,0,7.200374,0.9992543,1,1,unassigned,2.0,2.0,0.0,1.0,0.0,0.0,0.0,0.0,0,0,0,1,1
24080,-1,0,7.0621743,0.99914384,1,1,unassigned,2.0,2.0,0.0,1.0,0.0,0.0,0.0,0.0,0,0,0,1,1
24081,1,0,2.1194403,0.89277834,1,0,unassigned,11.0,10.0,1.0,0.90909094,0.09090909,0.090909064,0.017408123,0.0015825568,0,0,1,1,0
24082,-1,0,7.0621743,0.99914384,1,1,unassigned,2.0,2.0,0.0,1.0,0.0,0.0,0.0,0.0,0,0,0,1,1
24083,-1,0,0.14890069,0.5371566,1,1,unassigned,2.0,2.0,0.0,1.0,0.0,0.0,0.0,0.0,0,0,0,1,0
24084,-1,0,7.200374,0.9992543,1,1,unassigned,2.0,2.0,0.0,1.0,0.0,0.0,0.0,0.0,0,0,0,1,1
24085,-1,0,-0.71911633,0.3275876,0,1,unassigned,84.0,84.0,0.0,1.0,0.0,0.0,0.15860735,0.0,0,0,0,0,0
24086,-1,0,7.200374,0.9992543,1,1,unassigned,2.0,2.0,0.0,1.0,0.0,0.0,0.0,0.0,0,0,0,1,1
24087,-1,0,-0.8965759,0.28975466,0,1,unassigned,65.0,64.0,1.0,0.9846154,0.015384615,0.0153846145,0.12185687,0.001874721,0,0,0,0,0
24088,-1,0,7.200374,0.9992543,1,1,unassigned,2.0,2.0,0.0,1.0,0.0,0.0,0.0,0.0,0,0,0,1,1
24089,-1,0,0.86359435,0.70341104,1,1,unassigned,14.0,13.0,1.0,0.9285714,0.071428575,0.0714286,0.023210831,0.0016579166,0,0,0,1,0
24090,-1,0,0.2752114,0.56837183,1,1,unassigned,26.0,25.0,1.0,0.96153843,0.03846154,0.038461566,0.046421662,0.0017854486,0,0,0,1,0
24091,-1,0,-0.054912448,0.48627537,0,1,unassigned,29.0,29.0,0.0,1.0,0.0,0.0,0.05222437,0.0,0,0,0,0,0
24092,0,0,-0.9547832,0.27792388,0,0,test,39.0,39.0,0.0,1.0,0.0,0.0,0.07156673,0.0,0,0,1,0,0
24093,-1,0,0.32180148,0.57976323,1,1,unassigned,9.0,9.0,0.0,1.0,0.0,0.0,0.013539651,0.0,0,0,0,1,0
24094,-1,1,6.9883304,0.9990783,1,1,unassigned,8.0,7.0,1.0,0.875,0.125,0.125,0.0116054155,0.0014506769,1,0,0,1,1
24095,-1,0,-0.43379134,0.39322132,0,1,unassigned,4.0,3.0,1.0,0.75,0.25,0.25,0.003868472,0.000967118,0,0,0,0,0
24096,-1,0,-0.39323717,0.40293825,0,1,unassigned,2.0,2.0,0.0,1.0,0.0,0.0,0.0,0.0,0,0,0,0,0
24097,-1,0,-0.13065934,0.4673816,0,1,unassigned,79.0,79.0,0.0,1.0,0.0,0.0,0.14893617,0.0,0,0,0,0,0
24098,-1,0,-0.67829025,0.336643,0,1,unassigned,19.0,19.0,0.0,1.0,0.0,0.0,0.032882012,0.0,0,0,0,0,0
24099,-1,0,-0.39290422,0.40301836,0,1,unassigned,26.0,26.0,0.0,1.0,0.0,0.0,0.046421662,0.0,0,0,0,0,0
24100,-1,1,5.5345616,0.9960675,1,1,unassigned,3.0,3.0,0.0,1.0,0.0,0.0,0.001934236,0.0,1,0,0,1,1
24101,-1,0,-0.0838958,0.47903833,0,1,unassigned,65.0,63.0,2.0,0.9692308,0.03076923,0.030769229,0.12185687,0.003749442,0,0,0,0,0
24102,0,0,-0.8816658,0.2928327,0,0,unassigned,30.0,28.0,2.0,0.93333334,0.06666667,0.06666666,0.054158606,0.003610574,0,0,1,0,0
24103,-1,0,-0.9421468,0.2804669,0,1,unassigned,39.0,38.0,1.0,0.974359,0.025641026,0.025641024,0.07156673,0.0018350444,0,0,0,0,0
24104,-1,0,5.0890746,0.993874,1,1,unassigned,6.0,6.0,0.0,1.0,0.0,0.0,0.007736944,0.0,0,0,0,1,1
24105,-1,1,1.4242604,0.8060054,1,1,unassigned,7.0,7.0,0.0,1.0,0.0,0.0,0.00967118,0.0,1,0,0,1,0
24106,-1,0,0.36193997,0.58950996,1,1,unassigned,5.0,5.0,0.0,1.0,0.0,0.0,0.0058027077,0.0,0,0,0,1,0
24107,0,0,-0.20210633,0.4496447,0,0,unassigned,43.0,43.0,0.0,1.0,0.0,0.0,0.079303674,0.0,0,0,1,0,0
24108,-1,0,0.51989836,0.627124,1,1,unassigned,6.0,6.0,0.0,1.0,0.0,0.0,0.007736944,0.0,0,0,0,1,0
24109,-1,0,0.25774592,0.5640821,1,1,unassigned,20.0,11.0,9.0,0.55,0.45,0.45,0.034816246,0.01566731,0,0,0,1,0
24110,-1,0,-0.31640655,0.42155173,0,1,unassigned,15.0,14.0,1.0,0.93333334,0.06666667,0.06666666,0.025145067,0.0016763379,0,0,0,0,0
24111,-1,0,-0.5153582,0.37393826,0,1,unassigned,37.0,37.0,0.0,1.0,0.0,0.0,0.06769826,0.0,0,0,0,0,0
24112,-1,0,0.7791539,0.68549776,1,1,unassigned,3.0,3.0,0.0,1.0,0.0,0.0,0.001934236,0.0,0,0,0,1,0
24113,-1,1,0.27349287,0.5679502,1,1,unassigned,4.0,4.0,0.0,1.0,0.0,0.0,0.003868472,0.0,1,0,0,1,0
24114,-1,1,1.3230152,0.7896829,1,1,unassigned,2.0,2.0,0.0,1.0,0.0,0.0,0.0,0.0,1,0,0,1,0
24115,-1,0,0.35690814,0.58829176,1,1,unassigned,5.0,5.0,0.0,1.0,0.0,0.0,0.0058027077,0.0,0,0,0,1,0
24116,-1,0,0.27723414,0.568868,1,1,unassigned,4.0,4.0,0.0,1.0,0.0,0.0,0.003868472,0.0,0,0,0,1,0
24117,-1,0,1.7584827,0.85301954,1,1,unassigned,15.0,14.0,1.0,0.93333334,0.06666667,0.06666666,0.025145067,0.0016763379,0,0,0,1,0
24118,-1,1,10.497868,0.99997246,1,1,unassigned,3.0,2.0,1.0,0.6666667,0.33333334,0.3333333,0.001934236,0.00064474536,1,0,0,1,1
24119,-1,0,-0.62951744,0.34761998,0,1,unassigned,14.0,14.0,0.0,1.0,0.0,0.0,0.023210831,0.0,0,0,0,0,0
24120,1,0,3.0483627,0.95471185,1,0,unassigned,16.0,15.0,1.0,0.9375,0.0625,0.0625,0.027079303,0.0016924564,0,0,1,1,1
24121,-1,1,-0.9172405,0.2855205,0,1,unassigned,6.0,6.0,0.0,1.0,0.0,0.0,0.007736944,0.0,1,0,0,0,0
24122,-1,1,3.2645319,0.9631918,1,1,unassigned,7.0,7.0,0.0,1.0,0.0,0.0,0.00967118,0.0,1,0,0,1,1
24123,-1,1,0.16237563,0.540505,1,1,unassigned,5.0,5.0,0.0,1.0,0.0,0.0,0.0058027077,0.0,1,0,0,1,0
24124,-1,0,1.4966567,0.8170753,1,1,unassigned,7.0,5.0,2.0,0.71428573,0.2857143,0.28571427,0.00967118,0.0027631943,0,0,0,1,0
24125,-1,0,-0.40628648,0.39980286,0,1,unassigned,34.0,34.0,0.0,1.0,0.0,0.0,0.061895553,0.0,0,0,0,0,0
24126,0,0,-0.0058866143,0.4985283,0,0,val,30.0,30.0,0.0,1.0,0.0,0.0,0.054158606,0.0,0,0,1,0,0
24127,-1,0,7.6582074,0.99952805,1,1,unassigned,10.0,10.0,0.0,1.0,0.0,0.0,0.015473888,0.0,0,0,0,1,1
24128,1,0,1.2908385,0.7842891,1,0,test,10.0,10.0,0.0,1.0,0.0,0.0,0.015473888,0.0,0,0,1,1,0
24129,-1,0,2.2811778,0.90730613,1,1,unassigned,7.0,6.0,1.0,0.85714287,0.14285715,0.14285713,0.00967118,0.0013815971,0,0,0,1,1
24130,-1,1,-0.23573384,0.44133797,0,1,unassigned,2.0,2.0,0.0,1.0,0.0,0.0,0.0,0.0,1,0,0,0,0
24131,-1,1,-0.3795752,0.40622932,0,1,unassigned,14.0,14.0,0.0,1.0,0.0,0.0,0.023210831,0.0,1,0,0,0,0
24132,-1,1,0.8959051,0.71010727,1,1,unassigned,47.0,46.0,1.0,0.9787234,0.021276595,0.021276593,0.08704062,0.001851928,1,0,0,1,0
24133,-1,0,-0.27846417,0.43083033,0,1,unassigned,3.0,3.0,0.0,1.0,0.0,0.0,0.001934236,0.0,0,0,0,0,0
24134,-1,0,0.21822065,0.5543397,1,1,unassigned,20.0,20.0,0.0,1.0,0.0,0.0,0.034816246,0.0,0,0,0,1,0
24135,-1,0,4.940003,0.99289626,1,1,unassigned,2.0,2.0,0.0,1.0,0.0,0.0,0.0,0.0,0,0,0,1,1
24136,-1,0,-0.9108212,0.28683183,0,1,unassigned,45.0,44.0,1.0,0.9777778,0.022222223,0.02222222,0.08317215,0.0018482701,0,0,0,0,0
24137,-1,0,-0.82732064,0.3042119,0,1,unassigned,28.0,28.0,0.0,1.0,0.0,0.0,0.050290134,0.0,0,0,0,0,0
24138,-1,0,-0.8535856,0.29868126,0,1,unassigned,29.0,29.0,0.0,1.0,0.0,0.0,0.05222437,0.0,0,0,0,0,0
24139,-1,1,-0.73191154,0.3247754,0,1,unassigned,61.0,57.0,4.0,0.93442625,0.06557377,0.06557375,0.114119925,0.0074832733,1,0,0,0,0
24140,-1,0,-0.4663685,0.3854761,0,1,unassigned,17.0,17.0,0.0,1.0,0.0,0.0,0.029013539,0.0,0,0,0,0,0
24141,0,0,0.14032167,0.535023,1,1,unassigned,35.0,34.0,1.0,0.9714286,0.028571429,0.028571427,0.06382979,0.0018237082,0,0,0,1,0
24142,-1,0,0.50554067,0.62376046,1,1,unassigned,21.0,21.0,0.0,1.0,0.0,0.0,0.036750484,0.0,0,0,0,1,0
24143,-1,0,0.39930183,0.59851986,1,1,unassigned,32.0,32.0,0.0,1.0,0.0,0.0,0.058027077,0.0,0,0,0,1,0
24144,-1,0,-0.72862846,0.32549578,0,1,unassigned,4.0,4.0,0.0,1.0,0.0,0.0,0.003868472,0.0,0,0,0,0,0
24145,1,0,3.240598,0.9623338,1,0,unassigned,6.0,6.0,0.0,1.0,0.0,0.0,0.007736944,0.0,0,0,1,1,1
24146,-1,0,-0.6271523,0.34815654,0,1,unassigned,8.0,8.0,0.0,1.0,0.0,0.0,0.0116054155,0.0,0,0,0,0,0
24147,-1,0,-0.63407356,0.34658742,0,1,unassigned,3.0,3.0,0.0,1.0,0.0,0.0,0.001934236,0.0,0,0,0,0,0
24148,-1,0,3.452687,0.9693112,1,1,unassigned,4.0,4.0,0.0,1.0,0.0,0.0,0.003868472,0.0,0,0,0,1,1
24149,-1,1,3.9023688,0.98020566,1,1,unassigned,16.0,14.0,2.0,0.875,0.125,0.125,0.027079303,0.0033849129,1,0,0,1,1
24150,-1,0,-0.30808467,0.42358232,0,1,unassigned,2.0,2.0,0.0,1.0,0.0,0.0,0.0,0.0,0,0,0,0,0
24151,-1,1,2.7425866,0.9394933,1,1,unassigned,7.0,5.0,2.0,0.71428573,0.2857143,0.28571427,0.00967118,0.0027631943,1,0,0,1,1
24152,0,1,-0.7425346,0.32245013,0,0,val,17.0,17.0,0.0,1.0,0.0,0.0,0.029013539,0.0,1,0,1,0,0
24153,-1,1,3.753866,0.97710925,1,1,unassigned,16.0,14.0,2.0,0.875,0.125,0.125,0.027079303,0.0033849129,1,0,0,1,1
24154,-1,0,-0.92786217,0.28335863,0,1,unassigned,2.0,2.0,0.0,1.0,0.0,0.0,0.0,0.0,0,0,0,0,0
24155,-1,1,5.7443786,0.9968094,1,1,unassigned,25.0,17.0,8.0,0.68,0.32,0.32,0.044487428,0.014235976,1,0,0,1,1
24156,-1,1,4.3341975,0.98705727,1,1,unassigned,2.0,2.0,0.0,1.0,0.0,0.0,0.0,0.0,1,0,0,1,1
24157,-1,1,2.0494587,0.8858929,1,1,unassigned,14.0,8.0,6.0,0.5714286,0.42857143,0.4285714,0.023210831,0.009947499,1,0,0,1,0
24158,-1,0,2.67435,0.93549603,1,1,unassigned,2.0,2.0,0.0,1.0,0.0,0.0,0.0,0.0,0,0,0,1,1
24159,-1,0,2.7621205,0.94059426,1,1,unassigned,17.0,16.0,1.0,0.9411765,0.05882353,0.058823526,0.029013539,0.0017066788,0,0,0,1,1
24160,0,1,-0.41824856,0.3969359,0,0,val,46.0,44.0,2.0,0.95652175,0.04347826,0.04347825,0.08510638,0.0037002775,1,0,1,0,0
24161,1,1,4.8244643,0.99203306,1,0,unassigned,10.0,10.0,0.0,1.0,0.0,0.0,0.015473888,0.0,1,0,1,1,1
24162,-1,0,-0.46991163,0.38463712,0,1,unassigned,2.0,2.0,0.0,1.0,0.0,0.0,0.0,0.0,0,0,0,0,0
24163,1,0,3.1562073,0.95915264,1,0,unassigned,9.0,8.0,1.0,0.8888889,0.11111111,0.111111104,0.013539651,0.0015044058,0,0,1,1,1
24164,-1,0,0.9964202,0.73035413,1,1,unassigned,59.0,53.0,6.0,0.89830506,0.10169491,0.10169494,0.11025145,0.011212012,0,0,0,1,0
24165,-1,0,2.168536,0.89738816,1,1,unassigned,5.0,5.0,0.0,1.0,0.0,0.0,0.0058027077,0.0,0,0,0,1,0
24166,-1,0,1.0794313,0.74638635,1,1,unassigned,11.0,11.0,0.0,1.0,0.0,0.0,0.017408123,0.0,0,0,0,1,0
24167,-1,0,0.2626406,0.5652853,1,1,unassigned,2.0,2.0,0.0,1.0,0.0,0.0,0.0,0.0,0,0,0,1,0
24168,-1,0,1.6061485,0.832876,1,1,unassigned,5.0,4.0,1.0,0.8,0.2,0.19999999,0.0058027077,0.0011605415,0,0,0,1,0
24169,0,0,-0.113999665,0.47153088,0,0,val,42.0,42.0,0.0,1.0,0.0,0.0,0.07736944,0.0,0,0,1,0,0
24170,-1,0,-0.8800018,0.29317743,0,1,unassigned,45.0,45.0,0.0,1.0,0.0,0.0,0.08317215,0.0,0,0,0,0,0
24171,-1,1,0.21483248,0.5535025,1,1,unassigned,7.0,5.0,2.0,0.71428573,0.2857143,0.28571427,0.00967118,0.0027631943,1,0,0,1,0
24172,0,0,1.9622271,0.87677383,1,1,test,2.0,2.0,0.0,1.0,0.0,0.0,0.0,0.0,0,0,0,1,0
24173,-1,0,2.1074965,0.8916297,1,1,unassigned,7.0,5.0,2.0,0.71428573,0.2857143,0.28571427,0.00967118,0.0027631943,0,0,0,1,0
24174,-1,0,8.594112,0.9998148,1,1,unassigned,4.0,4.0,0.0,1.0,0.0,0.0,0.003868472,0.0,0,0,0,1,1
24175,-1,0,1.8422005,0.8632087,1,1,unassigned,4.0,4.0,0.0,1.0,0.0,0.0,0.003868472,0.0,0,0,0,1,0
24176,-1,1,5.393088,0.9954726,1,1,unassigned,6.0,5.0,1.0,0.8333333,0.16666667,0.16666669,0.007736944,0.0012894907,1,0,0,1,1
24177,-1,0,2.7638443,0.94069046,1,1,unassigned,2.0,2.0,0.0,1.0,0.0,0.0,0.0,0.0,0,0,0,1,1
24178,-1,0,2.8953695,0.9476171,1,1,unassigned,44.0,43.0,1.0,0.97727275,0.022727273,0.022727251,0.08123791,0.0018463163,0,0,0,1,1
24179,-1,0,-0.48270816,0.38161284,0,1,unassigned,12.0,12.0,0.0,1.0,0.0,0.0,0.01934236,0.0,0,0,0,0,0
24180,-1,0,-0.825067,0.30468914,0,1,unassigned,31.0,31.0,0.0,1.0,0.0,0.0,0.056092843,0.0,0,0,0,0,0
24181,0,1,-0.7381018,0.3234194,0,0,test,46.0,46.0,0.0,1.0,0.0,0.0,0.08510638,0.0,1,0,1,0,0
24182,-1,0,-0.8103351,0.30781907,0,1,unassigned,28.0,28.0,0.0,1.0,0.0,0.0,0.050290134,0.0,0,0,0,0,0
24183,-1,0,-0.03961712,0.490097,0,1,unassigned,17.0,17.0,0.0,1.0,0.0,0.0,0.029013539,0.0,0,0,0,0,0
24184,-1,0,-0.849959,0.29944146,0,1,unassigned,20.0,20.0,0.0,1.0,0.0,0.0,0.034816246,0.0,0,0,0,0,0
24185,-1,0,3.4057505,0.96788377,1,1,unassigned,3.0,3.0,0.0,1.0,0.0,0.0,0.001934236,0.0,0,0,0,1,1
24186,-1,0,0.9675947,0.72463983,1,1,unassigned,14.0,14.0,0.0,1.0,0.0,0.0,0.023210831,0.0,0,0,0,1,0
24187,1,0,-0.34643248,0.41424784,0,1,test,34.0,34.0,0.0,1.0,0.0,0.0,0.061895553,0.0,0,0,0,0,0
24188,-1,0,5.7748404,0.9969049,1,1,unassigned,7.0,7.0,0.0,1.0,0.0,0.0,0.00967118,0.0,0,0,0,1,1
24189,-1,0,11.672658,0.9999914,1,1,unassigned,6.0,6.0,0.0,1.0,0.0,0.0,0.007736944,0.0,0,0,0,1,1
24190,1,0,5.3001685,0.9950341,1,0,train,8.0,8.0,0.0,1.0,0.0,0.0,0.0116054155,0.0,0,0,1,1,1
24191,-1,1,-0.11216408,0.47198838,0,1,unassigned,11.0,11.0,0.0,1.0,0.0,0.0,0.017408123,0.0,1,0,0,0,0
24192,-1,0,0.47549826,0.6166843,1,1,unassigned,3.0,3.0,0.0,1.0,0.0,0.0,0.001934236,0.0,0,0,0,1,0
24193,-1,0,6.1207733,0.99780804,1,1,unassigned,2.0,2.0,0.0,1.0,0.0,0.0,0.0,0.0,0,0,0,1,1
24194,0,1,-0.08966622,0.47759846,0,0,unassigned,3.0,3.0,0.0,1.0,0.0,0.0,0.001934236,0.0,1,0,1,0,0
24195,-1,0,-0.24116027,0.4400004,0,1,unassigned,87.0,85.0,2.0,0.9770115,0.022988506,0.022988498,0.16441005,0.0037795415,0,0,0,0,0
24196,-1,0,0.97986954,0.7270824,1,1,unassigned,5.0,5.0,0.0,1.0,0.0,0.0,0.0058027077,0.0,0,0,0,1,0
24197,-1,0,-0.5292735,0.37068632,0,1,unassigned,25.0,25.0,0.0,1.0,0.0,0.0,0.044487428,0.0,0,0,0,0,0
24198,-1,0,-0.040592372,0.48985326,0,1,unassigned,47.0,43.0,4.0,0.9148936,0.08510638,0.08510637,0.08704062,0.007407712,0,0,0,0,0
24199,-1,0,4.024337,0.9824386,1,1,unassigned,29.0,29.0,0.0,1.0,0.0,0.0,0.05222437,0.0,0,0,0,1,1
24200,-1,1,7.9083495,0.9996325,1,1,unassigned,2.0,1.0,1.0,0.5,0.5,0.5,0.0,0.0,1,0,0,1,1
24201,-1,1,4.4605565,0.9885761,1,1,unassigned,5.0,5.0,0.0,1.0,0.0,0.0,0.0058027077,0.0,1,0,0,1,1
24202,1,1,-0.47140464,0.38428384,0,1,unassigned,6.0,6.0,0.0,1.0,0.0,0.0,0.007736944,0.0,1,0,0,0,0
24203,-1,1,8.416213,0.9997788,1,1,unassigned,6.0,5.0,1.0,0.8333333,0.16666667,0.16666669,0.007736944,0.0012894907,1,0,0,1,1
24204,-1,0,6.794871,0.99888176,1,1,unassigned,23.0,23.0,0.0,1.0,0.0,0.0,0.040618956,0.0,0,0,0,1,1
24205,-1,0,-0.41936356,0.39666906,0,1,unassigned,30.0,29.0,1.0,0.96666664,0.033333335,0.03333336,0.054158606,0.001805287,0,0,0,0,0
24206,-1,0,-0.605132,0.35317045,0,1,unassigned,5.0,5.0,0.0,1.0,0.0,0.0,0.0058027077,0.0,0,0,0,0,0
24207,-1,0,-0.19172913,0.452214,0,1,unassigned,24.0,24.0,0.0,1.0,0.0,0.0,0.04255319,0.0,0,0,0,0,0
24208,-1,1,0.35039657,0.58671373,1,1,unassigned,10.0,10.0,0.0,1.0,0.0,0.0,0.015473888,0.0,1,0,0,1,0
24209,-1,0,5.5477195,0.9961188,1,1,unassigned,7.0,6.0,1.0,0.85714287,0.14285715,0.14285713,0.00967118,0.0013815971,0,0,0,1,1
24210,0,0,-0.41030884,0.39883807,0,0,unassigned,3.0,3.0,0.0,1.0,0.0,0.0,0.001934236,0.0,0,0,1,0,0
24211,-1,0,1.1366289,0.75706017,1,1,unassigned,72.0,71.0,1.0,0.9861111,0.013888889,0.0138888955,0.13539653,0.0018805073,0,0,0,1,0
24212,-1,0,1.8359773,0.8624723,1,1,unassigned,4.0,4.0,0.0,1.0,0.0,0.0,0.003868472,0.0,0,0,0,1,0
24213,-1,0,-0.54278904,0.36753905,0,1,unassigned,17.0,16.0,1.0,0.9411765,0.05882353,0.058823526,0.029013539,0.0017066788,0,0,0,0,0
24214,-1,0,0.30234212,0.57501495,1,1,unassigned,5.0,5.0,0.0,1.0,0.0,0.0,0.0058027077,0.0,0,0,0,1,0
24215,-1,0,3.7580016,0.9772016,1,1,unassigned,8.0,6.0,2.0,0.75,0.25,0.25,0.0116054155,0.0029013539,0,0,0,1,1
24216,-1,0,-0.26973376,0.4329725,0,1,unassigned,12.0,12.0,0.0,1.0,0.0,0.0,0.01934236,0.0,0,0,0,0,0
24217,-1,0,1.7985525,0.8579727,1,1,unassigned,10.0,10.0,0.0,1.0,0.0,0.0,0.015473888,0.0,0,0,0,1,0
24218,1,1,0.35951114,0.5889221,1,0,train,20.0,19.0,1.0,0.95,0.05,0.050000012,0.034816246,0.0017408123,1,0,1,1,0
24219,-1,0,5.194493,0.99448353,1,1,unassigned,3.0,3.0,0.0,1.0,0.0,0.0,0.001934236,0.0,0,0,0,1,1
24220,-1,0,0.6622811,0.65977263,1,1,unassigned,9.0,9.0,0.0,1.0,0.0,0.0,0.013539651,0.0,0,0,0,1,0
24221,-1,0,4.335167,0.9870697,1,1,unassigned,3.0,3.0,0.0,1.0,0.0,0.0,0.001934236,0.0,0,0,0,1,1
24222,-1,1,2.013378,0.8821946,1,1,unassigned,2.0,1.0,1.0,0.5,0.5,0.5,0.0,0.0,1,0,0,1,0
24223,-1,0,2.0075045,0.88158274,1,1,unassigned,6.0,6.0,0.0,1.0,0.0,0.0,0.007736944,0.0,0,0,0,1,0
24224,-1,0,3.8761961,0.97969145,1,1,unassigned,5.0,5.0,0.0,1.0,0.0,0.0,0.0058027077,0.0,0,0,0,1,1
24225,-1,0,3.8702738,0.97957325,1,1,unassigned,2.0,2.0,0.0,1.0,0.0,0.0,0.0,0.0,0,0,0,1,1
24226,-1,0,9.260892,0.9999049,1,1,unassigned,5.0,5.0,0.0,1.0,0.0,0.0,0.0058027077,0.0,0,0,0,1,1
24227,-1,1,7.6587777,0.9995284,1,1,unassigned,2.0,2.0,0.0,1.0,0.0,0.0,0.0,0.0,1,0,0,1,1
24228,0,1,1.5720456,0.82807505,1,1,unassigned,29.0,27.0,2.0,0.9310345,0.06896552,0.068965495,0.05222437,0.0036016807,1,0,0,1,0
24229,-1,1,2.5374386,0.9267251,1,1,unassigned,4.0,3.0,1.0,0.75,0.25,0.25,0.003868472,0.000967118,1,0,0,1,1
24230,-1,0,5.736641,0.9967848,1,1,unassigned,16.0,12.0,4.0,0.75,0.25,0.25,0.027079303,0.0067698257,0,0,0,1,1
24231,-1,0,8.330322,0.999759,1,1,unassigned,3.0,3.0,0.0,1.0,0.0,0.0,0.001934236,0.0,0,0,0,1,1
24232,-1,1,3.400682,0.9677259,1,1,unassigned,5.0,3.0,2.0,0.6,0.4,0.39999998,0.0058027077,0.002321083,1,0,0,1,1
24233,-1,1,-0.4941504,0.37891632,0,1,unassigned,31.0,21.0,10.0,0.67741936,0.32258064,0.32258064,0.056092843,0.018094465,1,0,0,0,0
24234,-1,0,-0.03280598,0.49179924,0,1,unassigned,34.0,33.0,1.0,0.9705882,0.029411765,0.029411793,0.061895553,0.0018204574,0,0,0,0,0
24235,-1,0,3.756839,0.9771756,1,1,unassigned,12.0,10.0,2.0,0.8333333,0.16666667,0.16666669,0.01934236,0.0032237265,0,0,0,1,1
24236,0,0,1.4287028,0.80669916,1,1,val,2.0,2.0,0.0,1.0,0.0,0.0,0.0,0.0,0,0,0,1,0
24237,-1,0,4.2872243,0.9864433,1,1,unassigned,3.0,3.0,0.0,1.0,0.0,0.0,0.001934236,0.0,0,0,0,1,1
24238,-1,1,1.7532499,0.8523622,1,1,unassigned,7.0,5.0,2.0,0.71428573,0.2857143,0.28571427,0.00967118,0.0027631943,1,0,0,1,0
24239,-1,0,-0.055228353,0.48619646,0,1,unassigned,4.0,4.0,0.0,1.0,0.0,0.0,0.003868472,0.0,0,0,0,0,0
24240,-1,0,2.9406528,0.9498199,1,1,unassigned,3.0,3.0,0.0,1.0,0.0,0.0,0.001934236,0.0,0,0,0,1,1
24241,-1,1,-0.5554888,0.36459193,0,1,unassigned,26.0,26.0,0.0,1.0,0.0,0.0,0.046421662,0.0,1,0,0,0,0
24242,-1,0,-0.1620095,0.459586,0,1,unassigned,10.0,10.0,0.0,1.0,0.0,0.0,0.015473888,0.0,0,0,0,0,0
24243,-1,1,2.8498726,0.94531214,1,1,unassigned,7.0,7.0,0.0,1.0,0.0,0.0,0.00967118,0.0,1,0,0,1,1
24244,-1,1,0.047213137,0.51180106,1,1,unassigned,46.0,45.0,1.0,0.9782609,0.02173913,0.021739125,0.08510638,0.0018501388,1,0,0,1,0
24245,-1,1,1.2742989,0.78147775,1,1,unassigned,7.0,7.0,0.0,1.0,0.0,0.0,0.00967118,0.0,1,0,0,1,0
24246,0,0,-0.18693829,0.45340103,0,0,test,20.0,20.0,0.0,1.0,0.0,0.0,0.034816246,0.0,0,0,1,0,0
24247,-1,1,3.3497899,0.96609795,1,1,unassigned,2.0,2.0,0.0,1.0,0.0,0.0,0.0,0.0,1,0,0,1,1
24248,-1,0,-0.2102907,0.4476202,0,1,unassigned,3.0,3.0,0.0,1.0,0.0,0.0,0.001934236,0.0,0,0,0,0,0
24249,-1,0,4.558287,0.9896287,1,1,unassigned,3.0,3.0,0.0,1.0,0.0,0.0,0.001934236,0.0,0,0,0,1,1
24250,-1,0,1.2770255,0.781943,1,1,unassigned,4.0,4.0,0.0,1.0,0.0,0.0,0.003868472,0.0,0,0,0,1,0
24251,-1,0,3.3980572,0.96764374,1,1,unassigned,15.0,14.0,1.0,0.93333334,0.06666667,0.06666666,0.025145067,0.0016763379,0,0,0,1,1
24252,0,0,-0.55820745,0.36396232,0,0,unassigned,6.0,6.0,0.0,1.0,0.0,0.0,0.007736944,0.0,0,0,1,0,0
24253,0,0,-0.5060593,0.37611777,0,0,unassigned,8.0,8.0,0.0,1.0,0.0,0.0,0.0116054155,0.0,0,0,1,0,0
24254,-1,0,2.6052892,0.9312012,1,1,unassigned,2.0,2.0,0.0,1.0,0.0,0.0,0.0,0.0,0,0,0,1,1
24255,-1,0,0.15751356,0.53929716,1,1,unassigned,3.0,3.0,0.0,1.0,0.0,0.0,0.001934236,0.0,0,0,0,1,0
24256,-1,0,0.058191955,0.5145439,1,1,unassigned,17.0,17.0,0.0,1.0,0.0,0.0,0.029013539,0.0,0,0,0,1,0
24257,0,0,-0.39790732,0.40181524,0,0,unassigned,4.0,3.0,1.0,0.75,0.25,0.25,0.003868472,0.000967118,0,0,1,0,0
24258,-1,0,0.5513144,0.63444054,1,1,unassigned,8.0,8.0,0.0,1.0,0.0,0.0,0.0116054155,0.0,0,0,0,1,0
24259,1,1,0.360339,0.5891225,1,0,unassigned,125.0,117.0,8.0,0.936,0.064,0.06400001,0.23791103,0.015226306,1,0,1,1,0
24260,-1,0,3.0865161,0.9563331,1,1,unassigned,15.0,11.0,4.0,0.73333335,0.26666668,0.26666665,0.025145067,0.0067053516,0,0,0,1,1
24261,-1,0,3.268913,0.9633468,1,1,unassigned,3.0,3.0,0.0,1.0,0.0,0.0,0.001934236,0.0,0,0,0,1,1
24262,-1,0,0.20836657,0.55190396,1,1,unassigned,30.0,30.0,0.0,1.0,0.0,0.0,0.054158606,0.0,0,0,0,1,0
24263,-1,0,7.678779,0.9995377,1,1,unassigned,2.0,2.0,0.0,1.0,0.0,0.0,0.0,0.0,0,0,0,1,1
24264,-1,0,0.0019415021,0.50048536,1,1,unassigned,5.0,5.0,0.0,1.0,0.0,0.0,0.0058027077,0.0,0,0,0,1,0
24265,-1,0,3.0804641,0.9560797,1,1,unassigned,5.0,4.0,1.0,0.8,0.2,0.19999999,0.0058027077,0.0011605415,0,0,0,1,1
24266,-1,0,1.6545427,0.839504,1,1,unassigned,31.0,30.0,1.0,0.9677419,0.032258064,0.032258093,0.056092843,0.0018094465,0,0,0,1,0
24267,-1,1,0.32568437,0.580709,1,1,unassigned,33.0,9.0,24.0,0.27272728,0.72727275,0.72727275,0.059961315,0.04360823,1,0,0,1,0
24268,-1,1,0.978098,0.72673064,1,1,unassigned,25.0,24.0,1.0,0.96,0.04,0.04000002,0.044487428,0.001779497,1,0,0,1,0
24269,1,0,6.7338395,0.9988115,1,0,unassigned,2.0,2.0,0.0,1.0,0.0,0.0,0.0,0.0,0,0,1,1,1
24270,-1,0,-0.4539714,0.38841695,0,1,unassigned,46.0,45.0,1.0,0.9782609,0.02173913,0.021739125,0.08510638,0.0018501388,0,0,0,0,0
24271,-1,1,2.9223526,0.94894046,1,1,unassigned,12.0,12.0,0.0,1.0,0.0,0.0,0.01934236,0.0,1,0,0,1,1
24272,-1,0,-0.5915002,0.3562907,0,1,unassigned,29.0,29.0,0.0,1.0,0.0,0.0,0.05222437,0.0,0,0,0,0,0
24273,-1,1,-0.8211049,0.30552915,0,1,unassigned,94.0,91.0,3.0,0.9680851,0.031914894,0.03191489,0.17794971,0.005679246,1,0,0,0,0
24274,0,1,-0.79637694,0.31080106,0,0,unassigned,66.0,66.0,0.0,1.0,0.0,0.0,0.123791106,0.0,1,0,1,0,0
24275,-1,1,-0.52434784,0.37183613,0,1,unassigned,46.0,45.0,1.0,0.9782609,0.02173913,0.021739125,0.08510638,0.0018501388,1,0,0,0,0
24276,-1,1,-0.8821529,0.29273185,0,1,unassigned,85.0,77.0,8.0,0.90588236,0.09411765,0.09411764,0.16054158,0.015109796,1,0,0,0,0
24277,-1,1,1.498111,0.8172925,1,1,unassigned,141.0,133.0,8.0,0.9432624,0.056737587,0.0567376,0.2688588,0.015254399,1,0,0,1,0
24278,-1,0,-0.64876777,0.3432673,0,1,unassigned,5.0,4.0,1.0,0.8,0.2,0.19999999,0.0058027077,0.0011605415,0,0,0,0,0
24279,-1,0,-0.7245816,0.3263849,0,1,unassigned,125.0,2.0,123.0,0.016,0.984,0.984,0.23791103,0.23410445,0,0,0,0,0
24280,-1,1,-0.87545466,0.29412058,0,1,unassigned,127.0,126.0,1.0,0.992126,0.007874016,0.007874012,0.24177949,0.0019037755,1,0,0,0,0
24281,-1,0,-0.21122897,0.44738823,0,1,unassigned,21.0,21.0,0.0,1.0,0.0,0.0,0.036750484,0.0,0,0,0,0,0
24282,-1,0,3.447179,0.9691469,1,1,unassigned,6.0,6.0,0.0,1.0,0.0,0.0,0.007736944,0.0,0,0,0,1,1
24283,-1,0,1.1648428,0.76221156,1,1,unassigned,21.0,21.0,0.0,1.0,0.0,0.0,0.036750484,0.0,0,0,0,1,0
24284,-1,0,3.0846765,0.9562563,1,1,unassigned,7.0,6.0,1.0,0.85714287,0.14285715,0.14285713,0.00967118,0.0013815971,0,0,0,1,1
24285,1,1,3.4880784,0.9703466,1,0,unassigned,3.0,2.0,1.0,0.6666667,0.33333334,0.3333333,0.001934236,0.00064474536,1,0,1,1,1
24286,-1,0,-0.6292399,0.3476829,0,1,unassigned,3.0,3.0,0.0,1.0,0.0,0.0,0.001934236,0.0,0,0,0,0,0
24287,-1,1,5.0515842,0.99364156,1,1,unassigned,2.0,2.0,0.0,1.0,0.0,0.0,0.0,0.0,1,0,0,1,1
24288,-1,0,1.4604294,0.8115983,1,1,unassigned,3.0,3.0,0.0,1.0,0.0,0.0,0.001934236,0.0,0,0,0,1,0
24289,-1,0,-0.021388233,0.49465314,0,1,unassigned,12.0,12.0,0.0,1.0,0.0,0.0,0.01934236,0.0,0,0,0,0,0
24290,-1,1,0.93411535,0.71790946,1,1,unassigned,8.0,5.0,3.0,0.625,0.375,0.375,0.0116054155,0.004352031,1,0,0,1,0
24291,-1,1,0.079918325,0.5199689,1,1,unassigned,2.0,2.0,0.0,1.0,0.0,0.0,0.0,0.0,1,0,0,1,0
24292,-1,1,3.176862,0.9599542,1,1,unassigned,28.0,27.0,1.0,0.96428573,0.035714287,0.03571427,0.050290134,0.0017960763,1,0,0,1,1
24293,1,0,1.7333972,0.8498464,1,0,val,18.0,18.0,0.0,1.0,0.0,0.0,0.030947777,0.0,0,0,1,1,0
24294,-1,0,-0.6634328,0.33996892,0,1,unassigned,16.0,16.0,0.0,1.0,0.0,0.0,0.027079303,0.0,0,0,0,0,0
24295,0,0,-0.8615999,0.29700518,0,0,unassigned,20.0,20.0,0.0,1.0,0.0,0.0,0.034816246,0.0,0,0,1,0,0
24296,-1,0,0.10170454,0.5254042,1,1,unassigned,3.0,3.0,0.0,1.0,0.0,0.0,0.001934236,0.0,0,0,0,1,0
24297,-1,1,-0.9075613,0.28749913,0,1,unassigned,67.0,66.0,1.0,0.98507464,0.014925373,0.014925361,0.12572534,0.0018764976,1,0,0,0,0
24298,0,1,-0.9129058,0.2864056,0,0,unassigned,80.0,80.0,0.0,1.0,0.0,0.0,0.15087041,0.0,1,0,1,0,0
24299,-1,1,-0.67992043,0.33627906,0,1,unassigned,136.0,133.0,3.0,0.97794116,0.022058824,0.022058845,0.2591876,0.005717374,1,0,0,0,0
24300,1,1,-0.89481044,0.29011813,0,1,test,28.0,28.0,0.0,1.0,0.0,0.0,0.050290134,0.0,1,0,0,0,0
24301,0,1,-0.6947733,0.33297208,0,0,test,49.0,46.0,3.0,0.93877554,0.06122449,0.06122446,0.09090909,0.005565863,1,0,1,0,0
24302,-1,1,1.6794465,0.8428312,1,1,unassigned,99.0,92.0,7.0,0.9292929,0.07070707,0.07070708,0.1876209,0.013266123,1,0,0,1,0
24303,-1,1,-0.8362195,0.3023316,0,1,unassigned,111.0,102.0,9.0,0.9189189,0.08108108,0.08108109,0.21083172,0.017094463,1,0,0,0,0
24304,-1,1,-0.72948986,0.32530668,0,1,unassigned,30.0,30.0,0.0,1.0,0.0,0.0,0.054158606,0.0,1,0,0,0,0
24305,0,0,4.569081,0.9897389,1,1,unassigned,4.0,4.0,0.0,1.0,0.0,0.0,0.003868472,0.0,0,0,0,1,1
24306,-1,1,-0.12906587,0.46777827,0,1,unassigned,98.0,96.0,2.0,0.97959185,0.020408163,0.020408154,0.18568665,0.0037895234,1,0,0,0,0
24307,-1,0,1.0776875,0.74605614,1,1,unassigned,7.0,7.0,0.0,1.0,0.0,0.0,0.00967118,0.0,0,0,0,1,0
24308,-1,1,-0.8453874,0.30040133,0,1,unassigned,47.0,45.0,2.0,0.9574468,0.04255319,0.042553186,0.08704062,0.003703856,1,0,0,0,0
24309,-1,0,8.394141,0.9997739,1,1,unassigned,4.0,4.0,0.0,1.0,0.0,0.0,0.003868472,0.0,0,0,0,1,1
24310,-1,0,5.784307,0.99693394,1,1,unassigned,21.0,18.0,3.0,0.85714287,0.14285715,0.14285713,0.036750484,0.0052500693,0,0,0,1,1
24311,1,1,-0.8757888,0.2940512,0,1,val,59.0,58.0,1.0,0.9830508,0.016949153,0.016949177,0.11025145,0.0018686686,1,0,0,0,0
24312,-1,1,-0.75517845,0.31969398,0,1,unassigned,83.0,82.0,1.0,0.9879518,0.012048192,0.012048185,0.15667312,0.0018876279,1,0,0,0,0
24313,-1,1,2.3459594,0.9126125,1,1,unassigned,2.0,2.0,0.0,1.0,0.0,0.0,0.0,0.0,1,0,0,1,1
24314,-1,0,3.2924912,0.96417034,1,1,unassigned,4.0,4.0,0.0,1.0,0.0,0.0,0.003868472,0.0,0,0,0,1,1
24315,-1,0,5.4307284,0.9956392,1,1,unassigned,7.0,5.0,2.0,0.71428573,0.2857143,0.28571427,0.00967118,0.0027631943,0,0,0,1,1
24316,-1,0,2.5157228,0.92523676,1,1,unassigned,18.0,16.0,2.0,0.8888889,0.11111111,0.111111104,0.030947777,0.0034386418,0,0,0,1,1
24317,-1,0,3.804649,0.978218,1,1,unassigned,2.0,1.0,1.0,0.5,0.5,0.5,0.0,0.0,0,0,0,1,1
24318,-1,0,1.4837246,0.8151345,1,1,unassigned,11.0,10.0,1.0,0.90909094,0.09090909,0.090909064,0.017408123,0.0015825568,0,0,0,1,0
24319,-1,0,1.0375562,0.73837817,1,1,unassigned,27.0,24.0,3.0,0.8888889,0.11111111,0.111111104,0.0483559,0.0053728777,0,0,0,1,0
24320,-1,0,3.982898,0.9817092,1,1,unassigned,11.0,11.0,0.0,1.0,0.0,0.0,0.017408123,0.0,0,0,0,1,1
24321,1,0,1.6750152,0.8422433,1,0,test,26.0,24.0,2.0,0.9230769,0.07692308,0.07692307,0.046421662,0.0035708973,0,0,1,1,0
24322,-1,0,2.502526,0.9243187,1,1,unassigned,16.0,16.0,0.0,1.0,0.0,0.0,0.027079303,0.0,0,0,0,1,1
24323,-1,0,-0.07311487,0.4817294,0,1,unassigned,35.0,34.0,1.0,0.9714286,0.028571429,0.028571427,0.06382979,0.0018237082,0,0,0,0,0
24324,-1,0,-0.7134174,0.32884416,0,1,unassigned,4.0,4.0,0.0,1.0,0.0,0.0,0.003868472,0.0,0,0,0,0,0
24325,-1,0,0.2370714,0.5589918,1,1,unassigned,7.0,7.0,0.0,1.0,0.0,0.0,0.00967118,0.0,0,0,0,1,0
24326,-1,0,-0.78554916,0.31312516,0,1,unassigned,20.0,20.0,0.0,1.0,0.0,0.0,0.034816246,0.0,0,0,0,0,0
24327,-1,0,-0.4230752,0.39578113,0,1,unassigned,51.0,48.0,3.0,0.9411765,0.05882353,0.058823526,0.09477756,0.0055751507,0,0,0,0,0
24328,-1,1,-0.8936103,0.29036534,0,1,unassigned,73.0,69.0,4.0,0.94520545,0.05479452,0.05479455,0.13733076,0.007524973,1,0,0,0,0
24329,-1,1,0.05220002,0.51304704,1,1,unassigned,10.0,10.0,0.0,1.0,0.0,0.0,0.015473888,0.0,1,0,0,1,0
24330,-1,0,14.020516,0.99999917,1,1,unassigned,28.0,24.0,4.0,0.85714287,0.14285715,0.14285713,0.050290134,0.007184305,0,0,0,1,1
24331,-1,0,-0.2812,0.4301596,0,1,unassigned,10.0,10.0,0.0,1.0,0.0,0.0,0.015473888,0.0,0,0,0,0,0
24332,-1,0,-0.89563286,0.28994876,0,1,unassigned,54.0,39.0,15.0,0.7222222,0.2777778,0.2777778,0.10058027,0.027938964,0,0,0,0,0
24333,-1,0,-0.6401146,0.34522063,0,1,unassigned,3.0,3.0,0.0,1.0,0.0,0.0,0.001934236,0.0,0,0,0,0,0
24334,-1,0,0.7518155,0.6795742,1,1,unassigned,3.0,3.0,0.0,1.0,0.0,0.0,0.001934236,0.0,0,0,0,1,0
24335,-1,0,0.49629503,0.62158823,1,1,unassigned,16.0,15.0,1.0,0.9375,0.0625,0.0625,0.027079303,0.0016924564,0,0,0,1,0
24336,-1,0,3.783929,0.9777721,1,1,unassigned,5.0,5.0,0.0,1.0,0.0,0.0,0.0058027077,0.0,0,0,0,1,1
24337,-1,1,0.29970926,0.57437146,1,1,unassigned,3.0,3.0,0.0,1.0,0.0,0.0,0.001934236,0.0,1,0,0,1,0
24338,-1,0,-0.9196434,0.28503054,0,1,unassigned,51.0,50.0,1.0,0.98039216,0.019607844,0.019607842,0.09477756,0.0018583836,0,0,0,0,0
24339,-1,0,-0.17931303,0.45529148,0,1,unassigned,2.0,2.0,0.0,1.0,0.0,0.0,0.0,0.0,0,0,0,0,0
24340,1,1,2.9173207,0.9486961,1,0,unassigned,4.0,4.0,0.0,1.0,0.0,0.0,0.003868472,0.0,1,0,1,1,1
24341,-1,1,0.36011058,0.5890672,1,1,unassigned,56.0,48.0,8.0,0.85714287,0.14285715,0.14285713,0.10444874,0.01492125,1,0,0,1,0
24342,-1,1,-0.59489506,0.3555125,0,1,unassigned,136.0,135.0,1.0,0.99264705,0.007352941,0.007352948,0.2591876,0.0019057912,1,0,0,0,0
24343,-1,0,1.1034441,0.7509049,1,1,unassigned,32.0,23.0,9.0,0.71875,0.28125,0.28125,0.058027077,0.016320115,0,0,0,1,0
24344,-1,1,-0.28786844,0.42852578,0,1,unassigned,39.0,38.0,1.0,0.974359,0.025641026,0.025641024,0.07156673,0.0018350444,1,0,0,0,0
24345,-1,1,-0.08749682,0.47813976,0,1,unassigned,13.0,13.0,0.0,1.0,0.0,0.0,0.021276595,0.0,1,0,0,0,0
24346,0,0,0.121994674,0.5304609,1,1,test,8.0,8.0,0.0,1.0,0.0,0.0,0.0116054155,0.0,0,0,0,1,0
24347,-1,1,-0.67103153,0.3382659,0,1,unassigned,96.0,90.0,6.0,0.9375,0.0625,0.0625,0.18181819,0.011363637,1,0,0,0,0
24348,-1,1,-0.8315102,0.30332583,0,1,unassigned,178.0,174.0,4.0,0.9775281,0.02247191,0.022471905,0.34042552,0.0076500117,1,0,0,0,0
24349,-1,0,-0.4207945,0.39632666,0,1,unassigned,6.0,1.0,5.0,0.16666667,0.8333333,0.8333333,0.007736944,0.0064474535,0,0,0,0,0
24350,-1,1,-0.79795784,0.31046253,0,1,unassigned,134.0,129.0,5.0,0.96268654,0.03731343,0.03731346,0.25531915,0.009526834,1,0,0,0,0
24351,-1,1,7.1740866,0.99923444,1,1,unassigned,5.0,5.0,0.0,1.0,0.0,0.0,0.0058027077,0.0,1,0,0,1,1
24352,0,0,-0.26524806,0.43407407,0,0,unassigned,11.0,11.0,0.0,1.0,0.0,0.0,0.017408123,0.0,0,0,1,0,0
24353,0,1,-0.57723606,0.3595688,0,0,unassigned,125.0,122.0,3.0,0.976,0.024,0.023999989,0.23791103,0.0057098647,1,0,1,0,0
24354,-1,0,4.0400386,0.98270744,1,1,unassigned,27.0,23.0,4.0,0.8518519,0.14814815,0.14814812,0.0483559,0.007163837,0,0,0,1,1
24355,-1,1,-0.889016,0.29131293,0,1,unassigned,122.0,120.0,2.0,0.9836066,0.016393442,0.016393423,0.23210831,0.0038050541,1,0,0,0,0
24356,-1,1,-0.76276004,0.3180473,0,1,unassigned,147.0,145.0,2.0,0.9863946,0.013605442,0.013605416,0.2804642,0.0038158393,1,0,0,0,0
24357,0,1,-0.7188912,0.3276372,0,0,test,76.0,75.0,1.0,0.9868421,0.013157895,0.013157904,0.14313346,0.0018833351,1,0,1,0,0
24358,-1,1,0.38616818,0.5953599,1,1,unassigned,2.0,2.0,0.0,1.0,0.0,0.0,0.0,0.0,1,0,0,1,0
24359,1,0,5.201634,0.9945226,1,0,unassigned,13.0,13.0,0.0,1.0,0.0,0.0,0.021276595,0.0,0,0,1,1,1
24360,0,1,0.15560973,0.53882414,1,1,unassigned,34.0,34.0,0.0,1.0,0.0,0.0,0.061895553,0.0,1,0,0,1,0
24361,-1,1,4.5123487,0.9891465,1,1,unassigned,2.0,2.0,0.0,1.0,0.0,0.0,0.0,0.0,1,0,0,1,1
24362,-1,0,4.896649,0.9925839,1,1,unassigned,9.0,9.0,0.0,1.0,0.0,0.0,0.013539651,0.0,0,0,0,1,1
24363,1,1,0.03180182,0.50794977,1,0,unassigned,2.0,1.0,1.0,0.5,0.5,0.5,0.0,0.0,1,0,1,1,0
24364,-1,1,0.06555748,0.5163835,1,1,unassigned,3.0,3.0,0.0,1.0,0.0,0.0,0.001934236,0.0,1,0,0,1,0
24365,-1,0,3.3941891,0.96752244,1,1,unassigned,7.0,6.0,1.0,0.85714287,0.14285715,0.14285713,0.00967118,0.0013815971,0,0,0,1,1
24366,1,1,0.12820387,0.5320071,1,0,unassigned,7.0,6.0,1.0,0.85714287,0.14285715,0.14285713,0.00967118,0.0013815971,1,0,1,1,0
24367,-1,0,4.697244,0.9909621,1,1,unassigned,17.0,17.0,0.0,1.0,0.0,0.0,0.029013539,0.0,0,0,0,1,1
24368,1,1,0.34861273,0.5862811,1,0,unassigned,4.0,4.0,0.0,1.0,0.0,0.0,0.003868472,0.0,1,0,1,1,0
24369,-1,1,0.06555748,0.5163835,1,1,unassigned,3.0,3.0,0.0,1.0,0.0,0.0,0.001934236,0.0,1,0,0,1,0
24370,-1,1,0.06555748,0.5163835,1,1,unassigned,3.0,3.0,0.0,1.0,0.0,0.0,0.001934236,0.0,1,0,0,1,0
24371,-1,0,5.2909513,0.9949883,1,1,unassigned,3.0,3.0,0.0,1.0,0.0,0.0,0.001934236,0.0,0,0,0,1,1
24372,-1,0,5.098305,0.99393,1,1,unassigned,4.0,2.0,2.0,0.5,0.5,0.5,0.003868472,0.001934236,0,0,0,1,1
24373,-1,0,-0.3732483,0.40775633,0,1,unassigned,17.0,15.0,2.0,0.88235295,0.11764706,0.11764705,0.029013539,0.0034133575,0,0,0,0,0
24374,-1,1,-0.15711436,0.46080205,0,1,unassigned,4.0,3.0,1.0,0.75,0.25,0.25,0.003868472,0.000967118,1,0,0,0,0
24375,-1,1,-0.40497398,0.40011787,0,1,unassigned,19.0,18.0,1.0,0.94736844,0.05263158,0.052631557,0.032882012,0.0017306323,1,0,0,0,0
24376,-1,1,2.826813,0.94410765,1,1,unassigned,33.0,31.0,2.0,0.93939394,0.060606062,0.060606062,0.059961315,0.0036340193,1,0,0,1,1
24377,-1,0,0.6299296,0.6524735,1,1,unassigned,4.0,4.0,0.0,1.0,0.0,0.0,0.003868472,0.0,0,0,0,1,0
24378,-1,0,-0.91653275,0.2856649,0,1,unassigned,19.0,18.0,1.0,0.94736844,0.05263158,0.052631557,0.032882012,0.0017306323,0,0,0,0,0
24379,1,0,2.505208,0.9245061,1,0,unassigned,26.0,8.0,18.0,0.30769232,0.6923077,0.6923077,0.046421662,0.032138076,0,0,1,1,1
24380,-1,1,2.500933,0.92420715,1,1,unassigned,135.0,103.0,32.0,0.76296294,0.23703703,0.23703706,0.25725338,0.060978577,1,0,0,1,1
24381,-1,0,3.1787515,0.96002674,1,1,unassigned,4.0,3.0,1.0,0.75,0.25,0.25,0.003868472,0.000967118,0,0,0,1,1
24382,-1,0,-0.062629044,0.48434782,0,1,unassigned,14.0,14.0,0.0,1.0,0.0,0.0,0.023210831,0.0,0,0,0,0,0
24383,-1,0,0.498545,0.62211734,1,1,unassigned,12.0,6.0,6.0,0.5,0.5,0.5,0.01934236,0.00967118,0,0,0,1,0
24384,-1,0,-0.3305236,0.41811326,0,1,unassigned,28.0,28.0,0.0,1.0,0.0,0.0,0.050290134,0.0,0,0,0,0,0
24385,-1,1,10.523397,0.99997306,1,1,unassigned,2.0,2.0,0.0,1.0,0.0,0.0,0.0,0.0,1,0,0,1,1
24386,-1,0,10.073816,0.9999578,1,1,unassigned,2.0,1.0,1.0,0.5,0.5,0.5,0.0,0.0,0,0,0,1,1
24387,-1,1,5.0430503,0.9935874,1,1,unassigned,3.0,3.0,0.0,1.0,0.0,0.0,0.001934236,0.0,1,0,0,1,1
24388,-1,0,-0.11299956,0.47178015,0,1,unassigned,4.0,4.0,0.0,1.0,0.0,0.0,0.003868472,0.0,0,0,0,0,0
24389,-1,0,-0.8291929,0.30381578,0,1,unassigned,46.0,45.0,1.0,0.9782609,0.02173913,0.021739125,0.08510638,0.0018501388,0,0,0,0,0
24390,-1,0,1.4925334,0.8164582,1,1,unassigned,7.0,7.0,0.0,1.0,0.0,0.0,0.00967118,0.0,0,0,0,1,0
24391,-1,0,0.3574875,0.5884321,1,1,unassigned,2.0,2.0,0.0,1.0,0.0,0.0,0.0,0.0,0,0,0,1,0
24392,-1,0,-0.85826963,0.297701,0,1,unassigned,3.0,2.0,1.0,0.6666667,0.33333334,0.3333333,0.001934236,0.00064474536,0,0,0,0,0
24393,-1,0,6.9878488,0.9990778,1,1,unassigned,7.0,7.0,0.0,1.0,0.0,0.0,0.00967118,0.0,0,0,0,1,1
24394,-1,0,0.7851381,0.6867864,1,1,unassigned,2.0,2.0,0.0,1.0,0.0,0.0,0.0,0.0,0,0,0,1,0
24395,-1,1,-0.8538222,0.2986317,0,1,unassigned,68.0,67.0,1.0,0.9852941,0.014705882,0.014705896,0.12765957,0.0018773467,1,0,0,0,0
24396,1,1,-0.912892,0.28640842,0,1,unassigned,95.0,93.0,2.0,0.97894734,0.021052632,0.021052659,0.17988394,0.0037870305,1,0,0,0,0
24397,-1,1,-0.8866966,0.291792,0,1,unassigned,57.0,56.0,1.0,0.98245615,0.01754386,0.017543852,0.10638298,0.0018663681,1,0,0,0,0
24398,-1,1,-0.6727995,0.33787027,0,1,unassigned,75.0,74.0,1.0,0.9866667,0.013333334,0.013333321,0.14119923,0.0018826565,1,0,0,0,0
24399,-1,1,0.661604,0.65962064,1,1,unassigned,10.0,5.0,5.0,0.5,0.5,0.5,0.015473888,0.007736944,1,0,0,1,0
24400,-1,1,-0.89104766,0.29089367,0,1,unassigned,79.0,78.0,1.0,0.98734176,0.012658228,0.012658238,0.14893617,0.001885268,1,0,0,0,0
24401,-1,1,-0.8283691,0.30399004,0,1,unassigned,55.0,53.0,2.0,0.96363634,0.036363635,0.03636366,0.102514505,0.0037278,1,0,0,0,0
24402,-1,1,-0.89174473,0.2907499,0,1,unassigned,80.0,79.0,1.0,0.9875,0.0125,0.012499988,0.15087041,0.0018858801,1,0,0,0,0
24403,-1,0,1.0367033,0.73821336,1,1,unassigned,11.0,11.0,0.0,1.0,0.0,0.0,0.017408123,0.0,0,0,0,1,0
24404,0,0,0.08698684,0.521733,1,1,unassigned,20.0,20.0,0.0,1.0,0.0,0.0,0.034816246,0.0,0,0,0,1,0
24405,-1,1,-0.9110973,0.28677535,0,1,unassigned,122.0,121.0,1.0,0.9918033,0.008196721,0.008196712,0.23210831,0.0019025271,1,0,0,0,0
24406,-1,1,-0.8413856,0.30124304,0,1,unassigned,174.0,169.0,5.0,0.97126436,0.028735632,0.028735638,0.3326886,0.009560017,1,0,0,0,0
24407,-1,1,-0.85827637,0.29769957,0,1,unassigned,60.0,58.0,2.0,0.96666664,0.033333335,0.03333336,0.11218569,0.003739523,1,0,0,0,0
24408,-1,1,-0.8697483,0.29530668,0,1,unassigned,54.0,51.0,3.0,0.9444444,0.055555556,0.055555582,0.10058027,0.0055877925,1,0,0,0,0
24409,1,0,2.4885962,0.92333853,1,0,unassigned,8.0,8.0,0.0,1.0,0.0,0.0,0.0116054155,0.0,0,0,1,1,1
24410,-1,1,-0.5729898,0.36054724,0,1,unassigned,3.0,3.0,0.0,1.0,0.0,0.0,0.001934236,0.0,1,0,0,0,0
24411,-1,0,0.13643819,0.5340567,1,1,unassigned,6.0,6.0,0.0,1.0,0.0,0.0,0.007736944,0.0,0,0,0,1,0
24412,-1,0,0.07986164,0.5199548,1,1,unassigned,16.0,14.0,2.0,0.875,0.125,0.125,0.027079303,0.0033849129,0,0,0,1,0
24413,-1,1,2.3210776,0.9106077,1,1,unassigned,7.0,7.0,0.0,1.0,0.0,0.0,0.00967118,0.0,1,0,0,1,1
24414,-1,1,1.6995158,0.84547144,1,1,unassigned,8.0,6.0,2.0,0.75,0.25,0.25,0.0116054155,0.0029013539,1,0,0,1,0
24415,-1,0,-0.011474788,0.49713132,0,1,unassigned,53.0,51.0,2.0,0.9622642,0.03773585,0.03773582,0.09864604,0.0037224921,0,0,0,0,0
24416,-1,0,1.7473495,0.85161823,1,1,unassigned,2.0,2.0,0.0,1.0,0.0,0.0,0.0,0.0,0,0,0,1,0
24417,-1,0,0.27120882,0.5673896,1,1,unassigned,2.0,1.0,1.0,0.5,0.5,0.5,0.0,0.0,0,0,0,1,0
24418,1,0,7.7799478,0.9995821,1,0,test,3.0,2.0,1.0,0.6666667,0.33333334,0.3333333,0.001934236,0.00064474536,0,0,1,1,1
24419,-1,1,2.849102e-05,0.50000715,1,1,unassigned,30.0,28.0,2.0,0.93333334,0.06666667,0.06666666,0.054158606,0.003610574,1,0,0,1,0
24420,-1,1,-0.13905567,0.465292,0,1,unassigned,21.0,18.0,3.0,0.85714287,0.14285715,0.14285713,0.036750484,0.0052500693,1,0,0,0,0
24421,-1,1,2.560581,0.9282812,1,1,unassigned,10.0,10.0,0.0,1.0,0.0,0.0,0.015473888,0.0,1,0,0,1,1
24422,0,0,-0.50354433,0.3767081,0,0,unassigned,39.0,39.0,0.0,1.0,0.0,0.0,0.07156673,0.0,0,0,1,0,0
24423,-1,0,3.4515274,0.96927667,1,1,unassigned,6.0,5.0,1.0,0.8333333,0.16666667,0.16666669,0.007736944,0.0012894907,0,0,0,1,1
24424,-1,0,2.6820657,0.9359601,1,1,unassigned,4.0,4.0,0.0,1.0,0.0,0.0,0.003868472,0.0,0,0,0,1,1
24425,-1,1,-0.32221806,0.4201353,0,1,unassigned,16.0,13.0,3.0,0.8125,0.1875,0.1875,0.027079303,0.0050773695,1,0,0,0,0
24426,-1,1,2.560442,0.92827183,1,1,unassigned,2.0,2.0,0.0,1.0,0.0,0.0,0.0,0.0,1,0,0,1,1
24427,-1,1,0.52319294,0.62789404,1,1,unassigned,19.0,19.0,0.0,1.0,0.0,0.0,0.032882012,0.0,1,0,0,1,0
24428,-1,1,-0.813025,0.30724627,0,1,unassigned,112.0,110.0,2.0,0.98214287,0.017857144,0.017857134,0.21276596,0.0037993924,1,0,0,0,0
24429,-1,1,-0.6890547,0.3342434,0,1,unassigned,106.0,104.0,2.0,0.9811321,0.018867925,0.01886791,0.20116054,0.0037954818,1,0,0,0,0
24430,-1,0,-0.88970596,0.2911705,0,1,unassigned,2.0,2.0,0.0,1.0,0.0,0.0,0.0,0.0,0,0,0,0,0
24431,-1,0,1.2755277,0.78168756,1,1,unassigned,5.0,5.0,0.0,1.0,0.0,0.0,0.0058027077,0.0,0,0,0,1,0
24432,-1,1,0.09803349,0.52448875,1,1,unassigned,12.0,12.0,0.0,1.0,0.0,0.0,0.01934236,0.0,1,0,0,1,0
24433,-1,0,6.1038375,0.9977708,1,1,unassigned,4.0,4.0,0.0,1.0,0.0,0.0,0.003868472,0.0,0,0,0,1,1
24434,-1,0,1.9169581,0.8717988,1,1,unassigned,3.0,3.0,0.0,1.0,0.0,0.0,0.001934236,0.0,0,0,0,1,0
24435,-1,0,0.834292,0.6972617,1,1,unassigned,51.0,51.0,0.0,1.0,0.0,0.0,0.09477756,0.0,0,0,0,1,0
24436,-1,0,0.7876037,0.6873166,1,1,unassigned,63.0,60.0,3.0,0.95238096,0.04761905,0.047619045,0.11798839,0.005618495,0,0,0,1,0
24437,-1,0,7.0958333,0.9991722,1,1,unassigned,13.0,13.0,0.0,1.0,0.0,0.0,0.021276595,0.0,0,0,0,1,1
24438,-1,0,4.2123666,0.9854049,1,1,unassigned,13.0,10.0,3.0,0.7692308,0.23076923,0.23076922,0.021276595,0.0049099834,0,0,0,1,1
24439,-1,1,9.008111,0.9998776,1,1,unassigned,2.0,1.0,1.0,0.5,0.5,0.5,0.0,0.0,1,0,0,1,1
24440,-1,0,3.200507,0.96085334,1,1,unassigned,6.0,6.0,0.0,1.0,0.0,0.0,0.007736944,0.0,0,0,0,1,1
24441,-1,0,7.5659366,0.9994824,1,1,unassigned,2.0,1.0,1.0,0.5,0.5,0.5,0.0,0.0,0,0,0,1,1
24442,-1,0,9.4722395,0.999923,1,1,unassigned,2.0,2.0,0.0,1.0,0.0,0.0,0.0,0.0,0,0,0,1,1
24443,-1,0,4.1391196,0.98431313,1,1,unassigned,8.0,8.0,0.0,1.0,0.0,0.0,0.0116054155,0.0,0,0,0,1,1
24444,-1,1,-0.12571698,0.46861207,0,1,unassigned,8.0,8.0,0.0,1.0,0.0,0.0,0.0116054155,0.0,1,0,0,0,0
24445,-1,0,0.48553866,0.6190549,1,1,unassigned,4.0,4.0,0.0,1.0,0.0,0.0,0.003868472,0.0,0,0,0,1,0
24446,-1,1,-0.6845315,0.33525068,0,1,unassigned,4.0,3.0,1.0,0.75,0.25,0.25,0.003868472,0.000967118,1,0,0,0,0
24447,-1,0,4.3694663,0.98750025,1,1,unassigned,12.0,12.0,0.0,1.0,0.0,0.0,0.01934236,0.0,0,0,0,1,1
24448,-1,1,-0.9245032,0.28404123,0,1,unassigned,16.0,16.0,0.0,1.0,0.0,0.0,0.027079303,0.0,1,0,0,0,0
24449,-1,0,1.2537456,0.7779476,1,1,unassigned,2.0,2.0,0.0,1.0,0.0,0.0,0.0,0.0,0,0,0,1,0
24450,-1,0,-0.29215953,0.4274752,0,1,unassigned,22.0,22.0,0.0,1.0,0.0,0.0,0.03868472,0.0,0,0,0,0,0
24451,-1,0,-0.7538613,0.31998053,0,1,unassigned,19.0,18.0,1.0,0.94736844,0.05263158,0.052631557,0.032882012,0.0017306323,0,0,0,0,0
24452,-1,0,1.8509824,0.8642424,1,1,unassigned,4.0,4.0,0.0,1.0,0.0,0.0,0.003868472,0.0,0,0,0,1,0
24453,-1,0,2.1784635,0.8982988,1,1,unassigned,32.0,31.0,1.0,0.96875,0.03125,0.03125,0.058027077,0.0018133462,0,0,0,1,0
24454,1,1,-0.68165654,0.33589166,0,1,unassigned,3.0,3.0,0.0,1.0,0.0,0.0,0.001934236,0.0,1,0,0,0,0
24455,-1,1,-0.5475865,0.36642453,0,1,unassigned,8.0,8.0,0.0,1.0,0.0,0.0,0.0116054155,0.0,1,0,0,0,0
24456,-1,0,0.17380577,0.5433424,1,1,unassigned,3.0,2.0,1.0,0.6666667,0.33333334,0.3333333,0.001934236,0.00064474536,0,0,0,1,0
24457,-1,0,1.4483747,0.8097482,1,1,unassigned,5.0,5.0,0.0,1.0,0.0,0.0,0.0058027077,0.0,0,0,0,1,0
24458,-1,1,0.4715292,0.6157456,1,1,unassigned,3.0,2.0,1.0,0.6666667,0.33333334,0.3333333,0.001934236,0.00064474536,1,0,0,1,0
24459,1,0,2.2865362,0.90775585,1,0,unassigned,5.0,5.0,0.0,1.0,0.0,0.0,0.0058027077,0.0,0,0,1,1,1
24460,-1,1,5.920818,0.9973241,1,1,unassigned,2.0,2.0,0.0,1.0,0.0,0.0,0.0,0.0,1,0,0,1,1
24461,-1,1,2.0425155,0.8851891,1,1,unassigned,3.0,3.0,0.0,1.0,0.0,0.0,0.001934236,0.0,1,0,0,1,0
24462,-1,1,1.184833,0.7658157,1,1,unassigned,2.0,2.0,0.0,1.0,0.0,0.0,0.0,0.0,1,0,0,1,0
24463,-1,1,-0.7742759,0.31555486,0,1,unassigned,5.0,5.0,0.0,1.0,0.0,0.0,0.0058027077,0.0,1,0,0,0,0
24464,-1,1,2.128617,0.89365363,1,1,unassigned,4.0,4.0,0.0,1.0,0.0,0.0,0.003868472,0.0,1,0,0,1,0
24465,-1,1,7.7647843,0.9995758,1,1,unassigned,2.0,2.0,0.0,1.0,0.0,0.0,0.0,0.0,1,0,0,1,1
24466,-1,1,3.6886756,0.9756049,1,1,unassigned,3.0,3.0,0.0,1.0,0.0,0.0,0.001934236,0.0,1,0,0,1,1
24467,-1,1,-0.14399946,0.46406224,0,1,unassigned,11.0,11.0,0.0,1.0,0.0,0.0,0.017408123,0.0,1,0,0,0,0
24468,0,0,-0.30671477,0.42391685,0,0,test,5.0,5.0,0.0,1.0,0.0,0.0,0.0058027077,0.0,0,0,1,0,0
24469,-1,0,-0.6045882,0.3532947,0,1,unassigned,6.0,6.0,0.0,1.0,0.0,0.0,0.007736944,0.0,0,0,0,0,0
24470,-1,0,0.800145,0.6900055,1,1,unassigned,11.0,11.0,0.0,1.0,0.0,0.0,0.017408123,0.0,0,0,0,1,0
24471,-1,0,-0.83669925,0.30223042,0,1,unassigned,42.0,40.0,2.0,0.95238096,0.04761905,0.047619045,0.07736944,0.003684259,0,0,0,0,0
24472,0,0,-0.64889777,0.34323797,0,0,test,3.0,3.0,0.0,1.0,0.0,0.0,0.001934236,0.0,0,0,1,0,0
24473,0,0,-0.59545964,0.3553832,0,0,val,38.0,37.0,1.0,0.9736842,0.02631579,0.026315808,0.06963249,0.0018324341,0,0,1,0,0
24474,-1,1,-0.8175922,0.306275,0,1,unassigned,183.0,181.0,2.0,0.989071,0.010928961,0.010928988,0.3500967,0.0038261933,1,0,0,0,0
24475,-1,1,-0.8266413,0.3043557,0,1,unassigned,39.0,38.0,1.0,0.974359,0.025641026,0.025641024,0.07156673,0.0018350444,1,0,0,0,0
24476,-1,1,0.33120292,0.582052,1,1,unassigned,2.0,2.0,0.0,1.0,0.0,0.0,0.0,0.0,1,0,0,1,0
24477,-1,0,0.2787431,0.56923807,1,1,unassigned,14.0,14.0,0.0,1.0,0.0,0.0,0.023210831,0.0,0,0,0,1,0
24478,-1,0,-0.44295627,0.39103675,0,1,unassigned,38.0,38.0,0.0,1.0,0.0,0.0,0.06963249,0.0,0,0,0,0,0
24479,-1,0,-0.21911648,0.445439,0,1,unassigned,22.0,22.0,0.0,1.0,0.0,0.0,0.03868472,0.0,0,0,0,0,0
24480,0,0,-0.16355807,0.45920137,0,0,val,43.0,42.0,1.0,0.9767442,0.023255814,0.023255825,0.079303674,0.0018442714,0,0,1,0,0
24481,-1,0,-0.8511793,0.29918554,0,1,unassigned,13.0,13.0,0.0,1.0,0.0,0.0,0.021276595,0.0,0,0,0,0,0
24482,-1,0,-0.33218986,0.4177079,0,1,unassigned,6.0,6.0,0.0,1.0,0.0,0.0,0.007736944,0.0,0,0,0,0,0
24483,1,0,-0.30164167,0.42515624,0,1,unassigned,27.0,27.0,0.0,1.0,0.0,0.0,0.0483559,0.0,0,0,0,0,0
24484,-1,0,-1.1342423,0.24337906,0,1,unassigned,15.0,14.0,1.0,0.93333334,0.06666667,0.06666666,0.025145067,0.0016763379,0,0,0,0,0
24485,-1,0,-0.8310993,0.30341268,0,1,unassigned,17.0,17.0,0.0,1.0,0.0,0.0,0.029013539,0.0,0,0,0,0,0
24486,-1,0,0.1478278,0.5368898,1,1,unassigned,10.0,10.0,0.0,1.0,0.0,0.0,0.015473888,0.0,0,0,0,1,0
24487,-1,0,-0.881613,0.2928436,0,1,unassigned,11.0,11.0,0.0,1.0,0.0,0.0,0.017408123,0.0,0,0,0,0,0
24488,-1,0,-0.51065016,0.37504113,0,1,unassigned,33.0,30.0,3.0,0.90909094,0.09090909,0.090909064,0.059961315,0.0054510287,0,0,0,0,0
24489,-1,0,1.4958217,0.81695044,1,1,unassigned,4.0,4.0,0.0,1.0,0.0,0.0,0.003868472,0.0,0,0,0,1,0
24490,-1,0,-0.46888685,0.38487974,0,1,unassigned,24.0,24.0,0.0,1.0,0.0,0.0,0.04255319,0.0,0,0,0,0,0
24491,-1,1,-0.5495984,0.3659576,0,1,unassigned,13.0,13.0,0.0,1.0,0.0,0.0,0.021276595,0.0,1,0,0,0,0
24492,-1,1,-0.7586503,0.31893936,0,1,unassigned,15.0,15.0,0.0,1.0,0.0,0.0,0.025145067,0.0,1,0,0,0,0
24493,1,0,2.5907137,0.9302615,1,0,unassigned,3.0,3.0,0.0,1.0,0.0,0.0,0.001934236,0.0,0,0,1,1,1
24494,-1,0,1.7254131,0.84882474,1,1,unassigned,4.0,4.0,0.0,1.0,0.0,0.0,0.003868472,0.0,0,0,0,1,0
24495,-1,0,-0.86185306,0.29695234,0,1,unassigned,49.0,47.0,2.0,0.9591837,0.040816326,0.040816307,0.09090909,0.0037105752,0,0,0,0,0
24496,-1,0,0.034825265,0.50870544,1,1,unassigned,13.0,12.0,1.0,0.9230769,0.07692308,0.07692307,0.021276595,0.0016366612,0,0,0,1,0
24497,-1,0,3.955355,0.98120797,1,1,unassigned,6.0,5.0,1.0,0.8333333,0.16666667,0.16666669,0.007736944,0.0012894907,0,0,0,1,1
24498,-1,1,-0.82745886,0.30418265,0,1,unassigned,175.0,169.0,6.0,0.9657143,0.034285713,0.034285724,0.33462283,0.011472782,1,0,0,0,0
24499,-1,0,1.4885015,0.81585324,1,1,unassigned,23.0,23.0,0.0,1.0,0.0,0.0,0.040618956,0.0,0,0,0,1,0
24500,0,0,0.32305425,0.5800684,1,1,val,3.0,3.0,0.0,1.0,0.0,0.0,0.001934236,0.0,0,0,0,1,0
24501,-1,0,5.0073614,0.993356,1,1,unassigned,13.0,12.0,1.0,0.9230769,0.07692308,0.07692307,0.021276595,0.0016366612,0,0,0,1,1
24502,-1,1,4.891256,0.99254405,1,1,unassigned,7.0,7.0,0.0,1.0,0.0,0.0,0.00967118,0.0,1,0,0,1,1
24503,0,0,-0.83506835,0.3025745,0,0,val,24.0,24.0,0.0,1.0,0.0,0.0,0.04255319,0.0,0,0,1,0,0
24504,-1,1,1.3675182,0.7969789,1,1,unassigned,3.0,2.0,1.0,0.6666667,0.33333334,0.3333333,0.001934236,0.00064474536,1,0,0,1,0
24505,-1,1,1.1807587,0.7650842,1,1,unassigned,5.0,5.0,0.0,1.0,0.0,0.0,0.0058027077,0.0,1,0,0,1,0
24506,-1,0,2.5574238,0.92807066,1,1,unassigned,6.0,5.0,1.0,0.8333333,0.16666667,0.16666669,0.007736944,0.0012894907,0,0,0,1,1
24507,-1,1,-0.26222208,0.43481755,0,1,unassigned,18.0,18.0,0.0,1.0,0.0,0.0,0.030947777,0.0,1,0,0,0,0
24508,-1,0,-0.85612905,0.29814875,0,1,unassigned,34.0,33.0,1.0,0.9705882,0.029411765,0.029411793,0.061895553,0.0018204574,0,0,0,0,0
24509,-1,0,-0.66448426,0.339733,0,1,unassigned,8.0,8.0,0.0,1.0,0.0,0.0,0.0116054155,0.0,0,0,0,0,0
24510,-1,0,-0.6937187,0.33320633,0,1,unassigned,12.0,12.0,0.0,1.0,0.0,0.0,0.01934236,0.0,0,0,0,0,0
24511,-1,0,-0.112781465,0.4718345,0,1,unassigned,24.0,24.0,0.0,1.0,0.0,0.0,0.04255319,0.0,0,0,0,0,0
24512,-1,0,-0.7267284,0.32591307,0,1,unassigned,40.0,39.0,1.0,0.975,0.025,0.024999976,0.07350097,0.0018375242,0,0,0,0,0
24513,-1,0,5.6044855,0.9963322,1,1,unassigned,6.0,5.0,1.0,0.8333333,0.16666667,0.16666669,0.007736944,0.0012894907,0,0,0,1,1
24514,-1,0,0.8746905,0.7057208,1,1,unassigned,8.0,8.0,0.0,1.0,0.0,0.0,0.0116054155,0.0,0,0,0,1,0
24515,1,0,-0.122265756,0.46947157,0,1,unassigned,14.0,14.0,0.0,1.0,0.0,0.0,0.023210831,0.0,0,0,0,0,0
24516,-1,0,-0.87197816,0.29484284,0,1,unassigned,9.0,9.0,0.0,1.0,0.0,0.0,0.013539651,0.0,0,0,0,0,0
24517,-1,0,-0.21509475,0.4464327,0,1,unassigned,2.0,2.0,0.0,1.0,0.0,0.0,0.0,0.0,0,0,0,0,0
24518,-1,1,0.12641191,0.53156096,1,1,unassigned,5.0,5.0,0.0,1.0,0.0,0.0,0.0058027077,0.0,1,0,0,1,0
24519,-1,0,-0.58468467,0.35785538,0,1,unassigned,28.0,23.0,5.0,0.8214286,0.17857143,0.1785714,0.050290134,0.008980381,0,0,0,0,0
24520,-1,1,5.1160464,0.9940361,1,1,unassigned,2.0,2.0,0.0,1.0,0.0,0.0,0.0,0.0,1,0,0,1,1
24521,0,1,3.7490418,0.97700113,1,1,unassigned,3.0,2.0,1.0,0.6666667,0.33333334,0.3333333,0.001934236,0.00064474536,1,0,0,1,1
24522,0,0,-0.7531641,0.32013223,0,0,val,7.0,6.0,1.0,0.85714287,0.14285715,0.14285713,0.00967118,0.0013815971,0,0,1,0,0
24523,-1,1,0.7692519,0.683359,1,1,unassigned,7.0,6.0,1.0,0.85714287,0.14285715,0.14285713,0.00967118,0.0013815971,1,0,0,1,0
24524,-1,1,7.095775,0.9991721,1,1,unassigned,4.0,3.0,1.0,0.75,0.25,0.25,0.003868472,0.000967118,1,0,0,1,1
24525,-1,1,0.6163443,0.64938664,1,1,unassigned,2.0,2.0,0.0,1.0,0.0,0.0,0.0,0.0,1,0,0,1,0
24526,-1,1,1.6192329,0.8346894,1,1,unassigned,53.0,52.0,1.0,0.9811321,0.018867925,0.01886791,0.09864604,0.0018612461,1,0,0,1,0
24527,-1,1,1.9755836,0.8782096,1,1,unassigned,7.0,6.0,1.0,0.85714287,0.14285715,0.14285713,0.00967118,0.0013815971,1,0,0,1,0
24528,-1,0,-0.25494394,0.436607,0,1,unassigned,11.0,11.0,0.0,1.0,0.0,0.0,0.017408123,0.0,0,0,0,0,0
24529,0,0,-0.28155667,0.4300722,0,0,unassigned,5.0,5.0,0.0,1.0,0.0,0.0,0.0058027077,0.0,0,0,1,0,0
24530,-1,1,-0.7893101,0.3123168,0,1,unassigned,8.0,8.0,0.0,1.0,0.0,0.0,0.0116054155,0.0,1,0,0,0,0
24531,0,0,-0.004399836,0.49890003,0,0,val,5.0,5.0,0.0,1.0,0.0,0.0,0.0058027077,0.0,0,0,1,0,0
24532,-1,0,-0.98935974,0.27103856,0,1,unassigned,2.0,2.0,0.0,1.0,0.0,0.0,0.0,0.0,0,0,0,0,0
24533,-1,0,-0.45530248,0.3881008,0,1,unassigned,3.0,3.0,0.0,1.0,0.0,0.0,0.001934236,0.0,0,0,0,0,0
24534,0,0,0.34077317,0.5843783,1,1,unassigned,10.0,10.0,0.0,1.0,0.0,0.0,0.015473888,0.0,0,0,0,1,0
24535,0,0,-0.316637,0.42149556,0,0,unassigned,6.0,6.0,0.0,1.0,0.0,0.0,0.007736944,0.0,0,0,1,0,0
24536,-1,1,0.4982533,0.62204874,1,1,unassigned,2.0,2.0,0.0,1.0,0.0,0.0,0.0,0.0,1,0,0,1,0
24537,-1,0,0.27219754,0.5676323,1,1,unassigned,13.0,12.0,1.0,0.9230769,0.07692308,0.07692307,0.021276595,0.0016366612,0,0,0,1,0
24538,-1,0,5.8277574,0.99706393,1,1,unassigned,2.0,2.0,0.0,1.0,0.0,0.0,0.0,0.0,0,0,0,1,1
24539,-1,0,3.8650777,0.97946906,1,1,unassigned,4.0,4.0,0.0,1.0,0.0,0.0,0.003868472,0.0,0,0,0,1,1
24540,-1,0,-0.43260455,0.3935046,0,1,unassigned,8.0,8.0,0.0,1.0,0.0,0.0,0.0116054155,0.0,0,0,0,0,0
24541,-1,0,6.1419654,0.99785393,1,1,unassigned,39.0,32.0,7.0,0.82051283,0.17948718,0.17948717,0.07156673,0.012845311,0,0,0,1,1
24542,-1,0,-0.34578407,0.41440517,0,1,unassigned,21.0,21.0,0.0,1.0,0.0,0.0,0.036750484,0.0,0,0,0,0,0
24543,1,1,1.645222,0.83824426,1,0,val,23.0,22.0,1.0,0.95652175,0.04347826,0.04347825,0.040618956,0.0017660416,1,0,1,1,0
24544,0,0,-0.2202667,0.44515494,0,0,unassigned,20.0,20.0,0.0,1.0,0.0,0.0,0.034816246,0.0,0,0,1,0,0
24545,-1,0,-0.6121021,0.35157982,0,1,unassigned,59.0,58.0,1.0,0.9830508,0.016949153,0.016949177,0.11025145,0.0018686686,0,0,0,0,0
24546,0,0,0.72815293,0.6743998,1,1,test,14.0,14.0,0.0,1.0,0.0,0.0,0.023210831,0.0,0,0,0,1,0
24547,-1,0,-0.66556716,0.33949012,0,1,unassigned,3.0,3.0,0.0,1.0,0.0,0.0,0.001934236,0.0,0,0,0,0,0
24548,-1,0,0.0027868748,0.5006967,1,1,unassigned,2.0,2.0,0.0,1.0,0.0,0.0,0.0,0.0,0,0,0,1,0
24549,-1,1,-0.09118664,0.47721916,0,1,unassigned,19.0,19.0,0.0,1.0,0.0,0.0,0.032882012,0.0,1,0,0,0,0
24550,-1,0,19.653843,1.0,1,1,unassigned,2.0,2.0,0.0,1.0,0.0,0.0,0.0,0.0,0,0,0,1,1
24551,-1,1,-0.8221107,0.30531582,0,1,unassigned,33.0,33.0,0.0,1.0,0.0,0.0,0.059961315,0.0,1,0,0,0,0
24552,-1,1,-0.2141001,0.4466785,0,1,unassigned,4.0,4.0,0.0,1.0,0.0,0.0,0.003868472,0.0,1,0,0,0,0
24553,-1,1,9.471306,0.999923,1,1,unassigned,2.0,2.0,0.0,1.0,0.0,0.0,0.0,0.0,1,0,0,1,1
24554,-1,1,-0.43656886,0.39255884,0,1,unassigned,6.0,6.0,0.0,1.0,0.0,0.0,0.007736944,0.0,1,0,0,0,0
24555,-1,1,-0.8611494,0.29709926,0,1,unassigned,40.0,39.0,1.0,0.975,0.025,0.024999976,0.07350097,0.0018375242,1,0,0,0,0
24556,-1,0,-0.44041198,0.3916428,0,1,unassigned,8.0,7.0,1.0,0.875,0.125,0.125,0.0116054155,0.0014506769,0,0,0,0,0
24557,-1,1,0.11021882,0.52752686,1,1,unassigned,9.0,8.0,1.0,0.8888889,0.11111111,0.111111104,0.013539651,0.0015044058,1,0,0,1,0
24558,-1,1,0.5297108,0.6294157,1,1,unassigned,4.0,4.0,0.0,1.0,0.0,0.0,0.003868472,0.0,1,0,0,1,0
24559,-1,1,0.35269123,0.58727,1,1,unassigned,3.0,3.0,0.0,1.0,0.0,0.0,0.001934236,0.0,1,0,0,1,0
24560,-1,1,3.004772,0.95278925,1,1,unassigned,3.0,3.0,0.0,1.0,0.0,0.0,0.001934236,0.0,1,0,0,1,1
24561,1,0,4.0431266,0.98275995,1,0,unassigned,5.0,5.0,0.0,1.0,0.0,0.0,0.0058027077,0.0,0,0,1,1,1
24562,1,0,-0.02146113,0.4946349,0,1,unassigned,2.0,2.0,0.0,1.0,0.0,0.0,0.0,0.0,0,0,0,0,0
24563,1,0,0.0043975115,0.50109935,1,0,unassigned,10.0,10.0,0.0,1.0,0.0,0.0,0.015473888,0.0,0,0,1,1,0
24564,-1,0,-0.13686311,0.4658375,0,1,unassigned,8.0,8.0,0.0,1.0,0.0,0.0,0.0116054155,0.0,0,0,0,0,0
24565,-1,0,-0.34370643,0.41490942,0,1,unassigned,6.0,6.0,0.0,1.0,0.0,0.0,0.007736944,0.0,0,0,0,0,0
24566,-1,0,2.4249997,0.9187139,1,1,unassigned,4.0,3.0,1.0,0.75,0.25,0.25,0.003868472,0.000967118,0,0,0,1,1
24567,-1,1,0.3020342,0.57493967,1,1,unassigned,4.0,4.0,0.0,1.0,0.0,0.0,0.003868472,0.0,1,0,0,1,0
24568,-1,1,-0.47013032,0.3845854,0,1,unassigned,12.0,12.0,0.0,1.0,0.0,0.0,0.01934236,0.0,1,0,0,0,0
24569,0,0,1.3256512,0.7901203,1,1,unassigned,5.0,5.0,0.0,1.0,0.0,0.0,0.0058027077,0.0,0,0,0,1,0
24570,-1,0,-0.13639587,0.4659538,0,1,unassigned,22.0,22.0,0.0,1.0,0.0,0.0,0.03868472,0.0,0,0,0,0,0
24571,-1,0,-0.051098466,0.48722816,0,1,unassigned,11.0,11.0,0.0,1.0,0.0,0.0,0.017408123,0.0,0,0,0,0,0
24572,-1,0,7.8763957,0.99962056,1,1,unassigned,5.0,4.0,1.0,0.8,0.2,0.19999999,0.0058027077,0.0011605415,0,0,0,1,1
24573,-1,1,0.6255675,0.6514837,1,1,unassigned,5.0,5.0,0.0,1.0,0.0,0.0,0.0058027077,0.0,1,0,0,1,0
24574,-1,1,0.052395284,0.51309586,1,1,unassigned,2.0,2.0,0.0,1.0,0.0,0.0,0.0,0.0,1,0,0,1,0
24575,-1,0,4.4837737,0.9888354,1,1,unassigned,2.0,2.0,0.0,1.0,0.0,0.0,0.0,0.0,0,0,0,1,1
24576,-1,0,1.2296772,0.7737621,1,1,unassigned,8.0,8.0,0.0,1.0,0.0,0.0,0.0116054155,0.0,0,0,0,1,0
24577,-1,0,-0.1625843,0.4594432,0,1,unassigned,5.0,5.0,0.0,1.0,0.0,0.0,0.0058027077,0.0,0,0,0,0,0
24578,-1,0,1.1500196,0.75951445,1,1,unassigned,4.0,4.0,0.0,1.0,0.0,0.0,0.003868472,0.0,0,0,0,1,0
24579,-1,0,-0.2451962,0.4390062,0,1,unassigned,38.0,38.0,0.0,1.0,0.0,0.0,0.06963249,0.0,0,0,0,0,0
24580,-1,1,-0.10131499,0.4746929,0,1,unassigned,26.0,25.0,1.0,0.96153843,0.03846154,0.038461566,0.046421662,0.0017854486,1,0,0,0,0
24581,-1,0,-0.08409566,0.4789885,0,1,unassigned,12.0,12.0,0.0,1.0,0.0,0.0,0.01934236,0.0,0,0,0,0,0
24582,-1,0,-0.54857075,0.36619607,0,1,unassigned,139.0,137.0,2.0,0.9856115,0.01438849,0.014388502,0.26499033,0.0038128106,0,0,0,0,0
24583,-1,0,5.1265855,0.9940983,1,1,unassigned,4.0,4.0,0.0,1.0,0.0,0.0,0.003868472,0.0,0,0,0,1,1
24584,-1,0,3.177212,0.9599676,1,1,unassigned,5.0,4.0,1.0,0.8,0.2,0.19999999,0.0058027077,0.0011605415,0,0,0,1,1
24585,-1,0,-0.2353437,0.44143412,0,1,unassigned,32.0,32.0,0.0,1.0,0.0,0.0,0.058027077,0.0,0,0,0,0,0
24586,1,0,8.140293,0.9997085,1,0,val,3.0,2.0,1.0,0.6666667,0.33333334,0.3333333,0.001934236,0.00064474536,0,0,1,1,1
24587,-1,0,2.0686393,0.88781756,1,1,unassigned,3.0,2.0,1.0,0.6666667,0.33333334,0.3333333,0.001934236,0.00064474536,0,0,0,1,0
24588,-1,0,1.0999494,0.75025064,1,1,unassigned,9.0,9.0,0.0,1.0,0.0,0.0,0.013539651,0.0,0,0,0,1,0
24589,-1,0,0.56804687,0.6383124,1,1,unassigned,5.0,4.0,1.0,0.8,0.2,0.19999999,0.0058027077,0.0011605415,0,0,0,1,0
24590,-1,0,-0.07927412,0.48019186,0,1,unassigned,4.0,4.0,0.0,1.0,0.0,0.0,0.003868472,0.0,0,0,0,0,0
24591,-1,0,3.7798655,0.97768366,1,1,unassigned,4.0,4.0,0.0,1.0,0.0,0.0,0.003868472,0.0,0,0,0,1,1
24592,-1,0,1.1448786,0.7585742,1,1,unassigned,4.0,4.0,0.0,1.0,0.0,0.0,0.003868472,0.0,0,0,0,1,0
24593,-1,0,3.4577715,0.9694621,1,1,unassigned,4.0,4.0,0.0,1.0,0.0,0.0,0.003868472,0.0,0,0,0,1,1
24594,-1,0,3.0724742,0.9557429,1,1,unassigned,3.0,3.0,0.0,1.0,0.0,0.0,0.001934236,0.0,0,0,0,1,1
24595,-1,0,5.747887,0.99682057,1,1,unassigned,2.0,2.0,0.0,1.0,0.0,0.0,0.0,0.0,0,0,0,1,1
24596,-1,0,-0.59367883,0.35579124,0,1,unassigned,3.0,3.0,0.0,1.0,0.0,0.0,0.001934236,0.0,0,0,0,0,0
24597,-1,0,-0.7409512,0.3227962,0,1,unassigned,16.0,16.0,0.0,1.0,0.0,0.0,0.027079303,0.0,0,0,0,0,0
24598,-1,0,-0.28214446,0.42992812,0,1,unassigned,40.0,40.0,0.0,1.0,0.0,0.0,0.07350097,0.0,0,0,0,0,0
24599,0,0,-0.2988618,0.42583573,0,0,unassigned,17.0,16.0,1.0,0.9411765,0.05882353,0.058823526,0.029013539,0.0017066788,0,0,1,0,0
24600,-1,0,-0.31989276,0.4207019,0,1,unassigned,52.0,52.0,0.0,1.0,0.0,0.0,0.0967118,0.0,0,0,0,0,0
24601,1,0,1.3112826,0.78772765,1,0,val,5.0,5.0,0.0,1.0,0.0,0.0,0.0058027077,0.0,0,0,1,1,0
24602,-1,0,3.8475196,0.979113,1,1,unassigned,9.0,9.0,0.0,1.0,0.0,0.0,0.013539651,0.0,0,0,0,1,1
24603,-1,0,0.8201321,0.6942644,1,1,unassigned,7.0,7.0,0.0,1.0,0.0,0.0,0.00967118,0.0,0,0,0,1,0
24604,-1,1,14.461651,0.9999995,1,1,unassigned,2.0,1.0,1.0,0.5,0.5,0.5,0.0,0.0,1,0,0,1,1
24605,-1,0,3.2838705,0.96387136,1,1,unassigned,2.0,1.0,1.0,0.5,0.5,0.5,0.0,0.0,0,0,0,1,1
24606,0,1,-0.7317765,0.32480502,0,0,val,38.0,38.0,0.0,1.0,0.0,0.0,0.06963249,0.0,1,0,1,0,0
24607,-1,0,-0.6549889,0.3418662,0,1,unassigned,10.0,10.0,0.0,1.0,0.0,0.0,0.015473888,0.0,0,0,0,0,0
24608,-1,0,0.8150211,0.6931784,1,1,unassigned,10.0,10.0,0.0,1.0,0.0,0.0,0.015473888,0.0,0,0,0,1,0
24609,-1,0,1.262295,0.7794209,1,1,unassigned,4.0,4.0,0.0,1.0,0.0,0.0,0.003868472,0.0,0,0,0,1,0
24610,1,0,-0.868655,0.29553425,0,1,test,104.0,104.0,0.0,1.0,0.0,0.0,0.19729207,0.0,0,0,0,0,0
24611,-1,0,-0.89379674,0.29032695,0,1,unassigned,3.0,3.0,0.0,1.0,0.0,0.0,0.001934236,0.0,0,0,0,0,0
24612,-1,0,1.564146,0.82694745,1,1,unassigned,4.0,4.0,0.0,1.0,0.0,0.0,0.003868472,0.0,0,0,0,1,0
24613,1,0,5.2329373,0.9946905,1,0,val,3.0,3.0,0.0,1.0,0.0,0.0,0.001934236,0.0,0,0,1,1,1
24614,-1,1,0.1192739,0.5297832,1,1,unassigned,7.0,7.0,0.0,1.0,0.0,0.0,0.00967118,0.0,1,0,0,1,0
24615,0,0,-0.57560766,0.3599439,0,0,unassigned,26.0,26.0,0.0,1.0,0.0,0.0,0.046421662,0.0,0,0,1,0,0
24616,-1,0,-0.32872945,0.4185498,0,1,unassigned,2.0,2.0,0.0,1.0,0.0,0.0,0.0,0.0,0,0,0,0,0
24617,-1,1,-0.66025454,0.34068245,0,1,unassigned,34.0,30.0,4.0,0.88235295,0.11764706,0.11764705,0.061895553,0.0072818296,1,0,0,0,0
24618,-1,1,-0.669026,0.33871496,0,1,unassigned,110.0,109.0,1.0,0.9909091,0.009090909,0.0090909,0.20889749,0.001899068,1,0,0,0,0
24619,-1,0,-0.87527204,0.2941585,0,1,unassigned,47.0,47.0,0.0,1.0,0.0,0.0,0.08704062,0.0,0,0,0,0,0
24620,-1,1,2.9752262,0.9514423,1,1,unassigned,9.0,6.0,3.0,0.6666667,0.33333334,0.3333333,0.013539651,0.004513217,1,0,0,1,1
24621,-1,1,-0.6258214,0.34845862,0,1,unassigned,2.0,1.0,1.0,0.5,0.5,0.5,0.0,0.0,1,0,0,0,0
24622,-1,0,1.1575952,0.7608955,1,1,unassigned,8.0,7.0,1.0,0.875,0.125,0.125,0.0116054155,0.0014506769,0,0,0,1,0
24623,-1,0,-0.06100142,0.48475435,0,1,unassigned,5.0,4.0,1.0,0.8,0.2,0.19999999,0.0058027077,0.0011605415,0,0,0,0,0
24624,-1,0,3.9094217,0.9803421,1,1,unassigned,5.0,5.0,0.0,1.0,0.0,0.0,0.0058027077,0.0,0,0,0,1,1
24625,-1,0,-0.83409476,0.30277994,0,1,unassigned,135.0,129.0,6.0,0.95555556,0.044444446,0.04444444,0.25725338,0.011433484,0,0,0,0,0
24626,1,0,0.34943718,0.5864811,1,0,val,21.0,21.0,0.0,1.0,0.0,0.0,0.036750484,0.0,0,0,1,1,0
24627,-1,1,3.0996587,0.95687866,1,1,unassigned,2.0,2.0,0.0,1.0,0.0,0.0,0.0,0.0,1,0,0,1,1
24628,1,0,2.868478,0.94626606,1,0,val,3.0,2.0,1.0,0.6666667,0.33333334,0.3333333,0.001934236,0.00064474536,0,0,1,1,1
24629,-1,0,-0.19300216,0.4518987,0,1,unassigned,8.0,8.0,0.0,1.0,0.0,0.0,0.0116054155,0.0,0,0,0,0,0
24630,-1,0,1.6450732,0.8382241,1,1,unassigned,13.0,11.0,2.0,0.84615386,0.15384616,0.15384614,0.021276595,0.0032733225,0,0,0,1,0
24631,-1,0,2.1011837,0.89101815,1,1,unassigned,10.0,7.0,3.0,0.7,0.3,0.3,0.015473888,0.0046421667,0,0,0,1,0
24632,-1,0,0.8347501,0.6973584,1,1,unassigned,10.0,10.0,0.0,1.0,0.0,0.0,0.015473888,0.0,0,0,0,1,0
24633,-1,0,3.0705726,0.9556624,1,1,unassigned,18.0,18.0,0.0,1.0,0.0,0.0,0.030947777,0.0,0,0,0,1,1
24634,-1,0,3.2964528,0.9643069,1,1,unassigned,2.0,2.0,0.0,1.0,0.0,0.0,0.0,0.0,0,0,0,1,1
24635,-1,0,0.96953803,0.72502744,1,1,unassigned,8.0,6.0,2.0,0.75,0.25,0.25,0.0116054155,0.0029013539,0,0,0,1,0
24636,-1,0,1.2418692,0.77588916,1,1,unassigned,14.0,12.0,2.0,0.85714287,0.14285715,0.14285713,0.023210831,0.0033158332,0,0,0,1,0
24637,-1,0,-0.23096573,0.44251388,0,1,unassigned,2.0,1.0,1.0,0.5,0.5,0.5,0.0,0.0,0,0,0,0,0
24638,-1,0,0.0859589,0.5214765,1,1,unassigned,3.0,3.0,0.0,1.0,0.0,0.0,0.001934236,0.0,0,0,0,1,0
24639,-1,0,0.9505674,0.7212293,1,1,unassigned,21.0,20.0,1.0,0.95238096,0.04761905,0.047619045,0.036750484,0.0017500231,0,0,0,1,0
24640,-1,0,9.028214,0.9998801,1,1,unassigned,2.0,2.0,0.0,1.0,0.0,0.0,0.0,0.0,0,0,0,1,1
24641,-1,0,-0.24374843,0.4393628,0,1,unassigned,17.0,16.0,1.0,0.9411765,0.05882353,0.058823526,0.029013539,0.0017066788,0,0,0,0,0
24642,-1,0,-0.2845537,0.4293377,0,1,unassigned,15.0,14.0,1.0,0.93333334,0.06666667,0.06666666,0.025145067,0.0016763379,0,0,0,0,0
24643,-1,0,1.4809124,0.8147103,1,1,unassigned,19.0,19.0,0.0,1.0,0.0,0.0,0.032882012,0.0,0,0,0,1,0
24644,-1,0,-0.82142574,0.3054611,0,1,unassigned,35.0,35.0,0.0,1.0,0.0,0.0,0.06382979,0.0,0,0,0,0,0
24645,-1,1,-0.3578164,0.41148826,0,1,unassigned,7.0,5.0,2.0,0.71428573,0.2857143,0.28571427,0.00967118,0.0027631943,1,0,0,0,0
24646,-1,0,0.43673676,0.6074812,1,1,unassigned,12.0,12.0,0.0,1.0,0.0,0.0,0.01934236,0.0,0,0,0,1,0
24647,-1,0,4.0694833,0.9832008,1,1,unassigned,3.0,3.0,0.0,1.0,0.0,0.0,0.001934236,0.0,0,0,0,1,1
24648,-1,1,1.1857655,0.76598287,1,1,unassigned,34.0,33.0,1.0,0.9705882,0.029411765,0.029411793,0.061895553,0.0018204574,1,0,0,1,0
24649,-1,1,1.6922381,0.84451824,1,1,unassigned,6.0,6.0,0.0,1.0,0.0,0.0,0.007736944,0.0,1,0,0,1,0
24650,-1,0,2.3670762,0.914282,1,1,unassigned,2.0,2.0,0.0,1.0,0.0,0.0,0.0,0.0,0,0,0,1,1
24651,-1,0,2.16167,0.89675426,1,1,unassigned,7.0,7.0,0.0,1.0,0.0,0.0,0.00967118,0.0,0,0,0,1,0
24652,-1,0,1.791086,0.8570604,1,1,unassigned,7.0,6.0,1.0,0.85714287,0.14285715,0.14285713,0.00967118,0.0013815971,0,0,0,1,0
24653,-1,0,1.5421016,0.82377,1,1,unassigned,6.0,6.0,0.0,1.0,0.0,0.0,0.007736944,0.0,0,0,0,1,0
24654,-1,0,4.3710017,0.98751915,1,1,unassigned,2.0,2.0,0.0,1.0,0.0,0.0,0.0,0.0,0,0,0,1,1
24655,-1,0,4.3710017,0.98751915,1,1,unassigned,2.0,2.0,0.0,1.0,0.0,0.0,0.0,0.0,0,0,0,1,1
24656,-1,0,1.1448786,0.7585742,1,1,unassigned,4.0,4.0,0.0,1.0,0.0,0.0,0.003868472,0.0,0,0,0,1,0
24657,-1,0,3.9403775,0.98092985,1,1,unassigned,2.0,2.0,0.0,1.0,0.0,0.0,0.0,0.0,0,0,0,1,1
24658,-1,0,1.2109549,0.7704679,1,1,unassigned,2.0,2.0,0.0,1.0,0.0,0.0,0.0,0.0,0,0,0,1,0
24659,-1,0,3.5177357,0.9711882,1,1,unassigned,5.0,4.0,1.0,0.8,0.2,0.19999999,0.0058027077,0.0011605415,0,0,0,1,1
24660,0,0,-0.5656826,0.36223364,0,0,unassigned,10.0,10.0,0.0,1.0,0.0,0.0,0.015473888,0.0,0,0,1,0,0
24661,-1,0,-0.4573499,0.38761467,0,1,unassigned,30.0,30.0,0.0,1.0,0.0,0.0,0.054158606,0.0,0,0,0,0,0
24662,-1,0,4.3710017,0.98751915,1,1,unassigned,2.0,2.0,0.0,1.0,0.0,0.0,0.0,0.0,0,0,0,1,1
24663,-1,0,-0.15914372,0.46029785,0,1,unassigned,8.0,8.0,0.0,1.0,0.0,0.0,0.0116054155,0.0,0,0,0,0,0
24664,-1,1,-0.31407613,0.4221201,0,1,unassigned,4.0,4.0,0.0,1.0,0.0,0.0,0.003868472,0.0,1,0,0,0,0
24665,1,1,0.5552612,0.63535535,1,0,train,20.0,20.0,0.0,1.0,0.0,0.0,0.034816246,0.0,1,0,1,1,0
24666,-1,1,-0.44289327,0.39105177,0,1,unassigned,39.0,38.0,1.0,0.974359,0.025641026,0.025641024,0.07156673,0.0018350444,1,0,0,0,0
24667,-1,0,3.126397,0.9579686,1,1,unassigned,8.0,7.0,1.0,0.875,0.125,0.125,0.0116054155,0.0014506769,0,0,0,1,1
24668,-1,0,2.8011906,0.9427401,1,1,unassigned,16.0,16.0,0.0,1.0,0.0,0.0,0.027079303,0.0,0,0,0,1,1
24669,-1,0,14.5777,0.9999995,1,1,unassigned,4.0,4.0,0.0,1.0,0.0,0.0,0.003868472,0.0,0,0,0,1,1
24670,0,0,0.3435207,0.58504546,1,1,unassigned,13.0,13.0,0.0,1.0,0.0,0.0,0.021276595,0.0,0,0,0,1,0
24671,-1,1,0.274346,0.5681595,1,1,unassigned,16.0,15.0,1.0,0.9375,0.0625,0.0625,0.027079303,0.0016924564,1,0,0,1,0
24672,-1,0,10.5243435,0.9999732,1,1,unassigned,4.0,4.0,0.0,1.0,0.0,0.0,0.003868472,0.0,0,0,0,1,1
24673,-1,0,-0.49277097,0.37924102,0,1,unassigned,17.0,17.0,0.0,1.0,0.0,0.0,0.029013539,0.0,0,0,0,0,0
24674,-1,0,-0.62036324,0.34969884,0,1,unassigned,5.0,5.0,0.0,1.0,0.0,0.0,0.0058027077,0.0,0,0,0,0,0
24675,-1,0,-0.8807931,0.29301345,0,1,unassigned,47.0,47.0,0.0,1.0,0.0,0.0,0.08704062,0.0,0,0,0,0,0
24676,-1,0,-0.8529809,0.29880792,0,1,unassigned,20.0,20.0,0.0,1.0,0.0,0.0,0.034816246,0.0,0,0,0,0,0
24677,-1,1,-0.32138658,0.42033786,0,1,unassigned,8.0,8.0,0.0,1.0,0.0,0.0,0.0116054155,0.0,1,0,0,0,0
24678,-1,0,-0.5705088,0.36111942,0,1,unassigned,20.0,19.0,1.0,0.95,0.05,0.050000012,0.034816246,0.0017408123,0,0,0,0,0
24679,-1,0,1.4885304,0.8158576,1,1,unassigned,23.0,23.0,0.0,1.0,0.0,0.0,0.040618956,0.0,0,0,0,1,0
24680,-1,0,4.9748387,0.9931378,1,1,unassigned,2.0,2.0,0.0,1.0,0.0,0.0,0.0,0.0,0,0,0,1,1
24681,1,0,-0.23074779,0.44256765,0,1,unassigned,27.0,27.0,0.0,1.0,0.0,0.0,0.0483559,0.0,0,0,0,0,0
24682,1,0,2.6088002,0.9314258,1,0,test,11.0,11.0,0.0,1.0,0.0,0.0,0.017408123,0.0,0,0,1,1,1
24683,-1,1,-0.05009824,0.48747805,0,1,unassigned,4.0,4.0,0.0,1.0,0.0,0.0,0.003868472,0.0,1,0,0,0,0
24684,-1,0,1.0262563,0.7361895,1,1,unassigned,2.0,2.0,0.0,1.0,0.0,0.0,0.0,0.0,0,0,0,1,0
24685,0,0,-0.37477452,0.40738785,0,0,unassigned,5.0,5.0,0.0,1.0,0.0,0.0,0.0058027077,0.0,0,0,1,0,0
24686,-1,0,3.9270527,0.98067904,1,1,unassigned,3.0,3.0,0.0,1.0,0.0,0.0,0.001934236,0.0,0,0,0,1,1
24687,-1,0,1.1662872,0.7624733,1,1,unassigned,79.0,77.0,2.0,0.9746835,0.025316456,0.025316477,0.14893617,0.003770536,0,0,0,1,0
24688,-1,0,2.3478892,0.9127663,1,1,unassigned,5.0,5.0,0.0,1.0,0.0,0.0,0.0058027077,0.0,0,0,0,1,1
24689,-1,1,0.47142905,0.61572194,1,1,unassigned,15.0,15.0,0.0,1.0,0.0,0.0,0.025145067,0.0,1,0,0,1,0
24690,-1,0,3.945001,0.9810161,1,1,unassigned,2.0,2.0,0.0,1.0,0.0,0.0,0.0,0.0,0,0,0,1,1
24691,-1,0,-0.5446692,0.36710206,0,1,unassigned,34.0,33.0,1.0,0.9705882,0.029411765,0.029411793,0.061895553,0.0018204574,0,0,0,0,0
24692,-1,1,6.9185605,0.99901175,1,1,unassigned,2.0,2.0,0.0,1.0,0.0,0.0,0.0,0.0,1,0,0,1,1
24693,0,0,-0.9086036,0.28728566,0,0,train,24.0,22.0,2.0,0.9166667,0.083333336,0.08333331,0.04255319,0.0035460992,0,0,1,0,0
24694,-1,0,2.838845,0.9447392,1,1,unassigned,43.0,43.0,0.0,1.0,0.0,0.0,0.079303674,0.0,0,0,0,1,1
24695,-1,0,3.4386246,0.96889013,1,1,unassigned,5.0,5.0,0.0,1.0,0.0,0.0,0.0058027077,0.0,0,0,0,1,1
24696,-1,0,3.02404,0.9536484,1,1,unassigned,26.0,25.0,1.0,0.96153843,0.03846154,0.038461566,0.046421662,0.0017854486,0,0,0,1,1
24697,-1,0,0.69769055,0.66767555,1,1,unassigned,2.0,2.0,0.0,1.0,0.0,0.0,0.0,0.0,0,0,0,1,0
24698,-1,0,0.8665891,0.70403546,1,1,unassigned,51.0,46.0,5.0,0.9019608,0.09803922,0.09803921,0.09477756,0.009291918,0,0,0,1,0
24699,-1,1,18.828894,1.0,1,1,unassigned,2.0,2.0,0.0,1.0,0.0,0.0,0.0,0.0,1,0,0,1,1
24700,-1,0,-0.3279365,0.41874278,0,1,unassigned,2.0,2.0,0.0,1.0,0.0,0.0,0.0,0.0,0,0,0,0,0
24701,-1,0,0.28807837,0.5715256,1,1,unassigned,9.0,9.0,0.0,1.0,0.0,0.0,0.013539651,0.0,0,0,0,1,0
24702,-1,0,1.3457153,0.79342824,1,1,unassigned,4.0,4.0,0.0,1.0,0.0,0.0,0.003868472,0.0,0,0,0,1,0
24703,-1,0,-0.1123575,0.47194016,0,1,unassigned,5.0,5.0,0.0,1.0,0.0,0.0,0.0058027077,0.0,0,0,0,0,0
24704,-1,0,-0.96171504,0.27653491,0,1,unassigned,14.0,14.0,0.0,1.0,0.0,0.0,0.023210831,0.0,0,0,0,0,0
24705,-1,0,-0.88916314,0.29128256,0,1,unassigned,11.0,11.0,0.0,1.0,0.0,0.0,0.017408123,0.0,0,0,0,0,0
24706,-1,0,1.6219609,0.8350654,1,1,unassigned,9.0,7.0,2.0,0.7777778,0.22222222,0.22222221,0.013539651,0.0030088115,0,0,0,1,0
24707,-1,0,1.147603,0.75907284,1,1,unassigned,14.0,14.0,0.0,1.0,0.0,0.0,0.023210831,0.0,0,0,0,1,0
24708,-1,0,-0.41469306,0.39778733,0,1,unassigned,17.0,17.0,0.0,1.0,0.0,0.0,0.029013539,0.0,0,0,0,0,0
24709,-1,0,1.3698077,0.79734904,1,1,unassigned,5.0,5.0,0.0,1.0,0.0,0.0,0.0058027077,0.0,0,0,0,1,0
24710,-1,0,-0.52445465,0.3718112,0,1,unassigned,2.0,1.0,1.0,0.5,0.5,0.5,0.0,0.0,0,0,0,0,0
24711,-1,0,0.06806582,0.5170099,1,1,unassigned,23.0,23.0,0.0,1.0,0.0,0.0,0.040618956,0.0,0,0,0,1,0
24712,-1,0,-0.61583,0.35073045,0,1,unassigned,20.0,20.0,0.0,1.0,0.0,0.0,0.034816246,0.0,0,0,0,0,0
24713,-1,1,4.4832053,0.9888291,1,1,unassigned,6.0,5.0,1.0,0.8333333,0.16666667,0.16666669,0.007736944,0.0012894907,1,0,0,1,1
24714,-1,1,-0.87887836,0.29341027,0,1,unassigned,65.0,64.0,1.0,0.9846154,0.015384615,0.0153846145,0.12185687,0.001874721,1,0,0,0,0
24715,0,0,-0.055298746,0.48617887,0,0,val,3.0,3.0,0.0,1.0,0.0,0.0,0.001934236,0.0,0,0,1,0,0
24716,-1,1,2.919531,0.9488035,1,1,unassigned,3.0,1.0,2.0,0.33333334,0.6666667,0.6666666,0.001934236,0.0012894907,1,0,0,1,1
24717,1,0,10.753206,0.99997866,1,0,val,2.0,2.0,0.0,1.0,0.0,0.0,0.0,0.0,0,0,1,1,1
24718,-1,0,-0.8690043,0.29546154,0,1,unassigned,9.0,9.0,0.0,1.0,0.0,0.0,0.013539651,0.0,0,0,0,0,0
24719,-1,0,-0.49737328,0.37815815,0,1,unassigned,24.0,24.0,0.0,1.0,0.0,0.0,0.04255319,0.0,0,0,0,0,0
24720,-1,0,0.14030963,0.53502,1,1,unassigned,2.0,2.0,0.0,1.0,0.0,0.0,0.0,0.0,0,0,0,1,0
24721,0,0,-0.4868843,0.38062784,0,0,unassigned,22.0,22.0,0.0,1.0,0.0,0.0,0.03868472,0.0,0,0,1,0,0
24722,-1,0,0.40570623,0.60005784,1,1,unassigned,9.0,9.0,0.0,1.0,0.0,0.0,0.013539651,0.0,0,0,0,1,0
24723,0,1,-0.845018,0.30047897,0,0,unassigned,39.0,38.0,1.0,0.974359,0.025641026,0.025641024,0.07156673,0.0018350444,1,0,1,0,0
24724,-1,0,4.5367055,0.9894049,1,1,unassigned,2.0,2.0,0.0,1.0,0.0,0.0,0.0,0.0,0,0,0,1,1
24725,-1,0,-0.5918669,0.35620663,0,1,unassigned,44.0,44.0,0.0,1.0,0.0,0.0,0.08123791,0.0,0,0,0,0,0
24726,1,0,0.5840989,0.64201003,1,0,unassigned,44.0,44.0,0.0,1.0,0.0,0.0,0.08123791,0.0,0,0,1,1,0
24727,-1,1,-0.5693665,0.36138302,0,1,unassigned,49.0,48.0,1.0,0.97959185,0.020408163,0.020408154,0.09090909,0.0018552876,1,0,0,0,0
24728,-1,0,6.843738,0.99893504,1,1,unassigned,2.0,2.0,0.0,1.0,0.0,0.0,0.0,0.0,0,0,0,1,1
24729,-1,0,-0.63983095,0.34528476,0,1,unassigned,2.0,2.0,0.0,1.0,0.0,0.0,0.0,0.0,0,0,0,0,0
24730,-1,0,1.7010105,0.84566665,1,1,unassigned,5.0,5.0,0.0,1.0,0.0,0.0,0.0058027077,0.0,0,0,0,1,0
24731,-1,0,-0.72800684,0.32563227,0,1,unassigned,39.0,34.0,5.0,0.8717949,0.12820514,0.12820512,0.07156673,0.009175222,0,0,0,0,0
24732,-1,0,-0.48040423,0.38215667,0,1,unassigned,16.0,16.0,0.0,1.0,0.0,0.0,0.027079303,0.0,0,0,0,0,0
24733,-1,0,0.27509493,0.5683433,1,1,unassigned,2.0,2.0,0.0,1.0,0.0,0.0,0.0,0.0,0,0,0,1,0
24734,1,1,0.0503065,0.51257396,1,0,test,7.0,7.0,0.0,1.0,0.0,0.0,0.00967118,0.0,1,0,1,1,0
24735,-1,1,0.12724656,0.5317688,1,1,unassigned,14.0,14.0,0.0,1.0,0.0,0.0,0.023210831,0.0,1,0,0,1,0
24736,1,1,-0.23425862,0.4417017,0,1,val,13.0,12.0,1.0,0.9230769,0.07692308,0.07692307,0.021276595,0.0016366612,1,0,0,0,0
24737,-1,1,-0.46353438,0.3861477,0,1,unassigned,6.0,6.0,0.0,1.0,0.0,0.0,0.007736944,0.0,1,0,0,0,0
24738,-1,1,2.6180046,0.9320113,1,1,unassigned,16.0,10.0,6.0,0.625,0.375,0.375,0.027079303,0.010154739,1,0,0,1,1
24739,-1,1,-0.20549494,0.4488063,0,1,unassigned,9.0,9.0,0.0,1.0,0.0,0.0,0.013539651,0.0,1,0,0,0,0
24740,-1,0,3.2024896,0.96092784,1,1,unassigned,2.0,2.0,0.0,1.0,0.0,0.0,0.0,0.0,0,0,0,1,1
24741,-1,0,-0.51427114,0.3741928,0,1,unassigned,2.0,2.0,0.0,1.0,0.0,0.0,0.0,0.0,0,0,0,0,0
24742,-1,1,0.10221106,0.5255306,1,1,unassigned,13.0,11.0,2.0,0.84615386,0.15384616,0.15384614,0.021276595,0.0032733225,1,0,0,1,0
24743,-1,0,7.5065923,0.99945086,1,1,unassigned,4.0,4.0,0.0,1.0,0.0,0.0,0.003868472,0.0,0,0,0,1,1
24744,-1,0,-0.58362156,0.3580997,0,1,unassigned,3.0,2.0,1.0,0.6666667,0.33333334,0.3333333,0.001934236,0.00064474536,0,0,0,0,0
24745,-1,1,0.8329733,0.6969832,1,1,unassigned,32.0,28.0,4.0,0.875,0.125,0.125,0.058027077,0.0072533847,1,0,0,1,0
24746,-1,0,0.17773402,0.5443169,1,1,unassigned,37.0,36.0,1.0,0.972973,0.027027028,0.02702701,0.06769826,0.0018296828,0,0,0,1,0
24747,-1,0,-0.68559104,0.33501458,0,1,unassigned,20.0,19.0,1.0,0.95,0.05,0.050000012,0.034816246,0.0017408123,0,0,0,0,0
24748,-1,0,-0.54645675,0.36668685,0,1,unassigned,33.0,33.0,0.0,1.0,0.0,0.0,0.059961315,0.0,0,0,0,0,0
24749,-1,0,1.0613492,0.74294823,1,1,unassigned,2.0,2.0,0.0,1.0,0.0,0.0,0.0,0.0,0,0,0,1,0
24750,-1,0,-0.8130552,0.30723983,0,1,unassigned,92.0,88.0,4.0,0.95652175,0.04347826,0.04347825,0.17408124,0.0075687496,0,0,0,0,0
24751,-1,1,3.020155,0.95347637,1,1,unassigned,7.0,5.0,2.0,0.71428573,0.2857143,0.28571427,0.00967118,0.0027631943,1,0,0,1,1
24752,-1,0,6.843738,0.99893504,1,1,unassigned,2.0,2.0,0.0,1.0,0.0,0.0,0.0,0.0,0,0,0,1,1
24753,-1,1,-0.72636044,0.32599393,0,1,unassigned,8.0,8.0,0.0,1.0,0.0,0.0,0.0116054155,0.0,1,0,0,0,0
24754,1,0,0.64107615,0.6549967,1,0,unassigned,58.0,54.0,4.0,0.9310345,0.06896552,0.068965495,0.10831721,0.0074701523,0,0,1,1,0
24755,-1,1,0.66119665,0.65952915,1,1,unassigned,2.0,1.0,1.0,0.5,0.5,0.5,0.0,0.0,1,0,0,1,0
24756,-1,1,-0.1856789,0.4537132,0,1,unassigned,15.0,15.0,0.0,1.0,0.0,0.0,0.025145067,0.0,1,0,0,0,0
24757,1,1,0.005522847,0.50138074,1,0,unassigned,21.0,20.0,1.0,0.95238096,0.04761905,0.047619045,0.036750484,0.0017500231,1,0,1,1,0
24758,-1,1,0.050122857,0.5125281,1,1,unassigned,13.0,12.0,1.0,0.9230769,0.07692308,0.07692307,0.021276595,0.0016366612,1,0,0,1,0
24759,-1,1,-0.5101678,0.37515417,0,1,unassigned,17.0,17.0,0.0,1.0,0.0,0.0,0.029013539,0.0,1,0,0,0,0
24760,-1,0,1.6045749,0.83265686,1,1,unassigned,2.0,1.0,1.0,0.5,0.5,0.5,0.0,0.0,0,0,0,1,0
24761,-1,0,3.4821084,0.9701744,1,1,unassigned,3.0,3.0,0.0,1.0,0.0,0.0,0.001934236,0.0,0,0,0,1,1
24762,-1,1,4.3312974,0.98702025,1,1,unassigned,3.0,2.0,1.0,0.6666667,0.33333334,0.3333333,0.001934236,0.00064474536,1,0,0,1,1
24763,-1,0,4.020381,0.98237026,1,1,unassigned,2.0,1.0,1.0,0.5,0.5,0.5,0.0,0.0,0,0,0,1,1
24764,-1,0,6.7050133,0.99877673,1,1,unassigned,2.0,2.0,0.0,1.0,0.0,0.0,0.0,0.0,0,0,0,1,1
24765,-1,1,4.09641,0.9836398,1,1,unassigned,4.0,4.0,0.0,1.0,0.0,0.0,0.003868472,0.0,1,0,0,1,1
24766,-1,0,-0.759854,0.31867796,0,1,unassigned,101.0,98.0,3.0,0.97029704,0.02970297,0.029702961,0.19148937,0.005687803,0,0,0,0,0
24767,-1,0,6.843738,0.99893504,1,1,unassigned,2.0,2.0,0.0,1.0,0.0,0.0,0.0,0.0,0,0,0,1,1
24768,-1,0,2.6836882,0.9360572,1,1,unassigned,28.0,26.0,2.0,0.9285714,0.071428575,0.0714286,0.050290134,0.0035921526,0,0,0,1,1
24769,-1,1,-0.052731693,0.48682013,0,1,unassigned,28.0,27.0,1.0,0.96428573,0.035714287,0.03571427,0.050290134,0.0017960763,1,0,0,0,0
24770,-1,0,3.4073632,0.96793383,1,1,unassigned,3.0,2.0,1.0,0.6666667,0.33333334,0.3333333,0.001934236,0.00064474536,0,0,0,1,1
24771,-1,1,1.5560884,0.82579136,1,1,unassigned,3.0,3.0,0.0,1.0,0.0,0.0,0.001934236,0.0,1,0,0,1,0
24772,-1,0,-0.69234276,0.33351213,0,1,unassigned,15.0,15.0,0.0,1.0,0.0,0.0,0.025145067,0.0,0,0,0,0,0
24773,-1,1,-0.5130004,0.37449044,0,1,unassigned,10.0,10.0,0.0,1.0,0.0,0.0,0.015473888,0.0,1,0,0,0,0
24774,1,1,0.14208585,0.53546184,1,0,test,25.0,22.0,3.0,0.88,0.12,0.120000005,0.044487428,0.0053384914,1,0,1,1,0
24775,-1,0,6.843738,0.99893504,1,1,unassigned,2.0,2.0,0.0,1.0,0.0,0.0,0.0,0.0,0,0,0,1,1
24776,1,0,-0.060679913,0.4848347,0,1,unassigned,2.0,2.0,0.0,1.0,0.0,0.0,0.0,0.0,0,0,0,0,0
24777,-1,1,5.517322,0.99599946,1,1,unassigned,2.0,2.0,0.0,1.0,0.0,0.0,0.0,0.0,1,0,0,1,1
24778,-1,0,0.85456496,0.7015239,1,1,unassigned,2.0,2.0,0.0,1.0,0.0,0.0,0.0,0.0,0,0,0,1,0
24779,-1,0,7.567632,0.99948335,1,1,unassigned,3.0,3.0,0.0,1.0,0.0,0.0,0.001934236,0.0,0,0,0,1,1
24780,-1,0,7.4681516,0.9994293,1,1,unassigned,4.0,3.0,1.0,0.75,0.25,0.25,0.003868472,0.000967118,0,0,0,1,1
24781,1,0,5.3627915,0.9953341,1,0,unassigned,3.0,3.0,0.0,1.0,0.0,0.0,0.001934236,0.0,0,0,1,1,1
24782,-1,0,6.8308063,0.99892116,1,1,unassigned,2.0,2.0,0.0,1.0,0.0,0.0,0.0,0.0,0,0,0,1,1
24783,-1,0,6.843738,0.99893504,1,1,unassigned,2.0,2.0,0.0,1.0,0.0,0.0,0.0,0.0,0,0,0,1,1
24784,-1,0,0.71376806,0.6712332,1,1,unassigned,11.0,11.0,0.0,1.0,0.0,0.0,0.017408123,0.0,0,0,0,1,0
24785,-1,1,5.0962644,0.9939176,1,1,unassigned,4.0,4.0,0.0,1.0,0.0,0.0,0.003868472,0.0,1,0,0,1,1
24786,0,1,1.0876992,0.7479482,1,1,test,12.0,11.0,1.0,0.9166667,0.083333336,0.08333331,0.01934236,0.0016118633,1,0,0,1,0
24787,-1,0,1.1464887,0.75886893,1,1,unassigned,3.0,3.0,0.0,1.0,0.0,0.0,0.001934236,0.0,0,0,0,1,0
24788,-1,1,-0.23831558,0.44070148,0,1,unassigned,13.0,13.0,0.0,1.0,0.0,0.0,0.021276595,0.0,1,0,0,0,0
24789,-1,1,-0.3185649,0.42102554,0,1,unassigned,57.0,55.0,2.0,0.9649123,0.03508772,0.035087705,0.10638298,0.0037327362,1,0,0,0,0
24790,-1,1,-0.6643839,0.33975554,0,1,unassigned,22.0,22.0,0.0,1.0,0.0,0.0,0.03868472,0.0,1,0,0,0,0
24791,-1,0,-0.28900665,0.42824706,0,1,unassigned,2.0,2.0,0.0,1.0,0.0,0.0,0.0,0.0,0,0,0,0,0
24792,-1,0,-0.14534175,0.46372837,0,1,unassigned,40.0,40.0,0.0,1.0,0.0,0.0,0.07350097,0.0,0,0,0,0,0
24793,1,0,0.2592786,0.5644589,1,0,val,23.0,23.0,0.0,1.0,0.0,0.0,0.040618956,0.0,0,0,1,1,0
24794,-1,0,6.843738,0.99893504,1,1,unassigned,2.0,2.0,0.0,1.0,0.0,0.0,0.0,0.0,0,0,0,1,1
24795,-1,0,3.7934878,0.9779789,1,1,unassigned,7.0,4.0,3.0,0.5714286,0.42857143,0.4285714,0.00967118,0.0041447915,0,0,0,1,1
24796,-1,1,4.0267253,0.9824798,1,1,unassigned,2.0,2.0,0.0,1.0,0.0,0.0,0.0,0.0,1,0,0,1,1
24797,-1,0,6.584627,0.9986205,1,1,unassigned,2.0,2.0,0.0,1.0,0.0,0.0,0.0,0.0,0,0,0,1,1
24798,-1,0,5.7098975,0.9966979,1,1,unassigned,2.0,2.0,0.0,1.0,0.0,0.0,0.0,0.0,0,0,0,1,1
24799,-1,0,5.172091,0.9943593,1,1,unassigned,3.0,3.0,0.0,1.0,0.0,0.0,0.001934236,0.0,0,0,0,1,1
24800,-1,1,0.14726359,0.53674954,1,1,unassigned,2.0,2.0,0.0,1.0,0.0,0.0,0.0,0.0,1,0,0,1,0
24801,-1,1,-0.80970633,0.3079531,0,1,unassigned,22.0,22.0,0.0,1.0,0.0,0.0,0.03868472,0.0,1,0,0,0,0
24802,1,1,-0.8487533,0.29969445,0,1,val,13.0,13.0,0.0,1.0,0.0,0.0,0.021276595,0.0,1,0,0,0,0
24803,-1,1,-0.7782912,0.3146883,0,1,unassigned,23.0,23.0,0.0,1.0,0.0,0.0,0.040618956,0.0,1,0,0,0,0
24804,1,1,3.0411687,0.95439976,1,0,val,18.0,18.0,0.0,1.0,0.0,0.0,0.030947777,0.0,1,0,1,1,1
24805,-1,0,6.843738,0.99893504,1,1,unassigned,2.0,2.0,0.0,1.0,0.0,0.0,0.0,0.0,0,0,0,1,1
24806,-1,0,6.843738,0.99893504,1,1,unassigned,2.0,2.0,0.0,1.0,0.0,0.0,0.0,0.0,0,0,0,1,1
24807,-1,1,5.469839,0.99580574,1,1,unassigned,3.0,3.0,0.0,1.0,0.0,0.0,0.001934236,0.0,1,0,0,1,1
24808,-1,0,6.843738,0.99893504,1,1,unassigned,2.0,2.0,0.0,1.0,0.0,0.0,0.0,0.0,0,0,0,1,1
24809,-1,0,7.526194,0.9994615,1,1,unassigned,3.0,3.0,0.0,1.0,0.0,0.0,0.001934236,0.0,0,0,0,1,1
24810,-1,0,6.843738,0.99893504,1,1,unassigned,2.0,2.0,0.0,1.0,0.0,0.0,0.0,0.0,0,0,0,1,1
24811,-1,0,7.091441,0.9991685,1,1,unassigned,3.0,3.0,0.0,1.0,0.0,0.0,0.001934236,0.0,0,0,0,1,1
24812,-1,0,6.584627,0.9986205,1,1,unassigned,2.0,2.0,0.0,1.0,0.0,0.0,0.0,0.0,0,0,0,1,1
24813,-1,0,6.8351636,0.99892586,1,1,unassigned,2.0,2.0,0.0,1.0,0.0,0.0,0.0,0.0,0,0,0,1,1
24814,-1,0,3.8650777,0.97946906,1,1,unassigned,4.0,4.0,0.0,1.0,0.0,0.0,0.003868472,0.0,0,0,0,1,1
24815,-1,0,-0.19065478,0.4524802,0,1,unassigned,26.0,26.0,0.0,1.0,0.0,0.0,0.046421662,0.0,0,0,0,0,0
24816,-1,0,4.5114503,0.9891368,1,1,unassigned,15.0,13.0,2.0,0.8666667,0.13333334,0.13333333,0.025145067,0.0033526758,0,0,0,1,1
24817,-1,0,4.1856294,0.9850153,1,1,unassigned,17.0,17.0,0.0,1.0,0.0,0.0,0.029013539,0.0,0,0,0,1,1
24818,-1,0,0.33471537,0.58290625,1,1,unassigned,14.0,14.0,0.0,1.0,0.0,0.0,0.023210831,0.0,0,0,0,1,0
24819,-1,0,4.8606353,0.99231404,1,1,unassigned,3.0,3.0,0.0,1.0,0.0,0.0,0.001934236,0.0,0,0,0,1,1
24820,-1,0,6.843738,0.99893504,1,1,unassigned,2.0,2.0,0.0,1.0,0.0,0.0,0.0,0.0,0,0,0,1,1
24821,-1,0,7.351542,0.99935883,1,1,unassigned,2.0,2.0,0.0,1.0,0.0,0.0,0.0,0.0,0,0,0,1,1
24822,-1,0,6.7050133,0.99877673,1,1,unassigned,2.0,2.0,0.0,1.0,0.0,0.0,0.0,0.0,0,0,0,1,1
24823,-1,0,3.7872756,0.9778447,1,1,unassigned,2.0,2.0,0.0,1.0,0.0,0.0,0.0,0.0,0,0,0,1,1
24824,0,0,-0.12617546,0.46849793,0,0,test,38.0,38.0,0.0,1.0,0.0,0.0,0.06963249,0.0,0,0,1,0,0
24825,-1,0,6.843738,0.99893504,1,1,unassigned,2.0,2.0,0.0,1.0,0.0,0.0,0.0,0.0,0,0,0,1,1
24826,-1,0,6.843738,0.99893504,1,1,unassigned,2.0,2.0,0.0,1.0,0.0,0.0,0.0,0.0,0,0,0,1,1
24827,-1,0,5.1716957,0.99435705,1,1,unassigned,2.0,2.0,0.0,1.0,0.0,0.0,0.0,0.0,0,0,0,1,1
24828,-1,0,-0.42399243,0.3955618,0,1,unassigned,48.0,48.0,0.0,1.0,0.0,0.0,0.088974856,0.0,0,0,0,0,0
24829,1,0,0.20530629,0.55114704,1,0,unassigned,12.0,9.0,3.0,0.75,0.25,0.25,0.01934236,0.00483559,0,0,1,1,0
24830,-1,0,2.1900642,0.8993537,1,1,unassigned,10.0,10.0,0.0,1.0,0.0,0.0,0.015473888,0.0,0,0,0,1,0
24831,-1,0,6.843738,0.99893504,1,1,unassigned,2.0,2.0,0.0,1.0,0.0,0.0,0.0,0.0,0,0,0,1,1
24832,-1,0,4.0614386,0.98306745,1,1,unassigned,6.0,5.0,1.0,0.8333333,0.16666667,0.16666669,0.007736944,0.0012894907,0,0,0,1,1
24833,-1,0,0.6905566,0.6660907,1,1,unassigned,2.0,2.0,0.0,1.0,0.0,0.0,0.0,0.0,0,0,0,1,0
24834,-1,0,6.584627,0.9986205,1,1,unassigned,2.0,2.0,0.0,1.0,0.0,0.0,0.0,0.0,0,0,0,1,1
24835,-1,0,6.843738,0.99893504,1,1,unassigned,2.0,2.0,0.0,1.0,0.0,0.0,0.0,0.0,0,0,0,1,1
24836,-1,0,5.8125806,0.9970193,1,1,unassigned,3.0,3.0,0.0,1.0,0.0,0.0,0.001934236,0.0,0,0,0,1,1
24837,-1,0,0.21994752,0.5547663,1,1,unassigned,10.0,10.0,0.0,1.0,0.0,0.0,0.015473888,0.0,0,0,0,1,0
24838,-1,0,3.943496,0.98098814,1,1,unassigned,3.0,3.0,0.0,1.0,0.0,0.0,0.001934236,0.0,0,0,0,1,1
24839,-1,0,6.843738,0.99893504,1,1,unassigned,2.0,2.0,0.0,1.0,0.0,0.0,0.0,0.0,0,0,0,1,1
24840,-1,0,6.843738,0.99893504,1,1,unassigned,2.0,2.0,0.0,1.0,0.0,0.0,0.0,0.0,0,0,0,1,1
24841,-1,0,6.7050133,0.99877673,1,1,unassigned,2.0,2.0,0.0,1.0,0.0,0.0,0.0,0.0,0,0,0,1,1
24842,0,0,-0.021726966,0.49456847,0,0,unassigned,67.0,67.0,0.0,1.0,0.0,0.0,0.12572534,0.0,0,0,1,0,0
24843,-1,0,4.5611873,0.9896584,1,1,unassigned,6.0,5.0,1.0,0.8333333,0.16666667,0.16666669,0.007736944,0.0012894907,0,0,0,1,1
24844,1,0,4.5764008,0.989813,1,0,test,2.0,2.0,0.0,1.0,0.0,0.0,0.0,0.0,0,0,1,1,1
24845,-1,0,-0.6059225,0.35298988,0,1,unassigned,11.0,11.0,0.0,1.0,0.0,0.0,0.017408123,0.0,0,0,0,0,0
24846,-1,0,0.9820412,0.727513,1,1,unassigned,32.0,30.0,2.0,0.9375,0.0625,0.0625,0.058027077,0.0036266923,0,0,0,1,0
24847,1,0,-0.3622674,0.4104108,0,1,test,58.0,55.0,3.0,0.94827586,0.05172414,0.051724136,0.10831721,0.0056026145,0,0,0,0,0
24848,-1,0,7.838925,0.9996061,1,1,unassigned,3.0,3.0,0.0,1.0,0.0,0.0,0.001934236,0.0,0,0,0,1,1
24849,-1,0,5.6106725,0.9963547,1,1,unassigned,3.0,3.0,0.0,1.0,0.0,0.0,0.001934236,0.0,0,0,0,1,1
24850,-1,0,0.10035229,0.52506703,1,1,unassigned,7.0,6.0,1.0,0.85714287,0.14285715,0.14285713,0.00967118,0.0013815971,0,0,0,1,0
24851,-1,0,4.358867,0.98736876,1,1,unassigned,3.0,3.0,0.0,1.0,0.0,0.0,0.001934236,0.0,0,0,0,1,1
24852,-1,0,6.7050133,0.99877673,1,1,unassigned,2.0,2.0,0.0,1.0,0.0,0.0,0.0,0.0,0,0,0,1,1
24853,-1,0,6.843738,0.99893504,1,1,unassigned,2.0,2.0,0.0,1.0,0.0,0.0,0.0,0.0,0,0,0,1,1
24854,-1,0,6.7050133,0.99877673,1,1,unassigned,2.0,2.0,0.0,1.0,0.0,0.0,0.0,0.0,0,0,0,1,1
24855,-1,0,7.351542,0.99935883,1,1,unassigned,2.0,2.0,0.0,1.0,0.0,0.0,0.0,0.0,0,0,0,1,1
24856,-1,0,6.843738,0.99893504,1,1,unassigned,2.0,2.0,0.0,1.0,0.0,0.0,0.0,0.0,0,0,0,1,1
24857,-1,0,-0.49788964,0.37803674,0,1,unassigned,3.0,3.0,0.0,1.0,0.0,0.0,0.001934236,0.0,0,0,0,0,0
24858,-1,0,3.4195197,0.968309,1,1,unassigned,4.0,4.0,0.0,1.0,0.0,0.0,0.003868472,0.0,0,0,0,1,1
24859,-1,0,6.8669505,0.9989594,1,1,unassigned,3.0,3.0,0.0,1.0,0.0,0.0,0.001934236,0.0,0,0,0,1,1
24860,-1,0,0.90958863,0.712916,1,1,unassigned,7.0,5.0,2.0,0.71428573,0.2857143,0.28571427,0.00967118,0.0027631943,0,0,0,1,0
24861,-1,0,-0.31668773,0.4214832,0,1,unassigned,10.0,9.0,1.0,0.9,0.1,0.100000024,0.015473888,0.0015473888,0,0,0,0,0
24862,-1,0,-0.84485817,0.30051258,0,1,unassigned,21.0,20.0,1.0,0.95238096,0.04761905,0.047619045,0.036750484,0.0017500231,0,0,0,0,0
24863,0,0,-0.3791434,0.40633354,0,0,unassigned,18.0,17.0,1.0,0.9444444,0.055555556,0.055555582,0.030947777,0.0017193209,0,0,1,0,0
24864,-1,0,2.4502518,0.92057985,1,1,unassigned,8.0,8.0,0.0,1.0,0.0,0.0,0.0116054155,0.0,0,0,0,1,1
24865,0,1,-0.5025855,0.37693328,0,0,unassigned,91.0,82.0,9.0,0.9010989,0.0989011,0.09890109,0.172147,0.017025528,1,0,1,0,0
24866,1,1,-0.17891258,0.45539078,0,1,test,21.0,20.0,1.0,0.95238096,0.04761905,0.047619045,0.036750484,0.0017500231,1,0,0,0,0
24867,-1,0,-0.15708768,0.4608086,0,1,unassigned,16.0,16.0,0.0,1.0,0.0,0.0,0.027079303,0.0,0,0,0,0,0
24868,-1,0,1.49809,0.8172894,1,1,unassigned,2.0,2.0,0.0,1.0,0.0,0.0,0.0,0.0,0,0,0,1,0
24869,-1,0,8.130899,0.99970573,1,1,unassigned,34.0,29.0,5.0,0.85294116,0.14705883,0.14705884,0.061895553,0.009102288,0,0,0,1,1
24870,-1,0,-0.66554546,0.339495,0,1,unassigned,26.0,26.0,0.0,1.0,0.0,0.0,0.046421662,0.0,0,0,0,0,0
24871,-1,0,-0.07666844,0.48084223,0,1,unassigned,6.0,6.0,0.0,1.0,0.0,0.0,0.007736944,0.0,0,0,0,0,0
24872,-1,0,3.9684522,0.981448,1,1,unassigned,13.0,13.0,0.0,1.0,0.0,0.0,0.021276595,0.0,0,0,0,1,1
24873,-1,0,-0.5407773,0.36800677,0,1,unassigned,23.0,22.0,1.0,0.95652175,0.04347826,0.04347825,0.040618956,0.0017660416,0,0,0,0,0
24874,0,0,-0.074564636,0.48136747,0,0,unassigned,18.0,18.0,0.0,1.0,0.0,0.0,0.030947777,0.0,0,0,1,0,0
24875,0,0,-0.6134617,0.35126996,0,0,unassigned,9.0,7.0,2.0,0.7777778,0.22222222,0.22222221,0.013539651,0.0030088115,0,0,1,0,0
24876,-1,0,3.4350588,0.9687825,1,1,unassigned,2.0,2.0,0.0,1.0,0.0,0.0,0.0,0.0,0,0,0,1,1
24877,-1,1,0.34080446,0.58438593,1,1,unassigned,52.0,52.0,0.0,1.0,0.0,0.0,0.0967118,0.0,1,0,0,1,0
24878,-1,1,-0.2828461,0.42975616,0,1,unassigned,45.0,42.0,3.0,0.93333334,0.06666667,0.06666666,0.08317215,0.00554481,1,0,0,0,0
24879,-1,0,5.232247,0.99468684,1,1,unassigned,23.0,21.0,2.0,0.9130435,0.08695652,0.0869565,0.040618956,0.0035320832,0,0,0,1,1
24880,-1,1,4.383062,0.98766696,1,1,unassigned,38.0,19.0,19.0,0.5,0.5,0.5,0.06963249,0.034816246,1,0,0,1,1
24881,-1,1,6.8653064,0.99895775,1,1,unassigned,47.0,40.0,7.0,0.85106385,0.14893617,0.14893615,0.08704062,0.012963496,1,0,0,1,1
24882,-1,1,3.5306485,0.97154737,1,1,unassigned,11.0,10.0,1.0,0.90909094,0.09090909,0.090909064,0.017408123,0.0015825568,1,0,0,1,1
24883,-1,0,3.370818,0.96678,1,1,unassigned,22.0,21.0,1.0,0.95454544,0.045454547,0.04545456,0.03868472,0.0017583964,0,0,0,1,1
24884,-1,0,3.4040854,0.96783197,1,1,unassigned,8.0,8.0,0.0,1.0,0.0,0.0,0.0116054155,0.0,0,0,0,1,1
24885,-1,1,5.38677,0.9954442,1,1,unassigned,53.0,48.0,5.0,0.9056604,0.094339624,0.09433961,0.09864604,0.00930623,1,0,0,1,1
24886,-1,0,6.1158214,0.99779725,1,1,unassigned,9.0,9.0,0.0,1.0,0.0,0.0,0.013539651,0.0,0,0,0,1,1
24887,0,0,-0.101933,0.47453877,0,0,unassigned,19.0,18.0,1.0,0.94736844,0.05263158,0.052631557,0.032882012,0.0017306323,0,0,1,0,0
24888,-1,0,1.3667793,0.7968593,1,1,unassigned,3.0,3.0,0.0,1.0,0.0,0.0,0.001934236,0.0,0,0,0,1,0
24889,-1,0,0.7847385,0.68670046,1,1,unassigned,6.0,6.0,0.0,1.0,0.0,0.0,0.007736944,0.0,0,0,0,1,0
24890,-1,0,1.7419286,0.8509319,1,1,unassigned,11.0,9.0,2.0,0.8181818,0.18181819,0.18181819,0.017408123,0.0031651135,0,0,0,1,0
24891,0,0,0.1480915,0.53695536,1,1,val,12.0,11.0,1.0,0.9166667,0.083333336,0.08333331,0.01934236,0.0016118633,0,0,0,1,0
24892,-1,0,2.3136313,0.90999967,1,1,unassigned,5.0,4.0,1.0,0.8,0.2,0.19999999,0.0058027077,0.0011605415,0,0,0,1,1
24893,0,0,-0.22402406,0.44422707,0,0,test,3.0,3.0,0.0,1.0,0.0,0.0,0.001934236,0.0,0,0,1,0,0
24894,-1,0,-0.5613538,0.36323428,0,1,unassigned,7.0,6.0,1.0,0.85714287,0.14285715,0.14285713,0.00967118,0.0013815971,0,0,0,0,0
24895,-1,0,-0.15953672,0.4602002,0,1,unassigned,12.0,11.0,1.0,0.9166667,0.083333336,0.08333331,0.01934236,0.0016118633,0,0,0,0,0
24896,-1,0,-0.2642411,0.43432146,0,1,unassigned,10.0,10.0,0.0,1.0,0.0,0.0,0.015473888,0.0,0,0,0,0,0
24897,-1,0,3.6720722,0.97520655,1,1,unassigned,12.0,12.0,0.0,1.0,0.0,0.0,0.01934236,0.0,0,0,0,1,1
24898,-1,0,10.659773,0.9999765,1,1,unassigned,3.0,3.0,0.0,1.0,0.0,0.0,0.001934236,0.0,0,0,0,1,1
24899,-1,1,4.7137113,0.9911083,1,1,unassigned,13.0,12.0,1.0,0.9230769,0.07692308,0.07692307,0.021276595,0.0016366612,1,0,0,1,1
24900,-1,0,6.221852,0.9980184,1,1,unassigned,12.0,12.0,0.0,1.0,0.0,0.0,0.01934236,0.0,0,0,0,1,1
24901,-1,0,0.44928414,0.61046904,1,1,unassigned,5.0,5.0,0.0,1.0,0.0,0.0,0.0058027077,0.0,0,0,0,1,0
24902,-1,0,7.2562985,0.99929476,1,1,unassigned,3.0,3.0,0.0,1.0,0.0,0.0,0.001934236,0.0,0,0,0,1,1
24903,-1,0,2.4759295,0.92243713,1,1,unassigned,2.0,2.0,0.0,1.0,0.0,0.0,0.0,0.0,0,0,0,1,1
24904,-1,0,0.7523745,0.67969584,1,1,unassigned,14.0,12.0,2.0,0.85714287,0.14285715,0.14285713,0.023210831,0.0033158332,0,0,0,1,0
24905,-1,0,1.211065,0.77048737,1,1,unassigned,8.0,7.0,1.0,0.875,0.125,0.125,0.0116054155,0.0014506769,0,0,0,1,0
24906,-1,0,0.21648628,0.55391115,1,1,unassigned,18.0,16.0,2.0,0.8888889,0.11111111,0.111111104,0.030947777,0.0034386418,0,0,0,1,0
24907,-1,0,1.2550979,0.778181,1,1,unassigned,11.0,8.0,3.0,0.72727275,0.27272728,0.27272725,0.017408123,0.00474767,0,0,0,1,0
24908,1,0,-0.34783816,0.41390672,0,1,unassigned,7.0,6.0,1.0,0.85714287,0.14285715,0.14285713,0.00967118,0.0013815971,0,0,0,0,0
24909,-1,0,-0.66220737,0.34024394,0,1,unassigned,5.0,5.0,0.0,1.0,0.0,0.0,0.0058027077,0.0,0,0,0,0,0
24910,-1,0,1.0740314,0.7453628,1,1,unassigned,10.0,9.0,1.0,0.9,0.1,0.100000024,0.015473888,0.0015473888,0,0,0,1,0
24911,-1,0,3.3872635,0.96730405,1,1,unassigned,21.0,18.0,3.0,0.85714287,0.14285715,0.14285713,0.036750484,0.0052500693,0,0,0,1,1
24912,-1,0,14.529301,0.9999995,1,1,unassigned,2.0,2.0,0.0,1.0,0.0,0.0,0.0,0.0,0,0,0,1,1
24913,1,0,-0.9151417,0.28594884,0,1,val,46.0,46.0,0.0,1.0,0.0,0.0,0.08510638,0.0,0,0,0,0,0
24914,0,0,-0.92909,0.28310937,0,0,unassigned,54.0,53.0,1.0,0.9814815,0.018518519,0.018518507,0.10058027,0.0018625975,0,0,1,0,0
24915,-1,0,-0.49221414,0.37937212,0,1,unassigned,23.0,23.0,0.0,1.0,0.0,0.0,0.040618956,0.0,0,0,0,0,0
24916,0,0,0.11793244,0.529449,1,1,test,13.0,13.0,0.0,1.0,0.0,0.0,0.021276595,0.0,0,0,0,1,0
24917,-1,0,2.5201988,0.92554575,1,1,unassigned,6.0,6.0,0.0,1.0,0.0,0.0,0.007736944,0.0,0,0,0,1,1
24918,0,0,-0.9423946,0.2804169,0,0,test,37.0,37.0,0.0,1.0,0.0,0.0,0.06769826,0.0,0,0,1,0,0
24919,-1,0,-0.9593438,0.2770096,0,1,unassigned,50.0,50.0,0.0,1.0,0.0,0.0,0.092843324,0.0,0,0,0,0,0
24920,1,0,3.6644866,0.9750225,1,0,test,20.0,19.0,1.0,0.95,0.05,0.050000012,0.034816246,0.0017408123,0,0,1,1,1
24921,-1,0,1.5184383,0.8203084,1,1,unassigned,32.0,30.0,2.0,0.9375,0.0625,0.0625,0.058027077,0.0036266923,0,0,0,1,0
24922,-1,0,1.6311607,0.83632857,1,1,unassigned,5.0,5.0,0.0,1.0,0.0,0.0,0.0058027077,0.0,0,0,0,1,0
24923,-1,1,8.895686,0.999863,1,1,unassigned,22.0,20.0,2.0,0.90909094,0.09090909,0.090909064,0.03868472,0.0035167928,1,0,0,1,1
24924,0,0,-0.26764345,0.43348575,0,0,unassigned,19.0,19.0,0.0,1.0,0.0,0.0,0.032882012,0.0,0,0,1,0,0
24925,-1,0,4.6039996,0.99008757,1,1,unassigned,3.0,3.0,0.0,1.0,0.0,0.0,0.001934236,0.0,0,0,0,1,1
24926,-1,0,2.7623923,0.94060946,1,1,unassigned,9.0,8.0,1.0,0.8888889,0.11111111,0.111111104,0.013539651,0.0015044058,0,0,0,1,1
24927,-1,1,5.2427983,0.9947423,1,1,unassigned,2.0,2.0,0.0,1.0,0.0,0.0,0.0,0.0,1,0,0,1,1
24928,-1,0,-0.22440138,0.44413388,0,1,unassigned,11.0,10.0,1.0,0.90909094,0.09090909,0.090909064,0.017408123,0.0015825568,0,0,0,0,0
24929,-1,0,11.620975,0.99999106,1,1,unassigned,2.0,1.0,1.0,0.5,0.5,0.5,0.0,0.0,0,0,0,1,1
24930,1,0,4.9844327,0.9932028,1,0,unassigned,7.0,6.0,1.0,0.85714287,0.14285715,0.14285713,0.00967118,0.0013815971,0,0,1,1,1
24931,-1,0,-0.578691,0.35923383,0,1,unassigned,2.0,1.0,1.0,0.5,0.5,0.5,0.0,0.0,0,0,0,0,0
24932,-1,0,-0.6245267,0.34875265,0,1,unassigned,7.0,5.0,2.0,0.71428573,0.2857143,0.28571427,0.00967118,0.0027631943,0,0,0,0,0
24933,-1,1,-0.5672754,0.36186573,0,1,unassigned,133.0,129.0,4.0,0.9699248,0.030075189,0.030075192,0.25338492,0.007620599,1,0,0,0,0
24934,-1,1,0.17279834,0.5430924,1,1,unassigned,17.0,17.0,0.0,1.0,0.0,0.0,0.029013539,0.0,1,0,0,1,0
24935,-1,0,-1.069455,0.25550672,0,1,unassigned,3.0,3.0,0.0,1.0,0.0,0.0,0.001934236,0.0,0,0,0,0,0
24936,-1,1,-0.73042464,0.32510152,0,1,unassigned,3.0,2.0,1.0,0.6666667,0.33333334,0.3333333,0.001934236,0.00064474536,1,0,0,0,0
24937,-1,1,-0.52853346,0.370859,0,1,unassigned,48.0,48.0,0.0,1.0,0.0,0.0,0.088974856,0.0,1,0,0,0,0
24938,-1,0,6.653217,0.9987118,1,1,unassigned,4.0,4.0,0.0,1.0,0.0,0.0,0.003868472,0.0,0,0,0,1,1
24939,-1,0,-0.3518045,0.41294494,0,1,unassigned,5.0,5.0,0.0,1.0,0.0,0.0,0.0058027077,0.0,0,0,0,0,0
24940,-1,0,-0.81960773,0.30584693,0,1,unassigned,44.0,44.0,0.0,1.0,0.0,0.0,0.08123791,0.0,0,0,0,0,0
24941,-1,1,-0.20537871,0.44883502,0,1,unassigned,26.0,24.0,2.0,0.9230769,0.07692308,0.07692307,0.046421662,0.0035708973,1,0,0,0,0
24942,-1,0,2.6034167,0.9310811,1,1,unassigned,44.0,42.0,2.0,0.95454544,0.045454547,0.04545456,0.08123791,0.0036926325,0,0,0,1,1
24943,1,1,2.1343772,0.8941999,1,0,unassigned,25.0,24.0,1.0,0.96,0.04,0.04000002,0.044487428,0.001779497,1,0,1,1,0
24944,-1,1,1.6421432,0.8378263,1,1,unassigned,8.0,7.0,1.0,0.875,0.125,0.125,0.0116054155,0.0014506769,1,0,0,1,0
24945,-1,1,0.4540463,0.6116008,1,1,unassigned,7.0,6.0,1.0,0.85714287,0.14285715,0.14285713,0.00967118,0.0013815971,1,0,0,1,0
24946,-1,1,-0.8707465,0.295099,0,1,unassigned,33.0,31.0,2.0,0.93939394,0.060606062,0.060606062,0.059961315,0.0036340193,1,0,0,0,0
24947,-1,0,2.851433,0.9453928,1,1,unassigned,42.0,39.0,3.0,0.9285714,0.071428575,0.0714286,0.07736944,0.0055263885,0,0,0,1,1
24948,1,1,7.0705047,0.9991509,1,0,train,61.0,58.0,3.0,0.9508197,0.04918033,0.04918033,0.114119925,0.0056124553,1,0,1,1,1
24949,-1,1,4.94546,0.99293464,1,1,unassigned,57.0,45.0,12.0,0.7894737,0.21052632,0.21052629,0.10638298,0.022396417,1,0,0,1,1
24950,1,0,2.8895009,0.94732493,1,0,unassigned,2.0,1.0,1.0,0.5,0.5,0.5,0.0,0.0,0,0,1,1,1
24951,-1,1,1.6970603,0.8451504,1,1,unassigned,48.0,47.0,1.0,0.9791667,0.020833334,0.020833313,0.088974856,0.0018536429,1,0,0,1,0
24952,-1,0,-0.35259977,0.41275212,0,1,unassigned,7.0,7.0,0.0,1.0,0.0,0.0,0.00967118,0.0,0,0,0,0,0
24953,-1,0,0.85113806,0.70080584,1,1,unassigned,15.0,15.0,0.0,1.0,0.0,0.0,0.025145067,0.0,0,0,0,1,0
24954,-1,0,-0.2941733,0.4269825,0,1,unassigned,19.0,19.0,0.0,1.0,0.0,0.0,0.032882012,0.0,0,0,0,0,0
24955,-1,0,-0.04731512,0.48817343,0,1,unassigned,15.0,14.0,1.0,0.93333334,0.06666667,0.06666666,0.025145067,0.0016763379,0,0,0,0,0
24956,0,0,0.755202,0.68031114,1,1,unassigned,8.0,8.0,0.0,1.0,0.0,0.0,0.0116054155,0.0,0,0,0,1,0
24957,-1,1,1.96997,0.8776079,1,1,unassigned,29.0,29.0,0.0,1.0,0.0,0.0,0.05222437,0.0,1,0,0,1,0
24958,-1,0,-0.32739228,0.41887528,0,1,unassigned,90.0,87.0,3.0,0.96666664,0.033333335,0.03333336,0.17021276,0.005673759,0,0,0,0,0
24959,-1,1,-0.84631324,0.3002068,0,1,unassigned,34.0,33.0,1.0,0.9705882,0.029411765,0.029411793,0.061895553,0.0018204574,1,0,0,0,0
24960,-1,0,3.177649,0.9599844,1,1,unassigned,12.0,9.0,3.0,0.75,0.25,0.25,0.01934236,0.00483559,0,0,0,1,1
24961,-1,1,-0.52735525,0.37113392,0,1,unassigned,39.0,39.0,0.0,1.0,0.0,0.0,0.07156673,0.0,1,0,0,0,0
24962,-1,1,-0.76874876,0.31674984,0,1,unassigned,47.0,47.0,0.0,1.0,0.0,0.0,0.08704062,0.0,1,0,0,0,0
24963,-1,1,3.2677808,0.96330684,1,1,unassigned,20.0,20.0,0.0,1.0,0.0,0.0,0.034816246,0.0,1,0,0,1,1
24964,-1,1,1.3591609,0.7956233,1,1,unassigned,2.0,2.0,0.0,1.0,0.0,0.0,0.0,0.0,1,0,0,1,0
24965,1,0,2.7328794,0.93893915,1,0,test,4.0,4.0,0.0,1.0,0.0,0.0,0.003868472,0.0,0,0,1,1,1
24966,-1,1,5.3793178,0.99541014,1,1,unassigned,13.0,10.0,3.0,0.7692308,0.23076923,0.23076922,0.021276595,0.0049099834,1,0,0,1,1
24967,-1,0,-0.8580204,0.2977531,0,1,unassigned,3.0,3.0,0.0,1.0,0.0,0.0,0.001934236,0.0,0,0,0,0,0
24968,-1,0,4.305368,0.9866838,1,1,unassigned,2.0,2.0,0.0,1.0,0.0,0.0,0.0,0.0,0,0,0,1,1
24969,-1,0,-0.92670155,0.28359437,0,1,unassigned,47.0,47.0,0.0,1.0,0.0,0.0,0.08704062,0.0,0,0,0,0,0
24970,-1,0,-0.29949862,0.42568007,0,1,unassigned,4.0,4.0,0.0,1.0,0.0,0.0,0.003868472,0.0,0,0,0,0,0
24971,-1,0,-0.624109,0.3488475,0,1,unassigned,45.0,45.0,0.0,1.0,0.0,0.0,0.08317215,0.0,0,0,0,0,0
24972,0,0,-0.9629296,0.27629203,0,0,test,28.0,28.0,0.0,1.0,0.0,0.0,0.050290134,0.0,0,0,1,0,0
24973,-1,0,1.3106356,0.78761953,1,1,unassigned,23.0,21.0,2.0,0.9130435,0.08695652,0.0869565,0.040618956,0.0035320832,0,0,0,1,0
24974,-1,0,0.5128624,0.62547725,1,1,unassigned,4.0,4.0,0.0,1.0,0.0,0.0,0.003868472,0.0,0,0,0,1,0
24975,-1,0,-0.28438595,0.42937884,0,1,unassigned,7.0,7.0,0.0,1.0,0.0,0.0,0.00967118,0.0,0,0,0,0,0
24976,-1,0,-0.67200667,0.33804765,0,1,unassigned,15.0,15.0,0.0,1.0,0.0,0.0,0.025145067,0.0,0,0,0,0,0
24977,-1,0,1.6849117,0.84355384,1,1,unassigned,34.0,34.0,0.0,1.0,0.0,0.0,0.061895553,0.0,0,0,0,1,0
24978,0,0,-0.66293913,0.34007967,0,0,unassigned,16.0,16.0,0.0,1.0,0.0,0.0,0.027079303,0.0,0,0,1,0,0
24979,-1,1,3.5555665,0.9722281,1,1,unassigned,2.0,2.0,0.0,1.0,0.0,0.0,0.0,0.0,1,0,0,1,1
24980,1,0,-0.6109748,0.35183686,0,1,unassigned,14.0,13.0,1.0,0.9285714,0.071428575,0.0714286,0.023210831,0.0016579166,0,0,0,0,0
24981,1,0,6.9194303,0.9990126,1,0,unassigned,2.0,2.0,0.0,1.0,0.0,0.0,0.0,0.0,0,0,1,1,1
24982,-1,0,8.2514305,0.9997392,1,1,unassigned,15.0,8.0,7.0,0.53333336,0.46666667,0.46666664,0.025145067,0.011734365,0,0,0,1,1
24983,-1,1,8.3045435,0.9997527,1,1,unassigned,13.0,12.0,1.0,0.9230769,0.07692308,0.07692307,0.021276595,0.0016366612,1,0,0,1,1
24984,-1,0,6.20908,0.997993,1,1,unassigned,6.0,4.0,2.0,0.6666667,0.33333334,0.3333333,0.007736944,0.0025789815,0,0,0,1,1
24985,-1,0,3.356543,0.96631837,1,1,unassigned,15.0,15.0,0.0,1.0,0.0,0.0,0.025145067,0.0,0,0,0,1,1
24986,-1,0,-0.61219287,0.35155916,0,1,unassigned,10.0,10.0,0.0,1.0,0.0,0.0,0.015473888,0.0,0,0,0,0,0
24987,-1,0,0.03390497,0.5084754,1,1,unassigned,46.0,44.0,2.0,0.95652175,0.04347826,0.04347825,0.08510638,0.0037002775,0,0,0,1,0
24988,1,0,0.16162473,0.5403184,1,0,test,3.0,3.0,0.0,1.0,0.0,0.0,0.001934236,0.0,0,0,1,1,0
24989,-1,1,4.836574,0.99212825,1,1,unassigned,10.0,8.0,2.0,0.8,0.2,0.19999999,0.015473888,0.0030947777,1,0,0,1,1
24990,-1,0,-0.7249379,0.32630655,0,1,unassigned,48.0,48.0,0.0,1.0,0.0,0.0,0.088974856,0.0,0,0,0,0,0
24991,-1,1,-0.28819564,0.42844567,0,1,unassigned,2.0,2.0,0.0,1.0,0.0,0.0,0.0,0.0,1,0,0,0,0
24992,-1,1,7.908979,0.9996327,1,1,unassigned,2.0,2.0,0.0,1.0,0.0,0.0,0.0,0.0,1,0,0,1,1
24993,-1,0,0.25385684,0.56312555,1,1,unassigned,19.0,19.0,0.0,1.0,0.0,0.0,0.032882012,0.0,0,0,0,1,0
24994,0,0,0.50972944,0.62474304,1,1,test,7.0,7.0,0.0,1.0,0.0,0.0,0.00967118,0.0,0,0,0,1,0
24995,-1,1,-0.40467823,0.40018883,0,1,unassigned,5.0,5.0,0.0,1.0,0.0,0.0,0.0058027077,0.0,1,0,0,0,0
24996,0,0,-0.6708752,0.3383009,0,0,val,23.0,22.0,1.0,0.95652175,0.04347826,0.04347825,0.040618956,0.0017660416,0,0,1,0,0
24997,-1,0,-0.781098,0.31408328,0,1,unassigned,18.0,18.0,0.0,1.0,0.0,0.0,0.030947777,0.0,0,0,0,0,0
24998,0,0,0.9542598,0.7219711,1,1,unassigned,11.0,10.0,1.0,0.90909094,0.09090909,0.090909064,0.017408123,0.0015825568,0,0,0,1,0
24999,-1,0,3.4880593,0.9703461,1,1,unassigned,5.0,5.0,0.0,1.0,0.0,0.0,0.0058027077,0.0,0,0,0,1,1
25000,-1,1,1.1223474,0.75442386,1,1,unassigned,5.0,5.0,0.0,1.0,0.0,0.0,0.0058027077,0.0,1,0,0,1,0
25001,-1,0,5.209888,0.9945674,1,1,unassigned,6.0,6.0,0.0,1.0,0.0,0.0,0.007736944,0.0,0,0,0,1,1
25002,0,1,-0.6108266,0.35187066,0,0,val,28.0,19.0,9.0,0.6785714,0.32142857,0.3214286,0.050290134,0.016164687,1,0,1,0,0
25003,-1,0,-0.4743099,0.38359663,0,1,unassigned,46.0,46.0,0.0,1.0,0.0,0.0,0.08510638,0.0,0,0,0,0,0
25004,0,1,-0.3543923,0.41231772,0,0,val,14.0,14.0,0.0,1.0,0.0,0.0,0.023210831,0.0,1,0,1,0,0
25005,-1,0,-0.33693212,0.41655487,0,1,unassigned,17.0,17.0,0.0,1.0,0.0,0.0,0.029013539,0.0,0,0,0,0,0
25006,-1,0,-0.29481933,0.42682445,0,1,unassigned,17.0,17.0,0.0,1.0,0.0,0.0,0.029013539,0.0,0,0,0,0,0
25007,-1,0,2.709004,0.9375559,1,1,unassigned,4.0,4.0,0.0,1.0,0.0,0.0,0.003868472,0.0,0,0,0,1,1
25008,-1,0,20.505121,1.0,1,1,unassigned,93.0,93.0,0.0,1.0,0.0,0.0,0.17601547,0.0,0,0,0,1,1
25009,-1,0,7.9921556,0.99966204,1,1,unassigned,8.0,8.0,0.0,1.0,0.0,0.0,0.0116054155,0.0,0,0,0,1,1
25010,-1,0,4.7414913,0.9913498,1,1,unassigned,2.0,2.0,0.0,1.0,0.0,0.0,0.0,0.0,0,0,0,1,1
25011,-1,0,-0.56276655,0.3629076,0,1,unassigned,35.0,35.0,0.0,1.0,0.0,0.0,0.06382979,0.0,0,0,0,0,0
25012,-1,0,0.18952209,0.5472392,1,1,unassigned,26.0,26.0,0.0,1.0,0.0,0.0,0.046421662,0.0,0,0,0,1,0
25013,-1,0,5.120981,0.9940653,1,1,unassigned,9.0,8.0,1.0,0.8888889,0.11111111,0.111111104,0.013539651,0.0015044058,0,0,0,1,1
25014,-1,0,1.4109964,0.80392313,1,1,unassigned,4.0,4.0,0.0,1.0,0.0,0.0,0.003868472,0.0,0,0,0,1,0
25015,-1,0,0.28858405,0.57164943,1,1,unassigned,3.0,3.0,0.0,1.0,0.0,0.0,0.001934236,0.0,0,0,0,1,0
25016,-1,0,2.3707488,0.9145694,1,1,unassigned,16.0,16.0,0.0,1.0,0.0,0.0,0.027079303,0.0,0,0,0,1,1
25017,1,0,-0.5539418,0.36495036,0,1,val,41.0,41.0,0.0,1.0,0.0,0.0,0.07543521,0.0,0,0,0,0,0
25018,-1,1,-1.0261326,0.26383457,0,1,unassigned,2.0,2.0,0.0,1.0,0.0,0.0,0.0,0.0,1,0,0,0,0
25019,1,0,7.477755,0.99943477,1,0,train,5.0,4.0,1.0,0.8,0.2,0.19999999,0.0058027077,0.0011605415,0,0,1,1,1
25020,-1,0,0.95324475,0.72176725,1,1,unassigned,3.0,3.0,0.0,1.0,0.0,0.0,0.001934236,0.0,0,0,0,1,0
25021,-1,1,8.602264,0.99981636,1,1,unassigned,5.0,5.0,0.0,1.0,0.0,0.0,0.0058027077,0.0,1,0,0,1,1
25022,1,0,3.5199711,0.9712507,1,0,unassigned,4.0,4.0,0.0,1.0,0.0,0.0,0.003868472,0.0,0,0,1,1,1
25023,-1,0,4.0636706,0.9831045,1,1,unassigned,5.0,5.0,0.0,1.0,0.0,0.0,0.0058027077,0.0,0,0,0,1,1
25024,1,0,2.8607485,0.9458716,1,0,val,6.0,6.0,0.0,1.0,0.0,0.0,0.007736944,0.0,0,0,1,1,1
25025,-1,0,9.328247,0.99991107,1,1,unassigned,26.0,24.0,2.0,0.9230769,0.07692308,0.07692307,0.046421662,0.0035708973,0,0,0,1,1
25026,-1,0,1.3838058,0.7996015,1,1,unassigned,8.0,8.0,0.0,1.0,0.0,0.0,0.0116054155,0.0,0,0,0,1,0
25027,-1,0,-0.2847386,0.42929244,0,1,unassigned,3.0,3.0,0.0,1.0,0.0,0.0,0.001934236,0.0,0,0,0,0,0
25028,-1,0,3.9913685,0.98186064,1,1,unassigned,8.0,8.0,0.0,1.0,0.0,0.0,0.0116054155,0.0,0,0,0,1,1
25029,-1,0,-0.28685284,0.4287745,0,1,unassigned,22.0,22.0,0.0,1.0,0.0,0.0,0.03868472,0.0,0,0,0,0,0
25030,-1,0,1.6616085,0.8404538,1,1,unassigned,19.0,17.0,2.0,0.8947368,0.10526316,0.10526317,0.032882012,0.0034612645,0,0,0,1,0
25031,-1,0,-0.7957985,0.31092498,0,1,unassigned,104.0,101.0,3.0,0.97115386,0.028846154,0.028846145,0.19729207,0.0056911176,0,0,0,0,0
25032,-1,0,2.8206203,0.94377995,1,1,unassigned,4.0,4.0,0.0,1.0,0.0,0.0,0.003868472,0.0,0,0,0,1,1
25033,-1,0,-0.94432765,0.280027,0,1,unassigned,39.0,39.0,0.0,1.0,0.0,0.0,0.07156673,0.0,0,0,0,0,0
25034,-1,0,2.395826,0.9165085,1,1,unassigned,21.0,21.0,0.0,1.0,0.0,0.0,0.036750484,0.0,0,0,0,1,1
25035,-1,0,-0.022515595,0.49437135,0,1,unassigned,28.0,28.0,0.0,1.0,0.0,0.0,0.050290134,0.0,0,0,0,0,0
25036,-1,0,-0.09196228,0.47702563,0,1,unassigned,5.0,5.0,0.0,1.0,0.0,0.0,0.0058027077,0.0,0,0,0,0,0
25037,-1,0,4.358481,0.9873639,1,1,unassigned,12.0,12.0,0.0,1.0,0.0,0.0,0.01934236,0.0,0,0,0,1,1
25038,-1,0,2.9585023,0.9506638,1,1,unassigned,3.0,3.0,0.0,1.0,0.0,0.0,0.001934236,0.0,0,0,0,1,1
25039,0,1,-0.10660815,0.47337317,0,0,val,10.0,7.0,3.0,0.7,0.3,0.3,0.015473888,0.0046421667,1,0,1,0,0
25040,1,0,3.0160182,0.9532925,1,0,val,7.0,7.0,0.0,1.0,0.0,0.0,0.00967118,0.0,0,0,1,1,1
25041,-1,1,2.9592052,0.95069677,1,1,unassigned,10.0,8.0,2.0,0.8,0.2,0.19999999,0.015473888,0.0030947777,1,0,0,1,1
25042,-1,0,5.675188,0.99658173,1,1,unassigned,5.0,5.0,0.0,1.0,0.0,0.0,0.0058027077,0.0,0,0,0,1,1
25043,-1,1,-0.21658248,0.44606504,0,1,unassigned,12.0,12.0,0.0,1.0,0.0,0.0,0.01934236,0.0,1,0,0,0,0
25044,-1,1,5.7956786,0.99696857,1,1,unassigned,19.0,14.0,5.0,0.7368421,0.2631579,0.2631579,0.032882012,0.008653161,1,0,0,1,1
25045,-1,0,7.6953254,0.9995453,1,1,unassigned,2.0,2.0,0.0,1.0,0.0,0.0,0.0,0.0,0,0,0,1,1
25046,-1,1,-0.4102466,0.39885297,0,1,unassigned,120.0,116.0,4.0,0.96666664,0.033333335,0.03333336,0.22823985,0.0076079955,1,0,0,0,0
25047,-1,0,-0.66575414,0.3394482,0,1,unassigned,33.0,31.0,2.0,0.93939394,0.060606062,0.060606062,0.059961315,0.0036340193,0,0,0,0,0
25048,-1,1,-0.290641,0.4278469,0,1,unassigned,74.0,70.0,4.0,0.9459459,0.054054055,0.05405408,0.13926499,0.007527837,1,0,0,0,0
25049,-1,0,-0.6543011,0.34202093,0,1,unassigned,78.0,48.0,30.0,0.61538464,0.3846154,0.38461536,0.14700194,0.056539208,0,0,0,0,0
25050,-1,0,2.9989874,0.9525284,1,1,unassigned,11.0,9.0,2.0,0.8181818,0.18181819,0.18181819,0.017408123,0.0031651135,0,0,0,1,1
25051,-1,1,0.35711843,0.5883427,1,1,unassigned,7.0,7.0,0.0,1.0,0.0,0.0,0.00967118,0.0,1,0,0,1,0
25052,-1,1,0.2926581,0.57264674,1,1,unassigned,34.0,31.0,3.0,0.9117647,0.0882353,0.08823532,0.061895553,0.0054613724,1,0,0,1,0
25053,-1,1,-0.45851412,0.38733837,0,1,unassigned,70.0,69.0,1.0,0.98571426,0.014285714,0.014285743,0.13152805,0.0018789722,1,0,0,0,0
25054,-1,1,5.176102,0.9943817,1,1,unassigned,27.0,27.0,0.0,1.0,0.0,0.0,0.0483559,0.0,1,0,0,1,1
25055,-1,1,-0.12095627,0.46979773,0,1,unassigned,12.0,11.0,1.0,0.9166667,0.083333336,0.08333331,0.01934236,0.0016118633,1,0,0,0,0
25056,-1,1,-0.052548647,0.48686585,0,1,unassigned,35.0,35.0,0.0,1.0,0.0,0.0,0.06382979,0.0,1,0,0,0,0
25057,-1,1,0.35657376,0.58821076,1,1,unassigned,2.0,1.0,1.0,0.5,0.5,0.5,0.0,0.0,1,0,0,1,0
25058,-1,1,-0.6164523,0.35058877,0,1,unassigned,4.0,2.0,2.0,0.5,0.5,0.5,0.003868472,0.001934236,1,0,0,0,0
25059,-1,0,-0.98736656,0.27143255,0,1,unassigned,4.0,4.0,0.0,1.0,0.0,0.0,0.003868472,0.0,0,0,0,0,0
25060,-1,0,-0.65552765,0.341745,0,1,unassigned,24.0,24.0,0.0,1.0,0.0,0.0,0.04255319,0.0,0,0,0,0,0
25061,-1,0,-0.42612082,0.39505303,0,1,unassigned,4.0,4.0,0.0,1.0,0.0,0.0,0.003868472,0.0,0,0,0,0,0
25062,-1,0,-0.9875045,0.27140525,0,1,unassigned,46.0,45.0,1.0,0.9782609,0.02173913,0.021739125,0.08510638,0.0018501388,0,0,0,0,0
25063,-1,0,-0.9925527,0.27040815,0,1,unassigned,48.0,48.0,0.0,1.0,0.0,0.0,0.088974856,0.0,0,0,0,0,0
25064,-1,0,-0.7236721,0.32658488,0,1,unassigned,25.0,25.0,0.0,1.0,0.0,0.0,0.044487428,0.0,0,0,0,0,0
25065,-1,0,-0.30665788,0.42393073,0,1,unassigned,12.0,12.0,0.0,1.0,0.0,0.0,0.01934236,0.0,0,0,0,0,0
25066,-1,1,-0.2731249,0.43214008,0,1,unassigned,12.0,12.0,0.0,1.0,0.0,0.0,0.01934236,0.0,1,0,0,0,0
25067,-1,0,0.72628003,0.6739884,1,1,unassigned,6.0,6.0,0.0,1.0,0.0,0.0,0.007736944,0.0,0,0,0,1,0
25068,-1,0,10.97909,0.99998295,1,1,unassigned,2.0,2.0,0.0,1.0,0.0,0.0,0.0,0.0,0,0,0,1,1
25069,1,0,-0.28092617,0.4302267,0,1,test,8.0,8.0,0.0,1.0,0.0,0.0,0.0116054155,0.0,0,0,0,0,0
25070,1,0,-0.29753488,0.42616025,0,1,val,10.0,10.0,0.0,1.0,0.0,0.0,0.015473888,0.0,0,0,0,0,0
25071,-1,0,1.4148421,0.80452853,1,1,unassigned,2.0,2.0,0.0,1.0,0.0,0.0,0.0,0.0,0,0,0,1,0
25072,-1,0,2.0437791,0.8853175,1,1,unassigned,34.0,33.0,1.0,0.9705882,0.029411765,0.029411793,0.061895553,0.0018204574,0,0,0,1,0
25073,1,0,1.616005,0.8342434,1,0,test,9.0,9.0,0.0,1.0,0.0,0.0,0.013539651,0.0,0,0,1,1,0
25074,-1,1,4.9766273,0.99314994,1,1,unassigned,6.0,6.0,0.0,1.0,0.0,0.0,0.007736944,0.0,1,0,0,1,1
25075,-1,0,12.194696,0.999995,1,1,unassigned,10.0,9.0,1.0,0.9,0.1,0.100000024,0.015473888,0.0015473888,0,0,0,1,1
25076,-1,0,-0.33110553,0.41797167,0,1,unassigned,17.0,17.0,0.0,1.0,0.0,0.0,0.029013539,0.0,0,0,0,0,0
25077,0,0,-0.6947679,0.33297327,0,0,val,37.0,36.0,1.0,0.972973,0.027027028,0.02702701,0.06769826,0.0018296828,0,0,1,0,0
25078,-1,0,-0.4228717,0.39582977,0,1,unassigned,39.0,39.0,0.0,1.0,0.0,0.0,0.07156673,0.0,0,0,0,0,0
25079,-1,0,1.7198627,0.84811115,1,1,unassigned,5.0,3.0,2.0,0.6,0.4,0.39999998,0.0058027077,0.002321083,0,0,0,1,0
25080,-1,0,-0.7917612,0.31179062,0,1,unassigned,35.0,35.0,0.0,1.0,0.0,0.0,0.06382979,0.0,0,0,0,0,0
25081,-1,1,9.787143,0.99994385,1,1,unassigned,5.0,4.0,1.0,0.8,0.2,0.19999999,0.0058027077,0.0011605415,1,0,0,1,1
25082,-1,0,5.3449636,0.9952506,1,1,unassigned,18.0,16.0,2.0,0.8888889,0.11111111,0.111111104,0.030947777,0.0034386418,0,0,0,1,1
25083,-1,1,2.6965172,0.9368208,1,1,unassigned,2.0,2.0,0.0,1.0,0.0,0.0,0.0,0.0,1,0,0,1,1
25084,-1,0,-0.22615582,0.44370085,0,1,unassigned,9.0,9.0,0.0,1.0,0.0,0.0,0.013539651,0.0,0,0,0,0,0
25085,-1,0,0.5025185,0.623051,1,1,unassigned,54.0,54.0,0.0,1.0,0.0,0.0,0.10058027,0.0,0,0,0,1,0
25086,-1,1,7.1617723,0.9992249,1,1,unassigned,2.0,2.0,0.0,1.0,0.0,0.0,0.0,0.0,1,0,0,1,1
25087,-1,1,-0.30332866,0.42474395,0,1,unassigned,60.0,59.0,1.0,0.98333335,0.016666668,0.01666665,0.11218569,0.0018697615,1,0,0,0,0
25088,-1,1,-0.404864,0.40014428,0,1,unassigned,65.0,57.0,8.0,0.8769231,0.12307692,0.123076916,0.12185687,0.014997768,1,0,0,0,0
25089,-1,1,-0.42368406,0.39563555,0,1,unassigned,17.0,15.0,2.0,0.88235295,0.11764706,0.11764705,0.029013539,0.0034133575,1,0,0,0,0
25090,-1,1,-0.31695968,0.42141688,0,1,unassigned,96.0,94.0,2.0,0.9791667,0.020833334,0.020833313,0.18181819,0.003787879,1,0,0,0,0
25091,0,1,-0.53102285,0.37027836,0,0,val,14.0,11.0,3.0,0.78571427,0.21428572,0.21428573,0.023210831,0.0049737496,1,0,1,0,0
25092,-1,1,-0.3167554,0.42146668,0,1,unassigned,7.0,4.0,3.0,0.5714286,0.42857143,0.4285714,0.00967118,0.0041447915,1,0,0,0,0
25093,0,1,-0.1767143,0.455936,0,0,unassigned,24.0,23.0,1.0,0.9583333,0.041666668,0.041666687,0.04255319,0.0017730496,1,0,1,0,0
25094,1,1,0.061335623,0.51532906,1,0,unassigned,36.0,35.0,1.0,0.9722222,0.027777778,0.027777791,0.065764025,0.0018267785,1,0,1,1,0
25095,0,1,-0.38642907,0.40457723,0,0,unassigned,93.0,93.0,0.0,1.0,0.0,0.0,0.17601547,0.0,1,0,1,0,0
25096,-1,0,1.0713189,0.7448476,1,1,unassigned,2.0,1.0,1.0,0.5,0.5,0.5,0.0,0.0,0,0,0,1,0
25097,-1,1,-0.38472438,0.40498796,0,1,unassigned,43.0,42.0,1.0,0.9767442,0.023255814,0.023255825,0.079303674,0.0018442714,1,0,0,0,0
25098,0,1,-0.37773257,0.4066739,0,0,test,40.0,39.0,1.0,0.975,0.025,0.024999976,0.07350097,0.0018375242,1,0,1,0,0
25099,-1,0,-0.26708987,0.43362167,0,1,unassigned,22.0,22.0,0.0,1.0,0.0,0.0,0.03868472,0.0,0,0,0,0,0
25100,-1,0,-0.92618084,0.28370017,0,1,unassigned,10.0,10.0,0.0,1.0,0.0,0.0,0.015473888,0.0,0,0,0,0,0
25101,-1,0,-0.57588077,0.35988095,0,1,unassigned,36.0,35.0,1.0,0.9722222,0.027777778,0.027777791,0.065764025,0.0018267785,0,0,0,0,0
25102,-1,0,2.7025359,0.9371761,1,1,unassigned,6.0,6.0,0.0,1.0,0.0,0.0,0.007736944,0.0,0,0,0,1,1
25103,-1,0,1.9453862,0.87494266,1,1,unassigned,3.0,3.0,0.0,1.0,0.0,0.0,0.001934236,0.0,0,0,0,1,0
25104,-1,0,4.226306,0.98560405,1,1,unassigned,7.0,7.0,0.0,1.0,0.0,0.0,0.00967118,0.0,0,0,0,1,1
25105,-1,0,3.3609436,0.96646136,1,1,unassigned,2.0,2.0,0.0,1.0,0.0,0.0,0.0,0.0,0,0,0,1,1
25106,-1,0,-0.94458663,0.2799748,0,1,unassigned,5.0,5.0,0.0,1.0,0.0,0.0,0.0058027077,0.0,0,0,0,0,0
25107,-1,0,2.4495306,0.9205271,1,1,unassigned,3.0,3.0,0.0,1.0,0.0,0.0,0.001934236,0.0,0,0,0,1,1
25108,0,0,-3.2022607,0.03908073,0,0,test,2.0,2.0,0.0,1.0,0.0,0.0,0.0,0.0,0,0,1,0,1
25109,-1,0,-0.13938206,0.46521077,0,1,unassigned,2.0,2.0,0.0,1.0,0.0,0.0,0.0,0.0,0,0,0,0,0
25110,-1,0,-0.50668126,0.37597182,0,1,unassigned,18.0,18.0,0.0,1.0,0.0,0.0,0.030947777,0.0,0,0,0,0,0
25111,0,0,-0.97820187,0.27324873,0,0,val,27.0,25.0,2.0,0.9259259,0.074074075,0.07407409,0.0483559,0.0035819185,0,0,1,0,0
25112,-1,0,0.2739684,0.56806684,1,1,unassigned,10.0,10.0,0.0,1.0,0.0,0.0,0.015473888,0.0,0,0,0,1,0
25113,-1,0,6.934468,0.9990274,1,1,unassigned,2.0,2.0,0.0,1.0,0.0,0.0,0.0,0.0,0,0,0,1,1
25114,-1,0,-0.11119938,0.4722288,0,1,unassigned,31.0,31.0,0.0,1.0,0.0,0.0,0.056092843,0.0,0,0,0,0,0
25115,-1,0,-0.14590979,0.46358716,0,1,unassigned,7.0,7.0,0.0,1.0,0.0,0.0,0.00967118,0.0,0,0,0,0,0
25116,-1,0,1.7439203,0.8511843,1,1,unassigned,8.0,5.0,3.0,0.625,0.375,0.375,0.0116054155,0.004352031,0,0,0,1,0
25117,0,0,-0.4418369,0.39130336,0,0,unassigned,2.0,2.0,0.0,1.0,0.0,0.0,0.0,0.0,0,0,1,0,0
25118,0,1,-0.51740783,0.3734586,0,0,test,27.0,27.0,0.0,1.0,0.0,0.0,0.0483559,0.0,1,0,1,0,0
25119,-1,0,-0.5133329,0.37441254,0,1,unassigned,9.0,9.0,0.0,1.0,0.0,0.0,0.013539651,0.0,0,0,0,0,0
25120,-1,0,-0.46046752,0.3868749,0,1,unassigned,5.0,5.0,0.0,1.0,0.0,0.0,0.0058027077,0.0,0,0,0,0,0
25121,-1,0,7.3573756,0.9993625,1,1,unassigned,9.0,9.0,0.0,1.0,0.0,0.0,0.013539651,0.0,0,0,0,1,1
25122,-1,0,0.766079,0.6826721,1,1,unassigned,3.0,3.0,0.0,1.0,0.0,0.0,0.001934236,0.0,0,0,0,1,0
25123,-1,0,1.6924129,0.8445412,1,1,unassigned,15.0,14.0,1.0,0.93333334,0.06666667,0.06666666,0.025145067,0.0016763379,0,0,0,1,0
25124,0,0,-0.22641245,0.4436375,0,0,unassigned,15.0,15.0,0.0,1.0,0.0,0.0,0.025145067,0.0,0,0,1,0,0
25125,-1,1,-0.4033968,0.40049648,0,1,unassigned,2.0,2.0,0.0,1.0,0.0,0.0,0.0,0.0,1,0,0,0,0
25126,-1,1,-0.16428453,0.459021,0,1,unassigned,2.0,2.0,0.0,1.0,0.0,0.0,0.0,0.0,1,0,0,0,0
25127,-1,1,-0.36706427,0.4092506,0,1,unassigned,5.0,5.0,0.0,1.0,0.0,0.0,0.0058027077,0.0,1,0,0,0,0
25128,-1,0,-0.48118854,0.3819715,0,1,unassigned,91.0,90.0,1.0,0.989011,0.010989011,0.01098901,0.172147,0.0018917253,0,0,0,0,0
25129,-1,1,-0.7121463,0.32912478,0,1,unassigned,16.0,16.0,0.0,1.0,0.0,0.0,0.027079303,0.0,1,0,0,0,0
25130,-1,1,-0.45183277,0.3889251,0,1,unassigned,8.0,8.0,0.0,1.0,0.0,0.0,0.0116054155,0.0,1,0,0,0,0
25131,-1,0,7.221193,0.99926966,1,1,unassigned,2.0,2.0,0.0,1.0,0.0,0.0,0.0,0.0,0,0,0,1,1
25132,-1,0,0.088766396,0.52217704,1,1,unassigned,6.0,6.0,0.0,1.0,0.0,0.0,0.007736944,0.0,0,0,0,1,0
25133,-1,0,0.4213491,0.6038061,1,1,unassigned,30.0,28.0,2.0,0.93333334,0.06666667,0.06666666,0.054158606,0.003610574,0,0,0,1,0
25134,-1,1,-0.63857234,0.34556934,0,1,unassigned,20.0,20.0,0.0,1.0,0.0,0.0,0.034816246,0.0,1,0,0,0,0
25135,-1,1,-0.7160826,0.32825622,0,1,unassigned,65.0,62.0,3.0,0.95384616,0.046153847,0.046153843,0.12185687,0.0056241634,1,0,0,0,0
25136,-1,1,-0.29550558,0.42665654,0,1,unassigned,90.0,76.0,14.0,0.84444445,0.15555556,0.15555555,0.17021276,0.026477542,1,0,0,0,0
25137,-1,0,-0.0036842227,0.4990789,0,1,unassigned,3.0,3.0,0.0,1.0,0.0,0.0,0.001934236,0.0,0,0,0,0,0
25138,-1,1,-0.70286167,0.33117807,0,1,unassigned,165.0,156.0,9.0,0.94545454,0.054545455,0.054545462,0.31528047,0.017197117,1,0,0,0,0
25139,-1,1,2.6958528,0.93678147,1,1,unassigned,38.0,34.0,4.0,0.8947368,0.10526316,0.10526317,0.06963249,0.0073297364,1,0,0,1,1
25140,-1,1,-0.73635876,0.3238009,0,1,unassigned,87.0,86.0,1.0,0.9885057,0.011494253,0.011494279,0.16441005,0.0018897707,1,0,0,0,0
25141,-1,1,4.928344,0.9928135,1,1,unassigned,4.0,4.0,0.0,1.0,0.0,0.0,0.003868472,0.0,1,0,0,1,1
25142,-1,1,0.91533786,0.71409124,1,1,unassigned,54.0,52.0,2.0,0.962963,0.037037037,0.037037015,0.10058027,0.003725195,1,0,0,1,0
25143,-1,0,3.9024403,0.980207,1,1,unassigned,4.0,4.0,0.0,1.0,0.0,0.0,0.003868472,0.0,0,0,0,1,1
25144,-1,1,3.2348673,0.96212554,1,1,unassigned,3.0,3.0,0.0,1.0,0.0,0.0,0.001934236,0.0,1,0,0,1,1
25145,-1,0,3.695001,0.97575504,1,1,unassigned,23.0,23.0,0.0,1.0,0.0,0.0,0.040618956,0.0,0,0,0,1,1
25146,-1,1,9.350622,0.9999131,1,1,unassigned,2.0,1.0,1.0,0.5,0.5,0.5,0.0,0.0,1,0,0,1,1
25147,-1,0,-0.29098442,0.42776287,0,1,unassigned,8.0,8.0,0.0,1.0,0.0,0.0,0.0116054155,0.0,0,0,0,0,0
25148,-1,1,-0.7562601,0.31945878,0,1,unassigned,78.0,75.0,3.0,0.96153843,0.03846154,0.038461566,0.14700194,0.005653921,1,0,0,0,0
25149,1,1,-0.021542847,0.49461448,0,1,unassigned,4.0,4.0,0.0,1.0,0.0,0.0,0.003868472,0.0,1,0,0,0,0
25150,-1,0,3.0084393,0.952954,1,1,unassigned,4.0,4.0,0.0,1.0,0.0,0.0,0.003868472,0.0,0,0,0,1,1
25151,-1,0,6.6813726,0.99874747,1,1,unassigned,3.0,3.0,0.0,1.0,0.0,0.0,0.001934236,0.0,0,0,0,1,1
25152,-1,0,-0.5260462,0.37143952,0,1,unassigned,31.0,30.0,1.0,0.9677419,0.032258064,0.032258093,0.056092843,0.0018094465,0,0,0,0,0
25153,-1,1,-0.22604921,0.44372714,0,1,unassigned,8.0,8.0,0.0,1.0,0.0,0.0,0.0116054155,0.0,1,0,0,0,0
25154,-1,0,-0.47031468,0.38454178,0,1,unassigned,89.0,88.0,1.0,0.98876405,0.011235955,0.011235952,0.16827853,0.00189077,0,0,0,0,0
25155,-1,0,1.6110523,0.8335575,1,1,unassigned,9.0,9.0,0.0,1.0,0.0,0.0,0.013539651,0.0,0,0,0,1,0
25156,-1,0,-0.32875663,0.41854316,0,1,unassigned,3.0,2.0,1.0,0.6666667,0.33333334,0.3333333,0.001934236,0.00064474536,0,0,0,0,0
25157,-1,1,6.223489,0.9980216,1,1,unassigned,4.0,2.0,2.0,0.5,0.5,0.5,0.003868472,0.001934236,1,0,0,1,1
25158,-1,1,0.0058286786,0.50145715,1,1,unassigned,6.0,4.0,2.0,0.6666667,0.33333334,0.3333333,0.007736944,0.0025789815,1,0,0,1,0
25159,-1,0,4.292102,0.98650837,1,1,unassigned,2.0,1.0,1.0,0.5,0.5,0.5,0.0,0.0,0,0,0,1,1
25160,-1,0,8.098722,0.99969614,1,1,unassigned,2.0,2.0,0.0,1.0,0.0,0.0,0.0,0.0,0,0,0,1,1
25161,-1,0,-0.645613,0.3439788,0,1,unassigned,15.0,15.0,0.0,1.0,0.0,0.0,0.025145067,0.0,0,0,0,0,0
25162,-1,1,2.434199,0.91939825,1,1,unassigned,47.0,42.0,5.0,0.89361703,0.10638298,0.106382966,0.08704062,0.00925964,1,0,0,1,1
25163,-1,1,0.3381515,0.5837414,1,1,unassigned,8.0,8.0,0.0,1.0,0.0,0.0,0.0116054155,0.0,1,0,0,1,0
25164,1,1,4.5593953,0.9896401,1,0,val,24.0,20.0,4.0,0.8333333,0.16666667,0.16666669,0.04255319,0.0070921984,1,0,1,1,1
25165,-1,1,-0.90130806,0.28878176,0,1,unassigned,51.0,50.0,1.0,0.98039216,0.019607844,0.019607842,0.09477756,0.0018583836,1,0,0,0,0
25166,-1,0,-0.21944228,0.44535854,0,1,unassigned,4.0,4.0,0.0,1.0,0.0,0.0,0.003868472,0.0,0,0,0,0,0
25167,1,0,-0.15684497,0.46086898,0,1,unassigned,17.0,17.0,0.0,1.0,0.0,0.0,0.029013539,0.0,0,0,0,0,0
25168,-1,1,0.65769726,0.65874296,1,1,unassigned,4.0,3.0,1.0,0.75,0.25,0.25,0.003868472,0.000967118,1,0,0,1,0
25169,-1,1,-0.4824368,0.38167688,0,1,unassigned,3.0,3.0,0.0,1.0,0.0,0.0,0.001934236,0.0,1,0,0,0,0
25170,-1,1,4.3044124,0.98667127,1,1,unassigned,10.0,6.0,4.0,0.6,0.4,0.39999998,0.015473888,0.0061895554,1,0,0,1,1
25171,-1,0,-0.2019698,0.44967848,0,1,unassigned,25.0,25.0,0.0,1.0,0.0,0.0,0.044487428,0.0,0,0,0,0,0
25172,-1,0,-0.54270124,0.36755946,0,1,unassigned,27.0,27.0,0.0,1.0,0.0,0.0,0.0483559,0.0,0,0,0,0,0
25173,-1,0,-0.6311549,0.3472487,0,1,unassigned,35.0,34.0,1.0,0.9714286,0.028571429,0.028571427,0.06382979,0.0018237082,0,0,0,0,0
25174,-1,0,2.6083386,0.9313963,1,1,unassigned,2.0,2.0,0.0,1.0,0.0,0.0,0.0,0.0,0,0,0,1,1
25175,-1,0,1.6634641,0.8407024,1,1,unassigned,30.0,29.0,1.0,0.96666664,0.033333335,0.03333336,0.054158606,0.001805287,0,0,0,1,0
25176,-1,1,-0.51260483,0.3745831,0,1,unassigned,10.0,7.0,3.0,0.7,0.3,0.3,0.015473888,0.0046421667,1,0,0,0,0
25177,-1,0,-0.018836677,0.49529094,0,1,unassigned,47.0,47.0,0.0,1.0,0.0,0.0,0.08704062,0.0,0,0,0,0,0
25178,-1,0,-0.040507197,0.48987457,0,1,unassigned,70.0,69.0,1.0,0.98571426,0.014285714,0.014285743,0.13152805,0.0018789722,0,0,0,0,0
25179,0,0,-0.10858828,0.4728796,0,0,test,31.0,31.0,0.0,1.0,0.0,0.0,0.056092843,0.0,0,0,1,0,0
25180,-1,0,-0.051808298,0.48705083,0,1,unassigned,104.0,102.0,2.0,0.9807692,0.01923077,0.019230783,0.19729207,0.0037940785,0,0,0,0,0
25181,-1,0,-0.61197823,0.3516081,0,1,unassigned,70.0,68.0,2.0,0.9714286,0.028571429,0.028571427,0.13152805,0.0037579443,0,0,0,0,0
25182,-1,0,1.0839808,0.74724656,1,1,unassigned,10.0,2.0,8.0,0.2,0.8,0.8,0.015473888,0.012379111,0,0,0,1,0
25183,-1,0,0.2881902,0.571553,1,1,unassigned,4.0,1.0,3.0,0.25,0.75,0.75,0.003868472,0.002901354,0,0,0,1,0
25184,-1,0,0.92274815,0.7156017,1,1,unassigned,15.0,14.0,1.0,0.93333334,0.06666667,0.06666666,0.025145067,0.0016763379,0,0,0,1,0
25185,-1,0,5.039985,0.99356776,1,1,unassigned,2.0,2.0,0.0,1.0,0.0,0.0,0.0,0.0,0,0,0,1,1
25186,-1,1,-0.9541206,0.2780569,0,1,unassigned,21.0,21.0,0.0,1.0,0.0,0.0,0.036750484,0.0,1,0,0,0,0
25187,-1,0,0.49322754,0.6208665,1,1,unassigned,3.0,3.0,0.0,1.0,0.0,0.0,0.001934236,0.0,0,0,0,1,0
25188,-1,0,5.0573792,0.99367803,1,1,unassigned,16.0,15.0,1.0,0.9375,0.0625,0.0625,0.027079303,0.0016924564,0,0,0,1,1
25189,1,0,6.0902677,0.99774027,1,0,val,7.0,7.0,0.0,1.0,0.0,0.0,0.00967118,0.0,0,0,1,1,1
25190,-1,1,-0.89290726,0.29051024,0,1,unassigned,28.0,28.0,0.0,1.0,0.0,0.0,0.050290134,0.0,1,0,0,0,0
25191,-1,1,-0.8684424,0.2955785,0,1,unassigned,83.0,81.0,2.0,0.97590363,0.024096385,0.02409637,0.15667312,0.0037752558,1,0,0,0,0
25192,0,1,-0.668973,0.33872685,0,0,val,14.0,14.0,0.0,1.0,0.0,0.0,0.023210831,0.0,1,0,1,0,0
25193,1,1,2.4631097,0.92151487,1,0,train,2.0,2.0,0.0,1.0,0.0,0.0,0.0,0.0,1,0,1,1,1
25194,-1,0,-0.46696973,0.38533372,0,1,unassigned,44.0,44.0,0.0,1.0,0.0,0.0,0.08123791,0.0,0,0,0,0,0
25195,-1,0,-0.6134373,0.3512755,0,1,unassigned,26.0,26.0,0.0,1.0,0.0,0.0,0.046421662,0.0,0,0,0,0,0
25196,-1,0,-0.69960535,0.3318997,0,1,unassigned,85.0,85.0,0.0,1.0,0.0,0.0,0.16054158,0.0,0,0,0,0,0
25197,-1,0,6.315667,0.99819547,1,1,unassigned,4.0,3.0,1.0,0.75,0.25,0.25,0.003868472,0.000967118,0,0,0,1,1
25198,-1,0,-0.07139787,0.4821581,0,1,unassigned,10.0,10.0,0.0,1.0,0.0,0.0,0.015473888,0.0,0,0,0,0,0
25199,-1,0,0.47106487,0.61563575,1,1,unassigned,25.0,25.0,0.0,1.0,0.0,0.0,0.044487428,0.0,0,0,0,1,0
25200,-1,0,-0.67111206,0.33824787,0,1,unassigned,60.0,58.0,2.0,0.96666664,0.033333335,0.03333336,0.11218569,0.003739523,0,0,0,0,0
25201,0,0,-0.36446065,0.4098802,0,0,val,16.0,15.0,1.0,0.9375,0.0625,0.0625,0.027079303,0.0016924564,0,0,1,0,0
25202,-1,0,-0.1044215,0.47391832,0,1,unassigned,3.0,3.0,0.0,1.0,0.0,0.0,0.001934236,0.0,0,0,0,0,0
25203,-1,0,0.20485044,0.5510343,1,1,unassigned,20.0,20.0,0.0,1.0,0.0,0.0,0.034816246,0.0,0,0,0,1,0
25204,-1,0,0.63389474,0.653372,1,1,unassigned,61.0,60.0,1.0,0.9836066,0.016393442,0.016393423,0.114119925,0.0018708183,0,0,0,1,0
25205,1,0,-0.09514463,0.4762318,0,1,unassigned,15.0,15.0,0.0,1.0,0.0,0.0,0.025145067,0.0,0,0,0,0,0
25206,-1,0,-0.80755955,0.3084108,0,1,unassigned,31.0,31.0,0.0,1.0,0.0,0.0,0.056092843,0.0,0,0,0,0,0
25207,-1,1,0.74354666,0.6777709,1,1,unassigned,8.0,6.0,2.0,0.75,0.25,0.25,0.0116054155,0.0029013539,1,0,0,1,0
25208,1,1,0.061308563,0.5153223,1,0,test,9.0,9.0,0.0,1.0,0.0,0.0,0.013539651,0.0,1,0,1,1,0
25209,-1,0,0.5214743,0.6274924,1,1,unassigned,51.0,51.0,0.0,1.0,0.0,0.0,0.09477756,0.0,0,0,0,1,0
25210,-1,0,0.921408,0.71532893,1,1,unassigned,21.0,21.0,0.0,1.0,0.0,0.0,0.036750484,0.0,0,0,0,1,0
25211,-1,0,-0.7065597,0.33035946,0,1,unassigned,38.0,37.0,1.0,0.9736842,0.02631579,0.026315808,0.06963249,0.0018324341,0,0,0,0,0
25212,-1,1,-0.8872894,0.29166952,0,1,unassigned,83.0,81.0,2.0,0.97590363,0.024096385,0.02409637,0.15667312,0.0037752558,1,0,0,0,0
25213,-1,0,-0.7769858,0.31496987,0,1,unassigned,46.0,45.0,1.0,0.9782609,0.02173913,0.021739125,0.08510638,0.0018501388,0,0,0,0,0
25214,-1,1,2.6520045,0.93413436,1,1,unassigned,2.0,2.0,0.0,1.0,0.0,0.0,0.0,0.0,1,0,0,1,1
25215,-1,1,1.0289035,0.7367033,1,1,unassigned,8.0,7.0,1.0,0.875,0.125,0.125,0.0116054155,0.0014506769,1,0,0,1,0
25216,-1,0,4.66597,0.9906776,1,1,unassigned,2.0,2.0,0.0,1.0,0.0,0.0,0.0,0.0,0,0,0,1,1
25217,-1,1,-0.22066104,0.4450575,0,1,unassigned,3.0,3.0,0.0,1.0,0.0,0.0,0.001934236,0.0,1,0,0,0,0
25218,-1,1,-0.7929648,0.3115324,0,1,unassigned,65.0,64.0,1.0,0.9846154,0.015384615,0.0153846145,0.12185687,0.001874721,1,0,0,0,0
25219,-1,1,5.1257267,0.99409324,1,1,unassigned,5.0,5.0,0.0,1.0,0.0,0.0,0.0058027077,0.0,1,0,0,1,1
25220,-1,1,2.0990613,0.89081186,1,1,unassigned,2.0,2.0,0.0,1.0,0.0,0.0,0.0,0.0,1,0,0,1,0
25221,-1,1,1.2180462,0.7717195,1,1,unassigned,4.0,2.0,2.0,0.5,0.5,0.5,0.003868472,0.001934236,1,0,0,1,0
25222,1,1,0.14366716,0.5358551,1,0,unassigned,2.0,2.0,0.0,1.0,0.0,0.0,0.0,0.0,1,0,1,1,0
25223,-1,1,0.4086674,0.60076827,1,1,unassigned,15.0,14.0,1.0,0.93333334,0.06666667,0.06666666,0.025145067,0.0016763379,1,0,0,1,0
25224,0,0,-1.3875265,0.19980294,0,0,test,3.0,3.0,0.0,1.0,0.0,0.0,0.001934236,0.0,0,0,1,0,0
25225,-1,0,0.11470038,0.52864367,1,1,unassigned,5.0,5.0,0.0,1.0,0.0,0.0,0.0058027077,0.0,0,0,0,1,0
25226,-1,1,-0.24024466,0.44022605,0,1,unassigned,5.0,5.0,0.0,1.0,0.0,0.0,0.0058027077,0.0,1,0,0,0,0
25227,-1,0,-0.7637239,0.3178383,0,1,unassigned,2.0,1.0,1.0,0.5,0.5,0.5,0.0,0.0,0,0,0,0,0
25228,-1,0,3.1763,0.95993257,1,1,unassigned,6.0,6.0,0.0,1.0,0.0,0.0,0.007736944,0.0,0,0,0,1,1
25229,0,1,0.1655789,0.5413004,1,1,unassigned,6.0,6.0,0.0,1.0,0.0,0.0,0.007736944,0.0,1,0,0,1,0
25230,-1,1,1.119931,0.7539759,1,1,unassigned,102.0,100.0,2.0,0.98039216,0.019607844,0.019607842,0.1934236,0.0037926198,1,0,0,1,0
25231,1,0,1.7470262,0.85157734,1,0,test,5.0,5.0,0.0,1.0,0.0,0.0,0.0058027077,0.0,0,0,1,1,0
25232,-1,1,0.3916778,0.5966865,1,1,unassigned,4.0,3.0,1.0,0.75,0.25,0.25,0.003868472,0.000967118,1,0,0,1,0
25233,-1,1,0.6108046,0.6481243,1,1,unassigned,6.0,6.0,0.0,1.0,0.0,0.0,0.007736944,0.0,1,0,0,1,0
25234,-1,0,-0.54576105,0.36684844,0,1,unassigned,4.0,4.0,0.0,1.0,0.0,0.0,0.003868472,0.0,0,0,0,0,0
25235,-1,1,4.0225735,0.9824082,1,1,unassigned,9.0,7.0,2.0,0.7777778,0.22222222,0.22222221,0.013539651,0.0030088115,1,0,0,1,1
25236,-1,0,-0.7745689,0.3154916,0,1,unassigned,55.0,53.0,2.0,0.96363634,0.036363635,0.03636366,0.102514505,0.0037278,0,0,0,0,0
25237,-1,0,-0.7177212,0.327895,0,1,unassigned,78.0,76.0,2.0,0.974359,0.025641026,0.025641024,0.14700194,0.0037692804,0,0,0,0,0
25238,-1,0,1.023344,0.7356235,1,1,unassigned,9.0,7.0,2.0,0.7777778,0.22222222,0.22222221,0.013539651,0.0030088115,0,0,0,1,0
25239,-1,0,-0.30382565,0.42462257,0,1,unassigned,28.0,27.0,1.0,0.96428573,0.035714287,0.03571427,0.050290134,0.0017960763,0,0,0,0,0
25240,-1,1,4.7173448,0.9911403,1,1,unassigned,2.0,2.0,0.0,1.0,0.0,0.0,0.0,0.0,1,0,0,1,1
25241,-1,0,-1.0475783,0.2596904,0,1,unassigned,3.0,3.0,0.0,1.0,0.0,0.0,0.001934236,0.0,0,0,0,0,0
25242,-1,0,-0.7643941,0.31769302,0,1,unassigned,128.0,127.0,1.0,0.9921875,0.0078125,0.0078125,0.24371374,0.0019040136,0,0,0,0,0
25243,-1,0,0.025486529,0.50637126,1,1,unassigned,25.0,24.0,1.0,0.96,0.04,0.04000002,0.044487428,0.001779497,0,0,0,1,0
25244,-1,0,0.64238805,0.6552931,1,1,unassigned,23.0,13.0,10.0,0.5652174,0.4347826,0.43478262,0.040618956,0.017660415,0,0,0,1,0
25245,-1,0,1.399832,0.8021572,1,1,unassigned,3.0,3.0,0.0,1.0,0.0,0.0,0.001934236,0.0,0,0,0,1,0
25246,-1,1,2.0521157,0.88616127,1,1,unassigned,2.0,2.0,0.0,1.0,0.0,0.0,0.0,0.0,1,0,0,1,0
25247,-1,1,4.517726,0.989204,1,1,unassigned,2.0,2.0,0.0,1.0,0.0,0.0,0.0,0.0,1,0,0,1,1
25248,-1,1,5.2037826,0.99453425,1,1,unassigned,5.0,4.0,1.0,0.8,0.2,0.19999999,0.0058027077,0.0011605415,1,0,0,1,1
25249,-1,1,3.8519528,0.97920346,1,1,unassigned,17.0,16.0,1.0,0.9411765,0.05882353,0.058823526,0.029013539,0.0017066788,1,0,0,1,1
25250,-1,1,0.7204166,0.67269874,1,1,unassigned,13.0,13.0,0.0,1.0,0.0,0.0,0.021276595,0.0,1,0,0,1,0
25251,-1,1,0.04076284,0.5101893,1,1,unassigned,31.0,29.0,2.0,0.9354839,0.06451613,0.06451613,0.056092843,0.003618893,1,0,0,1,0
25252,-1,1,4.8191457,0.991991,1,1,unassigned,19.0,18.0,1.0,0.94736844,0.05263158,0.052631557,0.032882012,0.0017306323,1,0,0,1,1
25253,-1,1,3.8427927,0.97901607,1,1,unassigned,26.0,26.0,0.0,1.0,0.0,0.0,0.046421662,0.0,1,0,0,1,1
25254,-1,1,1.9819119,0.87888485,1,1,unassigned,9.0,9.0,0.0,1.0,0.0,0.0,0.013539651,0.0,1,0,0,1,0
25255,-1,1,2.7639844,0.94069827,1,1,unassigned,10.0,8.0,2.0,0.8,0.2,0.19999999,0.015473888,0.0030947777,1,0,0,1,1
25256,-1,1,3.4852927,0.9702664,1,1,unassigned,10.0,9.0,1.0,0.9,0.1,0.100000024,0.015473888,0.0015473888,1,0,0,1,1
25257,-1,1,3.758726,0.97721773,1,1,unassigned,42.0,40.0,2.0,0.95238096,0.04761905,0.047619045,0.07736944,0.003684259,1,0,0,1,1
25258,-1,1,3.939524,0.98091394,1,1,unassigned,25.0,25.0,0.0,1.0,0.0,0.0,0.044487428,0.0,1,0,0,1,1
25259,-1,0,5.6795893,0.99659663,1,1,unassigned,2.0,2.0,0.0,1.0,0.0,0.0,0.0,0.0,0,0,0,1,1
25260,1,0,-0.49978757,0.3775906,0,1,test,4.0,4.0,0.0,1.0,0.0,0.0,0.003868472,0.0,0,0,0,0,0
25261,-1,0,-0.5789918,0.3591646,0,1,unassigned,7.0,7.0,0.0,1.0,0.0,0.0,0.00967118,0.0,0,0,0,0,0
25262,-1,1,0.7905088,0.68794054,1,1,unassigned,12.0,11.0,1.0,0.9166667,0.083333336,0.08333331,0.01934236,0.0016118633,1,0,0,1,0
25263,-1,0,0.0977177,0.52441,1,1,unassigned,18.0,18.0,0.0,1.0,0.0,0.0,0.030947777,0.0,0,0,0,1,0
25264,-1,0,-0.7059777,0.33048823,0,1,unassigned,15.0,15.0,0.0,1.0,0.0,0.0,0.025145067,0.0,0,0,0,0,0
25265,1,0,-0.25710547,0.4360754,0,1,unassigned,7.0,7.0,0.0,1.0,0.0,0.0,0.00967118,0.0,0,0,0,0,0
25266,-1,0,-0.3903909,0.40362322,0,1,unassigned,2.0,2.0,0.0,1.0,0.0,0.0,0.0,0.0,0,0,0,0,0
25267,-1,0,-0.33747476,0.416423,0,1,unassigned,17.0,16.0,1.0,0.9411765,0.05882353,0.058823526,0.029013539,0.0017066788,0,0,0,0,0
25268,-1,0,-0.8168397,0.30643493,0,1,unassigned,20.0,20.0,0.0,1.0,0.0,0.0,0.034816246,0.0,0,0,0,0,0
25269,-1,1,6.817024,0.99890625,1,1,unassigned,6.0,4.0,2.0,0.6666667,0.33333334,0.3333333,0.007736944,0.0025789815,1,0,0,1,1
25270,-1,0,-0.6690415,0.33871153,0,1,unassigned,64.0,63.0,1.0,0.984375,0.015625,0.015625,0.11992263,0.0018737911,0,0,0,0,0
25271,-1,0,1.0985973,0.74999726,1,1,unassigned,2.0,2.0,0.0,1.0,0.0,0.0,0.0,0.0,0,0,0,1,0
25272,-1,1,5.5427327,0.9960995,1,1,unassigned,3.0,3.0,0.0,1.0,0.0,0.0,0.001934236,0.0,1,0,0,1,1
25273,-1,0,0.78549296,0.68686277,1,1,unassigned,26.0,26.0,0.0,1.0,0.0,0.0,0.046421662,0.0,0,0,0,1,0
25274,-1,0,-0.39004165,0.4037073,0,1,unassigned,73.0,73.0,0.0,1.0,0.0,0.0,0.13733076,0.0,0,0,0,0,0
25275,0,0,-0.86321384,0.29666832,0,0,unassigned,5.0,5.0,0.0,1.0,0.0,0.0,0.0058027077,0.0,0,0,1,0,0
25276,0,0,0.24029857,0.5597872,1,1,unassigned,23.0,23.0,0.0,1.0,0.0,0.0,0.040618956,0.0,0,0,0,1,0
25277,-1,0,-0.056812823,0.48580056,0,1,unassigned,30.0,29.0,1.0,0.96666664,0.033333335,0.03333336,0.054158606,0.001805287,0,0,0,0,0
25278,-1,0,-0.95962346,0.27695358,0,1,unassigned,60.0,59.0,1.0,0.98333335,0.016666668,0.01666665,0.11218569,0.0018697615,0,0,0,0,0
25279,-1,1,-0.77149504,0.3161558,0,1,unassigned,2.0,2.0,0.0,1.0,0.0,0.0,0.0,0.0,1,0,0,0,0
25280,-1,0,4.9409175,0.9929027,1,1,unassigned,2.0,2.0,0.0,1.0,0.0,0.0,0.0,0.0,0,0,0,1,1
25281,-1,1,2.1720645,0.8977127,1,1,unassigned,10.0,5.0,5.0,0.5,0.5,0.5,0.015473888,0.007736944,1,0,0,1,0
25282,-1,1,-0.5732154,0.3604952,0,1,unassigned,5.0,5.0,0.0,1.0,0.0,0.0,0.0058027077,0.0,1,0,0,0,0
25283,-1,1,-0.87784034,0.2936255,0,1,unassigned,38.0,36.0,2.0,0.94736844,0.05263158,0.052631557,0.06963249,0.0036648682,1,0,0,0,0
25284,-1,1,4.1665473,0.9847311,1,1,unassigned,9.0,9.0,0.0,1.0,0.0,0.0,0.013539651,0.0,1,0,0,1,1
25285,0,0,-0.4737796,0.38372204,0,0,unassigned,15.0,15.0,0.0,1.0,0.0,0.0,0.025145067,0.0,0,0,1,0,0
25286,-1,0,0.5286376,0.6291653,1,1,unassigned,37.0,37.0,0.0,1.0,0.0,0.0,0.06769826,0.0,0,0,0,1,0
25287,-1,0,3.212412,0.9612987,1,1,unassigned,3.0,3.0,0.0,1.0,0.0,0.0,0.001934236,0.0,0,0,0,1,1
25288,-1,1,-0.49071205,0.3797258,0,1,unassigned,131.0,127.0,4.0,0.9694657,0.030534351,0.030534327,0.24951644,0.0076188226,1,0,0,0,0
25289,-1,1,-0.6232079,0.3490522,0,1,unassigned,67.0,61.0,6.0,0.9104478,0.08955224,0.08955222,0.12572534,0.011258986,1,0,0,0,0
25290,0,0,-0.4599318,0.387002,0,0,unassigned,58.0,56.0,2.0,0.9655172,0.03448276,0.034482777,0.10831721,0.0037350762,0,0,1,0,0
25291,1,1,-0.4452684,0.39048633,0,1,unassigned,76.0,71.0,5.0,0.93421054,0.065789476,0.06578946,0.14313346,0.009416675,1,0,0,0,0
25292,-1,0,0.16172856,0.54034424,1,1,unassigned,2.0,2.0,0.0,1.0,0.0,0.0,0.0,0.0,0,0,0,1,0
25293,-1,0,-0.19178015,0.45220134,0,1,unassigned,4.0,4.0,0.0,1.0,0.0,0.0,0.003868472,0.0,0,0,0,0,0
25294,-1,1,2.0633194,0.8872866,1,1,unassigned,2.0,2.0,0.0,1.0,0.0,0.0,0.0,0.0,1,0,0,1,0
25295,0,0,0.42841274,0.60549456,1,1,unassigned,42.0,41.0,1.0,0.97619045,0.023809524,0.023809552,0.07736944,0.0018421295,0,0,0,1,0
25296,-1,0,3.1908066,0.9604869,1,1,unassigned,34.0,34.0,0.0,1.0,0.0,0.0,0.061895553,0.0,0,0,0,1,1
25297,-1,0,-0.4244878,0.39544335,0,1,unassigned,14.0,14.0,0.0,1.0,0.0,0.0,0.023210831,0.0,0,0,0,0,0
25298,1,0,-0.42535058,0.39523712,0,1,val,10.0,9.0,1.0,0.9,0.1,0.100000024,0.015473888,0.0015473888,0,0,0,0,0
25299,0,1,-0.9579922,0.27728036,0,0,test,11.0,11.0,0.0,1.0,0.0,0.0,0.017408123,0.0,1,0,1,0,0
25300,-1,0,-0.69003487,0.33402532,0,1,unassigned,2.0,2.0,0.0,1.0,0.0,0.0,0.0,0.0,0,0,0,0,0
25301,1,1,6.8129873,0.99890184,1,0,unassigned,18.0,14.0,4.0,0.7777778,0.22222222,0.22222221,0.030947777,0.0068772836,1,0,1,1,1
25302,0,0,-0.3196576,0.4207592,0,0,unassigned,35.0,34.0,1.0,0.9714286,0.028571429,0.028571427,0.06382979,0.0018237082,0,0,1,0,0
25303,-1,1,-0.28005692,0.43043986,0,1,unassigned,12.0,11.0,1.0,0.9166667,0.083333336,0.08333331,0.01934236,0.0016118633,1,0,0,0,0
25304,-1,1,3.5828097,0.97295433,1,1,unassigned,9.0,9.0,0.0,1.0,0.0,0.0,0.013539651,0.0,1,0,0,1,1
25305,-1,1,-0.3380602,0.41628075,0,1,unassigned,141.0,117.0,24.0,0.82978725,0.17021276,0.17021275,0.2688588,0.0457632,1,0,0,0,0
25306,-1,0,2.8517396,0.9454085,1,1,unassigned,2.0,2.0,0.0,1.0,0.0,0.0,0.0,0.0,0,0,0,1,1
25307,-1,0,3.241831,0.9623784,1,1,unassigned,2.0,2.0,0.0,1.0,0.0,0.0,0.0,0.0,0,0,0,1,1
25308,0,0,0.19045788,0.54747105,1,1,test,107.0,44.0,63.0,0.41121495,0.58878505,0.58878505,0.20309478,0.11957917,0,0,0,1,0
25309,-1,0,4.3362136,0.9870831,1,1,unassigned,2.0,2.0,0.0,1.0,0.0,0.0,0.0,0.0,0,0,0,1,1
25310,-1,0,0.4807734,0.6179305,1,1,unassigned,16.0,16.0,0.0,1.0,0.0,0.0,0.027079303,0.0,0,0,0,1,0
25311,-1,0,-0.75153625,0.32048666,0,1,unassigned,15.0,15.0,0.0,1.0,0.0,0.0,0.025145067,0.0,0,0,0,0,0
25312,-1,1,6.9472556,0.9990396,1,1,unassigned,7.0,7.0,0.0,1.0,0.0,0.0,0.00967118,0.0,1,0,0,1,1
25313,-1,1,-0.20171666,0.44974115,0,1,unassigned,3.0,3.0,0.0,1.0,0.0,0.0,0.001934236,0.0,1,0,0,0,0
25314,-1,0,-0.8337037,0.3028625,0,1,unassigned,13.0,13.0,0.0,1.0,0.0,0.0,0.021276595,0.0,0,0,0,0,0
25315,-1,0,-0.75239533,0.32029957,0,1,unassigned,79.0,79.0,0.0,1.0,0.0,0.0,0.14893617,0.0,0,0,0,0,0
25316,-1,0,-0.749976,0.32082653,0,1,unassigned,62.0,62.0,0.0,1.0,0.0,0.0,0.116054155,0.0,0,0,0,0,0
25317,0,1,-0.7443721,0.3220488,0,0,test,62.0,62.0,0.0,1.0,0.0,0.0,0.116054155,0.0,1,0,1,0,0
25318,-1,1,3.0341487,0.9540932,1,1,unassigned,13.0,13.0,0.0,1.0,0.0,0.0,0.021276595,0.0,1,0,0,1,1
25319,-1,0,0.22390741,0.5557442,1,1,unassigned,10.0,10.0,0.0,1.0,0.0,0.0,0.015473888,0.0,0,0,0,1,0
25320,-1,1,3.198241,0.96076804,1,1,unassigned,7.0,6.0,1.0,0.85714287,0.14285715,0.14285713,0.00967118,0.0013815971,1,0,0,1,1
25321,-1,1,-0.78025305,0.31426534,0,1,unassigned,55.0,54.0,1.0,0.9818182,0.018181818,0.0181818,0.102514505,0.0018639,1,0,0,0,0
25322,-1,0,1.7476792,0.8516599,1,1,unassigned,29.0,29.0,0.0,1.0,0.0,0.0,0.05222437,0.0,0,0,0,1,0
25323,-1,0,0.024573505,0.5061431,1,1,unassigned,45.0,45.0,0.0,1.0,0.0,0.0,0.08317215,0.0,0,0,0,1,0
25324,-1,1,6.511541,0.998516,1,1,unassigned,110.0,109.0,1.0,0.9909091,0.009090909,0.0090909,0.20889749,0.001899068,1,0,0,1,1
25325,-1,1,0.8464492,0.69982177,1,1,unassigned,6.0,5.0,1.0,0.8333333,0.16666667,0.16666669,0.007736944,0.0012894907,1,0,0,1,0
25326,-1,0,-0.8366642,0.30223778,0,1,unassigned,3.0,3.0,0.0,1.0,0.0,0.0,0.001934236,0.0,0,0,0,0,0
25327,-1,0,0.8777929,0.70636463,1,1,unassigned,2.0,1.0,1.0,0.5,0.5,0.5,0.0,0.0,0,0,0,1,0
25328,0,0,-0.24304655,0.43953574,0,0,val,6.0,5.0,1.0,0.8333333,0.16666667,0.16666669,0.007736944,0.0012894907,0,0,1,0,0
25329,-1,0,0.08516127,0.5212775,1,1,unassigned,4.0,4.0,0.0,1.0,0.0,0.0,0.003868472,0.0,0,0,0,1,0
25330,-1,0,-0.60572803,0.35303432,0,1,unassigned,12.0,11.0,1.0,0.9166667,0.083333336,0.08333331,0.01934236,0.0016118633,0,0,0,0,0
25331,-1,0,-0.08531362,0.47868457,0,1,unassigned,22.0,22.0,0.0,1.0,0.0,0.0,0.03868472,0.0,0,0,0,0,0
25332,0,0,-1.118619,0.24626753,0,0,val,4.0,4.0,0.0,1.0,0.0,0.0,0.003868472,0.0,0,0,1,0,0
25333,-1,0,1.8004563,0.8582045,1,1,unassigned,14.0,13.0,1.0,0.9285714,0.071428575,0.0714286,0.023210831,0.0016579166,0,0,0,1,0
25334,-1,0,9.33054,0.9999113,1,1,unassigned,19.0,15.0,4.0,0.7894737,0.21052632,0.21052629,0.032882012,0.006922529,0,0,0,1,1
25335,-1,0,-0.30523145,0.4242791,0,1,unassigned,20.0,19.0,1.0,0.95,0.05,0.050000012,0.034816246,0.0017408123,0,0,0,0,0
25336,1,0,11.1650715,0.9999858,1,0,test,27.0,16.0,11.0,0.5925926,0.4074074,0.4074074,0.0483559,0.019700551,0,0,1,1,1
25337,-1,1,1.4297664,0.8068649,1,1,unassigned,4.0,3.0,1.0,0.75,0.25,0.25,0.003868472,0.000967118,1,0,0,1,0
25338,-1,0,0.4790197,0.6175164,1,1,unassigned,2.0,2.0,0.0,1.0,0.0,0.0,0.0,0.0,0,0,0,1,0
25339,-1,0,5.548861,0.99612314,1,1,unassigned,3.0,3.0,0.0,1.0,0.0,0.0,0.001934236,0.0,0,0,0,1,1
25340,-1,1,1.7144816,0.84741664,1,1,unassigned,25.0,24.0,1.0,0.96,0.04,0.04000002,0.044487428,0.001779497,1,0,0,1,0
25341,-1,1,-0.67179817,0.3380943,0,1,unassigned,52.0,52.0,0.0,1.0,0.0,0.0,0.0967118,0.0,1,0,0,0,0
25342,-1,1,-0.12313694,0.46925464,0,1,unassigned,25.0,23.0,2.0,0.92,0.08,0.07999998,0.044487428,0.003558994,1,0,0,0,0
25343,1,0,7.8045926,0.99959236,1,0,unassigned,6.0,5.0,1.0,0.8333333,0.16666667,0.16666669,0.007736944,0.0012894907,0,0,1,1,1
25344,-1,1,4.1698766,0.984781,1,1,unassigned,12.0,12.0,0.0,1.0,0.0,0.0,0.01934236,0.0,1,0,0,1,1
25345,-1,0,3.56302,0.9724286,1,1,unassigned,7.0,7.0,0.0,1.0,0.0,0.0,0.00967118,0.0,0,0,0,1,1
25346,-1,0,4.2546,0.986,1,1,unassigned,6.0,6.0,0.0,1.0,0.0,0.0,0.007736944,0.0,0,0,0,1,1
25347,0,0,-0.5258194,0.37149248,0,0,val,34.0,34.0,0.0,1.0,0.0,0.0,0.061895553,0.0,0,0,1,0,0
25348,-1,0,-0.40370992,0.40042132,0,1,unassigned,74.0,74.0,0.0,1.0,0.0,0.0,0.13926499,0.0,0,0,0,0,0
25349,1,0,-0.59268254,0.35601962,0,1,val,11.0,11.0,0.0,1.0,0.0,0.0,0.017408123,0.0,0,0,0,0,0
25350,-1,0,-0.9803322,0.27282587,0,1,unassigned,46.0,46.0,0.0,1.0,0.0,0.0,0.08510638,0.0,0,0,0,0,0
25351,-1,0,2.3634546,0.9139977,1,1,unassigned,4.0,4.0,0.0,1.0,0.0,0.0,0.003868472,0.0,0,0,0,1,1
25352,-1,0,4.1503386,0.9844854,1,1,unassigned,5.0,4.0,1.0,0.8,0.2,0.19999999,0.0058027077,0.0011605415,0,0,0,1,1
25353,-1,0,2.273701,0.9066754,1,1,unassigned,21.0,19.0,2.0,0.9047619,0.0952381,0.09523809,0.036750484,0.0035000462,0,0,0,1,1
25354,-1,0,1.5489862,0.82476723,1,1,unassigned,2.0,2.0,0.0,1.0,0.0,0.0,0.0,0.0,0,0,0,1,0
25355,-1,0,-0.3016196,0.42516157,0,1,unassigned,11.0,11.0,0.0,1.0,0.0,0.0,0.017408123,0.0,0,0,0,0,0
25356,-1,0,1.664262,0.8408093,1,1,unassigned,8.0,8.0,0.0,1.0,0.0,0.0,0.0116054155,0.0,0,0,0,1,0
25357,-1,0,-0.5521909,0.36535624,0,1,unassigned,6.0,6.0,0.0,1.0,0.0,0.0,0.007736944,0.0,0,0,0,0,0
25358,-1,0,-0.04543674,0.48864272,0,1,unassigned,17.0,17.0,0.0,1.0,0.0,0.0,0.029013539,0.0,0,0,0,0,0
25359,-1,0,0.62570053,0.65151393,1,1,unassigned,12.0,11.0,1.0,0.9166667,0.083333336,0.08333331,0.01934236,0.0016118633,0,0,0,1,0
25360,-1,0,2.8977454,0.9477349,1,1,unassigned,7.0,6.0,1.0,0.85714287,0.14285715,0.14285713,0.00967118,0.0013815971,0,0,0,1,1
25361,-1,1,0.4826302,0.6183688,1,1,unassigned,15.0,15.0,0.0,1.0,0.0,0.0,0.025145067,0.0,1,0,0,1,0
25362,-1,0,-0.95449245,0.27798226,0,1,unassigned,3.0,3.0,0.0,1.0,0.0,0.0,0.001934236,0.0,0,0,0,0,0
25363,-1,0,-0.44183272,0.39130434,0,1,unassigned,68.0,68.0,0.0,1.0,0.0,0.0,0.12765957,0.0,0,0,0,0,0
25364,-1,0,-0.7858977,0.3130502,0,1,unassigned,39.0,39.0,0.0,1.0,0.0,0.0,0.07156673,0.0,0,0,0,0,0
25365,-1,0,-0.63604224,0.34614173,0,1,unassigned,115.0,115.0,0.0,1.0,0.0,0.0,0.21856867,0.0,0,0,0,0,0
25366,-1,0,-0.58366895,0.3580888,0,1,unassigned,70.0,68.0,2.0,0.9714286,0.028571429,0.028571427,0.13152805,0.0037579443,0,0,0,0,0
25367,0,0,-0.40096208,0.4010812,0,0,test,43.0,43.0,0.0,1.0,0.0,0.0,0.079303674,0.0,0,0,1,0,0
25368,-1,0,-0.23790699,0.44080222,0,1,unassigned,4.0,4.0,0.0,1.0,0.0,0.0,0.003868472,0.0,0,0,0,0,0
25369,-1,1,7.6478696,0.99952316,1,1,unassigned,7.0,7.0,0.0,1.0,0.0,0.0,0.00967118,0.0,1,0,0,1,1
25370,1,0,-0.2215397,0.4448405,0,1,val,41.0,41.0,0.0,1.0,0.0,0.0,0.07543521,0.0,0,0,0,0,0
25371,-1,0,0.44928426,0.61046904,1,1,unassigned,52.0,52.0,0.0,1.0,0.0,0.0,0.0967118,0.0,0,0,0,1,0
25372,-1,1,-0.644426,0.34424672,0,1,unassigned,71.0,69.0,2.0,0.97183096,0.028169014,0.028169036,0.13346228,0.0037595008,1,0,0,0,0
25373,0,0,-0.79859483,0.3103262,0,0,unassigned,69.0,67.0,2.0,0.9710145,0.028985508,0.0289855,0.1295938,0.0037563422,0,0,1,0,0
25374,-1,0,-0.45972747,0.38705045,0,1,unassigned,15.0,14.0,1.0,0.93333334,0.06666667,0.06666666,0.025145067,0.0016763379,0,0,0,0,0
25375,-1,0,0.69448215,0.6669632,1,1,unassigned,10.0,9.0,1.0,0.9,0.1,0.100000024,0.015473888,0.0015473888,0,0,0,1,0
25376,-1,0,-0.70041156,0.33172098,0,1,unassigned,25.0,24.0,1.0,0.96,0.04,0.04000002,0.044487428,0.001779497,0,0,0,0,0
25377,-1,0,-0.91953623,0.2850524,0,1,unassigned,46.0,46.0,0.0,1.0,0.0,0.0,0.08510638,0.0,0,0,0,0,0
25378,-1,0,-0.870628,0.29512364,0,1,unassigned,95.0,93.0,2.0,0.97894734,0.021052632,0.021052659,0.17988394,0.0037870305,0,0,0,0,0
25379,-1,0,4.9505234,0.99297005,1,1,unassigned,8.0,7.0,1.0,0.875,0.125,0.125,0.0116054155,0.0014506769,0,0,0,1,1
25380,-1,0,3.4973385,0.97061193,1,1,unassigned,3.0,2.0,1.0,0.6666667,0.33333334,0.3333333,0.001934236,0.00064474536,0,0,0,1,1
25381,-1,0,4.1209564,0.9840301,1,1,unassigned,2.0,1.0,1.0,0.5,0.5,0.5,0.0,0.0,0,0,0,1,1
25382,-1,1,3.3554409,0.96628255,1,1,unassigned,5.0,5.0,0.0,1.0,0.0,0.0,0.0058027077,0.0,1,0,0,1,1
25383,-1,0,0.2797833,0.56949306,1,1,unassigned,93.0,90.0,3.0,0.9677419,0.032258064,0.032258093,0.17601547,0.005677918,0,0,0,1,0
25384,-1,0,0.1446225,0.5360927,1,1,unassigned,40.0,37.0,3.0,0.925,0.075,0.07499999,0.07350097,0.005512573,0,0,0,1,0
25385,-1,0,0.69842726,0.667839,1,1,unassigned,31.0,31.0,0.0,1.0,0.0,0.0,0.056092843,0.0,0,0,0,1,0
25386,-1,0,-0.12257409,0.4693948,0,1,unassigned,34.0,34.0,0.0,1.0,0.0,0.0,0.061895553,0.0,0,0,0,0,0
25387,-1,0,-0.49881142,0.37782001,0,1,unassigned,9.0,9.0,0.0,1.0,0.0,0.0,0.013539651,0.0,0,0,0,0,0
25388,-1,1,-0.105862916,0.47355893,0,1,unassigned,18.0,13.0,5.0,0.7222222,0.2777778,0.2777778,0.030947777,0.008596605,1,0,0,0,0
25389,0,0,-0.0737288,0.48157617,0,0,unassigned,49.0,44.0,5.0,0.8979592,0.10204082,0.10204083,0.09090909,0.0092764385,0,0,1,0,0
25390,-1,1,8.527837,0.9998022,1,1,unassigned,12.0,11.0,1.0,0.9166667,0.083333336,0.08333331,0.01934236,0.0016118633,1,0,0,1,1
25391,-1,0,3.765313,0.97736394,1,1,unassigned,5.0,5.0,0.0,1.0,0.0,0.0,0.0058027077,0.0,0,0,0,1,1
25392,-1,0,-0.21944785,0.44535714,0,1,unassigned,6.0,6.0,0.0,1.0,0.0,0.0,0.007736944,0.0,0,0,0,0,0
25393,1,1,2.9846861,0.9518775,1,0,unassigned,4.0,3.0,1.0,0.75,0.25,0.25,0.003868472,0.000967118,1,0,1,1,1
25394,-1,0,-0.30955023,0.4232245,0,1,unassigned,18.0,14.0,4.0,0.7777778,0.22222222,0.22222221,0.030947777,0.0068772836,0,0,0,0,0
25395,0,0,-0.18729264,0.45331326,0,0,unassigned,19.0,18.0,1.0,0.94736844,0.05263158,0.052631557,0.032882012,0.0017306323,0,0,1,0,0
25396,-1,1,0.12831324,0.53203434,1,1,unassigned,4.0,4.0,0.0,1.0,0.0,0.0,0.003868472,0.0,1,0,0,1,0
25397,-1,0,2.0858314,0.88951844,1,1,unassigned,2.0,2.0,0.0,1.0,0.0,0.0,0.0,0.0,0,0,0,1,0
25398,0,0,0.1362707,0.53401506,1,1,unassigned,58.0,58.0,0.0,1.0,0.0,0.0,0.10831721,0.0,0,0,0,1,0
25399,-1,0,-0.6012186,0.35406494,0,1,unassigned,21.0,21.0,0.0,1.0,0.0,0.0,0.036750484,0.0,0,0,0,0,0
25400,-1,0,3.0158842,0.9532865,1,1,unassigned,16.0,16.0,0.0,1.0,0.0,0.0,0.027079303,0.0,0,0,0,1,1
25401,-1,0,0.09059358,0.5226329,1,1,unassigned,3.0,3.0,0.0,1.0,0.0,0.0,0.001934236,0.0,0,0,0,1,0
25402,-1,0,2.8053596,0.9429648,1,1,unassigned,27.0,27.0,0.0,1.0,0.0,0.0,0.0483559,0.0,0,0,0,1,1
25403,-1,1,9.346362,0.99991274,1,1,unassigned,148.0,136.0,12.0,0.9189189,0.08108108,0.08108109,0.28239846,0.02289717,1,0,0,1,1
25404,1,0,0.02231592,0.50557876,1,0,test,5.0,5.0,0.0,1.0,0.0,0.0,0.0058027077,0.0,0,0,1,1,0
25405,-1,0,-0.12980086,0.46759522,0,1,unassigned,10.0,10.0,0.0,1.0,0.0,0.0,0.015473888,0.0,0,0,0,0,0
25406,-1,1,-0.5029034,0.37685856,0,1,unassigned,65.0,56.0,9.0,0.86153847,0.13846155,0.13846153,0.12185687,0.01687249,1,0,0,0,0
25407,-1,0,2.048953,0.8858418,1,1,unassigned,4.0,4.0,0.0,1.0,0.0,0.0,0.003868472,0.0,0,0,0,1,0
25408,-1,0,-0.8652892,0.29623547,0,1,unassigned,2.0,2.0,0.0,1.0,0.0,0.0,0.0,0.0,0,0,0,0,0
25409,-1,0,-0.5992546,0.35451424,0,1,unassigned,64.0,64.0,0.0,1.0,0.0,0.0,0.11992263,0.0,0,0,0,0,0
25410,-1,0,1.7743015,0.85499173,1,1,unassigned,29.0,28.0,1.0,0.9655172,0.03448276,0.034482777,0.05222437,0.0018008404,0,0,0,1,0
25411,-1,0,0.8610931,0.70288897,1,1,unassigned,11.0,11.0,0.0,1.0,0.0,0.0,0.017408123,0.0,0,0,0,1,0
25412,-1,0,-0.093500555,0.47664192,0,1,unassigned,3.0,3.0,0.0,1.0,0.0,0.0,0.001934236,0.0,0,0,0,0,0
25413,-1,0,8.379593,0.9997706,1,1,unassigned,50.0,40.0,10.0,0.8,0.2,0.19999999,0.092843324,0.018568665,0,0,0,1,1
25414,-1,1,0.12017399,0.53000736,1,1,unassigned,2.0,1.0,1.0,0.5,0.5,0.5,0.0,0.0,1,0,0,1,0
25415,-1,0,-0.5667671,0.36198315,0,1,unassigned,9.0,7.0,2.0,0.7777778,0.22222222,0.22222221,0.013539651,0.0030088115,0,0,0,0,0
25416,-1,0,-0.9425408,0.2803874,0,1,unassigned,33.0,33.0,0.0,1.0,0.0,0.0,0.059961315,0.0,0,0,0,0,0
25417,-1,0,-0.54983747,0.36590213,0,1,unassigned,4.0,4.0,0.0,1.0,0.0,0.0,0.003868472,0.0,0,0,0,0,0
25418,0,0,-0.6011093,0.35408995,0,0,val,12.0,10.0,2.0,0.8333333,0.16666667,0.16666669,0.01934236,0.0032237265,0,0,1,0,0
25419,-1,0,-0.095724225,0.4760872,0,1,unassigned,6.0,6.0,0.0,1.0,0.0,0.0,0.007736944,0.0,0,0,0,0,0
25420,1,0,0.23943442,0.55957425,1,0,unassigned,3.0,3.0,0.0,1.0,0.0,0.0,0.001934236,0.0,0,0,1,1,0
25421,-1,0,-0.95039934,0.2788045,0,1,unassigned,75.0,74.0,1.0,0.9866667,0.013333334,0.013333321,0.14119923,0.0018826565,0,0,0,0,0
25422,-1,0,-0.5410631,0.3679403,0,1,unassigned,13.0,13.0,0.0,1.0,0.0,0.0,0.021276595,0.0,0,0,0,0,0
25423,-1,0,-0.58408505,0.35799316,0,1,unassigned,9.0,8.0,1.0,0.8888889,0.11111111,0.111111104,0.013539651,0.0015044058,0,0,0,0,0
25424,-1,1,3.0313685,0.95397127,1,1,unassigned,3.0,2.0,1.0,0.6666667,0.33333334,0.3333333,0.001934236,0.00064474536,1,0,0,1,1
25425,-1,1,2.2042425,0.9006299,1,1,unassigned,70.0,63.0,7.0,0.9,0.1,0.100000024,0.13152805,0.013152805,1,0,0,1,1
25426,1,0,0.0758093,0.51894325,1,0,unassigned,5.0,5.0,0.0,1.0,0.0,0.0,0.0058027077,0.0,0,0,1,1,0
25427,-1,0,-0.50046945,0.37743032,0,1,unassigned,18.0,18.0,0.0,1.0,0.0,0.0,0.030947777,0.0,0,0,0,0,0
25428,-1,0,-0.7736538,0.31568924,0,1,unassigned,28.0,27.0,1.0,0.96428573,0.035714287,0.03571427,0.050290134,0.0017960763,0,0,0,0,0
25429,1,0,-0.4959877,0.37848404,0,1,val,28.0,28.0,0.0,1.0,0.0,0.0,0.050290134,0.0,0,0,0,0,0
25430,-1,0,1.4672945,0.8126458,1,1,unassigned,6.0,5.0,1.0,0.8333333,0.16666667,0.16666669,0.007736944,0.0012894907,0,0,0,1,0
25431,1,0,1.3586206,0.79553545,1,0,unassigned,10.0,10.0,0.0,1.0,0.0,0.0,0.015473888,0.0,0,0,1,1,0
25432,-1,0,0.20686597,0.5515328,1,1,unassigned,32.0,32.0,0.0,1.0,0.0,0.0,0.058027077,0.0,0,0,0,1,0
25433,-1,0,1.553571,0.8254289,1,1,unassigned,16.0,16.0,0.0,1.0,0.0,0.0,0.027079303,0.0,0,0,0,1,0
25434,-1,0,6.713782,0.99878746,1,1,unassigned,8.0,4.0,4.0,0.5,0.5,0.5,0.0116054155,0.0058027077,0,0,0,1,1
25435,-1,0,6.395019,0.9983329,1,1,unassigned,15.0,13.0,2.0,0.8666667,0.13333334,0.13333333,0.025145067,0.0033526758,0,0,0,1,1
25436,-1,1,-0.15064037,0.46241096,0,1,unassigned,4.0,4.0,0.0,1.0,0.0,0.0,0.003868472,0.0,1,0,0,0,0
25437,-1,0,-0.37301537,0.4078126,0,1,unassigned,7.0,7.0,0.0,1.0,0.0,0.0,0.00967118,0.0,0,0,0,0,0
25438,0,1,-0.49155107,0.37952825,0,0,test,127.0,120.0,7.0,0.9448819,0.05511811,0.055118084,0.24177949,0.013326429,1,0,1,0,0
25439,-1,1,1.3365662,0.7919247,1,1,unassigned,6.0,6.0,0.0,1.0,0.0,0.0,0.007736944,0.0,1,0,0,1,0
25440,0,0,-0.37977517,0.4061811,0,0,unassigned,19.0,16.0,3.0,0.84210527,0.15789473,0.15789473,0.032882012,0.0051918966,0,0,1,0,0
25441,1,0,0.12582117,0.53141385,1,0,val,17.0,17.0,0.0,1.0,0.0,0.0,0.029013539,0.0,0,0,1,1,0
25442,-1,0,-0.29466942,0.4268611,0,1,unassigned,2.0,2.0,0.0,1.0,0.0,0.0,0.0,0.0,0,0,0,0,0
25443,-1,1,0.68476135,0.6648005,1,1,unassigned,3.0,3.0,0.0,1.0,0.0,0.0,0.001934236,0.0,1,0,0,1,0
25444,0,0,-0.18302876,0.4543701,0,0,unassigned,80.0,79.0,1.0,0.9875,0.0125,0.012499988,0.15087041,0.0018858801,0,0,1,0,0
25445,-1,0,-0.28885174,0.42828503,0,1,unassigned,21.0,20.0,1.0,0.95238096,0.04761905,0.047619045,0.036750484,0.0017500231,0,0,0,0,0
25446,-1,0,-0.33790922,0.41631743,0,1,unassigned,18.0,18.0,0.0,1.0,0.0,0.0,0.030947777,0.0,0,0,0,0,0
25447,1,0,-0.6710099,0.33827072,0,1,test,5.0,5.0,0.0,1.0,0.0,0.0,0.0058027077,0.0,0,0,0,0,0
25448,-1,1,6.277295,0.998125,1,1,unassigned,7.0,7.0,0.0,1.0,0.0,0.0,0.00967118,0.0,1,0,0,1,1
25449,-1,0,3.0812728,0.9561136,1,1,unassigned,45.0,41.0,4.0,0.9111111,0.08888889,0.08888888,0.08317215,0.0073930803,0,0,0,1,1
25450,-1,0,0.10219288,0.525526,1,1,unassigned,28.0,28.0,0.0,1.0,0.0,0.0,0.050290134,0.0,0,0,0,1,0
25451,-1,0,-0.71584934,0.32830763,0,1,unassigned,30.0,30.0,0.0,1.0,0.0,0.0,0.054158606,0.0,0,0,0,0,0
25452,-1,0,-0.23413262,0.4417328,0,1,unassigned,100.0,100.0,0.0,1.0,0.0,0.0,0.18955512,0.0,0,0,0,0,0
25453,-1,1,-0.24681082,0.43860865,0,1,unassigned,13.0,12.0,1.0,0.9230769,0.07692308,0.07692307,0.021276595,0.0016366612,1,0,0,0,0
25454,-1,1,5.189805,0.99445784,1,1,unassigned,16.0,12.0,4.0,0.75,0.25,0.25,0.027079303,0.0067698257,1,0,0,1,1
25455,-1,0,0.93223697,0.7175289,1,1,unassigned,2.0,1.0,1.0,0.5,0.5,0.5,0.0,0.0,0,0,0,1,0
25456,-1,0,0.6403733,0.65483785,1,1,unassigned,25.0,25.0,0.0,1.0,0.0,0.0,0.044487428,0.0,0,0,0,1,0
25457,-1,1,4.987098,0.9932208,1,1,unassigned,2.0,2.0,0.0,1.0,0.0,0.0,0.0,0.0,1,0,0,1,1
25458,-1,0,-0.3870597,0.40442532,0,1,unassigned,30.0,28.0,2.0,0.93333334,0.06666667,0.06666666,0.054158606,0.003610574,0,0,0,0,0
25459,1,0,0.12007558,0.52998286,1,0,unassigned,3.0,3.0,0.0,1.0,0.0,0.0,0.001934236,0.0,0,0,1,1,0
25460,-1,0,0.6686111,0.6611921,1,1,unassigned,18.0,18.0,0.0,1.0,0.0,0.0,0.030947777,0.0,0,0,0,1,0
25461,-1,0,-0.4670431,0.38531634,0,1,unassigned,11.0,11.0,0.0,1.0,0.0,0.0,0.017408123,0.0,0,0,0,0,0
25462,-1,0,12.273538,0.99999535,1,1,unassigned,4.0,4.0,0.0,1.0,0.0,0.0,0.003868472,0.0,0,0,0,1,1
25463,-1,0,0.15989298,0.5398883,1,1,unassigned,6.0,6.0,0.0,1.0,0.0,0.0,0.007736944,0.0,0,0,0,1,0
25464,-1,0,0.18811792,0.5468913,1,1,unassigned,41.0,40.0,1.0,0.9756098,0.024390243,0.02439022,0.07543521,0.001839883,0,0,0,1,0
25465,-1,0,0.04061508,0.5101524,1,1,unassigned,33.0,32.0,1.0,0.969697,0.030303031,0.030303001,0.059961315,0.0018170096,0,0,0,1,0
25466,-1,1,-0.1128436,0.471819,0,1,unassigned,53.0,51.0,2.0,0.9622642,0.03773585,0.03773582,0.09864604,0.0037224921,1,0,0,0,0
25467,-1,1,7.796557,0.999589,1,1,unassigned,4.0,2.0,2.0,0.5,0.5,0.5,0.003868472,0.001934236,1,0,0,1,1
25468,-1,1,4.529839,0.9893327,1,1,unassigned,11.0,11.0,0.0,1.0,0.0,0.0,0.017408123,0.0,1,0,0,1,1
25469,-1,0,2.5657744,0.9286262,1,1,unassigned,5.0,5.0,0.0,1.0,0.0,0.0,0.0058027077,0.0,0,0,0,1,1
25470,-1,1,8.239234,0.999736,1,1,unassigned,2.0,2.0,0.0,1.0,0.0,0.0,0.0,0.0,1,0,0,1,1
25471,-1,0,-0.60650516,0.35285684,0,1,unassigned,38.0,38.0,0.0,1.0,0.0,0.0,0.06963249,0.0,0,0,0,0,0
25472,-1,1,1.7253168,0.84881234,1,1,unassigned,5.0,5.0,0.0,1.0,0.0,0.0,0.0058027077,0.0,1,0,0,1,0
25473,1,0,3.0609784,0.95525414,1,0,unassigned,24.0,24.0,0.0,1.0,0.0,0.0,0.04255319,0.0,0,0,1,1,1
25474,0,0,-0.21349254,0.4468287,0,0,val,24.0,24.0,0.0,1.0,0.0,0.0,0.04255319,0.0,0,0,1,0,0
25475,-1,0,-0.83522534,0.30254135,0,1,unassigned,42.0,40.0,2.0,0.95238096,0.04761905,0.047619045,0.07736944,0.003684259,0,0,0,0,0
25476,-1,0,-0.5186565,0.3731664,0,1,unassigned,44.0,41.0,3.0,0.9318182,0.06818182,0.06818181,0.08123791,0.005538949,0,0,0,0,0
25477,-1,1,4.0788603,0.983355,1,1,unassigned,4.0,4.0,0.0,1.0,0.0,0.0,0.003868472,0.0,1,0,0,1,1
25478,-1,0,0.4151051,0.6023113,1,1,unassigned,24.0,22.0,2.0,0.9166667,0.083333336,0.08333331,0.04255319,0.0035460992,0,0,0,1,0
25479,-1,0,-0.5540425,0.36492702,0,1,unassigned,49.0,44.0,5.0,0.8979592,0.10204082,0.10204083,0.09090909,0.0092764385,0,0,0,0,0
25480,0,1,0.14169902,0.5353656,1,1,val,2.0,2.0,0.0,1.0,0.0,0.0,0.0,0.0,1,0,0,1,0
25481,-1,1,-0.5099277,0.3752105,0,1,unassigned,43.0,42.0,1.0,0.9767442,0.023255814,0.023255825,0.079303674,0.0018442714,1,0,0,0,0
25482,-1,0,-0.33273306,0.41757578,0,1,unassigned,2.0,2.0,0.0,1.0,0.0,0.0,0.0,0.0,0,0,0,0,0
25483,0,0,-0.67624927,0.33709893,0,0,train,37.0,37.0,0.0,1.0,0.0,0.0,0.06769826,0.0,0,0,1,0,0
25484,-1,0,1.2746243,0.7815333,1,1,unassigned,10.0,10.0,0.0,1.0,0.0,0.0,0.015473888,0.0,0,0,0,1,0
25485,-1,1,6.512193,0.998517,1,1,unassigned,2.0,2.0,0.0,1.0,0.0,0.0,0.0,0.0,1,0,0,1,1
25486,-1,0,3.9202092,0.9805489,1,1,unassigned,14.0,12.0,2.0,0.85714287,0.14285715,0.14285713,0.023210831,0.0033158332,0,0,0,1,1
25487,-1,1,4.4376807,0.98831487,1,1,unassigned,23.0,14.0,9.0,0.6086956,0.39130434,0.39130437,0.040618956,0.015894374,1,0,0,1,1
25488,-1,1,0.47215563,0.61589384,1,1,unassigned,41.0,40.0,1.0,0.9756098,0.024390243,0.02439022,0.07543521,0.001839883,1,0,0,1,0
25489,-1,0,2.644047,0.9336431,1,1,unassigned,14.0,14.0,0.0,1.0,0.0,0.0,0.023210831,0.0,0,0,0,1,1
25490,0,0,-0.7069887,0.33026457,0,0,unassigned,40.0,40.0,0.0,1.0,0.0,0.0,0.07350097,0.0,0,0,1,0,0
25491,-1,0,0.9711892,0.72535646,1,1,unassigned,6.0,6.0,0.0,1.0,0.0,0.0,0.007736944,0.0,0,0,0,1,0
25492,-1,1,3.4865582,0.9703029,1,1,unassigned,104.0,96.0,8.0,0.9230769,0.07692308,0.07692307,0.19729207,0.015176314,1,0,0,1,1
25493,-1,0,-0.47711146,0.38293445,0,1,unassigned,2.0,2.0,0.0,1.0,0.0,0.0,0.0,0.0,0,0,0,0,0
25494,-1,0,7.5585895,0.99947864,1,1,unassigned,2.0,2.0,0.0,1.0,0.0,0.0,0.0,0.0,0,0,0,1,1
25495,-1,0,8.2360325,0.9997352,1,1,unassigned,2.0,2.0,0.0,1.0,0.0,0.0,0.0,0.0,0,0,0,1,1
25496,-1,0,8.315481,0.9997553,1,1,unassigned,2.0,2.0,0.0,1.0,0.0,0.0,0.0,0.0,0,0,0,1,1
25497,0,1,-0.18118584,0.45482704,0,0,unassigned,70.0,67.0,3.0,0.95714283,0.042857144,0.04285717,0.13152805,0.0056369165,1,0,1,0,0
25498,1,1,7.8710427,0.99961853,1,0,unassigned,2.0,2.0,0.0,1.0,0.0,0.0,0.0,0.0,1,0,1,1,1
25499,-1,1,0.18640715,0.5464673,1,1,unassigned,2.0,2.0,0.0,1.0,0.0,0.0,0.0,0.0,1,0,0,1,0
25500,-1,0,-0.7938607,0.3113403,0,1,unassigned,48.0,46.0,2.0,0.9583333,0.041666668,0.041666687,0.088974856,0.0037072857,0,0,0,0,0
25501,-1,1,2.9925427,0.9522361,1,1,unassigned,13.0,8.0,5.0,0.61538464,0.3846154,0.38461536,0.021276595,0.008183306,1,0,0,1,1
25502,-1,0,8.2360325,0.9997352,1,1,unassigned,2.0,2.0,0.0,1.0,0.0,0.0,0.0,0.0,0,0,0,1,1
25503,-1,0,-0.024896324,0.4937762,0,1,unassigned,5.0,5.0,0.0,1.0,0.0,0.0,0.0058027077,0.0,0,0,0,0,0
25504,0,0,0.7732745,0.6842288,1,1,unassigned,4.0,4.0,0.0,1.0,0.0,0.0,0.003868472,0.0,0,0,0,1,0
25505,-1,0,-0.96844685,0.27519017,0,1,unassigned,2.0,2.0,0.0,1.0,0.0,0.0,0.0,0.0,0,0,0,0,0
25506,-1,0,7.5782456,0.99948883,1,1,unassigned,5.0,5.0,0.0,1.0,0.0,0.0,0.0058027077,0.0,0,0,0,1,1
25507,-1,0,-0.3256529,0.41929874,0,1,unassigned,5.0,5.0,0.0,1.0,0.0,0.0,0.0058027077,0.0,0,0,0,0,0
25508,-1,0,-0.31353056,0.4222532,0,1,unassigned,14.0,14.0,0.0,1.0,0.0,0.0,0.023210831,0.0,0,0,0,0,0
25509,-1,1,-0.45250642,0.388765,0,1,unassigned,37.0,37.0,0.0,1.0,0.0,0.0,0.06769826,0.0,1,0,0,0,0
25510,-1,1,-0.44483453,0.39058957,0,1,unassigned,52.0,51.0,1.0,0.9807692,0.01923077,0.019230783,0.0967118,0.0018598423,1,0,0,0,0
25511,-1,0,-0.17779508,0.45566794,0,1,unassigned,10.0,10.0,0.0,1.0,0.0,0.0,0.015473888,0.0,0,0,0,0,0
25512,-1,1,6.7255907,0.9988016,1,1,unassigned,4.0,3.0,1.0,0.75,0.25,0.25,0.003868472,0.000967118,1,0,0,1,1
25513,-1,0,-0.6007037,0.35418272,0,1,unassigned,75.0,75.0,0.0,1.0,0.0,0.0,0.14119923,0.0,0,0,0,0,0
25514,1,0,0.17160457,0.5427962,1,0,test,40.0,38.0,2.0,0.95,0.05,0.050000012,0.07350097,0.0036750485,0,0,1,1,0
25515,-1,0,-0.2021465,0.44963476,0,1,unassigned,51.0,50.0,1.0,0.98039216,0.019607844,0.019607842,0.09477756,0.0018583836,0,0,0,0,0
25516,-1,0,7.547177,0.9994727,1,1,unassigned,2.0,2.0,0.0,1.0,0.0,0.0,0.0,0.0,0,0,0,1,1
25517,1,0,-0.6199417,0.34979475,0,1,unassigned,70.0,70.0,0.0,1.0,0.0,0.0,0.13152805,0.0,0,0,0,0,0
25518,-1,0,-0.5275897,0.37107924,0,1,unassigned,59.0,59.0,0.0,1.0,0.0,0.0,0.11025145,0.0,0,0,0,0,0
25519,-1,1,0.17906803,0.54464775,1,1,unassigned,2.0,2.0,0.0,1.0,0.0,0.0,0.0,0.0,1,0,0,1,0
25520,-1,0,6.764816,0.9988476,1,1,unassigned,2.0,2.0,0.0,1.0,0.0,0.0,0.0,0.0,0,0,0,1,1
25521,-1,0,0.62989575,0.6524658,1,1,unassigned,6.0,6.0,0.0,1.0,0.0,0.0,0.007736944,0.0,0,0,0,1,0
25522,-1,0,-0.36551964,0.40962407,0,1,unassigned,13.0,12.0,1.0,0.9230769,0.07692308,0.07692307,0.021276595,0.0016366612,0,0,0,0,0
25523,-1,0,-0.8508068,0.29926366,0,1,unassigned,43.0,41.0,2.0,0.95348835,0.046511628,0.04651165,0.079303674,0.0036885429,0,0,0,0,0
25524,-1,1,-0.1487776,0.46287408,0,1,unassigned,56.0,54.0,2.0,0.96428573,0.035714287,0.03571427,0.10444874,0.0037303125,1,0,0,0,0
25525,0,1,-0.6345344,0.34648308,0,0,unassigned,36.0,36.0,0.0,1.0,0.0,0.0,0.065764025,0.0,1,0,1,0,0
25526,-1,1,-0.7259927,0.32607475,0,1,unassigned,27.0,24.0,3.0,0.8888889,0.11111111,0.111111104,0.0483559,0.0053728777,1,0,0,0,0
25527,-1,0,-0.6076721,0.3525904,0,1,unassigned,55.0,52.0,3.0,0.94545454,0.054545455,0.054545462,0.102514505,0.0055917003,0,0,0,0,0
25528,-1,0,-0.18248469,0.454505,0,1,unassigned,9.0,9.0,0.0,1.0,0.0,0.0,0.013539651,0.0,0,0,0,0,0
25529,-1,0,-0.6386686,0.34554756,0,1,unassigned,5.0,5.0,0.0,1.0,0.0,0.0,0.0058027077,0.0,0,0,0,0,0
25530,-1,1,8.082523,0.99969125,1,1,unassigned,3.0,3.0,0.0,1.0,0.0,0.0,0.001934236,0.0,1,0,0,1,1
25531,-1,0,1.8933661,0.86913884,1,1,unassigned,23.0,23.0,0.0,1.0,0.0,0.0,0.040618956,0.0,0,0,0,1,0
25532,-1,0,-0.7870414,0.31280428,0,1,unassigned,155.0,152.0,3.0,0.9806452,0.019354839,0.01935482,0.2959381,0.0057278345,0,0,0,0,0
25533,0,0,-0.62746954,0.34808454,0,0,test,27.0,27.0,0.0,1.0,0.0,0.0,0.0483559,0.0,0,0,1,0,0
25534,-1,1,3.2986002,0.96438074,1,1,unassigned,3.0,3.0,0.0,1.0,0.0,0.0,0.001934236,0.0,1,0,0,1,1
25535,0,0,-0.8554485,0.29829118,0,0,unassigned,40.0,40.0,0.0,1.0,0.0,0.0,0.07350097,0.0,0,0,1,0,0
25536,-1,1,0.5152131,0.62602776,1,1,unassigned,2.0,1.0,1.0,0.5,0.5,0.5,0.0,0.0,1,0,0,1,0
25537,-1,0,-0.77519274,0.31535685,0,1,unassigned,62.0,6.0,56.0,0.09677419,0.9032258,0.9032258,0.116054155,0.104823105,0,0,0,0,0
25538,-1,0,3.317684,0.96503055,1,1,unassigned,2.0,1.0,1.0,0.5,0.5,0.5,0.0,0.0,0,0,0,1,1
25539,0,0,-0.80169106,0.3096639,0,0,test,15.0,15.0,0.0,1.0,0.0,0.0,0.025145067,0.0,0,0,1,0,0
25540,-1,0,-0.0140352845,0.49649125,0,1,unassigned,15.0,15.0,0.0,1.0,0.0,0.0,0.025145067,0.0,0,0,0,0,0
25541,1,0,1.6813223,0.84307957,1,0,unassigned,8.0,8.0,0.0,1.0,0.0,0.0,0.0116054155,0.0,0,0,1,1,0
25542,-1,0,8.776493,0.9998456,1,1,unassigned,2.0,2.0,0.0,1.0,0.0,0.0,0.0,0.0,0,0,0,1,1
25543,0,1,-0.4646149,0.38589165,0,0,test,20.0,20.0,0.0,1.0,0.0,0.0,0.034816246,0.0,1,0,1,0,0
25544,-1,0,0.55574733,0.63546795,1,1,unassigned,2.0,2.0,0.0,1.0,0.0,0.0,0.0,0.0,0,0,0,1,0
25545,-1,0,0.9096933,0.71293736,1,1,unassigned,2.0,2.0,0.0,1.0,0.0,0.0,0.0,0.0,0,0,0,1,0
25546,-1,0,-0.32688254,0.41899934,0,1,unassigned,13.0,13.0,0.0,1.0,0.0,0.0,0.021276595,0.0,0,0,0,0,0
25547,-1,0,-0.29769918,0.42612,0,1,unassigned,23.0,23.0,0.0,1.0,0.0,0.0,0.040618956,0.0,0,0,0,0,0
25548,1,0,-0.2644157,0.43427855,0,1,val,19.0,19.0,0.0,1.0,0.0,0.0,0.032882012,0.0,0,0,0,0,0
25549,-1,0,5.212601,0.994582,1,1,unassigned,12.0,12.0,0.0,1.0,0.0,0.0,0.01934236,0.0,0,0,0,1,1
25550,-1,0,-0.33534598,0.41694042,0,1,unassigned,4.0,4.0,0.0,1.0,0.0,0.0,0.003868472,0.0,0,0,0,0,0
25551,-1,0,12.688219,0.9999969,1,1,unassigned,2.0,2.0,0.0,1.0,0.0,0.0,0.0,0.0,0,0,0,1,1
25552,-1,0,-0.2633434,0.43454203,0,1,unassigned,21.0,21.0,0.0,1.0,0.0,0.0,0.036750484,0.0,0,0,0,0,0
25553,-1,0,-0.6365296,0.34603146,0,1,unassigned,67.0,64.0,3.0,0.95522386,0.04477612,0.04477614,0.12572534,0.005629493,0,0,0,0,0
25554,-1,0,1.348186,0.79383296,1,1,unassigned,2.0,1.0,1.0,0.5,0.5,0.5,0.0,0.0,0,0,0,1,0
25555,0,0,-0.09536463,0.4761769,0,0,test,7.0,6.0,1.0,0.85714287,0.14285715,0.14285713,0.00967118,0.0013815971,0,0,1,0,0
25556,-1,0,-1.5072978,0.1813396,0,1,unassigned,14.0,14.0,0.0,1.0,0.0,0.0,0.023210831,0.0,0,0,0,0,0
25557,0,0,-0.22359979,0.44433182,0,0,unassigned,3.0,2.0,1.0,0.6666667,0.33333334,0.3333333,0.001934236,0.00064474536,0,0,1,0,0
25558,-1,0,-0.9821863,0.27245817,0,1,unassigned,25.0,25.0,0.0,1.0,0.0,0.0,0.044487428,0.0,0,0,0,0,0
25559,-1,0,-0.6430036,0.3445679,0,1,unassigned,24.0,24.0,0.0,1.0,0.0,0.0,0.04255319,0.0,0,0,0,0,0
25560,-1,0,-0.6755753,0.33724955,0,1,unassigned,25.0,25.0,0.0,1.0,0.0,0.0,0.044487428,0.0,0,0,0,0,0
25561,-1,0,0.059972644,0.51498866,1,1,unassigned,15.0,15.0,0.0,1.0,0.0,0.0,0.025145067,0.0,0,0,0,1,0
25562,-1,0,3.6561968,0.9748199,1,1,unassigned,3.0,3.0,0.0,1.0,0.0,0.0,0.001934236,0.0,0,0,0,1,1
25563,-1,0,-0.2537321,0.43690512,0,1,unassigned,13.0,13.0,0.0,1.0,0.0,0.0,0.021276595,0.0,0,0,0,0,0
25564,-1,0,-0.98033893,0.27282453,0,1,unassigned,50.0,50.0,0.0,1.0,0.0,0.0,0.092843324,0.0,0,0,0,0,0
25565,-1,0,-0.96792066,0.27529517,0,1,unassigned,16.0,16.0,0.0,1.0,0.0,0.0,0.027079303,0.0,0,0,0,0,0
25566,-1,0,-0.9283038,0.28326896,0,1,unassigned,29.0,29.0,0.0,1.0,0.0,0.0,0.05222437,0.0,0,0,0,0,0
25567,-1,0,-0.92618215,0.2836999,0,1,unassigned,29.0,29.0,0.0,1.0,0.0,0.0,0.05222437,0.0,0,0,0,0,0
25568,-1,0,-0.17392561,0.45662785,0,1,unassigned,7.0,7.0,0.0,1.0,0.0,0.0,0.00967118,0.0,0,0,0,0,0
25569,-1,0,2.910517,0.9483639,1,1,unassigned,7.0,7.0,0.0,1.0,0.0,0.0,0.00967118,0.0,0,0,0,1,1
25570,-1,1,-0.3469324,0.41412652,0,1,unassigned,9.0,8.0,1.0,0.8888889,0.11111111,0.111111104,0.013539651,0.0015044058,1,0,0,0,0
25571,-1,0,0.37872964,0.59356666,1,1,unassigned,2.0,2.0,0.0,1.0,0.0,0.0,0.0,0.0,0,0,0,1,0
25572,-1,1,-0.1506623,0.46240553,0,1,unassigned,3.0,3.0,0.0,1.0,0.0,0.0,0.001934236,0.0,1,0,0,0,0
25573,-1,0,-0.3282659,0.41866267,0,1,unassigned,10.0,10.0,0.0,1.0,0.0,0.0,0.015473888,0.0,0,0,0,0,0
25574,-1,1,0.27839696,0.5691532,1,1,unassigned,12.0,12.0,0.0,1.0,0.0,0.0,0.01934236,0.0,1,0,0,1,0
25575,-1,1,-0.16002023,0.4600801,0,1,unassigned,65.0,63.0,2.0,0.9692308,0.03076923,0.030769229,0.12185687,0.003749442,1,0,0,0,0
25576,-1,0,-0.3625252,0.41034842,0,1,unassigned,24.0,24.0,0.0,1.0,0.0,0.0,0.04255319,0.0,0,0,0,0,0
25577,0,0,-0.8443885,0.30061132,0,0,unassigned,20.0,20.0,0.0,1.0,0.0,0.0,0.034816246,0.0,0,0,1,0,0
25578,-1,1,5.7605615,0.9968605,1,1,unassigned,4.0,4.0,0.0,1.0,0.0,0.0,0.003868472,0.0,1,0,0,1,1
25579,-1,0,1.1273134,0.7553428,1,1,unassigned,2.0,2.0,0.0,1.0,0.0,0.0,0.0,0.0,0,0,0,1,0
25580,-1,1,8.245058,0.99973756,1,1,unassigned,2.0,1.0,1.0,0.5,0.5,0.5,0.0,0.0,1,0,0,1,1
25581,-1,0,4.525703,0.9892889,1,1,unassigned,4.0,4.0,0.0,1.0,0.0,0.0,0.003868472,0.0,0,0,0,1,1
25582,-1,0,-0.91654575,0.28566223,0,1,unassigned,71.0,69.0,2.0,0.97183096,0.028169014,0.028169036,0.13346228,0.0037595008,0,0,0,0,0
25583,-1,0,-0.7264062,0.32598385,0,1,unassigned,99.0,98.0,1.0,0.989899,0.01010101,0.01010102,0.1876209,0.0018951605,0,0,0,0,0
25584,-1,1,5.0303473,0.99350595,1,1,unassigned,5.0,2.0,3.0,0.4,0.6,0.6,0.0058027077,0.0034816249,1,0,0,1,1
25585,-1,1,0.140302,0.535018,1,1,unassigned,29.0,29.0,0.0,1.0,0.0,0.0,0.05222437,0.0,1,0,0,1,0
25586,-1,1,0.09843677,0.52458936,1,1,unassigned,35.0,32.0,3.0,0.9142857,0.08571429,0.08571428,0.06382979,0.005471125,1,0,0,1,0
25587,-1,1,2.98875,0.9520633,1,1,unassigned,15.0,13.0,2.0,0.8666667,0.13333334,0.13333333,0.025145067,0.0033526758,1,0,0,1,1
25588,-1,0,1.1675208,0.7626966,1,1,unassigned,6.0,6.0,0.0,1.0,0.0,0.0,0.007736944,0.0,0,0,0,1,0
25589,-1,0,-0.953228,0.2782361,0,1,unassigned,36.0,36.0,0.0,1.0,0.0,0.0,0.065764025,0.0,0,0,0,0,0
25590,-1,1,3.804188,0.97820824,1,1,unassigned,25.0,20.0,5.0,0.8,0.2,0.19999999,0.044487428,0.008897486,1,0,0,1,1
25591,0,1,-0.6391985,0.34542775,0,0,val,13.0,13.0,0.0,1.0,0.0,0.0,0.021276595,0.0,1,0,1,0,0
25592,-1,0,-0.59838253,0.35471383,0,1,unassigned,27.0,27.0,0.0,1.0,0.0,0.0,0.0483559,0.0,0,0,0,0,0
25593,-1,0,-0.8091206,0.30807793,0,1,unassigned,47.0,47.0,0.0,1.0,0.0,0.0,0.08704062,0.0,0,0,0,0,0
25594,-1,0,-0.6859714,0.33492988,0,1,unassigned,8.0,8.0,0.0,1.0,0.0,0.0,0.0116054155,0.0,0,0,0,0,0
25595,-1,0,-0.8902073,0.29106706,0,1,unassigned,24.0,20.0,4.0,0.8333333,0.16666667,0.16666669,0.04255319,0.0070921984,0,0,0,0,0
25596,-1,0,-0.3274172,0.4188692,0,1,unassigned,10.0,10.0,0.0,1.0,0.0,0.0,0.015473888,0.0,0,0,0,0,0
25597,-1,1,-0.030944765,0.49226448,0,1,unassigned,7.0,7.0,0.0,1.0,0.0,0.0,0.00967118,0.0,1,0,0,0,0
25598,-1,0,3.5376284,0.9717397,1,1,unassigned,6.0,3.0,3.0,0.5,0.5,0.5,0.007736944,0.003868472,0,0,0,1,1
25599,-1,1,-0.083830655,0.4790546,0,1,unassigned,19.0,18.0,1.0,0.94736844,0.05263158,0.052631557,0.032882012,0.0017306323,1,0,0,0,0
25600,1,1,1.2702725,0.78078943,1,0,test,6.0,6.0,0.0,1.0,0.0,0.0,0.007736944,0.0,1,0,1,1,0
25601,-1,0,6.8429904,0.9989342,1,1,unassigned,3.0,3.0,0.0,1.0,0.0,0.0,0.001934236,0.0,0,0,0,1,1
25602,0,0,-0.23161584,0.44235352,0,0,test,4.0,4.0,0.0,1.0,0.0,0.0,0.003868472,0.0,0,0,1,0,0
25603,-1,1,4.3639674,0.98743224,1,1,unassigned,2.0,2.0,0.0,1.0,0.0,0.0,0.0,0.0,1,0,0,1,1
25604,-1,1,0.14695269,0.53667223,1,1,unassigned,2.0,2.0,0.0,1.0,0.0,0.0,0.0,0.0,1,0,0,1,0
25605,-1,0,3.4766586,0.9700163,1,1,unassigned,3.0,2.0,1.0,0.6666667,0.33333334,0.3333333,0.001934236,0.00064474536,0,0,0,1,1
25606,-1,1,2.1987622,0.90013826,1,1,unassigned,6.0,6.0,0.0,1.0,0.0,0.0,0.007736944,0.0,1,0,0,1,1
25607,1,1,1.6003053,0.83206105,1,0,val,3.0,3.0,0.0,1.0,0.0,0.0,0.001934236,0.0,1,0,1,1,0
25608,0,1,-0.7283907,0.32554796,0,0,val,2.0,2.0,0.0,1.0,0.0,0.0,0.0,0.0,1,0,1,0,0
25609,-1,1,-0.85217524,0.29897675,0,1,unassigned,54.0,50.0,4.0,0.9259259,0.074074075,0.07407409,0.10058027,0.00745039,1,0,0,0,0
25610,-1,0,1.2741811,0.78145766,1,1,unassigned,4.0,3.0,1.0,0.75,0.25,0.25,0.003868472,0.000967118,0,0,0,1,0
25611,-1,0,3.77131,0.97749615,1,1,unassigned,4.0,3.0,1.0,0.75,0.25,0.25,0.003868472,0.000967118,0,0,0,1,1
25612,-1,1,-0.31684375,0.42144516,0,1,unassigned,5.0,5.0,0.0,1.0,0.0,0.0,0.0058027077,0.0,1,0,0,0,0
25613,-1,0,-0.05275625,0.48681402,0,1,unassigned,5.0,5.0,0.0,1.0,0.0,0.0,0.0058027077,0.0,0,0,0,0,0
25614,-1,0,-0.95254934,0.2783724,0,1,unassigned,37.0,37.0,0.0,1.0,0.0,0.0,0.06769826,0.0,0,0,0,0,0
25615,-1,0,-0.6226127,0.34918746,0,1,unassigned,21.0,16.0,5.0,0.7619048,0.23809524,0.23809522,0.036750484,0.0087501155,0,0,0,0,0
25616,-1,1,4.5145454,0.98917,1,1,unassigned,12.0,10.0,2.0,0.8333333,0.16666667,0.16666669,0.01934236,0.0032237265,1,0,0,1,1
25617,-1,1,3.1675866,0.95959616,1,1,unassigned,12.0,11.0,1.0,0.9166667,0.083333336,0.08333331,0.01934236,0.0016118633,1,0,0,1,1
25618,-1,0,-0.5725332,0.36065248,0,1,unassigned,2.0,2.0,0.0,1.0,0.0,0.0,0.0,0.0,0,0,0,0,0
25619,-1,1,1.7204092,0.84818155,1,1,unassigned,2.0,2.0,0.0,1.0,0.0,0.0,0.0,0.0,1,0,0,1,0
25620,1,1,9.399264,0.99991727,1,0,unassigned,11.0,10.0,1.0,0.90909094,0.09090909,0.090909064,0.017408123,0.0015825568,1,0,1,1,1
25621,-1,0,1.0024488,0.7315397,1,1,unassigned,2.0,2.0,0.0,1.0,0.0,0.0,0.0,0.0,0,0,0,1,0
25622,-1,0,-0.80719256,0.30848905,0,1,unassigned,112.0,110.0,2.0,0.98214287,0.017857144,0.017857134,0.21276596,0.0037993924,0,0,0,0,0
25623,0,0,0.27711314,0.56883836,1,1,train,6.0,5.0,1.0,0.8333333,0.16666667,0.16666669,0.007736944,0.0012894907,0,0,0,1,0
25624,-1,0,-0.25183135,0.43737277,0,1,unassigned,20.0,12.0,8.0,0.6,0.4,0.39999998,0.034816246,0.013926499,0,0,0,0,0
25625,-1,0,-0.41585448,0.39750916,0,1,unassigned,76.0,71.0,5.0,0.93421054,0.065789476,0.06578946,0.14313346,0.009416675,0,0,0,0,0
25626,-1,0,2.2367957,0.90350544,1,1,unassigned,19.0,18.0,1.0,0.94736844,0.05263158,0.052631557,0.032882012,0.0017306323,0,0,0,1,1
25627,-1,0,0.26461762,0.56577104,1,1,unassigned,5.0,5.0,0.0,1.0,0.0,0.0,0.0058027077,0.0,0,0,0,1,0
25628,-1,0,1.6205862,0.83487594,1,1,unassigned,6.0,6.0,0.0,1.0,0.0,0.0,0.007736944,0.0,0,0,0,1,0
25629,-1,1,3.0402303,0.9543588,1,1,unassigned,8.0,7.0,1.0,0.875,0.125,0.125,0.0116054155,0.0014506769,1,0,0,1,1
25630,1,0,-0.63135004,0.3472045,0,1,unassigned,5.0,5.0,0.0,1.0,0.0,0.0,0.0058027077,0.0,0,0,0,0,0
25631,-1,1,-0.009104133,0.49772397,0,1,unassigned,21.0,21.0,0.0,1.0,0.0,0.0,0.036750484,0.0,1,0,0,0,0
25632,-1,1,-0.68413365,0.33533937,0,1,unassigned,7.0,7.0,0.0,1.0,0.0,0.0,0.00967118,0.0,1,0,0,0,0
25633,-1,1,2.674793,0.93552274,1,1,unassigned,115.0,89.0,26.0,0.773913,0.22608696,0.22608697,0.21856867,0.049415525,1,0,0,1,1
25634,-1,0,-0.6163823,0.3506047,0,1,unassigned,18.0,18.0,0.0,1.0,0.0,0.0,0.030947777,0.0,0,0,0,0,0
25635,-1,0,0.2642342,0.56567687,1,1,unassigned,9.0,9.0,0.0,1.0,0.0,0.0,0.013539651,0.0,0,0,0,1,0
25636,-1,0,-0.40727305,0.39956617,0,1,unassigned,16.0,14.0,2.0,0.875,0.125,0.125,0.027079303,0.0033849129,0,0,0,0,0
25637,-1,0,0.83622223,0.6976689,1,1,unassigned,13.0,8.0,5.0,0.61538464,0.3846154,0.38461536,0.021276595,0.008183306,0,0,0,1,0
25638,-1,0,-0.17161411,0.45720145,0,1,unassigned,7.0,7.0,0.0,1.0,0.0,0.0,0.00967118,0.0,0,0,0,0,0
25639,-1,0,-0.46836525,0.38500327,0,1,unassigned,2.0,2.0,0.0,1.0,0.0,0.0,0.0,0.0,0,0,0,0,0
25640,-1,1,-0.75683594,0.31933358,0,1,unassigned,2.0,2.0,0.0,1.0,0.0,0.0,0.0,0.0,1,0,0,0,0
25641,-1,0,-0.4413544,0.3914183,0,1,unassigned,3.0,3.0,0.0,1.0,0.0,0.0,0.001934236,0.0,0,0,0,0,0
25642,-1,0,-0.8392248,0.30169806,0,1,unassigned,54.0,53.0,1.0,0.9814815,0.018518519,0.018518507,0.10058027,0.0018625975,0,0,0,0,0
25643,-1,0,-0.4850524,0.38105983,0,1,unassigned,6.0,6.0,0.0,1.0,0.0,0.0,0.007736944,0.0,0,0,0,0,0
25644,-1,0,-0.9263717,0.2836614,0,1,unassigned,27.0,27.0,0.0,1.0,0.0,0.0,0.0483559,0.0,0,0,0,0,0
25645,0,1,-0.60718906,0.3527007,0,0,unassigned,36.0,35.0,1.0,0.9722222,0.027777778,0.027777791,0.065764025,0.0018267785,1,0,1,0,0
25646,-1,0,-0.9932088,0.27027872,0,1,unassigned,26.0,26.0,0.0,1.0,0.0,0.0,0.046421662,0.0,0,0,0,0,0
25647,0,1,0.12159115,0.5303604,1,1,unassigned,9.0,8.0,1.0,0.8888889,0.11111111,0.111111104,0.013539651,0.0015044058,1,0,0,1,0
25648,1,0,-0.86630726,0.29602325,0,1,unassigned,63.0,63.0,0.0,1.0,0.0,0.0,0.11798839,0.0,0,0,0,0,0
25649,-1,0,1.2025874,0.7689847,1,1,unassigned,10.0,10.0,0.0,1.0,0.0,0.0,0.015473888,0.0,0,0,0,1,0
25650,-1,0,-0.99000525,0.27091104,0,1,unassigned,62.0,62.0,0.0,1.0,0.0,0.0,0.116054155,0.0,0,0,0,0,0
25651,-1,1,1.1277444,0.7554224,1,1,unassigned,4.0,4.0,0.0,1.0,0.0,0.0,0.003868472,0.0,1,0,0,1,0
25652,-1,0,-0.90027034,0.28899497,0,1,unassigned,41.0,40.0,1.0,0.9756098,0.024390243,0.02439022,0.07543521,0.001839883,0,0,0,0,0
25653,-1,0,-0.858167,0.29772246,0,1,unassigned,70.0,69.0,1.0,0.98571426,0.014285714,0.014285743,0.13152805,0.0018789722,0,0,0,0,0
25654,-1,0,-0.8398032,0.30157623,0,1,unassigned,24.0,22.0,2.0,0.9166667,0.083333336,0.08333331,0.04255319,0.0035460992,0,0,0,0,0
25655,-1,1,-0.09819111,0.47547188,0,1,unassigned,5.0,5.0,0.0,1.0,0.0,0.0,0.0058027077,0.0,1,0,0,0,0
25656,-1,0,-0.7936003,0.31139612,0,1,unassigned,100.0,99.0,1.0,0.99,0.01,0.00999999,0.18955512,0.0018955512,0,0,0,0,0
25657,-1,0,1.0463252,0.7400686,1,1,unassigned,9.0,9.0,0.0,1.0,0.0,0.0,0.013539651,0.0,0,0,0,1,0
25658,-1,1,1.2405436,0.7756586,1,1,unassigned,10.0,10.0,0.0,1.0,0.0,0.0,0.015473888,0.0,1,0,0,1,0
25659,-1,1,0.9556839,0.7222568,1,1,unassigned,5.0,5.0,0.0,1.0,0.0,0.0,0.0058027077,0.0,1,0,0,1,0
25660,1,1,7.2227993,0.99927074,1,0,train,16.0,16.0,0.0,1.0,0.0,0.0,0.027079303,0.0,1,0,1,1,1
25661,-1,0,9.8176,0.9999455,1,1,unassigned,2.0,2.0,0.0,1.0,0.0,0.0,0.0,0.0,0,0,0,1,1
25662,-1,1,-0.8542867,0.29853442,0,1,unassigned,58.0,53.0,5.0,0.9137931,0.0862069,0.08620691,0.10831721,0.009337691,1,0,0,0,0
25663,-1,1,-0.608679,0.3523606,0,1,unassigned,43.0,40.0,3.0,0.9302326,0.069767445,0.069767416,0.079303674,0.0055328147,1,0,0,0,0
25664,-1,1,1.9490283,0.87534064,1,1,unassigned,20.0,20.0,0.0,1.0,0.0,0.0,0.034816246,0.0,1,0,0,1,0
25665,-1,0,-0.9241406,0.28411496,0,1,unassigned,78.0,77.0,1.0,0.98717946,0.012820513,0.012820542,0.14700194,0.0018846402,0,0,0,0,0
25666,-1,1,1.9694021,0.8775469,1,1,unassigned,6.0,6.0,0.0,1.0,0.0,0.0,0.007736944,0.0,1,0,0,1,0
25667,0,1,-0.8429878,0.30090588,0,0,val,59.0,56.0,3.0,0.9491525,0.050847456,0.05084747,0.11025145,0.005606006,1,0,1,0,0
25668,-1,1,1.5038817,0.8181527,1,1,unassigned,3.0,3.0,0.0,1.0,0.0,0.0,0.001934236,0.0,1,0,0,1,0
25669,-1,0,5.8012705,0.9969854,1,1,unassigned,3.0,3.0,0.0,1.0,0.0,0.0,0.001934236,0.0,0,0,0,1,1
25670,-1,0,0.36641282,0.5905919,1,1,unassigned,16.0,16.0,0.0,1.0,0.0,0.0,0.027079303,0.0,0,0,0,1,0
25671,-1,1,-0.8599677,0.2973461,0,1,unassigned,11.0,11.0,0.0,1.0,0.0,0.0,0.017408123,0.0,1,0,0,0,0
25672,-1,0,1.7683055,0.8542468,1,1,unassigned,10.0,10.0,0.0,1.0,0.0,0.0,0.015473888,0.0,0,0,0,1,0
25673,1,1,1.5921013,0.8309116,1,0,test,52.0,42.0,10.0,0.8076923,0.1923077,0.19230771,0.0967118,0.018598422,1,0,1,1,0
25674,-1,0,-0.75496703,0.31973997,0,1,unassigned,25.0,25.0,0.0,1.0,0.0,0.0,0.044487428,0.0,0,0,0,0,0
25675,-1,1,-1.7300041,0.15058705,0,1,unassigned,3.0,3.0,0.0,1.0,0.0,0.0,0.001934236,0.0,1,0,0,0,0
25676,-1,1,-0.66065127,0.34059334,0,1,unassigned,63.0,58.0,5.0,0.9206349,0.07936508,0.079365075,0.11798839,0.009364159,1,0,0,0,0
25677,-1,0,-0.7748622,0.31542826,0,1,unassigned,113.0,113.0,0.0,1.0,0.0,0.0,0.21470019,0.0,0,0,0,0,0
25678,-1,0,-0.6698166,0.3385379,0,1,unassigned,23.0,23.0,0.0,1.0,0.0,0.0,0.040618956,0.0,0,0,0,0,0
25679,-1,0,-0.7279122,0.32565308,0,1,unassigned,54.0,54.0,0.0,1.0,0.0,0.0,0.10058027,0.0,0,0,0,0,0
25680,-1,1,0.9891866,0.7289272,1,1,unassigned,21.0,20.0,1.0,0.95238096,0.04761905,0.047619045,0.036750484,0.0017500231,1,0,0,1,0
25681,-1,1,-0.45526472,0.38810974,0,1,unassigned,138.0,138.0,0.0,1.0,0.0,0.0,0.2630561,0.0,1,0,0,0,0
25682,-1,1,-0.8181907,0.30614784,0,1,unassigned,16.0,16.0,0.0,1.0,0.0,0.0,0.027079303,0.0,1,0,0,0,0
25683,1,0,0.19634897,0.5489301,1,0,unassigned,6.0,6.0,0.0,1.0,0.0,0.0,0.007736944,0.0,0,0,1,1,0
25684,-1,1,2.20664,0.9008442,1,1,unassigned,29.0,28.0,1.0,0.9655172,0.03448276,0.034482777,0.05222437,0.0018008404,1,0,0,1,1
25685,-1,1,-0.192915,0.4519203,0,1,unassigned,115.0,73.0,42.0,0.6347826,0.3652174,0.3652174,0.21856867,0.07982508,1,0,0,0,0
25686,1,0,-0.4108271,0.3987138,0,1,unassigned,34.0,34.0,0.0,1.0,0.0,0.0,0.061895553,0.0,0,0,0,0,0
25687,-1,0,-0.3888297,0.40399906,0,1,unassigned,9.0,9.0,0.0,1.0,0.0,0.0,0.013539651,0.0,0,0,0,0,0
25688,1,0,1.8189187,0.8604363,1,0,unassigned,3.0,2.0,1.0,0.6666667,0.33333334,0.3333333,0.001934236,0.00064474536,0,0,1,1,0
25689,-1,0,2.7648861,0.9407486,1,1,unassigned,14.0,13.0,1.0,0.9285714,0.071428575,0.0714286,0.023210831,0.0016579166,0,0,0,1,1
25690,-1,0,4.2376413,0.98576397,1,1,unassigned,12.0,12.0,0.0,1.0,0.0,0.0,0.01934236,0.0,0,0,0,1,1
25691,-1,0,1.0702538,0.7446452,1,1,unassigned,7.0,7.0,0.0,1.0,0.0,0.0,0.00967118,0.0,0,0,0,1,0
25692,-1,0,-0.7881782,0.31256,0,1,unassigned,7.0,7.0,0.0,1.0,0.0,0.0,0.00967118,0.0,0,0,0,0,0
25693,1,0,5.814602,0.9970252,1,0,unassigned,4.0,4.0,0.0,1.0,0.0,0.0,0.003868472,0.0,0,0,1,1,1
25694,-1,1,1.4813998,0.81478393,1,1,unassigned,5.0,5.0,0.0,1.0,0.0,0.0,0.0058027077,0.0,1,0,0,1,0
25695,-1,0,5.8498693,0.99712795,1,1,unassigned,3.0,3.0,0.0,1.0,0.0,0.0,0.001934236,0.0,0,0,0,1,1
25696,-1,0,1.6295419,0.83610684,1,1,unassigned,13.0,8.0,5.0,0.61538464,0.3846154,0.38461536,0.021276595,0.008183306,0,0,0,1,0
25697,-1,0,0.042999446,0.5107482,1,1,unassigned,17.0,16.0,1.0,0.9411765,0.05882353,0.058823526,0.029013539,0.0017066788,0,0,0,1,0
25698,-1,0,-0.25844884,0.43574503,0,1,unassigned,21.0,21.0,0.0,1.0,0.0,0.0,0.036750484,0.0,0,0,0,0,0
25699,-1,1,-0.36879867,0.40883133,0,1,unassigned,10.0,10.0,0.0,1.0,0.0,0.0,0.015473888,0.0,1,0,0,0,0
25700,-1,0,-0.84331506,0.30083707,0,1,unassigned,3.0,2.0,1.0,0.6666667,0.33333334,0.3333333,0.001934236,0.00064474536,0,0,0,0,0
25701,-1,1,-0.5662787,0.36209595,0,1,unassigned,29.0,28.0,1.0,0.9655172,0.03448276,0.034482777,0.05222437,0.0018008404,1,0,0,0,0
25702,-1,0,-0.910651,0.28686666,0,1,unassigned,2.0,2.0,0.0,1.0,0.0,0.0,0.0,0.0,0,0,0,0,0
25703,-1,1,0.21732265,0.5541178,1,1,unassigned,19.0,17.0,2.0,0.8947368,0.10526316,0.10526317,0.032882012,0.0034612645,1,0,0,1,0
25704,-1,1,-0.55624866,0.36441588,0,1,unassigned,48.0,48.0,0.0,1.0,0.0,0.0,0.088974856,0.0,1,0,0,0,0
25705,1,0,0.21366829,0.5532148,1,0,val,34.0,31.0,3.0,0.9117647,0.0882353,0.08823532,0.061895553,0.0054613724,0,0,1,1,0
25706,1,1,2.8362486,0.9446035,1,0,test,6.0,6.0,0.0,1.0,0.0,0.0,0.007736944,0.0,1,0,1,1,1
25707,-1,1,-0.21141654,0.44734186,0,1,unassigned,10.0,10.0,0.0,1.0,0.0,0.0,0.015473888,0.0,1,0,0,0,0
25708,-1,1,2.1903212,0.899377,1,1,unassigned,12.0,11.0,1.0,0.9166667,0.083333336,0.08333331,0.01934236,0.0016118633,1,0,0,1,0
25709,-1,1,1.4444106,0.8091367,1,1,unassigned,16.0,16.0,0.0,1.0,0.0,0.0,0.027079303,0.0,1,0,0,1,0
25710,-1,0,5.0106654,0.99337775,1,1,unassigned,6.0,6.0,0.0,1.0,0.0,0.0,0.007736944,0.0,0,0,0,1,1
25711,-1,1,1.3028741,0.7863183,1,1,unassigned,3.0,3.0,0.0,1.0,0.0,0.0,0.001934236,0.0,1,0,0,1,0
25712,-1,0,-1.1333187,0.24354917,0,1,unassigned,2.0,2.0,0.0,1.0,0.0,0.0,0.0,0.0,0,0,0,0,0
25713,-1,1,0.66748077,0.66093886,1,1,unassigned,20.0,18.0,2.0,0.9,0.1,0.100000024,0.034816246,0.0034816246,1,0,0,1,0
25714,-1,1,-0.562888,0.36287948,0,1,unassigned,15.0,15.0,0.0,1.0,0.0,0.0,0.025145067,0.0,1,0,0,0,0
25715,1,1,-0.40482062,0.4001547,0,1,unassigned,158.0,149.0,9.0,0.943038,0.056962024,0.056962013,0.30174083,0.017187769,1,0,0,0,0
25716,-1,0,6.7548504,0.9988361,1,1,unassigned,2.0,1.0,1.0,0.5,0.5,0.5,0.0,0.0,0,0,0,1,1
25717,-1,0,0.5559605,0.63551736,1,1,unassigned,65.0,62.0,3.0,0.95384616,0.046153847,0.046153843,0.12185687,0.0056241634,0,0,0,1,0
25718,-1,0,2.3892546,0.9160042,1,1,unassigned,17.0,16.0,1.0,0.9411765,0.05882353,0.058823526,0.029013539,0.0017066788,0,0,0,1,1
25719,-1,0,-0.22865367,0.44308433,0,1,unassigned,56.0,54.0,2.0,0.96428573,0.035714287,0.03571427,0.10444874,0.0037303125,0,0,0,0,0
25720,1,1,4.2368693,0.9857531,1,0,val,8.0,7.0,1.0,0.875,0.125,0.125,0.0116054155,0.0014506769,1,0,1,1,1
25721,-1,1,-0.66994464,0.33850923,0,1,unassigned,136.0,134.0,2.0,0.9852941,0.014705882,0.014705896,0.2591876,0.0038115825,1,0,0,0,0
25722,-1,1,3.2288642,0.9619062,1,1,unassigned,9.0,6.0,3.0,0.6666667,0.33333334,0.3333333,0.013539651,0.004513217,1,0,0,1,1
25723,-1,1,2.15897,0.89650404,1,1,unassigned,6.0,4.0,2.0,0.6666667,0.33333334,0.3333333,0.007736944,0.0025789815,1,0,0,1,0
25724,-1,0,3.408919,0.9679822,1,1,unassigned,2.0,2.0,0.0,1.0,0.0,0.0,0.0,0.0,0,0,0,1,1
25725,-1,1,-0.58334047,0.3581643,0,1,unassigned,91.0,90.0,1.0,0.989011,0.010989011,0.01098901,0.172147,0.0018917253,1,0,0,0,0
25726,-1,1,-0.5122905,0.37465674,0,1,unassigned,6.0,6.0,0.0,1.0,0.0,0.0,0.007736944,0.0,1,0,0,0,0
25727,-1,1,-0.17999399,0.45512262,0,1,unassigned,33.0,30.0,3.0,0.90909094,0.09090909,0.090909064,0.059961315,0.0054510287,1,0,0,0,0
25728,-1,1,-0.8630568,0.2967011,0,1,unassigned,62.0,61.0,1.0,0.983871,0.016129032,0.016129017,0.116054155,0.0018718411,1,0,0,0,0
25729,-1,1,-0.10637888,0.47343034,0,1,unassigned,2.0,2.0,0.0,1.0,0.0,0.0,0.0,0.0,1,0,0,0,0
25730,0,0,-0.23479915,0.44156843,0,0,unassigned,6.0,5.0,1.0,0.8333333,0.16666667,0.16666669,0.007736944,0.0012894907,0,0,1,0,0
25731,-1,0,0.20755416,0.55170304,1,1,unassigned,4.0,4.0,0.0,1.0,0.0,0.0,0.003868472,0.0,0,0,0,1,0
25732,-1,1,5.908911,0.9972922,1,1,unassigned,27.0,22.0,5.0,0.8148148,0.18518518,0.1851852,0.0483559,0.008954796,1,0,0,1,1
25733,-1,0,2.9509797,0.9503098,1,1,unassigned,19.0,15.0,4.0,0.7894737,0.21052632,0.21052629,0.032882012,0.006922529,0,0,0,1,1
25734,-1,1,0.35378402,0.5875349,1,1,unassigned,13.0,12.0,1.0,0.9230769,0.07692308,0.07692307,0.021276595,0.0016366612,1,0,0,1,0
25735,-1,1,0.060042083,0.515006,1,1,unassigned,5.0,5.0,0.0,1.0,0.0,0.0,0.0058027077,0.0,1,0,0,1,0
25736,-1,0,-0.323528,0.41981623,0,1,unassigned,56.0,55.0,1.0,0.98214287,0.017857144,0.017857134,0.10444874,0.0018651562,0,0,0,0,0
25737,-1,1,1.0371988,0.73830914,1,1,unassigned,26.0,26.0,0.0,1.0,0.0,0.0,0.046421662,0.0,1,0,0,1,0
25738,-1,1,4.6205635,0.99024874,1,1,unassigned,45.0,40.0,5.0,0.8888889,0.11111111,0.111111104,0.08317215,0.00924135,1,0,0,1,1
25739,-1,0,3.2087147,0.96116096,1,1,unassigned,21.0,18.0,3.0,0.85714287,0.14285715,0.14285713,0.036750484,0.0052500693,0,0,0,1,1
25740,-1,1,-0.28996488,0.4280125,0,1,unassigned,3.0,1.0,2.0,0.33333334,0.6666667,0.6666666,0.001934236,0.0012894907,1,0,0,0,0
25741,-1,0,2.3211036,0.91060984,1,1,unassigned,69.0,67.0,2.0,0.9710145,0.028985508,0.0289855,0.1295938,0.0037563422,0,0,0,1,1
25742,-1,1,1.1744635,0.7639508,1,1,unassigned,3.0,2.0,1.0,0.6666667,0.33333334,0.3333333,0.001934236,0.00064474536,1,0,0,1,0
25743,-1,1,-0.20236313,0.44958115,0,1,unassigned,39.0,37.0,2.0,0.94871795,0.051282052,0.05128205,0.07156673,0.0036700887,1,0,0,0,0
25744,0,0,-0.14506006,0.46379843,0,0,unassigned,26.0,21.0,5.0,0.8076923,0.1923077,0.19230771,0.046421662,0.008927243,0,0,1,0,0
25745,-1,0,-0.45983988,0.3870238,0,1,unassigned,31.0,31.0,0.0,1.0,0.0,0.0,0.056092843,0.0,0,0,0,0,0
25746,-1,0,-0.48644176,0.38073215,0,1,unassigned,6.0,6.0,0.0,1.0,0.0,0.0,0.007736944,0.0,0,0,0,0,0
25747,-1,1,-0.59347343,0.35583827,0,1,unassigned,4.0,4.0,0.0,1.0,0.0,0.0,0.003868472,0.0,1,0,0,0,0
25748,-1,0,2.2670274,0.9061092,1,1,unassigned,2.0,2.0,0.0,1.0,0.0,0.0,0.0,0.0,0,0,0,1,1
25749,-1,0,-0.54988134,0.36589193,0,1,unassigned,2.0,2.0,0.0,1.0,0.0,0.0,0.0,0.0,0,0,0,0,0
25750,-1,0,1.8714693,0.86662817,1,1,unassigned,2.0,2.0,0.0,1.0,0.0,0.0,0.0,0.0,0,0,0,1,0
25751,-1,0,3.5174277,0.97117954,1,1,unassigned,13.0,13.0,0.0,1.0,0.0,0.0,0.021276595,0.0,0,0,0,1,1
25752,-1,1,9.279575,0.99990666,1,1,unassigned,2.0,2.0,0.0,1.0,0.0,0.0,0.0,0.0,1,0,0,1,1
25753,-1,0,2.2374403,0.9035617,1,1,unassigned,4.0,4.0,0.0,1.0,0.0,0.0,0.003868472,0.0,0,0,0,1,1
25754,-1,0,0.61396056,0.6488437,1,1,unassigned,2.0,2.0,0.0,1.0,0.0,0.0,0.0,0.0,0,0,0,1,0
25755,-1,1,2.2671506,0.9061197,1,1,unassigned,2.0,2.0,0.0,1.0,0.0,0.0,0.0,0.0,1,0,0,1,1
25756,-1,0,7.845753,0.9996088,1,1,unassigned,2.0,2.0,0.0,1.0,0.0,0.0,0.0,0.0,0,0,0,1,1
25757,-1,1,0.19062668,0.5475129,1,1,unassigned,6.0,5.0,1.0,0.8333333,0.16666667,0.16666669,0.007736944,0.0012894907,1,0,0,1,0
25758,-1,1,-0.2132808,0.446881,0,1,unassigned,35.0,34.0,1.0,0.9714286,0.028571429,0.028571427,0.06382979,0.0018237082,1,0,0,0,0
25759,-1,1,0.43058223,0.60601264,1,1,unassigned,6.0,6.0,0.0,1.0,0.0,0.0,0.007736944,0.0,1,0,0,1,0
25760,0,1,-0.4231874,0.39575428,0,0,test,3.0,2.0,1.0,0.6666667,0.33333334,0.3333333,0.001934236,0.00064474536,1,0,1,0,0
25761,-1,0,-0.12898645,0.467798,0,1,unassigned,6.0,5.0,1.0,0.8333333,0.16666667,0.16666669,0.007736944,0.0012894907,0,0,0,0,0
25762,-1,1,-0.3709426,0.40831324,0,1,unassigned,28.0,27.0,1.0,0.96428573,0.035714287,0.03571427,0.050290134,0.0017960763,1,0,0,0,0
25763,0,0,-0.5905199,0.35651556,0,0,unassigned,9.0,9.0,0.0,1.0,0.0,0.0,0.013539651,0.0,0,0,1,0,0
25764,0,0,-0.622803,0.34914425,0,0,val,32.0,32.0,0.0,1.0,0.0,0.0,0.058027077,0.0,0,0,1,0,0
25765,-1,0,-0.5275231,0.3710948,0,1,unassigned,8.0,7.0,1.0,0.875,0.125,0.125,0.0116054155,0.0014506769,0,0,0,0,0
25766,-1,1,-0.844822,0.30052018,0,1,unassigned,63.0,60.0,3.0,0.95238096,0.04761905,0.047619045,0.11798839,0.005618495,1,0,0,0,0
25767,-1,0,-0.5201839,0.37280923,0,1,unassigned,39.0,39.0,0.0,1.0,0.0,0.0,0.07156673,0.0,0,0,0,0,0
25768,-1,0,-0.82913697,0.30382755,0,1,unassigned,11.0,11.0,0.0,1.0,0.0,0.0,0.017408123,0.0,0,0,0,0,0
25769,-1,0,2.860649,0.9458666,1,1,unassigned,6.0,6.0,0.0,1.0,0.0,0.0,0.007736944,0.0,0,0,0,1,1
25770,-1,1,0.4088344,0.6008084,1,1,unassigned,58.0,57.0,1.0,0.98275864,0.01724138,0.017241359,0.10831721,0.0018675381,1,0,0,1,0
25771,1,1,-0.89217156,0.2906619,0,1,unassigned,29.0,26.0,3.0,0.8965517,0.10344828,0.10344827,0.05222437,0.005402521,1,0,0,0,0
25772,1,0,1.2234154,0.77266407,1,0,test,14.0,14.0,0.0,1.0,0.0,0.0,0.023210831,0.0,0,0,1,1,0
25773,-1,1,-0.540277,0.36812317,0,1,unassigned,5.0,4.0,1.0,0.8,0.2,0.19999999,0.0058027077,0.0011605415,1,0,0,0,0
25774,0,0,-0.961426,0.27659276,0,0,val,2.0,2.0,0.0,1.0,0.0,0.0,0.0,0.0,0,0,1,0,0
25775,1,1,4.7864413,0.9917269,1,0,train,18.0,17.0,1.0,0.9444444,0.055555556,0.055555582,0.030947777,0.0017193209,1,0,1,1,1
25776,-1,0,1.0580165,0.74231136,1,1,unassigned,3.0,3.0,0.0,1.0,0.0,0.0,0.001934236,0.0,0,0,0,1,0
25777,-1,0,4.200156,0.9852283,1,1,unassigned,2.0,2.0,0.0,1.0,0.0,0.0,0.0,0.0,0,0,0,1,1
25778,-1,0,0.24774379,0.56162107,1,1,unassigned,5.0,5.0,0.0,1.0,0.0,0.0,0.0058027077,0.0,0,0,0,1,0
25779,-1,0,5.442521,0.99569005,1,1,unassigned,10.0,8.0,2.0,0.8,0.2,0.19999999,0.015473888,0.0030947777,0,0,0,1,1
25780,-1,0,0.6476665,0.6564844,1,1,unassigned,4.0,4.0,0.0,1.0,0.0,0.0,0.003868472,0.0,0,0,0,1,0
25781,-1,0,1.4573104,0.8111209,1,1,unassigned,6.0,6.0,0.0,1.0,0.0,0.0,0.007736944,0.0,0,0,0,1,0
25782,-1,1,3.9402692,0.98092777,1,1,unassigned,7.0,6.0,1.0,0.85714287,0.14285715,0.14285713,0.00967118,0.0013815971,1,0,0,1,1
25783,-1,0,1.0838931,0.74723,1,1,unassigned,23.0,23.0,0.0,1.0,0.0,0.0,0.040618956,0.0,0,0,0,1,0
25784,0,0,1.466893,0.81258464,1,1,test,4.0,4.0,0.0,1.0,0.0,0.0,0.003868472,0.0,0,0,0,1,0
25785,-1,0,0.5419465,0.63226515,1,1,unassigned,2.0,2.0,0.0,1.0,0.0,0.0,0.0,0.0,0,0,0,1,0
25786,-1,1,6.639073,0.9986935,1,1,unassigned,7.0,5.0,2.0,0.71428573,0.2857143,0.28571427,0.00967118,0.0027631943,1,0,0,1,1
25787,-1,0,3.8568618,0.9793032,1,1,unassigned,42.0,38.0,4.0,0.9047619,0.0952381,0.09523809,0.07736944,0.007368518,0,0,0,1,1
25788,-1,0,3.0300438,0.9539131,1,1,unassigned,37.0,35.0,2.0,0.9459459,0.054054055,0.05405408,0.06769826,0.0036593657,0,0,0,1,1
25789,-1,0,-0.17617726,0.45606926,0,1,unassigned,9.0,6.0,3.0,0.6666667,0.33333334,0.3333333,0.013539651,0.004513217,0,0,0,0,0
25790,-1,0,1.6049302,0.8327063,1,1,unassigned,10.0,10.0,0.0,1.0,0.0,0.0,0.015473888,0.0,0,0,0,1,0
25791,-1,0,3.1645038,0.9594764,1,1,unassigned,2.0,2.0,0.0,1.0,0.0,0.0,0.0,0.0,0,0,0,1,1
25792,-1,0,0.19633967,0.54892784,1,1,unassigned,14.0,13.0,1.0,0.9285714,0.071428575,0.0714286,0.023210831,0.0016579166,0,0,0,1,0
25793,-1,0,10.783981,0.99997926,1,1,unassigned,13.0,11.0,2.0,0.84615386,0.15384616,0.15384614,0.021276595,0.0032733225,0,0,0,1,1
25794,-1,1,1.7191732,0.84802234,1,1,unassigned,3.0,1.0,2.0,0.33333334,0.6666667,0.6666666,0.001934236,0.0012894907,1,0,0,1,0
25795,-1,1,-0.3087225,0.42342663,0,1,unassigned,181.0,172.0,9.0,0.95027626,0.049723756,0.049723744,0.34622824,0.017215768,1,0,0,0,0
25796,-1,1,-0.8649646,0.29630315,0,1,unassigned,41.0,39.0,2.0,0.9512195,0.048780486,0.0487805,0.07543521,0.003679766,1,0,0,0,0
25797,-1,1,0.26158494,0.56502587,1,1,unassigned,3.0,3.0,0.0,1.0,0.0,0.0,0.001934236,0.0,1,0,0,1,0
25798,-1,1,-0.09111261,0.4772376,0,1,unassigned,39.0,38.0,1.0,0.974359,0.025641026,0.025641024,0.07156673,0.0018350444,1,0,0,0,0
25799,-1,0,0.54464644,0.6328926,1,1,unassigned,18.0,7.0,11.0,0.3888889,0.6111111,0.6111111,0.030947777,0.01891253,0,0,0,1,0
25800,-1,0,-0.6925881,0.3334576,0,1,unassigned,4.0,4.0,0.0,1.0,0.0,0.0,0.003868472,0.0,0,0,0,0,0
25801,-1,0,-1.0160358,0.2658003,0,1,unassigned,34.0,33.0,1.0,0.9705882,0.029411765,0.029411793,0.061895553,0.0018204574,0,0,0,0,0
25802,-1,0,-0.9568366,0.277512,0,1,unassigned,52.0,49.0,3.0,0.9423077,0.057692308,0.05769229,0.0967118,0.005579527,0,0,0,0,0
25803,-1,0,-0.41756845,0.39709875,0,1,unassigned,13.0,13.0,0.0,1.0,0.0,0.0,0.021276595,0.0,0,0,0,0,0
25804,1,0,-0.15282243,0.46186855,0,1,unassigned,39.0,38.0,1.0,0.974359,0.025641026,0.025641024,0.07156673,0.0018350444,0,0,0,0,0
25805,-1,0,-0.5894421,0.3567629,0,1,unassigned,8.0,8.0,0.0,1.0,0.0,0.0,0.0116054155,0.0,0,0,0,0,0
25806,0,1,-0.80597734,0.30874836,0,0,val,41.0,41.0,0.0,1.0,0.0,0.0,0.07543521,0.0,1,0,1,0,0
25807,-1,0,2.4039152,0.91712534,1,1,unassigned,17.0,16.0,1.0,0.9411765,0.05882353,0.058823526,0.029013539,0.0017066788,0,0,0,1,1
25808,-1,0,-0.13227901,0.46697843,0,1,unassigned,19.0,18.0,1.0,0.94736844,0.05263158,0.052631557,0.032882012,0.0017306323,0,0,0,0,0
25809,-1,0,4.870276,0.9923872,1,1,unassigned,17.0,17.0,0.0,1.0,0.0,0.0,0.029013539,0.0,0,0,0,1,1
25810,-1,0,-0.47344622,0.3838009,0,1,unassigned,3.0,3.0,0.0,1.0,0.0,0.0,0.001934236,0.0,0,0,0,0,0
25811,-1,1,6.8017583,0.9988894,1,1,unassigned,2.0,2.0,0.0,1.0,0.0,0.0,0.0,0.0,1,0,0,1,1
25812,-1,0,3.6175725,0.97385424,1,1,unassigned,3.0,3.0,0.0,1.0,0.0,0.0,0.001934236,0.0,0,0,0,1,1
25813,-1,1,-0.8287891,0.30390117,0,1,unassigned,45.0,43.0,2.0,0.95555556,0.044444446,0.04444444,0.08317215,0.0036965401,1,0,0,0,0
25814,-1,1,-0.9703939,0.27480197,0,1,unassigned,7.0,7.0,0.0,1.0,0.0,0.0,0.00967118,0.0,1,0,0,0,0
25815,-1,1,-0.95874125,0.27713028,0,1,unassigned,28.0,28.0,0.0,1.0,0.0,0.0,0.050290134,0.0,1,0,0,0,0
25816,-1,1,-0.8549575,0.29839393,0,1,unassigned,14.0,14.0,0.0,1.0,0.0,0.0,0.023210831,0.0,1,0,0,0,0
25817,-1,1,-0.6093519,0.35220703,0,1,unassigned,39.0,39.0,0.0,1.0,0.0,0.0,0.07156673,0.0,1,0,0,0,0
25818,0,1,-0.90505564,0.28801265,0,0,unassigned,43.0,43.0,0.0,1.0,0.0,0.0,0.079303674,0.0,1,0,1,0,0
25819,-1,1,1.0410774,0.73905784,1,1,unassigned,6.0,3.0,3.0,0.5,0.5,0.5,0.007736944,0.003868472,1,0,0,1,0
25820,-1,0,2.510836,0.92489797,1,1,unassigned,10.0,9.0,1.0,0.9,0.1,0.100000024,0.015473888,0.0015473888,0,0,0,1,1
25821,-1,0,1.6985195,0.84534127,1,1,unassigned,24.0,22.0,2.0,0.9166667,0.083333336,0.08333331,0.04255319,0.0035460992,0,0,0,1,0
25822,-1,0,1.7303247,0.849454,1,1,unassigned,9.0,9.0,0.0,1.0,0.0,0.0,0.013539651,0.0,0,0,0,1,0
25823,-1,1,-0.94816715,0.27925357,0,1,unassigned,14.0,14.0,0.0,1.0,0.0,0.0,0.023210831,0.0,1,0,0,0,0
25824,-1,1,4.2573304,0.9860377,1,1,unassigned,14.0,12.0,2.0,0.85714287,0.14285715,0.14285713,0.023210831,0.0033158332,1,0,0,1,1
25825,-1,1,-0.8652411,0.2962455,0,1,unassigned,6.0,6.0,0.0,1.0,0.0,0.0,0.007736944,0.0,1,0,0,0,0
25826,-1,0,-0.41907996,0.39673698,0,1,unassigned,13.0,13.0,0.0,1.0,0.0,0.0,0.021276595,0.0,0,0,0,0,0
25827,-1,1,-0.6868973,0.33472362,0,1,unassigned,5.0,5.0,0.0,1.0,0.0,0.0,0.0058027077,0.0,1,0,0,0,0
25828,0,0,-0.9413072,0.28063637,0,0,test,34.0,33.0,1.0,0.9705882,0.029411765,0.029411793,0.061895553,0.0018204574,0,0,1,0,0
25829,-1,0,-1.0377295,0.26158834,0,1,unassigned,2.0,1.0,1.0,0.5,0.5,0.5,0.0,0.0,0,0,0,0,0
25830,-1,0,0.10045987,0.5250939,1,1,unassigned,3.0,3.0,0.0,1.0,0.0,0.0,0.001934236,0.0,0,0,0,1,0
25831,-1,0,0.2058484,0.55128115,1,1,unassigned,2.0,2.0,0.0,1.0,0.0,0.0,0.0,0.0,0,0,0,1,0
25832,-1,1,-0.8089011,0.30812472,0,1,unassigned,8.0,8.0,0.0,1.0,0.0,0.0,0.0116054155,0.0,1,0,0,0,0
25833,1,1,-0.9533813,0.2782053,0,1,unassigned,22.0,22.0,0.0,1.0,0.0,0.0,0.03868472,0.0,1,0,0,0,0
25834,-1,0,1.9690316,0.8775071,1,1,unassigned,4.0,3.0,1.0,0.75,0.25,0.25,0.003868472,0.000967118,0,0,0,1,0
25835,-1,0,4.2548356,0.9860032,1,1,unassigned,2.0,2.0,0.0,1.0,0.0,0.0,0.0,0.0,0,0,0,1,1
25836,-1,0,0.1292271,0.5322619,1,1,unassigned,21.0,20.0,1.0,0.95238096,0.04761905,0.047619045,0.036750484,0.0017500231,0,0,0,1,0
25837,-1,0,0.23247927,0.5578595,1,1,unassigned,29.0,29.0,0.0,1.0,0.0,0.0,0.05222437,0.0,0,0,0,1,0
25838,-1,0,0.26551014,0.5659903,1,1,unassigned,14.0,14.0,0.0,1.0,0.0,0.0,0.023210831,0.0,0,0,0,1,0
25839,-1,0,6.6896224,0.99875784,1,1,unassigned,2.0,2.0,0.0,1.0,0.0,0.0,0.0,0.0,0,0,0,1,1
25840,-1,0,-0.5649606,0.36240044,0,1,unassigned,31.0,31.0,0.0,1.0,0.0,0.0,0.056092843,0.0,0,0,0,0,0
25841,0,0,-0.43337783,0.39332,0,0,test,33.0,33.0,0.0,1.0,0.0,0.0,0.059961315,0.0,0,0,1,0,0
25842,-1,1,0.9864698,0.7283901,1,1,unassigned,3.0,3.0,0.0,1.0,0.0,0.0,0.001934236,0.0,1,0,0,1,0
25843,-1,0,-0.10941473,0.4726736,0,1,unassigned,30.0,30.0,0.0,1.0,0.0,0.0,0.054158606,0.0,0,0,0,0,0
25844,1,1,0.906539,0.7122915,1,0,val,180.0,171.0,9.0,0.95,0.05,0.050000012,0.344294,0.0172147,1,0,1,1,0
25845,-1,0,-0.50456786,0.37646782,0,1,unassigned,23.0,23.0,0.0,1.0,0.0,0.0,0.040618956,0.0,0,0,0,0,0
25846,-1,0,4.2779474,0.9863187,1,1,unassigned,12.0,12.0,0.0,1.0,0.0,0.0,0.01934236,0.0,0,0,0,1,1
25847,-1,0,-0.3167854,0.42145938,0,1,unassigned,25.0,25.0,0.0,1.0,0.0,0.0,0.044487428,0.0,0,0,0,0,0
25848,-1,0,-0.5891896,0.35682082,0,1,unassigned,18.0,18.0,0.0,1.0,0.0,0.0,0.030947777,0.0,0,0,0,0,0
25849,-1,0,0.18486345,0.5460847,1,1,unassigned,3.0,3.0,0.0,1.0,0.0,0.0,0.001934236,0.0,0,0,0,1,0
25850,-1,1,2.1746893,0.8979535,1,1,unassigned,33.0,33.0,0.0,1.0,0.0,0.0,0.059961315,0.0,1,0,0,1,0
25851,-1,1,5.140394,0.9941788,1,1,unassigned,51.0,49.0,2.0,0.9607843,0.039215688,0.039215684,0.09477756,0.0037167673,1,0,0,1,1
25852,1,0,1.9443188,0.87482584,1,0,test,21.0,20.0,1.0,0.95238096,0.04761905,0.047619045,0.036750484,0.0017500231,0,0,1,1,0
25853,-1,0,5.173535,0.9943674,1,1,unassigned,2.0,2.0,0.0,1.0,0.0,0.0,0.0,0.0,0,0,0,1,1
25854,-1,0,-0.25404996,0.4368269,0,1,unassigned,22.0,2.0,20.0,0.09090909,0.90909094,0.9090909,0.03868472,0.035167925,0,0,0,0,0
25855,0,1,-0.6020628,0.35387188,0,0,unassigned,39.0,38.0,1.0,0.974359,0.025641026,0.025641024,0.07156673,0.0018350444,1,0,1,0,0
25856,-1,1,-0.56896824,0.3614749,0,1,unassigned,7.0,5.0,2.0,0.71428573,0.2857143,0.28571427,0.00967118,0.0027631943,1,0,0,0,0
25857,-1,1,-0.805897,0.3087655,0,1,unassigned,9.0,4.0,5.0,0.44444445,0.5555556,0.5555556,0.013539651,0.007522029,1,0,0,0,0
25858,-1,0,-0.89999646,0.2890512,0,1,unassigned,70.0,69.0,1.0,0.98571426,0.014285714,0.014285743,0.13152805,0.0018789722,0,0,0,0,0
25859,-1,0,-0.6956111,0.332786,0,1,unassigned,62.0,60.0,2.0,0.9677419,0.032258064,0.032258093,0.116054155,0.0037436823,0,0,0,0,0
25860,-1,0,-0.8905109,0.2910044,0,1,unassigned,29.0,29.0,0.0,1.0,0.0,0.0,0.05222437,0.0,0,0,0,0,0
25861,-1,0,-0.24329534,0.43947443,0,1,unassigned,2.0,1.0,1.0,0.5,0.5,0.5,0.0,0.0,0,0,0,0,0
25862,-1,0,-0.44053537,0.3916134,0,1,unassigned,2.0,2.0,0.0,1.0,0.0,0.0,0.0,0.0,0,0,0,0,0
25863,-1,1,0.33741635,0.5835628,1,1,unassigned,4.0,4.0,0.0,1.0,0.0,0.0,0.003868472,0.0,1,0,0,1,0
25864,-1,0,1.197737,0.768122,1,1,unassigned,23.0,21.0,2.0,0.9130435,0.08695652,0.0869565,0.040618956,0.0035320832,0,0,0,1,0
25865,-1,1,-0.6125732,0.35147244,0,1,unassigned,22.0,21.0,1.0,0.95454544,0.045454547,0.04545456,0.03868472,0.0017583964,1,0,0,0,0
25866,-1,1,0.7043763,0.6691573,1,1,unassigned,2.0,2.0,0.0,1.0,0.0,0.0,0.0,0.0,1,0,0,1,0
25867,-1,0,0.80538255,0.6911247,1,1,unassigned,2.0,2.0,0.0,1.0,0.0,0.0,0.0,0.0,0,0,0,1,0
25868,-1,1,-0.8461057,0.3002504,0,1,unassigned,92.0,91.0,1.0,0.98913044,0.010869565,0.010869563,0.17408124,0.0018921874,1,0,0,0,0
25869,-1,1,-0.7516886,0.32045346,0,1,unassigned,34.0,34.0,0.0,1.0,0.0,0.0,0.061895553,0.0,1,0,0,0,0
25870,-1,1,-0.7250824,0.32627478,0,1,unassigned,91.0,85.0,6.0,0.93406594,0.06593407,0.06593406,0.172147,0.011350352,1,0,0,0,0
25871,-1,1,-0.90381235,0.2882677,0,1,unassigned,41.0,40.0,1.0,0.9756098,0.024390243,0.02439022,0.07543521,0.001839883,1,0,0,0,0
25872,-1,1,-0.13512075,0.4662711,0,1,unassigned,117.0,108.0,9.0,0.9230769,0.07692308,0.07692307,0.22243714,0.01711055,1,0,0,0,0
25873,-1,0,-0.6286071,0.34782642,0,1,unassigned,27.0,27.0,0.0,1.0,0.0,0.0,0.0483559,0.0,0,0,0,0,0
25874,-1,0,-0.7320645,0.32474184,0,1,unassigned,4.0,4.0,0.0,1.0,0.0,0.0,0.003868472,0.0,0,0,0,0,0
25875,-1,1,1.5819705,0.8294834,1,1,unassigned,17.0,17.0,0.0,1.0,0.0,0.0,0.029013539,0.0,1,0,0,1,0
25876,-1,1,-0.9114847,0.2866961,0,1,unassigned,32.0,32.0,0.0,1.0,0.0,0.0,0.058027077,0.0,1,0,0,0,0
25877,-1,0,-0.8795663,0.29326767,0,1,unassigned,34.0,33.0,1.0,0.9705882,0.029411765,0.029411793,0.061895553,0.0018204574,0,0,0,0,0
25878,-1,0,0.35187477,0.58707213,1,1,unassigned,24.0,23.0,1.0,0.9583333,0.041666668,0.041666687,0.04255319,0.0017730496,0,0,0,1,0
25879,-1,1,-0.6227379,0.349159,0,1,unassigned,95.0,88.0,7.0,0.9263158,0.07368421,0.073684216,0.17988394,0.013254606,1,0,0,0,0
25880,-1,1,-0.7844564,0.31336024,0,1,unassigned,28.0,23.0,5.0,0.8214286,0.17857143,0.1785714,0.050290134,0.008980381,1,0,0,0,0
25881,1,1,-0.93456036,0.28200042,0,1,test,18.0,10.0,8.0,0.5555556,0.44444445,0.44444442,0.030947777,0.013754567,1,0,0,0,0
25882,-1,0,-0.7965194,0.31077054,0,1,unassigned,69.0,64.0,5.0,0.92753625,0.072463766,0.07246375,0.1295938,0.009390855,0,0,0,0,0
25883,-1,0,0.9827052,0.7276447,1,1,unassigned,25.0,24.0,1.0,0.96,0.04,0.04000002,0.044487428,0.001779497,0,0,0,1,0
25884,-1,0,0.27611977,0.5685947,1,1,unassigned,8.0,8.0,0.0,1.0,0.0,0.0,0.0116054155,0.0,0,0,0,1,0
25885,-1,0,-0.60091186,0.3541351,0,1,unassigned,20.0,20.0,0.0,1.0,0.0,0.0,0.034816246,0.0,0,0,0,0,0
25886,-1,0,0.07143611,0.5178514,1,1,unassigned,6.0,6.0,0.0,1.0,0.0,0.0,0.007736944,0.0,0,0,0,1,0
25887,-1,0,10.185841,0.99996233,1,1,unassigned,6.0,6.0,0.0,1.0,0.0,0.0,0.007736944,0.0,0,0,0,1,1
25888,1,1,4.555677,0.9896019,1,0,test,6.0,6.0,0.0,1.0,0.0,0.0,0.007736944,0.0,1,0,1,1,1
25889,-1,1,2.136607,0.8944106,1,1,unassigned,6.0,6.0,0.0,1.0,0.0,0.0,0.007736944,0.0,1,0,0,1,0
25890,-1,1,5.010388,0.99337584,1,1,unassigned,2.0,2.0,0.0,1.0,0.0,0.0,0.0,0.0,1,0,0,1,1
25891,-1,1,-0.096521914,0.47588825,0,1,unassigned,21.0,21.0,0.0,1.0,0.0,0.0,0.036750484,0.0,1,0,0,0,0
25892,-1,1,-0.76210415,0.3181896,0,1,unassigned,167.0,166.0,1.0,0.994012,0.005988024,0.005988002,0.31914893,0.0019110715,1,0,0,0,0
25893,1,1,-0.56192344,0.36310253,0,1,val,135.0,128.0,7.0,0.94814813,0.05185185,0.05185187,0.25725338,0.013339063,1,0,0,0,0
25894,-1,0,12.595114,0.99999666,1,1,unassigned,2.0,2.0,0.0,1.0,0.0,0.0,0.0,0.0,0,0,0,1,1
25895,-1,0,1.1088898,0.7519221,1,1,unassigned,10.0,6.0,4.0,0.6,0.4,0.39999998,0.015473888,0.0061895554,0,0,0,1,0
25896,-1,1,0.17982346,0.5448351,1,1,unassigned,83.0,79.0,4.0,0.9518072,0.04819277,0.0481928,0.15667312,0.0075505115,1,0,0,1,0
25897,-1,1,3.4960635,0.9705756,1,1,unassigned,6.0,5.0,1.0,0.8333333,0.16666667,0.16666669,0.007736944,0.0012894907,1,0,0,1,1
25898,1,0,0.29564267,0.573377,1,0,unassigned,3.0,3.0,0.0,1.0,0.0,0.0,0.001934236,0.0,0,0,1,1,0
25899,-1,0,-0.4161449,0.3974396,0,1,unassigned,3.0,3.0,0.0,1.0,0.0,0.0,0.001934236,0.0,0,0,0,0,0
25900,-1,1,1.4053781,0.8030359,1,1,unassigned,71.0,67.0,4.0,0.943662,0.056338027,0.056338012,0.13346228,0.0075190016,1,0,0,1,0
25901,-1,0,1.4116046,0.80401886,1,1,unassigned,6.0,6.0,0.0,1.0,0.0,0.0,0.007736944,0.0,0,0,0,1,0
25902,-1,0,0.43720132,0.607592,1,1,unassigned,5.0,4.0,1.0,0.8,0.2,0.19999999,0.0058027077,0.0011605415,0,0,0,1,0
25903,-1,0,-0.65498006,0.34186816,0,1,unassigned,65.0,63.0,2.0,0.9692308,0.03076923,0.030769229,0.12185687,0.003749442,0,0,0,0,0
25904,-1,0,-0.116824895,0.47082695,0,1,unassigned,5.0,3.0,2.0,0.6,0.4,0.39999998,0.0058027077,0.002321083,0,0,0,0,0
25905,-1,0,0.6639543,0.66014814,1,1,unassigned,6.0,6.0,0.0,1.0,0.0,0.0,0.007736944,0.0,0,0,0,1,0
25906,-1,0,1.4434695,0.8089914,1,1,unassigned,8.0,7.0,1.0,0.875,0.125,0.125,0.0116054155,0.0014506769,0,0,0,1,0
25907,-1,0,0.8450108,0.6995195,1,1,unassigned,2.0,2.0,0.0,1.0,0.0,0.0,0.0,0.0,0,0,0,1,0
25908,-1,1,-0.6268252,0.34823075,0,1,unassigned,5.0,5.0,0.0,1.0,0.0,0.0,0.0058027077,0.0,1,0,0,0,0
25909,1,1,8.768851,0.99984455,1,0,val,3.0,2.0,1.0,0.6666667,0.33333334,0.3333333,0.001934236,0.00064474536,1,0,1,1,1
25910,-1,0,3.4026759,0.9677881,1,1,unassigned,3.0,2.0,1.0,0.6666667,0.33333334,0.3333333,0.001934236,0.00064474536,0,0,0,1,1
25911,-1,0,1.8013854,0.8583175,1,1,unassigned,9.0,9.0,0.0,1.0,0.0,0.0,0.013539651,0.0,0,0,0,1,0
25912,1,1,0.3777672,0.5933345,1,0,test,31.0,31.0,0.0,1.0,0.0,0.0,0.056092843,0.0,1,0,1,1,0
25913,-1,0,-0.164909,0.45886594,0,1,unassigned,2.0,2.0,0.0,1.0,0.0,0.0,0.0,0.0,0,0,0,0,0
25914,-1,1,-0.17479348,0.45641255,0,1,unassigned,10.0,10.0,0.0,1.0,0.0,0.0,0.015473888,0.0,1,0,0,0,0
25915,-1,1,-0.90919435,0.28716472,0,1,unassigned,64.0,63.0,1.0,0.984375,0.015625,0.015625,0.11992263,0.0018737911,1,0,0,0,0
25916,-1,0,0.02593857,0.50648427,1,1,unassigned,12.0,12.0,0.0,1.0,0.0,0.0,0.01934236,0.0,0,0,0,1,0
25917,-1,1,1.8986468,0.8697382,1,1,unassigned,17.0,13.0,4.0,0.7647059,0.23529412,0.2352941,0.029013539,0.006826715,1,0,0,1,0
25918,-1,1,-0.18900752,0.45288828,0,1,unassigned,92.0,87.0,5.0,0.9456522,0.054347824,0.054347813,0.17408124,0.009460936,1,0,0,0,0
25919,1,1,0.35784394,0.5885184,1,0,test,78.0,73.0,5.0,0.9358974,0.06410257,0.06410259,0.14700194,0.009423202,1,0,1,1,0
25920,-1,1,-0.9354732,0.28181565,0,1,unassigned,53.0,52.0,1.0,0.9811321,0.018867925,0.01886791,0.09864604,0.0018612461,1,0,0,0,0
25921,-1,1,-0.6685057,0.3388315,0,1,unassigned,36.0,34.0,2.0,0.9444444,0.055555556,0.055555582,0.065764025,0.003653557,1,0,0,0,0
25922,-1,1,-0.76303375,0.31798798,0,1,unassigned,43.0,36.0,7.0,0.8372093,0.1627907,0.16279072,0.079303674,0.0129099,1,0,0,0,0
25923,-1,1,0.43691903,0.60752463,1,1,unassigned,32.0,23.0,9.0,0.71875,0.28125,0.28125,0.058027077,0.016320115,1,0,0,1,0
25924,-1,0,0.12128961,0.5302853,1,1,unassigned,14.0,14.0,0.0,1.0,0.0,0.0,0.023210831,0.0,0,0,0,1,0
25925,-1,1,-0.52411884,0.37188962,0,1,unassigned,8.0,7.0,1.0,0.875,0.125,0.125,0.0116054155,0.0014506769,1,0,0,0,0
25926,-1,1,-0.6312962,0.3472167,0,1,unassigned,51.0,44.0,7.0,0.8627451,0.13725491,0.1372549,0.09477756,0.013008686,1,0,0,0,0
25927,-1,0,-0.15730172,0.46075547,0,1,unassigned,8.0,8.0,0.0,1.0,0.0,0.0,0.0116054155,0.0,0,0,0,0,0
25928,-1,0,3.718263,0.9762992,1,1,unassigned,34.0,32.0,2.0,0.9411765,0.05882353,0.058823526,0.061895553,0.0036409148,0,0,0,1,1
25929,-1,0,0.8588055,0.702411,1,1,unassigned,2.0,2.0,0.0,1.0,0.0,0.0,0.0,0.0,0,0,0,1,0
25930,1,0,0.28454566,0.5706603,1,0,test,4.0,4.0,0.0,1.0,0.0,0.0,0.003868472,0.0,0,0,1,1,0
25931,1,1,4.270951,0.98622394,1,0,test,3.0,3.0,0.0,1.0,0.0,0.0,0.001934236,0.0,1,0,1,1,1
25932,-1,0,-0.19083709,0.452435,0,1,unassigned,41.0,36.0,5.0,0.8780488,0.12195122,0.12195122,0.07543521,0.009199415,0,0,0,0,0
25933,-1,0,3.3265016,0.96532685,1,1,unassigned,10.0,10.0,0.0,1.0,0.0,0.0,0.015473888,0.0,0,0,0,1,1
25934,-1,0,-0.21441865,0.44659975,0,1,unassigned,2.0,1.0,1.0,0.5,0.5,0.5,0.0,0.0,0,0,0,0,0
25935,-1,1,3.190349,0.9604695,1,1,unassigned,3.0,3.0,0.0,1.0,0.0,0.0,0.001934236,0.0,1,0,0,1,1
25936,-1,1,0.30591637,0.57588816,1,1,unassigned,17.0,14.0,3.0,0.8235294,0.1764706,0.17647058,0.029013539,0.005120036,1,0,0,1,0
25937,-1,0,-0.8707416,0.2951,0,1,unassigned,4.0,4.0,0.0,1.0,0.0,0.0,0.003868472,0.0,0,0,0,0,0
25938,-1,0,0.76099616,0.68157,1,1,unassigned,3.0,3.0,0.0,1.0,0.0,0.0,0.001934236,0.0,0,0,0,1,0
25939,-1,0,2.0905619,0.88998246,1,1,unassigned,12.0,12.0,0.0,1.0,0.0,0.0,0.01934236,0.0,0,0,0,1,0
25940,-1,1,3.8573663,0.97931343,1,1,unassigned,22.0,20.0,2.0,0.90909094,0.09090909,0.090909064,0.03868472,0.0035167928,1,0,0,1,1
25941,-1,0,6.661573,0.9987225,1,1,unassigned,6.0,6.0,0.0,1.0,0.0,0.0,0.007736944,0.0,0,0,0,1,1
25942,-1,0,-0.3401664,0.41576904,0,1,unassigned,66.0,65.0,1.0,0.9848485,0.015151516,0.015151501,0.123791106,0.0018756229,0,0,0,0,0
25943,1,0,0.2773155,0.56888795,1,0,unassigned,8.0,8.0,0.0,1.0,0.0,0.0,0.0116054155,0.0,0,0,1,1,0
25944,-1,0,-0.052339256,0.48691812,0,1,unassigned,16.0,15.0,1.0,0.9375,0.0625,0.0625,0.027079303,0.0016924564,0,0,0,0,0
25945,-1,0,1.371639,0.7976448,1,1,unassigned,2.0,2.0,0.0,1.0,0.0,0.0,0.0,0.0,0,0,0,1,0
25946,-1,0,-0.27688497,0.43121764,0,1,unassigned,7.0,7.0,0.0,1.0,0.0,0.0,0.00967118,0.0,0,0,0,0,0
25947,-1,1,-0.27650133,0.43131176,0,1,unassigned,114.0,111.0,3.0,0.9736842,0.02631579,0.026315808,0.21663442,0.005700906,1,0,0,0,0
25948,-1,1,-0.7821635,0.31385377,0,1,unassigned,29.0,26.0,3.0,0.8965517,0.10344828,0.10344827,0.05222437,0.005402521,1,0,0,0,0
25949,-1,1,-0.74920774,0.32099396,0,1,unassigned,11.0,11.0,0.0,1.0,0.0,0.0,0.017408123,0.0,1,0,0,0,0
25950,-1,0,-0.13237816,0.46695367,0,1,unassigned,13.0,13.0,0.0,1.0,0.0,0.0,0.021276595,0.0,0,0,0,0,0
25951,-1,1,-0.92468446,0.28400436,0,1,unassigned,38.0,35.0,3.0,0.92105263,0.078947365,0.078947365,0.06963249,0.005497302,1,0,0,0,0
25952,-1,1,1.3333213,0.79138947,1,1,unassigned,32.0,29.0,3.0,0.90625,0.09375,0.09375,0.058027077,0.0054400386,1,0,0,1,0
25953,-1,1,-0.44510984,0.3905241,0,1,unassigned,7.0,6.0,1.0,0.85714287,0.14285715,0.14285713,0.00967118,0.0013815971,1,0,0,0,0
25954,-1,1,-0.84368515,0.3007592,0,1,unassigned,104.0,99.0,5.0,0.9519231,0.048076924,0.048076928,0.19729207,0.009485196,1,0,0,0,0
25955,-1,1,2.4782782,0.9226049,1,1,unassigned,27.0,24.0,3.0,0.8888889,0.11111111,0.111111104,0.0483559,0.0053728777,1,0,0,1,1
25956,-1,1,-0.67612517,0.33712667,0,1,unassigned,43.0,43.0,0.0,1.0,0.0,0.0,0.079303674,0.0,1,0,0,0,0
25957,-1,0,-0.34991664,0.41340265,0,1,unassigned,39.0,37.0,2.0,0.94871795,0.051282052,0.05128205,0.07156673,0.0036700887,0,0,0,0,0
25958,-1,1,0.66887075,0.66125023,1,1,unassigned,68.0,67.0,1.0,0.9852941,0.014705882,0.014705896,0.12765957,0.0018773467,1,0,0,1,0
25959,-1,1,-0.71555007,0.32837364,0,1,unassigned,71.0,67.0,4.0,0.943662,0.056338027,0.056338012,0.13346228,0.0075190016,1,0,0,0,0
25960,-1,1,-0.8927229,0.29054824,0,1,unassigned,33.0,32.0,1.0,0.969697,0.030303031,0.030303001,0.059961315,0.0018170096,1,0,0,0,0
25961,-1,1,-0.7391903,0.32318124,0,1,unassigned,30.0,29.0,1.0,0.96666664,0.033333335,0.03333336,0.054158606,0.001805287,1,0,0,0,0
25962,-1,1,-0.7775608,0.31484583,0,1,unassigned,86.0,85.0,1.0,0.9883721,0.011627907,0.0116279125,0.16247582,0.0018892537,1,0,0,0,0
25963,-1,1,-0.52433085,0.3718401,0,1,unassigned,44.0,44.0,0.0,1.0,0.0,0.0,0.08123791,0.0,1,0,0,0,0
25964,0,1,-0.71264064,0.3290156,0,0,unassigned,8.0,5.0,3.0,0.625,0.375,0.375,0.0116054155,0.004352031,1,0,1,0,0
25965,-1,0,-0.19392192,0.45167086,0,1,unassigned,2.0,2.0,0.0,1.0,0.0,0.0,0.0,0.0,0,0,0,0,0
25966,-1,0,-0.6181679,0.35019824,0,1,unassigned,21.0,21.0,0.0,1.0,0.0,0.0,0.036750484,0.0,0,0,0,0,0
25967,-1,0,-0.54581755,0.36683533,0,1,unassigned,6.0,4.0,2.0,0.6666667,0.33333334,0.3333333,0.007736944,0.0025789815,0,0,0,0,0
25968,-1,1,0.56510276,0.6376324,1,1,unassigned,27.0,27.0,0.0,1.0,0.0,0.0,0.0483559,0.0,1,0,0,1,0
25969,1,0,5.257507,0.99481875,1,0,unassigned,5.0,5.0,0.0,1.0,0.0,0.0,0.0058027077,0.0,0,0,1,1,1
25970,0,0,-0.87988174,0.2932023,0,0,test,5.0,4.0,1.0,0.8,0.2,0.19999999,0.0058027077,0.0011605415,0,0,1,0,0
25971,1,0,2.1944873,0.8997534,1,0,unassigned,9.0,8.0,1.0,0.8888889,0.11111111,0.111111104,0.013539651,0.0015044058,0,0,1,1,0
25972,-1,0,0.4706214,0.61553085,1,1,unassigned,10.0,10.0,0.0,1.0,0.0,0.0,0.015473888,0.0,0,0,0,1,0
25973,-1,0,2.151005,0.8957627,1,1,unassigned,3.0,3.0,0.0,1.0,0.0,0.0,0.001934236,0.0,0,0,0,1,0
25974,-1,0,0.49823266,0.6220439,1,1,unassigned,43.0,42.0,1.0,0.9767442,0.023255814,0.023255825,0.079303674,0.0018442714,0,0,0,1,0
25975,-1,0,-0.6854311,0.33505023,0,1,unassigned,59.0,59.0,0.0,1.0,0.0,0.0,0.11025145,0.0,0,0,0,0,0
25976,-1,1,0.13348812,0.5333226,1,1,unassigned,24.0,24.0,0.0,1.0,0.0,0.0,0.04255319,0.0,1,0,0,1,0
25977,-1,1,-0.8349997,0.30258894,0,1,unassigned,59.0,57.0,2.0,0.9661017,0.033898305,0.033898294,0.11025145,0.0037373372,1,0,0,0,0
25978,-1,1,-0.614239,0.35109285,0,1,unassigned,111.0,110.0,1.0,0.990991,0.009009009,0.009009004,0.21083172,0.0018993849,1,0,0,0,0
25979,1,1,0.92900246,0.7168729,1,0,unassigned,53.0,48.0,5.0,0.9056604,0.094339624,0.09433961,0.09864604,0.00930623,1,0,1,1,0
25980,-1,0,4.2821765,0.98637563,1,1,unassigned,4.0,4.0,0.0,1.0,0.0,0.0,0.003868472,0.0,0,0,0,1,1
25981,-1,0,7.174097,0.99923444,1,1,unassigned,2.0,2.0,0.0,1.0,0.0,0.0,0.0,0.0,0,0,0,1,1
25982,-1,1,-0.72615683,0.32603866,0,1,unassigned,34.0,31.0,3.0,0.9117647,0.0882353,0.08823532,0.061895553,0.0054613724,1,0,0,0,0
25983,-1,0,-0.24480823,0.43910182,0,1,unassigned,5.0,5.0,0.0,1.0,0.0,0.0,0.0058027077,0.0,0,0,0,0,0
25984,-1,0,-0.9237621,0.28419197,0,1,unassigned,19.0,19.0,0.0,1.0,0.0,0.0,0.032882012,0.0,0,0,0,0,0
25985,-1,1,0.25815028,0.5641815,1,1,unassigned,16.0,16.0,0.0,1.0,0.0,0.0,0.027079303,0.0,1,0,0,1,0
25986,-1,0,3.6345265,0.97428244,1,1,unassigned,20.0,18.0,2.0,0.9,0.1,0.100000024,0.034816246,0.0034816246,0,0,0,1,1
25987,-1,0,2.654177,0.93426794,1,1,unassigned,52.0,43.0,9.0,0.8269231,0.17307693,0.17307693,0.0967118,0.01673858,0,0,0,1,1
25988,-1,0,0.12598127,0.5314537,1,1,unassigned,12.0,12.0,0.0,1.0,0.0,0.0,0.01934236,0.0,0,0,0,1,0
25989,-1,0,-0.48739243,0.38050804,0,1,unassigned,10.0,10.0,0.0,1.0,0.0,0.0,0.015473888,0.0,0,0,0,0,0
25990,-1,1,0.25226623,0.5627342,1,1,unassigned,58.0,57.0,1.0,0.98275864,0.01724138,0.017241359,0.10831721,0.0018675381,1,0,0,1,0
25991,-1,1,-0.51925534,0.37302637,0,1,unassigned,40.0,38.0,2.0,0.95,0.05,0.050000012,0.07350097,0.0036750485,1,0,0,0,0
25992,-1,1,-0.9303651,0.28285065,0,1,unassigned,29.0,29.0,0.0,1.0,0.0,0.0,0.05222437,0.0,1,0,0,0,0
25993,-1,0,-0.53238034,0.36996192,0,1,unassigned,10.0,10.0,0.0,1.0,0.0,0.0,0.015473888,0.0,0,0,0,0,0
25994,0,1,-0.72211605,0.32692719,0,0,unassigned,37.0,34.0,3.0,0.9189189,0.08108108,0.08108109,0.06769826,0.005489048,1,0,1,0,0
25995,-1,0,0.10964364,0.5273835,1,1,unassigned,3.0,3.0,0.0,1.0,0.0,0.0,0.001934236,0.0,0,0,0,1,0
25996,-1,0,-0.29371822,0.42709383,0,1,unassigned,3.0,3.0,0.0,1.0,0.0,0.0,0.001934236,0.0,0,0,0,0,0
25997,1,1,-0.9315102,0.2826184,0,1,test,56.0,56.0,0.0,1.0,0.0,0.0,0.10444874,0.0,1,0,0,0,0
25998,-1,1,-0.7273795,0.32577005,0,1,unassigned,67.0,64.0,3.0,0.95522386,0.04477612,0.04477614,0.12572534,0.005629493,1,0,0,0,0
25999,-1,0,5.0908523,0.99388486,1,1,unassigned,6.0,4.0,2.0,0.6666667,0.33333334,0.3333333,0.007736944,0.0025789815,0,0,0,1,1
26000,-1,1,0.043692708,0.5109214,1,1,unassigned,51.0,50.0,1.0,0.98039216,0.019607844,0.019607842,0.09477756,0.0018583836,1,0,0,1,0
26001,-1,1,-0.91952634,0.28505442,0,1,unassigned,20.0,20.0,0.0,1.0,0.0,0.0,0.034816246,0.0,1,0,0,0,0
26002,-1,0,1.4253573,0.80617696,1,1,unassigned,11.0,11.0,0.0,1.0,0.0,0.0,0.017408123,0.0,0,0,0,1,0
26003,0,1,-0.43942297,0.39187846,0,0,val,12.0,10.0,2.0,0.8333333,0.16666667,0.16666669,0.01934236,0.0032237265,1,0,1,0,0
26004,-1,0,-0.74095076,0.32279626,0,1,unassigned,32.0,32.0,0.0,1.0,0.0,0.0,0.058027077,0.0,0,0,0,0,0
26005,-1,0,-0.82985336,0.3036761,0,1,unassigned,35.0,33.0,2.0,0.94285715,0.057142857,0.057142854,0.06382979,0.0036474164,0,0,0,0,0
26006,1,0,-0.3692997,0.40871027,0,1,unassigned,10.0,10.0,0.0,1.0,0.0,0.0,0.015473888,0.0,0,0,0,0,0
26007,-1,0,-0.6792428,0.33643034,0,1,unassigned,41.0,41.0,0.0,1.0,0.0,0.0,0.07543521,0.0,0,0,0,0,0
26008,-1,0,-0.7295892,0.32528487,0,1,unassigned,2.0,2.0,0.0,1.0,0.0,0.0,0.0,0.0,0,0,0,0,0
26009,-1,0,-0.8370364,0.3021593,0,1,unassigned,6.0,5.0,1.0,0.8333333,0.16666667,0.16666669,0.007736944,0.0012894907,0,0,0,0,0
26010,-1,0,5.8017983,0.99698704,1,1,unassigned,7.0,6.0,1.0,0.85714287,0.14285715,0.14285713,0.00967118,0.0013815971,0,0,0,1,1
26011,-1,0,-0.4783703,0.38263702,0,1,unassigned,55.0,55.0,0.0,1.0,0.0,0.0,0.102514505,0.0,0,0,0,0,0
26012,1,0,-0.44315028,0.3909906,0,1,test,57.0,57.0,0.0,1.0,0.0,0.0,0.10638298,0.0,0,0,0,0,0
26013,-1,0,-0.10441989,0.47391874,0,1,unassigned,6.0,6.0,0.0,1.0,0.0,0.0,0.007736944,0.0,0,0,0,0,0
26014,-1,0,-0.47511598,0.38340607,0,1,unassigned,85.0,85.0,0.0,1.0,0.0,0.0,0.16054158,0.0,0,0,0,0,0
26015,-1,0,0.3117472,0.5773117,1,1,unassigned,22.0,22.0,0.0,1.0,0.0,0.0,0.03868472,0.0,0,0,0,1,0
26016,-1,1,10.927618,0.999982,1,1,unassigned,19.0,18.0,1.0,0.94736844,0.05263158,0.052631557,0.032882012,0.0017306323,1,0,0,1,1
26017,-1,0,-0.6250192,0.34864077,0,1,unassigned,15.0,15.0,0.0,1.0,0.0,0.0,0.025145067,0.0,0,0,0,0,0
26018,-1,0,10.721179,0.99997795,1,1,unassigned,7.0,7.0,0.0,1.0,0.0,0.0,0.00967118,0.0,0,0,0,1,1
26019,-1,0,-0.7324936,0.32464775,0,1,unassigned,24.0,23.0,1.0,0.9583333,0.041666668,0.041666687,0.04255319,0.0017730496,0,0,0,0,0
26020,-1,1,1.5909507,0.83074987,1,1,unassigned,14.0,12.0,2.0,0.85714287,0.14285715,0.14285713,0.023210831,0.0033158332,1,0,0,1,0
26021,1,0,2.9790547,0.9516189,1,0,val,2.0,1.0,1.0,0.5,0.5,0.5,0.0,0.0,0,0,1,1,1
26022,-1,0,0.028396428,0.5070986,1,1,unassigned,33.0,32.0,1.0,0.969697,0.030303031,0.030303001,0.059961315,0.0018170096,0,0,0,1,0
26023,-1,0,-0.7735487,0.31571195,0,1,unassigned,21.0,21.0,0.0,1.0,0.0,0.0,0.036750484,0.0,0,0,0,0,0
26024,-1,0,-0.59458935,0.35558254,0,1,unassigned,8.0,8.0,0.0,1.0,0.0,0.0,0.0116054155,0.0,0,0,0,0,0
26025,-1,0,-0.0015248656,0.49961877,0,1,unassigned,19.0,19.0,0.0,1.0,0.0,0.0,0.032882012,0.0,0,0,0,0,0
26026,-1,1,-0.84512806,0.30045587,0,1,unassigned,54.0,53.0,1.0,0.9814815,0.018518519,0.018518507,0.10058027,0.0018625975,1,0,0,0,0
26027,-1,0,7.5695577,0.9994843,1,1,unassigned,2.0,2.0,0.0,1.0,0.0,0.0,0.0,0.0,0,0,0,1,1
26028,-1,0,9.109049,0.9998894,1,1,unassigned,2.0,2.0,0.0,1.0,0.0,0.0,0.0,0.0,0,0,0,1,1
26029,-1,0,8.627897,0.999821,1,1,unassigned,2.0,2.0,0.0,1.0,0.0,0.0,0.0,0.0,0,0,0,1,1
26030,-1,0,8.627897,0.999821,1,1,unassigned,2.0,2.0,0.0,1.0,0.0,0.0,0.0,0.0,0,0,0,1,1
26031,-1,0,8.627897,0.999821,1,1,unassigned,2.0,2.0,0.0,1.0,0.0,0.0,0.0,0.0,0,0,0,1,1
26032,-1,0,8.627897,0.999821,1,1,unassigned,2.0,2.0,0.0,1.0,0.0,0.0,0.0,0.0,0,0,0,1,1
26033,-1,0,8.627897,0.999821,1,1,unassigned,2.0,2.0,0.0,1.0,0.0,0.0,0.0,0.0,0,0,0,1,1
26034,1,1,-0.01175499,0.49706128,0,1,val,4.0,4.0,0.0,1.0,0.0,0.0,0.003868472,0.0,1,0,0,0,0
26035,-1,0,4.419878,0.9881074,1,1,unassigned,2.0,2.0,0.0,1.0,0.0,0.0,0.0,0.0,0,0,0,1,1
26036,-1,0,8.627897,0.999821,1,1,unassigned,2.0,2.0,0.0,1.0,0.0,0.0,0.0,0.0,0,0,0,1,1
26037,-1,1,-0.005253017,0.49868673,0,1,unassigned,6.0,6.0,0.0,1.0,0.0,0.0,0.007736944,0.0,1,0,0,0,0
26038,1,0,4.572286,0.9897714,1,0,unassigned,3.0,3.0,0.0,1.0,0.0,0.0,0.001934236,0.0,0,0,1,1,1
26039,-1,1,6.199134,0.9979729,1,1,unassigned,3.0,3.0,0.0,1.0,0.0,0.0,0.001934236,0.0,1,0,0,1,1
26040,0,0,-0.17008734,0.4575804,0,0,unassigned,33.0,30.0,3.0,0.90909094,0.09090909,0.090909064,0.059961315,0.0054510287,0,0,1,0,0
26041,-1,0,-0.16793993,0.4581134,0,1,unassigned,26.0,26.0,0.0,1.0,0.0,0.0,0.046421662,0.0,0,0,0,0,0
26042,-1,0,0.7269533,0.67413634,1,1,unassigned,2.0,2.0,0.0,1.0,0.0,0.0,0.0,0.0,0,0,0,1,0
26043,-1,0,8.627897,0.999821,1,1,unassigned,2.0,2.0,0.0,1.0,0.0,0.0,0.0,0.0,0,0,0,1,1
26044,0,1,-0.6050391,0.35319167,0,0,val,56.0,52.0,4.0,0.9285714,0.071428575,0.0714286,0.10444874,0.007460625,1,0,1,0,0
26045,-1,0,7.57058,0.9994849,1,1,unassigned,2.0,2.0,0.0,1.0,0.0,0.0,0.0,0.0,0,0,0,1,1
26046,-1,0,-0.76833946,0.31683844,0,1,unassigned,21.0,20.0,1.0,0.95238096,0.04761905,0.047619045,0.036750484,0.0017500231,0,0,0,0,0
26047,-1,1,-0.4426273,0.3911151,0,1,unassigned,7.0,7.0,0.0,1.0,0.0,0.0,0.00967118,0.0,1,0,0,0,0
26048,-1,1,-0.5039194,0.37662,0,1,unassigned,76.0,73.0,3.0,0.9605263,0.039473683,0.039473712,0.14313346,0.005650005,1,0,0,0,0
26049,-1,1,0.37452728,0.5925525,1,1,unassigned,125.0,123.0,2.0,0.984,0.016,0.015999973,0.23791103,0.0038065766,1,0,0,1,0
26050,-1,1,-0.7366415,0.323739,0,1,unassigned,26.0,26.0,0.0,1.0,0.0,0.0,0.046421662,0.0,1,0,0,0,0
26051,-1,1,-0.8957312,0.28992853,0,1,unassigned,34.0,26.0,8.0,0.7647059,0.23529412,0.2352941,0.061895553,0.014563659,1,0,0,0,0
26052,-1,1,-0.69836533,0.33217475,0,1,unassigned,90.0,86.0,4.0,0.95555556,0.044444446,0.04444444,0.17021276,0.0075650117,1,0,0,0,0
26053,-1,0,11.64361,0.9999912,1,1,unassigned,2.0,2.0,0.0,1.0,0.0,0.0,0.0,0.0,0,0,0,1,1
26054,-1,1,-0.4924857,0.37930816,0,1,unassigned,56.0,55.0,1.0,0.98214287,0.017857144,0.017857134,0.10444874,0.0018651562,1,0,0,0,0
26055,-1,1,-0.4135331,0.39806527,0,1,unassigned,55.0,49.0,6.0,0.8909091,0.10909091,0.109090924,0.102514505,0.011183401,1,0,0,0,0
26056,-1,1,-0.7400942,0.32298353,0,1,unassigned,160.0,153.0,7.0,0.95625,0.04375,0.043749988,0.3056093,0.013370406,1,0,0,0,0
26057,-1,1,-0.7861256,0.3130012,0,1,unassigned,142.0,140.0,2.0,0.9859155,0.014084507,0.014084518,0.27079305,0.0038139867,1,0,0,0,0
26058,0,1,-0.41693586,0.3972502,0,0,unassigned,12.0,12.0,0.0,1.0,0.0,0.0,0.01934236,0.0,1,0,1,0,0
26059,-1,0,0.8630751,0.70330274,1,1,unassigned,2.0,2.0,0.0,1.0,0.0,0.0,0.0,0.0,0,0,0,1,0
26060,-1,0,3.0769188,0.95593053,1,1,unassigned,2.0,2.0,0.0,1.0,0.0,0.0,0.0,0.0,0,0,0,1,1
26061,-1,0,-0.9176643,0.28543404,0,1,unassigned,68.0,68.0,0.0,1.0,0.0,0.0,0.12765957,0.0,0,0,0,0,0
26062,-1,0,0.22677809,0.55645275,1,1,unassigned,16.0,16.0,0.0,1.0,0.0,0.0,0.027079303,0.0,0,0,0,1,0
26063,-1,0,-0.5541355,0.3649055,0,1,unassigned,22.0,22.0,0.0,1.0,0.0,0.0,0.03868472,0.0,0,0,0,0,0
26064,-1,0,10.143368,0.99996066,1,1,unassigned,2.0,2.0,0.0,1.0,0.0,0.0,0.0,0.0,0,0,0,1,1
26065,-1,0,7.3154054,0.9993352,1,1,unassigned,2.0,2.0,0.0,1.0,0.0,0.0,0.0,0.0,0,0,0,1,1
26066,0,0,-0.70026827,0.33175275,0,0,test,7.0,7.0,0.0,1.0,0.0,0.0,0.00967118,0.0,0,0,1,0,0
26067,-1,0,-0.3838068,0.4052091,0,1,unassigned,35.0,35.0,0.0,1.0,0.0,0.0,0.06382979,0.0,0,0,0,0,0
26068,-1,0,-0.62876654,0.34779027,0,1,unassigned,13.0,13.0,0.0,1.0,0.0,0.0,0.021276595,0.0,0,0,0,0,0
26069,-1,0,-0.84029996,0.30147162,0,1,unassigned,38.0,37.0,1.0,0.9736842,0.02631579,0.026315808,0.06963249,0.0018324341,0,0,0,0,0
26070,-1,0,-0.33145893,0.4178857,0,1,unassigned,17.0,17.0,0.0,1.0,0.0,0.0,0.029013539,0.0,0,0,0,0,0
26071,0,0,-0.60033,0.35426822,0,0,test,57.0,56.0,1.0,0.98245615,0.01754386,0.017543852,0.10638298,0.0018663681,0,0,1,0,0
26072,-1,0,-0.6004067,0.3542506,0,1,unassigned,64.0,63.0,1.0,0.984375,0.015625,0.015625,0.11992263,0.0018737911,0,0,0,0,0
26073,-1,1,4.879147,0.9924539,1,1,unassigned,4.0,3.0,1.0,0.75,0.25,0.25,0.003868472,0.000967118,1,0,0,1,1
26074,-1,0,-0.63114226,0.3472516,0,1,unassigned,28.0,27.0,1.0,0.96428573,0.035714287,0.03571427,0.050290134,0.0017960763,0,0,0,0,0
26075,1,0,2.9075284,0.9482174,1,0,val,2.0,2.0,0.0,1.0,0.0,0.0,0.0,0.0,0,0,1,1,1
26076,-1,0,-0.4535959,0.38850617,0,1,unassigned,4.0,4.0,0.0,1.0,0.0,0.0,0.003868472,0.0,0,0,0,0,0
26077,1,0,-0.02130574,0.49467373,0,1,test,2.0,2.0,0.0,1.0,0.0,0.0,0.0,0.0,0,0,0,0,0
26078,-1,0,7.310669,0.999332,1,1,unassigned,2.0,2.0,0.0,1.0,0.0,0.0,0.0,0.0,0,0,0,1,1
26079,-1,0,0.20602185,0.551324,1,1,unassigned,22.0,22.0,0.0,1.0,0.0,0.0,0.03868472,0.0,0,0,0,1,0
26080,-1,1,-0.7540499,0.31993946,0,1,unassigned,66.0,64.0,2.0,0.969697,0.030303031,0.030303001,0.123791106,0.0037512458,1,0,0,0,0
26081,-1,0,-0.77508384,0.3153804,0,1,unassigned,47.0,46.0,1.0,0.9787234,0.021276595,0.021276593,0.08704062,0.001851928,0,0,0,0,0
26082,-1,1,-0.83211946,0.30319712,0,1,unassigned,76.0,73.0,3.0,0.9605263,0.039473683,0.039473712,0.14313346,0.005650005,1,0,0,0,0
26083,-1,0,-0.35732216,0.41160795,0,1,unassigned,4.0,4.0,0.0,1.0,0.0,0.0,0.003868472,0.0,0,0,0,0,0
26084,-1,0,0.1540103,0.53842664,1,1,unassigned,23.0,23.0,0.0,1.0,0.0,0.0,0.040618956,0.0,0,0,0,1,0
26085,-1,0,1.1896346,0.76667565,1,1,unassigned,25.0,25.0,0.0,1.0,0.0,0.0,0.044487428,0.0,0,0,0,1,0
26086,-1,1,-0.50123024,0.3772516,0,1,unassigned,31.0,31.0,0.0,1.0,0.0,0.0,0.056092843,0.0,1,0,0,0,0
26087,-1,0,-0.41143626,0.39856777,0,1,unassigned,44.0,44.0,0.0,1.0,0.0,0.0,0.08123791,0.0,0,0,0,0,0
26088,-1,0,0.913112,0.7136366,1,1,unassigned,6.0,5.0,1.0,0.8333333,0.16666667,0.16666669,0.007736944,0.0012894907,0,0,0,1,0
26089,1,0,-0.2822454,0.42990336,0,1,test,37.0,37.0,0.0,1.0,0.0,0.0,0.06769826,0.0,0,0,0,0,0
26090,-1,0,0.0076428056,0.5019107,1,1,unassigned,11.0,11.0,0.0,1.0,0.0,0.0,0.017408123,0.0,0,0,0,1,0
26091,1,0,-0.023339868,0.4941653,0,1,val,14.0,14.0,0.0,1.0,0.0,0.0,0.023210831,0.0,0,0,0,0,0
26092,-1,0,3.342817,0.9658689,1,1,unassigned,7.0,6.0,1.0,0.85714287,0.14285715,0.14285713,0.00967118,0.0013815971,0,0,0,1,1
26093,-1,1,2.4224355,0.91852224,1,1,unassigned,20.0,20.0,0.0,1.0,0.0,0.0,0.034816246,0.0,1,0,0,1,1
26094,-1,1,1.2918994,0.7844685,1,1,unassigned,18.0,13.0,5.0,0.7222222,0.2777778,0.2777778,0.030947777,0.008596605,1,0,0,1,0
26095,-1,0,8.349154,0.9997634,1,1,unassigned,4.0,3.0,1.0,0.75,0.25,0.25,0.003868472,0.000967118,0,0,0,1,1
26096,1,0,13.26387,0.9999982,1,0,unassigned,3.0,2.0,1.0,0.6666667,0.33333334,0.3333333,0.001934236,0.00064474536,0,0,1,1,1
26097,-1,0,2.2041132,0.90061826,1,1,unassigned,2.0,2.0,0.0,1.0,0.0,0.0,0.0,0.0,0,0,0,1,1
26098,-1,0,0.18424648,0.54593176,1,1,unassigned,3.0,3.0,0.0,1.0,0.0,0.0,0.001934236,0.0,0,0,0,1,0
26099,-1,0,1.4037268,0.8027746,1,1,unassigned,2.0,2.0,0.0,1.0,0.0,0.0,0.0,0.0,0,0,0,1,0
26100,-1,1,5.1413007,0.99418396,1,1,unassigned,3.0,3.0,0.0,1.0,0.0,0.0,0.001934236,0.0,1,0,0,1,1
26101,-1,1,5.207048,0.9945521,1,1,unassigned,17.0,14.0,3.0,0.8235294,0.1764706,0.17647058,0.029013539,0.005120036,1,0,0,1,1
26102,-1,0,0.6752215,0.6626713,1,1,unassigned,2.0,2.0,0.0,1.0,0.0,0.0,0.0,0.0,0,0,0,1,0
26103,-1,0,0.4001196,0.5987164,1,1,unassigned,4.0,4.0,0.0,1.0,0.0,0.0,0.003868472,0.0,0,0,0,1,0
26104,-1,0,5.3005877,0.99503607,1,1,unassigned,2.0,2.0,0.0,1.0,0.0,0.0,0.0,0.0,0,0,0,1,1
26105,-1,0,0.9302017,0.7171162,1,1,unassigned,9.0,9.0,0.0,1.0,0.0,0.0,0.013539651,0.0,0,0,0,1,0
26106,-1,0,-0.08604097,0.47850305,0,1,unassigned,6.0,6.0,0.0,1.0,0.0,0.0,0.007736944,0.0,0,0,0,0,0
26107,0,0,-0.19879168,0.4504651,0,0,test,53.0,52.0,1.0,0.9811321,0.018867925,0.01886791,0.09864604,0.0018612461,0,0,1,0,0
26108,-1,0,-0.7818781,0.31391525,0,1,unassigned,82.0,80.0,2.0,0.9756098,0.024390243,0.02439022,0.15473887,0.0037741186,0,0,0,0,0
26109,-1,0,-0.17023683,0.4575433,0,1,unassigned,26.0,26.0,0.0,1.0,0.0,0.0,0.046421662,0.0,0,0,0,0,0
26110,-1,0,-0.67451835,0.33748585,0,1,unassigned,24.0,22.0,2.0,0.9166667,0.083333336,0.08333331,0.04255319,0.0035460992,0,0,0,0,0
26111,-1,0,5.7356834,0.9967817,1,1,unassigned,2.0,2.0,0.0,1.0,0.0,0.0,0.0,0.0,0,0,0,1,1
26112,-1,1,2.568947,0.9288361,1,1,unassigned,4.0,4.0,0.0,1.0,0.0,0.0,0.003868472,0.0,1,0,0,1,1
26113,-1,1,-0.53319246,0.3697726,0,1,unassigned,18.0,16.0,2.0,0.8888889,0.11111111,0.111111104,0.030947777,0.0034386418,1,0,0,0,0
26114,1,0,2.160728,0.89666706,1,0,test,35.0,33.0,2.0,0.94285715,0.057142857,0.057142854,0.06382979,0.0036474164,0,0,1,1,0
26115,-1,1,1.3012483,0.786045,1,1,unassigned,12.0,10.0,2.0,0.8333333,0.16666667,0.16666669,0.01934236,0.0032237265,1,0,0,1,0
26116,-1,0,-0.5519913,0.36540255,0,1,unassigned,8.0,8.0,0.0,1.0,0.0,0.0,0.0116054155,0.0,0,0,0,0,0
26117,-1,1,0.07827276,0.5195582,1,1,unassigned,9.0,7.0,2.0,0.7777778,0.22222222,0.22222221,0.013539651,0.0030088115,1,0,0,1,0
26118,-1,1,-0.5155508,0.3738932,0,1,unassigned,47.0,46.0,1.0,0.9787234,0.021276595,0.021276593,0.08704062,0.001851928,1,0,0,0,0
26119,-1,0,-0.026667058,0.49333367,0,1,unassigned,19.0,19.0,0.0,1.0,0.0,0.0,0.032882012,0.0,0,0,0,0,0
26120,-1,0,-0.027725518,0.49306908,0,1,unassigned,21.0,20.0,1.0,0.95238096,0.04761905,0.047619045,0.036750484,0.0017500231,0,0,0,0,0
26121,-1,0,-0.55514884,0.36467066,0,1,unassigned,5.0,5.0,0.0,1.0,0.0,0.0,0.0058027077,0.0,0,0,0,0,0
26122,-1,0,-0.42210734,0.3960126,0,1,unassigned,46.0,46.0,0.0,1.0,0.0,0.0,0.08510638,0.0,0,0,0,0,0
26123,-1,0,1.6705472,0.84164876,1,1,unassigned,11.0,10.0,1.0,0.90909094,0.09090909,0.090909064,0.017408123,0.0015825568,0,0,0,1,0
26124,-1,1,-0.33264577,0.41759703,0,1,unassigned,12.0,11.0,1.0,0.9166667,0.083333336,0.08333331,0.01934236,0.0016118633,1,0,0,0,0
26125,0,0,2.013594,0.882217,1,1,val,4.0,2.0,2.0,0.5,0.5,0.5,0.003868472,0.001934236,0,0,0,1,0
26126,-1,0,-0.1653718,0.458751,0,1,unassigned,5.0,5.0,0.0,1.0,0.0,0.0,0.0058027077,0.0,0,0,0,0,0
26127,-1,1,-0.90322626,0.28838795,0,1,unassigned,83.0,83.0,0.0,1.0,0.0,0.0,0.15667312,0.0,1,0,0,0,0
26128,0,0,0.7868605,0.68715686,1,1,unassigned,8.0,8.0,0.0,1.0,0.0,0.0,0.0116054155,0.0,0,0,0,1,0
26129,-1,0,-0.8688191,0.2955001,0,1,unassigned,62.0,61.0,1.0,0.983871,0.016129032,0.016129017,0.116054155,0.0018718411,0,0,0,0,0
26130,-1,0,1.0587282,0.74244744,1,1,unassigned,7.0,7.0,0.0,1.0,0.0,0.0,0.00967118,0.0,0,0,0,1,0
26131,-1,0,-0.84912276,0.29961693,0,1,unassigned,46.0,45.0,1.0,0.9782609,0.02173913,0.021739125,0.08510638,0.0018501388,0,0,0,0,0
26132,0,0,-0.103866845,0.4740566,0,0,unassigned,32.0,32.0,0.0,1.0,0.0,0.0,0.058027077,0.0,0,0,1,0,0
26133,-1,0,-0.58413064,0.35798267,0,1,unassigned,38.0,38.0,0.0,1.0,0.0,0.0,0.06963249,0.0,0,0,0,0,0
26134,-1,0,-0.9294412,0.28303808,0,1,unassigned,91.0,91.0,0.0,1.0,0.0,0.0,0.172147,0.0,0,0,0,0,0
26135,-1,0,-0.9791944,0.27305165,0,1,unassigned,58.0,58.0,0.0,1.0,0.0,0.0,0.10831721,0.0,0,0,0,0,0
26136,-1,0,-0.021148026,0.4947132,0,1,unassigned,80.0,78.0,2.0,0.975,0.025,0.024999976,0.15087041,0.0037717603,0,0,0,0,0
26137,-1,0,-0.78127956,0.31404418,0,1,unassigned,28.0,27.0,1.0,0.96428573,0.035714287,0.03571427,0.050290134,0.0017960763,0,0,0,0,0
26138,-1,0,-1.0049648,0.2679664,0,1,unassigned,36.0,36.0,0.0,1.0,0.0,0.0,0.065764025,0.0,0,0,0,0,0
26139,-1,1,-0.13888457,0.46533453,0,1,unassigned,3.0,3.0,0.0,1.0,0.0,0.0,0.001934236,0.0,1,0,0,0,0
26140,0,0,-0.8291055,0.30383423,0,0,unassigned,32.0,32.0,0.0,1.0,0.0,0.0,0.058027077,0.0,0,0,1,0,0
26141,-1,0,1.4144795,0.8044715,1,1,unassigned,25.0,25.0,0.0,1.0,0.0,0.0,0.044487428,0.0,0,0,0,1,0
26142,-1,0,-0.35457405,0.41227365,0,1,unassigned,10.0,10.0,0.0,1.0,0.0,0.0,0.015473888,0.0,0,0,0,0,0
26143,-1,0,-0.19529068,0.45133188,0,1,unassigned,36.0,36.0,0.0,1.0,0.0,0.0,0.065764025,0.0,0,0,0,0,0
26144,-1,1,7.585173,0.9994923,1,1,unassigned,6.0,6.0,0.0,1.0,0.0,0.0,0.007736944,0.0,1,0,0,1,1
26145,-1,0,0.76322514,0.68205357,1,1,unassigned,26.0,26.0,0.0,1.0,0.0,0.0,0.046421662,0.0,0,0,0,1,0
26146,1,0,3.3525217,0.9661873,1,0,unassigned,5.0,5.0,0.0,1.0,0.0,0.0,0.0058027077,0.0,0,0,1,1,1
26147,-1,0,-0.6158689,0.3507216,0,1,unassigned,16.0,16.0,0.0,1.0,0.0,0.0,0.027079303,0.0,0,0,0,0,0
26148,1,0,-0.16728717,0.45827547,0,1,unassigned,7.0,7.0,0.0,1.0,0.0,0.0,0.00967118,0.0,0,0,0,0,0
26149,0,0,-0.17183983,0.45714545,0,0,test,16.0,13.0,3.0,0.8125,0.1875,0.1875,0.027079303,0.0050773695,0,0,1,0,0
26150,-1,0,0.22600931,0.556263,1,1,unassigned,27.0,27.0,0.0,1.0,0.0,0.0,0.0483559,0.0,0,0,0,1,0
26151,0,0,-0.66384476,0.33987647,0,0,val,59.0,59.0,0.0,1.0,0.0,0.0,0.11025145,0.0,0,0,1,0,0
26152,-1,0,-0.7484071,0.32116845,0,1,unassigned,47.0,46.0,1.0,0.9787234,0.021276595,0.021276593,0.08704062,0.001851928,0,0,0,0,0
26153,-1,0,-0.9487827,0.27912968,0,1,unassigned,81.0,81.0,0.0,1.0,0.0,0.0,0.15280464,0.0,0,0,0,0,0
26154,-1,0,-0.8767295,0.29385597,0,1,unassigned,35.0,31.0,4.0,0.8857143,0.114285715,0.11428571,0.06382979,0.0072948327,0,0,0,0,0
26155,1,0,-0.5309827,0.37028775,0,1,unassigned,47.0,47.0,0.0,1.0,0.0,0.0,0.08704062,0.0,0,0,0,0,0
26156,-1,1,0.9516638,0.7214496,1,1,unassigned,4.0,4.0,0.0,1.0,0.0,0.0,0.003868472,0.0,1,0,0,1,0
26157,-1,0,0.030359149,0.5075892,1,1,unassigned,13.0,13.0,0.0,1.0,0.0,0.0,0.021276595,0.0,0,0,0,1,0
26158,-1,0,-0.26259154,0.43472677,0,1,unassigned,5.0,5.0,0.0,1.0,0.0,0.0,0.0058027077,0.0,0,0,0,0,0
26159,-1,0,-0.41681868,0.39727825,0,1,unassigned,2.0,2.0,0.0,1.0,0.0,0.0,0.0,0.0,0,0,0,0,0
26160,-1,0,-0.42150116,0.39615756,0,1,unassigned,13.0,13.0,0.0,1.0,0.0,0.0,0.021276595,0.0,0,0,0,0,0
26161,-1,0,0.34905165,0.5863876,1,1,unassigned,3.0,3.0,0.0,1.0,0.0,0.0,0.001934236,0.0,0,0,0,1,0
26162,-1,0,-0.61077046,0.35188347,0,1,unassigned,30.0,29.0,1.0,0.96666664,0.033333335,0.03333336,0.054158606,0.001805287,0,0,0,0,0
26163,-1,1,0.6202757,0.65028125,1,1,unassigned,42.0,21.0,21.0,0.5,0.5,0.5,0.07736944,0.03868472,1,0,0,1,0
26164,-1,0,0.4214087,0.60382026,1,1,unassigned,3.0,3.0,0.0,1.0,0.0,0.0,0.001934236,0.0,0,0,0,1,0
26165,-1,0,-0.56681937,0.36197105,0,1,unassigned,30.0,30.0,0.0,1.0,0.0,0.0,0.054158606,0.0,0,0,0,0,0
26166,-1,1,-0.55052435,0.36574277,0,1,unassigned,3.0,3.0,0.0,1.0,0.0,0.0,0.001934236,0.0,1,0,0,0,0
26167,-1,0,0.42462283,0.60458887,1,1,unassigned,2.0,2.0,0.0,1.0,0.0,0.0,0.0,0.0,0,0,0,1,0
26168,-1,0,1.5531659,0.82537055,1,1,unassigned,21.0,21.0,0.0,1.0,0.0,0.0,0.036750484,0.0,0,0,0,1,0
26169,1,0,-0.30511057,0.42430863,0,1,val,11.0,10.0,1.0,0.90909094,0.09090909,0.090909064,0.017408123,0.0015825568,0,0,0,0,0
26170,-1,0,5.6816907,0.9966037,1,1,unassigned,3.0,3.0,0.0,1.0,0.0,0.0,0.001934236,0.0,0,0,0,1,1
26171,-1,1,-0.5498775,0.36589283,0,1,unassigned,16.0,16.0,0.0,1.0,0.0,0.0,0.027079303,0.0,1,0,0,0,0
26172,-1,0,4.6613665,0.990635,1,1,unassigned,2.0,2.0,0.0,1.0,0.0,0.0,0.0,0.0,0,0,0,1,1
26173,-1,0,2.7071881,0.93744946,1,1,unassigned,15.0,14.0,1.0,0.93333334,0.06666667,0.06666666,0.025145067,0.0016763379,0,0,0,1,1
26174,-1,0,5.0168576,0.99341834,1,1,unassigned,4.0,4.0,0.0,1.0,0.0,0.0,0.003868472,0.0,0,0,0,1,1
26175,-1,1,0.2329489,0.5579753,1,1,unassigned,29.0,23.0,6.0,0.79310346,0.20689656,0.20689654,0.05222437,0.010805042,1,0,0,1,0
26176,0,0,-0.5265106,0.3713311,0,0,unassigned,15.0,15.0,0.0,1.0,0.0,0.0,0.025145067,0.0,0,0,1,0,0
26177,-1,0,6.144595,0.99785954,1,1,unassigned,9.0,8.0,1.0,0.8888889,0.11111111,0.111111104,0.013539651,0.0015044058,0,0,0,1,1
26178,-1,0,1.6063597,0.83290535,1,1,unassigned,4.0,3.0,1.0,0.75,0.25,0.25,0.003868472,0.000967118,0,0,0,1,0
26179,-1,0,1.4417565,0.8087265,1,1,unassigned,2.0,2.0,0.0,1.0,0.0,0.0,0.0,0.0,0,0,0,1,0
26180,-1,0,0.76293236,0.6819901,1,1,unassigned,9.0,8.0,1.0,0.8888889,0.11111111,0.111111104,0.013539651,0.0015044058,0,0,0,1,0
26181,0,0,-0.4364853,0.39257878,0,0,val,4.0,3.0,1.0,0.75,0.25,0.25,0.003868472,0.000967118,0,0,1,0,0
26182,-1,0,-0.5129354,0.37450567,0,1,unassigned,49.0,47.0,2.0,0.9591837,0.040816326,0.040816307,0.09090909,0.0037105752,0,0,0,0,0
26183,0,1,-0.62319595,0.34905493,0,0,val,11.0,11.0,0.0,1.0,0.0,0.0,0.017408123,0.0,1,0,1,0,0
26184,1,1,-0.21987239,0.44525227,0,1,val,51.0,50.0,1.0,0.98039216,0.019607844,0.019607842,0.09477756,0.0018583836,1,0,0,0,0
26185,-1,1,-0.5282619,0.37092236,0,1,unassigned,12.0,12.0,0.0,1.0,0.0,0.0,0.01934236,0.0,1,0,0,0,0
26186,-1,0,-0.78121567,0.31405795,0,1,unassigned,83.0,82.0,1.0,0.9879518,0.012048192,0.012048185,0.15667312,0.0018876279,0,0,0,0,0
26187,-1,0,1.6228092,0.83518213,1,1,unassigned,4.0,4.0,0.0,1.0,0.0,0.0,0.003868472,0.0,0,0,0,1,0
26188,-1,0,-0.75534976,0.31965673,0,1,unassigned,2.0,2.0,0.0,1.0,0.0,0.0,0.0,0.0,0,0,0,0,0
26189,-1,0,-0.56574535,0.36221913,0,1,unassigned,14.0,13.0,1.0,0.9285714,0.071428575,0.0714286,0.023210831,0.0016579166,0,0,0,0,0
26190,-1,0,4.840817,0.99216133,1,1,unassigned,2.0,2.0,0.0,1.0,0.0,0.0,0.0,0.0,0,0,0,1,1
26191,0,1,-0.7267027,0.3259187,0,0,unassigned,14.0,13.0,1.0,0.9285714,0.071428575,0.0714286,0.023210831,0.0016579166,1,0,1,0,0
26192,-1,1,0.9471286,0.7205373,1,1,unassigned,15.0,14.0,1.0,0.93333334,0.06666667,0.06666666,0.025145067,0.0016763379,1,0,0,1,0
26193,-1,0,-0.32012424,0.42064548,0,1,unassigned,3.0,3.0,0.0,1.0,0.0,0.0,0.001934236,0.0,0,0,0,0,0
26194,-1,0,-0.053913593,0.48652485,0,1,unassigned,2.0,1.0,1.0,0.5,0.5,0.5,0.0,0.0,0,0,0,0,0
26195,-1,1,0.7297465,0.6747497,1,1,unassigned,19.0,18.0,1.0,0.94736844,0.05263158,0.052631557,0.032882012,0.0017306323,1,0,0,1,0
26196,-1,0,-0.8366759,0.30223534,0,1,unassigned,43.0,43.0,0.0,1.0,0.0,0.0,0.079303674,0.0,0,0,0,0,0
26197,-1,0,10.425882,0.9999703,1,1,unassigned,6.0,4.0,2.0,0.6666667,0.33333334,0.3333333,0.007736944,0.0025789815,0,0,0,1,1
26198,0,0,-0.889881,0.2911344,0,0,unassigned,50.0,50.0,0.0,1.0,0.0,0.0,0.092843324,0.0,0,0,1,0,0
26199,-1,0,-0.79145586,0.31185615,0,1,unassigned,27.0,26.0,1.0,0.962963,0.037037037,0.037037015,0.0483559,0.0017909593,0,0,0,0,0
26200,-1,1,-0.88196814,0.29277012,0,1,unassigned,68.0,51.0,17.0,0.75,0.25,0.25,0.12765957,0.031914894,1,0,0,0,0
26201,-1,0,-0.86876386,0.29551157,0,1,unassigned,135.0,134.0,1.0,0.9925926,0.0074074073,0.007407427,0.25725338,0.0019055805,0,0,0,0,0
26202,-1,0,7.171036,0.99923205,1,1,unassigned,27.0,27.0,0.0,1.0,0.0,0.0,0.0483559,0.0,0,0,0,1,1
26203,-1,0,3.432039,0.968691,1,1,unassigned,2.0,2.0,0.0,1.0,0.0,0.0,0.0,0.0,0,0,0,1,1
26204,-1,0,-0.52685463,0.3712508,0,1,unassigned,48.0,46.0,2.0,0.9583333,0.041666668,0.041666687,0.088974856,0.0037072857,0,0,0,0,0
26205,-1,0,-0.9281664,0.28329685,0,1,unassigned,116.0,114.0,2.0,0.98275864,0.01724138,0.017241359,0.2205029,0.003801774,0,0,0,0,0
26206,-1,0,-0.9557837,0.27772316,0,1,unassigned,19.0,18.0,1.0,0.94736844,0.05263158,0.052631557,0.032882012,0.0017306323,0,0,0,0,0
26207,-1,0,-0.9904938,0.27081454,0,1,unassigned,24.0,22.0,2.0,0.9166667,0.083333336,0.08333331,0.04255319,0.0035460992,0,0,0,0,0
26208,1,0,-0.4970654,0.37823057,0,1,unassigned,10.0,7.0,3.0,0.7,0.3,0.3,0.015473888,0.0046421667,0,0,0,0,0
26209,-1,0,-0.4375592,0.39232272,0,1,unassigned,95.0,91.0,4.0,0.95789474,0.042105265,0.042105258,0.17988394,0.007574061,0,0,0,0,0
26210,-1,1,0.66031533,0.65933126,1,1,unassigned,3.0,3.0,0.0,1.0,0.0,0.0,0.001934236,0.0,1,0,0,1,0
26211,-1,0,-0.3447039,0.41466728,0,1,unassigned,2.0,2.0,0.0,1.0,0.0,0.0,0.0,0.0,0,0,0,0,0
26212,-1,0,4.493295,0.98893994,1,1,unassigned,26.0,25.0,1.0,0.96153843,0.03846154,0.038461566,0.046421662,0.0017854486,0,0,0,1,1
26213,0,0,0.19449472,0.548471,1,1,unassigned,2.0,2.0,0.0,1.0,0.0,0.0,0.0,0.0,0,0,0,1,0
26214,-1,1,-0.9052936,0.28796387,0,1,unassigned,5.0,5.0,0.0,1.0,0.0,0.0,0.0058027077,0.0,1,0,0,0,0
26215,-1,0,-0.3654517,0.4096405,0,1,unassigned,2.0,2.0,0.0,1.0,0.0,0.0,0.0,0.0,0,0,0,0,0
26216,-1,1,-0.5562462,0.36441645,0,1,unassigned,62.0,58.0,4.0,0.9354839,0.06451613,0.06451613,0.116054155,0.0074873646,1,0,0,0,0
26217,-1,0,0.39794105,0.5981929,1,1,unassigned,3.0,3.0,0.0,1.0,0.0,0.0,0.001934236,0.0,0,0,0,1,0
26218,-1,0,3.201543,0.9608923,1,1,unassigned,3.0,3.0,0.0,1.0,0.0,0.0,0.001934236,0.0,0,0,0,1,1
26219,-1,0,-0.5205606,0.37272114,0,1,unassigned,69.0,68.0,1.0,0.98550725,0.014492754,0.01449275,0.1295938,0.0018781711,0,0,0,0,0
26220,-1,1,1.5784118,0.82897943,1,1,unassigned,12.0,12.0,0.0,1.0,0.0,0.0,0.01934236,0.0,1,0,0,1,0
26221,0,0,-0.54110014,0.36793166,0,0,unassigned,25.0,23.0,2.0,0.92,0.08,0.07999998,0.044487428,0.003558994,0,0,1,0,0
26222,-1,0,0.9633464,0.7237913,1,1,unassigned,3.0,3.0,0.0,1.0,0.0,0.0,0.001934236,0.0,0,0,0,1,0
26223,-1,0,0.15948611,0.53978723,1,1,unassigned,2.0,2.0,0.0,1.0,0.0,0.0,0.0,0.0,0,0,0,1,0
26224,-1,0,6.9680943,0.9990595,1,1,unassigned,25.0,25.0,0.0,1.0,0.0,0.0,0.044487428,0.0,0,0,0,1,1
26225,-1,0,-0.2464239,0.4387039,0,1,unassigned,13.0,13.0,0.0,1.0,0.0,0.0,0.021276595,0.0,0,0,0,0,0
26226,-1,0,0.18423027,0.54592776,1,1,unassigned,9.0,9.0,0.0,1.0,0.0,0.0,0.013539651,0.0,0,0,0,1,0
26227,-1,0,-0.6919334,0.3336031,0,1,unassigned,11.0,11.0,0.0,1.0,0.0,0.0,0.017408123,0.0,0,0,0,0,0
26228,1,0,-0.22645625,0.44362664,0,1,unassigned,9.0,9.0,0.0,1.0,0.0,0.0,0.013539651,0.0,0,0,0,0,0
26229,-1,0,-0.5210628,0.37260374,0,1,unassigned,8.0,8.0,0.0,1.0,0.0,0.0,0.0116054155,0.0,0,0,0,0,0
26230,-1,0,-0.92324406,0.28429735,0,1,unassigned,43.0,40.0,3.0,0.9302326,0.069767445,0.069767416,0.079303674,0.0055328147,0,0,0,0,0
26231,-1,0,-0.96135724,0.27660656,0,1,unassigned,45.0,45.0,0.0,1.0,0.0,0.0,0.08317215,0.0,0,0,0,0,0
26232,-1,0,-0.94376576,0.2801403,0,1,unassigned,36.0,36.0,0.0,1.0,0.0,0.0,0.065764025,0.0,0,0,0,0,0
26233,-1,1,0.03419441,0.5085477,1,1,unassigned,12.0,12.0,0.0,1.0,0.0,0.0,0.01934236,0.0,1,0,0,1,0
26234,-1,0,-0.8927145,0.29054996,0,1,unassigned,91.0,91.0,0.0,1.0,0.0,0.0,0.172147,0.0,0,0,0,0,0
26235,-1,0,0.027621686,0.506905,1,1,unassigned,4.0,2.0,2.0,0.5,0.5,0.5,0.003868472,0.001934236,0,0,0,1,0
26236,-1,1,-0.32235765,0.4201013,0,1,unassigned,19.0,14.0,5.0,0.7368421,0.2631579,0.2631579,0.032882012,0.008653161,1,0,0,0,0
26237,-1,0,-0.43897069,0.39198625,0,1,unassigned,66.0,65.0,1.0,0.9848485,0.015151516,0.015151501,0.123791106,0.0018756229,0,0,0,0,0
26238,-1,1,0.10127914,0.5252981,1,1,unassigned,6.0,5.0,1.0,0.8333333,0.16666667,0.16666669,0.007736944,0.0012894907,1,0,0,1,0
26239,-1,0,0.20212805,0.5503606,1,1,unassigned,5.0,5.0,0.0,1.0,0.0,0.0,0.0058027077,0.0,0,0,0,1,0
26240,-1,1,-0.6567321,0.34147406,0,1,unassigned,16.0,16.0,0.0,1.0,0.0,0.0,0.027079303,0.0,1,0,0,0,0
26241,-1,1,0.3438204,0.58511823,1,1,unassigned,3.0,3.0,0.0,1.0,0.0,0.0,0.001934236,0.0,1,0,0,1,0
26242,-1,1,3.5124433,0.97103983,1,1,unassigned,9.0,3.0,6.0,0.33333334,0.6666667,0.6666666,0.013539651,0.009026434,1,0,0,1,1
26243,-1,0,3.0094357,0.9529986,1,1,unassigned,5.0,4.0,1.0,0.8,0.2,0.19999999,0.0058027077,0.0011605415,0,0,0,1,1
26244,-1,0,0.43609506,0.6073281,1,1,unassigned,2.0,2.0,0.0,1.0,0.0,0.0,0.0,0.0,0,0,0,1,0
26245,-1,0,-0.47137955,0.3842898,0,1,unassigned,2.0,2.0,0.0,1.0,0.0,0.0,0.0,0.0,0,0,0,0,0
26246,-1,0,-0.96215504,0.2764469,0,1,unassigned,2.0,2.0,0.0,1.0,0.0,0.0,0.0,0.0,0,0,0,0,0
26247,-1,1,-0.5131716,0.3744503,0,1,unassigned,2.0,2.0,0.0,1.0,0.0,0.0,0.0,0.0,1,0,0,0,0
26248,-1,0,-0.02233231,0.49441716,0,1,unassigned,46.0,46.0,0.0,1.0,0.0,0.0,0.08510638,0.0,0,0,0,0,0
26249,-1,1,-0.53451633,0.36946413,0,1,unassigned,16.0,16.0,0.0,1.0,0.0,0.0,0.027079303,0.0,1,0,0,0,0
26250,-1,0,1.4837632,0.8151403,1,1,unassigned,2.0,1.0,1.0,0.5,0.5,0.5,0.0,0.0,0,0,0,1,0
26251,-1,1,-0.5057925,0.37618038,0,1,unassigned,7.0,7.0,0.0,1.0,0.0,0.0,0.00967118,0.0,1,0,0,0,0
26252,1,0,-0.02903223,0.4927425,0,1,unassigned,23.0,23.0,0.0,1.0,0.0,0.0,0.040618956,0.0,0,0,0,0,0
26253,-1,1,-0.6707731,0.33832377,0,1,unassigned,115.0,108.0,7.0,0.9391304,0.060869563,0.060869575,0.21856867,0.0133041795,1,0,0,0,0
26254,-1,1,-0.70794976,0.33005205,0,1,unassigned,10.0,10.0,0.0,1.0,0.0,0.0,0.015473888,0.0,1,0,0,0,0
26255,-1,1,-0.7392404,0.32317027,0,1,unassigned,31.0,30.0,1.0,0.9677419,0.032258064,0.032258093,0.056092843,0.0018094465,1,0,0,0,0
26256,-1,1,-0.80133724,0.30973956,0,1,unassigned,77.0,76.0,1.0,0.987013,0.012987013,0.012987018,0.14506769,0.001883996,1,0,0,0,0
26257,-1,1,-0.81722414,0.3063532,0,1,unassigned,17.0,17.0,0.0,1.0,0.0,0.0,0.029013539,0.0,1,0,0,0,0
26258,-1,1,-0.63244534,0.34695625,0,1,unassigned,40.0,39.0,1.0,0.975,0.025,0.024999976,0.07350097,0.0018375242,1,0,0,0,0
26259,0,1,-0.73594743,0.32389095,0,0,test,216.0,211.0,5.0,0.9768519,0.023148147,0.02314812,0.4139265,0.009581632,1,0,1,0,0
26260,-1,1,-0.7834795,0.31357047,0,1,unassigned,45.0,44.0,1.0,0.9777778,0.022222223,0.02222222,0.08317215,0.0018482701,1,0,0,0,0
26261,-1,1,-0.89999944,0.2890506,0,1,unassigned,63.0,62.0,1.0,0.984127,0.015873017,0.015873015,0.11798839,0.0018728317,1,0,0,0,0
26262,-1,1,-0.6636658,0.33991662,0,1,unassigned,23.0,22.0,1.0,0.95652175,0.04347826,0.04347825,0.040618956,0.0017660416,1,0,0,0,0
26263,-1,0,1.1509569,0.75968564,1,1,unassigned,3.0,3.0,0.0,1.0,0.0,0.0,0.001934236,0.0,0,0,0,1,0
26264,1,1,0.11939812,0.5298141,1,0,val,3.0,3.0,0.0,1.0,0.0,0.0,0.001934236,0.0,1,0,1,1,0
26265,0,0,0.573664,0.6396082,1,1,val,20.0,20.0,0.0,1.0,0.0,0.0,0.034816246,0.0,0,0,0,1,0
26266,0,0,0.20506066,0.5510863,1,1,test,13.0,13.0,0.0,1.0,0.0,0.0,0.021276595,0.0,0,0,0,1,0
26267,-1,1,1.1979017,0.76815134,1,1,unassigned,5.0,3.0,2.0,0.6,0.4,0.39999998,0.0058027077,0.002321083,1,0,0,1,0
26268,0,0,-0.13136917,0.46720484,0,0,unassigned,28.0,28.0,0.0,1.0,0.0,0.0,0.050290134,0.0,0,0,1,0,0
26269,-1,1,2.155319,0.8961648,1,1,unassigned,2.0,2.0,0.0,1.0,0.0,0.0,0.0,0.0,1,0,0,1,0
26270,0,0,0.15648335,0.5390412,1,1,unassigned,14.0,14.0,0.0,1.0,0.0,0.0,0.023210831,0.0,0,0,0,1,0
26271,-1,0,-0.36446813,0.4098784,0,1,unassigned,7.0,6.0,1.0,0.85714287,0.14285715,0.14285713,0.00967118,0.0013815971,0,0,0,0,0
26272,-1,0,0.07178831,0.5179393,1,1,unassigned,2.0,2.0,0.0,1.0,0.0,0.0,0.0,0.0,0,0,0,1,0
26273,0,0,0.38917267,0.5960835,1,1,unassigned,52.0,52.0,0.0,1.0,0.0,0.0,0.0967118,0.0,0,0,0,1,0
26274,-1,0,-0.34812528,0.4138371,0,1,unassigned,9.0,9.0,0.0,1.0,0.0,0.0,0.013539651,0.0,0,0,0,0,0
26275,-1,0,-0.88899946,0.29131636,0,1,unassigned,8.0,7.0,1.0,0.875,0.125,0.125,0.0116054155,0.0014506769,0,0,0,0,0
26276,0,0,-0.41726428,0.39717156,0,0,unassigned,12.0,10.0,2.0,0.8333333,0.16666667,0.16666669,0.01934236,0.0032237265,0,0,1,0,0
26277,-1,0,0.14387518,0.53590685,1,1,unassigned,57.0,54.0,3.0,0.94736844,0.05263158,0.052631557,0.10638298,0.0055991043,0,0,0,1,0
26278,-1,0,-0.2006799,0.44999775,0,1,unassigned,4.0,4.0,0.0,1.0,0.0,0.0,0.003868472,0.0,0,0,0,0,0
26279,-1,0,-0.34768248,0.4139445,0,1,unassigned,12.0,11.0,1.0,0.9166667,0.083333336,0.08333331,0.01934236,0.0016118633,0,0,0,0,0
26280,-1,0,-0.26676723,0.4337009,0,1,unassigned,15.0,15.0,0.0,1.0,0.0,0.0,0.025145067,0.0,0,0,0,0,0
26281,1,0,0.10540122,0.52632594,1,0,val,4.0,4.0,0.0,1.0,0.0,0.0,0.003868472,0.0,0,0,1,1,0
26282,-1,0,-0.25702652,0.4360948,0,1,unassigned,49.0,48.0,1.0,0.97959185,0.020408163,0.020408154,0.09090909,0.0018552876,0,0,0,0,0
26283,-1,0,-0.56834364,0.3616191,0,1,unassigned,39.0,39.0,0.0,1.0,0.0,0.0,0.07156673,0.0,0,0,0,0,0
26284,-1,0,0.15380126,0.5383747,1,1,unassigned,14.0,14.0,0.0,1.0,0.0,0.0,0.023210831,0.0,0,0,0,1,0
26285,-1,0,1.0828393,0.7470309,1,1,unassigned,3.0,3.0,0.0,1.0,0.0,0.0,0.001934236,0.0,0,0,0,1,0
26286,-1,1,5.2276793,0.99466264,1,1,unassigned,2.0,2.0,0.0,1.0,0.0,0.0,0.0,0.0,1,0,0,1,1
26287,-1,1,-0.70577806,0.33053243,0,1,unassigned,3.0,3.0,0.0,1.0,0.0,0.0,0.001934236,0.0,1,0,0,0,0
26288,-1,1,-0.5467185,0.36662605,0,1,unassigned,120.0,119.0,1.0,0.9916667,0.008333334,0.008333325,0.22823985,0.0019019989,1,0,0,0,0
26289,-1,1,2.294099,0.9083871,1,1,unassigned,2.0,1.0,1.0,0.5,0.5,0.5,0.0,0.0,1,0,0,1,1
26290,-1,0,-0.51833767,0.37324104,0,1,unassigned,10.0,9.0,1.0,0.9,0.1,0.100000024,0.015473888,0.0015473888,0,0,0,0,0
26291,1,1,1.1835177,0.76557964,1,0,test,5.0,3.0,2.0,0.6,0.4,0.39999998,0.0058027077,0.002321083,1,0,1,1,0
26292,-1,0,2.608931,0.93143415,1,1,unassigned,7.0,7.0,0.0,1.0,0.0,0.0,0.00967118,0.0,0,0,0,1,1
26293,-1,1,0.5417121,0.6322106,1,1,unassigned,19.0,19.0,0.0,1.0,0.0,0.0,0.032882012,0.0,1,0,0,1,0
26294,-1,1,0.24560839,0.5610953,1,1,unassigned,2.0,2.0,0.0,1.0,0.0,0.0,0.0,0.0,1,0,0,1,0
26295,-1,0,-0.3760051,0.40709075,0,1,unassigned,2.0,2.0,0.0,1.0,0.0,0.0,0.0,0.0,0,0,0,0,0
26296,-1,0,2.3026507,0.9090963,1,1,unassigned,16.0,16.0,0.0,1.0,0.0,0.0,0.027079303,0.0,0,0,0,1,1
26297,-1,0,0.1605162,0.5400431,1,1,unassigned,3.0,3.0,0.0,1.0,0.0,0.0,0.001934236,0.0,0,0,0,1,0
26298,-1,0,-0.99458945,0.2700065,0,1,unassigned,25.0,24.0,1.0,0.96,0.04,0.04000002,0.044487428,0.001779497,0,0,0,0,0
26299,0,0,0.44868618,0.6103268,1,1,val,4.0,4.0,0.0,1.0,0.0,0.0,0.003868472,0.0,0,0,0,1,0
26300,-1,0,0.98727137,0.72854865,1,1,unassigned,3.0,3.0,0.0,1.0,0.0,0.0,0.001934236,0.0,0,0,0,1,0
26301,-1,0,0.31277794,0.57756317,1,1,unassigned,2.0,2.0,0.0,1.0,0.0,0.0,0.0,0.0,0,0,0,1,0
26302,-1,1,-0.16971198,0.45767355,0,1,unassigned,17.0,17.0,0.0,1.0,0.0,0.0,0.029013539,0.0,1,0,0,0,0
26303,-1,0,1.0296717,0.7368522,1,1,unassigned,36.0,34.0,2.0,0.9444444,0.055555556,0.055555582,0.065764025,0.003653557,0,0,0,1,0
26304,-1,0,5.925599,0.9973369,1,1,unassigned,5.0,5.0,0.0,1.0,0.0,0.0,0.0058027077,0.0,0,0,0,1,1
26305,-1,0,0.47967404,0.6176709,1,1,unassigned,2.0,2.0,0.0,1.0,0.0,0.0,0.0,0.0,0,0,0,1,0
26306,-1,0,6.9036775,0.9989969,1,1,unassigned,2.0,1.0,1.0,0.5,0.5,0.5,0.0,0.0,0,0,0,1,1
26307,1,0,0.8536251,0.7013271,1,0,test,3.0,3.0,0.0,1.0,0.0,0.0,0.001934236,0.0,0,0,1,1,0
26308,-1,1,-0.21471971,0.4465254,0,1,unassigned,7.0,7.0,0.0,1.0,0.0,0.0,0.00967118,0.0,1,0,0,0,0
26309,-1,0,-0.9162223,0.28572825,0,1,unassigned,33.0,32.0,1.0,0.969697,0.030303031,0.030303001,0.059961315,0.0018170096,0,0,0,0,0
26310,-1,1,1.7232645,0.8485488,1,1,unassigned,29.0,29.0,0.0,1.0,0.0,0.0,0.05222437,0.0,1,0,0,1,0
26311,-1,0,-0.101659805,0.47460693,0,1,unassigned,32.0,32.0,0.0,1.0,0.0,0.0,0.058027077,0.0,0,0,0,0,0
26312,-1,0,-0.05113393,0.48721927,0,1,unassigned,109.0,108.0,1.0,0.9908257,0.0091743115,0.009174287,0.20696326,0.0018987454,0,0,0,0,0
26313,-1,0,-0.9511149,0.27866068,0,1,unassigned,53.0,53.0,0.0,1.0,0.0,0.0,0.09864604,0.0,0,0,0,0,0
26314,-1,0,-0.8956377,0.28994778,0,1,unassigned,21.0,21.0,0.0,1.0,0.0,0.0,0.036750484,0.0,0,0,0,0,0
26315,-1,0,1.1685846,0.7628891,1,1,unassigned,6.0,4.0,2.0,0.6666667,0.33333334,0.3333333,0.007736944,0.0025789815,0,0,0,1,0
26316,-1,0,-0.92653215,0.2836288,0,1,unassigned,25.0,25.0,0.0,1.0,0.0,0.0,0.044487428,0.0,0,0,0,0,0
26317,1,0,-0.9197505,0.28500873,0,1,val,80.0,80.0,0.0,1.0,0.0,0.0,0.15087041,0.0,0,0,0,0,0
26318,-1,0,0.39929634,0.5985186,1,1,unassigned,20.0,20.0,0.0,1.0,0.0,0.0,0.034816246,0.0,0,0,0,1,0
26319,0,0,-0.20229608,0.44959775,0,0,test,52.0,52.0,0.0,1.0,0.0,0.0,0.0967118,0.0,0,0,1,0,0
26320,-1,1,3.1805286,0.960095,1,1,unassigned,4.0,4.0,0.0,1.0,0.0,0.0,0.003868472,0.0,1,0,0,1,1
26321,-1,0,7.215056,0.99926513,1,1,unassigned,7.0,7.0,0.0,1.0,0.0,0.0,0.00967118,0.0,0,0,0,1,1
26322,-1,0,-0.38548577,0.4048045,0,1,unassigned,19.0,16.0,3.0,0.84210527,0.15789473,0.15789473,0.032882012,0.0051918966,0,0,0,0,0
26323,-1,0,0.78340846,0.68641424,1,1,unassigned,2.0,2.0,0.0,1.0,0.0,0.0,0.0,0.0,0,0,0,1,0
26324,-1,1,6.6695704,0.9987326,1,1,unassigned,2.0,2.0,0.0,1.0,0.0,0.0,0.0,0.0,1,0,0,1,1
26325,-1,0,-0.58949226,0.35675135,0,1,unassigned,15.0,15.0,0.0,1.0,0.0,0.0,0.025145067,0.0,0,0,0,0,0
26326,0,0,-0.13272518,0.4668673,0,0,unassigned,8.0,8.0,0.0,1.0,0.0,0.0,0.0116054155,0.0,0,0,1,0,0
26327,-1,0,-0.1982317,0.4506037,0,1,unassigned,39.0,39.0,0.0,1.0,0.0,0.0,0.07156673,0.0,0,0,0,0,0
26328,1,0,1.6712286,0.84173954,1,0,test,8.0,8.0,0.0,1.0,0.0,0.0,0.0116054155,0.0,0,0,1,1,0
26329,-1,0,-0.9211781,0.28471792,0,1,unassigned,18.0,14.0,4.0,0.7777778,0.22222222,0.22222221,0.030947777,0.0068772836,0,0,0,0,0
26330,-1,1,0.054937303,0.5137309,1,1,unassigned,2.0,1.0,1.0,0.5,0.5,0.5,0.0,0.0,1,0,0,1,0
26331,-1,1,1.2584841,0.7787651,1,1,unassigned,11.0,11.0,0.0,1.0,0.0,0.0,0.017408123,0.0,1,0,0,1,0
26332,-1,1,-0.26183578,0.4349125,0,1,unassigned,23.0,23.0,0.0,1.0,0.0,0.0,0.040618956,0.0,1,0,0,0,0
26333,-1,1,-0.561745,0.36314377,0,1,unassigned,54.0,53.0,1.0,0.9814815,0.018518519,0.018518507,0.10058027,0.0018625975,1,0,0,0,0
26334,-1,1,0.7103712,0.6704832,1,1,unassigned,42.0,42.0,0.0,1.0,0.0,0.0,0.07736944,0.0,1,0,0,1,0
26335,-1,0,6.742566,0.9988218,1,1,unassigned,2.0,2.0,0.0,1.0,0.0,0.0,0.0,0.0,0,0,0,1,1
26336,-1,0,-0.0041214824,0.49896964,0,1,unassigned,7.0,7.0,0.0,1.0,0.0,0.0,0.00967118,0.0,0,0,0,0,0
26337,-1,0,9.394617,0.9999168,1,1,unassigned,3.0,3.0,0.0,1.0,0.0,0.0,0.001934236,0.0,0,0,0,1,1
26338,-1,0,-0.89013547,0.29108188,0,1,unassigned,102.0,101.0,1.0,0.99019605,0.009803922,0.009803951,0.1934236,0.0018963099,0,0,0,0,0
26339,0,0,0.27066046,0.567255,1,1,val,31.0,30.0,1.0,0.9677419,0.032258064,0.032258093,0.056092843,0.0018094465,0,0,0,1,0
26340,-1,0,-0.80630374,0.30867872,0,1,unassigned,49.0,49.0,0.0,1.0,0.0,0.0,0.09090909,0.0,0,0,0,0,0
26341,-1,0,-0.8396239,0.301614,0,1,unassigned,29.0,29.0,0.0,1.0,0.0,0.0,0.05222437,0.0,0,0,0,0,0
26342,-1,1,7.5037017,0.9994493,1,1,unassigned,2.0,2.0,0.0,1.0,0.0,0.0,0.0,0.0,1,0,0,1,1
26343,-1,0,-0.900535,0.28894058,0,1,unassigned,23.0,23.0,0.0,1.0,0.0,0.0,0.040618956,0.0,0,0,0,0,0
26344,-1,0,-0.88054997,0.29306382,0,1,unassigned,32.0,32.0,0.0,1.0,0.0,0.0,0.058027077,0.0,0,0,0,0,0
26345,-1,0,0.29263908,0.5726421,1,1,unassigned,79.0,78.0,1.0,0.98734176,0.012658228,0.012658238,0.14893617,0.001885268,0,0,0,1,0
26346,-1,0,-0.71631753,0.32820442,0,1,unassigned,18.0,17.0,1.0,0.9444444,0.055555556,0.055555582,0.030947777,0.0017193209,0,0,0,0,0
26347,-1,0,-0.9906707,0.2707796,0,1,unassigned,63.0,62.0,1.0,0.984127,0.015873017,0.015873015,0.11798839,0.0018728317,0,0,0,0,0
26348,0,0,-0.95722294,0.27743456,0,0,unassigned,21.0,21.0,0.0,1.0,0.0,0.0,0.036750484,0.0,0,0,1,0,0
26349,-1,0,-0.9294581,0.28303465,0,1,unassigned,83.0,82.0,1.0,0.9879518,0.012048192,0.012048185,0.15667312,0.0018876279,0,0,0,0,0
26350,-1,0,-0.9267756,0.28357935,0,1,unassigned,40.0,40.0,0.0,1.0,0.0,0.0,0.07350097,0.0,0,0,0,0,0
26351,-1,0,-0.9270304,0.28352755,0,1,unassigned,31.0,31.0,0.0,1.0,0.0,0.0,0.056092843,0.0,0,0,0,0,0
26352,0,0,-0.15743303,0.46072286,0,0,unassigned,10.0,10.0,0.0,1.0,0.0,0.0,0.015473888,0.0,0,0,1,0,0
26353,-1,0,3.5686896,0.97258025,1,1,unassigned,3.0,1.0,2.0,0.33333334,0.6666667,0.6666666,0.001934236,0.0012894907,0,0,0,1,1
26354,-1,0,4.598533,0.9900337,1,1,unassigned,7.0,7.0,0.0,1.0,0.0,0.0,0.00967118,0.0,0,0,0,1,1
26355,-1,0,2.1717458,0.8976834,1,1,unassigned,2.0,2.0,0.0,1.0,0.0,0.0,0.0,0.0,0,0,0,1,0
26356,-1,1,-0.9695339,0.27497342,0,1,unassigned,2.0,2.0,0.0,1.0,0.0,0.0,0.0,0.0,1,0,0,0,0
26357,-1,0,4.8527684,0.9922537,1,1,unassigned,12.0,6.0,6.0,0.5,0.5,0.5,0.01934236,0.00967118,0,0,0,1,1
26358,0,0,-0.18706444,0.4533698,0,0,test,9.0,9.0,0.0,1.0,0.0,0.0,0.013539651,0.0,0,0,1,0,0
26359,-1,0,-0.14643058,0.4634576,0,1,unassigned,12.0,12.0,0.0,1.0,0.0,0.0,0.01934236,0.0,0,0,0,0,0
26360,-1,0,1.5192654,0.8204302,1,1,unassigned,29.0,27.0,2.0,0.9310345,0.06896552,0.068965495,0.05222437,0.0036016807,0,0,0,1,0
26361,0,0,-0.45780843,0.3875059,0,0,train,44.0,44.0,0.0,1.0,0.0,0.0,0.08123791,0.0,0,0,1,0,0
26362,-1,1,5.384645,0.99543446,1,1,unassigned,15.0,9.0,6.0,0.6,0.4,0.39999998,0.025145067,0.010058027,1,0,0,1,1
26363,-1,0,4.221995,0.9855428,1,1,unassigned,2.0,2.0,0.0,1.0,0.0,0.0,0.0,0.0,0,0,0,1,1
26364,-1,0,-0.80264574,0.30945987,0,1,unassigned,2.0,2.0,0.0,1.0,0.0,0.0,0.0,0.0,0,0,0,0,0
26365,-1,0,-0.4367516,0.39251527,0,1,unassigned,11.0,10.0,1.0,0.90909094,0.09090909,0.090909064,0.017408123,0.0015825568,0,0,0,0,0
26366,-1,0,-0.106382996,0.47342926,0,1,unassigned,25.0,24.0,1.0,0.96,0.04,0.04000002,0.044487428,0.001779497,0,0,0,0,0
26367,-1,0,-0.95867854,0.27714285,0,1,unassigned,31.0,30.0,1.0,0.9677419,0.032258064,0.032258093,0.056092843,0.0018094465,0,0,0,0,0
26368,0,0,0.094196975,0.5235318,1,1,train,17.0,17.0,0.0,1.0,0.0,0.0,0.029013539,0.0,0,0,0,1,0
26369,-1,0,-0.4752342,0.38337815,0,1,unassigned,8.0,8.0,0.0,1.0,0.0,0.0,0.0116054155,0.0,0,0,0,0,0
26370,-1,0,-0.9447266,0.27994657,0,1,unassigned,80.0,76.0,4.0,0.95,0.05,0.050000012,0.15087041,0.0075435205,0,0,0,0,0
26371,-1,0,-0.88461995,0.29222134,0,1,unassigned,72.0,69.0,3.0,0.9583333,0.041666668,0.041666687,0.13539653,0.005641522,0,0,0,0,0
26372,-1,0,0.09891337,0.5247082,1,1,unassigned,8.0,8.0,0.0,1.0,0.0,0.0,0.0116054155,0.0,0,0,0,1,0
26373,-1,0,-0.99262685,0.27039355,0,1,unassigned,41.0,41.0,0.0,1.0,0.0,0.0,0.07543521,0.0,0,0,0,0,0
26374,0,0,-0.91111386,0.28677195,0,0,test,66.0,65.0,1.0,0.9848485,0.015151516,0.015151501,0.123791106,0.0018756229,0,0,1,0,0
26375,-1,1,-0.38211706,0.4056164,0,1,unassigned,43.0,42.0,1.0,0.9767442,0.023255814,0.023255825,0.079303674,0.0018442714,1,0,0,0,0
26376,-1,0,-0.29698622,0.4262944,0,1,unassigned,17.0,17.0,0.0,1.0,0.0,0.0,0.029013539,0.0,0,0,0,0,0
26377,-1,0,-0.434581,0.39303297,0,1,unassigned,4.0,4.0,0.0,1.0,0.0,0.0,0.003868472,0.0,0,0,0,0,0
26378,-1,0,2.0546212,0.8864137,1,1,unassigned,7.0,7.0,0.0,1.0,0.0,0.0,0.00967118,0.0,0,0,0,1,0
26379,-1,0,1.5865786,0.83013415,1,1,unassigned,5.0,5.0,0.0,1.0,0.0,0.0,0.0058027077,0.0,0,0,0,1,0
26380,0,1,0.010957539,0.50273937,1,1,unassigned,84.0,84.0,0.0,1.0,0.0,0.0,0.15860735,0.0,1,0,0,1,0
26381,-1,0,-0.2838082,0.4295204,0,1,unassigned,11.0,1.0,10.0,0.09090909,0.90909094,0.9090909,0.017408123,0.015825568,0,0,0,0,0
26382,-1,0,4.2861934,0.98642945,1,1,unassigned,2.0,2.0,0.0,1.0,0.0,0.0,0.0,0.0,0,0,0,1,1
26383,-1,0,2.5147955,0.92517257,1,1,unassigned,6.0,6.0,0.0,1.0,0.0,0.0,0.007736944,0.0,0,0,0,1,1
26384,-1,1,4.028346,0.98250765,1,1,unassigned,15.0,10.0,5.0,0.6666667,0.33333334,0.3333333,0.025145067,0.008381689,1,0,0,1,1
26385,-1,0,-1.0136957,0.26625723,0,1,unassigned,2.0,2.0,0.0,1.0,0.0,0.0,0.0,0.0,0,0,0,0,0
26386,1,1,-0.45392504,0.38842794,0,1,test,5.0,4.0,1.0,0.8,0.2,0.19999999,0.0058027077,0.0011605415,1,0,0,0,0
26387,-1,0,0.7690826,0.6833224,1,1,unassigned,4.0,4.0,0.0,1.0,0.0,0.0,0.003868472,0.0,0,0,0,1,0
26388,-1,0,0.9422012,0.71954405,1,1,unassigned,4.0,4.0,0.0,1.0,0.0,0.0,0.003868472,0.0,0,0,0,1,0
26389,-1,0,1.0496562,0.7407089,1,1,unassigned,6.0,6.0,0.0,1.0,0.0,0.0,0.007736944,0.0,0,0,0,1,0
26390,-1,0,3.5511544,0.9721087,1,1,unassigned,2.0,2.0,0.0,1.0,0.0,0.0,0.0,0.0,0,0,0,1,1
26391,-1,0,-0.19231886,0.45206794,0,1,unassigned,20.0,19.0,1.0,0.95,0.05,0.050000012,0.034816246,0.0017408123,0,0,0,0,0
26392,-1,0,1.7802589,0.85572886,1,1,unassigned,5.0,4.0,1.0,0.8,0.2,0.19999999,0.0058027077,0.0011605415,0,0,0,1,0
26393,-1,0,2.0038679,0.8812026,1,1,unassigned,12.0,12.0,0.0,1.0,0.0,0.0,0.01934236,0.0,0,0,0,1,0
26394,-1,0,2.0277464,0.8836796,1,1,unassigned,4.0,3.0,1.0,0.75,0.25,0.25,0.003868472,0.000967118,0,0,0,1,0
26395,-1,0,4.4942546,0.98895043,1,1,unassigned,2.0,2.0,0.0,1.0,0.0,0.0,0.0,0.0,0,0,0,1,1
26396,-1,0,-0.70974874,0.32965437,0,1,unassigned,2.0,2.0,0.0,1.0,0.0,0.0,0.0,0.0,0,0,0,0,0
26397,-1,0,0.3069952,0.57615167,1,1,unassigned,7.0,6.0,1.0,0.85714287,0.14285715,0.14285713,0.00967118,0.0013815971,0,0,0,1,0
26398,-1,0,2.7412627,0.93941796,1,1,unassigned,13.0,12.0,1.0,0.9230769,0.07692308,0.07692307,0.021276595,0.0016366612,0,0,0,1,1
26399,-1,0,-0.5681782,0.36165732,0,1,unassigned,21.0,20.0,1.0,0.95238096,0.04761905,0.047619045,0.036750484,0.0017500231,0,0,0,0,0
26400,-1,1,-0.3686598,0.40886492,0,1,unassigned,123.0,120.0,3.0,0.9756098,0.024390243,0.02439022,0.23404256,0.005708355,1,0,0,0,0
26401,-1,1,-0.44086754,0.3915343,0,1,unassigned,75.0,73.0,2.0,0.97333336,0.026666667,0.026666641,0.14119923,0.003765313,1,0,0,0,0
26402,1,0,0.09673625,0.5241652,1,0,train,3.0,3.0,0.0,1.0,0.0,0.0,0.001934236,0.0,0,0,1,1,0
26403,-1,0,0.54306847,0.6325259,1,1,unassigned,8.0,6.0,2.0,0.75,0.25,0.25,0.0116054155,0.0029013539,0,0,0,1,0
26404,-1,0,-0.20922315,0.4478842,0,1,unassigned,34.0,34.0,0.0,1.0,0.0,0.0,0.061895553,0.0,0,0,0,0,0
26405,1,1,0.40045673,0.5987974,1,0,val,33.0,30.0,3.0,0.90909094,0.09090909,0.090909064,0.059961315,0.0054510287,1,0,1,1,0
26406,-1,0,-0.36051476,0.41083494,0,1,unassigned,22.0,22.0,0.0,1.0,0.0,0.0,0.03868472,0.0,0,0,0,0,0
26407,-1,1,-0.54879373,0.36614433,0,1,unassigned,46.0,46.0,0.0,1.0,0.0,0.0,0.08510638,0.0,1,0,0,0,0
26408,-1,1,-0.35300717,0.4126534,0,1,unassigned,74.0,69.0,5.0,0.9324324,0.067567565,0.06756759,0.13926499,0.0094097955,1,0,0,0,0
26409,-1,1,-0.70509833,0.33068284,0,1,unassigned,38.0,38.0,0.0,1.0,0.0,0.0,0.06963249,0.0,1,0,0,0,0
26410,-1,0,9.555031,0.9999292,1,1,unassigned,22.0,11.0,11.0,0.5,0.5,0.5,0.03868472,0.01934236,0,0,0,1,1
26411,-1,0,3.4658396,0.9697,1,1,unassigned,4.0,4.0,0.0,1.0,0.0,0.0,0.003868472,0.0,0,0,0,1,1
26412,-1,1,1.0597715,0.7426469,1,1,unassigned,2.0,2.0,0.0,1.0,0.0,0.0,0.0,0.0,1,0,0,1,0
26413,-1,0,-0.9094098,0.2871206,0,1,unassigned,79.0,78.0,1.0,0.98734176,0.012658228,0.012658238,0.14893617,0.001885268,0,0,0,0,0
26414,-1,0,0.20105857,0.550096,1,1,unassigned,2.0,2.0,0.0,1.0,0.0,0.0,0.0,0.0,0,0,0,1,0
26415,-1,1,7.3398633,0.9993513,1,1,unassigned,10.0,5.0,5.0,0.5,0.5,0.5,0.015473888,0.007736944,1,0,0,1,1
26416,-1,1,4.3143573,0.9868014,1,1,unassigned,8.0,2.0,6.0,0.25,0.75,0.75,0.0116054155,0.008704062,1,0,0,1,1
26417,-1,1,4.9414334,0.99290633,1,1,unassigned,2.0,2.0,0.0,1.0,0.0,0.0,0.0,0.0,1,0,0,1,1
26418,-1,1,-0.132588,0.46690148,0,1,unassigned,6.0,5.0,1.0,0.8333333,0.16666667,0.16666669,0.007736944,0.0012894907,1,0,0,0,0
26419,-1,0,-0.6182027,0.35019034,0,1,unassigned,39.0,38.0,1.0,0.974359,0.025641026,0.025641024,0.07156673,0.0018350444,0,0,0,0,0
26420,-1,0,1.3861701,0.79998016,1,1,unassigned,10.0,10.0,0.0,1.0,0.0,0.0,0.015473888,0.0,0,0,0,1,0
26421,-1,0,7.4558263,0.9994223,1,1,unassigned,13.0,12.0,1.0,0.9230769,0.07692308,0.07692307,0.021276595,0.0016366612,0,0,0,1,1
26422,-1,0,0.6901801,0.666007,1,1,unassigned,19.0,18.0,1.0,0.94736844,0.05263158,0.052631557,0.032882012,0.0017306323,0,0,0,1,0
26423,-1,1,4.4615464,0.98858726,1,1,unassigned,4.0,4.0,0.0,1.0,0.0,0.0,0.003868472,0.0,1,0,0,1,1
26424,-1,0,2.647962,0.93388534,1,1,unassigned,4.0,4.0,0.0,1.0,0.0,0.0,0.003868472,0.0,0,0,0,1,1
26425,-1,0,1.6542661,0.8394668,1,1,unassigned,3.0,3.0,0.0,1.0,0.0,0.0,0.001934236,0.0,0,0,0,1,0
26426,-1,0,5.4728894,0.99581856,1,1,unassigned,15.0,14.0,1.0,0.93333334,0.06666667,0.06666666,0.025145067,0.0016763379,0,0,0,1,1
26427,-1,1,-0.90362227,0.28830668,0,1,unassigned,84.0,84.0,0.0,1.0,0.0,0.0,0.15860735,0.0,1,0,0,0,0
26428,-1,1,-0.6224558,0.34922314,0,1,unassigned,3.0,1.0,2.0,0.33333334,0.6666667,0.6666666,0.001934236,0.0012894907,1,0,0,0,0
26429,-1,0,4.1416965,0.9843529,1,1,unassigned,17.0,12.0,5.0,0.7058824,0.29411766,0.29411763,0.029013539,0.008533394,0,0,0,1,1
26430,0,1,-0.07756007,0.48061973,0,0,train,38.0,38.0,0.0,1.0,0.0,0.0,0.06963249,0.0,1,0,1,0,0
26431,-1,1,2.0716078,0.8881128,1,1,unassigned,22.0,22.0,0.0,1.0,0.0,0.0,0.03868472,0.0,1,0,0,1,0
26432,-1,0,3.3939822,0.96751595,1,1,unassigned,3.0,3.0,0.0,1.0,0.0,0.0,0.001934236,0.0,0,0,0,1,1
26433,-1,0,-0.28672647,0.42880547,0,1,unassigned,4.0,4.0,0.0,1.0,0.0,0.0,0.003868472,0.0,0,0,0,0,0
26434,-1,0,0.0009955764,0.5002489,1,1,unassigned,2.0,2.0,0.0,1.0,0.0,0.0,0.0,0.0,0,0,0,1,0
26435,1,1,0.18707806,0.54663354,1,0,val,10.0,10.0,0.0,1.0,0.0,0.0,0.015473888,0.0,1,0,1,1,0
26436,-1,1,0.26430684,0.5656947,1,1,unassigned,22.0,21.0,1.0,0.95454544,0.045454547,0.04545456,0.03868472,0.0017583964,1,0,0,1,0
26437,-1,0,-0.25203127,0.43732357,0,1,unassigned,2.0,2.0,0.0,1.0,0.0,0.0,0.0,0.0,0,0,0,0,0
26438,-1,0,0.7675658,0.6829941,1,1,unassigned,2.0,2.0,0.0,1.0,0.0,0.0,0.0,0.0,0,0,0,1,0
26439,-1,0,-0.95003366,0.27887803,0,1,unassigned,19.0,18.0,1.0,0.94736844,0.05263158,0.052631557,0.032882012,0.0017306323,0,0,0,0,0
26440,-1,1,-0.8483984,0.29976895,0,1,unassigned,55.0,50.0,5.0,0.90909094,0.09090909,0.090909064,0.102514505,0.009319501,1,0,0,0,0
26441,-1,1,-0.63460326,0.3464675,0,1,unassigned,78.0,73.0,5.0,0.9358974,0.06410257,0.06410259,0.14700194,0.009423202,1,0,0,0,0
26442,-1,1,-0.3224042,0.42008993,0,1,unassigned,36.0,33.0,3.0,0.9166667,0.083333336,0.08333331,0.065764025,0.0054803356,1,0,0,0,0
26443,-1,1,0.079067886,0.5197567,1,1,unassigned,22.0,11.0,11.0,0.5,0.5,0.5,0.03868472,0.01934236,1,0,0,1,0
26444,-1,0,-0.93125725,0.2826697,0,1,unassigned,37.0,32.0,5.0,0.8648649,0.13513513,0.13513511,0.06769826,0.009148413,0,0,0,0,0
26445,-1,1,0.055048585,0.51375866,1,1,unassigned,3.0,1.0,2.0,0.33333334,0.6666667,0.6666666,0.001934236,0.0012894907,1,0,0,1,0
26446,-1,1,-0.8191222,0.30595002,0,1,unassigned,124.0,121.0,3.0,0.9758065,0.024193548,0.024193525,0.23597679,0.0057091154,1,0,0,0,0
26447,-1,1,0.16561759,0.54131,1,1,unassigned,11.0,9.0,2.0,0.8181818,0.18181819,0.18181819,0.017408123,0.0031651135,1,0,0,1,0
26448,1,1,0.55744606,0.6358614,1,0,unassigned,13.0,13.0,0.0,1.0,0.0,0.0,0.021276595,0.0,1,0,1,1,0
26449,-1,0,0.7637437,0.682166,1,1,unassigned,7.0,7.0,0.0,1.0,0.0,0.0,0.00967118,0.0,0,0,0,1,0
26450,-1,1,0.11345738,0.52833396,1,1,unassigned,93.0,90.0,3.0,0.9677419,0.032258064,0.032258093,0.17601547,0.005677918,1,0,0,1,0
26451,-1,0,1.4142697,0.80443853,1,1,unassigned,2.0,2.0,0.0,1.0,0.0,0.0,0.0,0.0,0,0,0,1,0
26452,-1,1,8.9479065,0.99986994,1,1,unassigned,9.0,5.0,4.0,0.5555556,0.44444445,0.44444442,0.013539651,0.006017623,1,0,0,1,1
26453,-1,0,4.3807864,0.9876391,1,1,unassigned,3.0,3.0,0.0,1.0,0.0,0.0,0.001934236,0.0,0,0,0,1,1
26454,-1,0,-0.58162564,0.35855862,0,1,unassigned,26.0,26.0,0.0,1.0,0.0,0.0,0.046421662,0.0,0,0,0,0,0
26455,1,1,-0.69917035,0.33199617,0,1,val,44.0,40.0,4.0,0.90909094,0.09090909,0.090909064,0.08123791,0.007385265,1,0,0,0,0
26456,-1,1,-0.33901504,0.41604877,0,1,unassigned,3.0,3.0,0.0,1.0,0.0,0.0,0.001934236,0.0,1,0,0,0,0
26457,-1,0,1.3618953,0.79606754,1,1,unassigned,8.0,7.0,1.0,0.875,0.125,0.125,0.0116054155,0.0014506769,0,0,0,1,0
26458,-1,1,3.9454896,0.9810253,1,1,unassigned,154.0,134.0,20.0,0.8701299,0.12987013,0.12987012,0.29400387,0.038182322,1,0,0,1,1
26459,-1,0,-0.58635056,0.35747266,0,1,unassigned,12.0,12.0,0.0,1.0,0.0,0.0,0.01934236,0.0,0,0,0,0,0
26460,-1,0,2.719891,0.93819016,1,1,unassigned,2.0,2.0,0.0,1.0,0.0,0.0,0.0,0.0,0,0,0,1,1
26461,-1,1,2.9501052,0.95026845,1,1,unassigned,6.0,6.0,0.0,1.0,0.0,0.0,0.007736944,0.0,1,0,0,1,1
26462,-1,0,2.6763623,0.93561727,1,1,unassigned,3.0,3.0,0.0,1.0,0.0,0.0,0.001934236,0.0,0,0,0,1,1
26463,-1,1,-0.51243865,0.37462202,0,1,unassigned,28.0,28.0,0.0,1.0,0.0,0.0,0.050290134,0.0,1,0,0,0,0
26464,-1,1,1.93701,0.87402326,1,1,unassigned,13.0,8.0,5.0,0.61538464,0.3846154,0.38461536,0.021276595,0.008183306,1,0,0,1,0
26465,0,1,-1.2957479,0.21488151,0,0,val,2.0,2.0,0.0,1.0,0.0,0.0,0.0,0.0,1,0,1,0,0
26466,-1,1,4.759563,0.9915035,1,1,unassigned,5.0,4.0,1.0,0.8,0.2,0.19999999,0.0058027077,0.0011605415,1,0,0,1,1
26467,-1,0,0.7994967,0.68986684,1,1,unassigned,9.0,9.0,0.0,1.0,0.0,0.0,0.013539651,0.0,0,0,0,1,0
26468,-1,0,-0.7512399,0.3205512,0,1,unassigned,38.0,36.0,2.0,0.94736844,0.05263158,0.052631557,0.06963249,0.0036648682,0,0,0,0,0
26469,1,0,2.4438665,0.9201117,1,0,val,104.0,104.0,0.0,1.0,0.0,0.0,0.19729207,0.0,0,0,1,1,1
26470,-1,0,-0.31492478,0.42191312,0,1,unassigned,4.0,4.0,0.0,1.0,0.0,0.0,0.003868472,0.0,0,0,0,0,0
26471,-1,0,0.4950326,0.6212913,1,1,unassigned,14.0,14.0,0.0,1.0,0.0,0.0,0.023210831,0.0,0,0,0,1,0
26472,-1,0,-0.57984364,0.35896856,0,1,unassigned,136.0,135.0,1.0,0.99264705,0.007352941,0.007352948,0.2591876,0.0019057912,0,0,0,0,0
26473,-1,1,-0.42027277,0.39645147,0,1,unassigned,79.0,72.0,7.0,0.9113924,0.088607594,0.08860761,0.14893617,0.013196875,1,0,0,0,0
26474,-1,0,-0.6611647,0.34047803,0,1,unassigned,12.0,11.0,1.0,0.9166667,0.083333336,0.08333331,0.01934236,0.0016118633,0,0,0,0,0
26475,-1,0,3.7859995,0.9778171,1,1,unassigned,14.0,13.0,1.0,0.9285714,0.071428575,0.0714286,0.023210831,0.0016579166,0,0,0,1,1
26476,-1,0,2.7114403,0.9376983,1,1,unassigned,3.0,3.0,0.0,1.0,0.0,0.0,0.001934236,0.0,0,0,0,1,1
26477,-1,0,1.7954524,0.85759443,1,1,unassigned,2.0,2.0,0.0,1.0,0.0,0.0,0.0,0.0,0,0,0,1,0
26478,-1,1,-0.8740926,0.29440343,0,1,unassigned,92.0,90.0,2.0,0.9782609,0.02173913,0.021739125,0.17408124,0.0037843748,1,0,0,0,0
26479,1,0,4.3840876,0.9876794,1,0,unassigned,4.0,3.0,1.0,0.75,0.25,0.25,0.003868472,0.000967118,0,0,1,1,1
26480,-1,1,2.7332697,0.9389615,1,1,unassigned,16.0,14.0,2.0,0.875,0.125,0.125,0.027079303,0.0033849129,1,0,0,1,1
26481,-1,1,-0.82443196,0.30482367,0,1,unassigned,24.0,23.0,1.0,0.9583333,0.041666668,0.041666687,0.04255319,0.0017730496,1,0,0,0,0
26482,-1,0,-0.8586593,0.29761952,0,1,unassigned,44.0,43.0,1.0,0.97727275,0.022727273,0.022727251,0.08123791,0.0018463163,0,0,0,0,0
26483,-1,0,-0.39144826,0.40336874,0,1,unassigned,47.0,44.0,3.0,0.9361702,0.06382979,0.06382978,0.08704062,0.0055557843,0,0,0,0,0
26484,-1,0,-0.49543214,0.37861475,0,1,unassigned,14.0,14.0,0.0,1.0,0.0,0.0,0.023210831,0.0,0,0,0,0,0
26485,1,0,-0.62081486,0.34959614,0,1,val,4.0,3.0,1.0,0.75,0.25,0.25,0.003868472,0.000967118,0,0,0,0,0
26486,-1,0,-0.6015961,0.35397863,0,1,unassigned,53.0,51.0,2.0,0.9622642,0.03773585,0.03773582,0.09864604,0.0037224921,0,0,0,0,0
26487,-1,0,-0.62280935,0.3491428,0,1,unassigned,16.0,14.0,2.0,0.875,0.125,0.125,0.027079303,0.0033849129,0,0,0,0,0
26488,-1,0,-0.6939704,0.33315045,0,1,unassigned,39.0,37.0,2.0,0.94871795,0.051282052,0.05128205,0.07156673,0.0036700887,0,0,0,0,0
26489,-1,0,-0.87028795,0.2951944,0,1,unassigned,50.0,48.0,2.0,0.96,0.04,0.04000002,0.092843324,0.0037137328,0,0,0,0,0
26490,-1,0,0.08185941,0.52045345,1,1,unassigned,2.0,2.0,0.0,1.0,0.0,0.0,0.0,0.0,0,0,0,1,0
26491,-1,0,0.34607667,0.5856659,1,1,unassigned,4.0,4.0,0.0,1.0,0.0,0.0,0.003868472,0.0,0,0,0,1,0
26492,-1,0,-0.5524396,0.36529857,0,1,unassigned,35.0,34.0,1.0,0.9714286,0.028571429,0.028571427,0.06382979,0.0018237082,0,0,0,0,0
26493,-1,0,-0.11613089,0.4709999,0,1,unassigned,4.0,4.0,0.0,1.0,0.0,0.0,0.003868472,0.0,0,0,0,0,0
26494,-1,0,-0.39705402,0.40202034,0,1,unassigned,12.0,12.0,0.0,1.0,0.0,0.0,0.01934236,0.0,0,0,0,0,0
26495,-1,1,0.2750414,0.56833017,1,1,unassigned,3.0,3.0,0.0,1.0,0.0,0.0,0.001934236,0.0,1,0,0,1,0
26496,-1,0,1.2860556,0.7834788,1,1,unassigned,7.0,7.0,0.0,1.0,0.0,0.0,0.00967118,0.0,0,0,0,1,0
26497,1,1,0.27466547,0.56823796,1,0,unassigned,19.0,19.0,0.0,1.0,0.0,0.0,0.032882012,0.0,1,0,1,1,0
26498,-1,0,-0.09394845,0.47653013,0,1,unassigned,21.0,21.0,0.0,1.0,0.0,0.0,0.036750484,0.0,0,0,0,0,0
26499,-1,0,-0.09190565,0.47703972,0,1,unassigned,52.0,51.0,1.0,0.9807692,0.01923077,0.019230783,0.0967118,0.0018598423,0,0,0,0,0
26500,-1,1,-0.96384346,0.27610934,0,1,unassigned,13.0,13.0,0.0,1.0,0.0,0.0,0.021276595,0.0,1,0,0,0,0
26501,-1,1,0.0075318813,0.501883,1,1,unassigned,27.0,27.0,0.0,1.0,0.0,0.0,0.0483559,0.0,1,0,0,1,0
26502,-1,1,-0.45051473,0.3892384,0,1,unassigned,87.0,84.0,3.0,0.9655172,0.03448276,0.034482777,0.16441005,0.005669312,1,0,0,0,0
26503,-1,1,-0.22669283,0.44356823,0,1,unassigned,3.0,3.0,0.0,1.0,0.0,0.0,0.001934236,0.0,1,0,0,0,0
26504,-1,1,-0.81584847,0.30664563,0,1,unassigned,52.0,51.0,1.0,0.9807692,0.01923077,0.019230783,0.0967118,0.0018598423,1,0,0,0,0
26505,-1,1,1.856055,0.8648365,1,1,unassigned,38.0,38.0,0.0,1.0,0.0,0.0,0.06963249,0.0,1,0,0,1,0
26506,-1,1,0.9695247,0.72502476,1,1,unassigned,18.0,15.0,3.0,0.8333333,0.16666667,0.16666669,0.030947777,0.005157963,1,0,0,1,0
26507,-1,1,-0.006462872,0.4983843,0,1,unassigned,20.0,19.0,1.0,0.95,0.05,0.050000012,0.034816246,0.0017408123,1,0,0,0,0
26508,0,1,-0.34128535,0.4154973,0,0,test,19.0,19.0,0.0,1.0,0.0,0.0,0.032882012,0.0,1,0,1,0,0
26509,-1,1,-0.80772,0.30837658,0,1,unassigned,50.0,50.0,0.0,1.0,0.0,0.0,0.092843324,0.0,1,0,0,0,0
26510,0,1,0.13683826,0.53415626,1,1,unassigned,57.0,57.0,0.0,1.0,0.0,0.0,0.10638298,0.0,1,0,0,1,0
26511,-1,1,0.08542603,0.5213435,1,1,unassigned,20.0,20.0,0.0,1.0,0.0,0.0,0.034816246,0.0,1,0,0,1,0
26512,-1,1,2.0596464,0.88691866,1,1,unassigned,7.0,7.0,0.0,1.0,0.0,0.0,0.00967118,0.0,1,0,0,1,0
26513,-1,0,0.2296564,0.55716306,1,1,unassigned,8.0,8.0,0.0,1.0,0.0,0.0,0.0116054155,0.0,0,0,0,1,0
26514,0,0,-0.6029931,0.3536592,0,0,test,57.0,56.0,1.0,0.98245615,0.01754386,0.017543852,0.10638298,0.0018663681,0,0,1,0,0
26515,-1,0,9.411371,0.9999182,1,1,unassigned,3.0,3.0,0.0,1.0,0.0,0.0,0.001934236,0.0,0,0,0,1,1
26516,-1,1,-0.5871188,0.3572962,0,1,unassigned,38.0,36.0,2.0,0.94736844,0.05263158,0.052631557,0.06963249,0.0036648682,1,0,0,0,0
26517,-1,1,-0.6909856,0.33381385,0,1,unassigned,91.0,79.0,12.0,0.8681319,0.13186814,0.13186812,0.172147,0.022700705,1,0,0,0,0
26518,-1,1,6.225083,0.9980248,1,1,unassigned,83.0,74.0,9.0,0.8915663,0.10843374,0.10843372,0.15667312,0.016988652,1,0,0,1,1
26519,-1,1,0.21691799,0.55401784,1,1,unassigned,34.0,34.0,0.0,1.0,0.0,0.0,0.061895553,0.0,1,0,0,1,0
26520,1,0,1.7117162,0.8470587,1,0,test,7.0,7.0,0.0,1.0,0.0,0.0,0.00967118,0.0,0,0,1,1,0
26521,-1,0,0.0009007454,0.5002252,1,1,unassigned,4.0,4.0,0.0,1.0,0.0,0.0,0.003868472,0.0,0,0,0,1,0
26522,-1,0,-0.8646067,0.29637778,0,1,unassigned,27.0,27.0,0.0,1.0,0.0,0.0,0.0483559,0.0,0,0,0,0,0
26523,-1,0,-0.6783174,0.33663693,0,1,unassigned,6.0,6.0,0.0,1.0,0.0,0.0,0.007736944,0.0,0,0,0,0,0
26524,-1,0,-0.9248558,0.28396952,0,1,unassigned,28.0,24.0,4.0,0.85714287,0.14285715,0.14285713,0.050290134,0.007184305,0,0,0,0,0
26525,-1,0,-0.73851013,0.32333001,0,1,unassigned,40.0,40.0,0.0,1.0,0.0,0.0,0.07350097,0.0,0,0,0,0,0
26526,-1,1,-0.27865273,0.4307841,0,1,unassigned,46.0,44.0,2.0,0.95652175,0.04347826,0.04347825,0.08510638,0.0037002775,1,0,0,0,0
26527,-1,1,-0.9800252,0.2728868,0,1,unassigned,38.0,21.0,17.0,0.55263156,0.4473684,0.44736844,0.06963249,0.031151379,1,0,0,0,0
26528,0,0,-0.5622027,0.36303797,0,0,test,12.0,12.0,0.0,1.0,0.0,0.0,0.01934236,0.0,0,0,1,0,0
26529,-1,1,-0.50823885,0.37560645,0,1,unassigned,30.0,30.0,0.0,1.0,0.0,0.0,0.054158606,0.0,1,0,0,0,0
26530,-1,0,-0.2675026,0.43352032,0,1,unassigned,24.0,24.0,0.0,1.0,0.0,0.0,0.04255319,0.0,0,0,0,0,0
26531,-1,0,-0.4287638,0.39442155,0,1,unassigned,2.0,2.0,0.0,1.0,0.0,0.0,0.0,0.0,0,0,0,0,0
26532,-1,1,0.5804339,0.6411673,1,1,unassigned,77.0,76.0,1.0,0.987013,0.012987013,0.012987018,0.14506769,0.001883996,1,0,0,1,0
26533,1,1,0.5640028,0.6373782,1,0,val,11.0,10.0,1.0,0.90909094,0.09090909,0.090909064,0.017408123,0.0015825568,1,0,1,1,0
26534,-1,1,-0.3003944,0.42546105,0,1,unassigned,80.0,78.0,2.0,0.975,0.025,0.024999976,0.15087041,0.0037717603,1,0,0,0,0
26535,-1,1,-0.48430955,0.381235,0,1,unassigned,29.0,29.0,0.0,1.0,0.0,0.0,0.05222437,0.0,1,0,0,0,0
26536,-1,0,16.541111,0.9999999,1,1,unassigned,2.0,2.0,0.0,1.0,0.0,0.0,0.0,0.0,0,0,0,1,1
26537,-1,0,-0.99089664,0.270735,0,1,unassigned,2.0,2.0,0.0,1.0,0.0,0.0,0.0,0.0,0,0,0,0,0
26538,-1,1,2.5944393,0.9305029,1,1,unassigned,4.0,4.0,0.0,1.0,0.0,0.0,0.003868472,0.0,1,0,0,1,1
26539,-1,0,1.2593546,0.77891505,1,1,unassigned,2.0,2.0,0.0,1.0,0.0,0.0,0.0,0.0,0,0,0,1,0
26540,-1,1,3.22386,0.9617224,1,1,unassigned,6.0,6.0,0.0,1.0,0.0,0.0,0.007736944,0.0,1,0,0,1,1
26541,0,0,-0.19986483,0.45019946,0,0,test,2.0,2.0,0.0,1.0,0.0,0.0,0.0,0.0,0,0,1,0,0
26542,1,0,1.342942,0.79297334,1,0,unassigned,2.0,2.0,0.0,1.0,0.0,0.0,0.0,0.0,0,0,1,1,0
26543,-1,0,0.30668026,0.5760747,1,1,unassigned,10.0,10.0,0.0,1.0,0.0,0.0,0.015473888,0.0,0,0,0,1,0
26544,-1,0,0.1859222,0.5463471,1,1,unassigned,2.0,2.0,0.0,1.0,0.0,0.0,0.0,0.0,0,0,0,1,0
26545,-1,1,-0.48255107,0.38164988,0,1,unassigned,221.0,217.0,4.0,0.98190045,0.018099548,0.018099546,0.4235977,0.007666927,1,0,0,0,0
26546,-1,1,0.19465393,0.54851043,1,1,unassigned,3.0,3.0,0.0,1.0,0.0,0.0,0.001934236,0.0,1,0,0,1,0
26547,-1,1,-0.8994199,0.2891697,0,1,unassigned,34.0,34.0,0.0,1.0,0.0,0.0,0.061895553,0.0,1,0,0,0,0
26548,-1,1,-0.87132436,0.2949788,0,1,unassigned,64.0,63.0,1.0,0.984375,0.015625,0.015625,0.11992263,0.0018737911,1,0,0,0,0
26549,-1,1,-0.67887586,0.33651224,0,1,unassigned,51.0,49.0,2.0,0.9607843,0.039215688,0.039215684,0.09477756,0.0037167673,1,0,0,0,0
26550,-1,1,1.8490467,0.8640151,1,1,unassigned,40.0,36.0,4.0,0.9,0.1,0.100000024,0.07350097,0.007350097,1,0,0,1,0
26551,-1,1,0.22376817,0.5557098,1,1,unassigned,85.0,84.0,1.0,0.9882353,0.011764706,0.011764705,0.16054158,0.0018887245,1,0,0,1,0
26552,0,1,-0.044246852,0.4889401,0,0,unassigned,15.0,15.0,0.0,1.0,0.0,0.0,0.025145067,0.0,1,0,1,0,0
26553,-1,1,1.3707051,0.79749405,1,1,unassigned,6.0,3.0,3.0,0.5,0.5,0.5,0.007736944,0.003868472,1,0,0,1,0
26554,-1,0,-0.8435456,0.30078855,0,1,unassigned,26.0,26.0,0.0,1.0,0.0,0.0,0.046421662,0.0,0,0,0,0,0
26555,-1,0,-0.5133067,0.37441868,0,1,unassigned,60.0,59.0,1.0,0.98333335,0.016666668,0.01666665,0.11218569,0.0018697615,0,0,0,0,0
26556,-1,0,-0.93270236,0.2823768,0,1,unassigned,39.0,39.0,0.0,1.0,0.0,0.0,0.07156673,0.0,0,0,0,0,0
26557,-1,0,1.0732968,0.74522334,1,1,unassigned,10.0,8.0,2.0,0.8,0.2,0.19999999,0.015473888,0.0030947777,0,0,0,1,0
26558,-1,0,2.083413,0.8892805,1,1,unassigned,3.0,3.0,0.0,1.0,0.0,0.0,0.001934236,0.0,0,0,0,1,0
26559,-1,1,6.0236955,0.9975852,1,1,unassigned,3.0,1.0,2.0,0.33333334,0.6666667,0.6666666,0.001934236,0.0012894907,1,0,0,1,1
26560,1,0,0.6830035,0.66440874,1,0,test,23.0,22.0,1.0,0.95652175,0.04347826,0.04347825,0.040618956,0.0017660416,0,0,1,1,0
26561,-1,0,3.4072826,0.96793133,1,1,unassigned,6.0,6.0,0.0,1.0,0.0,0.0,0.007736944,0.0,0,0,0,1,1
26562,0,1,0.21784681,0.5542474,1,1,test,31.0,29.0,2.0,0.9354839,0.06451613,0.06451613,0.056092843,0.003618893,1,0,0,1,0
26563,-1,0,1.1585097,0.76106185,1,1,unassigned,3.0,1.0,2.0,0.33333334,0.6666667,0.6666666,0.001934236,0.0012894907,0,0,0,1,0
26564,-1,1,2.08188,0.8891295,1,1,unassigned,4.0,4.0,0.0,1.0,0.0,0.0,0.003868472,0.0,1,0,0,1,0
26565,-1,0,3.953193,0.98116815,1,1,unassigned,3.0,3.0,0.0,1.0,0.0,0.0,0.001934236,0.0,0,0,0,1,1
26566,-1,0,-0.51898664,0.37308922,0,1,unassigned,3.0,3.0,0.0,1.0,0.0,0.0,0.001934236,0.0,0,0,0,0,0
26567,-1,1,1.9862092,0.8793415,1,1,unassigned,4.0,4.0,0.0,1.0,0.0,0.0,0.003868472,0.0,1,0,0,1,0
26568,-1,0,-0.93792117,0.28132045,0,1,unassigned,35.0,35.0,0.0,1.0,0.0,0.0,0.06382979,0.0,0,0,0,0,0
26569,-1,0,-0.55871224,0.36384544,0,1,unassigned,2.0,2.0,0.0,1.0,0.0,0.0,0.0,0.0,0,0,0,0,0
26570,-1,1,-0.68772393,0.3345396,0,1,unassigned,43.0,41.0,2.0,0.95348835,0.046511628,0.04651165,0.079303674,0.0036885429,1,0,0,0,0
26571,-1,0,3.5075152,0.9709009,1,1,unassigned,2.0,2.0,0.0,1.0,0.0,0.0,0.0,0.0,0,0,0,1,1
26572,-1,1,-0.9206412,0.28482726,0,1,unassigned,96.0,86.0,10.0,0.8958333,0.104166664,0.10416669,0.18181819,0.018939395,1,0,0,0,0
26573,-1,1,-0.8406486,0.3013982,0,1,unassigned,41.0,39.0,2.0,0.9512195,0.048780486,0.0487805,0.07543521,0.003679766,1,0,0,0,0
26574,-1,0,0.48392195,0.6186735,1,1,unassigned,6.0,5.0,1.0,0.8333333,0.16666667,0.16666669,0.007736944,0.0012894907,0,0,0,1,0
26575,1,1,-0.14741397,0.46321312,0,1,unassigned,33.0,31.0,2.0,0.93939394,0.060606062,0.060606062,0.059961315,0.0036340193,1,0,0,0,0
26576,-1,1,-0.714672,0.32856733,0,1,unassigned,74.0,74.0,0.0,1.0,0.0,0.0,0.13926499,0.0,1,0,0,0,0
26577,0,1,0.46823794,0.6149666,1,1,train,34.0,32.0,2.0,0.9411765,0.05882353,0.058823526,0.061895553,0.0036409148,1,0,0,1,0
26578,-1,1,-0.23125476,0.4424426,0,1,unassigned,107.0,101.0,6.0,0.94392526,0.056074765,0.05607474,0.20309478,0.011388492,1,0,0,0,0
26579,-1,0,0.0011655688,0.5002914,1,1,unassigned,2.0,2.0,0.0,1.0,0.0,0.0,0.0,0.0,0,0,0,1,0
26580,-1,0,0.16704279,0.5416639,1,1,unassigned,10.0,9.0,1.0,0.9,0.1,0.100000024,0.015473888,0.0015473888,0,0,0,1,0
26581,-1,0,10.160323,0.9999614,1,1,unassigned,3.0,2.0,1.0,0.6666667,0.33333334,0.3333333,0.001934236,0.00064474536,0,0,0,1,1
26582,-1,1,0.2916556,0.5724014,1,1,unassigned,3.0,2.0,1.0,0.6666667,0.33333334,0.3333333,0.001934236,0.00064474536,1,0,0,1,0
26583,-1,1,-0.28788278,0.42852226,0,1,unassigned,2.0,2.0,0.0,1.0,0.0,0.0,0.0,0.0,1,0,0,0,0
26584,-1,0,-0.3298902,0.41826737,0,1,unassigned,48.0,48.0,0.0,1.0,0.0,0.0,0.088974856,0.0,0,0,0,0,0
26585,-1,1,-0.8494686,0.29954436,0,1,unassigned,21.0,18.0,3.0,0.85714287,0.14285715,0.14285713,0.036750484,0.0052500693,1,0,0,0,0
26586,-1,1,3.9183552,0.9805135,1,1,unassigned,3.0,3.0,0.0,1.0,0.0,0.0,0.001934236,0.0,1,0,0,1,1
26587,1,1,2.2003784,0.90028346,1,0,unassigned,45.0,45.0,0.0,1.0,0.0,0.0,0.08317215,0.0,1,0,1,1,1
26588,-1,0,-0.83776534,0.30200562,0,1,unassigned,6.0,6.0,0.0,1.0,0.0,0.0,0.007736944,0.0,0,0,0,0,0
26589,1,0,4.0680957,0.98317784,1,0,unassigned,60.0,56.0,4.0,0.93333334,0.06666667,0.06666666,0.11218569,0.007479046,0,0,1,1,1
26590,-1,0,-0.86651576,0.29597983,0,1,unassigned,91.0,88.0,3.0,0.96703297,0.032967035,0.03296703,0.172147,0.005675176,0,0,0,0,0
26591,-1,0,-0.39723063,0.4019779,0,1,unassigned,27.0,26.0,1.0,0.962963,0.037037037,0.037037015,0.0483559,0.0017909593,0,0,0,0,0
26592,-1,0,-0.18893993,0.45290506,0,1,unassigned,49.0,48.0,1.0,0.97959185,0.020408163,0.020408154,0.09090909,0.0018552876,0,0,0,0,0
26593,-1,0,-0.7251977,0.32624945,0,1,unassigned,93.0,92.0,1.0,0.9892473,0.010752688,0.010752678,0.17601547,0.0018926394,0,0,0,0,0
26594,-1,0,-0.6658238,0.3394326,0,1,unassigned,20.0,19.0,1.0,0.95,0.05,0.050000012,0.034816246,0.0017408123,0,0,0,0,0
26595,-1,0,-0.4160558,0.397461,0,1,unassigned,2.0,2.0,0.0,1.0,0.0,0.0,0.0,0.0,0,0,0,0,0
26596,-1,0,-0.6802703,0.33620095,0,1,unassigned,3.0,3.0,0.0,1.0,0.0,0.0,0.001934236,0.0,0,0,0,0,0
26597,-1,0,-0.47446942,0.38355893,0,1,unassigned,57.0,57.0,0.0,1.0,0.0,0.0,0.10638298,0.0,0,0,0,0,0
26598,-1,1,0.6176571,0.6496855,1,1,unassigned,10.0,9.0,1.0,0.9,0.1,0.100000024,0.015473888,0.0015473888,1,0,0,1,0
26599,-1,1,-0.27530098,0.43160617,0,1,unassigned,3.0,3.0,0.0,1.0,0.0,0.0,0.001934236,0.0,1,0,0,0,0
26600,-1,1,0.27701688,0.56881475,1,1,unassigned,10.0,10.0,0.0,1.0,0.0,0.0,0.015473888,0.0,1,0,0,1,0
26601,-1,1,-0.30320284,0.4247747,0,1,unassigned,52.0,50.0,2.0,0.96153843,0.03846154,0.038461566,0.0967118,0.0037196847,1,0,0,0,0
26602,-1,0,-0.022334635,0.4944166,0,1,unassigned,3.0,3.0,0.0,1.0,0.0,0.0,0.001934236,0.0,0,0,0,0,0
26603,-1,0,-0.031496942,0.49212644,0,1,unassigned,5.0,5.0,0.0,1.0,0.0,0.0,0.0058027077,0.0,0,0,0,0,0
26604,-1,0,-0.2126767,0.4470303,0,1,unassigned,4.0,4.0,0.0,1.0,0.0,0.0,0.003868472,0.0,0,0,0,0,0
26605,-1,0,1.7962964,0.8576975,1,1,unassigned,9.0,9.0,0.0,1.0,0.0,0.0,0.013539651,0.0,0,0,0,1,0
26606,-1,1,2.2099445,0.90113896,1,1,unassigned,5.0,4.0,1.0,0.8,0.2,0.19999999,0.0058027077,0.0011605415,1,0,0,1,1
26607,-1,1,0.81402165,0.69296587,1,1,unassigned,6.0,3.0,3.0,0.5,0.5,0.5,0.007736944,0.003868472,1,0,0,1,0
26608,-1,1,1.7025716,0.84587026,1,1,unassigned,12.0,11.0,1.0,0.9166667,0.083333336,0.08333331,0.01934236,0.0016118633,1,0,0,1,0
26609,-1,0,-0.28449443,0.42935225,0,1,unassigned,4.0,3.0,1.0,0.75,0.25,0.25,0.003868472,0.000967118,0,0,0,0,0
26610,-1,1,3.4006047,0.9677234,1,1,unassigned,4.0,4.0,0.0,1.0,0.0,0.0,0.003868472,0.0,1,0,0,1,1
26611,-1,0,7.125506,0.99919635,1,1,unassigned,5.0,5.0,0.0,1.0,0.0,0.0,0.0058027077,0.0,0,0,0,1,1
26612,-1,0,11.741237,0.999992,1,1,unassigned,4.0,4.0,0.0,1.0,0.0,0.0,0.003868472,0.0,0,0,0,1,1
26613,-1,0,-0.47859693,0.38258347,0,1,unassigned,19.0,19.0,0.0,1.0,0.0,0.0,0.032882012,0.0,0,0,0,0,0
26614,-1,1,-0.4350952,0.3929103,0,1,unassigned,17.0,17.0,0.0,1.0,0.0,0.0,0.029013539,0.0,1,0,0,0,0
26615,-1,0,-0.94661456,0.27956617,0,1,unassigned,45.0,45.0,0.0,1.0,0.0,0.0,0.08317215,0.0,0,0,0,0,0
26616,-1,0,2.3166187,0.91024405,1,1,unassigned,2.0,2.0,0.0,1.0,0.0,0.0,0.0,0.0,0,0,0,1,1
26617,0,0,-0.7536272,0.32003143,0,0,train,6.0,6.0,0.0,1.0,0.0,0.0,0.007736944,0.0,0,0,1,0,0
26618,-1,0,7.531609,0.99946445,1,1,unassigned,3.0,3.0,0.0,1.0,0.0,0.0,0.001934236,0.0,0,0,0,1,1
26619,-1,1,1.5059772,0.8184643,1,1,unassigned,2.0,2.0,0.0,1.0,0.0,0.0,0.0,0.0,1,0,0,1,0
26620,-1,1,-0.7912524,0.3118998,0,1,unassigned,162.0,158.0,4.0,0.97530866,0.024691358,0.024691343,0.30947775,0.007641426,1,0,0,0,0
26621,-1,0,0.77430207,0.68445075,1,1,unassigned,7.0,6.0,1.0,0.85714287,0.14285715,0.14285713,0.00967118,0.0013815971,0,0,0,1,0
26622,-1,0,-0.51020265,0.37514603,0,1,unassigned,24.0,24.0,0.0,1.0,0.0,0.0,0.04255319,0.0,0,0,0,0,0
26623,-1,0,1.7034295,0.84598213,1,1,unassigned,87.0,83.0,4.0,0.954023,0.04597701,0.045976996,0.16441005,0.007559083,0,0,0,1,0
26624,-1,1,-0.10693467,0.47329175,0,1,unassigned,19.0,19.0,0.0,1.0,0.0,0.0,0.032882012,0.0,1,0,0,0,0
26625,-1,1,5.4309683,0.9956403,1,1,unassigned,20.0,19.0,1.0,0.95,0.05,0.050000012,0.034816246,0.0017408123,1,0,0,1,1
26626,-1,0,2.0213835,0.88302404,1,1,unassigned,2.0,2.0,0.0,1.0,0.0,0.0,0.0,0.0,0,0,0,1,0
26627,-1,1,0.28786778,0.571474,1,1,unassigned,44.0,43.0,1.0,0.97727275,0.022727273,0.022727251,0.08123791,0.0018463163,1,0,0,1,0
26628,-1,1,1.1649425,0.76222956,1,1,unassigned,20.0,19.0,1.0,0.95,0.05,0.050000012,0.034816246,0.0017408123,1,0,0,1,0
26629,-1,1,0.7850712,0.68677205,1,1,unassigned,9.0,8.0,1.0,0.8888889,0.11111111,0.111111104,0.013539651,0.0015044058,1,0,0,1,0
26630,-1,1,4.0053062,0.9821072,1,1,unassigned,4.0,4.0,0.0,1.0,0.0,0.0,0.003868472,0.0,1,0,0,1,1
26631,-1,0,5.2028413,0.9945292,1,1,unassigned,9.0,9.0,0.0,1.0,0.0,0.0,0.013539651,0.0,0,0,0,1,1
26632,-1,0,3.3943698,0.9675281,1,1,unassigned,6.0,5.0,1.0,0.8333333,0.16666667,0.16666669,0.007736944,0.0012894907,0,0,0,1,1
26633,-1,0,0.7496688,0.67910653,1,1,unassigned,2.0,2.0,0.0,1.0,0.0,0.0,0.0,0.0,0,0,0,1,0
26634,-1,1,4.815956,0.99196565,1,1,unassigned,3.0,1.0,2.0,0.33333334,0.6666667,0.6666666,0.001934236,0.0012894907,1,0,0,1,1
26635,-1,0,3.9364321,0.9808559,1,1,unassigned,2.0,2.0,0.0,1.0,0.0,0.0,0.0,0.0,0,0,0,1,1
26636,0,1,0.049779475,0.5124423,1,1,unassigned,33.0,32.0,1.0,0.969697,0.030303031,0.030303001,0.059961315,0.0018170096,1,0,0,1,0
26637,-1,1,-0.59084177,0.35644174,0,1,unassigned,31.0,31.0,0.0,1.0,0.0,0.0,0.056092843,0.0,1,0,0,0,0
26638,-1,1,0.012194991,0.5030487,1,1,unassigned,2.0,2.0,0.0,1.0,0.0,0.0,0.0,0.0,1,0,0,1,0
26639,-1,1,-0.060502052,0.48487908,0,1,unassigned,4.0,4.0,0.0,1.0,0.0,0.0,0.003868472,0.0,1,0,0,0,0
26640,0,0,0.17017198,0.54244065,1,1,test,5.0,5.0,0.0,1.0,0.0,0.0,0.0058027077,0.0,0,0,0,1,0
26641,-1,1,4.5732384,0.989781,1,1,unassigned,3.0,3.0,0.0,1.0,0.0,0.0,0.001934236,0.0,1,0,0,1,1
26642,-1,0,-0.8543663,0.29851773,0,1,unassigned,43.0,42.0,1.0,0.9767442,0.023255814,0.023255825,0.079303674,0.0018442714,0,0,0,0,0
26643,-1,1,-1.163774,0.2379822,0,1,unassigned,20.0,18.0,2.0,0.9,0.1,0.100000024,0.034816246,0.0034816246,1,0,0,0,0
26644,1,0,2.8732593,0.94650865,1,0,unassigned,3.0,3.0,0.0,1.0,0.0,0.0,0.001934236,0.0,0,0,1,1,1
26645,-1,1,6.641105,0.99869615,1,1,unassigned,2.0,2.0,0.0,1.0,0.0,0.0,0.0,0.0,1,0,0,1,1
26646,0,0,-1.0004889,0.26884532,0,0,val,2.0,2.0,0.0,1.0,0.0,0.0,0.0,0.0,0,0,1,0,0
26647,-1,0,-0.67010105,0.3384742,0,1,unassigned,2.0,2.0,0.0,1.0,0.0,0.0,0.0,0.0,0,0,0,0,0
26648,-1,0,-0.02231294,0.49442202,0,1,unassigned,6.0,6.0,0.0,1.0,0.0,0.0,0.007736944,0.0,0,0,0,0,0
26649,-1,1,-0.4552278,0.38811854,0,1,unassigned,2.0,2.0,0.0,1.0,0.0,0.0,0.0,0.0,1,0,0,0,0
26650,-1,0,-0.76233757,0.31813896,0,1,unassigned,30.0,27.0,3.0,0.9,0.1,0.100000024,0.054158606,0.0054158606,0,0,0,0,0
26651,-1,1,1.7869699,0.85655534,1,1,unassigned,9.0,9.0,0.0,1.0,0.0,0.0,0.013539651,0.0,1,0,0,1,0
26652,-1,0,-0.37985533,0.4061618,0,1,unassigned,10.0,10.0,0.0,1.0,0.0,0.0,0.015473888,0.0,0,0,0,0,0
26653,0,0,-0.04006809,0.48998433,0,0,val,2.0,2.0,0.0,1.0,0.0,0.0,0.0,0.0,0,0,1,0,0
26654,-1,1,-0.88840497,0.2914391,0,1,unassigned,81.0,77.0,4.0,0.9506173,0.049382716,0.049382687,0.15280464,0.0075459084,1,0,0,0,0
26655,0,0,-0.5953196,0.35541523,0,0,val,28.0,27.0,1.0,0.96428573,0.035714287,0.03571427,0.050290134,0.0017960763,0,0,1,0,0
26656,-1,1,3.7545192,0.9771238,1,1,unassigned,4.0,4.0,0.0,1.0,0.0,0.0,0.003868472,0.0,1,0,0,1,1
26657,-1,0,-0.70408934,0.33090618,0,1,unassigned,43.0,43.0,0.0,1.0,0.0,0.0,0.079303674,0.0,0,0,0,0,0
26658,-1,0,1.429785,0.80686784,1,1,unassigned,2.0,2.0,0.0,1.0,0.0,0.0,0.0,0.0,0,0,0,1,0
26659,-1,0,-0.3462147,0.41430065,0,1,unassigned,4.0,2.0,2.0,0.5,0.5,0.5,0.003868472,0.001934236,0,0,0,0,0
26660,-1,0,0.36930984,0.5912922,1,1,unassigned,8.0,8.0,0.0,1.0,0.0,0.0,0.0116054155,0.0,0,0,0,1,0
26661,-1,1,-0.20816487,0.4481459,0,1,unassigned,50.0,49.0,1.0,0.98,0.02,0.01999998,0.092843324,0.0018568664,1,0,0,0,0
26662,-1,0,-0.87829614,0.29353097,0,1,unassigned,52.0,52.0,0.0,1.0,0.0,0.0,0.0967118,0.0,0,0,0,0,0
26663,1,1,2.6932561,0.93662745,1,0,test,5.0,5.0,0.0,1.0,0.0,0.0,0.0058027077,0.0,1,0,1,1,1
26664,-1,0,3.2350962,0.9621338,1,1,unassigned,3.0,3.0,0.0,1.0,0.0,0.0,0.001934236,0.0,0,0,0,1,1
26665,-1,0,-0.70024824,0.3317572,0,1,unassigned,33.0,33.0,0.0,1.0,0.0,0.0,0.059961315,0.0,0,0,0,0,0
26666,-1,1,0.74932534,0.67903167,1,1,unassigned,64.0,63.0,1.0,0.984375,0.015625,0.015625,0.11992263,0.0018737911,1,0,0,1,0
26667,-1,1,-0.70159954,0.33145764,0,1,unassigned,94.0,92.0,2.0,0.9787234,0.021276595,0.021276593,0.17794971,0.0037861639,1,0,0,0,0
26668,0,1,-0.7970681,0.31065303,0,0,unassigned,104.0,102.0,2.0,0.9807692,0.01923077,0.019230783,0.19729207,0.0037940785,1,0,1,0,0
26669,-1,0,2.078139,0.88876015,1,1,unassigned,22.0,14.0,8.0,0.6363636,0.36363637,0.36363637,0.03868472,0.014067171,0,0,0,1,0
26670,-1,0,1.3452466,0.7933514,1,1,unassigned,18.0,7.0,11.0,0.3888889,0.6111111,0.6111111,0.030947777,0.01891253,0,0,0,1,0
26671,-1,0,0.9502557,0.7211666,1,1,unassigned,5.0,5.0,0.0,1.0,0.0,0.0,0.0058027077,0.0,0,0,0,1,0
26672,1,0,-0.4650349,0.38579208,0,1,test,3.0,3.0,0.0,1.0,0.0,0.0,0.001934236,0.0,0,0,0,0,0
26673,-1,0,0.16436464,0.5409989,1,1,unassigned,4.0,4.0,0.0,1.0,0.0,0.0,0.003868472,0.0,0,0,0,1,0
26674,-1,0,0.24893016,0.56191313,1,1,unassigned,32.0,32.0,0.0,1.0,0.0,0.0,0.058027077,0.0,0,0,0,1,0
26675,-1,0,-0.8245111,0.30480692,0,1,unassigned,44.0,43.0,1.0,0.97727275,0.022727273,0.022727251,0.08123791,0.0018463163,0,0,0,0,0
26676,-1,0,-0.48560697,0.380929,0,1,unassigned,7.0,7.0,0.0,1.0,0.0,0.0,0.00967118,0.0,0,0,0,0,0
26677,1,0,8.3825,0.9997712,1,0,test,11.0,10.0,1.0,0.90909094,0.09090909,0.090909064,0.017408123,0.0015825568,0,0,1,1,1
26678,-1,0,-0.5079307,0.37567875,0,1,unassigned,6.0,6.0,0.0,1.0,0.0,0.0,0.007736944,0.0,0,0,0,0,0
26679,-1,0,-0.3007965,0.42536277,0,1,unassigned,45.0,45.0,0.0,1.0,0.0,0.0,0.08317215,0.0,0,0,0,0,0
26680,-1,0,4.70621,0.991042,1,1,unassigned,10.0,9.0,1.0,0.9,0.1,0.100000024,0.015473888,0.0015473888,0,0,0,1,1
26681,1,1,15.558884,0.9999999,1,0,val,10.0,8.0,2.0,0.8,0.2,0.19999999,0.015473888,0.0030947777,1,0,1,1,1
26682,-1,1,-0.89658165,0.28975347,0,1,unassigned,17.0,17.0,0.0,1.0,0.0,0.0,0.029013539,0.0,1,0,0,0,0
26683,-1,1,-0.9881798,0.27127177,0,1,unassigned,2.0,2.0,0.0,1.0,0.0,0.0,0.0,0.0,1,0,0,0,0
26684,1,1,0.12239033,0.5305594,1,0,test,2.0,2.0,0.0,1.0,0.0,0.0,0.0,0.0,1,0,1,1,0
26685,-1,0,-0.23724341,0.44096574,0,1,unassigned,3.0,3.0,0.0,1.0,0.0,0.0,0.001934236,0.0,0,0,0,0,0
26686,-1,0,-0.3313543,0.4179111,0,1,unassigned,14.0,12.0,2.0,0.85714287,0.14285715,0.14285713,0.023210831,0.0033158332,0,0,0,0,0
26687,0,0,-0.19259909,0.45199853,0,0,val,8.0,8.0,0.0,1.0,0.0,0.0,0.0116054155,0.0,0,0,1,0,0
26688,-1,1,0.7841881,0.686582,1,1,unassigned,2.0,2.0,0.0,1.0,0.0,0.0,0.0,0.0,1,0,0,1,0
26689,-1,0,6.7743187,0.9988586,1,1,unassigned,3.0,3.0,0.0,1.0,0.0,0.0,0.001934236,0.0,0,0,0,1,1
26690,-1,1,-0.89717364,0.28963166,0,1,unassigned,78.0,77.0,1.0,0.98717946,0.012820513,0.012820542,0.14700194,0.0018846402,1,0,0,0,0
26691,-1,0,1.5799861,0.8292026,1,1,unassigned,2.0,2.0,0.0,1.0,0.0,0.0,0.0,0.0,0,0,0,1,0
26692,-1,0,-0.53465,0.369433,0,1,unassigned,29.0,29.0,0.0,1.0,0.0,0.0,0.05222437,0.0,0,0,0,0,0
26693,-1,0,1.8302133,0.8617871,1,1,unassigned,31.0,30.0,1.0,0.9677419,0.032258064,0.032258093,0.056092843,0.0018094465,0,0,0,1,0
26694,-1,0,0.14176899,0.535383,1,1,unassigned,15.0,15.0,0.0,1.0,0.0,0.0,0.025145067,0.0,0,0,0,1,0
26695,-1,0,-0.82476467,0.3047532,0,1,unassigned,73.0,70.0,3.0,0.9589041,0.04109589,0.041095912,0.13733076,0.0056437296,0,0,0,0,0
26696,1,0,-0.28451684,0.42934677,0,1,unassigned,19.0,19.0,0.0,1.0,0.0,0.0,0.032882012,0.0,0,0,0,0,0
26697,-1,1,3.4758475,0.96999264,1,1,unassigned,3.0,2.0,1.0,0.6666667,0.33333334,0.3333333,0.001934236,0.00064474536,1,0,0,1,1
26698,-1,1,0.43591064,0.6072842,1,1,unassigned,2.0,1.0,1.0,0.5,0.5,0.5,0.0,0.0,1,0,0,1,0
26699,-1,0,2.1357732,0.8943318,1,1,unassigned,5.0,4.0,1.0,0.8,0.2,0.19999999,0.0058027077,0.0011605415,0,0,0,1,0
26700,0,0,-0.122234225,0.46947944,0,0,unassigned,8.0,8.0,0.0,1.0,0.0,0.0,0.0116054155,0.0,0,0,1,0,0
26701,-1,0,-0.18519413,0.4538333,0,1,unassigned,27.0,27.0,0.0,1.0,0.0,0.0,0.0483559,0.0,0,0,0,0,0
26702,-1,0,1.2260859,0.77313274,1,1,unassigned,24.0,21.0,3.0,0.875,0.125,0.125,0.04255319,0.005319149,0,0,0,1,0
26703,-1,0,-0.8163605,0.30653676,0,1,unassigned,3.0,3.0,0.0,1.0,0.0,0.0,0.001934236,0.0,0,0,0,0,0
26704,-1,0,0.06420666,0.51604617,1,1,unassigned,3.0,3.0,0.0,1.0,0.0,0.0,0.001934236,0.0,0,0,0,1,0
26705,0,1,-0.8817935,0.29280624,0,0,unassigned,18.0,18.0,0.0,1.0,0.0,0.0,0.030947777,0.0,1,0,1,0,0
26706,-1,1,-0.06988475,0.48253593,0,1,unassigned,11.0,11.0,0.0,1.0,0.0,0.0,0.017408123,0.0,1,0,0,0,0
26707,-1,1,6.591828,0.9986304,1,1,unassigned,4.0,4.0,0.0,1.0,0.0,0.0,0.003868472,0.0,1,0,0,1,1
26708,-1,0,4.1342373,0.9842375,1,1,unassigned,2.0,1.0,1.0,0.5,0.5,0.5,0.0,0.0,0,0,0,1,1
26709,-1,1,0.6071816,0.6472976,1,1,unassigned,24.0,23.0,1.0,0.9583333,0.041666668,0.041666687,0.04255319,0.0017730496,1,0,0,1,0
26710,-1,0,0.67134684,0.6618046,1,1,unassigned,11.0,10.0,1.0,0.90909094,0.09090909,0.090909064,0.017408123,0.0015825568,0,0,0,1,0
26711,-1,0,8.285946,0.99974805,1,1,unassigned,9.0,8.0,1.0,0.8888889,0.11111111,0.111111104,0.013539651,0.0015044058,0,0,0,1,1
26712,-1,0,2.0186412,0.88274044,1,1,unassigned,10.0,9.0,1.0,0.9,0.1,0.100000024,0.015473888,0.0015473888,0,0,0,1,0
26713,-1,0,3.1277792,0.95802414,1,1,unassigned,20.0,19.0,1.0,0.95,0.05,0.050000012,0.034816246,0.0017408123,0,0,0,1,1
26714,-1,0,5.0678425,0.99374336,1,1,unassigned,6.0,6.0,0.0,1.0,0.0,0.0,0.007736944,0.0,0,0,0,1,1
26715,-1,0,3.9852526,0.9817515,1,1,unassigned,5.0,3.0,2.0,0.6,0.4,0.39999998,0.0058027077,0.002321083,0,0,0,1,1
26716,-1,0,-0.7095002,0.3297093,0,1,unassigned,12.0,12.0,0.0,1.0,0.0,0.0,0.01934236,0.0,0,0,0,0,0
26717,-1,0,0.15105885,0.5376931,1,1,unassigned,33.0,33.0,0.0,1.0,0.0,0.0,0.059961315,0.0,0,0,0,1,0
26718,0,0,-0.5688607,0.36149973,0,0,val,41.0,41.0,0.0,1.0,0.0,0.0,0.07543521,0.0,0,0,1,0,0
26719,-1,0,-0.48063138,0.38210306,0,1,unassigned,73.0,73.0,0.0,1.0,0.0,0.0,0.13733076,0.0,0,0,0,0,0
26720,-1,0,-0.71881104,0.32765487,0,1,unassigned,34.0,34.0,0.0,1.0,0.0,0.0,0.061895553,0.0,0,0,0,0,0
26721,-1,0,-0.007008493,0.4982479,0,1,unassigned,70.0,69.0,1.0,0.98571426,0.014285714,0.014285743,0.13152805,0.0018789722,0,0,0,0,0
26722,-1,0,1.1413169,0.75792134,1,1,unassigned,5.0,5.0,0.0,1.0,0.0,0.0,0.0058027077,0.0,0,0,0,1,0
26723,-1,0,1.3321187,0.7911909,1,1,unassigned,5.0,5.0,0.0,1.0,0.0,0.0,0.0058027077,0.0,0,0,0,1,0
26724,-1,0,1.3943205,0.8012811,1,1,unassigned,27.0,27.0,0.0,1.0,0.0,0.0,0.0483559,0.0,0,0,0,1,0
26725,-1,1,1.1709044,0.76330847,1,1,unassigned,8.0,8.0,0.0,1.0,0.0,0.0,0.0116054155,0.0,1,0,0,1,0
26726,1,0,3.565787,0.9725027,1,0,unassigned,24.0,24.0,0.0,1.0,0.0,0.0,0.04255319,0.0,0,0,1,1,1
26727,-1,0,1.4441292,0.8090933,1,1,unassigned,15.0,15.0,0.0,1.0,0.0,0.0,0.025145067,0.0,0,0,0,1,0
26728,-1,0,0.89691883,0.71031594,1,1,unassigned,5.0,3.0,2.0,0.6,0.4,0.39999998,0.0058027077,0.002321083,0,0,0,1,0
26729,-1,1,1.5613925,0.8265531,1,1,unassigned,4.0,4.0,0.0,1.0,0.0,0.0,0.003868472,0.0,1,0,0,1,0
26730,-1,0,4.1544538,0.98454815,1,1,unassigned,3.0,3.0,0.0,1.0,0.0,0.0,0.001934236,0.0,0,0,0,1,1
26731,-1,1,-0.6418793,0.34482184,0,1,unassigned,78.0,76.0,2.0,0.974359,0.025641026,0.025641024,0.14700194,0.0037692804,1,0,0,0,0
26732,-1,0,-0.52511597,0.37165675,0,1,unassigned,20.0,20.0,0.0,1.0,0.0,0.0,0.034816246,0.0,0,0,0,0,0
26733,0,0,-0.9176164,0.2854438,0,0,test,2.0,1.0,1.0,0.5,0.5,0.5,0.0,0.0,0,0,1,0,0
26734,0,0,-0.77620596,0.31513816,0,0,unassigned,7.0,7.0,0.0,1.0,0.0,0.0,0.00967118,0.0,0,0,1,0,0
26735,-1,0,-0.6258788,0.34844562,0,1,unassigned,10.0,10.0,0.0,1.0,0.0,0.0,0.015473888,0.0,0,0,0,0,0
26736,-1,0,-0.74987376,0.3208488,0,1,unassigned,41.0,41.0,0.0,1.0,0.0,0.0,0.07543521,0.0,0,0,0,0,0
26737,-1,0,-0.45747763,0.3875844,0,1,unassigned,3.0,3.0,0.0,1.0,0.0,0.0,0.001934236,0.0,0,0,0,0,0
26738,-1,0,2.3034585,0.9091631,1,1,unassigned,39.0,37.0,2.0,0.94871795,0.051282052,0.05128205,0.07156673,0.0036700887,0,0,0,1,1
26739,-1,1,0.9836891,0.72783965,1,1,unassigned,9.0,9.0,0.0,1.0,0.0,0.0,0.013539651,0.0,1,0,0,1,0
26740,-1,0,5.1201806,0.9940606,1,1,unassigned,11.0,8.0,3.0,0.72727275,0.27272728,0.27272725,0.017408123,0.00474767,0,0,0,1,1
26741,-1,1,8.227083,0.9997328,1,1,unassigned,4.0,3.0,1.0,0.75,0.25,0.25,0.003868472,0.000967118,1,0,0,1,1
26742,-1,1,3.0721114,0.9557275,1,1,unassigned,32.0,32.0,0.0,1.0,0.0,0.0,0.058027077,0.0,1,0,0,1,1
26743,-1,1,0.2026822,0.5504978,1,1,unassigned,2.0,2.0,0.0,1.0,0.0,0.0,0.0,0.0,1,0,0,1,0
26744,-1,0,4.1972666,0.98518616,1,1,unassigned,4.0,4.0,0.0,1.0,0.0,0.0,0.003868472,0.0,0,0,0,1,1
26745,-1,1,2.155073,0.8961418,1,1,unassigned,8.0,8.0,0.0,1.0,0.0,0.0,0.0116054155,0.0,1,0,0,1,0
26746,-1,1,3.429457,0.96861255,1,1,unassigned,14.0,13.0,1.0,0.9285714,0.071428575,0.0714286,0.023210831,0.0016579166,1,0,0,1,1
26747,-1,0,0.6223231,0.6507467,1,1,unassigned,7.0,7.0,0.0,1.0,0.0,0.0,0.00967118,0.0,0,0,0,1,0
26748,-1,0,-0.11762509,0.47062764,0,1,unassigned,3.0,3.0,0.0,1.0,0.0,0.0,0.001934236,0.0,0,0,0,0,0
26749,-1,0,-0.3573041,0.41161233,0,1,unassigned,3.0,2.0,1.0,0.6666667,0.33333334,0.3333333,0.001934236,0.00064474536,0,0,0,0,0
26750,-1,0,3.8006136,0.97813183,1,1,unassigned,20.0,17.0,3.0,0.85,0.15,0.14999998,0.034816246,0.005222437,0,0,0,1,1
26751,-1,0,-0.032797992,0.4918012,0,1,unassigned,8.0,8.0,0.0,1.0,0.0,0.0,0.0116054155,0.0,0,0,0,0,0
26752,-1,0,0.45335013,0.6114355,1,1,unassigned,6.0,6.0,0.0,1.0,0.0,0.0,0.007736944,0.0,0,0,0,1,0
26753,-1,0,2.4012406,0.91692185,1,1,unassigned,12.0,12.0,0.0,1.0,0.0,0.0,0.01934236,0.0,0,0,0,1,1
26754,-1,0,0.8460241,0.6997324,1,1,unassigned,20.0,20.0,0.0,1.0,0.0,0.0,0.034816246,0.0,0,0,0,1,0
26755,-1,0,0.568976,0.63852686,1,1,unassigned,16.0,16.0,0.0,1.0,0.0,0.0,0.027079303,0.0,0,0,0,1,0
26756,-1,0,0.017029643,0.5042573,1,1,unassigned,59.0,59.0,0.0,1.0,0.0,0.0,0.11025145,0.0,0,0,0,1,0
26757,-1,0,0.4917274,0.62051326,1,1,unassigned,33.0,33.0,0.0,1.0,0.0,0.0,0.059961315,0.0,0,0,0,1,0
26758,-1,0,0.23307246,0.55800575,1,1,unassigned,14.0,13.0,1.0,0.9285714,0.071428575,0.0714286,0.023210831,0.0016579166,0,0,0,1,0
26759,-1,0,-1.0193748,0.2651492,0,1,unassigned,37.0,37.0,0.0,1.0,0.0,0.0,0.06769826,0.0,0,0,0,0,0
26760,-1,0,-0.845877,0.30029845,0,1,unassigned,37.0,37.0,0.0,1.0,0.0,0.0,0.06769826,0.0,0,0,0,0,0
26761,-1,0,-0.8421911,0.30107352,0,1,unassigned,49.0,47.0,2.0,0.9591837,0.040816326,0.040816307,0.09090909,0.0037105752,0,0,0,0,0
26762,-1,0,-0.9710604,0.2746692,0,1,unassigned,28.0,28.0,0.0,1.0,0.0,0.0,0.050290134,0.0,0,0,0,0,0
26763,-1,0,2.5739613,0.9291669,1,1,unassigned,96.0,93.0,3.0,0.96875,0.03125,0.03125,0.18181819,0.0056818184,0,0,0,1,1
26764,-1,0,-0.44076803,0.39155796,0,1,unassigned,9.0,9.0,0.0,1.0,0.0,0.0,0.013539651,0.0,0,0,0,0,0
26765,1,1,-0.6447612,0.34417108,0,1,unassigned,7.0,7.0,0.0,1.0,0.0,0.0,0.00967118,0.0,1,0,0,0,0
26766,-1,0,-0.95418537,0.2780439,0,1,unassigned,54.0,54.0,0.0,1.0,0.0,0.0,0.10058027,0.0,0,0,0,0,0
26767,-1,0,-0.21669531,0.44603714,0,1,unassigned,15.0,15.0,0.0,1.0,0.0,0.0,0.025145067,0.0,0,0,0,0,0
26768,-1,0,-0.78901565,0.31238008,0,1,unassigned,57.0,56.0,1.0,0.98245615,0.01754386,0.017543852,0.10638298,0.0018663681,0,0,0,0,0
26769,-1,1,1.2217515,0.77237165,1,1,unassigned,17.0,17.0,0.0,1.0,0.0,0.0,0.029013539,0.0,1,0,0,1,0
26770,-1,0,4.0923724,0.98357475,1,1,unassigned,3.0,3.0,0.0,1.0,0.0,0.0,0.001934236,0.0,0,0,0,1,1
26771,-1,0,-0.124459624,0.46892518,0,1,unassigned,2.0,2.0,0.0,1.0,0.0,0.0,0.0,0.0,0,0,0,0,0
26772,-1,0,-0.22697952,0.4434975,0,1,unassigned,7.0,7.0,0.0,1.0,0.0,0.0,0.00967118,0.0,0,0,0,0,0
26773,-1,1,-0.2758911,0.4314614,0,1,unassigned,9.0,7.0,2.0,0.7777778,0.22222222,0.22222221,0.013539651,0.0030088115,1,0,0,0,0
26774,-1,0,6.6224303,0.99867165,1,1,unassigned,5.0,4.0,1.0,0.8,0.2,0.19999999,0.0058027077,0.0011605415,0,0,0,1,1
26775,-1,0,1.6963828,0.8450617,1,1,unassigned,8.0,8.0,0.0,1.0,0.0,0.0,0.0116054155,0.0,0,0,0,1,0
26776,-1,0,0.1340999,0.5334748,1,1,unassigned,14.0,13.0,1.0,0.9285714,0.071428575,0.0714286,0.023210831,0.0016579166,0,0,0,1,0
26777,-1,0,1.3983674,0.8019247,1,1,unassigned,6.0,6.0,0.0,1.0,0.0,0.0,0.007736944,0.0,0,0,0,1,0
26778,0,0,0.61050576,0.64805615,1,1,unassigned,17.0,17.0,0.0,1.0,0.0,0.0,0.029013539,0.0,0,0,0,1,0
26779,-1,0,7.5775304,0.9994885,1,1,unassigned,14.0,14.0,0.0,1.0,0.0,0.0,0.023210831,0.0,0,0,0,1,1
26780,-1,0,-0.87833244,0.29352346,0,1,unassigned,32.0,32.0,0.0,1.0,0.0,0.0,0.058027077,0.0,0,0,0,0,0
26781,-1,0,6.2824855,0.99813473,1,1,unassigned,6.0,6.0,0.0,1.0,0.0,0.0,0.007736944,0.0,0,0,0,1,1
26782,-1,0,-0.93454105,0.28200436,0,1,unassigned,50.0,49.0,1.0,0.98,0.02,0.01999998,0.092843324,0.0018568664,0,0,0,0,0
26783,-1,0,-0.85721815,0.29792088,0,1,unassigned,86.0,86.0,0.0,1.0,0.0,0.0,0.16247582,0.0,0,0,0,0,0
26784,-1,0,-0.88794494,0.2915341,0,1,unassigned,60.0,56.0,4.0,0.93333334,0.06666667,0.06666666,0.11218569,0.007479046,0,0,0,0,0
26785,-1,0,-0.79159546,0.3118262,0,1,unassigned,38.0,38.0,0.0,1.0,0.0,0.0,0.06963249,0.0,0,0,0,0,0
26786,-1,1,-0.82932746,0.3037873,0,1,unassigned,142.0,117.0,25.0,0.8239437,0.17605634,0.17605633,0.27079305,0.047674835,1,0,0,0,0
26787,-1,0,-0.32439065,0.4196061,0,1,unassigned,7.0,7.0,0.0,1.0,0.0,0.0,0.00967118,0.0,0,0,0,0,0
26788,0,1,-0.92143154,0.2846663,0,0,val,30.0,23.0,7.0,0.76666665,0.23333333,0.23333335,0.054158606,0.012637008,1,0,1,0,0
26789,-1,0,-0.87327933,0.29457238,0,1,unassigned,94.0,90.0,4.0,0.9574468,0.04255319,0.042553186,0.17794971,0.0075723277,0,0,0,0,0
26790,-1,1,-1.0621604,0.25689682,0,1,unassigned,4.0,4.0,0.0,1.0,0.0,0.0,0.003868472,0.0,1,0,0,0,0
26791,-1,0,-0.6060921,0.35295117,0,1,unassigned,91.0,91.0,0.0,1.0,0.0,0.0,0.172147,0.0,0,0,0,0,0
26792,1,1,3.5243113,0.97137165,1,0,unassigned,16.0,12.0,4.0,0.75,0.25,0.25,0.027079303,0.0067698257,1,0,1,1,1
26793,-1,1,-1.0255051,0.2639565,0,1,unassigned,11.0,11.0,0.0,1.0,0.0,0.0,0.017408123,0.0,1,0,0,0,0
26794,-1,0,0.055398643,0.51384616,1,1,unassigned,4.0,4.0,0.0,1.0,0.0,0.0,0.003868472,0.0,0,0,0,1,0
26795,1,1,4.8910513,0.9925425,1,0,val,72.0,59.0,13.0,0.8194444,0.18055555,0.18055558,0.13539653,0.024446594,1,0,1,1,1
26796,-1,1,2.7066371,0.9374172,1,1,unassigned,4.0,4.0,0.0,1.0,0.0,0.0,0.003868472,0.0,1,0,0,1,1
26797,-1,1,10.071773,0.9999578,1,1,unassigned,2.0,2.0,0.0,1.0,0.0,0.0,0.0,0.0,1,0,0,1,1
26798,1,0,8.654762,0.9998258,1,0,val,3.0,3.0,0.0,1.0,0.0,0.0,0.001934236,0.0,0,0,1,1,1
26799,-1,1,0.65245587,0.6575637,1,1,unassigned,5.0,5.0,0.0,1.0,0.0,0.0,0.0058027077,0.0,1,0,0,1,0
26800,-1,0,0.12519926,0.531259,1,1,unassigned,5.0,5.0,0.0,1.0,0.0,0.0,0.0058027077,0.0,0,0,0,1,0
26801,-1,0,-0.9291544,0.28309628,0,1,unassigned,48.0,48.0,0.0,1.0,0.0,0.0,0.088974856,0.0,0,0,0,0,0
26802,1,0,4.28068,0.9863555,1,0,unassigned,28.0,24.0,4.0,0.85714287,0.14285715,0.14285713,0.050290134,0.007184305,0,0,1,1,1
26803,-1,0,6.536482,0.9985525,1,1,unassigned,26.0,26.0,0.0,1.0,0.0,0.0,0.046421662,0.0,0,0,0,1,1
26804,-1,0,0.7546701,0.68019545,1,1,unassigned,10.0,10.0,0.0,1.0,0.0,0.0,0.015473888,0.0,0,0,0,1,0
26805,1,0,2.5945892,0.93051255,1,0,test,10.0,10.0,0.0,1.0,0.0,0.0,0.015473888,0.0,0,0,1,1,1
26806,-1,0,-0.83005136,0.3036342,0,1,unassigned,85.0,85.0,0.0,1.0,0.0,0.0,0.16054158,0.0,0,0,0,0,0
26807,-1,1,-0.11669102,0.4708603,0,1,unassigned,3.0,2.0,1.0,0.6666667,0.33333334,0.3333333,0.001934236,0.00064474536,1,0,0,0,0
26808,-1,0,0.22837204,0.55684614,1,1,unassigned,10.0,10.0,0.0,1.0,0.0,0.0,0.015473888,0.0,0,0,0,1,0
26809,-1,1,-0.5987095,0.354639,0,1,unassigned,4.0,4.0,0.0,1.0,0.0,0.0,0.003868472,0.0,1,0,0,0,0
26810,-1,0,1.7928398,0.85727507,1,1,unassigned,3.0,3.0,0.0,1.0,0.0,0.0,0.001934236,0.0,0,0,0,1,0
26811,-1,0,-0.73391706,0.32433575,0,1,unassigned,23.0,23.0,0.0,1.0,0.0,0.0,0.040618956,0.0,0,0,0,0,0
26812,-1,0,-0.69669014,0.33254647,0,1,unassigned,102.0,101.0,1.0,0.99019605,0.009803922,0.009803951,0.1934236,0.0018963099,0,0,0,0,0
26813,-1,0,-0.87899554,0.29338598,0,1,unassigned,35.0,35.0,0.0,1.0,0.0,0.0,0.06382979,0.0,0,0,0,0,0
26814,-1,0,-0.78319603,0.3136315,0,1,unassigned,15.0,13.0,2.0,0.8666667,0.13333334,0.13333333,0.025145067,0.0033526758,0,0,0,0,0
26815,-1,0,5.7380013,0.9967892,1,1,unassigned,2.0,2.0,0.0,1.0,0.0,0.0,0.0,0.0,0,0,0,1,1
26816,-1,0,-0.37461388,0.40742663,0,1,unassigned,13.0,13.0,0.0,1.0,0.0,0.0,0.021276595,0.0,0,0,0,0,0
26817,-1,0,2.064662,0.8874207,1,1,unassigned,28.0,28.0,0.0,1.0,0.0,0.0,0.050290134,0.0,0,0,0,1,0
26818,-1,0,-0.7732782,0.3157704,0,1,unassigned,15.0,15.0,0.0,1.0,0.0,0.0,0.025145067,0.0,0,0,0,0,0
26819,1,0,1.2420678,0.7759238,1,0,unassigned,11.0,11.0,0.0,1.0,0.0,0.0,0.017408123,0.0,0,0,1,1,0
26820,-1,0,-0.5139092,0.37427756,0,1,unassigned,58.0,58.0,0.0,1.0,0.0,0.0,0.10831721,0.0,0,0,0,0,0
26821,-1,0,0.7452021,0.67813236,1,1,unassigned,49.0,49.0,0.0,1.0,0.0,0.0,0.09090909,0.0,0,0,0,1,0
26822,1,0,-0.94097483,0.28070346,0,1,val,35.0,34.0,1.0,0.9714286,0.028571429,0.028571427,0.06382979,0.0018237082,0,0,0,0,0
26823,-1,0,-0.9227782,0.28439215,0,1,unassigned,50.0,50.0,0.0,1.0,0.0,0.0,0.092843324,0.0,0,0,0,0,0
26824,-1,0,0.9336937,0.71782404,1,1,unassigned,14.0,13.0,1.0,0.9285714,0.071428575,0.0714286,0.023210831,0.0016579166,0,0,0,1,0
26825,-1,0,0.97597915,0.72630966,1,1,unassigned,6.0,6.0,0.0,1.0,0.0,0.0,0.007736944,0.0,0,0,0,1,0
26826,-1,0,4.0664635,0.9831509,1,1,unassigned,4.0,3.0,1.0,0.75,0.25,0.25,0.003868472,0.000967118,0,0,0,1,1
26827,-1,0,-0.48699033,0.38060284,0,1,unassigned,16.0,16.0,0.0,1.0,0.0,0.0,0.027079303,0.0,0,0,0,0,0
26828,-1,0,-0.54824144,0.3662725,0,1,unassigned,50.0,50.0,0.0,1.0,0.0,0.0,0.092843324,0.0,0,0,0,0,0
26829,-1,0,1.0741954,0.74539393,1,1,unassigned,46.0,46.0,0.0,1.0,0.0,0.0,0.08510638,0.0,0,0,0,1,0
26830,-1,0,2.0136604,0.88222384,1,1,unassigned,23.0,23.0,0.0,1.0,0.0,0.0,0.040618956,0.0,0,0,0,1,0
26831,-1,0,-0.807078,0.3085135,0,1,unassigned,18.0,18.0,0.0,1.0,0.0,0.0,0.030947777,0.0,0,0,0,0,0
26832,-1,0,-0.329529,0.41835523,0,1,unassigned,15.0,14.0,1.0,0.93333334,0.06666667,0.06666666,0.025145067,0.0016763379,0,0,0,0,0
26833,-1,0,-0.11588982,0.4710599,0,1,unassigned,24.0,24.0,0.0,1.0,0.0,0.0,0.04255319,0.0,0,0,0,0,0
26834,1,0,-0.004567325,0.4988582,0,1,unassigned,14.0,14.0,0.0,1.0,0.0,0.0,0.023210831,0.0,0,0,0,0,0
26835,1,0,-0.032013595,0.49199724,0,1,test,25.0,25.0,0.0,1.0,0.0,0.0,0.044487428,0.0,0,0,0,0,0
26836,-1,1,-0.8143262,0.30696937,0,1,unassigned,142.0,139.0,3.0,0.97887325,0.02112676,0.021126747,0.27079305,0.00572098,1,0,0,0,0
26837,1,0,2.0096877,0.8818104,1,0,unassigned,2.0,1.0,1.0,0.5,0.5,0.5,0.0,0.0,0,0,1,1,0
26838,-1,0,2.4473095,0.9203645,1,1,unassigned,2.0,2.0,0.0,1.0,0.0,0.0,0.0,0.0,0,0,0,1,1
26839,-1,0,-0.8320229,0.3032175,0,1,unassigned,2.0,2.0,0.0,1.0,0.0,0.0,0.0,0.0,0,0,0,0,0
26840,-1,1,-0.06621987,0.48345107,0,1,unassigned,18.0,17.0,1.0,0.9444444,0.055555556,0.055555582,0.030947777,0.0017193209,1,0,0,0,0
26841,-1,0,4.4386992,0.9883266,1,1,unassigned,18.0,18.0,0.0,1.0,0.0,0.0,0.030947777,0.0,0,0,0,1,1
26842,-1,0,-0.98183084,0.27252865,0,1,unassigned,33.0,32.0,1.0,0.969697,0.030303031,0.030303001,0.059961315,0.0018170096,0,0,0,0,0
26843,-1,0,-0.27270716,0.4322426,0,1,unassigned,4.0,4.0,0.0,1.0,0.0,0.0,0.003868472,0.0,0,0,0,0,0
26844,-1,0,-0.97776467,0.27333555,0,1,unassigned,19.0,19.0,0.0,1.0,0.0,0.0,0.032882012,0.0,0,0,0,0,0
26845,-1,0,1.3495698,0.7940593,1,1,unassigned,8.0,8.0,0.0,1.0,0.0,0.0,0.0116054155,0.0,0,0,0,1,0
26846,-1,0,2.976741,0.9515122,1,1,unassigned,25.0,24.0,1.0,0.96,0.04,0.04000002,0.044487428,0.001779497,0,0,0,1,1
26847,-1,0,-0.5593663,0.3636941,0,1,unassigned,18.0,18.0,0.0,1.0,0.0,0.0,0.030947777,0.0,0,0,0,0,0
26848,-1,1,1.0283871,0.7366031,1,1,unassigned,25.0,24.0,1.0,0.96,0.04,0.04000002,0.044487428,0.001779497,1,0,0,1,0
26849,-1,0,3.0854237,0.95628744,1,1,unassigned,2.0,2.0,0.0,1.0,0.0,0.0,0.0,0.0,0,0,0,1,1
26850,-1,0,2.0562947,0.88658214,1,1,unassigned,2.0,2.0,0.0,1.0,0.0,0.0,0.0,0.0,0,0,0,1,0
26851,-1,0,2.5709088,0.9289656,1,1,unassigned,35.0,33.0,2.0,0.94285715,0.057142857,0.057142854,0.06382979,0.0036474164,0,0,0,1,1
26852,-1,0,-0.61094844,0.35184285,0,1,unassigned,10.0,9.0,1.0,0.9,0.1,0.100000024,0.015473888,0.0015473888,0,0,0,0,0
26853,0,0,-0.3076253,0.4236945,0,0,unassigned,20.0,20.0,0.0,1.0,0.0,0.0,0.034816246,0.0,0,0,1,0,0
26854,-1,0,2.079645,0.8889089,1,1,unassigned,28.0,28.0,0.0,1.0,0.0,0.0,0.050290134,0.0,0,0,0,1,0
26855,-1,0,-0.50192946,0.37708732,0,1,unassigned,8.0,7.0,1.0,0.875,0.125,0.125,0.0116054155,0.0014506769,0,0,0,0,0
26856,-1,1,3.4272215,0.96854454,1,1,unassigned,10.0,9.0,1.0,0.9,0.1,0.100000024,0.015473888,0.0015473888,1,0,0,1,1
26857,-1,1,5.718743,0.9967269,1,1,unassigned,3.0,3.0,0.0,1.0,0.0,0.0,0.001934236,0.0,1,0,0,1,1
26858,1,0,3.8837225,0.9798407,1,0,test,16.0,16.0,0.0,1.0,0.0,0.0,0.027079303,0.0,0,0,1,1,1
26859,-1,0,-0.73434144,0.32424274,0,1,unassigned,19.0,19.0,0.0,1.0,0.0,0.0,0.032882012,0.0,0,0,0,0,0
26860,-1,0,-0.63873166,0.34553334,0,1,unassigned,54.0,54.0,0.0,1.0,0.0,0.0,0.10058027,0.0,0,0,0,0,0
26861,-1,0,0.044010222,0.51100075,1,1,unassigned,2.0,2.0,0.0,1.0,0.0,0.0,0.0,0.0,0,0,0,1,0
26862,1,0,-0.82698077,0.30428386,0,1,unassigned,54.0,52.0,2.0,0.962963,0.037037037,0.037037015,0.10058027,0.003725195,0,0,0,0,0
26863,-1,0,0.07068801,0.5176647,1,1,unassigned,2.0,2.0,0.0,1.0,0.0,0.0,0.0,0.0,0,0,0,1,0
26864,-1,0,0.49484736,0.62124765,1,1,unassigned,12.0,12.0,0.0,1.0,0.0,0.0,0.01934236,0.0,0,0,0,1,0
26865,-1,0,1.0028374,0.7316161,1,1,unassigned,10.0,9.0,1.0,0.9,0.1,0.100000024,0.015473888,0.0015473888,0,0,0,1,0
26866,-1,0,-0.08192712,0.47952965,0,1,unassigned,11.0,11.0,0.0,1.0,0.0,0.0,0.017408123,0.0,0,0,0,0,0
26867,-1,1,-0.6820586,0.335802,0,1,unassigned,3.0,3.0,0.0,1.0,0.0,0.0,0.001934236,0.0,1,0,0,0,0
26868,-1,0,4.943668,0.99292207,1,1,unassigned,3.0,3.0,0.0,1.0,0.0,0.0,0.001934236,0.0,0,0,0,1,1
26869,0,1,-0.74871176,0.32110208,0,0,val,109.0,106.0,3.0,0.9724771,0.027522936,0.027522922,0.20696326,0.0056962366,1,0,1,0,0
26870,-1,0,0.61230654,0.6484668,1,1,unassigned,2.0,2.0,0.0,1.0,0.0,0.0,0.0,0.0,0,0,0,1,0
26871,-1,1,3.323951,0.9652414,1,1,unassigned,69.0,67.0,2.0,0.9710145,0.028985508,0.0289855,0.1295938,0.0037563422,1,0,0,1,1
26872,-1,0,5.2464256,0.9947613,1,1,unassigned,2.0,1.0,1.0,0.5,0.5,0.5,0.0,0.0,0,0,0,1,1
26873,-1,1,0.0071420074,0.5017855,1,1,unassigned,99.0,93.0,6.0,0.93939394,0.060606062,0.060606062,0.1876209,0.011370963,1,0,0,1,0
26874,-1,0,1.9209952,0.87224936,1,1,unassigned,3.0,3.0,0.0,1.0,0.0,0.0,0.001934236,0.0,0,0,0,1,0
26875,-1,1,-0.63344616,0.34672955,0,1,unassigned,108.0,107.0,1.0,0.9907407,0.009259259,0.009259284,0.20502901,0.0018984168,1,0,0,0,0
26876,-1,0,-0.65757513,0.34128454,0,1,unassigned,4.0,4.0,0.0,1.0,0.0,0.0,0.003868472,0.0,0,0,0,0,0
26877,0,0,-0.30521998,0.4242819,0,0,train,18.0,18.0,0.0,1.0,0.0,0.0,0.030947777,0.0,0,0,1,0,0
26878,1,0,0.84788984,0.7001243,1,0,test,11.0,11.0,0.0,1.0,0.0,0.0,0.017408123,0.0,0,0,1,1,0
26879,1,0,1.1013219,0.7505077,1,0,unassigned,5.0,5.0,0.0,1.0,0.0,0.0,0.0058027077,0.0,0,0,1,1,0
26880,-1,0,0.78519577,0.6867989,1,1,unassigned,13.0,13.0,0.0,1.0,0.0,0.0,0.021276595,0.0,0,0,0,1,0
26881,-1,0,-0.06784552,0.48304513,0,1,unassigned,10.0,9.0,1.0,0.9,0.1,0.100000024,0.015473888,0.0015473888,0,0,0,0,0
26882,-1,0,0.0048136115,0.5012034,1,1,unassigned,43.0,38.0,5.0,0.88372093,0.11627907,0.116279066,0.079303674,0.009221357,0,0,0,1,0
26883,-1,0,0.15147781,0.5377972,1,1,unassigned,12.0,12.0,0.0,1.0,0.0,0.0,0.01934236,0.0,0,0,0,1,0
26884,-1,0,10.614618,0.99997544,1,1,unassigned,5.0,5.0,0.0,1.0,0.0,0.0,0.0058027077,0.0,0,0,0,1,1
26885,0,0,1.8961093,0.8694505,1,1,unassigned,13.0,13.0,0.0,1.0,0.0,0.0,0.021276595,0.0,0,0,0,1,0
26886,-1,0,4.508967,0.9891101,1,1,unassigned,2.0,1.0,1.0,0.5,0.5,0.5,0.0,0.0,0,0,0,1,1
26887,-1,0,-0.6934081,0.33327535,0,1,unassigned,26.0,25.0,1.0,0.96153843,0.03846154,0.038461566,0.046421662,0.0017854486,0,0,0,0,0
26888,-1,0,0.4864797,0.61927676,1,1,unassigned,24.0,23.0,1.0,0.9583333,0.041666668,0.041666687,0.04255319,0.0017730496,0,0,0,1,0
26889,-1,0,1.2523298,0.77770287,1,1,unassigned,5.0,2.0,3.0,0.4,0.6,0.6,0.0058027077,0.0034816249,0,0,0,1,0
26890,1,0,3.0078928,0.9529294,1,0,unassigned,45.0,43.0,2.0,0.95555556,0.044444446,0.04444444,0.08317215,0.0036965401,0,0,1,1,1
26891,-1,1,-0.94238913,0.280418,0,1,unassigned,5.0,5.0,0.0,1.0,0.0,0.0,0.0058027077,0.0,1,0,0,0,0
26892,1,1,4.504438,0.98906124,1,0,test,5.0,5.0,0.0,1.0,0.0,0.0,0.0058027077,0.0,1,0,1,1,1
26893,-1,0,-0.28279024,0.42976984,0,1,unassigned,14.0,14.0,0.0,1.0,0.0,0.0,0.023210831,0.0,0,0,0,0,0
26894,-1,1,-0.56851923,0.36157855,0,1,unassigned,18.0,17.0,1.0,0.9444444,0.055555556,0.055555582,0.030947777,0.0017193209,1,0,0,0,0
26895,0,0,-0.88400036,0.2923495,0,0,train,41.0,39.0,2.0,0.9512195,0.048780486,0.0487805,0.07543521,0.003679766,0,0,1,0,0
26896,-1,1,0.009020627,0.50225514,1,1,unassigned,35.0,32.0,3.0,0.9142857,0.08571429,0.08571428,0.06382979,0.005471125,1,0,0,1,0
26897,-1,0,14.457126,0.9999995,1,1,unassigned,95.0,95.0,0.0,1.0,0.0,0.0,0.17988394,0.0,0,0,0,1,1
26898,-1,0,-0.36244595,0.4103676,0,1,unassigned,33.0,31.0,2.0,0.93939394,0.060606062,0.060606062,0.059961315,0.0036340193,0,0,0,0,0
26899,-1,0,-0.9011017,0.28882414,0,1,unassigned,43.0,43.0,0.0,1.0,0.0,0.0,0.079303674,0.0,0,0,0,0,0
26900,-1,0,-1.3820381,0.20068187,0,1,unassigned,2.0,2.0,0.0,1.0,0.0,0.0,0.0,0.0,0,0,0,0,0
26901,-1,0,-0.9170978,0.28554958,0,1,unassigned,31.0,31.0,0.0,1.0,0.0,0.0,0.056092843,0.0,0,0,0,0,0
26902,-1,0,1.096437,0.7495919,1,1,unassigned,30.0,30.0,0.0,1.0,0.0,0.0,0.054158606,0.0,0,0,0,1,0
26903,-1,0,-0.9078049,0.28744924,0,1,unassigned,48.0,46.0,2.0,0.9583333,0.041666668,0.041666687,0.088974856,0.0037072857,0,0,0,0,0
26904,-1,0,-0.86847675,0.29557136,0,1,unassigned,18.0,18.0,0.0,1.0,0.0,0.0,0.030947777,0.0,0,0,0,0,0
26905,-1,0,-0.9529016,0.2783017,0,1,unassigned,29.0,29.0,0.0,1.0,0.0,0.0,0.05222437,0.0,0,0,0,0,0
26906,-1,0,-0.32482287,0.41950083,0,1,unassigned,2.0,1.0,1.0,0.5,0.5,0.5,0.0,0.0,0,0,0,0,0
26907,1,0,1.4599006,0.8115175,1,0,test,18.0,18.0,0.0,1.0,0.0,0.0,0.030947777,0.0,0,0,1,1,0
26908,1,0,1.6713948,0.8417617,1,0,unassigned,114.0,114.0,0.0,1.0,0.0,0.0,0.21663442,0.0,0,0,1,1,0
26909,-1,0,-0.7691154,0.3166705,0,1,unassigned,37.0,37.0,0.0,1.0,0.0,0.0,0.06769826,0.0,0,0,0,0,0
26910,-1,1,7.7914443,0.9995869,1,1,unassigned,9.0,9.0,0.0,1.0,0.0,0.0,0.013539651,0.0,1,0,0,1,1
26911,-1,0,-0.7373251,0.32358935,0,1,unassigned,39.0,39.0,0.0,1.0,0.0,0.0,0.07156673,0.0,0,0,0,0,0
26912,1,0,3.4594476,0.9695116,1,0,unassigned,5.0,5.0,0.0,1.0,0.0,0.0,0.0058027077,0.0,0,0,1,1,1
26913,-1,1,3.8646066,0.9794596,1,1,unassigned,6.0,4.0,2.0,0.6666667,0.33333334,0.3333333,0.007736944,0.0025789815,1,0,0,1,1
26914,-1,0,5.560209,0.99616677,1,1,unassigned,25.0,24.0,1.0,0.96,0.04,0.04000002,0.044487428,0.001779497,0,0,0,1,1
26915,-1,0,3.6627972,0.97498137,1,1,unassigned,17.0,16.0,1.0,0.9411765,0.05882353,0.058823526,0.029013539,0.0017066788,0,0,0,1,1
26916,-1,0,0.45979768,0.6129662,1,1,unassigned,9.0,9.0,0.0,1.0,0.0,0.0,0.013539651,0.0,0,0,0,1,0
26917,-1,0,0.04506749,0.511265,1,1,unassigned,6.0,6.0,0.0,1.0,0.0,0.0,0.007736944,0.0,0,0,0,1,0
26918,-1,0,1.4234078,0.8058721,1,1,unassigned,10.0,10.0,0.0,1.0,0.0,0.0,0.015473888,0.0,0,0,0,1,0
26919,-1,0,4.905831,0.99265116,1,1,unassigned,93.0,93.0,0.0,1.0,0.0,0.0,0.17601547,0.0,0,0,0,1,1
26920,-1,0,0.52127475,0.6274458,1,1,unassigned,4.0,4.0,0.0,1.0,0.0,0.0,0.003868472,0.0,0,0,0,1,0
26921,-1,0,0.7711496,0.6837695,1,1,unassigned,6.0,6.0,0.0,1.0,0.0,0.0,0.007736944,0.0,0,0,0,1,0
26922,-1,1,-0.7754666,0.31529775,0,1,unassigned,3.0,3.0,0.0,1.0,0.0,0.0,0.001934236,0.0,1,0,0,0,0
26923,-1,0,-0.30126557,0.42524815,0,1,unassigned,2.0,2.0,0.0,1.0,0.0,0.0,0.0,0.0,0,0,0,0,0
26924,-1,0,-0.7743449,0.31553996,0,1,unassigned,4.0,3.0,1.0,0.75,0.25,0.25,0.003868472,0.000967118,0,0,0,0,0
26925,-1,0,0.81370527,0.6928985,1,1,unassigned,21.0,20.0,1.0,0.95238096,0.04761905,0.047619045,0.036750484,0.0017500231,0,0,0,1,0
26926,-1,0,-0.8353938,0.3025058,0,1,unassigned,56.0,56.0,0.0,1.0,0.0,0.0,0.10444874,0.0,0,0,0,0,0
26927,0,0,-0.9297688,0.28297162,0,0,unassigned,104.0,104.0,0.0,1.0,0.0,0.0,0.19729207,0.0,0,0,1,0,0
26928,-1,0,-0.91720486,0.28552777,0,1,unassigned,115.0,113.0,2.0,0.9826087,0.017391304,0.017391324,0.21856867,0.003801194,0,0,0,0,0
26929,-1,0,1.8899825,0.86875355,1,1,unassigned,24.0,24.0,0.0,1.0,0.0,0.0,0.04255319,0.0,0,0,0,1,0
26930,-1,0,0.11686736,0.5291836,1,1,unassigned,35.0,34.0,1.0,0.9714286,0.028571429,0.028571427,0.06382979,0.0018237082,0,0,0,1,0
26931,-1,0,0.72956246,0.67470926,1,1,unassigned,15.0,15.0,0.0,1.0,0.0,0.0,0.025145067,0.0,0,0,0,1,0
26932,0,0,-0.8991519,0.2892248,0,0,train,48.0,47.0,1.0,0.9791667,0.020833334,0.020833313,0.088974856,0.0018536429,0,0,1,0,0
26933,-1,0,-0.698447,0.33215663,0,1,unassigned,11.0,11.0,0.0,1.0,0.0,0.0,0.017408123,0.0,0,0,0,0,0
26934,-1,0,-0.9265907,0.2836169,0,1,unassigned,56.0,55.0,1.0,0.98214287,0.017857144,0.017857134,0.10444874,0.0018651562,0,0,0,0,0
26935,-1,0,0.6130069,0.6486264,1,1,unassigned,7.0,7.0,0.0,1.0,0.0,0.0,0.00967118,0.0,0,0,0,1,0
26936,-1,1,-0.36012635,0.41092896,0,1,unassigned,34.0,34.0,0.0,1.0,0.0,0.0,0.061895553,0.0,1,0,0,0,0
26937,-1,0,-0.7531424,0.32013696,0,1,unassigned,57.0,57.0,0.0,1.0,0.0,0.0,0.10638298,0.0,0,0,0,0,0
26938,-1,0,-0.62957,0.34760803,0,1,unassigned,32.0,32.0,0.0,1.0,0.0,0.0,0.058027077,0.0,0,0,0,0,0
26939,-1,0,1.2973728,0.7853925,1,1,unassigned,15.0,15.0,0.0,1.0,0.0,0.0,0.025145067,0.0,0,0,0,1,0
26940,-1,0,-0.5932401,0.35589176,0,1,unassigned,103.0,100.0,3.0,0.9708738,0.029126214,0.029126227,0.19535783,0.005690034,0,0,0,0,0
26941,-1,0,-0.2679752,0.4334042,0,1,unassigned,84.0,84.0,0.0,1.0,0.0,0.0,0.15860735,0.0,0,0,0,0,0
26942,0,0,-0.77366126,0.31568766,0,0,unassigned,29.0,29.0,0.0,1.0,0.0,0.0,0.05222437,0.0,0,0,1,0,0
26943,-1,0,-0.69203544,0.33358043,0,1,unassigned,72.0,69.0,3.0,0.9583333,0.041666668,0.041666687,0.13539653,0.005641522,0,0,0,0,0
26944,-1,1,4.099402,0.9836879,1,1,unassigned,29.0,26.0,3.0,0.8965517,0.10344828,0.10344827,0.05222437,0.005402521,1,0,0,1,1
26945,-1,1,-0.8778956,0.29361406,0,1,unassigned,32.0,31.0,1.0,0.96875,0.03125,0.03125,0.058027077,0.0018133462,1,0,0,0,0
26946,-1,0,0.9891966,0.7289292,1,1,unassigned,5.0,4.0,1.0,0.8,0.2,0.19999999,0.0058027077,0.0011605415,0,0,0,1,0
26947,-1,0,2.8280833,0.9441747,1,1,unassigned,19.0,19.0,0.0,1.0,0.0,0.0,0.032882012,0.0,0,0,0,1,1
26948,-1,1,-0.82733786,0.30420828,0,1,unassigned,34.0,33.0,1.0,0.9705882,0.029411765,0.029411793,0.061895553,0.0018204574,1,0,0,0,0
26949,-1,0,0.04613489,0.51153165,1,1,unassigned,17.0,17.0,0.0,1.0,0.0,0.0,0.029013539,0.0,0,0,0,1,0
26950,1,1,11.072371,0.9999845,1,0,unassigned,2.0,2.0,0.0,1.0,0.0,0.0,0.0,0.0,1,0,1,1,1
26951,-1,0,0.8842657,0.70770544,1,1,unassigned,2.0,2.0,0.0,1.0,0.0,0.0,0.0,0.0,0,0,0,1,0
26952,-1,1,-0.4649113,0.38582134,0,1,unassigned,144.0,123.0,21.0,0.8541667,0.14583333,0.14583331,0.2746615,0.0400548,1,0,0,0,0
26953,1,1,-0.9143585,0.28610876,0,1,val,50.0,50.0,0.0,1.0,0.0,0.0,0.092843324,0.0,1,0,0,0,0
26954,-1,0,0.03717047,0.5092915,1,1,unassigned,7.0,7.0,0.0,1.0,0.0,0.0,0.00967118,0.0,0,0,0,1,0
26955,-1,0,-2.2138913,0.098509975,0,1,unassigned,2.0,2.0,0.0,1.0,0.0,0.0,0.0,0.0,0,0,0,0,1
26956,-1,0,2.070798,0.8880323,1,1,unassigned,6.0,5.0,1.0,0.8333333,0.16666667,0.16666669,0.007736944,0.0012894907,0,0,0,1,0
26957,-1,0,0.046206653,0.5115496,1,1,unassigned,20.0,20.0,0.0,1.0,0.0,0.0,0.034816246,0.0,0,0,0,1,0
26958,-1,0,0.6579004,0.65878856,1,1,unassigned,2.0,2.0,0.0,1.0,0.0,0.0,0.0,0.0,0,0,0,1,0
26959,-1,1,3.0950391,0.9566877,1,1,unassigned,13.0,12.0,1.0,0.9230769,0.07692308,0.07692307,0.021276595,0.0016366612,1,0,0,1,1
26960,-1,0,-0.3849946,0.4049228,0,1,unassigned,51.0,51.0,0.0,1.0,0.0,0.0,0.09477756,0.0,0,0,0,0,0
26961,-1,0,0.17615396,0.543925,1,1,unassigned,3.0,3.0,0.0,1.0,0.0,0.0,0.001934236,0.0,0,0,0,1,0
26962,-1,0,4.1380553,0.9842966,1,1,unassigned,11.0,11.0,0.0,1.0,0.0,0.0,0.017408123,0.0,0,0,0,1,1
26963,-1,0,2.2214873,0.90216255,1,1,unassigned,8.0,8.0,0.0,1.0,0.0,0.0,0.0116054155,0.0,0,0,0,1,1
26964,-1,0,1.2133002,0.77088237,1,1,unassigned,2.0,1.0,1.0,0.5,0.5,0.5,0.0,0.0,0,0,0,1,0
26965,-1,0,-0.3849373,0.4049366,0,1,unassigned,7.0,4.0,3.0,0.5714286,0.42857143,0.4285714,0.00967118,0.0041447915,0,0,0,0,0
26966,0,0,0.14107245,0.5352098,1,1,val,3.0,3.0,0.0,1.0,0.0,0.0,0.001934236,0.0,0,0,0,1,0
26967,-1,0,0.87490875,0.7057661,1,1,unassigned,5.0,5.0,0.0,1.0,0.0,0.0,0.0058027077,0.0,0,0,0,1,0
26968,-1,0,-0.30868402,0.42343602,0,1,unassigned,7.0,7.0,0.0,1.0,0.0,0.0,0.00967118,0.0,0,0,0,0,0
26969,-1,0,1.1161859,0.7532806,1,1,unassigned,12.0,9.0,3.0,0.75,0.25,0.25,0.01934236,0.00483559,0,0,0,1,0
26970,-1,0,-0.7121415,0.32912582,0,1,unassigned,80.0,80.0,0.0,1.0,0.0,0.0,0.15087041,0.0,0,0,0,0,0
26971,-1,0,-0.5530853,0.3651489,0,1,unassigned,33.0,32.0,1.0,0.969697,0.030303031,0.030303001,0.059961315,0.0018170096,0,0,0,0,0
26972,-1,0,-0.8192761,0.30591735,0,1,unassigned,53.0,53.0,0.0,1.0,0.0,0.0,0.09864604,0.0,0,0,0,0,0
26973,-1,0,-0.44221473,0.39121336,0,1,unassigned,21.0,21.0,0.0,1.0,0.0,0.0,0.036750484,0.0,0,0,0,0,0
26974,-1,0,2.7782624,0.94148976,1,1,unassigned,2.0,2.0,0.0,1.0,0.0,0.0,0.0,0.0,0,0,0,1,1
26975,0,0,1.4675136,0.81267923,1,1,unassigned,2.0,2.0,0.0,1.0,0.0,0.0,0.0,0.0,0,0,0,1,0
26976,-1,0,0.8856719,0.7079962,1,1,unassigned,2.0,2.0,0.0,1.0,0.0,0.0,0.0,0.0,0,0,0,1,0
26977,-1,1,3.414622,0.96815836,1,1,unassigned,10.0,10.0,0.0,1.0,0.0,0.0,0.015473888,0.0,1,0,0,1,1
26978,1,0,1.2165086,0.77144855,1,0,val,20.0,20.0,0.0,1.0,0.0,0.0,0.034816246,0.0,0,0,1,1,0
26979,-1,0,0.40736318,0.60045546,1,1,unassigned,70.0,68.0,2.0,0.9714286,0.028571429,0.028571427,0.13152805,0.0037579443,0,0,0,1,0
26980,-1,0,0.6781712,0.66333044,1,1,unassigned,13.0,13.0,0.0,1.0,0.0,0.0,0.021276595,0.0,0,0,0,1,0
26981,1,0,3.4975264,0.97061735,1,0,val,5.0,4.0,1.0,0.8,0.2,0.19999999,0.0058027077,0.0011605415,0,0,1,1,1
26982,-1,1,1.9145987,0.8715349,1,1,unassigned,12.0,10.0,2.0,0.8333333,0.16666667,0.16666669,0.01934236,0.0032237265,1,0,0,1,0
26983,-1,0,-0.5001611,0.37750283,0,1,unassigned,4.0,4.0,0.0,1.0,0.0,0.0,0.003868472,0.0,0,0,0,0,0
26984,-1,0,6.3234878,0.9982096,1,1,unassigned,8.0,8.0,0.0,1.0,0.0,0.0,0.0116054155,0.0,0,0,0,1,1
26985,-1,0,-0.3707938,0.40834925,0,1,unassigned,8.0,8.0,0.0,1.0,0.0,0.0,0.0116054155,0.0,0,0,0,0,0
26986,-1,0,-0.5542543,0.36487794,0,1,unassigned,15.0,15.0,0.0,1.0,0.0,0.0,0.025145067,0.0,0,0,0,0,0
26987,-1,0,-0.8957759,0.28991932,0,1,unassigned,43.0,43.0,0.0,1.0,0.0,0.0,0.079303674,0.0,0,0,0,0,0
26988,1,1,0.6826711,0.6643346,1,0,val,12.0,12.0,0.0,1.0,0.0,0.0,0.01934236,0.0,1,0,1,1,0
26989,-1,0,-0.99579,0.26976997,0,1,unassigned,49.0,46.0,3.0,0.93877554,0.06122449,0.06122446,0.09090909,0.005565863,0,0,0,0,0
26990,-1,0,-0.13218763,0.46700114,0,1,unassigned,3.0,3.0,0.0,1.0,0.0,0.0,0.001934236,0.0,0,0,0,0,0
26991,-1,0,-0.18836191,0.45304826,0,1,unassigned,10.0,10.0,0.0,1.0,0.0,0.0,0.015473888,0.0,0,0,0,0,0
26992,-1,0,-0.56095076,0.36332747,0,1,unassigned,16.0,16.0,0.0,1.0,0.0,0.0,0.027079303,0.0,0,0,0,0,0
26993,0,0,-0.63059163,0.3473764,0,0,unassigned,18.0,18.0,0.0,1.0,0.0,0.0,0.030947777,0.0,0,0,1,0,0
26994,-1,0,-0.27041298,0.43280575,0,1,unassigned,5.0,5.0,0.0,1.0,0.0,0.0,0.0058027077,0.0,0,0,0,0,0
26995,-1,0,0.42795926,0.6053862,1,1,unassigned,2.0,2.0,0.0,1.0,0.0,0.0,0.0,0.0,0,0,0,1,0
26996,-1,1,4.8335643,0.99210477,1,1,unassigned,8.0,6.0,2.0,0.75,0.25,0.25,0.0116054155,0.0029013539,1,0,0,1,1
26997,-1,0,4.888986,0.99252725,1,1,unassigned,4.0,4.0,0.0,1.0,0.0,0.0,0.003868472,0.0,0,0,0,1,1
26998,-1,0,1.192385,0.7671673,1,1,unassigned,10.0,10.0,0.0,1.0,0.0,0.0,0.015473888,0.0,0,0,0,1,0
26999,-1,1,3.6799748,0.975397,1,1,unassigned,3.0,3.0,0.0,1.0,0.0,0.0,0.001934236,0.0,1,0,0,1,1
27000,-1,1,0.14811718,0.53696173,1,1,unassigned,19.0,17.0,2.0,0.8947368,0.10526316,0.10526317,0.032882012,0.0034612645,1,0,0,1,0
27001,-1,1,10.229301,0.9999639,1,1,unassigned,2.0,2.0,0.0,1.0,0.0,0.0,0.0,0.0,1,0,0,1,1
27002,-1,1,8.199099,0.99972516,1,1,unassigned,2.0,2.0,0.0,1.0,0.0,0.0,0.0,0.0,1,0,0,1,1
27003,-1,0,4.790584,0.99176085,1,1,unassigned,2.0,2.0,0.0,1.0,0.0,0.0,0.0,0.0,0,0,0,1,1
27004,-1,0,-0.9671522,0.2754485,0,1,unassigned,3.0,3.0,0.0,1.0,0.0,0.0,0.001934236,0.0,0,0,0,0,0
27005,-1,0,4.252059,0.9859649,1,1,unassigned,2.0,2.0,0.0,1.0,0.0,0.0,0.0,0.0,0,0,0,1,1
27006,-1,0,-0.1262483,0.46847975,0,1,unassigned,20.0,20.0,0.0,1.0,0.0,0.0,0.034816246,0.0,0,0,0,0,0
27007,0,0,-0.08212161,0.4794811,0,0,test,4.0,4.0,0.0,1.0,0.0,0.0,0.003868472,0.0,0,0,1,0,0
27008,1,0,7.378869,0.9993761,1,0,val,8.0,7.0,1.0,0.875,0.125,0.125,0.0116054155,0.0014506769,0,0,1,1,1
27009,-1,1,4.7135444,0.9911069,1,1,unassigned,13.0,8.0,5.0,0.61538464,0.3846154,0.38461536,0.021276595,0.008183306,1,0,0,1,1
27010,-1,0,1.2348447,0.77466536,1,1,unassigned,5.0,5.0,0.0,1.0,0.0,0.0,0.0058027077,0.0,0,0,0,1,0
27011,0,0,-0.021645486,0.49458882,0,0,unassigned,4.0,4.0,0.0,1.0,0.0,0.0,0.003868472,0.0,0,0,1,0,0
27012,-1,0,0.12834102,0.53204125,1,1,unassigned,62.0,58.0,4.0,0.9354839,0.06451613,0.06451613,0.116054155,0.0074873646,0,0,0,1,0
27013,-1,0,-0.2340697,0.44174826,0,1,unassigned,28.0,28.0,0.0,1.0,0.0,0.0,0.050290134,0.0,0,0,0,0,0
27014,0,0,-0.8340525,0.30278888,0,0,unassigned,21.0,21.0,0.0,1.0,0.0,0.0,0.036750484,0.0,0,0,1,0,0
27015,-1,1,-0.69820434,0.33221048,0,1,unassigned,162.0,153.0,9.0,0.9444444,0.055555556,0.055555582,0.30947775,0.017193208,1,0,0,0,0
27016,-1,0,-0.8640983,0.29648378,0,1,unassigned,16.0,15.0,1.0,0.9375,0.0625,0.0625,0.027079303,0.0016924564,0,0,0,0,0
27017,-1,0,0.5976847,0.6451264,1,1,unassigned,7.0,7.0,0.0,1.0,0.0,0.0,0.00967118,0.0,0,0,0,1,0
27018,1,1,0.100635886,0.5251377,1,0,train,30.0,28.0,2.0,0.93333334,0.06666667,0.06666666,0.054158606,0.003610574,1,0,1,1,0
27019,-1,0,3.6436474,0.97450995,1,1,unassigned,11.0,10.0,1.0,0.90909094,0.09090909,0.090909064,0.017408123,0.0015825568,0,0,0,1,1
27020,-1,1,4.229824,0.9856538,1,1,unassigned,2.0,1.0,1.0,0.5,0.5,0.5,0.0,0.0,1,0,0,1,1
27021,-1,0,-0.6753095,0.33730897,0,1,unassigned,6.0,6.0,0.0,1.0,0.0,0.0,0.007736944,0.0,0,0,0,0,0
27022,-1,0,-0.79042995,0.3120764,0,1,unassigned,3.0,3.0,0.0,1.0,0.0,0.0,0.001934236,0.0,0,0,0,0,0
27023,0,0,-0.823912,0.30493388,0,0,test,2.0,2.0,0.0,1.0,0.0,0.0,0.0,0.0,0,0,1,0,0
27024,-1,1,-0.7778053,0.31479305,0,1,unassigned,222.0,212.0,10.0,0.954955,0.045045044,0.04504502,0.42553192,0.019168105,1,0,0,0,0
27025,0,0,-0.44190302,0.3912876,0,0,val,23.0,23.0,0.0,1.0,0.0,0.0,0.040618956,0.0,0,0,1,0,0
27026,-1,0,-0.9107677,0.28684276,0,1,unassigned,85.0,84.0,1.0,0.9882353,0.011764706,0.011764705,0.16054158,0.0018887245,0,0,0,0,0
27027,-1,0,-0.32638848,0.41911963,0,1,unassigned,14.0,14.0,0.0,1.0,0.0,0.0,0.023210831,0.0,0,0,0,0,0
27028,0,0,-0.22395289,0.44424462,0,0,unassigned,9.0,9.0,0.0,1.0,0.0,0.0,0.013539651,0.0,0,0,1,0,0
27029,-1,0,0.2287609,0.5569421,1,1,unassigned,18.0,18.0,0.0,1.0,0.0,0.0,0.030947777,0.0,0,0,0,1,0
27030,-1,0,-0.3780815,0.4065897,0,1,unassigned,45.0,45.0,0.0,1.0,0.0,0.0,0.08317215,0.0,0,0,0,0,0
27031,-1,0,-0.5230495,0.37213945,0,1,unassigned,20.0,20.0,0.0,1.0,0.0,0.0,0.034816246,0.0,0,0,0,0,0
27032,-1,0,0.20255673,0.5504668,1,1,unassigned,33.0,33.0,0.0,1.0,0.0,0.0,0.059961315,0.0,0,0,0,1,0
27033,-1,0,-0.7559645,0.31952304,0,1,unassigned,53.0,53.0,0.0,1.0,0.0,0.0,0.09864604,0.0,0,0,0,0,0
27034,0,0,-0.31584775,0.42168802,0,0,unassigned,29.0,28.0,1.0,0.9655172,0.03448276,0.034482777,0.05222437,0.0018008404,0,0,1,0,0
27035,-1,1,-0.9133967,0.28630528,0,1,unassigned,36.0,36.0,0.0,1.0,0.0,0.0,0.065764025,0.0,1,0,0,0,0
27036,0,0,-0.41585162,0.39750984,0,0,unassigned,12.0,12.0,0.0,1.0,0.0,0.0,0.01934236,0.0,0,0,1,0,0
27037,0,1,-0.01751399,0.49562162,0,0,unassigned,56.0,55.0,1.0,0.98214287,0.017857144,0.017857134,0.10444874,0.0018651562,1,0,1,0,0
27038,0,1,-0.27069435,0.4327366,0,0,unassigned,93.0,91.0,2.0,0.97849464,0.021505376,0.021505356,0.17601547,0.0037852789,1,0,1,0,0
27039,-1,1,-0.43201822,0.39364448,0,1,unassigned,108.0,108.0,0.0,1.0,0.0,0.0,0.20502901,0.0,1,0,0,0,0
27040,1,1,0.85444576,0.7014989,1,0,unassigned,74.0,73.0,1.0,0.9864865,0.013513514,0.013513505,0.13926499,0.0018819593,1,0,1,1,0
27041,0,1,-0.62509555,0.34862345,0,0,unassigned,81.0,79.0,2.0,0.97530866,0.024691358,0.024691343,0.15280464,0.0037729542,1,0,1,0,0
27042,-1,0,2.3472853,0.91271824,1,1,unassigned,3.0,3.0,0.0,1.0,0.0,0.0,0.001934236,0.0,0,0,0,1,1
27043,-1,1,1.2237635,0.77272516,1,1,unassigned,3.0,3.0,0.0,1.0,0.0,0.0,0.001934236,0.0,1,0,0,1,0
27044,-1,0,0.75767046,0.68084776,1,1,unassigned,64.0,64.0,0.0,1.0,0.0,0.0,0.11992263,0.0,0,0,0,1,0
27045,0,1,0.95698434,0.7225176,1,1,unassigned,21.0,14.0,7.0,0.6666667,0.33333334,0.3333333,0.036750484,0.012250162,1,0,0,1,0
27046,-1,0,0.70561916,0.6694324,1,1,unassigned,4.0,3.0,1.0,0.75,0.25,0.25,0.003868472,0.000967118,0,0,0,1,0
27047,-1,0,-0.34271556,0.41514996,0,1,unassigned,10.0,10.0,0.0,1.0,0.0,0.0,0.015473888,0.0,0,0,0,0,0
27048,-1,0,0.5694764,0.6386423,1,1,unassigned,27.0,27.0,0.0,1.0,0.0,0.0,0.0483559,0.0,0,0,0,1,0
27049,-1,1,0.07844645,0.5196015,1,1,unassigned,2.0,1.0,1.0,0.5,0.5,0.5,0.0,0.0,1,0,0,1,0
27050,-1,0,-0.675964,0.3371627,0,1,unassigned,16.0,16.0,0.0,1.0,0.0,0.0,0.027079303,0.0,0,0,0,0,0
27051,-1,0,4.7463555,0.9913914,1,1,unassigned,23.0,19.0,4.0,0.82608694,0.17391305,0.17391306,0.040618956,0.0070641665,0,0,0,1,1
27052,-1,1,1.2640882,0.779729,1,1,unassigned,11.0,9.0,2.0,0.8181818,0.18181819,0.18181819,0.017408123,0.0031651135,1,0,0,1,0
27053,-1,1,0.14366716,0.5358551,1,1,unassigned,2.0,2.0,0.0,1.0,0.0,0.0,0.0,0.0,1,0,0,1,0
27054,-1,1,-0.12961453,0.46764162,0,1,unassigned,49.0,45.0,4.0,0.9183673,0.08163265,0.081632674,0.09090909,0.0074211503,1,0,0,0,0
27055,-1,0,10.296547,0.99996626,1,1,unassigned,7.0,3.0,4.0,0.42857143,0.5714286,0.57142854,0.00967118,0.0055263885,0,0,0,1,1
27056,-1,1,-0.6251176,0.34861842,0,1,unassigned,3.0,3.0,0.0,1.0,0.0,0.0,0.001934236,0.0,1,0,0,0,0
27057,-1,0,0.15945035,0.53977835,1,1,unassigned,2.0,2.0,0.0,1.0,0.0,0.0,0.0,0.0,0,0,0,1,0
27058,1,0,4.6214337,0.99025714,1,0,test,5.0,5.0,0.0,1.0,0.0,0.0,0.0058027077,0.0,0,0,1,1,1
27059,-1,0,5.40873,0.9955426,1,1,unassigned,24.0,24.0,0.0,1.0,0.0,0.0,0.04255319,0.0,0,0,0,1,1
27060,-1,1,-0.834215,0.30275458,0,1,unassigned,88.0,83.0,5.0,0.9431818,0.056818184,0.056818187,0.1663443,0.009451381,1,0,0,0,0
27061,-1,0,2.2571719,0.9052674,1,1,unassigned,2.0,2.0,0.0,1.0,0.0,0.0,0.0,0.0,0,0,0,1,1
27062,-1,0,5.708387,0.9966929,1,1,unassigned,24.0,16.0,8.0,0.6666667,0.33333334,0.3333333,0.04255319,0.014184397,0,0,0,1,1
27063,-1,0,4.9982686,0.9932956,1,1,unassigned,13.0,13.0,0.0,1.0,0.0,0.0,0.021276595,0.0,0,0,0,1,1
27064,-1,0,2.9123871,0.9484554,1,1,unassigned,19.0,19.0,0.0,1.0,0.0,0.0,0.032882012,0.0,0,0,0,1,1
27065,-1,0,5.4781375,0.9958403,1,1,unassigned,7.0,6.0,1.0,0.85714287,0.14285715,0.14285713,0.00967118,0.0013815971,0,0,0,1,1
27066,-1,0,0.51739866,0.6265393,1,1,unassigned,41.0,40.0,1.0,0.9756098,0.024390243,0.02439022,0.07543521,0.001839883,0,0,0,1,0
27067,-1,0,30.25279,1.0,1,1,unassigned,90.0,89.0,1.0,0.98888886,0.011111111,0.01111114,0.17021276,0.0018912529,0,0,0,1,1
27068,-1,0,5.068272,0.99374604,1,1,unassigned,23.0,21.0,2.0,0.9130435,0.08695652,0.0869565,0.040618956,0.0035320832,0,0,0,1,1
27069,0,0,-0.9195481,0.28504997,0,0,test,19.0,19.0,0.0,1.0,0.0,0.0,0.032882012,0.0,0,0,1,0,0
27070,-1,0,5.5527515,0.99613816,1,1,unassigned,5.0,5.0,0.0,1.0,0.0,0.0,0.0058027077,0.0,0,0,0,1,1
27071,1,1,-0.33943447,0.41594684,0,1,val,19.0,18.0,1.0,0.94736844,0.05263158,0.052631557,0.032882012,0.0017306323,1,0,0,0,0
27072,-1,1,0.56776255,0.6382467,1,1,unassigned,3.0,3.0,0.0,1.0,0.0,0.0,0.001934236,0.0,1,0,0,1,0
27073,1,1,5.518741,0.9960051,1,0,val,2.0,2.0,0.0,1.0,0.0,0.0,0.0,0.0,1,0,1,1,1
27074,-1,0,-0.7555953,0.31960332,0,1,unassigned,23.0,22.0,1.0,0.95652175,0.04347826,0.04347825,0.040618956,0.0017660416,0,0,0,0,0
27075,-1,0,2.9877565,0.95201796,1,1,unassigned,5.0,5.0,0.0,1.0,0.0,0.0,0.0058027077,0.0,0,0,0,1,1
27076,-1,0,-0.9548776,0.27790496,0,1,unassigned,40.0,40.0,0.0,1.0,0.0,0.0,0.07350097,0.0,0,0,0,0,0
27077,-1,1,2.8711574,0.9464021,1,1,unassigned,3.0,3.0,0.0,1.0,0.0,0.0,0.001934236,0.0,1,0,0,1,1
27078,-1,0,5.6455274,0.9964792,1,1,unassigned,23.0,21.0,2.0,0.9130435,0.08695652,0.0869565,0.040618956,0.0035320832,0,0,0,1,1
27079,-1,0,1.3804371,0.7990612,1,1,unassigned,5.0,5.0,0.0,1.0,0.0,0.0,0.0058027077,0.0,0,0,0,1,0
27080,-1,1,2.3732212,0.9147624,1,1,unassigned,9.0,8.0,1.0,0.8888889,0.11111111,0.111111104,0.013539651,0.0015044058,1,0,0,1,1
27081,-1,0,0.8842657,0.70770544,1,1,unassigned,2.0,2.0,0.0,1.0,0.0,0.0,0.0,0.0,0,0,0,1,0
27082,-1,1,2.7372725,0.9391905,1,1,unassigned,12.0,11.0,1.0,0.9166667,0.083333336,0.08333331,0.01934236,0.0016118633,1,0,0,1,1
27083,-1,0,2.7561529,0.94025993,1,1,unassigned,5.0,5.0,0.0,1.0,0.0,0.0,0.0058027077,0.0,0,0,0,1,1
27084,-1,1,4.518593,0.9892133,1,1,unassigned,5.0,4.0,1.0,0.8,0.2,0.19999999,0.0058027077,0.0011605415,1,0,0,1,1
27085,-1,1,-0.7803951,0.31423476,0,1,unassigned,188.0,187.0,1.0,0.9946808,0.005319149,0.005319178,0.35976788,0.0019136589,1,0,0,0,0
27086,-1,0,0.4377424,0.607721,1,1,unassigned,3.0,3.0,0.0,1.0,0.0,0.0,0.001934236,0.0,0,0,0,1,0
27087,-1,1,-0.8016528,0.3096721,0,1,unassigned,108.0,108.0,0.0,1.0,0.0,0.0,0.20502901,0.0,1,0,0,0,0
27088,-1,0,10.328339,0.99996734,1,1,unassigned,6.0,6.0,0.0,1.0,0.0,0.0,0.007736944,0.0,0,0,0,1,1
27089,-1,0,-0.45331717,0.3885724,0,1,unassigned,4.0,4.0,0.0,1.0,0.0,0.0,0.003868472,0.0,0,0,0,0,0
27090,0,0,-1.4725306,0.18655828,0,0,test,2.0,1.0,1.0,0.5,0.5,0.5,0.0,0.0,0,0,1,0,0
27091,-1,1,4.7618012,0.9915223,1,1,unassigned,2.0,2.0,0.0,1.0,0.0,0.0,0.0,0.0,1,0,0,1,1
27092,-1,0,0.64513,0.6559122,1,1,unassigned,2.0,2.0,0.0,1.0,0.0,0.0,0.0,0.0,0,0,0,1,0
27093,-1,0,-0.7026759,0.3312192,0,1,unassigned,18.0,17.0,1.0,0.9444444,0.055555556,0.055555582,0.030947777,0.0017193209,0,0,0,0,0
27094,-1,1,2.5600784,0.9282477,1,1,unassigned,75.0,64.0,11.0,0.85333335,0.14666666,0.14666665,0.14119923,0.02070922,1,0,0,1,1
27095,-1,0,-0.77830106,0.31468618,0,1,unassigned,3.0,3.0,0.0,1.0,0.0,0.0,0.001934236,0.0,0,0,0,0,0
27096,-1,0,1.3974547,0.8017797,1,1,unassigned,5.0,5.0,0.0,1.0,0.0,0.0,0.0058027077,0.0,0,0,0,1,0
27097,-1,0,0.0418157,0.5104524,1,1,unassigned,45.0,44.0,1.0,0.9777778,0.022222223,0.02222222,0.08317215,0.0018482701,0,0,0,1,0
27098,-1,0,0.26364678,0.5655325,1,1,unassigned,9.0,9.0,0.0,1.0,0.0,0.0,0.013539651,0.0,0,0,0,1,0
27099,-1,0,4.6937585,0.99093086,1,1,unassigned,2.0,2.0,0.0,1.0,0.0,0.0,0.0,0.0,0,0,0,1,1
27100,-1,1,-0.7146498,0.3285722,0,1,unassigned,135.0,133.0,2.0,0.9851852,0.014814815,0.014814794,0.25725338,0.003811161,1,0,0,0,0
27101,-1,1,-0.72365916,0.3265877,0,1,unassigned,22.0,22.0,0.0,1.0,0.0,0.0,0.03868472,0.0,1,0,0,0,0
27102,-1,0,2.3008265,0.9089455,1,1,unassigned,14.0,14.0,0.0,1.0,0.0,0.0,0.023210831,0.0,0,0,0,1,1
27103,-1,1,-0.7295642,0.32529035,0,1,unassigned,31.0,31.0,0.0,1.0,0.0,0.0,0.056092843,0.0,1,0,0,0,0
27104,-1,0,2.2603626,0.90554065,1,1,unassigned,11.0,11.0,0.0,1.0,0.0,0.0,0.017408123,0.0,0,0,0,1,1
27105,-1,0,2.2370675,0.90352917,1,1,unassigned,5.0,5.0,0.0,1.0,0.0,0.0,0.0058027077,0.0,0,0,0,1,1
27106,-1,0,1.0530005,0.74135065,1,1,unassigned,5.0,5.0,0.0,1.0,0.0,0.0,0.0058027077,0.0,0,0,0,1,0
27107,-1,0,0.6235767,0.65103155,1,1,unassigned,5.0,5.0,0.0,1.0,0.0,0.0,0.0058027077,0.0,0,0,0,1,0
27108,-1,0,4.5260553,0.9892926,1,1,unassigned,10.0,10.0,0.0,1.0,0.0,0.0,0.015473888,0.0,0,0,0,1,1
27109,1,0,1.8057344,0.85884553,1,0,test,39.0,39.0,0.0,1.0,0.0,0.0,0.07156673,0.0,0,0,1,1,0
27110,1,0,6.4717894,0.9984559,1,0,unassigned,42.0,39.0,3.0,0.9285714,0.071428575,0.0714286,0.07736944,0.0055263885,0,0,1,1,1
27111,-1,0,0.01406616,0.5035165,1,1,unassigned,41.0,41.0,0.0,1.0,0.0,0.0,0.07543521,0.0,0,0,0,1,0
27112,-1,0,2.873275,0.9465094,1,1,unassigned,2.0,2.0,0.0,1.0,0.0,0.0,0.0,0.0,0,0,0,1,1
27113,-1,0,2.5071604,0.92464226,1,1,unassigned,21.0,20.0,1.0,0.95238096,0.04761905,0.047619045,0.036750484,0.0017500231,0,0,0,1,1
27114,0,0,-0.9047723,0.28807077,0,0,test,21.0,20.0,1.0,0.95238096,0.04761905,0.047619045,0.036750484,0.0017500231,0,0,1,0,0
27115,-1,0,-0.24092224,0.4400591,0,1,unassigned,45.0,45.0,0.0,1.0,0.0,0.0,0.08317215,0.0,0,0,0,0,0
27116,0,1,0.27687472,0.5687798,1,1,test,11.0,10.0,1.0,0.90909094,0.09090909,0.090909064,0.017408123,0.0015825568,1,0,0,1,0
27117,-1,0,6.394156,0.9983315,1,1,unassigned,4.0,4.0,0.0,1.0,0.0,0.0,0.003868472,0.0,0,0,0,1,1
27118,-1,0,4.6938424,0.9909315,1,1,unassigned,11.0,9.0,2.0,0.8181818,0.18181819,0.18181819,0.017408123,0.0031651135,0,0,0,1,1
27119,-1,0,-0.7654222,0.3174702,0,1,unassigned,2.0,1.0,1.0,0.5,0.5,0.5,0.0,0.0,0,0,0,0,0
27120,1,0,3.1643274,0.95946956,1,0,unassigned,4.0,4.0,0.0,1.0,0.0,0.0,0.003868472,0.0,0,0,1,1,1
27121,-1,0,0.21584636,0.5537531,1,1,unassigned,2.0,2.0,0.0,1.0,0.0,0.0,0.0,0.0,0,0,0,1,0
27122,1,0,6.040972,0.99762636,1,0,unassigned,6.0,5.0,1.0,0.8333333,0.16666667,0.16666669,0.007736944,0.0012894907,0,0,1,1,1
27123,-1,1,2.2832773,0.90748256,1,1,unassigned,5.0,5.0,0.0,1.0,0.0,0.0,0.0058027077,0.0,1,0,0,1,1
27124,-1,0,-0.737579,0.32353377,0,1,unassigned,54.0,52.0,2.0,0.962963,0.037037037,0.037037015,0.10058027,0.003725195,0,0,0,0,0
27125,-1,0,-0.64327896,0.34450573,0,1,unassigned,24.0,24.0,0.0,1.0,0.0,0.0,0.04255319,0.0,0,0,0,0,0
27126,-1,0,-0.91266334,0.28645515,0,1,unassigned,26.0,26.0,0.0,1.0,0.0,0.0,0.046421662,0.0,0,0,0,0,0
27127,-1,0,-0.6701826,0.33845598,0,1,unassigned,63.0,61.0,2.0,0.96825397,0.031746034,0.03174603,0.11798839,0.0037456634,0,0,0,0,0
27128,-1,0,2.3709671,0.9145865,1,1,unassigned,27.0,26.0,1.0,0.962963,0.037037037,0.037037015,0.0483559,0.0017909593,0,0,0,1,1
27129,-1,0,-0.53628546,0.36905214,0,1,unassigned,13.0,13.0,0.0,1.0,0.0,0.0,0.021276595,0.0,0,0,0,0,0
27130,-1,0,2.156765,0.89629924,1,1,unassigned,9.0,9.0,0.0,1.0,0.0,0.0,0.013539651,0.0,0,0,0,1,0
27131,-1,0,3.9430945,0.9809807,1,1,unassigned,2.0,1.0,1.0,0.5,0.5,0.5,0.0,0.0,0,0,0,1,1
27132,-1,0,3.333946,0.96557516,1,1,unassigned,6.0,3.0,3.0,0.5,0.5,0.5,0.007736944,0.003868472,0,0,0,1,1
27133,-1,0,5.735535,0.99678123,1,1,unassigned,2.0,2.0,0.0,1.0,0.0,0.0,0.0,0.0,0,0,0,1,1
27134,-1,0,4.1582646,0.984606,1,1,unassigned,10.0,10.0,0.0,1.0,0.0,0.0,0.015473888,0.0,0,0,0,1,1
27135,-1,1,5.192324,0.99447167,1,1,unassigned,14.0,14.0,0.0,1.0,0.0,0.0,0.023210831,0.0,1,0,0,1,1
27136,1,0,-0.36966473,0.40862203,0,1,test,14.0,14.0,0.0,1.0,0.0,0.0,0.023210831,0.0,0,0,0,0,0
27137,-1,0,-0.16479939,0.45889315,0,1,unassigned,9.0,9.0,0.0,1.0,0.0,0.0,0.013539651,0.0,0,0,0,0,0
27138,0,0,0.3164317,0.5784544,1,1,test,11.0,11.0,0.0,1.0,0.0,0.0,0.017408123,0.0,0,0,0,1,0
27139,0,0,-0.720776,0.3272221,0,0,unassigned,14.0,14.0,0.0,1.0,0.0,0.0,0.023210831,0.0,0,0,1,0,0
27140,1,0,6.0773416,0.99771094,1,0,test,144.0,139.0,5.0,0.9652778,0.034722224,0.03472221,0.2746615,0.009536859,0,0,1,1,1
27141,-1,1,2.2937155,0.90835524,1,1,unassigned,16.0,13.0,3.0,0.8125,0.1875,0.1875,0.027079303,0.0050773695,1,0,0,1,1
27142,-1,0,-0.0541901,0.4864558,0,1,unassigned,3.0,3.0,0.0,1.0,0.0,0.0,0.001934236,0.0,0,0,0,0,0
27143,-1,1,6.4123683,0.9983615,1,1,unassigned,5.0,5.0,0.0,1.0,0.0,0.0,0.0058027077,0.0,1,0,0,1,1
27144,-1,1,5.469224,0.9958032,1,1,unassigned,3.0,3.0,0.0,1.0,0.0,0.0,0.001934236,0.0,1,0,0,1,1
27145,-1,1,-0.10328543,0.4742016,0,1,unassigned,2.0,2.0,0.0,1.0,0.0,0.0,0.0,0.0,1,0,0,0,0
27146,-1,0,0.75501543,0.68027055,1,1,unassigned,8.0,8.0,0.0,1.0,0.0,0.0,0.0116054155,0.0,0,0,0,1,0
27147,-1,0,1.3578222,0.7954055,1,1,unassigned,3.0,3.0,0.0,1.0,0.0,0.0,0.001934236,0.0,0,0,0,1,0
27148,-1,1,5.6893907,0.9966298,1,1,unassigned,2.0,2.0,0.0,1.0,0.0,0.0,0.0,0.0,1,0,0,1,1
27149,-1,0,0.21636558,0.55388135,1,1,unassigned,7.0,7.0,0.0,1.0,0.0,0.0,0.00967118,0.0,0,0,0,1,0
27150,0,1,0.8022621,0.6904581,1,1,unassigned,25.0,24.0,1.0,0.96,0.04,0.04000002,0.044487428,0.001779497,1,0,0,1,0
27151,-1,0,9.685127,0.9999378,1,1,unassigned,9.0,9.0,0.0,1.0,0.0,0.0,0.013539651,0.0,0,0,0,1,1
27152,-1,0,0.3842085,0.59488773,1,1,unassigned,2.0,1.0,1.0,0.5,0.5,0.5,0.0,0.0,0,0,0,1,0
27153,0,0,-0.8141483,0.30700722,0,0,unassigned,3.0,3.0,0.0,1.0,0.0,0.0,0.001934236,0.0,0,0,1,0,0
27154,-1,0,1.8304074,0.86181027,1,1,unassigned,2.0,2.0,0.0,1.0,0.0,0.0,0.0,0.0,0,0,0,1,0
27155,-1,1,-0.7233577,0.32665402,0,1,unassigned,101.0,100.0,1.0,0.990099,0.00990099,0.009900987,0.19148937,0.0018959343,1,0,0,0,0
27156,-1,1,-0.8750132,0.29421222,0,1,unassigned,84.0,83.0,1.0,0.9880952,0.011904762,0.011904776,0.15860735,0.0018881827,1,0,0,0,0
27157,1,1,-0.78164685,0.31396505,0,1,val,107.0,107.0,0.0,1.0,0.0,0.0,0.20309478,0.0,1,0,0,0,0
27158,-1,1,-0.7953702,0.31101674,0,1,unassigned,181.0,179.0,2.0,0.98895025,0.011049724,0.0110497475,0.34622824,0.0038257267,1,0,0,0,0
27159,-1,1,-0.23690003,0.44105044,0,1,unassigned,2.0,1.0,1.0,0.5,0.5,0.5,0.0,0.0,1,0,0,0,0
27160,-1,0,7.085793,0.99916375,1,1,unassigned,2.0,2.0,0.0,1.0,0.0,0.0,0.0,0.0,0,0,0,1,1
27161,-1,0,0.13038069,0.5325491,1,1,unassigned,18.0,18.0,0.0,1.0,0.0,0.0,0.030947777,0.0,0,0,0,1,0
27162,-1,1,-0.68309057,0.33557186,0,1,unassigned,18.0,17.0,1.0,0.9444444,0.055555556,0.055555582,0.030947777,0.0017193209,1,0,0,0,0
27163,-1,1,14.469566,0.9999995,1,1,unassigned,2.0,2.0,0.0,1.0,0.0,0.0,0.0,0.0,1,0,0,1,1
27164,-1,0,1.1995308,0.7684413,1,1,unassigned,7.0,7.0,0.0,1.0,0.0,0.0,0.00967118,0.0,0,0,0,1,0
27165,-1,1,-0.92876315,0.2831757,0,1,unassigned,18.0,18.0,0.0,1.0,0.0,0.0,0.030947777,0.0,1,0,0,0,0
27166,1,0,1.8789289,0.8674881,1,0,unassigned,9.0,9.0,0.0,1.0,0.0,0.0,0.013539651,0.0,0,0,1,1,0
27167,-1,0,6.4269795,0.9983853,1,1,unassigned,6.0,6.0,0.0,1.0,0.0,0.0,0.007736944,0.0,0,0,0,1,1
27168,0,0,1.7723329,0.8547476,1,1,unassigned,2.0,1.0,1.0,0.5,0.5,0.5,0.0,0.0,0,0,0,1,0
27169,-1,1,2.548551,0.9274761,1,1,unassigned,4.0,3.0,1.0,0.75,0.25,0.25,0.003868472,0.000967118,1,0,0,1,1
27170,0,0,-1.0628419,0.25676674,0,0,test,3.0,3.0,0.0,1.0,0.0,0.0,0.001934236,0.0,0,0,1,0,0
27171,-1,1,0.31499642,0.5781044,1,1,unassigned,30.0,30.0,0.0,1.0,0.0,0.0,0.054158606,0.0,1,0,0,1,0
27172,-1,0,1.7943323,0.8574576,1,1,unassigned,4.0,4.0,0.0,1.0,0.0,0.0,0.003868472,0.0,0,0,0,1,0
27173,-1,0,7.8651576,0.99961627,1,1,unassigned,6.0,6.0,0.0,1.0,0.0,0.0,0.007736944,0.0,0,0,0,1,1
27174,-1,0,-0.22253227,0.4445954,0,1,unassigned,110.0,105.0,5.0,0.95454544,0.045454547,0.04545456,0.20889749,0.00949534,0,0,0,0,0
27175,-1,0,-0.5304561,0.3704105,0,1,unassigned,59.0,59.0,0.0,1.0,0.0,0.0,0.11025145,0.0,0,0,0,0,0
27176,-1,0,1.9343383,0.8737289,1,1,unassigned,21.0,21.0,0.0,1.0,0.0,0.0,0.036750484,0.0,0,0,0,1,0
27177,-1,0,0.13946867,0.5348107,1,1,unassigned,13.0,13.0,0.0,1.0,0.0,0.0,0.021276595,0.0,0,0,0,1,0
27178,-1,0,-0.80520165,0.30891395,0,1,unassigned,71.0,69.0,2.0,0.97183096,0.028169014,0.028169036,0.13346228,0.0037595008,0,0,0,0,0
27179,-1,0,-0.032735765,0.4918168,0,1,unassigned,4.0,4.0,0.0,1.0,0.0,0.0,0.003868472,0.0,0,0,0,0,0
27180,-1,0,-0.86354876,0.29659846,0,1,unassigned,27.0,27.0,0.0,1.0,0.0,0.0,0.0483559,0.0,0,0,0,0,0
27181,-1,0,1.4611785,0.8117129,1,1,unassigned,68.0,66.0,2.0,0.9705882,0.029411765,0.029411793,0.12765957,0.0037546933,0,0,0,1,0
27182,-1,0,-0.9166846,0.28563392,0,1,unassigned,89.0,87.0,2.0,0.9775281,0.02247191,0.022471905,0.16827853,0.00378154,0,0,0,0,0
27183,-1,0,0.006604612,0.50165117,1,1,unassigned,5.0,4.0,1.0,0.8,0.2,0.19999999,0.0058027077,0.0011605415,0,0,0,1,0
27184,-1,0,-0.88742507,0.2916415,0,1,unassigned,60.0,60.0,0.0,1.0,0.0,0.0,0.11218569,0.0,0,0,0,0,0
27185,-1,1,1.02823,0.7365726,1,1,unassigned,38.0,38.0,0.0,1.0,0.0,0.0,0.06963249,0.0,1,0,0,1,0
27186,-1,0,0.5308328,0.62967736,1,1,unassigned,3.0,3.0,0.0,1.0,0.0,0.0,0.001934236,0.0,0,0,0,1,0
27187,-1,0,10.36442,0.9999684,1,1,unassigned,2.0,2.0,0.0,1.0,0.0,0.0,0.0,0.0,0,0,0,1,1
27188,-1,0,1.2070305,0.7697731,1,1,unassigned,12.0,11.0,1.0,0.9166667,0.083333336,0.08333331,0.01934236,0.0016118633,0,0,0,1,0
27189,-1,1,2.4331026,0.91931695,1,1,unassigned,2.0,2.0,0.0,1.0,0.0,0.0,0.0,0.0,1,0,0,1,1
27190,-1,0,1.0229197,0.7355409,1,1,unassigned,30.0,28.0,2.0,0.93333334,0.06666667,0.06666666,0.054158606,0.003610574,0,0,0,1,0
27191,-1,0,0.7831375,0.68635595,1,1,unassigned,8.0,8.0,0.0,1.0,0.0,0.0,0.0116054155,0.0,0,0,0,1,0
27192,0,0,0.13653868,0.5340817,1,1,unassigned,2.0,2.0,0.0,1.0,0.0,0.0,0.0,0.0,0,0,0,1,0
27193,-1,0,-0.3877679,0.40425476,0,1,unassigned,22.0,22.0,0.0,1.0,0.0,0.0,0.03868472,0.0,0,0,0,0,0
27194,-1,1,1.323113,0.7896992,1,1,unassigned,5.0,5.0,0.0,1.0,0.0,0.0,0.0058027077,0.0,1,0,0,1,0
27195,0,1,-0.8927897,0.29053447,0,0,val,90.0,87.0,3.0,0.96666664,0.033333335,0.03333336,0.17021276,0.005673759,1,0,1,0,0
27196,-1,1,-0.8716376,0.29491365,0,1,unassigned,108.0,108.0,0.0,1.0,0.0,0.0,0.20502901,0.0,1,0,0,0,0
27197,-1,0,2.7979467,0.9425648,1,1,unassigned,14.0,14.0,0.0,1.0,0.0,0.0,0.023210831,0.0,0,0,0,1,1
27198,-1,1,-0.663529,0.3399473,0,1,unassigned,47.0,47.0,0.0,1.0,0.0,0.0,0.08704062,0.0,1,0,0,0,0
27199,-1,0,-0.8024418,0.30950344,0,1,unassigned,36.0,35.0,1.0,0.9722222,0.027777778,0.027777791,0.065764025,0.0018267785,0,0,0,0,0
27200,-1,0,2.4514196,0.9206652,1,1,unassigned,18.0,16.0,2.0,0.8888889,0.11111111,0.111111104,0.030947777,0.0034386418,0,0,0,1,1
27201,-1,0,0.40697527,0.6003624,1,1,unassigned,36.0,34.0,2.0,0.9444444,0.055555556,0.055555582,0.065764025,0.003653557,0,0,0,1,0
27202,-1,1,0.114350975,0.52855664,1,1,unassigned,48.0,44.0,4.0,0.9166667,0.083333336,0.08333331,0.088974856,0.0074145715,1,0,0,1,0
27203,-1,0,-0.74314785,0.32231617,0,1,unassigned,16.0,16.0,0.0,1.0,0.0,0.0,0.027079303,0.0,0,0,0,0,0
27204,0,0,-0.8374254,0.3020773,0,0,unassigned,58.0,58.0,0.0,1.0,0.0,0.0,0.10831721,0.0,0,0,1,0,0
27205,-1,0,-0.052128196,0.48697087,0,1,unassigned,10.0,10.0,0.0,1.0,0.0,0.0,0.015473888,0.0,0,0,0,0,0
27206,-1,1,0.17252117,0.54302365,1,1,unassigned,20.0,20.0,0.0,1.0,0.0,0.0,0.034816246,0.0,1,0,0,1,0
27207,1,1,-0.24782354,0.4383593,0,1,test,39.0,34.0,5.0,0.8717949,0.12820514,0.12820512,0.07156673,0.009175222,1,0,0,0,0
27208,-1,0,-0.6923517,0.33351013,0,1,unassigned,3.0,3.0,0.0,1.0,0.0,0.0,0.001934236,0.0,0,0,0,0,0
27209,-1,0,-0.95022726,0.2788391,0,1,unassigned,42.0,42.0,0.0,1.0,0.0,0.0,0.07736944,0.0,0,0,0,0,0
27210,0,0,-0.17331356,0.45677972,0,0,unassigned,20.0,20.0,0.0,1.0,0.0,0.0,0.034816246,0.0,0,0,1,0,0
27211,-1,0,-0.8733871,0.29455,0,1,unassigned,23.0,22.0,1.0,0.95652175,0.04347826,0.04347825,0.040618956,0.0017660416,0,0,0,0,0
27212,0,1,-0.20363557,0.44926625,0,0,val,3.0,2.0,1.0,0.6666667,0.33333334,0.3333333,0.001934236,0.00064474536,1,0,1,0,0
27213,-1,0,0.11157918,0.5278659,1,1,unassigned,3.0,3.0,0.0,1.0,0.0,0.0,0.001934236,0.0,0,0,0,1,0
27214,1,0,-0.46597332,0.38556975,0,1,val,4.0,2.0,2.0,0.5,0.5,0.5,0.003868472,0.001934236,0,0,0,0,0
27215,-1,0,0.49975294,0.6224013,1,1,unassigned,5.0,5.0,0.0,1.0,0.0,0.0,0.0058027077,0.0,0,0,0,1,0
27216,-1,0,1.8978772,0.8696511,1,1,unassigned,12.0,12.0,0.0,1.0,0.0,0.0,0.01934236,0.0,0,0,0,1,0
27217,-1,0,0.81694466,0.6935874,1,1,unassigned,14.0,14.0,0.0,1.0,0.0,0.0,0.023210831,0.0,0,0,0,1,0
27218,-1,1,1.4914398,0.81629425,1,1,unassigned,5.0,5.0,0.0,1.0,0.0,0.0,0.0058027077,0.0,1,0,0,1,0
27219,-1,0,-0.97059333,0.27476224,0,1,unassigned,4.0,4.0,0.0,1.0,0.0,0.0,0.003868472,0.0,0,0,0,0,0
27220,-1,1,0.18414134,0.5459057,1,1,unassigned,34.0,34.0,0.0,1.0,0.0,0.0,0.061895553,0.0,1,0,0,1,0
27221,0,0,-0.33106184,0.4179823,0,0,val,10.0,10.0,0.0,1.0,0.0,0.0,0.015473888,0.0,0,0,1,0,0
27222,-1,1,-0.4886048,0.38022232,0,1,unassigned,112.0,106.0,6.0,0.9464286,0.05357143,0.053571403,0.21276596,0.011398177,1,0,0,0,0
27223,-1,0,0.10362971,0.5258843,1,1,unassigned,3.0,3.0,0.0,1.0,0.0,0.0,0.001934236,0.0,0,0,0,1,0
27224,-1,0,-0.45290616,0.38867006,0,1,unassigned,24.0,24.0,0.0,1.0,0.0,0.0,0.04255319,0.0,0,0,0,0,0
27225,-1,0,-0.27656454,0.43129623,0,1,unassigned,9.0,9.0,0.0,1.0,0.0,0.0,0.013539651,0.0,0,0,0,0,0
27226,-1,1,-0.95215875,0.27845088,0,1,unassigned,3.0,2.0,1.0,0.6666667,0.33333334,0.3333333,0.001934236,0.00064474536,1,0,0,0,0
27227,-1,0,-0.325805,0.4192617,0,1,unassigned,13.0,13.0,0.0,1.0,0.0,0.0,0.021276595,0.0,0,0,0,0,0
27228,-1,1,9.785627,0.99994373,1,1,unassigned,2.0,2.0,0.0,1.0,0.0,0.0,0.0,0.0,1,0,0,1,1
27229,-1,1,2.0863686,0.88957113,1,1,unassigned,3.0,3.0,0.0,1.0,0.0,0.0,0.001934236,0.0,1,0,0,1,0
27230,-1,0,1.9621065,0.8767607,1,1,unassigned,10.0,8.0,2.0,0.8,0.2,0.19999999,0.015473888,0.0030947777,0,0,0,1,0
27231,-1,1,2.0009315,0.88089484,1,1,unassigned,9.0,7.0,2.0,0.7777778,0.22222222,0.22222221,0.013539651,0.0030088115,1,0,0,1,0
27232,-1,0,-0.011491835,0.4971271,0,1,unassigned,8.0,8.0,0.0,1.0,0.0,0.0,0.0116054155,0.0,0,0,0,0,0
27233,1,0,-0.24429151,0.43922904,0,1,val,2.0,2.0,0.0,1.0,0.0,0.0,0.0,0.0,0,0,0,0,0
27234,-1,0,-0.8833208,0.2924901,0,1,unassigned,100.0,100.0,0.0,1.0,0.0,0.0,0.18955512,0.0,0,0,0,0,0
27235,-1,0,-0.15759867,0.46068168,0,1,unassigned,28.0,28.0,0.0,1.0,0.0,0.0,0.050290134,0.0,0,0,0,0,0
27236,-1,0,-0.87195194,0.29484832,0,1,unassigned,62.0,62.0,0.0,1.0,0.0,0.0,0.116054155,0.0,0,0,0,0,0
27237,-1,0,0.89732844,0.7104002,1,1,unassigned,58.0,58.0,0.0,1.0,0.0,0.0,0.10831721,0.0,0,0,0,1,0
27238,-1,1,-0.33642542,0.41667807,0,1,unassigned,4.0,1.0,3.0,0.25,0.75,0.75,0.003868472,0.002901354,1,0,0,0,0
27239,-1,0,-0.21991044,0.4452429,0,1,unassigned,11.0,10.0,1.0,0.90909094,0.09090909,0.090909064,0.017408123,0.0015825568,0,0,0,0,0
27240,-1,0,2.4418118,0.91996056,1,1,unassigned,42.0,40.0,2.0,0.95238096,0.04761905,0.047619045,0.07736944,0.003684259,0,0,0,1,1
27241,1,0,0.35681975,0.58827037,1,0,unassigned,19.0,19.0,0.0,1.0,0.0,0.0,0.032882012,0.0,0,0,1,1,0
27242,1,0,4.078135,0.9833431,1,0,unassigned,47.0,47.0,0.0,1.0,0.0,0.0,0.08704062,0.0,0,0,1,1,1
27243,-1,0,0.7325652,0.67536795,1,1,unassigned,14.0,14.0,0.0,1.0,0.0,0.0,0.023210831,0.0,0,0,0,1,0
27244,-1,0,1.3616056,0.79602057,1,1,unassigned,45.0,42.0,3.0,0.93333334,0.06666667,0.06666666,0.08317215,0.00554481,0,0,0,1,0
27245,-1,0,0.07087654,0.51771176,1,1,unassigned,18.0,18.0,0.0,1.0,0.0,0.0,0.030947777,0.0,0,0,0,1,0
27246,1,0,-0.94417477,0.28005782,0,1,val,32.0,32.0,0.0,1.0,0.0,0.0,0.058027077,0.0,0,0,0,0,0
27247,-1,0,-0.048764765,0.48781118,0,1,unassigned,8.0,8.0,0.0,1.0,0.0,0.0,0.0116054155,0.0,0,0,0,0,0
27248,-1,0,-0.39680415,0.40208042,0,1,unassigned,8.0,8.0,0.0,1.0,0.0,0.0,0.0116054155,0.0,0,0,0,0,0
27249,-1,0,-0.54427797,0.36719298,0,1,unassigned,50.0,50.0,0.0,1.0,0.0,0.0,0.092843324,0.0,0,0,0,0,0
27250,-1,0,-0.8413198,0.30125687,0,1,unassigned,34.0,33.0,1.0,0.9705882,0.029411765,0.029411793,0.061895553,0.0018204574,0,0,0,0,0
27251,0,0,-0.85558933,0.2982617,0,0,test,30.0,30.0,0.0,1.0,0.0,0.0,0.054158606,0.0,0,0,1,0,0
27252,0,0,-0.4710005,0.38437945,0,0,unassigned,5.0,5.0,0.0,1.0,0.0,0.0,0.0058027077,0.0,0,0,1,0,0
27253,1,0,-0.68265426,0.33566916,0,1,val,3.0,3.0,0.0,1.0,0.0,0.0,0.001934236,0.0,0,0,0,0,0
27254,-1,0,0.15150356,0.5378036,1,1,unassigned,21.0,21.0,0.0,1.0,0.0,0.0,0.036750484,0.0,0,0,0,1,0
27255,-1,0,0.064270854,0.51606214,1,1,unassigned,7.0,7.0,0.0,1.0,0.0,0.0,0.00967118,0.0,0,0,0,1,0
27256,-1,0,2.1412845,0.89485157,1,1,unassigned,18.0,18.0,0.0,1.0,0.0,0.0,0.030947777,0.0,0,0,0,1,0
27257,0,0,-0.54805166,0.36631656,0,0,unassigned,18.0,17.0,1.0,0.9444444,0.055555556,0.055555582,0.030947777,0.0017193209,0,0,1,0,0
27258,-1,0,1.230005,0.77381945,1,1,unassigned,6.0,6.0,0.0,1.0,0.0,0.0,0.007736944,0.0,0,0,0,1,0
27259,-1,1,-0.5893649,0.3567806,0,1,unassigned,43.0,43.0,0.0,1.0,0.0,0.0,0.079303674,0.0,1,0,0,0,0
27260,-1,0,-0.6389041,0.34549433,0,1,unassigned,2.0,2.0,0.0,1.0,0.0,0.0,0.0,0.0,0,0,0,0,0
27261,-1,0,3.6502802,0.9746742,1,1,unassigned,91.0,91.0,0.0,1.0,0.0,0.0,0.172147,0.0,0,0,0,1,1
27262,-1,0,-0.4525141,0.3887632,0,1,unassigned,8.0,8.0,0.0,1.0,0.0,0.0,0.0116054155,0.0,0,0,0,0,0
27263,-1,0,-0.744124,0.32210302,0,1,unassigned,25.0,25.0,0.0,1.0,0.0,0.0,0.044487428,0.0,0,0,0,0,0
27264,-1,1,-0.96143854,0.2765903,0,1,unassigned,59.0,37.0,22.0,0.62711865,0.37288135,0.37288135,0.11025145,0.04111071,1,0,0,0,0
27265,-1,1,7.8042636,0.99959224,1,1,unassigned,6.0,5.0,1.0,0.8333333,0.16666667,0.16666669,0.007736944,0.0012894907,1,0,0,1,1
27266,-1,0,12.831505,0.9999974,1,1,unassigned,2.0,2.0,0.0,1.0,0.0,0.0,0.0,0.0,0,0,0,1,1
27267,0,1,-0.35193712,0.41291273,0,0,unassigned,4.0,4.0,0.0,1.0,0.0,0.0,0.003868472,0.0,1,0,1,0,0
27268,-1,0,1.7472341,0.8516036,1,1,unassigned,16.0,15.0,1.0,0.9375,0.0625,0.0625,0.027079303,0.0016924564,0,0,0,1,0
27269,0,0,-0.11607194,0.47101456,0,0,test,2.0,2.0,0.0,1.0,0.0,0.0,0.0,0.0,0,0,1,0,0
27270,-1,0,1.5729811,0.8282082,1,1,unassigned,35.0,34.0,1.0,0.9714286,0.028571429,0.028571427,0.06382979,0.0018237082,0,0,0,1,0
27271,-1,0,1.1028636,0.7507963,1,1,unassigned,46.0,45.0,1.0,0.9782609,0.02173913,0.021739125,0.08510638,0.0018501388,0,0,0,1,0
27272,-1,0,-0.32873112,0.41854945,0,1,unassigned,6.0,6.0,0.0,1.0,0.0,0.0,0.007736944,0.0,0,0,0,0,0
27273,0,1,-0.89041305,0.2910246,0,0,test,16.0,16.0,0.0,1.0,0.0,0.0,0.027079303,0.0,1,0,1,0,0
27274,-1,1,-0.8665633,0.2959699,0,1,unassigned,96.0,95.0,1.0,0.9895833,0.010416667,0.010416687,0.18181819,0.0018939395,1,0,0,0,0
27275,-1,0,-0.549754,0.36592147,0,1,unassigned,58.0,47.0,11.0,0.8103448,0.18965517,0.18965518,0.10831721,0.02054292,0,0,0,0,0
27276,1,0,1.1967642,0.7679486,1,0,unassigned,3.0,3.0,0.0,1.0,0.0,0.0,0.001934236,0.0,0,0,1,1,0
27277,-1,0,4.484567,0.98884416,1,1,unassigned,20.0,20.0,0.0,1.0,0.0,0.0,0.034816246,0.0,0,0,0,1,1
27278,-1,1,2.6463609,0.93378633,1,1,unassigned,2.0,2.0,0.0,1.0,0.0,0.0,0.0,0.0,1,0,0,1,1
27279,-1,0,0.24122995,0.5600167,1,1,unassigned,4.0,3.0,1.0,0.75,0.25,0.25,0.003868472,0.000967118,0,0,0,1,0
27280,-1,0,0.70887166,0.6701518,1,1,unassigned,15.0,15.0,0.0,1.0,0.0,0.0,0.025145067,0.0,0,0,0,1,0
27281,-1,0,-0.20523596,0.44887036,0,1,unassigned,5.0,5.0,0.0,1.0,0.0,0.0,0.0058027077,0.0,0,0,0,0,0
27282,-1,0,1.0339355,0.73767823,1,1,unassigned,3.0,3.0,0.0,1.0,0.0,0.0,0.001934236,0.0,0,0,0,1,0
27283,-1,0,3.7918775,0.9779442,1,1,unassigned,5.0,5.0,0.0,1.0,0.0,0.0,0.0058027077,0.0,0,0,0,1,1
27284,0,0,-0.7736962,0.3156801,0,0,test,29.0,28.0,1.0,0.9655172,0.03448276,0.034482777,0.05222437,0.0018008404,0,0,1,0,0
27285,-1,0,-0.38790464,0.4042218,0,1,unassigned,77.0,77.0,0.0,1.0,0.0,0.0,0.14506769,0.0,0,0,0,0,0
27286,-1,0,-0.64829177,0.34337458,0,1,unassigned,27.0,27.0,0.0,1.0,0.0,0.0,0.0483559,0.0,0,0,0,0,0
27287,-1,0,6.4867105,0.99847883,1,1,unassigned,15.0,15.0,0.0,1.0,0.0,0.0,0.025145067,0.0,0,0,0,1,1
27288,-1,0,-0.94008255,0.28088367,0,1,unassigned,21.0,21.0,0.0,1.0,0.0,0.0,0.036750484,0.0,0,0,0,0,0
27289,-1,0,1.7474463,0.8516304,1,1,unassigned,35.0,33.0,2.0,0.94285715,0.057142857,0.057142854,0.06382979,0.0036474164,0,0,0,1,0
27290,0,0,0.20310324,0.550602,1,1,unassigned,13.0,13.0,0.0,1.0,0.0,0.0,0.021276595,0.0,0,0,0,1,0
27291,-1,0,-0.50225306,0.37701136,0,1,unassigned,11.0,11.0,0.0,1.0,0.0,0.0,0.017408123,0.0,0,0,0,0,0
27292,-1,0,3.2155607,0.96141565,1,1,unassigned,45.0,45.0,0.0,1.0,0.0,0.0,0.08317215,0.0,0,0,0,1,1
27293,-1,0,-0.5359118,0.3691391,0,1,unassigned,62.0,60.0,2.0,0.9677419,0.032258064,0.032258093,0.116054155,0.0037436823,0,0,0,0,0
27294,0,0,-0.4680413,0.38507995,0,0,val,18.0,17.0,1.0,0.9444444,0.055555556,0.055555582,0.030947777,0.0017193209,0,0,1,0,0
27295,-1,0,0.39641935,0.5978271,1,1,unassigned,3.0,3.0,0.0,1.0,0.0,0.0,0.001934236,0.0,0,0,0,1,0
27296,-1,1,2.2282412,0.90275705,1,1,unassigned,5.0,2.0,3.0,0.4,0.6,0.6,0.0058027077,0.0034816249,1,0,0,1,1
27297,-1,1,11.0806675,0.9999846,1,1,unassigned,70.0,68.0,2.0,0.9714286,0.028571429,0.028571427,0.13152805,0.0037579443,1,0,0,1,1
27298,-1,0,12.596956,0.99999666,1,1,unassigned,4.0,3.0,1.0,0.75,0.25,0.25,0.003868472,0.000967118,0,0,0,1,1
27299,-1,0,1.5608814,0.8264798,1,1,unassigned,2.0,2.0,0.0,1.0,0.0,0.0,0.0,0.0,0,0,0,1,0
27300,-1,0,1.2743571,0.7814877,1,1,unassigned,14.0,13.0,1.0,0.9285714,0.071428575,0.0714286,0.023210831,0.0016579166,0,0,0,1,0
27301,-1,1,0.32473505,0.5804778,1,1,unassigned,21.0,21.0,0.0,1.0,0.0,0.0,0.036750484,0.0,1,0,0,1,0
27302,-1,0,0.5370402,0.6311236,1,1,unassigned,2.0,1.0,1.0,0.5,0.5,0.5,0.0,0.0,0,0,0,1,0
27303,-1,1,7.535232,0.99946636,1,1,unassigned,10.0,9.0,1.0,0.9,0.1,0.100000024,0.015473888,0.0015473888,1,0,0,1,1
27304,-1,0,0.21008718,0.5523295,1,1,unassigned,3.0,3.0,0.0,1.0,0.0,0.0,0.001934236,0.0,0,0,0,1,0
27305,-1,0,1.9852207,0.8792366,1,1,unassigned,26.0,23.0,3.0,0.88461536,0.115384616,0.11538464,0.046421662,0.005356346,0,0,0,1,0
27306,-1,0,8.689308,0.9998317,1,1,unassigned,6.0,4.0,2.0,0.6666667,0.33333334,0.3333333,0.007736944,0.0025789815,0,0,0,1,1
27307,-1,0,0.050127327,0.5125292,1,1,unassigned,2.0,1.0,1.0,0.5,0.5,0.5,0.0,0.0,0,0,0,1,0
27308,-1,0,-0.8280274,0.3040623,0,1,unassigned,42.0,41.0,1.0,0.97619045,0.023809524,0.023809552,0.07736944,0.0018421295,0,0,0,0,0
27309,0,0,-0.50863767,0.37551296,0,0,unassigned,4.0,4.0,0.0,1.0,0.0,0.0,0.003868472,0.0,0,0,1,0,0
27310,-1,1,2.0792408,0.8888691,1,1,unassigned,23.0,22.0,1.0,0.95652175,0.04347826,0.04347825,0.040618956,0.0017660416,1,0,0,1,0
27311,1,1,3.5771816,0.97280586,1,0,val,4.0,3.0,1.0,0.75,0.25,0.25,0.003868472,0.000967118,1,0,1,1,1
27312,-1,1,1.1787746,0.76472735,1,1,unassigned,12.0,9.0,3.0,0.75,0.25,0.25,0.01934236,0.00483559,1,0,0,1,0
27313,0,1,0.06609756,0.51651835,1,1,test,6.0,6.0,0.0,1.0,0.0,0.0,0.007736944,0.0,1,0,0,1,0
27314,-1,0,-0.36349064,0.41011485,0,1,unassigned,5.0,4.0,1.0,0.8,0.2,0.19999999,0.0058027077,0.0011605415,0,0,0,0,0
27315,-1,0,0.46337837,0.6138153,1,1,unassigned,11.0,10.0,1.0,0.90909094,0.09090909,0.090909064,0.017408123,0.0015825568,0,0,0,1,0
27316,-1,0,-0.58974326,0.35669377,0,1,unassigned,13.0,13.0,0.0,1.0,0.0,0.0,0.021276595,0.0,0,0,0,0,0
27317,-1,0,1.6890562,0.84409994,1,1,unassigned,2.0,1.0,1.0,0.5,0.5,0.5,0.0,0.0,0,0,0,1,0
27318,-1,0,-0.96523774,0.27583075,0,1,unassigned,36.0,34.0,2.0,0.9444444,0.055555556,0.055555582,0.065764025,0.003653557,0,0,0,0,0
27319,-1,0,-0.9188787,0.2851864,0,1,unassigned,74.0,73.0,1.0,0.9864865,0.013513514,0.013513505,0.13926499,0.0018819593,0,0,0,0,0
27320,-1,0,2.8016112,0.9427628,1,1,unassigned,7.0,6.0,1.0,0.85714287,0.14285715,0.14285713,0.00967118,0.0013815971,0,0,0,1,1
27321,-1,0,-0.15197933,0.46207812,0,1,unassigned,42.0,42.0,0.0,1.0,0.0,0.0,0.07736944,0.0,0,0,0,0,0
27322,-1,0,2.709967,0.9376122,1,1,unassigned,29.0,27.0,2.0,0.9310345,0.06896552,0.068965495,0.05222437,0.0036016807,0,0,0,1,1
27323,-1,0,-0.80568945,0.30880982,0,1,unassigned,42.0,33.0,9.0,0.78571427,0.21428572,0.21428573,0.07736944,0.016579166,0,0,0,0,0
27324,1,1,-0.16240534,0.4594877,0,1,unassigned,46.0,44.0,2.0,0.95652175,0.04347826,0.04347825,0.08510638,0.0037002775,1,0,0,0,0
27325,-1,0,-0.67076284,0.33832607,0,1,unassigned,32.0,31.0,1.0,0.96875,0.03125,0.03125,0.058027077,0.0018133462,0,0,0,0,0
27326,-1,1,0.8451243,0.69954336,1,1,unassigned,16.0,16.0,0.0,1.0,0.0,0.0,0.027079303,0.0,1,0,0,1,0
27327,1,1,-0.42087007,0.39630857,0,1,train,14.0,14.0,0.0,1.0,0.0,0.0,0.023210831,0.0,1,0,0,0,0
27328,-1,0,-0.49401173,0.37894896,0,1,unassigned,10.0,10.0,0.0,1.0,0.0,0.0,0.015473888,0.0,0,0,0,0,0
27329,-1,0,-0.69341224,0.33327442,0,1,unassigned,41.0,41.0,0.0,1.0,0.0,0.0,0.07543521,0.0,0,0,0,0,0
27330,-1,0,2.3839176,0.9155927,1,1,unassigned,4.0,4.0,0.0,1.0,0.0,0.0,0.003868472,0.0,0,0,0,1,1
27331,-1,0,-0.616769,0.35051665,0,1,unassigned,3.0,3.0,0.0,1.0,0.0,0.0,0.001934236,0.0,0,0,0,0,0
27332,-1,0,0.17153436,0.54277873,1,1,unassigned,2.0,2.0,0.0,1.0,0.0,0.0,0.0,0.0,0,0,0,1,0
27333,-1,1,-0.6768868,0.33695653,0,1,unassigned,2.0,2.0,0.0,1.0,0.0,0.0,0.0,0.0,1,0,0,0,0
27334,-1,0,-0.032456934,0.49188647,0,1,unassigned,17.0,17.0,0.0,1.0,0.0,0.0,0.029013539,0.0,0,0,0,0,0
27335,-1,0,1.0369773,0.73826635,1,1,unassigned,4.0,4.0,0.0,1.0,0.0,0.0,0.003868472,0.0,0,0,0,1,0
27336,-1,1,-0.0025467873,0.49936327,0,1,unassigned,14.0,13.0,1.0,0.9285714,0.071428575,0.0714286,0.023210831,0.0016579166,1,0,0,0,0
27337,-1,0,-0.16706166,0.45833147,0,1,unassigned,6.0,6.0,0.0,1.0,0.0,0.0,0.007736944,0.0,0,0,0,0,0
27338,-1,0,1.8288755,0.86162776,1,1,unassigned,5.0,4.0,1.0,0.8,0.2,0.19999999,0.0058027077,0.0011605415,0,0,0,1,0
27339,-1,0,0.28135425,0.56987816,1,1,unassigned,9.0,9.0,0.0,1.0,0.0,0.0,0.013539651,0.0,0,0,0,1,0
27340,-1,0,0.26027244,0.5647032,1,1,unassigned,2.0,2.0,0.0,1.0,0.0,0.0,0.0,0.0,0,0,0,1,0
27341,-1,0,-0.36605325,0.40949503,0,1,unassigned,9.0,9.0,0.0,1.0,0.0,0.0,0.013539651,0.0,0,0,0,0,0
27342,-1,1,13.888617,0.99999905,1,1,unassigned,2.0,2.0,0.0,1.0,0.0,0.0,0.0,0.0,1,0,0,1,1
27343,-1,0,-0.37944275,0.40626127,0,1,unassigned,23.0,22.0,1.0,0.95652175,0.04347826,0.04347825,0.040618956,0.0017660416,0,0,0,0,0
27344,-1,0,-0.8056713,0.3088137,0,1,unassigned,28.0,26.0,2.0,0.9285714,0.071428575,0.0714286,0.050290134,0.0035921526,0,0,0,0,0
27345,-1,0,-0.6582468,0.34113356,0,1,unassigned,15.0,15.0,0.0,1.0,0.0,0.0,0.025145067,0.0,0,0,0,0,0
27346,-1,0,-0.84669876,0.30012584,0,1,unassigned,19.0,19.0,0.0,1.0,0.0,0.0,0.032882012,0.0,0,0,0,0,0
27347,-1,0,-0.4397459,0.3918015,0,1,unassigned,6.0,6.0,0.0,1.0,0.0,0.0,0.007736944,0.0,0,0,0,0,0
27348,-1,0,-0.8382114,0.30191162,0,1,unassigned,28.0,28.0,0.0,1.0,0.0,0.0,0.050290134,0.0,0,0,0,0,0
27349,-1,0,-0.88449115,0.29224798,0,1,unassigned,6.0,4.0,2.0,0.6666667,0.33333334,0.3333333,0.007736944,0.0025789815,0,0,0,0,0
27350,1,0,6.9932404,0.9990828,1,0,unassigned,3.0,3.0,0.0,1.0,0.0,0.0,0.001934236,0.0,0,0,1,1,1
27351,-1,0,-0.7824871,0.31378412,0,1,unassigned,4.0,4.0,0.0,1.0,0.0,0.0,0.003868472,0.0,0,0,0,0,0
27352,-1,0,-0.9728695,0.27430892,0,1,unassigned,18.0,18.0,0.0,1.0,0.0,0.0,0.030947777,0.0,0,0,0,0,0
27353,-1,0,4.7268195,0.9912231,1,1,unassigned,2.0,2.0,0.0,1.0,0.0,0.0,0.0,0.0,0,0,0,1,1
27354,-1,0,-0.04200059,0.4895014,0,1,unassigned,9.0,9.0,0.0,1.0,0.0,0.0,0.013539651,0.0,0,0,0,0,0
27355,-1,0,-0.8050667,0.30894276,0,1,unassigned,5.0,4.0,1.0,0.8,0.2,0.19999999,0.0058027077,0.0011605415,0,0,0,0,0
27356,-1,1,0.2788797,0.56927156,1,1,unassigned,2.0,2.0,0.0,1.0,0.0,0.0,0.0,0.0,1,0,0,1,0
27357,-1,1,1.8436797,0.8633833,1,1,unassigned,8.0,7.0,1.0,0.875,0.125,0.125,0.0116054155,0.0014506769,1,0,0,1,0
27358,-1,0,8.09362,0.9996946,1,1,unassigned,7.0,4.0,3.0,0.5714286,0.42857143,0.4285714,0.00967118,0.0041447915,0,0,0,1,1
27359,-1,0,-0.29630142,0.42646185,0,1,unassigned,35.0,35.0,0.0,1.0,0.0,0.0,0.06382979,0.0,0,0,0,0,0
27360,-1,0,0.20641452,0.55142117,1,1,unassigned,14.0,14.0,0.0,1.0,0.0,0.0,0.023210831,0.0,0,0,0,1,0
27361,-1,0,1.8191931,0.8604692,1,1,unassigned,13.0,12.0,1.0,0.9230769,0.07692308,0.07692307,0.021276595,0.0016366612,0,0,0,1,0
27362,1,0,-0.27627197,0.431368,0,1,unassigned,12.0,12.0,0.0,1.0,0.0,0.0,0.01934236,0.0,0,0,0,0,0
27363,0,0,-0.7425463,0.32244757,0,0,unassigned,2.0,1.0,1.0,0.5,0.5,0.5,0.0,0.0,0,0,1,0,0
27364,-1,0,7.8629613,0.99961543,1,1,unassigned,2.0,2.0,0.0,1.0,0.0,0.0,0.0,0.0,0,0,0,1,1
27365,-1,0,6.6752505,0.9987399,1,1,unassigned,7.0,4.0,3.0,0.5714286,0.42857143,0.4285714,0.00967118,0.0041447915,0,0,0,1,1
27366,-1,1,-0.8587445,0.29760173,0,1,unassigned,42.0,42.0,0.0,1.0,0.0,0.0,0.07736944,0.0,1,0,0,0,0
27367,-1,0,4.332002,0.9870293,1,1,unassigned,19.0,16.0,3.0,0.84210527,0.15789473,0.15789473,0.032882012,0.0051918966,0,0,0,1,1
27368,-1,1,2.1335719,0.8941236,1,1,unassigned,5.0,4.0,1.0,0.8,0.2,0.19999999,0.0058027077,0.0011605415,1,0,0,1,0
27369,-1,0,0.08918011,0.5222803,1,1,unassigned,3.0,3.0,0.0,1.0,0.0,0.0,0.001934236,0.0,0,0,0,1,0
27370,-1,1,0.580134,0.64109826,1,1,unassigned,7.0,7.0,0.0,1.0,0.0,0.0,0.00967118,0.0,1,0,0,1,0
27371,-1,1,1.6059339,0.83284605,1,1,unassigned,2.0,2.0,0.0,1.0,0.0,0.0,0.0,0.0,1,0,0,1,0
27372,-1,1,0.29605252,0.5734772,1,1,unassigned,24.0,24.0,0.0,1.0,0.0,0.0,0.04255319,0.0,1,0,0,1,0
27373,-1,1,-0.9424062,0.28041455,0,1,unassigned,38.0,36.0,2.0,0.94736844,0.05263158,0.052631557,0.06963249,0.0036648682,1,0,0,0,0
27374,1,1,0.6533745,0.65777045,1,0,test,6.0,5.0,1.0,0.8333333,0.16666667,0.16666669,0.007736944,0.0012894907,1,0,1,1,0
27375,-1,0,0.6082824,0.6475489,1,1,unassigned,6.0,6.0,0.0,1.0,0.0,0.0,0.007736944,0.0,0,0,0,1,0
27376,-1,1,6.0392756,0.99762243,1,1,unassigned,18.0,15.0,3.0,0.8333333,0.16666667,0.16666669,0.030947777,0.005157963,1,0,0,1,1
27377,-1,1,0.9079023,0.7125707,1,1,unassigned,18.0,18.0,0.0,1.0,0.0,0.0,0.030947777,0.0,1,0,0,1,0
27378,-1,1,3.7636693,0.97732747,1,1,unassigned,2.0,1.0,1.0,0.5,0.5,0.5,0.0,0.0,1,0,0,1,1
27379,1,1,1.392556,0.80099994,1,0,unassigned,5.0,5.0,0.0,1.0,0.0,0.0,0.0058027077,0.0,1,0,1,1,0
27380,1,1,4.3834066,0.98767114,1,0,unassigned,3.0,3.0,0.0,1.0,0.0,0.0,0.001934236,0.0,1,0,1,1,1
27381,-1,0,-0.44358295,0.39088756,0,1,unassigned,12.0,10.0,2.0,0.8333333,0.16666667,0.16666669,0.01934236,0.0032237265,0,0,0,0,0
27382,-1,1,1.0230815,0.7355724,1,1,unassigned,5.0,5.0,0.0,1.0,0.0,0.0,0.0058027077,0.0,1,0,0,1,0
27383,-1,0,-0.75012636,0.32079375,0,1,unassigned,7.0,5.0,2.0,0.71428573,0.2857143,0.28571427,0.00967118,0.0027631943,0,0,0,0,0
27384,1,0,-0.656472,0.34153256,0,1,unassigned,5.0,5.0,0.0,1.0,0.0,0.0,0.0058027077,0.0,0,0,0,0,0
27385,-1,1,-0.124221265,0.4689845,0,1,unassigned,2.0,2.0,0.0,1.0,0.0,0.0,0.0,0.0,1,0,0,0,0
27386,-1,1,3.114353,0.9574809,1,1,unassigned,9.0,9.0,0.0,1.0,0.0,0.0,0.013539651,0.0,1,0,0,1,1
27387,-1,1,-0.35031724,0.4133055,0,1,unassigned,7.0,7.0,0.0,1.0,0.0,0.0,0.00967118,0.0,1,0,0,0,0
27388,-1,1,3.6146824,0.9737805,1,1,unassigned,14.0,13.0,1.0,0.9285714,0.071428575,0.0714286,0.023210831,0.0016579166,1,0,0,1,1
27389,-1,1,1.4143989,0.80445886,1,1,unassigned,5.0,5.0,0.0,1.0,0.0,0.0,0.0058027077,0.0,1,0,0,1,0
27390,-1,0,4.9507594,0.9929717,1,1,unassigned,7.0,5.0,2.0,0.71428573,0.2857143,0.28571427,0.00967118,0.0027631943,0,0,0,1,1
27391,-1,0,-0.46578473,0.3856144,0,1,unassigned,5.0,5.0,0.0,1.0,0.0,0.0,0.0058027077,0.0,0,0,0,0,0
27392,-1,0,0.048162818,0.51203835,1,1,unassigned,6.0,6.0,0.0,1.0,0.0,0.0,0.007736944,0.0,0,0,0,1,0
27393,-1,0,8.267464,0.9997433,1,1,unassigned,24.0,21.0,3.0,0.875,0.125,0.125,0.04255319,0.005319149,0,0,0,1,1
27394,-1,1,4.5675535,0.9897233,1,1,unassigned,30.0,22.0,8.0,0.73333335,0.26666668,0.26666665,0.054158606,0.014442296,1,0,0,1,1
27395,-1,1,0.64888436,0.656759,1,1,unassigned,30.0,30.0,0.0,1.0,0.0,0.0,0.054158606,0.0,1,0,0,1,0
27396,-1,0,0.6340242,0.6534014,1,1,unassigned,3.0,3.0,0.0,1.0,0.0,0.0,0.001934236,0.0,0,0,0,1,0
27397,-1,0,1.5059357,0.81845814,1,1,unassigned,4.0,3.0,1.0,0.75,0.25,0.25,0.003868472,0.000967118,0,0,0,1,0
27398,1,0,-0.9613992,0.27659813,0,1,unassigned,4.0,4.0,0.0,1.0,0.0,0.0,0.003868472,0.0,0,0,0,0,0
27399,0,1,-0.13012761,0.46751392,0,0,unassigned,13.0,13.0,0.0,1.0,0.0,0.0,0.021276595,0.0,1,0,1,0,0
27400,-1,1,2.518325,0.92541647,1,1,unassigned,4.0,2.0,2.0,0.5,0.5,0.5,0.003868472,0.001934236,1,0,0,1,1
27401,-1,0,-0.7635602,0.3178738,0,1,unassigned,18.0,18.0,0.0,1.0,0.0,0.0,0.030947777,0.0,0,0,0,0,0
27402,-1,0,1.2601881,0.77905846,1,1,unassigned,10.0,9.0,1.0,0.9,0.1,0.100000024,0.015473888,0.0015473888,0,0,0,1,0
27403,-1,1,1.1140807,0.7528891,1,1,unassigned,40.0,39.0,1.0,0.975,0.025,0.024999976,0.07350097,0.0018375242,1,0,0,1,0
27404,-1,0,-0.20651585,0.44855374,0,1,unassigned,5.0,5.0,0.0,1.0,0.0,0.0,0.0058027077,0.0,0,0,0,0,0
27405,-1,0,0.25982785,0.564594,1,1,unassigned,6.0,4.0,2.0,0.6666667,0.33333334,0.3333333,0.007736944,0.0025789815,0,0,0,1,0
27406,-1,0,2.3613274,0.91383034,1,1,unassigned,4.0,4.0,0.0,1.0,0.0,0.0,0.003868472,0.0,0,0,0,1,1
27407,-1,0,1.1062906,0.7514369,1,1,unassigned,7.0,7.0,0.0,1.0,0.0,0.0,0.00967118,0.0,0,0,0,1,0
27408,-1,0,5.10165,0.9939501,1,1,unassigned,15.0,15.0,0.0,1.0,0.0,0.0,0.025145067,0.0,0,0,0,1,1
27409,-1,0,0.7759082,0.6847976,1,1,unassigned,8.0,8.0,0.0,1.0,0.0,0.0,0.0116054155,0.0,0,0,0,1,0
27410,-1,1,0.23978645,0.55966103,1,1,unassigned,6.0,1.0,5.0,0.16666667,0.8333333,0.8333333,0.007736944,0.0064474535,1,1,0,1,0
27411,-1,0,-0.69094837,0.33382213,0,1,unassigned,17.0,15.0,2.0,0.88235295,0.11764706,0.11764705,0.029013539,0.0034133575,0,0,0,0,0
27412,-1,1,-1.1227655,0.24549867,0,1,unassigned,3.0,3.0,0.0,1.0,0.0,0.0,0.001934236,0.0,1,0,0,0,0
27413,-1,0,0.24369031,0.5606229,1,1,unassigned,14.0,14.0,0.0,1.0,0.0,0.0,0.023210831,0.0,0,0,0,1,0
27414,-1,0,-0.40525293,0.40005094,0,1,unassigned,23.0,22.0,1.0,0.95652175,0.04347826,0.04347825,0.040618956,0.0017660416,0,0,0,0,0
27415,-1,1,1.4485433,0.8097741,1,1,unassigned,3.0,2.0,1.0,0.6666667,0.33333334,0.3333333,0.001934236,0.00064474536,1,0,0,1,0
27416,-1,0,-0.7430527,0.32233697,0,1,unassigned,3.0,3.0,0.0,1.0,0.0,0.0,0.001934236,0.0,0,0,0,0,0
27417,-1,0,-0.8124581,0.3073669,0,1,unassigned,16.0,15.0,1.0,0.9375,0.0625,0.0625,0.027079303,0.0016924564,0,0,0,0,0
27418,-1,0,1.2002735,0.76857346,1,1,unassigned,7.0,7.0,0.0,1.0,0.0,0.0,0.00967118,0.0,0,0,0,1,0
27419,1,0,-0.24893805,0.43808493,0,1,unassigned,11.0,11.0,0.0,1.0,0.0,0.0,0.017408123,0.0,0,0,0,0,0
27420,-1,1,4.265903,0.9861552,1,1,unassigned,2.0,2.0,0.0,1.0,0.0,0.0,0.0,0.0,1,0,0,1,1
27421,-1,0,2.5835235,0.9297936,1,1,unassigned,20.0,19.0,1.0,0.95,0.05,0.050000012,0.034816246,0.0017408123,0,0,0,1,1
27422,-1,1,1.4691982,0.8129355,1,1,unassigned,43.0,42.0,1.0,0.9767442,0.023255814,0.023255825,0.079303674,0.0018442714,1,0,0,1,0
27423,1,0,1.1213939,0.7542472,1,0,unassigned,19.0,16.0,3.0,0.84210527,0.15789473,0.15789473,0.032882012,0.0051918966,0,0,1,1,0
27424,-1,0,1.3488984,0.7939495,1,1,unassigned,19.0,12.0,7.0,0.6315789,0.36842105,0.36842108,0.032882012,0.012114425,0,0,0,1,0
27425,0,1,-0.87898827,0.29338747,0,0,test,24.0,23.0,1.0,0.9583333,0.041666668,0.041666687,0.04255319,0.0017730496,1,0,1,0,0
27426,-1,0,1.1068745,0.75154597,1,1,unassigned,3.0,1.0,2.0,0.33333334,0.6666667,0.6666666,0.001934236,0.0012894907,0,0,0,1,0
27427,-1,0,4.548261,0.9895253,1,1,unassigned,6.0,4.0,2.0,0.6666667,0.33333334,0.3333333,0.007736944,0.0025789815,0,0,0,1,1
27428,-1,0,0.074453056,0.5186047,1,1,unassigned,20.0,16.0,4.0,0.8,0.2,0.19999999,0.034816246,0.0069632493,0,0,0,1,0
27429,-1,0,2.3745196,0.9148635,1,1,unassigned,25.0,24.0,1.0,0.96,0.04,0.04000002,0.044487428,0.001779497,0,0,0,1,1
27430,-1,0,-0.5657809,0.36221093,0,1,unassigned,9.0,9.0,0.0,1.0,0.0,0.0,0.013539651,0.0,0,0,0,0,0
27431,1,1,-0.009883285,0.4975292,0,1,test,12.0,10.0,2.0,0.8333333,0.16666667,0.16666669,0.01934236,0.0032237265,1,0,0,0,0
27432,-1,0,-0.13783419,0.4655959,0,1,unassigned,33.0,33.0,0.0,1.0,0.0,0.0,0.059961315,0.0,0,0,0,0,0
27433,0,0,-0.52979904,0.37056378,0,0,val,34.0,34.0,0.0,1.0,0.0,0.0,0.061895553,0.0,0,0,1,0,0
27434,-1,0,-0.68635106,0.33484527,0,1,unassigned,7.0,7.0,0.0,1.0,0.0,0.0,0.00967118,0.0,0,0,0,0,0
27435,-1,1,7.7378316,0.9995641,1,1,unassigned,34.0,30.0,4.0,0.88235295,0.11764706,0.11764705,0.061895553,0.0072818296,1,0,0,1,1
27436,-1,1,2.3720253,0.91466904,1,1,unassigned,4.0,4.0,0.0,1.0,0.0,0.0,0.003868472,0.0,1,0,0,1,1
27437,1,1,3.7783682,0.97765094,1,0,test,2.0,2.0,0.0,1.0,0.0,0.0,0.0,0.0,1,0,1,1,1
27438,-1,0,-0.73054147,0.32507592,0,1,unassigned,42.0,41.0,1.0,0.97619045,0.023809524,0.023809552,0.07736944,0.0018421295,0,0,0,0,0
27439,-1,0,1.3338194,0.7914717,1,1,unassigned,20.0,18.0,2.0,0.9,0.1,0.100000024,0.034816246,0.0034816246,0,0,0,1,0
27440,-1,0,-0.009428978,0.4976428,0,1,unassigned,56.0,56.0,0.0,1.0,0.0,0.0,0.10444874,0.0,0,0,0,0,0
27441,-1,1,6.264354,0.9981007,1,1,unassigned,14.0,14.0,0.0,1.0,0.0,0.0,0.023210831,0.0,1,0,0,1,1
27442,0,0,-0.6104185,0.35196373,0,0,test,37.0,37.0,0.0,1.0,0.0,0.0,0.06769826,0.0,0,0,1,0,0
27443,-1,1,3.9787414,0.98163444,1,1,unassigned,12.0,12.0,0.0,1.0,0.0,0.0,0.01934236,0.0,1,0,0,1,1
27444,-1,0,-0.7118935,0.32918057,0,1,unassigned,10.0,10.0,0.0,1.0,0.0,0.0,0.015473888,0.0,0,0,0,0,0
27445,-1,0,1.0503571,0.7408435,1,1,unassigned,8.0,7.0,1.0,0.875,0.125,0.125,0.0116054155,0.0014506769,0,0,0,1,0
27446,-1,0,2.3945217,0.9164086,1,1,unassigned,15.0,14.0,1.0,0.93333334,0.06666667,0.06666666,0.025145067,0.0016763379,0,0,0,1,1
27447,-1,0,1.029562,0.73683095,1,1,unassigned,3.0,3.0,0.0,1.0,0.0,0.0,0.001934236,0.0,0,0,0,1,0
27448,-1,1,-0.609608,0.35214862,0,1,unassigned,7.0,7.0,0.0,1.0,0.0,0.0,0.00967118,0.0,1,0,0,0,0
27449,-1,1,-0.6222901,0.34926078,0,1,unassigned,6.0,6.0,0.0,1.0,0.0,0.0,0.007736944,0.0,1,0,0,0,0
27450,-1,0,-0.204817,0.44897395,0,1,unassigned,3.0,2.0,1.0,0.6666667,0.33333334,0.3333333,0.001934236,0.00064474536,0,0,0,0,0
27451,-1,0,4.1006956,0.9837087,1,1,unassigned,9.0,8.0,1.0,0.8888889,0.11111111,0.111111104,0.013539651,0.0015044058,0,0,0,1,1
27452,-1,1,1.2113509,0.7705379,1,1,unassigned,15.0,13.0,2.0,0.8666667,0.13333334,0.13333333,0.025145067,0.0033526758,1,0,0,1,0
27453,1,1,-0.049612164,0.4875995,0,1,unassigned,7.0,6.0,1.0,0.85714287,0.14285715,0.14285713,0.00967118,0.0013815971,1,0,0,0,0
27454,0,1,-0.5557322,0.3645355,0,0,train,2.0,2.0,0.0,1.0,0.0,0.0,0.0,0.0,1,0,1,0,0
27455,1,0,6.213569,0.9980019,1,0,val,20.0,19.0,1.0,0.95,0.05,0.050000012,0.034816246,0.0017408123,0,0,1,1,1
27456,-1,0,0.6062848,0.6470928,1,1,unassigned,80.0,76.0,4.0,0.95,0.05,0.050000012,0.15087041,0.0075435205,0,0,0,1,0
27457,1,0,-0.5977862,0.35485032,0,1,test,3.0,3.0,0.0,1.0,0.0,0.0,0.001934236,0.0,0,0,0,0,0
27458,0,0,-0.53843486,0.36855176,0,0,test,4.0,4.0,0.0,1.0,0.0,0.0,0.003868472,0.0,0,0,1,0,0
27459,-1,0,-0.5955957,0.35535198,0,1,unassigned,38.0,38.0,0.0,1.0,0.0,0.0,0.06963249,0.0,0,0,0,0,0
27460,1,0,1.6917064,0.84444845,1,0,unassigned,17.0,17.0,0.0,1.0,0.0,0.0,0.029013539,0.0,0,0,1,1,0
27461,-1,0,-0.80284727,0.3094168,0,1,unassigned,57.0,54.0,3.0,0.94736844,0.05263158,0.052631557,0.10638298,0.0055991043,0,0,0,0,0
27462,-1,0,0.05244285,0.5131077,1,1,unassigned,2.0,2.0,0.0,1.0,0.0,0.0,0.0,0.0,0,0,0,1,0
27463,-1,0,-0.12231526,0.46945927,0,1,unassigned,11.0,11.0,0.0,1.0,0.0,0.0,0.017408123,0.0,0,0,0,0,0
27464,-1,0,-0.39536276,0.402427,0,1,unassigned,2.0,1.0,1.0,0.5,0.5,0.5,0.0,0.0,0,0,0,0,0
27465,-1,1,15.509745,0.99999976,1,1,unassigned,181.0,179.0,2.0,0.98895025,0.011049724,0.0110497475,0.34622824,0.0038257267,1,0,0,1,1
27466,-1,0,-0.9002425,0.28900066,0,1,unassigned,15.0,15.0,0.0,1.0,0.0,0.0,0.025145067,0.0,0,0,0,0,0
27467,-1,0,-0.5308073,0.3703286,0,1,unassigned,26.0,24.0,2.0,0.9230769,0.07692308,0.07692307,0.046421662,0.0035708973,0,0,0,0,0
27468,-1,0,0.048421144,0.5121029,1,1,unassigned,2.0,2.0,0.0,1.0,0.0,0.0,0.0,0.0,0,0,0,1,0
27469,1,0,5.2847667,0.9949574,1,0,unassigned,9.0,8.0,1.0,0.8888889,0.11111111,0.111111104,0.013539651,0.0015044058,0,0,1,1,1
27470,0,0,-0.32325032,0.4198838,0,0,unassigned,12.0,12.0,0.0,1.0,0.0,0.0,0.01934236,0.0,0,0,1,0,0
27471,-1,0,-0.56354755,0.36272702,0,1,unassigned,6.0,6.0,0.0,1.0,0.0,0.0,0.007736944,0.0,0,0,0,0,0
27472,-1,0,0.682041,0.6641941,1,1,unassigned,8.0,8.0,0.0,1.0,0.0,0.0,0.0116054155,0.0,0,0,0,1,0
27473,-1,0,0.95595235,0.72231066,1,1,unassigned,4.0,4.0,0.0,1.0,0.0,0.0,0.003868472,0.0,0,0,0,1,0
27474,-1,0,2.7768662,0.94141287,1,1,unassigned,54.0,54.0,0.0,1.0,0.0,0.0,0.10058027,0.0,0,0,0,1,1
27475,0,1,-0.6129111,0.35139543,0,0,test,48.0,48.0,0.0,1.0,0.0,0.0,0.088974856,0.0,1,0,1,0,0
27476,-1,0,1.9110112,0.8711327,1,1,unassigned,13.0,13.0,0.0,1.0,0.0,0.0,0.021276595,0.0,0,0,0,1,0
27477,-1,0,3.71606,0.9762482,1,1,unassigned,6.0,6.0,0.0,1.0,0.0,0.0,0.007736944,0.0,0,0,0,1,1
27478,-1,0,1.8220847,0.86081606,1,1,unassigned,3.0,3.0,0.0,1.0,0.0,0.0,0.001934236,0.0,0,0,0,1,0
27479,0,0,-0.6549669,0.3418711,0,0,val,5.0,4.0,1.0,0.8,0.2,0.19999999,0.0058027077,0.0011605415,0,0,1,0,0
27480,0,0,-1.1656814,0.23763649,0,0,unassigned,2.0,2.0,0.0,1.0,0.0,0.0,0.0,0.0,0,0,1,0,0
27481,-1,0,-0.65346897,0.34220824,0,1,unassigned,37.0,37.0,0.0,1.0,0.0,0.0,0.06769826,0.0,0,0,0,0,0
27482,1,0,0.20617503,0.5513619,1,0,test,2.0,2.0,0.0,1.0,0.0,0.0,0.0,0.0,0,0,1,1,0
27483,-1,0,2.4589608,0.9212142,1,1,unassigned,2.0,2.0,0.0,1.0,0.0,0.0,0.0,0.0,0,0,0,1,1
27484,-1,1,-0.094469965,0.47640002,0,1,unassigned,32.0,29.0,3.0,0.90625,0.09375,0.09375,0.058027077,0.0054400386,1,0,0,0,0
27485,0,0,0.14366716,0.5358551,1,1,test,2.0,2.0,0.0,1.0,0.0,0.0,0.0,0.0,0,0,0,1,0
27486,0,0,0.36443,0.5901124,1,1,unassigned,4.0,4.0,0.0,1.0,0.0,0.0,0.003868472,0.0,0,0,0,1,0
27487,-1,1,-0.7934537,0.3114276,0,1,unassigned,57.0,55.0,2.0,0.9649123,0.03508772,0.035087705,0.10638298,0.0037327362,1,0,0,0,0
27488,0,0,0.89705163,0.71034324,1,1,val,4.0,4.0,0.0,1.0,0.0,0.0,0.003868472,0.0,0,0,0,1,0
27489,-1,0,2.4910374,0.92351115,1,1,unassigned,2.0,1.0,1.0,0.5,0.5,0.5,0.0,0.0,0,0,0,1,1
27490,-1,0,4.541483,0.98945487,1,1,unassigned,2.0,2.0,0.0,1.0,0.0,0.0,0.0,0.0,0,0,0,1,1
27491,-1,1,-0.8900136,0.29110703,0,1,unassigned,22.0,21.0,1.0,0.95454544,0.045454547,0.04545456,0.03868472,0.0017583964,1,0,0,0,0
27492,-1,0,0.07020962,0.5175452,1,1,unassigned,2.0,2.0,0.0,1.0,0.0,0.0,0.0,0.0,0,0,0,1,0
27493,-1,1,4.0117574,0.9822203,1,1,unassigned,2.0,2.0,0.0,1.0,0.0,0.0,0.0,0.0,1,0,0,1,1
27494,-1,1,-1.1227655,0.24549867,0,1,unassigned,3.0,3.0,0.0,1.0,0.0,0.0,0.001934236,0.0,1,0,0,0,0
27495,-1,1,-0.044743836,0.48881584,0,1,unassigned,24.0,22.0,2.0,0.9166667,0.083333336,0.08333331,0.04255319,0.0035460992,1,0,0,0,0
27496,-1,1,0.2220791,0.5552927,1,1,unassigned,2.0,2.0,0.0,1.0,0.0,0.0,0.0,0.0,1,0,0,1,0
27497,-1,1,1.9679105,0.8773865,1,1,unassigned,11.0,7.0,4.0,0.6363636,0.36363637,0.36363637,0.017408123,0.006330227,1,0,0,1,0
27498,0,1,-0.15262514,0.46191758,0,0,train,5.0,5.0,0.0,1.0,0.0,0.0,0.0058027077,0.0,1,0,1,0,0
27499,-1,1,3.509885,0.97096777,1,1,unassigned,49.0,44.0,5.0,0.8979592,0.10204082,0.10204083,0.09090909,0.0092764385,1,0,0,1,1
27500,-1,0,-0.805868,0.3087717,0,1,unassigned,4.0,4.0,0.0,1.0,0.0,0.0,0.003868472,0.0,0,0,0,0,0
27501,-1,0,-0.152107,0.4620464,0,1,unassigned,2.0,2.0,0.0,1.0,0.0,0.0,0.0,0.0,0,0,0,0,0
27502,-1,1,2.615144,0.9318298,1,1,unassigned,9.0,8.0,1.0,0.8888889,0.11111111,0.111111104,0.013539651,0.0015044058,1,0,0,1,1
27503,1,1,10.473684,0.99997175,1,0,test,12.0,6.0,6.0,0.5,0.5,0.5,0.01934236,0.00967118,1,0,1,1,1
27504,-1,0,4.739085,0.9913292,1,1,unassigned,18.0,14.0,4.0,0.7777778,0.22222222,0.22222221,0.030947777,0.0068772836,0,0,0,1,1
27505,-1,0,4.1356444,0.9842593,1,1,unassigned,3.0,2.0,1.0,0.6666667,0.33333334,0.3333333,0.001934236,0.00064474536,0,0,0,1,1
27506,-1,1,6.7764163,0.99886096,1,1,unassigned,19.0,13.0,6.0,0.68421054,0.31578946,0.31578946,0.032882012,0.010383793,1,0,0,1,1
27507,-1,1,-0.012062848,0.4969843,0,1,unassigned,3.0,3.0,0.0,1.0,0.0,0.0,0.001934236,0.0,1,0,0,0,0
27508,-1,0,0.884913,0.70783925,1,1,unassigned,12.0,12.0,0.0,1.0,0.0,0.0,0.01934236,0.0,0,0,0,1,0
27509,-1,0,-0.60694,0.35275754,0,1,unassigned,22.0,22.0,0.0,1.0,0.0,0.0,0.03868472,0.0,0,0,0,0,0
27510,-1,1,-0.58996403,0.3566431,0,1,unassigned,75.0,73.0,2.0,0.97333336,0.026666667,0.026666641,0.14119923,0.003765313,1,0,0,0,0
27511,-1,0,4.8589563,0.9923011,1,1,unassigned,4.0,3.0,1.0,0.75,0.25,0.25,0.003868472,0.000967118,0,0,0,1,1
27512,-1,0,2.4528308,0.9207682,1,1,unassigned,22.0,19.0,3.0,0.8636364,0.13636364,0.13636363,0.03868472,0.005275189,0,0,0,1,1
27513,-1,1,3.8416412,0.9789924,1,1,unassigned,6.0,6.0,0.0,1.0,0.0,0.0,0.007736944,0.0,1,0,0,1,1
27514,-1,0,-0.16442293,0.4589866,0,1,unassigned,43.0,43.0,0.0,1.0,0.0,0.0,0.079303674,0.0,0,0,0,0,0
27515,-1,0,0.41245395,0.60167617,1,1,unassigned,8.0,8.0,0.0,1.0,0.0,0.0,0.0116054155,0.0,0,0,0,1,0
27516,0,1,-0.643638,0.34442464,0,0,unassigned,25.0,13.0,12.0,0.52,0.48,0.48000002,0.044487428,0.021353966,1,0,1,0,0
27517,-1,0,4.1577516,0.9845983,1,1,unassigned,4.0,4.0,0.0,1.0,0.0,0.0,0.003868472,0.0,0,0,0,1,1
27518,0,0,-0.49217457,0.37938145,0,0,unassigned,51.0,51.0,0.0,1.0,0.0,0.0,0.09477756,0.0,0,0,1,0,0
27519,-1,0,-0.66039073,0.34065187,0,1,unassigned,22.0,22.0,0.0,1.0,0.0,0.0,0.03868472,0.0,0,0,0,0,0
27520,-1,0,-0.76708126,0.3171108,0,1,unassigned,43.0,42.0,1.0,0.9767442,0.023255814,0.023255825,0.079303674,0.0018442714,0,0,0,0,0
27521,-1,0,-0.45056218,0.38922712,0,1,unassigned,52.0,50.0,2.0,0.96153843,0.03846154,0.038461566,0.0967118,0.0037196847,0,0,0,0,0
27522,-1,0,2.0802944,0.8889731,1,1,unassigned,3.0,3.0,0.0,1.0,0.0,0.0,0.001934236,0.0,0,0,0,1,0
27523,-1,0,0.21293128,0.5530326,1,1,unassigned,4.0,4.0,0.0,1.0,0.0,0.0,0.003868472,0.0,0,0,0,1,0
27524,1,0,6.7505655,0.9988312,1,0,val,25.0,23.0,2.0,0.92,0.08,0.07999998,0.044487428,0.003558994,0,0,1,1,1
27525,-1,1,5.2658277,0.9948614,1,1,unassigned,64.0,62.0,2.0,0.96875,0.03125,0.03125,0.11992263,0.0037475822,1,0,0,1,1
27526,-1,1,3.7631347,0.97731566,1,1,unassigned,3.0,2.0,1.0,0.6666667,0.33333334,0.3333333,0.001934236,0.00064474536,1,0,0,1,1
27527,-1,1,-0.38253692,0.40551513,0,1,unassigned,3.0,3.0,0.0,1.0,0.0,0.0,0.001934236,0.0,1,0,0,0,0
27528,-1,0,0.2671973,0.5664047,1,1,unassigned,9.0,6.0,3.0,0.6666667,0.33333334,0.3333333,0.013539651,0.004513217,0,0,0,1,0
27529,-1,0,-0.35054848,0.41324943,0,1,unassigned,8.0,8.0,0.0,1.0,0.0,0.0,0.0116054155,0.0,0,0,0,0,0
27530,-1,0,0.11002439,0.5274784,1,1,unassigned,5.0,5.0,0.0,1.0,0.0,0.0,0.0058027077,0.0,0,0,0,1,0
27531,-1,0,0.56257063,0.6370471,1,1,unassigned,6.0,6.0,0.0,1.0,0.0,0.0,0.007736944,0.0,0,0,0,1,0
27532,-1,0,-0.046207547,0.48845017,0,1,unassigned,29.0,29.0,0.0,1.0,0.0,0.0,0.05222437,0.0,0,0,0,0,0
27533,0,0,-0.12733692,0.4682087,0,0,unassigned,36.0,36.0,0.0,1.0,0.0,0.0,0.065764025,0.0,0,0,1,0,0
27534,-1,0,-0.59773844,0.35486126,0,1,unassigned,6.0,4.0,2.0,0.6666667,0.33333334,0.3333333,0.007736944,0.0025789815,0,0,0,0,0
27535,-1,0,4.800812,0.991844,1,1,unassigned,20.0,19.0,1.0,0.95,0.05,0.050000012,0.034816246,0.0017408123,0,0,0,1,1
27536,-1,0,0.55392164,0.63504493,1,1,unassigned,6.0,6.0,0.0,1.0,0.0,0.0,0.007736944,0.0,0,0,0,1,0
27537,-1,0,2.8371441,0.9446503,1,1,unassigned,21.0,17.0,4.0,0.8095238,0.1904762,0.19047618,0.036750484,0.0070000924,0,0,0,1,1
27538,1,0,0.64423925,0.6557111,1,0,val,16.0,16.0,0.0,1.0,0.0,0.0,0.027079303,0.0,0,0,1,1,0
27539,1,0,5.792767,0.9969598,1,0,train,7.0,7.0,0.0,1.0,0.0,0.0,0.00967118,0.0,0,0,1,1,1
27540,-1,0,-0.4822498,0.38172102,0,1,unassigned,13.0,13.0,0.0,1.0,0.0,0.0,0.021276595,0.0,0,0,0,0,0
27541,-1,0,2.3045986,0.9092571,1,1,unassigned,8.0,7.0,1.0,0.875,0.125,0.125,0.0116054155,0.0014506769,0,0,0,1,1
27542,0,0,-0.45864105,0.38730824,0,0,unassigned,21.0,21.0,0.0,1.0,0.0,0.0,0.036750484,0.0,0,0,1,0,0
27543,1,0,0.051304698,0.5128234,1,0,val,26.0,26.0,0.0,1.0,0.0,0.0,0.046421662,0.0,0,0,1,1,0
27544,-1,0,0.11848724,0.5295872,1,1,unassigned,39.0,38.0,1.0,0.974359,0.025641026,0.025641024,0.07156673,0.0018350444,0,0,0,1,0
27545,-1,0,-0.8198278,0.3058002,0,1,unassigned,35.0,35.0,0.0,1.0,0.0,0.0,0.06382979,0.0,0,0,0,0,0
27546,-1,0,4.424029,0.9881561,1,1,unassigned,24.0,22.0,2.0,0.9166667,0.083333336,0.08333331,0.04255319,0.0035460992,0,0,0,1,1
27547,-1,0,-0.10247797,0.47440287,0,1,unassigned,51.0,51.0,0.0,1.0,0.0,0.0,0.09477756,0.0,0,0,0,0,0
27548,1,0,-0.63192093,0.3470751,0,1,val,17.0,16.0,1.0,0.9411765,0.05882353,0.058823526,0.029013539,0.0017066788,0,0,0,0,0
27549,-1,1,4.401571,0.98789036,1,1,unassigned,24.0,23.0,1.0,0.9583333,0.041666668,0.041666687,0.04255319,0.0017730496,1,0,0,1,1
27550,-1,0,-0.7266073,0.3259397,0,1,unassigned,5.0,5.0,0.0,1.0,0.0,0.0,0.0058027077,0.0,0,0,0,0,0
27551,1,0,-0.14643365,0.46345687,0,1,test,5.0,5.0,0.0,1.0,0.0,0.0,0.0058027077,0.0,0,0,0,0,0
27552,-1,0,1.0161567,0.73422325,1,1,unassigned,14.0,12.0,2.0,0.85714287,0.14285715,0.14285713,0.023210831,0.0033158332,0,0,0,1,0
27553,0,0,-0.34138557,0.41547292,0,0,val,16.0,16.0,0.0,1.0,0.0,0.0,0.027079303,0.0,0,0,1,0,0
27554,-1,1,0.07353562,0.5183756,1,1,unassigned,3.0,3.0,0.0,1.0,0.0,0.0,0.001934236,0.0,1,0,0,1,0
27555,-1,0,5.0793195,0.99381435,1,1,unassigned,2.0,2.0,0.0,1.0,0.0,0.0,0.0,0.0,0,0,0,1,1
27556,-1,1,0.041056037,0.51026255,1,1,unassigned,4.0,3.0,1.0,0.75,0.25,0.25,0.003868472,0.000967118,1,0,0,1,0
27557,-1,0,-0.6942409,0.33309034,0,1,unassigned,2.0,2.0,0.0,1.0,0.0,0.0,0.0,0.0,0,0,0,0,0
27558,-1,0,1.1066253,0.7514994,1,1,unassigned,26.0,26.0,0.0,1.0,0.0,0.0,0.046421662,0.0,0,0,0,1,0
27559,-1,0,4.981293,0.99318165,1,1,unassigned,2.0,1.0,1.0,0.5,0.5,0.5,0.0,0.0,0,0,0,1,1
27560,-1,0,0.3447978,0.5853555,1,1,unassigned,3.0,3.0,0.0,1.0,0.0,0.0,0.001934236,0.0,0,0,0,1,0
27561,-1,0,-0.38829064,0.40412888,0,1,unassigned,34.0,33.0,1.0,0.9705882,0.029411765,0.029411793,0.061895553,0.0018204574,0,0,0,0,0
27562,-1,1,-0.17162672,0.45719832,0,1,unassigned,2.0,2.0,0.0,1.0,0.0,0.0,0.0,0.0,1,0,0,0,0
27563,-1,0,4.923549,0.9927792,1,1,unassigned,21.0,21.0,0.0,1.0,0.0,0.0,0.036750484,0.0,0,0,0,1,1
27564,-1,0,-0.91467726,0.28604367,0,1,unassigned,7.0,6.0,1.0,0.85714287,0.14285715,0.14285713,0.00967118,0.0013815971,0,0,0,0,0
27565,-1,0,0.4743504,0.61641294,1,1,unassigned,15.0,13.0,2.0,0.8666667,0.13333334,0.13333333,0.025145067,0.0033526758,0,0,0,1,0
27566,-1,1,-0.19804603,0.4506497,0,1,unassigned,2.0,1.0,1.0,0.5,0.5,0.5,0.0,0.0,1,0,0,0,0
27567,-1,0,-0.22644699,0.44362894,0,1,unassigned,37.0,37.0,0.0,1.0,0.0,0.0,0.06769826,0.0,0,0,0,0,0
27568,-1,0,3.6678174,0.97510356,1,1,unassigned,5.0,3.0,2.0,0.6,0.4,0.39999998,0.0058027077,0.002321083,0,0,0,1,1
27569,-1,0,2.1903017,0.89937514,1,1,unassigned,2.0,2.0,0.0,1.0,0.0,0.0,0.0,0.0,0,0,0,1,0
27570,-1,0,3.663397,0.974996,1,1,unassigned,4.0,4.0,0.0,1.0,0.0,0.0,0.003868472,0.0,0,0,0,1,1
27571,-1,0,5.458284,0.99575716,1,1,unassigned,2.0,2.0,0.0,1.0,0.0,0.0,0.0,0.0,0,0,0,1,1
27572,-1,0,1.355084,0.79495955,1,1,unassigned,3.0,3.0,0.0,1.0,0.0,0.0,0.001934236,0.0,0,0,0,1,0
27573,1,0,5.533286,0.9960626,1,0,unassigned,12.0,12.0,0.0,1.0,0.0,0.0,0.01934236,0.0,0,0,1,1,1
27574,-1,1,1.5705726,0.82786524,1,1,unassigned,2.0,2.0,0.0,1.0,0.0,0.0,0.0,0.0,1,0,0,1,0
27575,-1,0,1.2516668,0.77758825,1,1,unassigned,3.0,3.0,0.0,1.0,0.0,0.0,0.001934236,0.0,0,0,0,1,0
27576,-1,1,1.7187898,0.84797287,1,1,unassigned,4.0,3.0,1.0,0.75,0.25,0.25,0.003868472,0.000967118,1,0,0,1,0
27577,-1,0,2.9340677,0.9495051,1,1,unassigned,26.0,25.0,1.0,0.96153843,0.03846154,0.038461566,0.046421662,0.0017854486,0,0,0,1,1
27578,-1,0,4.7156157,0.99112505,1,1,unassigned,30.0,30.0,0.0,1.0,0.0,0.0,0.054158606,0.0,0,0,0,1,1
27579,-1,1,0.34616393,0.58568704,1,1,unassigned,3.0,3.0,0.0,1.0,0.0,0.0,0.001934236,0.0,1,0,0,1,0
27580,0,0,-0.2869988,0.42873874,0,0,test,13.0,13.0,0.0,1.0,0.0,0.0,0.021276595,0.0,0,0,1,0,0
27581,-1,0,2.253846,0.90498173,1,1,unassigned,7.0,6.0,1.0,0.85714287,0.14285715,0.14285713,0.00967118,0.0013815971,0,0,0,1,1
27582,-1,0,2.4372303,0.9196226,1,1,unassigned,4.0,4.0,0.0,1.0,0.0,0.0,0.003868472,0.0,0,0,0,1,1
27583,-1,0,0.34659296,0.5857912,1,1,unassigned,30.0,28.0,2.0,0.93333334,0.06666667,0.06666666,0.054158606,0.003610574,0,0,0,1,0
27584,-1,0,-0.33683264,0.4165791,0,1,unassigned,7.0,7.0,0.0,1.0,0.0,0.0,0.00967118,0.0,0,0,0,0,0
27585,-1,1,0.37156528,0.59183717,1,1,unassigned,5.0,5.0,0.0,1.0,0.0,0.0,0.0058027077,0.0,1,0,0,1,0
27586,-1,1,2.9329922,0.9494534,1,1,unassigned,11.0,8.0,3.0,0.72727275,0.27272728,0.27272725,0.017408123,0.00474767,1,0,0,1,1
27587,-1,0,4.308683,0.9867273,1,1,unassigned,8.0,8.0,0.0,1.0,0.0,0.0,0.0116054155,0.0,0,0,0,1,1
27588,-1,0,2.982354,0.9517706,1,1,unassigned,6.0,5.0,1.0,0.8333333,0.16666667,0.16666669,0.007736944,0.0012894907,0,0,0,1,1
27589,-1,0,1.9677916,0.87737375,1,1,unassigned,5.0,5.0,0.0,1.0,0.0,0.0,0.0058027077,0.0,0,0,0,1,0
27590,-1,0,0.27416652,0.5681155,1,1,unassigned,5.0,5.0,0.0,1.0,0.0,0.0,0.0058027077,0.0,0,0,0,1,0
27591,-1,1,5.6151443,0.9963709,1,1,unassigned,10.0,6.0,4.0,0.6,0.4,0.39999998,0.015473888,0.0061895554,1,0,0,1,1
27592,-1,0,-0.23496294,0.441528,0,1,unassigned,22.0,21.0,1.0,0.95454544,0.045454547,0.04545456,0.03868472,0.0017583964,0,0,0,0,0
27593,0,0,0.015456617,0.50386405,1,1,val,26.0,26.0,0.0,1.0,0.0,0.0,0.046421662,0.0,0,0,0,1,0
27594,-1,0,-0.792305,0.31167397,0,1,unassigned,15.0,15.0,0.0,1.0,0.0,0.0,0.025145067,0.0,0,0,0,0,0
27595,-1,1,1.2638495,0.77968806,1,1,unassigned,5.0,5.0,0.0,1.0,0.0,0.0,0.0058027077,0.0,1,0,0,1,0
27596,1,0,-0.8349032,0.30260932,0,1,unassigned,2.0,2.0,0.0,1.0,0.0,0.0,0.0,0.0,0,0,0,0,0
27597,-1,0,-0.6255535,0.34851944,0,1,unassigned,4.0,4.0,0.0,1.0,0.0,0.0,0.003868472,0.0,0,0,0,0,0
27598,0,0,0.54299015,0.63250774,1,1,unassigned,3.0,3.0,0.0,1.0,0.0,0.0,0.001934236,0.0,0,0,0,1,0
27599,-1,0,1.8654068,0.8659259,1,1,unassigned,4.0,3.0,1.0,0.75,0.25,0.25,0.003868472,0.000967118,0,0,0,1,0
27600,-1,1,1.1344292,0.75665534,1,1,unassigned,16.0,14.0,2.0,0.875,0.125,0.125,0.027079303,0.0033849129,1,0,0,1,0
27601,-1,1,2.0454118,0.88548315,1,1,unassigned,3.0,3.0,0.0,1.0,0.0,0.0,0.001934236,0.0,1,0,0,1,0
27602,-1,0,-0.95531005,0.2778182,0,1,unassigned,20.0,18.0,2.0,0.9,0.1,0.100000024,0.034816246,0.0034816246,0,0,0,0,0
27603,-1,0,3.2604413,0.9630465,1,1,unassigned,4.0,4.0,0.0,1.0,0.0,0.0,0.003868472,0.0,0,0,0,1,1
27604,-1,0,0.38083392,0.5940742,1,1,unassigned,37.0,35.0,2.0,0.9459459,0.054054055,0.05405408,0.06769826,0.0036593657,0,0,0,1,0
27605,-1,1,-0.7341815,0.3242778,0,1,unassigned,11.0,11.0,0.0,1.0,0.0,0.0,0.017408123,0.0,1,0,0,0,0
27606,1,0,0.29066676,0.57215935,1,0,val,3.0,3.0,0.0,1.0,0.0,0.0,0.001934236,0.0,0,0,1,1,0
27607,1,0,5.859237,0.9971547,1,0,train,15.0,15.0,0.0,1.0,0.0,0.0,0.025145067,0.0,0,0,1,1,1
27608,1,0,2.4343965,0.91941285,1,0,test,35.0,35.0,0.0,1.0,0.0,0.0,0.06382979,0.0,0,0,1,1,1
27609,-1,0,-0.49159312,0.37951836,0,1,unassigned,9.0,9.0,0.0,1.0,0.0,0.0,0.013539651,0.0,0,0,0,0,0
27610,-1,0,0.25201124,0.5626715,1,1,unassigned,5.0,5.0,0.0,1.0,0.0,0.0,0.0058027077,0.0,0,0,0,1,0
27611,-1,0,3.3400877,0.9657787,1,1,unassigned,14.0,13.0,1.0,0.9285714,0.071428575,0.0714286,0.023210831,0.0016579166,0,0,0,1,1
27612,-1,0,0.99420196,0.7299171,1,1,unassigned,3.0,2.0,1.0,0.6666667,0.33333334,0.3333333,0.001934236,0.00064474536,0,0,0,1,0
27613,-1,1,1.8607707,0.8653867,1,1,unassigned,17.0,17.0,0.0,1.0,0.0,0.0,0.029013539,0.0,1,0,0,1,0
27614,-1,0,-0.5979629,0.35480988,0,1,unassigned,3.0,3.0,0.0,1.0,0.0,0.0,0.001934236,0.0,0,0,0,0,0
27615,-1,0,-0.20357311,0.44928175,0,1,unassigned,2.0,2.0,0.0,1.0,0.0,0.0,0.0,0.0,0,0,0,0,0
27616,-1,0,-0.78916216,0.3123486,0,1,unassigned,3.0,3.0,0.0,1.0,0.0,0.0,0.001934236,0.0,0,0,0,0,0
27617,-1,1,-0.8408295,0.3013601,0,1,unassigned,47.0,47.0,0.0,1.0,0.0,0.0,0.08704062,0.0,1,0,0,0,0
27618,-1,1,-0.17788938,0.45564458,0,1,unassigned,76.0,75.0,1.0,0.9868421,0.013157895,0.013157904,0.14313346,0.0018833351,1,0,0,0,0
27619,-1,0,-0.005920291,0.49851987,0,1,unassigned,9.0,8.0,1.0,0.8888889,0.11111111,0.111111104,0.013539651,0.0015044058,0,0,0,0,0
27620,-1,1,6.0476775,0.9976422,1,1,unassigned,5.0,4.0,1.0,0.8,0.2,0.19999999,0.0058027077,0.0011605415,1,0,0,1,1
27621,-1,0,4.0929084,0.9835834,1,1,unassigned,5.0,2.0,3.0,0.4,0.6,0.6,0.0058027077,0.0034816249,0,0,0,1,1
27622,-1,1,-0.30015257,0.42552018,0,1,unassigned,6.0,6.0,0.0,1.0,0.0,0.0,0.007736944,0.0,1,0,0,0,0
27623,-1,0,4.63108,0.99034977,1,1,unassigned,6.0,6.0,0.0,1.0,0.0,0.0,0.007736944,0.0,0,0,0,1,1
27624,-1,1,2.595826,0.9305925,1,1,unassigned,5.0,3.0,2.0,0.6,0.4,0.39999998,0.0058027077,0.002321083,1,0,0,1,1
27625,-1,1,4.4446263,0.98839474,1,1,unassigned,27.0,16.0,11.0,0.5925926,0.4074074,0.4074074,0.0483559,0.019700551,1,0,0,1,1
27626,-1,1,0.7332619,0.67552066,1,1,unassigned,2.0,1.0,1.0,0.5,0.5,0.5,0.0,0.0,1,0,0,1,0
27627,-1,0,-0.6923778,0.33350432,0,1,unassigned,42.0,41.0,1.0,0.97619045,0.023809524,0.023809552,0.07736944,0.0018421295,0,0,0,0,0
27628,1,1,5.164599,0.9943171,1,0,train,26.0,25.0,1.0,0.96153843,0.03846154,0.038461566,0.046421662,0.0017854486,1,0,1,1,1
27629,0,0,-0.07983205,0.4800526,0,0,val,11.0,11.0,0.0,1.0,0.0,0.0,0.017408123,0.0,0,0,1,0,0
27630,1,1,3.0121734,0.95312107,1,0,train,4.0,4.0,0.0,1.0,0.0,0.0,0.003868472,0.0,1,0,1,1,1
27631,1,0,2.750405,0.93993616,1,0,test,3.0,3.0,0.0,1.0,0.0,0.0,0.001934236,0.0,0,0,1,1,1
27632,-1,1,-0.59955513,0.35444546,0,1,unassigned,57.0,56.0,1.0,0.98245615,0.01754386,0.017543852,0.10638298,0.0018663681,1,0,0,0,0
27633,-1,1,4.238995,0.985783,1,1,unassigned,4.0,4.0,0.0,1.0,0.0,0.0,0.003868472,0.0,1,0,0,1,1
27634,-1,1,0.9283777,0.71674603,1,1,unassigned,2.0,2.0,0.0,1.0,0.0,0.0,0.0,0.0,1,0,0,1,0
27635,-1,1,0.63518256,0.65366364,1,1,unassigned,4.0,3.0,1.0,0.75,0.25,0.25,0.003868472,0.000967118,1,0,0,1,0
27636,-1,0,0.554887,0.6352686,1,1,unassigned,2.0,2.0,0.0,1.0,0.0,0.0,0.0,0.0,0,0,0,1,0
27637,-1,0,-0.6504974,0.34287745,0,1,unassigned,20.0,20.0,0.0,1.0,0.0,0.0,0.034816246,0.0,0,0,0,0,0
27638,-1,1,0.95638686,0.7223978,1,1,unassigned,3.0,3.0,0.0,1.0,0.0,0.0,0.001934236,0.0,1,0,0,1,0
27639,-1,0,2.0968812,0.89059967,1,1,unassigned,9.0,6.0,3.0,0.6666667,0.33333334,0.3333333,0.013539651,0.004513217,0,0,0,1,0
27640,0,0,-0.43549138,0.3928158,0,0,unassigned,35.0,35.0,0.0,1.0,0.0,0.0,0.06382979,0.0,0,0,1,0,0
27641,-1,1,1.2133408,0.7708895,1,1,unassigned,33.0,33.0,0.0,1.0,0.0,0.0,0.059961315,0.0,1,0,0,1,0
27642,-1,0,1.0172036,0.7344276,1,1,unassigned,2.0,2.0,0.0,1.0,0.0,0.0,0.0,0.0,0,0,0,1,0
27643,-1,0,-0.05824989,0.48544163,0,1,unassigned,49.0,47.0,2.0,0.9591837,0.040816326,0.040816307,0.09090909,0.0037105752,0,0,0,0,0
27644,-1,0,4.3552527,0.9873236,1,1,unassigned,2.0,2.0,0.0,1.0,0.0,0.0,0.0,0.0,0,0,0,1,1
27645,0,1,-1.4715223,0.18671134,0,0,unassigned,3.0,1.0,2.0,0.33333334,0.6666667,0.6666666,0.001934236,0.0012894907,1,0,1,0,0
27646,-1,0,-0.6830402,0.3355831,0,1,unassigned,58.0,58.0,0.0,1.0,0.0,0.0,0.10831721,0.0,0,0,0,0,0
27647,-1,0,2.685566,0.93616956,1,1,unassigned,57.0,56.0,1.0,0.98245615,0.01754386,0.017543852,0.10638298,0.0018663681,0,0,0,1,1
27648,-1,0,1.0643463,0.74352026,1,1,unassigned,2.0,2.0,0.0,1.0,0.0,0.0,0.0,0.0,0,0,0,1,0
27649,-1,0,0.27218837,0.56763005,1,1,unassigned,2.0,2.0,0.0,1.0,0.0,0.0,0.0,0.0,0,0,0,1,0
27650,-1,0,1.754041,0.85246176,1,1,unassigned,3.0,2.0,1.0,0.6666667,0.33333334,0.3333333,0.001934236,0.00064474536,0,0,0,1,0
27651,-1,0,-0.042918384,0.48927203,0,1,unassigned,26.0,26.0,0.0,1.0,0.0,0.0,0.046421662,0.0,0,0,0,0,0
27652,-1,0,2.9149504,0.94858056,1,1,unassigned,7.0,7.0,0.0,1.0,0.0,0.0,0.00967118,0.0,0,0,0,1,1
27653,-1,1,-0.1121043,0.47200325,0,1,unassigned,8.0,8.0,0.0,1.0,0.0,0.0,0.0116054155,0.0,1,0,0,0,0
27654,-1,0,0.08402151,0.52099305,1,1,unassigned,5.0,5.0,0.0,1.0,0.0,0.0,0.0058027077,0.0,0,0,0,1,0
27655,-1,1,1.2470763,0.7767933,1,1,unassigned,27.0,27.0,0.0,1.0,0.0,0.0,0.0483559,0.0,1,0,0,1,0
27656,-1,0,2.7038827,0.9372554,1,1,unassigned,12.0,12.0,0.0,1.0,0.0,0.0,0.01934236,0.0,0,0,0,1,1
27657,-1,0,5.050711,0.993636,1,1,unassigned,6.0,6.0,0.0,1.0,0.0,0.0,0.007736944,0.0,0,0,0,1,1
27658,-1,1,10.536046,0.9999734,1,1,unassigned,2.0,1.0,1.0,0.5,0.5,0.5,0.0,0.0,1,0,0,1,1
27659,-1,0,2.4662812,0.9217439,1,1,unassigned,4.0,4.0,0.0,1.0,0.0,0.0,0.003868472,0.0,0,0,0,1,1
27660,-1,0,-0.9552198,0.2778363,0,1,unassigned,2.0,2.0,0.0,1.0,0.0,0.0,0.0,0.0,0,0,0,0,0
27661,1,0,-0.90977,0.2870469,0,1,unassigned,64.0,64.0,0.0,1.0,0.0,0.0,0.11992263,0.0,0,0,0,0,0
27662,-1,0,-0.6269736,0.34819707,0,1,unassigned,70.0,70.0,0.0,1.0,0.0,0.0,0.13152805,0.0,0,0,0,0,0
27663,-1,0,0.86870176,0.70447546,1,1,unassigned,21.0,21.0,0.0,1.0,0.0,0.0,0.036750484,0.0,0,0,0,1,0
27664,-1,0,1.1383097,0.75736916,1,1,unassigned,4.0,4.0,0.0,1.0,0.0,0.0,0.003868472,0.0,0,0,0,1,0
27665,-1,0,5.9175887,0.9973156,1,1,unassigned,5.0,4.0,1.0,0.8,0.2,0.19999999,0.0058027077,0.0011605415,0,0,0,1,1
27666,-1,0,-0.07506701,0.48124203,0,1,unassigned,25.0,25.0,0.0,1.0,0.0,0.0,0.044487428,0.0,0,0,0,0,0
27667,-1,0,3.2916152,0.96414,1,1,unassigned,2.0,2.0,0.0,1.0,0.0,0.0,0.0,0.0,0,0,0,1,1
27668,-1,0,2.2720158,0.90653276,1,1,unassigned,2.0,2.0,0.0,1.0,0.0,0.0,0.0,0.0,0,0,0,1,1
27669,-1,0,0.4626972,0.61365384,1,1,unassigned,4.0,3.0,1.0,0.75,0.25,0.25,0.003868472,0.000967118,0,0,0,1,0
27670,-1,0,-0.5123069,0.3746529,0,1,unassigned,22.0,22.0,0.0,1.0,0.0,0.0,0.03868472,0.0,0,0,0,0,0
27671,-1,0,0.79136795,0.68812495,1,1,unassigned,8.0,5.0,3.0,0.625,0.375,0.375,0.0116054155,0.004352031,0,0,0,1,0
27672,-1,0,0.7431856,0.67769206,1,1,unassigned,24.0,24.0,0.0,1.0,0.0,0.0,0.04255319,0.0,0,0,0,1,0
27673,-1,0,-0.1754367,0.456253,0,1,unassigned,45.0,45.0,0.0,1.0,0.0,0.0,0.08317215,0.0,0,0,0,0,0
27674,-1,0,0.7770365,0.68504107,1,1,unassigned,9.0,9.0,0.0,1.0,0.0,0.0,0.013539651,0.0,0,0,0,1,0
27675,0,0,-0.3533977,0.41255873,0,0,test,47.0,47.0,0.0,1.0,0.0,0.0,0.08704062,0.0,0,0,1,0,0
27676,-1,0,-0.28519246,0.42918122,0,1,unassigned,31.0,31.0,0.0,1.0,0.0,0.0,0.056092843,0.0,0,0,0,0,0
27677,0,0,-0.7497489,0.32087603,0,0,unassigned,22.0,22.0,0.0,1.0,0.0,0.0,0.03868472,0.0,0,0,1,0,0
27678,-1,0,0.25604945,0.5636649,1,1,unassigned,6.0,5.0,1.0,0.8333333,0.16666667,0.16666669,0.007736944,0.0012894907,0,0,0,1,0
27679,-1,0,2.9786384,0.95159966,1,1,unassigned,9.0,9.0,0.0,1.0,0.0,0.0,0.013539651,0.0,0,0,0,1,1
27680,1,0,1.6751857,0.842266,1,0,test,10.0,10.0,0.0,1.0,0.0,0.0,0.015473888,0.0,0,0,1,1,0
27681,-1,0,3.2236106,0.9617132,1,1,unassigned,2.0,2.0,0.0,1.0,0.0,0.0,0.0,0.0,0,0,0,1,1
27682,-1,0,4.4362283,0.9882981,1,1,unassigned,2.0,2.0,0.0,1.0,0.0,0.0,0.0,0.0,0,0,0,1,1
27683,-1,0,5.5106597,0.9959728,1,1,unassigned,2.0,2.0,0.0,1.0,0.0,0.0,0.0,0.0,0,0,0,1,1
27684,-1,0,-0.056779504,0.4858089,0,1,unassigned,2.0,2.0,0.0,1.0,0.0,0.0,0.0,0.0,0,0,0,0,0
27685,-1,0,2.719198,0.93815,1,1,unassigned,2.0,2.0,0.0,1.0,0.0,0.0,0.0,0.0,0,0,0,1,1
27686,-1,0,-0.9716618,0.2745494,0,1,unassigned,58.0,58.0,0.0,1.0,0.0,0.0,0.10831721,0.0,0,0,0,0,0
27687,-1,0,-0.43870693,0.39204913,0,1,unassigned,55.0,53.0,2.0,0.96363634,0.036363635,0.03636366,0.102514505,0.0037278,0,0,0,0,0
27688,-1,0,-0.8964273,0.28978524,0,1,unassigned,35.0,35.0,0.0,1.0,0.0,0.0,0.06382979,0.0,0,0,0,0,0
27689,-1,0,-0.7373844,0.32357636,0,1,unassigned,123.0,123.0,0.0,1.0,0.0,0.0,0.23404256,0.0,0,0,0,0,0
27690,1,0,3.3780754,0.9670123,1,0,val,55.0,47.0,8.0,0.8545455,0.14545454,0.14545453,0.102514505,0.0149112,0,0,1,1,1
27691,-1,0,0.6960409,0.6673094,1,1,unassigned,3.0,3.0,0.0,1.0,0.0,0.0,0.001934236,0.0,0,0,0,1,0
27692,-1,0,8.65237,0.9998253,1,1,unassigned,2.0,2.0,0.0,1.0,0.0,0.0,0.0,0.0,0,0,0,1,1
27693,1,1,3.7118876,0.9761513,1,0,val,18.0,14.0,4.0,0.7777778,0.22222222,0.22222221,0.030947777,0.0068772836,1,0,1,1,1
27694,-1,0,2.8370614,0.94464606,1,1,unassigned,8.0,6.0,2.0,0.75,0.25,0.25,0.0116054155,0.0029013539,0,0,0,1,1
27695,-1,0,2.1060789,0.89149266,1,1,unassigned,4.0,4.0,0.0,1.0,0.0,0.0,0.003868472,0.0,0,0,0,1,0
27696,-1,0,0.23829442,0.55929327,1,1,unassigned,3.0,3.0,0.0,1.0,0.0,0.0,0.001934236,0.0,0,0,0,1,0
27697,-1,0,-0.3001559,0.42551938,0,1,unassigned,18.0,18.0,0.0,1.0,0.0,0.0,0.030947777,0.0,0,0,0,0,0
27698,-1,0,-0.85994685,0.29735047,0,1,unassigned,30.0,27.0,3.0,0.9,0.1,0.100000024,0.054158606,0.0054158606,0,0,0,0,0
27699,-1,0,0.6043137,0.64664257,1,1,unassigned,4.0,3.0,1.0,0.75,0.25,0.25,0.003868472,0.000967118,0,0,0,1,0
27700,-1,0,2.5320199,0.92635626,1,1,unassigned,14.0,14.0,0.0,1.0,0.0,0.0,0.023210831,0.0,0,0,0,1,1
27701,-1,0,-0.36475056,0.40981007,0,1,unassigned,52.0,52.0,0.0,1.0,0.0,0.0,0.0967118,0.0,0,0,0,0,0
27702,-1,0,3.2522662,0.9627545,1,1,unassigned,25.0,22.0,3.0,0.88,0.12,0.120000005,0.044487428,0.0053384914,0,0,0,1,1
27703,-1,0,1.4665015,0.8125251,1,1,unassigned,3.0,3.0,0.0,1.0,0.0,0.0,0.001934236,0.0,0,0,0,1,0
27704,-1,0,2.5715525,0.9290081,1,1,unassigned,2.0,2.0,0.0,1.0,0.0,0.0,0.0,0.0,0,0,0,1,1
27705,-1,0,2.7148697,0.93789834,1,1,unassigned,4.0,4.0,0.0,1.0,0.0,0.0,0.003868472,0.0,0,0,0,1,1
27706,-1,1,4.640342,0.9904379,1,1,unassigned,10.0,6.0,4.0,0.6,0.4,0.39999998,0.015473888,0.0061895554,1,0,0,1,1
27707,1,0,0.6200226,0.6502237,1,0,unassigned,21.0,20.0,1.0,0.95238096,0.04761905,0.047619045,0.036750484,0.0017500231,0,0,1,1,0
27708,-1,0,-0.5964718,0.35515133,0,1,unassigned,32.0,32.0,0.0,1.0,0.0,0.0,0.058027077,0.0,0,0,0,0,0
27709,-1,0,0.3734547,0.5922935,1,1,unassigned,4.0,4.0,0.0,1.0,0.0,0.0,0.003868472,0.0,0,0,0,1,0
27710,-1,0,-0.2848551,0.4292639,0,1,unassigned,21.0,21.0,0.0,1.0,0.0,0.0,0.036750484,0.0,0,0,0,0,0
27711,-1,0,4.1833205,0.9849812,1,1,unassigned,4.0,4.0,0.0,1.0,0.0,0.0,0.003868472,0.0,0,0,0,1,1
27712,-1,1,-0.779922,0.3143367,0,1,unassigned,93.0,88.0,5.0,0.94623655,0.05376344,0.05376345,0.17601547,0.009463198,1,0,0,0,0
27713,-1,0,-0.7170603,0.32804063,0,1,unassigned,13.0,13.0,0.0,1.0,0.0,0.0,0.021276595,0.0,0,0,0,0,0
27714,-1,0,-0.9579681,0.27728522,0,1,unassigned,8.0,8.0,0.0,1.0,0.0,0.0,0.0116054155,0.0,0,0,0,0,0
27715,-1,0,-0.2755798,0.4315378,0,1,unassigned,18.0,17.0,1.0,0.9444444,0.055555556,0.055555582,0.030947777,0.0017193209,0,0,0,0,0
27716,-1,0,-0.79177946,0.3117867,0,1,unassigned,39.0,39.0,0.0,1.0,0.0,0.0,0.07156673,0.0,0,0,0,0,0
27717,-1,0,-0.6451443,0.34408462,0,1,unassigned,19.0,19.0,0.0,1.0,0.0,0.0,0.032882012,0.0,0,0,0,0,0
27718,-1,0,-0.32491902,0.41947737,0,1,unassigned,8.0,8.0,0.0,1.0,0.0,0.0,0.0116054155,0.0,0,0,0,0,0
27719,-1,0,-0.011618733,0.49709538,0,1,unassigned,8.0,8.0,0.0,1.0,0.0,0.0,0.0116054155,0.0,0,0,0,0,0
27720,-1,0,2.7412527,0.9394175,1,1,unassigned,8.0,8.0,0.0,1.0,0.0,0.0,0.0116054155,0.0,0,0,0,1,1
27721,0,0,0.18709028,0.54663664,1,1,unassigned,8.0,7.0,1.0,0.875,0.125,0.125,0.0116054155,0.0014506769,0,0,0,1,0
27722,-1,0,-0.5425832,0.36758688,0,1,unassigned,21.0,21.0,0.0,1.0,0.0,0.0,0.036750484,0.0,0,0,0,0,0
27723,-1,1,4.3465285,0.98721385,1,1,unassigned,23.0,17.0,6.0,0.73913044,0.26086956,0.26086956,0.040618956,0.010596249,1,0,0,1,1
27724,-1,0,-0.05501014,0.4862509,0,1,unassigned,7.0,7.0,0.0,1.0,0.0,0.0,0.00967118,0.0,0,0,0,0,0
27725,-1,0,2.2153337,0.901618,1,1,unassigned,2.0,2.0,0.0,1.0,0.0,0.0,0.0,0.0,0,0,0,1,1
27726,1,1,4.315136,0.98681146,1,0,unassigned,6.0,6.0,0.0,1.0,0.0,0.0,0.007736944,0.0,1,0,1,1,1
27727,-1,0,7.9706445,0.99965465,1,1,unassigned,26.0,22.0,4.0,0.84615386,0.15384616,0.15384614,0.046421662,0.0071417945,0,0,0,1,1
27728,-1,0,5.5304112,0.9960514,1,1,unassigned,13.0,10.0,3.0,0.7692308,0.23076923,0.23076922,0.021276595,0.0049099834,0,0,0,1,1
27729,-1,0,1.9174097,0.8718493,1,1,unassigned,6.0,6.0,0.0,1.0,0.0,0.0,0.007736944,0.0,0,0,0,1,0
27730,-1,0,1.8164706,0.8601421,1,1,unassigned,2.0,2.0,0.0,1.0,0.0,0.0,0.0,0.0,0,0,0,1,0
27731,0,0,-0.92960685,0.28300446,0,0,val,2.0,2.0,0.0,1.0,0.0,0.0,0.0,0.0,0,0,1,0,0
27732,-1,1,1.7294464,0.8493416,1,1,unassigned,3.0,2.0,1.0,0.6666667,0.33333334,0.3333333,0.001934236,0.00064474536,1,0,0,1,0
27733,-1,1,-0.98515224,0.27187067,0,1,unassigned,40.0,35.0,5.0,0.875,0.125,0.125,0.07350097,0.009187621,1,0,0,0,0
27734,1,1,-0.20375666,0.44923633,0,1,val,13.0,13.0,0.0,1.0,0.0,0.0,0.021276595,0.0,1,0,0,0,0
27735,-1,0,0.87476045,0.70573527,1,1,unassigned,7.0,6.0,1.0,0.85714287,0.14285715,0.14285713,0.00967118,0.0013815971,0,0,0,1,0
27736,-1,1,4.990091,0.99324095,1,1,unassigned,24.0,22.0,2.0,0.9166667,0.083333336,0.08333331,0.04255319,0.0035460992,1,0,0,1,1
27737,-1,0,6.8835387,0.9989766,1,1,unassigned,44.0,38.0,6.0,0.8636364,0.13636364,0.13636363,0.08123791,0.011077898,0,0,0,1,1
27738,-1,0,0.597827,0.645159,1,1,unassigned,2.0,2.0,0.0,1.0,0.0,0.0,0.0,0.0,0,0,0,1,0
27739,0,1,1.9094689,0.87095946,1,1,test,25.0,23.0,2.0,0.92,0.08,0.07999998,0.044487428,0.003558994,1,0,0,1,0
27740,-1,0,5.1975093,0.99450004,1,1,unassigned,17.0,7.0,10.0,0.4117647,0.5882353,0.58823526,0.029013539,0.017066788,0,0,0,1,1
27741,-1,0,-0.18149239,0.45475104,0,1,unassigned,11.0,8.0,3.0,0.72727275,0.27272728,0.27272725,0.017408123,0.00474767,0,0,0,0,0
27742,0,0,-0.36169285,0.4105498,0,0,val,33.0,33.0,0.0,1.0,0.0,0.0,0.059961315,0.0,0,0,1,0,0
27743,-1,0,-0.3839658,0.40517074,0,1,unassigned,47.0,42.0,5.0,0.89361703,0.10638298,0.106382966,0.08704062,0.00925964,0,0,0,0,0
27744,-1,0,0.3593465,0.5888822,1,1,unassigned,26.0,24.0,2.0,0.9230769,0.07692308,0.07692307,0.046421662,0.0035708973,0,0,0,1,0
27745,-1,0,3.077276,0.9559456,1,1,unassigned,6.0,5.0,1.0,0.8333333,0.16666667,0.16666669,0.007736944,0.0012894907,0,0,0,1,1
27746,-1,0,-0.81618893,0.30657324,0,1,unassigned,13.0,13.0,0.0,1.0,0.0,0.0,0.021276595,0.0,0,0,0,0,0
27747,-1,0,0.10234767,0.5255646,1,1,unassigned,4.0,3.0,1.0,0.75,0.25,0.25,0.003868472,0.000967118,0,0,0,1,0
27748,-1,0,0.5976091,0.6451091,1,1,unassigned,17.0,17.0,0.0,1.0,0.0,0.0,0.029013539,0.0,0,0,0,1,0
27749,-1,0,-0.7591469,0.3188315,0,1,unassigned,13.0,12.0,1.0,0.9230769,0.07692308,0.07692307,0.021276595,0.0016366612,0,0,0,0,0
27750,0,0,-0.39063627,0.40356416,0,0,val,29.0,29.0,0.0,1.0,0.0,0.0,0.05222437,0.0,0,0,1,0,0
27751,-1,0,-0.9272362,0.28348574,0,1,unassigned,56.0,55.0,1.0,0.98214287,0.017857144,0.017857134,0.10444874,0.0018651562,0,0,0,0,0
27752,-1,1,5.19834,0.99450463,1,1,unassigned,7.0,6.0,1.0,0.85714287,0.14285715,0.14285713,0.00967118,0.0013815971,1,0,0,1,1
27753,-1,0,-0.8792352,0.29333627,0,1,unassigned,64.0,64.0,0.0,1.0,0.0,0.0,0.11992263,0.0,0,0,0,0,0
27754,-1,0,-0.8094411,0.30800962,0,1,unassigned,2.0,2.0,0.0,1.0,0.0,0.0,0.0,0.0,0,0,0,0,0
27755,-1,0,-0.012198806,0.49695033,0,1,unassigned,15.0,15.0,0.0,1.0,0.0,0.0,0.025145067,0.0,0,0,0,0,0
27756,1,0,1.5827649,0.8295957,1,0,unassigned,7.0,5.0,2.0,0.71428573,0.2857143,0.28571427,0.00967118,0.0027631943,0,0,1,1,0
27757,-1,0,-0.084824234,0.47880664,0,1,unassigned,3.0,3.0,0.0,1.0,0.0,0.0,0.001934236,0.0,0,0,0,0,0
27758,-1,0,0.059661925,0.51491106,1,1,unassigned,3.0,3.0,0.0,1.0,0.0,0.0,0.001934236,0.0,0,0,0,1,0
27759,-1,0,0.5654208,0.6377059,1,1,unassigned,5.0,5.0,0.0,1.0,0.0,0.0,0.0058027077,0.0,0,0,0,1,0
27760,-1,0,6.169255,0.9979115,1,1,unassigned,13.0,11.0,2.0,0.84615386,0.15384616,0.15384614,0.021276595,0.0032733225,0,0,0,1,1
27761,-1,1,-0.46226302,0.3864491,0,1,unassigned,2.0,2.0,0.0,1.0,0.0,0.0,0.0,0.0,1,0,0,0,0
27762,-1,1,-0.7139923,0.3287173,0,1,unassigned,27.0,25.0,2.0,0.9259259,0.074074075,0.07407409,0.0483559,0.0035819185,1,0,0,0,0
27763,-1,0,0.2402013,0.55976325,1,1,unassigned,2.0,2.0,0.0,1.0,0.0,0.0,0.0,0.0,0,0,0,1,0
27764,-1,0,-0.61028135,0.35199502,0,1,unassigned,2.0,2.0,0.0,1.0,0.0,0.0,0.0,0.0,0,0,0,0,0
27765,-1,0,12.354774,0.9999957,1,1,unassigned,2.0,2.0,0.0,1.0,0.0,0.0,0.0,0.0,0,0,0,1,1
27766,-1,1,-0.7718853,0.31607142,0,1,unassigned,39.0,38.0,1.0,0.974359,0.025641026,0.025641024,0.07156673,0.0018350444,1,0,0,0,0
27767,-1,0,-0.005789995,0.49855247,0,1,unassigned,15.0,15.0,0.0,1.0,0.0,0.0,0.025145067,0.0,0,0,0,0,0
27768,-1,0,-0.70196635,0.3313764,0,1,unassigned,4.0,4.0,0.0,1.0,0.0,0.0,0.003868472,0.0,0,0,0,0,0
27769,-1,0,3.0139067,0.9531985,1,1,unassigned,3.0,3.0,0.0,1.0,0.0,0.0,0.001934236,0.0,0,0,0,1,1
27770,-1,0,4.117703,0.983979,1,1,unassigned,6.0,6.0,0.0,1.0,0.0,0.0,0.007736944,0.0,0,0,0,1,1
27771,-1,0,2.8588736,0.9457755,1,1,unassigned,8.0,8.0,0.0,1.0,0.0,0.0,0.0116054155,0.0,0,0,0,1,1
27772,-1,0,2.7113822,0.93769497,1,1,unassigned,45.0,45.0,0.0,1.0,0.0,0.0,0.08317215,0.0,0,0,0,1,1
27773,0,0,-0.5288274,0.37079042,0,0,unassigned,17.0,16.0,1.0,0.9411765,0.05882353,0.058823526,0.029013539,0.0017066788,0,0,1,0,0
27774,-1,0,-0.12970188,0.46761996,0,1,unassigned,10.0,10.0,0.0,1.0,0.0,0.0,0.015473888,0.0,0,0,0,0,0
27775,1,0,-0.9081948,0.28736937,0,1,unassigned,2.0,2.0,0.0,1.0,0.0,0.0,0.0,0.0,0,0,0,0,0
27776,0,0,-0.63655335,0.3460261,0,0,val,11.0,11.0,0.0,1.0,0.0,0.0,0.017408123,0.0,0,0,1,0,0
27777,-1,0,0.039407194,0.5098505,1,1,unassigned,3.0,3.0,0.0,1.0,0.0,0.0,0.001934236,0.0,0,0,0,1,0
27778,-1,0,-0.75449824,0.31984192,0,1,unassigned,7.0,6.0,1.0,0.85714287,0.14285715,0.14285713,0.00967118,0.0013815971,0,0,0,0,0
27779,-1,0,-0.07284793,0.48179606,0,1,unassigned,7.0,7.0,0.0,1.0,0.0,0.0,0.00967118,0.0,0,0,0,0,0
27780,-1,0,2.7040484,0.9372651,1,1,unassigned,6.0,4.0,2.0,0.6666667,0.33333334,0.3333333,0.007736944,0.0025789815,0,0,0,1,1
27781,-1,0,-0.98686826,0.2715311,0,1,unassigned,23.0,23.0,0.0,1.0,0.0,0.0,0.040618956,0.0,0,0,0,0,0
27782,-1,0,0.31806308,0.5788521,1,1,unassigned,40.0,40.0,0.0,1.0,0.0,0.0,0.07350097,0.0,0,0,0,1,0
27783,-1,0,4.1766534,0.9848823,1,1,unassigned,2.0,2.0,0.0,1.0,0.0,0.0,0.0,0.0,0,0,0,1,1
27784,-1,1,-0.46463206,0.38588756,0,1,unassigned,7.0,7.0,0.0,1.0,0.0,0.0,0.00967118,0.0,1,0,0,0,0
27785,-1,0,10.765335,0.9999789,1,1,unassigned,2.0,2.0,0.0,1.0,0.0,0.0,0.0,0.0,0,0,0,1,1
27786,0,0,1.2296202,0.7737521,1,1,val,30.0,29.0,1.0,0.96666664,0.033333335,0.03333336,0.054158606,0.001805287,0,0,0,1,0
27787,-1,1,1.3079937,0.78717726,1,1,unassigned,27.0,25.0,2.0,0.9259259,0.074074075,0.07407409,0.0483559,0.0035819185,1,0,0,1,0
27788,-1,0,2.3003366,0.9089049,1,1,unassigned,4.0,4.0,0.0,1.0,0.0,0.0,0.003868472,0.0,0,0,0,1,1
27789,-1,1,-0.13907117,0.46528813,0,1,unassigned,3.0,1.0,2.0,0.33333334,0.6666667,0.6666666,0.001934236,0.0012894907,1,0,0,0,0
27790,-1,0,-0.17804837,0.45560512,0,1,unassigned,11.0,11.0,0.0,1.0,0.0,0.0,0.017408123,0.0,0,0,0,0,0
27791,-1,0,-0.55848724,0.36389753,0,1,unassigned,15.0,15.0,0.0,1.0,0.0,0.0,0.025145067,0.0,0,0,0,0,0
27792,-1,1,0.048943996,0.51223356,1,1,unassigned,10.0,10.0,0.0,1.0,0.0,0.0,0.015473888,0.0,1,0,0,1,0
27793,-1,0,0.13393039,0.53343266,1,1,unassigned,20.0,19.0,1.0,0.95,0.05,0.050000012,0.034816246,0.0017408123,0,0,0,1,0
27794,-1,0,-0.9296465,0.28299645,0,1,unassigned,2.0,2.0,0.0,1.0,0.0,0.0,0.0,0.0,0,0,0,0,0
27795,-1,0,-0.66464907,0.33969602,0,1,unassigned,4.0,4.0,0.0,1.0,0.0,0.0,0.003868472,0.0,0,0,0,0,0
27796,-1,1,0.07332647,0.5183234,1,1,unassigned,76.0,72.0,4.0,0.94736844,0.05263158,0.052631557,0.14313346,0.0075333402,1,0,0,1,0
27797,0,0,1.0184469,0.73467,1,1,test,2.0,1.0,1.0,0.5,0.5,0.5,0.0,0.0,0,0,0,1,0
27798,-1,0,2.0818157,0.8891232,1,1,unassigned,8.0,8.0,0.0,1.0,0.0,0.0,0.0116054155,0.0,0,0,0,1,0
27799,-1,1,0.8160706,0.69340163,1,1,unassigned,8.0,5.0,3.0,0.625,0.375,0.375,0.0116054155,0.004352031,1,0,0,1,0
27800,-1,0,1.3648803,0.7965517,1,1,unassigned,9.0,9.0,0.0,1.0,0.0,0.0,0.013539651,0.0,0,0,0,1,0
27801,-1,0,-0.6337654,0.34665725,0,1,unassigned,68.0,68.0,0.0,1.0,0.0,0.0,0.12765957,0.0,0,0,0,0,0
27802,-1,0,3.6973002,0.9758093,1,1,unassigned,11.0,11.0,0.0,1.0,0.0,0.0,0.017408123,0.0,0,0,0,1,1
27803,0,0,-0.81778306,0.30623448,0,0,val,14.0,14.0,0.0,1.0,0.0,0.0,0.023210831,0.0,0,0,1,0,0
27804,-1,1,-0.7871786,0.31277478,0,1,unassigned,7.0,7.0,0.0,1.0,0.0,0.0,0.00967118,0.0,1,0,0,0,0
27805,-1,0,-0.29314658,0.42723373,0,1,unassigned,22.0,22.0,0.0,1.0,0.0,0.0,0.03868472,0.0,0,0,0,0,0
27806,-1,1,3.809427,0.9783196,1,1,unassigned,5.0,2.0,3.0,0.4,0.6,0.6,0.0058027077,0.0034816249,1,0,0,1,1
27807,-1,0,5.57865,0.9962366,1,1,unassigned,2.0,2.0,0.0,1.0,0.0,0.0,0.0,0.0,0,0,0,1,1
27808,-1,0,-0.25682834,0.43614352,0,1,unassigned,21.0,18.0,3.0,0.85714287,0.14285715,0.14285713,0.036750484,0.0052500693,0,0,0,0,0
27809,-1,0,-0.24640706,0.438708,0,1,unassigned,17.0,17.0,0.0,1.0,0.0,0.0,0.029013539,0.0,0,0,0,0,0
27810,-1,0,0.5675095,0.6381883,1,1,unassigned,3.0,3.0,0.0,1.0,0.0,0.0,0.001934236,0.0,0,0,0,1,0
27811,-1,0,-0.40315497,0.4005546,0,1,unassigned,2.0,2.0,0.0,1.0,0.0,0.0,0.0,0.0,0,0,0,0,0
27812,-1,1,-0.5454578,0.3669189,0,1,unassigned,14.0,14.0,0.0,1.0,0.0,0.0,0.023210831,0.0,1,0,0,0,0
27813,-1,0,-0.7090449,0.32980993,0,1,unassigned,3.0,3.0,0.0,1.0,0.0,0.0,0.001934236,0.0,0,0,0,0,0
27814,-1,1,0.39698285,0.5979625,1,1,unassigned,24.0,21.0,3.0,0.875,0.125,0.125,0.04255319,0.005319149,1,0,0,1,0
27815,-1,0,0.47085482,0.61558604,1,1,unassigned,4.0,4.0,0.0,1.0,0.0,0.0,0.003868472,0.0,0,0,0,1,0
27816,-1,0,-0.8759932,0.2940088,0,1,unassigned,5.0,5.0,0.0,1.0,0.0,0.0,0.0058027077,0.0,0,0,0,0,0
27817,-1,0,-0.27727246,0.43112263,0,1,unassigned,15.0,15.0,0.0,1.0,0.0,0.0,0.025145067,0.0,0,0,0,0,0
27818,-1,0,-0.6240524,0.34886035,0,1,unassigned,21.0,18.0,3.0,0.85714287,0.14285715,0.14285713,0.036750484,0.0052500693,0,0,0,0,0
27819,-1,0,1.5317514,0.82226247,1,1,unassigned,18.0,16.0,2.0,0.8888889,0.11111111,0.111111104,0.030947777,0.0034386418,0,0,0,1,0
27820,-1,0,3.9835541,0.98172104,1,1,unassigned,70.0,61.0,9.0,0.87142855,0.12857144,0.12857145,0.13152805,0.01691075,0,0,0,1,1
27821,-1,0,0.46896595,0.61513895,1,1,unassigned,20.0,16.0,4.0,0.8,0.2,0.19999999,0.034816246,0.0069632493,0,0,0,1,0
27822,-1,0,2.9398768,0.9497829,1,1,unassigned,3.0,2.0,1.0,0.6666667,0.33333334,0.3333333,0.001934236,0.00064474536,0,0,0,1,1
27823,-1,0,-0.59643304,0.35516018,0,1,unassigned,61.0,57.0,4.0,0.93442625,0.06557377,0.06557375,0.114119925,0.0074832733,0,0,0,0,0
27824,-1,0,0.748385,0.67882675,1,1,unassigned,15.0,15.0,0.0,1.0,0.0,0.0,0.025145067,0.0,0,0,0,1,0
27825,-1,0,0.22626317,0.5563257,1,1,unassigned,10.0,10.0,0.0,1.0,0.0,0.0,0.015473888,0.0,0,0,0,1,0
27826,-1,0,-0.085493386,0.47863966,0,1,unassigned,19.0,19.0,0.0,1.0,0.0,0.0,0.032882012,0.0,0,0,0,0,0
27827,-1,0,-0.52240694,0.3722896,0,1,unassigned,16.0,14.0,2.0,0.875,0.125,0.125,0.027079303,0.0033849129,0,0,0,0,0
27828,-1,0,6.7624946,0.998845,1,1,unassigned,4.0,4.0,0.0,1.0,0.0,0.0,0.003868472,0.0,0,0,0,1,1
27829,1,0,3.4442465,0.9690591,1,0,val,53.0,49.0,4.0,0.9245283,0.0754717,0.0754717,0.09864604,0.0074449843,0,0,1,1,1
27830,1,0,1.7971406,0.85780054,1,0,test,18.0,18.0,0.0,1.0,0.0,0.0,0.030947777,0.0,0,0,1,1,0
27831,-1,0,7.1222396,0.9991937,1,1,unassigned,15.0,13.0,2.0,0.8666667,0.13333334,0.13333333,0.025145067,0.0033526758,0,0,0,1,1
27832,1,0,11.588767,0.9999907,1,0,unassigned,3.0,3.0,0.0,1.0,0.0,0.0,0.001934236,0.0,0,0,1,1,1
27833,-1,0,-0.76160395,0.31829813,0,1,unassigned,24.0,23.0,1.0,0.9583333,0.041666668,0.041666687,0.04255319,0.0017730496,0,0,0,0,0
27834,0,0,0.61222535,0.6484482,1,1,unassigned,12.0,12.0,0.0,1.0,0.0,0.0,0.01934236,0.0,0,0,0,1,0
27835,-1,0,-0.82585686,0.30452183,0,1,unassigned,4.0,4.0,0.0,1.0,0.0,0.0,0.003868472,0.0,0,0,0,0,0
27836,-1,0,-0.43312752,0.39337978,0,1,unassigned,4.0,4.0,0.0,1.0,0.0,0.0,0.003868472,0.0,0,0,0,0,0
27837,-1,0,2.7716906,0.94112676,1,1,unassigned,11.0,10.0,1.0,0.90909094,0.09090909,0.090909064,0.017408123,0.0015825568,0,0,0,1,1
27838,-1,0,0.20749408,0.5516882,1,1,unassigned,2.0,2.0,0.0,1.0,0.0,0.0,0.0,0.0,0,0,0,1,0
27839,-1,1,-0.18958008,0.45274642,0,1,unassigned,2.0,1.0,1.0,0.5,0.5,0.5,0.0,0.0,1,0,0,0,0
27840,-1,0,-0.380046,0.4061158,0,1,unassigned,2.0,2.0,0.0,1.0,0.0,0.0,0.0,0.0,0,0,0,0,0
27841,-1,0,3.9199488,0.9805439,1,1,unassigned,2.0,2.0,0.0,1.0,0.0,0.0,0.0,0.0,0,0,0,1,1
27842,-1,0,-0.3423843,0.41523042,0,1,unassigned,12.0,12.0,0.0,1.0,0.0,0.0,0.01934236,0.0,0,0,0,0,0
27843,1,0,0.74985915,0.679148,1,0,unassigned,3.0,3.0,0.0,1.0,0.0,0.0,0.001934236,0.0,0,0,1,1,0
27844,0,0,-0.00075918436,0.49981016,0,0,val,26.0,24.0,2.0,0.9230769,0.07692308,0.07692307,0.046421662,0.0035708973,0,0,1,0,0
27845,-1,1,0.2528996,0.56289005,1,1,unassigned,5.0,4.0,1.0,0.8,0.2,0.19999999,0.0058027077,0.0011605415,1,0,0,1,0
27846,-1,0,-0.63107055,0.3472678,0,1,unassigned,133.0,132.0,1.0,0.99248123,0.007518797,0.0075187683,0.25338492,0.0019051498,0,0,0,0,0
27847,-1,0,0.59391457,0.64426285,1,1,unassigned,40.0,40.0,0.0,1.0,0.0,0.0,0.07350097,0.0,0,0,0,1,0
27848,-1,0,-0.44026792,0.39167714,0,1,unassigned,45.0,41.0,4.0,0.9111111,0.08888889,0.08888888,0.08317215,0.0073930803,0,0,0,0,0
27849,-1,0,-0.9620714,0.27646366,0,1,unassigned,58.0,57.0,1.0,0.98275864,0.01724138,0.017241359,0.10831721,0.0018675381,0,0,0,0,0
27850,-1,0,0.35591668,0.5880516,1,1,unassigned,19.0,17.0,2.0,0.8947368,0.10526316,0.10526317,0.032882012,0.0034612645,0,0,0,1,0
27851,-1,0,0.79058915,0.6879578,1,1,unassigned,34.0,33.0,1.0,0.9705882,0.029411765,0.029411793,0.061895553,0.0018204574,0,0,0,1,0
27852,0,0,0.9316612,0.7174122,1,1,test,49.0,48.0,1.0,0.97959185,0.020408163,0.020408154,0.09090909,0.0018552876,0,0,0,1,0
27853,-1,0,-0.46709448,0.38530415,0,1,unassigned,20.0,20.0,0.0,1.0,0.0,0.0,0.034816246,0.0,0,0,0,0,0
27854,-1,1,-0.15144503,0.46221098,0,1,unassigned,5.0,4.0,1.0,0.8,0.2,0.19999999,0.0058027077,0.0011605415,1,0,0,0,0
27855,-1,0,-0.4734738,0.38379437,0,1,unassigned,12.0,12.0,0.0,1.0,0.0,0.0,0.01934236,0.0,0,0,0,0,0
27856,1,0,3.2393816,0.96228963,1,0,unassigned,3.0,2.0,1.0,0.6666667,0.33333334,0.3333333,0.001934236,0.00064474536,0,0,1,1,1
27857,-1,0,-0.05161196,0.4870999,0,1,unassigned,29.0,29.0,0.0,1.0,0.0,0.0,0.05222437,0.0,0,0,0,0,0
27858,-1,0,-0.6427979,0.34461436,0,1,unassigned,52.0,52.0,0.0,1.0,0.0,0.0,0.0967118,0.0,0,0,0,0,0
27859,-1,0,5.0448174,0.9935986,1,1,unassigned,6.0,6.0,0.0,1.0,0.0,0.0,0.007736944,0.0,0,0,0,1,1
27860,-1,0,-0.13270366,0.4668727,0,1,unassigned,25.0,25.0,0.0,1.0,0.0,0.0,0.044487428,0.0,0,0,0,0,0
27861,-1,0,-0.40204147,0.40082195,0,1,unassigned,6.0,6.0,0.0,1.0,0.0,0.0,0.007736944,0.0,0,0,0,0,0
27862,-1,0,3.1485236,0.9588505,1,1,unassigned,2.0,2.0,0.0,1.0,0.0,0.0,0.0,0.0,0,0,0,1,1
27863,-1,1,9.775822,0.99994314,1,1,unassigned,16.0,13.0,3.0,0.8125,0.1875,0.1875,0.027079303,0.0050773695,1,0,0,1,1
27864,-1,1,0.48561317,0.6190725,1,1,unassigned,10.0,6.0,4.0,0.6,0.4,0.39999998,0.015473888,0.0061895554,1,0,0,1,0
27865,-1,0,-0.21951196,0.44534135,0,1,unassigned,48.0,47.0,1.0,0.9791667,0.020833334,0.020833313,0.088974856,0.0018536429,0,0,0,0,0
27866,-1,1,4.6811986,0.9908172,1,1,unassigned,3.0,3.0,0.0,1.0,0.0,0.0,0.001934236,0.0,1,0,0,1,1
27867,-1,0,0.6156669,0.6492324,1,1,unassigned,12.0,12.0,0.0,1.0,0.0,0.0,0.01934236,0.0,0,0,0,1,0
27868,-1,1,-0.58824795,0.35703698,0,1,unassigned,4.0,3.0,1.0,0.75,0.25,0.25,0.003868472,0.000967118,1,0,0,0,0
27869,-1,1,10.357005,0.9999682,1,1,unassigned,2.0,2.0,0.0,1.0,0.0,0.0,0.0,0.0,1,0,0,1,1
27870,-1,0,6.0349345,0.9976121,1,1,unassigned,6.0,6.0,0.0,1.0,0.0,0.0,0.007736944,0.0,0,0,0,1,1
27871,-1,1,-0.58761084,0.35718322,0,1,unassigned,37.0,37.0,0.0,1.0,0.0,0.0,0.06769826,0.0,1,0,0,0,0
27872,-1,1,12.057701,0.99999416,1,1,unassigned,5.0,2.0,3.0,0.4,0.6,0.6,0.0058027077,0.0034816249,1,0,0,1,1
27873,-1,0,9.329836,0.9999113,1,1,unassigned,2.0,2.0,0.0,1.0,0.0,0.0,0.0,0.0,0,0,0,1,1
27874,-1,0,0.65252024,0.6575782,1,1,unassigned,7.0,7.0,0.0,1.0,0.0,0.0,0.00967118,0.0,0,0,0,1,0
27875,-1,0,-0.29586568,0.42656848,0,1,unassigned,10.0,10.0,0.0,1.0,0.0,0.0,0.015473888,0.0,0,0,0,0,0
27876,-1,1,-0.5336188,0.36967325,0,1,unassigned,13.0,12.0,1.0,0.9230769,0.07692308,0.07692307,0.021276595,0.0016366612,1,0,0,0,0
27877,-1,0,0.6160236,0.6493136,1,1,unassigned,18.0,18.0,0.0,1.0,0.0,0.0,0.030947777,0.0,0,0,0,1,0
27878,0,0,-0.94383615,0.2801261,0,0,test,49.0,47.0,2.0,0.9591837,0.040816326,0.040816307,0.09090909,0.0037105752,0,0,1,0,0
27879,1,0,1.0401647,0.7388818,1,0,val,14.0,13.0,1.0,0.9285714,0.071428575,0.0714286,0.023210831,0.0016579166,0,0,1,1,0
27880,-1,0,2.9614072,0.9507999,1,1,unassigned,9.0,9.0,0.0,1.0,0.0,0.0,0.013539651,0.0,0,0,0,1,1
27881,-1,1,-0.8284304,0.30397704,0,1,unassigned,48.0,46.0,2.0,0.9583333,0.041666668,0.041666687,0.088974856,0.0037072857,1,0,0,0,0
27882,-1,0,0.7500182,0.67918265,1,1,unassigned,17.0,16.0,1.0,0.9411765,0.05882353,0.058823526,0.029013539,0.0017066788,0,0,0,1,0
27883,1,0,1.5329993,0.82244474,1,0,unassigned,21.0,20.0,1.0,0.95238096,0.04761905,0.047619045,0.036750484,0.0017500231,0,0,1,1,0
27884,1,0,3.311125,0.9648085,1,0,unassigned,25.0,25.0,0.0,1.0,0.0,0.0,0.044487428,0.0,0,0,1,1,1
27885,-1,0,1.4917021,0.8163336,1,1,unassigned,42.0,40.0,2.0,0.95238096,0.04761905,0.047619045,0.07736944,0.003684259,0,0,0,1,0
27886,-1,0,3.6884482,0.97559947,1,1,unassigned,2.0,2.0,0.0,1.0,0.0,0.0,0.0,0.0,0,0,0,1,1
27887,-1,0,2.3180315,0.91035944,1,1,unassigned,3.0,3.0,0.0,1.0,0.0,0.0,0.001934236,0.0,0,0,0,1,1
27888,-1,0,0.7014006,0.6684982,1,1,unassigned,14.0,14.0,0.0,1.0,0.0,0.0,0.023210831,0.0,0,0,0,1,0
27889,-1,0,3.5108483,0.97099483,1,1,unassigned,10.0,10.0,0.0,1.0,0.0,0.0,0.015473888,0.0,0,0,0,1,1
27890,-1,0,1.2423205,0.7759677,1,1,unassigned,8.0,7.0,1.0,0.875,0.125,0.125,0.0116054155,0.0014506769,0,0,0,1,0
27891,-1,0,0.5037722,0.62334543,1,1,unassigned,11.0,9.0,2.0,0.8181818,0.18181819,0.18181819,0.017408123,0.0031651135,0,0,0,1,0
27892,-1,0,0.5445643,0.63287354,1,1,unassigned,2.0,2.0,0.0,1.0,0.0,0.0,0.0,0.0,0,0,0,1,0
27893,-1,0,0.92027825,0.7150988,1,1,unassigned,8.0,8.0,0.0,1.0,0.0,0.0,0.0116054155,0.0,0,0,0,1,0
27894,1,0,-0.9217241,0.28460672,0,1,unassigned,24.0,24.0,0.0,1.0,0.0,0.0,0.04255319,0.0,0,0,0,0,0
27895,-1,1,2.533234,0.92643905,1,1,unassigned,10.0,5.0,5.0,0.5,0.5,0.5,0.015473888,0.007736944,1,0,0,1,1
27896,-1,0,2.0976832,0.89067775,1,1,unassigned,6.0,5.0,1.0,0.8333333,0.16666667,0.16666669,0.007736944,0.0012894907,0,0,0,1,0
27897,-1,0,4.920336,0.9927562,1,1,unassigned,3.0,3.0,0.0,1.0,0.0,0.0,0.001934236,0.0,0,0,0,1,1
27898,-1,0,-0.22280777,0.44452736,0,1,unassigned,4.0,4.0,0.0,1.0,0.0,0.0,0.003868472,0.0,0,0,0,0,0
27899,-1,1,6.5350146,0.99855036,1,1,unassigned,5.0,5.0,0.0,1.0,0.0,0.0,0.0058027077,0.0,1,0,0,1,1
27900,1,0,6.6039624,0.9986469,1,0,test,10.0,9.0,1.0,0.9,0.1,0.100000024,0.015473888,0.0015473888,0,0,1,1,1
27901,-1,0,6.4820967,0.9984717,1,1,unassigned,20.0,17.0,3.0,0.85,0.15,0.14999998,0.034816246,0.005222437,0,0,0,1,1
27902,-1,1,0.926583,0.71638155,1,1,unassigned,2.0,2.0,0.0,1.0,0.0,0.0,0.0,0.0,1,0,0,1,0
27903,-1,0,4.094806,0.98361397,1,1,unassigned,12.0,10.0,2.0,0.8333333,0.16666667,0.16666669,0.01934236,0.0032237265,0,0,0,1,1
27904,-1,0,0.19366646,0.5482659,1,1,unassigned,2.0,1.0,1.0,0.5,0.5,0.5,0.0,0.0,0,0,0,1,0
27905,-1,0,0.17278856,0.54309,1,1,unassigned,5.0,4.0,1.0,0.8,0.2,0.19999999,0.0058027077,0.0011605415,0,0,0,1,0
27906,-1,0,4.216534,0.98546475,1,1,unassigned,34.0,29.0,5.0,0.85294116,0.14705883,0.14705884,0.061895553,0.009102288,0,0,0,1,1
27907,-1,0,0.14752299,0.53681403,1,1,unassigned,8.0,8.0,0.0,1.0,0.0,0.0,0.0116054155,0.0,0,0,0,1,0
27908,-1,0,1.210552,0.7703966,1,1,unassigned,7.0,7.0,0.0,1.0,0.0,0.0,0.00967118,0.0,0,0,0,1,0
27909,-1,1,0.83807045,0.69805866,1,1,unassigned,7.0,6.0,1.0,0.85714287,0.14285715,0.14285713,0.00967118,0.0013815971,1,0,0,1,0
27910,-1,0,5.4968777,0.99591714,1,1,unassigned,23.0,21.0,2.0,0.9130435,0.08695652,0.0869565,0.040618956,0.0035320832,0,0,0,1,1
27911,-1,0,-0.70301396,0.33114433,0,1,unassigned,80.0,77.0,3.0,0.9625,0.0375,0.037500024,0.15087041,0.0056576408,0,0,0,0,0
27912,-1,0,1.6599247,0.84022796,1,1,unassigned,14.0,14.0,0.0,1.0,0.0,0.0,0.023210831,0.0,0,0,0,1,0
27913,1,0,1.3374102,0.7920638,1,0,val,4.0,4.0,0.0,1.0,0.0,0.0,0.003868472,0.0,0,0,1,1,0
27914,-1,0,10.403927,0.9999697,1,1,unassigned,26.0,25.0,1.0,0.96153843,0.03846154,0.038461566,0.046421662,0.0017854486,0,0,0,1,1
27915,-1,0,3.2131662,0.9613267,1,1,unassigned,3.0,3.0,0.0,1.0,0.0,0.0,0.001934236,0.0,0,0,0,1,1
27916,0,0,-0.24314114,0.43951243,0,0,unassigned,16.0,16.0,0.0,1.0,0.0,0.0,0.027079303,0.0,0,0,1,0,0
27917,-1,0,3.955356,0.9812081,1,1,unassigned,16.0,16.0,0.0,1.0,0.0,0.0,0.027079303,0.0,0,0,0,1,1
27918,-1,0,0.73338515,0.67554766,1,1,unassigned,24.0,24.0,0.0,1.0,0.0,0.0,0.04255319,0.0,0,0,0,1,0
27919,-1,0,-0.40775478,0.3994506,0,1,unassigned,48.0,48.0,0.0,1.0,0.0,0.0,0.088974856,0.0,0,0,0,0,0
27920,1,1,0.07748294,0.5193611,1,0,unassigned,10.0,9.0,1.0,0.9,0.1,0.100000024,0.015473888,0.0015473888,1,0,1,1,0
27921,-1,0,7.2335124,0.9992786,1,1,unassigned,5.0,5.0,0.0,1.0,0.0,0.0,0.0058027077,0.0,0,0,0,1,1
27922,0,0,-0.21430463,0.44662794,0,0,test,6.0,5.0,1.0,0.8333333,0.16666667,0.16666669,0.007736944,0.0012894907,0,0,1,0,0
27923,-1,0,1.9449515,0.8748951,1,1,unassigned,28.0,28.0,0.0,1.0,0.0,0.0,0.050290134,0.0,0,0,0,1,0
27924,-1,0,-0.6934767,0.33326012,0,1,unassigned,61.0,61.0,0.0,1.0,0.0,0.0,0.114119925,0.0,0,0,0,0,0
27925,0,0,-0.9390067,0.28110102,0,0,unassigned,64.0,60.0,4.0,0.9375,0.0625,0.0625,0.11992263,0.0074951644,0,0,1,0,0
27926,-1,0,3.6582186,0.97486943,1,1,unassigned,9.0,9.0,0.0,1.0,0.0,0.0,0.013539651,0.0,0,0,0,1,1
27927,-1,1,1.5552366,0.82566875,1,1,unassigned,20.0,19.0,1.0,0.95,0.05,0.050000012,0.034816246,0.0017408123,1,0,0,1,0
27928,-1,0,2.724672,0.93846685,1,1,unassigned,13.0,12.0,1.0,0.9230769,0.07692308,0.07692307,0.021276595,0.0016366612,0,0,0,1,1
27929,-1,0,1.0252826,0.73600036,1,1,unassigned,16.0,16.0,0.0,1.0,0.0,0.0,0.027079303,0.0,0,0,0,1,0
27930,-1,0,-0.91267955,0.28645185,0,1,unassigned,2.0,2.0,0.0,1.0,0.0,0.0,0.0,0.0,0,0,0,0,0
27931,-1,1,-0.12376863,0.4690973,0,1,unassigned,27.0,25.0,2.0,0.9259259,0.074074075,0.07407409,0.0483559,0.0035819185,1,0,0,0,0
27932,-1,1,2.2286046,0.902789,1,1,unassigned,4.0,3.0,1.0,0.75,0.25,0.25,0.003868472,0.000967118,1,0,0,1,1
27933,-1,0,4.7057414,0.99103785,1,1,unassigned,7.0,5.0,2.0,0.71428573,0.2857143,0.28571427,0.00967118,0.0027631943,0,0,0,1,1
27934,-1,0,5.6128993,0.99636286,1,1,unassigned,17.0,17.0,0.0,1.0,0.0,0.0,0.029013539,0.0,0,0,0,1,1
27935,-1,1,0.5779126,0.640587,1,1,unassigned,32.0,31.0,1.0,0.96875,0.03125,0.03125,0.058027077,0.0018133462,1,0,0,1,0
27936,-1,0,6.651405,0.99870944,1,1,unassigned,4.0,4.0,0.0,1.0,0.0,0.0,0.003868472,0.0,0,0,0,1,1
27937,1,0,3.8515208,0.9791947,1,0,test,14.0,14.0,0.0,1.0,0.0,0.0,0.023210831,0.0,0,0,1,1,1
27938,-1,0,2.2657168,0.9059977,1,1,unassigned,16.0,16.0,0.0,1.0,0.0,0.0,0.027079303,0.0,0,0,0,1,1
27939,-1,0,-0.38641644,0.4045803,0,1,unassigned,9.0,9.0,0.0,1.0,0.0,0.0,0.013539651,0.0,0,0,0,0,0
27940,-1,0,-0.6798928,0.33628523,0,1,unassigned,13.0,13.0,0.0,1.0,0.0,0.0,0.021276595,0.0,0,0,0,0,0
27941,-1,0,6.5061564,0.99850804,1,1,unassigned,5.0,5.0,0.0,1.0,0.0,0.0,0.0058027077,0.0,0,0,0,1,1
27942,-1,0,-1.841147,0.1369157,0,1,unassigned,2.0,2.0,0.0,1.0,0.0,0.0,0.0,0.0,0,0,0,0,0
27943,1,0,2.255984,0.90516543,1,0,unassigned,3.0,3.0,0.0,1.0,0.0,0.0,0.001934236,0.0,0,0,1,1,1
27944,-1,1,0.9275237,0.7165726,1,1,unassigned,6.0,6.0,0.0,1.0,0.0,0.0,0.007736944,0.0,1,0,0,1,0
27945,-1,0,2.8369687,0.9446412,1,1,unassigned,4.0,4.0,0.0,1.0,0.0,0.0,0.003868472,0.0,0,0,0,1,1
27946,-1,0,0.1264357,0.53156686,1,1,unassigned,6.0,6.0,0.0,1.0,0.0,0.0,0.007736944,0.0,0,0,0,1,0
27947,-1,1,4.2164826,0.9854639,1,1,unassigned,4.0,3.0,1.0,0.75,0.25,0.25,0.003868472,0.000967118,1,0,0,1,1
27948,-1,0,-0.6975766,0.33234975,0,1,unassigned,6.0,6.0,0.0,1.0,0.0,0.0,0.007736944,0.0,0,0,0,0,0
27949,0,0,-0.71743166,0.3279588,0,0,unassigned,26.0,26.0,0.0,1.0,0.0,0.0,0.046421662,0.0,0,0,1,0,0
27950,-1,1,-0.8123266,0.30739492,0,1,unassigned,40.0,39.0,1.0,0.975,0.025,0.024999976,0.07350097,0.0018375242,1,0,0,0,0
27951,-1,0,-0.18673897,0.45345044,0,1,unassigned,34.0,28.0,6.0,0.8235294,0.1764706,0.17647058,0.061895553,0.010922745,0,0,0,0,0
27952,-1,0,-0.71602124,0.32826972,0,1,unassigned,86.0,85.0,1.0,0.9883721,0.011627907,0.0116279125,0.16247582,0.0018892537,0,0,0,0,0
27953,-1,0,0.6729303,0.662159,1,1,unassigned,4.0,4.0,0.0,1.0,0.0,0.0,0.003868472,0.0,0,0,0,1,0
27954,-1,0,-1.4755558,0.18609963,0,1,unassigned,2.0,2.0,0.0,1.0,0.0,0.0,0.0,0.0,0,0,0,0,0
27955,1,0,-0.81192493,0.30748045,0,1,test,51.0,48.0,3.0,0.9411765,0.05882353,0.058823526,0.09477756,0.0055751507,0,0,0,0,0
27956,0,0,-0.7272231,0.3258044,0,0,val,7.0,7.0,0.0,1.0,0.0,0.0,0.00967118,0.0,0,0,1,0,0
27957,1,0,-0.41131878,0.39859596,0,1,val,16.0,15.0,1.0,0.9375,0.0625,0.0625,0.027079303,0.0016924564,0,0,0,0,0
27958,-1,1,1.6936624,0.84470516,1,1,unassigned,7.0,6.0,1.0,0.85714287,0.14285715,0.14285713,0.00967118,0.0013815971,1,0,0,1,0
27959,-1,1,1.0541091,0.7415632,1,1,unassigned,2.0,2.0,0.0,1.0,0.0,0.0,0.0,0.0,1,0,0,1,0
27960,-1,0,-0.2615984,0.43497083,0,1,unassigned,12.0,12.0,0.0,1.0,0.0,0.0,0.01934236,0.0,0,0,0,0,0
27961,-1,1,0.9411934,0.7193406,1,1,unassigned,2.0,2.0,0.0,1.0,0.0,0.0,0.0,0.0,1,0,0,1,0
27962,-1,1,1.3739581,0.79801893,1,1,unassigned,2.0,2.0,0.0,1.0,0.0,0.0,0.0,0.0,1,0,0,1,0
27963,-1,0,0.3753518,0.59275156,1,1,unassigned,2.0,2.0,0.0,1.0,0.0,0.0,0.0,0.0,0,0,0,1,0
27964,-1,0,-0.82314533,0.3050964,0,1,unassigned,19.0,17.0,2.0,0.8947368,0.10526316,0.10526317,0.032882012,0.0034612645,0,0,0,0,0
27965,-1,0,-0.5805296,0.35881075,0,1,unassigned,15.0,15.0,0.0,1.0,0.0,0.0,0.025145067,0.0,0,0,0,0,0
27966,-1,1,0.1417343,0.5353744,1,1,unassigned,4.0,4.0,0.0,1.0,0.0,0.0,0.003868472,0.0,1,0,0,1,0
27967,-1,0,1.0791898,0.74634063,1,1,unassigned,5.0,4.0,1.0,0.8,0.2,0.19999999,0.0058027077,0.0011605415,0,0,0,1,0
27968,0,0,-0.41669607,0.39730763,0,0,unassigned,29.0,28.0,1.0,0.9655172,0.03448276,0.034482777,0.05222437,0.0018008404,0,0,1,0,0
27969,-1,0,1.5323648,0.8223521,1,1,unassigned,2.0,2.0,0.0,1.0,0.0,0.0,0.0,0.0,0,0,0,1,0
27970,-1,0,0.4836704,0.6186142,1,1,unassigned,10.0,10.0,0.0,1.0,0.0,0.0,0.015473888,0.0,0,0,0,1,0
27971,-1,0,-0.71590215,0.328296,0,1,unassigned,19.0,19.0,0.0,1.0,0.0,0.0,0.032882012,0.0,0,0,0,0,0
27972,-1,0,-0.7611088,0.3184056,0,1,unassigned,23.0,23.0,0.0,1.0,0.0,0.0,0.040618956,0.0,0,0,0,0,0
27973,-1,0,-0.23631254,0.44119528,0,1,unassigned,2.0,2.0,0.0,1.0,0.0,0.0,0.0,0.0,0,0,0,0,0
27974,-1,0,0.4994095,0.62232053,1,1,unassigned,26.0,26.0,0.0,1.0,0.0,0.0,0.046421662,0.0,0,0,0,1,0
27975,-1,0,0.15761065,0.5393213,1,1,unassigned,14.0,14.0,0.0,1.0,0.0,0.0,0.023210831,0.0,0,0,0,1,0
27976,-1,0,-0.3368706,0.41656986,0,1,unassigned,2.0,2.0,0.0,1.0,0.0,0.0,0.0,0.0,0,0,0,0,0
27977,0,1,-0.8046034,0.30904168,0,0,unassigned,18.0,18.0,0.0,1.0,0.0,0.0,0.030947777,0.0,1,0,1,0,0
27978,-1,0,-0.44629216,0.3902427,0,1,unassigned,11.0,10.0,1.0,0.90909094,0.09090909,0.090909064,0.017408123,0.0015825568,0,0,0,0,0
27979,-1,1,3.1334512,0.95825166,1,1,unassigned,2.0,1.0,1.0,0.5,0.5,0.5,0.0,0.0,1,0,0,1,1
27980,-1,0,3.0947835,0.956677,1,1,unassigned,2.0,2.0,0.0,1.0,0.0,0.0,0.0,0.0,0,0,0,1,1
27981,-1,0,3.3840396,0.967202,1,1,unassigned,2.0,2.0,0.0,1.0,0.0,0.0,0.0,0.0,0,0,0,1,1
27982,-1,0,-0.11099821,0.47227892,0,1,unassigned,9.0,9.0,0.0,1.0,0.0,0.0,0.013539651,0.0,0,0,0,0,0
27983,-1,0,0.6574488,0.6586871,1,1,unassigned,21.0,20.0,1.0,0.95238096,0.04761905,0.047619045,0.036750484,0.0017500231,0,0,0,1,0
27984,-1,0,-0.2944596,0.42691243,0,1,unassigned,11.0,11.0,0.0,1.0,0.0,0.0,0.017408123,0.0,0,0,0,0,0
27985,-1,0,-0.38674584,0.40450093,0,1,unassigned,26.0,26.0,0.0,1.0,0.0,0.0,0.046421662,0.0,0,0,0,0,0
27986,-1,0,3.5700376,0.97261614,1,1,unassigned,3.0,3.0,0.0,1.0,0.0,0.0,0.001934236,0.0,0,0,0,1,1
27987,-1,0,3.7737048,0.9775488,1,1,unassigned,30.0,30.0,0.0,1.0,0.0,0.0,0.054158606,0.0,0,0,0,1,1
27988,-1,0,-0.6186529,0.3500879,0,1,unassigned,16.0,16.0,0.0,1.0,0.0,0.0,0.027079303,0.0,0,0,0,0,0
27989,0,0,0.9177466,0.71458274,1,1,unassigned,29.0,29.0,0.0,1.0,0.0,0.0,0.05222437,0.0,0,0,0,1,0
27990,-1,1,0.69455713,0.6669799,1,1,unassigned,20.0,18.0,2.0,0.9,0.1,0.100000024,0.034816246,0.0034816246,1,0,0,1,0
27991,1,0,2.2256482,0.9025292,1,0,unassigned,21.0,20.0,1.0,0.95238096,0.04761905,0.047619045,0.036750484,0.0017500231,0,0,1,1,1
27992,-1,1,0.44076473,0.60844123,1,1,unassigned,20.0,20.0,0.0,1.0,0.0,0.0,0.034816246,0.0,1,0,0,1,0
27993,-1,0,-0.14134845,0.46472162,0,1,unassigned,29.0,29.0,0.0,1.0,0.0,0.0,0.05222437,0.0,0,0,0,0,0
27994,-1,0,-0.94875526,0.2791352,0,1,unassigned,46.0,44.0,2.0,0.95652175,0.04347826,0.04347825,0.08510638,0.0037002775,0,0,0,0,0
27995,-1,0,-0.040573597,0.48985797,0,1,unassigned,15.0,15.0,0.0,1.0,0.0,0.0,0.025145067,0.0,0,0,0,0,0
27996,0,1,-0.10200894,0.47451988,0,0,unassigned,3.0,2.0,1.0,0.6666667,0.33333334,0.3333333,0.001934236,0.00064474536,1,0,1,0,0
27997,-1,0,0.39079356,0.5964737,1,1,unassigned,31.0,31.0,0.0,1.0,0.0,0.0,0.056092843,0.0,0,0,0,1,0
27998,-1,0,0.03429067,0.5085718,1,1,unassigned,15.0,15.0,0.0,1.0,0.0,0.0,0.025145067,0.0,0,0,0,1,0
27999,-1,0,-0.8709822,0.29504997,0,1,unassigned,74.0,74.0,0.0,1.0,0.0,0.0,0.13926499,0.0,0,0,0,0,0
28000,-1,0,-0.83576655,0.30242714,0,1,unassigned,18.0,18.0,0.0,1.0,0.0,0.0,0.030947777,0.0,0,0,0,0,0
28001,-1,0,-0.5946222,0.35557503,0,1,unassigned,15.0,15.0,0.0,1.0,0.0,0.0,0.025145067,0.0,0,0,0,0,0
28002,-1,0,-0.62827635,0.34790143,0,1,unassigned,21.0,21.0,0.0,1.0,0.0,0.0,0.036750484,0.0,0,0,0,0,0
28003,-1,1,-0.6471229,0.34363818,0,1,unassigned,19.0,19.0,0.0,1.0,0.0,0.0,0.032882012,0.0,1,0,0,0,0
28004,-1,0,-0.7828223,0.31371194,0,1,unassigned,22.0,22.0,0.0,1.0,0.0,0.0,0.03868472,0.0,0,0,0,0,0
28005,0,0,-0.44920167,0.3895506,0,0,val,10.0,10.0,0.0,1.0,0.0,0.0,0.015473888,0.0,0,0,1,0,0
28006,-1,0,4.796005,0.9918051,1,1,unassigned,77.0,73.0,4.0,0.9480519,0.051948052,0.05194807,0.14506769,0.007535984,0,0,0,1,1
28007,-1,0,0.5525307,0.6347225,1,1,unassigned,24.0,21.0,3.0,0.875,0.125,0.125,0.04255319,0.005319149,0,0,0,1,0
28008,-1,0,-0.8874052,0.2916456,0,1,unassigned,2.0,2.0,0.0,1.0,0.0,0.0,0.0,0.0,0,0,0,0,0
28009,-1,0,-0.281812,0.43000957,0,1,unassigned,8.0,8.0,0.0,1.0,0.0,0.0,0.0116054155,0.0,0,0,0,0,0
28010,-1,0,0.21410269,0.55332214,1,1,unassigned,6.0,4.0,2.0,0.6666667,0.33333334,0.3333333,0.007736944,0.0025789815,0,0,0,1,0
28011,-1,0,0.95337397,0.72179323,1,1,unassigned,29.0,29.0,0.0,1.0,0.0,0.0,0.05222437,0.0,0,0,0,1,0
28012,-1,0,-0.3876013,0.40429488,0,1,unassigned,47.0,47.0,0.0,1.0,0.0,0.0,0.08704062,0.0,0,0,0,0,0
28013,-1,0,-0.6663467,0.33931535,0,1,unassigned,7.0,7.0,0.0,1.0,0.0,0.0,0.00967118,0.0,0,0,0,0,0
28014,-1,0,-0.89900756,0.2892545,0,1,unassigned,18.0,18.0,0.0,1.0,0.0,0.0,0.030947777,0.0,0,0,0,0,0
28015,-1,0,1.1520727,0.7598893,1,1,unassigned,15.0,15.0,0.0,1.0,0.0,0.0,0.025145067,0.0,0,0,0,1,0
28016,-1,1,-0.87901396,0.29338217,0,1,unassigned,57.0,56.0,1.0,0.98245615,0.01754386,0.017543852,0.10638298,0.0018663681,1,0,0,0,0
28017,-1,1,-0.8081021,0.30829507,0,1,unassigned,19.0,18.0,1.0,0.94736844,0.05263158,0.052631557,0.032882012,0.0017306323,1,0,0,0,0
28018,1,0,-0.2995987,0.42565557,0,1,val,15.0,14.0,1.0,0.93333334,0.06666667,0.06666666,0.025145067,0.0016763379,0,0,0,0,0
28019,-1,1,-0.4087341,0.39921573,0,1,unassigned,4.0,1.0,3.0,0.25,0.75,0.75,0.003868472,0.002901354,1,0,0,0,0
28020,-1,0,-0.73379284,0.32436296,0,1,unassigned,14.0,14.0,0.0,1.0,0.0,0.0,0.023210831,0.0,0,0,0,0,0
28021,-1,0,1.3904216,0.8006596,1,1,unassigned,4.0,4.0,0.0,1.0,0.0,0.0,0.003868472,0.0,0,0,0,1,0
28022,-1,0,2.1221063,0.89303327,1,1,unassigned,2.0,2.0,0.0,1.0,0.0,0.0,0.0,0.0,0,0,0,1,0
28023,-1,0,2.000847,0.880886,1,1,unassigned,37.0,37.0,0.0,1.0,0.0,0.0,0.06769826,0.0,0,0,0,1,0
28024,-1,1,2.9189641,0.948776,1,1,unassigned,5.0,5.0,0.0,1.0,0.0,0.0,0.0058027077,0.0,1,0,0,1,1
28025,-1,0,0.36838406,0.59106845,1,1,unassigned,21.0,21.0,0.0,1.0,0.0,0.0,0.036750484,0.0,0,0,0,1,0
28026,-1,0,4.22487,0.98558366,1,1,unassigned,13.0,13.0,0.0,1.0,0.0,0.0,0.021276595,0.0,0,0,0,1,1
28027,-1,1,0.32235193,0.57989734,1,1,unassigned,3.0,2.0,1.0,0.6666667,0.33333334,0.3333333,0.001934236,0.00064474536,1,0,0,1,0
28028,-1,0,-0.97350895,0.27418163,0,1,unassigned,47.0,47.0,0.0,1.0,0.0,0.0,0.08704062,0.0,0,0,0,0,0
28029,-1,0,0.6713632,0.6618083,1,1,unassigned,2.0,2.0,0.0,1.0,0.0,0.0,0.0,0.0,0,0,0,1,0
28030,-1,0,2.4420826,0.9199805,1,1,unassigned,2.0,2.0,0.0,1.0,0.0,0.0,0.0,0.0,0,0,0,1,1
28031,-1,0,-0.9200139,0.28495505,0,1,unassigned,51.0,50.0,1.0,0.98039216,0.019607844,0.019607842,0.09477756,0.0018583836,0,0,0,0,0
28032,-1,0,1.2133996,0.77089995,1,1,unassigned,3.0,3.0,0.0,1.0,0.0,0.0,0.001934236,0.0,0,0,0,1,0
28033,-1,0,-0.79624677,0.31082895,0,1,unassigned,61.0,51.0,10.0,0.8360656,0.16393442,0.16393441,0.114119925,0.018708184,0,0,0,0,0
28034,-1,0,7.433436,0.9994092,1,1,unassigned,9.0,9.0,0.0,1.0,0.0,0.0,0.013539651,0.0,0,0,0,1,1
28035,-1,0,4.2005844,0.98523444,1,1,unassigned,2.0,2.0,0.0,1.0,0.0,0.0,0.0,0.0,0,0,0,1,1
28036,-1,1,0.2544257,0.5632655,1,1,unassigned,13.0,12.0,1.0,0.9230769,0.07692308,0.07692307,0.021276595,0.0016366612,1,0,0,1,0
28037,-1,0,0.78808385,0.6874198,1,1,unassigned,2.0,2.0,0.0,1.0,0.0,0.0,0.0,0.0,0,0,0,1,0
28038,-1,0,-0.767141,0.31709787,0,1,unassigned,25.0,23.0,2.0,0.92,0.08,0.07999998,0.044487428,0.003558994,0,0,0,0,0
28039,-1,0,3.2249653,0.9617631,1,1,unassigned,2.0,2.0,0.0,1.0,0.0,0.0,0.0,0.0,0,0,0,1,1
28040,-1,0,0.74761826,0.6786595,1,1,unassigned,12.0,12.0,0.0,1.0,0.0,0.0,0.01934236,0.0,0,0,0,1,0
28041,-1,0,-0.087343514,0.47817802,0,1,unassigned,20.0,20.0,0.0,1.0,0.0,0.0,0.034816246,0.0,0,0,0,0,0
28042,-1,1,1.0836315,0.74718064,1,1,unassigned,2.0,1.0,1.0,0.5,0.5,0.5,0.0,0.0,1,0,0,1,0
28043,-1,0,5.9975824,0.99752134,1,1,unassigned,4.0,4.0,0.0,1.0,0.0,0.0,0.003868472,0.0,0,0,0,1,1
28044,-1,0,14.493409,0.9999995,1,1,unassigned,102.0,102.0,0.0,1.0,0.0,0.0,0.1934236,0.0,0,0,0,1,1
28045,-1,0,-0.84811676,0.29982805,0,1,unassigned,2.0,2.0,0.0,1.0,0.0,0.0,0.0,0.0,0,0,0,0,0
28046,-1,1,1.3378174,0.79213077,1,1,unassigned,10.0,7.0,3.0,0.7,0.3,0.3,0.015473888,0.0046421667,1,0,0,1,0
28047,-1,1,2.26905,0.9062811,1,1,unassigned,53.0,50.0,3.0,0.9433962,0.056603774,0.05660379,0.09864604,0.005583738,1,0,0,1,1
28048,-1,0,-0.248065,0.43829983,0,1,unassigned,2.0,2.0,0.0,1.0,0.0,0.0,0.0,0.0,0,0,0,0,0
28049,-1,1,-0.024221957,0.4939448,0,1,unassigned,44.0,42.0,2.0,0.95454544,0.045454547,0.04545456,0.08123791,0.0036926325,1,0,0,0,0
28050,-1,0,-0.87791836,0.29360932,0,1,unassigned,45.0,44.0,1.0,0.9777778,0.022222223,0.02222222,0.08317215,0.0018482701,0,0,0,0,0
28051,-1,1,-0.41574335,0.3975358,0,1,unassigned,2.0,2.0,0.0,1.0,0.0,0.0,0.0,0.0,1,0,0,0,0
28052,-1,0,1.6634347,0.84069854,1,1,unassigned,3.0,3.0,0.0,1.0,0.0,0.0,0.001934236,0.0,0,0,0,1,0
28053,-1,0,0.1318838,0.5329232,1,1,unassigned,24.0,24.0,0.0,1.0,0.0,0.0,0.04255319,0.0,0,0,0,1,0
28054,-1,0,7.502641,0.9994487,1,1,unassigned,9.0,6.0,3.0,0.6666667,0.33333334,0.3333333,0.013539651,0.004513217,0,0,0,1,1
28055,-1,1,1.5452659,0.82422894,1,1,unassigned,19.0,7.0,12.0,0.36842105,0.6315789,0.6315789,0.032882012,0.020767586,1,0,0,1,0
28056,1,0,5.5415483,0.9960949,1,0,test,3.0,3.0,0.0,1.0,0.0,0.0,0.001934236,0.0,0,0,1,1,1
28057,-1,1,0.3556785,0.5879939,1,1,unassigned,29.0,28.0,1.0,0.9655172,0.03448276,0.034482777,0.05222437,0.0018008404,1,0,0,1,0
28058,-1,0,-0.07304537,0.48174676,0,1,unassigned,2.0,2.0,0.0,1.0,0.0,0.0,0.0,0.0,0,0,0,0,0
28059,-1,0,3.1707158,0.9597172,1,1,unassigned,5.0,5.0,0.0,1.0,0.0,0.0,0.0058027077,0.0,0,0,0,1,1
28060,-1,0,-0.31633452,0.42156932,0,1,unassigned,3.0,3.0,0.0,1.0,0.0,0.0,0.001934236,0.0,0,0,0,0,0
28061,-1,0,2.4625614,0.9214752,1,1,unassigned,6.0,5.0,1.0,0.8333333,0.16666667,0.16666669,0.007736944,0.0012894907,0,0,0,1,1
28062,-1,0,-0.013617337,0.4965957,0,1,unassigned,9.0,9.0,0.0,1.0,0.0,0.0,0.013539651,0.0,0,0,0,0,0
28063,-1,0,-0.66427994,0.33977884,0,1,unassigned,14.0,14.0,0.0,1.0,0.0,0.0,0.023210831,0.0,0,0,0,0,0
28064,-1,0,-0.065435946,0.48364684,0,1,unassigned,11.0,11.0,0.0,1.0,0.0,0.0,0.017408123,0.0,0,0,0,0,0
28065,0,0,-0.82048,0.30566177,0,0,unassigned,23.0,23.0,0.0,1.0,0.0,0.0,0.040618956,0.0,0,0,1,0,0
28066,-1,0,0.0135881305,0.503397,1,1,unassigned,2.0,2.0,0.0,1.0,0.0,0.0,0.0,0.0,0,0,0,1,0
28067,-1,0,-0.74598986,0.32169574,0,1,unassigned,70.0,68.0,2.0,0.9714286,0.028571429,0.028571427,0.13152805,0.0037579443,0,0,0,0,0
28068,-1,0,1.601145,0.8321784,1,1,unassigned,49.0,49.0,0.0,1.0,0.0,0.0,0.09090909,0.0,0,0,0,1,0
28069,-1,0,2.962843,0.95086694,1,1,unassigned,38.0,36.0,2.0,0.94736844,0.05263158,0.052631557,0.06963249,0.0036648682,0,0,0,1,1
28070,-1,1,7.0234494,0.99911004,1,1,unassigned,3.0,3.0,0.0,1.0,0.0,0.0,0.001934236,0.0,1,0,0,1,1
28071,-1,0,-0.7645532,0.3176585,0,1,unassigned,14.0,2.0,12.0,0.14285715,0.85714287,0.85714287,0.023210831,0.019894999,0,0,0,0,0
28072,1,0,5.5098486,0.99596965,1,0,unassigned,7.0,7.0,0.0,1.0,0.0,0.0,0.00967118,0.0,0,0,1,1,1
28073,-1,1,4.325567,0.9869466,1,1,unassigned,6.0,5.0,1.0,0.8333333,0.16666667,0.16666669,0.007736944,0.0012894907,1,0,0,1,1
28074,-1,1,0.100946546,0.5252152,1,1,unassigned,40.0,35.0,5.0,0.875,0.125,0.125,0.07350097,0.009187621,1,0,0,1,0
28075,0,1,-0.63766706,0.34577408,0,0,unassigned,5.0,5.0,0.0,1.0,0.0,0.0,0.0058027077,0.0,1,0,1,0,0
28076,-1,0,-0.44948024,0.38948435,0,1,unassigned,7.0,7.0,0.0,1.0,0.0,0.0,0.00967118,0.0,0,0,0,0,0
28077,-1,0,2.6308105,0.93281835,1,1,unassigned,4.0,4.0,0.0,1.0,0.0,0.0,0.003868472,0.0,0,0,0,1,1
28078,-1,0,-0.26630914,0.4338134,0,1,unassigned,12.0,8.0,4.0,0.6666667,0.33333334,0.3333333,0.01934236,0.006447453,0,0,0,0,0
28079,-1,0,13.920715,0.99999905,1,1,unassigned,3.0,1.0,2.0,0.33333334,0.6666667,0.6666666,0.001934236,0.0012894907,0,0,0,1,1
28080,1,0,-0.062170923,0.4844623,0,1,val,7.0,7.0,0.0,1.0,0.0,0.0,0.00967118,0.0,0,0,0,0,0
28081,-1,1,6.7866616,0.9988726,1,1,unassigned,3.0,3.0,0.0,1.0,0.0,0.0,0.001934236,0.0,1,0,0,1,1
28082,-1,0,-0.17337489,0.4567645,0,1,unassigned,2.0,2.0,0.0,1.0,0.0,0.0,0.0,0.0,0,0,0,0,0
28083,-1,1,3.0839596,0.95622617,1,1,unassigned,2.0,2.0,0.0,1.0,0.0,0.0,0.0,0.0,1,0,0,1,1
28084,-1,0,-0.85449463,0.29849085,0,1,unassigned,2.0,1.0,1.0,0.5,0.5,0.5,0.0,0.0,0,0,0,0,0
28085,-1,0,-0.7136022,0.3288034,0,1,unassigned,23.0,22.0,1.0,0.95652175,0.04347826,0.04347825,0.040618956,0.0017660416,0,0,0,0,0
28086,-1,0,1.2858338,0.7834412,1,1,unassigned,9.0,2.0,7.0,0.22222222,0.7777778,0.7777778,0.013539651,0.010530841,0,0,0,1,0
28087,-1,1,-0.0430184,0.48924702,0,1,unassigned,10.0,10.0,0.0,1.0,0.0,0.0,0.015473888,0.0,1,0,0,0,0
28088,-1,0,-0.30849856,0.42348126,0,1,unassigned,9.0,9.0,0.0,1.0,0.0,0.0,0.013539651,0.0,0,0,0,0,0
28089,-1,0,-0.14802718,0.46306062,0,1,unassigned,4.0,4.0,0.0,1.0,0.0,0.0,0.003868472,0.0,0,0,0,0,0
28090,-1,0,-0.9486265,0.2791611,0,1,unassigned,59.0,59.0,0.0,1.0,0.0,0.0,0.11025145,0.0,0,0,0,0,0
28091,-1,0,-0.90473676,0.28807807,0,1,unassigned,49.0,49.0,0.0,1.0,0.0,0.0,0.09090909,0.0,0,0,0,0,0
28092,-1,0,1.3865335,0.8000382,1,1,unassigned,12.0,11.0,1.0,0.9166667,0.083333336,0.08333331,0.01934236,0.0016118633,0,0,0,1,0
28093,-1,0,1.673229,0.84200585,1,1,unassigned,17.0,16.0,1.0,0.9411765,0.05882353,0.058823526,0.029013539,0.0017066788,0,0,0,1,0
28094,-1,0,0.12295699,0.53070056,1,1,unassigned,14.0,14.0,0.0,1.0,0.0,0.0,0.023210831,0.0,0,0,0,1,0
28095,1,0,1.3654001,0.7966359,1,0,test,6.0,5.0,1.0,0.8333333,0.16666667,0.16666669,0.007736944,0.0012894907,0,0,1,1,0
28096,-1,0,-0.6727551,0.3378802,0,1,unassigned,3.0,3.0,0.0,1.0,0.0,0.0,0.001934236,0.0,0,0,0,0,0
28097,-1,1,0.38996148,0.5962734,1,1,unassigned,18.0,17.0,1.0,0.9444444,0.055555556,0.055555582,0.030947777,0.0017193209,1,0,0,1,0
28098,-1,0,4.277859,0.9863174,1,1,unassigned,3.0,3.0,0.0,1.0,0.0,0.0,0.001934236,0.0,0,0,0,1,1
28099,-1,0,5.9526925,0.99740785,1,1,unassigned,20.0,20.0,0.0,1.0,0.0,0.0,0.034816246,0.0,0,0,0,1,1
28100,1,0,-0.4481061,0.38981116,0,1,val,40.0,38.0,2.0,0.95,0.05,0.050000012,0.07350097,0.0036750485,0,0,0,0,0
28101,-1,0,1.4215629,0.8055833,1,1,unassigned,7.0,7.0,0.0,1.0,0.0,0.0,0.00967118,0.0,0,0,0,1,0
28102,-1,0,5.790894,0.9969541,1,1,unassigned,27.0,22.0,5.0,0.8148148,0.18518518,0.1851852,0.0483559,0.008954796,0,0,0,1,1
28103,-1,1,-0.70294523,0.33115953,0,1,unassigned,19.0,19.0,0.0,1.0,0.0,0.0,0.032882012,0.0,1,0,0,0,0
28104,-1,0,0.9452769,0.7201643,1,1,unassigned,3.0,3.0,0.0,1.0,0.0,0.0,0.001934236,0.0,0,0,0,1,0
28105,-1,0,2.8072112,0.9430642,1,1,unassigned,8.0,7.0,1.0,0.875,0.125,0.125,0.0116054155,0.0014506769,0,0,0,1,1
28106,-1,1,2.1221254,0.8930352,1,1,unassigned,10.0,5.0,5.0,0.5,0.5,0.5,0.015473888,0.007736944,1,0,0,1,0
28107,-1,0,2.1928117,0.8996021,1,1,unassigned,3.0,3.0,0.0,1.0,0.0,0.0,0.001934236,0.0,0,0,0,1,0
28108,-1,0,0.020060778,0.5050151,1,1,unassigned,25.0,25.0,0.0,1.0,0.0,0.0,0.044487428,0.0,0,0,0,1,0
28109,-1,0,-0.4473089,0.3900008,0,1,unassigned,3.0,3.0,0.0,1.0,0.0,0.0,0.001934236,0.0,0,0,0,0,0
28110,-1,0,3.8277018,0.97870386,1,1,unassigned,4.0,4.0,0.0,1.0,0.0,0.0,0.003868472,0.0,0,0,0,1,1
28111,-1,1,-0.72553295,0.32617575,0,1,unassigned,64.0,63.0,1.0,0.984375,0.015625,0.015625,0.11992263,0.0018737911,1,0,0,0,0
28112,-1,0,0.39163464,0.5966762,1,1,unassigned,5.0,3.0,2.0,0.6,0.4,0.39999998,0.0058027077,0.002321083,0,0,0,1,0
28113,-1,0,-0.49081162,0.37970236,0,1,unassigned,30.0,29.0,1.0,0.96666664,0.033333335,0.03333336,0.054158606,0.001805287,0,0,0,0,0
28114,1,1,0.23746163,0.559088,1,0,unassigned,41.0,39.0,2.0,0.9512195,0.048780486,0.0487805,0.07543521,0.003679766,1,0,1,1,0
28115,-1,0,-0.40721452,0.3995802,0,1,unassigned,22.0,22.0,0.0,1.0,0.0,0.0,0.03868472,0.0,0,0,0,0,0
28116,-1,1,-0.8379162,0.30197382,0,1,unassigned,29.0,26.0,3.0,0.8965517,0.10344828,0.10344827,0.05222437,0.005402521,1,0,0,0,0
28117,-1,0,-0.6127008,0.35144335,0,1,unassigned,11.0,11.0,0.0,1.0,0.0,0.0,0.017408123,0.0,0,0,0,0,0
28118,0,1,-0.13760439,0.4656531,0,0,unassigned,42.0,37.0,5.0,0.88095236,0.11904762,0.11904764,0.07736944,0.009210647,1,0,1,0,0
28119,-1,0,-0.8491847,0.29960394,0,1,unassigned,8.0,8.0,0.0,1.0,0.0,0.0,0.0116054155,0.0,0,0,0,0,0
28120,-1,0,2.696287,0.93680716,1,1,unassigned,3.0,3.0,0.0,1.0,0.0,0.0,0.001934236,0.0,0,0,0,1,1
28121,-1,1,0.25194442,0.56265503,1,1,unassigned,23.0,23.0,0.0,1.0,0.0,0.0,0.040618956,0.0,1,0,0,1,0
28122,-1,0,0.0851751,0.52128094,1,1,unassigned,42.0,41.0,1.0,0.97619045,0.023809524,0.023809552,0.07736944,0.0018421295,0,0,0,1,0
28123,-1,0,-0.13511845,0.46627167,0,1,unassigned,16.0,15.0,1.0,0.9375,0.0625,0.0625,0.027079303,0.0016924564,0,0,0,0,0
28124,-1,0,0.8459051,0.69970745,1,1,unassigned,13.0,12.0,1.0,0.9230769,0.07692308,0.07692307,0.021276595,0.0016366612,0,0,0,1,0
28125,-1,0,-0.568435,0.361598,0,1,unassigned,11.0,11.0,0.0,1.0,0.0,0.0,0.017408123,0.0,0,0,0,0,0
28126,-1,0,3.2088692,0.9611667,1,1,unassigned,97.0,86.0,11.0,0.88659793,0.11340206,0.11340207,0.18375242,0.020837903,0,0,0,1,1
28127,0,0,-0.21077892,0.44749948,0,0,unassigned,9.0,9.0,0.0,1.0,0.0,0.0,0.013539651,0.0,0,0,1,0,0
28128,1,0,-0.03420347,0.49144992,0,1,test,23.0,23.0,0.0,1.0,0.0,0.0,0.040618956,0.0,0,0,0,0,0
28129,-1,0,3.399038,0.96767443,1,1,unassigned,11.0,8.0,3.0,0.72727275,0.27272728,0.27272725,0.017408123,0.00474767,0,0,0,1,1
28130,-1,0,0.7877057,0.6873385,1,1,unassigned,4.0,4.0,0.0,1.0,0.0,0.0,0.003868472,0.0,0,0,0,1,0
28131,-1,0,-0.11189741,0.47205478,0,1,unassigned,7.0,7.0,0.0,1.0,0.0,0.0,0.00967118,0.0,0,0,0,0,0
28132,-1,0,2.7402685,0.9393614,1,1,unassigned,2.0,1.0,1.0,0.5,0.5,0.5,0.0,0.0,0,0,0,1,1
28133,-1,0,5.9365554,0.9973659,1,1,unassigned,4.0,3.0,1.0,0.75,0.25,0.25,0.003868472,0.000967118,0,0,0,1,1
28134,-1,0,7.561991,0.9994804,1,1,unassigned,12.0,9.0,3.0,0.75,0.25,0.25,0.01934236,0.00483559,0,0,0,1,1
28135,-1,0,2.068103,0.8877641,1,1,unassigned,9.0,7.0,2.0,0.7777778,0.22222222,0.22222221,0.013539651,0.0030088115,0,0,0,1,0
28136,-1,0,3.1841385,0.96023303,1,1,unassigned,39.0,39.0,0.0,1.0,0.0,0.0,0.07156673,0.0,0,0,0,1,1
28137,-1,0,3.8109906,0.9783528,1,1,unassigned,14.0,13.0,1.0,0.9285714,0.071428575,0.0714286,0.023210831,0.0016579166,0,0,0,1,1
28138,-1,0,0.9535447,0.72182745,1,1,unassigned,15.0,15.0,0.0,1.0,0.0,0.0,0.025145067,0.0,0,0,0,1,0
28139,-1,1,1.843571,0.8633705,1,1,unassigned,2.0,2.0,0.0,1.0,0.0,0.0,0.0,0.0,1,0,0,1,0
28140,-1,0,1.1349764,0.75675607,1,1,unassigned,45.0,44.0,1.0,0.9777778,0.022222223,0.02222222,0.08317215,0.0018482701,0,0,0,1,0
28141,-1,0,-0.23973235,0.44035232,0,1,unassigned,2.0,2.0,0.0,1.0,0.0,0.0,0.0,0.0,0,0,0,0,0
28142,-1,0,3.8770506,0.9797085,1,1,unassigned,25.0,24.0,1.0,0.96,0.04,0.04000002,0.044487428,0.001779497,0,0,0,1,1
28143,0,0,-0.22123873,0.44491482,0,0,val,23.0,22.0,1.0,0.95652175,0.04347826,0.04347825,0.040618956,0.0017660416,0,0,1,0,0
28144,-1,0,-0.23973235,0.44035232,0,1,unassigned,2.0,2.0,0.0,1.0,0.0,0.0,0.0,0.0,0,0,0,0,0
28145,-1,0,-0.0046973825,0.4988257,0,1,unassigned,7.0,6.0,1.0,0.85714287,0.14285715,0.14285713,0.00967118,0.0013815971,0,0,0,0,0
28146,-1,0,-0.24518466,0.43900907,0,1,unassigned,2.0,2.0,0.0,1.0,0.0,0.0,0.0,0.0,0,0,0,0,0
28147,1,1,0.9414992,0.7194024,1,0,unassigned,32.0,29.0,3.0,0.90625,0.09375,0.09375,0.058027077,0.0054400386,1,0,1,1,0
28148,-1,1,4.254871,0.9860037,1,1,unassigned,6.0,5.0,1.0,0.8333333,0.16666667,0.16666669,0.007736944,0.0012894907,1,0,0,1,1
28149,0,0,0.12218952,0.5305094,1,1,unassigned,7.0,5.0,2.0,0.71428573,0.2857143,0.28571427,0.00967118,0.0027631943,0,0,0,1,0
28150,-1,0,-0.541635,0.36780733,0,1,unassigned,11.0,11.0,0.0,1.0,0.0,0.0,0.017408123,0.0,0,0,0,0,0
28151,-1,0,-0.5877497,0.35715136,0,1,unassigned,4.0,4.0,0.0,1.0,0.0,0.0,0.003868472,0.0,0,0,0,0,0
28152,0,0,-0.030069053,0.49248332,0,0,test,14.0,14.0,0.0,1.0,0.0,0.0,0.023210831,0.0,0,0,1,0,0
28153,-1,1,-0.40439737,0.40025628,0,1,unassigned,3.0,3.0,0.0,1.0,0.0,0.0,0.001934236,0.0,1,0,0,0,0
28154,-1,0,-0.2661981,0.4338407,0,1,unassigned,2.0,2.0,0.0,1.0,0.0,0.0,0.0,0.0,0,0,0,0,0
28155,-1,0,4.959722,0.993034,1,1,unassigned,11.0,11.0,0.0,1.0,0.0,0.0,0.017408123,0.0,0,0,0,1,1
28156,-1,0,7.0888996,0.99916637,1,1,unassigned,2.0,1.0,1.0,0.5,0.5,0.5,0.0,0.0,0,0,0,1,1
28157,-1,0,1.5445404,0.8241238,1,1,unassigned,13.0,12.0,1.0,0.9230769,0.07692308,0.07692307,0.021276595,0.0016366612,0,0,0,1,0
28158,-1,0,0.0687902,0.5171908,1,1,unassigned,13.0,13.0,0.0,1.0,0.0,0.0,0.021276595,0.0,0,0,0,1,0
28159,-1,0,1.9841061,0.87911814,1,1,unassigned,7.0,7.0,0.0,1.0,0.0,0.0,0.00967118,0.0,0,0,0,1,0
28160,-1,0,2.315922,0.9101872,1,1,unassigned,4.0,4.0,0.0,1.0,0.0,0.0,0.003868472,0.0,0,0,0,1,1
28161,-1,0,7.493895,0.9994438,1,1,unassigned,5.0,5.0,0.0,1.0,0.0,0.0,0.0058027077,0.0,0,0,0,1,1
28162,-1,0,10.670612,0.99997675,1,1,unassigned,4.0,4.0,0.0,1.0,0.0,0.0,0.003868472,0.0,0,0,0,1,1
28163,-1,1,1.5139868,0.8196513,1,1,unassigned,10.0,10.0,0.0,1.0,0.0,0.0,0.015473888,0.0,1,0,0,1,0
28164,1,0,0.4955408,0.62141085,1,0,val,14.0,14.0,0.0,1.0,0.0,0.0,0.023210831,0.0,0,0,1,1,0
28165,-1,0,-0.04721141,0.48819932,0,1,unassigned,31.0,31.0,0.0,1.0,0.0,0.0,0.056092843,0.0,0,0,0,0,0
28166,-1,0,0.29111403,0.57226884,1,1,unassigned,11.0,11.0,0.0,1.0,0.0,0.0,0.017408123,0.0,0,0,0,1,0
28167,-1,0,8.916681,0.9998659,1,1,unassigned,6.0,4.0,2.0,0.6666667,0.33333334,0.3333333,0.007736944,0.0025789815,0,0,0,1,1
28168,-1,0,5.790436,0.99695265,1,1,unassigned,3.0,3.0,0.0,1.0,0.0,0.0,0.001934236,0.0,0,0,0,1,1
28169,-1,1,5.9267774,0.99734,1,1,unassigned,4.0,4.0,0.0,1.0,0.0,0.0,0.003868472,0.0,1,0,0,1,1
28170,-1,0,0.41514343,0.6023205,1,1,unassigned,11.0,11.0,0.0,1.0,0.0,0.0,0.017408123,0.0,0,0,0,1,0
28171,-1,0,0.47085136,0.6155852,1,1,unassigned,17.0,17.0,0.0,1.0,0.0,0.0,0.029013539,0.0,0,0,0,1,0
28172,-1,0,-0.5311256,0.3702544,0,1,unassigned,19.0,19.0,0.0,1.0,0.0,0.0,0.032882012,0.0,0,0,0,0,0
28173,1,0,3.4121034,0.9680807,1,0,test,27.0,27.0,0.0,1.0,0.0,0.0,0.0483559,0.0,0,0,1,1,1
28174,-1,0,2.081816,0.8891232,1,1,unassigned,11.0,11.0,0.0,1.0,0.0,0.0,0.017408123,0.0,0,0,0,1,0
28175,-1,0,-0.27193263,0.4324327,0,1,unassigned,11.0,11.0,0.0,1.0,0.0,0.0,0.017408123,0.0,0,0,0,0,0
28176,-1,0,1.5295026,0.82193357,1,1,unassigned,21.0,18.0,3.0,0.85714287,0.14285715,0.14285713,0.036750484,0.0052500693,0,0,0,1,0
28177,-1,0,-0.57372594,0.3603775,0,1,unassigned,59.0,59.0,0.0,1.0,0.0,0.0,0.11025145,0.0,0,0,0,0,0
28178,-1,0,-0.08175993,0.47957137,0,1,unassigned,18.0,18.0,0.0,1.0,0.0,0.0,0.030947777,0.0,0,0,0,0,0
28179,-1,0,1.4763865,0.8140262,1,1,unassigned,11.0,11.0,0.0,1.0,0.0,0.0,0.017408123,0.0,0,0,0,1,0
28180,-1,0,-0.38386053,0.4051961,0,1,unassigned,9.0,9.0,0.0,1.0,0.0,0.0,0.013539651,0.0,0,0,0,0,0
28181,-1,0,-0.25471961,0.43666217,0,1,unassigned,2.0,1.0,1.0,0.5,0.5,0.5,0.0,0.0,0,0,0,0,0
28182,-1,1,-0.5994141,0.35447773,0,1,unassigned,16.0,15.0,1.0,0.9375,0.0625,0.0625,0.027079303,0.0016924564,1,0,0,0,0
28183,-1,0,-0.83915216,0.30171338,0,1,unassigned,12.0,12.0,0.0,1.0,0.0,0.0,0.01934236,0.0,0,0,0,0,0
28184,1,1,1.8152611,0.8599965,1,0,unassigned,19.0,18.0,1.0,0.94736844,0.05263158,0.052631557,0.032882012,0.0017306323,1,0,1,1,0
28185,-1,1,0.01664108,0.50416017,1,1,unassigned,7.0,7.0,0.0,1.0,0.0,0.0,0.00967118,0.0,1,0,0,1,0
28186,-1,0,-0.1610586,0.4598222,0,1,unassigned,53.0,52.0,1.0,0.9811321,0.018867925,0.01886791,0.09864604,0.0018612461,0,0,0,0,0
28187,1,1,0.0031122565,0.500778,1,0,val,46.0,45.0,1.0,0.9782609,0.02173913,0.021739125,0.08510638,0.0018501388,1,0,1,1,0
28188,-1,0,5.2071652,0.9945527,1,1,unassigned,8.0,7.0,1.0,0.875,0.125,0.125,0.0116054155,0.0014506769,0,0,0,1,1
28189,-1,0,-0.28055516,0.4303177,0,1,unassigned,26.0,26.0,0.0,1.0,0.0,0.0,0.046421662,0.0,0,0,0,0,0
28190,-1,0,6.5589156,0.9985846,1,1,unassigned,2.0,2.0,0.0,1.0,0.0,0.0,0.0,0.0,0,0,0,1,1
28191,-1,0,6.988543,0.9990784,1,1,unassigned,2.0,2.0,0.0,1.0,0.0,0.0,0.0,0.0,0,0,0,1,1
28192,-1,0,8.27113,0.99974424,1,1,unassigned,2.0,2.0,0.0,1.0,0.0,0.0,0.0,0.0,0,0,0,1,1
28193,-1,0,2.78492,0.94185543,1,1,unassigned,3.0,2.0,1.0,0.6666667,0.33333334,0.3333333,0.001934236,0.00064474536,0,0,0,1,1
28194,1,0,8.24317,0.99973696,1,0,val,5.0,4.0,1.0,0.8,0.2,0.19999999,0.0058027077,0.0011605415,0,0,1,1,1
28195,-1,0,1.1785681,0.7646903,1,1,unassigned,3.0,3.0,0.0,1.0,0.0,0.0,0.001934236,0.0,0,0,0,1,0
28196,-1,0,6.455273,0.9984302,1,1,unassigned,2.0,2.0,0.0,1.0,0.0,0.0,0.0,0.0,0,0,0,1,1
28197,-1,0,0.633333,0.6532448,1,1,unassigned,3.0,2.0,1.0,0.6666667,0.33333334,0.3333333,0.001934236,0.00064474536,0,0,0,1,0
28198,-1,0,6.455273,0.9984302,1,1,unassigned,2.0,2.0,0.0,1.0,0.0,0.0,0.0,0.0,0,0,0,1,1
28199,-1,0,6.9357185,0.99902856,1,1,unassigned,2.0,2.0,0.0,1.0,0.0,0.0,0.0,0.0,0,0,0,1,1
28200,-1,0,6.455273,0.9984302,1,1,unassigned,2.0,2.0,0.0,1.0,0.0,0.0,0.0,0.0,0,0,0,1,1
28201,-1,1,1.347621,0.7937404,1,1,unassigned,2.0,2.0,0.0,1.0,0.0,0.0,0.0,0.0,1,0,0,1,0
28202,-1,1,1.6750045,0.8422419,1,1,unassigned,6.0,6.0,0.0,1.0,0.0,0.0,0.007736944,0.0,1,0,0,1,0
28203,-1,0,-0.17209947,0.457081,0,1,unassigned,3.0,2.0,1.0,0.6666667,0.33333334,0.3333333,0.001934236,0.00064474536,0,0,0,0,0
28204,-1,0,-0.6827996,0.33563673,0,1,unassigned,18.0,17.0,1.0,0.9444444,0.055555556,0.055555582,0.030947777,0.0017193209,0,0,0,0,0
28205,-1,0,0.46542627,0.6143006,1,1,unassigned,18.0,17.0,1.0,0.9444444,0.055555556,0.055555582,0.030947777,0.0017193209,0,0,0,1,0
28206,-1,0,0.84554106,0.699631,1,1,unassigned,5.0,5.0,0.0,1.0,0.0,0.0,0.0058027077,0.0,0,0,0,1,0
28207,0,0,-0.012865484,0.4967837,0,0,unassigned,6.0,6.0,0.0,1.0,0.0,0.0,0.007736944,0.0,0,0,1,0,0
28208,-1,1,13.069086,0.99999785,1,1,unassigned,44.0,30.0,14.0,0.6818182,0.3181818,0.3181818,0.08123791,0.025848426,1,0,0,1,1
28209,-1,1,6.1611934,0.9978947,1,1,unassigned,18.0,16.0,2.0,0.8888889,0.11111111,0.111111104,0.030947777,0.0034386418,1,0,0,1,1
28210,-1,0,3.0588949,0.955165,1,1,unassigned,3.0,1.0,2.0,0.33333334,0.6666667,0.6666666,0.001934236,0.0012894907,0,0,0,1,1
28211,-1,0,3.9882529,0.98180515,1,1,unassigned,2.0,2.0,0.0,1.0,0.0,0.0,0.0,0.0,0,0,0,1,1
28212,1,0,2.3865836,0.9157985,1,0,test,19.0,14.0,5.0,0.7368421,0.2631579,0.2631579,0.032882012,0.008653161,0,0,1,1,1
28213,1,1,0.27864987,0.5692152,1,0,train,51.0,46.0,5.0,0.9019608,0.09803922,0.09803921,0.09477756,0.009291918,1,0,1,1,0
28214,-1,1,-0.8098992,0.307912,0,1,unassigned,64.0,63.0,1.0,0.984375,0.015625,0.015625,0.11992263,0.0018737911,1,0,0,0,0
28215,1,1,-0.15733784,0.46074647,0,1,unassigned,12.0,11.0,1.0,0.9166667,0.083333336,0.08333331,0.01934236,0.0016118633,1,0,0,0,0
28216,-1,0,6.3103704,0.99818593,1,1,unassigned,2.0,2.0,0.0,1.0,0.0,0.0,0.0,0.0,0,0,0,1,1
28217,-1,1,-0.6072239,0.35269272,0,1,unassigned,26.0,25.0,1.0,0.96153843,0.03846154,0.038461566,0.046421662,0.0017854486,1,0,0,0,0
28218,-1,0,10.333483,0.99996746,1,1,unassigned,5.0,5.0,0.0,1.0,0.0,0.0,0.0058027077,0.0,0,0,0,1,1
28219,-1,1,-0.5365315,0.3689948,0,1,unassigned,39.0,39.0,0.0,1.0,0.0,0.0,0.07156673,0.0,1,0,0,0,0
28220,0,1,-0.48084056,0.38205364,0,0,unassigned,51.0,49.0,2.0,0.9607843,0.039215688,0.039215684,0.09477756,0.0037167673,1,0,1,0,0
28221,-1,1,-0.76183796,0.31824738,0,1,unassigned,18.0,18.0,0.0,1.0,0.0,0.0,0.030947777,0.0,1,0,0,0,0
28222,-1,1,-0.5470703,0.36654437,0,1,unassigned,63.0,61.0,2.0,0.96825397,0.031746034,0.03174603,0.11798839,0.0037456634,1,0,0,0,0
28223,-1,0,-0.8312174,0.30338773,0,1,unassigned,13.0,13.0,0.0,1.0,0.0,0.0,0.021276595,0.0,0,0,0,0,0
28224,-1,0,-0.5844696,0.3579048,0,1,unassigned,14.0,14.0,0.0,1.0,0.0,0.0,0.023210831,0.0,0,0,0,0,0
28225,0,0,1.8318889,0.86198664,1,1,val,6.0,6.0,0.0,1.0,0.0,0.0,0.007736944,0.0,0,0,0,1,0
28226,-1,0,6.217524,0.99800986,1,1,unassigned,3.0,3.0,0.0,1.0,0.0,0.0,0.001934236,0.0,0,0,0,1,1
28227,-1,0,6.3103704,0.99818593,1,1,unassigned,2.0,2.0,0.0,1.0,0.0,0.0,0.0,0.0,0,0,0,1,1
28228,-1,0,6.455273,0.9984302,1,1,unassigned,2.0,2.0,0.0,1.0,0.0,0.0,0.0,0.0,0,0,0,1,1
28229,-1,0,1.2829854,0.78295755,1,1,unassigned,20.0,20.0,0.0,1.0,0.0,0.0,0.034816246,0.0,0,0,0,1,0
28230,-1,1,-0.5103931,0.37510136,0,1,unassigned,19.0,18.0,1.0,0.94736844,0.05263158,0.052631557,0.032882012,0.0017306323,1,0,0,0,0
28231,-1,1,0.92796916,0.71666306,1,1,unassigned,73.0,72.0,1.0,0.98630136,0.01369863,0.0136986375,0.13733076,0.0018812432,1,0,0,1,0
28232,-1,1,1.3386717,0.79227144,1,1,unassigned,68.0,65.0,3.0,0.9558824,0.04411765,0.04411763,0.12765957,0.00563204,1,0,0,1,0
28233,-1,0,4.534341,0.98938006,1,1,unassigned,12.0,10.0,2.0,0.8333333,0.16666667,0.16666669,0.01934236,0.0032237265,0,0,0,1,1
28234,-1,1,2.3413408,0.9122435,1,1,unassigned,19.0,19.0,0.0,1.0,0.0,0.0,0.032882012,0.0,1,0,0,1,1
28235,-1,1,-0.1384989,0.46543053,0,1,unassigned,20.0,19.0,1.0,0.95,0.05,0.050000012,0.034816246,0.0017408123,1,0,0,0,0
28236,-1,1,0.53477734,0.63059664,1,1,unassigned,5.0,4.0,1.0,0.8,0.2,0.19999999,0.0058027077,0.0011605415,1,0,0,1,0
28237,-1,0,0.1638673,0.5408754,1,1,unassigned,4.0,4.0,0.0,1.0,0.0,0.0,0.003868472,0.0,0,0,0,1,0
28238,-1,0,-0.1338836,0.466579,0,1,unassigned,6.0,6.0,0.0,1.0,0.0,0.0,0.007736944,0.0,0,0,0,0,0
28239,-1,1,-0.45734623,0.38761553,0,1,unassigned,28.0,28.0,0.0,1.0,0.0,0.0,0.050290134,0.0,1,0,0,0,0
28240,-1,1,-0.85812616,0.29773098,0,1,unassigned,78.0,77.0,1.0,0.98717946,0.012820513,0.012820542,0.14700194,0.0018846402,1,0,0,0,0
28241,-1,1,-0.34528667,0.41452587,0,1,unassigned,36.0,35.0,1.0,0.9722222,0.027777778,0.027777791,0.065764025,0.0018267785,1,0,0,0,0
28242,0,1,0.97072893,0.7252647,1,1,unassigned,22.0,22.0,0.0,1.0,0.0,0.0,0.03868472,0.0,1,0,0,1,0
28243,-1,1,-0.5963965,0.35516855,0,1,unassigned,23.0,23.0,0.0,1.0,0.0,0.0,0.040618956,0.0,1,0,0,0,0
28244,-1,0,-0.4121699,0.39839193,0,1,unassigned,43.0,42.0,1.0,0.9767442,0.023255814,0.023255825,0.079303674,0.0018442714,0,0,0,0,0
28245,-1,0,0.9106925,0.71314186,1,1,unassigned,14.0,14.0,0.0,1.0,0.0,0.0,0.023210831,0.0,0,0,0,1,0
28246,-1,0,1.0728276,0.74513423,1,1,unassigned,6.0,5.0,1.0,0.8333333,0.16666667,0.16666669,0.007736944,0.0012894907,0,0,0,1,0
28247,0,1,-0.0035204887,0.49911988,0,0,val,22.0,20.0,2.0,0.90909094,0.09090909,0.090909064,0.03868472,0.0035167928,1,0,1,0,0
28248,1,1,-0.5998496,0.35437813,0,1,unassigned,3.0,3.0,0.0,1.0,0.0,0.0,0.001934236,0.0,1,0,0,0,0
28249,0,1,0.4139915,0.6020446,1,1,val,6.0,6.0,0.0,1.0,0.0,0.0,0.007736944,0.0,1,0,0,1,0
28250,-1,0,0.124167144,0.531002,1,1,unassigned,2.0,2.0,0.0,1.0,0.0,0.0,0.0,0.0,0,0,0,1,0
28251,-1,0,1.9390318,0.8742457,1,1,unassigned,8.0,6.0,2.0,0.75,0.25,0.25,0.0116054155,0.0029013539,0,0,0,1,0
28252,-1,0,7.045049,0.9991291,1,1,unassigned,2.0,2.0,0.0,1.0,0.0,0.0,0.0,0.0,0,0,0,1,1
28253,-1,0,0.68137413,0.6640453,1,1,unassigned,5.0,5.0,0.0,1.0,0.0,0.0,0.0058027077,0.0,0,0,0,1,0
28254,-1,0,0.371975,0.5919361,1,1,unassigned,41.0,40.0,1.0,0.9756098,0.024390243,0.02439022,0.07543521,0.001839883,0,0,0,1,0
28255,-1,1,-0.42368755,0.3956347,0,1,unassigned,26.0,26.0,0.0,1.0,0.0,0.0,0.046421662,0.0,1,0,0,0,0
28256,0,0,-0.7989586,0.31024835,0,0,val,50.0,49.0,1.0,0.98,0.02,0.01999998,0.092843324,0.0018568664,0,0,1,0,0
28257,-1,0,8.938946,0.99986887,1,1,unassigned,4.0,4.0,0.0,1.0,0.0,0.0,0.003868472,0.0,0,0,0,1,1
28258,-1,0,3.1908243,0.96048754,1,1,unassigned,72.0,71.0,1.0,0.9861111,0.013888889,0.0138888955,0.13539653,0.0018805073,0,0,0,1,1
28259,-1,0,7.511309,0.9994535,1,1,unassigned,2.0,2.0,0.0,1.0,0.0,0.0,0.0,0.0,0,0,0,1,1
28260,-1,1,-0.9182381,0.28531703,0,1,unassigned,12.0,12.0,0.0,1.0,0.0,0.0,0.01934236,0.0,1,0,0,0,0
28261,-1,1,0.036193073,0.50904727,1,1,unassigned,23.0,23.0,0.0,1.0,0.0,0.0,0.040618956,0.0,1,0,0,1,0
28262,-1,1,5.933026,0.99735653,1,1,unassigned,28.0,18.0,10.0,0.64285713,0.35714287,0.35714287,0.050290134,0.017960763,1,0,0,1,1
28263,-1,0,3.4296818,0.96861935,1,1,unassigned,3.0,3.0,0.0,1.0,0.0,0.0,0.001934236,0.0,0,0,0,1,1
28264,-1,0,-0.49557802,0.3785804,0,1,unassigned,20.0,20.0,0.0,1.0,0.0,0.0,0.034816246,0.0,0,0,0,0,0
28265,-1,1,4.0685616,0.9831855,1,1,unassigned,2.0,1.0,1.0,0.5,0.5,0.5,0.0,0.0,1,0,0,1,1
28266,1,1,1.6433451,0.8379896,1,0,val,8.0,6.0,2.0,0.75,0.25,0.25,0.0116054155,0.0029013539,1,0,1,1,0
28267,1,0,-0.3816056,0.4057397,0,1,val,5.0,5.0,0.0,1.0,0.0,0.0,0.0058027077,0.0,0,0,0,0,0
28268,-1,0,-0.3343792,0.41717547,0,1,unassigned,33.0,33.0,0.0,1.0,0.0,0.0,0.059961315,0.0,0,0,0,0,0
28269,-1,0,8.101471,0.99969697,1,1,unassigned,3.0,3.0,0.0,1.0,0.0,0.0,0.001934236,0.0,0,0,0,1,1
28270,-1,0,0.69227177,0.6664721,1,1,unassigned,2.0,1.0,1.0,0.5,0.5,0.5,0.0,0.0,0,0,0,1,0
28271,-1,0,-0.08879888,0.47781488,0,1,unassigned,7.0,6.0,1.0,0.85714287,0.14285715,0.14285713,0.00967118,0.0013815971,0,0,0,0,0
28272,1,1,-0.2460928,0.4387854,0,1,unassigned,3.0,3.0,0.0,1.0,0.0,0.0,0.001934236,0.0,1,0,0,0,0
28273,-1,0,-0.36276245,0.41029102,0,1,unassigned,39.0,39.0,0.0,1.0,0.0,0.0,0.07156673,0.0,0,0,0,0,0
28274,-1,0,11.671152,0.9999914,1,1,unassigned,19.0,16.0,3.0,0.84210527,0.15789473,0.15789473,0.032882012,0.0051918966,0,0,0,1,1
28275,1,1,3.3880093,0.9673277,1,0,train,23.0,23.0,0.0,1.0,0.0,0.0,0.040618956,0.0,1,0,1,1,1
28276,-1,1,2.4194267,0.91829675,1,1,unassigned,67.0,63.0,4.0,0.9402985,0.05970149,0.059701502,0.12572534,0.0075059906,1,0,0,1,1
28277,-1,0,0.31878442,0.57902795,1,1,unassigned,15.0,15.0,0.0,1.0,0.0,0.0,0.025145067,0.0,0,0,0,1,0
28278,1,0,-0.31007963,0.42309535,0,1,test,22.0,21.0,1.0,0.95454544,0.045454547,0.04545456,0.03868472,0.0017583964,0,0,0,0,0
28279,-1,0,-0.4387589,0.39203677,0,1,unassigned,15.0,13.0,2.0,0.8666667,0.13333334,0.13333333,0.025145067,0.0033526758,0,0,0,0,0
28280,-1,0,0.34866053,0.5862927,1,1,unassigned,17.0,17.0,0.0,1.0,0.0,0.0,0.029013539,0.0,0,0,0,1,0
28281,1,0,-0.44390535,0.3908108,0,1,val,24.0,23.0,1.0,0.9583333,0.041666668,0.041666687,0.04255319,0.0017730496,0,0,0,0,0
28282,-1,0,-0.46245167,0.38640437,0,1,unassigned,25.0,25.0,0.0,1.0,0.0,0.0,0.044487428,0.0,0,0,0,0,0
28283,-1,1,0.57910806,0.64086217,1,1,unassigned,2.0,2.0,0.0,1.0,0.0,0.0,0.0,0.0,1,0,0,1,0
28284,-1,1,-0.57369655,0.36038432,0,1,unassigned,38.0,37.0,1.0,0.9736842,0.02631579,0.026315808,0.06963249,0.0018324341,1,0,0,0,0
28285,1,0,2.8362396,0.9446031,1,0,val,3.0,3.0,0.0,1.0,0.0,0.0,0.001934236,0.0,0,0,1,1,1
28286,-1,0,-0.6391995,0.3454275,0,1,unassigned,6.0,6.0,0.0,1.0,0.0,0.0,0.007736944,0.0,0,0,0,0,0
28287,-1,0,-0.289882,0.42803276,0,1,unassigned,25.0,25.0,0.0,1.0,0.0,0.0,0.044487428,0.0,0,0,0,0,0
28288,-1,0,-0.2743138,0.43184838,0,1,unassigned,31.0,30.0,1.0,0.9677419,0.032258064,0.032258093,0.056092843,0.0018094465,0,0,0,0,0
28289,0,0,-0.40616477,0.39983207,0,0,unassigned,42.0,41.0,1.0,0.97619045,0.023809524,0.023809552,0.07736944,0.0018421295,0,0,1,0,0
28290,-1,1,-0.07583651,0.48104995,0,1,unassigned,5.0,5.0,0.0,1.0,0.0,0.0,0.0058027077,0.0,1,0,0,0,0
28291,-1,1,-0.027210295,0.49319786,0,1,unassigned,43.0,41.0,2.0,0.95348835,0.046511628,0.04651165,0.079303674,0.0036885429,1,0,0,0,0
28292,0,0,0.8202229,0.69428366,1,1,test,71.0,70.0,1.0,0.9859155,0.014084507,0.014084518,0.13346228,0.0018797504,0,0,0,1,0
28293,-1,0,1.0253599,0.7360153,1,1,unassigned,3.0,3.0,0.0,1.0,0.0,0.0,0.001934236,0.0,0,0,0,1,0
28294,-1,0,3.0914104,0.95653707,1,1,unassigned,2.0,2.0,0.0,1.0,0.0,0.0,0.0,0.0,0,0,0,1,1
28295,-1,1,0.68292195,0.6643905,1,1,unassigned,10.0,10.0,0.0,1.0,0.0,0.0,0.015473888,0.0,1,0,0,1,0
28296,-1,0,2.1404254,0.8947706,1,1,unassigned,3.0,1.0,2.0,0.33333334,0.6666667,0.6666666,0.001934236,0.0012894907,0,0,0,1,0
28297,-1,1,0.2137996,0.5532472,1,1,unassigned,3.0,2.0,1.0,0.6666667,0.33333334,0.3333333,0.001934236,0.00064474536,1,0,0,1,0
28298,0,0,-0.8384155,0.30186862,0,0,val,40.0,38.0,2.0,0.95,0.05,0.050000012,0.07350097,0.0036750485,0,0,1,0,0
28299,-1,1,-0.9247947,0.28398195,0,1,unassigned,36.0,35.0,1.0,0.9722222,0.027777778,0.027777791,0.065764025,0.0018267785,1,0,0,0,0
28300,-1,0,2.755646,0.9402314,1,1,unassigned,5.0,3.0,2.0,0.6,0.4,0.39999998,0.0058027077,0.002321083,0,0,0,1,1
28301,-1,1,0.20514089,0.55110615,1,1,unassigned,5.0,5.0,0.0,1.0,0.0,0.0,0.0058027077,0.0,1,0,0,1,0
28302,-1,1,0.1593613,0.53975624,1,1,unassigned,7.0,7.0,0.0,1.0,0.0,0.0,0.00967118,0.0,1,0,0,1,0
28303,-1,1,-0.4370346,0.3924478,0,1,unassigned,27.0,27.0,0.0,1.0,0.0,0.0,0.0483559,0.0,1,0,0,0,0
28304,-1,1,-0.8990038,0.28925526,0,1,unassigned,50.0,48.0,2.0,0.96,0.04,0.04000002,0.092843324,0.0037137328,1,0,0,0,0
28305,-1,0,0.2728035,0.56778103,1,1,unassigned,5.0,5.0,0.0,1.0,0.0,0.0,0.0058027077,0.0,0,0,0,1,0
28306,-1,1,-0.13137612,0.46720314,0,1,unassigned,8.0,8.0,0.0,1.0,0.0,0.0,0.0116054155,0.0,1,0,0,0,0
28307,-1,0,1.0831358,0.747087,1,1,unassigned,7.0,7.0,0.0,1.0,0.0,0.0,0.00967118,0.0,0,0,0,1,0
28308,-1,0,-0.073422015,0.4816527,0,1,unassigned,6.0,4.0,2.0,0.6666667,0.33333334,0.3333333,0.007736944,0.0025789815,0,0,0,0,0
28309,-1,1,-0.42237014,0.39594972,0,1,unassigned,9.0,9.0,0.0,1.0,0.0,0.0,0.013539651,0.0,1,0,0,0,0
28310,-1,1,-0.3030533,0.4248112,0,1,unassigned,12.0,12.0,0.0,1.0,0.0,0.0,0.01934236,0.0,1,0,0,0,0
28311,0,1,-0.66719776,0.3391246,0,0,test,47.0,43.0,4.0,0.9148936,0.08510638,0.08510637,0.08704062,0.007407712,1,0,1,0,0
28312,-1,0,0.45154554,0.6110066,1,1,unassigned,2.0,2.0,0.0,1.0,0.0,0.0,0.0,0.0,0,0,0,1,0
28313,-1,0,1.3908656,0.8007304,1,1,unassigned,4.0,4.0,0.0,1.0,0.0,0.0,0.003868472,0.0,0,0,0,1,0
28314,-1,0,-0.45601907,0.38793063,0,1,unassigned,63.0,63.0,0.0,1.0,0.0,0.0,0.11798839,0.0,0,0,0,0,0
28315,-1,0,-0.4527614,0.38870442,0,1,unassigned,7.0,7.0,0.0,1.0,0.0,0.0,0.00967118,0.0,0,0,0,0,0
28316,-1,0,-0.51746976,0.37344405,0,1,unassigned,7.0,7.0,0.0,1.0,0.0,0.0,0.00967118,0.0,0,0,0,0,0
28317,-1,1,2.7301462,0.9387823,1,1,unassigned,40.0,40.0,0.0,1.0,0.0,0.0,0.07350097,0.0,1,0,0,1,1
28318,-1,1,1.8517506,0.8643325,1,1,unassigned,12.0,12.0,0.0,1.0,0.0,0.0,0.01934236,0.0,1,0,0,1,0
28319,-1,1,0.67915434,0.66354996,1,1,unassigned,27.0,26.0,1.0,0.962963,0.037037037,0.037037015,0.0483559,0.0017909593,1,0,0,1,0
28320,-1,1,2.5307925,0.9262725,1,1,unassigned,37.0,35.0,2.0,0.9459459,0.054054055,0.05405408,0.06769826,0.0036593657,1,0,0,1,1
28321,-1,0,3.5354621,0.97168016,1,1,unassigned,4.0,3.0,1.0,0.75,0.25,0.25,0.003868472,0.000967118,0,0,0,1,1
28322,-1,1,-0.89275897,0.2905408,0,1,unassigned,33.0,32.0,1.0,0.969697,0.030303031,0.030303001,0.059961315,0.0018170096,1,0,0,0,0
28323,-1,1,2.0665438,0.88760865,1,1,unassigned,6.0,6.0,0.0,1.0,0.0,0.0,0.007736944,0.0,1,0,0,1,0
28324,-1,0,3.226558,0.9618216,1,1,unassigned,5.0,5.0,0.0,1.0,0.0,0.0,0.0058027077,0.0,0,0,0,1,1
28325,-1,1,1.3850524,0.79980123,1,1,unassigned,12.0,11.0,1.0,0.9166667,0.083333336,0.08333331,0.01934236,0.0016118633,1,0,0,1,0
28326,-1,0,0.007221043,0.50180525,1,1,unassigned,46.0,46.0,0.0,1.0,0.0,0.0,0.08510638,0.0,0,0,0,1,0
28327,-1,0,0.2611093,0.564909,1,1,unassigned,69.0,68.0,1.0,0.98550725,0.014492754,0.01449275,0.1295938,0.0018781711,0,0,0,1,0
28328,1,0,-0.5883898,0.3570044,0,1,unassigned,42.0,41.0,1.0,0.97619045,0.023809524,0.023809552,0.07736944,0.0018421295,0,0,0,0,0
28329,1,0,1.4539382,0.8106038,1,0,test,14.0,13.0,1.0,0.9285714,0.071428575,0.0714286,0.023210831,0.0016579166,0,0,1,1,0
28330,-1,0,1.2694492,0.78064847,1,1,unassigned,2.0,2.0,0.0,1.0,0.0,0.0,0.0,0.0,0,0,0,1,0
28331,-1,0,2.1395667,0.8946898,1,1,unassigned,10.0,10.0,0.0,1.0,0.0,0.0,0.015473888,0.0,0,0,0,1,0
28332,-1,1,3.2330663,0.96205986,1,1,unassigned,4.0,3.0,1.0,0.75,0.25,0.25,0.003868472,0.000967118,1,0,0,1,1
28333,-1,1,-0.19427225,0.4515841,0,1,unassigned,4.0,3.0,1.0,0.75,0.25,0.25,0.003868472,0.000967118,1,0,0,0,0
28334,1,1,5.7403502,0.99679667,1,0,unassigned,5.0,5.0,0.0,1.0,0.0,0.0,0.0058027077,0.0,1,0,1,1,1
28335,-1,0,6.859472,0.99895155,1,1,unassigned,2.0,2.0,0.0,1.0,0.0,0.0,0.0,0.0,0,0,0,1,1
28336,-1,1,3.4547217,0.9693717,1,1,unassigned,6.0,5.0,1.0,0.8333333,0.16666667,0.16666669,0.007736944,0.0012894907,1,0,0,1,1
28337,-1,0,0.07484698,0.51870304,1,1,unassigned,4.0,4.0,0.0,1.0,0.0,0.0,0.003868472,0.0,0,0,0,1,0
28338,-1,1,-0.7914146,0.311865,0,1,unassigned,4.0,3.0,1.0,0.75,0.25,0.25,0.003868472,0.000967118,1,0,0,0,0
28339,-1,0,0.9507223,0.7212604,1,1,unassigned,2.0,2.0,0.0,1.0,0.0,0.0,0.0,0.0,0,0,0,1,0
28340,-1,1,-0.22018507,0.44517505,0,1,unassigned,5.0,4.0,1.0,0.8,0.2,0.19999999,0.0058027077,0.0011605415,1,0,0,0,0
28341,-1,1,-0.26711777,0.43361482,0,1,unassigned,15.0,15.0,0.0,1.0,0.0,0.0,0.025145067,0.0,1,0,0,0,0
28342,-1,0,5.76481,0.99687374,1,1,unassigned,2.0,2.0,0.0,1.0,0.0,0.0,0.0,0.0,0,0,0,1,1
28343,1,1,0.010749996,0.50268745,1,0,unassigned,8.0,8.0,0.0,1.0,0.0,0.0,0.0116054155,0.0,1,0,1,1,0
28344,-1,0,1.4804993,0.814648,1,1,unassigned,6.0,5.0,1.0,0.8333333,0.16666667,0.16666669,0.007736944,0.0012894907,0,0,0,1,0
28345,-1,0,-0.9524443,0.2783935,0,1,unassigned,3.0,3.0,0.0,1.0,0.0,0.0,0.001934236,0.0,0,0,0,0,0
28346,-1,1,4.226823,0.9856113,1,1,unassigned,11.0,9.0,2.0,0.8181818,0.18181819,0.18181819,0.017408123,0.0031651135,1,0,0,1,1
28347,-1,1,1.1044068,0.75108486,1,1,unassigned,6.0,6.0,0.0,1.0,0.0,0.0,0.007736944,0.0,1,0,0,1,0
28348,0,0,-0.120685816,0.4698651,0,0,test,21.0,21.0,0.0,1.0,0.0,0.0,0.036750484,0.0,0,0,1,0,0
28349,-1,0,-0.4022351,0.40077546,0,1,unassigned,11.0,11.0,0.0,1.0,0.0,0.0,0.017408123,0.0,0,0,0,0,0
28350,-1,0,2.362674,0.9139364,1,1,unassigned,6.0,3.0,3.0,0.5,0.5,0.5,0.007736944,0.003868472,0,0,0,1,1
28351,-1,1,0.97499734,0.72611445,1,1,unassigned,23.0,22.0,1.0,0.95652175,0.04347826,0.04347825,0.040618956,0.0017660416,1,0,0,1,0
28352,1,0,-0.2869677,0.42874637,0,1,unassigned,17.0,16.0,1.0,0.9411765,0.05882353,0.058823526,0.029013539,0.0017066788,0,0,0,0,0
28353,-1,0,0.0019766688,0.5004942,1,1,unassigned,2.0,2.0,0.0,1.0,0.0,0.0,0.0,0.0,0,0,0,1,0
28354,-1,0,0.81242865,0.6926268,1,1,unassigned,10.0,10.0,0.0,1.0,0.0,0.0,0.015473888,0.0,0,0,0,1,0
28355,-1,0,-0.004239857,0.49894005,0,1,unassigned,9.0,8.0,1.0,0.8888889,0.11111111,0.111111104,0.013539651,0.0015044058,0,0,0,0,0
28356,-1,0,-0.17629963,0.45603892,0,1,unassigned,18.0,18.0,0.0,1.0,0.0,0.0,0.030947777,0.0,0,0,0,0,0
28357,-1,1,-0.47933364,0.38240948,0,1,unassigned,29.0,1.0,28.0,0.03448276,0.9655172,0.9655172,0.05222437,0.05042353,1,1,0,0,0
28358,-1,0,3.941325,0.9809476,1,1,unassigned,11.0,10.0,1.0,0.90909094,0.09090909,0.090909064,0.017408123,0.0015825568,0,0,0,1,1
28359,-1,1,1.9817722,0.87886995,1,1,unassigned,36.0,35.0,1.0,0.9722222,0.027777778,0.027777791,0.065764025,0.0018267785,1,0,0,1,0
28360,0,0,-0.33735022,0.4164533,0,0,unassigned,15.0,14.0,1.0,0.93333334,0.06666667,0.06666666,0.025145067,0.0016763379,0,0,1,0,0
28361,-1,0,-0.7868574,0.31284386,0,1,unassigned,14.0,12.0,2.0,0.85714287,0.14285715,0.14285713,0.023210831,0.0033158332,0,0,0,0,0
28362,0,0,-0.48471817,0.38113862,0,0,val,16.0,15.0,1.0,0.9375,0.0625,0.0625,0.027079303,0.0016924564,0,0,1,0,0
28363,-1,0,0.44802552,0.6101697,1,1,unassigned,33.0,27.0,6.0,0.8181818,0.18181819,0.18181819,0.059961315,0.010902057,0,0,0,1,0
28364,1,0,4.078478,0.9833487,1,0,val,67.0,63.0,4.0,0.9402985,0.05970149,0.059701502,0.12572534,0.0075059906,0,0,1,1,1
28365,-1,0,1.5245323,0.8212049,1,1,unassigned,32.0,32.0,0.0,1.0,0.0,0.0,0.058027077,0.0,0,0,0,1,0
28366,-1,0,8.277914,0.999746,1,1,unassigned,5.0,5.0,0.0,1.0,0.0,0.0,0.0058027077,0.0,0,0,0,1,1
28367,-1,0,6.880466,0.99897337,1,1,unassigned,8.0,8.0,0.0,1.0,0.0,0.0,0.0116054155,0.0,0,0,0,1,1
28368,-1,0,0.08759165,0.52188396,1,1,unassigned,31.0,29.0,2.0,0.9354839,0.06451613,0.06451613,0.056092843,0.003618893,0,0,0,1,0
28369,-1,0,-0.9714117,0.2745992,0,1,unassigned,28.0,28.0,0.0,1.0,0.0,0.0,0.050290134,0.0,0,0,0,0,0
28370,-1,0,-0.82307845,0.30511057,0,1,unassigned,2.0,2.0,0.0,1.0,0.0,0.0,0.0,0.0,0,0,0,0,0
28371,-1,0,-0.82751644,0.30417046,0,1,unassigned,5.0,5.0,0.0,1.0,0.0,0.0,0.0058027077,0.0,0,0,0,0,0
28372,-1,0,0.14626265,0.5365006,1,1,unassigned,5.0,5.0,0.0,1.0,0.0,0.0,0.0058027077,0.0,0,0,0,1,0
28373,-1,0,0.020887077,0.50522155,1,1,unassigned,44.0,44.0,0.0,1.0,0.0,0.0,0.08123791,0.0,0,0,0,1,0
28374,-1,0,1.3849783,0.7997893,1,1,unassigned,34.0,34.0,0.0,1.0,0.0,0.0,0.061895553,0.0,0,0,0,1,0
28375,-1,0,6.7726398,0.99885666,1,1,unassigned,3.0,3.0,0.0,1.0,0.0,0.0,0.001934236,0.0,0,0,0,1,1
28376,1,0,-0.18600628,0.4536321,0,1,test,7.0,7.0,0.0,1.0,0.0,0.0,0.00967118,0.0,0,0,0,0,0
28377,-1,0,-0.028721333,0.4928202,0,1,unassigned,64.0,61.0,3.0,0.953125,0.046875,0.046875,0.11992263,0.005621373,0,0,0,0,0
28378,-1,0,6.821016,0.99891055,1,1,unassigned,3.0,3.0,0.0,1.0,0.0,0.0,0.001934236,0.0,0,0,0,1,1
28379,-1,0,2.934371,0.94951963,1,1,unassigned,10.0,9.0,1.0,0.9,0.1,0.100000024,0.015473888,0.0015473888,0,0,0,1,1
28380,-1,0,-0.09607172,0.47600055,0,1,unassigned,22.0,22.0,0.0,1.0,0.0,0.0,0.03868472,0.0,0,0,0,0,0
28381,-1,0,0.1614204,0.5402677,1,1,unassigned,7.0,7.0,0.0,1.0,0.0,0.0,0.00967118,0.0,0,0,0,1,0
28382,-1,0,-0.89898217,0.2892597,0,1,unassigned,113.0,112.0,1.0,0.99115044,0.0088495575,0.008849561,0.21470019,0.0019000017,0,0,0,0,0
28383,-1,0,-0.09442437,0.47641146,0,1,unassigned,24.0,24.0,0.0,1.0,0.0,0.0,0.04255319,0.0,0,0,0,0,0
28384,-1,1,-0.24590221,0.43883237,0,1,unassigned,11.0,10.0,1.0,0.90909094,0.09090909,0.090909064,0.017408123,0.0015825568,1,0,0,0,0
28385,-1,0,-0.017105699,0.49572366,0,1,unassigned,16.0,16.0,0.0,1.0,0.0,0.0,0.027079303,0.0,0,0,0,0,0
28386,-1,0,-0.047126055,0.4882207,0,1,unassigned,7.0,7.0,0.0,1.0,0.0,0.0,0.00967118,0.0,0,0,0,0,0
28387,1,0,1.7640612,0.8537175,1,0,train,4.0,3.0,1.0,0.75,0.25,0.25,0.003868472,0.000967118,0,0,1,1,0
28388,-1,1,-0.3364184,0.41667977,0,1,unassigned,75.0,73.0,2.0,0.97333336,0.026666667,0.026666641,0.14119923,0.003765313,1,0,0,0,0
28389,-1,1,-0.3907501,0.40353674,0,1,unassigned,31.0,30.0,1.0,0.9677419,0.032258064,0.032258093,0.056092843,0.0018094465,1,0,0,0,0
28390,-1,1,2.3636189,0.91401064,1,1,unassigned,9.0,8.0,1.0,0.8888889,0.11111111,0.111111104,0.013539651,0.0015044058,1,0,0,1,1
28391,-1,0,-0.43580967,0.39273986,0,1,unassigned,3.0,3.0,0.0,1.0,0.0,0.0,0.001934236,0.0,0,0,0,0,0
28392,-1,0,0.7448545,0.67805654,1,1,unassigned,4.0,3.0,1.0,0.75,0.25,0.25,0.003868472,0.000967118,0,0,0,1,0
28393,-1,1,-0.3211622,0.4203925,0,1,unassigned,52.0,48.0,4.0,0.9230769,0.07692308,0.07692307,0.0967118,0.0074393693,1,0,0,0,0
28394,-1,1,-0.8561511,0.29814413,0,1,unassigned,32.0,32.0,0.0,1.0,0.0,0.0,0.058027077,0.0,1,0,0,0,0
28395,-1,1,-0.5699378,0.36125118,0,1,unassigned,36.0,35.0,1.0,0.9722222,0.027777778,0.027777791,0.065764025,0.0018267785,1,0,0,0,0
28396,-1,1,-0.90314424,0.2884048,0,1,unassigned,62.0,62.0,0.0,1.0,0.0,0.0,0.116054155,0.0,1,0,0,0,0
28397,-1,0,5.9475417,0.99739456,1,1,unassigned,8.0,6.0,2.0,0.75,0.25,0.25,0.0116054155,0.0029013539,0,0,0,1,1
28398,0,0,0.021662831,0.5054155,1,1,train,7.0,6.0,1.0,0.85714287,0.14285715,0.14285713,0.00967118,0.0013815971,0,0,0,1,0
28399,-1,1,4.51714,0.9891978,1,1,unassigned,11.0,11.0,0.0,1.0,0.0,0.0,0.017408123,0.0,1,0,0,1,1
28400,1,0,0.95235497,0.7215885,1,0,val,6.0,6.0,0.0,1.0,0.0,0.0,0.007736944,0.0,0,0,1,1,0
28401,-1,0,0.8602852,0.7027203,1,1,unassigned,33.0,32.0,1.0,0.969697,0.030303031,0.030303001,0.059961315,0.0018170096,0,0,0,1,0
28402,-1,0,-0.79597425,0.31088734,0,1,unassigned,4.0,4.0,0.0,1.0,0.0,0.0,0.003868472,0.0,0,0,0,0,0
28403,-1,0,0.04913163,0.51228046,1,1,unassigned,16.0,15.0,1.0,0.9375,0.0625,0.0625,0.027079303,0.0016924564,0,0,0,1,0
28404,-1,1,1.9638066,0.8769443,1,1,unassigned,33.0,32.0,1.0,0.969697,0.030303031,0.030303001,0.059961315,0.0018170096,1,0,0,1,0
28405,-1,0,-0.19887894,0.45044354,0,1,unassigned,33.0,31.0,2.0,0.93939394,0.060606062,0.060606062,0.059961315,0.0036340193,0,0,0,0,0
28406,-1,0,5.7479577,0.9968208,1,1,unassigned,8.0,6.0,2.0,0.75,0.25,0.25,0.0116054155,0.0029013539,0,0,0,1,1
28407,0,0,-0.36111307,0.4106902,0,0,unassigned,52.0,49.0,3.0,0.9423077,0.057692308,0.05769229,0.0967118,0.005579527,0,0,1,0,0
28408,-1,0,0.021123588,0.5052807,1,1,unassigned,2.0,2.0,0.0,1.0,0.0,0.0,0.0,0.0,0,0,0,1,0
28409,-1,0,1.363832,0.7963818,1,1,unassigned,10.0,10.0,0.0,1.0,0.0,0.0,0.015473888,0.0,0,0,0,1,0
28410,-1,0,0.39650792,0.5978484,1,1,unassigned,45.0,45.0,0.0,1.0,0.0,0.0,0.08317215,0.0,0,0,0,1,0
28411,-1,0,3.8810017,0.9797869,1,1,unassigned,77.0,74.0,3.0,0.96103895,0.038961038,0.038961053,0.14506769,0.0056519876,0,0,0,1,1
28412,-1,0,2.112979,0.89215827,1,1,unassigned,20.0,18.0,2.0,0.9,0.1,0.100000024,0.034816246,0.0034816246,0,0,0,1,0
28413,0,0,-0.3292929,0.4184127,0,0,test,11.0,11.0,0.0,1.0,0.0,0.0,0.017408123,0.0,0,0,1,0,0
28414,-1,0,0.27846247,0.5691693,1,1,unassigned,22.0,22.0,0.0,1.0,0.0,0.0,0.03868472,0.0,0,0,0,1,0
28415,-1,0,-0.2324518,0.4421473,0,1,unassigned,21.0,21.0,0.0,1.0,0.0,0.0,0.036750484,0.0,0,0,0,0,0
28416,-1,0,-0.51578474,0.37383842,0,1,unassigned,12.0,12.0,0.0,1.0,0.0,0.0,0.01934236,0.0,0,0,0,0,0
28417,-1,0,-0.8032233,0.30933645,0,1,unassigned,20.0,20.0,0.0,1.0,0.0,0.0,0.034816246,0.0,0,0,0,0,0
28418,-1,1,0.18865359,0.547024,1,1,unassigned,24.0,23.0,1.0,0.9583333,0.041666668,0.041666687,0.04255319,0.0017730496,1,0,0,1,0
28419,1,0,1.1217136,0.75430644,1,0,unassigned,16.0,16.0,0.0,1.0,0.0,0.0,0.027079303,0.0,0,0,1,1,0
28420,-1,1,-0.28366864,0.42955458,0,1,unassigned,17.0,15.0,2.0,0.88235295,0.11764706,0.11764705,0.029013539,0.0034133575,1,0,0,0,0
28421,0,1,-0.0999918,0.47502285,0,0,unassigned,19.0,13.0,6.0,0.68421054,0.31578946,0.31578946,0.032882012,0.010383793,1,0,1,0,0
28422,-1,1,2.3592603,0.9136675,1,1,unassigned,2.0,2.0,0.0,1.0,0.0,0.0,0.0,0.0,1,0,0,1,1
28423,-1,0,-0.81438005,0.30695793,0,1,unassigned,23.0,23.0,0.0,1.0,0.0,0.0,0.040618956,0.0,0,0,0,0,0
28424,-1,0,2.6620014,0.93474686,1,1,unassigned,3.0,2.0,1.0,0.6666667,0.33333334,0.3333333,0.001934236,0.00064474536,0,0,0,1,1
28425,0,0,-0.4164899,0.397357,0,0,unassigned,20.0,19.0,1.0,0.95,0.05,0.050000012,0.034816246,0.0017408123,0,0,1,0,0
28426,1,0,-0.42503977,0.39531142,0,1,test,29.0,29.0,0.0,1.0,0.0,0.0,0.05222437,0.0,0,0,0,0,0
28427,-1,0,-0.2872777,0.42867047,0,1,unassigned,26.0,26.0,0.0,1.0,0.0,0.0,0.046421662,0.0,0,0,0,0,0
28428,-1,1,-0.8910512,0.29089296,0,1,unassigned,38.0,38.0,0.0,1.0,0.0,0.0,0.06963249,0.0,1,0,0,0,0
28429,-1,1,2.2481515,0.90449095,1,1,unassigned,28.0,21.0,7.0,0.75,0.25,0.25,0.050290134,0.012572533,1,0,0,1,1
28430,-1,0,7.624848,0.9995121,1,1,unassigned,4.0,4.0,0.0,1.0,0.0,0.0,0.003868472,0.0,0,0,0,1,1
28431,-1,0,6.290507,0.99814963,1,1,unassigned,2.0,2.0,0.0,1.0,0.0,0.0,0.0,0.0,0,0,0,1,1
28432,-1,0,0.4216165,0.60387,1,1,unassigned,9.0,8.0,1.0,0.8888889,0.11111111,0.111111104,0.013539651,0.0015044058,0,0,0,1,0
28433,-1,0,4.7629714,0.99153215,1,1,unassigned,2.0,2.0,0.0,1.0,0.0,0.0,0.0,0.0,0,0,0,1,1
28434,-1,0,0.16610342,0.54143065,1,1,unassigned,9.0,9.0,0.0,1.0,0.0,0.0,0.013539651,0.0,0,0,0,1,0
28435,-1,0,-0.8973379,0.28959787,0,1,unassigned,31.0,29.0,2.0,0.9354839,0.06451613,0.06451613,0.056092843,0.003618893,0,0,0,0,0
28436,-1,0,2.3921037,0.9162232,1,1,unassigned,18.0,16.0,2.0,0.8888889,0.11111111,0.111111104,0.030947777,0.0034386418,0,0,0,1,1
28437,-1,0,3.0814092,0.95611936,1,1,unassigned,4.0,4.0,0.0,1.0,0.0,0.0,0.003868472,0.0,0,0,0,1,1
28438,-1,0,0.3690309,0.5912248,1,1,unassigned,12.0,12.0,0.0,1.0,0.0,0.0,0.01934236,0.0,0,0,0,1,0
28439,-1,1,0.8737499,0.7055254,1,1,unassigned,12.0,12.0,0.0,1.0,0.0,0.0,0.01934236,0.0,1,0,0,1,0
28440,-1,0,1.3361263,0.7918522,1,1,unassigned,9.0,9.0,0.0,1.0,0.0,0.0,0.013539651,0.0,0,0,0,1,0
28441,-1,1,0.8638926,0.70347327,1,1,unassigned,71.0,67.0,4.0,0.943662,0.056338027,0.056338012,0.13346228,0.0075190016,1,0,0,1,0
28442,-1,0,1.0269318,0.7363206,1,1,unassigned,35.0,33.0,2.0,0.94285715,0.057142857,0.057142854,0.06382979,0.0036474164,0,0,0,1,0
28443,-1,0,0.61579925,0.6492625,1,1,unassigned,21.0,20.0,1.0,0.95238096,0.04761905,0.047619045,0.036750484,0.0017500231,0,0,0,1,0
28444,-1,0,-0.831708,0.30328402,0,1,unassigned,116.0,115.0,1.0,0.9913793,0.00862069,0.008620679,0.2205029,0.001900887,0,0,0,0,0
28445,-1,0,-0.17754823,0.4557292,0,1,unassigned,11.0,11.0,0.0,1.0,0.0,0.0,0.017408123,0.0,0,0,0,0,0
28446,-1,0,6.6875696,0.9987552,1,1,unassigned,11.0,11.0,0.0,1.0,0.0,0.0,0.017408123,0.0,0,0,0,1,1
28447,-1,0,2.5399842,0.9268977,1,1,unassigned,11.0,10.0,1.0,0.90909094,0.09090909,0.090909064,0.017408123,0.0015825568,0,0,0,1,1
28448,-1,1,4.022838,0.9824127,1,1,unassigned,12.0,4.0,8.0,0.33333334,0.6666667,0.6666666,0.01934236,0.012894906,1,0,0,1,1
28449,-1,0,-0.58275366,0.35829923,0,1,unassigned,78.0,76.0,2.0,0.974359,0.025641026,0.025641024,0.14700194,0.0037692804,0,0,0,0,0
28450,-1,0,-0.16979167,0.45765373,0,1,unassigned,2.0,2.0,0.0,1.0,0.0,0.0,0.0,0.0,0,0,0,0,0
28451,-1,0,10.806436,0.99997973,1,1,unassigned,36.0,30.0,6.0,0.8333333,0.16666667,0.16666669,0.065764025,0.010960671,0,0,0,1,1
28452,-1,0,0.69081455,0.6661481,1,1,unassigned,2.0,2.0,0.0,1.0,0.0,0.0,0.0,0.0,0,0,0,1,0
28453,-1,0,4.401387,0.98788816,1,1,unassigned,4.0,4.0,0.0,1.0,0.0,0.0,0.003868472,0.0,0,0,0,1,1
28454,-1,1,3.3232887,0.9652192,1,1,unassigned,3.0,1.0,2.0,0.33333334,0.6666667,0.6666666,0.001934236,0.0012894907,1,0,0,1,1
28455,-1,0,-0.8920915,0.2906784,0,1,unassigned,20.0,19.0,1.0,0.95,0.05,0.050000012,0.034816246,0.0017408123,0,0,0,0,0
28456,-1,0,-0.96108484,0.27666104,0,1,unassigned,62.0,62.0,0.0,1.0,0.0,0.0,0.116054155,0.0,0,0,0,0,0
28457,-1,0,-0.8789563,0.2933941,0,1,unassigned,6.0,6.0,0.0,1.0,0.0,0.0,0.007736944,0.0,0,0,0,0,0
28458,-1,0,6.0726333,0.99770015,1,1,unassigned,3.0,3.0,0.0,1.0,0.0,0.0,0.001934236,0.0,0,0,0,1,1
28459,-1,1,0.60314447,0.64637536,1,1,unassigned,9.0,7.0,2.0,0.7777778,0.22222222,0.22222221,0.013539651,0.0030088115,1,0,0,1,0
28460,-1,1,0.8732045,0.7054121,1,1,unassigned,4.0,3.0,1.0,0.75,0.25,0.25,0.003868472,0.000967118,1,0,0,1,0
28461,-1,1,5.9841666,0.997488,1,1,unassigned,15.0,10.0,5.0,0.6666667,0.33333334,0.3333333,0.025145067,0.008381689,1,0,0,1,1
28462,-1,0,3.182994,0.9601893,1,1,unassigned,22.0,22.0,0.0,1.0,0.0,0.0,0.03868472,0.0,0,0,0,1,1
28463,-1,0,1.5916579,0.83084923,1,1,unassigned,5.0,5.0,0.0,1.0,0.0,0.0,0.0058027077,0.0,0,0,0,1,0
28464,1,0,-0.95425177,0.27803057,0,1,val,2.0,2.0,0.0,1.0,0.0,0.0,0.0,0.0,0,0,0,0,0
28465,-1,0,2.5524771,0.92773974,1,1,unassigned,9.0,3.0,6.0,0.33333334,0.6666667,0.6666666,0.013539651,0.009026434,0,0,0,1,1
28466,-1,0,-0.38165116,0.4057287,0,1,unassigned,26.0,26.0,0.0,1.0,0.0,0.0,0.046421662,0.0,0,0,0,0,0
28467,-1,0,0.033602357,0.5083998,1,1,unassigned,4.0,4.0,0.0,1.0,0.0,0.0,0.003868472,0.0,0,0,0,1,0
28468,-1,0,-0.15814602,0.46054572,0,1,unassigned,32.0,32.0,0.0,1.0,0.0,0.0,0.058027077,0.0,0,0,0,0,0
28469,0,0,-0.32696944,0.41897818,0,0,unassigned,20.0,20.0,0.0,1.0,0.0,0.0,0.034816246,0.0,0,0,1,0,0
28470,-1,1,-0.52956444,0.37061846,0,1,unassigned,6.0,5.0,1.0,0.8333333,0.16666667,0.16666669,0.007736944,0.0012894907,1,0,0,0,0
28471,-1,1,-0.08461967,0.4788577,0,1,unassigned,15.0,13.0,2.0,0.8666667,0.13333334,0.13333333,0.025145067,0.0033526758,1,0,0,0,0
28472,1,1,3.6691902,0.9751369,1,0,unassigned,15.0,14.0,1.0,0.93333334,0.06666667,0.06666666,0.025145067,0.0016763379,1,0,1,1,1
28473,-1,1,5.7296567,0.9967623,1,1,unassigned,9.0,5.0,4.0,0.5555556,0.44444445,0.44444442,0.013539651,0.006017623,1,0,0,1,1
28474,-1,1,0.92129236,0.7153054,1,1,unassigned,2.0,1.0,1.0,0.5,0.5,0.5,0.0,0.0,1,0,0,1,0
28475,-1,1,1.8423953,0.8632317,1,1,unassigned,46.0,34.0,12.0,0.73913044,0.26086956,0.26086956,0.08510638,0.022201665,1,0,0,1,0
28476,0,0,-0.036957085,0.49076173,0,0,unassigned,20.0,20.0,0.0,1.0,0.0,0.0,0.034816246,0.0,0,0,1,0,0
28477,-1,0,0.14361972,0.5358433,1,1,unassigned,4.0,4.0,0.0,1.0,0.0,0.0,0.003868472,0.0,0,0,0,1,0
28478,-1,0,2.1471267,0.8953999,1,1,unassigned,2.0,2.0,0.0,1.0,0.0,0.0,0.0,0.0,0,0,0,1,0
28479,-1,0,0.18712491,0.54664516,1,1,unassigned,19.0,19.0,0.0,1.0,0.0,0.0,0.032882012,0.0,0,0,0,1,0
28480,-1,1,-0.2587411,0.43567318,0,1,unassigned,2.0,2.0,0.0,1.0,0.0,0.0,0.0,0.0,1,0,0,0,0
28481,-1,0,9.579094,0.99993086,1,1,unassigned,7.0,7.0,0.0,1.0,0.0,0.0,0.00967118,0.0,0,0,0,1,1
28482,-1,0,1.3854132,0.7998589,1,1,unassigned,2.0,2.0,0.0,1.0,0.0,0.0,0.0,0.0,0,0,0,1,0
28483,-1,1,0.9102436,0.71304995,1,1,unassigned,5.0,5.0,0.0,1.0,0.0,0.0,0.0058027077,0.0,1,0,0,1,0
28484,-1,0,0.674606,0.6625338,1,1,unassigned,4.0,4.0,0.0,1.0,0.0,0.0,0.003868472,0.0,0,0,0,1,0
28485,-1,0,3.4337533,0.96874285,1,1,unassigned,14.0,13.0,1.0,0.9285714,0.071428575,0.0714286,0.023210831,0.0016579166,0,0,0,1,1
28486,-1,0,-0.530165,0.37047842,0,1,unassigned,14.0,14.0,0.0,1.0,0.0,0.0,0.023210831,0.0,0,0,0,0,0
28487,-1,1,-0.6147215,0.3509829,0,1,unassigned,28.0,25.0,3.0,0.89285713,0.10714286,0.107142866,0.050290134,0.0053882287,1,0,0,0,0
28488,-1,0,-0.5130959,0.37446803,0,1,unassigned,70.0,68.0,2.0,0.9714286,0.028571429,0.028571427,0.13152805,0.0037579443,0,0,0,0,0
28489,-1,0,0.05926901,0.51481295,1,1,unassigned,34.0,21.0,13.0,0.61764705,0.38235295,0.38235295,0.061895553,0.023665948,0,0,0,1,0
28490,-1,1,-0.3965553,0.40214023,0,1,unassigned,59.0,56.0,3.0,0.9491525,0.050847456,0.05084747,0.11025145,0.005606006,1,0,0,0,0
28491,-1,0,-0.28179216,0.43001443,0,1,unassigned,16.0,16.0,0.0,1.0,0.0,0.0,0.027079303,0.0,0,0,0,0,0
28492,1,1,1.6674359,0.8412337,1,0,val,44.0,40.0,4.0,0.90909094,0.09090909,0.090909064,0.08123791,0.007385265,1,0,1,1,0
28493,-1,1,1.7207224,0.84822184,1,1,unassigned,10.0,10.0,0.0,1.0,0.0,0.0,0.015473888,0.0,1,0,0,1,0
28494,-1,0,-0.24976939,0.43788028,0,1,unassigned,11.0,11.0,0.0,1.0,0.0,0.0,0.017408123,0.0,0,0,0,0,0
28495,-1,1,-0.36719054,0.40922004,0,1,unassigned,77.0,72.0,5.0,0.9350649,0.064935066,0.06493509,0.14506769,0.00941998,1,0,0,0,0
28496,-1,0,-0.5959527,0.3552702,0,1,unassigned,2.0,2.0,0.0,1.0,0.0,0.0,0.0,0.0,0,0,0,0,0
28497,1,0,-0.25443345,0.43673256,0,1,val,23.0,23.0,0.0,1.0,0.0,0.0,0.040618956,0.0,0,0,0,0,0
28498,1,0,1.6979477,0.84526646,1,0,val,29.0,28.0,1.0,0.9655172,0.03448276,0.034482777,0.05222437,0.0018008404,0,0,1,1,0
28499,-1,0,-0.84950614,0.2995365,0,1,unassigned,26.0,25.0,1.0,0.96153843,0.03846154,0.038461566,0.046421662,0.0017854486,0,0,0,0,0
28500,-1,1,-0.8496212,0.29951233,0,1,unassigned,3.0,2.0,1.0,0.6666667,0.33333334,0.3333333,0.001934236,0.00064474536,1,0,0,0,0
28501,1,1,4.668552,0.99070144,1,0,unassigned,27.0,23.0,4.0,0.8518519,0.14814815,0.14814812,0.0483559,0.007163837,1,0,1,1,1
28502,-1,1,3.2970653,0.964328,1,1,unassigned,4.0,3.0,1.0,0.75,0.25,0.25,0.003868472,0.000967118,1,0,0,1,1
28503,-1,0,-0.43963274,0.3918285,0,1,unassigned,5.0,5.0,0.0,1.0,0.0,0.0,0.0058027077,0.0,0,0,0,0,0
28504,-1,1,4.3583198,0.9873619,1,1,unassigned,2.0,2.0,0.0,1.0,0.0,0.0,0.0,0.0,1,0,0,1,1
28505,-1,0,1.2632713,0.77958876,1,1,unassigned,7.0,7.0,0.0,1.0,0.0,0.0,0.00967118,0.0,0,0,0,1,0
28506,0,1,-0.15333748,0.46174055,0,0,test,27.0,24.0,3.0,0.8888889,0.11111111,0.111111104,0.0483559,0.0053728777,1,0,1,0,0
28507,-1,0,1.1511095,0.75971353,1,1,unassigned,30.0,30.0,0.0,1.0,0.0,0.0,0.054158606,0.0,0,0,0,1,0
28508,-1,1,-0.34358773,0.41493824,0,1,unassigned,11.0,11.0,0.0,1.0,0.0,0.0,0.017408123,0.0,1,0,0,0,0
28509,-1,1,0.06381309,0.5159478,1,1,unassigned,2.0,2.0,0.0,1.0,0.0,0.0,0.0,0.0,1,0,0,1,0
28510,-1,0,0.35103494,0.5868685,1,1,unassigned,13.0,13.0,0.0,1.0,0.0,0.0,0.021276595,0.0,0,0,0,1,0
28511,0,0,0.5302326,0.62953734,1,1,test,16.0,16.0,0.0,1.0,0.0,0.0,0.027079303,0.0,0,0,0,1,0
28512,-1,0,2.2246902,0.9024449,1,1,unassigned,7.0,7.0,0.0,1.0,0.0,0.0,0.00967118,0.0,0,0,0,1,1
28513,0,0,0.3433166,0.584996,1,1,unassigned,15.0,15.0,0.0,1.0,0.0,0.0,0.025145067,0.0,0,0,0,1,0
28514,-1,1,9.864113,0.999948,1,1,unassigned,2.0,2.0,0.0,1.0,0.0,0.0,0.0,0.0,1,0,0,1,1
28515,-1,1,-0.85263836,0.29887968,0,1,unassigned,65.0,62.0,3.0,0.95384616,0.046153847,0.046153843,0.12185687,0.0056241634,1,0,0,0,0
28516,-1,0,-0.843176,0.3008663,0,1,unassigned,15.0,15.0,0.0,1.0,0.0,0.0,0.025145067,0.0,0,0,0,0,0
28517,-1,1,1.8737109,0.8668871,1,1,unassigned,23.0,19.0,4.0,0.82608694,0.17391305,0.17391306,0.040618956,0.0070641665,1,0,0,1,0
28518,-1,0,-0.89364195,0.2903588,0,1,unassigned,58.0,57.0,1.0,0.98275864,0.01724138,0.017241359,0.10831721,0.0018675381,0,0,0,0,0
28519,-1,1,-0.13455623,0.46641162,0,1,unassigned,3.0,3.0,0.0,1.0,0.0,0.0,0.001934236,0.0,1,0,0,0,0
28520,-1,0,13.801615,0.9999989,1,1,unassigned,4.0,4.0,0.0,1.0,0.0,0.0,0.003868472,0.0,0,0,0,1,1
28521,-1,0,-0.8431432,0.30087322,0,1,unassigned,25.0,24.0,1.0,0.96,0.04,0.04000002,0.044487428,0.001779497,0,0,0,0,0
28522,0,0,0.8472863,0.69999754,1,1,test,3.0,3.0,0.0,1.0,0.0,0.0,0.001934236,0.0,0,0,0,1,0
28523,-1,1,-0.47926337,0.38242608,0,1,unassigned,13.0,9.0,4.0,0.6923077,0.30769232,0.3076923,0.021276595,0.006546645,1,0,0,0,0
28524,-1,1,1.7585275,0.85302514,1,1,unassigned,7.0,5.0,2.0,0.71428573,0.2857143,0.28571427,0.00967118,0.0027631943,1,0,0,1,0
28525,-1,1,-0.7575729,0.31917343,0,1,unassigned,80.0,79.0,1.0,0.9875,0.0125,0.012499988,0.15087041,0.0018858801,1,0,0,0,0
28526,-1,1,-0.8125273,0.30735222,0,1,unassigned,31.0,29.0,2.0,0.9354839,0.06451613,0.06451613,0.056092843,0.003618893,1,0,0,0,0
28527,-1,1,-0.26482084,0.43417904,0,1,unassigned,17.0,16.0,1.0,0.9411765,0.05882353,0.058823526,0.029013539,0.0017066788,1,0,0,0,0
28528,-1,1,-0.9070704,0.28759968,0,1,unassigned,19.0,17.0,2.0,0.8947368,0.10526316,0.10526317,0.032882012,0.0034612645,1,0,0,0,0
28529,-1,1,-0.088100255,0.47798914,0,1,unassigned,11.0,11.0,0.0,1.0,0.0,0.0,0.017408123,0.0,1,0,0,0,0
28530,0,0,-0.77583873,0.31521744,0,0,unassigned,2.0,2.0,0.0,1.0,0.0,0.0,0.0,0.0,0,0,1,0,0
28531,-1,1,3.4082136,0.9679603,1,1,unassigned,2.0,1.0,1.0,0.5,0.5,0.5,0.0,0.0,1,0,0,1,1
28532,-1,1,-0.74317884,0.3223094,0,1,unassigned,45.0,43.0,2.0,0.95555556,0.044444446,0.04444444,0.08317215,0.0036965401,1,0,0,0,0
28533,-1,1,-0.7516184,0.32046875,0,1,unassigned,21.0,21.0,0.0,1.0,0.0,0.0,0.036750484,0.0,1,0,0,0,0
28534,-1,1,-0.5377368,0.36871424,0,1,unassigned,44.0,43.0,1.0,0.97727275,0.022727273,0.022727251,0.08123791,0.0018463163,1,0,0,0,0
28535,0,1,-0.42076516,0.39633366,0,0,val,35.0,34.0,1.0,0.9714286,0.028571429,0.028571427,0.06382979,0.0018237082,1,0,1,0,0
28536,-1,1,-0.5188144,0.37312952,0,1,unassigned,28.0,27.0,1.0,0.96428573,0.035714287,0.03571427,0.050290134,0.0017960763,1,0,0,0,0
28537,-1,0,-0.24285492,0.4395829,0,1,unassigned,20.0,1.0,19.0,0.05,0.95,0.95,0.034816246,0.033075433,0,0,0,0,0
28538,-1,0,1.6795862,0.84284973,1,1,unassigned,5.0,2.0,3.0,0.4,0.6,0.6,0.0058027077,0.0034816249,0,0,0,1,0
28539,1,1,-0.8023147,0.3095306,0,1,unassigned,14.0,14.0,0.0,1.0,0.0,0.0,0.023210831,0.0,1,0,0,0,0
28540,1,1,-0.95752764,0.27737346,0,1,test,13.0,13.0,0.0,1.0,0.0,0.0,0.021276595,0.0,1,0,0,0,0
28541,-1,0,5.802488,0.9969891,1,1,unassigned,3.0,3.0,0.0,1.0,0.0,0.0,0.001934236,0.0,0,0,0,1,1
28542,-1,0,-0.9666179,0.27555513,0,1,unassigned,12.0,10.0,2.0,0.8333333,0.16666667,0.16666669,0.01934236,0.0032237265,0,0,0,0,0
28543,-1,1,-0.40214908,0.40079612,0,1,unassigned,32.0,29.0,3.0,0.90625,0.09375,0.09375,0.058027077,0.0054400386,1,0,0,0,0
28544,-1,1,3.22582,0.9617945,1,1,unassigned,9.0,8.0,1.0,0.8888889,0.11111111,0.111111104,0.013539651,0.0015044058,1,0,0,1,1
28545,-1,1,-0.89696735,0.2896741,0,1,unassigned,22.0,21.0,1.0,0.95454544,0.045454547,0.04545456,0.03868472,0.0017583964,1,0,0,0,0
28546,-1,1,0.59809655,0.6452207,1,1,unassigned,10.0,9.0,1.0,0.9,0.1,0.100000024,0.015473888,0.0015473888,1,0,0,1,0
28547,-1,0,6.2412667,0.9980564,1,1,unassigned,2.0,2.0,0.0,1.0,0.0,0.0,0.0,0.0,0,0,0,1,1
28548,-1,0,-0.079185605,0.48021397,0,1,unassigned,38.0,36.0,2.0,0.94736844,0.05263158,0.052631557,0.06963249,0.0036648682,0,0,0,0,0
28549,-1,0,1.7438529,0.8511758,1,1,unassigned,11.0,9.0,2.0,0.8181818,0.18181819,0.18181819,0.017408123,0.0031651135,0,0,0,1,0
28550,-1,1,0.6358519,0.65381515,1,1,unassigned,2.0,2.0,0.0,1.0,0.0,0.0,0.0,0.0,1,0,0,1,0
28551,-1,0,7.5121694,0.99945396,1,1,unassigned,5.0,5.0,0.0,1.0,0.0,0.0,0.0058027077,0.0,0,0,0,1,1
28552,-1,0,1.1420958,0.7580642,1,1,unassigned,4.0,3.0,1.0,0.75,0.25,0.25,0.003868472,0.000967118,0,0,0,1,0
28553,-1,0,-0.7680149,0.31690866,0,1,unassigned,17.0,17.0,0.0,1.0,0.0,0.0,0.029013539,0.0,0,0,0,0,0
28554,-1,0,-0.6983043,0.33218828,0,1,unassigned,51.0,51.0,0.0,1.0,0.0,0.0,0.09477756,0.0,0,0,0,0,0
28555,-1,0,-0.9640324,0.27607158,0,1,unassigned,37.0,36.0,1.0,0.972973,0.027027028,0.02702701,0.06769826,0.0018296828,0,0,0,0,0
28556,-1,0,-0.3244865,0.41958275,0,1,unassigned,9.0,9.0,0.0,1.0,0.0,0.0,0.013539651,0.0,0,0,0,0,0
28557,-1,0,8.57612,0.9998115,1,1,unassigned,5.0,3.0,2.0,0.6,0.4,0.39999998,0.0058027077,0.002321083,0,0,0,1,1
28558,-1,0,1.6536613,0.8393853,1,1,unassigned,2.0,2.0,0.0,1.0,0.0,0.0,0.0,0.0,0,0,0,1,0
28559,-1,1,1.631469,0.83637077,1,1,unassigned,5.0,4.0,1.0,0.8,0.2,0.19999999,0.0058027077,0.0011605415,1,0,0,1,0
28560,1,1,-0.9499354,0.27889782,0,1,unassigned,21.0,21.0,0.0,1.0,0.0,0.0,0.036750484,0.0,1,0,0,0,0
28561,-1,0,-0.33738178,0.41644564,0,1,unassigned,21.0,21.0,0.0,1.0,0.0,0.0,0.036750484,0.0,0,0,0,0,0
28562,-1,1,-0.7471504,0.3214425,0,1,unassigned,154.0,150.0,4.0,0.97402596,0.025974026,0.025974035,0.29400387,0.007636464,1,0,0,0,0
28563,-1,0,1.6965432,0.8450827,1,1,unassigned,3.0,3.0,0.0,1.0,0.0,0.0,0.001934236,0.0,0,0,0,1,0
28564,0,1,-0.4566062,0.38779122,0,0,unassigned,37.0,37.0,0.0,1.0,0.0,0.0,0.06769826,0.0,1,0,1,0,0
28565,-1,1,1.2160072,0.77136016,1,1,unassigned,24.0,20.0,4.0,0.8333333,0.16666667,0.16666669,0.04255319,0.0070921984,1,0,0,1,0
28566,-1,0,0.37813884,0.59342414,1,1,unassigned,6.0,6.0,0.0,1.0,0.0,0.0,0.007736944,0.0,0,0,0,1,0
28567,-1,1,-0.8885276,0.29141378,0,1,unassigned,98.0,95.0,3.0,0.96938777,0.030612245,0.03061223,0.18568665,0.0056842854,1,0,0,0,0
28568,0,1,-0.92259127,0.28443018,0,0,unassigned,34.0,33.0,1.0,0.9705882,0.029411765,0.029411793,0.061895553,0.0018204574,1,0,1,0,0
28569,-1,1,-0.85883415,0.29758298,0,1,unassigned,49.0,47.0,2.0,0.9591837,0.040816326,0.040816307,0.09090909,0.0037105752,1,0,0,0,0
28570,-1,1,3.1597943,0.95929295,1,1,unassigned,5.0,4.0,1.0,0.8,0.2,0.19999999,0.0058027077,0.0011605415,1,0,0,1,1
28571,0,1,-0.13402292,0.46654433,0,0,unassigned,60.0,56.0,4.0,0.93333334,0.06666667,0.06666666,0.11218569,0.007479046,1,0,1,0,0
28572,-1,1,0.95029324,0.7211741,1,1,unassigned,74.0,56.0,18.0,0.7567568,0.24324325,0.24324322,0.13926499,0.033875268,1,0,0,1,0
28573,-1,1,-0.63561296,0.34623888,0,1,unassigned,59.0,59.0,0.0,1.0,0.0,0.0,0.11025145,0.0,1,0,0,0,0
28574,-1,1,-0.36101955,0.41071278,0,1,unassigned,63.0,61.0,2.0,0.96825397,0.031746034,0.03174603,0.11798839,0.0037456634,1,0,0,0,0
28575,-1,0,-0.24960315,0.4379212,0,1,unassigned,4.0,4.0,0.0,1.0,0.0,0.0,0.003868472,0.0,0,0,0,0,0
28576,-1,0,3.1866992,0.9603306,1,1,unassigned,10.0,10.0,0.0,1.0,0.0,0.0,0.015473888,0.0,0,0,0,1,1
28577,-1,0,10.113981,0.99995947,1,1,unassigned,2.0,2.0,0.0,1.0,0.0,0.0,0.0,0.0,0,0,0,1,1
28578,-1,1,0.083955705,0.5209766,1,1,unassigned,4.0,4.0,0.0,1.0,0.0,0.0,0.003868472,0.0,1,0,0,1,0
28579,-1,0,2.0291817,0.8838271,1,1,unassigned,18.0,18.0,0.0,1.0,0.0,0.0,0.030947777,0.0,0,0,0,1,0
28580,-1,0,0.56820196,0.6383482,1,1,unassigned,9.0,9.0,0.0,1.0,0.0,0.0,0.013539651,0.0,0,0,0,1,0
28581,-1,0,-0.09515011,0.4762304,0,1,unassigned,7.0,7.0,0.0,1.0,0.0,0.0,0.00967118,0.0,0,0,0,0,0
28582,-1,0,-0.9391093,0.28108028,0,1,unassigned,15.0,14.0,1.0,0.93333334,0.06666667,0.06666666,0.025145067,0.0016763379,0,0,0,0,0
28583,-1,1,2.1961467,0.89990294,1,1,unassigned,8.0,8.0,0.0,1.0,0.0,0.0,0.0116054155,0.0,1,0,0,1,0
28584,-1,1,0.24615914,0.5612309,1,1,unassigned,26.0,23.0,3.0,0.88461536,0.115384616,0.11538464,0.046421662,0.005356346,1,0,0,1,0
28585,-1,0,-0.085139334,0.47872806,0,1,unassigned,7.0,7.0,0.0,1.0,0.0,0.0,0.00967118,0.0,0,0,0,0,0
28586,-1,0,5.3283453,0.99517137,1,1,unassigned,5.0,5.0,0.0,1.0,0.0,0.0,0.0058027077,0.0,0,0,0,1,1
28587,1,0,9.048855,0.99988246,1,0,unassigned,26.0,20.0,6.0,0.7692308,0.23076923,0.23076922,0.046421662,0.010712692,0,0,1,1,1
28588,-1,0,1.0537264,0.7414898,1,1,unassigned,8.0,8.0,0.0,1.0,0.0,0.0,0.0116054155,0.0,0,0,0,1,0
28589,-1,0,-0.9624303,0.27639186,0,1,unassigned,4.0,3.0,1.0,0.75,0.25,0.25,0.003868472,0.000967118,0,0,0,0,0
28590,-1,0,-0.5259598,0.3714597,0,1,unassigned,13.0,13.0,0.0,1.0,0.0,0.0,0.021276595,0.0,0,0,0,0,0
28591,-1,0,0.042126417,0.51053005,1,1,unassigned,7.0,7.0,0.0,1.0,0.0,0.0,0.00967118,0.0,0,0,0,1,0
28592,-1,1,-0.6779509,0.3367188,0,1,unassigned,52.0,51.0,1.0,0.9807692,0.01923077,0.019230783,0.0967118,0.0018598423,1,0,0,0,0
28593,-1,0,-0.56435335,0.36254078,0,1,unassigned,15.0,15.0,0.0,1.0,0.0,0.0,0.025145067,0.0,0,0,0,0,0
28594,-1,1,11.024015,0.99998367,1,1,unassigned,2.0,2.0,0.0,1.0,0.0,0.0,0.0,0.0,1,0,0,1,1
28595,-1,0,-0.6073929,0.35265413,0,1,unassigned,3.0,3.0,0.0,1.0,0.0,0.0,0.001934236,0.0,0,0,0,0,0
28596,-1,0,1.6582661,0.84000516,1,1,unassigned,4.0,4.0,0.0,1.0,0.0,0.0,0.003868472,0.0,0,0,0,1,0
28597,-1,0,0.3458585,0.5856129,1,1,unassigned,11.0,10.0,1.0,0.90909094,0.09090909,0.090909064,0.017408123,0.0015825568,0,0,0,1,0
28598,0,0,-0.6282435,0.3479089,0,0,val,16.0,16.0,0.0,1.0,0.0,0.0,0.027079303,0.0,0,0,1,0,0
28599,-1,0,-0.45972568,0.3870509,0,1,unassigned,4.0,4.0,0.0,1.0,0.0,0.0,0.003868472,0.0,0,0,0,0,0
28600,-1,0,0.98099786,0.7273061,1,1,unassigned,31.0,31.0,0.0,1.0,0.0,0.0,0.056092843,0.0,0,0,0,1,0
28601,-1,0,2.157548,0.896372,1,1,unassigned,18.0,18.0,0.0,1.0,0.0,0.0,0.030947777,0.0,0,0,0,1,0
28602,-1,0,-0.3625358,0.41034582,0,1,unassigned,2.0,2.0,0.0,1.0,0.0,0.0,0.0,0.0,0,0,0,0,0
28603,-1,0,1.8156855,0.86004764,1,1,unassigned,31.0,28.0,3.0,0.9032258,0.09677419,0.09677422,0.056092843,0.0054283394,0,0,0,1,0
28604,-1,0,-0.8045098,0.30906165,0,1,unassigned,48.0,47.0,1.0,0.9791667,0.020833334,0.020833313,0.088974856,0.0018536429,0,0,0,0,0
28605,-1,0,-0.5522856,0.3653343,0,1,unassigned,50.0,50.0,0.0,1.0,0.0,0.0,0.092843324,0.0,0,0,0,0,0
28606,-1,0,0.7953175,0.68897194,1,1,unassigned,44.0,41.0,3.0,0.9318182,0.06818182,0.06818181,0.08123791,0.005538949,0,0,0,1,0
28607,-1,0,-0.61441725,0.35105222,0,1,unassigned,19.0,19.0,0.0,1.0,0.0,0.0,0.032882012,0.0,0,0,0,0,0
28608,-1,1,1.4331951,0.8073987,1,1,unassigned,6.0,6.0,0.0,1.0,0.0,0.0,0.007736944,0.0,1,0,0,1,0
28609,-1,0,0.15314764,0.53821224,1,1,unassigned,9.0,8.0,1.0,0.8888889,0.11111111,0.111111104,0.013539651,0.0015044058,0,0,0,1,0
28610,-1,1,3.0335135,0.95406544,1,1,unassigned,10.0,6.0,4.0,0.6,0.4,0.39999998,0.015473888,0.0061895554,1,0,0,1,1
28611,0,0,0.068012536,0.5169966,1,1,val,16.0,16.0,0.0,1.0,0.0,0.0,0.027079303,0.0,0,0,0,1,0
28612,-1,0,-0.83856785,0.3018365,0,1,unassigned,21.0,21.0,0.0,1.0,0.0,0.0,0.036750484,0.0,0,0,0,0,0
28613,-1,0,-0.7576205,0.3191631,0,1,unassigned,10.0,10.0,0.0,1.0,0.0,0.0,0.015473888,0.0,0,0,0,0,0
28614,-1,0,-0.8554349,0.29829404,0,1,unassigned,40.0,30.0,10.0,0.75,0.25,0.25,0.07350097,0.018375242,0,0,0,0,0
28615,-1,0,-0.81116,0.30764335,0,1,unassigned,43.0,43.0,0.0,1.0,0.0,0.0,0.079303674,0.0,0,0,0,0,0
28616,-1,0,-0.12032357,0.46995535,0,1,unassigned,15.0,15.0,0.0,1.0,0.0,0.0,0.025145067,0.0,0,0,0,0,0
28617,-1,0,-0.37771165,0.40667894,0,1,unassigned,20.0,19.0,1.0,0.95,0.05,0.050000012,0.034816246,0.0017408123,0,0,0,0,0
28618,-1,0,3.107085,0.9571841,1,1,unassigned,2.0,2.0,0.0,1.0,0.0,0.0,0.0,0.0,0,0,0,1,1
28619,-1,1,-0.43266273,0.39349067,0,1,unassigned,17.0,17.0,0.0,1.0,0.0,0.0,0.029013539,0.0,1,0,0,0,0
28620,-1,1,-0.92849725,0.28322968,0,1,unassigned,47.0,47.0,0.0,1.0,0.0,0.0,0.08704062,0.0,1,0,0,0,0
28621,0,1,1.2525744,0.7777452,1,1,test,25.0,23.0,2.0,0.92,0.08,0.07999998,0.044487428,0.003558994,1,0,0,1,0
28622,-1,1,0.5818437,0.64149153,1,1,unassigned,56.0,53.0,3.0,0.9464286,0.05357143,0.053571403,0.10444874,0.0055954685,1,0,0,1,0
28623,-1,1,2.1928563,0.89960617,1,1,unassigned,7.0,7.0,0.0,1.0,0.0,0.0,0.00967118,0.0,1,0,0,1,0
28624,-1,1,0.44235748,0.6088206,1,1,unassigned,15.0,11.0,4.0,0.73333335,0.26666668,0.26666665,0.025145067,0.0067053516,1,0,0,1,0
28625,-1,1,0.15237874,0.53802115,1,1,unassigned,61.0,57.0,4.0,0.93442625,0.06557377,0.06557375,0.114119925,0.0074832733,1,0,0,1,0
28626,-1,1,-0.47222525,0.38408968,0,1,unassigned,6.0,6.0,0.0,1.0,0.0,0.0,0.007736944,0.0,1,0,0,0,0
28627,-1,0,0.90833634,0.7126596,1,1,unassigned,3.0,3.0,0.0,1.0,0.0,0.0,0.001934236,0.0,0,0,0,1,0
28628,-1,0,7.8790183,0.9996215,1,1,unassigned,2.0,2.0,0.0,1.0,0.0,0.0,0.0,0.0,0,0,0,1,1
28629,-1,0,-0.96061796,0.2767545,0,1,unassigned,63.0,63.0,0.0,1.0,0.0,0.0,0.11798839,0.0,0,0,0,0,0
28630,-1,0,-0.7886208,0.3124649,0,1,unassigned,13.0,13.0,0.0,1.0,0.0,0.0,0.021276595,0.0,0,0,0,0,0
28631,-1,1,-0.3522669,0.41283283,0,1,unassigned,3.0,3.0,0.0,1.0,0.0,0.0,0.001934236,0.0,1,0,0,0,0
28632,-1,0,-0.85197294,0.29901916,0,1,unassigned,30.0,29.0,1.0,0.96666664,0.033333335,0.03333336,0.054158606,0.001805287,0,0,0,0,0
28633,-1,0,0.3652317,0.5903063,1,1,unassigned,3.0,3.0,0.0,1.0,0.0,0.0,0.001934236,0.0,0,0,0,1,0
28634,-1,0,4.082605,0.9834162,1,1,unassigned,3.0,3.0,0.0,1.0,0.0,0.0,0.001934236,0.0,0,0,0,1,1
28635,-1,1,1.9432609,0.8747099,1,1,unassigned,2.0,2.0,0.0,1.0,0.0,0.0,0.0,0.0,1,0,0,1,0
28636,-1,0,-0.46537974,0.38571036,0,1,unassigned,6.0,6.0,0.0,1.0,0.0,0.0,0.007736944,0.0,0,0,0,0,0
28637,-1,0,17.674751,1.0,1,1,unassigned,95.0,95.0,0.0,1.0,0.0,0.0,0.17988394,0.0,0,0,0,1,1
28638,-1,0,-0.9362061,0.28166732,0,1,unassigned,5.0,5.0,0.0,1.0,0.0,0.0,0.0058027077,0.0,0,0,0,0,0
28639,-1,0,6.1075664,0.99777895,1,1,unassigned,21.0,20.0,1.0,0.95238096,0.04761905,0.047619045,0.036750484,0.0017500231,0,0,0,1,1
28640,-1,0,0.63076085,0.652662,1,1,unassigned,14.0,2.0,12.0,0.14285715,0.85714287,0.85714287,0.023210831,0.019894999,0,0,0,1,0
28641,-1,1,1.2390571,0.7753998,1,1,unassigned,4.0,4.0,0.0,1.0,0.0,0.0,0.003868472,0.0,1,0,0,1,0
28642,-1,0,7.0989995,0.9991748,1,1,unassigned,38.0,35.0,3.0,0.92105263,0.078947365,0.078947365,0.06963249,0.005497302,0,0,0,1,1
28643,-1,0,6.6825027,0.9987489,1,1,unassigned,2.0,1.0,1.0,0.5,0.5,0.5,0.0,0.0,0,0,0,1,1
28644,-1,0,5.7617955,0.9968644,1,1,unassigned,3.0,3.0,0.0,1.0,0.0,0.0,0.001934236,0.0,0,0,0,1,1
28645,0,0,2.307154,0.90946776,1,1,unassigned,4.0,3.0,1.0,0.75,0.25,0.25,0.003868472,0.000967118,0,0,0,1,1
28646,1,1,2.102358,0.8911321,1,0,unassigned,26.0,22.0,4.0,0.84615386,0.15384616,0.15384614,0.046421662,0.0071417945,1,0,1,1,0
28647,-1,0,1.6248653,0.8354651,1,1,unassigned,8.0,8.0,0.0,1.0,0.0,0.0,0.0116054155,0.0,0,0,0,1,0
28648,-1,1,0.2421946,0.5602544,1,1,unassigned,44.0,44.0,0.0,1.0,0.0,0.0,0.08123791,0.0,1,0,0,1,0
28649,1,1,5.5201697,0.9960108,1,0,unassigned,17.0,16.0,1.0,0.9411765,0.05882353,0.058823526,0.029013539,0.0017066788,1,0,1,1,1
28650,-1,0,-0.77401245,0.31561178,0,1,unassigned,26.0,26.0,0.0,1.0,0.0,0.0,0.046421662,0.0,0,0,0,0,0
28651,-1,0,0.0070773363,0.50176936,1,1,unassigned,55.0,54.0,1.0,0.9818182,0.018181818,0.0181818,0.102514505,0.0018639,0,0,0,1,0
28652,-1,0,0.78392166,0.6865247,1,1,unassigned,56.0,53.0,3.0,0.9464286,0.05357143,0.053571403,0.10444874,0.0055954685,0,0,0,1,0
28653,-1,0,1.2668478,0.7802027,1,1,unassigned,2.0,2.0,0.0,1.0,0.0,0.0,0.0,0.0,0,0,0,1,0
28654,-1,0,-0.29963353,0.42564705,0,1,unassigned,2.0,2.0,0.0,1.0,0.0,0.0,0.0,0.0,0,0,0,0,0
28655,1,0,4.8825774,0.99247956,1,0,val,12.0,12.0,0.0,1.0,0.0,0.0,0.01934236,0.0,0,0,1,1,1
28656,-1,0,2.4799006,0.92272073,1,1,unassigned,6.0,6.0,0.0,1.0,0.0,0.0,0.007736944,0.0,0,0,0,1,1
28657,-1,1,-0.2640776,0.43436164,0,1,unassigned,22.0,18.0,4.0,0.8181818,0.18181819,0.18181819,0.03868472,0.0070335856,1,0,0,0,0
28658,1,1,-0.10565609,0.4736105,0,1,test,9.0,8.0,1.0,0.8888889,0.11111111,0.111111104,0.013539651,0.0015044058,1,0,0,0,0
28659,-1,0,0.49559933,0.6214246,1,1,unassigned,49.0,49.0,0.0,1.0,0.0,0.0,0.09090909,0.0,0,0,0,1,0
28660,-1,1,0.2799726,0.5695395,1,1,unassigned,18.0,18.0,0.0,1.0,0.0,0.0,0.030947777,0.0,1,0,0,1,0
28661,-1,0,3.716519,0.9762589,1,1,unassigned,7.0,6.0,1.0,0.85714287,0.14285715,0.14285713,0.00967118,0.0013815971,0,0,0,1,1
28662,-1,1,1.0419979,0.73923534,1,1,unassigned,7.0,7.0,0.0,1.0,0.0,0.0,0.00967118,0.0,1,0,0,1,0
28663,-1,0,13.597832,0.9999988,1,1,unassigned,4.0,4.0,0.0,1.0,0.0,0.0,0.003868472,0.0,0,0,0,1,1
28664,-1,0,0.11183995,0.52793086,1,1,unassigned,6.0,6.0,0.0,1.0,0.0,0.0,0.007736944,0.0,0,0,0,1,0
28665,-1,0,0.15468031,0.5385932,1,1,unassigned,2.0,2.0,0.0,1.0,0.0,0.0,0.0,0.0,0,0,0,1,0
28666,-1,1,3.3575754,0.966352,1,1,unassigned,12.0,10.0,2.0,0.8333333,0.16666667,0.16666669,0.01934236,0.0032237265,1,0,0,1,1
28667,-1,0,1.9833953,0.8790426,1,1,unassigned,3.0,3.0,0.0,1.0,0.0,0.0,0.001934236,0.0,0,0,0,1,0
28668,0,1,-0.081882894,0.47954074,0,0,test,16.0,16.0,0.0,1.0,0.0,0.0,0.027079303,0.0,1,0,1,0,0
28669,0,1,-0.09025887,0.47745058,0,0,test,22.0,21.0,1.0,0.95454544,0.045454547,0.04545456,0.03868472,0.0017583964,1,0,1,0,0
28670,-1,1,2.5816069,0.92966837,1,1,unassigned,21.0,20.0,1.0,0.95238096,0.04761905,0.047619045,0.036750484,0.0017500231,1,0,0,1,1
28671,1,1,-0.8886533,0.29138783,0,1,val,23.0,23.0,0.0,1.0,0.0,0.0,0.040618956,0.0,1,0,0,0,0
28672,-1,1,0.49597555,0.62151307,1,1,unassigned,7.0,7.0,0.0,1.0,0.0,0.0,0.00967118,0.0,1,0,0,1,0
28673,-1,0,1.1445684,0.75851744,1,1,unassigned,2.0,2.0,0.0,1.0,0.0,0.0,0.0,0.0,0,0,0,1,0
28674,-1,0,-0.17235991,0.45701638,0,1,unassigned,40.0,2.0,38.0,0.05,0.95,0.95,0.07350097,0.06982592,0,0,0,0,0
28675,-1,1,6.549421,0.99857104,1,1,unassigned,5.0,4.0,1.0,0.8,0.2,0.19999999,0.0058027077,0.0011605415,1,0,0,1,1
28676,-1,0,8.101095,0.99969697,1,1,unassigned,3.0,3.0,0.0,1.0,0.0,0.0,0.001934236,0.0,0,0,0,1,1
28677,-1,1,-0.6182357,0.3501828,0,1,unassigned,51.0,51.0,0.0,1.0,0.0,0.0,0.09477756,0.0,1,0,0,0,0
28678,-1,0,3.4924376,0.9704718,1,1,unassigned,3.0,3.0,0.0,1.0,0.0,0.0,0.001934236,0.0,0,0,0,1,1
28679,-1,0,3.3283298,0.96538806,1,1,unassigned,2.0,2.0,0.0,1.0,0.0,0.0,0.0,0.0,0,0,0,1,1
28680,-1,0,2.2834163,0.90749425,1,1,unassigned,22.0,22.0,0.0,1.0,0.0,0.0,0.03868472,0.0,0,0,0,1,1
28681,-1,0,2.3492432,0.9128741,1,1,unassigned,8.0,8.0,0.0,1.0,0.0,0.0,0.0116054155,0.0,0,0,0,1,1
28682,-1,0,-0.12954307,0.46765947,0,1,unassigned,18.0,17.0,1.0,0.9444444,0.055555556,0.055555582,0.030947777,0.0017193209,0,0,0,0,0
28683,1,1,-0.24866551,0.43815202,0,1,unassigned,15.0,15.0,0.0,1.0,0.0,0.0,0.025145067,0.0,1,0,0,0,0
28684,-1,1,-0.8905296,0.29100055,0,1,unassigned,68.0,65.0,3.0,0.9558824,0.04411765,0.04411763,0.12765957,0.00563204,1,0,0,0,0
28685,0,1,-0.56661195,0.36201897,0,0,val,6.0,6.0,0.0,1.0,0.0,0.0,0.007736944,0.0,1,0,1,0,0
28686,-1,1,-0.62363887,0.3489543,0,1,unassigned,49.0,49.0,0.0,1.0,0.0,0.0,0.09090909,0.0,1,0,0,0,0
28687,-1,1,-0.48308197,0.38152462,0,1,unassigned,20.0,20.0,0.0,1.0,0.0,0.0,0.034816246,0.0,1,0,0,0,0
28688,-1,1,-0.8724174,0.29475155,0,1,unassigned,72.0,68.0,4.0,0.9444444,0.055555556,0.055555582,0.13539653,0.0075220293,1,0,0,0,0
28689,-1,1,-0.77903366,0.3145282,0,1,unassigned,14.0,14.0,0.0,1.0,0.0,0.0,0.023210831,0.0,1,0,0,0,0
28690,-1,0,0.44163007,0.60864735,1,1,unassigned,6.0,6.0,0.0,1.0,0.0,0.0,0.007736944,0.0,0,0,0,1,0
28691,-1,1,1.4277029,0.8065432,1,1,unassigned,8.0,8.0,0.0,1.0,0.0,0.0,0.0116054155,0.0,1,0,0,1,0
28692,-1,1,-0.45670956,0.3877667,0,1,unassigned,13.0,8.0,5.0,0.61538464,0.3846154,0.38461536,0.021276595,0.008183306,1,0,0,0,0
28693,-1,0,0.3233214,0.58013344,1,1,unassigned,18.0,15.0,3.0,0.8333333,0.16666667,0.16666669,0.030947777,0.005157963,0,0,0,1,0
28694,-1,0,0.3945796,0.59738463,1,1,unassigned,5.0,5.0,0.0,1.0,0.0,0.0,0.0058027077,0.0,0,0,0,1,0
28695,-1,0,-0.11209291,0.47200608,0,1,unassigned,54.0,54.0,0.0,1.0,0.0,0.0,0.10058027,0.0,0,0,0,0,0
28696,-1,0,0.007834554,0.5019586,1,1,unassigned,30.0,30.0,0.0,1.0,0.0,0.0,0.054158606,0.0,0,0,0,1,0
28697,-1,0,-0.097931296,0.4755367,0,1,unassigned,28.0,28.0,0.0,1.0,0.0,0.0,0.050290134,0.0,0,0,0,0,0
28698,0,0,0.6878236,0.66548264,1,1,val,5.0,5.0,0.0,1.0,0.0,0.0,0.0058027077,0.0,0,0,0,1,0
28699,-1,0,-0.44331175,0.3909521,0,1,unassigned,14.0,14.0,0.0,1.0,0.0,0.0,0.023210831,0.0,0,0,0,0,0
28700,1,0,-0.69232655,0.3335157,0,1,unassigned,6.0,6.0,0.0,1.0,0.0,0.0,0.007736944,0.0,0,0,0,0,0
28701,-1,0,-0.34559882,0.4144501,0,1,unassigned,30.0,30.0,0.0,1.0,0.0,0.0,0.054158606,0.0,0,0,0,0,0
28702,-1,0,-0.1458531,0.4636012,0,1,unassigned,20.0,19.0,1.0,0.95,0.05,0.050000012,0.034816246,0.0017408123,0,0,0,0,0
28703,-1,0,-0.47926602,0.38242546,0,1,unassigned,38.0,38.0,0.0,1.0,0.0,0.0,0.06963249,0.0,0,0,0,0,0
28704,0,0,-0.35869533,0.41127542,0,0,unassigned,24.0,24.0,0.0,1.0,0.0,0.0,0.04255319,0.0,0,0,1,0,0
28705,-1,0,-0.02752906,0.49311814,0,1,unassigned,29.0,29.0,0.0,1.0,0.0,0.0,0.05222437,0.0,0,0,0,0,0
28706,-1,0,-0.6443664,0.34426016,0,1,unassigned,20.0,20.0,0.0,1.0,0.0,0.0,0.034816246,0.0,0,0,0,0,0
28707,-1,0,-0.8327117,0.303072,0,1,unassigned,28.0,27.0,1.0,0.96428573,0.035714287,0.03571427,0.050290134,0.0017960763,0,0,0,0,0
28708,-1,0,-0.73254293,0.32463694,0,1,unassigned,24.0,24.0,0.0,1.0,0.0,0.0,0.04255319,0.0,0,0,0,0,0
28709,0,0,-0.43396527,0.39317986,0,0,test,13.0,13.0,0.0,1.0,0.0,0.0,0.021276595,0.0,0,0,1,0,0
28710,-1,0,1.3711462,0.7975653,1,1,unassigned,6.0,4.0,2.0,0.6666667,0.33333334,0.3333333,0.007736944,0.0025789815,0,0,0,1,0
28711,-1,0,1.3153322,0.78840405,1,1,unassigned,2.0,2.0,0.0,1.0,0.0,0.0,0.0,0.0,0,0,0,1,0
28712,-1,0,2.9044497,0.94806594,1,1,unassigned,5.0,5.0,0.0,1.0,0.0,0.0,0.0058027077,0.0,0,0,0,1,1
28713,-1,1,-0.51913583,0.37305433,0,1,unassigned,9.0,9.0,0.0,1.0,0.0,0.0,0.013539651,0.0,1,0,0,0,0
28714,-1,1,2.8517292,0.945408,1,1,unassigned,40.0,27.0,13.0,0.675,0.325,0.325,0.07350097,0.023887813,1,0,0,1,1
28715,-1,0,-0.95261264,0.2783597,0,1,unassigned,44.0,42.0,2.0,0.95454544,0.045454547,0.04545456,0.08123791,0.0036926325,0,0,0,0,0
28716,-1,1,-0.32772997,0.41879308,0,1,unassigned,66.0,63.0,3.0,0.95454544,0.045454547,0.04545456,0.123791106,0.0056268685,1,0,0,0,0
28717,0,0,-0.5701176,0.3612097,0,0,test,10.0,10.0,0.0,1.0,0.0,0.0,0.015473888,0.0,0,0,1,0,0
28718,-1,0,-0.9613533,0.2766073,0,1,unassigned,35.0,34.0,1.0,0.9714286,0.028571429,0.028571427,0.06382979,0.0018237082,0,0,0,0,0
28719,-1,0,0.50913745,0.6246042,1,1,unassigned,51.0,48.0,3.0,0.9411765,0.05882353,0.058823526,0.09477756,0.0055751507,0,0,0,1,0
28720,1,1,2.077027,0.8886502,1,0,val,16.0,15.0,1.0,0.9375,0.0625,0.0625,0.027079303,0.0016924564,1,0,1,1,0
28721,-1,0,0.45393282,0.6115739,1,1,unassigned,10.0,10.0,0.0,1.0,0.0,0.0,0.015473888,0.0,0,0,0,1,0
28722,-1,0,-0.54612315,0.36676434,0,1,unassigned,39.0,38.0,1.0,0.974359,0.025641026,0.025641024,0.07156673,0.0018350444,0,0,0,0,0
28723,-1,0,-0.38504142,0.40491158,0,1,unassigned,11.0,11.0,0.0,1.0,0.0,0.0,0.017408123,0.0,0,0,0,0,0
28724,-1,0,-0.8590389,0.2975402,0,1,unassigned,48.0,48.0,0.0,1.0,0.0,0.0,0.088974856,0.0,0,0,0,0,0
28725,-1,0,-0.70651615,0.3303691,0,1,unassigned,31.0,31.0,0.0,1.0,0.0,0.0,0.056092843,0.0,0,0,0,0,0
28726,-1,0,-0.8924366,0.29060724,0,1,unassigned,93.0,93.0,0.0,1.0,0.0,0.0,0.17601547,0.0,0,0,0,0,0
28727,-1,0,-0.6015414,0.35399112,0,1,unassigned,49.0,45.0,4.0,0.9183673,0.08163265,0.081632674,0.09090909,0.0074211503,0,0,0,0,0
28728,-1,0,-0.31606773,0.42163438,0,1,unassigned,3.0,3.0,0.0,1.0,0.0,0.0,0.001934236,0.0,0,0,0,0,0
28729,-1,0,-0.36540878,0.4096509,0,1,unassigned,17.0,17.0,0.0,1.0,0.0,0.0,0.029013539,0.0,0,0,0,0,0
28730,-1,0,0.024207234,0.50605154,1,1,unassigned,8.0,8.0,0.0,1.0,0.0,0.0,0.0116054155,0.0,0,0,0,1,0
28731,-1,1,1.6812713,0.8430728,1,1,unassigned,7.0,5.0,2.0,0.71428573,0.2857143,0.28571427,0.00967118,0.0027631943,1,0,0,1,0
28732,-1,0,1.008641,0.7327541,1,1,unassigned,2.0,2.0,0.0,1.0,0.0,0.0,0.0,0.0,0,0,0,1,0
28733,-1,0,-0.6701678,0.33845925,0,1,unassigned,66.0,66.0,0.0,1.0,0.0,0.0,0.123791106,0.0,0,0,0,0,0
28734,-1,0,3.3296978,0.9654337,1,1,unassigned,3.0,3.0,0.0,1.0,0.0,0.0,0.001934236,0.0,0,0,0,1,1
28735,1,0,-0.037571013,0.49060836,0,1,val,23.0,23.0,0.0,1.0,0.0,0.0,0.040618956,0.0,0,0,0,0,0
28736,1,0,-0.11343408,0.47167182,0,1,val,23.0,23.0,0.0,1.0,0.0,0.0,0.040618956,0.0,0,0,0,0,0
28737,-1,0,-0.6078132,0.35255823,0,1,unassigned,34.0,33.0,1.0,0.9705882,0.029411765,0.029411793,0.061895553,0.0018204574,0,0,0,0,0
28738,0,0,0.08671188,0.52166444,1,1,unassigned,23.0,22.0,1.0,0.95652175,0.04347826,0.04347825,0.040618956,0.0017660416,0,0,0,1,0
28739,-1,0,-0.30948165,0.42324126,0,1,unassigned,8.0,8.0,0.0,1.0,0.0,0.0,0.0116054155,0.0,0,0,0,0,0
28740,0,1,-0.18850109,0.45301375,0,0,val,12.0,10.0,2.0,0.8333333,0.16666667,0.16666669,0.01934236,0.0032237265,1,0,1,0,0
28741,-1,0,1.0948896,0.7493014,1,1,unassigned,2.0,2.0,0.0,1.0,0.0,0.0,0.0,0.0,0,0,0,1,0
28742,-1,0,1.2780902,0.7821245,1,1,unassigned,2.0,2.0,0.0,1.0,0.0,0.0,0.0,0.0,0,0,0,1,0
28743,-1,0,-0.16217348,0.45954525,0,1,unassigned,10.0,9.0,1.0,0.9,0.1,0.100000024,0.015473888,0.0015473888,0,0,0,0,0
28744,-1,0,0.9720847,0.72553486,1,1,unassigned,9.0,9.0,0.0,1.0,0.0,0.0,0.013539651,0.0,0,0,0,1,0
28745,1,1,-0.5871541,0.3572881,0,1,unassigned,15.0,14.0,1.0,0.93333334,0.06666667,0.06666666,0.025145067,0.0016763379,1,0,0,0,0
28746,-1,1,2.6951802,0.9367417,1,1,unassigned,3.0,3.0,0.0,1.0,0.0,0.0,0.001934236,0.0,1,0,0,1,1
28747,-1,1,-0.5020721,0.37705386,0,1,unassigned,13.0,11.0,2.0,0.84615386,0.15384616,0.15384614,0.021276595,0.0032733225,1,0,0,0,0
28748,-1,0,3.898898,0.98013824,1,1,unassigned,8.0,8.0,0.0,1.0,0.0,0.0,0.0116054155,0.0,0,0,0,1,1
28749,0,1,-0.21534538,0.44637075,0,0,test,37.0,36.0,1.0,0.972973,0.027027028,0.02702701,0.06769826,0.0018296828,1,0,1,0,0
28750,0,1,0.22839731,0.5568524,1,1,unassigned,4.0,4.0,0.0,1.0,0.0,0.0,0.003868472,0.0,1,0,0,1,0
28751,-1,1,-0.84872496,0.2997004,0,1,unassigned,114.0,114.0,0.0,1.0,0.0,0.0,0.21663442,0.0,1,0,0,0,0
28752,1,1,0.08508074,0.5212574,1,0,val,53.0,51.0,2.0,0.9622642,0.03773585,0.03773582,0.09864604,0.0037224921,1,0,1,1,0
28753,0,1,-0.77618587,0.3151425,0,0,val,168.0,162.0,6.0,0.96428573,0.035714287,0.03571427,0.32108316,0.011467257,1,0,1,0,0
28754,-1,0,-0.7618661,0.31824127,0,1,unassigned,4.0,4.0,0.0,1.0,0.0,0.0,0.003868472,0.0,0,0,0,0,0
28755,-1,0,-0.4223845,0.39594626,0,1,unassigned,60.0,50.0,10.0,0.8333333,0.16666667,0.16666669,0.11218569,0.018697616,0,0,0,0,0
28756,0,0,-0.25960803,0.43546003,0,0,unassigned,27.0,26.0,1.0,0.962963,0.037037037,0.037037015,0.0483559,0.0017909593,0,0,1,0,0
28757,-1,0,0.7599457,0.6813419,1,1,unassigned,17.0,17.0,0.0,1.0,0.0,0.0,0.029013539,0.0,0,0,0,1,0
28758,-1,1,3.0071547,0.9528963,1,1,unassigned,18.0,18.0,0.0,1.0,0.0,0.0,0.030947777,0.0,1,0,0,1,1
28759,-1,1,1.3847833,0.7997581,1,1,unassigned,12.0,12.0,0.0,1.0,0.0,0.0,0.01934236,0.0,1,0,0,1,0
28760,-1,1,0.10051125,0.52510667,1,1,unassigned,7.0,6.0,1.0,0.85714287,0.14285715,0.14285713,0.00967118,0.0013815971,1,0,0,1,0
28761,-1,1,0.76514596,0.68246996,1,1,unassigned,21.0,21.0,0.0,1.0,0.0,0.0,0.036750484,0.0,1,0,0,1,0
28762,-1,0,2.2393587,0.9037286,1,1,unassigned,47.0,47.0,0.0,1.0,0.0,0.0,0.08704062,0.0,0,0,0,1,1
28763,-1,0,-0.5540027,0.36493623,0,1,unassigned,57.0,57.0,0.0,1.0,0.0,0.0,0.10638298,0.0,0,0,0,0,0
28764,-1,1,2.514654,0.92516273,1,1,unassigned,9.0,5.0,4.0,0.5555556,0.44444445,0.44444442,0.013539651,0.006017623,1,0,0,1,1
28765,-1,0,-0.55443376,0.36483636,0,1,unassigned,46.0,46.0,0.0,1.0,0.0,0.0,0.08510638,0.0,0,0,0,0,0
28766,-1,0,4.4559917,0.9885244,1,1,unassigned,3.0,2.0,1.0,0.6666667,0.33333334,0.3333333,0.001934236,0.00064474536,0,0,0,1,1
28767,-1,0,-0.15517005,0.46128514,0,1,unassigned,19.0,19.0,0.0,1.0,0.0,0.0,0.032882012,0.0,0,0,0,0,0
28768,1,0,-0.14226961,0.4644925,0,1,unassigned,28.0,27.0,1.0,0.96428573,0.035714287,0.03571427,0.050290134,0.0017960763,0,0,0,0,0
28769,-1,0,-0.22257107,0.44458577,0,1,unassigned,64.0,63.0,1.0,0.984375,0.015625,0.015625,0.11992263,0.0018737911,0,0,0,0,0
28770,-1,1,-0.21522015,0.4464017,0,1,unassigned,5.0,5.0,0.0,1.0,0.0,0.0,0.0058027077,0.0,1,0,0,0,0
28771,-1,1,1.9749844,0.8781455,1,1,unassigned,2.0,2.0,0.0,1.0,0.0,0.0,0.0,0.0,1,0,0,1,0
28772,-1,0,4.357678,0.98735386,1,1,unassigned,3.0,3.0,0.0,1.0,0.0,0.0,0.001934236,0.0,0,0,0,1,1
28773,-1,1,4.5858045,0.9899074,1,1,unassigned,2.0,2.0,0.0,1.0,0.0,0.0,0.0,0.0,1,0,0,1,1
28774,-1,1,2.6417398,0.93350005,1,1,unassigned,2.0,1.0,1.0,0.5,0.5,0.5,0.0,0.0,1,0,0,1,1
28775,-1,0,-0.9151825,0.2859405,0,1,unassigned,55.0,55.0,0.0,1.0,0.0,0.0,0.102514505,0.0,0,0,0,0,0
28776,-1,1,0.77984446,0.6856466,1,1,unassigned,13.0,13.0,0.0,1.0,0.0,0.0,0.021276595,0.0,1,0,0,1,0
28777,-1,0,-0.1771507,0.4558278,0,1,unassigned,42.0,42.0,0.0,1.0,0.0,0.0,0.07736944,0.0,0,0,0,0,0
28778,-1,0,0.6846805,0.6647825,1,1,unassigned,15.0,15.0,0.0,1.0,0.0,0.0,0.025145067,0.0,0,0,0,1,0
28779,-1,0,2.6006794,0.9309053,1,1,unassigned,2.0,2.0,0.0,1.0,0.0,0.0,0.0,0.0,0,0,0,1,1
28780,-1,0,-0.8152308,0.30677697,0,1,unassigned,23.0,23.0,0.0,1.0,0.0,0.0,0.040618956,0.0,0,0,0,0,0
28781,-1,0,-0.74624443,0.32164016,0,1,unassigned,32.0,32.0,0.0,1.0,0.0,0.0,0.058027077,0.0,0,0,0,0,0
28782,1,1,-0.84900343,0.29964194,0,1,test,22.0,12.0,10.0,0.54545456,0.45454547,0.45454544,0.03868472,0.017583963,1,0,0,0,0
28783,-1,0,-0.5679916,0.3617004,0,1,unassigned,17.0,17.0,0.0,1.0,0.0,0.0,0.029013539,0.0,0,0,0,0,0
28784,-1,0,-1.0577816,0.25773364,0,1,unassigned,40.0,37.0,3.0,0.925,0.075,0.07499999,0.07350097,0.005512573,0,0,0,0,0
28785,1,0,-0.17696047,0.45587495,0,1,unassigned,14.0,14.0,0.0,1.0,0.0,0.0,0.023210831,0.0,0,0,0,0,0
28786,-1,0,-0.60796833,0.3525228,0,1,unassigned,12.0,12.0,0.0,1.0,0.0,0.0,0.01934236,0.0,0,0,0,0,0
28787,0,0,-0.51926583,0.37302393,0,0,val,48.0,46.0,2.0,0.9583333,0.041666668,0.041666687,0.088974856,0.0037072857,0,0,1,0,0
28788,0,0,-0.08144176,0.4796508,0,0,unassigned,16.0,16.0,0.0,1.0,0.0,0.0,0.027079303,0.0,0,0,1,0,0
28789,0,0,-0.11921209,0.47023222,0,0,unassigned,43.0,43.0,0.0,1.0,0.0,0.0,0.079303674,0.0,0,0,1,0,0
28790,-1,0,-0.25918567,0.4355639,0,1,unassigned,2.0,2.0,0.0,1.0,0.0,0.0,0.0,0.0,0,0,0,0,0
28791,-1,1,2.1690352,0.8974342,1,1,unassigned,3.0,3.0,0.0,1.0,0.0,0.0,0.001934236,0.0,1,0,0,1,0
28792,0,0,-0.9717022,0.27454135,0,0,train,26.0,25.0,1.0,0.96153843,0.03846154,0.038461566,0.046421662,0.0017854486,0,0,1,0,0
28793,-1,0,-0.446751,0.39013356,0,1,unassigned,12.0,11.0,1.0,0.9166667,0.083333336,0.08333331,0.01934236,0.0016118633,0,0,0,0,0
28794,-1,0,-0.51474047,0.37408292,0,1,unassigned,19.0,17.0,2.0,0.8947368,0.10526316,0.10526317,0.032882012,0.0034612645,0,0,0,0,0
28795,-1,0,0.5342925,0.63048375,1,1,unassigned,31.0,30.0,1.0,0.9677419,0.032258064,0.032258093,0.056092843,0.0018094465,0,0,0,1,0
28796,-1,0,0.21674877,0.55397606,1,1,unassigned,18.0,17.0,1.0,0.9444444,0.055555556,0.055555582,0.030947777,0.0017193209,0,0,0,1,0
28797,1,0,-0.6583968,0.34109983,0,1,val,6.0,6.0,0.0,1.0,0.0,0.0,0.007736944,0.0,0,0,0,0,0
28798,-1,0,-0.049603224,0.4876017,0,1,unassigned,6.0,6.0,0.0,1.0,0.0,0.0,0.007736944,0.0,0,0,0,0,0
28799,1,0,-0.48871973,0.38019523,0,1,unassigned,6.0,6.0,0.0,1.0,0.0,0.0,0.007736944,0.0,0,0,0,0,0
28800,-1,0,-0.733549,0.3244164,0,1,unassigned,4.0,4.0,0.0,1.0,0.0,0.0,0.003868472,0.0,0,0,0,0,0
28801,-1,0,1.7233367,0.8485581,1,1,unassigned,5.0,4.0,1.0,0.8,0.2,0.19999999,0.0058027077,0.0011605415,0,0,0,1,0
28802,0,0,0.66710407,0.6608544,1,1,test,4.0,4.0,0.0,1.0,0.0,0.0,0.003868472,0.0,0,0,0,1,0
28803,-1,0,-0.7103109,0.32953015,0,1,unassigned,2.0,1.0,1.0,0.5,0.5,0.5,0.0,0.0,0,0,0,0,0
28804,-1,1,0.46386665,0.61393106,1,1,unassigned,8.0,7.0,1.0,0.875,0.125,0.125,0.0116054155,0.0014506769,1,0,0,1,0
28805,1,0,-0.27281025,0.4322173,0,1,unassigned,22.0,21.0,1.0,0.95454544,0.045454547,0.04545456,0.03868472,0.0017583964,0,0,0,0,0
28806,0,1,0.094735384,0.52366614,1,1,test,11.0,10.0,1.0,0.90909094,0.09090909,0.090909064,0.017408123,0.0015825568,1,0,0,1,0
28807,-1,1,0.036944985,0.5092352,1,1,unassigned,4.0,4.0,0.0,1.0,0.0,0.0,0.003868472,0.0,1,0,0,1,0
28808,-1,1,-0.8799001,0.2931985,0,1,unassigned,21.0,19.0,2.0,0.9047619,0.0952381,0.09523809,0.036750484,0.0035000462,1,0,0,0,0
28809,-1,0,-0.4494964,0.38948053,0,1,unassigned,24.0,24.0,0.0,1.0,0.0,0.0,0.04255319,0.0,0,0,0,0,0
28810,-1,0,2.4541833,0.92086685,1,1,unassigned,20.0,20.0,0.0,1.0,0.0,0.0,0.034816246,0.0,0,0,0,1,1
28811,-1,0,-0.2704865,0.4327877,0,1,unassigned,33.0,33.0,0.0,1.0,0.0,0.0,0.059961315,0.0,0,0,0,0,0
28812,-1,1,5.81844,0.9970366,1,1,unassigned,5.0,3.0,2.0,0.6,0.4,0.39999998,0.0058027077,0.002321083,1,0,0,1,1
28813,0,0,-0.9047786,0.2880695,0,0,unassigned,46.0,45.0,1.0,0.9782609,0.02173913,0.021739125,0.08510638,0.0018501388,0,0,1,0,0
28814,-1,0,-0.524081,0.37189847,0,1,unassigned,15.0,15.0,0.0,1.0,0.0,0.0,0.025145067,0.0,0,0,0,0,0
28815,-1,1,-0.61257327,0.35147244,0,1,unassigned,107.0,106.0,1.0,0.99065423,0.009345794,0.00934577,0.20309478,0.001898082,1,0,0,0,0
28816,-1,1,-0.7206412,0.3272518,0,1,unassigned,46.0,46.0,0.0,1.0,0.0,0.0,0.08510638,0.0,1,0,0,0,0
28817,-1,1,0.013699114,0.5034247,1,1,unassigned,5.0,5.0,0.0,1.0,0.0,0.0,0.0058027077,0.0,1,0,0,1,0
28818,-1,0,0.66710407,0.6608544,1,1,unassigned,4.0,4.0,0.0,1.0,0.0,0.0,0.003868472,0.0,0,0,0,1,0
28819,0,1,0.49573237,0.6214559,1,1,unassigned,8.0,5.0,3.0,0.625,0.375,0.375,0.0116054155,0.004352031,1,0,0,1,0
28820,-1,0,0.66710407,0.6608544,1,1,unassigned,4.0,4.0,0.0,1.0,0.0,0.0,0.003868472,0.0,0,0,0,1,0
28821,-1,1,-0.6539377,0.34210274,0,1,unassigned,89.0,88.0,1.0,0.98876405,0.011235955,0.011235952,0.16827853,0.00189077,1,0,0,0,0
28822,-1,1,-0.36591727,0.40952793,0,1,unassigned,27.0,27.0,0.0,1.0,0.0,0.0,0.0483559,0.0,1,0,0,0,0
28823,-1,0,7.8969827,0.9996283,1,1,unassigned,2.0,2.0,0.0,1.0,0.0,0.0,0.0,0.0,0,0,0,1,1
28824,-1,0,-0.8899102,0.29112837,0,1,unassigned,48.0,48.0,0.0,1.0,0.0,0.0,0.088974856,0.0,0,0,0,0,0
28825,0,0,2.236012,0.90343714,1,1,val,19.0,16.0,3.0,0.84210527,0.15789473,0.15789473,0.032882012,0.0051918966,0,0,0,1,1
28826,-1,0,-0.7442126,0.32208365,0,1,unassigned,3.0,3.0,0.0,1.0,0.0,0.0,0.001934236,0.0,0,0,0,0,0
28827,-1,0,0.040584147,0.51014465,1,1,unassigned,17.0,17.0,0.0,1.0,0.0,0.0,0.029013539,0.0,0,0,0,1,0
28828,1,0,-0.3669556,0.40927684,0,1,unassigned,9.0,9.0,0.0,1.0,0.0,0.0,0.013539651,0.0,0,0,0,0,0
28829,-1,1,3.7389538,0.9767734,1,1,unassigned,26.0,23.0,3.0,0.88461536,0.115384616,0.11538464,0.046421662,0.005356346,1,0,0,1,1
28830,-1,0,0.4355387,0.60719544,1,1,unassigned,18.0,18.0,0.0,1.0,0.0,0.0,0.030947777,0.0,0,0,0,1,0
28831,-1,1,5.6613975,0.99653435,1,1,unassigned,2.0,2.0,0.0,1.0,0.0,0.0,0.0,0.0,1,0,0,1,1
28832,-1,0,-0.01876545,0.4953088,0,1,unassigned,20.0,20.0,0.0,1.0,0.0,0.0,0.034816246,0.0,0,0,0,0,0
28833,-1,0,-0.4827522,0.38160247,0,1,unassigned,54.0,53.0,1.0,0.9814815,0.018518519,0.018518507,0.10058027,0.0018625975,0,0,0,0,0
28834,-1,0,-0.78507125,0.31322795,0,1,unassigned,44.0,43.0,1.0,0.97727275,0.022727273,0.022727251,0.08123791,0.0018463163,0,0,0,0,0
28835,-1,0,-0.38260877,0.40549782,0,1,unassigned,17.0,17.0,0.0,1.0,0.0,0.0,0.029013539,0.0,0,0,0,0,0
28836,0,0,-0.024650156,0.49383777,0,0,test,6.0,6.0,0.0,1.0,0.0,0.0,0.007736944,0.0,0,0,1,0,0
28837,-1,0,0.46342462,0.6138263,1,1,unassigned,16.0,16.0,0.0,1.0,0.0,0.0,0.027079303,0.0,0,0,0,1,0
28838,-1,0,0.13859552,0.53459346,1,1,unassigned,4.0,4.0,0.0,1.0,0.0,0.0,0.003868472,0.0,0,0,0,1,0
28839,-1,1,0.3608244,0.58924,1,1,unassigned,29.0,29.0,0.0,1.0,0.0,0.0,0.05222437,0.0,1,0,0,1,0
28840,-1,0,-0.5338443,0.3696207,0,1,unassigned,25.0,24.0,1.0,0.96,0.04,0.04000002,0.044487428,0.001779497,0,0,0,0,0
28841,-1,0,-0.5159546,0.37379867,0,1,unassigned,18.0,16.0,2.0,0.8888889,0.11111111,0.111111104,0.030947777,0.0034386418,0,0,0,0,0
28842,-1,0,-0.37215307,0.40802082,0,1,unassigned,8.0,8.0,0.0,1.0,0.0,0.0,0.0116054155,0.0,0,0,0,0,0
28843,-1,0,-0.11947912,0.4701657,0,1,unassigned,36.0,36.0,0.0,1.0,0.0,0.0,0.065764025,0.0,0,0,0,0,0
28844,-1,1,-0.30249637,0.42494732,0,1,unassigned,12.0,12.0,0.0,1.0,0.0,0.0,0.01934236,0.0,1,0,0,0,0
28845,-1,1,-0.4148964,0.39773864,0,1,unassigned,16.0,16.0,0.0,1.0,0.0,0.0,0.027079303,0.0,1,0,0,0,0
28846,-1,1,0.032049,0.5080116,1,1,unassigned,2.0,1.0,1.0,0.5,0.5,0.5,0.0,0.0,1,0,0,1,0
28847,0,0,-0.24186844,0.43982592,0,0,test,16.0,16.0,0.0,1.0,0.0,0.0,0.027079303,0.0,0,0,1,0,0
28848,0,1,-0.52025825,0.37279183,0,0,test,54.0,53.0,1.0,0.9814815,0.018518519,0.018518507,0.10058027,0.0018625975,1,0,1,0,0
28849,-1,0,0.71435624,0.67136306,1,1,unassigned,10.0,10.0,0.0,1.0,0.0,0.0,0.015473888,0.0,0,0,0,1,0
28850,-1,0,-0.19978228,0.4502199,0,1,unassigned,22.0,21.0,1.0,0.95454544,0.045454547,0.04545456,0.03868472,0.0017583964,0,0,0,0,0
28851,0,0,-0.6388584,0.34550464,0,0,unassigned,3.0,3.0,0.0,1.0,0.0,0.0,0.001934236,0.0,0,0,1,0,0
28852,-1,0,-0.87364656,0.2944961,0,1,unassigned,84.0,84.0,0.0,1.0,0.0,0.0,0.15860735,0.0,0,0,0,0,0
28853,-1,1,-0.27192947,0.43243352,0,1,unassigned,3.0,3.0,0.0,1.0,0.0,0.0,0.001934236,0.0,1,0,0,0,0
28854,-1,0,-0.012747765,0.49681312,0,1,unassigned,2.0,2.0,0.0,1.0,0.0,0.0,0.0,0.0,0,0,0,0,0
28855,-1,0,0.008105338,0.5020263,1,1,unassigned,6.0,6.0,0.0,1.0,0.0,0.0,0.007736944,0.0,0,0,0,1,0
28856,-1,1,-0.7425454,0.32244778,0,1,unassigned,2.0,2.0,0.0,1.0,0.0,0.0,0.0,0.0,1,0,0,0,0
28857,-1,1,-0.8489804,0.29964676,0,1,unassigned,34.0,32.0,2.0,0.9411765,0.05882353,0.058823526,0.061895553,0.0036409148,1,0,0,0,0
28858,-1,0,5.687574,0.99662364,1,1,unassigned,2.0,2.0,0.0,1.0,0.0,0.0,0.0,0.0,0,0,0,1,1
28859,-1,1,-0.7849397,0.31325626,0,1,unassigned,92.0,91.0,1.0,0.98913044,0.010869565,0.010869563,0.17408124,0.0018921874,1,0,0,0,0
28860,-1,1,-0.4819417,0.3817937,0,1,unassigned,29.0,29.0,0.0,1.0,0.0,0.0,0.05222437,0.0,1,0,0,0,0
28861,-1,0,1.1672833,0.76265365,1,1,unassigned,12.0,12.0,0.0,1.0,0.0,0.0,0.01934236,0.0,0,0,0,1,0
28862,-1,0,0.33798724,0.5837015,1,1,unassigned,3.0,2.0,1.0,0.6666667,0.33333334,0.3333333,0.001934236,0.00064474536,0,0,0,1,0
28863,-1,1,-0.34413788,0.41480467,0,1,unassigned,9.0,9.0,0.0,1.0,0.0,0.0,0.013539651,0.0,1,0,0,0,0
28864,-1,1,-0.72040975,0.32730275,0,1,unassigned,118.0,118.0,0.0,1.0,0.0,0.0,0.22437137,0.0,1,0,0,0,0
28865,-1,1,-0.46962562,0.38470486,0,1,unassigned,20.0,19.0,1.0,0.95,0.05,0.050000012,0.034816246,0.0017408123,1,0,0,0,0
28866,-1,1,4.984523,0.9932034,1,1,unassigned,6.0,4.0,2.0,0.6666667,0.33333334,0.3333333,0.007736944,0.0025789815,1,0,0,1,1
28867,-1,0,-0.045464933,0.48863572,0,1,unassigned,3.0,3.0,0.0,1.0,0.0,0.0,0.001934236,0.0,0,0,0,0,0
28868,0,0,-0.73904645,0.32321268,0,0,unassigned,38.0,38.0,0.0,1.0,0.0,0.0,0.06963249,0.0,0,0,1,0,0
28869,-1,1,-0.4083065,0.39931825,0,1,unassigned,24.0,18.0,6.0,0.75,0.25,0.25,0.04255319,0.010638298,1,0,0,0,0
28870,-1,1,-0.26495942,0.43414497,0,1,unassigned,5.0,5.0,0.0,1.0,0.0,0.0,0.0058027077,0.0,1,0,0,0,0
28871,-1,0,-0.17530376,0.45628598,0,1,unassigned,4.0,4.0,0.0,1.0,0.0,0.0,0.003868472,0.0,0,0,0,0,0
28872,-1,0,-0.11445615,0.47141716,0,1,unassigned,12.0,12.0,0.0,1.0,0.0,0.0,0.01934236,0.0,0,0,0,0,0
28873,-1,0,3.2723088,0.9634665,1,1,unassigned,4.0,3.0,1.0,0.75,0.25,0.25,0.003868472,0.000967118,0,0,0,1,1
28874,-1,0,9.340797,0.99991226,1,1,unassigned,2.0,2.0,0.0,1.0,0.0,0.0,0.0,0.0,0,0,0,1,1
28875,-1,1,4.261606,0.98609644,1,1,unassigned,5.0,3.0,2.0,0.6,0.4,0.39999998,0.0058027077,0.002321083,1,0,0,1,1
28876,-1,0,5.687574,0.99662364,1,1,unassigned,2.0,2.0,0.0,1.0,0.0,0.0,0.0,0.0,0,0,0,1,1
28877,1,1,5.9101167,0.99729544,1,0,unassigned,10.0,9.0,1.0,0.9,0.1,0.100000024,0.015473888,0.0015473888,1,0,1,1,1
28878,-1,1,9.175816,0.9998965,1,1,unassigned,10.0,5.0,5.0,0.5,0.5,0.5,0.015473888,0.007736944,1,0,0,1,1
28879,-1,0,-0.7685998,0.3167821,0,1,unassigned,8.0,8.0,0.0,1.0,0.0,0.0,0.0116054155,0.0,0,0,0,0,0
28880,-1,0,1.0084028,0.73270744,1,1,unassigned,13.0,12.0,1.0,0.9230769,0.07692308,0.07692307,0.021276595,0.0016366612,0,0,0,1,0
28881,0,0,-0.21424437,0.44664282,0,0,test,28.0,28.0,0.0,1.0,0.0,0.0,0.050290134,0.0,0,0,1,0,0
28882,-1,0,-0.79271525,0.31158596,0,1,unassigned,22.0,22.0,0.0,1.0,0.0,0.0,0.03868472,0.0,0,0,0,0,0
28883,-1,0,-0.104884505,0.4738029,0,1,unassigned,80.0,78.0,2.0,0.975,0.025,0.024999976,0.15087041,0.0037717603,0,0,0,0,0
28884,-1,0,0.06702632,0.5167503,1,1,unassigned,31.0,30.0,1.0,0.9677419,0.032258064,0.032258093,0.056092843,0.0018094465,0,0,0,1,0
28885,-1,0,0.6651104,0.6604075,1,1,unassigned,38.0,36.0,2.0,0.94736844,0.05263158,0.052631557,0.06963249,0.0036648682,0,0,0,1,0
28886,-1,0,-0.45271838,0.38871464,0,1,unassigned,66.0,66.0,0.0,1.0,0.0,0.0,0.123791106,0.0,0,0,0,0,0
28887,-1,0,0.94259137,0.7196228,1,1,unassigned,27.0,27.0,0.0,1.0,0.0,0.0,0.0483559,0.0,0,0,0,1,0
28888,-1,0,-0.91740376,0.2854872,0,1,unassigned,33.0,33.0,0.0,1.0,0.0,0.0,0.059961315,0.0,0,0,0,0,0
28889,-1,0,-0.8799051,0.29319745,0,1,unassigned,28.0,26.0,2.0,0.9285714,0.071428575,0.0714286,0.050290134,0.0035921526,0,0,0,0,0
28890,-1,1,2.9797213,0.95164955,1,1,unassigned,17.0,17.0,0.0,1.0,0.0,0.0,0.029013539,0.0,1,0,0,1,1
28891,-1,0,-0.42610618,0.39505652,0,1,unassigned,44.0,44.0,0.0,1.0,0.0,0.0,0.08123791,0.0,0,0,0,0,0
28892,-1,1,0.102449715,0.52559,1,1,unassigned,5.0,5.0,0.0,1.0,0.0,0.0,0.0058027077,0.0,1,0,0,1,0
28893,-1,0,7.5719743,0.9994856,1,1,unassigned,2.0,2.0,0.0,1.0,0.0,0.0,0.0,0.0,0,0,0,1,1
28894,1,0,0.93682486,0.7184578,1,0,unassigned,3.0,3.0,0.0,1.0,0.0,0.0,0.001934236,0.0,0,0,1,1,0
28895,-1,0,-0.42576662,0.39513767,0,1,unassigned,8.0,8.0,0.0,1.0,0.0,0.0,0.0116054155,0.0,0,0,0,0,0
28896,-1,1,4.3010154,0.98662645,1,1,unassigned,9.0,8.0,1.0,0.8888889,0.11111111,0.111111104,0.013539651,0.0015044058,1,0,0,1,1
28897,-1,0,5.5820003,0.99624914,1,1,unassigned,12.0,11.0,1.0,0.9166667,0.083333336,0.08333331,0.01934236,0.0016118633,0,0,0,1,1
28898,-1,1,4.818382,0.9919849,1,1,unassigned,16.0,13.0,3.0,0.8125,0.1875,0.1875,0.027079303,0.0050773695,1,0,0,1,1
28899,-1,0,1.1204762,0.7540771,1,1,unassigned,8.0,8.0,0.0,1.0,0.0,0.0,0.0116054155,0.0,0,0,0,1,0
28900,0,0,0.594197,0.6443276,1,1,test,13.0,13.0,0.0,1.0,0.0,0.0,0.021276595,0.0,0,0,0,1,0
28901,-1,0,0.38838524,0.59589386,1,1,unassigned,15.0,15.0,0.0,1.0,0.0,0.0,0.025145067,0.0,0,0,0,1,0
28902,-1,1,-0.14420956,0.46400997,0,1,unassigned,11.0,6.0,5.0,0.54545456,0.45454547,0.45454544,0.017408123,0.007912784,1,0,0,0,0
28903,-1,0,0.5888893,0.6431103,1,1,unassigned,11.0,11.0,0.0,1.0,0.0,0.0,0.017408123,0.0,0,0,0,1,0
28904,-1,0,-0.53638095,0.36902985,0,1,unassigned,9.0,9.0,0.0,1.0,0.0,0.0,0.013539651,0.0,0,0,0,0,0
28905,-1,0,5.3455896,0.99525356,1,1,unassigned,2.0,2.0,0.0,1.0,0.0,0.0,0.0,0.0,0,0,0,1,1
28906,-1,0,8.9228,0.9998667,1,1,unassigned,6.0,6.0,0.0,1.0,0.0,0.0,0.007736944,0.0,0,0,0,1,1
28907,-1,0,7.4461617,0.9994167,1,1,unassigned,4.0,3.0,1.0,0.75,0.25,0.25,0.003868472,0.000967118,0,0,0,1,1
28908,-1,0,3.3445783,0.9659268,1,1,unassigned,8.0,8.0,0.0,1.0,0.0,0.0,0.0116054155,0.0,0,0,0,1,1
28909,0,0,-0.55544657,0.36460167,0,0,test,41.0,41.0,0.0,1.0,0.0,0.0,0.07543521,0.0,0,0,1,0,0
28910,-1,0,-0.7736866,0.31568214,0,1,unassigned,77.0,77.0,0.0,1.0,0.0,0.0,0.14506769,0.0,0,0,0,0,0
28911,1,0,0.006125152,0.50153124,1,0,test,37.0,36.0,1.0,0.972973,0.027027028,0.02702701,0.06769826,0.0018296828,0,0,1,1,0
28912,-1,0,-0.600414,0.35424897,0,1,unassigned,48.0,47.0,1.0,0.9791667,0.020833334,0.020833313,0.088974856,0.0018536429,0,0,0,0,0
28913,-1,0,-0.63534284,0.34630007,0,1,unassigned,23.0,7.0,16.0,0.3043478,0.6956522,0.6956522,0.040618956,0.028256666,0,0,0,0,0
28914,-1,1,4.728474,0.9912375,1,1,unassigned,10.0,9.0,1.0,0.9,0.1,0.100000024,0.015473888,0.0015473888,1,0,0,1,1
28915,-1,1,4.56802,0.98972815,1,1,unassigned,11.0,10.0,1.0,0.90909094,0.09090909,0.090909064,0.017408123,0.0015825568,1,0,0,1,1
28916,-1,0,5.2889094,0.994978,1,1,unassigned,6.0,5.0,1.0,0.8333333,0.16666667,0.16666669,0.007736944,0.0012894907,0,0,0,1,1
28917,-1,1,9.034681,0.9998808,1,1,unassigned,5.0,4.0,1.0,0.8,0.2,0.19999999,0.0058027077,0.0011605415,1,0,0,1,1
28918,1,1,3.3602178,0.9664378,1,0,unassigned,11.0,10.0,1.0,0.90909094,0.09090909,0.090909064,0.017408123,0.0015825568,1,0,1,1,1
28919,-1,0,-0.4496642,0.3894406,0,1,unassigned,13.0,13.0,0.0,1.0,0.0,0.0,0.021276595,0.0,0,0,0,0,0
28920,-1,0,-0.44216576,0.39122504,0,1,unassigned,88.0,86.0,2.0,0.97727275,0.022727273,0.022727251,0.1663443,0.0037805524,0,0,0,0,0
28921,0,0,-0.77068806,0.31633028,0,0,test,6.0,5.0,1.0,0.8333333,0.16666667,0.16666669,0.007736944,0.0012894907,0,0,1,0,0
28922,-1,0,-0.6687634,0.3387738,0,1,unassigned,77.0,76.0,1.0,0.987013,0.012987013,0.012987018,0.14506769,0.001883996,0,0,0,0,0
28923,-1,0,-0.94444513,0.2800033,0,1,unassigned,28.0,28.0,0.0,1.0,0.0,0.0,0.050290134,0.0,0,0,0,0,0
28924,-1,0,-0.58143765,0.35860184,0,1,unassigned,15.0,15.0,0.0,1.0,0.0,0.0,0.025145067,0.0,0,0,0,0,0
28925,-1,0,-0.06540573,0.48365438,0,1,unassigned,14.0,14.0,0.0,1.0,0.0,0.0,0.023210831,0.0,0,0,0,0,0
28926,-1,0,0.16032726,0.53999615,1,1,unassigned,12.0,10.0,2.0,0.8333333,0.16666667,0.16666669,0.01934236,0.0032237265,0,0,0,1,0
28927,-1,0,0.67808217,0.6633105,1,1,unassigned,2.0,2.0,0.0,1.0,0.0,0.0,0.0,0.0,0,0,0,1,0
28928,-1,0,-0.12076968,0.46984422,0,1,unassigned,18.0,18.0,0.0,1.0,0.0,0.0,0.030947777,0.0,0,0,0,0,0
28929,-1,0,-0.73163015,0.32483712,0,1,unassigned,61.0,61.0,0.0,1.0,0.0,0.0,0.114119925,0.0,0,0,0,0,0
28930,-1,0,1.2805762,0.7825479,1,1,unassigned,4.0,4.0,0.0,1.0,0.0,0.0,0.003868472,0.0,0,0,0,1,0
28931,-1,0,-0.8998159,0.2890883,0,1,unassigned,17.0,17.0,0.0,1.0,0.0,0.0,0.029013539,0.0,0,0,0,0,0
28932,-1,0,2.769643,0.94101316,1,1,unassigned,5.0,5.0,0.0,1.0,0.0,0.0,0.0058027077,0.0,0,0,0,1,1
28933,-1,1,0.10171586,0.5254071,1,1,unassigned,15.0,15.0,0.0,1.0,0.0,0.0,0.025145067,0.0,1,0,0,1,0
28934,-1,0,1.650573,0.83896846,1,1,unassigned,18.0,17.0,1.0,0.9444444,0.055555556,0.055555582,0.030947777,0.0017193209,0,0,0,1,0
28935,1,0,-0.90985155,0.28703022,0,1,test,5.0,5.0,0.0,1.0,0.0,0.0,0.0058027077,0.0,0,0,0,0,0
28936,-1,0,3.1729248,0.95980257,1,1,unassigned,2.0,2.0,0.0,1.0,0.0,0.0,0.0,0.0,0,0,0,1,1
28937,1,0,-0.3018894,0.42509565,0,1,unassigned,33.0,30.0,3.0,0.90909094,0.09090909,0.090909064,0.059961315,0.0054510287,0,0,0,0,0
28938,-1,0,-0.33475387,0.4170844,0,1,unassigned,3.0,3.0,0.0,1.0,0.0,0.0,0.001934236,0.0,0,0,0,0,0
28939,0,0,-0.30859524,0.42345765,0,0,unassigned,8.0,8.0,0.0,1.0,0.0,0.0,0.0116054155,0.0,0,0,1,0,0
28940,-1,0,-0.13975585,0.4651178,0,1,unassigned,9.0,9.0,0.0,1.0,0.0,0.0,0.013539651,0.0,0,0,0,0,0
28941,-1,0,0.76855534,0.68320835,1,1,unassigned,52.0,52.0,0.0,1.0,0.0,0.0,0.0967118,0.0,0,0,0,1,0
28942,-1,0,-0.00060623884,0.49984843,0,1,unassigned,32.0,32.0,0.0,1.0,0.0,0.0,0.058027077,0.0,0,0,0,0,0
28943,0,0,-0.973578,0.2741679,0,0,unassigned,30.0,30.0,0.0,1.0,0.0,0.0,0.054158606,0.0,0,0,1,0,0
28944,-1,1,-0.52713895,0.37118444,0,1,unassigned,21.0,18.0,3.0,0.85714287,0.14285715,0.14285713,0.036750484,0.0052500693,1,0,0,0,0
28945,-1,0,1.9002602,0.86992097,1,1,unassigned,5.0,5.0,0.0,1.0,0.0,0.0,0.0058027077,0.0,0,0,0,1,0
28946,-1,0,5.687574,0.99662364,1,1,unassigned,2.0,2.0,0.0,1.0,0.0,0.0,0.0,0.0,0,0,0,1,1
28947,0,0,-0.36476627,0.40980625,0,0,unassigned,7.0,7.0,0.0,1.0,0.0,0.0,0.00967118,0.0,0,0,1,0,0
28948,-1,1,4.450642,0.9884636,1,1,unassigned,2.0,2.0,0.0,1.0,0.0,0.0,0.0,0.0,1,0,0,1,1
28949,1,0,-0.7007355,0.33164915,0,1,val,46.0,44.0,2.0,0.95652175,0.04347826,0.04347825,0.08510638,0.0037002775,0,0,0,0,0
28950,-1,0,0.07514596,0.51877767,1,1,unassigned,5.0,5.0,0.0,1.0,0.0,0.0,0.0058027077,0.0,0,0,0,1,0
28951,-1,0,-0.23533344,0.44143665,0,1,unassigned,52.0,51.0,1.0,0.9807692,0.01923077,0.019230783,0.0967118,0.0018598423,0,0,0,0,0
28952,-1,1,1.7683837,0.8542566,1,1,unassigned,19.0,18.0,1.0,0.94736844,0.05263158,0.052631557,0.032882012,0.0017306323,1,0,0,1,0
28953,1,1,0.5258685,0.628519,1,0,unassigned,26.0,26.0,0.0,1.0,0.0,0.0,0.046421662,0.0,1,0,1,1,0
28954,-1,0,1.8641756,0.8657829,1,1,unassigned,46.0,46.0,0.0,1.0,0.0,0.0,0.08510638,0.0,0,0,0,1,0
28955,-1,0,-0.8783779,0.293514,0,1,unassigned,9.0,9.0,0.0,1.0,0.0,0.0,0.013539651,0.0,0,0,0,0,0
28956,-1,0,0.7379585,0.67654926,1,1,unassigned,38.0,35.0,3.0,0.92105263,0.078947365,0.078947365,0.06963249,0.005497302,0,0,0,1,0
28957,-1,0,0.5248434,0.6282796,1,1,unassigned,14.0,13.0,1.0,0.9285714,0.071428575,0.0714286,0.023210831,0.0016579166,0,0,0,1,0
28958,-1,0,0.7916468,0.6881848,1,1,unassigned,19.0,19.0,0.0,1.0,0.0,0.0,0.032882012,0.0,0,0,0,1,0
28959,0,0,-0.69433755,0.33306885,0,0,test,57.0,56.0,1.0,0.98245615,0.01754386,0.017543852,0.10638298,0.0018663681,0,0,1,0,0
28960,-1,0,3.9012048,0.9801831,1,1,unassigned,14.0,14.0,0.0,1.0,0.0,0.0,0.023210831,0.0,0,0,0,1,1
28961,-1,0,4.740452,0.99134094,1,1,unassigned,34.0,26.0,8.0,0.7647059,0.23529412,0.2352941,0.061895553,0.014563659,0,0,0,1,1
28962,0,0,0.533657,0.6303357,1,1,test,21.0,21.0,0.0,1.0,0.0,0.0,0.036750484,0.0,0,0,0,1,0
28963,1,0,0.76352507,0.68211854,1,0,unassigned,2.0,2.0,0.0,1.0,0.0,0.0,0.0,0.0,0,0,1,1,0
28964,-1,0,-0.07985082,0.48004788,0,1,unassigned,29.0,29.0,0.0,1.0,0.0,0.0,0.05222437,0.0,0,0,0,0,0
28965,-1,0,4.529806,0.9893323,1,1,unassigned,2.0,2.0,0.0,1.0,0.0,0.0,0.0,0.0,0,0,0,1,1
28966,-1,0,1.1229625,0.7545378,1,1,unassigned,3.0,3.0,0.0,1.0,0.0,0.0,0.001934236,0.0,0,0,0,1,0
28967,-1,0,5.687574,0.99662364,1,1,unassigned,2.0,2.0,0.0,1.0,0.0,0.0,0.0,0.0,0,0,0,1,1
28968,-1,0,4.168225,0.9847563,1,1,unassigned,4.0,3.0,1.0,0.75,0.25,0.25,0.003868472,0.000967118,0,0,0,1,1
28969,0,0,-0.2758148,0.43148014,0,0,unassigned,15.0,15.0,0.0,1.0,0.0,0.0,0.025145067,0.0,0,0,1,0,0
28970,-1,0,4.513284,0.9891565,1,1,unassigned,6.0,5.0,1.0,0.8333333,0.16666667,0.16666669,0.007736944,0.0012894907,0,0,0,1,1
28971,-1,1,5.3061814,0.9950637,1,1,unassigned,2.0,1.0,1.0,0.5,0.5,0.5,0.0,0.0,1,0,0,1,1
28972,-1,0,6.438916,0.99840444,1,1,unassigned,3.0,3.0,0.0,1.0,0.0,0.0,0.001934236,0.0,0,0,0,1,1
28973,1,1,-0.4336151,0.3932634,0,1,test,5.0,4.0,1.0,0.8,0.2,0.19999999,0.0058027077,0.0011605415,1,0,0,0,0
28974,-1,0,4.8003297,0.9918401,1,1,unassigned,3.0,3.0,0.0,1.0,0.0,0.0,0.001934236,0.0,0,0,0,1,1
28975,-1,0,0.93387586,0.71786094,1,1,unassigned,6.0,2.0,4.0,0.33333334,0.6666667,0.6666666,0.007736944,0.005157963,0,0,0,1,0
28976,-1,0,3.8362386,0.978881,1,1,unassigned,6.0,4.0,2.0,0.6666667,0.33333334,0.3333333,0.007736944,0.0025789815,0,0,0,1,1
28977,-1,1,5.178006,0.99439245,1,1,unassigned,3.0,2.0,1.0,0.6666667,0.33333334,0.3333333,0.001934236,0.00064474536,1,0,0,1,1
28978,-1,0,2.5681746,0.928785,1,1,unassigned,3.0,3.0,0.0,1.0,0.0,0.0,0.001934236,0.0,0,0,0,1,1
28979,-1,0,2.6239045,0.93238425,1,1,unassigned,7.0,7.0,0.0,1.0,0.0,0.0,0.00967118,0.0,0,0,0,1,1
28980,-1,0,4.5791855,0.98984104,1,1,unassigned,14.0,14.0,0.0,1.0,0.0,0.0,0.023210831,0.0,0,0,0,1,1
28981,-1,0,9.218594,0.9999008,1,1,unassigned,14.0,11.0,3.0,0.78571427,0.21428572,0.21428573,0.023210831,0.0049737496,0,0,0,1,1
28982,-1,0,5.687574,0.99662364,1,1,unassigned,2.0,2.0,0.0,1.0,0.0,0.0,0.0,0.0,0,0,0,1,1
28983,-1,0,2.6733048,0.9354329,1,1,unassigned,3.0,2.0,1.0,0.6666667,0.33333334,0.3333333,0.001934236,0.00064474536,0,0,0,1,1
28984,-1,0,5.2254386,0.9946508,1,1,unassigned,6.0,5.0,1.0,0.8333333,0.16666667,0.16666669,0.007736944,0.0012894907,0,0,0,1,1
28985,-1,1,12.605152,0.99999666,1,1,unassigned,2.0,1.0,1.0,0.5,0.5,0.5,0.0,0.0,1,0,0,1,1
28986,-1,1,6.6297145,0.99868125,1,1,unassigned,8.0,5.0,3.0,0.625,0.375,0.375,0.0116054155,0.004352031,1,0,0,1,1
28987,-1,0,0.32165688,0.57972795,1,1,unassigned,3.0,3.0,0.0,1.0,0.0,0.0,0.001934236,0.0,0,0,0,1,0
28988,-1,0,11.014425,0.99998355,1,1,unassigned,4.0,4.0,0.0,1.0,0.0,0.0,0.003868472,0.0,0,0,0,1,1
28989,-1,1,-0.18864328,0.45297852,0,1,unassigned,153.0,151.0,2.0,0.9869281,0.013071896,0.013071895,0.29206964,0.0038179038,1,0,0,0,0
28990,-1,0,-0.48937398,0.38004103,0,1,unassigned,26.0,26.0,0.0,1.0,0.0,0.0,0.046421662,0.0,0,0,0,0,0
28991,-1,0,2.526439,0.92597467,1,1,unassigned,8.0,7.0,1.0,0.875,0.125,0.125,0.0116054155,0.0014506769,0,0,0,1,1
28992,-1,1,7.891522,0.99962616,1,1,unassigned,31.0,30.0,1.0,0.9677419,0.032258064,0.032258093,0.056092843,0.0018094465,1,0,0,1,1
28993,-1,0,2.4093773,0.91753954,1,1,unassigned,12.0,10.0,2.0,0.8333333,0.16666667,0.16666669,0.01934236,0.0032237265,0,0,0,1,1
28994,-1,0,0.4959057,0.6214967,1,1,unassigned,11.0,11.0,0.0,1.0,0.0,0.0,0.017408123,0.0,0,0,0,1,0
28995,-1,0,6.1766734,0.99792695,1,1,unassigned,5.0,4.0,1.0,0.8,0.2,0.19999999,0.0058027077,0.0011605415,0,0,0,1,1
28996,-1,1,2.5210729,0.925606,1,1,unassigned,18.0,16.0,2.0,0.8888889,0.11111111,0.111111104,0.030947777,0.0034386418,1,0,0,1,1
28997,-1,0,8.072021,0.9996879,1,1,unassigned,2.0,2.0,0.0,1.0,0.0,0.0,0.0,0.0,0,0,0,1,1
28998,-1,0,3.8801434,0.9797698,1,1,unassigned,2.0,2.0,0.0,1.0,0.0,0.0,0.0,0.0,0,0,0,1,1
28999,-1,0,5.3951926,0.9954822,1,1,unassigned,2.0,2.0,0.0,1.0,0.0,0.0,0.0,0.0,0,0,0,1,1
29000,-1,0,0.03835541,0.50958765,1,1,unassigned,4.0,4.0,0.0,1.0,0.0,0.0,0.003868472,0.0,0,0,0,1,0
29001,-1,0,7.071199,0.99915147,1,1,unassigned,2.0,2.0,0.0,1.0,0.0,0.0,0.0,0.0,0,0,0,1,1
29002,-1,0,1.3321195,0.791191,1,1,unassigned,5.0,5.0,0.0,1.0,0.0,0.0,0.0058027077,0.0,0,0,0,1,0
29003,-1,0,5.687574,0.99662364,1,1,unassigned,2.0,2.0,0.0,1.0,0.0,0.0,0.0,0.0,0,0,0,1,1
29004,-1,1,-0.07620931,0.4809569,0,1,unassigned,13.0,12.0,1.0,0.9230769,0.07692308,0.07692307,0.021276595,0.0016366612,1,0,0,0,0
29005,-1,0,5.687574,0.99662364,1,1,unassigned,2.0,2.0,0.0,1.0,0.0,0.0,0.0,0.0,0,0,0,1,1
29006,-1,0,6.65642,0.9987159,1,1,unassigned,2.0,2.0,0.0,1.0,0.0,0.0,0.0,0.0,0,0,0,1,1
29007,-1,0,4.457914,0.9885462,1,1,unassigned,5.0,4.0,1.0,0.8,0.2,0.19999999,0.0058027077,0.0011605415,0,0,0,1,1
29008,-1,0,5.5488906,0.99612325,1,1,unassigned,2.0,2.0,0.0,1.0,0.0,0.0,0.0,0.0,0,0,0,1,1
29009,-1,0,2.995929,0.95238984,1,1,unassigned,2.0,2.0,0.0,1.0,0.0,0.0,0.0,0.0,0,0,0,1,1
29010,0,1,-0.17428079,0.45653978,0,0,unassigned,14.0,14.0,0.0,1.0,0.0,0.0,0.023210831,0.0,1,0,1,0,0
29011,-1,0,4.2256093,0.9855942,1,1,unassigned,3.0,3.0,0.0,1.0,0.0,0.0,0.001934236,0.0,0,0,0,1,1
29012,-1,0,5.687574,0.99662364,1,1,unassigned,2.0,2.0,0.0,1.0,0.0,0.0,0.0,0.0,0,0,0,1,1
29013,-1,0,-0.29044637,0.4278946,0,1,unassigned,56.0,56.0,0.0,1.0,0.0,0.0,0.10444874,0.0,0,0,0,0,0
29014,-1,0,-0.7084102,0.3299502,0,1,unassigned,19.0,17.0,2.0,0.8947368,0.10526316,0.10526317,0.032882012,0.0034612645,0,0,0,0,0
29015,-1,0,6.204869,0.9979845,1,1,unassigned,2.0,2.0,0.0,1.0,0.0,0.0,0.0,0.0,0,0,0,1,1
29016,-1,0,5.687574,0.99662364,1,1,unassigned,2.0,2.0,0.0,1.0,0.0,0.0,0.0,0.0,0,0,0,1,1
29017,-1,0,4.001705,0.98204386,1,1,unassigned,2.0,2.0,0.0,1.0,0.0,0.0,0.0,0.0,0,0,0,1,1
29018,-1,0,6.3310914,0.9982231,1,1,unassigned,3.0,3.0,0.0,1.0,0.0,0.0,0.001934236,0.0,0,0,0,1,1
29019,-1,0,4.910074,0.99268204,1,1,unassigned,6.0,5.0,1.0,0.8333333,0.16666667,0.16666669,0.007736944,0.0012894907,0,0,0,1,1
29020,-1,0,3.0886614,0.9564226,1,1,unassigned,2.0,2.0,0.0,1.0,0.0,0.0,0.0,0.0,0,0,0,1,1
29021,1,1,6.5391803,0.99855644,1,0,train,7.0,7.0,0.0,1.0,0.0,0.0,0.00967118,0.0,1,0,1,1,1
29022,0,0,2.8486645,0.94524956,1,1,val,3.0,3.0,0.0,1.0,0.0,0.0,0.001934236,0.0,0,0,0,1,1
29023,-1,0,-0.3596549,0.4110431,0,1,unassigned,34.0,34.0,0.0,1.0,0.0,0.0,0.061895553,0.0,0,0,0,0,0
29024,0,0,-0.25640404,0.4362479,0,0,val,38.0,38.0,0.0,1.0,0.0,0.0,0.06963249,0.0,0,0,1,0,0
29025,-1,0,-0.18799028,0.45314032,0,1,unassigned,16.0,16.0,0.0,1.0,0.0,0.0,0.027079303,0.0,0,0,0,0,0
29026,-1,0,-0.120698184,0.469862,0,1,unassigned,12.0,12.0,0.0,1.0,0.0,0.0,0.01934236,0.0,0,0,0,0,0
29027,0,0,-0.3081247,0.42357257,0,0,unassigned,3.0,2.0,1.0,0.6666667,0.33333334,0.3333333,0.001934236,0.00064474536,0,0,1,0,0
29028,-1,0,0.4284026,0.6054921,1,1,unassigned,7.0,7.0,0.0,1.0,0.0,0.0,0.00967118,0.0,0,0,0,1,0
29029,-1,1,0.25569153,0.5635769,1,1,unassigned,6.0,6.0,0.0,1.0,0.0,0.0,0.007736944,0.0,1,0,0,1,0
29030,-1,1,1.957567,0.87626946,1,1,unassigned,28.0,27.0,1.0,0.96428573,0.035714287,0.03571427,0.050290134,0.0017960763,1,0,0,1,0
29031,-1,0,3.869879,0.9795654,1,1,unassigned,2.0,2.0,0.0,1.0,0.0,0.0,0.0,0.0,0,0,0,1,1
29032,-1,0,-0.18705362,0.4533725,0,1,unassigned,3.0,3.0,0.0,1.0,0.0,0.0,0.001934236,0.0,0,0,0,0,0
29033,-1,0,1.6482208,0.83865047,1,1,unassigned,16.0,16.0,0.0,1.0,0.0,0.0,0.027079303,0.0,0,0,0,1,0
29034,-1,1,-0.42273527,0.3958624,0,1,unassigned,2.0,1.0,1.0,0.5,0.5,0.5,0.0,0.0,1,0,0,0,0
29035,-1,0,-0.6675535,0.33904487,0,1,unassigned,13.0,13.0,0.0,1.0,0.0,0.0,0.021276595,0.0,0,0,0,0,0
29036,1,0,10.475872,0.99997175,1,0,unassigned,3.0,3.0,0.0,1.0,0.0,0.0,0.001934236,0.0,0,0,1,1,1
29037,-1,1,15.975925,0.9999999,1,1,unassigned,3.0,3.0,0.0,1.0,0.0,0.0,0.001934236,0.0,1,0,0,1,1
29038,-1,0,9.993176,0.99995434,1,1,unassigned,2.0,2.0,0.0,1.0,0.0,0.0,0.0,0.0,0,0,0,1,1
29039,-1,0,-0.23826325,0.4407144,0,1,unassigned,3.0,3.0,0.0,1.0,0.0,0.0,0.001934236,0.0,0,0,0,0,0
29040,-1,0,2.062429,0.88719743,1,1,unassigned,8.0,8.0,0.0,1.0,0.0,0.0,0.0116054155,0.0,0,0,0,1,0
29041,-1,0,4.081748,0.98340225,1,1,unassigned,2.0,2.0,0.0,1.0,0.0,0.0,0.0,0.0,0,0,0,1,1
29042,-1,0,5.030887,0.99350935,1,1,unassigned,9.0,9.0,0.0,1.0,0.0,0.0,0.013539651,0.0,0,0,0,1,1
29043,-1,0,-0.41356662,0.3980572,0,1,unassigned,2.0,2.0,0.0,1.0,0.0,0.0,0.0,0.0,0,0,0,0,0
29044,0,0,-0.80063343,0.30989003,0,0,test,40.0,40.0,0.0,1.0,0.0,0.0,0.07350097,0.0,0,0,1,0,0
29045,-1,1,2.9890053,0.952075,1,1,unassigned,10.0,10.0,0.0,1.0,0.0,0.0,0.015473888,0.0,1,0,0,1,1
29046,0,1,-0.55797803,0.36401546,0,0,test,46.0,39.0,7.0,0.84782606,0.1521739,0.15217394,0.08510638,0.012950971,1,0,1,0,0
29047,-1,0,0.39370984,0.5971754,1,1,unassigned,16.0,16.0,0.0,1.0,0.0,0.0,0.027079303,0.0,0,0,0,1,0
29048,0,1,-0.64610404,0.34386802,0,0,unassigned,37.0,36.0,1.0,0.972973,0.027027028,0.02702701,0.06769826,0.0018296828,1,0,1,0,0
29049,-1,1,-0.20784894,0.44822404,0,1,unassigned,30.0,28.0,2.0,0.93333334,0.06666667,0.06666666,0.054158606,0.003610574,1,0,0,0,0
29050,1,1,-0.34635332,0.414267,0,1,unassigned,26.0,14.0,12.0,0.53846157,0.46153846,0.46153843,0.046421662,0.021425383,1,0,0,0,0
29051,-1,1,-0.36775732,0.40908304,0,1,unassigned,2.0,1.0,1.0,0.5,0.5,0.5,0.0,0.0,1,0,0,0,0
29052,-1,0,7.5833535,0.99949133,1,1,unassigned,22.0,18.0,4.0,0.8181818,0.18181819,0.18181819,0.03868472,0.0070335856,0,0,0,1,1
29053,-1,0,-0.16971296,0.4576733,0,1,unassigned,14.0,14.0,0.0,1.0,0.0,0.0,0.023210831,0.0,0,0,0,0,0
29054,-1,0,2.4179628,0.91818684,1,1,unassigned,8.0,5.0,3.0,0.625,0.375,0.375,0.0116054155,0.004352031,0,0,0,1,1
29055,-1,1,0.4928146,0.62076926,1,1,unassigned,30.0,30.0,0.0,1.0,0.0,0.0,0.054158606,0.0,1,0,0,1,0
29056,0,0,-0.5840619,0.35799846,0,0,unassigned,16.0,16.0,0.0,1.0,0.0,0.0,0.027079303,0.0,0,0,1,0,0
29057,0,1,-0.25158346,0.43743378,0,0,unassigned,41.0,40.0,1.0,0.9756098,0.024390243,0.02439022,0.07543521,0.001839883,1,0,1,0,0
29058,-1,0,7.403499,0.9993912,1,1,unassigned,13.0,13.0,0.0,1.0,0.0,0.0,0.021276595,0.0,0,0,0,1,1
29059,1,0,-0.28054434,0.43032035,0,1,unassigned,19.0,19.0,0.0,1.0,0.0,0.0,0.032882012,0.0,0,0,0,0,0
29060,-1,0,2.7241557,0.93843704,1,1,unassigned,9.0,9.0,0.0,1.0,0.0,0.0,0.013539651,0.0,0,0,0,1,1
29061,1,0,9.812727,0.9999453,1,0,unassigned,4.0,4.0,0.0,1.0,0.0,0.0,0.003868472,0.0,0,0,1,1,1
29062,-1,0,0.7769361,0.68501943,1,1,unassigned,2.0,2.0,0.0,1.0,0.0,0.0,0.0,0.0,0,0,0,1,0
29063,-1,0,12.249872,0.99999523,1,1,unassigned,4.0,4.0,0.0,1.0,0.0,0.0,0.003868472,0.0,0,0,0,1,1
29064,-1,1,-0.12084925,0.46982443,0,1,unassigned,9.0,9.0,0.0,1.0,0.0,0.0,0.013539651,0.0,1,0,0,0,0
29065,-1,0,-0.8719597,0.2948467,0,1,unassigned,22.0,22.0,0.0,1.0,0.0,0.0,0.03868472,0.0,0,0,0,0,0
29066,-1,1,-0.6981901,0.33221364,0,1,unassigned,87.0,86.0,1.0,0.9885057,0.011494253,0.011494279,0.16441005,0.0018897707,1,0,0,0,0
29067,1,1,0.77819806,0.6852916,1,0,test,12.0,10.0,2.0,0.8333333,0.16666667,0.16666669,0.01934236,0.0032237265,1,0,1,1,0
29068,-1,0,3.8156555,0.97845125,1,1,unassigned,4.0,3.0,1.0,0.75,0.25,0.25,0.003868472,0.000967118,0,0,0,1,1
29069,-1,1,-0.5768087,0.35966724,0,1,unassigned,42.0,41.0,1.0,0.97619045,0.023809524,0.023809552,0.07736944,0.0018421295,1,0,0,0,0
29070,-1,1,1.4056344,0.80307645,1,1,unassigned,16.0,16.0,0.0,1.0,0.0,0.0,0.027079303,0.0,1,0,0,1,0
29071,-1,0,15.8422165,0.9999999,1,1,unassigned,4.0,4.0,0.0,1.0,0.0,0.0,0.003868472,0.0,0,0,0,1,1
29072,-1,1,1.5689156,0.82762897,1,1,unassigned,17.0,14.0,3.0,0.8235294,0.1764706,0.17647058,0.029013539,0.005120036,1,0,0,1,0
29073,-1,0,-0.1467802,0.46337068,0,1,unassigned,11.0,11.0,0.0,1.0,0.0,0.0,0.017408123,0.0,0,0,0,0,0
29074,1,0,1.7272904,0.84906554,1,0,test,4.0,4.0,0.0,1.0,0.0,0.0,0.003868472,0.0,0,0,1,1,0
29075,-1,1,0.45957452,0.61291325,1,1,unassigned,9.0,9.0,0.0,1.0,0.0,0.0,0.013539651,0.0,1,0,0,1,0
29076,0,0,0.462439,0.6135926,1,1,train,51.0,51.0,0.0,1.0,0.0,0.0,0.09477756,0.0,0,0,0,1,0
29077,-1,0,-0.28507575,0.42920986,0,1,unassigned,16.0,16.0,0.0,1.0,0.0,0.0,0.027079303,0.0,0,0,0,0,0
29078,-1,0,3.6980822,0.9758278,1,1,unassigned,5.0,5.0,0.0,1.0,0.0,0.0,0.0058027077,0.0,0,0,0,1,1
29079,-1,0,1.7637389,0.85367733,1,1,unassigned,11.0,11.0,0.0,1.0,0.0,0.0,0.017408123,0.0,0,0,0,1,0
29080,-1,0,-0.42635316,0.3949975,0,1,unassigned,17.0,16.0,1.0,0.9411765,0.05882353,0.058823526,0.029013539,0.0017066788,0,0,0,0,0
29081,0,1,0.63687915,0.6540476,1,1,unassigned,40.0,38.0,2.0,0.95,0.05,0.050000012,0.07350097,0.0036750485,1,0,0,1,0
29082,-1,0,-0.71893907,0.32762665,0,1,unassigned,10.0,10.0,0.0,1.0,0.0,0.0,0.015473888,0.0,0,0,0,0,0
29083,-1,0,7.6216693,0.9995105,1,1,unassigned,5.0,5.0,0.0,1.0,0.0,0.0,0.0058027077,0.0,0,0,0,1,1
29084,-1,0,3.116563,0.95757085,1,1,unassigned,5.0,3.0,2.0,0.6,0.4,0.39999998,0.0058027077,0.002321083,0,0,0,1,1
29085,-1,0,8.163305,0.99971515,1,1,unassigned,16.0,13.0,3.0,0.8125,0.1875,0.1875,0.027079303,0.0050773695,0,0,0,1,1
29086,-1,0,8.636225,0.99982256,1,1,unassigned,7.0,6.0,1.0,0.85714287,0.14285715,0.14285713,0.00967118,0.0013815971,0,0,0,1,1
29087,0,0,-0.1723144,0.4570277,0,0,unassigned,42.0,41.0,1.0,0.97619045,0.023809524,0.023809552,0.07736944,0.0018421295,0,0,1,0,0
29088,-1,0,10.950409,0.9999825,1,1,unassigned,12.0,9.0,3.0,0.75,0.25,0.25,0.01934236,0.00483559,0,0,0,1,1
29089,1,0,2.4214652,0.9184496,1,0,val,17.0,17.0,0.0,1.0,0.0,0.0,0.029013539,0.0,0,0,1,1,1
29090,-1,0,8.212254,0.99972874,1,1,unassigned,6.0,6.0,0.0,1.0,0.0,0.0,0.007736944,0.0,0,0,0,1,1
29091,-1,0,9.265893,0.99990535,1,1,unassigned,64.0,57.0,7.0,0.890625,0.109375,0.109375,0.11992263,0.013116538,0,0,0,1,1
29092,-1,0,0.16921544,0.5422032,1,1,unassigned,6.0,5.0,1.0,0.8333333,0.16666667,0.16666669,0.007736944,0.0012894907,0,0,0,1,0
29093,-1,1,2.1495895,0.8956304,1,1,unassigned,4.0,3.0,1.0,0.75,0.25,0.25,0.003868472,0.000967118,1,0,0,1,0
29094,-1,1,2.9438822,0.9499735,1,1,unassigned,2.0,2.0,0.0,1.0,0.0,0.0,0.0,0.0,1,0,0,1,1
29095,-1,0,2.1551392,0.896148,1,1,unassigned,17.0,16.0,1.0,0.9411765,0.05882353,0.058823526,0.029013539,0.0017066788,0,0,0,1,0
29096,-1,1,0.67705506,0.66308105,1,1,unassigned,12.0,12.0,0.0,1.0,0.0,0.0,0.01934236,0.0,1,0,0,1,0
29097,-1,1,21.60158,1.0,1,1,unassigned,5.0,3.0,2.0,0.6,0.4,0.39999998,0.0058027077,0.002321083,1,0,0,1,1
29098,-1,0,5.4294024,0.9956334,1,1,unassigned,20.0,17.0,3.0,0.85,0.15,0.14999998,0.034816246,0.005222437,0,0,0,1,1
29099,-1,0,0.36891025,0.5911956,1,1,unassigned,21.0,15.0,6.0,0.71428573,0.2857143,0.28571427,0.036750484,0.010500139,0,0,0,1,0
29100,-1,0,-0.91377723,0.28622752,0,1,unassigned,60.0,57.0,3.0,0.95,0.05,0.050000012,0.11218569,0.0056092846,0,0,0,0,0
29101,-1,0,4.8698115,0.99238366,1,1,unassigned,4.0,4.0,0.0,1.0,0.0,0.0,0.003868472,0.0,0,0,0,1,1
29102,-1,0,0.6889489,0.66573304,1,1,unassigned,6.0,6.0,0.0,1.0,0.0,0.0,0.007736944,0.0,0,0,0,1,0
29103,-1,0,0.50466925,0.623556,1,1,unassigned,2.0,2.0,0.0,1.0,0.0,0.0,0.0,0.0,0,0,0,1,0
29104,-1,0,-0.21759734,0.4458143,0,1,unassigned,2.0,1.0,1.0,0.5,0.5,0.5,0.0,0.0,0,0,0,0,0
29105,-1,0,5.1081653,0.9939892,1,1,unassigned,3.0,3.0,0.0,1.0,0.0,0.0,0.001934236,0.0,0,0,0,1,1
29106,-1,0,0.9608906,0.7233001,1,1,unassigned,19.0,19.0,0.0,1.0,0.0,0.0,0.032882012,0.0,0,0,0,1,0
29107,0,0,-0.9058823,0.28784317,0,0,test,32.0,32.0,0.0,1.0,0.0,0.0,0.058027077,0.0,0,0,1,0,0
29108,1,1,2.9092329,0.948301,1,0,unassigned,7.0,6.0,1.0,0.85714287,0.14285715,0.14285713,0.00967118,0.0013815971,1,0,1,1,1
29109,-1,1,-0.31855398,0.4210282,0,1,unassigned,43.0,42.0,1.0,0.9767442,0.023255814,0.023255825,0.079303674,0.0018442714,1,0,0,0,0
29110,-1,0,14.695463,0.99999964,1,1,unassigned,44.0,38.0,6.0,0.8636364,0.13636364,0.13636363,0.08123791,0.011077898,0,0,0,1,1
29111,-1,1,0.16354209,0.5407947,1,1,unassigned,39.0,38.0,1.0,0.974359,0.025641026,0.025641024,0.07156673,0.0018350444,1,0,0,1,0
29112,-1,0,0.8161953,0.6934281,1,1,unassigned,7.0,7.0,0.0,1.0,0.0,0.0,0.00967118,0.0,0,0,0,1,0
29113,-1,0,1.7955625,0.85760796,1,1,unassigned,3.0,3.0,0.0,1.0,0.0,0.0,0.001934236,0.0,0,0,0,1,0
29114,-1,1,3.9799654,0.9816565,1,1,unassigned,4.0,4.0,0.0,1.0,0.0,0.0,0.003868472,0.0,1,0,0,1,1
29115,-1,0,-0.7067883,0.33030888,0,1,unassigned,6.0,5.0,1.0,0.8333333,0.16666667,0.16666669,0.007736944,0.0012894907,0,0,0,0,0
29116,-1,0,1.2771473,0.78196377,1,1,unassigned,3.0,3.0,0.0,1.0,0.0,0.0,0.001934236,0.0,0,0,0,1,0
29117,-1,0,-0.03346044,0.49163565,0,1,unassigned,15.0,15.0,0.0,1.0,0.0,0.0,0.025145067,0.0,0,0,0,0,0
29118,-1,0,0.21542889,0.5536499,1,1,unassigned,2.0,2.0,0.0,1.0,0.0,0.0,0.0,0.0,0,0,0,1,0
29119,-1,0,-0.037646532,0.49058953,0,1,unassigned,3.0,2.0,1.0,0.6666667,0.33333334,0.3333333,0.001934236,0.00064474536,0,0,0,0,0
29120,-1,0,2.9240816,0.9490241,1,1,unassigned,4.0,3.0,1.0,0.75,0.25,0.25,0.003868472,0.000967118,0,0,0,1,1
29121,0,0,-0.64670414,0.34373263,0,0,test,19.0,19.0,0.0,1.0,0.0,0.0,0.032882012,0.0,0,0,1,0,0
29122,-1,0,-0.7477963,0.32130167,0,1,unassigned,10.0,10.0,0.0,1.0,0.0,0.0,0.015473888,0.0,0,0,0,0,0
29123,-1,0,6.713158,0.9987866,1,1,unassigned,10.0,10.0,0.0,1.0,0.0,0.0,0.015473888,0.0,0,0,0,1,1
29124,0,0,-0.885247,0.29209164,0,0,unassigned,11.0,11.0,0.0,1.0,0.0,0.0,0.017408123,0.0,0,0,1,0,0
29125,-1,1,-0.876524,0.2938986,0,1,unassigned,12.0,12.0,0.0,1.0,0.0,0.0,0.01934236,0.0,1,0,0,0,0
29126,-1,1,-0.1657922,0.45864663,0,1,unassigned,25.0,24.0,1.0,0.96,0.04,0.04000002,0.044487428,0.001779497,1,0,0,0,0
29127,-1,0,-0.7111762,0.329339,0,1,unassigned,6.0,5.0,1.0,0.8333333,0.16666667,0.16666669,0.007736944,0.0012894907,0,0,0,0,0
29128,-1,0,2.8376482,0.9446767,1,1,unassigned,9.0,9.0,0.0,1.0,0.0,0.0,0.013539651,0.0,0,0,0,1,1
29129,-1,0,-0.241894,0.43981963,0,1,unassigned,26.0,26.0,0.0,1.0,0.0,0.0,0.046421662,0.0,0,0,0,0,0
29130,0,0,0.021517217,0.50537914,1,1,unassigned,43.0,43.0,0.0,1.0,0.0,0.0,0.079303674,0.0,0,0,0,1,0
29131,-1,0,-0.1533936,0.46172658,0,1,unassigned,23.0,23.0,0.0,1.0,0.0,0.0,0.040618956,0.0,0,0,0,0,0
29132,-1,0,-0.21642497,0.44610393,0,1,unassigned,26.0,26.0,0.0,1.0,0.0,0.0,0.046421662,0.0,0,0,0,0,0
29133,-1,0,2.2549262,0.9050746,1,1,unassigned,5.0,5.0,0.0,1.0,0.0,0.0,0.0058027077,0.0,0,0,0,1,1
29134,-1,0,1.2522218,0.7776843,1,1,unassigned,12.0,11.0,1.0,0.9166667,0.083333336,0.08333331,0.01934236,0.0016118633,0,0,0,1,0
29135,-1,0,0.56291586,0.6371269,1,1,unassigned,2.0,2.0,0.0,1.0,0.0,0.0,0.0,0.0,0,0,0,1,0
29136,-1,0,6.212932,0.9980007,1,1,unassigned,6.0,5.0,1.0,0.8333333,0.16666667,0.16666669,0.007736944,0.0012894907,0,0,0,1,1
29137,0,1,-0.6554021,0.34177324,0,0,val,32.0,32.0,0.0,1.0,0.0,0.0,0.058027077,0.0,1,0,1,0,0
29138,-1,0,2.4458773,0.9202594,1,1,unassigned,2.0,2.0,0.0,1.0,0.0,0.0,0.0,0.0,0,0,0,1,1
29139,-1,0,5.328074,0.99517006,1,1,unassigned,22.0,16.0,6.0,0.72727275,0.27272728,0.27272725,0.03868472,0.010550378,0,0,0,1,1
29140,-1,0,0.84646326,0.6998247,1,1,unassigned,14.0,13.0,1.0,0.9285714,0.071428575,0.0714286,0.023210831,0.0016579166,0,0,0,1,0
29141,-1,0,1.9921114,0.8799663,1,1,unassigned,12.0,11.0,1.0,0.9166667,0.083333336,0.08333331,0.01934236,0.0016118633,0,0,0,1,0
29142,-1,1,-0.5212463,0.37256086,0,1,unassigned,2.0,2.0,0.0,1.0,0.0,0.0,0.0,0.0,1,0,0,0,0
29143,-1,0,1.3145671,0.7882764,1,1,unassigned,2.0,2.0,0.0,1.0,0.0,0.0,0.0,0.0,0,0,0,1,0
29144,-1,0,2.0258143,0.8834809,1,1,unassigned,3.0,3.0,0.0,1.0,0.0,0.0,0.001934236,0.0,0,0,0,1,0
29145,-1,0,0.29637736,0.57355666,1,1,unassigned,10.0,10.0,0.0,1.0,0.0,0.0,0.015473888,0.0,0,0,0,1,0
29146,-1,0,-0.32095388,0.4204433,0,1,unassigned,48.0,48.0,0.0,1.0,0.0,0.0,0.088974856,0.0,0,0,0,0,0
29147,-1,1,-0.5309995,0.3702838,0,1,unassigned,44.0,40.0,4.0,0.90909094,0.09090909,0.090909064,0.08123791,0.007385265,1,0,0,0,0
29148,-1,1,0.13976508,0.5348845,1,1,unassigned,34.0,25.0,9.0,0.7352941,0.2647059,0.2647059,0.061895553,0.016384117,1,0,0,1,0
29149,-1,0,-0.16664335,0.45843533,0,1,unassigned,2.0,2.0,0.0,1.0,0.0,0.0,0.0,0.0,0,0,0,0,0
29150,-1,1,16.303158,0.9999999,1,1,unassigned,3.0,3.0,0.0,1.0,0.0,0.0,0.001934236,0.0,1,0,0,1,1
29151,-1,0,-0.6867733,0.33475125,0,1,unassigned,80.0,77.0,3.0,0.9625,0.0375,0.037500024,0.15087041,0.0056576408,0,0,0,0,0
29152,-1,0,1.0181539,0.7346128,1,1,unassigned,2.0,1.0,1.0,0.5,0.5,0.5,0.0,0.0,0,0,0,1,0
29153,-1,0,8.85178,0.9998568,1,1,unassigned,18.0,14.0,4.0,0.7777778,0.22222222,0.22222221,0.030947777,0.0068772836,0,0,0,1,1
29154,-1,0,1.1558995,0.76058686,1,1,unassigned,16.0,16.0,0.0,1.0,0.0,0.0,0.027079303,0.0,0,0,0,1,0
29155,-1,0,0.45901686,0.6127809,1,1,unassigned,53.0,52.0,1.0,0.9811321,0.018867925,0.01886791,0.09864604,0.0018612461,0,0,0,1,0
29156,-1,0,5.0702405,0.9937583,1,1,unassigned,3.0,3.0,0.0,1.0,0.0,0.0,0.001934236,0.0,0,0,0,1,1
29157,-1,0,-0.7528479,0.32020104,0,1,unassigned,2.0,2.0,0.0,1.0,0.0,0.0,0.0,0.0,0,0,0,0,0
29158,-1,0,-0.17200875,0.4571035,0,1,unassigned,8.0,8.0,0.0,1.0,0.0,0.0,0.0116054155,0.0,0,0,0,0,0
29159,-1,0,4.833052,0.99210066,1,1,unassigned,2.0,2.0,0.0,1.0,0.0,0.0,0.0,0.0,0,0,0,1,1
29160,-1,0,6.3011584,0.9981692,1,1,unassigned,5.0,5.0,0.0,1.0,0.0,0.0,0.0058027077,0.0,0,0,0,1,1
29161,-1,0,2.020248,0.8829066,1,1,unassigned,4.0,4.0,0.0,1.0,0.0,0.0,0.003868472,0.0,0,0,0,1,0
29162,-1,0,3.4373105,0.9688505,1,1,unassigned,2.0,2.0,0.0,1.0,0.0,0.0,0.0,0.0,0,0,0,1,1
29163,-1,0,0.35421687,0.5876398,1,1,unassigned,2.0,2.0,0.0,1.0,0.0,0.0,0.0,0.0,0,0,0,1,0
29164,-1,1,-0.5931622,0.35590965,0,1,unassigned,59.0,58.0,1.0,0.9830508,0.016949153,0.016949177,0.11025145,0.0018686686,1,0,0,0,0
29165,-1,0,1.8349369,0.8623488,1,1,unassigned,6.0,6.0,0.0,1.0,0.0,0.0,0.007736944,0.0,0,0,0,1,0
29166,0,1,-0.44271386,0.3910945,0,0,val,31.0,29.0,2.0,0.9354839,0.06451613,0.06451613,0.056092843,0.003618893,1,0,1,0,0
29167,-1,0,0.40289468,0.599383,1,1,unassigned,2.0,2.0,0.0,1.0,0.0,0.0,0.0,0.0,0,0,0,1,0
29168,-1,0,5.4494157,0.9957196,1,1,unassigned,3.0,3.0,0.0,1.0,0.0,0.0,0.001934236,0.0,0,0,0,1,1
29169,-1,1,3.1640975,0.95946056,1,1,unassigned,4.0,4.0,0.0,1.0,0.0,0.0,0.003868472,0.0,1,0,0,1,1
29170,1,0,4.250464,0.9859428,1,0,val,5.0,5.0,0.0,1.0,0.0,0.0,0.0058027077,0.0,0,0,1,1,1
29171,0,0,-0.8733774,0.29455203,0,0,test,6.0,6.0,0.0,1.0,0.0,0.0,0.007736944,0.0,0,0,1,0,0
29172,-1,0,4.258364,0.9860519,1,1,unassigned,5.0,2.0,3.0,0.4,0.6,0.6,0.0058027077,0.0034816249,0,0,0,1,1
29173,-1,0,-0.50796556,0.37567055,0,1,unassigned,2.0,2.0,0.0,1.0,0.0,0.0,0.0,0.0,0,0,0,0,0
29174,-1,0,3.5434563,0.9718992,1,1,unassigned,2.0,2.0,0.0,1.0,0.0,0.0,0.0,0.0,0,0,0,1,1
29175,-1,0,-1.0855627,0.25245476,0,1,unassigned,19.0,17.0,2.0,0.8947368,0.10526316,0.10526317,0.032882012,0.0034612645,0,0,0,0,0
29176,-1,0,-0.21144408,0.44733506,0,1,unassigned,7.0,7.0,0.0,1.0,0.0,0.0,0.00967118,0.0,0,0,0,0,0
29177,-1,0,-1.0051982,0.2679206,0,1,unassigned,23.0,23.0,0.0,1.0,0.0,0.0,0.040618956,0.0,0,0,0,0,0
29178,-1,1,-0.8185384,0.306074,0,1,unassigned,49.0,38.0,11.0,0.7755102,0.2244898,0.22448981,0.09090909,0.020408163,1,0,0,0,0
29179,-1,0,-0.4765879,0.3830582,0,1,unassigned,30.0,29.0,1.0,0.96666664,0.033333335,0.03333336,0.054158606,0.001805287,0,0,0,0,0
29180,-1,0,1.2356942,0.7748136,1,1,unassigned,7.0,7.0,0.0,1.0,0.0,0.0,0.00967118,0.0,0,0,0,1,0
29181,-1,0,-0.8501569,0.29939994,0,1,unassigned,17.0,17.0,0.0,1.0,0.0,0.0,0.029013539,0.0,0,0,0,0,0
29182,-1,0,0.053721905,0.51342726,1,1,unassigned,10.0,10.0,0.0,1.0,0.0,0.0,0.015473888,0.0,0,0,0,1,0
29183,-1,0,-0.92511463,0.2839169,0,1,unassigned,26.0,26.0,0.0,1.0,0.0,0.0,0.046421662,0.0,0,0,0,0,0
29184,-1,0,3.088428,0.95641285,1,1,unassigned,18.0,16.0,2.0,0.8888889,0.11111111,0.111111104,0.030947777,0.0034386418,0,0,0,1,1
29185,-1,1,1.3782961,0.7987172,1,1,unassigned,11.0,10.0,1.0,0.90909094,0.09090909,0.090909064,0.017408123,0.0015825568,1,0,0,1,0
29186,-1,0,2.2827125,0.9074351,1,1,unassigned,2.0,2.0,0.0,1.0,0.0,0.0,0.0,0.0,0,0,0,1,1
29187,-1,0,1.0635979,0.7433775,1,1,unassigned,2.0,2.0,0.0,1.0,0.0,0.0,0.0,0.0,0,0,0,1,0
29188,-1,0,4.0340047,0.9826047,1,1,unassigned,2.0,1.0,1.0,0.5,0.5,0.5,0.0,0.0,0,0,0,1,1
29189,-1,0,4.650286,0.99053156,1,1,unassigned,5.0,5.0,0.0,1.0,0.0,0.0,0.0058027077,0.0,0,0,0,1,1
29190,-1,0,2.3929288,0.91628647,1,1,unassigned,3.0,3.0,0.0,1.0,0.0,0.0,0.001934236,0.0,0,0,0,1,1
29191,-1,0,3.1881812,0.9603871,1,1,unassigned,5.0,4.0,1.0,0.8,0.2,0.19999999,0.0058027077,0.0011605415,0,0,0,1,1
29192,-1,1,5.5292697,0.99604684,1,1,unassigned,3.0,3.0,0.0,1.0,0.0,0.0,0.001934236,0.0,1,0,0,1,1
29193,1,0,-0.41226965,0.39836803,0,1,unassigned,9.0,9.0,0.0,1.0,0.0,0.0,0.013539651,0.0,0,0,0,0,0
29194,1,0,2.2449138,0.9042109,1,0,unassigned,3.0,3.0,0.0,1.0,0.0,0.0,0.001934236,0.0,0,0,1,1,1
29195,-1,0,-0.23795262,0.44079095,0,1,unassigned,18.0,18.0,0.0,1.0,0.0,0.0,0.030947777,0.0,0,0,0,0,0
29196,-1,0,0.10713816,0.52675897,1,1,unassigned,19.0,19.0,0.0,1.0,0.0,0.0,0.032882012,0.0,0,0,0,1,0
29197,-1,1,0.4229303,0.60418427,1,1,unassigned,4.0,2.0,2.0,0.5,0.5,0.5,0.003868472,0.001934236,1,0,0,1,0
29198,-1,0,-0.50667983,0.37597215,0,1,unassigned,12.0,12.0,0.0,1.0,0.0,0.0,0.01934236,0.0,0,0,0,0,0
29199,-1,0,-0.15413299,0.46154287,0,1,unassigned,22.0,22.0,0.0,1.0,0.0,0.0,0.03868472,0.0,0,0,0,0,0
29200,-1,1,-0.16299248,0.45934182,0,1,unassigned,36.0,25.0,11.0,0.6944444,0.30555555,0.30555558,0.065764025,0.020094562,1,0,0,0,0
29201,-1,0,2.2528427,0.9048955,1,1,unassigned,2.0,2.0,0.0,1.0,0.0,0.0,0.0,0.0,0,0,0,1,1
29202,1,1,2.3348548,0.91172284,1,0,unassigned,4.0,4.0,0.0,1.0,0.0,0.0,0.003868472,0.0,1,0,1,1,1
29203,-1,0,-0.84130716,0.30125955,0,1,unassigned,26.0,26.0,0.0,1.0,0.0,0.0,0.046421662,0.0,0,0,0,0,0
29204,-1,0,-0.8560579,0.29816362,0,1,unassigned,21.0,21.0,0.0,1.0,0.0,0.0,0.036750484,0.0,0,0,0,0,0
29205,-1,0,-0.48525545,0.3810119,0,1,unassigned,9.0,9.0,0.0,1.0,0.0,0.0,0.013539651,0.0,0,0,0,0,0
29206,-1,1,10.774071,0.999979,1,1,unassigned,2.0,2.0,0.0,1.0,0.0,0.0,0.0,0.0,1,0,0,1,1
29207,-1,0,0.17286855,0.54310983,1,1,unassigned,3.0,3.0,0.0,1.0,0.0,0.0,0.001934236,0.0,0,0,0,1,0
29208,-1,0,1.9599442,0.8765269,1,1,unassigned,3.0,2.0,1.0,0.6666667,0.33333334,0.3333333,0.001934236,0.00064474536,0,0,0,1,0
29209,-1,0,0.28136337,0.5698804,1,1,unassigned,5.0,5.0,0.0,1.0,0.0,0.0,0.0058027077,0.0,0,0,0,1,0
29210,-1,0,0.75957376,0.6812612,1,1,unassigned,7.0,6.0,1.0,0.85714287,0.14285715,0.14285713,0.00967118,0.0013815971,0,0,0,1,0
29211,-1,1,0.70934635,0.67025673,1,1,unassigned,4.0,3.0,1.0,0.75,0.25,0.25,0.003868472,0.000967118,1,0,0,1,0
29212,-1,1,0.21751738,0.5541659,1,1,unassigned,3.0,3.0,0.0,1.0,0.0,0.0,0.001934236,0.0,1,0,0,1,0
29213,-1,0,6.5087028,0.99851185,1,1,unassigned,6.0,5.0,1.0,0.8333333,0.16666667,0.16666669,0.007736944,0.0012894907,0,0,0,1,1
29214,-1,0,1.2912455,0.78435796,1,1,unassigned,4.0,4.0,0.0,1.0,0.0,0.0,0.003868472,0.0,0,0,0,1,0
29215,1,0,0.21953964,0.5546655,1,0,unassigned,12.0,12.0,0.0,1.0,0.0,0.0,0.01934236,0.0,0,0,1,1,0
29216,-1,0,5.5974,0.9963062,1,1,unassigned,7.0,7.0,0.0,1.0,0.0,0.0,0.00967118,0.0,0,0,0,1,1
29217,-1,0,2.519595,0.9255041,1,1,unassigned,10.0,10.0,0.0,1.0,0.0,0.0,0.015473888,0.0,0,0,0,1,1
29218,-1,0,1.1242561,0.7547773,1,1,unassigned,26.0,26.0,0.0,1.0,0.0,0.0,0.046421662,0.0,0,0,0,1,0
29219,1,0,2.6315262,0.9328632,1,0,test,12.0,12.0,0.0,1.0,0.0,0.0,0.01934236,0.0,0,0,1,1,1
29220,-1,0,-0.686021,0.3349188,0,1,unassigned,69.0,69.0,0.0,1.0,0.0,0.0,0.1295938,0.0,0,0,0,0,0
29221,-1,0,-0.8534397,0.2987118,0,1,unassigned,13.0,12.0,1.0,0.9230769,0.07692308,0.07692307,0.021276595,0.0016366612,0,0,0,0,0
29222,-1,0,-0.70102113,0.33158585,0,1,unassigned,26.0,24.0,2.0,0.9230769,0.07692308,0.07692307,0.046421662,0.0035708973,0,0,0,0,0
29223,-1,0,-0.86502993,0.2962895,0,1,unassigned,39.0,38.0,1.0,0.974359,0.025641026,0.025641024,0.07156673,0.0018350444,0,0,0,0,0
29224,1,0,3.6934845,0.97571903,1,0,val,3.0,3.0,0.0,1.0,0.0,0.0,0.001934236,0.0,0,0,1,1,1
29225,-1,0,-0.82843244,0.30397663,0,1,unassigned,18.0,18.0,0.0,1.0,0.0,0.0,0.030947777,0.0,0,0,0,0,0
29226,-1,0,1.8429303,0.8632949,1,1,unassigned,6.0,6.0,0.0,1.0,0.0,0.0,0.007736944,0.0,0,0,0,1,0
29227,-1,0,-0.6437889,0.34439057,0,1,unassigned,19.0,19.0,0.0,1.0,0.0,0.0,0.032882012,0.0,0,0,0,0,0
29228,-1,0,-0.14430872,0.4639853,0,1,unassigned,19.0,19.0,0.0,1.0,0.0,0.0,0.032882012,0.0,0,0,0,0,0
29229,-1,1,0.734685,0.6758325,1,1,unassigned,2.0,2.0,0.0,1.0,0.0,0.0,0.0,0.0,1,0,0,1,0
29230,-1,1,-0.2623,0.4347984,0,1,unassigned,4.0,3.0,1.0,0.75,0.25,0.25,0.003868472,0.000967118,1,0,0,0,0
29231,-1,1,0.4990402,0.62223375,1,1,unassigned,2.0,2.0,0.0,1.0,0.0,0.0,0.0,0.0,1,0,0,1,0
29232,-1,0,-0.10090676,0.4747947,0,1,unassigned,46.0,46.0,0.0,1.0,0.0,0.0,0.08510638,0.0,0,0,0,0,0
29233,-1,0,0.035135567,0.508783,1,1,unassigned,5.0,5.0,0.0,1.0,0.0,0.0,0.0058027077,0.0,0,0,0,1,0
29234,0,0,-0.5280983,0.37096053,0,0,unassigned,6.0,6.0,0.0,1.0,0.0,0.0,0.007736944,0.0,0,0,1,0,0
29235,-1,0,-0.11954075,0.47015032,0,1,unassigned,20.0,20.0,0.0,1.0,0.0,0.0,0.034816246,0.0,0,0,0,0,0
29236,-1,0,2.762067,0.9405912,1,1,unassigned,10.0,6.0,4.0,0.6,0.4,0.39999998,0.015473888,0.0061895554,0,0,0,1,1
29237,-1,0,3.8394587,0.9789475,1,1,unassigned,16.0,15.0,1.0,0.9375,0.0625,0.0625,0.027079303,0.0016924564,0,0,0,1,1
29238,-1,0,3.23386,0.96208876,1,1,unassigned,2.0,2.0,0.0,1.0,0.0,0.0,0.0,0.0,0,0,0,1,1
29239,-1,1,5.2747483,0.99490684,1,1,unassigned,2.0,2.0,0.0,1.0,0.0,0.0,0.0,0.0,1,0,0,1,1
29240,-1,0,3.7851026,0.9777976,1,1,unassigned,5.0,5.0,0.0,1.0,0.0,0.0,0.0058027077,0.0,0,0,0,1,1
29241,-1,0,0.03411317,0.50852746,1,1,unassigned,5.0,5.0,0.0,1.0,0.0,0.0,0.0058027077,0.0,0,0,0,1,0
29242,-1,1,5.2394156,0.9947246,1,1,unassigned,30.0,18.0,12.0,0.6,0.4,0.39999998,0.054158606,0.021663442,1,0,0,1,1
29243,-1,0,4.630611,0.9903453,1,1,unassigned,3.0,3.0,0.0,1.0,0.0,0.0,0.001934236,0.0,0,0,0,1,1
29244,-1,0,1.2594409,0.7789298,1,1,unassigned,5.0,5.0,0.0,1.0,0.0,0.0,0.0058027077,0.0,0,0,0,1,0
29245,-1,0,1.7989173,0.8580171,1,1,unassigned,3.0,3.0,0.0,1.0,0.0,0.0,0.001934236,0.0,0,0,0,1,0
29246,-1,0,5.7591367,0.9968561,1,1,unassigned,4.0,4.0,0.0,1.0,0.0,0.0,0.003868472,0.0,0,0,0,1,1
29247,-1,1,0.13915092,0.5347317,1,1,unassigned,2.0,2.0,0.0,1.0,0.0,0.0,0.0,0.0,1,0,0,1,0
29248,-1,0,1.0447268,0.739761,1,1,unassigned,39.0,39.0,0.0,1.0,0.0,0.0,0.07156673,0.0,0,0,0,1,0
29249,-1,0,-0.6319453,0.3470696,0,1,unassigned,34.0,33.0,1.0,0.9705882,0.029411765,0.029411793,0.061895553,0.0018204574,0,0,0,0,0
29250,-1,0,-0.63435996,0.3465226,0,1,unassigned,72.0,72.0,0.0,1.0,0.0,0.0,0.13539653,0.0,0,0,0,0,0
29251,-1,0,0.7161302,0.67175424,1,1,unassigned,28.0,28.0,0.0,1.0,0.0,0.0,0.050290134,0.0,0,0,0,1,0
29252,-1,1,6.2513556,0.99807584,1,1,unassigned,11.0,11.0,0.0,1.0,0.0,0.0,0.017408123,0.0,1,0,0,1,1
29253,-1,0,0.43453056,0.606955,1,1,unassigned,8.0,8.0,0.0,1.0,0.0,0.0,0.0116054155,0.0,0,0,0,1,0
29254,-1,1,2.3124094,0.9098996,1,1,unassigned,5.0,5.0,0.0,1.0,0.0,0.0,0.0058027077,0.0,1,0,0,1,1
29255,-1,0,-0.030648828,0.4923384,0,1,unassigned,98.0,98.0,0.0,1.0,0.0,0.0,0.18568665,0.0,0,0,0,0,0
29256,1,1,0.88814336,0.7085069,1,0,val,2.0,2.0,0.0,1.0,0.0,0.0,0.0,0.0,1,0,1,1,0
29257,-1,1,1.3572636,0.7953146,1,1,unassigned,19.0,19.0,0.0,1.0,0.0,0.0,0.032882012,0.0,1,0,0,1,0
29258,-1,0,-0.38952428,0.40383184,0,1,unassigned,3.0,3.0,0.0,1.0,0.0,0.0,0.001934236,0.0,0,0,0,0,0
29259,-1,0,0.11790794,0.52944285,1,1,unassigned,21.0,21.0,0.0,1.0,0.0,0.0,0.036750484,0.0,0,0,0,1,0
29260,0,0,-0.7421936,0.32252464,0,0,val,34.0,34.0,0.0,1.0,0.0,0.0,0.061895553,0.0,0,0,1,0,0
29261,0,0,-0.7745085,0.31550464,0,0,test,20.0,20.0,0.0,1.0,0.0,0.0,0.034816246,0.0,0,0,1,0,0
29262,-1,1,0.40730864,0.60044235,1,1,unassigned,2.0,2.0,0.0,1.0,0.0,0.0,0.0,0.0,1,0,0,1,0
29263,-1,0,1.6490977,0.838769,1,1,unassigned,8.0,7.0,1.0,0.875,0.125,0.125,0.0116054155,0.0014506769,0,0,0,1,0
29264,-1,0,1.3130853,0.788029,1,1,unassigned,9.0,9.0,0.0,1.0,0.0,0.0,0.013539651,0.0,0,0,0,1,0
29265,-1,0,-0.7267068,0.32591784,0,1,unassigned,6.0,6.0,0.0,1.0,0.0,0.0,0.007736944,0.0,0,0,0,0,0
29266,-1,0,0.06686926,0.51671106,1,1,unassigned,2.0,2.0,0.0,1.0,0.0,0.0,0.0,0.0,0,0,0,1,0
29267,-1,0,1.4453261,0.8092781,1,1,unassigned,58.0,58.0,0.0,1.0,0.0,0.0,0.10831721,0.0,0,0,0,1,0
29268,-1,0,-0.28531408,0.42915145,0,1,unassigned,97.0,97.0,0.0,1.0,0.0,0.0,0.18375242,0.0,0,0,0,0,0
29269,-1,0,-0.6578359,0.34122592,0,1,unassigned,39.0,39.0,0.0,1.0,0.0,0.0,0.07156673,0.0,0,0,0,0,0
29270,-1,0,-0.36549637,0.40962967,0,1,unassigned,123.0,123.0,0.0,1.0,0.0,0.0,0.23404256,0.0,0,0,0,0,0
29271,1,0,-0.9136008,0.28626356,0,1,unassigned,14.0,14.0,0.0,1.0,0.0,0.0,0.023210831,0.0,0,0,0,0,0
29272,-1,0,0.20922679,0.5521167,1,1,unassigned,21.0,21.0,0.0,1.0,0.0,0.0,0.036750484,0.0,0,0,0,1,0
29273,0,0,-0.8949481,0.29008976,0,0,unassigned,33.0,33.0,0.0,1.0,0.0,0.0,0.059961315,0.0,0,0,1,0,0
29274,-1,0,-0.8542474,0.29854265,0,1,unassigned,3.0,3.0,0.0,1.0,0.0,0.0,0.001934236,0.0,0,0,0,0,0
29275,-1,0,-0.18883014,0.45293227,0,1,unassigned,41.0,39.0,2.0,0.9512195,0.048780486,0.0487805,0.07543521,0.003679766,0,0,0,0,0
29276,0,0,-0.24385345,0.43933693,0,0,unassigned,2.0,2.0,0.0,1.0,0.0,0.0,0.0,0.0,0,0,1,0,0
29277,-1,0,0.17444855,0.54350185,1,1,unassigned,2.0,1.0,1.0,0.5,0.5,0.5,0.0,0.0,0,0,0,1,0
29278,-1,0,0.9165922,0.71434724,1,1,unassigned,9.0,9.0,0.0,1.0,0.0,0.0,0.013539651,0.0,0,0,0,1,0
29279,-1,0,18.417587,1.0,1,1,unassigned,78.0,38.0,40.0,0.4871795,0.51282054,0.5128205,0.14700194,0.075385615,0,0,0,1,1
29280,-1,0,0.6404758,0.654861,1,1,unassigned,5.0,5.0,0.0,1.0,0.0,0.0,0.0058027077,0.0,0,0,0,1,0
29281,-1,0,7.6467557,0.9995227,1,1,unassigned,5.0,5.0,0.0,1.0,0.0,0.0,0.0058027077,0.0,0,0,0,1,1
29282,-1,0,2.5313199,0.9263085,1,1,unassigned,2.0,2.0,0.0,1.0,0.0,0.0,0.0,0.0,0,0,0,1,1
29283,-1,0,3.2174156,0.9614844,1,1,unassigned,7.0,7.0,0.0,1.0,0.0,0.0,0.00967118,0.0,0,0,0,1,1
29284,-1,0,-0.3457619,0.41441056,0,1,unassigned,14.0,14.0,0.0,1.0,0.0,0.0,0.023210831,0.0,0,0,0,0,0
29285,-1,0,-0.15784815,0.46061972,0,1,unassigned,43.0,43.0,0.0,1.0,0.0,0.0,0.079303674,0.0,0,0,0,0,0
29286,-1,1,-0.15278462,0.461878,0,1,unassigned,4.0,4.0,0.0,1.0,0.0,0.0,0.003868472,0.0,1,0,0,0,0
29287,-1,0,-0.38446823,0.40504968,0,1,unassigned,11.0,11.0,0.0,1.0,0.0,0.0,0.017408123,0.0,0,0,0,0,0
29288,-1,0,-0.4683206,0.3850138,0,1,unassigned,63.0,63.0,0.0,1.0,0.0,0.0,0.11798839,0.0,0,0,0,0,0
29289,-1,0,0.01190573,0.50297636,1,1,unassigned,26.0,26.0,0.0,1.0,0.0,0.0,0.046421662,0.0,0,0,0,1,0
29290,-1,0,-0.12248224,0.46941766,0,1,unassigned,2.0,2.0,0.0,1.0,0.0,0.0,0.0,0.0,0,0,0,0,0
29291,-1,1,0.9546302,0.7220454,1,1,unassigned,2.0,1.0,1.0,0.5,0.5,0.5,0.0,0.0,1,0,0,1,0
29292,-1,1,1.9005914,0.8699584,1,1,unassigned,15.0,15.0,0.0,1.0,0.0,0.0,0.025145067,0.0,1,0,0,1,0
29293,-1,0,-0.22004187,0.4452104,0,1,unassigned,47.0,40.0,7.0,0.85106385,0.14893617,0.14893615,0.08704062,0.012963496,0,0,0,0,0
29294,-1,0,-0.055520117,0.48612353,0,1,unassigned,40.0,39.0,1.0,0.975,0.025,0.024999976,0.07350097,0.0018375242,0,0,0,0,0
29295,-1,0,1.0470095,0.7402002,1,1,unassigned,65.0,62.0,3.0,0.95384616,0.046153847,0.046153843,0.12185687,0.0056241634,0,0,0,1,0
29296,-1,0,1.8479726,0.86388886,1,1,unassigned,2.0,1.0,1.0,0.5,0.5,0.5,0.0,0.0,0,0,0,1,0
29297,1,0,-0.16465977,0.45892784,0,1,unassigned,32.0,25.0,7.0,0.78125,0.21875,0.21875,0.058027077,0.012693423,0,0,0,0,0
29298,0,0,-0.4861961,0.38079008,0,0,unassigned,7.0,7.0,0.0,1.0,0.0,0.0,0.00967118,0.0,0,0,1,0,0
29299,1,0,-0.3006247,0.4254048,0,1,val,17.0,17.0,0.0,1.0,0.0,0.0,0.029013539,0.0,0,0,0,0,0
29300,0,0,-0.36025342,0.41089818,0,0,val,24.0,24.0,0.0,1.0,0.0,0.0,0.04255319,0.0,0,0,1,0,0
29301,0,0,-1.1630095,0.23812088,0,0,unassigned,29.0,29.0,0.0,1.0,0.0,0.0,0.05222437,0.0,0,0,1,0,0
29302,-1,0,-0.6811777,0.3359985,0,1,unassigned,37.0,37.0,0.0,1.0,0.0,0.0,0.06769826,0.0,0,0,0,0,0
29303,-1,0,-0.32666963,0.41905117,0,1,unassigned,45.0,40.0,5.0,0.8888889,0.11111111,0.111111104,0.08317215,0.00924135,0,0,0,0,0
29304,-1,1,-0.43535343,0.39284873,0,1,unassigned,98.0,95.0,3.0,0.96938777,0.030612245,0.03061223,0.18568665,0.0056842854,1,0,0,0,0
29305,-1,0,-0.9546922,0.27794218,0,1,unassigned,29.0,29.0,0.0,1.0,0.0,0.0,0.05222437,0.0,0,0,0,0,0
29306,-1,0,-0.76534843,0.3174862,0,1,unassigned,48.0,48.0,0.0,1.0,0.0,0.0,0.088974856,0.0,0,0,0,0,0
29307,-1,0,4.0506186,0.9828864,1,1,unassigned,20.0,19.0,1.0,0.95,0.05,0.050000012,0.034816246,0.0017408123,0,0,0,1,1
29308,-1,1,4.0094094,0.9821792,1,1,unassigned,4.0,3.0,1.0,0.75,0.25,0.25,0.003868472,0.000967118,1,0,0,1,1
29309,-1,0,5.6879125,0.9966248,1,1,unassigned,12.0,10.0,2.0,0.8333333,0.16666667,0.16666669,0.01934236,0.0032237265,0,0,0,1,1
29310,-1,0,6.2248287,0.9980242,1,1,unassigned,25.0,25.0,0.0,1.0,0.0,0.0,0.044487428,0.0,0,0,0,1,1
29311,-1,0,-0.15672827,0.46089795,0,1,unassigned,12.0,12.0,0.0,1.0,0.0,0.0,0.01934236,0.0,0,0,0,0,0
29312,-1,0,1.6825264,0.8432387,1,1,unassigned,13.0,10.0,3.0,0.7692308,0.23076923,0.23076922,0.021276595,0.0049099834,0,0,0,1,0
29313,-1,0,-0.572139,0.36074343,0,1,unassigned,12.0,12.0,0.0,1.0,0.0,0.0,0.01934236,0.0,0,0,0,0,0
29314,-1,0,8.29503,0.9997503,1,1,unassigned,35.0,33.0,2.0,0.94285715,0.057142857,0.057142854,0.06382979,0.0036474164,0,0,0,1,1
29315,-1,0,-0.08456963,0.47887015,0,1,unassigned,18.0,15.0,3.0,0.8333333,0.16666667,0.16666669,0.030947777,0.005157963,0,0,0,0,0
29316,-1,0,-0.7086378,0.3298999,0,1,unassigned,17.0,14.0,3.0,0.8235294,0.1764706,0.17647058,0.029013539,0.005120036,0,0,0,0,0
29317,-1,0,-0.5014399,0.37720233,0,1,unassigned,107.0,103.0,4.0,0.9626168,0.037383176,0.0373832,0.20309478,0.007592328,0,0,0,0,0
29318,-1,1,2.7941167,0.94235706,1,1,unassigned,12.0,11.0,1.0,0.9166667,0.083333336,0.08333331,0.01934236,0.0016118633,1,0,0,1,1
29319,-1,0,-0.07137051,0.48216492,0,1,unassigned,21.0,18.0,3.0,0.85714287,0.14285715,0.14285713,0.036750484,0.0052500693,0,0,0,0,0
29320,-1,0,0.20633906,0.5514025,1,1,unassigned,3.0,3.0,0.0,1.0,0.0,0.0,0.001934236,0.0,0,0,0,1,0
29321,-1,0,-0.10908833,0.47275493,0,1,unassigned,22.0,22.0,0.0,1.0,0.0,0.0,0.03868472,0.0,0,0,0,0,0
29322,-1,1,3.951434,0.98113555,1,1,unassigned,8.0,6.0,2.0,0.75,0.25,0.25,0.0116054155,0.0029013539,1,0,0,1,1
29323,1,0,0.109172165,0.52726597,1,0,unassigned,39.0,39.0,0.0,1.0,0.0,0.0,0.07156673,0.0,0,0,1,1,0
29324,-1,0,0.33330876,0.58256423,1,1,unassigned,4.0,4.0,0.0,1.0,0.0,0.0,0.003868472,0.0,0,0,0,1,0
29325,-1,0,-0.60685927,0.352776,0,1,unassigned,49.0,47.0,2.0,0.9591837,0.040816326,0.040816307,0.09090909,0.0037105752,0,0,0,0,0
29326,-1,1,16.58211,0.9999999,1,1,unassigned,2.0,2.0,0.0,1.0,0.0,0.0,0.0,0.0,1,0,0,1,1
29327,-1,0,-0.35555926,0.41203496,0,1,unassigned,39.0,39.0,0.0,1.0,0.0,0.0,0.07156673,0.0,0,0,0,0,0
29328,-1,0,-0.9645323,0.27597165,0,1,unassigned,16.0,16.0,0.0,1.0,0.0,0.0,0.027079303,0.0,0,0,0,0,0
29329,-1,0,-1.0046408,0.26802996,0,1,unassigned,31.0,31.0,0.0,1.0,0.0,0.0,0.056092843,0.0,0,0,0,0,0
29330,-1,0,-0.31329545,0.42231056,0,1,unassigned,34.0,32.0,2.0,0.9411765,0.05882353,0.058823526,0.061895553,0.0036409148,0,0,0,0,0
29331,-1,1,4.693957,0.9909326,1,1,unassigned,5.0,4.0,1.0,0.8,0.2,0.19999999,0.0058027077,0.0011605415,1,0,0,1,1
29332,-1,0,0.8106778,0.6922539,1,1,unassigned,3.0,3.0,0.0,1.0,0.0,0.0,0.001934236,0.0,0,0,0,1,0
29333,-1,0,-0.10385674,0.47405913,0,1,unassigned,2.0,2.0,0.0,1.0,0.0,0.0,0.0,0.0,0,0,0,0,0
29334,-1,0,-0.4658782,0.38559228,0,1,unassigned,18.0,17.0,1.0,0.9444444,0.055555556,0.055555582,0.030947777,0.0017193209,0,0,0,0,0
29335,-1,0,0.20695841,0.5515557,1,1,unassigned,40.0,40.0,0.0,1.0,0.0,0.0,0.07350097,0.0,0,0,0,1,0
29336,-1,1,9.7251625,0.9999403,1,1,unassigned,17.0,13.0,4.0,0.7647059,0.23529412,0.2352941,0.029013539,0.006826715,1,0,0,1,1
29337,-1,1,1.3831353,0.799494,1,1,unassigned,19.0,18.0,1.0,0.94736844,0.05263158,0.052631557,0.032882012,0.0017306323,1,0,0,1,0
29338,-1,0,8.321318,0.99975675,1,1,unassigned,3.0,2.0,1.0,0.6666667,0.33333334,0.3333333,0.001934236,0.00064474536,0,0,0,1,1
29339,-1,0,0.32533103,0.5806229,1,1,unassigned,41.0,40.0,1.0,0.9756098,0.024390243,0.02439022,0.07543521,0.001839883,0,0,0,1,0
29340,-1,1,2.2593434,0.90545344,1,1,unassigned,41.0,41.0,0.0,1.0,0.0,0.0,0.07543521,0.0,1,0,0,1,1
29341,1,1,2.4218266,0.91847664,1,0,train,12.0,11.0,1.0,0.9166667,0.083333336,0.08333331,0.01934236,0.0016118633,1,0,1,1,1
29342,-1,0,0.90433055,0.7118386,1,1,unassigned,17.0,17.0,0.0,1.0,0.0,0.0,0.029013539,0.0,0,0,0,1,0
29343,-1,1,4.5317545,0.9893528,1,1,unassigned,22.0,21.0,1.0,0.95454544,0.045454547,0.04545456,0.03868472,0.0017583964,1,0,0,1,1
29344,-1,0,-0.9489866,0.27908868,0,1,unassigned,10.0,10.0,0.0,1.0,0.0,0.0,0.015473888,0.0,0,0,0,0,0
29345,-1,0,1.7481067,0.85171384,1,1,unassigned,4.0,4.0,0.0,1.0,0.0,0.0,0.003868472,0.0,0,0,0,1,0
29346,-1,1,3.3660522,0.9666266,1,1,unassigned,59.0,57.0,2.0,0.9661017,0.033898305,0.033898294,0.11025145,0.0037373372,1,0,0,1,1
29347,-1,0,-0.5646526,0.3624716,0,1,unassigned,4.0,4.0,0.0,1.0,0.0,0.0,0.003868472,0.0,0,0,0,0,0
29348,-1,1,0.1902492,0.54741937,1,1,unassigned,22.0,19.0,3.0,0.8636364,0.13636364,0.13636363,0.03868472,0.005275189,1,0,0,1,0
29349,-1,0,1.1427555,0.7581852,1,1,unassigned,6.0,1.0,5.0,0.16666667,0.8333333,0.8333333,0.007736944,0.0064474535,0,0,0,1,0
29350,-1,1,1.7064154,0.8463708,1,1,unassigned,18.0,18.0,0.0,1.0,0.0,0.0,0.030947777,0.0,1,0,0,1,0
29351,-1,1,-0.1799821,0.45512554,0,1,unassigned,17.0,17.0,0.0,1.0,0.0,0.0,0.029013539,0.0,1,0,0,0,0
29352,-1,1,0.2822954,0.57010883,1,1,unassigned,16.0,16.0,0.0,1.0,0.0,0.0,0.027079303,0.0,1,0,0,1,0
29353,-1,0,0.01942283,0.5048555,1,1,unassigned,13.0,12.0,1.0,0.9230769,0.07692308,0.07692307,0.021276595,0.0016366612,0,0,0,1,0
29354,-1,0,1.1830583,0.7654972,1,1,unassigned,3.0,3.0,0.0,1.0,0.0,0.0,0.001934236,0.0,0,0,0,1,0
29355,-1,1,5.126923,0.99410015,1,1,unassigned,4.0,4.0,0.0,1.0,0.0,0.0,0.003868472,0.0,1,0,0,1,1
29356,-1,0,-0.65833116,0.34111458,0,1,unassigned,2.0,1.0,1.0,0.5,0.5,0.5,0.0,0.0,0,0,0,0,0
29357,-1,1,4.151979,0.9845105,1,1,unassigned,11.0,6.0,5.0,0.54545456,0.45454547,0.45454544,0.017408123,0.007912784,1,0,0,1,1
29358,0,1,0.3675484,0.59086645,1,1,unassigned,4.0,4.0,0.0,1.0,0.0,0.0,0.003868472,0.0,1,0,0,1,0
29359,-1,0,-0.59406084,0.35570368,0,1,unassigned,39.0,38.0,1.0,0.974359,0.025641026,0.025641024,0.07156673,0.0018350444,0,0,0,0,0
29360,-1,0,3.2605784,0.9630514,1,1,unassigned,2.0,2.0,0.0,1.0,0.0,0.0,0.0,0.0,0,0,0,1,1
29361,-1,0,-0.26283103,0.43466792,0,1,unassigned,66.0,66.0,0.0,1.0,0.0,0.0,0.123791106,0.0,0,0,0,0,0
29362,-1,0,-0.4398792,0.39176974,0,1,unassigned,60.0,60.0,0.0,1.0,0.0,0.0,0.11218569,0.0,0,0,0,0,0
29363,1,1,1.7173703,0.8477898,1,0,unassigned,7.0,4.0,3.0,0.5714286,0.42857143,0.4285714,0.00967118,0.0041447915,1,0,1,1,0
29364,-1,1,0.71160704,0.67075616,1,1,unassigned,3.0,3.0,0.0,1.0,0.0,0.0,0.001934236,0.0,1,0,0,1,0
29365,-1,0,2.4098718,0.91757697,1,1,unassigned,2.0,2.0,0.0,1.0,0.0,0.0,0.0,0.0,0,0,0,1,1
29366,-1,0,-0.33422905,0.417212,0,1,unassigned,8.0,8.0,0.0,1.0,0.0,0.0,0.0116054155,0.0,0,0,0,0,0
29367,-1,1,0.76641303,0.68274444,1,1,unassigned,37.0,36.0,1.0,0.972973,0.027027028,0.02702701,0.06769826,0.0018296828,1,0,0,1,0
29368,1,1,-0.5078367,0.37570077,0,1,unassigned,31.0,28.0,3.0,0.9032258,0.09677419,0.09677422,0.056092843,0.0054283394,1,0,0,0,0
29369,1,0,-0.27368912,0.43200165,0,1,unassigned,5.0,5.0,0.0,1.0,0.0,0.0,0.0058027077,0.0,0,0,0,0,0
29370,-1,1,2.5492673,0.9275242,1,1,unassigned,52.0,49.0,3.0,0.9423077,0.057692308,0.05769229,0.0967118,0.005579527,1,0,0,1,1
29371,-1,1,3.8902066,0.9799683,1,1,unassigned,2.0,2.0,0.0,1.0,0.0,0.0,0.0,0.0,1,0,0,1,1
29372,-1,1,1.714787,0.8474561,1,1,unassigned,4.0,4.0,0.0,1.0,0.0,0.0,0.003868472,0.0,1,0,0,1,0
29373,-1,1,-0.52437115,0.37183067,0,1,unassigned,20.0,18.0,2.0,0.9,0.1,0.100000024,0.034816246,0.0034816246,1,0,0,0,0
29374,-1,1,2.4140573,0.91789293,1,1,unassigned,31.0,31.0,0.0,1.0,0.0,0.0,0.056092843,0.0,1,0,0,1,1
29375,-1,0,0.75339633,0.6799183,1,1,unassigned,5.0,5.0,0.0,1.0,0.0,0.0,0.0058027077,0.0,0,0,0,1,0
29376,-1,1,2.6418846,0.933509,1,1,unassigned,30.0,29.0,1.0,0.96666664,0.033333335,0.03333336,0.054158606,0.001805287,1,0,0,1,1
29377,-1,1,9.90497,0.99995005,1,1,unassigned,7.0,6.0,1.0,0.85714287,0.14285715,0.14285713,0.00967118,0.0013815971,1,0,0,1,1
29378,0,0,-0.8461324,0.3002448,0,0,val,16.0,16.0,0.0,1.0,0.0,0.0,0.027079303,0.0,0,0,1,0,0
29379,1,0,-0.46434057,0.38595662,0,1,test,4.0,1.0,3.0,0.25,0.75,0.75,0.003868472,0.002901354,0,0,0,0,0
29380,-1,0,3.9637496,0.9813623,1,1,unassigned,20.0,12.0,8.0,0.6,0.4,0.39999998,0.034816246,0.013926499,0,0,0,1,1
29381,-1,0,-0.28714243,0.4287036,0,1,unassigned,10.0,7.0,3.0,0.7,0.3,0.3,0.015473888,0.0046421667,0,0,0,0,0
29382,-1,0,3.2004216,0.9608501,1,1,unassigned,3.0,1.0,2.0,0.33333334,0.6666667,0.6666666,0.001934236,0.0012894907,0,0,0,1,1
29383,-1,1,-0.10667038,0.47335768,0,1,unassigned,2.0,2.0,0.0,1.0,0.0,0.0,0.0,0.0,1,0,0,0,0
29384,-1,0,-0.07744503,0.48064837,0,1,unassigned,2.0,2.0,0.0,1.0,0.0,0.0,0.0,0.0,0,0,0,0,0
29385,-1,0,-0.17221338,0.45705274,0,1,unassigned,2.0,2.0,0.0,1.0,0.0,0.0,0.0,0.0,0,0,0,0,0
29386,-1,0,0.6160367,0.6493166,1,1,unassigned,3.0,3.0,0.0,1.0,0.0,0.0,0.001934236,0.0,0,0,0,1,0
29387,-1,0,0.4483648,0.6102504,1,1,unassigned,4.0,3.0,1.0,0.75,0.25,0.25,0.003868472,0.000967118,0,0,0,1,0
29388,-1,1,6.2062874,0.9979874,1,1,unassigned,2.0,2.0,0.0,1.0,0.0,0.0,0.0,0.0,1,0,0,1,1
29389,-1,0,1.7132847,0.84726185,1,1,unassigned,14.0,14.0,0.0,1.0,0.0,0.0,0.023210831,0.0,0,0,0,1,0
29390,-1,0,5.4617,0.9957716,1,1,unassigned,4.0,4.0,0.0,1.0,0.0,0.0,0.003868472,0.0,0,0,0,1,1
29391,-1,1,2.9028757,0.9479884,1,1,unassigned,28.0,27.0,1.0,0.96428573,0.035714287,0.03571427,0.050290134,0.0017960763,1,0,0,1,1
29392,-1,1,1.1998878,0.7685048,1,1,unassigned,22.0,21.0,1.0,0.95454544,0.045454547,0.04545456,0.03868472,0.0017583964,1,0,0,1,0
29393,-1,1,11.117441,0.9999851,1,1,unassigned,2.0,2.0,0.0,1.0,0.0,0.0,0.0,0.0,1,0,0,1,1
29394,0,1,0.81023365,0.6921593,1,1,test,19.0,16.0,3.0,0.84210527,0.15789473,0.15789473,0.032882012,0.0051918966,1,0,0,1,0
29395,-1,1,2.0547554,0.8864273,1,1,unassigned,24.0,23.0,1.0,0.9583333,0.041666668,0.041666687,0.04255319,0.0017730496,1,0,0,1,0
29396,-1,1,0.5968705,0.64493996,1,1,unassigned,5.0,5.0,0.0,1.0,0.0,0.0,0.0058027077,0.0,1,0,0,1,0
29397,-1,1,0.62665373,0.6517303,1,1,unassigned,23.0,23.0,0.0,1.0,0.0,0.0,0.040618956,0.0,1,0,0,1,0
29398,-1,1,0.32756245,0.58116615,1,1,unassigned,9.0,9.0,0.0,1.0,0.0,0.0,0.013539651,0.0,1,0,0,1,0
29399,-1,1,4.289435,0.98647285,1,1,unassigned,40.0,40.0,0.0,1.0,0.0,0.0,0.07350097,0.0,1,0,0,1,1
29400,-1,1,2.1538723,0.89603,1,1,unassigned,8.0,8.0,0.0,1.0,0.0,0.0,0.0116054155,0.0,1,0,0,1,0
29401,-1,1,5.1355987,0.9941508,1,1,unassigned,16.0,15.0,1.0,0.9375,0.0625,0.0625,0.027079303,0.0016924564,1,0,0,1,1
29402,-1,0,-0.9539886,0.27808338,0,1,unassigned,2.0,2.0,0.0,1.0,0.0,0.0,0.0,0.0,0,0,0,0,0
29403,-1,1,0.34371537,0.5850927,1,1,unassigned,11.0,10.0,1.0,0.90909094,0.09090909,0.090909064,0.017408123,0.0015825568,1,0,0,1,0
29404,-1,1,5.842928,0.99710804,1,1,unassigned,11.0,11.0,0.0,1.0,0.0,0.0,0.017408123,0.0,1,0,0,1,1
29405,-1,0,5.9602814,0.9974274,1,1,unassigned,5.0,3.0,2.0,0.6,0.4,0.39999998,0.0058027077,0.002321083,0,0,0,1,1
29406,-1,0,2.4639814,0.9215779,1,1,unassigned,4.0,4.0,0.0,1.0,0.0,0.0,0.003868472,0.0,0,0,0,1,1
29407,-1,0,1.7144029,0.84740645,1,1,unassigned,4.0,4.0,0.0,1.0,0.0,0.0,0.003868472,0.0,0,0,0,1,0
29408,-1,0,1.6779287,0.84263,1,1,unassigned,4.0,4.0,0.0,1.0,0.0,0.0,0.003868472,0.0,0,0,0,1,0
29409,-1,1,1.5038898,0.8181539,1,1,unassigned,4.0,4.0,0.0,1.0,0.0,0.0,0.003868472,0.0,1,0,0,1,0
29410,-1,0,-0.5496839,0.36593777,0,1,unassigned,6.0,6.0,0.0,1.0,0.0,0.0,0.007736944,0.0,0,0,0,0,0
29411,-1,0,0.9067685,0.71233845,1,1,unassigned,2.0,2.0,0.0,1.0,0.0,0.0,0.0,0.0,0,0,0,1,0
29412,0,0,0.3160652,0.57836497,1,1,test,8.0,8.0,0.0,1.0,0.0,0.0,0.0116054155,0.0,0,0,0,1,0
29413,-1,1,-0.3845002,0.40504193,0,1,unassigned,31.0,30.0,1.0,0.9677419,0.032258064,0.032258093,0.056092843,0.0018094465,1,0,0,0,0
29414,-1,1,-0.22968268,0.44283044,0,1,unassigned,23.0,18.0,5.0,0.7826087,0.2173913,0.21739131,0.040618956,0.008830207,1,0,0,0,0
29415,-1,1,-0.9339765,0.28211868,0,1,unassigned,8.0,8.0,0.0,1.0,0.0,0.0,0.0116054155,0.0,1,0,0,0,0
29416,-1,1,0.28045237,0.56965715,1,1,unassigned,15.0,15.0,0.0,1.0,0.0,0.0,0.025145067,0.0,1,0,0,1,0
29417,-1,0,-0.52352285,0.37202883,0,1,unassigned,25.0,20.0,5.0,0.8,0.2,0.19999999,0.044487428,0.008897486,0,0,0,0,0
29418,-1,0,-0.0443303,0.48891923,0,1,unassigned,14.0,14.0,0.0,1.0,0.0,0.0,0.023210831,0.0,0,0,0,0,0
29419,-1,0,3.6068184,0.973579,1,1,unassigned,2.0,2.0,0.0,1.0,0.0,0.0,0.0,0.0,0,0,0,1,1
29420,-1,0,0.90617996,0.7122178,1,1,unassigned,10.0,10.0,0.0,1.0,0.0,0.0,0.015473888,0.0,0,0,0,1,0
29421,-1,0,2.319338,0.910466,1,1,unassigned,6.0,6.0,0.0,1.0,0.0,0.0,0.007736944,0.0,0,0,0,1,1
29422,-1,1,1.2725942,0.7811865,1,1,unassigned,10.0,9.0,1.0,0.9,0.1,0.100000024,0.015473888,0.0015473888,1,0,0,1,0
29423,-1,0,2.2782922,0.9070631,1,1,unassigned,3.0,3.0,0.0,1.0,0.0,0.0,0.001934236,0.0,0,0,0,1,1
29424,0,1,-0.4966906,0.37831873,0,0,test,15.0,14.0,1.0,0.93333334,0.06666667,0.06666666,0.025145067,0.0016763379,1,0,1,0,0
29425,-1,0,1.9707453,0.87769115,1,1,unassigned,5.0,5.0,0.0,1.0,0.0,0.0,0.0058027077,0.0,0,0,0,1,0
29426,-1,0,5.1888604,0.99445254,1,1,unassigned,3.0,3.0,0.0,1.0,0.0,0.0,0.001934236,0.0,0,0,0,1,1
29427,-1,0,4.0955877,0.98362666,1,1,unassigned,2.0,2.0,0.0,1.0,0.0,0.0,0.0,0.0,0,0,0,1,1
29428,-1,0,6.6448283,0.998701,1,1,unassigned,2.0,2.0,0.0,1.0,0.0,0.0,0.0,0.0,0,0,0,1,1
29429,-1,1,4.373483,0.9875497,1,1,unassigned,3.0,3.0,0.0,1.0,0.0,0.0,0.001934236,0.0,1,0,0,1,1
29430,-1,0,2.1369555,0.8944435,1,1,unassigned,3.0,3.0,0.0,1.0,0.0,0.0,0.001934236,0.0,0,0,0,1,0
29431,-1,1,1.4524169,0.81037015,1,1,unassigned,7.0,6.0,1.0,0.85714287,0.14285715,0.14285713,0.00967118,0.0013815971,1,0,0,1,0
29432,-1,0,0.39178592,0.5967126,1,1,unassigned,3.0,3.0,0.0,1.0,0.0,0.0,0.001934236,0.0,0,0,0,1,0
29433,-1,0,5.3254027,0.9951572,1,1,unassigned,9.0,9.0,0.0,1.0,0.0,0.0,0.013539651,0.0,0,0,0,1,1
29434,-1,0,11.79623,0.9999925,1,1,unassigned,11.0,11.0,0.0,1.0,0.0,0.0,0.017408123,0.0,0,0,0,1,1
29435,-1,1,1.2272115,0.7733302,1,1,unassigned,57.0,56.0,1.0,0.98245615,0.01754386,0.017543852,0.10638298,0.0018663681,1,0,0,1,0
29436,-1,1,0.0728181,0.51819646,1,1,unassigned,40.0,40.0,0.0,1.0,0.0,0.0,0.07350097,0.0,1,0,0,1,0
29437,-1,0,0.3123569,0.57746047,1,1,unassigned,35.0,35.0,0.0,1.0,0.0,0.0,0.06382979,0.0,0,0,0,1,0
29438,-1,0,-0.6771828,0.33689037,0,1,unassigned,9.0,9.0,0.0,1.0,0.0,0.0,0.013539651,0.0,0,0,0,0,0
29439,-1,1,-0.4156118,0.3975673,0,1,unassigned,20.0,18.0,2.0,0.9,0.1,0.100000024,0.034816246,0.0034816246,1,0,0,0,0
29440,-1,1,1.4960921,0.8169909,1,1,unassigned,14.0,14.0,0.0,1.0,0.0,0.0,0.023210831,0.0,1,0,0,1,0
29441,-1,1,2.7477508,0.93978626,1,1,unassigned,26.0,26.0,0.0,1.0,0.0,0.0,0.046421662,0.0,1,0,0,1,1
29442,-1,1,0.80735284,0.69154507,1,1,unassigned,20.0,20.0,0.0,1.0,0.0,0.0,0.034816246,0.0,1,0,0,1,0
29443,0,1,-0.5097626,0.37524918,0,0,test,16.0,12.0,4.0,0.75,0.25,0.25,0.027079303,0.0067698257,1,0,1,0,0
29444,-1,1,2.4391088,0.91976136,1,1,unassigned,3.0,3.0,0.0,1.0,0.0,0.0,0.001934236,0.0,1,0,0,1,1
29445,-1,0,0.39083546,0.59648377,1,1,unassigned,3.0,3.0,0.0,1.0,0.0,0.0,0.001934236,0.0,0,0,0,1,0
29446,-1,0,0.13896996,0.5346867,1,1,unassigned,8.0,7.0,1.0,0.875,0.125,0.125,0.0116054155,0.0014506769,0,0,0,1,0
29447,-1,0,0.012342751,0.5030857,1,1,unassigned,2.0,2.0,0.0,1.0,0.0,0.0,0.0,0.0,0,0,0,1,0
29448,-1,0,-0.393414,0.40289572,0,1,unassigned,25.0,23.0,2.0,0.92,0.08,0.07999998,0.044487428,0.003558994,0,0,0,0,0
29449,-1,0,0.06252879,0.5156271,1,1,unassigned,2.0,1.0,1.0,0.5,0.5,0.5,0.0,0.0,0,0,0,1,0
29450,-1,1,0.014019549,0.5035048,1,1,unassigned,4.0,4.0,0.0,1.0,0.0,0.0,0.003868472,0.0,1,0,0,1,0
29451,-1,1,11.406035,0.9999889,1,1,unassigned,2.0,2.0,0.0,1.0,0.0,0.0,0.0,0.0,1,0,0,1,1
29452,-1,1,10.891828,0.9999814,1,1,unassigned,26.0,18.0,8.0,0.6923077,0.30769232,0.3076923,0.046421662,0.014283589,1,0,0,1,1
29453,-1,0,-0.9912636,0.27066255,0,1,unassigned,2.0,2.0,0.0,1.0,0.0,0.0,0.0,0.0,0,0,0,0,0
29454,-1,0,-0.19586024,0.4511909,0,1,unassigned,52.0,52.0,0.0,1.0,0.0,0.0,0.0967118,0.0,0,0,0,0,0
29455,-1,0,-0.1657978,0.45864525,0,1,unassigned,134.0,132.0,2.0,0.98507464,0.014925373,0.014925361,0.25531915,0.0038107336,0,0,0,0,0
29456,-1,0,-0.07845402,0.48039657,0,1,unassigned,12.0,12.0,0.0,1.0,0.0,0.0,0.01934236,0.0,0,0,0,0,0
29457,-1,1,3.5695455,0.9726031,1,1,unassigned,8.0,7.0,1.0,0.875,0.125,0.125,0.0116054155,0.0014506769,1,0,0,1,1
29458,-1,0,-0.08099502,0.4797623,0,1,unassigned,18.0,18.0,0.0,1.0,0.0,0.0,0.030947777,0.0,0,0,0,0,0
29459,-1,0,6.3901653,0.9983248,1,1,unassigned,3.0,3.0,0.0,1.0,0.0,0.0,0.001934236,0.0,0,0,0,1,1
29460,-1,0,-0.5356964,0.36918926,0,1,unassigned,88.0,86.0,2.0,0.97727275,0.022727273,0.022727251,0.1663443,0.0037805524,0,0,0,0,0
29461,-1,0,0.54847795,0.6337824,1,1,unassigned,10.0,10.0,0.0,1.0,0.0,0.0,0.015473888,0.0,0,0,0,1,0
29462,-1,0,6.5533423,0.99857664,1,1,unassigned,2.0,2.0,0.0,1.0,0.0,0.0,0.0,0.0,0,0,0,1,1
29463,-1,0,4.1178527,0.9839813,1,1,unassigned,11.0,10.0,1.0,0.90909094,0.09090909,0.090909064,0.017408123,0.0015825568,0,0,0,1,1
29464,-1,0,0.11632401,0.52904826,1,1,unassigned,16.0,16.0,0.0,1.0,0.0,0.0,0.027079303,0.0,0,0,0,1,0
29465,-1,1,-0.56206125,0.36307067,0,1,unassigned,54.0,52.0,2.0,0.962963,0.037037037,0.037037015,0.10058027,0.003725195,1,0,0,0,0
29466,-1,1,-0.19397575,0.45165756,0,1,unassigned,16.0,16.0,0.0,1.0,0.0,0.0,0.027079303,0.0,1,0,0,0,0
29467,-1,0,2.7507555,0.93995595,1,1,unassigned,41.0,39.0,2.0,0.9512195,0.048780486,0.0487805,0.07543521,0.003679766,0,0,0,1,1
29468,-1,0,3.8842862,0.9798518,1,1,unassigned,2.0,2.0,0.0,1.0,0.0,0.0,0.0,0.0,0,0,0,1,1
29469,-1,0,0.09087783,0.5227038,1,1,unassigned,5.0,5.0,0.0,1.0,0.0,0.0,0.0058027077,0.0,0,0,0,1,0
29470,-1,0,2.1569726,0.8963186,1,1,unassigned,38.0,36.0,2.0,0.94736844,0.05263158,0.052631557,0.06963249,0.0036648682,0,0,0,1,0
29471,-1,0,1.0342898,0.7377467,1,1,unassigned,26.0,26.0,0.0,1.0,0.0,0.0,0.046421662,0.0,0,0,0,1,0
29472,1,0,-0.96515304,0.27584767,0,1,unassigned,3.0,3.0,0.0,1.0,0.0,0.0,0.001934236,0.0,0,0,0,0,0
29473,-1,0,0.8593858,0.7025323,1,1,unassigned,9.0,9.0,0.0,1.0,0.0,0.0,0.013539651,0.0,0,0,0,1,0
29474,-1,1,-0.19331843,0.45182037,0,1,unassigned,41.0,38.0,3.0,0.9268293,0.07317073,0.07317072,0.07543521,0.005519649,1,0,0,0,0
29475,-1,1,2.259836,0.9054956,1,1,unassigned,10.0,10.0,0.0,1.0,0.0,0.0,0.015473888,0.0,1,0,0,1,1
29476,-1,0,3.8759668,0.97968686,1,1,unassigned,2.0,2.0,0.0,1.0,0.0,0.0,0.0,0.0,0,0,0,1,1
29477,1,0,-0.19275206,0.45196062,0,1,val,2.0,2.0,0.0,1.0,0.0,0.0,0.0,0.0,0,0,0,0,0
29478,-1,0,-0.67821836,0.33665907,0,1,unassigned,19.0,19.0,0.0,1.0,0.0,0.0,0.032882012,0.0,0,0,0,0,0
29479,-1,0,-0.503235,0.37678072,0,1,unassigned,11.0,11.0,0.0,1.0,0.0,0.0,0.017408123,0.0,0,0,0,0,0
29480,-1,0,6.779735,0.99886477,1,1,unassigned,3.0,2.0,1.0,0.6666667,0.33333334,0.3333333,0.001934236,0.00064474536,0,0,0,1,1
29481,-1,1,9.0424,0.99988174,1,1,unassigned,3.0,2.0,1.0,0.6666667,0.33333334,0.3333333,0.001934236,0.00064474536,1,0,0,1,1
29482,-1,1,-0.39502078,0.40250924,0,1,unassigned,31.0,31.0,0.0,1.0,0.0,0.0,0.056092843,0.0,1,0,0,0,0
29483,-1,0,-0.9293651,0.28305355,0,1,unassigned,2.0,2.0,0.0,1.0,0.0,0.0,0.0,0.0,0,0,0,0,0
29484,-1,1,2.1147554,0.8923291,1,1,unassigned,10.0,9.0,1.0,0.9,0.1,0.100000024,0.015473888,0.0015473888,1,0,0,1,0
29485,-1,0,3.7857277,0.9778112,1,1,unassigned,6.0,5.0,1.0,0.8333333,0.16666667,0.16666669,0.007736944,0.0012894907,0,0,0,1,1
29486,-1,0,11.789566,0.9999924,1,1,unassigned,3.0,2.0,1.0,0.6666667,0.33333334,0.3333333,0.001934236,0.00064474536,0,0,0,1,1
29487,-1,1,0.7423373,0.67750674,1,1,unassigned,4.0,4.0,0.0,1.0,0.0,0.0,0.003868472,0.0,1,0,0,1,0
29488,-1,0,0.15431279,0.5385018,1,1,unassigned,5.0,5.0,0.0,1.0,0.0,0.0,0.0058027077,0.0,0,0,0,1,0
29489,-1,0,2.531219,0.92630166,1,1,unassigned,6.0,6.0,0.0,1.0,0.0,0.0,0.007736944,0.0,0,0,0,1,1
29490,-1,1,-0.37156028,0.40816405,0,1,unassigned,49.0,49.0,0.0,1.0,0.0,0.0,0.09090909,0.0,1,0,0,0,0
29491,-1,1,3.168041,0.9596137,1,1,unassigned,10.0,8.0,2.0,0.8,0.2,0.19999999,0.015473888,0.0030947777,1,0,0,1,1
29492,-1,0,4.5309834,0.98934466,1,1,unassigned,2.0,2.0,0.0,1.0,0.0,0.0,0.0,0.0,0,0,0,1,1
29493,1,0,4.640491,0.9904393,1,0,test,16.0,16.0,0.0,1.0,0.0,0.0,0.027079303,0.0,0,0,1,1,1
29494,-1,0,-0.82141525,0.3054633,0,1,unassigned,2.0,2.0,0.0,1.0,0.0,0.0,0.0,0.0,0,0,0,0,0
29495,-1,0,3.1891234,0.9604229,1,1,unassigned,3.0,3.0,0.0,1.0,0.0,0.0,0.001934236,0.0,0,0,0,1,1
29496,-1,0,-0.1341247,0.466519,0,1,unassigned,26.0,26.0,0.0,1.0,0.0,0.0,0.046421662,0.0,0,0,0,0,0
29497,-1,0,2.4274209,0.91889447,1,1,unassigned,4.0,4.0,0.0,1.0,0.0,0.0,0.003868472,0.0,0,0,0,1,1
29498,-1,0,-0.22225043,0.44466496,0,1,unassigned,8.0,5.0,3.0,0.625,0.375,0.375,0.0116054155,0.004352031,0,0,0,0,0
29499,1,0,4.0551553,0.9829625,1,0,val,21.0,21.0,0.0,1.0,0.0,0.0,0.036750484,0.0,0,0,1,1,1
29500,-1,0,1.9279933,0.87302715,1,1,unassigned,14.0,14.0,0.0,1.0,0.0,0.0,0.023210831,0.0,0,0,0,1,0
29501,-1,0,-0.7985821,0.3103289,0,1,unassigned,8.0,7.0,1.0,0.875,0.125,0.125,0.0116054155,0.0014506769,0,0,0,0,0
29502,-1,0,1.6446855,0.8381715,1,1,unassigned,3.0,3.0,0.0,1.0,0.0,0.0,0.001934236,0.0,0,0,0,1,0
29503,-1,1,2.7334445,0.9389715,1,1,unassigned,24.0,24.0,0.0,1.0,0.0,0.0,0.04255319,0.0,1,0,0,1,1
29504,-1,1,1.6242194,0.8353762,1,1,unassigned,6.0,6.0,0.0,1.0,0.0,0.0,0.007736944,0.0,1,0,0,1,0
29505,-1,1,5.0510287,0.993638,1,1,unassigned,11.0,11.0,0.0,1.0,0.0,0.0,0.017408123,0.0,1,0,0,1,1
29506,-1,1,0.38471574,0.59501,1,1,unassigned,3.0,1.0,2.0,0.33333334,0.6666667,0.6666666,0.001934236,0.0012894907,1,0,0,1,0
29507,-1,0,-0.5156737,0.3738644,0,1,unassigned,17.0,15.0,2.0,0.88235295,0.11764706,0.11764705,0.029013539,0.0034133575,0,0,0,0,0
29508,-1,0,1.8527792,0.86445314,1,1,unassigned,2.0,2.0,0.0,1.0,0.0,0.0,0.0,0.0,0,0,0,1,0
29509,-1,0,1.5824316,0.8295486,1,1,unassigned,20.0,19.0,1.0,0.95,0.05,0.050000012,0.034816246,0.0017408123,0,0,0,1,0
29510,-1,0,6.8492136,0.9989409,1,1,unassigned,4.0,3.0,1.0,0.75,0.25,0.25,0.003868472,0.000967118,0,0,0,1,1
29511,-1,0,2.3530147,0.9131736,1,1,unassigned,4.0,3.0,1.0,0.75,0.25,0.25,0.003868472,0.000967118,0,0,0,1,1
29512,-1,0,1.3599148,0.79574585,1,1,unassigned,3.0,2.0,1.0,0.6666667,0.33333334,0.3333333,0.001934236,0.00064474536,0,0,0,1,0
29513,-1,0,0.1469149,0.53666276,1,1,unassigned,3.0,2.0,1.0,0.6666667,0.33333334,0.3333333,0.001934236,0.00064474536,0,0,0,1,0
29514,-1,1,8.9861355,0.99987483,1,1,unassigned,4.0,3.0,1.0,0.75,0.25,0.25,0.003868472,0.000967118,1,0,0,1,1
29515,-1,0,-0.4989637,0.37778422,0,1,unassigned,2.0,2.0,0.0,1.0,0.0,0.0,0.0,0.0,0,0,0,0,0
29516,-1,1,-0.27786028,0.43097842,0,1,unassigned,2.0,2.0,0.0,1.0,0.0,0.0,0.0,0.0,1,0,0,0,0
29517,-1,1,1.1312687,0.75607294,1,1,unassigned,13.0,12.0,1.0,0.9230769,0.07692308,0.07692307,0.021276595,0.0016366612,1,0,0,1,0
29518,-1,1,1.7006037,0.84561354,1,1,unassigned,25.0,25.0,0.0,1.0,0.0,0.0,0.044487428,0.0,1,0,0,1,0
29519,-1,1,4.4674573,0.9886537,1,1,unassigned,22.0,21.0,1.0,0.95454544,0.045454547,0.04545456,0.03868472,0.0017583964,1,0,0,1,1
29520,-1,1,3.8118727,0.9783714,1,1,unassigned,29.0,22.0,7.0,0.7586207,0.2413793,0.24137932,0.05222437,0.012605882,1,0,0,1,1
29521,-1,0,-0.014041007,0.4964898,0,1,unassigned,3.0,2.0,1.0,0.6666667,0.33333334,0.3333333,0.001934236,0.00064474536,0,0,0,0,0
29522,-1,1,0.85532385,0.70168275,1,1,unassigned,67.0,60.0,7.0,0.8955224,0.104477614,0.104477584,0.12572534,0.013135484,1,0,0,1,0
29523,-1,0,3.2053168,0.9610339,1,1,unassigned,28.0,23.0,5.0,0.8214286,0.17857143,0.1785714,0.050290134,0.008980381,0,0,0,1,1
29524,-1,1,5.03933,0.99356365,1,1,unassigned,5.0,1.0,4.0,0.2,0.8,0.8,0.0058027077,0.004642166,1,1,0,1,1
29525,-1,0,4.5305753,0.98934036,1,1,unassigned,7.0,7.0,0.0,1.0,0.0,0.0,0.00967118,0.0,0,0,0,1,1
29526,-1,0,-0.109227955,0.47272015,0,1,unassigned,3.0,3.0,0.0,1.0,0.0,0.0,0.001934236,0.0,0,0,0,0,0
29527,-1,0,-0.075428486,0.48115185,0,1,unassigned,11.0,11.0,0.0,1.0,0.0,0.0,0.017408123,0.0,0,0,0,0,0
29528,-1,1,0.22610492,0.55628663,1,1,unassigned,4.0,4.0,0.0,1.0,0.0,0.0,0.003868472,0.0,1,0,0,1,0
29529,1,0,-0.090727925,0.47733358,0,1,test,11.0,11.0,0.0,1.0,0.0,0.0,0.017408123,0.0,0,0,0,0,0
29530,-1,0,-0.22830737,0.44316977,0,1,unassigned,24.0,24.0,0.0,1.0,0.0,0.0,0.04255319,0.0,0,0,0,0,0
29531,-1,0,5.0086927,0.9933647,1,1,unassigned,33.0,26.0,7.0,0.7878788,0.21212122,0.21212119,0.059961315,0.012719067,0,0,0,1,1
29532,-1,0,5.0810614,0.9938251,1,1,unassigned,5.0,5.0,0.0,1.0,0.0,0.0,0.0058027077,0.0,0,0,0,1,1
29533,-1,0,9.42285,0.9999192,1,1,unassigned,9.0,9.0,0.0,1.0,0.0,0.0,0.013539651,0.0,0,0,0,1,1
29534,-1,0,3.320729,0.96513313,1,1,unassigned,4.0,4.0,0.0,1.0,0.0,0.0,0.003868472,0.0,0,0,0,1,1
29535,-1,1,1.5992682,0.83191603,1,1,unassigned,6.0,6.0,0.0,1.0,0.0,0.0,0.007736944,0.0,1,0,0,1,0
29536,-1,0,8.4123535,0.999778,1,1,unassigned,9.0,9.0,0.0,1.0,0.0,0.0,0.013539651,0.0,0,0,0,1,1
29537,-1,0,0.4016531,0.5990848,1,1,unassigned,4.0,4.0,0.0,1.0,0.0,0.0,0.003868472,0.0,0,0,0,1,0
29538,-1,1,-0.43152332,0.39376262,0,1,unassigned,66.0,66.0,0.0,1.0,0.0,0.0,0.123791106,0.0,1,0,0,0,0
29539,-1,0,-0.37873322,0.40643245,0,1,unassigned,8.0,8.0,0.0,1.0,0.0,0.0,0.0116054155,0.0,0,0,0,0,0
29540,-1,0,0.7185293,0.6722831,1,1,unassigned,5.0,5.0,0.0,1.0,0.0,0.0,0.0058027077,0.0,0,0,0,1,0
29541,-1,1,3.4332454,0.9687275,1,1,unassigned,13.0,8.0,5.0,0.61538464,0.3846154,0.38461536,0.021276595,0.008183306,1,0,0,1,1
29542,-1,1,-0.1654984,0.45871955,0,1,unassigned,9.0,7.0,2.0,0.7777778,0.22222222,0.22222221,0.013539651,0.0030088115,1,0,0,0,0
29543,1,0,6.2081957,0.9979912,1,0,train,6.0,6.0,0.0,1.0,0.0,0.0,0.007736944,0.0,0,0,1,1,1
29544,-1,1,0.24814922,0.5617209,1,1,unassigned,3.0,3.0,0.0,1.0,0.0,0.0,0.001934236,0.0,1,0,0,1,0
29545,-1,0,0.055363834,0.51383746,1,1,unassigned,6.0,6.0,0.0,1.0,0.0,0.0,0.007736944,0.0,0,0,0,1,0
29546,-1,0,4.7720103,0.99160767,1,1,unassigned,4.0,4.0,0.0,1.0,0.0,0.0,0.003868472,0.0,0,0,0,1,1
29547,-1,0,7.5738263,0.99948657,1,1,unassigned,2.0,2.0,0.0,1.0,0.0,0.0,0.0,0.0,0,0,0,1,1
29548,-1,1,0.8290134,0.6961463,1,1,unassigned,16.0,12.0,4.0,0.75,0.25,0.25,0.027079303,0.0067698257,1,0,0,1,0
29549,0,1,-0.7897451,0.3122234,0,0,val,43.0,41.0,2.0,0.95348835,0.046511628,0.04651165,0.079303674,0.0036885429,1,0,1,0,0
29550,-1,0,1.6833546,0.84334826,1,1,unassigned,12.0,12.0,0.0,1.0,0.0,0.0,0.01934236,0.0,0,0,0,1,0
29551,-1,0,3.0911849,0.95652765,1,1,unassigned,7.0,6.0,1.0,0.85714287,0.14285715,0.14285713,0.00967118,0.0013815971,0,0,0,1,1
29552,-1,1,4.5971904,0.9900205,1,1,unassigned,35.0,32.0,3.0,0.9142857,0.08571429,0.08571428,0.06382979,0.005471125,1,0,0,1,1
29553,-1,0,-0.8513688,0.2991458,0,1,unassigned,3.0,3.0,0.0,1.0,0.0,0.0,0.001934236,0.0,0,0,0,0,0
29554,-1,0,5.1376276,0.9941626,1,1,unassigned,6.0,6.0,0.0,1.0,0.0,0.0,0.007736944,0.0,0,0,0,1,1
29555,-1,1,0.45845455,0.6126475,1,1,unassigned,5.0,1.0,4.0,0.2,0.8,0.8,0.0058027077,0.004642166,1,1,0,1,0
29556,-1,1,0.57126814,0.6390558,1,1,unassigned,9.0,7.0,2.0,0.7777778,0.22222222,0.22222221,0.013539651,0.0030088115,1,0,0,1,0
29557,-1,1,-0.36375397,0.41005114,0,1,unassigned,3.0,3.0,0.0,1.0,0.0,0.0,0.001934236,0.0,1,0,0,0,0
29558,-1,0,7.0118575,0.99909973,1,1,unassigned,13.0,13.0,0.0,1.0,0.0,0.0,0.021276595,0.0,0,0,0,1,1
29559,-1,0,2.7929175,0.942292,1,1,unassigned,8.0,8.0,0.0,1.0,0.0,0.0,0.0116054155,0.0,0,0,0,1,1
29560,-1,0,12.049971,0.99999416,1,1,unassigned,7.0,7.0,0.0,1.0,0.0,0.0,0.00967118,0.0,0,0,0,1,1
29561,-1,0,2.7939165,0.94234616,1,1,unassigned,2.0,2.0,0.0,1.0,0.0,0.0,0.0,0.0,0,0,0,1,1
29562,-1,1,4.536937,0.98940724,1,1,unassigned,8.0,3.0,5.0,0.375,0.625,0.625,0.0116054155,0.0072533847,1,0,0,1,1
29563,-1,0,6.083985,0.99772614,1,1,unassigned,2.0,2.0,0.0,1.0,0.0,0.0,0.0,0.0,0,0,0,1,1
29564,0,0,-0.79316056,0.31149042,0,0,unassigned,38.0,36.0,2.0,0.94736844,0.05263158,0.052631557,0.06963249,0.0036648682,0,0,1,0,0
29565,-1,0,0.7022224,0.6686803,1,1,unassigned,27.0,26.0,1.0,0.962963,0.037037037,0.037037015,0.0483559,0.0017909593,0,0,0,1,0
29566,-1,0,0.93368536,0.7178224,1,1,unassigned,3.0,3.0,0.0,1.0,0.0,0.0,0.001934236,0.0,0,0,0,1,0
29567,-1,0,0.044929683,0.5112305,1,1,unassigned,22.0,22.0,0.0,1.0,0.0,0.0,0.03868472,0.0,0,0,0,1,0
29568,-1,0,-0.25319234,0.43703786,0,1,unassigned,3.0,3.0,0.0,1.0,0.0,0.0,0.001934236,0.0,0,0,0,0,0
29569,0,0,-0.17250848,0.45697948,0,0,unassigned,10.0,10.0,0.0,1.0,0.0,0.0,0.015473888,0.0,0,0,1,0,0
29570,-1,0,-0.16973796,0.4576671,0,1,unassigned,2.0,2.0,0.0,1.0,0.0,0.0,0.0,0.0,0,0,0,0,0
29571,-1,0,5.6400476,0.9964599,1,1,unassigned,4.0,4.0,0.0,1.0,0.0,0.0,0.003868472,0.0,0,0,0,1,1
29572,-1,0,0.2537288,0.563094,1,1,unassigned,5.0,5.0,0.0,1.0,0.0,0.0,0.0058027077,0.0,0,0,0,1,0
29573,-1,1,1.6917655,0.8444562,1,1,unassigned,52.0,50.0,2.0,0.96153843,0.03846154,0.038461566,0.0967118,0.0037196847,1,0,0,1,0
29574,0,1,-0.3317346,0.41781864,0,0,unassigned,7.0,7.0,0.0,1.0,0.0,0.0,0.00967118,0.0,1,0,1,0,0
29575,-1,0,-0.31922373,0.42086497,0,1,unassigned,7.0,7.0,0.0,1.0,0.0,0.0,0.00967118,0.0,0,0,0,0,0
29576,-1,0,1.6669545,0.8411694,1,1,unassigned,9.0,9.0,0.0,1.0,0.0,0.0,0.013539651,0.0,0,0,0,1,0
29577,-1,0,2.9441764,0.9499875,1,1,unassigned,6.0,6.0,0.0,1.0,0.0,0.0,0.007736944,0.0,0,0,0,1,1
29578,-1,1,0.8927129,0.7094497,1,1,unassigned,18.0,18.0,0.0,1.0,0.0,0.0,0.030947777,0.0,1,0,0,1,0
29579,-1,0,0.023032606,0.5057579,1,1,unassigned,5.0,5.0,0.0,1.0,0.0,0.0,0.0058027077,0.0,0,0,0,1,0
29580,-1,0,4.072539,0.9832513,1,1,unassigned,4.0,4.0,0.0,1.0,0.0,0.0,0.003868472,0.0,0,0,0,1,1
29581,-1,0,-0.43358016,0.39327177,0,1,unassigned,10.0,5.0,5.0,0.5,0.5,0.5,0.015473888,0.007736944,0,0,0,0,0
29582,-1,1,4.8847227,0.99249554,1,1,unassigned,30.0,25.0,5.0,0.8333333,0.16666667,0.16666669,0.054158606,0.009026434,1,0,0,1,1
29583,-1,0,1.7597239,0.8531751,1,1,unassigned,6.0,6.0,0.0,1.0,0.0,0.0,0.007736944,0.0,0,0,0,1,0
29584,-1,1,3.0408843,0.9543873,1,1,unassigned,9.0,7.0,2.0,0.7777778,0.22222222,0.22222221,0.013539651,0.0030088115,1,0,0,1,1
29585,1,1,-0.90116733,0.28881067,0,1,unassigned,2.0,2.0,0.0,1.0,0.0,0.0,0.0,0.0,1,0,0,0,0
29586,-1,0,1.1946826,0.76757747,1,1,unassigned,2.0,2.0,0.0,1.0,0.0,0.0,0.0,0.0,0,0,0,1,0
29587,-1,0,2.4733264,0.9222506,1,1,unassigned,8.0,6.0,2.0,0.75,0.25,0.25,0.0116054155,0.0029013539,0,0,0,1,1
29588,-1,1,-0.7300546,0.32518274,0,1,unassigned,39.0,39.0,0.0,1.0,0.0,0.0,0.07156673,0.0,1,0,0,0,0
29589,-1,0,0.3487485,0.5863141,1,1,unassigned,4.0,3.0,1.0,0.75,0.25,0.25,0.003868472,0.000967118,0,0,0,1,0
29590,-1,1,0.03449756,0.50862354,1,1,unassigned,2.0,2.0,0.0,1.0,0.0,0.0,0.0,0.0,1,0,0,1,0
29591,-1,1,3.556217,0.9722457,1,1,unassigned,3.0,3.0,0.0,1.0,0.0,0.0,0.001934236,0.0,1,0,0,1,1
29592,-1,0,0.41851193,0.6031271,1,1,unassigned,2.0,1.0,1.0,0.5,0.5,0.5,0.0,0.0,0,0,0,1,0
29593,-1,0,5.8182716,0.9970361,1,1,unassigned,2.0,2.0,0.0,1.0,0.0,0.0,0.0,0.0,0,0,0,1,1
29594,-1,1,1.9273312,0.8729538,1,1,unassigned,2.0,2.0,0.0,1.0,0.0,0.0,0.0,0.0,1,0,0,1,0
29595,0,0,-0.83044887,0.30355018,0,0,test,2.0,2.0,0.0,1.0,0.0,0.0,0.0,0.0,0,0,1,0,0
29596,-1,0,-0.16974649,0.45766503,0,1,unassigned,9.0,9.0,0.0,1.0,0.0,0.0,0.013539651,0.0,0,0,0,0,0
29597,-1,0,2.7294805,0.938744,1,1,unassigned,12.0,12.0,0.0,1.0,0.0,0.0,0.01934236,0.0,0,0,0,1,1
29598,0,0,2.0525086,0.88620085,1,1,unassigned,6.0,6.0,0.0,1.0,0.0,0.0,0.007736944,0.0,0,0,0,1,0
29599,-1,1,-0.3033489,0.42473903,0,1,unassigned,38.0,34.0,4.0,0.8947368,0.10526316,0.10526317,0.06963249,0.0073297364,1,0,0,0,0
29600,-1,1,-0.1632919,0.4592675,0,1,unassigned,5.0,5.0,0.0,1.0,0.0,0.0,0.0058027077,0.0,1,0,0,0,0
29601,0,0,2.4853232,0.92310643,1,1,test,3.0,3.0,0.0,1.0,0.0,0.0,0.001934236,0.0,0,0,0,1,1
29602,-1,0,-0.9052744,0.28796783,0,1,unassigned,6.0,6.0,0.0,1.0,0.0,0.0,0.007736944,0.0,0,0,0,0,0
29603,-1,1,0.5294841,0.6293628,1,1,unassigned,23.0,20.0,3.0,0.8695652,0.13043478,0.13043481,0.040618956,0.0052981246,1,0,0,1,0
29604,-1,0,1.0407331,0.73899144,1,1,unassigned,2.0,2.0,0.0,1.0,0.0,0.0,0.0,0.0,0,0,0,1,0
29605,-1,0,1.4971771,0.81715304,1,1,unassigned,5.0,4.0,1.0,0.8,0.2,0.19999999,0.0058027077,0.0011605415,0,0,0,1,0
29606,-1,0,0.06417751,0.51603884,1,1,unassigned,3.0,3.0,0.0,1.0,0.0,0.0,0.001934236,0.0,0,0,0,1,0
29607,-1,0,-0.037114203,0.4907225,0,1,unassigned,6.0,4.0,2.0,0.6666667,0.33333334,0.3333333,0.007736944,0.0025789815,0,0,0,0,0
29608,1,1,1.1790569,0.7647782,1,0,test,6.0,5.0,1.0,0.8333333,0.16666667,0.16666669,0.007736944,0.0012894907,1,0,1,1,0
29609,-1,0,3.4072702,0.96793103,1,1,unassigned,3.0,2.0,1.0,0.6666667,0.33333334,0.3333333,0.001934236,0.00064474536,0,0,0,1,1
29610,-1,0,-0.45108414,0.38910303,0,1,unassigned,24.0,24.0,0.0,1.0,0.0,0.0,0.04255319,0.0,0,0,0,0,0
29611,1,0,6.0229583,0.9975834,1,0,val,10.0,10.0,0.0,1.0,0.0,0.0,0.015473888,0.0,0,0,1,1,1
29612,-1,1,1.41854,0.8051094,1,1,unassigned,14.0,14.0,0.0,1.0,0.0,0.0,0.023210831,0.0,1,0,0,1,0
29613,-1,0,2.9500344,0.9502651,1,1,unassigned,5.0,3.0,2.0,0.6,0.4,0.39999998,0.0058027077,0.002321083,0,0,0,1,1
29614,-1,1,-0.16486204,0.45887762,0,1,unassigned,4.0,4.0,0.0,1.0,0.0,0.0,0.003868472,0.0,1,0,0,0,0
29615,-1,0,-0.82113194,0.30552343,0,1,unassigned,48.0,47.0,1.0,0.9791667,0.020833334,0.020833313,0.088974856,0.0018536429,0,0,0,0,0
29616,-1,1,3.7586663,0.97721636,1,1,unassigned,5.0,4.0,1.0,0.8,0.2,0.19999999,0.0058027077,0.0011605415,1,0,0,1,1
29617,-1,0,0.21377653,0.5532415,1,1,unassigned,2.0,2.0,0.0,1.0,0.0,0.0,0.0,0.0,0,0,0,1,0
29618,-1,0,-0.9768053,0.27352613,0,1,unassigned,11.0,11.0,0.0,1.0,0.0,0.0,0.017408123,0.0,0,0,0,0,0
29619,-1,0,4.7818246,0.991689,1,1,unassigned,2.0,2.0,0.0,1.0,0.0,0.0,0.0,0.0,0,0,0,1,1
29620,-1,0,5.627533,0.9964154,1,1,unassigned,4.0,4.0,0.0,1.0,0.0,0.0,0.003868472,0.0,0,0,0,1,1
29621,-1,1,-0.77801025,0.31474888,0,1,unassigned,52.0,52.0,0.0,1.0,0.0,0.0,0.0967118,0.0,1,0,0,0,0
29622,-1,0,2.1226888,0.8930889,1,1,unassigned,14.0,11.0,3.0,0.78571427,0.21428572,0.21428573,0.023210831,0.0049737496,0,0,0,1,0
29623,0,1,-0.74000835,0.3230023,0,0,val,44.0,44.0,0.0,1.0,0.0,0.0,0.08123791,0.0,1,0,1,0,0
29624,-1,0,5.808664,0.99700755,1,1,unassigned,7.0,7.0,0.0,1.0,0.0,0.0,0.00967118,0.0,0,0,0,1,1
29625,-1,0,-0.16738671,0.45825073,0,1,unassigned,21.0,21.0,0.0,1.0,0.0,0.0,0.036750484,0.0,0,0,0,0,0
29626,-1,1,1.1978507,0.7681422,1,1,unassigned,3.0,3.0,0.0,1.0,0.0,0.0,0.001934236,0.0,1,0,0,1,0
29627,-1,0,0.7251784,0.67374635,1,1,unassigned,4.0,4.0,0.0,1.0,0.0,0.0,0.003868472,0.0,0,0,0,1,0
29628,-1,0,0.18300945,0.5456251,1,1,unassigned,20.0,20.0,0.0,1.0,0.0,0.0,0.034816246,0.0,0,0,0,1,0
29629,-1,1,10.289827,0.999966,1,1,unassigned,4.0,4.0,0.0,1.0,0.0,0.0,0.003868472,0.0,1,0,0,1,1
29630,-1,0,-0.2528023,0.43713388,0,1,unassigned,4.0,4.0,0.0,1.0,0.0,0.0,0.003868472,0.0,0,0,0,0,0
29631,-1,0,3.465728,0.96969676,1,1,unassigned,25.0,25.0,0.0,1.0,0.0,0.0,0.044487428,0.0,0,0,0,1,1
29632,-1,1,1.8765068,0.8672094,1,1,unassigned,3.0,2.0,1.0,0.6666667,0.33333334,0.3333333,0.001934236,0.00064474536,1,0,0,1,0
29633,-1,1,-0.28935528,0.42816174,0,1,unassigned,4.0,3.0,1.0,0.75,0.25,0.25,0.003868472,0.000967118,1,0,0,0,0
29634,-1,1,1.2150779,0.7711962,1,1,unassigned,2.0,1.0,1.0,0.5,0.5,0.5,0.0,0.0,1,0,0,1,0
29635,-1,0,2.5222654,0.925688,1,1,unassigned,7.0,6.0,1.0,0.85714287,0.14285715,0.14285713,0.00967118,0.0013815971,0,0,0,1,1
29636,-1,1,2.2639987,0.9058512,1,1,unassigned,28.0,25.0,3.0,0.89285713,0.10714286,0.107142866,0.050290134,0.0053882287,1,0,0,1,1
29637,-1,1,5.40066,0.99550664,1,1,unassigned,22.0,18.0,4.0,0.8181818,0.18181819,0.18181819,0.03868472,0.0070335856,1,0,0,1,1
29638,-1,1,1.7589629,0.85307974,1,1,unassigned,30.0,29.0,1.0,0.96666664,0.033333335,0.03333336,0.054158606,0.001805287,1,0,0,1,0
29639,-1,1,0.01119715,0.5027992,1,1,unassigned,77.0,75.0,2.0,0.97402596,0.025974026,0.025974035,0.14506769,0.003767992,1,0,0,1,0
29640,-1,1,1.1881225,0.7664051,1,1,unassigned,33.0,33.0,0.0,1.0,0.0,0.0,0.059961315,0.0,1,0,0,1,0
29641,-1,1,1.3686717,0.79716545,1,1,unassigned,135.0,120.0,15.0,0.8888889,0.11111111,0.111111104,0.25725338,0.02858371,1,0,0,1,0
29642,1,1,3.5516489,0.97212213,1,0,unassigned,58.0,54.0,4.0,0.9310345,0.06896552,0.068965495,0.10831721,0.0074701523,1,0,1,1,1
29643,-1,1,3.9803784,0.98166394,1,1,unassigned,29.0,27.0,2.0,0.9310345,0.06896552,0.068965495,0.05222437,0.0036016807,1,0,0,1,1
29644,-1,1,4.376973,0.9875925,1,1,unassigned,23.0,22.0,1.0,0.95652175,0.04347826,0.04347825,0.040618956,0.0017660416,1,0,0,1,1
29645,-1,1,-0.13808998,0.46553224,0,1,unassigned,15.0,12.0,3.0,0.8,0.2,0.19999999,0.025145067,0.0050290134,1,0,0,0,0
29646,-1,1,-0.15971595,0.4601557,0,1,unassigned,2.0,2.0,0.0,1.0,0.0,0.0,0.0,0.0,1,0,0,0,0
29647,-1,1,-0.1805551,0.45498344,0,1,unassigned,5.0,5.0,0.0,1.0,0.0,0.0,0.0058027077,0.0,1,0,0,0,0
29648,-1,1,-0.16486204,0.45887762,0,1,unassigned,4.0,4.0,0.0,1.0,0.0,0.0,0.003868472,0.0,1,0,0,0,0
29649,-1,1,0.7718745,0.6839262,1,1,unassigned,7.0,7.0,0.0,1.0,0.0,0.0,0.00967118,0.0,1,0,0,1,0
29650,-1,1,-0.42022657,0.39646253,0,1,unassigned,19.0,19.0,0.0,1.0,0.0,0.0,0.032882012,0.0,1,0,0,0,0
29651,-1,1,0.12970561,0.532381,1,1,unassigned,8.0,8.0,0.0,1.0,0.0,0.0,0.0116054155,0.0,1,0,0,1,0
29652,-1,1,-0.6326232,0.346916,0,1,unassigned,88.0,86.0,2.0,0.97727275,0.022727273,0.022727251,0.1663443,0.0037805524,1,0,0,0,0
29653,-1,1,4.2331657,0.9857011,1,1,unassigned,5.0,3.0,2.0,0.6,0.4,0.39999998,0.0058027077,0.002321083,1,0,0,1,1
29654,-1,0,-0.20455176,0.44903964,0,1,unassigned,8.0,3.0,5.0,0.375,0.625,0.625,0.0116054155,0.0072533847,0,0,0,0,0
29655,-1,0,-1.0535642,0.2585413,0,1,unassigned,2.0,2.0,0.0,1.0,0.0,0.0,0.0,0.0,0,0,0,0,0
29656,-1,0,1.4594033,0.81144136,1,1,unassigned,17.0,3.0,14.0,0.1764706,0.8235294,0.8235294,0.029013539,0.023893503,0,0,0,1,0
29657,1,0,3.362283,0.96650475,1,0,test,5.0,5.0,0.0,1.0,0.0,0.0,0.0058027077,0.0,0,0,1,1,1
29658,-1,1,-0.4047749,0.40016568,0,1,unassigned,25.0,23.0,2.0,0.92,0.08,0.07999998,0.044487428,0.003558994,1,0,0,0,0
29659,-1,1,2.4647045,0.9216301,1,1,unassigned,16.0,7.0,9.0,0.4375,0.5625,0.5625,0.027079303,0.015232108,1,0,0,1,1
29660,-1,0,-0.3377331,0.41636023,0,1,unassigned,24.0,24.0,0.0,1.0,0.0,0.0,0.04255319,0.0,0,0,0,0,0
29661,-1,0,1.5794108,0.82912105,1,1,unassigned,3.0,3.0,0.0,1.0,0.0,0.0,0.001934236,0.0,0,0,0,1,0
29662,-1,1,-0.693941,0.33315697,0,1,unassigned,20.0,20.0,0.0,1.0,0.0,0.0,0.034816246,0.0,1,0,0,0,0
29663,-1,1,0.5495741,0.6340368,1,1,unassigned,4.0,4.0,0.0,1.0,0.0,0.0,0.003868472,0.0,1,0,0,1,0
29664,-1,0,0.4614144,0.6133497,1,1,unassigned,6.0,5.0,1.0,0.8333333,0.16666667,0.16666669,0.007736944,0.0012894907,0,0,0,1,0
29665,-1,0,-0.19692075,0.45092827,0,1,unassigned,7.0,6.0,1.0,0.85714287,0.14285715,0.14285713,0.00967118,0.0013815971,0,0,0,0,0
29666,-1,0,10.054347,0.99995697,1,1,unassigned,10.0,9.0,1.0,0.9,0.1,0.100000024,0.015473888,0.0015473888,0,0,0,1,1
29667,-1,0,9.916931,0.99995065,1,1,unassigned,2.0,2.0,0.0,1.0,0.0,0.0,0.0,0.0,0,0,0,1,1
29668,0,1,-0.8793404,0.2933145,0,0,unassigned,105.0,95.0,10.0,0.9047619,0.0952381,0.09523809,0.1992263,0.018973934,1,0,1,0,0
29669,0,1,-0.16279203,0.4593916,0,0,test,11.0,11.0,0.0,1.0,0.0,0.0,0.017408123,0.0,1,0,1,0,0
29670,0,0,0.93127817,0.7173345,1,1,val,5.0,4.0,1.0,0.8,0.2,0.19999999,0.0058027077,0.0011605415,0,0,0,1,0
29671,-1,1,2.0096672,0.8818083,1,1,unassigned,2.0,2.0,0.0,1.0,0.0,0.0,0.0,0.0,1,0,0,1,0
29672,-1,0,2.3998818,0.9168183,1,1,unassigned,4.0,4.0,0.0,1.0,0.0,0.0,0.003868472,0.0,0,0,0,1,1
29673,-1,1,-0.6087445,0.35234565,0,1,unassigned,37.0,35.0,2.0,0.9459459,0.054054055,0.05405408,0.06769826,0.0036593657,1,0,0,0,0
29674,-1,1,-0.734065,0.32430333,0,1,unassigned,143.0,138.0,5.0,0.96503496,0.034965035,0.03496504,0.27272728,0.009535919,1,0,0,0,0
29675,-1,1,0.8953063,0.709984,1,1,unassigned,60.0,51.0,9.0,0.85,0.15,0.14999998,0.11218569,0.016827853,1,0,0,1,0
29676,-1,1,1.0752974,0.745603,1,1,unassigned,29.0,29.0,0.0,1.0,0.0,0.0,0.05222437,0.0,1,0,0,1,0
29677,-1,1,-0.72637755,0.32599017,0,1,unassigned,158.0,156.0,2.0,0.98734176,0.012658228,0.012658238,0.30174083,0.0038195043,1,0,0,0,0
29678,-1,1,-0.12916899,0.4677526,0,1,unassigned,7.0,7.0,0.0,1.0,0.0,0.0,0.00967118,0.0,1,0,0,0,0
29679,-1,0,-0.3175167,0.4212811,0,1,unassigned,18.0,18.0,0.0,1.0,0.0,0.0,0.030947777,0.0,0,0,0,0,0
29680,-1,0,3.7809918,0.97770816,1,1,unassigned,7.0,6.0,1.0,0.85714287,0.14285715,0.14285713,0.00967118,0.0013815971,0,0,0,1,1
29681,-1,1,2.88388,0.9470438,1,1,unassigned,25.0,24.0,1.0,0.96,0.04,0.04000002,0.044487428,0.001779497,1,0,0,1,1
29682,-1,0,4.9876018,0.99322426,1,1,unassigned,5.0,5.0,0.0,1.0,0.0,0.0,0.0058027077,0.0,0,0,0,1,1
29683,1,1,1.1746683,0.7639878,1,0,test,25.0,25.0,0.0,1.0,0.0,0.0,0.044487428,0.0,1,0,1,1,0
29684,1,1,-0.78681743,0.31285244,0,1,test,54.0,53.0,1.0,0.9814815,0.018518519,0.018518507,0.10058027,0.0018625975,1,0,0,0,0
29685,1,1,-0.7909749,0.31195936,0,1,unassigned,129.0,128.0,1.0,0.99224806,0.007751938,0.0077519417,0.24564797,0.0019042478,1,0,0,0,0
29686,-1,0,1.0241325,0.7357768,1,1,unassigned,3.0,3.0,0.0,1.0,0.0,0.0,0.001934236,0.0,0,0,0,1,0
29687,1,1,1.1670296,0.76260763,1,0,unassigned,4.0,4.0,0.0,1.0,0.0,0.0,0.003868472,0.0,1,0,1,1,0
29688,-1,1,2.158118,0.8964249,1,1,unassigned,12.0,12.0,0.0,1.0,0.0,0.0,0.01934236,0.0,1,0,0,1,0
29689,-1,1,4.2249937,0.9855854,1,1,unassigned,21.0,21.0,0.0,1.0,0.0,0.0,0.036750484,0.0,1,0,0,1,1
29690,-1,1,2.914915,0.94857883,1,1,unassigned,2.0,2.0,0.0,1.0,0.0,0.0,0.0,0.0,1,0,0,1,1
29691,-1,0,5.652673,0.9965042,1,1,unassigned,7.0,7.0,0.0,1.0,0.0,0.0,0.00967118,0.0,0,0,0,1,1
29692,0,1,-0.35126287,0.41307622,0,0,unassigned,8.0,8.0,0.0,1.0,0.0,0.0,0.0116054155,0.0,1,0,1,0,0
29693,-1,1,-0.082592905,0.4793635,0,1,unassigned,6.0,5.0,1.0,0.8333333,0.16666667,0.16666669,0.007736944,0.0012894907,1,0,0,0,0
29694,-1,1,5.145374,0.9942074,1,1,unassigned,40.0,33.0,7.0,0.825,0.175,0.17500001,0.07350097,0.012862669,1,0,0,1,1
29695,-1,0,-0.66821605,0.33889642,0,1,unassigned,61.0,60.0,1.0,0.9836066,0.016393442,0.016393423,0.114119925,0.0018708183,0,0,0,0,0
29696,1,0,-0.29107615,0.42774045,0,1,test,25.0,25.0,0.0,1.0,0.0,0.0,0.044487428,0.0,0,0,0,0,0
29697,-1,0,-0.14983165,0.462612,0,1,unassigned,3.0,3.0,0.0,1.0,0.0,0.0,0.001934236,0.0,0,0,0,0,0
29698,-1,1,0.9141031,0.71383905,1,1,unassigned,38.0,37.0,1.0,0.9736842,0.02631579,0.026315808,0.06963249,0.0018324341,1,0,0,1,0
29699,1,1,7.5552278,0.99947697,1,0,test,14.0,13.0,1.0,0.9285714,0.071428575,0.0714286,0.023210831,0.0016579166,1,0,1,1,1
29700,-1,1,1.2435637,0.77618366,1,1,unassigned,33.0,33.0,0.0,1.0,0.0,0.0,0.059961315,0.0,1,0,0,1,0
29701,-1,1,-0.7739805,0.31561866,0,1,unassigned,38.0,37.0,1.0,0.9736842,0.02631579,0.026315808,0.06963249,0.0018324341,1,0,0,0,0
29702,-1,0,3.19803,0.9607601,1,1,unassigned,6.0,5.0,1.0,0.8333333,0.16666667,0.16666669,0.007736944,0.0012894907,0,0,0,1,1
29703,-1,1,-0.6988877,0.33205888,0,1,unassigned,49.0,47.0,2.0,0.9591837,0.040816326,0.040816307,0.09090909,0.0037105752,1,0,0,0,0
29704,-1,0,3.7248151,0.9764504,1,1,unassigned,2.0,2.0,0.0,1.0,0.0,0.0,0.0,0.0,0,0,0,1,1
29705,-1,0,4.572672,0.9897753,1,1,unassigned,4.0,4.0,0.0,1.0,0.0,0.0,0.003868472,0.0,0,0,0,1,1
29706,-1,1,0.30315644,0.57521397,1,1,unassigned,28.0,23.0,5.0,0.8214286,0.17857143,0.1785714,0.050290134,0.008980381,1,0,0,1,0
29707,-1,1,-0.13269287,0.4668754,0,1,unassigned,5.0,5.0,0.0,1.0,0.0,0.0,0.0058027077,0.0,1,0,0,0,0
29708,0,0,-0.9002332,0.28900257,0,0,train,22.0,20.0,2.0,0.90909094,0.09090909,0.090909064,0.03868472,0.0035167928,0,0,1,0,0
29709,-1,0,0.79902345,0.6897656,1,1,unassigned,13.0,13.0,0.0,1.0,0.0,0.0,0.021276595,0.0,0,0,0,1,0
29710,0,0,-0.072431475,0.48190007,0,0,test,32.0,32.0,0.0,1.0,0.0,0.0,0.058027077,0.0,0,0,1,0,0
29711,-1,1,3.485451,0.970271,1,1,unassigned,15.0,15.0,0.0,1.0,0.0,0.0,0.025145067,0.0,1,0,0,1,1
29712,-1,0,4.7725635,0.9916123,1,1,unassigned,12.0,12.0,0.0,1.0,0.0,0.0,0.01934236,0.0,0,0,0,1,1
29713,1,0,-0.2752144,0.43162742,0,1,unassigned,44.0,42.0,2.0,0.95454544,0.045454547,0.04545456,0.08123791,0.0036926325,0,0,0,0,0
29714,0,0,-0.17698225,0.45586956,0,0,test,15.0,15.0,0.0,1.0,0.0,0.0,0.025145067,0.0,0,0,1,0,0
29715,-1,0,0.42255288,0.60409397,1,1,unassigned,23.0,23.0,0.0,1.0,0.0,0.0,0.040618956,0.0,0,0,0,1,0
29716,-1,0,-0.75574994,0.3195697,0,1,unassigned,24.0,24.0,0.0,1.0,0.0,0.0,0.04255319,0.0,0,0,0,0,0
29717,-1,0,-0.8121036,0.3074424,0,1,unassigned,5.0,5.0,0.0,1.0,0.0,0.0,0.0058027077,0.0,0,0,0,0,0
29718,-1,0,2.1602638,0.896624,1,1,unassigned,17.0,17.0,0.0,1.0,0.0,0.0,0.029013539,0.0,0,0,0,1,0
29719,-1,0,-0.10753268,0.47314268,0,1,unassigned,14.0,13.0,1.0,0.9285714,0.071428575,0.0714286,0.023210831,0.0016579166,0,0,0,0,0
29720,-1,0,6.048,0.99764293,1,1,unassigned,3.0,3.0,0.0,1.0,0.0,0.0,0.001934236,0.0,0,0,0,1,1
29721,-1,1,3.6329014,0.97424173,1,1,unassigned,9.0,8.0,1.0,0.8888889,0.11111111,0.111111104,0.013539651,0.0015044058,1,0,0,1,1
29722,-1,1,-0.69675606,0.33253184,0,1,unassigned,30.0,30.0,0.0,1.0,0.0,0.0,0.054158606,0.0,1,0,0,0,0
29723,-1,1,3.4249098,0.968474,1,1,unassigned,15.0,15.0,0.0,1.0,0.0,0.0,0.025145067,0.0,1,0,0,1,1
29724,-1,1,0.5577192,0.63592464,1,1,unassigned,5.0,5.0,0.0,1.0,0.0,0.0,0.0058027077,0.0,1,0,0,1,0
29725,-1,1,-0.6220723,0.34931028,0,1,unassigned,140.0,140.0,0.0,1.0,0.0,0.0,0.26692456,0.0,1,0,0,0,0
29726,1,1,-0.43299946,0.39341033,0,1,val,135.0,123.0,12.0,0.9111111,0.08888889,0.08888888,0.25725338,0.022866968,1,0,0,0,0
29727,-1,1,-0.26761204,0.43349344,0,1,unassigned,128.0,126.0,2.0,0.984375,0.015625,0.015625,0.24371374,0.0038080271,1,0,0,0,0
29728,0,0,-0.8716177,0.29491782,0,0,val,11.0,11.0,0.0,1.0,0.0,0.0,0.017408123,0.0,0,0,1,0,0
29729,1,1,0.4718247,0.6158155,1,0,test,55.0,53.0,2.0,0.96363634,0.036363635,0.03636366,0.102514505,0.0037278,1,0,1,1,0
29730,-1,0,0.8660019,0.7039131,1,1,unassigned,33.0,5.0,28.0,0.15151516,0.8484849,0.8484849,0.059961315,0.050876267,0,0,0,1,0
29731,-1,0,1.8383362,0.8627518,1,1,unassigned,18.0,18.0,0.0,1.0,0.0,0.0,0.030947777,0.0,0,0,0,1,0
29732,-1,0,2.559614,0.9282167,1,1,unassigned,4.0,4.0,0.0,1.0,0.0,0.0,0.003868472,0.0,0,0,0,1,1
29733,-1,1,3.4782813,0.97006345,1,1,unassigned,2.0,1.0,1.0,0.5,0.5,0.5,0.0,0.0,1,0,0,1,1
29734,-1,0,-0.48579615,0.38088438,0,1,unassigned,26.0,25.0,1.0,0.96153843,0.03846154,0.038461566,0.046421662,0.0017854486,0,0,0,0,0
29735,-1,0,-0.22275293,0.44454092,0,1,unassigned,5.0,2.0,3.0,0.4,0.6,0.6,0.0058027077,0.0034816249,0,0,0,0,0
29736,1,1,0.82482344,0.6952593,1,0,unassigned,21.0,21.0,0.0,1.0,0.0,0.0,0.036750484,0.0,1,0,1,1,0
29737,-1,0,-0.0072833896,0.49817917,0,1,unassigned,3.0,3.0,0.0,1.0,0.0,0.0,0.001934236,0.0,0,0,0,0,0
29738,-1,1,-0.09769517,0.47559562,0,1,unassigned,2.0,2.0,0.0,1.0,0.0,0.0,0.0,0.0,1,0,0,0,0
29739,-1,0,0.91025954,0.7130532,1,1,unassigned,2.0,2.0,0.0,1.0,0.0,0.0,0.0,0.0,0,0,0,1,0
29740,-1,0,-0.30035704,0.4254702,0,1,unassigned,2.0,2.0,0.0,1.0,0.0,0.0,0.0,0.0,0,0,0,0,0
29741,1,1,1.039686,0.73878944,1,0,val,6.0,5.0,1.0,0.8333333,0.16666667,0.16666669,0.007736944,0.0012894907,1,0,1,1,0
29742,-1,1,0.82599884,0.6955082,1,1,unassigned,5.0,4.0,1.0,0.8,0.2,0.19999999,0.0058027077,0.0011605415,1,0,0,1,0
29743,-1,1,1.819669,0.86052644,1,1,unassigned,14.0,14.0,0.0,1.0,0.0,0.0,0.023210831,0.0,1,0,0,1,0
29744,-1,1,9.112228,0.99988973,1,1,unassigned,6.0,6.0,0.0,1.0,0.0,0.0,0.007736944,0.0,1,0,0,1,1
29745,-1,1,-0.18197155,0.45463222,0,1,unassigned,28.0,27.0,1.0,0.96428573,0.035714287,0.03571427,0.050290134,0.0017960763,1,0,0,0,0
29746,-1,0,0.33368552,0.58265585,1,1,unassigned,3.0,1.0,2.0,0.33333334,0.6666667,0.6666666,0.001934236,0.0012894907,0,0,0,1,0
29747,-1,0,-1.644561,0.16184539,0,1,unassigned,2.0,2.0,0.0,1.0,0.0,0.0,0.0,0.0,0,0,0,0,0
29748,-1,0,-0.70936084,0.3297401,0,1,unassigned,18.0,17.0,1.0,0.9444444,0.055555556,0.055555582,0.030947777,0.0017193209,0,0,0,0,0
29749,-1,1,0.76639515,0.68274057,1,1,unassigned,38.0,37.0,1.0,0.9736842,0.02631579,0.026315808,0.06963249,0.0018324341,1,0,0,1,0
29750,-1,1,-0.6848332,0.3351834,0,1,unassigned,63.0,60.0,3.0,0.95238096,0.04761905,0.047619045,0.11798839,0.005618495,1,0,0,0,0
29751,-1,1,-0.83272165,0.3030699,0,1,unassigned,66.0,65.0,1.0,0.9848485,0.015151516,0.015151501,0.123791106,0.0018756229,1,0,0,0,0
29752,1,1,0.43539423,0.607161,1,0,val,35.0,33.0,2.0,0.94285715,0.057142857,0.057142854,0.06382979,0.0036474164,1,0,1,1,0
29753,-1,0,0.5205261,0.62727076,1,1,unassigned,18.0,18.0,0.0,1.0,0.0,0.0,0.030947777,0.0,0,0,0,1,0
29754,-1,1,-0.93034124,0.28285548,0,1,unassigned,63.0,60.0,3.0,0.95238096,0.04761905,0.047619045,0.11798839,0.005618495,1,0,0,0,0
29755,0,0,-0.7063596,0.33040375,0,0,unassigned,2.0,2.0,0.0,1.0,0.0,0.0,0.0,0.0,0,0,1,0,0
29756,-1,0,1.9065878,0.87063533,1,1,unassigned,3.0,3.0,0.0,1.0,0.0,0.0,0.001934236,0.0,0,0,0,1,0
29757,-1,0,-0.5544632,0.36482954,0,1,unassigned,24.0,24.0,0.0,1.0,0.0,0.0,0.04255319,0.0,0,0,0,0,0
29758,-1,0,5.300141,0.99503386,1,1,unassigned,2.0,2.0,0.0,1.0,0.0,0.0,0.0,0.0,0,0,0,1,1
29759,-1,1,3.9486454,0.9810839,1,1,unassigned,18.0,18.0,0.0,1.0,0.0,0.0,0.030947777,0.0,1,0,0,1,1
29760,-1,0,4.316259,0.9868261,1,1,unassigned,2.0,2.0,0.0,1.0,0.0,0.0,0.0,0.0,0,0,0,1,1
29761,-1,0,3.579263,0.9728608,1,1,unassigned,3.0,3.0,0.0,1.0,0.0,0.0,0.001934236,0.0,0,0,0,1,1
29762,-1,1,0.015304565,0.503826,1,1,unassigned,17.0,16.0,1.0,0.9411765,0.05882353,0.058823526,0.029013539,0.0017066788,1,0,0,1,0
29763,-1,1,2.3528726,0.91316223,1,1,unassigned,5.0,5.0,0.0,1.0,0.0,0.0,0.0058027077,0.0,1,0,0,1,1
29764,1,0,0.51628023,0.6262775,1,0,unassigned,3.0,3.0,0.0,1.0,0.0,0.0,0.001934236,0.0,0,0,1,1,0
29765,-1,0,1.9236243,0.8725421,1,1,unassigned,4.0,4.0,0.0,1.0,0.0,0.0,0.003868472,0.0,0,0,0,1,0
29766,1,1,1.0729909,0.7451653,1,0,val,8.0,8.0,0.0,1.0,0.0,0.0,0.0116054155,0.0,1,0,1,1,0
29767,-1,0,6.4406796,0.9984072,1,1,unassigned,10.0,10.0,0.0,1.0,0.0,0.0,0.015473888,0.0,0,0,0,1,1
29768,-1,1,0.5268269,0.62874275,1,1,unassigned,9.0,5.0,4.0,0.5555556,0.44444445,0.44444442,0.013539651,0.006017623,1,0,0,1,0
29769,0,1,0.2548582,0.56337196,1,1,val,15.0,14.0,1.0,0.93333334,0.06666667,0.06666666,0.025145067,0.0016763379,1,0,0,1,0
29770,-1,0,2.5450366,0.9272393,1,1,unassigned,2.0,1.0,1.0,0.5,0.5,0.5,0.0,0.0,0,0,0,1,1
29771,-1,1,-0.3944844,0.40263826,0,1,unassigned,21.0,20.0,1.0,0.95238096,0.04761905,0.047619045,0.036750484,0.0017500231,1,0,0,0,0
29772,-1,1,3.840831,0.9789757,1,1,unassigned,9.0,9.0,0.0,1.0,0.0,0.0,0.013539651,0.0,1,0,0,1,1
29773,-1,1,-0.9032695,0.28837907,0,1,unassigned,52.0,51.0,1.0,0.9807692,0.01923077,0.019230783,0.0967118,0.0018598423,1,0,0,0,0
29774,-1,0,-0.15197587,0.462079,0,1,unassigned,25.0,25.0,0.0,1.0,0.0,0.0,0.044487428,0.0,0,0,0,0,0
29775,-1,0,1.2815886,0.78272,1,1,unassigned,3.0,3.0,0.0,1.0,0.0,0.0,0.001934236,0.0,0,0,0,1,0
29776,-1,0,-0.79083323,0.31198978,0,1,unassigned,20.0,20.0,0.0,1.0,0.0,0.0,0.034816246,0.0,0,0,0,0,0
29777,-1,0,-0.3913066,0.4034028,0,1,unassigned,29.0,29.0,0.0,1.0,0.0,0.0,0.05222437,0.0,0,0,0,0,0
29778,-1,0,-0.4552292,0.38811818,0,1,unassigned,41.0,41.0,0.0,1.0,0.0,0.0,0.07543521,0.0,0,0,0,0,0
29779,-1,0,0.8052669,0.6911,1,1,unassigned,18.0,18.0,0.0,1.0,0.0,0.0,0.030947777,0.0,0,0,0,1,0
29780,-1,0,-0.3629722,0.4102403,0,1,unassigned,42.0,42.0,0.0,1.0,0.0,0.0,0.07736944,0.0,0,0,0,0,0
29781,-1,0,-0.25646108,0.43623388,0,1,unassigned,14.0,14.0,0.0,1.0,0.0,0.0,0.023210831,0.0,0,0,0,0,0
29782,-1,0,-0.7115966,0.32924616,0,1,unassigned,3.0,3.0,0.0,1.0,0.0,0.0,0.001934236,0.0,0,0,0,0,0
29783,-1,1,-0.47921932,0.38243648,0,1,unassigned,7.0,7.0,0.0,1.0,0.0,0.0,0.00967118,0.0,1,0,0,0,0
29784,0,0,-0.15566653,0.46116176,0,0,test,27.0,27.0,0.0,1.0,0.0,0.0,0.0483559,0.0,0,0,1,0,0
29785,-1,0,-0.93188465,0.28254253,0,1,unassigned,7.0,7.0,0.0,1.0,0.0,0.0,0.00967118,0.0,0,0,0,0,0
29786,-1,1,-0.6708339,0.33831012,0,1,unassigned,36.0,34.0,2.0,0.9444444,0.055555556,0.055555582,0.065764025,0.003653557,1,0,0,0,0
29787,-1,0,2.0424252,0.88517994,1,1,unassigned,15.0,12.0,3.0,0.8,0.2,0.19999999,0.025145067,0.0050290134,0,0,0,1,0
29788,-1,0,5.7489147,0.9968239,1,1,unassigned,3.0,3.0,0.0,1.0,0.0,0.0,0.001934236,0.0,0,0,0,1,1
29789,-1,0,16.866014,1.0,1,1,unassigned,6.0,5.0,1.0,0.8333333,0.16666667,0.16666669,0.007736944,0.0012894907,0,0,0,1,1
29790,-1,0,-0.7064584,0.3303819,0,1,unassigned,11.0,11.0,0.0,1.0,0.0,0.0,0.017408123,0.0,0,0,0,0,0
29791,-1,0,1.472044,0.81336784,1,1,unassigned,2.0,2.0,0.0,1.0,0.0,0.0,0.0,0.0,0,0,0,1,0
29792,-1,0,5.299823,0.9950323,1,1,unassigned,6.0,1.0,5.0,0.16666667,0.8333333,0.8333333,0.007736944,0.0064474535,0,0,0,1,1
29793,-1,1,5.5881076,0.99627185,1,1,unassigned,13.0,11.0,2.0,0.84615386,0.15384616,0.15384614,0.021276595,0.0032733225,1,0,0,1,1
29794,-1,1,7.339515,0.9993511,1,1,unassigned,3.0,3.0,0.0,1.0,0.0,0.0,0.001934236,0.0,1,0,0,1,1
29795,-1,1,1.3614237,0.79599094,1,1,unassigned,36.0,35.0,1.0,0.9722222,0.027777778,0.027777791,0.065764025,0.0018267785,1,0,0,1,0
29796,-1,1,-0.27871606,0.43076858,0,1,unassigned,178.0,172.0,6.0,0.96629214,0.033707865,0.033707857,0.34042552,0.011475017,1,0,0,0,0
29797,-1,1,-0.91037595,0.2869229,0,1,unassigned,30.0,29.0,1.0,0.96666664,0.033333335,0.03333336,0.054158606,0.001805287,1,0,0,0,0
29798,-1,1,-0.507529,0.37577295,0,1,unassigned,119.0,117.0,2.0,0.9831933,0.016806724,0.016806722,0.2263056,0.0038034557,1,0,0,0,0
29799,0,1,-0.90110505,0.2888235,0,0,test,115.0,113.0,2.0,0.9826087,0.017391304,0.017391324,0.21856867,0.003801194,1,0,1,0,0
29800,-1,1,-0.6922711,0.33352804,0,1,unassigned,72.0,66.0,6.0,0.9166667,0.083333336,0.08333331,0.13539653,0.011283044,1,0,0,0,0
29801,-1,1,-0.7801987,0.31427705,0,1,unassigned,54.0,53.0,1.0,0.9814815,0.018518519,0.018518507,0.10058027,0.0018625975,1,0,0,0,0
29802,-1,0,9.795186,0.9999443,1,1,unassigned,3.0,1.0,2.0,0.33333334,0.6666667,0.6666666,0.001934236,0.0012894907,0,0,0,1,1
29803,-1,1,2.490606,0.92348063,1,1,unassigned,6.0,6.0,0.0,1.0,0.0,0.0,0.007736944,0.0,1,0,0,1,1
29804,-1,0,1.5484009,0.8246827,1,1,unassigned,7.0,7.0,0.0,1.0,0.0,0.0,0.00967118,0.0,0,0,0,1,0
29805,1,1,1.3965135,0.8016301,1,0,unassigned,2.0,2.0,0.0,1.0,0.0,0.0,0.0,0.0,1,0,1,1,0
29806,-1,1,-0.3716928,0.40813205,0,1,unassigned,4.0,4.0,0.0,1.0,0.0,0.0,0.003868472,0.0,1,0,0,0,0
29807,-1,0,-0.958798,0.27711892,0,1,unassigned,26.0,26.0,0.0,1.0,0.0,0.0,0.046421662,0.0,0,0,0,0,0
29808,1,0,4.8134027,0.9919452,1,0,val,10.0,10.0,0.0,1.0,0.0,0.0,0.015473888,0.0,0,0,1,1,1
29809,-1,1,-0.0078315735,0.4980421,0,1,unassigned,4.0,4.0,0.0,1.0,0.0,0.0,0.003868472,0.0,1,0,0,0,0
29810,1,1,5.1999245,0.9945133,1,0,test,8.0,7.0,1.0,0.875,0.125,0.125,0.0116054155,0.0014506769,1,0,1,1,1
29811,-1,0,2.981915,0.9517504,1,1,unassigned,7.0,7.0,0.0,1.0,0.0,0.0,0.00967118,0.0,0,0,0,1,1
29812,-1,0,0.5558546,0.6354928,1,1,unassigned,49.0,48.0,1.0,0.97959185,0.020408163,0.020408154,0.09090909,0.0018552876,0,0,0,1,0
29813,-1,0,0.5132286,0.625563,1,1,unassigned,12.0,12.0,0.0,1.0,0.0,0.0,0.01934236,0.0,0,0,0,1,0
29814,-1,1,5.7732587,0.9969001,1,1,unassigned,76.0,70.0,6.0,0.92105263,0.078947365,0.078947365,0.14313346,0.01130001,1,0,0,1,1
29815,1,0,-0.89279395,0.29053357,0,1,unassigned,28.0,28.0,0.0,1.0,0.0,0.0,0.050290134,0.0,0,0,0,0,0
29816,-1,0,-0.23119748,0.44245672,0,1,unassigned,21.0,21.0,0.0,1.0,0.0,0.0,0.036750484,0.0,0,0,0,0,0
29817,-1,1,-0.5872403,0.3572683,0,1,unassigned,32.0,31.0,1.0,0.96875,0.03125,0.03125,0.058027077,0.0018133462,1,0,0,0,0
29818,-1,0,0.33272082,0.5824212,1,1,unassigned,5.0,5.0,0.0,1.0,0.0,0.0,0.0058027077,0.0,0,0,0,1,0
29819,-1,1,0.23201746,0.5577456,1,1,unassigned,12.0,11.0,1.0,0.9166667,0.083333336,0.08333331,0.01934236,0.0016118633,1,0,0,1,0
29820,-1,1,-0.55697465,0.36424774,0,1,unassigned,2.0,1.0,1.0,0.5,0.5,0.5,0.0,0.0,1,0,0,0,0
29821,-1,0,1.6378982,0.83724874,1,1,unassigned,6.0,4.0,2.0,0.6666667,0.33333334,0.3333333,0.007736944,0.0025789815,0,0,0,1,0
29822,-1,1,-0.3711431,0.40826485,0,1,unassigned,5.0,5.0,0.0,1.0,0.0,0.0,0.0058027077,0.0,1,0,0,0,0
29823,-1,0,-0.18741542,0.45328283,0,1,unassigned,8.0,8.0,0.0,1.0,0.0,0.0,0.0116054155,0.0,0,0,0,0,0
29824,-1,0,-0.12825596,0.4679799,0,1,unassigned,5.0,5.0,0.0,1.0,0.0,0.0,0.0058027077,0.0,0,0,0,0,0
29825,1,0,2.967517,0.9510849,1,0,unassigned,10.0,10.0,0.0,1.0,0.0,0.0,0.015473888,0.0,0,0,1,1,1
29826,-1,0,3.2936182,0.96420926,1,1,unassigned,3.0,3.0,0.0,1.0,0.0,0.0,0.001934236,0.0,0,0,0,1,1
29827,-1,0,1.706362,0.84636384,1,1,unassigned,15.0,14.0,1.0,0.93333334,0.06666667,0.06666666,0.025145067,0.0016763379,0,0,0,1,0
29828,-1,1,0.81141,0.6924099,1,1,unassigned,6.0,6.0,0.0,1.0,0.0,0.0,0.007736944,0.0,1,0,0,1,0
29829,1,1,0.2346766,0.55840135,1,0,test,4.0,4.0,0.0,1.0,0.0,0.0,0.003868472,0.0,1,0,1,1,0
29830,-1,1,0.5154063,0.626073,1,1,unassigned,45.0,44.0,1.0,0.9777778,0.022222223,0.02222222,0.08317215,0.0018482701,1,0,0,1,0
29831,-1,0,2.8885005,0.947275,1,1,unassigned,14.0,13.0,1.0,0.9285714,0.071428575,0.0714286,0.023210831,0.0016579166,0,0,0,1,1
29832,-1,1,-0.88866514,0.29138538,0,1,unassigned,36.0,36.0,0.0,1.0,0.0,0.0,0.065764025,0.0,1,0,0,0,0
29833,-1,1,0.17678481,0.5440815,1,1,unassigned,19.0,17.0,2.0,0.8947368,0.10526316,0.10526317,0.032882012,0.0034612645,1,0,0,1,0
29834,-1,1,-0.6614561,0.3404126,0,1,unassigned,54.0,53.0,1.0,0.9814815,0.018518519,0.018518507,0.10058027,0.0018625975,1,0,0,0,0
29835,-1,1,1.1388161,0.75746226,1,1,unassigned,117.0,115.0,2.0,0.982906,0.017094018,0.017094016,0.22243714,0.0038023444,1,0,0,1,0
29836,-1,0,0.70353824,0.6689718,1,1,unassigned,10.0,10.0,0.0,1.0,0.0,0.0,0.015473888,0.0,0,0,0,1,0
29837,-1,1,-0.8730335,0.29462346,0,1,unassigned,99.0,98.0,1.0,0.989899,0.01010101,0.01010102,0.1876209,0.0018951605,1,0,0,0,0
29838,-1,1,0.21932262,0.55461186,1,1,unassigned,75.0,73.0,2.0,0.97333336,0.026666667,0.026666641,0.14119923,0.003765313,1,0,0,1,0
29839,-1,1,0.10588497,0.5264466,1,1,unassigned,80.0,78.0,2.0,0.975,0.025,0.024999976,0.15087041,0.0037717603,1,0,0,1,0
29840,-1,1,-0.80126774,0.3097544,0,1,unassigned,55.0,55.0,0.0,1.0,0.0,0.0,0.102514505,0.0,1,0,0,0,0
29841,-1,0,1.5260751,0.82143134,1,1,unassigned,3.0,3.0,0.0,1.0,0.0,0.0,0.001934236,0.0,0,0,0,1,0
29842,-1,0,1.799484,0.8580861,1,1,unassigned,17.0,17.0,0.0,1.0,0.0,0.0,0.029013539,0.0,0,0,0,1,0
29843,-1,0,3.3609736,0.9664623,1,1,unassigned,2.0,2.0,0.0,1.0,0.0,0.0,0.0,0.0,0,0,0,1,1
29844,-1,0,0.91817147,0.7146694,1,1,unassigned,2.0,2.0,0.0,1.0,0.0,0.0,0.0,0.0,0,0,0,1,0
29845,-1,0,0.9986339,0.7307899,1,1,unassigned,5.0,5.0,0.0,1.0,0.0,0.0,0.0058027077,0.0,0,0,0,1,0
29846,-1,0,0.7794104,0.685553,1,1,unassigned,4.0,3.0,1.0,0.75,0.25,0.25,0.003868472,0.000967118,0,0,0,1,0
29847,-1,0,-0.22716933,0.4434506,0,1,unassigned,7.0,5.0,2.0,0.71428573,0.2857143,0.28571427,0.00967118,0.0027631943,0,0,0,0,0
29848,-1,0,-0.43189967,0.3936728,0,1,unassigned,2.0,2.0,0.0,1.0,0.0,0.0,0.0,0.0,0,0,0,0,0
29849,-1,0,-0.9515773,0.2785677,0,1,unassigned,9.0,7.0,2.0,0.7777778,0.22222222,0.22222221,0.013539651,0.0030088115,0,0,0,0,0
29850,-1,0,-0.6041193,0.35340184,0,1,unassigned,2.0,2.0,0.0,1.0,0.0,0.0,0.0,0.0,0,0,0,0,0
29851,-1,0,6.157394,0.9978867,1,1,unassigned,2.0,2.0,0.0,1.0,0.0,0.0,0.0,0.0,0,0,0,1,1
29852,-1,0,5.6229014,0.9963988,1,1,unassigned,4.0,4.0,0.0,1.0,0.0,0.0,0.003868472,0.0,0,0,0,1,1
29853,-1,1,-0.20539182,0.4488318,0,1,unassigned,3.0,3.0,0.0,1.0,0.0,0.0,0.001934236,0.0,1,0,0,0,0
29854,-1,0,-0.4355059,0.39281234,0,1,unassigned,9.0,9.0,0.0,1.0,0.0,0.0,0.013539651,0.0,0,0,0,0,0
29855,1,0,0.16235244,0.5404992,1,0,val,25.0,24.0,1.0,0.96,0.04,0.04000002,0.044487428,0.001779497,0,0,1,1,0
29856,-1,0,0.096064866,0.5239978,1,1,unassigned,24.0,24.0,0.0,1.0,0.0,0.0,0.04255319,0.0,0,0,0,1,0
29857,-1,0,4.5039682,0.9890561,1,1,unassigned,2.0,2.0,0.0,1.0,0.0,0.0,0.0,0.0,0,0,0,1,1
29858,-1,1,-0.1659263,0.4586133,0,1,unassigned,3.0,3.0,0.0,1.0,0.0,0.0,0.001934236,0.0,1,0,0,0,0
29859,-1,1,-0.11487147,0.47131366,0,1,unassigned,29.0,29.0,0.0,1.0,0.0,0.0,0.05222437,0.0,1,0,0,0,0
29860,-1,1,-0.62010694,0.34975713,0,1,unassigned,11.0,9.0,2.0,0.8181818,0.18181819,0.18181819,0.017408123,0.0031651135,1,0,0,0,0
29861,-1,0,1.3215301,0.78943616,1,1,unassigned,6.0,6.0,0.0,1.0,0.0,0.0,0.007736944,0.0,0,0,0,1,0
29862,-1,1,8.64143,0.9998234,1,1,unassigned,2.0,2.0,0.0,1.0,0.0,0.0,0.0,0.0,1,0,0,1,1
29863,-1,0,0.6713632,0.6618083,1,1,unassigned,2.0,2.0,0.0,1.0,0.0,0.0,0.0,0.0,0,0,0,1,0
29864,-1,0,4.5775437,0.9898245,1,1,unassigned,3.0,2.0,1.0,0.6666667,0.33333334,0.3333333,0.001934236,0.00064474536,0,0,0,1,1
29865,-1,1,3.1531966,0.95903456,1,1,unassigned,6.0,6.0,0.0,1.0,0.0,0.0,0.007736944,0.0,1,0,0,1,1
29866,1,1,-0.7700813,0.3164615,0,1,test,19.0,18.0,1.0,0.94736844,0.05263158,0.052631557,0.032882012,0.0017306323,1,0,0,0,0
29867,1,1,6.3306785,0.9982223,1,0,val,3.0,1.0,2.0,0.33333334,0.6666667,0.6666666,0.001934236,0.0012894907,1,0,1,1,1
29868,-1,0,-0.5469555,0.366571,0,1,unassigned,11.0,9.0,2.0,0.8181818,0.18181819,0.18181819,0.017408123,0.0031651135,0,0,0,0,0
29869,1,0,0.8841935,0.7076904,1,0,unassigned,12.0,12.0,0.0,1.0,0.0,0.0,0.01934236,0.0,0,0,1,1,0
29870,-1,0,0.1925245,0.547983,1,1,unassigned,25.0,25.0,0.0,1.0,0.0,0.0,0.044487428,0.0,0,0,0,1,0
29871,-1,0,-0.07959187,0.4801125,0,1,unassigned,11.0,11.0,0.0,1.0,0.0,0.0,0.017408123,0.0,0,0,0,0,0
29872,-1,1,2.4652011,0.921666,1,1,unassigned,12.0,10.0,2.0,0.8333333,0.16666667,0.16666669,0.01934236,0.0032237265,1,0,0,1,1
29873,-1,0,-0.70299494,0.33114854,0,1,unassigned,46.0,44.0,2.0,0.95652175,0.04347826,0.04347825,0.08510638,0.0037002775,0,0,0,0,0
29874,-1,1,-0.5027731,0.37688917,0,1,unassigned,13.0,11.0,2.0,0.84615386,0.15384616,0.15384614,0.021276595,0.0032733225,1,0,0,0,0
29875,-1,1,2.9491146,0.95022166,1,1,unassigned,19.0,13.0,6.0,0.68421054,0.31578946,0.31578946,0.032882012,0.010383793,1,0,0,1,1
29876,1,0,6.069161,0.9976922,1,0,unassigned,22.0,21.0,1.0,0.95454544,0.045454547,0.04545456,0.03868472,0.0017583964,0,0,1,1,1
29877,-1,0,0.48100358,0.61798483,1,1,unassigned,12.0,12.0,0.0,1.0,0.0,0.0,0.01934236,0.0,0,0,0,1,0
29878,-1,0,0.29694313,0.57369506,1,1,unassigned,9.0,9.0,0.0,1.0,0.0,0.0,0.013539651,0.0,0,0,0,1,0
29879,-1,0,3.1202807,0.9577216,1,1,unassigned,21.0,19.0,2.0,0.9047619,0.0952381,0.09523809,0.036750484,0.0035000462,0,0,0,1,1
29880,-1,0,2.258084,0.90534556,1,1,unassigned,32.0,30.0,2.0,0.9375,0.0625,0.0625,0.058027077,0.0036266923,0,0,0,1,1
29881,-1,0,1.7960889,0.8576722,1,1,unassigned,19.0,17.0,2.0,0.8947368,0.10526316,0.10526317,0.032882012,0.0034612645,0,0,0,1,0
29882,-1,0,0.8564592,0.70192033,1,1,unassigned,10.0,10.0,0.0,1.0,0.0,0.0,0.015473888,0.0,0,0,0,1,0
29883,-1,0,3.1889422,0.9604161,1,1,unassigned,12.0,11.0,1.0,0.9166667,0.083333336,0.08333331,0.01934236,0.0016118633,0,0,0,1,1
29884,-1,0,5.981997,0.9974826,1,1,unassigned,35.0,34.0,1.0,0.9714286,0.028571429,0.028571427,0.06382979,0.0018237082,0,0,0,1,1
29885,0,0,-0.5613393,0.36323762,0,0,unassigned,22.0,22.0,0.0,1.0,0.0,0.0,0.03868472,0.0,0,0,1,0,0
29886,0,0,-0.6324829,0.34694773,0,0,unassigned,24.0,24.0,0.0,1.0,0.0,0.0,0.04255319,0.0,0,0,1,0,0
29887,-1,0,3.7469828,0.9769548,1,1,unassigned,17.0,14.0,3.0,0.8235294,0.1764706,0.17647058,0.029013539,0.005120036,0,0,0,1,1
29888,-1,0,1.582701,0.8295867,1,1,unassigned,5.0,5.0,0.0,1.0,0.0,0.0,0.0058027077,0.0,0,0,0,1,0
29889,-1,0,0.3235379,0.5801862,1,1,unassigned,2.0,1.0,1.0,0.5,0.5,0.5,0.0,0.0,0,0,0,1,0
29890,-1,0,5.2859926,0.9949635,1,1,unassigned,8.0,7.0,1.0,0.875,0.125,0.125,0.0116054155,0.0014506769,0,0,0,1,1
29891,-1,1,2.603763,0.93110335,1,1,unassigned,41.0,40.0,1.0,0.9756098,0.024390243,0.02439022,0.07543521,0.001839883,1,0,0,1,1
29892,-1,0,-0.36327687,0.41016653,0,1,unassigned,2.0,1.0,1.0,0.5,0.5,0.5,0.0,0.0,0,0,0,0,0
29893,-1,1,-0.6040019,0.35342866,0,1,unassigned,114.0,112.0,2.0,0.98245615,0.01754386,0.017543852,0.21663442,0.003800604,1,0,0,0,0
29894,-1,1,-0.90619737,0.2877786,0,1,unassigned,31.0,30.0,1.0,0.9677419,0.032258064,0.032258093,0.056092843,0.0018094465,1,0,0,0,0
29895,-1,0,-0.37984037,0.4061654,0,1,unassigned,25.0,25.0,0.0,1.0,0.0,0.0,0.044487428,0.0,0,0,0,0,0
29896,-1,0,0.22219115,0.5553204,1,1,unassigned,21.0,21.0,0.0,1.0,0.0,0.0,0.036750484,0.0,0,0,0,1,0
29897,-1,1,-0.36464924,0.40983456,0,1,unassigned,10.0,10.0,0.0,1.0,0.0,0.0,0.015473888,0.0,1,0,0,0,0
29898,-1,0,-0.115876764,0.47106317,0,1,unassigned,25.0,25.0,0.0,1.0,0.0,0.0,0.044487428,0.0,0,0,0,0,0
29899,-1,1,-0.76663375,0.31720772,0,1,unassigned,132.0,130.0,2.0,0.9848485,0.015151516,0.015151501,0.2514507,0.003809859,1,0,0,0,0
29900,-1,1,0.32601368,0.58078915,1,1,unassigned,90.0,85.0,5.0,0.9444444,0.055555556,0.055555582,0.17021276,0.009456265,1,0,0,1,0
29901,-1,0,-0.4303868,0.39403397,0,1,unassigned,69.0,14.0,55.0,0.20289855,0.79710144,0.79710144,0.1295938,0.10329941,0,0,0,0,0
29902,-1,0,-0.58928436,0.35679907,0,1,unassigned,15.0,14.0,1.0,0.93333334,0.06666667,0.06666666,0.025145067,0.0016763379,0,0,0,0,0
29903,-1,1,-0.6974789,0.3323714,0,1,unassigned,57.0,53.0,4.0,0.9298246,0.07017544,0.07017541,0.10638298,0.0074654724,1,0,0,0,0
29904,-1,0,0.012794733,0.5031986,1,1,unassigned,42.0,41.0,1.0,0.97619045,0.023809524,0.023809552,0.07736944,0.0018421295,0,0,0,1,0
29905,-1,0,0.11451131,0.5285966,1,1,unassigned,2.0,2.0,0.0,1.0,0.0,0.0,0.0,0.0,0,0,0,1,0
29906,-1,0,-0.066833675,0.48329782,0,1,unassigned,7.0,7.0,0.0,1.0,0.0,0.0,0.00967118,0.0,0,0,0,0,0
29907,-1,1,0.84399945,0.69930685,1,1,unassigned,41.0,40.0,1.0,0.9756098,0.024390243,0.02439022,0.07543521,0.001839883,1,0,0,1,0
29908,-1,0,1.5070014,0.8186164,1,1,unassigned,25.0,23.0,2.0,0.92,0.08,0.07999998,0.044487428,0.003558994,0,0,0,1,0
29909,-1,1,0.8830126,0.7074461,1,1,unassigned,28.0,26.0,2.0,0.9285714,0.071428575,0.0714286,0.050290134,0.0035921526,1,0,0,1,0
29910,1,0,0.518357,0.6267635,1,0,test,17.0,17.0,0.0,1.0,0.0,0.0,0.029013539,0.0,0,0,1,1,0
29911,-1,0,0.0019006133,0.50047517,1,1,unassigned,3.0,3.0,0.0,1.0,0.0,0.0,0.001934236,0.0,0,0,0,1,0
29912,1,1,6.9371867,0.99903,1,0,test,18.0,15.0,3.0,0.8333333,0.16666667,0.16666669,0.030947777,0.005157963,1,0,1,1,1
29913,-1,1,0.2664463,0.5662203,1,1,unassigned,32.0,2.0,30.0,0.0625,0.9375,0.9375,0.058027077,0.054400384,1,1,0,1,0
29914,-1,1,5.9805036,0.9974788,1,1,unassigned,2.0,2.0,0.0,1.0,0.0,0.0,0.0,0.0,1,0,0,1,1
29915,-1,1,0.5050313,0.623641,1,1,unassigned,10.0,9.0,1.0,0.9,0.1,0.100000024,0.015473888,0.0015473888,1,0,0,1,0
29916,-1,1,2.7610185,0.9405327,1,1,unassigned,20.0,15.0,5.0,0.75,0.25,0.25,0.034816246,0.008704062,1,0,0,1,1
29917,-1,1,-0.45948285,0.38710853,0,1,unassigned,2.0,2.0,0.0,1.0,0.0,0.0,0.0,0.0,1,0,0,0,0
29918,-1,0,-0.81952125,0.30586532,0,1,unassigned,6.0,6.0,0.0,1.0,0.0,0.0,0.007736944,0.0,0,0,0,0,0
29919,-1,1,-0.49921572,0.377725,0,1,unassigned,45.0,40.0,5.0,0.8888889,0.11111111,0.111111104,0.08317215,0.00924135,1,0,0,0,0
29920,-1,1,-0.65806,0.34117553,0,1,unassigned,4.0,4.0,0.0,1.0,0.0,0.0,0.003868472,0.0,1,0,0,0,0
29921,0,1,-1.4921138,0.18360467,0,0,unassigned,2.0,1.0,1.0,0.5,0.5,0.5,0.0,0.0,1,0,1,0,0
29922,-1,0,-0.2948277,0.42682236,0,1,unassigned,2.0,2.0,0.0,1.0,0.0,0.0,0.0,0.0,0,0,0,0,0
29923,-1,1,2.0528715,0.88623744,1,1,unassigned,24.0,21.0,3.0,0.875,0.125,0.125,0.04255319,0.005319149,1,0,0,1,0
29924,-1,0,1.4983943,0.81733483,1,1,unassigned,11.0,11.0,0.0,1.0,0.0,0.0,0.017408123,0.0,0,0,0,1,0
29925,0,1,-0.835768,0.30242684,0,0,unassigned,67.0,67.0,0.0,1.0,0.0,0.0,0.12572534,0.0,1,0,1,0,0
29926,-1,0,2.142903,0.89500374,1,1,unassigned,3.0,3.0,0.0,1.0,0.0,0.0,0.001934236,0.0,0,0,0,1,0
29927,-1,0,1.6235664,0.8352864,1,1,unassigned,2.0,2.0,0.0,1.0,0.0,0.0,0.0,0.0,0,0,0,1,0
29928,0,0,-0.8241962,0.30487365,0,0,test,18.0,17.0,1.0,0.9444444,0.055555556,0.055555582,0.030947777,0.0017193209,0,0,1,0,0
29929,-1,1,2.5740192,0.9291707,1,1,unassigned,24.0,24.0,0.0,1.0,0.0,0.0,0.04255319,0.0,1,0,0,1,1
29930,-1,0,-0.6848264,0.33518496,0,1,unassigned,62.0,57.0,5.0,0.91935486,0.08064516,0.080645144,0.116054155,0.009359206,0,0,0,0,0
29931,-1,0,-0.9099359,0.28701296,0,1,unassigned,18.0,18.0,0.0,1.0,0.0,0.0,0.030947777,0.0,0,0,0,0,0
29932,-1,1,-0.8922726,0.29064107,0,1,unassigned,50.0,49.0,1.0,0.98,0.02,0.01999998,0.092843324,0.0018568664,1,0,0,0,0
29933,-1,0,-0.5499066,0.3658861,0,1,unassigned,30.0,30.0,0.0,1.0,0.0,0.0,0.054158606,0.0,0,0,0,0,0
29934,-1,0,-0.2782978,0.43087116,0,1,unassigned,15.0,15.0,0.0,1.0,0.0,0.0,0.025145067,0.0,0,0,0,0,0
29935,1,1,-0.24835306,0.43822894,0,1,unassigned,14.0,14.0,0.0,1.0,0.0,0.0,0.023210831,0.0,1,0,0,0,0
29936,-1,1,1.7093594,0.84675324,1,1,unassigned,8.0,8.0,0.0,1.0,0.0,0.0,0.0116054155,0.0,1,0,0,1,0
29937,-1,1,-0.8421692,0.3010781,0,1,unassigned,48.0,48.0,0.0,1.0,0.0,0.0,0.088974856,0.0,1,0,0,0,0
29938,-1,0,-0.23075879,0.44256496,0,1,unassigned,5.0,5.0,0.0,1.0,0.0,0.0,0.0058027077,0.0,0,0,0,0,0
29939,-1,0,-0.3924453,0.4031288,0,1,unassigned,4.0,4.0,0.0,1.0,0.0,0.0,0.003868472,0.0,0,0,0,0,0
29940,-1,0,-0.6997871,0.33185944,0,1,unassigned,104.0,103.0,1.0,0.99038464,0.009615385,0.009615362,0.19729207,0.0018970392,0,0,0,0,0
29941,-1,1,4.476773,0.9887578,1,1,unassigned,12.0,12.0,0.0,1.0,0.0,0.0,0.01934236,0.0,1,0,0,1,1
29942,-1,0,-0.05584067,0.48604342,0,1,unassigned,5.0,5.0,0.0,1.0,0.0,0.0,0.0058027077,0.0,0,0,0,0,0
29943,-1,0,0.910122,0.71302515,1,1,unassigned,9.0,8.0,1.0,0.8888889,0.11111111,0.111111104,0.013539651,0.0015044058,0,0,0,1,0
29944,-1,0,0.6838972,0.66460794,1,1,unassigned,5.0,5.0,0.0,1.0,0.0,0.0,0.0058027077,0.0,0,0,0,1,0
29945,1,0,1.7283432,0.8492004,1,0,unassigned,18.0,14.0,4.0,0.7777778,0.22222222,0.22222221,0.030947777,0.0068772836,0,0,1,1,0
29946,-1,1,-0.93253803,0.28241012,0,1,unassigned,3.0,3.0,0.0,1.0,0.0,0.0,0.001934236,0.0,1,0,0,0,0
29947,-1,0,3.2116182,0.9612692,1,1,unassigned,13.0,13.0,0.0,1.0,0.0,0.0,0.021276595,0.0,0,0,0,1,1
29948,-1,1,2.6543424,0.9342782,1,1,unassigned,4.0,4.0,0.0,1.0,0.0,0.0,0.003868472,0.0,1,0,0,1,1
29949,-1,0,0.703844,0.6690394,1,1,unassigned,11.0,8.0,3.0,0.72727275,0.27272728,0.27272725,0.017408123,0.00474767,0,0,0,1,0
29950,-1,0,-0.64118195,0.34497944,0,1,unassigned,13.0,13.0,0.0,1.0,0.0,0.0,0.021276595,0.0,0,0,0,0,0
29951,-1,1,-0.8247022,0.30476642,0,1,unassigned,95.0,65.0,30.0,0.68421054,0.31578946,0.31578946,0.17988394,0.056805454,1,0,0,0,0
29952,-1,0,0.43707675,0.60756224,1,1,unassigned,2.0,2.0,0.0,1.0,0.0,0.0,0.0,0.0,0,0,0,1,0
29953,-1,0,1.3507996,0.7942603,1,1,unassigned,5.0,5.0,0.0,1.0,0.0,0.0,0.0058027077,0.0,0,0,0,1,0
29954,1,1,5.0934606,0.99390066,1,0,unassigned,2.0,2.0,0.0,1.0,0.0,0.0,0.0,0.0,1,0,1,1,1
29955,-1,0,1.2513006,0.7775249,1,1,unassigned,5.0,4.0,1.0,0.8,0.2,0.19999999,0.0058027077,0.0011605415,0,0,0,1,0
29956,-1,0,-0.48431855,0.3812329,0,1,unassigned,5.0,5.0,0.0,1.0,0.0,0.0,0.0058027077,0.0,0,0,0,0,0
29957,-1,1,0.30415374,0.57545763,1,1,unassigned,2.0,2.0,0.0,1.0,0.0,0.0,0.0,0.0,1,0,0,1,0
29958,-1,1,0.63233894,0.65301967,1,1,unassigned,3.0,3.0,0.0,1.0,0.0,0.0,0.001934236,0.0,1,0,0,1,0
29959,-1,0,1.8207405,0.860655,1,1,unassigned,35.0,35.0,0.0,1.0,0.0,0.0,0.06382979,0.0,0,0,0,1,0
29960,-1,1,1.1260524,0.7551096,1,1,unassigned,3.0,2.0,1.0,0.6666667,0.33333334,0.3333333,0.001934236,0.00064474536,1,0,0,1,0
29961,-1,1,-0.80413216,0.3091423,0,1,unassigned,2.0,1.0,1.0,0.5,0.5,0.5,0.0,0.0,1,0,0,0,0
29962,-1,1,1.5330963,0.8224589,1,1,unassigned,8.0,6.0,2.0,0.75,0.25,0.25,0.0116054155,0.0029013539,1,0,0,1,0
29963,1,0,-0.077864826,0.48054364,0,1,unassigned,7.0,5.0,2.0,0.71428573,0.2857143,0.28571427,0.00967118,0.0027631943,0,0,0,0,0
29964,-1,1,12.968376,0.9999976,1,1,unassigned,11.0,10.0,1.0,0.90909094,0.09090909,0.090909064,0.017408123,0.0015825568,1,0,0,1,1
29965,1,1,-0.54804695,0.36631763,0,1,val,59.0,57.0,2.0,0.9661017,0.033898305,0.033898294,0.11025145,0.0037373372,1,0,0,0,0
29966,-1,0,1.9793155,0.87860817,1,1,unassigned,14.0,13.0,1.0,0.9285714,0.071428575,0.0714286,0.023210831,0.0016579166,0,0,0,1,0
29967,-1,0,-0.06161654,0.48460078,0,1,unassigned,65.0,65.0,0.0,1.0,0.0,0.0,0.12185687,0.0,0,0,0,0,0
29968,-1,0,-0.55734706,0.36416152,0,1,unassigned,2.0,1.0,1.0,0.5,0.5,0.5,0.0,0.0,0,0,0,0,0
29969,-1,1,7.751762,0.9995702,1,1,unassigned,25.0,24.0,1.0,0.96,0.04,0.04000002,0.044487428,0.001779497,1,0,0,1,1
29970,-1,0,-0.31675217,0.42146748,0,1,unassigned,75.0,75.0,0.0,1.0,0.0,0.0,0.14119923,0.0,0,0,0,0,0
29971,0,1,-0.6374229,0.34582934,0,0,val,6.0,6.0,0.0,1.0,0.0,0.0,0.007736944,0.0,1,0,1,0,0
29972,-1,0,-0.9460755,0.27967474,0,1,unassigned,120.0,118.0,2.0,0.98333335,0.016666668,0.01666665,0.22823985,0.0038039978,0,0,0,0,0
29973,-1,0,-0.44340104,0.39093086,0,1,unassigned,8.0,7.0,1.0,0.875,0.125,0.125,0.0116054155,0.0014506769,0,0,0,0,0
29974,-1,1,-0.7819866,0.3138919,0,1,unassigned,84.0,84.0,0.0,1.0,0.0,0.0,0.15860735,0.0,1,0,0,0,0
29975,-1,0,5.313108,0.9950976,1,1,unassigned,9.0,8.0,1.0,0.8888889,0.11111111,0.111111104,0.013539651,0.0015044058,0,0,0,1,1
29976,-1,0,4.306868,0.9867035,1,1,unassigned,57.0,43.0,14.0,0.75438595,0.24561404,0.24561405,0.10638298,0.026129153,0,0,0,1,1
29977,-1,1,3.2732408,0.96349937,1,1,unassigned,10.0,9.0,1.0,0.9,0.1,0.100000024,0.015473888,0.0015473888,1,0,0,1,1
29978,-1,0,1.2046032,0.76934266,1,1,unassigned,30.0,29.0,1.0,0.96666664,0.033333335,0.03333336,0.054158606,0.001805287,0,0,0,1,0
29979,-1,0,-0.6681458,0.33891216,0,1,unassigned,55.0,55.0,0.0,1.0,0.0,0.0,0.102514505,0.0,0,0,0,0,0
29980,-1,0,0.6879229,0.6655047,1,1,unassigned,6.0,4.0,2.0,0.6666667,0.33333334,0.3333333,0.007736944,0.0025789815,0,0,0,1,0
29981,0,0,-0.02038443,0.49490407,0,0,unassigned,27.0,26.0,1.0,0.962963,0.037037037,0.037037015,0.0483559,0.0017909593,0,0,1,0,0
29982,-1,0,0.24673206,0.56137204,1,1,unassigned,3.0,3.0,0.0,1.0,0.0,0.0,0.001934236,0.0,0,0,0,1,0
29983,-1,1,-0.8851726,0.29210705,0,1,unassigned,117.0,114.0,3.0,0.974359,0.025641026,0.025641024,0.22243714,0.005703517,1,0,0,0,0
29984,-1,1,2.4450223,0.9201967,1,1,unassigned,97.0,96.0,1.0,0.9896907,0.010309278,0.010309279,0.18375242,0.0018943547,1,0,0,1,1
29985,-1,1,4.159796,0.9846293,1,1,unassigned,74.0,71.0,3.0,0.9594595,0.04054054,0.040540516,0.13926499,0.0056458777,1,0,0,1,1
29986,0,0,-0.6155789,0.35078764,0,0,test,20.0,19.0,1.0,0.95,0.05,0.050000012,0.034816246,0.0017408123,0,0,1,0,0
29987,-1,0,-0.40318382,0.40054762,0,1,unassigned,4.0,4.0,0.0,1.0,0.0,0.0,0.003868472,0.0,0,0,0,0,0
29988,-1,0,0.90942794,0.7128831,1,1,unassigned,3.0,3.0,0.0,1.0,0.0,0.0,0.001934236,0.0,0,0,0,1,0
29989,-1,0,-0.49233866,0.37934282,0,1,unassigned,27.0,27.0,0.0,1.0,0.0,0.0,0.0483559,0.0,0,0,0,0,0
29990,-1,1,16.822453,1.0,1,1,unassigned,3.0,3.0,0.0,1.0,0.0,0.0,0.001934236,0.0,1,0,0,1,1
29991,-1,0,-0.28296274,0.42972758,0,1,unassigned,2.0,2.0,0.0,1.0,0.0,0.0,0.0,0.0,0,0,0,0,0
29992,1,0,5.185036,0.99443144,1,0,val,6.0,6.0,0.0,1.0,0.0,0.0,0.007736944,0.0,0,0,1,1,1
29993,-1,0,0.12498671,0.5312061,1,1,unassigned,8.0,8.0,0.0,1.0,0.0,0.0,0.0116054155,0.0,0,0,0,1,0
29994,-1,0,4.195864,0.9851657,1,1,unassigned,5.0,4.0,1.0,0.8,0.2,0.19999999,0.0058027077,0.0011605415,0,0,0,1,1
29995,-1,0,5.739527,0.99679404,1,1,unassigned,2.0,2.0,0.0,1.0,0.0,0.0,0.0,0.0,0,0,0,1,1
29996,-1,0,8.102504,0.9996973,1,1,unassigned,2.0,2.0,0.0,1.0,0.0,0.0,0.0,0.0,0,0,0,1,1
29997,-1,1,4.271091,0.98622584,1,1,unassigned,8.0,7.0,1.0,0.875,0.125,0.125,0.0116054155,0.0014506769,1,0,0,1,1
29998,-1,0,3.5898921,0.97314,1,1,unassigned,5.0,5.0,0.0,1.0,0.0,0.0,0.0058027077,0.0,0,0,0,1,1
29999,-1,0,5.8149967,0.9970264,1,1,unassigned,3.0,3.0,0.0,1.0,0.0,0.0,0.001934236,0.0,0,0,0,1,1
30000,-1,0,1.5258996,0.8214056,1,1,unassigned,10.0,7.0,3.0,0.7,0.3,0.3,0.015473888,0.0046421667,0,0,0,1,0
30001,-1,0,-0.55704314,0.36423188,0,1,unassigned,4.0,4.0,0.0,1.0,0.0,0.0,0.003868472,0.0,0,0,0,0,0
30002,1,0,-0.24507958,0.43903497,0,1,unassigned,36.0,36.0,0.0,1.0,0.0,0.0,0.065764025,0.0,0,0,0,0,0
30003,1,0,0.3487795,0.58632153,1,0,unassigned,6.0,6.0,0.0,1.0,0.0,0.0,0.007736944,0.0,0,0,1,1,0
30004,0,0,-0.48531324,0.38099825,0,0,test,8.0,8.0,0.0,1.0,0.0,0.0,0.0116054155,0.0,0,0,1,0,0
30005,-1,0,-0.51167554,0.37480083,0,1,unassigned,4.0,4.0,0.0,1.0,0.0,0.0,0.003868472,0.0,0,0,0,0,0
30006,-1,0,0.6674879,0.6609404,1,1,unassigned,2.0,2.0,0.0,1.0,0.0,0.0,0.0,0.0,0,0,0,1,0
30007,-1,0,-0.33285788,0.41754544,0,1,unassigned,4.0,4.0,0.0,1.0,0.0,0.0,0.003868472,0.0,0,0,0,0,0
30008,-1,1,0.26564568,0.5660236,1,1,unassigned,4.0,4.0,0.0,1.0,0.0,0.0,0.003868472,0.0,1,0,0,1,0
30009,-1,0,4.4186378,0.98809284,1,1,unassigned,12.0,11.0,1.0,0.9166667,0.083333336,0.08333331,0.01934236,0.0016118633,0,0,0,1,1
30010,-1,1,0.26463938,0.5657764,1,1,unassigned,3.0,3.0,0.0,1.0,0.0,0.0,0.001934236,0.0,1,0,0,1,0
30011,-1,0,5.8149967,0.9970264,1,1,unassigned,3.0,3.0,0.0,1.0,0.0,0.0,0.001934236,0.0,0,0,0,1,1
30012,1,0,5.2198644,0.99462104,1,0,val,4.0,4.0,0.0,1.0,0.0,0.0,0.003868472,0.0,0,0,1,1,1
30013,-1,0,-0.15680033,0.46088,0,1,unassigned,17.0,17.0,0.0,1.0,0.0,0.0,0.029013539,0.0,0,0,0,0,0
30014,-1,0,1.7130806,0.8472354,1,1,unassigned,15.0,14.0,1.0,0.93333334,0.06666667,0.06666666,0.025145067,0.0016763379,0,0,0,1,0
30015,-1,0,-0.32904243,0.41847363,0,1,unassigned,38.0,38.0,0.0,1.0,0.0,0.0,0.06963249,0.0,0,0,0,0,0
30016,-1,0,-0.50053,0.37741613,0,1,unassigned,39.0,39.0,0.0,1.0,0.0,0.0,0.07156673,0.0,0,0,0,0,0
30017,-1,0,4.8147297,0.99195576,1,1,unassigned,4.0,2.0,2.0,0.5,0.5,0.5,0.003868472,0.001934236,0,0,0,1,1
30018,-1,1,-0.4996255,0.37762868,0,1,unassigned,26.0,26.0,0.0,1.0,0.0,0.0,0.046421662,0.0,1,0,0,0,0
30019,-1,0,6.0421395,0.9976292,1,1,unassigned,3.0,3.0,0.0,1.0,0.0,0.0,0.001934236,0.0,0,0,0,1,1
30020,-1,0,6.0421395,0.9976292,1,1,unassigned,3.0,3.0,0.0,1.0,0.0,0.0,0.001934236,0.0,0,0,0,1,1
30021,-1,1,0.39061856,0.5964316,1,1,unassigned,2.0,2.0,0.0,1.0,0.0,0.0,0.0,0.0,1,0,0,1,0
30022,0,0,-0.7324959,0.32464725,0,0,unassigned,7.0,7.0,0.0,1.0,0.0,0.0,0.00967118,0.0,0,0,1,0,0
30023,-1,0,9.841002,0.99994683,1,1,unassigned,11.0,10.0,1.0,0.90909094,0.09090909,0.090909064,0.017408123,0.0015825568,0,0,0,1,1
30024,-1,0,-0.07058281,0.4823616,0,1,unassigned,91.0,88.0,3.0,0.96703297,0.032967035,0.03296703,0.172147,0.005675176,0,0,0,0,0
30025,1,0,0.29051328,0.5721218,1,0,test,2.0,2.0,0.0,1.0,0.0,0.0,0.0,0.0,0,0,1,1,0
30026,-1,0,0.39173847,0.5967011,1,1,unassigned,5.0,1.0,4.0,0.2,0.8,0.8,0.0058027077,0.004642166,0,0,0,1,0
30027,-1,0,8.594151,0.9998149,1,1,unassigned,3.0,3.0,0.0,1.0,0.0,0.0,0.001934236,0.0,0,0,0,1,1
30028,-1,0,5.8149967,0.9970264,1,1,unassigned,3.0,3.0,0.0,1.0,0.0,0.0,0.001934236,0.0,0,0,0,1,1
30029,1,0,-0.4046248,0.40020168,0,1,unassigned,39.0,34.0,5.0,0.8717949,0.12820514,0.12820512,0.07156673,0.009175222,0,0,0,0,0
30030,0,1,-0.5138952,0.37428084,0,0,val,2.0,1.0,1.0,0.5,0.5,0.5,0.0,0.0,1,0,1,0,0
30031,-1,0,4.8044047,0.99187297,1,1,unassigned,2.0,2.0,0.0,1.0,0.0,0.0,0.0,0.0,0,0,0,1,1
30032,-1,1,2.7050457,0.93732375,1,1,unassigned,12.0,10.0,2.0,0.8333333,0.16666667,0.16666669,0.01934236,0.0032237265,1,0,0,1,1
30033,-1,0,0.91025954,0.7130532,1,1,unassigned,2.0,2.0,0.0,1.0,0.0,0.0,0.0,0.0,0,0,0,1,0
30034,-1,0,3.8924534,0.98001236,1,1,unassigned,4.0,4.0,0.0,1.0,0.0,0.0,0.003868472,0.0,0,0,0,1,1
30035,-1,0,5.699738,0.99666435,1,1,unassigned,3.0,3.0,0.0,1.0,0.0,0.0,0.001934236,0.0,0,0,0,1,1
30036,1,0,11.985878,0.9999938,1,0,unassigned,3.0,3.0,0.0,1.0,0.0,0.0,0.001934236,0.0,0,0,1,1,1
30037,0,0,-0.8745715,0.29430395,0,0,val,2.0,2.0,0.0,1.0,0.0,0.0,0.0,0.0,0,0,1,0,0
30038,-1,0,-0.356289,0.41185817,0,1,unassigned,19.0,18.0,1.0,0.94736844,0.05263158,0.052631557,0.032882012,0.0017306323,0,0,0,0,0
30039,1,0,5.308292,0.995074,1,0,val,9.0,9.0,0.0,1.0,0.0,0.0,0.013539651,0.0,0,0,1,1,1
30040,-1,1,-0.87972903,0.29323393,0,1,unassigned,56.0,53.0,3.0,0.9464286,0.05357143,0.053571403,0.10444874,0.0055954685,1,0,0,0,0
30041,-1,1,-0.3869332,0.40445578,0,1,unassigned,79.0,74.0,5.0,0.93670887,0.06329114,0.06329113,0.14893617,0.0094263395,1,0,0,0,0
30042,-1,1,0.8000675,0.6899889,1,1,unassigned,23.0,19.0,4.0,0.82608694,0.17391305,0.17391306,0.040618956,0.0070641665,1,0,0,1,0
30043,0,0,0.26030743,0.56471187,1,1,val,38.0,36.0,2.0,0.94736844,0.05263158,0.052631557,0.06963249,0.0036648682,0,0,0,1,0
30044,-1,1,1.3634195,0.7963149,1,1,unassigned,94.0,88.0,6.0,0.9361702,0.06382979,0.06382978,0.17794971,0.011358492,1,0,0,1,0
30045,-1,0,-0.29405883,0.4270105,0,1,unassigned,139.0,123.0,16.0,0.8848921,0.11510792,0.115107894,0.26499033,0.030502485,0,0,0,0,0
30046,-1,0,-0.2626258,0.4347183,0,1,unassigned,36.0,36.0,0.0,1.0,0.0,0.0,0.065764025,0.0,0,0,0,0,0
30047,-1,1,-0.3017352,0.42513335,0,1,unassigned,9.0,8.0,1.0,0.8888889,0.11111111,0.111111104,0.013539651,0.0015044058,1,0,0,0,0
30048,-1,1,-0.44265944,0.39110744,0,1,unassigned,75.0,75.0,0.0,1.0,0.0,0.0,0.14119923,0.0,1,0,0,0,0
30049,-1,0,-0.8883019,0.29146037,0,1,unassigned,7.0,7.0,0.0,1.0,0.0,0.0,0.00967118,0.0,0,0,0,0,0
30050,-1,0,-0.8764857,0.29390657,0,1,unassigned,49.0,48.0,1.0,0.97959185,0.020408163,0.020408154,0.09090909,0.0018552876,0,0,0,0,0
30051,0,1,1.4133699,0.804297,1,1,test,40.0,39.0,1.0,0.975,0.025,0.024999976,0.07350097,0.0018375242,1,0,0,1,0
30052,-1,0,0.17743224,0.544242,1,1,unassigned,16.0,14.0,2.0,0.875,0.125,0.125,0.027079303,0.0033849129,0,0,0,1,0
30053,-1,1,3.2865694,0.9639652,1,1,unassigned,38.0,34.0,4.0,0.8947368,0.10526316,0.10526317,0.06963249,0.0073297364,1,0,0,1,1
30054,-1,1,1.6974132,0.84519655,1,1,unassigned,26.0,25.0,1.0,0.96153843,0.03846154,0.038461566,0.046421662,0.0017854486,1,0,0,1,0
30055,-1,0,-0.97419584,0.27404496,0,1,unassigned,3.0,3.0,0.0,1.0,0.0,0.0,0.001934236,0.0,0,0,0,0,0
30056,-1,0,-0.15392438,0.46159467,0,1,unassigned,2.0,2.0,0.0,1.0,0.0,0.0,0.0,0.0,0,0,0,0,0
30057,-1,0,-0.9621532,0.2764473,0,1,unassigned,70.0,70.0,0.0,1.0,0.0,0.0,0.13152805,0.0,0,0,0,0,0
30058,-1,0,5.699738,0.99666435,1,1,unassigned,3.0,3.0,0.0,1.0,0.0,0.0,0.001934236,0.0,0,0,0,1,1
30059,-1,0,0.1174984,0.52934086,1,1,unassigned,2.0,2.0,0.0,1.0,0.0,0.0,0.0,0.0,0,0,0,1,0
30060,-1,0,5.926314,0.99733883,1,1,unassigned,3.0,3.0,0.0,1.0,0.0,0.0,0.001934236,0.0,0,0,0,1,1
30061,-1,0,5.75336,0.99683785,1,1,unassigned,3.0,3.0,0.0,1.0,0.0,0.0,0.001934236,0.0,0,0,0,1,1
30062,-1,0,11.575422,0.9999906,1,1,unassigned,2.0,2.0,0.0,1.0,0.0,0.0,0.0,0.0,0,0,0,1,1
30063,-1,0,0.19720978,0.54914325,1,1,unassigned,2.0,2.0,0.0,1.0,0.0,0.0,0.0,0.0,0,0,0,1,0
30064,-1,1,0.22733283,0.55658966,1,1,unassigned,5.0,5.0,0.0,1.0,0.0,0.0,0.0058027077,0.0,1,0,0,1,0
30065,-1,1,-0.05060923,0.48735037,0,1,unassigned,3.0,3.0,0.0,1.0,0.0,0.0,0.001934236,0.0,1,0,0,0,0
30066,-1,1,0.13600165,0.53394806,1,1,unassigned,4.0,4.0,0.0,1.0,0.0,0.0,0.003868472,0.0,1,0,0,1,0
30067,-1,0,5.9803004,0.9974783,1,1,unassigned,3.0,3.0,0.0,1.0,0.0,0.0,0.001934236,0.0,0,0,0,1,1
30068,-1,0,6.455045,0.99842983,1,1,unassigned,6.0,6.0,0.0,1.0,0.0,0.0,0.007736944,0.0,0,0,0,1,1
30069,-1,0,3.884948,0.97986484,1,1,unassigned,23.0,23.0,0.0,1.0,0.0,0.0,0.040618956,0.0,0,0,0,1,1
30070,-1,0,0.62651426,0.65169865,1,1,unassigned,8.0,6.0,2.0,0.75,0.25,0.25,0.0116054155,0.0029013539,0,0,0,1,0
30071,1,1,-0.24286273,0.43958098,0,1,val,15.0,15.0,0.0,1.0,0.0,0.0,0.025145067,0.0,1,0,0,0,0
30072,-1,0,0.9155335,0.7141312,1,1,unassigned,2.0,2.0,0.0,1.0,0.0,0.0,0.0,0.0,0,0,0,1,0
30073,-1,0,-0.8062628,0.30868745,0,1,unassigned,13.0,12.0,1.0,0.9230769,0.07692308,0.07692307,0.021276595,0.0016366612,0,0,0,0,0
30074,-1,1,-0.9508548,0.27871296,0,1,unassigned,4.0,4.0,0.0,1.0,0.0,0.0,0.003868472,0.0,1,0,0,0,0
30075,0,1,-3.2793906,0.036285017,0,0,unassigned,4.0,4.0,0.0,1.0,0.0,0.0,0.003868472,0.0,1,0,1,0,1
30076,-1,0,-0.54029936,0.36811793,0,1,unassigned,60.0,60.0,0.0,1.0,0.0,0.0,0.11218569,0.0,0,0,0,0,0
30077,-1,0,7.1202784,0.99919206,1,1,unassigned,5.0,5.0,0.0,1.0,0.0,0.0,0.0058027077,0.0,0,0,0,1,1
30078,-1,0,-0.7401272,0.32297632,0,1,unassigned,52.0,52.0,0.0,1.0,0.0,0.0,0.0967118,0.0,0,0,0,0,0
30079,-1,0,0.67549545,0.6627326,1,1,unassigned,21.0,21.0,0.0,1.0,0.0,0.0,0.036750484,0.0,0,0,0,1,0
30080,-1,1,0.46029955,0.6130852,1,1,unassigned,32.0,31.0,1.0,0.96875,0.03125,0.03125,0.058027077,0.0018133462,1,0,0,1,0
30081,-1,1,0.11771703,0.52939534,1,1,unassigned,69.0,68.0,1.0,0.98550725,0.014492754,0.01449275,0.1295938,0.0018781711,1,0,0,1,0
30082,-1,1,-0.6880541,0.3344661,0,1,unassigned,123.0,121.0,2.0,0.98373985,0.016260162,0.016260147,0.23404256,0.0038055698,1,0,0,0,0
30083,-1,0,-0.0031081438,0.49922296,0,1,unassigned,15.0,15.0,0.0,1.0,0.0,0.0,0.025145067,0.0,0,0,0,0,0
30084,-1,1,-0.54323506,0.36743537,0,1,unassigned,199.0,194.0,5.0,0.9748744,0.025125628,0.025125623,0.38104448,0.009573982,1,0,0,0,0
30085,-1,0,-0.7576131,0.31916472,0,1,unassigned,51.0,51.0,0.0,1.0,0.0,0.0,0.09477756,0.0,0,0,0,0,0
30086,-1,1,-0.2932413,0.42721054,0,1,unassigned,58.0,58.0,0.0,1.0,0.0,0.0,0.10831721,0.0,1,0,0,0,0
30087,1,1,0.70389444,0.66905063,1,0,test,61.0,59.0,2.0,0.9672131,0.032786883,0.032786906,0.114119925,0.0037416366,1,0,1,1,0
30088,-1,1,2.1561015,0.89623755,1,1,unassigned,39.0,38.0,1.0,0.974359,0.025641026,0.025641024,0.07156673,0.0018350444,1,0,0,1,0
30089,-1,0,-0.34626493,0.41428846,0,1,unassigned,40.0,33.0,7.0,0.825,0.175,0.17500001,0.07350097,0.012862669,0,0,0,0,0
30090,-1,0,-0.121423006,0.46968153,0,1,unassigned,26.0,25.0,1.0,0.96153843,0.03846154,0.038461566,0.046421662,0.0017854486,0,0,0,0,0
30091,-1,0,0.23574775,0.55866545,1,1,unassigned,60.0,59.0,1.0,0.98333335,0.016666668,0.01666665,0.11218569,0.0018697615,0,0,0,1,0
30092,-1,1,-0.5388805,0.36844802,0,1,unassigned,38.0,38.0,0.0,1.0,0.0,0.0,0.06963249,0.0,1,0,0,0,0
30093,-1,0,1.7759185,0.8551921,1,1,unassigned,6.0,6.0,0.0,1.0,0.0,0.0,0.007736944,0.0,0,0,0,1,0
30094,-1,0,1.5602324,0.82638663,1,1,unassigned,7.0,7.0,0.0,1.0,0.0,0.0,0.00967118,0.0,0,0,0,1,0
30095,-1,0,-0.5211533,0.3725826,0,1,unassigned,2.0,2.0,0.0,1.0,0.0,0.0,0.0,0.0,0,0,0,0,0
30096,-1,0,-0.22464919,0.4440727,0,1,unassigned,7.0,7.0,0.0,1.0,0.0,0.0,0.00967118,0.0,0,0,0,0,0
30097,-1,1,-0.39116132,0.4034378,0,1,unassigned,2.0,2.0,0.0,1.0,0.0,0.0,0.0,0.0,1,0,0,0,0
30098,-1,0,5.3249345,0.995155,1,1,unassigned,3.0,2.0,1.0,0.6666667,0.33333334,0.3333333,0.001934236,0.00064474536,0,0,0,1,1
30099,-1,0,1.0393085,0.73871654,1,1,unassigned,4.0,3.0,1.0,0.75,0.25,0.25,0.003868472,0.000967118,0,0,0,1,0
30100,-1,1,-0.8050581,0.30894455,0,1,unassigned,2.0,2.0,0.0,1.0,0.0,0.0,0.0,0.0,1,0,0,0,0
30101,-1,0,-0.7389346,0.32323715,0,1,unassigned,35.0,32.0,3.0,0.9142857,0.08571429,0.08571428,0.06382979,0.005471125,0,0,0,0,0
30102,-1,0,1.5339644,0.82258564,1,1,unassigned,37.0,37.0,0.0,1.0,0.0,0.0,0.06769826,0.0,0,0,0,1,0
30103,-1,0,-0.8715006,0.29494217,0,1,unassigned,53.0,53.0,0.0,1.0,0.0,0.0,0.09864604,0.0,0,0,0,0,0
30104,-1,0,0.65419906,0.65795606,1,1,unassigned,3.0,3.0,0.0,1.0,0.0,0.0,0.001934236,0.0,0,0,0,1,0
30105,-1,0,-0.2903615,0.42791536,0,1,unassigned,6.0,5.0,1.0,0.8333333,0.16666667,0.16666669,0.007736944,0.0012894907,0,0,0,0,0
30106,-1,1,-0.68212175,0.33578792,0,1,unassigned,25.0,24.0,1.0,0.96,0.04,0.04000002,0.044487428,0.001779497,1,0,0,0,0
30107,0,1,1.2267406,0.7732476,1,1,unassigned,5.0,4.0,1.0,0.8,0.2,0.19999999,0.0058027077,0.0011605415,1,0,0,1,0
30108,-1,0,0.55758077,0.63589257,1,1,unassigned,45.0,43.0,2.0,0.95555556,0.044444446,0.04444444,0.08317215,0.0036965401,0,0,0,1,0
30109,-1,1,2.4590118,0.921218,1,1,unassigned,9.0,8.0,1.0,0.8888889,0.11111111,0.111111104,0.013539651,0.0015044058,1,0,0,1,1
30110,-1,1,1.3326805,0.79128367,1,1,unassigned,2.0,2.0,0.0,1.0,0.0,0.0,0.0,0.0,1,0,0,1,0
30111,1,1,20.364548,1.0,1,0,val,3.0,3.0,0.0,1.0,0.0,0.0,0.001934236,0.0,1,0,1,1,1
30112,-1,0,5.061786,0.9937057,1,1,unassigned,8.0,8.0,0.0,1.0,0.0,0.0,0.0116054155,0.0,0,0,0,1,1
30113,-1,0,2.418011,0.9181904,1,1,unassigned,2.0,2.0,0.0,1.0,0.0,0.0,0.0,0.0,0,0,0,1,1
30114,1,1,-0.20666707,0.44851634,0,1,unassigned,36.0,36.0,0.0,1.0,0.0,0.0,0.065764025,0.0,1,0,0,0,0
30115,-1,1,0.88958555,0.70880467,1,1,unassigned,89.0,89.0,0.0,1.0,0.0,0.0,0.16827853,0.0,1,0,0,1,0
30116,-1,1,-0.788188,0.31255788,0,1,unassigned,64.0,62.0,2.0,0.96875,0.03125,0.03125,0.11992263,0.0037475822,1,0,0,0,0
30117,0,1,0.050783455,0.5126931,1,1,test,40.0,40.0,0.0,1.0,0.0,0.0,0.07350097,0.0,1,0,0,1,0
30118,-1,0,7.31685,0.9993362,1,1,unassigned,9.0,9.0,0.0,1.0,0.0,0.0,0.013539651,0.0,0,0,0,1,1
30119,-1,1,0.81809527,0.6938319,1,1,unassigned,6.0,6.0,0.0,1.0,0.0,0.0,0.007736944,0.0,1,0,0,1,0
30120,-1,1,-0.37567803,0.4071697,0,1,unassigned,42.0,42.0,0.0,1.0,0.0,0.0,0.07736944,0.0,1,0,0,0,0
30121,-1,1,-0.71679026,0.32810017,0,1,unassigned,51.0,51.0,0.0,1.0,0.0,0.0,0.09477756,0.0,1,0,0,0,0
30122,0,1,-0.08697632,0.4782696,0,0,test,16.0,16.0,0.0,1.0,0.0,0.0,0.027079303,0.0,1,0,1,0,0
30123,-1,1,-0.8759193,0.2940241,0,1,unassigned,39.0,39.0,0.0,1.0,0.0,0.0,0.07156673,0.0,1,0,0,0,0
30124,-1,1,0.30116588,0.57472754,1,1,unassigned,49.0,48.0,1.0,0.97959185,0.020408163,0.020408154,0.09090909,0.0018552876,1,0,0,1,0
30125,-1,0,2.2404447,0.9038231,1,1,unassigned,20.0,20.0,0.0,1.0,0.0,0.0,0.034816246,0.0,0,0,0,1,1
30126,-1,1,2.670909,0.9352881,1,1,unassigned,4.0,3.0,1.0,0.75,0.25,0.25,0.003868472,0.000967118,1,0,0,1,1
30127,1,1,-0.27129722,0.4325886,0,1,test,10.0,9.0,1.0,0.9,0.1,0.100000024,0.015473888,0.0015473888,1,0,0,0,0
30128,-1,0,0.59204394,0.64383394,1,1,unassigned,4.0,4.0,0.0,1.0,0.0,0.0,0.003868472,0.0,0,0,0,1,0
30129,-1,0,0.9168325,0.71439624,1,1,unassigned,5.0,5.0,0.0,1.0,0.0,0.0,0.0058027077,0.0,0,0,0,1,0
30130,-1,1,5.969517,0.997451,1,1,unassigned,2.0,1.0,1.0,0.5,0.5,0.5,0.0,0.0,1,0,0,1,1
30131,1,0,3.3357723,0.96563584,1,0,test,12.0,12.0,0.0,1.0,0.0,0.0,0.01934236,0.0,0,0,1,1,1
30132,-1,0,-0.71980035,0.32743692,0,1,unassigned,26.0,26.0,0.0,1.0,0.0,0.0,0.046421662,0.0,0,0,0,0,0
30133,-1,0,2.0554159,0.8864937,1,1,unassigned,4.0,4.0,0.0,1.0,0.0,0.0,0.003868472,0.0,0,0,0,1,0
30134,1,0,0.60520107,0.6468453,1,0,val,17.0,17.0,0.0,1.0,0.0,0.0,0.029013539,0.0,0,0,1,1,0
30135,-1,1,-0.7493054,0.32097268,0,1,unassigned,62.0,52.0,10.0,0.83870965,0.16129032,0.16129035,0.116054155,0.018718412,1,0,0,0,0
30136,1,0,1.8644588,0.8658158,1,0,unassigned,5.0,5.0,0.0,1.0,0.0,0.0,0.0058027077,0.0,0,0,1,1,0
30137,-1,0,-0.7484367,0.32116205,0,1,unassigned,69.0,69.0,0.0,1.0,0.0,0.0,0.1295938,0.0,0,0,0,0,0
30138,-1,0,0.22596699,0.5562526,1,1,unassigned,7.0,7.0,0.0,1.0,0.0,0.0,0.00967118,0.0,0,0,0,1,0
30139,-1,0,-0.48714158,0.3805672,0,1,unassigned,3.0,3.0,0.0,1.0,0.0,0.0,0.001934236,0.0,0,0,0,0,0
30140,-1,0,-0.24740592,0.4384621,0,1,unassigned,3.0,3.0,0.0,1.0,0.0,0.0,0.001934236,0.0,0,0,0,0,0
30141,-1,0,-1.2040242,0.23076011,0,1,unassigned,2.0,2.0,0.0,1.0,0.0,0.0,0.0,0.0,0,0,0,0,0
30142,-1,0,3.8906624,0.97997737,1,1,unassigned,2.0,2.0,0.0,1.0,0.0,0.0,0.0,0.0,0,0,0,1,1
30143,-1,0,-0.55359375,0.36503103,0,1,unassigned,51.0,51.0,0.0,1.0,0.0,0.0,0.09477756,0.0,0,0,0,0,0
30144,-1,0,0.025904477,0.50647575,1,1,unassigned,12.0,12.0,0.0,1.0,0.0,0.0,0.01934236,0.0,0,0,0,1,0
30145,-1,0,3.3881652,0.96733266,1,1,unassigned,2.0,2.0,0.0,1.0,0.0,0.0,0.0,0.0,0,0,0,1,1
30146,-1,0,1.0045981,0.73196167,1,1,unassigned,3.0,3.0,0.0,1.0,0.0,0.0,0.001934236,0.0,0,0,0,1,0
30147,-1,1,4.560373,0.98965013,1,1,unassigned,16.0,16.0,0.0,1.0,0.0,0.0,0.027079303,0.0,1,0,0,1,1
30148,-1,1,-0.44686142,0.39010727,0,1,unassigned,2.0,2.0,0.0,1.0,0.0,0.0,0.0,0.0,1,0,0,0,0
30149,-1,0,4.0948176,0.9836142,1,1,unassigned,18.0,17.0,1.0,0.9444444,0.055555556,0.055555582,0.030947777,0.0017193209,0,0,0,1,1
30150,-1,1,-0.44739708,0.38997984,0,1,unassigned,9.0,7.0,2.0,0.7777778,0.22222222,0.22222221,0.013539651,0.0030088115,1,0,0,0,0
30151,-1,0,2.1827428,0.89868903,1,1,unassigned,3.0,3.0,0.0,1.0,0.0,0.0,0.001934236,0.0,0,0,0,1,0
30152,-1,0,-0.09752941,0.475637,0,1,unassigned,28.0,25.0,3.0,0.89285713,0.10714286,0.107142866,0.050290134,0.0053882287,0,0,0,0,0
30153,1,0,-0.16639861,0.4584961,0,1,val,105.0,101.0,4.0,0.96190476,0.03809524,0.038095236,0.1992263,0.007589574,0,0,0,0,0
30154,-1,1,5.5374074,0.99607867,1,1,unassigned,6.0,5.0,1.0,0.8333333,0.16666667,0.16666669,0.007736944,0.0012894907,1,0,0,1,1
30155,-1,0,-0.21600339,0.44620815,0,1,unassigned,28.0,28.0,0.0,1.0,0.0,0.0,0.050290134,0.0,0,0,0,0,0
30156,0,0,0.43460745,0.6069733,1,1,val,4.0,3.0,1.0,0.75,0.25,0.25,0.003868472,0.000967118,0,0,0,1,0
30157,-1,1,-0.03376478,0.4915596,0,1,unassigned,11.0,11.0,0.0,1.0,0.0,0.0,0.017408123,0.0,1,0,0,0,0
30158,-1,1,-0.38366237,0.40524387,0,1,unassigned,3.0,3.0,0.0,1.0,0.0,0.0,0.001934236,0.0,1,0,0,0,0
30159,-1,1,2.923445,0.94899327,1,1,unassigned,2.0,2.0,0.0,1.0,0.0,0.0,0.0,0.0,1,0,0,1,1
30160,-1,0,6.7494082,0.9988298,1,1,unassigned,9.0,8.0,1.0,0.8888889,0.11111111,0.111111104,0.013539651,0.0015044058,0,0,0,1,1
30161,-1,0,5.097688,0.9939262,1,1,unassigned,2.0,2.0,0.0,1.0,0.0,0.0,0.0,0.0,0,0,0,1,1
30162,-1,0,0.3691805,0.5912609,1,1,unassigned,14.0,13.0,1.0,0.9285714,0.071428575,0.0714286,0.023210831,0.0016579166,0,0,0,1,0
30163,-1,0,0.9349027,0.7180689,1,1,unassigned,10.0,10.0,0.0,1.0,0.0,0.0,0.015473888,0.0,0,0,0,1,0
30164,-1,0,0.21939933,0.5546309,1,1,unassigned,17.0,17.0,0.0,1.0,0.0,0.0,0.029013539,0.0,0,0,0,1,0
30165,1,0,-0.16288093,0.45936954,0,1,test,12.0,12.0,0.0,1.0,0.0,0.0,0.01934236,0.0,0,0,0,0,0
30166,-1,0,0.2004301,0.54994047,1,1,unassigned,26.0,26.0,0.0,1.0,0.0,0.0,0.046421662,0.0,0,0,0,1,0
30167,1,0,-0.18472764,0.45394894,0,1,test,19.0,19.0,0.0,1.0,0.0,0.0,0.032882012,0.0,0,0,0,0,0
30168,-1,0,0.2004146,0.54993665,1,1,unassigned,28.0,27.0,1.0,0.96428573,0.035714287,0.03571427,0.050290134,0.0017960763,0,0,0,1,0
30169,1,0,-0.41417575,0.39791128,0,1,test,7.0,5.0,2.0,0.71428573,0.2857143,0.28571427,0.00967118,0.0027631943,0,0,0,0,0
30170,0,0,-0.46787784,0.38511863,0,0,unassigned,44.0,44.0,0.0,1.0,0.0,0.0,0.08123791,0.0,0,0,1,0,0
30171,-1,0,14.094665,0.9999993,1,1,unassigned,6.0,5.0,1.0,0.8333333,0.16666667,0.16666669,0.007736944,0.0012894907,0,0,0,1,1
30172,0,1,-0.56407344,0.36260548,0,0,val,42.0,40.0,2.0,0.95238096,0.04761905,0.047619045,0.07736944,0.003684259,1,0,1,0,0
30173,-1,1,2.6338377,0.93300784,1,1,unassigned,7.0,6.0,1.0,0.85714287,0.14285715,0.14285713,0.00967118,0.0013815971,1,0,0,1,1
30174,-1,0,1.545922,0.824324,1,1,unassigned,2.0,1.0,1.0,0.5,0.5,0.5,0.0,0.0,0,0,0,1,0
30175,1,0,-0.30639428,0.42399514,0,1,unassigned,29.0,27.0,2.0,0.9310345,0.06896552,0.068965495,0.05222437,0.0036016807,0,0,0,0,0
30176,-1,1,-0.9266497,0.2836049,0,1,unassigned,12.0,12.0,0.0,1.0,0.0,0.0,0.01934236,0.0,1,0,0,0,0
30177,-1,0,1.9890764,0.8796454,1,1,unassigned,15.0,14.0,1.0,0.93333334,0.06666667,0.06666666,0.025145067,0.0016763379,0,0,0,1,0
30178,-1,0,-0.12274879,0.46935126,0,1,unassigned,34.0,33.0,1.0,0.9705882,0.029411765,0.029411793,0.061895553,0.0018204574,0,0,0,0,0
30179,-1,1,1.5086617,0.8188628,1,1,unassigned,2.0,2.0,0.0,1.0,0.0,0.0,0.0,0.0,1,0,0,1,0
30180,-1,0,-0.8969666,0.28967425,0,1,unassigned,57.0,56.0,1.0,0.98245615,0.01754386,0.017543852,0.10638298,0.0018663681,0,0,0,0,0
30181,-1,0,1.6767328,0.84247136,1,1,unassigned,36.0,35.0,1.0,0.9722222,0.027777778,0.027777791,0.065764025,0.0018267785,0,0,0,1,0
30182,-1,0,-0.9463692,0.27961558,0,1,unassigned,49.0,47.0,2.0,0.9591837,0.040816326,0.040816307,0.09090909,0.0037105752,0,0,0,0,0
30183,-1,0,5.6123786,0.99636096,1,1,unassigned,2.0,2.0,0.0,1.0,0.0,0.0,0.0,0.0,0,0,0,1,1
30184,-1,0,-0.739148,0.32319048,0,1,unassigned,43.0,43.0,0.0,1.0,0.0,0.0,0.079303674,0.0,0,0,0,0,0
30185,-1,0,-0.21754414,0.44582745,0,1,unassigned,30.0,29.0,1.0,0.96666664,0.033333335,0.03333336,0.054158606,0.001805287,0,0,0,0,0
30186,-1,0,-0.5684739,0.361589,0,1,unassigned,2.0,2.0,0.0,1.0,0.0,0.0,0.0,0.0,0,0,0,0,0
30187,0,0,-0.13021225,0.46749288,0,0,val,5.0,5.0,0.0,1.0,0.0,0.0,0.0058027077,0.0,0,0,1,0,0
30188,-1,0,-0.32363117,0.41979107,0,1,unassigned,36.0,35.0,1.0,0.9722222,0.027777778,0.027777791,0.065764025,0.0018267785,0,0,0,0,0
30189,-1,0,-0.27512628,0.431649,0,1,unassigned,58.0,56.0,2.0,0.9655172,0.03448276,0.034482777,0.10831721,0.0037350762,0,0,0,0,0
30190,-1,0,-0.49718708,0.37820193,0,1,unassigned,74.0,74.0,0.0,1.0,0.0,0.0,0.13926499,0.0,0,0,0,0,0
30191,-1,0,4.5086274,0.9891065,1,1,unassigned,11.0,10.0,1.0,0.90909094,0.09090909,0.090909064,0.017408123,0.0015825568,0,0,0,1,1
30192,-1,0,-0.4493662,0.38951147,0,1,unassigned,64.0,64.0,0.0,1.0,0.0,0.0,0.11992263,0.0,0,0,0,0,0
30193,-1,0,-0.5252195,0.37163255,0,1,unassigned,66.0,58.0,8.0,0.8787879,0.121212125,0.121212125,0.123791106,0.015004983,0,0,0,0,0
30194,-1,1,-0.92324585,0.284297,0,1,unassigned,49.0,47.0,2.0,0.9591837,0.040816326,0.040816307,0.09090909,0.0037105752,1,0,0,0,0
30195,-1,1,0.1977238,0.5492706,1,1,unassigned,21.0,21.0,0.0,1.0,0.0,0.0,0.036750484,0.0,1,0,0,1,0
30196,-1,0,-0.29295403,0.42728084,0,1,unassigned,93.0,93.0,0.0,1.0,0.0,0.0,0.17601547,0.0,0,0,0,0,0
30197,-1,0,3.5506375,0.9720948,1,1,unassigned,42.0,10.0,32.0,0.23809524,0.7619048,0.7619048,0.07736944,0.058948144,0,0,0,1,1
30198,-1,0,-0.53294045,0.36983135,0,1,unassigned,73.0,73.0,0.0,1.0,0.0,0.0,0.13733076,0.0,0,0,0,0,0
30199,1,1,-0.4591803,0.3871803,0,1,test,118.0,115.0,3.0,0.9745763,0.025423728,0.025423706,0.22437137,0.005704357,1,0,0,0,0
30200,-1,1,4.820982,0.9920055,1,1,unassigned,14.0,12.0,2.0,0.85714287,0.14285715,0.14285713,0.023210831,0.0033158332,1,0,0,1,1
30201,1,0,-0.024967074,0.49375853,0,1,val,27.0,27.0,0.0,1.0,0.0,0.0,0.0483559,0.0,0,0,0,0,0
30202,0,1,-0.21030048,0.4476178,0,0,val,12.0,10.0,2.0,0.8333333,0.16666667,0.16666669,0.01934236,0.0032237265,1,0,1,0,0
30203,-1,0,-0.622631,0.34918332,0,1,unassigned,5.0,5.0,0.0,1.0,0.0,0.0,0.0058027077,0.0,0,0,0,0,0
30204,-1,0,-0.6975992,0.33234474,0,1,unassigned,10.0,9.0,1.0,0.9,0.1,0.100000024,0.015473888,0.0015473888,0,0,0,0,0
30205,-1,1,-0.65063685,0.34284604,0,1,unassigned,4.0,4.0,0.0,1.0,0.0,0.0,0.003868472,0.0,1,0,0,0,0
30206,-1,0,-0.6288386,0.34777394,0,1,unassigned,30.0,30.0,0.0,1.0,0.0,0.0,0.054158606,0.0,0,0,0,0,0
30207,-1,0,0.025147319,0.5062865,1,1,unassigned,18.0,14.0,4.0,0.7777778,0.22222222,0.22222221,0.030947777,0.0068772836,0,0,0,1,0
30208,-1,0,-0.50808185,0.3756433,0,1,unassigned,34.0,34.0,0.0,1.0,0.0,0.0,0.061895553,0.0,0,0,0,0,0
30209,1,1,2.068969,0.88785034,1,0,unassigned,4.0,4.0,0.0,1.0,0.0,0.0,0.003868472,0.0,1,0,1,1,0
30210,-1,0,0.48609883,0.619187,1,1,unassigned,5.0,5.0,0.0,1.0,0.0,0.0,0.0058027077,0.0,0,0,0,1,0
30211,-1,0,0.7916307,0.68818134,1,1,unassigned,18.0,18.0,0.0,1.0,0.0,0.0,0.030947777,0.0,0,0,0,1,0
30212,-1,1,-0.45112938,0.3890923,0,1,unassigned,2.0,2.0,0.0,1.0,0.0,0.0,0.0,0.0,1,0,0,0,0
30213,0,1,0.16658694,0.5415507,1,1,test,44.0,43.0,1.0,0.97727275,0.022727273,0.022727251,0.08123791,0.0018463163,1,0,0,1,0
30214,-1,0,0.9602981,0.7231815,1,1,unassigned,4.0,4.0,0.0,1.0,0.0,0.0,0.003868472,0.0,0,0,0,1,0
30215,-1,0,0.47215468,0.61589366,1,1,unassigned,2.0,2.0,0.0,1.0,0.0,0.0,0.0,0.0,0,0,0,1,0
30216,1,0,23.833078,1.0,1,0,val,3.0,1.0,2.0,0.33333334,0.6666667,0.6666666,0.001934236,0.0012894907,0,0,1,1,1
30217,-1,0,3.3621066,0.9664991,1,1,unassigned,5.0,5.0,0.0,1.0,0.0,0.0,0.0058027077,0.0,0,0,0,1,1
30218,1,0,2.1506693,0.89573133,1,0,unassigned,28.0,28.0,0.0,1.0,0.0,0.0,0.050290134,0.0,0,0,1,1,0
30219,-1,0,0.46761614,0.6148194,1,1,unassigned,2.0,2.0,0.0,1.0,0.0,0.0,0.0,0.0,0,0,0,1,0
30220,-1,0,0.34582978,0.585606,1,1,unassigned,2.0,2.0,0.0,1.0,0.0,0.0,0.0,0.0,0,0,0,1,0
30221,0,0,0.22907287,0.5570191,1,1,unassigned,8.0,8.0,0.0,1.0,0.0,0.0,0.0116054155,0.0,0,0,0,1,0
30222,-1,0,-0.119174,0.4702417,0,1,unassigned,54.0,53.0,1.0,0.9814815,0.018518519,0.018518507,0.10058027,0.0018625975,0,0,0,0,0
30223,-1,0,-0.045330465,0.4886693,0,1,unassigned,8.0,8.0,0.0,1.0,0.0,0.0,0.0116054155,0.0,0,0,0,0,0
30224,-1,0,0.7524479,0.6797118,1,1,unassigned,23.0,23.0,0.0,1.0,0.0,0.0,0.040618956,0.0,0,0,0,1,0
30225,-1,0,-0.70023394,0.33176035,0,1,unassigned,27.0,27.0,0.0,1.0,0.0,0.0,0.0483559,0.0,0,0,0,0,0
30226,-1,0,0.36594087,0.59047776,1,1,unassigned,5.0,5.0,0.0,1.0,0.0,0.0,0.0058027077,0.0,0,0,0,1,0
30227,-1,1,-0.5262063,0.37140214,0,1,unassigned,44.0,42.0,2.0,0.95454544,0.045454547,0.04545456,0.08123791,0.0036926325,1,0,0,0,0
30228,1,0,2.6196482,0.9321154,1,0,unassigned,7.0,7.0,0.0,1.0,0.0,0.0,0.00967118,0.0,0,0,1,1,1
30229,-1,0,0.44858152,0.6103019,1,1,unassigned,4.0,4.0,0.0,1.0,0.0,0.0,0.003868472,0.0,0,0,0,1,0
30230,-1,0,1.0484614,0.74047935,1,1,unassigned,8.0,7.0,1.0,0.875,0.125,0.125,0.0116054155,0.0014506769,0,0,0,1,0
30231,-1,0,1.4012024,0.80237466,1,1,unassigned,45.0,45.0,0.0,1.0,0.0,0.0,0.08317215,0.0,0,0,0,1,0
30232,-1,0,-0.7151433,0.32846335,0,1,unassigned,26.0,26.0,0.0,1.0,0.0,0.0,0.046421662,0.0,0,0,0,0,0
30233,-1,1,-1.46388,0.18787462,0,1,unassigned,3.0,3.0,0.0,1.0,0.0,0.0,0.001934236,0.0,1,0,0,0,0
30234,-1,0,-0.5461003,0.3667696,0,1,unassigned,49.0,49.0,0.0,1.0,0.0,0.0,0.09090909,0.0,0,0,0,0,0
30235,-1,1,0.28969198,0.5719207,1,1,unassigned,34.0,31.0,3.0,0.9117647,0.0882353,0.08823532,0.061895553,0.0054613724,1,0,0,1,0
30236,-1,0,5.044457,0.9935963,1,1,unassigned,12.0,11.0,1.0,0.9166667,0.083333336,0.08333331,0.01934236,0.0016118633,0,0,0,1,1
30237,-1,0,-0.96614325,0.2756499,0,1,unassigned,33.0,31.0,2.0,0.93939394,0.060606062,0.060606062,0.059961315,0.0036340193,0,0,0,0,0
30238,-1,0,-0.59431237,0.355646,0,1,unassigned,10.0,10.0,0.0,1.0,0.0,0.0,0.015473888,0.0,0,0,0,0,0
30239,-1,0,-0.44431207,0.39071393,0,1,unassigned,11.0,11.0,0.0,1.0,0.0,0.0,0.017408123,0.0,0,0,0,0,0
30240,-1,0,-0.28344223,0.4296101,0,1,unassigned,12.0,12.0,0.0,1.0,0.0,0.0,0.01934236,0.0,0,0,0,0,0
30241,-1,0,2.5233495,0.9257626,1,1,unassigned,8.0,8.0,0.0,1.0,0.0,0.0,0.0116054155,0.0,0,0,0,1,1
30242,1,0,5.7631564,0.99686867,1,0,unassigned,6.0,5.0,1.0,0.8333333,0.16666667,0.16666669,0.007736944,0.0012894907,0,0,1,1,1
30243,-1,0,-0.18267703,0.45445734,0,1,unassigned,15.0,15.0,0.0,1.0,0.0,0.0,0.025145067,0.0,0,0,0,0,0
30244,1,0,0.15170729,0.53785425,1,0,val,24.0,24.0,0.0,1.0,0.0,0.0,0.04255319,0.0,0,0,1,1,0
30245,0,0,-0.26534665,0.43404981,0,0,unassigned,14.0,14.0,0.0,1.0,0.0,0.0,0.023210831,0.0,0,0,1,0,0
30246,-1,1,-0.63244224,0.346957,0,1,unassigned,27.0,26.0,1.0,0.962963,0.037037037,0.037037015,0.0483559,0.0017909593,1,0,0,0,0
30247,-1,0,0.07631767,0.51907015,1,1,unassigned,2.0,2.0,0.0,1.0,0.0,0.0,0.0,0.0,0,0,0,1,0
30248,-1,0,-0.047100127,0.4882272,0,1,unassigned,3.0,3.0,0.0,1.0,0.0,0.0,0.001934236,0.0,0,0,0,0,0
30249,-1,0,11.916785,0.9999933,1,1,unassigned,2.0,2.0,0.0,1.0,0.0,0.0,0.0,0.0,0,0,0,1,1
30250,-1,0,2.9927113,0.9522438,1,1,unassigned,5.0,5.0,0.0,1.0,0.0,0.0,0.0058027077,0.0,0,0,0,1,1
30251,-1,0,1.9936252,0.8801261,1,1,unassigned,5.0,4.0,1.0,0.8,0.2,0.19999999,0.0058027077,0.0011605415,0,0,0,1,0
30252,-1,0,3.9769366,0.9816019,1,1,unassigned,2.0,2.0,0.0,1.0,0.0,0.0,0.0,0.0,0,0,0,1,1
30253,-1,1,0.80493945,0.6910301,1,1,unassigned,15.0,14.0,1.0,0.93333334,0.06666667,0.06666666,0.025145067,0.0016763379,1,0,0,1,0
30254,-1,0,-0.40010864,0.40128624,0,1,unassigned,21.0,19.0,2.0,0.9047619,0.0952381,0.09523809,0.036750484,0.0035000462,0,0,0,0,0
30255,-1,0,-0.4594839,0.38710827,0,1,unassigned,22.0,22.0,0.0,1.0,0.0,0.0,0.03868472,0.0,0,0,0,0,0
30256,-1,0,1.5538003,0.8254619,1,1,unassigned,6.0,6.0,0.0,1.0,0.0,0.0,0.007736944,0.0,0,0,0,1,0
30257,-1,0,3.9692128,0.9814618,1,1,unassigned,6.0,5.0,1.0,0.8333333,0.16666667,0.16666669,0.007736944,0.0012894907,0,0,0,1,1
30258,-1,0,1.4025753,0.8025922,1,1,unassigned,3.0,3.0,0.0,1.0,0.0,0.0,0.001934236,0.0,0,0,0,1,0
30259,-1,1,-0.2626258,0.4347183,0,1,unassigned,22.0,20.0,2.0,0.90909094,0.09090909,0.090909064,0.03868472,0.0035167928,1,0,0,0,0
30260,-1,0,3.4818661,0.97016746,1,1,unassigned,12.0,8.0,4.0,0.6666667,0.33333334,0.3333333,0.01934236,0.006447453,0,0,0,1,1
30261,-1,0,-0.18119252,0.4548254,0,1,unassigned,15.0,15.0,0.0,1.0,0.0,0.0,0.025145067,0.0,0,0,0,0,0
30262,-1,1,3.542001,0.97185946,1,1,unassigned,4.0,4.0,0.0,1.0,0.0,0.0,0.003868472,0.0,1,0,0,1,1
30263,-1,0,-0.51665306,0.3736352,0,1,unassigned,4.0,3.0,1.0,0.75,0.25,0.25,0.003868472,0.000967118,0,0,0,0,0
30264,-1,0,0.32041556,0.5794255,1,1,unassigned,4.0,4.0,0.0,1.0,0.0,0.0,0.003868472,0.0,0,0,0,1,0
30265,-1,1,6.0488296,0.99764496,1,1,unassigned,50.0,29.0,21.0,0.58,0.42,0.42000002,0.092843324,0.038994193,1,0,0,1,1
30266,-1,1,-0.8500222,0.2994282,0,1,unassigned,89.0,85.0,4.0,0.9550562,0.04494382,0.04494381,0.16827853,0.00756308,1,0,0,0,0
30267,-1,1,2.7928536,0.94228846,1,1,unassigned,16.0,15.0,1.0,0.9375,0.0625,0.0625,0.027079303,0.0016924564,1,0,0,1,1
30268,-1,0,-0.21369231,0.44677928,0,1,unassigned,2.0,2.0,0.0,1.0,0.0,0.0,0.0,0.0,0,0,0,0,0
30269,-1,0,-0.4531036,0.3886231,0,1,unassigned,24.0,24.0,0.0,1.0,0.0,0.0,0.04255319,0.0,0,0,0,0,0
30270,-1,1,1.679148,0.8427917,1,1,unassigned,2.0,1.0,1.0,0.5,0.5,0.5,0.0,0.0,1,0,0,1,0
30271,-1,0,1.5724742,0.828136,1,1,unassigned,3.0,3.0,0.0,1.0,0.0,0.0,0.001934236,0.0,0,0,0,1,0
30272,-1,0,-0.6110331,0.35182357,0,1,unassigned,25.0,23.0,2.0,0.92,0.08,0.07999998,0.044487428,0.003558994,0,0,0,0,0
30273,-1,1,-0.24412346,0.43927044,0,1,unassigned,4.0,3.0,1.0,0.75,0.25,0.25,0.003868472,0.000967118,1,0,0,0,0
30274,-1,0,-0.7876265,0.31267852,0,1,unassigned,11.0,11.0,0.0,1.0,0.0,0.0,0.017408123,0.0,0,0,0,0,0
30275,-1,1,2.9495661,0.95024294,1,1,unassigned,28.0,26.0,2.0,0.9285714,0.071428575,0.0714286,0.050290134,0.0035921526,1,0,0,1,1
30276,-1,0,-0.49359775,0.3790464,0,1,unassigned,20.0,19.0,1.0,0.95,0.05,0.050000012,0.034816246,0.0017408123,0,0,0,0,0
30277,-1,0,-0.58829075,0.3570271,0,1,unassigned,58.0,58.0,0.0,1.0,0.0,0.0,0.10831721,0.0,0,0,0,0,0
30278,0,0,-0.37744966,0.40674216,0,0,unassigned,49.0,49.0,0.0,1.0,0.0,0.0,0.09090909,0.0,0,0,1,0,0
30279,-1,1,-0.40974432,0.39897344,0,1,unassigned,4.0,4.0,0.0,1.0,0.0,0.0,0.003868472,0.0,1,0,0,0,0
30280,-1,1,0.48740727,0.61949545,1,1,unassigned,194.0,174.0,20.0,0.8969072,0.10309278,0.10309279,0.3713733,0.038285907,1,0,0,1,0
30281,0,0,-0.07621521,0.48095542,0,0,unassigned,20.0,19.0,1.0,0.95,0.05,0.050000012,0.034816246,0.0017408123,0,0,1,0,0
30282,-1,0,4.07841,0.9833476,1,1,unassigned,6.0,6.0,0.0,1.0,0.0,0.0,0.007736944,0.0,0,0,0,1,1
30283,0,0,-0.7545526,0.31983012,0,0,test,36.0,36.0,0.0,1.0,0.0,0.0,0.065764025,0.0,0,0,1,0,0
30284,-1,0,3.049926,0.9547793,1,1,unassigned,25.0,20.0,5.0,0.8,0.2,0.19999999,0.044487428,0.008897486,0,0,0,1,1
30285,-1,0,-0.9440311,0.2800868,0,1,unassigned,3.0,3.0,0.0,1.0,0.0,0.0,0.001934236,0.0,0,0,0,0,0
30286,0,0,-0.67163646,0.3381305,0,0,unassigned,49.0,48.0,1.0,0.97959185,0.020408163,0.020408154,0.09090909,0.0018552876,0,0,1,0,0
30287,-1,0,0.48155898,0.6181159,1,1,unassigned,4.0,4.0,0.0,1.0,0.0,0.0,0.003868472,0.0,0,0,0,1,0
30288,-1,0,-0.43103507,0.39387918,0,1,unassigned,2.0,2.0,0.0,1.0,0.0,0.0,0.0,0.0,0,0,0,0,0
30289,-1,0,-0.37166542,0.40813866,0,1,unassigned,10.0,10.0,0.0,1.0,0.0,0.0,0.015473888,0.0,0,0,0,0,0
30290,-1,0,-0.081485,0.47963998,0,1,unassigned,12.0,12.0,0.0,1.0,0.0,0.0,0.01934236,0.0,0,0,0,0,0
30291,-1,0,0.08315396,0.5207765,1,1,unassigned,2.0,2.0,0.0,1.0,0.0,0.0,0.0,0.0,0,0,0,1,0
30292,-1,0,3.399447,0.96768725,1,1,unassigned,10.0,8.0,2.0,0.8,0.2,0.19999999,0.015473888,0.0030947777,0,0,0,1,1
30293,1,0,13.69146,0.9999989,1,0,unassigned,3.0,3.0,0.0,1.0,0.0,0.0,0.001934236,0.0,0,0,1,1,1
30294,0,1,-0.6527456,0.34237108,0,0,unassigned,15.0,15.0,0.0,1.0,0.0,0.0,0.025145067,0.0,1,0,1,0,0
30295,-1,1,-1.0214328,0.26474842,0,1,unassigned,3.0,3.0,0.0,1.0,0.0,0.0,0.001934236,0.0,1,0,0,0,0
30296,-1,0,15.360477,0.99999976,1,1,unassigned,2.0,2.0,0.0,1.0,0.0,0.0,0.0,0.0,0,0,0,1,1
30297,-1,0,8.663729,0.9998273,1,1,unassigned,12.0,9.0,3.0,0.75,0.25,0.25,0.01934236,0.00483559,0,0,0,1,1
30298,-1,0,-0.68990654,0.33405384,0,1,unassigned,40.0,40.0,0.0,1.0,0.0,0.0,0.07350097,0.0,0,0,0,0,0
30299,-1,0,-0.58568394,0.35762575,0,1,unassigned,64.0,63.0,1.0,0.984375,0.015625,0.015625,0.11992263,0.0018737911,0,0,0,0,0
30300,-1,0,0.4154505,0.6023941,1,1,unassigned,24.0,24.0,0.0,1.0,0.0,0.0,0.04255319,0.0,0,0,0,1,0
30301,-1,1,0.053778768,0.51344144,1,1,unassigned,8.0,8.0,0.0,1.0,0.0,0.0,0.0116054155,0.0,1,0,0,1,0
30302,-1,0,-0.6331935,0.34678677,0,1,unassigned,104.0,104.0,0.0,1.0,0.0,0.0,0.19729207,0.0,0,0,0,0,0
30303,-1,0,2.8899338,0.94734657,1,1,unassigned,5.0,5.0,0.0,1.0,0.0,0.0,0.0058027077,0.0,0,0,0,1,1
30304,-1,0,6.627729,0.9986785,1,1,unassigned,7.0,7.0,0.0,1.0,0.0,0.0,0.00967118,0.0,0,0,0,1,1
30305,-1,0,2.5103905,0.92486703,1,1,unassigned,4.0,4.0,0.0,1.0,0.0,0.0,0.003868472,0.0,0,0,0,1,1
30306,-1,0,0.60465115,0.6467197,1,1,unassigned,12.0,9.0,3.0,0.75,0.25,0.25,0.01934236,0.00483559,0,0,0,1,0
30307,-1,0,4.3930182,0.98778766,1,1,unassigned,3.0,3.0,0.0,1.0,0.0,0.0,0.001934236,0.0,0,0,0,1,1
30308,-1,0,0.18538254,0.5462133,1,1,unassigned,21.0,20.0,1.0,0.95238096,0.04761905,0.047619045,0.036750484,0.0017500231,0,0,0,1,0
30309,-1,0,-0.9955721,0.26981288,0,1,unassigned,12.0,12.0,0.0,1.0,0.0,0.0,0.01934236,0.0,0,0,0,0,0
30310,-1,1,-1.0133649,0.26632184,0,1,unassigned,12.0,11.0,1.0,0.9166667,0.083333336,0.08333331,0.01934236,0.0016118633,1,0,0,0,0
30311,-1,0,-0.49187073,0.37945297,0,1,unassigned,13.0,13.0,0.0,1.0,0.0,0.0,0.021276595,0.0,0,0,0,0,0
30312,-1,1,3.0102935,0.953037,1,1,unassigned,143.0,132.0,11.0,0.9230769,0.07692308,0.07692307,0.27272728,0.020979023,1,0,0,1,1
30313,-1,0,1.250634,0.7774096,1,1,unassigned,29.0,26.0,3.0,0.8965517,0.10344828,0.10344827,0.05222437,0.005402521,0,0,0,1,0
30314,-1,0,3.0124896,0.95313525,1,1,unassigned,90.0,90.0,0.0,1.0,0.0,0.0,0.17021276,0.0,0,0,0,1,1
30315,-1,0,-0.6498495,0.34302345,0,1,unassigned,26.0,26.0,0.0,1.0,0.0,0.0,0.046421662,0.0,0,0,0,0,0
30316,-1,0,-0.7830284,0.31366757,0,1,unassigned,18.0,18.0,0.0,1.0,0.0,0.0,0.030947777,0.0,0,0,0,0,0
30317,-1,0,3.7801883,0.97769064,1,1,unassigned,8.0,7.0,1.0,0.875,0.125,0.125,0.0116054155,0.0014506769,0,0,0,1,1
30318,-1,0,-0.7318147,0.32479665,0,1,unassigned,19.0,19.0,0.0,1.0,0.0,0.0,0.032882012,0.0,0,0,0,0,0
30319,-1,0,1.7501771,0.85197514,1,1,unassigned,4.0,4.0,0.0,1.0,0.0,0.0,0.003868472,0.0,0,0,0,1,0
30320,-1,0,-0.19643542,0.45104843,0,1,unassigned,4.0,4.0,0.0,1.0,0.0,0.0,0.003868472,0.0,0,0,0,0,0
30321,-1,0,-0.168699,0.457925,0,1,unassigned,5.0,5.0,0.0,1.0,0.0,0.0,0.0058027077,0.0,0,0,0,0,0
30322,-1,0,0.6441557,0.6556923,1,1,unassigned,3.0,3.0,0.0,1.0,0.0,0.0,0.001934236,0.0,0,0,0,1,0
30323,-1,0,0.19081777,0.5475602,1,1,unassigned,2.0,2.0,0.0,1.0,0.0,0.0,0.0,0.0,0,0,0,1,0
30324,-1,0,0.86042625,0.7027497,1,1,unassigned,14.0,13.0,1.0,0.9285714,0.071428575,0.0714286,0.023210831,0.0016579166,0,0,0,1,0
30325,0,0,0.36679095,0.59068334,1,1,val,21.0,21.0,0.0,1.0,0.0,0.0,0.036750484,0.0,0,0,0,1,0
30326,0,1,0.36341488,0.5898668,1,1,test,8.0,7.0,1.0,0.875,0.125,0.125,0.0116054155,0.0014506769,1,0,0,1,0
30327,-1,0,2.3147,0.9100872,1,1,unassigned,7.0,7.0,0.0,1.0,0.0,0.0,0.00967118,0.0,0,0,0,1,1
30328,-1,0,-0.68081915,0.3360785,0,1,unassigned,11.0,10.0,1.0,0.90909094,0.09090909,0.090909064,0.017408123,0.0015825568,0,0,0,0,0
30329,-1,0,2.1168363,0.89252883,1,1,unassigned,10.0,9.0,1.0,0.9,0.1,0.100000024,0.015473888,0.0015473888,0,0,0,1,0
30330,-1,1,0.70133704,0.6684841,1,1,unassigned,13.0,13.0,0.0,1.0,0.0,0.0,0.021276595,0.0,1,0,0,1,0
30331,-1,0,-0.8991256,0.28923023,0,1,unassigned,32.0,30.0,2.0,0.9375,0.0625,0.0625,0.058027077,0.0036266923,0,0,0,0,0
30332,-1,1,-0.7072064,0.33021644,0,1,unassigned,26.0,25.0,1.0,0.96153843,0.03846154,0.038461566,0.046421662,0.0017854486,1,0,0,0,0
30333,-1,0,0.21263486,0.5529594,1,1,unassigned,11.0,11.0,0.0,1.0,0.0,0.0,0.017408123,0.0,0,0,0,1,0
30334,-1,0,3.4638622,0.9696418,1,1,unassigned,8.0,6.0,2.0,0.75,0.25,0.25,0.0116054155,0.0029013539,0,0,0,1,1
30335,-1,0,4.5457845,0.9894995,1,1,unassigned,4.0,4.0,0.0,1.0,0.0,0.0,0.003868472,0.0,0,0,0,1,1
30336,-1,0,2.0755446,0.88850343,1,1,unassigned,2.0,2.0,0.0,1.0,0.0,0.0,0.0,0.0,0,0,0,1,0
30337,-1,1,-0.6677082,0.3390102,0,1,unassigned,3.0,3.0,0.0,1.0,0.0,0.0,0.001934236,0.0,1,0,0,0,0
30338,-1,1,-0.14579636,0.46361536,0,1,unassigned,16.0,16.0,0.0,1.0,0.0,0.0,0.027079303,0.0,1,0,0,0,0
30339,-1,0,-0.6018509,0.35392034,0,1,unassigned,15.0,13.0,2.0,0.8666667,0.13333334,0.13333333,0.025145067,0.0033526758,0,0,0,0,0
30340,-1,0,1.8209217,0.8606767,1,1,unassigned,21.0,21.0,0.0,1.0,0.0,0.0,0.036750484,0.0,0,0,0,1,0
30341,-1,1,3.7070744,0.976039,1,1,unassigned,4.0,4.0,0.0,1.0,0.0,0.0,0.003868472,0.0,1,0,0,1,1
30342,-1,1,5.4427123,0.9956909,1,1,unassigned,18.0,17.0,1.0,0.9444444,0.055555556,0.055555582,0.030947777,0.0017193209,1,0,0,1,1
30343,-1,0,1.1769145,0.7643926,1,1,unassigned,12.0,1.0,11.0,0.083333336,0.9166667,0.9166667,0.01934236,0.017730497,0,0,0,1,0
30344,-1,0,-0.67792755,0.33672398,0,1,unassigned,105.0,103.0,2.0,0.9809524,0.01904762,0.019047618,0.1992263,0.003794787,0,0,0,0,0
30345,-1,0,-0.6954478,0.3328223,0,1,unassigned,54.0,53.0,1.0,0.9814815,0.018518519,0.018518507,0.10058027,0.0018625975,0,0,0,0,0
30346,0,0,0.034236968,0.5085584,1,1,test,26.0,25.0,1.0,0.96153843,0.03846154,0.038461566,0.046421662,0.0017854486,0,0,0,1,0
30347,-1,0,0.97819847,0.7267507,1,1,unassigned,35.0,35.0,0.0,1.0,0.0,0.0,0.06382979,0.0,0,0,0,1,0
30348,-1,1,0.3393321,0.58402824,1,1,unassigned,30.0,30.0,0.0,1.0,0.0,0.0,0.054158606,0.0,1,0,0,1,0
30349,-1,1,-0.008395612,0.4979011,0,1,unassigned,2.0,2.0,0.0,1.0,0.0,0.0,0.0,0.0,1,0,0,0,0
30350,-1,0,3.3375165,0.96569365,1,1,unassigned,5.0,5.0,0.0,1.0,0.0,0.0,0.0058027077,0.0,0,0,0,1,1
30351,0,1,-0.14339775,0.4642119,0,0,val,36.0,36.0,0.0,1.0,0.0,0.0,0.065764025,0.0,1,0,1,0,0
30352,-1,1,2.1279874,0.8935938,1,1,unassigned,123.0,120.0,3.0,0.9756098,0.024390243,0.02439022,0.23404256,0.005708355,1,0,0,1,0
30353,-1,1,-0.21388158,0.4467325,0,1,unassigned,6.0,6.0,0.0,1.0,0.0,0.0,0.007736944,0.0,1,0,0,0,0
30354,-1,1,0.551122,0.6343959,1,1,unassigned,36.0,34.0,2.0,0.9444444,0.055555556,0.055555582,0.065764025,0.003653557,1,0,0,1,0
30355,-1,1,17.50904,1.0,1,1,unassigned,3.0,2.0,1.0,0.6666667,0.33333334,0.3333333,0.001934236,0.00064474536,1,0,0,1,1
30356,-1,0,5.7520595,0.99683386,1,1,unassigned,2.0,2.0,0.0,1.0,0.0,0.0,0.0,0.0,0,0,0,1,1
30357,0,1,1.6604769,0.840302,1,1,unassigned,27.0,20.0,7.0,0.7407407,0.25925925,0.25925928,0.0483559,0.012536715,1,0,0,1,0
30358,-1,0,3.2905653,0.96410376,1,1,unassigned,15.0,12.0,3.0,0.8,0.2,0.19999999,0.025145067,0.0050290134,0,0,0,1,1
30359,-1,1,1.6367662,0.8370944,1,1,unassigned,75.0,73.0,2.0,0.97333336,0.026666667,0.026666641,0.14119923,0.003765313,1,0,0,1,0
30360,-1,1,1.9529245,0.8757652,1,1,unassigned,19.0,17.0,2.0,0.8947368,0.10526316,0.10526317,0.032882012,0.0034612645,1,0,0,1,0
30361,-1,1,0.30716038,0.57619196,1,1,unassigned,43.0,43.0,0.0,1.0,0.0,0.0,0.079303674,0.0,1,0,0,1,0
30362,-1,1,-0.38857436,0.4040605,0,1,unassigned,19.0,19.0,0.0,1.0,0.0,0.0,0.032882012,0.0,1,0,0,0,0
30363,-1,1,0.7585791,0.6810451,1,1,unassigned,5.0,5.0,0.0,1.0,0.0,0.0,0.0058027077,0.0,1,0,0,1,0
30364,1,1,0.9114991,0.71330684,1,0,unassigned,18.0,18.0,0.0,1.0,0.0,0.0,0.030947777,0.0,1,0,1,1,0
30365,-1,1,0.99040633,0.7291682,1,1,unassigned,98.0,91.0,7.0,0.9285714,0.071428575,0.0714286,0.18568665,0.013263333,1,0,0,1,0
30366,-1,1,3.9216821,0.98057705,1,1,unassigned,12.0,12.0,0.0,1.0,0.0,0.0,0.01934236,0.0,1,0,0,1,1
30367,-1,1,2.7787874,0.9415187,1,1,unassigned,2.0,2.0,0.0,1.0,0.0,0.0,0.0,0.0,1,0,0,1,1
30368,-1,1,2.565295,0.9285943,1,1,unassigned,3.0,1.0,2.0,0.33333334,0.6666667,0.6666666,0.001934236,0.0012894907,1,0,0,1,1
30369,1,0,0.96968395,0.7250565,1,0,train,36.0,36.0,0.0,1.0,0.0,0.0,0.065764025,0.0,0,0,1,1,0
30370,-1,0,-0.9188838,0.28518537,0,1,unassigned,22.0,22.0,0.0,1.0,0.0,0.0,0.03868472,0.0,0,0,0,0,0
30371,-1,1,4.7367606,0.99130917,1,1,unassigned,10.0,8.0,2.0,0.8,0.2,0.19999999,0.015473888,0.0030947777,1,0,0,1,1
30372,-1,1,-0.3213941,0.42033607,0,1,unassigned,2.0,2.0,0.0,1.0,0.0,0.0,0.0,0.0,1,0,0,0,0
30373,-1,0,-0.7087827,0.3298679,0,1,unassigned,109.0,107.0,2.0,0.98165137,0.018348623,0.018348634,0.20696326,0.0037974908,0,0,0,0,0
30374,-1,0,-0.7854587,0.31314462,0,1,unassigned,16.0,16.0,0.0,1.0,0.0,0.0,0.027079303,0.0,0,0,0,0,0
30375,-1,0,-0.1527743,0.46188053,0,1,unassigned,24.0,24.0,0.0,1.0,0.0,0.0,0.04255319,0.0,0,0,0,0,0
30376,-1,0,-0.9106726,0.28686222,0,1,unassigned,23.0,23.0,0.0,1.0,0.0,0.0,0.040618956,0.0,0,0,0,0,0
30377,-1,0,6.556729,0.9985815,1,1,unassigned,6.0,4.0,2.0,0.6666667,0.33333334,0.3333333,0.007736944,0.0025789815,0,0,0,1,1
30378,-1,0,2.3095338,0.90966356,1,1,unassigned,3.0,2.0,1.0,0.6666667,0.33333334,0.3333333,0.001934236,0.00064474536,0,0,0,1,1
30379,-1,0,2.5975096,0.9307011,1,1,unassigned,8.0,6.0,2.0,0.75,0.25,0.25,0.0116054155,0.0029013539,0,0,0,1,1
30380,-1,1,-0.26450172,0.43425742,0,1,unassigned,2.0,2.0,0.0,1.0,0.0,0.0,0.0,0.0,1,0,0,0,0
30381,-1,0,1.6423733,0.8378576,1,1,unassigned,3.0,3.0,0.0,1.0,0.0,0.0,0.001934236,0.0,0,0,0,1,0
30382,-1,0,3.1149843,0.9575066,1,1,unassigned,3.0,3.0,0.0,1.0,0.0,0.0,0.001934236,0.0,0,0,0,1,1
30383,1,0,2.6409504,0.93345106,1,0,unassigned,7.0,7.0,0.0,1.0,0.0,0.0,0.00967118,0.0,0,0,1,1,1
30384,0,0,0.48606592,0.61917925,1,1,test,18.0,18.0,0.0,1.0,0.0,0.0,0.030947777,0.0,0,0,0,1,0
30385,-1,1,6.8102136,0.99889874,1,1,unassigned,2.0,2.0,0.0,1.0,0.0,0.0,0.0,0.0,1,0,0,1,1
30386,-1,0,-0.5798702,0.35896245,0,1,unassigned,81.0,77.0,4.0,0.9506173,0.049382716,0.049382687,0.15280464,0.0075459084,0,0,0,0,0
30387,-1,0,0.59647757,0.6448501,1,1,unassigned,3.0,3.0,0.0,1.0,0.0,0.0,0.001934236,0.0,0,0,0,1,0
30388,0,0,-0.10344064,0.47416288,0,0,unassigned,2.0,2.0,0.0,1.0,0.0,0.0,0.0,0.0,0,0,1,0,0
30389,-1,0,0.7269005,0.6741247,1,1,unassigned,5.0,5.0,0.0,1.0,0.0,0.0,0.0058027077,0.0,0,0,0,1,0
30390,-1,0,-0.8978313,0.28949636,0,1,unassigned,29.0,28.0,1.0,0.9655172,0.03448276,0.034482777,0.05222437,0.0018008404,0,0,0,0,0
30391,-1,0,5.322702,0.9951441,1,1,unassigned,4.0,4.0,0.0,1.0,0.0,0.0,0.003868472,0.0,0,0,0,1,1
30392,1,0,1.9390724,0.8742502,1,0,val,3.0,2.0,1.0,0.6666667,0.33333334,0.3333333,0.001934236,0.00064474536,0,0,1,1,0
30393,-1,0,5.7194595,0.99672925,1,1,unassigned,2.0,2.0,0.0,1.0,0.0,0.0,0.0,0.0,0,0,0,1,1
30394,-1,1,-0.35999995,0.41095957,0,1,unassigned,24.0,24.0,0.0,1.0,0.0,0.0,0.04255319,0.0,1,0,0,0,0
30395,-1,1,3.7702963,0.9774739,1,1,unassigned,4.0,3.0,1.0,0.75,0.25,0.25,0.003868472,0.000967118,1,0,0,1,1
30396,1,1,-0.8868158,0.29176736,0,1,unassigned,13.0,10.0,3.0,0.7692308,0.23076923,0.23076922,0.021276595,0.0049099834,1,0,0,0,0
30397,-1,1,2.1874464,0.8991165,1,1,unassigned,43.0,31.0,12.0,0.7209302,0.27906978,0.27906978,0.079303674,0.022131259,1,0,0,1,0
30398,-1,1,0.4301222,0.60590285,1,1,unassigned,2.0,2.0,0.0,1.0,0.0,0.0,0.0,0.0,1,0,0,1,0
30399,1,0,-0.1610899,0.45981443,0,1,val,10.0,10.0,0.0,1.0,0.0,0.0,0.015473888,0.0,0,0,0,0,0
30400,-1,0,5.7520595,0.99683386,1,1,unassigned,2.0,2.0,0.0,1.0,0.0,0.0,0.0,0.0,0,0,0,1,1
30401,1,0,-0.25602078,0.43634215,0,1,unassigned,3.0,3.0,0.0,1.0,0.0,0.0,0.001934236,0.0,0,0,0,0,0
30402,0,1,-0.17112374,0.45732313,0,0,unassigned,7.0,7.0,0.0,1.0,0.0,0.0,0.00967118,0.0,1,0,1,0,0
30403,-1,0,3.3840997,0.9672039,1,1,unassigned,3.0,3.0,0.0,1.0,0.0,0.0,0.001934236,0.0,0,0,0,1,1
30404,-1,0,6.1240926,0.99781525,1,1,unassigned,2.0,2.0,0.0,1.0,0.0,0.0,0.0,0.0,0,0,0,1,1
30405,-1,1,1.5186656,0.8203419,1,1,unassigned,13.0,13.0,0.0,1.0,0.0,0.0,0.021276595,0.0,1,0,0,1,0
30406,-1,1,-0.6488052,0.34325883,0,1,unassigned,63.0,63.0,0.0,1.0,0.0,0.0,0.11798839,0.0,1,0,0,0,0
30407,-1,0,0.8099051,0.69208926,1,1,unassigned,3.0,3.0,0.0,1.0,0.0,0.0,0.001934236,0.0,0,0,0,1,0
30408,-1,0,2.7138956,0.93784165,1,1,unassigned,3.0,2.0,1.0,0.6666667,0.33333334,0.3333333,0.001934236,0.00064474536,0,0,0,1,1
30409,0,0,-1.5300022,0.17799337,0,0,train,2.0,1.0,1.0,0.5,0.5,0.5,0.0,0.0,0,0,1,0,0
30410,-1,0,-0.55046546,0.36575642,0,1,unassigned,3.0,3.0,0.0,1.0,0.0,0.0,0.001934236,0.0,0,0,0,0,0
30411,-1,1,5.3118224,0.9950913,1,1,unassigned,3.0,2.0,1.0,0.6666667,0.33333334,0.3333333,0.001934236,0.00064474536,1,0,0,1,1
30412,-1,0,3.1031456,0.9570223,1,1,unassigned,26.0,25.0,1.0,0.96153843,0.03846154,0.038461566,0.046421662,0.0017854486,0,0,0,1,1
30413,-1,0,1.5162826,0.81999046,1,1,unassigned,19.0,19.0,0.0,1.0,0.0,0.0,0.032882012,0.0,0,0,0,1,0
30414,-1,0,0.87582415,0.70595616,1,1,unassigned,28.0,27.0,1.0,0.96428573,0.035714287,0.03571427,0.050290134,0.0017960763,0,0,0,1,0
30415,-1,1,-0.6074426,0.35264277,0,1,unassigned,41.0,39.0,2.0,0.9512195,0.048780486,0.0487805,0.07543521,0.003679766,1,0,0,0,0
30416,-1,0,3.4853194,0.9702672,1,1,unassigned,8.0,8.0,0.0,1.0,0.0,0.0,0.0116054155,0.0,0,0,0,1,1
30417,0,1,0.066182315,0.5165395,1,1,unassigned,50.0,49.0,1.0,0.98,0.02,0.01999998,0.092843324,0.0018568664,1,0,0,1,0
30418,-1,1,-0.04238397,0.4894056,0,1,unassigned,47.0,44.0,3.0,0.9361702,0.06382979,0.06382978,0.08704062,0.0055557843,1,0,0,0,0
30419,-1,1,-0.96594316,0.27568984,0,1,unassigned,39.0,39.0,0.0,1.0,0.0,0.0,0.07156673,0.0,1,0,0,0,0
30420,-1,1,-0.7593308,0.3187916,0,1,unassigned,20.0,20.0,0.0,1.0,0.0,0.0,0.034816246,0.0,1,0,0,0,0
30421,-1,1,-0.54577005,0.36684635,0,1,unassigned,27.0,25.0,2.0,0.9259259,0.074074075,0.07407409,0.0483559,0.0035819185,1,0,0,0,0
30422,-1,1,0.040002167,0.5099992,1,1,unassigned,5.0,5.0,0.0,1.0,0.0,0.0,0.0058027077,0.0,1,0,0,1,0
30423,1,1,1.655716,0.8396621,1,0,unassigned,31.0,31.0,0.0,1.0,0.0,0.0,0.056092843,0.0,1,0,1,1,0
30424,1,0,8.172955,0.9997179,1,0,val,4.0,4.0,0.0,1.0,0.0,0.0,0.003868472,0.0,0,0,1,1,1
30425,-1,0,-0.5150517,0.37401003,0,1,unassigned,2.0,1.0,1.0,0.5,0.5,0.5,0.0,0.0,0,0,0,0,0
30426,-1,0,-0.2504505,0.4377126,0,1,unassigned,6.0,6.0,0.0,1.0,0.0,0.0,0.007736944,0.0,0,0,0,0,0
30427,-1,0,6.262777,0.9980977,1,1,unassigned,2.0,2.0,0.0,1.0,0.0,0.0,0.0,0.0,0,0,0,1,1
30428,-1,1,2.9118698,0.94843006,1,1,unassigned,2.0,2.0,0.0,1.0,0.0,0.0,0.0,0.0,1,0,0,1,1
30429,1,0,5.964438,0.9974381,1,0,test,2.0,2.0,0.0,1.0,0.0,0.0,0.0,0.0,0,0,1,1,1
30430,-1,0,0.10393804,0.52596116,1,1,unassigned,9.0,9.0,0.0,1.0,0.0,0.0,0.013539651,0.0,0,0,0,1,0
30431,-1,1,0.85361797,0.70132554,1,1,unassigned,5.0,4.0,1.0,0.8,0.2,0.19999999,0.0058027077,0.0011605415,1,0,0,1,0
30432,-1,1,7.095321,0.99917173,1,1,unassigned,3.0,3.0,0.0,1.0,0.0,0.0,0.001934236,0.0,1,0,0,1,1
30433,-1,1,-0.9164861,0.28567442,0,1,unassigned,28.0,28.0,0.0,1.0,0.0,0.0,0.050290134,0.0,1,0,0,0,0
30434,-1,1,-0.61929965,0.34994078,0,1,unassigned,17.0,17.0,0.0,1.0,0.0,0.0,0.029013539,0.0,1,0,0,0,0
30435,-1,0,0.6699285,0.6614871,1,1,unassigned,5.0,5.0,0.0,1.0,0.0,0.0,0.0058027077,0.0,0,0,0,1,0
30436,-1,1,-0.19574773,0.45121875,0,1,unassigned,5.0,5.0,0.0,1.0,0.0,0.0,0.0058027077,0.0,1,0,0,0,0
30437,-1,0,0.76156074,0.6816925,1,1,unassigned,2.0,2.0,0.0,1.0,0.0,0.0,0.0,0.0,0,0,0,1,0
30438,-1,0,9.10914,0.9998894,1,1,unassigned,2.0,2.0,0.0,1.0,0.0,0.0,0.0,0.0,0,0,0,1,1
30439,-1,0,-0.914248,0.28613135,0,1,unassigned,23.0,23.0,0.0,1.0,0.0,0.0,0.040618956,0.0,0,0,0,0,0
30440,-1,0,-0.0070719123,0.49823204,0,1,unassigned,18.0,18.0,0.0,1.0,0.0,0.0,0.030947777,0.0,0,0,0,0,0
30441,-1,1,0.71055394,0.6705236,1,1,unassigned,6.0,6.0,0.0,1.0,0.0,0.0,0.007736944,0.0,1,0,0,1,0
30442,-1,0,-0.14690211,0.46334034,0,1,unassigned,8.0,2.0,6.0,0.25,0.75,0.75,0.0116054155,0.008704062,0,0,0,0,0
30443,-1,0,5.315444,0.9951089,1,1,unassigned,5.0,5.0,0.0,1.0,0.0,0.0,0.0058027077,0.0,0,0,0,1,1
30444,-1,0,6.262777,0.9980977,1,1,unassigned,2.0,2.0,0.0,1.0,0.0,0.0,0.0,0.0,0,0,0,1,1
30445,-1,1,0.28000808,0.5695482,1,1,unassigned,2.0,2.0,0.0,1.0,0.0,0.0,0.0,0.0,1,0,0,1,0
30446,-1,1,0.14556187,0.53632635,1,1,unassigned,2.0,2.0,0.0,1.0,0.0,0.0,0.0,0.0,1,0,0,1,0
30447,-1,0,-0.38104457,0.405875,0,1,unassigned,12.0,12.0,0.0,1.0,0.0,0.0,0.01934236,0.0,0,0,0,0,0
30448,-1,0,3.5075347,0.97090137,1,1,unassigned,2.0,2.0,0.0,1.0,0.0,0.0,0.0,0.0,0,0,0,1,1
30449,-1,0,7.023869,0.9991104,1,1,unassigned,2.0,2.0,0.0,1.0,0.0,0.0,0.0,0.0,0,0,0,1,1
30450,-1,0,6.1240926,0.99781525,1,1,unassigned,2.0,2.0,0.0,1.0,0.0,0.0,0.0,0.0,0,0,0,1,1
30451,-1,0,-0.80933505,0.3080322,0,1,unassigned,40.0,37.0,3.0,0.925,0.075,0.07499999,0.07350097,0.005512573,0,0,0,0,0
30452,-1,0,1.4547777,0.81073266,1,1,unassigned,7.0,7.0,0.0,1.0,0.0,0.0,0.00967118,0.0,0,0,0,1,0
30453,-1,1,0.23041242,0.5573496,1,1,unassigned,21.0,19.0,2.0,0.9047619,0.0952381,0.09523809,0.036750484,0.0035000462,1,0,0,1,0
30454,-1,1,-0.78358227,0.31354836,0,1,unassigned,52.0,48.0,4.0,0.9230769,0.07692308,0.07692307,0.0967118,0.0074393693,1,0,0,0,0
30455,0,1,-0.079232186,0.48020232,0,0,val,2.0,2.0,0.0,1.0,0.0,0.0,0.0,0.0,1,0,1,0,0
30456,1,1,10.614513,0.99997544,1,0,unassigned,2.0,2.0,0.0,1.0,0.0,0.0,0.0,0.0,1,0,1,1,1
30457,-1,1,0.46404034,0.61397225,1,1,unassigned,15.0,15.0,0.0,1.0,0.0,0.0,0.025145067,0.0,1,0,0,1,0
30458,-1,1,3.3839471,0.967199,1,1,unassigned,2.0,2.0,0.0,1.0,0.0,0.0,0.0,0.0,1,0,0,1,1
30459,-1,1,1.3843269,0.799685,1,1,unassigned,22.0,22.0,0.0,1.0,0.0,0.0,0.03868472,0.0,1,0,0,1,0
30460,-1,0,8.685369,0.99983096,1,1,unassigned,7.0,7.0,0.0,1.0,0.0,0.0,0.00967118,0.0,0,0,0,1,1
30461,-1,0,4.8691964,0.99237895,1,1,unassigned,11.0,10.0,1.0,0.90909094,0.09090909,0.090909064,0.017408123,0.0015825568,0,0,0,1,1
30462,-1,1,-0.12832308,0.46796313,0,1,unassigned,2.0,2.0,0.0,1.0,0.0,0.0,0.0,0.0,1,0,0,0,0
30463,-1,0,7.8470864,0.9996093,1,1,unassigned,19.0,19.0,0.0,1.0,0.0,0.0,0.032882012,0.0,0,0,0,1,1
30464,-1,0,5.169144,0.9943428,1,1,unassigned,7.0,6.0,1.0,0.85714287,0.14285715,0.14285713,0.00967118,0.0013815971,0,0,0,1,1
30465,-1,1,-0.05551201,0.48612556,0,1,unassigned,3.0,3.0,0.0,1.0,0.0,0.0,0.001934236,0.0,1,0,0,0,0
30466,-1,1,13.932886,0.99999917,1,1,unassigned,2.0,2.0,0.0,1.0,0.0,0.0,0.0,0.0,1,0,0,1,1
30467,-1,0,-0.22473663,0.44405112,0,1,unassigned,2.0,2.0,0.0,1.0,0.0,0.0,0.0,0.0,0,0,0,0,0
30468,-1,1,-0.57135326,0.36092463,0,1,unassigned,51.0,49.0,2.0,0.9607843,0.039215688,0.039215684,0.09477756,0.0037167673,1,0,0,0,0
30469,-1,0,5.1770873,0.99438727,1,1,unassigned,3.0,3.0,0.0,1.0,0.0,0.0,0.001934236,0.0,0,0,0,1,1
30470,-1,1,0.9917689,0.7294372,1,1,unassigned,13.0,12.0,1.0,0.9230769,0.07692308,0.07692307,0.021276595,0.0016366612,1,0,0,1,0
30471,1,1,-0.61275816,0.3514303,0,1,unassigned,72.0,70.0,2.0,0.9722222,0.027777778,0.027777791,0.13539653,0.0037610147,1,0,0,0,0
30472,-1,0,4.3349657,0.98706716,1,1,unassigned,4.0,4.0,0.0,1.0,0.0,0.0,0.003868472,0.0,0,0,0,1,1
30473,-1,1,3.1250017,0.9579123,1,1,unassigned,11.0,11.0,0.0,1.0,0.0,0.0,0.017408123,0.0,1,0,0,1,1
30474,-1,1,1.3106196,0.7876168,1,1,unassigned,29.0,29.0,0.0,1.0,0.0,0.0,0.05222437,0.0,1,0,0,1,0
30475,-1,0,-0.44152814,0.39137688,0,1,unassigned,13.0,13.0,0.0,1.0,0.0,0.0,0.021276595,0.0,0,0,0,0,0
30476,1,0,4.580338,0.9898526,1,0,unassigned,12.0,12.0,0.0,1.0,0.0,0.0,0.01934236,0.0,0,0,1,1,1
30477,-1,0,0.04823053,0.51205534,1,1,unassigned,3.0,3.0,0.0,1.0,0.0,0.0,0.001934236,0.0,0,0,0,1,0
30478,-1,1,-0.5836486,0.3580935,0,1,unassigned,49.0,49.0,0.0,1.0,0.0,0.0,0.09090909,0.0,1,0,0,0,0
30479,-1,1,-0.8796383,0.29325274,0,1,unassigned,136.0,133.0,3.0,0.97794116,0.022058824,0.022058845,0.2591876,0.005717374,1,0,0,0,0
30480,-1,1,-0.9086391,0.2872784,0,1,unassigned,84.0,71.0,13.0,0.8452381,0.15476191,0.15476191,0.15860735,0.024546375,1,0,0,0,0
30481,-1,0,0.012946069,0.5032365,1,1,unassigned,25.0,21.0,4.0,0.84,0.16,0.16000003,0.044487428,0.007117988,0,0,0,1,0
30482,-1,1,-0.7382283,0.32339168,0,1,unassigned,60.0,59.0,1.0,0.98333335,0.016666668,0.01666665,0.11218569,0.0018697615,1,0,0,0,0
30483,-1,1,-0.5741348,0.3602833,0,1,unassigned,3.0,2.0,1.0,0.6666667,0.33333334,0.3333333,0.001934236,0.00064474536,1,0,0,0,0
30484,-1,1,0.073152006,0.51827985,1,1,unassigned,54.0,53.0,1.0,0.9814815,0.018518519,0.018518507,0.10058027,0.0018625975,1,0,0,1,0
30485,-1,0,-0.33322182,0.41745692,0,1,unassigned,4.0,4.0,0.0,1.0,0.0,0.0,0.003868472,0.0,0,0,0,0,0
30486,1,0,1.0184219,0.7346651,1,0,val,3.0,3.0,0.0,1.0,0.0,0.0,0.001934236,0.0,0,0,1,1,0
30487,-1,1,0.3977098,0.59813726,1,1,unassigned,55.0,42.0,13.0,0.76363635,0.23636363,0.23636365,0.102514505,0.024230702,1,0,0,1,0
30488,-1,1,2.3798044,0.9152743,1,1,unassigned,2.0,2.0,0.0,1.0,0.0,0.0,0.0,0.0,1,0,0,1,1
30489,-1,1,-0.74313545,0.32231888,0,1,unassigned,16.0,16.0,0.0,1.0,0.0,0.0,0.027079303,0.0,1,0,0,0,0
30490,-1,0,-0.34611887,0.41432393,0,1,unassigned,25.0,23.0,2.0,0.92,0.08,0.07999998,0.044487428,0.003558994,0,0,0,0,0
30491,-1,0,-0.907181,0.28757703,0,1,unassigned,10.0,10.0,0.0,1.0,0.0,0.0,0.015473888,0.0,0,0,0,0,0
30492,-1,1,-0.08407962,0.47899243,0,1,unassigned,4.0,4.0,0.0,1.0,0.0,0.0,0.003868472,0.0,1,0,0,0,0
30493,-1,0,-0.20330483,0.44934812,0,1,unassigned,60.0,60.0,0.0,1.0,0.0,0.0,0.11218569,0.0,0,0,0,0,0
30494,-1,0,-0.8950227,0.2900744,0,1,unassigned,49.0,48.0,1.0,0.97959185,0.020408163,0.020408154,0.09090909,0.0018552876,0,0,0,0,0
30495,-1,0,-0.5495792,0.36596203,0,1,unassigned,13.0,13.0,0.0,1.0,0.0,0.0,0.021276595,0.0,0,0,0,0,0
30496,-1,0,-0.28936964,0.4281582,0,1,unassigned,4.0,4.0,0.0,1.0,0.0,0.0,0.003868472,0.0,0,0,0,0,0
30497,-1,0,-0.33506387,0.417009,0,1,unassigned,48.0,48.0,0.0,1.0,0.0,0.0,0.088974856,0.0,0,0,0,0,0
30498,-1,0,6.8204584,0.99890995,1,1,unassigned,12.0,10.0,2.0,0.8333333,0.16666667,0.16666669,0.01934236,0.0032237265,0,0,0,1,1
30499,1,0,-0.10928109,0.47270688,0,1,test,14.0,14.0,0.0,1.0,0.0,0.0,0.023210831,0.0,0,0,0,0,0
30500,0,0,-0.46268535,0.38634896,0,0,unassigned,59.0,59.0,0.0,1.0,0.0,0.0,0.11025145,0.0,0,0,1,0,0
30501,-1,1,0.094646156,0.5236439,1,1,unassigned,3.0,2.0,1.0,0.6666667,0.33333334,0.3333333,0.001934236,0.00064474536,1,0,0,1,0
30502,-1,1,0.2521183,0.5626978,1,1,unassigned,9.0,8.0,1.0,0.8888889,0.11111111,0.111111104,0.013539651,0.0015044058,1,0,0,1,0
30503,-1,0,10.0973835,0.99995875,1,1,unassigned,3.0,3.0,0.0,1.0,0.0,0.0,0.001934236,0.0,0,0,0,1,1
30504,-1,0,9.81456,0.9999454,1,1,unassigned,3.0,2.0,1.0,0.6666667,0.33333334,0.3333333,0.001934236,0.00064474536,0,0,0,1,1
30505,-1,0,-0.7041061,0.3309025,0,1,unassigned,20.0,18.0,2.0,0.9,0.1,0.100000024,0.034816246,0.0034816246,0,0,0,0,0
30506,-1,0,-0.5463755,0.36670575,0,1,unassigned,6.0,6.0,0.0,1.0,0.0,0.0,0.007736944,0.0,0,0,0,0,0
30507,-1,1,0.2029931,0.5505747,1,1,unassigned,10.0,9.0,1.0,0.9,0.1,0.100000024,0.015473888,0.0015473888,1,0,0,1,0
30508,-1,0,-0.091355294,0.47717702,0,1,unassigned,49.0,49.0,0.0,1.0,0.0,0.0,0.09090909,0.0,0,0,0,0,0
30509,-1,0,5.1446404,0.99420327,1,1,unassigned,33.0,25.0,8.0,0.75757575,0.24242425,0.24242425,0.059961315,0.014536077,0,0,0,1,1
30510,-1,0,-0.5629871,0.36285657,0,1,unassigned,73.0,73.0,0.0,1.0,0.0,0.0,0.13733076,0.0,0,0,0,0,0
30511,-1,1,2.50792,0.9246952,1,1,unassigned,7.0,7.0,0.0,1.0,0.0,0.0,0.00967118,0.0,1,0,0,1,1
30512,-1,0,2.7590458,0.9404222,1,1,unassigned,9.0,9.0,0.0,1.0,0.0,0.0,0.013539651,0.0,0,0,0,1,1
30513,-1,1,-0.603462,0.35355204,0,1,unassigned,28.0,27.0,1.0,0.96428573,0.035714287,0.03571427,0.050290134,0.0017960763,1,0,0,0,0
30514,0,1,-0.6272365,0.34813744,0,0,val,9.0,9.0,0.0,1.0,0.0,0.0,0.013539651,0.0,1,0,1,0,0
30515,-1,1,-0.5895595,0.35673594,0,1,unassigned,82.0,79.0,3.0,0.9634146,0.036585364,0.03658539,0.15473887,0.005661178,1,0,0,0,0
30516,1,0,0.36313534,0.5897992,1,0,train,11.0,11.0,0.0,1.0,0.0,0.0,0.017408123,0.0,0,0,1,1,0
30517,-1,1,-0.31940255,0.42082137,0,1,unassigned,17.0,16.0,1.0,0.9411765,0.05882353,0.058823526,0.029013539,0.0017066788,1,0,0,0,0
30518,-1,0,2.2066286,0.9008432,1,1,unassigned,33.0,29.0,4.0,0.8787879,0.121212125,0.121212125,0.059961315,0.0072680386,0,0,0,1,1
30519,1,0,0.70162076,0.668547,1,0,unassigned,5.0,5.0,0.0,1.0,0.0,0.0,0.0058027077,0.0,0,0,1,1,0
30520,0,1,-0.32401353,0.4196979,0,0,train,37.0,36.0,1.0,0.972973,0.027027028,0.02702701,0.06769826,0.0018296828,1,0,1,0,0
30521,-1,1,-0.40018415,0.4012681,0,1,unassigned,8.0,8.0,0.0,1.0,0.0,0.0,0.0116054155,0.0,1,0,0,0,0
30522,-1,0,0.017820597,0.50445503,1,1,unassigned,5.0,5.0,0.0,1.0,0.0,0.0,0.0058027077,0.0,0,0,0,1,0
30523,-1,0,-0.6780211,0.33670312,0,1,unassigned,21.0,21.0,0.0,1.0,0.0,0.0,0.036750484,0.0,0,0,0,0,0
30524,-1,0,3.624428,0.97402817,1,1,unassigned,2.0,2.0,0.0,1.0,0.0,0.0,0.0,0.0,0,0,0,1,1
30525,0,0,-0.5931163,0.35592014,0,0,val,67.0,67.0,0.0,1.0,0.0,0.0,0.12572534,0.0,0,0,1,0,0
30526,-1,0,-0.48611417,0.3808094,0,1,unassigned,2.0,2.0,0.0,1.0,0.0,0.0,0.0,0.0,0,0,0,0,0
30527,-1,0,0.79099554,0.688045,1,1,unassigned,30.0,30.0,0.0,1.0,0.0,0.0,0.054158606,0.0,0,0,0,1,0
30528,-1,0,-0.76370347,0.31784275,0,1,unassigned,16.0,16.0,0.0,1.0,0.0,0.0,0.027079303,0.0,0,0,0,0,0
30529,-1,0,-0.7865305,0.31291413,0,1,unassigned,30.0,29.0,1.0,0.96666664,0.033333335,0.03333336,0.054158606,0.001805287,0,0,0,0,0
30530,-1,1,3.625889,0.9740651,1,1,unassigned,3.0,3.0,0.0,1.0,0.0,0.0,0.001934236,0.0,1,0,0,1,1
30531,-1,0,3.2980926,0.96436334,1,1,unassigned,17.0,17.0,0.0,1.0,0.0,0.0,0.029013539,0.0,0,0,0,1,1
30532,-1,0,-0.12331149,0.46921116,0,1,unassigned,5.0,5.0,0.0,1.0,0.0,0.0,0.0058027077,0.0,0,0,0,0,0
30533,-1,0,1.1816273,0.76524025,1,1,unassigned,3.0,3.0,0.0,1.0,0.0,0.0,0.001934236,0.0,0,0,0,1,0
30534,-1,0,-0.60387313,0.35345808,0,1,unassigned,25.0,25.0,0.0,1.0,0.0,0.0,0.044487428,0.0,0,0,0,0,0
30535,-1,0,-0.8683922,0.29558894,0,1,unassigned,60.0,1.0,59.0,0.016666668,0.98333335,0.98333335,0.11218569,0.11031593,0,0,0,0,0
30536,-1,1,-0.044039547,0.4889919,0,1,unassigned,90.0,88.0,2.0,0.9777778,0.022222223,0.02222222,0.17021276,0.0037825059,1,0,0,0,0
30537,-1,1,-0.1585308,0.4604501,0,1,unassigned,78.0,78.0,0.0,1.0,0.0,0.0,0.14700194,0.0,1,0,0,0,0
30538,-1,1,-0.57035977,0.3611538,0,1,unassigned,29.0,28.0,1.0,0.9655172,0.03448276,0.034482777,0.05222437,0.0018008404,1,0,0,0,0
30539,-1,1,-0.26003328,0.43535554,0,1,unassigned,19.0,19.0,0.0,1.0,0.0,0.0,0.032882012,0.0,1,0,0,0,0
30540,1,0,1.043853,0.7395928,1,0,unassigned,11.0,11.0,0.0,1.0,0.0,0.0,0.017408123,0.0,0,0,1,1,0
30541,-1,0,0.60744935,0.6473588,1,1,unassigned,3.0,3.0,0.0,1.0,0.0,0.0,0.001934236,0.0,0,0,0,1,0
30542,-1,0,-0.63518363,0.3463361,0,1,unassigned,4.0,4.0,0.0,1.0,0.0,0.0,0.003868472,0.0,0,0,0,0,0
30543,-1,0,4.401096,0.9878847,1,1,unassigned,4.0,3.0,1.0,0.75,0.25,0.25,0.003868472,0.000967118,0,0,0,1,1
30544,-1,0,2.1806154,0.8984952,1,1,unassigned,4.0,4.0,0.0,1.0,0.0,0.0,0.003868472,0.0,0,0,0,1,0
30545,-1,0,2.1398048,0.8947122,1,1,unassigned,2.0,2.0,0.0,1.0,0.0,0.0,0.0,0.0,0,0,0,1,0
30546,-1,0,8.090876,0.99969375,1,1,unassigned,2.0,2.0,0.0,1.0,0.0,0.0,0.0,0.0,0,0,0,1,1
30547,-1,1,-0.20405084,0.4491636,0,1,unassigned,42.0,42.0,0.0,1.0,0.0,0.0,0.07736944,0.0,1,0,0,0,0
30548,1,1,1.9720986,0.8778364,1,0,train,50.0,50.0,0.0,1.0,0.0,0.0,0.092843324,0.0,1,0,1,1,0
30549,-1,0,-1.9808643,0.12122672,0,1,unassigned,2.0,2.0,0.0,1.0,0.0,0.0,0.0,0.0,0,0,0,0,0
30550,-1,0,-1.0851539,0.25253192,0,1,unassigned,2.0,2.0,0.0,1.0,0.0,0.0,0.0,0.0,0,0,0,0,0
30551,-1,0,-0.83073366,0.30348995,0,1,unassigned,54.0,54.0,0.0,1.0,0.0,0.0,0.10058027,0.0,0,0,0,0,0
30552,-1,1,-0.51818424,0.37327692,0,1,unassigned,26.0,26.0,0.0,1.0,0.0,0.0,0.046421662,0.0,1,0,0,0,0
30553,0,1,-0.79948044,0.31013668,0,0,unassigned,47.0,46.0,1.0,0.9787234,0.021276595,0.021276593,0.08704062,0.001851928,1,0,1,0,0
30554,-1,1,0.10840553,0.5270749,1,1,unassigned,27.0,26.0,1.0,0.962963,0.037037037,0.037037015,0.0483559,0.0017909593,1,0,0,1,0
30555,-1,0,2.5597336,0.9282247,1,1,unassigned,7.0,7.0,0.0,1.0,0.0,0.0,0.00967118,0.0,0,0,0,1,1
30556,-1,0,0.07329446,0.51831543,1,1,unassigned,3.0,3.0,0.0,1.0,0.0,0.0,0.001934236,0.0,0,0,0,1,0
30557,-1,1,1.2314649,0.77407485,1,1,unassigned,2.0,2.0,0.0,1.0,0.0,0.0,0.0,0.0,1,0,0,1,0
30558,-1,0,3.9316971,0.9807668,1,1,unassigned,2.0,2.0,0.0,1.0,0.0,0.0,0.0,0.0,0,0,0,1,1
30559,-1,1,0.7971577,0.68936616,1,1,unassigned,37.0,37.0,0.0,1.0,0.0,0.0,0.06769826,0.0,1,0,0,1,0
30560,-1,1,5.0336967,0.9935275,1,1,unassigned,2.0,2.0,0.0,1.0,0.0,0.0,0.0,0.0,1,0,0,1,1
30561,-1,1,2.121789,0.8930029,1,1,unassigned,2.0,2.0,0.0,1.0,0.0,0.0,0.0,0.0,1,0,0,1,0
30562,-1,1,1.762615,0.85353684,1,1,unassigned,2.0,2.0,0.0,1.0,0.0,0.0,0.0,0.0,1,0,0,1,0
30563,-1,1,-0.58341664,0.35814682,0,1,unassigned,19.0,19.0,0.0,1.0,0.0,0.0,0.032882012,0.0,1,0,0,0,0
30564,-1,0,-0.3979197,0.40181226,0,1,unassigned,46.0,45.0,1.0,0.9782609,0.02173913,0.021739125,0.08510638,0.0018501388,0,0,0,0,0
30565,0,0,-0.32159945,0.42028603,0,0,unassigned,25.0,25.0,0.0,1.0,0.0,0.0,0.044487428,0.0,0,0,1,0,0
30566,-1,0,-0.5338998,0.36960778,0,1,unassigned,18.0,17.0,1.0,0.9444444,0.055555556,0.055555582,0.030947777,0.0017193209,0,0,0,0,0
30567,-1,0,3.3123953,0.9648516,1,1,unassigned,22.0,20.0,2.0,0.90909094,0.09090909,0.090909064,0.03868472,0.0035167928,0,0,0,1,1
30568,-1,0,-0.09370914,0.47658983,0,1,unassigned,2.0,1.0,1.0,0.5,0.5,0.5,0.0,0.0,0,0,0,0,0
30569,-1,0,0.049402058,0.512348,1,1,unassigned,11.0,11.0,0.0,1.0,0.0,0.0,0.017408123,0.0,0,0,0,1,0
30570,0,0,1.9683824,0.87743723,1,1,unassigned,14.0,13.0,1.0,0.9285714,0.071428575,0.0714286,0.023210831,0.0016579166,0,0,0,1,0
30571,-1,0,0.09805411,0.52449393,1,1,unassigned,2.0,2.0,0.0,1.0,0.0,0.0,0.0,0.0,0,0,0,1,0
30572,1,0,2.3385465,0.91201955,1,0,val,11.0,11.0,0.0,1.0,0.0,0.0,0.017408123,0.0,0,0,1,1,1
30573,-1,1,-0.12266612,0.46937186,0,1,unassigned,80.0,79.0,1.0,0.9875,0.0125,0.012499988,0.15087041,0.0018858801,1,0,0,0,0
30574,0,0,-0.46062148,0.3868384,0,0,train,44.0,44.0,0.0,1.0,0.0,0.0,0.08123791,0.0,0,0,1,0,0
30575,-1,1,-0.1881283,0.45310616,0,1,unassigned,32.0,28.0,4.0,0.875,0.125,0.125,0.058027077,0.0072533847,1,0,0,0,0
30576,-1,1,-0.56362283,0.3627096,0,1,unassigned,73.0,72.0,1.0,0.98630136,0.01369863,0.0136986375,0.13733076,0.0018812432,1,0,0,0,0
30577,-1,1,-0.6544847,0.34197965,0,1,unassigned,27.0,26.0,1.0,0.962963,0.037037037,0.037037015,0.0483559,0.0017909593,1,0,0,0,0
30578,-1,0,2.6724236,0.9353796,1,1,unassigned,15.0,2.0,13.0,0.13333334,0.8666667,0.8666667,0.025145067,0.021792391,0,0,0,1,1
30579,-1,1,0.38552278,0.5952045,1,1,unassigned,16.0,16.0,0.0,1.0,0.0,0.0,0.027079303,0.0,1,0,0,1,0
30580,-1,1,0.9886187,0.72881496,1,1,unassigned,20.0,19.0,1.0,0.95,0.05,0.050000012,0.034816246,0.0017408123,1,0,0,1,0
30581,-1,1,2.7574084,0.9403303,1,1,unassigned,31.0,31.0,0.0,1.0,0.0,0.0,0.056092843,0.0,1,0,0,1,1
30582,-1,1,1.0695939,0.74451965,1,1,unassigned,44.0,44.0,0.0,1.0,0.0,0.0,0.08123791,0.0,1,0,0,1,0
30583,-1,0,6.518197,0.9985259,1,1,unassigned,36.0,25.0,11.0,0.6944444,0.30555555,0.30555558,0.065764025,0.020094562,0,0,0,1,1
30584,-1,1,-0.6244947,0.34875992,0,1,unassigned,58.0,56.0,2.0,0.9655172,0.03448276,0.034482777,0.10831721,0.0037350762,1,0,0,0,0
30585,-1,0,-0.18349239,0.45425513,0,1,unassigned,3.0,3.0,0.0,1.0,0.0,0.0,0.001934236,0.0,0,0,0,0,0
30586,-1,1,13.2772255,0.99999833,1,1,unassigned,8.0,5.0,3.0,0.625,0.375,0.375,0.0116054155,0.004352031,1,0,0,1,1
30587,-1,0,16.159414,0.9999999,1,1,unassigned,27.0,26.0,1.0,0.962963,0.037037037,0.037037015,0.0483559,0.0017909593,0,0,0,1,1
30588,-1,1,5.029362,0.9934995,1,1,unassigned,3.0,3.0,0.0,1.0,0.0,0.0,0.001934236,0.0,1,0,0,1,1
30589,-1,0,4.1542044,0.98454434,1,1,unassigned,29.0,17.0,12.0,0.5862069,0.41379312,0.4137931,0.05222437,0.021610085,0,0,0,1,1
30590,-1,0,5.7892222,0.996949,1,1,unassigned,2.0,2.0,0.0,1.0,0.0,0.0,0.0,0.0,0,0,0,1,1
30591,-1,1,6.536234,0.99855214,1,1,unassigned,2.0,2.0,0.0,1.0,0.0,0.0,0.0,0.0,1,0,0,1,1
30592,-1,0,2.708555,0.9375296,1,1,unassigned,5.0,5.0,0.0,1.0,0.0,0.0,0.0058027077,0.0,0,0,0,1,1
30593,-1,0,2.842719,0.9449411,1,1,unassigned,6.0,6.0,0.0,1.0,0.0,0.0,0.007736944,0.0,0,0,0,1,1
30594,-1,1,0.045847356,0.5114598,1,1,unassigned,25.0,25.0,0.0,1.0,0.0,0.0,0.044487428,0.0,1,0,0,1,0
30595,-1,0,3.665315,0.97504264,1,1,unassigned,10.0,8.0,2.0,0.8,0.2,0.19999999,0.015473888,0.0030947777,0,0,0,1,1
30596,-1,0,2.5900872,0.93022084,1,1,unassigned,5.0,5.0,0.0,1.0,0.0,0.0,0.0058027077,0.0,0,0,0,1,1
30597,-1,0,3.3203497,0.9651204,1,1,unassigned,19.0,15.0,4.0,0.7894737,0.21052632,0.21052629,0.032882012,0.006922529,0,0,0,1,1
30598,-1,1,2.9273655,0.9491828,1,1,unassigned,3.0,3.0,0.0,1.0,0.0,0.0,0.001934236,0.0,1,0,0,1,1
30599,-1,0,-0.94873655,0.27913898,0,1,unassigned,37.0,37.0,0.0,1.0,0.0,0.0,0.06769826,0.0,0,0,0,0,0
30600,1,0,-0.2408889,0.44006732,0,1,unassigned,4.0,4.0,0.0,1.0,0.0,0.0,0.003868472,0.0,0,0,0,0,0
30601,-1,0,0.32410842,0.5803252,1,1,unassigned,6.0,6.0,0.0,1.0,0.0,0.0,0.007736944,0.0,0,0,0,1,0
30602,-1,1,-0.29366708,0.42710635,0,1,unassigned,4.0,4.0,0.0,1.0,0.0,0.0,0.003868472,0.0,1,0,0,0,0
30603,-1,0,2.073823,0.8883328,1,1,unassigned,32.0,32.0,0.0,1.0,0.0,0.0,0.058027077,0.0,0,0,0,1,0
30604,-1,0,0.4081841,0.6006524,1,1,unassigned,35.0,34.0,1.0,0.9714286,0.028571429,0.028571427,0.06382979,0.0018237082,0,0,0,1,0
30605,-1,0,-0.24679819,0.43861172,0,1,unassigned,39.0,38.0,1.0,0.974359,0.025641026,0.025641024,0.07156673,0.0018350444,0,0,0,0,0
30606,-1,1,-0.40241885,0.40073133,0,1,unassigned,21.0,20.0,1.0,0.95238096,0.04761905,0.047619045,0.036750484,0.0017500231,1,0,0,0,0
30607,-1,1,1.6430361,0.8379476,1,1,unassigned,4.0,4.0,0.0,1.0,0.0,0.0,0.003868472,0.0,1,0,0,1,0
30608,-1,1,-0.71942663,0.32751927,0,1,unassigned,42.0,38.0,4.0,0.9047619,0.0952381,0.09523809,0.07736944,0.007368518,1,0,0,0,0
30609,-1,1,1.7762544,0.8552337,1,1,unassigned,64.0,64.0,0.0,1.0,0.0,0.0,0.11992263,0.0,1,0,0,1,0
30610,-1,1,-0.4544846,0.38829505,0,1,unassigned,48.0,48.0,0.0,1.0,0.0,0.0,0.088974856,0.0,1,0,0,0,0
30611,0,0,-0.28664583,0.4288252,0,0,unassigned,33.0,30.0,3.0,0.90909094,0.09090909,0.090909064,0.059961315,0.0054510287,0,0,1,0,0
30612,-1,1,-0.5142578,0.37419593,0,1,unassigned,62.0,60.0,2.0,0.9677419,0.032258064,0.032258093,0.116054155,0.0037436823,1,0,0,0,0
30613,1,0,-0.63666075,0.34600177,0,1,test,6.0,6.0,0.0,1.0,0.0,0.0,0.007736944,0.0,0,0,0,0,0
30614,-1,0,0.0065760016,0.50164396,1,1,unassigned,58.0,56.0,2.0,0.9655172,0.03448276,0.034482777,0.10831721,0.0037350762,0,0,0,1,0
30615,-1,0,-0.23992538,0.44030473,0,1,unassigned,86.0,86.0,0.0,1.0,0.0,0.0,0.16247582,0.0,0,0,0,0,0
30616,0,0,-0.60123336,0.35406157,0,0,val,48.0,47.0,1.0,0.9791667,0.020833334,0.020833313,0.088974856,0.0018536429,0,0,1,0,0
30617,-1,0,-0.04563439,0.48859337,0,1,unassigned,14.0,13.0,1.0,0.9285714,0.071428575,0.0714286,0.023210831,0.0016579166,0,0,0,0,0
30618,-1,0,-0.31736445,0.42131814,0,1,unassigned,9.0,9.0,0.0,1.0,0.0,0.0,0.013539651,0.0,0,0,0,0,0
30619,-1,1,-0.52600306,0.3714496,0,1,unassigned,23.0,23.0,0.0,1.0,0.0,0.0,0.040618956,0.0,1,0,0,0,0
30620,-1,0,-0.35539496,0.41207477,0,1,unassigned,28.0,24.0,4.0,0.85714287,0.14285715,0.14285713,0.050290134,0.007184305,0,0,0,0,0
30621,0,1,-0.8312463,0.3033816,0,0,test,78.0,78.0,0.0,1.0,0.0,0.0,0.14700194,0.0,1,0,1,0,0
30622,-1,0,4.262362,0.98610675,1,1,unassigned,21.0,21.0,0.0,1.0,0.0,0.0,0.036750484,0.0,0,0,0,1,1
30623,-1,0,-0.92757624,0.2834167,0,1,unassigned,3.0,3.0,0.0,1.0,0.0,0.0,0.001934236,0.0,0,0,0,0,0
30624,-1,0,1.3771756,0.798537,1,1,unassigned,2.0,2.0,0.0,1.0,0.0,0.0,0.0,0.0,0,0,0,1,0
30625,-1,1,2.04446,0.88538665,1,1,unassigned,11.0,10.0,1.0,0.90909094,0.09090909,0.090909064,0.017408123,0.0015825568,1,0,0,1,0
30626,0,0,2.3409498,0.91221213,1,1,unassigned,2.0,2.0,0.0,1.0,0.0,0.0,0.0,0.0,0,0,0,1,1
30627,-1,0,0.08565968,0.5214018,1,1,unassigned,6.0,6.0,0.0,1.0,0.0,0.0,0.007736944,0.0,0,0,0,1,0
30628,-1,0,-0.81422657,0.30699056,0,1,unassigned,5.0,5.0,0.0,1.0,0.0,0.0,0.0058027077,0.0,0,0,0,0,0
30629,-1,0,-0.5730256,0.36053896,0,1,unassigned,5.0,5.0,0.0,1.0,0.0,0.0,0.0058027077,0.0,0,0,0,0,0
30630,1,0,18.127693,1.0,1,0,unassigned,2.0,2.0,0.0,1.0,0.0,0.0,0.0,0.0,0,0,1,1,1
30631,-1,0,-0.01811856,0.49547043,0,1,unassigned,15.0,15.0,0.0,1.0,0.0,0.0,0.025145067,0.0,0,0,0,0,0
30632,-1,0,7.481505,0.9994369,1,1,unassigned,14.0,14.0,0.0,1.0,0.0,0.0,0.023210831,0.0,0,0,0,1,1
30633,-1,0,1.1172738,0.7534827,1,1,unassigned,50.0,49.0,1.0,0.98,0.02,0.01999998,0.092843324,0.0018568664,0,0,0,1,0
30634,-1,0,-0.449953,0.38937196,0,1,unassigned,50.0,46.0,4.0,0.92,0.08,0.07999998,0.092843324,0.0074274656,0,0,0,0,0
30635,-1,0,-0.7715354,0.31614706,0,1,unassigned,27.0,25.0,2.0,0.9259259,0.074074075,0.07407409,0.0483559,0.0035819185,0,0,0,0,0
30636,-1,0,-0.6875043,0.3345885,0,1,unassigned,54.0,53.0,1.0,0.9814815,0.018518519,0.018518507,0.10058027,0.0018625975,0,0,0,0,0
30637,1,1,1.6629131,0.8406286,1,0,unassigned,5.0,5.0,0.0,1.0,0.0,0.0,0.0058027077,0.0,1,0,1,1,0
30638,-1,0,-0.29760158,0.42614388,0,1,unassigned,11.0,10.0,1.0,0.90909094,0.09090909,0.090909064,0.017408123,0.0015825568,0,0,0,0,0
30639,0,0,-0.8703401,0.2951835,0,0,train,2.0,2.0,0.0,1.0,0.0,0.0,0.0,0.0,0,0,1,0,0
30640,-1,0,1.6882379,0.8439923,1,1,unassigned,10.0,10.0,0.0,1.0,0.0,0.0,0.015473888,0.0,0,0,0,1,0
30641,0,0,0.09598845,0.5239787,1,1,val,6.0,6.0,0.0,1.0,0.0,0.0,0.007736944,0.0,0,0,0,1,0
30642,-1,0,0.84354657,0.6992116,1,1,unassigned,2.0,2.0,0.0,1.0,0.0,0.0,0.0,0.0,0,0,0,1,0
30643,-1,0,0.011030912,0.5027577,1,1,unassigned,18.0,18.0,0.0,1.0,0.0,0.0,0.030947777,0.0,0,0,0,1,0
30644,1,0,3.222922,0.96168786,1,0,val,15.0,12.0,3.0,0.8,0.2,0.19999999,0.025145067,0.0050290134,0,0,1,1,1
30645,-1,0,0.16645247,0.5415173,1,1,unassigned,19.0,19.0,0.0,1.0,0.0,0.0,0.032882012,0.0,0,0,0,1,0
30646,-1,0,-0.90854764,0.2872971,0,1,unassigned,32.0,31.0,1.0,0.96875,0.03125,0.03125,0.058027077,0.0018133462,0,0,0,0,0
30647,-1,1,-0.090690434,0.47734287,0,1,unassigned,2.0,2.0,0.0,1.0,0.0,0.0,0.0,0.0,1,0,0,0,0
30648,1,1,2.4052792,0.91722894,1,0,test,30.0,28.0,2.0,0.93333334,0.06666667,0.06666666,0.054158606,0.003610574,1,0,1,1,1
30649,-1,1,0.038799226,0.50969857,1,1,unassigned,4.0,4.0,0.0,1.0,0.0,0.0,0.003868472,0.0,1,0,0,1,0
30650,-1,0,4.4406123,0.9883486,1,1,unassigned,7.0,1.0,6.0,0.14285715,0.85714287,0.85714287,0.00967118,0.008289583,0,0,0,1,1
30651,-1,1,2.535347,0.92658293,1,1,unassigned,8.0,7.0,1.0,0.875,0.125,0.125,0.0116054155,0.0014506769,1,0,0,1,1
30652,-1,1,1.7685926,0.85428256,1,1,unassigned,48.0,48.0,0.0,1.0,0.0,0.0,0.088974856,0.0,1,0,0,1,0
30653,-1,1,0.2066266,0.5514737,1,1,unassigned,3.0,3.0,0.0,1.0,0.0,0.0,0.001934236,0.0,1,0,0,1,0
30654,-1,1,0.03787011,0.5094664,1,1,unassigned,2.0,2.0,0.0,1.0,0.0,0.0,0.0,0.0,1,0,0,1,0
30655,-1,0,-0.323994,0.4197027,0,1,unassigned,20.0,17.0,3.0,0.85,0.15,0.14999998,0.034816246,0.005222437,0,0,0,0,0
30656,-1,0,-0.86541694,0.29620883,0,1,unassigned,2.0,2.0,0.0,1.0,0.0,0.0,0.0,0.0,0,0,0,0,0
30657,-1,0,1.9118502,0.8712269,1,1,unassigned,2.0,2.0,0.0,1.0,0.0,0.0,0.0,0.0,0,0,0,1,0
30658,-1,1,2.4441774,0.92013466,1,1,unassigned,4.0,4.0,0.0,1.0,0.0,0.0,0.003868472,0.0,1,0,0,1,1
30659,-1,1,-0.6055813,0.35306785,0,1,unassigned,21.0,21.0,0.0,1.0,0.0,0.0,0.036750484,0.0,1,0,0,0,0
30660,-1,0,8.058363,0.9996836,1,1,unassigned,5.0,5.0,0.0,1.0,0.0,0.0,0.0058027077,0.0,0,0,0,1,1
30661,-1,0,-0.09885579,0.47530615,0,1,unassigned,5.0,5.0,0.0,1.0,0.0,0.0,0.0058027077,0.0,0,0,0,0,0
30662,-1,1,1.921757,0.8723343,1,1,unassigned,4.0,4.0,0.0,1.0,0.0,0.0,0.003868472,0.0,1,0,0,1,0
30663,0,0,-1.3930082,0.19892794,0,0,unassigned,2.0,2.0,0.0,1.0,0.0,0.0,0.0,0.0,0,0,1,0,0
30664,-1,0,4.3135037,0.98679024,1,1,unassigned,9.0,9.0,0.0,1.0,0.0,0.0,0.013539651,0.0,0,0,0,1,1
30665,-1,0,-0.6622195,0.3402412,0,1,unassigned,2.0,2.0,0.0,1.0,0.0,0.0,0.0,0.0,0,0,0,0,0
30666,-1,0,-0.33427882,0.41719988,0,1,unassigned,131.0,130.0,1.0,0.99236643,0.007633588,0.007633567,0.24951644,0.0019047057,0,0,0,0,0
30667,0,0,-0.70690906,0.33028218,0,0,val,40.0,39.0,1.0,0.975,0.025,0.024999976,0.07350097,0.0018375242,0,0,1,0,0
30668,-1,0,-0.5530538,0.3651562,0,1,unassigned,2.0,2.0,0.0,1.0,0.0,0.0,0.0,0.0,0,0,0,0,0
30669,-1,0,-0.8653904,0.29621437,0,1,unassigned,37.0,37.0,0.0,1.0,0.0,0.0,0.06769826,0.0,0,0,0,0,0
30670,-1,0,-1.4609613,0.18832034,0,1,unassigned,3.0,2.0,1.0,0.6666667,0.33333334,0.3333333,0.001934236,0.00064474536,0,0,0,0,0
30671,-1,0,-0.5940788,0.35569954,0,1,unassigned,2.0,2.0,0.0,1.0,0.0,0.0,0.0,0.0,0,0,0,0,0
30672,-1,0,3.0572402,0.95509416,1,1,unassigned,4.0,4.0,0.0,1.0,0.0,0.0,0.003868472,0.0,0,0,0,1,1
30673,-1,0,6.324105,0.99821067,1,1,unassigned,2.0,2.0,0.0,1.0,0.0,0.0,0.0,0.0,0,0,0,1,1
30674,-1,0,-0.6024756,0.3537775,0,1,unassigned,2.0,2.0,0.0,1.0,0.0,0.0,0.0,0.0,0,0,0,0,0
30675,-1,0,-0.48150367,0.3818971,0,1,unassigned,24.0,23.0,1.0,0.9583333,0.041666668,0.041666687,0.04255319,0.0017730496,0,0,0,0,0
30676,-1,1,-0.83566225,0.30244914,0,1,unassigned,4.0,4.0,0.0,1.0,0.0,0.0,0.003868472,0.0,1,0,0,0,0
30677,-1,0,0.43463367,0.6069796,1,1,unassigned,2.0,2.0,0.0,1.0,0.0,0.0,0.0,0.0,0,0,0,1,0
30678,0,0,0.017400324,0.50434995,1,1,unassigned,3.0,2.0,1.0,0.6666667,0.33333334,0.3333333,0.001934236,0.00064474536,0,0,0,1,0
30679,1,1,4.633844,0.9903762,1,0,unassigned,4.0,3.0,1.0,0.75,0.25,0.25,0.003868472,0.000967118,1,0,1,1,1
30680,1,0,1.7664478,0.8540154,1,0,unassigned,3.0,3.0,0.0,1.0,0.0,0.0,0.001934236,0.0,0,0,1,1,0
30681,-1,1,4.3135304,0.9867906,1,1,unassigned,11.0,10.0,1.0,0.90909094,0.09090909,0.090909064,0.017408123,0.0015825568,1,0,0,1,1
30682,-1,1,-0.2605394,0.43523112,0,1,unassigned,13.0,12.0,1.0,0.9230769,0.07692308,0.07692307,0.021276595,0.0016366612,1,0,0,0,0
30683,-1,0,-0.34664124,0.41419718,0,1,unassigned,40.0,40.0,0.0,1.0,0.0,0.0,0.07350097,0.0,0,0,0,0,0
30684,-1,1,3.0607078,0.9552426,1,1,unassigned,13.0,11.0,2.0,0.84615386,0.15384616,0.15384614,0.021276595,0.0032733225,1,0,0,1,1
30685,-1,0,5.28702,0.9949686,1,1,unassigned,2.0,2.0,0.0,1.0,0.0,0.0,0.0,0.0,0,0,0,1,1
30686,-1,0,0.92801255,0.7166719,1,1,unassigned,3.0,2.0,1.0,0.6666667,0.33333334,0.3333333,0.001934236,0.00064474536,0,0,0,1,0
30687,-1,0,0.09668529,0.5241525,1,1,unassigned,11.0,11.0,0.0,1.0,0.0,0.0,0.017408123,0.0,0,0,0,1,0
30688,1,0,-0.12699729,0.46829325,0,1,val,2.0,2.0,0.0,1.0,0.0,0.0,0.0,0.0,0,0,0,0,0
30689,-1,0,0.8155332,0.6932874,1,1,unassigned,2.0,2.0,0.0,1.0,0.0,0.0,0.0,0.0,0,0,0,1,0
30690,-1,0,1.320539,0.78927135,1,1,unassigned,23.0,22.0,1.0,0.95652175,0.04347826,0.04347825,0.040618956,0.0017660416,0,0,0,1,0
30691,-1,1,4.94105,0.99290365,1,1,unassigned,2.0,2.0,0.0,1.0,0.0,0.0,0.0,0.0,1,0,0,1,1
30692,1,1,0.4008174,0.59888405,1,0,val,21.0,20.0,1.0,0.95238096,0.04761905,0.047619045,0.036750484,0.0017500231,1,0,1,1,0
30693,-1,1,-0.38564265,0.40476668,0,1,unassigned,23.0,22.0,1.0,0.95652175,0.04347826,0.04347825,0.040618956,0.0017660416,1,0,0,0,0
30694,-1,1,-0.8600836,0.2973219,0,1,unassigned,39.0,38.0,1.0,0.974359,0.025641026,0.025641024,0.07156673,0.0018350444,1,0,0,0,0
30695,-1,0,-0.20868409,0.4480175,0,1,unassigned,38.0,37.0,1.0,0.9736842,0.02631579,0.026315808,0.06963249,0.0018324341,0,0,0,0,0
30696,-1,0,1.7307713,0.849511,1,1,unassigned,4.0,3.0,1.0,0.75,0.25,0.25,0.003868472,0.000967118,0,0,0,1,0
30697,-1,1,-0.75236464,0.32030627,0,1,unassigned,30.0,30.0,0.0,1.0,0.0,0.0,0.054158606,0.0,1,0,0,0,0
30698,-1,1,-0.37185347,0.40809324,0,1,unassigned,52.0,51.0,1.0,0.9807692,0.01923077,0.019230783,0.0967118,0.0018598423,1,0,0,0,0
30699,-1,1,8.1740265,0.9997181,1,1,unassigned,27.0,24.0,3.0,0.8888889,0.11111111,0.111111104,0.0483559,0.0053728777,1,0,0,1,1
30700,-1,0,-0.8575338,0.29785487,0,1,unassigned,4.0,3.0,1.0,0.75,0.25,0.25,0.003868472,0.000967118,0,0,0,0,0
30701,-1,0,0.2954648,0.57333344,1,1,unassigned,44.0,43.0,1.0,0.97727275,0.022727273,0.022727251,0.08123791,0.0018463163,0,0,0,1,0
30702,-1,0,0.29625267,0.5735262,1,1,unassigned,23.0,23.0,0.0,1.0,0.0,0.0,0.040618956,0.0,0,0,0,1,0
30703,-1,0,0.5985952,0.64533484,1,1,unassigned,2.0,2.0,0.0,1.0,0.0,0.0,0.0,0.0,0,0,0,1,0
30704,-1,0,2.9026682,0.9479782,1,1,unassigned,17.0,16.0,1.0,0.9411765,0.05882353,0.058823526,0.029013539,0.0017066788,0,0,0,1,1
30705,0,0,1.3359144,0.79181725,1,1,val,7.0,7.0,0.0,1.0,0.0,0.0,0.00967118,0.0,0,0,0,1,0
30706,-1,1,3.087011,0.9563537,1,1,unassigned,45.0,43.0,2.0,0.95555556,0.044444446,0.04444444,0.08317215,0.0036965401,1,0,0,1,1
30707,-1,0,-0.90741014,0.2875301,0,1,unassigned,7.0,7.0,0.0,1.0,0.0,0.0,0.00967118,0.0,0,0,0,0,0
30708,-1,0,-0.61694443,0.3504767,0,1,unassigned,2.0,2.0,0.0,1.0,0.0,0.0,0.0,0.0,0,0,0,0,0
30709,-1,1,-0.031709075,0.49207342,0,1,unassigned,38.0,36.0,2.0,0.94736844,0.05263158,0.052631557,0.06963249,0.0036648682,1,0,0,0,0
30710,-1,0,5.3249435,0.995155,1,1,unassigned,3.0,3.0,0.0,1.0,0.0,0.0,0.001934236,0.0,0,0,0,1,1
30711,-1,1,0.18922627,0.5471659,1,1,unassigned,4.0,4.0,0.0,1.0,0.0,0.0,0.003868472,0.0,1,0,0,1,0
30712,-1,0,4.928619,0.9928155,1,1,unassigned,2.0,2.0,0.0,1.0,0.0,0.0,0.0,0.0,0,0,0,1,1
30713,-1,0,15.171885,0.99999976,1,1,unassigned,3.0,3.0,0.0,1.0,0.0,0.0,0.001934236,0.0,0,0,0,1,1
30714,0,0,-0.9791402,0.2730624,0,0,unassigned,2.0,2.0,0.0,1.0,0.0,0.0,0.0,0.0,0,0,1,0,0
30715,-1,0,3.482723,0.97019213,1,1,unassigned,2.0,2.0,0.0,1.0,0.0,0.0,0.0,0.0,0,0,0,1,1
30716,-1,1,5.313233,0.9950982,1,1,unassigned,19.0,14.0,5.0,0.7368421,0.2631579,0.2631579,0.032882012,0.008653161,1,0,0,1,1
30717,-1,0,0.021795213,0.5054486,1,1,unassigned,5.0,5.0,0.0,1.0,0.0,0.0,0.0058027077,0.0,0,0,0,1,0
30718,-1,1,0.43180472,0.6063046,1,1,unassigned,17.0,17.0,0.0,1.0,0.0,0.0,0.029013539,0.0,1,0,0,1,0
30719,0,0,-0.09384972,0.47655478,0,0,val,4.0,4.0,0.0,1.0,0.0,0.0,0.003868472,0.0,0,0,1,0,0
30720,-1,1,3.9647357,0.9813803,1,1,unassigned,31.0,30.0,1.0,0.9677419,0.032258064,0.032258093,0.056092843,0.0018094465,1,0,0,1,1
30721,0,0,-0.07406619,0.48149192,0,0,unassigned,16.0,16.0,0.0,1.0,0.0,0.0,0.027079303,0.0,0,0,1,0,0
30722,0,0,-0.51758295,0.3734176,0,0,unassigned,30.0,27.0,3.0,0.9,0.1,0.100000024,0.054158606,0.0054158606,0,0,1,0,0
30723,-1,1,0.070839465,0.51770246,1,1,unassigned,15.0,12.0,3.0,0.8,0.2,0.19999999,0.025145067,0.0050290134,1,0,0,1,0
30724,-1,0,2.2023356,0.90045905,1,1,unassigned,2.0,2.0,0.0,1.0,0.0,0.0,0.0,0.0,0,0,0,1,1
30725,-1,1,1.1426196,0.75816023,1,1,unassigned,35.0,25.0,10.0,0.71428573,0.2857143,0.28571427,0.06382979,0.018237082,1,0,0,1,0
30726,-1,1,1.7582061,0.85298485,1,1,unassigned,5.0,5.0,0.0,1.0,0.0,0.0,0.0058027077,0.0,1,0,0,1,0
30727,-1,1,-0.3957689,0.40232933,0,1,unassigned,75.0,74.0,1.0,0.9866667,0.013333334,0.013333321,0.14119923,0.0018826565,1,0,0,0,0
30728,1,0,0.22524911,0.5560754,1,0,unassigned,18.0,17.0,1.0,0.9444444,0.055555556,0.055555582,0.030947777,0.0017193209,0,0,1,1,0
30729,-1,1,0.7500796,0.679196,1,1,unassigned,11.0,11.0,0.0,1.0,0.0,0.0,0.017408123,0.0,1,0,0,1,0
30730,1,0,0.20210224,0.5503543,1,0,test,14.0,14.0,0.0,1.0,0.0,0.0,0.023210831,0.0,0,0,1,1,0
30731,-1,0,0.9276548,0.7165992,1,1,unassigned,2.0,2.0,0.0,1.0,0.0,0.0,0.0,0.0,0,0,0,1,0
30732,-1,0,4.1071525,0.9838118,1,1,unassigned,4.0,4.0,0.0,1.0,0.0,0.0,0.003868472,0.0,0,0,0,1,1
30733,-1,1,0.81159085,0.6924484,1,1,unassigned,2.0,2.0,0.0,1.0,0.0,0.0,0.0,0.0,1,0,0,1,0
30734,-1,1,4.43555,0.9882902,1,1,unassigned,4.0,3.0,1.0,0.75,0.25,0.25,0.003868472,0.000967118,1,0,0,1,1
30735,-1,0,-0.58191407,0.3584923,0,1,unassigned,11.0,11.0,0.0,1.0,0.0,0.0,0.017408123,0.0,0,0,0,0,0
30736,-1,0,9.538501,0.999928,1,1,unassigned,2.0,2.0,0.0,1.0,0.0,0.0,0.0,0.0,0,0,0,1,1
30737,-1,1,6.578384,0.9986118,1,1,unassigned,5.0,2.0,3.0,0.4,0.6,0.6,0.0058027077,0.0034816249,1,0,0,1,1
30738,-1,0,-0.34365964,0.41492078,0,1,unassigned,40.0,39.0,1.0,0.975,0.025,0.024999976,0.07350097,0.0018375242,0,0,0,0,0
30739,-1,0,2.6028574,0.9310453,1,1,unassigned,30.0,28.0,2.0,0.93333334,0.06666667,0.06666666,0.054158606,0.003610574,0,0,0,1,1
30740,-1,1,-0.43142617,0.3937858,0,1,unassigned,8.0,8.0,0.0,1.0,0.0,0.0,0.0116054155,0.0,1,0,0,0,0
30741,-1,1,2.3654501,0.91415447,1,1,unassigned,2.0,2.0,0.0,1.0,0.0,0.0,0.0,0.0,1,0,0,1,1
30742,-1,1,2.3654501,0.91415447,1,1,unassigned,2.0,2.0,0.0,1.0,0.0,0.0,0.0,0.0,1,0,0,1,1
30743,-1,1,2.5460672,0.9273088,1,1,unassigned,2.0,2.0,0.0,1.0,0.0,0.0,0.0,0.0,1,0,0,1,1
30744,-1,0,-0.41597003,0.39748147,0,1,unassigned,2.0,1.0,1.0,0.5,0.5,0.5,0.0,0.0,0,0,0,0,0
30745,-1,0,1.1197023,0.7539335,1,1,unassigned,19.0,18.0,1.0,0.94736844,0.05263158,0.052631557,0.032882012,0.0017306323,0,0,0,1,0
30746,-1,0,-0.71928155,0.32755122,0,1,unassigned,21.0,20.0,1.0,0.95238096,0.04761905,0.047619045,0.036750484,0.0017500231,0,0,0,0,0
30747,1,0,1.3032625,0.7863835,1,0,unassigned,11.0,10.0,1.0,0.90909094,0.09090909,0.090909064,0.017408123,0.0015825568,0,0,1,1,0
30748,-1,0,-0.38832635,0.40412027,0,1,unassigned,37.0,37.0,0.0,1.0,0.0,0.0,0.06769826,0.0,0,0,0,0,0
30749,-1,0,0.09188914,0.52295613,1,1,unassigned,30.0,28.0,2.0,0.93333334,0.06666667,0.06666666,0.054158606,0.003610574,0,0,0,1,0
30750,-1,0,10.120216,0.9999597,1,1,unassigned,5.0,4.0,1.0,0.8,0.2,0.19999999,0.0058027077,0.0011605415,0,0,0,1,1
30751,-1,0,-0.74083626,0.32282132,0,1,unassigned,5.0,2.0,3.0,0.4,0.6,0.6,0.0058027077,0.0034816249,0,0,0,0,0
30752,-1,0,-0.52987176,0.37054682,0,1,unassigned,65.0,58.0,7.0,0.8923077,0.10769231,0.1076923,0.12185687,0.013123048,0,0,0,0,0
30753,-1,0,-0.7078279,0.330079,0,1,unassigned,30.0,26.0,4.0,0.8666667,0.13333334,0.13333333,0.054158606,0.007221148,0,0,0,0,0
30754,-1,0,-0.35618997,0.41188216,0,1,unassigned,101.0,86.0,15.0,0.85148513,0.14851485,0.14851487,0.19148937,0.028439015,0,0,0,0,0
30755,-1,0,3.4892738,0.970381,1,1,unassigned,4.0,4.0,0.0,1.0,0.0,0.0,0.003868472,0.0,0,0,0,1,1
30756,-1,1,0.44444793,0.6093184,1,1,unassigned,3.0,3.0,0.0,1.0,0.0,0.0,0.001934236,0.0,1,0,0,1,0
30757,-1,0,6.9545264,0.9990466,1,1,unassigned,3.0,2.0,1.0,0.6666667,0.33333334,0.3333333,0.001934236,0.00064474536,0,0,0,1,1
30758,-1,0,2.3441408,0.91246736,1,1,unassigned,18.0,18.0,0.0,1.0,0.0,0.0,0.030947777,0.0,0,0,0,1,1
30759,-1,0,-0.904106,0.28820744,0,1,unassigned,43.0,42.0,1.0,0.9767442,0.023255814,0.023255825,0.079303674,0.0018442714,0,0,0,0,0
30760,-1,1,4.424338,0.98815966,1,1,unassigned,6.0,6.0,0.0,1.0,0.0,0.0,0.007736944,0.0,1,0,0,1,1
30761,-1,0,-0.9718481,0.2745123,0,1,unassigned,2.0,2.0,0.0,1.0,0.0,0.0,0.0,0.0,0,0,0,0,0
30762,-1,0,0.13580018,0.53389794,1,1,unassigned,10.0,10.0,0.0,1.0,0.0,0.0,0.015473888,0.0,0,0,0,1,0
30763,-1,0,0.9739981,0.72591573,1,1,unassigned,17.0,14.0,3.0,0.8235294,0.1764706,0.17647058,0.029013539,0.005120036,0,0,0,1,0
30764,-1,1,2.7501707,0.939923,1,1,unassigned,5.0,2.0,3.0,0.4,0.6,0.6,0.0058027077,0.0034816249,1,0,0,1,1
30765,-1,0,0.7651399,0.6824686,1,1,unassigned,11.0,11.0,0.0,1.0,0.0,0.0,0.017408123,0.0,0,0,0,1,0
30766,-1,0,-0.32002792,0.42066893,0,1,unassigned,43.0,42.0,1.0,0.9767442,0.023255814,0.023255825,0.079303674,0.0018442714,0,0,0,0,0
30767,1,0,0.2666453,0.56626916,1,0,val,10.0,10.0,0.0,1.0,0.0,0.0,0.015473888,0.0,0,0,1,1,0
30768,-1,0,-0.5254675,0.37157464,0,1,unassigned,2.0,2.0,0.0,1.0,0.0,0.0,0.0,0.0,0,0,0,0,0
30769,-1,0,-0.054713547,0.486325,0,1,unassigned,24.0,24.0,0.0,1.0,0.0,0.0,0.04255319,0.0,0,0,0,0,0
30770,-1,0,-0.19078302,0.45244837,0,1,unassigned,5.0,5.0,0.0,1.0,0.0,0.0,0.0058027077,0.0,0,0,0,0,0
30771,-1,0,-0.20580268,0.44873014,0,1,unassigned,38.0,38.0,0.0,1.0,0.0,0.0,0.06963249,0.0,0,0,0,0,0
30772,-1,0,-0.1277481,0.46810636,0,1,unassigned,18.0,18.0,0.0,1.0,0.0,0.0,0.030947777,0.0,0,0,0,0,0
30773,-1,0,-0.4024682,0.40071943,0,1,unassigned,13.0,13.0,0.0,1.0,0.0,0.0,0.021276595,0.0,0,0,0,0,0
30774,-1,0,0.6530953,0.65770763,1,1,unassigned,16.0,15.0,1.0,0.9375,0.0625,0.0625,0.027079303,0.0016924564,0,0,0,1,0
30775,0,1,-0.7564084,0.31942654,0,0,unassigned,112.0,110.0,2.0,0.98214287,0.017857144,0.017857134,0.21276596,0.0037993924,1,0,1,0,0
30776,-1,1,-0.29914886,0.42576554,0,1,unassigned,36.0,33.0,3.0,0.9166667,0.083333336,0.08333331,0.065764025,0.0054803356,1,0,0,0,0
30777,0,0,-0.34731656,0.41403332,0,0,test,30.0,30.0,0.0,1.0,0.0,0.0,0.054158606,0.0,0,0,1,0,0
30778,-1,0,-0.845283,0.3004233,0,1,unassigned,5.0,5.0,0.0,1.0,0.0,0.0,0.0058027077,0.0,0,0,0,0,0
30779,-1,0,-0.63794655,0.34571087,0,1,unassigned,49.0,48.0,1.0,0.97959185,0.020408163,0.020408154,0.09090909,0.0018552876,0,0,0,0,0
30780,-1,1,3.3967593,0.9676031,1,1,unassigned,20.0,12.0,8.0,0.6,0.4,0.39999998,0.034816246,0.013926499,1,0,0,1,1
30781,-1,0,12.704974,0.999997,1,1,unassigned,71.0,59.0,12.0,0.8309859,0.16901408,0.1690141,0.13346228,0.022557005,0,0,0,1,1
30782,-1,1,0.9294365,0.71696097,1,1,unassigned,43.0,42.0,1.0,0.9767442,0.023255814,0.023255825,0.079303674,0.0018442714,1,0,0,1,0
30783,-1,1,-0.8301815,0.3036067,0,1,unassigned,45.0,45.0,0.0,1.0,0.0,0.0,0.08317215,0.0,1,0,0,0,0
30784,-1,1,4.1202884,0.98401964,1,1,unassigned,2.0,1.0,1.0,0.5,0.5,0.5,0.0,0.0,1,0,0,1,1
30785,-1,0,2.3750079,0.91490155,1,1,unassigned,3.0,3.0,0.0,1.0,0.0,0.0,0.001934236,0.0,0,0,0,1,1
30786,-1,0,2.9919674,0.95220995,1,1,unassigned,2.0,2.0,0.0,1.0,0.0,0.0,0.0,0.0,0,0,0,1,1
30787,-1,1,0.18014854,0.54491574,1,1,unassigned,2.0,2.0,0.0,1.0,0.0,0.0,0.0,0.0,1,0,0,1,0
30788,1,0,-0.94847965,0.27919066,0,1,test,16.0,15.0,1.0,0.9375,0.0625,0.0625,0.027079303,0.0016924564,0,0,0,0,0
30789,-1,0,1.3354466,0.7917401,1,1,unassigned,3.0,3.0,0.0,1.0,0.0,0.0,0.001934236,0.0,0,0,0,1,0
30790,-1,0,-0.15911624,0.46030462,0,1,unassigned,59.0,58.0,1.0,0.9830508,0.016949153,0.016949177,0.11025145,0.0018686686,0,0,0,0,0
30791,0,1,-0.20894432,0.44795313,0,0,val,6.0,6.0,0.0,1.0,0.0,0.0,0.007736944,0.0,1,0,1,0,0
30792,-1,1,11.525938,0.9999901,1,1,unassigned,3.0,2.0,1.0,0.6666667,0.33333334,0.3333333,0.001934236,0.00064474536,1,0,0,1,1
30793,-1,0,0.23805958,0.5592354,1,1,unassigned,4.0,4.0,0.0,1.0,0.0,0.0,0.003868472,0.0,0,0,0,1,0
30794,-1,1,8.652172,0.9998253,1,1,unassigned,3.0,2.0,1.0,0.6666667,0.33333334,0.3333333,0.001934236,0.00064474536,1,0,0,1,1
30795,-1,1,3.488547,0.9703601,1,1,unassigned,3.0,3.0,0.0,1.0,0.0,0.0,0.001934236,0.0,1,0,0,1,1
30796,-1,0,0.03463596,0.5086582,1,1,unassigned,2.0,2.0,0.0,1.0,0.0,0.0,0.0,0.0,0,0,0,1,0
30797,-1,0,-0.53466684,0.36942908,0,1,unassigned,7.0,7.0,0.0,1.0,0.0,0.0,0.00967118,0.0,0,0,0,0,0
30798,-1,1,1.8051491,0.8587746,1,1,unassigned,5.0,3.0,2.0,0.6,0.4,0.39999998,0.0058027077,0.002321083,1,0,0,1,0
30799,-1,1,6.8596025,0.9989518,1,1,unassigned,3.0,3.0,0.0,1.0,0.0,0.0,0.001934236,0.0,1,0,0,1,1
30800,-1,1,-0.74627054,0.32163447,0,1,unassigned,36.0,32.0,4.0,0.8888889,0.11111111,0.111111104,0.065764025,0.007307114,1,0,0,0,0
30801,0,0,-0.91648996,0.28567365,0,0,val,6.0,6.0,0.0,1.0,0.0,0.0,0.007736944,0.0,0,0,1,0,0
30802,-1,1,1.7630057,0.85358566,1,1,unassigned,2.0,2.0,0.0,1.0,0.0,0.0,0.0,0.0,1,0,0,1,0
30803,0,0,-0.30779868,0.42365214,0,0,test,11.0,11.0,0.0,1.0,0.0,0.0,0.017408123,0.0,0,0,1,0,0
30804,-1,1,-0.5472885,0.36649376,0,1,unassigned,20.0,20.0,0.0,1.0,0.0,0.0,0.034816246,0.0,1,0,0,0,0
30805,-1,1,-0.18869776,0.45296502,0,1,unassigned,30.0,30.0,0.0,1.0,0.0,0.0,0.054158606,0.0,1,0,0,0,0
30806,-1,1,0.41681463,0.6027208,1,1,unassigned,72.0,69.0,3.0,0.9583333,0.041666668,0.041666687,0.13539653,0.005641522,1,0,0,1,0
30807,-1,1,5.262957,0.9948467,1,1,unassigned,7.0,7.0,0.0,1.0,0.0,0.0,0.00967118,0.0,1,0,0,1,1
30808,-1,1,2.4726589,0.92220277,1,1,unassigned,9.0,9.0,0.0,1.0,0.0,0.0,0.013539651,0.0,1,0,0,1,1
30809,-1,0,-0.58962786,0.35672027,0,1,unassigned,61.0,60.0,1.0,0.9836066,0.016393442,0.016393423,0.114119925,0.0018708183,0,0,0,0,0
30810,-1,1,0.528109,0.62904197,1,1,unassigned,6.0,6.0,0.0,1.0,0.0,0.0,0.007736944,0.0,1,0,0,1,0
30811,-1,0,-0.4152037,0.39766505,0,1,unassigned,54.0,54.0,0.0,1.0,0.0,0.0,0.10058027,0.0,0,0,0,0,0
30812,-1,1,2.7312696,0.93884677,1,1,unassigned,5.0,5.0,0.0,1.0,0.0,0.0,0.0058027077,0.0,1,0,0,1,1
30813,-1,0,-0.43451828,0.39304793,0,1,unassigned,19.0,19.0,0.0,1.0,0.0,0.0,0.032882012,0.0,0,0,0,0,0
30814,-1,0,-0.0259915,0.49350247,0,1,unassigned,7.0,7.0,0.0,1.0,0.0,0.0,0.00967118,0.0,0,0,0,0,0
30815,-1,1,1.9781988,0.878489,1,1,unassigned,4.0,4.0,0.0,1.0,0.0,0.0,0.003868472,0.0,1,0,0,1,0
30816,0,1,-0.5622477,0.36302754,0,0,val,68.0,63.0,5.0,0.9264706,0.073529415,0.07352942,0.12765957,0.009386734,1,0,1,0,0
30817,-1,1,0.65236825,0.65754396,1,1,unassigned,8.0,8.0,0.0,1.0,0.0,0.0,0.0116054155,0.0,1,0,0,1,0
30818,-1,0,5.302513,0.99504566,1,1,unassigned,3.0,2.0,1.0,0.6666667,0.33333334,0.3333333,0.001934236,0.00064474536,0,0,0,1,1
30819,0,0,-0.7277523,0.32568815,0,0,val,24.0,23.0,1.0,0.9583333,0.041666668,0.041666687,0.04255319,0.0017730496,0,0,1,0,0
30820,-1,1,2.337242,0.91191477,1,1,unassigned,11.0,4.0,7.0,0.36363637,0.6363636,0.6363636,0.017408123,0.011077897,1,0,0,1,1
30821,-1,0,0.8371735,0.6978696,1,1,unassigned,9.0,9.0,0.0,1.0,0.0,0.0,0.013539651,0.0,0,0,0,1,0
30822,0,0,-0.37396294,0.4075838,0,0,unassigned,8.0,8.0,0.0,1.0,0.0,0.0,0.0116054155,0.0,0,0,1,0,0
30823,0,0,4.429009,0.98821425,1,1,unassigned,2.0,2.0,0.0,1.0,0.0,0.0,0.0,0.0,0,0,0,1,1
30824,-1,1,3.543558,0.971902,1,1,unassigned,8.0,8.0,0.0,1.0,0.0,0.0,0.0116054155,0.0,1,0,0,1,1
30825,-1,1,5.8286157,0.99706644,1,1,unassigned,13.0,12.0,1.0,0.9230769,0.07692308,0.07692307,0.021276595,0.0016366612,1,0,0,1,1
30826,-1,1,-0.43907747,0.39196083,0,1,unassigned,15.0,14.0,1.0,0.93333334,0.06666667,0.06666666,0.025145067,0.0016763379,1,0,0,0,0
30827,-1,0,-0.152599,0.46192408,0,1,unassigned,26.0,25.0,1.0,0.96153843,0.03846154,0.038461566,0.046421662,0.0017854486,0,0,0,0,0
30828,-1,0,0.28978497,0.57194346,1,1,unassigned,5.0,5.0,0.0,1.0,0.0,0.0,0.0058027077,0.0,0,0,0,1,0
30829,-1,0,4.8459344,0.992201,1,1,unassigned,17.0,13.0,4.0,0.7647059,0.23529412,0.2352941,0.029013539,0.006826715,0,0,0,1,1
30830,-1,0,-0.34005213,0.41579685,0,1,unassigned,26.0,22.0,4.0,0.84615386,0.15384616,0.15384614,0.046421662,0.0071417945,0,0,0,0,0
30831,-1,0,-0.7127078,0.32900077,0,1,unassigned,72.0,71.0,1.0,0.9861111,0.013888889,0.0138888955,0.13539653,0.0018805073,0,0,0,0,0
30832,-1,0,-0.90619874,0.28777832,0,1,unassigned,30.0,27.0,3.0,0.9,0.1,0.100000024,0.054158606,0.0054158606,0,0,0,0,0
30833,-1,0,-0.78373206,0.3135161,0,1,unassigned,55.0,52.0,3.0,0.94545454,0.054545455,0.054545462,0.102514505,0.0055917003,0,0,0,0,0
30834,0,0,1.0859601,0.74762017,1,1,unassigned,13.0,13.0,0.0,1.0,0.0,0.0,0.021276595,0.0,0,0,0,1,0
30835,-1,0,8.174895,0.99971837,1,1,unassigned,2.0,2.0,0.0,1.0,0.0,0.0,0.0,0.0,0,0,0,1,1
30836,-1,1,1.2539656,0.77798563,1,1,unassigned,3.0,2.0,1.0,0.6666667,0.33333334,0.3333333,0.001934236,0.00064474536,1,0,0,1,0
30837,-1,0,-0.5350187,0.36934716,0,1,unassigned,30.0,30.0,0.0,1.0,0.0,0.0,0.054158606,0.0,0,0,0,0,0
30838,-1,0,-0.7685107,0.31680137,0,1,unassigned,9.0,9.0,0.0,1.0,0.0,0.0,0.013539651,0.0,0,0,0,0,0
30839,-1,0,-0.8454553,0.30038708,0,1,unassigned,2.0,2.0,0.0,1.0,0.0,0.0,0.0,0.0,0,0,0,0,0
30840,-1,0,-0.96217096,0.27644375,0,1,unassigned,41.0,41.0,0.0,1.0,0.0,0.0,0.07543521,0.0,0,0,0,0,0
30841,-1,0,10.751755,0.99997854,1,1,unassigned,2.0,2.0,0.0,1.0,0.0,0.0,0.0,0.0,0,0,0,1,1
30842,-1,0,-0.9419745,0.28050166,0,1,unassigned,29.0,29.0,0.0,1.0,0.0,0.0,0.05222437,0.0,0,0,0,0,0
30843,-1,0,3.0957406,0.9567167,1,1,unassigned,5.0,5.0,0.0,1.0,0.0,0.0,0.0058027077,0.0,0,0,0,1,1
30844,1,1,-0.05145222,0.48713982,0,1,unassigned,3.0,3.0,0.0,1.0,0.0,0.0,0.001934236,0.0,1,0,0,0,0
30845,-1,0,-0.44599247,0.390314,0,1,unassigned,11.0,11.0,0.0,1.0,0.0,0.0,0.017408123,0.0,0,0,0,0,0
30846,1,1,-1.1563678,0.23932791,0,1,test,2.0,2.0,0.0,1.0,0.0,0.0,0.0,0.0,1,0,0,0,0
30847,1,0,0.40315753,0.59944606,1,0,test,7.0,7.0,0.0,1.0,0.0,0.0,0.00967118,0.0,0,0,1,1,0
30848,-1,0,0.1819238,0.5453559,1,1,unassigned,6.0,6.0,0.0,1.0,0.0,0.0,0.007736944,0.0,0,0,0,1,0
30849,0,0,-0.52760607,0.37107542,0,0,test,8.0,8.0,0.0,1.0,0.0,0.0,0.0116054155,0.0,0,0,1,0,0
30850,-1,0,0.1409353,0.5351756,1,1,unassigned,2.0,2.0,0.0,1.0,0.0,0.0,0.0,0.0,0,0,0,1,0
30851,0,0,-0.6334441,0.34673002,0,0,unassigned,22.0,21.0,1.0,0.95454544,0.045454547,0.04545456,0.03868472,0.0017583964,0,0,1,0,0
30852,-1,0,0.42655104,0.60504985,1,1,unassigned,3.0,2.0,1.0,0.6666667,0.33333334,0.3333333,0.001934236,0.00064474536,0,0,0,1,0
30853,-1,0,-0.30642116,0.42398852,0,1,unassigned,7.0,7.0,0.0,1.0,0.0,0.0,0.00967118,0.0,0,0,0,0,0
30854,-1,0,5.3276553,0.9951681,1,1,unassigned,2.0,2.0,0.0,1.0,0.0,0.0,0.0,0.0,0,0,0,1,1
30855,-1,1,-0.87337554,0.29455242,0,1,unassigned,2.0,2.0,0.0,1.0,0.0,0.0,0.0,0.0,1,0,0,0,0
30856,-1,0,2.5139334,0.92511284,1,1,unassigned,6.0,2.0,4.0,0.33333334,0.6666667,0.6666666,0.007736944,0.005157963,0,0,0,1,1
30857,-1,0,0.46140105,0.61334646,1,1,unassigned,7.0,7.0,0.0,1.0,0.0,0.0,0.00967118,0.0,0,0,0,1,0
30858,-1,1,2.8508136,0.9453607,1,1,unassigned,52.0,32.0,20.0,0.61538464,0.3846154,0.38461536,0.0967118,0.037196845,1,0,0,1,1
30859,-1,0,2.2924192,0.90824723,1,1,unassigned,12.0,11.0,1.0,0.9166667,0.083333336,0.08333331,0.01934236,0.0016118633,0,0,0,1,1
30860,1,0,0.024238288,0.5060593,1,0,val,7.0,7.0,0.0,1.0,0.0,0.0,0.00967118,0.0,0,0,1,1,0
30861,-1,0,2.630676,0.93280995,1,1,unassigned,6.0,4.0,2.0,0.6666667,0.33333334,0.3333333,0.007736944,0.0025789815,0,0,0,1,1
30862,-1,0,-0.5041252,0.3765717,0,1,unassigned,12.0,12.0,0.0,1.0,0.0,0.0,0.01934236,0.0,0,0,0,0,0
30863,-1,0,0.9017084,0.71130043,1,1,unassigned,2.0,2.0,0.0,1.0,0.0,0.0,0.0,0.0,0,0,0,1,0
30864,-1,0,-0.6467009,0.34373337,0,1,unassigned,4.0,4.0,0.0,1.0,0.0,0.0,0.003868472,0.0,0,0,0,0,0
30865,-1,0,-0.6599376,0.34075361,0,1,unassigned,28.0,28.0,0.0,1.0,0.0,0.0,0.050290134,0.0,0,0,0,0,0
30866,-1,0,-0.12680501,0.46834114,0,1,unassigned,5.0,4.0,1.0,0.8,0.2,0.19999999,0.0058027077,0.0011605415,0,0,0,0,0
30867,-1,0,-0.5452476,0.3669677,0,1,unassigned,39.0,38.0,1.0,0.974359,0.025641026,0.025641024,0.07156673,0.0018350444,0,0,0,0,0
30868,-1,0,-0.5776376,0.35947636,0,1,unassigned,38.0,34.0,4.0,0.8947368,0.10526316,0.10526317,0.06963249,0.0073297364,0,0,0,0,0
30869,-1,1,-0.6266001,0.34828186,0,1,unassigned,13.0,9.0,4.0,0.6923077,0.30769232,0.3076923,0.021276595,0.006546645,1,0,0,0,0
30870,0,0,-0.6731051,0.3378019,0,0,unassigned,4.0,4.0,0.0,1.0,0.0,0.0,0.003868472,0.0,0,0,1,0,0
30871,-1,0,1.8187253,0.86041313,1,1,unassigned,5.0,5.0,0.0,1.0,0.0,0.0,0.0058027077,0.0,0,0,0,1,0
30872,-1,0,9.020631,0.9998791,1,1,unassigned,2.0,2.0,0.0,1.0,0.0,0.0,0.0,0.0,0,0,0,1,1
30873,0,1,-0.5086379,0.3755129,0,0,val,7.0,4.0,3.0,0.5714286,0.42857143,0.4285714,0.00967118,0.0041447915,1,0,1,0,0
30874,-1,1,-0.6723058,0.33798072,0,1,unassigned,10.0,7.0,3.0,0.7,0.3,0.3,0.015473888,0.0046421667,1,0,0,0,0
30875,-1,1,0.24313265,0.5604855,1,1,unassigned,39.0,39.0,0.0,1.0,0.0,0.0,0.07156673,0.0,1,0,0,1,0
30876,-1,0,9.020631,0.9998791,1,1,unassigned,2.0,2.0,0.0,1.0,0.0,0.0,0.0,0.0,0,0,0,1,1
30877,-1,0,-0.4852101,0.38102257,0,1,unassigned,36.0,28.0,8.0,0.7777778,0.22222222,0.22222221,0.065764025,0.014614228,0,0,0,0,0
30878,-1,1,-0.44696504,0.39008263,0,1,unassigned,8.0,8.0,0.0,1.0,0.0,0.0,0.0116054155,0.0,1,0,0,0,0
30879,-1,0,-0.6261504,0.34838393,0,1,unassigned,10.0,10.0,0.0,1.0,0.0,0.0,0.015473888,0.0,0,0,0,0,0
30880,-1,1,-0.9797481,0.27294177,0,1,unassigned,2.0,1.0,1.0,0.5,0.5,0.5,0.0,0.0,1,0,0,0,0
30881,1,0,-0.12206882,0.46952066,0,1,val,23.0,22.0,1.0,0.95652175,0.04347826,0.04347825,0.040618956,0.0017660416,0,0,0,0,0
30882,-1,0,-0.9413423,0.28062928,0,1,unassigned,45.0,45.0,0.0,1.0,0.0,0.0,0.08317215,0.0,0,0,0,0,0
30883,-1,0,0.5044487,0.6235042,1,1,unassigned,20.0,18.0,2.0,0.9,0.1,0.100000024,0.034816246,0.0034816246,0,0,0,1,0
30884,-1,1,-0.6760526,0.3371429,0,1,unassigned,42.0,39.0,3.0,0.9285714,0.071428575,0.0714286,0.07736944,0.0055263885,1,0,0,0,0
30885,-1,1,2.588413,0.9301121,1,1,unassigned,3.0,2.0,1.0,0.6666667,0.33333334,0.3333333,0.001934236,0.00064474536,1,0,0,1,1
30886,1,0,3.348476,0.96605486,1,0,unassigned,5.0,5.0,0.0,1.0,0.0,0.0,0.0058027077,0.0,0,0,1,1,1
30887,-1,0,-0.2633529,0.4345397,0,1,unassigned,19.0,19.0,0.0,1.0,0.0,0.0,0.032882012,0.0,0,0,0,0,0
30888,0,0,-0.38925457,0.40389678,0,0,unassigned,4.0,4.0,0.0,1.0,0.0,0.0,0.003868472,0.0,0,0,1,0,0
30889,-1,0,1.6555185,0.83963555,1,1,unassigned,2.0,2.0,0.0,1.0,0.0,0.0,0.0,0.0,0,0,0,1,0
30890,-1,0,0.37508172,0.5926863,1,1,unassigned,13.0,11.0,2.0,0.84615386,0.15384616,0.15384614,0.021276595,0.0032733225,0,0,0,1,0
30891,-1,0,0.42032367,0.60356075,1,1,unassigned,2.0,2.0,0.0,1.0,0.0,0.0,0.0,0.0,0,0,0,1,0
30892,-1,0,-0.5558777,0.3645018,0,1,unassigned,12.0,12.0,0.0,1.0,0.0,0.0,0.01934236,0.0,0,0,0,0,0
30893,-1,1,-0.7988379,0.31027415,0,1,unassigned,3.0,2.0,1.0,0.6666667,0.33333334,0.3333333,0.001934236,0.00064474536,1,0,0,0,0
30894,-1,0,-0.9444142,0.28000957,0,1,unassigned,43.0,43.0,0.0,1.0,0.0,0.0,0.079303674,0.0,0,0,0,0,0
30895,-1,1,-0.4326383,0.39349654,0,1,unassigned,10.0,10.0,0.0,1.0,0.0,0.0,0.015473888,0.0,1,0,0,0,0
30896,0,0,4.1500773,0.98448145,1,1,unassigned,2.0,2.0,0.0,1.0,0.0,0.0,0.0,0.0,0,0,0,1,1
30897,-1,1,3.6036365,0.973497,1,1,unassigned,18.0,13.0,5.0,0.7222222,0.2777778,0.2777778,0.030947777,0.008596605,1,0,0,1,1
30898,-1,0,4.284287,0.98640394,1,1,unassigned,3.0,3.0,0.0,1.0,0.0,0.0,0.001934236,0.0,0,0,0,1,1
30899,-1,0,-0.6925981,0.33345535,0,1,unassigned,13.0,13.0,0.0,1.0,0.0,0.0,0.021276595,0.0,0,0,0,0,0
30900,-1,1,-1.8869545,0.1315921,0,1,unassigned,8.0,7.0,1.0,0.875,0.125,0.125,0.0116054155,0.0014506769,1,0,0,0,0
30901,-1,0,-0.25819963,0.43580633,0,1,unassigned,22.0,22.0,0.0,1.0,0.0,0.0,0.03868472,0.0,0,0,0,0,0
30902,-1,1,3.4446766,0.969072,1,1,unassigned,8.0,8.0,0.0,1.0,0.0,0.0,0.0116054155,0.0,1,0,0,1,1
30903,-1,1,-0.33721405,0.41648635,0,1,unassigned,13.0,12.0,1.0,0.9230769,0.07692308,0.07692307,0.021276595,0.0016366612,1,0,0,0,0
30904,-1,0,3.3119354,0.96483594,1,1,unassigned,6.0,2.0,4.0,0.33333334,0.6666667,0.6666666,0.007736944,0.005157963,0,0,0,1,1
30905,0,0,-0.56283987,0.36289063,0,0,test,8.0,8.0,0.0,1.0,0.0,0.0,0.0116054155,0.0,0,0,1,0,0
30906,-1,0,2.5522099,0.9277218,1,1,unassigned,5.0,5.0,0.0,1.0,0.0,0.0,0.0058027077,0.0,0,0,0,1,1
30907,-1,0,0.028436959,0.50710875,1,1,unassigned,31.0,29.0,2.0,0.9354839,0.06451613,0.06451613,0.056092843,0.003618893,0,0,0,1,0
30908,1,0,1.901324,0.8700414,1,0,unassigned,24.0,22.0,2.0,0.9166667,0.083333336,0.08333331,0.04255319,0.0035460992,0,0,1,1,0
30909,-1,0,4.0446143,0.98278505,1,1,unassigned,4.0,4.0,0.0,1.0,0.0,0.0,0.003868472,0.0,0,0,0,1,1
30910,-1,0,-0.5879368,0.3571084,0,1,unassigned,26.0,23.0,3.0,0.88461536,0.115384616,0.11538464,0.046421662,0.005356346,0,0,0,0,0
30911,-1,0,-0.85207915,0.29899687,0,1,unassigned,12.0,11.0,1.0,0.9166667,0.083333336,0.08333331,0.01934236,0.0016118633,0,0,0,0,0
30912,-1,0,-0.8667517,0.29593065,0,1,unassigned,16.0,16.0,0.0,1.0,0.0,0.0,0.027079303,0.0,0,0,0,0,0
30913,-1,0,7.1413136,0.999209,1,1,unassigned,26.0,22.0,4.0,0.84615386,0.15384616,0.15384614,0.046421662,0.0071417945,0,0,0,1,1
30914,-1,1,2.237188,0.9035397,1,1,unassigned,6.0,6.0,0.0,1.0,0.0,0.0,0.007736944,0.0,1,0,0,1,1
30915,0,1,-0.5591856,0.36373588,0,0,val,24.0,22.0,2.0,0.9166667,0.083333336,0.08333331,0.04255319,0.0035460992,1,0,1,0,0
30916,-1,0,-0.64803094,0.3434334,0,1,unassigned,4.0,4.0,0.0,1.0,0.0,0.0,0.003868472,0.0,0,0,0,0,0
30917,-1,1,2.9219146,0.9489192,1,1,unassigned,2.0,2.0,0.0,1.0,0.0,0.0,0.0,0.0,1,0,0,1,1
30918,-1,0,2.321983,0.9106814,1,1,unassigned,7.0,6.0,1.0,0.85714287,0.14285715,0.14285713,0.00967118,0.0013815971,0,0,0,1,1
30919,-1,0,-0.31475016,0.42195573,0,1,unassigned,33.0,32.0,1.0,0.969697,0.030303031,0.030303001,0.059961315,0.0018170096,0,0,0,0,0
30920,-1,0,-0.92494977,0.28395042,0,1,unassigned,17.0,17.0,0.0,1.0,0.0,0.0,0.029013539,0.0,0,0,0,0,0
30921,-1,0,0.118442416,0.529576,1,1,unassigned,6.0,6.0,0.0,1.0,0.0,0.0,0.007736944,0.0,0,0,0,1,0
30922,-1,1,0.54067117,0.6319685,1,1,unassigned,14.0,13.0,1.0,0.9285714,0.071428575,0.0714286,0.023210831,0.0016579166,1,0,0,1,0
30923,-1,0,-0.43485594,0.39296734,0,1,unassigned,19.0,19.0,0.0,1.0,0.0,0.0,0.032882012,0.0,0,0,0,0,0
30924,0,0,-0.21017197,0.4476496,0,0,unassigned,11.0,11.0,0.0,1.0,0.0,0.0,0.017408123,0.0,0,0,1,0,0
30925,-1,0,-0.60353076,0.3535363,0,1,unassigned,7.0,7.0,0.0,1.0,0.0,0.0,0.00967118,0.0,0,0,0,0,0
30926,-1,0,-0.3518298,0.41293874,0,1,unassigned,19.0,19.0,0.0,1.0,0.0,0.0,0.032882012,0.0,0,0,0,0,0
30927,-1,0,-0.4422096,0.3912146,0,1,unassigned,27.0,27.0,0.0,1.0,0.0,0.0,0.0483559,0.0,0,0,0,0,0
30928,-1,1,2.8443043,0.94502354,1,1,unassigned,5.0,5.0,0.0,1.0,0.0,0.0,0.0058027077,0.0,1,0,0,1,1
30929,-1,0,2.742706,0.93950003,1,1,unassigned,9.0,9.0,0.0,1.0,0.0,0.0,0.013539651,0.0,0,0,0,1,1
30930,1,0,-0.28021812,0.4304003,0,1,unassigned,13.0,12.0,1.0,0.9230769,0.07692308,0.07692307,0.021276595,0.0016366612,0,0,0,0,0
30931,-1,0,-0.2936222,0.42711732,0,1,unassigned,5.0,5.0,0.0,1.0,0.0,0.0,0.0058027077,0.0,0,0,0,0,0
30932,-1,0,0.23749536,0.55909634,1,1,unassigned,3.0,3.0,0.0,1.0,0.0,0.0,0.001934236,0.0,0,0,0,1,0
30933,0,1,-0.055526495,0.48612195,0,0,unassigned,24.0,23.0,1.0,0.9583333,0.041666668,0.041666687,0.04255319,0.0017730496,1,0,1,0,0
30934,-1,0,-0.5242256,0.37186468,0,1,unassigned,12.0,12.0,0.0,1.0,0.0,0.0,0.01934236,0.0,0,0,0,0,0
30935,-1,1,1.4976931,0.81723017,1,1,unassigned,17.0,17.0,0.0,1.0,0.0,0.0,0.029013539,0.0,1,0,0,1,0
30936,-1,1,-0.5646635,0.3624691,0,1,unassigned,27.0,26.0,1.0,0.962963,0.037037037,0.037037015,0.0483559,0.0017909593,1,0,0,0,0
30937,-1,1,2.4293826,0.91904056,1,1,unassigned,24.0,23.0,1.0,0.9583333,0.041666668,0.041666687,0.04255319,0.0017730496,1,0,0,1,1
30938,1,1,-0.046204805,0.48845086,0,1,val,3.0,1.0,2.0,0.33333334,0.6666667,0.6666666,0.001934236,0.0012894907,1,0,0,0,0
30939,0,1,-0.6279586,0.3479736,0,0,test,62.0,58.0,4.0,0.9354839,0.06451613,0.06451613,0.116054155,0.0074873646,1,0,1,0,0
30940,-1,0,-0.5385293,0.3685298,0,1,unassigned,5.0,5.0,0.0,1.0,0.0,0.0,0.0058027077,0.0,0,0,0,0,0
30941,-1,0,0.8948327,0.7098865,1,1,unassigned,2.0,2.0,0.0,1.0,0.0,0.0,0.0,0.0,0,0,0,1,0
30942,0,0,-0.54113126,0.36792445,0,0,test,4.0,3.0,1.0,0.75,0.25,0.25,0.003868472,0.000967118,0,0,1,0,0
30943,-1,0,-0.12201476,0.4695341,0,1,unassigned,8.0,8.0,0.0,1.0,0.0,0.0,0.0116054155,0.0,0,0,0,0,0
30944,0,0,-0.35151505,0.41301507,0,0,test,3.0,3.0,0.0,1.0,0.0,0.0,0.001934236,0.0,0,0,1,0,0
30945,-1,0,-0.50174844,0.37712985,0,1,unassigned,6.0,6.0,0.0,1.0,0.0,0.0,0.007736944,0.0,0,0,0,0,0
30946,-1,0,-0.38363123,0.40525138,0,1,unassigned,10.0,10.0,0.0,1.0,0.0,0.0,0.015473888,0.0,0,0,0,0,0
30947,-1,0,0.24974263,0.56211317,1,1,unassigned,9.0,9.0,0.0,1.0,0.0,0.0,0.013539651,0.0,0,0,0,1,0
30948,-1,0,0.34827507,0.5861992,1,1,unassigned,16.0,15.0,1.0,0.9375,0.0625,0.0625,0.027079303,0.0016924564,0,0,0,1,0
30949,-1,0,8.182778,0.99972063,1,1,unassigned,18.0,18.0,0.0,1.0,0.0,0.0,0.030947777,0.0,0,0,0,1,1
30950,-1,0,-0.1537675,0.46163368,0,1,unassigned,3.0,3.0,0.0,1.0,0.0,0.0,0.001934236,0.0,0,0,0,0,0
30951,-1,0,-0.22315934,0.44444057,0,1,unassigned,15.0,15.0,0.0,1.0,0.0,0.0,0.025145067,0.0,0,0,0,0,0
30952,-1,0,-0.7416429,0.322645,0,1,unassigned,4.0,4.0,0.0,1.0,0.0,0.0,0.003868472,0.0,0,0,0,0,0
30953,1,0,-0.8871231,0.29170388,0,1,test,4.0,4.0,0.0,1.0,0.0,0.0,0.003868472,0.0,0,0,0,0,0
30954,-1,0,-0.8880937,0.29150337,0,1,unassigned,26.0,25.0,1.0,0.96153843,0.03846154,0.038461566,0.046421662,0.0017854486,0,0,0,0,0
30955,-1,1,2.0084946,0.88168603,1,1,unassigned,3.0,3.0,0.0,1.0,0.0,0.0,0.001934236,0.0,1,0,0,1,0
30956,-1,0,1.8940074,0.86921173,1,1,unassigned,5.0,5.0,0.0,1.0,0.0,0.0,0.0058027077,0.0,0,0,0,1,0
30957,-1,0,-0.3509935,0.4131415,0,1,unassigned,46.0,43.0,3.0,0.9347826,0.06521739,0.065217376,0.08510638,0.005550416,0,0,0,0,0
30958,-1,0,-0.81555873,0.30670723,0,1,unassigned,16.0,16.0,0.0,1.0,0.0,0.0,0.027079303,0.0,0,0,0,0,0
30959,0,0,-0.33921745,0.41599956,0,0,test,17.0,17.0,0.0,1.0,0.0,0.0,0.029013539,0.0,0,0,1,0,0
30960,-1,1,2.700637,0.9370642,1,1,unassigned,4.0,4.0,0.0,1.0,0.0,0.0,0.003868472,0.0,1,0,0,1,1
30961,-1,0,5.485625,0.9958711,1,1,unassigned,13.0,12.0,1.0,0.9230769,0.07692308,0.07692307,0.021276595,0.0016366612,0,0,0,1,1
30962,-1,1,9.226627,0.99990165,1,1,unassigned,2.0,1.0,1.0,0.5,0.5,0.5,0.0,0.0,1,0,0,1,1
30963,-1,0,3.684059,0.97549474,1,1,unassigned,2.0,2.0,0.0,1.0,0.0,0.0,0.0,0.0,0,0,0,1,1
30964,-1,0,2.4365342,0.9195711,1,1,unassigned,32.0,30.0,2.0,0.9375,0.0625,0.0625,0.058027077,0.0036266923,0,0,0,1,1
30965,-1,1,3.9651382,0.9813876,1,1,unassigned,9.0,9.0,0.0,1.0,0.0,0.0,0.013539651,0.0,1,0,0,1,1
30966,-1,0,1.6713188,0.8417515,1,1,unassigned,3.0,3.0,0.0,1.0,0.0,0.0,0.001934236,0.0,0,0,0,1,0
30967,1,0,-0.3898108,0.40376288,0,1,val,16.0,16.0,0.0,1.0,0.0,0.0,0.027079303,0.0,0,0,0,0,0
30968,-1,0,-0.31594163,0.42166513,0,1,unassigned,11.0,11.0,0.0,1.0,0.0,0.0,0.017408123,0.0,0,0,0,0,0
30969,-1,0,3.699836,0.9758691,1,1,unassigned,2.0,2.0,0.0,1.0,0.0,0.0,0.0,0.0,0,0,0,1,1
30970,-1,1,1.3128498,0.7879896,1,1,unassigned,4.0,4.0,0.0,1.0,0.0,0.0,0.003868472,0.0,1,0,0,1,0
30971,-1,0,1.8264792,0.8613417,1,1,unassigned,2.0,1.0,1.0,0.5,0.5,0.5,0.0,0.0,0,0,0,1,0
30972,-1,0,0.15246612,0.53804284,1,1,unassigned,3.0,3.0,0.0,1.0,0.0,0.0,0.001934236,0.0,0,0,0,1,0
30973,-1,0,0.75200325,0.679615,1,1,unassigned,11.0,6.0,5.0,0.54545456,0.45454547,0.45454544,0.017408123,0.007912784,0,0,0,1,0
30974,-1,0,-0.38385904,0.4051965,0,1,unassigned,6.0,6.0,0.0,1.0,0.0,0.0,0.007736944,0.0,0,0,0,0,0
30975,-1,0,0.9724663,0.7256108,1,1,unassigned,42.0,41.0,1.0,0.97619045,0.023809524,0.023809552,0.07736944,0.0018421295,0,0,0,1,0
30976,-1,0,-0.23329651,0.44193897,0,1,unassigned,29.0,29.0,0.0,1.0,0.0,0.0,0.05222437,0.0,0,0,0,0,0
30977,-1,0,0.004247308,0.50106186,1,1,unassigned,3.0,3.0,0.0,1.0,0.0,0.0,0.001934236,0.0,0,0,0,1,0
30978,-1,0,-0.33526927,0.41695908,0,1,unassigned,3.0,3.0,0.0,1.0,0.0,0.0,0.001934236,0.0,0,0,0,0,0
30979,-1,0,-0.751225,0.32055444,0,1,unassigned,27.0,26.0,1.0,0.962963,0.037037037,0.037037015,0.0483559,0.0017909593,0,0,0,0,0
30980,-1,0,11.799719,0.9999925,1,1,unassigned,25.0,22.0,3.0,0.88,0.12,0.120000005,0.044487428,0.0053384914,0,0,0,1,1
30981,-1,1,3.2577083,0.9629491,1,1,unassigned,5.0,5.0,0.0,1.0,0.0,0.0,0.0058027077,0.0,1,0,0,1,1
30982,-1,0,8.485844,0.9997937,1,1,unassigned,2.0,2.0,0.0,1.0,0.0,0.0,0.0,0.0,0,0,0,1,1
30983,-1,0,-0.3158236,0.4216939,0,1,unassigned,10.0,10.0,0.0,1.0,0.0,0.0,0.015473888,0.0,0,0,0,0,0
30984,1,0,4.1447864,0.98440033,1,0,unassigned,7.0,7.0,0.0,1.0,0.0,0.0,0.00967118,0.0,0,0,1,1,1
30985,-1,0,0.8940131,0.70971763,1,1,unassigned,5.0,5.0,0.0,1.0,0.0,0.0,0.0058027077,0.0,0,0,0,1,0
30986,0,1,0.9538043,0.7218796,1,1,val,8.0,7.0,1.0,0.875,0.125,0.125,0.0116054155,0.0014506769,1,0,0,1,0
30987,-1,0,-0.6597473,0.34079638,0,1,unassigned,38.0,31.0,7.0,0.81578946,0.18421052,0.18421054,0.06963249,0.012827038,0,0,0,0,0
30988,-1,0,1.627485,0.83582485,1,1,unassigned,2.0,2.0,0.0,1.0,0.0,0.0,0.0,0.0,0,0,0,1,0
30989,-1,0,-0.25626463,0.43628216,0,1,unassigned,53.0,53.0,0.0,1.0,0.0,0.0,0.09864604,0.0,0,0,0,0,0
30990,0,0,-0.7176486,0.32791096,0,0,val,23.0,23.0,0.0,1.0,0.0,0.0,0.040618956,0.0,0,0,1,0,0
30991,-1,0,1.8507144,0.86421096,1,1,unassigned,4.0,3.0,1.0,0.75,0.25,0.25,0.003868472,0.000967118,0,0,0,1,0
30992,-1,0,0.4977929,0.6219405,1,1,unassigned,3.0,3.0,0.0,1.0,0.0,0.0,0.001934236,0.0,0,0,0,1,0
30993,-1,1,-0.27747104,0.43107387,0,1,unassigned,18.0,17.0,1.0,0.9444444,0.055555556,0.055555582,0.030947777,0.0017193209,1,0,0,0,0
30994,-1,0,-0.7214666,0.32707012,0,1,unassigned,13.0,10.0,3.0,0.7692308,0.23076923,0.23076922,0.021276595,0.0049099834,0,0,0,0,0
30995,-1,0,-0.53688157,0.36891332,0,1,unassigned,17.0,17.0,0.0,1.0,0.0,0.0,0.029013539,0.0,0,0,0,0,0
30996,0,0,-0.6440069,0.34434134,0,0,val,2.0,2.0,0.0,1.0,0.0,0.0,0.0,0.0,0,0,1,0,0
30997,1,1,0.27898365,0.5692971,1,0,unassigned,13.0,11.0,2.0,0.84615386,0.15384616,0.15384614,0.021276595,0.0032733225,1,0,1,1,0
30998,-1,0,0.065859914,0.51645905,1,1,unassigned,46.0,43.0,3.0,0.9347826,0.06521739,0.065217376,0.08510638,0.005550416,0,0,0,1,0
30999,-1,0,-0.07084295,0.48229665,0,1,unassigned,4.0,4.0,0.0,1.0,0.0,0.0,0.003868472,0.0,0,0,0,0,0
31000,-1,1,-0.8471178,0.30003783,0,1,unassigned,108.0,105.0,3.0,0.9722222,0.027777778,0.027777791,0.20502901,0.0056952504,1,0,0,0,0
31001,0,1,-0.7421675,0.32253036,0,0,unassigned,40.0,38.0,2.0,0.95,0.05,0.050000012,0.07350097,0.0036750485,1,0,1,0,0
31002,-1,1,4.6410003,0.9904441,1,1,unassigned,7.0,5.0,2.0,0.71428573,0.2857143,0.28571427,0.00967118,0.0027631943,1,0,0,1,1
31003,-1,0,-0.70339584,0.33105975,0,1,unassigned,17.0,17.0,0.0,1.0,0.0,0.0,0.029013539,0.0,0,0,0,0,0
31004,-1,0,-1.0469177,0.25981742,0,1,unassigned,2.0,2.0,0.0,1.0,0.0,0.0,0.0,0.0,0,0,0,0,0
31005,1,0,-0.44596827,0.3903198,0,1,unassigned,12.0,12.0,0.0,1.0,0.0,0.0,0.01934236,0.0,0,0,0,0,0
31006,0,1,0.8816095,0.7071556,1,1,unassigned,29.0,28.0,1.0,0.9655172,0.03448276,0.034482777,0.05222437,0.0018008404,1,0,0,1,0
31007,-1,0,1.6746867,0.8421997,1,1,unassigned,4.0,4.0,0.0,1.0,0.0,0.0,0.003868472,0.0,0,0,0,1,0
31008,1,0,5.993875,0.9975122,1,0,unassigned,5.0,5.0,0.0,1.0,0.0,0.0,0.0058027077,0.0,0,0,1,1,1
31009,-1,1,0.08732861,0.5218183,1,1,unassigned,7.0,6.0,1.0,0.85714287,0.14285715,0.14285713,0.00967118,0.0013815971,1,0,0,1,0
31010,-1,0,7.6229625,0.9995111,1,1,unassigned,4.0,3.0,1.0,0.75,0.25,0.25,0.003868472,0.000967118,0,0,0,1,1
31011,0,0,-2.2798803,0.09280303,0,0,val,2.0,2.0,0.0,1.0,0.0,0.0,0.0,0.0,0,0,1,0,1
31012,-1,0,-0.16909724,0.45782614,0,1,unassigned,3.0,3.0,0.0,1.0,0.0,0.0,0.001934236,0.0,0,0,0,0,0
31013,-1,0,-0.2339536,0.4417769,0,1,unassigned,2.0,2.0,0.0,1.0,0.0,0.0,0.0,0.0,0,0,0,0,0
31014,1,0,-0.10226971,0.47445482,0,1,val,5.0,5.0,0.0,1.0,0.0,0.0,0.0058027077,0.0,0,0,0,0,0
31015,-1,0,0.9832588,0.7277544,1,1,unassigned,2.0,2.0,0.0,1.0,0.0,0.0,0.0,0.0,0,0,0,1,0
31016,1,0,-0.07108033,0.48223737,0,1,test,4.0,4.0,0.0,1.0,0.0,0.0,0.003868472,0.0,0,0,0,0,0
31017,-1,0,0.8155332,0.6932874,1,1,unassigned,2.0,2.0,0.0,1.0,0.0,0.0,0.0,0.0,0,0,0,1,0
31018,-1,0,-0.6884314,0.33438212,0,1,unassigned,5.0,4.0,1.0,0.8,0.2,0.19999999,0.0058027077,0.0011605415,0,0,0,0,0
31019,-1,0,-0.65068096,0.34283608,0,1,unassigned,16.0,16.0,0.0,1.0,0.0,0.0,0.027079303,0.0,0,0,0,0,0
31020,-1,0,-0.46044207,0.38688093,0,1,unassigned,24.0,24.0,0.0,1.0,0.0,0.0,0.04255319,0.0,0,0,0,0,0
31021,-1,0,2.916924,0.94867676,1,1,unassigned,4.0,4.0,0.0,1.0,0.0,0.0,0.003868472,0.0,0,0,0,1,1
31022,-1,0,-0.107044965,0.4732643,0,1,unassigned,5.0,5.0,0.0,1.0,0.0,0.0,0.0058027077,0.0,0,0,0,0,0
31023,-1,1,2.3923018,0.9162384,1,1,unassigned,20.0,18.0,2.0,0.9,0.1,0.100000024,0.034816246,0.0034816246,1,0,0,1,1
31024,-1,1,-0.7983975,0.31036842,0,1,unassigned,76.0,75.0,1.0,0.9868421,0.013157895,0.013157904,0.14313346,0.0018833351,1,0,0,0,0
31025,-1,1,-0.56180775,0.36312932,0,1,unassigned,71.0,71.0,0.0,1.0,0.0,0.0,0.13346228,0.0,1,0,0,0,0
31026,-1,1,0.25187576,0.5626381,1,1,unassigned,73.0,67.0,6.0,0.91780823,0.08219178,0.082191765,0.13733076,0.011287459,1,0,0,1,0
31027,-1,1,-0.8416563,0.30118605,0,1,unassigned,56.0,56.0,0.0,1.0,0.0,0.0,0.10444874,0.0,1,0,0,0,0
31028,-1,1,0.56257397,0.6370479,1,1,unassigned,18.0,18.0,0.0,1.0,0.0,0.0,0.030947777,0.0,1,0,0,1,0
31029,-1,0,-0.83663213,0.30224457,0,1,unassigned,13.0,1.0,12.0,0.07692308,0.9230769,0.9230769,0.021276595,0.019639933,0,0,0,0,0
31030,-1,1,1.0875125,0.747913,1,1,unassigned,6.0,6.0,0.0,1.0,0.0,0.0,0.007736944,0.0,1,0,0,1,0
31031,-1,1,0.04499632,0.51124716,1,1,unassigned,10.0,9.0,1.0,0.9,0.1,0.100000024,0.015473888,0.0015473888,1,0,0,1,0
31032,-1,1,-0.041729033,0.48956922,0,1,unassigned,21.0,19.0,2.0,0.9047619,0.0952381,0.09523809,0.036750484,0.0035000462,1,0,0,0,0
31033,1,0,0.035006583,0.50875074,1,0,unassigned,4.0,4.0,0.0,1.0,0.0,0.0,0.003868472,0.0,0,0,1,1,0
31034,-1,0,-0.6598233,0.3407793,0,1,unassigned,5.0,4.0,1.0,0.8,0.2,0.19999999,0.0058027077,0.0011605415,0,0,0,0,0
31035,-1,1,-0.5815511,0.35857576,0,1,unassigned,8.0,8.0,0.0,1.0,0.0,0.0,0.0116054155,0.0,1,0,0,0,0
31036,-1,0,3.9436028,0.98099005,1,1,unassigned,2.0,1.0,1.0,0.5,0.5,0.5,0.0,0.0,0,0,0,1,1
31037,-1,0,3.2128124,0.9613136,1,1,unassigned,10.0,10.0,0.0,1.0,0.0,0.0,0.015473888,0.0,0,0,0,1,1
31038,-1,0,1.1107106,0.7522616,1,1,unassigned,6.0,3.0,3.0,0.5,0.5,0.5,0.007736944,0.003868472,0,0,0,1,0
31039,-1,1,6.051592,0.9976514,1,1,unassigned,16.0,10.0,6.0,0.625,0.375,0.375,0.027079303,0.010154739,1,0,0,1,1
31040,-1,0,-0.9115355,0.28668573,0,1,unassigned,2.0,2.0,0.0,1.0,0.0,0.0,0.0,0.0,0,0,0,0,0
31041,-1,1,-0.60732013,0.35267076,0,1,unassigned,72.0,70.0,2.0,0.9722222,0.027777778,0.027777791,0.13539653,0.0037610147,1,0,0,0,0
31042,-1,1,-0.94653755,0.27958167,0,1,unassigned,2.0,2.0,0.0,1.0,0.0,0.0,0.0,0.0,1,0,0,0,0
31043,-1,0,1.859699,0.86526185,1,1,unassigned,2.0,2.0,0.0,1.0,0.0,0.0,0.0,0.0,0,0,0,1,0
31044,-1,0,-0.4427055,0.39109647,0,1,unassigned,8.0,8.0,0.0,1.0,0.0,0.0,0.0116054155,0.0,0,0,0,0,0
31045,-1,0,-0.4005922,0.40117007,0,1,unassigned,59.0,58.0,1.0,0.9830508,0.016949153,0.016949177,0.11025145,0.0018686686,0,0,0,0,0
31046,-1,0,4.330197,0.98700607,1,1,unassigned,3.0,3.0,0.0,1.0,0.0,0.0,0.001934236,0.0,0,0,0,1,1
31047,-1,1,-0.77419007,0.3155734,0,1,unassigned,20.0,14.0,6.0,0.7,0.3,0.3,0.034816246,0.010444874,1,0,0,0,0
31048,-1,0,-0.1200763,0.4700169,0,1,unassigned,18.0,17.0,1.0,0.9444444,0.055555556,0.055555582,0.030947777,0.0017193209,0,0,0,0,0
31049,-1,1,2.3418114,0.9122812,1,1,unassigned,8.0,8.0,0.0,1.0,0.0,0.0,0.0116054155,0.0,1,0,0,1,1
31050,-1,1,-0.56892806,0.3614842,0,1,unassigned,5.0,5.0,0.0,1.0,0.0,0.0,0.0058027077,0.0,1,0,0,0,0
31051,1,1,0.5341497,0.6304505,1,0,unassigned,6.0,4.0,2.0,0.6666667,0.33333334,0.3333333,0.007736944,0.0025789815,1,0,1,1,0
31052,-1,0,-0.56842655,0.3616,0,1,unassigned,14.0,14.0,0.0,1.0,0.0,0.0,0.023210831,0.0,0,0,0,0,0
31053,0,0,-0.6564976,0.34152684,0,0,val,40.0,40.0,0.0,1.0,0.0,0.0,0.07350097,0.0,0,0,1,0,0
31054,-1,0,-0.6693623,0.33863965,0,1,unassigned,27.0,27.0,0.0,1.0,0.0,0.0,0.0483559,0.0,0,0,0,0,0
31055,-1,0,-0.5573597,0.3641586,0,1,unassigned,4.0,4.0,0.0,1.0,0.0,0.0,0.003868472,0.0,0,0,0,0,0
31056,1,0,0.08824128,0.522046,1,0,unassigned,38.0,38.0,0.0,1.0,0.0,0.0,0.06963249,0.0,0,0,1,1,0
31057,-1,0,-0.16956344,0.45771042,0,1,unassigned,23.0,23.0,0.0,1.0,0.0,0.0,0.040618956,0.0,0,0,0,0,0
31058,-1,0,0.9841178,0.7279245,1,1,unassigned,8.0,8.0,0.0,1.0,0.0,0.0,0.0116054155,0.0,0,0,0,1,0
31059,1,0,1.0229232,0.73554164,1,0,unassigned,10.0,9.0,1.0,0.9,0.1,0.100000024,0.015473888,0.0015473888,0,0,1,1,0
31060,-1,0,-0.18533406,0.45379865,0,1,unassigned,41.0,41.0,0.0,1.0,0.0,0.0,0.07543521,0.0,0,0,0,0,0
31061,-1,1,-0.6470254,0.34366015,0,1,unassigned,102.0,100.0,2.0,0.98039216,0.019607844,0.019607842,0.1934236,0.0037926198,1,0,0,0,0
31062,-1,0,-0.85267997,0.29887098,0,1,unassigned,2.0,2.0,0.0,1.0,0.0,0.0,0.0,0.0,0,0,0,0,0
31063,-1,1,-0.45945355,0.38711548,0,1,unassigned,92.0,90.0,2.0,0.9782609,0.02173913,0.021739125,0.17408124,0.0037843748,1,0,0,0,0
31064,-1,1,5.255377,0.9948078,1,1,unassigned,3.0,3.0,0.0,1.0,0.0,0.0,0.001934236,0.0,1,0,0,1,1
31065,-1,1,-0.702646,0.3312258,0,1,unassigned,42.0,42.0,0.0,1.0,0.0,0.0,0.07736944,0.0,1,0,0,0,0
31066,-1,0,1.15293,0.7600457,1,1,unassigned,6.0,6.0,0.0,1.0,0.0,0.0,0.007736944,0.0,0,0,0,1,0
31067,-1,1,7.571034,0.99948514,1,1,unassigned,2.0,2.0,0.0,1.0,0.0,0.0,0.0,0.0,1,0,0,1,1
31068,-1,1,-0.11662972,0.4708756,0,1,unassigned,41.0,39.0,2.0,0.9512195,0.048780486,0.0487805,0.07543521,0.003679766,1,0,0,0,0
31069,-1,0,-0.564352,0.3625411,0,1,unassigned,3.0,3.0,0.0,1.0,0.0,0.0,0.001934236,0.0,0,0,0,0,0
31070,-1,1,-0.7731096,0.31580684,0,1,unassigned,38.0,38.0,0.0,1.0,0.0,0.0,0.06963249,0.0,1,0,0,0,0
31071,-1,1,-0.638538,0.34557712,0,1,unassigned,77.0,76.0,1.0,0.987013,0.012987013,0.012987018,0.14506769,0.001883996,1,0,0,0,0
31072,1,1,0.015122116,0.5037804,1,0,unassigned,20.0,20.0,0.0,1.0,0.0,0.0,0.034816246,0.0,1,0,1,1,0
31073,-1,1,1.1429377,0.7582186,1,1,unassigned,15.0,15.0,0.0,1.0,0.0,0.0,0.025145067,0.0,1,0,0,1,0
31074,-1,0,-0.21894714,0.44548088,0,1,unassigned,10.0,10.0,0.0,1.0,0.0,0.0,0.015473888,0.0,0,0,0,0,0
31075,-1,0,0.025330484,0.5063323,1,1,unassigned,5.0,5.0,0.0,1.0,0.0,0.0,0.0058027077,0.0,0,0,0,1,0
31076,-1,1,-0.93836784,0.28123015,0,1,unassigned,2.0,2.0,0.0,1.0,0.0,0.0,0.0,0.0,1,0,0,0,0
31077,-1,1,0.1701402,0.5424327,1,1,unassigned,13.0,13.0,0.0,1.0,0.0,0.0,0.021276595,0.0,1,0,0,1,0
31078,-1,1,0.9100862,0.7130178,1,1,unassigned,17.0,17.0,0.0,1.0,0.0,0.0,0.029013539,0.0,1,0,0,1,0
31079,-1,0,4.0176873,0.9823235,1,1,unassigned,3.0,3.0,0.0,1.0,0.0,0.0,0.001934236,0.0,0,0,0,1,1
31080,-1,1,0.89200383,0.70930356,1,1,unassigned,4.0,4.0,0.0,1.0,0.0,0.0,0.003868472,0.0,1,0,0,1,0
31081,1,1,2.814569,0.943458,1,0,unassigned,28.0,25.0,3.0,0.89285713,0.10714286,0.107142866,0.050290134,0.0053882287,1,0,1,1,1
31082,-1,0,-0.81458116,0.30691516,0,1,unassigned,2.0,2.0,0.0,1.0,0.0,0.0,0.0,0.0,0,0,0,0,0
31083,-1,0,-0.13676918,0.4658609,0,1,unassigned,17.0,17.0,0.0,1.0,0.0,0.0,0.029013539,0.0,0,0,0,0,0
31084,-1,1,4.2994776,0.9866062,1,1,unassigned,11.0,11.0,0.0,1.0,0.0,0.0,0.017408123,0.0,1,0,0,1,1
31085,-1,0,0.09929043,0.52480227,1,1,unassigned,13.0,13.0,0.0,1.0,0.0,0.0,0.021276595,0.0,0,0,0,1,0
31086,-1,0,-0.6809519,0.33604887,0,1,unassigned,42.0,42.0,0.0,1.0,0.0,0.0,0.07736944,0.0,0,0,0,0,0
31087,-1,0,-0.9474672,0.27939448,0,1,unassigned,26.0,26.0,0.0,1.0,0.0,0.0,0.046421662,0.0,0,0,0,0,0
31088,-1,1,2.644524,0.93367267,1,1,unassigned,29.0,28.0,1.0,0.9655172,0.03448276,0.034482777,0.05222437,0.0018008404,1,0,0,1,1
31089,-1,0,0.104182184,0.526022,1,1,unassigned,73.0,73.0,0.0,1.0,0.0,0.0,0.13733076,0.0,0,0,0,1,0
31090,-1,0,0.09874153,0.52466536,1,1,unassigned,10.0,10.0,0.0,1.0,0.0,0.0,0.015473888,0.0,0,0,0,1,0
31091,-1,0,7.529074,0.999463,1,1,unassigned,4.0,3.0,1.0,0.75,0.25,0.25,0.003868472,0.000967118,0,0,0,1,1
31092,-1,1,-0.82690716,0.30429944,0,1,unassigned,45.0,45.0,0.0,1.0,0.0,0.0,0.08317215,0.0,1,0,0,0,0
31093,0,1,-0.61716413,0.3504267,0,0,test,127.0,125.0,2.0,0.984252,0.015748031,0.015748024,0.24177949,0.003807551,1,0,1,0,0
31094,1,1,0.65403205,0.65791845,1,0,test,13.0,13.0,0.0,1.0,0.0,0.0,0.021276595,0.0,1,0,1,1,0
31095,-1,1,-0.8553828,0.29830492,0,1,unassigned,96.0,94.0,2.0,0.9791667,0.020833334,0.020833313,0.18181819,0.003787879,1,0,0,0,0
31096,-1,1,-0.49865627,0.37785652,0,1,unassigned,42.0,42.0,0.0,1.0,0.0,0.0,0.07736944,0.0,1,0,0,0,0
31097,-1,1,0.4425518,0.60886693,1,1,unassigned,64.0,62.0,2.0,0.96875,0.03125,0.03125,0.11992263,0.0037475822,1,0,0,1,0
31098,-1,1,-0.34169838,0.415397,0,1,unassigned,77.0,76.0,1.0,0.987013,0.012987013,0.012987018,0.14506769,0.001883996,1,0,0,0,0
31099,-1,0,-0.47164735,0.3842264,0,1,unassigned,27.0,26.0,1.0,0.962963,0.037037037,0.037037015,0.0483559,0.0017909593,0,0,0,0,0
31100,-1,0,-0.6035413,0.35353392,0,1,unassigned,25.0,25.0,0.0,1.0,0.0,0.0,0.044487428,0.0,0,0,0,0,0
31101,-1,0,2.181008,0.89853096,1,1,unassigned,15.0,15.0,0.0,1.0,0.0,0.0,0.025145067,0.0,0,0,0,1,0
31102,-1,1,-1.372133,0.20227545,0,1,unassigned,2.0,2.0,0.0,1.0,0.0,0.0,0.0,0.0,1,0,0,0,0
31103,-1,0,1.0979056,0.7498675,1,1,unassigned,2.0,2.0,0.0,1.0,0.0,0.0,0.0,0.0,0,0,0,1,0
31104,-1,0,-0.42492652,0.39533848,0,1,unassigned,16.0,16.0,0.0,1.0,0.0,0.0,0.027079303,0.0,0,0,0,0,0
31105,-1,1,-0.8231489,0.30509564,0,1,unassigned,27.0,27.0,0.0,1.0,0.0,0.0,0.0483559,0.0,1,0,0,0,0
31106,-1,1,6.6051726,0.99864846,1,1,unassigned,8.0,4.0,4.0,0.5,0.5,0.5,0.0116054155,0.0058027077,1,0,0,1,1
31107,-1,1,-0.13653862,0.46591824,0,1,unassigned,6.0,6.0,0.0,1.0,0.0,0.0,0.007736944,0.0,1,0,0,0,0
31108,1,1,-0.037321627,0.49067068,0,1,unassigned,2.0,2.0,0.0,1.0,0.0,0.0,0.0,0.0,1,0,0,0,0
31109,-1,1,-0.83749366,0.30206293,0,1,unassigned,2.0,2.0,0.0,1.0,0.0,0.0,0.0,0.0,1,0,0,0,0
31110,-1,0,1.676866,0.84248906,1,1,unassigned,7.0,7.0,0.0,1.0,0.0,0.0,0.00967118,0.0,0,0,0,1,0
31111,-1,0,10.673155,0.9999769,1,1,unassigned,3.0,3.0,0.0,1.0,0.0,0.0,0.001934236,0.0,0,0,0,1,1
31112,-1,0,-0.11904198,0.4702746,0,1,unassigned,13.0,13.0,0.0,1.0,0.0,0.0,0.021276595,0.0,0,0,0,0,0
31113,-1,0,-0.6517571,0.3425937,0,1,unassigned,10.0,10.0,0.0,1.0,0.0,0.0,0.015473888,0.0,0,0,0,0,0
31114,-1,0,6.0708685,0.9976961,1,1,unassigned,9.0,9.0,0.0,1.0,0.0,0.0,0.013539651,0.0,0,0,0,1,1
31115,-1,0,0.15916812,0.53970826,1,1,unassigned,15.0,15.0,0.0,1.0,0.0,0.0,0.025145067,0.0,0,0,0,1,0
31116,-1,0,-0.17462352,0.45645472,0,1,unassigned,32.0,32.0,0.0,1.0,0.0,0.0,0.058027077,0.0,0,0,0,0,0
31117,0,0,-0.8790993,0.29336447,0,0,val,28.0,25.0,3.0,0.89285713,0.10714286,0.107142866,0.050290134,0.0053882287,0,0,1,0,0
31118,-1,0,1.5125635,0.8194408,1,1,unassigned,5.0,5.0,0.0,1.0,0.0,0.0,0.0058027077,0.0,0,0,0,1,0
31119,-1,1,1.2463856,0.77667356,1,1,unassigned,62.0,55.0,7.0,0.88709676,0.11290322,0.11290324,0.116054155,0.013102888,1,0,0,1,0
31120,1,0,1.9741037,0.8780512,1,0,test,12.0,11.0,1.0,0.9166667,0.083333336,0.08333331,0.01934236,0.0016118633,0,0,1,1,0
31121,-1,0,-0.90969574,0.2870621,0,1,unassigned,21.0,20.0,1.0,0.95238096,0.04761905,0.047619045,0.036750484,0.0017500231,0,0,0,0,0
31122,-1,1,0.4258932,0.6048926,1,1,unassigned,28.0,13.0,15.0,0.4642857,0.53571427,0.53571427,0.050290134,0.026941143,1,0,0,1,0
31123,-1,1,-0.17881739,0.4554144,0,1,unassigned,11.0,6.0,5.0,0.54545456,0.45454547,0.45454544,0.017408123,0.007912784,1,0,0,0,0
31124,1,0,8.158316,0.9997137,1,0,unassigned,12.0,9.0,3.0,0.75,0.25,0.25,0.01934236,0.00483559,0,0,1,1,1
31125,-1,0,-0.34521747,0.4145427,0,1,unassigned,16.0,16.0,0.0,1.0,0.0,0.0,0.027079303,0.0,0,0,0,0,0
31126,-1,0,-0.18327177,0.45430985,0,1,unassigned,10.0,10.0,0.0,1.0,0.0,0.0,0.015473888,0.0,0,0,0,0,0
31127,-1,1,0.10848957,0.52709585,1,1,unassigned,2.0,2.0,0.0,1.0,0.0,0.0,0.0,0.0,1,0,0,1,0
31128,-1,0,7.078031,0.9991573,1,1,unassigned,7.0,5.0,2.0,0.71428573,0.2857143,0.28571427,0.00967118,0.0027631943,0,0,0,1,1
31129,-1,1,0.13222855,0.53300905,1,1,unassigned,42.0,42.0,0.0,1.0,0.0,0.0,0.07736944,0.0,1,0,0,1,0
31130,-1,1,4.591,0.9899592,1,1,unassigned,27.0,26.0,1.0,0.962963,0.037037037,0.037037015,0.0483559,0.0017909593,1,0,0,1,1
31131,-1,0,3.1009834,0.95693326,1,1,unassigned,4.0,3.0,1.0,0.75,0.25,0.25,0.003868472,0.000967118,0,0,0,1,1
31132,1,0,5.7228484,0.9967403,1,0,val,28.0,23.0,5.0,0.8214286,0.17857143,0.1785714,0.050290134,0.008980381,0,0,1,1,1
31133,-1,0,1.0948443,0.74929285,1,1,unassigned,2.0,2.0,0.0,1.0,0.0,0.0,0.0,0.0,0,0,0,1,0
31134,-1,0,-0.25751027,0.43597585,0,1,unassigned,3.0,3.0,0.0,1.0,0.0,0.0,0.001934236,0.0,0,0,0,0,0
31135,1,0,0.99399644,0.7298766,1,0,unassigned,4.0,4.0,0.0,1.0,0.0,0.0,0.003868472,0.0,0,0,1,1,0
31136,-1,1,2.703593,0.9372383,1,1,unassigned,3.0,3.0,0.0,1.0,0.0,0.0,0.001934236,0.0,1,0,0,1,1
31137,-1,0,3.0425332,0.9544591,1,1,unassigned,6.0,5.0,1.0,0.8333333,0.16666667,0.16666669,0.007736944,0.0012894907,0,0,0,1,1
31138,1,0,-0.7013342,0.33151647,0,1,val,2.0,2.0,0.0,1.0,0.0,0.0,0.0,0.0,0,0,0,0,0
31139,-1,0,-0.47532284,0.38335717,0,1,unassigned,19.0,17.0,2.0,0.8947368,0.10526316,0.10526317,0.032882012,0.0034612645,0,0,0,0,0
31140,-1,1,3.548447,0.9720353,1,1,unassigned,2.0,2.0,0.0,1.0,0.0,0.0,0.0,0.0,1,0,0,1,1
31141,0,1,-0.33912084,0.41602305,0,0,unassigned,22.0,18.0,4.0,0.8181818,0.18181819,0.18181819,0.03868472,0.0070335856,1,0,1,0,0
31142,-1,0,3.3449657,0.96593964,1,1,unassigned,3.0,3.0,0.0,1.0,0.0,0.0,0.001934236,0.0,0,0,0,1,1
31143,-1,1,5.226598,0.9946569,1,1,unassigned,2.0,2.0,0.0,1.0,0.0,0.0,0.0,0.0,1,0,0,1,1
31144,-1,0,-0.6896384,0.3341135,0,1,unassigned,21.0,16.0,5.0,0.7619048,0.23809524,0.23809522,0.036750484,0.0087501155,0,0,0,0,0
31145,-1,1,0.019080818,0.50477004,1,1,unassigned,3.0,3.0,0.0,1.0,0.0,0.0,0.001934236,0.0,1,0,0,1,0
31146,-1,0,0.04525155,0.51131094,1,1,unassigned,5.0,4.0,1.0,0.8,0.2,0.19999999,0.0058027077,0.0011605415,0,0,0,1,0
31147,-1,1,0.17451984,0.54351956,1,1,unassigned,7.0,7.0,0.0,1.0,0.0,0.0,0.00967118,0.0,1,0,0,1,0
31148,-1,0,-0.85270023,0.29886672,0,1,unassigned,61.0,61.0,0.0,1.0,0.0,0.0,0.114119925,0.0,0,0,0,0,0
31149,-1,0,0.59574217,0.6446816,1,1,unassigned,3.0,3.0,0.0,1.0,0.0,0.0,0.001934236,0.0,0,0,0,1,0
31150,-1,0,1.8325164,0.8620612,1,1,unassigned,3.0,3.0,0.0,1.0,0.0,0.0,0.001934236,0.0,0,0,0,1,0
31151,-1,0,-0.24616641,0.4387673,0,1,unassigned,67.0,67.0,0.0,1.0,0.0,0.0,0.12572534,0.0,0,0,0,0,0
31152,-1,0,-0.80802387,0.30831176,0,1,unassigned,46.0,46.0,0.0,1.0,0.0,0.0,0.08510638,0.0,0,0,0,0,0
31153,-1,1,-0.54065,0.3680364,0,1,unassigned,20.0,18.0,2.0,0.9,0.1,0.100000024,0.034816246,0.0034816246,1,0,0,0,0
31154,-1,0,-0.46656305,0.38543007,0,1,unassigned,12.0,10.0,2.0,0.8333333,0.16666667,0.16666669,0.01934236,0.0032237265,0,0,0,0,0
31155,0,0,-0.18600291,0.45363286,0,0,unassigned,4.0,4.0,0.0,1.0,0.0,0.0,0.003868472,0.0,0,0,1,0,0
31156,-1,0,3.9809124,0.9816735,1,1,unassigned,2.0,1.0,1.0,0.5,0.5,0.5,0.0,0.0,0,0,0,1,1
31157,-1,1,0.15419996,0.5384737,1,1,unassigned,2.0,1.0,1.0,0.5,0.5,0.5,0.0,0.0,1,0,0,1,0
31158,-1,0,-0.6013021,0.35404584,0,1,unassigned,2.0,2.0,0.0,1.0,0.0,0.0,0.0,0.0,0,0,0,0,0
31159,1,0,0.6694878,0.66138846,1,0,val,8.0,8.0,0.0,1.0,0.0,0.0,0.0116054155,0.0,0,0,1,1,0
31160,-1,0,-0.96974254,0.27493182,0,1,unassigned,12.0,12.0,0.0,1.0,0.0,0.0,0.01934236,0.0,0,0,0,0,0
31161,-1,1,2.1487596,0.89555275,1,1,unassigned,25.0,20.0,5.0,0.8,0.2,0.19999999,0.044487428,0.008897486,1,0,0,1,0
31162,-1,1,2.3595078,0.913687,1,1,unassigned,5.0,5.0,0.0,1.0,0.0,0.0,0.0058027077,0.0,1,0,0,1,1
31163,1,1,8.124327,0.9997038,1,0,test,19.0,18.0,1.0,0.94736844,0.05263158,0.052631557,0.032882012,0.0017306323,1,0,1,1,1
31164,-1,0,-0.41135648,0.39858693,0,1,unassigned,21.0,21.0,0.0,1.0,0.0,0.0,0.036750484,0.0,0,0,0,0,0
31165,1,0,-0.61462355,0.35100523,0,1,unassigned,11.0,11.0,0.0,1.0,0.0,0.0,0.017408123,0.0,0,0,0,0,0
31166,-1,0,2.8238776,0.94395256,1,1,unassigned,7.0,7.0,0.0,1.0,0.0,0.0,0.00967118,0.0,0,0,0,1,1
31167,-1,1,-0.91678804,0.2856128,0,1,unassigned,59.0,53.0,6.0,0.89830506,0.10169491,0.10169494,0.11025145,0.011212012,1,0,0,0,0
31168,-1,0,-0.97328746,0.27422574,0,1,unassigned,31.0,31.0,0.0,1.0,0.0,0.0,0.056092843,0.0,0,0,0,0,0
31169,-1,1,6.5581126,0.99858344,1,1,unassigned,24.0,20.0,4.0,0.8333333,0.16666667,0.16666669,0.04255319,0.0070921984,1,0,0,1,1
31170,-1,0,-0.81352085,0.30714074,0,1,unassigned,39.0,39.0,0.0,1.0,0.0,0.0,0.07156673,0.0,0,0,0,0,0
31171,0,1,-0.44080722,0.3915486,0,0,val,121.0,90.0,31.0,0.74380165,0.25619835,0.25619835,0.23017408,0.05897022,1,0,1,0,0
31172,-1,1,0.56213826,0.63694715,1,1,unassigned,3.0,3.0,0.0,1.0,0.0,0.0,0.001934236,0.0,1,0,0,1,0
31173,-1,0,5.4763074,0.99583274,1,1,unassigned,4.0,4.0,0.0,1.0,0.0,0.0,0.003868472,0.0,0,0,0,1,1
31174,-1,0,-0.33799928,0.41629553,0,1,unassigned,41.0,37.0,4.0,0.902439,0.09756097,0.097561,0.07543521,0.007359532,0,0,0,0,0
31175,-1,0,0.27777982,0.56900185,1,1,unassigned,3.0,3.0,0.0,1.0,0.0,0.0,0.001934236,0.0,0,0,0,1,0
31176,-1,0,-0.6880271,0.33447212,0,1,unassigned,4.0,3.0,1.0,0.75,0.25,0.25,0.003868472,0.000967118,0,0,0,0,0
31177,-1,1,10.586462,0.9999747,1,1,unassigned,2.0,2.0,0.0,1.0,0.0,0.0,0.0,0.0,1,0,0,1,1
31178,-1,0,1.580203,0.8292332,1,1,unassigned,6.0,6.0,0.0,1.0,0.0,0.0,0.007736944,0.0,0,0,0,1,0
31179,-1,0,1.2713614,0.78097564,1,1,unassigned,20.0,10.0,10.0,0.5,0.5,0.5,0.034816246,0.017408123,0,0,0,1,0
31180,-1,1,0.5158705,0.62618166,1,1,unassigned,27.0,27.0,0.0,1.0,0.0,0.0,0.0483559,0.0,1,0,0,1,0
31181,-1,0,0.04982978,0.51245487,1,1,unassigned,23.0,22.0,1.0,0.95652175,0.04347826,0.04347825,0.040618956,0.0017660416,0,0,0,1,0
31182,-1,0,3.9343026,0.9808158,1,1,unassigned,2.0,2.0,0.0,1.0,0.0,0.0,0.0,0.0,0,0,0,1,1
31183,-1,0,0.14807957,0.5369524,1,1,unassigned,2.0,2.0,0.0,1.0,0.0,0.0,0.0,0.0,0,0,0,1,0
31184,-1,1,-0.29476604,0.42683747,0,1,unassigned,13.0,9.0,4.0,0.6923077,0.30769232,0.3076923,0.021276595,0.006546645,1,0,0,0,0
31185,-1,0,0.03153056,0.50788194,1,1,unassigned,14.0,14.0,0.0,1.0,0.0,0.0,0.023210831,0.0,0,0,0,1,0
31186,-1,1,1.7979162,0.8578951,1,1,unassigned,10.0,10.0,0.0,1.0,0.0,0.0,0.015473888,0.0,1,0,0,1,0
31187,-1,0,-0.51057035,0.37505984,0,1,unassigned,30.0,30.0,0.0,1.0,0.0,0.0,0.054158606,0.0,0,0,0,0,0
31188,-1,1,-0.8048115,0.30899724,0,1,unassigned,56.0,41.0,15.0,0.73214287,0.26785713,0.26785713,0.10444874,0.027977342,1,0,0,0,0
31189,-1,0,0.012072682,0.50301814,1,1,unassigned,42.0,42.0,0.0,1.0,0.0,0.0,0.07736944,0.0,0,0,0,1,0
31190,-1,1,0.12479693,0.5311588,1,1,unassigned,33.0,31.0,2.0,0.93939394,0.060606062,0.060606062,0.059961315,0.0036340193,1,0,0,1,0
31191,-1,0,-0.18008846,0.45509917,0,1,unassigned,6.0,6.0,0.0,1.0,0.0,0.0,0.007736944,0.0,0,0,0,0,0
31192,-1,0,-0.6917563,0.3336425,0,1,unassigned,53.0,53.0,0.0,1.0,0.0,0.0,0.09864604,0.0,0,0,0,0,0
31193,-1,0,-0.28324842,0.42965755,0,1,unassigned,57.0,57.0,0.0,1.0,0.0,0.0,0.10638298,0.0,0,0,0,0,0
31194,-1,1,3.1213038,0.95776296,1,1,unassigned,24.0,22.0,2.0,0.9166667,0.083333336,0.08333331,0.04255319,0.0035460992,1,0,0,1,1
31195,-1,0,-0.25772348,0.4359234,0,1,unassigned,5.0,5.0,0.0,1.0,0.0,0.0,0.0058027077,0.0,0,0,0,0,0
31196,0,0,-0.61355686,0.35124826,0,0,unassigned,7.0,7.0,0.0,1.0,0.0,0.0,0.00967118,0.0,0,0,1,0,0
31197,-1,0,-0.23059231,0.442606,0,1,unassigned,5.0,5.0,0.0,1.0,0.0,0.0,0.0058027077,0.0,0,0,0,0,0
31198,-1,1,8.431271,0.99978215,1,1,unassigned,3.0,1.0,2.0,0.33333334,0.6666667,0.6666666,0.001934236,0.0012894907,1,0,0,1,1
31199,-1,0,0.05235243,0.5130851,1,1,unassigned,2.0,2.0,0.0,1.0,0.0,0.0,0.0,0.0,0,0,0,1,0
31200,-1,0,1.3017433,0.7861283,1,1,unassigned,3.0,3.0,0.0,1.0,0.0,0.0,0.001934236,0.0,0,0,0,1,0
31201,-1,0,-0.43473828,0.39299545,0,1,unassigned,29.0,27.0,2.0,0.9310345,0.06896552,0.068965495,0.05222437,0.0036016807,0,0,0,0,0
31202,-1,0,-0.6424048,0.34470314,0,1,unassigned,33.0,33.0,0.0,1.0,0.0,0.0,0.059961315,0.0,0,0,0,0,0
31203,-1,0,-0.66266525,0.34014118,0,1,unassigned,6.0,6.0,0.0,1.0,0.0,0.0,0.007736944,0.0,0,0,0,0,0
31204,1,0,1.4273856,0.80649364,1,0,test,13.0,13.0,0.0,1.0,0.0,0.0,0.021276595,0.0,0,0,1,1,0
31205,-1,1,-0.5844096,0.3579186,0,1,unassigned,39.0,34.0,5.0,0.8717949,0.12820514,0.12820512,0.07156673,0.009175222,1,0,0,0,0
31206,-1,0,-0.5761423,0.3598207,0,1,unassigned,43.0,42.0,1.0,0.9767442,0.023255814,0.023255825,0.079303674,0.0018442714,0,0,0,0,0
31207,-1,0,-0.12880296,0.4678437,0,1,unassigned,16.0,16.0,0.0,1.0,0.0,0.0,0.027079303,0.0,0,0,0,0,0
31208,1,0,-0.3067979,0.42389652,0,1,test,22.0,22.0,0.0,1.0,0.0,0.0,0.03868472,0.0,0,0,0,0,0
31209,0,0,0.035612285,0.50890213,1,1,val,13.0,13.0,0.0,1.0,0.0,0.0,0.021276595,0.0,0,0,0,1,0
31210,-1,0,-0.47155237,0.38424888,0,1,unassigned,2.0,2.0,0.0,1.0,0.0,0.0,0.0,0.0,0,0,0,0,0
31211,-1,1,1.4456332,0.80932546,1,1,unassigned,30.0,30.0,0.0,1.0,0.0,0.0,0.054158606,0.0,1,0,0,1,0
31212,-1,0,7.1134605,0.9991866,1,1,unassigned,6.0,6.0,0.0,1.0,0.0,0.0,0.007736944,0.0,0,0,0,1,1
31213,-1,0,1.029046,0.7367309,1,1,unassigned,13.0,13.0,0.0,1.0,0.0,0.0,0.021276595,0.0,0,0,0,1,0
31214,-1,1,2.2980917,0.9087188,1,1,unassigned,51.0,49.0,2.0,0.9607843,0.039215688,0.039215684,0.09477756,0.0037167673,1,0,0,1,1
31215,1,1,-0.45415986,0.38837215,0,1,unassigned,73.0,71.0,2.0,0.9726027,0.02739726,0.027397275,0.13733076,0.0037624864,1,0,0,0,0
31216,-1,1,-0.889506,0.29121178,0,1,unassigned,31.0,30.0,1.0,0.9677419,0.032258064,0.032258093,0.056092843,0.0018094465,1,0,0,0,0
31217,0,1,-0.8675967,0.29575464,0,0,val,51.0,49.0,2.0,0.9607843,0.039215688,0.039215684,0.09477756,0.0037167673,1,0,1,0,0
31218,-1,1,-0.80381715,0.3092096,0,1,unassigned,99.0,97.0,2.0,0.97979796,0.02020202,0.02020204,0.1876209,0.003790321,1,0,0,0,0
31219,-1,1,-0.22311905,0.44445047,0,1,unassigned,27.0,26.0,1.0,0.962963,0.037037037,0.037037015,0.0483559,0.0017909593,1,0,0,0,0
31220,-1,0,1.2300026,0.77381897,1,1,unassigned,23.0,23.0,0.0,1.0,0.0,0.0,0.040618956,0.0,0,0,0,1,0
31221,-1,1,-0.8251126,0.30467948,0,1,unassigned,98.0,93.0,5.0,0.9489796,0.05102041,0.051020384,0.18568665,0.009473809,1,0,0,0,0
31222,-1,1,-0.8149778,0.30683076,0,1,unassigned,55.0,54.0,1.0,0.9818182,0.018181818,0.0181818,0.102514505,0.0018639,1,0,0,0,0
31223,-1,0,0.22607696,0.5562797,1,1,unassigned,3.0,3.0,0.0,1.0,0.0,0.0,0.001934236,0.0,0,0,0,1,0
31224,0,0,0.15056533,0.53757036,1,1,test,6.0,6.0,0.0,1.0,0.0,0.0,0.007736944,0.0,0,0,0,1,0
31225,-1,0,-0.32314318,0.41990992,0,1,unassigned,30.0,29.0,1.0,0.96666664,0.033333335,0.03333336,0.054158606,0.001805287,0,0,0,0,0
31226,-1,0,-0.08982283,0.47755942,0,1,unassigned,27.0,27.0,0.0,1.0,0.0,0.0,0.0483559,0.0,0,0,0,0,0
31227,-1,1,-0.74042237,0.3229118,0,1,unassigned,42.0,42.0,0.0,1.0,0.0,0.0,0.07736944,0.0,1,0,0,0,0
31228,0,0,-0.48620668,0.38078755,0,0,unassigned,7.0,7.0,0.0,1.0,0.0,0.0,0.00967118,0.0,0,0,1,0,0
31229,-1,0,2.8977501,0.9477351,1,1,unassigned,3.0,3.0,0.0,1.0,0.0,0.0,0.001934236,0.0,0,0,0,1,1
31230,-1,0,-0.12715596,0.46825376,0,1,unassigned,2.0,2.0,0.0,1.0,0.0,0.0,0.0,0.0,0,0,0,0,0
31231,-1,1,3.1623971,0.9593944,1,1,unassigned,2.0,2.0,0.0,1.0,0.0,0.0,0.0,0.0,1,0,0,1,1
31232,-1,1,1.5505292,0.82499015,1,1,unassigned,3.0,2.0,1.0,0.6666667,0.33333334,0.3333333,0.001934236,0.00064474536,1,0,0,1,0
31233,-1,1,4.67484,0.99075913,1,1,unassigned,11.0,11.0,0.0,1.0,0.0,0.0,0.017408123,0.0,1,0,0,1,1
31234,-1,1,2.3704064,0.91454256,1,1,unassigned,5.0,3.0,2.0,0.6,0.4,0.39999998,0.0058027077,0.002321083,1,0,0,1,1
31235,-1,1,6.519864,0.99852824,1,1,unassigned,2.0,1.0,1.0,0.5,0.5,0.5,0.0,0.0,1,0,0,1,1
31236,-1,0,0.6217845,0.6506243,1,1,unassigned,4.0,4.0,0.0,1.0,0.0,0.0,0.003868472,0.0,0,0,0,1,0
31237,-1,0,-0.35482627,0.41221255,0,1,unassigned,3.0,3.0,0.0,1.0,0.0,0.0,0.001934236,0.0,0,0,0,0,0
31238,-1,0,3.266116,0.9632479,1,1,unassigned,3.0,3.0,0.0,1.0,0.0,0.0,0.001934236,0.0,0,0,0,1,1
31239,-1,1,4.342422,0.98716193,1,1,unassigned,3.0,3.0,0.0,1.0,0.0,0.0,0.001934236,0.0,1,0,0,1,1
31240,0,0,0.87091357,0.7049358,1,1,unassigned,3.0,2.0,1.0,0.6666667,0.33333334,0.3333333,0.001934236,0.00064474536,0,0,0,1,0
31241,-1,0,5.204572,0.9945386,1,1,unassigned,3.0,3.0,0.0,1.0,0.0,0.0,0.001934236,0.0,0,0,0,1,1
31242,0,0,-0.28419754,0.429425,0,0,unassigned,6.0,6.0,0.0,1.0,0.0,0.0,0.007736944,0.0,0,0,1,0,0
31243,-1,0,0.35289675,0.58731985,1,1,unassigned,11.0,11.0,0.0,1.0,0.0,0.0,0.017408123,0.0,0,0,0,1,0
31244,-1,0,-0.18770027,0.4532122,0,1,unassigned,9.0,9.0,0.0,1.0,0.0,0.0,0.013539651,0.0,0,0,0,0,0
31245,1,0,0.22218686,0.5553193,1,0,unassigned,17.0,17.0,0.0,1.0,0.0,0.0,0.029013539,0.0,0,0,1,1,0
31246,-1,1,1.4135602,0.8043269,1,1,unassigned,3.0,3.0,0.0,1.0,0.0,0.0,0.001934236,0.0,1,0,0,1,0
31247,-1,0,-0.79950166,0.31013212,0,1,unassigned,50.0,50.0,0.0,1.0,0.0,0.0,0.092843324,0.0,0,0,0,0,0
31248,1,0,0.18408626,0.54589206,1,0,train,20.0,19.0,1.0,0.95,0.05,0.050000012,0.034816246,0.0017408123,0,0,1,1,0
31249,-1,0,-0.8487051,0.29970458,0,1,unassigned,36.0,35.0,1.0,0.9722222,0.027777778,0.027777791,0.065764025,0.0018267785,0,0,0,0,0
31250,-1,1,-0.12231928,0.46945828,0,1,unassigned,18.0,17.0,1.0,0.9444444,0.055555556,0.055555582,0.030947777,0.0017193209,1,0,0,0,0
31251,-1,1,2.208478,0.9010083,1,1,unassigned,5.0,5.0,0.0,1.0,0.0,0.0,0.0058027077,0.0,1,0,0,1,1
31252,-1,0,-0.8229429,0.3051393,0,1,unassigned,25.0,25.0,0.0,1.0,0.0,0.0,0.044487428,0.0,0,0,0,0,0
31253,-1,1,1.9965608,0.88043547,1,1,unassigned,2.0,2.0,0.0,1.0,0.0,0.0,0.0,0.0,1,0,0,1,0
31254,-1,0,-0.40356997,0.40045494,0,1,unassigned,8.0,8.0,0.0,1.0,0.0,0.0,0.0116054155,0.0,0,0,0,0,0
31255,-1,1,6.37477,0.99829894,1,1,unassigned,50.0,36.0,14.0,0.72,0.28,0.27999997,0.092843324,0.02599613,1,0,0,1,1
31256,-1,0,-0.15590212,0.46110326,0,1,unassigned,4.0,4.0,0.0,1.0,0.0,0.0,0.003868472,0.0,0,0,0,0,0
31257,-1,0,-0.40482762,0.40015304,0,1,unassigned,20.0,20.0,0.0,1.0,0.0,0.0,0.034816246,0.0,0,0,0,0,0
31258,-1,0,-0.9235929,0.2842264,0,1,unassigned,4.0,4.0,0.0,1.0,0.0,0.0,0.003868472,0.0,0,0,0,0,0
31259,-1,0,0.29790032,0.57392913,1,1,unassigned,17.0,17.0,0.0,1.0,0.0,0.0,0.029013539,0.0,0,0,0,1,0
31260,-1,0,0.035818815,0.50895375,1,1,unassigned,40.0,40.0,0.0,1.0,0.0,0.0,0.07350097,0.0,0,0,0,1,0
31261,-1,1,-0.6563976,0.3415493,0,1,unassigned,80.0,74.0,6.0,0.925,0.075,0.07499999,0.15087041,0.0113152815,1,0,0,0,0
31262,-1,0,5.3494344,0.9952716,1,1,unassigned,3.0,3.0,0.0,1.0,0.0,0.0,0.001934236,0.0,0,0,0,1,1
31263,-1,0,-0.6803081,0.33619255,0,1,unassigned,33.0,33.0,0.0,1.0,0.0,0.0,0.059961315,0.0,0,0,0,0,0
31264,-1,0,0.106267095,0.52654177,1,1,unassigned,2.0,2.0,0.0,1.0,0.0,0.0,0.0,0.0,0,0,0,1,0
31265,-1,0,-0.28419715,0.4294251,0,1,unassigned,8.0,8.0,0.0,1.0,0.0,0.0,0.0116054155,0.0,0,0,0,0,0
31266,-1,0,-0.7525025,0.32027623,0,1,unassigned,36.0,33.0,3.0,0.9166667,0.083333336,0.08333331,0.065764025,0.0054803356,0,0,0,0,0
31267,-1,0,6.320191,0.99820364,1,1,unassigned,18.0,14.0,4.0,0.7777778,0.22222222,0.22222221,0.030947777,0.0068772836,0,0,0,1,1
31268,-1,1,-0.4930573,0.3791736,0,1,unassigned,68.0,57.0,11.0,0.8382353,0.16176471,0.16176468,0.12765957,0.020650813,1,0,0,0,0
31269,-1,0,-0.09238738,0.47691956,0,1,unassigned,6.0,6.0,0.0,1.0,0.0,0.0,0.007736944,0.0,0,0,0,0,0
31270,-1,0,-0.9452187,0.27984738,0,1,unassigned,39.0,39.0,0.0,1.0,0.0,0.0,0.07156673,0.0,0,0,0,0,0
31271,1,0,-0.9604709,0.2767839,0,1,unassigned,26.0,26.0,0.0,1.0,0.0,0.0,0.046421662,0.0,0,0,0,0,0
31272,-1,0,-0.9615691,0.27656415,0,1,unassigned,28.0,28.0,0.0,1.0,0.0,0.0,0.050290134,0.0,0,0,0,0,0
31273,-1,0,2.576104,0.9293077,1,1,unassigned,6.0,4.0,2.0,0.6666667,0.33333334,0.3333333,0.007736944,0.0025789815,0,0,0,1,1
31274,-1,0,-0.65347743,0.34220633,0,1,unassigned,17.0,17.0,0.0,1.0,0.0,0.0,0.029013539,0.0,0,0,0,0,0
31275,-1,0,-0.35542247,0.41206807,0,1,unassigned,13.0,13.0,0.0,1.0,0.0,0.0,0.021276595,0.0,0,0,0,0,0
31276,-1,0,0.2680257,0.5666082,1,1,unassigned,8.0,8.0,0.0,1.0,0.0,0.0,0.0116054155,0.0,0,0,0,1,0
31277,-1,0,1.7810333,0.8558244,1,1,unassigned,8.0,7.0,1.0,0.875,0.125,0.125,0.0116054155,0.0014506769,0,0,0,1,0
31278,-1,0,0.8532203,0.7012422,1,1,unassigned,9.0,9.0,0.0,1.0,0.0,0.0,0.013539651,0.0,0,0,0,1,0
31279,-1,0,-0.7064143,0.33039165,0,1,unassigned,20.0,20.0,0.0,1.0,0.0,0.0,0.034816246,0.0,0,0,0,0,0
31280,-1,0,-0.40118888,0.40102673,0,1,unassigned,2.0,2.0,0.0,1.0,0.0,0.0,0.0,0.0,0,0,0,0,0
31281,0,0,-0.3316907,0.4178293,0,0,unassigned,9.0,9.0,0.0,1.0,0.0,0.0,0.013539651,0.0,0,0,1,0,0
31282,-1,0,4.225078,0.9855865,1,1,unassigned,2.0,2.0,0.0,1.0,0.0,0.0,0.0,0.0,0,0,0,1,1
31283,-1,0,-0.35046452,0.4132698,0,1,unassigned,35.0,34.0,1.0,0.9714286,0.028571429,0.028571427,0.06382979,0.0018237082,0,0,0,0,0
31284,-1,0,-0.21214253,0.44716233,0,1,unassigned,26.0,25.0,1.0,0.96153843,0.03846154,0.038461566,0.046421662,0.0017854486,0,0,0,0,0
31285,-1,1,-0.72933596,0.32534045,0,1,unassigned,61.0,61.0,0.0,1.0,0.0,0.0,0.114119925,0.0,1,0,0,0,0
31286,-1,1,-0.87541926,0.29412794,0,1,unassigned,63.0,63.0,0.0,1.0,0.0,0.0,0.11798839,0.0,1,0,0,0,0
31287,-1,0,0.06781089,0.5169462,1,1,unassigned,27.0,27.0,0.0,1.0,0.0,0.0,0.0483559,0.0,0,0,0,1,0
31288,-1,1,-0.8411523,0.30129215,0,1,unassigned,45.0,44.0,1.0,0.9777778,0.022222223,0.02222222,0.08317215,0.0018482701,1,0,0,0,0
31289,-1,0,1.8311982,0.86190444,1,1,unassigned,45.0,41.0,4.0,0.9111111,0.08888889,0.08888888,0.08317215,0.0073930803,0,0,0,1,0
31290,-1,0,-0.50368404,0.3766753,0,1,unassigned,23.0,21.0,2.0,0.9130435,0.08695652,0.0869565,0.040618956,0.0035320832,0,0,0,0,0
31291,-1,0,-0.40306395,0.40057638,0,1,unassigned,13.0,13.0,0.0,1.0,0.0,0.0,0.021276595,0.0,0,0,0,0,0
31292,-1,0,-0.41025162,0.3988518,0,1,unassigned,15.0,14.0,1.0,0.93333334,0.06666667,0.06666666,0.025145067,0.0016763379,0,0,0,0,0
31293,-1,0,0.44907457,0.61041915,1,1,unassigned,12.0,12.0,0.0,1.0,0.0,0.0,0.01934236,0.0,0,0,0,1,0
31294,-1,0,2.1998212,0.9002335,1,1,unassigned,5.0,5.0,0.0,1.0,0.0,0.0,0.0058027077,0.0,0,0,0,1,1
31295,-1,0,-0.7346717,0.32417038,0,1,unassigned,17.0,15.0,2.0,0.88235295,0.11764706,0.11764705,0.029013539,0.0034133575,0,0,0,0,0
31296,-1,1,10.042835,0.9999565,1,1,unassigned,2.0,2.0,0.0,1.0,0.0,0.0,0.0,0.0,1,0,0,1,1
31297,-1,0,-0.6888363,0.334292,0,1,unassigned,21.0,21.0,0.0,1.0,0.0,0.0,0.036750484,0.0,0,0,0,0,0
31298,-1,0,-0.7422938,0.32250276,0,1,unassigned,21.0,20.0,1.0,0.95238096,0.04761905,0.047619045,0.036750484,0.0017500231,0,0,0,0,0
31299,-1,1,-0.644534,0.34422237,0,1,unassigned,65.0,62.0,3.0,0.95384616,0.046153847,0.046153843,0.12185687,0.0056241634,1,0,0,0,0
31300,-1,0,-0.25494912,0.4366057,0,1,unassigned,3.0,3.0,0.0,1.0,0.0,0.0,0.001934236,0.0,0,0,0,0,0
31301,1,1,-0.7934885,0.3114201,0,1,val,168.0,165.0,3.0,0.98214287,0.017857144,0.017857134,0.32108316,0.0057336283,1,0,0,0,0
31302,-1,0,-0.53118086,0.37024152,0,1,unassigned,3.0,3.0,0.0,1.0,0.0,0.0,0.001934236,0.0,0,0,0,0,0
31303,-1,1,0.29942924,0.574303,1,1,unassigned,21.0,21.0,0.0,1.0,0.0,0.0,0.036750484,0.0,1,0,0,1,0
31304,-1,1,-0.5740176,0.36031032,0,1,unassigned,20.0,19.0,1.0,0.95,0.05,0.050000012,0.034816246,0.0017408123,1,0,0,0,0
31305,-1,1,-0.73880434,0.32326564,0,1,unassigned,38.0,37.0,1.0,0.9736842,0.02631579,0.026315808,0.06963249,0.0018324341,1,0,0,0,0
31306,-1,1,-0.86589044,0.29611012,0,1,unassigned,43.0,42.0,1.0,0.9767442,0.023255814,0.023255825,0.079303674,0.0018442714,1,0,0,0,0
31307,-1,1,-0.79819083,0.31041268,0,1,unassigned,83.0,81.0,2.0,0.97590363,0.024096385,0.02409637,0.15667312,0.0037752558,1,0,0,0,0
31308,-1,1,-0.83409333,0.30278024,0,1,unassigned,53.0,50.0,3.0,0.9433962,0.056603774,0.05660379,0.09864604,0.005583738,1,0,0,0,0
31309,-1,1,-0.29920945,0.42575076,0,1,unassigned,13.0,13.0,0.0,1.0,0.0,0.0,0.021276595,0.0,1,0,0,0,0
31310,-1,1,-0.8338475,0.30283213,0,1,unassigned,42.0,41.0,1.0,0.97619045,0.023809524,0.023809552,0.07736944,0.0018421295,1,0,0,0,0
31311,-1,1,1.293442,0.78472924,1,1,unassigned,3.0,3.0,0.0,1.0,0.0,0.0,0.001934236,0.0,1,0,0,1,0
31312,0,0,-0.643939,0.34435666,0,0,unassigned,37.0,37.0,0.0,1.0,0.0,0.0,0.06769826,0.0,0,0,1,0,0
31313,0,0,-0.65883267,0.34100187,0,0,test,24.0,24.0,0.0,1.0,0.0,0.0,0.04255319,0.0,0,0,1,0,0
31314,-1,0,7.4269824,0.9994054,1,1,unassigned,2.0,2.0,0.0,1.0,0.0,0.0,0.0,0.0,0,0,0,1,1
31315,-1,0,-0.19675034,0.45097047,0,1,unassigned,32.0,32.0,0.0,1.0,0.0,0.0,0.058027077,0.0,0,0,0,0,0
31316,-1,0,7.5648503,0.999482,1,1,unassigned,2.0,2.0,0.0,1.0,0.0,0.0,0.0,0.0,0,0,0,1,1
31317,-1,1,-0.71791756,0.3278517,0,1,unassigned,12.0,11.0,1.0,0.9166667,0.083333336,0.08333331,0.01934236,0.0016118633,1,0,0,0,0
31318,-1,1,0.8890529,0.7086947,1,1,unassigned,71.0,69.0,2.0,0.97183096,0.028169014,0.028169036,0.13346228,0.0037595008,1,0,0,1,0
31319,-1,1,-0.75011957,0.32079524,0,1,unassigned,58.0,57.0,1.0,0.98275864,0.01724138,0.017241359,0.10831721,0.0018675381,1,0,0,0,0
31320,-1,1,-0.87424946,0.29437086,0,1,unassigned,89.0,88.0,1.0,0.98876405,0.011235955,0.011235952,0.16827853,0.00189077,1,0,0,0,0
31321,1,0,1.826154,0.8613029,1,0,test,4.0,4.0,0.0,1.0,0.0,0.0,0.003868472,0.0,0,0,1,1,0
31322,1,1,1.5487816,0.82473767,1,0,test,25.0,22.0,3.0,0.88,0.12,0.120000005,0.044487428,0.0053384914,1,0,1,1,0
31323,-1,0,0.12881768,0.53216,1,1,unassigned,31.0,29.0,2.0,0.9354839,0.06451613,0.06451613,0.056092843,0.003618893,0,0,0,1,0
31324,-1,1,1.1318829,0.7561862,1,1,unassigned,80.0,73.0,7.0,0.9125,0.0875,0.087499976,0.15087041,0.013201161,1,0,0,1,0
31325,-1,0,-0.27202392,0.43241033,0,1,unassigned,49.0,49.0,0.0,1.0,0.0,0.0,0.09090909,0.0,0,0,0,0,0
31326,-1,1,-0.88542336,0.2920552,0,1,unassigned,36.0,36.0,0.0,1.0,0.0,0.0,0.065764025,0.0,1,0,0,0,0
31327,-1,0,-0.70086986,0.33161938,0,1,unassigned,12.0,12.0,0.0,1.0,0.0,0.0,0.01934236,0.0,0,0,0,0,0
31328,-1,0,7.5648503,0.999482,1,1,unassigned,2.0,2.0,0.0,1.0,0.0,0.0,0.0,0.0,0,0,0,1,1
31329,-1,0,10.806186,0.99997973,1,1,unassigned,2.0,2.0,0.0,1.0,0.0,0.0,0.0,0.0,0,0,0,1,1
31330,-1,0,-0.7607856,0.31847572,0,1,unassigned,7.0,3.0,4.0,0.42857143,0.5714286,0.57142854,0.00967118,0.0055263885,0,0,0,0,0
31331,-1,0,-0.20249799,0.44954777,0,1,unassigned,7.0,7.0,0.0,1.0,0.0,0.0,0.00967118,0.0,0,0,0,0,0
31332,-1,0,0.38062567,0.59402394,1,1,unassigned,13.0,13.0,0.0,1.0,0.0,0.0,0.021276595,0.0,0,0,0,1,0
31333,-1,0,-0.19617593,0.4511127,0,1,unassigned,45.0,45.0,0.0,1.0,0.0,0.0,0.08317215,0.0,0,0,0,0,0
31334,-1,0,-0.5158806,0.373816,0,1,unassigned,21.0,21.0,0.0,1.0,0.0,0.0,0.036750484,0.0,0,0,0,0,0
31335,-1,0,1.562454,0.82670516,1,1,unassigned,16.0,15.0,1.0,0.9375,0.0625,0.0625,0.027079303,0.0016924564,0,0,0,1,0
31336,-1,0,1.192956,0.7672694,1,1,unassigned,11.0,11.0,0.0,1.0,0.0,0.0,0.017408123,0.0,0,0,0,1,0
31337,-1,0,-0.8525963,0.2988885,0,1,unassigned,8.0,7.0,1.0,0.875,0.125,0.125,0.0116054155,0.0014506769,0,0,0,0,0
31338,-1,1,5.537411,0.9960788,1,1,unassigned,12.0,8.0,4.0,0.6666667,0.33333334,0.3333333,0.01934236,0.006447453,1,0,0,1,1
31339,-1,1,-0.8457657,0.30032185,0,1,unassigned,23.0,23.0,0.0,1.0,0.0,0.0,0.040618956,0.0,1,0,0,0,0
31340,-1,1,3.0826902,0.9561731,1,1,unassigned,12.0,11.0,1.0,0.9166667,0.083333336,0.08333331,0.01934236,0.0016118633,1,0,0,1,1
31341,-1,0,6.2424736,0.99805874,1,1,unassigned,2.0,2.0,0.0,1.0,0.0,0.0,0.0,0.0,0,0,0,1,1
31342,-1,1,0.27212244,0.5676139,1,1,unassigned,2.0,2.0,0.0,1.0,0.0,0.0,0.0,0.0,1,0,0,1,0
31343,-1,0,-0.40595764,0.39988178,0,1,unassigned,57.0,56.0,1.0,0.98245615,0.01754386,0.017543852,0.10638298,0.0018663681,0,0,0,0,0
31344,0,1,-0.65279907,0.34235904,0,0,unassigned,30.0,28.0,2.0,0.93333334,0.06666667,0.06666666,0.054158606,0.003610574,1,0,1,0,0
31345,-1,1,-0.7406586,0.32286015,0,1,unassigned,95.0,91.0,4.0,0.95789474,0.042105265,0.042105258,0.17988394,0.007574061,1,0,0,0,0
31346,-1,0,-0.44830763,0.38976324,0,1,unassigned,30.0,30.0,0.0,1.0,0.0,0.0,0.054158606,0.0,0,0,0,0,0
31347,-1,0,3.6264875,0.97408015,1,1,unassigned,9.0,9.0,0.0,1.0,0.0,0.0,0.013539651,0.0,0,0,0,1,1
31348,-1,0,-0.53783894,0.36869046,0,1,unassigned,72.0,65.0,7.0,0.9027778,0.097222224,0.09722221,0.13539653,0.013163552,0,0,0,0,0
31349,-1,0,-0.3000391,0.4255479,0,1,unassigned,2.0,2.0,0.0,1.0,0.0,0.0,0.0,0.0,0,0,0,0,0
31350,0,0,-0.25655162,0.4362116,0,0,unassigned,52.0,52.0,0.0,1.0,0.0,0.0,0.0967118,0.0,0,0,1,0,0
31351,-1,0,-0.32691526,0.4189914,0,1,unassigned,6.0,6.0,0.0,1.0,0.0,0.0,0.007736944,0.0,0,0,0,0,0
31352,-1,1,-0.41239145,0.39833882,0,1,unassigned,3.0,3.0,0.0,1.0,0.0,0.0,0.001934236,0.0,1,0,0,0,0
31353,-1,0,-0.24449193,0.4391797,0,1,unassigned,3.0,3.0,0.0,1.0,0.0,0.0,0.001934236,0.0,0,0,0,0,0
31354,1,0,3.0533574,0.95492727,1,0,unassigned,10.0,9.0,1.0,0.9,0.1,0.100000024,0.015473888,0.0015473888,0,0,1,1,1
31355,-1,0,-0.5419365,0.3677372,0,1,unassigned,12.0,11.0,1.0,0.9166667,0.083333336,0.08333331,0.01934236,0.0016118633,0,0,0,0,0
31356,-1,0,-0.53710335,0.36886168,0,1,unassigned,7.0,7.0,0.0,1.0,0.0,0.0,0.00967118,0.0,0,0,0,0,0
31357,-1,0,-0.38131112,0.40581074,0,1,unassigned,32.0,32.0,0.0,1.0,0.0,0.0,0.058027077,0.0,0,0,0,0,0
31358,-1,0,0.18737286,0.5467067,1,1,unassigned,22.0,22.0,0.0,1.0,0.0,0.0,0.03868472,0.0,0,0,0,1,0
31359,-1,0,0.3587113,0.5887284,1,1,unassigned,15.0,15.0,0.0,1.0,0.0,0.0,0.025145067,0.0,0,0,0,1,0
31360,1,0,-0.55899304,0.3637805,0,1,test,53.0,51.0,2.0,0.9622642,0.03773585,0.03773582,0.09864604,0.0037224921,0,0,0,0,0
31361,-1,0,0.8909491,0.709086,1,1,unassigned,34.0,34.0,0.0,1.0,0.0,0.0,0.061895553,0.0,0,0,0,1,0
31362,-1,0,3.3789985,0.9670417,1,1,unassigned,16.0,16.0,0.0,1.0,0.0,0.0,0.027079303,0.0,0,0,0,1,1
31363,-1,0,0.26747864,0.5664738,1,1,unassigned,12.0,12.0,0.0,1.0,0.0,0.0,0.01934236,0.0,0,0,0,1,0
31364,-1,0,0.07298207,0.5182374,1,1,unassigned,43.0,43.0,0.0,1.0,0.0,0.0,0.079303674,0.0,0,0,0,1,0
31365,-1,0,-0.20985803,0.4477272,0,1,unassigned,35.0,35.0,0.0,1.0,0.0,0.0,0.06382979,0.0,0,0,0,0,0
31366,1,0,2.565512,0.9286087,1,0,val,42.0,40.0,2.0,0.95238096,0.04761905,0.047619045,0.07736944,0.003684259,0,0,1,1,1
31367,-1,0,-0.6883618,0.3343976,0,1,unassigned,37.0,36.0,1.0,0.972973,0.027027028,0.02702701,0.06769826,0.0018296828,0,0,0,0,0
31368,1,0,0.12754273,0.5318425,1,0,val,20.0,20.0,0.0,1.0,0.0,0.0,0.034816246,0.0,0,0,1,1,0
31369,-1,0,-0.14859426,0.46291965,0,1,unassigned,4.0,4.0,0.0,1.0,0.0,0.0,0.003868472,0.0,0,0,0,0,0
31370,-1,0,2.4879754,0.9232945,1,1,unassigned,28.0,28.0,0.0,1.0,0.0,0.0,0.050290134,0.0,0,0,0,1,1
31371,-1,1,-0.7681929,0.31687015,0,1,unassigned,2.0,2.0,0.0,1.0,0.0,0.0,0.0,0.0,1,0,0,0,0
31372,-1,1,8.48484,0.99979347,1,1,unassigned,2.0,1.0,1.0,0.5,0.5,0.5,0.0,0.0,1,0,0,1,1
31373,-1,1,-0.29756933,0.42615175,0,1,unassigned,65.0,58.0,7.0,0.8923077,0.10769231,0.1076923,0.12185687,0.013123048,1,0,0,0,0
31374,0,0,-0.6922198,0.33353946,0,0,test,13.0,13.0,0.0,1.0,0.0,0.0,0.021276595,0.0,0,0,1,0,0
31375,-1,1,10.412629,0.99996996,1,1,unassigned,2.0,2.0,0.0,1.0,0.0,0.0,0.0,0.0,1,0,0,1,1
31376,-1,1,-0.83266777,0.30308127,0,1,unassigned,28.0,28.0,0.0,1.0,0.0,0.0,0.050290134,0.0,1,0,0,0,0
31377,-1,1,-0.6927191,0.33342847,0,1,unassigned,32.0,32.0,0.0,1.0,0.0,0.0,0.058027077,0.0,1,0,0,0,0
31378,-1,1,-0.8470974,0.30004212,0,1,unassigned,32.0,30.0,2.0,0.9375,0.0625,0.0625,0.058027077,0.0036266923,1,0,0,0,0
31379,-1,1,-0.19961438,0.45026147,0,1,unassigned,8.0,7.0,1.0,0.875,0.125,0.125,0.0116054155,0.0014506769,1,0,0,0,0
31380,-1,0,-0.7965647,0.31076086,0,1,unassigned,22.0,22.0,0.0,1.0,0.0,0.0,0.03868472,0.0,0,0,0,0,0
31381,-1,0,0.1841265,0.545902,1,1,unassigned,19.0,18.0,1.0,0.94736844,0.05263158,0.052631557,0.032882012,0.0017306323,0,0,0,1,0
31382,1,0,16.485706,0.9999999,1,0,val,9.0,6.0,3.0,0.6666667,0.33333334,0.3333333,0.013539651,0.004513217,0,0,1,1,1
31383,-1,0,0.6830166,0.6644116,1,1,unassigned,55.0,46.0,9.0,0.8363636,0.16363636,0.16363639,0.102514505,0.0167751,0,0,0,1,0
31384,-1,0,0.19995326,0.54982245,1,1,unassigned,44.0,41.0,3.0,0.9318182,0.06818182,0.06818181,0.08123791,0.005538949,0,0,0,1,0
31385,-1,0,7.125683,0.99919647,1,1,unassigned,9.0,8.0,1.0,0.8888889,0.11111111,0.111111104,0.013539651,0.0015044058,0,0,0,1,1
31386,-1,0,-0.41933474,0.39667594,0,1,unassigned,24.0,24.0,0.0,1.0,0.0,0.0,0.04255319,0.0,0,0,0,0,0
31387,-1,0,1.1461143,0.75880045,1,1,unassigned,23.0,20.0,3.0,0.8695652,0.13043478,0.13043481,0.040618956,0.0052981246,0,0,0,1,0
31388,-1,0,0.18542558,0.546224,1,1,unassigned,15.0,15.0,0.0,1.0,0.0,0.0,0.025145067,0.0,0,0,0,1,0
31389,-1,0,-0.35317144,0.41261357,0,1,unassigned,89.0,88.0,1.0,0.98876405,0.011235955,0.011235952,0.16827853,0.00189077,0,0,0,0,0
31390,-1,1,-0.3613822,0.41062504,0,1,unassigned,49.0,46.0,3.0,0.93877554,0.06122449,0.06122446,0.09090909,0.005565863,1,0,0,0,0
31391,-1,0,0.04966253,0.5124131,1,1,unassigned,2.0,2.0,0.0,1.0,0.0,0.0,0.0,0.0,0,0,0,1,0
31392,-1,0,-0.55752695,0.36411986,0,1,unassigned,4.0,3.0,1.0,0.75,0.25,0.25,0.003868472,0.000967118,0,0,0,0,0
31393,1,0,1.6160152,0.83424485,1,0,val,5.0,5.0,0.0,1.0,0.0,0.0,0.0058027077,0.0,0,0,1,1,0
31394,1,1,-0.15681946,0.46087524,0,1,test,6.0,6.0,0.0,1.0,0.0,0.0,0.007736944,0.0,1,0,0,0,0
31395,-1,0,0.6603276,0.659334,1,1,unassigned,7.0,7.0,0.0,1.0,0.0,0.0,0.00967118,0.0,0,0,0,1,0
31396,-1,0,3.2193341,0.96155536,1,1,unassigned,7.0,3.0,4.0,0.42857143,0.5714286,0.57142854,0.00967118,0.0055263885,0,0,0,1,1
31397,-1,0,1.2045505,0.7693333,1,1,unassigned,4.0,3.0,1.0,0.75,0.25,0.25,0.003868472,0.000967118,0,0,0,1,0
31398,-1,1,3.4800475,0.9701147,1,1,unassigned,35.0,27.0,8.0,0.7714286,0.22857143,0.22857141,0.06382979,0.014589665,1,0,0,1,1
31399,-1,1,-0.8922976,0.2906359,0,1,unassigned,109.0,106.0,3.0,0.9724771,0.027522936,0.027522922,0.20696326,0.0056962366,1,0,0,0,0
31400,-1,1,2.534705,0.9265392,1,1,unassigned,47.0,45.0,2.0,0.9574468,0.04255319,0.042553186,0.08704062,0.003703856,1,0,0,1,1
31401,-1,1,0.75226885,0.67967284,1,1,unassigned,24.0,22.0,2.0,0.9166667,0.083333336,0.08333331,0.04255319,0.0035460992,1,0,0,1,0
31402,-1,0,-0.34262213,0.41517267,0,1,unassigned,64.0,56.0,8.0,0.875,0.125,0.125,0.11992263,0.014990329,0,0,0,0,0
31403,-1,0,-0.29551587,0.42665398,0,1,unassigned,18.0,18.0,0.0,1.0,0.0,0.0,0.030947777,0.0,0,0,0,0,0
31404,-1,0,-0.45289034,0.38867378,0,1,unassigned,10.0,10.0,0.0,1.0,0.0,0.0,0.015473888,0.0,0,0,0,0,0
31405,-1,0,-0.3503784,0.41329068,0,1,unassigned,13.0,13.0,0.0,1.0,0.0,0.0,0.021276595,0.0,0,0,0,0,0
31406,-1,0,-0.045072377,0.48873383,0,1,unassigned,4.0,3.0,1.0,0.75,0.25,0.25,0.003868472,0.000967118,0,0,0,0,0
31407,1,0,-0.039003134,0.49025047,0,1,test,9.0,9.0,0.0,1.0,0.0,0.0,0.013539651,0.0,0,0,0,0,0
31408,0,0,-0.49833363,0.37793237,0,0,unassigned,17.0,17.0,0.0,1.0,0.0,0.0,0.029013539,0.0,0,0,1,0,0
31409,-1,0,3.908705,0.98032826,1,1,unassigned,2.0,2.0,0.0,1.0,0.0,0.0,0.0,0.0,0,0,0,1,1
31410,-1,1,7.277671,0.99930966,1,1,unassigned,2.0,2.0,0.0,1.0,0.0,0.0,0.0,0.0,1,0,0,1,1
31411,-1,0,0.5038591,0.6233658,1,1,unassigned,13.0,13.0,0.0,1.0,0.0,0.0,0.021276595,0.0,0,0,0,1,0
31412,-1,0,-0.27202106,0.432411,0,1,unassigned,6.0,5.0,1.0,0.8333333,0.16666667,0.16666669,0.007736944,0.0012894907,0,0,0,0,0
31413,-1,0,-0.13615692,0.46601328,0,1,unassigned,4.0,4.0,0.0,1.0,0.0,0.0,0.003868472,0.0,0,0,0,0,0
31414,-1,1,-0.7178353,0.32786986,0,1,unassigned,30.0,30.0,0.0,1.0,0.0,0.0,0.054158606,0.0,1,0,0,0,0
31415,-1,1,0.82370836,0.69502294,1,1,unassigned,9.0,9.0,0.0,1.0,0.0,0.0,0.013539651,0.0,1,0,0,1,0
31416,-1,1,2.873313,0.9465113,1,1,unassigned,2.0,2.0,0.0,1.0,0.0,0.0,0.0,0.0,1,0,0,1,1
31417,-1,1,1.4556196,0.81086177,1,1,unassigned,4.0,4.0,0.0,1.0,0.0,0.0,0.003868472,0.0,1,0,0,1,0
31418,-1,1,4.610833,0.9901544,1,1,unassigned,16.0,12.0,4.0,0.75,0.25,0.25,0.027079303,0.0067698257,1,0,0,1,1
31419,-1,0,0.7962449,0.68917066,1,1,unassigned,4.0,4.0,0.0,1.0,0.0,0.0,0.003868472,0.0,0,0,0,1,0
31420,-1,0,-0.43093055,0.39390415,0,1,unassigned,20.0,20.0,0.0,1.0,0.0,0.0,0.034816246,0.0,0,0,0,0,0
31421,-1,0,-0.7987704,0.31028858,0,1,unassigned,42.0,40.0,2.0,0.95238096,0.04761905,0.047619045,0.07736944,0.003684259,0,0,0,0,0
31422,-1,0,0.31558245,0.5782473,1,1,unassigned,13.0,13.0,0.0,1.0,0.0,0.0,0.021276595,0.0,0,0,0,1,0
31423,-1,0,1.3583927,0.7954984,1,1,unassigned,11.0,11.0,0.0,1.0,0.0,0.0,0.017408123,0.0,0,0,0,1,0
31424,-1,0,-0.900658,0.28891528,0,1,unassigned,50.0,47.0,3.0,0.94,0.06,0.060000002,0.092843324,0.0055705993,0,0,0,0,0
31425,-1,0,-0.22034943,0.44513446,0,1,unassigned,49.0,45.0,4.0,0.9183673,0.08163265,0.081632674,0.09090909,0.0074211503,0,0,0,0,0
31426,-1,0,-0.5291075,0.37072507,0,1,unassigned,2.0,1.0,1.0,0.5,0.5,0.5,0.0,0.0,0,0,0,0,0
31427,0,1,-0.76707494,0.3171122,0,0,val,3.0,3.0,0.0,1.0,0.0,0.0,0.001934236,0.0,1,0,1,0,0
31428,-1,1,3.51631,0.9711483,1,1,unassigned,3.0,3.0,0.0,1.0,0.0,0.0,0.001934236,0.0,1,0,0,1,1
31429,-1,0,-0.8157337,0.30667004,0,1,unassigned,14.0,13.0,1.0,0.9285714,0.071428575,0.0714286,0.023210831,0.0016579166,0,0,0,0,0
31430,-1,0,3.7945755,0.97800237,1,1,unassigned,9.0,9.0,0.0,1.0,0.0,0.0,0.013539651,0.0,0,0,0,1,1
31431,-1,0,0.5875825,0.6428103,1,1,unassigned,12.0,12.0,0.0,1.0,0.0,0.0,0.01934236,0.0,0,0,0,1,0
31432,-1,0,10.467075,0.9999715,1,1,unassigned,3.0,3.0,0.0,1.0,0.0,0.0,0.001934236,0.0,0,0,0,1,1
31433,1,0,4.5876255,0.9899255,1,0,test,7.0,6.0,1.0,0.85714287,0.14285715,0.14285713,0.00967118,0.0013815971,0,0,1,1,1
31434,-1,0,1.6789737,0.84276855,1,1,unassigned,34.0,32.0,2.0,0.9411765,0.05882353,0.058823526,0.061895553,0.0036409148,0,0,0,1,0
31435,-1,0,-0.09518108,0.47622272,0,1,unassigned,15.0,15.0,0.0,1.0,0.0,0.0,0.025145067,0.0,0,0,0,0,0
31436,-1,0,-0.12253222,0.46940526,0,1,unassigned,24.0,24.0,0.0,1.0,0.0,0.0,0.04255319,0.0,0,0,0,0,0
31437,-1,0,-0.7492064,0.32099423,0,1,unassigned,7.0,7.0,0.0,1.0,0.0,0.0,0.00967118,0.0,0,0,0,0,0
31438,-1,0,-0.48612535,0.38080677,0,1,unassigned,3.0,3.0,0.0,1.0,0.0,0.0,0.001934236,0.0,0,0,0,0,0
31439,-1,0,-0.80181575,0.30963725,0,1,unassigned,14.0,14.0,0.0,1.0,0.0,0.0,0.023210831,0.0,0,0,0,0,0
31440,-1,1,0.8047908,0.6909984,1,1,unassigned,2.0,2.0,0.0,1.0,0.0,0.0,0.0,0.0,1,0,0,1,0
31441,-1,0,0.28893,0.57173413,1,1,unassigned,10.0,10.0,0.0,1.0,0.0,0.0,0.015473888,0.0,0,0,0,1,0
31442,-1,0,-0.47495514,0.3834441,0,1,unassigned,14.0,14.0,0.0,1.0,0.0,0.0,0.023210831,0.0,0,0,0,0,0
31443,-1,1,1.2710979,0.7809306,1,1,unassigned,16.0,15.0,1.0,0.9375,0.0625,0.0625,0.027079303,0.0016924564,1,0,0,1,0
31444,-1,0,0.70092136,0.668392,1,1,unassigned,7.0,7.0,0.0,1.0,0.0,0.0,0.00967118,0.0,0,0,0,1,0
31445,-1,0,-0.85097724,0.29922792,0,1,unassigned,4.0,4.0,0.0,1.0,0.0,0.0,0.003868472,0.0,0,0,0,0,0
31446,-1,1,2.8552635,0.94559014,1,1,unassigned,10.0,9.0,1.0,0.9,0.1,0.100000024,0.015473888,0.0015473888,1,0,0,1,1
31447,-1,0,-0.5585358,0.3638863,0,1,unassigned,2.0,2.0,0.0,1.0,0.0,0.0,0.0,0.0,0,0,0,0,0
31448,-1,1,0.81737393,0.6936786,1,1,unassigned,3.0,3.0,0.0,1.0,0.0,0.0,0.001934236,0.0,1,0,0,1,0
31449,-1,0,-0.30398455,0.42458373,0,1,unassigned,24.0,24.0,0.0,1.0,0.0,0.0,0.04255319,0.0,0,0,0,0,0
31450,1,0,-0.08065581,0.47984698,0,1,val,5.0,5.0,0.0,1.0,0.0,0.0,0.0058027077,0.0,0,0,0,0,0
31451,-1,0,4.8722496,0.9924021,1,1,unassigned,3.0,2.0,1.0,0.6666667,0.33333334,0.3333333,0.001934236,0.00064474536,0,0,0,1,1
31452,-1,0,-0.06340659,0.48415366,0,1,unassigned,3.0,3.0,0.0,1.0,0.0,0.0,0.001934236,0.0,0,0,0,0,0
31453,-1,0,3.9746563,0.9815607,1,1,unassigned,2.0,2.0,0.0,1.0,0.0,0.0,0.0,0.0,0,0,0,1,1
31454,-1,1,3.3650475,0.9665942,1,1,unassigned,20.0,18.0,2.0,0.9,0.1,0.100000024,0.034816246,0.0034816246,1,0,0,1,1
31455,-1,1,0.03183788,0.5079588,1,1,unassigned,14.0,14.0,0.0,1.0,0.0,0.0,0.023210831,0.0,1,0,0,1,0
31456,-1,1,1.3406246,0.79259264,1,1,unassigned,9.0,5.0,4.0,0.5555556,0.44444445,0.44444442,0.013539651,0.006017623,1,0,0,1,0
31457,-1,1,0.20087272,0.55005,1,1,unassigned,2.0,2.0,0.0,1.0,0.0,0.0,0.0,0.0,1,0,0,1,0
31458,1,0,4.4332237,0.9882633,1,0,unassigned,8.0,8.0,0.0,1.0,0.0,0.0,0.0116054155,0.0,0,0,1,1,1
31459,-1,0,7.625359,0.9995123,1,1,unassigned,8.0,8.0,0.0,1.0,0.0,0.0,0.0116054155,0.0,0,0,0,1,1
31460,-1,0,0.8692692,0.7045936,1,1,unassigned,8.0,2.0,6.0,0.25,0.75,0.75,0.0116054155,0.008704062,0,0,0,1,0
31461,-1,1,0.6757119,0.662781,1,1,unassigned,4.0,4.0,0.0,1.0,0.0,0.0,0.003868472,0.0,1,0,0,1,0
31462,-1,0,-0.30462962,0.42442614,0,1,unassigned,34.0,33.0,1.0,0.9705882,0.029411765,0.029411793,0.061895553,0.0018204574,0,0,0,0,0
31463,-1,0,-0.5143452,0.37417546,0,1,unassigned,9.0,8.0,1.0,0.8888889,0.11111111,0.111111104,0.013539651,0.0015044058,0,0,0,0,0
31464,-1,0,5.076673,0.9937981,1,1,unassigned,2.0,1.0,1.0,0.5,0.5,0.5,0.0,0.0,0,0,0,1,1
31465,-1,0,0.2273553,0.5565952,1,1,unassigned,28.0,28.0,0.0,1.0,0.0,0.0,0.050290134,0.0,0,0,0,1,0
31466,-1,0,-0.46759403,0.38518584,0,1,unassigned,45.0,45.0,0.0,1.0,0.0,0.0,0.08317215,0.0,0,0,0,0,0
31467,-1,0,-0.05662912,0.4858465,0,1,unassigned,27.0,27.0,0.0,1.0,0.0,0.0,0.0483559,0.0,0,0,0,0,0
31468,1,0,-0.9727583,0.27433106,0,1,unassigned,11.0,11.0,0.0,1.0,0.0,0.0,0.017408123,0.0,0,0,0,0,0
31469,-1,0,6.0461965,0.9976387,1,1,unassigned,45.0,44.0,1.0,0.9777778,0.022222223,0.02222222,0.08317215,0.0018482701,0,0,0,1,1
31470,-1,0,0.33623344,0.58327526,1,1,unassigned,22.0,22.0,0.0,1.0,0.0,0.0,0.03868472,0.0,0,0,0,1,0
31471,-1,0,-0.21803692,0.44570568,0,1,unassigned,2.0,2.0,0.0,1.0,0.0,0.0,0.0,0.0,0,0,0,0,0
31472,-1,0,-0.58596396,0.35756144,0,1,unassigned,37.0,36.0,1.0,0.972973,0.027027028,0.02702701,0.06769826,0.0018296828,0,0,0,0,0
31473,1,0,-0.49722612,0.37819278,0,1,unassigned,5.0,5.0,0.0,1.0,0.0,0.0,0.0058027077,0.0,0,0,0,0,0
31474,-1,0,1.6801069,0.8429187,1,1,unassigned,10.0,9.0,1.0,0.9,0.1,0.100000024,0.015473888,0.0015473888,0,0,0,1,0
31475,-1,1,4.796139,0.99180615,1,1,unassigned,2.0,2.0,0.0,1.0,0.0,0.0,0.0,0.0,1,0,0,1,1
31476,-1,0,0.3978153,0.59816265,1,1,unassigned,3.0,3.0,0.0,1.0,0.0,0.0,0.001934236,0.0,0,0,0,1,0
31477,1,0,6.878589,0.99897146,1,0,unassigned,5.0,5.0,0.0,1.0,0.0,0.0,0.0058027077,0.0,0,0,1,1,1
31478,-1,0,-0.81489795,0.30684778,0,1,unassigned,7.0,7.0,0.0,1.0,0.0,0.0,0.00967118,0.0,0,0,0,0,0
31479,-1,0,2.501858,0.92427194,1,1,unassigned,2.0,2.0,0.0,1.0,0.0,0.0,0.0,0.0,0,0,0,1,1
31480,0,0,-0.79001683,0.31216505,0,0,test,3.0,3.0,0.0,1.0,0.0,0.0,0.001934236,0.0,0,0,1,0,0
31481,-1,1,-0.011477232,0.49713075,0,1,unassigned,23.0,22.0,1.0,0.95652175,0.04347826,0.04347825,0.040618956,0.0017660416,1,0,0,0,0
31482,-1,1,5.1739745,0.9943699,1,1,unassigned,2.0,1.0,1.0,0.5,0.5,0.5,0.0,0.0,1,0,0,1,1
31483,-1,0,-0.0026609302,0.49933475,0,1,unassigned,10.0,10.0,0.0,1.0,0.0,0.0,0.015473888,0.0,0,0,0,0,0
31484,-1,0,-0.823467,0.3050282,0,1,unassigned,23.0,20.0,3.0,0.8695652,0.13043478,0.13043481,0.040618956,0.0052981246,0,0,0,0,0
31485,-1,0,-0.6097044,0.35212663,0,1,unassigned,21.0,21.0,0.0,1.0,0.0,0.0,0.036750484,0.0,0,0,0,0,0
31486,-1,1,3.1787074,0.9600251,1,1,unassigned,2.0,1.0,1.0,0.5,0.5,0.5,0.0,0.0,1,0,0,1,1
31487,-1,1,1.699086,0.8454153,1,1,unassigned,13.0,13.0,0.0,1.0,0.0,0.0,0.021276595,0.0,1,0,0,1,0
31488,-1,0,1.044285,0.73967594,1,1,unassigned,8.0,8.0,0.0,1.0,0.0,0.0,0.0116054155,0.0,0,0,0,1,0
31489,-1,1,-0.14635262,0.46347705,0,1,unassigned,34.0,32.0,2.0,0.9411765,0.05882353,0.058823526,0.061895553,0.0036409148,1,0,0,0,0
31490,-1,0,13.397775,0.99999845,1,1,unassigned,33.0,29.0,4.0,0.8787879,0.121212125,0.121212125,0.059961315,0.0072680386,0,0,0,1,1
31491,-1,0,-0.92033285,0.28489006,0,1,unassigned,8.0,7.0,1.0,0.875,0.125,0.125,0.0116054155,0.0014506769,0,0,0,0,0
31492,-1,0,-0.38512653,0.404891,0,1,unassigned,33.0,32.0,1.0,0.969697,0.030303031,0.030303001,0.059961315,0.0018170096,0,0,0,0,0
31493,-1,0,0.31754637,0.5787262,1,1,unassigned,2.0,2.0,0.0,1.0,0.0,0.0,0.0,0.0,0,0,0,1,0
31494,-1,1,1.6798999,0.8428913,1,1,unassigned,8.0,8.0,0.0,1.0,0.0,0.0,0.0116054155,0.0,1,0,0,1,0
31495,-1,0,10.602064,0.9999751,1,1,unassigned,32.0,24.0,8.0,0.75,0.25,0.25,0.058027077,0.014506769,0,0,0,1,1
31496,-1,0,-1.5666629,0.17269264,0,1,unassigned,2.0,2.0,0.0,1.0,0.0,0.0,0.0,0.0,0,0,0,0,0
31497,-1,1,1.4932606,0.8165671,1,1,unassigned,3.0,3.0,0.0,1.0,0.0,0.0,0.001934236,0.0,1,0,0,1,0
31498,-1,0,5.5984178,0.99630994,1,1,unassigned,4.0,3.0,1.0,0.75,0.25,0.25,0.003868472,0.000967118,0,0,0,1,1
31499,-1,0,-0.07927436,0.48019174,0,1,unassigned,7.0,7.0,0.0,1.0,0.0,0.0,0.00967118,0.0,0,0,0,0,0
31500,-1,0,0.5607949,0.63663644,1,1,unassigned,29.0,29.0,0.0,1.0,0.0,0.0,0.05222437,0.0,0,0,0,1,0
31501,-1,0,-0.0398947,0.49002767,0,1,unassigned,6.0,6.0,0.0,1.0,0.0,0.0,0.007736944,0.0,0,0,0,0,0
31502,-1,1,7.811457,0.9995951,1,1,unassigned,2.0,2.0,0.0,1.0,0.0,0.0,0.0,0.0,1,0,0,1,1
31503,0,0,-0.2976761,0.42612568,0,0,val,67.0,63.0,4.0,0.9402985,0.05970149,0.059701502,0.12572534,0.0075059906,0,0,1,0,0
31504,-1,1,4.002188,0.9820524,1,1,unassigned,12.0,12.0,0.0,1.0,0.0,0.0,0.01934236,0.0,1,0,0,1,1
31505,-1,1,-0.6020958,0.35386437,0,1,unassigned,95.0,95.0,0.0,1.0,0.0,0.0,0.17988394,0.0,1,0,0,0,0
31506,-1,1,-0.40249914,0.400712,0,1,unassigned,2.0,2.0,0.0,1.0,0.0,0.0,0.0,0.0,1,0,0,0,0
31507,-1,0,-0.9090072,0.28720304,0,1,unassigned,21.0,21.0,0.0,1.0,0.0,0.0,0.036750484,0.0,0,0,0,0,0
31508,-1,0,0.7619541,0.68177783,1,1,unassigned,37.0,37.0,0.0,1.0,0.0,0.0,0.06769826,0.0,0,0,0,1,0
31509,-1,1,1.0398891,0.7388286,1,1,unassigned,8.0,8.0,0.0,1.0,0.0,0.0,0.0116054155,0.0,1,0,0,1,0
31510,-1,0,3.3629668,0.9665269,1,1,unassigned,5.0,3.0,2.0,0.6,0.4,0.39999998,0.0058027077,0.002321083,0,0,0,1,1
31511,0,0,1.0486515,0.7405158,1,1,unassigned,11.0,11.0,0.0,1.0,0.0,0.0,0.017408123,0.0,0,0,0,1,0
31512,-1,0,-0.39755183,0.4019007,0,1,unassigned,28.0,28.0,0.0,1.0,0.0,0.0,0.050290134,0.0,0,0,0,0,0
31513,-1,1,1.3613036,0.79597145,1,1,unassigned,3.0,3.0,0.0,1.0,0.0,0.0,0.001934236,0.0,1,0,0,1,0
31514,-1,0,1.0475974,0.74031323,1,1,unassigned,4.0,4.0,0.0,1.0,0.0,0.0,0.003868472,0.0,0,0,0,1,0
31515,-1,0,1.8959496,0.8694324,1,1,unassigned,12.0,12.0,0.0,1.0,0.0,0.0,0.01934236,0.0,0,0,0,1,0
31516,-1,0,2.6091697,0.9314494,1,1,unassigned,4.0,2.0,2.0,0.5,0.5,0.5,0.003868472,0.001934236,0,0,0,1,1
31517,-1,0,-0.19661698,0.45100352,0,1,unassigned,13.0,13.0,0.0,1.0,0.0,0.0,0.021276595,0.0,0,0,0,0,0
31518,-1,0,0.12766355,0.53187263,1,1,unassigned,2.0,2.0,0.0,1.0,0.0,0.0,0.0,0.0,0,0,0,1,0
31519,-1,0,-0.2545495,0.43670404,0,1,unassigned,11.0,11.0,0.0,1.0,0.0,0.0,0.017408123,0.0,0,0,0,0,0
31520,-1,0,-0.07342294,0.4816525,0,1,unassigned,21.0,21.0,0.0,1.0,0.0,0.0,0.036750484,0.0,0,0,0,0,0
31521,-1,0,0.15154177,0.5378131,1,1,unassigned,11.0,9.0,2.0,0.8181818,0.18181819,0.18181819,0.017408123,0.0031651135,0,0,0,1,0
31522,-1,0,-0.8834093,0.2924718,0,1,unassigned,5.0,5.0,0.0,1.0,0.0,0.0,0.0058027077,0.0,0,0,0,0,0
31523,-1,0,3.1945024,0.9606269,1,1,unassigned,2.0,1.0,1.0,0.5,0.5,0.5,0.0,0.0,0,0,0,1,1
31524,-1,0,-0.24076405,0.44009808,0,1,unassigned,6.0,6.0,0.0,1.0,0.0,0.0,0.007736944,0.0,0,0,0,0,0
31525,-1,0,-0.04806125,0.487987,0,1,unassigned,72.0,71.0,1.0,0.9861111,0.013888889,0.0138888955,0.13539653,0.0018805073,0,0,0,0,0
31526,0,0,0.32556075,0.5806788,1,1,unassigned,15.0,15.0,0.0,1.0,0.0,0.0,0.025145067,0.0,0,0,0,1,0
31527,-1,0,1.4874201,0.8156907,1,1,unassigned,11.0,11.0,0.0,1.0,0.0,0.0,0.017408123,0.0,0,0,0,1,0
31528,-1,0,0.111370265,0.5278138,1,1,unassigned,5.0,5.0,0.0,1.0,0.0,0.0,0.0058027077,0.0,0,0,0,1,0
31529,-1,0,1.4796278,0.81451637,1,1,unassigned,14.0,13.0,1.0,0.9285714,0.071428575,0.0714286,0.023210831,0.0016579166,0,0,0,1,0
31530,-1,0,0.42746347,0.6052678,1,1,unassigned,19.0,19.0,0.0,1.0,0.0,0.0,0.032882012,0.0,0,0,0,1,0
31531,-1,1,-0.27276534,0.43222833,0,1,unassigned,18.0,15.0,3.0,0.8333333,0.16666667,0.16666669,0.030947777,0.005157963,1,0,0,0,0
31532,-1,0,3.1123521,0.95739937,1,1,unassigned,12.0,8.0,4.0,0.6666667,0.33333334,0.3333333,0.01934236,0.006447453,0,0,0,1,1
31533,0,0,-0.43360382,0.39326608,0,0,unassigned,45.0,42.0,3.0,0.93333334,0.06666667,0.06666666,0.08317215,0.00554481,0,0,1,0,0
31534,-1,0,0.15073717,0.5376131,1,1,unassigned,4.0,3.0,1.0,0.75,0.25,0.25,0.003868472,0.000967118,0,0,0,1,0
31535,-1,0,0.18045086,0.5449907,1,1,unassigned,37.0,33.0,4.0,0.8918919,0.10810811,0.1081081,0.06769826,0.0073187314,0,0,0,1,0
31536,0,1,1.2616072,0.77930266,1,1,unassigned,31.0,31.0,0.0,1.0,0.0,0.0,0.056092843,0.0,1,0,0,1,0
31537,-1,0,-0.21993783,0.44523612,0,1,unassigned,50.0,44.0,6.0,0.88,0.12,0.120000005,0.092843324,0.011141199,0,0,0,0,0
31538,-1,1,6.466907,0.9984484,1,1,unassigned,12.0,12.0,0.0,1.0,0.0,0.0,0.01934236,0.0,1,0,0,1,1
31539,-1,0,0.83273786,0.6969335,1,1,unassigned,3.0,2.0,1.0,0.6666667,0.33333334,0.3333333,0.001934236,0.00064474536,0,0,0,1,0
31540,0,0,0.09110832,0.52276134,1,1,unassigned,10.0,10.0,0.0,1.0,0.0,0.0,0.015473888,0.0,0,0,0,1,0
31541,1,1,0.082331836,0.52057135,1,0,unassigned,9.0,9.0,0.0,1.0,0.0,0.0,0.013539651,0.0,1,0,1,1,0
31542,-1,0,-0.3039511,0.4245919,0,1,unassigned,10.0,10.0,0.0,1.0,0.0,0.0,0.015473888,0.0,0,0,0,0,0
31543,0,0,-0.22438616,0.4441377,0,0,unassigned,13.0,13.0,0.0,1.0,0.0,0.0,0.021276595,0.0,0,0,1,0,0
31544,0,0,-0.6189668,0.35001647,0,0,unassigned,15.0,15.0,0.0,1.0,0.0,0.0,0.025145067,0.0,0,0,1,0,0
31545,-1,1,2.0684748,0.8878011,1,1,unassigned,3.0,3.0,0.0,1.0,0.0,0.0,0.001934236,0.0,1,0,0,1,0
31546,-1,0,-0.0999437,0.47503483,0,1,unassigned,15.0,15.0,0.0,1.0,0.0,0.0,0.025145067,0.0,0,0,0,0,0
31547,-1,0,0.05216366,0.513038,1,1,unassigned,7.0,7.0,0.0,1.0,0.0,0.0,0.00967118,0.0,0,0,0,1,0
31548,-1,1,2.7777874,0.94146365,1,1,unassigned,10.0,10.0,0.0,1.0,0.0,0.0,0.015473888,0.0,1,0,0,1,1
31549,-1,0,-0.28467697,0.42930755,0,1,unassigned,26.0,26.0,0.0,1.0,0.0,0.0,0.046421662,0.0,0,0,0,0,0
31550,-1,0,7.2684965,0.99930334,1,1,unassigned,12.0,10.0,2.0,0.8333333,0.16666667,0.16666669,0.01934236,0.0032237265,0,0,0,1,1
31551,-1,0,-0.2550296,0.43658596,0,1,unassigned,4.0,4.0,0.0,1.0,0.0,0.0,0.003868472,0.0,0,0,0,0,0
31552,-1,0,-0.73213565,0.32472622,0,1,unassigned,4.0,4.0,0.0,1.0,0.0,0.0,0.003868472,0.0,0,0,0,0,0
31553,1,0,-0.36839557,0.40892878,0,1,unassigned,52.0,52.0,0.0,1.0,0.0,0.0,0.0967118,0.0,0,0,0,0,0
31554,-1,0,-0.25060803,0.43767387,0,1,unassigned,136.0,136.0,0.0,1.0,0.0,0.0,0.2591876,0.0,0,0,0,0,0
31555,-1,0,1.442131,0.8087844,1,1,unassigned,26.0,25.0,1.0,0.96153843,0.03846154,0.038461566,0.046421662,0.0017854486,0,0,0,1,0
31556,-1,0,2.705671,0.9373604,1,1,unassigned,12.0,11.0,1.0,0.9166667,0.083333336,0.08333331,0.01934236,0.0016118633,0,0,0,1,1
31557,-1,0,0.3942088,0.59729546,1,1,unassigned,48.0,47.0,1.0,0.9791667,0.020833334,0.020833313,0.088974856,0.0018536429,0,0,0,1,0
31558,-1,0,-0.1366432,0.46589226,0,1,unassigned,51.0,50.0,1.0,0.98039216,0.019607844,0.019607842,0.09477756,0.0018583836,0,0,0,0,0
31559,0,0,-0.23524076,0.4414595,0,0,test,36.0,36.0,0.0,1.0,0.0,0.0,0.065764025,0.0,0,0,1,0,0
31560,-1,0,-0.17077631,0.45740938,0,1,unassigned,7.0,7.0,0.0,1.0,0.0,0.0,0.00967118,0.0,0,0,0,0,0
31561,-1,0,0.38551682,0.59520304,1,1,unassigned,8.0,8.0,0.0,1.0,0.0,0.0,0.0116054155,0.0,0,0,0,1,0
31562,-1,0,-0.82186884,0.3053671,0,1,unassigned,30.0,30.0,0.0,1.0,0.0,0.0,0.054158606,0.0,0,0,0,0,0
31563,-1,0,-0.9508437,0.2787152,0,1,unassigned,54.0,52.0,2.0,0.962963,0.037037037,0.037037015,0.10058027,0.003725195,0,0,0,0,0
31564,-1,1,-0.2051825,0.4488836,0,1,unassigned,6.0,6.0,0.0,1.0,0.0,0.0,0.007736944,0.0,1,0,0,0,0
31565,1,1,0.27735376,0.56889737,1,0,train,15.0,15.0,0.0,1.0,0.0,0.0,0.025145067,0.0,1,0,1,1,0
31566,-1,0,0.10857767,0.5271178,1,1,unassigned,2.0,2.0,0.0,1.0,0.0,0.0,0.0,0.0,0,0,0,1,0
31567,-1,0,0.76069206,0.681504,1,1,unassigned,2.0,2.0,0.0,1.0,0.0,0.0,0.0,0.0,0,0,0,1,0
31568,-1,1,0.92178494,0.7154057,1,1,unassigned,28.0,25.0,3.0,0.89285713,0.10714286,0.107142866,0.050290134,0.0053882287,1,0,0,1,0
31569,0,0,-0.568079,0.3616802,0,0,val,56.0,56.0,0.0,1.0,0.0,0.0,0.10444874,0.0,0,0,1,0,0
31570,-1,0,-0.23528317,0.44144908,0,1,unassigned,119.0,119.0,0.0,1.0,0.0,0.0,0.2263056,0.0,0,0,0,0,0
31571,-1,0,-0.36784965,0.40906072,0,1,unassigned,23.0,23.0,0.0,1.0,0.0,0.0,0.040618956,0.0,0,0,0,0,0
31572,-1,0,-0.8090309,0.30809703,0,1,unassigned,79.0,77.0,2.0,0.9746835,0.025316456,0.025316477,0.14893617,0.003770536,0,0,0,0,0
31573,-1,1,-0.39558798,0.40237284,0,1,unassigned,44.0,39.0,5.0,0.8863636,0.11363637,0.113636374,0.08123791,0.009231581,1,0,0,0,0
31574,-1,0,0.1858843,0.5463377,1,1,unassigned,21.0,21.0,0.0,1.0,0.0,0.0,0.036750484,0.0,0,0,0,1,0
31575,-1,0,8.362768,0.99976665,1,1,unassigned,17.0,13.0,4.0,0.7647059,0.23529412,0.2352941,0.029013539,0.006826715,0,0,0,1,1
31576,-1,0,-0.82431406,0.30484867,0,1,unassigned,37.0,36.0,1.0,0.972973,0.027027028,0.02702701,0.06769826,0.0018296828,0,0,0,0,0
31577,-1,1,-0.36485648,0.40978444,0,1,unassigned,26.0,23.0,3.0,0.88461536,0.115384616,0.11538464,0.046421662,0.005356346,1,0,0,0,0
31578,-1,0,2.6763475,0.93561643,1,1,unassigned,2.0,2.0,0.0,1.0,0.0,0.0,0.0,0.0,0,0,0,1,1
31579,-1,0,1.7377403,0.8503998,1,1,unassigned,3.0,3.0,0.0,1.0,0.0,0.0,0.001934236,0.0,0,0,0,1,0
31580,-1,0,5.606173,0.99633837,1,1,unassigned,4.0,4.0,0.0,1.0,0.0,0.0,0.003868472,0.0,0,0,0,1,1
31581,-1,1,1.1437163,0.75836134,1,1,unassigned,5.0,4.0,1.0,0.8,0.2,0.19999999,0.0058027077,0.0011605415,1,0,0,1,0
31582,-1,1,5.164184,0.99431473,1,1,unassigned,3.0,3.0,0.0,1.0,0.0,0.0,0.001934236,0.0,1,0,0,1,1
31583,-1,1,1.4501083,0.8100151,1,1,unassigned,2.0,2.0,0.0,1.0,0.0,0.0,0.0,0.0,1,0,0,1,0
31584,-1,1,0.78521043,0.686802,1,1,unassigned,2.0,2.0,0.0,1.0,0.0,0.0,0.0,0.0,1,0,0,1,0
31585,-1,1,3.1857088,0.96029294,1,1,unassigned,9.0,8.0,1.0,0.8888889,0.11111111,0.111111104,0.013539651,0.0015044058,1,0,0,1,1
31586,-1,0,-0.02697432,0.49325684,0,1,unassigned,4.0,4.0,0.0,1.0,0.0,0.0,0.003868472,0.0,0,0,0,0,0
31587,-1,0,-0.108030975,0.47301847,0,1,unassigned,4.0,3.0,1.0,0.75,0.25,0.25,0.003868472,0.000967118,0,0,0,0,0
31588,-1,0,-0.0769971,0.48076022,0,1,unassigned,6.0,6.0,0.0,1.0,0.0,0.0,0.007736944,0.0,0,0,0,0,0
31589,-1,1,5.54114,0.9960932,1,1,unassigned,7.0,6.0,1.0,0.85714287,0.14285715,0.14285713,0.00967118,0.0013815971,1,0,0,1,1
31590,-1,0,3.0224593,0.9535785,1,1,unassigned,6.0,6.0,0.0,1.0,0.0,0.0,0.007736944,0.0,0,0,0,1,1
31591,-1,1,2.3439472,0.91245186,1,1,unassigned,11.0,11.0,0.0,1.0,0.0,0.0,0.017408123,0.0,1,0,0,1,1
31592,-1,1,1.7288086,0.84926,1,1,unassigned,25.0,23.0,2.0,0.92,0.08,0.07999998,0.044487428,0.003558994,1,0,0,1,0
31593,1,0,3.7894523,0.9778919,1,0,val,4.0,4.0,0.0,1.0,0.0,0.0,0.003868472,0.0,0,0,1,1,1
31594,-1,0,6.798821,0.99888617,1,1,unassigned,3.0,3.0,0.0,1.0,0.0,0.0,0.001934236,0.0,0,0,0,1,1
31595,-1,1,1.9231701,0.8724915,1,1,unassigned,3.0,3.0,0.0,1.0,0.0,0.0,0.001934236,0.0,1,0,0,1,0
31596,-1,0,-0.24257287,0.43965238,0,1,unassigned,6.0,6.0,0.0,1.0,0.0,0.0,0.007736944,0.0,0,0,0,0,0
31597,-1,0,-0.6812979,0.33597168,0,1,unassigned,7.0,7.0,0.0,1.0,0.0,0.0,0.00967118,0.0,0,0,0,0,0
31598,-1,0,-0.7564779,0.31941143,0,1,unassigned,7.0,6.0,1.0,0.85714287,0.14285715,0.14285713,0.00967118,0.0013815971,0,0,0,0,0
31599,-1,0,-0.32348686,0.4198262,0,1,unassigned,20.0,20.0,0.0,1.0,0.0,0.0,0.034816246,0.0,0,0,0,0,0
31600,-1,0,2.1201108,0.89284253,1,1,unassigned,2.0,2.0,0.0,1.0,0.0,0.0,0.0,0.0,0,0,0,1,0
31601,-1,0,1.777003,0.8553264,1,1,unassigned,39.0,39.0,0.0,1.0,0.0,0.0,0.07156673,0.0,0,0,0,1,0
31602,-1,0,-0.15826464,0.46051624,0,1,unassigned,27.0,26.0,1.0,0.962963,0.037037037,0.037037015,0.0483559,0.0017909593,0,0,0,0,0
31603,-1,1,1.9949028,0.8802609,1,1,unassigned,15.0,13.0,2.0,0.8666667,0.13333334,0.13333333,0.025145067,0.0033526758,1,0,0,1,0
31604,1,0,-0.6523295,0.3424648,0,1,val,5.0,4.0,1.0,0.8,0.2,0.19999999,0.0058027077,0.0011605415,0,0,0,0,0
31605,-1,0,-0.5266617,0.37129584,0,1,unassigned,12.0,12.0,0.0,1.0,0.0,0.0,0.01934236,0.0,0,0,0,0,0
31606,-1,0,0.80464786,0.69096786,1,1,unassigned,6.0,6.0,0.0,1.0,0.0,0.0,0.007736944,0.0,0,0,0,1,0
31607,1,0,10.683044,0.9999771,1,0,unassigned,45.0,41.0,4.0,0.9111111,0.08888889,0.08888888,0.08317215,0.0073930803,0,0,1,1,1
31608,-1,0,0.7812626,0.6859522,1,1,unassigned,7.0,7.0,0.0,1.0,0.0,0.0,0.00967118,0.0,0,0,0,1,0
31609,-1,0,3.9269717,0.9806774,1,1,unassigned,11.0,10.0,1.0,0.90909094,0.09090909,0.090909064,0.017408123,0.0015825568,0,0,0,1,1
31610,-1,0,2.7103107,0.9376323,1,1,unassigned,3.0,3.0,0.0,1.0,0.0,0.0,0.001934236,0.0,0,0,0,1,1
31611,-1,1,0.49133736,0.62042147,1,1,unassigned,13.0,13.0,0.0,1.0,0.0,0.0,0.021276595,0.0,1,0,0,1,0
31612,-1,1,-0.60257554,0.35375467,0,1,unassigned,62.0,53.0,9.0,0.8548387,0.14516129,0.14516127,0.116054155,0.016846571,1,0,0,0,0
31613,-1,1,0.038839042,0.5097085,1,1,unassigned,5.0,5.0,0.0,1.0,0.0,0.0,0.0058027077,0.0,1,0,0,1,0
31614,-1,0,-0.17404008,0.45659947,0,1,unassigned,5.0,5.0,0.0,1.0,0.0,0.0,0.0058027077,0.0,0,0,0,0,0
31615,-1,1,0.47252125,0.6159803,1,1,unassigned,60.0,59.0,1.0,0.98333335,0.016666668,0.01666665,0.11218569,0.0018697615,1,0,0,1,0
31616,-1,1,-0.4258732,0.3951122,0,1,unassigned,16.0,16.0,0.0,1.0,0.0,0.0,0.027079303,0.0,1,0,0,0,0
31617,1,0,0.34090137,0.5844095,1,0,unassigned,19.0,17.0,2.0,0.8947368,0.10526316,0.10526317,0.032882012,0.0034612645,0,0,1,1,0
31618,0,1,-0.9157547,0.2858237,0,0,val,2.0,2.0,0.0,1.0,0.0,0.0,0.0,0.0,1,0,1,0,0
31619,1,0,4.953037,0.9929876,1,0,unassigned,2.0,2.0,0.0,1.0,0.0,0.0,0.0,0.0,0,0,1,1,1
31620,-1,0,5.0286508,0.9934949,1,1,unassigned,7.0,7.0,0.0,1.0,0.0,0.0,0.00967118,0.0,0,0,0,1,1
31621,-1,0,8.970978,0.9998729,1,1,unassigned,6.0,6.0,0.0,1.0,0.0,0.0,0.007736944,0.0,0,0,0,1,1
31622,-1,0,-0.5965631,0.3551304,0,1,unassigned,2.0,2.0,0.0,1.0,0.0,0.0,0.0,0.0,0,0,0,0,0
31623,1,0,3.9767745,0.9815989,1,0,unassigned,6.0,5.0,1.0,0.8333333,0.16666667,0.16666669,0.007736944,0.0012894907,0,0,1,1,1
31624,-1,0,-0.068220854,0.4829514,0,1,unassigned,4.0,4.0,0.0,1.0,0.0,0.0,0.003868472,0.0,0,0,0,0,0
31625,-1,0,-0.3484816,0.41375068,0,1,unassigned,23.0,22.0,1.0,0.95652175,0.04347826,0.04347825,0.040618956,0.0017660416,0,0,0,0,0
31626,-1,0,2.0654502,0.8874995,1,1,unassigned,15.0,15.0,0.0,1.0,0.0,0.0,0.025145067,0.0,0,0,0,1,0
31627,-1,0,4.5291,0.98932487,1,1,unassigned,13.0,13.0,0.0,1.0,0.0,0.0,0.021276595,0.0,0,0,0,1,1
31628,-1,1,6.668222,0.99873096,1,1,unassigned,19.0,19.0,0.0,1.0,0.0,0.0,0.032882012,0.0,1,0,0,1,1
31629,-1,0,-0.09838647,0.4754232,0,1,unassigned,7.0,7.0,0.0,1.0,0.0,0.0,0.00967118,0.0,0,0,0,0,0
31630,-1,0,1.6050656,0.8327252,1,1,unassigned,8.0,6.0,2.0,0.75,0.25,0.25,0.0116054155,0.0029013539,0,0,0,1,0
31631,-1,1,4.7831836,0.9917001,1,1,unassigned,4.0,4.0,0.0,1.0,0.0,0.0,0.003868472,0.0,1,0,0,1,1
31632,-1,1,-0.28021467,0.43040115,0,1,unassigned,2.0,2.0,0.0,1.0,0.0,0.0,0.0,0.0,1,0,0,0,0
31633,-1,1,0.48417038,0.61873215,1,1,unassigned,13.0,12.0,1.0,0.9230769,0.07692308,0.07692307,0.021276595,0.0016366612,1,0,0,1,0
31634,-1,1,-0.120265484,0.46996984,0,1,unassigned,3.0,2.0,1.0,0.6666667,0.33333334,0.3333333,0.001934236,0.00064474536,1,0,0,0,0
31635,-1,1,1.6695821,0.8415201,1,1,unassigned,2.0,2.0,0.0,1.0,0.0,0.0,0.0,0.0,1,0,0,1,0
31636,1,0,2.6383336,0.9332883,1,0,train,5.0,5.0,0.0,1.0,0.0,0.0,0.0058027077,0.0,0,0,1,1,1
31637,-1,1,-1.0134678,0.26630172,0,1,unassigned,2.0,2.0,0.0,1.0,0.0,0.0,0.0,0.0,1,0,0,0,0
31638,-1,0,2.11007,0.89187807,1,1,unassigned,6.0,6.0,0.0,1.0,0.0,0.0,0.007736944,0.0,0,0,0,1,0
31639,-1,0,2.2836864,0.9075169,1,1,unassigned,6.0,2.0,4.0,0.33333334,0.6666667,0.6666666,0.007736944,0.005157963,0,0,0,1,1
31640,-1,0,1.2873192,0.78369313,1,1,unassigned,4.0,3.0,1.0,0.75,0.25,0.25,0.003868472,0.000967118,0,0,0,1,0
31641,1,0,-0.506351,0.37604934,0,1,val,6.0,6.0,0.0,1.0,0.0,0.0,0.007736944,0.0,0,0,0,0,0
31642,-1,0,-0.47665876,0.3830414,0,1,unassigned,30.0,30.0,0.0,1.0,0.0,0.0,0.054158606,0.0,0,0,0,0,0
31643,-1,1,-0.94708955,0.2794705,0,1,unassigned,4.0,2.0,2.0,0.5,0.5,0.5,0.003868472,0.001934236,1,0,0,0,0
31644,-1,0,0.8306113,0.6964842,1,1,unassigned,2.0,2.0,0.0,1.0,0.0,0.0,0.0,0.0,0,0,0,1,0
31645,-1,0,-0.5206333,0.37270418,0,1,unassigned,18.0,16.0,2.0,0.8888889,0.11111111,0.111111104,0.030947777,0.0034386418,0,0,0,0,0
31646,-1,0,-0.29867053,0.42588252,0,1,unassigned,10.0,10.0,0.0,1.0,0.0,0.0,0.015473888,0.0,0,0,0,0,0
31647,-1,0,1.965157,0.87709,1,1,unassigned,23.0,23.0,0.0,1.0,0.0,0.0,0.040618956,0.0,0,0,0,1,0
31648,1,0,0.83091694,0.69654876,1,0,test,8.0,8.0,0.0,1.0,0.0,0.0,0.0116054155,0.0,0,0,1,1,0
31649,-1,1,2.1724474,0.8977479,1,1,unassigned,4.0,1.0,3.0,0.25,0.75,0.75,0.003868472,0.002901354,1,0,0,1,0
31650,-1,1,-0.34225905,0.41526085,0,1,unassigned,12.0,10.0,2.0,0.8333333,0.16666667,0.16666669,0.01934236,0.0032237265,1,0,0,0,0
31651,0,0,-0.23770982,0.44085082,0,0,unassigned,6.0,6.0,0.0,1.0,0.0,0.0,0.007736944,0.0,0,0,1,0,0
31652,-1,0,0.5385011,0.63146365,1,1,unassigned,59.0,59.0,0.0,1.0,0.0,0.0,0.11025145,0.0,0,0,0,1,0
31653,-1,1,1.745218,0.85134864,1,1,unassigned,6.0,5.0,1.0,0.8333333,0.16666667,0.16666669,0.007736944,0.0012894907,1,0,0,1,0
31654,0,1,-0.68690455,0.33472204,0,0,test,2.0,1.0,1.0,0.5,0.5,0.5,0.0,0.0,1,0,1,0,0
31655,-1,0,0.6327594,0.65311486,1,1,unassigned,29.0,29.0,0.0,1.0,0.0,0.0,0.05222437,0.0,0,0,0,1,0
31656,-1,0,-0.6969341,0.3324923,0,1,unassigned,34.0,32.0,2.0,0.9411765,0.05882353,0.058823526,0.061895553,0.0036409148,0,0,0,0,0
31657,-1,0,0.84440833,0.69939286,1,1,unassigned,8.0,8.0,0.0,1.0,0.0,0.0,0.0116054155,0.0,0,0,0,1,0
31658,-1,0,-0.55859107,0.36387354,0,1,unassigned,12.0,12.0,0.0,1.0,0.0,0.0,0.01934236,0.0,0,0,0,0,0
31659,-1,0,0.17454273,0.5435253,1,1,unassigned,31.0,30.0,1.0,0.9677419,0.032258064,0.032258093,0.056092843,0.0018094465,0,0,0,1,0
31660,1,0,0.48017138,0.6177883,1,0,unassigned,35.0,35.0,0.0,1.0,0.0,0.0,0.06382979,0.0,0,0,1,1,0
31661,-1,1,4.4809513,0.98880416,1,1,unassigned,3.0,3.0,0.0,1.0,0.0,0.0,0.001934236,0.0,1,0,0,1,1
31662,-1,1,2.365799,0.9141819,1,1,unassigned,5.0,4.0,1.0,0.8,0.2,0.19999999,0.0058027077,0.0011605415,1,0,0,1,1
31663,-1,0,1.6582491,0.8400029,1,1,unassigned,6.0,6.0,0.0,1.0,0.0,0.0,0.007736944,0.0,0,0,0,1,0
31664,-1,1,3.5730498,0.9726963,1,1,unassigned,3.0,2.0,1.0,0.6666667,0.33333334,0.3333333,0.001934236,0.00064474536,1,0,0,1,1
31665,-1,1,0.4522838,0.6111821,1,1,unassigned,41.0,41.0,0.0,1.0,0.0,0.0,0.07543521,0.0,1,0,0,1,0
31666,-1,1,2.501294,0.92423254,1,1,unassigned,12.0,12.0,0.0,1.0,0.0,0.0,0.01934236,0.0,1,0,0,1,1
31667,-1,0,-0.6567533,0.34146932,0,1,unassigned,57.0,57.0,0.0,1.0,0.0,0.0,0.10638298,0.0,0,0,0,0,0
31668,-1,0,0.8324023,0.69686264,1,1,unassigned,2.0,2.0,0.0,1.0,0.0,0.0,0.0,0.0,0,0,0,1,0
31669,-1,0,1.5225537,0.8209142,1,1,unassigned,2.0,2.0,0.0,1.0,0.0,0.0,0.0,0.0,0,0,0,1,0
31670,-1,0,1.851177,0.8642652,1,1,unassigned,3.0,1.0,2.0,0.33333334,0.6666667,0.6666666,0.001934236,0.0012894907,0,0,0,1,0
31671,-1,1,-0.88299996,0.2925565,0,1,unassigned,7.0,7.0,0.0,1.0,0.0,0.0,0.00967118,0.0,1,0,0,0,0
31672,1,1,0.92402583,0.7158617,1,0,unassigned,2.0,2.0,0.0,1.0,0.0,0.0,0.0,0.0,1,0,1,1,0
31673,-1,0,0.26411194,0.5656468,1,1,unassigned,5.0,5.0,0.0,1.0,0.0,0.0,0.0058027077,0.0,0,0,0,1,0
31674,-1,0,-1.0360346,0.26191583,0,1,unassigned,2.0,2.0,0.0,1.0,0.0,0.0,0.0,0.0,0,0,0,0,0
31675,-1,1,-0.2220191,0.44472212,0,1,unassigned,30.0,27.0,3.0,0.9,0.1,0.100000024,0.054158606,0.0054158606,1,0,0,0,0
31676,-1,0,6.9306445,0.99902356,1,1,unassigned,11.0,8.0,3.0,0.72727275,0.27272728,0.27272725,0.017408123,0.00474767,0,0,0,1,1
31677,-1,0,3.0214655,0.9535345,1,1,unassigned,2.0,1.0,1.0,0.5,0.5,0.5,0.0,0.0,0,0,0,1,1
31678,-1,0,7.3319626,0.9993461,1,1,unassigned,2.0,2.0,0.0,1.0,0.0,0.0,0.0,0.0,0,0,0,1,1
31679,-1,0,-0.3116368,0.42271525,0,1,unassigned,39.0,39.0,0.0,1.0,0.0,0.0,0.07156673,0.0,0,0,0,0,0
31680,-1,1,0.21892631,0.554514,1,1,unassigned,2.0,2.0,0.0,1.0,0.0,0.0,0.0,0.0,1,0,0,1,0
31681,-1,0,3.16585,0.95952874,1,1,unassigned,6.0,4.0,2.0,0.6666667,0.33333334,0.3333333,0.007736944,0.0025789815,0,0,0,1,1
31682,-1,0,4.2058225,0.98531044,1,1,unassigned,9.0,9.0,0.0,1.0,0.0,0.0,0.013539651,0.0,0,0,0,1,1
31683,-1,0,3.749818,0.97701854,1,1,unassigned,32.0,27.0,5.0,0.84375,0.15625,0.15625,0.058027077,0.009066731,0,0,0,1,1
31684,-1,0,2.293562,0.9083425,1,1,unassigned,11.0,10.0,1.0,0.90909094,0.09090909,0.090909064,0.017408123,0.0015825568,0,0,0,1,1
31685,-1,0,-0.5968952,0.35505432,0,1,unassigned,5.0,5.0,0.0,1.0,0.0,0.0,0.0058027077,0.0,0,0,0,0,0
31686,-1,1,4.7729015,0.9916152,1,1,unassigned,3.0,3.0,0.0,1.0,0.0,0.0,0.001934236,0.0,1,0,0,1,1
31687,-1,0,0.16860664,0.5420521,1,1,unassigned,17.0,17.0,0.0,1.0,0.0,0.0,0.029013539,0.0,0,0,0,1,0
31688,-1,1,4.7385325,0.9913244,1,1,unassigned,4.0,4.0,0.0,1.0,0.0,0.0,0.003868472,0.0,1,0,0,1,1
31689,-1,0,1.3457279,0.7934303,1,1,unassigned,2.0,2.0,0.0,1.0,0.0,0.0,0.0,0.0,0,0,0,1,0
31690,1,0,6.8947225,0.99898785,1,0,unassigned,11.0,8.0,3.0,0.72727275,0.27272728,0.27272725,0.017408123,0.00474767,0,0,1,1,1
31691,-1,0,2.2282007,0.90275353,1,1,unassigned,6.0,4.0,2.0,0.6666667,0.33333334,0.3333333,0.007736944,0.0025789815,0,0,0,1,1
31692,-1,1,2.5723855,0.9290631,1,1,unassigned,17.0,14.0,3.0,0.8235294,0.1764706,0.17647058,0.029013539,0.005120036,1,0,0,1,1
31693,-1,1,6.0113707,0.9975553,1,1,unassigned,2.0,2.0,0.0,1.0,0.0,0.0,0.0,0.0,1,0,0,1,1
31694,-1,0,-0.29060668,0.42785534,0,1,unassigned,2.0,2.0,0.0,1.0,0.0,0.0,0.0,0.0,0,0,0,0,0
31695,1,0,1.3800559,0.79899997,1,0,unassigned,12.0,12.0,0.0,1.0,0.0,0.0,0.01934236,0.0,0,0,1,1,0
31696,-1,1,-0.66513526,0.33958697,0,1,unassigned,28.0,26.0,2.0,0.9285714,0.071428575,0.0714286,0.050290134,0.0035921526,1,0,0,0,0
31697,-1,0,-0.6163514,0.35061172,0,1,unassigned,36.0,34.0,2.0,0.9444444,0.055555556,0.055555582,0.065764025,0.003653557,0,0,0,0,0
31698,1,0,-0.10669726,0.47335094,0,1,test,14.0,14.0,0.0,1.0,0.0,0.0,0.023210831,0.0,0,0,0,0,0
31699,-1,0,-0.8576926,0.29782164,0,1,unassigned,38.0,37.0,1.0,0.9736842,0.02631579,0.026315808,0.06963249,0.0018324341,0,0,0,0,0
31700,-1,1,-0.7279877,0.32563648,0,1,unassigned,76.0,64.0,12.0,0.84210527,0.15789473,0.15789473,0.14313346,0.02260002,1,0,0,0,0
31701,0,0,-2.2610078,0.094404176,0,0,train,2.0,2.0,0.0,1.0,0.0,0.0,0.0,0.0,0,0,1,0,1
31702,-1,0,-0.80074,0.30986723,0,1,unassigned,14.0,13.0,1.0,0.9285714,0.071428575,0.0714286,0.023210831,0.0016579166,0,0,0,0,0
31703,0,0,-0.26948637,0.4330332,0,0,unassigned,35.0,35.0,0.0,1.0,0.0,0.0,0.06382979,0.0,0,0,1,0,0
31704,-1,0,-0.24300477,0.439546,0,1,unassigned,11.0,9.0,2.0,0.8181818,0.18181819,0.18181819,0.017408123,0.0031651135,0,0,0,0,0
31705,-1,0,-0.54815495,0.36629257,0,1,unassigned,145.0,144.0,1.0,0.99310344,0.0068965517,0.0068965554,0.27659574,0.0019075568,0,0,0,0,0
31706,-1,1,0.1910584,0.5476198,1,1,unassigned,2.0,2.0,0.0,1.0,0.0,0.0,0.0,0.0,1,0,0,1,0
31707,-1,0,-0.3101513,0.4230778,0,1,unassigned,13.0,13.0,0.0,1.0,0.0,0.0,0.021276595,0.0,0,0,0,0,0
31708,1,1,2.6691763,0.93518317,1,0,unassigned,3.0,2.0,1.0,0.6666667,0.33333334,0.3333333,0.001934236,0.00064474536,1,0,1,1,1
31709,-1,1,2.2701051,0.90637076,1,1,unassigned,7.0,7.0,0.0,1.0,0.0,0.0,0.00967118,0.0,1,0,0,1,1
31710,-1,1,1.7694016,0.85438323,1,1,unassigned,6.0,5.0,1.0,0.8333333,0.16666667,0.16666669,0.007736944,0.0012894907,1,0,0,1,0
31711,-1,1,4.3905764,0.9877581,1,1,unassigned,4.0,3.0,1.0,0.75,0.25,0.25,0.003868472,0.000967118,1,0,0,1,1
31712,-1,1,3.762478,0.97730106,1,1,unassigned,3.0,3.0,0.0,1.0,0.0,0.0,0.001934236,0.0,1,0,0,1,1
31713,-1,1,9.020523,0.9998791,1,1,unassigned,18.0,12.0,6.0,0.6666667,0.33333334,0.3333333,0.030947777,0.010315926,1,0,0,1,1
31714,-1,1,-0.72719306,0.325811,0,1,unassigned,118.0,112.0,6.0,0.9491525,0.050847456,0.05084747,0.22437137,0.011408714,1,0,0,0,0
31715,-1,0,-0.20524266,0.4488687,0,1,unassigned,23.0,22.0,1.0,0.95652175,0.04347826,0.04347825,0.040618956,0.0017660416,0,0,0,0,0
31716,-1,1,4.6814523,0.9908195,1,1,unassigned,15.0,15.0,0.0,1.0,0.0,0.0,0.025145067,0.0,1,0,0,1,1
31717,-1,1,-0.5936948,0.35578755,0,1,unassigned,15.0,15.0,0.0,1.0,0.0,0.0,0.025145067,0.0,1,0,0,0,0
31718,-1,1,2.4323957,0.91926455,1,1,unassigned,9.0,5.0,4.0,0.5555556,0.44444445,0.44444442,0.013539651,0.006017623,1,0,0,1,1
31719,-1,0,-0.8910258,0.29089817,0,1,unassigned,55.0,55.0,0.0,1.0,0.0,0.0,0.102514505,0.0,0,0,0,0,0
31720,-1,0,-0.5391442,0.36838666,0,1,unassigned,26.0,26.0,0.0,1.0,0.0,0.0,0.046421662,0.0,0,0,0,0,0
31721,-1,0,-0.4016931,0.40090564,0,1,unassigned,12.0,12.0,0.0,1.0,0.0,0.0,0.01934236,0.0,0,0,0,0,0
31722,-1,1,-0.2092244,0.44788387,0,1,unassigned,33.0,27.0,6.0,0.8181818,0.18181819,0.18181819,0.059961315,0.010902057,1,0,0,0,0
31723,-1,0,0.4637807,0.6139107,1,1,unassigned,40.0,37.0,3.0,0.925,0.075,0.07499999,0.07350097,0.005512573,0,0,0,1,0
31724,-1,0,4.0701604,0.98321193,1,1,unassigned,19.0,15.0,4.0,0.7894737,0.21052632,0.21052629,0.032882012,0.006922529,0,0,0,1,1
31725,-1,1,-0.961142,0.2766496,0,1,unassigned,15.0,14.0,1.0,0.93333334,0.06666667,0.06666666,0.025145067,0.0016763379,1,0,0,0,0
31726,-1,1,-0.17936236,0.45527926,0,1,unassigned,3.0,3.0,0.0,1.0,0.0,0.0,0.001934236,0.0,1,0,0,0,0
31727,-1,1,-0.9540683,0.27806738,0,1,unassigned,14.0,14.0,0.0,1.0,0.0,0.0,0.023210831,0.0,1,0,0,0,0
31728,-1,1,-0.4127922,0.39824277,0,1,unassigned,11.0,11.0,0.0,1.0,0.0,0.0,0.017408123,0.0,1,0,0,0,0
31729,-1,0,2.4920363,0.92358166,1,1,unassigned,5.0,3.0,2.0,0.6,0.4,0.39999998,0.0058027077,0.002321083,0,0,0,1,1
31730,-1,1,3.5238078,0.9713577,1,1,unassigned,7.0,7.0,0.0,1.0,0.0,0.0,0.00967118,0.0,1,0,0,1,1
31731,-1,1,0.080595195,0.5201379,1,1,unassigned,34.0,32.0,2.0,0.9411765,0.05882353,0.058823526,0.061895553,0.0036409148,1,0,0,1,0
31732,-1,0,2.2042882,0.90063393,1,1,unassigned,17.0,13.0,4.0,0.7647059,0.23529412,0.2352941,0.029013539,0.006826715,0,0,0,1,1
31733,-1,0,0.79882056,0.6897221,1,1,unassigned,4.0,2.0,2.0,0.5,0.5,0.5,0.003868472,0.001934236,0,0,0,1,0
31734,-1,1,5.7616997,0.9968641,1,1,unassigned,37.0,35.0,2.0,0.9459459,0.054054055,0.05405408,0.06769826,0.0036593657,1,0,0,1,1
31735,-1,1,2.046078,0.88555074,1,1,unassigned,2.0,1.0,1.0,0.5,0.5,0.5,0.0,0.0,1,0,0,1,0
31736,-1,1,2.5416017,0.92700726,1,1,unassigned,12.0,11.0,1.0,0.9166667,0.083333336,0.08333331,0.01934236,0.0016118633,1,0,0,1,1
31737,-1,1,9.135033,0.99989223,1,1,unassigned,3.0,1.0,2.0,0.33333334,0.6666667,0.6666666,0.001934236,0.0012894907,1,0,0,1,1
31738,-1,0,-0.29082543,0.4278018,0,1,unassigned,15.0,15.0,0.0,1.0,0.0,0.0,0.025145067,0.0,0,0,0,0,0
31739,-1,0,0.6111905,0.6482124,1,1,unassigned,20.0,20.0,0.0,1.0,0.0,0.0,0.034816246,0.0,0,0,0,1,0
31740,-1,0,0.87552065,0.7058931,1,1,unassigned,2.0,2.0,0.0,1.0,0.0,0.0,0.0,0.0,0,0,0,1,0
31741,-1,0,0.90401036,0.7117729,1,1,unassigned,10.0,10.0,0.0,1.0,0.0,0.0,0.015473888,0.0,0,0,0,1,0
31742,-1,0,0.60928565,0.64777786,1,1,unassigned,7.0,5.0,2.0,0.71428573,0.2857143,0.28571427,0.00967118,0.0027631943,0,0,0,1,0
31743,-1,0,-0.3603384,0.41087765,0,1,unassigned,39.0,37.0,2.0,0.94871795,0.051282052,0.05128205,0.07156673,0.0036700887,0,0,0,0,0
31744,1,1,-0.27487087,0.4317117,0,1,unassigned,12.0,11.0,1.0,0.9166667,0.083333336,0.08333331,0.01934236,0.0016118633,1,0,0,0,0
31745,-1,0,0.6732045,0.6622203,1,1,unassigned,2.0,2.0,0.0,1.0,0.0,0.0,0.0,0.0,0,0,0,1,0
31746,-1,1,-0.27054137,0.43277422,0,1,unassigned,29.0,28.0,1.0,0.9655172,0.03448276,0.034482777,0.05222437,0.0018008404,1,0,0,0,0
31747,-1,1,1.7422867,0.85097724,1,1,unassigned,13.0,13.0,0.0,1.0,0.0,0.0,0.021276595,0.0,1,0,0,1,0
31748,-1,0,1.536555,0.82296336,1,1,unassigned,2.0,2.0,0.0,1.0,0.0,0.0,0.0,0.0,0,0,0,1,0
31749,-1,0,1.6491327,0.83877385,1,1,unassigned,10.0,10.0,0.0,1.0,0.0,0.0,0.015473888,0.0,0,0,0,1,0
31750,-1,0,-0.21809125,0.44569227,0,1,unassigned,25.0,25.0,0.0,1.0,0.0,0.0,0.044487428,0.0,0,0,0,0,0
31751,-1,1,-0.2200335,0.44521248,0,1,unassigned,15.0,14.0,1.0,0.93333334,0.06666667,0.06666666,0.025145067,0.0016763379,1,0,0,0,0
31752,-1,0,3.4087443,0.9679767,1,1,unassigned,7.0,7.0,0.0,1.0,0.0,0.0,0.00967118,0.0,0,0,0,1,1
31753,-1,0,4.980633,0.9931772,1,1,unassigned,10.0,10.0,0.0,1.0,0.0,0.0,0.015473888,0.0,0,0,0,1,1
31754,-1,1,7.4791017,0.9994355,1,1,unassigned,21.0,17.0,4.0,0.8095238,0.1904762,0.19047618,0.036750484,0.0070000924,1,0,0,1,1
31755,-1,0,-0.74367297,0.3222015,0,1,unassigned,33.0,31.0,2.0,0.93939394,0.060606062,0.060606062,0.059961315,0.0036340193,0,0,0,0,0
31756,-1,0,1.4019525,0.8024936,1,1,unassigned,3.0,3.0,0.0,1.0,0.0,0.0,0.001934236,0.0,0,0,0,1,0
31757,-1,1,5.0399814,0.99356776,1,1,unassigned,5.0,5.0,0.0,1.0,0.0,0.0,0.0058027077,0.0,1,0,0,1,1
31758,-1,0,1.4368839,0.80797166,1,1,unassigned,17.0,15.0,2.0,0.88235295,0.11764706,0.11764705,0.029013539,0.0034133575,0,0,0,1,0
31759,-1,0,3.3892765,0.96736765,1,1,unassigned,17.0,15.0,2.0,0.88235295,0.11764706,0.11764705,0.029013539,0.0034133575,0,0,0,1,1
31760,1,0,1.7264388,0.84895635,1,0,unassigned,7.0,6.0,1.0,0.85714287,0.14285715,0.14285713,0.00967118,0.0013815971,0,0,1,1,0
31761,1,1,-0.40696925,0.39963907,0,1,test,60.0,58.0,2.0,0.96666664,0.033333335,0.03333336,0.11218569,0.003739523,1,0,0,0,0
31762,-1,1,5.3072295,0.9950688,1,1,unassigned,18.0,18.0,0.0,1.0,0.0,0.0,0.030947777,0.0,1,0,0,1,1
31763,-1,1,1.3442004,0.7931798,1,1,unassigned,10.0,10.0,0.0,1.0,0.0,0.0,0.015473888,0.0,1,0,0,1,0
31764,-1,1,-0.5807775,0.3587537,0,1,unassigned,42.0,38.0,4.0,0.9047619,0.0952381,0.09523809,0.07736944,0.007368518,1,0,0,0,0
31765,-1,0,-0.7339349,0.32433182,0,1,unassigned,140.0,138.0,2.0,0.98571426,0.014285714,0.014285743,0.26692456,0.003813208,0,0,0,0,0
31766,0,0,-0.03607291,0.4909828,0,0,val,26.0,26.0,0.0,1.0,0.0,0.0,0.046421662,0.0,0,0,1,0,0
31767,-1,0,6.8609395,0.9989531,1,1,unassigned,6.0,6.0,0.0,1.0,0.0,0.0,0.007736944,0.0,0,0,0,1,1
31768,-1,0,1.6504524,0.8389522,1,1,unassigned,4.0,4.0,0.0,1.0,0.0,0.0,0.003868472,0.0,0,0,0,1,0
31769,-1,0,0.27251726,0.56771076,1,1,unassigned,18.0,15.0,3.0,0.8333333,0.16666667,0.16666669,0.030947777,0.005157963,0,0,0,1,0
31770,1,1,0.12731951,0.531787,1,0,val,42.0,32.0,10.0,0.7619048,0.23809524,0.23809522,0.07736944,0.018421294,1,0,1,1,0
31771,-1,0,1.4920213,0.8163815,1,1,unassigned,5.0,5.0,0.0,1.0,0.0,0.0,0.0058027077,0.0,0,0,0,1,0
31772,-1,1,0.3540089,0.5875894,1,1,unassigned,32.0,30.0,2.0,0.9375,0.0625,0.0625,0.058027077,0.0036266923,1,0,0,1,0
31773,-1,0,1.8508852,0.864231,1,1,unassigned,6.0,6.0,0.0,1.0,0.0,0.0,0.007736944,0.0,0,0,0,1,0
31774,-1,0,-0.76919264,0.31665376,0,1,unassigned,10.0,10.0,0.0,1.0,0.0,0.0,0.015473888,0.0,0,0,0,0,0
31775,-1,0,-0.41151112,0.39854982,0,1,unassigned,23.0,23.0,0.0,1.0,0.0,0.0,0.040618956,0.0,0,0,0,0,0
31776,0,0,-0.8916741,0.29076448,0,0,test,4.0,4.0,0.0,1.0,0.0,0.0,0.003868472,0.0,0,0,1,0,0
31777,-1,1,3.6168644,0.9738361,1,1,unassigned,2.0,2.0,0.0,1.0,0.0,0.0,0.0,0.0,1,0,0,1,1
31778,-1,0,-0.9612351,0.27663097,0,1,unassigned,6.0,6.0,0.0,1.0,0.0,0.0,0.007736944,0.0,0,0,0,0,0
31779,-1,1,-0.34515592,0.4145576,0,1,unassigned,28.0,27.0,1.0,0.96428573,0.035714287,0.03571427,0.050290134,0.0017960763,1,0,0,0,0
31780,-1,1,3.6173146,0.97384757,1,1,unassigned,7.0,3.0,4.0,0.42857143,0.5714286,0.57142854,0.00967118,0.0055263885,1,0,0,1,1
31781,-1,0,-0.44196105,0.3912738,0,1,unassigned,29.0,29.0,0.0,1.0,0.0,0.0,0.05222437,0.0,0,0,0,0,0
31782,-1,1,17.32493,1.0,1,1,unassigned,5.0,3.0,2.0,0.6,0.4,0.39999998,0.0058027077,0.002321083,1,0,0,1,1
31783,-1,0,1.4768364,0.81409425,1,1,unassigned,23.0,23.0,0.0,1.0,0.0,0.0,0.040618956,0.0,0,0,0,1,0
31784,0,0,-0.5766934,0.3596938,0,0,unassigned,60.0,58.0,2.0,0.96666664,0.033333335,0.03333336,0.11218569,0.003739523,0,0,1,0,0
31785,-1,0,0.31782764,0.5787948,1,1,unassigned,16.0,16.0,0.0,1.0,0.0,0.0,0.027079303,0.0,0,0,0,1,0
31786,1,0,1.659241,0.8401361,1,0,val,3.0,3.0,0.0,1.0,0.0,0.0,0.001934236,0.0,0,0,1,1,0
31787,-1,0,2.944842,0.9500191,1,1,unassigned,5.0,5.0,0.0,1.0,0.0,0.0,0.0058027077,0.0,0,0,0,1,1
31788,-1,1,2.0384872,0.88477916,1,1,unassigned,2.0,2.0,0.0,1.0,0.0,0.0,0.0,0.0,1,0,0,1,0
31789,-1,0,1.2834549,0.7830373,1,1,unassigned,15.0,15.0,0.0,1.0,0.0,0.0,0.025145067,0.0,0,0,0,1,0
31790,-1,0,-0.45656717,0.38780048,0,1,unassigned,4.0,4.0,0.0,1.0,0.0,0.0,0.003868472,0.0,0,0,0,0,0
31791,-1,0,-0.5329154,0.36983716,0,1,unassigned,11.0,10.0,1.0,0.90909094,0.09090909,0.090909064,0.017408123,0.0015825568,0,0,0,0,0
31792,-1,1,2.4009168,0.9168972,1,1,unassigned,14.0,9.0,5.0,0.64285713,0.35714287,0.35714287,0.023210831,0.008289583,1,0,0,1,1
31793,-1,0,-0.66499835,0.3396177,0,1,unassigned,18.0,18.0,0.0,1.0,0.0,0.0,0.030947777,0.0,0,0,0,0,0
31794,-1,0,-0.5399099,0.36820853,0,1,unassigned,86.0,84.0,2.0,0.9767442,0.023255814,0.023255825,0.16247582,0.0037785075,0,0,0,0,0
31795,-1,0,-0.5007829,0.3773567,0,1,unassigned,29.0,29.0,0.0,1.0,0.0,0.0,0.05222437,0.0,0,0,0,0,0
31796,-1,0,-0.99739826,0.2694533,0,1,unassigned,10.0,10.0,0.0,1.0,0.0,0.0,0.015473888,0.0,0,0,0,0,0
31797,-1,0,-0.5062281,0.37607813,0,1,unassigned,29.0,29.0,0.0,1.0,0.0,0.0,0.05222437,0.0,0,0,0,0,0
31798,-1,0,-0.7289454,0.3254262,0,1,unassigned,59.0,57.0,2.0,0.9661017,0.033898305,0.033898294,0.11025145,0.0037373372,0,0,0,0,0
31799,-1,0,-0.10983026,0.47257,0,1,unassigned,17.0,17.0,0.0,1.0,0.0,0.0,0.029013539,0.0,0,0,0,0,0
31800,-1,1,3.842436,0.97900873,1,1,unassigned,6.0,4.0,2.0,0.6666667,0.33333334,0.3333333,0.007736944,0.0025789815,1,0,0,1,1
31801,-1,0,-0.9141854,0.28614414,0,1,unassigned,30.0,30.0,0.0,1.0,0.0,0.0,0.054158606,0.0,0,0,0,0,0
31802,-1,1,6.6316104,0.99868363,1,1,unassigned,6.0,5.0,1.0,0.8333333,0.16666667,0.16666669,0.007736944,0.0012894907,1,0,0,1,1
31803,-1,0,-0.56399614,0.36262336,0,1,unassigned,2.0,2.0,0.0,1.0,0.0,0.0,0.0,0.0,0,0,0,0,0
31804,1,0,-0.31232622,0.422547,0,1,unassigned,29.0,29.0,0.0,1.0,0.0,0.0,0.05222437,0.0,0,0,0,0,0
31805,0,0,-0.25655025,0.4362119,0,0,test,38.0,37.0,1.0,0.9736842,0.02631579,0.026315808,0.06963249,0.0018324341,0,0,1,0,0
31806,-1,0,0.98586684,0.72827077,1,1,unassigned,9.0,2.0,7.0,0.22222222,0.7777778,0.7777778,0.013539651,0.010530841,0,0,0,1,0
31807,-1,1,5.7762966,0.99690944,1,1,unassigned,2.0,1.0,1.0,0.5,0.5,0.5,0.0,0.0,1,0,0,1,1
31808,-1,1,1.7294493,0.8493419,1,1,unassigned,10.0,10.0,0.0,1.0,0.0,0.0,0.015473888,0.0,1,0,0,1,0
31809,-1,0,-0.4002851,0.40124387,0,1,unassigned,37.0,37.0,0.0,1.0,0.0,0.0,0.06769826,0.0,0,0,0,0,0
31810,-1,1,1.9754472,0.878195,1,1,unassigned,18.0,18.0,0.0,1.0,0.0,0.0,0.030947777,0.0,1,0,0,1,0
31811,-1,0,2.7891724,0.9420879,1,1,unassigned,2.0,2.0,0.0,1.0,0.0,0.0,0.0,0.0,0,0,0,1,1
31812,-1,0,6.103443,0.99776983,1,1,unassigned,2.0,2.0,0.0,1.0,0.0,0.0,0.0,0.0,0,0,0,1,1
31813,-1,0,-0.7563269,0.31944424,0,1,unassigned,18.0,17.0,1.0,0.9444444,0.055555556,0.055555582,0.030947777,0.0017193209,0,0,0,0,0
31814,-1,0,0.265626,0.5660188,1,1,unassigned,34.0,34.0,0.0,1.0,0.0,0.0,0.061895553,0.0,0,0,0,1,0
31815,-1,1,-0.16520262,0.458793,0,1,unassigned,4.0,3.0,1.0,0.75,0.25,0.25,0.003868472,0.000967118,1,0,0,0,0
31816,-1,1,3.3721488,0.9668227,1,1,unassigned,2.0,1.0,1.0,0.5,0.5,0.5,0.0,0.0,1,0,0,1,1
31817,-1,0,-0.38384438,0.4052,0,1,unassigned,10.0,10.0,0.0,1.0,0.0,0.0,0.015473888,0.0,0,0,0,0,0
31818,1,1,5.8574476,0.99714965,1,0,val,2.0,2.0,0.0,1.0,0.0,0.0,0.0,0.0,1,0,1,1,1
31819,-1,1,-0.10797471,0.47303256,0,1,unassigned,27.0,26.0,1.0,0.962963,0.037037037,0.037037015,0.0483559,0.0017909593,1,0,0,0,0
31820,0,0,-0.84147006,0.30122527,0,0,unassigned,24.0,24.0,0.0,1.0,0.0,0.0,0.04255319,0.0,0,0,1,0,0
31821,-1,0,-0.4096564,0.3989945,0,1,unassigned,11.0,10.0,1.0,0.90909094,0.09090909,0.090909064,0.017408123,0.0015825568,0,0,0,0,0
31822,-1,1,1.4999492,0.8175669,1,1,unassigned,4.0,3.0,1.0,0.75,0.25,0.25,0.003868472,0.000967118,1,0,0,1,0
31823,-1,0,11.044155,0.999984,1,1,unassigned,9.0,7.0,2.0,0.7777778,0.22222222,0.22222221,0.013539651,0.0030088115,0,0,0,1,1
31824,-1,0,4.0199947,0.9823636,1,1,unassigned,3.0,3.0,0.0,1.0,0.0,0.0,0.001934236,0.0,0,0,0,1,1
31825,-1,1,-0.2540336,0.43683094,0,1,unassigned,2.0,1.0,1.0,0.5,0.5,0.5,0.0,0.0,1,0,0,0,0
31826,-1,0,-0.55599225,0.36447525,0,1,unassigned,2.0,2.0,0.0,1.0,0.0,0.0,0.0,0.0,0,0,0,0,0
31827,-1,0,0.17786044,0.54434824,1,1,unassigned,7.0,7.0,0.0,1.0,0.0,0.0,0.00967118,0.0,0,0,0,1,0
31828,1,1,1.0185087,0.734682,1,0,val,8.0,4.0,4.0,0.5,0.5,0.5,0.0116054155,0.0058027077,1,0,1,1,0
31829,-1,1,8.304824,0.9997527,1,1,unassigned,2.0,2.0,0.0,1.0,0.0,0.0,0.0,0.0,1,0,0,1,1
31830,-1,1,-0.35666388,0.41176742,0,1,unassigned,21.0,19.0,2.0,0.9047619,0.0952381,0.09523809,0.036750484,0.0035000462,1,0,0,0,0
31831,-1,1,-0.69246465,0.333485,0,1,unassigned,23.0,23.0,0.0,1.0,0.0,0.0,0.040618956,0.0,1,0,0,0,0
31832,0,0,-0.17091954,0.4573738,0,0,unassigned,10.0,3.0,7.0,0.3,0.7,0.7,0.015473888,0.010831722,0,0,1,0,0
31833,0,0,1.0433581,0.7394974,1,1,unassigned,6.0,6.0,0.0,1.0,0.0,0.0,0.007736944,0.0,0,0,0,1,0
31834,-1,1,5.4225554,0.99560356,1,1,unassigned,10.0,8.0,2.0,0.8,0.2,0.19999999,0.015473888,0.0030947777,1,0,0,1,1
31835,-1,0,0.83759516,0.69795847,1,1,unassigned,14.0,13.0,1.0,0.9285714,0.071428575,0.0714286,0.023210831,0.0016579166,0,0,0,1,0
31836,-1,0,0.013325632,0.50333136,1,1,unassigned,22.0,22.0,0.0,1.0,0.0,0.0,0.03868472,0.0,0,0,0,1,0
31837,-1,0,3.646927,0.9745914,1,1,unassigned,19.0,16.0,3.0,0.84210527,0.15789473,0.15789473,0.032882012,0.0051918966,0,0,0,1,1
31838,-1,0,-0.21426481,0.44663778,0,1,unassigned,11.0,11.0,0.0,1.0,0.0,0.0,0.017408123,0.0,0,0,0,0,0
31839,-1,1,-0.27306423,0.43215498,0,1,unassigned,16.0,15.0,1.0,0.9375,0.0625,0.0625,0.027079303,0.0016924564,1,0,0,0,0
31840,-1,0,-0.22053587,0.44508842,0,1,unassigned,15.0,15.0,0.0,1.0,0.0,0.0,0.025145067,0.0,0,0,0,0,0
31841,-1,0,0.2185393,0.55441844,1,1,unassigned,21.0,21.0,0.0,1.0,0.0,0.0,0.036750484,0.0,0,0,0,1,0
31842,-1,1,6.8592157,0.9989513,1,1,unassigned,5.0,5.0,0.0,1.0,0.0,0.0,0.0058027077,0.0,1,0,0,1,1
31843,-1,0,3.0586033,0.9551525,1,1,unassigned,9.0,9.0,0.0,1.0,0.0,0.0,0.013539651,0.0,0,0,0,1,1
31844,-1,0,0.32037395,0.5794154,1,1,unassigned,20.0,16.0,4.0,0.8,0.2,0.19999999,0.034816246,0.0069632493,0,0,0,1,0
31845,-1,0,0.5796123,0.64097816,1,1,unassigned,31.0,31.0,0.0,1.0,0.0,0.0,0.056092843,0.0,0,0,0,1,0
31846,-1,0,-0.02255559,0.49436134,0,1,unassigned,6.0,5.0,1.0,0.8333333,0.16666667,0.16666669,0.007736944,0.0012894907,0,0,0,0,0
31847,-1,0,0.19398803,0.5483455,1,1,unassigned,29.0,28.0,1.0,0.9655172,0.03448276,0.034482777,0.05222437,0.0018008404,0,0,0,1,0
31848,-1,0,1.4832532,0.8150635,1,1,unassigned,27.0,26.0,1.0,0.962963,0.037037037,0.037037015,0.0483559,0.0017909593,0,0,0,1,0
31849,-1,1,2.4018738,0.9169701,1,1,unassigned,6.0,4.0,2.0,0.6666667,0.33333334,0.3333333,0.007736944,0.0025789815,1,0,0,1,1
31850,-1,1,3.8294938,0.9787411,1,1,unassigned,19.0,16.0,3.0,0.84210527,0.15789473,0.15789473,0.032882012,0.0051918966,1,0,0,1,1
31851,-1,1,-0.3182205,0.4211095,0,1,unassigned,12.0,11.0,1.0,0.9166667,0.083333336,0.08333331,0.01934236,0.0016118633,1,0,0,0,0
31852,-1,0,2.3419583,0.9122929,1,1,unassigned,10.0,10.0,0.0,1.0,0.0,0.0,0.015473888,0.0,0,0,0,1,1
31853,-1,1,0.6964546,0.6674012,1,1,unassigned,3.0,3.0,0.0,1.0,0.0,0.0,0.001934236,0.0,1,0,0,1,0
31854,-1,1,0.44051117,0.60838085,1,1,unassigned,2.0,2.0,0.0,1.0,0.0,0.0,0.0,0.0,1,0,0,1,0
31855,-1,0,-0.80083907,0.30984607,0,1,unassigned,50.0,50.0,0.0,1.0,0.0,0.0,0.092843324,0.0,0,0,0,0,0
31856,-1,1,-0.80319965,0.30934152,0,1,unassigned,86.0,82.0,4.0,0.95348835,0.046511628,0.04651165,0.16247582,0.007557015,1,0,0,0,0
31857,-1,0,-0.6213366,0.3494775,0,1,unassigned,41.0,39.0,2.0,0.9512195,0.048780486,0.0487805,0.07543521,0.003679766,0,0,0,0,0
31858,-1,0,-0.6189412,0.35002232,0,1,unassigned,7.0,6.0,1.0,0.85714287,0.14285715,0.14285713,0.00967118,0.0013815971,0,0,0,0,0
31859,-1,1,2.8368704,0.94463605,1,1,unassigned,10.0,8.0,2.0,0.8,0.2,0.19999999,0.015473888,0.0030947777,1,0,0,1,1
31860,1,1,0.64483124,0.65584475,1,0,val,8.0,8.0,0.0,1.0,0.0,0.0,0.0116054155,0.0,1,0,1,1,0
31861,-1,1,0.77096635,0.6837299,1,1,unassigned,29.0,1.0,28.0,0.03448276,0.9655172,0.9655172,0.05222437,0.05042353,1,1,0,1,0
31862,-1,0,-0.8032032,0.30934075,0,1,unassigned,35.0,35.0,0.0,1.0,0.0,0.0,0.06382979,0.0,0,0,0,0,0
31863,-1,0,13.3612175,0.99999845,1,1,unassigned,5.0,5.0,0.0,1.0,0.0,0.0,0.0058027077,0.0,0,0,0,1,1
31864,-1,1,-1.593065,0.16895312,0,1,unassigned,2.0,2.0,0.0,1.0,0.0,0.0,0.0,0.0,1,0,0,0,0
31865,1,0,-0.1838018,0.4541785,0,1,unassigned,6.0,6.0,0.0,1.0,0.0,0.0,0.007736944,0.0,0,0,0,0,0
31866,-1,0,-0.0064234138,0.4983942,0,1,unassigned,13.0,13.0,0.0,1.0,0.0,0.0,0.021276595,0.0,0,0,0,0,0
31867,-1,0,0.7232539,0.67332315,1,1,unassigned,3.0,3.0,0.0,1.0,0.0,0.0,0.001934236,0.0,0,0,0,1,0
31868,1,0,4.1249585,0.98409295,1,0,unassigned,9.0,9.0,0.0,1.0,0.0,0.0,0.013539651,0.0,0,0,1,1,1
31869,-1,0,-0.13861227,0.46540228,0,1,unassigned,15.0,15.0,0.0,1.0,0.0,0.0,0.025145067,0.0,0,0,0,0,0
31870,-1,0,3.5181053,0.97119856,1,1,unassigned,26.0,26.0,0.0,1.0,0.0,0.0,0.046421662,0.0,0,0,0,1,1
31871,-1,1,-0.2776032,0.43104145,0,1,unassigned,25.0,25.0,0.0,1.0,0.0,0.0,0.044487428,0.0,1,0,0,0,0
31872,-1,0,-0.38521838,0.40486887,0,1,unassigned,3.0,3.0,0.0,1.0,0.0,0.0,0.001934236,0.0,0,0,0,0,0
31873,-1,0,1.4087484,0.8035685,1,1,unassigned,5.0,5.0,0.0,1.0,0.0,0.0,0.0058027077,0.0,0,0,0,1,0
31874,-1,1,2.612796,0.9316806,1,1,unassigned,4.0,4.0,0.0,1.0,0.0,0.0,0.003868472,0.0,1,0,0,1,1
31875,1,0,1.7230942,0.84852695,1,0,unassigned,2.0,2.0,0.0,1.0,0.0,0.0,0.0,0.0,0,0,1,1,0
31876,0,0,1.7069194,0.8464363,1,1,test,15.0,12.0,3.0,0.8,0.2,0.19999999,0.025145067,0.0050290134,0,0,0,1,0
31877,-1,0,-0.71901375,0.3276102,0,1,unassigned,39.0,37.0,2.0,0.94871795,0.051282052,0.05128205,0.07156673,0.0036700887,0,0,0,0,0
31878,-1,1,-0.84711266,0.3000389,0,1,unassigned,23.0,22.0,1.0,0.95652175,0.04347826,0.04347825,0.040618956,0.0017660416,1,0,0,0,0
31879,-1,1,-0.4411533,0.3914662,0,1,unassigned,54.0,44.0,10.0,0.8148148,0.18518518,0.1851852,0.10058027,0.018625975,1,0,0,0,0
31880,-1,0,8.617333,0.9998191,1,1,unassigned,2.0,2.0,0.0,1.0,0.0,0.0,0.0,0.0,0,0,0,1,1
31881,-1,0,-0.8468577,0.30009243,0,1,unassigned,2.0,2.0,0.0,1.0,0.0,0.0,0.0,0.0,0,0,0,0,0
31882,-1,0,7.761082,0.9995741,1,1,unassigned,2.0,1.0,1.0,0.5,0.5,0.5,0.0,0.0,0,0,0,1,1
31883,-1,0,0.4179302,0.6029879,1,1,unassigned,4.0,4.0,0.0,1.0,0.0,0.0,0.003868472,0.0,0,0,0,1,0
31884,-1,1,1.0954461,0.74940586,1,1,unassigned,11.0,11.0,0.0,1.0,0.0,0.0,0.017408123,0.0,1,0,0,1,0
31885,-1,0,0.4057961,0.6000795,1,1,unassigned,7.0,6.0,1.0,0.85714287,0.14285715,0.14285713,0.00967118,0.0013815971,0,0,0,1,0
31886,0,1,0.78771,0.6873394,1,1,unassigned,12.0,12.0,0.0,1.0,0.0,0.0,0.01934236,0.0,1,0,0,1,0
31887,-1,1,1.6872962,0.84386826,1,1,unassigned,21.0,19.0,2.0,0.9047619,0.0952381,0.09523809,0.036750484,0.0035000462,1,0,0,1,0
31888,-1,0,-0.5070176,0.3758929,0,1,unassigned,5.0,5.0,0.0,1.0,0.0,0.0,0.0058027077,0.0,0,0,0,0,0
31889,1,0,1.393228,0.8011071,1,0,test,6.0,6.0,0.0,1.0,0.0,0.0,0.007736944,0.0,0,0,1,1,0
31890,-1,0,1.9577787,0.87629235,1,1,unassigned,39.0,34.0,5.0,0.8717949,0.12820514,0.12820512,0.07156673,0.009175222,0,0,0,1,0
31891,-1,0,-0.621406,0.34946173,0,1,unassigned,40.0,40.0,0.0,1.0,0.0,0.0,0.07350097,0.0,0,0,0,0,0
31892,-1,1,2.8188508,0.943686,1,1,unassigned,33.0,25.0,8.0,0.75757575,0.24242425,0.24242425,0.059961315,0.014536077,1,0,0,1,1
31893,-1,0,-0.7538949,0.3199732,0,1,unassigned,14.0,14.0,0.0,1.0,0.0,0.0,0.023210831,0.0,0,0,0,0,0
31894,-1,0,-0.8208078,0.3055922,0,1,unassigned,3.0,2.0,1.0,0.6666667,0.33333334,0.3333333,0.001934236,0.00064474536,0,0,0,0,0
31895,-1,0,2.038276,0.8847576,1,1,unassigned,9.0,8.0,1.0,0.8888889,0.11111111,0.111111104,0.013539651,0.0015044058,0,0,0,1,0
31896,-1,0,-0.44231832,0.39118868,0,1,unassigned,37.0,36.0,1.0,0.972973,0.027027028,0.02702701,0.06769826,0.0018296828,0,0,0,0,0
31897,-1,1,-0.43864024,0.39206505,0,1,unassigned,31.0,28.0,3.0,0.9032258,0.09677419,0.09677422,0.056092843,0.0054283394,1,0,0,0,0
31898,-1,0,1.1956828,0.76775587,1,1,unassigned,13.0,13.0,0.0,1.0,0.0,0.0,0.021276595,0.0,0,0,0,1,0
31899,-1,0,-0.12446535,0.4689238,0,1,unassigned,21.0,20.0,1.0,0.95238096,0.04761905,0.047619045,0.036750484,0.0017500231,0,0,0,0,0
31900,-1,0,0.4307186,0.60604525,1,1,unassigned,38.0,38.0,0.0,1.0,0.0,0.0,0.06963249,0.0,0,0,0,1,0
31901,-1,1,0.7634693,0.68210644,1,1,unassigned,4.0,4.0,0.0,1.0,0.0,0.0,0.003868472,0.0,1,0,0,1,0
31902,-1,0,-0.09431708,0.47643822,0,1,unassigned,15.0,15.0,0.0,1.0,0.0,0.0,0.025145067,0.0,0,0,0,0,0
31903,0,0,-0.7210174,0.32716897,0,0,val,4.0,4.0,0.0,1.0,0.0,0.0,0.003868472,0.0,0,0,1,0,0
31904,0,0,-0.84745187,0.29996768,0,0,val,11.0,6.0,5.0,0.54545456,0.45454547,0.45454544,0.017408123,0.007912784,0,0,1,0,0
31905,-1,0,-0.30772847,0.4236693,0,1,unassigned,2.0,2.0,0.0,1.0,0.0,0.0,0.0,0.0,0,0,0,0,0
31906,-1,0,-0.52819407,0.37093818,0,1,unassigned,18.0,18.0,0.0,1.0,0.0,0.0,0.030947777,0.0,0,0,0,0,0
31907,-1,0,0.43408006,0.6068475,1,1,unassigned,6.0,6.0,0.0,1.0,0.0,0.0,0.007736944,0.0,0,0,0,1,0
31908,-1,0,1.0835321,0.7471618,1,1,unassigned,7.0,7.0,0.0,1.0,0.0,0.0,0.00967118,0.0,0,0,0,1,0
31909,-1,0,6.7476573,0.99882776,1,1,unassigned,33.0,31.0,2.0,0.93939394,0.060606062,0.060606062,0.059961315,0.0036340193,0,0,0,1,1
31910,-1,0,-0.029244006,0.49268955,0,1,unassigned,6.0,6.0,0.0,1.0,0.0,0.0,0.007736944,0.0,0,0,0,0,0
31911,-1,0,3.653474,0.97475296,1,1,unassigned,6.0,6.0,0.0,1.0,0.0,0.0,0.007736944,0.0,0,0,0,1,1
31912,-1,0,-0.085158646,0.4787232,0,1,unassigned,17.0,17.0,0.0,1.0,0.0,0.0,0.029013539,0.0,0,0,0,0,0
31913,-1,1,-0.24160933,0.43988976,0,1,unassigned,21.0,19.0,2.0,0.9047619,0.0952381,0.09523809,0.036750484,0.0035000462,1,0,0,0,0
31914,-1,0,-0.82311857,0.30510208,0,1,unassigned,27.0,23.0,4.0,0.8518519,0.14814815,0.14814812,0.0483559,0.007163837,0,0,0,0,0
31915,-1,0,-1.4095392,0.19630675,0,1,unassigned,2.0,2.0,0.0,1.0,0.0,0.0,0.0,0.0,0,0,0,0,0
31916,-1,0,-0.2909273,0.42777684,0,1,unassigned,29.0,25.0,4.0,0.86206895,0.13793103,0.13793105,0.05222437,0.0072033615,0,0,0,0,0
31917,-1,1,-0.30744365,0.42373884,0,1,unassigned,12.0,11.0,1.0,0.9166667,0.083333336,0.08333331,0.01934236,0.0016118633,1,0,0,0,0
31918,-1,0,5.947704,0.9973949,1,1,unassigned,9.0,9.0,0.0,1.0,0.0,0.0,0.013539651,0.0,0,0,0,1,1
31919,-1,1,-0.5919423,0.35618934,0,1,unassigned,44.0,36.0,8.0,0.8181818,0.18181819,0.18181819,0.08123791,0.01477053,1,0,0,0,0
31920,0,1,-0.61838526,0.35014877,0,0,unassigned,16.0,16.0,0.0,1.0,0.0,0.0,0.027079303,0.0,1,0,1,0,0
31921,-1,0,2.1871288,0.8990877,1,1,unassigned,8.0,8.0,0.0,1.0,0.0,0.0,0.0116054155,0.0,0,0,0,1,0
31922,-1,0,0.92736155,0.7165397,1,1,unassigned,8.0,8.0,0.0,1.0,0.0,0.0,0.0116054155,0.0,0,0,0,1,0
31923,-1,1,0.4738322,0.6162904,1,1,unassigned,25.0,24.0,1.0,0.96,0.04,0.04000002,0.044487428,0.001779497,1,0,0,1,0
31924,-1,1,5.4632297,0.9957781,1,1,unassigned,5.0,5.0,0.0,1.0,0.0,0.0,0.0058027077,0.0,1,0,0,1,1
31925,-1,0,12.210657,0.999995,1,1,unassigned,2.0,2.0,0.0,1.0,0.0,0.0,0.0,0.0,0,0,0,1,1
31926,0,0,0.78962773,0.68775135,1,1,unassigned,8.0,8.0,0.0,1.0,0.0,0.0,0.0116054155,0.0,0,0,0,1,0
31927,-1,0,1.6323545,0.83649194,1,1,unassigned,10.0,6.0,4.0,0.6,0.4,0.39999998,0.015473888,0.0061895554,0,0,0,1,0
31928,-1,1,0.11854178,0.5296008,1,1,unassigned,4.0,3.0,1.0,0.75,0.25,0.25,0.003868472,0.000967118,1,0,0,1,0
31929,-1,0,2.3287923,0.9112337,1,1,unassigned,8.0,8.0,0.0,1.0,0.0,0.0,0.0116054155,0.0,0,0,0,1,1
31930,-1,0,2.1346648,0.894227,1,1,unassigned,3.0,3.0,0.0,1.0,0.0,0.0,0.001934236,0.0,0,0,0,1,0
31931,-1,0,4.023543,0.9824249,1,1,unassigned,5.0,5.0,0.0,1.0,0.0,0.0,0.0058027077,0.0,0,0,0,1,1
31932,-1,0,-0.502639,0.37692067,0,1,unassigned,90.0,89.0,1.0,0.98888886,0.011111111,0.01111114,0.17021276,0.0018912529,0,0,0,0,0
31933,1,0,5.901604,0.99727243,1,0,unassigned,7.0,7.0,0.0,1.0,0.0,0.0,0.00967118,0.0,0,0,1,1,1
31934,-1,0,0.23881298,0.5594211,1,1,unassigned,2.0,2.0,0.0,1.0,0.0,0.0,0.0,0.0,0,0,0,1,0
31935,-1,0,-0.31238565,0.42253256,0,1,unassigned,7.0,7.0,0.0,1.0,0.0,0.0,0.00967118,0.0,0,0,0,0,0
31936,-1,0,-0.6815015,0.33592626,0,1,unassigned,31.0,30.0,1.0,0.9677419,0.032258064,0.032258093,0.056092843,0.0018094465,0,0,0,0,0
31937,-1,0,-0.83134365,0.30336103,0,1,unassigned,36.0,36.0,0.0,1.0,0.0,0.0,0.065764025,0.0,0,0,0,0,0
31938,0,0,-0.44520184,0.39050215,0,0,val,10.0,10.0,0.0,1.0,0.0,0.0,0.015473888,0.0,0,0,1,0,0
31939,-1,1,-0.19571024,0.451228,0,1,unassigned,3.0,3.0,0.0,1.0,0.0,0.0,0.001934236,0.0,1,0,0,0,0
31940,-1,0,-0.24158299,0.43989632,0,1,unassigned,9.0,9.0,0.0,1.0,0.0,0.0,0.013539651,0.0,0,0,0,0,0
31941,-1,1,-0.7839767,0.31346345,0,1,unassigned,66.0,65.0,1.0,0.9848485,0.015151516,0.015151501,0.123791106,0.0018756229,1,0,0,0,0
31942,-1,1,-0.15875188,0.46039516,0,1,unassigned,6.0,6.0,0.0,1.0,0.0,0.0,0.007736944,0.0,1,0,0,0,0
31943,-1,0,3.9513085,0.9811333,1,1,unassigned,3.0,3.0,0.0,1.0,0.0,0.0,0.001934236,0.0,0,0,0,1,1
31944,-1,0,2.50697,0.92462903,1,1,unassigned,11.0,11.0,0.0,1.0,0.0,0.0,0.017408123,0.0,0,0,0,1,1
31945,-1,1,5.0746274,0.9937855,1,1,unassigned,50.0,45.0,5.0,0.9,0.1,0.100000024,0.092843324,0.009284332,1,0,0,1,1
31946,0,0,-0.6598534,0.34077254,0,0,unassigned,13.0,13.0,0.0,1.0,0.0,0.0,0.021276595,0.0,0,0,1,0,0
31947,-1,0,7.2057924,0.9992582,1,1,unassigned,19.0,18.0,1.0,0.94736844,0.05263158,0.052631557,0.032882012,0.0017306323,0,0,0,1,1
31948,-1,0,2.5719411,0.92903376,1,1,unassigned,4.0,3.0,1.0,0.75,0.25,0.25,0.003868472,0.000967118,0,0,0,1,1
31949,-1,0,5.0853176,0.99385107,1,1,unassigned,3.0,3.0,0.0,1.0,0.0,0.0,0.001934236,0.0,0,0,0,1,1
31950,1,1,-0.13313735,0.46676472,0,1,val,6.0,6.0,0.0,1.0,0.0,0.0,0.007736944,0.0,1,0,0,0,0
31951,-1,0,-0.18065506,0.45495868,0,1,unassigned,20.0,20.0,0.0,1.0,0.0,0.0,0.034816246,0.0,0,0,0,0,0
31952,0,0,-0.3371001,0.41651404,0,0,unassigned,22.0,22.0,0.0,1.0,0.0,0.0,0.03868472,0.0,0,0,1,0,0
31953,-1,0,3.269828,0.9633791,1,1,unassigned,14.0,13.0,1.0,0.9285714,0.071428575,0.0714286,0.023210831,0.0016579166,0,0,0,1,1
31954,-1,0,0.46815413,0.6149468,1,1,unassigned,10.0,10.0,0.0,1.0,0.0,0.0,0.015473888,0.0,0,0,0,1,0
31955,-1,1,0.47008377,0.6154036,1,1,unassigned,7.0,1.0,6.0,0.14285715,0.85714287,0.85714287,0.00967118,0.008289583,1,1,0,1,0
31956,-1,1,0.011042774,0.50276065,1,1,unassigned,8.0,8.0,0.0,1.0,0.0,0.0,0.0116054155,0.0,1,0,0,1,0
31957,-1,1,-0.56188595,0.3631112,0,1,unassigned,7.0,6.0,1.0,0.85714287,0.14285715,0.14285713,0.00967118,0.0013815971,1,0,0,0,0
31958,-1,0,0.6261361,0.6516128,1,1,unassigned,10.0,10.0,0.0,1.0,0.0,0.0,0.015473888,0.0,0,0,0,1,0
31959,-1,0,0.4521014,0.61113876,1,1,unassigned,7.0,5.0,2.0,0.71428573,0.2857143,0.28571427,0.00967118,0.0027631943,0,0,0,1,0
31960,-1,1,5.1910367,0.9944646,1,1,unassigned,6.0,6.0,0.0,1.0,0.0,0.0,0.007736944,0.0,1,0,0,1,1
31961,-1,1,3.3034852,0.9645482,1,1,unassigned,3.0,1.0,2.0,0.33333334,0.6666667,0.6666666,0.001934236,0.0012894907,1,0,0,1,1
31962,-1,0,0.4720419,0.61586696,1,1,unassigned,4.0,4.0,0.0,1.0,0.0,0.0,0.003868472,0.0,0,0,0,1,0
31963,-1,0,-0.5161059,0.37376326,0,1,unassigned,12.0,6.0,6.0,0.5,0.5,0.5,0.01934236,0.00967118,0,0,0,0,0
31964,0,1,0.627405,0.6519008,1,1,val,74.0,65.0,9.0,0.8783784,0.12162162,0.12162161,0.13926499,0.016937634,1,0,0,1,0
31965,-1,0,1.6874793,0.84389234,1,1,unassigned,17.0,17.0,0.0,1.0,0.0,0.0,0.029013539,0.0,0,0,0,1,0
31966,1,0,2.3185542,0.9104021,1,0,unassigned,5.0,4.0,1.0,0.8,0.2,0.19999999,0.0058027077,0.0011605415,0,0,1,1,1
31967,-1,0,1.9211018,0.8722612,1,1,unassigned,34.0,31.0,3.0,0.9117647,0.0882353,0.08823532,0.061895553,0.0054613724,0,0,0,1,0
31968,-1,0,-0.7065866,0.33035353,0,1,unassigned,19.0,19.0,0.0,1.0,0.0,0.0,0.032882012,0.0,0,0,0,0,0
31969,-1,0,1.6383908,0.83731586,1,1,unassigned,3.0,2.0,1.0,0.6666667,0.33333334,0.3333333,0.001934236,0.00064474536,0,0,0,1,0
31970,0,0,0.59752136,0.64508903,1,1,val,16.0,16.0,0.0,1.0,0.0,0.0,0.027079303,0.0,0,0,0,1,0
31971,-1,1,-0.6639721,0.33984792,0,1,unassigned,92.0,88.0,4.0,0.95652175,0.04347826,0.04347825,0.17408124,0.0075687496,1,0,0,0,0
31972,-1,0,-0.81600225,0.30661294,0,1,unassigned,69.0,69.0,0.0,1.0,0.0,0.0,0.1295938,0.0,0,0,0,0,0
31973,-1,0,-0.622108,0.34930217,0,1,unassigned,60.0,60.0,0.0,1.0,0.0,0.0,0.11218569,0.0,0,0,0,0,0
31974,1,1,-0.9407213,0.28075466,0,1,val,22.0,20.0,2.0,0.90909094,0.09090909,0.090909064,0.03868472,0.0035167928,1,0,0,0,0
31975,-1,1,-0.9166799,0.28563488,0,1,unassigned,12.0,12.0,0.0,1.0,0.0,0.0,0.01934236,0.0,1,0,0,0,0
31976,-1,0,-0.088502645,0.47788876,0,1,unassigned,4.0,4.0,0.0,1.0,0.0,0.0,0.003868472,0.0,0,0,0,0,0
31977,0,1,0.10269517,0.5256512,1,1,unassigned,6.0,1.0,5.0,0.16666667,0.8333333,0.8333333,0.007736944,0.0064474535,1,1,0,1,0
31978,1,0,5.0209527,0.99344504,1,0,test,24.0,7.0,17.0,0.29166666,0.7083333,0.7083334,0.04255319,0.030141842,0,0,1,1,1
31979,-1,0,2.8693419,0.9463099,1,1,unassigned,19.0,19.0,0.0,1.0,0.0,0.0,0.032882012,0.0,0,0,0,1,1
31980,-1,1,-0.75253326,0.32026955,0,1,unassigned,11.0,10.0,1.0,0.90909094,0.09090909,0.090909064,0.017408123,0.0015825568,1,0,0,0,0
31981,-1,0,4.190206,0.98508275,1,1,unassigned,17.0,13.0,4.0,0.7647059,0.23529412,0.2352941,0.029013539,0.006826715,0,0,0,1,1
31982,-1,0,-0.2250908,0.4439637,0,1,unassigned,6.0,6.0,0.0,1.0,0.0,0.0,0.007736944,0.0,0,0,0,0,0
31983,-1,0,-0.72583646,0.32610905,0,1,unassigned,4.0,4.0,0.0,1.0,0.0,0.0,0.003868472,0.0,0,0,0,0,0
31984,1,0,-0.4745495,0.38354003,0,1,val,3.0,3.0,0.0,1.0,0.0,0.0,0.001934236,0.0,0,0,0,0,0
31985,-1,1,1.5934234,0.8310972,1,1,unassigned,41.0,38.0,3.0,0.9268293,0.07317073,0.07317072,0.07543521,0.005519649,1,0,0,1,0
31986,-1,0,0.6021021,0.6461371,1,1,unassigned,10.0,8.0,2.0,0.8,0.2,0.19999999,0.015473888,0.0030947777,0,0,0,1,0
31987,-1,0,3.408636,0.96797335,1,1,unassigned,6.0,3.0,3.0,0.5,0.5,0.5,0.007736944,0.003868472,0,0,0,1,1
31988,1,0,6.201039,0.99797684,1,0,test,44.0,35.0,9.0,0.79545456,0.20454545,0.20454544,0.08123791,0.016616846,0,0,1,1,1
31989,-1,0,3.2549522,0.96285063,1,1,unassigned,16.0,15.0,1.0,0.9375,0.0625,0.0625,0.027079303,0.0016924564,0,0,0,1,1
31990,1,0,11.313974,0.99998784,1,0,unassigned,2.0,1.0,1.0,0.5,0.5,0.5,0.0,0.0,0,0,1,1,1
31991,-1,0,2.7960303,0.9424609,1,1,unassigned,16.0,16.0,0.0,1.0,0.0,0.0,0.027079303,0.0,0,0,0,1,1
31992,-1,1,-0.58136904,0.35861763,0,1,unassigned,2.0,2.0,0.0,1.0,0.0,0.0,0.0,0.0,1,0,0,0,0
31993,-1,1,-0.9277545,0.2833805,0,1,unassigned,18.0,18.0,0.0,1.0,0.0,0.0,0.030947777,0.0,1,0,0,0,0
31994,-1,1,-0.4895216,0.38000628,0,1,unassigned,2.0,2.0,0.0,1.0,0.0,0.0,0.0,0.0,1,0,0,0,0
31995,-1,1,-0.5143683,0.37417004,0,1,unassigned,2.0,2.0,0.0,1.0,0.0,0.0,0.0,0.0,1,0,0,0,0
31996,-1,0,2.54623,0.9273199,1,1,unassigned,36.0,34.0,2.0,0.9444444,0.055555556,0.055555582,0.065764025,0.003653557,0,0,0,1,1
31997,-1,0,6.6974463,0.9987675,1,1,unassigned,31.0,28.0,3.0,0.9032258,0.09677419,0.09677422,0.056092843,0.0054283394,0,0,0,1,1
31998,-1,0,-0.06726158,0.48319092,0,1,unassigned,27.0,24.0,3.0,0.8888889,0.11111111,0.111111104,0.0483559,0.0053728777,0,0,0,0,0
31999,1,0,-0.045450747,0.48863927,0,1,unassigned,13.0,13.0,0.0,1.0,0.0,0.0,0.021276595,0.0,0,0,0,0,0
32000,0,1,-0.6660901,0.33937287,0,0,unassigned,5.0,5.0,0.0,1.0,0.0,0.0,0.0058027077,0.0,1,0,1,0,0
32001,-1,0,0.08054656,0.52012575,1,1,unassigned,3.0,3.0,0.0,1.0,0.0,0.0,0.001934236,0.0,0,0,0,1,0
32002,0,0,-0.55655,0.3643461,0,0,val,18.0,18.0,0.0,1.0,0.0,0.0,0.030947777,0.0,0,0,1,0,0
32003,-1,0,-0.016879976,0.49578014,0,1,unassigned,39.0,39.0,0.0,1.0,0.0,0.0,0.07156673,0.0,0,0,0,0,0
32004,-1,0,-0.34820274,0.41381833,0,1,unassigned,25.0,25.0,0.0,1.0,0.0,0.0,0.044487428,0.0,0,0,0,0,0
32005,-1,0,-0.6812487,0.33598265,0,1,unassigned,25.0,25.0,0.0,1.0,0.0,0.0,0.044487428,0.0,0,0,0,0,0
32006,-1,1,0.31184393,0.5773353,1,1,unassigned,4.0,4.0,0.0,1.0,0.0,0.0,0.003868472,0.0,1,0,0,1,0
32007,-1,0,3.1235454,0.9578536,1,1,unassigned,14.0,14.0,0.0,1.0,0.0,0.0,0.023210831,0.0,0,0,0,1,1
32008,-1,1,0.9529076,0.72169954,1,1,unassigned,2.0,2.0,0.0,1.0,0.0,0.0,0.0,0.0,1,0,0,1,0
32009,-1,0,-0.7449689,0.32191855,0,1,unassigned,30.0,30.0,0.0,1.0,0.0,0.0,0.054158606,0.0,0,0,0,0,0
32010,-1,1,-0.27463895,0.43176863,0,1,unassigned,2.0,2.0,0.0,1.0,0.0,0.0,0.0,0.0,1,0,0,0,0
32011,-1,0,-0.48967612,0.37996984,0,1,unassigned,22.0,20.0,2.0,0.90909094,0.09090909,0.090909064,0.03868472,0.0035167928,0,0,0,0,0
32012,-1,0,-0.77483106,0.315435,0,1,unassigned,27.0,25.0,2.0,0.9259259,0.074074075,0.07407409,0.0483559,0.0035819185,0,0,0,0,0
32013,0,1,-0.50513124,0.37633553,0,0,unassigned,8.0,8.0,0.0,1.0,0.0,0.0,0.0116054155,0.0,1,0,1,0,0
32014,-1,1,-0.8918314,0.29073206,0,1,unassigned,37.0,37.0,0.0,1.0,0.0,0.0,0.06769826,0.0,1,0,0,0,0
32015,-1,1,-0.34669662,0.41418368,0,1,unassigned,10.0,10.0,0.0,1.0,0.0,0.0,0.015473888,0.0,1,0,0,0,0
32016,-1,0,-0.91233206,0.28652287,0,1,unassigned,53.0,50.0,3.0,0.9433962,0.056603774,0.05660379,0.09864604,0.005583738,0,0,0,0,0
32017,-1,1,1.0884848,0.7480963,1,1,unassigned,7.0,3.0,4.0,0.42857143,0.5714286,0.57142854,0.00967118,0.0055263885,1,0,0,1,0
32018,1,0,1.707186,0.8464709,1,0,unassigned,6.0,5.0,1.0,0.8333333,0.16666667,0.16666669,0.007736944,0.0012894907,0,0,1,1,0
32019,-1,0,2.1427052,0.89498514,1,1,unassigned,2.0,2.0,0.0,1.0,0.0,0.0,0.0,0.0,0,0,0,1,0
32020,-1,0,1.5223906,0.8208902,1,1,unassigned,3.0,3.0,0.0,1.0,0.0,0.0,0.001934236,0.0,0,0,0,1,0
32021,-1,0,0.025062859,0.5062654,1,1,unassigned,2.0,2.0,0.0,1.0,0.0,0.0,0.0,0.0,0,0,0,1,0
32022,-1,0,1.419642,0.8052823,1,1,unassigned,44.0,39.0,5.0,0.8863636,0.11363637,0.113636374,0.08123791,0.009231581,0,0,0,1,0
32023,1,0,-0.1808492,0.45491052,0,1,unassigned,3.0,1.0,2.0,0.33333334,0.6666667,0.6666666,0.001934236,0.0012894907,0,0,0,0,0
32024,0,0,0.032782495,0.5081949,1,1,val,2.0,2.0,0.0,1.0,0.0,0.0,0.0,0.0,0,0,0,1,0
32025,-1,1,5.959461,0.9974253,1,1,unassigned,2.0,2.0,0.0,1.0,0.0,0.0,0.0,0.0,1,0,0,1,1
32026,-1,1,-0.40190685,0.4008543,0,1,unassigned,2.0,2.0,0.0,1.0,0.0,0.0,0.0,0.0,1,0,0,0,0
32027,-1,0,1.9416132,0.87452924,1,1,unassigned,5.0,5.0,0.0,1.0,0.0,0.0,0.0058027077,0.0,0,0,0,1,0
32028,-1,0,-0.44034132,0.39165962,0,1,unassigned,30.0,30.0,0.0,1.0,0.0,0.0,0.054158606,0.0,0,0,0,0,0
32029,1,1,4.2924705,0.9865132,1,0,unassigned,3.0,2.0,1.0,0.6666667,0.33333334,0.3333333,0.001934236,0.00064474536,1,0,1,1,1
32030,-1,0,-0.8048272,0.30899388,0,1,unassigned,19.0,18.0,1.0,0.94736844,0.05263158,0.052631557,0.032882012,0.0017306323,0,0,0,0,0
32031,-1,0,-0.814754,0.30687836,0,1,unassigned,32.0,32.0,0.0,1.0,0.0,0.0,0.058027077,0.0,0,0,0,0,0
32032,-1,0,-0.9735477,0.27417392,0,1,unassigned,19.0,18.0,1.0,0.94736844,0.05263158,0.052631557,0.032882012,0.0017306323,0,0,0,0,0
32033,-1,0,-0.8216509,0.3054133,0,1,unassigned,13.0,12.0,1.0,0.9230769,0.07692308,0.07692307,0.021276595,0.0016366612,0,0,0,0,0
32034,-1,0,-0.38128394,0.40581727,0,1,unassigned,9.0,9.0,0.0,1.0,0.0,0.0,0.013539651,0.0,0,0,0,0,0
32035,-1,1,-0.101665795,0.4746054,0,1,unassigned,7.0,5.0,2.0,0.71428573,0.2857143,0.28571427,0.00967118,0.0027631943,1,0,0,0,0
32036,-1,0,1.7051709,0.8462089,1,1,unassigned,5.0,4.0,1.0,0.8,0.2,0.19999999,0.0058027077,0.0011605415,0,0,0,1,0
32037,-1,1,-0.6751353,0.33734792,0,1,unassigned,10.0,9.0,1.0,0.9,0.1,0.100000024,0.015473888,0.0015473888,1,0,0,0,0
32038,-1,1,2.5339563,0.9264882,1,1,unassigned,2.0,2.0,0.0,1.0,0.0,0.0,0.0,0.0,1,0,0,1,1
32039,-1,0,-0.6430315,0.3445616,0,1,unassigned,20.0,20.0,0.0,1.0,0.0,0.0,0.034816246,0.0,0,0,0,0,0
32040,-1,0,4.3345947,0.9870624,1,1,unassigned,18.0,15.0,3.0,0.8333333,0.16666667,0.16666669,0.030947777,0.005157963,0,0,0,1,1
32041,-1,0,3.6133287,0.97374594,1,1,unassigned,12.0,11.0,1.0,0.9166667,0.083333336,0.08333331,0.01934236,0.0016118633,0,0,0,1,1
32042,0,0,2.3001316,0.90888786,1,1,test,2.0,1.0,1.0,0.5,0.5,0.5,0.0,0.0,0,0,0,1,1
32043,1,0,-0.2625247,0.4347432,0,1,val,2.0,2.0,0.0,1.0,0.0,0.0,0.0,0.0,0,0,0,0,0
32044,-1,0,0.35323554,0.587402,1,1,unassigned,3.0,3.0,0.0,1.0,0.0,0.0,0.001934236,0.0,0,0,0,1,0
32045,-1,0,1.1638522,0.762032,1,1,unassigned,2.0,2.0,0.0,1.0,0.0,0.0,0.0,0.0,0,0,0,1,0
32046,0,0,-0.9310812,0.28270543,0,0,unassigned,16.0,15.0,1.0,0.9375,0.0625,0.0625,0.027079303,0.0016924564,0,0,1,0,0
32047,-1,0,1.8644192,0.8658112,1,1,unassigned,3.0,3.0,0.0,1.0,0.0,0.0,0.001934236,0.0,0,0,0,1,0
32048,-1,0,-0.36592746,0.40952545,0,1,unassigned,4.0,4.0,0.0,1.0,0.0,0.0,0.003868472,0.0,0,0,0,0,0
32049,-1,1,4.7520204,0.9914397,1,1,unassigned,4.0,2.0,2.0,0.5,0.5,0.5,0.003868472,0.001934236,1,0,0,1,1
32050,-1,1,-0.84972656,0.2994902,0,1,unassigned,22.0,20.0,2.0,0.90909094,0.09090909,0.090909064,0.03868472,0.0035167928,1,0,0,0,0
32051,-1,0,-0.016266823,0.49593338,0,1,unassigned,17.0,16.0,1.0,0.9411765,0.05882353,0.058823526,0.029013539,0.0017066788,0,0,0,0,0
32052,1,1,8.360111,0.99976605,1,0,unassigned,2.0,2.0,0.0,1.0,0.0,0.0,0.0,0.0,1,0,1,1,1
32053,-1,1,-0.9267992,0.28357455,0,1,unassigned,30.0,29.0,1.0,0.96666664,0.033333335,0.03333336,0.054158606,0.001805287,1,0,0,0,0
32054,1,1,-0.6528785,0.34234115,0,1,unassigned,26.0,16.0,10.0,0.61538464,0.3846154,0.38461536,0.046421662,0.017854486,1,0,0,0,0
32055,-1,1,0.45462006,0.61173713,1,1,unassigned,32.0,32.0,0.0,1.0,0.0,0.0,0.058027077,0.0,1,0,0,1,0
32056,-1,1,-0.5941174,0.3556907,0,1,unassigned,49.0,48.0,1.0,0.97959185,0.020408163,0.020408154,0.09090909,0.0018552876,1,0,0,0,0
32057,-1,1,-0.8236835,0.3049823,0,1,unassigned,74.0,74.0,0.0,1.0,0.0,0.0,0.13926499,0.0,1,0,0,0,0
32058,-1,0,-0.37178612,0.40810952,0,1,unassigned,6.0,6.0,0.0,1.0,0.0,0.0,0.007736944,0.0,0,0,0,0,0
32059,-1,1,-0.53099906,0.3702839,0,1,unassigned,11.0,11.0,0.0,1.0,0.0,0.0,0.017408123,0.0,1,0,0,0,0
32060,-1,1,-0.7745319,0.31549957,0,1,unassigned,122.0,120.0,2.0,0.9836066,0.016393442,0.016393423,0.23210831,0.0038050541,1,0,0,0,0
32061,-1,1,0.061612904,0.5153983,1,1,unassigned,52.0,52.0,0.0,1.0,0.0,0.0,0.0967118,0.0,1,0,0,1,0
32062,-1,0,0.83280855,0.6969484,1,1,unassigned,2.0,1.0,1.0,0.5,0.5,0.5,0.0,0.0,0,0,0,1,0
32063,-1,1,-0.6412061,0.34497398,0,1,unassigned,79.0,76.0,3.0,0.96202534,0.03797468,0.037974656,0.14893617,0.0056558037,1,0,0,0,0
32064,-1,1,1.3260274,0.79018277,1,1,unassigned,11.0,11.0,0.0,1.0,0.0,0.0,0.017408123,0.0,1,0,0,1,0
32065,-1,0,0.04597038,0.5114906,1,1,unassigned,4.0,4.0,0.0,1.0,0.0,0.0,0.003868472,0.0,0,0,0,1,0
32066,-1,1,4.968162,0.9930922,1,1,unassigned,9.0,8.0,1.0,0.8888889,0.11111111,0.111111104,0.013539651,0.0015044058,1,0,0,1,1
32067,1,0,2.213496,0.9014549,1,0,val,3.0,3.0,0.0,1.0,0.0,0.0,0.001934236,0.0,0,0,1,1,1
32068,-1,1,-0.601516,0.3539969,0,1,unassigned,4.0,3.0,1.0,0.75,0.25,0.25,0.003868472,0.000967118,1,0,0,0,0
32069,-1,1,-0.7360362,0.32387152,0,1,unassigned,12.0,12.0,0.0,1.0,0.0,0.0,0.01934236,0.0,1,0,0,0,0
32070,-1,1,5.47821,0.9958405,1,1,unassigned,2.0,2.0,0.0,1.0,0.0,0.0,0.0,0.0,1,0,0,1,1
32071,-1,0,-0.4993686,0.37768903,0,1,unassigned,5.0,4.0,1.0,0.8,0.2,0.19999999,0.0058027077,0.0011605415,0,0,0,0,0
32072,-1,1,-0.17545259,0.45624906,0,1,unassigned,22.0,20.0,2.0,0.90909094,0.09090909,0.090909064,0.03868472,0.0035167928,1,0,0,0,0
32073,-1,1,0.32679915,0.58098036,1,1,unassigned,14.0,14.0,0.0,1.0,0.0,0.0,0.023210831,0.0,1,0,0,1,0
32074,-1,1,0.92736727,0.7165408,1,1,unassigned,2.0,2.0,0.0,1.0,0.0,0.0,0.0,0.0,1,0,0,1,0
32075,-1,1,-0.42566925,0.39516094,0,1,unassigned,48.0,47.0,1.0,0.9791667,0.020833334,0.020833313,0.088974856,0.0018536429,1,0,0,0,0
32076,-1,0,-0.9053834,0.28794545,0,1,unassigned,31.0,30.0,1.0,0.9677419,0.032258064,0.032258093,0.056092843,0.0018094465,0,0,0,0,0
32077,-1,0,-0.8664211,0.29599953,0,1,unassigned,7.0,6.0,1.0,0.85714287,0.14285715,0.14285713,0.00967118,0.0013815971,0,0,0,0,0
32078,-1,1,-0.6871522,0.3346669,0,1,unassigned,99.0,98.0,1.0,0.989899,0.01010101,0.01010102,0.1876209,0.0018951605,1,0,0,0,0
32079,1,1,-0.7236884,0.32658127,0,1,train,111.0,110.0,1.0,0.990991,0.009009009,0.009009004,0.21083172,0.0018993849,1,0,0,0,0
32080,-1,1,-0.7978558,0.31048438,0,1,unassigned,79.0,74.0,5.0,0.93670887,0.06329114,0.06329113,0.14893617,0.0094263395,1,0,0,0,0
32081,-1,0,1.7724993,0.8547682,1,1,unassigned,7.0,6.0,1.0,0.85714287,0.14285715,0.14285713,0.00967118,0.0013815971,0,0,0,1,0
32082,-1,0,-0.094432384,0.47640944,0,1,unassigned,7.0,7.0,0.0,1.0,0.0,0.0,0.00967118,0.0,0,0,0,0,0
32083,-1,1,-0.85914457,0.2975181,0,1,unassigned,73.0,73.0,0.0,1.0,0.0,0.0,0.13733076,0.0,1,0,0,0,0
32084,-1,1,-0.21631807,0.44613037,0,1,unassigned,63.0,63.0,0.0,1.0,0.0,0.0,0.11798839,0.0,1,0,0,0,0
32085,-1,1,0.749204,0.67900527,1,1,unassigned,105.0,103.0,2.0,0.9809524,0.01904762,0.019047618,0.1992263,0.003794787,1,0,0,1,0
32086,-1,1,-0.50287527,0.3768652,0,1,unassigned,18.0,18.0,0.0,1.0,0.0,0.0,0.030947777,0.0,1,0,0,0,0
32087,-1,0,-0.8720192,0.29483432,0,1,unassigned,4.0,4.0,0.0,1.0,0.0,0.0,0.003868472,0.0,0,0,0,0,0
32088,-1,0,-0.9911382,0.2706873,0,1,unassigned,19.0,19.0,0.0,1.0,0.0,0.0,0.032882012,0.0,0,0,0,0,0
32089,-1,0,-0.2716874,0.43249288,0,1,unassigned,6.0,2.0,4.0,0.33333334,0.6666667,0.6666666,0.007736944,0.005157963,0,0,0,0,0
32090,-1,0,-0.9018257,0.28867546,0,1,unassigned,4.0,4.0,0.0,1.0,0.0,0.0,0.003868472,0.0,0,0,0,0,0
32091,-1,1,0.3938946,0.5972199,1,1,unassigned,22.0,22.0,0.0,1.0,0.0,0.0,0.03868472,0.0,1,0,0,1,0
32092,-1,1,1.0053086,0.732101,1,1,unassigned,53.0,52.0,1.0,0.9811321,0.018867925,0.01886791,0.09864604,0.0018612461,1,0,0,1,0
32093,-1,1,-0.23443735,0.4416576,0,1,unassigned,51.0,49.0,2.0,0.9607843,0.039215688,0.039215684,0.09477756,0.0037167673,1,0,0,0,0
32094,-1,1,0.027212381,0.5068027,1,1,unassigned,73.0,71.0,2.0,0.9726027,0.02739726,0.027397275,0.13733076,0.0037624864,1,0,0,1,0
32095,-1,1,-0.80627435,0.30868497,0,1,unassigned,80.0,80.0,0.0,1.0,0.0,0.0,0.15087041,0.0,1,0,0,0,0
32096,-1,1,-0.86414707,0.29647362,0,1,unassigned,95.0,95.0,0.0,1.0,0.0,0.0,0.17988394,0.0,1,0,0,0,0
32097,-1,1,-0.71192443,0.32917374,0,1,unassigned,58.0,58.0,0.0,1.0,0.0,0.0,0.10831721,0.0,1,0,0,0,0
32098,-1,1,5.945088,0.9973882,1,1,unassigned,3.0,3.0,0.0,1.0,0.0,0.0,0.001934236,0.0,1,0,0,1,1
32099,-1,0,-0.3371607,0.41649932,0,1,unassigned,139.0,136.0,3.0,0.9784173,0.021582734,0.021582723,0.26499033,0.0057192156,0,0,0,0,0
32100,-1,1,-0.15640092,0.46097928,0,1,unassigned,33.0,31.0,2.0,0.93939394,0.060606062,0.060606062,0.059961315,0.0036340193,1,0,0,0,0
32101,0,1,0.012297332,0.5030743,1,1,val,17.0,17.0,0.0,1.0,0.0,0.0,0.029013539,0.0,1,0,0,1,0
32102,-1,0,-0.5581937,0.36396548,0,1,unassigned,11.0,9.0,2.0,0.8181818,0.18181819,0.18181819,0.017408123,0.0031651135,0,0,0,0,0
32103,-1,1,-0.45692635,0.38771522,0,1,unassigned,2.0,2.0,0.0,1.0,0.0,0.0,0.0,0.0,1,0,0,0,0
32104,-1,1,0.12559313,0.53135705,1,1,unassigned,13.0,12.0,1.0,0.9230769,0.07692308,0.07692307,0.021276595,0.0016366612,1,0,0,1,0
32105,-1,0,1.0952444,0.74936795,1,1,unassigned,3.0,3.0,0.0,1.0,0.0,0.0,0.001934236,0.0,0,0,0,1,0
32106,-1,0,3.7097905,0.9761025,1,1,unassigned,3.0,3.0,0.0,1.0,0.0,0.0,0.001934236,0.0,0,0,0,1,1
32107,-1,1,1.1353488,0.7568246,1,1,unassigned,2.0,2.0,0.0,1.0,0.0,0.0,0.0,0.0,1,0,0,1,0
32108,-1,0,3.8552039,0.97926956,1,1,unassigned,12.0,6.0,6.0,0.5,0.5,0.5,0.01934236,0.00967118,0,0,0,1,1
32109,-1,1,-0.9873101,0.27144372,0,1,unassigned,5.0,5.0,0.0,1.0,0.0,0.0,0.0058027077,0.0,1,0,0,0,0
32110,0,1,-0.5437369,0.36731872,0,0,unassigned,52.0,47.0,5.0,0.90384614,0.09615385,0.096153855,0.0967118,0.009299211,1,0,1,0,0
32111,-1,0,-1.0460143,0.2599912,0,1,unassigned,2.0,2.0,0.0,1.0,0.0,0.0,0.0,0.0,0,0,0,0,0
32112,-1,1,-0.23421687,0.441712,0,1,unassigned,2.0,2.0,0.0,1.0,0.0,0.0,0.0,0.0,1,0,0,0,0
32113,-1,1,1.1720536,0.76351595,1,1,unassigned,11.0,10.0,1.0,0.90909094,0.09090909,0.090909064,0.017408123,0.0015825568,1,0,0,1,0
32114,-1,1,3.0708148,0.9556727,1,1,unassigned,5.0,5.0,0.0,1.0,0.0,0.0,0.0058027077,0.0,1,0,0,1,1
32115,-1,0,0.116018236,0.528972,1,1,unassigned,3.0,3.0,0.0,1.0,0.0,0.0,0.001934236,0.0,0,0,0,1,0
32116,-1,1,-0.10654065,0.47338998,0,1,unassigned,20.0,9.0,11.0,0.45,0.55,0.55,0.034816246,0.019148936,1,0,0,0,0
32117,0,1,-0.18752798,0.4532549,0,0,test,23.0,22.0,1.0,0.95652175,0.04347826,0.04347825,0.040618956,0.0017660416,1,0,1,0,0
32118,-1,0,11.36793,0.99998844,1,1,unassigned,4.0,3.0,1.0,0.75,0.25,0.25,0.003868472,0.000967118,0,0,0,1,1
32119,-1,1,4.746777,0.99139506,1,1,unassigned,6.0,6.0,0.0,1.0,0.0,0.0,0.007736944,0.0,1,0,0,1,1
32120,-1,0,1.8910372,0.8688738,1,1,unassigned,3.0,3.0,0.0,1.0,0.0,0.0,0.001934236,0.0,0,0,0,1,0
32121,-1,0,2.8979173,0.94774336,1,1,unassigned,2.0,2.0,0.0,1.0,0.0,0.0,0.0,0.0,0,0,0,1,1
32122,1,1,4.10406,0.9837625,1,0,val,2.0,2.0,0.0,1.0,0.0,0.0,0.0,0.0,1,0,1,1,1
32123,1,0,0.60235506,0.64619493,1,0,val,6.0,5.0,1.0,0.8333333,0.16666667,0.16666669,0.007736944,0.0012894907,0,0,1,1,0
32124,-1,1,2.497218,0.92394656,1,1,unassigned,4.0,3.0,1.0,0.75,0.25,0.25,0.003868472,0.000967118,1,0,0,1,1
32125,0,0,-3.0987067,0.043160632,0,0,unassigned,3.0,3.0,0.0,1.0,0.0,0.0,0.001934236,0.0,0,0,1,0,1
32126,-1,1,2.802866,0.9428305,1,1,unassigned,5.0,4.0,1.0,0.8,0.2,0.19999999,0.0058027077,0.0011605415,1,0,0,1,1
32127,-1,0,-0.15601277,0.46107572,0,1,unassigned,4.0,4.0,0.0,1.0,0.0,0.0,0.003868472,0.0,0,0,0,0,0
32128,-1,0,-0.5161237,0.37375906,0,1,unassigned,35.0,35.0,0.0,1.0,0.0,0.0,0.06382979,0.0,0,0,0,0,0
32129,-1,0,8.384118,0.99977154,1,1,unassigned,2.0,1.0,1.0,0.5,0.5,0.5,0.0,0.0,0,0,0,1,1
32130,-1,0,-0.44642276,0.3902116,0,1,unassigned,17.0,17.0,0.0,1.0,0.0,0.0,0.029013539,0.0,0,0,0,0,0
32131,-1,0,5.450731,0.99572515,1,1,unassigned,5.0,3.0,2.0,0.6,0.4,0.39999998,0.0058027077,0.002321083,0,0,0,1,1
32132,-1,0,1.1474307,0.7590413,1,1,unassigned,11.0,11.0,0.0,1.0,0.0,0.0,0.017408123,0.0,0,0,0,1,0
32133,-1,1,4.3829265,0.9876653,1,1,unassigned,3.0,2.0,1.0,0.6666667,0.33333334,0.3333333,0.001934236,0.00064474536,1,0,0,1,1
32134,-1,0,-0.46703598,0.38531804,0,1,unassigned,3.0,3.0,0.0,1.0,0.0,0.0,0.001934236,0.0,0,0,0,0,0
32135,-1,1,-0.8435656,0.30078435,0,1,unassigned,15.0,15.0,0.0,1.0,0.0,0.0,0.025145067,0.0,1,0,0,0,0
32136,-1,1,-0.33630013,0.4167085,0,1,unassigned,21.0,21.0,0.0,1.0,0.0,0.0,0.036750484,0.0,1,0,0,0,0
32137,-1,0,4.3226533,0.986909,1,1,unassigned,2.0,2.0,0.0,1.0,0.0,0.0,0.0,0.0,0,0,0,1,1
32138,-1,1,9.184301,0.99989736,1,1,unassigned,3.0,3.0,0.0,1.0,0.0,0.0,0.001934236,0.0,1,0,0,1,1
32139,-1,1,-0.91083384,0.28682923,0,1,unassigned,92.0,90.0,2.0,0.9782609,0.02173913,0.021739125,0.17408124,0.0037843748,1,0,0,0,0
32140,-1,0,2.2388437,0.90368384,1,1,unassigned,3.0,2.0,1.0,0.6666667,0.33333334,0.3333333,0.001934236,0.00064474536,0,0,0,1,1
32141,1,0,-0.048767388,0.48781055,0,1,unassigned,20.0,19.0,1.0,0.95,0.05,0.050000012,0.034816246,0.0017408123,0,0,0,0,0
32142,-1,0,1.7471349,0.85159105,1,1,unassigned,2.0,2.0,0.0,1.0,0.0,0.0,0.0,0.0,0,0,0,1,0
32143,-1,1,0.13564152,0.5338585,1,1,unassigned,32.0,31.0,1.0,0.96875,0.03125,0.03125,0.058027077,0.0018133462,1,0,0,1,0
32144,-1,1,0.64694864,0.65632254,1,1,unassigned,34.0,32.0,2.0,0.9411765,0.05882353,0.058823526,0.061895553,0.0036409148,1,0,0,1,0
32145,-1,1,-0.9936535,0.27019104,0,1,unassigned,8.0,7.0,1.0,0.875,0.125,0.125,0.0116054155,0.0014506769,1,0,0,0,0
32146,-1,1,1.4508495,0.81012917,1,1,unassigned,3.0,3.0,0.0,1.0,0.0,0.0,0.001934236,0.0,1,0,0,1,0
32147,-1,1,-0.84394944,0.30070364,0,1,unassigned,38.0,36.0,2.0,0.94736844,0.05263158,0.052631557,0.06963249,0.0036648682,1,0,0,0,0
32148,-1,0,8.3462715,0.99976283,1,1,unassigned,2.0,2.0,0.0,1.0,0.0,0.0,0.0,0.0,0,0,0,1,1
32149,-1,0,2.4879978,0.92329615,1,1,unassigned,10.0,9.0,1.0,0.9,0.1,0.100000024,0.015473888,0.0015473888,0,0,0,1,1
32150,1,1,-0.891915,0.29071477,0,1,val,25.0,21.0,4.0,0.84,0.16,0.16000003,0.044487428,0.007117988,1,0,0,0,0
32151,-1,0,0.2361399,0.55876213,1,1,unassigned,17.0,14.0,3.0,0.8235294,0.1764706,0.17647058,0.029013539,0.005120036,0,0,0,1,0
32152,-1,0,0.53997236,0.63180596,1,1,unassigned,5.0,5.0,0.0,1.0,0.0,0.0,0.0058027077,0.0,0,0,0,1,0
32153,0,1,0.03396851,0.5084913,1,1,unassigned,10.0,10.0,0.0,1.0,0.0,0.0,0.015473888,0.0,1,0,0,1,0
32154,0,1,-0.93958867,0.28098342,0,0,unassigned,64.0,62.0,2.0,0.96875,0.03125,0.03125,0.11992263,0.0037475822,1,0,1,0,0
32155,-1,1,2.3387249,0.9120338,1,1,unassigned,2.0,2.0,0.0,1.0,0.0,0.0,0.0,0.0,1,0,0,1,1
32156,-1,1,0.2508297,0.56238073,1,1,unassigned,2.0,2.0,0.0,1.0,0.0,0.0,0.0,0.0,1,0,0,1,0
32157,-1,0,0.066865385,0.5167101,1,1,unassigned,18.0,17.0,1.0,0.9444444,0.055555556,0.055555582,0.030947777,0.0017193209,0,0,0,1,0
32158,-1,1,-0.76531756,0.3174929,0,1,unassigned,56.0,54.0,2.0,0.96428573,0.035714287,0.03571427,0.10444874,0.0037303125,1,0,0,0,0
32159,-1,0,-0.3893863,0.40386504,0,1,unassigned,22.0,22.0,0.0,1.0,0.0,0.0,0.03868472,0.0,0,0,0,0,0
32160,-1,0,-1.3202338,0.2107794,0,1,unassigned,3.0,3.0,0.0,1.0,0.0,0.0,0.001934236,0.0,0,0,0,0,0
32161,-1,0,0.97675973,0.7264648,1,1,unassigned,15.0,15.0,0.0,1.0,0.0,0.0,0.025145067,0.0,0,0,0,1,0
32162,-1,1,-0.39363945,0.40284148,0,1,unassigned,26.0,25.0,1.0,0.96153843,0.03846154,0.038461566,0.046421662,0.0017854486,1,0,0,0,0
32163,-1,0,7.8053393,0.9995926,1,1,unassigned,2.0,2.0,0.0,1.0,0.0,0.0,0.0,0.0,0,0,0,1,1
32164,-1,1,-0.49732316,0.37816995,0,1,unassigned,40.0,40.0,0.0,1.0,0.0,0.0,0.07350097,0.0,1,0,0,0,0
32165,-1,1,-0.65266055,0.34239027,0,1,unassigned,38.0,38.0,0.0,1.0,0.0,0.0,0.06963249,0.0,1,0,0,0,0
32166,-1,1,-0.974203,0.27404356,0,1,unassigned,6.0,6.0,0.0,1.0,0.0,0.0,0.007736944,0.0,1,0,0,0,0
32167,1,0,2.8324177,0.9444027,1,0,val,4.0,4.0,0.0,1.0,0.0,0.0,0.003868472,0.0,0,0,1,1,1
32168,-1,1,8.860361,0.99985814,1,1,unassigned,2.0,2.0,0.0,1.0,0.0,0.0,0.0,0.0,1,0,0,1,1
32169,-1,1,1.998565,0.88064635,1,1,unassigned,13.0,13.0,0.0,1.0,0.0,0.0,0.021276595,0.0,1,0,0,1,0
32170,-1,0,1.1451263,0.7586196,1,1,unassigned,2.0,1.0,1.0,0.5,0.5,0.5,0.0,0.0,0,0,0,1,0
32171,-1,1,2.3977973,0.91665924,1,1,unassigned,24.0,21.0,3.0,0.875,0.125,0.125,0.04255319,0.005319149,1,0,0,1,1
32172,-1,0,-0.36809528,0.40900135,0,1,unassigned,23.0,23.0,0.0,1.0,0.0,0.0,0.040618956,0.0,0,0,0,0,0
32173,-1,0,3.8780634,0.97972864,1,1,unassigned,8.0,7.0,1.0,0.875,0.125,0.125,0.0116054155,0.0014506769,0,0,0,1,1
32174,-1,0,0.23341101,0.55808926,1,1,unassigned,29.0,27.0,2.0,0.9310345,0.06896552,0.068965495,0.05222437,0.0036016807,0,0,0,1,0
32175,1,0,0.34207553,0.5846946,1,0,val,6.0,6.0,0.0,1.0,0.0,0.0,0.007736944,0.0,0,0,1,1,0
32176,-1,1,1.5501578,0.8249365,1,1,unassigned,3.0,3.0,0.0,1.0,0.0,0.0,0.001934236,0.0,1,0,0,1,0
32177,-1,0,4.014602,0.9822698,1,1,unassigned,6.0,6.0,0.0,1.0,0.0,0.0,0.007736944,0.0,0,0,0,1,1
32178,0,1,-0.5863168,0.3574804,0,0,val,12.0,12.0,0.0,1.0,0.0,0.0,0.01934236,0.0,1,0,1,0,0
32179,-1,1,5.6702433,0.9965648,1,1,unassigned,20.0,18.0,2.0,0.9,0.1,0.100000024,0.034816246,0.0034816246,1,0,0,1,1
32180,-1,0,16.083881,0.9999999,1,1,unassigned,2.0,2.0,0.0,1.0,0.0,0.0,0.0,0.0,0,0,0,1,1
32181,-1,0,4.842092,0.99217117,1,1,unassigned,3.0,3.0,0.0,1.0,0.0,0.0,0.001934236,0.0,0,0,0,1,1
32182,-1,0,1.9333766,0.87362266,1,1,unassigned,20.0,16.0,4.0,0.8,0.2,0.19999999,0.034816246,0.0069632493,0,0,0,1,0
32183,-1,0,-0.7618654,0.31824142,0,1,unassigned,2.0,2.0,0.0,1.0,0.0,0.0,0.0,0.0,0,0,0,0,0
32184,-1,1,-0.7631936,0.3179533,0,1,unassigned,61.0,60.0,1.0,0.9836066,0.016393442,0.016393423,0.114119925,0.0018708183,1,0,0,0,0
32185,-1,0,2.223292,0.9023217,1,1,unassigned,3.0,3.0,0.0,1.0,0.0,0.0,0.001934236,0.0,0,0,0,1,1
32186,-1,1,4.64368,0.9904695,1,1,unassigned,12.0,12.0,0.0,1.0,0.0,0.0,0.01934236,0.0,1,0,0,1,1
32187,-1,0,-0.21708968,0.44593972,0,1,unassigned,20.0,20.0,0.0,1.0,0.0,0.0,0.034816246,0.0,0,0,0,0,0
32188,0,0,-0.477661,0.38280457,0,0,unassigned,89.0,89.0,0.0,1.0,0.0,0.0,0.16827853,0.0,0,0,1,0,0
32189,-1,0,-0.34511167,0.41456833,0,1,unassigned,14.0,14.0,0.0,1.0,0.0,0.0,0.023210831,0.0,0,0,0,0,0
32190,-1,1,1.3488142,0.7939357,1,1,unassigned,5.0,5.0,0.0,1.0,0.0,0.0,0.0058027077,0.0,1,0,0,1,0
32191,-1,0,0.13885885,0.534659,1,1,unassigned,62.0,61.0,1.0,0.983871,0.016129032,0.016129017,0.116054155,0.0018718411,0,0,0,1,0
32192,-1,0,-0.76884925,0.3167281,0,1,unassigned,17.0,17.0,0.0,1.0,0.0,0.0,0.029013539,0.0,0,0,0,0,0
32193,-1,0,-0.6764097,0.3370631,0,1,unassigned,54.0,54.0,0.0,1.0,0.0,0.0,0.10058027,0.0,0,0,0,0,0
32194,-1,0,4.318624,0.9868569,1,1,unassigned,2.0,2.0,0.0,1.0,0.0,0.0,0.0,0.0,0,0,0,1,1
32195,-1,0,0.51971465,0.62708104,1,1,unassigned,2.0,1.0,1.0,0.5,0.5,0.5,0.0,0.0,0,0,0,1,0
32196,-1,1,1.3838491,0.79960847,1,1,unassigned,12.0,11.0,1.0,0.9166667,0.083333336,0.08333331,0.01934236,0.0016118633,1,0,0,1,0
32197,0,0,-0.29731092,0.42621496,0,0,val,2.0,2.0,0.0,1.0,0.0,0.0,0.0,0.0,0,0,1,0,0
32198,-1,1,-0.65117043,0.3427258,0,1,unassigned,2.0,2.0,0.0,1.0,0.0,0.0,0.0,0.0,1,0,0,0,0
32199,-1,0,0.16932887,0.5422314,1,1,unassigned,5.0,5.0,0.0,1.0,0.0,0.0,0.0058027077,0.0,0,0,0,1,0
32200,-1,1,-0.8487178,0.2997019,0,1,unassigned,45.0,32.0,13.0,0.7111111,0.2888889,0.28888887,0.08317215,0.024027511,1,0,0,0,0
32201,1,1,-0.081281155,0.4796909,0,1,unassigned,36.0,33.0,3.0,0.9166667,0.083333336,0.08333331,0.065764025,0.0054803356,1,0,0,0,0
32202,-1,0,5.3551993,0.9952987,1,1,unassigned,2.0,2.0,0.0,1.0,0.0,0.0,0.0,0.0,0,0,0,1,1
32203,-1,0,1.1291933,0.75569004,1,1,unassigned,24.0,23.0,1.0,0.9583333,0.041666668,0.041666687,0.04255319,0.0017730496,0,0,0,1,0
32204,-1,0,3.5120213,0.9710279,1,1,unassigned,13.0,13.0,0.0,1.0,0.0,0.0,0.021276595,0.0,0,0,0,1,1
32205,-1,1,1.9428179,0.8746614,1,1,unassigned,4.0,4.0,0.0,1.0,0.0,0.0,0.003868472,0.0,1,0,0,1,0
32206,-1,1,0.43706018,0.60755825,1,1,unassigned,13.0,12.0,1.0,0.9230769,0.07692308,0.07692307,0.021276595,0.0016366612,1,0,0,1,0
32207,1,1,-1.165666,0.2376393,0,1,unassigned,38.0,30.0,8.0,0.7894737,0.21052632,0.21052629,0.06963249,0.014659473,1,0,0,0,0
32208,-1,0,-0.18972063,0.45271158,0,1,unassigned,34.0,33.0,1.0,0.9705882,0.029411765,0.029411793,0.061895553,0.0018204574,0,0,0,0,0
32209,-1,0,1.7790363,0.8555778,1,1,unassigned,3.0,3.0,0.0,1.0,0.0,0.0,0.001934236,0.0,0,0,0,1,0
32210,-1,0,-0.86843884,0.29557925,0,1,unassigned,34.0,34.0,0.0,1.0,0.0,0.0,0.061895553,0.0,0,0,0,0,0
32211,-1,0,-0.7961657,0.3108463,0,1,unassigned,18.0,18.0,0.0,1.0,0.0,0.0,0.030947777,0.0,0,0,0,0,0
32212,-1,0,-0.20528758,0.4488576,0,1,unassigned,38.0,37.0,1.0,0.9736842,0.02631579,0.026315808,0.06963249,0.0018324341,0,0,0,0,0
32213,-1,1,13.19597,0.9999981,1,1,unassigned,20.0,17.0,3.0,0.85,0.15,0.14999998,0.034816246,0.005222437,1,0,0,1,1
32214,-1,0,4.731682,0.99126536,1,1,unassigned,17.0,16.0,1.0,0.9411765,0.05882353,0.058823526,0.029013539,0.0017066788,0,0,0,1,1
32215,-1,0,-0.4316665,0.39372844,0,1,unassigned,77.0,76.0,1.0,0.987013,0.012987013,0.012987018,0.14506769,0.001883996,0,0,0,0,0
32216,-1,1,3.3707287,0.9667771,1,1,unassigned,17.0,15.0,2.0,0.88235295,0.11764706,0.11764705,0.029013539,0.0034133575,1,0,0,1,1
32217,-1,0,6.5039525,0.99850476,1,1,unassigned,4.0,2.0,2.0,0.5,0.5,0.5,0.003868472,0.001934236,0,0,0,1,1
32218,-1,1,-0.36194372,0.4104891,0,1,unassigned,4.0,4.0,0.0,1.0,0.0,0.0,0.003868472,0.0,1,0,0,0,0
32219,-1,0,0.04367572,0.5109172,1,1,unassigned,3.0,3.0,0.0,1.0,0.0,0.0,0.001934236,0.0,0,0,0,1,0
32220,-1,0,2.1745121,0.89793724,1,1,unassigned,6.0,3.0,3.0,0.5,0.5,0.5,0.007736944,0.003868472,0,0,0,1,0
32221,-1,1,5.745371,0.99681264,1,1,unassigned,5.0,5.0,0.0,1.0,0.0,0.0,0.0058027077,0.0,1,0,0,1,1
32222,-1,1,3.2399485,0.9623102,1,1,unassigned,3.0,3.0,0.0,1.0,0.0,0.0,0.001934236,0.0,1,0,0,1,1
32223,-1,1,5.494678,0.99590826,1,1,unassigned,2.0,2.0,0.0,1.0,0.0,0.0,0.0,0.0,1,0,0,1,1
32224,-1,0,0.32066375,0.579486,1,1,unassigned,4.0,4.0,0.0,1.0,0.0,0.0,0.003868472,0.0,0,0,0,1,0
32225,-1,0,-0.023304403,0.49417415,0,1,unassigned,8.0,8.0,0.0,1.0,0.0,0.0,0.0116054155,0.0,0,0,0,0,0
32226,0,0,-0.501874,0.37710035,0,0,val,5.0,5.0,0.0,1.0,0.0,0.0,0.0058027077,0.0,0,0,1,0,0
32227,-1,0,6.5087543,0.99851185,1,1,unassigned,5.0,4.0,1.0,0.8,0.2,0.19999999,0.0058027077,0.0011605415,0,0,0,1,1
32228,-1,0,4.5846744,0.98989606,1,1,unassigned,7.0,7.0,0.0,1.0,0.0,0.0,0.00967118,0.0,0,0,0,1,1
32229,-1,1,3.404073,0.9678316,1,1,unassigned,3.0,3.0,0.0,1.0,0.0,0.0,0.001934236,0.0,1,0,0,1,1
32230,-1,1,-0.5475865,0.36642453,0,1,unassigned,8.0,8.0,0.0,1.0,0.0,0.0,0.0116054155,0.0,1,0,0,0,0
32231,1,0,3.4225624,0.9684022,1,0,unassigned,14.0,14.0,0.0,1.0,0.0,0.0,0.023210831,0.0,0,0,1,1,1
32232,-1,1,1.7349939,0.8500501,1,1,unassigned,3.0,2.0,1.0,0.6666667,0.33333334,0.3333333,0.001934236,0.00064474536,1,0,0,1,0
32233,-1,1,-0.45421502,0.38835907,0,1,unassigned,51.0,51.0,0.0,1.0,0.0,0.0,0.09477756,0.0,1,0,0,0,0
32234,-1,0,-0.26242757,0.43476707,0,1,unassigned,8.0,7.0,1.0,0.875,0.125,0.125,0.0116054155,0.0014506769,0,0,0,0,0
32235,0,0,-0.7186326,0.32769415,0,0,val,18.0,17.0,1.0,0.9444444,0.055555556,0.055555582,0.030947777,0.0017193209,0,0,1,0,0
32236,-1,0,-0.67028505,0.33843303,0,1,unassigned,26.0,25.0,1.0,0.96153843,0.03846154,0.038461566,0.046421662,0.0017854486,0,0,0,0,0
32237,-1,0,3.8354037,0.9788638,1,1,unassigned,34.0,32.0,2.0,0.9411765,0.05882353,0.058823526,0.061895553,0.0036409148,0,0,0,1,1
32238,-1,0,-0.656204,0.34159285,0,1,unassigned,49.0,47.0,2.0,0.9591837,0.040816326,0.040816307,0.09090909,0.0037105752,0,0,0,0,0
32239,-1,1,-0.4943255,0.37887514,0,1,unassigned,2.0,1.0,1.0,0.5,0.5,0.5,0.0,0.0,1,0,0,0,0
32240,-1,0,1.2648296,0.7798564,1,1,unassigned,26.0,26.0,0.0,1.0,0.0,0.0,0.046421662,0.0,0,0,0,1,0
32241,-1,0,-0.52715695,0.37118024,0,1,unassigned,80.0,79.0,1.0,0.9875,0.0125,0.012499988,0.15087041,0.0018858801,0,0,0,0,0
32242,-1,0,1.4982858,0.8173187,1,1,unassigned,12.0,12.0,0.0,1.0,0.0,0.0,0.01934236,0.0,0,0,0,1,0
32243,-1,1,2.6201038,0.9321443,1,1,unassigned,2.0,2.0,0.0,1.0,0.0,0.0,0.0,0.0,1,0,0,1,1
32244,-1,0,-0.14741665,0.4632124,0,1,unassigned,55.0,55.0,0.0,1.0,0.0,0.0,0.102514505,0.0,0,0,0,0,0
32245,-1,0,2.0060952,0.8814356,1,1,unassigned,33.0,33.0,0.0,1.0,0.0,0.0,0.059961315,0.0,0,0,0,1,0
32246,-1,0,-0.40453172,0.40022406,0,1,unassigned,3.0,3.0,0.0,1.0,0.0,0.0,0.001934236,0.0,0,0,0,0,0
32247,-1,0,0.8598115,0.7026213,1,1,unassigned,4.0,4.0,0.0,1.0,0.0,0.0,0.003868472,0.0,0,0,0,1,0
32248,-1,0,0.474837,0.616528,1,1,unassigned,5.0,5.0,0.0,1.0,0.0,0.0,0.0058027077,0.0,0,0,0,1,0
32249,-1,0,1.1281357,0.75549465,1,1,unassigned,15.0,12.0,3.0,0.8,0.2,0.19999999,0.025145067,0.0050290134,0,0,0,1,0
32250,-1,0,0.053314984,0.51332563,1,1,unassigned,15.0,15.0,0.0,1.0,0.0,0.0,0.025145067,0.0,0,0,0,1,0
32251,-1,0,0.15101331,0.5376817,1,1,unassigned,11.0,11.0,0.0,1.0,0.0,0.0,0.017408123,0.0,0,0,0,1,0
32252,1,0,-0.17887217,0.45540076,0,1,unassigned,35.0,35.0,0.0,1.0,0.0,0.0,0.06382979,0.0,0,0,0,0,0
32253,0,0,0.24501443,0.560949,1,1,test,6.0,6.0,0.0,1.0,0.0,0.0,0.007736944,0.0,0,0,0,1,0
32254,1,1,5.5431414,0.996101,1,0,val,10.0,6.0,4.0,0.6,0.4,0.39999998,0.015473888,0.0061895554,1,0,1,1,1
32255,-1,0,2.6755896,0.9355708,1,1,unassigned,51.0,47.0,4.0,0.92156863,0.078431375,0.07843137,0.09477756,0.0074335346,0,0,0,1,1
32256,-1,0,5.829105,0.997068,1,1,unassigned,21.0,20.0,1.0,0.95238096,0.04761905,0.047619045,0.036750484,0.0017500231,0,0,0,1,1
32257,-1,1,2.006199,0.88144636,1,1,unassigned,2.0,2.0,0.0,1.0,0.0,0.0,0.0,0.0,1,0,0,1,0
32258,-1,1,-0.7934718,0.3114237,0,1,unassigned,6.0,2.0,4.0,0.33333334,0.6666667,0.6666666,0.007736944,0.005157963,1,0,0,0,0
32259,-1,0,4.7561097,0.9914743,1,1,unassigned,8.0,8.0,0.0,1.0,0.0,0.0,0.0116054155,0.0,0,0,0,1,1
32260,-1,0,7.328799,0.99934405,1,1,unassigned,2.0,2.0,0.0,1.0,0.0,0.0,0.0,0.0,0,0,0,1,1
32261,-1,1,2.8055341,0.9429741,1,1,unassigned,3.0,3.0,0.0,1.0,0.0,0.0,0.001934236,0.0,1,0,0,1,1
32262,-1,0,4.996992,0.99328715,1,1,unassigned,2.0,2.0,0.0,1.0,0.0,0.0,0.0,0.0,0,0,0,1,1
32263,1,1,-0.04876882,0.48781016,0,1,test,37.0,37.0,0.0,1.0,0.0,0.0,0.06769826,0.0,1,0,0,0,0
32264,-1,0,0.48465484,0.6188464,1,1,unassigned,5.0,5.0,0.0,1.0,0.0,0.0,0.0058027077,0.0,0,0,0,1,0
32265,1,1,0.18109137,0.5451495,1,0,val,18.0,18.0,0.0,1.0,0.0,0.0,0.030947777,0.0,1,0,1,1,0
32266,0,0,1.5629952,0.82678276,1,1,test,3.0,3.0,0.0,1.0,0.0,0.0,0.001934236,0.0,0,0,0,1,0
32267,-1,0,2.404715,0.9171861,1,1,unassigned,6.0,6.0,0.0,1.0,0.0,0.0,0.007736944,0.0,0,0,0,1,1
32268,-1,1,1.2856219,0.78340524,1,1,unassigned,3.0,3.0,0.0,1.0,0.0,0.0,0.001934236,0.0,1,0,0,1,0
32269,-1,1,-0.52208984,0.37236372,0,1,unassigned,2.0,2.0,0.0,1.0,0.0,0.0,0.0,0.0,1,0,0,0,0
32270,-1,1,-0.58286065,0.3582746,0,1,unassigned,62.0,62.0,0.0,1.0,0.0,0.0,0.116054155,0.0,1,0,0,0,0
32271,-1,0,-0.9383173,0.28124037,0,1,unassigned,22.0,22.0,0.0,1.0,0.0,0.0,0.03868472,0.0,0,0,0,0,0
32272,-1,0,-0.44164246,0.39134964,0,1,unassigned,12.0,11.0,1.0,0.9166667,0.083333336,0.08333331,0.01934236,0.0016118633,0,0,0,0,0
32273,-1,1,11.184907,0.9999862,1,1,unassigned,2.0,1.0,1.0,0.5,0.5,0.5,0.0,0.0,1,0,0,1,1
32274,-1,0,0.9010554,0.7111663,1,1,unassigned,4.0,4.0,0.0,1.0,0.0,0.0,0.003868472,0.0,0,0,0,1,0
32275,-1,0,9.917507,0.99995065,1,1,unassigned,2.0,2.0,0.0,1.0,0.0,0.0,0.0,0.0,0,0,0,1,1
32276,-1,0,5.412083,0.9955575,1,1,unassigned,30.0,29.0,1.0,0.96666664,0.033333335,0.03333336,0.054158606,0.001805287,0,0,0,1,1
32277,-1,0,9.917507,0.99995065,1,1,unassigned,2.0,2.0,0.0,1.0,0.0,0.0,0.0,0.0,0,0,0,1,1
32278,-1,0,11.192554,0.9999862,1,1,unassigned,3.0,3.0,0.0,1.0,0.0,0.0,0.001934236,0.0,0,0,0,1,1
32279,-1,0,0.15762132,0.5393239,1,1,unassigned,4.0,4.0,0.0,1.0,0.0,0.0,0.003868472,0.0,0,0,0,1,0
32280,-1,0,0.18685752,0.54657894,1,1,unassigned,27.0,27.0,0.0,1.0,0.0,0.0,0.0483559,0.0,0,0,0,1,0
32281,-1,0,0.321962,0.57980233,1,1,unassigned,7.0,7.0,0.0,1.0,0.0,0.0,0.00967118,0.0,0,0,0,1,0
32282,-1,0,-0.8215728,0.3054299,0,1,unassigned,15.0,15.0,0.0,1.0,0.0,0.0,0.025145067,0.0,0,0,0,0,0
32283,-1,0,-0.66268647,0.34013638,0,1,unassigned,26.0,24.0,2.0,0.9230769,0.07692308,0.07692307,0.046421662,0.0035708973,0,0,0,0,0
32284,-1,0,-0.9327308,0.28237104,0,1,unassigned,14.0,14.0,0.0,1.0,0.0,0.0,0.023210831,0.0,0,0,0,0,0
32285,-1,0,-0.06856376,0.48286578,0,1,unassigned,68.0,66.0,2.0,0.9705882,0.029411765,0.029411793,0.12765957,0.0037546933,0,0,0,0,0
32286,-1,0,-0.9256836,0.28380123,0,1,unassigned,74.0,73.0,1.0,0.9864865,0.013513514,0.013513505,0.13926499,0.0018819593,0,0,0,0,0
32287,-1,0,-0.5413743,0.36786795,0,1,unassigned,10.0,10.0,0.0,1.0,0.0,0.0,0.015473888,0.0,0,0,0,0,0
32288,0,1,-0.21594936,0.44622144,0,0,unassigned,29.0,29.0,0.0,1.0,0.0,0.0,0.05222437,0.0,1,0,1,0,0
32289,-1,0,-0.38021773,0.40607437,0,1,unassigned,2.0,2.0,0.0,1.0,0.0,0.0,0.0,0.0,0,0,0,0,0
32290,-1,1,-0.25317013,0.43704337,0,1,unassigned,46.0,46.0,0.0,1.0,0.0,0.0,0.08510638,0.0,1,0,0,0,0
32291,-1,1,0.26089495,0.56485623,1,1,unassigned,2.0,2.0,0.0,1.0,0.0,0.0,0.0,0.0,1,0,0,1,0
32292,-1,0,-0.41959542,0.39661354,0,1,unassigned,6.0,6.0,0.0,1.0,0.0,0.0,0.007736944,0.0,0,0,0,0,0
32293,-1,1,-0.93964016,0.28097302,0,1,unassigned,19.0,19.0,0.0,1.0,0.0,0.0,0.032882012,0.0,1,0,0,0,0
32294,-1,1,0.9283269,0.7167357,1,1,unassigned,2.0,2.0,0.0,1.0,0.0,0.0,0.0,0.0,1,0,0,1,0
32295,-1,0,1.7996533,0.85810673,1,1,unassigned,20.0,20.0,0.0,1.0,0.0,0.0,0.034816246,0.0,0,0,0,1,0
32296,-1,0,-0.18740857,0.4532845,0,1,unassigned,2.0,2.0,0.0,1.0,0.0,0.0,0.0,0.0,0,0,0,0,0
32297,1,0,0.1563552,0.53900933,1,0,unassigned,12.0,10.0,2.0,0.8333333,0.16666667,0.16666669,0.01934236,0.0032237265,0,0,1,1,0
32298,-1,1,-0.56247896,0.36297408,0,1,unassigned,8.0,8.0,0.0,1.0,0.0,0.0,0.0116054155,0.0,1,0,0,0,0
32299,-1,1,0.35035312,0.5867032,1,1,unassigned,14.0,12.0,2.0,0.85714287,0.14285715,0.14285713,0.023210831,0.0033158332,1,0,0,1,0
32300,-1,1,-0.6118583,0.35163543,0,1,unassigned,3.0,3.0,0.0,1.0,0.0,0.0,0.001934236,0.0,1,0,0,0,0
32301,-1,0,0.3280757,0.5812911,1,1,unassigned,2.0,2.0,0.0,1.0,0.0,0.0,0.0,0.0,0,0,0,1,0
32302,-1,1,0.0016804338,0.5004201,1,1,unassigned,3.0,3.0,0.0,1.0,0.0,0.0,0.001934236,0.0,1,0,0,1,0
32303,-1,1,0.10504395,0.52623683,1,1,unassigned,2.0,1.0,1.0,0.5,0.5,0.5,0.0,0.0,1,0,0,1,0
32304,-1,0,5.6586604,0.9965249,1,1,unassigned,2.0,2.0,0.0,1.0,0.0,0.0,0.0,0.0,0,0,0,1,1
32305,-1,0,-0.40187764,0.4008613,0,1,unassigned,7.0,7.0,0.0,1.0,0.0,0.0,0.00967118,0.0,0,0,0,0,0
32306,-1,0,2.0796306,0.88890755,1,1,unassigned,26.0,25.0,1.0,0.96153843,0.03846154,0.038461566,0.046421662,0.0017854486,0,0,0,1,0
32307,-1,1,0.07641882,0.5190954,1,1,unassigned,13.0,12.0,1.0,0.9230769,0.07692308,0.07692307,0.021276595,0.0016366612,1,0,0,1,0
32308,-1,1,5.3469987,0.9952602,1,1,unassigned,9.0,9.0,0.0,1.0,0.0,0.0,0.013539651,0.0,1,0,0,1,1
32309,-1,0,2.8582807,0.9457451,1,1,unassigned,8.0,8.0,0.0,1.0,0.0,0.0,0.0116054155,0.0,0,0,0,1,1
32310,-1,0,2.3236272,0.910815,1,1,unassigned,46.0,44.0,2.0,0.95652175,0.04347826,0.04347825,0.08510638,0.0037002775,0,0,0,1,1
32311,-1,0,2.0236187,0.8832547,1,1,unassigned,2.0,2.0,0.0,1.0,0.0,0.0,0.0,0.0,0,0,0,1,0
32312,-1,0,-0.4879256,0.3803824,0,1,unassigned,24.0,23.0,1.0,0.9583333,0.041666668,0.041666687,0.04255319,0.0017730496,0,0,0,0,0
32313,0,0,0.95755094,0.7226312,1,1,test,5.0,5.0,0.0,1.0,0.0,0.0,0.0058027077,0.0,0,0,0,1,0
32314,-1,0,1.2386234,0.7753243,1,1,unassigned,11.0,9.0,2.0,0.8181818,0.18181819,0.18181819,0.017408123,0.0031651135,0,0,0,1,0
32315,-1,0,0.27720708,0.56886137,1,1,unassigned,25.0,25.0,0.0,1.0,0.0,0.0,0.044487428,0.0,0,0,0,1,0
32316,-1,0,1.5294774,0.8219299,1,1,unassigned,38.0,36.0,2.0,0.94736844,0.05263158,0.052631557,0.06963249,0.0036648682,0,0,0,1,0
32317,-1,0,-0.56256527,0.36295408,0,1,unassigned,32.0,32.0,0.0,1.0,0.0,0.0,0.058027077,0.0,0,0,0,0,0
32318,-1,0,2.3971484,0.91660964,1,1,unassigned,11.0,9.0,2.0,0.8181818,0.18181819,0.18181819,0.017408123,0.0031651135,0,0,0,1,1
32319,-1,0,1.7844863,0.8562499,1,1,unassigned,13.0,13.0,0.0,1.0,0.0,0.0,0.021276595,0.0,0,0,0,1,0
32320,-1,0,2.7527294,0.9400673,1,1,unassigned,19.0,19.0,0.0,1.0,0.0,0.0,0.032882012,0.0,0,0,0,1,1
32321,-1,0,-0.39491916,0.40253365,0,1,unassigned,38.0,38.0,0.0,1.0,0.0,0.0,0.06963249,0.0,0,0,0,0,0
32322,-1,0,-0.6696988,0.3385643,0,1,unassigned,36.0,34.0,2.0,0.9444444,0.055555556,0.055555582,0.065764025,0.003653557,0,0,0,0,0
32323,-1,0,0.32313752,0.5800887,1,1,unassigned,25.0,25.0,0.0,1.0,0.0,0.0,0.044487428,0.0,0,0,0,1,0
32324,-1,0,-0.21028382,0.44762188,0,1,unassigned,22.0,22.0,0.0,1.0,0.0,0.0,0.03868472,0.0,0,0,0,0,0
32325,-1,0,1.3626063,0.796183,1,1,unassigned,7.0,7.0,0.0,1.0,0.0,0.0,0.00967118,0.0,0,0,0,1,0
32326,1,0,2.9420805,0.9498879,1,0,val,3.0,3.0,0.0,1.0,0.0,0.0,0.001934236,0.0,0,0,1,1,1
32327,1,1,10.888477,0.9999813,1,0,val,2.0,2.0,0.0,1.0,0.0,0.0,0.0,0.0,1,0,1,1,1
32328,-1,1,2.1242173,0.8932348,1,1,unassigned,2.0,2.0,0.0,1.0,0.0,0.0,0.0,0.0,1,0,0,1,0
32329,-1,0,-0.7248732,0.32632077,0,1,unassigned,29.0,29.0,0.0,1.0,0.0,0.0,0.05222437,0.0,0,0,0,0,0
32330,-1,1,-0.37173977,0.40812072,0,1,unassigned,18.0,18.0,0.0,1.0,0.0,0.0,0.030947777,0.0,1,0,0,0,0
32331,-1,1,2.444507,0.92015886,1,1,unassigned,41.0,40.0,1.0,0.9756098,0.024390243,0.02439022,0.07543521,0.001839883,1,0,0,1,1
32332,-1,1,-0.048472106,0.48788437,0,1,unassigned,85.0,82.0,3.0,0.9647059,0.03529412,0.035294116,0.16054158,0.0056661735,1,0,0,0,0
32333,-1,0,-0.13985658,0.46509275,0,1,unassigned,9.0,7.0,2.0,0.7777778,0.22222222,0.22222221,0.013539651,0.0030088115,0,0,0,0,0
32334,0,0,0.48486596,0.61889625,1,1,val,4.0,3.0,1.0,0.75,0.25,0.25,0.003868472,0.000967118,0,0,0,1,0
32335,0,1,-0.028422356,0.49289492,0,0,unassigned,32.0,30.0,2.0,0.9375,0.0625,0.0625,0.058027077,0.0036266923,1,0,1,0,0
32336,-1,1,-0.12464577,0.46887884,0,1,unassigned,53.0,51.0,2.0,0.9622642,0.03773585,0.03773582,0.09864604,0.0037224921,1,0,0,0,0
32337,-1,1,3.2584789,0.96297663,1,1,unassigned,6.0,5.0,1.0,0.8333333,0.16666667,0.16666669,0.007736944,0.0012894907,1,0,0,1,1
32338,-1,0,2.3483222,0.9128008,1,1,unassigned,2.0,2.0,0.0,1.0,0.0,0.0,0.0,0.0,0,0,0,1,1
32339,1,0,6.1179576,0.99780184,1,0,val,2.0,2.0,0.0,1.0,0.0,0.0,0.0,0.0,0,0,1,1,1
32340,-1,1,5.0537486,0.9936552,1,1,unassigned,16.0,16.0,0.0,1.0,0.0,0.0,0.027079303,0.0,1,0,0,1,1
32341,-1,1,2.8604703,0.9458574,1,1,unassigned,7.0,7.0,0.0,1.0,0.0,0.0,0.00967118,0.0,1,0,0,1,1
32342,1,1,-0.076758206,0.48081985,0,1,test,20.0,19.0,1.0,0.95,0.05,0.050000012,0.034816246,0.0017408123,1,0,0,0,0
32343,-1,0,-0.77980214,0.3143625,0,1,unassigned,2.0,2.0,0.0,1.0,0.0,0.0,0.0,0.0,0,0,0,0,0
32344,1,0,1.7004769,0.84559697,1,0,val,2.0,1.0,1.0,0.5,0.5,0.5,0.0,0.0,0,0,1,1,0
32345,0,1,-0.5980696,0.35478544,0,0,unassigned,21.0,20.0,1.0,0.95238096,0.04761905,0.047619045,0.036750484,0.0017500231,1,0,1,0,0
32346,-1,1,-0.35075748,0.41319874,0,1,unassigned,12.0,11.0,1.0,0.9166667,0.083333336,0.08333331,0.01934236,0.0016118633,1,0,0,0,0
32347,-1,0,1.0961437,0.7495369,1,1,unassigned,4.0,4.0,0.0,1.0,0.0,0.0,0.003868472,0.0,0,0,0,1,0
32348,-1,1,0.038396478,0.50959796,1,1,unassigned,25.0,24.0,1.0,0.96,0.04,0.04000002,0.044487428,0.001779497,1,0,0,1,0
32349,-1,1,0.21773648,0.5542201,1,1,unassigned,19.0,19.0,0.0,1.0,0.0,0.0,0.032882012,0.0,1,0,0,1,0
32350,-1,1,-0.6144247,0.35105053,0,1,unassigned,6.0,6.0,0.0,1.0,0.0,0.0,0.007736944,0.0,1,0,0,0,0
32351,-1,0,4.157167,0.9845894,1,1,unassigned,2.0,2.0,0.0,1.0,0.0,0.0,0.0,0.0,0,0,0,1,1
32352,-1,1,1.5409882,0.82360834,1,1,unassigned,11.0,8.0,3.0,0.72727275,0.27272728,0.27272725,0.017408123,0.00474767,1,0,0,1,0
32353,0,1,0.21164924,0.55271566,1,1,unassigned,9.0,7.0,2.0,0.7777778,0.22222222,0.22222221,0.013539651,0.0030088115,1,0,0,1,0
32354,-1,1,3.6756456,0.97529286,1,1,unassigned,6.0,6.0,0.0,1.0,0.0,0.0,0.007736944,0.0,1,0,0,1,1
32355,1,0,0.7018905,0.66860676,1,0,train,2.0,2.0,0.0,1.0,0.0,0.0,0.0,0.0,0,0,1,1,0
32356,-1,1,1.1224449,0.7544419,1,1,unassigned,6.0,6.0,0.0,1.0,0.0,0.0,0.007736944,0.0,1,0,0,1,0
32357,-1,0,2.0321424,0.8841308,1,1,unassigned,16.0,16.0,0.0,1.0,0.0,0.0,0.027079303,0.0,0,0,0,1,0
32358,-1,0,-0.76740515,0.31704068,0,1,unassigned,47.0,47.0,0.0,1.0,0.0,0.0,0.08704062,0.0,0,0,0,0,0
32359,-1,0,0.25763077,0.5640538,1,1,unassigned,23.0,20.0,3.0,0.8695652,0.13043478,0.13043481,0.040618956,0.0052981246,0,0,0,1,0
32360,-1,0,-0.9097507,0.28705084,0,1,unassigned,44.0,44.0,0.0,1.0,0.0,0.0,0.08123791,0.0,0,0,0,0,0
32361,-1,0,-0.77630055,0.31511775,0,1,unassigned,15.0,15.0,0.0,1.0,0.0,0.0,0.025145067,0.0,0,0,0,0,0
32362,-1,0,-0.39232528,0.40315768,0,1,unassigned,3.0,3.0,0.0,1.0,0.0,0.0,0.001934236,0.0,0,0,0,0,0
32363,1,0,5.7115064,0.9967032,1,0,test,10.0,8.0,2.0,0.8,0.2,0.19999999,0.015473888,0.0030947777,0,0,1,1,1
32364,-1,0,-0.80993885,0.30790353,0,1,unassigned,23.0,22.0,1.0,0.95652175,0.04347826,0.04347825,0.040618956,0.0017660416,0,0,0,0,0
32365,-1,0,2.1081636,0.8916941,1,1,unassigned,6.0,6.0,0.0,1.0,0.0,0.0,0.007736944,0.0,0,0,0,1,0
32366,-1,0,0.6878466,0.6654877,1,1,unassigned,10.0,10.0,0.0,1.0,0.0,0.0,0.015473888,0.0,0,0,0,1,0
32367,1,0,-0.7286047,0.325501,0,1,val,2.0,2.0,0.0,1.0,0.0,0.0,0.0,0.0,0,0,0,0,0
32368,-1,1,0.4342082,0.6068781,1,1,unassigned,8.0,8.0,0.0,1.0,0.0,0.0,0.0116054155,0.0,1,0,0,1,0
32369,-1,0,6.9405017,0.9990332,1,1,unassigned,2.0,1.0,1.0,0.5,0.5,0.5,0.0,0.0,0,0,0,1,1
32370,-1,0,5.1898856,0.9944582,1,1,unassigned,3.0,3.0,0.0,1.0,0.0,0.0,0.001934236,0.0,0,0,0,1,1
32371,-1,0,2.1088326,0.8917587,1,1,unassigned,3.0,3.0,0.0,1.0,0.0,0.0,0.001934236,0.0,0,0,0,1,0
32372,-1,0,2.814263,0.9434417,1,1,unassigned,6.0,5.0,1.0,0.8333333,0.16666667,0.16666669,0.007736944,0.0012894907,0,0,0,1,1
32373,-1,1,1.8612523,0.8654429,1,1,unassigned,4.0,4.0,0.0,1.0,0.0,0.0,0.003868472,0.0,1,0,0,1,0
32374,-1,1,0.15825397,0.53948116,1,1,unassigned,4.0,4.0,0.0,1.0,0.0,0.0,0.003868472,0.0,1,0,0,1,0
32375,-1,1,-0.15322518,0.46176848,0,1,unassigned,28.0,26.0,2.0,0.9285714,0.071428575,0.0714286,0.050290134,0.0035921526,1,0,0,0,0
32376,-1,1,-0.29510608,0.42675427,0,1,unassigned,18.0,17.0,1.0,0.9444444,0.055555556,0.055555582,0.030947777,0.0017193209,1,0,0,0,0
32377,1,1,0.22274518,0.5554572,1,0,test,49.0,47.0,2.0,0.9591837,0.040816326,0.040816307,0.09090909,0.0037105752,1,0,1,1,0
32378,-1,0,-0.91937745,0.28508475,0,1,unassigned,37.0,37.0,0.0,1.0,0.0,0.0,0.06769826,0.0,0,0,0,0,0
32379,-1,1,0.45368367,0.6115147,1,1,unassigned,18.0,18.0,0.0,1.0,0.0,0.0,0.030947777,0.0,1,0,0,1,0
32380,-1,1,0.04376501,0.51093954,1,1,unassigned,27.0,25.0,2.0,0.9259259,0.074074075,0.07407409,0.0483559,0.0035819185,1,0,0,1,0
32381,-1,1,-0.32451236,0.41957647,0,1,unassigned,18.0,18.0,0.0,1.0,0.0,0.0,0.030947777,0.0,1,0,0,0,0
32382,-1,0,0.252554,0.56280506,1,1,unassigned,2.0,2.0,0.0,1.0,0.0,0.0,0.0,0.0,0,0,0,1,0
32383,1,0,-0.79260594,0.31160942,0,1,val,2.0,2.0,0.0,1.0,0.0,0.0,0.0,0.0,0,0,0,0,0
32384,0,1,-0.9052118,0.28798065,0,0,val,78.0,74.0,4.0,0.94871795,0.051282052,0.05128205,0.14700194,0.007538561,1,0,1,0,0
32385,-1,0,0.7462936,0.67837054,1,1,unassigned,8.0,8.0,0.0,1.0,0.0,0.0,0.0116054155,0.0,0,0,0,1,0
32386,-1,1,0.9729467,0.72570646,1,1,unassigned,8.0,8.0,0.0,1.0,0.0,0.0,0.0116054155,0.0,1,0,0,1,0
32387,-1,1,3.990248,0.9818408,1,1,unassigned,34.0,33.0,1.0,0.9705882,0.029411765,0.029411793,0.061895553,0.0018204574,1,0,0,1,1
32388,-1,0,4.9468207,0.9929442,1,1,unassigned,3.0,1.0,2.0,0.33333334,0.6666667,0.6666666,0.001934236,0.0012894907,0,0,0,1,1
32389,-1,1,-1.1032578,0.24913001,0,1,unassigned,8.0,8.0,0.0,1.0,0.0,0.0,0.0116054155,0.0,1,0,0,0,0
32390,-1,0,-0.38581485,0.4047252,0,1,unassigned,17.0,17.0,0.0,1.0,0.0,0.0,0.029013539,0.0,0,0,0,0,0
32391,-1,0,-0.9500718,0.27887037,0,1,unassigned,6.0,5.0,1.0,0.8333333,0.16666667,0.16666669,0.007736944,0.0012894907,0,0,0,0,0
32392,-1,0,-0.62925917,0.3476785,0,1,unassigned,6.0,5.0,1.0,0.8333333,0.16666667,0.16666669,0.007736944,0.0012894907,0,0,0,0,0
32393,-1,0,4.469025,0.9886713,1,1,unassigned,2.0,2.0,0.0,1.0,0.0,0.0,0.0,0.0,0,0,0,1,1
32394,1,0,2.4573224,0.92109525,1,0,test,35.0,34.0,1.0,0.9714286,0.028571429,0.028571427,0.06382979,0.0018237082,0,0,1,1,1
32395,0,1,-0.47467017,0.38351148,0,0,unassigned,48.0,47.0,1.0,0.9791667,0.020833334,0.020833313,0.088974856,0.0018536429,1,0,1,0,0
32396,0,0,-0.5213691,0.3725322,0,0,val,14.0,13.0,1.0,0.9285714,0.071428575,0.0714286,0.023210831,0.0016579166,0,0,1,0,0
32397,-1,1,-0.77590525,0.31520307,0,1,unassigned,19.0,19.0,0.0,1.0,0.0,0.0,0.032882012,0.0,1,0,0,0,0
32398,-1,1,-0.78025854,0.31426415,0,1,unassigned,14.0,14.0,0.0,1.0,0.0,0.0,0.023210831,0.0,1,0,0,0,0
32399,-1,0,2.4825354,0.9229084,1,1,unassigned,7.0,7.0,0.0,1.0,0.0,0.0,0.00967118,0.0,0,0,0,1,1
32400,-1,1,-0.31240028,0.42252898,0,1,unassigned,6.0,6.0,0.0,1.0,0.0,0.0,0.007736944,0.0,1,0,0,0,0
32401,-1,1,2.1101477,0.8918855,1,1,unassigned,21.0,21.0,0.0,1.0,0.0,0.0,0.036750484,0.0,1,0,0,1,0
32402,0,1,-0.87614536,0.2939772,0,0,unassigned,7.0,7.0,0.0,1.0,0.0,0.0,0.00967118,0.0,1,0,1,0,0
32403,0,0,-0.38962695,0.4038071,0,0,train,5.0,4.0,1.0,0.8,0.2,0.19999999,0.0058027077,0.0011605415,0,0,1,0,0
32404,-1,0,-0.0965755,0.47587487,0,1,unassigned,8.0,8.0,0.0,1.0,0.0,0.0,0.0116054155,0.0,0,0,0,0,0
32405,-1,0,6.745615,0.9988254,1,1,unassigned,9.0,8.0,1.0,0.8888889,0.11111111,0.111111104,0.013539651,0.0015044058,0,0,0,1,1
32406,-1,1,0.68327075,0.6644683,1,1,unassigned,2.0,2.0,0.0,1.0,0.0,0.0,0.0,0.0,1,0,0,1,0
32407,1,1,0.6141042,0.6488764,1,0,unassigned,13.0,13.0,0.0,1.0,0.0,0.0,0.021276595,0.0,1,0,1,1,0
32408,-1,0,4.507607,0.9890954,1,1,unassigned,2.0,1.0,1.0,0.5,0.5,0.5,0.0,0.0,0,0,0,1,1
32409,-1,1,-0.022156417,0.49446112,0,1,unassigned,15.0,14.0,1.0,0.93333334,0.06666667,0.06666666,0.025145067,0.0016763379,1,0,0,0,0
32410,1,1,4.8058524,0.9918847,1,0,val,6.0,6.0,0.0,1.0,0.0,0.0,0.007736944,0.0,1,0,1,1,1
32411,-1,0,5.8111396,0.9970149,1,1,unassigned,5.0,5.0,0.0,1.0,0.0,0.0,0.0058027077,0.0,0,0,0,1,1
32412,1,1,-0.90526927,0.28796887,0,1,val,29.0,28.0,1.0,0.9655172,0.03448276,0.034482777,0.05222437,0.0018008404,1,0,0,0,0
32413,-1,1,2.3722227,0.9146845,1,1,unassigned,11.0,11.0,0.0,1.0,0.0,0.0,0.017408123,0.0,1,0,0,1,1
32414,-1,1,0.38948303,0.5961582,1,1,unassigned,15.0,15.0,0.0,1.0,0.0,0.0,0.025145067,0.0,1,0,0,1,0
32415,-1,1,1.6582038,0.83999676,1,1,unassigned,58.0,55.0,3.0,0.94827586,0.05172414,0.051724136,0.10831721,0.0056026145,1,0,0,1,0
32416,-1,0,-0.69633174,0.33262601,0,1,unassigned,2.0,2.0,0.0,1.0,0.0,0.0,0.0,0.0,0,0,0,0,0
32417,1,0,5.3481665,0.9952657,1,0,val,2.0,2.0,0.0,1.0,0.0,0.0,0.0,0.0,0,0,1,1,1
32418,-1,0,-0.25627393,0.43627986,0,1,unassigned,13.0,13.0,0.0,1.0,0.0,0.0,0.021276595,0.0,0,0,0,0,0
32419,1,1,18.44408,1.0,1,0,unassigned,2.0,2.0,0.0,1.0,0.0,0.0,0.0,0.0,1,0,1,1,1
32420,0,0,-0.56741613,0.36183327,0,0,unassigned,2.0,2.0,0.0,1.0,0.0,0.0,0.0,0.0,0,0,1,0,0
32421,-1,0,0.76900035,0.6833046,1,1,unassigned,32.0,32.0,0.0,1.0,0.0,0.0,0.058027077,0.0,0,0,0,1,0
32422,-1,1,1.896831,0.8695324,1,1,unassigned,18.0,15.0,3.0,0.8333333,0.16666667,0.16666669,0.030947777,0.005157963,1,0,0,1,0
32423,0,0,-0.5607855,0.36336574,0,0,test,27.0,27.0,0.0,1.0,0.0,0.0,0.0483559,0.0,0,0,1,0,0
32424,-1,1,-0.8640987,0.2964837,0,1,unassigned,87.0,86.0,1.0,0.9885057,0.011494253,0.011494279,0.16441005,0.0018897707,1,0,0,0,0
32425,-1,1,-0.85256237,0.2988956,0,1,unassigned,70.0,69.0,1.0,0.98571426,0.014285714,0.014285743,0.13152805,0.0018789722,1,0,0,0,0
32426,-1,1,-0.95562935,0.27775413,0,1,unassigned,18.0,17.0,1.0,0.9444444,0.055555556,0.055555582,0.030947777,0.0017193209,1,0,0,0,0
32427,0,0,-0.6376204,0.34578463,0,0,unassigned,4.0,4.0,0.0,1.0,0.0,0.0,0.003868472,0.0,0,0,1,0,0
32428,-1,1,1.7818115,0.85592043,1,1,unassigned,31.0,31.0,0.0,1.0,0.0,0.0,0.056092843,0.0,1,0,0,1,0
32429,-1,0,1.6268749,0.83574104,1,1,unassigned,2.0,2.0,0.0,1.0,0.0,0.0,0.0,0.0,0,0,0,1,0
32430,-1,0,-0.944827,0.27992633,0,1,unassigned,49.0,49.0,0.0,1.0,0.0,0.0,0.09090909,0.0,0,0,0,0,0
32431,-1,0,0.65375453,0.65785605,1,1,unassigned,15.0,15.0,0.0,1.0,0.0,0.0,0.025145067,0.0,0,0,0,1,0
32432,-1,0,-0.7079144,0.33005983,0,1,unassigned,12.0,12.0,0.0,1.0,0.0,0.0,0.01934236,0.0,0,0,0,0,0
32433,-1,1,-0.2492514,0.43800774,0,1,unassigned,5.0,5.0,0.0,1.0,0.0,0.0,0.0058027077,0.0,1,0,0,0,0
32434,-1,1,-0.745445,0.3218146,0,1,unassigned,82.0,81.0,1.0,0.9878049,0.0121951215,0.01219511,0.15473887,0.0018870593,1,0,0,0,0
32435,-1,1,-0.8244684,0.30481598,0,1,unassigned,24.0,24.0,0.0,1.0,0.0,0.0,0.04255319,0.0,1,0,0,0,0
32436,-1,1,-0.6244845,0.3487622,0,1,unassigned,9.0,8.0,1.0,0.8888889,0.11111111,0.111111104,0.013539651,0.0015044058,1,0,0,0,0
32437,-1,0,-0.47944632,0.3823829,0,1,unassigned,24.0,23.0,1.0,0.9583333,0.041666668,0.041666687,0.04255319,0.0017730496,0,0,0,0,0
32438,-1,0,0.10678238,0.5266703,1,1,unassigned,44.0,43.0,1.0,0.97727275,0.022727273,0.022727251,0.08123791,0.0018463163,0,0,0,1,0
32439,-1,1,0.68327075,0.6644683,1,1,unassigned,2.0,2.0,0.0,1.0,0.0,0.0,0.0,0.0,1,0,0,1,0
32440,-1,0,0.04301983,0.5107533,1,1,unassigned,8.0,8.0,0.0,1.0,0.0,0.0,0.0116054155,0.0,0,0,0,1,0
32441,-1,0,-0.2442278,0.43924472,0,1,unassigned,15.0,15.0,0.0,1.0,0.0,0.0,0.025145067,0.0,0,0,0,0,0
32442,-1,0,-0.68972415,0.33409446,0,1,unassigned,5.0,5.0,0.0,1.0,0.0,0.0,0.0058027077,0.0,0,0,0,0,0
32443,1,0,-0.119798064,0.47008625,0,1,unassigned,11.0,11.0,0.0,1.0,0.0,0.0,0.017408123,0.0,0,0,0,0,0
32444,-1,0,0.7236324,0.6734064,1,1,unassigned,8.0,7.0,1.0,0.875,0.125,0.125,0.0116054155,0.0014506769,0,0,0,1,0
32445,-1,0,1.4684985,0.8128291,1,1,unassigned,15.0,15.0,0.0,1.0,0.0,0.0,0.025145067,0.0,0,0,0,1,0
32446,-1,0,0.3995083,0.5985695,1,1,unassigned,18.0,17.0,1.0,0.9444444,0.055555556,0.055555582,0.030947777,0.0017193209,0,0,0,1,0
32447,-1,0,-0.86914456,0.29543233,0,1,unassigned,10.0,9.0,1.0,0.9,0.1,0.100000024,0.015473888,0.0015473888,0,0,0,0,0
32448,-1,1,2.3460915,0.912623,1,1,unassigned,6.0,4.0,2.0,0.6666667,0.33333334,0.3333333,0.007736944,0.0025789815,1,0,0,1,1
32449,-1,1,8.408968,0.99977726,1,1,unassigned,5.0,5.0,0.0,1.0,0.0,0.0,0.0058027077,0.0,1,0,0,1,1
32450,-1,1,2.6306598,0.93280894,1,1,unassigned,8.0,7.0,1.0,0.875,0.125,0.125,0.0116054155,0.0014506769,1,0,0,1,1
32451,-1,1,1.7090507,0.8467131,1,1,unassigned,7.0,6.0,1.0,0.85714287,0.14285715,0.14285713,0.00967118,0.0013815971,1,0,0,1,0
32452,0,1,0.90981656,0.71296257,1,1,val,24.0,19.0,5.0,0.7916667,0.20833333,0.20833331,0.04255319,0.0088652475,1,0,0,1,0
32453,-1,1,-0.685933,0.33493844,0,1,unassigned,53.0,52.0,1.0,0.9811321,0.018867925,0.01886791,0.09864604,0.0018612461,1,0,0,0,0
32454,-1,0,3.3551776,0.96627396,1,1,unassigned,5.0,4.0,1.0,0.8,0.2,0.19999999,0.0058027077,0.0011605415,0,0,0,1,1
32455,-1,0,-1.0412793,0.26090324,0,1,unassigned,5.0,5.0,0.0,1.0,0.0,0.0,0.0058027077,0.0,0,0,0,0,0
32456,-1,0,-0.8235031,0.30502057,0,1,unassigned,18.0,15.0,3.0,0.8333333,0.16666667,0.16666669,0.030947777,0.005157963,0,0,0,0,0
32457,-1,0,4.3976536,0.9878434,1,1,unassigned,2.0,2.0,0.0,1.0,0.0,0.0,0.0,0.0,0,0,0,1,1
32458,1,0,-1.402868,0.19736141,0,1,test,2.0,2.0,0.0,1.0,0.0,0.0,0.0,0.0,0,0,0,0,0
32459,-1,0,-0.9853108,0.2718393,0,1,unassigned,38.0,38.0,0.0,1.0,0.0,0.0,0.06963249,0.0,0,0,0,0,0
32460,-1,1,-0.7318106,0.3247975,0,1,unassigned,115.0,110.0,5.0,0.95652175,0.04347826,0.04347825,0.21856867,0.0095029855,1,0,0,0,0
32461,-1,0,-0.3765787,0.40695235,0,1,unassigned,2.0,2.0,0.0,1.0,0.0,0.0,0.0,0.0,0,0,0,0,0
32462,-1,0,3.0618308,0.95529056,1,1,unassigned,2.0,1.0,1.0,0.5,0.5,0.5,0.0,0.0,0,0,0,1,1
32463,-1,0,5.441036,0.99568367,1,1,unassigned,2.0,2.0,0.0,1.0,0.0,0.0,0.0,0.0,0,0,0,1,1
32464,-1,0,6.361309,0.9982759,1,1,unassigned,7.0,7.0,0.0,1.0,0.0,0.0,0.00967118,0.0,0,0,0,1,1
32465,0,0,0.4088474,0.6008115,1,1,unassigned,15.0,14.0,1.0,0.93333334,0.06666667,0.06666666,0.025145067,0.0016763379,0,0,0,1,0
32466,-1,0,3.2188632,0.96153796,1,1,unassigned,7.0,7.0,0.0,1.0,0.0,0.0,0.00967118,0.0,0,0,0,1,1
32467,-1,1,3.9269497,0.9806771,1,1,unassigned,32.0,31.0,1.0,0.96875,0.03125,0.03125,0.058027077,0.0018133462,1,0,0,1,1
32468,-1,0,-0.76004696,0.3186361,0,1,unassigned,37.0,37.0,0.0,1.0,0.0,0.0,0.06769826,0.0,0,0,0,0,0
32469,-1,0,4.3976536,0.9878434,1,1,unassigned,2.0,2.0,0.0,1.0,0.0,0.0,0.0,0.0,0,0,0,1,1
32470,-1,0,0.2541365,0.5631944,1,1,unassigned,32.0,31.0,1.0,0.96875,0.03125,0.03125,0.058027077,0.0018133462,0,0,0,1,0
32471,-1,0,4.598494,0.9900333,1,1,unassigned,4.0,4.0,0.0,1.0,0.0,0.0,0.003868472,0.0,0,0,0,1,1
32472,-1,0,-0.63208026,0.347039,0,1,unassigned,12.0,10.0,2.0,0.8333333,0.16666667,0.16666669,0.01934236,0.0032237265,0,0,0,0,0
32473,-1,0,-0.8339387,0.30281287,0,1,unassigned,26.0,24.0,2.0,0.9230769,0.07692308,0.07692307,0.046421662,0.0035708973,0,0,0,0,0
32474,-1,0,1.1063414,0.75144637,1,1,unassigned,2.0,2.0,0.0,1.0,0.0,0.0,0.0,0.0,0,0,0,1,0
32475,-1,0,10.472786,0.99997175,1,1,unassigned,4.0,4.0,0.0,1.0,0.0,0.0,0.003868472,0.0,0,0,0,1,1
32476,-1,0,7.869904,0.99961805,1,1,unassigned,2.0,2.0,0.0,1.0,0.0,0.0,0.0,0.0,0,0,0,1,1
32477,1,0,3.1726127,0.9597906,1,0,unassigned,3.0,3.0,0.0,1.0,0.0,0.0,0.001934236,0.0,0,0,1,1,1
32478,-1,0,1.4964583,0.8170457,1,1,unassigned,2.0,2.0,0.0,1.0,0.0,0.0,0.0,0.0,0,0,0,1,0
32479,-1,0,2.6851258,0.9361432,1,1,unassigned,5.0,5.0,0.0,1.0,0.0,0.0,0.0058027077,0.0,0,0,0,1,1
32480,-1,0,6.077973,0.9977124,1,1,unassigned,3.0,3.0,0.0,1.0,0.0,0.0,0.001934236,0.0,0,0,0,1,1
32481,1,0,6.5105834,0.9985146,1,0,unassigned,6.0,6.0,0.0,1.0,0.0,0.0,0.007736944,0.0,0,0,1,1,1
32482,-1,1,6.356158,0.99826694,1,1,unassigned,30.0,20.0,10.0,0.6666667,0.33333334,0.3333333,0.054158606,0.018052869,1,0,0,1,1
32483,1,0,1.6765101,0.84244186,1,0,unassigned,3.0,3.0,0.0,1.0,0.0,0.0,0.001934236,0.0,0,0,1,1,0
32484,0,0,-0.9138828,0.28620595,0,0,unassigned,56.0,55.0,1.0,0.98214287,0.017857144,0.017857134,0.10444874,0.0018651562,0,0,1,0,0
32485,-1,1,0.68327075,0.6644683,1,1,unassigned,2.0,2.0,0.0,1.0,0.0,0.0,0.0,0.0,1,0,0,1,0
32486,-1,0,4.695217,0.99094385,1,1,unassigned,3.0,3.0,0.0,1.0,0.0,0.0,0.001934236,0.0,0,0,0,1,1
32487,-1,0,5.906644,0.9972861,1,1,unassigned,4.0,4.0,0.0,1.0,0.0,0.0,0.003868472,0.0,0,0,0,1,1
32488,-1,0,0.5745006,0.639801,1,1,unassigned,4.0,3.0,1.0,0.75,0.25,0.25,0.003868472,0.000967118,0,0,0,1,0
32489,-1,0,0.27090502,0.5673151,1,1,unassigned,2.0,2.0,0.0,1.0,0.0,0.0,0.0,0.0,0,0,0,1,0
32490,-1,0,-0.17716792,0.45582354,0,1,unassigned,6.0,6.0,0.0,1.0,0.0,0.0,0.007736944,0.0,0,0,0,0,0
32491,0,0,-0.82191175,0.305358,0,0,test,41.0,41.0,0.0,1.0,0.0,0.0,0.07543521,0.0,0,0,1,0,0
32492,-1,1,8.043044,0.99967873,1,1,unassigned,47.0,39.0,8.0,0.82978725,0.17021276,0.17021275,0.08704062,0.014815424,1,0,0,1,1
32493,-1,0,-0.48117137,0.38197556,0,1,unassigned,5.0,5.0,0.0,1.0,0.0,0.0,0.0058027077,0.0,0,0,0,0,0
32494,-1,0,-0.94083095,0.2807325,0,1,unassigned,41.0,41.0,0.0,1.0,0.0,0.0,0.07543521,0.0,0,0,0,0,0
32495,0,0,0.08580637,0.5214384,1,1,test,2.0,2.0,0.0,1.0,0.0,0.0,0.0,0.0,0,0,0,1,0
32496,-1,0,-0.020171523,0.49495733,0,1,unassigned,2.0,2.0,0.0,1.0,0.0,0.0,0.0,0.0,0,0,0,0,0
32497,-1,0,0.14538062,0.5362813,1,1,unassigned,40.0,39.0,1.0,0.975,0.025,0.024999976,0.07350097,0.0018375242,0,0,0,1,0
32498,-1,0,0.028680742,0.50716966,1,1,unassigned,6.0,6.0,0.0,1.0,0.0,0.0,0.007736944,0.0,0,0,0,1,0
32499,-1,0,-0.60223985,0.3538314,0,1,unassigned,17.0,16.0,1.0,0.9411765,0.05882353,0.058823526,0.029013539,0.0017066788,0,0,0,0,0
32500,-1,0,0.2859916,0.5710145,1,1,unassigned,3.0,3.0,0.0,1.0,0.0,0.0,0.001934236,0.0,0,0,0,1,0
32501,-1,1,1.5038304,0.81814504,1,1,unassigned,20.0,20.0,0.0,1.0,0.0,0.0,0.034816246,0.0,1,0,0,1,0
32502,0,0,-0.42738438,0.3947511,0,0,val,167.0,165.0,2.0,0.98802394,0.011976048,0.011976063,0.31914893,0.003822143,0,0,1,0,0
32503,-1,1,2.7613819,0.9405529,1,1,unassigned,2.0,1.0,1.0,0.5,0.5,0.5,0.0,0.0,1,0,0,1,1
32504,-1,1,-0.23892033,0.4405524,0,1,unassigned,25.0,24.0,1.0,0.96,0.04,0.04000002,0.044487428,0.001779497,1,0,0,0,0
32505,1,1,1.6131065,0.8338422,1,0,test,18.0,18.0,0.0,1.0,0.0,0.0,0.030947777,0.0,1,0,1,1,0
32506,-1,0,-0.45298493,0.3886513,0,1,unassigned,2.0,1.0,1.0,0.5,0.5,0.5,0.0,0.0,0,0,0,0,0
32507,-1,0,0.0642491,0.5160568,1,1,unassigned,2.0,2.0,0.0,1.0,0.0,0.0,0.0,0.0,0,0,0,1,0
32508,-1,0,4.493918,0.98894674,1,1,unassigned,2.0,2.0,0.0,1.0,0.0,0.0,0.0,0.0,0,0,0,1,1
32509,-1,0,-0.21357343,0.4468087,0,1,unassigned,35.0,35.0,0.0,1.0,0.0,0.0,0.06382979,0.0,0,0,0,0,0
32510,-1,1,2.9677918,0.95109767,1,1,unassigned,3.0,2.0,1.0,0.6666667,0.33333334,0.3333333,0.001934236,0.00064474536,1,0,0,1,1
32511,0,0,-0.45117748,0.38908085,0,0,test,14.0,14.0,0.0,1.0,0.0,0.0,0.023210831,0.0,0,0,1,0,0
32512,-1,1,-0.4229919,0.39580104,0,1,unassigned,37.0,32.0,5.0,0.8648649,0.13513513,0.13513511,0.06769826,0.009148413,1,0,0,0,0
32513,-1,1,2.289739,0.9080237,1,1,unassigned,2.0,2.0,0.0,1.0,0.0,0.0,0.0,0.0,1,0,0,1,1
32514,-1,1,-0.75629795,0.31945056,0,1,unassigned,32.0,30.0,2.0,0.9375,0.0625,0.0625,0.058027077,0.0036266923,1,0,0,0,0
32515,-1,1,3.8565133,0.9792962,1,1,unassigned,2.0,2.0,0.0,1.0,0.0,0.0,0.0,0.0,1,0,0,1,1
32516,-1,1,3.0259879,0.9537345,1,1,unassigned,46.0,43.0,3.0,0.9347826,0.06521739,0.065217376,0.08510638,0.005550416,1,0,0,1,1
32517,-1,1,-0.55896664,0.3637866,0,1,unassigned,26.0,25.0,1.0,0.96153843,0.03846154,0.038461566,0.046421662,0.0017854486,1,0,0,0,0
32518,-1,0,1.7690077,0.85433424,1,1,unassigned,2.0,2.0,0.0,1.0,0.0,0.0,0.0,0.0,0,0,0,1,0
32519,0,0,-0.13019162,0.46749797,0,0,val,13.0,13.0,0.0,1.0,0.0,0.0,0.021276595,0.0,0,0,1,0,0
32520,-1,1,-0.43228176,0.3935816,0,1,unassigned,41.0,36.0,5.0,0.8780488,0.12195122,0.12195122,0.07543521,0.009199415,1,0,0,0,0
32521,-1,0,1.6719644,0.8418375,1,1,unassigned,2.0,2.0,0.0,1.0,0.0,0.0,0.0,0.0,0,0,0,1,0
32522,1,1,2.8475797,0.94519347,1,0,train,21.0,20.0,1.0,0.95238096,0.04761905,0.047619045,0.036750484,0.0017500231,1,0,1,1,1
32523,-1,0,6.948407,0.9990408,1,1,unassigned,2.0,2.0,0.0,1.0,0.0,0.0,0.0,0.0,0,0,0,1,1
32524,-1,1,4.1643205,0.9846976,1,1,unassigned,2.0,2.0,0.0,1.0,0.0,0.0,0.0,0.0,1,0,0,1,1
32525,-1,1,-0.6115019,0.35171667,0,1,unassigned,64.0,63.0,1.0,0.984375,0.015625,0.015625,0.11992263,0.0018737911,1,0,0,0,0
32526,-1,1,1.1312094,0.75606203,1,1,unassigned,33.0,21.0,12.0,0.6363636,0.36363637,0.36363637,0.059961315,0.021804115,1,0,0,1,0
32527,-1,0,1.894418,0.8692584,1,1,unassigned,14.0,14.0,0.0,1.0,0.0,0.0,0.023210831,0.0,0,0,0,1,0
32528,-1,0,0.55915767,0.6362576,1,1,unassigned,13.0,5.0,8.0,0.3846154,0.61538464,0.6153846,0.021276595,0.01309329,0,0,0,1,0
32529,1,0,4.245981,0.98588055,1,0,unassigned,9.0,9.0,0.0,1.0,0.0,0.0,0.013539651,0.0,0,0,1,1,1
32530,-1,0,0.17693186,0.5441179,1,1,unassigned,4.0,4.0,0.0,1.0,0.0,0.0,0.003868472,0.0,0,0,0,1,0
32531,-1,1,3.5328362,0.9716078,1,1,unassigned,19.0,18.0,1.0,0.94736844,0.05263158,0.052631557,0.032882012,0.0017306323,1,0,0,1,1
32532,-1,1,6.674385,0.9987387,1,1,unassigned,13.0,11.0,2.0,0.84615386,0.15384616,0.15384614,0.021276595,0.0032733225,1,0,0,1,1
32533,-1,0,3.1192749,0.9576808,1,1,unassigned,6.0,1.0,5.0,0.16666667,0.8333333,0.8333333,0.007736944,0.0064474535,0,0,0,1,1
32534,-1,1,0.52022785,0.627201,1,1,unassigned,4.0,4.0,0.0,1.0,0.0,0.0,0.003868472,0.0,1,0,0,1,0
32535,-1,1,4.1291833,0.984159,1,1,unassigned,13.0,13.0,0.0,1.0,0.0,0.0,0.021276595,0.0,1,0,0,1,1
32536,-1,1,1.4140303,0.8044008,1,1,unassigned,8.0,8.0,0.0,1.0,0.0,0.0,0.0116054155,0.0,1,0,0,1,0
32537,-1,1,-0.2707805,0.4327155,0,1,unassigned,6.0,6.0,0.0,1.0,0.0,0.0,0.007736944,0.0,1,0,0,0,0
32538,-1,0,3.3191698,0.9650806,1,1,unassigned,5.0,4.0,1.0,0.8,0.2,0.19999999,0.0058027077,0.0011605415,0,0,0,1,1
32539,-1,1,0.5445593,0.63287234,1,1,unassigned,10.0,10.0,0.0,1.0,0.0,0.0,0.015473888,0.0,1,0,0,1,0
32540,-1,1,0.5504702,0.6342447,1,1,unassigned,5.0,5.0,0.0,1.0,0.0,0.0,0.0058027077,0.0,1,0,0,1,0
32541,1,0,-0.5098611,0.3752261,0,1,val,12.0,12.0,0.0,1.0,0.0,0.0,0.01934236,0.0,0,0,0,0,0
32542,-1,0,-0.6852273,0.33509564,0,1,unassigned,4.0,3.0,1.0,0.75,0.25,0.25,0.003868472,0.000967118,0,0,0,0,0
32543,1,0,0.8803058,0.7068856,1,0,val,2.0,2.0,0.0,1.0,0.0,0.0,0.0,0.0,0,0,1,1,0
32544,-1,0,1.8428881,0.8632899,1,1,unassigned,4.0,4.0,0.0,1.0,0.0,0.0,0.003868472,0.0,0,0,0,1,0
32545,-1,0,2.31503,0.91011417,1,1,unassigned,3.0,3.0,0.0,1.0,0.0,0.0,0.001934236,0.0,0,0,0,1,1
32546,-1,0,-0.6755513,0.33725494,0,1,unassigned,15.0,15.0,0.0,1.0,0.0,0.0,0.025145067,0.0,0,0,0,0,0
32547,0,1,-0.7261793,0.3260337,0,0,train,68.0,65.0,3.0,0.9558824,0.04411765,0.04411763,0.12765957,0.00563204,1,0,1,0,0
32548,0,0,-0.69682556,0.33251643,0,0,val,3.0,1.0,2.0,0.33333334,0.6666667,0.6666666,0.001934236,0.0012894907,0,0,1,0,0
32549,-1,0,-0.12131435,0.46970856,0,1,unassigned,9.0,9.0,0.0,1.0,0.0,0.0,0.013539651,0.0,0,0,0,0,0
32550,-1,0,-0.15749109,0.4607084,0,1,unassigned,20.0,20.0,0.0,1.0,0.0,0.0,0.034816246,0.0,0,0,0,0,0
32551,-1,0,-0.52900225,0.37074965,0,1,unassigned,10.0,10.0,0.0,1.0,0.0,0.0,0.015473888,0.0,0,0,0,0,0
32552,-1,1,0.83906955,0.6982692,1,1,unassigned,3.0,3.0,0.0,1.0,0.0,0.0,0.001934236,0.0,1,0,0,1,0
32553,-1,0,-0.5560228,0.3644682,0,1,unassigned,8.0,8.0,0.0,1.0,0.0,0.0,0.0116054155,0.0,0,0,0,0,0
32554,-1,0,1.9788992,0.8785638,1,1,unassigned,39.0,39.0,0.0,1.0,0.0,0.0,0.07156673,0.0,0,0,0,1,0
32555,-1,1,3.0127473,0.9531467,1,1,unassigned,36.0,29.0,7.0,0.8055556,0.19444445,0.19444442,0.065764025,0.012787449,1,0,0,1,1
32556,-1,0,0.2500552,0.56219006,1,1,unassigned,32.0,32.0,0.0,1.0,0.0,0.0,0.058027077,0.0,0,0,0,1,0
32557,-1,0,0.609899,0.64791775,1,1,unassigned,11.0,10.0,1.0,0.90909094,0.09090909,0.090909064,0.017408123,0.0015825568,0,0,0,1,0
32558,-1,0,1.6907642,0.8443246,1,1,unassigned,5.0,5.0,0.0,1.0,0.0,0.0,0.0058027077,0.0,0,0,0,1,0
32559,-1,0,0.3540833,0.5876074,1,1,unassigned,9.0,9.0,0.0,1.0,0.0,0.0,0.013539651,0.0,0,0,0,1,0
32560,-1,0,0.9190981,0.71485835,1,1,unassigned,40.0,40.0,0.0,1.0,0.0,0.0,0.07350097,0.0,0,0,0,1,0
32561,0,0,0.039825678,0.5099551,1,1,test,12.0,12.0,0.0,1.0,0.0,0.0,0.01934236,0.0,0,0,0,1,0
32562,0,1,1.1837664,0.76562434,1,1,val,9.0,6.0,3.0,0.6666667,0.33333334,0.3333333,0.013539651,0.004513217,1,0,0,1,0
32563,-1,1,5.0465813,0.9936098,1,1,unassigned,43.0,40.0,3.0,0.9302326,0.069767445,0.069767416,0.079303674,0.0055328147,1,0,0,1,1
32564,0,1,-0.6368295,0.34596357,0,0,unassigned,12.0,12.0,0.0,1.0,0.0,0.0,0.01934236,0.0,1,0,1,0,0
32565,-1,0,0.831662,0.69670624,1,1,unassigned,3.0,3.0,0.0,1.0,0.0,0.0,0.001934236,0.0,0,0,0,1,0
32566,-1,1,-0.08649081,0.47839078,0,1,unassigned,7.0,7.0,0.0,1.0,0.0,0.0,0.00967118,0.0,1,0,0,0,0
32567,-1,0,0.2967432,0.5736462,1,1,unassigned,4.0,4.0,0.0,1.0,0.0,0.0,0.003868472,0.0,0,0,0,1,0
32568,-1,0,7.5585895,0.99947864,1,1,unassigned,2.0,2.0,0.0,1.0,0.0,0.0,0.0,0.0,0,0,0,1,1
32569,-1,0,-0.93690485,0.28152594,0,1,unassigned,55.0,53.0,2.0,0.96363634,0.036363635,0.03636366,0.102514505,0.0037278,0,0,0,0,0
32570,-1,1,-0.6445006,0.34422988,0,1,unassigned,9.0,8.0,1.0,0.8888889,0.11111111,0.111111104,0.013539651,0.0015044058,1,0,0,0,0
32571,-1,0,1.0570669,0.7421296,1,1,unassigned,5.0,5.0,0.0,1.0,0.0,0.0,0.0058027077,0.0,0,0,0,1,0
32572,-1,0,4.8156304,0.991963,1,1,unassigned,8.0,8.0,0.0,1.0,0.0,0.0,0.0116054155,0.0,0,0,0,1,1
32573,0,0,0.19102812,0.5476123,1,1,unassigned,27.0,27.0,0.0,1.0,0.0,0.0,0.0483559,0.0,0,0,0,1,0
32574,-1,0,6.5304723,0.99854386,1,1,unassigned,2.0,2.0,0.0,1.0,0.0,0.0,0.0,0.0,0,0,0,1,1
32575,-1,1,0.5957146,0.64467525,1,1,unassigned,29.0,28.0,1.0,0.9655172,0.03448276,0.034482777,0.05222437,0.0018008404,1,0,0,1,0
32576,-1,1,-0.8860359,0.29192856,0,1,unassigned,6.0,5.0,1.0,0.8333333,0.16666667,0.16666669,0.007736944,0.0012894907,1,0,0,0,0
32577,-1,1,-0.6475063,0.34355173,0,1,unassigned,13.0,13.0,0.0,1.0,0.0,0.0,0.021276595,0.0,1,0,0,0,0
32578,-1,0,-0.11087698,0.47230914,0,1,unassigned,11.0,11.0,0.0,1.0,0.0,0.0,0.017408123,0.0,0,0,0,0,0
32579,-1,0,-0.59500825,0.35548654,0,1,unassigned,24.0,23.0,1.0,0.9583333,0.041666668,0.041666687,0.04255319,0.0017730496,0,0,0,0,0
32580,-1,0,3.6099718,0.97365993,1,1,unassigned,10.0,10.0,0.0,1.0,0.0,0.0,0.015473888,0.0,0,0,0,1,1
32581,-1,1,-0.06097406,0.48476118,0,1,unassigned,21.0,18.0,3.0,0.85714287,0.14285715,0.14285713,0.036750484,0.0052500693,1,0,0,0,0
32582,1,0,0.72634274,0.67400223,1,0,unassigned,4.0,4.0,0.0,1.0,0.0,0.0,0.003868472,0.0,0,0,1,1,0
32583,-1,0,4.0866466,0.9834819,1,1,unassigned,13.0,13.0,0.0,1.0,0.0,0.0,0.021276595,0.0,0,0,0,1,1
32584,-1,0,-0.87898725,0.29338768,0,1,unassigned,30.0,29.0,1.0,0.96666664,0.033333335,0.03333336,0.054158606,0.001805287,0,0,0,0,0
32585,-1,1,1.645757,0.83831674,1,1,unassigned,6.0,6.0,0.0,1.0,0.0,0.0,0.007736944,0.0,1,0,0,1,0
32586,-1,0,-0.5514868,0.36551952,0,1,unassigned,9.0,9.0,0.0,1.0,0.0,0.0,0.013539651,0.0,0,0,0,0,0
32587,-1,0,4.151013,0.98449564,1,1,unassigned,13.0,11.0,2.0,0.84615386,0.15384616,0.15384614,0.021276595,0.0032733225,0,0,0,1,1
32588,-1,0,2.491173,0.9235207,1,1,unassigned,7.0,7.0,0.0,1.0,0.0,0.0,0.00967118,0.0,0,0,0,1,1
32589,-1,0,-0.6642039,0.3397959,0,1,unassigned,25.0,25.0,0.0,1.0,0.0,0.0,0.044487428,0.0,0,0,0,0,0
32590,-1,0,3.2037232,0.9609742,1,1,unassigned,10.0,10.0,0.0,1.0,0.0,0.0,0.015473888,0.0,0,0,0,1,1
32591,-1,0,0.7650235,0.6824434,1,1,unassigned,2.0,2.0,0.0,1.0,0.0,0.0,0.0,0.0,0,0,0,1,0
32592,-1,1,-0.62477523,0.3486962,0,1,unassigned,10.0,10.0,0.0,1.0,0.0,0.0,0.015473888,0.0,1,0,0,0,0
32593,-1,0,2.4874415,0.9232567,1,1,unassigned,4.0,4.0,0.0,1.0,0.0,0.0,0.003868472,0.0,0,0,0,1,1
32594,-1,1,-0.07138148,0.4821622,0,1,unassigned,3.0,3.0,0.0,1.0,0.0,0.0,0.001934236,0.0,1,0,0,0,0
32595,-1,0,-0.3153803,0.421802,0,1,unassigned,2.0,2.0,0.0,1.0,0.0,0.0,0.0,0.0,0,0,0,0,0
32596,-1,1,-0.1916861,0.45222464,0,1,unassigned,32.0,30.0,2.0,0.9375,0.0625,0.0625,0.058027077,0.0036266923,1,0,0,0,0
32597,-1,1,-0.4479313,0.38985273,0,1,unassigned,50.0,50.0,0.0,1.0,0.0,0.0,0.092843324,0.0,1,0,0,0,0
32598,0,1,0.10652614,0.5266064,1,1,unassigned,33.0,29.0,4.0,0.8787879,0.121212125,0.121212125,0.059961315,0.0072680386,1,0,0,1,0
32599,-1,0,3.0948713,0.9566807,1,1,unassigned,19.0,19.0,0.0,1.0,0.0,0.0,0.032882012,0.0,0,0,0,1,1
32600,-1,0,0.00089627504,0.50022405,1,1,unassigned,40.0,40.0,0.0,1.0,0.0,0.0,0.07350097,0.0,0,0,0,1,0
32601,-1,0,2.3147366,0.9100902,1,1,unassigned,7.0,5.0,2.0,0.71428573,0.2857143,0.28571427,0.00967118,0.0027631943,0,0,0,1,1
32602,-1,0,1.9679043,0.87738585,1,1,unassigned,3.0,3.0,0.0,1.0,0.0,0.0,0.001934236,0.0,0,0,0,1,0
32603,1,0,0.27794498,0.5690423,1,0,test,37.0,27.0,10.0,0.7297297,0.27027026,0.2702703,0.06769826,0.018296827,0,0,1,1,0
32604,-1,1,0.2069059,0.5515427,1,1,unassigned,31.0,28.0,3.0,0.9032258,0.09677419,0.09677422,0.056092843,0.0054283394,1,0,0,1,0
32605,-1,1,8.700617,0.99983346,1,1,unassigned,4.0,3.0,1.0,0.75,0.25,0.25,0.003868472,0.000967118,1,0,0,1,1
32606,-1,1,-0.4992525,0.37771636,0,1,unassigned,6.0,6.0,0.0,1.0,0.0,0.0,0.007736944,0.0,1,0,0,0,0
32607,-1,1,1.5988634,0.83185947,1,1,unassigned,9.0,9.0,0.0,1.0,0.0,0.0,0.013539651,0.0,1,0,0,1,0
32608,-1,0,7.8003335,0.9995906,1,1,unassigned,2.0,2.0,0.0,1.0,0.0,0.0,0.0,0.0,0,0,0,1,1
32609,-1,0,1.3424599,0.7928942,1,1,unassigned,13.0,13.0,0.0,1.0,0.0,0.0,0.021276595,0.0,0,0,0,1,0
32610,-1,0,-0.19400108,0.4516513,0,1,unassigned,29.0,29.0,0.0,1.0,0.0,0.0,0.05222437,0.0,0,0,0,0,0
32611,-1,1,0.6346496,0.653543,1,1,unassigned,5.0,5.0,0.0,1.0,0.0,0.0,0.0058027077,0.0,1,0,0,1,0
32612,-1,1,0.7725597,0.68407434,1,1,unassigned,17.0,15.0,2.0,0.88235295,0.11764706,0.11764705,0.029013539,0.0034133575,1,0,0,1,0
32613,-1,1,-0.27524132,0.43162084,0,1,unassigned,125.0,104.0,21.0,0.832,0.168,0.16799998,0.23791103,0.039969053,1,0,0,0,0
32614,-1,1,3.4507434,0.9692533,1,1,unassigned,28.0,27.0,1.0,0.96428573,0.035714287,0.03571427,0.050290134,0.0017960763,1,0,0,1,1
32615,-1,1,0.18432349,0.54595083,1,1,unassigned,14.0,14.0,0.0,1.0,0.0,0.0,0.023210831,0.0,1,0,0,1,0
32616,-1,1,3.0033603,0.9527257,1,1,unassigned,83.0,77.0,6.0,0.92771083,0.072289154,0.07228917,0.15667312,0.011325767,1,0,0,1,1
32617,-1,0,4.039021,0.9826902,1,1,unassigned,11.0,7.0,4.0,0.6363636,0.36363637,0.36363637,0.017408123,0.006330227,0,0,0,1,1
32618,-1,1,0.13162184,0.532858,1,1,unassigned,3.0,3.0,0.0,1.0,0.0,0.0,0.001934236,0.0,1,0,0,1,0
32619,0,1,-0.69107455,0.33379406,0,0,test,13.0,12.0,1.0,0.9230769,0.07692308,0.07692307,0.021276595,0.0016366612,1,0,1,0,0
32620,1,0,3.0579913,0.95512635,1,0,val,15.0,12.0,3.0,0.8,0.2,0.19999999,0.025145067,0.0050290134,0,0,1,1,1
32621,-1,0,2.8497813,0.9453073,1,1,unassigned,2.0,1.0,1.0,0.5,0.5,0.5,0.0,0.0,0,0,0,1,1
32622,-1,1,-0.30018774,0.42551157,0,1,unassigned,2.0,2.0,0.0,1.0,0.0,0.0,0.0,0.0,1,0,0,0,0
32623,0,1,4.3173156,0.9868399,1,1,val,8.0,8.0,0.0,1.0,0.0,0.0,0.0116054155,0.0,1,0,0,1,1
32624,-1,0,7.5648503,0.999482,1,1,unassigned,2.0,2.0,0.0,1.0,0.0,0.0,0.0,0.0,0,0,0,1,1
32625,-1,1,-0.42954034,0.39423612,0,1,unassigned,3.0,2.0,1.0,0.6666667,0.33333334,0.3333333,0.001934236,0.00064474536,1,0,0,0,0
32626,-1,0,-0.33510378,0.41699928,0,1,unassigned,2.0,2.0,0.0,1.0,0.0,0.0,0.0,0.0,0,0,0,0,0
32627,-1,0,4.699367,0.99098104,1,1,unassigned,11.0,11.0,0.0,1.0,0.0,0.0,0.017408123,0.0,0,0,0,1,1
32628,-1,0,-0.95058405,0.27876738,0,1,unassigned,3.0,3.0,0.0,1.0,0.0,0.0,0.001934236,0.0,0,0,0,0,0
32629,-1,0,-0.44886935,0.38962963,0,1,unassigned,3.0,3.0,0.0,1.0,0.0,0.0,0.001934236,0.0,0,0,0,0,0
32630,-1,0,-0.14334089,0.46422598,0,1,unassigned,45.0,45.0,0.0,1.0,0.0,0.0,0.08317215,0.0,0,0,0,0,0
32631,-1,1,11.509096,0.99999,1,1,unassigned,3.0,1.0,2.0,0.33333334,0.6666667,0.6666666,0.001934236,0.0012894907,1,0,0,1,1
32632,-1,1,1.2043457,0.76929694,1,1,unassigned,54.0,52.0,2.0,0.962963,0.037037037,0.037037015,0.10058027,0.003725195,1,0,0,1,0
32633,-1,0,0.3244111,0.58039886,1,1,unassigned,3.0,3.0,0.0,1.0,0.0,0.0,0.001934236,0.0,0,0,0,1,0
32634,0,1,-0.17341903,0.45675355,0,0,train,56.0,54.0,2.0,0.96428573,0.035714287,0.03571427,0.10444874,0.0037303125,1,0,1,0,0
32635,-1,0,3.3241901,0.9652494,1,1,unassigned,2.0,2.0,0.0,1.0,0.0,0.0,0.0,0.0,0,0,0,1,1
32636,-1,1,3.7762225,0.97760403,1,1,unassigned,5.0,4.0,1.0,0.8,0.2,0.19999999,0.0058027077,0.0011605415,1,0,0,1,1
32637,-1,1,1.7765639,0.855272,1,1,unassigned,19.0,19.0,0.0,1.0,0.0,0.0,0.032882012,0.0,1,0,0,1,0
32638,-1,0,1.078177,0.7461488,1,1,unassigned,3.0,3.0,0.0,1.0,0.0,0.0,0.001934236,0.0,0,0,0,1,0
32639,0,0,-0.8535942,0.29867944,0,0,unassigned,27.0,27.0,0.0,1.0,0.0,0.0,0.0483559,0.0,0,0,1,0,0
32640,-1,1,1.9235194,0.87253034,1,1,unassigned,3.0,3.0,0.0,1.0,0.0,0.0,0.001934236,0.0,1,0,0,1,0
32641,-1,0,-0.91434395,0.28611177,0,1,unassigned,145.0,144.0,1.0,0.99310344,0.0068965517,0.0068965554,0.27659574,0.0019075568,0,0,0,0,0
32642,-1,1,4.008574,0.9821646,1,1,unassigned,9.0,7.0,2.0,0.7777778,0.22222222,0.22222221,0.013539651,0.0030088115,1,0,0,1,1
32643,1,0,1.7926428,0.857251,1,0,val,13.0,11.0,2.0,0.84615386,0.15384616,0.15384614,0.021276595,0.0032733225,0,0,1,1,0
32644,-1,0,6.209759,0.9979943,1,1,unassigned,36.0,35.0,1.0,0.9722222,0.027777778,0.027777791,0.065764025,0.0018267785,0,0,0,1,1
32645,-1,1,5.9178863,0.9973163,1,1,unassigned,13.0,12.0,1.0,0.9230769,0.07692308,0.07692307,0.021276595,0.0016366612,1,0,0,1,1
32646,-1,0,2.2772896,0.9069786,1,1,unassigned,5.0,4.0,1.0,0.8,0.2,0.19999999,0.0058027077,0.0011605415,0,0,0,1,1
32647,-1,0,0.6849504,0.66484267,1,1,unassigned,20.0,20.0,0.0,1.0,0.0,0.0,0.034816246,0.0,0,0,0,1,0
32648,-1,0,7.5648503,0.999482,1,1,unassigned,2.0,2.0,0.0,1.0,0.0,0.0,0.0,0.0,0,0,0,1,1
32649,-1,0,7.5648503,0.999482,1,1,unassigned,2.0,2.0,0.0,1.0,0.0,0.0,0.0,0.0,0,0,0,1,1
32650,-1,1,-0.1469065,0.4633393,0,1,unassigned,18.0,16.0,2.0,0.8888889,0.11111111,0.111111104,0.030947777,0.0034386418,1,0,0,0,0
32651,-1,0,0.27679974,0.56876147,1,1,unassigned,2.0,2.0,0.0,1.0,0.0,0.0,0.0,0.0,0,0,0,1,0
32652,-1,1,-0.80053824,0.3099104,0,1,unassigned,9.0,9.0,0.0,1.0,0.0,0.0,0.013539651,0.0,1,0,0,0,0
32653,-1,1,0.31596905,0.5783416,1,1,unassigned,16.0,16.0,0.0,1.0,0.0,0.0,0.027079303,0.0,1,0,0,1,0
32654,-1,0,2.3971655,0.91661096,1,1,unassigned,5.0,3.0,2.0,0.6,0.4,0.39999998,0.0058027077,0.002321083,0,0,0,1,1
32655,-1,0,-0.064592004,0.48385757,0,1,unassigned,2.0,2.0,0.0,1.0,0.0,0.0,0.0,0.0,0,0,0,0,0
32656,-1,0,-0.83806443,0.3019426,0,1,unassigned,2.0,2.0,0.0,1.0,0.0,0.0,0.0,0.0,0,0,0,0,0
32657,-1,0,-0.9058442,0.287851,0,1,unassigned,13.0,13.0,0.0,1.0,0.0,0.0,0.021276595,0.0,0,0,0,0,0
32658,-1,0,-0.16572857,0.45866245,0,1,unassigned,30.0,30.0,0.0,1.0,0.0,0.0,0.054158606,0.0,0,0,0,0,0
32659,-1,0,-0.71175104,0.32921204,0,1,unassigned,17.0,16.0,1.0,0.9411765,0.05882353,0.058823526,0.029013539,0.0017066788,0,0,0,0,0
32660,-1,0,2.485084,0.9230895,1,1,unassigned,26.0,26.0,0.0,1.0,0.0,0.0,0.046421662,0.0,0,0,0,1,1
32661,-1,1,6.103882,0.9977708,1,1,unassigned,8.0,6.0,2.0,0.75,0.25,0.25,0.0116054155,0.0029013539,1,0,0,1,1
32662,1,1,1.1889873,0.7665599,1,0,val,13.0,13.0,0.0,1.0,0.0,0.0,0.021276595,0.0,1,0,1,1,0
32663,-1,1,0.49858838,0.62212753,1,1,unassigned,42.0,42.0,0.0,1.0,0.0,0.0,0.07736944,0.0,1,0,0,1,0
32664,-1,0,7.5648503,0.999482,1,1,unassigned,2.0,2.0,0.0,1.0,0.0,0.0,0.0,0.0,0,0,0,1,1
32665,-1,1,1.319166,0.7890429,1,1,unassigned,30.0,28.0,2.0,0.93333334,0.06666667,0.06666666,0.054158606,0.003610574,1,0,0,1,0
32666,1,0,-0.2560558,0.43633354,0,1,test,28.0,28.0,0.0,1.0,0.0,0.0,0.050290134,0.0,0,0,0,0,0
32667,1,0,-0.72988576,0.3252198,0,1,unassigned,2.0,2.0,0.0,1.0,0.0,0.0,0.0,0.0,0,0,0,0,0
32668,-1,0,-0.2406331,0.44013035,0,1,unassigned,43.0,43.0,0.0,1.0,0.0,0.0,0.079303674,0.0,0,0,0,0,0
32669,-1,0,-0.08895707,0.47777537,0,1,unassigned,9.0,9.0,0.0,1.0,0.0,0.0,0.013539651,0.0,0,0,0,0,0
32670,-1,0,0.005222738,0.5013057,1,1,unassigned,11.0,11.0,0.0,1.0,0.0,0.0,0.017408123,0.0,0,0,0,1,0
32671,-1,0,-0.28975555,0.42806372,0,1,unassigned,2.0,2.0,0.0,1.0,0.0,0.0,0.0,0.0,0,0,0,0,0
32672,1,0,1.9514225,0.87560165,1,0,unassigned,34.0,34.0,0.0,1.0,0.0,0.0,0.061895553,0.0,0,0,1,1,0
32673,1,0,2.6558695,0.9343718,1,0,test,6.0,6.0,0.0,1.0,0.0,0.0,0.007736944,0.0,0,0,1,1,1
32674,-1,0,-0.579379,0.3590755,0,1,unassigned,5.0,5.0,0.0,1.0,0.0,0.0,0.0058027077,0.0,0,0,0,0,0
32675,1,0,-0.41798353,0.3969994,0,1,unassigned,36.0,36.0,0.0,1.0,0.0,0.0,0.065764025,0.0,0,0,0,0,0
32676,-1,0,7.4269824,0.9994054,1,1,unassigned,2.0,2.0,0.0,1.0,0.0,0.0,0.0,0.0,0,0,0,1,1
32677,-1,0,7.5648503,0.999482,1,1,unassigned,2.0,2.0,0.0,1.0,0.0,0.0,0.0,0.0,0,0,0,1,1
32678,-1,0,4.3528576,0.9872936,1,1,unassigned,3.0,3.0,0.0,1.0,0.0,0.0,0.001934236,0.0,0,0,0,1,1
32679,-1,0,2.463703,0.9215578,1,1,unassigned,8.0,8.0,0.0,1.0,0.0,0.0,0.0116054155,0.0,0,0,0,1,1
32680,-1,0,5.5856586,0.9962627,1,1,unassigned,4.0,4.0,0.0,1.0,0.0,0.0,0.003868472,0.0,0,0,0,1,1
32681,-1,0,4.4521413,0.9884807,1,1,unassigned,5.0,5.0,0.0,1.0,0.0,0.0,0.0058027077,0.0,0,0,0,1,1
32682,-1,1,2.935815,0.9495887,1,1,unassigned,2.0,2.0,0.0,1.0,0.0,0.0,0.0,0.0,1,0,0,1,1
32683,-1,0,5.858829,0.9971535,1,1,unassigned,7.0,6.0,1.0,0.85714287,0.14285715,0.14285713,0.00967118,0.0013815971,0,0,0,1,1
32684,-1,0,1.7743461,0.85499734,1,1,unassigned,4.0,4.0,0.0,1.0,0.0,0.0,0.003868472,0.0,0,0,0,1,0
32685,-1,1,4.0828357,0.98342,1,1,unassigned,3.0,2.0,1.0,0.6666667,0.33333334,0.3333333,0.001934236,0.00064474536,1,0,0,1,1
32686,-1,0,-0.5621031,0.36306098,0,1,unassigned,5.0,4.0,1.0,0.8,0.2,0.19999999,0.0058027077,0.0011605415,0,0,0,0,0
32687,-1,1,-0.14134338,0.46472284,0,1,unassigned,4.0,4.0,0.0,1.0,0.0,0.0,0.003868472,0.0,1,0,0,0,0
32688,-1,1,3.8532622,0.9792301,1,1,unassigned,3.0,2.0,1.0,0.6666667,0.33333334,0.3333333,0.001934236,0.00064474536,1,0,0,1,1
32689,-1,0,1.5910342,0.83076155,1,1,unassigned,12.0,12.0,0.0,1.0,0.0,0.0,0.01934236,0.0,0,0,0,1,0
32690,-1,1,-0.14134341,0.46472284,0,1,unassigned,4.0,4.0,0.0,1.0,0.0,0.0,0.003868472,0.0,1,0,0,0,0
32691,-1,0,1.3940935,0.8012449,1,1,unassigned,10.0,10.0,0.0,1.0,0.0,0.0,0.015473888,0.0,0,0,0,1,0
32692,-1,0,0.1470229,0.53668964,1,1,unassigned,5.0,5.0,0.0,1.0,0.0,0.0,0.0058027077,0.0,0,0,0,1,0
32693,-1,0,4.953686,0.99299216,1,1,unassigned,6.0,6.0,0.0,1.0,0.0,0.0,0.007736944,0.0,0,0,0,1,1
32694,0,0,-0.5813536,0.35862118,0,0,test,7.0,7.0,0.0,1.0,0.0,0.0,0.00967118,0.0,0,0,1,0,0
32695,-1,0,-0.5363937,0.3690269,0,1,unassigned,4.0,4.0,0.0,1.0,0.0,0.0,0.003868472,0.0,0,0,0,0,0
32696,-1,0,-0.9512875,0.27862597,0,1,unassigned,3.0,3.0,0.0,1.0,0.0,0.0,0.001934236,0.0,0,0,0,0,0
32697,-1,0,7.5648503,0.999482,1,1,unassigned,2.0,2.0,0.0,1.0,0.0,0.0,0.0,0.0,0,0,0,1,1
32698,0,0,-0.5715654,0.36087573,0,0,unassigned,38.0,38.0,0.0,1.0,0.0,0.0,0.06963249,0.0,0,0,1,0,0
32699,-1,0,-0.27279443,0.4322212,0,1,unassigned,10.0,10.0,0.0,1.0,0.0,0.0,0.015473888,0.0,0,0,0,0,0
32700,-1,0,0.25282466,0.56287163,1,1,unassigned,6.0,6.0,0.0,1.0,0.0,0.0,0.007736944,0.0,0,0,0,1,0
32701,-1,1,-0.618297,0.35016888,0,1,unassigned,22.0,22.0,0.0,1.0,0.0,0.0,0.03868472,0.0,1,0,0,0,0
32702,0,0,1.2218328,0.77238595,1,1,unassigned,2.0,2.0,0.0,1.0,0.0,0.0,0.0,0.0,0,0,0,1,0
32703,-1,1,-1.0688645,0.2556191,0,1,unassigned,3.0,3.0,0.0,1.0,0.0,0.0,0.001934236,0.0,1,0,0,0,0
32704,-1,0,-0.10449451,0.4739001,0,1,unassigned,14.0,14.0,0.0,1.0,0.0,0.0,0.023210831,0.0,0,0,0,0,0
32705,-1,0,6.683579,0.9987502,1,1,unassigned,3.0,3.0,0.0,1.0,0.0,0.0,0.001934236,0.0,0,0,0,1,1
32706,-1,0,6.8824954,0.9989755,1,1,unassigned,2.0,2.0,0.0,1.0,0.0,0.0,0.0,0.0,0,0,0,1,1
32707,-1,0,8.878417,0.99986064,1,1,unassigned,6.0,3.0,3.0,0.5,0.5,0.5,0.007736944,0.003868472,0,0,0,1,1
32708,-1,0,8.523887,0.99980134,1,1,unassigned,2.0,2.0,0.0,1.0,0.0,0.0,0.0,0.0,0,0,0,1,1
32709,1,0,3.7656157,0.9773706,1,0,val,2.0,2.0,0.0,1.0,0.0,0.0,0.0,0.0,0,0,1,1,1
32710,-1,0,7.5648503,0.999482,1,1,unassigned,2.0,2.0,0.0,1.0,0.0,0.0,0.0,0.0,0,0,0,1,1
32711,-1,0,7.5648503,0.999482,1,1,unassigned,2.0,2.0,0.0,1.0,0.0,0.0,0.0,0.0,0,0,0,1,1
32712,-1,0,4.0481453,0.9828447,1,1,unassigned,4.0,4.0,0.0,1.0,0.0,0.0,0.003868472,0.0,0,0,0,1,1
32713,-1,1,2.560664,0.9282867,1,1,unassigned,4.0,4.0,0.0,1.0,0.0,0.0,0.003868472,0.0,1,0,0,1,1
32714,-1,0,2.2976077,0.90867865,1,1,unassigned,9.0,9.0,0.0,1.0,0.0,0.0,0.013539651,0.0,0,0,0,1,1
32715,-1,0,3.605058,0.9735336,1,1,unassigned,3.0,3.0,0.0,1.0,0.0,0.0,0.001934236,0.0,0,0,0,1,1
32716,1,0,5.9096246,0.9972941,1,0,unassigned,2.0,2.0,0.0,1.0,0.0,0.0,0.0,0.0,0,0,1,1,1
32717,-1,0,2.9835923,0.9518274,1,1,unassigned,2.0,2.0,0.0,1.0,0.0,0.0,0.0,0.0,0,0,0,1,1
32718,-1,0,0.08411425,0.5210162,1,1,unassigned,2.0,1.0,1.0,0.5,0.5,0.5,0.0,0.0,0,0,0,1,0
32719,-1,0,1.4355583,0.80776584,1,1,unassigned,8.0,8.0,0.0,1.0,0.0,0.0,0.0116054155,0.0,0,0,0,1,0
32720,-1,0,11.546453,0.99999034,1,1,unassigned,2.0,2.0,0.0,1.0,0.0,0.0,0.0,0.0,0,0,0,1,1
32721,-1,1,-0.38165623,0.40572754,0,1,unassigned,36.0,35.0,1.0,0.9722222,0.027777778,0.027777791,0.065764025,0.0018267785,1,0,0,0,0
32722,-1,1,-0.5503343,0.36578685,0,1,unassigned,44.0,42.0,2.0,0.95454544,0.045454547,0.04545456,0.08123791,0.0036926325,1,0,0,0,0
32723,0,1,-0.3265655,0.41907653,0,0,unassigned,12.0,12.0,0.0,1.0,0.0,0.0,0.01934236,0.0,1,0,1,0,0
32724,0,1,-0.5998324,0.354382,0,0,val,33.0,33.0,0.0,1.0,0.0,0.0,0.059961315,0.0,1,0,1,0,0
32725,-1,0,-0.13335282,0.46671113,0,1,unassigned,2.0,2.0,0.0,1.0,0.0,0.0,0.0,0.0,0,0,0,0,0
32726,-1,1,-0.56170374,0.36315334,0,1,unassigned,38.0,38.0,0.0,1.0,0.0,0.0,0.06963249,0.0,1,0,0,0,0
32727,-1,1,-0.62402797,0.34886593,0,1,unassigned,27.0,27.0,0.0,1.0,0.0,0.0,0.0483559,0.0,1,0,0,0,0
32728,-1,1,-0.61687016,0.35049364,0,1,unassigned,38.0,36.0,2.0,0.94736844,0.05263158,0.052631557,0.06963249,0.0036648682,1,0,0,0,0
32729,-1,0,5.033303,0.9935249,1,1,unassigned,6.0,6.0,0.0,1.0,0.0,0.0,0.007736944,0.0,0,0,0,1,1
32730,0,1,-0.41280007,0.39824086,0,0,train,22.0,21.0,1.0,0.95454544,0.045454547,0.04545456,0.03868472,0.0017583964,1,0,1,0,0
32731,-1,0,0.34565347,0.5855632,1,1,unassigned,15.0,15.0,0.0,1.0,0.0,0.0,0.025145067,0.0,0,0,0,1,0
32732,1,0,1.6373744,0.83717734,1,0,test,15.0,15.0,0.0,1.0,0.0,0.0,0.025145067,0.0,0,0,1,1,0
32733,-1,0,-0.58500355,0.35778207,0,1,unassigned,11.0,11.0,0.0,1.0,0.0,0.0,0.017408123,0.0,0,0,0,0,0
32734,-1,0,7.5641885,0.9994816,1,1,unassigned,2.0,2.0,0.0,1.0,0.0,0.0,0.0,0.0,0,0,0,1,1
32735,-1,0,1.2100906,0.77031493,1,1,unassigned,10.0,10.0,0.0,1.0,0.0,0.0,0.015473888,0.0,0,0,0,1,0
32736,-1,0,7.4269824,0.9994054,1,1,unassigned,2.0,2.0,0.0,1.0,0.0,0.0,0.0,0.0,0,0,0,1,1
32737,-1,0,0.48954707,0.6199997,1,1,unassigned,4.0,4.0,0.0,1.0,0.0,0.0,0.003868472,0.0,0,0,0,1,0
32738,-1,0,7.244433,0.99928635,1,1,unassigned,5.0,5.0,0.0,1.0,0.0,0.0,0.0058027077,0.0,0,0,0,1,1
32739,-1,1,1.181956,0.7652993,1,1,unassigned,3.0,3.0,0.0,1.0,0.0,0.0,0.001934236,0.0,1,0,0,1,0
32740,-1,0,7.5648503,0.999482,1,1,unassigned,2.0,2.0,0.0,1.0,0.0,0.0,0.0,0.0,0,0,0,1,1
32741,-1,0,7.4269824,0.9994054,1,1,unassigned,2.0,2.0,0.0,1.0,0.0,0.0,0.0,0.0,0,0,0,1,1
32742,-1,0,5.596877,0.9963043,1,1,unassigned,2.0,2.0,0.0,1.0,0.0,0.0,0.0,0.0,0,0,0,1,1
32743,-1,0,5.4556394,0.9957461,1,1,unassigned,5.0,3.0,2.0,0.6,0.4,0.39999998,0.0058027077,0.002321083,0,0,0,1,1
32744,-1,0,7.1456866,0.9992124,1,1,unassigned,4.0,4.0,0.0,1.0,0.0,0.0,0.003868472,0.0,0,0,0,1,1
32745,-1,1,4.0769777,0.9833242,1,1,unassigned,6.0,6.0,0.0,1.0,0.0,0.0,0.007736944,0.0,1,0,0,1,1
32746,-1,0,0.026489913,0.5066221,1,1,unassigned,4.0,4.0,0.0,1.0,0.0,0.0,0.003868472,0.0,0,0,0,1,0
32747,-1,1,4.606544,0.9901125,1,1,unassigned,10.0,10.0,0.0,1.0,0.0,0.0,0.015473888,0.0,1,0,0,1,1
32748,-1,0,2.011625,0.8820123,1,1,unassigned,3.0,3.0,0.0,1.0,0.0,0.0,0.001934236,0.0,0,0,0,1,0
32749,-1,0,5.347593,0.995263,1,1,unassigned,11.0,11.0,0.0,1.0,0.0,0.0,0.017408123,0.0,0,0,0,1,1
32750,-1,1,-0.43670642,0.39252603,0,1,unassigned,37.0,37.0,0.0,1.0,0.0,0.0,0.06769826,0.0,1,0,0,0,0
32751,-1,1,2.0300727,0.8839185,1,1,unassigned,60.0,59.0,1.0,0.98333335,0.016666668,0.01666665,0.11218569,0.0018697615,1,0,0,1,0
32752,-1,0,0.009659886,0.50241494,1,1,unassigned,17.0,17.0,0.0,1.0,0.0,0.0,0.029013539,0.0,0,0,0,1,0
32753,-1,0,-0.23992014,0.440306,0,1,unassigned,30.0,30.0,0.0,1.0,0.0,0.0,0.054158606,0.0,0,0,0,0,0
32754,-1,0,-0.6982585,0.33219844,0,1,unassigned,4.0,4.0,0.0,1.0,0.0,0.0,0.003868472,0.0,0,0,0,0,0
32755,-1,0,7.5648503,0.999482,1,1,unassigned,2.0,2.0,0.0,1.0,0.0,0.0,0.0,0.0,0,0,0,1,1
32756,-1,0,7.5648503,0.999482,1,1,unassigned,2.0,2.0,0.0,1.0,0.0,0.0,0.0,0.0,0,0,0,1,1
32757,-1,1,-0.69508225,0.33290347,0,1,unassigned,54.0,54.0,0.0,1.0,0.0,0.0,0.10058027,0.0,1,0,0,0,0
32758,-1,1,-0.5207829,0.37266922,0,1,unassigned,23.0,23.0,0.0,1.0,0.0,0.0,0.040618956,0.0,1,0,0,0,0
32759,-1,1,-0.7513692,0.32052302,0,1,unassigned,140.0,138.0,2.0,0.98571426,0.014285714,0.014285743,0.26692456,0.003813208,1,0,0,0,0
32760,-1,1,-0.31380063,0.42218727,0,1,unassigned,70.0,68.0,2.0,0.9714286,0.028571429,0.028571427,0.13152805,0.0037579443,1,0,0,0,0
32761,-1,1,0.064546764,0.51613104,1,1,unassigned,11.0,11.0,0.0,1.0,0.0,0.0,0.017408123,0.0,1,0,0,1,0
32762,-1,0,-1.1817869,0.23473105,0,1,unassigned,4.0,4.0,0.0,1.0,0.0,0.0,0.003868472,0.0,0,0,0,0,0
32763,-1,0,8.098036,0.999696,1,1,unassigned,2.0,2.0,0.0,1.0,0.0,0.0,0.0,0.0,0,0,0,1,1
32764,-1,1,0.8135765,0.6928711,1,1,unassigned,2.0,2.0,0.0,1.0,0.0,0.0,0.0,0.0,1,0,0,1,0
32765,-1,0,-0.51175016,0.37478337,0,1,unassigned,2.0,2.0,0.0,1.0,0.0,0.0,0.0,0.0,0,0,0,0,0
32766,-1,1,-0.628628,0.3478217,0,1,unassigned,191.0,181.0,10.0,0.947644,0.05235602,0.052356005,0.3655706,0.019139823,1,0,0,0,0
32767,-1,1,-0.45194107,0.3888994,0,1,unassigned,43.0,43.0,0.0,1.0,0.0,0.0,0.079303674,0.0,1,0,0,0,0
32768,-1,1,0.19060898,0.5475085,1,1,unassigned,39.0,39.0,0.0,1.0,0.0,0.0,0.07156673,0.0,1,0,0,1,0
32769,-1,1,-0.57127786,0.36094204,0,1,unassigned,33.0,33.0,0.0,1.0,0.0,0.0,0.059961315,0.0,1,0,0,0,0
32770,-1,1,-0.045929253,0.4885197,0,1,unassigned,4.0,4.0,0.0,1.0,0.0,0.0,0.003868472,0.0,1,0,0,0,0
32771,0,1,-0.79861736,0.31032136,0,0,test,22.0,22.0,0.0,1.0,0.0,0.0,0.03868472,0.0,1,0,1,0,0
32772,0,1,-0.6029207,0.35367578,0,0,test,14.0,14.0,0.0,1.0,0.0,0.0,0.023210831,0.0,1,0,1,0,0
32773,-1,1,-0.7167501,0.32810903,0,1,unassigned,12.0,12.0,0.0,1.0,0.0,0.0,0.01934236,0.0,1,0,0,0,0
32774,-1,0,-1.8892555,0.13132937,0,1,unassigned,2.0,2.0,0.0,1.0,0.0,0.0,0.0,0.0,0,0,0,0,0
32775,-1,0,4.76067,0.99151284,1,1,unassigned,13.0,13.0,0.0,1.0,0.0,0.0,0.021276595,0.0,0,0,0,1,1
32776,-1,1,-0.79232466,0.3116697,0,1,unassigned,102.0,97.0,5.0,0.95098037,0.04901961,0.049019635,0.1934236,0.009481549,1,0,0,0,0
32777,-1,0,5.1890407,0.9944536,1,1,unassigned,2.0,2.0,0.0,1.0,0.0,0.0,0.0,0.0,0,0,0,1,1
32778,-1,0,5.776619,0.9969104,1,1,unassigned,2.0,1.0,1.0,0.5,0.5,0.5,0.0,0.0,0,0,0,1,1
32779,-1,1,0.35978568,0.58898854,1,1,unassigned,5.0,3.0,2.0,0.6,0.4,0.39999998,0.0058027077,0.002321083,1,0,0,1,0
32780,-1,1,6.797459,0.9988846,1,1,unassigned,14.0,13.0,1.0,0.9285714,0.071428575,0.0714286,0.023210831,0.0016579166,1,0,0,1,1
32781,-1,0,2.130113,0.8937957,1,1,unassigned,2.0,2.0,0.0,1.0,0.0,0.0,0.0,0.0,0,0,0,1,0
32782,1,1,-0.35358655,0.41251296,0,1,test,11.0,11.0,0.0,1.0,0.0,0.0,0.017408123,0.0,1,0,0,0,0
32783,0,1,-0.6308159,0.34732553,0,0,unassigned,49.0,49.0,0.0,1.0,0.0,0.0,0.09090909,0.0,1,0,1,0,0
32784,-1,1,-0.117815405,0.47058016,0,1,unassigned,20.0,19.0,1.0,0.95,0.05,0.050000012,0.034816246,0.0017408123,1,0,0,0,0
32785,0,1,-0.51456535,0.37412393,0,0,unassigned,9.0,9.0,0.0,1.0,0.0,0.0,0.013539651,0.0,1,0,1,0,0
32786,1,1,-0.5256381,0.3715348,0,1,test,24.0,24.0,0.0,1.0,0.0,0.0,0.04255319,0.0,1,0,0,0,0
32787,-1,1,-0.25995445,0.43537492,0,1,unassigned,71.0,68.0,3.0,0.9577465,0.04225352,0.042253494,0.13346228,0.0056392513,1,0,0,0,0
32788,-1,1,-0.59343016,0.35584822,0,1,unassigned,11.0,10.0,1.0,0.90909094,0.09090909,0.090909064,0.017408123,0.0015825568,1,0,0,0,0
32789,0,1,-0.39454994,0.4026225,0,0,train,15.0,14.0,1.0,0.93333334,0.06666667,0.06666666,0.025145067,0.0016763379,1,0,1,0,0
32790,-1,1,-0.654191,0.3420457,0,1,unassigned,22.0,22.0,0.0,1.0,0.0,0.0,0.03868472,0.0,1,0,0,0,0
32791,-1,1,-0.49779564,0.37805882,0,1,unassigned,42.0,41.0,1.0,0.97619045,0.023809524,0.023809552,0.07736944,0.0018421295,1,0,0,0,0
32792,-1,1,-0.34213787,0.41529024,0,1,unassigned,24.0,22.0,2.0,0.9166667,0.083333336,0.08333331,0.04255319,0.0035460992,1,0,0,0,0
32793,-1,0,-0.4715489,0.38424972,0,1,unassigned,18.0,18.0,0.0,1.0,0.0,0.0,0.030947777,0.0,0,0,0,0,0
32794,-1,1,-0.20195317,0.44968262,0,1,unassigned,27.0,27.0,0.0,1.0,0.0,0.0,0.0483559,0.0,1,0,0,0,0
32795,0,0,0.36619383,0.5905389,1,1,unassigned,7.0,6.0,1.0,0.85714287,0.14285715,0.14285713,0.00967118,0.0013815971,0,0,0,1,0
32796,-1,0,2.063757,0.88733035,1,1,unassigned,2.0,2.0,0.0,1.0,0.0,0.0,0.0,0.0,0,0,0,1,0
32797,-1,1,11.736877,0.999992,1,1,unassigned,2.0,2.0,0.0,1.0,0.0,0.0,0.0,0.0,1,0,0,1,1
32798,0,0,1.0354881,0.73797846,1,1,test,3.0,3.0,0.0,1.0,0.0,0.0,0.001934236,0.0,0,0,0,1,0
32799,-1,0,1.9359891,0.87391084,1,1,unassigned,2.0,2.0,0.0,1.0,0.0,0.0,0.0,0.0,0,0,0,1,0
32800,-1,1,0.22693795,0.55649227,1,1,unassigned,2.0,2.0,0.0,1.0,0.0,0.0,0.0,0.0,1,0,0,1,0
32801,1,0,-0.38737026,0.40435052,0,1,test,3.0,3.0,0.0,1.0,0.0,0.0,0.001934236,0.0,0,0,0,0,0
32802,-1,1,-0.34166577,0.4154049,0,1,unassigned,45.0,44.0,1.0,0.9777778,0.022222223,0.02222222,0.08317215,0.0018482701,1,0,0,0,0
32803,-1,1,-0.17452613,0.45647886,0,1,unassigned,66.0,64.0,2.0,0.969697,0.030303031,0.030303001,0.123791106,0.0037512458,1,0,0,0,0
32804,-1,1,-0.5534194,0.36507145,0,1,unassigned,59.0,59.0,0.0,1.0,0.0,0.0,0.11025145,0.0,1,0,0,0,0
32805,-1,1,1.7630117,0.85358644,1,1,unassigned,3.0,2.0,1.0,0.6666667,0.33333334,0.3333333,0.001934236,0.00064474536,1,0,0,1,0
32806,-1,0,-0.2890719,0.42823112,0,1,unassigned,17.0,17.0,0.0,1.0,0.0,0.0,0.029013539,0.0,0,0,0,0,0
32807,-1,0,0.63306874,0.65318495,1,1,unassigned,5.0,5.0,0.0,1.0,0.0,0.0,0.0058027077,0.0,0,0,0,1,0
32808,-1,0,4.2900777,0.9864814,1,1,unassigned,9.0,7.0,2.0,0.7777778,0.22222222,0.22222221,0.013539651,0.0030088115,0,0,0,1,1
32809,-1,0,1.2317965,0.77413285,1,1,unassigned,19.0,18.0,1.0,0.94736844,0.05263158,0.052631557,0.032882012,0.0017306323,0,0,0,1,0
32810,-1,1,-0.09791368,0.4755411,0,1,unassigned,19.0,19.0,0.0,1.0,0.0,0.0,0.032882012,0.0,1,0,0,0,0
32811,1,1,0.2305342,0.5573796,1,0,unassigned,11.0,11.0,0.0,1.0,0.0,0.0,0.017408123,0.0,1,0,1,1,0
32812,-1,0,-1.4860736,0.1845118,0,1,unassigned,2.0,2.0,0.0,1.0,0.0,0.0,0.0,0.0,0,0,0,0,0
32813,-1,0,-0.2729278,0.43218848,0,1,unassigned,3.0,3.0,0.0,1.0,0.0,0.0,0.001934236,0.0,0,0,0,0,0
32814,-1,1,0.18885082,0.5470729,1,1,unassigned,3.0,2.0,1.0,0.6666667,0.33333334,0.3333333,0.001934236,0.00064474536,1,0,0,1,0
32815,-1,1,1.2646275,0.7798217,1,1,unassigned,23.0,22.0,1.0,0.95652175,0.04347826,0.04347825,0.040618956,0.0017660416,1,0,0,1,0
32816,-1,1,1.6703346,0.84162045,1,1,unassigned,2.0,2.0,0.0,1.0,0.0,0.0,0.0,0.0,1,0,0,1,0
32817,-1,0,0.7421275,0.6774609,1,1,unassigned,3.0,2.0,1.0,0.6666667,0.33333334,0.3333333,0.001934236,0.00064474536,0,0,0,1,0
32818,-1,0,0.13383025,0.5334077,1,1,unassigned,11.0,11.0,0.0,1.0,0.0,0.0,0.017408123,0.0,0,0,0,1,0
32819,0,1,0.35970426,0.5889689,1,1,test,21.0,20.0,1.0,0.95238096,0.04761905,0.047619045,0.036750484,0.0017500231,1,0,0,1,0
32820,-1,0,-0.09681547,0.47581506,0,1,unassigned,3.0,3.0,0.0,1.0,0.0,0.0,0.001934236,0.0,0,0,0,0,0
32821,-1,1,3.45138,0.9692723,1,1,unassigned,5.0,3.0,2.0,0.6,0.4,0.39999998,0.0058027077,0.002321083,1,0,0,1,1
32822,-1,0,0.171507,0.54277194,1,1,unassigned,30.0,30.0,0.0,1.0,0.0,0.0,0.054158606,0.0,0,0,0,1,0
32823,-1,0,0.66240424,0.65980023,1,1,unassigned,3.0,3.0,0.0,1.0,0.0,0.0,0.001934236,0.0,0,0,0,1,0
32824,-1,0,1.0613775,0.7429537,1,1,unassigned,5.0,5.0,0.0,1.0,0.0,0.0,0.0058027077,0.0,0,0,0,1,0
32825,-1,0,-0.6413632,0.34493846,0,1,unassigned,8.0,8.0,0.0,1.0,0.0,0.0,0.0116054155,0.0,0,0,0,0,0
32826,-1,1,-0.7172521,0.3279984,0,1,unassigned,19.0,19.0,0.0,1.0,0.0,0.0,0.032882012,0.0,1,0,0,0,0
32827,-1,0,-0.7258679,0.32610214,0,1,unassigned,60.0,59.0,1.0,0.98333335,0.016666668,0.01666665,0.11218569,0.0018697615,0,0,0,0,0
32828,0,1,-0.7864426,0.31293303,0,0,val,42.0,38.0,4.0,0.9047619,0.0952381,0.09523809,0.07736944,0.007368518,1,0,1,0,0
32829,-1,1,3.3238165,0.96523684,1,1,unassigned,8.0,8.0,0.0,1.0,0.0,0.0,0.0116054155,0.0,1,0,0,1,1
32830,-1,0,0.21425909,0.55336076,1,1,unassigned,21.0,17.0,4.0,0.8095238,0.1904762,0.19047618,0.036750484,0.0070000924,0,0,0,1,0
32831,-1,1,4.894193,0.99256575,1,1,unassigned,3.0,3.0,0.0,1.0,0.0,0.0,0.001934236,0.0,1,0,0,1,1
32832,-1,0,4.784549,0.9917114,1,1,unassigned,3.0,3.0,0.0,1.0,0.0,0.0,0.001934236,0.0,0,0,0,1,1
32833,-1,1,1.3237803,0.78980994,1,1,unassigned,6.0,6.0,0.0,1.0,0.0,0.0,0.007736944,0.0,1,0,0,1,0
32834,1,0,-0.52448565,0.37180394,0,1,test,4.0,4.0,0.0,1.0,0.0,0.0,0.003868472,0.0,0,0,0,0,0
32835,-1,0,1.2743964,0.78149444,1,1,unassigned,5.0,5.0,0.0,1.0,0.0,0.0,0.0058027077,0.0,0,0,0,1,0
32836,-1,0,-0.68415964,0.33533356,0,1,unassigned,2.0,2.0,0.0,1.0,0.0,0.0,0.0,0.0,0,0,0,0,0
32837,-1,0,11.168434,0.99998593,1,1,unassigned,9.0,9.0,0.0,1.0,0.0,0.0,0.013539651,0.0,0,0,0,1,1
32838,-1,0,3.6020734,0.9734567,1,1,unassigned,8.0,7.0,1.0,0.875,0.125,0.125,0.0116054155,0.0014506769,0,0,0,1,1
32839,-1,0,0.7388893,0.6767529,1,1,unassigned,13.0,10.0,3.0,0.7692308,0.23076923,0.23076922,0.021276595,0.0049099834,0,0,0,1,0
32840,1,1,-0.23843157,0.4406729,0,1,test,51.0,50.0,1.0,0.98039216,0.019607844,0.019607842,0.09477756,0.0018583836,1,0,0,0,0
32841,-1,0,-0.7934592,0.3114264,0,1,unassigned,2.0,2.0,0.0,1.0,0.0,0.0,0.0,0.0,0,0,0,0,0
32842,-1,0,-0.8457253,0.30033034,0,1,unassigned,2.0,2.0,0.0,1.0,0.0,0.0,0.0,0.0,0,0,0,0,0
32843,-1,0,2.5409129,0.92696065,1,1,unassigned,2.0,2.0,0.0,1.0,0.0,0.0,0.0,0.0,0,0,0,1,1
32844,-1,1,-0.23104113,0.4424953,0,1,unassigned,2.0,1.0,1.0,0.5,0.5,0.5,0.0,0.0,1,0,0,0,0
32845,-1,1,-0.34248897,0.41520503,0,1,unassigned,43.0,43.0,0.0,1.0,0.0,0.0,0.079303674,0.0,1,0,0,0,0
32846,-1,1,-0.24360877,0.43939722,0,1,unassigned,15.0,15.0,0.0,1.0,0.0,0.0,0.025145067,0.0,1,0,0,0,0
32847,-1,1,-0.35553852,0.41203997,0,1,unassigned,50.0,50.0,0.0,1.0,0.0,0.0,0.092843324,0.0,1,0,0,0,0
32848,0,0,0.017225504,0.50430626,1,1,train,10.0,10.0,0.0,1.0,0.0,0.0,0.015473888,0.0,0,0,0,1,0
32849,-1,1,1.8908999,0.8688581,1,1,unassigned,33.0,33.0,0.0,1.0,0.0,0.0,0.059961315,0.0,1,0,0,1,0
32850,-1,1,-0.63455486,0.34647846,0,1,unassigned,70.0,70.0,0.0,1.0,0.0,0.0,0.13152805,0.0,1,0,0,0,0
32851,-1,1,2.6252866,0.93247133,1,1,unassigned,3.0,3.0,0.0,1.0,0.0,0.0,0.001934236,0.0,1,0,0,1,1
32852,-1,1,-0.7742845,0.315553,0,1,unassigned,21.0,21.0,0.0,1.0,0.0,0.0,0.036750484,0.0,1,0,0,0,0
32853,-1,1,3.8223565,0.9785921,1,1,unassigned,24.0,23.0,1.0,0.9583333,0.041666668,0.041666687,0.04255319,0.0017730496,1,0,0,1,1
32854,1,1,-0.77832836,0.31468028,0,1,unassigned,52.0,52.0,0.0,1.0,0.0,0.0,0.0967118,0.0,1,0,0,0,0
32855,0,1,-0.70072055,0.33165246,0,0,val,24.0,23.0,1.0,0.9583333,0.041666668,0.041666687,0.04255319,0.0017730496,1,0,1,0,0
32856,-1,1,5.8330226,0.9970794,1,1,unassigned,12.0,7.0,5.0,0.5833333,0.41666666,0.4166667,0.01934236,0.008059316,1,0,0,1,1
32857,-1,1,-0.31534103,0.4218116,0,1,unassigned,36.0,36.0,0.0,1.0,0.0,0.0,0.065764025,0.0,1,0,0,0,0
32858,-1,1,-0.39372212,0.40282157,0,1,unassigned,7.0,7.0,0.0,1.0,0.0,0.0,0.00967118,0.0,1,0,0,0,0
32859,-1,0,-0.78414625,0.31342697,0,1,unassigned,2.0,2.0,0.0,1.0,0.0,0.0,0.0,0.0,0,0,0,0,0
32860,-1,0,6.8550754,0.9989471,1,1,unassigned,2.0,2.0,0.0,1.0,0.0,0.0,0.0,0.0,0,0,0,1,1
32861,-1,1,-0.42724884,0.39478347,0,1,unassigned,20.0,19.0,1.0,0.95,0.05,0.050000012,0.034816246,0.0017408123,1,0,0,0,0
32862,-1,1,-0.90201217,0.2886372,0,1,unassigned,25.0,24.0,1.0,0.96,0.04,0.04000002,0.044487428,0.001779497,1,0,0,0,0
32863,-1,1,-0.79729825,0.31060374,0,1,unassigned,18.0,18.0,0.0,1.0,0.0,0.0,0.030947777,0.0,1,0,0,0,0
32864,-1,1,1.2234409,0.77266854,1,1,unassigned,8.0,8.0,0.0,1.0,0.0,0.0,0.0116054155,0.0,1,0,0,1,0
32865,-1,0,-0.0841243,0.4789813,0,1,unassigned,13.0,13.0,0.0,1.0,0.0,0.0,0.021276595,0.0,0,0,0,0,0
32866,1,0,5.166739,0.9943293,1,0,unassigned,43.0,41.0,2.0,0.95348835,0.046511628,0.04651165,0.079303674,0.0036885429,0,0,1,1,1
32867,-1,1,2.8092654,0.9431745,1,1,unassigned,3.0,3.0,0.0,1.0,0.0,0.0,0.001934236,0.0,1,0,0,1,1
32868,-1,0,-1.0039327,0.2681689,0,1,unassigned,27.0,27.0,0.0,1.0,0.0,0.0,0.0483559,0.0,0,0,0,0,0
32869,-1,0,-0.25943577,0.43550244,0,1,unassigned,20.0,20.0,0.0,1.0,0.0,0.0,0.034816246,0.0,0,0,0,0,0
32870,-1,0,-0.55062896,0.36571848,0,1,unassigned,4.0,4.0,0.0,1.0,0.0,0.0,0.003868472,0.0,0,0,0,0,0
32871,-1,1,-0.09746969,0.4756519,0,1,unassigned,9.0,9.0,0.0,1.0,0.0,0.0,0.013539651,0.0,1,0,0,0,0
32872,-1,0,4.271214,0.9862276,1,1,unassigned,14.0,3.0,11.0,0.21428572,0.78571427,0.78571427,0.023210831,0.01823708,0,0,0,1,1
32873,-1,1,5.6550093,0.99651223,1,1,unassigned,3.0,3.0,0.0,1.0,0.0,0.0,0.001934236,0.0,1,0,0,1,1
32874,-1,0,-0.3329202,0.4175303,0,1,unassigned,5.0,5.0,0.0,1.0,0.0,0.0,0.0058027077,0.0,0,0,0,0,0
32875,-1,0,-0.8047232,0.3090161,0,1,unassigned,3.0,3.0,0.0,1.0,0.0,0.0,0.001934236,0.0,0,0,0,0,0
32876,-1,1,-0.5599755,0.3635531,0,1,unassigned,3.0,3.0,0.0,1.0,0.0,0.0,0.001934236,0.0,1,0,0,0,0
32877,-1,0,2.6435888,0.9336148,1,1,unassigned,24.0,23.0,1.0,0.9583333,0.041666668,0.041666687,0.04255319,0.0017730496,0,0,0,1,1
32878,-1,1,0.072684646,0.5181632,1,1,unassigned,52.0,52.0,0.0,1.0,0.0,0.0,0.0967118,0.0,1,0,0,1,0
32879,1,1,-0.2659502,0.43390158,0,1,val,8.0,6.0,2.0,0.75,0.25,0.25,0.0116054155,0.0029013539,1,0,0,0,0
32880,1,1,2.245778,0.90428567,1,0,test,9.0,9.0,0.0,1.0,0.0,0.0,0.013539651,0.0,1,0,1,1,1
32881,-1,1,0.17063314,0.5425551,1,1,unassigned,4.0,4.0,0.0,1.0,0.0,0.0,0.003868472,0.0,1,0,0,1,0
32882,-1,1,-0.09402561,0.47651088,0,1,unassigned,64.0,59.0,5.0,0.921875,0.078125,0.078125,0.11992263,0.009368955,1,0,0,0,0
32883,-1,1,0.5435496,0.63263774,1,1,unassigned,6.0,5.0,1.0,0.8333333,0.16666667,0.16666669,0.007736944,0.0012894907,1,0,0,1,0
32884,-1,1,1.0929875,0.74894387,1,1,unassigned,46.0,45.0,1.0,0.9782609,0.02173913,0.021739125,0.08510638,0.0018501388,1,0,0,1,0
32885,0,1,-0.61154455,0.35170698,0,0,val,54.0,52.0,2.0,0.962963,0.037037037,0.037037015,0.10058027,0.003725195,1,0,1,0,0
32886,1,1,3.2431734,0.962427,1,0,test,32.0,30.0,2.0,0.9375,0.0625,0.0625,0.058027077,0.0036266923,1,0,1,1,1
32887,-1,1,4.5139403,0.9891635,1,1,unassigned,55.0,55.0,0.0,1.0,0.0,0.0,0.102514505,0.0,1,0,0,1,1
32888,-1,1,-0.56127435,0.36325264,0,1,unassigned,11.0,11.0,0.0,1.0,0.0,0.0,0.017408123,0.0,1,0,0,0,0
32889,-1,1,-0.4732882,0.38383824,0,1,unassigned,22.0,21.0,1.0,0.95454544,0.045454547,0.04545456,0.03868472,0.0017583964,1,0,0,0,0
32890,-1,1,-0.57028323,0.36117148,0,1,unassigned,66.0,66.0,0.0,1.0,0.0,0.0,0.123791106,0.0,1,0,0,0,0
32891,-1,0,0.05307889,0.5132666,1,1,unassigned,23.0,22.0,1.0,0.95652175,0.04347826,0.04347825,0.040618956,0.0017660416,0,0,0,1,0
32892,-1,1,-0.71409166,0.32869536,0,1,unassigned,37.0,36.0,1.0,0.972973,0.027027028,0.02702701,0.06769826,0.0018296828,1,0,0,0,0
32893,-1,1,0.8491841,0.70039594,1,1,unassigned,19.0,19.0,0.0,1.0,0.0,0.0,0.032882012,0.0,1,0,0,1,0
32894,-1,0,4.3346663,0.98706335,1,1,unassigned,3.0,3.0,0.0,1.0,0.0,0.0,0.001934236,0.0,0,0,0,1,1
32895,-1,1,5.44497,0.99570054,1,1,unassigned,2.0,2.0,0.0,1.0,0.0,0.0,0.0,0.0,1,0,0,1,1
32896,-1,1,6.321298,0.99820566,1,1,unassigned,2.0,2.0,0.0,1.0,0.0,0.0,0.0,0.0,1,0,0,1,1
32897,-1,1,1.8963542,0.86947834,1,1,unassigned,8.0,8.0,0.0,1.0,0.0,0.0,0.0116054155,0.0,1,0,0,1,0
32898,1,1,7.213115,0.9992637,1,0,unassigned,3.0,3.0,0.0,1.0,0.0,0.0,0.001934236,0.0,1,0,1,1,1
32899,-1,1,-0.7536141,0.3200343,0,1,unassigned,73.0,69.0,4.0,0.94520545,0.05479452,0.05479455,0.13733076,0.007524973,1,0,0,0,0
32900,0,1,0.18999392,0.5473561,1,1,test,25.0,24.0,1.0,0.96,0.04,0.04000002,0.044487428,0.001779497,1,0,0,1,0
32901,-1,0,-0.030587852,0.49235365,0,1,unassigned,3.0,3.0,0.0,1.0,0.0,0.0,0.001934236,0.0,0,0,0,0,0
32902,0,1,-0.15813226,0.46054915,0,0,test,47.0,45.0,2.0,0.9574468,0.04255319,0.042553186,0.08704062,0.003703856,1,0,1,0,0
32903,1,1,0.09313798,0.5232677,1,0,unassigned,61.0,61.0,0.0,1.0,0.0,0.0,0.114119925,0.0,1,0,1,1,0
32904,-1,1,-0.686362,0.33484286,0,1,unassigned,53.0,53.0,0.0,1.0,0.0,0.0,0.09864604,0.0,1,0,0,0,0
32905,0,0,-0.5664453,0.36205748,0,0,test,15.0,15.0,0.0,1.0,0.0,0.0,0.025145067,0.0,0,0,1,0,0
32906,-1,0,10.509504,0.9999727,1,1,unassigned,2.0,2.0,0.0,1.0,0.0,0.0,0.0,0.0,0,0,0,1,1
32907,-1,0,-0.57006204,0.3612225,0,1,unassigned,34.0,34.0,0.0,1.0,0.0,0.0,0.061895553,0.0,0,0,0,0,0
32908,-1,0,2.156427,0.89626783,1,1,unassigned,48.0,44.0,4.0,0.9166667,0.083333336,0.08333331,0.088974856,0.0074145715,0,0,0,1,0
32909,-1,0,-0.5091364,0.375396,0,1,unassigned,3.0,3.0,0.0,1.0,0.0,0.0,0.001934236,0.0,0,0,0,0,0
32910,-1,1,-0.31177503,0.42268154,0,1,unassigned,3.0,3.0,0.0,1.0,0.0,0.0,0.001934236,0.0,1,0,0,0,0
32911,1,1,-0.46801853,0.38508534,0,1,test,11.0,11.0,0.0,1.0,0.0,0.0,0.017408123,0.0,1,0,0,0,0
32912,-1,1,2.2884028,0.90791196,1,1,unassigned,6.0,5.0,1.0,0.8333333,0.16666667,0.16666669,0.007736944,0.0012894907,1,0,0,1,1
32913,-1,1,12.234807,0.9999951,1,1,unassigned,12.0,11.0,1.0,0.9166667,0.083333336,0.08333331,0.01934236,0.0016118633,1,0,0,1,1
32914,-1,0,-1.0375239,0.26162806,0,1,unassigned,2.0,2.0,0.0,1.0,0.0,0.0,0.0,0.0,0,0,0,0,0
32915,-1,0,4.5763745,0.9898127,1,1,unassigned,13.0,13.0,0.0,1.0,0.0,0.0,0.021276595,0.0,0,0,0,1,1
32916,-1,0,-0.5658572,0.36219332,0,1,unassigned,30.0,30.0,0.0,1.0,0.0,0.0,0.054158606,0.0,0,0,0,0,0
32917,-1,1,5.9572086,0.9974196,1,1,unassigned,9.0,8.0,1.0,0.8888889,0.11111111,0.111111104,0.013539651,0.0015044058,1,0,0,1,1
32918,-1,1,1.4414604,0.80868065,1,1,unassigned,4.0,4.0,0.0,1.0,0.0,0.0,0.003868472,0.0,1,0,0,1,0
32919,1,1,6.708752,0.99878126,1,0,test,12.0,11.0,1.0,0.9166667,0.083333336,0.08333331,0.01934236,0.0016118633,1,0,1,1,1
32920,-1,0,1.6625452,0.8405794,1,1,unassigned,9.0,9.0,0.0,1.0,0.0,0.0,0.013539651,0.0,0,0,0,1,0
32921,0,0,1.189745,0.76669544,1,1,unassigned,4.0,3.0,1.0,0.75,0.25,0.25,0.003868472,0.000967118,0,0,0,1,0
32922,-1,0,-0.7141331,0.3286862,0,1,unassigned,60.0,60.0,0.0,1.0,0.0,0.0,0.11218569,0.0,0,0,0,0,0
32923,-1,0,0.36621994,0.59054524,1,1,unassigned,2.0,2.0,0.0,1.0,0.0,0.0,0.0,0.0,0,0,0,1,0
32924,-1,0,-0.143574,0.46416804,0,1,unassigned,67.0,66.0,1.0,0.98507464,0.014925373,0.014925361,0.12572534,0.0018764976,0,0,0,0,0
32925,-1,0,-0.11252105,0.4718994,0,1,unassigned,3.0,3.0,0.0,1.0,0.0,0.0,0.001934236,0.0,0,0,0,0,0
32926,-1,1,-0.38568777,0.40475583,0,1,unassigned,65.0,65.0,0.0,1.0,0.0,0.0,0.12185687,0.0,1,0,0,0,0
32927,-1,0,-0.65120345,0.34271836,0,1,unassigned,8.0,7.0,1.0,0.875,0.125,0.125,0.0116054155,0.0014506769,0,0,0,0,0
32928,-1,1,6.257532,0.9980877,1,1,unassigned,11.0,8.0,3.0,0.72727275,0.27272728,0.27272725,0.017408123,0.00474767,1,0,0,1,1
32929,-1,0,-0.5091364,0.375396,0,1,unassigned,3.0,3.0,0.0,1.0,0.0,0.0,0.001934236,0.0,0,0,0,0,0
32930,1,1,4.017848,0.9823263,1,0,unassigned,3.0,3.0,0.0,1.0,0.0,0.0,0.001934236,0.0,1,0,1,1,1
32931,-1,0,-0.34885722,0.41365957,0,1,unassigned,10.0,10.0,0.0,1.0,0.0,0.0,0.015473888,0.0,0,0,0,0,0
32932,-1,0,0.23836714,0.5593112,1,1,unassigned,18.0,17.0,1.0,0.9444444,0.055555556,0.055555582,0.030947777,0.0017193209,0,0,0,1,0
32933,-1,1,2.5132627,0.92506635,1,1,unassigned,4.0,4.0,0.0,1.0,0.0,0.0,0.003868472,0.0,1,0,0,1,1
32934,-1,0,-0.61424714,0.35109097,0,1,unassigned,3.0,2.0,1.0,0.6666667,0.33333334,0.3333333,0.001934236,0.00064474536,0,0,0,0,0
32935,-1,1,2.9166796,0.94866484,1,1,unassigned,2.0,2.0,0.0,1.0,0.0,0.0,0.0,0.0,1,0,0,1,1
32936,-1,0,-0.23977607,0.4403415,0,1,unassigned,25.0,25.0,0.0,1.0,0.0,0.0,0.044487428,0.0,0,0,0,0,0
32937,-1,1,0.42980725,0.6058276,1,1,unassigned,2.0,2.0,0.0,1.0,0.0,0.0,0.0,0.0,1,0,0,1,0
32938,-1,0,0.68245655,0.6642868,1,1,unassigned,12.0,12.0,0.0,1.0,0.0,0.0,0.01934236,0.0,0,0,0,1,0
32939,-1,0,8.868768,0.99985933,1,1,unassigned,15.0,15.0,0.0,1.0,0.0,0.0,0.025145067,0.0,0,0,0,1,1
32940,-1,0,8.462587,0.9997888,1,1,unassigned,11.0,10.0,1.0,0.90909094,0.09090909,0.090909064,0.017408123,0.0015825568,0,0,0,1,1
32941,-1,0,-1.140424,0.2422425,0,1,unassigned,4.0,4.0,0.0,1.0,0.0,0.0,0.003868472,0.0,0,0,0,0,0
32942,-1,1,1.834023,0.86224025,1,1,unassigned,4.0,4.0,0.0,1.0,0.0,0.0,0.003868472,0.0,1,0,0,1,0
32943,-1,1,1.3383136,0.7922125,1,1,unassigned,3.0,3.0,0.0,1.0,0.0,0.0,0.001934236,0.0,1,0,0,1,0
32944,0,1,0.6099542,0.6479304,1,1,unassigned,8.0,8.0,0.0,1.0,0.0,0.0,0.0116054155,0.0,1,0,0,1,0
32945,-1,1,4.6009965,0.990058,1,1,unassigned,2.0,2.0,0.0,1.0,0.0,0.0,0.0,0.0,1,0,0,1,1
32946,-1,0,1.1229911,0.7545431,1,1,unassigned,2.0,2.0,0.0,1.0,0.0,0.0,0.0,0.0,0,0,0,1,0
32947,-1,1,-0.42685568,0.3948774,0,1,unassigned,3.0,3.0,0.0,1.0,0.0,0.0,0.001934236,0.0,1,0,0,0,0
32948,1,1,-0.3649326,0.40976608,0,1,unassigned,32.0,31.0,1.0,0.96875,0.03125,0.03125,0.058027077,0.0018133462,1,0,0,0,0
32949,-1,0,1.2400868,0.77557915,1,1,unassigned,2.0,1.0,1.0,0.5,0.5,0.5,0.0,0.0,0,0,0,1,0
32950,-1,1,2.9605403,0.9507593,1,1,unassigned,4.0,3.0,1.0,0.75,0.25,0.25,0.003868472,0.000967118,1,0,0,1,1
32951,-1,1,2.9248393,0.9490608,1,1,unassigned,3.0,3.0,0.0,1.0,0.0,0.0,0.001934236,0.0,1,0,0,1,1
32952,-1,0,-0.8860128,0.29193333,0,1,unassigned,2.0,2.0,0.0,1.0,0.0,0.0,0.0,0.0,0,0,0,0,0
32953,-1,0,-0.6909126,0.3338301,0,1,unassigned,12.0,11.0,1.0,0.9166667,0.083333336,0.08333331,0.01934236,0.0016118633,0,0,0,0,0
32954,-1,1,-0.65570825,0.34170434,0,1,unassigned,37.0,37.0,0.0,1.0,0.0,0.0,0.06769826,0.0,1,0,0,0,0
32955,-1,1,0.007003844,0.50175095,1,1,unassigned,26.0,22.0,4.0,0.84615386,0.15384616,0.15384614,0.046421662,0.0071417945,1,0,0,1,0
32956,-1,1,0.08501357,0.5212406,1,1,unassigned,21.0,20.0,1.0,0.95238096,0.04761905,0.047619045,0.036750484,0.0017500231,1,0,0,1,0
32957,-1,0,5.683741,0.9966107,1,1,unassigned,10.0,6.0,4.0,0.6,0.4,0.39999998,0.015473888,0.0061895554,0,0,0,1,1
32958,1,1,-0.25202626,0.43732482,0,1,train,2.0,2.0,0.0,1.0,0.0,0.0,0.0,0.0,1,0,0,0,0
32959,0,1,-0.5211605,0.3725809,0,0,unassigned,4.0,4.0,0.0,1.0,0.0,0.0,0.003868472,0.0,1,0,1,0,0
32960,-1,0,1.5755408,0.8285721,1,1,unassigned,4.0,4.0,0.0,1.0,0.0,0.0,0.003868472,0.0,0,0,0,1,0
32961,-1,1,-0.49130028,0.37958732,0,1,unassigned,54.0,52.0,2.0,0.962963,0.037037037,0.037037015,0.10058027,0.003725195,1,0,0,0,0
32962,-1,1,3.5194175,0.9712352,1,1,unassigned,7.0,7.0,0.0,1.0,0.0,0.0,0.00967118,0.0,1,0,0,1,1
32963,-1,0,-0.3186139,0.4210136,0,1,unassigned,5.0,5.0,0.0,1.0,0.0,0.0,0.0058027077,0.0,0,0,0,0,0
32964,0,0,-0.96440834,0.27599645,0,0,train,3.0,3.0,0.0,1.0,0.0,0.0,0.001934236,0.0,0,0,1,0,0
32965,-1,0,-0.40762183,0.3994825,0,1,unassigned,2.0,1.0,1.0,0.5,0.5,0.5,0.0,0.0,0,0,0,0,0
32966,-1,1,1.0590196,0.7425031,1,1,unassigned,2.0,2.0,0.0,1.0,0.0,0.0,0.0,0.0,1,0,0,1,0
32967,-1,0,0.1808868,0.5450988,1,1,unassigned,2.0,2.0,0.0,1.0,0.0,0.0,0.0,0.0,0,0,0,1,0
32968,-1,0,5.5804057,0.9962431,1,1,unassigned,12.0,12.0,0.0,1.0,0.0,0.0,0.01934236,0.0,0,0,0,1,1
32969,-1,0,2.1074903,0.8916291,1,1,unassigned,5.0,5.0,0.0,1.0,0.0,0.0,0.0058027077,0.0,0,0,0,1,0
32970,-1,0,0.95745975,0.7226129,1,1,unassigned,85.0,82.0,3.0,0.9647059,0.03529412,0.035294116,0.16054158,0.0056661735,0,0,0,1,0
32971,-1,1,1.6161549,0.83426416,1,1,unassigned,7.0,7.0,0.0,1.0,0.0,0.0,0.00967118,0.0,1,0,0,1,0
32972,-1,1,0.3630553,0.58977985,1,1,unassigned,9.0,9.0,0.0,1.0,0.0,0.0,0.013539651,0.0,1,0,0,1,0
32973,0,1,-0.87456596,0.29430512,0,0,test,17.0,17.0,0.0,1.0,0.0,0.0,0.029013539,0.0,1,0,1,0,0
32974,-1,0,-0.42216766,0.39599815,0,1,unassigned,13.0,11.0,2.0,0.84615386,0.15384616,0.15384614,0.021276595,0.0032733225,0,0,0,0,0
32975,-1,1,0.01747036,0.50436753,1,1,unassigned,55.0,49.0,6.0,0.8909091,0.10909091,0.109090924,0.102514505,0.011183401,1,0,0,1,0
32976,0,1,0.7107468,0.6705662,1,1,test,12.0,11.0,1.0,0.9166667,0.083333336,0.08333331,0.01934236,0.0016118633,1,0,0,1,0
32977,0,0,-0.9725332,0.27437586,0,0,unassigned,23.0,23.0,0.0,1.0,0.0,0.0,0.040618956,0.0,0,0,1,0,0
32978,0,1,-0.60856575,0.35238644,0,0,val,23.0,21.0,2.0,0.9130435,0.08695652,0.0869565,0.040618956,0.0035320832,1,0,1,0,0
32979,-1,1,0.15222639,0.5379833,1,1,unassigned,27.0,27.0,0.0,1.0,0.0,0.0,0.0483559,0.0,1,0,0,1,0
32980,-1,1,-0.57432044,0.36024052,0,1,unassigned,29.0,26.0,3.0,0.8965517,0.10344828,0.10344827,0.05222437,0.005402521,1,0,0,0,0
32981,-1,0,-0.8098431,0.3079239,0,1,unassigned,37.0,36.0,1.0,0.972973,0.027027028,0.02702701,0.06769826,0.0018296828,0,0,0,0,0
32982,-1,0,-0.34383422,0.4148784,0,1,unassigned,2.0,2.0,0.0,1.0,0.0,0.0,0.0,0.0,0,0,0,0,0
32983,-1,0,-0.7747316,0.31545645,0,1,unassigned,3.0,2.0,1.0,0.6666667,0.33333334,0.3333333,0.001934236,0.00064474536,0,0,0,0,0
32984,-1,0,1.8753593,0.86707723,1,1,unassigned,22.0,19.0,3.0,0.8636364,0.13636364,0.13636363,0.03868472,0.005275189,0,0,0,1,0
32985,-1,1,-0.7619472,0.31822363,0,1,unassigned,19.0,19.0,0.0,1.0,0.0,0.0,0.032882012,0.0,1,0,0,0,0
32986,-1,0,-0.17025355,0.4575391,0,1,unassigned,3.0,1.0,2.0,0.33333334,0.6666667,0.6666666,0.001934236,0.0012894907,0,0,0,0,0
32987,-1,0,-0.9347416,0.28196374,0,1,unassigned,16.0,16.0,0.0,1.0,0.0,0.0,0.027079303,0.0,0,0,0,0,0
32988,-1,0,0.85951775,0.7025599,1,1,unassigned,3.0,3.0,0.0,1.0,0.0,0.0,0.001934236,0.0,0,0,0,1,0
32989,1,0,-0.23220608,0.4422079,0,1,test,8.0,8.0,0.0,1.0,0.0,0.0,0.0116054155,0.0,0,0,0,0,0
32990,-1,0,-0.6044466,0.35332704,0,1,unassigned,23.0,22.0,1.0,0.95652175,0.04347826,0.04347825,0.040618956,0.0017660416,0,0,0,0,0
32991,-1,1,-0.5282535,0.37092432,0,1,unassigned,50.0,49.0,1.0,0.98,0.02,0.01999998,0.092843324,0.0018568664,1,0,0,0,0
32992,-1,1,-0.11130625,0.47220215,0,1,unassigned,31.0,30.0,1.0,0.9677419,0.032258064,0.032258093,0.056092843,0.0018094465,1,0,0,0,0
32993,-1,1,-0.023581088,0.49410498,0,1,unassigned,6.0,4.0,2.0,0.6666667,0.33333334,0.3333333,0.007736944,0.0025789815,1,0,0,0,0
32994,-1,0,-0.36723,0.40921053,0,1,unassigned,26.0,26.0,0.0,1.0,0.0,0.0,0.046421662,0.0,0,0,0,0,0
32995,-1,1,-0.105213046,0.473721,0,1,unassigned,9.0,9.0,0.0,1.0,0.0,0.0,0.013539651,0.0,1,0,0,0,0
32996,-1,0,0.029456913,0.50736374,1,1,unassigned,5.0,1.0,4.0,0.2,0.8,0.8,0.0058027077,0.004642166,0,0,0,1,0
32997,1,0,2.1249278,0.8933025,1,0,test,35.0,34.0,1.0,0.9714286,0.028571429,0.028571427,0.06382979,0.0018237082,0,0,1,1,0
32998,-1,1,1.424864,0.8060998,1,1,unassigned,5.0,5.0,0.0,1.0,0.0,0.0,0.0058027077,0.0,1,0,0,1,0
32999,-1,0,-0.17973629,0.4551865,0,1,unassigned,42.0,41.0,1.0,0.97619045,0.023809524,0.023809552,0.07736944,0.0018421295,0,0,0,0,0
33000,-1,1,-0.7972164,0.31062126,0,1,unassigned,68.0,66.0,2.0,0.9705882,0.029411765,0.029411793,0.12765957,0.0037546933,1,0,0,0,0
33001,-1,1,-0.52664316,0.37130016,0,1,unassigned,19.0,18.0,1.0,0.94736844,0.05263158,0.052631557,0.032882012,0.0017306323,1,0,0,0,0
33002,-1,1,-0.7252926,0.3262286,0,1,unassigned,34.0,32.0,2.0,0.9411765,0.05882353,0.058823526,0.061895553,0.0036409148,1,0,0,0,0
33003,0,1,-0.69523036,0.33287054,0,0,unassigned,37.0,37.0,0.0,1.0,0.0,0.0,0.06769826,0.0,1,0,1,0,0
33004,-1,1,-0.59721565,0.35498098,0,1,unassigned,42.0,42.0,0.0,1.0,0.0,0.0,0.07736944,0.0,1,0,0,0,0
33005,-1,1,-0.33452195,0.4171408,0,1,unassigned,13.0,13.0,0.0,1.0,0.0,0.0,0.021276595,0.0,1,0,0,0,0
33006,-1,1,-0.64200217,0.3447941,0,1,unassigned,36.0,36.0,0.0,1.0,0.0,0.0,0.065764025,0.0,1,0,0,0,0
33007,-1,1,-0.744825,0.32194996,0,1,unassigned,54.0,52.0,2.0,0.962963,0.037037037,0.037037015,0.10058027,0.003725195,1,0,0,0,0
33008,-1,0,-0.46968335,0.38469118,0,1,unassigned,21.0,21.0,0.0,1.0,0.0,0.0,0.036750484,0.0,0,0,0,0,0
33009,-1,1,-0.7895125,0.31227335,0,1,unassigned,21.0,20.0,1.0,0.95238096,0.04761905,0.047619045,0.036750484,0.0017500231,1,0,0,0,0
33010,-1,1,-0.7744709,0.31551275,0,1,unassigned,14.0,14.0,0.0,1.0,0.0,0.0,0.023210831,0.0,1,0,0,0,0
33011,1,1,1.9541423,0.8758976,1,0,test,2.0,2.0,0.0,1.0,0.0,0.0,0.0,0.0,1,0,1,1,0
33012,-1,1,2.49917,0.9240836,1,1,unassigned,12.0,12.0,0.0,1.0,0.0,0.0,0.01934236,0.0,1,0,0,1,1
33013,-1,0,4.2206435,0.98552346,1,1,unassigned,13.0,13.0,0.0,1.0,0.0,0.0,0.021276595,0.0,0,0,0,1,1
33014,-1,1,5.225074,0.9946489,1,1,unassigned,10.0,7.0,3.0,0.7,0.3,0.3,0.015473888,0.0046421667,1,0,0,1,1
33015,-1,1,2.1157687,0.8924264,1,1,unassigned,10.0,10.0,0.0,1.0,0.0,0.0,0.015473888,0.0,1,0,0,1,0
33016,-1,1,4.4666505,0.9886447,1,1,unassigned,2.0,1.0,1.0,0.5,0.5,0.5,0.0,0.0,1,0,0,1,1
33017,-1,0,1.0012789,0.73130995,1,1,unassigned,2.0,2.0,0.0,1.0,0.0,0.0,0.0,0.0,0,0,0,1,0
33018,-1,1,-0.612558,0.3514759,0,1,unassigned,99.0,98.0,1.0,0.989899,0.01010101,0.01010102,0.1876209,0.0018951605,1,0,0,0,0
33019,-1,1,2.2722332,0.9065512,1,1,unassigned,25.0,25.0,0.0,1.0,0.0,0.0,0.044487428,0.0,1,0,0,1,1
33020,-1,1,-0.19616866,0.4511145,0,1,unassigned,4.0,4.0,0.0,1.0,0.0,0.0,0.003868472,0.0,1,0,0,0,0
33021,-1,1,-0.6460376,0.343883,0,1,unassigned,23.0,22.0,1.0,0.95652175,0.04347826,0.04347825,0.040618956,0.0017660416,1,0,0,0,0
33022,-1,1,-0.8860869,0.291918,0,1,unassigned,16.0,16.0,0.0,1.0,0.0,0.0,0.027079303,0.0,1,0,0,0,0
33023,-1,1,-0.8663798,0.29600814,0,1,unassigned,20.0,20.0,0.0,1.0,0.0,0.0,0.034816246,0.0,1,0,0,0,0
33024,-1,1,-0.74502385,0.32190657,0,1,unassigned,17.0,17.0,0.0,1.0,0.0,0.0,0.029013539,0.0,1,0,0,0,0
33025,1,1,-0.13748372,0.46568313,0,1,unassigned,11.0,11.0,0.0,1.0,0.0,0.0,0.017408123,0.0,1,0,0,0,0
33026,-1,0,-0.57420844,0.36026633,0,1,unassigned,7.0,7.0,0.0,1.0,0.0,0.0,0.00967118,0.0,0,0,0,0,0
33027,-1,0,0.34445196,0.58527154,1,1,unassigned,14.0,14.0,0.0,1.0,0.0,0.0,0.023210831,0.0,0,0,0,1,0
33028,-1,1,1.2731924,0.78128874,1,1,unassigned,2.0,2.0,0.0,1.0,0.0,0.0,0.0,0.0,1,0,0,1,0
33029,-1,1,-0.54754055,0.36643523,0,1,unassigned,8.0,8.0,0.0,1.0,0.0,0.0,0.0116054155,0.0,1,0,0,0,0
33030,-1,1,0.9524651,0.7216106,1,1,unassigned,13.0,13.0,0.0,1.0,0.0,0.0,0.021276595,0.0,1,0,0,1,0
33031,-1,0,-0.2726511,0.43225634,0,1,unassigned,3.0,3.0,0.0,1.0,0.0,0.0,0.001934236,0.0,0,0,0,0,0
33032,1,1,-0.5190567,0.37307283,0,1,val,35.0,35.0,0.0,1.0,0.0,0.0,0.06382979,0.0,1,0,0,0,0
33033,-1,1,0.45705777,0.61231595,1,1,unassigned,7.0,7.0,0.0,1.0,0.0,0.0,0.00967118,0.0,1,0,0,1,0
33034,-1,1,0.97382075,0.72588044,1,1,unassigned,41.0,36.0,5.0,0.8780488,0.12195122,0.12195122,0.07543521,0.009199415,1,0,0,1,0
33035,-1,1,2.75117,0.9399794,1,1,unassigned,8.0,8.0,0.0,1.0,0.0,0.0,0.0116054155,0.0,1,0,0,1,1
33036,-1,1,-0.27962342,0.4305461,0,1,unassigned,36.0,36.0,0.0,1.0,0.0,0.0,0.065764025,0.0,1,0,0,0,0
33037,-1,1,0.8623404,0.7031494,1,1,unassigned,67.0,65.0,2.0,0.9701493,0.029850746,0.029850721,0.12572534,0.0037529953,1,0,0,1,0
33038,-1,0,3.734547,0.9766732,1,1,unassigned,59.0,50.0,9.0,0.84745765,0.15254237,0.15254235,0.11025145,0.016818017,0,0,0,1,1
33039,-1,1,-0.921841,0.2845829,0,1,unassigned,40.0,38.0,2.0,0.95,0.05,0.050000012,0.07350097,0.0036750485,1,0,0,0,0
33040,1,1,-0.8857605,0.29198548,0,1,unassigned,21.0,21.0,0.0,1.0,0.0,0.0,0.036750484,0.0,1,0,0,0,0
33041,0,1,1.2256756,0.7730608,1,1,test,31.0,30.0,1.0,0.9677419,0.032258064,0.032258093,0.056092843,0.0018094465,1,0,0,1,0
33042,-1,1,-0.26690817,0.4336663,0,1,unassigned,114.0,110.0,4.0,0.9649123,0.03508772,0.035087705,0.21663442,0.007601208,1,0,0,0,0
33043,0,0,0.40634364,0.60021085,1,1,test,33.0,33.0,0.0,1.0,0.0,0.0,0.059961315,0.0,0,0,0,1,0
33044,0,1,-0.49141902,0.37955937,0,0,unassigned,79.0,78.0,1.0,0.98734176,0.012658228,0.012658238,0.14893617,0.001885268,1,0,1,0,0
33045,-1,1,0.12797374,0.5319498,1,1,unassigned,40.0,39.0,1.0,0.975,0.025,0.024999976,0.07350097,0.0018375242,1,0,0,1,0
33046,-1,0,0.8938076,0.70967525,1,1,unassigned,13.0,13.0,0.0,1.0,0.0,0.0,0.021276595,0.0,0,0,0,1,0
33047,-1,1,0.023097217,0.505774,1,1,unassigned,16.0,15.0,1.0,0.9375,0.0625,0.0625,0.027079303,0.0016924564,1,0,0,1,0
33048,-1,0,1.6461551,0.8383707,1,1,unassigned,2.0,2.0,0.0,1.0,0.0,0.0,0.0,0.0,0,0,0,1,0
33049,-1,0,1.4757125,0.81392413,1,1,unassigned,4.0,4.0,0.0,1.0,0.0,0.0,0.003868472,0.0,0,0,0,1,0
33050,-1,0,3.343514,0.9658918,1,1,unassigned,15.0,8.0,7.0,0.53333336,0.46666667,0.46666664,0.025145067,0.011734365,0,0,0,1,1
33051,-1,0,5.4865346,0.99587494,1,1,unassigned,4.0,4.0,0.0,1.0,0.0,0.0,0.003868472,0.0,0,0,0,1,1
33052,-1,0,4.306519,0.98669887,1,1,unassigned,7.0,7.0,0.0,1.0,0.0,0.0,0.00967118,0.0,0,0,0,1,1
33053,1,0,0.51918143,0.62695634,1,0,unassigned,5.0,4.0,1.0,0.8,0.2,0.19999999,0.0058027077,0.0011605415,0,0,1,1,0
33054,-1,0,-0.52458006,0.37178186,0,1,unassigned,2.0,2.0,0.0,1.0,0.0,0.0,0.0,0.0,0,0,0,0,0
33055,-1,0,1.9783685,0.87850714,1,1,unassigned,7.0,6.0,1.0,0.85714287,0.14285715,0.14285713,0.00967118,0.0013815971,0,0,0,1,0
33056,-1,0,2.217018,0.9017674,1,1,unassigned,4.0,4.0,0.0,1.0,0.0,0.0,0.003868472,0.0,0,0,0,1,1
33057,0,1,0.12628347,0.53152895,1,1,test,6.0,6.0,0.0,1.0,0.0,0.0,0.007736944,0.0,1,0,0,1,0
33058,-1,0,0.3974474,0.5980742,1,1,unassigned,2.0,2.0,0.0,1.0,0.0,0.0,0.0,0.0,0,0,0,1,0
33059,0,1,-1.0354948,0.2620202,0,0,test,2.0,2.0,0.0,1.0,0.0,0.0,0.0,0.0,1,0,1,0,0
33060,-1,1,-0.7110379,0.32936957,0,1,unassigned,25.0,23.0,2.0,0.92,0.08,0.07999998,0.044487428,0.003558994,1,0,0,0,0
33061,1,0,0.021936178,0.5054838,1,0,test,3.0,3.0,0.0,1.0,0.0,0.0,0.001934236,0.0,0,0,1,1,0
33062,-1,0,0.6388734,0.6544987,1,1,unassigned,2.0,2.0,0.0,1.0,0.0,0.0,0.0,0.0,0,0,0,1,0
33063,-1,1,1.4679091,0.8127394,1,1,unassigned,3.0,3.0,0.0,1.0,0.0,0.0,0.001934236,0.0,1,0,0,1,0
33064,-1,0,5.639019,0.9964562,1,1,unassigned,3.0,3.0,0.0,1.0,0.0,0.0,0.001934236,0.0,0,0,0,1,1
33065,-1,0,1.0246625,0.7358798,1,1,unassigned,7.0,7.0,0.0,1.0,0.0,0.0,0.00967118,0.0,0,0,0,1,0
33066,1,0,-0.3469614,0.41411948,0,1,unassigned,14.0,13.0,1.0,0.9285714,0.071428575,0.0714286,0.023210831,0.0016579166,0,0,0,0,0
33067,-1,1,-0.36789358,0.4090501,0,1,unassigned,11.0,11.0,0.0,1.0,0.0,0.0,0.017408123,0.0,1,0,0,0,0
33068,-1,1,2.9247568,0.94905674,1,1,unassigned,5.0,5.0,0.0,1.0,0.0,0.0,0.0058027077,0.0,1,0,0,1,1
33069,-1,1,3.385145,0.96723706,1,1,unassigned,7.0,7.0,0.0,1.0,0.0,0.0,0.00967118,0.0,1,0,0,1,1
33070,-1,1,4.200605,0.98523474,1,1,unassigned,3.0,3.0,0.0,1.0,0.0,0.0,0.001934236,0.0,1,0,0,1,1
33071,-1,1,0.5703979,0.638855,1,1,unassigned,4.0,2.0,2.0,0.5,0.5,0.5,0.003868472,0.001934236,1,0,0,1,0
33072,-1,1,0.35446864,0.5877008,1,1,unassigned,7.0,7.0,0.0,1.0,0.0,0.0,0.00967118,0.0,1,0,0,1,0
33073,0,1,-0.4142524,0.39789292,0,0,val,24.0,24.0,0.0,1.0,0.0,0.0,0.04255319,0.0,1,0,1,0,0
33074,-1,1,2.8188908,0.94368815,1,1,unassigned,2.0,1.0,1.0,0.5,0.5,0.5,0.0,0.0,1,0,0,1,1
33075,-1,0,9.5576515,0.9999293,1,1,unassigned,3.0,3.0,0.0,1.0,0.0,0.0,0.001934236,0.0,0,0,0,1,1
33076,1,0,4.4052243,0.987934,1,0,val,17.0,17.0,0.0,1.0,0.0,0.0,0.029013539,0.0,0,0,1,1,1
33077,-1,1,-0.017480612,0.49562994,0,1,unassigned,8.0,8.0,0.0,1.0,0.0,0.0,0.0116054155,0.0,1,0,0,0,0
33078,-1,1,0.54641086,0.63330245,1,1,unassigned,2.0,2.0,0.0,1.0,0.0,0.0,0.0,0.0,1,0,0,1,0
33079,-1,0,9.355347,0.99991345,1,1,unassigned,7.0,6.0,1.0,0.85714287,0.14285715,0.14285713,0.00967118,0.0013815971,0,0,0,1,1
33080,-1,0,2.4303095,0.9191095,1,1,unassigned,9.0,7.0,2.0,0.7777778,0.22222222,0.22222221,0.013539651,0.0030088115,0,0,0,1,1
33081,0,1,-0.65888387,0.3409904,0,0,unassigned,67.0,57.0,10.0,0.8507463,0.14925373,0.14925373,0.12572534,0.018764976,1,0,1,0,0
33082,-1,0,0.10070938,0.5251561,1,1,unassigned,2.0,2.0,0.0,1.0,0.0,0.0,0.0,0.0,0,0,0,1,0
33083,-1,0,0.38787085,0.59577006,1,1,unassigned,2.0,2.0,0.0,1.0,0.0,0.0,0.0,0.0,0,0,0,1,0
33084,-1,0,4.6084228,0.9901308,1,1,unassigned,2.0,2.0,0.0,1.0,0.0,0.0,0.0,0.0,0,0,0,1,1
33085,-1,1,0.39326745,0.59706897,1,1,unassigned,8.0,8.0,0.0,1.0,0.0,0.0,0.0116054155,0.0,1,0,0,1,0
33086,-1,1,0.26389378,0.5655932,1,1,unassigned,9.0,9.0,0.0,1.0,0.0,0.0,0.013539651,0.0,1,0,0,1,0
33087,-1,1,-0.24210757,0.43976703,0,1,unassigned,9.0,9.0,0.0,1.0,0.0,0.0,0.013539651,0.0,1,0,0,0,0
33088,-1,0,0.09422642,0.5235392,1,1,unassigned,3.0,3.0,0.0,1.0,0.0,0.0,0.001934236,0.0,0,0,0,1,0
33089,1,0,2.516116,0.9252639,1,0,train,2.0,2.0,0.0,1.0,0.0,0.0,0.0,0.0,0,0,1,1,1
33090,-1,0,3.1992657,0.96080667,1,1,unassigned,19.0,16.0,3.0,0.84210527,0.15789473,0.15789473,0.032882012,0.0051918966,0,0,0,1,1
33091,-1,1,4.830486,0.9920806,1,1,unassigned,4.0,4.0,0.0,1.0,0.0,0.0,0.003868472,0.0,1,0,0,1,1
33092,-1,1,5.1791596,0.9943988,1,1,unassigned,8.0,8.0,0.0,1.0,0.0,0.0,0.0116054155,0.0,1,0,0,1,1
33093,0,0,0.0121949315,0.5030487,1,1,test,2.0,2.0,0.0,1.0,0.0,0.0,0.0,0.0,0,0,0,1,0
33094,-1,0,6.6204495,0.9986689,1,1,unassigned,3.0,3.0,0.0,1.0,0.0,0.0,0.001934236,0.0,0,0,0,1,1
33095,0,1,-0.78772557,0.31265727,0,0,unassigned,50.0,50.0,0.0,1.0,0.0,0.0,0.092843324,0.0,1,0,1,0,0
33096,-1,1,-0.70869863,0.32988647,0,1,unassigned,35.0,34.0,1.0,0.9714286,0.028571429,0.028571427,0.06382979,0.0018237082,1,0,0,0,0
33097,-1,0,2.907255,0.94820386,1,1,unassigned,3.0,3.0,0.0,1.0,0.0,0.0,0.001934236,0.0,0,0,0,1,1
33098,-1,0,0.13751125,0.53432375,1,1,unassigned,53.0,51.0,2.0,0.9622642,0.03773585,0.03773582,0.09864604,0.0037224921,0,0,0,1,0
33099,0,0,-0.24525833,0.43899092,0,0,test,25.0,25.0,0.0,1.0,0.0,0.0,0.044487428,0.0,0,0,1,0,0
33100,-1,1,6.894188,0.9989874,1,1,unassigned,2.0,1.0,1.0,0.5,0.5,0.5,0.0,0.0,1,0,0,1,1
33101,-1,0,4.6045356,0.9900928,1,1,unassigned,3.0,3.0,0.0,1.0,0.0,0.0,0.001934236,0.0,0,0,0,1,1
33102,-1,0,-0.31975445,0.4207356,0,1,unassigned,36.0,36.0,0.0,1.0,0.0,0.0,0.065764025,0.0,0,0,0,0,0
33103,-1,1,4.3231797,0.9869158,1,1,unassigned,3.0,3.0,0.0,1.0,0.0,0.0,0.001934236,0.0,1,0,0,1,1
33104,-1,0,-0.009128869,0.49771783,0,1,unassigned,53.0,53.0,0.0,1.0,0.0,0.0,0.09864604,0.0,0,0,0,0,0
33105,-1,1,0.38271695,0.59452826,1,1,unassigned,8.0,8.0,0.0,1.0,0.0,0.0,0.0116054155,0.0,1,0,0,1,0
33106,-1,1,-0.86832595,0.29560277,0,1,unassigned,51.0,51.0,0.0,1.0,0.0,0.0,0.09477756,0.0,1,0,0,0,0
33107,-1,1,-0.48997298,0.37989995,0,1,unassigned,31.0,31.0,0.0,1.0,0.0,0.0,0.056092843,0.0,1,0,0,0,0
33108,0,1,-0.783234,0.3136233,0,0,test,52.0,52.0,0.0,1.0,0.0,0.0,0.0967118,0.0,1,0,1,0,0
33109,-1,0,-0.5586275,0.36386508,0,1,unassigned,7.0,7.0,0.0,1.0,0.0,0.0,0.00967118,0.0,0,0,0,0,0
33110,-1,1,-0.5405343,0.36806327,0,1,unassigned,8.0,8.0,0.0,1.0,0.0,0.0,0.0116054155,0.0,1,0,0,0,0
33111,-1,0,-0.670059,0.33848363,0,1,unassigned,2.0,2.0,0.0,1.0,0.0,0.0,0.0,0.0,0,0,0,0,0
33112,-1,0,6.5476594,0.99856853,1,1,unassigned,2.0,2.0,0.0,1.0,0.0,0.0,0.0,0.0,0,0,0,1,1
33113,-1,1,0.24483341,0.56090444,1,1,unassigned,2.0,2.0,0.0,1.0,0.0,0.0,0.0,0.0,1,0,0,1,0
33114,-1,0,-0.2689586,0.43316278,0,1,unassigned,2.0,2.0,0.0,1.0,0.0,0.0,0.0,0.0,0,0,0,0,0
33115,-1,0,4.549072,0.9895337,1,1,unassigned,2.0,2.0,0.0,1.0,0.0,0.0,0.0,0.0,0,0,0,1,1
33116,-1,1,3.2145374,0.96137774,1,1,unassigned,2.0,2.0,0.0,1.0,0.0,0.0,0.0,0.0,1,0,0,1,1
33117,-1,0,1.6378777,0.83724594,1,1,unassigned,2.0,2.0,0.0,1.0,0.0,0.0,0.0,0.0,0,0,0,1,0
33118,-1,1,5.7442966,0.9968092,1,1,unassigned,3.0,2.0,1.0,0.6666667,0.33333334,0.3333333,0.001934236,0.00064474536,1,0,0,1,1
33119,-1,0,-0.32080823,0.4204788,0,1,unassigned,6.0,4.0,2.0,0.6666667,0.33333334,0.3333333,0.007736944,0.0025789815,0,0,0,0,0
33120,-1,0,2.626538,0.9325501,1,1,unassigned,6.0,4.0,2.0,0.6666667,0.33333334,0.3333333,0.007736944,0.0025789815,0,0,0,1,1
33121,-1,1,3.7875178,0.97784996,1,1,unassigned,2.0,1.0,1.0,0.5,0.5,0.5,0.0,0.0,1,0,0,1,1
33122,0,0,-0.06103164,0.48474684,0,0,test,17.0,17.0,0.0,1.0,0.0,0.0,0.029013539,0.0,0,0,1,0,0
33123,-1,1,-0.6751031,0.3373551,0,1,unassigned,14.0,14.0,0.0,1.0,0.0,0.0,0.023210831,0.0,1,0,0,0,0
33124,-1,1,-0.7488028,0.3210822,0,1,unassigned,11.0,10.0,1.0,0.90909094,0.09090909,0.090909064,0.017408123,0.0015825568,1,0,0,0,0
33125,-1,0,6.9258933,0.9990189,1,1,unassigned,22.0,21.0,1.0,0.95454544,0.045454547,0.04545456,0.03868472,0.0017583964,0,0,0,1,1
33126,-1,0,-0.074095994,0.4814845,0,1,unassigned,25.0,25.0,0.0,1.0,0.0,0.0,0.044487428,0.0,0,0,0,0,0
33127,-1,0,-0.28714174,0.42870378,0,1,unassigned,4.0,4.0,0.0,1.0,0.0,0.0,0.003868472,0.0,0,0,0,0,0
33128,-1,0,-0.8033267,0.30931437,0,1,unassigned,27.0,17.0,10.0,0.6296296,0.37037036,0.3703704,0.0483559,0.017909592,0,0,0,0,0
33129,-1,1,4.3922687,0.9877786,1,1,unassigned,7.0,7.0,0.0,1.0,0.0,0.0,0.00967118,0.0,1,0,0,1,1
33130,1,0,6.3553686,0.9982657,1,0,unassigned,5.0,4.0,1.0,0.8,0.2,0.19999999,0.0058027077,0.0011605415,0,0,1,1,1
33131,-1,1,-0.68139243,0.3359506,0,1,unassigned,57.0,57.0,0.0,1.0,0.0,0.0,0.10638298,0.0,1,0,0,0,0
33132,1,1,6.5418434,0.99856025,1,0,test,20.0,18.0,2.0,0.9,0.1,0.100000024,0.034816246,0.0034816246,1,0,1,1,1
33133,-1,0,2.1992319,0.9001806,1,1,unassigned,5.0,4.0,1.0,0.8,0.2,0.19999999,0.0058027077,0.0011605415,0,0,0,1,1
33134,-1,1,-0.42405707,0.39554635,0,1,unassigned,34.0,34.0,0.0,1.0,0.0,0.0,0.061895553,0.0,1,0,0,0,0
33135,-1,1,-0.64945745,0.3431118,0,1,unassigned,161.0,157.0,4.0,0.9751553,0.024844721,0.024844706,0.30754352,0.007640833,1,0,0,0,0
33136,1,1,2.246885,0.9043815,1,0,train,5.0,5.0,0.0,1.0,0.0,0.0,0.0058027077,0.0,1,0,1,1,1
33137,-1,0,2.652317,0.9341536,1,1,unassigned,3.0,3.0,0.0,1.0,0.0,0.0,0.001934236,0.0,0,0,0,1,1
33138,1,0,3.755399,0.9771435,1,0,unassigned,6.0,6.0,0.0,1.0,0.0,0.0,0.007736944,0.0,0,0,1,1,1
33139,-1,0,1.7306685,0.84949785,1,1,unassigned,3.0,3.0,0.0,1.0,0.0,0.0,0.001934236,0.0,0,0,0,1,0
33140,-1,0,-0.8425576,0.3009964,0,1,unassigned,11.0,11.0,0.0,1.0,0.0,0.0,0.017408123,0.0,0,0,0,0,0
33141,-1,0,3.8743317,0.9796544,1,1,unassigned,3.0,3.0,0.0,1.0,0.0,0.0,0.001934236,0.0,0,0,0,1,1
33142,-1,1,-0.63713384,0.3458947,0,1,unassigned,14.0,14.0,0.0,1.0,0.0,0.0,0.023210831,0.0,1,0,0,0,0
33143,-1,1,6.65278,0.9987112,1,1,unassigned,3.0,3.0,0.0,1.0,0.0,0.0,0.001934236,0.0,1,0,0,1,1
33144,1,1,0.03427601,0.50856817,1,0,test,30.0,30.0,0.0,1.0,0.0,0.0,0.054158606,0.0,1,0,1,1,0
33145,-1,0,-0.14811772,0.46303812,0,1,unassigned,4.0,4.0,0.0,1.0,0.0,0.0,0.003868472,0.0,0,0,0,0,0
33146,-1,0,-0.69159114,0.3336792,0,1,unassigned,56.0,56.0,0.0,1.0,0.0,0.0,0.10444874,0.0,0,0,0,0,0
33147,-1,1,-0.22318172,0.44443503,0,1,unassigned,14.0,12.0,2.0,0.85714287,0.14285715,0.14285713,0.023210831,0.0033158332,1,0,0,0,0
33148,0,0,-0.027478993,0.49313065,0,0,val,37.0,37.0,0.0,1.0,0.0,0.0,0.06769826,0.0,0,0,1,0,0
33149,-1,1,0.096580565,0.52412635,1,1,unassigned,23.0,21.0,2.0,0.9130435,0.08695652,0.0869565,0.040618956,0.0035320832,1,0,0,1,0
33150,-1,0,0.067798674,0.5169432,1,1,unassigned,29.0,29.0,0.0,1.0,0.0,0.0,0.05222437,0.0,0,0,0,1,0
33151,0,0,0.39950687,0.59856915,1,1,test,17.0,17.0,0.0,1.0,0.0,0.0,0.029013539,0.0,0,0,0,1,0
33152,0,0,-0.9376221,0.2813809,0,0,unassigned,17.0,17.0,0.0,1.0,0.0,0.0,0.029013539,0.0,0,0,1,0,0
33153,-1,0,-0.020896018,0.49477622,0,1,unassigned,24.0,24.0,0.0,1.0,0.0,0.0,0.04255319,0.0,0,0,0,0,0
33154,-1,0,-0.7310091,0.32497332,0,1,unassigned,16.0,16.0,0.0,1.0,0.0,0.0,0.027079303,0.0,0,0,0,0,0
33155,1,0,-0.4944107,0.3788551,0,1,test,9.0,9.0,0.0,1.0,0.0,0.0,0.013539651,0.0,0,0,0,0,0
33156,-1,0,0.6449669,0.6558754,1,1,unassigned,32.0,32.0,0.0,1.0,0.0,0.0,0.058027077,0.0,0,0,0,1,0
33157,-1,1,-0.22770339,0.4433188,0,1,unassigned,18.0,18.0,0.0,1.0,0.0,0.0,0.030947777,0.0,1,0,0,0,0
33158,-1,0,0.49103862,0.6203511,1,1,unassigned,5.0,4.0,1.0,0.8,0.2,0.19999999,0.0058027077,0.0011605415,0,0,0,1,0
33159,-1,1,-0.7926234,0.31160566,0,1,unassigned,31.0,31.0,0.0,1.0,0.0,0.0,0.056092843,0.0,1,0,0,0,0
33160,-1,0,3.0334172,0.9540612,1,1,unassigned,5.0,5.0,0.0,1.0,0.0,0.0,0.0058027077,0.0,0,0,0,1,1
33161,-1,1,2.1181161,0.89265156,1,1,unassigned,3.0,3.0,0.0,1.0,0.0,0.0,0.001934236,0.0,1,0,0,1,0
33162,-1,0,0.8254027,0.69538194,1,1,unassigned,2.0,2.0,0.0,1.0,0.0,0.0,0.0,0.0,0,0,0,1,0
33163,-1,0,0.83297247,0.69698304,1,1,unassigned,9.0,9.0,0.0,1.0,0.0,0.0,0.013539651,0.0,0,0,0,1,0
33164,1,0,3.5140898,0.971086,1,0,unassigned,3.0,3.0,0.0,1.0,0.0,0.0,0.001934236,0.0,0,0,1,1,1
33165,-1,1,2.4238257,0.9186262,1,1,unassigned,3.0,3.0,0.0,1.0,0.0,0.0,0.001934236,0.0,1,0,0,1,1
33166,-1,1,0.6555607,0.65826243,1,1,unassigned,13.0,12.0,1.0,0.9230769,0.07692308,0.07692307,0.021276595,0.0016366612,1,0,0,1,0
33167,1,1,4.853868,0.9922621,1,0,unassigned,9.0,9.0,0.0,1.0,0.0,0.0,0.013539651,0.0,1,0,1,1,1
33168,-1,1,0.4355715,0.6072033,1,1,unassigned,15.0,15.0,0.0,1.0,0.0,0.0,0.025145067,0.0,1,0,0,1,0
33169,-1,1,3.726868,0.97649753,1,1,unassigned,6.0,6.0,0.0,1.0,0.0,0.0,0.007736944,0.0,1,0,0,1,1
33170,1,0,4.5631714,0.98967874,1,0,unassigned,4.0,4.0,0.0,1.0,0.0,0.0,0.003868472,0.0,0,0,1,1,1
33171,1,0,4.1502824,0.98448455,1,0,val,4.0,2.0,2.0,0.5,0.5,0.5,0.003868472,0.001934236,0,0,1,1,1
33172,-1,0,-0.7731528,0.31579748,0,1,unassigned,3.0,3.0,0.0,1.0,0.0,0.0,0.001934236,0.0,0,0,0,0,0
33173,-1,1,7.82581,0.9996008,1,1,unassigned,3.0,3.0,0.0,1.0,0.0,0.0,0.001934236,0.0,1,0,0,1,1
33174,-1,1,-0.57183284,0.360814,0,1,unassigned,105.0,102.0,3.0,0.9714286,0.028571429,0.028571427,0.1992263,0.0056921802,1,0,0,0,0
33175,-1,1,-0.848428,0.29976273,0,1,unassigned,35.0,34.0,1.0,0.9714286,0.028571429,0.028571427,0.06382979,0.0018237082,1,0,0,0,0
33176,-1,0,2.6862934,0.936213,1,1,unassigned,11.0,11.0,0.0,1.0,0.0,0.0,0.017408123,0.0,0,0,0,1,1
33177,-1,1,1.7219937,0.84838545,1,1,unassigned,16.0,13.0,3.0,0.8125,0.1875,0.1875,0.027079303,0.0050773695,1,0,0,1,0
33178,0,1,0.33502698,0.582982,1,1,unassigned,7.0,7.0,0.0,1.0,0.0,0.0,0.00967118,0.0,1,0,0,1,0
33179,0,0,-0.43491477,0.39295337,0,0,val,9.0,8.0,1.0,0.8888889,0.11111111,0.111111104,0.013539651,0.0015044058,0,0,1,0,0
33180,-1,0,-0.3910212,0.4034715,0,1,unassigned,4.0,4.0,0.0,1.0,0.0,0.0,0.003868472,0.0,0,0,0,0,0
33181,-1,1,6.9176583,0.9990108,1,1,unassigned,22.0,14.0,8.0,0.6363636,0.36363637,0.36363637,0.03868472,0.014067171,1,0,0,1,1
33182,-1,0,1.1053421,0.7512597,1,1,unassigned,9.0,9.0,0.0,1.0,0.0,0.0,0.013539651,0.0,0,0,0,1,0
33183,-1,0,5.099526,0.9939374,1,1,unassigned,3.0,3.0,0.0,1.0,0.0,0.0,0.001934236,0.0,0,0,0,1,1
33184,1,0,5.998089,0.99752265,1,0,test,20.0,17.0,3.0,0.85,0.15,0.14999998,0.034816246,0.005222437,0,0,1,1,1
33185,-1,0,-0.34793076,0.4138843,0,1,unassigned,12.0,12.0,0.0,1.0,0.0,0.0,0.01934236,0.0,0,0,0,0,0
33186,-1,0,-0.27282968,0.43221256,0,1,unassigned,3.0,3.0,0.0,1.0,0.0,0.0,0.001934236,0.0,0,0,0,0,0
33187,1,0,-0.43445057,0.39306405,0,1,unassigned,10.0,10.0,0.0,1.0,0.0,0.0,0.015473888,0.0,0,0,0,0,0
33188,-1,0,-0.33418494,0.4172227,0,1,unassigned,6.0,6.0,0.0,1.0,0.0,0.0,0.007736944,0.0,0,0,0,0,0
33189,-1,0,6.317776,0.9981993,1,1,unassigned,54.0,51.0,3.0,0.9444444,0.055555556,0.055555582,0.10058027,0.0055877925,0,0,0,1,1
33190,-1,0,4.2942142,0.98653644,1,1,unassigned,7.0,6.0,1.0,0.85714287,0.14285715,0.14285713,0.00967118,0.0013815971,0,0,0,1,1
33191,-1,0,3.3930042,0.96748513,1,1,unassigned,9.0,8.0,1.0,0.8888889,0.11111111,0.111111104,0.013539651,0.0015044058,0,0,0,1,1
33192,-1,1,-0.14343494,0.46420264,0,1,unassigned,14.0,13.0,1.0,0.9285714,0.071428575,0.0714286,0.023210831,0.0016579166,1,0,0,0,0
33193,-1,1,2.3801627,0.9153021,1,1,unassigned,3.0,3.0,0.0,1.0,0.0,0.0,0.001934236,0.0,1,0,0,1,1
33194,-1,1,-0.7531177,0.32014236,0,1,unassigned,44.0,39.0,5.0,0.8863636,0.11363637,0.113636374,0.08123791,0.009231581,1,0,0,0,0
33195,-1,0,2.5973763,0.9306925,1,1,unassigned,6.0,5.0,1.0,0.8333333,0.16666667,0.16666669,0.007736944,0.0012894907,0,0,0,1,1
33196,-1,0,0.09989309,0.52495253,1,1,unassigned,9.0,9.0,0.0,1.0,0.0,0.0,0.013539651,0.0,0,0,0,1,0
33197,-1,1,-0.78382313,0.3134965,0,1,unassigned,28.0,23.0,5.0,0.8214286,0.17857143,0.1785714,0.050290134,0.008980381,1,0,0,0,0
33198,-1,0,-0.68700033,0.3347007,0,1,unassigned,77.0,76.0,1.0,0.987013,0.012987013,0.012987018,0.14506769,0.001883996,0,0,0,0,0
33199,0,0,-0.2041673,0.44913474,0,0,unassigned,23.0,23.0,0.0,1.0,0.0,0.0,0.040618956,0.0,0,0,1,0,0
33200,-1,1,2.777353,0.9414397,1,1,unassigned,2.0,1.0,1.0,0.5,0.5,0.5,0.0,0.0,1,0,0,1,1
33201,-1,1,5.0134954,0.9933963,1,1,unassigned,6.0,4.0,2.0,0.6666667,0.33333334,0.3333333,0.007736944,0.0025789815,1,0,0,1,1
33202,-1,0,0.14378327,0.535884,1,1,unassigned,2.0,2.0,0.0,1.0,0.0,0.0,0.0,0.0,0,0,0,1,0
33203,-1,0,7.7220216,0.9995572,1,1,unassigned,2.0,2.0,0.0,1.0,0.0,0.0,0.0,0.0,0,0,0,1,1
33204,-1,1,0.33110207,0.5820275,1,1,unassigned,11.0,11.0,0.0,1.0,0.0,0.0,0.017408123,0.0,1,0,0,1,0
33205,-1,0,0.53034526,0.6295636,1,1,unassigned,2.0,2.0,0.0,1.0,0.0,0.0,0.0,0.0,0,0,0,1,0
33206,-1,1,3.2802923,0.96374655,1,1,unassigned,11.0,9.0,2.0,0.8181818,0.18181819,0.18181819,0.017408123,0.0031651135,1,0,0,1,1
33207,-1,1,13.646777,0.9999988,1,1,unassigned,2.0,2.0,0.0,1.0,0.0,0.0,0.0,0.0,1,0,0,1,1
33208,-1,1,1.853574,0.8645462,1,1,unassigned,3.0,3.0,0.0,1.0,0.0,0.0,0.001934236,0.0,1,0,0,1,0
33209,-1,1,2.0676317,0.8877171,1,1,unassigned,13.0,13.0,0.0,1.0,0.0,0.0,0.021276595,0.0,1,0,0,1,0
33210,-1,1,3.1827447,0.9601797,1,1,unassigned,7.0,7.0,0.0,1.0,0.0,0.0,0.00967118,0.0,1,0,0,1,1
33211,-1,0,2.9679534,0.9511052,1,1,unassigned,10.0,9.0,1.0,0.9,0.1,0.100000024,0.015473888,0.0015473888,0,0,0,1,1
33212,-1,0,-0.9670192,0.27547503,0,1,unassigned,6.0,6.0,0.0,1.0,0.0,0.0,0.007736944,0.0,0,0,0,0,0
33213,-1,0,2.1752155,0.8980017,1,1,unassigned,6.0,6.0,0.0,1.0,0.0,0.0,0.007736944,0.0,0,0,0,1,0
33214,-1,1,-0.2798312,0.43049517,0,1,unassigned,12.0,11.0,1.0,0.9166667,0.083333336,0.08333331,0.01934236,0.0016118633,1,0,0,0,0
33215,1,1,5.4223742,0.9956027,1,0,unassigned,8.0,8.0,0.0,1.0,0.0,0.0,0.0116054155,0.0,1,0,1,1,1
33216,-1,1,1.1889887,0.76656014,1,1,unassigned,4.0,4.0,0.0,1.0,0.0,0.0,0.003868472,0.0,1,0,0,1,0
33217,-1,0,3.964165,0.98136985,1,1,unassigned,3.0,3.0,0.0,1.0,0.0,0.0,0.001934236,0.0,0,0,0,1,1
33218,-1,0,8.671127,0.9998286,1,1,unassigned,6.0,4.0,2.0,0.6666667,0.33333334,0.3333333,0.007736944,0.0025789815,0,0,0,1,1
33219,-1,0,0.085087895,0.5212591,1,1,unassigned,9.0,9.0,0.0,1.0,0.0,0.0,0.013539651,0.0,0,0,0,1,0
33220,-1,0,-0.30324492,0.42476442,0,1,unassigned,9.0,9.0,0.0,1.0,0.0,0.0,0.013539651,0.0,0,0,0,0,0
33221,-1,1,6.0879865,0.99773514,1,1,unassigned,6.0,4.0,2.0,0.6666667,0.33333334,0.3333333,0.007736944,0.0025789815,1,0,0,1,1
33222,-1,0,0.0055220127,0.5013805,1,1,unassigned,15.0,14.0,1.0,0.93333334,0.06666667,0.06666666,0.025145067,0.0016763379,0,0,0,1,0
33223,-1,0,15.383689,0.99999976,1,1,unassigned,2.0,2.0,0.0,1.0,0.0,0.0,0.0,0.0,0,0,0,1,1
33224,0,1,-0.7994686,0.3101392,0,0,val,21.0,20.0,1.0,0.95238096,0.04761905,0.047619045,0.036750484,0.0017500231,1,0,1,0,0
33225,-1,1,0.2781806,0.56910014,1,1,unassigned,46.0,43.0,3.0,0.9347826,0.06521739,0.065217376,0.08510638,0.005550416,1,0,0,1,0
33226,-1,0,0.29887146,0.5741666,1,1,unassigned,3.0,3.0,0.0,1.0,0.0,0.0,0.001934236,0.0,0,0,0,1,0
33227,-1,0,3.6850712,0.975519,1,1,unassigned,2.0,2.0,0.0,1.0,0.0,0.0,0.0,0.0,0,0,0,1,1
33228,-1,0,7.259234,0.9992968,1,1,unassigned,6.0,6.0,0.0,1.0,0.0,0.0,0.007736944,0.0,0,0,0,1,1
33229,-1,1,1.8353152,0.86239374,1,1,unassigned,6.0,6.0,0.0,1.0,0.0,0.0,0.007736944,0.0,1,0,0,1,0
33230,-1,0,3.8762324,0.97969216,1,1,unassigned,2.0,2.0,0.0,1.0,0.0,0.0,0.0,0.0,0,0,0,1,1
33231,-1,1,1.3557718,0.7950716,1,1,unassigned,4.0,3.0,1.0,0.75,0.25,0.25,0.003868472,0.000967118,1,0,0,1,0
33232,-1,0,-0.12491965,0.4688106,0,1,unassigned,3.0,3.0,0.0,1.0,0.0,0.0,0.001934236,0.0,0,0,0,0,0
33233,-1,0,1.3791499,0.7988544,1,1,unassigned,4.0,3.0,1.0,0.75,0.25,0.25,0.003868472,0.000967118,0,0,0,1,0
33234,-1,0,-0.078838825,0.48030052,0,1,unassigned,28.0,27.0,1.0,0.96428573,0.035714287,0.03571427,0.050290134,0.0017960763,0,0,0,0,0
33235,-1,1,2.8968976,0.94769293,1,1,unassigned,4.0,4.0,0.0,1.0,0.0,0.0,0.003868472,0.0,1,0,0,1,1
33236,-1,0,-0.7058846,0.33050886,0,1,unassigned,23.0,22.0,1.0,0.95652175,0.04347826,0.04347825,0.040618956,0.0017660416,0,0,0,0,0
33237,-1,1,0.73330146,0.6755293,1,1,unassigned,2.0,1.0,1.0,0.5,0.5,0.5,0.0,0.0,1,0,0,1,0
33238,-1,1,1.6246448,0.8354347,1,1,unassigned,9.0,8.0,1.0,0.8888889,0.11111111,0.111111104,0.013539651,0.0015044058,1,0,0,1,0
33239,-1,0,-0.9771447,0.2734587,0,1,unassigned,11.0,11.0,0.0,1.0,0.0,0.0,0.017408123,0.0,0,0,0,0,0
33240,-1,0,-0.9930339,0.27031323,0,1,unassigned,26.0,26.0,0.0,1.0,0.0,0.0,0.046421662,0.0,0,0,0,0,0
33241,-1,1,-0.11611068,0.47100487,0,1,unassigned,3.0,3.0,0.0,1.0,0.0,0.0,0.001934236,0.0,1,0,0,0,0
33242,-1,1,4.8243303,0.99203205,1,1,unassigned,5.0,5.0,0.0,1.0,0.0,0.0,0.0058027077,0.0,1,0,0,1,1
33243,-1,0,4.79689,0.9918122,1,1,unassigned,2.0,2.0,0.0,1.0,0.0,0.0,0.0,0.0,0,0,0,1,1
33244,-1,0,5.6639533,0.9965432,1,1,unassigned,3.0,2.0,1.0,0.6666667,0.33333334,0.3333333,0.001934236,0.00064474536,0,0,0,1,1
33245,-1,0,-0.9725131,0.27437988,0,1,unassigned,27.0,26.0,1.0,0.962963,0.037037037,0.037037015,0.0483559,0.0017909593,0,0,0,0,0
33246,-1,0,0.10111314,0.52525675,1,1,unassigned,3.0,3.0,0.0,1.0,0.0,0.0,0.001934236,0.0,0,0,0,1,0
33247,-1,0,-0.85484886,0.2984167,0,1,unassigned,70.0,69.0,1.0,0.98571426,0.014285714,0.014285743,0.13152805,0.0018789722,0,0,0,0,0
33248,-1,1,-0.21190768,0.44722044,0,1,unassigned,4.0,4.0,0.0,1.0,0.0,0.0,0.003868472,0.0,1,0,0,0,0
33249,-1,0,1.8099954,0.8593613,1,1,unassigned,2.0,2.0,0.0,1.0,0.0,0.0,0.0,0.0,0,0,0,1,0
33250,-1,0,-0.11929548,0.47021145,0,1,unassigned,35.0,34.0,1.0,0.9714286,0.028571429,0.028571427,0.06382979,0.0018237082,0,0,0,0,0
33251,-1,0,-0.31510234,0.4218698,0,1,unassigned,27.0,25.0,2.0,0.9259259,0.074074075,0.07407409,0.0483559,0.0035819185,0,0,0,0,0
33252,-1,0,-0.54444844,0.36715338,0,1,unassigned,24.0,23.0,1.0,0.9583333,0.041666668,0.041666687,0.04255319,0.0017730496,0,0,0,0,0
33253,-1,0,-0.22465807,0.44407055,0,1,unassigned,33.0,33.0,0.0,1.0,0.0,0.0,0.059961315,0.0,0,0,0,0,0
33254,-1,0,0.58762175,0.6428193,1,1,unassigned,4.0,4.0,0.0,1.0,0.0,0.0,0.003868472,0.0,0,0,0,1,0
33255,-1,0,0.14455265,0.53607535,1,1,unassigned,45.0,45.0,0.0,1.0,0.0,0.0,0.08317215,0.0,0,0,0,1,0
33256,-1,0,0.021880567,0.5054699,1,1,unassigned,2.0,2.0,0.0,1.0,0.0,0.0,0.0,0.0,0,0,0,1,0
33257,0,1,-0.8787787,0.29343092,0,0,unassigned,65.0,52.0,13.0,0.8,0.2,0.19999999,0.12185687,0.024371374,1,0,1,0,0
33258,-1,0,-0.15151605,0.46219325,0,1,unassigned,29.0,29.0,0.0,1.0,0.0,0.0,0.05222437,0.0,0,0,0,0,0
33259,-1,0,4.429292,0.98821753,1,1,unassigned,3.0,3.0,0.0,1.0,0.0,0.0,0.001934236,0.0,0,0,0,1,1
33260,-1,0,4.604815,0.9900955,1,1,unassigned,7.0,2.0,5.0,0.2857143,0.71428573,0.71428573,0.00967118,0.0069079855,0,0,0,1,1
33261,0,0,-0.07519925,0.48120907,0,0,unassigned,30.0,29.0,1.0,0.96666664,0.033333335,0.03333336,0.054158606,0.001805287,0,0,1,0,0
33262,-1,0,-1.1901015,0.23324077,0,1,unassigned,8.0,8.0,0.0,1.0,0.0,0.0,0.0116054155,0.0,0,0,0,0,0
33263,1,0,3.4125626,0.9680949,1,0,test,8.0,8.0,0.0,1.0,0.0,0.0,0.0116054155,0.0,0,0,1,1,1
33264,-1,1,0.06033665,0.5150796,1,1,unassigned,38.0,33.0,5.0,0.8684211,0.13157895,0.13157892,0.06963249,0.009162171,1,0,0,1,0
33265,-1,0,10.221806,0.99996364,1,1,unassigned,8.0,7.0,1.0,0.875,0.125,0.125,0.0116054155,0.0014506769,0,0,0,1,1
33266,1,0,1.8070066,0.8589997,1,0,test,90.0,87.0,3.0,0.96666664,0.033333335,0.03333336,0.17021276,0.005673759,0,0,1,1,0
33267,-1,1,-0.7824726,0.31378725,0,1,unassigned,41.0,41.0,0.0,1.0,0.0,0.0,0.07543521,0.0,1,0,0,0,0
33268,-1,0,-0.5243671,0.37183163,0,1,unassigned,32.0,32.0,0.0,1.0,0.0,0.0,0.058027077,0.0,0,0,0,0,0
33269,-1,0,-0.59519345,0.35544413,0,1,unassigned,19.0,19.0,0.0,1.0,0.0,0.0,0.032882012,0.0,0,0,0,0,0
33270,-1,0,2.9545047,0.95047593,1,1,unassigned,21.0,21.0,0.0,1.0,0.0,0.0,0.036750484,0.0,0,0,0,1,1
33271,-1,1,-0.76332545,0.3179247,0,1,unassigned,15.0,13.0,2.0,0.8666667,0.13333334,0.13333333,0.025145067,0.0033526758,1,0,0,0,0
33272,-1,0,5.8809543,0.9972156,1,1,unassigned,3.0,2.0,1.0,0.6666667,0.33333334,0.3333333,0.001934236,0.00064474536,0,0,0,1,1
33273,1,0,0.61521655,0.64912987,1,0,val,2.0,1.0,1.0,0.5,0.5,0.5,0.0,0.0,0,0,1,1,0
33274,-1,0,0.5499342,0.63412035,1,1,unassigned,9.0,9.0,0.0,1.0,0.0,0.0,0.013539651,0.0,0,0,0,1,0
33275,-1,0,1.163168,0.7619079,1,1,unassigned,3.0,2.0,1.0,0.6666667,0.33333334,0.3333333,0.001934236,0.00064474536,0,0,0,1,0
33276,-1,0,0.30066407,0.57460487,1,1,unassigned,7.0,7.0,0.0,1.0,0.0,0.0,0.00967118,0.0,0,0,0,1,0
33277,-1,0,-0.64025694,0.34518847,0,1,unassigned,18.0,18.0,0.0,1.0,0.0,0.0,0.030947777,0.0,0,0,0,0,0
33278,-1,0,3.3796148,0.96706134,1,1,unassigned,2.0,2.0,0.0,1.0,0.0,0.0,0.0,0.0,0,0,0,1,1
33279,-1,1,1.6471131,0.8385005,1,1,unassigned,7.0,6.0,1.0,0.85714287,0.14285715,0.14285713,0.00967118,0.0013815971,1,0,0,1,0
33280,-1,1,-0.41497004,0.39772102,0,1,unassigned,2.0,2.0,0.0,1.0,0.0,0.0,0.0,0.0,1,0,0,0,0
33281,-1,0,5.3006845,0.99503654,1,1,unassigned,18.0,16.0,2.0,0.8888889,0.11111111,0.111111104,0.030947777,0.0034386418,0,0,0,1,1
33282,1,1,-0.36424255,0.40993294,0,1,train,43.0,41.0,2.0,0.95348835,0.046511628,0.04651165,0.079303674,0.0036885429,1,0,0,0,0
33283,-1,1,11.851987,0.99999285,1,1,unassigned,42.0,36.0,6.0,0.85714287,0.14285715,0.14285713,0.07736944,0.011052777,1,0,0,1,1
33284,-1,0,-0.23723295,0.44096836,0,1,unassigned,2.0,2.0,0.0,1.0,0.0,0.0,0.0,0.0,0,0,0,0,0
33285,-1,1,6.13151,0.9978314,1,1,unassigned,8.0,7.0,1.0,0.875,0.125,0.125,0.0116054155,0.0014506769,1,0,0,1,1
33286,-1,0,6.88647,0.9989795,1,1,unassigned,2.0,2.0,0.0,1.0,0.0,0.0,0.0,0.0,0,0,0,1,1
33287,-1,1,-0.80041206,0.3099374,0,1,unassigned,12.0,11.0,1.0,0.9166667,0.083333336,0.08333331,0.01934236,0.0016118633,1,0,0,0,0
33288,-1,1,1.0416396,0.7391662,1,1,unassigned,19.0,19.0,0.0,1.0,0.0,0.0,0.032882012,0.0,1,0,0,1,0
33289,-1,0,2.999307,0.9525428,1,1,unassigned,2.0,1.0,1.0,0.5,0.5,0.5,0.0,0.0,0,0,0,1,1
33290,-1,1,-0.5909302,0.35642144,0,1,unassigned,69.0,63.0,6.0,0.9130435,0.08695652,0.0869565,0.1295938,0.011269026,1,0,0,0,0
33291,-1,0,-0.20735875,0.44834527,0,1,unassigned,3.0,2.0,1.0,0.6666667,0.33333334,0.3333333,0.001934236,0.00064474536,0,0,0,0,0
33292,-1,1,-0.4757248,0.3832622,0,1,unassigned,21.0,21.0,0.0,1.0,0.0,0.0,0.036750484,0.0,1,0,0,0,0
33293,1,1,-0.44999948,0.3893609,0,1,val,29.0,28.0,1.0,0.9655172,0.03448276,0.034482777,0.05222437,0.0018008404,1,0,0,0,0
33294,0,0,0.15390873,0.53840137,1,1,unassigned,26.0,26.0,0.0,1.0,0.0,0.0,0.046421662,0.0,0,0,0,1,0
33295,0,1,-0.74760324,0.32134375,0,0,unassigned,25.0,25.0,0.0,1.0,0.0,0.0,0.044487428,0.0,1,0,1,0,0
33296,-1,1,-0.8943218,0.29021877,0,1,unassigned,19.0,19.0,0.0,1.0,0.0,0.0,0.032882012,0.0,1,0,0,0,0
33297,-1,1,-0.5137379,0.3743177,0,1,unassigned,31.0,28.0,3.0,0.9032258,0.09677419,0.09677422,0.056092843,0.0054283394,1,0,0,0,0
33298,-1,0,6.7735357,0.9988576,1,1,unassigned,2.0,2.0,0.0,1.0,0.0,0.0,0.0,0.0,0,0,0,1,1
33299,-1,0,-0.81375045,0.30709186,0,1,unassigned,11.0,11.0,0.0,1.0,0.0,0.0,0.017408123,0.0,0,0,0,0,0
33300,0,1,-0.44164303,0.39134955,0,0,val,42.0,39.0,3.0,0.9285714,0.071428575,0.0714286,0.07736944,0.0055263885,1,0,1,0,0
33301,-1,0,-0.58043563,0.35883236,0,1,unassigned,4.0,4.0,0.0,1.0,0.0,0.0,0.003868472,0.0,0,0,0,0,0
33302,-1,1,0.4318127,0.60630643,1,1,unassigned,5.0,5.0,0.0,1.0,0.0,0.0,0.0058027077,0.0,1,0,0,1,0
33303,-1,0,-0.6557654,0.3416915,0,1,unassigned,8.0,8.0,0.0,1.0,0.0,0.0,0.0116054155,0.0,0,0,0,0,0
33304,-1,0,4.2831883,0.9863892,1,1,unassigned,2.0,2.0,0.0,1.0,0.0,0.0,0.0,0.0,0,0,0,1,1
33305,-1,0,0.8225756,0.6947828,1,1,unassigned,13.0,13.0,0.0,1.0,0.0,0.0,0.021276595,0.0,0,0,0,1,0
33306,-1,1,-0.41603956,0.3974648,0,1,unassigned,8.0,6.0,2.0,0.75,0.25,0.25,0.0116054155,0.0029013539,1,0,0,0,0
33307,-1,1,3.2605104,0.96304893,1,1,unassigned,8.0,6.0,2.0,0.75,0.25,0.25,0.0116054155,0.0029013539,1,0,0,1,1
33308,-1,0,2.244529,0.9041776,1,1,unassigned,9.0,9.0,0.0,1.0,0.0,0.0,0.013539651,0.0,0,0,0,1,1
33309,-1,0,1.1020591,0.75064576,1,1,unassigned,3.0,3.0,0.0,1.0,0.0,0.0,0.001934236,0.0,0,0,0,1,0
33310,-1,1,-0.6507102,0.3428295,0,1,unassigned,5.0,4.0,1.0,0.8,0.2,0.19999999,0.0058027077,0.0011605415,1,0,0,0,0
33311,-1,0,2.2584198,0.9053743,1,1,unassigned,16.0,16.0,0.0,1.0,0.0,0.0,0.027079303,0.0,0,0,0,1,1
33312,-1,1,-0.21505496,0.44644248,0,1,unassigned,37.0,34.0,3.0,0.9189189,0.08108108,0.08108109,0.06769826,0.005489048,1,0,0,0,0
33313,-1,1,1.641525,0.8377423,1,1,unassigned,8.0,7.0,1.0,0.875,0.125,0.125,0.0116054155,0.0014506769,1,0,0,1,0
33314,-1,1,-0.044046342,0.4889902,0,1,unassigned,17.0,17.0,0.0,1.0,0.0,0.0,0.029013539,0.0,1,0,0,0,0
33315,-1,1,0.6308599,0.6526844,1,1,unassigned,12.0,12.0,0.0,1.0,0.0,0.0,0.01934236,0.0,1,0,0,1,0
33316,-1,0,11.916785,0.9999933,1,1,unassigned,2.0,2.0,0.0,1.0,0.0,0.0,0.0,0.0,0,0,0,1,1
33317,0,1,0.60207206,0.6461302,1,1,unassigned,18.0,17.0,1.0,0.9444444,0.055555556,0.055555582,0.030947777,0.0017193209,1,0,0,1,0
33318,-1,1,-0.29834718,0.42596158,0,1,unassigned,44.0,43.0,1.0,0.97727275,0.022727273,0.022727251,0.08123791,0.0018463163,1,0,0,0,0
33319,-1,0,-0.13780603,0.46560293,0,1,unassigned,41.0,41.0,0.0,1.0,0.0,0.0,0.07543521,0.0,0,0,0,0,0
33320,-1,1,-0.6173859,0.35037622,0,1,unassigned,21.0,19.0,2.0,0.9047619,0.0952381,0.09523809,0.036750484,0.0035000462,1,0,0,0,0
33321,-1,0,7.6538568,0.999526,1,1,unassigned,2.0,2.0,0.0,1.0,0.0,0.0,0.0,0.0,0,0,0,1,1
33322,1,0,1.3458221,0.7934457,1,0,test,17.0,17.0,0.0,1.0,0.0,0.0,0.029013539,0.0,0,0,1,1,0
33323,-1,0,1.8750532,0.86704195,1,1,unassigned,7.0,2.0,5.0,0.2857143,0.71428573,0.71428573,0.00967118,0.0069079855,0,0,0,1,0
33324,-1,0,-0.04992217,0.487522,0,1,unassigned,7.0,7.0,0.0,1.0,0.0,0.0,0.00967118,0.0,0,0,0,0,0
33325,-1,1,0.122137964,0.5304966,1,1,unassigned,2.0,2.0,0.0,1.0,0.0,0.0,0.0,0.0,1,0,0,1,0
33326,-1,1,19.70243,1.0,1,1,unassigned,21.0,14.0,7.0,0.6666667,0.33333334,0.3333333,0.036750484,0.012250162,1,0,0,1,1
33327,-1,1,-0.12023118,0.46997836,0,1,unassigned,4.0,4.0,0.0,1.0,0.0,0.0,0.003868472,0.0,1,0,0,0,0
33328,-1,1,-0.6613202,0.3404431,0,1,unassigned,28.0,27.0,1.0,0.96428573,0.035714287,0.03571427,0.050290134,0.0017960763,1,0,0,0,0
33329,0,1,3.166361,0.9595486,1,1,unassigned,20.0,20.0,0.0,1.0,0.0,0.0,0.034816246,0.0,1,0,0,1,1
33330,-1,0,5.5121055,0.9959786,1,1,unassigned,9.0,9.0,0.0,1.0,0.0,0.0,0.013539651,0.0,0,0,0,1,1
33331,-1,1,11.549086,0.99999034,1,1,unassigned,21.0,18.0,3.0,0.85714287,0.14285715,0.14285713,0.036750484,0.0052500693,1,0,0,1,1
33332,-1,0,-0.92584085,0.28376928,0,1,unassigned,2.0,1.0,1.0,0.5,0.5,0.5,0.0,0.0,0,0,0,0,0
33333,-1,0,5.0727944,0.99377406,1,1,unassigned,3.0,3.0,0.0,1.0,0.0,0.0,0.001934236,0.0,0,0,0,1,1
33334,-1,1,8.917406,0.999866,1,1,unassigned,28.0,20.0,8.0,0.71428573,0.2857143,0.28571427,0.050290134,0.01436861,1,0,0,1,1
33335,1,1,1.1647904,0.762202,1,0,unassigned,25.0,24.0,1.0,0.96,0.04,0.04000002,0.044487428,0.001779497,1,0,1,1,0
33336,-1,1,1.1889293,0.7665495,1,1,unassigned,27.0,27.0,0.0,1.0,0.0,0.0,0.0483559,0.0,1,0,0,1,0
33337,1,1,3.5809276,0.9729047,1,0,unassigned,27.0,27.0,0.0,1.0,0.0,0.0,0.0483559,0.0,1,0,1,1,1
33338,-1,1,10.12837,0.99996006,1,1,unassigned,9.0,8.0,1.0,0.8888889,0.11111111,0.111111104,0.013539651,0.0015044058,1,0,0,1,1
33339,-1,1,3.982344,0.9816992,1,1,unassigned,3.0,3.0,0.0,1.0,0.0,0.0,0.001934236,0.0,1,0,0,1,1
33340,-1,0,-0.19272482,0.45196736,0,1,unassigned,20.0,20.0,0.0,1.0,0.0,0.0,0.034816246,0.0,0,0,0,0,0
33341,-1,0,2.647237,0.9338405,1,1,unassigned,8.0,7.0,1.0,0.875,0.125,0.125,0.0116054155,0.0014506769,0,0,0,1,1
33342,-1,0,0.14437848,0.5360321,1,1,unassigned,8.0,8.0,0.0,1.0,0.0,0.0,0.0116054155,0.0,0,0,0,1,0
33343,-1,0,-0.18422043,0.45407465,0,1,unassigned,10.0,10.0,0.0,1.0,0.0,0.0,0.015473888,0.0,0,0,0,0,0
33344,-1,0,1.6345212,0.83678806,1,1,unassigned,44.0,42.0,2.0,0.95454544,0.045454547,0.04545456,0.08123791,0.0036926325,0,0,0,1,0
33345,-1,1,-0.44079036,0.39155263,0,1,unassigned,14.0,14.0,0.0,1.0,0.0,0.0,0.023210831,0.0,1,0,0,0,0
33346,0,1,-0.19183114,0.45218876,0,0,val,15.0,15.0,0.0,1.0,0.0,0.0,0.025145067,0.0,1,0,1,0,0
33347,-1,0,2.268869,0.9062658,1,1,unassigned,19.0,13.0,6.0,0.68421054,0.31578946,0.31578946,0.032882012,0.010383793,0,0,0,1,1
33348,0,0,-0.8708646,0.29507443,0,0,unassigned,4.0,4.0,0.0,1.0,0.0,0.0,0.003868472,0.0,0,0,1,0,0
33349,-1,0,-0.23491901,0.44153887,0,1,unassigned,38.0,38.0,0.0,1.0,0.0,0.0,0.06963249,0.0,0,0,0,0,0
33350,-1,0,-0.21061954,0.44753888,0,1,unassigned,36.0,36.0,0.0,1.0,0.0,0.0,0.065764025,0.0,0,0,0,0,0
33351,-1,0,-0.2412546,0.4399772,0,1,unassigned,26.0,24.0,2.0,0.9230769,0.07692308,0.07692307,0.046421662,0.0035708973,0,0,0,0,0
33352,-1,1,-0.83396614,0.3028071,0,1,unassigned,102.0,101.0,1.0,0.99019605,0.009803922,0.009803951,0.1934236,0.0018963099,1,0,0,0,0
33353,-1,0,-0.1748113,0.45640814,0,1,unassigned,41.0,41.0,0.0,1.0,0.0,0.0,0.07543521,0.0,0,0,0,0,0
33354,-1,0,-0.6889265,0.3342719,0,1,unassigned,64.0,64.0,0.0,1.0,0.0,0.0,0.11992263,0.0,0,0,0,0,0
33355,-1,1,0.7947977,0.6888606,1,1,unassigned,52.0,49.0,3.0,0.9423077,0.057692308,0.05769229,0.0967118,0.005579527,1,0,0,1,0
33356,1,0,0.39868683,0.5983721,1,0,val,19.0,19.0,0.0,1.0,0.0,0.0,0.032882012,0.0,0,0,1,1,0
33357,-1,0,-0.39166883,0.40331563,0,1,unassigned,32.0,32.0,0.0,1.0,0.0,0.0,0.058027077,0.0,0,0,0,0,0
33358,-1,1,-0.8407796,0.3013706,0,1,unassigned,63.0,59.0,4.0,0.93650794,0.06349207,0.06349206,0.11798839,0.007491327,1,0,0,0,0
33359,-1,1,0.8909375,0.7090836,1,1,unassigned,3.0,3.0,0.0,1.0,0.0,0.0,0.001934236,0.0,1,0,0,1,0
33360,-1,0,-0.16376987,0.4591488,0,1,unassigned,36.0,36.0,0.0,1.0,0.0,0.0,0.065764025,0.0,0,0,0,0,0
33361,-1,0,-0.7589704,0.31886986,0,1,unassigned,5.0,5.0,0.0,1.0,0.0,0.0,0.0058027077,0.0,0,0,0,0,0
33362,-1,1,4.7521873,0.99144113,1,1,unassigned,7.0,6.0,1.0,0.85714287,0.14285715,0.14285713,0.00967118,0.0013815971,1,0,0,1,1
33363,1,0,-0.19035256,0.45255503,0,1,val,43.0,40.0,3.0,0.9302326,0.069767445,0.069767416,0.079303674,0.0055328147,0,0,0,0,0
33364,1,0,3.8898022,0.9799604,1,0,unassigned,16.0,16.0,0.0,1.0,0.0,0.0,0.027079303,0.0,0,0,1,1,1
33365,-1,1,-0.07747114,0.48064187,0,1,unassigned,6.0,6.0,0.0,1.0,0.0,0.0,0.007736944,0.0,1,0,0,0,0
33366,-1,1,8.777674,0.99984586,1,1,unassigned,57.0,21.0,36.0,0.36842105,0.6315789,0.6315789,0.10638298,0.06718925,1,0,0,1,1
33367,-1,1,2.644974,0.9337005,1,1,unassigned,4.0,4.0,0.0,1.0,0.0,0.0,0.003868472,0.0,1,0,0,1,1
33368,-1,0,-0.7659098,0.31736457,0,1,unassigned,3.0,3.0,0.0,1.0,0.0,0.0,0.001934236,0.0,0,0,0,0,0
33369,-1,1,-0.86090285,0.29715076,0,1,unassigned,16.0,16.0,0.0,1.0,0.0,0.0,0.027079303,0.0,1,0,0,0,0
33370,-1,1,-0.5932419,0.35589138,0,1,unassigned,63.0,58.0,5.0,0.9206349,0.07936508,0.079365075,0.11798839,0.009364159,1,0,0,0,0
33371,-1,1,1.3797653,0.79895324,1,1,unassigned,7.0,6.0,1.0,0.85714287,0.14285715,0.14285713,0.00967118,0.0013815971,1,0,0,1,0
33372,-1,0,-0.0040258765,0.49899352,0,1,unassigned,2.0,2.0,0.0,1.0,0.0,0.0,0.0,0.0,0,0,0,0,0
33373,-1,1,-0.040091276,0.48997855,0,1,unassigned,10.0,9.0,1.0,0.9,0.1,0.100000024,0.015473888,0.0015473888,1,0,0,0,0
33374,-1,0,0.75978047,0.68130606,1,1,unassigned,5.0,5.0,0.0,1.0,0.0,0.0,0.0058027077,0.0,0,0,0,1,0
33375,-1,1,3.9630587,0.9813495,1,1,unassigned,2.0,2.0,0.0,1.0,0.0,0.0,0.0,0.0,1,0,0,1,1
33376,-1,0,13.555818,0.9999987,1,1,unassigned,5.0,5.0,0.0,1.0,0.0,0.0,0.0058027077,0.0,0,0,0,1,1
33377,0,0,-0.7921275,0.31171203,0,0,unassigned,3.0,3.0,0.0,1.0,0.0,0.0,0.001934236,0.0,0,0,1,0,0
33378,-1,0,1.0488877,0.74056125,1,1,unassigned,3.0,2.0,1.0,0.6666667,0.33333334,0.3333333,0.001934236,0.00064474536,0,0,0,1,0
33379,0,0,-0.093890816,0.47654456,0,0,test,24.0,24.0,0.0,1.0,0.0,0.0,0.04255319,0.0,0,0,1,0,0
33380,-1,0,-0.49420577,0.37890327,0,1,unassigned,165.0,164.0,1.0,0.9939394,0.006060606,0.0060606003,0.31528047,0.0019107907,0,0,0,0,0
33381,-1,0,1.7583077,0.8529976,1,1,unassigned,39.0,39.0,0.0,1.0,0.0,0.0,0.07156673,0.0,0,0,0,1,0
33382,0,1,-0.5254499,0.37157875,0,0,unassigned,24.0,21.0,3.0,0.875,0.125,0.125,0.04255319,0.005319149,1,0,1,0,0
33383,-1,0,-0.50746894,0.37578705,0,1,unassigned,2.0,2.0,0.0,1.0,0.0,0.0,0.0,0.0,0,0,0,0,0
33384,-1,1,-0.51279336,0.37453893,0,1,unassigned,104.0,83.0,21.0,0.7980769,0.20192307,0.20192307,0.19729207,0.039837822,1,0,0,0,0
33385,-1,0,2.8754542,0.94661963,1,1,unassigned,13.0,13.0,0.0,1.0,0.0,0.0,0.021276595,0.0,0,0,0,1,1
33386,0,0,-0.5484664,0.36622027,0,0,unassigned,67.0,66.0,1.0,0.98507464,0.014925373,0.014925361,0.12572534,0.0018764976,0,0,1,0,0
33387,-1,0,5.0844245,0.99384564,1,1,unassigned,2.0,2.0,0.0,1.0,0.0,0.0,0.0,0.0,0,0,0,1,1
33388,-1,1,7.663277,0.99953043,1,1,unassigned,5.0,5.0,0.0,1.0,0.0,0.0,0.0058027077,0.0,1,0,0,1,1
33389,-1,1,1.4827812,0.8149923,1,1,unassigned,6.0,6.0,0.0,1.0,0.0,0.0,0.007736944,0.0,1,0,0,1,0
33390,-1,1,-0.4807207,0.38208196,0,1,unassigned,5.0,5.0,0.0,1.0,0.0,0.0,0.0058027077,0.0,1,0,0,0,0
33391,0,0,-0.72797793,0.32563862,0,0,test,46.0,46.0,0.0,1.0,0.0,0.0,0.08510638,0.0,0,0,1,0,0
33392,-1,1,1.2358017,0.77483237,1,1,unassigned,8.0,8.0,0.0,1.0,0.0,0.0,0.0116054155,0.0,1,0,0,1,0
33393,-1,0,0.26794308,0.56658787,1,1,unassigned,2.0,2.0,0.0,1.0,0.0,0.0,0.0,0.0,0,0,0,1,0
33394,0,0,-0.36176443,0.4105325,0,0,unassigned,2.0,2.0,0.0,1.0,0.0,0.0,0.0,0.0,0,0,1,0,0
33395,-1,0,-0.9507307,0.2787379,0,1,unassigned,23.0,23.0,0.0,1.0,0.0,0.0,0.040618956,0.0,0,0,0,0,0
33396,1,1,2.0232196,0.88321346,1,0,test,2.0,2.0,0.0,1.0,0.0,0.0,0.0,0.0,1,0,1,1,0
33397,-1,1,1.4194345,0.80524975,1,1,unassigned,5.0,5.0,0.0,1.0,0.0,0.0,0.0058027077,0.0,1,0,0,1,0
33398,-1,0,-0.402183,0.40078798,0,1,unassigned,27.0,27.0,0.0,1.0,0.0,0.0,0.0483559,0.0,0,0,0,0,0
33399,-1,1,-0.3392113,0.41600108,0,1,unassigned,6.0,6.0,0.0,1.0,0.0,0.0,0.007736944,0.0,1,0,0,0,0
33400,-1,0,1.9138303,0.8714488,1,1,unassigned,5.0,4.0,1.0,0.8,0.2,0.19999999,0.0058027077,0.0011605415,0,0,0,1,0
33401,-1,0,-0.7235761,0.32660598,0,1,unassigned,7.0,7.0,0.0,1.0,0.0,0.0,0.00967118,0.0,0,0,0,0,0
33402,-1,0,0.17624241,0.5439469,1,1,unassigned,5.0,5.0,0.0,1.0,0.0,0.0,0.0058027077,0.0,0,0,0,1,0
33403,-1,0,0.11155099,0.52785885,1,1,unassigned,29.0,29.0,0.0,1.0,0.0,0.0,0.05222437,0.0,0,0,0,1,0
33404,-1,0,0.3431309,0.58495086,1,1,unassigned,3.0,2.0,1.0,0.6666667,0.33333334,0.3333333,0.001934236,0.00064474536,0,0,0,1,0
33405,-1,0,1.4755461,0.8138989,1,1,unassigned,4.0,3.0,1.0,0.75,0.25,0.25,0.003868472,0.000967118,0,0,0,1,0
33406,-1,0,-0.6641649,0.33980465,0,1,unassigned,62.0,62.0,0.0,1.0,0.0,0.0,0.116054155,0.0,0,0,0,0,0
33407,-1,0,0.6719728,0.66194475,1,1,unassigned,12.0,12.0,0.0,1.0,0.0,0.0,0.01934236,0.0,0,0,0,1,0
33408,-1,0,-0.62549263,0.34853327,0,1,unassigned,18.0,16.0,2.0,0.8888889,0.11111111,0.111111104,0.030947777,0.0034386418,0,0,0,0,0
33409,0,0,-0.3629322,0.41024992,0,0,test,38.0,38.0,0.0,1.0,0.0,0.0,0.06963249,0.0,0,0,1,0,0
33410,-1,1,-0.9201596,0.28492537,0,1,unassigned,49.0,48.0,1.0,0.97959185,0.020408163,0.020408154,0.09090909,0.0018552876,1,0,0,0,0
33411,-1,0,0.026000977,0.5064998,1,1,unassigned,26.0,26.0,0.0,1.0,0.0,0.0,0.046421662,0.0,0,0,0,1,0
33412,-1,0,-0.2776162,0.43103826,0,1,unassigned,40.0,40.0,0.0,1.0,0.0,0.0,0.07350097,0.0,0,0,0,0,0
33413,-1,0,-0.19356516,0.45175925,0,1,unassigned,26.0,26.0,0.0,1.0,0.0,0.0,0.046421662,0.0,0,0,0,0,0
33414,-1,0,0.39934123,0.59852934,1,1,unassigned,2.0,2.0,0.0,1.0,0.0,0.0,0.0,0.0,0,0,0,1,0
33415,-1,0,0.3842159,0.5948895,1,1,unassigned,22.0,22.0,0.0,1.0,0.0,0.0,0.03868472,0.0,0,0,0,1,0
33416,-1,0,0.14088249,0.5351625,1,1,unassigned,23.0,23.0,0.0,1.0,0.0,0.0,0.040618956,0.0,0,0,0,1,0
33417,0,0,-0.48854175,0.38023716,0,0,test,18.0,17.0,1.0,0.9444444,0.055555556,0.055555582,0.030947777,0.0017193209,0,0,1,0,0
33418,-1,1,1.4321163,0.80723083,1,1,unassigned,11.0,11.0,0.0,1.0,0.0,0.0,0.017408123,0.0,1,0,0,1,0
33419,-1,1,-0.065904915,0.48352972,0,1,unassigned,16.0,15.0,1.0,0.9375,0.0625,0.0625,0.027079303,0.0016924564,1,0,0,0,0
33420,-1,1,0.10259825,0.5256271,1,1,unassigned,9.0,9.0,0.0,1.0,0.0,0.0,0.013539651,0.0,1,0,0,1,0
33421,-1,1,0.62122065,0.6504961,1,1,unassigned,8.0,8.0,0.0,1.0,0.0,0.0,0.0116054155,0.0,1,0,0,1,0
33422,-1,0,-0.48933423,0.38005042,0,1,unassigned,6.0,6.0,0.0,1.0,0.0,0.0,0.007736944,0.0,0,0,0,0,0
33423,-1,1,-0.46906704,0.3848371,0,1,unassigned,10.0,10.0,0.0,1.0,0.0,0.0,0.015473888,0.0,1,0,0,0,0
33424,-1,0,-0.03949231,0.49012822,0,1,unassigned,7.0,7.0,0.0,1.0,0.0,0.0,0.00967118,0.0,0,0,0,0,0
33425,-1,1,0.4829479,0.6184437,1,1,unassigned,6.0,4.0,2.0,0.6666667,0.33333334,0.3333333,0.007736944,0.0025789815,1,0,0,1,0
33426,0,1,-0.07540077,0.48115873,0,0,unassigned,8.0,7.0,1.0,0.875,0.125,0.125,0.0116054155,0.0014506769,1,0,1,0,0
33427,-1,1,0.5674818,0.6381819,1,1,unassigned,29.0,27.0,2.0,0.9310345,0.06896552,0.068965495,0.05222437,0.0036016807,1,0,0,1,0
33428,-1,0,-0.15090007,0.4623464,0,1,unassigned,32.0,32.0,0.0,1.0,0.0,0.0,0.058027077,0.0,0,0,0,0,0
33429,-1,1,1.1607502,0.76146895,1,1,unassigned,16.0,16.0,0.0,1.0,0.0,0.0,0.027079303,0.0,1,0,0,1,0
33430,-1,0,1.0707853,0.74474627,1,1,unassigned,2.0,2.0,0.0,1.0,0.0,0.0,0.0,0.0,0,0,0,1,0
33431,-1,0,1.1445186,0.7585083,1,1,unassigned,3.0,3.0,0.0,1.0,0.0,0.0,0.001934236,0.0,0,0,0,1,0
33432,1,0,-0.25133455,0.43749505,0,1,unassigned,47.0,47.0,0.0,1.0,0.0,0.0,0.08704062,0.0,0,0,0,0,0
33433,-1,1,-0.19568807,0.4512335,0,1,unassigned,2.0,2.0,0.0,1.0,0.0,0.0,0.0,0.0,1,0,0,0,0
33434,-1,1,-0.64117426,0.34498113,0,1,unassigned,74.0,69.0,5.0,0.9324324,0.067567565,0.06756759,0.13926499,0.0094097955,1,0,0,0,0
33435,-1,0,-0.6657569,0.3394476,0,1,unassigned,54.0,51.0,3.0,0.9444444,0.055555556,0.055555582,0.10058027,0.0055877925,0,0,0,0,0
33436,-1,1,-0.34204796,0.41531208,0,1,unassigned,4.0,2.0,2.0,0.5,0.5,0.5,0.003868472,0.001934236,1,0,0,0,0
33437,-1,0,0.5542713,0.635126,1,1,unassigned,4.0,4.0,0.0,1.0,0.0,0.0,0.003868472,0.0,0,0,0,1,0
33438,-1,0,1.0934076,0.74902284,1,1,unassigned,35.0,35.0,0.0,1.0,0.0,0.0,0.06382979,0.0,0,0,0,1,0
33439,-1,0,-0.17995816,0.45513147,0,1,unassigned,19.0,19.0,0.0,1.0,0.0,0.0,0.032882012,0.0,0,0,0,0,0
33440,-1,1,0.07624924,0.5190531,1,1,unassigned,39.0,39.0,0.0,1.0,0.0,0.0,0.07156673,0.0,1,0,0,1,0
33441,-1,0,-0.15762687,0.4606747,0,1,unassigned,20.0,20.0,0.0,1.0,0.0,0.0,0.034816246,0.0,0,0,0,0,0
33442,0,0,-0.91101986,0.2867912,0,0,unassigned,2.0,2.0,0.0,1.0,0.0,0.0,0.0,0.0,0,0,1,0,0
33443,-1,0,-0.16377923,0.45914647,0,1,unassigned,34.0,34.0,0.0,1.0,0.0,0.0,0.061895553,0.0,0,0,0,0,0
33444,1,0,2.5416145,0.92700815,1,0,unassigned,16.0,16.0,0.0,1.0,0.0,0.0,0.027079303,0.0,0,0,1,1,1
33445,-1,0,-0.60255814,0.35375863,0,1,unassigned,5.0,5.0,0.0,1.0,0.0,0.0,0.0058027077,0.0,0,0,0,0,0
33446,0,0,-0.681671,0.33588845,0,0,unassigned,2.0,2.0,0.0,1.0,0.0,0.0,0.0,0.0,0,0,1,0,0
33447,-1,0,-0.41643363,0.39737046,0,1,unassigned,11.0,11.0,0.0,1.0,0.0,0.0,0.017408123,0.0,0,0,0,0,0
33448,-1,0,14.590897,0.9999995,1,1,unassigned,3.0,3.0,0.0,1.0,0.0,0.0,0.001934236,0.0,0,0,0,1,1
33449,-1,1,-0.08936784,0.4776729,0,1,unassigned,12.0,12.0,0.0,1.0,0.0,0.0,0.01934236,0.0,1,0,0,0,0
33450,1,0,11.031503,0.9999838,1,0,val,3.0,3.0,0.0,1.0,0.0,0.0,0.001934236,0.0,0,0,1,1,1
33451,-1,0,0.84491163,0.69949865,1,1,unassigned,22.0,21.0,1.0,0.95454544,0.045454547,0.04545456,0.03868472,0.0017583964,0,0,0,1,0
33452,-1,1,-0.7280249,0.32562828,0,1,unassigned,19.0,18.0,1.0,0.94736844,0.05263158,0.052631557,0.032882012,0.0017306323,1,0,0,0,0
33453,-1,1,-0.5638078,0.36266688,0,1,unassigned,9.0,9.0,0.0,1.0,0.0,0.0,0.013539651,0.0,1,0,0,0,0
33454,-1,0,0.124906,0.531186,1,1,unassigned,40.0,38.0,2.0,0.95,0.05,0.050000012,0.07350097,0.0036750485,0,0,0,1,0
33455,-1,1,1.1718817,0.76348495,1,1,unassigned,5.0,5.0,0.0,1.0,0.0,0.0,0.0058027077,0.0,1,0,0,1,0
33456,-1,0,-0.991117,0.27069148,0,1,unassigned,2.0,2.0,0.0,1.0,0.0,0.0,0.0,0.0,0,0,0,0,0
33457,-1,1,1.1068361,0.75153875,1,1,unassigned,5.0,5.0,0.0,1.0,0.0,0.0,0.0058027077,0.0,1,0,0,1,0
33458,-1,0,-0.764176,0.3177403,0,1,unassigned,16.0,13.0,3.0,0.8125,0.1875,0.1875,0.027079303,0.0050773695,0,0,0,0,0
33459,0,0,0.11917037,0.5297574,1,1,test,17.0,17.0,0.0,1.0,0.0,0.0,0.029013539,0.0,0,0,0,1,0
33460,-1,0,-0.2219159,0.44474757,0,1,unassigned,34.0,34.0,0.0,1.0,0.0,0.0,0.061895553,0.0,0,0,0,0,0
33461,-1,0,-0.2578397,0.43589485,0,1,unassigned,3.0,1.0,2.0,0.33333334,0.6666667,0.6666666,0.001934236,0.0012894907,0,0,0,0,0
33462,-1,1,0.080711186,0.5201669,1,1,unassigned,11.0,11.0,0.0,1.0,0.0,0.0,0.017408123,0.0,1,0,0,1,0
33463,-1,0,-0.6646974,0.3396852,0,1,unassigned,18.0,18.0,0.0,1.0,0.0,0.0,0.030947777,0.0,0,0,0,0,0
33464,-1,0,-0.30372763,0.4246465,0,1,unassigned,8.0,8.0,0.0,1.0,0.0,0.0,0.0116054155,0.0,0,0,0,0,0
33465,-1,1,-0.4737802,0.38372192,0,1,unassigned,13.0,13.0,0.0,1.0,0.0,0.0,0.021276595,0.0,1,0,0,0,0
33466,-1,1,2.790276,0.94214815,1,1,unassigned,4.0,3.0,1.0,0.75,0.25,0.25,0.003868472,0.000967118,1,0,0,1,1
33467,-1,0,0.109986484,0.5274689,1,1,unassigned,5.0,5.0,0.0,1.0,0.0,0.0,0.0058027077,0.0,0,0,0,1,0
33468,-1,0,0.47717494,0.61708057,1,1,unassigned,8.0,8.0,0.0,1.0,0.0,0.0,0.0116054155,0.0,0,0,0,1,0
33469,-1,1,0.52822334,0.6290687,1,1,unassigned,21.0,21.0,0.0,1.0,0.0,0.0,0.036750484,0.0,1,0,0,1,0
33470,1,1,-0.1569742,0.46083686,0,1,test,3.0,3.0,0.0,1.0,0.0,0.0,0.001934236,0.0,1,0,0,0,0
33471,-1,1,-0.45126745,0.38905948,0,1,unassigned,21.0,21.0,0.0,1.0,0.0,0.0,0.036750484,0.0,1,0,0,0,0
33472,-1,0,3.6228511,0.97398823,1,1,unassigned,5.0,3.0,2.0,0.6,0.4,0.39999998,0.0058027077,0.002321083,0,0,0,1,1
33473,-1,0,-0.36886185,0.40881607,0,1,unassigned,3.0,2.0,1.0,0.6666667,0.33333334,0.3333333,0.001934236,0.00064474536,0,0,0,0,0
33474,-1,0,0.07021731,0.51754713,1,1,unassigned,2.0,2.0,0.0,1.0,0.0,0.0,0.0,0.0,0,0,0,1,0
33475,-1,1,-0.06631297,0.48342782,0,1,unassigned,14.0,14.0,0.0,1.0,0.0,0.0,0.023210831,0.0,1,0,0,0,0
33476,-1,0,2.1033895,0.8912322,1,1,unassigned,2.0,2.0,0.0,1.0,0.0,0.0,0.0,0.0,0,0,0,1,0
33477,1,0,0.45484525,0.6117906,1,0,val,36.0,35.0,1.0,0.9722222,0.027777778,0.027777791,0.065764025,0.0018267785,0,0,1,1,0
33478,0,0,-0.16516611,0.45880207,0,0,test,14.0,14.0,0.0,1.0,0.0,0.0,0.023210831,0.0,0,0,1,0,0
33479,-1,1,-0.41453782,0.39782456,0,1,unassigned,60.0,43.0,17.0,0.71666664,0.28333333,0.28333336,0.11218569,0.031785943,1,0,0,0,0
33480,-1,0,1.2284837,0.77355313,1,1,unassigned,2.0,2.0,0.0,1.0,0.0,0.0,0.0,0.0,0,0,0,1,0
33481,-1,0,2.9862888,0.95195085,1,1,unassigned,5.0,5.0,0.0,1.0,0.0,0.0,0.0058027077,0.0,0,0,0,1,1
33482,-1,0,-0.34506464,0.41457972,0,1,unassigned,2.0,2.0,0.0,1.0,0.0,0.0,0.0,0.0,0,0,0,0,0
33483,-1,1,-0.5165727,0.37365398,0,1,unassigned,5.0,5.0,0.0,1.0,0.0,0.0,0.0058027077,0.0,1,0,0,0,0
33484,-1,0,-0.12491965,0.4688106,0,1,unassigned,3.0,3.0,0.0,1.0,0.0,0.0,0.001934236,0.0,0,0,0,0,0
33485,-1,0,0.61449176,0.64896476,1,1,unassigned,25.0,25.0,0.0,1.0,0.0,0.0,0.044487428,0.0,0,0,0,1,0
33486,-1,0,0.51334745,0.62559086,1,1,unassigned,14.0,13.0,1.0,0.9285714,0.071428575,0.0714286,0.023210831,0.0016579166,0,0,0,1,0
33487,-1,1,4.160862,0.9846453,1,1,unassigned,4.0,4.0,0.0,1.0,0.0,0.0,0.003868472,0.0,1,0,0,1,1
33488,-1,0,0.84733456,0.7000077,1,1,unassigned,8.0,8.0,0.0,1.0,0.0,0.0,0.0116054155,0.0,0,0,0,1,0
33489,-1,0,-0.52564305,0.37153363,0,1,unassigned,9.0,9.0,0.0,1.0,0.0,0.0,0.013539651,0.0,0,0,0,0,0
33490,-1,0,-0.4776259,0.3828129,0,1,unassigned,10.0,6.0,4.0,0.6,0.4,0.39999998,0.015473888,0.0061895554,0,0,0,0,0
33491,1,0,-0.09628564,0.47594717,0,1,test,27.0,26.0,1.0,0.962963,0.037037037,0.037037015,0.0483559,0.0017909593,0,0,0,0,0
33492,-1,1,3.246484,0.9625466,1,1,unassigned,16.0,15.0,1.0,0.9375,0.0625,0.0625,0.027079303,0.0016924564,1,0,0,1,1
33493,-1,0,3.1855762,0.96028787,1,1,unassigned,2.0,2.0,0.0,1.0,0.0,0.0,0.0,0.0,0,0,0,1,1
33494,-1,0,-0.5564303,0.3643738,0,1,unassigned,9.0,8.0,1.0,0.8888889,0.11111111,0.111111104,0.013539651,0.0015044058,0,0,0,0,0
33495,-1,1,1.7202938,0.8481667,1,1,unassigned,9.0,9.0,0.0,1.0,0.0,0.0,0.013539651,0.0,1,0,0,1,0
33496,-1,0,-0.23978996,0.4403381,0,1,unassigned,2.0,2.0,0.0,1.0,0.0,0.0,0.0,0.0,0,0,0,0,0
33497,-1,0,0.32351154,0.5801798,1,1,unassigned,30.0,30.0,0.0,1.0,0.0,0.0,0.054158606,0.0,0,0,0,1,0
33498,-1,1,0.8473075,0.700002,1,1,unassigned,2.0,2.0,0.0,1.0,0.0,0.0,0.0,0.0,1,0,0,1,0
33499,-1,0,-0.43137547,0.39379793,0,1,unassigned,6.0,6.0,0.0,1.0,0.0,0.0,0.007736944,0.0,0,0,0,0,0
33500,-1,0,-0.27220932,0.43236476,0,1,unassigned,52.0,52.0,0.0,1.0,0.0,0.0,0.0967118,0.0,0,0,0,0,0
33501,0,1,-0.41180655,0.398479,0,0,unassigned,35.0,34.0,1.0,0.9714286,0.028571429,0.028571427,0.06382979,0.0018237082,1,0,1,0,0
33502,-1,0,-0.10510498,0.4737479,0,1,unassigned,33.0,33.0,0.0,1.0,0.0,0.0,0.059961315,0.0,0,0,0,0,0
33503,1,0,-0.08134985,0.4796737,0,1,test,19.0,19.0,0.0,1.0,0.0,0.0,0.032882012,0.0,0,0,0,0,0
33504,-1,0,-0.25417072,0.4367972,0,1,unassigned,20.0,19.0,1.0,0.95,0.05,0.050000012,0.034816246,0.0017408123,0,0,0,0,0
33505,-1,1,0.79264504,0.68839896,1,1,unassigned,51.0,49.0,2.0,0.9607843,0.039215688,0.039215684,0.09477756,0.0037167673,1,0,0,1,0
33506,1,0,0.055600226,0.51389647,1,0,unassigned,22.0,22.0,0.0,1.0,0.0,0.0,0.03868472,0.0,0,0,1,1,0
33507,-1,0,-0.2503151,0.43774596,0,1,unassigned,14.0,14.0,0.0,1.0,0.0,0.0,0.023210831,0.0,0,0,0,0,0
33508,0,0,-0.746181,0.321654,0,0,unassigned,19.0,19.0,0.0,1.0,0.0,0.0,0.032882012,0.0,0,0,1,0,0
33509,-1,1,-0.44262028,0.3911168,0,1,unassigned,10.0,10.0,0.0,1.0,0.0,0.0,0.015473888,0.0,1,0,0,0,0
33510,-1,0,-0.4630038,0.38627347,0,1,unassigned,45.0,44.0,1.0,0.9777778,0.022222223,0.02222222,0.08317215,0.0018482701,0,0,0,0,0
33511,-1,1,-0.7753208,0.31532922,0,1,unassigned,2.0,2.0,0.0,1.0,0.0,0.0,0.0,0.0,1,0,0,0,0
33512,-1,1,1.1730559,0.7636969,1,1,unassigned,10.0,10.0,0.0,1.0,0.0,0.0,0.015473888,0.0,1,0,0,1,0
33513,-1,0,-0.26983795,0.43294692,0,1,unassigned,30.0,30.0,0.0,1.0,0.0,0.0,0.054158606,0.0,0,0,0,0,0
33514,-1,0,0.9698059,0.72508085,1,1,unassigned,5.0,5.0,0.0,1.0,0.0,0.0,0.0058027077,0.0,0,0,0,1,0
33515,0,0,-0.4262941,0.3950116,0,0,test,76.0,76.0,0.0,1.0,0.0,0.0,0.14313346,0.0,0,0,1,0,0
33516,-1,0,-0.8878266,0.29155853,0,1,unassigned,2.0,2.0,0.0,1.0,0.0,0.0,0.0,0.0,0,0,0,0,0
33517,-1,1,1.6796272,0.84285516,1,1,unassigned,20.0,19.0,1.0,0.95,0.05,0.050000012,0.034816246,0.0017408123,1,0,0,1,0
33518,-1,0,1.0757041,0.74568015,1,1,unassigned,8.0,5.0,3.0,0.625,0.375,0.375,0.0116054155,0.004352031,0,0,0,1,0
33519,-1,0,-0.7549632,0.31974077,0,1,unassigned,11.0,10.0,1.0,0.90909094,0.09090909,0.090909064,0.017408123,0.0015825568,0,0,0,0,0
33520,-1,0,16.487446,0.9999999,1,1,unassigned,4.0,4.0,0.0,1.0,0.0,0.0,0.003868472,0.0,0,0,0,1,1
33521,1,0,6.8695664,0.99896216,1,0,val,9.0,9.0,0.0,1.0,0.0,0.0,0.013539651,0.0,0,0,1,1,1
33522,-1,0,-0.47108215,0.38436016,0,1,unassigned,26.0,26.0,0.0,1.0,0.0,0.0,0.046421662,0.0,0,0,0,0,0
33523,-1,0,0.13091964,0.5326832,1,1,unassigned,3.0,3.0,0.0,1.0,0.0,0.0,0.001934236,0.0,0,0,0,1,0
33524,-1,0,2.0295212,0.8838619,1,1,unassigned,6.0,6.0,0.0,1.0,0.0,0.0,0.007736944,0.0,0,0,0,1,0
33525,1,0,-0.33711594,0.41651025,0,1,test,4.0,4.0,0.0,1.0,0.0,0.0,0.003868472,0.0,0,0,0,0,0
33526,-1,0,0.724001,0.6734874,1,1,unassigned,4.0,3.0,1.0,0.75,0.25,0.25,0.003868472,0.000967118,0,0,0,1,0
33527,-1,0,0.12076205,0.5301539,1,1,unassigned,11.0,11.0,0.0,1.0,0.0,0.0,0.017408123,0.0,0,0,0,1,0
33528,-1,0,0.028266668,0.5070662,1,1,unassigned,30.0,29.0,1.0,0.96666664,0.033333335,0.03333336,0.054158606,0.001805287,0,0,0,1,0
33529,-1,1,5.251258,0.9947864,1,1,unassigned,4.0,4.0,0.0,1.0,0.0,0.0,0.003868472,0.0,1,0,0,1,1
33530,-1,1,-0.014529407,0.4963677,0,1,unassigned,51.0,49.0,2.0,0.9607843,0.039215688,0.039215684,0.09477756,0.0037167673,1,0,0,0,0
33531,-1,0,0.053828597,0.5134539,1,1,unassigned,67.0,67.0,0.0,1.0,0.0,0.0,0.12572534,0.0,0,0,0,1,0
33532,-1,1,4.8718877,0.9923994,1,1,unassigned,21.0,16.0,5.0,0.7619048,0.23809524,0.23809522,0.036750484,0.0087501155,1,0,0,1,1
33533,-1,1,-0.19713628,0.45087492,0,1,unassigned,10.0,6.0,4.0,0.6,0.4,0.39999998,0.015473888,0.0061895554,1,0,0,0,0
33534,-1,0,-1.0645163,0.25644732,0,1,unassigned,3.0,3.0,0.0,1.0,0.0,0.0,0.001934236,0.0,0,0,0,0,0
33535,-1,0,1.8304074,0.86181027,1,1,unassigned,2.0,2.0,0.0,1.0,0.0,0.0,0.0,0.0,0,0,0,1,0
33536,-1,1,3.060431,0.9552307,1,1,unassigned,2.0,2.0,0.0,1.0,0.0,0.0,0.0,0.0,1,0,0,1,1
33537,-1,1,-0.23978996,0.4403381,0,1,unassigned,2.0,1.0,1.0,0.5,0.5,0.5,0.0,0.0,1,0,0,0,0
33538,-1,1,0.07044804,0.51760477,1,1,unassigned,64.0,62.0,2.0,0.96875,0.03125,0.03125,0.11992263,0.0037475822,1,0,0,1,0
33539,-1,0,-1.0686749,0.25565514,0,1,unassigned,2.0,2.0,0.0,1.0,0.0,0.0,0.0,0.0,0,0,0,0,0
33540,-1,0,-0.36832196,0.40894657,0,1,unassigned,2.0,2.0,0.0,1.0,0.0,0.0,0.0,0.0,0,0,0,0,0
33541,-1,0,-0.65484214,0.34189922,0,1,unassigned,89.0,89.0,0.0,1.0,0.0,0.0,0.16827853,0.0,0,0,0,0,0
33542,-1,0,-0.40071908,0.4011396,0,1,unassigned,21.0,21.0,0.0,1.0,0.0,0.0,0.036750484,0.0,0,0,0,0,0
33543,-1,1,0.29495388,0.57320845,1,1,unassigned,21.0,21.0,0.0,1.0,0.0,0.0,0.036750484,0.0,1,0,0,1,0
33544,1,0,-0.5152551,0.3739624,0,1,unassigned,6.0,6.0,0.0,1.0,0.0,0.0,0.007736944,0.0,0,0,0,0,0
33545,-1,0,-1.5993598,0.1680711,0,1,unassigned,2.0,2.0,0.0,1.0,0.0,0.0,0.0,0.0,0,0,0,0,0
33546,-1,0,-0.49997613,0.37754628,0,1,unassigned,9.0,9.0,0.0,1.0,0.0,0.0,0.013539651,0.0,0,0,0,0,0
33547,-1,1,4.5942087,0.98999095,1,1,unassigned,42.0,42.0,0.0,1.0,0.0,0.0,0.07736944,0.0,1,0,0,1,1
33548,-1,1,1.5382812,0.8232147,1,1,unassigned,6.0,6.0,0.0,1.0,0.0,0.0,0.007736944,0.0,1,0,0,1,0
33549,-1,0,-0.53571594,0.36918473,0,1,unassigned,11.0,11.0,0.0,1.0,0.0,0.0,0.017408123,0.0,0,0,0,0,0
33550,-1,1,8.98451,0.9998747,1,1,unassigned,21.0,20.0,1.0,0.95238096,0.04761905,0.047619045,0.036750484,0.0017500231,1,0,0,1,1
33551,1,0,9.612164,0.9999331,1,0,val,2.0,2.0,0.0,1.0,0.0,0.0,0.0,0.0,0,0,1,1,1
33552,-1,1,1.612452,0.83375156,1,1,unassigned,42.0,42.0,0.0,1.0,0.0,0.0,0.07736944,0.0,1,0,0,1,0
33553,-1,0,-0.7599749,0.31865174,0,1,unassigned,44.0,44.0,0.0,1.0,0.0,0.0,0.08123791,0.0,0,0,0,0,0
33554,-1,0,-1.0660166,0.25616136,0,1,unassigned,3.0,3.0,0.0,1.0,0.0,0.0,0.001934236,0.0,0,0,0,0,0
33555,-1,0,0.68655616,0.6652004,1,1,unassigned,2.0,2.0,0.0,1.0,0.0,0.0,0.0,0.0,0,0,0,1,0
33556,-1,0,-0.042836845,0.48929247,0,1,unassigned,25.0,25.0,0.0,1.0,0.0,0.0,0.044487428,0.0,0,0,0,0,0
33557,-1,1,-0.39271182,0.4030647,0,1,unassigned,21.0,20.0,1.0,0.95238096,0.04761905,0.047619045,0.036750484,0.0017500231,1,0,0,0,0
33558,1,0,-0.5130887,0.37446976,0,1,unassigned,28.0,28.0,0.0,1.0,0.0,0.0,0.050290134,0.0,0,0,0,0,0
33559,1,0,1.2503097,0.77735347,1,0,unassigned,17.0,16.0,1.0,0.9411765,0.05882353,0.058823526,0.029013539,0.0017066788,0,0,1,1,0
33560,-1,0,-0.43593675,0.39270958,0,1,unassigned,55.0,55.0,0.0,1.0,0.0,0.0,0.102514505,0.0,0,0,0,0,0
33561,-1,0,-0.4866664,0.3806792,0,1,unassigned,28.0,28.0,0.0,1.0,0.0,0.0,0.050290134,0.0,0,0,0,0,0
33562,-1,1,3.268887,0.9633459,1,1,unassigned,17.0,13.0,4.0,0.7647059,0.23529412,0.2352941,0.029013539,0.006826715,1,0,0,1,1
33563,-1,0,1.6519835,0.83915895,1,1,unassigned,2.0,2.0,0.0,1.0,0.0,0.0,0.0,0.0,0,0,0,1,0
33564,1,1,5.6456504,0.9964796,1,0,val,4.0,4.0,0.0,1.0,0.0,0.0,0.003868472,0.0,1,0,1,1,1
33565,-1,0,-0.57227886,0.36071116,0,1,unassigned,75.0,75.0,0.0,1.0,0.0,0.0,0.14119923,0.0,0,0,0,0,0
33566,-1,0,-0.7485277,0.3211422,0,1,unassigned,27.0,27.0,0.0,1.0,0.0,0.0,0.0483559,0.0,0,0,0,0,0
33567,-1,1,1.8659952,0.8659942,1,1,unassigned,2.0,2.0,0.0,1.0,0.0,0.0,0.0,0.0,1,0,0,1,0
33568,1,0,-0.122627646,0.46938145,0,1,unassigned,31.0,31.0,0.0,1.0,0.0,0.0,0.056092843,0.0,0,0,0,0,0
33569,-1,0,-0.1031827,0.47422716,0,1,unassigned,2.0,1.0,1.0,0.5,0.5,0.5,0.0,0.0,0,0,0,0,0
33570,-1,0,0.60426,0.64663035,1,1,unassigned,3.0,3.0,0.0,1.0,0.0,0.0,0.001934236,0.0,0,0,0,1,0
33571,-1,1,-0.39375943,0.4028126,0,1,unassigned,4.0,4.0,0.0,1.0,0.0,0.0,0.003868472,0.0,1,0,0,0,0
33572,1,1,1.8261817,0.86130625,1,0,val,14.0,12.0,2.0,0.85714287,0.14285715,0.14285713,0.023210831,0.0033158332,1,0,1,1,0
33573,-1,0,0.5714703,0.6391024,1,1,unassigned,6.0,5.0,1.0,0.8333333,0.16666667,0.16666669,0.007736944,0.0012894907,0,0,0,1,0
33574,-1,0,1.8239553,0.86104006,1,1,unassigned,3.0,2.0,1.0,0.6666667,0.33333334,0.3333333,0.001934236,0.00064474536,0,0,0,1,0
33575,-1,1,0.10677433,0.52666825,1,1,unassigned,2.0,2.0,0.0,1.0,0.0,0.0,0.0,0.0,1,0,0,1,0
33576,-1,0,0.8947231,0.7098639,1,1,unassigned,12.0,10.0,2.0,0.8333333,0.16666667,0.16666669,0.01934236,0.0032237265,0,0,0,1,0
33577,-1,0,-0.5302956,0.37044793,0,1,unassigned,3.0,3.0,0.0,1.0,0.0,0.0,0.001934236,0.0,0,0,0,0,0
33578,-1,0,4.353353,0.98729974,1,1,unassigned,3.0,2.0,1.0,0.6666667,0.33333334,0.3333333,0.001934236,0.00064474536,0,0,0,1,1
33579,-1,0,-0.28669655,0.42881277,0,1,unassigned,7.0,7.0,0.0,1.0,0.0,0.0,0.00967118,0.0,0,0,0,0,0
33580,1,0,-0.0361346,0.49096733,0,1,unassigned,40.0,36.0,4.0,0.9,0.1,0.100000024,0.07350097,0.007350097,0,0,0,0,0
33581,1,0,-0.10546547,0.47365806,0,1,val,45.0,44.0,1.0,0.9777778,0.022222223,0.02222222,0.08317215,0.0018482701,0,0,0,0,0
33582,-1,0,5.1181836,0.9940487,1,1,unassigned,15.0,13.0,2.0,0.8666667,0.13333334,0.13333333,0.025145067,0.0033526758,0,0,0,1,1
33583,-1,0,-0.90233624,0.28857064,0,1,unassigned,5.0,5.0,0.0,1.0,0.0,0.0,0.0058027077,0.0,0,0,0,0,0
33584,-1,1,-0.2810757,0.43019006,0,1,unassigned,28.0,28.0,0.0,1.0,0.0,0.0,0.050290134,0.0,1,0,0,0,0
33585,-1,0,0.7699812,0.68351686,1,1,unassigned,23.0,23.0,0.0,1.0,0.0,0.0,0.040618956,0.0,0,0,0,1,0
33586,-1,0,1.8858273,0.86827904,1,1,unassigned,14.0,14.0,0.0,1.0,0.0,0.0,0.023210831,0.0,0,0,0,1,0
33587,-1,0,0.014506936,0.50362664,1,1,unassigned,34.0,34.0,0.0,1.0,0.0,0.0,0.061895553,0.0,0,0,0,1,0
33588,-1,0,3.7067978,0.9760325,1,1,unassigned,19.0,19.0,0.0,1.0,0.0,0.0,0.032882012,0.0,0,0,0,1,1
33589,-1,0,0.8097376,0.69205356,1,1,unassigned,7.0,6.0,1.0,0.85714287,0.14285715,0.14285713,0.00967118,0.0013815971,0,0,0,1,0
33590,-1,0,0.81881005,0.6939837,1,1,unassigned,3.0,3.0,0.0,1.0,0.0,0.0,0.001934236,0.0,0,0,0,1,0
33591,0,0,-0.19427258,0.45158404,0,0,unassigned,13.0,13.0,0.0,1.0,0.0,0.0,0.021276595,0.0,0,0,1,0,0
33592,-1,0,0.30996186,0.5768759,1,1,unassigned,31.0,31.0,0.0,1.0,0.0,0.0,0.056092843,0.0,0,0,0,1,0
33593,-1,0,0.6855462,0.66497546,1,1,unassigned,18.0,17.0,1.0,0.9444444,0.055555556,0.055555582,0.030947777,0.0017193209,0,0,0,1,0
33594,-1,0,3.4139912,0.96813893,1,1,unassigned,27.0,27.0,0.0,1.0,0.0,0.0,0.0483559,0.0,0,0,0,1,1
33595,-1,0,1.0677373,0.7441664,1,1,unassigned,28.0,28.0,0.0,1.0,0.0,0.0,0.050290134,0.0,0,0,0,1,0
33596,-1,0,2.1626542,0.89684534,1,1,unassigned,35.0,35.0,0.0,1.0,0.0,0.0,0.06382979,0.0,0,0,0,1,0
33597,-1,0,2.4246051,0.9186845,1,1,unassigned,24.0,24.0,0.0,1.0,0.0,0.0,0.04255319,0.0,0,0,0,1,1
33598,-1,0,2.012842,0.8821388,1,1,unassigned,24.0,24.0,0.0,1.0,0.0,0.0,0.04255319,0.0,0,0,0,1,0
33599,-1,0,0.68151075,0.6640758,1,1,unassigned,4.0,4.0,0.0,1.0,0.0,0.0,0.003868472,0.0,0,0,0,1,0
33600,-1,0,-0.13978213,0.46511126,0,1,unassigned,12.0,12.0,0.0,1.0,0.0,0.0,0.01934236,0.0,0,0,0,0,0
33601,-1,1,-0.8573417,0.29789504,0,1,unassigned,18.0,16.0,2.0,0.8888889,0.11111111,0.111111104,0.030947777,0.0034386418,1,0,0,0,0
33602,-1,0,-0.1621716,0.4595457,0,1,unassigned,9.0,9.0,0.0,1.0,0.0,0.0,0.013539651,0.0,0,0,0,0,0
33603,-1,0,-0.2402314,0.4402293,0,1,unassigned,29.0,29.0,0.0,1.0,0.0,0.0,0.05222437,0.0,0,0,0,0,0
33604,-1,0,2.5167863,0.9253102,1,1,unassigned,3.0,3.0,0.0,1.0,0.0,0.0,0.001934236,0.0,0,0,0,1,1
33605,-1,1,6.1308365,0.99783,1,1,unassigned,5.0,4.0,1.0,0.8,0.2,0.19999999,0.0058027077,0.0011605415,1,0,0,1,1
33606,-1,0,1.5408559,0.82358915,1,1,unassigned,3.0,3.0,0.0,1.0,0.0,0.0,0.001934236,0.0,0,0,0,1,0
33607,-1,0,-0.62777036,0.34801626,0,1,unassigned,2.0,2.0,0.0,1.0,0.0,0.0,0.0,0.0,0,0,0,0,0
33608,-1,1,-0.093672335,0.47659904,0,1,unassigned,27.0,24.0,3.0,0.8888889,0.11111111,0.111111104,0.0483559,0.0053728777,1,0,0,0,0
33609,-1,0,-0.10523784,0.4737148,0,1,unassigned,10.0,8.0,2.0,0.8,0.2,0.19999999,0.015473888,0.0030947777,0,0,0,0,0
33610,1,0,-0.0545159,0.48637438,0,1,val,7.0,7.0,0.0,1.0,0.0,0.0,0.00967118,0.0,0,0,0,0,0
33611,-1,0,1.1976135,0.76809996,1,1,unassigned,4.0,4.0,0.0,1.0,0.0,0.0,0.003868472,0.0,0,0,0,1,0
33612,-1,0,12.629322,0.9999968,1,1,unassigned,2.0,2.0,0.0,1.0,0.0,0.0,0.0,0.0,0,0,0,1,1
33613,-1,1,-0.76228654,0.31815004,0,1,unassigned,22.0,21.0,1.0,0.95454544,0.045454547,0.04545456,0.03868472,0.0017583964,1,0,0,0,0
33614,-1,0,0.49522597,0.62133676,1,1,unassigned,49.0,49.0,0.0,1.0,0.0,0.0,0.09090909,0.0,0,0,0,1,0
33615,-1,0,-0.47588468,0.38322437,0,1,unassigned,44.0,44.0,0.0,1.0,0.0,0.0,0.08123791,0.0,0,0,0,0,0
33616,-1,1,7.2908425,0.9993187,1,1,unassigned,4.0,2.0,2.0,0.5,0.5,0.5,0.003868472,0.001934236,1,0,0,1,1
33617,-1,0,-0.6912881,0.33374658,0,1,unassigned,23.0,23.0,0.0,1.0,0.0,0.0,0.040618956,0.0,0,0,0,0,0
33618,-1,0,-0.7543224,0.31988016,0,1,unassigned,38.0,38.0,0.0,1.0,0.0,0.0,0.06963249,0.0,0,0,0,0,0
33619,-1,1,4.5935206,0.98998415,1,1,unassigned,17.0,17.0,0.0,1.0,0.0,0.0,0.029013539,0.0,1,0,0,1,1
33620,-1,0,-0.7423384,0.32249302,0,1,unassigned,65.0,65.0,0.0,1.0,0.0,0.0,0.12185687,0.0,0,0,0,0,0
33621,-1,0,-0.41492546,0.39773166,0,1,unassigned,27.0,27.0,0.0,1.0,0.0,0.0,0.0483559,0.0,0,0,0,0,0
33622,-1,0,2.2373111,0.9035504,1,1,unassigned,8.0,8.0,0.0,1.0,0.0,0.0,0.0116054155,0.0,0,0,0,1,1
33623,-1,0,-0.70295215,0.331158,0,1,unassigned,28.0,28.0,0.0,1.0,0.0,0.0,0.050290134,0.0,0,0,0,0,0
33624,-1,0,-0.5224189,0.37228677,0,1,unassigned,22.0,22.0,0.0,1.0,0.0,0.0,0.03868472,0.0,0,0,0,0,0
33625,-1,1,1.1514235,0.7597708,1,1,unassigned,5.0,2.0,3.0,0.4,0.6,0.6,0.0058027077,0.0034816249,1,0,0,1,0
33626,1,0,-0.37546,0.40722236,0,1,test,41.0,41.0,0.0,1.0,0.0,0.0,0.07543521,0.0,0,0,0,0,0
33627,-1,0,0.35246414,0.587215,1,1,unassigned,25.0,24.0,1.0,0.96,0.04,0.04000002,0.044487428,0.001779497,0,0,0,1,0
33628,1,0,2.4098063,0.9175721,1,0,unassigned,4.0,4.0,0.0,1.0,0.0,0.0,0.003868472,0.0,0,0,1,1,1
33629,-1,0,-0.54961926,0.36595273,0,1,unassigned,42.0,40.0,2.0,0.95238096,0.04761905,0.047619045,0.07736944,0.003684259,0,0,0,0,0
33630,-1,0,-0.31882468,0.42096218,0,1,unassigned,8.0,8.0,0.0,1.0,0.0,0.0,0.0116054155,0.0,0,0,0,0,0
33631,-1,1,0.058304846,0.5145721,1,1,unassigned,4.0,4.0,0.0,1.0,0.0,0.0,0.003868472,0.0,1,0,0,1,0
33632,-1,0,-0.44279468,0.39107525,0,1,unassigned,52.0,52.0,0.0,1.0,0.0,0.0,0.0967118,0.0,0,0,0,0,0
33633,-1,0,-0.43131396,0.39381263,0,1,unassigned,17.0,17.0,0.0,1.0,0.0,0.0,0.029013539,0.0,0,0,0,0,0
33634,-1,0,-0.22038281,0.4451262,0,1,unassigned,9.0,4.0,5.0,0.44444445,0.5555556,0.5555556,0.013539651,0.007522029,0,0,0,0,0
33635,-1,1,1.5666625,0.8273073,1,1,unassigned,15.0,14.0,1.0,0.93333334,0.06666667,0.06666666,0.025145067,0.0016763379,1,0,0,1,0
33636,-1,0,-0.27133942,0.43257833,0,1,unassigned,23.0,23.0,0.0,1.0,0.0,0.0,0.040618956,0.0,0,0,0,0,0
33637,-1,1,0.10200095,0.5254781,1,1,unassigned,3.0,2.0,1.0,0.6666667,0.33333334,0.3333333,0.001934236,0.00064474536,1,0,0,1,0
33638,0,1,-0.2334575,0.44189924,0,0,unassigned,2.0,1.0,1.0,0.5,0.5,0.5,0.0,0.0,1,0,1,0,0
33639,0,0,-0.59118056,0.356364,0,0,train,22.0,22.0,0.0,1.0,0.0,0.0,0.03868472,0.0,0,0,1,0,0
33640,-1,1,8.02928,0.9996743,1,1,unassigned,4.0,2.0,2.0,0.5,0.5,0.5,0.003868472,0.001934236,1,0,0,1,1
33641,-1,0,9.009801,0.9998778,1,1,unassigned,82.0,80.0,2.0,0.9756098,0.024390243,0.02439022,0.15473887,0.0037741186,0,0,0,1,1
33642,-1,0,3.0413406,0.95440716,1,1,unassigned,4.0,4.0,0.0,1.0,0.0,0.0,0.003868472,0.0,0,0,0,1,1
33643,-1,0,4.3194823,0.986868,1,1,unassigned,3.0,3.0,0.0,1.0,0.0,0.0,0.001934236,0.0,0,0,0,1,1
33644,-1,0,3.0453255,0.95458025,1,1,unassigned,37.0,36.0,1.0,0.972973,0.027027028,0.02702701,0.06769826,0.0018296828,0,0,0,1,1
33645,-1,0,-0.79111445,0.31192943,0,1,unassigned,72.0,72.0,0.0,1.0,0.0,0.0,0.13539653,0.0,0,0,0,0,0
33646,-1,0,-0.36743224,0.40916163,0,1,unassigned,45.0,45.0,0.0,1.0,0.0,0.0,0.08317215,0.0,0,0,0,0,0
33647,-1,0,0.20076042,0.55002224,1,1,unassigned,31.0,29.0,2.0,0.9354839,0.06451613,0.06451613,0.056092843,0.003618893,0,0,0,1,0
33648,-1,0,-0.5442406,0.36720166,0,1,unassigned,28.0,27.0,1.0,0.96428573,0.035714287,0.03571427,0.050290134,0.0017960763,0,0,0,0,0
33649,1,0,0.051267385,0.51281404,1,0,unassigned,11.0,11.0,0.0,1.0,0.0,0.0,0.017408123,0.0,0,0,1,1,0
33650,0,0,-0.76773757,0.3169687,0,0,val,52.0,52.0,0.0,1.0,0.0,0.0,0.0967118,0.0,0,0,1,0,0
33651,-1,0,0.18674201,0.5465503,1,1,unassigned,38.0,38.0,0.0,1.0,0.0,0.0,0.06963249,0.0,0,0,0,1,0
33652,0,0,0.33558875,0.58311856,1,1,test,22.0,22.0,0.0,1.0,0.0,0.0,0.03868472,0.0,0,0,0,1,0
33653,-1,0,-0.53278154,0.36986837,0,1,unassigned,69.0,69.0,0.0,1.0,0.0,0.0,0.1295938,0.0,0,0,0,0,0
33654,-1,0,-0.17574453,0.4561766,0,1,unassigned,77.0,77.0,0.0,1.0,0.0,0.0,0.14506769,0.0,0,0,0,0,0
33655,0,1,0.61148936,0.6482805,1,1,unassigned,13.0,9.0,4.0,0.6923077,0.30769232,0.3076923,0.021276595,0.006546645,1,0,0,1,0
33656,1,0,2.045478,0.8854899,1,0,test,19.0,18.0,1.0,0.94736844,0.05263158,0.052631557,0.032882012,0.0017306323,0,0,1,1,0
33657,-1,0,1.6797259,0.8428682,1,1,unassigned,16.0,14.0,2.0,0.875,0.125,0.125,0.027079303,0.0033849129,0,0,0,1,0
33658,-1,0,1.0015309,0.7313594,1,1,unassigned,9.0,9.0,0.0,1.0,0.0,0.0,0.013539651,0.0,0,0,0,1,0
33659,-1,0,0.6105309,0.64806193,1,1,unassigned,33.0,31.0,2.0,0.93939394,0.060606062,0.060606062,0.059961315,0.0036340193,0,0,0,1,0
33660,-1,0,0.23112911,0.5575264,1,1,unassigned,14.0,14.0,0.0,1.0,0.0,0.0,0.023210831,0.0,0,0,0,1,0
33661,-1,0,3.6200554,0.9739173,1,1,unassigned,2.0,2.0,0.0,1.0,0.0,0.0,0.0,0.0,0,0,0,1,1
33662,-1,0,0.7141591,0.67131954,1,1,unassigned,6.0,6.0,0.0,1.0,0.0,0.0,0.007736944,0.0,0,0,0,1,0
33663,-1,1,-0.607838,0.35255256,0,1,unassigned,15.0,14.0,1.0,0.93333334,0.06666667,0.06666666,0.025145067,0.0016763379,1,0,0,0,0
33664,-1,0,1.0138423,0.7337714,1,1,unassigned,20.0,19.0,1.0,0.95,0.05,0.050000012,0.034816246,0.0017408123,0,0,0,1,0
33665,-1,0,10.979431,0.99998295,1,1,unassigned,2.0,2.0,0.0,1.0,0.0,0.0,0.0,0.0,0,0,0,1,1
33666,-1,0,0.29773986,0.5738899,1,1,unassigned,34.0,34.0,0.0,1.0,0.0,0.0,0.061895553,0.0,0,0,0,1,0
33667,-1,0,3.6066926,0.9735757,1,1,unassigned,2.0,2.0,0.0,1.0,0.0,0.0,0.0,0.0,0,0,0,1,1
33668,-1,1,3.450536,0.9692471,1,1,unassigned,4.0,4.0,0.0,1.0,0.0,0.0,0.003868472,0.0,1,0,0,1,1
33669,-1,0,0.7916241,0.68817997,1,1,unassigned,6.0,6.0,0.0,1.0,0.0,0.0,0.007736944,0.0,0,0,0,1,0
33670,-1,0,3.9265702,0.98066986,1,1,unassigned,12.0,12.0,0.0,1.0,0.0,0.0,0.01934236,0.0,0,0,0,1,1
33671,-1,1,-0.119066,0.4702686,0,1,unassigned,8.0,8.0,0.0,1.0,0.0,0.0,0.0116054155,0.0,1,0,0,0,0
33672,1,0,-0.42760783,0.3946977,0,1,unassigned,31.0,31.0,0.0,1.0,0.0,0.0,0.056092843,0.0,0,0,0,0,0
33673,-1,1,8.106962,0.99969864,1,1,unassigned,16.0,15.0,1.0,0.9375,0.0625,0.0625,0.027079303,0.0016924564,1,0,0,1,1
33674,-1,0,-0.16393468,0.45910788,0,1,unassigned,67.0,62.0,5.0,0.92537314,0.07462686,0.07462686,0.12572534,0.009382488,0,0,0,0,0
33675,-1,0,0.03649807,0.5091235,1,1,unassigned,68.0,67.0,1.0,0.9852941,0.014705882,0.014705896,0.12765957,0.0018773467,0,0,0,1,0
33676,-1,1,5.3437877,0.9952449,1,1,unassigned,6.0,6.0,0.0,1.0,0.0,0.0,0.007736944,0.0,1,0,0,1,1
33677,-1,0,-0.21621913,0.4461548,0,1,unassigned,7.0,7.0,0.0,1.0,0.0,0.0,0.00967118,0.0,0,0,0,0,0
33678,1,0,-0.4340611,0.39315698,0,1,unassigned,14.0,14.0,0.0,1.0,0.0,0.0,0.023210831,0.0,0,0,0,0,0
33679,-1,0,1.1609712,0.7615091,1,1,unassigned,4.0,4.0,0.0,1.0,0.0,0.0,0.003868472,0.0,0,0,0,1,0
33680,-1,0,-0.303097,0.42480054,0,1,unassigned,5.0,4.0,1.0,0.8,0.2,0.19999999,0.0058027077,0.0011605415,0,0,0,0,0
33681,-1,1,4.2853427,0.98641807,1,1,unassigned,34.0,30.0,4.0,0.88235295,0.11764706,0.11764705,0.061895553,0.0072818296,1,0,0,1,1
33682,-1,0,-0.36645344,0.40939826,0,1,unassigned,11.0,10.0,1.0,0.90909094,0.09090909,0.090909064,0.017408123,0.0015825568,0,0,0,0,0
33683,-1,0,-0.38261983,0.40549517,0,1,unassigned,2.0,2.0,0.0,1.0,0.0,0.0,0.0,0.0,0,0,0,0,0
33684,-1,1,-0.24006152,0.44027117,0,1,unassigned,7.0,7.0,0.0,1.0,0.0,0.0,0.00967118,0.0,1,0,0,0,0
33685,-1,1,-0.93383324,0.28214768,0,1,unassigned,5.0,5.0,0.0,1.0,0.0,0.0,0.0058027077,0.0,1,0,0,0,0
33686,-1,1,-0.021642864,0.4945895,0,1,unassigned,7.0,7.0,0.0,1.0,0.0,0.0,0.00967118,0.0,1,0,0,0,0
33687,-1,0,5.6600785,0.9965299,1,1,unassigned,2.0,2.0,0.0,1.0,0.0,0.0,0.0,0.0,0,0,0,1,1
33688,-1,1,-0.849715,0.29949266,0,1,unassigned,20.0,20.0,0.0,1.0,0.0,0.0,0.034816246,0.0,1,0,0,0,0
33689,-1,1,-0.062295616,0.48443112,0,1,unassigned,32.0,27.0,5.0,0.84375,0.15625,0.15625,0.058027077,0.009066731,1,0,0,0,0
33690,-1,1,0.8878625,0.7084489,1,1,unassigned,9.0,7.0,2.0,0.7777778,0.22222222,0.22222221,0.013539651,0.0030088115,1,0,0,1,0
33691,-1,0,0.4538254,0.61154836,1,1,unassigned,2.0,2.0,0.0,1.0,0.0,0.0,0.0,0.0,0,0,0,1,0
33692,-1,0,-0.030992448,0.49225253,0,1,unassigned,9.0,9.0,0.0,1.0,0.0,0.0,0.013539651,0.0,0,0,0,0,0
33693,-1,0,1.0098524,0.7329913,1,1,unassigned,24.0,21.0,3.0,0.875,0.125,0.125,0.04255319,0.005319149,0,0,0,1,0
33694,-1,1,2.362426,0.9139169,1,1,unassigned,2.0,1.0,1.0,0.5,0.5,0.5,0.0,0.0,1,0,0,1,1
33695,-1,0,-0.07843828,0.48040047,0,1,unassigned,8.0,8.0,0.0,1.0,0.0,0.0,0.0116054155,0.0,0,0,0,0,0
33696,-1,0,-0.5338083,0.36962909,0,1,unassigned,24.0,23.0,1.0,0.9583333,0.041666668,0.041666687,0.04255319,0.0017730496,0,0,0,0,0
33697,-1,0,3.1626575,0.9594046,1,1,unassigned,2.0,2.0,0.0,1.0,0.0,0.0,0.0,0.0,0,0,0,1,1
33698,0,0,-0.13451862,0.46642095,0,0,unassigned,35.0,34.0,1.0,0.9714286,0.028571429,0.028571427,0.06382979,0.0018237082,0,0,1,0,0
33699,-1,0,1.1892099,0.7665997,1,1,unassigned,2.0,2.0,0.0,1.0,0.0,0.0,0.0,0.0,0,0,0,1,0
33700,-1,0,-0.14411679,0.464033,0,1,unassigned,49.0,46.0,3.0,0.93877554,0.06122449,0.06122446,0.09090909,0.005565863,0,0,0,0,0
33701,-1,0,-0.25873536,0.4356746,0,1,unassigned,41.0,40.0,1.0,0.9756098,0.024390243,0.02439022,0.07543521,0.001839883,0,0,0,0,0
33702,-1,0,-0.43264717,0.3934944,0,1,unassigned,3.0,2.0,1.0,0.6666667,0.33333334,0.3333333,0.001934236,0.00064474536,0,0,0,0,0
33703,-1,1,-0.26080993,0.43516466,0,1,unassigned,10.0,1.0,9.0,0.1,0.9,0.9,0.015473888,0.0139264995,1,1,0,0,0
33704,-1,1,0.7632814,0.6820657,1,1,unassigned,13.0,13.0,0.0,1.0,0.0,0.0,0.021276595,0.0,1,0,0,1,0
33705,0,1,-0.108736515,0.4728426,0,0,unassigned,9.0,9.0,0.0,1.0,0.0,0.0,0.013539651,0.0,1,0,1,0,0
33706,0,1,-0.18260422,0.45447537,0,0,train,5.0,5.0,0.0,1.0,0.0,0.0,0.0058027077,0.0,1,0,1,0,0
33707,-1,1,0.53412646,0.630445,1,1,unassigned,53.0,41.0,12.0,0.7735849,0.2264151,0.2264151,0.09864604,0.022334952,1,0,0,1,0
33708,-1,0,-0.07743737,0.48065037,0,1,unassigned,2.0,2.0,0.0,1.0,0.0,0.0,0.0,0.0,0,0,0,0,0
33709,-1,1,-0.25980568,0.43541148,0,1,unassigned,4.0,4.0,0.0,1.0,0.0,0.0,0.003868472,0.0,1,0,0,0,0
33710,-1,1,1.4251983,0.80615205,1,1,unassigned,2.0,2.0,0.0,1.0,0.0,0.0,0.0,0.0,1,0,0,1,0
33711,-1,0,1.9202847,0.8721702,1,1,unassigned,17.0,17.0,0.0,1.0,0.0,0.0,0.029013539,0.0,0,0,0,1,0
33712,-1,0,0.54161507,0.632188,1,1,unassigned,2.0,2.0,0.0,1.0,0.0,0.0,0.0,0.0,0,0,0,1,0
33713,-1,0,5.498188,0.99592257,1,1,unassigned,9.0,8.0,1.0,0.8888889,0.11111111,0.111111104,0.013539651,0.0015044058,0,0,0,1,1
33714,-1,1,-0.50494975,0.37637815,0,1,unassigned,34.0,32.0,2.0,0.9411765,0.05882353,0.058823526,0.061895553,0.0036409148,1,0,0,0,0
33715,-1,0,1.284095,0.7831461,1,1,unassigned,2.0,2.0,0.0,1.0,0.0,0.0,0.0,0.0,0,0,0,1,0
33716,-1,1,-0.37719995,0.40680245,0,1,unassigned,3.0,3.0,0.0,1.0,0.0,0.0,0.001934236,0.0,1,0,0,0,0
33717,0,1,-0.5585331,0.36388695,0,0,val,58.0,57.0,1.0,0.98275864,0.01724138,0.017241359,0.10831721,0.0018675381,1,0,1,0,0
33718,-1,0,0.06428379,0.5160654,1,1,unassigned,55.0,54.0,1.0,0.9818182,0.018181818,0.0181818,0.102514505,0.0018639,0,0,0,1,0
33719,-1,1,-0.48987108,0.37992394,0,1,unassigned,19.0,18.0,1.0,0.94736844,0.05263158,0.052631557,0.032882012,0.0017306323,1,0,0,0,0
33720,-1,1,-0.8783339,0.29352313,0,1,unassigned,38.0,38.0,0.0,1.0,0.0,0.0,0.06963249,0.0,1,0,0,0,0
33721,0,1,-0.4905249,0.37976992,0,0,unassigned,25.0,25.0,0.0,1.0,0.0,0.0,0.044487428,0.0,1,0,1,0,0
33722,-1,0,0.075883746,0.51896185,1,1,unassigned,27.0,27.0,0.0,1.0,0.0,0.0,0.0483559,0.0,0,0,0,1,0
33723,-1,0,-0.32605255,0.41920143,0,1,unassigned,13.0,13.0,0.0,1.0,0.0,0.0,0.021276595,0.0,0,0,0,0,0
33724,1,0,-0.27298138,0.43217534,0,1,unassigned,23.0,23.0,0.0,1.0,0.0,0.0,0.040618956,0.0,0,0,0,0,0
33725,-1,1,-0.7501615,0.32078612,0,1,unassigned,19.0,19.0,0.0,1.0,0.0,0.0,0.032882012,0.0,1,0,0,0,0
33726,-1,1,4.728556,0.9912382,1,1,unassigned,26.0,26.0,0.0,1.0,0.0,0.0,0.046421662,0.0,1,0,0,1,1
33727,-1,0,-0.13553515,0.466168,0,1,unassigned,4.0,4.0,0.0,1.0,0.0,0.0,0.003868472,0.0,0,0,0,0,0
33728,-1,0,-0.5876242,0.35718018,0,1,unassigned,2.0,2.0,0.0,1.0,0.0,0.0,0.0,0.0,0,0,0,0,0
33729,-1,0,-0.07565391,0.48109555,0,1,unassigned,13.0,13.0,0.0,1.0,0.0,0.0,0.021276595,0.0,0,0,0,0,0
33730,-1,1,-0.4484167,0.38973725,0,1,unassigned,23.0,21.0,2.0,0.9130435,0.08695652,0.0869565,0.040618956,0.0035320832,1,0,0,0,0
33731,-1,0,4.7489076,0.99141324,1,1,unassigned,4.0,4.0,0.0,1.0,0.0,0.0,0.003868472,0.0,0,0,0,1,1
33732,-1,0,-0.39721027,0.40198278,0,1,unassigned,7.0,6.0,1.0,0.85714287,0.14285715,0.14285713,0.00967118,0.0013815971,0,0,0,0,0
33733,-1,1,0.09194809,0.52297086,1,1,unassigned,2.0,2.0,0.0,1.0,0.0,0.0,0.0,0.0,1,0,0,1,0
33734,1,0,-0.045607507,0.4886001,0,1,unassigned,25.0,22.0,3.0,0.88,0.12,0.120000005,0.044487428,0.0053384914,0,0,0,0,0
33735,-1,0,-0.3931011,0.402971,0,1,unassigned,18.0,17.0,1.0,0.9444444,0.055555556,0.055555582,0.030947777,0.0017193209,0,0,0,0,0
33736,-1,0,-0.59352493,0.3558265,0,1,unassigned,4.0,4.0,0.0,1.0,0.0,0.0,0.003868472,0.0,0,0,0,0,0
33737,-1,1,-0.6203815,0.3496947,0,1,unassigned,35.0,32.0,3.0,0.9142857,0.08571429,0.08571428,0.06382979,0.005471125,1,0,0,0,0
33738,-1,1,2.595023,0.93054056,1,1,unassigned,2.0,2.0,0.0,1.0,0.0,0.0,0.0,0.0,1,0,0,1,1
33739,-1,1,-0.38792607,0.40421665,0,1,unassigned,4.0,4.0,0.0,1.0,0.0,0.0,0.003868472,0.0,1,0,0,0,0
33740,-1,1,-0.7905834,0.31204343,0,1,unassigned,156.0,150.0,6.0,0.96153843,0.03846154,0.038461566,0.29787233,0.011456628,1,0,0,0,0
33741,1,1,0.93797845,0.7186911,1,0,unassigned,22.0,22.0,0.0,1.0,0.0,0.0,0.03868472,0.0,1,0,1,1,0
33742,-1,1,-0.3372955,0.41646656,0,1,unassigned,47.0,45.0,2.0,0.9574468,0.04255319,0.042553186,0.08704062,0.003703856,1,0,0,0,0
33743,0,1,-0.6743342,0.33752704,0,0,val,18.0,18.0,0.0,1.0,0.0,0.0,0.030947777,0.0,1,0,1,0,0
33744,-1,1,-0.48553428,0.38094616,0,1,unassigned,81.0,76.0,5.0,0.9382716,0.061728396,0.061728418,0.15280464,0.009432386,1,0,0,0,0
33745,-1,1,1.5911171,0.83077323,1,1,unassigned,6.0,4.0,2.0,0.6666667,0.33333334,0.3333333,0.007736944,0.0025789815,1,0,0,1,0
33746,-1,0,-0.042499125,0.48937684,0,1,unassigned,2.0,1.0,1.0,0.5,0.5,0.5,0.0,0.0,0,0,0,0,0
33747,-1,1,4.86579,0.99235326,1,1,unassigned,3.0,1.0,2.0,0.33333334,0.6666667,0.6666666,0.001934236,0.0012894907,1,0,0,1,1
33748,-1,0,3.263871,0.9631684,1,1,unassigned,2.0,2.0,0.0,1.0,0.0,0.0,0.0,0.0,0,0,0,1,1
33749,-1,1,-0.089424014,0.47765887,0,1,unassigned,11.0,11.0,0.0,1.0,0.0,0.0,0.017408123,0.0,1,0,0,0,0
33750,-1,0,2.0786674,0.8888124,1,1,unassigned,2.0,2.0,0.0,1.0,0.0,0.0,0.0,0.0,0,0,0,1,0
33751,-1,0,-0.18021822,0.45506698,0,1,unassigned,12.0,12.0,0.0,1.0,0.0,0.0,0.01934236,0.0,0,0,0,0,0
33752,0,1,-0.7436647,0.3222033,0,0,unassigned,7.0,7.0,0.0,1.0,0.0,0.0,0.00967118,0.0,1,0,1,0,0
33753,-1,1,-0.23514625,0.4414828,0,1,unassigned,12.0,11.0,1.0,0.9166667,0.083333336,0.08333331,0.01934236,0.0016118633,1,0,0,0,0
33754,-1,1,0.57631093,0.6402181,1,1,unassigned,33.0,33.0,0.0,1.0,0.0,0.0,0.059961315,0.0,1,0,0,1,0
33755,1,1,-0.66453135,0.33972245,0,1,val,21.0,21.0,0.0,1.0,0.0,0.0,0.036750484,0.0,1,0,0,0,0
33756,-1,1,0.6230944,0.650922,1,1,unassigned,10.0,10.0,0.0,1.0,0.0,0.0,0.015473888,0.0,1,0,0,1,0
33757,-1,0,5.377251,0.9954007,1,1,unassigned,2.0,2.0,0.0,1.0,0.0,0.0,0.0,0.0,0,0,0,1,1
33758,-1,0,-0.6765577,0.33703,0,1,unassigned,28.0,28.0,0.0,1.0,0.0,0.0,0.050290134,0.0,0,0,0,0,0
33759,-1,1,0.6366413,0.65399384,1,1,unassigned,3.0,3.0,0.0,1.0,0.0,0.0,0.001934236,0.0,1,0,0,1,0
33760,0,0,-0.0027791262,0.4993052,0,0,unassigned,36.0,36.0,0.0,1.0,0.0,0.0,0.065764025,0.0,0,0,1,0,0
33761,-1,0,-0.33033162,0.41815993,0,1,unassigned,54.0,54.0,0.0,1.0,0.0,0.0,0.10058027,0.0,0,0,0,0,0
33762,-1,0,-0.4219287,0.39605528,0,1,unassigned,35.0,35.0,0.0,1.0,0.0,0.0,0.06382979,0.0,0,0,0,0,0
33763,-1,0,-0.49171582,0.37948945,0,1,unassigned,70.0,69.0,1.0,0.98571426,0.014285714,0.014285743,0.13152805,0.0018789722,0,0,0,0,0
33764,-1,0,-0.11592513,0.4710511,0,1,unassigned,32.0,32.0,0.0,1.0,0.0,0.0,0.058027077,0.0,0,0,0,0,0
33765,-1,0,-0.2883032,0.42841932,0,1,unassigned,91.0,91.0,0.0,1.0,0.0,0.0,0.172147,0.0,0,0,0,0,0
33766,-1,0,-0.29629293,0.42646393,0,1,unassigned,2.0,2.0,0.0,1.0,0.0,0.0,0.0,0.0,0,0,0,0,0
33767,-1,0,0.25648898,0.563773,1,1,unassigned,40.0,40.0,0.0,1.0,0.0,0.0,0.07350097,0.0,0,0,0,1,0
33768,-1,0,-0.34376112,0.41489616,0,1,unassigned,86.0,86.0,0.0,1.0,0.0,0.0,0.16247582,0.0,0,0,0,0,0
33769,-1,0,0.5505926,0.6342731,1,1,unassigned,13.0,13.0,0.0,1.0,0.0,0.0,0.021276595,0.0,0,0,0,1,0
33770,-1,0,6.457089,0.99843305,1,1,unassigned,5.0,4.0,1.0,0.8,0.2,0.19999999,0.0058027077,0.0011605415,0,0,0,1,1
33771,-1,1,2.4913857,0.9235357,1,1,unassigned,5.0,5.0,0.0,1.0,0.0,0.0,0.0058027077,0.0,1,0,0,1,1
33772,-1,0,-0.7102519,0.32954317,0,1,unassigned,21.0,21.0,0.0,1.0,0.0,0.0,0.036750484,0.0,0,0,0,0,0
33773,0,0,0.5054093,0.6237297,1,1,unassigned,15.0,15.0,0.0,1.0,0.0,0.0,0.025145067,0.0,0,0,0,1,0
33774,-1,1,-0.17935297,0.45528156,0,1,unassigned,2.0,2.0,0.0,1.0,0.0,0.0,0.0,0.0,1,0,0,0,0
33775,-1,1,-0.72059715,0.32726148,0,1,unassigned,54.0,54.0,0.0,1.0,0.0,0.0,0.10058027,0.0,1,0,0,0,0
33776,-1,0,1.6732993,0.84201527,1,1,unassigned,2.0,2.0,0.0,1.0,0.0,0.0,0.0,0.0,0,0,0,1,0
33777,-1,1,-0.2165128,0.4460823,0,1,unassigned,37.0,35.0,2.0,0.9459459,0.054054055,0.05405408,0.06769826,0.0036593657,1,0,0,0,0
33778,-1,1,-0.77498007,0.3154028,0,1,unassigned,20.0,20.0,0.0,1.0,0.0,0.0,0.034816246,0.0,1,0,0,0,0
33779,1,1,3.2201087,0.96158403,1,0,train,3.0,3.0,0.0,1.0,0.0,0.0,0.001934236,0.0,1,0,1,1,1
33780,-1,1,-0.8411696,0.30128852,0,1,unassigned,15.0,15.0,0.0,1.0,0.0,0.0,0.025145067,0.0,1,0,0,0,0
33781,-1,1,-0.6766705,0.3370048,0,1,unassigned,22.0,22.0,0.0,1.0,0.0,0.0,0.03868472,0.0,1,0,0,0,0
33782,-1,0,2.2194293,0.90198076,1,1,unassigned,2.0,1.0,1.0,0.5,0.5,0.5,0.0,0.0,0,0,0,1,1
33783,-1,1,1.0514572,0.74105465,1,1,unassigned,8.0,7.0,1.0,0.875,0.125,0.125,0.0116054155,0.0014506769,1,0,0,1,0
33784,-1,0,0.49521846,0.621335,1,1,unassigned,12.0,12.0,0.0,1.0,0.0,0.0,0.01934236,0.0,0,0,0,1,0
33785,-1,0,3.579879,0.972877,1,1,unassigned,20.0,20.0,0.0,1.0,0.0,0.0,0.034816246,0.0,0,0,0,1,1
33786,-1,0,-0.114382744,0.4714355,0,1,unassigned,84.0,83.0,1.0,0.9880952,0.011904762,0.011904776,0.15860735,0.0018881827,0,0,0,0,0
33787,0,0,-0.09034008,0.47743037,0,0,unassigned,18.0,18.0,0.0,1.0,0.0,0.0,0.030947777,0.0,0,0,1,0,0
33788,-1,0,10.146475,0.9999608,1,1,unassigned,2.0,2.0,0.0,1.0,0.0,0.0,0.0,0.0,0,0,0,1,1
33789,-1,1,0.06355554,0.51588356,1,1,unassigned,47.0,41.0,6.0,0.87234044,0.12765957,0.12765956,0.08704062,0.011111569,1,0,0,1,0
33790,-1,1,-0.76970625,0.31654266,0,1,unassigned,33.0,33.0,0.0,1.0,0.0,0.0,0.059961315,0.0,1,0,0,0,0
33791,-1,1,1.0102713,0.73307323,1,1,unassigned,12.0,12.0,0.0,1.0,0.0,0.0,0.01934236,0.0,1,0,0,1,0
33792,-1,1,4.4997153,0.9890099,1,1,unassigned,12.0,8.0,4.0,0.6666667,0.33333334,0.3333333,0.01934236,0.006447453,1,0,0,1,1
33793,-1,1,-0.75343645,0.32007298,0,1,unassigned,31.0,31.0,0.0,1.0,0.0,0.0,0.056092843,0.0,1,0,0,0,0
33794,-1,0,-0.4027044,0.40066275,0,1,unassigned,51.0,49.0,2.0,0.9607843,0.039215688,0.039215684,0.09477756,0.0037167673,0,0,0,0,0
33795,0,0,-0.42701456,0.39483944,0,0,val,38.0,37.0,1.0,0.9736842,0.02631579,0.026315808,0.06963249,0.0018324341,0,0,1,0,0
33796,-1,0,-0.5960844,0.35524002,0,1,unassigned,20.0,17.0,3.0,0.85,0.15,0.14999998,0.034816246,0.005222437,0,0,0,0,0
33797,0,0,-0.2772476,0.43112868,0,0,test,6.0,6.0,0.0,1.0,0.0,0.0,0.007736944,0.0,0,0,1,0,0
33798,0,0,-0.03662175,0.4908456,0,0,unassigned,6.0,6.0,0.0,1.0,0.0,0.0,0.007736944,0.0,0,0,1,0,0
33799,-1,0,-0.4251809,0.39527768,0,1,unassigned,52.0,51.0,1.0,0.9807692,0.01923077,0.019230783,0.0967118,0.0018598423,0,0,0,0,0
33800,-1,0,-0.52651644,0.37132975,0,1,unassigned,21.0,20.0,1.0,0.95238096,0.04761905,0.047619045,0.036750484,0.0017500231,0,0,0,0,0
33801,-1,0,-0.4010187,0.4010676,0,1,unassigned,18.0,17.0,1.0,0.9444444,0.055555556,0.055555582,0.030947777,0.0017193209,0,0,0,0,0
33802,0,0,-0.0029006004,0.49927482,0,0,val,33.0,33.0,0.0,1.0,0.0,0.0,0.059961315,0.0,0,0,1,0,0
33803,-1,1,0.093330204,0.5233156,1,1,unassigned,5.0,5.0,0.0,1.0,0.0,0.0,0.0058027077,0.0,1,0,0,1,0
33804,-1,0,5.0793405,0.99381447,1,1,unassigned,2.0,2.0,0.0,1.0,0.0,0.0,0.0,0.0,0,0,0,1,1
33805,1,0,2.6842248,0.93608934,1,0,unassigned,2.0,2.0,0.0,1.0,0.0,0.0,0.0,0.0,0,0,1,1,1
33806,-1,0,1.6387322,0.83736235,1,1,unassigned,5.0,5.0,0.0,1.0,0.0,0.0,0.0058027077,0.0,0,0,0,1,0
33807,-1,0,1.8475754,0.8638422,1,1,unassigned,13.0,13.0,0.0,1.0,0.0,0.0,0.021276595,0.0,0,0,0,1,0
33808,-1,0,-0.5883783,0.357007,0,1,unassigned,6.0,6.0,0.0,1.0,0.0,0.0,0.007736944,0.0,0,0,0,0,0
33809,-1,0,-0.5170056,0.37355268,0,1,unassigned,30.0,28.0,2.0,0.93333334,0.06666667,0.06666666,0.054158606,0.003610574,0,0,0,0,0
33810,-1,0,-0.62836295,0.34788182,0,1,unassigned,19.0,18.0,1.0,0.94736844,0.05263158,0.052631557,0.032882012,0.0017306323,0,0,0,0,0
33811,-1,0,2.5576293,0.92808443,1,1,unassigned,4.0,4.0,0.0,1.0,0.0,0.0,0.003868472,0.0,0,0,0,1,1
33812,-1,0,3.0123606,0.9531294,1,1,unassigned,2.0,2.0,0.0,1.0,0.0,0.0,0.0,0.0,0,0,0,1,1
33813,-1,0,2.2426403,0.9040138,1,1,unassigned,4.0,4.0,0.0,1.0,0.0,0.0,0.003868472,0.0,0,0,0,1,1
33814,-1,1,-0.71843755,0.32773712,0,1,unassigned,40.0,39.0,1.0,0.975,0.025,0.024999976,0.07350097,0.0018375242,1,0,0,0,0
33815,-1,0,5.377251,0.9954007,1,1,unassigned,2.0,2.0,0.0,1.0,0.0,0.0,0.0,0.0,0,0,0,1,1
33816,-1,1,-0.8730031,0.29462978,0,1,unassigned,2.0,2.0,0.0,1.0,0.0,0.0,0.0,0.0,1,0,0,0,0
33817,-1,0,-0.24818373,0.4382706,0,1,unassigned,35.0,35.0,0.0,1.0,0.0,0.0,0.06382979,0.0,0,0,0,0,0
33818,-1,1,1.3621576,0.79611015,1,1,unassigned,5.0,5.0,0.0,1.0,0.0,0.0,0.0058027077,0.0,1,0,0,1,0
33819,0,1,0.001165688,0.5002914,1,1,val,3.0,3.0,0.0,1.0,0.0,0.0,0.001934236,0.0,1,0,0,1,0
33820,-1,0,6.7333913,0.9988109,1,1,unassigned,3.0,3.0,0.0,1.0,0.0,0.0,0.001934236,0.0,0,0,0,1,1
33821,-1,0,-0.4385551,0.39208534,0,1,unassigned,7.0,7.0,0.0,1.0,0.0,0.0,0.00967118,0.0,0,0,0,0,0
33822,-1,0,-0.31509885,0.42187068,0,1,unassigned,17.0,17.0,0.0,1.0,0.0,0.0,0.029013539,0.0,0,0,0,0,0
33823,-1,0,6.0858293,0.9977303,1,1,unassigned,3.0,2.0,1.0,0.6666667,0.33333334,0.3333333,0.001934236,0.00064474536,0,0,0,1,1
33824,-1,0,0.08519763,0.52128655,1,1,unassigned,14.0,14.0,0.0,1.0,0.0,0.0,0.023210831,0.0,0,0,0,1,0
33825,-1,0,-0.5504682,0.36575577,0,1,unassigned,2.0,2.0,0.0,1.0,0.0,0.0,0.0,0.0,0,0,0,0,0
33826,-1,0,1.683986,0.8434316,1,1,unassigned,4.0,3.0,1.0,0.75,0.25,0.25,0.003868472,0.000967118,0,0,0,1,0
33827,-1,1,-0.43302205,0.39340493,0,1,unassigned,5.0,5.0,0.0,1.0,0.0,0.0,0.0058027077,0.0,1,0,0,0,0
33828,-1,1,0.36235934,0.5896115,1,1,unassigned,3.0,2.0,1.0,0.6666667,0.33333334,0.3333333,0.001934236,0.00064474536,1,0,0,1,0
33829,-1,0,3.2680833,0.96331745,1,1,unassigned,6.0,3.0,3.0,0.5,0.5,0.5,0.007736944,0.003868472,0,0,0,1,1
33830,-1,1,-0.213629,0.44679493,0,1,unassigned,5.0,5.0,0.0,1.0,0.0,0.0,0.0058027077,0.0,1,0,0,0,0
33831,-1,1,-0.30886728,0.42339122,0,1,unassigned,4.0,4.0,0.0,1.0,0.0,0.0,0.003868472,0.0,1,0,0,0,0
33832,1,1,6.59062,0.99862874,1,0,unassigned,7.0,7.0,0.0,1.0,0.0,0.0,0.00967118,0.0,1,0,1,1,1
33833,-1,0,3.775635,0.97759116,1,1,unassigned,5.0,3.0,2.0,0.6,0.4,0.39999998,0.0058027077,0.002321083,0,0,0,1,1
33834,1,0,3.8726423,0.97962064,1,0,test,3.0,3.0,0.0,1.0,0.0,0.0,0.001934236,0.0,0,0,1,1,1
33835,-1,0,4.5315313,0.9893505,1,1,unassigned,5.0,5.0,0.0,1.0,0.0,0.0,0.0058027077,0.0,0,0,0,1,1
33836,-1,1,-0.5222802,0.37231922,0,1,unassigned,6.0,6.0,0.0,1.0,0.0,0.0,0.007736944,0.0,1,0,0,0,0
33837,-1,1,3.8293216,0.9787376,1,1,unassigned,9.0,9.0,0.0,1.0,0.0,0.0,0.013539651,0.0,1,0,0,1,1
33838,-1,0,5.4079022,0.9955389,1,1,unassigned,23.0,23.0,0.0,1.0,0.0,0.0,0.040618956,0.0,0,0,0,1,1
33839,-1,0,3.0844703,0.95624757,1,1,unassigned,5.0,5.0,0.0,1.0,0.0,0.0,0.0058027077,0.0,0,0,0,1,1
33840,0,1,-0.41319126,0.39814717,0,0,unassigned,12.0,5.0,7.0,0.41666666,0.5833333,0.5833334,0.01934236,0.011283043,1,0,1,0,0
33841,-1,0,-0.25668475,0.43617883,0,1,unassigned,4.0,4.0,0.0,1.0,0.0,0.0,0.003868472,0.0,0,0,0,0,0
33842,0,0,0.9429166,0.7196884,1,1,test,4.0,3.0,1.0,0.75,0.25,0.25,0.003868472,0.000967118,0,0,0,1,0
33843,1,1,-0.010747671,0.4973131,0,1,unassigned,33.0,33.0,0.0,1.0,0.0,0.0,0.059961315,0.0,1,0,0,0,0
33844,0,0,-0.4336206,0.39326212,0,0,val,5.0,4.0,1.0,0.8,0.2,0.19999999,0.0058027077,0.0011605415,0,0,1,0,0
33845,-1,0,-0.56625366,0.36210173,0,1,unassigned,6.0,6.0,0.0,1.0,0.0,0.0,0.007736944,0.0,0,0,0,0,0
33846,-1,1,0.59717065,0.64500874,1,1,unassigned,11.0,11.0,0.0,1.0,0.0,0.0,0.017408123,0.0,1,0,0,1,0
33847,-1,0,1.877536,0.86732787,1,1,unassigned,3.0,1.0,2.0,0.33333334,0.6666667,0.6666666,0.001934236,0.0012894907,0,0,0,1,0
33848,0,1,-0.8656082,0.29616895,0,0,val,60.0,60.0,0.0,1.0,0.0,0.0,0.11218569,0.0,1,0,1,0,0
33849,-1,0,0.025194824,0.50629836,1,1,unassigned,3.0,3.0,0.0,1.0,0.0,0.0,0.001934236,0.0,0,0,0,1,0
33850,-1,1,0.5090744,0.62458944,1,1,unassigned,12.0,12.0,0.0,1.0,0.0,0.0,0.01934236,0.0,1,0,0,1,0
33851,-1,1,3.0794482,0.956037,1,1,unassigned,9.0,9.0,0.0,1.0,0.0,0.0,0.013539651,0.0,1,0,0,1,1
33852,1,0,-0.8701452,0.29522407,0,1,val,6.0,5.0,1.0,0.8333333,0.16666667,0.16666669,0.007736944,0.0012894907,0,0,0,0,0
33853,-1,1,1.3435402,0.79307157,1,1,unassigned,37.0,35.0,2.0,0.9459459,0.054054055,0.05405408,0.06769826,0.0036593657,1,0,0,1,0
33854,-1,1,-0.50207245,0.37705374,0,1,unassigned,21.0,18.0,3.0,0.85714287,0.14285715,0.14285713,0.036750484,0.0052500693,1,0,0,0,0
33855,-1,1,-0.27498448,0.43168384,0,1,unassigned,20.0,18.0,2.0,0.9,0.1,0.100000024,0.034816246,0.0034816246,1,0,0,0,0
33856,-1,0,-0.022375703,0.49440634,0,1,unassigned,4.0,4.0,0.0,1.0,0.0,0.0,0.003868472,0.0,0,0,0,0,0
33857,-1,0,5.377251,0.9954007,1,1,unassigned,2.0,2.0,0.0,1.0,0.0,0.0,0.0,0.0,0,0,0,1,1
33858,-1,1,4.5965843,0.99001455,1,1,unassigned,12.0,12.0,0.0,1.0,0.0,0.0,0.01934236,0.0,1,0,0,1,1
33859,-1,1,1.8434551,0.8633568,1,1,unassigned,8.0,8.0,0.0,1.0,0.0,0.0,0.0116054155,0.0,1,0,0,1,0
33860,-1,1,1.8858755,0.8682845,1,1,unassigned,25.0,25.0,0.0,1.0,0.0,0.0,0.044487428,0.0,1,0,0,1,0
33861,-1,0,1.4633663,0.812047,1,1,unassigned,5.0,5.0,0.0,1.0,0.0,0.0,0.0058027077,0.0,0,0,0,1,0
33862,-1,0,2.2602446,0.9055306,1,1,unassigned,13.0,13.0,0.0,1.0,0.0,0.0,0.021276595,0.0,0,0,0,1,1
33863,-1,1,-0.9366437,0.2815788,0,1,unassigned,2.0,2.0,0.0,1.0,0.0,0.0,0.0,0.0,1,0,0,0,0
33864,-1,0,3.1189158,0.9576663,1,1,unassigned,18.0,17.0,1.0,0.9444444,0.055555556,0.055555582,0.030947777,0.0017193209,0,0,0,1,1
33865,-1,1,4.285564,0.9864211,1,1,unassigned,2.0,2.0,0.0,1.0,0.0,0.0,0.0,0.0,1,0,0,1,1
33866,-1,0,-0.06907505,0.48273814,0,1,unassigned,2.0,2.0,0.0,1.0,0.0,0.0,0.0,0.0,0,0,0,0,0
33867,-1,0,-0.6152742,0.35085702,0,1,unassigned,4.0,4.0,0.0,1.0,0.0,0.0,0.003868472,0.0,0,0,0,0,0
33868,-1,1,1.0801201,0.7465167,1,1,unassigned,11.0,11.0,0.0,1.0,0.0,0.0,0.017408123,0.0,1,0,0,1,0
33869,1,0,-0.27241665,0.43231392,0,1,val,12.0,12.0,0.0,1.0,0.0,0.0,0.01934236,0.0,0,0,0,0,0
33870,1,0,0.26549894,0.5659876,1,0,val,34.0,23.0,11.0,0.6764706,0.32352942,0.32352942,0.061895553,0.020025032,0,0,1,1,0
33871,1,0,-0.43139088,0.39379424,0,1,val,23.0,23.0,0.0,1.0,0.0,0.0,0.040618956,0.0,0,0,0,0,0
33872,-1,1,2.581542,0.9296642,1,1,unassigned,79.0,77.0,2.0,0.9746835,0.025316456,0.025316477,0.14893617,0.003770536,1,0,0,1,1
33873,0,1,0.19422817,0.548405,1,1,unassigned,10.0,9.0,1.0,0.9,0.1,0.100000024,0.015473888,0.0015473888,1,0,0,1,0
33874,-1,1,3.8024843,0.9781718,1,1,unassigned,3.0,2.0,1.0,0.6666667,0.33333334,0.3333333,0.001934236,0.00064474536,1,0,0,1,1
33875,-1,0,3.8296878,0.9787452,1,1,unassigned,6.0,6.0,0.0,1.0,0.0,0.0,0.007736944,0.0,0,0,0,1,1
33876,-1,0,1.5271556,0.82158977,1,1,unassigned,14.0,13.0,1.0,0.9285714,0.071428575,0.0714286,0.023210831,0.0016579166,0,0,0,1,0
33877,-1,0,5.436712,0.99566513,1,1,unassigned,7.0,5.0,2.0,0.71428573,0.2857143,0.28571427,0.00967118,0.0027631943,0,0,0,1,1
33878,-1,0,6.738012,0.9988164,1,1,unassigned,5.0,5.0,0.0,1.0,0.0,0.0,0.0058027077,0.0,0,0,0,1,1
33879,-1,0,0.23295087,0.55797577,1,1,unassigned,7.0,7.0,0.0,1.0,0.0,0.0,0.00967118,0.0,0,0,0,1,0
33880,-1,0,1.9739316,0.87803274,1,1,unassigned,5.0,5.0,0.0,1.0,0.0,0.0,0.0058027077,0.0,0,0,0,1,0
33881,1,0,4.3925767,0.9877823,1,0,unassigned,2.0,2.0,0.0,1.0,0.0,0.0,0.0,0.0,0,0,1,1,1
33882,-1,1,0.51177865,0.62522334,1,1,unassigned,4.0,4.0,0.0,1.0,0.0,0.0,0.003868472,0.0,1,0,0,1,0
33883,-1,0,2.3149,0.9101035,1,1,unassigned,5.0,5.0,0.0,1.0,0.0,0.0,0.0058027077,0.0,0,0,0,1,1
33884,0,0,-0.21509057,0.44643375,0,0,unassigned,3.0,2.0,1.0,0.6666667,0.33333334,0.3333333,0.001934236,0.00064474536,0,0,1,0,0
33885,-1,1,0.42382795,0.6043989,1,1,unassigned,2.0,2.0,0.0,1.0,0.0,0.0,0.0,0.0,1,0,0,1,0
33886,-1,1,3.461137,0.9695616,1,1,unassigned,12.0,12.0,0.0,1.0,0.0,0.0,0.01934236,0.0,1,0,0,1,1
33887,-1,1,2.3894436,0.9160188,1,1,unassigned,3.0,3.0,0.0,1.0,0.0,0.0,0.001934236,0.0,1,0,0,1,1
33888,-1,0,0.4686944,0.6150747,1,1,unassigned,2.0,2.0,0.0,1.0,0.0,0.0,0.0,0.0,0,0,0,1,0
33889,-1,0,0.5722553,0.6392834,1,1,unassigned,2.0,2.0,0.0,1.0,0.0,0.0,0.0,0.0,0,0,0,1,0
33890,-1,0,-0.11710492,0.47075716,0,1,unassigned,3.0,3.0,0.0,1.0,0.0,0.0,0.001934236,0.0,0,0,0,0,0
33891,-1,0,0.15456653,0.53856486,1,1,unassigned,17.0,17.0,0.0,1.0,0.0,0.0,0.029013539,0.0,0,0,0,1,0
33892,-1,0,-0.6073637,0.35266078,0,1,unassigned,2.0,2.0,0.0,1.0,0.0,0.0,0.0,0.0,0,0,0,0,0
33893,0,1,-0.7995458,0.31012267,0,0,val,55.0,54.0,1.0,0.9818182,0.018181818,0.0181818,0.102514505,0.0018639,1,0,1,0,0
33894,-1,0,-0.52644074,0.37134743,0,1,unassigned,9.0,9.0,0.0,1.0,0.0,0.0,0.013539651,0.0,0,0,0,0,0
33895,-1,1,0.43429142,0.60689795,1,1,unassigned,6.0,5.0,1.0,0.8333333,0.16666667,0.16666669,0.007736944,0.0012894907,1,0,0,1,0
33896,0,1,0.35714668,0.5883496,1,1,unassigned,36.0,33.0,3.0,0.9166667,0.083333336,0.08333331,0.065764025,0.0054803356,1,0,0,1,0
33897,0,1,-0.22972298,0.4428205,0,0,val,9.0,9.0,0.0,1.0,0.0,0.0,0.013539651,0.0,1,0,1,0,0
33898,-1,1,3.837642,0.97891,1,1,unassigned,9.0,9.0,0.0,1.0,0.0,0.0,0.013539651,0.0,1,0,0,1,1
33899,-1,1,2.0950382,0.89041996,1,1,unassigned,8.0,8.0,0.0,1.0,0.0,0.0,0.0116054155,0.0,1,0,0,1,0
33900,-1,0,-0.020969093,0.4947579,0,1,unassigned,22.0,22.0,0.0,1.0,0.0,0.0,0.03868472,0.0,0,0,0,0,0
33901,-1,0,5.0714,0.9937655,1,1,unassigned,4.0,4.0,0.0,1.0,0.0,0.0,0.003868472,0.0,0,0,0,1,1
33902,-1,0,8.64934,0.9998248,1,1,unassigned,2.0,2.0,0.0,1.0,0.0,0.0,0.0,0.0,0,0,0,1,1
33903,-1,0,1.0923951,0.7488324,1,1,unassigned,2.0,2.0,0.0,1.0,0.0,0.0,0.0,0.0,0,0,0,1,0
33904,-1,0,0.6988371,0.66792995,1,1,unassigned,4.0,4.0,0.0,1.0,0.0,0.0,0.003868472,0.0,0,0,0,1,0
33905,-1,1,3.4431798,0.9690271,1,1,unassigned,3.0,3.0,0.0,1.0,0.0,0.0,0.001934236,0.0,1,0,0,1,1
33906,-1,0,1.5269718,0.82156277,1,1,unassigned,5.0,3.0,2.0,0.6,0.4,0.39999998,0.0058027077,0.002321083,0,0,0,1,0
33907,0,0,-0.9702537,0.27482992,0,0,train,2.0,2.0,0.0,1.0,0.0,0.0,0.0,0.0,0,0,1,0,0
33908,-1,1,3.105412,0.9571155,1,1,unassigned,44.0,44.0,0.0,1.0,0.0,0.0,0.08123791,0.0,1,0,0,1,1
33909,-1,1,0.74168545,0.6773643,1,1,unassigned,7.0,7.0,0.0,1.0,0.0,0.0,0.00967118,0.0,1,0,0,1,0
33910,-1,0,-0.25219986,0.4372821,0,1,unassigned,30.0,30.0,0.0,1.0,0.0,0.0,0.054158606,0.0,0,0,0,0,0
33911,1,0,4.5299807,0.98933405,1,0,unassigned,27.0,26.0,1.0,0.962963,0.037037037,0.037037015,0.0483559,0.0017909593,0,0,1,1,1
33912,-1,1,0.23219591,0.55778956,1,1,unassigned,4.0,4.0,0.0,1.0,0.0,0.0,0.003868472,0.0,1,0,0,1,0
33913,-1,1,2.5634592,0.9284725,1,1,unassigned,4.0,3.0,1.0,0.75,0.25,0.25,0.003868472,0.000967118,1,0,0,1,1
33914,-1,0,0.44498092,0.6094453,1,1,unassigned,11.0,11.0,0.0,1.0,0.0,0.0,0.017408123,0.0,0,0,0,1,0
33915,-1,0,1.1140459,0.75288266,1,1,unassigned,28.0,26.0,2.0,0.9285714,0.071428575,0.0714286,0.050290134,0.0035921526,0,0,0,1,0
33916,-1,0,0.14896637,0.5371729,1,1,unassigned,7.0,6.0,1.0,0.85714287,0.14285715,0.14285713,0.00967118,0.0013815971,0,0,0,1,0
33917,-1,0,0.0074968934,0.5018742,1,1,unassigned,3.0,3.0,0.0,1.0,0.0,0.0,0.001934236,0.0,0,0,0,1,0
33918,-1,0,1.8805344,0.86767244,1,1,unassigned,22.0,18.0,4.0,0.8181818,0.18181819,0.18181819,0.03868472,0.0070335856,0,0,0,1,0
33919,-1,0,5.8626046,0.9971642,1,1,unassigned,22.0,22.0,0.0,1.0,0.0,0.0,0.03868472,0.0,0,0,0,1,1
33920,-1,1,0.09242344,0.5230894,1,1,unassigned,67.0,66.0,1.0,0.98507464,0.014925373,0.014925361,0.12572534,0.0018764976,1,0,0,1,0
33921,-1,1,1.4737239,0.8136227,1,1,unassigned,4.0,4.0,0.0,1.0,0.0,0.0,0.003868472,0.0,1,0,0,1,0
33922,-1,1,2.2170568,0.9017708,1,1,unassigned,7.0,6.0,1.0,0.85714287,0.14285715,0.14285713,0.00967118,0.0013815971,1,0,0,1,1
33923,-1,0,-0.275693,0.43151,0,1,unassigned,28.0,28.0,0.0,1.0,0.0,0.0,0.050290134,0.0,0,0,0,0,0
33924,-1,0,13.795471,0.9999989,1,1,unassigned,2.0,2.0,0.0,1.0,0.0,0.0,0.0,0.0,0,0,0,1,1
33925,0,1,-0.1556738,0.46115994,0,0,test,13.0,13.0,0.0,1.0,0.0,0.0,0.021276595,0.0,1,0,1,0,0
33926,-1,1,0.5584102,0.6360846,1,1,unassigned,3.0,3.0,0.0,1.0,0.0,0.0,0.001934236,0.0,1,0,0,1,0
33927,-1,1,5.7727704,0.99689853,1,1,unassigned,4.0,4.0,0.0,1.0,0.0,0.0,0.003868472,0.0,1,0,0,1,1
33928,-1,1,-0.17290291,0.4568816,0,1,unassigned,4.0,3.0,1.0,0.75,0.25,0.25,0.003868472,0.000967118,1,0,0,0,0
33929,-1,0,7.830876,0.99960285,1,1,unassigned,3.0,2.0,1.0,0.6666667,0.33333334,0.3333333,0.001934236,0.00064474536,0,0,0,1,1
33930,1,1,0.13324326,0.5332616,1,0,test,14.0,14.0,0.0,1.0,0.0,0.0,0.023210831,0.0,1,0,1,1,0
33931,-1,1,4.455894,0.9885233,1,1,unassigned,3.0,1.0,2.0,0.33333334,0.6666667,0.6666666,0.001934236,0.0012894907,1,0,0,1,1
33932,-1,0,6.112369,0.9977896,1,1,unassigned,3.0,3.0,0.0,1.0,0.0,0.0,0.001934236,0.0,0,0,0,1,1
33933,-1,1,1.2052314,0.7694541,1,1,unassigned,2.0,2.0,0.0,1.0,0.0,0.0,0.0,0.0,1,0,0,1,0
33934,-1,1,5.3588924,0.9953159,1,1,unassigned,6.0,5.0,1.0,0.8333333,0.16666667,0.16666669,0.007736944,0.0012894907,1,0,0,1,1
33935,-1,0,0.44025785,0.6083205,1,1,unassigned,14.0,14.0,0.0,1.0,0.0,0.0,0.023210831,0.0,0,0,0,1,0
33936,0,0,0.11989206,0.52993715,1,1,val,30.0,30.0,0.0,1.0,0.0,0.0,0.054158606,0.0,0,0,0,1,0
33937,0,1,-0.22914344,0.4429635,0,0,train,7.0,7.0,0.0,1.0,0.0,0.0,0.00967118,0.0,1,0,1,0,0
33938,1,1,5.6677756,0.9965564,1,0,val,14.0,14.0,0.0,1.0,0.0,0.0,0.023210831,0.0,1,0,1,1,1
33939,-1,1,-0.2141242,0.4466725,0,1,unassigned,15.0,15.0,0.0,1.0,0.0,0.0,0.025145067,0.0,1,0,0,0,0
33940,-1,0,-0.26249546,0.4347504,0,1,unassigned,16.0,16.0,0.0,1.0,0.0,0.0,0.027079303,0.0,0,0,0,0,0
33941,-1,1,3.7966855,0.97804767,1,1,unassigned,9.0,9.0,0.0,1.0,0.0,0.0,0.013539651,0.0,1,0,0,1,1
33942,1,1,4.4001975,0.987874,1,0,val,7.0,6.0,1.0,0.85714287,0.14285715,0.14285713,0.00967118,0.0013815971,1,0,1,1,1
33943,-1,1,2.3775835,0.9151019,1,1,unassigned,3.0,3.0,0.0,1.0,0.0,0.0,0.001934236,0.0,1,0,0,1,1
33944,-1,0,8.660875,0.99982685,1,1,unassigned,9.0,9.0,0.0,1.0,0.0,0.0,0.013539651,0.0,0,0,0,1,1
33945,-1,1,0.90775186,0.71253985,1,1,unassigned,2.0,2.0,0.0,1.0,0.0,0.0,0.0,0.0,1,0,0,1,0
33946,-1,1,0.0839805,0.5209828,1,1,unassigned,23.0,18.0,5.0,0.7826087,0.2173913,0.21739131,0.040618956,0.008830207,1,0,0,1,0
33947,-1,0,6.9337716,0.99902666,1,1,unassigned,2.0,2.0,0.0,1.0,0.0,0.0,0.0,0.0,0,0,0,1,1
33948,-1,0,2.5035903,0.9243931,1,1,unassigned,3.0,3.0,0.0,1.0,0.0,0.0,0.001934236,0.0,0,0,0,1,1
33949,-1,0,-0.23372263,0.44183388,0,1,unassigned,2.0,2.0,0.0,1.0,0.0,0.0,0.0,0.0,0,0,0,0,0
33950,-1,0,1.440284,0.8084986,1,1,unassigned,5.0,5.0,0.0,1.0,0.0,0.0,0.0058027077,0.0,0,0,0,1,0
33951,-1,0,2.4871633,0.923237,1,1,unassigned,3.0,3.0,0.0,1.0,0.0,0.0,0.001934236,0.0,0,0,0,1,1
33952,-1,0,1.5744169,0.82841235,1,1,unassigned,11.0,11.0,0.0,1.0,0.0,0.0,0.017408123,0.0,0,0,0,1,0
33953,-1,0,-0.88094467,0.29298207,0,1,unassigned,4.0,4.0,0.0,1.0,0.0,0.0,0.003868472,0.0,0,0,0,0,0
33954,-1,1,-0.19669223,0.45098487,0,1,unassigned,27.0,27.0,0.0,1.0,0.0,0.0,0.0483559,0.0,1,0,0,0,0
33955,-1,0,-0.033931136,0.491518,0,1,unassigned,3.0,3.0,0.0,1.0,0.0,0.0,0.001934236,0.0,0,0,0,0,0
33956,-1,0,2.8393438,0.9447652,1,1,unassigned,3.0,2.0,1.0,0.6666667,0.33333334,0.3333333,0.001934236,0.00064474536,0,0,0,1,1
33957,1,1,-0.12200025,0.46953773,0,1,test,49.0,48.0,1.0,0.97959185,0.020408163,0.020408154,0.09090909,0.0018552876,1,0,0,0,0
33958,-1,0,-0.23539224,0.4414222,0,1,unassigned,16.0,16.0,0.0,1.0,0.0,0.0,0.027079303,0.0,0,0,0,0,0
33959,0,0,0.6538035,0.6578671,1,1,unassigned,4.0,4.0,0.0,1.0,0.0,0.0,0.003868472,0.0,0,0,0,1,0
33960,-1,1,3.3898332,0.9673853,1,1,unassigned,15.0,14.0,1.0,0.93333334,0.06666667,0.06666666,0.025145067,0.0016763379,1,0,0,1,1
33961,-1,1,-0.5111813,0.3749166,0,1,unassigned,15.0,15.0,0.0,1.0,0.0,0.0,0.025145067,0.0,1,0,0,0,0
33962,1,0,2.323681,0.91081935,1,0,test,6.0,6.0,0.0,1.0,0.0,0.0,0.007736944,0.0,0,0,1,1,1
33963,-1,0,0.9715889,0.7254361,1,1,unassigned,6.0,6.0,0.0,1.0,0.0,0.0,0.007736944,0.0,0,0,0,1,0
33964,-1,0,2.7989032,0.94261646,1,1,unassigned,11.0,10.0,1.0,0.90909094,0.09090909,0.090909064,0.017408123,0.0015825568,0,0,0,1,1
33965,-1,0,2.0038302,0.8811986,1,1,unassigned,14.0,12.0,2.0,0.85714287,0.14285715,0.14285713,0.023210831,0.0033158332,0,0,0,1,0
33966,1,0,3.2850535,0.9639124,1,0,test,29.0,28.0,1.0,0.9655172,0.03448276,0.034482777,0.05222437,0.0018008404,0,0,1,1,1
33967,-1,0,2.4471776,0.92035484,1,1,unassigned,3.0,3.0,0.0,1.0,0.0,0.0,0.001934236,0.0,0,0,0,1,1
33968,-1,0,-0.10179126,0.47457412,0,1,unassigned,31.0,31.0,0.0,1.0,0.0,0.0,0.056092843,0.0,0,0,0,0,0
33969,-1,0,-0.13437161,0.46645752,0,1,unassigned,25.0,21.0,4.0,0.84,0.16,0.16000003,0.044487428,0.007117988,0,0,0,0,0
33970,-1,0,-0.20118567,0.44987255,0,1,unassigned,19.0,19.0,0.0,1.0,0.0,0.0,0.032882012,0.0,0,0,0,0,0
33971,-1,0,-0.030023098,0.49249476,0,1,unassigned,14.0,14.0,0.0,1.0,0.0,0.0,0.023210831,0.0,0,0,0,0,0
33972,-1,0,-0.94841176,0.27920434,0,1,unassigned,41.0,41.0,0.0,1.0,0.0,0.0,0.07543521,0.0,0,0,0,0,0
33973,-1,0,-0.1862176,0.4535797,0,1,unassigned,60.0,56.0,4.0,0.93333334,0.06666667,0.06666666,0.11218569,0.007479046,0,0,0,0,0
33974,-1,0,-0.49942833,0.37767503,0,1,unassigned,10.0,10.0,0.0,1.0,0.0,0.0,0.015473888,0.0,0,0,0,0,0
33975,-1,0,-0.64875287,0.34327063,0,1,unassigned,29.0,29.0,0.0,1.0,0.0,0.0,0.05222437,0.0,0,0,0,0,0
33976,-1,0,-0.5079464,0.37567508,0,1,unassigned,4.0,4.0,0.0,1.0,0.0,0.0,0.003868472,0.0,0,0,0,0,0
33977,-1,1,0.3701275,0.5914898,1,1,unassigned,7.0,6.0,1.0,0.85714287,0.14285715,0.14285713,0.00967118,0.0013815971,1,0,0,1,0
33978,0,0,-0.34370703,0.4149093,0,0,train,15.0,13.0,2.0,0.8666667,0.13333334,0.13333333,0.025145067,0.0033526758,0,0,1,0,0
33979,0,0,-0.80991256,0.30790913,0,0,unassigned,12.0,12.0,0.0,1.0,0.0,0.0,0.01934236,0.0,0,0,1,0,0
33980,0,1,-1.626154,0.16435792,0,0,unassigned,2.0,1.0,1.0,0.5,0.5,0.5,0.0,0.0,1,0,1,0,0
33981,-1,0,11.8492565,0.99999285,1,1,unassigned,3.0,3.0,0.0,1.0,0.0,0.0,0.001934236,0.0,0,0,0,1,1
33982,1,0,0.8784533,0.7065016,1,0,test,2.0,2.0,0.0,1.0,0.0,0.0,0.0,0.0,0,0,1,1,0
33983,-1,1,-0.083221644,0.4792066,0,1,unassigned,4.0,4.0,0.0,1.0,0.0,0.0,0.003868472,0.0,1,0,0,0,0
33984,-1,1,0.64360076,0.655567,1,1,unassigned,78.0,77.0,1.0,0.98717946,0.012820513,0.012820542,0.14700194,0.0018846402,1,0,0,1,0
33985,-1,1,-0.13532436,0.46622047,0,1,unassigned,23.0,23.0,0.0,1.0,0.0,0.0,0.040618956,0.0,1,0,0,0,0
33986,-1,1,2.4874814,0.92325956,1,1,unassigned,34.0,34.0,0.0,1.0,0.0,0.0,0.061895553,0.0,1,0,0,1,1
33987,-1,1,0.5790282,0.6408438,1,1,unassigned,12.0,11.0,1.0,0.9166667,0.083333336,0.08333331,0.01934236,0.0016118633,1,0,0,1,0
33988,-1,1,-0.34235376,0.4152378,0,1,unassigned,2.0,2.0,0.0,1.0,0.0,0.0,0.0,0.0,1,0,0,0,0
33989,-1,1,3.1470146,0.95879096,1,1,unassigned,7.0,7.0,0.0,1.0,0.0,0.0,0.00967118,0.0,1,0,0,1,1
33990,-1,1,5.2755785,0.994911,1,1,unassigned,30.0,29.0,1.0,0.96666664,0.033333335,0.03333336,0.054158606,0.001805287,1,0,0,1,1
33991,-1,1,4.114951,0.9839355,1,1,unassigned,16.0,15.0,1.0,0.9375,0.0625,0.0625,0.027079303,0.0016924564,1,0,0,1,1
33992,-1,1,1.1255612,0.75501883,1,1,unassigned,9.0,9.0,0.0,1.0,0.0,0.0,0.013539651,0.0,1,0,0,1,0
33993,-1,1,0.59730107,0.6450386,1,1,unassigned,13.0,13.0,0.0,1.0,0.0,0.0,0.021276595,0.0,1,0,0,1,0
33994,-1,0,0.8229051,0.69485265,1,1,unassigned,3.0,3.0,0.0,1.0,0.0,0.0,0.001934236,0.0,0,0,0,1,0
33995,-1,0,3.7713845,0.9774979,1,1,unassigned,2.0,2.0,0.0,1.0,0.0,0.0,0.0,0.0,0,0,0,1,1
33996,-1,0,4.3367324,0.9870897,1,1,unassigned,8.0,7.0,1.0,0.875,0.125,0.125,0.0116054155,0.0014506769,0,0,0,1,1
33997,-1,1,-0.68883,0.33429343,0,1,unassigned,9.0,9.0,0.0,1.0,0.0,0.0,0.013539651,0.0,1,0,0,0,0
33998,-1,1,-0.306232,0.42403474,0,1,unassigned,3.0,3.0,0.0,1.0,0.0,0.0,0.001934236,0.0,1,0,0,0,0
33999,-1,1,1.8610318,0.8654172,1,1,unassigned,2.0,2.0,0.0,1.0,0.0,0.0,0.0,0.0,1,0,0,1,0
34000,-1,1,1.8334453,0.8621717,1,1,unassigned,23.0,22.0,1.0,0.95652175,0.04347826,0.04347825,0.040618956,0.0017660416,1,0,0,1,0
34001,-1,1,2.2648575,0.9059244,1,1,unassigned,43.0,40.0,3.0,0.9302326,0.069767445,0.069767416,0.079303674,0.0055328147,1,0,0,1,1
34002,-1,1,4.530685,0.9893415,1,1,unassigned,18.0,17.0,1.0,0.9444444,0.055555556,0.055555582,0.030947777,0.0017193209,1,0,0,1,1
34003,-1,1,1.2268062,0.7732591,1,1,unassigned,3.0,3.0,0.0,1.0,0.0,0.0,0.001934236,0.0,1,0,0,1,0
34004,-1,1,0.13899773,0.5346936,1,1,unassigned,8.0,6.0,2.0,0.75,0.25,0.25,0.0116054155,0.0029013539,1,0,0,1,0
34005,-1,1,4.032369,0.98257667,1,1,unassigned,21.0,19.0,2.0,0.9047619,0.0952381,0.09523809,0.036750484,0.0035000462,1,0,0,1,1
34006,-1,0,0.9878302,0.7286591,1,1,unassigned,4.0,4.0,0.0,1.0,0.0,0.0,0.003868472,0.0,0,0,0,1,0
34007,-1,0,0.41531092,0.60236067,1,1,unassigned,2.0,2.0,0.0,1.0,0.0,0.0,0.0,0.0,0,0,0,1,0
34008,-1,0,7.7881036,0.99958557,1,1,unassigned,8.0,8.0,0.0,1.0,0.0,0.0,0.0116054155,0.0,0,0,0,1,1
34009,-1,0,-0.36753726,0.40913624,0,1,unassigned,42.0,42.0,0.0,1.0,0.0,0.0,0.07736944,0.0,0,0,0,0,0
34010,-1,1,8.855225,0.9998573,1,1,unassigned,3.0,3.0,0.0,1.0,0.0,0.0,0.001934236,0.0,1,0,0,1,1
34011,-1,0,2.273669,0.9066728,1,1,unassigned,6.0,6.0,0.0,1.0,0.0,0.0,0.007736944,0.0,0,0,0,1,1
34012,-1,0,-0.8639612,0.2965124,0,1,unassigned,37.0,37.0,0.0,1.0,0.0,0.0,0.06769826,0.0,0,0,0,0,0
34013,-1,0,0.27182066,0.5675398,1,1,unassigned,8.0,8.0,0.0,1.0,0.0,0.0,0.0116054155,0.0,0,0,0,1,0
34014,-1,0,8.50461,0.9997975,1,1,unassigned,28.0,22.0,6.0,0.78571427,0.21428572,0.21428573,0.050290134,0.010776457,0,0,0,1,1
34015,-1,0,3.294134,0.96422696,1,1,unassigned,4.0,4.0,0.0,1.0,0.0,0.0,0.003868472,0.0,0,0,0,1,1
34016,-1,0,-0.5723093,0.36070415,0,1,unassigned,18.0,18.0,0.0,1.0,0.0,0.0,0.030947777,0.0,0,0,0,0,0
34017,-1,1,7.4348645,0.99941003,1,1,unassigned,2.0,2.0,0.0,1.0,0.0,0.0,0.0,0.0,1,0,0,1,1
34018,-1,0,1.5571244,0.8259404,1,1,unassigned,32.0,31.0,1.0,0.96875,0.03125,0.03125,0.058027077,0.0018133462,0,0,0,1,0
34019,-1,0,6.4372373,0.9984017,1,1,unassigned,20.0,19.0,1.0,0.95,0.05,0.050000012,0.034816246,0.0017408123,0,0,0,1,1
34020,0,1,9.145485,0.9998933,1,1,unassigned,18.0,12.0,6.0,0.6666667,0.33333334,0.3333333,0.030947777,0.010315926,1,0,0,1,1
34021,-1,0,-0.56846076,0.36159208,0,1,unassigned,79.0,79.0,0.0,1.0,0.0,0.0,0.14893617,0.0,0,0,0,0,0
34022,-1,0,-0.34456858,0.41470012,0,1,unassigned,7.0,7.0,0.0,1.0,0.0,0.0,0.00967118,0.0,0,0,0,0,0
34023,1,0,-0.20745361,0.4483218,0,1,unassigned,78.0,76.0,2.0,0.974359,0.025641026,0.025641024,0.14700194,0.0037692804,0,0,0,0,0
34024,-1,0,1.760771,0.8533062,1,1,unassigned,4.0,4.0,0.0,1.0,0.0,0.0,0.003868472,0.0,0,0,0,1,0
34025,-1,1,0.07194179,0.51797765,1,1,unassigned,14.0,13.0,1.0,0.9285714,0.071428575,0.0714286,0.023210831,0.0016579166,1,0,0,1,0
34026,-1,0,0.20934176,0.5521451,1,1,unassigned,3.0,3.0,0.0,1.0,0.0,0.0,0.001934236,0.0,0,0,0,1,0
34027,-1,0,4.444213,0.98838997,1,1,unassigned,5.0,5.0,0.0,1.0,0.0,0.0,0.0058027077,0.0,0,0,0,1,1
34028,-1,0,2.7453291,0.93964905,1,1,unassigned,3.0,3.0,0.0,1.0,0.0,0.0,0.001934236,0.0,0,0,0,1,1
34029,-1,0,6.8752427,0.998968,1,1,unassigned,35.0,34.0,1.0,0.9714286,0.028571429,0.028571427,0.06382979,0.0018237082,0,0,0,1,1
34030,-1,0,0.42679298,0.6051076,1,1,unassigned,2.0,2.0,0.0,1.0,0.0,0.0,0.0,0.0,0,0,0,1,0
34031,-1,0,0.67110234,0.6617499,1,1,unassigned,11.0,11.0,0.0,1.0,0.0,0.0,0.017408123,0.0,0,0,0,1,0
34032,-1,0,0.3714022,0.59179777,1,1,unassigned,8.0,8.0,0.0,1.0,0.0,0.0,0.0116054155,0.0,0,0,0,1,0
34033,-1,0,-0.6313412,0.34720647,0,1,unassigned,43.0,43.0,0.0,1.0,0.0,0.0,0.079303674,0.0,0,0,0,0,0
34034,-1,0,0.48031825,0.617823,1,1,unassigned,3.0,3.0,0.0,1.0,0.0,0.0,0.001934236,0.0,0,0,0,1,0
34035,-1,0,-0.6321214,0.34702966,0,1,unassigned,24.0,24.0,0.0,1.0,0.0,0.0,0.04255319,0.0,0,0,0,0,0
34036,-1,0,2.1678295,0.8973232,1,1,unassigned,3.0,3.0,0.0,1.0,0.0,0.0,0.001934236,0.0,0,0,0,1,0
34037,-1,0,-0.4522959,0.38881502,0,1,unassigned,2.0,2.0,0.0,1.0,0.0,0.0,0.0,0.0,0,0,0,0,0
34038,-1,1,4.295013,0.9865471,1,1,unassigned,2.0,2.0,0.0,1.0,0.0,0.0,0.0,0.0,1,0,0,1,1
34039,-1,0,1.4222779,0.80569524,1,1,unassigned,4.0,4.0,0.0,1.0,0.0,0.0,0.003868472,0.0,0,0,0,1,0
34040,-1,0,-0.3422333,0.4152671,0,1,unassigned,29.0,29.0,0.0,1.0,0.0,0.0,0.05222437,0.0,0,0,0,0,0
34041,-1,1,-0.13122886,0.46723977,0,1,unassigned,3.0,2.0,1.0,0.6666667,0.33333334,0.3333333,0.001934236,0.00064474536,1,0,0,0,0
34042,-1,0,1.4974678,0.8171965,1,1,unassigned,2.0,2.0,0.0,1.0,0.0,0.0,0.0,0.0,0,0,0,1,0
34043,-1,0,2.2399337,0.9037787,1,1,unassigned,4.0,4.0,0.0,1.0,0.0,0.0,0.003868472,0.0,0,0,0,1,1
34044,-1,0,-0.728323,0.32556283,0,1,unassigned,2.0,2.0,0.0,1.0,0.0,0.0,0.0,0.0,0,0,0,0,0
34045,-1,1,-0.2575361,0.43596947,0,1,unassigned,5.0,5.0,0.0,1.0,0.0,0.0,0.0058027077,0.0,1,0,0,0,0
34046,1,0,5.5096946,0.99596894,1,0,val,14.0,14.0,0.0,1.0,0.0,0.0,0.023210831,0.0,0,0,1,1,1
34047,-1,0,-0.24677926,0.4386164,0,1,unassigned,5.0,5.0,0.0,1.0,0.0,0.0,0.0058027077,0.0,0,0,0,0,0
34048,-1,0,3.0715172,0.9557025,1,1,unassigned,6.0,6.0,0.0,1.0,0.0,0.0,0.007736944,0.0,0,0,0,1,1
34049,-1,1,-0.3658371,0.4095473,0,1,unassigned,5.0,5.0,0.0,1.0,0.0,0.0,0.0058027077,0.0,1,0,0,0,0
34050,-1,1,-0.2213875,0.4448781,0,1,unassigned,2.0,2.0,0.0,1.0,0.0,0.0,0.0,0.0,1,0,0,0,0
34051,-1,1,4.0434904,0.98276603,1,1,unassigned,3.0,3.0,0.0,1.0,0.0,0.0,0.001934236,0.0,1,0,0,1,1
34052,-1,1,0.84376866,0.6992583,1,1,unassigned,63.0,56.0,7.0,0.8888889,0.11111111,0.111111104,0.11798839,0.013109822,1,0,0,1,0
34053,0,1,-0.010421932,0.4973945,0,0,unassigned,3.0,3.0,0.0,1.0,0.0,0.0,0.001934236,0.0,1,0,1,0,0
34054,-1,1,2.8126018,0.943353,1,1,unassigned,12.0,12.0,0.0,1.0,0.0,0.0,0.01934236,0.0,1,0,0,1,1
34055,-1,0,1.0422106,0.7392763,1,1,unassigned,6.0,6.0,0.0,1.0,0.0,0.0,0.007736944,0.0,0,0,0,1,0
34056,1,0,2.8109353,0.9432639,1,0,val,4.0,4.0,0.0,1.0,0.0,0.0,0.003868472,0.0,0,0,1,1,1
34057,-1,1,6.7495046,0.9988299,1,1,unassigned,8.0,6.0,2.0,0.75,0.25,0.25,0.0116054155,0.0029013539,1,0,0,1,1
34058,-1,0,2.9459097,0.9500698,1,1,unassigned,10.0,7.0,3.0,0.7,0.3,0.3,0.015473888,0.0046421667,0,0,0,1,1
34059,-1,1,-0.11749938,0.4706589,0,1,unassigned,19.0,18.0,1.0,0.94736844,0.05263158,0.052631557,0.032882012,0.0017306323,1,0,0,0,0
34060,-1,0,2.5071082,0.92463857,1,1,unassigned,6.0,6.0,0.0,1.0,0.0,0.0,0.007736944,0.0,0,0,0,1,1
34061,-1,0,1.7242527,0.84867585,1,1,unassigned,48.0,39.0,9.0,0.8125,0.1875,0.1875,0.088974856,0.016682785,0,0,0,1,0
34062,-1,0,4.1127887,0.9839013,1,1,unassigned,10.0,9.0,1.0,0.9,0.1,0.100000024,0.015473888,0.0015473888,0,0,0,1,1
34063,-1,0,0.43301493,0.6065934,1,1,unassigned,15.0,13.0,2.0,0.8666667,0.13333334,0.13333333,0.025145067,0.0033526758,0,0,0,1,0
34064,-1,0,0.14918631,0.5372275,1,1,unassigned,3.0,3.0,0.0,1.0,0.0,0.0,0.001934236,0.0,0,0,0,1,0
34065,0,1,0.37751073,0.59327257,1,1,test,6.0,5.0,1.0,0.8333333,0.16666667,0.16666669,0.007736944,0.0012894907,1,0,0,1,0
34066,0,0,-0.25400668,0.43683758,0,0,unassigned,8.0,8.0,0.0,1.0,0.0,0.0,0.0116054155,0.0,0,0,1,0,0
34067,-1,0,1.5858953,0.83003783,1,1,unassigned,3.0,2.0,1.0,0.6666667,0.33333334,0.3333333,0.001934236,0.00064474536,0,0,0,1,0
34068,-1,0,0.24374282,0.5606358,1,1,unassigned,5.0,5.0,0.0,1.0,0.0,0.0,0.0058027077,0.0,0,0,0,1,0
34069,-1,0,-0.911044,0.28678626,0,1,unassigned,18.0,18.0,0.0,1.0,0.0,0.0,0.030947777,0.0,0,0,0,0,0
34070,-1,0,-0.6554458,0.34176338,0,1,unassigned,5.0,5.0,0.0,1.0,0.0,0.0,0.0058027077,0.0,0,0,0,0,0
34071,-1,1,-0.6872082,0.33465442,0,1,unassigned,2.0,2.0,0.0,1.0,0.0,0.0,0.0,0.0,1,0,0,0,0
34072,-1,0,0.8996056,0.7108684,1,1,unassigned,17.0,17.0,0.0,1.0,0.0,0.0,0.029013539,0.0,0,0,0,1,0
34073,-1,0,-0.97150385,0.27458084,0,1,unassigned,14.0,14.0,0.0,1.0,0.0,0.0,0.023210831,0.0,0,0,0,0,0
34074,-1,1,-0.37609565,0.40706894,0,1,unassigned,3.0,3.0,0.0,1.0,0.0,0.0,0.001934236,0.0,1,0,0,0,0
34075,-1,1,-0.025572717,0.49360716,0,1,unassigned,2.0,2.0,0.0,1.0,0.0,0.0,0.0,0.0,1,0,0,0,0
34076,-1,1,3.5898125,0.973138,1,1,unassigned,2.0,2.0,0.0,1.0,0.0,0.0,0.0,0.0,1,0,0,1,1
34077,-1,1,5.8523746,0.99713516,1,1,unassigned,2.0,2.0,0.0,1.0,0.0,0.0,0.0,0.0,1,0,0,1,1
34078,-1,1,-0.24471024,0.4391259,0,1,unassigned,3.0,3.0,0.0,1.0,0.0,0.0,0.001934236,0.0,1,0,0,0,0
34079,1,0,7.5569367,0.9994778,1,0,test,7.0,7.0,0.0,1.0,0.0,0.0,0.00967118,0.0,0,0,1,1,1
34080,-1,0,3.6346047,0.97428435,1,1,unassigned,6.0,6.0,0.0,1.0,0.0,0.0,0.007736944,0.0,0,0,0,1,1
34081,-1,1,1.105475,0.75128454,1,1,unassigned,7.0,6.0,1.0,0.85714287,0.14285715,0.14285713,0.00967118,0.0013815971,1,0,0,1,0
34082,-1,0,3.9868538,0.9817801,1,1,unassigned,15.0,15.0,0.0,1.0,0.0,0.0,0.025145067,0.0,0,0,0,1,1
34083,-1,1,1.1826885,0.76543087,1,1,unassigned,2.0,1.0,1.0,0.5,0.5,0.5,0.0,0.0,1,0,0,1,0
34084,-1,0,-0.9301549,0.28289327,0,1,unassigned,2.0,2.0,0.0,1.0,0.0,0.0,0.0,0.0,0,0,0,0,0
34085,1,1,0.8314417,0.6966597,1,0,val,13.0,13.0,0.0,1.0,0.0,0.0,0.021276595,0.0,1,0,1,1,0
34086,-1,1,-0.33924073,0.41599393,0,1,unassigned,3.0,3.0,0.0,1.0,0.0,0.0,0.001934236,0.0,1,0,0,0,0
34087,-1,1,-0.06292784,0.48427323,0,1,unassigned,9.0,9.0,0.0,1.0,0.0,0.0,0.013539651,0.0,1,0,0,0,0
34088,-1,0,-0.17434266,0.45652437,0,1,unassigned,7.0,6.0,1.0,0.85714287,0.14285715,0.14285713,0.00967118,0.0013815971,0,0,0,0,0
34089,-1,1,-0.57043684,0.36113605,0,1,unassigned,2.0,2.0,0.0,1.0,0.0,0.0,0.0,0.0,1,0,0,0,0
34090,-1,1,0.7835899,0.6864533,1,1,unassigned,2.0,2.0,0.0,1.0,0.0,0.0,0.0,0.0,1,0,0,1,0
34091,0,1,-0.086591005,0.47836578,0,0,unassigned,5.0,5.0,0.0,1.0,0.0,0.0,0.0058027077,0.0,1,0,1,0,0
34092,-1,1,0.81647044,0.6934866,1,1,unassigned,2.0,2.0,0.0,1.0,0.0,0.0,0.0,0.0,1,0,0,1,0
34093,-1,0,-0.75123775,0.32055166,0,1,unassigned,2.0,2.0,0.0,1.0,0.0,0.0,0.0,0.0,0,0,0,0,0
34094,-1,0,-0.9295826,0.2830094,0,1,unassigned,43.0,42.0,1.0,0.9767442,0.023255814,0.023255825,0.079303674,0.0018442714,0,0,0,0,0
34095,-1,0,-0.9629931,0.27627933,0,1,unassigned,99.0,99.0,0.0,1.0,0.0,0.0,0.1876209,0.0,0,0,0,0,0
34096,-1,0,-0.9991138,0.2691157,0,1,unassigned,27.0,27.0,0.0,1.0,0.0,0.0,0.0483559,0.0,0,0,0,0,0
34097,0,1,-0.5972138,0.3549814,0,0,test,6.0,5.0,1.0,0.8333333,0.16666667,0.16666669,0.007736944,0.0012894907,1,0,1,0,0
34098,1,1,-0.08979559,0.47756615,0,1,unassigned,9.0,9.0,0.0,1.0,0.0,0.0,0.013539651,0.0,1,0,0,0,0
34099,-1,0,5.047523,0.99361575,1,1,unassigned,4.0,2.0,2.0,0.5,0.5,0.5,0.003868472,0.001934236,0,0,0,1,1
34100,-1,1,4.150475,0.9844875,1,1,unassigned,4.0,4.0,0.0,1.0,0.0,0.0,0.003868472,0.0,1,0,0,1,1
34101,-1,1,2.736902,0.93916935,1,1,unassigned,4.0,4.0,0.0,1.0,0.0,0.0,0.003868472,0.0,1,0,0,1,1
34102,-1,0,0.60572416,0.64696485,1,1,unassigned,3.0,3.0,0.0,1.0,0.0,0.0,0.001934236,0.0,0,0,0,1,0
34103,-1,0,3.1600263,0.95930195,1,1,unassigned,13.0,13.0,0.0,1.0,0.0,0.0,0.021276595,0.0,0,0,0,1,1
34104,-1,0,-0.7086586,0.32989532,0,1,unassigned,3.0,3.0,0.0,1.0,0.0,0.0,0.001934236,0.0,0,0,0,0,0
34105,-1,0,11.032157,0.9999838,1,1,unassigned,94.0,93.0,1.0,0.9893617,0.010638298,0.010638297,0.17794971,0.0018930819,0,0,0,1,1
34106,-1,0,3.8505042,0.97917396,1,1,unassigned,4.0,4.0,0.0,1.0,0.0,0.0,0.003868472,0.0,0,0,0,1,1
34107,-1,1,4.9825473,0.9931901,1,1,unassigned,10.0,10.0,0.0,1.0,0.0,0.0,0.015473888,0.0,1,0,0,1,1
34108,-1,0,1.2748444,0.78157085,1,1,unassigned,7.0,7.0,0.0,1.0,0.0,0.0,0.00967118,0.0,0,0,0,1,0
34109,-1,1,5.792102,0.9969578,1,1,unassigned,31.0,18.0,13.0,0.58064514,0.41935483,0.41935486,0.056092843,0.023522805,1,0,0,1,1
34110,-1,0,5.3071084,0.9950682,1,1,unassigned,35.0,33.0,2.0,0.94285715,0.057142857,0.057142854,0.06382979,0.0036474164,0,0,0,1,1
34111,0,1,3.6554148,0.97480065,1,1,test,3.0,3.0,0.0,1.0,0.0,0.0,0.001934236,0.0,1,0,0,1,1
34112,1,0,1.0890844,0.74820924,1,0,unassigned,13.0,11.0,2.0,0.84615386,0.15384616,0.15384614,0.021276595,0.0032733225,0,0,1,1,0
34113,-1,0,-0.003397882,0.49915054,0,1,unassigned,2.0,2.0,0.0,1.0,0.0,0.0,0.0,0.0,0,0,0,0,0
34114,-1,0,2.9136012,0.9485147,1,1,unassigned,20.0,17.0,3.0,0.85,0.15,0.14999998,0.034816246,0.005222437,0,0,0,1,1
34115,-1,0,-0.14887393,0.4628501,0,1,unassigned,3.0,3.0,0.0,1.0,0.0,0.0,0.001934236,0.0,0,0,0,0,0
34116,-1,1,-0.39417297,0.40271312,0,1,unassigned,2.0,2.0,0.0,1.0,0.0,0.0,0.0,0.0,1,0,0,0,0
34117,-1,0,3.03817,0.95426905,1,1,unassigned,9.0,9.0,0.0,1.0,0.0,0.0,0.013539651,0.0,0,0,0,1,1
34118,-1,0,2.285055,0.9076317,1,1,unassigned,18.0,18.0,0.0,1.0,0.0,0.0,0.030947777,0.0,0,0,0,1,1
34119,-1,0,3.3005264,0.96444684,1,1,unassigned,63.0,60.0,3.0,0.95238096,0.04761905,0.047619045,0.11798839,0.005618495,0,0,0,1,1
34120,-1,0,6.040539,0.9976254,1,1,unassigned,3.0,3.0,0.0,1.0,0.0,0.0,0.001934236,0.0,0,0,0,1,1
34121,-1,0,2.3108609,0.9097726,1,1,unassigned,17.0,17.0,0.0,1.0,0.0,0.0,0.029013539,0.0,0,0,0,1,1
34122,-1,0,6.4675374,0.9984493,1,1,unassigned,30.0,27.0,3.0,0.9,0.1,0.100000024,0.054158606,0.0054158606,0,0,0,1,1
34123,-1,0,7.435245,0.9994103,1,1,unassigned,7.0,7.0,0.0,1.0,0.0,0.0,0.00967118,0.0,0,0,0,1,1
34124,-1,1,6.3565984,0.99826777,1,1,unassigned,5.0,5.0,0.0,1.0,0.0,0.0,0.0058027077,0.0,1,0,0,1,1
34125,-1,0,2.2939208,0.9083723,1,1,unassigned,19.0,19.0,0.0,1.0,0.0,0.0,0.032882012,0.0,0,0,0,1,1
34126,-1,0,-0.5709792,0.3610109,0,1,unassigned,3.0,3.0,0.0,1.0,0.0,0.0,0.001934236,0.0,0,0,0,0,0
34127,-1,1,1.9082778,0.87082547,1,1,unassigned,6.0,3.0,3.0,0.5,0.5,0.5,0.007736944,0.003868472,1,0,0,1,0
34128,-1,1,1.4509838,0.8101497,1,1,unassigned,5.0,5.0,0.0,1.0,0.0,0.0,0.0058027077,0.0,1,0,0,1,0
34129,-1,0,2.7089539,0.937553,1,1,unassigned,2.0,1.0,1.0,0.5,0.5,0.5,0.0,0.0,0,0,0,1,1
34130,-1,0,2.799967,0.942674,1,1,unassigned,4.0,4.0,0.0,1.0,0.0,0.0,0.003868472,0.0,0,0,0,1,1
34131,-1,0,6.092257,0.9977448,1,1,unassigned,2.0,1.0,1.0,0.5,0.5,0.5,0.0,0.0,0,0,0,1,1
34132,-1,1,7.0920615,0.999169,1,1,unassigned,4.0,4.0,0.0,1.0,0.0,0.0,0.003868472,0.0,1,0,0,1,1
34133,-1,0,4.7484508,0.99140936,1,1,unassigned,36.0,34.0,2.0,0.9444444,0.055555556,0.055555582,0.065764025,0.003653557,0,0,0,1,1
34134,-1,0,-0.8507936,0.2992664,0,1,unassigned,8.0,8.0,0.0,1.0,0.0,0.0,0.0116054155,0.0,0,0,0,0,0
34135,-1,1,3.5491965,0.9720557,1,1,unassigned,7.0,7.0,0.0,1.0,0.0,0.0,0.00967118,0.0,1,0,0,1,1
34136,-1,0,2.1100788,0.8918789,1,1,unassigned,6.0,6.0,0.0,1.0,0.0,0.0,0.007736944,0.0,0,0,0,1,0
34137,-1,0,2.5125477,0.92501676,1,1,unassigned,6.0,6.0,0.0,1.0,0.0,0.0,0.007736944,0.0,0,0,0,1,1
34138,-1,0,5.9495883,0.9973999,1,1,unassigned,15.0,15.0,0.0,1.0,0.0,0.0,0.025145067,0.0,0,0,0,1,1
34139,-1,1,2.3948436,0.9164332,1,1,unassigned,40.0,38.0,2.0,0.95,0.05,0.050000012,0.07350097,0.0036750485,1,0,0,1,1
34140,-1,1,2.9843643,0.9518627,1,1,unassigned,2.0,2.0,0.0,1.0,0.0,0.0,0.0,0.0,1,0,0,1,1
34141,-1,1,0.9948688,0.73004854,1,1,unassigned,8.0,7.0,1.0,0.875,0.125,0.125,0.0116054155,0.0014506769,1,0,0,1,0
34142,-1,0,0.60570985,0.6469615,1,1,unassigned,5.0,4.0,1.0,0.8,0.2,0.19999999,0.0058027077,0.0011605415,0,0,0,1,0
34143,-1,1,0.036795497,0.50919783,1,1,unassigned,10.0,10.0,0.0,1.0,0.0,0.0,0.015473888,0.0,1,0,0,1,0
34144,-1,0,8.889082,0.9998621,1,1,unassigned,2.0,2.0,0.0,1.0,0.0,0.0,0.0,0.0,0,0,0,1,1
34145,1,1,0.36002773,0.58904713,1,0,test,20.0,20.0,0.0,1.0,0.0,0.0,0.034816246,0.0,1,0,1,1,0
34146,-1,1,3.4461339,0.9691157,1,1,unassigned,2.0,1.0,1.0,0.5,0.5,0.5,0.0,0.0,1,0,0,1,1
34147,-1,0,-0.52118295,0.37257567,0,1,unassigned,48.0,47.0,1.0,0.9791667,0.020833334,0.020833313,0.088974856,0.0018536429,0,0,0,0,0
34148,1,1,0.37580973,0.59286207,1,0,test,19.0,19.0,0.0,1.0,0.0,0.0,0.032882012,0.0,1,0,1,1,0
34149,-1,0,0.8756743,0.70592505,1,1,unassigned,2.0,2.0,0.0,1.0,0.0,0.0,0.0,0.0,0,0,0,1,0
34150,-1,1,-0.39031538,0.4036414,0,1,unassigned,2.0,2.0,0.0,1.0,0.0,0.0,0.0,0.0,1,0,0,0,0
34151,0,1,0.10310644,0.5257538,1,1,unassigned,16.0,16.0,0.0,1.0,0.0,0.0,0.027079303,0.0,1,0,0,1,0
34152,-1,1,0.73749334,0.67644745,1,1,unassigned,9.0,9.0,0.0,1.0,0.0,0.0,0.013539651,0.0,1,0,0,1,0
34153,1,1,-0.055748045,0.48606658,0,1,test,9.0,9.0,0.0,1.0,0.0,0.0,0.013539651,0.0,1,0,0,0,0
34154,-1,0,1.3453829,0.79337376,1,1,unassigned,17.0,17.0,0.0,1.0,0.0,0.0,0.029013539,0.0,0,0,0,1,0
34155,-1,0,1.530401,0.82206494,1,1,unassigned,39.0,38.0,1.0,0.974359,0.025641026,0.025641024,0.07156673,0.0018350444,0,0,0,1,0
34156,-1,0,0.3122915,0.5774445,1,1,unassigned,3.0,2.0,1.0,0.6666667,0.33333334,0.3333333,0.001934236,0.00064474536,0,0,0,1,0
34157,-1,0,-0.084028244,0.4790053,0,1,unassigned,9.0,8.0,1.0,0.8888889,0.11111111,0.111111104,0.013539651,0.0015044058,0,0,0,0,0
34158,-1,0,1.0145788,0.73391527,1,1,unassigned,10.0,10.0,0.0,1.0,0.0,0.0,0.015473888,0.0,0,0,0,1,0
34159,-1,1,0.14528662,0.53625786,1,1,unassigned,13.0,13.0,0.0,1.0,0.0,0.0,0.021276595,0.0,1,0,0,1,0
34160,-1,1,1.8880723,0.8685355,1,1,unassigned,3.0,3.0,0.0,1.0,0.0,0.0,0.001934236,0.0,1,0,0,1,0
34161,-1,1,4.579944,0.9898487,1,1,unassigned,5.0,4.0,1.0,0.8,0.2,0.19999999,0.0058027077,0.0011605415,1,0,0,1,1
34162,-1,1,6.789226,0.99887544,1,1,unassigned,4.0,4.0,0.0,1.0,0.0,0.0,0.003868472,0.0,1,0,0,1,1
34163,-1,0,1.1336107,0.7565046,1,1,unassigned,2.0,2.0,0.0,1.0,0.0,0.0,0.0,0.0,0,0,0,1,0
34164,-1,0,-0.8574997,0.297862,0,1,unassigned,13.0,10.0,3.0,0.7692308,0.23076923,0.23076922,0.021276595,0.0049099834,0,0,0,0,0
34165,-1,1,-0.362156,0.41043776,0,1,unassigned,6.0,6.0,0.0,1.0,0.0,0.0,0.007736944,0.0,1,0,0,0,0
34166,-1,0,0.40013653,0.5987205,1,1,unassigned,6.0,6.0,0.0,1.0,0.0,0.0,0.007736944,0.0,0,0,0,1,0
34167,-1,0,-0.21162412,0.4472905,0,1,unassigned,5.0,4.0,1.0,0.8,0.2,0.19999999,0.0058027077,0.0011605415,0,0,0,0,0
34168,-1,0,0.5692962,0.63860077,1,1,unassigned,8.0,8.0,0.0,1.0,0.0,0.0,0.0116054155,0.0,0,0,0,1,0
34169,-1,1,2.857248,0.9456921,1,1,unassigned,13.0,11.0,2.0,0.84615386,0.15384616,0.15384614,0.021276595,0.0032733225,1,0,0,1,1
34170,-1,0,-0.853009,0.29880202,0,1,unassigned,50.0,50.0,0.0,1.0,0.0,0.0,0.092843324,0.0,0,0,0,0,0
34171,-1,0,-0.43524158,0.3928754,0,1,unassigned,19.0,19.0,0.0,1.0,0.0,0.0,0.032882012,0.0,0,0,0,0,0
34172,0,0,0.102433205,0.52558595,1,1,unassigned,47.0,47.0,0.0,1.0,0.0,0.0,0.08704062,0.0,0,0,0,1,0
34173,-1,0,0.33459657,0.5828774,1,1,unassigned,7.0,6.0,1.0,0.85714287,0.14285715,0.14285713,0.00967118,0.0013815971,0,0,0,1,0
34174,1,0,4.706698,0.99104637,1,0,unassigned,2.0,2.0,0.0,1.0,0.0,0.0,0.0,0.0,0,0,1,1,1
34175,-1,1,-0.34550944,0.41447178,0,1,unassigned,2.0,2.0,0.0,1.0,0.0,0.0,0.0,0.0,1,0,0,0,0
34176,-1,1,2.776363,0.9413851,1,1,unassigned,3.0,3.0,0.0,1.0,0.0,0.0,0.001934236,0.0,1,0,0,1,1
34177,-1,0,3.384565,0.96721864,1,1,unassigned,2.0,2.0,0.0,1.0,0.0,0.0,0.0,0.0,0,0,0,1,1
34178,-1,1,-0.3648173,0.40979394,0,1,unassigned,3.0,3.0,0.0,1.0,0.0,0.0,0.001934236,0.0,1,0,0,0,0
34179,-1,0,-1.0739422,0.2546541,0,1,unassigned,3.0,1.0,2.0,0.33333334,0.6666667,0.6666666,0.001934236,0.0012894907,0,0,0,0,0
34180,-1,0,5.019365,0.99343467,1,1,unassigned,25.0,21.0,4.0,0.84,0.16,0.16000003,0.044487428,0.007117988,0,0,0,1,1
34181,-1,1,-0.38333213,0.40532348,0,1,unassigned,2.0,2.0,0.0,1.0,0.0,0.0,0.0,0.0,1,0,0,0,0
34182,-1,1,4.9456964,0.9929363,1,1,unassigned,2.0,2.0,0.0,1.0,0.0,0.0,0.0,0.0,1,0,0,1,1
34183,0,1,-0.35224646,0.41283774,0,0,test,2.0,2.0,0.0,1.0,0.0,0.0,0.0,0.0,1,0,1,0,0
34184,-1,0,0.26557785,0.56600696,1,1,unassigned,2.0,2.0,0.0,1.0,0.0,0.0,0.0,0.0,0,0,0,1,0
34185,-1,1,2.3329904,0.9115727,1,1,unassigned,14.0,14.0,0.0,1.0,0.0,0.0,0.023210831,0.0,1,0,0,1,1
34186,-1,0,-0.43289053,0.3934363,0,1,unassigned,68.0,68.0,0.0,1.0,0.0,0.0,0.12765957,0.0,0,0,0,0,0
34187,-1,0,0.14588475,0.53640664,1,1,unassigned,12.0,11.0,1.0,0.9166667,0.083333336,0.08333331,0.01934236,0.0016118633,0,0,0,1,0
34188,-1,1,4.131747,0.9841988,1,1,unassigned,6.0,5.0,1.0,0.8333333,0.16666667,0.16666669,0.007736944,0.0012894907,1,0,0,1,1
34189,-1,0,0.5702856,0.6388291,1,1,unassigned,7.0,7.0,0.0,1.0,0.0,0.0,0.00967118,0.0,0,0,0,1,0
34190,0,0,-1.0405052,0.26105252,0,0,val,2.0,2.0,0.0,1.0,0.0,0.0,0.0,0.0,0,0,1,0,0
34191,-1,0,1.9384325,0.87417984,1,1,unassigned,2.0,2.0,0.0,1.0,0.0,0.0,0.0,0.0,0,0,0,1,0
34192,-1,0,-0.13729697,0.4657296,0,1,unassigned,4.0,4.0,0.0,1.0,0.0,0.0,0.003868472,0.0,0,0,0,0,0
34193,-1,0,-0.22449127,0.44411168,0,1,unassigned,21.0,21.0,0.0,1.0,0.0,0.0,0.036750484,0.0,0,0,0,0,0
34194,-1,0,2.5635917,0.92848134,1,1,unassigned,3.0,3.0,0.0,1.0,0.0,0.0,0.001934236,0.0,0,0,0,1,1
34195,-1,1,-0.25056905,0.43768346,0,1,unassigned,4.0,4.0,0.0,1.0,0.0,0.0,0.003868472,0.0,1,0,0,0,0
34196,-1,1,-0.46673158,0.38539013,0,1,unassigned,4.0,4.0,0.0,1.0,0.0,0.0,0.003868472,0.0,1,0,0,0,0
34197,-1,0,6.969889,0.99906117,1,1,unassigned,2.0,2.0,0.0,1.0,0.0,0.0,0.0,0.0,0,0,0,1,1
34198,-1,1,1.1324914,0.75629836,1,1,unassigned,5.0,5.0,0.0,1.0,0.0,0.0,0.0058027077,0.0,1,0,0,1,0
34199,-1,0,5.217672,0.99460924,1,1,unassigned,3.0,3.0,0.0,1.0,0.0,0.0,0.001934236,0.0,0,0,0,1,1
34200,-1,1,0.27137142,0.56742954,1,1,unassigned,2.0,2.0,0.0,1.0,0.0,0.0,0.0,0.0,1,0,0,1,0
34201,-1,0,0.57092875,0.6389774,1,1,unassigned,4.0,4.0,0.0,1.0,0.0,0.0,0.003868472,0.0,0,0,0,1,0
34202,0,1,-0.5050035,0.3763655,0,0,unassigned,31.0,27.0,4.0,0.87096775,0.12903225,0.12903225,0.056092843,0.007237786,1,0,1,0,0
34203,-1,0,-0.8113977,0.30759272,0,1,unassigned,19.0,18.0,1.0,0.94736844,0.05263158,0.052631557,0.032882012,0.0017306323,0,0,0,0,0
34204,-1,1,1.8180311,0.86032975,1,1,unassigned,4.0,4.0,0.0,1.0,0.0,0.0,0.003868472,0.0,1,0,0,1,0
34205,-1,0,-0.36098146,0.410722,0,1,unassigned,28.0,28.0,0.0,1.0,0.0,0.0,0.050290134,0.0,0,0,0,0,0
34206,-1,0,-0.19900465,0.45041236,0,1,unassigned,28.0,27.0,1.0,0.96428573,0.035714287,0.03571427,0.050290134,0.0017960763,0,0,0,0,0
34207,-1,0,-0.5064005,0.3760377,0,1,unassigned,32.0,32.0,0.0,1.0,0.0,0.0,0.058027077,0.0,0,0,0,0,0
34208,-1,0,0.7935596,0.6885952,1,1,unassigned,3.0,3.0,0.0,1.0,0.0,0.0,0.001934236,0.0,0,0,0,1,0
34209,0,1,-0.26578617,0.43394184,0,0,unassigned,4.0,4.0,0.0,1.0,0.0,0.0,0.003868472,0.0,1,0,1,0,0
34210,-1,0,-0.7522622,0.3203286,0,1,unassigned,35.0,35.0,0.0,1.0,0.0,0.0,0.06382979,0.0,0,0,0,0,0
34211,1,0,16.848106,1.0,1,0,unassigned,2.0,2.0,0.0,1.0,0.0,0.0,0.0,0.0,0,0,1,1,1
34212,-1,0,4.0051303,0.98210424,1,1,unassigned,22.0,19.0,3.0,0.8636364,0.13636364,0.13636363,0.03868472,0.005275189,0,0,0,1,1
34213,-1,0,1.2880433,0.78381574,1,1,unassigned,3.0,3.0,0.0,1.0,0.0,0.0,0.001934236,0.0,0,0,0,1,0
34214,-1,0,1.5545785,0.82557404,1,1,unassigned,8.0,8.0,0.0,1.0,0.0,0.0,0.0116054155,0.0,0,0,0,1,0
34215,-1,1,3.9123938,0.98039925,1,1,unassigned,5.0,5.0,0.0,1.0,0.0,0.0,0.0058027077,0.0,1,0,0,1,1
34216,-1,0,0.05499333,0.5137449,1,1,unassigned,20.0,20.0,0.0,1.0,0.0,0.0,0.034816246,0.0,0,0,0,1,0
34217,-1,1,1.9056487,0.87052953,1,1,unassigned,3.0,3.0,0.0,1.0,0.0,0.0,0.001934236,0.0,1,0,0,1,0
34218,-1,0,-1.014267,0.26614562,0,1,unassigned,31.0,31.0,0.0,1.0,0.0,0.0,0.056092843,0.0,0,0,0,0,0
34219,0,0,-0.68479687,0.33519155,0,0,unassigned,62.0,58.0,4.0,0.9354839,0.06451613,0.06451613,0.116054155,0.0074873646,0,0,1,0,0
34220,-1,0,1.1846502,0.7657829,1,1,unassigned,16.0,14.0,2.0,0.875,0.125,0.125,0.027079303,0.0033849129,0,0,0,1,0
34221,-1,0,-0.041190147,0.4897039,0,1,unassigned,3.0,3.0,0.0,1.0,0.0,0.0,0.001934236,0.0,0,0,0,0,0
34222,-1,0,0.49569267,0.6214466,1,1,unassigned,3.0,3.0,0.0,1.0,0.0,0.0,0.001934236,0.0,0,0,0,1,0
34223,-1,0,0.577879,0.6405792,1,1,unassigned,12.0,11.0,1.0,0.9166667,0.083333336,0.08333331,0.01934236,0.0016118633,0,0,0,1,0
34224,-1,0,1.6026628,0.8323902,1,1,unassigned,3.0,3.0,0.0,1.0,0.0,0.0,0.001934236,0.0,0,0,0,1,0
34225,1,0,-0.7445297,0.32201442,0,1,unassigned,40.0,40.0,0.0,1.0,0.0,0.0,0.07350097,0.0,0,0,0,0,0
34226,0,1,-0.84374046,0.30074757,0,0,unassigned,16.0,16.0,0.0,1.0,0.0,0.0,0.027079303,0.0,1,0,1,0,0
34227,-1,1,1.0767047,0.74586993,1,1,unassigned,7.0,7.0,0.0,1.0,0.0,0.0,0.00967118,0.0,1,0,0,1,0
34228,-1,0,-0.71201587,0.32915357,0,1,unassigned,2.0,1.0,1.0,0.5,0.5,0.5,0.0,0.0,0,0,0,0,0
34229,-1,1,7.2047486,0.9992575,1,1,unassigned,2.0,1.0,1.0,0.5,0.5,0.5,0.0,0.0,1,0,0,1,1
34230,-1,0,1.0328586,0.73746973,1,1,unassigned,12.0,12.0,0.0,1.0,0.0,0.0,0.01934236,0.0,0,0,0,1,0
34231,-1,0,-0.95593566,0.2776927,0,1,unassigned,17.0,17.0,0.0,1.0,0.0,0.0,0.029013539,0.0,0,0,0,0,0
34232,-1,0,1.0138464,0.7337722,1,1,unassigned,13.0,12.0,1.0,0.9230769,0.07692308,0.07692307,0.021276595,0.0016366612,0,0,0,1,0
34233,-1,1,0.7367802,0.6762914,1,1,unassigned,2.0,1.0,1.0,0.5,0.5,0.5,0.0,0.0,1,0,0,1,0
34234,-1,0,-0.88557506,0.29202384,0,1,unassigned,10.0,10.0,0.0,1.0,0.0,0.0,0.015473888,0.0,0,0,0,0,0
34235,-1,1,2.3858578,0.9157425,1,1,unassigned,4.0,4.0,0.0,1.0,0.0,0.0,0.003868472,0.0,1,0,0,1,1
34236,-1,0,3.9632118,0.9813524,1,1,unassigned,5.0,5.0,0.0,1.0,0.0,0.0,0.0058027077,0.0,0,0,0,1,1
34237,-1,1,2.4872994,0.9232466,1,1,unassigned,3.0,3.0,0.0,1.0,0.0,0.0,0.001934236,0.0,1,0,0,1,1
34238,-1,1,-0.077195406,0.48071074,0,1,unassigned,4.0,4.0,0.0,1.0,0.0,0.0,0.003868472,0.0,1,0,0,0,0
34239,-1,1,2.7743886,0.9412761,1,1,unassigned,18.0,13.0,5.0,0.7222222,0.2777778,0.2777778,0.030947777,0.008596605,1,0,0,1,1
34240,-1,0,2.9642816,0.9509342,1,1,unassigned,10.0,9.0,1.0,0.9,0.1,0.100000024,0.015473888,0.0015473888,0,0,0,1,1
34241,-1,1,3.4762938,0.9700057,1,1,unassigned,16.0,15.0,1.0,0.9375,0.0625,0.0625,0.027079303,0.0016924564,1,0,0,1,1
34242,0,0,0.076761305,0.5191809,1,1,val,27.0,27.0,0.0,1.0,0.0,0.0,0.0483559,0.0,0,0,0,1,0
34243,-1,1,0.60307366,0.6463592,1,1,unassigned,2.0,2.0,0.0,1.0,0.0,0.0,0.0,0.0,1,0,0,1,0
34244,-1,0,2.1398084,0.8947126,1,1,unassigned,5.0,5.0,0.0,1.0,0.0,0.0,0.0058027077,0.0,0,0,0,1,0
34245,-1,0,4.533157,0.98936754,1,1,unassigned,4.0,4.0,0.0,1.0,0.0,0.0,0.003868472,0.0,0,0,0,1,1
34246,-1,1,0.12593967,0.53144336,1,1,unassigned,18.0,18.0,0.0,1.0,0.0,0.0,0.030947777,0.0,1,0,0,1,0
34247,-1,0,6.642422,0.99869776,1,1,unassigned,47.0,43.0,4.0,0.9148936,0.08510638,0.08510637,0.08704062,0.007407712,0,0,0,1,1
34248,-1,0,-0.10744685,0.4731641,0,1,unassigned,4.0,4.0,0.0,1.0,0.0,0.0,0.003868472,0.0,0,0,0,0,0
34249,-1,1,0.7330597,0.6754763,1,1,unassigned,3.0,3.0,0.0,1.0,0.0,0.0,0.001934236,0.0,1,0,0,1,0
34250,0,0,-1.1179761,0.24638689,0,0,unassigned,3.0,3.0,0.0,1.0,0.0,0.0,0.001934236,0.0,0,0,1,0,0
34251,-1,1,-0.40039444,0.40121758,0,1,unassigned,2.0,2.0,0.0,1.0,0.0,0.0,0.0,0.0,1,0,0,0,0
34252,-1,0,-0.5928002,0.35599262,0,1,unassigned,55.0,55.0,0.0,1.0,0.0,0.0,0.102514505,0.0,0,0,0,0,0
34253,-1,0,-0.10480505,0.47382268,0,1,unassigned,32.0,32.0,0.0,1.0,0.0,0.0,0.058027077,0.0,0,0,0,0,0
34254,-1,0,6.4905267,0.99848455,1,1,unassigned,17.0,16.0,1.0,0.9411765,0.05882353,0.058823526,0.029013539,0.0017066788,0,0,0,1,1
34255,-1,1,-0.7398897,0.32302827,0,1,unassigned,69.0,64.0,5.0,0.92753625,0.072463766,0.07246375,0.1295938,0.009390855,1,0,0,0,0
34256,-1,0,1.4479234,0.8096786,1,1,unassigned,2.0,2.0,0.0,1.0,0.0,0.0,0.0,0.0,0,0,0,1,0
34257,-1,1,3.6355135,0.9743071,1,1,unassigned,6.0,5.0,1.0,0.8333333,0.16666667,0.16666669,0.007736944,0.0012894907,1,0,0,1,1
34258,-1,0,0.020741642,0.50518525,1,1,unassigned,72.0,67.0,5.0,0.9305556,0.06944445,0.06944442,0.13539653,0.009402537,0,0,0,1,0
34259,0,0,-0.50495386,0.37637722,0,0,unassigned,28.0,27.0,1.0,0.96428573,0.035714287,0.03571427,0.050290134,0.0017960763,0,0,1,0,0
34260,-1,1,-0.6921244,0.33356065,0,1,unassigned,43.0,41.0,2.0,0.95348835,0.046511628,0.04651165,0.079303674,0.0036885429,1,0,0,0,0
34261,0,0,-0.55301917,0.36516422,0,0,unassigned,15.0,15.0,0.0,1.0,0.0,0.0,0.025145067,0.0,0,0,1,0,0
34262,-1,0,-0.783702,0.31352258,0,1,unassigned,50.0,49.0,1.0,0.98,0.02,0.01999998,0.092843324,0.0018568664,0,0,0,0,0
34263,-1,0,-0.8444263,0.3006034,0,1,unassigned,49.0,47.0,2.0,0.9591837,0.040816326,0.040816307,0.09090909,0.0037105752,0,0,0,0,0
34264,0,0,2.7595332,0.9404495,1,1,val,2.0,2.0,0.0,1.0,0.0,0.0,0.0,0.0,0,0,0,1,1
34265,-1,0,0.4851411,0.6189611,1,1,unassigned,4.0,4.0,0.0,1.0,0.0,0.0,0.003868472,0.0,0,0,0,1,0
34266,-1,0,3.8865683,0.9798967,1,1,unassigned,4.0,4.0,0.0,1.0,0.0,0.0,0.003868472,0.0,0,0,0,1,1
34267,-1,1,0.52917486,0.62929064,1,1,unassigned,21.0,20.0,1.0,0.95238096,0.04761905,0.047619045,0.036750484,0.0017500231,1,0,0,1,0
34268,-1,0,2.9339497,0.9494994,1,1,unassigned,2.0,1.0,1.0,0.5,0.5,0.5,0.0,0.0,0,0,0,1,1
34269,-1,0,-0.339286,0.4159829,0,1,unassigned,2.0,1.0,1.0,0.5,0.5,0.5,0.0,0.0,0,0,0,0,0
34270,-1,0,1.2548509,0.77813846,1,1,unassigned,2.0,1.0,1.0,0.5,0.5,0.5,0.0,0.0,0,0,0,1,0
34271,-1,0,1.5228169,0.8209529,1,1,unassigned,5.0,5.0,0.0,1.0,0.0,0.0,0.0058027077,0.0,0,0,0,1,0
34272,-1,1,-0.92103267,0.2847475,0,1,unassigned,3.0,3.0,0.0,1.0,0.0,0.0,0.001934236,0.0,1,0,0,0,0
34273,-1,1,-0.08641878,0.47840872,0,1,unassigned,2.0,1.0,1.0,0.5,0.5,0.5,0.0,0.0,1,0,0,0,0
34274,-1,1,1.3617687,0.79604703,1,1,unassigned,4.0,4.0,0.0,1.0,0.0,0.0,0.003868472,0.0,1,0,0,1,0
34275,-1,1,0.20230788,0.55040514,1,1,unassigned,2.0,2.0,0.0,1.0,0.0,0.0,0.0,0.0,1,0,0,1,0
34276,-1,0,1.369417,0.7972859,1,1,unassigned,2.0,2.0,0.0,1.0,0.0,0.0,0.0,0.0,0,0,0,1,0
34277,-1,0,0.35105878,0.5868743,1,1,unassigned,29.0,29.0,0.0,1.0,0.0,0.0,0.05222437,0.0,0,0,0,1,0
34278,-1,0,-0.57078266,0.36105627,0,1,unassigned,54.0,54.0,0.0,1.0,0.0,0.0,0.10058027,0.0,0,0,0,0,0
34279,-1,0,-0.56063145,0.36340138,0,1,unassigned,21.0,20.0,1.0,0.95238096,0.04761905,0.047619045,0.036750484,0.0017500231,0,0,0,0,0
34280,0,0,-0.6450943,0.3440959,0,0,train,49.0,49.0,0.0,1.0,0.0,0.0,0.09090909,0.0,0,0,1,0,0
34281,-1,0,-0.41138923,0.39857906,0,1,unassigned,10.0,10.0,0.0,1.0,0.0,0.0,0.015473888,0.0,0,0,0,0,0
34282,-1,0,-0.5448202,0.367067,0,1,unassigned,56.0,55.0,1.0,0.98214287,0.017857144,0.017857134,0.10444874,0.0018651562,0,0,0,0,0
34283,1,0,1.3007121,0.7859548,1,0,unassigned,2.0,2.0,0.0,1.0,0.0,0.0,0.0,0.0,0,0,1,1,0
34284,-1,0,0.81081396,0.6922829,1,1,unassigned,7.0,7.0,0.0,1.0,0.0,0.0,0.00967118,0.0,0,0,0,1,0
34285,-1,0,0.0497337,0.51243085,1,1,unassigned,10.0,10.0,0.0,1.0,0.0,0.0,0.015473888,0.0,0,0,0,1,0
34286,-1,1,0.34592372,0.58562875,1,1,unassigned,3.0,3.0,0.0,1.0,0.0,0.0,0.001934236,0.0,1,0,0,1,0
34287,-1,0,-0.70877653,0.32986924,0,1,unassigned,58.0,57.0,1.0,0.98275864,0.01724138,0.017241359,0.10831721,0.0018675381,0,0,0,0,0
34288,1,0,0.44120127,0.60854524,1,0,val,24.0,24.0,0.0,1.0,0.0,0.0,0.04255319,0.0,0,0,1,1,0
34289,-1,0,-0.65559363,0.34173012,0,1,unassigned,19.0,19.0,0.0,1.0,0.0,0.0,0.032882012,0.0,0,0,0,0,0
34290,-1,1,0.7235165,0.6733809,1,1,unassigned,9.0,8.0,1.0,0.8888889,0.11111111,0.111111104,0.013539651,0.0015044058,1,0,0,1,0
34291,-1,0,-0.6233048,0.3490302,0,1,unassigned,17.0,17.0,0.0,1.0,0.0,0.0,0.029013539,0.0,0,0,0,0,0
34292,-1,0,-0.49215314,0.37938645,0,1,unassigned,44.0,43.0,1.0,0.97727275,0.022727273,0.022727251,0.08123791,0.0018463163,0,0,0,0,0
34293,-1,1,2.9630454,0.9508764,1,1,unassigned,3.0,3.0,0.0,1.0,0.0,0.0,0.001934236,0.0,1,0,0,1,1
34294,-1,0,-0.7183275,0.32776138,0,1,unassigned,2.0,2.0,0.0,1.0,0.0,0.0,0.0,0.0,0,0,0,0,0
34295,-1,1,-0.7704044,0.31639165,0,1,unassigned,57.0,54.0,3.0,0.94736844,0.05263158,0.052631557,0.10638298,0.0055991043,1,0,0,0,0
34296,-1,0,-0.47230965,0.3840697,0,1,unassigned,24.0,24.0,0.0,1.0,0.0,0.0,0.04255319,0.0,0,0,0,0,0
34297,-1,0,3.6233075,0.97399974,1,1,unassigned,2.0,1.0,1.0,0.5,0.5,0.5,0.0,0.0,0,0,0,1,1
34298,-1,0,-0.07932043,0.48018032,0,1,unassigned,32.0,32.0,0.0,1.0,0.0,0.0,0.058027077,0.0,0,0,0,0,0
34299,-1,1,2.4662826,0.92174405,1,1,unassigned,4.0,4.0,0.0,1.0,0.0,0.0,0.003868472,0.0,1,0,0,1,1
34300,-1,1,-0.84732,0.29999536,0,1,unassigned,61.0,57.0,4.0,0.93442625,0.06557377,0.06557375,0.114119925,0.0074832733,1,0,0,0,0
34301,1,1,-0.84927905,0.29958412,0,1,unassigned,6.0,6.0,0.0,1.0,0.0,0.0,0.007736944,0.0,1,0,0,0,0
34302,-1,1,0.28164893,0.56995046,1,1,unassigned,14.0,13.0,1.0,0.9285714,0.071428575,0.0714286,0.023210831,0.0016579166,1,0,0,1,0
34303,-1,0,2.2813299,0.9073189,1,1,unassigned,5.0,4.0,1.0,0.8,0.2,0.19999999,0.0058027077,0.0011605415,0,0,0,1,1
34304,-1,0,1.3528628,0.79459727,1,1,unassigned,9.0,9.0,0.0,1.0,0.0,0.0,0.013539651,0.0,0,0,0,1,0
34305,-1,1,4.736364,0.99130577,1,1,unassigned,2.0,2.0,0.0,1.0,0.0,0.0,0.0,0.0,1,0,0,1,1
34306,-1,0,4.6130795,0.99017626,1,1,unassigned,10.0,10.0,0.0,1.0,0.0,0.0,0.015473888,0.0,0,0,0,1,1
34307,-1,1,0.40524727,0.5999477,1,1,unassigned,2.0,2.0,0.0,1.0,0.0,0.0,0.0,0.0,1,0,0,1,0
34308,-1,0,5.843824,0.9971106,1,1,unassigned,4.0,4.0,0.0,1.0,0.0,0.0,0.003868472,0.0,0,0,0,1,1
34309,-1,0,2.9908302,0.9521581,1,1,unassigned,4.0,4.0,0.0,1.0,0.0,0.0,0.003868472,0.0,0,0,0,1,1
34310,-1,0,-0.5465182,0.3666726,0,1,unassigned,4.0,4.0,0.0,1.0,0.0,0.0,0.003868472,0.0,0,0,0,0,0
34311,-1,0,-0.17183584,0.45714644,0,1,unassigned,2.0,2.0,0.0,1.0,0.0,0.0,0.0,0.0,0,0,0,0,0
34312,-1,0,3.96116,0.9813147,1,1,unassigned,2.0,1.0,1.0,0.5,0.5,0.5,0.0,0.0,0,0,0,1,1
34313,1,1,0.024090946,0.50602245,1,0,unassigned,3.0,3.0,0.0,1.0,0.0,0.0,0.001934236,0.0,1,0,1,1,0
34314,-1,1,1.0640931,0.7434719,1,1,unassigned,5.0,2.0,3.0,0.4,0.6,0.6,0.0058027077,0.0034816249,1,0,0,1,0
34315,-1,0,-0.29170913,0.42758548,0,1,unassigned,5.0,5.0,0.0,1.0,0.0,0.0,0.0058027077,0.0,0,0,0,0,0
34316,-1,0,6.315323,0.9981949,1,1,unassigned,2.0,2.0,0.0,1.0,0.0,0.0,0.0,0.0,0,0,0,1,1
34317,-1,0,6.2593837,0.99809116,1,1,unassigned,4.0,4.0,0.0,1.0,0.0,0.0,0.003868472,0.0,0,0,0,1,1
34318,-1,1,1.4462359,0.80941844,1,1,unassigned,6.0,5.0,1.0,0.8333333,0.16666667,0.16666669,0.007736944,0.0012894907,1,0,0,1,0
34319,0,0,0.0035639405,0.50089103,1,1,test,3.0,3.0,0.0,1.0,0.0,0.0,0.001934236,0.0,0,0,0,1,0
34320,1,1,5.068608,0.9937482,1,0,test,8.0,7.0,1.0,0.875,0.125,0.125,0.0116054155,0.0014506769,1,0,1,1,1
34321,-1,1,3.5253832,0.97140145,1,1,unassigned,3.0,3.0,0.0,1.0,0.0,0.0,0.001934236,0.0,1,0,0,1,1
34322,-1,1,3.5097167,0.97096294,1,1,unassigned,3.0,3.0,0.0,1.0,0.0,0.0,0.001934236,0.0,1,0,0,1,1
34323,-1,1,0.4736939,0.61625767,1,1,unassigned,9.0,7.0,2.0,0.7777778,0.22222222,0.22222221,0.013539651,0.0030088115,1,0,0,1,0
34324,-1,0,0.0733313,0.5183246,1,1,unassigned,4.0,4.0,0.0,1.0,0.0,0.0,0.003868472,0.0,0,0,0,1,0
34325,0,0,0.8929246,0.70949334,1,1,test,2.0,2.0,0.0,1.0,0.0,0.0,0.0,0.0,0,0,0,1,0
34326,-1,0,0.10089904,0.52520335,1,1,unassigned,18.0,18.0,0.0,1.0,0.0,0.0,0.030947777,0.0,0,0,0,1,0
34327,-1,0,0.024609625,0.5061521,1,1,unassigned,7.0,7.0,0.0,1.0,0.0,0.0,0.00967118,0.0,0,0,0,1,0
34328,-1,0,1.0018861,0.7314293,1,1,unassigned,3.0,2.0,1.0,0.6666667,0.33333334,0.3333333,0.001934236,0.00064474536,0,0,0,1,0
34329,-1,0,0.66258496,0.6598408,1,1,unassigned,4.0,4.0,0.0,1.0,0.0,0.0,0.003868472,0.0,0,0,0,1,0
34330,-1,0,0.4295513,0.60576653,1,1,unassigned,10.0,10.0,0.0,1.0,0.0,0.0,0.015473888,0.0,0,0,0,1,0
34331,-1,0,-0.8422409,0.30106303,0,1,unassigned,2.0,2.0,0.0,1.0,0.0,0.0,0.0,0.0,0,0,0,0,0
34332,-1,0,-0.1493544,0.46273065,0,1,unassigned,19.0,19.0,0.0,1.0,0.0,0.0,0.032882012,0.0,0,0,0,0,0
34333,-1,0,-0.9430774,0.28027916,0,1,unassigned,33.0,33.0,0.0,1.0,0.0,0.0,0.059961315,0.0,0,0,0,0,0
34334,-1,0,6.169988,0.99791306,1,1,unassigned,2.0,2.0,0.0,1.0,0.0,0.0,0.0,0.0,0,0,0,1,1
34335,-1,0,-0.9881513,0.27127737,0,1,unassigned,3.0,3.0,0.0,1.0,0.0,0.0,0.001934236,0.0,0,0,0,0,0
34336,-1,0,0.68285054,0.66437465,1,1,unassigned,7.0,7.0,0.0,1.0,0.0,0.0,0.00967118,0.0,0,0,0,1,0
34337,0,0,0.2758326,0.56852424,1,1,test,37.0,36.0,1.0,0.972973,0.027027028,0.02702701,0.06769826,0.0018296828,0,0,0,1,0
34338,-1,0,-0.38263446,0.40549162,0,1,unassigned,2.0,2.0,0.0,1.0,0.0,0.0,0.0,0.0,0,0,0,0,0
34339,1,0,1.7594826,0.8531448,1,0,unassigned,7.0,7.0,0.0,1.0,0.0,0.0,0.00967118,0.0,0,0,1,1,0
34340,0,0,-0.46071398,0.38681644,0,0,unassigned,21.0,21.0,0.0,1.0,0.0,0.0,0.036750484,0.0,0,0,1,0,0
34341,-1,0,3.5455663,0.9719569,1,1,unassigned,2.0,2.0,0.0,1.0,0.0,0.0,0.0,0.0,0,0,0,1,1
34342,-1,0,3.5889814,0.9731162,1,1,unassigned,2.0,2.0,0.0,1.0,0.0,0.0,0.0,0.0,0,0,0,1,1
34343,-1,0,-0.45765862,0.3875414,0,1,unassigned,61.0,59.0,2.0,0.9672131,0.032786883,0.032786906,0.114119925,0.0037416366,0,0,0,0,0
34344,-1,0,4.9038916,0.9926369,1,1,unassigned,8.0,7.0,1.0,0.875,0.125,0.125,0.0116054155,0.0014506769,0,0,0,1,1
34345,-1,0,-0.6013194,0.3540419,0,1,unassigned,42.0,39.0,3.0,0.9285714,0.071428575,0.0714286,0.07736944,0.0055263885,0,0,0,0,0
34346,-1,0,0.67829436,0.6633579,1,1,unassigned,5.0,5.0,0.0,1.0,0.0,0.0,0.0058027077,0.0,0,0,0,1,0
34347,0,0,-0.6974732,0.3323727,0,0,val,16.0,16.0,0.0,1.0,0.0,0.0,0.027079303,0.0,0,0,1,0,0
34348,-1,1,0.8471542,0.6999698,1,1,unassigned,10.0,9.0,1.0,0.9,0.1,0.100000024,0.015473888,0.0015473888,1,0,0,1,0
34349,-1,1,4.502521,0.98904043,1,1,unassigned,2.0,2.0,0.0,1.0,0.0,0.0,0.0,0.0,1,0,0,1,1
34350,-1,1,10.729107,0.99997807,1,1,unassigned,2.0,2.0,0.0,1.0,0.0,0.0,0.0,0.0,1,0,0,1,1
34351,1,0,-0.28866583,0.4283305,0,1,val,37.0,36.0,1.0,0.972973,0.027027028,0.02702701,0.06769826,0.0018296828,0,0,0,0,0
34352,-1,1,4.9886365,0.9932312,1,1,unassigned,2.0,2.0,0.0,1.0,0.0,0.0,0.0,0.0,1,0,0,1,1
34353,-1,0,-0.5722368,0.36072087,0,1,unassigned,15.0,15.0,0.0,1.0,0.0,0.0,0.025145067,0.0,0,0,0,0,0
34354,-1,0,-0.5945312,0.35559586,0,1,unassigned,40.0,39.0,1.0,0.975,0.025,0.024999976,0.07350097,0.0018375242,0,0,0,0,0
34355,-1,1,-0.51287425,0.37451997,0,1,unassigned,83.0,76.0,7.0,0.91566265,0.084337346,0.08433735,0.15667312,0.013213395,1,0,0,0,0
34356,-1,0,-0.7493464,0.32096374,0,1,unassigned,72.0,71.0,1.0,0.9861111,0.013888889,0.0138888955,0.13539653,0.0018805073,0,0,0,0,0
34357,0,1,-0.12452918,0.46890786,0,0,val,9.0,9.0,0.0,1.0,0.0,0.0,0.013539651,0.0,1,0,1,0,0
34358,0,1,-0.1679731,0.4581052,0,0,val,3.0,3.0,0.0,1.0,0.0,0.0,0.001934236,0.0,1,0,1,0,0
34359,-1,1,0.54274255,0.63245016,1,1,unassigned,2.0,2.0,0.0,1.0,0.0,0.0,0.0,0.0,1,0,0,1,0
34360,-1,0,-0.35744774,0.4115775,0,1,unassigned,35.0,35.0,0.0,1.0,0.0,0.0,0.06382979,0.0,0,0,0,0,0
34361,1,0,3.3258388,0.96530473,1,0,test,15.0,14.0,1.0,0.93333334,0.06666667,0.06666666,0.025145067,0.0016763379,0,0,1,1,1
34362,-1,1,1.364943,0.79656196,1,1,unassigned,51.0,47.0,4.0,0.92156863,0.078431375,0.07843137,0.09477756,0.0074335346,1,0,0,1,0
34363,-1,0,0.13960242,0.53484404,1,1,unassigned,15.0,15.0,0.0,1.0,0.0,0.0,0.025145067,0.0,0,0,0,1,0
34364,-1,0,-0.7639692,0.31778514,0,1,unassigned,2.0,2.0,0.0,1.0,0.0,0.0,0.0,0.0,0,0,0,0,0
34365,1,0,2.3527815,0.9131551,1,0,val,2.0,2.0,0.0,1.0,0.0,0.0,0.0,0.0,0,0,1,1,1
34366,-1,1,3.8275402,0.97870046,1,1,unassigned,6.0,5.0,1.0,0.8333333,0.16666667,0.16666669,0.007736944,0.0012894907,1,0,0,1,1
34367,-1,1,2.2465897,0.904356,1,1,unassigned,43.0,40.0,3.0,0.9302326,0.069767445,0.069767416,0.079303674,0.0055328147,1,0,0,1,1
34368,-1,0,2.9912994,0.9521795,1,1,unassigned,31.0,31.0,0.0,1.0,0.0,0.0,0.056092843,0.0,0,0,0,1,1
34369,-1,0,-0.90122974,0.28879786,0,1,unassigned,2.0,2.0,0.0,1.0,0.0,0.0,0.0,0.0,0,0,0,0,0
34370,-1,0,-0.8545055,0.29848862,0,1,unassigned,2.0,2.0,0.0,1.0,0.0,0.0,0.0,0.0,0,0,0,0,0
34371,-1,0,-0.048306763,0.48792565,0,1,unassigned,15.0,15.0,0.0,1.0,0.0,0.0,0.025145067,0.0,0,0,0,0,0
34372,-1,0,-0.26053363,0.43523252,0,1,unassigned,22.0,22.0,0.0,1.0,0.0,0.0,0.03868472,0.0,0,0,0,0,0
34373,-1,0,1.9669847,0.87728685,1,1,unassigned,7.0,7.0,0.0,1.0,0.0,0.0,0.00967118,0.0,0,0,0,1,0
34374,-1,0,2.3919065,0.9162081,1,1,unassigned,2.0,2.0,0.0,1.0,0.0,0.0,0.0,0.0,0,0,0,1,1
34375,-1,1,-0.31822175,0.4211092,0,1,unassigned,8.0,8.0,0.0,1.0,0.0,0.0,0.0116054155,0.0,1,0,0,0,0
34376,-1,0,2.2272103,0.9026665,1,1,unassigned,2.0,2.0,0.0,1.0,0.0,0.0,0.0,0.0,0,0,0,1,1
34377,-1,1,2.2143915,0.9015345,1,1,unassigned,7.0,7.0,0.0,1.0,0.0,0.0,0.00967118,0.0,1,0,0,1,1
34378,-1,1,0.97930247,0.7269698,1,1,unassigned,7.0,4.0,3.0,0.5714286,0.42857143,0.4285714,0.00967118,0.0041447915,1,0,0,1,0
34379,-1,0,3.0535429,0.9549353,1,1,unassigned,5.0,5.0,0.0,1.0,0.0,0.0,0.0058027077,0.0,0,0,0,1,1
34380,-1,1,3.2142584,0.96136737,1,1,unassigned,4.0,4.0,0.0,1.0,0.0,0.0,0.003868472,0.0,1,0,0,1,1
34381,-1,0,-0.47974864,0.38231146,0,1,unassigned,31.0,30.0,1.0,0.9677419,0.032258064,0.032258093,0.056092843,0.0018094465,0,0,0,0,0
34382,1,0,0.20227402,0.55039686,1,0,unassigned,2.0,2.0,0.0,1.0,0.0,0.0,0.0,0.0,0,0,1,1,0
34383,-1,0,-0.8810419,0.2929619,0,1,unassigned,38.0,38.0,0.0,1.0,0.0,0.0,0.06963249,0.0,0,0,0,0,0
34384,-1,0,-0.5599049,0.36356947,0,1,unassigned,45.0,44.0,1.0,0.9777778,0.022222223,0.02222222,0.08317215,0.0018482701,0,0,0,0,0
34385,-1,0,-0.61311126,0.3513498,0,1,unassigned,43.0,40.0,3.0,0.9302326,0.069767445,0.069767416,0.079303674,0.0055328147,0,0,0,0,0
34386,-1,0,-0.6973432,0.33240154,0,1,unassigned,19.0,18.0,1.0,0.94736844,0.05263158,0.052631557,0.032882012,0.0017306323,0,0,0,0,0
34387,0,0,-0.7970068,0.31066614,0,0,train,8.0,8.0,0.0,1.0,0.0,0.0,0.0116054155,0.0,0,0,1,0,0
34388,0,0,-0.7446017,0.3219987,0,0,test,8.0,7.0,1.0,0.875,0.125,0.125,0.0116054155,0.0014506769,0,0,1,0,0
34389,-1,1,-0.89323854,0.29044196,0,1,unassigned,17.0,14.0,3.0,0.8235294,0.1764706,0.17647058,0.029013539,0.005120036,1,0,0,0,0
34390,-1,0,0.28966534,0.57191426,1,1,unassigned,2.0,2.0,0.0,1.0,0.0,0.0,0.0,0.0,0,0,0,1,0
34391,1,1,2.1509554,0.89575803,1,0,unassigned,2.0,2.0,0.0,1.0,0.0,0.0,0.0,0.0,1,0,1,1,0
34392,1,1,6.5897946,0.99862754,1,0,test,91.0,81.0,10.0,0.8901099,0.10989011,0.1098901,0.172147,0.018917253,1,0,1,1,1
34393,-1,0,1.3769975,0.79850835,1,1,unassigned,2.0,2.0,0.0,1.0,0.0,0.0,0.0,0.0,0,0,0,1,0
34394,-1,1,4.243838,0.98585063,1,1,unassigned,3.0,3.0,0.0,1.0,0.0,0.0,0.001934236,0.0,1,0,0,1,1
34395,-1,0,-0.575331,0.36000764,0,1,unassigned,2.0,2.0,0.0,1.0,0.0,0.0,0.0,0.0,0,0,0,0,0
34396,1,0,0.38707548,0.5955785,1,0,unassigned,6.0,6.0,0.0,1.0,0.0,0.0,0.007736944,0.0,0,0,1,1,0
34397,-1,1,2.496306,0.9238825,1,1,unassigned,8.0,8.0,0.0,1.0,0.0,0.0,0.0116054155,0.0,1,0,0,1,1
34398,1,0,6.1386533,0.99784684,1,0,unassigned,69.0,59.0,10.0,0.85507244,0.14492753,0.14492756,0.1295938,0.01878171,0,0,1,1,1
34399,1,0,-0.31055596,0.42297903,0,1,unassigned,8.0,8.0,0.0,1.0,0.0,0.0,0.0116054155,0.0,0,0,0,0,0
34400,-1,0,-0.041796863,0.48955232,0,1,unassigned,6.0,6.0,0.0,1.0,0.0,0.0,0.007736944,0.0,0,0,0,0,0
34401,-1,0,0.71480495,0.671462,1,1,unassigned,32.0,31.0,1.0,0.96875,0.03125,0.03125,0.058027077,0.0018133462,0,0,0,1,0
34402,-1,1,1.3357928,0.79179716,1,1,unassigned,25.0,21.0,4.0,0.84,0.16,0.16000003,0.044487428,0.007117988,1,0,0,1,0
34403,-1,0,-0.6932533,0.33330977,0,1,unassigned,32.0,31.0,1.0,0.96875,0.03125,0.03125,0.058027077,0.0018133462,0,0,0,0,0
34404,-1,0,-0.10054016,0.4748861,0,1,unassigned,33.0,32.0,1.0,0.969697,0.030303031,0.030303001,0.059961315,0.0018170096,0,0,0,0,0
34405,-1,0,0.058305442,0.51457226,1,1,unassigned,15.0,14.0,1.0,0.93333334,0.06666667,0.06666666,0.025145067,0.0016763379,0,0,0,1,0
34406,-1,0,3.419013,0.9682934,1,1,unassigned,26.0,24.0,2.0,0.9230769,0.07692308,0.07692307,0.046421662,0.0035708973,0,0,0,1,1
34407,-1,0,1.0877078,0.74794984,1,1,unassigned,10.0,10.0,0.0,1.0,0.0,0.0,0.015473888,0.0,0,0,0,1,0
34408,-1,0,-0.9667247,0.27553383,0,1,unassigned,16.0,16.0,0.0,1.0,0.0,0.0,0.027079303,0.0,0,0,0,0,0
34409,-1,0,-0.5479926,0.36633027,0,1,unassigned,11.0,11.0,0.0,1.0,0.0,0.0,0.017408123,0.0,0,0,0,0,0
34410,1,0,-0.51004124,0.37518388,0,1,test,23.0,23.0,0.0,1.0,0.0,0.0,0.040618956,0.0,0,0,0,0,0
34411,-1,1,3.7029006,0.9759412,1,1,unassigned,13.0,12.0,1.0,0.9230769,0.07692308,0.07692307,0.021276595,0.0016366612,1,0,0,1,1
34412,-1,0,4.351338,0.9872745,1,1,unassigned,3.0,3.0,0.0,1.0,0.0,0.0,0.001934236,0.0,0,0,0,1,1
34413,-1,0,-0.23896268,0.440542,0,1,unassigned,2.0,2.0,0.0,1.0,0.0,0.0,0.0,0.0,0,0,0,0,0
34414,-1,1,-0.34004876,0.41579762,0,1,unassigned,11.0,11.0,0.0,1.0,0.0,0.0,0.017408123,0.0,1,0,0,0,0
34415,-1,1,0.27892578,0.5692828,1,1,unassigned,4.0,4.0,0.0,1.0,0.0,0.0,0.003868472,0.0,1,0,0,1,0
34416,-1,0,12.074578,0.9999943,1,1,unassigned,5.0,1.0,4.0,0.2,0.8,0.8,0.0058027077,0.004642166,0,0,0,1,1
34417,-1,0,-0.3956445,0.40235928,0,1,unassigned,2.0,1.0,1.0,0.5,0.5,0.5,0.0,0.0,0,0,0,0,0
34418,-1,1,-0.7784485,0.31465438,0,1,unassigned,23.0,23.0,0.0,1.0,0.0,0.0,0.040618956,0.0,1,0,0,0,0
34419,-1,0,0.14689606,0.5366581,1,1,unassigned,2.0,2.0,0.0,1.0,0.0,0.0,0.0,0.0,0,0,0,1,0
34420,-1,0,-0.18971121,0.45271394,0,1,unassigned,12.0,12.0,0.0,1.0,0.0,0.0,0.01934236,0.0,0,0,0,0,0
34421,-1,1,-0.021909893,0.49452275,0,1,unassigned,3.0,3.0,0.0,1.0,0.0,0.0,0.001934236,0.0,1,0,0,0,0
34422,-1,0,-0.64579344,0.3439381,0,1,unassigned,5.0,5.0,0.0,1.0,0.0,0.0,0.0058027077,0.0,0,0,0,0,0
34423,-1,1,-0.23462301,0.44161186,0,1,unassigned,48.0,47.0,1.0,0.9791667,0.020833334,0.020833313,0.088974856,0.0018536429,1,0,0,0,0
34424,1,0,-0.26379135,0.43443194,0,1,val,14.0,14.0,0.0,1.0,0.0,0.0,0.023210831,0.0,0,0,0,0,0
34425,-1,1,-0.17570135,0.45618734,0,1,unassigned,38.0,36.0,2.0,0.94736844,0.05263158,0.052631557,0.06963249,0.0036648682,1,0,0,0,0
34426,1,1,1.335325,0.79172003,1,0,val,6.0,5.0,1.0,0.8333333,0.16666667,0.16666669,0.007736944,0.0012894907,1,0,1,1,0
34427,-1,0,2.939534,0.94976646,1,1,unassigned,4.0,3.0,1.0,0.75,0.25,0.25,0.003868472,0.000967118,0,0,0,1,1
34428,1,1,6.1257567,0.99781895,1,0,unassigned,2.0,2.0,0.0,1.0,0.0,0.0,0.0,0.0,1,0,1,1,1
34429,-1,1,5.7827506,0.9969292,1,1,unassigned,9.0,9.0,0.0,1.0,0.0,0.0,0.013539651,0.0,1,0,0,1,1
34430,-1,1,-0.7002467,0.33175755,0,1,unassigned,2.0,2.0,0.0,1.0,0.0,0.0,0.0,0.0,1,0,0,0,0
34431,-1,0,-0.4156803,0.39755088,0,1,unassigned,88.0,88.0,0.0,1.0,0.0,0.0,0.1663443,0.0,0,0,0,0,0
34432,-1,0,-0.7223286,0.32688043,0,1,unassigned,57.0,57.0,0.0,1.0,0.0,0.0,0.10638298,0.0,0,0,0,0,0
34433,-1,1,1.9996626,0.8807616,1,1,unassigned,2.0,2.0,0.0,1.0,0.0,0.0,0.0,0.0,1,0,0,1,0
34434,-1,1,-0.4351443,0.3928986,0,1,unassigned,29.0,27.0,2.0,0.9310345,0.06896552,0.068965495,0.05222437,0.0036016807,1,0,0,0,0
34435,-1,0,0.10871887,0.52715296,1,1,unassigned,21.0,21.0,0.0,1.0,0.0,0.0,0.036750484,0.0,0,0,0,1,0
34436,-1,0,-0.3380823,0.41627535,0,1,unassigned,47.0,47.0,0.0,1.0,0.0,0.0,0.08704062,0.0,0,0,0,0,0
34437,-1,0,9.787809,0.99994385,1,1,unassigned,4.0,4.0,0.0,1.0,0.0,0.0,0.003868472,0.0,0,0,0,1,1
34438,-1,0,0.0617283,0.5154272,1,1,unassigned,3.0,3.0,0.0,1.0,0.0,0.0,0.001934236,0.0,0,0,0,1,0
34439,-1,0,1.5785272,0.8289958,1,1,unassigned,19.0,17.0,2.0,0.8947368,0.10526316,0.10526317,0.032882012,0.0034612645,0,0,0,1,0
34440,-1,0,4.7810493,0.9916825,1,1,unassigned,13.0,13.0,0.0,1.0,0.0,0.0,0.021276595,0.0,0,0,0,1,1
34441,-1,1,0.0438506,0.5109609,1,1,unassigned,10.0,7.0,3.0,0.7,0.3,0.3,0.015473888,0.0046421667,1,0,0,1,0
34442,-1,0,5.05633,0.9936714,1,1,unassigned,6.0,6.0,0.0,1.0,0.0,0.0,0.007736944,0.0,0,0,0,1,1
34443,-1,1,-0.4307993,0.39393547,0,1,unassigned,3.0,2.0,1.0,0.6666667,0.33333334,0.3333333,0.001934236,0.00064474536,1,0,0,0,0
34444,-1,1,1.1586106,0.76108015,1,1,unassigned,2.0,2.0,0.0,1.0,0.0,0.0,0.0,0.0,1,0,0,1,0
34445,-1,1,2.3847845,0.91565967,1,1,unassigned,3.0,3.0,0.0,1.0,0.0,0.0,0.001934236,0.0,1,0,0,1,1
34446,-1,0,3.6487515,0.97463644,1,1,unassigned,7.0,6.0,1.0,0.85714287,0.14285715,0.14285713,0.00967118,0.0013815971,0,0,0,1,1
34447,-1,0,1.001378,0.73132944,1,1,unassigned,2.0,2.0,0.0,1.0,0.0,0.0,0.0,0.0,0,0,0,1,0
34448,-1,0,-0.7426716,0.3224202,0,1,unassigned,7.0,5.0,2.0,0.71428573,0.2857143,0.28571427,0.00967118,0.0027631943,0,0,0,0,0
34449,-1,1,0.5493298,0.6339801,1,1,unassigned,40.0,35.0,5.0,0.875,0.125,0.125,0.07350097,0.009187621,1,0,0,1,0
34450,1,0,0.41225588,0.60162866,1,0,test,89.0,68.0,21.0,0.76404494,0.23595506,0.23595506,0.16827853,0.03970617,0,0,1,1,0
34451,-1,0,4.2334547,0.98570514,1,1,unassigned,19.0,19.0,0.0,1.0,0.0,0.0,0.032882012,0.0,0,0,0,1,1
34452,-1,0,0.4565248,0.6121895,1,1,unassigned,4.0,4.0,0.0,1.0,0.0,0.0,0.003868472,0.0,0,0,0,1,0
34453,-1,1,-0.23351875,0.44188416,0,1,unassigned,4.0,4.0,0.0,1.0,0.0,0.0,0.003868472,0.0,1,0,0,0,0
34454,-1,1,5.8996778,0.9972671,1,1,unassigned,21.0,17.0,4.0,0.8095238,0.1904762,0.19047618,0.036750484,0.0070000924,1,0,0,1,1
34455,-1,0,2.615597,0.9318586,1,1,unassigned,4.0,3.0,1.0,0.75,0.25,0.25,0.003868472,0.000967118,0,0,0,1,1
34456,-1,0,5.5064397,0.9959559,1,1,unassigned,2.0,2.0,0.0,1.0,0.0,0.0,0.0,0.0,0,0,0,1,1
34457,-1,0,1.5257978,0.8213906,1,1,unassigned,6.0,6.0,0.0,1.0,0.0,0.0,0.007736944,0.0,0,0,0,1,0
34458,-1,0,3.0152342,0.9532576,1,1,unassigned,3.0,3.0,0.0,1.0,0.0,0.0,0.001934236,0.0,0,0,0,1,1
34459,-1,0,0.9776854,0.7266487,1,1,unassigned,2.0,2.0,0.0,1.0,0.0,0.0,0.0,0.0,0,0,0,1,0
34460,-1,1,-0.37110287,0.40827453,0,1,unassigned,44.0,40.0,4.0,0.90909094,0.09090909,0.090909064,0.08123791,0.007385265,1,0,0,0,0
34461,1,0,9.8192425,0.99994564,1,0,test,11.0,10.0,1.0,0.90909094,0.09090909,0.090909064,0.017408123,0.0015825568,0,0,1,1,1
34462,-1,0,-0.72048396,0.32728642,0,1,unassigned,8.0,8.0,0.0,1.0,0.0,0.0,0.0116054155,0.0,0,0,0,0,0
34463,-1,0,3.1545086,0.95908594,1,1,unassigned,5.0,5.0,0.0,1.0,0.0,0.0,0.0058027077,0.0,0,0,0,1,1
34464,-1,1,2.54171,0.9270146,1,1,unassigned,3.0,3.0,0.0,1.0,0.0,0.0,0.001934236,0.0,1,0,0,1,1
34465,-1,1,2.2204034,0.9020668,1,1,unassigned,4.0,4.0,0.0,1.0,0.0,0.0,0.003868472,0.0,1,0,0,1,1
34466,-1,0,10.171347,0.99996173,1,1,unassigned,22.0,22.0,0.0,1.0,0.0,0.0,0.03868472,0.0,0,0,0,1,1
34467,1,1,1.5286748,0.82181233,1,0,unassigned,12.0,12.0,0.0,1.0,0.0,0.0,0.01934236,0.0,1,0,1,1,0
34468,-1,1,0.35071713,0.5867915,1,1,unassigned,34.0,34.0,0.0,1.0,0.0,0.0,0.061895553,0.0,1,0,0,1,0
34469,1,0,-0.672818,0.33786613,0,1,unassigned,7.0,7.0,0.0,1.0,0.0,0.0,0.00967118,0.0,0,0,0,0,0
34470,-1,1,3.7163122,0.9762541,1,1,unassigned,19.0,19.0,0.0,1.0,0.0,0.0,0.032882012,0.0,1,0,0,1,1
34471,-1,1,3.3746932,0.9669043,1,1,unassigned,28.0,24.0,4.0,0.85714287,0.14285715,0.14285713,0.050290134,0.007184305,1,0,0,1,1
34472,0,1,-0.6916147,0.33367398,0,0,test,16.0,12.0,4.0,0.75,0.25,0.25,0.027079303,0.0067698257,1,0,1,0,0
34473,-1,0,2.3068993,0.9094468,1,1,unassigned,3.0,3.0,0.0,1.0,0.0,0.0,0.001934236,0.0,0,0,0,1,1
34474,-1,0,-0.48892272,0.38014737,0,1,unassigned,5.0,4.0,1.0,0.8,0.2,0.19999999,0.0058027077,0.0011605415,0,0,0,0,0
34475,0,0,-0.54932195,0.36602175,0,0,val,2.0,2.0,0.0,1.0,0.0,0.0,0.0,0.0,0,0,1,0,0
34476,-1,1,0.25018018,0.5622208,1,1,unassigned,12.0,12.0,0.0,1.0,0.0,0.0,0.01934236,0.0,1,0,0,1,0
34477,-1,0,-0.3280112,0.4187246,0,1,unassigned,6.0,6.0,0.0,1.0,0.0,0.0,0.007736944,0.0,0,0,0,0,0
34478,-1,1,-0.9108657,0.2868227,0,1,unassigned,50.0,47.0,3.0,0.94,0.06,0.060000002,0.092843324,0.0055705993,1,0,0,0,0
34479,-1,0,1.3792217,0.798866,1,1,unassigned,8.0,7.0,1.0,0.875,0.125,0.125,0.0116054155,0.0014506769,0,0,0,1,0
34480,0,0,-0.16534692,0.45875716,0,0,unassigned,4.0,4.0,0.0,1.0,0.0,0.0,0.003868472,0.0,0,0,1,0,0
34481,-1,1,-0.5128029,0.3745367,0,1,unassigned,4.0,4.0,0.0,1.0,0.0,0.0,0.003868472,0.0,1,0,0,0,0
34482,-1,0,-0.8550047,0.29838407,0,1,unassigned,2.0,2.0,0.0,1.0,0.0,0.0,0.0,0.0,0,0,0,0,0
34483,-1,1,5.203422,0.99453235,1,1,unassigned,34.0,24.0,10.0,0.7058824,0.29411766,0.29411763,0.061895553,0.018204575,1,0,0,1,1
34484,-1,1,-0.4073975,0.39953628,0,1,unassigned,2.0,2.0,0.0,1.0,0.0,0.0,0.0,0.0,1,0,0,0,0
34485,-1,0,-0.6971373,0.3324472,0,1,unassigned,3.0,3.0,0.0,1.0,0.0,0.0,0.001934236,0.0,0,0,0,0,0
34486,1,0,1.4315116,0.8071368,1,0,test,24.0,21.0,3.0,0.875,0.125,0.125,0.04255319,0.005319149,0,0,1,1,0
34487,-1,0,-0.2696714,0.43298778,0,1,unassigned,36.0,35.0,1.0,0.9722222,0.027777778,0.027777791,0.065764025,0.0018267785,0,0,0,0,0
34488,-1,1,-0.64787924,0.3434676,0,1,unassigned,26.0,25.0,1.0,0.96153843,0.03846154,0.038461566,0.046421662,0.0017854486,1,0,0,0,0
34489,-1,1,-0.8323754,0.30314302,0,1,unassigned,5.0,5.0,0.0,1.0,0.0,0.0,0.0058027077,0.0,1,0,0,0,0
34490,-1,0,-0.36229324,0.41040453,0,1,unassigned,14.0,13.0,1.0,0.9285714,0.071428575,0.0714286,0.023210831,0.0016579166,0,0,0,0,0
34491,-1,1,0.68758553,0.6654296,1,1,unassigned,29.0,29.0,0.0,1.0,0.0,0.0,0.05222437,0.0,1,0,0,1,0
34492,-1,0,-0.79851186,0.31034395,0,1,unassigned,12.0,11.0,1.0,0.9166667,0.083333336,0.08333331,0.01934236,0.0016118633,0,0,0,0,0
34493,-1,1,1.0224371,0.73544705,1,1,unassigned,25.0,24.0,1.0,0.96,0.04,0.04000002,0.044487428,0.001779497,1,0,0,1,0
34494,-1,0,-0.89500916,0.2900772,0,1,unassigned,37.0,36.0,1.0,0.972973,0.027027028,0.02702701,0.06769826,0.0018296828,0,0,0,0,0
34495,-1,0,-0.9639818,0.27608168,0,1,unassigned,37.0,37.0,0.0,1.0,0.0,0.0,0.06769826,0.0,0,0,0,0,0
34496,-1,0,1.058008,0.7423097,1,1,unassigned,45.0,45.0,0.0,1.0,0.0,0.0,0.08317215,0.0,0,0,0,1,0
34497,0,0,-0.50664586,0.37598014,0,0,unassigned,16.0,16.0,0.0,1.0,0.0,0.0,0.027079303,0.0,0,0,1,0,0
34498,-1,1,3.3651214,0.96659654,1,1,unassigned,9.0,6.0,3.0,0.6666667,0.33333334,0.3333333,0.013539651,0.004513217,1,0,0,1,1
34499,-1,0,-0.6105454,0.3519348,0,1,unassigned,54.0,54.0,0.0,1.0,0.0,0.0,0.10058027,0.0,0,0,0,0,0
34500,-1,0,-0.74400556,0.32212886,0,1,unassigned,38.0,37.0,1.0,0.9736842,0.02631579,0.026315808,0.06963249,0.0018324341,0,0,0,0,0
34501,-1,1,-0.07932964,0.480178,0,1,unassigned,9.0,9.0,0.0,1.0,0.0,0.0,0.013539651,0.0,1,0,0,0,0
34502,-1,1,2.6730494,0.9354175,1,1,unassigned,4.0,4.0,0.0,1.0,0.0,0.0,0.003868472,0.0,1,0,0,1,1
34503,-1,1,0.7112276,0.67067236,1,1,unassigned,6.0,5.0,1.0,0.8333333,0.16666667,0.16666669,0.007736944,0.0012894907,1,0,0,1,0
34504,-1,0,3.8520863,0.9792062,1,1,unassigned,4.0,3.0,1.0,0.75,0.25,0.25,0.003868472,0.000967118,0,0,0,1,1
34505,-1,1,1.7880583,0.85668904,1,1,unassigned,6.0,6.0,0.0,1.0,0.0,0.0,0.007736944,0.0,1,0,0,1,0
34506,-1,1,-0.5155927,0.3738834,0,1,unassigned,9.0,9.0,0.0,1.0,0.0,0.0,0.013539651,0.0,1,0,0,0,0
34507,1,1,-0.9068146,0.2876521,0,1,test,38.0,38.0,0.0,1.0,0.0,0.0,0.06963249,0.0,1,0,0,0,0
34508,-1,0,-0.30122215,0.42525876,0,1,unassigned,31.0,31.0,0.0,1.0,0.0,0.0,0.056092843,0.0,0,0,0,0,0
34509,-1,1,2.1335378,0.8941204,1,1,unassigned,28.0,26.0,2.0,0.9285714,0.071428575,0.0714286,0.050290134,0.0035921526,1,0,0,1,0
34510,-1,1,2.027127,0.883616,1,1,unassigned,12.0,12.0,0.0,1.0,0.0,0.0,0.01934236,0.0,1,0,0,1,0
34511,-1,1,1.0998375,0.75022966,1,1,unassigned,12.0,10.0,2.0,0.8333333,0.16666667,0.16666669,0.01934236,0.0032237265,1,0,0,1,0
34512,-1,0,-0.6174788,0.3503551,0,1,unassigned,8.0,7.0,1.0,0.875,0.125,0.125,0.0116054155,0.0014506769,0,0,0,0,0
34513,-1,0,-0.43851274,0.3920954,0,1,unassigned,39.0,37.0,2.0,0.94871795,0.051282052,0.05128205,0.07156673,0.0036700887,0,0,0,0,0
34514,-1,0,-0.04557705,0.48860773,0,1,unassigned,6.0,6.0,0.0,1.0,0.0,0.0,0.007736944,0.0,0,0,0,0,0
34515,0,0,-0.5128352,0.37452912,0,0,val,22.0,21.0,1.0,0.95454544,0.045454547,0.04545456,0.03868472,0.0017583964,0,0,1,0,0
34516,1,1,4.1701074,0.9847845,1,0,unassigned,7.0,5.0,2.0,0.71428573,0.2857143,0.28571427,0.00967118,0.0027631943,1,0,1,1,1
34517,-1,1,0.14366716,0.5358551,1,1,unassigned,2.0,1.0,1.0,0.5,0.5,0.5,0.0,0.0,1,0,0,1,0
34518,-1,0,3.00876,0.95296824,1,1,unassigned,10.0,10.0,0.0,1.0,0.0,0.0,0.015473888,0.0,0,0,0,1,1
34519,1,0,2.401099,0.916911,1,0,test,4.0,4.0,0.0,1.0,0.0,0.0,0.003868472,0.0,0,0,1,1,1
34520,-1,0,1.95352,0.87582994,1,1,unassigned,3.0,3.0,0.0,1.0,0.0,0.0,0.001934236,0.0,0,0,0,1,0
34521,-1,0,10.039486,0.99995637,1,1,unassigned,11.0,10.0,1.0,0.90909094,0.09090909,0.090909064,0.017408123,0.0015825568,0,0,0,1,1
34522,-1,1,3.735574,0.9766965,1,1,unassigned,21.0,20.0,1.0,0.95238096,0.04761905,0.047619045,0.036750484,0.0017500231,1,0,0,1,1
34523,-1,0,-0.035024405,0.4912448,0,1,unassigned,18.0,18.0,0.0,1.0,0.0,0.0,0.030947777,0.0,0,0,0,0,0
34524,-1,0,0.48506087,0.6189422,1,1,unassigned,5.0,5.0,0.0,1.0,0.0,0.0,0.0058027077,0.0,0,0,0,1,0
34525,0,0,-0.35253614,0.41276756,0,0,val,52.0,50.0,2.0,0.96153843,0.03846154,0.038461566,0.0967118,0.0037196847,0,0,1,0,0
34526,-1,0,-0.3921925,0.4031896,0,1,unassigned,34.0,34.0,0.0,1.0,0.0,0.0,0.061895553,0.0,0,0,0,0,0
34527,-1,0,6.4282374,0.99838734,1,1,unassigned,2.0,2.0,0.0,1.0,0.0,0.0,0.0,0.0,0,0,0,1,1
34528,0,0,-0.46407205,0.38602027,0,0,unassigned,73.0,72.0,1.0,0.98630136,0.01369863,0.0136986375,0.13733076,0.0018812432,0,0,1,0,0
34529,-1,0,-0.8023099,0.30953163,0,1,unassigned,70.0,69.0,1.0,0.98571426,0.014285714,0.014285743,0.13152805,0.0018789722,0,0,0,0,0
34530,-1,0,5.4573417,0.9957533,1,1,unassigned,3.0,3.0,0.0,1.0,0.0,0.0,0.001934236,0.0,0,0,0,1,1
34531,-1,0,19.118954,1.0,1,1,unassigned,4.0,3.0,1.0,0.75,0.25,0.25,0.003868472,0.000967118,0,0,0,1,1
34532,-1,0,3.0397427,0.95433766,1,1,unassigned,3.0,3.0,0.0,1.0,0.0,0.0,0.001934236,0.0,0,0,0,1,1
34533,-1,0,-1.4163284,0.19523782,0,1,unassigned,3.0,2.0,1.0,0.6666667,0.33333334,0.3333333,0.001934236,0.00064474536,0,0,0,0,0
34534,1,0,0.8655917,0.7038276,1,0,val,9.0,9.0,0.0,1.0,0.0,0.0,0.013539651,0.0,0,0,1,1,0
34535,1,0,-0.0056117177,0.49859703,0,1,unassigned,20.0,20.0,0.0,1.0,0.0,0.0,0.034816246,0.0,0,0,0,0,0
34536,1,0,-0.14466575,0.4638965,0,1,val,39.0,38.0,1.0,0.974359,0.025641026,0.025641024,0.07156673,0.0018350444,0,0,0,0,0
34537,-1,1,-0.8292855,0.30379617,0,1,unassigned,21.0,20.0,1.0,0.95238096,0.04761905,0.047619045,0.036750484,0.0017500231,1,0,0,0,0
34538,-1,1,6.093754,0.9977482,1,1,unassigned,5.0,4.0,1.0,0.8,0.2,0.19999999,0.0058027077,0.0011605415,1,0,0,1,1
34539,-1,1,11.501415,0.99998987,1,1,unassigned,4.0,4.0,0.0,1.0,0.0,0.0,0.003868472,0.0,1,0,0,1,1
34540,-1,1,1.5714643,0.82799226,1,1,unassigned,2.0,2.0,0.0,1.0,0.0,0.0,0.0,0.0,1,0,0,1,0
34541,-1,0,-0.30012476,0.425527,0,1,unassigned,20.0,20.0,0.0,1.0,0.0,0.0,0.034816246,0.0,0,0,0,0,0
34542,-1,0,0.4723969,0.61595094,1,1,unassigned,2.0,2.0,0.0,1.0,0.0,0.0,0.0,0.0,0,0,0,1,0
34543,1,0,0.08129889,0.5203135,1,0,unassigned,25.0,23.0,2.0,0.92,0.08,0.07999998,0.044487428,0.003558994,0,0,1,1,0
34544,-1,0,0.5298129,0.6294395,1,1,unassigned,4.0,4.0,0.0,1.0,0.0,0.0,0.003868472,0.0,0,0,0,1,0
34545,1,0,0.0046405196,0.50116014,1,0,val,3.0,3.0,0.0,1.0,0.0,0.0,0.001934236,0.0,0,0,1,1,0
34546,1,0,4.350796,0.9872677,1,0,unassigned,8.0,7.0,1.0,0.875,0.125,0.125,0.0116054155,0.0014506769,0,0,1,1,1
34547,-1,0,1.696739,0.84510833,1,1,unassigned,2.0,2.0,0.0,1.0,0.0,0.0,0.0,0.0,0,0,0,1,0
34548,-1,0,0.374685,0.5925906,1,1,unassigned,3.0,3.0,0.0,1.0,0.0,0.0,0.001934236,0.0,0,0,0,1,0
34549,1,0,1.4032679,0.80270195,1,0,test,27.0,27.0,0.0,1.0,0.0,0.0,0.0483559,0.0,0,0,1,1,0
34550,-1,1,1.3949146,0.8013756,1,1,unassigned,20.0,20.0,0.0,1.0,0.0,0.0,0.034816246,0.0,1,0,0,1,0
34551,-1,1,-0.28773922,0.42855743,0,1,unassigned,9.0,8.0,1.0,0.8888889,0.11111111,0.111111104,0.013539651,0.0015044058,1,0,0,0,0
34552,-1,1,-0.33708432,0.4165179,0,1,unassigned,6.0,6.0,0.0,1.0,0.0,0.0,0.007736944,0.0,1,0,0,0,0
34553,-1,1,-0.6952602,0.33286393,0,1,unassigned,4.0,3.0,1.0,0.75,0.25,0.25,0.003868472,0.000967118,1,0,0,0,0
34554,-1,0,1.102006,0.75063574,1,1,unassigned,22.0,17.0,5.0,0.77272725,0.22727273,0.22727275,0.03868472,0.008791981,0,0,0,1,0
34555,-1,0,-0.05707544,0.48573497,0,1,unassigned,23.0,23.0,0.0,1.0,0.0,0.0,0.040618956,0.0,0,0,0,0,0
34556,-1,0,2.4590423,0.9212202,1,1,unassigned,3.0,3.0,0.0,1.0,0.0,0.0,0.001934236,0.0,0,0,0,1,1
34557,1,0,1.530294,0.8220493,1,0,unassigned,19.0,19.0,0.0,1.0,0.0,0.0,0.032882012,0.0,0,0,1,1,0
34558,-1,1,2.2128713,0.90139943,1,1,unassigned,13.0,13.0,0.0,1.0,0.0,0.0,0.021276595,0.0,1,0,0,1,1
34559,-1,1,3.4122403,0.96808493,1,1,unassigned,7.0,7.0,0.0,1.0,0.0,0.0,0.00967118,0.0,1,0,0,1,1
34560,-1,0,-0.24221739,0.43973997,0,1,unassigned,2.0,2.0,0.0,1.0,0.0,0.0,0.0,0.0,0,0,0,0,0
34561,-1,0,-0.5685366,0.36157456,0,1,unassigned,2.0,2.0,0.0,1.0,0.0,0.0,0.0,0.0,0,0,0,0,0
34562,-1,0,-0.5657188,0.36222526,0,1,unassigned,42.0,42.0,0.0,1.0,0.0,0.0,0.07736944,0.0,0,0,0,0,0
34563,-1,1,1.7872417,0.8565888,1,1,unassigned,7.0,1.0,6.0,0.14285715,0.85714287,0.85714287,0.00967118,0.008289583,1,1,0,1,0
34564,-1,0,2.3600905,0.9137329,1,1,unassigned,18.0,17.0,1.0,0.9444444,0.055555556,0.055555582,0.030947777,0.0017193209,0,0,0,1,1
34565,-1,1,-0.41243017,0.39832956,0,1,unassigned,5.0,3.0,2.0,0.6,0.4,0.39999998,0.0058027077,0.002321083,1,0,0,0,0
34566,-1,0,4.475622,0.9887449,1,1,unassigned,30.0,30.0,0.0,1.0,0.0,0.0,0.054158606,0.0,0,0,0,1,1
34567,-1,0,-0.4524539,0.38877746,0,1,unassigned,32.0,32.0,0.0,1.0,0.0,0.0,0.058027077,0.0,0,0,0,0,0
34568,-1,0,-0.5127129,0.3745578,0,1,unassigned,40.0,39.0,1.0,0.975,0.025,0.024999976,0.07350097,0.0018375242,0,0,0,0,0
34569,-1,0,1.563524,0.82685846,1,1,unassigned,11.0,11.0,0.0,1.0,0.0,0.0,0.017408123,0.0,0,0,0,1,0
34570,-1,1,1.3983605,0.8019236,1,1,unassigned,17.0,16.0,1.0,0.9411765,0.05882353,0.058823526,0.029013539,0.0017066788,1,0,0,1,0
34571,-1,0,0.014962494,0.50374055,1,1,unassigned,13.0,13.0,0.0,1.0,0.0,0.0,0.021276595,0.0,0,0,0,1,0
34572,-1,0,-0.7561884,0.31947437,0,1,unassigned,11.0,10.0,1.0,0.90909094,0.09090909,0.090909064,0.017408123,0.0015825568,0,0,0,0,0
34573,-1,1,-0.5453856,0.36693564,0,1,unassigned,6.0,6.0,0.0,1.0,0.0,0.0,0.007736944,0.0,1,0,0,0,0
34574,-1,1,0.03498572,0.50874555,1,1,unassigned,11.0,11.0,0.0,1.0,0.0,0.0,0.017408123,0.0,1,0,0,1,0
34575,-1,0,-0.7596508,0.3187221,0,1,unassigned,41.0,26.0,15.0,0.63414633,0.36585367,0.36585367,0.07543521,0.027598247,0,0,0,0,0
34576,-1,1,4.1889935,0.9850649,1,1,unassigned,2.0,2.0,0.0,1.0,0.0,0.0,0.0,0.0,1,0,0,1,1
34577,-1,0,0.6212842,0.65051055,1,1,unassigned,23.0,20.0,3.0,0.8695652,0.13043478,0.13043481,0.040618956,0.0052981246,0,0,0,1,0
34578,-1,1,1.875479,0.86709094,1,1,unassigned,39.0,33.0,6.0,0.84615386,0.15384616,0.15384614,0.07156673,0.011010267,1,0,0,1,0
34579,-1,1,-0.16405499,0.45907804,0,1,unassigned,17.0,15.0,2.0,0.88235295,0.11764706,0.11764705,0.029013539,0.0034133575,1,0,0,0,0
34580,0,1,-0.7078099,0.33008295,0,0,test,22.0,17.0,5.0,0.77272725,0.22727273,0.22727275,0.03868472,0.008791981,1,0,1,0,0
34581,-1,1,3.0980766,0.9568133,1,1,unassigned,15.0,14.0,1.0,0.93333334,0.06666667,0.06666666,0.025145067,0.0016763379,1,0,0,1,1
34582,-1,1,-0.56992555,0.361254,0,1,unassigned,4.0,4.0,0.0,1.0,0.0,0.0,0.003868472,0.0,1,0,0,0,0
34583,-1,0,1.9889233,0.87962914,1,1,unassigned,2.0,2.0,0.0,1.0,0.0,0.0,0.0,0.0,0,0,0,1,0
34584,-1,0,-0.11084351,0.4723175,0,1,unassigned,3.0,3.0,0.0,1.0,0.0,0.0,0.001934236,0.0,0,0,0,0,0
34585,-1,1,4.129166,0.98415864,1,1,unassigned,10.0,6.0,4.0,0.6,0.4,0.39999998,0.015473888,0.0061895554,1,0,0,1,1
34586,-1,0,3.1254838,0.9579318,1,1,unassigned,2.0,2.0,0.0,1.0,0.0,0.0,0.0,0.0,0,0,0,1,1
34587,-1,0,7.178269,0.99923766,1,1,unassigned,9.0,8.0,1.0,0.8888889,0.11111111,0.111111104,0.013539651,0.0015044058,0,0,0,1,1
34588,-1,0,2.942383,0.9499023,1,1,unassigned,6.0,3.0,3.0,0.5,0.5,0.5,0.007736944,0.003868472,0,0,0,1,1
34589,-1,1,0.07384592,0.5184531,1,1,unassigned,21.0,20.0,1.0,0.95238096,0.04761905,0.047619045,0.036750484,0.0017500231,1,0,0,1,0
34590,-1,0,3.7989547,0.9780963,1,1,unassigned,5.0,5.0,0.0,1.0,0.0,0.0,0.0058027077,0.0,0,0,0,1,1
34591,-1,0,5.867137,0.997177,1,1,unassigned,2.0,2.0,0.0,1.0,0.0,0.0,0.0,0.0,0,0,0,1,1
34592,-1,1,0.65782124,0.6587708,1,1,unassigned,18.0,18.0,0.0,1.0,0.0,0.0,0.030947777,0.0,1,0,0,1,0
34593,-1,1,1.0412526,0.73909163,1,1,unassigned,8.0,8.0,0.0,1.0,0.0,0.0,0.0116054155,0.0,1,0,0,1,0
34594,-1,0,0.057124794,0.5142773,1,1,unassigned,3.0,3.0,0.0,1.0,0.0,0.0,0.001934236,0.0,0,0,0,1,0
34595,-1,0,2.6774118,0.9356805,1,1,unassigned,3.0,3.0,0.0,1.0,0.0,0.0,0.001934236,0.0,0,0,0,1,1
34596,-1,1,1.111151,0.7523436,1,1,unassigned,3.0,2.0,1.0,0.6666667,0.33333334,0.3333333,0.001934236,0.00064474536,1,0,0,1,0
34597,-1,0,3.7413723,0.9768281,1,1,unassigned,6.0,6.0,0.0,1.0,0.0,0.0,0.007736944,0.0,0,0,0,1,1
34598,-1,1,0.18802398,0.546868,1,1,unassigned,2.0,2.0,0.0,1.0,0.0,0.0,0.0,0.0,1,0,0,1,0
34599,-1,0,0.90313405,0.7115931,1,1,unassigned,4.0,4.0,0.0,1.0,0.0,0.0,0.003868472,0.0,0,0,0,1,0
34600,1,0,1.4479811,0.8096875,1,0,test,16.0,16.0,0.0,1.0,0.0,0.0,0.027079303,0.0,0,0,1,1,0
34601,-1,0,1.9647994,0.8770514,1,1,unassigned,6.0,6.0,0.0,1.0,0.0,0.0,0.007736944,0.0,0,0,0,1,0
34602,-1,1,-0.3341427,0.417233,0,1,unassigned,15.0,15.0,0.0,1.0,0.0,0.0,0.025145067,0.0,1,0,0,0,0
34603,-1,0,11.79772,0.9999925,1,1,unassigned,2.0,2.0,0.0,1.0,0.0,0.0,0.0,0.0,0,0,0,1,1
34604,-1,0,-0.09562248,0.47611254,0,1,unassigned,7.0,7.0,0.0,1.0,0.0,0.0,0.00967118,0.0,0,0,0,0,0
34605,-1,1,6.8487043,0.9989403,1,1,unassigned,19.0,19.0,0.0,1.0,0.0,0.0,0.032882012,0.0,1,0,0,1,1
34606,-1,0,0.25075334,0.5623619,1,1,unassigned,2.0,2.0,0.0,1.0,0.0,0.0,0.0,0.0,0,0,0,1,0
34607,1,0,1.7732232,0.85485804,1,0,val,30.0,29.0,1.0,0.96666664,0.033333335,0.03333336,0.054158606,0.001805287,0,0,1,1,0
34608,-1,0,-0.1392946,0.46523255,0,1,unassigned,3.0,3.0,0.0,1.0,0.0,0.0,0.001934236,0.0,0,0,0,0,0
34609,-1,1,-0.6551287,0.34183472,0,1,unassigned,8.0,8.0,0.0,1.0,0.0,0.0,0.0116054155,0.0,1,0,0,0,0
34610,-1,0,9.725874,0.9999403,1,1,unassigned,10.0,5.0,5.0,0.5,0.5,0.5,0.015473888,0.007736944,0,0,0,1,1
34611,0,0,-0.759146,0.3188317,0,0,train,49.0,49.0,0.0,1.0,0.0,0.0,0.09090909,0.0,0,0,1,0,0
34612,-1,1,1.4231229,0.8058275,1,1,unassigned,3.0,2.0,1.0,0.6666667,0.33333334,0.3333333,0.001934236,0.00064474536,1,0,0,1,0
34613,-1,0,-0.5089373,0.3754427,0,1,unassigned,21.0,20.0,1.0,0.95238096,0.04761905,0.047619045,0.036750484,0.0017500231,0,0,0,0,0
34614,-1,0,-0.7736769,0.31568426,0,1,unassigned,38.0,37.0,1.0,0.9736842,0.02631579,0.026315808,0.06963249,0.0018324341,0,0,0,0,0
34615,-1,1,-0.46544456,0.38569504,0,1,unassigned,2.0,2.0,0.0,1.0,0.0,0.0,0.0,0.0,1,0,0,0,0
34616,0,0,2.6898515,0.93642515,1,1,unassigned,23.0,23.0,0.0,1.0,0.0,0.0,0.040618956,0.0,0,0,0,1,1
34617,-1,1,0.0039044023,0.5009761,1,1,unassigned,46.0,46.0,0.0,1.0,0.0,0.0,0.08510638,0.0,1,0,0,1,0
34618,1,1,0.32056767,0.5794626,1,0,val,5.0,4.0,1.0,0.8,0.2,0.19999999,0.0058027077,0.0011605415,1,0,1,1,0
34619,-1,0,-0.3129716,0.42238957,0,1,unassigned,35.0,35.0,0.0,1.0,0.0,0.0,0.06382979,0.0,0,0,0,0,0
34620,0,1,1.243638,0.77619666,1,1,unassigned,2.0,2.0,0.0,1.0,0.0,0.0,0.0,0.0,1,0,0,1,0
34621,-1,1,-0.51891124,0.37310687,0,1,unassigned,5.0,5.0,0.0,1.0,0.0,0.0,0.0058027077,0.0,1,0,0,0,0
34622,0,1,0.6593111,0.6591056,1,1,test,4.0,4.0,0.0,1.0,0.0,0.0,0.003868472,0.0,1,0,0,1,0
34623,-1,1,4.6494703,0.990524,1,1,unassigned,11.0,9.0,2.0,0.8181818,0.18181819,0.18181819,0.017408123,0.0031651135,1,0,0,1,1
34624,-1,0,0.8571891,0.70207304,1,1,unassigned,19.0,15.0,4.0,0.7894737,0.21052632,0.21052629,0.032882012,0.006922529,0,0,0,1,0
34625,-1,0,7.5368857,0.9994672,1,1,unassigned,15.0,13.0,2.0,0.8666667,0.13333334,0.13333333,0.025145067,0.0033526758,0,0,0,1,1
34626,-1,0,7.6045136,0.99950206,1,1,unassigned,41.0,35.0,6.0,0.85365856,0.14634146,0.14634144,0.07543521,0.011039298,0,0,0,1,1
34627,-1,0,5.490206,0.99588996,1,1,unassigned,5.0,4.0,1.0,0.8,0.2,0.19999999,0.0058027077,0.0011605415,0,0,0,1,1
34628,-1,0,0.22547042,0.55613,1,1,unassigned,3.0,2.0,1.0,0.6666667,0.33333334,0.3333333,0.001934236,0.00064474536,0,0,0,1,0
34629,-1,0,0.3755315,0.59279495,1,1,unassigned,2.0,2.0,0.0,1.0,0.0,0.0,0.0,0.0,0,0,0,1,0
34630,-1,0,2.528632,0.9261248,1,1,unassigned,12.0,12.0,0.0,1.0,0.0,0.0,0.01934236,0.0,0,0,0,1,1
34631,-1,0,0.49104625,0.62035286,1,1,unassigned,43.0,42.0,1.0,0.9767442,0.023255814,0.023255825,0.079303674,0.0018442714,0,0,0,1,0
34632,-1,0,1.6945064,0.8448159,1,1,unassigned,25.0,24.0,1.0,0.96,0.04,0.04000002,0.044487428,0.001779497,0,0,0,1,0
34633,-1,0,5.9225793,0.9973289,1,1,unassigned,7.0,7.0,0.0,1.0,0.0,0.0,0.00967118,0.0,0,0,0,1,1
34634,-1,0,-0.68539304,0.33505872,0,1,unassigned,3.0,3.0,0.0,1.0,0.0,0.0,0.001934236,0.0,0,0,0,0,0
34635,-1,0,3.2334826,0.962075,1,1,unassigned,20.0,19.0,1.0,0.95,0.05,0.050000012,0.034816246,0.0017408123,0,0,0,1,1
34636,-1,1,-0.8292307,0.30380777,0,1,unassigned,6.0,6.0,0.0,1.0,0.0,0.0,0.007736944,0.0,1,0,0,0,0
34637,0,1,-0.008718073,0.4978205,0,0,test,7.0,7.0,0.0,1.0,0.0,0.0,0.00967118,0.0,1,0,1,0,0
34638,-1,0,3.0930364,0.95660454,1,1,unassigned,3.0,3.0,0.0,1.0,0.0,0.0,0.001934236,0.0,0,0,0,1,1
34639,-1,0,6.5861373,0.99862254,1,1,unassigned,2.0,2.0,0.0,1.0,0.0,0.0,0.0,0.0,0,0,0,1,1
34640,-1,0,-0.14098752,0.4648114,0,1,unassigned,33.0,33.0,0.0,1.0,0.0,0.0,0.059961315,0.0,0,0,0,0,0
34641,1,0,4.651008,0.99053836,1,0,test,5.0,2.0,3.0,0.4,0.6,0.6,0.0058027077,0.0034816249,0,0,1,1,1
34642,-1,0,5.755444,0.99684453,1,1,unassigned,6.0,5.0,1.0,0.8333333,0.16666667,0.16666669,0.007736944,0.0012894907,0,0,0,1,1
34643,-1,1,1.0419192,0.73922014,1,1,unassigned,3.0,3.0,0.0,1.0,0.0,0.0,0.001934236,0.0,1,0,0,1,0
34644,0,0,-0.44499972,0.3905503,0,0,test,4.0,3.0,1.0,0.75,0.25,0.25,0.003868472,0.000967118,0,0,1,0,0
34645,-1,0,3.742955,0.9768639,1,1,unassigned,7.0,7.0,0.0,1.0,0.0,0.0,0.00967118,0.0,0,0,0,1,1
34646,-1,1,2.764775,0.9407424,1,1,unassigned,7.0,2.0,5.0,0.2857143,0.71428573,0.71428573,0.00967118,0.0069079855,1,0,0,1,1
34647,1,1,3.5861418,0.97304183,1,0,test,12.0,12.0,0.0,1.0,0.0,0.0,0.01934236,0.0,1,0,1,1,1
34648,-1,0,6.7424684,0.9988217,1,1,unassigned,17.0,15.0,2.0,0.88235295,0.11764706,0.11764705,0.029013539,0.0034133575,0,0,0,1,1
34649,1,0,1.9727914,0.8779106,1,0,val,9.0,8.0,1.0,0.8888889,0.11111111,0.111111104,0.013539651,0.0015044058,0,0,1,1,0
34650,-1,0,2.7292082,0.93872833,1,1,unassigned,5.0,5.0,0.0,1.0,0.0,0.0,0.0058027077,0.0,0,0,0,1,1
34651,1,0,0.70511156,0.6693201,1,0,val,7.0,7.0,0.0,1.0,0.0,0.0,0.00967118,0.0,0,0,1,1,0
34652,-1,1,0.48723418,0.6194547,1,1,unassigned,14.0,13.0,1.0,0.9285714,0.071428575,0.0714286,0.023210831,0.0016579166,1,0,0,1,0
34653,-1,1,1.7738059,0.85493034,1,1,unassigned,2.0,2.0,0.0,1.0,0.0,0.0,0.0,0.0,1,0,0,1,0
34654,-1,1,-0.82252765,0.30522737,0,1,unassigned,54.0,52.0,2.0,0.962963,0.037037037,0.037037015,0.10058027,0.003725195,1,0,0,0,0
34655,-1,0,0.42928368,0.6057026,1,1,unassigned,2.0,1.0,1.0,0.5,0.5,0.5,0.0,0.0,0,0,0,1,0
34656,-1,0,1.5863426,0.8301009,1,1,unassigned,35.0,34.0,1.0,0.9714286,0.028571429,0.028571427,0.06382979,0.0018237082,0,0,0,1,0
34657,0,0,-0.12671357,0.46836394,0,0,val,5.0,5.0,0.0,1.0,0.0,0.0,0.0058027077,0.0,0,0,1,0,0
34658,-1,0,16.535578,0.9999999,1,1,unassigned,2.0,2.0,0.0,1.0,0.0,0.0,0.0,0.0,0,0,0,1,1
34659,-1,1,2.1207592,0.8929046,1,1,unassigned,9.0,9.0,0.0,1.0,0.0,0.0,0.013539651,0.0,1,0,0,1,0
34660,-1,0,4.544,0.989481,1,1,unassigned,2.0,2.0,0.0,1.0,0.0,0.0,0.0,0.0,0,0,0,1,1
34661,-1,0,3.6313794,0.97420347,1,1,unassigned,3.0,3.0,0.0,1.0,0.0,0.0,0.001934236,0.0,0,0,0,1,1
34662,-1,1,-0.9364059,0.2816269,0,1,unassigned,2.0,1.0,1.0,0.5,0.5,0.5,0.0,0.0,1,0,0,0,0
34663,-1,1,2.3256314,0.9109777,1,1,unassigned,2.0,2.0,0.0,1.0,0.0,0.0,0.0,0.0,1,0,0,1,1
34664,-1,0,-0.40638417,0.39977947,0,1,unassigned,189.0,186.0,3.0,0.984127,0.015873017,0.015873015,0.3617021,0.005741304,0,0,0,0,0
34665,1,1,5.1013,0.993948,1,0,train,2.0,2.0,0.0,1.0,0.0,0.0,0.0,0.0,1,0,1,1,1
34666,-1,0,0.36307412,0.5897844,1,1,unassigned,2.0,2.0,0.0,1.0,0.0,0.0,0.0,0.0,0,0,0,1,0
34667,0,1,-0.7894477,0.31228727,0,0,unassigned,4.0,4.0,0.0,1.0,0.0,0.0,0.003868472,0.0,1,0,1,0,0
34668,-1,1,2.6815784,0.93593085,1,1,unassigned,5.0,5.0,0.0,1.0,0.0,0.0,0.0058027077,0.0,1,0,0,1,1
34669,-1,0,0.22909623,0.55702484,1,1,unassigned,3.0,3.0,0.0,1.0,0.0,0.0,0.001934236,0.0,0,0,0,1,0
34670,-1,1,-0.1860247,0.45362747,0,1,unassigned,9.0,9.0,0.0,1.0,0.0,0.0,0.013539651,0.0,1,0,0,0,0
34671,-1,0,2.9321163,0.9494114,1,1,unassigned,12.0,12.0,0.0,1.0,0.0,0.0,0.01934236,0.0,0,0,0,1,1
34672,1,1,3.2194145,0.96155834,1,0,unassigned,5.0,5.0,0.0,1.0,0.0,0.0,0.0058027077,0.0,1,0,1,1,1
34673,-1,1,2.440703,0.91987896,1,1,unassigned,3.0,3.0,0.0,1.0,0.0,0.0,0.001934236,0.0,1,0,0,1,1
34674,-1,0,-0.30508307,0.42431536,0,1,unassigned,20.0,20.0,0.0,1.0,0.0,0.0,0.034816246,0.0,0,0,0,0,0
34675,-1,1,2.142977,0.89501065,1,1,unassigned,7.0,7.0,0.0,1.0,0.0,0.0,0.00967118,0.0,1,0,0,1,0
34676,-1,1,5.9662538,0.9974427,1,1,unassigned,13.0,12.0,1.0,0.9230769,0.07692308,0.07692307,0.021276595,0.0016366612,1,0,0,1,1
34677,-1,1,0.7597855,0.68130714,1,1,unassigned,5.0,5.0,0.0,1.0,0.0,0.0,0.0058027077,0.0,1,0,0,1,0
34678,-1,0,-0.35608387,0.41190788,0,1,unassigned,17.0,17.0,0.0,1.0,0.0,0.0,0.029013539,0.0,0,0,0,0,0
34679,1,1,2.709164,0.9375652,1,0,val,3.0,1.0,2.0,0.33333334,0.6666667,0.6666666,0.001934236,0.0012894907,1,0,1,1,1
34680,0,0,-0.22075832,0.44503343,0,0,unassigned,13.0,13.0,0.0,1.0,0.0,0.0,0.021276595,0.0,0,0,1,0,0
34681,-1,0,1.3270621,0.79035425,1,1,unassigned,2.0,2.0,0.0,1.0,0.0,0.0,0.0,0.0,0,0,0,1,0
34682,-1,0,6.2135415,0.9980019,1,1,unassigned,6.0,6.0,0.0,1.0,0.0,0.0,0.007736944,0.0,0,0,0,1,1
34683,-1,0,12.335137,0.9999956,1,1,unassigned,11.0,11.0,0.0,1.0,0.0,0.0,0.017408123,0.0,0,0,0,1,1
34684,-1,0,-0.89270353,0.29055223,0,1,unassigned,8.0,7.0,1.0,0.875,0.125,0.125,0.0116054155,0.0014506769,0,0,0,0,0
34685,-1,0,0.53898746,0.63157684,1,1,unassigned,4.0,4.0,0.0,1.0,0.0,0.0,0.003868472,0.0,0,0,0,1,0
34686,-1,0,5.222161,0.9946333,1,1,unassigned,8.0,8.0,0.0,1.0,0.0,0.0,0.0116054155,0.0,0,0,0,1,1
34687,-1,1,2.93594,0.94959474,1,1,unassigned,6.0,5.0,1.0,0.8333333,0.16666667,0.16666669,0.007736944,0.0012894907,1,0,0,1,1
34688,0,0,-0.26171482,0.43494222,0,0,unassigned,18.0,18.0,0.0,1.0,0.0,0.0,0.030947777,0.0,0,0,1,0,0
34689,0,0,0.24912363,0.5619608,1,1,unassigned,3.0,3.0,0.0,1.0,0.0,0.0,0.001934236,0.0,0,0,0,1,0
34690,0,0,1.8758979,0.8671393,1,1,val,3.0,3.0,0.0,1.0,0.0,0.0,0.001934236,0.0,0,0,0,1,0
34691,-1,1,3.745536,0.97692215,1,1,unassigned,7.0,7.0,0.0,1.0,0.0,0.0,0.00967118,0.0,1,0,0,1,1
34692,1,0,0.3395027,0.5840697,1,0,val,2.0,2.0,0.0,1.0,0.0,0.0,0.0,0.0,0,0,1,1,0
34693,-1,0,2.6636598,0.9348479,1,1,unassigned,2.0,1.0,1.0,0.5,0.5,0.5,0.0,0.0,0,0,0,1,1
34694,1,0,-0.40675855,0.39968964,0,1,train,20.0,20.0,0.0,1.0,0.0,0.0,0.034816246,0.0,0,0,0,0,0
34695,-1,0,-0.22829145,0.4431737,0,1,unassigned,32.0,32.0,0.0,1.0,0.0,0.0,0.058027077,0.0,0,0,0,0,0
34696,-1,0,3.1453292,0.95872426,1,1,unassigned,9.0,9.0,0.0,1.0,0.0,0.0,0.013539651,0.0,0,0,0,1,1
34697,-1,0,4.6937585,0.99093086,1,1,unassigned,2.0,2.0,0.0,1.0,0.0,0.0,0.0,0.0,0,0,0,1,1
34698,-1,1,-0.93461347,0.28198966,0,1,unassigned,13.0,13.0,0.0,1.0,0.0,0.0,0.021276595,0.0,1,0,0,0,0
34699,0,0,-0.45319697,0.38860092,0,0,val,9.0,9.0,0.0,1.0,0.0,0.0,0.013539651,0.0,0,0,1,0,0
34700,-1,0,-0.7178918,0.3278574,0,1,unassigned,8.0,8.0,0.0,1.0,0.0,0.0,0.0116054155,0.0,0,0,0,0,0
34701,-1,0,1.898674,0.8697414,1,1,unassigned,12.0,12.0,0.0,1.0,0.0,0.0,0.01934236,0.0,0,0,0,1,0
34702,-1,0,0.7112405,0.67067516,1,1,unassigned,18.0,17.0,1.0,0.9444444,0.055555556,0.055555582,0.030947777,0.0017193209,0,0,0,1,0
34703,-1,0,0.2849335,0.5707553,1,1,unassigned,4.0,4.0,0.0,1.0,0.0,0.0,0.003868472,0.0,0,0,0,1,0
34704,-1,1,7.9532485,0.9996486,1,1,unassigned,5.0,5.0,0.0,1.0,0.0,0.0,0.0058027077,0.0,1,0,0,1,1
34705,-1,1,7.89761,0.99962854,1,1,unassigned,5.0,5.0,0.0,1.0,0.0,0.0,0.0058027077,0.0,1,0,0,1,1
34706,-1,0,0.9260327,0.7162697,1,1,unassigned,3.0,3.0,0.0,1.0,0.0,0.0,0.001934236,0.0,0,0,0,1,0
34707,-1,1,4.159222,0.98462045,1,1,unassigned,9.0,9.0,0.0,1.0,0.0,0.0,0.013539651,0.0,1,0,0,1,1
34708,-1,1,-0.35659704,0.41178358,0,1,unassigned,23.0,22.0,1.0,0.95652175,0.04347826,0.04347825,0.040618956,0.0017660416,1,0,0,0,0
34709,-1,0,14.038437,0.99999917,1,1,unassigned,4.0,3.0,1.0,0.75,0.25,0.25,0.003868472,0.000967118,0,0,0,1,1
34710,-1,0,-0.056309104,0.48592642,0,1,unassigned,11.0,11.0,0.0,1.0,0.0,0.0,0.017408123,0.0,0,0,0,0,0
34711,-1,0,4.202925,0.9852684,1,1,unassigned,16.0,14.0,2.0,0.875,0.125,0.125,0.027079303,0.0033849129,0,0,0,1,1
34712,-1,0,0.27315217,0.56786656,1,1,unassigned,10.0,10.0,0.0,1.0,0.0,0.0,0.015473888,0.0,0,0,0,1,0
34713,0,0,-0.18260974,0.45447397,0,0,test,3.0,2.0,1.0,0.6666667,0.33333334,0.3333333,0.001934236,0.00064474536,0,0,1,0,0
34714,-1,0,6.9345765,0.9990274,1,1,unassigned,2.0,2.0,0.0,1.0,0.0,0.0,0.0,0.0,0,0,0,1,1
34715,1,0,3.8538125,0.9792413,1,0,test,9.0,8.0,1.0,0.8888889,0.11111111,0.111111104,0.013539651,0.0015044058,0,0,1,1,1
34716,-1,0,1.9197044,0.8721055,1,1,unassigned,2.0,2.0,0.0,1.0,0.0,0.0,0.0,0.0,0,0,0,1,0
34717,1,1,-0.0043672323,0.49890816,0,1,test,52.0,47.0,5.0,0.90384614,0.09615385,0.096153855,0.0967118,0.009299211,1,0,0,0,0
34718,-1,0,3.0356154,0.9541575,1,1,unassigned,25.0,24.0,1.0,0.96,0.04,0.04000002,0.044487428,0.001779497,0,0,0,1,1
34719,-1,0,4.1270776,0.9841261,1,1,unassigned,3.0,3.0,0.0,1.0,0.0,0.0,0.001934236,0.0,0,0,0,1,1
34720,-1,0,0.9948328,0.7300414,1,1,unassigned,12.0,12.0,0.0,1.0,0.0,0.0,0.01934236,0.0,0,0,0,1,0
34721,-1,0,-1.0679741,0.25578856,0,1,unassigned,3.0,3.0,0.0,1.0,0.0,0.0,0.001934236,0.0,0,0,0,0,0
34722,-1,1,0.6467946,0.6562878,1,1,unassigned,2.0,2.0,0.0,1.0,0.0,0.0,0.0,0.0,1,0,0,1,0
34723,-1,0,0.67731005,0.6631381,1,1,unassigned,2.0,2.0,0.0,1.0,0.0,0.0,0.0,0.0,0,0,0,1,0
34724,-1,0,1.5383427,0.82322365,1,1,unassigned,24.0,23.0,1.0,0.9583333,0.041666668,0.041666687,0.04255319,0.0017730496,0,0,0,1,0
34725,-1,0,-0.031977117,0.49200642,0,1,unassigned,6.0,6.0,0.0,1.0,0.0,0.0,0.007736944,0.0,0,0,0,0,0
34726,-1,1,3.288025,0.96401566,1,1,unassigned,2.0,2.0,0.0,1.0,0.0,0.0,0.0,0.0,1,0,0,1,1
34727,-1,0,1.2822042,0.7828247,1,1,unassigned,8.0,8.0,0.0,1.0,0.0,0.0,0.0116054155,0.0,0,0,0,1,0
34728,-1,0,5.1497703,0.9942327,1,1,unassigned,5.0,5.0,0.0,1.0,0.0,0.0,0.0058027077,0.0,0,0,0,1,1
34729,1,1,0.41169572,0.6014944,1,0,test,7.0,5.0,2.0,0.71428573,0.2857143,0.28571427,0.00967118,0.0027631943,1,0,1,1,0
34730,-1,1,3.0049365,0.9527966,1,1,unassigned,2.0,2.0,0.0,1.0,0.0,0.0,0.0,0.0,1,0,0,1,1
34731,-1,0,2.3081234,0.90954757,1,1,unassigned,48.0,47.0,1.0,0.9791667,0.020833334,0.020833313,0.088974856,0.0018536429,0,0,0,1,1
34732,-1,1,-0.4398675,0.39177254,0,1,unassigned,63.0,60.0,3.0,0.95238096,0.04761905,0.047619045,0.11798839,0.005618495,1,0,0,0,0
34733,-1,0,-1.0124322,0.26650414,0,1,unassigned,2.0,2.0,0.0,1.0,0.0,0.0,0.0,0.0,0,0,0,0,0
34734,-1,0,0.04228908,0.5105707,1,1,unassigned,12.0,12.0,0.0,1.0,0.0,0.0,0.01934236,0.0,0,0,0,1,0
34735,-1,0,3.544883,0.9719382,1,1,unassigned,2.0,1.0,1.0,0.5,0.5,0.5,0.0,0.0,0,0,0,1,1
34736,-1,1,1.4769042,0.81410456,1,1,unassigned,5.0,5.0,0.0,1.0,0.0,0.0,0.0058027077,0.0,1,0,0,1,0
34737,-1,0,-0.24102783,0.4400331,0,1,unassigned,4.0,4.0,0.0,1.0,0.0,0.0,0.003868472,0.0,0,0,0,0,0
34738,-1,0,0.80014926,0.69000643,1,1,unassigned,14.0,14.0,0.0,1.0,0.0,0.0,0.023210831,0.0,0,0,0,1,0
34739,-1,0,2.8142867,0.94344294,1,1,unassigned,17.0,13.0,4.0,0.7647059,0.23529412,0.2352941,0.029013539,0.006826715,0,0,0,1,1
34740,-1,0,2.2807164,0.90726733,1,1,unassigned,2.0,1.0,1.0,0.5,0.5,0.5,0.0,0.0,0,0,0,1,1
34741,-1,0,12.354774,0.9999957,1,1,unassigned,2.0,2.0,0.0,1.0,0.0,0.0,0.0,0.0,0,0,0,1,1
34742,-1,1,3.3407779,0.9658015,1,1,unassigned,11.0,8.0,3.0,0.72727275,0.27272728,0.27272725,0.017408123,0.00474767,1,0,0,1,1
34743,-1,1,3.1425884,0.95861566,1,1,unassigned,11.0,10.0,1.0,0.90909094,0.09090909,0.090909064,0.017408123,0.0015825568,1,0,0,1,1
34744,-1,1,5.870376,0.9971861,1,1,unassigned,5.0,4.0,1.0,0.8,0.2,0.19999999,0.0058027077,0.0011605415,1,0,0,1,1
34745,-1,0,4.367336,0.98747396,1,1,unassigned,8.0,8.0,0.0,1.0,0.0,0.0,0.0116054155,0.0,0,0,0,1,1
34746,-1,0,6.3081965,0.99818206,1,1,unassigned,12.0,12.0,0.0,1.0,0.0,0.0,0.01934236,0.0,0,0,0,1,1
34747,-1,0,3.1701577,0.9596957,1,1,unassigned,5.0,5.0,0.0,1.0,0.0,0.0,0.0058027077,0.0,0,0,0,1,1
34748,-1,0,0.45844764,0.61264586,1,1,unassigned,2.0,2.0,0.0,1.0,0.0,0.0,0.0,0.0,0,0,0,1,0
34749,1,1,7.850137,0.9996105,1,0,val,8.0,7.0,1.0,0.875,0.125,0.125,0.0116054155,0.0014506769,1,0,1,1,1
34750,-1,0,-0.17059416,0.45745456,0,1,unassigned,2.0,2.0,0.0,1.0,0.0,0.0,0.0,0.0,0,0,0,0,0
34751,0,1,0.8593338,0.7025215,1,1,val,15.0,14.0,1.0,0.93333334,0.06666667,0.06666666,0.025145067,0.0016763379,1,0,0,1,0
34752,0,0,-0.7092241,0.3297703,0,0,val,5.0,1.0,4.0,0.2,0.8,0.8,0.0058027077,0.004642166,0,0,1,0,0
34753,1,0,-0.13120288,0.46724623,0,1,unassigned,3.0,2.0,1.0,0.6666667,0.33333334,0.3333333,0.001934236,0.00064474536,0,0,0,0,0
34754,-1,0,0.6963392,0.6673756,1,1,unassigned,4.0,2.0,2.0,0.5,0.5,0.5,0.003868472,0.001934236,0,0,0,1,0
34755,-1,0,-0.2339069,0.44178843,0,1,unassigned,4.0,4.0,0.0,1.0,0.0,0.0,0.003868472,0.0,0,0,0,0,0
34756,-1,1,-0.39766708,0.40187296,0,1,unassigned,23.0,17.0,6.0,0.73913044,0.26086956,0.26086956,0.040618956,0.010596249,1,0,0,0,0
34757,-1,1,1.3452349,0.7933495,1,1,unassigned,6.0,6.0,0.0,1.0,0.0,0.0,0.007736944,0.0,1,0,0,1,0
34758,-1,0,1.9965742,0.8804369,1,1,unassigned,3.0,3.0,0.0,1.0,0.0,0.0,0.001934236,0.0,0,0,0,1,0
34759,-1,0,-0.1007103,0.4748437,0,1,unassigned,3.0,2.0,1.0,0.6666667,0.33333334,0.3333333,0.001934236,0.00064474536,0,0,0,0,0
34760,-1,1,2.2027946,0.90050024,1,1,unassigned,3.0,3.0,0.0,1.0,0.0,0.0,0.001934236,0.0,1,0,0,1,1
34761,-1,1,5.200168,0.9945146,1,1,unassigned,25.0,24.0,1.0,0.96,0.04,0.04000002,0.044487428,0.001779497,1,0,0,1,1
34762,1,0,3.2217095,0.9616431,1,0,unassigned,5.0,5.0,0.0,1.0,0.0,0.0,0.0058027077,0.0,0,0,1,1,1
34763,-1,1,-0.8645017,0.29639968,0,1,unassigned,44.0,43.0,1.0,0.97727275,0.022727273,0.022727251,0.08123791,0.0018463163,1,0,0,0,0
34764,-1,0,1.5357516,0.82284623,1,1,unassigned,12.0,12.0,0.0,1.0,0.0,0.0,0.01934236,0.0,0,0,0,1,0
34765,-1,0,5.338386,0.9952193,1,1,unassigned,6.0,5.0,1.0,0.8333333,0.16666667,0.16666669,0.007736944,0.0012894907,0,0,0,1,1
34766,-1,1,-0.41602486,0.39746836,0,1,unassigned,7.0,6.0,1.0,0.85714287,0.14285715,0.14285713,0.00967118,0.0013815971,1,0,0,0,0
34767,-1,1,12.822651,0.99999726,1,1,unassigned,3.0,3.0,0.0,1.0,0.0,0.0,0.001934236,0.0,1,0,0,1,1
34768,-1,1,0.067320645,0.5168238,1,1,unassigned,12.0,11.0,1.0,0.9166667,0.083333336,0.08333331,0.01934236,0.0016118633,1,0,0,1,0
34769,-1,0,0.71918184,0.6724268,1,1,unassigned,27.0,27.0,0.0,1.0,0.0,0.0,0.0483559,0.0,0,0,0,1,0
34770,-1,1,-0.44405395,0.39077538,0,1,unassigned,2.0,2.0,0.0,1.0,0.0,0.0,0.0,0.0,1,0,0,0,0
34771,-1,0,9.387371,0.9999162,1,1,unassigned,12.0,9.0,3.0,0.75,0.25,0.25,0.01934236,0.00483559,0,0,0,1,1
34772,-1,1,3.9844391,0.9817369,1,1,unassigned,9.0,7.0,2.0,0.7777778,0.22222222,0.22222221,0.013539651,0.0030088115,1,0,0,1,1
34773,-1,1,-0.7189522,0.32762375,0,1,unassigned,5.0,5.0,0.0,1.0,0.0,0.0,0.0058027077,0.0,1,0,0,0,0
34774,-1,1,14.518703,0.9999995,1,1,unassigned,6.0,5.0,1.0,0.8333333,0.16666667,0.16666669,0.007736944,0.0012894907,1,0,0,1,1
34775,-1,1,1.2225733,0.772516,1,1,unassigned,36.0,28.0,8.0,0.7777778,0.22222222,0.22222221,0.065764025,0.014614228,1,0,0,1,0
34776,-1,0,3.9879982,0.98180056,1,1,unassigned,11.0,11.0,0.0,1.0,0.0,0.0,0.017408123,0.0,0,0,0,1,1
34777,-1,0,0.09199238,0.5229819,1,1,unassigned,43.0,42.0,1.0,0.9767442,0.023255814,0.023255825,0.079303674,0.0018442714,0,0,0,1,0
34778,-1,1,6.435657,0.9983992,1,1,unassigned,3.0,3.0,0.0,1.0,0.0,0.0,0.001934236,0.0,1,0,0,1,1
34779,-1,0,1.8945134,0.8692693,1,1,unassigned,17.0,15.0,2.0,0.88235295,0.11764706,0.11764705,0.029013539,0.0034133575,0,0,0,1,0
34780,-1,1,0.71877724,0.6723377,1,1,unassigned,2.0,2.0,0.0,1.0,0.0,0.0,0.0,0.0,1,0,0,1,0
34781,1,0,0.2510569,0.5624366,1,0,unassigned,20.0,18.0,2.0,0.9,0.1,0.100000024,0.034816246,0.0034816246,0,0,1,1,0
34782,-1,0,8.433281,0.9997825,1,1,unassigned,2.0,2.0,0.0,1.0,0.0,0.0,0.0,0.0,0,0,0,1,1
34783,-1,0,2.8339658,0.94448394,1,1,unassigned,2.0,1.0,1.0,0.5,0.5,0.5,0.0,0.0,0,0,0,1,1
34784,-1,0,2.3490865,0.9128616,1,1,unassigned,8.0,8.0,0.0,1.0,0.0,0.0,0.0116054155,0.0,0,0,0,1,1
34785,-1,0,-0.07360232,0.48160768,0,1,unassigned,5.0,3.0,2.0,0.6,0.4,0.39999998,0.0058027077,0.002321083,0,0,0,0,0
34786,-1,0,-0.22920018,0.4429495,0,1,unassigned,9.0,9.0,0.0,1.0,0.0,0.0,0.013539651,0.0,0,0,0,0,0
34787,-1,0,0.83063656,0.6964895,1,1,unassigned,5.0,4.0,1.0,0.8,0.2,0.19999999,0.0058027077,0.0011605415,0,0,0,1,0
34788,-1,0,-0.4356708,0.392773,0,1,unassigned,7.0,7.0,0.0,1.0,0.0,0.0,0.00967118,0.0,0,0,0,0,0
34789,-1,0,-0.36558035,0.4096094,0,1,unassigned,6.0,6.0,0.0,1.0,0.0,0.0,0.007736944,0.0,0,0,0,0,0
34790,-1,1,2.0722802,0.88817966,1,1,unassigned,11.0,11.0,0.0,1.0,0.0,0.0,0.017408123,0.0,1,0,0,1,0
34791,-1,1,0.05396861,0.5134889,1,1,unassigned,10.0,10.0,0.0,1.0,0.0,0.0,0.015473888,0.0,1,0,0,1,0
34792,-1,0,-0.47170395,0.384213,0,1,unassigned,3.0,2.0,1.0,0.6666667,0.33333334,0.3333333,0.001934236,0.00064474536,0,0,0,0,0
34793,-1,0,-0.534348,0.36950338,0,1,unassigned,11.0,11.0,0.0,1.0,0.0,0.0,0.017408123,0.0,0,0,0,0,0
34794,-1,1,0.019228756,0.50480705,1,1,unassigned,5.0,5.0,0.0,1.0,0.0,0.0,0.0058027077,0.0,1,0,0,1,0
34795,-1,0,-0.29507208,0.4267626,0,1,unassigned,7.0,7.0,0.0,1.0,0.0,0.0,0.00967118,0.0,0,0,0,0,0
34796,-1,0,-0.34807163,0.41385013,0,1,unassigned,2.0,2.0,0.0,1.0,0.0,0.0,0.0,0.0,0,0,0,0,0
34797,-1,1,1.543329,0.82394814,1,1,unassigned,3.0,3.0,0.0,1.0,0.0,0.0,0.001934236,0.0,1,0,0,1,0
34798,-1,1,4.1516967,0.9845062,1,1,unassigned,2.0,2.0,0.0,1.0,0.0,0.0,0.0,0.0,1,0,0,1,1
34799,1,0,-0.20822534,0.44813094,0,1,test,3.0,3.0,0.0,1.0,0.0,0.0,0.001934236,0.0,0,0,0,0,0
34800,-1,1,0.08374405,0.5209238,1,1,unassigned,2.0,2.0,0.0,1.0,0.0,0.0,0.0,0.0,1,0,0,1,0
34801,1,0,7.1854906,0.99924314,1,0,val,3.0,3.0,0.0,1.0,0.0,0.0,0.001934236,0.0,0,0,1,1,1
34802,0,1,-0.7890301,0.31237698,0,0,unassigned,2.0,2.0,0.0,1.0,0.0,0.0,0.0,0.0,1,0,1,0,0
34803,-1,0,0.60391957,0.64655256,1,1,unassigned,13.0,13.0,0.0,1.0,0.0,0.0,0.021276595,0.0,0,0,0,1,0
34804,-1,0,1.5761495,0.8286585,1,1,unassigned,45.0,42.0,3.0,0.93333334,0.06666667,0.06666666,0.08317215,0.00554481,0,0,0,1,0
34805,-1,1,2.3405592,0.9121809,1,1,unassigned,3.0,2.0,1.0,0.6666667,0.33333334,0.3333333,0.001934236,0.00064474536,1,0,0,1,1
34806,-1,1,2.4379003,0.91967213,1,1,unassigned,10.0,8.0,2.0,0.8,0.2,0.19999999,0.015473888,0.0030947777,1,0,0,1,1
34807,1,0,1.2283175,0.7735239,1,0,unassigned,4.0,4.0,0.0,1.0,0.0,0.0,0.003868472,0.0,0,0,1,1,0
34808,-1,0,3.2142737,0.9613679,1,1,unassigned,2.0,2.0,0.0,1.0,0.0,0.0,0.0,0.0,0,0,0,1,1
34809,-1,0,-0.87775314,0.2936436,0,1,unassigned,15.0,13.0,2.0,0.8666667,0.13333334,0.13333333,0.025145067,0.0033526758,0,0,0,0,0
34810,-1,0,0.4622292,0.61354285,1,1,unassigned,3.0,3.0,0.0,1.0,0.0,0.0,0.001934236,0.0,0,0,0,1,0
34811,-1,0,-0.11827305,0.47046614,0,1,unassigned,29.0,29.0,0.0,1.0,0.0,0.0,0.05222437,0.0,0,0,0,0,0
34812,-1,1,1.0113237,0.7332791,1,1,unassigned,4.0,3.0,1.0,0.75,0.25,0.25,0.003868472,0.000967118,1,0,0,1,0
34813,-1,1,-0.15993303,0.46010172,0,1,unassigned,13.0,13.0,0.0,1.0,0.0,0.0,0.021276595,0.0,1,0,0,0,0
34814,-1,1,-0.20851535,0.44805923,0,1,unassigned,6.0,6.0,0.0,1.0,0.0,0.0,0.007736944,0.0,1,0,0,0,0
34815,-1,0,3.0727477,0.9557546,1,1,unassigned,2.0,2.0,0.0,1.0,0.0,0.0,0.0,0.0,0,0,0,1,1
34816,-1,1,3.5773356,0.9728099,1,1,unassigned,21.0,19.0,2.0,0.9047619,0.0952381,0.09523809,0.036750484,0.0035000462,1,0,0,1,1
34817,0,1,-0.70388216,0.33095208,0,0,unassigned,33.0,33.0,0.0,1.0,0.0,0.0,0.059961315,0.0,1,0,1,0,0
34818,-1,0,-0.024925292,0.493769,0,1,unassigned,51.0,51.0,0.0,1.0,0.0,0.0,0.09477756,0.0,0,0,0,0,0
34819,-1,1,5.505362,0.99595153,1,1,unassigned,17.0,17.0,0.0,1.0,0.0,0.0,0.029013539,0.0,1,0,0,1,1
34820,-1,0,0.008830786,0.5022077,1,1,unassigned,16.0,16.0,0.0,1.0,0.0,0.0,0.027079303,0.0,0,0,0,1,0
34821,-1,0,-0.5188353,0.37312463,0,1,unassigned,14.0,13.0,1.0,0.9285714,0.071428575,0.0714286,0.023210831,0.0016579166,0,0,0,0,0
34822,-1,0,-0.37899703,0.40636882,0,1,unassigned,11.0,11.0,0.0,1.0,0.0,0.0,0.017408123,0.0,0,0,0,0,0
34823,1,1,2.4117272,0.9177172,1,0,unassigned,3.0,2.0,1.0,0.6666667,0.33333334,0.3333333,0.001934236,0.00064474536,1,0,1,1,1
34824,-1,1,1.1243584,0.75479627,1,1,unassigned,3.0,2.0,1.0,0.6666667,0.33333334,0.3333333,0.001934236,0.00064474536,1,0,0,1,0
34825,-1,0,1.6530771,0.8393065,1,1,unassigned,2.0,2.0,0.0,1.0,0.0,0.0,0.0,0.0,0,0,0,1,0
34826,-1,0,7.8305182,0.99960274,1,1,unassigned,31.0,28.0,3.0,0.9032258,0.09677419,0.09677422,0.056092843,0.0054283394,0,0,0,1,1
34827,-1,1,-0.14616457,0.46352375,0,1,unassigned,3.0,3.0,0.0,1.0,0.0,0.0,0.001934236,0.0,1,0,0,0,0
34828,1,0,5.3087945,0.9950765,1,0,test,20.0,20.0,0.0,1.0,0.0,0.0,0.034816246,0.0,0,0,1,1,1
34829,1,0,3.193549,0.9605908,1,0,val,22.0,21.0,1.0,0.95454544,0.045454547,0.04545456,0.03868472,0.0017583964,0,0,1,1,1
34830,-1,0,-0.77506083,0.31538537,0,1,unassigned,84.0,81.0,3.0,0.96428573,0.035714287,0.03571427,0.15860735,0.0056645484,0,0,0,0,0
34831,-1,0,4.0991073,0.98368317,1,1,unassigned,12.0,12.0,0.0,1.0,0.0,0.0,0.01934236,0.0,0,0,0,1,1
34832,-1,0,1.2050276,0.769418,1,1,unassigned,3.0,2.0,1.0,0.6666667,0.33333334,0.3333333,0.001934236,0.00064474536,0,0,0,1,0
34833,1,0,-0.3638817,0.41002023,0,1,val,11.0,11.0,0.0,1.0,0.0,0.0,0.017408123,0.0,0,0,0,0,0
34834,-1,0,-0.8995684,0.28913918,0,1,unassigned,2.0,2.0,0.0,1.0,0.0,0.0,0.0,0.0,0,0,0,0,0
34835,-1,0,-0.20942527,0.4478342,0,1,unassigned,8.0,8.0,0.0,1.0,0.0,0.0,0.0116054155,0.0,0,0,0,0,0
34836,-1,0,-0.0052095056,0.49869758,0,1,unassigned,17.0,17.0,0.0,1.0,0.0,0.0,0.029013539,0.0,0,0,0,0,0
34837,1,0,-0.46872827,0.3849173,0,1,unassigned,8.0,8.0,0.0,1.0,0.0,0.0,0.0116054155,0.0,0,0,0,0,0
34838,-1,0,-0.20834911,0.4481003,0,1,unassigned,13.0,13.0,0.0,1.0,0.0,0.0,0.021276595,0.0,0,0,0,0,0
34839,1,0,-0.17203408,0.45709723,0,1,test,38.0,37.0,1.0,0.9736842,0.02631579,0.026315808,0.06963249,0.0018324341,0,0,0,0,0
34840,0,0,0.007783711,0.5019459,1,1,unassigned,41.0,41.0,0.0,1.0,0.0,0.0,0.07543521,0.0,0,0,0,1,0
34841,1,1,6.2844005,0.9981383,1,0,unassigned,14.0,14.0,0.0,1.0,0.0,0.0,0.023210831,0.0,1,0,1,1,1
34842,-1,1,0.85668355,0.7019673,1,1,unassigned,4.0,4.0,0.0,1.0,0.0,0.0,0.003868472,0.0,1,0,0,1,0
34843,-1,0,-0.37276378,0.40787336,0,1,unassigned,5.0,5.0,0.0,1.0,0.0,0.0,0.0058027077,0.0,0,0,0,0,0
34844,-1,0,7.338579,0.9993505,1,1,unassigned,2.0,2.0,0.0,1.0,0.0,0.0,0.0,0.0,0,0,0,1,1
34845,-1,1,1.2089055,0.7701052,1,1,unassigned,55.0,54.0,1.0,0.9818182,0.018181818,0.0181818,0.102514505,0.0018639,1,0,0,1,0
34846,-1,1,0.88814336,0.7085069,1,1,unassigned,2.0,2.0,0.0,1.0,0.0,0.0,0.0,0.0,1,0,0,1,0
34847,-1,1,-0.42547724,0.39520684,0,1,unassigned,2.0,2.0,0.0,1.0,0.0,0.0,0.0,0.0,1,0,0,0,0
34848,0,0,-0.7176375,0.32791343,0,0,test,3.0,3.0,0.0,1.0,0.0,0.0,0.001934236,0.0,0,0,1,0,0
34849,0,0,2.8604336,0.9458555,1,1,unassigned,2.0,2.0,0.0,1.0,0.0,0.0,0.0,0.0,0,0,0,1,1
34850,-1,0,-0.33499724,0.41702524,0,1,unassigned,34.0,34.0,0.0,1.0,0.0,0.0,0.061895553,0.0,0,0,0,0,0
34851,-1,0,-0.33375376,0.41732758,0,1,unassigned,8.0,8.0,0.0,1.0,0.0,0.0,0.0116054155,0.0,0,0,0,0,0
34852,-1,1,-0.49165612,0.37950352,0,1,unassigned,16.0,16.0,0.0,1.0,0.0,0.0,0.027079303,0.0,1,0,0,0,0
34853,0,0,-0.4465191,0.39018872,0,0,unassigned,6.0,6.0,0.0,1.0,0.0,0.0,0.007736944,0.0,0,0,1,0,0
34854,-1,0,2.1043518,0.8913255,1,1,unassigned,4.0,4.0,0.0,1.0,0.0,0.0,0.003868472,0.0,0,0,0,1,0
34855,-1,0,3.8323262,0.97880006,1,1,unassigned,16.0,16.0,0.0,1.0,0.0,0.0,0.027079303,0.0,0,0,0,1,1
34856,-1,0,-0.3090358,0.42335013,0,1,unassigned,9.0,8.0,1.0,0.8888889,0.11111111,0.111111104,0.013539651,0.0015044058,0,0,0,0,0
34857,1,0,-0.86095715,0.2971394,0,1,unassigned,2.0,2.0,0.0,1.0,0.0,0.0,0.0,0.0,0,0,0,0,0
34858,-1,0,6.0119643,0.9975567,1,1,unassigned,2.0,2.0,0.0,1.0,0.0,0.0,0.0,0.0,0,0,0,1,1
34859,-1,0,-0.24893084,0.43808666,0,1,unassigned,3.0,2.0,1.0,0.6666667,0.33333334,0.3333333,0.001934236,0.00064474536,0,0,0,0,0
34860,-1,0,-0.21177274,0.4472538,0,1,unassigned,6.0,6.0,0.0,1.0,0.0,0.0,0.007736944,0.0,0,0,0,0,0
34861,-1,0,1.5250514,0.82128114,1,1,unassigned,3.0,3.0,0.0,1.0,0.0,0.0,0.001934236,0.0,0,0,0,1,0
34862,-1,0,-0.34635413,0.41426682,0,1,unassigned,43.0,42.0,1.0,0.9767442,0.023255814,0.023255825,0.079303674,0.0018442714,0,0,0,0,0
34863,-1,1,-0.46401453,0.38603392,0,1,unassigned,7.0,7.0,0.0,1.0,0.0,0.0,0.00967118,0.0,1,0,0,0,0
34864,-1,1,-0.9556923,0.2777415,0,1,unassigned,2.0,2.0,0.0,1.0,0.0,0.0,0.0,0.0,1,0,0,0,0
34865,-1,0,-0.37615067,0.40705568,0,1,unassigned,9.0,9.0,0.0,1.0,0.0,0.0,0.013539651,0.0,0,0,0,0,0
34866,0,0,-0.4578508,0.3874958,0,0,val,26.0,25.0,1.0,0.96153843,0.03846154,0.038461566,0.046421662,0.0017854486,0,0,1,0,0
34867,-1,1,2.4687474,0.9219216,1,1,unassigned,3.0,3.0,0.0,1.0,0.0,0.0,0.001934236,0.0,1,0,0,1,1
34868,0,1,-0.07324499,0.48169696,0,0,val,2.0,2.0,0.0,1.0,0.0,0.0,0.0,0.0,1,0,1,0,0
34869,-1,0,0.2619105,0.56510586,1,1,unassigned,5.0,5.0,0.0,1.0,0.0,0.0,0.0058027077,0.0,0,0,0,1,0
34870,1,1,-0.02220887,0.494448,0,1,unassigned,11.0,11.0,0.0,1.0,0.0,0.0,0.017408123,0.0,1,0,0,0,0
34871,-1,1,3.076329,0.95590574,1,1,unassigned,57.0,53.0,4.0,0.9298246,0.07017544,0.07017541,0.10638298,0.0074654724,1,0,0,1,1
34872,-1,1,-0.32437795,0.4196092,0,1,unassigned,2.0,2.0,0.0,1.0,0.0,0.0,0.0,0.0,1,0,0,0,0
34873,-1,1,-0.72220427,0.32690778,0,1,unassigned,7.0,7.0,0.0,1.0,0.0,0.0,0.00967118,0.0,1,0,0,0,0
34874,-1,0,11.524299,0.9999901,1,1,unassigned,2.0,2.0,0.0,1.0,0.0,0.0,0.0,0.0,0,0,0,1,1
34875,-1,0,5.870232,0.99718577,1,1,unassigned,11.0,11.0,0.0,1.0,0.0,0.0,0.017408123,0.0,0,0,0,1,1
34876,-1,1,0.027653098,0.5069129,1,1,unassigned,52.0,49.0,3.0,0.9423077,0.057692308,0.05769229,0.0967118,0.005579527,1,0,0,1,0
34877,-1,0,0.4925186,0.6206996,1,1,unassigned,5.0,4.0,1.0,0.8,0.2,0.19999999,0.0058027077,0.0011605415,0,0,0,1,0
34878,-1,0,1.0580475,0.74231726,1,1,unassigned,3.0,3.0,0.0,1.0,0.0,0.0,0.001934236,0.0,0,0,0,1,0
34879,0,1,0.087537944,0.5218705,1,1,unassigned,5.0,5.0,0.0,1.0,0.0,0.0,0.0058027077,0.0,1,0,0,1,0
34880,-1,0,-0.5159937,0.37378952,0,1,unassigned,5.0,5.0,0.0,1.0,0.0,0.0,0.0058027077,0.0,0,0,0,0,0
34881,0,0,-0.24636343,0.43871877,0,0,unassigned,23.0,23.0,0.0,1.0,0.0,0.0,0.040618956,0.0,0,0,1,0,0
34882,0,0,0.2261678,0.55630213,1,1,test,30.0,30.0,0.0,1.0,0.0,0.0,0.054158606,0.0,0,0,0,1,0
34883,-1,0,-0.32768235,0.41880468,0,1,unassigned,19.0,19.0,0.0,1.0,0.0,0.0,0.032882012,0.0,0,0,0,0,0
34884,-1,0,4.3782744,0.98760843,1,1,unassigned,5.0,5.0,0.0,1.0,0.0,0.0,0.0058027077,0.0,0,0,0,1,1
34885,1,0,-0.29888576,0.42582986,0,1,val,18.0,18.0,0.0,1.0,0.0,0.0,0.030947777,0.0,0,0,0,0,0
34886,-1,0,-0.80733144,0.30845943,0,1,unassigned,31.0,31.0,0.0,1.0,0.0,0.0,0.056092843,0.0,0,0,0,0,0
34887,0,0,-0.32028064,0.42060736,0,0,test,43.0,43.0,0.0,1.0,0.0,0.0,0.079303674,0.0,0,0,1,0,0
34888,-1,0,-0.6167131,0.35052937,0,1,unassigned,71.0,71.0,0.0,1.0,0.0,0.0,0.13346228,0.0,0,0,0,0,0
34889,-1,1,-0.25714928,0.4360646,0,1,unassigned,2.0,2.0,0.0,1.0,0.0,0.0,0.0,0.0,1,0,0,0,0
34890,0,1,-0.8404255,0.30144516,0,0,val,25.0,23.0,2.0,0.92,0.08,0.07999998,0.044487428,0.003558994,1,0,1,0,0
34891,-1,1,1.533159,0.82246804,1,1,unassigned,3.0,3.0,0.0,1.0,0.0,0.0,0.001934236,0.0,1,0,0,1,0
34892,-1,0,1.2518258,0.7776158,1,1,unassigned,2.0,2.0,0.0,1.0,0.0,0.0,0.0,0.0,0,0,0,1,0
34893,-1,0,4.0295033,0.98252755,1,1,unassigned,2.0,2.0,0.0,1.0,0.0,0.0,0.0,0.0,0,0,0,1,1
34894,-1,0,-1.1842926,0.23428127,0,1,unassigned,9.0,9.0,0.0,1.0,0.0,0.0,0.013539651,0.0,0,0,0,0,0
34895,-1,0,-0.019689918,0.49507767,0,1,unassigned,7.0,7.0,0.0,1.0,0.0,0.0,0.00967118,0.0,0,0,0,0,0
34896,-1,0,-0.24301216,0.4395442,0,1,unassigned,2.0,2.0,0.0,1.0,0.0,0.0,0.0,0.0,0,0,0,0,0
34897,-1,1,3.317783,0.9650339,1,1,unassigned,2.0,2.0,0.0,1.0,0.0,0.0,0.0,0.0,1,0,0,1,1
34898,-1,1,-0.089270234,0.47769722,0,1,unassigned,2.0,2.0,0.0,1.0,0.0,0.0,0.0,0.0,1,0,0,0,0
34899,-1,0,-0.25390458,0.4368627,0,1,unassigned,2.0,2.0,0.0,1.0,0.0,0.0,0.0,0.0,0,0,0,0,0
34900,-1,1,0.82817525,0.6959689,1,1,unassigned,3.0,2.0,1.0,0.6666667,0.33333334,0.3333333,0.001934236,0.00064474536,1,0,0,1,0
34901,-1,0,0.13321298,0.5332541,1,1,unassigned,5.0,5.0,0.0,1.0,0.0,0.0,0.0058027077,0.0,0,0,0,1,0
34902,-1,0,-0.24788797,0.43834344,0,1,unassigned,4.0,4.0,0.0,1.0,0.0,0.0,0.003868472,0.0,0,0,0,0,0
34903,-1,0,4.316259,0.9868261,1,1,unassigned,2.0,2.0,0.0,1.0,0.0,0.0,0.0,0.0,0,0,0,1,1
34904,-1,0,-0.38062418,0.40597636,0,1,unassigned,44.0,43.0,1.0,0.97727275,0.022727273,0.022727251,0.08123791,0.0018463163,0,0,0,0,0
34905,0,0,-0.41269058,0.39826712,0,0,test,18.0,17.0,1.0,0.9444444,0.055555556,0.055555582,0.030947777,0.0017193209,0,0,1,0,0
34906,-1,1,-0.4921584,0.37938523,0,1,unassigned,38.0,38.0,0.0,1.0,0.0,0.0,0.06963249,0.0,1,0,0,0,0
34907,-1,1,-0.4593212,0.38714683,0,1,unassigned,49.0,49.0,0.0,1.0,0.0,0.0,0.09090909,0.0,1,0,0,0,0
34908,-1,1,1.435849,0.807811,1,1,unassigned,4.0,3.0,1.0,0.75,0.25,0.25,0.003868472,0.000967118,1,0,0,1,0
34909,-1,1,0.6787463,0.6634589,1,1,unassigned,13.0,13.0,0.0,1.0,0.0,0.0,0.021276595,0.0,1,0,0,1,0
34910,-1,1,1.7690938,0.85434496,1,1,unassigned,10.0,10.0,0.0,1.0,0.0,0.0,0.015473888,0.0,1,0,0,1,0
34911,0,0,-0.22418493,0.44418737,0,0,unassigned,8.0,8.0,0.0,1.0,0.0,0.0,0.0116054155,0.0,0,0,1,0,0
34912,1,0,1.1185949,0.753728,1,0,val,2.0,2.0,0.0,1.0,0.0,0.0,0.0,0.0,0,0,1,1,0
34913,-1,0,0.628424,0.65213203,1,1,unassigned,8.0,8.0,0.0,1.0,0.0,0.0,0.0116054155,0.0,0,0,0,1,0
34914,-1,1,6.015594,0.9975655,1,1,unassigned,6.0,4.0,2.0,0.6666667,0.33333334,0.3333333,0.007736944,0.0025789815,1,0,0,1,1
34915,-1,1,-0.14657658,0.46342131,0,1,unassigned,3.0,3.0,0.0,1.0,0.0,0.0,0.001934236,0.0,1,0,0,0,0
34916,-1,0,4.03464,0.9826155,1,1,unassigned,2.0,2.0,0.0,1.0,0.0,0.0,0.0,0.0,0,0,0,1,1
34917,-1,0,3.8392956,0.9789442,1,1,unassigned,2.0,2.0,0.0,1.0,0.0,0.0,0.0,0.0,0,0,0,1,1
34918,-1,0,10.68644,0.9999771,1,1,unassigned,7.0,6.0,1.0,0.85714287,0.14285715,0.14285713,0.00967118,0.0013815971,0,0,0,1,1
34919,-1,0,0.9688036,0.72488093,1,1,unassigned,2.0,2.0,0.0,1.0,0.0,0.0,0.0,0.0,0,0,0,1,0
34920,0,0,0.7282668,0.6744248,1,1,test,6.0,6.0,0.0,1.0,0.0,0.0,0.007736944,0.0,0,0,0,1,0
34921,-1,0,1.343607,0.7930825,1,1,unassigned,2.0,2.0,0.0,1.0,0.0,0.0,0.0,0.0,0,0,0,1,0
34922,-1,1,6.893787,0.9989869,1,1,unassigned,3.0,1.0,2.0,0.33333334,0.6666667,0.6666666,0.001934236,0.0012894907,1,0,0,1,1
34923,0,0,0.41395098,0.60203487,1,1,unassigned,24.0,1.0,23.0,0.041666668,0.9583333,0.9583333,0.04255319,0.04078014,0,0,0,1,0
34924,-1,1,14.058035,0.99999917,1,1,unassigned,3.0,3.0,0.0,1.0,0.0,0.0,0.001934236,0.0,1,0,0,1,1
34925,-1,0,-0.09964055,0.47511044,0,1,unassigned,9.0,6.0,3.0,0.6666667,0.33333334,0.3333333,0.013539651,0.004513217,0,0,0,0,0
34926,-1,0,-0.18512452,0.4538506,0,1,unassigned,26.0,26.0,0.0,1.0,0.0,0.0,0.046421662,0.0,0,0,0,0,0
34927,-1,0,-0.16847941,0.4579795,0,1,unassigned,2.0,2.0,0.0,1.0,0.0,0.0,0.0,0.0,0,0,0,0,0
34928,-1,0,0.31252003,0.5775002,1,1,unassigned,7.0,6.0,1.0,0.85714287,0.14285715,0.14285713,0.00967118,0.0013815971,0,0,0,1,0
34929,1,0,-0.31705588,0.42139342,0,1,unassigned,5.0,5.0,0.0,1.0,0.0,0.0,0.0058027077,0.0,0,0,0,0,0
34930,-1,0,-0.6715076,0.33815935,0,1,unassigned,9.0,9.0,0.0,1.0,0.0,0.0,0.013539651,0.0,0,0,0,0,0
34931,-1,0,-0.5463826,0.36670408,0,1,unassigned,3.0,3.0,0.0,1.0,0.0,0.0,0.001934236,0.0,0,0,0,0,0
34932,0,0,-0.24247885,0.43967557,0,0,train,6.0,6.0,0.0,1.0,0.0,0.0,0.007736944,0.0,0,0,1,0,0
34933,-1,0,0.31688243,0.5785643,1,1,unassigned,6.0,6.0,0.0,1.0,0.0,0.0,0.007736944,0.0,0,0,0,1,0
34934,1,0,-0.059562147,0.48511386,0,1,unassigned,2.0,2.0,0.0,1.0,0.0,0.0,0.0,0.0,0,0,0,0,0
34935,-1,0,6.593073,0.998632,1,1,unassigned,22.0,22.0,0.0,1.0,0.0,0.0,0.03868472,0.0,0,0,0,1,1
34936,-1,0,0.34597033,0.5856401,1,1,unassigned,2.0,2.0,0.0,1.0,0.0,0.0,0.0,0.0,0,0,0,1,0
34937,-1,0,0.13323718,0.5332601,1,1,unassigned,13.0,13.0,0.0,1.0,0.0,0.0,0.021276595,0.0,0,0,0,1,0
34938,-1,0,-0.31137693,0.42277867,0,1,unassigned,8.0,8.0,0.0,1.0,0.0,0.0,0.0116054155,0.0,0,0,0,0,0
34939,-1,1,-0.7781559,0.31471744,0,1,unassigned,47.0,46.0,1.0,0.9787234,0.021276595,0.021276593,0.08704062,0.001851928,1,0,0,0,0
34940,1,1,4.558612,0.989632,1,0,val,9.0,7.0,2.0,0.7777778,0.22222222,0.22222221,0.013539651,0.0030088115,1,0,1,1,1
34941,-1,0,0.06751758,0.516873,1,1,unassigned,12.0,12.0,0.0,1.0,0.0,0.0,0.01934236,0.0,0,0,0,1,0
34942,-1,0,-2.7726595,0.05881961,0,1,unassigned,2.0,2.0,0.0,1.0,0.0,0.0,0.0,0.0,0,0,0,0,1
34943,-1,1,7.660999,0.99952936,1,1,unassigned,6.0,1.0,5.0,0.16666667,0.8333333,0.8333333,0.007736944,0.0064474535,1,1,0,1,1
34944,-1,1,2.0892017,0.8898492,1,1,unassigned,10.0,10.0,0.0,1.0,0.0,0.0,0.015473888,0.0,1,0,0,1,0
34945,-1,0,2.9900267,0.95212156,1,1,unassigned,2.0,1.0,1.0,0.5,0.5,0.5,0.0,0.0,0,0,0,1,1
34946,-1,1,2.6670878,0.9350564,1,1,unassigned,6.0,5.0,1.0,0.8333333,0.16666667,0.16666669,0.007736944,0.0012894907,1,0,0,1,1
34947,-1,0,4.88164,0.9924725,1,1,unassigned,26.0,25.0,1.0,0.96153843,0.03846154,0.038461566,0.046421662,0.0017854486,0,0,0,1,1
34948,-1,0,2.6040728,0.9311232,1,1,unassigned,18.0,6.0,12.0,0.33333334,0.6666667,0.6666666,0.030947777,0.020631852,0,0,0,1,1
34949,-1,1,2.4175413,0.91815513,1,1,unassigned,17.0,17.0,0.0,1.0,0.0,0.0,0.029013539,0.0,1,0,0,1,1
34950,-1,1,3.0812356,0.9561121,1,1,unassigned,5.0,4.0,1.0,0.8,0.2,0.19999999,0.0058027077,0.0011605415,1,0,0,1,1
34951,-1,0,-0.18938714,0.45279422,0,1,unassigned,15.0,15.0,0.0,1.0,0.0,0.0,0.025145067,0.0,0,0,0,0,0
34952,-1,0,-0.3611655,0.41067746,0,1,unassigned,6.0,6.0,0.0,1.0,0.0,0.0,0.007736944,0.0,0,0,0,0,0
34953,0,0,-0.46808454,0.3850697,0,0,unassigned,2.0,2.0,0.0,1.0,0.0,0.0,0.0,0.0,0,0,1,0,0
34954,0,1,-0.41294593,0.39820594,0,0,unassigned,13.0,12.0,1.0,0.9230769,0.07692308,0.07692307,0.021276595,0.0016366612,1,0,1,0,0
34955,-1,0,3.3325107,0.9655275,1,1,unassigned,3.0,3.0,0.0,1.0,0.0,0.0,0.001934236,0.0,0,0,0,1,1
34956,1,1,0.6473263,0.6564077,1,0,train,5.0,5.0,0.0,1.0,0.0,0.0,0.0058027077,0.0,1,0,1,1,0
34957,-1,0,6.729052,0.99880576,1,1,unassigned,3.0,3.0,0.0,1.0,0.0,0.0,0.001934236,0.0,0,0,0,1,1
34958,0,0,-0.43327007,0.39334574,0,0,unassigned,4.0,4.0,0.0,1.0,0.0,0.0,0.003868472,0.0,0,0,1,0,0
34959,-1,1,2.7326696,0.9389272,1,1,unassigned,3.0,3.0,0.0,1.0,0.0,0.0,0.001934236,0.0,1,0,0,1,1
34960,-1,1,-0.6889646,0.33426344,0,1,unassigned,12.0,11.0,1.0,0.9166667,0.083333336,0.08333331,0.01934236,0.0016118633,1,0,0,0,0
34961,1,1,0.9157447,0.7141743,1,0,test,9.0,7.0,2.0,0.7777778,0.22222222,0.22222221,0.013539651,0.0030088115,1,0,1,1,0
34962,-1,0,-1.5150003,0.18019892,0,1,unassigned,3.0,2.0,1.0,0.6666667,0.33333334,0.3333333,0.001934236,0.00064474536,0,0,0,0,0
34963,-1,0,6.91357,0.9990068,1,1,unassigned,4.0,3.0,1.0,0.75,0.25,0.25,0.003868472,0.000967118,0,0,0,1,1
34964,-1,0,8.160109,0.9997142,1,1,unassigned,8.0,5.0,3.0,0.625,0.375,0.375,0.0116054155,0.004352031,0,0,0,1,1
34965,-1,1,3.8054316,0.9782347,1,1,unassigned,6.0,6.0,0.0,1.0,0.0,0.0,0.007736944,0.0,1,0,0,1,1
34966,-1,1,0.22946435,0.5571157,1,1,unassigned,2.0,2.0,0.0,1.0,0.0,0.0,0.0,0.0,1,0,0,1,0
34967,-1,1,2.8800213,0.94685,1,1,unassigned,26.0,26.0,0.0,1.0,0.0,0.0,0.046421662,0.0,1,0,0,1,1
34968,-1,0,-1.08026,0.2534568,0,1,unassigned,2.0,2.0,0.0,1.0,0.0,0.0,0.0,0.0,0,0,0,0,0
34969,-1,1,0.7885018,0.68750954,1,1,unassigned,6.0,4.0,2.0,0.6666667,0.33333334,0.3333333,0.007736944,0.0025789815,1,0,0,1,0
34970,1,1,-0.73192,0.32477352,0,1,test,4.0,1.0,3.0,0.25,0.75,0.75,0.003868472,0.002901354,1,0,0,0,0
34971,-1,0,2.4401023,0.9198347,1,1,unassigned,5.0,5.0,0.0,1.0,0.0,0.0,0.0058027077,0.0,0,0,0,1,1
34972,0,0,0.9410549,0.71931267,1,1,val,2.0,2.0,0.0,1.0,0.0,0.0,0.0,0.0,0,0,0,1,0
34973,-1,1,-0.40873814,0.3992147,0,1,unassigned,6.0,6.0,0.0,1.0,0.0,0.0,0.007736944,0.0,1,0,0,0,0
34974,-1,0,5.7590404,0.99685574,1,1,unassigned,5.0,5.0,0.0,1.0,0.0,0.0,0.0058027077,0.0,0,0,0,1,1
34975,-1,0,0.1099807,0.5274675,1,1,unassigned,6.0,5.0,1.0,0.8333333,0.16666667,0.16666669,0.007736944,0.0012894907,0,0,0,1,0
34976,-1,1,-0.27498513,0.43168366,0,1,unassigned,3.0,2.0,1.0,0.6666667,0.33333334,0.3333333,0.001934236,0.00064474536,1,0,0,0,0
34977,-1,0,0.17856699,0.54452354,1,1,unassigned,2.0,2.0,0.0,1.0,0.0,0.0,0.0,0.0,0,0,0,1,0
34978,-1,0,-0.04401505,0.488998,0,1,unassigned,10.0,10.0,0.0,1.0,0.0,0.0,0.015473888,0.0,0,0,0,0,0
34979,-1,0,0.9529187,0.72170174,1,1,unassigned,2.0,2.0,0.0,1.0,0.0,0.0,0.0,0.0,0,0,0,1,0
34980,1,1,4.9291735,0.9928195,1,0,unassigned,13.0,13.0,0.0,1.0,0.0,0.0,0.021276595,0.0,1,0,1,1,1
34981,-1,0,0.91469914,0.71396077,1,1,unassigned,2.0,2.0,0.0,1.0,0.0,0.0,0.0,0.0,0,0,0,1,0
34982,-1,1,0.011854947,0.50296366,1,1,unassigned,6.0,6.0,0.0,1.0,0.0,0.0,0.007736944,0.0,1,0,0,1,0
34983,-1,1,-0.90537274,0.28794762,0,1,unassigned,18.0,17.0,1.0,0.9444444,0.055555556,0.055555582,0.030947777,0.0017193209,1,0,0,0,0
34984,0,0,-0.24495837,0.43906477,0,0,unassigned,16.0,16.0,0.0,1.0,0.0,0.0,0.027079303,0.0,0,0,1,0,0
34985,-1,1,-0.2700101,0.43290463,0,1,unassigned,4.0,4.0,0.0,1.0,0.0,0.0,0.003868472,0.0,1,0,0,0,0
34986,-1,1,-0.9303352,0.2828567,0,1,unassigned,19.0,19.0,0.0,1.0,0.0,0.0,0.032882012,0.0,1,0,0,0,0
34987,-1,1,-0.5853347,0.357706,0,1,unassigned,27.0,27.0,0.0,1.0,0.0,0.0,0.0483559,0.0,1,0,0,0,0
34988,-1,1,2.289349,0.90799105,1,1,unassigned,3.0,3.0,0.0,1.0,0.0,0.0,0.001934236,0.0,1,0,0,1,1
34989,-1,0,0.22082633,0.5549833,1,1,unassigned,2.0,2.0,0.0,1.0,0.0,0.0,0.0,0.0,0,0,0,1,0
34990,-1,0,4.0221047,0.98240006,1,1,unassigned,11.0,9.0,2.0,0.8181818,0.18181819,0.18181819,0.017408123,0.0031651135,0,0,0,1,1
34991,-1,0,3.7930114,0.97796863,1,1,unassigned,3.0,3.0,0.0,1.0,0.0,0.0,0.001934236,0.0,0,0,0,1,1
34992,-1,0,0.42797232,0.60538936,1,1,unassigned,3.0,3.0,0.0,1.0,0.0,0.0,0.001934236,0.0,0,0,0,1,0
34993,-1,0,-0.98012304,0.27286735,0,1,unassigned,11.0,1.0,10.0,0.09090909,0.90909094,0.9090909,0.017408123,0.015825568,0,0,0,0,0
34994,-1,0,0.5252057,0.6283642,1,1,unassigned,3.0,3.0,0.0,1.0,0.0,0.0,0.001934236,0.0,0,0,0,1,0
34995,-1,0,0.7494897,0.6790675,1,1,unassigned,6.0,6.0,0.0,1.0,0.0,0.0,0.007736944,0.0,0,0,0,1,0
34996,-1,0,-0.6997888,0.33185905,0,1,unassigned,33.0,32.0,1.0,0.969697,0.030303031,0.030303001,0.059961315,0.0018170096,0,0,0,0,0
34997,-1,0,5.8481803,0.9971232,1,1,unassigned,17.0,16.0,1.0,0.9411765,0.05882353,0.058823526,0.029013539,0.0017066788,0,0,0,1,1
34998,-1,0,0.28148848,0.5699111,1,1,unassigned,22.0,22.0,0.0,1.0,0.0,0.0,0.03868472,0.0,0,0,0,1,0
34999,-1,0,0.17434794,0.5434769,1,1,unassigned,8.0,7.0,1.0,0.875,0.125,0.125,0.0116054155,0.0014506769,0,0,0,1,0
35000,-1,1,3.1032493,0.9570266,1,1,unassigned,5.0,3.0,2.0,0.6,0.4,0.39999998,0.0058027077,0.002321083,1,0,0,1,1
35001,-1,0,-0.43568873,0.39276874,0,1,unassigned,3.0,3.0,0.0,1.0,0.0,0.0,0.001934236,0.0,0,0,0,0,0
35002,-1,0,-0.34906092,0.41361016,0,1,unassigned,4.0,4.0,0.0,1.0,0.0,0.0,0.003868472,0.0,0,0,0,0,0
35003,-1,0,2.6367261,0.9331881,1,1,unassigned,23.0,22.0,1.0,0.95652175,0.04347826,0.04347825,0.040618956,0.0017660416,0,0,0,1,1
35004,-1,0,8.52364,0.99980134,1,1,unassigned,28.0,25.0,3.0,0.89285713,0.10714286,0.107142866,0.050290134,0.0053882287,0,0,0,1,1
35005,-1,1,8.791048,0.9998479,1,1,unassigned,5.0,3.0,2.0,0.6,0.4,0.39999998,0.0058027077,0.002321083,1,0,0,1,1
35006,-1,0,0.7987202,0.6897006,1,1,unassigned,17.0,14.0,3.0,0.8235294,0.1764706,0.17647058,0.029013539,0.005120036,0,0,0,1,0
35007,-1,1,6.3035536,0.9981736,1,1,unassigned,2.0,2.0,0.0,1.0,0.0,0.0,0.0,0.0,1,0,0,1,1
35008,-1,1,4.430921,0.9882365,1,1,unassigned,19.0,18.0,1.0,0.94736844,0.05263158,0.052631557,0.032882012,0.0017306323,1,0,0,1,1
35009,-1,0,-0.8963268,0.28980592,0,1,unassigned,51.0,50.0,1.0,0.98039216,0.019607844,0.019607842,0.09477756,0.0018583836,0,0,0,0,0
35010,-1,0,-0.11639053,0.47093517,0,1,unassigned,6.0,6.0,0.0,1.0,0.0,0.0,0.007736944,0.0,0,0,0,0,0
35011,-1,0,1.2745924,0.78152794,1,1,unassigned,7.0,7.0,0.0,1.0,0.0,0.0,0.00967118,0.0,0,0,0,1,0
35012,-1,0,1.1460819,0.75879455,1,1,unassigned,6.0,5.0,1.0,0.8333333,0.16666667,0.16666669,0.007736944,0.0012894907,0,0,0,1,0
35013,-1,1,0.01589626,0.50397396,1,1,unassigned,6.0,6.0,0.0,1.0,0.0,0.0,0.007736944,0.0,1,0,0,1,0
35014,-1,1,8.968433,0.9998727,1,1,unassigned,2.0,1.0,1.0,0.5,0.5,0.5,0.0,0.0,1,0,0,1,1
35015,0,1,-0.79757905,0.31054363,0,0,unassigned,26.0,26.0,0.0,1.0,0.0,0.0,0.046421662,0.0,1,0,1,0,0
35016,-1,0,9.563907,0.9999298,1,1,unassigned,6.0,5.0,1.0,0.8333333,0.16666667,0.16666669,0.007736944,0.0012894907,0,0,0,1,1
35017,-1,1,1.0810192,0.7466868,1,1,unassigned,4.0,4.0,0.0,1.0,0.0,0.0,0.003868472,0.0,1,0,0,1,0
35018,-1,0,4.524714,0.9892784,1,1,unassigned,2.0,2.0,0.0,1.0,0.0,0.0,0.0,0.0,0,0,0,1,1
35019,-1,0,1.9500661,0.8754538,1,1,unassigned,3.0,3.0,0.0,1.0,0.0,0.0,0.001934236,0.0,0,0,0,1,0
35020,-1,1,3.66348,0.974998,1,1,unassigned,17.0,15.0,2.0,0.88235295,0.11764706,0.11764705,0.029013539,0.0034133575,1,0,0,1,1
35021,1,1,2.7188199,0.93812805,1,0,test,10.0,10.0,0.0,1.0,0.0,0.0,0.015473888,0.0,1,0,1,1,1
35022,-1,0,0.7306784,0.6749541,1,1,unassigned,9.0,9.0,0.0,1.0,0.0,0.0,0.013539651,0.0,0,0,0,1,0
35023,-1,1,5.157519,0.99427694,1,1,unassigned,45.0,42.0,3.0,0.93333334,0.06666667,0.06666666,0.08317215,0.00554481,1,0,0,1,1
35024,-1,0,-0.39803022,0.4017857,0,1,unassigned,4.0,4.0,0.0,1.0,0.0,0.0,0.003868472,0.0,0,0,0,0,0
35025,-1,0,-0.4193749,0.39666635,0,1,unassigned,11.0,11.0,0.0,1.0,0.0,0.0,0.017408123,0.0,0,0,0,0,0
35026,-1,0,-0.69386995,0.3331727,0,1,unassigned,25.0,25.0,0.0,1.0,0.0,0.0,0.044487428,0.0,0,0,0,0,0
35027,-1,0,-0.021687806,0.49457824,0,1,unassigned,2.0,2.0,0.0,1.0,0.0,0.0,0.0,0.0,0,0,0,0,0
35028,-1,0,-0.23202932,0.4422515,0,1,unassigned,9.0,8.0,1.0,0.8888889,0.11111111,0.111111104,0.013539651,0.0015044058,0,0,0,0,0
35029,-1,0,1.8654525,0.8659312,1,1,unassigned,2.0,2.0,0.0,1.0,0.0,0.0,0.0,0.0,0,0,0,1,0
35030,-1,0,5.260997,0.9948367,1,1,unassigned,3.0,3.0,0.0,1.0,0.0,0.0,0.001934236,0.0,0,0,0,1,1
35031,-1,1,6.038025,0.99761945,1,1,unassigned,2.0,1.0,1.0,0.5,0.5,0.5,0.0,0.0,1,0,0,1,1
35032,-1,0,0.038587213,0.50964564,1,1,unassigned,3.0,3.0,0.0,1.0,0.0,0.0,0.001934236,0.0,0,0,0,1,0
35033,-1,1,0.9901183,0.7291113,1,1,unassigned,12.0,12.0,0.0,1.0,0.0,0.0,0.01934236,0.0,1,0,0,1,0
35034,-1,0,0.061114907,0.5152739,1,1,unassigned,2.0,2.0,0.0,1.0,0.0,0.0,0.0,0.0,0,0,0,1,0
35035,-1,0,-0.024824202,0.49379423,0,1,unassigned,7.0,7.0,0.0,1.0,0.0,0.0,0.00967118,0.0,0,0,0,0,0
35036,-1,1,5.6663265,0.9965514,1,1,unassigned,5.0,4.0,1.0,0.8,0.2,0.19999999,0.0058027077,0.0011605415,1,0,0,1,1
35037,-1,0,3.348943,0.96607023,1,1,unassigned,2.0,2.0,0.0,1.0,0.0,0.0,0.0,0.0,0,0,0,1,1
35038,1,1,-0.54763323,0.3664137,0,1,test,4.0,4.0,0.0,1.0,0.0,0.0,0.003868472,0.0,1,0,0,0,0
35039,-1,1,1.1840088,0.76566786,1,1,unassigned,6.0,6.0,0.0,1.0,0.0,0.0,0.007736944,0.0,1,0,0,1,0
35040,-1,0,3.2043865,0.96099895,1,1,unassigned,6.0,5.0,1.0,0.8333333,0.16666667,0.16666669,0.007736944,0.0012894907,0,0,0,1,1
35041,-1,0,5.33089,0.9951835,1,1,unassigned,2.0,1.0,1.0,0.5,0.5,0.5,0.0,0.0,0,0,0,1,1
35042,-1,0,13.106977,0.999998,1,1,unassigned,5.0,5.0,0.0,1.0,0.0,0.0,0.0058027077,0.0,0,0,0,1,1
35043,-1,0,5.3405995,0.99522984,1,1,unassigned,2.0,2.0,0.0,1.0,0.0,0.0,0.0,0.0,0,0,0,1,1
35044,1,0,-0.025129318,0.49371797,0,1,unassigned,7.0,7.0,0.0,1.0,0.0,0.0,0.00967118,0.0,0,0,0,0,0
35045,-1,1,-0.14495164,0.4638254,0,1,unassigned,10.0,10.0,0.0,1.0,0.0,0.0,0.015473888,0.0,1,0,0,0,0
35046,-1,0,3.018071,0.95338386,1,1,unassigned,3.0,2.0,1.0,0.6666667,0.33333334,0.3333333,0.001934236,0.00064474536,0,0,0,1,1
35047,-1,0,0.050895035,0.512721,1,1,unassigned,3.0,3.0,0.0,1.0,0.0,0.0,0.001934236,0.0,0,0,0,1,0
35048,-1,0,1.001158,0.73128617,1,1,unassigned,2.0,2.0,0.0,1.0,0.0,0.0,0.0,0.0,0,0,0,1,0
35049,-1,0,-0.21081513,0.44749057,0,1,unassigned,17.0,16.0,1.0,0.9411765,0.05882353,0.058823526,0.029013539,0.0017066788,0,0,0,0,0
35050,-1,0,-0.6649995,0.33961746,0,1,unassigned,81.0,81.0,0.0,1.0,0.0,0.0,0.15280464,0.0,0,0,0,0,0
35051,-1,0,-0.5734177,0.3604486,0,1,unassigned,54.0,54.0,0.0,1.0,0.0,0.0,0.10058027,0.0,0,0,0,0,0
35052,-1,0,0.15640217,0.539021,1,1,unassigned,25.0,25.0,0.0,1.0,0.0,0.0,0.044487428,0.0,0,0,0,1,0
35053,-1,0,0.07875317,0.5196781,1,1,unassigned,8.0,8.0,0.0,1.0,0.0,0.0,0.0116054155,0.0,0,0,0,1,0
35054,-1,0,-0.22556269,0.44384724,0,1,unassigned,22.0,22.0,0.0,1.0,0.0,0.0,0.03868472,0.0,0,0,0,0,0
35055,-1,0,-0.83037937,0.30356485,0,1,unassigned,51.0,51.0,0.0,1.0,0.0,0.0,0.09477756,0.0,0,0,0,0,0
35056,-1,0,0.53465277,0.63056767,1,1,unassigned,10.0,9.0,1.0,0.9,0.1,0.100000024,0.015473888,0.0015473888,0,0,0,1,0
35057,-1,0,-0.6080887,0.35249534,0,1,unassigned,34.0,33.0,1.0,0.9705882,0.029411765,0.029411793,0.061895553,0.0018204574,0,0,0,0,0
35058,-1,0,0.27606422,0.56858104,1,1,unassigned,8.0,8.0,0.0,1.0,0.0,0.0,0.0116054155,0.0,0,0,0,1,0
35059,-1,0,-0.6954775,0.33281568,0,1,unassigned,34.0,32.0,2.0,0.9411765,0.05882353,0.058823526,0.061895553,0.0036409148,0,0,0,0,0
35060,-1,0,-0.32490233,0.4194815,0,1,unassigned,20.0,20.0,0.0,1.0,0.0,0.0,0.034816246,0.0,0,0,0,0,0
35061,-1,1,-0.58741826,0.35722744,0,1,unassigned,14.0,14.0,0.0,1.0,0.0,0.0,0.023210831,0.0,1,0,0,0,0
35062,-1,0,0.23004842,0.5572598,1,1,unassigned,5.0,5.0,0.0,1.0,0.0,0.0,0.0058027077,0.0,0,0,0,1,0
35063,-1,1,2.1608155,0.8966751,1,1,unassigned,14.0,14.0,0.0,1.0,0.0,0.0,0.023210831,0.0,1,0,0,1,0
35064,0,0,-0.6107822,0.3518808,0,0,unassigned,2.0,2.0,0.0,1.0,0.0,0.0,0.0,0.0,0,0,1,0,0
35065,-1,0,4.426913,0.9881898,1,1,unassigned,10.0,10.0,0.0,1.0,0.0,0.0,0.015473888,0.0,0,0,0,1,1
35066,-1,1,-0.23532873,0.44143784,0,1,unassigned,8.0,7.0,1.0,0.875,0.125,0.125,0.0116054155,0.0014506769,1,0,0,0,0
35067,-1,0,2.394749,0.916426,1,1,unassigned,6.0,5.0,1.0,0.8333333,0.16666667,0.16666669,0.007736944,0.0012894907,0,0,0,1,1
35068,-1,0,4.90345,0.99263376,1,1,unassigned,2.0,2.0,0.0,1.0,0.0,0.0,0.0,0.0,0,0,0,1,1
35069,-1,0,3.3951151,0.9675515,1,1,unassigned,4.0,4.0,0.0,1.0,0.0,0.0,0.003868472,0.0,0,0,0,1,1
35070,0,1,0.13920987,0.53474635,1,1,train,30.0,28.0,2.0,0.93333334,0.06666667,0.06666666,0.054158606,0.003610574,1,0,0,1,0
35071,0,0,-3.5740592,0.027276902,0,0,test,2.0,2.0,0.0,1.0,0.0,0.0,0.0,0.0,0,0,1,0,1
35072,-1,0,-0.34523278,0.41453892,0,1,unassigned,49.0,48.0,1.0,0.97959185,0.020408163,0.020408154,0.09090909,0.0018552876,0,0,0,0,0
35073,1,1,-0.1934058,0.4517987,0,1,test,26.0,22.0,4.0,0.84615386,0.15384616,0.15384614,0.046421662,0.0071417945,1,0,0,0,0
35074,-1,0,-0.1790128,0.45536593,0,1,unassigned,5.0,5.0,0.0,1.0,0.0,0.0,0.0058027077,0.0,0,0,0,0,0
35075,-1,1,1.0520294,0.74116445,1,1,unassigned,31.0,17.0,14.0,0.5483871,0.4516129,0.4516129,0.056092843,0.025332252,1,0,0,1,0
35076,0,0,-0.90592045,0.28783536,0,0,unassigned,2.0,2.0,0.0,1.0,0.0,0.0,0.0,0.0,0,0,1,0,0
35077,-1,0,-0.4802475,0.38219368,0,1,unassigned,14.0,14.0,0.0,1.0,0.0,0.0,0.023210831,0.0,0,0,0,0,0
35078,0,0,-0.3015393,0.42518124,0,0,unassigned,17.0,16.0,1.0,0.9411765,0.05882353,0.058823526,0.029013539,0.0017066788,0,0,1,0,0
35079,1,1,0.09187311,0.52295214,1,0,unassigned,30.0,30.0,0.0,1.0,0.0,0.0,0.054158606,0.0,1,0,1,1,0
35080,-1,1,4.1145263,0.9839288,1,1,unassigned,3.0,3.0,0.0,1.0,0.0,0.0,0.001934236,0.0,1,0,0,1,1
35081,-1,1,1.5974388,0.8316601,1,1,unassigned,44.0,44.0,0.0,1.0,0.0,0.0,0.08123791,0.0,1,0,0,1,0
35082,-1,0,-0.008590341,0.4978524,0,1,unassigned,3.0,3.0,0.0,1.0,0.0,0.0,0.001934236,0.0,0,0,0,0,0
35083,-1,0,8.2679825,0.9997434,1,1,unassigned,45.0,34.0,11.0,0.75555557,0.24444444,0.24444443,0.08317215,0.02033097,0,0,0,1,1
35084,-1,0,2.491676,0.92355627,1,1,unassigned,2.0,2.0,0.0,1.0,0.0,0.0,0.0,0.0,0,0,0,1,1
35085,-1,0,0.08764893,0.5218982,1,1,unassigned,2.0,1.0,1.0,0.5,0.5,0.5,0.0,0.0,0,0,0,1,0
35086,-1,0,-0.521165,0.37257984,0,1,unassigned,2.0,2.0,0.0,1.0,0.0,0.0,0.0,0.0,0,0,0,0,0
35087,-1,0,11.531998,0.9999902,1,1,unassigned,16.0,14.0,2.0,0.875,0.125,0.125,0.027079303,0.0033849129,0,0,0,1,1
35088,-1,1,-0.67053187,0.33837777,0,1,unassigned,10.0,10.0,0.0,1.0,0.0,0.0,0.015473888,0.0,1,0,0,0,0
35089,-1,0,0.6693211,0.66135114,1,1,unassigned,3.0,3.0,0.0,1.0,0.0,0.0,0.001934236,0.0,0,0,0,1,0
35090,-1,0,2.1535609,0.89600104,1,1,unassigned,2.0,2.0,0.0,1.0,0.0,0.0,0.0,0.0,0,0,0,1,0
35091,-1,0,1.5143099,0.81969905,1,1,unassigned,19.0,18.0,1.0,0.94736844,0.05263158,0.052631557,0.032882012,0.0017306323,0,0,0,1,0
35092,-1,1,5.981463,0.9974813,1,1,unassigned,8.0,7.0,1.0,0.875,0.125,0.125,0.0116054155,0.0014506769,1,0,0,1,1
35093,0,0,-0.90423024,0.28818196,0,0,unassigned,23.0,23.0,0.0,1.0,0.0,0.0,0.040618956,0.0,0,0,1,0,0
35094,-1,0,-0.8238402,0.3049491,0,1,unassigned,35.0,35.0,0.0,1.0,0.0,0.0,0.06382979,0.0,0,0,0,0,0
35095,-1,0,0.058035195,0.51450473,1,1,unassigned,5.0,5.0,0.0,1.0,0.0,0.0,0.0058027077,0.0,0,0,0,1,0
35096,-1,0,-0.65796673,0.3411965,0,1,unassigned,68.0,57.0,11.0,0.8382353,0.16176471,0.16176468,0.12765957,0.020650813,0,0,0,0,0
35097,-1,0,4.9581223,0.9930229,1,1,unassigned,2.0,2.0,0.0,1.0,0.0,0.0,0.0,0.0,0,0,0,1,1
35098,0,0,-0.5174897,0.3734394,0,0,unassigned,4.0,4.0,0.0,1.0,0.0,0.0,0.003868472,0.0,0,0,1,0,0
35099,-1,1,1.8494642,0.86406416,1,1,unassigned,4.0,4.0,0.0,1.0,0.0,0.0,0.003868472,0.0,1,0,0,1,0
35100,0,0,-0.4477232,0.38990223,0,0,unassigned,23.0,23.0,0.0,1.0,0.0,0.0,0.040618956,0.0,0,0,1,0,0
35101,0,0,-0.52927864,0.37068516,0,0,test,50.0,50.0,0.0,1.0,0.0,0.0,0.092843324,0.0,0,0,1,0,0
35102,-1,0,-0.45444497,0.38830447,0,1,unassigned,49.0,49.0,0.0,1.0,0.0,0.0,0.09090909,0.0,0,0,0,0,0
35103,1,0,-0.122307,0.46946132,0,1,val,40.0,40.0,0.0,1.0,0.0,0.0,0.07350097,0.0,0,0,0,0,0
35104,-1,1,3.6924655,0.975695,1,1,unassigned,9.0,9.0,0.0,1.0,0.0,0.0,0.013539651,0.0,1,0,0,1,1
35105,-1,0,1.9743125,0.8780736,1,1,unassigned,3.0,1.0,2.0,0.33333334,0.6666667,0.6666666,0.001934236,0.0012894907,0,0,0,1,0
35106,-1,1,0.36462444,0.5901594,1,1,unassigned,3.0,3.0,0.0,1.0,0.0,0.0,0.001934236,0.0,1,0,0,1,0
35107,-1,1,1.4061015,0.80315036,1,1,unassigned,6.0,6.0,0.0,1.0,0.0,0.0,0.007736944,0.0,1,0,0,1,0
35108,-1,0,6.447926,0.9984187,1,1,unassigned,8.0,5.0,3.0,0.625,0.375,0.375,0.0116054155,0.004352031,0,0,0,1,1
35109,-1,0,0.011948764,0.5029872,1,1,unassigned,4.0,1.0,3.0,0.25,0.75,0.75,0.003868472,0.002901354,0,0,0,1,0
35110,-1,0,-0.84745014,0.29996803,0,1,unassigned,34.0,34.0,0.0,1.0,0.0,0.0,0.061895553,0.0,0,0,0,0,0
35111,-1,0,0.71664196,0.67186713,1,1,unassigned,4.0,4.0,0.0,1.0,0.0,0.0,0.003868472,0.0,0,0,0,1,0
35112,-1,0,-0.7694601,0.3165959,0,1,unassigned,6.0,4.0,2.0,0.6666667,0.33333334,0.3333333,0.007736944,0.0025789815,0,0,0,0,0
35113,-1,0,0.15949959,0.5397906,1,1,unassigned,37.0,37.0,0.0,1.0,0.0,0.0,0.06769826,0.0,0,0,0,1,0
35114,-1,0,-0.6144393,0.3510472,0,1,unassigned,30.0,30.0,0.0,1.0,0.0,0.0,0.054158606,0.0,0,0,0,0,0
35115,-1,0,4.0869904,0.98348755,1,1,unassigned,22.0,21.0,1.0,0.95454544,0.045454547,0.04545456,0.03868472,0.0017583964,0,0,0,1,1
35116,0,1,-0.37235457,0.4079722,0,0,val,34.0,32.0,2.0,0.9411765,0.05882353,0.058823526,0.061895553,0.0036409148,1,0,1,0,0
35117,-1,0,0.5082529,0.62439686,1,1,unassigned,8.0,7.0,1.0,0.875,0.125,0.125,0.0116054155,0.0014506769,0,0,0,1,0
35118,-1,0,-0.06865424,0.48284316,0,1,unassigned,9.0,9.0,0.0,1.0,0.0,0.0,0.013539651,0.0,0,0,0,0,0
35119,-1,0,-0.1991179,0.45038432,0,1,unassigned,4.0,4.0,0.0,1.0,0.0,0.0,0.003868472,0.0,0,0,0,0,0
35120,0,0,5.036445,0.9935452,1,1,unassigned,2.0,2.0,0.0,1.0,0.0,0.0,0.0,0.0,0,0,0,1,1
35121,1,1,1.536557,0.8229636,1,0,val,18.0,16.0,2.0,0.8888889,0.11111111,0.111111104,0.030947777,0.0034386418,1,0,1,1,0
35122,-1,1,1.3404214,0.79255927,1,1,unassigned,3.0,2.0,1.0,0.6666667,0.33333334,0.3333333,0.001934236,0.00064474536,1,0,0,1,0
35123,-1,0,3.1527312,0.9590162,1,1,unassigned,2.0,2.0,0.0,1.0,0.0,0.0,0.0,0.0,0,0,0,1,1
35124,-1,0,3.3037724,0.96455806,1,1,unassigned,3.0,3.0,0.0,1.0,0.0,0.0,0.001934236,0.0,0,0,0,1,1
35125,-1,1,-0.14097121,0.46481544,0,1,unassigned,31.0,30.0,1.0,0.9677419,0.032258064,0.032258093,0.056092843,0.0018094465,1,0,0,0,0
35126,-1,0,3.1527312,0.9590162,1,1,unassigned,2.0,2.0,0.0,1.0,0.0,0.0,0.0,0.0,0,0,0,1,1
35127,-1,1,3.1703908,0.9597047,1,1,unassigned,4.0,1.0,3.0,0.25,0.75,0.75,0.003868472,0.002901354,1,0,0,1,1
35128,-1,1,2.232231,0.90310675,1,1,unassigned,39.0,36.0,3.0,0.9230769,0.07692308,0.07692307,0.07156673,0.0055051334,1,0,0,1,1
35129,-1,0,-0.252904,0.4371088,0,1,unassigned,9.0,9.0,0.0,1.0,0.0,0.0,0.013539651,0.0,0,0,0,0,0
35130,-1,0,0.1808936,0.5451005,1,1,unassigned,8.0,8.0,0.0,1.0,0.0,0.0,0.0116054155,0.0,0,0,0,1,0
35131,-1,0,-0.54311234,0.3674639,0,1,unassigned,10.0,7.0,3.0,0.7,0.3,0.3,0.015473888,0.0046421667,0,0,0,0,0
35132,1,0,-0.054480433,0.48638323,0,1,unassigned,12.0,12.0,0.0,1.0,0.0,0.0,0.01934236,0.0,0,0,0,0,0
35133,-1,0,-0.4765475,0.3830677,0,1,unassigned,11.0,11.0,0.0,1.0,0.0,0.0,0.017408123,0.0,0,0,0,0,0
35134,-1,0,-0.73253024,0.32463974,0,1,unassigned,28.0,28.0,0.0,1.0,0.0,0.0,0.050290134,0.0,0,0,0,0,0
35135,-1,0,-0.8483701,0.2997749,0,1,unassigned,18.0,17.0,1.0,0.9444444,0.055555556,0.055555582,0.030947777,0.0017193209,0,0,0,0,0
35136,-1,0,-0.25713527,0.43606806,0,1,unassigned,22.0,22.0,0.0,1.0,0.0,0.0,0.03868472,0.0,0,0,0,0,0
35137,-1,0,-0.26525944,0.43407127,0,1,unassigned,35.0,34.0,1.0,0.9714286,0.028571429,0.028571427,0.06382979,0.0018237082,0,0,0,0,0
35138,-1,0,-0.30928925,0.42328826,0,1,unassigned,54.0,54.0,0.0,1.0,0.0,0.0,0.10058027,0.0,0,0,0,0,0
35139,-1,0,-0.22580856,0.4437865,0,1,unassigned,6.0,6.0,0.0,1.0,0.0,0.0,0.007736944,0.0,0,0,0,0,0
35140,-1,0,-0.6504997,0.34287694,0,1,unassigned,35.0,35.0,0.0,1.0,0.0,0.0,0.06382979,0.0,0,0,0,0,0
35141,-1,0,-0.7233123,0.326664,0,1,unassigned,55.0,51.0,4.0,0.92727274,0.07272727,0.07272726,0.102514505,0.0074556,0,0,0,0,0
35142,-1,0,-0.34842712,0.4137639,0,1,unassigned,6.0,5.0,1.0,0.8333333,0.16666667,0.16666669,0.007736944,0.0012894907,0,0,0,0,0
35143,-1,0,-0.836199,0.30233592,0,1,unassigned,29.0,28.0,1.0,0.9655172,0.03448276,0.034482777,0.05222437,0.0018008404,0,0,0,0,0
35144,-1,1,-0.25347465,0.43696848,0,1,unassigned,3.0,3.0,0.0,1.0,0.0,0.0,0.001934236,0.0,1,0,0,0,0
35145,-1,0,2.1842296,0.89882433,1,1,unassigned,5.0,5.0,0.0,1.0,0.0,0.0,0.0058027077,0.0,0,0,0,1,0
35146,-1,0,-0.31820884,0.42111233,0,1,unassigned,17.0,17.0,0.0,1.0,0.0,0.0,0.029013539,0.0,0,0,0,0,0
35147,-1,1,4.938332,0.9928845,1,1,unassigned,3.0,2.0,1.0,0.6666667,0.33333334,0.3333333,0.001934236,0.00064474536,1,0,0,1,1
35148,-1,1,5.6195006,0.99638665,1,1,unassigned,3.0,3.0,0.0,1.0,0.0,0.0,0.001934236,0.0,1,0,0,1,1
35149,-1,0,0.67013556,0.6615335,1,1,unassigned,2.0,2.0,0.0,1.0,0.0,0.0,0.0,0.0,0,0,0,1,0
35150,1,0,4.9783006,0.9931613,1,0,unassigned,5.0,5.0,0.0,1.0,0.0,0.0,0.0058027077,0.0,0,0,1,1,1
35151,-1,0,0.55615157,0.6355616,1,1,unassigned,2.0,2.0,0.0,1.0,0.0,0.0,0.0,0.0,0,0,0,1,0
35152,-1,0,-0.5201082,0.37282693,0,1,unassigned,10.0,10.0,0.0,1.0,0.0,0.0,0.015473888,0.0,0,0,0,0,0
35153,-1,0,0.085036576,0.5212463,1,1,unassigned,3.0,3.0,0.0,1.0,0.0,0.0,0.001934236,0.0,0,0,0,1,0
35154,-1,1,1.564122,0.82694405,1,1,unassigned,3.0,3.0,0.0,1.0,0.0,0.0,0.001934236,0.0,1,0,0,1,0
35155,-1,0,-0.45246726,0.3887743,0,1,unassigned,9.0,9.0,0.0,1.0,0.0,0.0,0.013539651,0.0,0,0,0,0,0
35156,1,1,10.309093,0.9999666,1,0,unassigned,26.0,22.0,4.0,0.84615386,0.15384616,0.15384614,0.046421662,0.0071417945,1,0,1,1,1
35157,-1,0,2.0942054,0.89033866,1,1,unassigned,7.0,7.0,0.0,1.0,0.0,0.0,0.00967118,0.0,0,0,0,1,0
35158,-1,1,-0.3954178,0.40241376,0,1,unassigned,8.0,8.0,0.0,1.0,0.0,0.0,0.0116054155,0.0,1,0,0,0,0
35159,-1,0,12.654434,0.9999968,1,1,unassigned,3.0,2.0,1.0,0.6666667,0.33333334,0.3333333,0.001934236,0.00064474536,0,0,0,1,1
35160,-1,0,8.034647,0.9996761,1,1,unassigned,3.0,2.0,1.0,0.6666667,0.33333334,0.3333333,0.001934236,0.00064474536,0,0,0,1,1
35161,-1,0,9.0102215,0.9998778,1,1,unassigned,7.0,3.0,4.0,0.42857143,0.5714286,0.57142854,0.00967118,0.0055263885,0,0,0,1,1
35162,-1,0,8.85889,0.9998579,1,1,unassigned,17.0,12.0,5.0,0.7058824,0.29411766,0.29411763,0.029013539,0.008533394,0,0,0,1,1
35163,-1,0,8.209806,0.99972814,1,1,unassigned,4.0,4.0,0.0,1.0,0.0,0.0,0.003868472,0.0,0,0,0,1,1
35164,-1,1,1.0970812,0.7497128,1,1,unassigned,11.0,10.0,1.0,0.90909094,0.09090909,0.090909064,0.017408123,0.0015825568,1,0,0,1,0
35165,-1,0,1.4731872,0.81354135,1,1,unassigned,18.0,17.0,1.0,0.9444444,0.055555556,0.055555582,0.030947777,0.0017193209,0,0,0,1,0
35166,0,1,0.84032637,0.698534,1,1,test,28.0,28.0,0.0,1.0,0.0,0.0,0.050290134,0.0,1,0,0,1,0
35167,-1,1,-0.83501095,0.30258656,0,1,unassigned,21.0,21.0,0.0,1.0,0.0,0.0,0.036750484,0.0,1,0,0,0,0
35168,-1,1,-0.8306759,0.30350217,0,1,unassigned,26.0,26.0,0.0,1.0,0.0,0.0,0.046421662,0.0,1,0,0,0,0
35169,-1,1,-0.15544909,0.46121582,0,1,unassigned,4.0,4.0,0.0,1.0,0.0,0.0,0.003868472,0.0,1,0,0,0,0
35170,-1,0,2.6269073,0.9325733,1,1,unassigned,2.0,2.0,0.0,1.0,0.0,0.0,0.0,0.0,0,0,0,1,1
35171,-1,1,-0.11593062,0.4710498,0,1,unassigned,6.0,6.0,0.0,1.0,0.0,0.0,0.007736944,0.0,1,0,0,0,0
35172,-1,0,-0.2648573,0.43417004,0,1,unassigned,4.0,4.0,0.0,1.0,0.0,0.0,0.003868472,0.0,0,0,0,0,0
35173,-1,0,12.41564,0.99999595,1,1,unassigned,2.0,2.0,0.0,1.0,0.0,0.0,0.0,0.0,0,0,0,1,1
35174,-1,1,1.3590844,0.79561085,1,1,unassigned,9.0,8.0,1.0,0.8888889,0.11111111,0.111111104,0.013539651,0.0015044058,1,0,0,1,0
35175,-1,1,-0.22159302,0.44482732,0,1,unassigned,6.0,6.0,0.0,1.0,0.0,0.0,0.007736944,0.0,1,0,0,0,0
35176,-1,1,2.037935,0.88472277,1,1,unassigned,13.0,13.0,0.0,1.0,0.0,0.0,0.021276595,0.0,1,0,0,1,0
35177,-1,0,-0.52347255,0.3720406,0,1,unassigned,8.0,8.0,0.0,1.0,0.0,0.0,0.0116054155,0.0,0,0,0,0,0
35178,-1,0,8.79097,0.9998479,1,1,unassigned,10.0,6.0,4.0,0.6,0.4,0.39999998,0.015473888,0.0061895554,0,0,0,1,1
35179,-1,1,2.019371,0.88281596,1,1,unassigned,11.0,11.0,0.0,1.0,0.0,0.0,0.017408123,0.0,1,0,0,1,0
35180,-1,0,10.557434,0.999974,1,1,unassigned,2.0,1.0,1.0,0.5,0.5,0.5,0.0,0.0,0,0,0,1,1
35181,-1,0,3.6355574,0.97430825,1,1,unassigned,4.0,4.0,0.0,1.0,0.0,0.0,0.003868472,0.0,0,0,0,1,1
35182,-1,1,-0.80647373,0.30864242,0,1,unassigned,50.0,45.0,5.0,0.9,0.1,0.100000024,0.092843324,0.009284332,1,0,0,0,0
35183,-1,1,-0.5145869,0.37411883,0,1,unassigned,4.0,4.0,0.0,1.0,0.0,0.0,0.003868472,0.0,1,0,0,0,0
35184,1,1,3.8670733,0.9795091,1,0,val,26.0,17.0,9.0,0.65384614,0.34615386,0.34615386,0.046421662,0.016069038,1,0,1,1,1
35185,-1,0,0.058227718,0.51455283,1,1,unassigned,11.0,9.0,2.0,0.8181818,0.18181819,0.18181819,0.017408123,0.0031651135,0,0,0,1,0
35186,-1,1,-0.19497606,0.45140982,0,1,unassigned,16.0,16.0,0.0,1.0,0.0,0.0,0.027079303,0.0,1,0,0,0,0
35187,0,0,-0.94807947,0.27927122,0,0,test,5.0,5.0,0.0,1.0,0.0,0.0,0.0058027077,0.0,0,0,1,0,0
35188,-1,0,5.1907525,0.994463,1,1,unassigned,4.0,4.0,0.0,1.0,0.0,0.0,0.003868472,0.0,0,0,0,1,1
35189,-1,1,1.1804748,0.7650331,1,1,unassigned,9.0,3.0,6.0,0.33333334,0.6666667,0.6666666,0.013539651,0.009026434,1,0,0,1,0
35190,-1,0,1.7543657,0.8525025,1,1,unassigned,3.0,3.0,0.0,1.0,0.0,0.0,0.001934236,0.0,0,0,0,1,0
35191,-1,0,2.9632132,0.9508843,1,1,unassigned,2.0,1.0,1.0,0.5,0.5,0.5,0.0,0.0,0,0,0,1,1
35192,-1,1,0.33344716,0.5825979,1,1,unassigned,35.0,32.0,3.0,0.9142857,0.08571429,0.08571428,0.06382979,0.005471125,1,0,0,1,0
35193,-1,1,2.856525,0.9456549,1,1,unassigned,4.0,3.0,1.0,0.75,0.25,0.25,0.003868472,0.000967118,1,0,0,1,1
35194,-1,1,-0.5131464,0.37445623,0,1,unassigned,2.0,2.0,0.0,1.0,0.0,0.0,0.0,0.0,1,0,0,0,0
35195,-1,1,14.500928,0.9999995,1,1,unassigned,2.0,1.0,1.0,0.5,0.5,0.5,0.0,0.0,1,0,0,1,1
35196,-1,1,5.835648,0.99708694,1,1,unassigned,12.0,10.0,2.0,0.8333333,0.16666667,0.16666669,0.01934236,0.0032237265,1,0,0,1,1
35197,-1,0,1.2969658,0.78532386,1,1,unassigned,24.0,23.0,1.0,0.9583333,0.041666668,0.041666687,0.04255319,0.0017730496,0,0,0,1,0
35198,-1,0,2.2375767,0.9035736,1,1,unassigned,3.0,3.0,0.0,1.0,0.0,0.0,0.001934236,0.0,0,0,0,1,1
35199,1,0,2.9745371,0.9514105,1,0,val,4.0,4.0,0.0,1.0,0.0,0.0,0.003868472,0.0,0,0,1,1,1
35200,-1,0,2.159777,0.89657885,1,1,unassigned,3.0,3.0,0.0,1.0,0.0,0.0,0.001934236,0.0,0,0,0,1,0
35201,-1,0,4.620291,0.9902462,1,1,unassigned,5.0,4.0,1.0,0.8,0.2,0.19999999,0.0058027077,0.0011605415,0,0,0,1,1
35202,-1,0,10.932739,0.9999821,1,1,unassigned,2.0,2.0,0.0,1.0,0.0,0.0,0.0,0.0,0,0,0,1,1
35203,-1,1,4.095429,0.983624,1,1,unassigned,6.0,5.0,1.0,0.8333333,0.16666667,0.16666669,0.007736944,0.0012894907,1,0,0,1,1
35204,-1,0,7.6592355,0.9995285,1,1,unassigned,4.0,4.0,0.0,1.0,0.0,0.0,0.003868472,0.0,0,0,0,1,1
35205,-1,0,9.662827,0.99993634,1,1,unassigned,2.0,2.0,0.0,1.0,0.0,0.0,0.0,0.0,0,0,0,1,1
35206,-1,0,4.298194,0.9865892,1,1,unassigned,12.0,12.0,0.0,1.0,0.0,0.0,0.01934236,0.0,0,0,0,1,1
35207,1,0,-0.8357769,0.30242494,0,1,val,3.0,3.0,0.0,1.0,0.0,0.0,0.001934236,0.0,0,0,0,0,0
35208,-1,0,0.5916981,0.6437547,1,1,unassigned,13.0,13.0,0.0,1.0,0.0,0.0,0.021276595,0.0,0,0,0,1,0
35209,-1,0,1.488806,0.81589895,1,1,unassigned,2.0,2.0,0.0,1.0,0.0,0.0,0.0,0.0,0,0,0,1,0
35210,-1,0,4.0115523,0.9822167,1,1,unassigned,5.0,5.0,0.0,1.0,0.0,0.0,0.0058027077,0.0,0,0,0,1,1
35211,-1,0,-0.40518528,0.40006715,0,1,unassigned,8.0,8.0,0.0,1.0,0.0,0.0,0.0116054155,0.0,0,0,0,0,0
35212,-1,0,0.013008952,0.5032522,1,1,unassigned,57.0,56.0,1.0,0.98245615,0.01754386,0.017543852,0.10638298,0.0018663681,0,0,0,1,0
35213,-1,0,-0.28701186,0.42873558,0,1,unassigned,36.0,36.0,0.0,1.0,0.0,0.0,0.065764025,0.0,0,0,0,0,0
35214,1,0,1.3436089,0.7930828,1,0,unassigned,20.0,20.0,0.0,1.0,0.0,0.0,0.034816246,0.0,0,0,1,1,0
35215,-1,0,5.8884635,0.9972364,1,1,unassigned,8.0,8.0,0.0,1.0,0.0,0.0,0.0116054155,0.0,0,0,0,1,1
35216,-1,0,7.148083,0.9992142,1,1,unassigned,4.0,3.0,1.0,0.75,0.25,0.25,0.003868472,0.000967118,0,0,0,1,1
35217,-1,0,0.7791596,0.68549895,1,1,unassigned,3.0,3.0,0.0,1.0,0.0,0.0,0.001934236,0.0,0,0,0,1,0
35218,-1,0,4.1258893,0.9841075,1,1,unassigned,4.0,4.0,0.0,1.0,0.0,0.0,0.003868472,0.0,0,0,0,1,1
35219,1,0,3.7139156,0.97619843,1,0,test,8.0,8.0,0.0,1.0,0.0,0.0,0.0116054155,0.0,0,0,1,1,1
35220,1,0,4.273456,0.9862579,1,0,test,8.0,8.0,0.0,1.0,0.0,0.0,0.0116054155,0.0,0,0,1,1,1
35221,-1,0,1.7543108,0.85249573,1,1,unassigned,4.0,4.0,0.0,1.0,0.0,0.0,0.003868472,0.0,0,0,0,1,0
35222,1,0,2.272251,0.9065526,1,0,test,17.0,17.0,0.0,1.0,0.0,0.0,0.029013539,0.0,0,0,1,1,1
35223,-1,0,6.4020185,0.99834454,1,1,unassigned,2.0,2.0,0.0,1.0,0.0,0.0,0.0,0.0,0,0,0,1,1
35224,-1,0,1.5151827,0.819828,1,1,unassigned,7.0,7.0,0.0,1.0,0.0,0.0,0.00967118,0.0,0,0,0,1,0
35225,-1,0,2.7954814,0.94243115,1,1,unassigned,2.0,2.0,0.0,1.0,0.0,0.0,0.0,0.0,0,0,0,1,1
35226,-1,0,2.6692955,0.9351904,1,1,unassigned,2.0,2.0,0.0,1.0,0.0,0.0,0.0,0.0,0,0,0,1,1
35227,-1,0,-1.2451986,0.22353241,0,1,unassigned,2.0,2.0,0.0,1.0,0.0,0.0,0.0,0.0,0,0,0,0,0
35228,-1,1,4.010901,0.98220533,1,1,unassigned,6.0,5.0,1.0,0.8333333,0.16666667,0.16666669,0.007736944,0.0012894907,1,0,0,1,1
35229,-1,0,3.9457695,0.98103046,1,1,unassigned,4.0,4.0,0.0,1.0,0.0,0.0,0.003868472,0.0,0,0,0,1,1
35230,-1,0,2.9912546,0.95217746,1,1,unassigned,2.0,2.0,0.0,1.0,0.0,0.0,0.0,0.0,0,0,0,1,1
35231,-1,0,3.8365147,0.9788867,1,1,unassigned,3.0,2.0,1.0,0.6666667,0.33333334,0.3333333,0.001934236,0.00064474536,0,0,0,1,1
35232,1,0,4.9692187,0.99309933,1,0,val,2.0,2.0,0.0,1.0,0.0,0.0,0.0,0.0,0,0,1,1,1
35233,0,0,-0.42999285,0.39412802,0,0,unassigned,32.0,28.0,4.0,0.875,0.125,0.125,0.058027077,0.0072533847,0,0,1,0,0
35234,-1,1,3.6151035,0.97379124,1,1,unassigned,4.0,3.0,1.0,0.75,0.25,0.25,0.003868472,0.000967118,1,0,0,1,1
35235,-1,0,3.211944,0.9612813,1,1,unassigned,3.0,3.0,0.0,1.0,0.0,0.0,0.001934236,0.0,0,0,0,1,1
35236,-1,1,5.8784804,0.9972088,1,1,unassigned,10.0,10.0,0.0,1.0,0.0,0.0,0.015473888,0.0,1,0,0,1,1
35237,-1,1,3.3914578,0.9674365,1,1,unassigned,2.0,1.0,1.0,0.5,0.5,0.5,0.0,0.0,1,0,0,1,1
35238,-1,0,3.464122,0.96964955,1,1,unassigned,14.0,14.0,0.0,1.0,0.0,0.0,0.023210831,0.0,0,0,0,1,1
35239,-1,0,3.58519,0.97301686,1,1,unassigned,7.0,4.0,3.0,0.5714286,0.42857143,0.4285714,0.00967118,0.0041447915,0,0,0,1,1
35240,-1,0,0.19046527,0.5474729,1,1,unassigned,2.0,1.0,1.0,0.5,0.5,0.5,0.0,0.0,0,0,0,1,0
35241,0,0,1.2163281,0.7714168,1,1,test,27.0,27.0,0.0,1.0,0.0,0.0,0.0483559,0.0,0,0,0,1,0
35242,-1,0,9.284929,0.99990714,1,1,unassigned,28.0,27.0,1.0,0.96428573,0.035714287,0.03571427,0.050290134,0.0017960763,0,0,0,1,1
35243,-1,0,6.959206,0.99905103,1,1,unassigned,17.0,17.0,0.0,1.0,0.0,0.0,0.029013539,0.0,0,0,0,1,1
35244,-1,0,1.7502599,0.8519856,1,1,unassigned,8.0,8.0,0.0,1.0,0.0,0.0,0.0116054155,0.0,0,0,0,1,0
35245,-1,0,6.1139255,0.9977931,1,1,unassigned,4.0,4.0,0.0,1.0,0.0,0.0,0.003868472,0.0,0,0,0,1,1
35246,-1,0,2.4887717,0.92335093,1,1,unassigned,2.0,2.0,0.0,1.0,0.0,0.0,0.0,0.0,0,0,0,1,1
35247,-1,1,3.1761668,0.95992744,1,1,unassigned,2.0,1.0,1.0,0.5,0.5,0.5,0.0,0.0,1,0,0,1,1
35248,-1,0,0.41018897,0.60113317,1,1,unassigned,3.0,2.0,1.0,0.6666667,0.33333334,0.3333333,0.001934236,0.00064474536,0,0,0,1,0
35249,-1,0,8.186647,0.9997217,1,1,unassigned,10.0,5.0,5.0,0.5,0.5,0.5,0.015473888,0.007736944,0,0,0,1,1
35250,1,0,-0.5266073,0.3713085,0,1,train,73.0,63.0,10.0,0.8630137,0.1369863,0.13698632,0.13733076,0.018812433,0,0,0,0,0
35251,-1,0,4.29764,0.9865819,1,1,unassigned,5.0,5.0,0.0,1.0,0.0,0.0,0.0058027077,0.0,0,0,0,1,1
35252,-1,0,-0.43227035,0.39358434,0,1,unassigned,12.0,12.0,0.0,1.0,0.0,0.0,0.01934236,0.0,0,0,0,0,0
35253,-1,1,-0.33001864,0.41823608,0,1,unassigned,28.0,26.0,2.0,0.9285714,0.071428575,0.0714286,0.050290134,0.0035921526,1,0,0,0,0
35254,-1,0,2.4489315,0.9204833,1,1,unassigned,2.0,2.0,0.0,1.0,0.0,0.0,0.0,0.0,0,0,0,1,1
35255,-1,1,-0.44447008,0.39067635,0,1,unassigned,22.0,21.0,1.0,0.95454544,0.045454547,0.04545456,0.03868472,0.0017583964,1,0,0,0,0
35256,-1,1,-0.06406474,0.4839893,0,1,unassigned,8.0,8.0,0.0,1.0,0.0,0.0,0.0116054155,0.0,1,0,0,0,0
35257,-1,1,-0.6002389,0.35428905,0,1,unassigned,8.0,8.0,0.0,1.0,0.0,0.0,0.0116054155,0.0,1,0,0,0,0
35258,-1,1,-0.63750273,0.34581128,0,1,unassigned,16.0,16.0,0.0,1.0,0.0,0.0,0.027079303,0.0,1,0,0,0,0
35259,-1,0,0.52013737,0.6271799,1,1,unassigned,9.0,9.0,0.0,1.0,0.0,0.0,0.013539651,0.0,0,0,0,1,0
35260,1,0,-0.7150887,0.3284754,0,1,unassigned,10.0,8.0,2.0,0.8,0.2,0.19999999,0.015473888,0.0030947777,0,0,0,0,0
35261,-1,1,0.07873881,0.51967454,1,1,unassigned,8.0,7.0,1.0,0.875,0.125,0.125,0.0116054155,0.0014506769,1,0,0,1,0
35262,1,0,0.02174884,0.505437,1,0,val,9.0,9.0,0.0,1.0,0.0,0.0,0.013539651,0.0,0,0,1,1,0
35263,-1,0,1.6274877,0.83582515,1,1,unassigned,3.0,3.0,0.0,1.0,0.0,0.0,0.001934236,0.0,0,0,0,1,0
35264,-1,0,3.9467885,0.9810494,1,1,unassigned,4.0,3.0,1.0,0.75,0.25,0.25,0.003868472,0.000967118,0,0,0,1,1
35265,-1,1,-0.91685164,0.2855998,0,1,unassigned,25.0,25.0,0.0,1.0,0.0,0.0,0.044487428,0.0,1,0,0,0,0
35266,-1,0,1.2171295,0.77155805,1,1,unassigned,3.0,3.0,0.0,1.0,0.0,0.0,0.001934236,0.0,0,0,0,1,0
35267,-1,0,4.4958205,0.9889676,1,1,unassigned,5.0,5.0,0.0,1.0,0.0,0.0,0.0058027077,0.0,0,0,0,1,1
35268,-1,1,-0.9117972,0.2866322,0,1,unassigned,17.0,17.0,0.0,1.0,0.0,0.0,0.029013539,0.0,1,0,0,0,0
35269,-1,0,4.0936937,0.9835961,1,1,unassigned,3.0,3.0,0.0,1.0,0.0,0.0,0.001934236,0.0,0,0,0,1,1
35270,-1,0,0.7137347,0.67122585,1,1,unassigned,9.0,9.0,0.0,1.0,0.0,0.0,0.013539651,0.0,0,0,0,1,0
35271,-1,1,0.8636835,0.7034297,1,1,unassigned,7.0,6.0,1.0,0.85714287,0.14285715,0.14285713,0.00967118,0.0013815971,1,0,0,1,0
35272,-1,0,2.4321187,0.919244,1,1,unassigned,12.0,12.0,0.0,1.0,0.0,0.0,0.01934236,0.0,0,0,0,1,1
35273,-1,1,-0.43826342,0.39215484,0,1,unassigned,8.0,7.0,1.0,0.875,0.125,0.125,0.0116054155,0.0014506769,1,0,0,0,0
35274,-1,0,4.7274365,0.99122846,1,1,unassigned,5.0,5.0,0.0,1.0,0.0,0.0,0.0058027077,0.0,0,0,0,1,1
35275,-1,1,-0.51427114,0.3741928,0,1,unassigned,2.0,1.0,1.0,0.5,0.5,0.5,0.0,0.0,1,0,0,0,0
35276,-1,1,3.3513522,0.9661491,1,1,unassigned,5.0,5.0,0.0,1.0,0.0,0.0,0.0058027077,0.0,1,0,0,1,1
35277,-1,1,-0.6291902,0.3476942,0,1,unassigned,20.0,20.0,0.0,1.0,0.0,0.0,0.034816246,0.0,1,0,0,0,0
35278,-1,1,-0.50697565,0.37590277,0,1,unassigned,15.0,15.0,0.0,1.0,0.0,0.0,0.025145067,0.0,1,0,0,0,0
35279,-1,0,1.1732104,0.7637248,1,1,unassigned,21.0,21.0,0.0,1.0,0.0,0.0,0.036750484,0.0,0,0,0,1,0
35280,-1,0,1.5253165,0.82132006,1,1,unassigned,15.0,14.0,1.0,0.93333334,0.06666667,0.06666666,0.025145067,0.0016763379,0,0,0,1,0
35281,-1,1,2.6777442,0.9357006,1,1,unassigned,2.0,1.0,1.0,0.5,0.5,0.5,0.0,0.0,1,0,0,1,1
35282,-1,0,3.9566023,0.98123103,1,1,unassigned,7.0,7.0,0.0,1.0,0.0,0.0,0.00967118,0.0,0,0,0,1,1
35283,-1,0,2.3095577,0.9096655,1,1,unassigned,4.0,3.0,1.0,0.75,0.25,0.25,0.003868472,0.000967118,0,0,0,1,1
35284,-1,0,0.9173766,0.7145072,1,1,unassigned,4.0,4.0,0.0,1.0,0.0,0.0,0.003868472,0.0,0,0,0,1,0
35285,-1,0,0.0010357499,0.5002589,1,1,unassigned,7.0,7.0,0.0,1.0,0.0,0.0,0.00967118,0.0,0,0,0,1,0
35286,-1,1,0.8754955,0.7058879,1,1,unassigned,6.0,5.0,1.0,0.8333333,0.16666667,0.16666669,0.007736944,0.0012894907,1,0,0,1,0
35287,1,0,0.021514237,0.50537837,1,0,test,9.0,9.0,0.0,1.0,0.0,0.0,0.013539651,0.0,0,0,1,1,0
35288,-1,1,0.49807698,0.6220073,1,1,unassigned,24.0,22.0,2.0,0.9166667,0.083333336,0.08333331,0.04255319,0.0035460992,1,0,0,1,0
35289,-1,1,4.9172373,0.99273384,1,1,unassigned,4.0,4.0,0.0,1.0,0.0,0.0,0.003868472,0.0,1,0,0,1,1
35290,-1,1,0.6953667,0.66715974,1,1,unassigned,38.0,38.0,0.0,1.0,0.0,0.0,0.06963249,0.0,1,0,0,1,0
35291,-1,1,-1.7990894,0.14196193,0,1,unassigned,2.0,2.0,0.0,1.0,0.0,0.0,0.0,0.0,1,0,0,0,0
35292,-1,0,3.5292056,0.97150743,1,1,unassigned,2.0,1.0,1.0,0.5,0.5,0.5,0.0,0.0,0,0,0,1,1
35293,-1,0,4.0251985,0.98245347,1,1,unassigned,11.0,9.0,2.0,0.8181818,0.18181819,0.18181819,0.017408123,0.0031651135,0,0,0,1,1
35294,-1,0,0.3817628,0.5942982,1,1,unassigned,3.0,3.0,0.0,1.0,0.0,0.0,0.001934236,0.0,0,0,0,1,0
35295,-1,1,0.95776886,0.72267485,1,1,unassigned,10.0,8.0,2.0,0.8,0.2,0.19999999,0.015473888,0.0030947777,1,0,0,1,0
35296,-1,0,-0.020199716,0.4949502,0,1,unassigned,9.0,9.0,0.0,1.0,0.0,0.0,0.013539651,0.0,0,0,0,0,0
35297,-1,1,0.46849877,0.6150284,1,1,unassigned,4.0,3.0,1.0,0.75,0.25,0.25,0.003868472,0.000967118,1,0,0,1,0
35298,-1,0,1.65505,0.8395724,1,1,unassigned,3.0,3.0,0.0,1.0,0.0,0.0,0.001934236,0.0,0,0,0,1,0
35299,-1,0,-0.59564245,0.35534126,0,1,unassigned,21.0,21.0,0.0,1.0,0.0,0.0,0.036750484,0.0,0,0,0,0,0
35300,-1,0,6.510642,0.9985147,1,1,unassigned,5.0,5.0,0.0,1.0,0.0,0.0,0.0058027077,0.0,0,0,0,1,1
35301,-1,0,-0.1960069,0.45115456,0,1,unassigned,3.0,3.0,0.0,1.0,0.0,0.0,0.001934236,0.0,0,0,0,0,0
35302,-1,0,2.5653074,0.92859524,1,1,unassigned,7.0,7.0,0.0,1.0,0.0,0.0,0.00967118,0.0,0,0,0,1,1
35303,1,0,-0.7141067,0.32869205,0,1,test,13.0,12.0,1.0,0.9230769,0.07692308,0.07692307,0.021276595,0.0016366612,0,0,0,0,0
35304,-1,1,8.45846,0.999788,1,1,unassigned,16.0,11.0,5.0,0.6875,0.3125,0.3125,0.027079303,0.008462282,1,0,0,1,1
35305,-1,0,1.3752353,0.7982247,1,1,unassigned,5.0,3.0,2.0,0.6,0.4,0.39999998,0.0058027077,0.002321083,0,0,0,1,0
35306,-1,1,-0.49519846,0.3786697,0,1,unassigned,6.0,6.0,0.0,1.0,0.0,0.0,0.007736944,0.0,1,0,0,0,0
35307,1,0,5.379952,0.9954131,1,0,train,12.0,12.0,0.0,1.0,0.0,0.0,0.01934236,0.0,0,0,1,1,1
35308,-1,1,-0.3942389,0.4026973,0,1,unassigned,12.0,11.0,1.0,0.9166667,0.083333336,0.08333331,0.01934236,0.0016118633,1,0,0,0,0
35309,-1,1,5.2696633,0.99488103,1,1,unassigned,9.0,9.0,0.0,1.0,0.0,0.0,0.013539651,0.0,1,0,0,1,1
35310,-1,1,0.07747823,0.5193599,1,1,unassigned,15.0,15.0,0.0,1.0,0.0,0.0,0.025145067,0.0,1,0,0,1,0
35311,-1,1,-0.4388519,0.3920146,0,1,unassigned,4.0,4.0,0.0,1.0,0.0,0.0,0.003868472,0.0,1,0,0,0,0
35312,-1,1,0.6172194,0.6495859,1,1,unassigned,12.0,11.0,1.0,0.9166667,0.083333336,0.08333331,0.01934236,0.0016118633,1,0,0,1,0
35313,-1,1,-1.1570528,0.23920321,0,1,unassigned,2.0,2.0,0.0,1.0,0.0,0.0,0.0,0.0,1,0,0,0,0
35314,-1,0,0.5788558,0.6408041,1,1,unassigned,5.0,5.0,0.0,1.0,0.0,0.0,0.0058027077,0.0,0,0,0,1,0
35315,-1,0,3.3867757,0.9672887,1,1,unassigned,12.0,8.0,4.0,0.6666667,0.33333334,0.3333333,0.01934236,0.006447453,0,0,0,1,1
35316,-1,0,0.026669562,0.506667,1,1,unassigned,9.0,9.0,0.0,1.0,0.0,0.0,0.013539651,0.0,0,0,0,1,0
35317,-1,1,3.9864123,0.9817722,1,1,unassigned,11.0,10.0,1.0,0.90909094,0.09090909,0.090909064,0.017408123,0.0015825568,1,0,0,1,1
35318,-1,0,-0.79251987,0.31162786,0,1,unassigned,5.0,5.0,0.0,1.0,0.0,0.0,0.0058027077,0.0,0,0,0,0,0
35319,-1,0,4.0570893,0.98299485,1,1,unassigned,6.0,4.0,2.0,0.6666667,0.33333334,0.3333333,0.007736944,0.0025789815,0,0,0,1,1
35320,-1,0,4.551646,0.98956037,1,1,unassigned,2.0,2.0,0.0,1.0,0.0,0.0,0.0,0.0,0,0,0,1,1
35321,-1,0,10.502157,0.9999726,1,1,unassigned,2.0,1.0,1.0,0.5,0.5,0.5,0.0,0.0,0,0,0,1,1
35322,-1,0,4.980816,0.99317837,1,1,unassigned,3.0,3.0,0.0,1.0,0.0,0.0,0.001934236,0.0,0,0,0,1,1
35323,0,1,-0.8865458,0.29182315,0,0,unassigned,17.0,17.0,0.0,1.0,0.0,0.0,0.029013539,0.0,1,0,1,0,0
35324,-1,0,-0.36493504,0.40976542,0,1,unassigned,2.0,2.0,0.0,1.0,0.0,0.0,0.0,0.0,0,0,0,0,0
35325,-1,0,2.995881,0.9523877,1,1,unassigned,4.0,4.0,0.0,1.0,0.0,0.0,0.003868472,0.0,0,0,0,1,1
35326,-1,1,0.19678694,0.5490386,1,1,unassigned,8.0,5.0,3.0,0.625,0.375,0.375,0.0116054155,0.004352031,1,0,0,1,0
35327,-1,0,0.50122005,0.622746,1,1,unassigned,4.0,4.0,0.0,1.0,0.0,0.0,0.003868472,0.0,0,0,0,1,0
35328,1,0,14.042175,0.99999917,1,0,test,2.0,2.0,0.0,1.0,0.0,0.0,0.0,0.0,0,0,1,1,1
35329,0,0,-0.47781172,0.38276902,0,0,test,29.0,28.0,1.0,0.9655172,0.03448276,0.034482777,0.05222437,0.0018008404,0,0,1,0,0
35330,1,0,2.8199637,0.94374514,1,0,val,16.0,16.0,0.0,1.0,0.0,0.0,0.027079303,0.0,0,0,1,1,1
35331,-1,1,0.2732666,0.56789464,1,1,unassigned,5.0,5.0,0.0,1.0,0.0,0.0,0.0058027077,0.0,1,0,0,1,0
35332,-1,1,7.256726,0.9992951,1,1,unassigned,3.0,2.0,1.0,0.6666667,0.33333334,0.3333333,0.001934236,0.00064474536,1,0,0,1,1
35333,-1,0,2.2406108,0.9038376,1,1,unassigned,2.0,2.0,0.0,1.0,0.0,0.0,0.0,0.0,0,0,0,1,1
35334,-1,0,5.874451,0.9971975,1,1,unassigned,2.0,2.0,0.0,1.0,0.0,0.0,0.0,0.0,0,0,0,1,1
35335,-1,0,3.4258516,0.96850276,1,1,unassigned,14.0,14.0,0.0,1.0,0.0,0.0,0.023210831,0.0,0,0,0,1,1
35336,-1,1,1.5154274,0.81986415,1,1,unassigned,2.0,2.0,0.0,1.0,0.0,0.0,0.0,0.0,1,0,0,1,0
35337,-1,0,2.1478083,0.89546376,1,1,unassigned,14.0,12.0,2.0,0.85714287,0.14285715,0.14285713,0.023210831,0.0033158332,0,0,0,1,0
35338,-1,1,1.6293714,0.8360835,1,1,unassigned,3.0,3.0,0.0,1.0,0.0,0.0,0.001934236,0.0,1,0,0,1,0
35339,-1,1,0.47804445,0.61728597,1,1,unassigned,3.0,3.0,0.0,1.0,0.0,0.0,0.001934236,0.0,1,0,0,1,0
35340,-1,1,5.8382664,0.99709463,1,1,unassigned,46.0,45.0,1.0,0.9782609,0.02173913,0.021739125,0.08510638,0.0018501388,1,0,0,1,1
35341,-1,1,12.677313,0.9999969,1,1,unassigned,3.0,1.0,2.0,0.33333334,0.6666667,0.6666666,0.001934236,0.0012894907,1,0,0,1,1
35342,0,0,-0.5925209,0.35605666,0,0,val,46.0,45.0,1.0,0.9782609,0.02173913,0.021739125,0.08510638,0.0018501388,0,0,1,0,0
35343,1,0,0.006011069,0.50150275,1,0,unassigned,3.0,3.0,0.0,1.0,0.0,0.0,0.001934236,0.0,0,0,1,1,0
35344,-1,0,4.1613455,0.9846526,1,1,unassigned,3.0,3.0,0.0,1.0,0.0,0.0,0.001934236,0.0,0,0,0,1,1
35345,-1,0,3.3207004,0.9651321,1,1,unassigned,6.0,6.0,0.0,1.0,0.0,0.0,0.007736944,0.0,0,0,0,1,1
35346,-1,0,-0.9163801,0.28569606,0,1,unassigned,13.0,13.0,0.0,1.0,0.0,0.0,0.021276595,0.0,0,0,0,0,0
35347,-1,0,-0.12071389,0.4698581,0,1,unassigned,2.0,2.0,0.0,1.0,0.0,0.0,0.0,0.0,0,0,0,0,0
35348,-1,0,0.6225868,0.65080667,1,1,unassigned,12.0,12.0,0.0,1.0,0.0,0.0,0.01934236,0.0,0,0,0,1,0
35349,-1,1,-0.26968685,0.43298396,0,1,unassigned,3.0,2.0,1.0,0.6666667,0.33333334,0.3333333,0.001934236,0.00064474536,1,0,0,0,0
35350,-1,0,-0.29188418,0.4275427,0,1,unassigned,20.0,19.0,1.0,0.95,0.05,0.050000012,0.034816246,0.0017408123,0,0,0,0,0
35351,0,1,-0.15763256,0.46067327,0,0,unassigned,25.0,24.0,1.0,0.96,0.04,0.04000002,0.044487428,0.001779497,1,0,1,0,0
35352,-1,0,0.07357448,0.51838535,1,1,unassigned,2.0,2.0,0.0,1.0,0.0,0.0,0.0,0.0,0,0,0,1,0
35353,-1,0,-0.42190075,0.39606202,0,1,unassigned,10.0,10.0,0.0,1.0,0.0,0.0,0.015473888,0.0,0,0,0,0,0
35354,-1,0,-0.88861907,0.2913949,0,1,unassigned,47.0,47.0,0.0,1.0,0.0,0.0,0.08704062,0.0,0,0,0,0,0
35355,-1,0,2.9063327,0.9481586,1,1,unassigned,3.0,2.0,1.0,0.6666667,0.33333334,0.3333333,0.001934236,0.00064474536,0,0,0,1,1
35356,0,0,0.6062494,0.6470848,1,1,val,12.0,12.0,0.0,1.0,0.0,0.0,0.01934236,0.0,0,0,0,1,0
35357,-1,0,-0.22404116,0.44422284,0,1,unassigned,60.0,58.0,2.0,0.96666664,0.033333335,0.03333336,0.11218569,0.003739523,0,0,0,0,0
35358,-1,1,-0.35460126,0.4122671,0,1,unassigned,4.0,3.0,1.0,0.75,0.25,0.25,0.003868472,0.000967118,1,0,0,0,0
35359,-1,0,-0.11438137,0.47143582,0,1,unassigned,4.0,1.0,3.0,0.25,0.75,0.75,0.003868472,0.002901354,0,0,0,0,0
35360,-1,1,-0.6718928,0.33807313,0,1,unassigned,27.0,23.0,4.0,0.8518519,0.14814815,0.14814812,0.0483559,0.007163837,1,0,0,0,0
35361,-1,0,0.68419486,0.6646743,1,1,unassigned,3.0,3.0,0.0,1.0,0.0,0.0,0.001934236,0.0,0,0,0,1,0
35362,1,0,4.0526147,0.9829199,1,0,unassigned,6.0,5.0,1.0,0.8333333,0.16666667,0.16666669,0.007736944,0.0012894907,0,0,1,1,1
35363,-1,0,5.348948,0.99526936,1,1,unassigned,6.0,4.0,2.0,0.6666667,0.33333334,0.3333333,0.007736944,0.0025789815,0,0,0,1,1
35364,1,1,2.6623375,0.93476737,1,0,unassigned,9.0,7.0,2.0,0.7777778,0.22222222,0.22222221,0.013539651,0.0030088115,1,0,1,1,1
35365,-1,1,2.27409,0.90670836,1,1,unassigned,13.0,13.0,0.0,1.0,0.0,0.0,0.021276595,0.0,1,0,0,1,1
35366,-1,0,3.854067,0.97924644,1,1,unassigned,5.0,5.0,0.0,1.0,0.0,0.0,0.0058027077,0.0,0,0,0,1,1
35367,-1,0,0.6326981,0.65310097,1,1,unassigned,46.0,44.0,2.0,0.95652175,0.04347826,0.04347825,0.08510638,0.0037002775,0,0,0,1,0
35368,-1,0,-0.14102188,0.4648029,0,1,unassigned,5.0,5.0,0.0,1.0,0.0,0.0,0.0058027077,0.0,0,0,0,0,0
35369,1,0,4.9489603,0.99295914,1,0,val,6.0,6.0,0.0,1.0,0.0,0.0,0.007736944,0.0,0,0,1,1,1
35370,-1,1,4.636308,0.99039966,1,1,unassigned,4.0,3.0,1.0,0.75,0.25,0.25,0.003868472,0.000967118,1,0,0,1,1
35371,-1,1,-0.29345366,0.42715856,0,1,unassigned,2.0,2.0,0.0,1.0,0.0,0.0,0.0,0.0,1,0,0,0,0
35372,-1,0,0.2526946,0.5628396,1,1,unassigned,40.0,39.0,1.0,0.975,0.025,0.024999976,0.07350097,0.0018375242,0,0,0,1,0
35373,1,1,0.012583196,0.50314575,1,0,val,5.0,1.0,4.0,0.2,0.8,0.8,0.0058027077,0.004642166,1,1,1,1,0
35374,-1,0,-0.8378865,0.3019801,0,1,unassigned,2.0,2.0,0.0,1.0,0.0,0.0,0.0,0.0,0,0,0,0,0
35375,0,1,-0.6734504,0.33772466,0,0,unassigned,39.0,39.0,0.0,1.0,0.0,0.0,0.07156673,0.0,1,0,1,0,0
35376,-1,0,3.1018164,0.95696765,1,1,unassigned,10.0,6.0,4.0,0.6,0.4,0.39999998,0.015473888,0.0061895554,0,0,0,1,1
35377,-1,0,1.6546237,0.839515,1,1,unassigned,32.0,30.0,2.0,0.9375,0.0625,0.0625,0.058027077,0.0036266923,0,0,0,1,0
35378,-1,1,0.4178229,0.60296214,1,1,unassigned,21.0,14.0,7.0,0.6666667,0.33333334,0.3333333,0.036750484,0.012250162,1,0,0,1,0
35379,-1,1,-0.7432762,0.32228816,0,1,unassigned,24.0,23.0,1.0,0.9583333,0.041666668,0.041666687,0.04255319,0.0017730496,1,0,0,0,0
35380,-1,1,-0.568891,0.36149275,0,1,unassigned,36.0,36.0,0.0,1.0,0.0,0.0,0.065764025,0.0,1,0,0,0,0
35381,-1,0,6.3551803,0.9982653,1,1,unassigned,3.0,3.0,0.0,1.0,0.0,0.0,0.001934236,0.0,0,0,0,1,1
35382,-1,0,2.5833685,0.92978346,1,1,unassigned,4.0,4.0,0.0,1.0,0.0,0.0,0.003868472,0.0,0,0,0,1,1
35383,-1,1,-0.8331435,0.3029808,0,1,unassigned,36.0,33.0,3.0,0.9166667,0.083333336,0.08333331,0.065764025,0.0054803356,1,0,0,0,0
35384,-1,0,0.9167822,0.71438605,1,1,unassigned,25.0,25.0,0.0,1.0,0.0,0.0,0.044487428,0.0,0,0,0,1,0
35385,-1,0,-0.31042492,0.423011,0,1,unassigned,9.0,8.0,1.0,0.8888889,0.11111111,0.111111104,0.013539651,0.0015044058,0,0,0,0,0
35386,-1,1,-0.33923835,0.4159945,0,1,unassigned,2.0,1.0,1.0,0.5,0.5,0.5,0.0,0.0,1,0,0,0,0
35387,-1,0,-0.6270826,0.34817234,0,1,unassigned,40.0,40.0,0.0,1.0,0.0,0.0,0.07350097,0.0,0,0,0,0,0
35388,-1,0,-0.32553607,0.41932717,0,1,unassigned,15.0,15.0,0.0,1.0,0.0,0.0,0.025145067,0.0,0,0,0,0,0
35389,-1,0,2.1282227,0.89361614,1,1,unassigned,4.0,3.0,1.0,0.75,0.25,0.25,0.003868472,0.000967118,0,0,0,1,0
35390,-1,0,10.215078,0.9999634,1,1,unassigned,2.0,2.0,0.0,1.0,0.0,0.0,0.0,0.0,0,0,0,1,1
35391,-1,1,-0.2715558,0.4325252,0,1,unassigned,7.0,7.0,0.0,1.0,0.0,0.0,0.00967118,0.0,1,0,0,0,0
35392,-1,1,-0.031523585,0.49211973,0,1,unassigned,10.0,10.0,0.0,1.0,0.0,0.0,0.015473888,0.0,1,0,0,0,0
35393,-1,1,-0.9520351,0.27847573,0,1,unassigned,8.0,7.0,1.0,0.875,0.125,0.125,0.0116054155,0.0014506769,1,0,0,0,0
35394,-1,0,-0.69530773,0.33285338,0,1,unassigned,3.0,3.0,0.0,1.0,0.0,0.0,0.001934236,0.0,0,0,0,0,0
35395,-1,1,2.8140953,0.94343275,1,1,unassigned,2.0,2.0,0.0,1.0,0.0,0.0,0.0,0.0,1,0,0,1,1
35396,-1,0,0.04693818,0.5117324,1,1,unassigned,16.0,14.0,2.0,0.875,0.125,0.125,0.027079303,0.0033849129,0,0,0,1,0
35397,-1,0,0.8580237,0.7022476,1,1,unassigned,98.0,94.0,4.0,0.9591837,0.040816326,0.040816307,0.18568665,0.007579047,0,0,0,1,0
35398,-1,0,1.0165393,0.73429793,1,1,unassigned,4.0,4.0,0.0,1.0,0.0,0.0,0.003868472,0.0,0,0,0,1,0
35399,1,0,2.6854265,0.93616116,1,0,test,15.0,15.0,0.0,1.0,0.0,0.0,0.025145067,0.0,0,0,1,1,1
35400,-1,1,2.065114,0.8874659,1,1,unassigned,37.0,33.0,4.0,0.8918919,0.10810811,0.1081081,0.06769826,0.0073187314,1,0,0,1,0
35401,-1,1,0.527085,0.628803,1,1,unassigned,9.0,9.0,0.0,1.0,0.0,0.0,0.013539651,0.0,1,0,0,1,0
35402,-1,0,-0.84718525,0.30002365,0,1,unassigned,33.0,33.0,0.0,1.0,0.0,0.0,0.059961315,0.0,0,0,0,0,0
35403,-1,1,-0.010360122,0.49740997,0,1,unassigned,9.0,8.0,1.0,0.8888889,0.11111111,0.111111104,0.013539651,0.0015044058,1,0,0,0,0
35404,-1,0,-0.3694715,0.40866873,0,1,unassigned,2.0,2.0,0.0,1.0,0.0,0.0,0.0,0.0,0,0,0,0,0
35405,1,1,1.1465492,0.7588801,1,0,val,35.0,35.0,0.0,1.0,0.0,0.0,0.06382979,0.0,1,0,1,1,0
35406,1,1,0.4590233,0.6127824,1,0,val,15.0,15.0,0.0,1.0,0.0,0.0,0.025145067,0.0,1,0,1,1,0
35407,-1,1,2.2402823,0.90380895,1,1,unassigned,13.0,13.0,0.0,1.0,0.0,0.0,0.021276595,0.0,1,0,0,1,1
35408,-1,0,-0.42420343,0.39551133,0,1,unassigned,6.0,6.0,0.0,1.0,0.0,0.0,0.007736944,0.0,0,0,0,0,0
35409,-1,1,1.1499376,0.7594995,1,1,unassigned,74.0,69.0,5.0,0.9324324,0.067567565,0.06756759,0.13926499,0.0094097955,1,0,0,1,0
35410,-1,0,-0.4056057,0.39996627,0,1,unassigned,51.0,50.0,1.0,0.98039216,0.019607844,0.019607842,0.09477756,0.0018583836,0,0,0,0,0
35411,-1,0,4.481628,0.9888116,1,1,unassigned,11.0,10.0,1.0,0.90909094,0.09090909,0.090909064,0.017408123,0.0015825568,0,0,0,1,1
35412,-1,0,5.329457,0.9951767,1,1,unassigned,3.0,3.0,0.0,1.0,0.0,0.0,0.001934236,0.0,0,0,0,1,1
35413,1,0,-0.8136158,0.30712053,0,1,test,39.0,39.0,0.0,1.0,0.0,0.0,0.07156673,0.0,0,0,0,0,0
35414,-1,0,2.2053096,0.9007253,1,1,unassigned,3.0,3.0,0.0,1.0,0.0,0.0,0.001934236,0.0,0,0,0,1,1
35415,-1,0,4.1015835,0.98372287,1,1,unassigned,20.0,17.0,3.0,0.85,0.15,0.14999998,0.034816246,0.005222437,0,0,0,1,1
35416,1,1,-0.38002974,0.40611973,0,1,unassigned,6.0,6.0,0.0,1.0,0.0,0.0,0.007736944,0.0,1,0,0,0,0
35417,-1,1,3.6836421,0.97548485,1,1,unassigned,7.0,7.0,0.0,1.0,0.0,0.0,0.00967118,0.0,1,0,0,1,1
35418,1,0,2.7588742,0.9404126,1,0,test,5.0,2.0,3.0,0.4,0.6,0.6,0.0058027077,0.0034816249,0,0,1,1,1
35419,-1,0,1.249587,0.77722836,1,1,unassigned,4.0,4.0,0.0,1.0,0.0,0.0,0.003868472,0.0,0,0,0,1,0
35420,-1,0,1.2060943,0.7696072,1,1,unassigned,11.0,10.0,1.0,0.90909094,0.09090909,0.090909064,0.017408123,0.0015825568,0,0,0,1,0
35421,-1,0,3.1484587,0.95884794,1,1,unassigned,2.0,2.0,0.0,1.0,0.0,0.0,0.0,0.0,0,0,0,1,1
35422,-1,1,1.6038866,0.8325609,1,1,unassigned,5.0,5.0,0.0,1.0,0.0,0.0,0.0058027077,0.0,1,0,0,1,0
35423,-1,0,7.4288177,0.99940646,1,1,unassigned,2.0,2.0,0.0,1.0,0.0,0.0,0.0,0.0,0,0,0,1,1
35424,-1,0,3.288416,0.9640293,1,1,unassigned,10.0,10.0,0.0,1.0,0.0,0.0,0.015473888,0.0,0,0,0,1,1
35425,-1,0,-0.30937797,0.42326656,0,1,unassigned,2.0,2.0,0.0,1.0,0.0,0.0,0.0,0.0,0,0,0,0,0
35426,-1,0,0.5396252,0.63172525,1,1,unassigned,19.0,18.0,1.0,0.94736844,0.05263158,0.052631557,0.032882012,0.0017306323,0,0,0,1,0
35427,-1,0,2.5710866,0.9289775,1,1,unassigned,4.0,4.0,0.0,1.0,0.0,0.0,0.003868472,0.0,0,0,0,1,1
35428,-1,0,-0.61733615,0.35038754,0,1,unassigned,13.0,11.0,2.0,0.84615386,0.15384616,0.15384614,0.021276595,0.0032733225,0,0,0,0,0
35429,-1,0,-0.27589414,0.43146065,0,1,unassigned,15.0,14.0,1.0,0.93333334,0.06666667,0.06666666,0.025145067,0.0016763379,0,0,0,0,0
35430,-1,0,0.21618706,0.55383724,1,1,unassigned,15.0,15.0,0.0,1.0,0.0,0.0,0.025145067,0.0,0,0,0,1,0
35431,-1,0,5.8331237,0.9970796,1,1,unassigned,5.0,5.0,0.0,1.0,0.0,0.0,0.0058027077,0.0,0,0,0,1,1
35432,-1,1,1.0329111,0.73747987,1,1,unassigned,3.0,3.0,0.0,1.0,0.0,0.0,0.001934236,0.0,1,0,0,1,0
35433,-1,0,1.6403813,0.8375868,1,1,unassigned,4.0,3.0,1.0,0.75,0.25,0.25,0.003868472,0.000967118,0,0,0,1,0
35434,-1,0,1.1032972,0.75087744,1,1,unassigned,3.0,3.0,0.0,1.0,0.0,0.0,0.001934236,0.0,0,0,0,1,0
35435,-1,1,1.0346613,0.7378186,1,1,unassigned,2.0,2.0,0.0,1.0,0.0,0.0,0.0,0.0,1,0,0,1,0
35436,-1,0,-0.49299687,0.37918785,0,1,unassigned,7.0,5.0,2.0,0.71428573,0.2857143,0.28571427,0.00967118,0.0027631943,0,0,0,0,0
35437,-1,1,4.319963,0.98687416,1,1,unassigned,2.0,1.0,1.0,0.5,0.5,0.5,0.0,0.0,1,0,0,1,1
35438,-1,0,-0.9445961,0.27997288,0,1,unassigned,3.0,3.0,0.0,1.0,0.0,0.0,0.001934236,0.0,0,0,0,0,0
35439,1,1,-0.67918724,0.3364427,0,1,val,3.0,3.0,0.0,1.0,0.0,0.0,0.001934236,0.0,1,0,0,0,0
35440,-1,1,-0.5970163,0.35502663,0,1,unassigned,23.0,23.0,0.0,1.0,0.0,0.0,0.040618956,0.0,1,0,0,0,0
35441,-1,1,-0.698153,0.33222187,0,1,unassigned,10.0,10.0,0.0,1.0,0.0,0.0,0.015473888,0.0,1,0,0,0,0
35442,-1,1,4.0927005,0.98358005,1,1,unassigned,16.0,11.0,5.0,0.6875,0.3125,0.3125,0.027079303,0.008462282,1,0,0,1,1
35443,-1,1,0.27482134,0.5682761,1,1,unassigned,13.0,12.0,1.0,0.9230769,0.07692308,0.07692307,0.021276595,0.0016366612,1,0,0,1,0
35444,-1,0,0.2637819,0.56556576,1,1,unassigned,5.0,5.0,0.0,1.0,0.0,0.0,0.0058027077,0.0,0,0,0,1,0
35445,-1,1,-0.50616866,0.3760921,0,1,unassigned,16.0,16.0,0.0,1.0,0.0,0.0,0.027079303,0.0,1,0,0,0,0
35446,-1,1,5.6549745,0.9965121,1,1,unassigned,2.0,2.0,0.0,1.0,0.0,0.0,0.0,0.0,1,0,0,1,1
35447,-1,0,-0.782406,0.31380156,0,1,unassigned,28.0,28.0,0.0,1.0,0.0,0.0,0.050290134,0.0,0,0,0,0,0
35448,-1,0,0.23625034,0.55878943,1,1,unassigned,10.0,10.0,0.0,1.0,0.0,0.0,0.015473888,0.0,0,0,0,1,0
35449,-1,0,2.289223,0.90798056,1,1,unassigned,17.0,17.0,0.0,1.0,0.0,0.0,0.029013539,0.0,0,0,0,1,1
35450,-1,0,1.128901,0.75563604,1,1,unassigned,4.0,3.0,1.0,0.75,0.25,0.25,0.003868472,0.000967118,0,0,0,1,0
35451,-1,0,-0.07761544,0.48060584,0,1,unassigned,12.0,12.0,0.0,1.0,0.0,0.0,0.01934236,0.0,0,0,0,0,0
35452,-1,1,0.30341822,0.5752779,1,1,unassigned,3.0,3.0,0.0,1.0,0.0,0.0,0.001934236,0.0,1,0,0,1,0
35453,-1,1,23.251934,1.0,1,1,unassigned,2.0,1.0,1.0,0.5,0.5,0.5,0.0,0.0,1,0,0,1,1
35454,-1,0,2.7941606,0.9423595,1,1,unassigned,2.0,2.0,0.0,1.0,0.0,0.0,0.0,0.0,0,0,0,1,1
35455,-1,0,12.741762,0.999997,1,1,unassigned,2.0,2.0,0.0,1.0,0.0,0.0,0.0,0.0,0,0,0,1,1
35456,-1,0,1.0542254,0.7415855,1,1,unassigned,3.0,3.0,0.0,1.0,0.0,0.0,0.001934236,0.0,0,0,0,1,0
35457,1,1,-0.3248251,0.4195003,0,1,test,26.0,24.0,2.0,0.9230769,0.07692308,0.07692307,0.046421662,0.0035708973,1,0,0,0,0
35458,-1,1,-0.2697962,0.4329571,0,1,unassigned,7.0,6.0,1.0,0.85714287,0.14285715,0.14285713,0.00967118,0.0013815971,1,0,0,0,0
35459,-1,0,0.017692924,0.50442314,1,1,unassigned,30.0,30.0,0.0,1.0,0.0,0.0,0.054158606,0.0,0,0,0,1,0
35460,-1,0,-0.16856691,0.45795774,0,1,unassigned,4.0,4.0,0.0,1.0,0.0,0.0,0.003868472,0.0,0,0,0,0,0
35461,-1,1,6.984594,0.9990748,1,1,unassigned,3.0,2.0,1.0,0.6666667,0.33333334,0.3333333,0.001934236,0.00064474536,1,0,0,1,1
35462,-1,0,1.2412694,0.77578485,1,1,unassigned,3.0,3.0,0.0,1.0,0.0,0.0,0.001934236,0.0,0,0,0,1,0
35463,-1,1,3.3572056,0.96634,1,1,unassigned,10.0,10.0,0.0,1.0,0.0,0.0,0.015473888,0.0,1,0,0,1,1
35464,0,0,2.044203,0.88536054,1,1,test,3.0,3.0,0.0,1.0,0.0,0.0,0.001934236,0.0,0,0,0,1,0
35465,-1,1,0.389309,0.59611636,1,1,unassigned,20.0,19.0,1.0,0.95,0.05,0.050000012,0.034816246,0.0017408123,1,0,0,1,0
35466,0,0,0.2869702,0.57125425,1,1,val,4.0,4.0,0.0,1.0,0.0,0.0,0.003868472,0.0,0,0,0,1,0
35467,-1,0,0.09352344,0.5233638,1,1,unassigned,4.0,4.0,0.0,1.0,0.0,0.0,0.003868472,0.0,0,0,0,1,0
35468,-1,0,1.5468044,0.8244517,1,1,unassigned,3.0,3.0,0.0,1.0,0.0,0.0,0.001934236,0.0,0,0,0,1,0
35469,-1,0,7.8844647,0.99962354,1,1,unassigned,13.0,10.0,3.0,0.7692308,0.23076923,0.23076922,0.021276595,0.0049099834,0,0,0,1,1
35470,-1,0,-0.48018217,0.38220912,0,1,unassigned,18.0,17.0,1.0,0.9444444,0.055555556,0.055555582,0.030947777,0.0017193209,0,0,0,0,0
35471,1,1,2.2997687,0.9088578,1,0,unassigned,14.0,12.0,2.0,0.85714287,0.14285715,0.14285713,0.023210831,0.0033158332,1,0,1,1,1
35472,-1,0,1.9425616,0.8746333,1,1,unassigned,9.0,9.0,0.0,1.0,0.0,0.0,0.013539651,0.0,0,0,0,1,0
35473,-1,0,0.6688439,0.6612443,1,1,unassigned,7.0,7.0,0.0,1.0,0.0,0.0,0.00967118,0.0,0,0,0,1,0
35474,0,0,-0.4777928,0.3827735,0,0,unassigned,7.0,7.0,0.0,1.0,0.0,0.0,0.00967118,0.0,0,0,1,0,0
35475,-1,0,1.3640499,0.7964171,1,1,unassigned,4.0,4.0,0.0,1.0,0.0,0.0,0.003868472,0.0,0,0,0,1,0
35476,-1,0,1.8527672,0.8644517,1,1,unassigned,2.0,2.0,0.0,1.0,0.0,0.0,0.0,0.0,0,0,0,1,0
35477,1,0,0.35385376,0.5875518,1,0,val,27.0,27.0,0.0,1.0,0.0,0.0,0.0483559,0.0,0,0,1,1,0
35478,-1,1,2.7911403,0.94219524,1,1,unassigned,3.0,3.0,0.0,1.0,0.0,0.0,0.001934236,0.0,1,0,0,1,1
35479,-1,0,-0.61660177,0.35055473,0,1,unassigned,58.0,58.0,0.0,1.0,0.0,0.0,0.10831721,0.0,0,0,0,0,0
35480,-1,0,4.3792033,0.9876199,1,1,unassigned,7.0,7.0,0.0,1.0,0.0,0.0,0.00967118,0.0,0,0,0,1,1
35481,-1,0,-0.3427592,0.4151394,0,1,unassigned,21.0,21.0,0.0,1.0,0.0,0.0,0.036750484,0.0,0,0,0,0,0
35482,-1,0,-0.057180822,0.4857087,0,1,unassigned,5.0,5.0,0.0,1.0,0.0,0.0,0.0058027077,0.0,0,0,0,0,0
35483,-1,0,7.3962703,0.9993868,1,1,unassigned,28.0,24.0,4.0,0.85714287,0.14285715,0.14285713,0.050290134,0.007184305,0,0,0,1,1
35484,-1,1,2.4870017,0.9232255,1,1,unassigned,4.0,4.0,0.0,1.0,0.0,0.0,0.003868472,0.0,1,0,0,1,1
35485,-1,0,-0.06903404,0.48274836,0,1,unassigned,16.0,15.0,1.0,0.9375,0.0625,0.0625,0.027079303,0.0016924564,0,0,0,0,0
35486,-1,0,2.7964118,0.9424816,1,1,unassigned,7.0,7.0,0.0,1.0,0.0,0.0,0.00967118,0.0,0,0,0,1,1
35487,-1,0,1.647059,0.8384932,1,1,unassigned,7.0,6.0,1.0,0.85714287,0.14285715,0.14285713,0.00967118,0.0013815971,0,0,0,1,0
35488,-1,0,1.1962557,0.767858,1,1,unassigned,2.0,2.0,0.0,1.0,0.0,0.0,0.0,0.0,0,0,0,1,0
35489,-1,1,-0.9176005,0.28544703,0,1,unassigned,20.0,19.0,1.0,0.95,0.05,0.050000012,0.034816246,0.0017408123,1,0,0,0,0
35490,-1,1,-0.24527821,0.43898603,0,1,unassigned,3.0,3.0,0.0,1.0,0.0,0.0,0.001934236,0.0,1,0,0,0,0
35491,-1,1,-0.2452257,0.43899897,0,1,unassigned,35.0,32.0,3.0,0.9142857,0.08571429,0.08571428,0.06382979,0.005471125,1,0,0,0,0
35492,-1,1,0.597724,0.6451354,1,1,unassigned,5.0,5.0,0.0,1.0,0.0,0.0,0.0058027077,0.0,1,0,0,1,0
35493,-1,1,-0.41601586,0.3974705,0,1,unassigned,18.0,17.0,1.0,0.9444444,0.055555556,0.055555582,0.030947777,0.0017193209,1,0,0,0,0
35494,-1,1,8.120092,0.9997025,1,1,unassigned,2.0,2.0,0.0,1.0,0.0,0.0,0.0,0.0,1,0,0,1,1
35495,-1,1,-0.5640337,0.36261463,0,1,unassigned,63.0,60.0,3.0,0.95238096,0.04761905,0.047619045,0.11798839,0.005618495,1,0,0,0,0
35496,-1,0,-0.87754726,0.2936863,0,1,unassigned,89.0,89.0,0.0,1.0,0.0,0.0,0.16827853,0.0,0,0,0,0,0
35497,-1,1,-0.5369152,0.36890548,0,1,unassigned,8.0,8.0,0.0,1.0,0.0,0.0,0.0116054155,0.0,1,0,0,0,0
35498,-1,0,7.4928966,0.99944323,1,1,unassigned,5.0,5.0,0.0,1.0,0.0,0.0,0.0058027077,0.0,0,0,0,1,1
35499,-1,1,-0.21422267,0.4466482,0,1,unassigned,80.0,76.0,4.0,0.95,0.05,0.050000012,0.15087041,0.0075435205,1,0,0,0,0
35500,-1,1,2.7356393,0.9390972,1,1,unassigned,6.0,5.0,1.0,0.8333333,0.16666667,0.16666669,0.007736944,0.0012894907,1,0,0,1,1
35501,-1,0,8.50198,0.99979705,1,1,unassigned,10.0,9.0,1.0,0.9,0.1,0.100000024,0.015473888,0.0015473888,0,0,0,1,1
35502,-1,1,0.98222893,0.72755027,1,1,unassigned,3.0,3.0,0.0,1.0,0.0,0.0,0.001934236,0.0,1,0,0,1,0
35503,-1,0,10.918589,0.9999819,1,1,unassigned,2.0,2.0,0.0,1.0,0.0,0.0,0.0,0.0,0,0,0,1,1
35504,-1,0,-1.0441688,0.2603464,0,1,unassigned,12.0,12.0,0.0,1.0,0.0,0.0,0.01934236,0.0,0,0,0,0,0
35505,-1,0,14.191332,0.9999993,1,1,unassigned,10.0,9.0,1.0,0.9,0.1,0.100000024,0.015473888,0.0015473888,0,0,0,1,1
35506,-1,0,0.40439087,0.5997422,1,1,unassigned,9.0,9.0,0.0,1.0,0.0,0.0,0.013539651,0.0,0,0,0,1,0
35507,-1,0,1.3277173,0.7904628,1,1,unassigned,4.0,4.0,0.0,1.0,0.0,0.0,0.003868472,0.0,0,0,0,1,0
35508,-1,1,-0.9103867,0.28692073,0,1,unassigned,3.0,3.0,0.0,1.0,0.0,0.0,0.001934236,0.0,1,0,0,0,0
35509,-1,1,0.6524201,0.65755564,1,1,unassigned,4.0,4.0,0.0,1.0,0.0,0.0,0.003868472,0.0,1,0,0,1,0
35510,-1,0,1.7996964,0.8581119,1,1,unassigned,17.0,16.0,1.0,0.9411765,0.05882353,0.058823526,0.029013539,0.0017066788,0,0,0,1,0
35511,-1,1,-0.53589606,0.36914277,0,1,unassigned,19.0,17.0,2.0,0.8947368,0.10526316,0.10526317,0.032882012,0.0034612645,1,0,0,0,0
35512,1,0,1.016429,0.7342764,1,0,unassigned,3.0,3.0,0.0,1.0,0.0,0.0,0.001934236,0.0,0,0,1,1,0
35513,-1,1,4.0671234,0.9831618,1,1,unassigned,13.0,13.0,0.0,1.0,0.0,0.0,0.021276595,0.0,1,0,0,1,1
35514,-1,0,-0.25628135,0.43627807,0,1,unassigned,7.0,7.0,0.0,1.0,0.0,0.0,0.00967118,0.0,0,0,0,0,0
35515,-1,0,5.5500493,0.9961278,1,1,unassigned,29.0,22.0,7.0,0.7586207,0.2413793,0.24137932,0.05222437,0.012605882,0,0,0,1,1
35516,-1,1,-0.30513835,0.42430186,0,1,unassigned,17.0,15.0,2.0,0.88235295,0.11764706,0.11764705,0.029013539,0.0034133575,1,0,0,0,0
35517,-1,0,-0.89359784,0.29036793,0,1,unassigned,39.0,38.0,1.0,0.974359,0.025641026,0.025641024,0.07156673,0.0018350444,0,0,0,0,0
35518,-1,0,-0.37532628,0.40725464,0,1,unassigned,17.0,14.0,3.0,0.8235294,0.1764706,0.17647058,0.029013539,0.005120036,0,0,0,0,0
35519,1,1,2.0447724,0.8854183,1,0,unassigned,2.0,1.0,1.0,0.5,0.5,0.5,0.0,0.0,1,0,1,1,0
35520,-1,0,3.3606436,0.96645164,1,1,unassigned,12.0,9.0,3.0,0.75,0.25,0.25,0.01934236,0.00483559,0,0,0,1,1
35521,1,0,2.5119023,0.924972,1,0,val,12.0,12.0,0.0,1.0,0.0,0.0,0.01934236,0.0,0,0,1,1,1
35522,1,1,2.2738798,0.9066905,1,0,unassigned,3.0,2.0,1.0,0.6666667,0.33333334,0.3333333,0.001934236,0.00064474536,1,0,1,1,1
35523,-1,0,0.78918916,0.68765724,1,1,unassigned,6.0,6.0,0.0,1.0,0.0,0.0,0.007736944,0.0,0,0,0,1,0
35524,-1,1,2.5199695,0.9255299,1,1,unassigned,18.0,18.0,0.0,1.0,0.0,0.0,0.030947777,0.0,1,0,0,1,1
35525,-1,0,7.0707626,0.9991511,1,1,unassigned,2.0,2.0,0.0,1.0,0.0,0.0,0.0,0.0,0,0,0,1,1
35526,-1,0,3.5868695,0.97306097,1,1,unassigned,13.0,12.0,1.0,0.9230769,0.07692308,0.07692307,0.021276595,0.0016366612,0,0,0,1,1
35527,-1,1,3.5532591,0.9721657,1,1,unassigned,7.0,7.0,0.0,1.0,0.0,0.0,0.00967118,0.0,1,0,0,1,1
35528,-1,0,4.6054635,0.99010193,1,1,unassigned,36.0,34.0,2.0,0.9444444,0.055555556,0.055555582,0.065764025,0.003653557,0,0,0,1,1
35529,-1,1,-0.5162448,0.37373075,0,1,unassigned,10.0,9.0,1.0,0.9,0.1,0.100000024,0.015473888,0.0015473888,1,0,0,0,0
35530,0,0,-0.79341483,0.3114359,0,0,unassigned,5.0,4.0,1.0,0.8,0.2,0.19999999,0.0058027077,0.0011605415,0,0,1,0,0
35531,1,1,0.7019529,0.66862065,1,0,val,42.0,40.0,2.0,0.95238096,0.04761905,0.047619045,0.07736944,0.003684259,1,0,1,1,0
35532,1,0,-0.6168621,0.35049546,0,1,train,12.0,12.0,0.0,1.0,0.0,0.0,0.01934236,0.0,0,0,0,0,0
35533,-1,0,-0.48700792,0.38059866,0,1,unassigned,6.0,5.0,1.0,0.8333333,0.16666667,0.16666669,0.007736944,0.0012894907,0,0,0,0,0
35534,-1,0,0.5367461,0.6310552,1,1,unassigned,34.0,33.0,1.0,0.9705882,0.029411765,0.029411793,0.061895553,0.0018204574,0,0,0,1,0
35535,-1,0,-0.50635093,0.37604934,0,1,unassigned,20.0,20.0,0.0,1.0,0.0,0.0,0.034816246,0.0,0,0,0,0,0
35536,-1,1,0.1095683,0.52736473,1,1,unassigned,2.0,2.0,0.0,1.0,0.0,0.0,0.0,0.0,1,0,0,1,0
35537,-1,0,2.576072,0.9293057,1,1,unassigned,7.0,7.0,0.0,1.0,0.0,0.0,0.00967118,0.0,0,0,0,1,1
35538,-1,0,11.995775,0.9999938,1,1,unassigned,2.0,2.0,0.0,1.0,0.0,0.0,0.0,0.0,0,0,0,1,1
35539,1,1,3.013615,0.9531854,1,0,val,19.0,18.0,1.0,0.94736844,0.05263158,0.052631557,0.032882012,0.0017306323,1,0,1,1,1
35540,-1,1,1.3993695,0.8020838,1,1,unassigned,3.0,3.0,0.0,1.0,0.0,0.0,0.001934236,0.0,1,0,0,1,0
35541,-1,1,-0.4531795,0.3886051,0,1,unassigned,21.0,21.0,0.0,1.0,0.0,0.0,0.036750484,0.0,1,0,0,0,0
35542,-1,1,2.0745668,0.8884065,1,1,unassigned,2.0,2.0,0.0,1.0,0.0,0.0,0.0,0.0,1,0,0,1,0
35543,-1,1,1.242379,0.7759778,1,1,unassigned,7.0,7.0,0.0,1.0,0.0,0.0,0.00967118,0.0,1,0,0,1,0
35544,-1,0,4.550582,0.9895493,1,1,unassigned,4.0,4.0,0.0,1.0,0.0,0.0,0.003868472,0.0,0,0,0,1,1
35545,-1,0,4.762453,0.99152786,1,1,unassigned,6.0,6.0,0.0,1.0,0.0,0.0,0.007736944,0.0,0,0,0,1,1
35546,-1,0,3.3108413,0.96479887,1,1,unassigned,17.0,17.0,0.0,1.0,0.0,0.0,0.029013539,0.0,0,0,0,1,1
35547,-1,0,4.378302,0.9876088,1,1,unassigned,16.0,14.0,2.0,0.875,0.125,0.125,0.027079303,0.0033849129,0,0,0,1,1
35548,-1,1,4.47041,0.9886868,1,1,unassigned,29.0,23.0,6.0,0.79310346,0.20689656,0.20689654,0.05222437,0.010805042,1,0,0,1,1
35549,-1,0,0.97925836,0.726961,1,1,unassigned,25.0,24.0,1.0,0.96,0.04,0.04000002,0.044487428,0.001779497,0,0,0,1,0
35550,-1,1,0.29813176,0.57398576,1,1,unassigned,4.0,4.0,0.0,1.0,0.0,0.0,0.003868472,0.0,1,0,0,1,0
35551,-1,1,-0.017764509,0.49555895,0,1,unassigned,2.0,2.0,0.0,1.0,0.0,0.0,0.0,0.0,1,0,0,0,0
35552,-1,0,3.467951,0.96976197,1,1,unassigned,3.0,2.0,1.0,0.6666667,0.33333334,0.3333333,0.001934236,0.00064474536,0,0,0,1,1
35553,-1,0,2.2446058,0.9041842,1,1,unassigned,2.0,2.0,0.0,1.0,0.0,0.0,0.0,0.0,0,0,0,1,1
35554,-1,0,1.646416,0.838406,1,1,unassigned,4.0,3.0,1.0,0.75,0.25,0.25,0.003868472,0.000967118,0,0,0,1,0
35555,-1,0,1.1997187,0.76847476,1,1,unassigned,8.0,7.0,1.0,0.875,0.125,0.125,0.0116054155,0.0014506769,0,0,0,1,0
35556,-1,0,1.0381436,0.73849165,1,1,unassigned,7.0,7.0,0.0,1.0,0.0,0.0,0.00967118,0.0,0,0,0,1,0
35557,1,0,-0.3367805,0.41659173,0,1,unassigned,9.0,7.0,2.0,0.7777778,0.22222222,0.22222221,0.013539651,0.0030088115,0,0,0,0,0
35558,-1,1,1.8736145,0.866876,1,1,unassigned,24.0,24.0,0.0,1.0,0.0,0.0,0.04255319,0.0,1,0,0,1,0
35559,-1,1,5.077992,0.99380624,1,1,unassigned,13.0,11.0,2.0,0.84615386,0.15384616,0.15384614,0.021276595,0.0032733225,1,0,0,1,1
35560,-1,0,0.96133703,0.7233894,1,1,unassigned,26.0,25.0,1.0,0.96153843,0.03846154,0.038461566,0.046421662,0.0017854486,0,0,0,1,0
35561,-1,0,7.304766,0.99932814,1,1,unassigned,4.0,3.0,1.0,0.75,0.25,0.25,0.003868472,0.000967118,0,0,0,1,1
35562,-1,0,5.9802527,0.9974782,1,1,unassigned,7.0,3.0,4.0,0.42857143,0.5714286,0.57142854,0.00967118,0.0055263885,0,0,0,1,1
35563,-1,0,-0.8700849,0.29523662,0,1,unassigned,2.0,2.0,0.0,1.0,0.0,0.0,0.0,0.0,0,0,0,0,0
35564,-1,0,0.0814932,0.520362,1,1,unassigned,15.0,15.0,0.0,1.0,0.0,0.0,0.025145067,0.0,0,0,0,1,0
35565,-1,0,-0.75679886,0.31934166,0,1,unassigned,7.0,1.0,6.0,0.14285715,0.85714287,0.85714287,0.00967118,0.008289583,0,0,0,0,0
35566,-1,0,2.6563323,0.93440026,1,1,unassigned,6.0,5.0,1.0,0.8333333,0.16666667,0.16666669,0.007736944,0.0012894907,0,0,0,1,1
35567,-1,1,-0.7597203,0.318707,0,1,unassigned,24.0,23.0,1.0,0.9583333,0.041666668,0.041666687,0.04255319,0.0017730496,1,0,0,0,0
35568,-1,1,5.54332,0.99610174,1,1,unassigned,20.0,20.0,0.0,1.0,0.0,0.0,0.034816246,0.0,1,0,0,1,1
35569,-1,0,3.3475344,0.96602404,1,1,unassigned,2.0,2.0,0.0,1.0,0.0,0.0,0.0,0.0,0,0,0,1,1
35570,-1,0,1.864578,0.86582965,1,1,unassigned,6.0,5.0,1.0,0.8333333,0.16666667,0.16666669,0.007736944,0.0012894907,0,0,0,1,0
35571,-1,0,1.2515516,0.77756834,1,1,unassigned,3.0,2.0,1.0,0.6666667,0.33333334,0.3333333,0.001934236,0.00064474536,0,0,0,1,0
35572,-1,0,-0.24148726,0.43991983,0,1,unassigned,7.0,7.0,0.0,1.0,0.0,0.0,0.00967118,0.0,0,0,0,0,0
35573,-1,1,2.4179616,0.9181867,1,1,unassigned,10.0,9.0,1.0,0.9,0.1,0.100000024,0.015473888,0.0015473888,1,0,0,1,1
35574,-1,0,1.7756376,0.8551574,1,1,unassigned,3.0,3.0,0.0,1.0,0.0,0.0,0.001934236,0.0,0,0,0,1,0
35575,-1,1,5.496015,0.9959137,1,1,unassigned,17.0,15.0,2.0,0.88235295,0.11764706,0.11764705,0.029013539,0.0034133575,1,0,0,1,1
35576,-1,0,-0.22455665,0.44409555,0,1,unassigned,2.0,1.0,1.0,0.5,0.5,0.5,0.0,0.0,0,0,0,0,0
35577,-1,0,1.802016,0.85839415,1,1,unassigned,5.0,4.0,1.0,0.8,0.2,0.19999999,0.0058027077,0.0011605415,0,0,0,1,0
35578,-1,1,4.898951,0.99260074,1,1,unassigned,9.0,6.0,3.0,0.6666667,0.33333334,0.3333333,0.013539651,0.004513217,1,0,0,1,1
35579,-1,0,-0.1449849,0.46381715,0,1,unassigned,9.0,9.0,0.0,1.0,0.0,0.0,0.013539651,0.0,0,0,0,0,0
35580,-1,0,3.9100683,0.9803546,1,1,unassigned,6.0,6.0,0.0,1.0,0.0,0.0,0.007736944,0.0,0,0,0,1,1
35581,-1,0,5.31716,0.9951173,1,1,unassigned,24.0,18.0,6.0,0.75,0.25,0.25,0.04255319,0.010638298,0,0,0,1,1
35582,-1,0,0.2911976,0.5722893,1,1,unassigned,9.0,9.0,0.0,1.0,0.0,0.0,0.013539651,0.0,0,0,0,1,0
35583,-1,1,2.384054,0.91560316,1,1,unassigned,4.0,4.0,0.0,1.0,0.0,0.0,0.003868472,0.0,1,0,0,1,1
35584,-1,1,8.674881,0.9998292,1,1,unassigned,2.0,2.0,0.0,1.0,0.0,0.0,0.0,0.0,1,0,0,1,1
35585,-1,1,-0.68958956,0.3341244,0,1,unassigned,28.0,27.0,1.0,0.96428573,0.035714287,0.03571427,0.050290134,0.0017960763,1,0,0,0,0
35586,-1,0,0.81861335,0.69394195,1,1,unassigned,4.0,4.0,0.0,1.0,0.0,0.0,0.003868472,0.0,0,0,0,1,0
35587,-1,0,-0.058125675,0.48547265,0,1,unassigned,3.0,3.0,0.0,1.0,0.0,0.0,0.001934236,0.0,0,0,0,0,0
35588,-1,0,2.1071928,0.8916003,1,1,unassigned,2.0,2.0,0.0,1.0,0.0,0.0,0.0,0.0,0,0,0,1,0
35589,-1,0,2.541691,0.9270133,1,1,unassigned,7.0,7.0,0.0,1.0,0.0,0.0,0.00967118,0.0,0,0,0,1,1
35590,-1,0,-0.8120526,0.30745327,0,1,unassigned,52.0,52.0,0.0,1.0,0.0,0.0,0.0967118,0.0,0,0,0,0,0
35591,-1,0,4.2457366,0.98587716,1,1,unassigned,2.0,1.0,1.0,0.5,0.5,0.5,0.0,0.0,0,0,0,1,1
35592,-1,1,4.156962,0.98458624,1,1,unassigned,12.0,11.0,1.0,0.9166667,0.083333336,0.08333331,0.01934236,0.0016118633,1,0,0,1,1
35593,-1,0,-0.44951558,0.38947597,0,1,unassigned,4.0,4.0,0.0,1.0,0.0,0.0,0.003868472,0.0,0,0,0,0,0
35594,-1,1,-0.8116885,0.30753082,0,1,unassigned,31.0,29.0,2.0,0.9354839,0.06451613,0.06451613,0.056092843,0.003618893,1,0,0,0,0
35595,-1,1,1.6922748,0.8445231,1,1,unassigned,2.0,2.0,0.0,1.0,0.0,0.0,0.0,0.0,1,0,0,1,0
35596,-1,1,4.2582445,0.9860502,1,1,unassigned,3.0,3.0,0.0,1.0,0.0,0.0,0.001934236,0.0,1,0,0,1,1
35597,-1,0,4.2267203,0.98560995,1,1,unassigned,2.0,1.0,1.0,0.5,0.5,0.5,0.0,0.0,0,0,0,1,1
35598,1,0,5.3276553,0.9951681,1,0,unassigned,2.0,2.0,0.0,1.0,0.0,0.0,0.0,0.0,0,0,1,1,1
35599,-1,1,1.616741,0.83434516,1,1,unassigned,12.0,11.0,1.0,0.9166667,0.083333336,0.08333331,0.01934236,0.0016118633,1,0,0,1,0
35600,1,0,-0.5075429,0.3757697,0,1,unassigned,7.0,7.0,0.0,1.0,0.0,0.0,0.00967118,0.0,0,0,0,0,0
35601,-1,0,-0.35509166,0.41214824,0,1,unassigned,3.0,2.0,1.0,0.6666667,0.33333334,0.3333333,0.001934236,0.00064474536,0,0,0,0,0
35602,-1,0,-0.54183996,0.36775964,0,1,unassigned,9.0,9.0,0.0,1.0,0.0,0.0,0.013539651,0.0,0,0,0,0,0
35603,-1,0,-0.008971095,0.49775723,0,1,unassigned,5.0,5.0,0.0,1.0,0.0,0.0,0.0058027077,0.0,0,0,0,0,0
35604,-1,0,2.0710833,0.8880607,1,1,unassigned,2.0,2.0,0.0,1.0,0.0,0.0,0.0,0.0,0,0,0,1,0
35605,-1,0,-0.5166767,0.3736297,0,1,unassigned,3.0,1.0,2.0,0.33333334,0.6666667,0.6666666,0.001934236,0.0012894907,0,0,0,0,0
35606,-1,1,6.281961,0.99813384,1,1,unassigned,2.0,1.0,1.0,0.5,0.5,0.5,0.0,0.0,1,0,0,1,1
35607,-1,0,-0.41272348,0.39825925,0,1,unassigned,2.0,2.0,0.0,1.0,0.0,0.0,0.0,0.0,0,0,0,0,0
35608,0,1,0.33395725,0.5827219,1,1,unassigned,3.0,3.0,0.0,1.0,0.0,0.0,0.001934236,0.0,1,0,0,1,0
35609,-1,0,2.1390908,0.894645,1,1,unassigned,8.0,8.0,0.0,1.0,0.0,0.0,0.0116054155,0.0,0,0,0,1,0
35610,-1,0,-0.2831321,0.42968607,0,1,unassigned,4.0,4.0,0.0,1.0,0.0,0.0,0.003868472,0.0,0,0,0,0,0
35611,1,0,8.877108,0.9998604,1,0,unassigned,18.0,14.0,4.0,0.7777778,0.22222222,0.22222221,0.030947777,0.0068772836,0,0,1,1,1
35612,-1,1,1.0748599,0.74552006,1,1,unassigned,9.0,7.0,2.0,0.7777778,0.22222222,0.22222221,0.013539651,0.0030088115,1,0,0,1,0
35613,1,0,3.9631007,0.9813503,1,0,unassigned,8.0,8.0,0.0,1.0,0.0,0.0,0.0116054155,0.0,0,0,1,1,1
35614,-1,0,-0.38675237,0.40449935,0,1,unassigned,2.0,2.0,0.0,1.0,0.0,0.0,0.0,0.0,0,0,0,0,0
35615,-1,0,3.9083312,0.98032105,1,1,unassigned,16.0,14.0,2.0,0.875,0.125,0.125,0.027079303,0.0033849129,0,0,0,1,1
35616,1,0,2.9232557,0.94898415,1,0,val,26.0,25.0,1.0,0.96153843,0.03846154,0.038461566,0.046421662,0.0017854486,0,0,1,1,1
35617,-1,1,-0.65598184,0.3416428,0,1,unassigned,24.0,24.0,0.0,1.0,0.0,0.0,0.04255319,0.0,1,0,0,0,0
35618,0,0,-0.7846294,0.313323,0,0,test,6.0,1.0,5.0,0.16666667,0.8333333,0.8333333,0.007736944,0.0064474535,0,0,1,0,0
35619,1,1,-0.2773619,0.43110064,0,1,test,4.0,4.0,0.0,1.0,0.0,0.0,0.003868472,0.0,1,0,0,0,0
35620,-1,0,0.20353496,0.55070883,1,1,unassigned,4.0,3.0,1.0,0.75,0.25,0.25,0.003868472,0.000967118,0,0,0,1,0
35621,-1,0,0.5381033,0.6313711,1,1,unassigned,3.0,3.0,0.0,1.0,0.0,0.0,0.001934236,0.0,0,0,0,1,0
35622,-1,1,-0.20046231,0.45005155,0,1,unassigned,12.0,11.0,1.0,0.9166667,0.083333336,0.08333331,0.01934236,0.0016118633,1,0,0,0,0
35623,-1,0,3.7670267,0.97740173,1,1,unassigned,10.0,6.0,4.0,0.6,0.4,0.39999998,0.015473888,0.0061895554,0,0,0,1,1
35624,-1,0,8.122419,0.9997032,1,1,unassigned,12.0,10.0,2.0,0.8333333,0.16666667,0.16666669,0.01934236,0.0032237265,0,0,0,1,1
35625,-1,0,3.0826042,0.9561694,1,1,unassigned,3.0,3.0,0.0,1.0,0.0,0.0,0.001934236,0.0,0,0,0,1,1
35626,-1,0,5.031631,0.9935142,1,1,unassigned,4.0,3.0,1.0,0.75,0.25,0.25,0.003868472,0.000967118,0,0,0,1,1
35627,-1,1,11.979734,0.9999937,1,1,unassigned,4.0,2.0,2.0,0.5,0.5,0.5,0.003868472,0.001934236,1,0,0,1,1
35628,0,1,1.2120016,0.77065295,1,1,train,7.0,7.0,0.0,1.0,0.0,0.0,0.00967118,0.0,1,0,0,1,0
35629,-1,0,4.0247436,0.9824456,1,1,unassigned,2.0,2.0,0.0,1.0,0.0,0.0,0.0,0.0,0,0,0,1,1
35630,-1,1,0.2509877,0.56241953,1,1,unassigned,7.0,7.0,0.0,1.0,0.0,0.0,0.00967118,0.0,1,0,0,1,0
35631,-1,0,2.605872,0.93123853,1,1,unassigned,2.0,2.0,0.0,1.0,0.0,0.0,0.0,0.0,0,0,0,1,1
35632,-1,0,-0.96209395,0.27645913,0,1,unassigned,25.0,23.0,2.0,0.92,0.08,0.07999998,0.044487428,0.003558994,0,0,0,0,0
35633,-1,0,3.6065104,0.973571,1,1,unassigned,3.0,2.0,1.0,0.6666667,0.33333334,0.3333333,0.001934236,0.00064474536,0,0,0,1,1
35634,-1,1,1.0467908,0.7401582,1,1,unassigned,7.0,6.0,1.0,0.85714287,0.14285715,0.14285713,0.00967118,0.0013815971,1,0,0,1,0
35635,1,0,4.365584,0.9874522,1,0,unassigned,32.0,28.0,4.0,0.875,0.125,0.125,0.058027077,0.0072533847,0,0,1,1,1
35636,-1,1,0.6398173,0.65471214,1,1,unassigned,50.0,48.0,2.0,0.96,0.04,0.04000002,0.092843324,0.0037137328,1,0,0,1,0
35637,-1,1,1.3662181,0.7967685,1,1,unassigned,13.0,13.0,0.0,1.0,0.0,0.0,0.021276595,0.0,1,0,0,1,0
35638,-1,0,1.3785083,0.79875135,1,1,unassigned,2.0,2.0,0.0,1.0,0.0,0.0,0.0,0.0,0,0,0,1,0
35639,-1,0,-0.36822674,0.4089696,0,1,unassigned,11.0,11.0,0.0,1.0,0.0,0.0,0.017408123,0.0,0,0,0,0,0
35640,-1,1,-0.93716097,0.28147417,0,1,unassigned,49.0,48.0,1.0,0.97959185,0.020408163,0.020408154,0.09090909,0.0018552876,1,0,0,0,0
35641,-1,0,0.918315,0.7146986,1,1,unassigned,5.0,4.0,1.0,0.8,0.2,0.19999999,0.0058027077,0.0011605415,0,0,0,1,0
35642,-1,0,8.217642,0.99973017,1,1,unassigned,24.0,24.0,0.0,1.0,0.0,0.0,0.04255319,0.0,0,0,0,1,1
35643,-1,0,0.107622445,0.52687967,1,1,unassigned,17.0,17.0,0.0,1.0,0.0,0.0,0.029013539,0.0,0,0,0,1,0
35644,0,1,-0.41294688,0.39820573,0,0,unassigned,64.0,61.0,3.0,0.953125,0.046875,0.046875,0.11992263,0.005621373,1,0,1,0,0
35645,-1,0,5.142111,0.99418867,1,1,unassigned,29.0,28.0,1.0,0.9655172,0.03448276,0.034482777,0.05222437,0.0018008404,0,0,0,1,1
35646,-1,1,2.283552,0.90750563,1,1,unassigned,3.0,3.0,0.0,1.0,0.0,0.0,0.001934236,0.0,1,0,0,1,1
35647,-1,0,2.4907563,0.9234913,1,1,unassigned,10.0,9.0,1.0,0.9,0.1,0.100000024,0.015473888,0.0015473888,0,0,0,1,1
35648,-1,1,7.351499,0.99935883,1,1,unassigned,5.0,5.0,0.0,1.0,0.0,0.0,0.0058027077,0.0,1,0,0,1,1
35649,-1,0,7.7209735,0.9995567,1,1,unassigned,2.0,2.0,0.0,1.0,0.0,0.0,0.0,0.0,0,0,0,1,1
35650,-1,1,3.3994117,0.9676862,1,1,unassigned,12.0,12.0,0.0,1.0,0.0,0.0,0.01934236,0.0,1,0,0,1,1
35651,-1,0,2.5261238,0.925953,1,1,unassigned,3.0,3.0,0.0,1.0,0.0,0.0,0.001934236,0.0,0,0,0,1,1
35652,-1,1,1.504256,0.8182084,1,1,unassigned,38.0,37.0,1.0,0.9736842,0.02631579,0.026315808,0.06963249,0.0018324341,1,0,0,1,0
35653,-1,1,1.5007415,0.81768507,1,1,unassigned,13.0,13.0,0.0,1.0,0.0,0.0,0.021276595,0.0,1,0,0,1,0
35654,-1,1,1.7126482,0.8471794,1,1,unassigned,10.0,10.0,0.0,1.0,0.0,0.0,0.015473888,0.0,1,0,0,1,0
35655,-1,1,0.15779966,0.5393683,1,1,unassigned,31.0,30.0,1.0,0.9677419,0.032258064,0.032258093,0.056092843,0.0018094465,1,0,0,1,0
35656,-1,1,-0.4273519,0.39475885,0,1,unassigned,31.0,28.0,3.0,0.9032258,0.09677419,0.09677422,0.056092843,0.0054283394,1,0,0,0,0
35657,-1,0,2.3273015,0.9111131,1,1,unassigned,4.0,4.0,0.0,1.0,0.0,0.0,0.003868472,0.0,0,0,0,1,1
35658,-1,0,-0.2734378,0.43206334,0,1,unassigned,3.0,3.0,0.0,1.0,0.0,0.0,0.001934236,0.0,0,0,0,0,0
35659,-1,0,3.6674726,0.97509515,1,1,unassigned,27.0,25.0,2.0,0.9259259,0.074074075,0.07407409,0.0483559,0.0035819185,0,0,0,1,1
35660,-1,1,-0.7424145,0.3224764,0,1,unassigned,20.0,19.0,1.0,0.95,0.05,0.050000012,0.034816246,0.0017408123,1,0,0,0,0
35661,-1,0,5.3586516,0.99531484,1,1,unassigned,16.0,15.0,1.0,0.9375,0.0625,0.0625,0.027079303,0.0016924564,0,0,0,1,1
35662,-1,0,0.95456225,0.7220317,1,1,unassigned,16.0,15.0,1.0,0.9375,0.0625,0.0625,0.027079303,0.0016924564,0,0,0,1,0
35663,1,0,4.593798,0.98998696,1,0,unassigned,2.0,2.0,0.0,1.0,0.0,0.0,0.0,0.0,0,0,1,1,1
35664,1,0,0.069274366,0.5173117,1,0,unassigned,17.0,17.0,0.0,1.0,0.0,0.0,0.029013539,0.0,0,0,1,1,0
35665,-1,0,2.6592934,0.93458146,1,1,unassigned,7.0,7.0,0.0,1.0,0.0,0.0,0.00967118,0.0,0,0,0,1,1
35666,-1,0,0.9090796,0.71281177,1,1,unassigned,5.0,4.0,1.0,0.8,0.2,0.19999999,0.0058027077,0.0011605415,0,0,0,1,0
35667,1,1,7.352774,0.99935955,1,0,val,31.0,26.0,5.0,0.83870965,0.16129032,0.16129035,0.056092843,0.009047233,1,0,1,1,1
35668,-1,0,-0.98257095,0.27238196,0,1,unassigned,5.0,5.0,0.0,1.0,0.0,0.0,0.0058027077,0.0,0,0,0,0,0
35669,-1,1,2.6442049,0.9336529,1,1,unassigned,14.0,12.0,2.0,0.85714287,0.14285715,0.14285713,0.023210831,0.0033158332,1,0,0,1,1
35670,-1,1,0.47276956,0.6160391,1,1,unassigned,4.0,4.0,0.0,1.0,0.0,0.0,0.003868472,0.0,1,0,0,1,0
35671,-1,1,-0.45477557,0.3882259,0,1,unassigned,18.0,18.0,0.0,1.0,0.0,0.0,0.030947777,0.0,1,0,0,0,0
35672,-1,0,3.106112,0.9571442,1,1,unassigned,5.0,4.0,1.0,0.8,0.2,0.19999999,0.0058027077,0.0011605415,0,0,0,1,1
35673,-1,1,0.6050933,0.6468207,1,1,unassigned,9.0,9.0,0.0,1.0,0.0,0.0,0.013539651,0.0,1,0,0,1,0
35674,-1,0,3.0448084,0.9545579,1,1,unassigned,18.0,18.0,0.0,1.0,0.0,0.0,0.030947777,0.0,0,0,0,1,1
35675,-1,0,-0.014444113,0.49638906,0,1,unassigned,30.0,30.0,0.0,1.0,0.0,0.0,0.054158606,0.0,0,0,0,0,0
35676,-1,0,-0.3831068,0.4053778,0,1,unassigned,13.0,12.0,1.0,0.9230769,0.07692308,0.07692307,0.021276595,0.0016366612,0,0,0,0,0
35677,-1,0,-0.7140385,0.3287071,0,1,unassigned,23.0,23.0,0.0,1.0,0.0,0.0,0.040618956,0.0,0,0,0,0,0
35678,-1,0,-0.681051,0.3360268,0,1,unassigned,84.0,84.0,0.0,1.0,0.0,0.0,0.15860735,0.0,0,0,0,0,0
35679,-1,0,4.590116,0.9899504,1,1,unassigned,12.0,12.0,0.0,1.0,0.0,0.0,0.01934236,0.0,0,0,0,1,1
35680,-1,0,-0.23742431,0.44092116,0,1,unassigned,5.0,5.0,0.0,1.0,0.0,0.0,0.0058027077,0.0,0,0,0,0,0
35681,-1,0,5.030722,0.99350834,1,1,unassigned,2.0,2.0,0.0,1.0,0.0,0.0,0.0,0.0,0,0,0,1,1
35682,-1,0,5.3233256,0.99514717,1,1,unassigned,6.0,6.0,0.0,1.0,0.0,0.0,0.007736944,0.0,0,0,0,1,1
35683,0,1,-0.8705731,0.29513505,0,0,val,3.0,2.0,1.0,0.6666667,0.33333334,0.3333333,0.001934236,0.00064474536,1,0,1,0,0
35684,-1,0,-0.17697191,0.45587215,0,1,unassigned,12.0,12.0,0.0,1.0,0.0,0.0,0.01934236,0.0,0,0,0,0,0
35685,-1,0,4.6723156,0.99073607,1,1,unassigned,2.0,2.0,0.0,1.0,0.0,0.0,0.0,0.0,0,0,0,1,1
35686,-1,0,5.0148435,0.99340516,1,1,unassigned,8.0,6.0,2.0,0.75,0.25,0.25,0.0116054155,0.0029013539,0,0,0,1,1
35687,-1,0,2.7816284,0.94167495,1,1,unassigned,3.0,3.0,0.0,1.0,0.0,0.0,0.001934236,0.0,0,0,0,1,1
35688,-1,1,2.1706195,0.89757997,1,1,unassigned,11.0,11.0,0.0,1.0,0.0,0.0,0.017408123,0.0,1,0,0,1,0
35689,-1,0,0.22598058,0.55625594,1,1,unassigned,5.0,4.0,1.0,0.8,0.2,0.19999999,0.0058027077,0.0011605415,0,0,0,1,0
35690,-1,0,-0.2775758,0.43104818,0,1,unassigned,5.0,5.0,0.0,1.0,0.0,0.0,0.0058027077,0.0,0,0,0,0,0
35691,0,1,-0.08018786,0.47996378,0,0,unassigned,13.0,13.0,0.0,1.0,0.0,0.0,0.021276595,0.0,1,0,1,0,0
35692,-1,0,-0.06895733,0.48276746,0,1,unassigned,2.0,2.0,0.0,1.0,0.0,0.0,0.0,0.0,0,0,0,0,0
35693,-1,1,-0.02578783,0.49355343,0,1,unassigned,20.0,20.0,0.0,1.0,0.0,0.0,0.034816246,0.0,1,0,0,0,0
35694,1,0,2.5459769,0.9273028,1,0,unassigned,4.0,4.0,0.0,1.0,0.0,0.0,0.003868472,0.0,0,0,1,1,1
35695,-1,0,2.252195,0.9048397,1,1,unassigned,21.0,21.0,0.0,1.0,0.0,0.0,0.036750484,0.0,0,0,0,1,1
35696,-1,1,2.1014369,0.89104277,1,1,unassigned,9.0,9.0,0.0,1.0,0.0,0.0,0.013539651,0.0,1,0,0,1,0
35697,1,0,2.8304603,0.9442998,1,0,test,9.0,9.0,0.0,1.0,0.0,0.0,0.013539651,0.0,0,0,1,1,1
35698,-1,1,2.1795232,0.8983956,1,1,unassigned,6.0,6.0,0.0,1.0,0.0,0.0,0.007736944,0.0,1,0,0,1,0
35699,-1,0,5.811145,0.997015,1,1,unassigned,2.0,2.0,0.0,1.0,0.0,0.0,0.0,0.0,0,0,0,1,1
35700,-1,0,2.9735372,0.95136416,1,1,unassigned,6.0,5.0,1.0,0.8333333,0.16666667,0.16666669,0.007736944,0.0012894907,0,0,0,1,1
35701,-1,0,3.6388066,0.9743894,1,1,unassigned,3.0,3.0,0.0,1.0,0.0,0.0,0.001934236,0.0,0,0,0,1,1
35702,-1,1,0.29175,0.5724245,1,1,unassigned,12.0,12.0,0.0,1.0,0.0,0.0,0.01934236,0.0,1,0,0,1,0
35703,-1,1,-0.67401403,0.33759865,0,1,unassigned,42.0,42.0,0.0,1.0,0.0,0.0,0.07736944,0.0,1,0,0,0,0
35704,1,1,1.6298778,0.8361529,1,0,unassigned,14.0,14.0,0.0,1.0,0.0,0.0,0.023210831,0.0,1,0,1,1,0
35705,-1,1,-0.078743905,0.48032418,0,1,unassigned,38.0,36.0,2.0,0.94736844,0.05263158,0.052631557,0.06963249,0.0036648682,1,0,0,0,0
35706,-1,0,3.5028775,0.9707695,1,1,unassigned,4.0,4.0,0.0,1.0,0.0,0.0,0.003868472,0.0,0,0,0,1,1
35707,-1,0,0.55479103,0.6352464,1,1,unassigned,5.0,5.0,0.0,1.0,0.0,0.0,0.0058027077,0.0,0,0,0,1,0
35708,1,0,3.6174095,0.9738501,1,0,unassigned,23.0,22.0,1.0,0.95652175,0.04347826,0.04347825,0.040618956,0.0017660416,0,0,1,1,1
35709,-1,0,-0.32201743,0.42018417,0,1,unassigned,9.0,9.0,0.0,1.0,0.0,0.0,0.013539651,0.0,0,0,0,0,0
35710,-1,0,2.6538832,0.93424994,1,1,unassigned,9.0,9.0,0.0,1.0,0.0,0.0,0.013539651,0.0,0,0,0,1,1
35711,-1,0,0.9373222,0.71855843,1,1,unassigned,3.0,3.0,0.0,1.0,0.0,0.0,0.001934236,0.0,0,0,0,1,0
35712,-1,0,0.33480018,0.58292687,1,1,unassigned,4.0,4.0,0.0,1.0,0.0,0.0,0.003868472,0.0,0,0,0,1,0
35713,-1,0,7.430964,0.99940777,1,1,unassigned,8.0,8.0,0.0,1.0,0.0,0.0,0.0116054155,0.0,0,0,0,1,1
35714,-1,1,-0.37544402,0.4072262,0,1,unassigned,21.0,21.0,0.0,1.0,0.0,0.0,0.036750484,0.0,1,0,0,0,0
35715,-1,1,-0.7984018,0.3103675,0,1,unassigned,28.0,26.0,2.0,0.9285714,0.071428575,0.0714286,0.050290134,0.0035921526,1,0,0,0,0
35716,-1,0,4.8144207,0.9919533,1,1,unassigned,7.0,7.0,0.0,1.0,0.0,0.0,0.00967118,0.0,0,0,0,1,1
35717,-1,0,5.3973517,0.9954919,1,1,unassigned,2.0,2.0,0.0,1.0,0.0,0.0,0.0,0.0,0,0,0,1,1
35718,-1,1,6.5343957,0.9985495,1,1,unassigned,2.0,2.0,0.0,1.0,0.0,0.0,0.0,0.0,1,0,0,1,1
35719,-1,0,2.0360794,0.8845334,1,1,unassigned,30.0,30.0,0.0,1.0,0.0,0.0,0.054158606,0.0,0,0,0,1,0
35720,1,0,-1.0125216,0.26648664,0,1,test,2.0,2.0,0.0,1.0,0.0,0.0,0.0,0.0,0,0,0,0,0
35721,-1,0,1.0853164,0.74749875,1,1,unassigned,2.0,2.0,0.0,1.0,0.0,0.0,0.0,0.0,0,0,0,1,0
35722,-1,0,0.20690751,0.5515431,1,1,unassigned,2.0,2.0,0.0,1.0,0.0,0.0,0.0,0.0,0,0,0,1,0
35723,-1,0,4.1263204,0.9841143,1,1,unassigned,2.0,2.0,0.0,1.0,0.0,0.0,0.0,0.0,0,0,0,1,1
35724,-1,0,4.2879863,0.9864535,1,1,unassigned,2.0,2.0,0.0,1.0,0.0,0.0,0.0,0.0,0,0,0,1,1
35725,-1,0,5.361272,0.995327,1,1,unassigned,2.0,2.0,0.0,1.0,0.0,0.0,0.0,0.0,0,0,0,1,1
35726,-1,0,5.50077,0.995933,1,1,unassigned,2.0,2.0,0.0,1.0,0.0,0.0,0.0,0.0,0,0,0,1,1
35727,-1,0,5.50077,0.995933,1,1,unassigned,2.0,2.0,0.0,1.0,0.0,0.0,0.0,0.0,0,0,0,1,1
35728,-1,0,-0.35342672,0.41255167,0,1,unassigned,3.0,3.0,0.0,1.0,0.0,0.0,0.001934236,0.0,0,0,0,0,0
35729,-1,0,6.018266,0.997572,1,1,unassigned,2.0,2.0,0.0,1.0,0.0,0.0,0.0,0.0,0,0,0,1,1
35730,-1,0,2.3345182,0.9116957,1,1,unassigned,3.0,2.0,1.0,0.6666667,0.33333334,0.3333333,0.001934236,0.00064474536,0,0,0,1,1
35731,-1,0,5.114115,0.9940247,1,1,unassigned,6.0,5.0,1.0,0.8333333,0.16666667,0.16666669,0.007736944,0.0012894907,0,0,0,1,1
35732,-1,0,0.6914769,0.66629535,1,1,unassigned,20.0,20.0,0.0,1.0,0.0,0.0,0.034816246,0.0,0,0,0,1,0
35733,-1,0,4.546,0.9895019,1,1,unassigned,13.0,13.0,0.0,1.0,0.0,0.0,0.021276595,0.0,0,0,0,1,1
35734,-1,0,2.9230487,0.9489742,1,1,unassigned,10.0,10.0,0.0,1.0,0.0,0.0,0.015473888,0.0,0,0,0,1,1
35735,-1,0,-0.32299268,0.4199466,0,1,unassigned,24.0,24.0,0.0,1.0,0.0,0.0,0.04255319,0.0,0,0,0,0,0
35736,-1,0,-0.8135005,0.30714506,0,1,unassigned,42.0,39.0,3.0,0.9285714,0.071428575,0.0714286,0.07736944,0.0055263885,0,0,0,0,0
35737,-1,0,0.82422704,0.6951329,1,1,unassigned,6.0,6.0,0.0,1.0,0.0,0.0,0.007736944,0.0,0,0,0,1,0
35738,-1,0,-0.47678515,0.38301155,0,1,unassigned,27.0,24.0,3.0,0.8888889,0.11111111,0.111111104,0.0483559,0.0053728777,0,0,0,0,0
35739,-1,0,0.71826655,0.6722252,1,1,unassigned,43.0,42.0,1.0,0.9767442,0.023255814,0.023255825,0.079303674,0.0018442714,0,0,0,1,0
35740,-1,0,5.2539697,0.99480045,1,1,unassigned,27.0,23.0,4.0,0.8518519,0.14814815,0.14814812,0.0483559,0.007163837,0,0,0,1,1
35741,-1,1,0.9024462,0.71145195,1,1,unassigned,8.0,7.0,1.0,0.875,0.125,0.125,0.0116054155,0.0014506769,1,0,0,1,0
35742,-1,0,0.3008805,0.57465774,1,1,unassigned,5.0,4.0,1.0,0.8,0.2,0.19999999,0.0058027077,0.0011605415,0,0,0,1,0
35743,-1,0,-0.97885644,0.27311873,0,1,unassigned,25.0,25.0,0.0,1.0,0.0,0.0,0.044487428,0.0,0,0,0,0,0
35744,0,0,-0.37574854,0.4071527,0,0,unassigned,15.0,15.0,0.0,1.0,0.0,0.0,0.025145067,0.0,0,0,1,0,0
35745,1,1,5.1784506,0.9943949,1,0,test,5.0,5.0,0.0,1.0,0.0,0.0,0.0058027077,0.0,1,0,1,1,1
35746,-1,0,0.2976913,0.573878,1,1,unassigned,3.0,3.0,0.0,1.0,0.0,0.0,0.001934236,0.0,0,0,0,1,0
35747,1,0,-0.48796642,0.38037273,0,1,val,7.0,7.0,0.0,1.0,0.0,0.0,0.00967118,0.0,0,0,0,0,0
35748,-1,0,-0.86828524,0.29561123,0,1,unassigned,3.0,3.0,0.0,1.0,0.0,0.0,0.001934236,0.0,0,0,0,0,0
35749,-1,0,-0.824013,0.30491248,0,1,unassigned,4.0,4.0,0.0,1.0,0.0,0.0,0.003868472,0.0,0,0,0,0,0
35750,-1,1,-0.6270175,0.34818715,0,1,unassigned,106.0,98.0,8.0,0.9245283,0.0754717,0.0754717,0.20116054,0.015181927,1,0,0,0,0
35751,-1,0,1.4169376,0.8048579,1,1,unassigned,11.0,4.0,7.0,0.36363637,0.6363636,0.6363636,0.017408123,0.011077897,0,0,0,1,0
35752,-1,0,9.11923,0.99989045,1,1,unassigned,2.0,2.0,0.0,1.0,0.0,0.0,0.0,0.0,0,0,0,1,1
35753,-1,0,2.7191606,0.9381478,1,1,unassigned,6.0,6.0,0.0,1.0,0.0,0.0,0.007736944,0.0,0,0,0,1,1
35754,-1,0,5.50077,0.995933,1,1,unassigned,2.0,2.0,0.0,1.0,0.0,0.0,0.0,0.0,0,0,0,1,1
35755,-1,0,4.340711,0.98714024,1,1,unassigned,2.0,2.0,0.0,1.0,0.0,0.0,0.0,0.0,0,0,0,1,1
35756,-1,0,6.0119643,0.9975567,1,1,unassigned,2.0,2.0,0.0,1.0,0.0,0.0,0.0,0.0,0,0,0,1,1
35757,-1,0,3.9314368,0.98076195,1,1,unassigned,3.0,3.0,0.0,1.0,0.0,0.0,0.001934236,0.0,0,0,0,1,1
35758,-1,0,6.658123,0.99871814,1,1,unassigned,2.0,2.0,0.0,1.0,0.0,0.0,0.0,0.0,0,0,0,1,1
35759,-1,0,4.9996276,0.99330467,1,1,unassigned,2.0,2.0,0.0,1.0,0.0,0.0,0.0,0.0,0,0,0,1,1
35760,-1,0,5.50077,0.995933,1,1,unassigned,2.0,2.0,0.0,1.0,0.0,0.0,0.0,0.0,0,0,0,1,1
35761,-1,0,5.50077,0.995933,1,1,unassigned,2.0,2.0,0.0,1.0,0.0,0.0,0.0,0.0,0,0,0,1,1
35762,-1,0,5.752633,0.99683565,1,1,unassigned,2.0,2.0,0.0,1.0,0.0,0.0,0.0,0.0,0,0,0,1,1
35763,-1,0,-0.9470677,0.2794749,0,1,unassigned,54.0,54.0,0.0,1.0,0.0,0.0,0.10058027,0.0,0,0,0,0,0
35764,-1,0,5.50077,0.995933,1,1,unassigned,2.0,2.0,0.0,1.0,0.0,0.0,0.0,0.0,0,0,0,1,1
35765,-1,0,3.433863,0.96874624,1,1,unassigned,2.0,2.0,0.0,1.0,0.0,0.0,0.0,0.0,0,0,0,1,1
35766,-1,0,-0.07603687,0.48099992,0,1,unassigned,23.0,20.0,3.0,0.8695652,0.13043478,0.13043481,0.040618956,0.0052981246,0,0,0,0,0
35767,0,0,-0.35914606,0.41116628,0,0,unassigned,57.0,56.0,1.0,0.98245615,0.01754386,0.017543852,0.10638298,0.0018663681,0,0,1,0,0
35768,1,0,-0.6027229,0.353721,0,1,test,6.0,5.0,1.0,0.8333333,0.16666667,0.16666669,0.007736944,0.0012894907,0,0,0,0,0
35769,-1,0,0.6770212,0.66307354,1,1,unassigned,18.0,18.0,0.0,1.0,0.0,0.0,0.030947777,0.0,0,0,0,1,0
35770,-1,1,3.4807017,0.97013366,1,1,unassigned,12.0,10.0,2.0,0.8333333,0.16666667,0.16666669,0.01934236,0.0032237265,1,0,0,1,1
35771,-1,0,0.45934457,0.61285865,1,1,unassigned,3.0,2.0,1.0,0.6666667,0.33333334,0.3333333,0.001934236,0.00064474536,0,0,0,1,0
35772,-1,0,-0.90298045,0.28843838,0,1,unassigned,34.0,34.0,0.0,1.0,0.0,0.0,0.061895553,0.0,0,0,0,0,0
35773,-1,0,-0.6535456,0.34219098,0,1,unassigned,30.0,30.0,0.0,1.0,0.0,0.0,0.054158606,0.0,0,0,0,0,0
35774,-1,0,3.54861,0.97203964,1,1,unassigned,2.0,2.0,0.0,1.0,0.0,0.0,0.0,0.0,0,0,0,1,1
35775,-1,0,4.0906057,0.98354614,1,1,unassigned,6.0,1.0,5.0,0.16666667,0.8333333,0.8333333,0.007736944,0.0064474535,0,0,0,1,1
35776,-1,0,-0.29151216,0.4276337,0,1,unassigned,10.0,7.0,3.0,0.7,0.3,0.3,0.015473888,0.0046421667,0,0,0,0,0
35777,0,1,-0.09720713,0.47571737,0,0,val,18.0,18.0,0.0,1.0,0.0,0.0,0.030947777,0.0,1,0,1,0,0
35778,-1,0,2.5054939,0.9245261,1,1,unassigned,7.0,7.0,0.0,1.0,0.0,0.0,0.00967118,0.0,0,0,0,1,1
35779,-1,0,1.3893595,0.80048996,1,1,unassigned,4.0,4.0,0.0,1.0,0.0,0.0,0.003868472,0.0,0,0,0,1,0
35780,1,0,8.941565,0.9998691,1,0,test,5.0,3.0,2.0,0.6,0.4,0.39999998,0.0058027077,0.002321083,0,0,1,1,1
35781,-1,0,1.2835512,0.78305364,1,1,unassigned,4.0,4.0,0.0,1.0,0.0,0.0,0.003868472,0.0,0,0,0,1,0
35782,-1,1,0.8563011,0.70188725,1,1,unassigned,3.0,3.0,0.0,1.0,0.0,0.0,0.001934236,0.0,1,0,0,1,0
35783,-1,1,-0.41367376,0.39803153,0,1,unassigned,2.0,2.0,0.0,1.0,0.0,0.0,0.0,0.0,1,0,0,0,0
35784,1,1,2.7922883,0.94225764,1,0,val,6.0,5.0,1.0,0.8333333,0.16666667,0.16666669,0.007736944,0.0012894907,1,0,1,1,1
35785,-1,1,-0.19736099,0.4508193,0,1,unassigned,5.0,5.0,0.0,1.0,0.0,0.0,0.0058027077,0.0,1,0,0,0,0
35786,-1,1,-0.10089615,0.47479737,0,1,unassigned,34.0,34.0,0.0,1.0,0.0,0.0,0.061895553,0.0,1,0,0,0,0
35787,-1,1,5.147649,0.9942206,1,1,unassigned,8.0,8.0,0.0,1.0,0.0,0.0,0.0116054155,0.0,1,0,0,1,1
35788,-1,0,2.339419,0.9120895,1,1,unassigned,27.0,22.0,5.0,0.8148148,0.18518518,0.1851852,0.0483559,0.008954796,0,0,0,1,1
35789,-1,0,0.13238233,0.5330473,1,1,unassigned,33.0,33.0,0.0,1.0,0.0,0.0,0.059961315,0.0,0,0,0,1,0
35790,-1,0,1.1638649,0.76203424,1,1,unassigned,7.0,7.0,0.0,1.0,0.0,0.0,0.00967118,0.0,0,0,0,1,0
35791,-1,0,1.1155343,0.75315946,1,1,unassigned,30.0,30.0,0.0,1.0,0.0,0.0,0.054158606,0.0,0,0,0,1,0
35792,-1,0,-0.24729732,0.43848884,0,1,unassigned,17.0,17.0,0.0,1.0,0.0,0.0,0.029013539,0.0,0,0,0,0,0
35793,-1,1,0.048985183,0.51224387,1,1,unassigned,46.0,41.0,5.0,0.8913044,0.10869565,0.108695626,0.08510638,0.009250693,1,0,0,1,0
35794,-1,1,1.9923527,0.87999177,1,1,unassigned,7.0,4.0,3.0,0.5714286,0.42857143,0.4285714,0.00967118,0.0041447915,1,0,0,1,0
35795,-1,1,-0.09115541,0.4772269,0,1,unassigned,4.0,4.0,0.0,1.0,0.0,0.0,0.003868472,0.0,1,0,0,0,0
35796,0,0,-0.33730912,0.41646326,0,0,unassigned,27.0,27.0,0.0,1.0,0.0,0.0,0.0483559,0.0,0,0,1,0,0
35797,-1,0,2.0873532,0.88966787,1,1,unassigned,4.0,4.0,0.0,1.0,0.0,0.0,0.003868472,0.0,0,0,0,1,0
35798,-1,1,-0.83431387,0.3027337,0,1,unassigned,137.0,136.0,1.0,0.99270076,0.00729927,0.0072992444,0.26112187,0.001905999,1,0,0,0,0
35799,-1,1,-0.39388782,0.40278172,0,1,unassigned,2.0,2.0,0.0,1.0,0.0,0.0,0.0,0.0,1,0,0,0,0
35800,-1,1,2.3396235,0.9121059,1,1,unassigned,2.0,2.0,0.0,1.0,0.0,0.0,0.0,0.0,1,0,0,1,1
35801,-1,0,-0.054042697,0.48649263,0,1,unassigned,29.0,29.0,0.0,1.0,0.0,0.0,0.05222437,0.0,0,0,0,0,0
35802,-1,0,-0.20295846,0.44943383,0,1,unassigned,15.0,14.0,1.0,0.93333334,0.06666667,0.06666666,0.025145067,0.0016763379,0,0,0,0,0
35803,-1,1,0.98681194,0.7284578,1,1,unassigned,50.0,48.0,2.0,0.96,0.04,0.04000002,0.092843324,0.0037137328,1,0,0,1,0
35804,-1,0,1.4852281,0.81536096,1,1,unassigned,4.0,1.0,3.0,0.25,0.75,0.75,0.003868472,0.002901354,0,0,0,1,0
35805,-1,1,0.12884992,0.532168,1,1,unassigned,9.0,5.0,4.0,0.5555556,0.44444445,0.44444442,0.013539651,0.006017623,1,0,0,1,0
35806,-1,1,-0.18980658,0.45269027,0,1,unassigned,82.0,80.0,2.0,0.9756098,0.024390243,0.02439022,0.15473887,0.0037741186,1,0,0,0,0
35807,1,1,0.07058346,0.51763856,1,0,val,19.0,18.0,1.0,0.94736844,0.05263158,0.052631557,0.032882012,0.0017306323,1,0,1,1,0
35808,-1,0,-0.51042104,0.37509483,0,1,unassigned,5.0,5.0,0.0,1.0,0.0,0.0,0.0058027077,0.0,0,0,0,0,0
35809,-1,0,2.7407482,0.93938875,1,1,unassigned,2.0,2.0,0.0,1.0,0.0,0.0,0.0,0.0,0,0,0,1,1
35810,-1,1,1.4212551,0.8055351,1,1,unassigned,3.0,3.0,0.0,1.0,0.0,0.0,0.001934236,0.0,1,0,0,1,0
35811,-1,0,4.7818193,0.9916889,1,1,unassigned,2.0,2.0,0.0,1.0,0.0,0.0,0.0,0.0,0,0,0,1,1
35812,1,0,-0.31429154,0.42206755,0,1,val,35.0,34.0,1.0,0.9714286,0.028571429,0.028571427,0.06382979,0.0018237082,0,0,0,0,0
35813,-1,1,7.527045,0.99946195,1,1,unassigned,7.0,5.0,2.0,0.71428573,0.2857143,0.28571427,0.00967118,0.0027631943,1,0,0,1,1
35814,-1,0,5.50077,0.995933,1,1,unassigned,2.0,2.0,0.0,1.0,0.0,0.0,0.0,0.0,0,0,0,1,1
35815,-1,0,5.361272,0.995327,1,1,unassigned,2.0,2.0,0.0,1.0,0.0,0.0,0.0,0.0,0,0,0,1,1
35816,-1,0,2.2043138,0.90063626,1,1,unassigned,3.0,3.0,0.0,1.0,0.0,0.0,0.001934236,0.0,0,0,0,1,1
35817,-1,0,6.0119643,0.9975567,1,1,unassigned,2.0,2.0,0.0,1.0,0.0,0.0,0.0,0.0,0,0,0,1,1
35818,-1,0,8.420696,0.99977976,1,1,unassigned,3.0,3.0,0.0,1.0,0.0,0.0,0.001934236,0.0,0,0,0,1,1
35819,-1,0,5.50077,0.995933,1,1,unassigned,2.0,2.0,0.0,1.0,0.0,0.0,0.0,0.0,0,0,0,1,1
35820,-1,0,-0.60899544,0.3522884,0,1,unassigned,15.0,15.0,0.0,1.0,0.0,0.0,0.025145067,0.0,0,0,0,0,0
35821,-1,0,1.4577901,0.8111944,1,1,unassigned,31.0,31.0,0.0,1.0,0.0,0.0,0.056092843,0.0,0,0,0,1,0
35822,-1,0,0.0018802881,0.50047004,1,1,unassigned,8.0,7.0,1.0,0.875,0.125,0.125,0.0116054155,0.0014506769,0,0,0,1,0
35823,-1,0,4.863231,0.99233377,1,1,unassigned,5.0,5.0,0.0,1.0,0.0,0.0,0.0058027077,0.0,0,0,0,1,1
35824,-1,0,4.985622,0.99321085,1,1,unassigned,7.0,7.0,0.0,1.0,0.0,0.0,0.00967118,0.0,0,0,0,1,1
35825,-1,0,4.233949,0.9857121,1,1,unassigned,27.0,26.0,1.0,0.962963,0.037037037,0.037037015,0.0483559,0.0017909593,0,0,0,1,1
35826,-1,0,1.6126966,0.8337855,1,1,unassigned,9.0,9.0,0.0,1.0,0.0,0.0,0.013539651,0.0,0,0,0,1,0
35827,-1,0,-0.089466065,0.47764838,0,1,unassigned,6.0,6.0,0.0,1.0,0.0,0.0,0.007736944,0.0,0,0,0,0,0
35828,-1,0,5.7971997,0.99697316,1,1,unassigned,3.0,3.0,0.0,1.0,0.0,0.0,0.001934236,0.0,0,0,0,1,1
35829,-1,0,-0.05289173,0.48678014,0,1,unassigned,8.0,8.0,0.0,1.0,0.0,0.0,0.0116054155,0.0,0,0,0,0,0
35830,-1,0,1.8501337,0.8641428,1,1,unassigned,2.0,2.0,0.0,1.0,0.0,0.0,0.0,0.0,0,0,0,1,0
35831,-1,0,3.1218598,0.9577855,1,1,unassigned,18.0,18.0,0.0,1.0,0.0,0.0,0.030947777,0.0,0,0,0,1,1
35832,-1,1,5.9442067,0.9973859,1,1,unassigned,49.0,46.0,3.0,0.93877554,0.06122449,0.06122446,0.09090909,0.005565863,1,0,0,1,1
35833,-1,0,3.0097811,0.9530141,1,1,unassigned,2.0,2.0,0.0,1.0,0.0,0.0,0.0,0.0,0,0,0,1,1
35834,-1,1,0.59345907,0.6441584,1,1,unassigned,15.0,15.0,0.0,1.0,0.0,0.0,0.025145067,0.0,1,0,0,1,0
35835,-1,0,6.262312,0.99809676,1,1,unassigned,13.0,13.0,0.0,1.0,0.0,0.0,0.021276595,0.0,0,0,0,1,1
35836,-1,1,0.13474053,0.53363425,1,1,unassigned,2.0,2.0,0.0,1.0,0.0,0.0,0.0,0.0,1,0,0,1,0
35837,-1,0,1.4612222,0.8117195,1,1,unassigned,2.0,2.0,0.0,1.0,0.0,0.0,0.0,0.0,0,0,0,1,0
35838,1,1,4.463142,0.9886052,1,0,test,16.0,16.0,0.0,1.0,0.0,0.0,0.027079303,0.0,1,0,1,1,1
35839,-1,0,2.2432802,0.9040693,1,1,unassigned,5.0,5.0,0.0,1.0,0.0,0.0,0.0058027077,0.0,0,0,0,1,1
35840,-1,1,5.394692,0.99547994,1,1,unassigned,2.0,2.0,0.0,1.0,0.0,0.0,0.0,0.0,1,0,0,1,1
35841,-1,0,-0.3522497,0.41283697,0,1,unassigned,2.0,2.0,0.0,1.0,0.0,0.0,0.0,0.0,0,0,0,0,0
35842,-1,0,-0.83090323,0.30345413,0,1,unassigned,39.0,39.0,0.0,1.0,0.0,0.0,0.07156673,0.0,0,0,0,0,0
35843,-1,1,0.8924003,0.7093852,1,1,unassigned,2.0,1.0,1.0,0.5,0.5,0.5,0.0,0.0,1,0,0,1,0
35844,-1,0,3.7555897,0.9771478,1,1,unassigned,7.0,7.0,0.0,1.0,0.0,0.0,0.00967118,0.0,0,0,0,1,1
35845,0,0,-0.4984113,0.3779141,0,0,unassigned,7.0,7.0,0.0,1.0,0.0,0.0,0.00967118,0.0,0,0,1,0,0
35846,-1,0,-0.2523908,0.43723515,0,1,unassigned,4.0,4.0,0.0,1.0,0.0,0.0,0.003868472,0.0,0,0,0,0,0
35847,-1,0,0.9444602,0.71999973,1,1,unassigned,3.0,3.0,0.0,1.0,0.0,0.0,0.001934236,0.0,0,0,0,1,0
35848,1,1,3.1564605,0.95916253,1,0,unassigned,22.0,21.0,1.0,0.95454544,0.045454547,0.04545456,0.03868472,0.0017583964,1,0,1,1,1
35849,-1,1,1.5912769,0.8307957,1,1,unassigned,9.0,9.0,0.0,1.0,0.0,0.0,0.013539651,0.0,1,0,0,1,0
35850,-1,0,-0.039696395,0.49007717,0,1,unassigned,11.0,11.0,0.0,1.0,0.0,0.0,0.017408123,0.0,0,0,0,0,0
35851,-1,0,0.94404155,0.71991533,1,1,unassigned,28.0,28.0,0.0,1.0,0.0,0.0,0.050290134,0.0,0,0,0,1,0
35852,-1,1,0.37943608,0.59373707,1,1,unassigned,7.0,7.0,0.0,1.0,0.0,0.0,0.00967118,0.0,1,0,0,1,0
35853,-1,0,0.23369724,0.5581599,1,1,unassigned,63.0,63.0,0.0,1.0,0.0,0.0,0.11798839,0.0,0,0,0,1,0
35854,0,0,-0.42179576,0.39608708,0,0,val,3.0,3.0,0.0,1.0,0.0,0.0,0.001934236,0.0,0,0,1,0,0
35855,-1,0,-0.28017977,0.43040973,0,1,unassigned,79.0,78.0,1.0,0.98734176,0.012658228,0.012658238,0.14893617,0.001885268,0,0,0,0,0
35856,-1,0,2.9940307,0.9523037,1,1,unassigned,2.0,2.0,0.0,1.0,0.0,0.0,0.0,0.0,0,0,0,1,1
35857,-1,0,1.4108791,0.80390453,1,1,unassigned,6.0,6.0,0.0,1.0,0.0,0.0,0.007736944,0.0,0,0,0,1,0
35858,-1,0,-0.6942562,0.33308694,0,1,unassigned,12.0,12.0,0.0,1.0,0.0,0.0,0.01934236,0.0,0,0,0,0,0
35859,1,0,0.29264623,0.5726438,1,0,unassigned,8.0,8.0,0.0,1.0,0.0,0.0,0.0116054155,0.0,0,0,1,1,0
35860,-1,0,0.6823829,0.66427034,1,1,unassigned,10.0,10.0,0.0,1.0,0.0,0.0,0.015473888,0.0,0,0,0,1,0
35861,1,0,0.44023412,0.6083148,1,0,val,3.0,3.0,0.0,1.0,0.0,0.0,0.001934236,0.0,0,0,1,1,0
35862,-1,1,-0.2991168,0.4257734,0,1,unassigned,7.0,7.0,0.0,1.0,0.0,0.0,0.00967118,0.0,1,0,0,0,0
35863,-1,1,-0.14922899,0.46276185,0,1,unassigned,20.0,19.0,1.0,0.95,0.05,0.050000012,0.034816246,0.0017408123,1,0,0,0,0
35864,-1,0,2.7254875,0.938514,1,1,unassigned,2.0,2.0,0.0,1.0,0.0,0.0,0.0,0.0,0,0,0,1,1
35865,-1,0,-0.04464084,0.4888416,0,1,unassigned,2.0,2.0,0.0,1.0,0.0,0.0,0.0,0.0,0,0,0,0,0
35866,-1,0,1.2006681,0.7686436,1,1,unassigned,2.0,2.0,0.0,1.0,0.0,0.0,0.0,0.0,0,0,0,1,0
35867,-1,1,-0.9668092,0.27551696,0,1,unassigned,6.0,3.0,3.0,0.5,0.5,0.5,0.007736944,0.003868472,1,0,0,0,0
35868,-1,0,2.1088505,0.8917604,1,1,unassigned,4.0,4.0,0.0,1.0,0.0,0.0,0.003868472,0.0,0,0,0,1,0
35869,-1,0,0.023672044,0.5059177,1,1,unassigned,2.0,2.0,0.0,1.0,0.0,0.0,0.0,0.0,0,0,0,1,0
35870,-1,1,-0.6725322,0.33793008,0,1,unassigned,37.0,32.0,5.0,0.8648649,0.13513513,0.13513511,0.06769826,0.009148413,1,0,0,0,0
35871,-1,0,0.13478988,0.5336466,1,1,unassigned,55.0,55.0,0.0,1.0,0.0,0.0,0.102514505,0.0,0,0,0,1,0
35872,-1,0,-0.20949215,0.44781765,0,1,unassigned,19.0,19.0,0.0,1.0,0.0,0.0,0.032882012,0.0,0,0,0,0,0
35873,-1,0,0.5226721,0.6277724,1,1,unassigned,34.0,34.0,0.0,1.0,0.0,0.0,0.061895553,0.0,0,0,0,1,0
35874,0,0,0.31254143,0.57750547,1,1,test,12.0,12.0,0.0,1.0,0.0,0.0,0.01934236,0.0,0,0,0,1,0
35875,-1,0,-0.24397823,0.4393062,0,1,unassigned,2.0,2.0,0.0,1.0,0.0,0.0,0.0,0.0,0,0,0,0,0
35876,-1,0,-0.78886926,0.3124115,0,1,unassigned,4.0,4.0,0.0,1.0,0.0,0.0,0.003868472,0.0,0,0,0,0,0
35877,-1,0,-0.062387764,0.48440814,0,1,unassigned,24.0,24.0,0.0,1.0,0.0,0.0,0.04255319,0.0,0,0,0,0,0
35878,-1,0,-0.6573703,0.34133056,0,1,unassigned,8.0,8.0,0.0,1.0,0.0,0.0,0.0116054155,0.0,0,0,0,0,0
35879,-1,1,0.625848,0.65154743,1,1,unassigned,2.0,2.0,0.0,1.0,0.0,0.0,0.0,0.0,1,0,0,1,0
35880,-1,0,4.0344377,0.982612,1,1,unassigned,3.0,2.0,1.0,0.6666667,0.33333334,0.3333333,0.001934236,0.00064474536,0,0,0,1,1
35881,-1,0,4.1357355,0.98426086,1,1,unassigned,5.0,5.0,0.0,1.0,0.0,0.0,0.0058027077,0.0,0,0,0,1,1
35882,-1,0,0.5753296,0.63999206,1,1,unassigned,2.0,2.0,0.0,1.0,0.0,0.0,0.0,0.0,0,0,0,1,0
35883,-1,0,2.9558234,0.950538,1,1,unassigned,2.0,2.0,0.0,1.0,0.0,0.0,0.0,0.0,0,0,0,1,1
35884,-1,1,-0.0360834,0.49098015,0,1,unassigned,2.0,1.0,1.0,0.5,0.5,0.5,0.0,0.0,1,0,0,0,0
35885,1,1,2.0122807,0.88208044,1,0,test,4.0,4.0,0.0,1.0,0.0,0.0,0.003868472,0.0,1,0,1,1,0
35886,-1,1,2.3598964,0.9137177,1,1,unassigned,4.0,3.0,1.0,0.75,0.25,0.25,0.003868472,0.000967118,1,0,0,1,1
35887,-1,0,-0.6869935,0.33470222,0,1,unassigned,26.0,26.0,0.0,1.0,0.0,0.0,0.046421662,0.0,0,0,0,0,0
35888,-1,1,-0.42560488,0.39517632,0,1,unassigned,18.0,18.0,0.0,1.0,0.0,0.0,0.030947777,0.0,1,0,0,0,0
35889,-1,1,-0.6113509,0.3517511,0,1,unassigned,3.0,2.0,1.0,0.6666667,0.33333334,0.3333333,0.001934236,0.00064474536,1,0,0,0,0
35890,-1,0,2.358953,0.91364324,1,1,unassigned,19.0,18.0,1.0,0.94736844,0.05263158,0.052631557,0.032882012,0.0017306323,0,0,0,1,1
35891,-1,1,-0.186521,0.45350444,0,1,unassigned,4.0,4.0,0.0,1.0,0.0,0.0,0.003868472,0.0,1,0,0,0,0
35892,-1,0,2.6774175,0.93568087,1,1,unassigned,2.0,2.0,0.0,1.0,0.0,0.0,0.0,0.0,0,0,0,1,1
35893,-1,0,2.001897,0.8809961,1,1,unassigned,3.0,2.0,1.0,0.6666667,0.33333334,0.3333333,0.001934236,0.00064474536,0,0,0,1,0
35894,1,1,0.59706134,0.6449837,1,0,unassigned,2.0,2.0,0.0,1.0,0.0,0.0,0.0,0.0,1,0,1,1,0
35895,-1,0,1.4526391,0.81040424,1,1,unassigned,6.0,3.0,3.0,0.5,0.5,0.5,0.007736944,0.003868472,0,0,0,1,0
35896,-1,0,-0.6222908,0.34926066,0,1,unassigned,52.0,52.0,0.0,1.0,0.0,0.0,0.0967118,0.0,0,0,0,0,0
35897,-1,0,1.0135233,0.73370916,1,1,unassigned,17.0,17.0,0.0,1.0,0.0,0.0,0.029013539,0.0,0,0,0,1,0
35898,-1,0,1.7104218,0.84689105,1,1,unassigned,6.0,6.0,0.0,1.0,0.0,0.0,0.007736944,0.0,0,0,0,1,0
35899,-1,0,-0.82856923,0.30394766,0,1,unassigned,43.0,43.0,0.0,1.0,0.0,0.0,0.079303674,0.0,0,0,0,0,0
35900,-1,1,-0.9308448,0.28275335,0,1,unassigned,8.0,7.0,1.0,0.875,0.125,0.125,0.0116054155,0.0014506769,1,0,0,0,0
35901,0,0,-0.6352587,0.3463191,0,0,val,11.0,11.0,0.0,1.0,0.0,0.0,0.017408123,0.0,0,0,1,0,0
35902,-1,1,0.007356763,0.50183916,1,1,unassigned,16.0,16.0,0.0,1.0,0.0,0.0,0.027079303,0.0,1,0,0,1,0
35903,1,0,10.3818655,0.999969,1,0,unassigned,7.0,5.0,2.0,0.71428573,0.2857143,0.28571427,0.00967118,0.0027631943,0,0,1,1,1
35904,-1,0,3.3580735,0.96636826,1,1,unassigned,2.0,2.0,0.0,1.0,0.0,0.0,0.0,0.0,0,0,0,1,1
35905,1,0,0.41910952,0.6032702,1,0,unassigned,7.0,7.0,0.0,1.0,0.0,0.0,0.00967118,0.0,0,0,1,1,0
35906,-1,0,4.585913,0.98990846,1,1,unassigned,25.0,21.0,4.0,0.84,0.16,0.16000003,0.044487428,0.007117988,0,0,0,1,1
35907,0,0,0.20986158,0.5522737,1,1,val,3.0,3.0,0.0,1.0,0.0,0.0,0.001934236,0.0,0,0,0,1,0
35908,-1,0,-0.86510664,0.29627353,0,1,unassigned,53.0,53.0,0.0,1.0,0.0,0.0,0.09864604,0.0,0,0,0,0,0
35909,-1,1,0.17312276,0.5431729,1,1,unassigned,3.0,3.0,0.0,1.0,0.0,0.0,0.001934236,0.0,1,0,0,1,0
35910,-1,0,2.8063965,0.9430205,1,1,unassigned,2.0,2.0,0.0,1.0,0.0,0.0,0.0,0.0,0,0,0,1,1
35911,-1,0,7.368298,0.99936944,1,1,unassigned,3.0,2.0,1.0,0.6666667,0.33333334,0.3333333,0.001934236,0.00064474536,0,0,0,1,1
35912,-1,0,2.299847,0.9088644,1,1,unassigned,14.0,12.0,2.0,0.85714287,0.14285715,0.14285713,0.023210831,0.0033158332,0,0,0,1,1
35913,-1,0,5.4802203,0.9958489,1,1,unassigned,13.0,12.0,1.0,0.9230769,0.07692308,0.07692307,0.021276595,0.0016366612,0,0,0,1,1
35914,-1,0,0.47809106,0.617297,1,1,unassigned,15.0,15.0,0.0,1.0,0.0,0.0,0.025145067,0.0,0,0,0,1,0
35915,-1,1,6.0153985,0.99756503,1,1,unassigned,9.0,9.0,0.0,1.0,0.0,0.0,0.013539651,0.0,1,0,0,1,1
35916,-1,0,8.970125,0.9998728,1,1,unassigned,13.0,4.0,9.0,0.30769232,0.6923077,0.6923077,0.021276595,0.014729951,0,0,0,1,1
35917,-1,0,4.5603204,0.98964953,1,1,unassigned,3.0,2.0,1.0,0.6666667,0.33333334,0.3333333,0.001934236,0.00064474536,0,0,0,1,1
35918,-1,0,5.8233075,0.9970509,1,1,unassigned,3.0,3.0,0.0,1.0,0.0,0.0,0.001934236,0.0,0,0,0,1,1
35919,-1,0,0.15704685,0.5391812,1,1,unassigned,4.0,4.0,0.0,1.0,0.0,0.0,0.003868472,0.0,0,0,0,1,0
35920,-1,0,20.105438,1.0,1,1,unassigned,12.0,11.0,1.0,0.9166667,0.083333336,0.08333331,0.01934236,0.0016118633,0,0,0,1,1
35921,-1,0,1.4288397,0.80672044,1,1,unassigned,3.0,3.0,0.0,1.0,0.0,0.0,0.001934236,0.0,0,0,0,1,0
35922,-1,1,1.5583289,0.82611346,1,1,unassigned,17.0,17.0,0.0,1.0,0.0,0.0,0.029013539,0.0,1,0,0,1,0
35923,-1,0,4.488521,0.9888876,1,1,unassigned,2.0,2.0,0.0,1.0,0.0,0.0,0.0,0.0,0,0,0,1,1
35924,1,0,2.5254397,0.92590606,1,0,test,6.0,6.0,0.0,1.0,0.0,0.0,0.007736944,0.0,0,0,1,1,1
35925,-1,0,2.4937406,0.9237018,1,1,unassigned,4.0,3.0,1.0,0.75,0.25,0.25,0.003868472,0.000967118,0,0,0,1,1
35926,-1,1,0.46309692,0.6137486,1,1,unassigned,14.0,10.0,4.0,0.71428573,0.2857143,0.28571427,0.023210831,0.0066316663,1,0,0,1,0
35927,-1,0,4.342858,0.98716754,1,1,unassigned,4.0,4.0,0.0,1.0,0.0,0.0,0.003868472,0.0,0,0,0,1,1
35928,-1,0,-0.2832839,0.42964888,0,1,unassigned,13.0,11.0,2.0,0.84615386,0.15384616,0.15384614,0.021276595,0.0032733225,0,0,0,0,0
35929,-1,0,1.7082629,0.84661084,1,1,unassigned,7.0,7.0,0.0,1.0,0.0,0.0,0.00967118,0.0,0,0,0,1,0
35930,1,0,5.0158525,0.9934117,1,0,val,8.0,8.0,0.0,1.0,0.0,0.0,0.0116054155,0.0,0,0,1,1,1
35931,-1,0,3.2299414,0.9619456,1,1,unassigned,3.0,3.0,0.0,1.0,0.0,0.0,0.001934236,0.0,0,0,0,1,1
35932,-1,0,6.770498,0.99885416,1,1,unassigned,6.0,6.0,0.0,1.0,0.0,0.0,0.007736944,0.0,0,0,0,1,1
35933,-1,0,4.332218,0.98703194,1,1,unassigned,4.0,4.0,0.0,1.0,0.0,0.0,0.003868472,0.0,0,0,0,1,1
35934,-1,0,7.0844626,0.9991627,1,1,unassigned,6.0,5.0,1.0,0.8333333,0.16666667,0.16666669,0.007736944,0.0012894907,0,0,0,1,1
35935,-1,0,3.5534976,0.97217226,1,1,unassigned,7.0,6.0,1.0,0.85714287,0.14285715,0.14285713,0.00967118,0.0013815971,0,0,0,1,1
35936,-1,1,3.673587,0.9752432,1,1,unassigned,6.0,6.0,0.0,1.0,0.0,0.0,0.007736944,0.0,1,0,0,1,1
35937,-1,1,2.3321874,0.9115079,1,1,unassigned,6.0,4.0,2.0,0.6666667,0.33333334,0.3333333,0.007736944,0.0025789815,1,0,0,1,1
35938,-1,0,-0.8401474,0.30150372,0,1,unassigned,6.0,1.0,5.0,0.16666667,0.8333333,0.8333333,0.007736944,0.0064474535,0,0,0,0,0
35939,-1,1,-0.34364235,0.41492498,0,1,unassigned,10.0,10.0,0.0,1.0,0.0,0.0,0.015473888,0.0,1,0,0,0,0
35940,-1,1,-0.5895858,0.35672992,0,1,unassigned,23.0,22.0,1.0,0.95652175,0.04347826,0.04347825,0.040618956,0.0017660416,1,0,0,0,0
35941,-1,1,-0.23361152,0.4418613,0,1,unassigned,3.0,3.0,0.0,1.0,0.0,0.0,0.001934236,0.0,1,0,0,0,0
35942,0,1,-0.60913783,0.3522559,0,0,val,27.0,27.0,0.0,1.0,0.0,0.0,0.0483559,0.0,1,0,1,0,0
35943,-1,1,1.5556204,0.825724,1,1,unassigned,46.0,42.0,4.0,0.9130435,0.08695652,0.0869565,0.08510638,0.007400555,1,0,0,1,0
35944,-1,1,0.114216805,0.5285232,1,1,unassigned,2.0,1.0,1.0,0.5,0.5,0.5,0.0,0.0,1,0,0,1,0
35945,-1,1,3.458656,0.9694882,1,1,unassigned,20.0,20.0,0.0,1.0,0.0,0.0,0.034816246,0.0,1,0,0,1,1
35946,-1,1,2.8872535,0.94721276,1,1,unassigned,7.0,5.0,2.0,0.71428573,0.2857143,0.28571427,0.00967118,0.0027631943,1,0,0,1,1
35947,-1,0,1.0868666,0.7477912,1,1,unassigned,2.0,2.0,0.0,1.0,0.0,0.0,0.0,0.0,0,0,0,1,0
35948,-1,0,2.7527106,0.9400663,1,1,unassigned,2.0,2.0,0.0,1.0,0.0,0.0,0.0,0.0,0,0,0,1,1
35949,-1,0,5.4458404,0.99570435,1,1,unassigned,2.0,2.0,0.0,1.0,0.0,0.0,0.0,0.0,0,0,0,1,1
35950,-1,1,5.5409365,0.9960925,1,1,unassigned,14.0,14.0,0.0,1.0,0.0,0.0,0.023210831,0.0,1,0,0,1,1
35951,-1,1,-0.48100197,0.38201556,0,1,unassigned,3.0,3.0,0.0,1.0,0.0,0.0,0.001934236,0.0,1,0,0,0,0
35952,-1,0,1.9609187,0.87663233,1,1,unassigned,15.0,15.0,0.0,1.0,0.0,0.0,0.025145067,0.0,0,0,0,1,0
35953,-1,0,-0.11441702,0.4714269,0,1,unassigned,46.0,46.0,0.0,1.0,0.0,0.0,0.08510638,0.0,0,0,0,0,0
35954,-1,1,-0.16238421,0.45949295,0,1,unassigned,16.0,15.0,1.0,0.9375,0.0625,0.0625,0.027079303,0.0016924564,1,0,0,0,0
35955,-1,1,-0.25562212,0.43644023,0,1,unassigned,3.0,3.0,0.0,1.0,0.0,0.0,0.001934236,0.0,1,0,0,0,0
35956,-1,0,-0.40439397,0.4002571,0,1,unassigned,7.0,7.0,0.0,1.0,0.0,0.0,0.00967118,0.0,0,0,0,0,0
35957,-1,0,7.8467145,0.9996092,1,1,unassigned,3.0,3.0,0.0,1.0,0.0,0.0,0.001934236,0.0,0,0,0,1,1
35958,-1,0,0.25632858,0.5637336,1,1,unassigned,5.0,5.0,0.0,1.0,0.0,0.0,0.0058027077,0.0,0,0,0,1,0
35959,-1,0,5.6145597,0.99636877,1,1,unassigned,2.0,2.0,0.0,1.0,0.0,0.0,0.0,0.0,0,0,0,1,1
35960,-1,1,4.7732196,0.99161774,1,1,unassigned,4.0,4.0,0.0,1.0,0.0,0.0,0.003868472,0.0,1,0,0,1,1
35961,-1,0,2.5107253,0.9248903,1,1,unassigned,5.0,5.0,0.0,1.0,0.0,0.0,0.0058027077,0.0,0,0,0,1,1
35962,-1,0,4.8541555,0.9922644,1,1,unassigned,2.0,2.0,0.0,1.0,0.0,0.0,0.0,0.0,0,0,0,1,1
35963,-1,0,-0.6575136,0.34129837,0,1,unassigned,26.0,25.0,1.0,0.96153843,0.03846154,0.038461566,0.046421662,0.0017854486,0,0,0,0,0
35964,-1,0,2.8909628,0.94739795,1,1,unassigned,3.0,3.0,0.0,1.0,0.0,0.0,0.001934236,0.0,0,0,0,1,1
35965,-1,0,1.4816754,0.8148255,1,1,unassigned,5.0,5.0,0.0,1.0,0.0,0.0,0.0058027077,0.0,0,0,0,1,0
35966,-1,0,5.1565957,0.99427176,1,1,unassigned,3.0,3.0,0.0,1.0,0.0,0.0,0.001934236,0.0,0,0,0,1,1
35967,-1,0,0.7945228,0.68880165,1,1,unassigned,5.0,5.0,0.0,1.0,0.0,0.0,0.0058027077,0.0,0,0,0,1,0
35968,-1,1,1.8959854,0.86943644,1,1,unassigned,3.0,2.0,1.0,0.6666667,0.33333334,0.3333333,0.001934236,0.00064474536,1,0,0,1,0
35969,-1,0,6.323997,0.99821043,1,1,unassigned,10.0,9.0,1.0,0.9,0.1,0.100000024,0.015473888,0.0015473888,0,0,0,1,1
35970,-1,0,11.312408,0.9999877,1,1,unassigned,3.0,3.0,0.0,1.0,0.0,0.0,0.001934236,0.0,0,0,0,1,1
35971,-1,0,2.2754571,0.9068239,1,1,unassigned,21.0,15.0,6.0,0.71428573,0.2857143,0.28571427,0.036750484,0.010500139,0,0,0,1,1
35972,-1,0,0.7907668,0.687996,1,1,unassigned,36.0,34.0,2.0,0.9444444,0.055555556,0.055555582,0.065764025,0.003653557,0,0,0,1,0
35973,-1,0,-0.10898733,0.47278014,0,1,unassigned,2.0,2.0,0.0,1.0,0.0,0.0,0.0,0.0,0,0,0,0,0
35974,-1,0,-0.27477756,0.43173456,0,1,unassigned,25.0,25.0,0.0,1.0,0.0,0.0,0.044487428,0.0,0,0,0,0,0
35975,1,0,3.64026,0.97442573,1,0,unassigned,2.0,2.0,0.0,1.0,0.0,0.0,0.0,0.0,0,0,1,1,1
35976,-1,0,0.045895755,0.5114719,1,1,unassigned,23.0,23.0,0.0,1.0,0.0,0.0,0.040618956,0.0,0,0,0,1,0
35977,-1,1,-0.4364305,0.39259183,0,1,unassigned,14.0,14.0,0.0,1.0,0.0,0.0,0.023210831,0.0,1,0,0,0,0
35978,-1,1,-0.25811478,0.43582717,0,1,unassigned,32.0,32.0,0.0,1.0,0.0,0.0,0.058027077,0.0,1,0,0,0,0
35979,-1,0,2.0179045,0.88266414,1,1,unassigned,4.0,3.0,1.0,0.75,0.25,0.25,0.003868472,0.000967118,0,0,0,1,0
35980,-1,0,5.9030604,0.99727637,1,1,unassigned,2.0,2.0,0.0,1.0,0.0,0.0,0.0,0.0,0,0,0,1,1
35981,-1,0,4.957336,0.99301744,1,1,unassigned,4.0,4.0,0.0,1.0,0.0,0.0,0.003868472,0.0,0,0,0,1,1
35982,-1,1,11.939827,0.99999344,1,1,unassigned,3.0,3.0,0.0,1.0,0.0,0.0,0.001934236,0.0,1,0,0,1,1
35983,1,0,0.2186467,0.55444497,1,0,val,5.0,3.0,2.0,0.6,0.4,0.39999998,0.0058027077,0.002321083,0,0,1,1,0
35984,0,0,-0.28876278,0.4283068,0,0,unassigned,4.0,4.0,0.0,1.0,0.0,0.0,0.003868472,0.0,0,0,1,0,0
35985,-1,0,2.1321275,0.8939868,1,1,unassigned,2.0,2.0,0.0,1.0,0.0,0.0,0.0,0.0,0,0,0,1,0
35986,-1,0,4.9287047,0.9928161,1,1,unassigned,9.0,9.0,0.0,1.0,0.0,0.0,0.013539651,0.0,0,0,0,1,1
35987,1,1,5.405227,0.9955271,1,0,val,12.0,5.0,7.0,0.41666666,0.5833333,0.5833334,0.01934236,0.011283043,1,0,1,1,1
35988,-1,0,2.2868276,0.9077802,1,1,unassigned,10.0,10.0,0.0,1.0,0.0,0.0,0.015473888,0.0,0,0,0,1,1
35989,1,0,1.1939363,0.7674444,1,0,val,5.0,3.0,2.0,0.6,0.4,0.39999998,0.0058027077,0.002321083,0,0,1,1,0
35990,-1,0,1.8393881,0.86287636,1,1,unassigned,2.0,2.0,0.0,1.0,0.0,0.0,0.0,0.0,0,0,0,1,0
35991,-1,0,0.48350817,0.61857593,1,1,unassigned,2.0,2.0,0.0,1.0,0.0,0.0,0.0,0.0,0,0,0,1,0
35992,-1,0,2.056434,0.8865961,1,1,unassigned,4.0,4.0,0.0,1.0,0.0,0.0,0.003868472,0.0,0,0,0,1,0
35993,-1,1,2.191275,0.89946324,1,1,unassigned,2.0,2.0,0.0,1.0,0.0,0.0,0.0,0.0,1,0,0,1,0
35994,-1,0,1.6983762,0.84532255,1,1,unassigned,4.0,4.0,0.0,1.0,0.0,0.0,0.003868472,0.0,0,0,0,1,0
35995,-1,0,0.28819495,0.5715542,1,1,unassigned,9.0,4.0,5.0,0.44444445,0.5555556,0.5555556,0.013539651,0.007522029,0,0,0,1,0
35996,-1,1,0.29798144,0.57394904,1,1,unassigned,8.0,8.0,0.0,1.0,0.0,0.0,0.0116054155,0.0,1,0,0,1,0
35997,-1,0,5.9272323,0.9973412,1,1,unassigned,2.0,2.0,0.0,1.0,0.0,0.0,0.0,0.0,0,0,0,1,1
35998,-1,1,4.879559,0.99245703,1,1,unassigned,4.0,4.0,0.0,1.0,0.0,0.0,0.003868472,0.0,1,0,0,1,1
35999,-1,1,0.97272354,0.72566205,1,1,unassigned,42.0,42.0,0.0,1.0,0.0,0.0,0.07736944,0.0,1,0,0,1,0
36000,-1,0,-0.3186307,0.4210095,0,1,unassigned,44.0,43.0,1.0,0.97727275,0.022727273,0.022727251,0.08123791,0.0018463163,0,0,0,0,0
36001,1,0,0.94131094,0.7193644,1,0,val,3.0,3.0,0.0,1.0,0.0,0.0,0.001934236,0.0,0,0,1,1,0
36002,-1,0,0.021908939,0.505477,1,1,unassigned,8.0,8.0,0.0,1.0,0.0,0.0,0.0116054155,0.0,0,0,0,1,0
36003,-1,0,-0.09261438,0.4768629,0,1,unassigned,59.0,59.0,0.0,1.0,0.0,0.0,0.11025145,0.0,0,0,0,0,0
36004,-1,0,5.5018344,0.99593735,1,1,unassigned,9.0,8.0,1.0,0.8888889,0.11111111,0.111111104,0.013539651,0.0015044058,0,0,0,1,1
36005,-1,0,0.80175716,0.69035023,1,1,unassigned,10.0,9.0,1.0,0.9,0.1,0.100000024,0.015473888,0.0015473888,0,0,0,1,0
36006,-1,1,-0.681317,0.33596742,0,1,unassigned,63.0,63.0,0.0,1.0,0.0,0.0,0.11798839,0.0,1,0,0,0,0
36007,-1,1,-0.5239299,0.37193376,0,1,unassigned,12.0,10.0,2.0,0.8333333,0.16666667,0.16666669,0.01934236,0.0032237265,1,0,0,0,0
36008,-1,0,-0.29374322,0.4270877,0,1,unassigned,23.0,23.0,0.0,1.0,0.0,0.0,0.040618956,0.0,0,0,0,0,0
36009,-1,1,4.401762,0.9878927,1,1,unassigned,42.0,17.0,25.0,0.4047619,0.5952381,0.5952381,0.07736944,0.046053234,1,0,0,1,1
36010,-1,1,0.49807185,0.6220061,1,1,unassigned,4.0,4.0,0.0,1.0,0.0,0.0,0.003868472,0.0,1,0,0,1,0
36011,-1,0,-0.7285094,0.32552192,0,1,unassigned,57.0,56.0,1.0,0.98245615,0.01754386,0.017543852,0.10638298,0.0018663681,0,0,0,0,0
36012,1,1,0.0078882575,0.5019721,1,0,unassigned,9.0,9.0,0.0,1.0,0.0,0.0,0.013539651,0.0,1,0,1,1,0
36013,-1,0,0.5784188,0.6407035,1,1,unassigned,7.0,7.0,0.0,1.0,0.0,0.0,0.00967118,0.0,0,0,0,1,0
36014,-1,0,1.2546265,0.7780997,1,1,unassigned,16.0,16.0,0.0,1.0,0.0,0.0,0.027079303,0.0,0,0,0,1,0
36015,-1,1,-0.9281005,0.28331023,0,1,unassigned,49.0,48.0,1.0,0.97959185,0.020408163,0.020408154,0.09090909,0.0018552876,1,0,0,0,0
36016,-1,0,3.4543393,0.96936023,1,1,unassigned,8.0,6.0,2.0,0.75,0.25,0.25,0.0116054155,0.0029013539,0,0,0,1,1
36017,-1,0,0.8744975,0.70568067,1,1,unassigned,21.0,21.0,0.0,1.0,0.0,0.0,0.036750484,0.0,0,0,0,1,0
36018,-1,1,-0.64235413,0.34471458,0,1,unassigned,36.0,36.0,0.0,1.0,0.0,0.0,0.065764025,0.0,1,0,0,0,0
36019,-1,0,-0.4487161,0.38966608,0,1,unassigned,35.0,35.0,0.0,1.0,0.0,0.0,0.06382979,0.0,0,0,0,0,0
36020,-1,0,-0.7823715,0.31380898,0,1,unassigned,38.0,38.0,0.0,1.0,0.0,0.0,0.06963249,0.0,0,0,0,0,0
36021,-1,1,-0.35794392,0.41145733,0,1,unassigned,82.0,82.0,0.0,1.0,0.0,0.0,0.15473887,0.0,1,0,0,0,0
36022,-1,1,5.462565,0.9957753,1,1,unassigned,24.0,23.0,1.0,0.9583333,0.041666668,0.041666687,0.04255319,0.0017730496,1,0,0,1,1
36023,-1,1,2.2050285,0.90070015,1,1,unassigned,5.0,5.0,0.0,1.0,0.0,0.0,0.0058027077,0.0,1,0,0,1,1
36024,0,0,0.11505735,0.52873266,1,1,unassigned,26.0,24.0,2.0,0.9230769,0.07692308,0.07692307,0.046421662,0.0035708973,0,0,0,1,0
36025,-1,1,3.6171973,0.97384465,1,1,unassigned,8.0,8.0,0.0,1.0,0.0,0.0,0.0116054155,0.0,1,0,0,1,1
36026,-1,1,3.4359305,0.96880877,1,1,unassigned,5.0,5.0,0.0,1.0,0.0,0.0,0.0058027077,0.0,1,0,0,1,1
36027,-1,0,2.91557,0.9486108,1,1,unassigned,3.0,3.0,0.0,1.0,0.0,0.0,0.001934236,0.0,0,0,0,1,1
36028,-1,0,-0.3380496,0.41628334,0,1,unassigned,8.0,8.0,0.0,1.0,0.0,0.0,0.0116054155,0.0,0,0,0,0,0
36029,1,0,3.2326343,0.9620441,1,0,val,21.0,21.0,0.0,1.0,0.0,0.0,0.036750484,0.0,0,0,1,1,1
36030,-1,0,0.7151304,0.67153376,1,1,unassigned,23.0,23.0,0.0,1.0,0.0,0.0,0.040618956,0.0,0,0,0,1,0
36031,-1,0,0.7714805,0.68384105,1,1,unassigned,41.0,41.0,0.0,1.0,0.0,0.0,0.07543521,0.0,0,0,0,1,0
36032,-1,0,-0.4744932,0.3835533,0,1,unassigned,8.0,8.0,0.0,1.0,0.0,0.0,0.0116054155,0.0,0,0,0,0,0
36033,-1,1,-0.63272643,0.3468926,0,1,unassigned,47.0,41.0,6.0,0.87234044,0.12765957,0.12765956,0.08704062,0.011111569,1,0,0,0,0
36034,-1,0,-0.405897,0.39989635,0,1,unassigned,36.0,36.0,0.0,1.0,0.0,0.0,0.065764025,0.0,0,0,0,0,0
36035,-1,0,2.153427,0.8959886,1,1,unassigned,10.0,1.0,9.0,0.1,0.9,0.9,0.015473888,0.0139264995,0,0,0,1,0
36036,-1,0,4.39984,0.9878697,1,1,unassigned,17.0,17.0,0.0,1.0,0.0,0.0,0.029013539,0.0,0,0,0,1,1
36037,-1,0,1.3004818,0.7859161,1,1,unassigned,4.0,3.0,1.0,0.75,0.25,0.25,0.003868472,0.000967118,0,0,0,1,0
36038,-1,1,0.30522835,0.5757201,1,1,unassigned,27.0,27.0,0.0,1.0,0.0,0.0,0.0483559,0.0,1,0,0,1,0
36039,-1,0,0.33194357,0.5822322,1,1,unassigned,6.0,4.0,2.0,0.6666667,0.33333334,0.3333333,0.007736944,0.0025789815,0,0,0,1,0
36040,1,0,-0.39939934,0.40145665,0,1,val,35.0,35.0,0.0,1.0,0.0,0.0,0.06382979,0.0,0,0,0,0,0
36041,-1,1,3.8138068,0.97841233,1,1,unassigned,5.0,3.0,2.0,0.6,0.4,0.39999998,0.0058027077,0.002321083,1,0,0,1,1
36042,-1,1,0.91621464,0.71427023,1,1,unassigned,2.0,2.0,0.0,1.0,0.0,0.0,0.0,0.0,1,0,0,1,0
36043,-1,0,16.541111,0.9999999,1,1,unassigned,2.0,2.0,0.0,1.0,0.0,0.0,0.0,0.0,0,0,0,1,1
36044,-1,0,8.538321,0.9998042,1,1,unassigned,2.0,1.0,1.0,0.5,0.5,0.5,0.0,0.0,0,0,0,1,1
36045,-1,1,-0.7547134,0.31979513,0,1,unassigned,10.0,10.0,0.0,1.0,0.0,0.0,0.015473888,0.0,1,0,0,0,0
36046,-1,0,0.117166996,0.52925825,1,1,unassigned,2.0,2.0,0.0,1.0,0.0,0.0,0.0,0.0,0,0,0,1,0
36047,-1,1,-0.39520633,0.4024646,0,1,unassigned,3.0,3.0,0.0,1.0,0.0,0.0,0.001934236,0.0,1,0,0,0,0
36048,-1,0,1.4645145,0.8122222,1,1,unassigned,4.0,2.0,2.0,0.5,0.5,0.5,0.003868472,0.001934236,0,0,0,1,0
36049,-1,0,-0.68261904,0.335677,0,1,unassigned,22.0,22.0,0.0,1.0,0.0,0.0,0.03868472,0.0,0,0,0,0,0
36050,-1,1,-0.18655717,0.45349553,0,1,unassigned,9.0,9.0,0.0,1.0,0.0,0.0,0.013539651,0.0,1,0,0,0,0
36051,-1,0,3.3928506,0.96748036,1,1,unassigned,7.0,7.0,0.0,1.0,0.0,0.0,0.00967118,0.0,0,0,0,1,1
36052,-1,0,0.31698102,0.5785883,1,1,unassigned,2.0,1.0,1.0,0.5,0.5,0.5,0.0,0.0,0,0,0,1,0
36053,-1,0,2.3152244,0.9101301,1,1,unassigned,15.0,13.0,2.0,0.8666667,0.13333334,0.13333333,0.025145067,0.0033526758,0,0,0,1,1
36054,-1,0,3.5019114,0.97074217,1,1,unassigned,11.0,8.0,3.0,0.72727275,0.27272728,0.27272725,0.017408123,0.00474767,0,0,0,1,1
36055,-1,0,8.369049,0.9997681,1,1,unassigned,13.0,13.0,0.0,1.0,0.0,0.0,0.021276595,0.0,0,0,0,1,1
36056,-1,0,-0.57262117,0.36063224,0,1,unassigned,120.0,118.0,2.0,0.98333335,0.016666668,0.01666665,0.22823985,0.0038039978,0,0,0,0,0
36057,-1,1,0.6171486,0.64956975,1,1,unassigned,5.0,5.0,0.0,1.0,0.0,0.0,0.0058027077,0.0,1,0,0,1,0
36058,-1,1,2.6369238,0.9332005,1,1,unassigned,3.0,2.0,1.0,0.6666667,0.33333334,0.3333333,0.001934236,0.00064474536,1,0,0,1,1
36059,-1,1,6.474268,0.9984598,1,1,unassigned,6.0,6.0,0.0,1.0,0.0,0.0,0.007736944,0.0,1,0,0,1,1
36060,1,0,0.6894339,0.665841,1,0,unassigned,33.0,29.0,4.0,0.8787879,0.121212125,0.121212125,0.059961315,0.0072680386,0,0,1,1,0
36061,-1,0,2.2659562,0.906018,1,1,unassigned,2.0,2.0,0.0,1.0,0.0,0.0,0.0,0.0,0,0,0,1,1
36062,-1,0,0.6798716,0.66371006,1,1,unassigned,3.0,3.0,0.0,1.0,0.0,0.0,0.001934236,0.0,0,0,0,1,0
36063,-1,0,-0.6276465,0.3480444,0,1,unassigned,36.0,36.0,0.0,1.0,0.0,0.0,0.065764025,0.0,0,0,0,0,0
36064,-1,0,-0.6528625,0.34234476,0,1,unassigned,5.0,3.0,2.0,0.6,0.4,0.39999998,0.0058027077,0.002321083,0,0,0,0,0
36065,-1,0,8.435254,0.999783,1,1,unassigned,10.0,7.0,3.0,0.7,0.3,0.3,0.015473888,0.0046421667,0,0,0,1,1
36066,-1,1,0.043486774,0.51087,1,1,unassigned,10.0,10.0,0.0,1.0,0.0,0.0,0.015473888,0.0,1,0,0,1,0
36067,-1,0,0.07893258,0.5197229,1,1,unassigned,38.0,38.0,0.0,1.0,0.0,0.0,0.06963249,0.0,0,0,0,1,0
36068,-1,0,3.1285064,0.95805335,1,1,unassigned,2.0,2.0,0.0,1.0,0.0,0.0,0.0,0.0,0,0,0,1,1
36069,-1,0,1.5655205,0.827144,1,1,unassigned,2.0,2.0,0.0,1.0,0.0,0.0,0.0,0.0,0,0,0,1,0
36070,-1,0,2.386329,0.9157789,1,1,unassigned,2.0,2.0,0.0,1.0,0.0,0.0,0.0,0.0,0,0,0,1,1
36071,-1,0,9.399143,0.99991715,1,1,unassigned,8.0,6.0,2.0,0.75,0.25,0.25,0.0116054155,0.0029013539,0,0,0,1,1
36072,-1,0,2.260225,0.9055289,1,1,unassigned,2.0,2.0,0.0,1.0,0.0,0.0,0.0,0.0,0,0,0,1,1
36073,0,0,0.09482139,0.5236876,1,1,unassigned,22.0,22.0,0.0,1.0,0.0,0.0,0.03868472,0.0,0,0,0,1,0
36074,-1,0,3.9016497,0.9801917,1,1,unassigned,3.0,3.0,0.0,1.0,0.0,0.0,0.001934236,0.0,0,0,0,1,1
36075,-1,1,0.76813656,0.6831176,1,1,unassigned,2.0,2.0,0.0,1.0,0.0,0.0,0.0,0.0,1,0,0,1,0
36076,-1,0,1.5802846,0.8292448,1,1,unassigned,3.0,3.0,0.0,1.0,0.0,0.0,0.001934236,0.0,0,0,0,1,0
36077,-1,1,1.9495637,0.87539905,1,1,unassigned,10.0,9.0,1.0,0.9,0.1,0.100000024,0.015473888,0.0015473888,1,0,0,1,0
36078,-1,0,-0.5555657,0.3645741,0,1,unassigned,5.0,4.0,1.0,0.8,0.2,0.19999999,0.0058027077,0.0011605415,0,0,0,0,0
36079,-1,1,8.982884,0.9998745,1,1,unassigned,6.0,4.0,2.0,0.6666667,0.33333334,0.3333333,0.007736944,0.0025789815,1,0,0,1,1
36080,-1,1,5.688704,0.9966274,1,1,unassigned,9.0,8.0,1.0,0.8888889,0.11111111,0.111111104,0.013539651,0.0015044058,1,0,0,1,1
36081,-1,1,4.676231,0.9907719,1,1,unassigned,6.0,4.0,2.0,0.6666667,0.33333334,0.3333333,0.007736944,0.0025789815,1,0,0,1,1
36082,-1,0,-0.68223184,0.33576334,0,1,unassigned,44.0,44.0,0.0,1.0,0.0,0.0,0.08123791,0.0,0,0,0,0,0
36083,-1,0,8.086084,0.9996923,1,1,unassigned,10.0,9.0,1.0,0.9,0.1,0.100000024,0.015473888,0.0015473888,0,0,0,1,1
36084,1,1,6.523331,0.99853337,1,0,unassigned,19.0,13.0,6.0,0.68421054,0.31578946,0.31578946,0.032882012,0.010383793,1,0,1,1,1
36085,-1,1,-0.3687303,0.40884787,0,1,unassigned,2.0,1.0,1.0,0.5,0.5,0.5,0.0,0.0,1,0,0,0,0
36086,-1,1,2.2333496,0.90320456,1,1,unassigned,2.0,2.0,0.0,1.0,0.0,0.0,0.0,0.0,1,0,0,1,1
36087,-1,1,5.5340915,0.9960658,1,1,unassigned,2.0,2.0,0.0,1.0,0.0,0.0,0.0,0.0,1,0,0,1,1
36088,-1,0,-0.12561873,0.46863657,0,1,unassigned,19.0,19.0,0.0,1.0,0.0,0.0,0.032882012,0.0,0,0,0,0,0
36089,-1,0,-0.15157712,0.46217808,0,1,unassigned,14.0,14.0,0.0,1.0,0.0,0.0,0.023210831,0.0,0,0,0,0,0
36090,-1,1,4.04186,0.98273844,1,1,unassigned,27.0,26.0,1.0,0.962963,0.037037037,0.037037015,0.0483559,0.0017909593,1,0,0,1,1
36091,-1,1,-0.4650409,0.38579068,0,1,unassigned,23.0,23.0,0.0,1.0,0.0,0.0,0.040618956,0.0,1,0,0,0,0
36092,-1,1,3.9582694,0.9812617,1,1,unassigned,4.0,4.0,0.0,1.0,0.0,0.0,0.003868472,0.0,1,0,0,1,1
36093,-1,0,8.957005,0.99987113,1,1,unassigned,8.0,7.0,1.0,0.875,0.125,0.125,0.0116054155,0.0014506769,0,0,0,1,1
36094,-1,1,7.575566,0.9994874,1,1,unassigned,23.0,19.0,4.0,0.82608694,0.17391305,0.17391306,0.040618956,0.0070641665,1,0,0,1,1
36095,-1,0,12.074255,0.9999943,1,1,unassigned,6.0,5.0,1.0,0.8333333,0.16666667,0.16666669,0.007736944,0.0012894907,0,0,0,1,1
36096,-1,1,2.5251093,0.9258835,1,1,unassigned,3.0,1.0,2.0,0.33333334,0.6666667,0.6666666,0.001934236,0.0012894907,1,0,0,1,1
36097,-1,0,2.3896723,0.9160364,1,1,unassigned,29.0,29.0,0.0,1.0,0.0,0.0,0.05222437,0.0,0,0,0,1,1
36098,-1,0,8.769318,0.99984455,1,1,unassigned,2.0,2.0,0.0,1.0,0.0,0.0,0.0,0.0,0,0,0,1,1
36099,-1,0,7.5862107,0.9994929,1,1,unassigned,12.0,12.0,0.0,1.0,0.0,0.0,0.01934236,0.0,0,0,0,1,1
36100,-1,0,6.4329743,0.9983949,1,1,unassigned,3.0,3.0,0.0,1.0,0.0,0.0,0.001934236,0.0,0,0,0,1,1
36101,-1,1,5.5472975,0.9961171,1,1,unassigned,6.0,4.0,2.0,0.6666667,0.33333334,0.3333333,0.007736944,0.0025789815,1,0,0,1,1
36102,0,0,0.8298574,0.69632477,1,1,test,55.0,53.0,2.0,0.96363634,0.036363635,0.03636366,0.102514505,0.0037278,0,0,0,1,0
36103,-1,0,5.6962943,0.9966529,1,1,unassigned,24.0,23.0,1.0,0.9583333,0.041666668,0.041666687,0.04255319,0.0017730496,0,0,0,1,1
36104,-1,0,2.2416523,0.9039281,1,1,unassigned,2.0,2.0,0.0,1.0,0.0,0.0,0.0,0.0,0,0,0,1,1
36105,-1,0,-0.21861744,0.44556227,0,1,unassigned,8.0,8.0,0.0,1.0,0.0,0.0,0.0116054155,0.0,0,0,0,0,0
36106,0,0,-0.45942727,0.38712168,0,0,unassigned,11.0,9.0,2.0,0.8181818,0.18181819,0.18181819,0.017408123,0.0031651135,0,0,1,0,0
36107,-1,0,0.08134651,0.5203254,1,1,unassigned,9.0,9.0,0.0,1.0,0.0,0.0,0.013539651,0.0,0,0,0,1,0
36108,1,0,0.004707277,0.50117683,1,0,test,11.0,11.0,0.0,1.0,0.0,0.0,0.017408123,0.0,0,0,1,1,0
36109,-1,0,-0.19739732,0.4508103,0,1,unassigned,13.0,13.0,0.0,1.0,0.0,0.0,0.021276595,0.0,0,0,0,0,0
36110,-1,0,-0.15415925,0.46153635,0,1,unassigned,5.0,5.0,0.0,1.0,0.0,0.0,0.0058027077,0.0,0,0,0,0,0
36111,1,1,-0.001321733,0.49966952,0,1,val,3.0,3.0,0.0,1.0,0.0,0.0,0.001934236,0.0,1,0,0,0,0
36112,-1,1,5.5905423,0.99628085,1,1,unassigned,6.0,4.0,2.0,0.6666667,0.33333334,0.3333333,0.007736944,0.0025789815,1,0,0,1,1
36113,-1,1,6.5529943,0.99857616,1,1,unassigned,6.0,5.0,1.0,0.8333333,0.16666667,0.16666669,0.007736944,0.0012894907,1,0,0,1,1
36114,-1,0,0.6161179,0.6493351,1,1,unassigned,4.0,4.0,0.0,1.0,0.0,0.0,0.003868472,0.0,0,0,0,1,0
36115,-1,0,5.842589,0.9971071,1,1,unassigned,39.0,35.0,4.0,0.8974359,0.102564104,0.1025641,0.07156673,0.0073401774,0,0,0,1,1
36116,-1,1,5.0568995,0.99367493,1,1,unassigned,4.0,2.0,2.0,0.5,0.5,0.5,0.003868472,0.001934236,1,0,0,1,1
36117,-1,0,-0.5384055,0.3685586,0,1,unassigned,38.0,37.0,1.0,0.9736842,0.02631579,0.026315808,0.06963249,0.0018324341,0,0,0,0,0
36118,-1,0,0.615542,0.64920396,1,1,unassigned,3.0,3.0,0.0,1.0,0.0,0.0,0.001934236,0.0,0,0,0,1,0
36119,-1,1,4.979915,0.9931722,1,1,unassigned,4.0,2.0,2.0,0.5,0.5,0.5,0.003868472,0.001934236,1,0,0,1,1
36120,-1,1,4.566474,0.98971236,1,1,unassigned,13.0,10.0,3.0,0.7692308,0.23076923,0.23076922,0.021276595,0.0049099834,1,0,0,1,1
36121,-1,0,1.7775116,0.8553893,1,1,unassigned,12.0,10.0,2.0,0.8333333,0.16666667,0.16666669,0.01934236,0.0032237265,0,0,0,1,0
36122,-1,1,-0.47542942,0.38333198,0,1,unassigned,10.0,7.0,3.0,0.7,0.3,0.3,0.015473888,0.0046421667,1,0,0,0,0
36123,0,0,-0.98153865,0.27258658,0,0,test,3.0,3.0,0.0,1.0,0.0,0.0,0.001934236,0.0,0,0,1,0,0
36124,-1,0,-0.79234886,0.31166455,0,1,unassigned,26.0,26.0,0.0,1.0,0.0,0.0,0.046421662,0.0,0,0,0,0,0
36125,-1,1,1.2498395,0.7772721,1,1,unassigned,54.0,47.0,7.0,0.8703704,0.12962963,0.12962961,0.10058027,0.013038183,1,0,0,1,0
36126,-1,0,-0.43739188,0.39236262,0,1,unassigned,27.0,26.0,1.0,0.962963,0.037037037,0.037037015,0.0483559,0.0017909593,0,0,0,0,0
36127,-1,0,0.81942564,0.6941144,1,1,unassigned,4.0,3.0,1.0,0.75,0.25,0.25,0.003868472,0.000967118,0,0,0,1,0
36128,0,0,-0.7698819,0.31650463,0,0,train,34.0,34.0,0.0,1.0,0.0,0.0,0.061895553,0.0,0,0,1,0,0
36129,0,0,-0.29337317,0.42717826,0,0,test,13.0,13.0,0.0,1.0,0.0,0.0,0.021276595,0.0,0,0,1,0,0
36130,-1,1,0.92883855,0.71683955,1,1,unassigned,111.0,93.0,18.0,0.8378378,0.16216215,0.16216218,0.21083172,0.034188926,1,0,0,1,0
36131,-1,0,0.011545956,0.5028865,1,1,unassigned,10.0,10.0,0.0,1.0,0.0,0.0,0.015473888,0.0,0,0,0,1,0
36132,1,1,3.0751383,0.9558555,1,0,unassigned,5.0,5.0,0.0,1.0,0.0,0.0,0.0058027077,0.0,1,0,1,1,1
36133,-1,0,4.743995,0.9913713,1,1,unassigned,6.0,6.0,0.0,1.0,0.0,0.0,0.007736944,0.0,0,0,0,1,1
36134,0,0,0.53707653,0.6311321,1,1,unassigned,5.0,5.0,0.0,1.0,0.0,0.0,0.0058027077,0.0,0,0,0,1,0
36135,-1,1,-0.54750824,0.3664427,0,1,unassigned,8.0,8.0,0.0,1.0,0.0,0.0,0.0116054155,0.0,1,0,0,0,0
36136,-1,1,1.4605865,0.8116223,1,1,unassigned,2.0,1.0,1.0,0.5,0.5,0.5,0.0,0.0,1,0,0,1,0
36137,1,0,-0.92104876,0.28474423,0,1,unassigned,2.0,2.0,0.0,1.0,0.0,0.0,0.0,0.0,0,0,0,0,0
36138,-1,0,1.3765197,0.79843146,1,1,unassigned,2.0,1.0,1.0,0.5,0.5,0.5,0.0,0.0,0,0,0,1,0
36139,1,0,3.3642778,0.96656924,1,0,val,28.0,26.0,2.0,0.9285714,0.071428575,0.0714286,0.050290134,0.0035921526,0,0,1,1,1
36140,-1,0,4.9682927,0.993093,1,1,unassigned,16.0,16.0,0.0,1.0,0.0,0.0,0.027079303,0.0,0,0,0,1,1
36141,0,0,-0.7052467,0.33065,0,0,unassigned,9.0,9.0,0.0,1.0,0.0,0.0,0.013539651,0.0,0,0,1,0,0
36142,-1,1,0.9011186,0.7111793,1,1,unassigned,8.0,8.0,0.0,1.0,0.0,0.0,0.0116054155,0.0,1,0,0,1,0
36143,-1,0,0.82556576,0.6954165,1,1,unassigned,45.0,45.0,0.0,1.0,0.0,0.0,0.08317215,0.0,0,0,0,1,0
36144,-1,1,3.0204527,0.9534896,1,1,unassigned,10.0,7.0,3.0,0.7,0.3,0.3,0.015473888,0.0046421667,1,0,0,1,1
36145,-1,1,1.0882974,0.74806094,1,1,unassigned,2.0,2.0,0.0,1.0,0.0,0.0,0.0,0.0,1,0,0,1,0
36146,-1,0,6.9559836,0.99904794,1,1,unassigned,6.0,5.0,1.0,0.8333333,0.16666667,0.16666669,0.007736944,0.0012894907,0,0,0,1,1
36147,1,1,3.3949134,0.96754515,1,0,unassigned,7.0,7.0,0.0,1.0,0.0,0.0,0.00967118,0.0,1,0,1,1,1
36148,-1,1,0.8078616,0.69165367,1,1,unassigned,9.0,9.0,0.0,1.0,0.0,0.0,0.013539651,0.0,1,0,0,1,0
36149,-1,0,-0.4083148,0.39931628,0,1,unassigned,21.0,19.0,2.0,0.9047619,0.0952381,0.09523809,0.036750484,0.0035000462,0,0,0,0,0
36150,-1,0,-0.3678937,0.4090501,0,1,unassigned,12.0,12.0,0.0,1.0,0.0,0.0,0.01934236,0.0,0,0,0,0,0
36151,-1,0,-0.03055358,0.4923622,0,1,unassigned,2.0,2.0,0.0,1.0,0.0,0.0,0.0,0.0,0,0,0,0,0
36152,-1,0,-0.25256053,0.4371934,0,1,unassigned,80.0,77.0,3.0,0.9625,0.0375,0.037500024,0.15087041,0.0056576408,0,0,0,0,0
36153,-1,0,3.6512444,0.974698,1,1,unassigned,26.0,26.0,0.0,1.0,0.0,0.0,0.046421662,0.0,0,0,0,1,1
36154,-1,0,3.2404177,0.9623273,1,1,unassigned,3.0,3.0,0.0,1.0,0.0,0.0,0.001934236,0.0,0,0,0,1,1
36155,1,0,1.8961523,0.8694554,1,0,val,9.0,9.0,0.0,1.0,0.0,0.0,0.013539651,0.0,0,0,1,1,0
36156,-1,1,4.355288,0.987324,1,1,unassigned,14.0,13.0,1.0,0.9285714,0.071428575,0.0714286,0.023210831,0.0016579166,1,0,0,1,1
36157,-1,1,7.748032,0.99956864,1,1,unassigned,20.0,13.0,7.0,0.65,0.35,0.35000002,0.034816246,0.012185686,1,0,0,1,1
36158,1,0,-0.30509028,0.4243136,0,1,unassigned,19.0,19.0,0.0,1.0,0.0,0.0,0.032882012,0.0,0,0,0,0,0
36159,-1,1,4.755453,0.9914688,1,1,unassigned,21.0,18.0,3.0,0.85714287,0.14285715,0.14285713,0.036750484,0.0052500693,1,0,0,1,1
36160,-1,1,1.8780291,0.86738455,1,1,unassigned,12.0,12.0,0.0,1.0,0.0,0.0,0.01934236,0.0,1,0,0,1,0
36161,1,1,8.245386,0.99973756,1,0,unassigned,11.0,5.0,6.0,0.45454547,0.54545456,0.5454545,0.017408123,0.00949534,1,0,1,1,1
36162,-1,0,5.3985047,0.995497,1,1,unassigned,3.0,3.0,0.0,1.0,0.0,0.0,0.001934236,0.0,0,0,0,1,1
36163,-1,0,3.0794604,0.9560375,1,1,unassigned,2.0,2.0,0.0,1.0,0.0,0.0,0.0,0.0,0,0,0,1,1
36164,-1,1,1.3095429,0.7874366,1,1,unassigned,7.0,4.0,3.0,0.5714286,0.42857143,0.4285714,0.00967118,0.0041447915,1,0,0,1,0
36165,-1,1,-0.24171108,0.43986475,0,1,unassigned,6.0,6.0,0.0,1.0,0.0,0.0,0.007736944,0.0,1,0,0,0,0
36166,-1,0,5.95696,0.9974189,1,1,unassigned,2.0,2.0,0.0,1.0,0.0,0.0,0.0,0.0,0,0,0,1,1
36167,-1,1,32.083313,1.0,1,1,unassigned,2.0,1.0,1.0,0.5,0.5,0.5,0.0,0.0,1,0,0,1,1
36168,-1,0,0.61199516,0.6483958,1,1,unassigned,28.0,28.0,0.0,1.0,0.0,0.0,0.050290134,0.0,0,0,0,1,0
36169,-1,1,-0.8241298,0.3048877,0,1,unassigned,2.0,2.0,0.0,1.0,0.0,0.0,0.0,0.0,1,0,0,0,0
36170,-1,1,2.4966276,0.9239051,1,1,unassigned,7.0,6.0,1.0,0.85714287,0.14285715,0.14285713,0.00967118,0.0013815971,1,0,0,1,1
36171,-1,0,1.3241892,0.7898778,1,1,unassigned,37.0,35.0,2.0,0.9459459,0.054054055,0.05405408,0.06769826,0.0036593657,0,0,0,1,0
36172,-1,1,0.07170254,0.517918,1,1,unassigned,2.0,1.0,1.0,0.5,0.5,0.5,0.0,0.0,1,0,0,1,0
36173,-1,1,0.38970459,0.59621155,1,1,unassigned,2.0,2.0,0.0,1.0,0.0,0.0,0.0,0.0,1,0,0,1,0
36174,-1,1,2.6117556,0.9316144,1,1,unassigned,8.0,8.0,0.0,1.0,0.0,0.0,0.0116054155,0.0,1,0,0,1,1
36175,1,1,8.041847,0.9996784,1,0,val,64.0,58.0,6.0,0.90625,0.09375,0.09375,0.11992263,0.011242746,1,0,1,1,1
36176,-1,1,5.572648,0.996214,1,1,unassigned,7.0,7.0,0.0,1.0,0.0,0.0,0.00967118,0.0,1,0,0,1,1
36177,-1,0,0.0017258525,0.5004315,1,1,unassigned,3.0,3.0,0.0,1.0,0.0,0.0,0.001934236,0.0,0,0,0,1,0
36178,-1,0,-0.9012811,0.2887873,0,1,unassigned,44.0,43.0,1.0,0.97727275,0.022727273,0.022727251,0.08123791,0.0018463163,0,0,0,0,0
36179,0,0,1.1325412,0.75630754,1,1,unassigned,17.0,15.0,2.0,0.88235295,0.11764706,0.11764705,0.029013539,0.0034133575,0,0,0,1,0
36180,-1,1,5.0006337,0.9933114,1,1,unassigned,19.0,18.0,1.0,0.94736844,0.05263158,0.052631557,0.032882012,0.0017306323,1,0,0,1,1
36181,-1,0,-0.6631457,0.34003332,0,1,unassigned,20.0,20.0,0.0,1.0,0.0,0.0,0.034816246,0.0,0,0,0,0,0
36182,-1,0,15.4902725,0.99999976,1,1,unassigned,12.0,11.0,1.0,0.9166667,0.083333336,0.08333331,0.01934236,0.0016118633,0,0,0,1,1
36183,1,0,5.8218465,0.99704665,1,0,val,5.0,5.0,0.0,1.0,0.0,0.0,0.0058027077,0.0,0,0,1,1,1
36184,0,0,-1.0176378,0.26548776,0,0,unassigned,14.0,13.0,1.0,0.9285714,0.071428575,0.0714286,0.023210831,0.0016579166,0,0,1,0,0
36185,-1,0,-0.9508391,0.2787161,0,1,unassigned,58.0,58.0,0.0,1.0,0.0,0.0,0.10831721,0.0,0,0,0,0,0
36186,1,0,3.953543,0.9811746,1,0,val,12.0,12.0,0.0,1.0,0.0,0.0,0.01934236,0.0,0,0,1,1,1
36187,-1,0,-0.7066974,0.330329,0,1,unassigned,26.0,25.0,1.0,0.96153843,0.03846154,0.038461566,0.046421662,0.0017854486,0,0,0,0,0
36188,-1,0,-0.5313302,0.37020668,0,1,unassigned,12.0,12.0,0.0,1.0,0.0,0.0,0.01934236,0.0,0,0,0,0,0
36189,-1,1,7.338665,0.9993505,1,1,unassigned,2.0,1.0,1.0,0.5,0.5,0.5,0.0,0.0,1,0,0,1,1
36190,-1,1,7.744929,0.9995672,1,1,unassigned,27.0,20.0,7.0,0.7407407,0.25925925,0.25925928,0.0483559,0.012536715,1,0,0,1,1
36191,-1,0,-0.71253693,0.32903853,0,1,unassigned,34.0,34.0,0.0,1.0,0.0,0.0,0.061895553,0.0,0,0,0,0,0
36192,-1,0,-0.9413817,0.28062135,0,1,unassigned,24.0,23.0,1.0,0.9583333,0.041666668,0.041666687,0.04255319,0.0017730496,0,0,0,0,0
36193,-1,1,-0.7791153,0.3145106,0,1,unassigned,2.0,2.0,0.0,1.0,0.0,0.0,0.0,0.0,1,0,0,0,0
36194,-1,1,-0.15146473,0.4622061,0,1,unassigned,22.0,21.0,1.0,0.95454544,0.045454547,0.04545456,0.03868472,0.0017583964,1,0,0,0,0
36195,-1,0,-0.81269485,0.30731654,0,1,unassigned,29.0,29.0,0.0,1.0,0.0,0.0,0.05222437,0.0,0,0,0,0,0
36196,-1,0,-0.9761592,0.27365455,0,1,unassigned,39.0,39.0,0.0,1.0,0.0,0.0,0.07156673,0.0,0,0,0,0,0
36197,-1,1,4.76899,0.9915826,1,1,unassigned,8.0,4.0,4.0,0.5,0.5,0.5,0.0116054155,0.0058027077,1,0,0,1,1
36198,-1,0,-0.2992836,0.4257326,0,1,unassigned,29.0,29.0,0.0,1.0,0.0,0.0,0.05222437,0.0,0,0,0,0,0
36199,-1,0,1.6876919,0.84392035,1,1,unassigned,4.0,3.0,1.0,0.75,0.25,0.25,0.003868472,0.000967118,0,0,0,1,0
36200,-1,0,4.9142404,0.99271226,1,1,unassigned,4.0,3.0,1.0,0.75,0.25,0.25,0.003868472,0.000967118,0,0,0,1,1
36201,-1,1,-0.7292195,0.32536605,0,1,unassigned,59.0,57.0,2.0,0.9661017,0.033898305,0.033898294,0.11025145,0.0037373372,1,0,0,0,0
36202,-1,0,0.69141537,0.6662817,1,1,unassigned,3.0,2.0,1.0,0.6666667,0.33333334,0.3333333,0.001934236,0.00064474536,0,0,0,1,0
36203,-1,0,-0.7212247,0.3271233,0,1,unassigned,39.0,39.0,0.0,1.0,0.0,0.0,0.07156673,0.0,0,0,0,0,0
36204,-1,0,2.9315126,0.94938236,1,1,unassigned,8.0,8.0,0.0,1.0,0.0,0.0,0.0116054155,0.0,0,0,0,1,1
36205,-1,0,-0.5871985,0.3572779,0,1,unassigned,4.0,4.0,0.0,1.0,0.0,0.0,0.003868472,0.0,0,0,0,0,0
36206,-1,0,2.2656372,0.90599084,1,1,unassigned,4.0,4.0,0.0,1.0,0.0,0.0,0.003868472,0.0,0,0,0,1,1
36207,-1,1,1.4236853,0.8059155,1,1,unassigned,6.0,6.0,0.0,1.0,0.0,0.0,0.007736944,0.0,1,0,0,1,0
36208,-1,1,1.4187555,0.80514324,1,1,unassigned,2.0,2.0,0.0,1.0,0.0,0.0,0.0,0.0,1,0,0,1,0
36209,0,1,-0.6781976,0.33666372,0,0,test,58.0,57.0,1.0,0.98275864,0.01724138,0.017241359,0.10831721,0.0018675381,1,0,1,0,0
36210,-1,1,1.996326,0.8804108,1,1,unassigned,49.0,49.0,0.0,1.0,0.0,0.0,0.09090909,0.0,1,0,0,1,0
36211,-1,1,2.685071,0.93614,1,1,unassigned,4.0,4.0,0.0,1.0,0.0,0.0,0.003868472,0.0,1,0,0,1,1
36212,0,1,1.6719956,0.8418417,1,1,unassigned,4.0,3.0,1.0,0.75,0.25,0.25,0.003868472,0.000967118,1,0,0,1,0
36213,-1,0,-0.65706277,0.34139973,0,1,unassigned,2.0,2.0,0.0,1.0,0.0,0.0,0.0,0.0,0,0,0,0,0
36214,-1,0,1.2615845,0.7792988,1,1,unassigned,10.0,10.0,0.0,1.0,0.0,0.0,0.015473888,0.0,0,0,0,1,0
36215,-1,0,2.4505706,0.92060316,1,1,unassigned,3.0,3.0,0.0,1.0,0.0,0.0,0.001934236,0.0,0,0,0,1,1
36216,-1,0,2.5111675,0.924921,1,1,unassigned,2.0,2.0,0.0,1.0,0.0,0.0,0.0,0.0,0,0,0,1,1
36217,-1,0,1.3530793,0.79463255,1,1,unassigned,8.0,7.0,1.0,0.875,0.125,0.125,0.0116054155,0.0014506769,0,0,0,1,0
36218,-1,0,0.99504024,0.73008233,1,1,unassigned,40.0,39.0,1.0,0.975,0.025,0.024999976,0.07350097,0.0018375242,0,0,0,1,0
36219,-1,0,0.20238066,0.5504232,1,1,unassigned,16.0,16.0,0.0,1.0,0.0,0.0,0.027079303,0.0,0,0,0,1,0
36220,-1,0,-0.5151522,0.3739865,0,1,unassigned,3.0,3.0,0.0,1.0,0.0,0.0,0.001934236,0.0,0,0,0,0,0
36221,-1,0,-0.40673077,0.3996963,0,1,unassigned,14.0,13.0,1.0,0.9285714,0.071428575,0.0714286,0.023210831,0.0016579166,0,0,0,0,0
36222,-1,1,-0.5855287,0.35766143,0,1,unassigned,65.0,64.0,1.0,0.9846154,0.015384615,0.0153846145,0.12185687,0.001874721,1,0,0,0,0
36223,-1,1,4.6510153,0.9905385,1,1,unassigned,18.0,16.0,2.0,0.8888889,0.11111111,0.111111104,0.030947777,0.0034386418,1,0,0,1,1
36224,-1,1,-0.28734958,0.42865285,0,1,unassigned,45.0,44.0,1.0,0.9777778,0.022222223,0.02222222,0.08317215,0.0018482701,1,0,0,0,0
36225,-1,1,0.9878002,0.7286532,1,1,unassigned,4.0,4.0,0.0,1.0,0.0,0.0,0.003868472,0.0,1,0,0,1,0
36226,-1,1,-0.40689445,0.399657,0,1,unassigned,3.0,3.0,0.0,1.0,0.0,0.0,0.001934236,0.0,1,0,0,0,0
36227,-1,0,0.16297138,0.5406529,1,1,unassigned,2.0,1.0,1.0,0.5,0.5,0.5,0.0,0.0,0,0,0,1,0
36228,-1,0,-0.19229597,0.45207363,0,1,unassigned,4.0,4.0,0.0,1.0,0.0,0.0,0.003868472,0.0,0,0,0,0,0
36229,0,0,-0.93251765,0.2824142,0,0,test,20.0,20.0,0.0,1.0,0.0,0.0,0.034816246,0.0,0,0,1,0,0
36230,-1,0,0.08523047,0.5212947,1,1,unassigned,26.0,24.0,2.0,0.9230769,0.07692308,0.07692307,0.046421662,0.0035708973,0,0,0,1,0
36231,0,0,-0.8617921,0.29696506,0,0,val,27.0,27.0,0.0,1.0,0.0,0.0,0.0483559,0.0,0,0,1,0,0
36232,-1,1,-0.3724119,0.40795836,0,1,unassigned,3.0,3.0,0.0,1.0,0.0,0.0,0.001934236,0.0,1,0,0,0,0
36233,-1,1,-0.16942027,0.45774594,0,1,unassigned,6.0,6.0,0.0,1.0,0.0,0.0,0.007736944,0.0,1,0,0,0,0
36234,-1,0,-0.8697295,0.2953106,0,1,unassigned,23.0,22.0,1.0,0.95652175,0.04347826,0.04347825,0.040618956,0.0017660416,0,0,0,0,0
36235,-1,0,-0.44748965,0.3899578,0,1,unassigned,80.0,80.0,0.0,1.0,0.0,0.0,0.15087041,0.0,0,0,0,0,0
36236,-1,0,-0.0117096305,0.49707264,0,1,unassigned,18.0,18.0,0.0,1.0,0.0,0.0,0.030947777,0.0,0,0,0,0,0
36237,-1,0,2.022898,0.8831804,1,1,unassigned,30.0,27.0,3.0,0.9,0.1,0.100000024,0.054158606,0.0054158606,0,0,0,1,0
36238,-1,0,2.4985986,0.9240435,1,1,unassigned,4.0,4.0,0.0,1.0,0.0,0.0,0.003868472,0.0,0,0,0,1,1
36239,-1,0,0.55826384,0.63605076,1,1,unassigned,45.0,45.0,0.0,1.0,0.0,0.0,0.08317215,0.0,0,0,0,1,0
36240,-1,0,0.45783716,0.61250097,1,1,unassigned,5.0,5.0,0.0,1.0,0.0,0.0,0.0058027077,0.0,0,0,0,1,0
36241,-1,0,0.133488,0.5333225,1,1,unassigned,28.0,27.0,1.0,0.96428573,0.035714287,0.03571427,0.050290134,0.0017960763,0,0,0,1,0
36242,-1,0,0.48100585,0.61798537,1,1,unassigned,9.0,8.0,1.0,0.8888889,0.11111111,0.111111104,0.013539651,0.0015044058,0,0,0,1,0
36243,-1,0,3.6768372,0.97532153,1,1,unassigned,6.0,6.0,0.0,1.0,0.0,0.0,0.007736944,0.0,0,0,0,1,1
36244,-1,1,9.481592,0.9999237,1,1,unassigned,2.0,2.0,0.0,1.0,0.0,0.0,0.0,0.0,1,0,0,1,1
36245,1,0,-0.4472224,0.39002138,0,1,val,19.0,19.0,0.0,1.0,0.0,0.0,0.032882012,0.0,0,0,0,0,0
36246,-1,0,0.17941004,0.5447326,1,1,unassigned,7.0,7.0,0.0,1.0,0.0,0.0,0.00967118,0.0,0,0,0,1,0
36247,-1,0,1.0100944,0.7330386,1,1,unassigned,2.0,2.0,0.0,1.0,0.0,0.0,0.0,0.0,0,0,0,1,0
36248,-1,1,-0.71984696,0.32742667,0,1,unassigned,58.0,56.0,2.0,0.9655172,0.03448276,0.034482777,0.10831721,0.0037350762,1,0,0,0,0
36249,-1,1,-0.54520226,0.36697823,0,1,unassigned,36.0,2.0,34.0,0.055555556,0.9444444,0.9444444,0.065764025,0.062110465,1,1,0,0,0
36250,-1,0,-0.43713856,0.39242297,0,1,unassigned,12.0,12.0,0.0,1.0,0.0,0.0,0.01934236,0.0,0,0,0,0,0
36251,-1,1,-0.7530453,0.3201581,0,1,unassigned,42.0,42.0,0.0,1.0,0.0,0.0,0.07736944,0.0,1,0,0,0,0
36252,-1,1,1.4122798,0.8041253,1,1,unassigned,11.0,11.0,0.0,1.0,0.0,0.0,0.017408123,0.0,1,0,0,1,0
36253,-1,0,0.9003429,0.71102,1,1,unassigned,4.0,4.0,0.0,1.0,0.0,0.0,0.003868472,0.0,0,0,0,1,0
36254,1,0,-1.0066929,0.26762754,0,1,unassigned,27.0,15.0,12.0,0.5555556,0.44444445,0.44444442,0.0483559,0.02149151,0,0,0,0,0
36255,-1,0,0.43321937,0.6066422,1,1,unassigned,18.0,17.0,1.0,0.9444444,0.055555556,0.055555582,0.030947777,0.0017193209,0,0,0,1,0
36256,-1,0,-0.37352902,0.40768856,0,1,unassigned,16.0,14.0,2.0,0.875,0.125,0.125,0.027079303,0.0033849129,0,0,0,0,0
36257,-1,0,5.6331487,0.9964354,1,1,unassigned,2.0,2.0,0.0,1.0,0.0,0.0,0.0,0.0,0,0,0,1,1
36258,-1,0,0.11129373,0.5277947,1,1,unassigned,12.0,11.0,1.0,0.9166667,0.083333336,0.08333331,0.01934236,0.0016118633,0,0,0,1,0
36259,0,1,2.6769214,0.935651,1,1,unassigned,7.0,5.0,2.0,0.71428573,0.2857143,0.28571427,0.00967118,0.0027631943,1,0,0,1,1
36260,-1,1,0.8070753,0.69148594,1,1,unassigned,5.0,5.0,0.0,1.0,0.0,0.0,0.0058027077,0.0,1,0,0,1,0
36261,-1,1,3.3173501,0.9650192,1,1,unassigned,11.0,11.0,0.0,1.0,0.0,0.0,0.017408123,0.0,1,0,0,1,1
36262,-1,0,-0.86943877,0.29537112,0,1,unassigned,61.0,48.0,13.0,0.78688526,0.21311475,0.21311474,0.114119925,0.02432064,0,0,0,0,0
36263,-1,1,5.3983436,0.9954963,1,1,unassigned,26.0,26.0,0.0,1.0,0.0,0.0,0.046421662,0.0,1,0,0,1,1
36264,-1,0,0.77909714,0.6854855,1,1,unassigned,16.0,10.0,6.0,0.625,0.375,0.375,0.027079303,0.010154739,0,0,0,1,0
36265,-1,1,0.45649844,0.6121832,1,1,unassigned,5.0,5.0,0.0,1.0,0.0,0.0,0.0058027077,0.0,1,0,0,1,0
36266,-1,0,-0.580732,0.35876417,0,1,unassigned,19.0,19.0,0.0,1.0,0.0,0.0,0.032882012,0.0,0,0,0,0,0
36267,-1,0,1.8079965,0.85911953,1,1,unassigned,5.0,5.0,0.0,1.0,0.0,0.0,0.0058027077,0.0,0,0,0,1,0
36268,-1,0,-0.94108367,0.2806815,0,1,unassigned,74.0,74.0,0.0,1.0,0.0,0.0,0.13926499,0.0,0,0,0,0,0
36269,0,0,0.32587463,0.5807553,1,1,unassigned,18.0,18.0,0.0,1.0,0.0,0.0,0.030947777,0.0,0,0,0,1,0
36270,-1,0,-0.39328396,0.40292698,0,1,unassigned,16.0,16.0,0.0,1.0,0.0,0.0,0.027079303,0.0,0,0,0,0,0
36271,-1,0,0.48331052,0.61852926,1,1,unassigned,2.0,1.0,1.0,0.5,0.5,0.5,0.0,0.0,0,0,0,1,0
36272,-1,1,4.083024,0.983423,1,1,unassigned,3.0,3.0,0.0,1.0,0.0,0.0,0.001934236,0.0,1,0,0,1,1
36273,-1,0,6.0360484,0.99761474,1,1,unassigned,2.0,2.0,0.0,1.0,0.0,0.0,0.0,0.0,0,0,0,1,1
36274,-1,0,4.5562253,0.9896075,1,1,unassigned,2.0,2.0,0.0,1.0,0.0,0.0,0.0,0.0,0,0,0,1,1
36275,-1,0,0.14366716,0.5358551,1,1,unassigned,2.0,2.0,0.0,1.0,0.0,0.0,0.0,0.0,0,0,0,1,0
36276,-1,1,-0.18628079,0.453564,0,1,unassigned,2.0,2.0,0.0,1.0,0.0,0.0,0.0,0.0,1,0,0,0,0
36277,-1,0,1.9418933,0.87456,1,1,unassigned,8.0,7.0,1.0,0.875,0.125,0.125,0.0116054155,0.0014506769,0,0,0,1,0
36278,-1,0,0.80394965,0.6908187,1,1,unassigned,7.0,7.0,0.0,1.0,0.0,0.0,0.00967118,0.0,0,0,0,1,0
36279,-1,1,-0.5690222,0.36146247,0,1,unassigned,85.0,83.0,2.0,0.9764706,0.023529412,0.02352941,0.16054158,0.003777449,1,0,0,0,0
36280,-1,1,2.4561684,0.9210113,1,1,unassigned,39.0,39.0,0.0,1.0,0.0,0.0,0.07156673,0.0,1,0,0,1,1
36281,-1,1,0.12657613,0.53160185,1,1,unassigned,88.0,85.0,3.0,0.96590906,0.03409091,0.034090936,0.1663443,0.0056708287,1,0,0,1,0
36282,-1,1,4.3430686,0.98717016,1,1,unassigned,7.0,6.0,1.0,0.85714287,0.14285715,0.14285713,0.00967118,0.0013815971,1,0,0,1,1
36283,-1,0,-0.7430962,0.32232746,0,1,unassigned,22.0,22.0,0.0,1.0,0.0,0.0,0.03868472,0.0,0,0,0,0,0
36284,-1,0,5.2814856,0.9949409,1,1,unassigned,6.0,5.0,1.0,0.8333333,0.16666667,0.16666669,0.007736944,0.0012894907,0,0,0,1,1
36285,-1,0,-0.5592503,0.36372092,0,1,unassigned,9.0,9.0,0.0,1.0,0.0,0.0,0.013539651,0.0,0,0,0,0,0
36286,-1,0,1.7757587,0.85517234,1,1,unassigned,6.0,6.0,0.0,1.0,0.0,0.0,0.007736944,0.0,0,0,0,1,0
36287,0,1,-0.65833443,0.34111387,0,0,val,24.0,24.0,0.0,1.0,0.0,0.0,0.04255319,0.0,1,0,1,0,0
36288,-1,0,0.81042,0.692199,1,1,unassigned,22.0,22.0,0.0,1.0,0.0,0.0,0.03868472,0.0,0,0,0,1,0
36289,-1,0,-0.28914464,0.4282133,0,1,unassigned,3.0,3.0,0.0,1.0,0.0,0.0,0.001934236,0.0,0,0,0,0,0
36290,-1,0,0.049325228,0.5123288,1,1,unassigned,2.0,2.0,0.0,1.0,0.0,0.0,0.0,0.0,0,0,0,1,0
36291,-1,0,2.544137,0.9271786,1,1,unassigned,4.0,2.0,2.0,0.5,0.5,0.5,0.003868472,0.001934236,0,0,0,1,1
36292,-1,0,-0.95568997,0.27774197,0,1,unassigned,31.0,31.0,0.0,1.0,0.0,0.0,0.056092843,0.0,0,0,0,0,0
36293,-1,0,-0.6966398,0.33255762,0,1,unassigned,23.0,23.0,0.0,1.0,0.0,0.0,0.040618956,0.0,0,0,0,0,0
36294,-1,0,-0.63335884,0.3467493,0,1,unassigned,22.0,22.0,0.0,1.0,0.0,0.0,0.03868472,0.0,0,0,0,0,0
36295,-1,1,0.9322389,0.71752924,1,1,unassigned,6.0,5.0,1.0,0.8333333,0.16666667,0.16666669,0.007736944,0.0012894907,1,0,0,1,0
36296,-1,1,0.49747306,0.6218653,1,1,unassigned,8.0,7.0,1.0,0.875,0.125,0.125,0.0116054155,0.0014506769,1,0,0,1,0
36297,-1,0,-0.503983,0.3766051,0,1,unassigned,66.0,63.0,3.0,0.95454544,0.045454547,0.04545456,0.123791106,0.0056268685,0,0,0,0,0
36298,-1,0,3.4230182,0.9684162,1,1,unassigned,3.0,3.0,0.0,1.0,0.0,0.0,0.001934236,0.0,0,0,0,1,1
36299,-1,1,2.2819676,0.90737253,1,1,unassigned,6.0,6.0,0.0,1.0,0.0,0.0,0.007736944,0.0,1,0,0,1,1
36300,-1,0,-0.5764696,0.35974535,0,1,unassigned,47.0,47.0,0.0,1.0,0.0,0.0,0.08704062,0.0,0,0,0,0,0
36301,-1,0,0.054336607,0.5135808,1,1,unassigned,41.0,41.0,0.0,1.0,0.0,0.0,0.07543521,0.0,0,0,0,1,0
36302,-1,0,-0.8938286,0.29032037,0,1,unassigned,21.0,20.0,1.0,0.95238096,0.04761905,0.047619045,0.036750484,0.0017500231,0,0,0,0,0
36303,0,1,-0.6384382,0.34559968,0,0,test,31.0,16.0,15.0,0.516129,0.48387095,0.48387098,0.056092843,0.027141698,1,0,1,0,0
36304,-1,0,-0.09367934,0.47659728,0,1,unassigned,4.0,4.0,0.0,1.0,0.0,0.0,0.003868472,0.0,0,0,0,0,0
36305,0,0,-0.6265989,0.34828213,0,0,test,14.0,14.0,0.0,1.0,0.0,0.0,0.023210831,0.0,0,0,1,0,0
36306,-1,1,1.9872384,0.8794507,1,1,unassigned,4.0,4.0,0.0,1.0,0.0,0.0,0.003868472,0.0,1,0,0,1,0
36307,-1,0,0.17030638,0.542474,1,1,unassigned,6.0,6.0,0.0,1.0,0.0,0.0,0.007736944,0.0,0,0,0,1,0
36308,-1,1,2.1641083,0.8969798,1,1,unassigned,50.0,49.0,1.0,0.98,0.02,0.01999998,0.092843324,0.0018568664,1,0,0,1,0
36309,-1,1,2.0726097,0.8882124,1,1,unassigned,2.0,1.0,1.0,0.5,0.5,0.5,0.0,0.0,1,0,0,1,0
36310,-1,1,1.2571788,0.7785401,1,1,unassigned,2.0,2.0,0.0,1.0,0.0,0.0,0.0,0.0,1,0,0,1,0
36311,0,1,0.27678913,0.56875885,1,1,unassigned,8.0,7.0,1.0,0.875,0.125,0.125,0.0116054155,0.0014506769,1,0,0,1,0
36312,-1,1,13.851376,0.99999905,1,1,unassigned,10.0,10.0,0.0,1.0,0.0,0.0,0.015473888,0.0,1,0,0,1,1
36313,-1,0,4.6621885,0.9906426,1,1,unassigned,5.0,5.0,0.0,1.0,0.0,0.0,0.0058027077,0.0,0,0,0,1,1
36314,1,0,1.1171718,0.75346375,1,0,test,12.0,11.0,1.0,0.9166667,0.083333336,0.08333331,0.01934236,0.0016118633,0,0,1,1,0
36315,-1,1,1.1980736,0.7681819,1,1,unassigned,4.0,3.0,1.0,0.75,0.25,0.25,0.003868472,0.000967118,1,0,0,1,0
36316,-1,1,5.1832833,0.9944218,1,1,unassigned,11.0,11.0,0.0,1.0,0.0,0.0,0.017408123,0.0,1,0,0,1,1
36317,-1,1,0.28719348,0.5713089,1,1,unassigned,8.0,7.0,1.0,0.875,0.125,0.125,0.0116054155,0.0014506769,1,0,0,1,0
36318,-1,1,0.17785966,0.54434806,1,1,unassigned,3.0,3.0,0.0,1.0,0.0,0.0,0.001934236,0.0,1,0,0,1,0
36319,0,0,-0.8709587,0.29505485,0,0,test,7.0,6.0,1.0,0.85714287,0.14285715,0.14285713,0.00967118,0.0013815971,0,0,1,0,0
36320,-1,0,0.69972545,0.66812694,1,1,unassigned,2.0,2.0,0.0,1.0,0.0,0.0,0.0,0.0,0,0,0,1,0
36321,-1,0,-0.5105977,0.3750534,0,1,unassigned,33.0,33.0,0.0,1.0,0.0,0.0,0.059961315,0.0,0,0,0,0,0
36322,0,0,-0.15967351,0.46016625,0,0,test,7.0,7.0,0.0,1.0,0.0,0.0,0.00967118,0.0,0,0,1,0,0
36323,-1,0,0.0612337,0.5153036,1,1,unassigned,43.0,42.0,1.0,0.9767442,0.023255814,0.023255825,0.079303674,0.0018442714,0,0,0,1,0
36324,-1,0,1.3531725,0.7946478,1,1,unassigned,19.0,19.0,0.0,1.0,0.0,0.0,0.032882012,0.0,0,0,0,1,0
36325,-1,0,1.2402899,0.7756145,1,1,unassigned,31.0,29.0,2.0,0.9354839,0.06451613,0.06451613,0.056092843,0.003618893,0,0,0,1,0
36326,-1,0,0.51511675,0.6260052,1,1,unassigned,93.0,93.0,0.0,1.0,0.0,0.0,0.17601547,0.0,0,0,0,1,0
36327,-1,1,6.161057,0.99789447,1,1,unassigned,5.0,4.0,1.0,0.8,0.2,0.19999999,0.0058027077,0.0011605415,1,0,0,1,1
36328,-1,1,0.3856092,0.5952252,1,1,unassigned,5.0,5.0,0.0,1.0,0.0,0.0,0.0058027077,0.0,1,0,0,1,0
36329,-1,1,9.420506,0.99991894,1,1,unassigned,2.0,2.0,0.0,1.0,0.0,0.0,0.0,0.0,1,0,0,1,1
36330,-1,0,2.0954707,0.8904622,1,1,unassigned,25.0,24.0,1.0,0.96,0.04,0.04000002,0.044487428,0.001779497,0,0,0,1,0
36331,-1,0,1.8612516,0.8654428,1,1,unassigned,3.0,3.0,0.0,1.0,0.0,0.0,0.001934236,0.0,0,0,0,1,0
36332,-1,0,10.078138,0.99995804,1,1,unassigned,3.0,3.0,0.0,1.0,0.0,0.0,0.001934236,0.0,0,0,0,1,1
36333,-1,1,-0.1001941,0.47497246,0,1,unassigned,73.0,72.0,1.0,0.98630136,0.01369863,0.0136986375,0.13733076,0.0018812432,1,0,0,0,0
36334,-1,0,0.70558816,0.66942555,1,1,unassigned,24.0,24.0,0.0,1.0,0.0,0.0,0.04255319,0.0,0,0,0,1,0
36335,-1,0,1.327621,0.7904469,1,1,unassigned,19.0,19.0,0.0,1.0,0.0,0.0,0.032882012,0.0,0,0,0,1,0
36336,-1,0,2.1107833,0.8919469,1,1,unassigned,16.0,16.0,0.0,1.0,0.0,0.0,0.027079303,0.0,0,0,0,1,0
36337,-1,0,0.1401127,0.534971,1,1,unassigned,66.0,66.0,0.0,1.0,0.0,0.0,0.123791106,0.0,0,0,0,1,0
36338,-1,0,-0.46429253,0.38596803,0,1,unassigned,25.0,24.0,1.0,0.96,0.04,0.04000002,0.044487428,0.001779497,0,0,0,0,0
36339,-1,0,1.0348437,0.7378538,1,1,unassigned,8.0,8.0,0.0,1.0,0.0,0.0,0.0116054155,0.0,0,0,0,1,0
36340,-1,0,0.51970404,0.62707853,1,1,unassigned,40.0,39.0,1.0,0.975,0.025,0.024999976,0.07350097,0.0018375242,0,0,0,1,0
36341,-1,1,-0.81418455,0.30699953,0,1,unassigned,10.0,10.0,0.0,1.0,0.0,0.0,0.015473888,0.0,1,0,0,0,0
36342,-1,0,1.8413627,0.86310977,1,1,unassigned,4.0,4.0,0.0,1.0,0.0,0.0,0.003868472,0.0,0,0,0,1,0
36343,0,0,-0.74203694,0.3225589,0,0,unassigned,42.0,40.0,2.0,0.95238096,0.04761905,0.047619045,0.07736944,0.003684259,0,0,1,0,0
36344,-1,1,-0.87192065,0.29485482,0,1,unassigned,2.0,2.0,0.0,1.0,0.0,0.0,0.0,0.0,1,0,0,0,0
36345,-1,0,4.746456,0.9913924,1,1,unassigned,3.0,1.0,2.0,0.33333334,0.6666667,0.6666666,0.001934236,0.0012894907,0,0,0,1,1
36346,-1,0,9.94643,0.9999521,1,1,unassigned,2.0,2.0,0.0,1.0,0.0,0.0,0.0,0.0,0,0,0,1,1
36347,-1,1,3.3399804,0.96577513,1,1,unassigned,2.0,2.0,0.0,1.0,0.0,0.0,0.0,0.0,1,0,0,1,1
36348,-1,0,-0.4078244,0.39943394,0,1,unassigned,6.0,6.0,0.0,1.0,0.0,0.0,0.007736944,0.0,0,0,0,0,0
36349,-1,0,5.8136325,0.99702233,1,1,unassigned,5.0,5.0,0.0,1.0,0.0,0.0,0.0058027077,0.0,0,0,0,1,1
36350,-1,0,-0.5897708,0.35668743,0,1,unassigned,61.0,60.0,1.0,0.9836066,0.016393442,0.016393423,0.114119925,0.0018708183,0,0,0,0,0
36351,-1,1,4.105812,0.98379046,1,1,unassigned,2.0,1.0,1.0,0.5,0.5,0.5,0.0,0.0,1,0,0,1,1
36352,-1,0,4.1773915,0.98489326,1,1,unassigned,31.0,31.0,0.0,1.0,0.0,0.0,0.056092843,0.0,0,0,0,1,1
36353,-1,1,0.7649556,0.6824287,1,1,unassigned,6.0,5.0,1.0,0.8333333,0.16666667,0.16666669,0.007736944,0.0012894907,1,0,0,1,0
36354,-1,0,-0.12263602,0.46937937,0,1,unassigned,2.0,2.0,0.0,1.0,0.0,0.0,0.0,0.0,0,0,0,0,0
36355,-1,0,-0.11536476,0.47119075,0,1,unassigned,3.0,3.0,0.0,1.0,0.0,0.0,0.001934236,0.0,0,0,0,0,0
36356,-1,1,7.5349936,0.99946624,1,1,unassigned,2.0,1.0,1.0,0.5,0.5,0.5,0.0,0.0,1,0,0,1,1
36357,-1,1,3.6258852,0.974065,1,1,unassigned,28.0,28.0,0.0,1.0,0.0,0.0,0.050290134,0.0,1,0,0,1,1
36358,-1,0,4.3442254,0.9871848,1,1,unassigned,9.0,8.0,1.0,0.8888889,0.11111111,0.111111104,0.013539651,0.0015044058,0,0,0,1,1
36359,-1,1,10.084869,0.9999583,1,1,unassigned,7.0,5.0,2.0,0.71428573,0.2857143,0.28571427,0.00967118,0.0027631943,1,0,0,1,1
36360,-1,0,-0.5763893,0.35976386,0,1,unassigned,38.0,34.0,4.0,0.8947368,0.10526316,0.10526317,0.06963249,0.0073297364,0,0,0,0,0
36361,-1,0,0.13231868,0.53303146,1,1,unassigned,5.0,5.0,0.0,1.0,0.0,0.0,0.0058027077,0.0,0,0,0,1,0
36362,-1,0,3.5401323,0.9718084,1,1,unassigned,34.0,30.0,4.0,0.88235295,0.11764706,0.11764705,0.061895553,0.0072818296,0,0,0,1,1
36363,-1,0,-0.15261269,0.46192074,0,1,unassigned,56.0,47.0,9.0,0.83928573,0.16071428,0.16071427,0.10444874,0.016786406,0,0,0,0,0
36364,-1,1,5.379659,0.9954118,1,1,unassigned,5.0,5.0,0.0,1.0,0.0,0.0,0.0058027077,0.0,1,0,0,1,1
36365,-1,0,0.07001388,0.5174963,1,1,unassigned,2.0,2.0,0.0,1.0,0.0,0.0,0.0,0.0,0,0,0,1,0
36366,0,0,-0.7251939,0.32625026,0,0,test,33.0,32.0,1.0,0.969697,0.030303031,0.030303001,0.059961315,0.0018170096,0,0,1,0,0
36367,0,0,-0.5619911,0.36308688,0,0,test,19.0,19.0,0.0,1.0,0.0,0.0,0.032882012,0.0,0,0,1,0,0
36368,-1,1,0.053184688,0.513293,1,1,unassigned,9.0,8.0,1.0,0.8888889,0.11111111,0.111111104,0.013539651,0.0015044058,1,0,0,1,0
36369,-1,1,4.5247645,0.98927885,1,1,unassigned,2.0,2.0,0.0,1.0,0.0,0.0,0.0,0.0,1,0,0,1,1
36370,-1,0,1.6198564,0.8347753,1,1,unassigned,14.0,13.0,1.0,0.9285714,0.071428575,0.0714286,0.023210831,0.0016579166,0,0,0,1,0
36371,-1,0,2.3900788,0.9160676,1,1,unassigned,22.0,17.0,5.0,0.77272725,0.22727273,0.22727275,0.03868472,0.008791981,0,0,0,1,1
36372,-1,0,-0.7058723,0.33051157,0,1,unassigned,24.0,24.0,0.0,1.0,0.0,0.0,0.04255319,0.0,0,0,0,0,0
36373,-1,0,-0.87656486,0.29389012,0,1,unassigned,82.0,80.0,2.0,0.9756098,0.024390243,0.02439022,0.15473887,0.0037741186,0,0,0,0,0
36374,-1,1,2.7424798,0.9394872,1,1,unassigned,23.0,23.0,0.0,1.0,0.0,0.0,0.040618956,0.0,1,0,0,1,1
36375,-1,0,5.3123527,0.99509394,1,1,unassigned,4.0,3.0,1.0,0.75,0.25,0.25,0.003868472,0.000967118,0,0,0,1,1
36376,-1,1,-0.034262896,0.49143514,0,1,unassigned,3.0,2.0,1.0,0.6666667,0.33333334,0.3333333,0.001934236,0.00064474536,1,0,0,0,0
36377,-1,0,-0.27039418,0.4328103,0,1,unassigned,5.0,5.0,0.0,1.0,0.0,0.0,0.0058027077,0.0,0,0,0,0,0
36378,1,0,3.5820472,0.97293425,1,0,unassigned,12.0,12.0,0.0,1.0,0.0,0.0,0.01934236,0.0,0,0,1,1,1
36379,-1,0,0.14463168,0.536095,1,1,unassigned,3.0,2.0,1.0,0.6666667,0.33333334,0.3333333,0.001934236,0.00064474536,0,0,0,1,0
36380,1,1,0.10283512,0.52568614,1,0,val,14.0,14.0,0.0,1.0,0.0,0.0,0.023210831,0.0,1,0,1,1,0
36381,-1,0,1.6250858,0.83549535,1,1,unassigned,22.0,21.0,1.0,0.95454544,0.045454547,0.04545456,0.03868472,0.0017583964,0,0,0,1,0
36382,-1,0,4.7116723,0.9910904,1,1,unassigned,9.0,8.0,1.0,0.8888889,0.11111111,0.111111104,0.013539651,0.0015044058,0,0,0,1,1
36383,-1,0,1.1032381,0.75086635,1,1,unassigned,7.0,7.0,0.0,1.0,0.0,0.0,0.00967118,0.0,0,0,0,1,0
36384,-1,0,3.7223012,0.9763925,1,1,unassigned,3.0,3.0,0.0,1.0,0.0,0.0,0.001934236,0.0,0,0,0,1,1
36385,-1,0,6.7249146,0.99880075,1,1,unassigned,5.0,5.0,0.0,1.0,0.0,0.0,0.0058027077,0.0,0,0,0,1,1
36386,-1,0,2.2137098,0.90147394,1,1,unassigned,11.0,10.0,1.0,0.90909094,0.09090909,0.090909064,0.017408123,0.0015825568,0,0,0,1,1
36387,-1,0,-0.067329705,0.48317394,0,1,unassigned,15.0,15.0,0.0,1.0,0.0,0.0,0.025145067,0.0,0,0,0,0,0
36388,1,0,0.5303232,0.6295585,1,0,test,2.0,2.0,0.0,1.0,0.0,0.0,0.0,0.0,0,0,1,1,0
36389,-1,0,8.748892,0.99984133,1,1,unassigned,3.0,3.0,0.0,1.0,0.0,0.0,0.001934236,0.0,0,0,0,1,1
36390,1,1,-1.5306287,0.17790172,0,1,unassigned,2.0,2.0,0.0,1.0,0.0,0.0,0.0,0.0,1,0,0,0,0
36391,-1,1,0.54238087,0.63236606,1,1,unassigned,29.0,29.0,0.0,1.0,0.0,0.0,0.05222437,0.0,1,0,0,1,0
36392,-1,0,2.1295335,0.89374065,1,1,unassigned,6.0,6.0,0.0,1.0,0.0,0.0,0.007736944,0.0,0,0,0,1,0
36393,-1,0,2.6431105,0.93358505,1,1,unassigned,12.0,11.0,1.0,0.9166667,0.083333336,0.08333331,0.01934236,0.0016118633,0,0,0,1,1
36394,1,0,1.9162073,0.8717149,1,0,unassigned,3.0,2.0,1.0,0.6666667,0.33333334,0.3333333,0.001934236,0.00064474536,0,0,1,1,0
36395,-1,0,4.950664,0.9929711,1,1,unassigned,9.0,9.0,0.0,1.0,0.0,0.0,0.013539651,0.0,0,0,0,1,1
36396,-1,1,-0.85734725,0.29789388,0,1,unassigned,34.0,31.0,3.0,0.9117647,0.0882353,0.08823532,0.061895553,0.0054613724,1,0,0,0,0
36397,-1,0,-0.57382554,0.3603546,0,1,unassigned,11.0,11.0,0.0,1.0,0.0,0.0,0.017408123,0.0,0,0,0,0,0
36398,-1,0,-0.31298828,0.42238548,0,1,unassigned,3.0,3.0,0.0,1.0,0.0,0.0,0.001934236,0.0,0,0,0,0,0
36399,-1,0,2.2857802,0.9076925,1,1,unassigned,7.0,5.0,2.0,0.71428573,0.2857143,0.28571427,0.00967118,0.0027631943,0,0,0,1,1
36400,1,0,2.1978197,0.90005356,1,0,test,11.0,10.0,1.0,0.90909094,0.09090909,0.090909064,0.017408123,0.0015825568,0,0,1,1,1
36401,-1,1,0.9718142,0.725481,1,1,unassigned,17.0,17.0,0.0,1.0,0.0,0.0,0.029013539,0.0,1,0,0,1,0
36402,-1,1,4.4148164,0.98804784,1,1,unassigned,6.0,5.0,1.0,0.8333333,0.16666667,0.16666669,0.007736944,0.0012894907,1,0,0,1,1
36403,-1,0,0.27716082,0.56885,1,1,unassigned,17.0,14.0,3.0,0.8235294,0.1764706,0.17647058,0.029013539,0.005120036,0,0,0,1,0
36404,-1,0,-0.6364532,0.3460487,0,1,unassigned,17.0,17.0,0.0,1.0,0.0,0.0,0.029013539,0.0,0,0,0,0,0
36405,-1,0,-0.7481798,0.32121804,0,1,unassigned,46.0,46.0,0.0,1.0,0.0,0.0,0.08510638,0.0,0,0,0,0,0
36406,-1,0,0.667641,0.66097474,1,1,unassigned,2.0,2.0,0.0,1.0,0.0,0.0,0.0,0.0,0,0,0,1,0
36407,-1,0,1.1201301,0.7540129,1,1,unassigned,45.0,45.0,0.0,1.0,0.0,0.0,0.08317215,0.0,0,0,0,1,0
36408,1,0,5.2861037,0.9949641,1,0,train,10.0,7.0,3.0,0.7,0.3,0.3,0.015473888,0.0046421667,0,0,1,1,1
36409,-1,1,1.4419351,0.80875415,1,1,unassigned,3.0,3.0,0.0,1.0,0.0,0.0,0.001934236,0.0,1,0,0,1,0
36410,-1,0,5.4040637,0.9955219,1,1,unassigned,7.0,7.0,0.0,1.0,0.0,0.0,0.00967118,0.0,0,0,0,1,1
36411,-1,0,1.2812445,0.78266156,1,1,unassigned,3.0,3.0,0.0,1.0,0.0,0.0,0.001934236,0.0,0,0,0,1,0
36412,-1,0,0.6478141,0.65651774,1,1,unassigned,2.0,2.0,0.0,1.0,0.0,0.0,0.0,0.0,0,0,0,1,0
36413,-1,1,-0.44769007,0.3899101,0,1,unassigned,7.0,7.0,0.0,1.0,0.0,0.0,0.00967118,0.0,1,0,0,0,0
36414,-1,1,4.069712,0.98320454,1,1,unassigned,9.0,8.0,1.0,0.8888889,0.11111111,0.111111104,0.013539651,0.0015044058,1,0,0,1,1
36415,1,1,-0.6168856,0.35049012,0,1,val,24.0,17.0,7.0,0.7083333,0.29166666,0.2916667,0.04255319,0.012411347,1,0,0,0,0
36416,1,0,0.2199657,0.55477077,1,0,test,22.0,22.0,0.0,1.0,0.0,0.0,0.03868472,0.0,0,0,1,1,0
36417,-1,0,0.94772846,0.7206581,1,1,unassigned,17.0,17.0,0.0,1.0,0.0,0.0,0.029013539,0.0,0,0,0,1,0
36418,-1,1,2.5686424,0.92881596,1,1,unassigned,26.0,16.0,10.0,0.61538464,0.3846154,0.38461536,0.046421662,0.017854486,1,0,0,1,1
36419,-1,0,-0.8950896,0.29006064,0,1,unassigned,2.0,2.0,0.0,1.0,0.0,0.0,0.0,0.0,0,0,0,0,0
36420,-1,0,-0.20664966,0.44852063,0,1,unassigned,7.0,7.0,0.0,1.0,0.0,0.0,0.00967118,0.0,0,0,0,0,0
36421,-1,0,3.253146,0.962786,1,1,unassigned,5.0,5.0,0.0,1.0,0.0,0.0,0.0058027077,0.0,0,0,0,1,1
36422,-1,0,0.9544795,0.72201514,1,1,unassigned,3.0,3.0,0.0,1.0,0.0,0.0,0.001934236,0.0,0,0,0,1,0
36423,-1,0,1.8852532,0.86821336,1,1,unassigned,6.0,6.0,0.0,1.0,0.0,0.0,0.007736944,0.0,0,0,0,1,0
36424,-1,0,0.31422496,0.57791615,1,1,unassigned,3.0,3.0,0.0,1.0,0.0,0.0,0.001934236,0.0,0,0,0,1,0
36425,-1,0,-0.027676642,0.49308127,0,1,unassigned,6.0,6.0,0.0,1.0,0.0,0.0,0.007736944,0.0,0,0,0,0,0
36426,-1,0,-0.19388121,0.45168096,0,1,unassigned,50.0,50.0,0.0,1.0,0.0,0.0,0.092843324,0.0,0,0,0,0,0
36427,-1,0,-0.96876854,0.27512604,0,1,unassigned,51.0,51.0,0.0,1.0,0.0,0.0,0.09477756,0.0,0,0,0,0,0
36428,-1,0,-0.70381176,0.33096763,0,1,unassigned,40.0,39.0,1.0,0.975,0.025,0.024999976,0.07350097,0.0018375242,0,0,0,0,0
36429,-1,1,5.8210826,0.9970444,1,1,unassigned,2.0,2.0,0.0,1.0,0.0,0.0,0.0,0.0,1,0,0,1,1
36430,-1,1,0.25408477,0.56318164,1,1,unassigned,4.0,4.0,0.0,1.0,0.0,0.0,0.003868472,0.0,1,0,0,1,0
36431,-1,0,-0.7787367,0.3145922,0,1,unassigned,12.0,11.0,1.0,0.9166667,0.083333336,0.08333331,0.01934236,0.0016118633,0,0,0,0,0
36432,-1,0,0.015991628,0.5039978,1,1,unassigned,23.0,21.0,2.0,0.9130435,0.08695652,0.0869565,0.040618956,0.0035320832,0,0,0,1,0
36433,-1,0,1.9183099,0.8719499,1,1,unassigned,24.0,20.0,4.0,0.8333333,0.16666667,0.16666669,0.04255319,0.0070921984,0,0,0,1,0
36434,-1,0,3.9056885,0.98027,1,1,unassigned,7.0,6.0,1.0,0.85714287,0.14285715,0.14285713,0.00967118,0.0013815971,0,0,0,1,1
36435,-1,0,-0.46047574,0.38687295,0,1,unassigned,11.0,11.0,0.0,1.0,0.0,0.0,0.017408123,0.0,0,0,0,0,0
36436,-1,0,2.7954137,0.94242746,1,1,unassigned,7.0,7.0,0.0,1.0,0.0,0.0,0.00967118,0.0,0,0,0,1,1
36437,1,1,-0.21057194,0.44755068,0,1,test,36.0,34.0,2.0,0.9444444,0.055555556,0.055555582,0.065764025,0.003653557,1,0,0,0,0
36438,-1,1,5.3028913,0.99504745,1,1,unassigned,10.0,9.0,1.0,0.9,0.1,0.100000024,0.015473888,0.0015473888,1,0,0,1,1
36439,-1,0,-0.5870865,0.35730362,0,1,unassigned,20.0,19.0,1.0,0.95,0.05,0.050000012,0.034816246,0.0017408123,0,0,0,0,0
36440,-1,0,-0.29979447,0.4256077,0,1,unassigned,3.0,3.0,0.0,1.0,0.0,0.0,0.001934236,0.0,0,0,0,0,0
36441,-1,1,4.7968826,0.9918121,1,1,unassigned,2.0,2.0,0.0,1.0,0.0,0.0,0.0,0.0,1,0,0,1,1
36442,-1,0,-0.3509629,0.41314897,0,1,unassigned,18.0,16.0,2.0,0.8888889,0.11111111,0.111111104,0.030947777,0.0034386418,0,0,0,0,0
36443,1,0,0.337516,0.583587,1,0,val,16.0,16.0,0.0,1.0,0.0,0.0,0.027079303,0.0,0,0,1,1,0
36444,-1,0,-0.7650572,0.31754932,0,1,unassigned,11.0,9.0,2.0,0.8181818,0.18181819,0.18181819,0.017408123,0.0031651135,0,0,0,0,0
36445,-1,0,0.105764806,0.52641654,1,1,unassigned,2.0,2.0,0.0,1.0,0.0,0.0,0.0,0.0,0,0,0,1,0
36446,-1,0,3.3679717,0.96668845,1,1,unassigned,2.0,2.0,0.0,1.0,0.0,0.0,0.0,0.0,0,0,0,1,1
36447,-1,1,3.6027377,0.97347385,1,1,unassigned,4.0,4.0,0.0,1.0,0.0,0.0,0.003868472,0.0,1,0,0,1,1
36448,-1,0,4.018604,0.98233944,1,1,unassigned,3.0,3.0,0.0,1.0,0.0,0.0,0.001934236,0.0,0,0,0,1,1
36449,-1,0,2.2866395,0.9077645,1,1,unassigned,4.0,4.0,0.0,1.0,0.0,0.0,0.003868472,0.0,0,0,0,1,1
36450,-1,0,2.616362,0.9319073,1,1,unassigned,10.0,10.0,0.0,1.0,0.0,0.0,0.015473888,0.0,0,0,0,1,1
36451,-1,1,1.0808635,0.7466574,1,1,unassigned,2.0,1.0,1.0,0.5,0.5,0.5,0.0,0.0,1,0,0,1,0
36452,-1,0,-0.37558863,0.40719128,0,1,unassigned,8.0,8.0,0.0,1.0,0.0,0.0,0.0116054155,0.0,0,0,0,0,0
36453,-1,0,2.3755012,0.91494,1,1,unassigned,31.0,30.0,1.0,0.9677419,0.032258064,0.032258093,0.056092843,0.0018094465,0,0,0,1,1
36454,-1,0,-0.9411209,0.28067398,0,1,unassigned,38.0,38.0,0.0,1.0,0.0,0.0,0.06963249,0.0,0,0,0,0,0
36455,-1,0,0.9323502,0.7175518,1,1,unassigned,32.0,31.0,1.0,0.96875,0.03125,0.03125,0.058027077,0.0018133462,0,0,0,1,0
36456,-1,0,-0.48984286,0.3799306,0,1,unassigned,9.0,9.0,0.0,1.0,0.0,0.0,0.013539651,0.0,0,0,0,0,0
36457,-1,1,-0.8435806,0.30078122,0,1,unassigned,38.0,28.0,10.0,0.7368421,0.2631579,0.2631579,0.06963249,0.018324342,1,0,0,0,0
36458,-1,1,0.12003702,0.52997327,1,1,unassigned,2.0,2.0,0.0,1.0,0.0,0.0,0.0,0.0,1,0,0,1,0
36459,-1,1,-0.95105976,0.27867174,0,1,unassigned,24.0,23.0,1.0,0.9583333,0.041666668,0.041666687,0.04255319,0.0017730496,1,0,0,0,0
36460,-1,1,1.9038227,0.87032354,1,1,unassigned,2.0,2.0,0.0,1.0,0.0,0.0,0.0,0.0,1,0,0,1,0
36461,-1,0,-0.9917046,0.27057552,0,1,unassigned,47.0,47.0,0.0,1.0,0.0,0.0,0.08704062,0.0,0,0,0,0,0
36462,-1,0,0.25419116,0.5632078,1,1,unassigned,12.0,10.0,2.0,0.8333333,0.16666667,0.16666669,0.01934236,0.0032237265,0,0,0,1,0
36463,-1,0,-0.5973443,0.35495153,0,1,unassigned,33.0,33.0,0.0,1.0,0.0,0.0,0.059961315,0.0,0,0,0,0,0
36464,-1,0,-0.2185952,0.44556776,0,1,unassigned,28.0,26.0,2.0,0.9285714,0.071428575,0.0714286,0.050290134,0.0035921526,0,0,0,0,0
36465,-1,1,-0.6200319,0.3497742,0,1,unassigned,31.0,31.0,0.0,1.0,0.0,0.0,0.056092843,0.0,1,0,0,0,0
36466,-1,0,1.7942283,0.8574449,1,1,unassigned,4.0,4.0,0.0,1.0,0.0,0.0,0.003868472,0.0,0,0,0,1,0
36467,-1,1,5.6504397,0.9964964,1,1,unassigned,23.0,23.0,0.0,1.0,0.0,0.0,0.040618956,0.0,1,0,0,1,1
36468,0,1,-0.7643124,0.31771073,0,0,val,5.0,5.0,0.0,1.0,0.0,0.0,0.0058027077,0.0,1,0,1,0,0
36469,1,1,0.11076629,0.5276633,1,0,test,26.0,24.0,2.0,0.9230769,0.07692308,0.07692307,0.046421662,0.0035708973,1,0,1,1,0
36470,-1,1,-0.47834116,0.38264394,0,1,unassigned,2.0,1.0,1.0,0.5,0.5,0.5,0.0,0.0,1,0,0,0,0
36471,-1,1,0.49541765,0.6213819,1,1,unassigned,2.0,1.0,1.0,0.5,0.5,0.5,0.0,0.0,1,0,0,1,0
36472,-1,1,3.7407534,0.9768141,1,1,unassigned,9.0,5.0,4.0,0.5555556,0.44444445,0.44444442,0.013539651,0.006017623,1,0,0,1,1
36473,-1,1,1.9506586,0.8755184,1,1,unassigned,2.0,2.0,0.0,1.0,0.0,0.0,0.0,0.0,1,0,0,1,0
36474,-1,0,0.7357864,0.67607373,1,1,unassigned,2.0,2.0,0.0,1.0,0.0,0.0,0.0,0.0,0,0,0,1,0
36475,-1,1,-0.0654217,0.48365042,0,1,unassigned,7.0,6.0,1.0,0.85714287,0.14285715,0.14285713,0.00967118,0.0013815971,1,0,0,0,0
36476,0,0,-0.85943615,0.29745716,0,0,val,8.0,8.0,0.0,1.0,0.0,0.0,0.0116054155,0.0,0,0,1,0,0
36477,-1,0,1.1216681,0.75429803,1,1,unassigned,40.0,40.0,0.0,1.0,0.0,0.0,0.07350097,0.0,0,0,0,1,0
36478,-1,0,-0.7789624,0.31454358,0,1,unassigned,35.0,35.0,0.0,1.0,0.0,0.0,0.06382979,0.0,0,0,0,0,0
36479,-1,1,-0.88154656,0.2928574,0,1,unassigned,81.0,80.0,1.0,0.9876543,0.012345679,0.012345672,0.15280464,0.0018864771,1,0,0,0,0
36480,-1,0,-0.68251956,0.3356992,0,1,unassigned,4.0,4.0,0.0,1.0,0.0,0.0,0.003868472,0.0,0,0,0,0,0
36481,-1,0,-0.770266,0.31642157,0,1,unassigned,23.0,23.0,0.0,1.0,0.0,0.0,0.040618956,0.0,0,0,0,0,0
36482,-1,0,1.0682747,0.7442687,1,1,unassigned,8.0,8.0,0.0,1.0,0.0,0.0,0.0116054155,0.0,0,0,0,1,0
36483,1,0,-0.3080588,0.42358863,0,1,val,4.0,4.0,0.0,1.0,0.0,0.0,0.003868472,0.0,0,0,0,0,0
36484,-1,0,-0.18737477,0.45329294,0,1,unassigned,35.0,34.0,1.0,0.9714286,0.028571429,0.028571427,0.06382979,0.0018237082,0,0,0,0,0
36485,0,0,-0.3324036,0.41765594,0,0,val,62.0,61.0,1.0,0.983871,0.016129032,0.016129017,0.116054155,0.0018718411,0,0,1,0,0
36486,-1,1,3.0086043,0.9529613,1,1,unassigned,33.0,33.0,0.0,1.0,0.0,0.0,0.059961315,0.0,1,0,0,1,1
36487,0,0,-0.5352644,0.3692899,0,0,train,22.0,22.0,0.0,1.0,0.0,0.0,0.03868472,0.0,0,0,1,0,0
36488,1,0,-0.9742757,0.27402908,0,1,val,9.0,7.0,2.0,0.7777778,0.22222222,0.22222221,0.013539651,0.0030088115,0,0,0,0,0
36489,0,0,-0.23885375,0.44056883,0,0,unassigned,52.0,51.0,1.0,0.9807692,0.01923077,0.019230783,0.0967118,0.0018598423,0,0,1,0,0
36490,-1,0,2.5154169,0.9252155,1,1,unassigned,3.0,3.0,0.0,1.0,0.0,0.0,0.001934236,0.0,0,0,0,1,1
36491,-1,0,-0.03308785,0.49172878,0,1,unassigned,25.0,25.0,0.0,1.0,0.0,0.0,0.044487428,0.0,0,0,0,0,0
36492,-1,0,-0.060521424,0.48487428,0,1,unassigned,2.0,2.0,0.0,1.0,0.0,0.0,0.0,0.0,0,0,0,0,0
36493,-1,0,-0.17107671,0.45733482,0,1,unassigned,12.0,11.0,1.0,0.9166667,0.083333336,0.08333331,0.01934236,0.0016118633,0,0,0,0,0
36494,-1,0,-0.13027498,0.46747723,0,1,unassigned,4.0,4.0,0.0,1.0,0.0,0.0,0.003868472,0.0,0,0,0,0,0
36495,-1,0,-0.102030516,0.47451445,0,1,unassigned,28.0,27.0,1.0,0.96428573,0.035714287,0.03571427,0.050290134,0.0017960763,0,0,0,0,0
36496,-1,0,-0.40294388,0.40060523,0,1,unassigned,8.0,8.0,0.0,1.0,0.0,0.0,0.0116054155,0.0,0,0,0,0,0
36497,-1,0,-0.3180281,0.42115638,0,1,unassigned,7.0,7.0,0.0,1.0,0.0,0.0,0.00967118,0.0,0,0,0,0,0
36498,-1,0,-0.5038411,0.3766384,0,1,unassigned,9.0,8.0,1.0,0.8888889,0.11111111,0.111111104,0.013539651,0.0015044058,0,0,0,0,0
36499,-1,0,0.24458903,0.56084424,1,1,unassigned,2.0,1.0,1.0,0.5,0.5,0.5,0.0,0.0,0,0,0,1,0
36500,-1,1,7.149133,0.999215,1,1,unassigned,7.0,5.0,2.0,0.71428573,0.2857143,0.28571427,0.00967118,0.0027631943,1,0,0,1,1
36501,-1,1,0.9967912,0.7304272,1,1,unassigned,4.0,4.0,0.0,1.0,0.0,0.0,0.003868472,0.0,1,0,0,1,0
36502,-1,1,-0.8672,0.29583722,0,1,unassigned,7.0,7.0,0.0,1.0,0.0,0.0,0.00967118,0.0,1,0,0,0,0
36503,-1,0,-0.27079976,0.43271077,0,1,unassigned,64.0,59.0,5.0,0.921875,0.078125,0.078125,0.11992263,0.009368955,0,0,0,0,0
36504,-1,1,-0.47981378,0.3822961,0,1,unassigned,2.0,2.0,0.0,1.0,0.0,0.0,0.0,0.0,1,0,0,0,0
36505,-1,0,-0.03624004,0.49094096,0,1,unassigned,3.0,3.0,0.0,1.0,0.0,0.0,0.001934236,0.0,0,0,0,0,0
36506,-1,0,1.2267287,0.7732455,1,1,unassigned,5.0,5.0,0.0,1.0,0.0,0.0,0.0058027077,0.0,0,0,0,1,0
36507,-1,1,2.604505,0.931151,1,1,unassigned,4.0,4.0,0.0,1.0,0.0,0.0,0.003868472,0.0,1,0,0,1,1
36508,-1,0,-0.7226568,0.3268082,0,1,unassigned,2.0,2.0,0.0,1.0,0.0,0.0,0.0,0.0,0,0,0,0,0
36509,-1,0,-1.0616705,0.25699034,0,1,unassigned,2.0,2.0,0.0,1.0,0.0,0.0,0.0,0.0,0,0,0,0,0
36510,-1,1,0.6887191,0.6656819,1,1,unassigned,6.0,6.0,0.0,1.0,0.0,0.0,0.007736944,0.0,1,0,0,1,0
36511,-1,1,1.384181,0.79966164,1,1,unassigned,5.0,5.0,0.0,1.0,0.0,0.0,0.0058027077,0.0,1,0,0,1,0
36512,-1,1,1.8218267,0.8607852,1,1,unassigned,6.0,6.0,0.0,1.0,0.0,0.0,0.007736944,0.0,1,0,0,1,0
36513,-1,0,3.2580762,0.96296227,1,1,unassigned,4.0,2.0,2.0,0.5,0.5,0.5,0.003868472,0.001934236,0,0,0,1,1
36514,-1,0,-0.466169,0.38552338,0,1,unassigned,7.0,7.0,0.0,1.0,0.0,0.0,0.00967118,0.0,0,0,0,0,0
36515,-1,0,5.6572194,0.9965199,1,1,unassigned,2.0,2.0,0.0,1.0,0.0,0.0,0.0,0.0,0,0,0,1,1
36516,-1,0,-0.087935954,0.47803015,0,1,unassigned,18.0,18.0,0.0,1.0,0.0,0.0,0.030947777,0.0,0,0,0,0,0
36517,-1,0,1.9339039,0.8736809,1,1,unassigned,24.0,22.0,2.0,0.9166667,0.083333336,0.08333331,0.04255319,0.0035460992,0,0,0,1,0
36518,-1,0,-0.16146609,0.459721,0,1,unassigned,38.0,38.0,0.0,1.0,0.0,0.0,0.06963249,0.0,0,0,0,0,0
36519,-1,0,-0.44143105,0.39140004,0,1,unassigned,9.0,9.0,0.0,1.0,0.0,0.0,0.013539651,0.0,0,0,0,0,0
36520,-1,0,-0.676709,0.33699623,0,1,unassigned,25.0,25.0,0.0,1.0,0.0,0.0,0.044487428,0.0,0,0,0,0,0
36521,-1,0,0.5278581,0.6289834,1,1,unassigned,62.0,62.0,0.0,1.0,0.0,0.0,0.116054155,0.0,0,0,0,1,0
36522,-1,0,-0.12967497,0.46762663,0,1,unassigned,35.0,34.0,1.0,0.9714286,0.028571429,0.028571427,0.06382979,0.0018237082,0,0,0,0,0
36523,1,0,-0.27968183,0.43053174,0,1,test,68.0,68.0,0.0,1.0,0.0,0.0,0.12765957,0.0,0,0,0,0,0
36524,-1,0,-0.26931882,0.43307433,0,1,unassigned,20.0,20.0,0.0,1.0,0.0,0.0,0.034816246,0.0,0,0,0,0,0
36525,-1,0,-0.9193556,0.2850892,0,1,unassigned,36.0,36.0,0.0,1.0,0.0,0.0,0.065764025,0.0,0,0,0,0,0
36526,-1,0,-0.9178121,0.2854039,0,1,unassigned,46.0,46.0,0.0,1.0,0.0,0.0,0.08510638,0.0,0,0,0,0,0
36527,-1,0,-0.14329505,0.4642374,0,1,unassigned,23.0,22.0,1.0,0.95652175,0.04347826,0.04347825,0.040618956,0.0017660416,0,0,0,0,0
36528,-1,0,0.05425948,0.51356155,1,1,unassigned,31.0,27.0,4.0,0.87096775,0.12903225,0.12903225,0.056092843,0.007237786,0,0,0,1,0
36529,0,0,-1.1452737,0.24135345,0,0,val,5.0,5.0,0.0,1.0,0.0,0.0,0.0058027077,0.0,0,0,1,0,0
36530,-1,0,0.25499266,0.563405,1,1,unassigned,5.0,5.0,0.0,1.0,0.0,0.0,0.0058027077,0.0,0,0,0,1,0
36531,-1,0,-0.4666513,0.38540918,0,1,unassigned,17.0,17.0,0.0,1.0,0.0,0.0,0.029013539,0.0,0,0,0,0,0
36532,1,1,0.74349827,0.67776036,1,0,test,9.0,9.0,0.0,1.0,0.0,0.0,0.013539651,0.0,1,0,1,1,0
36533,-1,1,1.8431122,0.8633164,1,1,unassigned,9.0,9.0,0.0,1.0,0.0,0.0,0.013539651,0.0,1,0,0,1,0
36534,-1,1,0.072353065,0.5180804,1,1,unassigned,2.0,1.0,1.0,0.5,0.5,0.5,0.0,0.0,1,0,0,1,0
36535,-1,1,-0.091887236,0.47704434,0,1,unassigned,11.0,11.0,0.0,1.0,0.0,0.0,0.017408123,0.0,1,0,0,0,0
36536,1,0,-0.9980655,0.26932195,0,1,val,2.0,2.0,0.0,1.0,0.0,0.0,0.0,0.0,0,0,0,0,0
36537,-1,0,0.67513984,0.66265315,1,1,unassigned,5.0,5.0,0.0,1.0,0.0,0.0,0.0058027077,0.0,0,0,0,1,0
36538,-1,0,2.3741229,0.9148326,1,1,unassigned,14.0,13.0,1.0,0.9285714,0.071428575,0.0714286,0.023210831,0.0016579166,0,0,0,1,1
36539,-1,0,4.819325,0.99199235,1,1,unassigned,15.0,15.0,0.0,1.0,0.0,0.0,0.025145067,0.0,0,0,0,1,1
36540,-1,0,7.6644425,0.99953103,1,1,unassigned,14.0,14.0,0.0,1.0,0.0,0.0,0.023210831,0.0,0,0,0,1,1
36541,-1,0,-0.40417892,0.40030873,0,1,unassigned,4.0,4.0,0.0,1.0,0.0,0.0,0.003868472,0.0,0,0,0,0,0
36542,-1,0,3.1869528,0.9603403,1,1,unassigned,2.0,2.0,0.0,1.0,0.0,0.0,0.0,0.0,0,0,0,1,1
36543,-1,1,-0.35444734,0.41230437,0,1,unassigned,53.0,46.0,7.0,0.8679245,0.13207547,0.13207549,0.09864604,0.013028722,1,0,0,0,0
36544,-1,0,0.4761489,0.6168381,1,1,unassigned,15.0,15.0,0.0,1.0,0.0,0.0,0.025145067,0.0,0,0,0,1,0
36545,-1,0,8.454052,0.99978703,1,1,unassigned,5.0,4.0,1.0,0.8,0.2,0.19999999,0.0058027077,0.0011605415,0,0,0,1,1
36546,-1,0,-0.8893172,0.29125077,0,1,unassigned,10.0,10.0,0.0,1.0,0.0,0.0,0.015473888,0.0,0,0,0,0,0
36547,0,1,0.69539267,0.6671655,1,1,unassigned,52.0,50.0,2.0,0.96153843,0.03846154,0.038461566,0.0967118,0.0037196847,1,0,0,1,0
36548,-1,1,4.339234,0.9871215,1,1,unassigned,3.0,3.0,0.0,1.0,0.0,0.0,0.001934236,0.0,1,0,0,1,1
36549,-1,0,-0.0692817,0.48268646,0,1,unassigned,4.0,4.0,0.0,1.0,0.0,0.0,0.003868472,0.0,0,0,0,0,0
36550,-1,0,-0.47367615,0.3837465,0,1,unassigned,10.0,9.0,1.0,0.9,0.1,0.100000024,0.015473888,0.0015473888,0,0,0,0,0
36551,-1,1,2.2381592,0.9036243,1,1,unassigned,2.0,2.0,0.0,1.0,0.0,0.0,0.0,0.0,1,0,0,1,1
36552,0,0,0.11290461,0.5281962,1,1,unassigned,7.0,7.0,0.0,1.0,0.0,0.0,0.00967118,0.0,0,0,0,1,0
36553,-1,0,4.5013933,0.9890282,1,1,unassigned,4.0,4.0,0.0,1.0,0.0,0.0,0.003868472,0.0,0,0,0,1,1
36554,-1,0,-0.7890674,0.31236896,0,1,unassigned,23.0,23.0,0.0,1.0,0.0,0.0,0.040618956,0.0,0,0,0,0,0
36555,-1,0,2.535066,0.92656374,1,1,unassigned,2.0,2.0,0.0,1.0,0.0,0.0,0.0,0.0,0,0,0,1,1
36556,-1,0,0.626226,0.65163326,1,1,unassigned,9.0,8.0,1.0,0.8888889,0.11111111,0.111111104,0.013539651,0.0015044058,0,0,0,1,0
36557,-1,1,4.1058383,0.98379093,1,1,unassigned,17.0,17.0,0.0,1.0,0.0,0.0,0.029013539,0.0,1,0,0,1,1
36558,-1,0,1.5422871,0.8237969,1,1,unassigned,3.0,3.0,0.0,1.0,0.0,0.0,0.001934236,0.0,0,0,0,1,0
36559,-1,1,3.8131478,0.97839844,1,1,unassigned,17.0,12.0,5.0,0.7058824,0.29411766,0.29411763,0.029013539,0.008533394,1,0,0,1,1
36560,0,0,-0.554418,0.36484,0,0,test,9.0,9.0,0.0,1.0,0.0,0.0,0.013539651,0.0,0,0,1,0,0
36561,-1,1,0.30178928,0.5748799,1,1,unassigned,33.0,30.0,3.0,0.90909094,0.09090909,0.090909064,0.059961315,0.0054510287,1,0,0,1,0
36562,0,1,-0.18374678,0.45419207,0,0,unassigned,7.0,6.0,1.0,0.85714287,0.14285715,0.14285713,0.00967118,0.0013815971,1,0,1,0,0
36563,1,0,-0.56005806,0.36353403,0,1,unassigned,37.0,35.0,2.0,0.9459459,0.054054055,0.05405408,0.06769826,0.0036593657,0,0,0,0,0
36564,-1,1,1.1038947,0.75098914,1,1,unassigned,4.0,2.0,2.0,0.5,0.5,0.5,0.003868472,0.001934236,1,0,0,1,0
36565,-1,0,-0.42897296,0.3943716,0,1,unassigned,7.0,6.0,1.0,0.85714287,0.14285715,0.14285713,0.00967118,0.0013815971,0,0,0,0,0
36566,-1,0,-0.30767244,0.423683,0,1,unassigned,22.0,22.0,0.0,1.0,0.0,0.0,0.03868472,0.0,0,0,0,0,0
36567,-1,1,-0.1777491,0.4556794,0,1,unassigned,62.0,60.0,2.0,0.9677419,0.032258064,0.032258093,0.116054155,0.0037436823,1,0,0,0,0
36568,-1,0,1.1496677,0.75945026,1,1,unassigned,2.0,2.0,0.0,1.0,0.0,0.0,0.0,0.0,0,0,0,1,0
36569,-1,0,3.156811,0.95917624,1,1,unassigned,6.0,2.0,4.0,0.33333334,0.6666667,0.6666666,0.007736944,0.005157963,0,0,0,1,1
36570,-1,1,5.0737243,0.99377984,1,1,unassigned,2.0,2.0,0.0,1.0,0.0,0.0,0.0,0.0,1,0,0,1,1
36571,-1,0,3.4036648,0.9678189,1,1,unassigned,2.0,2.0,0.0,1.0,0.0,0.0,0.0,0.0,0,0,0,1,1
36572,-1,0,-0.3973133,0.40195802,0,1,unassigned,40.0,40.0,0.0,1.0,0.0,0.0,0.07350097,0.0,0,0,0,0,0
36573,-1,0,-0.23201898,0.44225407,0,1,unassigned,12.0,12.0,0.0,1.0,0.0,0.0,0.01934236,0.0,0,0,0,0,0
36574,-1,0,-0.9304099,0.28284156,0,1,unassigned,2.0,2.0,0.0,1.0,0.0,0.0,0.0,0.0,0,0,0,0,0
36575,-1,1,6.154499,0.9978806,1,1,unassigned,5.0,5.0,0.0,1.0,0.0,0.0,0.0058027077,0.0,1,0,0,1,1
36576,-1,1,1.8749406,0.86702895,1,1,unassigned,6.0,5.0,1.0,0.8333333,0.16666667,0.16666669,0.007736944,0.0012894907,1,0,0,1,0
36577,1,0,4.0872083,0.9834911,1,0,val,9.0,9.0,0.0,1.0,0.0,0.0,0.013539651,0.0,0,0,1,1,1
36578,-1,0,0.019410193,0.50485235,1,1,unassigned,22.0,21.0,1.0,0.95454544,0.045454547,0.04545456,0.03868472,0.0017583964,0,0,0,1,0
36579,-1,0,-0.31154817,0.42273688,0,1,unassigned,40.0,40.0,0.0,1.0,0.0,0.0,0.07350097,0.0,0,0,0,0,0
36580,-1,0,-0.20202756,0.4496642,0,1,unassigned,18.0,18.0,0.0,1.0,0.0,0.0,0.030947777,0.0,0,0,0,0,0
36581,0,0,-0.23358238,0.44186848,0,0,test,20.0,20.0,0.0,1.0,0.0,0.0,0.034816246,0.0,0,0,1,0,0
36582,-1,1,3.8896434,0.9799573,1,1,unassigned,9.0,9.0,0.0,1.0,0.0,0.0,0.013539651,0.0,1,0,0,1,1
36583,-1,0,-0.22355634,0.44434255,0,1,unassigned,23.0,23.0,0.0,1.0,0.0,0.0,0.040618956,0.0,0,0,0,0,0
36584,-1,0,-0.21912739,0.4454363,0,1,unassigned,16.0,16.0,0.0,1.0,0.0,0.0,0.027079303,0.0,0,0,0,0,0
36585,-1,0,-0.17115447,0.4573155,0,1,unassigned,52.0,52.0,0.0,1.0,0.0,0.0,0.0967118,0.0,0,0,0,0,0
36586,-1,1,0.164509,0.54103476,1,1,unassigned,4.0,3.0,1.0,0.75,0.25,0.25,0.003868472,0.000967118,1,0,0,1,0
36587,-1,0,-0.47700697,0.38295913,0,1,unassigned,47.0,46.0,1.0,0.9787234,0.021276595,0.021276593,0.08704062,0.001851928,0,0,0,0,0
36588,-1,0,-0.061932564,0.48452178,0,1,unassigned,72.0,72.0,0.0,1.0,0.0,0.0,0.13539653,0.0,0,0,0,0,0
36589,-1,0,-0.24599981,0.43880835,0,1,unassigned,3.0,3.0,0.0,1.0,0.0,0.0,0.001934236,0.0,0,0,0,0,0
36590,-1,0,-0.79022104,0.3121212,0,1,unassigned,8.0,8.0,0.0,1.0,0.0,0.0,0.0116054155,0.0,0,0,0,0,0
36591,-1,0,-0.93157315,0.28260568,0,1,unassigned,2.0,2.0,0.0,1.0,0.0,0.0,0.0,0.0,0,0,0,0,0
36592,1,1,4.9912105,0.99324846,1,0,test,29.0,29.0,0.0,1.0,0.0,0.0,0.05222437,0.0,1,0,1,1,1
36593,-1,0,0.20916843,0.55210227,1,1,unassigned,17.0,16.0,1.0,0.9411765,0.05882353,0.058823526,0.029013539,0.0017066788,0,0,0,1,0
36594,-1,0,-0.80423135,0.3091211,0,1,unassigned,11.0,10.0,1.0,0.90909094,0.09090909,0.090909064,0.017408123,0.0015825568,0,0,0,0,0
36595,-1,0,12.623702,0.99999666,1,1,unassigned,4.0,4.0,0.0,1.0,0.0,0.0,0.003868472,0.0,0,0,0,1,1
36596,-1,0,-0.36406228,0.40997657,0,1,unassigned,20.0,20.0,0.0,1.0,0.0,0.0,0.034816246,0.0,0,0,0,0,0
36597,-1,0,-0.19626245,0.4510913,0,1,unassigned,29.0,29.0,0.0,1.0,0.0,0.0,0.05222437,0.0,0,0,0,0,0
36598,-1,0,2.0544722,0.88639873,1,1,unassigned,9.0,9.0,0.0,1.0,0.0,0.0,0.013539651,0.0,0,0,0,1,0
36599,1,0,3.4283075,0.96857756,1,0,test,10.0,9.0,1.0,0.9,0.1,0.100000024,0.015473888,0.0015473888,0,0,1,1,1
36600,-1,1,-0.2756894,0.4315109,0,1,unassigned,2.0,2.0,0.0,1.0,0.0,0.0,0.0,0.0,1,0,0,0,0
36601,-1,0,2.794477,0.9423766,1,1,unassigned,4.0,4.0,0.0,1.0,0.0,0.0,0.003868472,0.0,0,0,0,1,1
36602,-1,1,1.2528713,0.77779645,1,1,unassigned,29.0,28.0,1.0,0.9655172,0.03448276,0.034482777,0.05222437,0.0018008404,1,0,0,1,0
36603,-1,0,-0.11077827,0.4723337,0,1,unassigned,3.0,3.0,0.0,1.0,0.0,0.0,0.001934236,0.0,0,0,0,0,0
36604,-1,0,0.12152749,0.53034455,1,1,unassigned,30.0,29.0,1.0,0.96666664,0.033333335,0.03333336,0.054158606,0.001805287,0,0,0,1,0
36605,-1,1,-0.7052232,0.3306552,0,1,unassigned,30.0,29.0,1.0,0.96666664,0.033333335,0.03333336,0.054158606,0.001805287,1,0,0,0,0
36606,-1,0,-0.4642989,0.38596648,0,1,unassigned,4.0,4.0,0.0,1.0,0.0,0.0,0.003868472,0.0,0,0,0,0,0
36607,1,0,-0.7650833,0.31754363,0,1,unassigned,35.0,35.0,0.0,1.0,0.0,0.0,0.06382979,0.0,0,0,0,0,0
36608,-1,0,0.29655635,0.5736005,1,1,unassigned,37.0,37.0,0.0,1.0,0.0,0.0,0.06769826,0.0,0,0,0,1,0
36609,-1,0,-0.17798343,0.4556212,0,1,unassigned,55.0,55.0,0.0,1.0,0.0,0.0,0.102514505,0.0,0,0,0,0,0
36610,-1,0,0.32727224,0.5810955,1,1,unassigned,2.0,2.0,0.0,1.0,0.0,0.0,0.0,0.0,0,0,0,1,0
36611,-1,0,1.4180028,0.8050251,1,1,unassigned,6.0,6.0,0.0,1.0,0.0,0.0,0.007736944,0.0,0,0,0,1,0
36612,-1,1,0.6108447,0.64813346,1,1,unassigned,3.0,3.0,0.0,1.0,0.0,0.0,0.001934236,0.0,1,0,0,1,0
36613,-1,0,1.6095898,0.8333544,1,1,unassigned,56.0,55.0,1.0,0.98214287,0.017857144,0.017857134,0.10444874,0.0018651562,0,0,0,1,0
36614,-1,0,0.1482802,0.53700227,1,1,unassigned,6.0,6.0,0.0,1.0,0.0,0.0,0.007736944,0.0,0,0,0,1,0
36615,-1,0,2.4371774,0.91961867,1,1,unassigned,20.0,20.0,0.0,1.0,0.0,0.0,0.034816246,0.0,0,0,0,1,1
36616,1,1,6.167746,0.9979085,1,0,unassigned,4.0,4.0,0.0,1.0,0.0,0.0,0.003868472,0.0,1,0,1,1,1
36617,-1,0,2.4608285,0.9213497,1,1,unassigned,8.0,8.0,0.0,1.0,0.0,0.0,0.0116054155,0.0,0,0,0,1,1
36618,-1,0,2.7813785,0.9416612,1,1,unassigned,2.0,2.0,0.0,1.0,0.0,0.0,0.0,0.0,0,0,0,1,1
36619,-1,0,-0.33109063,0.41797525,0,1,unassigned,5.0,5.0,0.0,1.0,0.0,0.0,0.0058027077,0.0,0,0,0,0,0
36620,0,0,-1.004402,0.2680768,0,0,test,12.0,12.0,0.0,1.0,0.0,0.0,0.01934236,0.0,0,0,1,0,0
36621,-1,0,-0.005718231,0.49857044,0,1,unassigned,7.0,7.0,0.0,1.0,0.0,0.0,0.00967118,0.0,0,0,0,0,0
36622,-1,0,2.955592,0.95052713,1,1,unassigned,2.0,2.0,0.0,1.0,0.0,0.0,0.0,0.0,0,0,0,1,1
36623,1,0,1.8440037,0.8634215,1,0,val,20.0,19.0,1.0,0.95,0.05,0.050000012,0.034816246,0.0017408123,0,0,1,1,0
36624,-1,1,-0.15579534,0.46112975,0,1,unassigned,21.0,21.0,0.0,1.0,0.0,0.0,0.036750484,0.0,1,0,0,0,0
36625,-1,1,0.37559873,0.5928111,1,1,unassigned,7.0,7.0,0.0,1.0,0.0,0.0,0.00967118,0.0,1,0,0,1,0
36626,-1,0,0.20075393,0.5500206,1,1,unassigned,3.0,3.0,0.0,1.0,0.0,0.0,0.001934236,0.0,0,0,0,1,0
36627,-1,0,-0.3428645,0.4151138,0,1,unassigned,77.0,75.0,2.0,0.97402596,0.025974026,0.025974035,0.14506769,0.003767992,0,0,0,0,0
36628,-1,1,4.7140317,0.9911111,1,1,unassigned,9.0,8.0,1.0,0.8888889,0.11111111,0.111111104,0.013539651,0.0015044058,1,0,0,1,1
36629,-1,0,-0.6271002,0.34816834,0,1,unassigned,29.0,29.0,0.0,1.0,0.0,0.0,0.05222437,0.0,0,0,0,0,0
36630,-1,0,1.741154,0.85083354,1,1,unassigned,7.0,4.0,3.0,0.5714286,0.42857143,0.4285714,0.00967118,0.0041447915,0,0,0,1,0
36631,-1,0,-0.26589364,0.4339155,0,1,unassigned,14.0,12.0,2.0,0.85714287,0.14285715,0.14285713,0.023210831,0.0033158332,0,0,0,0,0
36632,-1,0,2.2276332,0.9027037,1,1,unassigned,11.0,10.0,1.0,0.90909094,0.09090909,0.090909064,0.017408123,0.0015825568,0,0,0,1,1
36633,-1,0,4.876701,0.9924355,1,1,unassigned,2.0,2.0,0.0,1.0,0.0,0.0,0.0,0.0,0,0,0,1,1
36634,1,0,7.998051,0.99966395,1,0,unassigned,64.0,58.0,6.0,0.90625,0.09375,0.09375,0.11992263,0.011242746,0,0,1,1,1
36635,-1,0,1.6102467,0.83344567,1,1,unassigned,21.0,18.0,3.0,0.85714287,0.14285715,0.14285713,0.036750484,0.0052500693,0,0,0,1,0
36636,-1,0,-0.513006,0.37448913,0,1,unassigned,8.0,8.0,0.0,1.0,0.0,0.0,0.0116054155,0.0,0,0,0,0,0
36637,-1,0,0.6787906,0.6634687,1,1,unassigned,14.0,14.0,0.0,1.0,0.0,0.0,0.023210831,0.0,0,0,0,1,0
36638,-1,0,2.6596723,0.9346046,1,1,unassigned,6.0,6.0,0.0,1.0,0.0,0.0,0.007736944,0.0,0,0,0,1,1
36639,-1,0,3.8407876,0.97897494,1,1,unassigned,29.0,29.0,0.0,1.0,0.0,0.0,0.05222437,0.0,0,0,0,1,1
36640,-1,0,3.4442794,0.9690601,1,1,unassigned,15.0,13.0,2.0,0.8666667,0.13333334,0.13333333,0.025145067,0.0033526758,0,0,0,1,1
36641,-1,0,1.4117489,0.8040416,1,1,unassigned,8.0,8.0,0.0,1.0,0.0,0.0,0.0116054155,0.0,0,0,0,1,0
36642,1,0,1.3032358,0.78637904,1,0,val,5.0,5.0,0.0,1.0,0.0,0.0,0.0058027077,0.0,0,0,1,1,0
36643,-1,0,0.33721006,0.58351266,1,1,unassigned,25.0,25.0,0.0,1.0,0.0,0.0,0.044487428,0.0,0,0,0,1,0
36644,-1,0,1.2900901,0.78416246,1,1,unassigned,35.0,35.0,0.0,1.0,0.0,0.0,0.06382979,0.0,0,0,0,1,0
36645,-1,1,-0.48374113,0.38136908,0,1,unassigned,26.0,26.0,0.0,1.0,0.0,0.0,0.046421662,0.0,1,0,0,0,0
36646,-1,0,5.3601985,0.99532205,1,1,unassigned,6.0,6.0,0.0,1.0,0.0,0.0,0.007736944,0.0,0,0,0,1,1
36647,-1,0,0.065772295,0.5164372,1,1,unassigned,3.0,1.0,2.0,0.33333334,0.6666667,0.6666666,0.001934236,0.0012894907,0,0,0,1,0
36648,-1,0,2.428967,0.9190096,1,1,unassigned,8.0,4.0,4.0,0.5,0.5,0.5,0.0116054155,0.0058027077,0,0,0,1,1
36649,-1,1,-0.34648508,0.41423506,0,1,unassigned,21.0,21.0,0.0,1.0,0.0,0.0,0.036750484,0.0,1,0,0,0,0
36650,-1,0,-0.4652319,0.3857454,0,1,unassigned,2.0,2.0,0.0,1.0,0.0,0.0,0.0,0.0,0,0,0,0,0
36651,-1,1,3.5527556,0.9721521,1,1,unassigned,54.0,52.0,2.0,0.962963,0.037037037,0.037037015,0.10058027,0.003725195,1,0,0,1,1
36652,0,1,-0.6990343,0.3320264,0,0,train,197.0,192.0,5.0,0.97461927,0.02538071,0.02538073,0.37717602,0.009572995,1,0,1,0,0
36653,-1,0,3.1577947,0.95921475,1,1,unassigned,6.0,1.0,5.0,0.16666667,0.8333333,0.8333333,0.007736944,0.0064474535,0,0,0,1,1
36654,-1,0,0.95701414,0.72252357,1,1,unassigned,4.0,4.0,0.0,1.0,0.0,0.0,0.003868472,0.0,0,0,0,1,0
36655,-1,0,5.932303,0.9973546,1,1,unassigned,5.0,4.0,1.0,0.8,0.2,0.19999999,0.0058027077,0.0011605415,0,0,0,1,1
36656,-1,1,1.9846509,0.879176,1,1,unassigned,7.0,7.0,0.0,1.0,0.0,0.0,0.00967118,0.0,1,0,0,1,0
36657,-1,0,-0.21250948,0.44707167,0,1,unassigned,3.0,3.0,0.0,1.0,0.0,0.0,0.001934236,0.0,0,0,0,0,0
36658,-1,0,2.5832589,0.9297764,1,1,unassigned,2.0,2.0,0.0,1.0,0.0,0.0,0.0,0.0,0,0,0,1,1
36659,-1,0,-0.19152921,0.45226356,0,1,unassigned,52.0,52.0,0.0,1.0,0.0,0.0,0.0967118,0.0,0,0,0,0,0
36660,-1,0,0.48716217,0.61943763,1,1,unassigned,70.0,70.0,0.0,1.0,0.0,0.0,0.13152805,0.0,0,0,0,1,0
36661,-1,0,0.6719025,0.661929,1,1,unassigned,40.0,40.0,0.0,1.0,0.0,0.0,0.07350097,0.0,0,0,0,1,0
36662,-1,0,-0.024696112,0.49382633,0,1,unassigned,29.0,29.0,0.0,1.0,0.0,0.0,0.05222437,0.0,0,0,0,0,0
36663,-1,0,-0.037277758,0.49068165,0,1,unassigned,42.0,42.0,0.0,1.0,0.0,0.0,0.07736944,0.0,0,0,0,0,0
36664,-1,0,2.5784793,0.9294636,1,1,unassigned,22.0,22.0,0.0,1.0,0.0,0.0,0.03868472,0.0,0,0,0,1,1
36665,-1,0,1.1678104,0.7627491,1,1,unassigned,35.0,35.0,0.0,1.0,0.0,0.0,0.06382979,0.0,0,0,0,1,0
36666,-1,0,0.843124,0.6991227,1,1,unassigned,79.0,79.0,0.0,1.0,0.0,0.0,0.14893617,0.0,0,0,0,1,0
36667,-1,0,1.0074217,0.7325153,1,1,unassigned,5.0,2.0,3.0,0.4,0.6,0.6,0.0058027077,0.0034816249,0,0,0,1,0
36668,-1,0,5.357968,0.9953117,1,1,unassigned,19.0,19.0,0.0,1.0,0.0,0.0,0.032882012,0.0,0,0,0,1,1
36669,-1,1,2.7127538,0.9377751,1,1,unassigned,2.0,2.0,0.0,1.0,0.0,0.0,0.0,0.0,1,0,0,1,1
36670,-1,1,9.537838,0.9999279,1,1,unassigned,3.0,1.0,2.0,0.33333334,0.6666667,0.6666666,0.001934236,0.0012894907,1,0,0,1,1
36671,-1,0,1.7606163,0.8532868,1,1,unassigned,34.0,33.0,1.0,0.9705882,0.029411765,0.029411793,0.061895553,0.0018204574,0,0,0,1,0
36672,-1,1,-0.04436481,0.48891062,0,1,unassigned,73.0,64.0,9.0,0.8767123,0.12328767,0.12328768,0.13733076,0.01693119,1,0,0,0,0
36673,-1,0,0.20657235,0.55146027,1,1,unassigned,18.0,17.0,1.0,0.9444444,0.055555556,0.055555582,0.030947777,0.0017193209,0,0,0,1,0
36674,-1,0,-0.15406078,0.46156085,0,1,unassigned,24.0,23.0,1.0,0.9583333,0.041666668,0.041666687,0.04255319,0.0017730496,0,0,0,0,0
36675,-1,0,-0.25133312,0.43749538,0,1,unassigned,21.0,21.0,0.0,1.0,0.0,0.0,0.036750484,0.0,0,0,0,0,0
36676,-1,0,2.816106,0.94354,1,1,unassigned,2.0,2.0,0.0,1.0,0.0,0.0,0.0,0.0,0,0,0,1,1
36677,-1,0,-0.030399144,0.4924008,0,1,unassigned,2.0,2.0,0.0,1.0,0.0,0.0,0.0,0.0,0,0,0,0,0
36678,-1,0,5.882616,0.9972203,1,1,unassigned,2.0,2.0,0.0,1.0,0.0,0.0,0.0,0.0,0,0,0,1,1
36679,-1,0,1.2492485,0.77716976,1,1,unassigned,2.0,2.0,0.0,1.0,0.0,0.0,0.0,0.0,0,0,0,1,0
36680,-1,1,-0.6744946,0.33749112,0,1,unassigned,2.0,2.0,0.0,1.0,0.0,0.0,0.0,0.0,1,0,0,0,0
36681,-1,1,2.3573935,0.91352016,1,1,unassigned,6.0,1.0,5.0,0.16666667,0.8333333,0.8333333,0.007736944,0.0064474535,1,1,0,1,1
36682,0,0,-0.77004844,0.31646863,0,0,unassigned,34.0,30.0,4.0,0.88235295,0.11764706,0.11764705,0.061895553,0.0072818296,0,0,1,0,0
36683,-1,1,1.9138801,0.8714544,1,1,unassigned,7.0,7.0,0.0,1.0,0.0,0.0,0.00967118,0.0,1,0,0,1,0
36684,-1,1,-0.23985541,0.440322,0,1,unassigned,9.0,9.0,0.0,1.0,0.0,0.0,0.013539651,0.0,1,0,0,0,0
36685,-1,1,0.64644605,0.6562092,1,1,unassigned,37.0,36.0,1.0,0.972973,0.027027028,0.02702701,0.06769826,0.0018296828,1,0,0,1,0
36686,-1,0,-0.06751442,0.4831278,0,1,unassigned,6.0,6.0,0.0,1.0,0.0,0.0,0.007736944,0.0,0,0,0,0,0
36687,-1,0,0.7495156,0.67907315,1,1,unassigned,2.0,2.0,0.0,1.0,0.0,0.0,0.0,0.0,0,0,0,1,0
36688,0,1,1.043673,0.7395581,1,1,unassigned,34.0,30.0,4.0,0.88235295,0.11764706,0.11764705,0.061895553,0.0072818296,1,0,0,1,0
36689,0,1,0.5878425,0.64286995,1,1,val,24.0,24.0,0.0,1.0,0.0,0.0,0.04255319,0.0,1,0,0,1,0
36690,1,1,6.3683763,0.998288,1,0,val,54.0,53.0,1.0,0.9814815,0.018518519,0.018518507,0.10058027,0.0018625975,1,0,1,1,1
36691,-1,1,-0.67632735,0.3370815,0,1,unassigned,102.0,99.0,3.0,0.9705882,0.029411765,0.029411793,0.1934236,0.0056889295,1,0,0,0,0
36692,-1,0,0.82383984,0.69505084,1,1,unassigned,39.0,39.0,0.0,1.0,0.0,0.0,0.07156673,0.0,0,0,0,1,0
36693,-1,1,-0.12304461,0.46927762,0,1,unassigned,45.0,45.0,0.0,1.0,0.0,0.0,0.08317215,0.0,1,0,0,0,0
36694,-1,1,0.11374712,0.52840614,1,1,unassigned,53.0,47.0,6.0,0.8867925,0.11320755,0.11320752,0.09864604,0.011167476,1,0,0,1,0
36695,-1,0,2.7777464,0.9414613,1,1,unassigned,8.0,8.0,0.0,1.0,0.0,0.0,0.0116054155,0.0,0,0,0,1,1
36696,-1,0,0.8041379,0.6908589,1,1,unassigned,9.0,9.0,0.0,1.0,0.0,0.0,0.013539651,0.0,0,0,0,1,0
36697,-1,0,1.0727224,0.7451143,1,1,unassigned,2.0,2.0,0.0,1.0,0.0,0.0,0.0,0.0,0,0,0,1,0
36698,-1,0,0.3716237,0.59185123,1,1,unassigned,2.0,2.0,0.0,1.0,0.0,0.0,0.0,0.0,0,0,0,1,0
36699,-1,0,3.2555707,0.96287274,1,1,unassigned,12.0,11.0,1.0,0.9166667,0.083333336,0.08333331,0.01934236,0.0016118633,0,0,0,1,1
36700,-1,1,0.3878327,0.5957608,1,1,unassigned,28.0,28.0,0.0,1.0,0.0,0.0,0.050290134,0.0,1,0,0,1,0
36701,1,0,0.20938802,0.55215657,1,0,test,14.0,13.0,1.0,0.9285714,0.071428575,0.0714286,0.023210831,0.0016579166,0,0,1,1,0
36702,-1,0,-0.19935212,0.45032638,0,1,unassigned,2.0,2.0,0.0,1.0,0.0,0.0,0.0,0.0,0,0,0,0,0
36703,-1,0,2.489414,0.92339635,1,1,unassigned,4.0,3.0,1.0,0.75,0.25,0.25,0.003868472,0.000967118,0,0,0,1,1
36704,-1,0,3.9194615,0.9805346,1,1,unassigned,9.0,9.0,0.0,1.0,0.0,0.0,0.013539651,0.0,0,0,0,1,1
36705,-1,1,-0.24291724,0.4395676,0,1,unassigned,74.0,68.0,6.0,0.9189189,0.08108108,0.08108109,0.13926499,0.011291755,1,0,0,0,0
36706,-1,0,-0.64535046,0.34403807,0,1,unassigned,4.0,4.0,0.0,1.0,0.0,0.0,0.003868472,0.0,0,0,0,0,0
36707,-1,0,3.912143,0.9803945,1,1,unassigned,5.0,4.0,1.0,0.8,0.2,0.19999999,0.0058027077,0.0011605415,0,0,0,1,1
36708,-1,1,1.8137457,0.8598139,1,1,unassigned,6.0,3.0,3.0,0.5,0.5,0.5,0.007736944,0.003868472,1,0,0,1,0
36709,-1,0,-0.116571784,0.47089002,0,1,unassigned,26.0,26.0,0.0,1.0,0.0,0.0,0.046421662,0.0,0,0,0,0,0
36710,-1,0,-0.8642124,0.29646,0,1,unassigned,36.0,36.0,0.0,1.0,0.0,0.0,0.065764025,0.0,0,0,0,0,0
36711,-1,0,0.5314204,0.6298143,1,1,unassigned,17.0,17.0,0.0,1.0,0.0,0.0,0.029013539,0.0,0,0,0,1,0
36712,-1,0,-0.4198329,0.39655674,0,1,unassigned,30.0,29.0,1.0,0.96666664,0.033333335,0.03333336,0.054158606,0.001805287,0,0,0,0,0
36713,-1,0,-0.521377,0.3725303,0,1,unassigned,80.0,80.0,0.0,1.0,0.0,0.0,0.15087041,0.0,0,0,0,0,0
36714,-1,0,-0.3776088,0.40670374,0,1,unassigned,46.0,46.0,0.0,1.0,0.0,0.0,0.08510638,0.0,0,0,0,0,0
36715,-1,0,-0.5981307,0.35477147,0,1,unassigned,44.0,43.0,1.0,0.97727275,0.022727273,0.022727251,0.08123791,0.0018463163,0,0,0,0,0
36716,-1,0,1.0397966,0.7388108,1,1,unassigned,64.0,64.0,0.0,1.0,0.0,0.0,0.11992263,0.0,0,0,0,1,0
36717,-1,0,1.1992552,0.7683923,1,1,unassigned,52.0,50.0,2.0,0.96153843,0.03846154,0.038461566,0.0967118,0.0037196847,0,0,0,1,0
36718,-1,1,0.6018998,0.6460908,1,1,unassigned,5.0,3.0,2.0,0.6,0.4,0.39999998,0.0058027077,0.002321083,1,0,0,1,0
36719,-1,1,-0.1063177,0.47344562,0,1,unassigned,22.0,22.0,0.0,1.0,0.0,0.0,0.03868472,0.0,1,0,0,0,0
36720,-1,0,10.606005,0.9999752,1,1,unassigned,3.0,3.0,0.0,1.0,0.0,0.0,0.001934236,0.0,0,0,0,1,1
36721,-1,1,0.38606846,0.5953359,1,1,unassigned,21.0,21.0,0.0,1.0,0.0,0.0,0.036750484,0.0,1,0,0,1,0
36722,-1,1,1.2703087,0.78079563,1,1,unassigned,8.0,8.0,0.0,1.0,0.0,0.0,0.0116054155,0.0,1,0,0,1,0
36723,-1,1,0.41939503,0.6033385,1,1,unassigned,22.0,22.0,0.0,1.0,0.0,0.0,0.03868472,0.0,1,0,0,1,0
36724,1,0,11.283936,0.9999875,1,0,test,8.0,5.0,3.0,0.625,0.375,0.375,0.0116054155,0.004352031,0,0,1,1,1
36725,-1,1,-0.6294112,0.34764406,0,1,unassigned,59.0,58.0,1.0,0.9830508,0.016949153,0.016949177,0.11025145,0.0018686686,1,0,0,0,0
36726,-1,1,0.42718536,0.60520136,1,1,unassigned,59.0,57.0,2.0,0.9661017,0.033898305,0.033898294,0.11025145,0.0037373372,1,0,0,1,0
36727,0,0,-0.5528205,0.36521026,0,0,unassigned,12.0,12.0,0.0,1.0,0.0,0.0,0.01934236,0.0,0,0,1,0,0
36728,-1,1,-0.10547596,0.47365543,0,1,unassigned,25.0,25.0,0.0,1.0,0.0,0.0,0.044487428,0.0,1,0,0,0,0
36729,-1,1,0.07686335,0.5192064,1,1,unassigned,58.0,57.0,1.0,0.98275864,0.01724138,0.017241359,0.10831721,0.0018675381,1,0,0,1,0
36730,-1,1,-0.7067863,0.33030933,0,1,unassigned,90.0,88.0,2.0,0.9777778,0.022222223,0.02222222,0.17021276,0.0037825059,1,0,0,0,0
36731,-1,1,0.375943,0.59289426,1,1,unassigned,65.0,62.0,3.0,0.95384616,0.046153847,0.046153843,0.12185687,0.0056241634,1,0,0,1,0
36732,-1,0,-0.09178966,0.4770687,0,1,unassigned,11.0,11.0,0.0,1.0,0.0,0.0,0.017408123,0.0,0,0,0,0,0
36733,0,0,-0.3428192,0.4151248,0,0,test,53.0,51.0,2.0,0.9622642,0.03773585,0.03773582,0.09864604,0.0037224921,0,0,1,0,0
36734,-1,0,-0.7510405,0.32059464,0,1,unassigned,18.0,16.0,2.0,0.8888889,0.11111111,0.111111104,0.030947777,0.0034386418,0,0,0,0,0
36735,-1,0,-0.69223106,0.33353692,0,1,unassigned,2.0,2.0,0.0,1.0,0.0,0.0,0.0,0.0,0,0,0,0,0
36736,-1,0,0.31838727,0.57893115,1,1,unassigned,3.0,3.0,0.0,1.0,0.0,0.0,0.001934236,0.0,0,0,0,1,0
36737,-1,0,2.3055103,0.90933233,1,1,unassigned,6.0,6.0,0.0,1.0,0.0,0.0,0.007736944,0.0,0,0,0,1,1
36738,-1,0,-0.6837455,0.33542588,0,1,unassigned,5.0,3.0,2.0,0.6,0.4,0.39999998,0.0058027077,0.002321083,0,0,0,0,0
36739,-1,0,-0.109205544,0.47272575,0,1,unassigned,33.0,33.0,0.0,1.0,0.0,0.0,0.059961315,0.0,0,0,0,0,0
36740,-1,1,-0.49550587,0.37859738,0,1,unassigned,36.0,34.0,2.0,0.9444444,0.055555556,0.055555582,0.065764025,0.003653557,1,0,0,0,0
36741,-1,0,0.73117024,0.675062,1,1,unassigned,4.0,2.0,2.0,0.5,0.5,0.5,0.003868472,0.001934236,0,0,0,1,0
36742,-1,0,3.7341764,0.97666466,1,1,unassigned,15.0,13.0,2.0,0.8666667,0.13333334,0.13333333,0.025145067,0.0033526758,0,0,0,1,1
36743,-1,0,5.6481194,0.9964882,1,1,unassigned,3.0,3.0,0.0,1.0,0.0,0.0,0.001934236,0.0,0,0,0,1,1
36744,-1,0,1.5587015,0.8261669,1,1,unassigned,3.0,3.0,0.0,1.0,0.0,0.0,0.001934236,0.0,0,0,0,1,0
36745,0,1,0.21166086,0.5527185,1,1,val,42.0,37.0,5.0,0.88095236,0.11904762,0.11904764,0.07736944,0.009210647,1,0,0,1,0
36746,-1,0,0.32148427,0.5796859,1,1,unassigned,9.0,9.0,0.0,1.0,0.0,0.0,0.013539651,0.0,0,0,0,1,0
36747,-1,1,2.180158,0.89845353,1,1,unassigned,5.0,5.0,0.0,1.0,0.0,0.0,0.0058027077,0.0,1,0,0,1,0
36748,-1,1,-0.933195,0.28227696,0,1,unassigned,4.0,3.0,1.0,0.75,0.25,0.25,0.003868472,0.000967118,1,0,0,0,0
36749,-1,1,-0.17967781,0.455201,0,1,unassigned,33.0,32.0,1.0,0.969697,0.030303031,0.030303001,0.059961315,0.0018170096,1,0,0,0,0
36750,1,1,3.7574923,0.9771902,1,0,unassigned,27.0,27.0,0.0,1.0,0.0,0.0,0.0483559,0.0,1,0,1,1,1
36751,-1,1,0.015099108,0.50377476,1,1,unassigned,20.0,20.0,0.0,1.0,0.0,0.0,0.034816246,0.0,1,0,0,1,0
36752,-1,1,0.8287806,0.696097,1,1,unassigned,53.0,53.0,0.0,1.0,0.0,0.0,0.09864604,0.0,1,0,0,1,0
36753,-1,1,0.85510427,0.7016368,1,1,unassigned,9.0,9.0,0.0,1.0,0.0,0.0,0.013539651,0.0,1,0,0,1,0
36754,-1,1,8.592477,0.99981457,1,1,unassigned,15.0,15.0,0.0,1.0,0.0,0.0,0.025145067,0.0,1,0,0,1,1
36755,-1,0,0.48881847,0.61982805,1,1,unassigned,2.0,2.0,0.0,1.0,0.0,0.0,0.0,0.0,0,0,0,1,0
36756,-1,0,-0.3590128,0.41119853,0,1,unassigned,19.0,15.0,4.0,0.7894737,0.21052632,0.21052629,0.032882012,0.006922529,0,0,0,0,0
36757,-1,0,-0.44921455,0.38954756,0,1,unassigned,47.0,47.0,0.0,1.0,0.0,0.0,0.08704062,0.0,0,0,0,0,0
36758,0,0,-0.19905758,0.45039928,0,0,test,14.0,13.0,1.0,0.9285714,0.071428575,0.0714286,0.023210831,0.0016579166,0,0,1,0,0
36759,-1,0,2.6039183,0.93111336,1,1,unassigned,7.0,6.0,1.0,0.85714287,0.14285715,0.14285713,0.00967118,0.0013815971,0,0,0,1,1
36760,1,1,16.10522,0.9999999,1,0,unassigned,2.0,1.0,1.0,0.5,0.5,0.5,0.0,0.0,1,0,1,1,1
36761,-1,0,-0.29234388,0.42743015,0,1,unassigned,14.0,14.0,0.0,1.0,0.0,0.0,0.023210831,0.0,0,0,0,0,0
36762,-1,0,-0.40136778,0.40098378,0,1,unassigned,6.0,5.0,1.0,0.8333333,0.16666667,0.16666669,0.007736944,0.0012894907,0,0,0,0,0
36763,-1,0,1.7015567,0.84573793,1,1,unassigned,5.0,5.0,0.0,1.0,0.0,0.0,0.0058027077,0.0,0,0,0,1,0
36764,-1,0,0.077040136,0.5192505,1,1,unassigned,27.0,27.0,0.0,1.0,0.0,0.0,0.0483559,0.0,0,0,0,1,0
36765,-1,0,0.435283,0.6071345,1,1,unassigned,11.0,11.0,0.0,1.0,0.0,0.0,0.017408123,0.0,0,0,0,1,0
36766,-1,0,-0.9783064,0.27322796,0,1,unassigned,2.0,2.0,0.0,1.0,0.0,0.0,0.0,0.0,0,0,0,0,0
36767,1,0,0.9962091,0.7303125,1,0,unassigned,8.0,8.0,0.0,1.0,0.0,0.0,0.0116054155,0.0,0,0,1,1,0
36768,-1,0,4.45379,0.98849946,1,1,unassigned,8.0,8.0,0.0,1.0,0.0,0.0,0.0116054155,0.0,0,0,0,1,1
36769,-1,1,-0.5947007,0.35555702,0,1,unassigned,4.0,4.0,0.0,1.0,0.0,0.0,0.003868472,0.0,1,0,0,0,0
36770,-1,1,5.432593,0.99564725,1,1,unassigned,4.0,2.0,2.0,0.5,0.5,0.5,0.003868472,0.001934236,1,0,0,1,1
36771,-1,1,3.366402,0.96663785,1,1,unassigned,6.0,6.0,0.0,1.0,0.0,0.0,0.007736944,0.0,1,0,0,1,1
36772,-1,0,-0.68180835,0.3358578,0,1,unassigned,30.0,30.0,0.0,1.0,0.0,0.0,0.054158606,0.0,0,0,0,0,0
36773,0,0,1.3224773,0.7895936,1,1,val,15.0,15.0,0.0,1.0,0.0,0.0,0.025145067,0.0,0,0,0,1,0
36774,-1,0,0.26898605,0.5668439,1,1,unassigned,9.0,9.0,0.0,1.0,0.0,0.0,0.013539651,0.0,0,0,0,1,0
36775,-1,0,-0.27097657,0.43266734,0,1,unassigned,24.0,23.0,1.0,0.9583333,0.041666668,0.041666687,0.04255319,0.0017730496,0,0,0,0,0
36776,-1,0,-0.12850812,0.46791708,0,1,unassigned,2.0,2.0,0.0,1.0,0.0,0.0,0.0,0.0,0,0,0,0,0
36777,1,0,0.12696189,0.5316979,1,0,unassigned,19.0,19.0,0.0,1.0,0.0,0.0,0.032882012,0.0,0,0,1,1,0
36778,-1,1,0.31934386,0.5791643,1,1,unassigned,2.0,2.0,0.0,1.0,0.0,0.0,0.0,0.0,1,0,0,1,0
36779,0,0,0.10379726,0.52592605,1,1,unassigned,15.0,15.0,0.0,1.0,0.0,0.0,0.025145067,0.0,0,0,0,1,0
36780,-1,0,0.20246184,0.5504433,1,1,unassigned,8.0,8.0,0.0,1.0,0.0,0.0,0.0116054155,0.0,0,0,0,1,0
36781,-1,0,13.128828,0.999998,1,1,unassigned,7.0,7.0,0.0,1.0,0.0,0.0,0.00967118,0.0,0,0,0,1,1
36782,-1,0,-1.3357657,0.20820723,0,1,unassigned,2.0,2.0,0.0,1.0,0.0,0.0,0.0,0.0,0,0,0,0,0
36783,0,0,0.22473925,0.5559495,1,1,unassigned,26.0,26.0,0.0,1.0,0.0,0.0,0.046421662,0.0,0,0,0,1,0
36784,-1,0,-0.714643,0.32857373,0,1,unassigned,19.0,19.0,0.0,1.0,0.0,0.0,0.032882012,0.0,0,0,0,0,0
36785,-1,0,-0.20447731,0.44905803,0,1,unassigned,17.0,16.0,1.0,0.9411765,0.05882353,0.058823526,0.029013539,0.0017066788,0,0,0,0,0
36786,-1,0,-0.12581608,0.46858743,0,1,unassigned,16.0,15.0,1.0,0.9375,0.0625,0.0625,0.027079303,0.0016924564,0,0,0,0,0
36787,-1,0,1.4569044,0.81105876,1,1,unassigned,4.0,4.0,0.0,1.0,0.0,0.0,0.003868472,0.0,0,0,0,1,0
36788,0,0,-0.41773778,0.39705822,0,0,unassigned,34.0,34.0,0.0,1.0,0.0,0.0,0.061895553,0.0,0,0,1,0,0
36789,-1,0,7.0858827,0.99916387,1,1,unassigned,2.0,2.0,0.0,1.0,0.0,0.0,0.0,0.0,0,0,0,1,1
36790,-1,1,1.6508434,0.83900505,1,1,unassigned,44.0,43.0,1.0,0.97727275,0.022727273,0.022727251,0.08123791,0.0018463163,1,0,0,1,0
36791,-1,1,4.3403096,0.98713523,1,1,unassigned,50.0,47.0,3.0,0.94,0.06,0.060000002,0.092843324,0.0055705993,1,0,0,1,1
36792,-1,0,1.6618435,0.8404853,1,1,unassigned,2.0,1.0,1.0,0.5,0.5,0.5,0.0,0.0,0,0,0,1,0
36793,-1,0,2.7116587,0.9377111,1,1,unassigned,20.0,20.0,0.0,1.0,0.0,0.0,0.034816246,0.0,0,0,0,1,1
36794,-1,1,-0.63062185,0.34736955,0,1,unassigned,2.0,2.0,0.0,1.0,0.0,0.0,0.0,0.0,1,0,0,0,0
36795,-1,0,2.2851303,0.90763795,1,1,unassigned,9.0,8.0,1.0,0.8888889,0.11111111,0.111111104,0.013539651,0.0015044058,0,0,0,1,1
36796,-1,0,4.247071,0.9858957,1,1,unassigned,3.0,3.0,0.0,1.0,0.0,0.0,0.001934236,0.0,0,0,0,1,1
36797,-1,1,0.38601822,0.5953238,1,1,unassigned,5.0,5.0,0.0,1.0,0.0,0.0,0.0058027077,0.0,1,0,0,1,0
36798,0,0,-0.3684161,0.4089238,0,0,test,2.0,2.0,0.0,1.0,0.0,0.0,0.0,0.0,0,0,1,0,0
36799,0,0,-0.37373018,0.40763998,0,0,test,9.0,9.0,0.0,1.0,0.0,0.0,0.013539651,0.0,0,0,1,0,0
36800,-1,1,6.9202075,0.9990133,1,1,unassigned,4.0,3.0,1.0,0.75,0.25,0.25,0.003868472,0.000967118,1,0,0,1,1
36801,-1,1,-0.60559213,0.35306534,0,1,unassigned,27.0,26.0,1.0,0.962963,0.037037037,0.037037015,0.0483559,0.0017909593,1,0,0,0,0
36802,-1,0,2.329181,0.9112651,1,1,unassigned,2.0,2.0,0.0,1.0,0.0,0.0,0.0,0.0,0,0,0,1,1
36803,-1,0,0.03718126,0.5092943,1,1,unassigned,5.0,5.0,0.0,1.0,0.0,0.0,0.0058027077,0.0,0,0,0,1,0
36804,1,0,0.07924861,0.5198018,1,0,unassigned,17.0,13.0,4.0,0.7647059,0.23529412,0.2352941,0.029013539,0.006826715,0,0,1,1,0
36805,-1,0,0.2810573,0.5698054,1,1,unassigned,14.0,14.0,0.0,1.0,0.0,0.0,0.023210831,0.0,0,0,0,1,0
36806,-1,0,0.6329499,0.65315807,1,1,unassigned,14.0,14.0,0.0,1.0,0.0,0.0,0.023210831,0.0,0,0,0,1,0
36807,-1,0,-0.13461971,0.4663958,0,1,unassigned,5.0,5.0,0.0,1.0,0.0,0.0,0.0058027077,0.0,0,0,0,0,0
36808,-1,0,-0.2482309,0.43825898,0,1,unassigned,21.0,21.0,0.0,1.0,0.0,0.0,0.036750484,0.0,0,0,0,0,0
36809,0,0,0.48649603,0.61928064,1,1,val,7.0,7.0,0.0,1.0,0.0,0.0,0.00967118,0.0,0,0,0,1,0
36810,0,0,-0.40139782,0.40097654,0,0,unassigned,11.0,11.0,0.0,1.0,0.0,0.0,0.017408123,0.0,0,0,1,0,0
36811,-1,0,6.830526,0.9989209,1,1,unassigned,10.0,10.0,0.0,1.0,0.0,0.0,0.015473888,0.0,0,0,0,1,1
36812,-1,0,0.13543838,0.53380793,1,1,unassigned,15.0,15.0,0.0,1.0,0.0,0.0,0.025145067,0.0,0,0,0,1,0
36813,-1,0,-0.47953898,0.382361,0,1,unassigned,2.0,2.0,0.0,1.0,0.0,0.0,0.0,0.0,0,0,0,0,0
36814,1,0,0.03409326,0.50852245,1,0,test,13.0,10.0,3.0,0.7692308,0.23076923,0.23076922,0.021276595,0.0049099834,0,0,1,1,0
36815,-1,0,0.5267827,0.6287324,1,1,unassigned,18.0,17.0,1.0,0.9444444,0.055555556,0.055555582,0.030947777,0.0017193209,0,0,0,1,0
36816,-1,0,1.2850096,0.7833013,1,1,unassigned,5.0,5.0,0.0,1.0,0.0,0.0,0.0058027077,0.0,0,0,0,1,0
36817,0,0,-0.20001587,0.45016205,0,0,test,98.0,98.0,0.0,1.0,0.0,0.0,0.18568665,0.0,0,0,1,0,0
36818,-1,0,-0.8429829,0.30090693,0,1,unassigned,32.0,32.0,0.0,1.0,0.0,0.0,0.058027077,0.0,0,0,0,0,0
36819,-1,1,2.1674466,0.8972879,1,1,unassigned,7.0,7.0,0.0,1.0,0.0,0.0,0.00967118,0.0,1,0,0,1,0
36820,-1,1,2.1566353,0.8962872,1,1,unassigned,9.0,8.0,1.0,0.8888889,0.11111111,0.111111104,0.013539651,0.0015044058,1,0,0,1,0
36821,-1,0,4.5207877,0.98923665,1,1,unassigned,3.0,3.0,0.0,1.0,0.0,0.0,0.001934236,0.0,0,0,0,1,1
36822,-1,1,0.8207912,0.6944043,1,1,unassigned,4.0,4.0,0.0,1.0,0.0,0.0,0.003868472,0.0,1,0,0,1,0
36823,-1,1,-1.0140405,0.26618987,0,1,unassigned,3.0,3.0,0.0,1.0,0.0,0.0,0.001934236,0.0,1,0,0,0,0
36824,-1,1,2.1902933,0.8993745,1,1,unassigned,6.0,4.0,2.0,0.6666667,0.33333334,0.3333333,0.007736944,0.0025789815,1,0,0,1,0
36825,-1,0,-0.6002605,0.35428408,0,1,unassigned,10.0,9.0,1.0,0.9,0.1,0.100000024,0.015473888,0.0015473888,0,0,0,0,0
36826,-1,0,5.990428,0.9975037,1,1,unassigned,3.0,3.0,0.0,1.0,0.0,0.0,0.001934236,0.0,0,0,0,1,1
36827,1,0,1.6155179,0.83417606,1,0,val,14.0,14.0,0.0,1.0,0.0,0.0,0.023210831,0.0,0,0,1,1,0
36828,-1,0,-0.28289235,0.42974484,0,1,unassigned,14.0,12.0,2.0,0.85714287,0.14285715,0.14285713,0.023210831,0.0033158332,0,0,0,0,0
36829,-1,0,0.35469347,0.58775526,1,1,unassigned,2.0,2.0,0.0,1.0,0.0,0.0,0.0,0.0,0,0,0,1,0
36830,-1,0,-0.37842536,0.40650675,0,1,unassigned,30.0,29.0,1.0,0.96666664,0.033333335,0.03333336,0.054158606,0.001805287,0,0,0,0,0
36831,-1,0,3.0533314,0.95492613,1,1,unassigned,15.0,15.0,0.0,1.0,0.0,0.0,0.025145067,0.0,0,0,0,1,1
36832,-1,0,-0.39615387,0.4022368,0,1,unassigned,77.0,77.0,0.0,1.0,0.0,0.0,0.14506769,0.0,0,0,0,0,0
36833,-1,1,-0.6482661,0.34338036,0,1,unassigned,16.0,16.0,0.0,1.0,0.0,0.0,0.027079303,0.0,1,0,0,0,0
36834,1,0,7.3424916,0.999353,1,0,unassigned,19.0,16.0,3.0,0.84210527,0.15789473,0.15789473,0.032882012,0.0051918966,0,0,1,1,1
36835,-1,1,1.2471485,0.7768058,1,1,unassigned,23.0,23.0,0.0,1.0,0.0,0.0,0.040618956,0.0,1,0,0,1,0
36836,-1,0,1.39451,0.80131125,1,1,unassigned,7.0,7.0,0.0,1.0,0.0,0.0,0.00967118,0.0,0,0,0,1,0
36837,-1,1,3.3769763,0.9669772,1,1,unassigned,17.0,17.0,0.0,1.0,0.0,0.0,0.029013539,0.0,1,0,0,1,1
36838,-1,1,1.3072147,0.7870467,1,1,unassigned,22.0,22.0,0.0,1.0,0.0,0.0,0.03868472,0.0,1,0,0,1,0
36839,-1,1,5.496465,0.9959155,1,1,unassigned,15.0,13.0,2.0,0.8666667,0.13333334,0.13333333,0.025145067,0.0033526758,1,0,0,1,1
36840,-1,0,0.09543949,0.52384174,1,1,unassigned,20.0,18.0,2.0,0.9,0.1,0.100000024,0.034816246,0.0034816246,0,0,0,1,0
36841,-1,0,-0.47461855,0.38352367,0,1,unassigned,7.0,7.0,0.0,1.0,0.0,0.0,0.00967118,0.0,0,0,0,0,0
36842,-1,0,-0.38236612,0.40555632,0,1,unassigned,12.0,12.0,0.0,1.0,0.0,0.0,0.01934236,0.0,0,0,0,0,0
36843,-1,0,0.43769068,0.60770863,1,1,unassigned,12.0,12.0,0.0,1.0,0.0,0.0,0.01934236,0.0,0,0,0,1,0
36844,-1,1,1.784733,0.85628027,1,1,unassigned,3.0,3.0,0.0,1.0,0.0,0.0,0.001934236,0.0,1,0,0,1,0
36845,-1,0,-0.47299314,0.38390803,0,1,unassigned,5.0,5.0,0.0,1.0,0.0,0.0,0.0058027077,0.0,0,0,0,0,0
36846,-1,1,-0.73309225,0.32451653,0,1,unassigned,51.0,48.0,3.0,0.9411765,0.05882353,0.058823526,0.09477756,0.0055751507,1,0,0,0,0
36847,-1,0,0.8128262,0.6927114,1,1,unassigned,3.0,3.0,0.0,1.0,0.0,0.0,0.001934236,0.0,0,0,0,1,0
36848,-1,0,-0.5164304,0.37368733,0,1,unassigned,8.0,8.0,0.0,1.0,0.0,0.0,0.0116054155,0.0,0,0,0,0,0
36849,-1,0,11.062855,0.99998426,1,1,unassigned,2.0,2.0,0.0,1.0,0.0,0.0,0.0,0.0,0,0,0,1,1
36850,-1,0,-0.4321643,0.3936096,0,1,unassigned,11.0,11.0,0.0,1.0,0.0,0.0,0.017408123,0.0,0,0,0,0,0
36851,-1,0,8.6610985,0.99982685,1,1,unassigned,2.0,2.0,0.0,1.0,0.0,0.0,0.0,0.0,0,0,0,1,1
36852,-1,0,-0.43570697,0.39276436,0,1,unassigned,4.0,4.0,0.0,1.0,0.0,0.0,0.003868472,0.0,0,0,0,0,0
36853,-1,0,5.2856946,0.994962,1,1,unassigned,4.0,3.0,1.0,0.75,0.25,0.25,0.003868472,0.000967118,0,0,0,1,1
36854,-1,1,0.92194396,0.715438,1,1,unassigned,4.0,2.0,2.0,0.5,0.5,0.5,0.003868472,0.001934236,1,0,0,1,0
36855,-1,0,-0.55799323,0.3640119,0,1,unassigned,24.0,24.0,0.0,1.0,0.0,0.0,0.04255319,0.0,0,0,0,0,0
36856,0,0,-0.1892373,0.45283133,0,0,val,16.0,16.0,0.0,1.0,0.0,0.0,0.027079303,0.0,0,0,1,0,0
36857,-1,0,-0.8854888,0.29204166,0,1,unassigned,4.0,4.0,0.0,1.0,0.0,0.0,0.003868472,0.0,0,0,0,0,0
36858,-1,1,1.6062908,0.83289576,1,1,unassigned,10.0,8.0,2.0,0.8,0.2,0.19999999,0.015473888,0.0030947777,1,0,0,1,0
36859,-1,0,-0.89886284,0.28928426,0,1,unassigned,3.0,1.0,2.0,0.33333334,0.6666667,0.6666666,0.001934236,0.0012894907,0,0,0,0,0
36860,-1,0,2.2083995,0.9010012,1,1,unassigned,7.0,7.0,0.0,1.0,0.0,0.0,0.00967118,0.0,0,0,0,1,1
36861,-1,0,0.26149362,0.5650034,1,1,unassigned,9.0,9.0,0.0,1.0,0.0,0.0,0.013539651,0.0,0,0,0,1,0
36862,-1,0,1.0845532,0.7473547,1,1,unassigned,10.0,10.0,0.0,1.0,0.0,0.0,0.015473888,0.0,0,0,0,1,0
36863,-1,1,0.81969815,0.69417226,1,1,unassigned,7.0,5.0,2.0,0.71428573,0.2857143,0.28571427,0.00967118,0.0027631943,1,0,0,1,0
36864,-1,0,4.5432997,0.98947376,1,1,unassigned,16.0,14.0,2.0,0.875,0.125,0.125,0.027079303,0.0033849129,0,0,0,1,1
36865,-1,0,2.0552385,0.8864759,1,1,unassigned,2.0,1.0,1.0,0.5,0.5,0.5,0.0,0.0,0,0,0,1,0
36866,-1,0,-0.46821776,0.38503817,0,1,unassigned,3.0,3.0,0.0,1.0,0.0,0.0,0.001934236,0.0,0,0,0,0,0
36867,-1,1,-0.10427618,0.47395456,0,1,unassigned,24.0,24.0,0.0,1.0,0.0,0.0,0.04255319,0.0,1,0,0,0,0
36868,-1,0,0.5643824,0.63746595,1,1,unassigned,12.0,11.0,1.0,0.9166667,0.083333336,0.08333331,0.01934236,0.0016118633,0,0,0,1,0
36869,-1,1,-0.28417116,0.42943144,0,1,unassigned,11.0,11.0,0.0,1.0,0.0,0.0,0.017408123,0.0,1,0,0,0,0
36870,-1,1,4.394597,0.9878066,1,1,unassigned,9.0,7.0,2.0,0.7777778,0.22222222,0.22222221,0.013539651,0.0030088115,1,0,0,1,1
36871,-1,1,1.0817573,0.7468264,1,1,unassigned,5.0,5.0,0.0,1.0,0.0,0.0,0.0058027077,0.0,1,0,0,1,0
36872,-1,0,0.01245147,0.5031128,1,1,unassigned,7.0,2.0,5.0,0.2857143,0.71428573,0.71428573,0.00967118,0.0069079855,0,0,0,1,0
36873,-1,1,1.6469688,0.83848095,1,1,unassigned,4.0,4.0,0.0,1.0,0.0,0.0,0.003868472,0.0,1,0,0,1,0
36874,1,0,1.4247763,0.80608606,1,0,unassigned,3.0,2.0,1.0,0.6666667,0.33333334,0.3333333,0.001934236,0.00064474536,0,0,1,1,0
36875,-1,1,0.16887724,0.54211926,1,1,unassigned,3.0,3.0,0.0,1.0,0.0,0.0,0.001934236,0.0,1,0,0,1,0
36876,-1,0,-0.049598873,0.48760283,0,1,unassigned,8.0,8.0,0.0,1.0,0.0,0.0,0.0116054155,0.0,0,0,0,0,0
36877,-1,1,-0.30954695,0.42322528,0,1,unassigned,43.0,40.0,3.0,0.9302326,0.069767445,0.069767416,0.079303674,0.0055328147,1,0,0,0,0
36878,-1,0,23.801905,1.0,1,1,unassigned,2.0,2.0,0.0,1.0,0.0,0.0,0.0,0.0,0,0,0,1,1
36879,-1,0,0.3823226,0.5944331,1,1,unassigned,12.0,12.0,0.0,1.0,0.0,0.0,0.01934236,0.0,0,0,0,1,0
36880,0,0,-0.9018314,0.2886743,0,0,unassigned,77.0,77.0,0.0,1.0,0.0,0.0,0.14506769,0.0,0,0,1,0,0
36881,-1,0,7.1309285,0.99920064,1,1,unassigned,2.0,2.0,0.0,1.0,0.0,0.0,0.0,0.0,0,0,0,1,1
36882,-1,0,0.03807503,0.5095176,1,1,unassigned,13.0,13.0,0.0,1.0,0.0,0.0,0.021276595,0.0,0,0,0,1,0
36883,1,1,0.2731046,0.56785494,1,0,val,2.0,2.0,0.0,1.0,0.0,0.0,0.0,0.0,1,0,1,1,0
36884,-1,0,-0.27839488,0.43084735,0,1,unassigned,15.0,15.0,0.0,1.0,0.0,0.0,0.025145067,0.0,0,0,0,0,0
36885,-1,0,3.5036256,0.9707908,1,1,unassigned,20.0,18.0,2.0,0.9,0.1,0.100000024,0.034816246,0.0034816246,0,0,0,1,1
36886,-1,0,0.5793788,0.64092445,1,1,unassigned,59.0,59.0,0.0,1.0,0.0,0.0,0.11025145,0.0,0,0,0,1,0
36887,-1,0,-0.48989865,0.37991747,0,1,unassigned,19.0,19.0,0.0,1.0,0.0,0.0,0.032882012,0.0,0,0,0,0,0
36888,-1,0,2.7689335,0.94097376,1,1,unassigned,6.0,4.0,2.0,0.6666667,0.33333334,0.3333333,0.007736944,0.0025789815,0,0,0,1,1
36889,-1,0,3.7133,0.9761841,1,1,unassigned,3.0,3.0,0.0,1.0,0.0,0.0,0.001934236,0.0,0,0,0,1,1
36890,0,0,-0.09516817,0.4762259,0,0,unassigned,9.0,9.0,0.0,1.0,0.0,0.0,0.013539651,0.0,0,0,1,0,0
36891,-1,1,-0.07088578,0.48228595,0,1,unassigned,18.0,17.0,1.0,0.9444444,0.055555556,0.055555582,0.030947777,0.0017193209,1,0,0,0,0
36892,-1,0,3.1404023,0.95852894,1,1,unassigned,3.0,2.0,1.0,0.6666667,0.33333334,0.3333333,0.001934236,0.00064474536,0,0,0,1,1
36893,-1,0,4.51067,0.9891284,1,1,unassigned,8.0,3.0,5.0,0.375,0.625,0.625,0.0116054155,0.0072533847,0,0,0,1,1
36894,-1,1,4.346025,0.9872076,1,1,unassigned,6.0,4.0,2.0,0.6666667,0.33333334,0.3333333,0.007736944,0.0025789815,1,0,0,1,1
36895,-1,0,-0.41082805,0.39871356,0,1,unassigned,3.0,2.0,1.0,0.6666667,0.33333334,0.3333333,0.001934236,0.00064474536,0,0,0,0,0
36896,-1,0,-1.8210554,0.13930728,0,1,unassigned,2.0,1.0,1.0,0.5,0.5,0.5,0.0,0.0,0,0,0,0,0
36897,-1,0,3.6956227,0.9757697,1,1,unassigned,19.0,14.0,5.0,0.7368421,0.2631579,0.2631579,0.032882012,0.008653161,0,0,0,1,1
36898,-1,0,-0.6212138,0.34950548,0,1,unassigned,87.0,81.0,6.0,0.9310345,0.06896552,0.068965495,0.16441005,0.011338624,0,0,0,0,0
36899,-1,1,-0.4166401,0.397321,0,1,unassigned,28.0,28.0,0.0,1.0,0.0,0.0,0.050290134,0.0,1,0,0,0,0
36900,-1,1,-0.40763474,0.3994794,0,1,unassigned,62.0,61.0,1.0,0.983871,0.016129032,0.016129017,0.116054155,0.0018718411,1,0,0,0,0
36901,-1,0,-0.8015786,0.30968794,0,1,unassigned,30.0,30.0,0.0,1.0,0.0,0.0,0.054158606,0.0,0,0,0,0,0
36902,-1,0,-0.37760788,0.40670398,0,1,unassigned,18.0,18.0,0.0,1.0,0.0,0.0,0.030947777,0.0,0,0,0,0,0
36903,-1,0,-0.70889366,0.32984334,0,1,unassigned,31.0,31.0,0.0,1.0,0.0,0.0,0.056092843,0.0,0,0,0,0,0
36904,-1,0,8.274998,0.9997453,1,1,unassigned,3.0,3.0,0.0,1.0,0.0,0.0,0.001934236,0.0,0,0,0,1,1
36905,-1,0,1.7144845,0.847417,1,1,unassigned,14.0,12.0,2.0,0.85714287,0.14285715,0.14285713,0.023210831,0.0033158332,0,0,0,1,0
36906,-1,0,2.5352373,0.9265754,1,1,unassigned,2.0,1.0,1.0,0.5,0.5,0.5,0.0,0.0,0,0,0,1,1
36907,0,0,-0.6898227,0.33407253,0,0,unassigned,3.0,3.0,0.0,1.0,0.0,0.0,0.001934236,0.0,0,0,1,0,0
36908,-1,1,5.6926355,0.9966407,1,1,unassigned,4.0,2.0,2.0,0.5,0.5,0.5,0.003868472,0.001934236,1,0,0,1,1
36909,-1,0,-0.34786874,0.41389933,0,1,unassigned,2.0,2.0,0.0,1.0,0.0,0.0,0.0,0.0,0,0,0,0,0
36910,-1,0,1.3004777,0.78591543,1,1,unassigned,2.0,2.0,0.0,1.0,0.0,0.0,0.0,0.0,0,0,0,1,0
36911,-1,0,-0.21647671,0.44609118,0,1,unassigned,4.0,4.0,0.0,1.0,0.0,0.0,0.003868472,0.0,0,0,0,0,0
36912,1,0,4.8978972,0.992593,1,0,test,4.0,3.0,1.0,0.75,0.25,0.25,0.003868472,0.000967118,0,0,1,1,1
36913,1,0,0.7796568,0.6856062,1,0,unassigned,22.0,22.0,0.0,1.0,0.0,0.0,0.03868472,0.0,0,0,1,1,0
36914,-1,0,-0.24240816,0.439693,0,1,unassigned,52.0,51.0,1.0,0.9807692,0.01923077,0.019230783,0.0967118,0.0018598423,0,0,0,0,0
36915,-1,0,1.49859,0.8173641,1,1,unassigned,8.0,6.0,2.0,0.75,0.25,0.25,0.0116054155,0.0029013539,0,0,0,1,0
36916,-1,0,0.6825023,0.664297,1,1,unassigned,16.0,16.0,0.0,1.0,0.0,0.0,0.027079303,0.0,0,0,0,1,0
36917,-1,0,-0.06003642,0.48499537,0,1,unassigned,5.0,5.0,0.0,1.0,0.0,0.0,0.0058027077,0.0,0,0,0,0,0
36918,-1,0,12.239022,0.9999951,1,1,unassigned,5.0,4.0,1.0,0.8,0.2,0.19999999,0.0058027077,0.0011605415,0,0,0,1,1
36919,-1,0,0.38220745,0.5944054,1,1,unassigned,3.0,1.0,2.0,0.33333334,0.6666667,0.6666666,0.001934236,0.0012894907,0,0,0,1,0
36920,-1,0,1.0374627,0.73836017,1,1,unassigned,3.0,2.0,1.0,0.6666667,0.33333334,0.3333333,0.001934236,0.00064474536,0,0,0,1,0
36921,-1,1,-0.20491704,0.44894928,0,1,unassigned,3.0,3.0,0.0,1.0,0.0,0.0,0.001934236,0.0,1,0,0,0,0
36922,-1,0,-0.11754471,0.4706476,0,1,unassigned,4.0,3.0,1.0,0.75,0.25,0.25,0.003868472,0.000967118,0,0,0,0,0
36923,0,0,-0.36098075,0.4107222,0,0,unassigned,7.0,6.0,1.0,0.85714287,0.14285715,0.14285713,0.00967118,0.0013815971,0,0,1,0,0
36924,1,1,-0.0021885633,0.49945283,0,1,unassigned,3.0,3.0,0.0,1.0,0.0,0.0,0.001934236,0.0,1,0,0,0,0
36925,1,0,0.86651355,0.7040198,1,0,train,24.0,24.0,0.0,1.0,0.0,0.0,0.04255319,0.0,0,0,1,1,0
36926,1,0,0.6383228,0.65437424,1,0,test,7.0,7.0,0.0,1.0,0.0,0.0,0.00967118,0.0,0,0,1,1,0
36927,-1,0,-0.17830741,0.45554084,0,1,unassigned,21.0,21.0,0.0,1.0,0.0,0.0,0.036750484,0.0,0,0,0,0,0
36928,-1,0,-0.008360386,0.49790984,0,1,unassigned,28.0,28.0,0.0,1.0,0.0,0.0,0.050290134,0.0,0,0,0,0,0
36929,-1,1,3.4307663,0.96865237,1,1,unassigned,3.0,3.0,0.0,1.0,0.0,0.0,0.001934236,0.0,1,0,0,1,1
36930,-1,1,2.0928419,0.89020556,1,1,unassigned,7.0,5.0,2.0,0.71428573,0.2857143,0.28571427,0.00967118,0.0027631943,1,0,0,1,0
36931,0,0,-0.0007401109,0.49981493,0,0,unassigned,9.0,9.0,0.0,1.0,0.0,0.0,0.013539651,0.0,0,0,1,0,0
36932,-1,0,6.1069646,0.99777764,1,1,unassigned,2.0,2.0,0.0,1.0,0.0,0.0,0.0,0.0,0,0,0,1,1
36933,-1,0,3.0009587,0.9526174,1,1,unassigned,11.0,7.0,4.0,0.6363636,0.36363637,0.36363637,0.017408123,0.006330227,0,0,0,1,1
36934,-1,0,6.097633,0.9977569,1,1,unassigned,3.0,3.0,0.0,1.0,0.0,0.0,0.001934236,0.0,0,0,0,1,1
36935,-1,0,1.636718,0.83708787,1,1,unassigned,34.0,30.0,4.0,0.88235295,0.11764706,0.11764705,0.061895553,0.0072818296,0,0,0,1,0
36936,-1,1,3.0608766,0.9552498,1,1,unassigned,16.0,16.0,0.0,1.0,0.0,0.0,0.027079303,0.0,1,0,0,1,1
36937,-1,0,0.6242643,0.6511878,1,1,unassigned,3.0,3.0,0.0,1.0,0.0,0.0,0.001934236,0.0,0,0,0,1,0
36938,-1,0,-0.32656023,0.41907778,0,1,unassigned,3.0,2.0,1.0,0.6666667,0.33333334,0.3333333,0.001934236,0.00064474536,0,0,0,0,0
36939,-1,1,0.27039582,0.56719005,1,1,unassigned,3.0,3.0,0.0,1.0,0.0,0.0,0.001934236,0.0,1,0,0,1,0
36940,-1,1,2.0942304,0.8903411,1,1,unassigned,11.0,7.0,4.0,0.6363636,0.36363637,0.36363637,0.017408123,0.006330227,1,0,0,1,0
36941,-1,0,2.2371602,0.9035373,1,1,unassigned,9.0,7.0,2.0,0.7777778,0.22222222,0.22222221,0.013539651,0.0030088115,0,0,0,1,1
36942,-1,0,3.183627,0.9602134,1,1,unassigned,35.0,33.0,2.0,0.94285715,0.057142857,0.057142854,0.06382979,0.0036474164,0,0,0,1,1
36943,-1,0,2.4406211,0.9198729,1,1,unassigned,5.0,5.0,0.0,1.0,0.0,0.0,0.0058027077,0.0,0,0,0,1,1
36944,-1,0,-0.05883491,0.48529547,0,1,unassigned,29.0,29.0,0.0,1.0,0.0,0.0,0.05222437,0.0,0,0,0,0,0
36945,-1,0,0.39810365,0.5982319,1,1,unassigned,9.0,3.0,6.0,0.33333334,0.6666667,0.6666666,0.013539651,0.009026434,0,0,0,1,0
36946,-1,1,2.8361552,0.9445986,1,1,unassigned,23.0,15.0,8.0,0.65217394,0.3478261,0.34782606,0.040618956,0.014128333,1,0,0,1,1
36947,-1,1,-0.29738563,0.4261967,0,1,unassigned,8.0,8.0,0.0,1.0,0.0,0.0,0.0116054155,0.0,1,0,0,0,0
36948,-1,0,3.293671,0.96421105,1,1,unassigned,2.0,2.0,0.0,1.0,0.0,0.0,0.0,0.0,0,0,0,1,1
36949,-1,0,-0.47627217,0.3831328,0,1,unassigned,59.0,58.0,1.0,0.9830508,0.016949153,0.016949177,0.11025145,0.0018686686,0,0,0,0,0
36950,-1,0,0.11854911,0.52960265,1,1,unassigned,2.0,2.0,0.0,1.0,0.0,0.0,0.0,0.0,0,0,0,1,0
36951,-1,0,1.5180335,0.8202487,1,1,unassigned,2.0,2.0,0.0,1.0,0.0,0.0,0.0,0.0,0,0,0,1,0
36952,-1,0,-1.1899848,0.23326166,0,1,unassigned,2.0,2.0,0.0,1.0,0.0,0.0,0.0,0.0,0,0,0,0,0
36953,1,1,0.32448924,0.5804179,1,0,val,61.0,58.0,3.0,0.9508197,0.04918033,0.04918033,0.114119925,0.0056124553,1,0,1,1,0
36954,1,1,0.2239359,0.55575114,1,0,unassigned,4.0,3.0,1.0,0.75,0.25,0.25,0.003868472,0.000967118,1,0,1,1,0
36955,-1,0,-0.80039716,0.30994055,0,1,unassigned,40.0,39.0,1.0,0.975,0.025,0.024999976,0.07350097,0.0018375242,0,0,0,0,0
36956,-1,1,4.7173347,0.9911402,1,1,unassigned,16.0,15.0,1.0,0.9375,0.0625,0.0625,0.027079303,0.0016924564,1,0,0,1,1
36957,-1,1,-0.18453133,0.45399764,0,1,unassigned,25.0,25.0,0.0,1.0,0.0,0.0,0.044487428,0.0,1,0,0,0,0
36958,-1,0,-1.3173051,0.211267,0,1,unassigned,3.0,3.0,0.0,1.0,0.0,0.0,0.001934236,0.0,0,0,0,0,0
36959,-1,1,0.1979925,0.5493371,1,1,unassigned,6.0,5.0,1.0,0.8333333,0.16666667,0.16666669,0.007736944,0.0012894907,1,0,0,1,0
36960,-1,1,-0.87562865,0.29408443,0,1,unassigned,24.0,24.0,0.0,1.0,0.0,0.0,0.04255319,0.0,1,0,0,0,0
36961,-1,0,-0.545204,0.3669778,0,1,unassigned,5.0,5.0,0.0,1.0,0.0,0.0,0.0058027077,0.0,0,0,0,0,0
36962,-1,0,-0.15390188,0.4616003,0,1,unassigned,36.0,32.0,4.0,0.8888889,0.11111111,0.111111104,0.065764025,0.007307114,0,0,0,0,0
36963,-1,0,-0.8438644,0.30072153,0,1,unassigned,39.0,39.0,0.0,1.0,0.0,0.0,0.07156673,0.0,0,0,0,0,0
36964,-1,1,7.085051,0.99916315,1,1,unassigned,159.0,157.0,2.0,0.9874214,0.012578616,0.012578607,0.30367506,0.0038198119,1,0,0,1,1
36965,-1,1,-0.11951107,0.47015774,0,1,unassigned,48.0,36.0,12.0,0.75,0.25,0.25,0.088974856,0.022243714,1,0,0,0,0
36966,1,0,-0.78119963,0.3140614,0,1,test,3.0,3.0,0.0,1.0,0.0,0.0,0.001934236,0.0,0,0,0,0,0
36967,0,0,-0.59926105,0.35451278,0,0,unassigned,26.0,26.0,0.0,1.0,0.0,0.0,0.046421662,0.0,0,0,1,0,0
36968,-1,0,-0.06659043,0.48335853,0,1,unassigned,5.0,5.0,0.0,1.0,0.0,0.0,0.0058027077,0.0,0,0,0,0,0
36969,-1,0,-0.49551558,0.37859508,0,1,unassigned,18.0,18.0,0.0,1.0,0.0,0.0,0.030947777,0.0,0,0,0,0,0
36970,-1,0,-0.33296567,0.4175192,0,1,unassigned,53.0,52.0,1.0,0.9811321,0.018867925,0.01886791,0.09864604,0.0018612461,0,0,0,0,0
36971,-1,1,0.014803231,0.50370073,1,1,unassigned,4.0,4.0,0.0,1.0,0.0,0.0,0.003868472,0.0,1,0,0,1,0
36972,-1,0,-0.18382993,0.45417154,0,1,unassigned,2.0,2.0,0.0,1.0,0.0,0.0,0.0,0.0,0,0,0,0,0
36973,-1,0,-0.22035295,0.44513357,0,1,unassigned,32.0,31.0,1.0,0.96875,0.03125,0.03125,0.058027077,0.0018133462,0,0,0,0,0
36974,-1,0,-0.51232857,0.3746478,0,1,unassigned,29.0,29.0,0.0,1.0,0.0,0.0,0.05222437,0.0,0,0,0,0,0
36975,-1,1,0.43794137,0.6077684,1,1,unassigned,10.0,6.0,4.0,0.6,0.4,0.39999998,0.015473888,0.0061895554,1,0,0,1,0
36976,-1,1,1.116288,0.75329953,1,1,unassigned,45.0,42.0,3.0,0.93333334,0.06666667,0.06666666,0.08317215,0.00554481,1,0,0,1,0
36977,-1,0,2.537735,0.9267452,1,1,unassigned,4.0,4.0,0.0,1.0,0.0,0.0,0.003868472,0.0,0,0,0,1,1
36978,-1,1,0.24240667,0.56030667,1,1,unassigned,15.0,14.0,1.0,0.93333334,0.06666667,0.06666666,0.025145067,0.0016763379,1,0,0,1,0
36979,-1,0,2.3782089,0.91515046,1,1,unassigned,3.0,3.0,0.0,1.0,0.0,0.0,0.001934236,0.0,0,0,0,1,1
36980,-1,1,-0.51754606,0.37342623,0,1,unassigned,26.0,26.0,0.0,1.0,0.0,0.0,0.046421662,0.0,1,0,0,0,0
36981,-1,1,-0.37855884,0.4064745,0,1,unassigned,57.0,54.0,3.0,0.94736844,0.05263158,0.052631557,0.10638298,0.0055991043,1,0,0,0,0
36982,1,1,-0.5656355,0.36224452,0,1,unassigned,47.0,45.0,2.0,0.9574468,0.04255319,0.042553186,0.08704062,0.003703856,1,0,0,0,0
36983,-1,0,-0.41000772,0.39891028,0,1,unassigned,31.0,31.0,0.0,1.0,0.0,0.0,0.056092843,0.0,0,0,0,0,0
36984,-1,1,-0.4001099,0.40128595,0,1,unassigned,53.0,53.0,0.0,1.0,0.0,0.0,0.09864604,0.0,1,0,0,0,0
36985,-1,1,-0.24862382,0.43816224,0,1,unassigned,62.0,61.0,1.0,0.983871,0.016129032,0.016129017,0.116054155,0.0018718411,1,0,0,0,0
36986,-1,1,-0.71023786,0.32954627,0,1,unassigned,49.0,49.0,0.0,1.0,0.0,0.0,0.09090909,0.0,1,0,0,0,0
36987,-1,0,-0.97234255,0.27441382,0,1,unassigned,2.0,2.0,0.0,1.0,0.0,0.0,0.0,0.0,0,0,0,0,0
36988,-1,0,-0.59946185,0.35446683,0,1,unassigned,7.0,7.0,0.0,1.0,0.0,0.0,0.00967118,0.0,0,0,0,0,0
36989,-1,0,6.0484853,0.9976441,1,1,unassigned,10.0,9.0,1.0,0.9,0.1,0.100000024,0.015473888,0.0015473888,0,0,0,1,1
36990,-1,1,2.8496296,0.94529957,1,1,unassigned,9.0,8.0,1.0,0.8888889,0.11111111,0.111111104,0.013539651,0.0015044058,1,0,0,1,1
36991,-1,0,1.372704,0.79781663,1,1,unassigned,2.0,2.0,0.0,1.0,0.0,0.0,0.0,0.0,0,0,0,1,0
36992,-1,0,-0.54237103,0.3676362,0,1,unassigned,2.0,2.0,0.0,1.0,0.0,0.0,0.0,0.0,0,0,0,0,0
36993,-1,0,0.43992895,0.6082421,1,1,unassigned,5.0,5.0,0.0,1.0,0.0,0.0,0.0058027077,0.0,0,0,0,1,0
36994,-1,0,-0.7901015,0.31214687,0,1,unassigned,30.0,30.0,0.0,1.0,0.0,0.0,0.054158606,0.0,0,0,0,0,0
36995,-1,1,1.4010799,0.80235523,1,1,unassigned,5.0,5.0,0.0,1.0,0.0,0.0,0.0058027077,0.0,1,0,0,1,0
36996,-1,1,3.4373162,0.9688506,1,1,unassigned,2.0,1.0,1.0,0.5,0.5,0.5,0.0,0.0,1,0,0,1,1
36997,-1,0,8.310455,0.99975413,1,1,unassigned,2.0,2.0,0.0,1.0,0.0,0.0,0.0,0.0,0,0,0,1,1
36998,-1,0,1.3424203,0.7928877,1,1,unassigned,3.0,2.0,1.0,0.6666667,0.33333334,0.3333333,0.001934236,0.00064474536,0,0,0,1,0
36999,-1,1,0.29015225,0.5720334,1,1,unassigned,18.0,16.0,2.0,0.8888889,0.11111111,0.111111104,0.030947777,0.0034386418,1,0,0,1,0
37000,-1,0,-0.31726995,0.4213412,0,1,unassigned,21.0,21.0,0.0,1.0,0.0,0.0,0.036750484,0.0,0,0,0,0,0
37001,-1,0,-0.87931156,0.29332048,0,1,unassigned,12.0,12.0,0.0,1.0,0.0,0.0,0.01934236,0.0,0,0,0,0,0
37002,-1,0,0.11459333,0.528617,1,1,unassigned,66.0,64.0,2.0,0.969697,0.030303031,0.030303001,0.123791106,0.0037512458,0,0,0,1,0
37003,-1,0,0.6384575,0.6544047,1,1,unassigned,9.0,9.0,0.0,1.0,0.0,0.0,0.013539651,0.0,0,0,0,1,0
37004,0,0,-0.40922552,0.39909783,0,0,test,13.0,13.0,0.0,1.0,0.0,0.0,0.021276595,0.0,0,0,1,0,0
37005,-1,1,0.3057316,0.57584304,1,1,unassigned,4.0,4.0,0.0,1.0,0.0,0.0,0.003868472,0.0,1,0,0,1,0
37006,-1,1,1.2564065,0.7784069,1,1,unassigned,33.0,26.0,7.0,0.7878788,0.21212122,0.21212119,0.059961315,0.012719067,1,0,0,1,0
37007,-1,0,10.68331,0.9999771,1,1,unassigned,4.0,4.0,0.0,1.0,0.0,0.0,0.003868472,0.0,0,0,0,1,1
37008,-1,0,0.68555564,0.66497755,1,1,unassigned,23.0,23.0,0.0,1.0,0.0,0.0,0.040618956,0.0,0,0,0,1,0
37009,1,1,2.3529723,0.9131702,1,0,val,14.0,14.0,0.0,1.0,0.0,0.0,0.023210831,0.0,1,0,1,1,1
37010,-1,1,-0.6955323,0.33280352,0,1,unassigned,3.0,3.0,0.0,1.0,0.0,0.0,0.001934236,0.0,1,0,0,0,0
37011,-1,0,0.02962941,0.5074068,1,1,unassigned,18.0,18.0,0.0,1.0,0.0,0.0,0.030947777,0.0,0,0,0,1,0
37012,-1,1,-0.7091347,0.32979006,0,1,unassigned,13.0,13.0,0.0,1.0,0.0,0.0,0.021276595,0.0,1,0,0,0,0
37013,-1,0,-0.3563906,0.41183355,0,1,unassigned,41.0,41.0,0.0,1.0,0.0,0.0,0.07543521,0.0,0,0,0,0,0
37014,-1,1,-0.7829978,0.31367415,0,1,unassigned,70.0,67.0,3.0,0.95714283,0.042857144,0.04285717,0.13152805,0.0056369165,1,0,0,0,0
37015,-1,0,-0.11087358,0.47230995,0,1,unassigned,36.0,36.0,0.0,1.0,0.0,0.0,0.065764025,0.0,0,0,0,0,0
37016,-1,0,-0.500474,0.3774293,0,1,unassigned,33.0,33.0,0.0,1.0,0.0,0.0,0.059961315,0.0,0,0,0,0,0
37017,-1,0,4.563476,0.9896818,1,1,unassigned,2.0,2.0,0.0,1.0,0.0,0.0,0.0,0.0,0,0,0,1,1
37018,-1,0,-0.62344205,0.34899902,0,1,unassigned,3.0,3.0,0.0,1.0,0.0,0.0,0.001934236,0.0,0,0,0,0,0
37019,1,1,-0.5479441,0.3663415,0,1,val,8.0,8.0,0.0,1.0,0.0,0.0,0.0116054155,0.0,1,0,0,0,0
37020,1,1,1.4582307,0.8112619,1,0,val,2.0,2.0,0.0,1.0,0.0,0.0,0.0,0.0,1,0,1,1,0
37021,0,1,-0.45728862,0.3876292,0,0,val,41.0,41.0,0.0,1.0,0.0,0.0,0.07543521,0.0,1,0,1,0,0
37022,-1,1,-0.3359663,0.41678962,0,1,unassigned,33.0,32.0,1.0,0.969697,0.030303031,0.030303001,0.059961315,0.0018170096,1,0,0,0,0
37023,-1,1,0.6090608,0.64772654,1,1,unassigned,19.0,19.0,0.0,1.0,0.0,0.0,0.032882012,0.0,1,0,0,1,0
37024,-1,0,-0.3085451,0.42346987,0,1,unassigned,7.0,7.0,0.0,1.0,0.0,0.0,0.00967118,0.0,0,0,0,0,0
37025,-1,0,1.1484656,0.75923055,1,1,unassigned,6.0,6.0,0.0,1.0,0.0,0.0,0.007736944,0.0,0,0,0,1,0
37026,1,0,0.61409503,0.64887434,1,0,test,13.0,13.0,0.0,1.0,0.0,0.0,0.021276595,0.0,0,0,1,1,0
37027,-1,0,0.71706825,0.6719611,1,1,unassigned,42.0,41.0,1.0,0.97619045,0.023809524,0.023809552,0.07736944,0.0018421295,0,0,0,1,0
37028,1,0,6.4364696,0.9984005,1,0,unassigned,10.0,10.0,0.0,1.0,0.0,0.0,0.015473888,0.0,0,0,1,1,1
37029,-1,0,-0.18935907,0.45280117,0,1,unassigned,5.0,5.0,0.0,1.0,0.0,0.0,0.0058027077,0.0,0,0,0,0,0
37030,-1,1,0.9370405,0.71850145,1,1,unassigned,22.0,20.0,2.0,0.90909094,0.09090909,0.090909064,0.03868472,0.0035167928,1,0,0,1,0
37031,-1,1,0.5622547,0.63697404,1,1,unassigned,2.0,2.0,0.0,1.0,0.0,0.0,0.0,0.0,1,0,0,1,0
37032,-1,0,8.977495,0.99987376,1,1,unassigned,2.0,2.0,0.0,1.0,0.0,0.0,0.0,0.0,0,0,0,1,1
37033,-1,1,-0.3185379,0.4210321,0,1,unassigned,3.0,3.0,0.0,1.0,0.0,0.0,0.001934236,0.0,1,0,0,0,0
37034,-1,0,6.9403243,0.999033,1,1,unassigned,3.0,3.0,0.0,1.0,0.0,0.0,0.001934236,0.0,0,0,0,1,1
37035,-1,1,8.070198,0.99968743,1,1,unassigned,3.0,2.0,1.0,0.6666667,0.33333334,0.3333333,0.001934236,0.00064474536,1,0,0,1,1
37036,1,0,-0.2093879,0.44784346,0,1,test,15.0,15.0,0.0,1.0,0.0,0.0,0.025145067,0.0,0,0,0,0,0
37037,-1,0,1.1946793,0.76757693,1,1,unassigned,8.0,7.0,1.0,0.875,0.125,0.125,0.0116054155,0.0014506769,0,0,0,1,0
37038,-1,0,-0.98642147,0.27161947,0,1,unassigned,4.0,4.0,0.0,1.0,0.0,0.0,0.003868472,0.0,0,0,0,0,0
37039,1,1,0.96638995,0.7243993,1,0,unassigned,9.0,9.0,0.0,1.0,0.0,0.0,0.013539651,0.0,1,0,1,1,0
37040,-1,0,2.2267985,0.9026304,1,1,unassigned,14.0,13.0,1.0,0.9285714,0.071428575,0.0714286,0.023210831,0.0016579166,0,0,0,1,1
37041,0,1,-0.25403762,0.43682995,0,0,test,11.0,10.0,1.0,0.90909094,0.09090909,0.090909064,0.017408123,0.0015825568,1,0,1,0,0
37042,1,1,-0.25006774,0.43780681,0,1,val,57.0,56.0,1.0,0.98245615,0.01754386,0.017543852,0.10638298,0.0018663681,1,0,0,0,0
37043,-1,1,-0.27763212,0.43103436,0,1,unassigned,37.0,35.0,2.0,0.9459459,0.054054055,0.05405408,0.06769826,0.0036593657,1,0,0,0,0
37044,-1,0,-0.21736068,0.44587278,0,1,unassigned,2.0,1.0,1.0,0.5,0.5,0.5,0.0,0.0,0,0,0,0,0
37045,-1,1,3.9249556,0.9806393,1,1,unassigned,3.0,3.0,0.0,1.0,0.0,0.0,0.001934236,0.0,1,0,0,1,1
37046,-1,0,1.8975351,0.8696123,1,1,unassigned,10.0,7.0,3.0,0.7,0.3,0.3,0.015473888,0.0046421667,0,0,0,1,0
37047,-1,0,-0.084154725,0.47897375,0,1,unassigned,3.0,3.0,0.0,1.0,0.0,0.0,0.001934236,0.0,0,0,0,0,0
37048,-1,1,-0.9646592,0.2759463,0,1,unassigned,19.0,19.0,0.0,1.0,0.0,0.0,0.032882012,0.0,1,0,0,0,0
37049,0,1,-0.37649906,0.40697154,0,0,val,8.0,4.0,4.0,0.5,0.5,0.5,0.0116054155,0.0058027077,1,0,1,0,0
37050,-1,1,4.5852213,0.98990154,1,1,unassigned,2.0,2.0,0.0,1.0,0.0,0.0,0.0,0.0,1,0,0,1,1
37051,-1,0,-0.39087975,0.40350553,0,1,unassigned,3.0,3.0,0.0,1.0,0.0,0.0,0.001934236,0.0,0,0,0,0,0
37052,-1,0,1.3065703,0.78693867,1,1,unassigned,3.0,3.0,0.0,1.0,0.0,0.0,0.001934236,0.0,0,0,0,1,0
37053,-1,0,1.6314228,0.83636445,1,1,unassigned,13.0,13.0,0.0,1.0,0.0,0.0,0.021276595,0.0,0,0,0,1,0
37054,-1,0,-0.92819345,0.28329137,0,1,unassigned,47.0,46.0,1.0,0.9787234,0.021276595,0.021276593,0.08704062,0.001851928,0,0,0,0,0
37055,-1,1,4.415774,0.9880591,1,1,unassigned,2.0,1.0,1.0,0.5,0.5,0.5,0.0,0.0,1,0,0,1,1
37056,-1,0,1.2345691,0.7746173,1,1,unassigned,16.0,14.0,2.0,0.875,0.125,0.125,0.027079303,0.0033849129,0,0,0,1,0
37057,-1,0,4.0195637,0.98235613,1,1,unassigned,3.0,3.0,0.0,1.0,0.0,0.0,0.001934236,0.0,0,0,0,1,1
37058,-1,1,7.2878337,0.9993167,1,1,unassigned,3.0,1.0,2.0,0.33333334,0.6666667,0.6666666,0.001934236,0.0012894907,1,0,0,1,1
37059,-1,1,0.46081573,0.6132077,1,1,unassigned,21.0,15.0,6.0,0.71428573,0.2857143,0.28571427,0.036750484,0.010500139,1,0,0,1,0
37060,-1,1,1.062041,0.74308044,1,1,unassigned,9.0,9.0,0.0,1.0,0.0,0.0,0.013539651,0.0,1,0,0,1,0
37061,-1,0,-0.73671436,0.32372305,0,1,unassigned,5.0,4.0,1.0,0.8,0.2,0.19999999,0.0058027077,0.0011605415,0,0,0,0,0
37062,-1,0,4.4266496,0.9881868,1,1,unassigned,5.0,5.0,0.0,1.0,0.0,0.0,0.0058027077,0.0,0,0,0,1,1
37063,1,1,2.4613943,0.9213907,1,0,unassigned,14.0,9.0,5.0,0.64285713,0.35714287,0.35714287,0.023210831,0.008289583,1,0,1,1,1
37064,-1,1,-0.5918536,0.35620967,0,1,unassigned,41.0,41.0,0.0,1.0,0.0,0.0,0.07543521,0.0,1,0,0,0,0
37065,-1,0,13.282149,0.99999833,1,1,unassigned,2.0,2.0,0.0,1.0,0.0,0.0,0.0,0.0,0,0,0,1,1
37066,-1,0,0.7121852,0.67088383,1,1,unassigned,4.0,4.0,0.0,1.0,0.0,0.0,0.003868472,0.0,0,0,0,1,0
37067,-1,0,1.108624,0.7518725,1,1,unassigned,42.0,42.0,0.0,1.0,0.0,0.0,0.07736944,0.0,0,0,0,1,0
37068,-1,0,3.9499047,0.98110723,1,1,unassigned,5.0,5.0,0.0,1.0,0.0,0.0,0.0058027077,0.0,0,0,0,1,1
37069,-1,1,-0.31968853,0.42075163,0,1,unassigned,11.0,10.0,1.0,0.90909094,0.09090909,0.090909064,0.017408123,0.0015825568,1,0,0,0,0
37070,-1,0,0.010706961,0.5026767,1,1,unassigned,24.0,24.0,0.0,1.0,0.0,0.0,0.04255319,0.0,0,0,0,1,0
37071,-1,1,3.3603816,0.9664432,1,1,unassigned,2.0,1.0,1.0,0.5,0.5,0.5,0.0,0.0,1,0,0,1,1
37072,-1,0,2.989006,0.952075,1,1,unassigned,5.0,5.0,0.0,1.0,0.0,0.0,0.0058027077,0.0,0,0,0,1,1
37073,-1,1,-0.5530866,0.36514857,0,1,unassigned,45.0,41.0,4.0,0.9111111,0.08888889,0.08888888,0.08317215,0.0073930803,1,0,0,0,0
37074,-1,1,0.34058386,0.5843323,1,1,unassigned,3.0,3.0,0.0,1.0,0.0,0.0,0.001934236,0.0,1,0,0,1,0
37075,-1,0,-0.6295041,0.347623,0,1,unassigned,7.0,7.0,0.0,1.0,0.0,0.0,0.00967118,0.0,0,0,0,0,0
37076,-1,0,-0.2878559,0.42852885,0,1,unassigned,24.0,23.0,1.0,0.9583333,0.041666668,0.041666687,0.04255319,0.0017730496,0,0,0,0,0
37077,-1,0,0.039965928,0.50999016,1,1,unassigned,31.0,31.0,0.0,1.0,0.0,0.0,0.056092843,0.0,0,0,0,1,0
37078,-1,0,-0.31401893,0.42213407,0,1,unassigned,10.0,10.0,0.0,1.0,0.0,0.0,0.015473888,0.0,0,0,0,0,0
37079,-1,1,-0.4570695,0.38768125,0,1,unassigned,25.0,25.0,0.0,1.0,0.0,0.0,0.044487428,0.0,1,0,0,0,0
37080,-1,0,0.6582218,0.6588608,1,1,unassigned,45.0,45.0,0.0,1.0,0.0,0.0,0.08317215,0.0,0,0,0,1,0
37081,-1,0,3.0969617,0.95676726,1,1,unassigned,18.0,17.0,1.0,0.9444444,0.055555556,0.055555582,0.030947777,0.0017193209,0,0,0,1,1
37082,-1,0,0.8465465,0.6998422,1,1,unassigned,8.0,7.0,1.0,0.875,0.125,0.125,0.0116054155,0.0014506769,0,0,0,1,0
37083,-1,0,-0.49452367,0.37882847,0,1,unassigned,2.0,2.0,0.0,1.0,0.0,0.0,0.0,0.0,0,0,0,0,0
37084,-1,0,-0.48619974,0.38078922,0,1,unassigned,11.0,11.0,0.0,1.0,0.0,0.0,0.017408123,0.0,0,0,0,0,0
37085,1,0,0.58859855,0.6430435,1,0,val,44.0,44.0,0.0,1.0,0.0,0.0,0.08123791,0.0,0,0,1,1,0
37086,-1,0,6.348346,0.9982534,1,1,unassigned,3.0,3.0,0.0,1.0,0.0,0.0,0.001934236,0.0,0,0,0,1,1
37087,-1,1,0.76172477,0.68172807,1,1,unassigned,7.0,7.0,0.0,1.0,0.0,0.0,0.00967118,0.0,1,0,0,1,0
37088,-1,0,0.8407281,0.69861853,1,1,unassigned,3.0,2.0,1.0,0.6666667,0.33333334,0.3333333,0.001934236,0.00064474536,0,0,0,1,0
37089,-1,1,-0.9180737,0.28535053,0,1,unassigned,22.0,16.0,6.0,0.72727275,0.27272728,0.27272725,0.03868472,0.010550378,1,0,0,0,0
37090,0,0,-0.1416049,0.46465778,0,0,test,33.0,33.0,0.0,1.0,0.0,0.0,0.059961315,0.0,0,0,1,0,0
37091,-1,0,-0.20825845,0.44812277,0,1,unassigned,3.0,3.0,0.0,1.0,0.0,0.0,0.001934236,0.0,0,0,0,0,0
37092,-1,0,0.3271882,0.5810751,1,1,unassigned,12.0,12.0,0.0,1.0,0.0,0.0,0.01934236,0.0,0,0,0,1,0
37093,-1,0,-0.24712232,0.43853188,0,1,unassigned,4.0,4.0,0.0,1.0,0.0,0.0,0.003868472,0.0,0,0,0,0,0
37094,-1,0,-0.37900984,0.40636575,0,1,unassigned,3.0,3.0,0.0,1.0,0.0,0.0,0.001934236,0.0,0,0,0,0,0
37095,-1,0,2.245322,0.9042462,1,1,unassigned,13.0,13.0,0.0,1.0,0.0,0.0,0.021276595,0.0,0,0,0,1,1
37096,-1,1,2.4682477,0.9218856,1,1,unassigned,13.0,13.0,0.0,1.0,0.0,0.0,0.021276595,0.0,1,0,0,1,1
37097,-1,1,1.4124348,0.8041497,1,1,unassigned,10.0,10.0,0.0,1.0,0.0,0.0,0.015473888,0.0,1,0,0,1,0
37098,-1,1,-0.17919242,0.45532137,0,1,unassigned,9.0,9.0,0.0,1.0,0.0,0.0,0.013539651,0.0,1,0,0,0,0
37099,-1,0,7.2094665,0.99926096,1,1,unassigned,27.0,26.0,1.0,0.962963,0.037037037,0.037037015,0.0483559,0.0017909593,0,0,0,1,1
37100,-1,1,-0.38248593,0.40552747,0,1,unassigned,30.0,30.0,0.0,1.0,0.0,0.0,0.054158606,0.0,1,0,0,0,0
37101,-1,0,-0.6804923,0.33615145,0,1,unassigned,7.0,7.0,0.0,1.0,0.0,0.0,0.00967118,0.0,0,0,0,0,0
37102,0,1,-0.17396978,0.4566169,0,0,unassigned,20.0,20.0,0.0,1.0,0.0,0.0,0.034816246,0.0,1,0,1,0,0
37103,-1,1,0.32080406,0.57952017,1,1,unassigned,7.0,7.0,0.0,1.0,0.0,0.0,0.00967118,0.0,1,0,0,1,0
37104,-1,1,4.680876,0.99081427,1,1,unassigned,43.0,33.0,10.0,0.76744187,0.23255815,0.23255813,0.079303674,0.018442715,1,0,0,1,1
37105,0,0,3.7188952,0.9763139,1,1,unassigned,2.0,2.0,0.0,1.0,0.0,0.0,0.0,0.0,0,0,0,1,1
37106,-1,0,2.7997015,0.9426597,1,1,unassigned,3.0,3.0,0.0,1.0,0.0,0.0,0.001934236,0.0,0,0,0,1,1
37107,0,1,-1.2083893,0.22998618,0,0,train,6.0,6.0,0.0,1.0,0.0,0.0,0.007736944,0.0,1,0,1,0,0
37108,-1,1,0.039582074,0.50989425,1,1,unassigned,2.0,2.0,0.0,1.0,0.0,0.0,0.0,0.0,1,0,0,1,0
37109,0,0,-0.49965852,0.3776209,0,0,unassigned,6.0,6.0,0.0,1.0,0.0,0.0,0.007736944,0.0,0,0,1,0,0
37110,-1,0,8.027861,0.99967384,1,1,unassigned,11.0,9.0,2.0,0.8181818,0.18181819,0.18181819,0.017408123,0.0031651135,0,0,0,1,1
37111,-1,0,8.241369,0.9997365,1,1,unassigned,96.0,96.0,0.0,1.0,0.0,0.0,0.18181819,0.0,0,0,0,1,1
37112,-1,0,4.6743884,0.990755,1,1,unassigned,39.0,39.0,0.0,1.0,0.0,0.0,0.07156673,0.0,0,0,0,1,1
37113,-1,1,-0.44388336,0.39081603,0,1,unassigned,8.0,8.0,0.0,1.0,0.0,0.0,0.0116054155,0.0,1,0,0,0,0
37114,-1,0,-0.7860664,0.3130139,0,1,unassigned,21.0,21.0,0.0,1.0,0.0,0.0,0.036750484,0.0,0,0,0,0,0
37115,-1,0,0.28272086,0.5702132,1,1,unassigned,24.0,24.0,0.0,1.0,0.0,0.0,0.04255319,0.0,0,0,0,1,0
37116,-1,0,0.947797,0.7206719,1,1,unassigned,4.0,4.0,0.0,1.0,0.0,0.0,0.003868472,0.0,0,0,0,1,0
37117,-1,0,-0.9526351,0.2783552,0,1,unassigned,2.0,2.0,0.0,1.0,0.0,0.0,0.0,0.0,0,0,0,0,0
37118,-1,0,1.1689181,0.7629494,1,1,unassigned,4.0,4.0,0.0,1.0,0.0,0.0,0.003868472,0.0,0,0,0,1,0
37119,1,0,4.2249303,0.98558444,1,0,val,8.0,8.0,0.0,1.0,0.0,0.0,0.0116054155,0.0,0,0,1,1,1
37120,0,1,1.5870702,0.83020353,1,1,unassigned,12.0,12.0,0.0,1.0,0.0,0.0,0.01934236,0.0,1,0,0,1,0
37121,-1,0,8.002378,0.9996655,1,1,unassigned,27.0,25.0,2.0,0.9259259,0.074074075,0.07407409,0.0483559,0.0035819185,0,0,0,1,1
37122,-1,0,8.24914,0.99973863,1,1,unassigned,31.0,27.0,4.0,0.87096775,0.12903225,0.12903225,0.056092843,0.007237786,0,0,0,1,1
37123,-1,0,3.2968457,0.9643204,1,1,unassigned,15.0,14.0,1.0,0.93333334,0.06666667,0.06666666,0.025145067,0.0016763379,0,0,0,1,1
37124,-1,0,3.3117244,0.96482885,1,1,unassigned,17.0,17.0,0.0,1.0,0.0,0.0,0.029013539,0.0,0,0,0,1,1
37125,-1,1,-1.4846218,0.18473035,0,1,unassigned,10.0,9.0,1.0,0.9,0.1,0.100000024,0.015473888,0.0015473888,1,0,0,0,0
37126,-1,1,-0.6882626,0.3344197,0,1,unassigned,49.0,45.0,4.0,0.9183673,0.08163265,0.081632674,0.09090909,0.0074211503,1,0,0,0,0
37127,-1,1,0.05079007,0.5126948,1,1,unassigned,25.0,23.0,2.0,0.92,0.08,0.07999998,0.044487428,0.003558994,1,0,0,1,0
37128,0,0,-0.590018,0.3566307,0,0,val,10.0,8.0,2.0,0.8,0.2,0.19999999,0.015473888,0.0030947777,0,0,1,0,0
37129,-1,0,4.6355414,0.9903923,1,1,unassigned,18.0,16.0,2.0,0.8888889,0.11111111,0.111111104,0.030947777,0.0034386418,0,0,0,1,1
37130,1,0,6.4251084,0.9983822,1,0,unassigned,10.0,9.0,1.0,0.9,0.1,0.100000024,0.015473888,0.0015473888,0,0,1,1,1
37131,-1,0,1.01226,0.7334622,1,1,unassigned,10.0,6.0,4.0,0.6,0.4,0.39999998,0.015473888,0.0061895554,0,0,0,1,0
37132,-1,0,-0.477854,0.38275903,0,1,unassigned,5.0,5.0,0.0,1.0,0.0,0.0,0.0058027077,0.0,0,0,0,0,0
37133,-1,0,4.6625323,0.99064577,1,1,unassigned,7.0,7.0,0.0,1.0,0.0,0.0,0.00967118,0.0,0,0,0,1,1
37134,-1,0,-0.8213714,0.30547264,0,1,unassigned,5.0,5.0,0.0,1.0,0.0,0.0,0.0058027077,0.0,0,0,0,0,0
37135,1,0,1.5640466,0.82693326,1,0,test,8.0,8.0,0.0,1.0,0.0,0.0,0.0116054155,0.0,0,0,1,1,0
37136,-1,0,0.14444643,0.5360489,1,1,unassigned,9.0,9.0,0.0,1.0,0.0,0.0,0.013539651,0.0,0,0,0,1,0
37137,-1,0,3.1506064,0.9589326,1,1,unassigned,6.0,6.0,0.0,1.0,0.0,0.0,0.007736944,0.0,0,0,0,1,1
37138,-1,0,5.387852,0.995449,1,1,unassigned,5.0,5.0,0.0,1.0,0.0,0.0,0.0058027077,0.0,0,0,0,1,1
37139,-1,0,0.51334244,0.6255897,1,1,unassigned,3.0,1.0,2.0,0.33333334,0.6666667,0.6666666,0.001934236,0.0012894907,0,0,0,1,0
37140,-1,1,1.1979425,0.76815856,1,1,unassigned,4.0,4.0,0.0,1.0,0.0,0.0,0.003868472,0.0,1,0,0,1,0
37141,-1,1,1.3044086,0.786576,1,1,unassigned,53.0,51.0,2.0,0.9622642,0.03773585,0.03773582,0.09864604,0.0037224921,1,0,0,1,0
37142,-1,1,0.1812684,0.54519343,1,1,unassigned,5.0,5.0,0.0,1.0,0.0,0.0,0.0058027077,0.0,1,0,0,1,0
37143,-1,1,0.58255225,0.64165443,1,1,unassigned,2.0,2.0,0.0,1.0,0.0,0.0,0.0,0.0,1,0,0,1,0
37144,-1,1,0.12929267,0.53227824,1,1,unassigned,55.0,51.0,4.0,0.92727274,0.07272727,0.07272726,0.102514505,0.0074556,1,0,0,1,0
37145,-1,1,-0.30232927,0.42498815,0,1,unassigned,14.0,13.0,1.0,0.9285714,0.071428575,0.0714286,0.023210831,0.0016579166,1,0,0,0,0
37146,1,1,4.026528,0.9824765,1,0,unassigned,4.0,4.0,0.0,1.0,0.0,0.0,0.003868472,0.0,1,0,1,1,1
37147,-1,0,-0.90292954,0.28844884,0,1,unassigned,2.0,1.0,1.0,0.5,0.5,0.5,0.0,0.0,0,0,0,0,0
37148,-1,0,3.9371674,0.98086977,1,1,unassigned,7.0,6.0,1.0,0.85714287,0.14285715,0.14285713,0.00967118,0.0013815971,0,0,0,1,1
37149,-1,0,-0.053779185,0.48655844,0,1,unassigned,19.0,18.0,1.0,0.94736844,0.05263158,0.052631557,0.032882012,0.0017306323,0,0,0,0,0
37150,-1,0,3.4961426,0.97057784,1,1,unassigned,2.0,2.0,0.0,1.0,0.0,0.0,0.0,0.0,0,0,0,1,1
37151,1,0,2.4374044,0.91963553,1,0,unassigned,4.0,4.0,0.0,1.0,0.0,0.0,0.003868472,0.0,0,0,1,1,1
37152,-1,0,3.9242094,0.98062503,1,1,unassigned,9.0,8.0,1.0,0.8888889,0.11111111,0.111111104,0.013539651,0.0015044058,0,0,0,1,1
37153,-1,0,1.217102,0.7715531,1,1,unassigned,5.0,3.0,2.0,0.6,0.4,0.39999998,0.0058027077,0.002321083,0,0,0,1,0
37154,1,0,2.6978757,0.93690115,1,0,unassigned,2.0,2.0,0.0,1.0,0.0,0.0,0.0,0.0,0,0,1,1,1
37155,0,0,0.390819,0.5964798,1,1,test,8.0,8.0,0.0,1.0,0.0,0.0,0.0116054155,0.0,0,0,0,1,0
37156,-1,0,1.2416449,0.7758502,1,1,unassigned,9.0,8.0,1.0,0.8888889,0.11111111,0.111111104,0.013539651,0.0015044058,0,0,0,1,0
37157,-1,0,0.30902988,0.5766485,1,1,unassigned,3.0,3.0,0.0,1.0,0.0,0.0,0.001934236,0.0,0,0,0,1,0
37158,-1,0,1.6251106,0.83549875,1,1,unassigned,10.0,9.0,1.0,0.9,0.1,0.100000024,0.015473888,0.0015473888,0,0,0,1,0
37159,1,0,3.983415,0.98171854,1,0,test,6.0,6.0,0.0,1.0,0.0,0.0,0.007736944,0.0,0,0,1,1,1
37160,-1,0,-0.8218919,0.30536222,0,1,unassigned,66.0,55.0,11.0,0.8333333,0.16666667,0.16666669,0.123791106,0.020631852,0,0,0,0,0
37161,-1,1,-0.7299129,0.32521385,0,1,unassigned,3.0,3.0,0.0,1.0,0.0,0.0,0.001934236,0.0,1,0,0,0,0
37162,1,0,-0.81669587,0.30646548,0,1,unassigned,38.0,34.0,4.0,0.8947368,0.10526316,0.10526317,0.06963249,0.0073297364,0,0,0,0,0
37163,-1,0,4.121219,0.9840343,1,1,unassigned,2.0,1.0,1.0,0.5,0.5,0.5,0.0,0.0,0,0,0,1,1
37164,-1,0,4.145913,0.9844177,1,1,unassigned,32.0,31.0,1.0,0.96875,0.03125,0.03125,0.058027077,0.0018133462,0,0,0,1,1
37165,-1,0,-0.44159803,0.39136025,0,1,unassigned,9.0,8.0,1.0,0.8888889,0.11111111,0.111111104,0.013539651,0.0015044058,0,0,0,0,0
37166,-1,0,-0.8823544,0.29269013,0,1,unassigned,58.0,57.0,1.0,0.98275864,0.01724138,0.017241359,0.10831721,0.0018675381,0,0,0,0,0
37167,-1,0,-0.6782479,0.33665246,0,1,unassigned,3.0,3.0,0.0,1.0,0.0,0.0,0.001934236,0.0,0,0,0,0,0
37168,-1,0,-0.33055663,0.41810519,0,1,unassigned,3.0,2.0,1.0,0.6666667,0.33333334,0.3333333,0.001934236,0.00064474536,0,0,0,0,0
37169,0,0,-0.52115214,0.37258288,0,0,unassigned,8.0,8.0,0.0,1.0,0.0,0.0,0.0116054155,0.0,0,0,1,0,0
37170,-1,0,-0.7437362,0.3221877,0,1,unassigned,4.0,4.0,0.0,1.0,0.0,0.0,0.003868472,0.0,0,0,0,0,0
37171,-1,1,5.4042597,0.99552274,1,1,unassigned,24.0,22.0,2.0,0.9166667,0.083333336,0.08333331,0.04255319,0.0035460992,1,0,0,1,1
37172,-1,0,-0.51404154,0.37424657,0,1,unassigned,3.0,3.0,0.0,1.0,0.0,0.0,0.001934236,0.0,0,0,0,0,0
37173,-1,0,0.13588554,0.5339192,1,1,unassigned,3.0,3.0,0.0,1.0,0.0,0.0,0.001934236,0.0,0,0,0,1,0
37174,-1,0,-0.4428869,0.39105332,0,1,unassigned,47.0,47.0,0.0,1.0,0.0,0.0,0.08704062,0.0,0,0,0,0,0
37175,-1,0,0.6466349,0.6562517,1,1,unassigned,11.0,11.0,0.0,1.0,0.0,0.0,0.017408123,0.0,0,0,0,1,0
37176,-1,0,4.128405,0.98414683,1,1,unassigned,2.0,2.0,0.0,1.0,0.0,0.0,0.0,0.0,0,0,0,1,1
37177,-1,0,0.46130782,0.6133244,1,1,unassigned,2.0,2.0,0.0,1.0,0.0,0.0,0.0,0.0,0,0,0,1,0
37178,-1,1,7.1561017,0.9992205,1,1,unassigned,2.0,2.0,0.0,1.0,0.0,0.0,0.0,0.0,1,0,0,1,1
37179,-1,1,2.691672,0.93653345,1,1,unassigned,4.0,3.0,1.0,0.75,0.25,0.25,0.003868472,0.000967118,1,0,0,1,1
37180,1,0,0.19198865,0.5478503,1,0,train,2.0,2.0,0.0,1.0,0.0,0.0,0.0,0.0,0,0,1,1,0
37181,-1,0,-0.6812252,0.33598793,0,1,unassigned,7.0,7.0,0.0,1.0,0.0,0.0,0.00967118,0.0,0,0,0,0,0
37182,-1,0,-0.23123756,0.44244683,0,1,unassigned,11.0,11.0,0.0,1.0,0.0,0.0,0.017408123,0.0,0,0,0,0,0
37183,-1,0,0.55885035,0.6361865,1,1,unassigned,2.0,2.0,0.0,1.0,0.0,0.0,0.0,0.0,0,0,0,1,0
37184,-1,0,-0.23236358,0.44216907,0,1,unassigned,2.0,2.0,0.0,1.0,0.0,0.0,0.0,0.0,0,0,0,0,0
37185,-1,0,3.885976,0.9798851,1,1,unassigned,3.0,2.0,1.0,0.6666667,0.33333334,0.3333333,0.001934236,0.00064474536,0,0,0,1,1
37186,-1,1,0.93338186,0.7177609,1,1,unassigned,14.0,14.0,0.0,1.0,0.0,0.0,0.023210831,0.0,1,0,0,1,0
37187,-1,0,-0.78539777,0.3131577,0,1,unassigned,61.0,60.0,1.0,0.9836066,0.016393442,0.016393423,0.114119925,0.0018708183,0,0,0,0,0
37188,-1,0,1.862581,0.86559755,1,1,unassigned,3.0,2.0,1.0,0.6666667,0.33333334,0.3333333,0.001934236,0.00064474536,0,0,0,1,0
37189,-1,0,6.0483317,0.99764377,1,1,unassigned,2.0,2.0,0.0,1.0,0.0,0.0,0.0,0.0,0,0,0,1,1
37190,-1,0,0.1717568,0.542834,1,1,unassigned,3.0,3.0,0.0,1.0,0.0,0.0,0.001934236,0.0,0,0,0,1,0
37191,-1,0,2.7513118,0.93998736,1,1,unassigned,3.0,3.0,0.0,1.0,0.0,0.0,0.001934236,0.0,0,0,0,1,1
37192,1,0,-0.35618854,0.4118825,0,1,unassigned,5.0,5.0,0.0,1.0,0.0,0.0,0.0058027077,0.0,0,0,0,0,0
37193,-1,0,-0.35618854,0.4118825,0,1,unassigned,5.0,5.0,0.0,1.0,0.0,0.0,0.0058027077,0.0,0,0,0,0,0
37194,-1,0,1.0304685,0.7370067,1,1,unassigned,16.0,16.0,0.0,1.0,0.0,0.0,0.027079303,0.0,0,0,0,1,0
37195,-1,0,-0.70973873,0.32965657,0,1,unassigned,11.0,10.0,1.0,0.90909094,0.09090909,0.090909064,0.017408123,0.0015825568,0,0,0,0,0
37196,-1,0,-0.9020779,0.28862366,0,1,unassigned,33.0,33.0,0.0,1.0,0.0,0.0,0.059961315,0.0,0,0,0,0,0
37197,-1,0,1.1233873,0.7546165,1,1,unassigned,22.0,20.0,2.0,0.90909094,0.09090909,0.090909064,0.03868472,0.0035167928,0,0,0,1,0
37198,-1,0,2.0143468,0.88229525,1,1,unassigned,22.0,22.0,0.0,1.0,0.0,0.0,0.03868472,0.0,0,0,0,1,0
37199,-1,0,1.4288838,0.8067273,1,1,unassigned,8.0,6.0,2.0,0.75,0.25,0.25,0.0116054155,0.0029013539,0,0,0,1,0
37200,-1,0,0.81826526,0.693868,1,1,unassigned,2.0,2.0,0.0,1.0,0.0,0.0,0.0,0.0,0,0,0,1,0
37201,1,0,3.2458813,0.96252483,1,0,unassigned,13.0,11.0,2.0,0.84615386,0.15384616,0.15384614,0.021276595,0.0032733225,0,0,1,1,1
37202,-1,0,5.0959597,0.99391586,1,1,unassigned,4.0,4.0,0.0,1.0,0.0,0.0,0.003868472,0.0,0,0,0,1,1
37203,-1,0,-0.84507525,0.30046695,0,1,unassigned,3.0,3.0,0.0,1.0,0.0,0.0,0.001934236,0.0,0,0,0,0,0
37204,-1,1,0.43994528,0.60824597,1,1,unassigned,4.0,2.0,2.0,0.5,0.5,0.5,0.003868472,0.001934236,1,0,0,1,0
37205,-1,0,1.390923,0.8007395,1,1,unassigned,6.0,6.0,0.0,1.0,0.0,0.0,0.007736944,0.0,0,0,0,1,0
37206,-1,0,0.9198633,0.7150143,1,1,unassigned,2.0,2.0,0.0,1.0,0.0,0.0,0.0,0.0,0,0,0,1,0
37207,0,0,-0.62095743,0.34956372,0,0,test,5.0,5.0,0.0,1.0,0.0,0.0,0.0058027077,0.0,0,0,1,0,0
37208,-1,0,-0.35645872,0.41181704,0,1,unassigned,4.0,3.0,1.0,0.75,0.25,0.25,0.003868472,0.000967118,0,0,0,0,0
37209,-1,1,0.2338326,0.5581932,1,1,unassigned,16.0,15.0,1.0,0.9375,0.0625,0.0625,0.027079303,0.0016924564,1,0,0,1,0
37210,-1,0,-0.16093278,0.45985344,0,1,unassigned,17.0,17.0,0.0,1.0,0.0,0.0,0.029013539,0.0,0,0,0,0,0
37211,-1,1,0.035710216,0.50892663,1,1,unassigned,2.0,1.0,1.0,0.5,0.5,0.5,0.0,0.0,1,0,0,1,0
37212,-1,0,-0.9586562,0.27714732,0,1,unassigned,3.0,3.0,0.0,1.0,0.0,0.0,0.001934236,0.0,0,0,0,0,0
37213,-1,0,-0.39314124,0.40296134,0,1,unassigned,17.0,17.0,0.0,1.0,0.0,0.0,0.029013539,0.0,0,0,0,0,0
37214,-1,0,-0.021131635,0.49471727,0,1,unassigned,31.0,31.0,0.0,1.0,0.0,0.0,0.056092843,0.0,0,0,0,0,0
37215,-1,0,6.154455,0.9978806,1,1,unassigned,8.0,7.0,1.0,0.875,0.125,0.125,0.0116054155,0.0014506769,0,0,0,1,1
37216,-1,0,5.5315504,0.9960557,1,1,unassigned,5.0,5.0,0.0,1.0,0.0,0.0,0.0058027077,0.0,0,0,0,1,1
37217,-1,0,0.09753108,0.52436346,1,1,unassigned,3.0,3.0,0.0,1.0,0.0,0.0,0.001934236,0.0,0,0,0,1,0
37218,-1,0,-0.23821461,0.4407264,0,1,unassigned,12.0,11.0,1.0,0.9166667,0.083333336,0.08333331,0.01934236,0.0016118633,0,0,0,0,0
37219,-1,0,-1.3167915,0.21135259,0,1,unassigned,4.0,4.0,0.0,1.0,0.0,0.0,0.003868472,0.0,0,0,0,0,0
37220,-1,0,-0.17726588,0.45579922,0,1,unassigned,2.0,1.0,1.0,0.5,0.5,0.5,0.0,0.0,0,0,0,0,0
37221,-1,0,1.7592108,0.85311085,1,1,unassigned,11.0,10.0,1.0,0.90909094,0.09090909,0.090909064,0.017408123,0.0015825568,0,0,0,1,0
37222,1,0,-0.27987933,0.43048337,0,1,test,26.0,26.0,0.0,1.0,0.0,0.0,0.046421662,0.0,0,0,0,0,0
37223,-1,0,2.826919,0.9441133,1,1,unassigned,3.0,3.0,0.0,1.0,0.0,0.0,0.001934236,0.0,0,0,0,1,1
37224,-1,0,-0.29849228,0.42592612,0,1,unassigned,7.0,7.0,0.0,1.0,0.0,0.0,0.00967118,0.0,0,0,0,0,0
37225,-1,1,1.6492524,0.83879,1,1,unassigned,12.0,8.0,4.0,0.6666667,0.33333334,0.3333333,0.01934236,0.006447453,1,0,0,1,0
37226,-1,1,4.6985545,0.9909738,1,1,unassigned,8.0,7.0,1.0,0.875,0.125,0.125,0.0116054155,0.0014506769,1,0,0,1,1
37227,-1,0,1.1806786,0.76506984,1,1,unassigned,18.0,15.0,3.0,0.8333333,0.16666667,0.16666669,0.030947777,0.005157963,0,0,0,1,0
37228,-1,1,0.27723163,0.5688674,1,1,unassigned,8.0,8.0,0.0,1.0,0.0,0.0,0.0116054155,0.0,1,0,0,1,0
37229,-1,1,2.771541,0.9411184,1,1,unassigned,22.0,21.0,1.0,0.95454544,0.045454547,0.04545456,0.03868472,0.0017583964,1,0,0,1,1
37230,-1,0,-0.49363634,0.3790373,0,1,unassigned,4.0,4.0,0.0,1.0,0.0,0.0,0.003868472,0.0,0,0,0,0,0
37231,-1,1,-0.47663566,0.3830469,0,1,unassigned,11.0,11.0,0.0,1.0,0.0,0.0,0.017408123,0.0,1,0,0,0,0
37232,-1,0,0.39892632,0.5984297,1,1,unassigned,2.0,2.0,0.0,1.0,0.0,0.0,0.0,0.0,0,0,0,1,0
37233,0,0,-0.21221763,0.44714385,0,0,unassigned,2.0,2.0,0.0,1.0,0.0,0.0,0.0,0.0,0,0,1,0,0
37234,-1,0,1.3722267,0.7977397,1,1,unassigned,2.0,2.0,0.0,1.0,0.0,0.0,0.0,0.0,0,0,0,1,0
37235,1,1,0.77813035,0.68527704,1,0,unassigned,10.0,9.0,1.0,0.9,0.1,0.100000024,0.015473888,0.0015473888,1,0,1,1,0
37236,0,0,-0.91221535,0.28654674,0,0,unassigned,82.0,80.0,2.0,0.9756098,0.024390243,0.02439022,0.15473887,0.0037741186,0,0,1,0,0
37237,-1,0,-0.5427832,0.3675404,0,1,unassigned,23.0,23.0,0.0,1.0,0.0,0.0,0.040618956,0.0,0,0,0,0,0
37238,-1,0,2.246092,0.9043129,1,1,unassigned,10.0,10.0,0.0,1.0,0.0,0.0,0.015473888,0.0,0,0,0,1,1
37239,-1,0,-0.75148976,0.32049677,0,1,unassigned,23.0,22.0,1.0,0.95652175,0.04347826,0.04347825,0.040618956,0.0017660416,0,0,0,0,0
37240,-1,1,-0.8614582,0.29703477,0,1,unassigned,51.0,51.0,0.0,1.0,0.0,0.0,0.09477756,0.0,1,0,0,0,0
37241,-1,1,-0.13371748,0.4666204,0,1,unassigned,3.0,3.0,0.0,1.0,0.0,0.0,0.001934236,0.0,1,0,0,0,0
37242,1,0,-0.4534378,0.3885437,0,1,unassigned,10.0,10.0,0.0,1.0,0.0,0.0,0.015473888,0.0,0,0,0,0,0
37243,-1,0,2.6200168,0.9321388,1,1,unassigned,10.0,5.0,5.0,0.5,0.5,0.5,0.015473888,0.007736944,0,0,0,1,1
37244,-1,0,7.113217,0.99918634,1,1,unassigned,55.0,19.0,36.0,0.34545454,0.6545454,0.6545454,0.102514505,0.0671004,0,0,0,1,1
37245,-1,0,2.190581,0.89940053,1,1,unassigned,9.0,8.0,1.0,0.8888889,0.11111111,0.111111104,0.013539651,0.0015044058,0,0,0,1,0
37246,-1,0,1.261522,0.779288,1,1,unassigned,35.0,34.0,1.0,0.9714286,0.028571429,0.028571427,0.06382979,0.0018237082,0,0,0,1,0
37247,-1,0,-0.8725774,0.29471827,0,1,unassigned,16.0,16.0,0.0,1.0,0.0,0.0,0.027079303,0.0,0,0,0,0,0
37248,-1,1,3.6012146,0.9734344,1,1,unassigned,8.0,8.0,0.0,1.0,0.0,0.0,0.0116054155,0.0,1,0,0,1,1
37249,-1,0,3.1527946,0.95901865,1,1,unassigned,6.0,6.0,0.0,1.0,0.0,0.0,0.007736944,0.0,0,0,0,1,1
37250,-1,0,3.73327,0.9766441,1,1,unassigned,14.0,13.0,1.0,0.9285714,0.071428575,0.0714286,0.023210831,0.0016579166,0,0,0,1,1
37251,1,0,5.951666,0.99740523,1,0,unassigned,32.0,30.0,2.0,0.9375,0.0625,0.0625,0.058027077,0.0036266923,0,0,1,1,1
37252,-1,0,0.1398977,0.5349175,1,1,unassigned,4.0,4.0,0.0,1.0,0.0,0.0,0.003868472,0.0,0,0,0,1,0
37253,-1,0,16.703789,1.0,1,1,unassigned,97.0,97.0,0.0,1.0,0.0,0.0,0.18375242,0.0,0,0,0,1,1
37254,-1,0,0.19256335,0.54799265,1,1,unassigned,2.0,2.0,0.0,1.0,0.0,0.0,0.0,0.0,0,0,0,1,0
37255,-1,0,-0.55414885,0.36490238,0,1,unassigned,3.0,3.0,0.0,1.0,0.0,0.0,0.001934236,0.0,0,0,0,0,0
37256,-1,1,4.174495,0.98485005,1,1,unassigned,2.0,2.0,0.0,1.0,0.0,0.0,0.0,0.0,1,0,0,1,1
37257,-1,0,0.22776967,0.55669755,1,1,unassigned,5.0,5.0,0.0,1.0,0.0,0.0,0.0058027077,0.0,0,0,0,1,0
37258,-1,0,0.60742146,0.64735234,1,1,unassigned,2.0,2.0,0.0,1.0,0.0,0.0,0.0,0.0,0,0,0,1,0
37259,-1,0,11.169609,0.99998593,1,1,unassigned,2.0,2.0,0.0,1.0,0.0,0.0,0.0,0.0,0,0,0,1,1
37260,-1,0,4.614262,0.9901877,1,1,unassigned,9.0,8.0,1.0,0.8888889,0.11111111,0.111111104,0.013539651,0.0015044058,0,0,0,1,1
37261,-1,1,1.4086535,0.80355346,1,1,unassigned,3.0,3.0,0.0,1.0,0.0,0.0,0.001934236,0.0,1,0,0,1,0
37262,-1,0,2.1075199,0.89163196,1,1,unassigned,5.0,5.0,0.0,1.0,0.0,0.0,0.0058027077,0.0,0,0,0,1,0
37263,1,0,0.2938646,0.57294196,1,0,unassigned,18.0,18.0,0.0,1.0,0.0,0.0,0.030947777,0.0,0,0,1,1,0
37264,-1,0,0.82421,0.6951293,1,1,unassigned,2.0,2.0,0.0,1.0,0.0,0.0,0.0,0.0,0,0,0,1,0
37265,-1,1,1.6610701,0.84038156,1,1,unassigned,3.0,1.0,2.0,0.33333334,0.6666667,0.6666666,0.001934236,0.0012894907,1,0,0,1,0
37266,-1,0,0.829191,0.69618386,1,1,unassigned,4.0,3.0,1.0,0.75,0.25,0.25,0.003868472,0.000967118,0,0,0,1,0
37267,0,1,0.80395323,0.69081944,1,1,val,3.0,1.0,2.0,0.33333334,0.6666667,0.6666666,0.001934236,0.0012894907,1,0,0,1,0
37268,-1,0,-0.5777641,0.3594472,0,1,unassigned,15.0,15.0,0.0,1.0,0.0,0.0,0.025145067,0.0,0,0,0,0,0
37269,-1,1,-0.28973556,0.4280686,0,1,unassigned,4.0,4.0,0.0,1.0,0.0,0.0,0.003868472,0.0,1,0,0,0,0
37270,-1,1,1.4402926,0.80849993,1,1,unassigned,2.0,2.0,0.0,1.0,0.0,0.0,0.0,0.0,1,0,0,1,0
37271,-1,1,6.0587397,0.9976681,1,1,unassigned,2.0,2.0,0.0,1.0,0.0,0.0,0.0,0.0,1,0,0,1,1
37272,-1,0,-0.4239193,0.39557928,0,1,unassigned,16.0,15.0,1.0,0.9375,0.0625,0.0625,0.027079303,0.0016924564,0,0,0,0,0
37273,-1,0,0.99401575,0.7298804,1,1,unassigned,12.0,11.0,1.0,0.9166667,0.083333336,0.08333331,0.01934236,0.0016118633,0,0,0,1,0
37274,0,0,0.72883576,0.6745497,1,1,unassigned,23.0,22.0,1.0,0.95652175,0.04347826,0.04347825,0.040618956,0.0017660416,0,0,0,1,0
37275,-1,0,0.35546857,0.5879431,1,1,unassigned,12.0,11.0,1.0,0.9166667,0.083333336,0.08333331,0.01934236,0.0016118633,0,0,0,1,0
37276,-1,0,2.1275797,0.89355505,1,1,unassigned,17.0,17.0,0.0,1.0,0.0,0.0,0.029013539,0.0,0,0,0,1,0
37277,-1,0,1.0025151,0.7315528,1,1,unassigned,5.0,5.0,0.0,1.0,0.0,0.0,0.0058027077,0.0,0,0,0,1,0
37278,-1,0,3.1445296,0.95869255,1,1,unassigned,14.0,14.0,0.0,1.0,0.0,0.0,0.023210831,0.0,0,0,0,1,1
37279,-1,0,-0.017917573,0.49552074,0,1,unassigned,12.0,12.0,0.0,1.0,0.0,0.0,0.01934236,0.0,0,0,0,0,0
37280,-1,1,-0.32089537,0.42045754,0,1,unassigned,86.0,79.0,7.0,0.9186047,0.08139535,0.08139533,0.16247582,0.013224777,1,0,0,0,0
37281,-1,1,4.5660458,0.98970807,1,1,unassigned,4.0,4.0,0.0,1.0,0.0,0.0,0.003868472,0.0,1,0,0,1,1
37282,0,1,0.011919916,0.50297993,1,1,val,18.0,17.0,1.0,0.9444444,0.055555556,0.055555582,0.030947777,0.0017193209,1,0,0,1,0
37283,-1,0,6.037783,0.99761885,1,1,unassigned,24.0,24.0,0.0,1.0,0.0,0.0,0.04255319,0.0,0,0,0,1,1
37284,-1,1,1.3136685,0.78812635,1,1,unassigned,9.0,9.0,0.0,1.0,0.0,0.0,0.013539651,0.0,1,0,0,1,0
37285,-1,0,-0.38928372,0.40388978,0,1,unassigned,2.0,1.0,1.0,0.5,0.5,0.5,0.0,0.0,0,0,0,0,0
37286,-1,0,-0.6888623,0.3342862,0,1,unassigned,4.0,4.0,0.0,1.0,0.0,0.0,0.003868472,0.0,0,0,0,0,0
37287,-1,0,1.5322444,0.8223345,1,1,unassigned,37.0,36.0,1.0,0.972973,0.027027028,0.02702701,0.06769826,0.0018296828,0,0,0,1,0
37288,-1,0,0.2110126,0.55255824,1,1,unassigned,2.0,2.0,0.0,1.0,0.0,0.0,0.0,0.0,0,0,0,1,0
37289,1,1,3.0828393,0.9561793,1,0,unassigned,6.0,4.0,2.0,0.6666667,0.33333334,0.3333333,0.007736944,0.0025789815,1,0,1,1,1
37290,-1,0,2.2500885,0.90465814,1,1,unassigned,4.0,4.0,0.0,1.0,0.0,0.0,0.003868472,0.0,0,0,0,1,1
37291,-1,1,6.1949277,0.9979644,1,1,unassigned,12.0,11.0,1.0,0.9166667,0.083333336,0.08333331,0.01934236,0.0016118633,1,0,0,1,1
37292,1,0,-0.4593374,0.38714302,0,1,val,9.0,9.0,0.0,1.0,0.0,0.0,0.013539651,0.0,0,0,0,0,0
37293,-1,0,4.138293,0.9843003,1,1,unassigned,5.0,5.0,0.0,1.0,0.0,0.0,0.0058027077,0.0,0,0,0,1,1
37294,-1,1,0.30372024,0.57535166,1,1,unassigned,27.0,27.0,0.0,1.0,0.0,0.0,0.0483559,0.0,1,0,0,1,0
37295,-1,0,5.3487325,0.9952683,1,1,unassigned,7.0,4.0,3.0,0.5714286,0.42857143,0.4285714,0.00967118,0.0041447915,0,0,0,1,1
37296,0,1,-0.2723427,0.43233204,0,0,unassigned,29.0,28.0,1.0,0.9655172,0.03448276,0.034482777,0.05222437,0.0018008404,1,0,1,0,0
37297,-1,0,3.4969056,0.9705996,1,1,unassigned,14.0,11.0,3.0,0.78571427,0.21428572,0.21428573,0.023210831,0.0049737496,0,0,0,1,1
37298,-1,0,3.1127467,0.95741546,1,1,unassigned,3.0,3.0,0.0,1.0,0.0,0.0,0.001934236,0.0,0,0,0,1,1
37299,1,0,-0.3893342,0.4038776,0,1,val,55.0,48.0,7.0,0.8727273,0.12727273,0.12727273,0.102514505,0.0130473,0,0,0,0,0
37300,-1,0,-0.66532356,0.33954477,0,1,unassigned,15.0,14.0,1.0,0.93333334,0.06666667,0.06666666,0.025145067,0.0016763379,0,0,0,0,0
37301,0,0,-0.85779846,0.29779953,0,0,unassigned,92.0,90.0,2.0,0.9782609,0.02173913,0.021739125,0.17408124,0.0037843748,0,0,1,0,0
37302,-1,0,2.0177324,0.8826463,1,1,unassigned,22.0,20.0,2.0,0.90909094,0.09090909,0.090909064,0.03868472,0.0035167928,0,0,0,1,0
37303,-1,1,1.1186769,0.75374323,1,1,unassigned,3.0,3.0,0.0,1.0,0.0,0.0,0.001934236,0.0,1,0,0,1,0
37304,-1,0,2.8301077,0.9442813,1,1,unassigned,44.0,16.0,28.0,0.36363637,0.6363636,0.6363636,0.08123791,0.05169685,0,0,0,1,1
37305,-1,0,2.694596,0.93670696,1,1,unassigned,21.0,21.0,0.0,1.0,0.0,0.0,0.036750484,0.0,0,0,0,1,1
37306,-1,0,1.4635313,0.81207216,1,1,unassigned,10.0,10.0,0.0,1.0,0.0,0.0,0.015473888,0.0,0,0,0,1,0
37307,0,1,-0.68798363,0.3344818,0,0,unassigned,8.0,6.0,2.0,0.75,0.25,0.25,0.0116054155,0.0029013539,1,0,1,0,0
37308,-1,1,-0.4989009,0.377799,0,1,unassigned,7.0,6.0,1.0,0.85714287,0.14285715,0.14285713,0.00967118,0.0013815971,1,0,0,0,0
37309,-1,0,1.9783413,0.8785043,1,1,unassigned,4.0,4.0,0.0,1.0,0.0,0.0,0.003868472,0.0,0,0,0,1,0
37310,-1,0,0.88354546,0.70755637,1,1,unassigned,17.0,17.0,0.0,1.0,0.0,0.0,0.029013539,0.0,0,0,0,1,0
37311,-1,0,-0.5567839,0.3642919,0,1,unassigned,12.0,12.0,0.0,1.0,0.0,0.0,0.01934236,0.0,0,0,0,0,0
37312,-1,1,8.423624,0.9997805,1,1,unassigned,29.0,14.0,15.0,0.4827586,0.51724136,0.51724136,0.05222437,0.027012605,1,0,0,1,1
37313,-1,0,-1.017666,0.26548228,0,1,unassigned,4.0,4.0,0.0,1.0,0.0,0.0,0.003868472,0.0,0,0,0,0,0
37314,-1,1,0.22842503,0.55685925,1,1,unassigned,7.0,6.0,1.0,0.85714287,0.14285715,0.14285713,0.00967118,0.0013815971,1,0,0,1,0
37315,-1,0,1.3560925,0.7951239,1,1,unassigned,2.0,2.0,0.0,1.0,0.0,0.0,0.0,0.0,0,0,0,1,0
37316,-1,0,3.0802348,0.95607,1,1,unassigned,3.0,3.0,0.0,1.0,0.0,0.0,0.001934236,0.0,0,0,0,1,1
37317,-1,0,-0.76790196,0.31693313,0,1,unassigned,4.0,3.0,1.0,0.75,0.25,0.25,0.003868472,0.000967118,0,0,0,0,0
37318,1,0,-0.16293925,0.45935506,0,1,unassigned,5.0,5.0,0.0,1.0,0.0,0.0,0.0058027077,0.0,0,0,0,0,0
37319,-1,0,0.73142403,0.6751177,1,1,unassigned,13.0,9.0,4.0,0.6923077,0.30769232,0.3076923,0.021276595,0.006546645,0,0,0,1,0
37320,-1,0,1.6881235,0.8439773,1,1,unassigned,12.0,11.0,1.0,0.9166667,0.083333336,0.08333331,0.01934236,0.0016118633,0,0,0,1,0
37321,-1,0,1.5219588,0.82082677,1,1,unassigned,11.0,5.0,6.0,0.45454547,0.54545456,0.5454545,0.017408123,0.00949534,0,0,0,1,0
37322,-1,0,0.46280545,0.61367947,1,1,unassigned,2.0,2.0,0.0,1.0,0.0,0.0,0.0,0.0,0,0,0,1,0
37323,-1,0,-0.34104103,0.4155566,0,1,unassigned,23.0,23.0,0.0,1.0,0.0,0.0,0.040618956,0.0,0,0,0,0,0
37324,-1,1,0.547067,0.63345486,1,1,unassigned,3.0,3.0,0.0,1.0,0.0,0.0,0.001934236,0.0,1,0,0,1,0
37325,-1,0,-1.0220382,0.26463056,0,1,unassigned,2.0,2.0,0.0,1.0,0.0,0.0,0.0,0.0,0,0,0,0,0
37326,0,0,0.050992668,0.5127454,1,1,val,12.0,12.0,0.0,1.0,0.0,0.0,0.01934236,0.0,0,0,0,1,0
37327,1,0,0.6184855,0.64987403,1,0,test,4.0,4.0,0.0,1.0,0.0,0.0,0.003868472,0.0,0,0,1,1,0
37328,-1,0,-0.2348665,0.4415518,0,1,unassigned,8.0,7.0,1.0,0.875,0.125,0.125,0.0116054155,0.0014506769,0,0,0,0,0
37329,0,1,-0.13703817,0.46579394,0,0,train,48.0,46.0,2.0,0.9583333,0.041666668,0.041666687,0.088974856,0.0037072857,1,0,1,0,0
37330,0,0,-0.7186788,0.327684,0,0,test,19.0,18.0,1.0,0.94736844,0.05263158,0.052631557,0.032882012,0.0017306323,0,0,1,0,0
37331,0,0,0.45362467,0.6115007,1,1,test,29.0,26.0,3.0,0.8965517,0.10344828,0.10344827,0.05222437,0.005402521,0,0,0,1,0
37332,-1,0,-0.1420021,0.46455902,0,1,unassigned,5.0,4.0,1.0,0.8,0.2,0.19999999,0.0058027077,0.0011605415,0,0,0,0,0
37333,1,0,5.455769,0.99574655,1,0,val,2.0,1.0,1.0,0.5,0.5,0.5,0.0,0.0,0,0,1,1,1
37334,-1,1,4.386665,0.9877108,1,1,unassigned,5.0,4.0,1.0,0.8,0.2,0.19999999,0.0058027077,0.0011605415,1,0,0,1,1
37335,-1,0,1.4114647,0.80399686,1,1,unassigned,10.0,10.0,0.0,1.0,0.0,0.0,0.015473888,0.0,0,0,0,1,0
37336,-1,0,2.4096901,0.9175632,1,1,unassigned,46.0,42.0,4.0,0.9130435,0.08695652,0.0869565,0.08510638,0.007400555,0,0,0,1,1
37337,1,0,2.7096593,0.93759423,1,0,val,28.0,28.0,0.0,1.0,0.0,0.0,0.050290134,0.0,0,0,1,1,1
37338,-1,0,2.3073123,0.9094808,1,1,unassigned,85.0,81.0,4.0,0.9529412,0.047058824,0.04705882,0.16054158,0.007554898,0,0,0,1,1
37339,-1,0,3.0775564,0.9559575,1,1,unassigned,19.0,19.0,0.0,1.0,0.0,0.0,0.032882012,0.0,0,0,0,1,1
37340,1,1,0.104554474,0.5261148,1,0,unassigned,25.0,25.0,0.0,1.0,0.0,0.0,0.044487428,0.0,1,0,1,1,0
37341,-1,1,5.648216,0.9964886,1,1,unassigned,23.0,21.0,2.0,0.9130435,0.08695652,0.0869565,0.040618956,0.0035320832,1,0,0,1,1
37342,-1,0,-0.13459426,0.46640214,0,1,unassigned,2.0,2.0,0.0,1.0,0.0,0.0,0.0,0.0,0,0,0,0,0
37343,-1,0,0.9833823,0.72777885,1,1,unassigned,7.0,6.0,1.0,0.85714287,0.14285715,0.14285713,0.00967118,0.0013815971,0,0,0,1,0
37344,-1,0,-0.7486122,0.32112375,0,1,unassigned,2.0,2.0,0.0,1.0,0.0,0.0,0.0,0.0,0,0,0,0,0
37345,-1,0,-0.6100649,0.35204437,0,1,unassigned,3.0,3.0,0.0,1.0,0.0,0.0,0.001934236,0.0,0,0,0,0,0
37346,-1,0,-0.7486122,0.32112375,0,1,unassigned,2.0,2.0,0.0,1.0,0.0,0.0,0.0,0.0,0,0,0,0,0
37347,-1,0,-0.7510991,0.32058185,0,1,unassigned,2.0,2.0,0.0,1.0,0.0,0.0,0.0,0.0,0,0,0,0,0
37348,-1,0,-0.8813261,0.29290307,0,1,unassigned,3.0,3.0,0.0,1.0,0.0,0.0,0.001934236,0.0,0,0,0,0,0
37349,-1,1,3.4620006,0.969587,1,1,unassigned,2.0,2.0,0.0,1.0,0.0,0.0,0.0,0.0,1,0,0,1,1
37350,-1,0,-0.43398502,0.39317515,0,1,unassigned,13.0,13.0,0.0,1.0,0.0,0.0,0.021276595,0.0,0,0,0,0,0
37351,-1,0,0.32706815,0.5810458,1,1,unassigned,14.0,10.0,4.0,0.71428573,0.2857143,0.28571427,0.023210831,0.0066316663,0,0,0,1,0
37352,-1,0,4.312093,0.9867719,1,1,unassigned,2.0,2.0,0.0,1.0,0.0,0.0,0.0,0.0,0,0,0,1,1
37353,-1,0,-0.8554828,0.298284,0,1,unassigned,75.0,73.0,2.0,0.97333336,0.026666667,0.026666641,0.14119923,0.003765313,0,0,0,0,0
37354,-1,1,-0.6619925,0.3402922,0,1,unassigned,37.0,36.0,1.0,0.972973,0.027027028,0.02702701,0.06769826,0.0018296828,1,0,0,0,0
37355,-1,0,-0.7089158,0.32983845,0,1,unassigned,43.0,43.0,0.0,1.0,0.0,0.0,0.079303674,0.0,0,0,0,0,0
37356,-1,0,0.94048387,0.71919745,1,1,unassigned,2.0,2.0,0.0,1.0,0.0,0.0,0.0,0.0,0,0,0,1,0
37357,-1,0,-0.56587225,0.36218986,0,1,unassigned,6.0,6.0,0.0,1.0,0.0,0.0,0.007736944,0.0,0,0,0,0,0
37358,1,1,4.482426,0.9888205,1,0,test,47.0,47.0,0.0,1.0,0.0,0.0,0.08704062,0.0,1,0,1,1,1
37359,-1,0,2.137356,0.89448136,1,1,unassigned,5.0,5.0,0.0,1.0,0.0,0.0,0.0058027077,0.0,0,0,0,1,0
37360,-1,1,3.2360883,0.96217,1,1,unassigned,8.0,7.0,1.0,0.875,0.125,0.125,0.0116054155,0.0014506769,1,0,0,1,1
37361,-1,1,-0.419353,0.3966716,0,1,unassigned,2.0,2.0,0.0,1.0,0.0,0.0,0.0,0.0,1,0,0,0,0
37362,-1,0,-0.424367,0.39547223,0,1,unassigned,3.0,2.0,1.0,0.6666667,0.33333334,0.3333333,0.001934236,0.00064474536,0,0,0,0,0
37363,-1,1,10.244724,0.9999645,1,1,unassigned,3.0,2.0,1.0,0.6666667,0.33333334,0.3333333,0.001934236,0.00064474536,1,0,0,1,1
37364,-1,0,7.1409745,0.9992086,1,1,unassigned,7.0,7.0,0.0,1.0,0.0,0.0,0.00967118,0.0,0,0,0,1,1
37365,-1,0,1.9846141,0.87917215,1,1,unassigned,2.0,2.0,0.0,1.0,0.0,0.0,0.0,0.0,0,0,0,1,0
37366,-1,1,-0.07485503,0.481295,0,1,unassigned,4.0,4.0,0.0,1.0,0.0,0.0,0.003868472,0.0,1,0,0,0,0
37367,1,0,5.9173684,0.997315,1,0,val,2.0,2.0,0.0,1.0,0.0,0.0,0.0,0.0,0,0,1,1,1
37368,-1,0,-0.31782117,0.42120683,0,1,unassigned,6.0,6.0,0.0,1.0,0.0,0.0,0.007736944,0.0,0,0,0,0,0
37369,-1,0,-0.10585618,0.47356066,0,1,unassigned,11.0,11.0,0.0,1.0,0.0,0.0,0.017408123,0.0,0,0,0,0,0
37370,-1,0,-0.46870723,0.38492227,0,1,unassigned,9.0,9.0,0.0,1.0,0.0,0.0,0.013539651,0.0,0,0,0,0,0
37371,-1,0,-0.4771382,0.38292813,0,1,unassigned,20.0,20.0,0.0,1.0,0.0,0.0,0.034816246,0.0,0,0,0,0,0
37372,-1,1,3.4587362,0.96949065,1,1,unassigned,6.0,5.0,1.0,0.8333333,0.16666667,0.16666669,0.007736944,0.0012894907,1,0,0,1,1
37373,-1,0,1.1121843,0.7525361,1,1,unassigned,8.0,5.0,3.0,0.625,0.375,0.375,0.0116054155,0.004352031,0,0,0,1,0
37374,1,0,1.4656343,0.81239295,1,0,unassigned,31.0,29.0,2.0,0.9354839,0.06451613,0.06451613,0.056092843,0.003618893,0,0,1,1,0
37375,1,1,3.7166994,0.9762631,1,0,unassigned,3.0,3.0,0.0,1.0,0.0,0.0,0.001934236,0.0,1,0,1,1,1
37376,-1,1,3.5435517,0.97190183,1,1,unassigned,10.0,9.0,1.0,0.9,0.1,0.100000024,0.015473888,0.0015473888,1,0,0,1,1
37377,-1,0,-0.2054491,0.44881764,0,1,unassigned,4.0,4.0,0.0,1.0,0.0,0.0,0.003868472,0.0,0,0,0,0,0
37378,1,1,3.3039944,0.9645656,1,0,train,5.0,5.0,0.0,1.0,0.0,0.0,0.0058027077,0.0,1,0,1,1,1
37379,1,1,5.4098105,0.9955474,1,0,val,8.0,8.0,0.0,1.0,0.0,0.0,0.0116054155,0.0,1,0,1,1,1
37380,1,1,2.590806,0.9302675,1,0,unassigned,3.0,3.0,0.0,1.0,0.0,0.0,0.001934236,0.0,1,0,1,1,1
37381,1,1,4.842004,0.99217063,1,0,unassigned,6.0,6.0,0.0,1.0,0.0,0.0,0.007736944,0.0,1,0,1,1,1
37382,1,1,3.454292,0.9693589,1,0,unassigned,4.0,4.0,0.0,1.0,0.0,0.0,0.003868472,0.0,1,0,1,1,1
37383,1,1,5.4308543,0.9956397,1,0,unassigned,8.0,8.0,0.0,1.0,0.0,0.0,0.0116054155,0.0,1,0,1,1,1
37384,-1,1,3.9308326,0.9807505,1,1,unassigned,8.0,8.0,0.0,1.0,0.0,0.0,0.0116054155,0.0,1,0,0,1,1
37385,1,1,5.811789,0.9970169,1,0,val,9.0,9.0,0.0,1.0,0.0,0.0,0.013539651,0.0,1,0,1,1,1
37386,1,1,0.054889143,0.51371884,1,0,test,12.0,12.0,0.0,1.0,0.0,0.0,0.01934236,0.0,1,0,1,1,0
37387,-1,0,-0.35898492,0.41120532,0,1,unassigned,12.0,12.0,0.0,1.0,0.0,0.0,0.01934236,0.0,0,0,0,0,0
37388,-1,0,-0.04699564,0.48825327,0,1,unassigned,15.0,15.0,0.0,1.0,0.0,0.0,0.025145067,0.0,0,0,0,0,0
37389,0,0,-0.25191706,0.43735167,0,0,test,25.0,25.0,0.0,1.0,0.0,0.0,0.044487428,0.0,0,0,1,0,0
37390,1,1,3.188349,0.9603935,1,0,val,6.0,6.0,0.0,1.0,0.0,0.0,0.007736944,0.0,1,0,1,1,1
37391,1,1,4.4163337,0.9880657,1,0,unassigned,5.0,5.0,0.0,1.0,0.0,0.0,0.0058027077,0.0,1,0,1,1,1
37392,1,1,5.199434,0.99451053,1,0,unassigned,6.0,6.0,0.0,1.0,0.0,0.0,0.007736944,0.0,1,0,1,1,1
37393,-1,1,3.6496403,0.97465837,1,1,unassigned,6.0,6.0,0.0,1.0,0.0,0.0,0.007736944,0.0,1,0,0,1,1
37394,1,1,5.0618787,0.9937063,1,0,test,11.0,11.0,0.0,1.0,0.0,0.0,0.017408123,0.0,1,0,1,1,1
37395,-1,0,-0.42107943,0.39625847,0,1,unassigned,6.0,6.0,0.0,1.0,0.0,0.0,0.007736944,0.0,0,0,0,0,0
37396,0,0,2.0228267,0.8831729,1,1,unassigned,3.0,3.0,0.0,1.0,0.0,0.0,0.001934236,0.0,0,0,0,1,0
37397,1,0,2.0559955,0.886552,1,0,test,5.0,5.0,0.0,1.0,0.0,0.0,0.0058027077,0.0,0,0,1,1,0
37398,-1,0,2.9453683,0.9500441,1,1,unassigned,7.0,6.0,1.0,0.85714287,0.14285715,0.14285713,0.00967118,0.0013815971,0,0,0,1,1
37399,-1,0,1.7496741,0.85191166,1,1,unassigned,10.0,9.0,1.0,0.9,0.1,0.100000024,0.015473888,0.0015473888,0,0,0,1,0
37400,-1,0,3.635925,0.97431743,1,1,unassigned,13.0,9.0,4.0,0.6923077,0.30769232,0.3076923,0.021276595,0.006546645,0,0,0,1,1
37401,-1,1,-0.7833839,0.31359103,0,1,unassigned,29.0,27.0,2.0,0.9310345,0.06896552,0.068965495,0.05222437,0.0036016807,1,0,0,0,0
37402,-1,0,-0.5620017,0.3630844,0,1,unassigned,12.0,12.0,0.0,1.0,0.0,0.0,0.01934236,0.0,0,0,0,0,0
37403,1,1,4.4570327,0.98853624,1,0,test,8.0,8.0,0.0,1.0,0.0,0.0,0.0116054155,0.0,1,0,1,1,1
37404,1,1,3.1837795,0.96021926,1,0,val,8.0,8.0,0.0,1.0,0.0,0.0,0.0116054155,0.0,1,0,1,1,1
37405,1,1,4.877774,0.9924436,1,0,unassigned,7.0,7.0,0.0,1.0,0.0,0.0,0.00967118,0.0,1,0,1,1,1
37406,-1,0,1.3941753,0.801258,1,1,unassigned,2.0,2.0,0.0,1.0,0.0,0.0,0.0,0.0,0,0,0,1,0
37407,-1,1,5.3055778,0.9950606,1,1,unassigned,17.0,13.0,4.0,0.7647059,0.23529412,0.2352941,0.029013539,0.006826715,1,0,0,1,1
37408,-1,0,2.2481477,0.90449065,1,1,unassigned,10.0,10.0,0.0,1.0,0.0,0.0,0.015473888,0.0,0,0,0,1,1
37409,1,1,4.1452317,0.9844072,1,0,unassigned,5.0,5.0,0.0,1.0,0.0,0.0,0.0058027077,0.0,1,0,1,1,1
37410,1,1,4.078669,0.9833519,1,0,unassigned,7.0,7.0,0.0,1.0,0.0,0.0,0.00967118,0.0,1,0,1,1,1
37411,1,1,3.6758134,0.9752969,1,0,unassigned,6.0,6.0,0.0,1.0,0.0,0.0,0.007736944,0.0,1,0,1,1,1
37412,-1,0,1.7199817,0.8481265,1,1,unassigned,21.0,21.0,0.0,1.0,0.0,0.0,0.036750484,0.0,0,0,0,1,0
37413,-1,0,0.34715033,0.58592635,1,1,unassigned,11.0,10.0,1.0,0.90909094,0.09090909,0.090909064,0.017408123,0.0015825568,0,0,0,1,0
37414,1,1,4.546847,0.98951066,1,0,val,4.0,4.0,0.0,1.0,0.0,0.0,0.003868472,0.0,1,0,1,1,1
37415,-1,0,2.110719,0.89194065,1,1,unassigned,47.0,44.0,3.0,0.9361702,0.06382979,0.06382978,0.08704062,0.0055557843,0,0,0,1,0
37416,1,1,4.515145,0.98917645,1,0,train,4.0,4.0,0.0,1.0,0.0,0.0,0.003868472,0.0,1,0,1,1,1
37417,1,0,0.6900827,0.66598535,1,0,unassigned,49.0,49.0,0.0,1.0,0.0,0.0,0.09090909,0.0,0,0,1,1,0
37418,-1,0,1.3310666,0.791017,1,1,unassigned,16.0,13.0,3.0,0.8125,0.1875,0.1875,0.027079303,0.0050773695,0,0,0,1,0
37419,-1,0,1.4079342,0.80343986,1,1,unassigned,27.0,25.0,2.0,0.9259259,0.074074075,0.07407409,0.0483559,0.0035819185,0,0,0,1,0
37420,-1,0,3.5381567,0.9717542,1,1,unassigned,15.0,15.0,0.0,1.0,0.0,0.0,0.025145067,0.0,0,0,0,1,1
37421,1,1,4.4740944,0.9887279,1,0,unassigned,9.0,9.0,0.0,1.0,0.0,0.0,0.013539651,0.0,1,0,1,1,1
37422,-1,0,3.4118686,0.9680734,1,1,unassigned,28.0,28.0,0.0,1.0,0.0,0.0,0.050290134,0.0,0,0,0,1,1
37423,-1,0,1.9051452,0.8704727,1,1,unassigned,10.0,10.0,0.0,1.0,0.0,0.0,0.015473888,0.0,0,0,0,1,0
37424,-1,0,1.6921389,0.8445052,1,1,unassigned,42.0,42.0,0.0,1.0,0.0,0.0,0.07736944,0.0,0,0,0,1,0
37425,-1,0,1.9872496,0.87945193,1,1,unassigned,30.0,29.0,1.0,0.96666664,0.033333335,0.03333336,0.054158606,0.001805287,0,0,0,1,0
37426,-1,0,0.56300825,0.6371483,1,1,unassigned,3.0,2.0,1.0,0.6666667,0.33333334,0.3333333,0.001934236,0.00064474536,0,0,0,1,0
37427,-1,1,-0.7348245,0.3241369,0,1,unassigned,143.0,141.0,2.0,0.986014,0.013986014,0.0139859915,0.27272728,0.0038143676,1,0,0,0,0
37428,-1,0,0.8368097,0.6977929,1,1,unassigned,17.0,17.0,0.0,1.0,0.0,0.0,0.029013539,0.0,0,0,0,1,0
37429,-1,1,6.2050567,0.9979849,1,1,unassigned,13.0,11.0,2.0,0.84615386,0.15384616,0.15384614,0.021276595,0.0032733225,1,0,0,1,1
37430,-1,0,-0.73171127,0.3248193,0,1,unassigned,9.0,9.0,0.0,1.0,0.0,0.0,0.013539651,0.0,0,0,0,0,0
37431,-1,0,-0.07897079,0.48026752,0,1,unassigned,17.0,16.0,1.0,0.9411765,0.05882353,0.058823526,0.029013539,0.0017066788,0,0,0,0,0
37432,-1,0,-0.15530765,0.46125096,0,1,unassigned,5.0,5.0,0.0,1.0,0.0,0.0,0.0058027077,0.0,0,0,0,0,0
37433,1,1,4.896275,0.992581,1,0,val,6.0,6.0,0.0,1.0,0.0,0.0,0.007736944,0.0,1,0,1,1,1
37434,-1,1,2.2997906,0.9088597,1,1,unassigned,4.0,4.0,0.0,1.0,0.0,0.0,0.003868472,0.0,1,0,0,1,1
37435,1,1,3.74214,0.9768455,1,0,test,5.0,5.0,0.0,1.0,0.0,0.0,0.0058027077,0.0,1,0,1,1,1
37436,1,1,3.9977295,0.98197365,1,0,val,6.0,6.0,0.0,1.0,0.0,0.0,0.007736944,0.0,1,0,1,1,1
37437,-1,1,3.3484628,0.96605444,1,1,unassigned,2.0,2.0,0.0,1.0,0.0,0.0,0.0,0.0,1,0,0,1,1
37438,1,1,1.5373728,0.82308245,1,0,val,4.0,4.0,0.0,1.0,0.0,0.0,0.003868472,0.0,1,0,1,1,0
37439,-1,1,1.5636249,0.8268729,1,1,unassigned,5.0,4.0,1.0,0.8,0.2,0.19999999,0.0058027077,0.0011605415,1,0,0,1,0
37440,-1,1,1.242842,0.77605826,1,1,unassigned,4.0,2.0,2.0,0.5,0.5,0.5,0.003868472,0.001934236,1,0,0,1,0
37441,-1,1,1.8407891,0.86304206,1,1,unassigned,2.0,2.0,0.0,1.0,0.0,0.0,0.0,0.0,1,0,0,1,0
37442,-1,0,1.0095165,0.73292553,1,1,unassigned,8.0,7.0,1.0,0.875,0.125,0.125,0.0116054155,0.0014506769,0,0,0,1,0
37443,-1,1,2.2997906,0.9088597,1,1,unassigned,4.0,4.0,0.0,1.0,0.0,0.0,0.003868472,0.0,1,0,0,1,1
37444,-1,0,-0.83741045,0.30208045,0,1,unassigned,36.0,36.0,0.0,1.0,0.0,0.0,0.065764025,0.0,0,0,0,0,0
37445,-1,0,1.6210628,0.8349417,1,1,unassigned,3.0,2.0,1.0,0.6666667,0.33333334,0.3333333,0.001934236,0.00064474536,0,0,0,1,0
37446,-1,0,-0.37016302,0.40850163,0,1,unassigned,2.0,2.0,0.0,1.0,0.0,0.0,0.0,0.0,0,0,0,0,0
37447,-1,1,3.4145415,0.96815586,1,1,unassigned,5.0,5.0,0.0,1.0,0.0,0.0,0.0058027077,0.0,1,0,0,1,1
37448,-1,0,-0.071618855,0.4821029,0,1,unassigned,3.0,3.0,0.0,1.0,0.0,0.0,0.001934236,0.0,0,0,0,0,0
37449,-1,0,3.0366585,0.95420307,1,1,unassigned,4.0,4.0,0.0,1.0,0.0,0.0,0.003868472,0.0,0,0,0,1,1
37450,-1,1,0.8110061,0.69232386,1,1,unassigned,4.0,2.0,2.0,0.5,0.5,0.5,0.003868472,0.001934236,1,0,0,1,0
37451,-1,1,2.1809218,0.8985232,1,1,unassigned,5.0,5.0,0.0,1.0,0.0,0.0,0.0058027077,0.0,1,0,0,1,0
37452,-1,0,8.126465,0.9997044,1,1,unassigned,26.0,25.0,1.0,0.96153843,0.03846154,0.038461566,0.046421662,0.0017854486,0,0,0,1,1
37453,1,0,2.1143777,0.8922928,1,0,unassigned,26.0,26.0,0.0,1.0,0.0,0.0,0.046421662,0.0,0,0,1,1,0
37454,-1,0,0.44099635,0.6084964,1,1,unassigned,10.0,10.0,0.0,1.0,0.0,0.0,0.015473888,0.0,0,0,0,1,0
37455,1,0,1.4142184,0.8044304,1,0,unassigned,27.0,27.0,0.0,1.0,0.0,0.0,0.0483559,0.0,0,0,1,1,0
37456,-1,0,1.359426,0.7956664,1,1,unassigned,26.0,26.0,0.0,1.0,0.0,0.0,0.046421662,0.0,0,0,0,1,0
37457,-1,0,1.1723883,0.76357645,1,1,unassigned,21.0,18.0,3.0,0.85714287,0.14285715,0.14285713,0.036750484,0.0052500693,0,0,0,1,0
37458,1,1,1.3100457,0.7875208,1,0,train,5.0,5.0,0.0,1.0,0.0,0.0,0.0058027077,0.0,1,0,1,1,0
37459,-1,1,1.2682035,0.7804351,1,1,unassigned,26.0,23.0,3.0,0.88461536,0.115384616,0.11538464,0.046421662,0.005356346,1,0,0,1,0
37460,-1,1,2.9015753,0.9479242,1,1,unassigned,12.0,11.0,1.0,0.9166667,0.083333336,0.08333331,0.01934236,0.0016118633,1,0,0,1,1
37461,-1,0,2.7076285,0.9374753,1,1,unassigned,4.0,4.0,0.0,1.0,0.0,0.0,0.003868472,0.0,0,0,0,1,1
37462,-1,1,2.9071527,0.94819885,1,1,unassigned,6.0,4.0,2.0,0.6666667,0.33333334,0.3333333,0.007736944,0.0025789815,1,0,0,1,1
37463,-1,0,10.251659,0.9999647,1,1,unassigned,5.0,5.0,0.0,1.0,0.0,0.0,0.0058027077,0.0,0,0,0,1,1
37464,-1,0,-0.82522666,0.3046553,0,1,unassigned,2.0,2.0,0.0,1.0,0.0,0.0,0.0,0.0,0,0,0,0,0
37465,-1,0,-0.5433017,0.36741984,0,1,unassigned,99.0,99.0,0.0,1.0,0.0,0.0,0.1876209,0.0,0,0,0,0,0
37466,-1,1,11.216803,0.9999865,1,1,unassigned,2.0,1.0,1.0,0.5,0.5,0.5,0.0,0.0,1,0,0,1,1
37467,-1,0,1.5923498,0.83094645,1,1,unassigned,16.0,13.0,3.0,0.8125,0.1875,0.1875,0.027079303,0.0050773695,0,0,0,1,0
37468,-1,1,-0.34784275,0.41390568,0,1,unassigned,5.0,5.0,0.0,1.0,0.0,0.0,0.0058027077,0.0,1,0,0,0,0
37469,-1,1,5.695521,0.9966503,1,1,unassigned,10.0,8.0,2.0,0.8,0.2,0.19999999,0.015473888,0.0030947777,1,0,0,1,1
37470,-1,0,4.9861407,0.99321437,1,1,unassigned,8.0,7.0,1.0,0.875,0.125,0.125,0.0116054155,0.0014506769,0,0,0,1,1
37471,-1,0,1.4760058,0.8139685,1,1,unassigned,3.0,3.0,0.0,1.0,0.0,0.0,0.001934236,0.0,0,0,0,1,0
37472,-1,0,1.1321702,0.7562392,1,1,unassigned,36.0,36.0,0.0,1.0,0.0,0.0,0.065764025,0.0,0,0,0,1,0
37473,-1,0,3.1677473,0.9596024,1,1,unassigned,40.0,38.0,2.0,0.95,0.05,0.050000012,0.07350097,0.0036750485,0,0,0,1,1
37474,-1,0,0.74123114,0.67726505,1,1,unassigned,3.0,3.0,0.0,1.0,0.0,0.0,0.001934236,0.0,0,0,0,1,0
37475,-1,0,-0.16690636,0.45837003,0,1,unassigned,3.0,3.0,0.0,1.0,0.0,0.0,0.001934236,0.0,0,0,0,0,0
37476,-1,1,1.6859295,0.84368813,1,1,unassigned,14.0,12.0,2.0,0.85714287,0.14285715,0.14285713,0.023210831,0.0033158332,1,0,0,1,0
37477,-1,0,4.8205457,0.9920021,1,1,unassigned,7.0,7.0,0.0,1.0,0.0,0.0,0.00967118,0.0,0,0,0,1,1
37478,-1,1,1.9443712,0.8748316,1,1,unassigned,3.0,3.0,0.0,1.0,0.0,0.0,0.001934236,0.0,1,0,0,1,0
37479,-1,1,-0.3644235,0.40988916,0,1,unassigned,2.0,1.0,1.0,0.5,0.5,0.5,0.0,0.0,1,0,0,0,0
37480,-1,0,1.6879041,0.8439483,1,1,unassigned,2.0,2.0,0.0,1.0,0.0,0.0,0.0,0.0,0,0,0,1,0
37481,-1,1,1.8243268,0.8610845,1,1,unassigned,53.0,50.0,3.0,0.9433962,0.056603774,0.05660379,0.09864604,0.005583738,1,0,0,1,0
37482,-1,1,-0.880048,0.29316786,0,1,unassigned,11.0,11.0,0.0,1.0,0.0,0.0,0.017408123,0.0,1,0,0,0,0
37483,-1,0,-0.19295144,0.45191124,0,1,unassigned,14.0,14.0,0.0,1.0,0.0,0.0,0.023210831,0.0,0,0,0,0,0
37484,-1,0,-0.42239156,0.39594463,0,1,unassigned,7.0,7.0,0.0,1.0,0.0,0.0,0.00967118,0.0,0,0,0,0,0
37485,-1,0,0.12017113,0.5300067,1,1,unassigned,38.0,37.0,1.0,0.9736842,0.02631579,0.026315808,0.06963249,0.0018324341,0,0,0,1,0
37486,-1,0,-0.2966578,0.42637467,0,1,unassigned,2.0,2.0,0.0,1.0,0.0,0.0,0.0,0.0,0,0,0,0,0
37487,-1,0,2.6927302,0.93659633,1,1,unassigned,19.0,17.0,2.0,0.8947368,0.10526316,0.10526317,0.032882012,0.0034612645,0,0,0,1,1
37488,-1,0,-0.8696036,0.29533678,0,1,unassigned,2.0,2.0,0.0,1.0,0.0,0.0,0.0,0.0,0,0,0,0,0
37489,-1,0,0.1210255,0.5302195,1,1,unassigned,7.0,7.0,0.0,1.0,0.0,0.0,0.00967118,0.0,0,0,0,1,0
37490,-1,0,0.23422438,0.5582898,1,1,unassigned,9.0,9.0,0.0,1.0,0.0,0.0,0.013539651,0.0,0,0,0,1,0
37491,-1,0,0.44273084,0.60890955,1,1,unassigned,13.0,13.0,0.0,1.0,0.0,0.0,0.021276595,0.0,0,0,0,1,0
37492,-1,0,2.3104224,0.9097366,1,1,unassigned,2.0,2.0,0.0,1.0,0.0,0.0,0.0,0.0,0,0,0,1,1
37493,-1,1,-0.40149492,0.4009532,0,1,unassigned,68.0,64.0,4.0,0.9411765,0.05882353,0.058823526,0.12765957,0.0075093866,1,0,0,0,0
37494,0,0,-0.82227546,0.30528086,0,0,unassigned,53.0,53.0,0.0,1.0,0.0,0.0,0.09864604,0.0,0,0,1,0,0
37495,-1,0,-0.76394856,0.3177896,0,1,unassigned,27.0,27.0,0.0,1.0,0.0,0.0,0.0483559,0.0,0,0,0,0,0
37496,-1,0,-0.7163084,0.32820642,0,1,unassigned,19.0,18.0,1.0,0.94736844,0.05263158,0.052631557,0.032882012,0.0017306323,0,0,0,0,0
37497,-1,0,3.7700903,0.9774694,1,1,unassigned,14.0,13.0,1.0,0.9285714,0.071428575,0.0714286,0.023210831,0.0016579166,0,0,0,1,1
37498,-1,0,-0.82960904,0.30372775,0,1,unassigned,23.0,23.0,0.0,1.0,0.0,0.0,0.040618956,0.0,0,0,0,0,0
37499,-1,0,-0.8594626,0.29745165,0,1,unassigned,14.0,14.0,0.0,1.0,0.0,0.0,0.023210831,0.0,0,0,0,0,0
37500,-1,0,-0.27344254,0.43206218,0,1,unassigned,49.0,49.0,0.0,1.0,0.0,0.0,0.09090909,0.0,0,0,0,0,0
37501,0,0,-0.19692868,0.45092633,0,0,val,47.0,46.0,1.0,0.9787234,0.021276595,0.021276593,0.08704062,0.001851928,0,0,1,0,0
37502,-1,0,2.363217,0.9139791,1,1,unassigned,13.0,12.0,1.0,0.9230769,0.07692308,0.07692307,0.021276595,0.0016366612,0,0,0,1,1
37503,-1,0,1.5509064,0.82504463,1,1,unassigned,3.0,3.0,0.0,1.0,0.0,0.0,0.001934236,0.0,0,0,0,1,0
37504,-1,0,-0.3688755,0.40881276,0,1,unassigned,34.0,33.0,1.0,0.9705882,0.029411765,0.029411793,0.061895553,0.0018204574,0,0,0,0,0
37505,1,0,-1.2563508,0.22160272,0,1,val,3.0,3.0,0.0,1.0,0.0,0.0,0.001934236,0.0,0,0,0,0,0
37506,-1,0,-0.10347998,0.47415307,0,1,unassigned,3.0,3.0,0.0,1.0,0.0,0.0,0.001934236,0.0,0,0,0,0,0
37507,-1,1,0.49167246,0.6205003,1,1,unassigned,4.0,3.0,1.0,0.75,0.25,0.25,0.003868472,0.000967118,1,0,0,1,0
37508,-1,0,-0.024005234,0.49399894,0,1,unassigned,2.0,2.0,0.0,1.0,0.0,0.0,0.0,0.0,0,0,0,0,0
37509,-1,0,0.03332913,0.5083315,1,1,unassigned,5.0,5.0,0.0,1.0,0.0,0.0,0.0058027077,0.0,0,0,0,1,0
37510,-1,1,-0.7429417,0.32236123,0,1,unassigned,2.0,2.0,0.0,1.0,0.0,0.0,0.0,0.0,1,0,0,0,0
37511,-1,0,0.1615873,0.5403092,1,1,unassigned,23.0,22.0,1.0,0.95652175,0.04347826,0.04347825,0.040618956,0.0017660416,0,0,0,1,0
37512,-1,0,0.061892807,0.5154683,1,1,unassigned,35.0,35.0,0.0,1.0,0.0,0.0,0.06382979,0.0,0,0,0,1,0
37513,0,0,-0.08870277,0.47783884,0,0,unassigned,39.0,39.0,0.0,1.0,0.0,0.0,0.07156673,0.0,0,0,1,0,0
37514,-1,0,2.8816206,0.94693035,1,1,unassigned,2.0,2.0,0.0,1.0,0.0,0.0,0.0,0.0,0,0,0,1,1
37515,1,1,0.39878494,0.5983957,1,0,val,9.0,9.0,0.0,1.0,0.0,0.0,0.013539651,0.0,1,0,1,1,0
37516,0,0,0.018635929,0.5046589,1,1,unassigned,4.0,4.0,0.0,1.0,0.0,0.0,0.003868472,0.0,0,0,0,1,0
37517,1,0,5.8652854,0.9971718,1,0,unassigned,2.0,2.0,0.0,1.0,0.0,0.0,0.0,0.0,0,0,1,1,1
37518,-1,0,-0.14790803,0.46309027,0,1,unassigned,94.0,94.0,0.0,1.0,0.0,0.0,0.17794971,0.0,0,0,0,0,0
37519,-1,0,1.7236531,0.84859884,1,1,unassigned,9.0,9.0,0.0,1.0,0.0,0.0,0.013539651,0.0,0,0,0,1,0
37520,-1,0,-0.7952233,0.31104824,0,1,unassigned,45.0,45.0,0.0,1.0,0.0,0.0,0.08317215,0.0,0,0,0,0,0
37521,-1,1,6.3333106,0.99822706,1,1,unassigned,5.0,4.0,1.0,0.8,0.2,0.19999999,0.0058027077,0.0011605415,1,0,0,1,1
37522,-1,0,1.7592413,0.85311466,1,1,unassigned,18.0,17.0,1.0,0.9444444,0.055555556,0.055555582,0.030947777,0.0017193209,0,0,0,1,0
37523,-1,0,1.4113555,0.80397964,1,1,unassigned,32.0,28.0,4.0,0.875,0.125,0.125,0.058027077,0.0072533847,0,0,0,1,0
37524,-1,0,3.0631926,0.9553487,1,1,unassigned,25.0,23.0,2.0,0.92,0.08,0.07999998,0.044487428,0.003558994,0,0,0,1,1
37525,-1,0,-0.9182278,0.28531912,0,1,unassigned,29.0,29.0,0.0,1.0,0.0,0.0,0.05222437,0.0,0,0,0,0,0
37526,-1,0,-0.4757675,0.38325205,0,1,unassigned,14.0,14.0,0.0,1.0,0.0,0.0,0.023210831,0.0,0,0,0,0,0
37527,-1,0,1.198045,0.76817685,1,1,unassigned,22.0,22.0,0.0,1.0,0.0,0.0,0.03868472,0.0,0,0,0,1,0
37528,-1,0,-0.73019767,0.32515135,0,1,unassigned,7.0,7.0,0.0,1.0,0.0,0.0,0.00967118,0.0,0,0,0,0,0
37529,-1,0,-0.408962,0.39916104,0,1,unassigned,19.0,19.0,0.0,1.0,0.0,0.0,0.032882012,0.0,0,0,0,0,0
37530,1,0,-0.71048605,0.32949147,0,1,test,10.0,10.0,0.0,1.0,0.0,0.0,0.015473888,0.0,0,0,0,0,0
37531,-1,0,5.919621,0.99732095,1,1,unassigned,6.0,6.0,0.0,1.0,0.0,0.0,0.007736944,0.0,0,0,0,1,1
37532,-1,0,-0.21923989,0.44540855,0,1,unassigned,2.0,2.0,0.0,1.0,0.0,0.0,0.0,0.0,0,0,0,0,0
37533,-1,1,0.48135287,0.61806726,1,1,unassigned,2.0,1.0,1.0,0.5,0.5,0.5,0.0,0.0,1,0,0,1,0
37534,-1,1,1.2102845,0.7703493,1,1,unassigned,3.0,3.0,0.0,1.0,0.0,0.0,0.001934236,0.0,1,0,0,1,0
37535,-1,1,2.405401,0.91723824,1,1,unassigned,8.0,8.0,0.0,1.0,0.0,0.0,0.0116054155,0.0,1,0,0,1,1
37536,-1,0,-0.1596322,0.46017644,0,1,unassigned,26.0,26.0,0.0,1.0,0.0,0.0,0.046421662,0.0,0,0,0,0,0
37537,-1,0,2.1341102,0.89417464,1,1,unassigned,8.0,8.0,0.0,1.0,0.0,0.0,0.0116054155,0.0,0,0,0,1,0
37538,-1,0,1.535816,0.82285565,1,1,unassigned,4.0,4.0,0.0,1.0,0.0,0.0,0.003868472,0.0,0,0,0,1,0
37539,-1,0,2.521127,0.9256097,1,1,unassigned,4.0,4.0,0.0,1.0,0.0,0.0,0.003868472,0.0,0,0,0,1,1
37540,-1,0,2.9886289,0.9520578,1,1,unassigned,4.0,4.0,0.0,1.0,0.0,0.0,0.003868472,0.0,0,0,0,1,1
37541,-1,0,1.8919728,0.8689803,1,1,unassigned,4.0,4.0,0.0,1.0,0.0,0.0,0.003868472,0.0,0,0,0,1,0
37542,-1,0,-0.62596214,0.3484267,0,1,unassigned,39.0,39.0,0.0,1.0,0.0,0.0,0.07156673,0.0,0,0,0,0,0
37543,-1,0,-0.77810985,0.3147274,0,1,unassigned,26.0,24.0,2.0,0.9230769,0.07692308,0.07692307,0.046421662,0.0035708973,0,0,0,0,0
37544,-1,0,-0.71824026,0.3277806,0,1,unassigned,57.0,57.0,0.0,1.0,0.0,0.0,0.10638298,0.0,0,0,0,0,0
37545,0,0,-0.8165264,0.3065015,0,0,val,48.0,48.0,0.0,1.0,0.0,0.0,0.088974856,0.0,0,0,1,0,0
37546,-1,0,0.8113943,0.69240654,1,1,unassigned,16.0,16.0,0.0,1.0,0.0,0.0,0.027079303,0.0,0,0,0,1,0
37547,-1,0,-0.1134032,0.47167957,0,1,unassigned,31.0,29.0,2.0,0.9354839,0.06451613,0.06451613,0.056092843,0.003618893,0,0,0,0,0
37548,-1,0,-0.41463262,0.39780185,0,1,unassigned,10.0,9.0,1.0,0.9,0.1,0.100000024,0.015473888,0.0015473888,0,0,0,0,0
37549,1,0,-0.6909623,0.33381903,0,1,unassigned,3.0,3.0,0.0,1.0,0.0,0.0,0.001934236,0.0,0,0,0,0,0
37550,-1,0,0.67857057,0.6634196,1,1,unassigned,9.0,8.0,1.0,0.8888889,0.11111111,0.111111104,0.013539651,0.0015044058,0,0,0,1,0
37551,-1,1,4.725821,0.9912144,1,1,unassigned,5.0,3.0,2.0,0.6,0.4,0.39999998,0.0058027077,0.002321083,1,0,0,1,1
37552,-1,0,-0.4441031,0.3907637,0,1,unassigned,13.0,13.0,0.0,1.0,0.0,0.0,0.021276595,0.0,0,0,0,0,0
37553,0,0,-0.8309444,0.3034454,0,0,unassigned,10.0,10.0,0.0,1.0,0.0,0.0,0.015473888,0.0,0,0,1,0,0
37554,-1,1,0.7622822,0.681849,1,1,unassigned,9.0,9.0,0.0,1.0,0.0,0.0,0.013539651,0.0,1,0,0,1,0
37555,-1,0,7.542749,0.9994704,1,1,unassigned,6.0,4.0,2.0,0.6666667,0.33333334,0.3333333,0.007736944,0.0025789815,0,0,0,1,1
37556,-1,0,2.4677956,0.9218531,1,1,unassigned,4.0,4.0,0.0,1.0,0.0,0.0,0.003868472,0.0,0,0,0,1,1
37557,-1,0,1.6905005,0.84429,1,1,unassigned,3.0,3.0,0.0,1.0,0.0,0.0,0.001934236,0.0,0,0,0,1,0
37558,-1,0,4.6645784,0.9906647,1,1,unassigned,12.0,12.0,0.0,1.0,0.0,0.0,0.01934236,0.0,0,0,0,1,1
37559,-1,0,7.3099113,0.9993316,1,1,unassigned,2.0,2.0,0.0,1.0,0.0,0.0,0.0,0.0,0,0,0,1,1
37560,-1,0,7.3177533,0.9993368,1,1,unassigned,2.0,2.0,0.0,1.0,0.0,0.0,0.0,0.0,0,0,0,1,1
37561,-1,0,3.478615,0.97007316,1,1,unassigned,20.0,11.0,9.0,0.55,0.45,0.45,0.034816246,0.01566731,0,0,0,1,1
37562,-1,1,3.98621,0.9817686,1,1,unassigned,5.0,4.0,1.0,0.8,0.2,0.19999999,0.0058027077,0.0011605415,1,0,0,1,1
37563,-1,0,-0.15338063,0.46172985,0,1,unassigned,22.0,22.0,0.0,1.0,0.0,0.0,0.03868472,0.0,0,0,0,0,0
37564,-1,0,-0.42507157,0.39530382,0,1,unassigned,6.0,6.0,0.0,1.0,0.0,0.0,0.007736944,0.0,0,0,0,0,0
37565,-1,0,-0.4904903,0.3797781,0,1,unassigned,8.0,8.0,0.0,1.0,0.0,0.0,0.0116054155,0.0,0,0,0,0,0
37566,-1,0,-0.10735661,0.47318658,0,1,unassigned,37.0,37.0,0.0,1.0,0.0,0.0,0.06769826,0.0,0,0,0,0,0
37567,0,0,-0.37870765,0.40643862,0,0,unassigned,22.0,22.0,0.0,1.0,0.0,0.0,0.03868472,0.0,0,0,1,0,0
37568,-1,0,-0.15361363,0.4616719,0,1,unassigned,10.0,10.0,0.0,1.0,0.0,0.0,0.015473888,0.0,0,0,0,0,0
37569,-1,0,-0.22438282,0.44413844,0,1,unassigned,23.0,23.0,0.0,1.0,0.0,0.0,0.040618956,0.0,0,0,0,0,0
37570,-1,0,-0.45495036,0.38818443,0,1,unassigned,17.0,17.0,0.0,1.0,0.0,0.0,0.029013539,0.0,0,0,0,0,0
37571,-1,0,0.12473637,0.5311437,1,1,unassigned,2.0,2.0,0.0,1.0,0.0,0.0,0.0,0.0,0,0,0,1,0
37572,-1,0,-0.49506712,0.3787006,0,1,unassigned,9.0,9.0,0.0,1.0,0.0,0.0,0.013539651,0.0,0,0,0,0,0
37573,-1,1,2.8434083,0.944977,1,1,unassigned,2.0,2.0,0.0,1.0,0.0,0.0,0.0,0.0,1,0,0,1,1
37574,0,0,-0.11547172,0.47116414,0,0,unassigned,43.0,43.0,0.0,1.0,0.0,0.0,0.079303674,0.0,0,0,1,0,0
37575,0,0,-0.076633394,0.48085105,0,0,unassigned,16.0,16.0,0.0,1.0,0.0,0.0,0.027079303,0.0,0,0,1,0,0
37576,1,1,-0.11372262,0.4715999,0,1,unassigned,15.0,14.0,1.0,0.93333334,0.06666667,0.06666666,0.025145067,0.0016763379,1,0,0,0,0
37577,-1,1,0.010558128,0.50263953,1,1,unassigned,3.0,3.0,0.0,1.0,0.0,0.0,0.001934236,0.0,1,0,0,1,0
37578,0,0,-0.109929025,0.47254542,0,0,unassigned,22.0,22.0,0.0,1.0,0.0,0.0,0.03868472,0.0,0,0,1,0,0
37579,-1,0,-0.18087226,0.4549048,0,1,unassigned,26.0,26.0,0.0,1.0,0.0,0.0,0.046421662,0.0,0,0,0,0,0
37580,-1,1,-0.5473816,0.3664721,0,1,unassigned,26.0,26.0,0.0,1.0,0.0,0.0,0.046421662,0.0,1,0,0,0,0
37581,-1,1,0.89420885,0.709758,1,1,unassigned,9.0,9.0,0.0,1.0,0.0,0.0,0.013539651,0.0,1,0,0,1,0
37582,-1,0,3.91723,0.980492,1,1,unassigned,2.0,2.0,0.0,1.0,0.0,0.0,0.0,0.0,0,0,0,1,1
37583,-1,1,-0.19708675,0.45088717,0,1,unassigned,38.0,37.0,1.0,0.9736842,0.02631579,0.026315808,0.06963249,0.0018324341,1,0,0,0,0
37584,-1,1,0.19201797,0.5478575,1,1,unassigned,23.0,20.0,3.0,0.8695652,0.13043478,0.13043481,0.040618956,0.0052981246,1,0,0,1,0
37585,0,0,-0.7808137,0.31414452,0,0,unassigned,6.0,6.0,0.0,1.0,0.0,0.0,0.007736944,0.0,0,0,1,0,0
37586,-1,0,1.8368483,0.86257553,1,1,unassigned,6.0,6.0,0.0,1.0,0.0,0.0,0.007736944,0.0,0,0,0,1,0
37587,-1,0,2.5728984,0.9290968,1,1,unassigned,4.0,4.0,0.0,1.0,0.0,0.0,0.003868472,0.0,0,0,0,1,1
37588,1,0,3.9950917,0.98192686,1,0,unassigned,23.0,21.0,2.0,0.9130435,0.08695652,0.0869565,0.040618956,0.0035320832,0,0,1,1,1
37589,1,0,2.0118392,0.88203454,1,0,test,10.0,10.0,0.0,1.0,0.0,0.0,0.015473888,0.0,0,0,1,1,0
37590,-1,0,3.7459528,0.97693163,1,1,unassigned,2.0,2.0,0.0,1.0,0.0,0.0,0.0,0.0,0,0,0,1,1
37591,-1,0,-0.16688025,0.4583765,0,1,unassigned,21.0,21.0,0.0,1.0,0.0,0.0,0.036750484,0.0,0,0,0,0,0
37592,-1,0,1.0772257,0.74596864,1,1,unassigned,21.0,21.0,0.0,1.0,0.0,0.0,0.036750484,0.0,0,0,0,1,0
37593,1,0,3.6780412,0.97535044,1,0,test,43.0,42.0,1.0,0.9767442,0.023255814,0.023255825,0.079303674,0.0018442714,0,0,1,1,1
37594,-1,0,-0.3937662,0.402811,0,1,unassigned,13.0,12.0,1.0,0.9230769,0.07692308,0.07692307,0.021276595,0.0016366612,0,0,0,0,0
37595,-1,0,3.920647,0.9805572,1,1,unassigned,6.0,5.0,1.0,0.8333333,0.16666667,0.16666669,0.007736944,0.0012894907,0,0,0,1,1
37596,-1,1,-0.20570117,0.4487553,0,1,unassigned,3.0,3.0,0.0,1.0,0.0,0.0,0.001934236,0.0,1,0,0,0,0
37597,-1,1,-0.13931078,0.46522853,0,1,unassigned,6.0,6.0,0.0,1.0,0.0,0.0,0.007736944,0.0,1,0,0,0,0
37598,0,0,-0.55235285,0.3653187,0,0,test,4.0,4.0,0.0,1.0,0.0,0.0,0.003868472,0.0,0,0,1,0,0
37599,-1,1,1.6658983,0.8410282,1,1,unassigned,3.0,2.0,1.0,0.6666667,0.33333334,0.3333333,0.001934236,0.00064474536,1,0,0,1,0
37600,-1,1,-0.46205097,0.3864994,0,1,unassigned,67.0,63.0,4.0,0.9402985,0.05970149,0.059701502,0.12572534,0.0075059906,1,0,0,0,0
37601,0,0,-0.6100754,0.35204202,0,0,test,4.0,4.0,0.0,1.0,0.0,0.0,0.003868472,0.0,0,0,1,0,0
37602,-1,0,0.010714889,0.5026787,1,1,unassigned,12.0,12.0,0.0,1.0,0.0,0.0,0.01934236,0.0,0,0,0,1,0
37603,-1,0,-0.1621291,0.45955628,0,1,unassigned,30.0,28.0,2.0,0.93333334,0.06666667,0.06666666,0.054158606,0.003610574,0,0,0,0,0
37604,1,0,-0.56396574,0.36263037,0,1,unassigned,2.0,2.0,0.0,1.0,0.0,0.0,0.0,0.0,0,0,0,0,0
37605,-1,1,-0.38887775,0.4039875,0,1,unassigned,9.0,7.0,2.0,0.7777778,0.22222222,0.22222221,0.013539651,0.0030088115,1,0,0,0,0
37606,-1,0,0.96643525,0.7244084,1,1,unassigned,13.0,12.0,1.0,0.9230769,0.07692308,0.07692307,0.021276595,0.0016366612,0,0,0,1,0
37607,-1,1,3.5643184,0.9724635,1,1,unassigned,4.0,3.0,1.0,0.75,0.25,0.25,0.003868472,0.000967118,1,0,0,1,1
37608,-1,0,2.0008428,0.88088554,1,1,unassigned,8.0,8.0,0.0,1.0,0.0,0.0,0.0116054155,0.0,0,0,0,1,0
37609,-1,0,-0.32407677,0.41968253,0,1,unassigned,23.0,23.0,0.0,1.0,0.0,0.0,0.040618956,0.0,0,0,0,0,0
37610,-1,0,1.9515173,0.87561196,1,1,unassigned,15.0,15.0,0.0,1.0,0.0,0.0,0.025145067,0.0,0,0,0,1,0
37611,-1,1,-0.9169569,0.28557837,0,1,unassigned,26.0,23.0,3.0,0.88461536,0.115384616,0.11538464,0.046421662,0.005356346,1,0,0,0,0
37612,-1,0,-0.9076583,0.28747925,0,1,unassigned,17.0,17.0,0.0,1.0,0.0,0.0,0.029013539,0.0,0,0,0,0,0
37613,-1,0,4.045955,0.98280776,1,1,unassigned,19.0,19.0,0.0,1.0,0.0,0.0,0.032882012,0.0,0,0,0,1,1
37614,-1,0,0.1696698,0.542316,1,1,unassigned,48.0,48.0,0.0,1.0,0.0,0.0,0.088974856,0.0,0,0,0,1,0
37615,-1,0,6.2310586,0.99803656,1,1,unassigned,5.0,5.0,0.0,1.0,0.0,0.0,0.0058027077,0.0,0,0,0,1,1
37616,-1,0,6.4488416,0.9984201,1,1,unassigned,8.0,7.0,1.0,0.875,0.125,0.125,0.0116054155,0.0014506769,0,0,0,1,1
37617,-1,1,0.9093625,0.7128697,1,1,unassigned,3.0,3.0,0.0,1.0,0.0,0.0,0.001934236,0.0,1,0,0,1,0
37618,0,1,-0.8775898,0.29367748,0,0,unassigned,34.0,34.0,0.0,1.0,0.0,0.0,0.061895553,0.0,1,0,1,0,0
37619,-1,0,1.3878732,0.80025244,1,1,unassigned,10.0,10.0,0.0,1.0,0.0,0.0,0.015473888,0.0,0,0,0,1,0
37620,-1,1,3.5114639,0.9710122,1,1,unassigned,6.0,6.0,0.0,1.0,0.0,0.0,0.007736944,0.0,1,0,0,1,1
37621,-1,0,0.8670977,0.70414144,1,1,unassigned,16.0,16.0,0.0,1.0,0.0,0.0,0.027079303,0.0,0,0,0,1,0
37622,-1,0,-0.8184593,0.3060908,0,1,unassigned,44.0,42.0,2.0,0.95454544,0.045454547,0.04545456,0.08123791,0.0036926325,0,0,0,0,0
37623,-1,0,0.40052766,0.5988144,1,1,unassigned,10.0,9.0,1.0,0.9,0.1,0.100000024,0.015473888,0.0015473888,0,0,0,1,0
37624,-1,0,-0.13793087,0.46557182,0,1,unassigned,14.0,10.0,4.0,0.71428573,0.2857143,0.28571427,0.023210831,0.0066316663,0,0,0,0,0
37625,-1,0,1.5683908,0.8275541,1,1,unassigned,20.0,18.0,2.0,0.9,0.1,0.100000024,0.034816246,0.0034816246,0,0,0,1,0
37626,-1,0,-0.33035925,0.41815323,0,1,unassigned,57.0,57.0,0.0,1.0,0.0,0.0,0.10638298,0.0,0,0,0,0,0
37627,0,1,-0.90063643,0.28891972,0,0,val,4.0,4.0,0.0,1.0,0.0,0.0,0.003868472,0.0,1,0,1,0,0
37628,-1,0,2.7916205,0.94222134,1,1,unassigned,2.0,2.0,0.0,1.0,0.0,0.0,0.0,0.0,0,0,0,1,1
37629,-1,1,0.0034666061,0.50086665,1,1,unassigned,7.0,7.0,0.0,1.0,0.0,0.0,0.00967118,0.0,1,0,0,1,0
37630,-1,0,1.1671686,0.76263285,1,1,unassigned,7.0,6.0,1.0,0.85714287,0.14285715,0.14285713,0.00967118,0.0013815971,0,0,0,1,0
37631,-1,0,-0.17603403,0.4561048,0,1,unassigned,23.0,22.0,1.0,0.95652175,0.04347826,0.04347825,0.040618956,0.0017660416,0,0,0,0,0
37632,-1,0,0.24586636,0.5611588,1,1,unassigned,23.0,23.0,0.0,1.0,0.0,0.0,0.040618956,0.0,0,0,0,1,0
37633,-1,0,1.9778793,0.87845486,1,1,unassigned,3.0,3.0,0.0,1.0,0.0,0.0,0.001934236,0.0,0,0,0,1,0
37634,0,0,-0.9467411,0.27954066,0,0,unassigned,60.0,59.0,1.0,0.98333335,0.016666668,0.01666665,0.11218569,0.0018697615,0,0,1,0,0
37635,-1,0,-0.8256886,0.30455744,0,1,unassigned,14.0,14.0,0.0,1.0,0.0,0.0,0.023210831,0.0,0,0,0,0,0
37636,-1,0,-0.92594934,0.28374723,0,1,unassigned,42.0,41.0,1.0,0.97619045,0.023809524,0.023809552,0.07736944,0.0018421295,0,0,0,0,0
37637,-1,0,6.412769,0.99836224,1,1,unassigned,6.0,5.0,1.0,0.8333333,0.16666667,0.16666669,0.007736944,0.0012894907,0,0,0,1,1
37638,-1,0,-0.67493033,0.33739373,0,1,unassigned,13.0,13.0,0.0,1.0,0.0,0.0,0.021276595,0.0,0,0,0,0,0
37639,-1,0,0.54766303,0.6335932,1,1,unassigned,2.0,2.0,0.0,1.0,0.0,0.0,0.0,0.0,0,0,0,1,0
37640,-1,1,1.7682416,0.85423887,1,1,unassigned,8.0,7.0,1.0,0.875,0.125,0.125,0.0116054155,0.0014506769,1,0,0,1,0
37641,1,0,1.3360896,0.7918461,1,0,unassigned,20.0,20.0,0.0,1.0,0.0,0.0,0.034816246,0.0,0,0,1,1,0
37642,-1,0,1.5767791,0.8287479,1,1,unassigned,56.0,55.0,1.0,0.98214287,0.017857144,0.017857134,0.10444874,0.0018651562,0,0,0,1,0
37643,-1,0,-0.10219473,0.4744735,0,1,unassigned,7.0,7.0,0.0,1.0,0.0,0.0,0.00967118,0.0,0,0,0,0,0
37644,-1,0,0.005251229,0.50131285,1,1,unassigned,49.0,48.0,1.0,0.97959185,0.020408163,0.020408154,0.09090909,0.0018552876,0,0,0,1,0
37645,-1,0,0.49246603,0.6206871,1,1,unassigned,21.0,21.0,0.0,1.0,0.0,0.0,0.036750484,0.0,0,0,0,1,0
37646,0,1,0.37639284,0.5930028,1,1,test,47.0,43.0,4.0,0.9148936,0.08510638,0.08510637,0.08704062,0.007407712,1,0,0,1,0
37647,-1,0,-0.14764833,0.4631548,0,1,unassigned,3.0,3.0,0.0,1.0,0.0,0.0,0.001934236,0.0,0,0,0,0,0
37648,-1,0,0.43754762,0.60767454,1,1,unassigned,2.0,2.0,0.0,1.0,0.0,0.0,0.0,0.0,0,0,0,1,0
37649,-1,1,-0.7310084,0.32497346,0,1,unassigned,30.0,30.0,0.0,1.0,0.0,0.0,0.054158606,0.0,1,0,0,0,0
37650,-1,0,0.49747115,0.62186486,1,1,unassigned,7.0,7.0,0.0,1.0,0.0,0.0,0.00967118,0.0,0,0,0,1,0
37651,-1,1,3.9609826,0.9813115,1,1,unassigned,2.0,2.0,0.0,1.0,0.0,0.0,0.0,0.0,1,0,0,1,1
37652,-1,0,-0.16042292,0.45998007,0,1,unassigned,54.0,50.0,4.0,0.9259259,0.074074075,0.07407409,0.10058027,0.00745039,0,0,0,0,0
37653,1,0,-0.6072037,0.3526973,0,1,unassigned,12.0,12.0,0.0,1.0,0.0,0.0,0.01934236,0.0,0,0,0,0,0
37654,-1,0,-0.035229683,0.49119347,0,1,unassigned,4.0,4.0,0.0,1.0,0.0,0.0,0.003868472,0.0,0,0,0,0,0
37655,-1,0,1.4165435,0.804796,1,1,unassigned,2.0,2.0,0.0,1.0,0.0,0.0,0.0,0.0,0,0,0,1,0
37656,1,0,1.1664388,0.7625007,1,0,unassigned,2.0,2.0,0.0,1.0,0.0,0.0,0.0,0.0,0,0,1,1,0
37657,-1,1,-0.8658481,0.29611894,0,1,unassigned,43.0,42.0,1.0,0.9767442,0.023255814,0.023255825,0.079303674,0.0018442714,1,0,0,0,0
37658,0,1,-0.5281676,0.37094438,0,0,val,8.0,5.0,3.0,0.625,0.375,0.375,0.0116054155,0.004352031,1,0,1,0,0
37659,-1,1,-0.2595426,0.43547612,0,1,unassigned,2.0,1.0,1.0,0.5,0.5,0.5,0.0,0.0,1,0,0,0,0
37660,-1,1,3.5803688,0.97289,1,1,unassigned,8.0,4.0,4.0,0.5,0.5,0.5,0.0116054155,0.0058027077,1,0,0,1,1
37661,-1,0,-0.7221027,0.32693014,0,1,unassigned,10.0,9.0,1.0,0.9,0.1,0.100000024,0.015473888,0.0015473888,0,0,0,0,0
37662,-1,0,2.4521363,0.92071754,1,1,unassigned,11.0,11.0,0.0,1.0,0.0,0.0,0.017408123,0.0,0,0,0,1,1
37663,-1,0,-0.680531,0.3361428,0,1,unassigned,6.0,6.0,0.0,1.0,0.0,0.0,0.007736944,0.0,0,0,0,0,0
37664,-1,0,1.4447036,0.8091819,1,1,unassigned,3.0,3.0,0.0,1.0,0.0,0.0,0.001934236,0.0,0,0,0,1,0
37665,-1,0,-0.50486165,0.37639883,0,1,unassigned,17.0,17.0,0.0,1.0,0.0,0.0,0.029013539,0.0,0,0,0,0,0
37666,-1,0,3.0988677,0.95684606,1,1,unassigned,7.0,6.0,1.0,0.85714287,0.14285715,0.14285713,0.00967118,0.0013815971,0,0,0,1,1
37667,-1,1,-0.7976721,0.31052372,0,1,unassigned,2.0,2.0,0.0,1.0,0.0,0.0,0.0,0.0,1,0,0,0,0
37668,-1,0,-0.082885146,0.47929057,0,1,unassigned,31.0,31.0,0.0,1.0,0.0,0.0,0.056092843,0.0,0,0,0,0,0
37669,-1,0,2.706345,0.9374,1,1,unassigned,8.0,7.0,1.0,0.875,0.125,0.125,0.0116054155,0.0014506769,0,0,0,1,1
37670,-1,0,0.48195988,0.61821055,1,1,unassigned,20.0,20.0,0.0,1.0,0.0,0.0,0.034816246,0.0,0,0,0,1,0
37671,-1,1,-0.293594,0.4271242,0,1,unassigned,19.0,18.0,1.0,0.94736844,0.05263158,0.052631557,0.032882012,0.0017306323,1,0,0,0,0
37672,1,0,0.3241703,0.5803402,1,0,train,6.0,5.0,1.0,0.8333333,0.16666667,0.16666669,0.007736944,0.0012894907,0,0,1,1,0
37673,1,0,4.168113,0.98475456,1,0,unassigned,2.0,2.0,0.0,1.0,0.0,0.0,0.0,0.0,0,0,1,1,1
37674,-1,0,-0.4847901,0.38112167,0,1,unassigned,26.0,24.0,2.0,0.9230769,0.07692308,0.07692307,0.046421662,0.0035708973,0,0,0,0,0
37675,-1,0,0.102883935,0.5256983,1,1,unassigned,13.0,13.0,0.0,1.0,0.0,0.0,0.021276595,0.0,0,0,0,1,0
37676,1,0,-0.4878758,0.3803941,0,1,unassigned,2.0,2.0,0.0,1.0,0.0,0.0,0.0,0.0,0,0,0,0,0
37677,-1,1,0.8519817,0.7009827,1,1,unassigned,36.0,34.0,2.0,0.9444444,0.055555556,0.055555582,0.065764025,0.003653557,1,0,0,1,0
37678,-1,0,2.293328,0.908323,1,1,unassigned,7.0,7.0,0.0,1.0,0.0,0.0,0.00967118,0.0,0,0,0,1,1
37679,-1,1,5.843842,0.9971106,1,1,unassigned,21.0,18.0,3.0,0.85714287,0.14285715,0.14285713,0.036750484,0.0052500693,1,0,0,1,1
37680,-1,0,1.7995222,0.85809076,1,1,unassigned,20.0,20.0,0.0,1.0,0.0,0.0,0.034816246,0.0,0,0,0,1,0
37681,-1,1,0.02842158,0.50710493,1,1,unassigned,11.0,11.0,0.0,1.0,0.0,0.0,0.017408123,0.0,1,0,0,1,0
37682,-1,0,3.0094156,0.95299774,1,1,unassigned,5.0,4.0,1.0,0.8,0.2,0.19999999,0.0058027077,0.0011605415,0,0,0,1,1
37683,-1,0,-0.4264847,0.39496604,0,1,unassigned,12.0,12.0,0.0,1.0,0.0,0.0,0.01934236,0.0,0,0,0,0,0
37684,0,0,-0.12246981,0.4694208,0,0,unassigned,12.0,12.0,0.0,1.0,0.0,0.0,0.01934236,0.0,0,0,1,0,0
37685,-1,0,0.10499841,0.5262255,1,1,unassigned,8.0,6.0,2.0,0.75,0.25,0.25,0.0116054155,0.0029013539,0,0,0,1,0
37686,-1,0,6.5132957,0.99851865,1,1,unassigned,9.0,8.0,1.0,0.8888889,0.11111111,0.111111104,0.013539651,0.0015044058,0,0,0,1,1
37687,-1,1,1.6930609,0.8446263,1,1,unassigned,13.0,13.0,0.0,1.0,0.0,0.0,0.021276595,0.0,1,0,0,1,0
37688,-1,0,2.1754758,0.8980255,1,1,unassigned,17.0,1.0,16.0,0.05882353,0.9411765,0.9411765,0.029013539,0.02730686,0,0,0,1,0
37689,1,1,-0.6811748,0.33599913,0,1,unassigned,43.0,40.0,3.0,0.9302326,0.069767445,0.069767416,0.079303674,0.0055328147,1,0,0,0,0
37690,-1,0,0.4439829,0.6092077,1,1,unassigned,5.0,5.0,0.0,1.0,0.0,0.0,0.0058027077,0.0,0,0,0,1,0
37691,-1,0,-0.37061003,0.40839365,0,1,unassigned,33.0,32.0,1.0,0.969697,0.030303031,0.030303001,0.059961315,0.0018170096,0,0,0,0,0
37692,-1,0,3.172788,0.95979726,1,1,unassigned,4.0,4.0,0.0,1.0,0.0,0.0,0.003868472,0.0,0,0,0,1,1
37693,-1,0,8.63427,0.9998222,1,1,unassigned,5.0,4.0,1.0,0.8,0.2,0.19999999,0.0058027077,0.0011605415,0,0,0,1,1
37694,-1,1,2.1425657,0.8949721,1,1,unassigned,10.0,10.0,0.0,1.0,0.0,0.0,0.015473888,0.0,1,0,0,1,0
37695,0,0,-0.12340832,0.46918702,0,0,unassigned,28.0,28.0,0.0,1.0,0.0,0.0,0.050290134,0.0,0,0,1,0,0
37696,-1,0,2.7336314,0.93898225,1,1,unassigned,3.0,2.0,1.0,0.6666667,0.33333334,0.3333333,0.001934236,0.00064474536,0,0,0,1,1
37697,-1,1,6.965569,0.9990571,1,1,unassigned,4.0,4.0,0.0,1.0,0.0,0.0,0.003868472,0.0,1,0,0,1,1
37698,0,1,-0.3950231,0.4025087,0,0,train,62.0,62.0,0.0,1.0,0.0,0.0,0.116054155,0.0,1,0,1,0,0
37699,-1,1,2.7974432,0.9425375,1,1,unassigned,8.0,7.0,1.0,0.875,0.125,0.125,0.0116054155,0.0014506769,1,0,0,1,1
37700,-1,1,5.869716,0.9971842,1,1,unassigned,13.0,9.0,4.0,0.6923077,0.30769232,0.3076923,0.021276595,0.006546645,1,0,0,1,1
37701,-1,0,6.1216073,0.99780995,1,1,unassigned,19.0,18.0,1.0,0.94736844,0.05263158,0.052631557,0.032882012,0.0017306323,0,0,0,1,1
37702,-1,0,1.7299535,0.84940654,1,1,unassigned,2.0,2.0,0.0,1.0,0.0,0.0,0.0,0.0,0,0,0,1,0
37703,1,1,0.16961741,0.54230297,1,0,val,5.0,3.0,2.0,0.6,0.4,0.39999998,0.0058027077,0.002321083,1,0,1,1,0
37704,-1,1,0.21538585,0.55363923,1,1,unassigned,8.0,8.0,0.0,1.0,0.0,0.0,0.0116054155,0.0,1,0,0,1,0
37705,-1,0,4.416562,0.9880684,1,1,unassigned,33.0,33.0,0.0,1.0,0.0,0.0,0.059961315,0.0,0,0,0,1,1
37706,-1,1,0.5539492,0.63505137,1,1,unassigned,4.0,4.0,0.0,1.0,0.0,0.0,0.003868472,0.0,1,0,0,1,0
37707,-1,1,-0.6294685,0.34763107,0,1,unassigned,7.0,3.0,4.0,0.42857143,0.5714286,0.57142854,0.00967118,0.0055263885,1,0,0,0,0
37708,-1,0,0.42805713,0.6054096,1,1,unassigned,4.0,4.0,0.0,1.0,0.0,0.0,0.003868472,0.0,0,0,0,1,0
37709,-1,0,-0.1324414,0.466938,0,1,unassigned,21.0,20.0,1.0,0.95238096,0.04761905,0.047619045,0.036750484,0.0017500231,0,0,0,0,0
37710,-1,0,3.2079089,0.96113086,1,1,unassigned,2.0,2.0,0.0,1.0,0.0,0.0,0.0,0.0,0,0,0,1,1
37711,-1,1,3.6095908,0.9736502,1,1,unassigned,3.0,3.0,0.0,1.0,0.0,0.0,0.001934236,0.0,1,0,0,1,1
37712,-1,0,-0.7915505,0.31183583,0,1,unassigned,18.0,18.0,0.0,1.0,0.0,0.0,0.030947777,0.0,0,0,0,0,0
37713,-1,0,-0.80468494,0.30902424,0,1,unassigned,21.0,21.0,0.0,1.0,0.0,0.0,0.036750484,0.0,0,0,0,0,0
37714,-1,0,-0.53044975,0.370412,0,1,unassigned,14.0,14.0,0.0,1.0,0.0,0.0,0.023210831,0.0,0,0,0,0,0
37715,0,1,0.6979664,0.6677367,1,1,unassigned,30.0,30.0,0.0,1.0,0.0,0.0,0.054158606,0.0,1,0,0,1,0
37716,-1,1,-0.7929814,0.3115289,0,1,unassigned,22.0,21.0,1.0,0.95454544,0.045454547,0.04545456,0.03868472,0.0017583964,1,0,0,0,0
37717,-1,1,-0.1898014,0.45269156,0,1,unassigned,44.0,42.0,2.0,0.95454544,0.045454547,0.04545456,0.08123791,0.0036926325,1,0,0,0,0
37718,-1,0,1.4473627,0.8095922,1,1,unassigned,10.0,3.0,7.0,0.3,0.7,0.7,0.015473888,0.010831722,0,0,0,1,0
37719,-1,0,4.6010356,0.99005836,1,1,unassigned,12.0,11.0,1.0,0.9166667,0.083333336,0.08333331,0.01934236,0.0016118633,0,0,0,1,1
37720,-1,0,1.1892939,0.76661474,1,1,unassigned,14.0,14.0,0.0,1.0,0.0,0.0,0.023210831,0.0,0,0,0,1,0
37721,-1,0,0.60585004,0.6469936,1,1,unassigned,6.0,6.0,0.0,1.0,0.0,0.0,0.007736944,0.0,0,0,0,1,0
37722,-1,0,0.05374235,0.5134324,1,1,unassigned,8.0,8.0,0.0,1.0,0.0,0.0,0.0116054155,0.0,0,0,0,1,0
37723,-1,0,2.0455496,0.8854972,1,1,unassigned,12.0,12.0,0.0,1.0,0.0,0.0,0.01934236,0.0,0,0,0,1,0
37724,-1,1,6.3896956,0.998324,1,1,unassigned,8.0,8.0,0.0,1.0,0.0,0.0,0.0116054155,0.0,1,0,0,1,1
37725,-1,0,-0.69786805,0.33228508,0,1,unassigned,45.0,45.0,0.0,1.0,0.0,0.0,0.08317215,0.0,0,0,0,0,0
37726,-1,0,3.0315878,0.9539809,1,1,unassigned,12.0,12.0,0.0,1.0,0.0,0.0,0.01934236,0.0,0,0,0,1,1
37727,-1,0,-0.36097717,0.41072303,0,1,unassigned,34.0,33.0,1.0,0.9705882,0.029411765,0.029411793,0.061895553,0.0018204574,0,0,0,0,0
37728,-1,0,-0.5218477,0.37242028,0,1,unassigned,62.0,60.0,2.0,0.9677419,0.032258064,0.032258093,0.116054155,0.0037436823,0,0,0,0,0
37729,-1,0,-0.059595108,0.48510566,0,1,unassigned,29.0,27.0,2.0,0.9310345,0.06896552,0.068965495,0.05222437,0.0036016807,0,0,0,0,0
37730,-1,0,4.4026084,0.9879027,1,1,unassigned,21.0,21.0,0.0,1.0,0.0,0.0,0.036750484,0.0,0,0,0,1,1
37731,-1,0,1.3021936,0.7862039,1,1,unassigned,6.0,4.0,2.0,0.6666667,0.33333334,0.3333333,0.007736944,0.0025789815,0,0,0,1,0
37732,-1,1,0.057500243,0.5143711,1,1,unassigned,2.0,1.0,1.0,0.5,0.5,0.5,0.0,0.0,1,0,0,1,0
37733,1,0,0.15396184,0.5384146,1,0,test,9.0,9.0,0.0,1.0,0.0,0.0,0.013539651,0.0,0,0,1,1,0
37734,-1,0,-0.40247172,0.40071863,0,1,unassigned,38.0,38.0,0.0,1.0,0.0,0.0,0.06963249,0.0,0,0,0,0,0
37735,0,1,0.22075433,0.5549655,1,1,unassigned,6.0,5.0,1.0,0.8333333,0.16666667,0.16666669,0.007736944,0.0012894907,1,0,0,1,0
37736,-1,0,0.47877663,0.61745894,1,1,unassigned,2.0,2.0,0.0,1.0,0.0,0.0,0.0,0.0,0,0,0,1,0
37737,-1,1,2.458894,0.92120945,1,1,unassigned,22.0,19.0,3.0,0.8636364,0.13636364,0.13636363,0.03868472,0.005275189,1,0,0,1,1
37738,-1,1,1.6448853,0.8381986,1,1,unassigned,29.0,28.0,1.0,0.9655172,0.03448276,0.034482777,0.05222437,0.0018008404,1,0,0,1,0
37739,1,1,1.7106822,0.8469247,1,0,val,19.0,19.0,0.0,1.0,0.0,0.0,0.032882012,0.0,1,0,1,1,0
37740,-1,0,0.029722035,0.50742996,1,1,unassigned,14.0,13.0,1.0,0.9285714,0.071428575,0.0714286,0.023210831,0.0016579166,0,0,0,1,0
37741,-1,1,1.5513003,0.8251015,1,1,unassigned,6.0,3.0,3.0,0.5,0.5,0.5,0.007736944,0.003868472,1,0,0,1,0
37742,-1,1,4.615017,0.9901951,1,1,unassigned,13.0,12.0,1.0,0.9230769,0.07692308,0.07692307,0.021276595,0.0016366612,1,0,0,1,1
37743,1,1,4.7998643,0.99183637,1,0,unassigned,49.0,37.0,12.0,0.75510204,0.24489796,0.24489796,0.09090909,0.022263452,1,0,1,1,1
37744,-1,1,-0.7907478,0.3120081,0,1,unassigned,2.0,2.0,0.0,1.0,0.0,0.0,0.0,0.0,1,0,0,0,0
37745,-1,1,4.8675647,0.9923666,1,1,unassigned,26.0,24.0,2.0,0.9230769,0.07692308,0.07692307,0.046421662,0.0035708973,1,0,0,1,1
37746,-1,0,1.3316154,0.7911077,1,1,unassigned,9.0,9.0,0.0,1.0,0.0,0.0,0.013539651,0.0,0,0,0,1,0
37747,-1,1,2.5224807,0.9257028,1,1,unassigned,12.0,12.0,0.0,1.0,0.0,0.0,0.01934236,0.0,1,0,0,1,1
37748,-1,0,2.1819246,0.8986145,1,1,unassigned,2.0,2.0,0.0,1.0,0.0,0.0,0.0,0.0,0,0,0,1,0
37749,-1,1,9.506143,0.9999256,1,1,unassigned,24.0,21.0,3.0,0.875,0.125,0.125,0.04255319,0.005319149,1,0,0,1,1
37750,1,0,1.4971397,0.8171475,1,0,test,4.0,3.0,1.0,0.75,0.25,0.25,0.003868472,0.000967118,0,0,1,1,0
37751,-1,0,1.1125412,0.7526026,1,1,unassigned,4.0,4.0,0.0,1.0,0.0,0.0,0.003868472,0.0,0,0,0,1,0
37752,-1,0,4.0290256,0.9825194,1,1,unassigned,4.0,3.0,1.0,0.75,0.25,0.25,0.003868472,0.000967118,0,0,0,1,1
37753,-1,1,0.6277347,0.65197563,1,1,unassigned,2.0,2.0,0.0,1.0,0.0,0.0,0.0,0.0,1,0,0,1,0
37754,-1,0,6.814143,0.99890304,1,1,unassigned,3.0,3.0,0.0,1.0,0.0,0.0,0.001934236,0.0,0,0,0,1,1
37755,-1,0,-0.117281675,0.47071314,0,1,unassigned,3.0,3.0,0.0,1.0,0.0,0.0,0.001934236,0.0,0,0,0,0,0
37756,1,0,0.16638607,0.5415008,1,0,unassigned,26.0,26.0,0.0,1.0,0.0,0.0,0.046421662,0.0,0,0,1,1,0
37757,-1,0,1.675854,0.8423547,1,1,unassigned,10.0,10.0,0.0,1.0,0.0,0.0,0.015473888,0.0,0,0,0,1,0
37758,-1,0,-0.2034455,0.44931334,0,1,unassigned,3.0,3.0,0.0,1.0,0.0,0.0,0.001934236,0.0,0,0,0,0,0
37759,-1,0,-0.38160735,0.4057393,0,1,unassigned,35.0,35.0,0.0,1.0,0.0,0.0,0.06382979,0.0,0,0,0,0,0
37760,-1,0,2.4158056,0.91802466,1,1,unassigned,13.0,11.0,2.0,0.84615386,0.15384616,0.15384614,0.021276595,0.0032733225,0,0,0,1,1
37761,-1,0,2.8720143,0.9464455,1,1,unassigned,2.0,2.0,0.0,1.0,0.0,0.0,0.0,0.0,0,0,0,1,1
37762,-1,0,13.317712,0.99999833,1,1,unassigned,14.0,13.0,1.0,0.9285714,0.071428575,0.0714286,0.023210831,0.0016579166,0,0,0,1,1
37763,-1,1,5.912308,0.9973014,1,1,unassigned,21.0,21.0,0.0,1.0,0.0,0.0,0.036750484,0.0,1,0,0,1,1
37764,-1,0,4.040665,0.98271817,1,1,unassigned,11.0,10.0,1.0,0.90909094,0.09090909,0.090909064,0.017408123,0.0015825568,0,0,0,1,1
37765,-1,0,1.7590077,0.85308534,1,1,unassigned,7.0,5.0,2.0,0.71428573,0.2857143,0.28571427,0.00967118,0.0027631943,0,0,0,1,0
37766,-1,1,2.896651,0.9476806,1,1,unassigned,3.0,3.0,0.0,1.0,0.0,0.0,0.001934236,0.0,1,0,0,1,1
37767,-1,0,0.87966555,0.7067529,1,1,unassigned,2.0,2.0,0.0,1.0,0.0,0.0,0.0,0.0,0,0,0,1,0
37768,-1,0,3.9720824,0.98151404,1,1,unassigned,17.0,12.0,5.0,0.7058824,0.29411766,0.29411763,0.029013539,0.008533394,0,0,0,1,1
37769,-1,1,0.10186893,0.5254452,1,1,unassigned,5.0,5.0,0.0,1.0,0.0,0.0,0.0058027077,0.0,1,0,0,1,0
37770,-1,0,1.6371548,0.8371474,1,1,unassigned,10.0,9.0,1.0,0.9,0.1,0.100000024,0.015473888,0.0015473888,0,0,0,1,0
37771,-1,0,3.208213,0.96114224,1,1,unassigned,10.0,6.0,4.0,0.6,0.4,0.39999998,0.015473888,0.0061895554,0,0,0,1,1
37772,-1,0,5.083254,0.9938385,1,1,unassigned,5.0,5.0,0.0,1.0,0.0,0.0,0.0058027077,0.0,0,0,0,1,1
37773,-1,0,2.033653,0.8842854,1,1,unassigned,15.0,15.0,0.0,1.0,0.0,0.0,0.025145067,0.0,0,0,0,1,0
37774,-1,0,0.91905123,0.71484876,1,1,unassigned,20.0,20.0,0.0,1.0,0.0,0.0,0.034816246,0.0,0,0,0,1,0
37775,-1,0,-0.21199453,0.44719896,0,1,unassigned,20.0,18.0,2.0,0.9,0.1,0.100000024,0.034816246,0.0034816246,0,0,0,0,0
37776,-1,0,0.2789784,0.56929576,1,1,unassigned,8.0,8.0,0.0,1.0,0.0,0.0,0.0116054155,0.0,0,0,0,1,0
37777,-1,0,2.7245066,0.9384573,1,1,unassigned,11.0,11.0,0.0,1.0,0.0,0.0,0.017408123,0.0,0,0,0,1,1
37778,-1,0,0.30311507,0.57520384,1,1,unassigned,18.0,18.0,0.0,1.0,0.0,0.0,0.030947777,0.0,0,0,0,1,0
37779,-1,0,-0.09019223,0.4774672,0,1,unassigned,6.0,6.0,0.0,1.0,0.0,0.0,0.007736944,0.0,0,0,0,0,0
37780,-1,0,-0.32657814,0.41907343,0,1,unassigned,12.0,11.0,1.0,0.9166667,0.083333336,0.08333331,0.01934236,0.0016118633,0,0,0,0,0
37781,-1,0,0.15035999,0.53751934,1,1,unassigned,24.0,23.0,1.0,0.9583333,0.041666668,0.041666687,0.04255319,0.0017730496,0,0,0,1,0
37782,-1,1,7.137606,0.999206,1,1,unassigned,24.0,21.0,3.0,0.875,0.125,0.125,0.04255319,0.005319149,1,0,0,1,1
37783,-1,1,0.7235771,0.67339426,1,1,unassigned,4.0,4.0,0.0,1.0,0.0,0.0,0.003868472,0.0,1,0,0,1,0
37784,-1,1,3.8565,0.97929585,1,1,unassigned,10.0,10.0,0.0,1.0,0.0,0.0,0.015473888,0.0,1,0,0,1,1
37785,-1,0,1.009485,0.73291934,1,1,unassigned,46.0,46.0,0.0,1.0,0.0,0.0,0.08510638,0.0,0,0,0,1,0
37786,-1,1,3.153482,0.9590457,1,1,unassigned,16.0,15.0,1.0,0.9375,0.0625,0.0625,0.027079303,0.0016924564,1,0,0,1,1
37787,-1,1,5.4379616,0.99567044,1,1,unassigned,2.0,2.0,0.0,1.0,0.0,0.0,0.0,0.0,1,0,0,1,1
37788,-1,0,4.1034226,0.98375225,1,1,unassigned,6.0,5.0,1.0,0.8333333,0.16666667,0.16666669,0.007736944,0.0012894907,0,0,0,1,1
37789,-1,0,0.04831928,0.51207745,1,1,unassigned,2.0,2.0,0.0,1.0,0.0,0.0,0.0,0.0,0,0,0,1,0
37790,-1,0,0.5347021,0.6305791,1,1,unassigned,25.0,25.0,0.0,1.0,0.0,0.0,0.044487428,0.0,0,0,0,1,0
37791,-1,0,0.25143462,0.56252956,1,1,unassigned,45.0,45.0,0.0,1.0,0.0,0.0,0.08317215,0.0,0,0,0,1,0
37792,-1,0,0.4067332,0.6003043,1,1,unassigned,48.0,47.0,1.0,0.9791667,0.020833334,0.020833313,0.088974856,0.0018536429,0,0,0,1,0
37793,-1,1,0.27686393,0.5687772,1,1,unassigned,63.0,49.0,14.0,0.7777778,0.22222222,0.22222221,0.11798839,0.026219644,1,0,0,1,0
37794,-1,0,-0.40382117,0.4003946,0,1,unassigned,77.0,76.0,1.0,0.987013,0.012987013,0.012987018,0.14506769,0.001883996,0,0,0,0,0
37795,0,0,0.20188588,0.5503007,1,1,train,17.0,17.0,0.0,1.0,0.0,0.0,0.029013539,0.0,0,0,0,1,0
37796,-1,0,-0.3445173,0.41471258,0,1,unassigned,35.0,35.0,0.0,1.0,0.0,0.0,0.06382979,0.0,0,0,0,0,0
37797,-1,1,-0.8821612,0.29273012,0,1,unassigned,64.0,61.0,3.0,0.953125,0.046875,0.046875,0.11992263,0.005621373,1,0,0,0,0
37798,-1,0,0.15600306,0.5389219,1,1,unassigned,15.0,13.0,2.0,0.8666667,0.13333334,0.13333333,0.025145067,0.0033526758,0,0,0,1,0
37799,1,1,3.9187567,0.9805212,1,0,val,11.0,10.0,1.0,0.90909094,0.09090909,0.090909064,0.017408123,0.0015825568,1,0,1,1,1
37800,-1,0,-0.22415525,0.44419464,0,1,unassigned,9.0,9.0,0.0,1.0,0.0,0.0,0.013539651,0.0,0,0,0,0,0
37801,1,0,1.787178,0.856581,1,0,val,5.0,5.0,0.0,1.0,0.0,0.0,0.0058027077,0.0,0,0,1,1,0
37802,-1,1,-0.68830377,0.33441052,0,1,unassigned,50.0,41.0,9.0,0.82,0.18,0.18,0.092843324,0.0167118,1,0,0,0,0
37803,0,0,-0.7771846,0.31492698,0,0,val,17.0,17.0,0.0,1.0,0.0,0.0,0.029013539,0.0,0,0,1,0,0
37804,-1,1,5.1767545,0.99438536,1,1,unassigned,8.0,7.0,1.0,0.875,0.125,0.125,0.0116054155,0.0014506769,1,0,0,1,1
37805,-1,0,6.415874,0.99836725,1,1,unassigned,3.0,3.0,0.0,1.0,0.0,0.0,0.001934236,0.0,0,0,0,1,1
37806,-1,0,-0.22493163,0.444003,0,1,unassigned,55.0,54.0,1.0,0.9818182,0.018181818,0.0181818,0.102514505,0.0018639,0,0,0,0,0
37807,-1,0,-0.45377433,0.38846377,0,1,unassigned,18.0,18.0,0.0,1.0,0.0,0.0,0.030947777,0.0,0,0,0,0,0
37808,-1,1,4.653462,0.9905614,1,1,unassigned,7.0,5.0,2.0,0.71428573,0.2857143,0.28571427,0.00967118,0.0027631943,1,0,0,1,1
37809,-1,0,0.104189634,0.52602386,1,1,unassigned,47.0,46.0,1.0,0.9787234,0.021276595,0.021276593,0.08704062,0.001851928,0,0,0,1,0
37810,-1,0,0.06392503,0.51597583,1,1,unassigned,3.0,3.0,0.0,1.0,0.0,0.0,0.001934236,0.0,0,0,0,1,0
37811,-1,1,5.701143,0.996669,1,1,unassigned,13.0,9.0,4.0,0.6923077,0.30769232,0.3076923,0.021276595,0.006546645,1,0,0,1,1
37812,-1,1,-0.18705827,0.45337132,0,1,unassigned,2.0,2.0,0.0,1.0,0.0,0.0,0.0,0.0,1,0,0,0,0
37813,-1,0,1.80176,0.8583631,1,1,unassigned,19.0,15.0,4.0,0.7894737,0.21052632,0.21052629,0.032882012,0.006922529,0,0,0,1,0
37814,-1,0,1.7092185,0.84673494,1,1,unassigned,9.0,9.0,0.0,1.0,0.0,0.0,0.013539651,0.0,0,0,0,1,0
37815,-1,1,2.238252,0.90363234,1,1,unassigned,5.0,5.0,0.0,1.0,0.0,0.0,0.0058027077,0.0,1,0,0,1,1
37816,1,1,-0.8481084,0.2998298,0,1,test,2.0,2.0,0.0,1.0,0.0,0.0,0.0,0.0,1,0,0,0,0
37817,-1,1,-0.42881557,0.3944092,0,1,unassigned,2.0,2.0,0.0,1.0,0.0,0.0,0.0,0.0,1,0,0,0,0
37818,-1,0,-0.34809753,0.41384384,0,1,unassigned,2.0,2.0,0.0,1.0,0.0,0.0,0.0,0.0,0,0,0,0,0
37819,-1,0,4.890448,0.99253803,1,1,unassigned,2.0,2.0,0.0,1.0,0.0,0.0,0.0,0.0,0,0,0,1,1
37820,-1,1,1.2350459,0.77470046,1,1,unassigned,4.0,4.0,0.0,1.0,0.0,0.0,0.003868472,0.0,1,0,0,1,0
37821,-1,1,8.949606,0.9998702,1,1,unassigned,2.0,2.0,0.0,1.0,0.0,0.0,0.0,0.0,1,0,0,1,1
37822,-1,0,2.5175173,0.92536074,1,1,unassigned,4.0,4.0,0.0,1.0,0.0,0.0,0.003868472,0.0,0,0,0,1,1
37823,1,0,0.022693217,0.50567305,1,0,val,21.0,20.0,1.0,0.95238096,0.04761905,0.047619045,0.036750484,0.0017500231,0,0,1,1,0
37824,-1,0,-0.7089938,0.32982123,0,1,unassigned,2.0,2.0,0.0,1.0,0.0,0.0,0.0,0.0,0,0,0,0,0
37825,-1,0,-0.86273736,0.29676774,0,1,unassigned,6.0,6.0,0.0,1.0,0.0,0.0,0.007736944,0.0,0,0,0,0,0
37826,-1,1,4.7349734,0.99129385,1,1,unassigned,5.0,4.0,1.0,0.8,0.2,0.19999999,0.0058027077,0.0011605415,1,0,0,1,1
37827,-1,1,-0.45339817,0.38855314,0,1,unassigned,41.0,39.0,2.0,0.9512195,0.048780486,0.0487805,0.07543521,0.003679766,1,0,0,0,0
37828,-1,1,3.827183,0.978693,1,1,unassigned,9.0,7.0,2.0,0.7777778,0.22222222,0.22222221,0.013539651,0.0030088115,1,0,0,1,1
37829,-1,0,7.746835,0.99956805,1,1,unassigned,2.0,2.0,0.0,1.0,0.0,0.0,0.0,0.0,0,0,0,1,1
37830,-1,0,-0.23087955,0.44253516,0,1,unassigned,9.0,9.0,0.0,1.0,0.0,0.0,0.013539651,0.0,0,0,0,0,0
37831,-1,0,0.10611683,0.52650434,1,1,unassigned,9.0,9.0,0.0,1.0,0.0,0.0,0.013539651,0.0,0,0,0,1,0
37832,-1,1,-0.17818415,0.45557144,0,1,unassigned,5.0,5.0,0.0,1.0,0.0,0.0,0.0058027077,0.0,1,0,0,0,0
37833,-1,0,-0.016874075,0.49578154,0,1,unassigned,10.0,10.0,0.0,1.0,0.0,0.0,0.015473888,0.0,0,0,0,0,0
37834,-1,0,1.1743155,0.7639242,1,1,unassigned,5.0,5.0,0.0,1.0,0.0,0.0,0.0058027077,0.0,0,0,0,1,0
37835,-1,0,-0.03678769,0.4908041,0,1,unassigned,3.0,3.0,0.0,1.0,0.0,0.0,0.001934236,0.0,0,0,0,0,0
37836,-1,0,3.4412673,0.9689697,1,1,unassigned,2.0,2.0,0.0,1.0,0.0,0.0,0.0,0.0,0,0,0,1,1
37837,-1,1,-0.12953126,0.4676624,0,1,unassigned,2.0,2.0,0.0,1.0,0.0,0.0,0.0,0.0,1,0,0,0,0
37838,-1,0,-0.7451342,0.32188246,0,1,unassigned,3.0,3.0,0.0,1.0,0.0,0.0,0.001934236,0.0,0,0,0,0,0
37839,-1,0,3.2021115,0.96091366,1,1,unassigned,3.0,3.0,0.0,1.0,0.0,0.0,0.001934236,0.0,0,0,0,1,1
37840,-1,1,-0.10943973,0.47266734,0,1,unassigned,11.0,11.0,0.0,1.0,0.0,0.0,0.017408123,0.0,1,0,0,0,0
37841,1,0,2.9130242,0.9484865,1,0,unassigned,7.0,6.0,1.0,0.85714287,0.14285715,0.14285713,0.00967118,0.0013815971,0,0,1,1,1
37842,-1,0,0.6706813,0.6616557,1,1,unassigned,47.0,46.0,1.0,0.9787234,0.021276595,0.021276593,0.08704062,0.001851928,0,0,0,1,0
37843,-1,0,2.2731357,0.9066276,1,1,unassigned,2.0,2.0,0.0,1.0,0.0,0.0,0.0,0.0,0,0,0,1,1
37844,-1,0,4.7938533,0.9917875,1,1,unassigned,4.0,4.0,0.0,1.0,0.0,0.0,0.003868472,0.0,0,0,0,1,1
37845,-1,0,-0.66129506,0.34044874,0,1,unassigned,72.0,72.0,0.0,1.0,0.0,0.0,0.13539653,0.0,0,0,0,0,0
37846,-1,0,0.56880313,0.638487,1,1,unassigned,38.0,38.0,0.0,1.0,0.0,0.0,0.06963249,0.0,0,0,0,1,0
37847,-1,0,0.46657068,0.61457175,1,1,unassigned,44.0,44.0,0.0,1.0,0.0,0.0,0.08123791,0.0,0,0,0,1,0
37848,-1,0,-0.21206766,0.44718087,0,1,unassigned,15.0,13.0,2.0,0.8666667,0.13333334,0.13333333,0.025145067,0.0033526758,0,0,0,0,0
37849,0,0,-0.4179783,0.3970006,0,0,val,19.0,19.0,0.0,1.0,0.0,0.0,0.032882012,0.0,0,0,1,0,0
37850,-1,0,0.25580692,0.56360525,1,1,unassigned,52.0,52.0,0.0,1.0,0.0,0.0,0.0967118,0.0,0,0,0,1,0
37851,-1,0,-0.6719772,0.33805424,0,1,unassigned,63.0,62.0,1.0,0.984127,0.015873017,0.015873015,0.11798839,0.0018728317,0,0,0,0,0
37852,1,1,1.1621993,0.7617321,1,0,unassigned,9.0,9.0,0.0,1.0,0.0,0.0,0.013539651,0.0,1,0,1,1,0
37853,-1,0,0.39775604,0.5981484,1,1,unassigned,29.0,29.0,0.0,1.0,0.0,0.0,0.05222437,0.0,0,0,0,1,0
37854,-1,0,0.08609456,0.52151036,1,1,unassigned,34.0,33.0,1.0,0.9705882,0.029411765,0.029411793,0.061895553,0.0018204574,0,0,0,1,0
37855,0,1,-0.115134835,0.47124803,0,0,test,19.0,19.0,0.0,1.0,0.0,0.0,0.032882012,0.0,1,0,1,0,0
37856,-1,1,-0.016100883,0.4959749,0,1,unassigned,29.0,28.0,1.0,0.9655172,0.03448276,0.034482777,0.05222437,0.0018008404,1,0,0,0,0
37857,-1,1,-0.81776965,0.3062373,0,1,unassigned,5.0,5.0,0.0,1.0,0.0,0.0,0.0058027077,0.0,1,0,0,0,0
37858,1,1,-0.646858,0.34369794,0,1,unassigned,17.0,17.0,0.0,1.0,0.0,0.0,0.029013539,0.0,1,0,0,0,0
37859,-1,0,-0.17236987,0.4570139,0,1,unassigned,19.0,19.0,0.0,1.0,0.0,0.0,0.032882012,0.0,0,0,0,0,0
37860,-1,0,3.7874558,0.9778487,1,1,unassigned,37.0,36.0,1.0,0.972973,0.027027028,0.02702701,0.06769826,0.0018296828,0,0,0,1,1
37861,-1,0,0.6478476,0.65652525,1,1,unassigned,5.0,5.0,0.0,1.0,0.0,0.0,0.0058027077,0.0,0,0,0,1,0
37862,-1,1,3.703684,0.9759596,1,1,unassigned,22.0,22.0,0.0,1.0,0.0,0.0,0.03868472,0.0,1,0,0,1,1
37863,-1,1,5.09897,0.993934,1,1,unassigned,16.0,11.0,5.0,0.6875,0.3125,0.3125,0.027079303,0.008462282,1,0,0,1,1
37864,-1,1,1.118458,0.7537026,1,1,unassigned,3.0,3.0,0.0,1.0,0.0,0.0,0.001934236,0.0,1,0,0,1,0
37865,-1,1,-0.20805788,0.44817236,0,1,unassigned,11.0,11.0,0.0,1.0,0.0,0.0,0.017408123,0.0,1,0,0,0,0
37866,-1,1,1.437217,0.80802333,1,1,unassigned,4.0,4.0,0.0,1.0,0.0,0.0,0.003868472,0.0,1,0,0,1,0
37867,-1,1,1.8881371,0.86854297,1,1,unassigned,6.0,6.0,0.0,1.0,0.0,0.0,0.007736944,0.0,1,0,0,1,0
37868,-1,1,0.05071336,0.51267564,1,1,unassigned,2.0,2.0,0.0,1.0,0.0,0.0,0.0,0.0,1,0,0,1,0
37869,-1,0,1.3573554,0.7953296,1,1,unassigned,5.0,5.0,0.0,1.0,0.0,0.0,0.0058027077,0.0,0,0,0,1,0
37870,1,0,5.6930943,0.99664223,1,0,test,5.0,4.0,1.0,0.8,0.2,0.19999999,0.0058027077,0.0011605415,0,0,1,1,1
37871,-1,0,0.09864956,0.5246424,1,1,unassigned,7.0,7.0,0.0,1.0,0.0,0.0,0.00967118,0.0,0,0,0,1,0
37872,-1,0,1.3945484,0.8013174,1,1,unassigned,7.0,7.0,0.0,1.0,0.0,0.0,0.00967118,0.0,0,0,0,1,0
37873,-1,1,0.18936902,0.5472013,1,1,unassigned,4.0,4.0,0.0,1.0,0.0,0.0,0.003868472,0.0,1,0,0,1,0
37874,-1,0,-0.69982827,0.3318503,0,1,unassigned,2.0,2.0,0.0,1.0,0.0,0.0,0.0,0.0,0,0,0,0,0
37875,-1,1,-0.30893242,0.42337534,0,1,unassigned,7.0,7.0,0.0,1.0,0.0,0.0,0.00967118,0.0,1,0,0,0,0
37876,-1,0,0.5560549,0.63553923,1,1,unassigned,6.0,6.0,0.0,1.0,0.0,0.0,0.007736944,0.0,0,0,0,1,0
37877,-1,0,-0.023532867,0.49411708,0,1,unassigned,4.0,4.0,0.0,1.0,0.0,0.0,0.003868472,0.0,0,0,0,0,0
37878,-1,0,-0.05724889,0.48569167,0,1,unassigned,4.0,2.0,2.0,0.5,0.5,0.5,0.003868472,0.001934236,0,0,0,0,0
37879,-1,0,0.48742825,0.6195004,1,1,unassigned,3.0,3.0,0.0,1.0,0.0,0.0,0.001934236,0.0,0,0,0,1,0
37880,-1,0,2.1223304,0.89305466,1,1,unassigned,4.0,4.0,0.0,1.0,0.0,0.0,0.003868472,0.0,0,0,0,1,0
37881,-1,0,-0.1658518,0.4586318,0,1,unassigned,18.0,18.0,0.0,1.0,0.0,0.0,0.030947777,0.0,0,0,0,0,0
37882,-1,0,6.329614,0.9982204,1,1,unassigned,3.0,3.0,0.0,1.0,0.0,0.0,0.001934236,0.0,0,0,0,1,1
37883,-1,0,0.40411717,0.59967643,1,1,unassigned,10.0,10.0,0.0,1.0,0.0,0.0,0.015473888,0.0,0,0,0,1,0
37884,-1,0,1.690933,0.8443469,1,1,unassigned,7.0,7.0,0.0,1.0,0.0,0.0,0.00967118,0.0,0,0,0,1,0
37885,-1,0,-0.44184628,0.39130113,0,1,unassigned,42.0,42.0,0.0,1.0,0.0,0.0,0.07736944,0.0,0,0,0,0,0
37886,1,1,-0.29493675,0.4267957,0,1,test,47.0,45.0,2.0,0.9574468,0.04255319,0.042553186,0.08704062,0.003703856,1,0,0,0,0
37887,-1,0,-0.26983923,0.43294656,0,1,unassigned,33.0,33.0,0.0,1.0,0.0,0.0,0.059961315,0.0,0,0,0,0,0
37888,-1,0,-0.23089886,0.4425304,0,1,unassigned,24.0,24.0,0.0,1.0,0.0,0.0,0.04255319,0.0,0,0,0,0,0
37889,-1,1,-0.017712295,0.4955721,0,1,unassigned,15.0,14.0,1.0,0.93333334,0.06666667,0.06666666,0.025145067,0.0016763379,1,0,0,0,0
37890,-1,1,0.060622573,0.51515096,1,1,unassigned,22.0,21.0,1.0,0.95454544,0.045454547,0.04545456,0.03868472,0.0017583964,1,0,0,1,0
37891,0,0,-0.7452253,0.32186255,0,0,test,24.0,22.0,2.0,0.9166667,0.083333336,0.08333331,0.04255319,0.0035460992,0,0,1,0,0
37892,-1,0,-0.6686107,0.338808,0,1,unassigned,58.0,54.0,4.0,0.9310345,0.06896552,0.068965495,0.10831721,0.0074701523,0,0,0,0,0
37893,-1,0,0.69337326,0.6667169,1,1,unassigned,3.0,3.0,0.0,1.0,0.0,0.0,0.001934236,0.0,0,0,0,1,0
37894,1,0,4.22198,0.98554254,1,0,val,6.0,6.0,0.0,1.0,0.0,0.0,0.007736944,0.0,0,0,1,1,1
37895,-1,0,-0.53455657,0.36945477,0,1,unassigned,3.0,3.0,0.0,1.0,0.0,0.0,0.001934236,0.0,0,0,0,0,0
37896,-1,0,0.8362445,0.6976737,1,1,unassigned,10.0,8.0,2.0,0.8,0.2,0.19999999,0.015473888,0.0030947777,0,0,0,1,0
37897,-1,0,9.058344,0.99988353,1,1,unassigned,8.0,6.0,2.0,0.75,0.25,0.25,0.0116054155,0.0029013539,0,0,0,1,1
37898,-1,1,2.3363674,0.9118445,1,1,unassigned,2.0,2.0,0.0,1.0,0.0,0.0,0.0,0.0,1,0,0,1,1
37899,-1,1,-0.45426548,0.3883471,0,1,unassigned,12.0,12.0,0.0,1.0,0.0,0.0,0.01934236,0.0,1,0,0,0,0
37900,-1,0,0.5055385,0.62376004,1,1,unassigned,3.0,3.0,0.0,1.0,0.0,0.0,0.001934236,0.0,0,0,0,1,0
37901,-1,0,-0.37830558,0.40653566,0,1,unassigned,2.0,2.0,0.0,1.0,0.0,0.0,0.0,0.0,0,0,0,0,0
37902,1,1,0.67469376,0.66255337,1,0,unassigned,11.0,9.0,2.0,0.8181818,0.18181819,0.18181819,0.017408123,0.0031651135,1,0,1,1,0
37903,-1,1,4.05769,0.9830049,1,1,unassigned,2.0,2.0,0.0,1.0,0.0,0.0,0.0,0.0,1,0,0,1,1
37904,-1,1,-0.56289744,0.3628773,0,1,unassigned,23.0,21.0,2.0,0.9130435,0.08695652,0.0869565,0.040618956,0.0035320832,1,0,0,0,0
37905,-1,0,0.33172953,0.58218014,1,1,unassigned,4.0,4.0,0.0,1.0,0.0,0.0,0.003868472,0.0,0,0,0,1,0
37906,-1,0,1.5453041,0.8242344,1,1,unassigned,3.0,3.0,0.0,1.0,0.0,0.0,0.001934236,0.0,0,0,0,1,0
37907,-1,0,2.0506604,0.8860143,1,1,unassigned,19.0,19.0,0.0,1.0,0.0,0.0,0.032882012,0.0,0,0,0,1,0
37908,-1,1,1.7368896,0.85029155,1,1,unassigned,5.0,5.0,0.0,1.0,0.0,0.0,0.0058027077,0.0,1,0,0,1,0
37909,-1,0,0.25919598,0.56443864,1,1,unassigned,5.0,5.0,0.0,1.0,0.0,0.0,0.0058027077,0.0,0,0,0,1,0
37910,-1,1,2.8243315,0.9439766,1,1,unassigned,4.0,4.0,0.0,1.0,0.0,0.0,0.003868472,0.0,1,0,0,1,1
37911,-1,1,1.7862089,0.8564619,1,1,unassigned,2.0,2.0,0.0,1.0,0.0,0.0,0.0,0.0,1,0,0,1,0
37912,-1,0,-0.20554042,0.44879505,0,1,unassigned,36.0,36.0,0.0,1.0,0.0,0.0,0.065764025,0.0,0,0,0,0,0
37913,-1,0,-0.24168873,0.4398702,0,1,unassigned,37.0,37.0,0.0,1.0,0.0,0.0,0.06769826,0.0,0,0,0,0,0
37914,-1,0,-0.45971203,0.38705415,0,1,unassigned,7.0,7.0,0.0,1.0,0.0,0.0,0.00967118,0.0,0,0,0,0,0
37915,-1,0,-0.47707754,0.38294247,0,1,unassigned,19.0,19.0,0.0,1.0,0.0,0.0,0.032882012,0.0,0,0,0,0,0
37916,-1,0,-0.17340347,0.45675743,0,1,unassigned,31.0,31.0,0.0,1.0,0.0,0.0,0.056092843,0.0,0,0,0,0,0
37917,-1,0,-0.54801106,0.36632594,0,1,unassigned,6.0,6.0,0.0,1.0,0.0,0.0,0.007736944,0.0,0,0,0,0,0
37918,-1,0,-0.45762157,0.3875502,0,1,unassigned,30.0,30.0,0.0,1.0,0.0,0.0,0.054158606,0.0,0,0,0,0,0
37919,-1,0,-0.0821895,0.47946414,0,1,unassigned,11.0,11.0,0.0,1.0,0.0,0.0,0.017408123,0.0,0,0,0,0,0
37920,-1,0,-0.05696708,0.4857621,0,1,unassigned,15.0,15.0,0.0,1.0,0.0,0.0,0.025145067,0.0,0,0,0,0,0
37921,-1,0,-0.029831171,0.49254274,0,1,unassigned,20.0,20.0,0.0,1.0,0.0,0.0,0.034816246,0.0,0,0,0,0,0
37922,-1,0,-0.19969904,0.4502405,0,1,unassigned,20.0,17.0,3.0,0.85,0.15,0.14999998,0.034816246,0.005222437,0,0,0,0,0
37923,-1,0,-0.17598942,0.4561159,0,1,unassigned,26.0,26.0,0.0,1.0,0.0,0.0,0.046421662,0.0,0,0,0,0,0
37924,-1,0,2.6441376,0.93364877,1,1,unassigned,7.0,5.0,2.0,0.71428573,0.2857143,0.28571427,0.00967118,0.0027631943,0,0,0,1,1
37925,1,1,-0.29833192,0.4259653,0,1,test,19.0,18.0,1.0,0.94736844,0.05263158,0.052631557,0.032882012,0.0017306323,1,0,0,0,0
37926,-1,1,0.1634422,0.5407698,1,1,unassigned,2.0,2.0,0.0,1.0,0.0,0.0,0.0,0.0,1,0,0,1,0
37927,-1,0,-0.40934247,0.3990698,0,1,unassigned,2.0,2.0,0.0,1.0,0.0,0.0,0.0,0.0,0,0,0,0,0
37928,-1,1,-0.26725033,0.43358228,0,1,unassigned,14.0,13.0,1.0,0.9285714,0.071428575,0.0714286,0.023210831,0.0016579166,1,0,0,0,0
37929,-1,0,2.5081356,0.92471015,1,1,unassigned,4.0,3.0,1.0,0.75,0.25,0.25,0.003868472,0.000967118,0,0,0,1,1
37930,-1,1,-0.90963084,0.28707537,0,1,unassigned,32.0,32.0,0.0,1.0,0.0,0.0,0.058027077,0.0,1,0,0,0,0
37931,-1,0,0.2747032,0.5682472,1,1,unassigned,2.0,2.0,0.0,1.0,0.0,0.0,0.0,0.0,0,0,0,1,0
37932,-1,1,3.2315686,0.96200514,1,1,unassigned,24.0,18.0,6.0,0.75,0.25,0.25,0.04255319,0.010638298,1,0,0,1,1
37933,-1,1,2.4275753,0.9189061,1,1,unassigned,5.0,5.0,0.0,1.0,0.0,0.0,0.0058027077,0.0,1,0,0,1,1
37934,-1,0,9.275243,0.9999063,1,1,unassigned,3.0,3.0,0.0,1.0,0.0,0.0,0.001934236,0.0,0,0,0,1,1
37935,0,0,-0.28450394,0.42934993,0,0,unassigned,19.0,19.0,0.0,1.0,0.0,0.0,0.032882012,0.0,0,0,1,0,0
37936,-1,0,0.037039876,0.50925887,1,1,unassigned,6.0,5.0,1.0,0.8333333,0.16666667,0.16666669,0.007736944,0.0012894907,0,0,0,1,0
37937,-1,0,-0.9163327,0.28570572,0,1,unassigned,2.0,2.0,0.0,1.0,0.0,0.0,0.0,0.0,0,0,0,0,0
37938,-1,0,-0.27540144,0.43158153,0,1,unassigned,37.0,36.0,1.0,0.972973,0.027027028,0.02702701,0.06769826,0.0018296828,0,0,0,0,0
37939,-1,0,-0.26846218,0.43328467,0,1,unassigned,44.0,43.0,1.0,0.97727275,0.022727273,0.022727251,0.08123791,0.0018463163,0,0,0,0,0
37940,-1,0,-0.30996928,0.42312223,0,1,unassigned,3.0,3.0,0.0,1.0,0.0,0.0,0.001934236,0.0,0,0,0,0,0
37941,-1,0,7.3965974,0.999387,1,1,unassigned,2.0,2.0,0.0,1.0,0.0,0.0,0.0,0.0,0,0,0,1,1
37942,-1,1,-0.11585611,0.47106835,0,1,unassigned,6.0,6.0,0.0,1.0,0.0,0.0,0.007736944,0.0,1,0,0,0,0
37943,0,0,0.052943766,0.5132328,1,1,unassigned,15.0,15.0,0.0,1.0,0.0,0.0,0.025145067,0.0,0,0,0,1,0
37944,1,0,-0.6537597,0.3421428,0,1,unassigned,6.0,6.0,0.0,1.0,0.0,0.0,0.007736944,0.0,0,0,0,0,0
37945,-1,0,-0.065318465,0.4836762,0,1,unassigned,5.0,5.0,0.0,1.0,0.0,0.0,0.0058027077,0.0,0,0,0,0,0
37946,-1,0,-0.115825176,0.47107607,0,1,unassigned,2.0,2.0,0.0,1.0,0.0,0.0,0.0,0.0,0,0,0,0,0
37947,-1,1,1.0373797,0.73834413,1,1,unassigned,4.0,4.0,0.0,1.0,0.0,0.0,0.003868472,0.0,1,0,0,1,0
37948,-1,1,-0.1484563,0.4629539,0,1,unassigned,4.0,4.0,0.0,1.0,0.0,0.0,0.003868472,0.0,1,0,0,0,0
37949,-1,1,-0.5155848,0.37388524,0,1,unassigned,27.0,26.0,1.0,0.962963,0.037037037,0.037037015,0.0483559,0.0017909593,1,0,0,0,0
37950,-1,0,2.7998106,0.94266564,1,1,unassigned,3.0,3.0,0.0,1.0,0.0,0.0,0.001934236,0.0,0,0,0,1,1
37951,-1,0,3.2432425,0.9624295,1,1,unassigned,3.0,3.0,0.0,1.0,0.0,0.0,0.001934236,0.0,0,0,0,1,1
37952,-1,1,0.20866936,0.5519788,1,1,unassigned,16.0,14.0,2.0,0.875,0.125,0.125,0.027079303,0.0033849129,1,0,0,1,0
37953,-1,0,-0.8089628,0.30811155,0,1,unassigned,2.0,1.0,1.0,0.5,0.5,0.5,0.0,0.0,0,0,0,0,0
37954,-1,1,2.4609473,0.9213583,1,1,unassigned,17.0,16.0,1.0,0.9411765,0.05882353,0.058823526,0.029013539,0.0017066788,1,0,0,1,1
37955,-1,0,-0.12920386,0.4677439,0,1,unassigned,9.0,9.0,0.0,1.0,0.0,0.0,0.013539651,0.0,0,0,0,0,0
37956,-1,0,0.9453096,0.7201709,1,1,unassigned,19.0,18.0,1.0,0.94736844,0.05263158,0.052631557,0.032882012,0.0017306323,0,0,0,1,0
37957,-1,1,-0.43481037,0.39297825,0,1,unassigned,2.0,2.0,0.0,1.0,0.0,0.0,0.0,0.0,1,0,0,0,0
37958,-1,0,0.17121542,0.5426996,1,1,unassigned,2.0,2.0,0.0,1.0,0.0,0.0,0.0,0.0,0,0,0,1,0
37959,-1,0,-0.31768277,0.42124057,0,1,unassigned,2.0,2.0,0.0,1.0,0.0,0.0,0.0,0.0,0,0,0,0,0
37960,-1,0,5.7609005,0.9968616,1,1,unassigned,11.0,10.0,1.0,0.90909094,0.09090909,0.090909064,0.017408123,0.0015825568,0,0,0,1,1
37961,-1,0,3.9603655,0.9813002,1,1,unassigned,35.0,32.0,3.0,0.9142857,0.08571429,0.08571428,0.06382979,0.005471125,0,0,0,1,1
37962,1,0,5.7270284,0.99675375,1,0,unassigned,14.0,13.0,1.0,0.9285714,0.071428575,0.0714286,0.023210831,0.0016579166,0,0,1,1,1
37963,-1,0,-0.29625466,0.42647332,0,1,unassigned,6.0,6.0,0.0,1.0,0.0,0.0,0.007736944,0.0,0,0,0,0,0
37964,-1,1,2.889673,0.9473335,1,1,unassigned,6.0,5.0,1.0,0.8333333,0.16666667,0.16666669,0.007736944,0.0012894907,1,0,0,1,1
37965,-1,0,3.3295414,0.9654285,1,1,unassigned,7.0,3.0,4.0,0.42857143,0.5714286,0.57142854,0.00967118,0.0055263885,0,0,0,1,1
37966,-1,0,12.764828,0.99999714,1,1,unassigned,20.0,19.0,1.0,0.95,0.05,0.050000012,0.034816246,0.0017408123,0,0,0,1,1
37967,-1,0,8.375717,0.9997696,1,1,unassigned,6.0,6.0,0.0,1.0,0.0,0.0,0.007736944,0.0,0,0,0,1,1
37968,0,0,-0.7232457,0.32667866,0,0,unassigned,12.0,12.0,0.0,1.0,0.0,0.0,0.01934236,0.0,0,0,1,0,0
37969,-1,0,1.5895183,0.83054835,1,1,unassigned,2.0,2.0,0.0,1.0,0.0,0.0,0.0,0.0,0,0,0,1,0
37970,-1,0,-0.14817527,0.4630238,0,1,unassigned,25.0,25.0,0.0,1.0,0.0,0.0,0.044487428,0.0,0,0,0,0,0
37971,-1,1,4.9229054,0.9927746,1,1,unassigned,3.0,3.0,0.0,1.0,0.0,0.0,0.001934236,0.0,1,0,0,1,1
37972,-1,1,-0.71144176,0.32928035,0,1,unassigned,19.0,18.0,1.0,0.94736844,0.05263158,0.052631557,0.032882012,0.0017306323,1,0,0,0,0
37973,-1,1,0.17346346,0.5432575,1,1,unassigned,12.0,11.0,1.0,0.9166667,0.083333336,0.08333331,0.01934236,0.0016118633,1,0,0,1,0
37974,-1,1,-0.48681015,0.3806453,0,1,unassigned,2.0,2.0,0.0,1.0,0.0,0.0,0.0,0.0,1,0,0,0,0
37975,-1,0,-0.36053705,0.41082957,0,1,unassigned,7.0,7.0,0.0,1.0,0.0,0.0,0.00967118,0.0,0,0,0,0,0
37976,-1,0,2.8201015,0.94375247,1,1,unassigned,44.0,42.0,2.0,0.95454544,0.045454547,0.04545456,0.08123791,0.0036926325,0,0,0,1,1
37977,-1,1,-0.5812605,0.35864264,0,1,unassigned,2.0,2.0,0.0,1.0,0.0,0.0,0.0,0.0,1,0,0,0,0
37978,-1,1,3.30091,0.96446,1,1,unassigned,4.0,4.0,0.0,1.0,0.0,0.0,0.003868472,0.0,1,0,0,1,1
37979,-1,0,-0.41206852,0.39841622,0,1,unassigned,8.0,8.0,0.0,1.0,0.0,0.0,0.0116054155,0.0,0,0,0,0,0
37980,-1,0,3.4653509,0.9696857,1,1,unassigned,55.0,55.0,0.0,1.0,0.0,0.0,0.102514505,0.0,0,0,0,1,1
37981,1,1,3.0869243,0.95635015,1,0,unassigned,3.0,2.0,1.0,0.6666667,0.33333334,0.3333333,0.001934236,0.00064474536,1,0,1,1,1
37982,-1,0,-0.347206,0.41406012,0,1,unassigned,13.0,13.0,0.0,1.0,0.0,0.0,0.021276595,0.0,0,0,0,0,0
37983,-1,0,2.6827452,0.93600076,1,1,unassigned,8.0,7.0,1.0,0.875,0.125,0.125,0.0116054155,0.0014506769,0,0,0,1,1
37984,-1,0,1.8260806,0.86129415,1,1,unassigned,2.0,1.0,1.0,0.5,0.5,0.5,0.0,0.0,0,0,0,1,0
37985,-1,0,-0.66535974,0.33953667,0,1,unassigned,7.0,7.0,0.0,1.0,0.0,0.0,0.00967118,0.0,0,0,0,0,0
37986,-1,1,1.0311801,0.73714465,1,1,unassigned,8.0,8.0,0.0,1.0,0.0,0.0,0.0116054155,0.0,1,0,0,1,0
37987,-1,0,2.085789,0.88951427,1,1,unassigned,2.0,1.0,1.0,0.5,0.5,0.5,0.0,0.0,0,0,0,1,0
37988,-1,0,0.8469139,0.6999194,1,1,unassigned,2.0,1.0,1.0,0.5,0.5,0.5,0.0,0.0,0,0,0,1,0
37989,-1,0,0.46503764,0.6142086,1,1,unassigned,5.0,5.0,0.0,1.0,0.0,0.0,0.0058027077,0.0,0,0,0,1,0
37990,-1,0,-0.77874285,0.31459087,0,1,unassigned,3.0,2.0,1.0,0.6666667,0.33333334,0.3333333,0.001934236,0.00064474536,0,0,0,0,0
37991,1,1,-0.07646757,0.4808924,0,1,val,13.0,13.0,0.0,1.0,0.0,0.0,0.021276595,0.0,1,0,0,0,0
37992,-1,1,3.7739441,0.977554,1,1,unassigned,12.0,8.0,4.0,0.6666667,0.33333334,0.3333333,0.01934236,0.006447453,1,0,0,1,1
37993,-1,0,6.620243,0.9986687,1,1,unassigned,7.0,4.0,3.0,0.5714286,0.42857143,0.4285714,0.00967118,0.0041447915,0,0,0,1,1
37994,-1,0,2.5078793,0.92469233,1,1,unassigned,4.0,3.0,1.0,0.75,0.25,0.25,0.003868472,0.000967118,0,0,0,1,1
37995,1,0,7.8530087,0.99961156,1,0,test,4.0,4.0,0.0,1.0,0.0,0.0,0.003868472,0.0,0,0,1,1,1
37996,1,0,4.4977937,0.98898906,1,0,val,6.0,6.0,0.0,1.0,0.0,0.0,0.007736944,0.0,0,0,1,1,1
37997,-1,1,1.7051861,0.84621084,1,1,unassigned,6.0,6.0,0.0,1.0,0.0,0.0,0.007736944,0.0,1,0,0,1,0
37998,-1,0,4.8699393,0.99238455,1,1,unassigned,16.0,15.0,1.0,0.9375,0.0625,0.0625,0.027079303,0.0016924564,0,0,0,1,1
37999,-1,1,2.0300152,0.88391256,1,1,unassigned,3.0,2.0,1.0,0.6666667,0.33333334,0.3333333,0.001934236,0.00064474536,1,0,0,1,0
38000,-1,0,-0.104747176,0.47383714,0,1,unassigned,3.0,3.0,0.0,1.0,0.0,0.0,0.001934236,0.0,0,0,0,0,0
38001,-1,0,0.42344552,0.6043075,1,1,unassigned,6.0,6.0,0.0,1.0,0.0,0.0,0.007736944,0.0,0,0,0,1,0
38002,-1,1,7.5193343,0.9994578,1,1,unassigned,2.0,2.0,0.0,1.0,0.0,0.0,0.0,0.0,1,0,0,1,1
38003,-1,0,7.9877124,0.9996605,1,1,unassigned,8.0,8.0,0.0,1.0,0.0,0.0,0.0116054155,0.0,0,0,0,1,1
38004,-1,1,2.8241646,0.94396776,1,1,unassigned,2.0,2.0,0.0,1.0,0.0,0.0,0.0,0.0,1,0,0,1,1
38005,-1,0,3.040161,0.9543558,1,1,unassigned,12.0,12.0,0.0,1.0,0.0,0.0,0.01934236,0.0,0,0,0,1,1
38006,-1,0,0.8032287,0.6906647,1,1,unassigned,5.0,5.0,0.0,1.0,0.0,0.0,0.0058027077,0.0,0,0,0,1,0
38007,-1,0,5.222904,0.9946373,1,1,unassigned,5.0,5.0,0.0,1.0,0.0,0.0,0.0058027077,0.0,0,0,0,1,1
38008,-1,0,3.6095326,0.9736487,1,1,unassigned,2.0,2.0,0.0,1.0,0.0,0.0,0.0,0.0,0,0,0,1,1
38009,-1,1,-0.91379046,0.2862248,0,1,unassigned,6.0,6.0,0.0,1.0,0.0,0.0,0.007736944,0.0,1,0,0,0,0
38010,-1,1,2.9320843,0.9494099,1,1,unassigned,5.0,5.0,0.0,1.0,0.0,0.0,0.0058027077,0.0,1,0,0,1,1
38011,-1,0,-0.8578794,0.2977826,0,1,unassigned,3.0,3.0,0.0,1.0,0.0,0.0,0.001934236,0.0,0,0,0,0,0
38012,-1,0,6.13201,0.9978325,1,1,unassigned,3.0,1.0,2.0,0.33333334,0.6666667,0.6666666,0.001934236,0.0012894907,0,0,0,1,1
38013,-1,1,4.8037734,0.99186796,1,1,unassigned,21.0,19.0,2.0,0.9047619,0.0952381,0.09523809,0.036750484,0.0035000462,1,0,0,1,1
38014,-1,0,-0.23115858,0.4424663,0,1,unassigned,6.0,1.0,5.0,0.16666667,0.8333333,0.8333333,0.007736944,0.0064474535,0,0,0,0,0
38015,-1,1,-0.34081602,0.41561127,0,1,unassigned,36.0,35.0,1.0,0.9722222,0.027777778,0.027777791,0.065764025,0.0018267785,1,0,0,0,0
38016,1,1,2.5901926,0.9302277,1,0,train,4.0,4.0,0.0,1.0,0.0,0.0,0.003868472,0.0,1,0,1,1,1
38017,0,1,-0.6419121,0.34481445,0,0,val,19.0,19.0,0.0,1.0,0.0,0.0,0.032882012,0.0,1,0,1,0,0
38018,-1,0,-0.09331375,0.4766885,0,1,unassigned,13.0,11.0,2.0,0.84615386,0.15384616,0.15384614,0.021276595,0.0032733225,0,0,0,0,0
38019,-1,0,1.0813057,0.74674106,1,1,unassigned,2.0,2.0,0.0,1.0,0.0,0.0,0.0,0.0,0,0,0,1,0
38020,-1,0,1.2176037,0.77164155,1,1,unassigned,2.0,2.0,0.0,1.0,0.0,0.0,0.0,0.0,0,0,0,1,0
38021,-1,0,7.8124347,0.99959546,1,1,unassigned,9.0,8.0,1.0,0.8888889,0.11111111,0.111111104,0.013539651,0.0015044058,0,0,0,1,1
38022,-1,0,-0.7433332,0.3222757,0,1,unassigned,3.0,3.0,0.0,1.0,0.0,0.0,0.001934236,0.0,0,0,0,0,0
38023,-1,0,4.2007103,0.9852363,1,1,unassigned,3.0,3.0,0.0,1.0,0.0,0.0,0.001934236,0.0,0,0,0,1,1
38024,-1,0,-0.5133247,0.37441447,0,1,unassigned,2.0,2.0,0.0,1.0,0.0,0.0,0.0,0.0,0,0,0,0,0
38025,-1,1,11.391845,0.9999887,1,1,unassigned,5.0,4.0,1.0,0.8,0.2,0.19999999,0.0058027077,0.0011605415,1,0,0,1,1
38026,-1,1,0.9449716,0.7201028,1,1,unassigned,2.0,2.0,0.0,1.0,0.0,0.0,0.0,0.0,1,0,0,1,0
38027,1,1,-0.33954605,0.41591975,0,1,test,22.0,22.0,0.0,1.0,0.0,0.0,0.03868472,0.0,1,0,0,0,0
38028,-1,0,3.1681716,0.95961875,1,1,unassigned,2.0,1.0,1.0,0.5,0.5,0.5,0.0,0.0,0,0,0,1,1
38029,-1,0,3.7706077,0.97748077,1,1,unassigned,24.0,23.0,1.0,0.9583333,0.041666668,0.041666687,0.04255319,0.0017730496,0,0,0,1,1
38030,-1,0,-0.22336239,0.4443904,0,1,unassigned,5.0,5.0,0.0,1.0,0.0,0.0,0.0058027077,0.0,0,0,0,0,0
38031,-1,0,10.229824,0.9999639,1,1,unassigned,3.0,3.0,0.0,1.0,0.0,0.0,0.001934236,0.0,0,0,0,1,1
38032,-1,0,0.28646427,0.57113034,1,1,unassigned,3.0,3.0,0.0,1.0,0.0,0.0,0.001934236,0.0,0,0,0,1,0
38033,-1,1,2.1916463,0.89949685,1,1,unassigned,8.0,8.0,0.0,1.0,0.0,0.0,0.0116054155,0.0,1,0,0,1,0
38034,-1,0,0.14146525,0.53530747,1,1,unassigned,7.0,6.0,1.0,0.85714287,0.14285715,0.14285713,0.00967118,0.0013815971,0,0,0,1,0
38035,-1,0,0.551276,0.6344316,1,1,unassigned,30.0,30.0,0.0,1.0,0.0,0.0,0.054158606,0.0,0,0,0,1,0
38036,-1,0,0.4030304,0.59941554,1,1,unassigned,3.0,3.0,0.0,1.0,0.0,0.0,0.001934236,0.0,0,0,0,1,0
38037,-1,0,1.092993,0.7489449,1,1,unassigned,9.0,9.0,0.0,1.0,0.0,0.0,0.013539651,0.0,0,0,0,1,0
38038,-1,0,-0.35892558,0.41121966,0,1,unassigned,16.0,16.0,0.0,1.0,0.0,0.0,0.027079303,0.0,0,0,0,0,0
38039,-1,0,0.26607817,0.56612986,1,1,unassigned,69.0,69.0,0.0,1.0,0.0,0.0,0.1295938,0.0,0,0,0,1,0
38040,-1,0,0.016456842,0.5041141,1,1,unassigned,2.0,2.0,0.0,1.0,0.0,0.0,0.0,0.0,0,0,0,1,0
38041,-1,0,-0.5718182,0.3608174,0,1,unassigned,20.0,20.0,0.0,1.0,0.0,0.0,0.034816246,0.0,0,0,0,0,0
38042,-1,1,-0.14499763,0.46381396,0,1,unassigned,3.0,2.0,1.0,0.6666667,0.33333334,0.3333333,0.001934236,0.00064474536,1,0,0,0,0
38043,-1,0,-0.8605983,0.29721436,0,1,unassigned,12.0,12.0,0.0,1.0,0.0,0.0,0.01934236,0.0,0,0,0,0,0
38044,-1,1,-0.5855307,0.35766098,0,1,unassigned,15.0,15.0,0.0,1.0,0.0,0.0,0.025145067,0.0,1,0,0,0,0
38045,-1,0,1.2762368,0.7818085,1,1,unassigned,5.0,5.0,0.0,1.0,0.0,0.0,0.0058027077,0.0,0,0,0,1,0
38046,-1,0,1.2449827,0.77643013,1,1,unassigned,2.0,2.0,0.0,1.0,0.0,0.0,0.0,0.0,0,0,0,1,0
38047,0,0,-0.35667264,0.41176528,0,0,test,21.0,21.0,0.0,1.0,0.0,0.0,0.036750484,0.0,0,0,1,0,0
38048,-1,0,4.9445252,0.9929281,1,1,unassigned,3.0,3.0,0.0,1.0,0.0,0.0,0.001934236,0.0,0,0,0,1,1
38049,-1,1,2.8426216,0.94493604,1,1,unassigned,3.0,2.0,1.0,0.6666667,0.33333334,0.3333333,0.001934236,0.00064474536,1,0,0,1,1
38050,-1,1,-0.80264795,0.3094594,0,1,unassigned,7.0,7.0,0.0,1.0,0.0,0.0,0.00967118,0.0,1,0,0,0,0
38051,-1,0,0.18854159,0.5469963,1,1,unassigned,3.0,3.0,0.0,1.0,0.0,0.0,0.001934236,0.0,0,0,0,1,0
38052,-1,0,-0.5356551,0.3691989,0,1,unassigned,49.0,49.0,0.0,1.0,0.0,0.0,0.09090909,0.0,0,0,0,0,0
38053,-1,0,-0.15431213,0.46149838,0,1,unassigned,25.0,24.0,1.0,0.96,0.04,0.04000002,0.044487428,0.001779497,0,0,0,0,0
38054,-1,0,-0.7562751,0.3194555,0,1,unassigned,156.0,156.0,0.0,1.0,0.0,0.0,0.29787233,0.0,0,0,0,0,0
38055,-1,0,-0.9552759,0.27782503,0,1,unassigned,12.0,11.0,1.0,0.9166667,0.083333336,0.08333331,0.01934236,0.0016118633,0,0,0,0,0
38056,1,0,5.2622905,0.99484324,1,0,test,7.0,4.0,3.0,0.5714286,0.42857143,0.4285714,0.00967118,0.0041447915,0,0,1,1,1
38057,-1,1,-0.2645278,0.434251,0,1,unassigned,8.0,8.0,0.0,1.0,0.0,0.0,0.0116054155,0.0,1,0,0,0,0
38058,-1,0,-0.61768186,0.35030887,0,1,unassigned,2.0,2.0,0.0,1.0,0.0,0.0,0.0,0.0,0,0,0,0,0
38059,-1,1,1.5179365,0.8202344,1,1,unassigned,22.0,22.0,0.0,1.0,0.0,0.0,0.03868472,0.0,1,0,0,1,0
38060,-1,1,-0.2720592,0.43240166,0,1,unassigned,8.0,8.0,0.0,1.0,0.0,0.0,0.0116054155,0.0,1,0,0,0,0
38061,-1,0,4.1651654,0.9847103,1,1,unassigned,11.0,9.0,2.0,0.8181818,0.18181819,0.18181819,0.017408123,0.0031651135,0,0,0,1,1
38062,-1,0,2.6231768,0.93233836,1,1,unassigned,3.0,1.0,2.0,0.33333334,0.6666667,0.6666666,0.001934236,0.0012894907,0,0,0,1,1
38063,-1,0,3.5194008,0.97123474,1,1,unassigned,7.0,5.0,2.0,0.71428573,0.2857143,0.28571427,0.00967118,0.0027631943,0,0,0,1,1
38064,-1,0,0.9132256,0.71365976,1,1,unassigned,2.0,2.0,0.0,1.0,0.0,0.0,0.0,0.0,0,0,0,1,0
38065,-1,0,-0.56795084,0.3617098,0,1,unassigned,4.0,4.0,0.0,1.0,0.0,0.0,0.003868472,0.0,0,0,0,0,0
38066,-1,0,4.05725,0.98299754,1,1,unassigned,6.0,5.0,1.0,0.8333333,0.16666667,0.16666669,0.007736944,0.0012894907,0,0,0,1,1
38067,-1,0,6.0981965,0.9977581,1,1,unassigned,3.0,3.0,0.0,1.0,0.0,0.0,0.001934236,0.0,0,0,0,1,1
38068,1,0,1.7408023,0.85078895,1,0,unassigned,3.0,3.0,0.0,1.0,0.0,0.0,0.001934236,0.0,0,0,1,1,0
38069,0,0,5.5452647,0.9961093,1,1,unassigned,12.0,10.0,2.0,0.8333333,0.16666667,0.16666669,0.01934236,0.0032237265,0,0,0,1,1
38070,-1,0,7.0501685,0.9991335,1,1,unassigned,32.0,30.0,2.0,0.9375,0.0625,0.0625,0.058027077,0.0036266923,0,0,0,1,1
38071,-1,1,-0.4125774,0.39829427,0,1,unassigned,2.0,1.0,1.0,0.5,0.5,0.5,0.0,0.0,1,0,0,0,0
38072,-1,0,-0.1493929,0.4627211,0,1,unassigned,2.0,2.0,0.0,1.0,0.0,0.0,0.0,0.0,0,0,0,0,0
38073,-1,1,-0.43352294,0.39328542,0,1,unassigned,6.0,6.0,0.0,1.0,0.0,0.0,0.007736944,0.0,1,0,0,0,0
38074,0,0,0.004586816,0.50114673,1,1,val,9.0,9.0,0.0,1.0,0.0,0.0,0.013539651,0.0,0,0,0,1,0
38075,-1,0,7.3544164,0.9993606,1,1,unassigned,2.0,2.0,0.0,1.0,0.0,0.0,0.0,0.0,0,0,0,1,1
38076,-1,0,-0.97722805,0.27344215,0,1,unassigned,2.0,2.0,0.0,1.0,0.0,0.0,0.0,0.0,0,0,0,0,0
38077,-1,0,7.2950664,0.9993216,1,1,unassigned,2.0,2.0,0.0,1.0,0.0,0.0,0.0,0.0,0,0,0,1,1
38078,-1,0,2.6950774,0.9367355,1,1,unassigned,3.0,3.0,0.0,1.0,0.0,0.0,0.001934236,0.0,0,0,0,1,1
38079,-1,0,2.5644524,0.9285385,1,1,unassigned,2.0,2.0,0.0,1.0,0.0,0.0,0.0,0.0,0,0,0,1,1
38080,-1,0,7.388084,0.9993818,1,1,unassigned,2.0,2.0,0.0,1.0,0.0,0.0,0.0,0.0,0,0,0,1,1
38081,-1,1,2.097998,0.8907084,1,1,unassigned,9.0,3.0,6.0,0.33333334,0.6666667,0.6666666,0.013539651,0.009026434,1,0,0,1,0
38082,-1,0,-0.20360658,0.44927347,0,1,unassigned,19.0,17.0,2.0,0.8947368,0.10526316,0.10526317,0.032882012,0.0034612645,0,0,0,0,0
38083,-1,0,0.15792006,0.53939813,1,1,unassigned,4.0,4.0,0.0,1.0,0.0,0.0,0.003868472,0.0,0,0,0,1,0
38084,-1,0,-0.7182409,0.32778046,0,1,unassigned,2.0,2.0,0.0,1.0,0.0,0.0,0.0,0.0,0,0,0,0,0
38085,1,0,0.012547791,0.5031369,1,0,test,6.0,6.0,0.0,1.0,0.0,0.0,0.007736944,0.0,0,0,1,1,0
38086,-1,0,3.4721434,0.96988463,1,1,unassigned,3.0,3.0,0.0,1.0,0.0,0.0,0.001934236,0.0,0,0,0,1,1
38087,-1,0,2.1865547,0.8990356,1,1,unassigned,2.0,2.0,0.0,1.0,0.0,0.0,0.0,0.0,0,0,0,1,0
38088,-1,0,6.447783,0.99841845,1,1,unassigned,39.0,39.0,0.0,1.0,0.0,0.0,0.07156673,0.0,0,0,0,1,1
38089,-1,0,3.1551545,0.9591113,1,1,unassigned,2.0,2.0,0.0,1.0,0.0,0.0,0.0,0.0,0,0,0,1,1
38090,-1,0,2.5054286,0.9245215,1,1,unassigned,4.0,4.0,0.0,1.0,0.0,0.0,0.003868472,0.0,0,0,0,1,1
38091,-1,0,-0.55024517,0.36580756,0,1,unassigned,3.0,3.0,0.0,1.0,0.0,0.0,0.001934236,0.0,0,0,0,0,0
38092,-1,0,7.173613,0.9992341,1,1,unassigned,3.0,3.0,0.0,1.0,0.0,0.0,0.001934236,0.0,0,0,0,1,1
38093,-1,0,0.17342043,0.54324675,1,1,unassigned,3.0,3.0,0.0,1.0,0.0,0.0,0.001934236,0.0,0,0,0,1,0
38094,-1,0,0.91446704,0.7139134,1,1,unassigned,7.0,7.0,0.0,1.0,0.0,0.0,0.00967118,0.0,0,0,0,1,0
38095,-1,1,-0.60381,0.3534725,0,1,unassigned,21.0,19.0,2.0,0.9047619,0.0952381,0.09523809,0.036750484,0.0035000462,1,0,0,0,0
38096,-1,0,5.6315675,0.99642986,1,1,unassigned,11.0,10.0,1.0,0.90909094,0.09090909,0.090909064,0.017408123,0.0015825568,0,0,0,1,1
38097,-1,0,2.2443714,0.90416396,1,1,unassigned,15.0,15.0,0.0,1.0,0.0,0.0,0.025145067,0.0,0,0,0,1,1
38098,-1,1,-0.49749634,0.37812924,0,1,unassigned,8.0,8.0,0.0,1.0,0.0,0.0,0.0116054155,0.0,1,0,0,0,0
38099,1,0,3.212793,0.96131283,1,0,unassigned,3.0,2.0,1.0,0.6666667,0.33333334,0.3333333,0.001934236,0.00064474536,0,0,1,1,1
38100,-1,0,0.51228875,0.62534285,1,1,unassigned,2.0,2.0,0.0,1.0,0.0,0.0,0.0,0.0,0,0,0,1,0
38101,0,0,0.28487235,0.57074034,1,1,unassigned,24.0,24.0,0.0,1.0,0.0,0.0,0.04255319,0.0,0,0,0,1,0
38102,-1,0,5.7045536,0.9966804,1,1,unassigned,5.0,4.0,1.0,0.8,0.2,0.19999999,0.0058027077,0.0011605415,0,0,0,1,1
38103,1,0,0.3804978,0.5939932,1,0,val,4.0,4.0,0.0,1.0,0.0,0.0,0.003868472,0.0,0,0,1,1,0
38104,-1,0,1.1430397,0.7582373,1,1,unassigned,11.0,11.0,0.0,1.0,0.0,0.0,0.017408123,0.0,0,0,0,1,0
38105,-1,0,7.392325,0.9993844,1,1,unassigned,12.0,9.0,3.0,0.75,0.25,0.25,0.01934236,0.00483559,0,0,0,1,1
38106,-1,1,0.22395223,0.5557552,1,1,unassigned,2.0,2.0,0.0,1.0,0.0,0.0,0.0,0.0,1,0,0,1,0
38107,-1,1,0.8117686,0.6924862,1,1,unassigned,3.0,3.0,0.0,1.0,0.0,0.0,0.001934236,0.0,1,0,0,1,0
38108,0,0,-0.04457122,0.48885903,0,0,unassigned,11.0,11.0,0.0,1.0,0.0,0.0,0.017408123,0.0,0,0,1,0,0
38109,-1,1,3.8507311,0.97917855,1,1,unassigned,5.0,4.0,1.0,0.8,0.2,0.19999999,0.0058027077,0.0011605415,1,0,0,1,1
38110,-1,1,1.3030825,0.7863533,1,1,unassigned,3.0,3.0,0.0,1.0,0.0,0.0,0.001934236,0.0,1,0,0,1,0
38111,-1,0,0.63756675,0.6542032,1,1,unassigned,8.0,8.0,0.0,1.0,0.0,0.0,0.0116054155,0.0,0,0,0,1,0
38112,-1,0,-0.8104428,0.30779615,0,1,unassigned,31.0,31.0,0.0,1.0,0.0,0.0,0.056092843,0.0,0,0,0,0,0
38113,-1,0,3.0833437,0.9562005,1,1,unassigned,4.0,4.0,0.0,1.0,0.0,0.0,0.003868472,0.0,0,0,0,1,1
38114,-1,0,1.6931841,0.84464246,1,1,unassigned,5.0,5.0,0.0,1.0,0.0,0.0,0.0058027077,0.0,0,0,0,1,0
38115,-1,1,-0.72298133,0.3267368,0,1,unassigned,2.0,2.0,0.0,1.0,0.0,0.0,0.0,0.0,1,0,0,0,0
38116,-1,0,3.176468,0.95993906,1,1,unassigned,17.0,8.0,9.0,0.47058824,0.5294118,0.5294118,0.029013539,0.0153601095,0,0,0,1,1
38117,-1,1,0.322748,0.5799938,1,1,unassigned,2.0,2.0,0.0,1.0,0.0,0.0,0.0,0.0,1,0,0,1,0
38118,-1,0,1.1238163,0.7546959,1,1,unassigned,3.0,2.0,1.0,0.6666667,0.33333334,0.3333333,0.001934236,0.00064474536,0,0,0,1,0
38119,-1,0,-0.007019937,0.49824497,0,1,unassigned,37.0,36.0,1.0,0.972973,0.027027028,0.02702701,0.06769826,0.0018296828,0,0,0,0,0
38120,1,1,1.8081152,0.85913396,1,0,unassigned,3.0,3.0,0.0,1.0,0.0,0.0,0.001934236,0.0,1,0,1,1,0
38121,-1,1,6.106734,0.99777716,1,1,unassigned,2.0,2.0,0.0,1.0,0.0,0.0,0.0,0.0,1,0,0,1,1
38122,-1,0,3.2048495,0.96101636,1,1,unassigned,2.0,2.0,0.0,1.0,0.0,0.0,0.0,0.0,0,0,0,1,1
38123,-1,1,4.240616,0.9858057,1,1,unassigned,4.0,4.0,0.0,1.0,0.0,0.0,0.003868472,0.0,1,0,0,1,1
38124,-1,0,-0.16116703,0.45979524,0,1,unassigned,24.0,24.0,0.0,1.0,0.0,0.0,0.04255319,0.0,0,0,0,0,0
38125,-1,0,-0.09330952,0.47668955,0,1,unassigned,3.0,3.0,0.0,1.0,0.0,0.0,0.001934236,0.0,0,0,0,0,0
38126,-1,1,-0.76021665,0.31859922,0,1,unassigned,35.0,31.0,4.0,0.8857143,0.114285715,0.11428571,0.06382979,0.0072948327,1,0,0,0,0
38127,-1,0,0.14191312,0.53541887,1,1,unassigned,24.0,24.0,0.0,1.0,0.0,0.0,0.04255319,0.0,0,0,0,1,0
38128,1,0,4.9579663,0.9930219,1,0,unassigned,44.0,38.0,6.0,0.8636364,0.13636364,0.13636363,0.08123791,0.011077898,0,0,1,1,1
38129,-1,0,-0.09110677,0.47723904,0,1,unassigned,2.0,2.0,0.0,1.0,0.0,0.0,0.0,0.0,0,0,0,0,0
38130,-1,1,3.760073,0.97724766,1,1,unassigned,3.0,2.0,1.0,0.6666667,0.33333334,0.3333333,0.001934236,0.00064474536,1,0,0,1,1
38131,-1,1,2.0347383,0.88439643,1,1,unassigned,12.0,11.0,1.0,0.9166667,0.083333336,0.08333331,0.01934236,0.0016118633,1,0,0,1,0
38132,-1,1,5.5919547,0.99628615,1,1,unassigned,12.0,9.0,3.0,0.75,0.25,0.25,0.01934236,0.00483559,1,0,0,1,1
38133,-1,0,4.6559567,0.9905847,1,1,unassigned,2.0,2.0,0.0,1.0,0.0,0.0,0.0,0.0,0,0,0,1,1
38134,-1,0,0.003116548,0.5007791,1,1,unassigned,10.0,10.0,0.0,1.0,0.0,0.0,0.015473888,0.0,0,0,0,1,0
38135,-1,0,3.120196,0.95771813,1,1,unassigned,7.0,6.0,1.0,0.85714287,0.14285715,0.14285713,0.00967118,0.0013815971,0,0,0,1,1
38136,0,0,0.46347576,0.6138384,1,1,test,15.0,15.0,0.0,1.0,0.0,0.0,0.025145067,0.0,0,0,0,1,0
38137,-1,0,1.9028208,0.87021047,1,1,unassigned,6.0,6.0,0.0,1.0,0.0,0.0,0.007736944,0.0,0,0,0,1,0
38138,-1,0,3.2505512,0.962693,1,1,unassigned,2.0,2.0,0.0,1.0,0.0,0.0,0.0,0.0,0,0,0,1,1
38139,-1,0,-0.18732375,0.4533055,0,1,unassigned,2.0,2.0,0.0,1.0,0.0,0.0,0.0,0.0,0,0,0,0,0
38140,-1,0,0.84044963,0.69855994,1,1,unassigned,14.0,14.0,0.0,1.0,0.0,0.0,0.023210831,0.0,0,0,0,1,0
38141,-1,0,0.44844753,0.6102701,1,1,unassigned,7.0,7.0,0.0,1.0,0.0,0.0,0.00967118,0.0,0,0,0,1,0
38142,-1,0,7.9042773,0.9996309,1,1,unassigned,11.0,8.0,3.0,0.72727275,0.27272728,0.27272725,0.017408123,0.00474767,0,0,0,1,1
38143,-1,1,-0.59231687,0.35610342,0,1,unassigned,14.0,13.0,1.0,0.9285714,0.071428575,0.0714286,0.023210831,0.0016579166,1,0,0,0,0
38144,0,1,-0.96919227,0.27504155,0,0,unassigned,10.0,9.0,1.0,0.9,0.1,0.100000024,0.015473888,0.0015473888,1,0,1,0,0
38145,-1,1,4.690771,0.9909039,1,1,unassigned,25.0,20.0,5.0,0.8,0.2,0.19999999,0.044487428,0.008897486,1,0,0,1,1
38146,0,1,-0.87489605,0.29423657,0,0,unassigned,37.0,34.0,3.0,0.9189189,0.08108108,0.08108109,0.06769826,0.005489048,1,0,1,0,0
38147,-1,0,2.7816184,0.9416744,1,1,unassigned,8.0,8.0,0.0,1.0,0.0,0.0,0.0116054155,0.0,0,0,0,1,1
38148,-1,1,2.406684,0.91733557,1,1,unassigned,25.0,15.0,10.0,0.6,0.4,0.39999998,0.044487428,0.017794972,1,0,0,1,1
38149,-1,0,4.1029162,0.9837442,1,1,unassigned,11.0,10.0,1.0,0.90909094,0.09090909,0.090909064,0.017408123,0.0015825568,0,0,0,1,1
38150,-1,0,-0.036335766,0.49091706,0,1,unassigned,6.0,6.0,0.0,1.0,0.0,0.0,0.007736944,0.0,0,0,0,0,0
38151,-1,0,3.0661323,0.9554739,1,1,unassigned,32.0,25.0,7.0,0.78125,0.21875,0.21875,0.058027077,0.012693423,0,0,0,1,1
38152,-1,1,-0.3661253,0.40947765,0,1,unassigned,4.0,3.0,1.0,0.75,0.25,0.25,0.003868472,0.000967118,1,0,0,0,0
38153,-1,1,2.024651,0.8833611,1,1,unassigned,4.0,2.0,2.0,0.5,0.5,0.5,0.003868472,0.001934236,1,0,0,1,0
38154,-1,0,3.512779,0.97104913,1,1,unassigned,4.0,4.0,0.0,1.0,0.0,0.0,0.003868472,0.0,0,0,0,1,1
38155,-1,0,19.269524,1.0,1,1,unassigned,104.0,103.0,1.0,0.99038464,0.009615385,0.009615362,0.19729207,0.0018970392,0,0,0,1,1
38156,-1,0,6.5163054,0.99852306,1,1,unassigned,18.0,12.0,6.0,0.6666667,0.33333334,0.3333333,0.030947777,0.010315926,0,0,0,1,1
38157,1,0,2.2821636,0.907389,1,0,unassigned,3.0,3.0,0.0,1.0,0.0,0.0,0.001934236,0.0,0,0,1,1,1
38158,-1,0,1.9268878,0.87290454,1,1,unassigned,2.0,2.0,0.0,1.0,0.0,0.0,0.0,0.0,0,0,0,1,0
38159,-1,1,6.3308854,0.99822265,1,1,unassigned,20.0,19.0,1.0,0.95,0.05,0.050000012,0.034816246,0.0017408123,1,0,0,1,1
38160,0,0,-0.074071884,0.4814905,0,0,unassigned,12.0,12.0,0.0,1.0,0.0,0.0,0.01934236,0.0,0,0,1,0,0
38161,-1,0,1.0914602,0.7486566,1,1,unassigned,7.0,7.0,0.0,1.0,0.0,0.0,0.00967118,0.0,0,0,0,1,0
38162,-1,1,-0.11875492,0.47034612,0,1,unassigned,21.0,5.0,16.0,0.23809524,0.7619048,0.7619048,0.036750484,0.02800037,1,0,0,0,0
38163,1,0,0.90156156,0.7112703,1,0,unassigned,2.0,2.0,0.0,1.0,0.0,0.0,0.0,0.0,0,0,1,1,0
38164,-1,1,-0.5885777,0.35696125,0,1,unassigned,61.0,59.0,2.0,0.9672131,0.032786883,0.032786906,0.114119925,0.0037416366,1,0,0,0,0
38165,-1,1,0.04644096,0.5116081,1,1,unassigned,2.0,2.0,0.0,1.0,0.0,0.0,0.0,0.0,1,0,0,1,0
38166,1,0,0.1068027,0.52667534,1,0,unassigned,3.0,3.0,0.0,1.0,0.0,0.0,0.001934236,0.0,0,0,1,1,0
38167,-1,0,-0.47909975,0.38246474,0,1,unassigned,14.0,14.0,0.0,1.0,0.0,0.0,0.023210831,0.0,0,0,0,0,0
38168,-1,0,0.13995081,0.5349307,1,1,unassigned,7.0,6.0,1.0,0.85714287,0.14285715,0.14285713,0.00967118,0.0013815971,0,0,0,1,0
38169,-1,0,-0.14486656,0.4638466,0,1,unassigned,7.0,7.0,0.0,1.0,0.0,0.0,0.00967118,0.0,0,0,0,0,0
38170,-1,0,-0.3994817,0.40143687,0,1,unassigned,13.0,13.0,0.0,1.0,0.0,0.0,0.021276595,0.0,0,0,0,0,0
38171,-1,0,0.9846397,0.7280279,1,1,unassigned,3.0,2.0,1.0,0.6666667,0.33333334,0.3333333,0.001934236,0.00064474536,0,0,0,1,0
38172,1,1,3.6629207,0.9749844,1,0,val,37.0,34.0,3.0,0.9189189,0.08108108,0.08108109,0.06769826,0.005489048,1,0,1,1,1
38173,-1,0,0.25970203,0.56456304,1,1,unassigned,3.0,3.0,0.0,1.0,0.0,0.0,0.001934236,0.0,0,0,0,1,0
38174,-1,0,0.35094863,0.5868476,1,1,unassigned,3.0,3.0,0.0,1.0,0.0,0.0,0.001934236,0.0,0,0,0,1,0
38175,-1,1,0.43846184,0.60789245,1,1,unassigned,2.0,1.0,1.0,0.5,0.5,0.5,0.0,0.0,1,0,0,1,0
38176,-1,0,2.9976852,0.95246947,1,1,unassigned,2.0,2.0,0.0,1.0,0.0,0.0,0.0,0.0,0,0,0,1,1
38177,-1,1,0.8427616,0.69904655,1,1,unassigned,16.0,15.0,1.0,0.9375,0.0625,0.0625,0.027079303,0.0016924564,1,0,0,1,0
38178,-1,1,-0.86145395,0.29703566,0,1,unassigned,3.0,3.0,0.0,1.0,0.0,0.0,0.001934236,0.0,1,0,0,0,0
38179,-1,0,1.6292136,0.8360619,1,1,unassigned,4.0,3.0,1.0,0.75,0.25,0.25,0.003868472,0.000967118,0,0,0,1,0
38180,1,1,4.0758,0.98330486,1,0,unassigned,9.0,8.0,1.0,0.8888889,0.11111111,0.111111104,0.013539651,0.0015044058,1,0,1,1,1
38181,1,1,-0.148018,0.4630629,0,1,unassigned,11.0,11.0,0.0,1.0,0.0,0.0,0.017408123,0.0,1,0,0,0,0
38182,-1,0,0.6439138,0.6556376,1,1,unassigned,2.0,2.0,0.0,1.0,0.0,0.0,0.0,0.0,0,0,0,1,0
38183,-1,0,-0.252965,0.43709385,0,1,unassigned,8.0,8.0,0.0,1.0,0.0,0.0,0.0116054155,0.0,0,0,0,0,0
38184,-1,0,9.81333,0.9999453,1,1,unassigned,6.0,6.0,0.0,1.0,0.0,0.0,0.007736944,0.0,0,0,0,1,1
38185,-1,0,7.6417756,0.9995203,1,1,unassigned,2.0,2.0,0.0,1.0,0.0,0.0,0.0,0.0,0,0,0,1,1
38186,-1,0,-0.09582946,0.476061,0,1,unassigned,9.0,9.0,0.0,1.0,0.0,0.0,0.013539651,0.0,0,0,0,0,0
38187,-1,0,-0.4787379,0.38255018,0,1,unassigned,4.0,4.0,0.0,1.0,0.0,0.0,0.003868472,0.0,0,0,0,0,0
38188,-1,0,-0.7065729,0.33035657,0,1,unassigned,4.0,4.0,0.0,1.0,0.0,0.0,0.003868472,0.0,0,0,0,0,0
38189,0,0,0.7150189,0.67150915,1,1,test,4.0,4.0,0.0,1.0,0.0,0.0,0.003868472,0.0,0,0,0,1,0
38190,-1,0,-0.08359742,0.4791128,0,1,unassigned,8.0,8.0,0.0,1.0,0.0,0.0,0.0116054155,0.0,0,0,0,0,0
38191,-1,1,2.0825393,0.8891944,1,1,unassigned,14.0,14.0,0.0,1.0,0.0,0.0,0.023210831,0.0,1,0,0,1,0
38192,-1,0,1.5464852,0.8244055,1,1,unassigned,6.0,6.0,0.0,1.0,0.0,0.0,0.007736944,0.0,0,0,0,1,0
38193,-1,0,-0.26296487,0.434635,0,1,unassigned,2.0,2.0,0.0,1.0,0.0,0.0,0.0,0.0,0,0,0,0,0
38194,-1,0,3.793801,0.9779856,1,1,unassigned,7.0,4.0,3.0,0.5714286,0.42857143,0.4285714,0.00967118,0.0041447915,0,0,0,1,1
38195,-1,0,-0.8248962,0.30472532,0,1,unassigned,2.0,2.0,0.0,1.0,0.0,0.0,0.0,0.0,0,0,0,0,0
38196,0,1,0.10171127,0.52540594,1,1,test,23.0,22.0,1.0,0.95652175,0.04347826,0.04347825,0.040618956,0.0017660416,1,0,0,1,0
38197,-1,0,1.0117483,0.7333622,1,1,unassigned,10.0,10.0,0.0,1.0,0.0,0.0,0.015473888,0.0,0,0,0,1,0
38198,-1,0,3.8502162,0.97916806,1,1,unassigned,4.0,3.0,1.0,0.75,0.25,0.25,0.003868472,0.000967118,0,0,0,1,1
38199,-1,1,1.209425,0.77019715,1,1,unassigned,4.0,1.0,3.0,0.25,0.75,0.75,0.003868472,0.002901354,1,0,0,1,0
38200,-1,1,3.2536602,0.96280444,1,1,unassigned,2.0,2.0,0.0,1.0,0.0,0.0,0.0,0.0,1,0,0,1,1
38201,-1,0,19.653843,1.0,1,1,unassigned,2.0,2.0,0.0,1.0,0.0,0.0,0.0,0.0,0,0,0,1,1
38202,-1,0,3.8689826,0.97954744,1,1,unassigned,3.0,3.0,0.0,1.0,0.0,0.0,0.001934236,0.0,0,0,0,1,1
38203,-1,0,2.8335316,0.94446117,1,1,unassigned,3.0,3.0,0.0,1.0,0.0,0.0,0.001934236,0.0,0,0,0,1,1
38204,-1,1,-0.48842108,0.3802656,0,1,unassigned,99.0,91.0,8.0,0.9191919,0.08080808,0.0808081,0.1876209,0.015161284,1,0,0,0,0
38205,0,0,-0.67382693,0.33764043,0,0,val,82.0,82.0,0.0,1.0,0.0,0.0,0.15473887,0.0,0,0,1,0,0
38206,-1,0,-0.31347042,0.42226788,0,1,unassigned,21.0,21.0,0.0,1.0,0.0,0.0,0.036750484,0.0,0,0,0,0,0
38207,-1,0,4.868339,0.9923725,1,1,unassigned,7.0,7.0,0.0,1.0,0.0,0.0,0.00967118,0.0,0,0,0,1,1
38208,-1,0,0.15509003,0.538695,1,1,unassigned,4.0,4.0,0.0,1.0,0.0,0.0,0.003868472,0.0,0,0,0,1,0
38209,1,0,-0.058277786,0.48543465,0,1,train,8.0,7.0,1.0,0.875,0.125,0.125,0.0116054155,0.0014506769,0,0,0,0,0
38210,0,1,-0.6327236,0.34689322,0,0,val,13.0,13.0,0.0,1.0,0.0,0.0,0.021276595,0.0,1,0,1,0,0
38211,0,0,-0.95576656,0.2777266,0,0,test,2.0,2.0,0.0,1.0,0.0,0.0,0.0,0.0,0,0,1,0,0
38212,-1,0,3.3098319,0.9647646,1,1,unassigned,2.0,2.0,0.0,1.0,0.0,0.0,0.0,0.0,0,0,0,1,1
38213,-1,0,-0.613327,0.35130063,0,1,unassigned,5.0,5.0,0.0,1.0,0.0,0.0,0.0058027077,0.0,0,0,0,0,0
38214,-1,0,2.1482913,0.895509,1,1,unassigned,2.0,2.0,0.0,1.0,0.0,0.0,0.0,0.0,0,0,0,1,0
38215,-1,0,2.4098718,0.91757697,1,1,unassigned,2.0,2.0,0.0,1.0,0.0,0.0,0.0,0.0,0,0,0,1,1
38216,-1,0,-0.5043682,0.37651464,0,1,unassigned,23.0,23.0,0.0,1.0,0.0,0.0,0.040618956,0.0,0,0,0,0,0
38217,-1,0,-0.4900919,0.3798719,0,1,unassigned,3.0,3.0,0.0,1.0,0.0,0.0,0.001934236,0.0,0,0,0,0,0
38218,0,0,1.1171384,0.75345755,1,1,unassigned,3.0,3.0,0.0,1.0,0.0,0.0,0.001934236,0.0,0,0,0,1,0
38219,-1,0,-0.20217252,0.44962835,0,1,unassigned,15.0,15.0,0.0,1.0,0.0,0.0,0.025145067,0.0,0,0,0,0,0
38220,-1,0,-0.33670068,0.4166111,0,1,unassigned,7.0,7.0,0.0,1.0,0.0,0.0,0.00967118,0.0,0,0,0,0,0
38221,-1,1,-0.49399894,0.37895197,0,1,unassigned,29.0,29.0,0.0,1.0,0.0,0.0,0.05222437,0.0,1,0,0,0,0
38222,-1,0,-0.48395312,0.38131908,0,1,unassigned,6.0,6.0,0.0,1.0,0.0,0.0,0.007736944,0.0,0,0,0,0,0
38223,-1,0,-0.49128658,0.37959054,0,1,unassigned,6.0,6.0,0.0,1.0,0.0,0.0,0.007736944,0.0,0,0,0,0,0
38224,-1,1,1.0232885,0.73561263,1,1,unassigned,46.0,45.0,1.0,0.9782609,0.02173913,0.021739125,0.08510638,0.0018501388,1,0,0,1,0
38225,-1,0,-0.55600184,0.36447304,0,1,unassigned,52.0,52.0,0.0,1.0,0.0,0.0,0.0967118,0.0,0,0,0,0,0
38226,-1,0,1.9881299,0.87954515,1,1,unassigned,2.0,2.0,0.0,1.0,0.0,0.0,0.0,0.0,0,0,0,1,0
38227,-1,0,-0.017421722,0.4956447,0,1,unassigned,35.0,35.0,0.0,1.0,0.0,0.0,0.06382979,0.0,0,0,0,0,0
38228,-1,0,-0.30706358,0.42383164,0,1,unassigned,14.0,14.0,0.0,1.0,0.0,0.0,0.023210831,0.0,0,0,0,0,0
38229,-1,0,0.2565533,0.56378883,1,1,unassigned,4.0,4.0,0.0,1.0,0.0,0.0,0.003868472,0.0,0,0,0,1,0
38230,-1,0,0.05968064,0.5149157,1,1,unassigned,2.0,2.0,0.0,1.0,0.0,0.0,0.0,0.0,0,0,0,1,0
38231,-1,1,-1.0000873,0.26892427,0,1,unassigned,3.0,3.0,0.0,1.0,0.0,0.0,0.001934236,0.0,1,0,0,0,0
38232,-1,0,-0.32593822,0.41922924,0,1,unassigned,80.0,78.0,2.0,0.975,0.025,0.024999976,0.15087041,0.0037717603,0,0,0,0,0
38233,-1,1,3.3075721,0.9646877,1,1,unassigned,6.0,6.0,0.0,1.0,0.0,0.0,0.007736944,0.0,1,0,0,1,1
38234,-1,0,3.512564,0.97104317,1,1,unassigned,3.0,2.0,1.0,0.6666667,0.33333334,0.3333333,0.001934236,0.00064474536,0,0,0,1,1
38235,-1,0,-0.15159097,0.46217468,0,1,unassigned,15.0,15.0,0.0,1.0,0.0,0.0,0.025145067,0.0,0,0,0,0,0
38236,-1,1,-0.4885738,0.3802296,0,1,unassigned,3.0,3.0,0.0,1.0,0.0,0.0,0.001934236,0.0,1,0,0,0,0
38237,-1,1,0.029184043,0.5072955,1,1,unassigned,12.0,11.0,1.0,0.9166667,0.083333336,0.08333331,0.01934236,0.0016118633,1,0,0,1,0
38238,-1,0,-0.1417467,0.46462256,0,1,unassigned,8.0,8.0,0.0,1.0,0.0,0.0,0.0116054155,0.0,0,0,0,0,0
38239,-1,0,-0.30443096,0.4244747,0,1,unassigned,6.0,6.0,0.0,1.0,0.0,0.0,0.007736944,0.0,0,0,0,0,0
38240,-1,0,-0.1666075,0.45844418,0,1,unassigned,7.0,7.0,0.0,1.0,0.0,0.0,0.00967118,0.0,0,0,0,0,0
38241,1,0,-0.21325174,0.4468882,0,1,val,21.0,17.0,4.0,0.8095238,0.1904762,0.19047618,0.036750484,0.0070000924,0,0,0,0,0
38242,-1,0,-0.80534315,0.30888373,0,1,unassigned,2.0,2.0,0.0,1.0,0.0,0.0,0.0,0.0,0,0,0,0,0
38243,-1,0,8.589272,0.999814,1,1,unassigned,6.0,5.0,1.0,0.8333333,0.16666667,0.16666669,0.007736944,0.0012894907,0,0,0,1,1
38244,-1,0,0.2267341,0.5564419,1,1,unassigned,3.0,3.0,0.0,1.0,0.0,0.0,0.001934236,0.0,0,0,0,1,0
38245,-1,0,1.8430917,0.863314,1,1,unassigned,15.0,14.0,1.0,0.93333334,0.06666667,0.06666666,0.025145067,0.0016763379,0,0,0,1,0
38246,-1,0,0.1701042,0.5424238,1,1,unassigned,18.0,18.0,0.0,1.0,0.0,0.0,0.030947777,0.0,0,0,0,1,0
38247,-1,1,0.6154818,0.64919025,1,1,unassigned,7.0,4.0,3.0,0.5714286,0.42857143,0.4285714,0.00967118,0.0041447915,1,0,0,1,0
38248,-1,0,1.3931789,0.80109924,1,1,unassigned,4.0,4.0,0.0,1.0,0.0,0.0,0.003868472,0.0,0,0,0,1,0
38249,1,0,2.193968,0.8997065,1,0,test,3.0,3.0,0.0,1.0,0.0,0.0,0.001934236,0.0,0,0,1,1,0
38250,-1,0,2.2964778,0.9085849,1,1,unassigned,12.0,12.0,0.0,1.0,0.0,0.0,0.01934236,0.0,0,0,0,1,1
38251,-1,0,1.7443979,0.8512448,1,1,unassigned,3.0,3.0,0.0,1.0,0.0,0.0,0.001934236,0.0,0,0,0,1,0
38252,-1,0,0.85472554,0.7015575,1,1,unassigned,2.0,2.0,0.0,1.0,0.0,0.0,0.0,0.0,0,0,0,1,0
38253,-1,0,0.18089253,0.5451002,1,1,unassigned,7.0,7.0,0.0,1.0,0.0,0.0,0.00967118,0.0,0,0,0,1,0
38254,0,1,-0.75085515,0.320635,0,0,unassigned,13.0,12.0,1.0,0.9230769,0.07692308,0.07692307,0.021276595,0.0016366612,1,0,1,0,0
38255,-1,0,0.9854608,0.7281904,1,1,unassigned,11.0,11.0,0.0,1.0,0.0,0.0,0.017408123,0.0,0,0,0,1,0
38256,-1,0,0.1875155,0.546742,1,1,unassigned,5.0,5.0,0.0,1.0,0.0,0.0,0.0058027077,0.0,0,0,0,1,0
38257,-1,0,3.6446993,0.9745361,1,1,unassigned,8.0,8.0,0.0,1.0,0.0,0.0,0.0116054155,0.0,0,0,0,1,1
38258,1,0,1.0424705,0.7393264,1,0,unassigned,7.0,7.0,0.0,1.0,0.0,0.0,0.00967118,0.0,0,0,1,1,0
38259,-1,0,4.840506,0.9921589,1,1,unassigned,3.0,3.0,0.0,1.0,0.0,0.0,0.001934236,0.0,0,0,0,1,1
38260,-1,0,1.1358767,0.75692177,1,1,unassigned,5.0,5.0,0.0,1.0,0.0,0.0,0.0058027077,0.0,0,0,0,1,0
38261,-1,0,-0.38324463,0.4053446,0,1,unassigned,7.0,5.0,2.0,0.71428573,0.2857143,0.28571427,0.00967118,0.0027631943,0,0,0,0,0
38262,-1,0,1.999769,0.8807728,1,1,unassigned,2.0,2.0,0.0,1.0,0.0,0.0,0.0,0.0,0,0,0,1,0
38263,-1,0,-0.75767934,0.3191503,0,1,unassigned,9.0,9.0,0.0,1.0,0.0,0.0,0.013539651,0.0,0,0,0,0,0
38264,-1,1,-0.9129393,0.28639874,0,1,unassigned,3.0,3.0,0.0,1.0,0.0,0.0,0.001934236,0.0,1,0,0,0,0
38265,-1,1,-0.26898295,0.4331568,0,1,unassigned,9.0,9.0,0.0,1.0,0.0,0.0,0.013539651,0.0,1,0,0,0,0
38266,0,0,-0.44846016,0.38972694,0,0,val,7.0,7.0,0.0,1.0,0.0,0.0,0.00967118,0.0,0,0,1,0,0
38267,-1,0,0.25622898,0.5637091,1,1,unassigned,8.0,8.0,0.0,1.0,0.0,0.0,0.0116054155,0.0,0,0,0,1,0
38268,-1,1,-0.5308192,0.37032586,0,1,unassigned,9.0,7.0,2.0,0.7777778,0.22222222,0.22222221,0.013539651,0.0030088115,1,0,0,0,0
38269,-1,0,-1.3293891,0.20926043,0,1,unassigned,2.0,2.0,0.0,1.0,0.0,0.0,0.0,0.0,0,0,0,0,0
38270,-1,0,15.570185,0.9999999,1,1,unassigned,14.0,14.0,0.0,1.0,0.0,0.0,0.023210831,0.0,0,0,0,1,1
38271,0,0,0.042515695,0.5106273,1,1,test,8.0,6.0,2.0,0.75,0.25,0.25,0.0116054155,0.0029013539,0,0,0,1,0
38272,-1,0,-0.8392432,0.3016942,0,1,unassigned,6.0,6.0,0.0,1.0,0.0,0.0,0.007736944,0.0,0,0,0,0,0
38273,-1,1,1.2061508,0.7696172,1,1,unassigned,9.0,9.0,0.0,1.0,0.0,0.0,0.013539651,0.0,1,0,0,1,0
38274,-1,1,-0.12127155,0.4697192,0,1,unassigned,7.0,7.0,0.0,1.0,0.0,0.0,0.00967118,0.0,1,0,0,0,0
38275,-1,0,0.04246837,0.5106155,1,1,unassigned,5.0,5.0,0.0,1.0,0.0,0.0,0.0058027077,0.0,0,0,0,1,0
38276,1,0,2.565497,0.92860776,1,0,test,16.0,15.0,1.0,0.9375,0.0625,0.0625,0.027079303,0.0016924564,0,0,1,1,1
38277,-1,0,0.26757926,0.5664985,1,1,unassigned,6.0,4.0,2.0,0.6666667,0.33333334,0.3333333,0.007736944,0.0025789815,0,0,0,1,0
38278,-1,0,4.636096,0.9903976,1,1,unassigned,8.0,7.0,1.0,0.875,0.125,0.125,0.0116054155,0.0014506769,0,0,0,1,1
38279,-1,1,-0.26833892,0.43331495,0,1,unassigned,4.0,4.0,0.0,1.0,0.0,0.0,0.003868472,0.0,1,0,0,0,0
38280,-1,0,5.087476,0.9938643,1,1,unassigned,4.0,4.0,0.0,1.0,0.0,0.0,0.003868472,0.0,0,0,0,1,1
38281,-1,0,2.9044936,0.9480681,1,1,unassigned,5.0,3.0,2.0,0.6,0.4,0.39999998,0.0058027077,0.002321083,0,0,0,1,1
38282,0,1,-0.7803111,0.31425282,0,0,test,91.0,85.0,6.0,0.93406594,0.06593407,0.06593406,0.172147,0.011350352,1,0,1,0,0
38283,-1,0,0.091062546,0.52274996,1,1,unassigned,2.0,2.0,0.0,1.0,0.0,0.0,0.0,0.0,0,0,0,1,0
38284,-1,0,0.2147103,0.55347234,1,1,unassigned,3.0,3.0,0.0,1.0,0.0,0.0,0.001934236,0.0,0,0,0,1,0
38285,-1,0,0.07049036,0.5176153,1,1,unassigned,2.0,2.0,0.0,1.0,0.0,0.0,0.0,0.0,0,0,0,1,0
38286,-1,0,0.08714324,0.521772,1,1,unassigned,16.0,16.0,0.0,1.0,0.0,0.0,0.027079303,0.0,0,0,0,1,0
38287,-1,1,-0.09901065,0.47526753,0,1,unassigned,20.0,20.0,0.0,1.0,0.0,0.0,0.034816246,0.0,1,0,0,0,0
38288,-1,0,2.6872568,0.9362705,1,1,unassigned,6.0,6.0,0.0,1.0,0.0,0.0,0.007736944,0.0,0,0,0,1,1
38289,-1,0,3.188132,0.96038526,1,1,unassigned,3.0,3.0,0.0,1.0,0.0,0.0,0.001934236,0.0,0,0,0,1,1
38290,-1,0,5.781387,0.99692506,1,1,unassigned,3.0,3.0,0.0,1.0,0.0,0.0,0.001934236,0.0,0,0,0,1,1
38291,-1,1,0.40782803,0.600567,1,1,unassigned,5.0,5.0,0.0,1.0,0.0,0.0,0.0058027077,0.0,1,0,0,1,0
38292,-1,1,-0.5413636,0.36787042,0,1,unassigned,15.0,15.0,0.0,1.0,0.0,0.0,0.025145067,0.0,1,0,0,0,0
38293,-1,1,0.5386221,0.63149184,1,1,unassigned,10.0,9.0,1.0,0.9,0.1,0.100000024,0.015473888,0.0015473888,1,0,0,1,0
38294,-1,0,1.9843981,0.8791492,1,1,unassigned,3.0,3.0,0.0,1.0,0.0,0.0,0.001934236,0.0,0,0,0,1,0
38295,-1,1,1.2354379,0.7747689,1,1,unassigned,17.0,17.0,0.0,1.0,0.0,0.0,0.029013539,0.0,1,0,0,1,0
38296,1,0,-0.43967968,0.3918173,0,1,unassigned,24.0,24.0,0.0,1.0,0.0,0.0,0.04255319,0.0,0,0,0,0,0
38297,-1,1,0.015552998,0.5038882,1,1,unassigned,17.0,17.0,0.0,1.0,0.0,0.0,0.029013539,0.0,1,0,0,1,0
38298,-1,0,1.7874835,0.8566185,1,1,unassigned,8.0,5.0,3.0,0.625,0.375,0.375,0.0116054155,0.004352031,0,0,0,1,0
38299,-1,0,-0.29749995,0.4261687,0,1,unassigned,2.0,2.0,0.0,1.0,0.0,0.0,0.0,0.0,0,0,0,0,0
38300,-1,0,-0.33840427,0.41619712,0,1,unassigned,15.0,15.0,0.0,1.0,0.0,0.0,0.025145067,0.0,0,0,0,0,0
38301,-1,0,-0.9701438,0.27485183,0,1,unassigned,10.0,10.0,0.0,1.0,0.0,0.0,0.015473888,0.0,0,0,0,0,0
38302,-1,0,-0.7743271,0.3155438,0,1,unassigned,12.0,12.0,0.0,1.0,0.0,0.0,0.01934236,0.0,0,0,0,0,0
38303,-1,0,0.25736088,0.56398743,1,1,unassigned,8.0,8.0,0.0,1.0,0.0,0.0,0.0116054155,0.0,0,0,0,1,0
38304,-1,0,-0.6195421,0.3498856,0,1,unassigned,3.0,3.0,0.0,1.0,0.0,0.0,0.001934236,0.0,0,0,0,0,0
38305,-1,0,-0.5967754,0.35508177,0,1,unassigned,11.0,11.0,0.0,1.0,0.0,0.0,0.017408123,0.0,0,0,0,0,0
38306,-1,1,2.614291,0.9317757,1,1,unassigned,6.0,4.0,2.0,0.6666667,0.33333334,0.3333333,0.007736944,0.0025789815,1,0,0,1,1
38307,-1,1,1.1651683,0.76227057,1,1,unassigned,6.0,6.0,0.0,1.0,0.0,0.0,0.007736944,0.0,1,0,0,1,0
38308,-1,0,3.5188267,0.97121865,1,1,unassigned,2.0,2.0,0.0,1.0,0.0,0.0,0.0,0.0,0,0,0,1,1
38309,-1,0,0.28846008,0.5716191,1,1,unassigned,7.0,5.0,2.0,0.71428573,0.2857143,0.28571427,0.00967118,0.0027631943,0,0,0,1,0
38310,-1,0,-0.47247133,0.38403144,0,1,unassigned,2.0,1.0,1.0,0.5,0.5,0.5,0.0,0.0,0,0,0,0,0
38311,-1,1,3.9423144,0.9809661,1,1,unassigned,5.0,5.0,0.0,1.0,0.0,0.0,0.0058027077,0.0,1,0,0,1,1
38312,-1,0,5.0981946,0.99392927,1,1,unassigned,7.0,7.0,0.0,1.0,0.0,0.0,0.00967118,0.0,0,0,0,1,1
38313,-1,1,1.704457,0.846116,1,1,unassigned,9.0,8.0,1.0,0.8888889,0.11111111,0.111111104,0.013539651,0.0015044058,1,0,0,1,0
38314,-1,0,2.5430176,0.92710304,1,1,unassigned,11.0,9.0,2.0,0.8181818,0.18181819,0.18181819,0.017408123,0.0031651135,0,0,0,1,1
38315,-1,1,5.9805036,0.9974788,1,1,unassigned,2.0,2.0,0.0,1.0,0.0,0.0,0.0,0.0,1,0,0,1,1
38316,-1,0,0.33238214,0.58233887,1,1,unassigned,4.0,4.0,0.0,1.0,0.0,0.0,0.003868472,0.0,0,0,0,1,0
38317,-1,1,-0.5769036,0.3596454,0,1,unassigned,26.0,22.0,4.0,0.84615386,0.15384616,0.15384614,0.046421662,0.0071417945,1,0,0,0,0
38318,-1,1,-0.58001363,0.35892946,0,1,unassigned,2.0,2.0,0.0,1.0,0.0,0.0,0.0,0.0,1,0,0,0,0
38319,-1,1,-0.6672319,0.33911693,0,1,unassigned,47.0,47.0,0.0,1.0,0.0,0.0,0.08704062,0.0,1,0,0,0,0
38320,-1,1,0.5050221,0.6236388,1,1,unassigned,3.0,2.0,1.0,0.6666667,0.33333334,0.3333333,0.001934236,0.00064474536,1,0,0,1,0
38321,-1,0,2.9198043,0.94881684,1,1,unassigned,16.0,16.0,0.0,1.0,0.0,0.0,0.027079303,0.0,0,0,0,1,1
38322,-1,1,-0.18308565,0.454356,0,1,unassigned,8.0,8.0,0.0,1.0,0.0,0.0,0.0116054155,0.0,1,0,0,0,0
38323,-1,0,4.0176597,0.9823231,1,1,unassigned,2.0,2.0,0.0,1.0,0.0,0.0,0.0,0.0,0,0,0,1,1
38324,-1,1,1.1613531,0.7615785,1,1,unassigned,39.0,37.0,2.0,0.94871795,0.051282052,0.05128205,0.07156673,0.0036700887,1,0,0,1,0
38325,0,1,0.28251767,0.57016337,1,1,val,8.0,8.0,0.0,1.0,0.0,0.0,0.0116054155,0.0,1,0,0,1,0
38326,-1,0,-0.26490885,0.43415737,0,1,unassigned,15.0,15.0,0.0,1.0,0.0,0.0,0.025145067,0.0,0,0,0,0,0
38327,1,0,-0.81700474,0.30639982,0,1,unassigned,63.0,61.0,2.0,0.96825397,0.031746034,0.03174603,0.11798839,0.0037456634,0,0,0,0,0
38328,-1,0,2.4518514,0.92069674,1,1,unassigned,4.0,4.0,0.0,1.0,0.0,0.0,0.003868472,0.0,0,0,0,1,1
38329,0,0,0.018303633,0.5045758,1,1,unassigned,7.0,7.0,0.0,1.0,0.0,0.0,0.00967118,0.0,0,0,0,1,0
38330,-1,0,0.019888282,0.5049719,1,1,unassigned,6.0,6.0,0.0,1.0,0.0,0.0,0.007736944,0.0,0,0,0,1,0
38331,-1,0,2.8716779,0.9464285,1,1,unassigned,22.0,22.0,0.0,1.0,0.0,0.0,0.03868472,0.0,0,0,0,1,1
38332,-1,0,3.0217102,0.95354533,1,1,unassigned,3.0,3.0,0.0,1.0,0.0,0.0,0.001934236,0.0,0,0,0,1,1
38333,-1,0,2.302408,0.90907633,1,1,unassigned,4.0,3.0,1.0,0.75,0.25,0.25,0.003868472,0.000967118,0,0,0,1,1
38334,-1,1,-0.14549482,0.46369034,0,1,unassigned,33.0,33.0,0.0,1.0,0.0,0.0,0.059961315,0.0,1,0,0,0,0
38335,-1,1,3.336301,0.9656534,1,1,unassigned,17.0,12.0,5.0,0.7058824,0.29411766,0.29411763,0.029013539,0.008533394,1,0,0,1,1
38336,-1,0,-0.60607255,0.3529556,0,1,unassigned,2.0,2.0,0.0,1.0,0.0,0.0,0.0,0.0,0,0,0,0,0
38337,-1,0,4.639919,0.99043393,1,1,unassigned,9.0,9.0,0.0,1.0,0.0,0.0,0.013539651,0.0,0,0,0,1,1
38338,-1,1,0.95004636,0.72112453,1,1,unassigned,27.0,25.0,2.0,0.9259259,0.074074075,0.07407409,0.0483559,0.0035819185,1,0,0,1,0
38339,-1,0,0.84262604,0.699018,1,1,unassigned,3.0,2.0,1.0,0.6666667,0.33333334,0.3333333,0.001934236,0.00064474536,0,0,0,1,0
38340,-1,0,2.1964796,0.8999329,1,1,unassigned,11.0,10.0,1.0,0.90909094,0.09090909,0.090909064,0.017408123,0.0015825568,0,0,0,1,0
38341,-1,0,-0.5570947,0.36421996,0,1,unassigned,8.0,8.0,0.0,1.0,0.0,0.0,0.0116054155,0.0,0,0,0,0,0
38342,-1,0,4.6496434,0.9905256,1,1,unassigned,13.0,13.0,0.0,1.0,0.0,0.0,0.021276595,0.0,0,0,0,1,1
38343,-1,0,1.1960313,0.76781803,1,1,unassigned,4.0,4.0,0.0,1.0,0.0,0.0,0.003868472,0.0,0,0,0,1,0
38344,1,1,5.5319,0.99605715,1,0,unassigned,5.0,5.0,0.0,1.0,0.0,0.0,0.0058027077,0.0,1,0,1,1,1
38345,-1,1,-0.2737978,0.43197495,0,1,unassigned,12.0,12.0,0.0,1.0,0.0,0.0,0.01934236,0.0,1,0,0,0,0
38346,-1,1,0.3550998,0.5878537,1,1,unassigned,23.0,23.0,0.0,1.0,0.0,0.0,0.040618956,0.0,1,0,0,1,0
38347,1,0,0.21650422,0.5539156,1,0,unassigned,16.0,16.0,0.0,1.0,0.0,0.0,0.027079303,0.0,0,0,1,1,0
38348,-1,0,-0.5069881,0.37589985,0,1,unassigned,4.0,4.0,0.0,1.0,0.0,0.0,0.003868472,0.0,0,0,0,0,0
38349,-1,0,0.28429097,0.5705979,1,1,unassigned,35.0,35.0,0.0,1.0,0.0,0.0,0.06382979,0.0,0,0,0,1,0
38350,-1,0,-0.24187374,0.43982464,0,1,unassigned,7.0,7.0,0.0,1.0,0.0,0.0,0.00967118,0.0,0,0,0,0,0
38351,0,0,0.13743329,0.5343043,1,1,val,5.0,5.0,0.0,1.0,0.0,0.0,0.0058027077,0.0,0,0,0,1,0
38352,0,0,-0.010127783,0.49746805,0,0,unassigned,25.0,25.0,0.0,1.0,0.0,0.0,0.044487428,0.0,0,0,1,0,0
38353,0,0,-0.37566173,0.40717366,0,0,train,4.0,4.0,0.0,1.0,0.0,0.0,0.003868472,0.0,0,0,1,0,0
38354,-1,0,-0.123550594,0.46915156,0,1,unassigned,12.0,12.0,0.0,1.0,0.0,0.0,0.01934236,0.0,0,0,0,0,0
38355,-1,1,1.599549,0.8319553,1,1,unassigned,5.0,4.0,1.0,0.8,0.2,0.19999999,0.0058027077,0.0011605415,1,0,0,1,0
38356,-1,1,-0.49889404,0.3778006,0,1,unassigned,7.0,7.0,0.0,1.0,0.0,0.0,0.00967118,0.0,1,0,0,0,0
38357,-1,1,-0.2693717,0.43306136,0,1,unassigned,39.0,39.0,0.0,1.0,0.0,0.0,0.07156673,0.0,1,0,0,0,0
38358,0,1,-0.23616898,0.44123062,0,0,test,39.0,39.0,0.0,1.0,0.0,0.0,0.07156673,0.0,1,0,1,0,0
38359,1,1,-0.36733353,0.40918547,0,1,test,22.0,21.0,1.0,0.95454544,0.045454547,0.04545456,0.03868472,0.0017583964,1,0,0,0,0
38360,-1,0,4.6802673,0.9908087,1,1,unassigned,11.0,10.0,1.0,0.90909094,0.09090909,0.090909064,0.017408123,0.0015825568,0,0,0,1,1
38361,-1,0,1.003622,0.7317701,1,1,unassigned,2.0,2.0,0.0,1.0,0.0,0.0,0.0,0.0,0,0,0,1,0
38362,-1,0,1.59301,0.83103913,1,1,unassigned,17.0,17.0,0.0,1.0,0.0,0.0,0.029013539,0.0,0,0,0,1,0
38363,1,1,-0.43106642,0.39387172,0,1,unassigned,20.0,20.0,0.0,1.0,0.0,0.0,0.034816246,0.0,1,0,0,0,0
38364,-1,1,2.1208904,0.8929171,1,1,unassigned,2.0,2.0,0.0,1.0,0.0,0.0,0.0,0.0,1,0,0,1,0
38365,-1,0,0.101027966,0.52523553,1,1,unassigned,2.0,2.0,0.0,1.0,0.0,0.0,0.0,0.0,0,0,0,1,0
38366,-1,0,0.13171893,0.5328822,1,1,unassigned,9.0,9.0,0.0,1.0,0.0,0.0,0.013539651,0.0,0,0,0,1,0
38367,-1,0,-0.16463208,0.45893466,0,1,unassigned,6.0,6.0,0.0,1.0,0.0,0.0,0.007736944,0.0,0,0,0,0,0
38368,-1,0,1.156151,0.76063263,1,1,unassigned,2.0,2.0,0.0,1.0,0.0,0.0,0.0,0.0,0,0,0,1,0
38369,0,1,-0.8462962,0.3002104,0,0,val,13.0,13.0,0.0,1.0,0.0,0.0,0.021276595,0.0,1,0,1,0,0
38370,-1,0,-0.7300112,0.32519224,0,1,unassigned,5.0,5.0,0.0,1.0,0.0,0.0,0.0058027077,0.0,0,0,0,0,0
38371,-1,0,0.08360261,0.5208885,1,1,unassigned,2.0,2.0,0.0,1.0,0.0,0.0,0.0,0.0,0,0,0,1,0
38372,-1,1,2.7336884,0.93898547,1,1,unassigned,7.0,5.0,2.0,0.71428573,0.2857143,0.28571427,0.00967118,0.0027631943,1,0,0,1,1
38373,-1,0,1.3485088,0.79388577,1,1,unassigned,3.0,3.0,0.0,1.0,0.0,0.0,0.001934236,0.0,0,0,0,1,0
38374,-1,1,3.1402915,0.9585244,1,1,unassigned,3.0,3.0,0.0,1.0,0.0,0.0,0.001934236,0.0,1,0,0,1,1
38375,-1,0,5.6160417,0.9963742,1,1,unassigned,10.0,8.0,2.0,0.8,0.2,0.19999999,0.015473888,0.0030947777,0,0,0,1,1
38376,1,1,0.09108263,0.5227549,1,0,unassigned,14.0,14.0,0.0,1.0,0.0,0.0,0.023210831,0.0,1,0,1,1,0
38377,-1,0,2.1580036,0.8964143,1,1,unassigned,2.0,2.0,0.0,1.0,0.0,0.0,0.0,0.0,0,0,0,1,0
38378,-1,0,2.3218634,0.91067165,1,1,unassigned,5.0,5.0,0.0,1.0,0.0,0.0,0.0058027077,0.0,0,0,0,1,1
38379,-1,0,1.3544571,0.7948573,1,1,unassigned,7.0,6.0,1.0,0.85714287,0.14285715,0.14285713,0.00967118,0.0013815971,0,0,0,1,0
38380,-1,1,-0.883191,0.29251695,0,1,unassigned,3.0,2.0,1.0,0.6666667,0.33333334,0.3333333,0.001934236,0.00064474536,1,0,0,0,0
38381,-1,0,0.43734294,0.60762566,1,1,unassigned,11.0,11.0,0.0,1.0,0.0,0.0,0.017408123,0.0,0,0,0,1,0
38382,-1,1,4.634684,0.9903842,1,1,unassigned,12.0,12.0,0.0,1.0,0.0,0.0,0.01934236,0.0,1,0,0,1,1
38383,-1,0,0.09609538,0.52400535,1,1,unassigned,65.0,61.0,4.0,0.93846154,0.06153846,0.061538458,0.12185687,0.007498884,0,0,0,1,0
38384,-1,0,-0.6961744,0.33266097,0,1,unassigned,2.0,2.0,0.0,1.0,0.0,0.0,0.0,0.0,0,0,0,0,0
38385,-1,0,1.2457454,0.77656245,1,1,unassigned,6.0,6.0,0.0,1.0,0.0,0.0,0.007736944,0.0,0,0,0,1,0
38386,-1,0,2.254862,0.9050691,1,1,unassigned,12.0,12.0,0.0,1.0,0.0,0.0,0.01934236,0.0,0,0,0,1,1
38387,-1,1,-0.7045967,0.3307939,0,1,unassigned,139.0,135.0,4.0,0.971223,0.02877698,0.028777003,0.26499033,0.0076256213,1,0,0,0,0
38388,-1,0,5.167208,0.99433184,1,1,unassigned,4.0,4.0,0.0,1.0,0.0,0.0,0.003868472,0.0,0,0,0,1,1
38389,-1,0,0.84750706,0.7000439,1,1,unassigned,2.0,2.0,0.0,1.0,0.0,0.0,0.0,0.0,0,0,0,1,0
38390,1,1,-0.31509602,0.42187133,0,1,unassigned,31.0,30.0,1.0,0.9677419,0.032258064,0.032258093,0.056092843,0.0018094465,1,0,0,0,0
38391,-1,1,-0.23366132,0.44184902,0,1,unassigned,33.0,33.0,0.0,1.0,0.0,0.0,0.059961315,0.0,1,0,0,0,0
38392,-1,1,-0.60444945,0.35332638,0,1,unassigned,26.0,25.0,1.0,0.96153843,0.03846154,0.038461566,0.046421662,0.0017854486,1,0,0,0,0
38393,-1,0,3.700318,0.97588044,1,1,unassigned,2.0,2.0,0.0,1.0,0.0,0.0,0.0,0.0,0,0,0,1,1
38394,-1,0,1.8063872,0.8589247,1,1,unassigned,2.0,2.0,0.0,1.0,0.0,0.0,0.0,0.0,0,0,0,1,0
38395,-1,0,-0.483306,0.38147175,0,1,unassigned,38.0,38.0,0.0,1.0,0.0,0.0,0.06963249,0.0,0,0,0,0,0
38396,-1,0,6.3574214,0.9982692,1,1,unassigned,3.0,3.0,0.0,1.0,0.0,0.0,0.001934236,0.0,0,0,0,1,1
38397,-1,0,1.5362351,0.8229168,1,1,unassigned,2.0,2.0,0.0,1.0,0.0,0.0,0.0,0.0,0,0,0,1,0
38398,-1,0,2.6679418,0.93510824,1,1,unassigned,6.0,6.0,0.0,1.0,0.0,0.0,0.007736944,0.0,0,0,0,1,1
38399,1,0,0.030181706,0.5075449,1,0,unassigned,2.0,2.0,0.0,1.0,0.0,0.0,0.0,0.0,0,0,1,1,0
38400,-1,0,-0.05356884,0.48661098,0,1,unassigned,9.0,9.0,0.0,1.0,0.0,0.0,0.013539651,0.0,0,0,0,0,0
38401,-1,1,7.378449,0.9993759,1,1,unassigned,5.0,3.0,2.0,0.6,0.4,0.39999998,0.0058027077,0.002321083,1,0,0,1,1
38402,-1,0,0.8785773,0.7065273,1,1,unassigned,15.0,15.0,0.0,1.0,0.0,0.0,0.025145067,0.0,0,0,0,1,0
38403,-1,1,1.5943213,0.8312232,1,1,unassigned,11.0,9.0,2.0,0.8181818,0.18181819,0.18181819,0.017408123,0.0031651135,1,0,0,1,0
38404,-1,0,0.0983178,0.5245597,1,1,unassigned,31.0,31.0,0.0,1.0,0.0,0.0,0.056092843,0.0,0,0,0,1,0
38405,-1,0,0.73258907,0.67537314,1,1,unassigned,4.0,4.0,0.0,1.0,0.0,0.0,0.003868472,0.0,0,0,0,1,0
38406,-1,0,3.8550065,0.9792656,1,1,unassigned,2.0,2.0,0.0,1.0,0.0,0.0,0.0,0.0,0,0,0,1,1
38407,1,0,-0.18848109,0.45301875,0,1,val,43.0,43.0,0.0,1.0,0.0,0.0,0.079303674,0.0,0,0,0,0,0
38408,-1,0,0.617883,0.64973694,1,1,unassigned,6.0,6.0,0.0,1.0,0.0,0.0,0.007736944,0.0,0,0,0,1,0
38409,-1,0,5.7338185,0.9967757,1,1,unassigned,3.0,3.0,0.0,1.0,0.0,0.0,0.001934236,0.0,0,0,0,1,1
38410,-1,0,10.904573,0.99998164,1,1,unassigned,2.0,2.0,0.0,1.0,0.0,0.0,0.0,0.0,0,0,0,1,1
38411,-1,0,4.1620665,0.9846636,1,1,unassigned,5.0,5.0,0.0,1.0,0.0,0.0,0.0058027077,0.0,0,0,0,1,1
38412,-1,1,-0.41829,0.39692605,0,1,unassigned,3.0,3.0,0.0,1.0,0.0,0.0,0.001934236,0.0,1,0,0,0,0
38413,-1,0,2.1890252,0.8992597,1,1,unassigned,10.0,10.0,0.0,1.0,0.0,0.0,0.015473888,0.0,0,0,0,1,0
38414,-1,0,4.203355,0.9852747,1,1,unassigned,7.0,6.0,1.0,0.85714287,0.14285715,0.14285713,0.00967118,0.0013815971,0,0,0,1,1
38415,-1,1,3.619295,0.973898,1,1,unassigned,2.0,2.0,0.0,1.0,0.0,0.0,0.0,0.0,1,0,0,1,1
38416,-1,0,3.1191046,0.95767397,1,1,unassigned,2.0,2.0,0.0,1.0,0.0,0.0,0.0,0.0,0,0,0,1,1
38417,-1,1,1.8816175,0.8677968,1,1,unassigned,3.0,3.0,0.0,1.0,0.0,0.0,0.001934236,0.0,1,0,0,1,0
38418,-1,1,4.145018,0.9844039,1,1,unassigned,12.0,7.0,5.0,0.5833333,0.41666666,0.4166667,0.01934236,0.008059316,1,0,0,1,1
38419,-1,1,-0.575785,0.35990304,0,1,unassigned,8.0,6.0,2.0,0.75,0.25,0.25,0.0116054155,0.0029013539,1,0,0,0,0
38420,-1,1,0.96044165,0.7232102,1,1,unassigned,2.0,2.0,0.0,1.0,0.0,0.0,0.0,0.0,1,0,0,1,0
38421,-1,0,10.535645,0.9999734,1,1,unassigned,11.0,8.0,3.0,0.72727275,0.27272728,0.27272725,0.017408123,0.00474767,0,0,0,1,1
38422,-1,0,-0.27079815,0.43271118,0,1,unassigned,21.0,21.0,0.0,1.0,0.0,0.0,0.036750484,0.0,0,0,0,0,0
38423,-1,1,-0.67090976,0.33829316,0,1,unassigned,39.0,38.0,1.0,0.974359,0.025641026,0.025641024,0.07156673,0.0018350444,1,0,0,0,0
38424,-1,0,-0.24921161,0.43801758,0,1,unassigned,2.0,2.0,0.0,1.0,0.0,0.0,0.0,0.0,0,0,0,0,0
38425,-1,1,6.8018074,0.9988895,1,1,unassigned,5.0,4.0,1.0,0.8,0.2,0.19999999,0.0058027077,0.0011605415,1,0,0,1,1
38426,-1,0,-0.3727668,0.40787265,0,1,unassigned,4.0,4.0,0.0,1.0,0.0,0.0,0.003868472,0.0,0,0,0,0,0
38427,-1,1,2.723583,0.93840396,1,1,unassigned,2.0,2.0,0.0,1.0,0.0,0.0,0.0,0.0,1,0,0,1,1
38428,0,0,-1.9729922,0.12206786,0,0,train,6.0,6.0,0.0,1.0,0.0,0.0,0.007736944,0.0,0,0,1,0,0
38429,0,0,-0.8761095,0.29398462,0,0,val,5.0,5.0,0.0,1.0,0.0,0.0,0.0058027077,0.0,0,0,1,0,0
38430,-1,0,5.9250526,0.9973354,1,1,unassigned,9.0,7.0,2.0,0.7777778,0.22222222,0.22222221,0.013539651,0.0030088115,0,0,0,1,1
38431,-1,0,0.09390372,0.5234587,1,1,unassigned,7.0,7.0,0.0,1.0,0.0,0.0,0.00967118,0.0,0,0,0,1,0
38432,-1,0,-0.53254765,0.36992288,0,1,unassigned,32.0,32.0,0.0,1.0,0.0,0.0,0.058027077,0.0,0,0,0,0,0
38433,-1,0,8.396318,0.9997744,1,1,unassigned,2.0,2.0,0.0,1.0,0.0,0.0,0.0,0.0,0,0,0,1,1
38434,-1,0,4.9778476,0.9931583,1,1,unassigned,15.0,14.0,1.0,0.93333334,0.06666667,0.06666666,0.025145067,0.0016763379,0,0,0,1,1
38435,-1,0,-0.98978317,0.2709549,0,1,unassigned,3.0,3.0,0.0,1.0,0.0,0.0,0.001934236,0.0,0,0,0,0,0
38436,-1,0,-0.50426334,0.3765393,0,1,unassigned,8.0,8.0,0.0,1.0,0.0,0.0,0.0116054155,0.0,0,0,0,0,0
38437,-1,0,2.80316,0.94284636,1,1,unassigned,2.0,2.0,0.0,1.0,0.0,0.0,0.0,0.0,0,0,0,1,1
38438,0,0,1.9163063,0.8717259,1,1,unassigned,3.0,2.0,1.0,0.6666667,0.33333334,0.3333333,0.001934236,0.00064474536,0,0,0,1,0
38439,-1,0,1.4762065,0.81399894,1,1,unassigned,5.0,5.0,0.0,1.0,0.0,0.0,0.0058027077,0.0,0,0,0,1,0
38440,-1,1,0.81683403,0.6935639,1,1,unassigned,3.0,3.0,0.0,1.0,0.0,0.0,0.001934236,0.0,1,0,0,1,0
38441,-1,0,0.8107181,0.69226253,1,1,unassigned,17.0,16.0,1.0,0.9411765,0.05882353,0.058823526,0.029013539,0.0017066788,0,0,0,1,0
38442,-1,0,4.356609,0.9873405,1,1,unassigned,2.0,2.0,0.0,1.0,0.0,0.0,0.0,0.0,0,0,0,1,1
38443,0,0,0.38783616,0.59576166,1,1,unassigned,2.0,2.0,0.0,1.0,0.0,0.0,0.0,0.0,0,0,0,1,0
38444,-1,0,2.4116824,0.9177138,1,1,unassigned,8.0,7.0,1.0,0.875,0.125,0.125,0.0116054155,0.0014506769,0,0,0,1,1
38445,-1,0,11.911457,0.9999933,1,1,unassigned,4.0,4.0,0.0,1.0,0.0,0.0,0.003868472,0.0,0,0,0,1,1
38446,-1,1,3.4897072,0.9703935,1,1,unassigned,5.0,1.0,4.0,0.2,0.8,0.8,0.0058027077,0.004642166,1,1,0,1,1
38447,1,1,1.828227,0.8615504,1,0,val,10.0,10.0,0.0,1.0,0.0,0.0,0.015473888,0.0,1,0,1,1,0
38448,-1,0,10.6440525,0.99997616,1,1,unassigned,2.0,2.0,0.0,1.0,0.0,0.0,0.0,0.0,0,0,0,1,1
38449,-1,0,-0.03728062,0.4906809,0,1,unassigned,10.0,9.0,1.0,0.9,0.1,0.100000024,0.015473888,0.0015473888,0,0,0,0,0
38450,0,0,3.0229037,0.9535982,1,1,test,4.0,4.0,0.0,1.0,0.0,0.0,0.003868472,0.0,0,0,0,1,1
38451,-1,0,0.5463944,0.63329864,1,1,unassigned,72.0,72.0,0.0,1.0,0.0,0.0,0.13539653,0.0,0,0,0,1,0
38452,-1,0,-0.0074598193,0.49813503,0,1,unassigned,7.0,6.0,1.0,0.85714287,0.14285715,0.14285713,0.00967118,0.0013815971,0,0,0,0,0
38453,-1,1,-0.6873636,0.33461982,0,1,unassigned,2.0,2.0,0.0,1.0,0.0,0.0,0.0,0.0,1,0,0,0,0
38454,1,0,1.632277,0.83648133,1,0,test,6.0,6.0,0.0,1.0,0.0,0.0,0.007736944,0.0,0,0,1,1,0
38455,-1,0,5.097007,0.9939221,1,1,unassigned,18.0,17.0,1.0,0.9444444,0.055555556,0.055555582,0.030947777,0.0017193209,0,0,0,1,1
38456,-1,0,2.3576643,0.91354156,1,1,unassigned,10.0,8.0,2.0,0.8,0.2,0.19999999,0.015473888,0.0030947777,0,0,0,1,1
38457,-1,0,2.43242,0.91926634,1,1,unassigned,14.0,12.0,2.0,0.85714287,0.14285715,0.14285713,0.023210831,0.0033158332,0,0,0,1,1
38458,-1,1,-0.27453494,0.43179414,0,1,unassigned,2.0,2.0,0.0,1.0,0.0,0.0,0.0,0.0,1,0,0,0,0
38459,-1,0,1.2920265,0.78449,1,1,unassigned,2.0,2.0,0.0,1.0,0.0,0.0,0.0,0.0,0,0,0,1,0
38460,-1,1,-0.7709628,0.3162709,0,1,unassigned,16.0,16.0,0.0,1.0,0.0,0.0,0.027079303,0.0,1,0,0,0,0
38461,-1,1,1.6695366,0.841514,1,1,unassigned,2.0,2.0,0.0,1.0,0.0,0.0,0.0,0.0,1,0,0,1,0
38462,-1,0,7.457868,0.9994235,1,1,unassigned,3.0,3.0,0.0,1.0,0.0,0.0,0.001934236,0.0,0,0,0,1,1
38463,-1,1,3.78173,0.97772425,1,1,unassigned,4.0,3.0,1.0,0.75,0.25,0.25,0.003868472,0.000967118,1,0,0,1,1
38464,-1,1,2.2134035,0.9014467,1,1,unassigned,2.0,2.0,0.0,1.0,0.0,0.0,0.0,0.0,1,0,0,1,1
38465,-1,0,-0.8508275,0.2992593,0,1,unassigned,21.0,21.0,0.0,1.0,0.0,0.0,0.036750484,0.0,0,0,0,0,0
38466,-1,0,3.0638955,0.9553787,1,1,unassigned,3.0,3.0,0.0,1.0,0.0,0.0,0.001934236,0.0,0,0,0,1,1
38467,-1,0,2.7937806,0.9423388,1,1,unassigned,4.0,3.0,1.0,0.75,0.25,0.25,0.003868472,0.000967118,0,0,0,1,1
38468,-1,0,6.867555,0.99896,1,1,unassigned,2.0,2.0,0.0,1.0,0.0,0.0,0.0,0.0,0,0,0,1,1
38469,-1,0,-0.11065069,0.47236553,0,1,unassigned,8.0,8.0,0.0,1.0,0.0,0.0,0.0116054155,0.0,0,0,0,0,0
38470,-1,1,3.7678788,0.9774206,1,1,unassigned,96.0,94.0,2.0,0.9791667,0.020833334,0.020833313,0.18181819,0.003787879,1,0,0,1,1
38471,-1,0,1.2285168,0.7735589,1,1,unassigned,5.0,5.0,0.0,1.0,0.0,0.0,0.0058027077,0.0,0,0,0,1,0
38472,-1,0,-0.20807758,0.44816747,0,1,unassigned,2.0,1.0,1.0,0.5,0.5,0.5,0.0,0.0,0,0,0,0,0
38473,-1,0,3.196531,0.96070355,1,1,unassigned,2.0,2.0,0.0,1.0,0.0,0.0,0.0,0.0,0,0,0,1,1
38474,-1,0,9.003396,0.999877,1,1,unassigned,7.0,3.0,4.0,0.42857143,0.5714286,0.57142854,0.00967118,0.0055263885,0,0,0,1,1
38475,-1,0,1.7339017,0.84991086,1,1,unassigned,4.0,4.0,0.0,1.0,0.0,0.0,0.003868472,0.0,0,0,0,1,0
38476,-1,1,11.128929,0.99998534,1,1,unassigned,3.0,3.0,0.0,1.0,0.0,0.0,0.001934236,0.0,1,0,0,1,1
38477,-1,1,6.905867,0.9989992,1,1,unassigned,3.0,3.0,0.0,1.0,0.0,0.0,0.001934236,0.0,1,0,0,1,1
38478,-1,0,-0.70570713,0.3305481,0,1,unassigned,6.0,6.0,0.0,1.0,0.0,0.0,0.007736944,0.0,0,0,0,0,0
38479,-1,1,-0.5288629,0.37078214,0,1,unassigned,10.0,10.0,0.0,1.0,0.0,0.0,0.015473888,0.0,1,0,0,0,0
38480,-1,1,-0.61830896,0.35016614,0,1,unassigned,11.0,9.0,2.0,0.8181818,0.18181819,0.18181819,0.017408123,0.0031651135,1,0,0,0,0
38481,-1,1,-0.78589964,0.31304976,0,1,unassigned,19.0,19.0,0.0,1.0,0.0,0.0,0.032882012,0.0,1,0,0,0,0
38482,-1,0,-0.43990475,0.39176366,0,1,unassigned,9.0,9.0,0.0,1.0,0.0,0.0,0.013539651,0.0,0,0,0,0,0
38483,-1,0,7.1627955,0.99922574,1,1,unassigned,4.0,4.0,0.0,1.0,0.0,0.0,0.003868472,0.0,0,0,0,1,1
38484,-1,1,2.3335629,0.9116188,1,1,unassigned,9.0,8.0,1.0,0.8888889,0.11111111,0.111111104,0.013539651,0.0015044058,1,0,0,1,1
38485,-1,0,0.48462373,0.6188391,1,1,unassigned,3.0,3.0,0.0,1.0,0.0,0.0,0.001934236,0.0,0,0,0,1,0
38486,-1,0,1.285327,0.7833552,1,1,unassigned,17.0,16.0,1.0,0.9411765,0.05882353,0.058823526,0.029013539,0.0017066788,0,0,0,1,0
38487,-1,1,1.257663,0.7786235,1,1,unassigned,18.0,15.0,3.0,0.8333333,0.16666667,0.16666669,0.030947777,0.005157963,1,0,0,1,0
38488,-1,1,3.733589,0.9766514,1,1,unassigned,5.0,5.0,0.0,1.0,0.0,0.0,0.0058027077,0.0,1,0,0,1,1
38489,-1,1,0.8134211,0.6928381,1,1,unassigned,15.0,14.0,1.0,0.93333334,0.06666667,0.06666666,0.025145067,0.0016763379,1,0,0,1,0
38490,-1,1,-0.25276402,0.43714327,0,1,unassigned,3.0,3.0,0.0,1.0,0.0,0.0,0.001934236,0.0,1,0,0,0,0
38491,-1,0,-0.715739,0.32833198,0,1,unassigned,6.0,5.0,1.0,0.8333333,0.16666667,0.16666669,0.007736944,0.0012894907,0,0,0,0,0
38492,-1,0,0.79960424,0.6898898,1,1,unassigned,6.0,6.0,0.0,1.0,0.0,0.0,0.007736944,0.0,0,0,0,1,0
38493,-1,1,2.5764048,0.9293275,1,1,unassigned,4.0,3.0,1.0,0.75,0.25,0.25,0.003868472,0.000967118,1,0,0,1,1
38494,-1,0,2.063862,0.88734084,1,1,unassigned,3.0,2.0,1.0,0.6666667,0.33333334,0.3333333,0.001934236,0.00064474536,0,0,0,1,0
38495,-1,0,0.5756039,0.64005524,1,1,unassigned,2.0,2.0,0.0,1.0,0.0,0.0,0.0,0.0,0,0,0,1,0
38496,1,1,-0.9359076,0.28172773,0,1,unassigned,24.0,24.0,0.0,1.0,0.0,0.0,0.04255319,0.0,1,0,0,0,0
38497,-1,1,-0.87535757,0.29414073,0,1,unassigned,88.0,88.0,0.0,1.0,0.0,0.0,0.1663443,0.0,1,0,0,0,0
38498,-1,1,-0.7851407,0.31321302,0,1,unassigned,26.0,23.0,3.0,0.88461536,0.115384616,0.11538464,0.046421662,0.005356346,1,0,0,0,0
38499,-1,1,5.771856,0.9968957,1,1,unassigned,11.0,7.0,4.0,0.6363636,0.36363637,0.36363637,0.017408123,0.006330227,1,0,0,1,1
38500,-1,0,-0.032747924,0.49181378,0,1,unassigned,12.0,11.0,1.0,0.9166667,0.083333336,0.08333331,0.01934236,0.0016118633,0,0,0,0,0
38501,0,0,-0.72956526,0.32529014,0,0,test,3.0,3.0,0.0,1.0,0.0,0.0,0.001934236,0.0,0,0,1,0,0
38502,-1,0,-0.2949464,0.42679337,0,1,unassigned,4.0,4.0,0.0,1.0,0.0,0.0,0.003868472,0.0,0,0,0,0,0
38503,-1,1,2.6902683,0.93644994,1,1,unassigned,3.0,1.0,2.0,0.33333334,0.6666667,0.6666666,0.001934236,0.0012894907,1,0,0,1,1
38504,-1,0,1.3641138,0.7964275,1,1,unassigned,17.0,17.0,0.0,1.0,0.0,0.0,0.029013539,0.0,0,0,0,1,0
38505,-1,1,3.337542,0.96569455,1,1,unassigned,2.0,2.0,0.0,1.0,0.0,0.0,0.0,0.0,1,0,0,1,1
38506,-1,1,2.3949666,0.9164427,1,1,unassigned,11.0,11.0,0.0,1.0,0.0,0.0,0.017408123,0.0,1,0,0,1,1
38507,-1,0,-0.5879989,0.3570941,0,1,unassigned,2.0,2.0,0.0,1.0,0.0,0.0,0.0,0.0,0,0,0,0,0
38508,-1,0,2.5119216,0.9249733,1,1,unassigned,8.0,8.0,0.0,1.0,0.0,0.0,0.0116054155,0.0,0,0,0,1,1
38509,-1,0,-0.34809935,0.4138434,0,1,unassigned,31.0,31.0,0.0,1.0,0.0,0.0,0.056092843,0.0,0,0,0,0,0
38510,-1,0,-1.029439,0.2631929,0,1,unassigned,2.0,2.0,0.0,1.0,0.0,0.0,0.0,0.0,0,0,0,0,0
38511,-1,0,12.702007,0.9999969,1,1,unassigned,4.0,4.0,0.0,1.0,0.0,0.0,0.003868472,0.0,0,0,0,1,1
38512,-1,1,2.3084877,0.90957755,1,1,unassigned,8.0,7.0,1.0,0.875,0.125,0.125,0.0116054155,0.0014506769,1,0,0,1,1
38513,-1,0,-0.94685376,0.279518,0,1,unassigned,2.0,2.0,0.0,1.0,0.0,0.0,0.0,0.0,0,0,0,0,0
38514,-1,0,-0.19513506,0.45137045,0,1,unassigned,2.0,2.0,0.0,1.0,0.0,0.0,0.0,0.0,0,0,0,0,0
38515,-1,0,-0.4240477,0.3955486,0,1,unassigned,11.0,10.0,1.0,0.90909094,0.09090909,0.090909064,0.017408123,0.0015825568,0,0,0,0,0
38516,-1,0,2.226381,0.9025937,1,1,unassigned,4.0,4.0,0.0,1.0,0.0,0.0,0.003868472,0.0,0,0,0,1,1
38517,-1,1,6.0884833,0.99773633,1,1,unassigned,21.0,11.0,10.0,0.52380955,0.47619048,0.47619045,0.036750484,0.017500231,1,0,0,1,1
38518,-1,0,-0.050611436,0.4873498,0,1,unassigned,5.0,5.0,0.0,1.0,0.0,0.0,0.0058027077,0.0,0,0,0,0,0
38519,-1,0,2.9309547,0.94935566,1,1,unassigned,5.0,5.0,0.0,1.0,0.0,0.0,0.0058027077,0.0,0,0,0,1,1
38520,-1,0,-0.19537237,0.45131168,0,1,unassigned,3.0,3.0,0.0,1.0,0.0,0.0,0.001934236,0.0,0,0,0,0,0
38521,-1,0,-0.44424975,0.3907288,0,1,unassigned,16.0,16.0,0.0,1.0,0.0,0.0,0.027079303,0.0,0,0,0,0,0
38522,-1,1,5.3297324,0.995178,1,1,unassigned,20.0,18.0,2.0,0.9,0.1,0.100000024,0.034816246,0.0034816246,1,0,0,1,1
38523,-1,1,7.4695163,0.9994301,1,1,unassigned,10.0,5.0,5.0,0.5,0.5,0.5,0.015473888,0.007736944,1,0,0,1,1
38524,-1,0,0.073476255,0.5183608,1,1,unassigned,2.0,2.0,0.0,1.0,0.0,0.0,0.0,0.0,0,0,0,1,0
38525,-1,0,6.101395,0.9977653,1,1,unassigned,14.0,14.0,0.0,1.0,0.0,0.0,0.023210831,0.0,0,0,0,1,1
38526,-1,0,8.032965,0.9996755,1,1,unassigned,4.0,4.0,0.0,1.0,0.0,0.0,0.003868472,0.0,0,0,0,1,1
38527,-1,1,5.9763026,0.99746823,1,1,unassigned,11.0,10.0,1.0,0.90909094,0.09090909,0.090909064,0.017408123,0.0015825568,1,0,0,1,1
38528,-1,0,0.1413613,0.5352816,1,1,unassigned,3.0,3.0,0.0,1.0,0.0,0.0,0.001934236,0.0,0,0,0,1,0
38529,-1,0,0.1278674,0.53192335,1,1,unassigned,23.0,21.0,2.0,0.9130435,0.08695652,0.0869565,0.040618956,0.0035320832,0,0,0,1,0
38530,-1,0,12.207518,0.999995,1,1,unassigned,7.0,5.0,2.0,0.71428573,0.2857143,0.28571427,0.00967118,0.0027631943,0,0,0,1,1
38531,-1,0,1.6365952,0.8370711,1,1,unassigned,21.0,20.0,1.0,0.95238096,0.04761905,0.047619045,0.036750484,0.0017500231,0,0,0,1,0
38532,-1,1,8.489166,0.9997944,1,1,unassigned,4.0,4.0,0.0,1.0,0.0,0.0,0.003868472,0.0,1,0,0,1,1
38533,-1,0,-0.55340636,0.36507446,0,1,unassigned,86.0,84.0,2.0,0.9767442,0.023255814,0.023255825,0.16247582,0.0037785075,0,0,0,0,0
38534,-1,0,1.6675355,0.841247,1,1,unassigned,4.0,3.0,1.0,0.75,0.25,0.25,0.003868472,0.000967118,0,0,0,1,0
38535,-1,1,-0.73186874,0.3247848,0,1,unassigned,85.0,80.0,5.0,0.9411765,0.05882353,0.058823526,0.16054158,0.009443622,1,0,0,0,0
38536,0,1,-0.8054518,0.30886054,0,0,train,28.0,28.0,0.0,1.0,0.0,0.0,0.050290134,0.0,1,0,1,0,0
38537,-1,0,2.279643,0.90717703,1,1,unassigned,2.0,2.0,0.0,1.0,0.0,0.0,0.0,0.0,0,0,0,1,1
38538,1,0,5.5624747,0.9961754,1,0,val,5.0,3.0,2.0,0.6,0.4,0.39999998,0.0058027077,0.002321083,0,0,1,1,1
38539,-1,0,4.260653,0.9860833,1,1,unassigned,3.0,3.0,0.0,1.0,0.0,0.0,0.001934236,0.0,0,0,0,1,1
38540,-1,1,-0.72414356,0.3264812,0,1,unassigned,3.0,3.0,0.0,1.0,0.0,0.0,0.001934236,0.0,1,0,0,0,0
38541,-1,0,1.8465312,0.86371934,1,1,unassigned,2.0,2.0,0.0,1.0,0.0,0.0,0.0,0.0,0,0,0,1,0
38542,-1,0,-1.0399978,0.26115042,0,1,unassigned,11.0,10.0,1.0,0.90909094,0.09090909,0.090909064,0.017408123,0.0015825568,0,0,0,0,0
38543,-1,1,4.13594,0.98426396,1,1,unassigned,4.0,4.0,0.0,1.0,0.0,0.0,0.003868472,0.0,1,0,0,1,1
38544,-1,1,3.7181876,0.9762975,1,1,unassigned,7.0,7.0,0.0,1.0,0.0,0.0,0.00967118,0.0,1,0,0,1,1
38545,-1,1,2.6444201,0.9336662,1,1,unassigned,3.0,3.0,0.0,1.0,0.0,0.0,0.001934236,0.0,1,0,0,1,1
38546,-1,0,-0.34203193,0.415316,0,1,unassigned,23.0,23.0,0.0,1.0,0.0,0.0,0.040618956,0.0,0,0,0,0,0
38547,1,0,0.72238165,0.6731313,1,0,unassigned,17.0,17.0,0.0,1.0,0.0,0.0,0.029013539,0.0,0,0,1,1,0
38548,-1,0,6.950682,0.9990429,1,1,unassigned,4.0,3.0,1.0,0.75,0.25,0.25,0.003868472,0.000967118,0,0,0,1,1
38549,-1,0,5.712483,0.9967064,1,1,unassigned,45.0,42.0,3.0,0.93333334,0.06666667,0.06666666,0.08317215,0.00554481,0,0,0,1,1
38550,-1,0,1.898926,0.8697699,1,1,unassigned,20.0,20.0,0.0,1.0,0.0,0.0,0.034816246,0.0,0,0,0,1,0
38551,-1,1,3.8007815,0.97813547,1,1,unassigned,4.0,4.0,0.0,1.0,0.0,0.0,0.003868472,0.0,1,0,0,1,1
38552,-1,0,-1.4788289,0.18560438,0,1,unassigned,2.0,2.0,0.0,1.0,0.0,0.0,0.0,0.0,0,0,0,0,0
38553,0,0,-0.40520728,0.40006188,0,0,val,16.0,16.0,0.0,1.0,0.0,0.0,0.027079303,0.0,0,0,1,0,0
38554,-1,0,2.4377706,0.91966254,1,1,unassigned,14.0,14.0,0.0,1.0,0.0,0.0,0.023210831,0.0,0,0,0,1,1
38555,-1,1,0.53939563,0.6316718,1,1,unassigned,24.0,23.0,1.0,0.9583333,0.041666668,0.041666687,0.04255319,0.0017730496,1,0,0,1,0
38556,1,0,1.6169932,0.83438003,1,0,unassigned,2.0,2.0,0.0,1.0,0.0,0.0,0.0,0.0,0,0,1,1,0
38557,-1,1,0.54249245,0.632392,1,1,unassigned,51.0,47.0,4.0,0.92156863,0.078431375,0.07843137,0.09477756,0.0074335346,1,0,0,1,0
38558,-1,0,-0.31144917,0.42276105,0,1,unassigned,7.0,5.0,2.0,0.71428573,0.2857143,0.28571427,0.00967118,0.0027631943,0,0,0,0,0
38559,-1,1,-0.5968677,0.35506064,0,1,unassigned,35.0,34.0,1.0,0.9714286,0.028571429,0.028571427,0.06382979,0.0018237082,1,0,0,0,0
38560,-1,0,3.9504287,0.98111695,1,1,unassigned,2.0,2.0,0.0,1.0,0.0,0.0,0.0,0.0,0,0,0,1,1
38561,-1,0,2.6094291,0.9314659,1,1,unassigned,2.0,1.0,1.0,0.5,0.5,0.5,0.0,0.0,0,0,0,1,1
38562,-1,1,-0.7737517,0.31566808,0,1,unassigned,5.0,5.0,0.0,1.0,0.0,0.0,0.0058027077,0.0,1,0,0,0,0
38563,-1,0,-0.24918765,0.43802345,0,1,unassigned,13.0,13.0,0.0,1.0,0.0,0.0,0.021276595,0.0,0,0,0,0,0
38564,-1,1,-0.1881797,0.45309344,0,1,unassigned,43.0,29.0,14.0,0.6744186,0.3255814,0.32558137,0.079303674,0.0258198,1,0,0,0,0
38565,-1,0,-0.5538882,0.3649628,0,1,unassigned,28.0,27.0,1.0,0.96428573,0.035714287,0.03571427,0.050290134,0.0017960763,0,0,0,0,0
38566,-1,0,-0.70098764,0.3315933,0,1,unassigned,42.0,42.0,0.0,1.0,0.0,0.0,0.07736944,0.0,0,0,0,0,0
38567,0,0,-0.51372266,0.37432125,0,0,test,52.0,51.0,1.0,0.9807692,0.01923077,0.019230783,0.0967118,0.0018598423,0,0,1,0,0
38568,-1,0,-0.34341335,0.41498056,0,1,unassigned,11.0,11.0,0.0,1.0,0.0,0.0,0.017408123,0.0,0,0,0,0,0
38569,-1,0,-0.5381741,0.36861247,0,1,unassigned,42.0,42.0,0.0,1.0,0.0,0.0,0.07736944,0.0,0,0,0,0,0
38570,0,0,-0.5396671,0.36826503,0,0,test,29.0,29.0,0.0,1.0,0.0,0.0,0.05222437,0.0,0,0,1,0,0
38571,-1,1,-0.36586958,0.40953946,0,1,unassigned,2.0,2.0,0.0,1.0,0.0,0.0,0.0,0.0,1,0,0,0,0
38572,-1,0,-0.6682763,0.33888295,0,1,unassigned,4.0,4.0,0.0,1.0,0.0,0.0,0.003868472,0.0,0,0,0,0,0
38573,1,0,7.442367,0.99941444,1,0,val,3.0,3.0,0.0,1.0,0.0,0.0,0.001934236,0.0,0,0,1,1,1
38574,-1,1,-0.39155746,0.40334246,0,1,unassigned,6.0,5.0,1.0,0.8333333,0.16666667,0.16666669,0.007736944,0.0012894907,1,0,0,0,0
38575,-1,1,1.6845303,0.8435034,1,1,unassigned,8.0,8.0,0.0,1.0,0.0,0.0,0.0116054155,0.0,1,0,0,1,0
38576,-1,0,8.63533,0.9998223,1,1,unassigned,13.0,11.0,2.0,0.84615386,0.15384616,0.15384614,0.021276595,0.0032733225,0,0,0,1,1
38577,-1,1,2.7917354,0.9422276,1,1,unassigned,3.0,3.0,0.0,1.0,0.0,0.0,0.001934236,0.0,1,0,0,1,1
38578,-1,1,1.194319,0.7675127,1,1,unassigned,15.0,7.0,8.0,0.46666667,0.53333336,0.5333333,0.025145067,0.013410703,1,0,0,1,0
38579,-1,1,4.493875,0.98894626,1,1,unassigned,8.0,8.0,0.0,1.0,0.0,0.0,0.0116054155,0.0,1,0,0,1,1
38580,-1,0,-0.81589544,0.30663565,0,1,unassigned,10.0,9.0,1.0,0.9,0.1,0.100000024,0.015473888,0.0015473888,0,0,0,0,0
38581,-1,0,-0.1578516,0.46061885,0,1,unassigned,4.0,4.0,0.0,1.0,0.0,0.0,0.003868472,0.0,0,0,0,0,0
38582,-1,0,11.857176,0.99999297,1,1,unassigned,4.0,4.0,0.0,1.0,0.0,0.0,0.003868472,0.0,0,0,0,1,1
38583,-1,0,5.930492,0.99734986,1,1,unassigned,3.0,2.0,1.0,0.6666667,0.33333334,0.3333333,0.001934236,0.00064474536,0,0,0,1,1
38584,-1,1,1.9531586,0.8757906,1,1,unassigned,2.0,1.0,1.0,0.5,0.5,0.5,0.0,0.0,1,0,0,1,0
38585,-1,0,0.25010508,0.5622024,1,1,unassigned,2.0,2.0,0.0,1.0,0.0,0.0,0.0,0.0,0,0,0,1,0
38586,-1,0,3.9714987,0.98150337,1,1,unassigned,9.0,9.0,0.0,1.0,0.0,0.0,0.013539651,0.0,0,0,0,1,1
38587,0,1,0.2737252,0.5680072,1,1,unassigned,22.0,21.0,1.0,0.95454544,0.045454547,0.04545456,0.03868472,0.0017583964,1,0,0,1,0
38588,-1,1,-0.63614196,0.34611917,0,1,unassigned,43.0,39.0,4.0,0.90697676,0.093023255,0.09302324,0.079303674,0.0073770857,1,0,0,0,0
38589,-1,0,4.426986,0.98819065,1,1,unassigned,3.0,3.0,0.0,1.0,0.0,0.0,0.001934236,0.0,0,0,0,1,1
38590,-1,0,1.8376412,0.8626695,1,1,unassigned,2.0,2.0,0.0,1.0,0.0,0.0,0.0,0.0,0,0,0,1,0
38591,-1,0,3.8325593,0.9788048,1,1,unassigned,15.0,14.0,1.0,0.93333334,0.06666667,0.06666666,0.025145067,0.0016763379,0,0,0,1,1
38592,-1,1,-0.87753034,0.29368982,0,1,unassigned,54.0,52.0,2.0,0.962963,0.037037037,0.037037015,0.10058027,0.003725195,1,0,0,0,0
38593,-1,0,0.087993324,0.52198416,1,1,unassigned,18.0,18.0,0.0,1.0,0.0,0.0,0.030947777,0.0,0,0,0,1,0
38594,-1,1,-0.9536177,0.27815786,0,1,unassigned,30.0,28.0,2.0,0.93333334,0.06666667,0.06666666,0.054158606,0.003610574,1,0,0,0,0
38595,-1,0,-0.792028,0.3117334,0,1,unassigned,8.0,8.0,0.0,1.0,0.0,0.0,0.0116054155,0.0,0,0,0,0,0
38596,-1,0,-0.15418786,0.46152925,0,1,unassigned,24.0,22.0,2.0,0.9166667,0.083333336,0.08333331,0.04255319,0.0035460992,0,0,0,0,0
38597,-1,1,5.0498214,0.99363035,1,1,unassigned,3.0,3.0,0.0,1.0,0.0,0.0,0.001934236,0.0,1,0,0,1,1
38598,1,1,2.578637,0.929474,1,0,unassigned,2.0,2.0,0.0,1.0,0.0,0.0,0.0,0.0,1,0,1,1,1
38599,-1,0,-0.22041821,0.44511747,0,1,unassigned,2.0,2.0,0.0,1.0,0.0,0.0,0.0,0.0,0,0,0,0,0
38600,-1,0,6.584389,0.99862015,1,1,unassigned,12.0,12.0,0.0,1.0,0.0,0.0,0.01934236,0.0,0,0,0,1,1
38601,-1,0,-0.31638235,0.42155766,0,1,unassigned,3.0,3.0,0.0,1.0,0.0,0.0,0.001934236,0.0,0,0,0,0,0
38602,-1,1,6.8889203,0.998982,1,1,unassigned,3.0,3.0,0.0,1.0,0.0,0.0,0.001934236,0.0,1,0,0,1,1
38603,-1,0,1.8665628,0.86606014,1,1,unassigned,2.0,2.0,0.0,1.0,0.0,0.0,0.0,0.0,0,0,0,1,0
38604,-1,0,2.5751598,0.92924577,1,1,unassigned,2.0,2.0,0.0,1.0,0.0,0.0,0.0,0.0,0,0,0,1,1
38605,-1,0,2.4008796,0.9168944,1,1,unassigned,26.0,7.0,19.0,0.26923078,0.7307692,0.7307692,0.046421662,0.03392352,0,0,0,1,1
38606,-1,0,2.6505,0.9340418,1,1,unassigned,2.0,2.0,0.0,1.0,0.0,0.0,0.0,0.0,0,0,0,1,1
38607,-1,0,-0.94165504,0.28056616,0,1,unassigned,17.0,16.0,1.0,0.9411765,0.05882353,0.058823526,0.029013539,0.0017066788,0,0,0,0,0
38608,0,1,-0.22740471,0.44339257,0,0,val,7.0,5.0,2.0,0.71428573,0.2857143,0.28571427,0.00967118,0.0027631943,1,0,1,0,0
38609,-1,0,1.4448636,0.80920666,1,1,unassigned,2.0,2.0,0.0,1.0,0.0,0.0,0.0,0.0,0,0,0,1,0
38610,-1,1,4.499652,0.9890093,1,1,unassigned,5.0,4.0,1.0,0.8,0.2,0.19999999,0.0058027077,0.0011605415,1,0,0,1,1
38611,-1,0,0.06747782,0.51686305,1,1,unassigned,3.0,3.0,0.0,1.0,0.0,0.0,0.001934236,0.0,0,0,0,1,0
38612,-1,0,-0.5014839,0.377192,0,1,unassigned,18.0,18.0,0.0,1.0,0.0,0.0,0.030947777,0.0,0,0,0,0,0
38613,-1,0,-0.06111878,0.48472506,0,1,unassigned,2.0,2.0,0.0,1.0,0.0,0.0,0.0,0.0,0,0,0,0,0
38614,-1,1,2.8911874,0.94740903,1,1,unassigned,4.0,4.0,0.0,1.0,0.0,0.0,0.003868472,0.0,1,0,0,1,1
38615,0,0,0.15265328,0.5380894,1,1,test,2.0,1.0,1.0,0.5,0.5,0.5,0.0,0.0,0,0,0,1,0
38616,-1,1,-0.36067212,0.41079685,0,1,unassigned,7.0,7.0,0.0,1.0,0.0,0.0,0.00967118,0.0,1,0,0,0,0
38617,-1,1,2.03709,0.8846366,1,1,unassigned,10.0,10.0,0.0,1.0,0.0,0.0,0.015473888,0.0,1,0,0,1,0
38618,-1,1,0.47107846,0.615639,1,1,unassigned,11.0,10.0,1.0,0.90909094,0.09090909,0.090909064,0.017408123,0.0015825568,1,0,0,1,0
38619,-1,1,2.675629,0.93557316,1,1,unassigned,6.0,5.0,1.0,0.8333333,0.16666667,0.16666669,0.007736944,0.0012894907,1,0,0,1,1
38620,-1,0,-0.4058783,0.39990085,0,1,unassigned,51.0,49.0,2.0,0.9607843,0.039215688,0.039215684,0.09477756,0.0037167673,0,0,0,0,0
38621,-1,0,3.7241728,0.9764356,1,1,unassigned,3.0,3.0,0.0,1.0,0.0,0.0,0.001934236,0.0,0,0,0,1,1
38622,-1,1,2.9965417,0.9524177,1,1,unassigned,6.0,5.0,1.0,0.8333333,0.16666667,0.16666669,0.007736944,0.0012894907,1,0,0,1,1
38623,-1,0,-0.662259,0.34023234,0,1,unassigned,146.0,146.0,0.0,1.0,0.0,0.0,0.27852997,0.0,0,0,0,0,0
38624,-1,1,-0.260087,0.43534234,0,1,unassigned,13.0,13.0,0.0,1.0,0.0,0.0,0.021276595,0.0,1,0,0,0,0
38625,-1,0,4.5704646,0.989753,1,1,unassigned,18.0,16.0,2.0,0.8888889,0.11111111,0.111111104,0.030947777,0.0034386418,0,0,0,1,1
38626,-1,0,-0.543555,0.36736098,0,1,unassigned,6.0,6.0,0.0,1.0,0.0,0.0,0.007736944,0.0,0,0,0,0,0
38627,-1,0,6.300901,0.9981687,1,1,unassigned,3.0,1.0,2.0,0.33333334,0.6666667,0.6666666,0.001934236,0.0012894907,0,0,0,1,1
38628,1,0,-0.47498918,0.38343602,0,1,val,11.0,11.0,0.0,1.0,0.0,0.0,0.017408123,0.0,0,0,0,0,0
38629,-1,1,2.7480443,0.93980277,1,1,unassigned,6.0,6.0,0.0,1.0,0.0,0.0,0.007736944,0.0,1,0,0,1,1
38630,-1,0,1.2453403,0.7764922,1,1,unassigned,5.0,4.0,1.0,0.8,0.2,0.19999999,0.0058027077,0.0011605415,0,0,0,1,0
38631,-1,1,2.7245743,0.9384612,1,1,unassigned,6.0,5.0,1.0,0.8333333,0.16666667,0.16666669,0.007736944,0.0012894907,1,0,0,1,1
38632,1,0,9.55189,0.99992895,1,0,test,2.0,2.0,0.0,1.0,0.0,0.0,0.0,0.0,0,0,1,1,1
38633,-1,1,-0.94744295,0.27939937,0,1,unassigned,2.0,2.0,0.0,1.0,0.0,0.0,0.0,0.0,1,0,0,0,0
38634,-1,1,-0.0937261,0.4765856,0,1,unassigned,20.0,20.0,0.0,1.0,0.0,0.0,0.034816246,0.0,1,0,0,0,0
38635,-1,1,-0.84992605,0.29944837,0,1,unassigned,35.0,34.0,1.0,0.9714286,0.028571429,0.028571427,0.06382979,0.0018237082,1,0,0,0,0
38636,-1,0,-0.76625043,0.31729075,0,1,unassigned,13.0,13.0,0.0,1.0,0.0,0.0,0.021276595,0.0,0,0,0,0,0
38637,-1,0,3.4828045,0.97019446,1,1,unassigned,8.0,8.0,0.0,1.0,0.0,0.0,0.0116054155,0.0,0,0,0,1,1
38638,-1,1,3.7384417,0.9767617,1,1,unassigned,20.0,19.0,1.0,0.95,0.05,0.050000012,0.034816246,0.0017408123,1,0,0,1,1
38639,-1,0,-0.27145308,0.43255043,0,1,unassigned,36.0,36.0,0.0,1.0,0.0,0.0,0.065764025,0.0,0,0,0,0,0
38640,-1,0,-0.5218265,0.37242523,0,1,unassigned,58.0,58.0,0.0,1.0,0.0,0.0,0.10831721,0.0,0,0,0,0,0
38641,-1,0,-0.6596726,0.34081316,0,1,unassigned,34.0,34.0,0.0,1.0,0.0,0.0,0.061895553,0.0,0,0,0,0,0
38642,-1,0,-0.33663052,0.41662815,0,1,unassigned,54.0,54.0,0.0,1.0,0.0,0.0,0.10058027,0.0,0,0,0,0,0
38643,-1,1,-1.1123111,0.2474403,0,1,unassigned,4.0,4.0,0.0,1.0,0.0,0.0,0.003868472,0.0,1,0,0,0,0
38644,-1,0,-0.6187198,0.35007268,0,1,unassigned,2.0,2.0,0.0,1.0,0.0,0.0,0.0,0.0,0,0,0,0,0
38645,-1,0,-0.45934364,0.38714156,0,1,unassigned,43.0,43.0,0.0,1.0,0.0,0.0,0.079303674,0.0,0,0,0,0,0
38646,-1,0,2.160565,0.8966519,1,1,unassigned,5.0,5.0,0.0,1.0,0.0,0.0,0.0058027077,0.0,0,0,0,1,0
38647,-1,0,-0.6432883,0.34450358,0,1,unassigned,10.0,10.0,0.0,1.0,0.0,0.0,0.015473888,0.0,0,0,0,0,0
38648,0,0,-0.53089756,0.37030753,0,0,test,4.0,4.0,0.0,1.0,0.0,0.0,0.003868472,0.0,0,0,1,0,0
38649,-1,1,-0.031261206,0.49218532,0,1,unassigned,5.0,3.0,2.0,0.6,0.4,0.39999998,0.0058027077,0.002321083,1,0,0,0,0
38650,-1,0,-0.21000665,0.4476904,0,1,unassigned,25.0,25.0,0.0,1.0,0.0,0.0,0.044487428,0.0,0,0,0,0,0
38651,-1,0,-0.92491347,0.2839578,0,1,unassigned,15.0,15.0,0.0,1.0,0.0,0.0,0.025145067,0.0,0,0,0,0,0
38652,-1,0,5.0763707,0.9937962,1,1,unassigned,6.0,4.0,2.0,0.6666667,0.33333334,0.3333333,0.007736944,0.0025789815,0,0,0,1,1
38653,-1,1,-0.37549824,0.40721312,0,1,unassigned,4.0,4.0,0.0,1.0,0.0,0.0,0.003868472,0.0,1,0,0,0,0
38654,1,1,-0.23015398,0.44271415,0,1,unassigned,29.0,28.0,1.0,0.9655172,0.03448276,0.034482777,0.05222437,0.0018008404,1,0,0,0,0
38655,-1,1,7.8437924,0.999608,1,1,unassigned,2.0,2.0,0.0,1.0,0.0,0.0,0.0,0.0,1,0,0,1,1
38656,-1,0,-0.21066111,0.44752866,0,1,unassigned,15.0,14.0,1.0,0.93333334,0.06666667,0.06666666,0.025145067,0.0016763379,0,0,0,0,0
38657,-1,0,0.048940897,0.5122328,1,1,unassigned,36.0,36.0,0.0,1.0,0.0,0.0,0.065764025,0.0,0,0,0,1,0
38658,-1,0,-0.7252647,0.3262347,0,1,unassigned,26.0,26.0,0.0,1.0,0.0,0.0,0.046421662,0.0,0,0,0,0,0
38659,-1,1,0.2543279,0.5632414,1,1,unassigned,9.0,9.0,0.0,1.0,0.0,0.0,0.013539651,0.0,1,0,0,1,0
38660,-1,0,0.16883844,0.5421096,1,1,unassigned,17.0,17.0,0.0,1.0,0.0,0.0,0.029013539,0.0,0,0,0,1,0
38661,-1,0,3.7680266,0.97742385,1,1,unassigned,16.0,15.0,1.0,0.9375,0.0625,0.0625,0.027079303,0.0016924564,0,0,0,1,1
38662,-1,0,5.805968,0.9969995,1,1,unassigned,35.0,34.0,1.0,0.9714286,0.028571429,0.028571427,0.06382979,0.0018237082,0,0,0,1,1
38663,-1,0,1.3113687,0.7877421,1,1,unassigned,26.0,21.0,5.0,0.8076923,0.1923077,0.19230771,0.046421662,0.008927243,0,0,0,1,0
38664,-1,0,1.3171768,0.7887116,1,1,unassigned,16.0,16.0,0.0,1.0,0.0,0.0,0.027079303,0.0,0,0,0,1,0
38665,-1,0,6.9552383,0.9990472,1,1,unassigned,12.0,10.0,2.0,0.8333333,0.16666667,0.16666669,0.01934236,0.0032237265,0,0,0,1,1
38666,-1,0,1.7385147,0.8504983,1,1,unassigned,15.0,15.0,0.0,1.0,0.0,0.0,0.025145067,0.0,0,0,0,1,0
38667,-1,1,-0.2677131,0.43346864,0,1,unassigned,5.0,5.0,0.0,1.0,0.0,0.0,0.0058027077,0.0,1,0,0,0,0
38668,-1,0,2.4140213,0.91789025,1,1,unassigned,4.0,3.0,1.0,0.75,0.25,0.25,0.003868472,0.000967118,0,0,0,1,1
38669,-1,1,-0.38594195,0.4046946,0,1,unassigned,111.0,101.0,10.0,0.9099099,0.09009009,0.090090096,0.21083172,0.018993849,1,0,0,0,0
38670,0,0,-0.18997553,0.45264846,0,0,val,9.0,9.0,0.0,1.0,0.0,0.0,0.013539651,0.0,0,0,1,0,0
38671,-1,1,1.5921371,0.8309166,1,1,unassigned,5.0,5.0,0.0,1.0,0.0,0.0,0.0058027077,0.0,1,0,0,1,0
38672,-1,1,1.0197165,0.73491734,1,1,unassigned,34.0,34.0,0.0,1.0,0.0,0.0,0.061895553,0.0,1,0,0,1,0
38673,-1,0,-0.17592719,0.45613128,0,1,unassigned,8.0,8.0,0.0,1.0,0.0,0.0,0.0116054155,0.0,0,0,0,0,0
38674,-1,0,2.4405568,0.9198682,1,1,unassigned,2.0,2.0,0.0,1.0,0.0,0.0,0.0,0.0,0,0,0,1,1
38675,-1,0,3.3807933,0.9670989,1,1,unassigned,6.0,6.0,0.0,1.0,0.0,0.0,0.007736944,0.0,0,0,0,1,1
38676,-1,1,-0.39887106,0.4015836,0,1,unassigned,39.0,38.0,1.0,0.974359,0.025641026,0.025641024,0.07156673,0.0018350444,1,0,0,0,0
38677,-1,1,4.9990315,0.9933007,1,1,unassigned,10.0,4.0,6.0,0.4,0.6,0.6,0.015473888,0.009284333,1,0,0,1,1
38678,1,0,1.2465794,0.7767071,1,0,unassigned,5.0,4.0,1.0,0.8,0.2,0.19999999,0.0058027077,0.0011605415,0,0,1,1,0
38679,-1,0,1.6507862,0.8389973,1,1,unassigned,17.0,17.0,0.0,1.0,0.0,0.0,0.029013539,0.0,0,0,0,1,0
38680,-1,0,2.2342846,0.90328634,1,1,unassigned,24.0,22.0,2.0,0.9166667,0.083333336,0.08333331,0.04255319,0.0035460992,0,0,0,1,1
38681,-1,0,6.453885,0.9984281,1,1,unassigned,21.0,18.0,3.0,0.85714287,0.14285715,0.14285713,0.036750484,0.0052500693,0,0,0,1,1
38682,-1,0,-0.8466919,0.30012727,0,1,unassigned,4.0,3.0,1.0,0.75,0.25,0.25,0.003868472,0.000967118,0,0,0,0,0
38683,1,0,3.1850102,0.9602663,1,0,unassigned,11.0,11.0,0.0,1.0,0.0,0.0,0.017408123,0.0,0,0,1,1,1
38684,-1,0,-0.96176386,0.27652517,0,1,unassigned,3.0,3.0,0.0,1.0,0.0,0.0,0.001934236,0.0,0,0,0,0,0
38685,-1,0,-0.11402142,0.4715255,0,1,unassigned,16.0,16.0,0.0,1.0,0.0,0.0,0.027079303,0.0,0,0,0,0,0
38686,1,0,2.213048,0.9014151,1,0,unassigned,2.0,2.0,0.0,1.0,0.0,0.0,0.0,0.0,0,0,1,1,1
38687,-1,0,-0.5267523,0.37127468,0,1,unassigned,3.0,3.0,0.0,1.0,0.0,0.0,0.001934236,0.0,0,0,0,0,0
38688,0,0,-0.7259993,0.32607326,0,0,unassigned,14.0,14.0,0.0,1.0,0.0,0.0,0.023210831,0.0,0,0,1,0,0
38689,0,0,-0.4212206,0.3962247,0,0,test,5.0,5.0,0.0,1.0,0.0,0.0,0.0058027077,0.0,0,0,1,0,0
38690,-1,0,-0.74198914,0.3225693,0,1,unassigned,28.0,28.0,0.0,1.0,0.0,0.0,0.050290134,0.0,0,0,0,0,0
38691,-1,0,-0.65830386,0.34112072,0,1,unassigned,52.0,51.0,1.0,0.9807692,0.01923077,0.019230783,0.0967118,0.0018598423,0,0,0,0,0
38692,-1,0,-0.50521314,0.37631637,0,1,unassigned,62.0,61.0,1.0,0.983871,0.016129032,0.016129017,0.116054155,0.0018718411,0,0,0,0,0
38693,-1,0,1.1564708,0.76069087,1,1,unassigned,3.0,3.0,0.0,1.0,0.0,0.0,0.001934236,0.0,0,0,0,1,0
38694,-1,0,2.2764947,0.90691155,1,1,unassigned,2.0,2.0,0.0,1.0,0.0,0.0,0.0,0.0,0,0,0,1,1
38695,1,0,1.5876186,0.8302808,1,0,val,14.0,14.0,0.0,1.0,0.0,0.0,0.023210831,0.0,0,0,1,1,0
38696,-1,0,9.006725,0.99987745,1,1,unassigned,2.0,2.0,0.0,1.0,0.0,0.0,0.0,0.0,0,0,0,1,1
38697,-1,1,-0.34434527,0.41475433,0,1,unassigned,7.0,7.0,0.0,1.0,0.0,0.0,0.00967118,0.0,1,0,0,0,0
38698,-1,1,-0.25082028,0.43762162,0,1,unassigned,21.0,21.0,0.0,1.0,0.0,0.0,0.036750484,0.0,1,0,0,0,0
38699,-1,0,1.1707449,0.7632796,1,1,unassigned,11.0,10.0,1.0,0.90909094,0.09090909,0.090909064,0.017408123,0.0015825568,0,0,0,1,0
38700,-1,0,1.6826737,0.8432582,1,1,unassigned,17.0,17.0,0.0,1.0,0.0,0.0,0.029013539,0.0,0,0,0,1,0
38701,-1,0,-0.30985975,0.42314896,0,1,unassigned,3.0,1.0,2.0,0.33333334,0.6666667,0.6666666,0.001934236,0.0012894907,0,0,0,0,0
38702,-1,1,2.0157645,0.88244236,1,1,unassigned,20.0,19.0,1.0,0.95,0.05,0.050000012,0.034816246,0.0017408123,1,0,0,1,0
38703,-1,0,0.14520317,0.5362372,1,1,unassigned,11.0,10.0,1.0,0.90909094,0.09090909,0.090909064,0.017408123,0.0015825568,0,0,0,1,0
38704,-1,0,-0.49023682,0.37983778,0,1,unassigned,19.0,19.0,0.0,1.0,0.0,0.0,0.032882012,0.0,0,0,0,0,0
38705,-1,0,1.3800795,0.7990038,1,1,unassigned,3.0,3.0,0.0,1.0,0.0,0.0,0.001934236,0.0,0,0,0,1,0
38706,-1,1,1.1351192,0.75678235,1,1,unassigned,5.0,5.0,0.0,1.0,0.0,0.0,0.0058027077,0.0,1,0,0,1,0
38707,-1,0,4.7818785,0.9916893,1,1,unassigned,9.0,7.0,2.0,0.7777778,0.22222222,0.22222221,0.013539651,0.0030088115,0,0,0,1,1
38708,-1,0,0.75207335,0.6796303,1,1,unassigned,8.0,8.0,0.0,1.0,0.0,0.0,0.0116054155,0.0,0,0,0,1,0
38709,-1,0,1.3336422,0.79144245,1,1,unassigned,3.0,3.0,0.0,1.0,0.0,0.0,0.001934236,0.0,0,0,0,1,0
38710,-1,1,1.4027436,0.80261886,1,1,unassigned,9.0,9.0,0.0,1.0,0.0,0.0,0.013539651,0.0,1,0,0,1,0
38711,-1,0,-0.37618354,0.40704772,0,1,unassigned,29.0,27.0,2.0,0.9310345,0.06896552,0.068965495,0.05222437,0.0036016807,0,0,0,0,0
38712,-1,1,-0.43501562,0.3929293,0,1,unassigned,18.0,18.0,0.0,1.0,0.0,0.0,0.030947777,0.0,1,0,0,0,0
38713,-1,0,0.3392291,0.58400327,1,1,unassigned,3.0,3.0,0.0,1.0,0.0,0.0,0.001934236,0.0,0,0,0,1,0
38714,-1,1,0.971006,0.7253199,1,1,unassigned,22.0,21.0,1.0,0.95454544,0.045454547,0.04545456,0.03868472,0.0017583964,1,0,0,1,0
38715,-1,0,1.280932,0.7826084,1,1,unassigned,4.0,4.0,0.0,1.0,0.0,0.0,0.003868472,0.0,0,0,0,1,0
38716,0,0,-0.6957355,0.3327584,0,0,unassigned,15.0,11.0,4.0,0.73333335,0.26666668,0.26666665,0.025145067,0.0067053516,0,0,1,0,0
38717,-1,1,0.14497787,0.5361811,1,1,unassigned,35.0,35.0,0.0,1.0,0.0,0.0,0.06382979,0.0,1,0,0,1,0
38718,-1,0,2.3080845,0.9095444,1,1,unassigned,4.0,4.0,0.0,1.0,0.0,0.0,0.003868472,0.0,0,0,0,1,1
38719,-1,0,4.3097587,0.98674136,1,1,unassigned,3.0,3.0,0.0,1.0,0.0,0.0,0.001934236,0.0,0,0,0,1,1
38720,-1,0,7.1043096,0.99917907,1,1,unassigned,12.0,12.0,0.0,1.0,0.0,0.0,0.01934236,0.0,0,0,0,1,1
38721,-1,0,-0.4341343,0.39313954,0,1,unassigned,3.0,3.0,0.0,1.0,0.0,0.0,0.001934236,0.0,0,0,0,0,0
38722,-1,0,3.3824174,0.9671505,1,1,unassigned,4.0,4.0,0.0,1.0,0.0,0.0,0.003868472,0.0,0,0,0,1,1
38723,0,0,-0.22357997,0.4443367,0,0,test,3.0,3.0,0.0,1.0,0.0,0.0,0.001934236,0.0,0,0,1,0,0
38724,0,1,0.29337114,0.5728212,1,1,unassigned,4.0,2.0,2.0,0.5,0.5,0.5,0.003868472,0.001934236,1,0,0,1,0
38725,-1,1,-0.25988045,0.4353931,0,1,unassigned,25.0,25.0,0.0,1.0,0.0,0.0,0.044487428,0.0,1,0,0,0,0
38726,0,0,-0.6161956,0.3506472,0,0,unassigned,6.0,6.0,0.0,1.0,0.0,0.0,0.007736944,0.0,0,0,1,0,0
38727,1,0,3.8297436,0.97874635,1,0,train,5.0,5.0,0.0,1.0,0.0,0.0,0.0058027077,0.0,0,0,1,1,1
38728,-1,0,4.78711,0.99173236,1,1,unassigned,4.0,4.0,0.0,1.0,0.0,0.0,0.003868472,0.0,0,0,0,1,1
38729,-1,1,2.4292905,0.9190337,1,1,unassigned,2.0,2.0,0.0,1.0,0.0,0.0,0.0,0.0,1,0,0,1,1
38730,-1,0,-0.03794056,0.49051598,0,1,unassigned,2.0,1.0,1.0,0.5,0.5,0.5,0.0,0.0,0,0,0,0,0
38731,-1,0,8.182052,0.9997204,1,1,unassigned,3.0,2.0,1.0,0.6666667,0.33333334,0.3333333,0.001934236,0.00064474536,0,0,0,1,1
38732,-1,0,-0.4231593,0.395761,0,1,unassigned,21.0,21.0,0.0,1.0,0.0,0.0,0.036750484,0.0,0,0,0,0,0
38733,-1,1,1.4283829,0.8066492,1,1,unassigned,4.0,3.0,1.0,0.75,0.25,0.25,0.003868472,0.000967118,1,0,0,1,0
38734,-1,0,-0.97146034,0.2745895,0,1,unassigned,2.0,2.0,0.0,1.0,0.0,0.0,0.0,0.0,0,0,0,0,0
38735,-1,0,3.4014308,0.96774924,1,1,unassigned,4.0,3.0,1.0,0.75,0.25,0.25,0.003868472,0.000967118,0,0,0,1,1
38736,-1,1,-0.020243108,0.4949394,0,1,unassigned,4.0,4.0,0.0,1.0,0.0,0.0,0.003868472,0.0,1,0,0,0,0
38737,-1,0,-0.5809616,0.35871133,0,1,unassigned,5.0,5.0,0.0,1.0,0.0,0.0,0.0058027077,0.0,0,0,0,0,0
38738,-1,1,7.739203,0.9995647,1,1,unassigned,16.0,14.0,2.0,0.875,0.125,0.125,0.027079303,0.0033849129,1,0,0,1,1
38739,-1,0,-0.21522424,0.44640067,0,1,unassigned,34.0,31.0,3.0,0.9117647,0.0882353,0.08823532,0.061895553,0.0054613724,0,0,0,0,0
38740,-1,0,4.396633,0.9878312,1,1,unassigned,8.0,7.0,1.0,0.875,0.125,0.125,0.0116054155,0.0014506769,0,0,0,1,1
38741,-1,0,-0.22601897,0.4437346,0,1,unassigned,13.0,13.0,0.0,1.0,0.0,0.0,0.021276595,0.0,0,0,0,0,0
38742,-1,0,3.6189177,0.9738884,1,1,unassigned,5.0,5.0,0.0,1.0,0.0,0.0,0.0058027077,0.0,0,0,0,1,1
38743,-1,0,0.3734699,0.5922972,1,1,unassigned,24.0,24.0,0.0,1.0,0.0,0.0,0.04255319,0.0,0,0,0,1,0
38744,1,1,0.7431455,0.6776833,1,0,val,2.0,2.0,0.0,1.0,0.0,0.0,0.0,0.0,1,0,1,1,0
38745,-1,0,1.7969761,0.85778046,1,1,unassigned,22.0,19.0,3.0,0.8636364,0.13636364,0.13636363,0.03868472,0.005275189,0,0,0,1,0
38746,-1,0,-0.25198126,0.4373359,0,1,unassigned,95.0,94.0,1.0,0.9894737,0.010526316,0.0105262995,0.17988394,0.0018935152,0,0,0,0,0
38747,-1,0,0.5520869,0.63461965,1,1,unassigned,31.0,31.0,0.0,1.0,0.0,0.0,0.056092843,0.0,0,0,0,1,0
38748,-1,1,2.17864,0.8983149,1,1,unassigned,45.0,44.0,1.0,0.9777778,0.022222223,0.02222222,0.08317215,0.0018482701,1,0,0,1,0
38749,-1,0,-0.70672786,0.33032227,0,1,unassigned,6.0,6.0,0.0,1.0,0.0,0.0,0.007736944,0.0,0,0,0,0,0
38750,-1,1,4.946035,0.9929387,1,1,unassigned,3.0,2.0,1.0,0.6666667,0.33333334,0.3333333,0.001934236,0.00064474536,1,0,0,1,1
38751,-1,0,-0.35338902,0.41256085,0,1,unassigned,2.0,2.0,0.0,1.0,0.0,0.0,0.0,0.0,0,0,0,0,0
38752,-1,0,-0.9129063,0.2864055,0,1,unassigned,2.0,2.0,0.0,1.0,0.0,0.0,0.0,0.0,0,0,0,0,0
38753,-1,1,1.0184863,0.7346776,1,1,unassigned,6.0,6.0,0.0,1.0,0.0,0.0,0.007736944,0.0,1,0,0,1,0
38754,-1,0,5.6756177,0.99658316,1,1,unassigned,3.0,3.0,0.0,1.0,0.0,0.0,0.001934236,0.0,0,0,0,1,1
38755,-1,1,-0.1381239,0.4655238,0,1,unassigned,3.0,3.0,0.0,1.0,0.0,0.0,0.001934236,0.0,1,0,0,0,0
38756,-1,0,-0.81696904,0.30640742,0,1,unassigned,33.0,33.0,0.0,1.0,0.0,0.0,0.059961315,0.0,0,0,0,0,0
38757,-1,1,0.61614853,0.64934206,1,1,unassigned,19.0,18.0,1.0,0.94736844,0.05263158,0.052631557,0.032882012,0.0017306323,1,0,0,1,0
38758,-1,0,0.40101057,0.5989305,1,1,unassigned,6.0,6.0,0.0,1.0,0.0,0.0,0.007736944,0.0,0,0,0,1,0
38759,-1,0,0.30105817,0.57470113,1,1,unassigned,3.0,2.0,1.0,0.6666667,0.33333334,0.3333333,0.001934236,0.00064474536,0,0,0,1,0
38760,-1,1,1.1757586,0.7641843,1,1,unassigned,3.0,3.0,0.0,1.0,0.0,0.0,0.001934236,0.0,1,0,0,1,0
38761,-1,1,0.4831398,0.618489,1,1,unassigned,2.0,2.0,0.0,1.0,0.0,0.0,0.0,0.0,1,0,0,1,0
38762,1,1,1.5441883,0.8240727,1,0,test,3.0,3.0,0.0,1.0,0.0,0.0,0.001934236,0.0,1,0,1,1,0
38763,-1,1,-0.72734725,0.32577714,0,1,unassigned,78.0,78.0,0.0,1.0,0.0,0.0,0.14700194,0.0,1,0,0,0,0
38764,-1,1,0.11281735,0.52817446,1,1,unassigned,4.0,4.0,0.0,1.0,0.0,0.0,0.003868472,0.0,1,0,0,1,0
38765,0,1,-0.34958473,0.4134831,0,0,unassigned,18.0,16.0,2.0,0.8888889,0.11111111,0.111111104,0.030947777,0.0034386418,1,0,1,0,0
38766,-1,0,2.9584742,0.9506625,1,1,unassigned,32.0,28.0,4.0,0.875,0.125,0.125,0.058027077,0.0072533847,0,0,0,1,1
38767,-1,0,0.74824315,0.67879575,1,1,unassigned,70.0,69.0,1.0,0.98571426,0.014285714,0.014285743,0.13152805,0.0018789722,0,0,0,1,0
38768,0,1,-0.84716606,0.3000277,0,0,val,54.0,52.0,2.0,0.962963,0.037037037,0.037037015,0.10058027,0.003725195,1,0,1,0,0
38769,-1,0,-0.23884466,0.44057113,0,1,unassigned,2.0,2.0,0.0,1.0,0.0,0.0,0.0,0.0,0,0,0,0,0
38770,-1,1,1.0749438,0.74553597,1,1,unassigned,3.0,2.0,1.0,0.6666667,0.33333334,0.3333333,0.001934236,0.00064474536,1,0,0,1,0
38771,-1,1,1.0033915,0.73172486,1,1,unassigned,7.0,6.0,1.0,0.85714287,0.14285715,0.14285713,0.00967118,0.0013815971,1,0,0,1,0
38772,-1,1,0.05837971,0.51459074,1,1,unassigned,4.0,3.0,1.0,0.75,0.25,0.25,0.003868472,0.000967118,1,0,0,1,0
38773,-1,0,2.810621,0.943247,1,1,unassigned,11.0,11.0,0.0,1.0,0.0,0.0,0.017408123,0.0,0,0,0,1,1
38774,-1,1,4.3051376,0.98668075,1,1,unassigned,3.0,2.0,1.0,0.6666667,0.33333334,0.3333333,0.001934236,0.00064474536,1,0,0,1,1
38775,-1,1,-0.24410471,0.4392751,0,1,unassigned,3.0,3.0,0.0,1.0,0.0,0.0,0.001934236,0.0,1,0,0,0,0
38776,-1,0,0.09216088,0.5230239,1,1,unassigned,3.0,3.0,0.0,1.0,0.0,0.0,0.001934236,0.0,0,0,0,1,0
38777,-1,0,1.7186944,0.8479606,1,1,unassigned,2.0,2.0,0.0,1.0,0.0,0.0,0.0,0.0,0,0,0,1,0
38778,-1,0,2.7161405,0.9379724,1,1,unassigned,4.0,3.0,1.0,0.75,0.25,0.25,0.003868472,0.000967118,0,0,0,1,1
38779,-1,0,0.2174437,0.5541477,1,1,unassigned,9.0,8.0,1.0,0.8888889,0.11111111,0.111111104,0.013539651,0.0015044058,0,0,0,1,0
38780,-1,0,0.11981791,0.52991873,1,1,unassigned,2.0,2.0,0.0,1.0,0.0,0.0,0.0,0.0,0,0,0,1,0
38781,-1,1,1.7929728,0.85729134,1,1,unassigned,4.0,4.0,0.0,1.0,0.0,0.0,0.003868472,0.0,1,0,0,1,0
38782,-1,0,2.5768418,0.9293562,1,1,unassigned,2.0,2.0,0.0,1.0,0.0,0.0,0.0,0.0,0,0,0,1,1
38783,-1,0,1.7589455,0.85307753,1,1,unassigned,2.0,2.0,0.0,1.0,0.0,0.0,0.0,0.0,0,0,0,1,0
38784,-1,1,3.4836872,0.97022,1,1,unassigned,3.0,3.0,0.0,1.0,0.0,0.0,0.001934236,0.0,1,0,0,1,1
38785,1,0,-0.025331616,0.49366742,0,1,test,23.0,23.0,0.0,1.0,0.0,0.0,0.040618956,0.0,0,0,0,0,0
38786,-1,1,-0.8351377,0.30255982,0,1,unassigned,32.0,30.0,2.0,0.9375,0.0625,0.0625,0.058027077,0.0036266923,1,0,0,0,0
38787,-1,1,0.46846157,0.6150195,1,1,unassigned,6.0,4.0,2.0,0.6666667,0.33333334,0.3333333,0.007736944,0.0025789815,1,0,0,1,0
38788,-1,1,-0.41831553,0.39691988,0,1,unassigned,51.0,50.0,1.0,0.98039216,0.019607844,0.019607842,0.09477756,0.0018583836,1,0,0,0,0
38789,-1,0,0.551066,0.63438284,1,1,unassigned,8.0,8.0,0.0,1.0,0.0,0.0,0.0116054155,0.0,0,0,0,1,0
38790,-1,1,1.3572125,0.7953063,1,1,unassigned,3.0,3.0,0.0,1.0,0.0,0.0,0.001934236,0.0,1,0,0,1,0
38791,-1,0,2.4269562,0.91885984,1,1,unassigned,27.0,27.0,0.0,1.0,0.0,0.0,0.0483559,0.0,0,0,0,1,1
38792,-1,0,-0.41997582,0.39652255,0,1,unassigned,61.0,60.0,1.0,0.9836066,0.016393442,0.016393423,0.114119925,0.0018708183,0,0,0,0,0
38793,-1,0,-0.16291672,0.45936066,0,1,unassigned,29.0,28.0,1.0,0.9655172,0.03448276,0.034482777,0.05222437,0.0018008404,0,0,0,0,0
38794,0,0,-0.08900452,0.47776356,0,0,val,56.0,55.0,1.0,0.98214287,0.017857144,0.017857134,0.10444874,0.0018651562,0,0,1,0,0
38795,-1,1,-0.6019192,0.35390472,0,1,unassigned,76.0,71.0,5.0,0.93421054,0.065789476,0.06578946,0.14313346,0.009416675,1,0,0,0,0
38796,1,1,-0.28395316,0.4294849,0,1,val,3.0,2.0,1.0,0.6666667,0.33333334,0.3333333,0.001934236,0.00064474536,1,0,0,0,0
38797,1,0,4.0610476,0.9830609,1,0,unassigned,35.0,35.0,0.0,1.0,0.0,0.0,0.06382979,0.0,0,0,1,1,1
38798,0,0,-0.718701,0.3276791,0,0,test,9.0,9.0,0.0,1.0,0.0,0.0,0.013539651,0.0,0,0,1,0,0
38799,-1,1,2.8351896,0.9445481,1,1,unassigned,15.0,9.0,6.0,0.6,0.4,0.39999998,0.025145067,0.010058027,1,0,0,1,1
38800,-1,0,3.795596,0.97802424,1,1,unassigned,2.0,1.0,1.0,0.5,0.5,0.5,0.0,0.0,0,0,0,1,1
38801,-1,1,-1.0026602,0.26841873,0,1,unassigned,3.0,3.0,0.0,1.0,0.0,0.0,0.001934236,0.0,1,0,0,0,0
38802,-1,0,-0.17774099,0.4556814,0,1,unassigned,13.0,13.0,0.0,1.0,0.0,0.0,0.021276595,0.0,0,0,0,0,0
38803,-1,0,5.2694306,0.99487984,1,1,unassigned,9.0,8.0,1.0,0.8888889,0.11111111,0.111111104,0.013539651,0.0015044058,0,0,0,1,1
38804,-1,0,0.22578669,0.5562081,1,1,unassigned,47.0,47.0,0.0,1.0,0.0,0.0,0.08704062,0.0,0,0,0,1,0
38805,1,0,4.663938,0.9906589,1,0,test,6.0,6.0,0.0,1.0,0.0,0.0,0.007736944,0.0,0,0,1,1,1
38806,0,0,-0.33108968,0.41797552,0,0,unassigned,20.0,20.0,0.0,1.0,0.0,0.0,0.034816246,0.0,0,0,1,0,0
38807,-1,0,3.4737027,0.9699302,1,1,unassigned,3.0,3.0,0.0,1.0,0.0,0.0,0.001934236,0.0,0,0,0,1,1
38808,-1,0,1.8829615,0.867951,1,1,unassigned,3.0,3.0,0.0,1.0,0.0,0.0,0.001934236,0.0,0,0,0,1,0
38809,-1,0,-0.62958765,0.34760407,0,1,unassigned,45.0,45.0,0.0,1.0,0.0,0.0,0.08317215,0.0,0,0,0,0,0
38810,1,1,0.9513331,0.7213832,1,0,unassigned,4.0,2.0,2.0,0.5,0.5,0.5,0.003868472,0.001934236,1,0,1,1,0
38811,-1,0,1.3583333,0.7954887,1,1,unassigned,3.0,2.0,1.0,0.6666667,0.33333334,0.3333333,0.001934236,0.00064474536,0,0,0,1,0
38812,0,0,2.1807263,0.8985053,1,1,val,12.0,12.0,0.0,1.0,0.0,0.0,0.01934236,0.0,0,0,0,1,0
38813,1,0,4.5850797,0.9899002,1,0,test,2.0,2.0,0.0,1.0,0.0,0.0,0.0,0.0,0,0,1,1,1
38814,0,1,0.13414645,0.5334864,1,1,unassigned,26.0,24.0,2.0,0.9230769,0.07692308,0.07692307,0.046421662,0.0035708973,1,0,0,1,0
38815,-1,1,-0.7181436,0.3278019,0,1,unassigned,28.0,28.0,0.0,1.0,0.0,0.0,0.050290134,0.0,1,0,0,0,0
38816,-1,1,-0.30874884,0.42342016,0,1,unassigned,18.0,18.0,0.0,1.0,0.0,0.0,0.030947777,0.0,1,0,0,0,0
38817,-1,1,-0.75491214,0.3197519,0,1,unassigned,27.0,26.0,1.0,0.962963,0.037037037,0.037037015,0.0483559,0.0017909593,1,0,0,0,0
38818,-1,1,2.744458,0.9395996,1,1,unassigned,13.0,13.0,0.0,1.0,0.0,0.0,0.021276595,0.0,1,0,0,1,1
38819,1,1,2.975965,0.9514764,1,0,test,15.0,15.0,0.0,1.0,0.0,0.0,0.025145067,0.0,1,0,1,1,1
38820,1,1,8.050287,0.9996811,1,0,test,7.0,7.0,0.0,1.0,0.0,0.0,0.00967118,0.0,1,0,1,1,1
38821,1,0,1.2201014,0.7720814,1,0,unassigned,8.0,8.0,0.0,1.0,0.0,0.0,0.0116054155,0.0,0,0,1,1,0
38822,-1,0,-0.30956915,0.42321992,0,1,unassigned,9.0,8.0,1.0,0.8888889,0.11111111,0.111111104,0.013539651,0.0015044058,0,0,0,0,0
38823,-1,0,-0.22251081,0.44460067,0,1,unassigned,16.0,16.0,0.0,1.0,0.0,0.0,0.027079303,0.0,0,0,0,0,0
38824,-1,1,-0.8069095,0.30854946,0,1,unassigned,5.0,5.0,0.0,1.0,0.0,0.0,0.0058027077,0.0,1,0,0,0,0
38825,-1,0,0.015374482,0.50384355,1,1,unassigned,87.0,85.0,2.0,0.9770115,0.022988506,0.022988498,0.16441005,0.0037795415,0,0,0,1,0
38826,-1,1,12.071154,0.9999943,1,1,unassigned,10.0,9.0,1.0,0.9,0.1,0.100000024,0.015473888,0.0015473888,1,0,0,1,1
38827,-1,1,6.9537597,0.9990459,1,1,unassigned,23.0,22.0,1.0,0.95652175,0.04347826,0.04347825,0.040618956,0.0017660416,1,0,0,1,1
38828,1,0,0.8134033,0.69283426,1,0,unassigned,13.0,13.0,0.0,1.0,0.0,0.0,0.021276595,0.0,0,0,1,1,0
38829,-1,1,0.9616843,0.7234589,1,1,unassigned,38.0,35.0,3.0,0.92105263,0.078947365,0.078947365,0.06963249,0.005497302,1,0,0,1,0
38830,-1,1,-0.26368934,0.434457,0,1,unassigned,15.0,15.0,0.0,1.0,0.0,0.0,0.025145067,0.0,1,0,0,0,0
38831,-1,1,2.895242,0.9476107,1,1,unassigned,6.0,6.0,0.0,1.0,0.0,0.0,0.007736944,0.0,1,0,0,1,1
38832,-1,1,-0.16111329,0.4598086,0,1,unassigned,3.0,3.0,0.0,1.0,0.0,0.0,0.001934236,0.0,1,0,0,0,0
38833,-1,1,-0.40198916,0.40083453,0,1,unassigned,4.0,4.0,0.0,1.0,0.0,0.0,0.003868472,0.0,1,0,0,0,0
38834,-1,1,6.1535277,0.99787855,1,1,unassigned,8.0,6.0,2.0,0.75,0.25,0.25,0.0116054155,0.0029013539,1,0,0,1,1
38835,-1,1,2.2431428,0.90405744,1,1,unassigned,15.0,8.0,7.0,0.53333336,0.46666667,0.46666664,0.025145067,0.011734365,1,0,0,1,1
38836,-1,1,2.5900092,0.93021584,1,1,unassigned,2.0,2.0,0.0,1.0,0.0,0.0,0.0,0.0,1,0,0,1,1
38837,-1,0,3.428083,0.9685707,1,1,unassigned,2.0,2.0,0.0,1.0,0.0,0.0,0.0,0.0,0,0,0,1,1
38838,-1,0,7.2252574,0.9992725,1,1,unassigned,8.0,7.0,1.0,0.875,0.125,0.125,0.0116054155,0.0014506769,0,0,0,1,1
38839,0,0,-0.89458907,0.29016373,0,0,val,3.0,3.0,0.0,1.0,0.0,0.0,0.001934236,0.0,0,0,1,0,0
38840,-1,1,2.250551,0.904698,1,1,unassigned,12.0,6.0,6.0,0.5,0.5,0.5,0.01934236,0.00967118,1,0,0,1,1
38841,0,1,14.991102,0.99999964,1,1,test,14.0,14.0,0.0,1.0,0.0,0.0,0.023210831,0.0,1,0,0,1,1
38842,-1,1,-0.06284356,0.48429427,0,1,unassigned,29.0,29.0,0.0,1.0,0.0,0.0,0.05222437,0.0,1,0,0,0,0
38843,-1,1,6.2106643,0.9979961,1,1,unassigned,7.0,6.0,1.0,0.85714287,0.14285715,0.14285713,0.00967118,0.0013815971,1,0,0,1,1
38844,-1,1,0.7367018,0.6762742,1,1,unassigned,11.0,9.0,2.0,0.8181818,0.18181819,0.18181819,0.017408123,0.0031651135,1,0,0,1,0
38845,-1,0,2.0118744,0.8820382,1,1,unassigned,12.0,12.0,0.0,1.0,0.0,0.0,0.01934236,0.0,0,0,0,1,0
38846,-1,0,0.35515875,0.587868,1,1,unassigned,23.0,23.0,0.0,1.0,0.0,0.0,0.040618956,0.0,0,0,0,1,0
38847,-1,0,1.3828628,0.7994504,1,1,unassigned,3.0,2.0,1.0,0.6666667,0.33333334,0.3333333,0.001934236,0.00064474536,0,0,0,1,0
38848,-1,1,3.1377804,0.95842457,1,1,unassigned,4.0,4.0,0.0,1.0,0.0,0.0,0.003868472,0.0,1,0,0,1,1
38849,-1,1,-0.096559525,0.47587886,0,1,unassigned,2.0,1.0,1.0,0.5,0.5,0.5,0.0,0.0,1,0,0,0,0
38850,0,1,1.8842051,0.86809343,1,1,val,25.0,24.0,1.0,0.96,0.04,0.04000002,0.044487428,0.001779497,1,0,0,1,0
38851,-1,1,-0.9156226,0.28585067,0,1,unassigned,39.0,38.0,1.0,0.974359,0.025641026,0.025641024,0.07156673,0.0018350444,1,0,0,0,0
38852,-1,1,-0.97401047,0.27408186,0,1,unassigned,5.0,3.0,2.0,0.6,0.4,0.39999998,0.0058027077,0.002321083,1,0,0,0,0
38853,0,0,-0.94472075,0.27994776,0,0,test,6.0,4.0,2.0,0.6666667,0.33333334,0.3333333,0.007736944,0.0025789815,0,0,1,0,0
38854,-1,0,-0.60172176,0.35394987,0,1,unassigned,3.0,3.0,0.0,1.0,0.0,0.0,0.001934236,0.0,0,0,0,0,0
38855,-1,1,3.7288659,0.97654337,1,1,unassigned,12.0,7.0,5.0,0.5833333,0.41666666,0.4166667,0.01934236,0.008059316,1,0,0,1,1
38856,-1,0,1.2473109,0.776834,1,1,unassigned,3.0,2.0,1.0,0.6666667,0.33333334,0.3333333,0.001934236,0.00064474536,0,0,0,1,0
38857,1,0,-0.9796004,0.27297106,0,1,unassigned,2.0,2.0,0.0,1.0,0.0,0.0,0.0,0.0,0,0,0,0,0
38858,1,0,-0.29653043,0.42640588,0,1,test,20.0,20.0,0.0,1.0,0.0,0.0,0.034816246,0.0,0,0,0,0,0
38859,-1,0,-0.3839406,0.40517685,0,1,unassigned,13.0,13.0,0.0,1.0,0.0,0.0,0.021276595,0.0,0,0,0,0,0
38860,-1,0,-0.42565376,0.39516464,0,1,unassigned,51.0,51.0,0.0,1.0,0.0,0.0,0.09477756,0.0,0,0,0,0,0
38861,1,0,-0.42470527,0.3953914,0,1,val,51.0,51.0,0.0,1.0,0.0,0.0,0.09477756,0.0,0,0,0,0,0
38862,-1,0,-0.29416162,0.42698535,0,1,unassigned,2.0,2.0,0.0,1.0,0.0,0.0,0.0,0.0,0,0,0,0,0
38863,1,0,-0.053439677,0.48664322,0,1,test,19.0,19.0,0.0,1.0,0.0,0.0,0.032882012,0.0,0,0,0,0,0
38864,-1,1,1.6905491,0.8442964,1,1,unassigned,18.0,18.0,0.0,1.0,0.0,0.0,0.030947777,0.0,1,0,0,1,0
38865,1,1,2.5198777,0.9255236,1,0,unassigned,2.0,2.0,0.0,1.0,0.0,0.0,0.0,0.0,1,0,1,1,1
38866,-1,0,1.866884,0.86609733,1,1,unassigned,26.0,26.0,0.0,1.0,0.0,0.0,0.046421662,0.0,0,0,0,1,0
38867,-1,0,2.9914372,0.95218575,1,1,unassigned,35.0,33.0,2.0,0.94285715,0.057142857,0.057142854,0.06382979,0.0036474164,0,0,0,1,1
38868,-1,1,-0.83765197,0.30202952,0,1,unassigned,8.0,6.0,2.0,0.75,0.25,0.25,0.0116054155,0.0029013539,1,0,0,0,0
38869,-1,0,2.2668061,0.9060903,1,1,unassigned,22.0,22.0,0.0,1.0,0.0,0.0,0.03868472,0.0,0,0,0,1,1
38870,-1,1,-0.23519695,0.44147032,0,1,unassigned,15.0,14.0,1.0,0.93333334,0.06666667,0.06666666,0.025145067,0.0016763379,1,0,0,0,0
38871,-1,0,-0.6523819,0.342453,0,1,unassigned,13.0,13.0,0.0,1.0,0.0,0.0,0.021276595,0.0,0,0,0,0,0
38872,0,0,-0.41134602,0.39858943,0,0,unassigned,9.0,8.0,1.0,0.8888889,0.11111111,0.111111104,0.013539651,0.0015044058,0,0,1,0,0
38873,1,1,-0.06974858,0.48256996,0,1,unassigned,14.0,13.0,1.0,0.9285714,0.071428575,0.0714286,0.023210831,0.0016579166,1,0,0,0,0
38874,-1,1,0.724714,0.67364424,1,1,unassigned,11.0,10.0,1.0,0.90909094,0.09090909,0.090909064,0.017408123,0.0015825568,1,0,0,1,0
38875,0,1,-0.78920436,0.31233954,0,0,unassigned,14.0,14.0,0.0,1.0,0.0,0.0,0.023210831,0.0,1,0,1,0,0
38876,-1,0,1.4556813,0.81087124,1,1,unassigned,5.0,5.0,0.0,1.0,0.0,0.0,0.0058027077,0.0,0,0,0,1,0
38877,-1,0,1.0803685,0.74656373,1,1,unassigned,3.0,3.0,0.0,1.0,0.0,0.0,0.001934236,0.0,0,0,0,1,0
38878,-1,0,-0.34940484,0.4135267,0,1,unassigned,22.0,22.0,0.0,1.0,0.0,0.0,0.03868472,0.0,0,0,0,0,0
38879,0,1,-0.07669759,0.480835,0,0,unassigned,17.0,17.0,0.0,1.0,0.0,0.0,0.029013539,0.0,1,0,1,0,0
38880,0,0,-0.40673053,0.39969635,0,0,unassigned,19.0,19.0,0.0,1.0,0.0,0.0,0.032882012,0.0,0,0,1,0,0
38881,-1,0,-0.4480636,0.38982126,0,1,unassigned,32.0,32.0,0.0,1.0,0.0,0.0,0.058027077,0.0,0,0,0,0,0
38882,-1,0,-0.39881653,0.4015967,0,1,unassigned,12.0,12.0,0.0,1.0,0.0,0.0,0.01934236,0.0,0,0,0,0,0
38883,-1,0,-0.5007732,0.37735894,0,1,unassigned,12.0,12.0,0.0,1.0,0.0,0.0,0.01934236,0.0,0,0,0,0,0
38884,-1,1,-0.4553444,0.38809082,0,1,unassigned,29.0,28.0,1.0,0.9655172,0.03448276,0.034482777,0.05222437,0.0018008404,1,0,0,0,0
38885,-1,1,-0.27735916,0.43110135,0,1,unassigned,26.0,24.0,2.0,0.9230769,0.07692308,0.07692307,0.046421662,0.0035708973,1,0,0,0,0
38886,-1,0,-0.5092858,0.37536097,0,1,unassigned,10.0,10.0,0.0,1.0,0.0,0.0,0.015473888,0.0,0,0,0,0,0
38887,-1,1,4.540959,0.9894493,1,1,unassigned,2.0,2.0,0.0,1.0,0.0,0.0,0.0,0.0,1,0,0,1,1
38888,-1,1,3.691892,0.97568136,1,1,unassigned,3.0,2.0,1.0,0.6666667,0.33333334,0.3333333,0.001934236,0.00064474536,1,0,0,1,1
38889,-1,1,-0.68677104,0.33475175,0,1,unassigned,90.0,90.0,0.0,1.0,0.0,0.0,0.17021276,0.0,1,0,0,0,0
38890,-1,0,2.1774862,0.89820945,1,1,unassigned,19.0,19.0,0.0,1.0,0.0,0.0,0.032882012,0.0,0,0,0,1,0
38891,-1,0,-0.3953489,0.40243033,0,1,unassigned,51.0,51.0,0.0,1.0,0.0,0.0,0.09477756,0.0,0,0,0,0,0
38892,-1,1,-0.6036108,0.35351804,0,1,unassigned,24.0,22.0,2.0,0.9166667,0.083333336,0.08333331,0.04255319,0.0035460992,1,0,0,0,0
38893,-1,1,-0.74391973,0.3221476,0,1,unassigned,2.0,1.0,1.0,0.5,0.5,0.5,0.0,0.0,1,0,0,0,0
38894,-1,1,0.04443139,0.511106,1,1,unassigned,51.0,49.0,2.0,0.9607843,0.039215688,0.039215684,0.09477756,0.0037167673,1,0,0,1,0
38895,-1,1,2.5088475,0.9247597,1,1,unassigned,9.0,9.0,0.0,1.0,0.0,0.0,0.013539651,0.0,1,0,0,1,1
38896,0,0,-0.12843087,0.46793637,0,0,unassigned,55.0,55.0,0.0,1.0,0.0,0.0,0.102514505,0.0,0,0,1,0,0
38897,-1,0,-0.48690307,0.3806234,0,1,unassigned,24.0,24.0,0.0,1.0,0.0,0.0,0.04255319,0.0,0,0,0,0,0
38898,-1,0,0.81926376,0.69408,1,1,unassigned,9.0,9.0,0.0,1.0,0.0,0.0,0.013539651,0.0,0,0,0,1,0
38899,-1,0,-0.52744,0.37111416,0,1,unassigned,2.0,2.0,0.0,1.0,0.0,0.0,0.0,0.0,0,0,0,0,0
38900,-1,0,-0.5080188,0.3756581,0,1,unassigned,4.0,4.0,0.0,1.0,0.0,0.0,0.003868472,0.0,0,0,0,0,0
38901,-1,1,1.3022408,0.7862119,1,1,unassigned,3.0,1.0,2.0,0.33333334,0.6666667,0.6666666,0.001934236,0.0012894907,1,0,0,1,0
38902,-1,1,4.8927383,0.99255496,1,1,unassigned,17.0,17.0,0.0,1.0,0.0,0.0,0.029013539,0.0,1,0,0,1,1
38903,-1,1,-0.13928139,0.46523586,0,1,unassigned,41.0,40.0,1.0,0.9756098,0.024390243,0.02439022,0.07543521,0.001839883,1,0,0,0,0
38904,0,1,-0.31647304,0.42153555,0,0,unassigned,14.0,13.0,1.0,0.9285714,0.071428575,0.0714286,0.023210831,0.0016579166,1,0,1,0,0
38905,-1,0,-0.32850367,0.41860473,0,1,unassigned,5.0,5.0,0.0,1.0,0.0,0.0,0.0058027077,0.0,0,0,0,0,0
38906,-1,0,0.083102524,0.5207637,1,1,unassigned,11.0,11.0,0.0,1.0,0.0,0.0,0.017408123,0.0,0,0,0,1,0
38907,-1,0,12.151718,0.99999475,1,1,unassigned,14.0,11.0,3.0,0.78571427,0.21428572,0.21428573,0.023210831,0.0049737496,0,0,0,1,1
38908,-1,0,0.6354676,0.6537282,1,1,unassigned,5.0,5.0,0.0,1.0,0.0,0.0,0.0058027077,0.0,0,0,0,1,0
38909,-1,0,-0.21949434,0.4453457,0,1,unassigned,20.0,20.0,0.0,1.0,0.0,0.0,0.034816246,0.0,0,0,0,0,0
38910,-1,0,-0.46330303,0.38620254,0,1,unassigned,14.0,14.0,0.0,1.0,0.0,0.0,0.023210831,0.0,0,0,0,0,0
38911,-1,0,0.5009342,0.6226789,1,1,unassigned,28.0,26.0,2.0,0.9285714,0.071428575,0.0714286,0.050290134,0.0035921526,0,0,0,1,0
38912,0,0,-0.56704116,0.36191985,0,0,test,26.0,26.0,0.0,1.0,0.0,0.0,0.046421662,0.0,0,0,1,0,0
38913,-1,0,4.7717385,0.9916054,1,1,unassigned,6.0,5.0,1.0,0.8333333,0.16666667,0.16666669,0.007736944,0.0012894907,0,0,0,1,1
38914,0,0,-1.6351621,0.16312441,0,0,unassigned,2.0,2.0,0.0,1.0,0.0,0.0,0.0,0.0,0,0,1,0,0
38915,0,1,-0.23119605,0.4424571,0,0,val,14.0,14.0,0.0,1.0,0.0,0.0,0.023210831,0.0,1,0,1,0,0
38916,-1,0,2.4738247,0.9222863,1,1,unassigned,3.0,3.0,0.0,1.0,0.0,0.0,0.001934236,0.0,0,0,0,1,1
38917,-1,0,0.3638664,0.5899761,1,1,unassigned,5.0,5.0,0.0,1.0,0.0,0.0,0.0058027077,0.0,0,0,0,1,0
38918,1,0,-0.1943419,0.45156687,0,1,unassigned,2.0,2.0,0.0,1.0,0.0,0.0,0.0,0.0,0,0,0,0,0
38919,-1,0,-0.1943419,0.45156687,0,1,unassigned,2.0,2.0,0.0,1.0,0.0,0.0,0.0,0.0,0,0,0,0,0
38920,-1,1,-0.3433847,0.41498753,0,1,unassigned,3.0,3.0,0.0,1.0,0.0,0.0,0.001934236,0.0,1,0,0,0,0
38921,0,0,-0.22457641,0.44409066,0,0,test,17.0,17.0,0.0,1.0,0.0,0.0,0.029013539,0.0,0,0,1,0,0
38922,0,0,-0.32767707,0.41880596,0,0,unassigned,25.0,24.0,1.0,0.96,0.04,0.04000002,0.044487428,0.001779497,0,0,1,0,0
38923,-1,0,-0.19784707,0.45069894,0,1,unassigned,23.0,23.0,0.0,1.0,0.0,0.0,0.040618956,0.0,0,0,0,0,0
38924,-1,0,-0.1077047,0.4730998,0,1,unassigned,20.0,20.0,0.0,1.0,0.0,0.0,0.034816246,0.0,0,0,0,0,0
38925,1,0,-0.3157352,0.42171547,0,1,test,36.0,36.0,0.0,1.0,0.0,0.0,0.065764025,0.0,0,0,0,0,0
38926,1,0,-0.5105077,0.37507454,0,1,unassigned,36.0,35.0,1.0,0.9722222,0.027777778,0.027777791,0.065764025,0.0018267785,0,0,0,0,0
38927,-1,1,1.3817143,0.7992662,1,1,unassigned,7.0,7.0,0.0,1.0,0.0,0.0,0.00967118,0.0,1,0,0,1,0
38928,-1,1,0.36706227,0.5907489,1,1,unassigned,15.0,10.0,5.0,0.6666667,0.33333334,0.3333333,0.025145067,0.008381689,1,0,0,1,0
38929,-1,0,2.2487023,0.9045385,1,1,unassigned,2.0,2.0,0.0,1.0,0.0,0.0,0.0,0.0,0,0,0,1,1
38930,-1,1,3.0262759,0.95374715,1,1,unassigned,4.0,2.0,2.0,0.5,0.5,0.5,0.003868472,0.001934236,1,0,0,1,1
38931,-1,1,-0.69642323,0.33260572,0,1,unassigned,4.0,3.0,1.0,0.75,0.25,0.25,0.003868472,0.000967118,1,0,0,0,0
38932,-1,1,-0.800109,0.3100022,0,1,unassigned,94.0,92.0,2.0,0.9787234,0.021276595,0.021276593,0.17794971,0.0037861639,1,0,0,0,0
38933,-1,0,-0.25094014,0.43759215,0,1,unassigned,8.0,8.0,0.0,1.0,0.0,0.0,0.0116054155,0.0,0,0,0,0,0
38934,-1,0,-0.1686356,0.45794076,0,1,unassigned,10.0,10.0,0.0,1.0,0.0,0.0,0.015473888,0.0,0,0,0,0,0
38935,-1,0,2.5205033,0.9255668,1,1,unassigned,9.0,8.0,1.0,0.8888889,0.11111111,0.111111104,0.013539651,0.0015044058,0,0,0,1,1
38936,-1,1,-0.6269283,0.34820735,0,1,unassigned,20.0,20.0,0.0,1.0,0.0,0.0,0.034816246,0.0,1,0,0,0,0
38937,-1,0,0.9414602,0.71939456,1,1,unassigned,7.0,7.0,0.0,1.0,0.0,0.0,0.00967118,0.0,0,0,0,1,0
38938,-1,0,-0.3901983,0.40366957,0,1,unassigned,26.0,26.0,0.0,1.0,0.0,0.0,0.046421662,0.0,0,0,0,0,0
38939,-1,0,3.983484,0.9817198,1,1,unassigned,5.0,5.0,0.0,1.0,0.0,0.0,0.0058027077,0.0,0,0,0,1,1
38940,-1,0,3.9069278,0.980294,1,1,unassigned,2.0,2.0,0.0,1.0,0.0,0.0,0.0,0.0,0,0,0,1,1
38941,-1,0,4.6688585,0.99070424,1,1,unassigned,2.0,2.0,0.0,1.0,0.0,0.0,0.0,0.0,0,0,0,1,1
38942,-1,0,0.7705075,0.6836307,1,1,unassigned,6.0,6.0,0.0,1.0,0.0,0.0,0.007736944,0.0,0,0,0,1,0
38943,-1,0,-0.72274697,0.32678837,0,1,unassigned,15.0,15.0,0.0,1.0,0.0,0.0,0.025145067,0.0,0,0,0,0,0
38944,-1,1,-0.2704225,0.43280342,0,1,unassigned,20.0,20.0,0.0,1.0,0.0,0.0,0.034816246,0.0,1,0,0,0,0
38945,-1,0,2.1903698,0.89938134,1,1,unassigned,17.0,17.0,0.0,1.0,0.0,0.0,0.029013539,0.0,0,0,0,1,0
38946,1,0,7.923619,0.9996381,1,0,unassigned,10.0,9.0,1.0,0.9,0.1,0.100000024,0.015473888,0.0015473888,0,0,1,1,1
38947,0,1,-0.047175705,0.4882083,0,0,unassigned,53.0,53.0,0.0,1.0,0.0,0.0,0.09864604,0.0,1,0,1,0,0
38948,-1,0,-0.89026105,0.29105595,0,1,unassigned,15.0,15.0,0.0,1.0,0.0,0.0,0.025145067,0.0,0,0,0,0,0
38949,-1,0,-0.42154673,0.39614668,0,1,unassigned,37.0,37.0,0.0,1.0,0.0,0.0,0.06769826,0.0,0,0,0,0,0
38950,0,0,-0.17683047,0.45590723,0,0,test,99.0,99.0,0.0,1.0,0.0,0.0,0.1876209,0.0,0,0,1,0,0
38951,0,0,-0.47199887,0.38414323,0,0,test,81.0,79.0,2.0,0.97530866,0.024691358,0.024691343,0.15280464,0.0037729542,0,0,1,0,0
38952,-1,0,-0.211654,0.44728318,0,1,unassigned,18.0,16.0,2.0,0.8888889,0.11111111,0.111111104,0.030947777,0.0034386418,0,0,0,0,0
38953,0,1,-0.12152171,0.4696569,0,0,unassigned,30.0,2.0,28.0,0.06666667,0.93333334,0.93333334,0.054158606,0.050548032,1,1,1,0,0
38954,-1,0,-0.26198268,0.43487638,0,1,unassigned,95.0,94.0,1.0,0.9894737,0.010526316,0.0105262995,0.17988394,0.0018935152,0,0,0,0,0
38955,-1,1,3.5854962,0.9730249,1,1,unassigned,12.0,12.0,0.0,1.0,0.0,0.0,0.01934236,0.0,1,0,0,1,1
38956,-1,0,-0.5247163,0.37175006,0,1,unassigned,85.0,82.0,3.0,0.9647059,0.03529412,0.035294116,0.16054158,0.0056661735,0,0,0,0,0
38957,-1,0,1.559521,0.8262846,1,1,unassigned,5.0,5.0,0.0,1.0,0.0,0.0,0.0058027077,0.0,0,0,0,1,0
38958,-1,0,-0.33422962,0.41721183,0,1,unassigned,7.0,5.0,2.0,0.71428573,0.2857143,0.28571427,0.00967118,0.0027631943,0,0,0,0,0
38959,0,0,-0.54077435,0.36800745,0,0,train,26.0,25.0,1.0,0.96153843,0.03846154,0.038461566,0.046421662,0.0017854486,0,0,1,0,0
38960,1,0,5.4798245,0.9958473,1,0,unassigned,10.0,9.0,1.0,0.9,0.1,0.100000024,0.015473888,0.0015473888,0,0,1,1,1
38961,-1,0,7.3614535,0.99936515,1,1,unassigned,2.0,2.0,0.0,1.0,0.0,0.0,0.0,0.0,0,0,0,1,1
38962,-1,0,2.5402658,0.9269168,1,1,unassigned,2.0,2.0,0.0,1.0,0.0,0.0,0.0,0.0,0,0,0,1,1
38963,1,1,-0.83679813,0.30220956,0,1,unassigned,40.0,39.0,1.0,0.975,0.025,0.024999976,0.07350097,0.0018375242,1,0,0,0,0
38964,-1,0,-0.8324717,0.30312267,0,1,unassigned,57.0,56.0,1.0,0.98245615,0.01754386,0.017543852,0.10638298,0.0018663681,0,0,0,0,0
38965,-1,1,0.4144783,0.6021612,1,1,unassigned,46.0,40.0,6.0,0.8695652,0.13043478,0.13043481,0.08510638,0.011100832,1,0,0,1,0
38966,-1,1,-0.91397285,0.28618756,0,1,unassigned,31.0,30.0,1.0,0.9677419,0.032258064,0.032258093,0.056092843,0.0018094465,1,0,0,0,0
38967,-1,0,-0.2724972,0.43229413,0,1,unassigned,62.0,58.0,4.0,0.9354839,0.06451613,0.06451613,0.116054155,0.0074873646,0,0,0,0,0
38968,-1,0,-0.286944,0.4287522,0,1,unassigned,176.0,173.0,3.0,0.98295456,0.017045455,0.017045438,0.33655706,0.0057367682,0,0,0,0,0
38969,-1,0,0.60868794,0.6476414,1,1,unassigned,9.0,9.0,0.0,1.0,0.0,0.0,0.013539651,0.0,0,0,0,1,0
38970,-1,0,7.7936616,0.99958783,1,1,unassigned,4.0,3.0,1.0,0.75,0.25,0.25,0.003868472,0.000967118,0,0,0,1,1
38971,-1,0,-0.2699384,0.43292224,0,1,unassigned,3.0,3.0,0.0,1.0,0.0,0.0,0.001934236,0.0,0,0,0,0,0
38972,-1,0,-0.6878943,0.33450165,0,1,unassigned,24.0,23.0,1.0,0.9583333,0.041666668,0.041666687,0.04255319,0.0017730496,0,0,0,0,0
38973,-1,1,1.9941528,0.8801818,1,1,unassigned,53.0,39.0,14.0,0.7358491,0.26415095,0.26415092,0.09864604,0.026057445,1,0,0,1,0
38974,-1,0,-0.27648756,0.43131512,0,1,unassigned,17.0,17.0,0.0,1.0,0.0,0.0,0.029013539,0.0,0,0,0,0,0
38975,-1,0,-0.41411322,0.39792627,0,1,unassigned,2.0,2.0,0.0,1.0,0.0,0.0,0.0,0.0,0,0,0,0,0
38976,-1,0,1.5043004,0.81821495,1,1,unassigned,5.0,4.0,1.0,0.8,0.2,0.19999999,0.0058027077,0.0011605415,0,0,0,1,0
38977,-1,1,-0.47961748,0.38234246,0,1,unassigned,2.0,2.0,0.0,1.0,0.0,0.0,0.0,0.0,1,0,0,0,0
38978,-1,1,0.70271593,0.6687897,1,1,unassigned,19.0,19.0,0.0,1.0,0.0,0.0,0.032882012,0.0,1,0,0,1,0
38979,-1,1,-0.36742026,0.40916455,0,1,unassigned,25.0,25.0,0.0,1.0,0.0,0.0,0.044487428,0.0,1,0,0,0,0
38980,-1,1,0.098430455,0.52458775,1,1,unassigned,2.0,1.0,1.0,0.5,0.5,0.5,0.0,0.0,1,0,0,1,0
38981,-1,0,2.1973808,0.90001404,1,1,unassigned,31.0,30.0,1.0,0.9677419,0.032258064,0.032258093,0.056092843,0.0018094465,0,0,0,1,1
38982,-1,0,-0.30393493,0.42459586,0,1,unassigned,8.0,8.0,0.0,1.0,0.0,0.0,0.0116054155,0.0,0,0,0,0,0
38983,-1,0,1.8644524,0.8658151,1,1,unassigned,6.0,4.0,2.0,0.6666667,0.33333334,0.3333333,0.007736944,0.0025789815,0,0,0,1,0
38984,-1,0,0.2427755,0.5603975,1,1,unassigned,2.0,2.0,0.0,1.0,0.0,0.0,0.0,0.0,0,0,0,1,0
38985,-1,0,0.6537551,0.65785617,1,1,unassigned,6.0,6.0,0.0,1.0,0.0,0.0,0.007736944,0.0,0,0,0,1,0
38986,-1,1,2.3585792,0.9136138,1,1,unassigned,2.0,2.0,0.0,1.0,0.0,0.0,0.0,0.0,1,0,0,1,1
38987,-1,0,0.4398437,0.60822177,1,1,unassigned,10.0,8.0,2.0,0.8,0.2,0.19999999,0.015473888,0.0030947777,0,0,0,1,0
38988,-1,0,1.2937691,0.78478444,1,1,unassigned,3.0,2.0,1.0,0.6666667,0.33333334,0.3333333,0.001934236,0.00064474536,0,0,0,1,0
38989,1,1,-0.9269597,0.28354195,0,1,val,82.0,81.0,1.0,0.9878049,0.0121951215,0.01219511,0.15473887,0.0018870593,1,0,0,0,0
38990,-1,0,2.878978,0.94679743,1,1,unassigned,4.0,4.0,0.0,1.0,0.0,0.0,0.003868472,0.0,0,0,0,1,1
38991,-1,0,2.1368039,0.8944292,1,1,unassigned,7.0,6.0,1.0,0.85714287,0.14285715,0.14285713,0.00967118,0.0013815971,0,0,0,1,0
38992,-1,0,4.600307,0.9900512,1,1,unassigned,24.0,17.0,7.0,0.7083333,0.29166666,0.2916667,0.04255319,0.012411347,0,0,0,1,1
38993,-1,1,1.5457039,0.82429236,1,1,unassigned,32.0,30.0,2.0,0.9375,0.0625,0.0625,0.058027077,0.0036266923,1,0,0,1,0
38994,-1,0,-0.012186706,0.4969534,0,1,unassigned,3.0,3.0,0.0,1.0,0.0,0.0,0.001934236,0.0,0,0,0,0,0
38995,-1,0,0.033025324,0.5082556,1,1,unassigned,18.0,18.0,0.0,1.0,0.0,0.0,0.030947777,0.0,0,0,0,1,0
38996,-1,0,2.8137672,0.9434153,1,1,unassigned,2.0,1.0,1.0,0.5,0.5,0.5,0.0,0.0,0,0,0,1,1
38997,-1,0,2.5708826,0.928964,1,1,unassigned,16.0,16.0,0.0,1.0,0.0,0.0,0.027079303,0.0,0,0,0,1,1
38998,-1,0,-0.6551209,0.34183645,0,1,unassigned,14.0,13.0,1.0,0.9285714,0.071428575,0.0714286,0.023210831,0.0016579166,0,0,0,0,0
38999,-1,1,3.4497721,0.9692244,1,1,unassigned,7.0,5.0,2.0,0.71428573,0.2857143,0.28571427,0.00967118,0.0027631943,1,0,0,1,1
39000,-1,0,6.657825,0.9987178,1,1,unassigned,41.0,39.0,2.0,0.9512195,0.048780486,0.0487805,0.07543521,0.003679766,0,0,0,1,1
39001,-1,0,0.75061804,0.6793133,1,1,unassigned,71.0,71.0,0.0,1.0,0.0,0.0,0.13346228,0.0,0,0,0,1,0
39002,-1,0,3.6835768,0.9754833,1,1,unassigned,74.0,72.0,2.0,0.972973,0.027027028,0.02702701,0.13926499,0.0037639185,0,0,0,1,1
39003,-1,1,0.7019467,0.6686192,1,1,unassigned,18.0,18.0,0.0,1.0,0.0,0.0,0.030947777,0.0,1,0,0,1,0
39004,-1,0,-0.28182983,0.43000525,0,1,unassigned,92.0,90.0,2.0,0.9782609,0.02173913,0.021739125,0.17408124,0.0037843748,0,0,0,0,0
39005,-1,0,-0.61442065,0.35105148,0,1,unassigned,6.0,6.0,0.0,1.0,0.0,0.0,0.007736944,0.0,0,0,0,0,0
39006,-1,0,-1.4267826,0.19360049,0,1,unassigned,2.0,2.0,0.0,1.0,0.0,0.0,0.0,0.0,0,0,0,0,0
39007,-1,0,2.9336054,0.94948286,1,1,unassigned,11.0,10.0,1.0,0.90909094,0.09090909,0.090909064,0.017408123,0.0015825568,0,0,0,1,1
39008,-1,0,-0.23145366,0.44239354,0,1,unassigned,7.0,7.0,0.0,1.0,0.0,0.0,0.00967118,0.0,0,0,0,0,0
39009,1,1,-0.29903615,0.4257931,0,1,unassigned,13.0,7.0,6.0,0.53846157,0.46153846,0.46153843,0.021276595,0.009819967,1,0,0,0,0
39010,-1,0,3.823787,0.97862214,1,1,unassigned,2.0,2.0,0.0,1.0,0.0,0.0,0.0,0.0,0,0,0,1,1
39011,-1,0,0.0838629,0.5209534,1,1,unassigned,4.0,4.0,0.0,1.0,0.0,0.0,0.003868472,0.0,0,0,0,1,0
39012,-1,0,0.3379044,0.58368134,1,1,unassigned,39.0,38.0,1.0,0.974359,0.025641026,0.025641024,0.07156673,0.0018350444,0,0,0,1,0
39013,-1,0,-0.74015,0.32297134,0,1,unassigned,126.0,125.0,1.0,0.99206346,0.007936508,0.007936537,0.23984526,0.0019035339,0,0,0,0,0
39014,-1,0,-0.15174386,0.46213663,0,1,unassigned,22.0,21.0,1.0,0.95454544,0.045454547,0.04545456,0.03868472,0.0017583964,0,0,0,0,0
39015,-1,1,4.5015073,0.9890294,1,1,unassigned,5.0,2.0,3.0,0.4,0.6,0.6,0.0058027077,0.0034816249,1,0,0,1,1
39016,-1,0,2.1750062,0.89798254,1,1,unassigned,8.0,8.0,0.0,1.0,0.0,0.0,0.0116054155,0.0,0,0,0,1,0
39017,-1,0,4.0072784,0.982142,1,1,unassigned,2.0,2.0,0.0,1.0,0.0,0.0,0.0,0.0,0,0,0,1,1
39018,-1,1,-0.6764008,0.3370651,0,1,unassigned,3.0,3.0,0.0,1.0,0.0,0.0,0.001934236,0.0,1,0,0,0,0
39019,1,0,0.029679477,0.50741935,1,0,unassigned,19.0,18.0,1.0,0.94736844,0.05263158,0.052631557,0.032882012,0.0017306323,0,0,1,1,0
39020,-1,0,-0.6185503,0.35011125,0,1,unassigned,36.0,36.0,0.0,1.0,0.0,0.0,0.065764025,0.0,0,0,0,0,0
39021,-1,0,-0.16854215,0.45796394,0,1,unassigned,11.0,11.0,0.0,1.0,0.0,0.0,0.017408123,0.0,0,0,0,0,0
39022,-1,0,0.69758135,0.6676513,1,1,unassigned,28.0,26.0,2.0,0.9285714,0.071428575,0.0714286,0.050290134,0.0035921526,0,0,0,1,0
39023,-1,0,8.03673,0.9996767,1,1,unassigned,54.0,12.0,42.0,0.22222222,0.7777778,0.7777778,0.10058027,0.0782291,0,0,0,1,1
39024,-1,0,-0.65788805,0.34121418,0,1,unassigned,13.0,12.0,1.0,0.9230769,0.07692308,0.07692307,0.021276595,0.0016366612,0,0,0,0,0
39025,-1,0,-0.17765498,0.4557027,0,1,unassigned,30.0,30.0,0.0,1.0,0.0,0.0,0.054158606,0.0,0,0,0,0,0
39026,-1,1,-0.5312765,0.37021923,0,1,unassigned,3.0,2.0,1.0,0.6666667,0.33333334,0.3333333,0.001934236,0.00064474536,1,0,0,0,0
39027,-1,1,-0.30988836,0.423142,0,1,unassigned,8.0,8.0,0.0,1.0,0.0,0.0,0.0116054155,0.0,1,0,0,0,0
39028,-1,0,0.13448012,0.53356946,1,1,unassigned,37.0,37.0,0.0,1.0,0.0,0.0,0.06769826,0.0,0,0,0,1,0
39029,-1,0,0.32986444,0.5817264,1,1,unassigned,17.0,16.0,1.0,0.9411765,0.05882353,0.058823526,0.029013539,0.0017066788,0,0,0,1,0
39030,-1,0,-0.78464466,0.3133197,0,1,unassigned,9.0,9.0,0.0,1.0,0.0,0.0,0.013539651,0.0,0,0,0,0,0
39031,-1,0,-0.40079004,0.40112254,0,1,unassigned,25.0,24.0,1.0,0.96,0.04,0.04000002,0.044487428,0.001779497,0,0,0,0,0
39032,-1,0,-0.38802177,0.40419358,0,1,unassigned,101.0,101.0,0.0,1.0,0.0,0.0,0.19148937,0.0,0,0,0,0,0
39033,-1,1,0.56452686,0.63749933,1,1,unassigned,2.0,2.0,0.0,1.0,0.0,0.0,0.0,0.0,1,0,0,1,0
39034,0,0,-0.8230859,0.30510902,0,0,unassigned,57.0,57.0,0.0,1.0,0.0,0.0,0.10638298,0.0,0,0,1,0,0
39035,-1,0,-0.48636627,0.38074994,0,1,unassigned,24.0,23.0,1.0,0.9583333,0.041666668,0.041666687,0.04255319,0.0017730496,0,0,0,0,0
39036,-1,0,3.8472054,0.97910655,1,1,unassigned,5.0,5.0,0.0,1.0,0.0,0.0,0.0058027077,0.0,0,0,0,1,1
39037,-1,0,-0.206501,0.44855738,0,1,unassigned,18.0,17.0,1.0,0.9444444,0.055555556,0.055555582,0.030947777,0.0017193209,0,0,0,0,0
39038,-1,1,3.6986773,0.9758419,1,1,unassigned,14.0,12.0,2.0,0.85714287,0.14285715,0.14285713,0.023210831,0.0033158332,1,0,0,1,1
39039,-1,0,-0.8596431,0.29741392,0,1,unassigned,33.0,33.0,0.0,1.0,0.0,0.0,0.059961315,0.0,0,0,0,0,0
39040,-1,1,-0.71896845,0.32762018,0,1,unassigned,95.0,93.0,2.0,0.97894734,0.021052632,0.021052659,0.17988394,0.0037870305,1,0,0,0,0
39041,-1,1,1.3063571,0.78690296,1,1,unassigned,4.0,4.0,0.0,1.0,0.0,0.0,0.003868472,0.0,1,0,0,1,0
39042,-1,0,5.976739,0.9974693,1,1,unassigned,16.0,14.0,2.0,0.875,0.125,0.125,0.027079303,0.0033849129,0,0,0,1,1
39043,-1,1,-0.47004277,0.3846061,0,1,unassigned,23.0,22.0,1.0,0.95652175,0.04347826,0.04347825,0.040618956,0.0017660416,1,0,0,0,0
39044,-1,1,1.4906182,0.8161711,1,1,unassigned,2.0,2.0,0.0,1.0,0.0,0.0,0.0,0.0,1,0,0,1,0
39045,-1,0,0.1766057,0.54403704,1,1,unassigned,8.0,8.0,0.0,1.0,0.0,0.0,0.0116054155,0.0,0,0,0,1,0
39046,-1,0,-0.6655587,0.33949205,0,1,unassigned,59.0,56.0,3.0,0.9491525,0.050847456,0.05084747,0.11025145,0.005606006,0,0,0,0,0
39047,1,0,5.046267,0.9936079,1,0,test,15.0,15.0,0.0,1.0,0.0,0.0,0.025145067,0.0,0,0,1,1,1
39048,-1,0,0.8453334,0.6995873,1,1,unassigned,62.0,62.0,0.0,1.0,0.0,0.0,0.116054155,0.0,0,0,0,1,0
39049,-1,0,-0.25910103,0.43558472,0,1,unassigned,2.0,1.0,1.0,0.5,0.5,0.5,0.0,0.0,0,0,0,0,0
39050,-1,1,3.5488179,0.9720453,1,1,unassigned,6.0,5.0,1.0,0.8333333,0.16666667,0.16666669,0.007736944,0.0012894907,1,0,0,1,1
39051,-1,0,-0.49106684,0.3796423,0,1,unassigned,23.0,23.0,0.0,1.0,0.0,0.0,0.040618956,0.0,0,0,0,0,0
39052,-1,0,-0.45053726,0.38923305,0,1,unassigned,37.0,36.0,1.0,0.972973,0.027027028,0.02702701,0.06769826,0.0018296828,0,0,0,0,0
39053,-1,0,-0.7336253,0.32439968,0,1,unassigned,42.0,42.0,0.0,1.0,0.0,0.0,0.07736944,0.0,0,0,0,0,0
39054,-1,0,0.6369489,0.6540634,1,1,unassigned,2.0,2.0,0.0,1.0,0.0,0.0,0.0,0.0,0,0,0,1,0
39055,-1,0,-0.70790887,0.33006108,0,1,unassigned,39.0,39.0,0.0,1.0,0.0,0.0,0.07156673,0.0,0,0,0,0,0
39056,-1,0,4.3725367,0.9875381,1,1,unassigned,6.0,6.0,0.0,1.0,0.0,0.0,0.007736944,0.0,0,0,0,1,1
39057,-1,0,-0.23601717,0.4412681,0,1,unassigned,46.0,45.0,1.0,0.9782609,0.02173913,0.021739125,0.08510638,0.0018501388,0,0,0,0,0
39058,-1,0,-0.83278537,0.30305642,0,1,unassigned,66.0,66.0,0.0,1.0,0.0,0.0,0.123791106,0.0,0,0,0,0,0
39059,1,0,7.116052,0.9991887,1,0,train,10.0,7.0,3.0,0.7,0.3,0.3,0.015473888,0.0046421667,0,0,1,1,1
39060,-1,0,6.935035,0.99902785,1,1,unassigned,8.0,8.0,0.0,1.0,0.0,0.0,0.0116054155,0.0,0,0,0,1,1
39061,-1,0,-0.63804483,0.34568864,0,1,unassigned,2.0,2.0,0.0,1.0,0.0,0.0,0.0,0.0,0,0,0,0,0
39062,-1,0,-0.84349346,0.30079952,0,1,unassigned,27.0,27.0,0.0,1.0,0.0,0.0,0.0483559,0.0,0,0,0,0,0
39063,-1,0,3.983743,0.9817244,1,1,unassigned,2.0,2.0,0.0,1.0,0.0,0.0,0.0,0.0,0,0,0,1,1
39064,0,1,-0.8995993,0.28913286,0,0,test,3.0,3.0,0.0,1.0,0.0,0.0,0.001934236,0.0,1,0,1,0,0
39065,-1,1,11.142392,0.99998546,1,1,unassigned,4.0,4.0,0.0,1.0,0.0,0.0,0.003868472,0.0,1,0,0,1,1
39066,-1,0,4.396447,0.98782897,1,1,unassigned,3.0,3.0,0.0,1.0,0.0,0.0,0.001934236,0.0,0,0,0,1,1
39067,-1,0,-0.20002273,0.45016038,0,1,unassigned,7.0,7.0,0.0,1.0,0.0,0.0,0.00967118,0.0,0,0,0,0,0
39068,-1,0,5.553427,0.9961408,1,1,unassigned,9.0,9.0,0.0,1.0,0.0,0.0,0.013539651,0.0,0,0,0,1,1
39069,-1,0,3.9353611,0.9808358,1,1,unassigned,6.0,5.0,1.0,0.8333333,0.16666667,0.16666669,0.007736944,0.0012894907,0,0,0,1,1
39070,1,0,2.705278,0.9373374,1,0,unassigned,5.0,5.0,0.0,1.0,0.0,0.0,0.0058027077,0.0,0,0,1,1,1
39071,0,0,-0.0023115277,0.49942213,0,0,val,18.0,18.0,0.0,1.0,0.0,0.0,0.030947777,0.0,0,0,1,0,0
39072,-1,0,-0.16304928,0.45932776,0,1,unassigned,29.0,29.0,0.0,1.0,0.0,0.0,0.05222437,0.0,0,0,0,0,0
39073,-1,0,-0.5486068,0.3661877,0,1,unassigned,28.0,28.0,0.0,1.0,0.0,0.0,0.050290134,0.0,0,0,0,0,0
39074,0,0,-0.5039477,0.37661338,0,0,val,5.0,5.0,0.0,1.0,0.0,0.0,0.0058027077,0.0,0,0,1,0,0
39075,-1,0,1.0570977,0.7421355,1,1,unassigned,7.0,6.0,1.0,0.85714287,0.14285715,0.14285713,0.00967118,0.0013815971,0,0,0,1,0
39076,-1,0,-0.86020494,0.29729655,0,1,unassigned,3.0,3.0,0.0,1.0,0.0,0.0,0.001934236,0.0,0,0,0,0,0
39077,0,0,-0.84984714,0.29946494,0,0,val,10.0,9.0,1.0,0.9,0.1,0.100000024,0.015473888,0.0015473888,0,0,1,0,0
39078,-1,0,1.8616526,0.8654895,1,1,unassigned,21.0,20.0,1.0,0.95238096,0.04761905,0.047619045,0.036750484,0.0017500231,0,0,0,1,0
39079,-1,0,-0.27989414,0.43047974,0,1,unassigned,7.0,7.0,0.0,1.0,0.0,0.0,0.00967118,0.0,0,0,0,0,0
39080,-1,1,0.8321975,0.6968193,1,1,unassigned,8.0,4.0,4.0,0.5,0.5,0.5,0.0116054155,0.0058027077,1,0,0,1,0
39081,-1,1,6.451115,0.9984237,1,1,unassigned,20.0,19.0,1.0,0.95,0.05,0.050000012,0.034816246,0.0017408123,1,0,0,1,1
39082,-1,0,3.2505512,0.962693,1,1,unassigned,2.0,2.0,0.0,1.0,0.0,0.0,0.0,0.0,0,0,0,1,1
39083,-1,0,-0.18344787,0.45426622,0,1,unassigned,8.0,8.0,0.0,1.0,0.0,0.0,0.0116054155,0.0,0,0,0,0,0
39084,0,0,-0.15587524,0.46110994,0,0,test,11.0,10.0,1.0,0.90909094,0.09090909,0.090909064,0.017408123,0.0015825568,0,0,1,0,0
39085,-1,0,-0.64405465,0.34433055,0,1,unassigned,108.0,108.0,0.0,1.0,0.0,0.0,0.20502901,0.0,0,0,0,0,0
39086,-1,0,1.7024119,0.84584945,1,1,unassigned,56.0,54.0,2.0,0.96428573,0.035714287,0.03571427,0.10444874,0.0037303125,0,0,0,1,0
39087,-1,0,-0.16609466,0.45857155,0,1,unassigned,110.0,110.0,0.0,1.0,0.0,0.0,0.20889749,0.0,0,0,0,0,0
39088,-1,0,-0.22283816,0.44451985,0,1,unassigned,56.0,56.0,0.0,1.0,0.0,0.0,0.10444874,0.0,0,0,0,0,0
39089,-1,0,-0.70085907,0.3316218,0,1,unassigned,57.0,56.0,1.0,0.98245615,0.01754386,0.017543852,0.10638298,0.0018663681,0,0,0,0,0
39090,-1,0,-0.40796024,0.3994013,0,1,unassigned,56.0,55.0,1.0,0.98214287,0.017857144,0.017857134,0.10444874,0.0018651562,0,0,0,0,0
39091,-1,0,-0.37040073,0.4084442,0,1,unassigned,28.0,28.0,0.0,1.0,0.0,0.0,0.050290134,0.0,0,0,0,0,0
39092,-1,0,-0.6693584,0.3386405,0,1,unassigned,84.0,84.0,0.0,1.0,0.0,0.0,0.15860735,0.0,0,0,0,0,0
39093,-1,0,-0.3981853,0.40174842,0,1,unassigned,65.0,64.0,1.0,0.9846154,0.015384615,0.0153846145,0.12185687,0.001874721,0,0,0,0,0
39094,-1,0,0.67378825,0.6623509,1,1,unassigned,24.0,24.0,0.0,1.0,0.0,0.0,0.04255319,0.0,0,0,0,1,0
39095,-1,0,0.23779148,0.55916935,1,1,unassigned,49.0,48.0,1.0,0.97959185,0.020408163,0.020408154,0.09090909,0.0018552876,0,0,0,1,0
39096,-1,0,1.3574371,0.7953428,1,1,unassigned,5.0,5.0,0.0,1.0,0.0,0.0,0.0058027077,0.0,0,0,0,1,0
39097,-1,0,-0.106375456,0.4734312,0,1,unassigned,48.0,48.0,0.0,1.0,0.0,0.0,0.088974856,0.0,0,0,0,0,0
39098,-1,0,0.31353116,0.5777469,1,1,unassigned,17.0,17.0,0.0,1.0,0.0,0.0,0.029013539,0.0,0,0,0,1,0
39099,-1,0,-0.45453927,0.38828206,0,1,unassigned,3.0,3.0,0.0,1.0,0.0,0.0,0.001934236,0.0,0,0,0,0,0
39100,-1,0,-0.3929439,0.40300885,0,1,unassigned,55.0,53.0,2.0,0.96363634,0.036363635,0.03636366,0.102514505,0.0037278,0,0,0,0,0
39101,1,0,-0.7526714,0.32023948,0,1,val,28.0,25.0,3.0,0.89285713,0.10714286,0.107142866,0.050290134,0.0053882287,0,0,0,0,0
39102,-1,0,-0.72130895,0.3271048,0,1,unassigned,22.0,21.0,1.0,0.95454544,0.045454547,0.04545456,0.03868472,0.0017583964,0,0,0,0,0
39103,-1,1,9.2059765,0.9998995,1,1,unassigned,2.0,2.0,0.0,1.0,0.0,0.0,0.0,0.0,1,0,0,1,1
39104,-1,0,1.4391294,0.8083198,1,1,unassigned,13.0,13.0,0.0,1.0,0.0,0.0,0.021276595,0.0,0,0,0,1,0
39105,-1,0,1.5386574,0.8232695,1,1,unassigned,2.0,2.0,0.0,1.0,0.0,0.0,0.0,0.0,0,0,0,1,0
39106,-1,0,0.965843,0.72429013,1,1,unassigned,2.0,1.0,1.0,0.5,0.5,0.5,0.0,0.0,0,0,0,1,0
39107,-1,1,-0.7219147,0.3269715,0,1,unassigned,10.0,9.0,1.0,0.9,0.1,0.100000024,0.015473888,0.0015473888,1,0,0,0,0
39108,-1,0,-0.17440552,0.4565088,0,1,unassigned,17.0,17.0,0.0,1.0,0.0,0.0,0.029013539,0.0,0,0,0,0,0
39109,-1,0,0.46953493,0.61527365,1,1,unassigned,2.0,1.0,1.0,0.5,0.5,0.5,0.0,0.0,0,0,0,1,0
39110,1,0,-0.37608418,0.4070717,0,1,val,77.0,76.0,1.0,0.987013,0.012987013,0.012987018,0.14506769,0.001883996,0,0,0,0,0
39111,-1,0,4.754541,0.99146104,1,1,unassigned,6.0,6.0,0.0,1.0,0.0,0.0,0.007736944,0.0,0,0,0,1,1
39112,-1,1,1.0463955,0.7400822,1,1,unassigned,5.0,5.0,0.0,1.0,0.0,0.0,0.0058027077,0.0,1,0,0,1,0
39113,-1,0,3.3543057,0.9662456,1,1,unassigned,4.0,2.0,2.0,0.5,0.5,0.5,0.003868472,0.001934236,0,0,0,1,1
39114,-1,0,-0.4666055,0.38542002,0,1,unassigned,8.0,8.0,0.0,1.0,0.0,0.0,0.0116054155,0.0,0,0,0,0,0
39115,-1,0,1.4319327,0.8072022,1,1,unassigned,4.0,4.0,0.0,1.0,0.0,0.0,0.003868472,0.0,0,0,0,1,0
39116,-1,0,2.6728384,0.9354048,1,1,unassigned,2.0,2.0,0.0,1.0,0.0,0.0,0.0,0.0,0,0,0,1,1
39117,-1,0,-0.9310951,0.2827026,0,1,unassigned,33.0,31.0,2.0,0.93939394,0.060606062,0.060606062,0.059961315,0.0036340193,0,0,0,0,0
39118,-1,1,-0.5866801,0.35739693,0,1,unassigned,26.0,25.0,1.0,0.96153843,0.03846154,0.038461566,0.046421662,0.0017854486,1,0,0,0,0
39119,-1,1,1.916836,0.87178516,1,1,unassigned,9.0,9.0,0.0,1.0,0.0,0.0,0.013539651,0.0,1,0,0,1,0
39120,-1,0,-0.5740807,0.36029577,0,1,unassigned,4.0,4.0,0.0,1.0,0.0,0.0,0.003868472,0.0,0,0,0,0,0
39121,-1,0,12.17583,0.9999949,1,1,unassigned,168.0,151.0,17.0,0.89880955,0.10119048,0.10119045,0.32108316,0.03249056,0,0,0,1,1
39122,-1,0,0.8172222,0.6936464,1,1,unassigned,3.0,3.0,0.0,1.0,0.0,0.0,0.001934236,0.0,0,0,0,1,0
39123,-1,0,1.8461893,0.86367905,1,1,unassigned,8.0,7.0,1.0,0.875,0.125,0.125,0.0116054155,0.0014506769,0,0,0,1,0
39124,-1,0,-0.18042824,0.45501494,0,1,unassigned,32.0,32.0,0.0,1.0,0.0,0.0,0.058027077,0.0,0,0,0,0,0
39125,-1,0,2.35349,0.9132113,1,1,unassigned,7.0,7.0,0.0,1.0,0.0,0.0,0.00967118,0.0,0,0,0,1,1
39126,-1,0,-0.13711464,0.46577492,0,1,unassigned,27.0,26.0,1.0,0.962963,0.037037037,0.037037015,0.0483559,0.0017909593,0,0,0,0,0
39127,-1,1,3.3939447,0.9675147,1,1,unassigned,21.0,18.0,3.0,0.85714287,0.14285715,0.14285713,0.036750484,0.0052500693,1,0,0,1,1
39128,-1,0,0.15498596,0.5386691,1,1,unassigned,29.0,29.0,0.0,1.0,0.0,0.0,0.05222437,0.0,0,0,0,1,0
39129,-1,0,-0.42142305,0.39617628,0,1,unassigned,19.0,19.0,0.0,1.0,0.0,0.0,0.032882012,0.0,0,0,0,0,0
39130,-1,1,4.7839212,0.99170625,1,1,unassigned,9.0,9.0,0.0,1.0,0.0,0.0,0.013539651,0.0,1,0,0,1,1
39131,0,0,0.65442485,0.6580069,1,1,test,3.0,3.0,0.0,1.0,0.0,0.0,0.001934236,0.0,0,0,0,1,0
39132,-1,0,-0.6993936,0.33194667,0,1,unassigned,98.0,97.0,1.0,0.9897959,0.010204081,0.010204077,0.18568665,0.0018947617,0,0,0,0,0
39133,-1,0,-0.8436388,0.30076897,0,1,unassigned,10.0,10.0,0.0,1.0,0.0,0.0,0.015473888,0.0,0,0,0,0,0
39134,-1,0,-0.16514057,0.45880845,0,1,unassigned,14.0,14.0,0.0,1.0,0.0,0.0,0.023210831,0.0,0,0,0,0,0
39135,-1,0,-0.18411142,0.4541017,0,1,unassigned,39.0,39.0,0.0,1.0,0.0,0.0,0.07156673,0.0,0,0,0,0,0
39136,0,0,-0.55101466,0.36562905,0,0,unassigned,54.0,54.0,0.0,1.0,0.0,0.0,0.10058027,0.0,0,0,1,0,0
39137,-1,0,-0.60713804,0.35271233,0,1,unassigned,7.0,7.0,0.0,1.0,0.0,0.0,0.00967118,0.0,0,0,0,0,0
39138,-1,0,-0.10796049,0.47303608,0,1,unassigned,14.0,14.0,0.0,1.0,0.0,0.0,0.023210831,0.0,0,0,0,0,0
39139,-1,0,-0.3985661,0.4016569,0,1,unassigned,17.0,17.0,0.0,1.0,0.0,0.0,0.029013539,0.0,0,0,0,0,0
39140,-1,0,-0.61405426,0.35113493,0,1,unassigned,30.0,30.0,0.0,1.0,0.0,0.0,0.054158606,0.0,0,0,0,0,0
39141,-1,0,-0.50146365,0.37719673,0,1,unassigned,2.0,2.0,0.0,1.0,0.0,0.0,0.0,0.0,0,0,0,0,0
39142,-1,1,1.8398826,0.86293477,1,1,unassigned,5.0,5.0,0.0,1.0,0.0,0.0,0.0058027077,0.0,1,0,0,1,0
39143,-1,1,0.5372307,0.63116795,1,1,unassigned,2.0,2.0,0.0,1.0,0.0,0.0,0.0,0.0,1,0,0,1,0
39144,1,0,0.3008541,0.5746513,1,0,unassigned,3.0,3.0,0.0,1.0,0.0,0.0,0.001934236,0.0,0,0,1,1,0
39145,-1,1,0.42501074,0.6046816,1,1,unassigned,2.0,2.0,0.0,1.0,0.0,0.0,0.0,0.0,1,0,0,1,0
39146,-1,0,-0.62819177,0.34792066,0,1,unassigned,2.0,2.0,0.0,1.0,0.0,0.0,0.0,0.0,0,0,0,0,0
39147,-1,0,-0.5729418,0.3605583,0,1,unassigned,12.0,12.0,0.0,1.0,0.0,0.0,0.01934236,0.0,0,0,0,0,0
39148,1,1,4.696085,0.99095166,1,0,test,17.0,17.0,0.0,1.0,0.0,0.0,0.029013539,0.0,1,0,1,1,1
39149,-1,1,2.1846406,0.8988617,1,1,unassigned,4.0,2.0,2.0,0.5,0.5,0.5,0.003868472,0.001934236,1,0,0,1,0
39150,-1,0,-0.6217366,0.3493866,0,1,unassigned,18.0,18.0,0.0,1.0,0.0,0.0,0.030947777,0.0,0,0,0,0,0
39151,-1,0,0.36694354,0.59072024,1,1,unassigned,42.0,42.0,0.0,1.0,0.0,0.0,0.07736944,0.0,0,0,0,1,0
39152,-1,0,1.2303896,0.77388674,1,1,unassigned,22.0,21.0,1.0,0.95454544,0.045454547,0.04545456,0.03868472,0.0017583964,0,0,0,1,0
39153,-1,1,1.0258245,0.7361056,1,1,unassigned,18.0,12.0,6.0,0.6666667,0.33333334,0.3333333,0.030947777,0.010315926,1,0,0,1,0
39154,-1,0,0.10063225,0.5251368,1,1,unassigned,10.0,10.0,0.0,1.0,0.0,0.0,0.015473888,0.0,0,0,0,1,0
39155,-1,0,2.1730201,0.8978004,1,1,unassigned,36.0,36.0,0.0,1.0,0.0,0.0,0.065764025,0.0,0,0,0,1,0
39156,-1,0,1.146359,0.75884527,1,1,unassigned,22.0,19.0,3.0,0.8636364,0.13636364,0.13636363,0.03868472,0.005275189,0,0,0,1,0
39157,-1,0,-0.044527054,0.48887008,0,1,unassigned,52.0,51.0,1.0,0.9807692,0.01923077,0.019230783,0.0967118,0.0018598423,0,0,0,0,0
39158,-1,0,1.4653518,0.81234986,1,1,unassigned,17.0,17.0,0.0,1.0,0.0,0.0,0.029013539,0.0,0,0,0,1,0
39159,-1,0,-0.34803084,0.41386002,0,1,unassigned,2.0,2.0,0.0,1.0,0.0,0.0,0.0,0.0,0,0,0,0,0
39160,-1,0,0.20227903,0.55039805,1,1,unassigned,17.0,17.0,0.0,1.0,0.0,0.0,0.029013539,0.0,0,0,0,1,0
39161,-1,1,-0.34113806,0.41553304,0,1,unassigned,9.0,8.0,1.0,0.8888889,0.11111111,0.111111104,0.013539651,0.0015044058,1,0,0,0,0
39162,-1,0,1.0006547,0.7311873,1,1,unassigned,10.0,10.0,0.0,1.0,0.0,0.0,0.015473888,0.0,0,0,0,1,0
39163,-1,1,-0.32780993,0.4187736,0,1,unassigned,8.0,8.0,0.0,1.0,0.0,0.0,0.0116054155,0.0,1,0,0,0,0
39164,-1,1,0.56545645,0.6377141,1,1,unassigned,48.0,45.0,3.0,0.9375,0.0625,0.0625,0.088974856,0.0055609285,1,0,0,1,0
39165,-1,0,-0.5501645,0.36582625,0,1,unassigned,2.0,2.0,0.0,1.0,0.0,0.0,0.0,0.0,0,0,0,0,0
39166,-1,1,1.7231328,0.84853196,1,1,unassigned,3.0,2.0,1.0,0.6666667,0.33333334,0.3333333,0.001934236,0.00064474536,1,0,0,1,0
39167,1,0,2.4585717,0.921186,1,0,unassigned,39.0,27.0,12.0,0.6923077,0.30769232,0.3076923,0.07156673,0.022020534,0,0,1,1,1
39168,-1,1,-0.23681134,0.4410723,0,1,unassigned,3.0,2.0,1.0,0.6666667,0.33333334,0.3333333,0.001934236,0.00064474536,1,0,0,0,0
39169,-1,0,-0.32819644,0.41867954,0,1,unassigned,5.0,5.0,0.0,1.0,0.0,0.0,0.0058027077,0.0,0,0,0,0,0
39170,-1,0,-0.52572036,0.3715156,0,1,unassigned,15.0,9.0,6.0,0.6,0.4,0.39999998,0.025145067,0.010058027,0,0,0,0,0
39171,-1,1,2.000953,0.8808971,1,1,unassigned,6.0,4.0,2.0,0.6666667,0.33333334,0.3333333,0.007736944,0.0025789815,1,0,0,1,0
39172,1,1,1.7007847,0.8456372,1,0,test,2.0,1.0,1.0,0.5,0.5,0.5,0.0,0.0,1,0,1,1,0
39173,-1,1,0.20694345,0.551552,1,1,unassigned,2.0,2.0,0.0,1.0,0.0,0.0,0.0,0.0,1,0,0,1,0
39174,-1,1,4.2267203,0.98560995,1,1,unassigned,2.0,1.0,1.0,0.5,0.5,0.5,0.0,0.0,1,0,0,1,1
39175,0,0,1.0231295,0.73558176,1,1,unassigned,21.0,20.0,1.0,0.95238096,0.04761905,0.047619045,0.036750484,0.0017500231,0,0,0,1,0
39176,-1,0,2.2073848,0.90091074,1,1,unassigned,39.0,39.0,0.0,1.0,0.0,0.0,0.07156673,0.0,0,0,0,1,1
39177,-1,0,-0.38638535,0.40458775,0,1,unassigned,2.0,2.0,0.0,1.0,0.0,0.0,0.0,0.0,0,0,0,0,0
39178,-1,0,-0.40710005,0.3996077,0,1,unassigned,12.0,12.0,0.0,1.0,0.0,0.0,0.01934236,0.0,0,0,0,0,0
39179,-1,0,0.22883934,0.5569615,1,1,unassigned,21.0,21.0,0.0,1.0,0.0,0.0,0.036750484,0.0,0,0,0,1,0
39180,-1,0,-0.22538346,0.44389144,0,1,unassigned,40.0,40.0,0.0,1.0,0.0,0.0,0.07350097,0.0,0,0,0,0,0
39181,0,1,-0.8301226,0.30361915,0,0,unassigned,70.0,65.0,5.0,0.9285714,0.071428575,0.0714286,0.13152805,0.009394861,1,0,1,0,0
39182,-1,0,0.3919248,0.5967459,1,1,unassigned,5.0,4.0,1.0,0.8,0.2,0.19999999,0.0058027077,0.0011605415,0,0,0,1,0
39183,-1,0,1.4812834,0.81476635,1,1,unassigned,4.0,4.0,0.0,1.0,0.0,0.0,0.003868472,0.0,0,0,0,1,0
39184,-1,0,-0.58575124,0.35761032,0,1,unassigned,76.0,76.0,0.0,1.0,0.0,0.0,0.14313346,0.0,0,0,0,0,0
39185,-1,0,-0.2546533,0.4366785,0,1,unassigned,14.0,14.0,0.0,1.0,0.0,0.0,0.023210831,0.0,0,0,0,0,0
39186,-1,0,-0.46702695,0.38532016,0,1,unassigned,2.0,2.0,0.0,1.0,0.0,0.0,0.0,0.0,0,0,0,0,0
39187,-1,0,-0.023830593,0.49404263,0,1,unassigned,2.0,2.0,0.0,1.0,0.0,0.0,0.0,0.0,0,0,0,0,0
39188,-1,0,4.1688514,0.98476565,1,1,unassigned,2.0,2.0,0.0,1.0,0.0,0.0,0.0,0.0,0,0,0,1,1
39189,-1,0,2.5699818,0.92890453,1,1,unassigned,3.0,3.0,0.0,1.0,0.0,0.0,0.001934236,0.0,0,0,0,1,1
39190,-1,0,3.4340765,0.96875274,1,1,unassigned,2.0,2.0,0.0,1.0,0.0,0.0,0.0,0.0,0,0,0,1,1
39191,-1,1,-0.47214127,0.38410956,0,1,unassigned,4.0,3.0,1.0,0.75,0.25,0.25,0.003868472,0.000967118,1,0,0,0,0
39192,1,0,0.052106023,0.51302356,1,0,val,49.0,48.0,1.0,0.97959185,0.020408163,0.020408154,0.09090909,0.0018552876,0,0,1,1,0
39193,-1,1,1.4411113,0.80862665,1,1,unassigned,5.0,5.0,0.0,1.0,0.0,0.0,0.0058027077,0.0,1,0,0,1,0
39194,-1,0,2.6542864,0.93427473,1,1,unassigned,9.0,8.0,1.0,0.8888889,0.11111111,0.111111104,0.013539651,0.0015044058,0,0,0,1,1
39195,-1,0,0.17341155,0.5432446,1,1,unassigned,56.0,53.0,3.0,0.9464286,0.05357143,0.053571403,0.10444874,0.0055954685,0,0,0,1,0
39196,-1,0,0.14696348,0.53667486,1,1,unassigned,40.0,40.0,0.0,1.0,0.0,0.0,0.07350097,0.0,0,0,0,1,0
39197,-1,1,0.34319848,0.58496726,1,1,unassigned,26.0,24.0,2.0,0.9230769,0.07692308,0.07692307,0.046421662,0.0035708973,1,0,0,1,0
39198,-1,0,-0.2105552,0.44755483,0,1,unassigned,14.0,14.0,0.0,1.0,0.0,0.0,0.023210831,0.0,0,0,0,0,0
39199,0,0,-0.49305615,0.37917387,0,0,val,14.0,13.0,1.0,0.9285714,0.071428575,0.0714286,0.023210831,0.0016579166,0,0,1,0,0
39200,-1,0,-0.4651568,0.38576323,0,1,unassigned,22.0,21.0,1.0,0.95454544,0.045454547,0.04545456,0.03868472,0.0017583964,0,0,0,0,0
39201,1,0,5.8727164,0.9971927,1,0,unassigned,4.0,4.0,0.0,1.0,0.0,0.0,0.003868472,0.0,0,0,1,1,1
39202,-1,0,-0.35982126,0.4110028,0,1,unassigned,2.0,1.0,1.0,0.5,0.5,0.5,0.0,0.0,0,0,0,0,0
39203,1,1,-0.3903839,0.4036249,0,1,test,14.0,13.0,1.0,0.9285714,0.071428575,0.0714286,0.023210831,0.0016579166,1,0,0,0,0
39204,-1,1,3.6298816,0.9741658,1,1,unassigned,2.0,2.0,0.0,1.0,0.0,0.0,0.0,0.0,1,0,0,1,1
39205,-1,0,0.06358439,0.5158907,1,1,unassigned,23.0,23.0,0.0,1.0,0.0,0.0,0.040618956,0.0,0,0,0,1,0
39206,-1,0,-0.45161146,0.38897774,0,1,unassigned,26.0,26.0,0.0,1.0,0.0,0.0,0.046421662,0.0,0,0,0,0,0
39207,-1,1,4.0986295,0.98367554,1,1,unassigned,9.0,8.0,1.0,0.8888889,0.11111111,0.111111104,0.013539651,0.0015044058,1,0,0,1,1
39208,-1,1,0.97200507,0.725519,1,1,unassigned,34.0,31.0,3.0,0.9117647,0.0882353,0.08823532,0.061895553,0.0054613724,1,0,0,1,0
39209,-1,1,5.556445,0.99615234,1,1,unassigned,4.0,4.0,0.0,1.0,0.0,0.0,0.003868472,0.0,1,0,0,1,1
39210,-1,1,0.7468594,0.678494,1,1,unassigned,4.0,4.0,0.0,1.0,0.0,0.0,0.003868472,0.0,1,0,0,1,0
39211,1,0,3.1522815,0.95899856,1,0,test,2.0,2.0,0.0,1.0,0.0,0.0,0.0,0.0,0,0,1,1,1
39212,-1,0,0.6892796,0.6658066,1,1,unassigned,7.0,6.0,1.0,0.85714287,0.14285715,0.14285713,0.00967118,0.0013815971,0,0,0,1,0
39213,-1,0,1.1726813,0.7636293,1,1,unassigned,3.0,3.0,0.0,1.0,0.0,0.0,0.001934236,0.0,0,0,0,1,0
39214,-1,0,-0.4202566,0.39645535,0,1,unassigned,120.0,120.0,0.0,1.0,0.0,0.0,0.22823985,0.0,0,0,0,0,0
39215,-1,1,4.6116004,0.9901619,1,1,unassigned,2.0,1.0,1.0,0.5,0.5,0.5,0.0,0.0,1,0,0,1,1
39216,-1,0,1.9006059,0.8699601,1,1,unassigned,12.0,11.0,1.0,0.9166667,0.083333336,0.08333331,0.01934236,0.0016118633,0,0,0,1,0
39217,-1,0,-0.75914013,0.318833,0,1,unassigned,8.0,8.0,0.0,1.0,0.0,0.0,0.0116054155,0.0,0,0,0,0,0
39218,-1,0,-0.3848766,0.40495124,0,1,unassigned,2.0,2.0,0.0,1.0,0.0,0.0,0.0,0.0,0,0,0,0,0
39219,-1,1,1.8960488,0.86944366,1,1,unassigned,24.0,23.0,1.0,0.9583333,0.041666668,0.041666687,0.04255319,0.0017730496,1,0,0,1,0
39220,-1,0,1.5110493,0.81921667,1,1,unassigned,4.0,3.0,1.0,0.75,0.25,0.25,0.003868472,0.000967118,0,0,0,1,0
39221,-1,0,-0.69781303,0.33229727,0,1,unassigned,4.0,4.0,0.0,1.0,0.0,0.0,0.003868472,0.0,0,0,0,0,0
39222,-1,0,-0.49871737,0.37784216,0,1,unassigned,35.0,34.0,1.0,0.9714286,0.028571429,0.028571427,0.06382979,0.0018237082,0,0,0,0,0
39223,-1,1,11.470318,0.9999895,1,1,unassigned,5.0,3.0,2.0,0.6,0.4,0.39999998,0.0058027077,0.002321083,1,0,0,1,1
39224,-1,0,0.10322958,0.5257845,1,1,unassigned,8.0,8.0,0.0,1.0,0.0,0.0,0.0116054155,0.0,0,0,0,1,0
39225,-1,0,-0.9622764,0.27642265,0,1,unassigned,27.0,27.0,0.0,1.0,0.0,0.0,0.0483559,0.0,0,0,0,0,0
39226,-1,0,-0.33383676,0.41730738,0,1,unassigned,39.0,38.0,1.0,0.974359,0.025641026,0.025641024,0.07156673,0.0018350444,0,0,0,0,0
39227,-1,0,0.94328696,0.7197631,1,1,unassigned,12.0,12.0,0.0,1.0,0.0,0.0,0.01934236,0.0,0,0,0,1,0
39228,-1,0,-0.55034417,0.36578456,0,1,unassigned,10.0,7.0,3.0,0.7,0.3,0.3,0.015473888,0.0046421667,0,0,0,0,0
39229,-1,0,4.699474,0.990982,1,1,unassigned,2.0,2.0,0.0,1.0,0.0,0.0,0.0,0.0,0,0,0,1,1
39230,-1,0,-0.47269788,0.3839779,0,1,unassigned,5.0,4.0,1.0,0.8,0.2,0.19999999,0.0058027077,0.0011605415,0,0,0,0,0
39231,-1,0,-0.52783597,0.37102175,0,1,unassigned,11.0,11.0,0.0,1.0,0.0,0.0,0.017408123,0.0,0,0,0,0,0
39232,-1,0,-0.4055789,0.39997268,0,1,unassigned,9.0,9.0,0.0,1.0,0.0,0.0,0.013539651,0.0,0,0,0,0,0
39233,-1,0,-0.26486474,0.43416825,0,1,unassigned,4.0,4.0,0.0,1.0,0.0,0.0,0.003868472,0.0,0,0,0,0,0
39234,-1,0,1.2308977,0.7739756,1,1,unassigned,7.0,6.0,1.0,0.85714287,0.14285715,0.14285713,0.00967118,0.0013815971,0,0,0,1,0
39235,-1,0,0.5080194,0.624342,1,1,unassigned,8.0,8.0,0.0,1.0,0.0,0.0,0.0116054155,0.0,0,0,0,1,0
39236,1,0,1.1111553,0.7523444,1,0,val,14.0,14.0,0.0,1.0,0.0,0.0,0.023210831,0.0,0,0,1,1,0
39237,-1,0,0.6583591,0.6588917,1,1,unassigned,8.0,8.0,0.0,1.0,0.0,0.0,0.0116054155,0.0,0,0,0,1,0
39238,-1,0,0.93432003,0.7179509,1,1,unassigned,3.0,3.0,0.0,1.0,0.0,0.0,0.001934236,0.0,0,0,0,1,0
39239,-1,0,-0.3629241,0.41025192,0,1,unassigned,6.0,6.0,0.0,1.0,0.0,0.0,0.007736944,0.0,0,0,0,0,0
39240,1,0,-0.17587823,0.4561434,0,1,unassigned,32.0,32.0,0.0,1.0,0.0,0.0,0.058027077,0.0,0,0,0,0,0
39241,-1,0,-0.745505,0.32180154,0,1,unassigned,50.0,50.0,0.0,1.0,0.0,0.0,0.092843324,0.0,0,0,0,0,0
39242,-1,0,0.3552088,0.58788013,1,1,unassigned,3.0,3.0,0.0,1.0,0.0,0.0,0.001934236,0.0,0,0,0,1,0
39243,-1,0,3.3900332,0.96739167,1,1,unassigned,3.0,2.0,1.0,0.6666667,0.33333334,0.3333333,0.001934236,0.00064474536,0,0,0,1,1
39244,1,1,0.070396006,0.5175917,1,0,test,21.0,19.0,2.0,0.9047619,0.0952381,0.09523809,0.036750484,0.0035000462,1,0,1,1,0
39245,-1,0,-0.62461084,0.34873354,0,1,unassigned,7.0,7.0,0.0,1.0,0.0,0.0,0.00967118,0.0,0,0,0,0,0
39246,-1,1,3.9382622,0.9808903,1,1,unassigned,41.0,38.0,3.0,0.9268293,0.07317073,0.07317072,0.07543521,0.005519649,1,0,0,1,1
39247,-1,0,4.492299,0.9889291,1,1,unassigned,2.0,2.0,0.0,1.0,0.0,0.0,0.0,0.0,0,0,0,1,1
39248,-1,0,4.8492794,0.99222684,1,1,unassigned,8.0,4.0,4.0,0.5,0.5,0.5,0.0116054155,0.0058027077,0,0,0,1,1
39249,-1,0,6.5846124,0.9986204,1,1,unassigned,2.0,2.0,0.0,1.0,0.0,0.0,0.0,0.0,0,0,0,1,1
39250,-1,0,0.8121726,0.6925723,1,1,unassigned,3.0,3.0,0.0,1.0,0.0,0.0,0.001934236,0.0,0,0,0,1,0
39251,1,0,5.9829288,0.9974849,1,0,unassigned,4.0,4.0,0.0,1.0,0.0,0.0,0.003868472,0.0,0,0,1,1,1
39252,-1,0,4.784641,0.9917121,1,1,unassigned,3.0,3.0,0.0,1.0,0.0,0.0,0.001934236,0.0,0,0,0,1,1
39253,-1,1,-0.81805253,0.30617723,0,1,unassigned,3.0,2.0,1.0,0.6666667,0.33333334,0.3333333,0.001934236,0.00064474536,1,0,0,0,0
39254,0,0,-0.61050606,0.35194376,0,0,unassigned,14.0,13.0,1.0,0.9285714,0.071428575,0.0714286,0.023210831,0.0016579166,0,0,1,0,0
39255,1,1,2.1879804,0.8991649,1,0,unassigned,7.0,5.0,2.0,0.71428573,0.2857143,0.28571427,0.00967118,0.0027631943,1,0,1,1,0
39256,-1,0,2.3687246,0.91441107,1,1,unassigned,21.0,19.0,2.0,0.9047619,0.0952381,0.09523809,0.036750484,0.0035000462,0,0,0,1,1
39257,-1,0,1.7046134,0.84613633,1,1,unassigned,22.0,22.0,0.0,1.0,0.0,0.0,0.03868472,0.0,0,0,0,1,0
39258,-1,1,0.3588528,0.5887627,1,1,unassigned,2.0,2.0,0.0,1.0,0.0,0.0,0.0,0.0,1,0,0,1,0
39259,-1,0,0.27139145,0.5674345,1,1,unassigned,15.0,14.0,1.0,0.93333334,0.06666667,0.06666666,0.025145067,0.0016763379,0,0,0,1,0
39260,-1,0,1.0596845,0.74263024,1,1,unassigned,13.0,13.0,0.0,1.0,0.0,0.0,0.021276595,0.0,0,0,0,1,0
39261,-1,1,-0.27901763,0.4306946,0,1,unassigned,51.0,47.0,4.0,0.92156863,0.078431375,0.07843137,0.09477756,0.0074335346,1,0,0,0,0
39262,-1,0,-0.17535588,0.45627302,0,1,unassigned,24.0,24.0,0.0,1.0,0.0,0.0,0.04255319,0.0,0,0,0,0,0
39263,-1,1,-0.5365904,0.3689811,0,1,unassigned,43.0,20.0,23.0,0.4651163,0.53488374,0.53488374,0.079303674,0.042418245,1,0,0,0,0
39264,1,0,1.9764097,0.878298,1,0,val,19.0,19.0,0.0,1.0,0.0,0.0,0.032882012,0.0,0,0,1,1,0
39265,-1,1,2.7711148,0.9410949,1,1,unassigned,5.0,4.0,1.0,0.8,0.2,0.19999999,0.0058027077,0.0011605415,1,0,0,1,1
39266,-1,0,1.1158087,0.7532104,1,1,unassigned,3.0,3.0,0.0,1.0,0.0,0.0,0.001934236,0.0,0,0,0,1,0
39267,-1,0,1.1857708,0.7659838,1,1,unassigned,3.0,3.0,0.0,1.0,0.0,0.0,0.001934236,0.0,0,0,0,1,0
39268,-1,0,0.9451073,0.72013015,1,1,unassigned,6.0,4.0,2.0,0.6666667,0.33333334,0.3333333,0.007736944,0.0025789815,0,0,0,1,0
39269,-1,0,1.3786006,0.7987662,1,1,unassigned,5.0,5.0,0.0,1.0,0.0,0.0,0.0058027077,0.0,0,0,0,1,0
39270,-1,0,-0.87389624,0.2944442,0,1,unassigned,59.0,59.0,0.0,1.0,0.0,0.0,0.11025145,0.0,0,0,0,0,0
39271,-1,0,-0.38661948,0.40453136,0,1,unassigned,23.0,23.0,0.0,1.0,0.0,0.0,0.040618956,0.0,0,0,0,0,0
39272,-1,0,1.1857708,0.7659838,1,1,unassigned,3.0,3.0,0.0,1.0,0.0,0.0,0.001934236,0.0,0,0,0,1,0
39273,-1,0,2.2620687,0.9056865,1,1,unassigned,14.0,14.0,0.0,1.0,0.0,0.0,0.023210831,0.0,0,0,0,1,1
39274,-1,0,0.31592262,0.5783302,1,1,unassigned,2.0,2.0,0.0,1.0,0.0,0.0,0.0,0.0,0,0,0,1,0
39275,-1,0,1.1163635,0.7533136,1,1,unassigned,3.0,3.0,0.0,1.0,0.0,0.0,0.001934236,0.0,0,0,0,1,0
39276,-1,1,-0.17996103,0.45513076,0,1,unassigned,31.0,30.0,1.0,0.9677419,0.032258064,0.032258093,0.056092843,0.0018094465,1,0,0,0,0
39277,-1,0,4.376323,0.98758465,1,1,unassigned,22.0,22.0,0.0,1.0,0.0,0.0,0.03868472,0.0,0,0,0,1,1
39278,-1,1,0.54253334,0.6324015,1,1,unassigned,14.0,13.0,1.0,0.9285714,0.071428575,0.0714286,0.023210831,0.0016579166,1,0,0,1,0
39279,-1,0,0.7874318,0.68727964,1,1,unassigned,2.0,2.0,0.0,1.0,0.0,0.0,0.0,0.0,0,0,0,1,0
39280,-1,0,-0.24945068,0.43795872,0,1,unassigned,15.0,14.0,1.0,0.93333334,0.06666667,0.06666666,0.025145067,0.0016763379,0,0,0,0,0
39281,-1,0,-0.73371226,0.3243806,0,1,unassigned,87.0,86.0,1.0,0.9885057,0.011494253,0.011494279,0.16441005,0.0018897707,0,0,0,0,0
39282,-1,1,1.9512885,0.87558705,1,1,unassigned,2.0,1.0,1.0,0.5,0.5,0.5,0.0,0.0,1,0,0,1,0
39283,0,0,-0.57787657,0.35942134,0,0,test,3.0,3.0,0.0,1.0,0.0,0.0,0.001934236,0.0,0,0,1,0,0
39284,-1,1,8.047972,0.9996804,1,1,unassigned,2.0,2.0,0.0,1.0,0.0,0.0,0.0,0.0,1,0,0,1,1
39285,-1,1,-0.47530222,0.38336203,0,1,unassigned,30.0,23.0,7.0,0.76666665,0.23333333,0.23333335,0.054158606,0.012637008,1,0,0,0,0
39286,-1,0,0.30443335,0.57552594,1,1,unassigned,4.0,4.0,0.0,1.0,0.0,0.0,0.003868472,0.0,0,0,0,1,0
39287,0,0,-0.5993076,0.35450214,0,0,unassigned,6.0,5.0,1.0,0.8333333,0.16666667,0.16666669,0.007736944,0.0012894907,0,0,1,0,0
39288,0,1,-1.0848124,0.25259638,0,0,train,5.0,5.0,0.0,1.0,0.0,0.0,0.0058027077,0.0,1,0,1,0,0
39289,-1,0,-0.4511232,0.38909376,0,1,unassigned,10.0,10.0,0.0,1.0,0.0,0.0,0.015473888,0.0,0,0,0,0,0
39290,-1,1,-0.671469,0.338168,0,1,unassigned,11.0,11.0,0.0,1.0,0.0,0.0,0.017408123,0.0,1,0,0,0,0
39291,-1,0,10.227905,0.9999639,1,1,unassigned,68.0,66.0,2.0,0.9705882,0.029411765,0.029411793,0.12765957,0.0037546933,0,0,0,1,1
39292,-1,0,6.8406706,0.9989317,1,1,unassigned,2.0,2.0,0.0,1.0,0.0,0.0,0.0,0.0,0,0,0,1,1
39293,-1,0,-0.8901504,0.29107878,0,1,unassigned,8.0,8.0,0.0,1.0,0.0,0.0,0.0116054155,0.0,0,0,0,0,0
39294,-1,1,-0.5256225,0.37153843,0,1,unassigned,3.0,3.0,0.0,1.0,0.0,0.0,0.001934236,0.0,1,0,0,0,0
39295,-1,0,2.0967162,0.8905836,1,1,unassigned,10.0,10.0,0.0,1.0,0.0,0.0,0.015473888,0.0,0,0,0,1,0
39296,-1,1,2.0570304,0.8866561,1,1,unassigned,3.0,3.0,0.0,1.0,0.0,0.0,0.001934236,0.0,1,0,0,1,0
39297,1,0,1.5024755,0.8179434,1,0,test,2.0,2.0,0.0,1.0,0.0,0.0,0.0,0.0,0,0,1,1,0
39298,-1,1,4.0640697,0.98311114,1,1,unassigned,5.0,5.0,0.0,1.0,0.0,0.0,0.0058027077,0.0,1,0,0,1,1
39299,0,0,0.0126975775,0.50317436,1,1,unassigned,2.0,2.0,0.0,1.0,0.0,0.0,0.0,0.0,0,0,0,1,0
39300,-1,0,-0.94131696,0.28063437,0,1,unassigned,6.0,5.0,1.0,0.8333333,0.16666667,0.16666669,0.007736944,0.0012894907,0,0,0,0,0
39301,-1,0,0.5562287,0.63557947,1,1,unassigned,2.0,2.0,0.0,1.0,0.0,0.0,0.0,0.0,0,0,0,1,0
39302,-1,0,1.0180101,0.7345848,1,1,unassigned,15.0,15.0,0.0,1.0,0.0,0.0,0.025145067,0.0,0,0,0,1,0
39303,-1,1,1.9261873,0.8728269,1,1,unassigned,5.0,5.0,0.0,1.0,0.0,0.0,0.0058027077,0.0,1,0,0,1,0
39304,-1,1,0.030490935,0.5076221,1,1,unassigned,3.0,2.0,1.0,0.6666667,0.33333334,0.3333333,0.001934236,0.00064474536,1,0,0,1,0
39305,-1,1,-0.37414914,0.40753883,0,1,unassigned,2.0,2.0,0.0,1.0,0.0,0.0,0.0,0.0,1,0,0,0,0
39306,0,1,-0.21611983,0.44617933,0,0,train,5.0,5.0,0.0,1.0,0.0,0.0,0.0058027077,0.0,1,0,1,0,0
39307,-1,0,-0.63504446,0.34636763,0,1,unassigned,14.0,14.0,0.0,1.0,0.0,0.0,0.023210831,0.0,0,0,0,0,0
39308,-1,0,4.499884,0.98901176,1,1,unassigned,2.0,2.0,0.0,1.0,0.0,0.0,0.0,0.0,0,0,0,1,1
39309,-1,0,3.165158,0.95950186,1,1,unassigned,5.0,5.0,0.0,1.0,0.0,0.0,0.0058027077,0.0,0,0,0,1,1
39310,-1,0,9.11237,0.99988973,1,1,unassigned,7.0,5.0,2.0,0.71428573,0.2857143,0.28571427,0.00967118,0.0027631943,0,0,0,1,1
39311,-1,0,4.4184036,0.98809004,1,1,unassigned,27.0,16.0,11.0,0.5925926,0.4074074,0.4074074,0.0483559,0.019700551,0,0,0,1,1
39312,-1,1,-0.23189342,0.44228503,0,1,unassigned,47.0,43.0,4.0,0.9148936,0.08510638,0.08510637,0.08704062,0.007407712,1,0,0,0,0
39313,-1,1,0.0025533438,0.50063837,1,1,unassigned,64.0,60.0,4.0,0.9375,0.0625,0.0625,0.11992263,0.0074951644,1,0,0,1,0
39314,-1,0,0.52126485,0.6274435,1,1,unassigned,5.0,5.0,0.0,1.0,0.0,0.0,0.0058027077,0.0,0,0,0,1,0
39315,-1,1,1.2320993,0.7741858,1,1,unassigned,11.0,10.0,1.0,0.90909094,0.09090909,0.090909064,0.017408123,0.0015825568,1,0,0,1,0
39316,-1,0,2.5339808,0.9264899,1,1,unassigned,10.0,10.0,0.0,1.0,0.0,0.0,0.015473888,0.0,0,0,0,1,1
39317,-1,1,5.06192,0.9937065,1,1,unassigned,18.0,17.0,1.0,0.9444444,0.055555556,0.055555582,0.030947777,0.0017193209,1,0,0,1,1
39318,-1,0,3.0799806,0.95605934,1,1,unassigned,8.0,8.0,0.0,1.0,0.0,0.0,0.0116054155,0.0,0,0,0,1,1
39319,-1,1,0.6122479,0.6484534,1,1,unassigned,10.0,9.0,1.0,0.9,0.1,0.100000024,0.015473888,0.0015473888,1,0,0,1,0
39320,-1,0,2.704937,0.9373174,1,1,unassigned,2.0,2.0,0.0,1.0,0.0,0.0,0.0,0.0,0,0,0,1,1
39321,-1,0,6.4976716,0.99849534,1,1,unassigned,6.0,2.0,4.0,0.33333334,0.6666667,0.6666666,0.007736944,0.005157963,0,0,0,1,1
39322,-1,0,-0.9340347,0.28210688,0,1,unassigned,20.0,20.0,0.0,1.0,0.0,0.0,0.034816246,0.0,0,0,0,0,0
39323,-1,0,2.5149465,0.92518294,1,1,unassigned,3.0,3.0,0.0,1.0,0.0,0.0,0.001934236,0.0,0,0,0,1,1
39324,-1,0,0.8191524,0.6940564,1,1,unassigned,4.0,4.0,0.0,1.0,0.0,0.0,0.003868472,0.0,0,0,0,1,0
39325,-1,0,-0.87914443,0.2933551,0,1,unassigned,36.0,36.0,0.0,1.0,0.0,0.0,0.065764025,0.0,0,0,0,0,0
39326,-1,1,-0.97184026,0.27451384,0,1,unassigned,4.0,4.0,0.0,1.0,0.0,0.0,0.003868472,0.0,1,0,0,0,0
39327,-1,0,-0.14673889,0.46338096,0,1,unassigned,2.0,2.0,0.0,1.0,0.0,0.0,0.0,0.0,0,0,0,0,0
39328,-1,1,3.4363253,0.96882075,1,1,unassigned,2.0,2.0,0.0,1.0,0.0,0.0,0.0,0.0,1,0,0,1,1
39329,-1,1,0.30076653,0.5746299,1,1,unassigned,2.0,2.0,0.0,1.0,0.0,0.0,0.0,0.0,1,0,0,1,0
39330,-1,0,6.260829,0.998094,1,1,unassigned,2.0,2.0,0.0,1.0,0.0,0.0,0.0,0.0,0,0,0,1,1
39331,-1,1,2.8616107,0.94591576,1,1,unassigned,2.0,2.0,0.0,1.0,0.0,0.0,0.0,0.0,1,0,0,1,1
39332,-1,1,0.061378956,0.5153399,1,1,unassigned,2.0,2.0,0.0,1.0,0.0,0.0,0.0,0.0,1,0,0,1,0
39333,-1,1,0.30658787,0.5760522,1,1,unassigned,2.0,2.0,0.0,1.0,0.0,0.0,0.0,0.0,1,0,0,1,0
39334,-1,0,1.665287,0.84094644,1,1,unassigned,2.0,2.0,0.0,1.0,0.0,0.0,0.0,0.0,0,0,0,1,0
39335,-1,1,5.420837,0.995596,1,1,unassigned,5.0,5.0,0.0,1.0,0.0,0.0,0.0058027077,0.0,1,0,0,1,1
39336,-1,1,-0.6781387,0.33667684,0,1,unassigned,42.0,38.0,4.0,0.9047619,0.0952381,0.09523809,0.07736944,0.007368518,1,0,0,0,0
39337,-1,0,-0.4263323,0.39500248,0,1,unassigned,20.0,20.0,0.0,1.0,0.0,0.0,0.034816246,0.0,0,0,0,0,0
39338,-1,1,0.062503755,0.5156209,1,1,unassigned,18.0,17.0,1.0,0.9444444,0.055555556,0.055555582,0.030947777,0.0017193209,1,0,0,1,0
39339,-1,0,0.41563654,0.6024386,1,1,unassigned,33.0,33.0,0.0,1.0,0.0,0.0,0.059961315,0.0,0,0,0,1,0
39340,-1,0,-0.02160108,0.49459994,0,1,unassigned,5.0,5.0,0.0,1.0,0.0,0.0,0.0058027077,0.0,0,0,0,0,0
39341,-1,0,1.3572147,0.7953066,1,1,unassigned,5.0,4.0,1.0,0.8,0.2,0.19999999,0.0058027077,0.0011605415,0,0,0,1,0
39342,-1,1,0.4703217,0.6154599,1,1,unassigned,3.0,3.0,0.0,1.0,0.0,0.0,0.001934236,0.0,1,0,0,1,0
39343,-1,0,0.87212664,0.70518804,1,1,unassigned,2.0,2.0,0.0,1.0,0.0,0.0,0.0,0.0,0,0,0,1,0
39344,-1,0,1.7664764,0.8540189,1,1,unassigned,2.0,2.0,0.0,1.0,0.0,0.0,0.0,0.0,0,0,0,1,0
39345,1,1,5.519241,0.99600714,1,0,test,4.0,4.0,0.0,1.0,0.0,0.0,0.003868472,0.0,1,0,1,1,1
39346,-1,0,1.4892309,0.8159628,1,1,unassigned,9.0,9.0,0.0,1.0,0.0,0.0,0.013539651,0.0,0,0,0,1,0
39347,-1,0,5.4764433,0.9958333,1,1,unassigned,17.0,17.0,0.0,1.0,0.0,0.0,0.029013539,0.0,0,0,0,1,1
39348,-1,1,3.102705,0.9570042,1,1,unassigned,58.0,56.0,2.0,0.9655172,0.03448276,0.034482777,0.10831721,0.0037350762,1,0,0,1,1
39349,-1,1,-0.35902458,0.41119573,0,1,unassigned,2.0,2.0,0.0,1.0,0.0,0.0,0.0,0.0,1,0,0,0,0
39350,-1,1,1.3655806,0.7966652,1,1,unassigned,25.0,25.0,0.0,1.0,0.0,0.0,0.044487428,0.0,1,0,0,1,0
39351,-1,0,-0.69734937,0.33240017,0,1,unassigned,2.0,2.0,0.0,1.0,0.0,0.0,0.0,0.0,0,0,0,0,0
39352,1,1,-0.30663937,0.42393523,0,1,test,31.0,30.0,1.0,0.9677419,0.032258064,0.032258093,0.056092843,0.0018094465,1,0,0,0,0
39353,-1,0,-0.46430007,0.38596624,0,1,unassigned,14.0,14.0,0.0,1.0,0.0,0.0,0.023210831,0.0,0,0,0,0,0
39354,-1,1,3.6301248,0.97417194,1,1,unassigned,11.0,10.0,1.0,0.90909094,0.09090909,0.090909064,0.017408123,0.0015825568,1,0,0,1,1
39355,-1,1,-0.44274282,0.3910876,0,1,unassigned,24.0,24.0,0.0,1.0,0.0,0.0,0.04255319,0.0,1,0,0,0,0
39356,-1,1,-0.40200016,0.40083188,0,1,unassigned,35.0,35.0,0.0,1.0,0.0,0.0,0.06382979,0.0,1,0,0,0,0
39357,-1,1,5.891458,0.9972447,1,1,unassigned,4.0,3.0,1.0,0.75,0.25,0.25,0.003868472,0.000967118,1,0,0,1,1
39358,-1,0,-0.507323,0.3758213,0,1,unassigned,9.0,9.0,0.0,1.0,0.0,0.0,0.013539651,0.0,0,0,0,0,0
39359,-1,1,0.14590651,0.53641206,1,1,unassigned,13.0,13.0,0.0,1.0,0.0,0.0,0.021276595,0.0,1,0,0,1,0
39360,-1,0,1.3497672,0.7940916,1,1,unassigned,7.0,7.0,0.0,1.0,0.0,0.0,0.00967118,0.0,0,0,0,1,0
39361,-1,0,3.3654315,0.96660656,1,1,unassigned,12.0,6.0,6.0,0.5,0.5,0.5,0.01934236,0.00967118,0,0,0,1,1
39362,-1,0,-0.43663263,0.39254364,0,1,unassigned,39.0,39.0,0.0,1.0,0.0,0.0,0.07156673,0.0,0,0,0,0,0
39363,-1,0,4.1445155,0.9843962,1,1,unassigned,6.0,6.0,0.0,1.0,0.0,0.0,0.007736944,0.0,0,0,0,1,1
39364,-1,1,0.09900206,0.5247303,1,1,unassigned,13.0,12.0,1.0,0.9230769,0.07692308,0.07692307,0.021276595,0.0016366612,1,0,0,1,0
39365,1,1,2.2819712,0.9073729,1,0,test,18.0,12.0,6.0,0.6666667,0.33333334,0.3333333,0.030947777,0.010315926,1,0,1,1,1
39366,-1,0,1.2250009,0.7729424,1,1,unassigned,7.0,6.0,1.0,0.85714287,0.14285715,0.14285713,0.00967118,0.0013815971,0,0,0,1,0
39367,1,1,2.939482,0.94976395,1,0,test,3.0,3.0,0.0,1.0,0.0,0.0,0.001934236,0.0,1,0,1,1,1
39368,-1,0,1.0544579,0.74163,1,1,unassigned,2.0,2.0,0.0,1.0,0.0,0.0,0.0,0.0,0,0,0,1,0
39369,-1,1,-0.9094827,0.2871057,0,1,unassigned,2.0,2.0,0.0,1.0,0.0,0.0,0.0,0.0,1,0,0,0,0
39370,-1,0,1.7426307,0.8510209,1,1,unassigned,7.0,7.0,0.0,1.0,0.0,0.0,0.00967118,0.0,0,0,0,1,0
39371,-1,1,2.8616107,0.94591576,1,1,unassigned,2.0,2.0,0.0,1.0,0.0,0.0,0.0,0.0,1,0,0,1,1
39372,1,1,4.8183174,0.9919844,1,0,unassigned,3.0,3.0,0.0,1.0,0.0,0.0,0.001934236,0.0,1,0,1,1,1
39373,1,1,4.913662,0.992708,1,0,test,3.0,3.0,0.0,1.0,0.0,0.0,0.001934236,0.0,1,0,1,1,1
39374,-1,1,2.2350287,0.9033513,1,1,unassigned,9.0,8.0,1.0,0.8888889,0.11111111,0.111111104,0.013539651,0.0015044058,1,0,0,1,1
39375,1,1,5.5049305,0.99594975,1,0,unassigned,4.0,4.0,0.0,1.0,0.0,0.0,0.003868472,0.0,1,0,1,1,1
39376,-1,0,0.6718591,0.6619193,1,1,unassigned,2.0,2.0,0.0,1.0,0.0,0.0,0.0,0.0,0,0,0,1,0
39377,-1,1,3.6961586,0.9757824,1,1,unassigned,4.0,3.0,1.0,0.75,0.25,0.25,0.003868472,0.000967118,1,0,0,1,1
39378,-1,0,-0.2039563,0.44918698,0,1,unassigned,2.0,2.0,0.0,1.0,0.0,0.0,0.0,0.0,0,0,0,0,0
39379,-1,1,7.688416,0.9995421,1,1,unassigned,8.0,5.0,3.0,0.625,0.375,0.375,0.0116054155,0.004352031,1,0,0,1,1
39380,-1,0,0.7690825,0.6833224,1,1,unassigned,16.0,16.0,0.0,1.0,0.0,0.0,0.027079303,0.0,0,0,0,1,0
39381,-1,1,2.3190749,0.9104445,1,1,unassigned,8.0,8.0,0.0,1.0,0.0,0.0,0.0116054155,0.0,1,0,0,1,1
39382,-1,0,6.1923194,0.99795914,1,1,unassigned,12.0,12.0,0.0,1.0,0.0,0.0,0.01934236,0.0,0,0,0,1,1
39383,1,1,1.7908313,0.85702914,1,0,val,42.0,41.0,1.0,0.97619045,0.023809524,0.023809552,0.07736944,0.0018421295,1,0,1,1,0
39384,1,1,4.731578,0.99126446,1,0,unassigned,18.0,15.0,3.0,0.8333333,0.16666667,0.16666669,0.030947777,0.005157963,1,0,1,1,1
39385,-1,0,4.0111203,0.9822091,1,1,unassigned,2.0,2.0,0.0,1.0,0.0,0.0,0.0,0.0,0,0,0,1,1
39386,-1,0,-0.59415925,0.3556811,0,1,unassigned,96.0,95.0,1.0,0.9895833,0.010416667,0.010416687,0.18181819,0.0018939395,0,0,0,0,0
39387,-1,0,0.8484381,0.70023936,1,1,unassigned,9.0,9.0,0.0,1.0,0.0,0.0,0.013539651,0.0,0,0,0,1,0
39388,-1,0,0.2656865,0.5660336,1,1,unassigned,6.0,6.0,0.0,1.0,0.0,0.0,0.007736944,0.0,0,0,0,1,0
39389,-1,0,0.98335034,0.72777253,1,1,unassigned,23.0,23.0,0.0,1.0,0.0,0.0,0.040618956,0.0,0,0,0,1,0
39390,-1,1,4.156565,0.9845803,1,1,unassigned,3.0,2.0,1.0,0.6666667,0.33333334,0.3333333,0.001934236,0.00064474536,1,0,0,1,1
39391,-1,0,2.6396155,0.933368,1,1,unassigned,6.0,6.0,0.0,1.0,0.0,0.0,0.007736944,0.0,0,0,0,1,1
39392,-1,0,-0.7346026,0.32418552,0,1,unassigned,10.0,8.0,2.0,0.8,0.2,0.19999999,0.015473888,0.0030947777,0,0,0,0,0
39393,-1,0,6.11533,0.9977962,1,1,unassigned,9.0,5.0,4.0,0.5555556,0.44444445,0.44444442,0.013539651,0.006017623,0,0,0,1,1
39394,-1,0,4.9664617,0.99308044,1,1,unassigned,7.0,6.0,1.0,0.85714287,0.14285715,0.14285713,0.00967118,0.0013815971,0,0,0,1,1
39395,-1,0,-0.85118246,0.29918486,0,1,unassigned,2.0,2.0,0.0,1.0,0.0,0.0,0.0,0.0,0,0,0,0,0
39396,-1,1,1.0361896,0.7381141,1,1,unassigned,5.0,4.0,1.0,0.8,0.2,0.19999999,0.0058027077,0.0011605415,1,0,0,1,0
39397,0,0,-0.23665059,0.44111192,0,0,unassigned,5.0,5.0,0.0,1.0,0.0,0.0,0.0058027077,0.0,0,0,1,0,0
39398,-1,1,-0.36488432,0.40977773,0,1,unassigned,6.0,6.0,0.0,1.0,0.0,0.0,0.007736944,0.0,1,0,0,0,0
39399,-1,1,1.681737,0.8431344,1,1,unassigned,4.0,3.0,1.0,0.75,0.25,0.25,0.003868472,0.000967118,1,0,0,1,0
39400,1,1,1.2780263,0.7821136,1,0,test,5.0,5.0,0.0,1.0,0.0,0.0,0.0058027077,0.0,1,0,1,1,0
39401,-1,1,10.119518,0.9999597,1,1,unassigned,2.0,2.0,0.0,1.0,0.0,0.0,0.0,0.0,1,0,0,1,1
39402,-1,0,5.1178555,0.9940468,1,1,unassigned,2.0,2.0,0.0,1.0,0.0,0.0,0.0,0.0,0,0,0,1,1
39403,-1,1,-0.53291285,0.3698378,0,1,unassigned,23.0,23.0,0.0,1.0,0.0,0.0,0.040618956,0.0,1,0,0,0,0
39404,-1,0,1.6446707,0.83816946,1,1,unassigned,12.0,12.0,0.0,1.0,0.0,0.0,0.01934236,0.0,0,0,0,1,0
39405,-1,1,1.6222484,0.835105,1,1,unassigned,23.0,22.0,1.0,0.95652175,0.04347826,0.04347825,0.040618956,0.0017660416,1,0,0,1,0
39406,1,0,2.449118,0.9204969,1,0,test,11.0,11.0,0.0,1.0,0.0,0.0,0.017408123,0.0,0,0,1,1,1
39407,-1,0,0.18682748,0.5465715,1,1,unassigned,3.0,3.0,0.0,1.0,0.0,0.0,0.001934236,0.0,0,0,0,1,0
39408,-1,0,0.9312995,0.71733886,1,1,unassigned,11.0,11.0,0.0,1.0,0.0,0.0,0.017408123,0.0,0,0,0,1,0
39409,-1,0,1.7446082,0.8512715,1,1,unassigned,15.0,14.0,1.0,0.93333334,0.06666667,0.06666666,0.025145067,0.0016763379,0,0,0,1,0
39410,-1,0,2.3564484,0.9134455,1,1,unassigned,2.0,2.0,0.0,1.0,0.0,0.0,0.0,0.0,0,0,0,1,1
39411,-1,0,-0.18195808,0.45463556,0,1,unassigned,26.0,22.0,4.0,0.84615386,0.15384616,0.15384614,0.046421662,0.0071417945,0,0,0,0,0
39412,-1,0,0.50314766,0.62319875,1,1,unassigned,3.0,3.0,0.0,1.0,0.0,0.0,0.001934236,0.0,0,0,0,1,0
39413,-1,0,5.878119,0.9972078,1,1,unassigned,16.0,15.0,1.0,0.9375,0.0625,0.0625,0.027079303,0.0016924564,0,0,0,1,1
39414,-1,0,2.0913255,0.89005727,1,1,unassigned,2.0,2.0,0.0,1.0,0.0,0.0,0.0,0.0,0,0,0,1,0
39415,-1,0,3.3602226,0.96643794,1,1,unassigned,8.0,8.0,0.0,1.0,0.0,0.0,0.0116054155,0.0,0,0,0,1,1
39416,-1,1,4.431788,0.9882466,1,1,unassigned,9.0,7.0,2.0,0.7777778,0.22222222,0.22222221,0.013539651,0.0030088115,1,0,0,1,1
39417,-1,0,-0.5429036,0.3675124,0,1,unassigned,34.0,33.0,1.0,0.9705882,0.029411765,0.029411793,0.061895553,0.0018204574,0,0,0,0,0
39418,-1,0,-0.40898234,0.39915615,0,1,unassigned,28.0,27.0,1.0,0.96428573,0.035714287,0.03571427,0.050290134,0.0017960763,0,0,0,0,0
39419,-1,0,2.52876,0.92613363,1,1,unassigned,5.0,3.0,2.0,0.6,0.4,0.39999998,0.0058027077,0.002321083,0,0,0,1,1
39420,-1,0,0.002294004,0.5005735,1,1,unassigned,3.0,3.0,0.0,1.0,0.0,0.0,0.001934236,0.0,0,0,0,1,0
39421,-1,0,0.41664153,0.6026793,1,1,unassigned,2.0,2.0,0.0,1.0,0.0,0.0,0.0,0.0,0,0,0,1,0
39422,-1,1,0.0222103,0.50555235,1,1,unassigned,2.0,1.0,1.0,0.5,0.5,0.5,0.0,0.0,1,0,0,1,0
39423,-1,1,-0.28331348,0.4296416,0,1,unassigned,2.0,2.0,0.0,1.0,0.0,0.0,0.0,0.0,1,0,0,0,0
39424,-1,0,0.28012305,0.5695764,1,1,unassigned,2.0,2.0,0.0,1.0,0.0,0.0,0.0,0.0,0,0,0,1,0
39425,-1,1,1.4242418,0.8060025,1,1,unassigned,4.0,2.0,2.0,0.5,0.5,0.5,0.003868472,0.001934236,1,0,0,1,0
39426,-1,0,3.5012782,0.97072417,1,1,unassigned,31.0,24.0,7.0,0.7741935,0.22580644,0.22580647,0.056092843,0.012666126,0,0,0,1,1
39427,-1,0,0.926029,0.71626896,1,1,unassigned,4.0,4.0,0.0,1.0,0.0,0.0,0.003868472,0.0,0,0,0,1,0
39428,-1,0,0.72241074,0.67313766,1,1,unassigned,7.0,6.0,1.0,0.85714287,0.14285715,0.14285713,0.00967118,0.0013815971,0,0,0,1,0
39429,-1,0,-0.25890028,0.43563408,0,1,unassigned,4.0,4.0,0.0,1.0,0.0,0.0,0.003868472,0.0,0,0,0,0,0
39430,-1,0,0.021927834,0.5054817,1,1,unassigned,5.0,5.0,0.0,1.0,0.0,0.0,0.0058027077,0.0,0,0,0,1,0
39431,-1,1,5.85309,0.9971372,1,1,unassigned,2.0,2.0,0.0,1.0,0.0,0.0,0.0,0.0,1,0,0,1,1
39432,-1,0,4.0592284,0.9830306,1,1,unassigned,3.0,3.0,0.0,1.0,0.0,0.0,0.001934236,0.0,0,0,0,1,1
39433,-1,1,3.8759158,0.97968584,1,1,unassigned,21.0,16.0,5.0,0.7619048,0.23809524,0.23809522,0.036750484,0.0087501155,1,0,0,1,1
39434,-1,1,0.14578772,0.5363825,1,1,unassigned,44.0,42.0,2.0,0.95454544,0.045454547,0.04545456,0.08123791,0.0036926325,1,0,0,1,0
39435,-1,0,-0.5779177,0.35941187,0,1,unassigned,2.0,2.0,0.0,1.0,0.0,0.0,0.0,0.0,0,0,0,0,0
39436,-1,1,2.204962,0.9006942,1,1,unassigned,46.0,46.0,0.0,1.0,0.0,0.0,0.08510638,0.0,1,0,0,1,1
39437,-1,1,0.9437091,0.7198483,1,1,unassigned,8.0,8.0,0.0,1.0,0.0,0.0,0.0116054155,0.0,1,0,0,1,0
39438,-1,1,-0.5920618,0.35616192,0,1,unassigned,3.0,3.0,0.0,1.0,0.0,0.0,0.001934236,0.0,1,0,0,0,0
39439,1,0,3.3889358,0.967357,1,0,unassigned,25.0,22.0,3.0,0.88,0.12,0.120000005,0.044487428,0.0053384914,0,0,1,1,1
39440,1,1,5.4303675,0.9956376,1,0,unassigned,5.0,5.0,0.0,1.0,0.0,0.0,0.0058027077,0.0,1,0,1,1,1
39441,1,1,3.6706617,0.97517246,1,0,val,5.0,5.0,0.0,1.0,0.0,0.0,0.0058027077,0.0,1,0,1,1,1
39442,1,0,-0.5181938,0.37327468,0,1,test,5.0,3.0,2.0,0.6,0.4,0.39999998,0.0058027077,0.002321083,0,0,0,0,0
39443,0,1,1.171777,0.76346606,1,1,val,7.0,6.0,1.0,0.85714287,0.14285715,0.14285713,0.00967118,0.0013815971,1,0,0,1,0
39444,0,1,-0.22888741,0.44302666,0,0,test,2.0,2.0,0.0,1.0,0.0,0.0,0.0,0.0,1,0,1,0,0
39445,1,0,1.609956,0.83340526,1,0,unassigned,7.0,7.0,0.0,1.0,0.0,0.0,0.00967118,0.0,0,0,1,1,0
39446,-1,0,0.118964136,0.529706,1,1,unassigned,12.0,12.0,0.0,1.0,0.0,0.0,0.01934236,0.0,0,0,0,1,0
39447,0,0,-0.7205182,0.32727888,0,0,unassigned,3.0,2.0,1.0,0.6666667,0.33333334,0.3333333,0.001934236,0.00064474536,0,0,1,0,0
39448,1,1,3.048876,0.954734,1,0,test,10.0,8.0,2.0,0.8,0.2,0.19999999,0.015473888,0.0030947777,1,0,1,1,1
39449,1,1,5.237579,0.9947149,1,0,unassigned,2.0,2.0,0.0,1.0,0.0,0.0,0.0,0.0,1,0,1,1,1
39450,0,1,4.852348,0.9922505,1,1,unassigned,3.0,3.0,0.0,1.0,0.0,0.0,0.001934236,0.0,1,0,0,1,1
39451,-1,0,0.13841051,0.53454745,1,1,unassigned,2.0,2.0,0.0,1.0,0.0,0.0,0.0,0.0,0,0,0,1,0
39452,-1,1,1.629437,0.8360925,1,1,unassigned,11.0,10.0,1.0,0.90909094,0.09090909,0.090909064,0.017408123,0.0015825568,1,0,0,1,0
39453,-1,0,2.2350175,0.90335035,1,1,unassigned,7.0,7.0,0.0,1.0,0.0,0.0,0.00967118,0.0,0,0,0,1,1
39454,-1,1,1.4949982,0.8168273,1,1,unassigned,10.0,10.0,0.0,1.0,0.0,0.0,0.015473888,0.0,1,0,0,1,0
39455,-1,1,4.569762,0.98974574,1,1,unassigned,5.0,5.0,0.0,1.0,0.0,0.0,0.0058027077,0.0,1,0,0,1,1
39456,-1,1,0.3965134,0.59784967,1,1,unassigned,3.0,3.0,0.0,1.0,0.0,0.0,0.001934236,0.0,1,0,0,1,0
39457,-1,0,-0.6349666,0.34638524,0,1,unassigned,22.0,21.0,1.0,0.95454544,0.045454547,0.04545456,0.03868472,0.0017583964,0,0,0,0,0
39458,-1,1,1.495511,0.81690407,1,1,unassigned,4.0,4.0,0.0,1.0,0.0,0.0,0.003868472,0.0,1,0,0,1,0
39459,-1,1,4.3805795,0.98763674,1,1,unassigned,39.0,39.0,0.0,1.0,0.0,0.0,0.07156673,0.0,1,0,0,1,1
39460,-1,1,1.8924167,0.86903083,1,1,unassigned,9.0,7.0,2.0,0.7777778,0.22222222,0.22222221,0.013539651,0.0030088115,1,0,0,1,0
39461,-1,1,0.74597806,0.6783017,1,1,unassigned,10.0,10.0,0.0,1.0,0.0,0.0,0.015473888,0.0,1,0,0,1,0
39462,-1,0,7.128811,0.999199,1,1,unassigned,6.0,6.0,0.0,1.0,0.0,0.0,0.007736944,0.0,0,0,0,1,1
39463,-1,1,2.8616107,0.94591576,1,1,unassigned,2.0,2.0,0.0,1.0,0.0,0.0,0.0,0.0,1,0,0,1,1
39464,0,0,-0.8200263,0.3057581,0,0,unassigned,45.0,42.0,3.0,0.93333334,0.06666667,0.06666666,0.08317215,0.00554481,0,0,1,0,0
39465,-1,0,-0.33240002,0.41765678,0,1,unassigned,11.0,11.0,0.0,1.0,0.0,0.0,0.017408123,0.0,0,0,0,0,0
39466,-1,0,0.6932004,0.6666785,1,1,unassigned,19.0,17.0,2.0,0.8947368,0.10526316,0.10526317,0.032882012,0.0034612645,0,0,0,1,0
39467,-1,1,-0.8225726,0.30521786,0,1,unassigned,98.0,97.0,1.0,0.9897959,0.010204081,0.010204077,0.18568665,0.0018947617,1,0,0,0,0
39468,-1,0,-0.74282354,0.322387,0,1,unassigned,70.0,70.0,0.0,1.0,0.0,0.0,0.13152805,0.0,0,0,0,0,0
39469,-1,1,-0.9426852,0.28035828,0,1,unassigned,17.0,15.0,2.0,0.88235295,0.11764706,0.11764705,0.029013539,0.0034133575,1,0,0,0,0
39470,-1,0,0.14459032,0.5360848,1,1,unassigned,20.0,20.0,0.0,1.0,0.0,0.0,0.034816246,0.0,0,0,0,1,0
39471,-1,0,1.19385,0.767429,1,1,unassigned,7.0,6.0,1.0,0.85714287,0.14285715,0.14285713,0.00967118,0.0013815971,0,0,0,1,0
39472,-1,0,-0.091983855,0.47702023,0,1,unassigned,7.0,7.0,0.0,1.0,0.0,0.0,0.00967118,0.0,0,0,0,0,0
39473,-1,0,0.8588832,0.7024272,1,1,unassigned,6.0,6.0,0.0,1.0,0.0,0.0,0.007736944,0.0,0,0,0,1,0
39474,-1,1,0.36006868,0.5890571,1,1,unassigned,3.0,2.0,1.0,0.6666667,0.33333334,0.3333333,0.001934236,0.00064474536,1,0,0,1,0
39475,-1,1,0.331217,0.58205545,1,1,unassigned,35.0,30.0,5.0,0.85714287,0.14285715,0.14285713,0.06382979,0.009118541,1,0,0,1,0
39476,-1,0,6.2841115,0.9981377,1,1,unassigned,8.0,8.0,0.0,1.0,0.0,0.0,0.0116054155,0.0,0,0,0,1,1
39477,-1,0,8.67804,0.99982977,1,1,unassigned,13.0,13.0,0.0,1.0,0.0,0.0,0.021276595,0.0,0,0,0,1,1
39478,-1,0,-0.4582068,0.38741133,0,1,unassigned,13.0,13.0,0.0,1.0,0.0,0.0,0.021276595,0.0,0,0,0,0,0
39479,-1,0,0.08871174,0.5221634,1,1,unassigned,22.0,22.0,0.0,1.0,0.0,0.0,0.03868472,0.0,0,0,0,1,0
39480,-1,0,1.9001081,0.86990374,1,1,unassigned,2.0,2.0,0.0,1.0,0.0,0.0,0.0,0.0,0,0,0,1,0
39481,-1,0,4.2078166,0.9853393,1,1,unassigned,4.0,4.0,0.0,1.0,0.0,0.0,0.003868472,0.0,0,0,0,1,1
39482,-1,0,-0.7546757,0.31980336,0,1,unassigned,24.0,23.0,1.0,0.9583333,0.041666668,0.041666687,0.04255319,0.0017730496,0,0,0,0,0
39483,-1,0,-0.772547,0.3159284,0,1,unassigned,46.0,46.0,0.0,1.0,0.0,0.0,0.08510638,0.0,0,0,0,0,0
39484,-1,1,-0.5673465,0.3618493,0,1,unassigned,2.0,2.0,0.0,1.0,0.0,0.0,0.0,0.0,1,0,0,0,0
39485,-1,1,1.0675082,0.7441228,1,1,unassigned,124.0,119.0,5.0,0.9596774,0.04032258,0.0403226,0.23597679,0.009515192,1,0,0,1,0
39486,0,0,-0.04469472,0.48882815,0,0,val,31.0,30.0,1.0,0.9677419,0.032258064,0.032258093,0.056092843,0.0018094465,0,0,1,0,0
39487,0,0,-0.082409024,0.4794094,0,0,val,16.0,16.0,0.0,1.0,0.0,0.0,0.027079303,0.0,0,0,1,0,0
39488,-1,0,-0.47891825,0.3825076,0,1,unassigned,2.0,2.0,0.0,1.0,0.0,0.0,0.0,0.0,0,0,0,0,0
39489,-1,0,1.4459808,0.8093791,1,1,unassigned,7.0,7.0,0.0,1.0,0.0,0.0,0.00967118,0.0,0,0,0,1,0
39490,-1,0,0.62523896,0.6514091,1,1,unassigned,3.0,3.0,0.0,1.0,0.0,0.0,0.001934236,0.0,0,0,0,1,0
39491,-1,1,-0.48214495,0.38174576,0,1,unassigned,5.0,4.0,1.0,0.8,0.2,0.19999999,0.0058027077,0.0011605415,1,0,0,0,0
39492,0,0,1.5032957,0.81806546,1,1,test,4.0,3.0,1.0,0.75,0.25,0.25,0.003868472,0.000967118,0,0,0,1,0
39493,-1,1,5.416507,0.995577,1,1,unassigned,21.0,14.0,7.0,0.6666667,0.33333334,0.3333333,0.036750484,0.012250162,1,0,0,1,1
39494,-1,1,2.0240774,0.8833019,1,1,unassigned,29.0,25.0,4.0,0.86206895,0.13793103,0.13793105,0.05222437,0.0072033615,1,0,0,1,0
39495,-1,0,-0.74688077,0.32150134,0,1,unassigned,3.0,3.0,0.0,1.0,0.0,0.0,0.001934236,0.0,0,0,0,0,0
39496,-1,0,0.02801466,0.5070032,1,1,unassigned,2.0,1.0,1.0,0.5,0.5,0.5,0.0,0.0,0,0,0,1,0
39497,-1,0,0.38741177,0.5956595,1,1,unassigned,10.0,9.0,1.0,0.9,0.1,0.100000024,0.015473888,0.0015473888,0,0,0,1,0
39498,-1,0,-0.905266,0.28796953,0,1,unassigned,47.0,46.0,1.0,0.9787234,0.021276595,0.021276593,0.08704062,0.001851928,0,0,0,0,0
39499,-1,0,0.4874348,0.61950195,1,1,unassigned,12.0,11.0,1.0,0.9166667,0.083333336,0.08333331,0.01934236,0.0016118633,0,0,0,1,0
39500,-1,0,1.6253669,0.835534,1,1,unassigned,5.0,4.0,1.0,0.8,0.2,0.19999999,0.0058027077,0.0011605415,0,0,0,1,0
39501,-1,0,-0.43157578,0.3937501,0,1,unassigned,2.0,2.0,0.0,1.0,0.0,0.0,0.0,0.0,0,0,0,0,0
39502,-1,0,8.39017,0.99977297,1,1,unassigned,10.0,9.0,1.0,0.9,0.1,0.100000024,0.015473888,0.0015473888,0,0,0,1,1
39503,1,0,4.894276,0.99256635,1,0,val,3.0,2.0,1.0,0.6666667,0.33333334,0.3333333,0.001934236,0.00064474536,0,0,1,1,1
39504,-1,0,-0.72030324,0.3273262,0,1,unassigned,30.0,30.0,0.0,1.0,0.0,0.0,0.054158606,0.0,0,0,0,0,0
39505,-1,0,1.8478496,0.86387444,1,1,unassigned,4.0,4.0,0.0,1.0,0.0,0.0,0.003868472,0.0,0,0,0,1,0
39506,-1,0,5.070873,0.9937622,1,1,unassigned,12.0,11.0,1.0,0.9166667,0.083333336,0.08333331,0.01934236,0.0016118633,0,0,0,1,1
39507,-1,0,2.0673354,0.8876876,1,1,unassigned,3.0,3.0,0.0,1.0,0.0,0.0,0.001934236,0.0,0,0,0,1,0
39508,-1,0,0.37583274,0.5928676,1,1,unassigned,5.0,5.0,0.0,1.0,0.0,0.0,0.0058027077,0.0,0,0,0,1,0
39509,-1,1,0.30532163,0.57574296,1,1,unassigned,15.0,15.0,0.0,1.0,0.0,0.0,0.025145067,0.0,1,0,0,1,0
39510,-1,0,0.51935726,0.6269975,1,1,unassigned,3.0,3.0,0.0,1.0,0.0,0.0,0.001934236,0.0,0,0,0,1,0
39511,-1,0,2.4297383,0.919067,1,1,unassigned,18.0,16.0,2.0,0.8888889,0.11111111,0.111111104,0.030947777,0.0034386418,0,0,0,1,1
39512,-1,0,1.0536652,0.7414781,1,1,unassigned,23.0,22.0,1.0,0.95652175,0.04347826,0.04347825,0.040618956,0.0017660416,0,0,0,1,0
39513,-1,0,2.2029436,0.9005136,1,1,unassigned,5.0,5.0,0.0,1.0,0.0,0.0,0.0058027077,0.0,0,0,0,1,1
39514,-1,0,-0.89497364,0.2900845,0,1,unassigned,3.0,3.0,0.0,1.0,0.0,0.0,0.001934236,0.0,0,0,0,0,0
39515,-1,0,2.1579502,0.8964094,1,1,unassigned,10.0,10.0,0.0,1.0,0.0,0.0,0.015473888,0.0,0,0,0,1,0
39516,-1,1,0.58462995,0.6421321,1,1,unassigned,34.0,19.0,15.0,0.5588235,0.44117647,0.44117647,0.061895553,0.027306862,1,0,0,1,0
39517,-1,0,1.8442547,0.8634511,1,1,unassigned,24.0,22.0,2.0,0.9166667,0.083333336,0.08333331,0.04255319,0.0035460992,0,0,0,1,0
39518,-1,0,0.06989211,0.51746595,1,1,unassigned,2.0,1.0,1.0,0.5,0.5,0.5,0.0,0.0,0,0,0,1,0
39519,-1,1,0.14638287,0.5365305,1,1,unassigned,3.0,3.0,0.0,1.0,0.0,0.0,0.001934236,0.0,1,0,0,1,0
39520,0,1,0.028090239,0.50702214,1,1,unassigned,7.0,7.0,0.0,1.0,0.0,0.0,0.00967118,0.0,1,0,0,1,0
39521,-1,1,-0.75434345,0.3198756,0,1,unassigned,61.0,61.0,0.0,1.0,0.0,0.0,0.114119925,0.0,1,0,0,0,0
39522,-1,1,-0.79951954,0.3101283,0,1,unassigned,11.0,10.0,1.0,0.90909094,0.09090909,0.090909064,0.017408123,0.0015825568,1,0,0,0,0
39523,-1,1,0.06422782,0.5160514,1,1,unassigned,5.0,4.0,1.0,0.8,0.2,0.19999999,0.0058027077,0.0011605415,1,0,0,1,0
39524,1,0,-0.28450307,0.4293501,0,1,val,6.0,6.0,0.0,1.0,0.0,0.0,0.007736944,0.0,0,0,0,0,0
39525,-1,0,1.0342271,0.73773456,1,1,unassigned,5.0,5.0,0.0,1.0,0.0,0.0,0.0058027077,0.0,0,0,0,1,0
39526,0,0,-0.82190436,0.30535957,0,0,test,2.0,2.0,0.0,1.0,0.0,0.0,0.0,0.0,0,0,1,0,0
39527,-1,0,-0.6220343,0.34931895,0,1,unassigned,114.0,113.0,1.0,0.99122804,0.00877193,0.008771956,0.21663442,0.001900302,0,0,0,0,0
39528,-1,0,-1.1160618,0.24674252,0,1,unassigned,2.0,2.0,0.0,1.0,0.0,0.0,0.0,0.0,0,0,0,0,0
39529,-1,1,-0.41188592,0.39846,0,1,unassigned,85.0,82.0,3.0,0.9647059,0.03529412,0.035294116,0.16054158,0.0056661735,1,0,0,0,0
39530,-1,0,-2.0897658,0.110095516,0,1,unassigned,2.0,2.0,0.0,1.0,0.0,0.0,0.0,0.0,0,0,0,0,0
39531,-1,0,9.734827,0.9999409,1,1,unassigned,39.0,23.0,16.0,0.5897436,0.41025642,0.4102564,0.07156673,0.02936071,0,0,0,1,1
39532,-1,0,5.065077,0.9937262,1,1,unassigned,6.0,6.0,0.0,1.0,0.0,0.0,0.007736944,0.0,0,0,0,1,1
39533,-1,0,-0.47171298,0.38421085,0,1,unassigned,28.0,27.0,1.0,0.96428573,0.035714287,0.03571427,0.050290134,0.0017960763,0,0,0,0,0
39534,0,1,0.018336892,0.50458413,1,1,unassigned,100.0,94.0,6.0,0.94,0.06,0.060000002,0.18955512,0.011373308,1,0,0,1,0
39535,-1,1,-0.52807033,0.37096703,0,1,unassigned,4.0,4.0,0.0,1.0,0.0,0.0,0.003868472,0.0,1,0,0,0,0
39536,-1,0,-0.5786106,0.35925233,0,1,unassigned,19.0,19.0,0.0,1.0,0.0,0.0,0.032882012,0.0,0,0,0,0,0
39537,-1,0,1.5889218,0.83046436,1,1,unassigned,12.0,12.0,0.0,1.0,0.0,0.0,0.01934236,0.0,0,0,0,1,0
39538,-1,0,4.1273246,0.98413,1,1,unassigned,2.0,2.0,0.0,1.0,0.0,0.0,0.0,0.0,0,0,0,1,1
39539,-1,1,2.696412,0.9368146,1,1,unassigned,2.0,2.0,0.0,1.0,0.0,0.0,0.0,0.0,1,0,0,1,1
39540,-1,0,5.6402164,0.9964605,1,1,unassigned,43.0,40.0,3.0,0.9302326,0.069767445,0.069767416,0.079303674,0.0055328147,0,0,0,1,1
39541,-1,0,17.011084,1.0,1,1,unassigned,27.0,25.0,2.0,0.9259259,0.074074075,0.07407409,0.0483559,0.0035819185,0,0,0,1,1
39542,-1,1,1.0221057,0.73538256,1,1,unassigned,2.0,2.0,0.0,1.0,0.0,0.0,0.0,0.0,1,0,0,1,0
39543,-1,0,2.2956536,0.9085164,1,1,unassigned,14.0,9.0,5.0,0.64285713,0.35714287,0.35714287,0.023210831,0.008289583,0,0,0,1,1
39544,-1,0,4.3329196,0.987041,1,1,unassigned,35.0,12.0,23.0,0.34285715,0.6571429,0.6571429,0.06382979,0.04194529,0,0,0,1,1
39545,-1,0,0.19076937,0.54754823,1,1,unassigned,3.0,2.0,1.0,0.6666667,0.33333334,0.3333333,0.001934236,0.00064474536,0,0,0,1,0
39546,-1,0,0.512981,0.62550503,1,1,unassigned,28.0,26.0,2.0,0.9285714,0.071428575,0.0714286,0.050290134,0.0035921526,0,0,0,1,0
39547,-1,0,1.0177965,0.7345432,1,1,unassigned,11.0,4.0,7.0,0.36363637,0.6363636,0.6363636,0.017408123,0.011077897,0,0,0,1,0
39548,-1,0,3.5672362,0.9725415,1,1,unassigned,11.0,9.0,2.0,0.8181818,0.18181819,0.18181819,0.017408123,0.0031651135,0,0,0,1,1
39549,-1,0,2.1369047,0.89443874,1,1,unassigned,2.0,2.0,0.0,1.0,0.0,0.0,0.0,0.0,0,0,0,1,0
39550,-1,1,6.67895,0.9987445,1,1,unassigned,2.0,2.0,0.0,1.0,0.0,0.0,0.0,0.0,1,0,0,1,1
39551,-1,0,-0.6242118,0.34882414,0,1,unassigned,56.0,56.0,0.0,1.0,0.0,0.0,0.10444874,0.0,0,0,0,0,0
39552,-1,0,3.92993,0.9807334,1,1,unassigned,22.0,21.0,1.0,0.95454544,0.045454547,0.04545456,0.03868472,0.0017583964,0,0,0,1,1
39553,-1,0,-0.6193864,0.34992105,0,1,unassigned,17.0,15.0,2.0,0.88235295,0.11764706,0.11764705,0.029013539,0.0034133575,0,0,0,0,0
39554,0,0,-0.33050805,0.41811702,0,0,unassigned,25.0,25.0,0.0,1.0,0.0,0.0,0.044487428,0.0,0,0,1,0,0
39555,-1,0,-0.6288834,0.34776375,0,1,unassigned,27.0,27.0,0.0,1.0,0.0,0.0,0.0483559,0.0,0,0,0,0,0
39556,-1,0,2.8780525,0.9467508,1,1,unassigned,15.0,12.0,3.0,0.8,0.2,0.19999999,0.025145067,0.0050290134,0,0,0,1,1
39557,-1,0,1.1714628,0.7634093,1,1,unassigned,23.0,23.0,0.0,1.0,0.0,0.0,0.040618956,0.0,0,0,0,1,0
39558,-1,0,2.7515852,0.94000286,1,1,unassigned,10.0,10.0,0.0,1.0,0.0,0.0,0.015473888,0.0,0,0,0,1,1
39559,-1,1,0.40027505,0.59875375,1,1,unassigned,69.0,65.0,4.0,0.942029,0.057971016,0.057971,0.1295938,0.0075126844,1,0,0,1,0
39560,-1,1,2.0502253,0.8859704,1,1,unassigned,5.0,5.0,0.0,1.0,0.0,0.0,0.0058027077,0.0,1,0,0,1,0
39561,-1,0,2.6248124,0.9324415,1,1,unassigned,11.0,10.0,1.0,0.90909094,0.09090909,0.090909064,0.017408123,0.0015825568,0,0,0,1,1
39562,-1,1,0.37164354,0.59185606,1,1,unassigned,37.0,25.0,12.0,0.6756757,0.3243243,0.3243243,0.06769826,0.021956192,1,0,0,1,0
39563,-1,1,0.69743544,0.66761893,1,1,unassigned,13.0,13.0,0.0,1.0,0.0,0.0,0.021276595,0.0,1,0,0,1,0
39564,-1,0,3.6978247,0.9758217,1,1,unassigned,3.0,3.0,0.0,1.0,0.0,0.0,0.001934236,0.0,0,0,0,1,1
39565,-1,1,-0.71651256,0.3281614,0,1,unassigned,8.0,8.0,0.0,1.0,0.0,0.0,0.0116054155,0.0,1,0,0,0,0
39566,-1,1,-0.5679506,0.36170986,0,1,unassigned,2.0,2.0,0.0,1.0,0.0,0.0,0.0,0.0,1,0,0,0,0
39567,-1,0,0.3860433,0.5953298,1,1,unassigned,11.0,10.0,1.0,0.90909094,0.09090909,0.090909064,0.017408123,0.0015825568,0,0,0,1,0
39568,-1,1,8.176453,0.99971884,1,1,unassigned,9.0,6.0,3.0,0.6666667,0.33333334,0.3333333,0.013539651,0.004513217,1,0,0,1,1
39569,-1,1,-0.6746121,0.3374649,0,1,unassigned,42.0,42.0,0.0,1.0,0.0,0.0,0.07736944,0.0,1,0,0,0,0
39570,-1,0,-0.9020796,0.28862333,0,1,unassigned,11.0,11.0,0.0,1.0,0.0,0.0,0.017408123,0.0,0,0,0,0,0
39571,-1,0,3.7477524,0.9769721,1,1,unassigned,19.0,16.0,3.0,0.84210527,0.15789473,0.15789473,0.032882012,0.0051918966,0,0,0,1,1
39572,-1,0,0.27140182,0.567437,1,1,unassigned,8.0,8.0,0.0,1.0,0.0,0.0,0.0116054155,0.0,0,0,0,1,0
39573,1,0,1.074547,0.7454607,1,0,unassigned,27.0,27.0,0.0,1.0,0.0,0.0,0.0483559,0.0,0,0,1,1,0
39574,-1,0,-0.47819644,0.38267812,0,1,unassigned,11.0,11.0,0.0,1.0,0.0,0.0,0.017408123,0.0,0,0,0,0,0
39575,-1,0,6.234212,0.9980426,1,1,unassigned,6.0,6.0,0.0,1.0,0.0,0.0,0.007736944,0.0,0,0,0,1,1
39576,1,1,-0.15646717,0.46096283,0,1,unassigned,9.0,8.0,1.0,0.8888889,0.11111111,0.111111104,0.013539651,0.0015044058,1,0,0,0,0
39577,-1,1,3.8662417,0.9794924,1,1,unassigned,5.0,5.0,0.0,1.0,0.0,0.0,0.0058027077,0.0,1,0,0,1,1
39578,0,0,-0.2521767,0.43728784,0,0,val,3.0,1.0,2.0,0.33333334,0.6666667,0.6666666,0.001934236,0.0012894907,0,0,1,0,0
39579,-1,0,-0.16750255,0.458222,0,1,unassigned,15.0,15.0,0.0,1.0,0.0,0.0,0.025145067,0.0,0,0,0,0,0
39580,-1,0,0.65906733,0.6590508,1,1,unassigned,14.0,10.0,4.0,0.71428573,0.2857143,0.28571427,0.023210831,0.0066316663,0,0,0,1,0
39581,-1,1,0.5893033,0.6432053,1,1,unassigned,24.0,23.0,1.0,0.9583333,0.041666668,0.041666687,0.04255319,0.0017730496,1,0,0,1,0
39582,-1,0,-0.99800694,0.26933348,0,1,unassigned,8.0,8.0,0.0,1.0,0.0,0.0,0.0116054155,0.0,0,0,0,0,0
39583,-1,0,-0.9825981,0.27237657,0,1,unassigned,2.0,2.0,0.0,1.0,0.0,0.0,0.0,0.0,0,0,0,0,0
39584,-1,1,4.9287524,0.99281645,1,1,unassigned,3.0,3.0,0.0,1.0,0.0,0.0,0.001934236,0.0,1,0,0,1,1
39585,-1,0,-0.56222665,0.3630324,0,1,unassigned,33.0,12.0,21.0,0.36363637,0.6363636,0.6363636,0.059961315,0.0381572,0,0,0,0,0
39586,-1,1,-0.014834702,0.4962914,0,1,unassigned,11.0,10.0,1.0,0.90909094,0.09090909,0.090909064,0.017408123,0.0015825568,1,0,0,0,0
39587,-1,0,0.6194094,0.6500842,1,1,unassigned,17.0,17.0,0.0,1.0,0.0,0.0,0.029013539,0.0,0,0,0,1,0
39588,-1,1,-0.79752934,0.31055427,0,1,unassigned,40.0,40.0,0.0,1.0,0.0,0.0,0.07350097,0.0,1,0,0,0,0
39589,-1,0,13.329088,0.99999833,1,1,unassigned,22.0,16.0,6.0,0.72727275,0.27272728,0.27272725,0.03868472,0.010550378,0,0,0,1,1
39590,-1,0,2.3345468,0.9116981,1,1,unassigned,11.0,10.0,1.0,0.90909094,0.09090909,0.090909064,0.017408123,0.0015825568,0,0,0,1,1
39591,-1,0,-0.8069421,0.30854252,0,1,unassigned,15.0,14.0,1.0,0.93333334,0.06666667,0.06666666,0.025145067,0.0016763379,0,0,0,0,0
39592,-1,0,-0.9391189,0.28107834,0,1,unassigned,34.0,33.0,1.0,0.9705882,0.029411765,0.029411793,0.061895553,0.0018204574,0,0,0,0,0
39593,-1,1,0.092298925,0.52305835,1,1,unassigned,14.0,13.0,1.0,0.9285714,0.071428575,0.0714286,0.023210831,0.0016579166,1,0,0,1,0
39594,-1,0,-0.44629782,0.39024135,0,1,unassigned,9.0,9.0,0.0,1.0,0.0,0.0,0.013539651,0.0,0,0,0,0,0
39595,-1,0,1.6681604,0.84133047,1,1,unassigned,2.0,1.0,1.0,0.5,0.5,0.5,0.0,0.0,0,0,0,1,0
39596,-1,1,0.7290669,0.6746004,1,1,unassigned,3.0,3.0,0.0,1.0,0.0,0.0,0.001934236,0.0,1,0,0,1,0
39597,0,0,-0.06247723,0.48438576,0,0,val,2.0,2.0,0.0,1.0,0.0,0.0,0.0,0.0,0,0,1,0,0
39598,-1,0,12.553856,0.9999964,1,1,unassigned,3.0,3.0,0.0,1.0,0.0,0.0,0.001934236,0.0,0,0,0,1,1
39599,-1,0,0.56963676,0.6386794,1,1,unassigned,2.0,2.0,0.0,1.0,0.0,0.0,0.0,0.0,0,0,0,1,0
39600,-1,0,0.73849374,0.6766664,1,1,unassigned,3.0,3.0,0.0,1.0,0.0,0.0,0.001934236,0.0,0,0,0,1,0
39601,-1,0,2.9417922,0.9498741,1,1,unassigned,4.0,4.0,0.0,1.0,0.0,0.0,0.003868472,0.0,0,0,0,1,1
39602,-1,0,2.2251413,0.9024846,1,1,unassigned,19.0,17.0,2.0,0.8947368,0.10526316,0.10526317,0.032882012,0.0034612645,0,0,0,1,1
39603,-1,0,1.3462598,0.7935175,1,1,unassigned,5.0,5.0,0.0,1.0,0.0,0.0,0.0058027077,0.0,0,0,0,1,0
39604,0,0,-0.48410726,0.38128272,0,0,test,5.0,4.0,1.0,0.8,0.2,0.19999999,0.0058027077,0.0011605415,0,0,1,0,0
39605,-1,1,1.6114376,0.8336109,1,1,unassigned,3.0,3.0,0.0,1.0,0.0,0.0,0.001934236,0.0,1,0,0,1,0
39606,-1,0,-0.35765767,0.4115267,0,1,unassigned,19.0,17.0,2.0,0.8947368,0.10526316,0.10526317,0.032882012,0.0034612645,0,0,0,0,0
39607,-1,1,1.2933519,0.784714,1,1,unassigned,3.0,3.0,0.0,1.0,0.0,0.0,0.001934236,0.0,1,0,0,1,0
39608,-1,0,0.7058031,0.6694731,1,1,unassigned,10.0,10.0,0.0,1.0,0.0,0.0,0.015473888,0.0,0,0,0,1,0
39609,-1,1,1.0393965,0.73873353,1,1,unassigned,2.0,2.0,0.0,1.0,0.0,0.0,0.0,0.0,1,0,0,1,0
39610,-1,0,1.7199678,0.8481247,1,1,unassigned,2.0,2.0,0.0,1.0,0.0,0.0,0.0,0.0,0,0,0,1,0
39611,-1,0,-0.0995239,0.47513956,0,1,unassigned,6.0,6.0,0.0,1.0,0.0,0.0,0.007736944,0.0,0,0,0,0,0
39612,-1,0,1.362747,0.7962058,1,1,unassigned,2.0,2.0,0.0,1.0,0.0,0.0,0.0,0.0,0,0,0,1,0
39613,-1,0,-0.25234854,0.43724552,0,1,unassigned,6.0,5.0,1.0,0.8333333,0.16666667,0.16666669,0.007736944,0.0012894907,0,0,0,0,0
39614,-1,1,-0.79275584,0.31157726,0,1,unassigned,44.0,44.0,0.0,1.0,0.0,0.0,0.08123791,0.0,1,0,0,0,0
39615,0,0,3.271936,0.9634535,1,1,unassigned,4.0,4.0,0.0,1.0,0.0,0.0,0.003868472,0.0,0,0,0,1,1
39616,-1,0,-0.56458354,0.36248758,0,1,unassigned,2.0,2.0,0.0,1.0,0.0,0.0,0.0,0.0,0,0,0,0,0
39617,-1,1,1.0662837,0.7438895,1,1,unassigned,18.0,18.0,0.0,1.0,0.0,0.0,0.030947777,0.0,1,0,0,1,0
39618,-1,1,-0.7296077,0.32528082,0,1,unassigned,29.0,29.0,0.0,1.0,0.0,0.0,0.05222437,0.0,1,0,0,0,0
39619,-1,0,-0.19088623,0.4524228,0,1,unassigned,53.0,52.0,1.0,0.9811321,0.018867925,0.01886791,0.09864604,0.0018612461,0,0,0,0,0
39620,-1,0,-0.5872084,0.35727566,0,1,unassigned,6.0,6.0,0.0,1.0,0.0,0.0,0.007736944,0.0,0,0,0,0,0
39621,-1,0,-0.04488796,0.48877984,0,1,unassigned,3.0,3.0,0.0,1.0,0.0,0.0,0.001934236,0.0,0,0,0,0,0
39622,-1,1,0.73102146,0.67502934,1,1,unassigned,6.0,6.0,0.0,1.0,0.0,0.0,0.007736944,0.0,1,0,0,1,0
39623,1,0,0.118982375,0.52971053,1,0,test,9.0,9.0,0.0,1.0,0.0,0.0,0.013539651,0.0,0,0,1,1,0
39624,-1,1,1.6460168,0.838352,1,1,unassigned,6.0,6.0,0.0,1.0,0.0,0.0,0.007736944,0.0,1,0,0,1,0
39625,-1,0,1.0237086,0.73569435,1,1,unassigned,4.0,4.0,0.0,1.0,0.0,0.0,0.003868472,0.0,0,0,0,1,0
39626,0,1,-0.63067806,0.3473568,0,0,unassigned,2.0,2.0,0.0,1.0,0.0,0.0,0.0,0.0,1,0,1,0,0
39627,-1,0,3.7561495,0.9771602,1,1,unassigned,10.0,10.0,0.0,1.0,0.0,0.0,0.015473888,0.0,0,0,0,1,1
39628,-1,0,-0.8078236,0.30835447,0,1,unassigned,2.0,2.0,0.0,1.0,0.0,0.0,0.0,0.0,0,0,0,0,0
39629,1,0,3.7183292,0.97630084,1,0,unassigned,3.0,3.0,0.0,1.0,0.0,0.0,0.001934236,0.0,0,0,1,1,1
39630,-1,0,0.13946146,0.53480893,1,1,unassigned,3.0,2.0,1.0,0.6666667,0.33333334,0.3333333,0.001934236,0.00064474536,0,0,0,1,0
39631,-1,0,1.641505,0.83773965,1,1,unassigned,2.0,2.0,0.0,1.0,0.0,0.0,0.0,0.0,0,0,0,1,0
39632,-1,0,-0.70699036,0.3302642,0,1,unassigned,28.0,28.0,0.0,1.0,0.0,0.0,0.050290134,0.0,0,0,0,0,0
39633,-1,1,-0.9132423,0.28633684,0,1,unassigned,14.0,14.0,0.0,1.0,0.0,0.0,0.023210831,0.0,1,0,0,0,0
39634,-1,0,0.7357989,0.67607653,1,1,unassigned,2.0,2.0,0.0,1.0,0.0,0.0,0.0,0.0,0,0,0,1,0
39635,-1,1,3.7806618,0.977701,1,1,unassigned,3.0,3.0,0.0,1.0,0.0,0.0,0.001934236,0.0,1,0,0,1,1
39636,-1,0,-0.21525154,0.44639394,0,1,unassigned,2.0,2.0,0.0,1.0,0.0,0.0,0.0,0.0,0,0,0,0,0
39637,-1,0,-0.5440834,0.3672382,0,1,unassigned,16.0,16.0,0.0,1.0,0.0,0.0,0.027079303,0.0,0,0,0,0,0
39638,1,1,0.10668254,0.52664536,1,0,test,42.0,41.0,1.0,0.97619045,0.023809524,0.023809552,0.07736944,0.0018421295,1,0,1,1,0
39639,-1,1,3.7806618,0.977701,1,1,unassigned,3.0,3.0,0.0,1.0,0.0,0.0,0.001934236,0.0,1,0,0,1,1
39640,-1,0,-0.1820046,0.45462403,0,1,unassigned,9.0,7.0,2.0,0.7777778,0.22222222,0.22222221,0.013539651,0.0030088115,0,0,0,0,0
39641,-1,0,1.5615752,0.8265792,1,1,unassigned,32.0,32.0,0.0,1.0,0.0,0.0,0.058027077,0.0,0,0,0,1,0
39642,-1,1,3.265665,0.963232,1,1,unassigned,4.0,4.0,0.0,1.0,0.0,0.0,0.003868472,0.0,1,0,0,1,1
39643,1,0,1.5143445,0.8197042,1,0,unassigned,30.0,30.0,0.0,1.0,0.0,0.0,0.054158606,0.0,0,0,1,1,0
39644,-1,1,-0.88854766,0.29140964,0,1,unassigned,15.0,15.0,0.0,1.0,0.0,0.0,0.025145067,0.0,1,0,0,0,0
39645,1,1,5.0515866,0.99364156,1,0,unassigned,3.0,3.0,0.0,1.0,0.0,0.0,0.001934236,0.0,1,0,1,1,1
39646,-1,1,0.13323468,0.5332595,1,1,unassigned,20.0,19.0,1.0,0.95,0.05,0.050000012,0.034816246,0.0017408123,1,0,0,1,0
39647,-1,0,-0.5300086,0.37051487,0,1,unassigned,5.0,5.0,0.0,1.0,0.0,0.0,0.0058027077,0.0,0,0,0,0,0
39648,1,1,4.8987365,0.99259925,1,0,val,5.0,5.0,0.0,1.0,0.0,0.0,0.0058027077,0.0,1,0,1,1,1
39649,-1,0,-0.07996014,0.4800206,0,1,unassigned,4.0,4.0,0.0,1.0,0.0,0.0,0.003868472,0.0,0,0,0,0,0
39650,-1,1,2.3048065,0.9092744,1,1,unassigned,2.0,2.0,0.0,1.0,0.0,0.0,0.0,0.0,1,0,0,1,1
39651,-1,1,9.166039,0.99989545,1,1,unassigned,2.0,2.0,0.0,1.0,0.0,0.0,0.0,0.0,1,0,0,1,1
39652,-1,1,2.2547648,0.90506077,1,1,unassigned,2.0,2.0,0.0,1.0,0.0,0.0,0.0,0.0,1,0,0,1,1
39653,-1,1,-0.095626,0.47611168,0,1,unassigned,6.0,6.0,0.0,1.0,0.0,0.0,0.007736944,0.0,1,0,0,0,0
39654,-1,0,-0.6747185,0.33744112,0,1,unassigned,7.0,7.0,0.0,1.0,0.0,0.0,0.00967118,0.0,0,0,0,0,0
39655,1,0,-0.4052146,0.40006012,0,1,val,25.0,25.0,0.0,1.0,0.0,0.0,0.044487428,0.0,0,0,0,0,0
39656,0,0,-0.48151797,0.38189375,0,0,val,34.0,34.0,0.0,1.0,0.0,0.0,0.061895553,0.0,0,0,1,0,0
39657,1,1,4.926683,0.99280167,1,0,test,3.0,3.0,0.0,1.0,0.0,0.0,0.001934236,0.0,1,0,1,1,1
39658,-1,1,3.7806618,0.977701,1,1,unassigned,3.0,3.0,0.0,1.0,0.0,0.0,0.001934236,0.0,1,0,0,1,1
39659,-1,1,-0.29118538,0.42771366,0,1,unassigned,54.0,29.0,25.0,0.537037,0.46296296,0.46296299,0.10058027,0.046564937,1,0,0,0,0
39660,-1,1,3.7806618,0.977701,1,1,unassigned,3.0,3.0,0.0,1.0,0.0,0.0,0.001934236,0.0,1,0,0,1,1
39661,0,0,-0.43186778,0.3936804,0,0,unassigned,95.0,95.0,0.0,1.0,0.0,0.0,0.17988394,0.0,0,0,1,0,0
39662,-1,0,0.8834675,0.7075403,1,1,unassigned,10.0,9.0,1.0,0.9,0.1,0.100000024,0.015473888,0.0015473888,0,0,0,1,0
39663,1,1,5.1742277,0.99437135,1,0,test,3.0,3.0,0.0,1.0,0.0,0.0,0.001934236,0.0,1,0,1,1,1
39664,-1,0,5.697392,0.99665654,1,1,unassigned,3.0,3.0,0.0,1.0,0.0,0.0,0.001934236,0.0,0,0,0,1,1
39665,-1,0,-0.7623099,0.31814498,0,1,unassigned,33.0,33.0,0.0,1.0,0.0,0.0,0.059961315,0.0,0,0,0,0,0
39666,-1,0,-0.32080042,0.42048067,0,1,unassigned,3.0,3.0,0.0,1.0,0.0,0.0,0.001934236,0.0,0,0,0,0,0
39667,0,0,0.20250493,0.5504539,1,1,unassigned,25.0,25.0,0.0,1.0,0.0,0.0,0.044487428,0.0,0,0,0,1,0
39668,-1,0,7.7594914,0.9995735,1,1,unassigned,9.0,8.0,1.0,0.8888889,0.11111111,0.111111104,0.013539651,0.0015044058,0,0,0,1,1
39669,0,0,0.22623724,0.55631924,1,1,train,23.0,23.0,0.0,1.0,0.0,0.0,0.040618956,0.0,0,0,0,1,0
39670,1,0,1.5027144,0.8179789,1,0,unassigned,6.0,5.0,1.0,0.8333333,0.16666667,0.16666669,0.007736944,0.0012894907,0,0,1,1,0
39671,-1,0,-0.8758681,0.29403475,0,1,unassigned,2.0,2.0,0.0,1.0,0.0,0.0,0.0,0.0,0,0,0,0,0
39672,0,0,0.072717726,0.5181714,1,1,val,6.0,6.0,0.0,1.0,0.0,0.0,0.007736944,0.0,0,0,0,1,0
39673,-1,0,-0.4057718,0.3999264,0,1,unassigned,21.0,20.0,1.0,0.95238096,0.04761905,0.047619045,0.036750484,0.0017500231,0,0,0,0,0
39674,-1,0,-0.17679736,0.45591545,0,1,unassigned,2.0,1.0,1.0,0.5,0.5,0.5,0.0,0.0,0,0,0,0,0
39675,-1,0,1.83671,0.8625591,1,1,unassigned,2.0,2.0,0.0,1.0,0.0,0.0,0.0,0.0,0,0,0,1,0
39676,-1,0,0.07608318,0.5190116,1,1,unassigned,6.0,6.0,0.0,1.0,0.0,0.0,0.007736944,0.0,0,0,0,1,0
39677,-1,1,1.7469308,0.8515653,1,1,unassigned,2.0,2.0,0.0,1.0,0.0,0.0,0.0,0.0,1,0,0,1,0
39678,-1,0,2.8598237,0.94582427,1,1,unassigned,3.0,3.0,0.0,1.0,0.0,0.0,0.001934236,0.0,0,0,0,1,1
39679,-1,0,2.7407353,0.939388,1,1,unassigned,17.0,16.0,1.0,0.9411765,0.05882353,0.058823526,0.029013539,0.0017066788,0,0,0,1,1
39680,-1,0,-0.36463955,0.40983695,0,1,unassigned,10.0,9.0,1.0,0.9,0.1,0.100000024,0.015473888,0.0015473888,0,0,0,0,0
39681,-1,0,-0.30393624,0.4245955,0,1,unassigned,8.0,8.0,0.0,1.0,0.0,0.0,0.0116054155,0.0,0,0,0,0,0
39682,-1,0,-0.17889708,0.45539466,0,1,unassigned,15.0,15.0,0.0,1.0,0.0,0.0,0.025145067,0.0,0,0,0,0,0
39683,-1,0,-0.41034913,0.39882845,0,1,unassigned,17.0,17.0,0.0,1.0,0.0,0.0,0.029013539,0.0,0,0,0,0,0
39684,-1,1,-0.4868462,0.3806368,0,1,unassigned,35.0,35.0,0.0,1.0,0.0,0.0,0.06382979,0.0,1,0,0,0,0
39685,-1,1,-0.7520665,0.32037118,0,1,unassigned,9.0,9.0,0.0,1.0,0.0,0.0,0.013539651,0.0,1,0,0,0,0
39686,-1,0,-0.2545506,0.43670374,0,1,unassigned,2.0,2.0,0.0,1.0,0.0,0.0,0.0,0.0,0,0,0,0,0
39687,-1,0,2.9551132,0.9505046,1,1,unassigned,7.0,5.0,2.0,0.71428573,0.2857143,0.28571427,0.00967118,0.0027631943,0,0,0,1,1
39688,-1,0,-0.84,0.3015348,0,1,unassigned,27.0,27.0,0.0,1.0,0.0,0.0,0.0483559,0.0,0,0,0,0,0
39689,-1,1,4.3828554,0.9876644,1,1,unassigned,2.0,2.0,0.0,1.0,0.0,0.0,0.0,0.0,1,0,0,1,1
39690,-1,1,1.0356755,0.73801476,1,1,unassigned,7.0,7.0,0.0,1.0,0.0,0.0,0.00967118,0.0,1,0,0,1,0
39691,-1,0,-0.503716,0.3766678,0,1,unassigned,13.0,12.0,1.0,0.9230769,0.07692308,0.07692307,0.021276595,0.0016366612,0,0,0,0,0
39692,1,1,-2.471167,0.07790435,0,1,val,2.0,2.0,0.0,1.0,0.0,0.0,0.0,0.0,1,0,0,0,1
39693,-1,1,1.5069497,0.81860876,1,1,unassigned,6.0,6.0,0.0,1.0,0.0,0.0,0.007736944,0.0,1,0,0,1,0
39694,-1,1,1.1617637,0.761653,1,1,unassigned,8.0,8.0,0.0,1.0,0.0,0.0,0.0116054155,0.0,1,0,0,1,0
39695,-1,1,3.7806618,0.977701,1,1,unassigned,3.0,3.0,0.0,1.0,0.0,0.0,0.001934236,0.0,1,0,0,1,1
39696,-1,0,0.55091625,0.6343481,1,1,unassigned,34.0,33.0,1.0,0.9705882,0.029411765,0.029411793,0.061895553,0.0018204574,0,0,0,1,0
39697,1,0,3.6260855,0.97407013,1,0,unassigned,2.0,2.0,0.0,1.0,0.0,0.0,0.0,0.0,0,0,1,1,1
39698,-1,1,2.8300097,0.9442761,1,1,unassigned,4.0,4.0,0.0,1.0,0.0,0.0,0.003868472,0.0,1,0,0,1,1
39699,-1,1,3.7806618,0.977701,1,1,unassigned,3.0,3.0,0.0,1.0,0.0,0.0,0.001934236,0.0,1,0,0,1,1
39700,-1,0,-0.9345816,0.28199613,0,1,unassigned,2.0,2.0,0.0,1.0,0.0,0.0,0.0,0.0,0,0,0,0,0
39701,-1,1,3.7806618,0.977701,1,1,unassigned,3.0,3.0,0.0,1.0,0.0,0.0,0.001934236,0.0,1,0,0,1,1
39702,-1,0,2.6262343,0.932531,1,1,unassigned,17.0,16.0,1.0,0.9411765,0.05882353,0.058823526,0.029013539,0.0017066788,0,0,0,1,1
39703,-1,1,2.5404937,0.9269323,1,1,unassigned,17.0,16.0,1.0,0.9411765,0.05882353,0.058823526,0.029013539,0.0017066788,1,0,0,1,1
39704,-1,1,-0.5595892,0.3636425,0,1,unassigned,54.0,53.0,1.0,0.9814815,0.018518519,0.018518507,0.10058027,0.0018625975,1,0,0,0,0
39705,-1,1,2.8616107,0.94591576,1,1,unassigned,2.0,2.0,0.0,1.0,0.0,0.0,0.0,0.0,1,0,0,1,1
39706,-1,1,12.571411,0.99999654,1,1,unassigned,37.0,25.0,12.0,0.6756757,0.3243243,0.3243243,0.06769826,0.021956192,1,0,0,1,1
39707,-1,1,2.8616107,0.94591576,1,1,unassigned,2.0,2.0,0.0,1.0,0.0,0.0,0.0,0.0,1,0,0,1,1
39708,-1,1,2.8616107,0.94591576,1,1,unassigned,2.0,2.0,0.0,1.0,0.0,0.0,0.0,0.0,1,0,0,1,1
39709,-1,0,-0.6549163,0.3418825,0,1,unassigned,21.0,20.0,1.0,0.95238096,0.04761905,0.047619045,0.036750484,0.0017500231,0,0,0,0,0
39710,-1,1,3.0267658,0.9537688,1,1,unassigned,6.0,6.0,0.0,1.0,0.0,0.0,0.007736944,0.0,1,0,0,1,1
39711,-1,0,0.4034757,0.5995225,1,1,unassigned,4.0,4.0,0.0,1.0,0.0,0.0,0.003868472,0.0,0,0,0,1,0
39712,-1,0,1.472203,0.81339204,1,1,unassigned,8.0,8.0,0.0,1.0,0.0,0.0,0.0116054155,0.0,0,0,0,1,0
39713,-1,1,0.66391057,0.66013825,1,1,unassigned,12.0,12.0,0.0,1.0,0.0,0.0,0.01934236,0.0,1,0,0,1,0
39714,1,0,19.545525,1.0,1,0,val,2.0,2.0,0.0,1.0,0.0,0.0,0.0,0.0,0,0,1,1,1
39715,-1,0,-0.07956207,0.48011997,0,1,unassigned,13.0,13.0,0.0,1.0,0.0,0.0,0.021276595,0.0,0,0,0,0,0
39716,-1,0,5.5828786,0.99625236,1,1,unassigned,2.0,2.0,0.0,1.0,0.0,0.0,0.0,0.0,0,0,0,1,1
39717,0,0,-0.5662274,0.36210778,0,0,unassigned,17.0,17.0,0.0,1.0,0.0,0.0,0.029013539,0.0,0,0,1,0,0
39718,-1,0,0.9266036,0.7163857,1,1,unassigned,20.0,20.0,0.0,1.0,0.0,0.0,0.034816246,0.0,0,0,0,1,0
39719,-1,0,-0.49365136,0.37903377,0,1,unassigned,19.0,19.0,0.0,1.0,0.0,0.0,0.032882012,0.0,0,0,0,0,0
39720,-1,0,-0.1592947,0.46026033,0,1,unassigned,52.0,50.0,2.0,0.96153843,0.03846154,0.038461566,0.0967118,0.0037196847,0,0,0,0,0
39721,0,1,-0.9602994,0.27681825,0,0,unassigned,2.0,1.0,1.0,0.5,0.5,0.5,0.0,0.0,1,0,1,0,0
39722,-1,0,1.7730701,0.854839,1,1,unassigned,2.0,2.0,0.0,1.0,0.0,0.0,0.0,0.0,0,0,0,1,0
39723,-1,1,-0.31651512,0.4215253,0,1,unassigned,9.0,7.0,2.0,0.7777778,0.22222222,0.22222221,0.013539651,0.0030088115,1,0,0,0,0
39724,-1,0,0.63362676,0.6533114,1,1,unassigned,3.0,3.0,0.0,1.0,0.0,0.0,0.001934236,0.0,0,0,0,1,0
39725,-1,0,-0.0063141584,0.49842143,0,1,unassigned,3.0,3.0,0.0,1.0,0.0,0.0,0.001934236,0.0,0,0,0,0,0
39726,-1,1,-0.4189204,0.39677513,0,1,unassigned,17.0,17.0,0.0,1.0,0.0,0.0,0.029013539,0.0,1,0,0,0,0
39727,-1,1,3.9020398,0.9801994,1,1,unassigned,2.0,2.0,0.0,1.0,0.0,0.0,0.0,0.0,1,0,0,1,1
39728,-1,0,-0.39678216,0.40208572,0,1,unassigned,25.0,25.0,0.0,1.0,0.0,0.0,0.044487428,0.0,0,0,0,0,0
39729,0,0,-0.19412327,0.451621,0,0,val,7.0,7.0,0.0,1.0,0.0,0.0,0.00967118,0.0,0,0,1,0,0
39730,-1,1,3.3887737,0.9673518,1,1,unassigned,4.0,4.0,0.0,1.0,0.0,0.0,0.003868472,0.0,1,0,0,1,1
39731,-1,1,0.49220604,0.620626,1,1,unassigned,40.0,35.0,5.0,0.875,0.125,0.125,0.07350097,0.009187621,1,0,0,1,0
39732,-1,0,1.613589,0.83390903,1,1,unassigned,6.0,6.0,0.0,1.0,0.0,0.0,0.007736944,0.0,0,0,0,1,0
39733,-1,1,3.286856,0.96397513,1,1,unassigned,12.0,12.0,0.0,1.0,0.0,0.0,0.01934236,0.0,1,0,0,1,1
39734,-1,0,-0.8366788,0.30223474,0,1,unassigned,42.0,42.0,0.0,1.0,0.0,0.0,0.07736944,0.0,0,0,0,0,0
39735,-1,1,3.9419854,0.9809599,1,1,unassigned,5.0,5.0,0.0,1.0,0.0,0.0,0.0058027077,0.0,1,0,0,1,1
39736,-1,1,9.946633,0.9999521,1,1,unassigned,3.0,2.0,1.0,0.6666667,0.33333334,0.3333333,0.001934236,0.00064474536,1,0,0,1,1
39737,-1,0,-0.19418997,0.45160452,0,1,unassigned,13.0,13.0,0.0,1.0,0.0,0.0,0.021276595,0.0,0,0,0,0,0
39738,-1,0,-2.0063503,0.11853778,0,1,unassigned,5.0,5.0,0.0,1.0,0.0,0.0,0.0058027077,0.0,0,0,0,0,0
39739,1,0,3.0752738,0.95586115,1,0,train,10.0,10.0,0.0,1.0,0.0,0.0,0.015473888,0.0,0,0,1,1,1
39740,-1,0,0.07480192,0.5186918,1,1,unassigned,46.0,45.0,1.0,0.9782609,0.02173913,0.021739125,0.08510638,0.0018501388,0,0,0,1,0
39741,-1,0,0.04930967,0.5123249,1,1,unassigned,13.0,13.0,0.0,1.0,0.0,0.0,0.021276595,0.0,0,0,0,1,0
39742,-1,1,3.265665,0.963232,1,1,unassigned,4.0,4.0,0.0,1.0,0.0,0.0,0.003868472,0.0,1,0,0,1,1
39743,-1,1,2.8616107,0.94591576,1,1,unassigned,2.0,2.0,0.0,1.0,0.0,0.0,0.0,0.0,1,0,0,1,1
39744,-1,0,-0.05712819,0.4857218,0,1,unassigned,2.0,2.0,0.0,1.0,0.0,0.0,0.0,0.0,0,0,0,0,0
39745,-1,1,0.7973227,0.68940145,1,1,unassigned,8.0,5.0,3.0,0.625,0.375,0.375,0.0116054155,0.004352031,1,0,0,1,0
39746,-1,0,-0.41365165,0.39803687,0,1,unassigned,6.0,5.0,1.0,0.8333333,0.16666667,0.16666669,0.007736944,0.0012894907,0,0,0,0,0
39747,-1,0,-0.33410078,0.4172432,0,1,unassigned,5.0,5.0,0.0,1.0,0.0,0.0,0.0058027077,0.0,0,0,0,0,0
39748,-1,1,3.7806618,0.977701,1,1,unassigned,3.0,3.0,0.0,1.0,0.0,0.0,0.001934236,0.0,1,0,0,1,1
39749,-1,1,1.0820112,0.7468744,1,1,unassigned,53.0,50.0,3.0,0.9433962,0.056603774,0.05660379,0.09864604,0.005583738,1,0,0,1,0
39750,-1,0,-0.85855234,0.2976419,0,1,unassigned,6.0,5.0,1.0,0.8333333,0.16666667,0.16666669,0.007736944,0.0012894907,0,0,0,0,0
39751,-1,1,1.8504822,0.8641837,1,1,unassigned,3.0,3.0,0.0,1.0,0.0,0.0,0.001934236,0.0,1,0,0,1,0
39752,-1,1,-0.3676445,0.40911034,0,1,unassigned,18.0,18.0,0.0,1.0,0.0,0.0,0.030947777,0.0,1,0,0,0,0
39753,-1,1,-0.18234542,0.45453954,0,1,unassigned,6.0,6.0,0.0,1.0,0.0,0.0,0.007736944,0.0,1,0,0,0,0
39754,-1,1,2.0968182,0.8905935,1,1,unassigned,3.0,3.0,0.0,1.0,0.0,0.0,0.001934236,0.0,1,0,0,1,0
39755,-1,0,0.25399834,0.5631604,1,1,unassigned,7.0,7.0,0.0,1.0,0.0,0.0,0.00967118,0.0,0,0,0,1,0
39756,-1,0,3.0967531,0.9567586,1,1,unassigned,5.0,5.0,0.0,1.0,0.0,0.0,0.0058027077,0.0,0,0,0,1,1
39757,-1,1,5.8179317,0.997035,1,1,unassigned,2.0,1.0,1.0,0.5,0.5,0.5,0.0,0.0,1,0,0,1,1
39758,-1,1,2.8616107,0.94591576,1,1,unassigned,2.0,2.0,0.0,1.0,0.0,0.0,0.0,0.0,1,0,0,1,1
39759,0,0,-0.14012003,0.46502715,0,0,unassigned,17.0,17.0,0.0,1.0,0.0,0.0,0.029013539,0.0,0,0,1,0,0
39760,0,1,-0.5561356,0.36444208,0,0,unassigned,5.0,4.0,1.0,0.8,0.2,0.19999999,0.0058027077,0.0011605415,1,0,1,0,0
39761,0,0,-0.8853867,0.29206276,0,0,test,4.0,4.0,0.0,1.0,0.0,0.0,0.003868472,0.0,0,0,1,0,0
39762,0,1,-0.49349713,0.37907007,0,0,val,63.0,60.0,3.0,0.95238096,0.04761905,0.047619045,0.11798839,0.005618495,1,0,1,0,0
39763,-1,1,3.2191393,0.9615482,1,1,unassigned,7.0,6.0,1.0,0.85714287,0.14285715,0.14285713,0.00967118,0.0013815971,1,0,0,1,1
39764,-1,0,1.1395326,0.7575938,1,1,unassigned,8.0,7.0,1.0,0.875,0.125,0.125,0.0116054155,0.0014506769,0,0,0,1,0
39765,-1,0,-0.3444891,0.41471943,0,1,unassigned,33.0,32.0,1.0,0.969697,0.030303031,0.030303001,0.059961315,0.0018170096,0,0,0,0,0
39766,-1,1,-0.16496348,0.45885244,0,1,unassigned,5.0,5.0,0.0,1.0,0.0,0.0,0.0058027077,0.0,1,0,0,0,0
39767,-1,0,-0.2091887,0.44789273,0,1,unassigned,15.0,15.0,0.0,1.0,0.0,0.0,0.025145067,0.0,0,0,0,0,0
39768,-1,0,-0.42162466,0.39612806,0,1,unassigned,42.0,41.0,1.0,0.97619045,0.023809524,0.023809552,0.07736944,0.0018421295,0,0,0,0,0
39769,0,0,-0.73167795,0.32482663,0,0,unassigned,14.0,13.0,1.0,0.9285714,0.071428575,0.0714286,0.023210831,0.0016579166,0,0,1,0,0
39770,-1,0,-0.47575176,0.3832558,0,1,unassigned,6.0,6.0,0.0,1.0,0.0,0.0,0.007736944,0.0,0,0,0,0,0
39771,-1,0,3.4591677,0.9695033,1,1,unassigned,9.0,9.0,0.0,1.0,0.0,0.0,0.013539651,0.0,0,0,0,1,1
39772,-1,0,0.24940807,0.5620308,1,1,unassigned,5.0,5.0,0.0,1.0,0.0,0.0,0.0058027077,0.0,0,0,0,1,0
39773,-1,0,0.3499735,0.58661115,1,1,unassigned,4.0,4.0,0.0,1.0,0.0,0.0,0.003868472,0.0,0,0,0,1,0
39774,-1,1,-0.103607714,0.47412124,0,1,unassigned,2.0,2.0,0.0,1.0,0.0,0.0,0.0,0.0,1,0,0,0,0
39775,-1,0,0.20654994,0.55145466,1,1,unassigned,30.0,30.0,0.0,1.0,0.0,0.0,0.054158606,0.0,0,0,0,1,0
39776,-1,0,3.8802655,0.9797722,1,1,unassigned,2.0,2.0,0.0,1.0,0.0,0.0,0.0,0.0,0,0,0,1,1
39777,-1,0,0.26803595,0.5666107,1,1,unassigned,2.0,2.0,0.0,1.0,0.0,0.0,0.0,0.0,0,0,0,1,0
39778,-1,0,2.305608,0.9093404,1,1,unassigned,34.0,34.0,0.0,1.0,0.0,0.0,0.061895553,0.0,0,0,0,1,1
39779,-1,0,1.4586246,0.8113223,1,1,unassigned,33.0,33.0,0.0,1.0,0.0,0.0,0.059961315,0.0,0,0,0,1,0
39780,-1,0,5.070318,0.9937588,1,1,unassigned,2.0,2.0,0.0,1.0,0.0,0.0,0.0,0.0,0,0,0,1,1
39781,-1,0,2.0612302,0.88707745,1,1,unassigned,14.0,14.0,0.0,1.0,0.0,0.0,0.023210831,0.0,0,0,0,1,0
39782,-1,0,-0.25228497,0.43726116,0,1,unassigned,26.0,26.0,0.0,1.0,0.0,0.0,0.046421662,0.0,0,0,0,0,0
39783,0,0,-0.02114129,0.4947149,0,0,unassigned,18.0,18.0,0.0,1.0,0.0,0.0,0.030947777,0.0,0,0,1,0,0
39784,-1,1,12.363794,0.9999957,1,1,unassigned,5.0,4.0,1.0,0.8,0.2,0.19999999,0.0058027077,0.0011605415,1,0,0,1,1
39785,-1,0,-0.66046053,0.34063616,0,1,unassigned,5.0,5.0,0.0,1.0,0.0,0.0,0.0058027077,0.0,0,0,0,0,0
39786,-1,0,-0.28875148,0.4283095,0,1,unassigned,2.0,2.0,0.0,1.0,0.0,0.0,0.0,0.0,0,0,0,0,0
39787,-1,0,1.1537881,0.76020217,1,1,unassigned,5.0,5.0,0.0,1.0,0.0,0.0,0.0058027077,0.0,0,0,0,1,0
39788,-1,0,-0.6995879,0.3319036,0,1,unassigned,15.0,15.0,0.0,1.0,0.0,0.0,0.025145067,0.0,0,0,0,0,0
39789,-1,1,2.6046598,0.9311609,1,1,unassigned,4.0,3.0,1.0,0.75,0.25,0.25,0.003868472,0.000967118,1,0,0,1,1
39790,-1,0,0.11749798,0.52934074,1,1,unassigned,19.0,17.0,2.0,0.8947368,0.10526316,0.10526317,0.032882012,0.0034612645,0,0,0,1,0
39791,-1,0,0.4202655,0.6035468,1,1,unassigned,6.0,6.0,0.0,1.0,0.0,0.0,0.007736944,0.0,0,0,0,1,0
39792,-1,1,0.5270415,0.6287928,1,1,unassigned,4.0,3.0,1.0,0.75,0.25,0.25,0.003868472,0.000967118,1,0,0,1,0
39793,-1,0,2.0880697,0.88973814,1,1,unassigned,18.0,17.0,1.0,0.9444444,0.055555556,0.055555582,0.030947777,0.0017193209,0,0,0,1,0
39794,-1,0,0.50027686,0.6225244,1,1,unassigned,23.0,23.0,0.0,1.0,0.0,0.0,0.040618956,0.0,0,0,0,1,0
39795,-1,0,0.1076681,0.52689105,1,1,unassigned,6.0,6.0,0.0,1.0,0.0,0.0,0.007736944,0.0,0,0,0,1,0
39796,-1,0,-0.23148417,0.44238597,0,1,unassigned,15.0,15.0,0.0,1.0,0.0,0.0,0.025145067,0.0,0,0,0,0,0
39797,-1,0,-0.80764437,0.30839267,0,1,unassigned,11.0,11.0,0.0,1.0,0.0,0.0,0.017408123,0.0,0,0,0,0,0
39798,-1,0,3.431873,0.9686859,1,1,unassigned,11.0,10.0,1.0,0.90909094,0.09090909,0.090909064,0.017408123,0.0015825568,0,0,0,1,1
39799,-1,0,-0.1415456,0.4646726,0,1,unassigned,49.0,49.0,0.0,1.0,0.0,0.0,0.09090909,0.0,0,0,0,0,0
39800,-1,0,-0.8567444,0.29801998,0,1,unassigned,46.0,46.0,0.0,1.0,0.0,0.0,0.08510638,0.0,0,0,0,0,0
39801,0,0,-0.7226019,0.32682028,0,0,test,41.0,41.0,0.0,1.0,0.0,0.0,0.07543521,0.0,0,0,1,0,0
39802,-1,0,-0.23546147,0.4414051,0,1,unassigned,67.0,67.0,0.0,1.0,0.0,0.0,0.12572534,0.0,0,0,0,0,0
39803,-1,0,-0.55755454,0.36411348,0,1,unassigned,16.0,16.0,0.0,1.0,0.0,0.0,0.027079303,0.0,0,0,0,0,0
39804,-1,1,-0.5318439,0.37008694,0,1,unassigned,104.0,97.0,7.0,0.9326923,0.067307696,0.06730771,0.19729207,0.013279275,1,0,0,0,0
39805,-1,1,-0.52440983,0.37182164,0,1,unassigned,3.0,2.0,1.0,0.6666667,0.33333334,0.3333333,0.001934236,0.00064474536,1,0,0,0,0
39806,-1,1,-1.0116,0.26666683,0,1,unassigned,3.0,2.0,1.0,0.6666667,0.33333334,0.3333333,0.001934236,0.00064474536,1,0,0,0,0
39807,-1,1,-0.6671218,0.3391416,0,1,unassigned,33.0,30.0,3.0,0.90909094,0.09090909,0.090909064,0.059961315,0.0054510287,1,0,0,0,0
39808,1,0,4.2272077,0.98561674,1,0,unassigned,4.0,4.0,0.0,1.0,0.0,0.0,0.003868472,0.0,0,0,1,1,1
39809,-1,0,-0.11421609,0.47147697,0,1,unassigned,7.0,7.0,0.0,1.0,0.0,0.0,0.00967118,0.0,0,0,0,0,0
39810,1,1,3.7465966,0.97694606,1,0,val,2.0,2.0,0.0,1.0,0.0,0.0,0.0,0.0,1,0,1,1,1
39811,-1,0,1.6704013,0.8416293,1,1,unassigned,2.0,2.0,0.0,1.0,0.0,0.0,0.0,0.0,0,0,0,1,0
39812,0,0,-0.1084311,0.47291875,0,0,unassigned,32.0,32.0,0.0,1.0,0.0,0.0,0.058027077,0.0,0,0,1,0,0
39813,-1,0,2.2623637,0.90571165,1,1,unassigned,27.0,27.0,0.0,1.0,0.0,0.0,0.0483559,0.0,0,0,0,1,1
39814,-1,0,1.2700491,0.7807511,1,1,unassigned,46.0,42.0,4.0,0.9130435,0.08695652,0.0869565,0.08510638,0.007400555,0,0,0,1,0
39815,-1,0,-0.27618042,0.43139043,0,1,unassigned,8.0,8.0,0.0,1.0,0.0,0.0,0.0116054155,0.0,0,0,0,0,0
39816,-1,0,-0.16928914,0.4577785,0,1,unassigned,22.0,22.0,0.0,1.0,0.0,0.0,0.03868472,0.0,0,0,0,0,0
39817,-1,0,-0.29257336,0.427374,0,1,unassigned,26.0,26.0,0.0,1.0,0.0,0.0,0.046421662,0.0,0,0,0,0,0
39818,-1,0,13.399334,0.99999845,1,1,unassigned,23.0,22.0,1.0,0.95652175,0.04347826,0.04347825,0.040618956,0.0017660416,0,0,0,1,1
39819,-1,1,3.6525452,0.9747301,1,1,unassigned,6.0,6.0,0.0,1.0,0.0,0.0,0.007736944,0.0,1,0,0,1,1
39820,-1,0,0.23852128,0.5593492,1,1,unassigned,24.0,24.0,0.0,1.0,0.0,0.0,0.04255319,0.0,0,0,0,1,0
39821,-1,0,-0.7088834,0.3298456,0,1,unassigned,58.0,57.0,1.0,0.98275864,0.01724138,0.017241359,0.10831721,0.0018675381,0,0,0,0,0
39822,0,0,-0.93557113,0.2817958,0,0,unassigned,21.0,21.0,0.0,1.0,0.0,0.0,0.036750484,0.0,0,0,1,0,0
39823,-1,1,1.211715,0.7706022,1,1,unassigned,4.0,4.0,0.0,1.0,0.0,0.0,0.003868472,0.0,1,0,0,1,0
39824,-1,0,0.89595336,0.7101172,1,1,unassigned,14.0,14.0,0.0,1.0,0.0,0.0,0.023210831,0.0,0,0,0,1,0
39825,-1,1,4.149548,0.98447335,1,1,unassigned,32.0,31.0,1.0,0.96875,0.03125,0.03125,0.058027077,0.0018133462,1,0,0,1,1
39826,-1,0,-0.13772047,0.46562418,0,1,unassigned,12.0,12.0,0.0,1.0,0.0,0.0,0.01934236,0.0,0,0,0,0,0
39827,-1,0,4.1078496,0.9838229,1,1,unassigned,8.0,8.0,0.0,1.0,0.0,0.0,0.0116054155,0.0,0,0,0,1,1
39828,-1,0,-0.2060605,0.4486664,0,1,unassigned,4.0,4.0,0.0,1.0,0.0,0.0,0.003868472,0.0,0,0,0,0,0
39829,-1,0,-0.26937777,0.43305984,0,1,unassigned,17.0,17.0,0.0,1.0,0.0,0.0,0.029013539,0.0,0,0,0,0,0
39830,0,0,-0.018402398,0.49539953,0,0,unassigned,86.0,84.0,2.0,0.9767442,0.023255814,0.023255825,0.16247582,0.0037785075,0,0,1,0,0
39831,-1,0,-0.501633,0.37715697,0,1,unassigned,3.0,3.0,0.0,1.0,0.0,0.0,0.001934236,0.0,0,0,0,0,0
39832,-1,1,-0.73706484,0.3236463,0,1,unassigned,31.0,31.0,0.0,1.0,0.0,0.0,0.056092843,0.0,1,0,0,0,0
39833,-1,0,-0.8755108,0.29410893,0,1,unassigned,33.0,33.0,0.0,1.0,0.0,0.0,0.059961315,0.0,0,0,0,0,0
39834,1,1,5.347377,0.9952619,1,0,test,15.0,15.0,0.0,1.0,0.0,0.0,0.025145067,0.0,1,0,1,1,1
39835,-1,1,-0.044730246,0.48881927,0,1,unassigned,42.0,40.0,2.0,0.95238096,0.04761905,0.047619045,0.07736944,0.003684259,1,0,0,0,0
39836,-1,1,0.71748835,0.6720537,1,1,unassigned,69.0,66.0,3.0,0.95652175,0.04347826,0.04347825,0.1295938,0.005634513,1,0,0,1,0
39837,-1,1,-0.35883373,0.41124192,0,1,unassigned,14.0,12.0,2.0,0.85714287,0.14285715,0.14285713,0.023210831,0.0033158332,1,0,0,0,0
39838,-1,1,0.40431762,0.5997246,1,1,unassigned,3.0,3.0,0.0,1.0,0.0,0.0,0.001934236,0.0,1,0,0,1,0
39839,-1,1,0.021549284,0.50538707,1,1,unassigned,18.0,16.0,2.0,0.8888889,0.11111111,0.111111104,0.030947777,0.0034386418,1,0,0,1,0
39840,-1,0,-0.8926325,0.29056686,0,1,unassigned,3.0,3.0,0.0,1.0,0.0,0.0,0.001934236,0.0,0,0,0,0,0
39841,1,0,3.8370326,0.97889745,1,0,test,17.0,17.0,0.0,1.0,0.0,0.0,0.029013539,0.0,0,0,1,1,1
39842,1,1,-0.297255,0.42622867,0,1,test,14.0,14.0,0.0,1.0,0.0,0.0,0.023210831,0.0,1,0,0,0,0
39843,0,1,-0.34829545,0.41379583,0,0,val,19.0,19.0,0.0,1.0,0.0,0.0,0.032882012,0.0,1,0,1,0,0
39844,-1,1,-0.43643782,0.3925901,0,1,unassigned,35.0,33.0,2.0,0.94285715,0.057142857,0.057142854,0.06382979,0.0036474164,1,0,0,0,0
39845,-1,1,-0.28323618,0.4296606,0,1,unassigned,11.0,9.0,2.0,0.8181818,0.18181819,0.18181819,0.017408123,0.0031651135,1,0,0,0,0
39846,0,1,-0.8046889,0.3090234,0,0,train,43.0,42.0,1.0,0.9767442,0.023255814,0.023255825,0.079303674,0.0018442714,1,0,1,0,0
39847,-1,1,1.725302,0.8488105,1,1,unassigned,5.0,3.0,2.0,0.6,0.4,0.39999998,0.0058027077,0.002321083,1,0,0,1,0
39848,-1,0,-0.85095924,0.29923168,0,1,unassigned,4.0,4.0,0.0,1.0,0.0,0.0,0.003868472,0.0,0,0,0,0,0
39849,-1,1,2.0643137,0.887386,1,1,unassigned,11.0,10.0,1.0,0.90909094,0.09090909,0.090909064,0.017408123,0.0015825568,1,0,0,1,0
39850,-1,0,-0.6439762,0.34434825,0,1,unassigned,2.0,2.0,0.0,1.0,0.0,0.0,0.0,0.0,0,0,0,0,0
39851,-1,1,-0.14422452,0.46400622,0,1,unassigned,11.0,11.0,0.0,1.0,0.0,0.0,0.017408123,0.0,1,0,0,0,0
39852,-1,1,-0.014715552,0.49632117,0,1,unassigned,27.0,27.0,0.0,1.0,0.0,0.0,0.0483559,0.0,1,0,0,0,0
39853,-1,1,6.3446374,0.9982469,1,1,unassigned,29.0,26.0,3.0,0.8965517,0.10344828,0.10344827,0.05222437,0.005402521,1,0,0,1,1
39854,1,1,5.705671,0.996684,1,0,test,13.0,8.0,5.0,0.61538464,0.3846154,0.38461536,0.021276595,0.008183306,1,0,1,1,1
39855,-1,0,-0.8213984,0.3054669,0,1,unassigned,40.0,40.0,0.0,1.0,0.0,0.0,0.07350097,0.0,0,0,0,0,0
39856,-1,0,5.5346837,0.996068,1,1,unassigned,13.0,13.0,0.0,1.0,0.0,0.0,0.021276595,0.0,0,0,0,1,1
39857,-1,0,-0.89666665,0.28973597,0,1,unassigned,3.0,3.0,0.0,1.0,0.0,0.0,0.001934236,0.0,0,0,0,0,0
39858,1,0,-0.2731415,0.43213603,0,1,val,8.0,8.0,0.0,1.0,0.0,0.0,0.0116054155,0.0,0,0,0,0,0
39859,-1,1,-0.9574809,0.27738285,0,1,unassigned,2.0,1.0,1.0,0.5,0.5,0.5,0.0,0.0,1,0,0,0,0
39860,-1,1,-0.44748718,0.3899584,0,1,unassigned,3.0,3.0,0.0,1.0,0.0,0.0,0.001934236,0.0,1,0,0,0,0
39861,-1,1,-0.4575861,0.38755858,0,1,unassigned,4.0,4.0,0.0,1.0,0.0,0.0,0.003868472,0.0,1,0,0,0,0
39862,-1,1,4.305866,0.9866903,1,1,unassigned,8.0,8.0,0.0,1.0,0.0,0.0,0.0116054155,0.0,1,0,0,1,1
39863,-1,0,7.618296,0.99950886,1,1,unassigned,2.0,2.0,0.0,1.0,0.0,0.0,0.0,0.0,0,0,0,1,1
39864,0,1,0.19499207,0.5485942,1,1,train,22.0,19.0,3.0,0.8636364,0.13636364,0.13636363,0.03868472,0.005275189,1,0,0,1,0
39865,-1,0,-0.6283623,0.34788197,0,1,unassigned,151.0,149.0,2.0,0.98675495,0.013245033,0.013245046,0.28820115,0.0038172337,0,0,0,0,0
39866,-1,1,-0.42701602,0.3948391,0,1,unassigned,2.0,2.0,0.0,1.0,0.0,0.0,0.0,0.0,1,0,0,0,0
39867,-1,0,-0.82221043,0.30529466,0,1,unassigned,44.0,44.0,0.0,1.0,0.0,0.0,0.08123791,0.0,0,0,0,0,0
39868,-1,1,0.29762954,0.57386297,1,1,unassigned,25.0,23.0,2.0,0.92,0.08,0.07999998,0.044487428,0.003558994,1,0,0,1,0
39869,-1,0,-0.24355054,0.43941158,0,1,unassigned,3.0,3.0,0.0,1.0,0.0,0.0,0.001934236,0.0,0,0,0,0,0
39870,1,0,-0.24075848,0.44009945,0,1,val,6.0,6.0,0.0,1.0,0.0,0.0,0.007736944,0.0,0,0,0,0,0
39871,-1,0,1.785439,0.8563672,1,1,unassigned,3.0,2.0,1.0,0.6666667,0.33333334,0.3333333,0.001934236,0.00064474536,0,0,0,1,0
39872,-1,0,-0.37883508,0.40640786,0,1,unassigned,3.0,3.0,0.0,1.0,0.0,0.0,0.001934236,0.0,0,0,0,0,0
39873,-1,0,-0.46906227,0.38483822,0,1,unassigned,2.0,1.0,1.0,0.5,0.5,0.5,0.0,0.0,0,0,0,0,0
39874,-1,1,0.89856774,0.7106551,1,1,unassigned,15.0,15.0,0.0,1.0,0.0,0.0,0.025145067,0.0,1,0,0,1,0
39875,-1,0,-0.52702814,0.3712103,0,1,unassigned,13.0,11.0,2.0,0.84615386,0.15384616,0.15384614,0.021276595,0.0032733225,0,0,0,0,0
39876,-1,1,4.8429966,0.99217826,1,1,unassigned,3.0,3.0,0.0,1.0,0.0,0.0,0.001934236,0.0,1,0,0,1,1
39877,-1,0,-0.6975403,0.3323578,0,1,unassigned,3.0,3.0,0.0,1.0,0.0,0.0,0.001934236,0.0,0,0,0,0,0
39878,-1,0,0.51146156,0.625149,1,1,unassigned,5.0,5.0,0.0,1.0,0.0,0.0,0.0058027077,0.0,0,0,0,1,0
39879,1,0,1.2246373,0.7728786,1,0,val,10.0,10.0,0.0,1.0,0.0,0.0,0.015473888,0.0,0,0,1,1,0
39880,1,0,1.2970872,0.78534436,1,0,unassigned,9.0,8.0,1.0,0.8888889,0.11111111,0.111111104,0.013539651,0.0015044058,0,0,1,1,0
39881,-1,0,1.4254458,0.8061907,1,1,unassigned,19.0,17.0,2.0,0.8947368,0.10526316,0.10526317,0.032882012,0.0034612645,0,0,0,1,0
39882,-1,1,4.197051,0.98518294,1,1,unassigned,6.0,5.0,1.0,0.8333333,0.16666667,0.16666669,0.007736944,0.0012894907,1,0,0,1,1
39883,-1,0,4.1028895,0.9837437,1,1,unassigned,3.0,3.0,0.0,1.0,0.0,0.0,0.001934236,0.0,0,0,0,1,1
39884,1,1,8.775884,0.9998456,1,0,unassigned,27.0,23.0,4.0,0.8518519,0.14814815,0.14814812,0.0483559,0.007163837,1,0,1,1,1
39885,-1,0,1.2291479,0.7736694,1,1,unassigned,7.0,7.0,0.0,1.0,0.0,0.0,0.00967118,0.0,0,0,0,1,0
39886,-1,1,4.0598145,0.9830404,1,1,unassigned,11.0,11.0,0.0,1.0,0.0,0.0,0.017408123,0.0,1,0,0,1,1
39887,-1,1,0.8148864,0.69314975,1,1,unassigned,6.0,6.0,0.0,1.0,0.0,0.0,0.007736944,0.0,1,0,0,1,0
39888,-1,0,0.06704694,0.51675546,1,1,unassigned,8.0,8.0,0.0,1.0,0.0,0.0,0.0116054155,0.0,0,0,0,1,0
39889,-1,0,2.6643546,0.9348902,1,1,unassigned,3.0,3.0,0.0,1.0,0.0,0.0,0.001934236,0.0,0,0,0,1,1
39890,-1,0,-0.51422024,0.37420473,0,1,unassigned,12.0,12.0,0.0,1.0,0.0,0.0,0.01934236,0.0,0,0,0,0,0
39891,-1,0,0.24510235,0.56097066,1,1,unassigned,34.0,32.0,2.0,0.9411765,0.05882353,0.058823526,0.061895553,0.0036409148,0,0,0,1,0
39892,-1,1,-0.5232986,0.37208122,0,1,unassigned,78.0,77.0,1.0,0.98717946,0.012820513,0.012820542,0.14700194,0.0018846402,1,0,0,0,0
39893,-1,1,-0.46778518,0.3851406,0,1,unassigned,16.0,16.0,0.0,1.0,0.0,0.0,0.027079303,0.0,1,0,0,0,0
39894,-1,1,-0.5130735,0.3744733,0,1,unassigned,69.0,67.0,2.0,0.9710145,0.028985508,0.0289855,0.1295938,0.0037563422,1,0,0,0,0
39895,1,0,-0.21842268,0.4456104,0,1,unassigned,32.0,32.0,0.0,1.0,0.0,0.0,0.058027077,0.0,0,0,0,0,0
39896,-1,1,1.6003561,0.83206815,1,1,unassigned,40.0,39.0,1.0,0.975,0.025,0.024999976,0.07350097,0.0018375242,1,0,0,1,0
39897,-1,1,1.3093667,0.7874071,1,1,unassigned,33.0,33.0,0.0,1.0,0.0,0.0,0.059961315,0.0,1,0,0,1,0
39898,-1,1,-0.5373399,0.3688066,0,1,unassigned,29.0,29.0,0.0,1.0,0.0,0.0,0.05222437,0.0,1,0,0,0,0
39899,-1,1,2.2052324,0.90071833,1,1,unassigned,57.0,55.0,2.0,0.9649123,0.03508772,0.035087705,0.10638298,0.0037327362,1,0,0,1,1
39900,1,1,-0.14301234,0.4643077,0,1,val,33.0,33.0,0.0,1.0,0.0,0.0,0.059961315,0.0,1,0,0,0,0
39901,-1,1,-0.03774661,0.49056447,0,1,unassigned,47.0,46.0,1.0,0.9787234,0.021276595,0.021276593,0.08704062,0.001851928,1,0,0,0,0
39902,-1,1,-1.0345743,0.26219824,0,1,unassigned,3.0,2.0,1.0,0.6666667,0.33333334,0.3333333,0.001934236,0.00064474536,1,0,0,0,0
39903,0,0,-0.40406397,0.40033633,0,0,unassigned,12.0,12.0,0.0,1.0,0.0,0.0,0.01934236,0.0,0,0,1,0,0
39904,-1,0,1.485143,0.8153481,1,1,unassigned,12.0,11.0,1.0,0.9166667,0.083333336,0.08333331,0.01934236,0.0016118633,0,0,0,1,0
39905,-1,0,1.8710713,0.86658216,1,1,unassigned,21.0,21.0,0.0,1.0,0.0,0.0,0.036750484,0.0,0,0,0,1,0
39906,0,0,-0.49619633,0.378435,0,0,unassigned,11.0,9.0,2.0,0.8181818,0.18181819,0.18181819,0.017408123,0.0031651135,0,0,1,0,0
39907,1,0,2.2378018,0.9035931,1,0,train,2.0,2.0,0.0,1.0,0.0,0.0,0.0,0.0,0,0,1,1,1
39908,-1,1,-0.27908862,0.43067718,0,1,unassigned,16.0,16.0,0.0,1.0,0.0,0.0,0.027079303,0.0,1,0,0,0,0
39909,-1,1,-0.7617503,0.31826636,0,1,unassigned,19.0,18.0,1.0,0.94736844,0.05263158,0.052631557,0.032882012,0.0017306323,1,0,0,0,0
39910,-1,0,-0.8100935,0.30787057,0,1,unassigned,12.0,12.0,0.0,1.0,0.0,0.0,0.01934236,0.0,0,0,0,0,0
39911,-1,1,8.01815,0.99967074,1,1,unassigned,11.0,11.0,0.0,1.0,0.0,0.0,0.017408123,0.0,1,0,0,1,1
39912,0,0,-0.15702888,0.46082324,0,0,test,10.0,10.0,0.0,1.0,0.0,0.0,0.015473888,0.0,0,0,1,0,0
39913,0,1,-0.7508274,0.32064104,0,0,val,19.0,19.0,0.0,1.0,0.0,0.0,0.032882012,0.0,1,0,1,0,0
39914,1,0,2.444826,0.9201823,1,0,unassigned,8.0,8.0,0.0,1.0,0.0,0.0,0.0116054155,0.0,0,0,1,1,1
39915,-1,1,5.014891,0.99340534,1,1,unassigned,16.0,14.0,2.0,0.875,0.125,0.125,0.027079303,0.0033849129,1,0,0,1,1
39916,-1,0,4.0478444,0.98283964,1,1,unassigned,11.0,10.0,1.0,0.90909094,0.09090909,0.090909064,0.017408123,0.0015825568,0,0,0,1,1
39917,-1,1,-0.39093292,0.40349275,0,1,unassigned,49.0,47.0,2.0,0.9591837,0.040816326,0.040816307,0.09090909,0.0037105752,1,0,0,0,0
39918,-1,1,0.04858488,0.51214385,1,1,unassigned,22.0,21.0,1.0,0.95454544,0.045454547,0.04545456,0.03868472,0.0017583964,1,0,0,1,0
39919,-1,1,-0.60845757,0.35241112,0,1,unassigned,60.0,56.0,4.0,0.93333334,0.06666667,0.06666666,0.11218569,0.007479046,1,0,0,0,0
39920,0,1,0.71584445,0.6716913,1,1,unassigned,9.0,4.0,5.0,0.44444445,0.5555556,0.5555556,0.013539651,0.007522029,1,0,0,1,0
39921,-1,1,4.279675,0.986342,1,1,unassigned,8.0,6.0,2.0,0.75,0.25,0.25,0.0116054155,0.0029013539,1,0,0,1,1
39922,-1,1,7.0241337,0.99911064,1,1,unassigned,12.0,10.0,2.0,0.8333333,0.16666667,0.16666669,0.01934236,0.0032237265,1,0,0,1,1
39923,-1,1,-0.488876,0.3801584,0,1,unassigned,32.0,31.0,1.0,0.96875,0.03125,0.03125,0.058027077,0.0018133462,1,0,0,0,0
39924,-1,1,-0.34250522,0.41520107,0,1,unassigned,46.0,44.0,2.0,0.95652175,0.04347826,0.04347825,0.08510638,0.0037002775,1,0,0,0,0
39925,0,1,0.12627423,0.5315267,1,1,unassigned,21.0,21.0,0.0,1.0,0.0,0.0,0.036750484,0.0,1,0,0,1,0
39926,-1,1,0.074947655,0.51872814,1,1,unassigned,35.0,35.0,0.0,1.0,0.0,0.0,0.06382979,0.0,1,0,0,1,0
39927,-1,1,-0.5402035,0.36814022,0,1,unassigned,11.0,10.0,1.0,0.90909094,0.09090909,0.090909064,0.017408123,0.0015825568,1,0,0,0,0
39928,0,1,-0.5417839,0.36777267,0,0,test,58.0,54.0,4.0,0.9310345,0.06896552,0.068965495,0.10831721,0.0074701523,1,0,1,0,0
39929,0,1,-0.40003452,0.40130407,0,0,val,57.0,54.0,3.0,0.94736844,0.05263158,0.052631557,0.10638298,0.0055991043,1,0,1,0,0
39930,-1,1,-0.3546491,0.4122555,0,1,unassigned,60.0,57.0,3.0,0.95,0.05,0.050000012,0.11218569,0.0056092846,1,0,0,0,0
39931,-1,1,2.7727911,0.9411877,1,1,unassigned,2.0,1.0,1.0,0.5,0.5,0.5,0.0,0.0,1,0,0,1,1
39932,-1,0,0.76605767,0.68266743,1,1,unassigned,5.0,5.0,0.0,1.0,0.0,0.0,0.0058027077,0.0,0,0,0,1,0
39933,-1,0,-0.55640477,0.36437973,0,1,unassigned,2.0,2.0,0.0,1.0,0.0,0.0,0.0,0.0,0,0,0,0,0
39934,-1,1,3.1848674,0.9602608,1,1,unassigned,3.0,3.0,0.0,1.0,0.0,0.0,0.001934236,0.0,1,0,0,1,1
39935,-1,0,-0.018252969,0.49543685,0,1,unassigned,24.0,24.0,0.0,1.0,0.0,0.0,0.04255319,0.0,0,0,0,0,0
39936,-1,1,2.935993,0.94959736,1,1,unassigned,5.0,1.0,4.0,0.2,0.8,0.8,0.0058027077,0.004642166,1,1,0,1,1
39937,-1,0,0.3653069,0.5903245,1,1,unassigned,7.0,5.0,2.0,0.71428573,0.2857143,0.28571427,0.00967118,0.0027631943,0,0,0,1,0
39938,-1,0,-0.65914196,0.34093237,0,1,unassigned,72.0,71.0,1.0,0.9861111,0.013888889,0.0138888955,0.13539653,0.0018805073,0,0,0,0,0
39939,-1,0,0.8443721,0.6993852,1,1,unassigned,3.0,2.0,1.0,0.6666667,0.33333334,0.3333333,0.001934236,0.00064474536,0,0,0,1,0
39940,-1,0,-0.07924664,0.48019868,0,1,unassigned,2.0,2.0,0.0,1.0,0.0,0.0,0.0,0.0,0,0,0,0,0
39941,-1,0,-0.22973931,0.44281647,0,1,unassigned,45.0,45.0,0.0,1.0,0.0,0.0,0.08317215,0.0,0,0,0,0,0
39942,0,0,0.072938025,0.51822644,1,1,test,86.0,81.0,5.0,0.94186044,0.058139537,0.058139563,0.16247582,0.009446269,0,0,0,1,0
39943,-1,0,0.9151638,0.71405566,1,1,unassigned,3.0,3.0,0.0,1.0,0.0,0.0,0.001934236,0.0,0,0,0,1,0
39944,-1,0,3.0676827,0.9555399,1,1,unassigned,5.0,5.0,0.0,1.0,0.0,0.0,0.0058027077,0.0,0,0,0,1,1
39945,-1,1,0.95686215,0.7224931,1,1,unassigned,17.0,17.0,0.0,1.0,0.0,0.0,0.029013539,0.0,1,0,0,1,0
39946,-1,1,-0.3939429,0.40276852,0,1,unassigned,30.0,30.0,0.0,1.0,0.0,0.0,0.054158606,0.0,1,0,0,0,0
39947,-1,0,5.3956256,0.9954841,1,1,unassigned,3.0,3.0,0.0,1.0,0.0,0.0,0.001934236,0.0,0,0,0,1,1
39948,1,1,-0.034575105,0.49135712,0,1,unassigned,12.0,12.0,0.0,1.0,0.0,0.0,0.01934236,0.0,1,0,0,0,0
39949,-1,0,2.564335,0.9285307,1,1,unassigned,2.0,2.0,0.0,1.0,0.0,0.0,0.0,0.0,0,0,0,1,1
39950,-1,0,4.3643665,0.9874371,1,1,unassigned,3.0,2.0,1.0,0.6666667,0.33333334,0.3333333,0.001934236,0.00064474536,0,0,0,1,1
39951,-1,0,2.5496218,0.9275481,1,1,unassigned,3.0,3.0,0.0,1.0,0.0,0.0,0.001934236,0.0,0,0,0,1,1
39952,-1,1,6.13024,0.99782866,1,1,unassigned,2.0,2.0,0.0,1.0,0.0,0.0,0.0,0.0,1,0,0,1,1
39953,-1,1,0.9451719,0.7201432,1,1,unassigned,5.0,3.0,2.0,0.6,0.4,0.39999998,0.0058027077,0.002321083,1,0,0,1,0
39954,-1,1,0.9940968,0.7298963,1,1,unassigned,2.0,2.0,0.0,1.0,0.0,0.0,0.0,0.0,1,0,0,1,0
39955,-1,1,3.5949023,0.9732708,1,1,unassigned,5.0,5.0,0.0,1.0,0.0,0.0,0.0058027077,0.0,1,0,0,1,1
39956,1,0,0.026602328,0.50665015,1,0,test,6.0,5.0,1.0,0.8333333,0.16666667,0.16666669,0.007736944,0.0012894907,0,0,1,1,0
39957,1,0,-0.16009742,0.4600609,0,1,val,6.0,5.0,1.0,0.8333333,0.16666667,0.16666669,0.007736944,0.0012894907,0,0,0,0,0
39958,-1,0,1.3039551,0.78649986,1,1,unassigned,3.0,1.0,2.0,0.33333334,0.6666667,0.6666666,0.001934236,0.0012894907,0,0,0,1,0
39959,-1,1,1.5454814,0.8242602,1,1,unassigned,2.0,1.0,1.0,0.5,0.5,0.5,0.0,0.0,1,0,0,1,0
39960,0,0,-0.7206469,0.32725054,0,0,test,2.0,2.0,0.0,1.0,0.0,0.0,0.0,0.0,0,0,1,0,0
39961,-1,1,-0.062432885,0.48439685,0,1,unassigned,26.0,25.0,1.0,0.96153843,0.03846154,0.038461566,0.046421662,0.0017854486,1,0,0,0,0
39962,-1,0,1.6818576,0.8431503,1,1,unassigned,2.0,2.0,0.0,1.0,0.0,0.0,0.0,0.0,0,0,0,1,0
39963,-1,1,-0.4575317,0.38757154,0,1,unassigned,121.0,115.0,6.0,0.9504132,0.049586777,0.049586773,0.23017408,0.011413591,1,0,0,0,0
39964,1,1,-0.38906467,0.40394253,0,1,unassigned,116.0,102.0,14.0,0.87931037,0.12068965,0.12068963,0.2205029,0.026612418,1,0,0,0,0
39965,-1,1,-0.31605893,0.42163652,0,1,unassigned,8.0,8.0,0.0,1.0,0.0,0.0,0.0116054155,0.0,1,0,0,0,0
39966,-1,1,-0.62338674,0.3490116,0,1,unassigned,15.0,15.0,0.0,1.0,0.0,0.0,0.025145067,0.0,1,0,0,0,0
39967,-1,1,-0.3022398,0.42501003,0,1,unassigned,115.0,109.0,6.0,0.9478261,0.052173913,0.052173913,0.21856867,0.011403583,1,0,0,0,0
39968,-1,1,-0.46029758,0.3869152,0,1,unassigned,17.0,16.0,1.0,0.9411765,0.05882353,0.058823526,0.029013539,0.0017066788,1,0,0,0,0
39969,-1,1,-0.631864,0.347088,0,1,unassigned,80.0,76.0,4.0,0.95,0.05,0.050000012,0.15087041,0.0075435205,1,0,0,0,0
39970,-1,1,-0.3995828,0.4014126,0,1,unassigned,54.0,54.0,0.0,1.0,0.0,0.0,0.10058027,0.0,1,0,0,0,0
39971,-1,1,-0.63075066,0.34734035,0,1,unassigned,59.0,59.0,0.0,1.0,0.0,0.0,0.11025145,0.0,1,0,0,0,0
39972,-1,0,2.900906,0.94789124,1,1,unassigned,9.0,9.0,0.0,1.0,0.0,0.0,0.013539651,0.0,0,0,0,1,1
39973,-1,1,-0.5547098,0.36477238,0,1,unassigned,10.0,10.0,0.0,1.0,0.0,0.0,0.015473888,0.0,1,0,0,0,0
39974,-1,1,-0.37412116,0.40754557,0,1,unassigned,23.0,22.0,1.0,0.95652175,0.04347826,0.04347825,0.040618956,0.0017660416,1,0,0,0,0
39975,-1,0,-0.5947753,0.35553995,0,1,unassigned,4.0,4.0,0.0,1.0,0.0,0.0,0.003868472,0.0,0,0,0,0,0
39976,0,0,-0.4140262,0.3979471,0,0,unassigned,11.0,11.0,0.0,1.0,0.0,0.0,0.017408123,0.0,0,0,1,0,0
39977,-1,1,-0.64996743,0.34299687,0,1,unassigned,2.0,2.0,0.0,1.0,0.0,0.0,0.0,0.0,1,0,0,0,0
39978,-1,1,0.07931423,0.5198181,1,1,unassigned,5.0,4.0,1.0,0.8,0.2,0.19999999,0.0058027077,0.0011605415,1,0,0,1,0
39979,-1,1,-0.054444373,0.48639226,0,1,unassigned,4.0,1.0,3.0,0.25,0.75,0.75,0.003868472,0.002901354,1,0,0,0,0
39980,-1,1,4.1973615,0.98518753,1,1,unassigned,3.0,3.0,0.0,1.0,0.0,0.0,0.001934236,0.0,1,0,0,1,1
39981,-1,1,0.311346,0.57721376,1,1,unassigned,2.0,2.0,0.0,1.0,0.0,0.0,0.0,0.0,1,0,0,1,0
39982,-1,0,5.553658,0.99614173,1,1,unassigned,2.0,1.0,1.0,0.5,0.5,0.5,0.0,0.0,0,0,0,1,1
39983,-1,0,-0.36840034,0.40892762,0,1,unassigned,27.0,24.0,3.0,0.8888889,0.11111111,0.111111104,0.0483559,0.0053728777,0,0,0,0,0
39984,-1,0,3.3594272,0.96641225,1,1,unassigned,6.0,3.0,3.0,0.5,0.5,0.5,0.007736944,0.003868472,0,0,0,1,1
39985,-1,1,-0.4237106,0.3956292,0,1,unassigned,69.0,69.0,0.0,1.0,0.0,0.0,0.1295938,0.0,1,0,0,0,0
39986,-1,1,3.565325,0.97249043,1,1,unassigned,2.0,2.0,0.0,1.0,0.0,0.0,0.0,0.0,1,0,0,1,1
39987,-1,0,13.640249,0.9999988,1,1,unassigned,2.0,1.0,1.0,0.5,0.5,0.5,0.0,0.0,0,0,0,1,1
39988,1,0,4.360099,0.9873841,1,0,val,6.0,4.0,2.0,0.6666667,0.33333334,0.3333333,0.007736944,0.0025789815,0,0,1,1,1
39989,-1,0,2.47797,0.92258286,1,1,unassigned,13.0,13.0,0.0,1.0,0.0,0.0,0.021276595,0.0,0,0,0,1,1
39990,-1,1,10.382368,0.999969,1,1,unassigned,15.0,14.0,1.0,0.93333334,0.06666667,0.06666666,0.025145067,0.0016763379,1,0,0,1,1
39991,-1,1,0.29935503,0.57428485,1,1,unassigned,16.0,16.0,0.0,1.0,0.0,0.0,0.027079303,0.0,1,0,0,1,0
39992,-1,0,1.2789097,0.7822642,1,1,unassigned,4.0,2.0,2.0,0.5,0.5,0.5,0.003868472,0.001934236,0,0,0,1,0
39993,-1,0,-0.30206352,0.4250531,0,1,unassigned,12.0,12.0,0.0,1.0,0.0,0.0,0.01934236,0.0,0,0,0,0,0
39994,-1,0,1.2386734,0.77533305,1,1,unassigned,4.0,4.0,0.0,1.0,0.0,0.0,0.003868472,0.0,0,0,0,1,0
39995,-1,1,2.594898,0.9305325,1,1,unassigned,2.0,2.0,0.0,1.0,0.0,0.0,0.0,0.0,1,0,0,1,1
39996,-1,1,5.6952424,0.9966493,1,1,unassigned,4.0,3.0,1.0,0.75,0.25,0.25,0.003868472,0.000967118,1,0,0,1,1
39997,-1,1,-0.59847724,0.35469213,0,1,unassigned,22.0,22.0,0.0,1.0,0.0,0.0,0.03868472,0.0,1,0,0,0,0
39998,-1,1,1.4154382,0.8046223,1,1,unassigned,5.0,4.0,1.0,0.8,0.2,0.19999999,0.0058027077,0.0011605415,1,0,0,1,0
39999,-1,1,0.85964483,0.7025864,1,1,unassigned,36.0,36.0,0.0,1.0,0.0,0.0,0.065764025,0.0,1,0,0,1,0
40000,-1,1,-0.9201781,0.2849216,0,1,unassigned,2.0,2.0,0.0,1.0,0.0,0.0,0.0,0.0,1,0,0,0,0
40001,-1,1,5.7727275,0.9968984,1,1,unassigned,2.0,2.0,0.0,1.0,0.0,0.0,0.0,0.0,1,0,0,1,1
40002,-1,1,2.594898,0.9305325,1,1,unassigned,2.0,2.0,0.0,1.0,0.0,0.0,0.0,0.0,1,0,0,1,1
40003,-1,0,-0.8191588,0.30594227,0,1,unassigned,3.0,2.0,1.0,0.6666667,0.33333334,0.3333333,0.001934236,0.00064474536,0,0,0,0,0
40004,-1,0,-0.030080855,0.49248037,0,1,unassigned,4.0,4.0,0.0,1.0,0.0,0.0,0.003868472,0.0,0,0,0,0,0
40005,0,1,0.1512053,0.5377295,1,1,val,22.0,22.0,0.0,1.0,0.0,0.0,0.03868472,0.0,1,0,0,1,0
40006,-1,0,1.3272085,0.7903785,1,1,unassigned,3.0,3.0,0.0,1.0,0.0,0.0,0.001934236,0.0,0,0,0,1,0
40007,-1,1,9.100157,0.9998883,1,1,unassigned,2.0,2.0,0.0,1.0,0.0,0.0,0.0,0.0,1,0,0,1,1
40008,-1,0,1.0471735,0.74023175,1,1,unassigned,2.0,2.0,0.0,1.0,0.0,0.0,0.0,0.0,0,0,0,1,0
40009,-1,0,1.0001819,0.73109436,1,1,unassigned,24.0,23.0,1.0,0.9583333,0.041666668,0.041666687,0.04255319,0.0017730496,0,0,0,1,0
40010,-1,0,-0.14831978,0.46298787,0,1,unassigned,16.0,16.0,0.0,1.0,0.0,0.0,0.027079303,0.0,0,0,0,0,0
40011,-1,0,-0.1526323,0.46191585,0,1,unassigned,7.0,6.0,1.0,0.85714287,0.14285715,0.14285713,0.00967118,0.0013815971,0,0,0,0,0
40012,-1,0,3.2649925,0.9632081,1,1,unassigned,10.0,10.0,0.0,1.0,0.0,0.0,0.015473888,0.0,0,0,0,1,1
40013,1,1,0.65303046,0.6576931,1,0,unassigned,20.0,18.0,2.0,0.9,0.1,0.100000024,0.034816246,0.0034816246,1,0,1,1,0
40014,-1,1,-0.65275556,0.34236884,0,1,unassigned,3.0,3.0,0.0,1.0,0.0,0.0,0.001934236,0.0,1,0,0,0,0
40015,-1,0,1.3518276,0.7944283,1,1,unassigned,4.0,4.0,0.0,1.0,0.0,0.0,0.003868472,0.0,0,0,0,1,0
40016,-1,1,-0.78824234,0.3125462,0,1,unassigned,24.0,22.0,2.0,0.9166667,0.083333336,0.08333331,0.04255319,0.0035460992,1,0,0,0,0
40017,0,0,-0.48848832,0.38024974,0,0,val,5.0,5.0,0.0,1.0,0.0,0.0,0.0058027077,0.0,0,0,1,0,0
40018,-1,1,-0.5000898,0.37751958,0,1,unassigned,87.0,86.0,1.0,0.9885057,0.011494253,0.011494279,0.16441005,0.0018897707,1,0,0,0,0
40019,-1,0,1.2325222,0.77425975,1,1,unassigned,36.0,36.0,0.0,1.0,0.0,0.0,0.065764025,0.0,0,0,0,1,0
40020,-1,1,-0.37044382,0.4084338,0,1,unassigned,149.0,144.0,5.0,0.96644294,0.033557046,0.033557057,0.2843327,0.009541365,1,0,0,0,0
40021,-1,0,2.4405568,0.9198682,1,1,unassigned,2.0,2.0,0.0,1.0,0.0,0.0,0.0,0.0,0,0,0,1,1
40022,0,1,-0.5676414,0.36178124,0,0,unassigned,21.0,21.0,0.0,1.0,0.0,0.0,0.036750484,0.0,1,0,1,0,0
40023,-1,1,-0.23062345,0.44259834,0,1,unassigned,105.0,101.0,4.0,0.96190476,0.03809524,0.038095236,0.1992263,0.007589574,1,0,0,0,0
40024,0,1,-0.53624666,0.36906114,0,0,unassigned,58.0,56.0,2.0,0.9655172,0.03448276,0.034482777,0.10831721,0.0037350762,1,0,1,0,0
40025,1,1,0.15305352,0.5381889,1,0,val,18.0,18.0,0.0,1.0,0.0,0.0,0.030947777,0.0,1,0,1,1,0
40026,-1,1,-0.2751501,0.4316432,0,1,unassigned,71.0,65.0,6.0,0.91549295,0.08450704,0.08450705,0.13346228,0.011278503,1,0,0,0,0
40027,-1,1,-0.4383188,0.39214164,0,1,unassigned,49.0,48.0,1.0,0.97959185,0.020408163,0.020408154,0.09090909,0.0018552876,1,0,0,0,0
40028,-1,1,-0.5403177,0.36811367,0,1,unassigned,40.0,37.0,3.0,0.925,0.075,0.07499999,0.07350097,0.005512573,1,0,0,0,0
40029,-1,0,1.0297124,0.73686016,1,1,unassigned,3.0,3.0,0.0,1.0,0.0,0.0,0.001934236,0.0,0,0,0,1,0
40030,-1,1,-0.28476995,0.42928475,0,1,unassigned,7.0,4.0,3.0,0.5714286,0.42857143,0.4285714,0.00967118,0.0041447915,1,0,0,0,0
40031,-1,0,-0.29468453,0.42685738,0,1,unassigned,3.0,3.0,0.0,1.0,0.0,0.0,0.001934236,0.0,0,0,0,0,0
40032,-1,0,-0.4217645,0.3960946,0,1,unassigned,2.0,2.0,0.0,1.0,0.0,0.0,0.0,0.0,0,0,0,0,0
40033,-1,0,0.61436397,0.6489356,1,1,unassigned,9.0,9.0,0.0,1.0,0.0,0.0,0.013539651,0.0,0,0,0,1,0
40034,-1,0,0.07953334,0.51987284,1,1,unassigned,2.0,2.0,0.0,1.0,0.0,0.0,0.0,0.0,0,0,0,1,0
40035,-1,0,5.6117716,0.9963587,1,1,unassigned,5.0,5.0,0.0,1.0,0.0,0.0,0.0058027077,0.0,0,0,0,1,1
40036,-1,1,0.60867506,0.64763856,1,1,unassigned,5.0,3.0,2.0,0.6,0.4,0.39999998,0.0058027077,0.002321083,1,0,0,1,0
40037,1,0,3.4145038,0.9681548,1,0,test,22.0,21.0,1.0,0.95454544,0.045454547,0.04545456,0.03868472,0.0017583964,0,0,1,1,1
40038,-1,0,3.4781363,0.9700593,1,1,unassigned,2.0,2.0,0.0,1.0,0.0,0.0,0.0,0.0,0,0,0,1,1
40039,-1,1,8.651796,0.9998253,1,1,unassigned,2.0,2.0,0.0,1.0,0.0,0.0,0.0,0.0,1,0,0,1,1
40040,-1,0,1.3083794,0.7872418,1,1,unassigned,14.0,14.0,0.0,1.0,0.0,0.0,0.023210831,0.0,0,0,0,1,0
40041,-1,1,6.3322363,0.99822515,1,1,unassigned,11.0,8.0,3.0,0.72727275,0.27272728,0.27272725,0.017408123,0.00474767,1,0,0,1,1
40042,-1,0,-0.42578635,0.39513296,0,1,unassigned,2.0,2.0,0.0,1.0,0.0,0.0,0.0,0.0,0,0,0,0,0
40043,-1,1,1.405441,0.8030459,1,1,unassigned,9.0,9.0,0.0,1.0,0.0,0.0,0.013539651,0.0,1,0,0,1,0
40044,-1,1,17.881266,1.0,1,1,unassigned,3.0,3.0,0.0,1.0,0.0,0.0,0.001934236,0.0,1,0,0,1,1
40045,1,0,-0.5692223,0.36141628,0,1,test,28.0,28.0,0.0,1.0,0.0,0.0,0.050290134,0.0,0,0,0,0,0
40046,0,0,-0.5098704,0.3752239,0,0,unassigned,6.0,6.0,0.0,1.0,0.0,0.0,0.007736944,0.0,0,0,1,0,0
40047,0,0,-0.72529674,0.32622766,0,0,val,6.0,6.0,0.0,1.0,0.0,0.0,0.007736944,0.0,0,0,1,0,0
40048,1,0,-0.045956016,0.48851296,0,1,test,28.0,25.0,3.0,0.89285713,0.10714286,0.107142866,0.050290134,0.0053882287,0,0,0,0,0
40049,0,0,-0.08959663,0.47761586,0,0,test,15.0,15.0,0.0,1.0,0.0,0.0,0.025145067,0.0,0,0,1,0,0
40050,1,0,1.1312554,0.7560705,1,0,unassigned,10.0,10.0,0.0,1.0,0.0,0.0,0.015473888,0.0,0,0,1,1,0
40051,-1,1,-0.178904,0.45539293,0,1,unassigned,32.0,29.0,3.0,0.90625,0.09375,0.09375,0.058027077,0.0054400386,1,0,0,0,0
40052,-1,1,-0.72065353,0.32724908,0,1,unassigned,20.0,20.0,0.0,1.0,0.0,0.0,0.034816246,0.0,1,0,0,0,0
40053,-1,1,0.23585624,0.5586922,1,1,unassigned,3.0,3.0,0.0,1.0,0.0,0.0,0.001934236,0.0,1,0,0,1,0
40054,-1,0,0.5952485,0.6445685,1,1,unassigned,6.0,6.0,0.0,1.0,0.0,0.0,0.007736944,0.0,0,0,0,1,0
40055,-1,0,1.9724123,0.87787,1,1,unassigned,2.0,1.0,1.0,0.5,0.5,0.5,0.0,0.0,0,0,0,1,0
40056,-1,1,10.572002,0.99997437,1,1,unassigned,2.0,2.0,0.0,1.0,0.0,0.0,0.0,0.0,1,0,0,1,1
40057,-1,0,-0.19110489,0.45236862,0,1,unassigned,22.0,22.0,0.0,1.0,0.0,0.0,0.03868472,0.0,0,0,0,0,0
40058,-1,0,1.8775995,0.86733514,1,1,unassigned,11.0,11.0,0.0,1.0,0.0,0.0,0.017408123,0.0,0,0,0,1,0
40059,-1,0,2.4758847,0.92243385,1,1,unassigned,27.0,25.0,2.0,0.9259259,0.074074075,0.07407409,0.0483559,0.0035819185,0,0,0,1,1
40060,-1,0,0.3949558,0.5974751,1,1,unassigned,37.0,36.0,1.0,0.972973,0.027027028,0.02702701,0.06769826,0.0018296828,0,0,0,1,0
40061,-1,0,5.4233375,0.99560696,1,1,unassigned,37.0,34.0,3.0,0.9189189,0.08108108,0.08108109,0.06769826,0.005489048,0,0,0,1,1
40062,-1,0,-0.7525023,0.3202763,0,1,unassigned,15.0,15.0,0.0,1.0,0.0,0.0,0.025145067,0.0,0,0,0,0,0
40063,-1,0,-0.5158337,0.37382695,0,1,unassigned,20.0,20.0,0.0,1.0,0.0,0.0,0.034816246,0.0,0,0,0,0,0
40064,-1,0,-0.80411965,0.30914497,0,1,unassigned,5.0,5.0,0.0,1.0,0.0,0.0,0.0058027077,0.0,0,0,0,0,0
40065,-1,1,2.599511,0.93083006,1,1,unassigned,5.0,5.0,0.0,1.0,0.0,0.0,0.0058027077,0.0,1,0,0,1,1
40066,-1,1,-0.111314744,0.47220004,0,1,unassigned,17.0,13.0,4.0,0.7647059,0.23529412,0.2352941,0.029013539,0.006826715,1,0,0,0,0
40067,-1,1,1.9342089,0.8737145,1,1,unassigned,3.0,3.0,0.0,1.0,0.0,0.0,0.001934236,0.0,1,0,0,1,0
40068,-1,0,9.690155,0.99993813,1,1,unassigned,2.0,2.0,0.0,1.0,0.0,0.0,0.0,0.0,0,0,0,1,1
40069,-1,0,0.70800906,0.6699611,1,1,unassigned,14.0,13.0,1.0,0.9285714,0.071428575,0.0714286,0.023210831,0.0016579166,0,0,0,1,0
40070,1,0,1.3268325,0.79031616,1,0,unassigned,34.0,34.0,0.0,1.0,0.0,0.0,0.061895553,0.0,0,0,1,1,0
40071,-1,0,0.77690107,0.68501186,1,1,unassigned,9.0,8.0,1.0,0.8888889,0.11111111,0.111111104,0.013539651,0.0015044058,0,0,0,1,0
40072,-1,0,3.903725,0.980232,1,1,unassigned,3.0,3.0,0.0,1.0,0.0,0.0,0.001934236,0.0,0,0,0,1,1
40073,-1,0,-0.13669807,0.46587858,0,1,unassigned,19.0,19.0,0.0,1.0,0.0,0.0,0.032882012,0.0,0,0,0,0,0
40074,-1,0,-0.89305794,0.29047918,0,1,unassigned,14.0,14.0,0.0,1.0,0.0,0.0,0.023210831,0.0,0,0,0,0,0
40075,-1,1,-0.6748959,0.33740142,0,1,unassigned,8.0,7.0,1.0,0.875,0.125,0.125,0.0116054155,0.0014506769,1,0,0,0,0
40076,0,1,-0.50860083,0.37552157,0,0,val,7.0,7.0,0.0,1.0,0.0,0.0,0.00967118,0.0,1,0,1,0,0
40077,-1,1,-0.5504224,0.3657664,0,1,unassigned,81.0,80.0,1.0,0.9876543,0.012345679,0.012345672,0.15280464,0.0018864771,1,0,0,0,0
40078,-1,1,-0.67562157,0.33723924,0,1,unassigned,54.0,53.0,1.0,0.9814815,0.018518519,0.018518507,0.10058027,0.0018625975,1,0,0,0,0
40079,-1,1,-0.12371874,0.46910968,0,1,unassigned,89.0,86.0,3.0,0.96629214,0.033707865,0.033707857,0.16827853,0.00567231,1,0,0,0,0
40080,-1,1,-0.34061298,0.41566062,0,1,unassigned,31.0,30.0,1.0,0.9677419,0.032258064,0.032258093,0.056092843,0.0018094465,1,0,0,0,0
40081,-1,1,-0.63284564,0.34686556,0,1,unassigned,143.0,134.0,9.0,0.9370629,0.062937066,0.06293708,0.27272728,0.017164655,1,0,0,0,0
40082,-1,1,-0.39917967,0.40150943,0,1,unassigned,33.0,30.0,3.0,0.90909094,0.09090909,0.090909064,0.059961315,0.0054510287,1,0,0,0,0
40083,-1,1,-0.45248926,0.3887691,0,1,unassigned,56.0,53.0,3.0,0.9464286,0.05357143,0.053571403,0.10444874,0.0055954685,1,0,0,0,0
40084,-1,1,-0.5807298,0.35876468,0,1,unassigned,11.0,11.0,0.0,1.0,0.0,0.0,0.017408123,0.0,1,0,0,0,0
40085,0,1,-0.13719499,0.46575496,0,0,test,25.0,25.0,0.0,1.0,0.0,0.0,0.044487428,0.0,1,0,1,0,0
40086,-1,1,-0.47194415,0.38415617,0,1,unassigned,11.0,11.0,0.0,1.0,0.0,0.0,0.017408123,0.0,1,0,0,0,0
40087,1,1,1.1047397,0.7511471,1,0,unassigned,36.0,35.0,1.0,0.9722222,0.027777778,0.027777791,0.065764025,0.0018267785,1,0,1,1,0
40088,-1,1,3.7871258,0.9778415,1,1,unassigned,5.0,5.0,0.0,1.0,0.0,0.0,0.0058027077,0.0,1,0,0,1,1
40089,-1,1,11.188567,0.9999862,1,1,unassigned,17.0,17.0,0.0,1.0,0.0,0.0,0.029013539,0.0,1,0,0,1,1
40090,-1,1,2.6963282,0.9368096,1,1,unassigned,6.0,5.0,1.0,0.8333333,0.16666667,0.16666669,0.007736944,0.0012894907,1,0,0,1,1
40091,-1,0,-0.36514843,0.40971386,0,1,unassigned,3.0,3.0,0.0,1.0,0.0,0.0,0.001934236,0.0,0,0,0,0,0
40092,-1,0,6.5896115,0.9986273,1,1,unassigned,5.0,3.0,2.0,0.6,0.4,0.39999998,0.0058027077,0.002321083,0,0,0,1,1
40093,-1,0,1.9844027,0.8791497,1,1,unassigned,2.0,1.0,1.0,0.5,0.5,0.5,0.0,0.0,0,0,0,1,0
40094,-1,1,-0.6961037,0.33267665,0,1,unassigned,24.0,23.0,1.0,0.9583333,0.041666668,0.041666687,0.04255319,0.0017730496,1,0,0,0,0
40095,-1,0,-0.40777463,0.39944583,0,1,unassigned,155.0,142.0,13.0,0.91612905,0.08387097,0.08387095,0.2959381,0.024820616,0,0,0,0,0
40096,-1,0,6.907977,0.9990012,1,1,unassigned,7.0,6.0,1.0,0.85714287,0.14285715,0.14285713,0.00967118,0.0013815971,0,0,0,1,1
40097,-1,1,14.023073,0.99999917,1,1,unassigned,2.0,1.0,1.0,0.5,0.5,0.5,0.0,0.0,1,0,0,1,1
40098,1,1,2.8260806,0.94406897,1,0,val,58.0,26.0,32.0,0.44827586,0.55172414,0.55172414,0.10831721,0.05976122,1,0,1,1,1
40099,-1,0,1.1445222,0.758509,1,1,unassigned,22.0,22.0,0.0,1.0,0.0,0.0,0.03868472,0.0,0,0,0,1,0
40100,-1,0,1.4355359,0.80776244,1,1,unassigned,12.0,11.0,1.0,0.9166667,0.083333336,0.08333331,0.01934236,0.0016118633,0,0,0,1,0
40101,-1,0,2.5447943,0.927223,1,1,unassigned,34.0,33.0,1.0,0.9705882,0.029411765,0.029411793,0.061895553,0.0018204574,0,0,0,1,1
40102,-1,0,0.46162874,0.61340046,1,1,unassigned,6.0,6.0,0.0,1.0,0.0,0.0,0.007736944,0.0,0,0,0,1,0
40103,1,1,-0.1994164,0.45031044,0,1,train,12.0,12.0,0.0,1.0,0.0,0.0,0.01934236,0.0,1,0,0,0,0
40104,-1,0,4.439649,0.9883376,1,1,unassigned,17.0,16.0,1.0,0.9411765,0.05882353,0.058823526,0.029013539,0.0017066788,0,0,0,1,1
40105,-1,1,0.6886825,0.6656738,1,1,unassigned,15.0,14.0,1.0,0.93333334,0.06666667,0.06666666,0.025145067,0.0016763379,1,0,0,1,0
40106,-1,0,-0.4462744,0.39024696,0,1,unassigned,16.0,15.0,1.0,0.9375,0.0625,0.0625,0.027079303,0.0016924564,0,0,0,0,0
40107,-1,1,-0.58810437,0.3570699,0,1,unassigned,18.0,18.0,0.0,1.0,0.0,0.0,0.030947777,0.0,1,0,0,0,0
40108,1,1,3.414666,0.9681598,1,0,unassigned,7.0,7.0,0.0,1.0,0.0,0.0,0.00967118,0.0,1,0,1,1,1
40109,-1,0,3.4146883,0.96816045,1,1,unassigned,3.0,2.0,1.0,0.6666667,0.33333334,0.3333333,0.001934236,0.00064474536,0,0,0,1,1
40110,-1,0,1.5229595,0.8209738,1,1,unassigned,11.0,11.0,0.0,1.0,0.0,0.0,0.017408123,0.0,0,0,0,1,0
40111,-1,0,0.73391,0.6756627,1,1,unassigned,28.0,27.0,1.0,0.96428573,0.035714287,0.03571427,0.050290134,0.0017960763,0,0,0,1,0
40112,-1,0,3.979163,0.981642,1,1,unassigned,17.0,15.0,2.0,0.88235295,0.11764706,0.11764705,0.029013539,0.0034133575,0,0,0,1,1
40113,-1,0,0.040194213,0.5100472,1,1,unassigned,3.0,3.0,0.0,1.0,0.0,0.0,0.001934236,0.0,0,0,0,1,0
40114,1,0,-0.81505525,0.3068143,0,1,train,64.0,64.0,0.0,1.0,0.0,0.0,0.11992263,0.0,0,0,0,0,0
40115,-1,1,10.737753,0.9999783,1,1,unassigned,2.0,2.0,0.0,1.0,0.0,0.0,0.0,0.0,1,0,0,1,1
40116,-1,0,0.025940537,0.50648475,1,1,unassigned,12.0,12.0,0.0,1.0,0.0,0.0,0.01934236,0.0,0,0,0,1,0
40117,-1,1,0.8085341,0.6917971,1,1,unassigned,30.0,28.0,2.0,0.93333334,0.06666667,0.06666666,0.054158606,0.003610574,1,0,0,1,0
40118,1,1,6.2658234,0.9981034,1,0,test,6.0,5.0,1.0,0.8333333,0.16666667,0.16666669,0.007736944,0.0012894907,1,0,1,1,1
40119,-1,0,-0.68844485,0.33437914,0,1,unassigned,12.0,12.0,0.0,1.0,0.0,0.0,0.01934236,0.0,0,0,0,0,0
40120,-1,0,-0.1346181,0.4663962,0,1,unassigned,19.0,19.0,0.0,1.0,0.0,0.0,0.032882012,0.0,0,0,0,0,0
40121,-1,0,2.0976512,0.8906747,1,1,unassigned,3.0,1.0,2.0,0.33333334,0.6666667,0.6666666,0.001934236,0.0012894907,0,0,0,1,0
40122,0,0,0.13654864,0.53408426,1,1,unassigned,18.0,18.0,0.0,1.0,0.0,0.0,0.030947777,0.0,0,0,0,1,0
40123,-1,0,-0.74404585,0.32212007,0,1,unassigned,3.0,3.0,0.0,1.0,0.0,0.0,0.001934236,0.0,0,0,0,0,0
40124,-1,0,0.045466125,0.5113646,1,1,unassigned,7.0,6.0,1.0,0.85714287,0.14285715,0.14285713,0.00967118,0.0013815971,0,0,0,1,0
40125,-1,0,4.406897,0.9879539,1,1,unassigned,5.0,5.0,0.0,1.0,0.0,0.0,0.0058027077,0.0,0,0,0,1,1
40126,-1,0,3.3526146,0.9661904,1,1,unassigned,4.0,4.0,0.0,1.0,0.0,0.0,0.003868472,0.0,0,0,0,1,1
40127,-1,1,-0.040839553,0.48979148,0,1,unassigned,4.0,3.0,1.0,0.75,0.25,0.25,0.003868472,0.000967118,1,0,0,0,0
40128,0,1,0.1811462,0.5451631,1,1,test,11.0,10.0,1.0,0.90909094,0.09090909,0.090909064,0.017408123,0.0015825568,1,0,0,1,0
40129,1,0,-0.1486662,0.46290177,0,1,test,9.0,9.0,0.0,1.0,0.0,0.0,0.013539651,0.0,0,0,0,0,0
40130,-1,0,-0.6454092,0.3440248,0,1,unassigned,54.0,52.0,2.0,0.962963,0.037037037,0.037037015,0.10058027,0.003725195,0,0,0,0,0
40131,-1,0,-0.09496057,0.47627765,0,1,unassigned,36.0,34.0,2.0,0.9444444,0.055555556,0.055555582,0.065764025,0.003653557,0,0,0,0,0
40132,-1,0,-0.5599723,0.36355385,0,1,unassigned,24.0,24.0,0.0,1.0,0.0,0.0,0.04255319,0.0,0,0,0,0,0
40133,-1,0,-0.7984152,0.31036463,0,1,unassigned,16.0,14.0,2.0,0.875,0.125,0.125,0.027079303,0.0033849129,0,0,0,0,0
40134,0,0,-0.7531469,0.32013598,0,0,unassigned,33.0,33.0,0.0,1.0,0.0,0.0,0.059961315,0.0,0,0,1,0,0
40135,-1,0,-0.5580927,0.36398888,0,1,unassigned,45.0,43.0,2.0,0.95555556,0.044444446,0.04444444,0.08317215,0.0036965401,0,0,0,0,0
40136,-1,0,0.1133886,0.5283168,1,1,unassigned,25.0,25.0,0.0,1.0,0.0,0.0,0.044487428,0.0,0,0,0,1,0
40137,-1,0,0.31891543,0.5790599,1,1,unassigned,7.0,7.0,0.0,1.0,0.0,0.0,0.00967118,0.0,0,0,0,1,0
40138,-1,0,-0.6321659,0.34701955,0,1,unassigned,6.0,5.0,1.0,0.8333333,0.16666667,0.16666669,0.007736944,0.0012894907,0,0,0,0,0
40139,-1,0,-0.18687761,0.4534161,0,1,unassigned,10.0,10.0,0.0,1.0,0.0,0.0,0.015473888,0.0,0,0,0,0,0
40140,-1,0,0.9144164,0.71390307,1,1,unassigned,25.0,24.0,1.0,0.96,0.04,0.04000002,0.044487428,0.001779497,0,0,0,1,0
40141,-1,0,1.7295747,0.849358,1,1,unassigned,17.0,17.0,0.0,1.0,0.0,0.0,0.029013539,0.0,0,0,0,1,0
40142,-1,0,-0.6934962,0.33325577,0,1,unassigned,20.0,20.0,0.0,1.0,0.0,0.0,0.034816246,0.0,0,0,0,0,0
40143,-1,0,1.1941147,0.76747614,1,1,unassigned,12.0,11.0,1.0,0.9166667,0.083333336,0.08333331,0.01934236,0.0016118633,0,0,0,1,0
40144,-1,0,0.4953094,0.62135637,1,1,unassigned,83.0,82.0,1.0,0.9879518,0.012048192,0.012048185,0.15667312,0.0018876279,0,0,0,1,0
40145,-1,0,0.8558766,0.70179844,1,1,unassigned,59.0,56.0,3.0,0.9491525,0.050847456,0.05084747,0.11025145,0.005606006,0,0,0,1,0
40146,-1,0,-0.8730754,0.29461476,0,1,unassigned,68.0,68.0,0.0,1.0,0.0,0.0,0.12765957,0.0,0,0,0,0,0
40147,-1,0,-0.59058267,0.35650116,0,1,unassigned,10.0,9.0,1.0,0.9,0.1,0.100000024,0.015473888,0.0015473888,0,0,0,0,0
40148,-1,0,1.0299175,0.73689985,1,1,unassigned,15.0,15.0,0.0,1.0,0.0,0.0,0.025145067,0.0,0,0,0,1,0
40149,-1,0,2.8541267,0.9455316,1,1,unassigned,5.0,3.0,2.0,0.6,0.4,0.39999998,0.0058027077,0.002321083,0,0,0,1,1
40150,0,1,0.13846403,0.5345608,1,1,unassigned,21.0,16.0,5.0,0.7619048,0.23809524,0.23809522,0.036750484,0.0087501155,1,0,0,1,0
40151,-1,0,0.7698454,0.6834874,1,1,unassigned,2.0,2.0,0.0,1.0,0.0,0.0,0.0,0.0,0,0,0,1,0
40152,-1,1,5.482976,0.9958603,1,1,unassigned,14.0,3.0,11.0,0.21428572,0.78571427,0.78571427,0.023210831,0.01823708,1,0,0,1,1
40153,-1,0,-0.47552472,0.38330945,0,1,unassigned,13.0,13.0,0.0,1.0,0.0,0.0,0.021276595,0.0,0,0,0,0,0
40154,-1,0,-0.2082972,0.44811314,0,1,unassigned,10.0,10.0,0.0,1.0,0.0,0.0,0.015473888,0.0,0,0,0,0,0
40155,-1,0,-0.87310994,0.29460758,0,1,unassigned,74.0,73.0,1.0,0.9864865,0.013513514,0.013513505,0.13926499,0.0018819593,0,0,0,0,0
40156,-1,0,-0.9759245,0.2737012,0,1,unassigned,26.0,26.0,0.0,1.0,0.0,0.0,0.046421662,0.0,0,0,0,0,0
40157,-1,0,-0.32764983,0.41881257,0,1,unassigned,15.0,15.0,0.0,1.0,0.0,0.0,0.025145067,0.0,0,0,0,0,0
40158,-1,1,1.6289995,0.8360325,1,1,unassigned,3.0,2.0,1.0,0.6666667,0.33333334,0.3333333,0.001934236,0.00064474536,1,0,0,1,0
40159,-1,0,-0.7229765,0.32673788,0,1,unassigned,8.0,8.0,0.0,1.0,0.0,0.0,0.0116054155,0.0,0,0,0,0,0
40160,-1,1,-0.440108,0.39171523,0,1,unassigned,23.0,23.0,0.0,1.0,0.0,0.0,0.040618956,0.0,1,0,0,0,0
40161,-1,1,-0.6067717,0.352796,0,1,unassigned,40.0,38.0,2.0,0.95,0.05,0.050000012,0.07350097,0.0036750485,1,0,0,0,0
40162,-1,1,-0.393633,0.40284303,0,1,unassigned,73.0,71.0,2.0,0.9726027,0.02739726,0.027397275,0.13733076,0.0037624864,1,0,0,0,0
40163,-1,1,0.4023419,0.5992502,1,1,unassigned,2.0,2.0,0.0,1.0,0.0,0.0,0.0,0.0,1,0,0,1,0
40164,1,1,-0.5815589,0.35857397,0,1,unassigned,25.0,25.0,0.0,1.0,0.0,0.0,0.044487428,0.0,1,0,0,0,0
40165,-1,1,-0.52188575,0.37241137,0,1,unassigned,13.0,13.0,0.0,1.0,0.0,0.0,0.021276595,0.0,1,0,0,0,0
40166,1,1,-0.12538418,0.46869498,0,1,test,98.0,91.0,7.0,0.9285714,0.071428575,0.0714286,0.18568665,0.013263333,1,0,0,0,0
40167,-1,1,-0.41588098,0.39750278,0,1,unassigned,43.0,39.0,4.0,0.90697676,0.093023255,0.09302324,0.079303674,0.0073770857,1,0,0,0,0
40168,0,1,-0.5176913,0.37339225,0,0,test,22.0,21.0,1.0,0.95454544,0.045454547,0.04545456,0.03868472,0.0017583964,1,0,1,0,0
40169,-1,1,-0.29433364,0.42694324,0,1,unassigned,54.0,53.0,1.0,0.9814815,0.018518519,0.018518507,0.10058027,0.0018625975,1,0,0,0,0
40170,1,1,0.05475205,0.5136846,1,0,test,22.0,21.0,1.0,0.95454544,0.045454547,0.04545456,0.03868472,0.0017583964,1,0,1,1,0
40171,-1,0,4.8048987,0.99187696,1,1,unassigned,6.0,6.0,0.0,1.0,0.0,0.0,0.007736944,0.0,0,0,0,1,1
40172,-1,0,-0.12461138,0.46888742,0,1,unassigned,28.0,26.0,2.0,0.9285714,0.071428575,0.0714286,0.050290134,0.0035921526,0,0,0,0,0
40173,-1,1,-0.49796712,0.3780185,0,1,unassigned,28.0,26.0,2.0,0.9285714,0.071428575,0.0714286,0.050290134,0.0035921526,1,0,0,0,0
40174,-1,0,0.4494112,0.6104992,1,1,unassigned,9.0,9.0,0.0,1.0,0.0,0.0,0.013539651,0.0,0,0,0,1,0
40175,-1,0,1.7193272,0.84804213,1,1,unassigned,3.0,3.0,0.0,1.0,0.0,0.0,0.001934236,0.0,0,0,0,1,0
40176,-1,0,-0.13594109,0.466067,0,1,unassigned,9.0,6.0,3.0,0.6666667,0.33333334,0.3333333,0.013539651,0.004513217,0,0,0,0,0
40177,-1,0,-0.8896217,0.2911879,0,1,unassigned,75.0,75.0,0.0,1.0,0.0,0.0,0.14119923,0.0,0,0,0,0,0
40178,-1,0,5.0315347,0.9935136,1,1,unassigned,14.0,10.0,4.0,0.71428573,0.2857143,0.28571427,0.023210831,0.0066316663,0,0,0,1,1
40179,-1,0,4.079162,0.98335993,1,1,unassigned,5.0,4.0,1.0,0.8,0.2,0.19999999,0.0058027077,0.0011605415,0,0,0,1,1
40180,1,0,1.7059538,0.8463107,1,0,test,2.0,2.0,0.0,1.0,0.0,0.0,0.0,0.0,0,0,1,1,0
40181,1,0,-0.17083097,0.45739582,0,1,test,16.0,16.0,0.0,1.0,0.0,0.0,0.027079303,0.0,0,0,0,0,0
40182,-1,0,-0.2250439,0.44397527,0,1,unassigned,13.0,11.0,2.0,0.84615386,0.15384616,0.15384614,0.021276595,0.0032733225,0,0,0,0,0
40183,1,0,5.047114,0.9936132,1,0,test,64.0,64.0,0.0,1.0,0.0,0.0,0.11992263,0.0,0,0,1,1,1
40184,1,1,-0.35747075,0.41157198,0,1,test,6.0,3.0,3.0,0.5,0.5,0.5,0.007736944,0.003868472,1,0,0,0,0
40185,-1,1,-0.37472296,0.40740028,0,1,unassigned,56.0,56.0,0.0,1.0,0.0,0.0,0.10444874,0.0,1,0,0,0,0
40186,-1,1,-0.46709025,0.38530517,0,1,unassigned,56.0,56.0,0.0,1.0,0.0,0.0,0.10444874,0.0,1,0,0,0,0
40187,-1,0,-0.27381387,0.43197104,0,1,unassigned,21.0,21.0,0.0,1.0,0.0,0.0,0.036750484,0.0,0,0,0,0,0
40188,-1,0,-0.5487688,0.3661501,0,1,unassigned,54.0,51.0,3.0,0.9444444,0.055555556,0.055555582,0.10058027,0.0055877925,0,0,0,0,0
40189,-1,0,0.17537385,0.54373145,1,1,unassigned,22.0,22.0,0.0,1.0,0.0,0.0,0.03868472,0.0,0,0,0,1,0
40190,-1,0,-0.6497775,0.3430397,0,1,unassigned,2.0,2.0,0.0,1.0,0.0,0.0,0.0,0.0,0,0,0,0,0
40191,-1,1,-0.25883526,0.43565008,0,1,unassigned,51.0,51.0,0.0,1.0,0.0,0.0,0.09477756,0.0,1,0,0,0,0
40192,-1,0,1.0123625,0.73348224,1,1,unassigned,5.0,5.0,0.0,1.0,0.0,0.0,0.0058027077,0.0,0,0,0,1,0
40193,-1,0,2.9341168,0.94950736,1,1,unassigned,4.0,3.0,1.0,0.75,0.25,0.25,0.003868472,0.000967118,0,0,0,1,1
40194,-1,0,-0.08568722,0.47859126,0,1,unassigned,51.0,51.0,0.0,1.0,0.0,0.0,0.09477756,0.0,0,0,0,0,0
40195,-1,0,-0.22526422,0.44392088,0,1,unassigned,15.0,1.0,14.0,0.06666667,0.93333334,0.93333334,0.025145067,0.02346873,0,0,0,0,0
40196,-1,0,-0.010478616,0.49738035,0,1,unassigned,9.0,9.0,0.0,1.0,0.0,0.0,0.013539651,0.0,0,0,0,0,0
40197,-1,0,7.9419007,0.99964464,1,1,unassigned,5.0,4.0,1.0,0.8,0.2,0.19999999,0.0058027077,0.0011605415,0,0,0,1,1
40198,-1,1,-0.3855442,0.4047904,0,1,unassigned,50.0,49.0,1.0,0.98,0.02,0.01999998,0.092843324,0.0018568664,1,0,0,0,0
40199,-1,0,-0.08671802,0.4783341,0,1,unassigned,21.0,21.0,0.0,1.0,0.0,0.0,0.036750484,0.0,0,0,0,0,0
40200,1,0,0.2171126,0.55406594,1,0,val,20.0,20.0,0.0,1.0,0.0,0.0,0.034816246,0.0,0,0,1,1,0
40201,-1,0,5.1435122,0.99419665,1,1,unassigned,28.0,20.0,8.0,0.71428573,0.2857143,0.28571427,0.050290134,0.01436861,0,0,0,1,1
40202,-1,0,2.4713638,0.9221098,1,1,unassigned,17.0,11.0,6.0,0.64705884,0.3529412,0.35294116,0.029013539,0.010240072,0,0,0,1,1
40203,-1,0,4.057489,0.9830016,1,1,unassigned,4.0,2.0,2.0,0.5,0.5,0.5,0.003868472,0.001934236,0,0,0,1,1
40204,-1,1,8.5349655,0.9998036,1,1,unassigned,2.0,2.0,0.0,1.0,0.0,0.0,0.0,0.0,1,0,0,1,1
40205,-1,1,7.8268,0.9996013,1,1,unassigned,53.0,41.0,12.0,0.7735849,0.2264151,0.2264151,0.09864604,0.022334952,1,0,0,1,1
40206,-1,1,-0.75056845,0.32069746,0,1,unassigned,41.0,40.0,1.0,0.9756098,0.024390243,0.02439022,0.07543521,0.001839883,1,0,0,0,0
40207,-1,0,5.2852025,0.9949595,1,1,unassigned,7.0,3.0,4.0,0.42857143,0.5714286,0.57142854,0.00967118,0.0055263885,0,0,0,1,1
40208,-1,1,7.800511,0.9995907,1,1,unassigned,4.0,1.0,3.0,0.25,0.75,0.75,0.003868472,0.002901354,1,0,0,1,1
40209,-1,0,-0.060737967,0.48482013,0,1,unassigned,24.0,24.0,0.0,1.0,0.0,0.0,0.04255319,0.0,0,0,0,0,0
40210,-1,0,2.748226,0.9398131,1,1,unassigned,3.0,3.0,0.0,1.0,0.0,0.0,0.001934236,0.0,0,0,0,1,1
40211,-1,1,0.61734253,0.6496139,1,1,unassigned,2.0,1.0,1.0,0.5,0.5,0.5,0.0,0.0,1,0,0,1,0
40212,1,0,2.4557493,0.9209809,1,0,unassigned,12.0,12.0,0.0,1.0,0.0,0.0,0.01934236,0.0,0,0,1,1,1
40213,-1,0,-0.2969316,0.42630777,0,1,unassigned,17.0,17.0,0.0,1.0,0.0,0.0,0.029013539,0.0,0,0,0,0,0
40214,-1,0,-0.7747571,0.31545097,0,1,unassigned,14.0,14.0,0.0,1.0,0.0,0.0,0.023210831,0.0,0,0,0,0,0
40215,-1,0,2.1552656,0.8961598,1,1,unassigned,11.0,11.0,0.0,1.0,0.0,0.0,0.017408123,0.0,0,0,0,1,0
40216,-1,0,-0.42081276,0.39632228,0,1,unassigned,42.0,42.0,0.0,1.0,0.0,0.0,0.07736944,0.0,0,0,0,0,0
40217,-1,0,0.240439,0.55982184,1,1,unassigned,33.0,33.0,0.0,1.0,0.0,0.0,0.059961315,0.0,0,0,0,1,0
40218,-1,0,2.358639,0.91361845,1,1,unassigned,11.0,11.0,0.0,1.0,0.0,0.0,0.017408123,0.0,0,0,0,1,1
40219,-1,0,-0.3065108,0.42396662,0,1,unassigned,29.0,29.0,0.0,1.0,0.0,0.0,0.05222437,0.0,0,0,0,0,0
40220,-1,0,-0.39983428,0.40135217,0,1,unassigned,12.0,12.0,0.0,1.0,0.0,0.0,0.01934236,0.0,0,0,0,0,0
40221,-1,0,-0.18090633,0.45489636,0,1,unassigned,30.0,28.0,2.0,0.93333334,0.06666667,0.06666666,0.054158606,0.003610574,0,0,0,0,0
40222,-1,1,1.4748869,0.813799,1,1,unassigned,2.0,2.0,0.0,1.0,0.0,0.0,0.0,0.0,1,0,0,1,0
40223,-1,1,5.8014264,0.99698585,1,1,unassigned,6.0,3.0,3.0,0.5,0.5,0.5,0.007736944,0.003868472,1,0,0,1,1
40224,-1,1,4.64325,0.9904654,1,1,unassigned,19.0,18.0,1.0,0.94736844,0.05263158,0.052631557,0.032882012,0.0017306323,1,0,0,1,1
40225,-1,1,3.0471568,0.9546596,1,1,unassigned,33.0,32.0,1.0,0.969697,0.030303031,0.030303001,0.059961315,0.0018170096,1,0,0,1,1
40226,-1,0,-0.5515026,0.36551586,0,1,unassigned,26.0,23.0,3.0,0.88461536,0.115384616,0.11538464,0.046421662,0.005356346,0,0,0,0,0
40227,-1,1,0.32236904,0.5799015,1,1,unassigned,11.0,11.0,0.0,1.0,0.0,0.0,0.017408123,0.0,1,0,0,1,0
40228,-1,0,4.1700673,0.9847839,1,1,unassigned,3.0,3.0,0.0,1.0,0.0,0.0,0.001934236,0.0,0,0,0,1,1
40229,-1,0,-0.10805553,0.4730124,0,1,unassigned,2.0,2.0,0.0,1.0,0.0,0.0,0.0,0.0,0,0,0,0,0
40230,-1,0,0.13007903,0.532474,1,1,unassigned,2.0,2.0,0.0,1.0,0.0,0.0,0.0,0.0,0,0,0,1,0
40231,-1,0,1.801811,0.85836923,1,1,unassigned,9.0,8.0,1.0,0.8888889,0.11111111,0.111111104,0.013539651,0.0015044058,0,0,0,1,0
40232,-1,0,1.8867977,0.86838996,1,1,unassigned,3.0,2.0,1.0,0.6666667,0.33333334,0.3333333,0.001934236,0.00064474536,0,0,0,1,0
40233,1,0,-0.48227102,0.381716,0,1,unassigned,4.0,3.0,1.0,0.75,0.25,0.25,0.003868472,0.000967118,0,0,0,0,0
40234,-1,0,6.2641606,0.99810034,1,1,unassigned,13.0,11.0,2.0,0.84615386,0.15384616,0.15384614,0.021276595,0.0032733225,0,0,0,1,1
40235,-1,0,19.234116,1.0,1,1,unassigned,48.0,44.0,4.0,0.9166667,0.083333336,0.08333331,0.088974856,0.0074145715,0,0,0,1,1
40236,-1,0,5.0827384,0.99383533,1,1,unassigned,4.0,4.0,0.0,1.0,0.0,0.0,0.003868472,0.0,0,0,0,1,1
40237,-1,0,7.2784286,0.99931026,1,1,unassigned,6.0,6.0,0.0,1.0,0.0,0.0,0.007736944,0.0,0,0,0,1,1
40238,-1,0,7.772536,0.999579,1,1,unassigned,47.0,43.0,4.0,0.9148936,0.08510638,0.08510637,0.08704062,0.007407712,0,0,0,1,1
40239,-1,0,5.514814,0.9959895,1,1,unassigned,2.0,2.0,0.0,1.0,0.0,0.0,0.0,0.0,0,0,0,1,1
40240,-1,0,3.2701037,0.9633888,1,1,unassigned,22.0,20.0,2.0,0.90909094,0.09090909,0.090909064,0.03868472,0.0035167928,0,0,0,1,1
40241,-1,0,6.001956,0.9975321,1,1,unassigned,4.0,4.0,0.0,1.0,0.0,0.0,0.003868472,0.0,0,0,0,1,1
40242,-1,1,8.481462,0.99979275,1,1,unassigned,8.0,4.0,4.0,0.5,0.5,0.5,0.0116054155,0.0058027077,1,0,0,1,1
40243,-1,0,3.8127654,0.97839034,1,1,unassigned,11.0,10.0,1.0,0.90909094,0.09090909,0.090909064,0.017408123,0.0015825568,0,0,0,1,1
40244,1,0,7.599625,0.99949956,1,0,train,3.0,3.0,0.0,1.0,0.0,0.0,0.001934236,0.0,0,0,1,1,1
40245,-1,0,4.6933827,0.99092746,1,1,unassigned,15.0,14.0,1.0,0.93333334,0.06666667,0.06666666,0.025145067,0.0016763379,0,0,0,1,1
40246,-1,0,4.6461396,0.99049264,1,1,unassigned,21.0,15.0,6.0,0.71428573,0.2857143,0.28571427,0.036750484,0.010500139,0,0,0,1,1
40247,0,1,-0.7768935,0.3149898,0,0,unassigned,5.0,4.0,1.0,0.8,0.2,0.19999999,0.0058027077,0.0011605415,1,0,1,0,0
40248,1,0,3.2248406,0.96175843,1,0,unassigned,5.0,2.0,3.0,0.4,0.6,0.6,0.0058027077,0.0034816249,0,0,1,1,1
40249,-1,0,0.83250695,0.69688475,1,1,unassigned,10.0,10.0,0.0,1.0,0.0,0.0,0.015473888,0.0,0,0,0,1,0
40250,-1,0,3.5144188,0.9710952,1,1,unassigned,4.0,4.0,0.0,1.0,0.0,0.0,0.003868472,0.0,0,0,0,1,1
40251,-1,0,2.5473764,0.9273971,1,1,unassigned,4.0,3.0,1.0,0.75,0.25,0.25,0.003868472,0.000967118,0,0,0,1,1
40252,0,1,-0.2844233,0.42936972,0,0,test,39.0,37.0,2.0,0.94871795,0.051282052,0.05128205,0.07156673,0.0036700887,1,0,1,0,0
40253,-1,0,-0.7147253,0.32855558,0,1,unassigned,32.0,32.0,0.0,1.0,0.0,0.0,0.058027077,0.0,0,0,0,0,0
40254,-1,1,1.3683398,0.79711175,1,1,unassigned,36.0,31.0,5.0,0.8611111,0.1388889,0.1388889,0.065764025,0.009133893,1,0,0,1,0
40255,-1,0,7.1747117,0.9992349,1,1,unassigned,8.0,7.0,1.0,0.875,0.125,0.125,0.0116054155,0.0014506769,0,0,0,1,1
40256,1,0,10.550574,0.9999738,1,0,unassigned,9.0,7.0,2.0,0.7777778,0.22222222,0.22222221,0.013539651,0.0030088115,0,0,1,1,1
40257,-1,1,4.033444,0.9825951,1,1,unassigned,3.0,3.0,0.0,1.0,0.0,0.0,0.001934236,0.0,1,0,0,1,1
40258,-1,0,-0.6209898,0.3495564,0,1,unassigned,6.0,6.0,0.0,1.0,0.0,0.0,0.007736944,0.0,0,0,0,0,0
40259,-1,1,0.22377414,0.55571127,1,1,unassigned,58.0,58.0,0.0,1.0,0.0,0.0,0.10831721,0.0,1,0,0,1,0
40260,-1,1,6.3890805,0.998323,1,1,unassigned,2.0,1.0,1.0,0.5,0.5,0.5,0.0,0.0,1,0,0,1,1
40261,-1,0,-0.77487385,0.31542572,0,1,unassigned,84.0,84.0,0.0,1.0,0.0,0.0,0.15860735,0.0,0,0,0,0,0
40262,-1,1,1.4588158,0.8113514,1,1,unassigned,4.0,4.0,0.0,1.0,0.0,0.0,0.003868472,0.0,1,0,0,1,0
40263,-1,1,3.9855187,0.9817562,1,1,unassigned,9.0,9.0,0.0,1.0,0.0,0.0,0.013539651,0.0,1,0,0,1,1
40264,-1,0,0.30981427,0.5768399,1,1,unassigned,5.0,4.0,1.0,0.8,0.2,0.19999999,0.0058027077,0.0011605415,0,0,0,1,0
40265,1,1,0.2251187,0.55604315,1,0,unassigned,13.0,13.0,0.0,1.0,0.0,0.0,0.021276595,0.0,1,0,1,1,0
40266,-1,0,19.10225,1.0,1,1,unassigned,8.0,6.0,2.0,0.75,0.25,0.25,0.0116054155,0.0029013539,0,0,0,1,1
40267,1,0,2.3953295,0.91647047,1,0,unassigned,16.0,12.0,4.0,0.75,0.25,0.25,0.027079303,0.0067698257,0,0,1,1,1
40268,-1,0,-0.14754447,0.46318063,0,1,unassigned,2.0,2.0,0.0,1.0,0.0,0.0,0.0,0.0,0,0,0,0,0
40269,-1,0,-1.1959387,0.23219846,0,1,unassigned,2.0,2.0,0.0,1.0,0.0,0.0,0.0,0.0,0,0,0,0,0
40270,-1,1,6.506422,0.9985084,1,1,unassigned,3.0,3.0,0.0,1.0,0.0,0.0,0.001934236,0.0,1,0,0,1,1
40271,-1,1,2.464344,0.9216041,1,1,unassigned,8.0,8.0,0.0,1.0,0.0,0.0,0.0116054155,0.0,1,0,0,1,1
40272,-1,1,5.16779,0.9943351,1,1,unassigned,8.0,7.0,1.0,0.875,0.125,0.125,0.0116054155,0.0014506769,1,0,0,1,1
40273,-1,0,1.5528061,0.82531863,1,1,unassigned,2.0,2.0,0.0,1.0,0.0,0.0,0.0,0.0,0,0,0,1,0
40274,-1,1,1.3032143,0.7863754,1,1,unassigned,41.0,38.0,3.0,0.9268293,0.07317073,0.07317072,0.07543521,0.005519649,1,0,0,1,0
40275,1,0,-0.44357437,0.39088959,0,1,val,3.0,3.0,0.0,1.0,0.0,0.0,0.001934236,0.0,0,0,0,0,0
40276,-1,0,0.23257452,0.55788296,1,1,unassigned,21.0,21.0,0.0,1.0,0.0,0.0,0.036750484,0.0,0,0,0,1,0
40277,-1,0,-0.4967607,0.37830222,0,1,unassigned,20.0,20.0,0.0,1.0,0.0,0.0,0.034816246,0.0,0,0,0,0,0
40278,-1,0,1.9279182,0.8730188,1,1,unassigned,4.0,4.0,0.0,1.0,0.0,0.0,0.003868472,0.0,0,0,0,1,0
40279,-1,1,-0.32488513,0.4194857,0,1,unassigned,10.0,10.0,0.0,1.0,0.0,0.0,0.015473888,0.0,1,0,0,0,0
40280,-1,0,-0.99963564,0.26901308,0,1,unassigned,28.0,28.0,0.0,1.0,0.0,0.0,0.050290134,0.0,0,0,0,0,0
40281,-1,0,3.8380263,0.9789179,1,1,unassigned,3.0,3.0,0.0,1.0,0.0,0.0,0.001934236,0.0,0,0,0,1,1
40282,-1,1,2.8438551,0.9450002,1,1,unassigned,6.0,4.0,2.0,0.6666667,0.33333334,0.3333333,0.007736944,0.0025789815,1,0,0,1,1
40283,-1,0,-0.49465173,0.37879837,0,1,unassigned,33.0,33.0,0.0,1.0,0.0,0.0,0.059961315,0.0,0,0,0,0,0
40284,-1,0,-0.7341212,0.32429102,0,1,unassigned,117.0,117.0,0.0,1.0,0.0,0.0,0.22243714,0.0,0,0,0,0,0
40285,0,0,-0.84984934,0.29946446,0,0,unassigned,89.0,89.0,0.0,1.0,0.0,0.0,0.16827853,0.0,0,0,1,0,0
40286,-1,0,-0.76109934,0.31840765,0,1,unassigned,47.0,47.0,0.0,1.0,0.0,0.0,0.08704062,0.0,0,0,0,0,0
40287,-1,0,-0.21676823,0.4460191,0,1,unassigned,26.0,26.0,0.0,1.0,0.0,0.0,0.046421662,0.0,0,0,0,0,0
40288,-1,0,-0.2937377,0.42708904,0,1,unassigned,5.0,5.0,0.0,1.0,0.0,0.0,0.0058027077,0.0,0,0,0,0,0
40289,-1,1,0.93300873,0.7176852,1,1,unassigned,6.0,6.0,0.0,1.0,0.0,0.0,0.007736944,0.0,1,0,0,1,0
40290,1,1,-0.07909435,0.48023674,0,1,test,32.0,30.0,2.0,0.9375,0.0625,0.0625,0.058027077,0.0036266923,1,0,0,0,0
40291,-1,0,6.958863,0.9990507,1,1,unassigned,2.0,2.0,0.0,1.0,0.0,0.0,0.0,0.0,0,0,0,1,1
40292,-1,0,-0.44673687,0.3901369,0,1,unassigned,57.0,56.0,1.0,0.98245615,0.01754386,0.017543852,0.10638298,0.0018663681,0,0,0,0,0
40293,-1,0,-0.057128787,0.4857217,0,1,unassigned,2.0,2.0,0.0,1.0,0.0,0.0,0.0,0.0,0,0,0,0,0
40294,-1,1,2.7080328,0.937499,1,1,unassigned,14.0,7.0,7.0,0.5,0.5,0.5,0.023210831,0.0116054155,1,0,0,1,1
40295,-1,1,-0.54325414,0.36743093,0,1,unassigned,33.0,33.0,0.0,1.0,0.0,0.0,0.059961315,0.0,1,0,0,0,0
40296,-1,0,3.1993513,0.9608099,1,1,unassigned,18.0,17.0,1.0,0.9444444,0.055555556,0.055555582,0.030947777,0.0017193209,0,0,0,1,1
40297,0,1,-0.7693031,0.31662986,0,0,unassigned,8.0,8.0,0.0,1.0,0.0,0.0,0.0116054155,0.0,1,0,1,0,0
40298,1,1,5.8231206,0.9970503,1,0,unassigned,41.0,41.0,0.0,1.0,0.0,0.0,0.07543521,0.0,1,0,1,1,1
40299,-1,1,6.317632,0.99819905,1,1,unassigned,76.0,74.0,2.0,0.9736842,0.02631579,0.026315808,0.14313346,0.0037666701,1,0,0,1,1
40300,-1,0,0.031870425,0.50796694,1,1,unassigned,5.0,5.0,0.0,1.0,0.0,0.0,0.0058027077,0.0,0,0,0,1,0
40301,1,0,1.9962304,0.8804008,1,0,test,6.0,6.0,0.0,1.0,0.0,0.0,0.007736944,0.0,0,0,1,1,0
40302,1,1,5.012825,0.9933918,1,0,test,5.0,4.0,1.0,0.8,0.2,0.19999999,0.0058027077,0.0011605415,1,0,1,1,1
40303,-1,1,3.7903998,0.9779123,1,1,unassigned,14.0,14.0,0.0,1.0,0.0,0.0,0.023210831,0.0,1,0,0,1,1
40304,-1,1,6.052753,0.99765414,1,1,unassigned,7.0,7.0,0.0,1.0,0.0,0.0,0.00967118,0.0,1,0,0,1,1
40305,-1,1,2.8735971,0.94652575,1,1,unassigned,10.0,9.0,1.0,0.9,0.1,0.100000024,0.015473888,0.0015473888,1,0,0,1,1
40306,-1,0,9.342457,0.9999124,1,1,unassigned,49.0,44.0,5.0,0.8979592,0.10204082,0.10204083,0.09090909,0.0092764385,0,0,0,1,1
40307,-1,0,2.0465505,0.8855986,1,1,unassigned,4.0,4.0,0.0,1.0,0.0,0.0,0.003868472,0.0,0,0,0,1,0
40308,-1,1,0.75229627,0.6796788,1,1,unassigned,4.0,4.0,0.0,1.0,0.0,0.0,0.003868472,0.0,1,0,0,1,0
40309,-1,0,4.2611346,0.98608994,1,1,unassigned,14.0,13.0,1.0,0.9285714,0.071428575,0.0714286,0.023210831,0.0016579166,0,0,0,1,1
40310,-1,0,-0.0049022436,0.49877444,0,1,unassigned,5.0,4.0,1.0,0.8,0.2,0.19999999,0.0058027077,0.0011605415,0,0,0,0,0
40311,1,0,4.252785,0.98597497,1,0,val,5.0,4.0,1.0,0.8,0.2,0.19999999,0.0058027077,0.0011605415,0,0,1,1,1
40312,-1,0,-0.37159717,0.40815514,0,1,unassigned,7.0,7.0,0.0,1.0,0.0,0.0,0.00967118,0.0,0,0,0,0,0
40313,-1,0,2.1439734,0.8951042,1,1,unassigned,8.0,6.0,2.0,0.75,0.25,0.25,0.0116054155,0.0029013539,0,0,0,1,0
40314,-1,1,0.8839106,0.70763195,1,1,unassigned,14.0,13.0,1.0,0.9285714,0.071428575,0.0714286,0.023210831,0.0016579166,1,0,0,1,0
40315,-1,0,-0.6859512,0.33493435,0,1,unassigned,26.0,26.0,0.0,1.0,0.0,0.0,0.046421662,0.0,0,0,0,0,0
40316,-1,1,-0.7991295,0.31021175,0,1,unassigned,78.0,73.0,5.0,0.9358974,0.06410257,0.06410259,0.14700194,0.009423202,1,0,0,0,0
40317,-1,0,-0.88428,0.29229164,0,1,unassigned,45.0,45.0,0.0,1.0,0.0,0.0,0.08317215,0.0,0,0,0,0,0
40318,-1,0,1.2754693,0.78167754,1,1,unassigned,6.0,6.0,0.0,1.0,0.0,0.0,0.007736944,0.0,0,0,0,1,0
40319,-1,0,1.891393,0.8689143,1,1,unassigned,6.0,6.0,0.0,1.0,0.0,0.0,0.007736944,0.0,0,0,0,1,0
40320,-1,0,6.2494597,0.99807215,1,1,unassigned,5.0,4.0,1.0,0.8,0.2,0.19999999,0.0058027077,0.0011605415,0,0,0,1,1
40321,-1,0,6.9441233,0.99903667,1,1,unassigned,3.0,2.0,1.0,0.6666667,0.33333334,0.3333333,0.001934236,0.00064474536,0,0,0,1,1
40322,0,0,-0.24669737,0.43863654,0,0,unassigned,3.0,2.0,1.0,0.6666667,0.33333334,0.3333333,0.001934236,0.00064474536,0,0,1,0,0
40323,-1,0,-0.37469342,0.4074074,0,1,unassigned,43.0,43.0,0.0,1.0,0.0,0.0,0.079303674,0.0,0,0,0,0,0
40324,-1,0,-0.2138789,0.4467332,0,1,unassigned,15.0,14.0,1.0,0.93333334,0.06666667,0.06666666,0.025145067,0.0016763379,0,0,0,0,0
40325,-1,0,0.481525,0.6181079,1,1,unassigned,3.0,3.0,0.0,1.0,0.0,0.0,0.001934236,0.0,0,0,0,1,0
40326,-1,0,-0.25532284,0.4365138,0,1,unassigned,5.0,5.0,0.0,1.0,0.0,0.0,0.0058027077,0.0,0,0,0,0,0
40327,-1,1,1.0515659,0.74107546,1,1,unassigned,2.0,1.0,1.0,0.5,0.5,0.5,0.0,0.0,1,0,0,1,0
40328,-1,1,-0.10540396,0.4736734,0,1,unassigned,50.0,50.0,0.0,1.0,0.0,0.0,0.092843324,0.0,1,0,0,0,0
40329,-1,0,-0.19880247,0.45046243,0,1,unassigned,5.0,5.0,0.0,1.0,0.0,0.0,0.0058027077,0.0,0,0,0,0,0
40330,-1,0,-0.37004322,0.40853056,0,1,unassigned,4.0,4.0,0.0,1.0,0.0,0.0,0.003868472,0.0,0,0,0,0,0
40331,-1,0,1.0020196,0.7314555,1,1,unassigned,5.0,5.0,0.0,1.0,0.0,0.0,0.0058027077,0.0,0,0,0,1,0
40332,-1,0,3.7624934,0.9773014,1,1,unassigned,3.0,3.0,0.0,1.0,0.0,0.0,0.001934236,0.0,0,0,0,1,1
40333,-1,0,1.1411586,0.7578923,1,1,unassigned,39.0,39.0,0.0,1.0,0.0,0.0,0.07156673,0.0,0,0,0,1,0
40334,-1,1,0.19303793,0.5481102,1,1,unassigned,2.0,1.0,1.0,0.5,0.5,0.5,0.0,0.0,1,0,0,1,0
40335,-1,0,0.42922103,0.6056877,1,1,unassigned,8.0,8.0,0.0,1.0,0.0,0.0,0.0116054155,0.0,0,0,0,1,0
40336,0,0,2.478567,0.9226255,1,1,val,2.0,1.0,1.0,0.5,0.5,0.5,0.0,0.0,0,0,0,1,1
40337,-1,0,8.363874,0.9997669,1,1,unassigned,2.0,2.0,0.0,1.0,0.0,0.0,0.0,0.0,0,0,0,1,1
40338,0,0,-0.08154237,0.47962567,0,0,test,10.0,10.0,0.0,1.0,0.0,0.0,0.015473888,0.0,0,0,1,0,0
40339,-1,0,2.7621348,0.940595,1,1,unassigned,2.0,2.0,0.0,1.0,0.0,0.0,0.0,0.0,0,0,0,1,1
40340,-1,1,1.0028801,0.7316245,1,1,unassigned,2.0,2.0,0.0,1.0,0.0,0.0,0.0,0.0,1,0,0,1,0
40341,-1,0,4.166545,0.98473096,1,1,unassigned,15.0,7.0,8.0,0.46666667,0.53333336,0.5333333,0.025145067,0.013410703,0,0,0,1,1
40342,-1,0,3.6947706,0.9757496,1,1,unassigned,3.0,3.0,0.0,1.0,0.0,0.0,0.001934236,0.0,0,0,0,1,1
40343,-1,0,-0.041452706,0.48963827,0,1,unassigned,2.0,2.0,0.0,1.0,0.0,0.0,0.0,0.0,0,0,0,0,0
40344,-1,1,3.764107,0.9773372,1,1,unassigned,11.0,9.0,2.0,0.8181818,0.18181819,0.18181819,0.017408123,0.0031651135,1,0,0,1,1
40345,1,0,4.8001037,0.9918383,1,0,train,12.0,10.0,2.0,0.8333333,0.16666667,0.16666669,0.01934236,0.0032237265,0,0,1,1,1
40346,-1,1,5.9732757,0.9974606,1,1,unassigned,30.0,30.0,0.0,1.0,0.0,0.0,0.054158606,0.0,1,0,0,1,1
40347,-1,0,-0.9686955,0.27514058,0,1,unassigned,24.0,24.0,0.0,1.0,0.0,0.0,0.04255319,0.0,0,0,0,0,0
40348,-1,1,4.5023293,0.98903835,1,1,unassigned,20.0,17.0,3.0,0.85,0.15,0.14999998,0.034816246,0.005222437,1,0,0,1,1
40349,-1,0,2.2540085,0.90499574,1,1,unassigned,2.0,2.0,0.0,1.0,0.0,0.0,0.0,0.0,0,0,0,1,1
40350,-1,1,6.2397313,0.99805343,1,1,unassigned,11.0,11.0,0.0,1.0,0.0,0.0,0.017408123,0.0,1,0,0,1,1
40351,-1,0,-0.2153889,0.44635996,0,1,unassigned,19.0,19.0,0.0,1.0,0.0,0.0,0.032882012,0.0,0,0,0,0,0
40352,-1,1,0.3272342,0.5810863,1,1,unassigned,9.0,9.0,0.0,1.0,0.0,0.0,0.013539651,0.0,1,0,0,1,0
40353,-1,1,1.9963212,0.88041025,1,1,unassigned,111.0,103.0,8.0,0.9279279,0.072072074,0.07207209,0.21083172,0.015195079,1,0,0,1,0
40354,-1,1,4.5730767,0.9897794,1,1,unassigned,8.0,8.0,0.0,1.0,0.0,0.0,0.0116054155,0.0,1,0,0,1,1
40355,1,1,4.1624503,0.9846694,1,0,train,12.0,11.0,1.0,0.9166667,0.083333336,0.08333331,0.01934236,0.0016118633,1,0,1,1,1
40356,-1,1,2.1744363,0.89793026,1,1,unassigned,11.0,8.0,3.0,0.72727275,0.27272728,0.27272725,0.017408123,0.00474767,1,0,0,1,0
40357,-1,0,-0.04853767,0.48786798,0,1,unassigned,7.0,7.0,0.0,1.0,0.0,0.0,0.00967118,0.0,0,0,0,0,0
40358,-1,1,4.05066,0.9828871,1,1,unassigned,103.0,72.0,31.0,0.69902915,0.30097088,0.30097085,0.19535783,0.058797017,1,0,0,1,1
40359,-1,0,-0.587646,0.35717514,0,1,unassigned,24.0,24.0,0.0,1.0,0.0,0.0,0.04255319,0.0,0,0,0,0,0
40360,-1,0,-0.8018273,0.30963477,0,1,unassigned,88.0,88.0,0.0,1.0,0.0,0.0,0.1663443,0.0,0,0,0,0,0
40361,-1,1,-0.54480034,0.3670716,0,1,unassigned,17.0,17.0,0.0,1.0,0.0,0.0,0.029013539,0.0,1,0,0,0,0
40362,-1,1,-0.3676651,0.40910533,0,1,unassigned,43.0,41.0,2.0,0.95348835,0.046511628,0.04651165,0.079303674,0.0036885429,1,0,0,0,0
40363,-1,0,0.2276693,0.5566727,1,1,unassigned,2.0,1.0,1.0,0.5,0.5,0.5,0.0,0.0,0,0,0,1,0
40364,-1,1,-0.05746901,0.48563665,0,1,unassigned,43.0,39.0,4.0,0.90697676,0.093023255,0.09302324,0.079303674,0.0073770857,1,0,0,0,0
40365,0,1,-2.7180731,0.061915286,0,0,unassigned,2.0,2.0,0.0,1.0,0.0,0.0,0.0,0.0,1,0,1,0,1
40366,-1,1,4.48066,0.9888009,1,1,unassigned,7.0,5.0,2.0,0.71428573,0.2857143,0.28571427,0.00967118,0.0027631943,1,0,0,1,1
40367,-1,0,0.34301168,0.5849219,1,1,unassigned,18.0,18.0,0.0,1.0,0.0,0.0,0.030947777,0.0,0,0,0,1,0
40368,-1,0,3.5450947,0.9719439,1,1,unassigned,4.0,3.0,1.0,0.75,0.25,0.25,0.003868472,0.000967118,0,0,0,1,1
40369,-1,1,-0.16930917,0.4577735,0,1,unassigned,32.0,26.0,6.0,0.8125,0.1875,0.1875,0.058027077,0.010880077,1,0,0,0,0
40370,-1,0,3.8277547,0.9787049,1,1,unassigned,3.0,3.0,0.0,1.0,0.0,0.0,0.001934236,0.0,0,0,0,1,1
40371,-1,1,6.1841073,0.99794227,1,1,unassigned,9.0,8.0,1.0,0.8888889,0.11111111,0.111111104,0.013539651,0.0015044058,1,0,0,1,1
40372,-1,0,12.229223,0.9999951,1,1,unassigned,4.0,4.0,0.0,1.0,0.0,0.0,0.003868472,0.0,0,0,0,1,1
40373,-1,0,-0.49159306,0.37951836,0,1,unassigned,24.0,24.0,0.0,1.0,0.0,0.0,0.04255319,0.0,0,0,0,0,0
40374,-1,0,3.8380864,0.97891915,1,1,unassigned,3.0,2.0,1.0,0.6666667,0.33333334,0.3333333,0.001934236,0.00064474536,0,0,0,1,1
40375,-1,0,4.1172743,0.9839722,1,1,unassigned,20.0,15.0,5.0,0.75,0.25,0.25,0.034816246,0.008704062,0,0,0,1,1
40376,0,0,1.156775,0.76074624,1,1,val,2.0,2.0,0.0,1.0,0.0,0.0,0.0,0.0,0,0,0,1,0
40377,-1,1,5.123835,0.99408203,1,1,unassigned,7.0,7.0,0.0,1.0,0.0,0.0,0.00967118,0.0,1,0,0,1,1
40378,-1,1,4.8706408,0.99238986,1,1,unassigned,6.0,3.0,3.0,0.5,0.5,0.5,0.007736944,0.003868472,1,0,0,1,1
40379,-1,0,1.6995571,0.8454769,1,1,unassigned,2.0,2.0,0.0,1.0,0.0,0.0,0.0,0.0,0,0,0,1,0
40380,1,0,3.233134,0.9620623,1,0,test,22.0,21.0,1.0,0.95454544,0.045454547,0.04545456,0.03868472,0.0017583964,0,0,1,1,1
40381,-1,1,0.03475523,0.5086879,1,1,unassigned,46.0,45.0,1.0,0.9782609,0.02173913,0.021739125,0.08510638,0.0018501388,1,0,0,1,0
40382,-1,0,5.426691,0.9956216,1,1,unassigned,3.0,3.0,0.0,1.0,0.0,0.0,0.001934236,0.0,0,0,0,1,1
40383,-1,0,-0.7033649,0.3310666,0,1,unassigned,20.0,19.0,1.0,0.95,0.05,0.050000012,0.034816246,0.0017408123,0,0,0,0,0
40384,-1,1,2.834148,0.9444934,1,1,unassigned,8.0,8.0,0.0,1.0,0.0,0.0,0.0116054155,0.0,1,0,0,1,1
40385,-1,0,5.0525484,0.9936475,1,1,unassigned,6.0,2.0,4.0,0.33333334,0.6666667,0.6666666,0.007736944,0.005157963,0,0,0,1,1
40386,1,1,3.329534,0.96542823,1,0,unassigned,55.0,51.0,4.0,0.92727274,0.07272727,0.07272726,0.102514505,0.0074556,1,0,1,1,1
40387,-1,1,-0.84303916,0.3008951,0,1,unassigned,51.0,50.0,1.0,0.98039216,0.019607844,0.019607842,0.09477756,0.0018583836,1,0,0,0,0
40388,-1,1,-0.90588707,0.2878422,0,1,unassigned,53.0,52.0,1.0,0.9811321,0.018867925,0.01886791,0.09864604,0.0018612461,1,0,0,0,0
40389,-1,1,3.350158,0.96611005,1,1,unassigned,13.0,13.0,0.0,1.0,0.0,0.0,0.021276595,0.0,1,0,0,1,1
40390,-1,0,-0.292454,0.42740318,0,1,unassigned,7.0,6.0,1.0,0.85714287,0.14285715,0.14285713,0.00967118,0.0013815971,0,0,0,0,0
40391,-1,1,0.079200566,0.5197898,1,1,unassigned,17.0,15.0,2.0,0.88235295,0.11764706,0.11764705,0.029013539,0.0034133575,1,0,0,1,0
40392,-1,1,2.446286,0.9202894,1,1,unassigned,9.0,9.0,0.0,1.0,0.0,0.0,0.013539651,0.0,1,0,0,1,1
40393,-1,1,0.14049762,0.5350667,1,1,unassigned,4.0,4.0,0.0,1.0,0.0,0.0,0.003868472,0.0,1,0,0,1,0
40394,-1,1,1.7941334,0.8574333,1,1,unassigned,16.0,16.0,0.0,1.0,0.0,0.0,0.027079303,0.0,1,0,0,1,0
40395,-1,1,0.14049762,0.5350667,1,1,unassigned,4.0,4.0,0.0,1.0,0.0,0.0,0.003868472,0.0,1,0,0,1,0
40396,-1,1,0.86227447,0.70313567,1,1,unassigned,9.0,9.0,0.0,1.0,0.0,0.0,0.013539651,0.0,1,0,0,1,0
40397,-1,1,4.1902013,0.9850826,1,1,unassigned,23.0,22.0,1.0,0.95652175,0.04347826,0.04347825,0.040618956,0.0017660416,1,0,0,1,1
40398,-1,1,8.802735,0.9998497,1,1,unassigned,38.0,34.0,4.0,0.8947368,0.10526316,0.10526317,0.06963249,0.0073297364,1,0,0,1,1
40399,-1,1,6.575519,0.99860793,1,1,unassigned,44.0,34.0,10.0,0.77272725,0.22727273,0.22727275,0.08123791,0.018463163,1,0,0,1,1
40400,-1,0,4.95542,0.99300414,1,1,unassigned,8.0,3.0,5.0,0.375,0.625,0.625,0.0116054155,0.0072533847,0,0,0,1,1
40401,-1,1,3.9352982,0.98083466,1,1,unassigned,29.0,29.0,0.0,1.0,0.0,0.0,0.05222437,0.0,1,0,0,1,1
40402,-1,1,2.1375482,0.8944995,1,1,unassigned,24.0,24.0,0.0,1.0,0.0,0.0,0.04255319,0.0,1,0,0,1,0
40403,-1,0,0.22564846,0.556174,1,1,unassigned,15.0,14.0,1.0,0.93333334,0.06666667,0.06666666,0.025145067,0.0016763379,0,0,0,1,0
40404,-1,0,0.109983146,0.5274681,1,1,unassigned,5.0,5.0,0.0,1.0,0.0,0.0,0.0058027077,0.0,0,0,0,1,0
40405,-1,1,-0.28923687,0.4281907,0,1,unassigned,36.0,36.0,0.0,1.0,0.0,0.0,0.065764025,0.0,1,0,0,0,0
40406,-1,0,0.3724234,0.5920445,1,1,unassigned,4.0,3.0,1.0,0.75,0.25,0.25,0.003868472,0.000967118,0,0,0,1,0
40407,-1,0,-0.7917215,0.31179914,0,1,unassigned,67.0,67.0,0.0,1.0,0.0,0.0,0.12572534,0.0,0,0,0,0,0
40408,-1,1,1.421351,0.8055501,1,1,unassigned,3.0,3.0,0.0,1.0,0.0,0.0,0.001934236,0.0,1,0,0,1,0
40409,-1,0,-0.6837754,0.33541918,0,1,unassigned,20.0,20.0,0.0,1.0,0.0,0.0,0.034816246,0.0,0,0,0,0,0
40410,-1,0,-0.76418996,0.31773725,0,1,unassigned,70.0,70.0,0.0,1.0,0.0,0.0,0.13152805,0.0,0,0,0,0,0
40411,-1,0,-0.5270918,0.3711954,0,1,unassigned,3.0,3.0,0.0,1.0,0.0,0.0,0.001934236,0.0,0,0,0,0,0
40412,-1,0,0.173253,0.5432052,1,1,unassigned,4.0,4.0,0.0,1.0,0.0,0.0,0.003868472,0.0,0,0,0,1,0
40413,-1,0,-0.8353244,0.30252042,0,1,unassigned,4.0,4.0,0.0,1.0,0.0,0.0,0.003868472,0.0,0,0,0,0,0
40414,-1,0,4.4070673,0.987956,1,1,unassigned,4.0,3.0,1.0,0.75,0.25,0.25,0.003868472,0.000967118,0,0,0,1,1
40415,-1,1,1.9140584,0.87147444,1,1,unassigned,5.0,5.0,0.0,1.0,0.0,0.0,0.0058027077,0.0,1,0,0,1,0
40416,-1,0,0.11477852,0.52866316,1,1,unassigned,3.0,2.0,1.0,0.6666667,0.33333334,0.3333333,0.001934236,0.00064474536,0,0,0,1,0
40417,-1,0,-0.65802264,0.34118396,0,1,unassigned,21.0,21.0,0.0,1.0,0.0,0.0,0.036750484,0.0,0,0,0,0,0
40418,-1,0,-0.46637738,0.38547403,0,1,unassigned,2.0,2.0,0.0,1.0,0.0,0.0,0.0,0.0,0,0,0,0,0
40419,-1,1,1.3887777,0.800397,1,1,unassigned,13.0,13.0,0.0,1.0,0.0,0.0,0.021276595,0.0,1,0,0,1,0
40420,-1,0,-0.8845084,0.2922444,0,1,unassigned,3.0,3.0,0.0,1.0,0.0,0.0,0.001934236,0.0,0,0,0,0,0
40421,-1,0,5.901962,0.9972734,1,1,unassigned,9.0,9.0,0.0,1.0,0.0,0.0,0.013539651,0.0,0,0,0,1,1
40422,-1,1,-0.31492466,0.42191315,0,1,unassigned,22.0,17.0,5.0,0.77272725,0.22727273,0.22727275,0.03868472,0.008791981,1,0,0,0,0
40423,-1,0,0.06980485,0.51744413,1,1,unassigned,2.0,2.0,0.0,1.0,0.0,0.0,0.0,0.0,0,0,0,1,0
40424,-1,0,6.396851,0.998336,1,1,unassigned,11.0,10.0,1.0,0.90909094,0.09090909,0.090909064,0.017408123,0.0015825568,0,0,0,1,1
40425,-1,1,-0.14770281,0.4631413,0,1,unassigned,14.0,14.0,0.0,1.0,0.0,0.0,0.023210831,0.0,1,0,0,0,0
40426,-1,1,0.0934239,0.523339,1,1,unassigned,4.0,4.0,0.0,1.0,0.0,0.0,0.003868472,0.0,1,0,0,1,0
40427,1,1,10.197441,0.9999627,1,0,test,9.0,9.0,0.0,1.0,0.0,0.0,0.013539651,0.0,1,0,1,1,1
40428,-1,0,3.5228493,0.9713309,1,1,unassigned,3.0,2.0,1.0,0.6666667,0.33333334,0.3333333,0.001934236,0.00064474536,0,0,0,1,1
40429,-1,0,5.3572364,0.9953082,1,1,unassigned,3.0,3.0,0.0,1.0,0.0,0.0,0.001934236,0.0,0,0,0,1,1
40430,-1,0,-1.1452985,0.24134889,0,1,unassigned,8.0,8.0,0.0,1.0,0.0,0.0,0.0116054155,0.0,0,0,0,0,0
40431,-1,0,10.78838,0.9999794,1,1,unassigned,6.0,5.0,1.0,0.8333333,0.16666667,0.16666669,0.007736944,0.0012894907,0,0,0,1,1
40432,0,1,-0.3666054,0.4093615,0,0,unassigned,26.0,25.0,1.0,0.96153843,0.03846154,0.038461566,0.046421662,0.0017854486,1,0,1,0,0
40433,-1,0,2.9969802,0.9524375,1,1,unassigned,3.0,3.0,0.0,1.0,0.0,0.0,0.001934236,0.0,0,0,0,1,1
40434,-1,0,-0.48115304,0.38197988,0,1,unassigned,8.0,8.0,0.0,1.0,0.0,0.0,0.0116054155,0.0,0,0,0,0,0
40435,-1,1,6.136127,0.99784136,1,1,unassigned,11.0,9.0,2.0,0.8181818,0.18181819,0.18181819,0.017408123,0.0031651135,1,0,0,1,1
40436,-1,0,0.5607491,0.6366258,1,1,unassigned,3.0,3.0,0.0,1.0,0.0,0.0,0.001934236,0.0,0,0,0,1,0
40437,-1,0,0.82581526,0.6954693,1,1,unassigned,2.0,2.0,0.0,1.0,0.0,0.0,0.0,0.0,0,0,0,1,0
40438,-1,0,1.4089007,0.8035925,1,1,unassigned,3.0,3.0,0.0,1.0,0.0,0.0,0.001934236,0.0,0,0,0,1,0
40439,-1,0,11.922239,0.9999933,1,1,unassigned,5.0,4.0,1.0,0.8,0.2,0.19999999,0.0058027077,0.0011605415,0,0,0,1,1
40440,1,0,6.697635,0.99876773,1,0,train,3.0,3.0,0.0,1.0,0.0,0.0,0.001934236,0.0,0,0,1,1,1
40441,-1,0,0.11230236,0.52804613,1,1,unassigned,2.0,2.0,0.0,1.0,0.0,0.0,0.0,0.0,0,0,0,1,0
40442,-1,0,2.7795544,0.9415609,1,1,unassigned,4.0,2.0,2.0,0.5,0.5,0.5,0.003868472,0.001934236,0,0,0,1,1
40443,-1,1,14.684572,0.9999995,1,1,unassigned,5.0,4.0,1.0,0.8,0.2,0.19999999,0.0058027077,0.0011605415,1,0,0,1,1
40444,-1,1,4.7716184,0.9916044,1,1,unassigned,10.0,9.0,1.0,0.9,0.1,0.100000024,0.015473888,0.0015473888,1,0,0,1,1
40445,-1,1,3.893802,0.9800388,1,1,unassigned,33.0,33.0,0.0,1.0,0.0,0.0,0.059961315,0.0,1,0,0,1,1
40446,-1,1,2.4487839,0.92047244,1,1,unassigned,2.0,2.0,0.0,1.0,0.0,0.0,0.0,0.0,1,0,0,1,1
40447,-1,0,2.2585278,0.9053836,1,1,unassigned,13.0,7.0,6.0,0.53846157,0.46153846,0.46153843,0.021276595,0.009819967,0,0,0,1,1
40448,-1,0,-0.25842574,0.43575075,0,1,unassigned,16.0,14.0,2.0,0.875,0.125,0.125,0.027079303,0.0033849129,0,0,0,0,0
40449,-1,0,2.695336,0.9367509,1,1,unassigned,33.0,32.0,1.0,0.969697,0.030303031,0.030303001,0.059961315,0.0018170096,0,0,0,1,1
40450,-1,1,5.7644114,0.9968726,1,1,unassigned,50.0,46.0,4.0,0.92,0.08,0.07999998,0.092843324,0.0074274656,1,0,0,1,1
40451,-1,1,2.2616656,0.9056521,1,1,unassigned,16.0,16.0,0.0,1.0,0.0,0.0,0.027079303,0.0,1,0,0,1,1
40452,-1,1,-0.24047863,0.4401684,0,1,unassigned,19.0,19.0,0.0,1.0,0.0,0.0,0.032882012,0.0,1,0,0,0,0
40453,1,1,6.101235,0.99776495,1,0,val,24.0,16.0,8.0,0.6666667,0.33333334,0.3333333,0.04255319,0.014184397,1,0,1,1,1
40454,-1,1,3.690396,0.97564584,1,1,unassigned,4.0,4.0,0.0,1.0,0.0,0.0,0.003868472,0.0,1,0,0,1,1
40455,-1,0,3.7464993,0.9769439,1,1,unassigned,2.0,1.0,1.0,0.5,0.5,0.5,0.0,0.0,0,0,0,1,1
40456,-1,1,0.004868567,0.5012172,1,1,unassigned,5.0,5.0,0.0,1.0,0.0,0.0,0.0058027077,0.0,1,0,0,1,0
40457,-1,0,-0.30510655,0.4243096,0,1,unassigned,15.0,15.0,0.0,1.0,0.0,0.0,0.025145067,0.0,0,0,0,0,0
40458,-1,1,-0.2302736,0.44268462,0,1,unassigned,5.0,4.0,1.0,0.8,0.2,0.19999999,0.0058027077,0.0011605415,1,0,0,0,0
40459,-1,0,-0.04722792,0.48819524,0,1,unassigned,48.0,47.0,1.0,0.9791667,0.020833334,0.020833313,0.088974856,0.0018536429,0,0,0,0,0
40460,-1,1,-0.77668476,0.31503484,0,1,unassigned,6.0,5.0,1.0,0.8333333,0.16666667,0.16666669,0.007736944,0.0012894907,1,0,0,0,0
40461,-1,0,0.64043194,0.6548511,1,1,unassigned,20.0,20.0,0.0,1.0,0.0,0.0,0.034816246,0.0,0,0,0,1,0
40462,-1,0,-0.101314306,0.4746931,0,1,unassigned,21.0,21.0,0.0,1.0,0.0,0.0,0.036750484,0.0,0,0,0,0,0
40463,1,0,-0.06110841,0.48472768,0,1,unassigned,20.0,20.0,0.0,1.0,0.0,0.0,0.034816246,0.0,0,0,0,0,0
40464,1,1,2.1216614,0.89299077,1,0,test,9.0,9.0,0.0,1.0,0.0,0.0,0.013539651,0.0,1,0,1,1,0
40465,0,1,-0.12737769,0.46819857,0,0,test,2.0,2.0,0.0,1.0,0.0,0.0,0.0,0.0,1,0,1,0,0
40466,-1,0,-0.21709013,0.44593963,0,1,unassigned,5.0,3.0,2.0,0.6,0.4,0.39999998,0.0058027077,0.002321083,0,0,0,0,0
40467,-1,1,-0.44233736,0.39118415,0,1,unassigned,2.0,2.0,0.0,1.0,0.0,0.0,0.0,0.0,1,0,0,0,0
40468,-1,1,-0.23217961,0.44221443,0,1,unassigned,48.0,48.0,0.0,1.0,0.0,0.0,0.088974856,0.0,1,0,0,0,0
40469,1,1,-0.3687681,0.4088387,0,1,unassigned,4.0,4.0,0.0,1.0,0.0,0.0,0.003868472,0.0,1,0,0,0,0
40470,-1,1,0.34464192,0.5853177,1,1,unassigned,21.0,21.0,0.0,1.0,0.0,0.0,0.036750484,0.0,1,0,0,1,0
40471,-1,0,6.083919,0.9977259,1,1,unassigned,8.0,8.0,0.0,1.0,0.0,0.0,0.0116054155,0.0,0,0,0,1,1
40472,-1,0,-0.520131,0.3728216,0,1,unassigned,2.0,1.0,1.0,0.5,0.5,0.5,0.0,0.0,0,0,0,0,0
40473,-1,1,7.3665147,0.99936837,1,1,unassigned,21.0,19.0,2.0,0.9047619,0.0952381,0.09523809,0.036750484,0.0035000462,1,0,0,1,1
40474,0,0,1.7179611,0.847866,1,1,unassigned,6.0,6.0,0.0,1.0,0.0,0.0,0.007736944,0.0,0,0,0,1,0
40475,-1,0,4.437528,0.98831314,1,1,unassigned,13.0,11.0,2.0,0.84615386,0.15384616,0.15384614,0.021276595,0.0032733225,0,0,0,1,1
40476,-1,0,1.5756943,0.82859385,1,1,unassigned,2.0,2.0,0.0,1.0,0.0,0.0,0.0,0.0,0,0,0,1,0
40477,-1,0,-0.3327988,0.4175598,0,1,unassigned,150.0,147.0,3.0,0.98,0.02,0.01999998,0.28626692,0.005725338,0,0,0,0,0
40478,-1,0,1.4316607,0.8071599,1,1,unassigned,9.0,9.0,0.0,1.0,0.0,0.0,0.013539651,0.0,0,0,0,1,0
40479,0,1,-0.19315904,0.45185983,0,0,unassigned,28.0,25.0,3.0,0.89285713,0.10714286,0.107142866,0.050290134,0.0053882287,1,0,1,0,0
40480,1,0,3.2098386,0.9612029,1,0,val,6.0,6.0,0.0,1.0,0.0,0.0,0.007736944,0.0,0,0,1,1,1
40481,-1,1,1.0274868,0.7364283,1,1,unassigned,5.0,2.0,3.0,0.4,0.6,0.6,0.0058027077,0.0034816249,1,0,0,1,0
40482,-1,1,-0.10240096,0.4744221,0,1,unassigned,5.0,5.0,0.0,1.0,0.0,0.0,0.0058027077,0.0,1,0,0,0,0
40483,-1,0,-0.81375766,0.30709034,0,1,unassigned,31.0,31.0,0.0,1.0,0.0,0.0,0.056092843,0.0,0,0,0,0,0
40484,-1,0,3.722565,0.97639865,1,1,unassigned,3.0,3.0,0.0,1.0,0.0,0.0,0.001934236,0.0,0,0,0,1,1
40485,-1,0,1.2464206,0.7766797,1,1,unassigned,29.0,29.0,0.0,1.0,0.0,0.0,0.05222437,0.0,0,0,0,1,0
40486,-1,0,5.4919057,0.99589694,1,1,unassigned,29.0,28.0,1.0,0.9655172,0.03448276,0.034482777,0.05222437,0.0018008404,0,0,0,1,1
40487,-1,0,0.9642754,0.72397697,1,1,unassigned,13.0,12.0,1.0,0.9230769,0.07692308,0.07692307,0.021276595,0.0016366612,0,0,0,1,0
40488,-1,1,3.26145,0.9630823,1,1,unassigned,3.0,3.0,0.0,1.0,0.0,0.0,0.001934236,0.0,1,0,0,1,1
40489,-1,1,1.2157516,0.77131504,1,1,unassigned,29.0,28.0,1.0,0.9655172,0.03448276,0.034482777,0.05222437,0.0018008404,1,0,0,1,0
40490,-1,0,6.9456635,0.9990381,1,1,unassigned,3.0,2.0,1.0,0.6666667,0.33333334,0.3333333,0.001934236,0.00064474536,0,0,0,1,1
40491,-1,1,2.7720609,0.9411472,1,1,unassigned,9.0,8.0,1.0,0.8888889,0.11111111,0.111111104,0.013539651,0.0015044058,1,0,0,1,1
40492,-1,1,4.0575614,0.9830027,1,1,unassigned,8.0,8.0,0.0,1.0,0.0,0.0,0.0116054155,0.0,1,0,0,1,1
40493,1,1,5.9573665,0.99741995,1,0,unassigned,38.0,38.0,0.0,1.0,0.0,0.0,0.06963249,0.0,1,0,1,1,1
40494,-1,0,5.222095,0.99463296,1,1,unassigned,30.0,28.0,2.0,0.93333334,0.06666667,0.06666666,0.054158606,0.003610574,0,0,0,1,1
40495,-1,0,6.4829164,0.998473,1,1,unassigned,21.0,16.0,5.0,0.7619048,0.23809524,0.23809522,0.036750484,0.0087501155,0,0,0,1,1
40496,-1,0,1.002099,0.73147106,1,1,unassigned,2.0,1.0,1.0,0.5,0.5,0.5,0.0,0.0,0,0,0,1,0
40497,-1,0,-0.83005685,0.30363303,0,1,unassigned,2.0,2.0,0.0,1.0,0.0,0.0,0.0,0.0,0,0,0,0,0
40498,-1,0,0.4244123,0.6045386,1,1,unassigned,11.0,10.0,1.0,0.90909094,0.09090909,0.090909064,0.017408123,0.0015825568,0,0,0,1,0
40499,-1,0,2.4327908,0.9192939,1,1,unassigned,3.0,3.0,0.0,1.0,0.0,0.0,0.001934236,0.0,0,0,0,1,1
40500,-1,0,1.5619357,0.82663095,1,1,unassigned,6.0,6.0,0.0,1.0,0.0,0.0,0.007736944,0.0,0,0,0,1,0
40501,-1,0,4.3394103,0.9871237,1,1,unassigned,4.0,4.0,0.0,1.0,0.0,0.0,0.003868472,0.0,0,0,0,1,1
40502,-1,0,2.3563356,0.9134365,1,1,unassigned,9.0,9.0,0.0,1.0,0.0,0.0,0.013539651,0.0,0,0,0,1,1
40503,-1,0,-0.62484074,0.3486813,0,1,unassigned,11.0,10.0,1.0,0.90909094,0.09090909,0.090909064,0.017408123,0.0015825568,0,0,0,0,0
40504,-1,0,-0.81448585,0.3069354,0,1,unassigned,6.0,4.0,2.0,0.6666667,0.33333334,0.3333333,0.007736944,0.0025789815,0,0,0,0,0
40505,-1,0,1.0508401,0.74093616,1,1,unassigned,12.0,12.0,0.0,1.0,0.0,0.0,0.01934236,0.0,0,0,0,1,0
40506,-1,0,3.3927605,0.96747756,1,1,unassigned,7.0,7.0,0.0,1.0,0.0,0.0,0.00967118,0.0,0,0,0,1,1
40507,-1,1,-0.447021,0.39006928,0,1,unassigned,2.0,2.0,0.0,1.0,0.0,0.0,0.0,0.0,1,0,0,0,0
40508,-1,0,-0.51351297,0.37437037,0,1,unassigned,8.0,8.0,0.0,1.0,0.0,0.0,0.0116054155,0.0,0,0,0,0,0
40509,-1,0,0.41103393,0.60133576,1,1,unassigned,2.0,1.0,1.0,0.5,0.5,0.5,0.0,0.0,0,0,0,1,0
40510,-1,1,1.351438,0.79436463,1,1,unassigned,5.0,4.0,1.0,0.8,0.2,0.19999999,0.0058027077,0.0011605415,1,0,0,1,0
40511,-1,1,2.1109433,0.89196223,1,1,unassigned,21.0,15.0,6.0,0.71428573,0.2857143,0.28571427,0.036750484,0.010500139,1,0,0,1,0
40512,-1,0,0.5927673,0.6439998,1,1,unassigned,14.0,13.0,1.0,0.9285714,0.071428575,0.0714286,0.023210831,0.0016579166,0,0,0,1,0
40513,-1,1,1.3476696,0.7937484,1,1,unassigned,22.0,20.0,2.0,0.90909094,0.09090909,0.090909064,0.03868472,0.0035167928,1,0,0,1,0
40514,-1,0,1.4453785,0.8092862,1,1,unassigned,14.0,6.0,8.0,0.42857143,0.5714286,0.57142854,0.023210831,0.013263333,0,0,0,1,0
40515,1,1,1.0010111,0.7312573,1,0,train,11.0,11.0,0.0,1.0,0.0,0.0,0.017408123,0.0,1,0,1,1,0
40516,-1,0,-0.2504927,0.43770224,0,1,unassigned,2.0,2.0,0.0,1.0,0.0,0.0,0.0,0.0,0,0,0,0,0
40517,-1,0,0.9109271,0.71318984,1,1,unassigned,15.0,15.0,0.0,1.0,0.0,0.0,0.025145067,0.0,0,0,0,1,0
40518,0,0,-0.7019652,0.33137667,0,0,unassigned,10.0,10.0,0.0,1.0,0.0,0.0,0.015473888,0.0,0,0,1,0,0
40519,-1,0,0.11566275,0.52888346,1,1,unassigned,12.0,11.0,1.0,0.9166667,0.083333336,0.08333331,0.01934236,0.0016118633,0,0,0,1,0
40520,-1,1,2.055876,0.88654,1,1,unassigned,8.0,8.0,0.0,1.0,0.0,0.0,0.0116054155,0.0,1,0,0,1,0
40521,0,0,-0.6107195,0.35189512,0,0,unassigned,10.0,9.0,1.0,0.9,0.1,0.100000024,0.015473888,0.0015473888,0,0,1,0,0
40522,-1,1,0.1681127,0.5419295,1,1,unassigned,18.0,17.0,1.0,0.9444444,0.055555556,0.055555582,0.030947777,0.0017193209,1,0,0,1,0
40523,-1,0,0.14974743,0.53736705,1,1,unassigned,14.0,14.0,0.0,1.0,0.0,0.0,0.023210831,0.0,0,0,0,1,0
40524,1,0,-0.43739897,0.3923609,0,1,unassigned,3.0,3.0,0.0,1.0,0.0,0.0,0.001934236,0.0,0,0,0,0,0
40525,-1,1,1.832578,0.86206853,1,1,unassigned,24.0,23.0,1.0,0.9583333,0.041666668,0.041666687,0.04255319,0.0017730496,1,0,0,1,0
40526,-1,0,-0.57244205,0.36067352,0,1,unassigned,7.0,7.0,0.0,1.0,0.0,0.0,0.00967118,0.0,0,0,0,0,0
40527,-1,1,7.028198,0.9991142,1,1,unassigned,7.0,4.0,3.0,0.5714286,0.42857143,0.4285714,0.00967118,0.0041447915,1,0,0,1,1
40528,-1,0,1.7880046,0.8566825,1,1,unassigned,52.0,50.0,2.0,0.96153843,0.03846154,0.038461566,0.0967118,0.0037196847,0,0,0,1,0
40529,-1,0,6.652763,0.9987112,1,1,unassigned,3.0,3.0,0.0,1.0,0.0,0.0,0.001934236,0.0,0,0,0,1,1
40530,-1,0,-0.08029795,0.47993624,0,1,unassigned,24.0,23.0,1.0,0.9583333,0.041666668,0.041666687,0.04255319,0.0017730496,0,0,0,0,0
40531,-1,0,1.0216346,0.7352908,1,1,unassigned,12.0,12.0,0.0,1.0,0.0,0.0,0.01934236,0.0,0,0,0,1,0
40532,1,0,0.6960965,0.66732174,1,0,val,6.0,6.0,0.0,1.0,0.0,0.0,0.007736944,0.0,0,0,1,1,0
40533,-1,0,0.085176766,0.5212813,1,1,unassigned,12.0,12.0,0.0,1.0,0.0,0.0,0.01934236,0.0,0,0,0,1,0
40534,-1,0,0.8641767,0.7035325,1,1,unassigned,2.0,2.0,0.0,1.0,0.0,0.0,0.0,0.0,0,0,0,1,0
40535,1,0,-0.33978128,0.41586262,0,1,val,3.0,3.0,0.0,1.0,0.0,0.0,0.001934236,0.0,0,0,0,0,0
40536,-1,0,-0.017374814,0.4956564,0,1,unassigned,15.0,15.0,0.0,1.0,0.0,0.0,0.025145067,0.0,0,0,0,0,0
40537,-1,0,2.7940485,0.94235337,1,1,unassigned,2.0,1.0,1.0,0.5,0.5,0.5,0.0,0.0,0,0,0,1,1
40538,1,0,3.6399777,0.9744186,1,0,unassigned,15.0,14.0,1.0,0.93333334,0.06666667,0.06666666,0.025145067,0.0016763379,0,0,1,1,1
40539,-1,0,0.40521294,0.59993947,1,1,unassigned,10.0,10.0,0.0,1.0,0.0,0.0,0.015473888,0.0,0,0,0,1,0
40540,-1,0,-0.22765034,0.44333193,0,1,unassigned,5.0,5.0,0.0,1.0,0.0,0.0,0.0058027077,0.0,0,0,0,0,0
40541,-1,0,3.6439106,0.9745165,1,1,unassigned,9.0,9.0,0.0,1.0,0.0,0.0,0.013539651,0.0,0,0,0,1,1
40542,-1,1,0.69481856,0.66703796,1,1,unassigned,43.0,42.0,1.0,0.9767442,0.023255814,0.023255825,0.079303674,0.0018442714,1,0,0,1,0
40543,-1,1,5.82706,0.9970619,1,1,unassigned,20.0,18.0,2.0,0.9,0.1,0.100000024,0.034816246,0.0034816246,1,0,0,1,1
40544,-1,0,-0.06283218,0.4842971,0,1,unassigned,3.0,3.0,0.0,1.0,0.0,0.0,0.001934236,0.0,0,0,0,0,0
40545,-1,0,0.15293711,0.5381599,1,1,unassigned,2.0,2.0,0.0,1.0,0.0,0.0,0.0,0.0,0,0,0,1,0
40546,0,1,-0.8671277,0.2958523,0,0,val,16.0,16.0,0.0,1.0,0.0,0.0,0.027079303,0.0,1,0,1,0,0
40547,-1,0,4.304285,0.98666954,1,1,unassigned,5.0,5.0,0.0,1.0,0.0,0.0,0.0058027077,0.0,0,0,0,1,1
40548,-1,0,-0.12824383,0.46798292,0,1,unassigned,5.0,4.0,1.0,0.8,0.2,0.19999999,0.0058027077,0.0011605415,0,0,0,0,0
40549,0,0,-0.13715982,0.4657637,0,0,unassigned,23.0,23.0,0.0,1.0,0.0,0.0,0.040618956,0.0,0,0,1,0,0
40550,-1,0,1.178216,0.76462686,1,1,unassigned,6.0,5.0,1.0,0.8333333,0.16666667,0.16666669,0.007736944,0.0012894907,0,0,0,1,0
40551,-1,0,0.7103849,0.6704862,1,1,unassigned,11.0,11.0,0.0,1.0,0.0,0.0,0.017408123,0.0,0,0,0,1,0
40552,-1,0,2.9713948,0.9512649,1,1,unassigned,6.0,6.0,0.0,1.0,0.0,0.0,0.007736944,0.0,0,0,0,1,1
40553,-1,0,0.89126414,0.70915097,1,1,unassigned,11.0,10.0,1.0,0.90909094,0.09090909,0.090909064,0.017408123,0.0015825568,0,0,0,1,0
40554,-1,0,-0.2449579,0.4390649,0,1,unassigned,4.0,4.0,0.0,1.0,0.0,0.0,0.003868472,0.0,0,0,0,0,0
40555,-1,0,0.21207231,0.5528202,1,1,unassigned,8.0,8.0,0.0,1.0,0.0,0.0,0.0116054155,0.0,0,0,0,1,0
40556,0,0,4.5633273,0.98968023,1,1,unassigned,4.0,4.0,0.0,1.0,0.0,0.0,0.003868472,0.0,0,0,0,1,1
40557,-1,0,4.132006,0.98420286,1,1,unassigned,3.0,3.0,0.0,1.0,0.0,0.0,0.001934236,0.0,0,0,0,1,1
40558,-1,1,-0.30318448,0.4247792,0,1,unassigned,16.0,16.0,0.0,1.0,0.0,0.0,0.027079303,0.0,1,0,0,0,0
40559,-1,0,-0.73555666,0.32397655,0,1,unassigned,15.0,14.0,1.0,0.93333334,0.06666667,0.06666666,0.025145067,0.0016763379,0,0,0,0,0
40560,-1,0,-0.027943432,0.4930146,0,1,unassigned,8.0,8.0,0.0,1.0,0.0,0.0,0.0116054155,0.0,0,0,0,0,0
40561,-1,0,6.19309,0.9979607,1,1,unassigned,4.0,4.0,0.0,1.0,0.0,0.0,0.003868472,0.0,0,0,0,1,1
40562,-1,0,-0.031103492,0.49222472,0,1,unassigned,10.0,10.0,0.0,1.0,0.0,0.0,0.015473888,0.0,0,0,0,0,0
40563,-1,0,-0.73026955,0.3251356,0,1,unassigned,11.0,11.0,0.0,1.0,0.0,0.0,0.017408123,0.0,0,0,0,0,0
40564,-1,1,0.30453128,0.57554984,1,1,unassigned,8.0,8.0,0.0,1.0,0.0,0.0,0.0116054155,0.0,1,0,0,1,0
40565,1,1,2.4430363,0.9200507,1,0,unassigned,18.0,17.0,1.0,0.9444444,0.055555556,0.055555582,0.030947777,0.0017193209,1,0,1,1,1
40566,1,1,0.46520716,0.6142487,1,0,unassigned,2.0,2.0,0.0,1.0,0.0,0.0,0.0,0.0,1,0,1,1,0
40567,-1,0,-0.38261506,0.40549633,0,1,unassigned,26.0,26.0,0.0,1.0,0.0,0.0,0.046421662,0.0,0,0,0,0,0
40568,-1,0,0.008101761,0.5020254,1,1,unassigned,8.0,8.0,0.0,1.0,0.0,0.0,0.0116054155,0.0,0,0,0,1,0
40569,-1,0,2.5260947,0.925951,1,1,unassigned,3.0,3.0,0.0,1.0,0.0,0.0,0.001934236,0.0,0,0,0,1,1
40570,-1,0,-0.76958144,0.31656966,0,1,unassigned,2.0,2.0,0.0,1.0,0.0,0.0,0.0,0.0,0,0,0,0,0
40571,-1,1,0.98998505,0.72908497,1,1,unassigned,16.0,14.0,2.0,0.875,0.125,0.125,0.027079303,0.0033849129,1,0,0,1,0
40572,-1,0,1.4526408,0.8104045,1,1,unassigned,6.0,6.0,0.0,1.0,0.0,0.0,0.007736944,0.0,0,0,0,1,0
40573,-1,1,0.30710065,0.57617736,1,1,unassigned,7.0,7.0,0.0,1.0,0.0,0.0,0.00967118,0.0,1,0,0,1,0
40574,-1,0,-0.16835478,0.45801046,0,1,unassigned,17.0,17.0,0.0,1.0,0.0,0.0,0.029013539,0.0,0,0,0,0,0
40575,-1,1,2.251222,0.9047559,1,1,unassigned,21.0,21.0,0.0,1.0,0.0,0.0,0.036750484,0.0,1,0,0,1,1
40576,-1,0,1.5435827,0.8239849,1,1,unassigned,2.0,2.0,0.0,1.0,0.0,0.0,0.0,0.0,0,0,0,1,0
40577,-1,0,0.09741503,0.52433455,1,1,unassigned,14.0,13.0,1.0,0.9285714,0.071428575,0.0714286,0.023210831,0.0016579166,0,0,0,1,0
40578,1,0,-0.79309076,0.3115054,0,1,val,2.0,2.0,0.0,1.0,0.0,0.0,0.0,0.0,0,0,0,0,0
40579,-1,0,-0.86151004,0.29702395,0,1,unassigned,2.0,2.0,0.0,1.0,0.0,0.0,0.0,0.0,0,0,0,0,0
40580,-1,1,0.010384738,0.50259614,1,1,unassigned,2.0,2.0,0.0,1.0,0.0,0.0,0.0,0.0,1,0,0,1,0
40581,-1,1,4.166784,0.98473454,1,1,unassigned,2.0,1.0,1.0,0.5,0.5,0.5,0.0,0.0,1,0,0,1,1
40582,0,0,0.3051228,0.5756943,1,1,val,30.0,30.0,0.0,1.0,0.0,0.0,0.054158606,0.0,0,0,0,1,0
40583,-1,0,3.1940036,0.96060795,1,1,unassigned,6.0,6.0,0.0,1.0,0.0,0.0,0.007736944,0.0,0,0,0,1,1
40584,-1,0,-0.6609795,0.3405196,0,1,unassigned,2.0,1.0,1.0,0.5,0.5,0.5,0.0,0.0,0,0,0,0,0
40585,-1,0,5.212999,0.99458414,1,1,unassigned,3.0,3.0,0.0,1.0,0.0,0.0,0.001934236,0.0,0,0,0,1,1
40586,-1,0,3.4795868,0.97010136,1,1,unassigned,3.0,2.0,1.0,0.6666667,0.33333334,0.3333333,0.001934236,0.00064474536,0,0,0,1,1
40587,-1,1,1.7710726,0.854591,1,1,unassigned,2.0,2.0,0.0,1.0,0.0,0.0,0.0,0.0,1,0,0,1,0
40588,-1,0,0.2253977,0.55611205,1,1,unassigned,5.0,5.0,0.0,1.0,0.0,0.0,0.0058027077,0.0,0,0,0,1,0
40589,-1,0,-0.5935327,0.3558247,0,1,unassigned,22.0,22.0,0.0,1.0,0.0,0.0,0.03868472,0.0,0,0,0,0,0
40590,-1,0,1.2752149,0.78163415,1,1,unassigned,4.0,4.0,0.0,1.0,0.0,0.0,0.003868472,0.0,0,0,0,1,0
40591,0,0,-0.54646677,0.36668453,0,0,unassigned,4.0,4.0,0.0,1.0,0.0,0.0,0.003868472,0.0,0,0,1,0,0
40592,-1,1,6.2642584,0.99810046,1,1,unassigned,9.0,7.0,2.0,0.7777778,0.22222222,0.22222221,0.013539651,0.0030088115,1,0,0,1,1
40593,-1,0,-0.60606664,0.35295698,0,1,unassigned,14.0,14.0,0.0,1.0,0.0,0.0,0.023210831,0.0,0,0,0,0,0
40594,-1,0,-0.9336761,0.2821795,0,1,unassigned,5.0,3.0,2.0,0.6,0.4,0.39999998,0.0058027077,0.002321083,0,0,0,0,0
40595,1,1,25.112762,1.0,1,0,val,2.0,1.0,1.0,0.5,0.5,0.5,0.0,0.0,1,0,1,1,1
40596,-1,0,0.9998484,0.7310288,1,1,unassigned,11.0,11.0,0.0,1.0,0.0,0.0,0.017408123,0.0,0,0,0,1,0
40597,-1,0,4.0776753,0.9833356,1,1,unassigned,20.0,18.0,2.0,0.9,0.1,0.100000024,0.034816246,0.0034816246,0,0,0,1,1
40598,-1,0,-0.74888533,0.32106423,0,1,unassigned,25.0,24.0,1.0,0.96,0.04,0.04000002,0.044487428,0.001779497,0,0,0,0,0
40599,-1,0,-0.70039964,0.33172363,0,1,unassigned,41.0,41.0,0.0,1.0,0.0,0.0,0.07543521,0.0,0,0,0,0,0
40600,-1,0,-0.72179234,0.3269984,0,1,unassigned,53.0,53.0,0.0,1.0,0.0,0.0,0.09864604,0.0,0,0,0,0,0
40601,-1,0,0.8787921,0.7065719,1,1,unassigned,9.0,9.0,0.0,1.0,0.0,0.0,0.013539651,0.0,0,0,0,1,0
40602,-1,0,-0.81864405,0.30605158,0,1,unassigned,36.0,36.0,0.0,1.0,0.0,0.0,0.065764025,0.0,0,0,0,0,0
40603,-1,0,-0.27906954,0.43068188,0,1,unassigned,5.0,5.0,0.0,1.0,0.0,0.0,0.0058027077,0.0,0,0,0,0,0
40604,-1,1,1.3845587,0.79972214,1,1,unassigned,7.0,7.0,0.0,1.0,0.0,0.0,0.00967118,0.0,1,0,0,1,0
40605,-1,1,0.55579525,0.6354791,1,1,unassigned,9.0,9.0,0.0,1.0,0.0,0.0,0.013539651,0.0,1,0,0,1,0
40606,-1,1,0.1743992,0.54348963,1,1,unassigned,8.0,8.0,0.0,1.0,0.0,0.0,0.0116054155,0.0,1,0,0,1,0
40607,1,1,3.2165425,0.96145207,1,0,val,2.0,2.0,0.0,1.0,0.0,0.0,0.0,0.0,1,0,1,1,1
40608,-1,0,0.86846465,0.70442617,1,1,unassigned,23.0,23.0,0.0,1.0,0.0,0.0,0.040618956,0.0,0,0,0,1,0
40609,-1,0,3.6144335,0.9737742,1,1,unassigned,2.0,2.0,0.0,1.0,0.0,0.0,0.0,0.0,0,0,0,1,1
40610,-1,0,2.5380833,0.9267688,1,1,unassigned,2.0,2.0,0.0,1.0,0.0,0.0,0.0,0.0,0,0,0,1,1
40611,-1,0,9.895184,0.9999496,1,1,unassigned,3.0,3.0,0.0,1.0,0.0,0.0,0.001934236,0.0,0,0,0,1,1
40612,1,1,0.08118838,0.52028596,1,0,unassigned,2.0,2.0,0.0,1.0,0.0,0.0,0.0,0.0,1,0,1,1,0
40613,-1,1,-0.24178591,0.4398463,0,1,unassigned,13.0,12.0,1.0,0.9230769,0.07692308,0.07692307,0.021276595,0.0016366612,1,0,0,0,0
40614,-1,1,1.2424364,0.7759878,1,1,unassigned,6.0,6.0,0.0,1.0,0.0,0.0,0.007736944,0.0,1,0,0,1,0
40615,1,1,2.2381294,0.9036217,1,0,unassigned,18.0,17.0,1.0,0.9444444,0.055555556,0.055555582,0.030947777,0.0017193209,1,0,1,1,1
40616,-1,0,3.719208,0.97632116,1,1,unassigned,3.0,3.0,0.0,1.0,0.0,0.0,0.001934236,0.0,0,0,0,1,1
40617,-1,0,3.0786347,0.9560028,1,1,unassigned,3.0,3.0,0.0,1.0,0.0,0.0,0.001934236,0.0,0,0,0,1,1
40618,-1,0,4.0274057,0.98249155,1,1,unassigned,5.0,5.0,0.0,1.0,0.0,0.0,0.0058027077,0.0,0,0,0,1,1
40619,-1,1,3.8117902,0.97836965,1,1,unassigned,5.0,1.0,4.0,0.2,0.8,0.8,0.0058027077,0.004642166,1,1,0,1,1
40620,-1,0,2.3852723,0.91569734,1,1,unassigned,2.0,2.0,0.0,1.0,0.0,0.0,0.0,0.0,0,0,0,1,1
40621,-1,0,0.694645,0.66699946,1,1,unassigned,10.0,10.0,0.0,1.0,0.0,0.0,0.015473888,0.0,0,0,0,1,0
40622,-1,1,0.68376905,0.6645794,1,1,unassigned,2.0,2.0,0.0,1.0,0.0,0.0,0.0,0.0,1,0,0,1,0
40623,0,1,0.38958466,0.5961827,1,1,val,7.0,7.0,0.0,1.0,0.0,0.0,0.00967118,0.0,1,0,0,1,0
40624,-1,0,-0.14569825,0.46363974,0,1,unassigned,3.0,3.0,0.0,1.0,0.0,0.0,0.001934236,0.0,0,0,0,0,0
40625,-1,1,5.4864345,0.99587446,1,1,unassigned,2.0,2.0,0.0,1.0,0.0,0.0,0.0,0.0,1,0,0,1,1
40626,-1,0,0.17402345,0.5433964,1,1,unassigned,20.0,20.0,0.0,1.0,0.0,0.0,0.034816246,0.0,0,0,0,1,0
40627,1,0,-0.21648589,0.4460889,0,1,val,9.0,9.0,0.0,1.0,0.0,0.0,0.013539651,0.0,0,0,0,0,0
40628,-1,0,4.400453,0.987877,1,1,unassigned,4.0,4.0,0.0,1.0,0.0,0.0,0.003868472,0.0,0,0,0,1,1
40629,-1,0,-0.9086466,0.28727686,0,1,unassigned,50.0,50.0,0.0,1.0,0.0,0.0,0.092843324,0.0,0,0,0,0,0
40630,-1,1,2.9554203,0.950519,1,1,unassigned,3.0,3.0,0.0,1.0,0.0,0.0,0.001934236,0.0,1,0,0,1,1
40631,-1,0,-0.57979697,0.35897928,0,1,unassigned,16.0,16.0,0.0,1.0,0.0,0.0,0.027079303,0.0,0,0,0,0,0
40632,-1,1,1.3284295,0.79058075,1,1,unassigned,2.0,2.0,0.0,1.0,0.0,0.0,0.0,0.0,1,0,0,1,0
40633,-1,0,-0.75794506,0.31909257,0,1,unassigned,31.0,29.0,2.0,0.9354839,0.06451613,0.06451613,0.056092843,0.003618893,0,0,0,0,0
40634,-1,0,-0.6969541,0.3324879,0,1,unassigned,38.0,38.0,0.0,1.0,0.0,0.0,0.06963249,0.0,0,0,0,0,0
40635,-1,1,4.49787,0.98898983,1,1,unassigned,2.0,2.0,0.0,1.0,0.0,0.0,0.0,0.0,1,0,0,1,1
40636,0,1,-0.5348771,0.36938012,0,0,unassigned,2.0,2.0,0.0,1.0,0.0,0.0,0.0,0.0,1,0,1,0,0
40637,-1,0,1.4805272,0.8146522,1,1,unassigned,6.0,6.0,0.0,1.0,0.0,0.0,0.007736944,0.0,0,0,0,1,0
40638,-1,0,1.6364348,0.83704925,1,1,unassigned,2.0,1.0,1.0,0.5,0.5,0.5,0.0,0.0,0,0,0,1,0
40639,-1,0,1.9053464,0.8704955,1,1,unassigned,3.0,3.0,0.0,1.0,0.0,0.0,0.001934236,0.0,0,0,0,1,0
40640,-1,1,0.31182176,0.5773299,1,1,unassigned,12.0,6.0,6.0,0.5,0.5,0.5,0.01934236,0.00967118,1,0,0,1,0
40641,-1,0,4.749968,0.99142224,1,1,unassigned,2.0,2.0,0.0,1.0,0.0,0.0,0.0,0.0,0,0,0,1,1
40642,-1,0,1.0625043,0.74316883,1,1,unassigned,4.0,4.0,0.0,1.0,0.0,0.0,0.003868472,0.0,0,0,0,1,0
40643,-1,0,2.4866464,0.9232003,1,1,unassigned,34.0,34.0,0.0,1.0,0.0,0.0,0.061895553,0.0,0,0,0,1,1
40644,-1,1,1.8014903,0.8583302,1,1,unassigned,2.0,1.0,1.0,0.5,0.5,0.5,0.0,0.0,1,0,0,1,0
40645,-1,1,1.9550889,0.8760005,1,1,unassigned,2.0,2.0,0.0,1.0,0.0,0.0,0.0,0.0,1,0,0,1,0
40646,-1,1,5.541466,0.9960945,1,1,unassigned,14.0,14.0,0.0,1.0,0.0,0.0,0.023210831,0.0,1,0,0,1,1
40647,1,1,1.7180202,0.8478736,1,0,val,4.0,4.0,0.0,1.0,0.0,0.0,0.003868472,0.0,1,0,1,1,0
40648,1,0,2.0577805,0.88673145,1,0,unassigned,13.0,13.0,0.0,1.0,0.0,0.0,0.021276595,0.0,0,0,1,1,0
40649,-1,0,-0.024050772,0.4939876,0,1,unassigned,15.0,15.0,0.0,1.0,0.0,0.0,0.025145067,0.0,0,0,0,0,0
40650,-1,1,5.478268,0.99584085,1,1,unassigned,17.0,14.0,3.0,0.8235294,0.1764706,0.17647058,0.029013539,0.005120036,1,0,0,1,1
40651,-1,0,-0.0025398731,0.499365,0,1,unassigned,2.0,2.0,0.0,1.0,0.0,0.0,0.0,0.0,0,0,0,0,0
40652,1,0,2.6519315,0.9341299,1,0,unassigned,10.0,9.0,1.0,0.9,0.1,0.100000024,0.015473888,0.0015473888,0,0,1,1,1
40653,-1,0,-0.30382076,0.42462373,0,1,unassigned,27.0,19.0,8.0,0.7037037,0.2962963,0.2962963,0.0483559,0.014327674,0,0,0,0,0
40654,-1,0,1.2843723,0.7831932,1,1,unassigned,4.0,4.0,0.0,1.0,0.0,0.0,0.003868472,0.0,0,0,0,1,0
40655,-1,0,-0.6542084,0.3420418,0,1,unassigned,24.0,23.0,1.0,0.9583333,0.041666668,0.041666687,0.04255319,0.0017730496,0,0,0,0,0
40656,-1,0,-0.7533411,0.32009372,0,1,unassigned,57.0,57.0,0.0,1.0,0.0,0.0,0.10638298,0.0,0,0,0,0,0
40657,-1,0,0.52322465,0.6279015,1,1,unassigned,38.0,38.0,0.0,1.0,0.0,0.0,0.06963249,0.0,0,0,0,1,0
40658,-1,0,2.870969,0.9463926,1,1,unassigned,23.0,20.0,3.0,0.8695652,0.13043478,0.13043481,0.040618956,0.0052981246,0,0,0,1,1
40659,-1,0,-0.1715551,0.4572161,0,1,unassigned,12.0,11.0,1.0,0.9166667,0.083333336,0.08333331,0.01934236,0.0016118633,0,0,0,0,0
40660,-1,0,-0.42803776,0.394595,0,1,unassigned,32.0,30.0,2.0,0.9375,0.0625,0.0625,0.058027077,0.0036266923,0,0,0,0,0
40661,-1,0,3.7831957,0.97775614,1,1,unassigned,6.0,6.0,0.0,1.0,0.0,0.0,0.007736944,0.0,0,0,0,1,1
40662,-1,1,0.32207966,0.579831,1,1,unassigned,6.0,6.0,0.0,1.0,0.0,0.0,0.007736944,0.0,1,0,0,1,0
40663,-1,1,-0.6106702,0.35190633,0,1,unassigned,8.0,8.0,0.0,1.0,0.0,0.0,0.0116054155,0.0,1,0,0,0,0
40664,-1,0,-0.3861298,0.4046493,0,1,unassigned,9.0,8.0,1.0,0.8888889,0.11111111,0.111111104,0.013539651,0.0015044058,0,0,0,0,0
40665,-1,0,-0.5465758,0.3666592,0,1,unassigned,12.0,12.0,0.0,1.0,0.0,0.0,0.01934236,0.0,0,0,0,0,0
40666,-1,0,3.2053506,0.9610352,1,1,unassigned,6.0,6.0,0.0,1.0,0.0,0.0,0.007736944,0.0,0,0,0,1,1
40667,-1,1,2.606568,0.9312831,1,1,unassigned,5.0,5.0,0.0,1.0,0.0,0.0,0.0058027077,0.0,1,0,0,1,1
40668,1,0,-0.69189084,0.33361256,0,1,test,20.0,19.0,1.0,0.95,0.05,0.050000012,0.034816246,0.0017408123,0,0,0,0,0
40669,-1,1,4.3462605,0.9872105,1,1,unassigned,2.0,1.0,1.0,0.5,0.5,0.5,0.0,0.0,1,0,0,1,1
40670,-1,1,5.2382793,0.9947187,1,1,unassigned,3.0,2.0,1.0,0.6666667,0.33333334,0.3333333,0.001934236,0.00064474536,1,0,0,1,1
40671,-1,0,2.2167845,0.90174663,1,1,unassigned,3.0,3.0,0.0,1.0,0.0,0.0,0.001934236,0.0,0,0,0,1,1
40672,-1,0,3.1818151,0.9601442,1,1,unassigned,2.0,2.0,0.0,1.0,0.0,0.0,0.0,0.0,0,0,0,1,1
40673,0,0,0.07719535,0.51928926,1,1,test,54.0,54.0,0.0,1.0,0.0,0.0,0.10058027,0.0,0,0,0,1,0
40674,1,0,-0.5391152,0.36839342,0,1,test,2.0,2.0,0.0,1.0,0.0,0.0,0.0,0.0,0,0,0,0,0
40675,-1,0,1.9685762,0.8774581,1,1,unassigned,2.0,2.0,0.0,1.0,0.0,0.0,0.0,0.0,0,0,0,1,0
40676,-1,0,2.6291077,0.93271154,1,1,unassigned,20.0,20.0,0.0,1.0,0.0,0.0,0.034816246,0.0,0,0,0,1,1
40677,0,0,0.19368726,0.548271,1,1,test,3.0,2.0,1.0,0.6666667,0.33333334,0.3333333,0.001934236,0.00064474536,0,0,0,1,0
40678,1,0,0.99806434,0.7306778,1,0,test,3.0,2.0,1.0,0.6666667,0.33333334,0.3333333,0.001934236,0.00064474536,0,0,1,1,0
40679,-1,1,3.368447,0.9667037,1,1,unassigned,3.0,3.0,0.0,1.0,0.0,0.0,0.001934236,0.0,1,0,0,1,1
40680,-1,0,3.309954,0.9647687,1,1,unassigned,11.0,9.0,2.0,0.8181818,0.18181819,0.18181819,0.017408123,0.0031651135,0,0,0,1,1
40681,-1,0,3.4193733,0.9683045,1,1,unassigned,5.0,5.0,0.0,1.0,0.0,0.0,0.0058027077,0.0,0,0,0,1,1
40682,-1,0,2.9811862,0.9517169,1,1,unassigned,9.0,9.0,0.0,1.0,0.0,0.0,0.013539651,0.0,0,0,0,1,1
40683,-1,1,2.6313188,0.93285024,1,1,unassigned,3.0,2.0,1.0,0.6666667,0.33333334,0.3333333,0.001934236,0.00064474536,1,0,0,1,1
40684,-1,0,0.46741503,0.6147717,1,1,unassigned,2.0,2.0,0.0,1.0,0.0,0.0,0.0,0.0,0,0,0,1,0
40685,-1,1,6.1814284,0.99793684,1,1,unassigned,9.0,5.0,4.0,0.5555556,0.44444445,0.44444442,0.013539651,0.006017623,1,0,0,1,1
40686,-1,1,3.7668831,0.97739863,1,1,unassigned,3.0,2.0,1.0,0.6666667,0.33333334,0.3333333,0.001934236,0.00064474536,1,0,0,1,1
40687,-1,0,3.5135596,0.9710712,1,1,unassigned,2.0,2.0,0.0,1.0,0.0,0.0,0.0,0.0,0,0,0,1,1
40688,-1,0,2.4825823,0.92291176,1,1,unassigned,4.0,4.0,0.0,1.0,0.0,0.0,0.003868472,0.0,0,0,0,1,1
40689,-1,0,-0.75876427,0.31891462,0,1,unassigned,2.0,2.0,0.0,1.0,0.0,0.0,0.0,0.0,0,0,0,0,0
40690,-1,0,2.0056763,0.88139176,1,1,unassigned,3.0,3.0,0.0,1.0,0.0,0.0,0.001934236,0.0,0,0,0,1,0
40691,-1,0,5.270306,0.9948842,1,1,unassigned,10.0,7.0,3.0,0.7,0.3,0.3,0.015473888,0.0046421667,0,0,0,1,1
40692,-1,0,-0.03949696,0.490127,0,1,unassigned,8.0,7.0,1.0,0.875,0.125,0.125,0.0116054155,0.0014506769,0,0,0,0,0
40693,-1,0,-0.14689595,0.46334192,0,1,unassigned,3.0,3.0,0.0,1.0,0.0,0.0,0.001934236,0.0,0,0,0,0,0
40694,-1,0,4.9501157,0.99296725,1,1,unassigned,3.0,3.0,0.0,1.0,0.0,0.0,0.001934236,0.0,0,0,0,1,1
40695,0,0,-0.21525365,0.4463934,0,0,unassigned,24.0,23.0,1.0,0.9583333,0.041666668,0.041666687,0.04255319,0.0017730496,0,0,1,0,0
40696,1,0,0.3921731,0.5968057,1,0,train,4.0,4.0,0.0,1.0,0.0,0.0,0.003868472,0.0,0,0,1,1,0
40697,-1,1,4.8826547,0.99248016,1,1,unassigned,12.0,5.0,7.0,0.41666666,0.5833333,0.5833334,0.01934236,0.011283043,1,0,0,1,1
40698,-1,0,8.083355,0.9996915,1,1,unassigned,12.0,12.0,0.0,1.0,0.0,0.0,0.01934236,0.0,0,0,0,1,1
40699,-1,1,5.916902,0.9973137,1,1,unassigned,3.0,2.0,1.0,0.6666667,0.33333334,0.3333333,0.001934236,0.00064474536,1,0,0,1,1
40700,-1,0,3.6016123,0.9734447,1,1,unassigned,2.0,2.0,0.0,1.0,0.0,0.0,0.0,0.0,0,0,0,1,1
40701,-1,1,-0.03246963,0.49188334,0,1,unassigned,29.0,27.0,2.0,0.9310345,0.06896552,0.068965495,0.05222437,0.0036016807,1,0,0,0,0
40702,-1,1,0.33746135,0.5835737,1,1,unassigned,6.0,6.0,0.0,1.0,0.0,0.0,0.007736944,0.0,1,0,0,1,0
40703,-1,0,1.9121692,0.8712626,1,1,unassigned,2.0,2.0,0.0,1.0,0.0,0.0,0.0,0.0,0,0,0,1,0
40704,-1,0,5.783188,0.99693054,1,1,unassigned,7.0,7.0,0.0,1.0,0.0,0.0,0.00967118,0.0,0,0,0,1,1
40705,-1,0,-0.5939513,0.35572878,0,1,unassigned,65.0,64.0,1.0,0.9846154,0.015384615,0.0153846145,0.12185687,0.001874721,0,0,0,0,0
40706,-1,0,3.695645,0.97577024,1,1,unassigned,12.0,12.0,0.0,1.0,0.0,0.0,0.01934236,0.0,0,0,0,1,1
40707,-1,0,3.519848,0.97124726,1,1,unassigned,2.0,2.0,0.0,1.0,0.0,0.0,0.0,0.0,0,0,0,1,1
40708,0,1,-0.17654243,0.45597863,0,0,unassigned,27.0,27.0,0.0,1.0,0.0,0.0,0.0483559,0.0,1,0,1,0,0
40709,-1,0,0.566737,0.6380099,1,1,unassigned,48.0,47.0,1.0,0.9791667,0.020833334,0.020833313,0.088974856,0.0018536429,0,0,0,1,0
40710,-1,1,-0.15973139,0.46015185,0,1,unassigned,18.0,18.0,0.0,1.0,0.0,0.0,0.030947777,0.0,1,0,0,0,0
40711,-1,0,4.5480647,0.98952323,1,1,unassigned,4.0,4.0,0.0,1.0,0.0,0.0,0.003868472,0.0,0,0,0,1,1
40712,-1,0,3.6539829,0.9747654,1,1,unassigned,2.0,2.0,0.0,1.0,0.0,0.0,0.0,0.0,0,0,0,1,1
40713,-1,0,4.3938785,0.98779804,1,1,unassigned,4.0,4.0,0.0,1.0,0.0,0.0,0.003868472,0.0,0,0,0,1,1
40714,-1,0,6.510591,0.9985146,1,1,unassigned,7.0,6.0,1.0,0.85714287,0.14285715,0.14285713,0.00967118,0.0013815971,0,0,0,1,1
40715,-1,0,-0.6251941,0.34860107,0,1,unassigned,41.0,41.0,0.0,1.0,0.0,0.0,0.07543521,0.0,0,0,0,0,0
40716,-1,1,3.2676404,0.9633019,1,1,unassigned,7.0,4.0,3.0,0.5714286,0.42857143,0.4285714,0.00967118,0.0041447915,1,0,0,1,1
40717,-1,0,2.4064863,0.9173206,1,1,unassigned,3.0,3.0,0.0,1.0,0.0,0.0,0.001934236,0.0,0,0,0,1,1
40718,-1,1,2.2685924,0.90624225,1,1,unassigned,6.0,4.0,2.0,0.6666667,0.33333334,0.3333333,0.007736944,0.0025789815,1,0,0,1,1
40719,-1,0,4.494743,0.9889558,1,1,unassigned,11.0,8.0,3.0,0.72727275,0.27272728,0.27272725,0.017408123,0.00474767,0,0,0,1,1
40720,-1,0,2.0435264,0.8852919,1,1,unassigned,7.0,7.0,0.0,1.0,0.0,0.0,0.00967118,0.0,0,0,0,1,0
40721,-1,0,4.8060718,0.99188644,1,1,unassigned,4.0,4.0,0.0,1.0,0.0,0.0,0.003868472,0.0,0,0,0,1,1
40722,0,0,0.11654639,0.52910364,1,1,test,2.0,2.0,0.0,1.0,0.0,0.0,0.0,0.0,0,0,0,1,0
40723,-1,0,-0.46247315,0.3863993,0,1,unassigned,4.0,4.0,0.0,1.0,0.0,0.0,0.003868472,0.0,0,0,0,0,0
40724,-1,0,4.842733,0.99217623,1,1,unassigned,2.0,2.0,0.0,1.0,0.0,0.0,0.0,0.0,0,0,0,1,1
40725,-1,0,6.359656,0.998273,1,1,unassigned,3.0,3.0,0.0,1.0,0.0,0.0,0.001934236,0.0,0,0,0,1,1
40726,-1,0,3.487254,0.97032297,1,1,unassigned,9.0,9.0,0.0,1.0,0.0,0.0,0.013539651,0.0,0,0,0,1,1
40727,-1,0,-0.58976614,0.35668853,0,1,unassigned,97.0,97.0,0.0,1.0,0.0,0.0,0.18375242,0.0,0,0,0,0,0
40728,-1,0,-0.6669919,0.33917072,0,1,unassigned,24.0,23.0,1.0,0.9583333,0.041666668,0.041666687,0.04255319,0.0017730496,0,0,0,0,0
40729,-1,0,-0.36396083,0.41000107,0,1,unassigned,28.0,27.0,1.0,0.96428573,0.035714287,0.03571427,0.050290134,0.0017960763,0,0,0,0,0
40730,-1,0,1.0935555,0.7490507,1,1,unassigned,3.0,2.0,1.0,0.6666667,0.33333334,0.3333333,0.001934236,0.00064474536,0,0,0,1,0
40731,1,0,-0.249585,0.43792567,0,1,unassigned,2.0,2.0,0.0,1.0,0.0,0.0,0.0,0.0,0,0,0,0,0
40732,1,1,4.44019,0.9883437,1,0,val,17.0,17.0,0.0,1.0,0.0,0.0,0.029013539,0.0,1,0,1,1,1
40733,-1,0,-0.5531673,0.3651299,0,1,unassigned,98.0,97.0,1.0,0.9897959,0.010204081,0.010204077,0.18568665,0.0018947617,0,0,0,0,0
40734,-1,1,2.6987052,0.9369502,1,1,unassigned,6.0,6.0,0.0,1.0,0.0,0.0,0.007736944,0.0,1,0,0,1,1
40735,-1,0,2.3119533,0.90986216,1,1,unassigned,6.0,5.0,1.0,0.8333333,0.16666667,0.16666669,0.007736944,0.0012894907,0,0,0,1,1
40736,-1,0,0.72456056,0.67361045,1,1,unassigned,3.0,3.0,0.0,1.0,0.0,0.0,0.001934236,0.0,0,0,0,1,0
40737,-1,0,5.686938,0.9966215,1,1,unassigned,5.0,5.0,0.0,1.0,0.0,0.0,0.0058027077,0.0,0,0,0,1,1
40738,-1,1,2.0093858,0.881779,1,1,unassigned,8.0,7.0,1.0,0.875,0.125,0.125,0.0116054155,0.0014506769,1,0,0,1,0
40739,-1,0,2.317743,0.9103359,1,1,unassigned,2.0,1.0,1.0,0.5,0.5,0.5,0.0,0.0,0,0,0,1,1
40740,-1,0,4.3335404,0.9870489,1,1,unassigned,2.0,2.0,0.0,1.0,0.0,0.0,0.0,0.0,0,0,0,1,1
40741,-1,0,2.5406263,0.9269413,1,1,unassigned,7.0,5.0,2.0,0.71428573,0.2857143,0.28571427,0.00967118,0.0027631943,0,0,0,1,1
40742,0,1,-0.63273436,0.3468908,0,0,test,95.0,85.0,10.0,0.8947368,0.10526316,0.10526317,0.17988394,0.018935151,1,0,1,0,0
40743,1,0,-0.17136121,0.4572642,0,1,test,37.0,34.0,3.0,0.9189189,0.08108108,0.08108109,0.06769826,0.005489048,0,0,0,0,0
40744,-1,0,2.0461915,0.88556224,1,1,unassigned,2.0,2.0,0.0,1.0,0.0,0.0,0.0,0.0,0,0,0,1,0
40745,-1,0,2.9866521,0.9519675,1,1,unassigned,8.0,7.0,1.0,0.875,0.125,0.125,0.0116054155,0.0014506769,0,0,0,1,1
40746,-1,0,2.7876265,0.9420035,1,1,unassigned,3.0,3.0,0.0,1.0,0.0,0.0,0.001934236,0.0,0,0,0,1,1
40747,-1,0,4.320662,0.9868832,1,1,unassigned,26.0,26.0,0.0,1.0,0.0,0.0,0.046421662,0.0,0,0,0,1,1
40748,-1,0,2.0499575,0.88594335,1,1,unassigned,2.0,2.0,0.0,1.0,0.0,0.0,0.0,0.0,0,0,0,1,0
40749,-1,0,2.6617825,0.9347335,1,1,unassigned,5.0,2.0,3.0,0.4,0.6,0.6,0.0058027077,0.0034816249,0,0,0,1,1
40750,1,0,0.2184456,0.55439526,1,0,val,8.0,8.0,0.0,1.0,0.0,0.0,0.0116054155,0.0,0,0,1,1,0
40751,1,1,4.5368037,0.9894058,1,0,unassigned,10.0,8.0,2.0,0.8,0.2,0.19999999,0.015473888,0.0030947777,1,0,1,1,1
40752,-1,0,-0.528673,0.37082645,0,1,unassigned,15.0,15.0,0.0,1.0,0.0,0.0,0.025145067,0.0,0,0,0,0,0
40753,-1,0,-0.047735333,0.48806843,0,1,unassigned,69.0,69.0,0.0,1.0,0.0,0.0,0.1295938,0.0,0,0,0,0,0
40754,-1,0,1.1705849,0.76325077,1,1,unassigned,15.0,14.0,1.0,0.93333334,0.06666667,0.06666666,0.025145067,0.0016763379,0,0,0,1,0
40755,-1,0,11.063721,0.9999844,1,1,unassigned,10.0,10.0,0.0,1.0,0.0,0.0,0.015473888,0.0,0,0,0,1,1
40756,1,1,3.621514,0.97395444,1,0,unassigned,2.0,2.0,0.0,1.0,0.0,0.0,0.0,0.0,1,0,1,1,1
40757,-1,1,0.57936937,0.64092225,1,1,unassigned,12.0,12.0,0.0,1.0,0.0,0.0,0.01934236,0.0,1,0,0,1,0
40758,-1,1,0.31407124,0.57787865,1,1,unassigned,18.0,18.0,0.0,1.0,0.0,0.0,0.030947777,0.0,1,0,0,1,0
40759,-1,1,2.4142148,0.9179049,1,1,unassigned,5.0,4.0,1.0,0.8,0.2,0.19999999,0.0058027077,0.0011605415,1,0,0,1,1
40760,-1,0,-0.2500586,0.4378091,0,1,unassigned,2.0,2.0,0.0,1.0,0.0,0.0,0.0,0.0,0,0,0,0,0
40761,1,0,0.01915747,0.50478923,1,0,train,18.0,18.0,0.0,1.0,0.0,0.0,0.030947777,0.0,0,0,1,1,0
40762,-1,1,1.1485488,0.75924575,1,1,unassigned,3.0,3.0,0.0,1.0,0.0,0.0,0.001934236,0.0,1,0,0,1,0
40763,-1,1,-0.9104487,0.28690803,0,1,unassigned,18.0,18.0,0.0,1.0,0.0,0.0,0.030947777,0.0,1,0,0,0,0
40764,-1,0,-0.6589552,0.34097433,0,1,unassigned,23.0,23.0,0.0,1.0,0.0,0.0,0.040618956,0.0,0,0,0,0,0
40765,-1,0,0.17128235,0.5427162,1,1,unassigned,6.0,6.0,0.0,1.0,0.0,0.0,0.007736944,0.0,0,0,0,1,0
40766,-1,0,-0.48653182,0.38071087,0,1,unassigned,53.0,53.0,0.0,1.0,0.0,0.0,0.09864604,0.0,0,0,0,0,0
40767,-1,1,-0.62195903,0.34933606,0,1,unassigned,29.0,26.0,3.0,0.8965517,0.10344828,0.10344827,0.05222437,0.005402521,1,0,0,0,0
40768,-1,1,-0.73252356,0.3246412,0,1,unassigned,18.0,18.0,0.0,1.0,0.0,0.0,0.030947777,0.0,1,0,0,0,0
40769,-1,1,2.8234475,0.9439298,1,1,unassigned,5.0,5.0,0.0,1.0,0.0,0.0,0.0058027077,0.0,1,0,0,1,1
40770,-1,1,-0.6215713,0.34942418,0,1,unassigned,31.0,30.0,1.0,0.9677419,0.032258064,0.032258093,0.056092843,0.0018094465,1,0,0,0,0
40771,-1,0,-0.6969397,0.3324911,0,1,unassigned,3.0,3.0,0.0,1.0,0.0,0.0,0.001934236,0.0,0,0,0,0,0
40772,-1,1,1.1658206,0.76238877,1,1,unassigned,2.0,2.0,0.0,1.0,0.0,0.0,0.0,0.0,1,0,0,1,0
40773,-1,0,8.653824,0.99982566,1,1,unassigned,2.0,1.0,1.0,0.5,0.5,0.5,0.0,0.0,0,0,0,1,1
40774,-1,0,-0.28638524,0.42888904,0,1,unassigned,8.0,8.0,0.0,1.0,0.0,0.0,0.0116054155,0.0,0,0,0,0,0
40775,-1,0,1.4414833,0.8086843,1,1,unassigned,33.0,33.0,0.0,1.0,0.0,0.0,0.059961315,0.0,0,0,0,1,0
40776,-1,1,3.838671,0.9789313,1,1,unassigned,2.0,2.0,0.0,1.0,0.0,0.0,0.0,0.0,1,0,0,1,1
40777,-1,1,-0.120150685,0.46999836,0,1,unassigned,3.0,3.0,0.0,1.0,0.0,0.0,0.001934236,0.0,1,0,0,0,0
40778,-1,1,-0.03203541,0.49199182,0,1,unassigned,2.0,2.0,0.0,1.0,0.0,0.0,0.0,0.0,1,0,0,0,0
40779,0,1,-0.13568625,0.46613044,0,0,unassigned,18.0,14.0,4.0,0.7777778,0.22222222,0.22222221,0.030947777,0.0068772836,1,0,1,0,0
40780,-1,0,4.9099255,0.99268085,1,1,unassigned,2.0,2.0,0.0,1.0,0.0,0.0,0.0,0.0,0,0,0,1,1
40781,-1,0,0.09601873,0.5239862,1,1,unassigned,4.0,4.0,0.0,1.0,0.0,0.0,0.003868472,0.0,0,0,0,1,0
40782,-1,1,1.1664286,0.76249886,1,1,unassigned,27.0,26.0,1.0,0.962963,0.037037037,0.037037015,0.0483559,0.0017909593,1,0,0,1,0
40783,-1,0,5.495846,0.99591297,1,1,unassigned,3.0,3.0,0.0,1.0,0.0,0.0,0.001934236,0.0,0,0,0,1,1
40784,-1,0,-0.1549561,0.46133828,0,1,unassigned,59.0,59.0,0.0,1.0,0.0,0.0,0.11025145,0.0,0,0,0,0,0
40785,-1,0,-0.39322028,0.40294233,0,1,unassigned,32.0,32.0,0.0,1.0,0.0,0.0,0.058027077,0.0,0,0,0,0,0
40786,-1,1,-0.25242025,0.43722785,0,1,unassigned,8.0,7.0,1.0,0.875,0.125,0.125,0.0116054155,0.0014506769,1,0,0,0,0
40787,-1,0,4.309912,0.98674333,1,1,unassigned,3.0,3.0,0.0,1.0,0.0,0.0,0.001934236,0.0,0,0,0,1,1
40788,-1,0,-0.79348826,0.31142017,0,1,unassigned,13.0,13.0,0.0,1.0,0.0,0.0,0.021276595,0.0,0,0,0,0,0
40789,-1,0,-0.06890291,0.48278108,0,1,unassigned,2.0,2.0,0.0,1.0,0.0,0.0,0.0,0.0,0,0,0,0,0
40790,0,0,-0.5558739,0.3645027,0,0,unassigned,22.0,22.0,0.0,1.0,0.0,0.0,0.03868472,0.0,0,0,1,0,0
40791,-1,0,0.11312044,0.52825,1,1,unassigned,17.0,17.0,0.0,1.0,0.0,0.0,0.029013539,0.0,0,0,0,1,0
40792,-1,0,-0.43581343,0.392739,0,1,unassigned,37.0,37.0,0.0,1.0,0.0,0.0,0.06769826,0.0,0,0,0,0,0
40793,-1,0,-0.0011473894,0.49971318,0,1,unassigned,29.0,29.0,0.0,1.0,0.0,0.0,0.05222437,0.0,0,0,0,0,0
40794,0,0,-0.5971399,0.35499832,0,0,unassigned,7.0,7.0,0.0,1.0,0.0,0.0,0.00967118,0.0,0,0,1,0,0
40795,-1,0,-0.1175974,0.4706345,0,1,unassigned,13.0,13.0,0.0,1.0,0.0,0.0,0.021276595,0.0,0,0,0,0,0
40796,-1,1,-0.51868045,0.37316084,0,1,unassigned,30.0,2.0,28.0,0.06666667,0.93333334,0.93333334,0.054158606,0.050548032,1,1,0,0,0
40797,0,0,-0.628568,0.34783533,0,0,test,36.0,35.0,1.0,0.9722222,0.027777778,0.027777791,0.065764025,0.0018267785,0,0,1,0,0
40798,-1,0,-0.62627685,0.34835523,0,1,unassigned,19.0,18.0,1.0,0.94736844,0.05263158,0.052631557,0.032882012,0.0017306323,0,0,0,0,0
40799,-1,0,4.014769,0.9822728,1,1,unassigned,4.0,4.0,0.0,1.0,0.0,0.0,0.003868472,0.0,0,0,0,1,1
40800,0,0,0.6502448,0.6570656,1,1,test,10.0,10.0,0.0,1.0,0.0,0.0,0.015473888,0.0,0,0,0,1,0
40801,-1,0,4.0654826,0.9831346,1,1,unassigned,4.0,4.0,0.0,1.0,0.0,0.0,0.003868472,0.0,0,0,0,1,1
40802,-1,0,2.6194482,0.93210274,1,1,unassigned,15.0,15.0,0.0,1.0,0.0,0.0,0.025145067,0.0,0,0,0,1,1
40803,-1,0,2.5874078,0.9300468,1,1,unassigned,4.0,4.0,0.0,1.0,0.0,0.0,0.003868472,0.0,0,0,0,1,1
40804,-1,0,-0.3681956,0.40897712,0,1,unassigned,9.0,9.0,0.0,1.0,0.0,0.0,0.013539651,0.0,0,0,0,0,0
40805,-1,0,1.756067,0.85271645,1,1,unassigned,3.0,3.0,0.0,1.0,0.0,0.0,0.001934236,0.0,0,0,0,1,0
40806,0,0,-0.51606387,0.37377313,0,0,unassigned,7.0,7.0,0.0,1.0,0.0,0.0,0.00967118,0.0,0,0,1,0,0
40807,-1,0,-0.7733315,0.31575888,0,1,unassigned,18.0,18.0,0.0,1.0,0.0,0.0,0.030947777,0.0,0,0,0,0,0
40808,-1,0,0.3420676,0.58469266,1,1,unassigned,2.0,2.0,0.0,1.0,0.0,0.0,0.0,0.0,0,0,0,1,0
40809,-1,0,8.229824,0.9997335,1,1,unassigned,2.0,2.0,0.0,1.0,0.0,0.0,0.0,0.0,0,0,0,1,1
40810,-1,1,3.4204023,0.96833616,1,1,unassigned,9.0,8.0,1.0,0.8888889,0.11111111,0.111111104,0.013539651,0.0015044058,1,0,0,1,1
40811,-1,1,-0.33189416,0.41777983,0,1,unassigned,8.0,8.0,0.0,1.0,0.0,0.0,0.0116054155,0.0,1,0,0,0,0
40812,-1,1,1.4601302,0.81155264,1,1,unassigned,5.0,5.0,0.0,1.0,0.0,0.0,0.0058027077,0.0,1,0,0,1,0
40813,0,1,-0.17968723,0.45519868,0,0,test,29.0,29.0,0.0,1.0,0.0,0.0,0.05222437,0.0,1,0,1,0,0
40814,-1,0,-0.024015307,0.49399644,0,1,unassigned,5.0,5.0,0.0,1.0,0.0,0.0,0.0058027077,0.0,0,0,0,0,0
40815,-1,0,3.3075702,0.9646876,1,1,unassigned,14.0,14.0,0.0,1.0,0.0,0.0,0.023210831,0.0,0,0,0,1,1
40816,-1,0,-0.35611963,0.41189924,0,1,unassigned,17.0,17.0,0.0,1.0,0.0,0.0,0.029013539,0.0,0,0,0,0,0
40817,-1,1,-0.57773536,0.35945386,0,1,unassigned,88.0,87.0,1.0,0.9886364,0.011363637,0.0113636255,0.1663443,0.0018902762,1,0,0,0,0
40818,-1,1,0.35186708,0.5870702,1,1,unassigned,4.0,4.0,0.0,1.0,0.0,0.0,0.003868472,0.0,1,0,0,1,0
40819,0,0,-0.36426598,0.40992725,0,0,val,17.0,17.0,0.0,1.0,0.0,0.0,0.029013539,0.0,0,0,1,0,0
40820,-1,1,2.3264544,0.9110444,1,1,unassigned,3.0,3.0,0.0,1.0,0.0,0.0,0.001934236,0.0,1,0,0,1,1
40821,-1,0,-0.6584307,0.34109223,0,1,unassigned,7.0,7.0,0.0,1.0,0.0,0.0,0.00967118,0.0,0,0,0,0,0
40822,-1,0,-0.7733881,0.31574667,0,1,unassigned,5.0,5.0,0.0,1.0,0.0,0.0,0.0058027077,0.0,0,0,0,0,0
40823,0,0,-0.40880033,0.39919984,0,0,unassigned,11.0,11.0,0.0,1.0,0.0,0.0,0.017408123,0.0,0,0,1,0,0
40824,-1,0,10.288944,0.999966,1,1,unassigned,25.0,24.0,1.0,0.96,0.04,0.04000002,0.044487428,0.001779497,0,0,0,1,1
40825,1,0,-0.30843252,0.4234974,0,1,unassigned,34.0,34.0,0.0,1.0,0.0,0.0,0.061895553,0.0,0,0,0,0,0
40826,-1,1,0.15845287,0.5395306,1,1,unassigned,26.0,22.0,4.0,0.84615386,0.15384616,0.15384614,0.046421662,0.0071417945,1,0,0,1,0
40827,0,1,0.9297063,0.7170157,1,1,val,2.0,2.0,0.0,1.0,0.0,0.0,0.0,0.0,1,0,0,1,0
40828,1,1,5.437157,0.995667,1,0,val,7.0,6.0,1.0,0.85714287,0.14285715,0.14285713,0.00967118,0.0013815971,1,0,1,1,1
40829,-1,0,0.12591606,0.5314375,1,1,unassigned,4.0,4.0,0.0,1.0,0.0,0.0,0.003868472,0.0,0,0,0,1,0
40830,-1,0,4.464466,0.98862016,1,1,unassigned,10.0,7.0,3.0,0.7,0.3,0.3,0.015473888,0.0046421667,0,0,0,1,1
40831,1,0,4.1681476,0.9847551,1,0,val,2.0,2.0,0.0,1.0,0.0,0.0,0.0,0.0,0,0,1,1,1
40832,-1,0,8.951085,0.9998704,1,1,unassigned,14.0,13.0,1.0,0.9285714,0.071428575,0.0714286,0.023210831,0.0016579166,0,0,0,1,1
40833,-1,0,2.3852696,0.91569716,1,1,unassigned,2.0,2.0,0.0,1.0,0.0,0.0,0.0,0.0,0,0,0,1,1
40834,-1,1,8.057716,0.9996835,1,1,unassigned,15.0,13.0,2.0,0.8666667,0.13333334,0.13333333,0.025145067,0.0033526758,1,0,0,1,1
40835,-1,0,-0.08927488,0.4776961,0,1,unassigned,29.0,29.0,0.0,1.0,0.0,0.0,0.05222437,0.0,0,0,0,0,0
40836,-1,0,-0.16407365,0.45907336,0,1,unassigned,2.0,2.0,0.0,1.0,0.0,0.0,0.0,0.0,0,0,0,0,0
40837,-1,1,-0.47660077,0.3830551,0,1,unassigned,50.0,46.0,4.0,0.92,0.08,0.07999998,0.092843324,0.0074274656,1,0,0,0,0
40838,-1,0,-0.42048162,0.3964015,0,1,unassigned,11.0,11.0,0.0,1.0,0.0,0.0,0.017408123,0.0,0,0,0,0,0
40839,-1,1,-0.4758887,0.38322344,0,1,unassigned,5.0,5.0,0.0,1.0,0.0,0.0,0.0058027077,0.0,1,0,0,0,0
40840,-1,1,-0.632109,0.3470325,0,1,unassigned,5.0,5.0,0.0,1.0,0.0,0.0,0.0058027077,0.0,1,0,0,0,0
40841,-1,0,2.5284402,0.92611176,1,1,unassigned,3.0,1.0,2.0,0.33333334,0.6666667,0.6666666,0.001934236,0.0012894907,0,0,0,1,1
40842,-1,1,-0.584461,0.3579068,0,1,unassigned,15.0,15.0,0.0,1.0,0.0,0.0,0.025145067,0.0,1,0,0,0,0
40843,-1,0,-0.84469163,0.3005476,0,1,unassigned,73.0,72.0,1.0,0.98630136,0.01369863,0.0136986375,0.13733076,0.0018812432,0,0,0,0,0
40844,-1,0,-0.3944465,0.40264738,0,1,unassigned,8.0,8.0,0.0,1.0,0.0,0.0,0.0116054155,0.0,0,0,0,0,0
40845,-1,1,0.23357612,0.55813,1,1,unassigned,5.0,5.0,0.0,1.0,0.0,0.0,0.0058027077,0.0,1,0,0,1,0
40846,-1,0,0.5937069,0.6442152,1,1,unassigned,4.0,4.0,0.0,1.0,0.0,0.0,0.003868472,0.0,0,0,0,1,0
40847,-1,0,2.1008549,0.89098626,1,1,unassigned,2.0,2.0,0.0,1.0,0.0,0.0,0.0,0.0,0,0,0,1,0
40848,-1,0,1.3446584,0.793255,1,1,unassigned,22.0,22.0,0.0,1.0,0.0,0.0,0.03868472,0.0,0,0,0,1,0
40849,-1,1,3.3786833,0.96703166,1,1,unassigned,3.0,3.0,0.0,1.0,0.0,0.0,0.001934236,0.0,1,0,0,1,1
40850,-1,0,1.5578196,0.82604027,1,1,unassigned,3.0,3.0,0.0,1.0,0.0,0.0,0.001934236,0.0,0,0,0,1,0
40851,-1,0,2.7414508,0.9394287,1,1,unassigned,24.0,24.0,0.0,1.0,0.0,0.0,0.04255319,0.0,0,0,0,1,1
40852,-1,0,8.098053,0.999696,1,1,unassigned,2.0,2.0,0.0,1.0,0.0,0.0,0.0,0.0,0,0,0,1,1
40853,-1,0,-0.08748108,0.47814366,0,1,unassigned,6.0,6.0,0.0,1.0,0.0,0.0,0.007736944,0.0,0,0,0,0,0
40854,-1,0,0.14420515,0.5359889,1,1,unassigned,7.0,7.0,0.0,1.0,0.0,0.0,0.00967118,0.0,0,0,0,1,0
40855,-1,0,-0.65189135,0.34256348,0,1,unassigned,31.0,29.0,2.0,0.9354839,0.06451613,0.06451613,0.056092843,0.003618893,0,0,0,0,0
40856,-1,0,0.16494101,0.541142,1,1,unassigned,2.0,2.0,0.0,1.0,0.0,0.0,0.0,0.0,0,0,0,1,0
40857,-1,1,0.7448419,0.67805374,1,1,unassigned,2.0,2.0,0.0,1.0,0.0,0.0,0.0,0.0,1,0,0,1,0
40858,-1,0,3.4199016,0.9683207,1,1,unassigned,19.0,19.0,0.0,1.0,0.0,0.0,0.032882012,0.0,0,0,0,1,1
40859,-1,0,-0.18221924,0.45457083,0,1,unassigned,22.0,20.0,2.0,0.90909094,0.09090909,0.090909064,0.03868472,0.0035167928,0,0,0,0,0
40860,-1,0,0.40967542,0.60101,1,1,unassigned,2.0,2.0,0.0,1.0,0.0,0.0,0.0,0.0,0,0,0,1,0
40861,-1,0,-0.6499918,0.34299138,0,1,unassigned,34.0,34.0,0.0,1.0,0.0,0.0,0.061895553,0.0,0,0,0,0,0
40862,-1,0,-0.6276591,0.3480415,0,1,unassigned,54.0,54.0,0.0,1.0,0.0,0.0,0.10058027,0.0,0,0,0,0,0
40863,-1,0,5.043201,0.9935883,1,1,unassigned,10.0,10.0,0.0,1.0,0.0,0.0,0.015473888,0.0,0,0,0,1,1
40864,-1,0,4.146111,0.9844207,1,1,unassigned,6.0,6.0,0.0,1.0,0.0,0.0,0.007736944,0.0,0,0,0,1,1
40865,-1,1,-0.71375525,0.3287696,0,1,unassigned,16.0,15.0,1.0,0.9375,0.0625,0.0625,0.027079303,0.0016924564,1,0,0,0,0
40866,-1,1,1.5102813,0.8191029,1,1,unassigned,6.0,6.0,0.0,1.0,0.0,0.0,0.007736944,0.0,1,0,0,1,0
40867,-1,1,7.1481695,0.9992143,1,1,unassigned,4.0,4.0,0.0,1.0,0.0,0.0,0.003868472,0.0,1,0,0,1,1
40868,-1,1,5.0332503,0.99352455,1,1,unassigned,2.0,2.0,0.0,1.0,0.0,0.0,0.0,0.0,1,0,0,1,1
40869,-1,0,0.6482783,0.65662235,1,1,unassigned,11.0,11.0,0.0,1.0,0.0,0.0,0.017408123,0.0,0,0,0,1,0
40870,-1,1,0.30703104,0.5761604,1,1,unassigned,9.0,5.0,4.0,0.5555556,0.44444445,0.44444442,0.013539651,0.006017623,1,0,0,1,0
40871,-1,1,0.72968537,0.6747362,1,1,unassigned,3.0,3.0,0.0,1.0,0.0,0.0,0.001934236,0.0,1,0,0,1,0
40872,-1,0,6.2516837,0.99807644,1,1,unassigned,2.0,2.0,0.0,1.0,0.0,0.0,0.0,0.0,0,0,0,1,1
40873,-1,0,-0.21743572,0.44585422,0,1,unassigned,3.0,3.0,0.0,1.0,0.0,0.0,0.001934236,0.0,0,0,0,0,0
40874,-1,0,1.2789109,0.7822643,1,1,unassigned,4.0,4.0,0.0,1.0,0.0,0.0,0.003868472,0.0,0,0,0,1,0
40875,-1,0,-0.2767279,0.43125615,0,1,unassigned,25.0,25.0,0.0,1.0,0.0,0.0,0.044487428,0.0,0,0,0,0,0
40876,0,0,-0.61782265,0.3502768,0,0,test,37.0,37.0,0.0,1.0,0.0,0.0,0.06769826,0.0,0,0,1,0,0
40877,-1,0,1.6611457,0.84039176,1,1,unassigned,9.0,9.0,0.0,1.0,0.0,0.0,0.013539651,0.0,0,0,0,1,0
40878,-1,0,5.7316527,0.99676883,1,1,unassigned,19.0,19.0,0.0,1.0,0.0,0.0,0.032882012,0.0,0,0,0,1,1
40879,-1,0,-0.1173982,0.47068414,0,1,unassigned,5.0,5.0,0.0,1.0,0.0,0.0,0.0058027077,0.0,0,0,0,0,0
40880,-1,1,8.993939,0.9998758,1,1,unassigned,5.0,5.0,0.0,1.0,0.0,0.0,0.0058027077,0.0,1,0,0,1,1
40881,-1,0,0.03878832,0.5096958,1,1,unassigned,4.0,4.0,0.0,1.0,0.0,0.0,0.003868472,0.0,0,0,0,1,0
40882,-1,0,-0.07900974,0.48025784,0,1,unassigned,16.0,16.0,0.0,1.0,0.0,0.0,0.027079303,0.0,0,0,0,0,0
40883,-1,0,2.4650376,0.92165416,1,1,unassigned,2.0,2.0,0.0,1.0,0.0,0.0,0.0,0.0,0,0,0,1,1
40884,-1,0,5.9027114,0.9972754,1,1,unassigned,2.0,2.0,0.0,1.0,0.0,0.0,0.0,0.0,0,0,0,1,1
40885,-1,0,-0.15074128,0.46238586,0,1,unassigned,18.0,18.0,0.0,1.0,0.0,0.0,0.030947777,0.0,0,0,0,0,0
40886,-1,0,1.350759,0.7942537,1,1,unassigned,2.0,2.0,0.0,1.0,0.0,0.0,0.0,0.0,0,0,0,1,0
40887,-1,0,-0.55196285,0.3654091,0,1,unassigned,83.0,82.0,1.0,0.9879518,0.012048192,0.012048185,0.15667312,0.0018876279,0,0,0,0,0
40888,-1,0,0.09941059,0.5248322,1,1,unassigned,8.0,8.0,0.0,1.0,0.0,0.0,0.0116054155,0.0,0,0,0,1,0
40889,-1,0,1.0842929,0.7473055,1,1,unassigned,2.0,2.0,0.0,1.0,0.0,0.0,0.0,0.0,0,0,0,1,0
40890,-1,0,0.8247147,0.69523627,1,1,unassigned,10.0,10.0,0.0,1.0,0.0,0.0,0.015473888,0.0,0,0,0,1,0
40891,-1,0,-0.22898906,0.4430016,0,1,unassigned,11.0,10.0,1.0,0.90909094,0.09090909,0.090909064,0.017408123,0.0015825568,0,0,0,0,0
40892,-1,0,-0.23656365,0.44113338,0,1,unassigned,25.0,23.0,2.0,0.92,0.08,0.07999998,0.044487428,0.003558994,0,0,0,0,0
40893,-1,1,-0.67202055,0.33804455,0,1,unassigned,3.0,3.0,0.0,1.0,0.0,0.0,0.001934236,0.0,1,0,0,0,0
40894,1,0,-0.18286437,0.45441085,0,1,val,32.0,32.0,0.0,1.0,0.0,0.0,0.058027077,0.0,0,0,0,0,0
40895,-1,0,2.8625703,0.9459648,1,1,unassigned,14.0,14.0,0.0,1.0,0.0,0.0,0.023210831,0.0,0,0,0,1,1
40896,1,0,-0.33198813,0.41775694,0,1,unassigned,27.0,27.0,0.0,1.0,0.0,0.0,0.0483559,0.0,0,0,0,0,0
40897,0,0,-0.2284078,0.44314504,0,0,unassigned,5.0,5.0,0.0,1.0,0.0,0.0,0.0058027077,0.0,0,0,1,0,0
40898,-1,0,-0.7120979,0.32913545,0,1,unassigned,48.0,33.0,15.0,0.6875,0.3125,0.3125,0.088974856,0.027804643,0,0,0,0,0
40899,-1,0,1.5411136,0.8236265,1,1,unassigned,5.0,5.0,0.0,1.0,0.0,0.0,0.0058027077,0.0,0,0,0,1,0
40900,-1,0,-0.831094,0.3034138,0,1,unassigned,2.0,2.0,0.0,1.0,0.0,0.0,0.0,0.0,0,0,0,0,0
40901,-1,0,-0.74436724,0.3220499,0,1,unassigned,13.0,13.0,0.0,1.0,0.0,0.0,0.021276595,0.0,0,0,0,0,0
40902,-1,0,-0.17591316,0.4561348,0,1,unassigned,16.0,15.0,1.0,0.9375,0.0625,0.0625,0.027079303,0.0016924564,0,0,0,0,0
40903,-1,0,-0.52468556,0.37175724,0,1,unassigned,37.0,37.0,0.0,1.0,0.0,0.0,0.06769826,0.0,0,0,0,0,0
40904,-1,1,-0.40569788,0.39994416,0,1,unassigned,10.0,10.0,0.0,1.0,0.0,0.0,0.015473888,0.0,1,0,0,0,0
40905,0,1,1.4142175,0.8044303,1,1,val,47.0,45.0,2.0,0.9574468,0.04255319,0.042553186,0.08704062,0.003703856,1,0,0,1,0
40906,-1,0,1.9232252,0.8724977,1,1,unassigned,2.0,1.0,1.0,0.5,0.5,0.5,0.0,0.0,0,0,0,1,0
40907,-1,0,9.660015,0.9999362,1,1,unassigned,5.0,5.0,0.0,1.0,0.0,0.0,0.0058027077,0.0,0,0,0,1,1
40908,-1,0,-0.5782455,0.3593364,0,1,unassigned,76.0,75.0,1.0,0.9868421,0.013157895,0.013157904,0.14313346,0.0018833351,0,0,0,0,0
40909,-1,0,-0.1988551,0.45044944,0,1,unassigned,18.0,18.0,0.0,1.0,0.0,0.0,0.030947777,0.0,0,0,0,0,0
40910,1,0,1.8098886,0.8593484,1,0,unassigned,5.0,5.0,0.0,1.0,0.0,0.0,0.0058027077,0.0,0,0,1,1,0
40911,-1,0,2.5806787,0.9296077,1,1,unassigned,44.0,40.0,4.0,0.90909094,0.09090909,0.090909064,0.08123791,0.007385265,0,0,0,1,1
40912,-1,1,2.9134562,0.9485076,1,1,unassigned,35.0,34.0,1.0,0.9714286,0.028571429,0.028571427,0.06382979,0.0018237082,1,0,0,1,1
40913,-1,0,-0.38745767,0.40432945,0,1,unassigned,2.0,2.0,0.0,1.0,0.0,0.0,0.0,0.0,0,0,0,0,0
40914,-1,0,-0.25164855,0.4374178,0,1,unassigned,3.0,1.0,2.0,0.33333334,0.6666667,0.6666666,0.001934236,0.0012894907,0,0,0,0,0
40915,-1,0,-0.93656576,0.28159457,0,1,unassigned,42.0,42.0,0.0,1.0,0.0,0.0,0.07736944,0.0,0,0,0,0,0
40916,-1,1,-0.9295609,0.2830138,0,1,unassigned,45.0,42.0,3.0,0.93333334,0.06666667,0.06666666,0.08317215,0.00554481,1,0,0,0,0
40917,-1,0,-0.3307532,0.41805738,0,1,unassigned,4.0,4.0,0.0,1.0,0.0,0.0,0.003868472,0.0,0,0,0,0,0
40918,-1,0,0.72920924,0.6746317,1,1,unassigned,8.0,8.0,0.0,1.0,0.0,0.0,0.0116054155,0.0,0,0,0,1,0
40919,-1,0,-0.78525674,0.31318805,0,1,unassigned,30.0,30.0,0.0,1.0,0.0,0.0,0.054158606,0.0,0,0,0,0,0
40920,-1,0,-1.5605464,0.17356826,0,1,unassigned,2.0,2.0,0.0,1.0,0.0,0.0,0.0,0.0,0,0,0,0,0
40921,-1,1,0.6372946,0.65414166,1,1,unassigned,6.0,5.0,1.0,0.8333333,0.16666667,0.16666669,0.007736944,0.0012894907,1,0,0,1,0
40922,-1,0,-0.59407437,0.35570055,0,1,unassigned,4.0,4.0,0.0,1.0,0.0,0.0,0.003868472,0.0,0,0,0,0,0
40923,-1,0,2.3476493,0.9127472,1,1,unassigned,15.0,14.0,1.0,0.93333334,0.06666667,0.06666666,0.025145067,0.0016763379,0,0,0,1,1
40924,-1,0,1.7315152,0.8496061,1,1,unassigned,6.0,5.0,1.0,0.8333333,0.16666667,0.16666669,0.007736944,0.0012894907,0,0,0,1,0
40925,-1,0,-0.43280476,0.3934568,0,1,unassigned,8.0,8.0,0.0,1.0,0.0,0.0,0.0116054155,0.0,0,0,0,0,0
40926,-1,0,6.6872034,0.99875474,1,1,unassigned,11.0,8.0,3.0,0.72727275,0.27272728,0.27272725,0.017408123,0.00474767,0,0,0,1,1
40927,1,0,6.563926,0.9985916,1,0,test,7.0,6.0,1.0,0.85714287,0.14285715,0.14285713,0.00967118,0.0013815971,0,0,1,1,1
40928,-1,1,2.878112,0.9467538,1,1,unassigned,4.0,3.0,1.0,0.75,0.25,0.25,0.003868472,0.000967118,1,0,0,1,1
40929,1,1,4.3603253,0.9873869,1,0,unassigned,20.0,18.0,2.0,0.9,0.1,0.100000024,0.034816246,0.0034816246,1,0,1,1,1
40930,-1,0,-0.565509,0.36227375,0,1,unassigned,20.0,20.0,0.0,1.0,0.0,0.0,0.034816246,0.0,0,0,0,0,0
40931,-1,0,0.19644326,0.5489535,1,1,unassigned,2.0,2.0,0.0,1.0,0.0,0.0,0.0,0.0,0,0,0,1,0
40932,-1,1,4.160987,0.98464715,1,1,unassigned,6.0,6.0,0.0,1.0,0.0,0.0,0.007736944,0.0,1,0,0,1,1
40933,-1,0,-0.3914958,0.40335727,0,1,unassigned,17.0,17.0,0.0,1.0,0.0,0.0,0.029013539,0.0,0,0,0,0,0
40934,-1,1,1.6048608,0.8326967,1,1,unassigned,33.0,23.0,10.0,0.6969697,0.3030303,0.3030303,0.059961315,0.018170096,1,0,0,1,0
40935,-1,0,0.054652274,0.51365966,1,1,unassigned,13.0,13.0,0.0,1.0,0.0,0.0,0.021276595,0.0,0,0,0,1,0
40936,-1,1,3.6991875,0.9758538,1,1,unassigned,7.0,6.0,1.0,0.85714287,0.14285715,0.14285713,0.00967118,0.0013815971,1,0,0,1,1
40937,-1,0,-0.56050235,0.36343125,0,1,unassigned,11.0,11.0,0.0,1.0,0.0,0.0,0.017408123,0.0,0,0,0,0,0
40938,0,0,-0.55621034,0.36442477,0,0,val,19.0,18.0,1.0,0.94736844,0.05263158,0.052631557,0.032882012,0.0017306323,0,0,1,0,0
40939,-1,0,2.166844,0.8972323,1,1,unassigned,7.0,7.0,0.0,1.0,0.0,0.0,0.00967118,0.0,0,0,0,1,0
40940,-1,0,0.6853822,0.66493887,1,1,unassigned,76.0,76.0,0.0,1.0,0.0,0.0,0.14313346,0.0,0,0,0,1,0
40941,-1,0,1.7286313,0.84923726,1,1,unassigned,6.0,6.0,0.0,1.0,0.0,0.0,0.007736944,0.0,0,0,0,1,0
40942,-1,0,-0.4585346,0.3873335,0,1,unassigned,37.0,36.0,1.0,0.972973,0.027027028,0.02702701,0.06769826,0.0018296828,0,0,0,0,0
40943,-1,0,4.6769996,0.9907789,1,1,unassigned,12.0,12.0,0.0,1.0,0.0,0.0,0.01934236,0.0,0,0,0,1,1
40944,-1,0,-0.22821665,0.44319215,0,1,unassigned,14.0,14.0,0.0,1.0,0.0,0.0,0.023210831,0.0,0,0,0,0,0
40945,-1,1,0.8344318,0.6972912,1,1,unassigned,34.0,31.0,3.0,0.9117647,0.0882353,0.08823532,0.061895553,0.0054613724,1,0,0,1,0
40946,-1,1,1.188766,0.7665203,1,1,unassigned,3.0,3.0,0.0,1.0,0.0,0.0,0.001934236,0.0,1,0,0,1,0
40947,-1,1,-0.5525726,0.36526772,0,1,unassigned,6.0,6.0,0.0,1.0,0.0,0.0,0.007736944,0.0,1,0,0,0,0
40948,-1,0,2.9053376,0.9481097,1,1,unassigned,4.0,3.0,1.0,0.75,0.25,0.25,0.003868472,0.000967118,0,0,0,1,1
40949,-1,1,2.5793445,0.92952037,1,1,unassigned,18.0,14.0,4.0,0.7777778,0.22222222,0.22222221,0.030947777,0.0068772836,1,0,0,1,1
40950,-1,0,1.3919225,0.80089897,1,1,unassigned,4.0,4.0,0.0,1.0,0.0,0.0,0.003868472,0.0,0,0,0,1,0
40951,-1,1,-0.32441753,0.41959953,0,1,unassigned,29.0,27.0,2.0,0.9310345,0.06896552,0.068965495,0.05222437,0.0036016807,1,0,0,0,0
40952,-1,0,0.66412777,0.660187,1,1,unassigned,3.0,3.0,0.0,1.0,0.0,0.0,0.001934236,0.0,0,0,0,1,0
40953,1,0,3.4110615,0.9680484,1,0,unassigned,3.0,3.0,0.0,1.0,0.0,0.0,0.001934236,0.0,0,0,1,1,1
40954,-1,1,4.338942,0.9871178,1,1,unassigned,12.0,9.0,3.0,0.75,0.25,0.25,0.01934236,0.00483559,1,0,0,1,1
40955,-1,1,-0.58677375,0.35737544,0,1,unassigned,13.0,13.0,0.0,1.0,0.0,0.0,0.021276595,0.0,1,0,0,0,0
40956,-1,0,0.029920638,0.5074796,1,1,unassigned,4.0,4.0,0.0,1.0,0.0,0.0,0.003868472,0.0,0,0,0,1,0
40957,-1,0,2.199663,0.9002192,1,1,unassigned,3.0,3.0,0.0,1.0,0.0,0.0,0.001934236,0.0,0,0,0,1,1
40958,-1,1,-0.55986255,0.36357924,0,1,unassigned,32.0,29.0,3.0,0.90625,0.09375,0.09375,0.058027077,0.0054400386,1,0,0,0,0
40959,-1,0,0.65496117,0.6581276,1,1,unassigned,9.0,9.0,0.0,1.0,0.0,0.0,0.013539651,0.0,0,0,0,1,0
40960,-1,0,4.4859095,0.98885894,1,1,unassigned,8.0,8.0,0.0,1.0,0.0,0.0,0.0116054155,0.0,0,0,0,1,1
40961,-1,0,0.006584406,0.5016461,1,1,unassigned,23.0,22.0,1.0,0.95652175,0.04347826,0.04347825,0.040618956,0.0017660416,0,0,0,1,0
40962,-1,0,-0.3241419,0.41966668,0,1,unassigned,2.0,2.0,0.0,1.0,0.0,0.0,0.0,0.0,0,0,0,0,0
40963,0,1,-0.4840654,0.3812926,0,0,train,30.0,28.0,2.0,0.93333334,0.06666667,0.06666666,0.054158606,0.003610574,1,0,1,0,0
40964,-1,1,-0.09580889,0.47606608,0,1,unassigned,29.0,27.0,2.0,0.9310345,0.06896552,0.068965495,0.05222437,0.0036016807,1,0,0,0,0
40965,-1,1,0.27295464,0.56781816,1,1,unassigned,2.0,2.0,0.0,1.0,0.0,0.0,0.0,0.0,1,0,0,1,0
40966,-1,0,0.3924724,0.59687775,1,1,unassigned,29.0,29.0,0.0,1.0,0.0,0.0,0.05222437,0.0,0,0,0,1,0
40967,-1,1,-0.3365717,0.4166425,0,1,unassigned,12.0,12.0,0.0,1.0,0.0,0.0,0.01934236,0.0,1,0,0,0,0
40968,0,0,-0.2642111,0.43432882,0,0,train,40.0,40.0,0.0,1.0,0.0,0.0,0.07350097,0.0,0,0,1,0,0
40969,-1,0,0.23049241,0.55736935,1,1,unassigned,3.0,3.0,0.0,1.0,0.0,0.0,0.001934236,0.0,0,0,0,1,0
40970,-1,0,-0.35480046,0.4122188,0,1,unassigned,12.0,12.0,0.0,1.0,0.0,0.0,0.01934236,0.0,0,0,0,0,0
40971,-1,0,0.025838435,0.50645924,1,1,unassigned,73.0,72.0,1.0,0.98630136,0.01369863,0.0136986375,0.13733076,0.0018812432,0,0,0,1,0
40972,-1,0,0.54539806,0.63306725,1,1,unassigned,2.0,2.0,0.0,1.0,0.0,0.0,0.0,0.0,0,0,0,1,0
40973,-1,1,2.359287,0.9136696,1,1,unassigned,8.0,7.0,1.0,0.875,0.125,0.125,0.0116054155,0.0014506769,1,0,0,1,1
40974,-1,0,-0.60247606,0.3537774,0,1,unassigned,53.0,53.0,0.0,1.0,0.0,0.0,0.09864604,0.0,0,0,0,0,0
40975,-1,1,-0.26782852,0.43344024,0,1,unassigned,4.0,4.0,0.0,1.0,0.0,0.0,0.003868472,0.0,1,0,0,0,0
40976,-1,1,3.5239928,0.97136277,1,1,unassigned,2.0,2.0,0.0,1.0,0.0,0.0,0.0,0.0,1,0,0,1,1
40977,-1,1,-0.06428212,0.48393497,0,1,unassigned,19.0,18.0,1.0,0.94736844,0.05263158,0.052631557,0.032882012,0.0017306323,1,0,0,0,0
40978,-1,0,-0.34429348,0.41476694,0,1,unassigned,25.0,25.0,0.0,1.0,0.0,0.0,0.044487428,0.0,0,0,0,0,0
40979,0,0,-0.399652,0.40139595,0,0,unassigned,3.0,2.0,1.0,0.6666667,0.33333334,0.3333333,0.001934236,0.00064474536,0,0,1,0,0
40980,-1,0,6.598705,0.99863976,1,1,unassigned,2.0,2.0,0.0,1.0,0.0,0.0,0.0,0.0,0,0,0,1,1
40981,-1,0,-0.066126466,0.48347443,0,1,unassigned,9.0,9.0,0.0,1.0,0.0,0.0,0.013539651,0.0,0,0,0,0,0
40982,-1,0,-0.38415527,0.40512508,0,1,unassigned,17.0,17.0,0.0,1.0,0.0,0.0,0.029013539,0.0,0,0,0,0,0
40983,-1,0,-0.058802903,0.48530352,0,1,unassigned,5.0,5.0,0.0,1.0,0.0,0.0,0.0058027077,0.0,0,0,0,0,0
40984,-1,0,8.7442255,0.9998406,1,1,unassigned,3.0,3.0,0.0,1.0,0.0,0.0,0.001934236,0.0,0,0,0,1,1
40985,-1,0,-0.8090943,0.30808353,0,1,unassigned,3.0,3.0,0.0,1.0,0.0,0.0,0.001934236,0.0,0,0,0,0,0
40986,-1,0,0.79126364,0.6881026,1,1,unassigned,37.0,37.0,0.0,1.0,0.0,0.0,0.06769826,0.0,0,0,0,1,0
40987,-1,0,0.8350223,0.6974158,1,1,unassigned,103.0,103.0,0.0,1.0,0.0,0.0,0.19535783,0.0,0,0,0,1,0
40988,-1,0,-0.39997917,0.40131733,0,1,unassigned,38.0,38.0,0.0,1.0,0.0,0.0,0.06963249,0.0,0,0,0,0,0
40989,-1,0,-0.8826883,0.29262102,0,1,unassigned,4.0,3.0,1.0,0.75,0.25,0.25,0.003868472,0.000967118,0,0,0,0,0
40990,-1,0,-0.7803861,0.31423667,0,1,unassigned,31.0,30.0,1.0,0.9677419,0.032258064,0.032258093,0.056092843,0.0018094465,0,0,0,0,0
40991,-1,1,1.3611791,0.79595125,1,1,unassigned,35.0,35.0,0.0,1.0,0.0,0.0,0.06382979,0.0,1,0,0,1,0
40992,-1,0,0.00430727,0.5010768,1,1,unassigned,3.0,3.0,0.0,1.0,0.0,0.0,0.001934236,0.0,0,0,0,1,0
40993,-1,0,-0.6080189,0.35251126,0,1,unassigned,21.0,20.0,1.0,0.95238096,0.04761905,0.047619045,0.036750484,0.0017500231,0,0,0,0,0
40994,-1,0,-0.15723222,0.46077272,0,1,unassigned,3.0,3.0,0.0,1.0,0.0,0.0,0.001934236,0.0,0,0,0,0,0
40995,-1,1,0.5691934,0.63857704,1,1,unassigned,14.0,14.0,0.0,1.0,0.0,0.0,0.023210831,0.0,1,0,0,1,0
40996,0,1,-0.4170428,0.3972246,0,0,test,18.0,17.0,1.0,0.9444444,0.055555556,0.055555582,0.030947777,0.0017193209,1,0,1,0,0
40997,-1,1,6.1743255,0.9979221,1,1,unassigned,10.0,10.0,0.0,1.0,0.0,0.0,0.015473888,0.0,1,0,0,1,1
40998,-1,0,-0.3987683,0.40160832,0,1,unassigned,6.0,6.0,0.0,1.0,0.0,0.0,0.007736944,0.0,0,0,0,0,0
40999,-1,1,1.1796403,0.76488316,1,1,unassigned,2.0,2.0,0.0,1.0,0.0,0.0,0.0,0.0,1,0,0,1,0
41000,-1,1,0.04145801,0.51036304,1,1,unassigned,4.0,4.0,0.0,1.0,0.0,0.0,0.003868472,0.0,1,0,0,1,0
41001,-1,1,-0.7266258,0.3259356,0,1,unassigned,57.0,55.0,2.0,0.9649123,0.03508772,0.035087705,0.10638298,0.0037327362,1,0,0,0,0
41002,-1,0,4.7972307,0.9918149,1,1,unassigned,6.0,6.0,0.0,1.0,0.0,0.0,0.007736944,0.0,0,0,0,1,1
41003,-1,0,-0.16370904,0.45916387,0,1,unassigned,8.0,8.0,0.0,1.0,0.0,0.0,0.0116054155,0.0,0,0,0,0,0
41004,-1,0,1.6007576,0.83212423,1,1,unassigned,6.0,6.0,0.0,1.0,0.0,0.0,0.007736944,0.0,0,0,0,1,0
41005,-1,1,9.86373,0.999948,1,1,unassigned,6.0,4.0,2.0,0.6666667,0.33333334,0.3333333,0.007736944,0.0025789815,1,0,0,1,1
41006,-1,1,0.71818763,0.6722078,1,1,unassigned,6.0,6.0,0.0,1.0,0.0,0.0,0.007736944,0.0,1,0,0,1,0
41007,-1,1,0.38753676,0.5956896,1,1,unassigned,3.0,3.0,0.0,1.0,0.0,0.0,0.001934236,0.0,1,0,0,1,0
41008,1,0,5.6502876,0.9964958,1,0,unassigned,5.0,5.0,0.0,1.0,0.0,0.0,0.0058027077,0.0,0,0,1,1,1
41009,0,0,1.2710273,0.78091854,1,1,unassigned,18.0,18.0,0.0,1.0,0.0,0.0,0.030947777,0.0,0,0,0,1,0
41010,-1,0,8.636118,0.99982244,1,1,unassigned,14.0,11.0,3.0,0.78571427,0.21428572,0.21428573,0.023210831,0.0049737496,0,0,0,1,1
41011,-1,0,0.89750534,0.7104366,1,1,unassigned,18.0,18.0,0.0,1.0,0.0,0.0,0.030947777,0.0,0,0,0,1,0
41012,-1,0,0.3022408,0.5749902,1,1,unassigned,5.0,5.0,0.0,1.0,0.0,0.0,0.0058027077,0.0,0,0,0,1,0
41013,-1,1,-0.9754021,0.27380505,0,1,unassigned,4.0,4.0,0.0,1.0,0.0,0.0,0.003868472,0.0,1,0,0,0,0
41014,-1,1,0.9301074,0.71709704,1,1,unassigned,7.0,7.0,0.0,1.0,0.0,0.0,0.00967118,0.0,1,0,0,1,0
41015,-1,1,2.3681514,0.91436625,1,1,unassigned,4.0,4.0,0.0,1.0,0.0,0.0,0.003868472,0.0,1,0,0,1,1
41016,-1,1,1.4765477,0.81405056,1,1,unassigned,4.0,4.0,0.0,1.0,0.0,0.0,0.003868472,0.0,1,0,0,1,0
41017,-1,1,0.0642907,0.5160671,1,1,unassigned,2.0,2.0,0.0,1.0,0.0,0.0,0.0,0.0,1,0,0,1,0
41018,-1,0,1.283586,0.7830596,1,1,unassigned,3.0,2.0,1.0,0.6666667,0.33333334,0.3333333,0.001934236,0.00064474536,0,0,0,1,0
41019,-1,0,6.381575,0.99831045,1,1,unassigned,4.0,4.0,0.0,1.0,0.0,0.0,0.003868472,0.0,0,0,0,1,1
41020,-1,1,-0.6161028,0.35066834,0,1,unassigned,75.0,68.0,7.0,0.9066667,0.093333334,0.093333304,0.14119923,0.013178595,1,0,0,0,0
41021,0,0,-0.22491878,0.44400615,0,0,unassigned,9.0,8.0,1.0,0.8888889,0.11111111,0.111111104,0.013539651,0.0015044058,0,0,1,0,0
41022,-1,0,7.6794353,0.99953794,1,1,unassigned,2.0,2.0,0.0,1.0,0.0,0.0,0.0,0.0,0,0,0,1,1
41023,-1,0,-0.3580287,0.41143683,0,1,unassigned,46.0,40.0,6.0,0.8695652,0.13043478,0.13043481,0.08510638,0.011100832,0,0,0,0,0
41024,-1,0,1.9117529,0.87121594,1,1,unassigned,3.0,3.0,0.0,1.0,0.0,0.0,0.001934236,0.0,0,0,0,1,0
41025,-1,0,-0.9284242,0.28324452,0,1,unassigned,33.0,31.0,2.0,0.93939394,0.060606062,0.060606062,0.059961315,0.0036340193,0,0,0,0,0
41026,-1,0,-0.4259051,0.39510456,0,1,unassigned,13.0,13.0,0.0,1.0,0.0,0.0,0.021276595,0.0,0,0,0,0,0
41027,-1,1,5.931661,0.99735296,1,1,unassigned,3.0,2.0,1.0,0.6666667,0.33333334,0.3333333,0.001934236,0.00064474536,1,0,0,1,1
41028,-1,1,5.731586,0.9967686,1,1,unassigned,4.0,4.0,0.0,1.0,0.0,0.0,0.003868472,0.0,1,0,0,1,1
41029,-1,0,-0.30869743,0.42343268,0,1,unassigned,5.0,5.0,0.0,1.0,0.0,0.0,0.0058027077,0.0,0,0,0,0,0
41030,0,0,-0.4783535,0.382641,0,0,unassigned,35.0,35.0,0.0,1.0,0.0,0.0,0.06382979,0.0,0,0,1,0,0
41031,-1,0,-0.049814463,0.48754898,0,1,unassigned,16.0,16.0,0.0,1.0,0.0,0.0,0.027079303,0.0,0,0,0,0,0
41032,1,1,-0.19504502,0.45139274,0,1,unassigned,11.0,8.0,3.0,0.72727275,0.27272728,0.27272725,0.017408123,0.00474767,1,0,0,0,0
41033,-1,0,-0.23937497,0.4404404,0,1,unassigned,25.0,23.0,2.0,0.92,0.08,0.07999998,0.044487428,0.003558994,0,0,0,0,0
41034,-1,0,0.14020926,0.53499496,1,1,unassigned,2.0,2.0,0.0,1.0,0.0,0.0,0.0,0.0,0,0,0,1,0
41035,-1,0,0.048591018,0.51214534,1,1,unassigned,31.0,30.0,1.0,0.9677419,0.032258064,0.032258093,0.056092843,0.0018094465,0,0,0,1,0
41036,-1,0,-0.11799407,0.47053567,0,1,unassigned,27.0,27.0,0.0,1.0,0.0,0.0,0.0483559,0.0,0,0,0,0,0
41037,-1,0,-0.0851841,0.47871685,0,1,unassigned,32.0,25.0,7.0,0.78125,0.21875,0.21875,0.058027077,0.012693423,0,0,0,0,0
41038,-1,0,-0.1997287,0.45023313,0,1,unassigned,65.0,62.0,3.0,0.95384616,0.046153847,0.046153843,0.12185687,0.0056241634,0,0,0,0,0
41039,0,0,-0.19094184,0.45240903,0,0,unassigned,22.0,21.0,1.0,0.95454544,0.045454547,0.04545456,0.03868472,0.0017583964,0,0,1,0,0
41040,-1,0,-0.068187535,0.4829597,0,1,unassigned,51.0,51.0,0.0,1.0,0.0,0.0,0.09477756,0.0,0,0,0,0,0
41041,-1,1,1.412802,0.8042075,1,1,unassigned,72.0,69.0,3.0,0.9583333,0.041666668,0.041666687,0.13539653,0.005641522,1,0,0,1,0
41042,-1,0,1.8896761,0.86871856,1,1,unassigned,6.0,4.0,2.0,0.6666667,0.33333334,0.3333333,0.007736944,0.0025789815,0,0,0,1,0
41043,0,1,-0.007615447,0.4980961,0,0,unassigned,71.0,70.0,1.0,0.9859155,0.014084507,0.014084518,0.13346228,0.0018797504,1,0,1,0,0
41044,-1,0,0.93329865,0.717744,1,1,unassigned,10.0,10.0,0.0,1.0,0.0,0.0,0.015473888,0.0,0,0,0,1,0
41045,-1,0,0.14949608,0.5373046,1,1,unassigned,3.0,3.0,0.0,1.0,0.0,0.0,0.001934236,0.0,0,0,0,1,0
41046,1,0,3.874945,0.97966653,1,0,unassigned,11.0,8.0,3.0,0.72727275,0.27272728,0.27272725,0.017408123,0.00474767,0,0,1,1,1
41047,-1,0,4.5249286,0.98928064,1,1,unassigned,2.0,2.0,0.0,1.0,0.0,0.0,0.0,0.0,0,0,0,1,1
41048,-1,0,2.3218231,0.9106684,1,1,unassigned,8.0,8.0,0.0,1.0,0.0,0.0,0.0116054155,0.0,0,0,0,1,1
41049,-1,1,-0.42225578,0.39597708,0,1,unassigned,2.0,2.0,0.0,1.0,0.0,0.0,0.0,0.0,1,0,0,0,0
41050,-1,0,0.0470199,0.5117528,1,1,unassigned,12.0,11.0,1.0,0.9166667,0.083333336,0.08333331,0.01934236,0.0016118633,0,0,0,1,0
41051,0,0,-0.03341371,0.49164736,0,0,val,2.0,1.0,1.0,0.5,0.5,0.5,0.0,0.0,0,0,1,0,0
41052,-1,1,6.0814385,0.9977203,1,1,unassigned,6.0,5.0,1.0,0.8333333,0.16666667,0.16666669,0.007736944,0.0012894907,1,0,0,1,1
41053,1,0,0.29475224,0.57315916,1,0,unassigned,9.0,9.0,0.0,1.0,0.0,0.0,0.013539651,0.0,0,0,1,1,0
41054,-1,0,0.7548199,0.680228,1,1,unassigned,16.0,16.0,0.0,1.0,0.0,0.0,0.027079303,0.0,0,0,0,1,0
41055,-1,0,2.0048697,0.88130736,1,1,unassigned,9.0,9.0,0.0,1.0,0.0,0.0,0.013539651,0.0,0,0,0,1,0
41056,1,0,-0.5041003,0.37657756,0,1,test,10.0,10.0,0.0,1.0,0.0,0.0,0.015473888,0.0,0,0,0,0,0
41057,-1,0,-0.7986397,0.31031656,0,1,unassigned,11.0,11.0,0.0,1.0,0.0,0.0,0.017408123,0.0,0,0,0,0,0
41058,-1,0,1.2668412,0.7802015,1,1,unassigned,18.0,15.0,3.0,0.8333333,0.16666667,0.16666669,0.030947777,0.005157963,0,0,0,1,0
41059,-1,1,-0.68584025,0.3349591,0,1,unassigned,47.0,45.0,2.0,0.9574468,0.04255319,0.042553186,0.08704062,0.003703856,1,0,0,0,0
41060,-1,1,-0.0469442,0.4882661,0,1,unassigned,8.0,7.0,1.0,0.875,0.125,0.125,0.0116054155,0.0014506769,1,0,0,0,0
41061,-1,1,-0.62542176,0.34854937,0,1,unassigned,32.0,29.0,3.0,0.90625,0.09375,0.09375,0.058027077,0.0054400386,1,0,0,0,0
41062,-1,1,4.1405625,0.9843354,1,1,unassigned,4.0,3.0,1.0,0.75,0.25,0.25,0.003868472,0.000967118,1,0,0,1,1
41063,-1,1,6.319571,0.99820256,1,1,unassigned,2.0,2.0,0.0,1.0,0.0,0.0,0.0,0.0,1,0,0,1,1
41064,-1,0,0.9712172,0.725362,1,1,unassigned,3.0,3.0,0.0,1.0,0.0,0.0,0.001934236,0.0,0,0,0,1,0
41065,-1,0,-0.37935328,0.40628287,0,1,unassigned,3.0,3.0,0.0,1.0,0.0,0.0,0.001934236,0.0,0,0,0,0,0
41066,-1,1,0.806137,0.69128567,1,1,unassigned,24.0,24.0,0.0,1.0,0.0,0.0,0.04255319,0.0,1,0,0,1,0
41067,-1,0,-1.6524255,0.1607814,0,1,unassigned,2.0,2.0,0.0,1.0,0.0,0.0,0.0,0.0,0,0,0,0,0
41068,-1,0,0.44502717,0.60945624,1,1,unassigned,3.0,2.0,1.0,0.6666667,0.33333334,0.3333333,0.001934236,0.00064474536,0,0,0,1,0
41069,0,0,-0.8154303,0.30673453,0,0,unassigned,2.0,2.0,0.0,1.0,0.0,0.0,0.0,0.0,0,0,1,0,0
41070,-1,0,-0.30709,0.4238252,0,1,unassigned,2.0,2.0,0.0,1.0,0.0,0.0,0.0,0.0,0,0,0,0,0
41071,1,0,0.113958776,0.52845883,1,0,val,4.0,4.0,0.0,1.0,0.0,0.0,0.003868472,0.0,0,0,1,1,0
41072,0,0,-0.057337105,0.4856696,0,0,val,17.0,17.0,0.0,1.0,0.0,0.0,0.029013539,0.0,0,0,1,0,0
41073,-1,1,-0.13410378,0.46652418,0,1,unassigned,3.0,3.0,0.0,1.0,0.0,0.0,0.001934236,0.0,1,0,0,0,0
41074,-1,1,0.06609738,0.51651835,1,1,unassigned,12.0,12.0,0.0,1.0,0.0,0.0,0.01934236,0.0,1,0,0,1,0
41075,0,0,0.168935,0.5421336,1,1,test,11.0,11.0,0.0,1.0,0.0,0.0,0.017408123,0.0,0,0,0,1,0
41076,-1,1,-0.46451092,0.38591626,0,1,unassigned,6.0,6.0,0.0,1.0,0.0,0.0,0.007736944,0.0,1,0,0,0,0
41077,-1,0,3.6632912,0.97499335,1,1,unassigned,6.0,3.0,3.0,0.5,0.5,0.5,0.007736944,0.003868472,0,0,0,1,1
41078,-1,0,1.8224816,0.8608636,1,1,unassigned,2.0,2.0,0.0,1.0,0.0,0.0,0.0,0.0,0,0,0,1,0
41079,-1,1,-0.68539906,0.33505735,0,1,unassigned,15.0,15.0,0.0,1.0,0.0,0.0,0.025145067,0.0,1,0,0,0,0
41080,1,0,6.6616406,0.9987226,1,0,test,4.0,4.0,0.0,1.0,0.0,0.0,0.003868472,0.0,0,0,1,1,1
41081,0,1,-0.39948016,0.40143725,0,0,unassigned,13.0,13.0,0.0,1.0,0.0,0.0,0.021276595,0.0,1,0,1,0,0
41082,-1,1,3.0999637,0.95689124,1,1,unassigned,3.0,3.0,0.0,1.0,0.0,0.0,0.001934236,0.0,1,0,0,1,1
41083,1,1,-0.005426526,0.4986434,0,1,unassigned,48.0,44.0,4.0,0.9166667,0.083333336,0.08333331,0.088974856,0.0074145715,1,0,0,0,0
41084,1,1,2.8052757,0.9429602,1,0,val,5.0,5.0,0.0,1.0,0.0,0.0,0.0058027077,0.0,1,0,1,1,1
41085,-1,0,-0.097372115,0.47567615,0,1,unassigned,13.0,13.0,0.0,1.0,0.0,0.0,0.021276595,0.0,0,0,0,0,0
41086,-1,0,0.52020866,0.62719655,1,1,unassigned,19.0,18.0,1.0,0.94736844,0.05263158,0.052631557,0.032882012,0.0017306323,0,0,0,1,0
41087,-1,0,1.9126871,0.8713207,1,1,unassigned,18.0,18.0,0.0,1.0,0.0,0.0,0.030947777,0.0,0,0,0,1,0
41088,-1,0,-0.2371876,0.44097954,0,1,unassigned,8.0,8.0,0.0,1.0,0.0,0.0,0.0116054155,0.0,0,0,0,0,0
41089,-1,0,8.188721,0.9997223,1,1,unassigned,4.0,4.0,0.0,1.0,0.0,0.0,0.003868472,0.0,0,0,0,1,1
41090,-1,0,-0.29728296,0.42622182,0,1,unassigned,3.0,3.0,0.0,1.0,0.0,0.0,0.001934236,0.0,0,0,0,0,0
41091,-1,0,-0.8402439,0.30148342,0,1,unassigned,12.0,12.0,0.0,1.0,0.0,0.0,0.01934236,0.0,0,0,0,0,0
41092,-1,0,-0.18215033,0.4545879,0,1,unassigned,31.0,31.0,0.0,1.0,0.0,0.0,0.056092843,0.0,0,0,0,0,0
41093,1,0,-0.58528847,0.35771662,0,1,test,50.0,49.0,1.0,0.98,0.02,0.01999998,0.092843324,0.0018568664,0,0,0,0,0
41094,-1,1,-0.17494342,0.45637536,0,1,unassigned,61.0,59.0,2.0,0.9672131,0.032786883,0.032786906,0.114119925,0.0037416366,1,0,0,0,0
41095,-1,1,-0.31770623,0.42123488,0,1,unassigned,2.0,2.0,0.0,1.0,0.0,0.0,0.0,0.0,1,0,0,0,0
41096,-1,0,6.69721,0.99876726,1,1,unassigned,3.0,3.0,0.0,1.0,0.0,0.0,0.001934236,0.0,0,0,0,1,1
41097,-1,0,2.5334249,0.92645204,1,1,unassigned,5.0,4.0,1.0,0.8,0.2,0.19999999,0.0058027077,0.0011605415,0,0,0,1,1
41098,-1,1,2.3668034,0.9142606,1,1,unassigned,12.0,12.0,0.0,1.0,0.0,0.0,0.01934236,0.0,1,0,0,1,1
41099,-1,0,-0.22391886,0.44425303,0,1,unassigned,42.0,42.0,0.0,1.0,0.0,0.0,0.07736944,0.0,0,0,0,0,0
41100,-1,0,-0.5341291,0.36955437,0,1,unassigned,55.0,54.0,1.0,0.9818182,0.018181818,0.0181818,0.102514505,0.0018639,0,0,0,0,0
41101,-1,0,-0.53785485,0.36868677,0,1,unassigned,5.0,5.0,0.0,1.0,0.0,0.0,0.0058027077,0.0,0,0,0,0,0
41102,-1,1,0.01657492,0.5041436,1,1,unassigned,11.0,10.0,1.0,0.90909094,0.09090909,0.090909064,0.017408123,0.0015825568,1,0,0,1,0
41103,-1,0,0.25478202,0.5633532,1,1,unassigned,7.0,7.0,0.0,1.0,0.0,0.0,0.00967118,0.0,0,0,0,1,0
41104,-1,0,-0.21876436,0.445526,0,1,unassigned,27.0,27.0,0.0,1.0,0.0,0.0,0.0483559,0.0,0,0,0,0,0
41105,-1,0,-0.98614025,0.27167514,0,1,unassigned,7.0,6.0,1.0,0.85714287,0.14285715,0.14285713,0.00967118,0.0013815971,0,0,0,0,0
41106,-1,0,0.1937238,0.54828006,1,1,unassigned,21.0,20.0,1.0,0.95238096,0.04761905,0.047619045,0.036750484,0.0017500231,0,0,0,1,0
41107,-1,0,-0.8723163,0.29477257,0,1,unassigned,21.0,20.0,1.0,0.95238096,0.04761905,0.047619045,0.036750484,0.0017500231,0,0,0,0,0
41108,-1,0,-0.5179189,0.373339,0,1,unassigned,24.0,24.0,0.0,1.0,0.0,0.0,0.04255319,0.0,0,0,0,0,0
41109,-1,1,0.69789463,0.6677208,1,1,unassigned,28.0,28.0,0.0,1.0,0.0,0.0,0.050290134,0.0,1,0,0,1,0
41110,-1,0,-0.6545702,0.3419604,0,1,unassigned,5.0,5.0,0.0,1.0,0.0,0.0,0.0058027077,0.0,0,0,0,0,0
41111,-1,1,0.7718964,0.683931,1,1,unassigned,5.0,4.0,1.0,0.8,0.2,0.19999999,0.0058027077,0.0011605415,1,0,0,1,0
41112,-1,0,3.8460934,0.97908384,1,1,unassigned,6.0,5.0,1.0,0.8333333,0.16666667,0.16666669,0.007736944,0.0012894907,0,0,0,1,1
41113,-1,0,0.1185655,0.5296067,1,1,unassigned,4.0,4.0,0.0,1.0,0.0,0.0,0.003868472,0.0,0,0,0,1,0
41114,-1,0,-0.30709147,0.42382488,0,1,unassigned,4.0,4.0,0.0,1.0,0.0,0.0,0.003868472,0.0,0,0,0,0,0
41115,-1,0,-0.38844502,0.4040917,0,1,unassigned,10.0,9.0,1.0,0.9,0.1,0.100000024,0.015473888,0.0015473888,0,0,0,0,0
41116,-1,1,-0.29918554,0.4257566,0,1,unassigned,13.0,11.0,2.0,0.84615386,0.15384616,0.15384614,0.021276595,0.0032733225,1,0,0,0,0
41117,-1,0,-0.12953389,0.46766177,0,1,unassigned,114.0,110.0,4.0,0.9649123,0.03508772,0.035087705,0.21663442,0.007601208,0,0,0,0,0
41118,1,1,8.883401,0.99986136,1,0,val,2.0,2.0,0.0,1.0,0.0,0.0,0.0,0.0,1,0,1,1,1
41119,-1,1,-0.0841741,0.47896892,0,1,unassigned,24.0,22.0,2.0,0.9166667,0.083333336,0.08333331,0.04255319,0.0035460992,1,0,0,0,0
41120,-1,0,6.8838315,0.9989768,1,1,unassigned,5.0,5.0,0.0,1.0,0.0,0.0,0.0058027077,0.0,0,0,0,1,1
41121,-1,1,1.0953388,0.7493857,1,1,unassigned,2.0,2.0,0.0,1.0,0.0,0.0,0.0,0.0,1,0,0,1,0
41122,-1,0,3.0859318,0.9563087,1,1,unassigned,8.0,6.0,2.0,0.75,0.25,0.25,0.0116054155,0.0029013539,0,0,0,1,1
41123,-1,0,-0.5028038,0.37688202,0,1,unassigned,7.0,7.0,0.0,1.0,0.0,0.0,0.00967118,0.0,0,0,0,0,0
41124,-1,0,-0.992156,0.2704864,0,1,unassigned,18.0,16.0,2.0,0.8888889,0.11111111,0.111111104,0.030947777,0.0034386418,0,0,0,0,0
41125,-1,0,3.4773743,0.97003704,1,1,unassigned,11.0,10.0,1.0,0.90909094,0.09090909,0.090909064,0.017408123,0.0015825568,0,0,0,1,1
41126,-1,0,1.5191193,0.82040876,1,1,unassigned,6.0,6.0,0.0,1.0,0.0,0.0,0.007736944,0.0,0,0,0,1,0
41127,-1,0,2.6233299,0.9323481,1,1,unassigned,8.0,8.0,0.0,1.0,0.0,0.0,0.0116054155,0.0,0,0,0,1,1
41128,-1,0,1.468128,0.8127727,1,1,unassigned,2.0,2.0,0.0,1.0,0.0,0.0,0.0,0.0,0,0,0,1,0
41129,-1,0,-0.42370898,0.39562955,0,1,unassigned,14.0,11.0,3.0,0.78571427,0.21428572,0.21428573,0.023210831,0.0049737496,0,0,0,0,0
41130,-1,0,2.5367033,0.92667514,1,1,unassigned,6.0,6.0,0.0,1.0,0.0,0.0,0.007736944,0.0,0,0,0,1,1
41131,1,0,10.331467,0.99996746,1,0,val,9.0,9.0,0.0,1.0,0.0,0.0,0.013539651,0.0,0,0,1,1,1
41132,-1,1,5.2920156,0.9949936,1,1,unassigned,9.0,9.0,0.0,1.0,0.0,0.0,0.013539651,0.0,1,0,0,1,1
41133,-1,0,0.7357262,0.67606056,1,1,unassigned,41.0,40.0,1.0,0.9756098,0.024390243,0.02439022,0.07543521,0.001839883,0,0,0,1,0
41134,-1,0,-0.78756106,0.3126926,0,1,unassigned,20.0,19.0,1.0,0.95,0.05,0.050000012,0.034816246,0.0017408123,0,0,0,0,0
41135,-1,0,-0.47792217,0.38274288,0,1,unassigned,49.0,43.0,6.0,0.877551,0.12244898,0.12244898,0.09090909,0.011131726,0,0,0,0,0
41136,-1,0,5.815186,0.997027,1,1,unassigned,17.0,16.0,1.0,0.9411765,0.05882353,0.058823526,0.029013539,0.0017066788,0,0,0,1,1
41137,-1,0,-0.1528266,0.46186754,0,1,unassigned,45.0,44.0,1.0,0.9777778,0.022222223,0.02222222,0.08317215,0.0018482701,0,0,0,0,0
41138,-1,0,-0.6066755,0.35281795,0,1,unassigned,3.0,3.0,0.0,1.0,0.0,0.0,0.001934236,0.0,0,0,0,0,0
41139,-1,1,2.4795673,0.92269695,1,1,unassigned,6.0,6.0,0.0,1.0,0.0,0.0,0.007736944,0.0,1,0,0,1,1
41140,-1,1,-0.043780267,0.48905668,0,1,unassigned,4.0,4.0,0.0,1.0,0.0,0.0,0.003868472,0.0,1,0,0,0,0
41141,-1,1,-0.88069737,0.2930333,0,1,unassigned,76.0,46.0,30.0,0.6052632,0.39473686,0.39473683,0.14313346,0.05650005,1,0,0,0,0
41142,-1,1,-0.09095514,0.4772769,0,1,unassigned,6.0,6.0,0.0,1.0,0.0,0.0,0.007736944,0.0,1,0,0,0,0
41143,-1,1,-0.115045846,0.4712702,0,1,unassigned,4.0,4.0,0.0,1.0,0.0,0.0,0.003868472,0.0,1,0,0,0,0
41144,-1,1,-0.6476609,0.34351683,0,1,unassigned,3.0,3.0,0.0,1.0,0.0,0.0,0.001934236,0.0,1,0,0,0,0
41145,1,0,4.1039395,0.9837606,1,0,val,16.0,15.0,1.0,0.9375,0.0625,0.0625,0.027079303,0.0016924564,0,0,1,1,1
41146,-1,1,-0.52677625,0.37126908,0,1,unassigned,7.0,7.0,0.0,1.0,0.0,0.0,0.00967118,0.0,1,0,0,0,0
41147,-1,1,-0.15911263,0.46030554,0,1,unassigned,11.0,11.0,0.0,1.0,0.0,0.0,0.017408123,0.0,1,0,0,0,0
41148,-1,0,0.38646013,0.59543025,1,1,unassigned,4.0,4.0,0.0,1.0,0.0,0.0,0.003868472,0.0,0,0,0,1,0
41149,1,0,0.35747582,0.5884293,1,0,val,3.0,2.0,1.0,0.6666667,0.33333334,0.3333333,0.001934236,0.00064474536,0,0,1,1,0
41150,-1,1,1.8075435,0.8590647,1,1,unassigned,5.0,5.0,0.0,1.0,0.0,0.0,0.0058027077,0.0,1,0,0,1,0
41151,-1,0,-0.56520176,0.36234474,0,1,unassigned,3.0,3.0,0.0,1.0,0.0,0.0,0.001934236,0.0,0,0,0,0,0
41152,1,0,-0.39982802,0.40135366,0,1,val,8.0,8.0,0.0,1.0,0.0,0.0,0.0116054155,0.0,0,0,0,0,0
41153,-1,0,7.6440682,0.9995214,1,1,unassigned,4.0,4.0,0.0,1.0,0.0,0.0,0.003868472,0.0,0,0,0,1,1
41154,-1,0,-0.4510004,0.38912293,0,1,unassigned,31.0,30.0,1.0,0.9677419,0.032258064,0.032258093,0.056092843,0.0018094465,0,0,0,0,0
41155,-1,0,-0.6612991,0.34044787,0,1,unassigned,4.0,4.0,0.0,1.0,0.0,0.0,0.003868472,0.0,0,0,0,0,0
41156,-1,0,-0.55173886,0.36546108,0,1,unassigned,30.0,30.0,0.0,1.0,0.0,0.0,0.054158606,0.0,0,0,0,0,0
41157,-1,0,-0.63944054,0.34537303,0,1,unassigned,7.0,6.0,1.0,0.85714287,0.14285715,0.14285713,0.00967118,0.0013815971,0,0,0,0,0
41158,-1,0,-0.6865921,0.3347916,0,1,unassigned,13.0,13.0,0.0,1.0,0.0,0.0,0.021276595,0.0,0,0,0,0,0
41159,0,1,-0.06887889,0.48278707,0,0,unassigned,30.0,27.0,3.0,0.9,0.1,0.100000024,0.054158606,0.0054158606,1,0,1,0,0
41160,-1,0,0.12820548,0.5320076,1,1,unassigned,17.0,16.0,1.0,0.9411765,0.05882353,0.058823526,0.029013539,0.0017066788,0,0,0,1,0
41161,-1,1,-0.635847,0.34618592,0,1,unassigned,8.0,7.0,1.0,0.875,0.125,0.125,0.0116054155,0.0014506769,1,0,0,0,0
41162,-1,1,3.4843524,0.9702392,1,1,unassigned,5.0,3.0,2.0,0.6,0.4,0.39999998,0.0058027077,0.002321083,1,0,0,1,1
41163,-1,0,0.4522646,0.6111775,1,1,unassigned,48.0,48.0,0.0,1.0,0.0,0.0,0.088974856,0.0,0,0,0,1,0
41164,0,0,-0.67789114,0.33673215,0,0,unassigned,6.0,5.0,1.0,0.8333333,0.16666667,0.16666669,0.007736944,0.0012894907,0,0,1,0,0
41165,1,0,-0.26792097,0.43341756,0,1,test,24.0,23.0,1.0,0.9583333,0.041666668,0.041666687,0.04255319,0.0017730496,0,0,0,0,0
41166,-1,0,-0.33653617,0.41665113,0,1,unassigned,9.0,9.0,0.0,1.0,0.0,0.0,0.013539651,0.0,0,0,0,0,0
41167,-1,1,0.43058282,0.6060128,1,1,unassigned,13.0,13.0,0.0,1.0,0.0,0.0,0.021276595,0.0,1,0,0,1,0
41168,-1,1,-0.5230667,0.3721354,0,1,unassigned,16.0,15.0,1.0,0.9375,0.0625,0.0625,0.027079303,0.0016924564,1,0,0,0,0
41169,-1,0,-0.27346575,0.4320565,0,1,unassigned,28.0,28.0,0.0,1.0,0.0,0.0,0.050290134,0.0,0,0,0,0,0
41170,-1,0,-0.0069155097,0.49827114,0,1,unassigned,23.0,23.0,0.0,1.0,0.0,0.0,0.040618956,0.0,0,0,0,0,0
41171,-1,0,-0.49465346,0.37879795,0,1,unassigned,47.0,47.0,0.0,1.0,0.0,0.0,0.08704062,0.0,0,0,0,0,0
41172,-1,0,1.1801589,0.7649763,1,1,unassigned,11.0,11.0,0.0,1.0,0.0,0.0,0.017408123,0.0,0,0,0,1,0
41173,-1,1,2.9854724,0.9519135,1,1,unassigned,2.0,2.0,0.0,1.0,0.0,0.0,0.0,0.0,1,0,0,1,1
41174,-1,1,6.6901736,0.99875844,1,1,unassigned,24.0,22.0,2.0,0.9166667,0.083333336,0.08333331,0.04255319,0.0035460992,1,0,0,1,1
41175,-1,1,4.711328,0.9910874,1,1,unassigned,6.0,5.0,1.0,0.8333333,0.16666667,0.16666669,0.007736944,0.0012894907,1,0,0,1,1
41176,-1,0,3.8158782,0.978456,1,1,unassigned,3.0,1.0,2.0,0.33333334,0.6666667,0.6666666,0.001934236,0.0012894907,0,0,0,1,1
41177,-1,0,6.9466386,0.99903905,1,1,unassigned,3.0,3.0,0.0,1.0,0.0,0.0,0.001934236,0.0,0,0,0,1,1
41178,-1,0,-0.5283223,0.37090826,0,1,unassigned,11.0,10.0,1.0,0.90909094,0.09090909,0.090909064,0.017408123,0.0015825568,0,0,0,0,0
41179,-1,0,4.1894126,0.98507106,1,1,unassigned,2.0,2.0,0.0,1.0,0.0,0.0,0.0,0.0,0,0,0,1,1
41180,-1,1,-0.5109387,0.37497348,0,1,unassigned,2.0,2.0,0.0,1.0,0.0,0.0,0.0,0.0,1,0,0,0,0
41181,-1,0,-0.32493848,0.4194727,0,1,unassigned,3.0,3.0,0.0,1.0,0.0,0.0,0.001934236,0.0,0,0,0,0,0
41182,-1,0,-0.58527964,0.35771865,0,1,unassigned,21.0,21.0,0.0,1.0,0.0,0.0,0.036750484,0.0,0,0,0,0,0
41183,-1,1,-0.5569376,0.36425635,0,1,unassigned,31.0,28.0,3.0,0.9032258,0.09677419,0.09677422,0.056092843,0.0054283394,1,0,0,0,0
41184,-1,1,2.923947,0.94901764,1,1,unassigned,7.0,5.0,2.0,0.71428573,0.2857143,0.28571427,0.00967118,0.0027631943,1,0,0,1,1
41185,-1,0,2.63947,0.933359,1,1,unassigned,7.0,7.0,0.0,1.0,0.0,0.0,0.00967118,0.0,0,0,0,1,1
41186,0,0,-0.52133787,0.37253946,0,0,unassigned,17.0,14.0,3.0,0.8235294,0.1764706,0.17647058,0.029013539,0.005120036,0,0,1,0,0
41187,-1,1,-0.7555491,0.3196134,0,1,unassigned,65.0,61.0,4.0,0.93846154,0.06153846,0.061538458,0.12185687,0.007498884,1,0,0,0,0
41188,-1,0,-0.3811522,0.40584904,0,1,unassigned,15.0,14.0,1.0,0.93333334,0.06666667,0.06666666,0.025145067,0.0016763379,0,0,0,0,0
41189,-1,1,-0.07007879,0.48248747,0,1,unassigned,88.0,85.0,3.0,0.96590906,0.03409091,0.034090936,0.1663443,0.0056708287,1,0,0,0,0
41190,-1,1,3.7068202,0.9760331,1,1,unassigned,8.0,7.0,1.0,0.875,0.125,0.125,0.0116054155,0.0014506769,1,0,0,1,1
41191,-1,1,-0.14005947,0.46504226,0,1,unassigned,79.0,77.0,2.0,0.9746835,0.025316456,0.025316477,0.14893617,0.003770536,1,0,0,0,0
41192,-1,0,-0.58954066,0.3567403,0,1,unassigned,27.0,27.0,0.0,1.0,0.0,0.0,0.0483559,0.0,0,0,0,0,0
41193,-1,1,3.40007,0.9677067,1,1,unassigned,6.0,6.0,0.0,1.0,0.0,0.0,0.007736944,0.0,1,0,0,1,1
41194,-1,0,-0.27060062,0.43275964,0,1,unassigned,13.0,13.0,0.0,1.0,0.0,0.0,0.021276595,0.0,0,0,0,0,0
41195,-1,0,-0.15893552,0.4603496,0,1,unassigned,58.0,57.0,1.0,0.98275864,0.01724138,0.017241359,0.10831721,0.0018675381,0,0,0,0,0
41196,-1,0,-0.071751416,0.48206982,0,1,unassigned,7.0,6.0,1.0,0.85714287,0.14285715,0.14285713,0.00967118,0.0013815971,0,0,0,0,0
41197,1,1,1.341083,0.792668,1,0,train,4.0,3.0,1.0,0.75,0.25,0.25,0.003868472,0.000967118,1,0,1,1,0
41198,-1,0,-0.16634819,0.45850858,0,1,unassigned,80.0,79.0,1.0,0.9875,0.0125,0.012499988,0.15087041,0.0018858801,0,0,0,0,0
41199,-1,1,0.18185788,0.5453396,1,1,unassigned,5.0,5.0,0.0,1.0,0.0,0.0,0.0058027077,0.0,1,0,0,1,0
41200,-1,0,-0.39952847,0.40142566,0,1,unassigned,11.0,11.0,0.0,1.0,0.0,0.0,0.017408123,0.0,0,0,0,0,0
41201,-1,0,-0.08620554,0.47846198,0,1,unassigned,3.0,3.0,0.0,1.0,0.0,0.0,0.001934236,0.0,0,0,0,0,0
41202,-1,0,1.1516378,0.75981,1,1,unassigned,3.0,3.0,0.0,1.0,0.0,0.0,0.001934236,0.0,0,0,0,1,0
41203,-1,1,-0.24204266,0.43978304,0,1,unassigned,2.0,2.0,0.0,1.0,0.0,0.0,0.0,0.0,1,0,0,0,0
41204,0,1,0.8352905,0.6974724,1,1,unassigned,3.0,3.0,0.0,1.0,0.0,0.0,0.001934236,0.0,1,0,0,1,0
41205,1,0,0.22479916,0.5559643,1,0,unassigned,4.0,4.0,0.0,1.0,0.0,0.0,0.003868472,0.0,0,0,1,1,0
41206,-1,0,3.1086557,0.9572484,1,1,unassigned,63.0,56.0,7.0,0.8888889,0.11111111,0.111111104,0.11798839,0.013109822,0,0,0,1,1
41207,1,0,1.5629041,0.8267697,1,0,train,5.0,5.0,0.0,1.0,0.0,0.0,0.0058027077,0.0,0,0,1,1,0
41208,1,0,-0.4778787,0.38275316,0,1,val,11.0,11.0,0.0,1.0,0.0,0.0,0.017408123,0.0,0,0,0,0,0
41209,1,1,5.722032,0.99673766,1,0,test,3.0,3.0,0.0,1.0,0.0,0.0,0.001934236,0.0,1,0,1,1,1
41210,-1,1,0.73675865,0.67628664,1,1,unassigned,6.0,6.0,0.0,1.0,0.0,0.0,0.007736944,0.0,1,0,0,1,0
41211,1,1,1.7257178,0.84886384,1,0,test,6.0,6.0,0.0,1.0,0.0,0.0,0.007736944,0.0,1,0,1,1,0
41212,-1,0,-0.6948161,0.33296254,0,1,unassigned,11.0,11.0,0.0,1.0,0.0,0.0,0.017408123,0.0,0,0,0,0,0
41213,-1,0,0.914825,0.7139865,1,1,unassigned,30.0,29.0,1.0,0.96666664,0.033333335,0.03333336,0.054158606,0.001805287,0,0,0,1,0
41214,1,0,-0.56560075,0.36225253,0,1,val,11.0,11.0,0.0,1.0,0.0,0.0,0.017408123,0.0,0,0,0,0,0
41215,0,0,-0.66485757,0.3396493,0,0,test,7.0,7.0,0.0,1.0,0.0,0.0,0.00967118,0.0,0,0,1,0,0
41216,-1,0,-0.073240876,0.48169795,0,1,unassigned,4.0,4.0,0.0,1.0,0.0,0.0,0.003868472,0.0,0,0,0,0,0
41217,-1,0,-0.78162783,0.31396917,0,1,unassigned,27.0,27.0,0.0,1.0,0.0,0.0,0.0483559,0.0,0,0,0,0,0
41218,1,0,-0.3538415,0.41245115,0,1,unassigned,31.0,31.0,0.0,1.0,0.0,0.0,0.056092843,0.0,0,0,0,0,0
41219,-1,0,-0.5978485,0.3548361,0,1,unassigned,12.0,12.0,0.0,1.0,0.0,0.0,0.01934236,0.0,0,0,0,0,0
41220,-1,1,2.480779,0.9227833,1,1,unassigned,7.0,7.0,0.0,1.0,0.0,0.0,0.00967118,0.0,1,0,0,1,1
41221,-1,0,-0.39698333,0.40203735,0,1,unassigned,58.0,56.0,2.0,0.9655172,0.03448276,0.034482777,0.10831721,0.0037350762,0,0,0,0,0
41222,-1,0,0.7410801,0.677232,1,1,unassigned,11.0,8.0,3.0,0.72727275,0.27272728,0.27272725,0.017408123,0.00474767,0,0,0,1,0
41223,-1,0,-0.18133095,0.45479104,0,1,unassigned,73.0,73.0,0.0,1.0,0.0,0.0,0.13733076,0.0,0,0,0,0,0
41224,-1,0,-0.20860937,0.448036,0,1,unassigned,28.0,28.0,0.0,1.0,0.0,0.0,0.050290134,0.0,0,0,0,0,0
41225,1,0,0.06536949,0.51633656,1,0,test,10.0,9.0,1.0,0.9,0.1,0.100000024,0.015473888,0.0015473888,0,0,1,1,0
41226,-1,0,-0.39436054,0.40266806,0,1,unassigned,7.0,7.0,0.0,1.0,0.0,0.0,0.00967118,0.0,0,0,0,0,0
41227,-1,0,-0.3657225,0.40957502,0,1,unassigned,13.0,13.0,0.0,1.0,0.0,0.0,0.021276595,0.0,0,0,0,0,0
41228,-1,0,1.0366755,0.73820806,1,1,unassigned,3.0,2.0,1.0,0.6666667,0.33333334,0.3333333,0.001934236,0.00064474536,0,0,0,1,0
41229,-1,0,0.9189506,0.71482825,1,1,unassigned,5.0,5.0,0.0,1.0,0.0,0.0,0.0058027077,0.0,0,0,0,1,0
41230,-1,0,0.09579092,0.5239294,1,1,unassigned,3.0,2.0,1.0,0.6666667,0.33333334,0.3333333,0.001934236,0.00064474536,0,0,0,1,0
41231,-1,1,0.8774275,0.7062888,1,1,unassigned,6.0,6.0,0.0,1.0,0.0,0.0,0.007736944,0.0,1,0,0,1,0
41232,-1,1,3.8964674,0.9800909,1,1,unassigned,5.0,4.0,1.0,0.8,0.2,0.19999999,0.0058027077,0.0011605415,1,0,0,1,1
41233,-1,0,-0.6829437,0.3356046,0,1,unassigned,10.0,10.0,0.0,1.0,0.0,0.0,0.015473888,0.0,0,0,0,0,0
41234,-1,1,-0.284315,0.42939627,0,1,unassigned,57.0,57.0,0.0,1.0,0.0,0.0,0.10638298,0.0,1,0,0,0,0
41235,1,0,-0.51006866,0.37517744,0,1,unassigned,47.0,45.0,2.0,0.9574468,0.04255319,0.042553186,0.08704062,0.003703856,0,0,0,0,0
41236,-1,0,1.0329244,0.7374825,1,1,unassigned,9.0,9.0,0.0,1.0,0.0,0.0,0.013539651,0.0,0,0,0,1,0
41237,-1,0,-0.55693346,0.3642573,0,1,unassigned,4.0,4.0,0.0,1.0,0.0,0.0,0.003868472,0.0,0,0,0,0,0
41238,-1,0,0.59414405,0.6443154,1,1,unassigned,3.0,3.0,0.0,1.0,0.0,0.0,0.001934236,0.0,0,0,0,1,0
41239,-1,1,2.3355348,0.91177756,1,1,unassigned,6.0,5.0,1.0,0.8333333,0.16666667,0.16666669,0.007736944,0.0012894907,1,0,0,1,1
41240,-1,0,1.1432748,0.7582804,1,1,unassigned,4.0,4.0,0.0,1.0,0.0,0.0,0.003868472,0.0,0,0,0,1,0
41241,-1,0,2.7065165,0.93741006,1,1,unassigned,4.0,4.0,0.0,1.0,0.0,0.0,0.003868472,0.0,0,0,0,1,1
41242,0,0,-0.16327035,0.45927283,0,0,unassigned,18.0,18.0,0.0,1.0,0.0,0.0,0.030947777,0.0,0,0,1,0,0
41243,1,0,-0.23251429,0.44213194,0,1,test,8.0,8.0,0.0,1.0,0.0,0.0,0.0116054155,0.0,0,0,0,0,0
41244,-1,0,-0.20252958,0.44953996,0,1,unassigned,3.0,3.0,0.0,1.0,0.0,0.0,0.001934236,0.0,0,0,0,0,0
41245,-1,1,1.6606104,0.84031993,1,1,unassigned,2.0,2.0,0.0,1.0,0.0,0.0,0.0,0.0,1,0,0,1,0
41246,-1,1,0.12564844,0.5313708,1,1,unassigned,11.0,11.0,0.0,1.0,0.0,0.0,0.017408123,0.0,1,0,0,1,0
41247,-1,1,0.29739636,0.5738059,1,1,unassigned,26.0,24.0,2.0,0.9230769,0.07692308,0.07692307,0.046421662,0.0035708973,1,0,0,1,0
41248,-1,0,0.2796108,0.5694508,1,1,unassigned,5.0,4.0,1.0,0.8,0.2,0.19999999,0.0058027077,0.0011605415,0,0,0,1,0
41249,-1,1,0.45128888,0.61094564,1,1,unassigned,18.0,18.0,0.0,1.0,0.0,0.0,0.030947777,0.0,1,0,0,1,0
41250,-1,0,-0.7602631,0.31858915,0,1,unassigned,18.0,18.0,0.0,1.0,0.0,0.0,0.030947777,0.0,0,0,0,0,0
41251,-1,0,-0.31839973,0.4210658,0,1,unassigned,13.0,13.0,0.0,1.0,0.0,0.0,0.021276595,0.0,0,0,0,0,0
41252,-1,0,0.08708596,0.5217577,1,1,unassigned,3.0,2.0,1.0,0.6666667,0.33333334,0.3333333,0.001934236,0.00064474536,0,0,0,1,0
41253,-1,0,-0.238504,0.44065508,0,1,unassigned,63.0,63.0,0.0,1.0,0.0,0.0,0.11798839,0.0,0,0,0,0,0
41254,-1,0,-0.1962673,0.45109007,0,1,unassigned,24.0,24.0,0.0,1.0,0.0,0.0,0.04255319,0.0,0,0,0,0,0
41255,-1,0,0.07737261,0.5193335,1,1,unassigned,44.0,44.0,0.0,1.0,0.0,0.0,0.08123791,0.0,0,0,0,1,0
41256,-1,0,-0.038831413,0.49029338,0,1,unassigned,3.0,2.0,1.0,0.6666667,0.33333334,0.3333333,0.001934236,0.00064474536,0,0,0,0,0
41257,-1,0,-0.3689943,0.40878403,0,1,unassigned,12.0,12.0,0.0,1.0,0.0,0.0,0.01934236,0.0,0,0,0,0,0
41258,-1,0,0.20851606,0.5519409,1,1,unassigned,5.0,5.0,0.0,1.0,0.0,0.0,0.0058027077,0.0,0,0,0,1,0
41259,-1,1,-0.49105167,0.37964585,0,1,unassigned,13.0,13.0,0.0,1.0,0.0,0.0,0.021276595,0.0,1,0,0,0,0
41260,-1,0,-0.39004236,0.4037071,0,1,unassigned,51.0,51.0,0.0,1.0,0.0,0.0,0.09477756,0.0,0,0,0,0,0
41261,-1,0,-0.41534764,0.39763054,0,1,unassigned,3.0,3.0,0.0,1.0,0.0,0.0,0.001934236,0.0,0,0,0,0,0
41262,-1,0,-0.19983813,0.45020607,0,1,unassigned,24.0,24.0,0.0,1.0,0.0,0.0,0.04255319,0.0,0,0,0,0,0
41263,-1,0,-0.82879347,0.30390024,0,1,unassigned,14.0,14.0,0.0,1.0,0.0,0.0,0.023210831,0.0,0,0,0,0,0
41264,-1,0,-0.43343586,0.39330623,0,1,unassigned,13.0,10.0,3.0,0.7692308,0.23076923,0.23076922,0.021276595,0.0049099834,0,0,0,0,0
41265,-1,0,0.3695256,0.59134436,1,1,unassigned,10.0,10.0,0.0,1.0,0.0,0.0,0.015473888,0.0,0,0,0,1,0
41266,-1,1,-0.37223804,0.40800035,0,1,unassigned,7.0,6.0,1.0,0.85714287,0.14285715,0.14285713,0.00967118,0.0013815971,1,0,0,0,0
41267,-1,1,0.020212471,0.5050529,1,1,unassigned,54.0,51.0,3.0,0.9444444,0.055555556,0.055555582,0.10058027,0.0055877925,1,0,0,1,0
41268,-1,1,-0.8154115,0.30673856,0,1,unassigned,66.0,66.0,0.0,1.0,0.0,0.0,0.123791106,0.0,1,0,0,0,0
41269,-1,1,1.8834574,0.8680077,1,1,unassigned,8.0,8.0,0.0,1.0,0.0,0.0,0.0116054155,0.0,1,0,0,1,0
41270,-1,1,1.2454379,0.7765091,1,1,unassigned,22.0,22.0,0.0,1.0,0.0,0.0,0.03868472,0.0,1,0,0,1,0
41271,-1,1,-0.6155666,0.35079044,0,1,unassigned,39.0,38.0,1.0,0.974359,0.025641026,0.025641024,0.07156673,0.0018350444,1,0,0,0,0
41272,-1,1,2.376562,0.9150225,1,1,unassigned,20.0,19.0,1.0,0.95,0.05,0.050000012,0.034816246,0.0017408123,1,0,0,1,1
41273,-1,1,0.6907423,0.66613203,1,1,unassigned,4.0,4.0,0.0,1.0,0.0,0.0,0.003868472,0.0,1,0,0,1,0
41274,1,1,6.112297,0.9977894,1,0,test,10.0,9.0,1.0,0.9,0.1,0.100000024,0.015473888,0.0015473888,1,0,1,1,1
41275,-1,1,2.2515452,0.9047837,1,1,unassigned,3.0,3.0,0.0,1.0,0.0,0.0,0.001934236,0.0,1,0,0,1,1
41276,-1,1,-0.6843863,0.335283,0,1,unassigned,33.0,31.0,2.0,0.93939394,0.060606062,0.060606062,0.059961315,0.0036340193,1,0,0,0,0
41277,-1,1,-0.4678861,0.3851167,0,1,unassigned,27.0,25.0,2.0,0.9259259,0.074074075,0.07407409,0.0483559,0.0035819185,1,0,0,0,0
41278,-1,1,-0.30182195,0.42511216,0,1,unassigned,2.0,2.0,0.0,1.0,0.0,0.0,0.0,0.0,1,0,0,0,0
41279,-1,1,0.48211306,0.61824673,1,1,unassigned,53.0,53.0,0.0,1.0,0.0,0.0,0.09864604,0.0,1,0,0,1,0
41280,-1,0,-0.4210773,0.396259,0,1,unassigned,17.0,17.0,0.0,1.0,0.0,0.0,0.029013539,0.0,0,0,0,0,0
41281,-1,0,-0.36563262,0.4095967,0,1,unassigned,12.0,12.0,0.0,1.0,0.0,0.0,0.01934236,0.0,0,0,0,0,0
41282,-1,0,-0.16009349,0.4600619,0,1,unassigned,2.0,2.0,0.0,1.0,0.0,0.0,0.0,0.0,0,0,0,0,0
41283,-1,1,-0.3669091,0.40928808,0,1,unassigned,2.0,2.0,0.0,1.0,0.0,0.0,0.0,0.0,1,0,0,0,0
41284,-1,1,5.5113735,0.9959757,1,1,unassigned,15.0,15.0,0.0,1.0,0.0,0.0,0.025145067,0.0,1,0,0,1,1
41285,-1,1,2.7855585,0.9418904,1,1,unassigned,8.0,8.0,0.0,1.0,0.0,0.0,0.0116054155,0.0,1,0,0,1,1
41286,-1,0,2.1476681,0.8954507,1,1,unassigned,3.0,3.0,0.0,1.0,0.0,0.0,0.001934236,0.0,0,0,0,1,0
41287,-1,1,0.89510983,0.7099436,1,1,unassigned,11.0,9.0,2.0,0.8181818,0.18181819,0.18181819,0.017408123,0.0031651135,1,0,0,1,0
41288,1,1,2.809756,0.94320077,1,0,test,15.0,15.0,0.0,1.0,0.0,0.0,0.025145067,0.0,1,0,1,1,1
41289,-1,1,2.923968,0.9490186,1,1,unassigned,14.0,14.0,0.0,1.0,0.0,0.0,0.023210831,0.0,1,0,0,1,1
41290,-1,0,4.0749326,0.98329055,1,1,unassigned,33.0,29.0,4.0,0.8787879,0.121212125,0.121212125,0.059961315,0.0072680386,0,0,0,1,1
41291,-1,0,5.541592,0.996095,1,1,unassigned,6.0,5.0,1.0,0.8333333,0.16666667,0.16666669,0.007736944,0.0012894907,0,0,0,1,1
41292,-1,1,-0.9682382,0.2752318,0,1,unassigned,7.0,7.0,0.0,1.0,0.0,0.0,0.00967118,0.0,1,0,0,0,0
41293,-1,1,1.3377607,0.7921214,1,1,unassigned,16.0,16.0,0.0,1.0,0.0,0.0,0.027079303,0.0,1,0,0,1,0
41294,0,0,-0.4690795,0.3848341,0,0,unassigned,32.0,32.0,0.0,1.0,0.0,0.0,0.058027077,0.0,0,0,1,0,0
41295,-1,0,-0.22959936,0.442851,0,1,unassigned,14.0,14.0,0.0,1.0,0.0,0.0,0.023210831,0.0,0,0,0,0,0
41296,-1,0,-0.4562996,0.38786402,0,1,unassigned,11.0,11.0,0.0,1.0,0.0,0.0,0.017408123,0.0,0,0,0,0,0
41297,-1,0,-0.82153887,0.3054371,0,1,unassigned,103.0,103.0,0.0,1.0,0.0,0.0,0.19535783,0.0,0,0,0,0,0
41298,0,0,0.16688448,0.54162455,1,1,unassigned,2.0,2.0,0.0,1.0,0.0,0.0,0.0,0.0,0,0,0,1,0
41299,-1,0,3.9249709,0.9806395,1,1,unassigned,2.0,2.0,0.0,1.0,0.0,0.0,0.0,0.0,0,0,0,1,1
41300,-1,0,-0.6850152,0.3351429,0,1,unassigned,39.0,37.0,2.0,0.94871795,0.051282052,0.05128205,0.07156673,0.0036700887,0,0,0,0,0
41301,0,0,-0.33567995,0.41685924,0,0,test,17.0,17.0,0.0,1.0,0.0,0.0,0.029013539,0.0,0,0,1,0,0
41302,-1,1,-0.17202151,0.45710036,0,1,unassigned,31.0,30.0,1.0,0.9677419,0.032258064,0.032258093,0.056092843,0.0018094465,1,0,0,0,0
41303,-1,0,-0.5662353,0.362106,0,1,unassigned,44.0,44.0,0.0,1.0,0.0,0.0,0.08123791,0.0,0,0,0,0,0
41304,-1,0,0.225712,0.55618966,1,1,unassigned,72.0,70.0,2.0,0.9722222,0.027777778,0.027777791,0.13539653,0.0037610147,0,0,0,1,0
41305,-1,0,0.9094654,0.71289074,1,1,unassigned,19.0,19.0,0.0,1.0,0.0,0.0,0.032882012,0.0,0,0,0,1,0
41306,-1,0,-0.96746784,0.2753855,0,1,unassigned,37.0,37.0,0.0,1.0,0.0,0.0,0.06769826,0.0,0,0,0,0,0
41307,-1,0,-0.007141292,0.4982147,0,1,unassigned,4.0,4.0,0.0,1.0,0.0,0.0,0.003868472,0.0,0,0,0,0,0
41308,-1,0,-0.8862814,0.2918778,0,1,unassigned,22.0,22.0,0.0,1.0,0.0,0.0,0.03868472,0.0,0,0,0,0,0
41309,-1,0,-0.67520946,0.33733132,0,1,unassigned,32.0,31.0,1.0,0.96875,0.03125,0.03125,0.058027077,0.0018133462,0,0,0,0,0
41310,-1,1,1.0257499,0.7360911,1,1,unassigned,27.0,27.0,0.0,1.0,0.0,0.0,0.0483559,0.0,1,0,0,1,0
41311,-1,0,-0.62768245,0.34803623,0,1,unassigned,15.0,15.0,0.0,1.0,0.0,0.0,0.025145067,0.0,0,0,0,0,0
41312,-1,0,0.16016263,0.53995526,1,1,unassigned,4.0,4.0,0.0,1.0,0.0,0.0,0.003868472,0.0,0,0,0,1,0
41313,-1,0,4.7534347,0.9914517,1,1,unassigned,14.0,12.0,2.0,0.85714287,0.14285715,0.14285713,0.023210831,0.0033158332,0,0,0,1,1
41314,0,0,-0.5313944,0.37019172,0,0,unassigned,40.0,40.0,0.0,1.0,0.0,0.0,0.07350097,0.0,0,0,1,0,0
41315,-1,0,-0.5126647,0.3745691,0,1,unassigned,26.0,26.0,0.0,1.0,0.0,0.0,0.046421662,0.0,0,0,0,0,0
41316,-1,0,-0.4681386,0.3850569,0,1,unassigned,13.0,13.0,0.0,1.0,0.0,0.0,0.021276595,0.0,0,0,0,0,0
41317,-1,1,-0.16434768,0.4590053,0,1,unassigned,18.0,18.0,0.0,1.0,0.0,0.0,0.030947777,0.0,1,0,0,0,0
41318,-1,1,-0.6923501,0.3335105,0,1,unassigned,50.0,48.0,2.0,0.96,0.04,0.04000002,0.092843324,0.0037137328,1,0,0,0,0
41319,-1,1,-0.82395035,0.30492574,0,1,unassigned,96.0,94.0,2.0,0.9791667,0.020833334,0.020833313,0.18181819,0.003787879,1,0,0,0,0
41320,-1,0,-0.88973117,0.2911653,0,1,unassigned,6.0,6.0,0.0,1.0,0.0,0.0,0.007736944,0.0,0,0,0,0,0
41321,-1,1,-0.6112182,0.35178137,0,1,unassigned,90.0,90.0,0.0,1.0,0.0,0.0,0.17021276,0.0,1,0,0,0,0
41322,0,0,2.64756,0.9338605,1,1,unassigned,11.0,11.0,0.0,1.0,0.0,0.0,0.017408123,0.0,0,0,0,1,1
41323,-1,0,-0.40953398,0.39902383,0,1,unassigned,22.0,22.0,0.0,1.0,0.0,0.0,0.03868472,0.0,0,0,0,0,0
41324,0,1,-0.50203556,0.3770624,0,0,val,39.0,38.0,1.0,0.974359,0.025641026,0.025641024,0.07156673,0.0018350444,1,0,1,0,0
41325,-1,1,-0.90185827,0.28866875,0,1,unassigned,28.0,27.0,1.0,0.96428573,0.035714287,0.03571427,0.050290134,0.0017960763,1,0,0,0,0
41326,-1,1,-0.87017536,0.2952178,0,1,unassigned,25.0,22.0,3.0,0.88,0.12,0.120000005,0.044487428,0.0053384914,1,0,0,0,0
41327,-1,1,-0.49654093,0.3783539,0,1,unassigned,24.0,23.0,1.0,0.9583333,0.041666668,0.041666687,0.04255319,0.0017730496,1,0,0,0,0
41328,-1,1,0.6365834,0.65398073,1,1,unassigned,39.0,38.0,1.0,0.974359,0.025641026,0.025641024,0.07156673,0.0018350444,1,0,0,1,0
41329,-1,0,-0.43449354,0.39305383,0,1,unassigned,14.0,14.0,0.0,1.0,0.0,0.0,0.023210831,0.0,0,0,0,0,0
41330,-1,1,0.090663195,0.5226503,1,1,unassigned,4.0,4.0,0.0,1.0,0.0,0.0,0.003868472,0.0,1,0,0,1,0
41331,-1,0,-0.47267818,0.38398254,0,1,unassigned,66.0,66.0,0.0,1.0,0.0,0.0,0.123791106,0.0,0,0,0,0,0
41332,0,0,-0.69434994,0.3330661,0,0,unassigned,38.0,34.0,4.0,0.8947368,0.10526316,0.10526317,0.06963249,0.0073297364,0,0,1,0,0
41333,0,0,-0.21812081,0.445685,0,0,val,60.0,60.0,0.0,1.0,0.0,0.0,0.11218569,0.0,0,0,1,0,0
41334,1,0,-0.1705668,0.45746136,0,1,val,58.0,58.0,0.0,1.0,0.0,0.0,0.10831721,0.0,0,0,0,0,0
41335,-1,0,-0.8098152,0.30792987,0,1,unassigned,51.0,50.0,1.0,0.98039216,0.019607844,0.019607842,0.09477756,0.0018583836,0,0,0,0,0
41336,-1,0,-0.79188865,0.3117633,0,1,unassigned,6.0,6.0,0.0,1.0,0.0,0.0,0.007736944,0.0,0,0,0,0,0
41337,-1,0,-0.70353186,0.33102962,0,1,unassigned,82.0,81.0,1.0,0.9878049,0.0121951215,0.01219511,0.15473887,0.0018870593,0,0,0,0,0
41338,0,0,-0.17302033,0.45685247,0,0,unassigned,13.0,13.0,0.0,1.0,0.0,0.0,0.021276595,0.0,0,0,1,0,0
41339,-1,0,-0.35846454,0.4113313,0,1,unassigned,42.0,42.0,0.0,1.0,0.0,0.0,0.07736944,0.0,0,0,0,0,0
41340,-1,0,0.085965335,0.52147806,1,1,unassigned,6.0,6.0,0.0,1.0,0.0,0.0,0.007736944,0.0,0,0,0,1,0
41341,-1,0,-0.2738235,0.4319687,0,1,unassigned,7.0,7.0,0.0,1.0,0.0,0.0,0.00967118,0.0,0,0,0,0,0
41342,-1,0,-0.70501673,0.3307009,0,1,unassigned,9.0,8.0,1.0,0.8888889,0.11111111,0.111111104,0.013539651,0.0015044058,0,0,0,0,0
41343,-1,1,3.734587,0.9766741,1,1,unassigned,13.0,13.0,0.0,1.0,0.0,0.0,0.021276595,0.0,1,0,0,1,1
41344,-1,1,2.9826047,0.95178205,1,1,unassigned,6.0,6.0,0.0,1.0,0.0,0.0,0.007736944,0.0,1,0,0,1,1
41345,1,1,2.1422126,0.8949388,1,0,unassigned,6.0,5.0,1.0,0.8333333,0.16666667,0.16666669,0.007736944,0.0012894907,1,0,1,1,0
41346,-1,1,4.094212,0.9836044,1,1,unassigned,9.0,7.0,2.0,0.7777778,0.22222222,0.22222221,0.013539651,0.0030088115,1,0,0,1,1
41347,-1,1,0.01482749,0.5037068,1,1,unassigned,23.0,20.0,3.0,0.8695652,0.13043478,0.13043481,0.040618956,0.0052981246,1,0,0,1,0
41348,-1,1,1.0022826,0.7315071,1,1,unassigned,16.0,16.0,0.0,1.0,0.0,0.0,0.027079303,0.0,1,0,0,1,0
41349,-1,0,-0.914436,0.28609294,0,1,unassigned,2.0,2.0,0.0,1.0,0.0,0.0,0.0,0.0,0,0,0,0,0
41350,-1,1,0.3879097,0.5957794,1,1,unassigned,3.0,3.0,0.0,1.0,0.0,0.0,0.001934236,0.0,1,0,0,1,0
41351,-1,0,-0.31703883,0.42139757,0,1,unassigned,24.0,24.0,0.0,1.0,0.0,0.0,0.04255319,0.0,0,0,0,0,0
41352,1,1,2.1427429,0.89498866,1,0,val,11.0,11.0,0.0,1.0,0.0,0.0,0.017408123,0.0,1,0,1,1,0
41353,-1,0,-0.89330196,0.29042888,0,1,unassigned,54.0,53.0,1.0,0.9814815,0.018518519,0.018518507,0.10058027,0.0018625975,0,0,0,0,0
41354,0,0,-0.22575647,0.44379938,0,0,unassigned,24.0,24.0,0.0,1.0,0.0,0.0,0.04255319,0.0,0,0,1,0,0
41355,-1,0,-0.34669784,0.41418344,0,1,unassigned,19.0,19.0,0.0,1.0,0.0,0.0,0.032882012,0.0,0,0,0,0,0
41356,-1,1,0.28193063,0.5700195,1,1,unassigned,3.0,3.0,0.0,1.0,0.0,0.0,0.001934236,0.0,1,0,0,1,0
41357,-1,0,-0.46887684,0.38488215,0,1,unassigned,21.0,21.0,0.0,1.0,0.0,0.0,0.036750484,0.0,0,0,0,0,0
41358,-1,1,4.373822,0.98755395,1,1,unassigned,3.0,3.0,0.0,1.0,0.0,0.0,0.001934236,0.0,1,0,0,1,1
41359,1,0,-0.87666816,0.2938687,0,1,unassigned,5.0,5.0,0.0,1.0,0.0,0.0,0.0058027077,0.0,0,0,0,0,0
41360,-1,1,3.1276426,0.95801866,1,1,unassigned,12.0,11.0,1.0,0.9166667,0.083333336,0.08333331,0.01934236,0.0016118633,1,0,0,1,1
41361,-1,1,-0.61881465,0.3500511,0,1,unassigned,16.0,16.0,0.0,1.0,0.0,0.0,0.027079303,0.0,1,0,0,0,0
41362,-1,0,-0.19829711,0.45058754,0,1,unassigned,2.0,1.0,1.0,0.5,0.5,0.5,0.0,0.0,0,0,0,0,0
41363,-1,0,-0.13087142,0.4673288,0,1,unassigned,18.0,18.0,0.0,1.0,0.0,0.0,0.030947777,0.0,0,0,0,0,0
41364,-1,0,-0.41946238,0.39664543,0,1,unassigned,2.0,2.0,0.0,1.0,0.0,0.0,0.0,0.0,0,0,0,0,0
41365,0,1,-0.50123703,0.37725002,0,0,val,57.0,49.0,8.0,0.8596491,0.14035088,0.14035088,0.10638298,0.014930945,1,0,1,0,0
41366,0,0,0.22702318,0.5565133,1,1,val,13.0,12.0,1.0,0.9230769,0.07692308,0.07692307,0.021276595,0.0016366612,0,0,0,1,0
41367,0,0,-0.6632474,0.3400105,0,0,unassigned,40.0,39.0,1.0,0.975,0.025,0.024999976,0.07350097,0.0018375242,0,0,1,0,0
41368,-1,0,-0.94361174,0.28017136,0,1,unassigned,50.0,50.0,0.0,1.0,0.0,0.0,0.092843324,0.0,0,0,0,0,0
41369,-1,1,2.44858,0.92045754,1,1,unassigned,13.0,13.0,0.0,1.0,0.0,0.0,0.021276595,0.0,1,0,0,1,1
41370,1,1,-0.52163965,0.37246892,0,1,test,2.0,2.0,0.0,1.0,0.0,0.0,0.0,0.0,1,0,0,0,0
41371,-1,0,0.8895312,0.7087934,1,1,unassigned,4.0,4.0,0.0,1.0,0.0,0.0,0.003868472,0.0,0,0,0,1,0
41372,0,1,1.0924196,0.7488371,1,1,val,12.0,11.0,1.0,0.9166667,0.083333336,0.08333331,0.01934236,0.0016118633,1,0,0,1,0
41373,-1,1,0.9391423,0.71892637,1,1,unassigned,2.0,1.0,1.0,0.5,0.5,0.5,0.0,0.0,1,0,0,1,0
41374,-1,1,-0.43870425,0.39204976,0,1,unassigned,10.0,10.0,0.0,1.0,0.0,0.0,0.015473888,0.0,1,0,0,0,0
41375,-1,0,-0.60203445,0.35387838,0,1,unassigned,3.0,3.0,0.0,1.0,0.0,0.0,0.001934236,0.0,0,0,0,0,0
41376,-1,0,-0.14758533,0.46317047,0,1,unassigned,59.0,59.0,0.0,1.0,0.0,0.0,0.11025145,0.0,0,0,0,0,0
41377,-1,1,4.9191566,0.9927477,1,1,unassigned,43.0,42.0,1.0,0.9767442,0.023255814,0.023255825,0.079303674,0.0018442714,1,0,0,1,1
41378,-1,0,0.48562437,0.6190751,1,1,unassigned,23.0,22.0,1.0,0.95652175,0.04347826,0.04347825,0.040618956,0.0017660416,0,0,0,1,0
41379,-1,1,1.3578241,0.7954058,1,1,unassigned,8.0,8.0,0.0,1.0,0.0,0.0,0.0116054155,0.0,1,0,0,1,0
41380,-1,0,1.4275603,0.80652094,1,1,unassigned,16.0,16.0,0.0,1.0,0.0,0.0,0.027079303,0.0,0,0,0,1,0
41381,1,0,0.99214655,0.7295117,1,0,unassigned,16.0,16.0,0.0,1.0,0.0,0.0,0.027079303,0.0,0,0,1,1,0
41382,-1,0,2.211342,0.90126336,1,1,unassigned,3.0,2.0,1.0,0.6666667,0.33333334,0.3333333,0.001934236,0.00064474536,0,0,0,1,1
41383,-1,1,-0.6821837,0.3357741,0,1,unassigned,146.0,145.0,1.0,0.9931507,0.006849315,0.006849289,0.27852997,0.0019077396,1,0,0,0,0
41384,-1,1,-0.8935224,0.29038346,0,1,unassigned,71.0,71.0,0.0,1.0,0.0,0.0,0.13346228,0.0,1,0,0,0,0
41385,-1,0,5.7501645,0.9968278,1,1,unassigned,4.0,4.0,0.0,1.0,0.0,0.0,0.003868472,0.0,0,0,0,1,1
41386,-1,1,0.78445655,0.68663985,1,1,unassigned,11.0,10.0,1.0,0.90909094,0.09090909,0.090909064,0.017408123,0.0015825568,1,0,0,1,0
41387,-1,1,5.083223,0.99383837,1,1,unassigned,25.0,21.0,4.0,0.84,0.16,0.16000003,0.044487428,0.007117988,1,0,0,1,1
41388,-1,0,3.1264465,0.95797056,1,1,unassigned,6.0,6.0,0.0,1.0,0.0,0.0,0.007736944,0.0,0,0,0,1,1
41389,-1,1,-0.9206852,0.2848183,0,1,unassigned,80.0,79.0,1.0,0.9875,0.0125,0.012499988,0.15087041,0.0018858801,1,0,0,0,0
41390,-1,1,-0.8403773,0.30145532,0,1,unassigned,78.0,75.0,3.0,0.96153843,0.03846154,0.038461566,0.14700194,0.005653921,1,0,0,0,0
41391,-1,1,-0.6044291,0.35333103,0,1,unassigned,26.0,25.0,1.0,0.96153843,0.03846154,0.038461566,0.046421662,0.0017854486,1,0,0,0,0
41392,-1,1,1.8631556,0.86566436,1,1,unassigned,9.0,8.0,1.0,0.8888889,0.11111111,0.111111104,0.013539651,0.0015044058,1,0,0,1,0
41393,-1,1,0.36142677,0.5893858,1,1,unassigned,50.0,48.0,2.0,0.96,0.04,0.04000002,0.092843324,0.0037137328,1,0,0,1,0
41394,-1,1,3.054368,0.9549707,1,1,unassigned,12.0,12.0,0.0,1.0,0.0,0.0,0.01934236,0.0,1,0,0,1,1
41395,-1,1,2.8467057,0.94514817,1,1,unassigned,7.0,7.0,0.0,1.0,0.0,0.0,0.00967118,0.0,1,0,0,1,1
41396,-1,1,0.9495575,0.7210262,1,1,unassigned,3.0,3.0,0.0,1.0,0.0,0.0,0.001934236,0.0,1,0,0,1,0
41397,-1,1,-0.8361867,0.3023385,0,1,unassigned,36.0,31.0,5.0,0.8611111,0.1388889,0.1388889,0.065764025,0.009133893,1,0,0,0,0
41398,-1,1,1.5482795,0.82466507,1,1,unassigned,29.0,29.0,0.0,1.0,0.0,0.0,0.05222437,0.0,1,0,0,1,0
41399,-1,1,4.86151,0.9923206,1,1,unassigned,7.0,4.0,3.0,0.5714286,0.42857143,0.4285714,0.00967118,0.0041447915,1,0,0,1,1
41400,-1,1,3.4133258,0.9681184,1,1,unassigned,5.0,5.0,0.0,1.0,0.0,0.0,0.0058027077,0.0,1,0,0,1,1
41401,-1,0,-0.9590765,0.27706313,0,1,unassigned,37.0,36.0,1.0,0.972973,0.027027028,0.02702701,0.06769826,0.0018296828,0,0,0,0,0
41402,-1,0,1.6217933,0.8350423,1,1,unassigned,17.0,15.0,2.0,0.88235295,0.11764706,0.11764705,0.029013539,0.0034133575,0,0,0,1,0
41403,-1,0,0.040272832,0.5100668,1,1,unassigned,11.0,11.0,0.0,1.0,0.0,0.0,0.017408123,0.0,0,0,0,1,0
41404,0,0,2.2461102,0.90431446,1,1,test,8.0,8.0,0.0,1.0,0.0,0.0,0.0116054155,0.0,0,0,0,1,1
41405,-1,0,-0.32297075,0.4199519,0,1,unassigned,28.0,28.0,0.0,1.0,0.0,0.0,0.050290134,0.0,0,0,0,0,0
41406,-1,1,7.543924,0.999471,1,1,unassigned,10.0,10.0,0.0,1.0,0.0,0.0,0.015473888,0.0,1,0,0,1,1
41407,-1,0,1.5582998,0.82610923,1,1,unassigned,6.0,4.0,2.0,0.6666667,0.33333334,0.3333333,0.007736944,0.0025789815,0,0,0,1,0
41408,-1,0,0.4890843,0.61989075,1,1,unassigned,3.0,3.0,0.0,1.0,0.0,0.0,0.001934236,0.0,0,0,0,1,0
41409,-1,0,0.12461203,0.53111273,1,1,unassigned,16.0,16.0,0.0,1.0,0.0,0.0,0.027079303,0.0,0,0,0,1,0
41410,-1,0,-0.68287235,0.33562052,0,1,unassigned,27.0,27.0,0.0,1.0,0.0,0.0,0.0483559,0.0,0,0,0,0,0
41411,-1,0,-0.4798224,0.38229406,0,1,unassigned,29.0,29.0,0.0,1.0,0.0,0.0,0.05222437,0.0,0,0,0,0,0
41412,-1,1,0.61299616,0.64862394,1,1,unassigned,9.0,8.0,1.0,0.8888889,0.11111111,0.111111104,0.013539651,0.0015044058,1,0,0,1,0
41413,-1,0,-0.3610952,0.41069448,0,1,unassigned,10.0,10.0,0.0,1.0,0.0,0.0,0.015473888,0.0,0,0,0,0,0
41414,-1,1,1.6566861,0.8397926,1,1,unassigned,12.0,12.0,0.0,1.0,0.0,0.0,0.01934236,0.0,1,0,0,1,0
41415,-1,0,1.6783834,0.84269035,1,1,unassigned,10.0,10.0,0.0,1.0,0.0,0.0,0.015473888,0.0,0,0,0,1,0
41416,-1,0,0.12753326,0.5318402,1,1,unassigned,9.0,9.0,0.0,1.0,0.0,0.0,0.013539651,0.0,0,0,0,1,0
41417,-1,0,-0.65060794,0.34285256,0,1,unassigned,18.0,18.0,0.0,1.0,0.0,0.0,0.030947777,0.0,0,0,0,0,0
41418,-1,0,-0.15216783,0.46203125,0,1,unassigned,2.0,2.0,0.0,1.0,0.0,0.0,0.0,0.0,0,0,0,0,0
41419,-1,1,-0.3715691,0.40816194,0,1,unassigned,39.0,38.0,1.0,0.974359,0.025641026,0.025641024,0.07156673,0.0018350444,1,0,0,0,0
41420,-1,0,-0.18937296,0.45279774,0,1,unassigned,17.0,13.0,4.0,0.7647059,0.23529412,0.2352941,0.029013539,0.006826715,0,0,0,0,0
41421,-1,1,-0.85842586,0.29766834,0,1,unassigned,34.0,33.0,1.0,0.9705882,0.029411765,0.029411793,0.061895553,0.0018204574,1,0,0,0,0
41422,0,0,-0.17682663,0.45590815,0,0,val,27.0,26.0,1.0,0.962963,0.037037037,0.037037015,0.0483559,0.0017909593,0,0,1,0,0
41423,-1,1,-0.86410016,0.29648343,0,1,unassigned,56.0,56.0,0.0,1.0,0.0,0.0,0.10444874,0.0,1,0,0,0,0
41424,-1,1,0.30828875,0.5764675,1,1,unassigned,77.0,75.0,2.0,0.97402596,0.025974026,0.025974035,0.14506769,0.003767992,1,0,0,1,0
41425,-1,0,-0.20970988,0.44776383,0,1,unassigned,11.0,11.0,0.0,1.0,0.0,0.0,0.017408123,0.0,0,0,0,0,0
41426,-1,1,1.7377374,0.85039943,1,1,unassigned,20.0,20.0,0.0,1.0,0.0,0.0,0.034816246,0.0,1,0,0,1,0
41427,-1,0,7.565332,0.9994822,1,1,unassigned,7.0,4.0,3.0,0.5714286,0.42857143,0.4285714,0.00967118,0.0041447915,0,0,0,1,1
41428,-1,1,2.0243564,0.88333064,1,1,unassigned,3.0,2.0,1.0,0.6666667,0.33333334,0.3333333,0.001934236,0.00064474536,1,0,0,1,0
41429,-1,0,-0.46148202,0.3866343,0,1,unassigned,4.0,4.0,0.0,1.0,0.0,0.0,0.003868472,0.0,0,0,0,0,0
41430,1,0,-0.31107712,0.42285186,0,1,test,57.0,56.0,1.0,0.98245615,0.01754386,0.017543852,0.10638298,0.0018663681,0,0,0,0,0
41431,-1,0,0.1580438,0.5394289,1,1,unassigned,7.0,7.0,0.0,1.0,0.0,0.0,0.00967118,0.0,0,0,0,1,0
41432,-1,1,0.30602336,0.5759143,1,1,unassigned,31.0,29.0,2.0,0.9354839,0.06451613,0.06451613,0.056092843,0.003618893,1,0,0,1,0
41433,-1,0,-0.23730287,0.4409511,0,1,unassigned,2.0,2.0,0.0,1.0,0.0,0.0,0.0,0.0,0,0,0,0,0
41434,0,1,-0.61108404,0.35181195,0,0,test,13.0,13.0,0.0,1.0,0.0,0.0,0.021276595,0.0,1,0,1,0,0
41435,-1,1,6.8030715,0.99889094,1,1,unassigned,3.0,3.0,0.0,1.0,0.0,0.0,0.001934236,0.0,1,0,0,1,1
41436,-1,1,0.6791523,0.6635495,1,1,unassigned,2.0,2.0,0.0,1.0,0.0,0.0,0.0,0.0,1,0,0,1,0
41437,-1,1,13.873606,0.99999905,1,1,unassigned,3.0,2.0,1.0,0.6666667,0.33333334,0.3333333,0.001934236,0.00064474536,1,0,0,1,1
41438,-1,0,-0.36098,0.41072235,0,1,unassigned,4.0,3.0,1.0,0.75,0.25,0.25,0.003868472,0.000967118,0,0,0,0,0
41439,-1,1,-0.45112127,0.3890942,0,1,unassigned,2.0,2.0,0.0,1.0,0.0,0.0,0.0,0.0,1,0,0,0,0
41440,-1,1,8.362534,0.99976665,1,1,unassigned,2.0,1.0,1.0,0.5,0.5,0.5,0.0,0.0,1,0,0,1,1
41441,-1,1,4.9059443,0.992652,1,1,unassigned,20.0,20.0,0.0,1.0,0.0,0.0,0.034816246,0.0,1,0,0,1,1
41442,-1,1,2.7678864,0.9409156,1,1,unassigned,55.0,53.0,2.0,0.96363634,0.036363635,0.03636366,0.102514505,0.0037278,1,0,0,1,1
41443,-1,1,-0.7677597,0.31696394,0,1,unassigned,36.0,30.0,6.0,0.8333333,0.16666667,0.16666669,0.065764025,0.010960671,1,0,0,0,0
41444,-1,1,-0.63157725,0.34715298,0,1,unassigned,58.0,57.0,1.0,0.98275864,0.01724138,0.017241359,0.10831721,0.0018675381,1,0,0,0,0
41445,1,1,-0.8839855,0.29235256,0,1,test,69.0,68.0,1.0,0.98550725,0.014492754,0.01449275,0.1295938,0.0018781711,1,0,0,0,0
41446,-1,0,-0.4167205,0.39730176,0,1,unassigned,43.0,43.0,0.0,1.0,0.0,0.0,0.079303674,0.0,0,0,0,0,0
41447,-1,1,-0.81301725,0.3072479,0,1,unassigned,36.0,36.0,0.0,1.0,0.0,0.0,0.065764025,0.0,1,0,0,0,0
41448,-1,1,-0.51443815,0.37415367,0,1,unassigned,6.0,4.0,2.0,0.6666667,0.33333334,0.3333333,0.007736944,0.0025789815,1,0,0,0,0
41449,-1,1,-0.42499128,0.395323,0,1,unassigned,40.0,38.0,2.0,0.95,0.05,0.050000012,0.07350097,0.0036750485,1,0,0,0,0
41450,-1,1,-0.27770713,0.43101597,0,1,unassigned,31.0,31.0,0.0,1.0,0.0,0.0,0.056092843,0.0,1,0,0,0,0
41451,-1,1,-0.04954183,0.48761708,0,1,unassigned,17.0,17.0,0.0,1.0,0.0,0.0,0.029013539,0.0,1,0,0,0,0
41452,-1,0,-0.41099,0.39867476,0,1,unassigned,8.0,8.0,0.0,1.0,0.0,0.0,0.0116054155,0.0,0,0,0,0,0
41453,-1,0,-0.9071385,0.28758574,0,1,unassigned,51.0,50.0,1.0,0.98039216,0.019607844,0.019607842,0.09477756,0.0018583836,0,0,0,0,0
41454,0,0,-0.18642229,0.45352894,0,0,test,2.0,2.0,0.0,1.0,0.0,0.0,0.0,0.0,0,0,1,0,0
41455,-1,0,-0.7356579,0.32395437,0,1,unassigned,30.0,30.0,0.0,1.0,0.0,0.0,0.054158606,0.0,0,0,0,0,0
41456,-1,1,1.8226078,0.8608787,1,1,unassigned,4.0,4.0,0.0,1.0,0.0,0.0,0.003868472,0.0,1,0,0,1,0
41457,1,1,-0.85218084,0.2989756,0,1,unassigned,11.0,11.0,0.0,1.0,0.0,0.0,0.017408123,0.0,1,0,0,0,0
41458,-1,0,-0.3786261,0.4064583,0,1,unassigned,2.0,2.0,0.0,1.0,0.0,0.0,0.0,0.0,0,0,0,0,0
41459,-1,0,4.6542783,0.990569,1,1,unassigned,4.0,3.0,1.0,0.75,0.25,0.25,0.003868472,0.000967118,0,0,0,1,1
41460,-1,1,0.42547113,0.60479164,1,1,unassigned,54.0,52.0,2.0,0.962963,0.037037037,0.037037015,0.10058027,0.003725195,1,0,0,1,0
41461,-1,0,2.6467733,0.9338118,1,1,unassigned,6.0,2.0,4.0,0.33333334,0.6666667,0.6666666,0.007736944,0.005157963,0,0,0,1,1
41462,-1,0,2.2405539,0.9038326,1,1,unassigned,3.0,3.0,0.0,1.0,0.0,0.0,0.001934236,0.0,0,0,0,1,1
41463,-1,0,-0.9608404,0.27670997,0,1,unassigned,24.0,23.0,1.0,0.9583333,0.041666668,0.041666687,0.04255319,0.0017730496,0,0,0,0,0
41464,-1,0,3.6938946,0.9757288,1,1,unassigned,10.0,10.0,0.0,1.0,0.0,0.0,0.015473888,0.0,0,0,0,1,1
41465,-1,0,0.2266478,0.5564206,1,1,unassigned,13.0,7.0,6.0,0.53846157,0.46153846,0.46153843,0.021276595,0.009819967,0,0,0,1,0
41466,-1,1,0.20045191,0.5499459,1,1,unassigned,17.0,17.0,0.0,1.0,0.0,0.0,0.029013539,0.0,1,0,0,1,0
41467,-1,0,13.352127,0.99999845,1,1,unassigned,3.0,3.0,0.0,1.0,0.0,0.0,0.001934236,0.0,0,0,0,1,1
41468,-1,0,9.300468,0.99990857,1,1,unassigned,2.0,2.0,0.0,1.0,0.0,0.0,0.0,0.0,0,0,0,1,1
41469,-1,0,-0.29663816,0.42637953,0,1,unassigned,8.0,8.0,0.0,1.0,0.0,0.0,0.0116054155,0.0,0,0,0,0,0
41470,0,0,0.32106882,0.5795847,1,1,test,27.0,27.0,0.0,1.0,0.0,0.0,0.0483559,0.0,0,0,0,1,0
41471,-1,0,-0.30306226,0.42480907,0,1,unassigned,30.0,30.0,0.0,1.0,0.0,0.0,0.054158606,0.0,0,0,0,0,0
41472,1,1,1.8144124,0.85989434,1,0,unassigned,99.0,90.0,9.0,0.90909094,0.09090909,0.090909064,0.1876209,0.017056445,1,0,1,1,0
41473,-1,1,-0.7350964,0.32407734,0,1,unassigned,7.0,7.0,0.0,1.0,0.0,0.0,0.00967118,0.0,1,0,0,0,0
41474,-1,1,-0.7483204,0.3211874,0,1,unassigned,40.0,38.0,2.0,0.95,0.05,0.050000012,0.07350097,0.0036750485,1,0,0,0,0
41475,-1,1,0.85403734,0.7014134,1,1,unassigned,47.0,46.0,1.0,0.9787234,0.021276595,0.021276593,0.08704062,0.001851928,1,0,0,1,0
41476,-1,0,-0.020539522,0.4948653,0,1,unassigned,74.0,74.0,0.0,1.0,0.0,0.0,0.13926499,0.0,0,0,0,0,0
41477,-1,1,-0.6349008,0.3464001,0,1,unassigned,84.0,83.0,1.0,0.9880952,0.011904762,0.011904776,0.15860735,0.0018881827,1,0,0,0,0
41478,-1,1,3.3869712,0.9672948,1,1,unassigned,2.0,2.0,0.0,1.0,0.0,0.0,0.0,0.0,1,0,0,1,1
41479,-1,0,-0.3359573,0.41679186,0,1,unassigned,3.0,3.0,0.0,1.0,0.0,0.0,0.001934236,0.0,0,0,0,0,0
41480,1,0,-0.34759024,0.4139669,0,1,val,19.0,17.0,2.0,0.8947368,0.10526316,0.10526317,0.032882012,0.0034612645,0,0,0,0,0
41481,-1,1,0.4047138,0.5998197,1,1,unassigned,34.0,34.0,0.0,1.0,0.0,0.0,0.061895553,0.0,1,0,0,1,0
41482,-1,1,1.4744647,0.813735,1,1,unassigned,3.0,3.0,0.0,1.0,0.0,0.0,0.001934236,0.0,1,0,0,1,0
41483,-1,0,4.3728786,0.98754233,1,1,unassigned,3.0,3.0,0.0,1.0,0.0,0.0,0.001934236,0.0,0,0,0,1,1
41484,-1,0,-0.15073103,0.4623884,0,1,unassigned,5.0,5.0,0.0,1.0,0.0,0.0,0.0058027077,0.0,0,0,0,0,0
41485,-1,0,-0.9201295,0.2849315,0,1,unassigned,73.0,73.0,0.0,1.0,0.0,0.0,0.13733076,0.0,0,0,0,0,0
41486,-1,0,0.67810005,0.66331446,1,1,unassigned,3.0,3.0,0.0,1.0,0.0,0.0,0.001934236,0.0,0,0,0,1,0
41487,-1,0,1.3476675,0.793748,1,1,unassigned,2.0,2.0,0.0,1.0,0.0,0.0,0.0,0.0,0,0,0,1,0
41488,1,0,0.47971338,0.61768013,1,0,test,17.0,17.0,0.0,1.0,0.0,0.0,0.029013539,0.0,0,0,1,1,0
41489,-1,0,0.044046104,0.51100975,1,1,unassigned,25.0,21.0,4.0,0.84,0.16,0.16000003,0.044487428,0.007117988,0,0,0,1,0
41490,-1,0,-0.20909652,0.4479155,0,1,unassigned,9.0,9.0,0.0,1.0,0.0,0.0,0.013539651,0.0,0,0,0,0,0
41491,-1,0,-0.58443487,0.35791278,0,1,unassigned,29.0,27.0,2.0,0.9310345,0.06896552,0.068965495,0.05222437,0.0036016807,0,0,0,0,0
41492,-1,1,-0.23501182,0.441516,0,1,unassigned,8.0,8.0,0.0,1.0,0.0,0.0,0.0116054155,0.0,1,0,0,0,0
41493,-1,0,-0.18038279,0.45502618,0,1,unassigned,13.0,13.0,0.0,1.0,0.0,0.0,0.021276595,0.0,0,0,0,0,0
41494,-1,0,4.0554247,0.982967,1,1,unassigned,3.0,3.0,0.0,1.0,0.0,0.0,0.001934236,0.0,0,0,0,1,1
41495,-1,0,1.542815,0.8238736,1,1,unassigned,3.0,3.0,0.0,1.0,0.0,0.0,0.001934236,0.0,0,0,0,1,0
41496,-1,1,0.4457808,0.6096356,1,1,unassigned,4.0,4.0,0.0,1.0,0.0,0.0,0.003868472,0.0,1,0,0,1,0
41497,-1,0,-0.14615688,0.46352568,0,1,unassigned,67.0,64.0,3.0,0.95522386,0.04477612,0.04477614,0.12572534,0.005629493,0,0,0,0,0
41498,-1,1,5.0955405,0.99391323,1,1,unassigned,8.0,8.0,0.0,1.0,0.0,0.0,0.0116054155,0.0,1,0,0,1,1
41499,-1,0,1.6010602,0.8321665,1,1,unassigned,10.0,9.0,1.0,0.9,0.1,0.100000024,0.015473888,0.0015473888,0,0,0,1,0
41500,1,0,2.6810572,0.93589956,1,0,test,15.0,14.0,1.0,0.93333334,0.06666667,0.06666666,0.025145067,0.0016763379,0,0,1,1,1
41501,-1,1,0.035609186,0.50890136,1,1,unassigned,2.0,2.0,0.0,1.0,0.0,0.0,0.0,0.0,1,0,0,1,0
41502,-1,0,4.645597,0.99048764,1,1,unassigned,17.0,17.0,0.0,1.0,0.0,0.0,0.029013539,0.0,0,0,0,1,1
41503,-1,1,-0.1299777,0.46755123,0,1,unassigned,6.0,6.0,0.0,1.0,0.0,0.0,0.007736944,0.0,1,0,0,0,0
41504,-1,0,-0.8612336,0.29708168,0,1,unassigned,38.0,37.0,1.0,0.9736842,0.02631579,0.026315808,0.06963249,0.0018324341,0,0,0,0,0
41505,-1,0,2.5100791,0.92484546,1,1,unassigned,7.0,6.0,1.0,0.85714287,0.14285715,0.14285713,0.00967118,0.0013815971,0,0,0,1,1
41506,-1,1,5.9377112,0.9973688,1,1,unassigned,2.0,1.0,1.0,0.5,0.5,0.5,0.0,0.0,1,0,0,1,1
41507,-1,0,0.7470682,0.6785396,1,1,unassigned,2.0,2.0,0.0,1.0,0.0,0.0,0.0,0.0,0,0,0,1,0
41508,-1,0,1.1225417,0.75445986,1,1,unassigned,19.0,19.0,0.0,1.0,0.0,0.0,0.032882012,0.0,0,0,0,1,0
41509,-1,0,-0.5872083,0.35727566,0,1,unassigned,26.0,26.0,0.0,1.0,0.0,0.0,0.046421662,0.0,0,0,0,0,0
41510,-1,1,0.6830862,0.66442716,1,1,unassigned,6.0,6.0,0.0,1.0,0.0,0.0,0.007736944,0.0,1,0,0,1,0
41511,-1,0,-0.31480503,0.4219423,0,1,unassigned,44.0,44.0,0.0,1.0,0.0,0.0,0.08123791,0.0,0,0,0,0,0
41512,-1,0,-0.2444511,0.43918973,0,1,unassigned,8.0,8.0,0.0,1.0,0.0,0.0,0.0116054155,0.0,0,0,0,0,0
41513,1,0,0.28547668,0.5708884,1,0,unassigned,10.0,10.0,0.0,1.0,0.0,0.0,0.015473888,0.0,0,0,1,1,0
41514,-1,0,-0.56923914,0.36141244,0,1,unassigned,19.0,19.0,0.0,1.0,0.0,0.0,0.032882012,0.0,0,0,0,0,0
41515,-1,0,24.109753,1.0,1,1,unassigned,89.0,89.0,0.0,1.0,0.0,0.0,0.16827853,0.0,0,0,0,1,1
41516,-1,0,3.795089,0.97801334,1,1,unassigned,2.0,2.0,0.0,1.0,0.0,0.0,0.0,0.0,0,0,0,1,1
41517,-1,1,2.7787874,0.9415187,1,1,unassigned,2.0,2.0,0.0,1.0,0.0,0.0,0.0,0.0,1,0,0,1,1
41518,-1,1,0.7680438,0.68309754,1,1,unassigned,10.0,10.0,0.0,1.0,0.0,0.0,0.015473888,0.0,1,0,0,1,0
41519,-1,0,-0.53584015,0.3691558,0,1,unassigned,45.0,45.0,0.0,1.0,0.0,0.0,0.08317215,0.0,0,0,0,0,0
41520,-1,1,0.39327413,0.59707063,1,1,unassigned,4.0,4.0,0.0,1.0,0.0,0.0,0.003868472,0.0,1,0,0,1,0
41521,0,0,0.1485197,0.5370618,1,1,unassigned,14.0,14.0,0.0,1.0,0.0,0.0,0.023210831,0.0,0,0,0,1,0
41522,-1,0,-0.7924148,0.3116504,0,1,unassigned,32.0,29.0,3.0,0.90625,0.09375,0.09375,0.058027077,0.0054400386,0,0,0,0,0
41523,-1,0,-0.9001383,0.28902206,0,1,unassigned,55.0,54.0,1.0,0.9818182,0.018181818,0.0181818,0.102514505,0.0018639,0,0,0,0,0
41524,-1,0,-0.390271,0.40365204,0,1,unassigned,19.0,19.0,0.0,1.0,0.0,0.0,0.032882012,0.0,0,0,0,0,0
41525,-1,0,-0.90059114,0.28892902,0,1,unassigned,26.0,26.0,0.0,1.0,0.0,0.0,0.046421662,0.0,0,0,0,0,0
41526,-1,1,3.357435,0.96634746,1,1,unassigned,2.0,2.0,0.0,1.0,0.0,0.0,0.0,0.0,1,0,0,1,1
41527,-1,0,-0.4983217,0.37793517,0,1,unassigned,48.0,48.0,0.0,1.0,0.0,0.0,0.088974856,0.0,0,0,0,0,0
41528,-1,0,1.2866046,0.78357196,1,1,unassigned,13.0,13.0,0.0,1.0,0.0,0.0,0.021276595,0.0,0,0,0,1,0
41529,-1,1,1.8013499,0.8583132,1,1,unassigned,6.0,6.0,0.0,1.0,0.0,0.0,0.007736944,0.0,1,0,0,1,0
41530,1,0,0.14626652,0.5365016,1,0,test,20.0,20.0,0.0,1.0,0.0,0.0,0.034816246,0.0,0,0,1,1,0
41531,-1,0,-0.7063079,0.3304152,0,1,unassigned,7.0,7.0,0.0,1.0,0.0,0.0,0.00967118,0.0,0,0,0,0,0
41532,-1,0,2.4424355,0.92000645,1,1,unassigned,31.0,31.0,0.0,1.0,0.0,0.0,0.056092843,0.0,0,0,0,1,1
41533,-1,0,-0.4803573,0.38216776,0,1,unassigned,3.0,3.0,0.0,1.0,0.0,0.0,0.001934236,0.0,0,0,0,0,0
41534,-1,0,-0.505512,0.3762462,0,1,unassigned,12.0,11.0,1.0,0.9166667,0.083333336,0.08333331,0.01934236,0.0016118633,0,0,0,0,0
41535,-1,0,-0.77440953,0.315526,0,1,unassigned,19.0,18.0,1.0,0.94736844,0.05263158,0.052631557,0.032882012,0.0017306323,0,0,0,0,0
41536,0,1,0.3180583,0.578851,1,1,train,10.0,10.0,0.0,1.0,0.0,0.0,0.015473888,0.0,1,0,0,1,0
41537,-1,1,8.746095,0.999841,1,1,unassigned,7.0,6.0,1.0,0.85714287,0.14285715,0.14285713,0.00967118,0.0013815971,1,0,0,1,1
41538,-1,1,8.665209,0.9998275,1,1,unassigned,9.0,6.0,3.0,0.6666667,0.33333334,0.3333333,0.013539651,0.004513217,1,0,0,1,1
41539,-1,0,10.078618,0.99995804,1,1,unassigned,4.0,4.0,0.0,1.0,0.0,0.0,0.003868472,0.0,0,0,0,1,1
41540,-1,0,-0.5226446,0.37223402,0,1,unassigned,22.0,22.0,0.0,1.0,0.0,0.0,0.03868472,0.0,0,0,0,0,0
41541,-1,0,0.012162983,0.5030407,1,1,unassigned,14.0,14.0,0.0,1.0,0.0,0.0,0.023210831,0.0,0,0,0,1,0
41542,-1,0,8.265305,0.9997428,1,1,unassigned,5.0,5.0,0.0,1.0,0.0,0.0,0.0058027077,0.0,0,0,0,1,1
41543,-1,1,3.4852736,0.97026587,1,1,unassigned,5.0,4.0,1.0,0.8,0.2,0.19999999,0.0058027077,0.0011605415,1,0,0,1,1
41544,-1,0,0.748813,0.67892003,1,1,unassigned,2.0,2.0,0.0,1.0,0.0,0.0,0.0,0.0,0,0,0,1,0
41545,1,1,4.5252776,0.98928434,1,0,test,2.0,2.0,0.0,1.0,0.0,0.0,0.0,0.0,1,0,1,1,1
41546,1,1,0.8127379,0.69269264,1,0,unassigned,6.0,6.0,0.0,1.0,0.0,0.0,0.007736944,0.0,1,0,1,1,0
41547,-1,1,8.742348,0.9998404,1,1,unassigned,2.0,2.0,0.0,1.0,0.0,0.0,0.0,0.0,1,0,0,1,1
41548,-1,0,2.951549,0.95033664,1,1,unassigned,2.0,2.0,0.0,1.0,0.0,0.0,0.0,0.0,0,0,0,1,1
41549,-1,0,5.0343637,0.99353176,1,1,unassigned,2.0,2.0,0.0,1.0,0.0,0.0,0.0,0.0,0,0,0,1,1
41550,0,0,-0.26869106,0.43322846,0,0,unassigned,12.0,11.0,1.0,0.9166667,0.083333336,0.08333331,0.01934236,0.0016118633,0,0,1,0,0
41551,-1,1,-0.7163899,0.32818845,0,1,unassigned,66.0,59.0,7.0,0.8939394,0.10606061,0.106060624,0.123791106,0.01312936,1,0,0,0,0
41552,-1,1,0.8269755,0.69571507,1,1,unassigned,2.0,2.0,0.0,1.0,0.0,0.0,0.0,0.0,1,0,0,1,0
41553,1,0,-0.9204063,0.28487512,0,1,unassigned,47.0,47.0,0.0,1.0,0.0,0.0,0.08704062,0.0,0,0,0,0,0
41554,-1,0,-0.36598986,0.40951034,0,1,unassigned,6.0,6.0,0.0,1.0,0.0,0.0,0.007736944,0.0,0,0,0,0,0
41555,-1,0,-1.0050813,0.26794353,0,1,unassigned,35.0,35.0,0.0,1.0,0.0,0.0,0.06382979,0.0,0,0,0,0,0
41556,-1,0,-0.28089827,0.43023357,0,1,unassigned,9.0,9.0,0.0,1.0,0.0,0.0,0.013539651,0.0,0,0,0,0,0
41557,1,0,-0.22564068,0.443828,0,1,val,31.0,31.0,0.0,1.0,0.0,0.0,0.056092843,0.0,0,0,0,0,0
41558,-1,0,-0.45360586,0.3885038,0,1,unassigned,4.0,4.0,0.0,1.0,0.0,0.0,0.003868472,0.0,0,0,0,0,0
41559,-1,0,0.18555099,0.5462551,1,1,unassigned,25.0,24.0,1.0,0.96,0.04,0.04000002,0.044487428,0.001779497,0,0,0,1,0
41560,-1,1,0.47864288,0.6174274,1,1,unassigned,14.0,13.0,1.0,0.9285714,0.071428575,0.0714286,0.023210831,0.0016579166,1,0,0,1,0
41561,-1,0,2.4256923,0.91876554,1,1,unassigned,6.0,6.0,0.0,1.0,0.0,0.0,0.007736944,0.0,0,0,0,1,1
41562,-1,0,2.4851825,0.9230965,1,1,unassigned,14.0,14.0,0.0,1.0,0.0,0.0,0.023210831,0.0,0,0,0,1,1
41563,-1,0,-0.00013399124,0.4999665,0,1,unassigned,12.0,10.0,2.0,0.8333333,0.16666667,0.16666669,0.01934236,0.0032237265,0,0,0,0,0
41564,-1,0,3.5565913,0.97225577,1,1,unassigned,12.0,9.0,3.0,0.75,0.25,0.25,0.01934236,0.00483559,0,0,0,1,1
41565,1,0,-0.09790847,0.4755424,0,1,unassigned,8.0,4.0,4.0,0.5,0.5,0.5,0.0116054155,0.0058027077,0,0,0,0,0
41566,-1,0,-0.18750125,0.45326158,0,1,unassigned,8.0,8.0,0.0,1.0,0.0,0.0,0.0116054155,0.0,0,0,0,0,0
41567,-1,1,2.5152147,0.92520154,1,1,unassigned,7.0,7.0,0.0,1.0,0.0,0.0,0.00967118,0.0,1,0,0,1,1
41568,-1,1,2.2061791,0.9008031,1,1,unassigned,17.0,17.0,0.0,1.0,0.0,0.0,0.029013539,0.0,1,0,0,1,1
41569,-1,1,0.21616477,0.55383176,1,1,unassigned,18.0,18.0,0.0,1.0,0.0,0.0,0.030947777,0.0,1,0,0,1,0
41570,-1,1,0.4450137,0.609453,1,1,unassigned,2.0,2.0,0.0,1.0,0.0,0.0,0.0,0.0,1,0,0,1,0
41571,-1,0,-0.95695126,0.27748904,0,1,unassigned,33.0,33.0,0.0,1.0,0.0,0.0,0.059961315,0.0,0,0,0,0,0
41572,-1,0,-0.13978624,0.4651102,0,1,unassigned,14.0,14.0,0.0,1.0,0.0,0.0,0.023210831,0.0,0,0,0,0,0
41573,-1,0,-0.6985791,0.33212733,0,1,unassigned,36.0,35.0,1.0,0.9722222,0.027777778,0.027777791,0.065764025,0.0018267785,0,0,0,0,0
41574,-1,0,-0.8061135,0.3087193,0,1,unassigned,32.0,32.0,0.0,1.0,0.0,0.0,0.058027077,0.0,0,0,0,0,0
41575,-1,1,0.13537252,0.53379154,1,1,unassigned,18.0,16.0,2.0,0.8888889,0.11111111,0.111111104,0.030947777,0.0034386418,1,0,0,1,0
41576,-1,1,1.8613994,0.86546004,1,1,unassigned,6.0,6.0,0.0,1.0,0.0,0.0,0.007736944,0.0,1,0,0,1,0
41577,-1,0,-0.29351452,0.42714366,0,1,unassigned,7.0,7.0,0.0,1.0,0.0,0.0,0.00967118,0.0,0,0,0,0,0
41578,0,0,0.23592061,0.5587081,1,1,unassigned,3.0,1.0,2.0,0.33333334,0.6666667,0.6666666,0.001934236,0.0012894907,0,0,0,1,0
41579,0,1,-0.009078264,0.49773046,0,0,val,10.0,9.0,1.0,0.9,0.1,0.100000024,0.015473888,0.0015473888,1,0,1,0,0
41580,1,1,0.8633463,0.7033593,1,0,unassigned,3.0,3.0,0.0,1.0,0.0,0.0,0.001934236,0.0,1,0,1,1,0
41581,-1,1,8.6972475,0.999833,1,1,unassigned,2.0,2.0,0.0,1.0,0.0,0.0,0.0,0.0,1,0,0,1,1
41582,-1,0,-0.057806075,0.4855525,0,1,unassigned,5.0,5.0,0.0,1.0,0.0,0.0,0.0058027077,0.0,0,0,0,0,0
41583,0,1,4.0838575,0.9834366,1,1,test,3.0,2.0,1.0,0.6666667,0.33333334,0.3333333,0.001934236,0.00064474536,1,0,0,1,1
41584,-1,0,3.9810421,0.98167586,1,1,unassigned,2.0,2.0,0.0,1.0,0.0,0.0,0.0,0.0,0,0,0,1,1
41585,-1,1,3.5092657,0.97095025,1,1,unassigned,3.0,3.0,0.0,1.0,0.0,0.0,0.001934236,0.0,1,0,0,1,1
41586,-1,0,8.76808,0.99984443,1,1,unassigned,2.0,2.0,0.0,1.0,0.0,0.0,0.0,0.0,0,0,0,1,1
41587,-1,0,-0.14704788,0.4633041,0,1,unassigned,14.0,14.0,0.0,1.0,0.0,0.0,0.023210831,0.0,0,0,0,0,0
41588,-1,0,3.0510032,0.9548258,1,1,unassigned,7.0,1.0,6.0,0.14285715,0.85714287,0.85714287,0.00967118,0.008289583,0,0,0,1,1
41589,-1,1,4.0226007,0.9824087,1,1,unassigned,2.0,2.0,0.0,1.0,0.0,0.0,0.0,0.0,1,0,0,1,1
41590,-1,0,-0.3935009,0.40287483,0,1,unassigned,10.0,10.0,0.0,1.0,0.0,0.0,0.015473888,0.0,0,0,0,0,0
41591,-1,0,-0.12522447,0.46873474,0,1,unassigned,5.0,5.0,0.0,1.0,0.0,0.0,0.0058027077,0.0,0,0,0,0,0
41592,-1,0,-0.7911733,0.3119168,0,1,unassigned,10.0,9.0,1.0,0.9,0.1,0.100000024,0.015473888,0.0015473888,0,0,0,0,0
41593,-1,0,-0.7391635,0.32318708,0,1,unassigned,64.0,64.0,0.0,1.0,0.0,0.0,0.11992263,0.0,0,0,0,0,0
41594,-1,0,11.777748,0.9999924,1,1,unassigned,2.0,1.0,1.0,0.5,0.5,0.5,0.0,0.0,0,0,0,1,1
41595,-1,1,-0.021497428,0.49462584,0,1,unassigned,14.0,14.0,0.0,1.0,0.0,0.0,0.023210831,0.0,1,0,0,0,0
41596,-1,0,-0.28868604,0.42832556,0,1,unassigned,11.0,11.0,0.0,1.0,0.0,0.0,0.017408123,0.0,0,0,0,0,0
41597,-1,0,0.5081478,0.6243722,1,1,unassigned,5.0,5.0,0.0,1.0,0.0,0.0,0.0058027077,0.0,0,0,0,1,0
41598,-1,1,2.2888916,0.90795285,1,1,unassigned,2.0,2.0,0.0,1.0,0.0,0.0,0.0,0.0,1,0,0,1,1
41599,-1,0,1.4876065,0.81571877,1,1,unassigned,5.0,5.0,0.0,1.0,0.0,0.0,0.0058027077,0.0,0,0,0,1,0
41600,-1,0,12.796007,0.99999726,1,1,unassigned,29.0,26.0,3.0,0.8965517,0.10344828,0.10344827,0.05222437,0.005402521,0,0,0,1,1
41601,-1,1,1.8563821,0.86487466,1,1,unassigned,7.0,5.0,2.0,0.71428573,0.2857143,0.28571427,0.00967118,0.0027631943,1,0,0,1,0
41602,-1,1,-0.29069233,0.4278344,0,1,unassigned,6.0,6.0,0.0,1.0,0.0,0.0,0.007736944,0.0,1,0,0,0,0
41603,-1,1,-0.44947174,0.38948637,0,1,unassigned,38.0,37.0,1.0,0.9736842,0.02631579,0.026315808,0.06963249,0.0018324341,1,0,0,0,0
41604,-1,0,-0.6039405,0.3534427,0,1,unassigned,71.0,71.0,0.0,1.0,0.0,0.0,0.13346228,0.0,0,0,0,0,0
41605,-1,0,-0.38063,0.40597495,0,1,unassigned,25.0,25.0,0.0,1.0,0.0,0.0,0.044487428,0.0,0,0,0,0,0
41606,-1,0,3.4358265,0.9688056,1,1,unassigned,4.0,3.0,1.0,0.75,0.25,0.25,0.003868472,0.000967118,0,0,0,1,1
41607,-1,0,-0.9148814,0.286002,0,1,unassigned,4.0,4.0,0.0,1.0,0.0,0.0,0.003868472,0.0,0,0,0,0,0
41608,-1,0,-0.061937273,0.4845206,0,1,unassigned,48.0,48.0,0.0,1.0,0.0,0.0,0.088974856,0.0,0,0,0,0,0
41609,-1,1,2.0139077,0.8822496,1,1,unassigned,4.0,4.0,0.0,1.0,0.0,0.0,0.003868472,0.0,1,0,0,1,0
41610,-1,1,0.9902964,0.7291465,1,1,unassigned,2.0,2.0,0.0,1.0,0.0,0.0,0.0,0.0,1,0,0,1,0
41611,-1,1,0.36629564,0.5905636,1,1,unassigned,11.0,11.0,0.0,1.0,0.0,0.0,0.017408123,0.0,1,0,0,1,0
41612,-1,0,4.354881,0.98731893,1,1,unassigned,6.0,5.0,1.0,0.8333333,0.16666667,0.16666669,0.007736944,0.0012894907,0,0,0,1,1
41613,-1,1,3.2431033,0.96242446,1,1,unassigned,3.0,3.0,0.0,1.0,0.0,0.0,0.001934236,0.0,1,0,0,1,1
41614,-1,1,3.2612045,0.9630736,1,1,unassigned,16.0,16.0,0.0,1.0,0.0,0.0,0.027079303,0.0,1,0,0,1,1
41615,-1,0,3.9731438,0.9815332,1,1,unassigned,5.0,5.0,0.0,1.0,0.0,0.0,0.0058027077,0.0,0,0,0,1,1
41616,-1,1,0.31426287,0.57792544,1,1,unassigned,3.0,3.0,0.0,1.0,0.0,0.0,0.001934236,0.0,1,0,0,1,0
41617,-1,0,7.2996955,0.9993247,1,1,unassigned,2.0,2.0,0.0,1.0,0.0,0.0,0.0,0.0,0,0,0,1,1
41618,-1,0,2.9803562,0.9516788,1,1,unassigned,2.0,2.0,0.0,1.0,0.0,0.0,0.0,0.0,0,0,0,1,1
41619,-1,1,1.1722541,0.76355225,1,1,unassigned,3.0,3.0,0.0,1.0,0.0,0.0,0.001934236,0.0,1,0,0,1,0
41620,-1,0,-0.5952551,0.35543,0,1,unassigned,9.0,9.0,0.0,1.0,0.0,0.0,0.013539651,0.0,0,0,0,0,0
41621,-1,1,1.0869563,0.74780816,1,1,unassigned,6.0,4.0,2.0,0.6666667,0.33333334,0.3333333,0.007736944,0.0025789815,1,0,0,1,0
41622,0,1,-0.88063383,0.29304647,0,0,test,8.0,6.0,2.0,0.75,0.25,0.25,0.0116054155,0.0029013539,1,0,1,0,0
41623,-1,1,0.19005603,0.54737145,1,1,unassigned,2.0,1.0,1.0,0.5,0.5,0.5,0.0,0.0,1,0,0,1,0
41624,-1,1,3.5389192,0.97177505,1,1,unassigned,25.0,25.0,0.0,1.0,0.0,0.0,0.044487428,0.0,1,0,0,1,1
41625,-1,0,-0.15026501,0.46250427,0,1,unassigned,2.0,2.0,0.0,1.0,0.0,0.0,0.0,0.0,0,0,0,0,0
41626,1,1,2.8025508,0.9428135,1,0,val,13.0,13.0,0.0,1.0,0.0,0.0,0.021276595,0.0,1,0,1,1,1
41627,-1,0,-0.22082776,0.44501635,0,1,unassigned,8.0,8.0,0.0,1.0,0.0,0.0,0.0116054155,0.0,0,0,0,0,0
41628,-1,0,0.18542749,0.54622453,1,1,unassigned,13.0,13.0,0.0,1.0,0.0,0.0,0.021276595,0.0,0,0,0,1,0
41629,-1,0,-0.7415215,0.32267153,0,1,unassigned,90.0,90.0,0.0,1.0,0.0,0.0,0.17021276,0.0,0,0,0,0,0
41630,-1,0,-0.551834,0.36543903,0,1,unassigned,42.0,42.0,0.0,1.0,0.0,0.0,0.07736944,0.0,0,0,0,0,0
41631,-1,1,-0.435686,0.39276937,0,1,unassigned,21.0,19.0,2.0,0.9047619,0.0952381,0.09523809,0.036750484,0.0035000462,1,0,0,0,0
41632,-1,0,-0.84442925,0.30060276,0,1,unassigned,22.0,22.0,0.0,1.0,0.0,0.0,0.03868472,0.0,0,0,0,0,0
41633,-1,0,-0.273425,0.43206644,0,1,unassigned,29.0,29.0,0.0,1.0,0.0,0.0,0.05222437,0.0,0,0,0,0,0
41634,0,0,-0.3664212,0.4094061,0,0,unassigned,10.0,10.0,0.0,1.0,0.0,0.0,0.015473888,0.0,0,0,1,0,0
41635,-1,0,6.110006,0.99778444,1,1,unassigned,6.0,6.0,0.0,1.0,0.0,0.0,0.007736944,0.0,0,0,0,1,1
41636,-1,0,3.212744,0.96131104,1,1,unassigned,4.0,4.0,0.0,1.0,0.0,0.0,0.003868472,0.0,0,0,0,1,1
41637,-1,1,0.1754238,0.54374385,1,1,unassigned,2.0,2.0,0.0,1.0,0.0,0.0,0.0,0.0,1,0,0,1,0
41638,-1,0,0.14816862,0.53697455,1,1,unassigned,2.0,2.0,0.0,1.0,0.0,0.0,0.0,0.0,0,0,0,1,0
41639,-1,1,0.95624274,0.7223689,1,1,unassigned,2.0,2.0,0.0,1.0,0.0,0.0,0.0,0.0,1,0,0,1,0
41640,-1,0,0.36196816,0.58951676,1,1,unassigned,3.0,2.0,1.0,0.6666667,0.33333334,0.3333333,0.001934236,0.00064474536,0,0,0,1,0
41641,-1,1,5.453236,0.99573576,1,1,unassigned,2.0,2.0,0.0,1.0,0.0,0.0,0.0,0.0,1,0,0,1,1
41642,-1,0,-0.16446641,0.45897585,0,1,unassigned,13.0,12.0,1.0,0.9230769,0.07692308,0.07692307,0.021276595,0.0016366612,0,0,0,0,0
41643,-1,0,1.2093136,0.7701774,1,1,unassigned,6.0,6.0,0.0,1.0,0.0,0.0,0.007736944,0.0,0,0,0,1,0
41644,-1,0,-1.3889873,0.19956946,0,1,unassigned,5.0,5.0,0.0,1.0,0.0,0.0,0.0058027077,0.0,0,0,0,0,0
41645,-1,0,-0.4430241,0.39102063,0,1,unassigned,6.0,6.0,0.0,1.0,0.0,0.0,0.007736944,0.0,0,0,0,0,0
41646,-1,0,0.35083735,0.58682066,1,1,unassigned,18.0,18.0,0.0,1.0,0.0,0.0,0.030947777,0.0,0,0,0,1,0
41647,-1,0,4.431479,0.98824304,1,1,unassigned,2.0,2.0,0.0,1.0,0.0,0.0,0.0,0.0,0,0,0,1,1
41648,-1,1,2.8483188,0.9452317,1,1,unassigned,3.0,2.0,1.0,0.6666667,0.33333334,0.3333333,0.001934236,0.00064474536,1,0,0,1,1
41649,-1,1,-0.4067747,0.39968577,0,1,unassigned,8.0,5.0,3.0,0.625,0.375,0.375,0.0116054155,0.004352031,1,0,0,0,0
41650,-1,1,-0.6482893,0.34337515,0,1,unassigned,13.0,12.0,1.0,0.9230769,0.07692308,0.07692307,0.021276595,0.0016366612,1,0,0,0,0
41651,-1,0,-0.089431226,0.47765708,0,1,unassigned,4.0,4.0,0.0,1.0,0.0,0.0,0.003868472,0.0,0,0,0,0,0
41652,-1,0,-0.50288296,0.37686342,0,1,unassigned,6.0,6.0,0.0,1.0,0.0,0.0,0.007736944,0.0,0,0,0,0,0
41653,-1,0,-0.9876805,0.27137047,0,1,unassigned,35.0,34.0,1.0,0.9714286,0.028571429,0.028571427,0.06382979,0.0018237082,0,0,0,0,0
41654,-1,0,0.7975605,0.6894524,1,1,unassigned,7.0,7.0,0.0,1.0,0.0,0.0,0.00967118,0.0,0,0,0,1,0
41655,-1,0,-0.28449935,0.42935106,0,1,unassigned,6.0,6.0,0.0,1.0,0.0,0.0,0.007736944,0.0,0,0,0,0,0
41656,-1,1,-0.7556509,0.31959125,0,1,unassigned,96.0,88.0,8.0,0.9166667,0.083333336,0.08333331,0.18181819,0.015151516,1,0,0,0,0
41657,-1,0,1.4467878,0.8095036,1,1,unassigned,3.0,3.0,0.0,1.0,0.0,0.0,0.001934236,0.0,0,0,0,1,0
41658,-1,0,-0.37699044,0.40685296,0,1,unassigned,52.0,52.0,0.0,1.0,0.0,0.0,0.0967118,0.0,0,0,0,0,0
41659,-1,0,4.726626,0.9912214,1,1,unassigned,6.0,6.0,0.0,1.0,0.0,0.0,0.007736944,0.0,0,0,0,1,1
41660,-1,0,-0.78913707,0.312354,0,1,unassigned,26.0,26.0,0.0,1.0,0.0,0.0,0.046421662,0.0,0,0,0,0,0
41661,-1,0,1.2807467,0.78257686,1,1,unassigned,3.0,3.0,0.0,1.0,0.0,0.0,0.001934236,0.0,0,0,0,1,0
41662,1,1,5.447513,0.99571145,1,0,unassigned,6.0,5.0,1.0,0.8333333,0.16666667,0.16666669,0.007736944,0.0012894907,1,0,1,1,1
41663,-1,0,-0.35697168,0.4116928,0,1,unassigned,3.0,2.0,1.0,0.6666667,0.33333334,0.3333333,0.001934236,0.00064474536,0,0,0,0,0
41664,-1,0,-0.3017337,0.42513373,0,1,unassigned,8.0,6.0,2.0,0.75,0.25,0.25,0.0116054155,0.0029013539,0,0,0,0,0
41665,-1,1,0.40591472,0.6001079,1,1,unassigned,5.0,5.0,0.0,1.0,0.0,0.0,0.0058027077,0.0,1,0,0,1,0
41666,-1,1,-0.083090425,0.4792393,0,1,unassigned,2.0,2.0,0.0,1.0,0.0,0.0,0.0,0.0,1,0,0,0,0
41667,0,1,0.27986735,0.56951374,1,1,test,11.0,11.0,0.0,1.0,0.0,0.0,0.017408123,0.0,1,0,0,1,0
41668,-1,0,-0.22666451,0.44357523,0,1,unassigned,15.0,15.0,0.0,1.0,0.0,0.0,0.025145067,0.0,0,0,0,0,0
41669,-1,0,2.1588042,0.8964886,1,1,unassigned,2.0,2.0,0.0,1.0,0.0,0.0,0.0,0.0,0,0,0,1,0
41670,-1,0,-0.7370801,0.32364297,0,1,unassigned,23.0,23.0,0.0,1.0,0.0,0.0,0.040618956,0.0,0,0,0,0,0
41671,-1,0,12.938553,0.9999976,1,1,unassigned,15.0,11.0,4.0,0.73333335,0.26666668,0.26666665,0.025145067,0.0067053516,0,0,0,1,1
41672,-1,0,0.12324965,0.53077346,1,1,unassigned,2.0,2.0,0.0,1.0,0.0,0.0,0.0,0.0,0,0,0,1,0
41673,-1,0,3.0922348,0.9565713,1,1,unassigned,6.0,6.0,0.0,1.0,0.0,0.0,0.007736944,0.0,0,0,0,1,1
41674,0,1,-0.7603309,0.31857443,0,0,unassigned,5.0,5.0,0.0,1.0,0.0,0.0,0.0058027077,0.0,1,0,1,0,0
41675,-1,1,5.497253,0.9959187,1,1,unassigned,3.0,3.0,0.0,1.0,0.0,0.0,0.001934236,0.0,1,0,0,1,1
41676,-1,0,4.08163,0.9834003,1,1,unassigned,9.0,9.0,0.0,1.0,0.0,0.0,0.013539651,0.0,0,0,0,1,1
41677,-1,0,-0.7084371,0.32994428,0,1,unassigned,102.0,102.0,0.0,1.0,0.0,0.0,0.1934236,0.0,0,0,0,0,0
41678,-1,0,2.0604455,0.88699883,1,1,unassigned,10.0,9.0,1.0,0.9,0.1,0.100000024,0.015473888,0.0015473888,0,0,0,1,0
41679,-1,0,-0.6918192,0.3336285,0,1,unassigned,70.0,66.0,4.0,0.94285715,0.057142857,0.057142854,0.13152805,0.0075158887,0,0,0,0,0
41680,-1,0,-0.5768101,0.3596669,0,1,unassigned,35.0,35.0,0.0,1.0,0.0,0.0,0.06382979,0.0,0,0,0,0,0
41681,-1,0,-0.29061905,0.42785233,0,1,unassigned,11.0,11.0,0.0,1.0,0.0,0.0,0.017408123,0.0,0,0,0,0,0
41682,-1,0,-0.7784319,0.31465796,0,1,unassigned,61.0,61.0,0.0,1.0,0.0,0.0,0.114119925,0.0,0,0,0,0,0
41683,-1,0,2.5097167,0.9248201,1,1,unassigned,2.0,2.0,0.0,1.0,0.0,0.0,0.0,0.0,0,0,0,1,1
41684,1,0,1.8418367,0.8631658,1,0,val,2.0,2.0,0.0,1.0,0.0,0.0,0.0,0.0,0,0,1,1,0
41685,-1,0,7.387634,0.99938154,1,1,unassigned,5.0,4.0,1.0,0.8,0.2,0.19999999,0.0058027077,0.0011605415,0,0,0,1,1
41686,-1,0,-0.24822593,0.4382602,0,1,unassigned,32.0,32.0,0.0,1.0,0.0,0.0,0.058027077,0.0,0,0,0,0,0
41687,-1,0,-0.39863604,0.4016401,0,1,unassigned,15.0,15.0,0.0,1.0,0.0,0.0,0.025145067,0.0,0,0,0,0,0
41688,-1,1,-0.6231888,0.34905654,0,1,unassigned,4.0,2.0,2.0,0.5,0.5,0.5,0.003868472,0.001934236,1,0,0,0,0
41689,-1,0,-0.20118168,0.4498735,0,1,unassigned,3.0,3.0,0.0,1.0,0.0,0.0,0.001934236,0.0,0,0,0,0,0
41690,1,0,6.09991,0.99776196,1,0,unassigned,2.0,2.0,0.0,1.0,0.0,0.0,0.0,0.0,0,0,1,1,1
41691,-1,0,-0.8647462,0.29634866,0,1,unassigned,3.0,3.0,0.0,1.0,0.0,0.0,0.001934236,0.0,0,0,0,0,0
41692,-1,0,-0.8481309,0.2998251,0,1,unassigned,23.0,23.0,0.0,1.0,0.0,0.0,0.040618956,0.0,0,0,0,0,0
41693,-1,0,-0.7444118,0.32204014,0,1,unassigned,36.0,36.0,0.0,1.0,0.0,0.0,0.065764025,0.0,0,0,0,0,0
41694,-1,0,0.77870935,0.6854019,1,1,unassigned,2.0,2.0,0.0,1.0,0.0,0.0,0.0,0.0,0,0,0,1,0
41695,0,0,-0.44081494,0.3915468,0,0,unassigned,8.0,8.0,0.0,1.0,0.0,0.0,0.0116054155,0.0,0,0,1,0,0
41696,-1,0,4.131436,0.9841941,1,1,unassigned,7.0,5.0,2.0,0.71428573,0.2857143,0.28571427,0.00967118,0.0027631943,0,0,0,1,1
41697,0,0,-0.6563739,0.34155464,0,0,val,21.0,21.0,0.0,1.0,0.0,0.0,0.036750484,0.0,0,0,1,0,0
41698,-1,0,-0.5511637,0.36559448,0,1,unassigned,6.0,4.0,2.0,0.6666667,0.33333334,0.3333333,0.007736944,0.0025789815,0,0,0,0,0
41699,-1,0,0.15878338,0.53961265,1,1,unassigned,2.0,2.0,0.0,1.0,0.0,0.0,0.0,0.0,0,0,0,1,0
41700,1,0,1.9730947,0.87794316,1,0,test,42.0,40.0,2.0,0.95238096,0.04761905,0.047619045,0.07736944,0.003684259,0,0,1,1,0
41701,-1,0,-0.46937054,0.38476524,0,1,unassigned,8.0,8.0,0.0,1.0,0.0,0.0,0.0116054155,0.0,0,0,0,0,0
41702,-1,0,-0.5382985,0.3685835,0,1,unassigned,16.0,16.0,0.0,1.0,0.0,0.0,0.027079303,0.0,0,0,0,0,0
41703,-1,0,1.9081981,0.8708165,1,1,unassigned,13.0,13.0,0.0,1.0,0.0,0.0,0.021276595,0.0,0,0,0,1,0
41704,-1,1,-0.4512984,0.38905212,0,1,unassigned,6.0,5.0,1.0,0.8333333,0.16666667,0.16666669,0.007736944,0.0012894907,1,0,0,0,0
41705,0,1,-0.40648514,0.39975524,0,0,unassigned,4.0,4.0,0.0,1.0,0.0,0.0,0.003868472,0.0,1,0,1,0,0
41706,-1,0,3.4156668,0.96819067,1,1,unassigned,4.0,4.0,0.0,1.0,0.0,0.0,0.003868472,0.0,0,0,0,1,1
41707,0,0,-0.6458132,0.34393364,0,0,test,6.0,6.0,0.0,1.0,0.0,0.0,0.007736944,0.0,0,0,1,0,0
41708,-1,0,-0.67965335,0.33633867,0,1,unassigned,8.0,8.0,0.0,1.0,0.0,0.0,0.0116054155,0.0,0,0,0,0,0
41709,-1,0,-0.47960892,0.38234448,0,1,unassigned,6.0,6.0,0.0,1.0,0.0,0.0,0.007736944,0.0,0,0,0,0,0
41710,0,0,-0.5632497,0.36279586,0,0,unassigned,73.0,72.0,1.0,0.98630136,0.01369863,0.0136986375,0.13733076,0.0018812432,0,0,1,0,0
41711,-1,0,-0.8023873,0.3095151,0,1,unassigned,46.0,44.0,2.0,0.95652175,0.04347826,0.04347825,0.08510638,0.0037002775,0,0,0,0,0
41712,-1,0,-0.11449695,0.47140697,0,1,unassigned,14.0,14.0,0.0,1.0,0.0,0.0,0.023210831,0.0,0,0,0,0,0
41713,-1,0,0.021315277,0.5053286,1,1,unassigned,2.0,2.0,0.0,1.0,0.0,0.0,0.0,0.0,0,0,0,1,0
41714,-1,0,-0.6465466,0.34376818,0,1,unassigned,4.0,4.0,0.0,1.0,0.0,0.0,0.003868472,0.0,0,0,0,0,0
41715,-1,1,1.9677565,0.87737,1,1,unassigned,2.0,2.0,0.0,1.0,0.0,0.0,0.0,0.0,1,0,0,1,0
41716,-1,0,0.07746899,0.51935756,1,1,unassigned,8.0,8.0,0.0,1.0,0.0,0.0,0.0116054155,0.0,0,0,0,1,0
41717,-1,1,-0.4119053,0.39845535,0,1,unassigned,9.0,9.0,0.0,1.0,0.0,0.0,0.013539651,0.0,1,0,0,0,0
41718,-1,0,3.9978015,0.9819749,1,1,unassigned,3.0,2.0,1.0,0.6666667,0.33333334,0.3333333,0.001934236,0.00064474536,0,0,0,1,1
41719,-1,1,0.11567134,0.5288856,1,1,unassigned,5.0,5.0,0.0,1.0,0.0,0.0,0.0058027077,0.0,1,0,0,1,0
41720,-1,1,1.031724,0.73725,1,1,unassigned,4.0,4.0,0.0,1.0,0.0,0.0,0.003868472,0.0,1,0,0,1,0
41721,-1,1,-0.20617437,0.44863817,0,1,unassigned,5.0,5.0,0.0,1.0,0.0,0.0,0.0058027077,0.0,1,0,0,0,0
41722,-1,1,-0.16166621,0.4596712,0,1,unassigned,12.0,12.0,0.0,1.0,0.0,0.0,0.01934236,0.0,1,0,0,0,0
41723,-1,0,-0.6093961,0.352197,0,1,unassigned,3.0,2.0,1.0,0.6666667,0.33333334,0.3333333,0.001934236,0.00064474536,0,0,0,0,0
41724,-1,1,-0.5759403,0.35986724,0,1,unassigned,57.0,54.0,3.0,0.94736844,0.05263158,0.052631557,0.10638298,0.0055991043,1,0,0,0,0
41725,0,0,-0.98255,0.2723861,0,0,test,30.0,30.0,0.0,1.0,0.0,0.0,0.054158606,0.0,0,0,1,0,0
41726,-1,0,0.7453602,0.67816687,1,1,unassigned,18.0,18.0,0.0,1.0,0.0,0.0,0.030947777,0.0,0,0,0,1,0
41727,-1,0,-0.44220588,0.39121547,0,1,unassigned,7.0,7.0,0.0,1.0,0.0,0.0,0.00967118,0.0,0,0,0,0,0
41728,-1,1,3.7206624,0.97635466,1,1,unassigned,22.0,17.0,5.0,0.77272725,0.22727273,0.22727275,0.03868472,0.008791981,1,0,0,1,1
41729,-1,0,-0.84926176,0.29958776,0,1,unassigned,43.0,42.0,1.0,0.9767442,0.023255814,0.023255825,0.079303674,0.0018442714,0,0,0,0,0
41730,-1,1,1.6605728,0.84031487,1,1,unassigned,2.0,2.0,0.0,1.0,0.0,0.0,0.0,0.0,1,0,0,1,0
41731,-1,1,-0.44442594,0.39068687,0,1,unassigned,2.0,1.0,1.0,0.5,0.5,0.5,0.0,0.0,1,0,0,0,0
41732,-1,1,5.0587316,0.9936865,1,1,unassigned,3.0,3.0,0.0,1.0,0.0,0.0,0.001934236,0.0,1,0,0,1,1
41733,-1,0,0.3688439,0.5911796,1,1,unassigned,8.0,7.0,1.0,0.875,0.125,0.125,0.0116054155,0.0014506769,0,0,0,1,0
41734,-1,0,-0.92993796,0.2829373,0,1,unassigned,2.0,2.0,0.0,1.0,0.0,0.0,0.0,0.0,0,0,0,0,0
41735,-1,0,-0.86146253,0.29703388,0,1,unassigned,39.0,36.0,3.0,0.9230769,0.07692308,0.07692307,0.07156673,0.0055051334,0,0,0,0,0
41736,-1,0,1.8775938,0.86733454,1,1,unassigned,2.0,2.0,0.0,1.0,0.0,0.0,0.0,0.0,0,0,0,1,0
41737,1,0,0.12981874,0.5324092,1,0,unassigned,3.0,3.0,0.0,1.0,0.0,0.0,0.001934236,0.0,0,0,1,1,0
41738,-1,1,8.299124,0.99975127,1,1,unassigned,2.0,2.0,0.0,1.0,0.0,0.0,0.0,0.0,1,0,0,1,1
41739,0,1,0.8709964,0.704953,1,1,val,12.0,12.0,0.0,1.0,0.0,0.0,0.01934236,0.0,1,0,0,1,0
41740,-1,0,0.1284107,0.53205866,1,1,unassigned,20.0,20.0,0.0,1.0,0.0,0.0,0.034816246,0.0,0,0,0,1,0
41741,0,1,0.02597797,0.5064941,1,1,unassigned,12.0,12.0,0.0,1.0,0.0,0.0,0.01934236,0.0,1,0,0,1,0
41742,-1,0,-0.39542377,0.4024123,0,1,unassigned,11.0,11.0,0.0,1.0,0.0,0.0,0.017408123,0.0,0,0,0,0,0
41743,-1,0,-0.5812195,0.35865203,0,1,unassigned,76.0,74.0,2.0,0.9736842,0.02631579,0.026315808,0.14313346,0.0037666701,0,0,0,0,0
41744,0,0,-0.64914453,0.34318236,0,0,unassigned,11.0,11.0,0.0,1.0,0.0,0.0,0.017408123,0.0,0,0,1,0,0
41745,-1,0,2.4746923,0.92234844,1,1,unassigned,10.0,10.0,0.0,1.0,0.0,0.0,0.015473888,0.0,0,0,0,1,1
41746,-1,0,1.5894921,0.83054465,1,1,unassigned,6.0,6.0,0.0,1.0,0.0,0.0,0.007736944,0.0,0,0,0,1,0
41747,-1,0,0.50490135,0.6236105,1,1,unassigned,7.0,7.0,0.0,1.0,0.0,0.0,0.00967118,0.0,0,0,0,1,0
41748,-1,0,1.7321117,0.84968233,1,1,unassigned,6.0,6.0,0.0,1.0,0.0,0.0,0.007736944,0.0,0,0,0,1,0
41749,-1,0,-0.5275348,0.37109202,0,1,unassigned,60.0,58.0,2.0,0.96666664,0.033333335,0.03333336,0.11218569,0.003739523,0,0,0,0,0
41750,-1,0,0.32826638,0.58133745,1,1,unassigned,4.0,4.0,0.0,1.0,0.0,0.0,0.003868472,0.0,0,0,0,1,0
41751,-1,0,1.3921516,0.80093557,1,1,unassigned,5.0,5.0,0.0,1.0,0.0,0.0,0.0058027077,0.0,0,0,0,1,0
41752,-1,0,-0.9425438,0.2803868,0,1,unassigned,14.0,12.0,2.0,0.85714287,0.14285715,0.14285713,0.023210831,0.0033158332,0,0,0,0,0
41753,-1,0,-0.44062924,0.391591,0,1,unassigned,29.0,28.0,1.0,0.9655172,0.03448276,0.034482777,0.05222437,0.0018008404,0,0,0,0,0
41754,-1,0,1.7052228,0.8462156,1,1,unassigned,5.0,4.0,1.0,0.8,0.2,0.19999999,0.0058027077,0.0011605415,0,0,0,1,0
41755,-1,0,-0.037098527,0.49072647,0,1,unassigned,7.0,7.0,0.0,1.0,0.0,0.0,0.00967118,0.0,0,0,0,0,0
41756,-1,0,1.4521778,0.8103333,1,1,unassigned,3.0,3.0,0.0,1.0,0.0,0.0,0.001934236,0.0,0,0,0,1,0
41757,-1,0,5.2217574,0.9946312,1,1,unassigned,6.0,6.0,0.0,1.0,0.0,0.0,0.007736944,0.0,0,0,0,1,1
41758,-1,0,3.6923754,0.97569287,1,1,unassigned,10.0,10.0,0.0,1.0,0.0,0.0,0.015473888,0.0,0,0,0,1,1
41759,-1,0,-0.6099512,0.35207033,0,1,unassigned,3.0,3.0,0.0,1.0,0.0,0.0,0.001934236,0.0,0,0,0,0,0
41760,-1,0,4.391609,0.98777056,1,1,unassigned,3.0,2.0,1.0,0.6666667,0.33333334,0.3333333,0.001934236,0.00064474536,0,0,0,1,1
41761,-1,1,-0.10402915,0.47401616,0,1,unassigned,27.0,27.0,0.0,1.0,0.0,0.0,0.0483559,0.0,1,0,0,0,0
41762,-1,0,-0.6400662,0.34523156,0,1,unassigned,72.0,72.0,0.0,1.0,0.0,0.0,0.13539653,0.0,0,0,0,0,0
41763,-1,0,0.7203074,0.6726747,1,1,unassigned,20.0,19.0,1.0,0.95,0.05,0.050000012,0.034816246,0.0017408123,0,0,0,1,0
41764,-1,0,2.1600902,0.89660794,1,1,unassigned,6.0,6.0,0.0,1.0,0.0,0.0,0.007736944,0.0,0,0,0,1,0
41765,0,0,-0.36068344,0.4107941,0,0,val,4.0,3.0,1.0,0.75,0.25,0.25,0.003868472,0.000967118,0,0,1,0,0
41766,-1,0,-0.102409124,0.47442004,0,1,unassigned,3.0,1.0,2.0,0.33333334,0.6666667,0.6666666,0.001934236,0.0012894907,0,0,0,0,0
41767,-1,0,7.5711427,0.99948514,1,1,unassigned,2.0,2.0,0.0,1.0,0.0,0.0,0.0,0.0,0,0,0,1,1
41768,-1,0,1.4464362,0.8094493,1,1,unassigned,4.0,4.0,0.0,1.0,0.0,0.0,0.003868472,0.0,0,0,0,1,0
41769,-1,1,0.3336413,0.58264506,1,1,unassigned,19.0,19.0,0.0,1.0,0.0,0.0,0.032882012,0.0,1,0,0,1,0
41770,-1,0,3.938226,0.9808896,1,1,unassigned,2.0,2.0,0.0,1.0,0.0,0.0,0.0,0.0,0,0,0,1,1
41771,1,0,3.316166,0.96497923,1,0,val,2.0,2.0,0.0,1.0,0.0,0.0,0.0,0.0,0,0,1,1,1
41772,-1,0,2.4293053,0.91903484,1,1,unassigned,2.0,2.0,0.0,1.0,0.0,0.0,0.0,0.0,0,0,0,1,1
41773,-1,0,0.3881222,0.59583056,1,1,unassigned,2.0,2.0,0.0,1.0,0.0,0.0,0.0,0.0,0,0,0,1,0
41774,1,0,4.0228686,0.9824133,1,0,unassigned,2.0,2.0,0.0,1.0,0.0,0.0,0.0,0.0,0,0,1,1,1
41775,-1,1,1.980494,0.8787338,1,1,unassigned,10.0,10.0,0.0,1.0,0.0,0.0,0.015473888,0.0,1,0,0,1,0
41776,-1,1,-0.6594063,0.34087297,0,1,unassigned,4.0,4.0,0.0,1.0,0.0,0.0,0.003868472,0.0,1,0,0,0,0
41777,-1,1,3.10684,0.957174,1,1,unassigned,4.0,4.0,0.0,1.0,0.0,0.0,0.003868472,0.0,1,0,0,1,1
41778,-1,1,-0.15224743,0.46201152,0,1,unassigned,31.0,31.0,0.0,1.0,0.0,0.0,0.056092843,0.0,1,0,0,0,0
41779,-1,0,0.32589775,0.5807609,1,1,unassigned,2.0,2.0,0.0,1.0,0.0,0.0,0.0,0.0,0,0,0,1,0
41780,-1,0,2.6817534,0.93594134,1,1,unassigned,2.0,2.0,0.0,1.0,0.0,0.0,0.0,0.0,0,0,0,1,1
41781,-1,1,-0.57586956,0.35988358,0,1,unassigned,30.0,26.0,4.0,0.8666667,0.13333334,0.13333333,0.054158606,0.007221148,1,0,0,0,0
41782,-1,0,-0.8341553,0.30276716,0,1,unassigned,3.0,3.0,0.0,1.0,0.0,0.0,0.001934236,0.0,0,0,0,0,0
41783,1,0,0.036720335,0.50917906,1,0,test,13.0,13.0,0.0,1.0,0.0,0.0,0.021276595,0.0,0,0,1,1,0
41784,-1,0,-0.009853363,0.4975367,0,1,unassigned,6.0,6.0,0.0,1.0,0.0,0.0,0.007736944,0.0,0,0,0,0,0
41785,-1,0,1.8732915,0.8668387,1,1,unassigned,4.0,3.0,1.0,0.75,0.25,0.25,0.003868472,0.000967118,0,0,0,1,0
41786,-1,0,2.4420502,0.91997814,1,1,unassigned,3.0,1.0,2.0,0.33333334,0.6666667,0.6666666,0.001934236,0.0012894907,0,0,0,1,1
41787,-1,0,2.0780282,0.88874924,1,1,unassigned,4.0,4.0,0.0,1.0,0.0,0.0,0.003868472,0.0,0,0,0,1,0
41788,-1,0,4.9572463,0.99301684,1,1,unassigned,18.0,15.0,3.0,0.8333333,0.16666667,0.16666669,0.030947777,0.005157963,0,0,0,1,1
41789,-1,0,0.11593163,0.5289505,1,1,unassigned,6.0,6.0,0.0,1.0,0.0,0.0,0.007736944,0.0,0,0,0,1,0
41790,-1,0,-0.07152426,0.4821265,0,1,unassigned,16.0,1.0,15.0,0.0625,0.9375,0.9375,0.027079303,0.025386846,0,0,0,0,0
41791,-1,0,-0.64178807,0.34484246,0,1,unassigned,16.0,16.0,0.0,1.0,0.0,0.0,0.027079303,0.0,0,0,0,0,0
41792,1,0,6.286522,0.99814224,1,0,unassigned,3.0,3.0,0.0,1.0,0.0,0.0,0.001934236,0.0,0,0,1,1,1
41793,-1,0,6.3099723,0.9981852,1,1,unassigned,2.0,2.0,0.0,1.0,0.0,0.0,0.0,0.0,0,0,0,1,1
41794,-1,0,0.30207372,0.5749494,1,1,unassigned,3.0,2.0,1.0,0.6666667,0.33333334,0.3333333,0.001934236,0.00064474536,0,0,0,1,0
41795,-1,0,1.8026774,0.85847455,1,1,unassigned,44.0,40.0,4.0,0.90909094,0.09090909,0.090909064,0.08123791,0.007385265,0,0,0,1,0
41796,-1,0,6.593142,0.99863213,1,1,unassigned,15.0,14.0,1.0,0.93333334,0.06666667,0.06666666,0.025145067,0.0016763379,0,0,0,1,1
41797,-1,0,-0.6769095,0.33695143,0,1,unassigned,8.0,8.0,0.0,1.0,0.0,0.0,0.0116054155,0.0,0,0,0,0,0
41798,-1,0,8.629044,0.99982125,1,1,unassigned,6.0,6.0,0.0,1.0,0.0,0.0,0.007736944,0.0,0,0,0,1,1
41799,-1,0,-0.47091007,0.38440087,0,1,unassigned,7.0,7.0,0.0,1.0,0.0,0.0,0.00967118,0.0,0,0,0,0,0
41800,-1,0,-0.4709101,0.38440087,0,1,unassigned,7.0,7.0,0.0,1.0,0.0,0.0,0.00967118,0.0,0,0,0,0,0
41801,-1,0,-0.4709101,0.38440087,0,1,unassigned,7.0,7.0,0.0,1.0,0.0,0.0,0.00967118,0.0,0,0,0,0,0
41802,0,0,-0.35007247,0.41336486,0,0,unassigned,6.0,6.0,0.0,1.0,0.0,0.0,0.007736944,0.0,0,0,1,0,0
41803,-1,0,-0.4709101,0.38440087,0,1,unassigned,7.0,7.0,0.0,1.0,0.0,0.0,0.00967118,0.0,0,0,0,0,0
41804,0,0,-0.13976705,0.465115,0,0,test,7.0,7.0,0.0,1.0,0.0,0.0,0.00967118,0.0,0,0,1,0,0
41805,-1,0,0.2947113,0.57314914,1,1,unassigned,5.0,5.0,0.0,1.0,0.0,0.0,0.0058027077,0.0,0,0,0,1,0
41806,-1,0,1.2651756,0.77991575,1,1,unassigned,4.0,3.0,1.0,0.75,0.25,0.25,0.003868472,0.000967118,0,0,0,1,0
41807,0,0,3.351887,0.96616656,1,1,unassigned,2.0,2.0,0.0,1.0,0.0,0.0,0.0,0.0,0,0,0,1,1
41808,-1,0,-0.08835375,0.4779259,0,1,unassigned,14.0,14.0,0.0,1.0,0.0,0.0,0.023210831,0.0,0,0,0,0,0
41809,-1,0,0.18900728,0.54711163,1,1,unassigned,3.0,3.0,0.0,1.0,0.0,0.0,0.001934236,0.0,0,0,0,1,0
41810,1,1,0.07288933,0.5182143,1,0,val,4.0,3.0,1.0,0.75,0.25,0.25,0.003868472,0.000967118,1,0,1,1,0
41811,-1,0,1.8154786,0.86002266,1,1,unassigned,2.0,2.0,0.0,1.0,0.0,0.0,0.0,0.0,0,0,0,1,0
41812,-1,0,0.5610053,0.63668513,1,1,unassigned,2.0,2.0,0.0,1.0,0.0,0.0,0.0,0.0,0,0,0,1,0
41813,-1,0,0.10388446,0.52594775,1,1,unassigned,7.0,6.0,1.0,0.85714287,0.14285715,0.14285713,0.00967118,0.0013815971,0,0,0,1,0
41814,-1,0,-0.43131286,0.39381287,0,1,unassigned,4.0,3.0,1.0,0.75,0.25,0.25,0.003868472,0.000967118,0,0,0,0,0
41815,-1,0,-0.5531629,0.3651309,0,1,unassigned,13.0,13.0,0.0,1.0,0.0,0.0,0.021276595,0.0,0,0,0,0,0
41816,-1,0,-0.28151548,0.4300823,0,1,unassigned,32.0,31.0,1.0,0.96875,0.03125,0.03125,0.058027077,0.0018133462,0,0,0,0,0
41817,1,0,-0.38892177,0.40397692,0,1,unassigned,33.0,33.0,0.0,1.0,0.0,0.0,0.059961315,0.0,0,0,0,0,0
41818,-1,0,4.038325,0.98267835,1,1,unassigned,7.0,5.0,2.0,0.71428573,0.2857143,0.28571427,0.00967118,0.0027631943,0,0,0,1,1
41819,-1,0,0.3028289,0.5751339,1,1,unassigned,3.0,3.0,0.0,1.0,0.0,0.0,0.001934236,0.0,0,0,0,1,0
41820,-1,1,0.08520579,0.5212886,1,1,unassigned,2.0,1.0,1.0,0.5,0.5,0.5,0.0,0.0,1,0,0,1,0
41821,-1,0,4.1790032,0.9849172,1,1,unassigned,2.0,2.0,0.0,1.0,0.0,0.0,0.0,0.0,0,0,0,1,1
41822,-1,0,1.6283128,0.83593833,1,1,unassigned,16.0,14.0,2.0,0.875,0.125,0.125,0.027079303,0.0033849129,0,0,0,1,0
41823,-1,0,15.26262,0.99999976,1,1,unassigned,96.0,96.0,0.0,1.0,0.0,0.0,0.18181819,0.0,0,0,0,1,1
41824,-1,0,2.7767425,0.941406,1,1,unassigned,3.0,3.0,0.0,1.0,0.0,0.0,0.001934236,0.0,0,0,0,1,1
41825,-1,1,0.107779205,0.52691877,1,1,unassigned,2.0,2.0,0.0,1.0,0.0,0.0,0.0,0.0,1,0,0,1,0
41826,-1,0,1.2832077,0.78299534,1,1,unassigned,31.0,31.0,0.0,1.0,0.0,0.0,0.056092843,0.0,0,0,0,1,0
41827,-1,1,3.0866578,0.956339,1,1,unassigned,2.0,1.0,1.0,0.5,0.5,0.5,0.0,0.0,1,0,0,1,1
41828,-1,0,-0.31401873,0.42213413,0,1,unassigned,8.0,7.0,1.0,0.875,0.125,0.125,0.0116054155,0.0014506769,0,0,0,0,0
41829,-1,0,6.925389,0.99901843,1,1,unassigned,3.0,3.0,0.0,1.0,0.0,0.0,0.001934236,0.0,0,0,0,1,1
41830,-1,0,3.4347289,0.9687724,1,1,unassigned,3.0,3.0,0.0,1.0,0.0,0.0,0.001934236,0.0,0,0,0,1,1
41831,-1,0,3.058864,0.9551636,1,1,unassigned,3.0,3.0,0.0,1.0,0.0,0.0,0.001934236,0.0,0,0,0,1,1
41832,-1,0,-0.48554265,0.38094413,0,1,unassigned,14.0,14.0,0.0,1.0,0.0,0.0,0.023210831,0.0,0,0,0,0,0
41833,-1,0,-0.4273948,0.3947486,0,1,unassigned,12.0,11.0,1.0,0.9166667,0.083333336,0.08333331,0.01934236,0.0016118633,0,0,0,0,0
41834,-1,0,-0.7634647,0.31789452,0,1,unassigned,68.0,68.0,0.0,1.0,0.0,0.0,0.12765957,0.0,0,0,0,0,0
41835,-1,0,0.64062244,0.6548941,1,1,unassigned,16.0,16.0,0.0,1.0,0.0,0.0,0.027079303,0.0,0,0,0,1,0
41836,-1,0,7.5482173,0.9994733,1,1,unassigned,4.0,3.0,1.0,0.75,0.25,0.25,0.003868472,0.000967118,0,0,0,1,1
41837,-1,0,-0.5037816,0.3766524,0,1,unassigned,63.0,62.0,1.0,0.984127,0.015873017,0.015873015,0.11798839,0.0018728317,0,0,0,0,0
41838,-1,0,5.8867774,0.9972318,1,1,unassigned,11.0,11.0,0.0,1.0,0.0,0.0,0.017408123,0.0,0,0,0,1,1
41839,-1,0,-0.5903291,0.35655937,0,1,unassigned,21.0,21.0,0.0,1.0,0.0,0.0,0.036750484,0.0,0,0,0,0,0
41840,-1,0,-0.3577264,0.41151008,0,1,unassigned,2.0,2.0,0.0,1.0,0.0,0.0,0.0,0.0,0,0,0,0,0
41841,-1,0,3.5859663,0.9730373,1,1,unassigned,2.0,2.0,0.0,1.0,0.0,0.0,0.0,0.0,0,0,0,1,1
41842,-1,0,0.36950082,0.59133834,1,1,unassigned,5.0,4.0,1.0,0.8,0.2,0.19999999,0.0058027077,0.0011605415,0,0,0,1,0
41843,-1,0,-0.8313946,0.30335027,0,1,unassigned,50.0,50.0,0.0,1.0,0.0,0.0,0.092843324,0.0,0,0,0,0,0
41844,-1,0,-0.18375185,0.45419085,0,1,unassigned,28.0,27.0,1.0,0.96428573,0.035714287,0.03571427,0.050290134,0.0017960763,0,0,0,0,0
41845,-1,1,-0.5317141,0.37011716,0,1,unassigned,20.0,19.0,1.0,0.95,0.05,0.050000012,0.034816246,0.0017408123,1,0,0,0,0
41846,0,0,-0.67977923,0.33631057,0,0,val,91.0,91.0,0.0,1.0,0.0,0.0,0.172147,0.0,0,0,1,0,0
41847,-1,0,-0.44336057,0.39094052,0,1,unassigned,26.0,25.0,1.0,0.96153843,0.03846154,0.038461566,0.046421662,0.0017854486,0,0,0,0,0
41848,-1,0,-0.6165116,0.35057524,0,1,unassigned,53.0,53.0,0.0,1.0,0.0,0.0,0.09864604,0.0,0,0,0,0,0
41849,-1,0,-0.32907152,0.4184666,0,1,unassigned,5.0,5.0,0.0,1.0,0.0,0.0,0.0058027077,0.0,0,0,0,0,0
41850,1,1,4.8397455,0.992153,1,0,val,19.0,17.0,2.0,0.8947368,0.10526316,0.10526317,0.032882012,0.0034612645,1,0,1,1,1
41851,-1,0,0.35826224,0.5886197,1,1,unassigned,3.0,3.0,0.0,1.0,0.0,0.0,0.001934236,0.0,0,0,0,1,0
41852,1,0,3.2446258,0.96247953,1,0,unassigned,8.0,6.0,2.0,0.75,0.25,0.25,0.0116054155,0.0029013539,0,0,1,1,1
41853,-1,0,-0.75292444,0.3201844,0,1,unassigned,18.0,18.0,0.0,1.0,0.0,0.0,0.030947777,0.0,0,0,0,0,0
41854,-1,0,0.07595736,0.5189802,1,1,unassigned,2.0,2.0,0.0,1.0,0.0,0.0,0.0,0.0,0,0,0,1,0
41855,-1,0,9.129494,0.99989164,1,1,unassigned,6.0,6.0,0.0,1.0,0.0,0.0,0.007736944,0.0,0,0,0,1,1
41856,0,0,-0.92248446,0.28445193,0,0,unassigned,2.0,2.0,0.0,1.0,0.0,0.0,0.0,0.0,0,0,1,0,0
41857,-1,0,0.73752755,0.6764549,1,1,unassigned,10.0,10.0,0.0,1.0,0.0,0.0,0.015473888,0.0,0,0,0,1,0
41858,1,1,0.6751028,0.6626448,1,0,test,4.0,3.0,1.0,0.75,0.25,0.25,0.003868472,0.000967118,1,0,1,1,0
41859,-1,1,5.694534,0.99664694,1,1,unassigned,19.0,15.0,4.0,0.7894737,0.21052632,0.21052629,0.032882012,0.006922529,1,0,0,1,1
41860,1,1,5.085149,0.9938501,1,0,unassigned,9.0,9.0,0.0,1.0,0.0,0.0,0.013539651,0.0,1,0,1,1,1
41861,-1,0,-0.37013355,0.40850875,0,1,unassigned,21.0,21.0,0.0,1.0,0.0,0.0,0.036750484,0.0,0,0,0,0,0
41862,-1,0,-0.85698754,0.2979691,0,1,unassigned,3.0,3.0,0.0,1.0,0.0,0.0,0.001934236,0.0,0,0,0,0,0
41863,-1,1,6.3980155,0.99833786,1,1,unassigned,5.0,5.0,0.0,1.0,0.0,0.0,0.0058027077,0.0,1,0,0,1,1
41864,-1,1,8.625428,0.99982053,1,1,unassigned,47.0,18.0,29.0,0.38297874,0.61702126,0.61702126,0.08704062,0.053705912,1,0,0,1,1
41865,-1,1,1.545613,0.8242792,1,1,unassigned,10.0,10.0,0.0,1.0,0.0,0.0,0.015473888,0.0,1,0,0,1,0
41866,-1,1,0.105249465,0.5262881,1,1,unassigned,38.0,33.0,5.0,0.8684211,0.13157895,0.13157892,0.06963249,0.009162171,1,0,0,1,0
41867,-1,0,-0.114051074,0.47151807,0,1,unassigned,60.0,12.0,48.0,0.2,0.8,0.8,0.11218569,0.089748554,0,0,0,0,0
41868,-1,1,2.6907547,0.9364789,1,1,unassigned,27.0,26.0,1.0,0.962963,0.037037037,0.037037015,0.0483559,0.0017909593,1,0,0,1,1
41869,-1,1,3.5390322,0.9717782,1,1,unassigned,2.0,2.0,0.0,1.0,0.0,0.0,0.0,0.0,1,0,0,1,1
41870,-1,1,5.6010184,0.99631953,1,1,unassigned,31.0,21.0,10.0,0.67741936,0.32258064,0.32258064,0.056092843,0.018094465,1,0,0,1,1
41871,-1,0,-0.90481126,0.28806278,0,1,unassigned,19.0,19.0,0.0,1.0,0.0,0.0,0.032882012,0.0,0,0,0,0,0
41872,-1,0,0.011630237,0.5029075,1,1,unassigned,11.0,10.0,1.0,0.90909094,0.09090909,0.090909064,0.017408123,0.0015825568,0,0,0,1,0
41873,0,0,-0.66509277,0.33959654,0,0,val,16.0,16.0,0.0,1.0,0.0,0.0,0.027079303,0.0,0,0,1,0,0
41874,-1,0,-0.44965637,0.38944247,0,1,unassigned,46.0,46.0,0.0,1.0,0.0,0.0,0.08510638,0.0,0,0,0,0,0
41875,-1,0,-0.66608185,0.33937475,0,1,unassigned,50.0,50.0,0.0,1.0,0.0,0.0,0.092843324,0.0,0,0,0,0,0
41876,-1,0,1.062953,0.7432545,1,1,unassigned,9.0,9.0,0.0,1.0,0.0,0.0,0.013539651,0.0,0,0,0,1,0
41877,-1,0,-0.1440922,0.46403912,0,1,unassigned,11.0,11.0,0.0,1.0,0.0,0.0,0.017408123,0.0,0,0,0,0,0
41878,-1,1,0.011112273,0.50277805,1,1,unassigned,32.0,31.0,1.0,0.96875,0.03125,0.03125,0.058027077,0.0018133462,1,0,0,1,0
41879,1,1,2.0792148,0.8888665,1,0,unassigned,7.0,6.0,1.0,0.85714287,0.14285715,0.14285713,0.00967118,0.0013815971,1,0,1,1,0
41880,-1,0,1.4158962,0.8046943,1,1,unassigned,6.0,4.0,2.0,0.6666667,0.33333334,0.3333333,0.007736944,0.0025789815,0,0,0,1,0
41881,-1,1,-0.5130269,0.3744842,0,1,unassigned,6.0,6.0,0.0,1.0,0.0,0.0,0.007736944,0.0,1,0,0,0,0
41882,-1,1,-0.3831222,0.40537408,0,1,unassigned,8.0,7.0,1.0,0.875,0.125,0.125,0.0116054155,0.0014506769,1,0,0,0,0
41883,-1,1,3.7177823,0.9762881,1,1,unassigned,2.0,1.0,1.0,0.5,0.5,0.5,0.0,0.0,1,0,0,1,1
41884,-1,1,0.17454177,0.543525,1,1,unassigned,2.0,2.0,0.0,1.0,0.0,0.0,0.0,0.0,1,0,0,1,0
41885,-1,0,0.9678634,0.7246934,1,1,unassigned,2.0,2.0,0.0,1.0,0.0,0.0,0.0,0.0,0,0,0,1,0
41886,-1,0,-0.13286495,0.46683258,0,1,unassigned,13.0,13.0,0.0,1.0,0.0,0.0,0.021276595,0.0,0,0,0,0,0
41887,-1,1,-0.13441414,0.46644694,0,1,unassigned,12.0,12.0,0.0,1.0,0.0,0.0,0.01934236,0.0,1,0,0,0,0
41888,-1,0,2.803963,0.94288963,1,1,unassigned,13.0,13.0,0.0,1.0,0.0,0.0,0.021276595,0.0,0,0,0,1,1
41889,-1,0,0.20805633,0.55182725,1,1,unassigned,15.0,15.0,0.0,1.0,0.0,0.0,0.025145067,0.0,0,0,0,1,0
41890,-1,1,3.5799577,0.9728792,1,1,unassigned,41.0,40.0,1.0,0.9756098,0.024390243,0.02439022,0.07543521,0.001839883,1,0,0,1,1
41891,-1,1,3.8080642,0.9782907,1,1,unassigned,3.0,3.0,0.0,1.0,0.0,0.0,0.001934236,0.0,1,0,0,1,1
41892,-1,0,-0.6415185,0.34490338,0,1,unassigned,46.0,46.0,0.0,1.0,0.0,0.0,0.08510638,0.0,0,0,0,0,0
41893,-1,0,2.447646,0.9203892,1,1,unassigned,7.0,6.0,1.0,0.85714287,0.14285715,0.14285713,0.00967118,0.0013815971,0,0,0,1,1
41894,-1,1,3.3233178,0.9652202,1,1,unassigned,21.0,18.0,3.0,0.85714287,0.14285715,0.14285713,0.036750484,0.0052500693,1,0,0,1,1
41895,-1,1,4.393833,0.98779744,1,1,unassigned,34.0,34.0,0.0,1.0,0.0,0.0,0.061895553,0.0,1,0,0,1,1
41896,-1,0,0.38102496,0.5941203,1,1,unassigned,2.0,2.0,0.0,1.0,0.0,0.0,0.0,0.0,0,0,0,1,0
41897,-1,1,-0.80959857,0.30797604,0,1,unassigned,61.0,60.0,1.0,0.9836066,0.016393442,0.016393423,0.114119925,0.0018708183,1,0,0,0,0
41898,-1,1,2.1375387,0.8944985,1,1,unassigned,6.0,6.0,0.0,1.0,0.0,0.0,0.007736944,0.0,1,0,0,1,0
41899,-1,0,1.3716955,0.797654,1,1,unassigned,13.0,8.0,5.0,0.61538464,0.3846154,0.38461536,0.021276595,0.008183306,0,0,0,1,0
41900,-1,0,-0.27015364,0.43286934,0,1,unassigned,44.0,44.0,0.0,1.0,0.0,0.0,0.08123791,0.0,0,0,0,0,0
41901,-1,0,-0.36858195,0.40888372,0,1,unassigned,60.0,59.0,1.0,0.98333335,0.016666668,0.01666665,0.11218569,0.0018697615,0,0,0,0,0
41902,1,1,-0.05078894,0.48730546,0,1,test,8.0,8.0,0.0,1.0,0.0,0.0,0.0116054155,0.0,1,0,0,0,0
41903,-1,1,-0.092176765,0.47697213,0,1,unassigned,36.0,34.0,2.0,0.9444444,0.055555556,0.055555582,0.065764025,0.003653557,1,0,0,0,0
41904,-1,0,0.1396721,0.5348613,1,1,unassigned,2.0,2.0,0.0,1.0,0.0,0.0,0.0,0.0,0,0,0,1,0
41905,-1,1,1.913739,0.8714387,1,1,unassigned,8.0,8.0,0.0,1.0,0.0,0.0,0.0116054155,0.0,1,0,0,1,0
41906,0,0,0.06651169,0.51662177,1,1,test,62.0,61.0,1.0,0.983871,0.016129032,0.016129017,0.116054155,0.0018718411,0,0,0,1,0
41907,-1,0,-0.1863034,0.45355842,0,1,unassigned,46.0,46.0,0.0,1.0,0.0,0.0,0.08510638,0.0,0,0,0,0,0
41908,-1,0,-0.5292761,0.37068576,0,1,unassigned,5.0,5.0,0.0,1.0,0.0,0.0,0.0058027077,0.0,0,0,0,0,0
41909,-1,0,0.17066956,0.54256415,1,1,unassigned,6.0,6.0,0.0,1.0,0.0,0.0,0.007736944,0.0,0,0,0,1,0
41910,-1,0,0.26609164,0.56613314,1,1,unassigned,14.0,12.0,2.0,0.85714287,0.14285715,0.14285713,0.023210831,0.0033158332,0,0,0,1,0
41911,-1,1,3.1747124,0.95987153,1,1,unassigned,8.0,7.0,1.0,0.875,0.125,0.125,0.0116054155,0.0014506769,1,0,0,1,1
41912,-1,0,-0.61383116,0.35118574,0,1,unassigned,2.0,2.0,0.0,1.0,0.0,0.0,0.0,0.0,0,0,0,0,0
41913,-1,0,-0.4862185,0.38078478,0,1,unassigned,2.0,2.0,0.0,1.0,0.0,0.0,0.0,0.0,0,0,0,0,0
41914,-1,0,0.46476,0.6141428,1,1,unassigned,6.0,6.0,0.0,1.0,0.0,0.0,0.007736944,0.0,0,0,0,1,0
41915,-1,0,0.06801903,0.5169982,1,1,unassigned,2.0,2.0,0.0,1.0,0.0,0.0,0.0,0.0,0,0,0,1,0
41916,-1,0,3.9778264,0.98161787,1,1,unassigned,4.0,3.0,1.0,0.75,0.25,0.25,0.003868472,0.000967118,0,0,0,1,1
41917,-1,0,1.6345425,0.8367909,1,1,unassigned,2.0,2.0,0.0,1.0,0.0,0.0,0.0,0.0,0,0,0,1,0
41918,-1,1,-0.80581486,0.30878302,0,1,unassigned,84.0,80.0,4.0,0.95238096,0.04761905,0.047619045,0.15860735,0.007552731,1,0,0,0,0
41919,-1,0,0.4443918,0.609305,1,1,unassigned,4.0,4.0,0.0,1.0,0.0,0.0,0.003868472,0.0,0,0,0,1,0
41920,-1,0,2.7830935,0.9417554,1,1,unassigned,21.0,19.0,2.0,0.9047619,0.0952381,0.09523809,0.036750484,0.0035000462,0,0,0,1,1
41921,1,0,3.480652,0.9701322,1,0,unassigned,21.0,21.0,0.0,1.0,0.0,0.0,0.036750484,0.0,0,0,1,1,1
41922,-1,1,-0.25540596,0.43649337,0,1,unassigned,25.0,22.0,3.0,0.88,0.12,0.120000005,0.044487428,0.0053384914,1,0,0,0,0
41923,-1,0,-0.5468494,0.3665957,0,1,unassigned,5.0,5.0,0.0,1.0,0.0,0.0,0.0058027077,0.0,0,0,0,0,0
41924,-1,1,0.59983355,0.6456182,1,1,unassigned,4.0,4.0,0.0,1.0,0.0,0.0,0.003868472,0.0,1,0,0,1,0
41925,-1,0,-0.60367477,0.35350344,0,1,unassigned,6.0,6.0,0.0,1.0,0.0,0.0,0.007736944,0.0,0,0,0,0,0
41926,-1,0,-0.3896401,0.40380394,0,1,unassigned,17.0,17.0,0.0,1.0,0.0,0.0,0.029013539,0.0,0,0,0,0,0
41927,-1,1,1.544462,0.8241124,1,1,unassigned,2.0,2.0,0.0,1.0,0.0,0.0,0.0,0.0,1,0,0,1,0
41928,1,1,0.38726765,0.5956248,1,0,val,11.0,11.0,0.0,1.0,0.0,0.0,0.017408123,0.0,1,0,1,1,0
41929,-1,1,-0.07072151,0.48232698,0,1,unassigned,19.0,19.0,0.0,1.0,0.0,0.0,0.032882012,0.0,1,0,0,0,0
41930,-1,0,-0.2379789,0.44078445,0,1,unassigned,2.0,2.0,0.0,1.0,0.0,0.0,0.0,0.0,0,0,0,0,0
41931,-1,1,0.03050071,0.50762457,1,1,unassigned,15.0,15.0,0.0,1.0,0.0,0.0,0.025145067,0.0,1,0,0,1,0
41932,0,1,0.14462286,0.5360928,1,1,unassigned,22.0,20.0,2.0,0.90909094,0.09090909,0.090909064,0.03868472,0.0035167928,1,0,0,1,0
41933,0,1,1.4547181,0.8107235,1,1,val,10.0,10.0,0.0,1.0,0.0,0.0,0.015473888,0.0,1,0,0,1,0
41934,-1,1,2.7193677,0.9381599,1,1,unassigned,8.0,6.0,2.0,0.75,0.25,0.25,0.0116054155,0.0029013539,1,0,0,1,1
41935,-1,0,-0.5807214,0.35876662,0,1,unassigned,14.0,14.0,0.0,1.0,0.0,0.0,0.023210831,0.0,0,0,0,0,0
41936,-1,1,2.3707855,0.9145723,1,1,unassigned,6.0,6.0,0.0,1.0,0.0,0.0,0.007736944,0.0,1,0,0,1,1
41937,-1,0,0.19175667,0.5477928,1,1,unassigned,5.0,5.0,0.0,1.0,0.0,0.0,0.0058027077,0.0,0,0,0,1,0
41938,-1,0,-0.18866521,0.45297316,0,1,unassigned,6.0,5.0,1.0,0.8333333,0.16666667,0.16666669,0.007736944,0.0012894907,0,0,0,0,0
41939,-1,1,0.118786454,0.5296618,1,1,unassigned,33.0,32.0,1.0,0.969697,0.030303031,0.030303001,0.059961315,0.0018170096,1,0,0,1,0
41940,-1,0,-0.6896354,0.3341142,0,1,unassigned,28.0,28.0,0.0,1.0,0.0,0.0,0.050290134,0.0,0,0,0,0,0
41941,-1,1,1.2334967,0.77443,1,1,unassigned,35.0,35.0,0.0,1.0,0.0,0.0,0.06382979,0.0,1,0,0,1,0
41942,-1,1,1.4937565,0.81664145,1,1,unassigned,14.0,14.0,0.0,1.0,0.0,0.0,0.023210831,0.0,1,0,0,1,0
41943,-1,0,0.6632994,0.66000116,1,1,unassigned,29.0,29.0,0.0,1.0,0.0,0.0,0.05222437,0.0,0,0,0,1,0
41944,-1,0,-0.21433958,0.44661933,0,1,unassigned,15.0,15.0,0.0,1.0,0.0,0.0,0.025145067,0.0,0,0,0,0,0
41945,-1,1,4.161624,0.9846569,1,1,unassigned,13.0,12.0,1.0,0.9230769,0.07692308,0.07692307,0.021276595,0.0016366612,1,0,0,1,1
41946,-1,1,-0.8968267,0.28970304,0,1,unassigned,57.0,56.0,1.0,0.98245615,0.01754386,0.017543852,0.10638298,0.0018663681,1,0,0,0,0
41947,-1,1,2.1360214,0.8943553,1,1,unassigned,48.0,30.0,18.0,0.625,0.375,0.375,0.088974856,0.03336557,1,0,0,1,0
41948,-1,0,-0.4001586,0.40127423,0,1,unassigned,13.0,13.0,0.0,1.0,0.0,0.0,0.021276595,0.0,0,0,0,0,0
41949,-1,1,4.2706122,0.98621935,1,1,unassigned,6.0,5.0,1.0,0.8333333,0.16666667,0.16666669,0.007736944,0.0012894907,1,0,0,1,1
41950,-1,1,3.4741542,0.9699434,1,1,unassigned,2.0,2.0,0.0,1.0,0.0,0.0,0.0,0.0,1,0,0,1,1
41951,-1,0,-0.19976562,0.450224,0,1,unassigned,24.0,24.0,0.0,1.0,0.0,0.0,0.04255319,0.0,0,0,0,0,0
41952,-1,1,6.4667163,0.998448,1,1,unassigned,2.0,2.0,0.0,1.0,0.0,0.0,0.0,0.0,1,0,0,1,1
41953,1,0,3.845113,0.9790637,1,0,train,3.0,2.0,1.0,0.6666667,0.33333334,0.3333333,0.001934236,0.00064474536,0,0,1,1,1
41954,-1,1,-0.10382804,0.47406626,0,1,unassigned,5.0,5.0,0.0,1.0,0.0,0.0,0.0058027077,0.0,1,0,0,0,0
41955,0,1,-0.68743134,0.33460474,0,0,test,54.0,52.0,2.0,0.962963,0.037037037,0.037037015,0.10058027,0.003725195,1,0,1,0,0
41956,-1,0,6.702061,0.99877316,1,1,unassigned,7.0,5.0,2.0,0.71428573,0.2857143,0.28571427,0.00967118,0.0027631943,0,0,0,1,1
41957,1,1,3.7056048,0.97600454,1,0,unassigned,2.0,2.0,0.0,1.0,0.0,0.0,0.0,0.0,1,0,1,1,1
41958,0,0,0.97387534,0.72589123,1,1,test,5.0,5.0,0.0,1.0,0.0,0.0,0.0058027077,0.0,0,0,0,1,0
41959,-1,0,-0.40484214,0.40014952,0,1,unassigned,11.0,11.0,0.0,1.0,0.0,0.0,0.017408123,0.0,0,0,0,0,0
41960,-1,0,2.290258,0.9080669,1,1,unassigned,2.0,2.0,0.0,1.0,0.0,0.0,0.0,0.0,0,0,0,1,1
41961,-1,1,2.5291243,0.9261585,1,1,unassigned,24.0,23.0,1.0,0.9583333,0.041666668,0.041666687,0.04255319,0.0017730496,1,0,0,1,1
41962,-1,1,3.5336459,0.97163004,1,1,unassigned,18.0,17.0,1.0,0.9444444,0.055555556,0.055555582,0.030947777,0.0017193209,1,0,0,1,1
41963,-1,1,3.3211367,0.9651469,1,1,unassigned,24.0,24.0,0.0,1.0,0.0,0.0,0.04255319,0.0,1,0,0,1,1
41964,-1,1,6.8332753,0.99892384,1,1,unassigned,2.0,2.0,0.0,1.0,0.0,0.0,0.0,0.0,1,0,0,1,1
41965,-1,0,-0.70898795,0.3298225,0,1,unassigned,12.0,12.0,0.0,1.0,0.0,0.0,0.01934236,0.0,0,0,0,0,0
41966,-1,1,1.3283155,0.7905619,1,1,unassigned,11.0,11.0,0.0,1.0,0.0,0.0,0.017408123,0.0,1,0,0,1,0
41967,-1,1,0.55660564,0.6356668,1,1,unassigned,14.0,12.0,2.0,0.85714287,0.14285715,0.14285713,0.023210831,0.0033158332,1,0,0,1,0
41968,-1,1,6.7892604,0.99887544,1,1,unassigned,22.0,18.0,4.0,0.8181818,0.18181819,0.18181819,0.03868472,0.0070335856,1,0,0,1,1
41969,-1,1,0.039125085,0.50978005,1,1,unassigned,20.0,18.0,2.0,0.9,0.1,0.100000024,0.034816246,0.0034816246,1,0,0,1,0
41970,-1,1,0.14366925,0.53585565,1,1,unassigned,13.0,13.0,0.0,1.0,0.0,0.0,0.021276595,0.0,1,0,0,1,0
41971,-1,1,0.9445649,0.7200208,1,1,unassigned,12.0,11.0,1.0,0.9166667,0.083333336,0.08333331,0.01934236,0.0016118633,1,0,0,1,0
41972,-1,1,0.032226324,0.50805587,1,1,unassigned,30.0,28.0,2.0,0.93333334,0.06666667,0.06666666,0.054158606,0.003610574,1,0,0,1,0
41973,-1,0,-0.039773524,0.49005795,0,1,unassigned,2.0,1.0,1.0,0.5,0.5,0.5,0.0,0.0,0,0,0,0,0
41974,-1,0,-0.82007384,0.305748,0,1,unassigned,19.0,19.0,0.0,1.0,0.0,0.0,0.032882012,0.0,0,0,0,0,0
41975,-1,0,1.7038956,0.8460429,1,1,unassigned,19.0,18.0,1.0,0.94736844,0.05263158,0.052631557,0.032882012,0.0017306323,0,0,0,1,0
41976,-1,1,0.5189876,0.626911,1,1,unassigned,34.0,34.0,0.0,1.0,0.0,0.0,0.061895553,0.0,1,0,0,1,0
41977,-1,1,0.5710481,0.63900495,1,1,unassigned,9.0,9.0,0.0,1.0,0.0,0.0,0.013539651,0.0,1,0,0,1,0
41978,-1,0,-1.4292667,0.19321297,0,1,unassigned,3.0,2.0,1.0,0.6666667,0.33333334,0.3333333,0.001934236,0.00064474536,0,0,0,0,0
41979,-1,0,3.6011555,0.97343296,1,1,unassigned,16.0,16.0,0.0,1.0,0.0,0.0,0.027079303,0.0,0,0,0,1,1
41980,-1,0,-0.35931617,0.4111251,0,1,unassigned,18.0,18.0,0.0,1.0,0.0,0.0,0.030947777,0.0,0,0,0,0,0
41981,-1,0,13.161596,0.9999981,1,1,unassigned,3.0,3.0,0.0,1.0,0.0,0.0,0.001934236,0.0,0,0,0,1,1
41982,-1,0,-0.8271769,0.3042423,0,1,unassigned,9.0,9.0,0.0,1.0,0.0,0.0,0.013539651,0.0,0,0,0,0,0
41983,1,0,0.68930966,0.6658133,1,0,unassigned,12.0,12.0,0.0,1.0,0.0,0.0,0.01934236,0.0,0,0,1,1,0
41984,-1,0,-0.42586824,0.39511338,0,1,unassigned,39.0,38.0,1.0,0.974359,0.025641026,0.025641024,0.07156673,0.0018350444,0,0,0,0,0
41985,-1,0,-0.7155677,0.32836977,0,1,unassigned,14.0,14.0,0.0,1.0,0.0,0.0,0.023210831,0.0,0,0,0,0,0
41986,-1,0,0.32972795,0.5816932,1,1,unassigned,52.0,51.0,1.0,0.9807692,0.01923077,0.019230783,0.0967118,0.0018598423,0,0,0,1,0
41987,-1,1,-0.46576226,0.38561973,0,1,unassigned,76.0,73.0,3.0,0.9605263,0.039473683,0.039473712,0.14313346,0.005650005,1,0,0,0,0
41988,-1,0,-0.22714406,0.4434569,0,1,unassigned,26.0,25.0,1.0,0.96153843,0.03846154,0.038461566,0.046421662,0.0017854486,0,0,0,0,0
41989,-1,0,0.7288688,0.674557,1,1,unassigned,23.0,21.0,2.0,0.9130435,0.08695652,0.0869565,0.040618956,0.0035320832,0,0,0,1,0
41990,-1,0,-0.43662223,0.3925461,0,1,unassigned,14.0,14.0,0.0,1.0,0.0,0.0,0.023210831,0.0,0,0,0,0,0
41991,-1,0,2.5296466,0.92619425,1,1,unassigned,15.0,14.0,1.0,0.93333334,0.06666667,0.06666666,0.025145067,0.0016763379,0,0,0,1,1
41992,-1,1,1.1715856,0.7634315,1,1,unassigned,5.0,4.0,1.0,0.8,0.2,0.19999999,0.0058027077,0.0011605415,1,0,0,1,0
41993,-1,0,-0.806695,0.3085952,0,1,unassigned,3.0,3.0,0.0,1.0,0.0,0.0,0.001934236,0.0,0,0,0,0,0
41994,-1,0,2.4821699,0.92288244,1,1,unassigned,21.0,21.0,0.0,1.0,0.0,0.0,0.036750484,0.0,0,0,0,1,1
41995,-1,1,-0.7372733,0.32360068,0,1,unassigned,50.0,47.0,3.0,0.94,0.06,0.060000002,0.092843324,0.0055705993,1,0,0,0,0
41996,-1,0,0.2973979,0.5738063,1,1,unassigned,6.0,6.0,0.0,1.0,0.0,0.0,0.007736944,0.0,0,0,0,1,0
41997,-1,1,0.84595114,0.69971716,1,1,unassigned,4.0,4.0,0.0,1.0,0.0,0.0,0.003868472,0.0,1,0,0,1,0
41998,-1,0,-0.18527555,0.4538132,0,1,unassigned,4.0,4.0,0.0,1.0,0.0,0.0,0.003868472,0.0,0,0,0,0,0
41999,-1,0,1.794553,0.8574846,1,1,unassigned,2.0,2.0,0.0,1.0,0.0,0.0,0.0,0.0,0,0,0,1,0
42000,1,1,-0.36306304,0.4102183,0,1,test,7.0,6.0,1.0,0.85714287,0.14285715,0.14285713,0.00967118,0.0013815971,1,0,0,0,0
42001,-1,1,-0.18846658,0.45302236,0,1,unassigned,19.0,18.0,1.0,0.94736844,0.05263158,0.052631557,0.032882012,0.0017306323,1,0,0,0,0
42002,1,1,1.676779,0.84247756,1,0,val,12.0,12.0,0.0,1.0,0.0,0.0,0.01934236,0.0,1,0,1,1,0
42003,-1,0,2.7175767,0.9380559,1,1,unassigned,2.0,2.0,0.0,1.0,0.0,0.0,0.0,0.0,0,0,0,1,1
42004,-1,1,-0.12450647,0.46891353,0,1,unassigned,21.0,19.0,2.0,0.9047619,0.0952381,0.09523809,0.036750484,0.0035000462,1,0,0,0,0
42005,-1,0,7.200599,0.9992544,1,1,unassigned,7.0,6.0,1.0,0.85714287,0.14285715,0.14285713,0.00967118,0.0013815971,0,0,0,1,1
42006,-1,1,1.9893525,0.8796746,1,1,unassigned,39.0,38.0,1.0,0.974359,0.025641026,0.025641024,0.07156673,0.0018350444,1,0,0,1,0
42007,-1,1,-0.5613842,0.36322722,0,1,unassigned,3.0,3.0,0.0,1.0,0.0,0.0,0.001934236,0.0,1,0,0,0,0
42008,0,1,1.1214952,0.75426596,1,1,test,12.0,9.0,3.0,0.75,0.25,0.25,0.01934236,0.00483559,1,0,0,1,0
42009,-1,0,-0.14798695,0.46307063,0,1,unassigned,2.0,2.0,0.0,1.0,0.0,0.0,0.0,0.0,0,0,0,0,0
42010,-1,0,-0.8131317,0.30722356,0,1,unassigned,44.0,44.0,0.0,1.0,0.0,0.0,0.08123791,0.0,0,0,0,0,0
42011,-1,1,6.5406947,0.9985586,1,1,unassigned,19.0,17.0,2.0,0.8947368,0.10526316,0.10526317,0.032882012,0.0034612645,1,0,0,1,1
42012,-1,1,4.1440206,0.9843886,1,1,unassigned,58.0,57.0,1.0,0.98275864,0.01724138,0.017241359,0.10831721,0.0018675381,1,0,0,1,1
42013,-1,0,-0.42583698,0.39512086,0,1,unassigned,9.0,9.0,0.0,1.0,0.0,0.0,0.013539651,0.0,0,0,0,0,0
42014,-1,1,1.5423496,0.823806,1,1,unassigned,3.0,3.0,0.0,1.0,0.0,0.0,0.001934236,0.0,1,0,0,1,0
42015,1,0,-0.22596201,0.44374862,0,1,unassigned,26.0,26.0,0.0,1.0,0.0,0.0,0.046421662,0.0,0,0,0,0,0
42016,-1,0,-0.4785744,0.3825888,0,1,unassigned,33.0,30.0,3.0,0.90909094,0.09090909,0.090909064,0.059961315,0.0054510287,0,0,0,0,0
42017,-1,1,1.2980695,0.7855099,1,1,unassigned,13.0,13.0,0.0,1.0,0.0,0.0,0.021276595,0.0,1,0,0,1,0
42018,1,0,9.053504,0.99988306,1,0,unassigned,30.0,27.0,3.0,0.9,0.1,0.100000024,0.054158606,0.0054158606,0,0,1,1,1
42019,-1,0,1.628056,0.8359032,1,1,unassigned,2.0,2.0,0.0,1.0,0.0,0.0,0.0,0.0,0,0,0,1,0
42020,-1,1,1.7950094,0.85754037,1,1,unassigned,10.0,10.0,0.0,1.0,0.0,0.0,0.015473888,0.0,1,0,0,1,0
42021,0,0,-0.24010676,0.44026008,0,0,val,51.0,49.0,2.0,0.9607843,0.039215688,0.039215684,0.09477756,0.0037167673,0,0,1,0,0
42022,1,1,3.2170718,0.96147174,1,0,val,12.0,12.0,0.0,1.0,0.0,0.0,0.01934236,0.0,1,0,1,1,1
42023,1,1,3.5042617,0.97080874,1,0,unassigned,13.0,12.0,1.0,0.9230769,0.07692308,0.07692307,0.021276595,0.0016366612,1,0,1,1,1
42024,1,1,3.663596,0.97500086,1,0,unassigned,14.0,13.0,1.0,0.9285714,0.071428575,0.0714286,0.023210831,0.0016579166,1,0,1,1,1
42025,-1,1,0.9354139,0.7181724,1,1,unassigned,5.0,5.0,0.0,1.0,0.0,0.0,0.0058027077,0.0,1,0,0,1,0
42026,-1,0,-0.65935683,0.3408841,0,1,unassigned,2.0,2.0,0.0,1.0,0.0,0.0,0.0,0.0,0,0,0,0,0
42027,1,0,6.839062,0.99893004,1,0,val,2.0,2.0,0.0,1.0,0.0,0.0,0.0,0.0,0,0,1,1,1
42028,-1,1,2.1392457,0.8946596,1,1,unassigned,4.0,4.0,0.0,1.0,0.0,0.0,0.003868472,0.0,1,0,0,1,0
42029,-1,0,-0.4157158,0.39754236,0,1,unassigned,3.0,3.0,0.0,1.0,0.0,0.0,0.001934236,0.0,0,0,0,0,0
42030,-1,1,0.5619891,0.63691264,1,1,unassigned,6.0,6.0,0.0,1.0,0.0,0.0,0.007736944,0.0,1,0,0,1,0
42031,-1,1,2.0746567,0.88841546,1,1,unassigned,8.0,8.0,0.0,1.0,0.0,0.0,0.0116054155,0.0,1,0,0,1,0
42032,-1,1,0.34689933,0.58586544,1,1,unassigned,11.0,11.0,0.0,1.0,0.0,0.0,0.017408123,0.0,1,0,0,1,0
42033,-1,0,1.0539267,0.7415283,1,1,unassigned,3.0,2.0,1.0,0.6666667,0.33333334,0.3333333,0.001934236,0.00064474536,0,0,0,1,0
42034,-1,1,0.97245103,0.7256078,1,1,unassigned,22.0,21.0,1.0,0.95454544,0.045454547,0.04545456,0.03868472,0.0017583964,1,0,0,1,0
42035,-1,0,-0.7368034,0.32370353,0,1,unassigned,4.0,4.0,0.0,1.0,0.0,0.0,0.003868472,0.0,0,0,0,0,0
42036,-1,1,1.4634712,0.812063,1,1,unassigned,4.0,4.0,0.0,1.0,0.0,0.0,0.003868472,0.0,1,0,0,1,0
42037,-1,0,-0.8445213,0.30058342,0,1,unassigned,49.0,3.0,46.0,0.06122449,0.93877554,0.93877554,0.09090909,0.085343234,0,0,0,0,0
42038,-1,0,-0.43290973,0.39343172,0,1,unassigned,22.0,22.0,0.0,1.0,0.0,0.0,0.03868472,0.0,0,0,0,0,0
42039,-1,0,0.08298099,0.52073336,1,1,unassigned,3.0,3.0,0.0,1.0,0.0,0.0,0.001934236,0.0,0,0,0,1,0
42040,-1,0,0.23398465,0.55823076,1,1,unassigned,2.0,2.0,0.0,1.0,0.0,0.0,0.0,0.0,0,0,0,1,0
42041,-1,1,4.2592187,0.98606366,1,1,unassigned,6.0,6.0,0.0,1.0,0.0,0.0,0.007736944,0.0,1,0,0,1,1
42042,-1,0,0.25652057,0.5637808,1,1,unassigned,4.0,3.0,1.0,0.75,0.25,0.25,0.003868472,0.000967118,0,0,0,1,0
42043,-1,0,-1.5376348,0.17687936,0,1,unassigned,2.0,2.0,0.0,1.0,0.0,0.0,0.0,0.0,0,0,0,0,0
42044,-1,1,7.7174993,0.9995552,1,1,unassigned,2.0,2.0,0.0,1.0,0.0,0.0,0.0,0.0,1,0,0,1,1
42045,1,1,3.2086723,0.9611593,1,0,test,4.0,4.0,0.0,1.0,0.0,0.0,0.003868472,0.0,1,0,1,1,1
42046,-1,1,3.805466,0.97823536,1,1,unassigned,14.0,14.0,0.0,1.0,0.0,0.0,0.023210831,0.0,1,0,0,1,1
42047,0,0,-0.83327055,0.30295396,0,0,test,2.0,2.0,0.0,1.0,0.0,0.0,0.0,0.0,0,0,1,0,0
42048,-1,1,2.7632115,0.9406551,1,1,unassigned,3.0,3.0,0.0,1.0,0.0,0.0,0.001934236,0.0,1,0,0,1,1
42049,-1,0,6.3412395,0.99824095,1,1,unassigned,9.0,9.0,0.0,1.0,0.0,0.0,0.013539651,0.0,0,0,0,1,1
42050,-1,0,4.671056,0.9907245,1,1,unassigned,2.0,2.0,0.0,1.0,0.0,0.0,0.0,0.0,0,0,0,1,1
42051,0,0,0.78391916,0.68652415,1,1,unassigned,32.0,29.0,3.0,0.90625,0.09375,0.09375,0.058027077,0.0054400386,0,0,0,1,0
42052,-1,0,-0.8681283,0.2956439,0,1,unassigned,54.0,53.0,1.0,0.9814815,0.018518519,0.018518507,0.10058027,0.0018625975,0,0,0,0,0
42053,0,0,-0.5483552,0.36624607,0,0,unassigned,26.0,26.0,0.0,1.0,0.0,0.0,0.046421662,0.0,0,0,1,0,0
42054,-1,0,5.304352,0.9950546,1,1,unassigned,2.0,2.0,0.0,1.0,0.0,0.0,0.0,0.0,0,0,0,1,1
42055,-1,1,1.4225626,0.8057398,1,1,unassigned,4.0,4.0,0.0,1.0,0.0,0.0,0.003868472,0.0,1,0,0,1,0
42056,-1,0,4.5299206,0.98933345,1,1,unassigned,2.0,2.0,0.0,1.0,0.0,0.0,0.0,0.0,0,0,0,1,1
42057,1,0,3.6316178,0.9742095,1,0,test,29.0,26.0,3.0,0.8965517,0.10344828,0.10344827,0.05222437,0.005402521,0,0,1,1,1
42058,-1,0,2.9251957,0.94907796,1,1,unassigned,9.0,9.0,0.0,1.0,0.0,0.0,0.013539651,0.0,0,0,0,1,1
42059,-1,0,-0.56419444,0.36257753,0,1,unassigned,41.0,40.0,1.0,0.9756098,0.024390243,0.02439022,0.07543521,0.001839883,0,0,0,0,0
42060,0,0,-0.88287663,0.29258204,0,0,unassigned,5.0,5.0,0.0,1.0,0.0,0.0,0.0058027077,0.0,0,0,1,0,0
42061,-1,0,-0.35506952,0.41215363,0,1,unassigned,5.0,5.0,0.0,1.0,0.0,0.0,0.0058027077,0.0,0,0,0,0,0
42062,-1,1,4.7783046,0.99165994,1,1,unassigned,11.0,11.0,0.0,1.0,0.0,0.0,0.017408123,0.0,1,0,0,1,1
42063,-1,0,0.107889354,0.5269462,1,1,unassigned,4.0,4.0,0.0,1.0,0.0,0.0,0.003868472,0.0,0,0,0,1,0
42064,-1,0,0.08810133,0.5220111,1,1,unassigned,3.0,3.0,0.0,1.0,0.0,0.0,0.001934236,0.0,0,0,0,1,0
42065,-1,0,1.2524047,0.77771586,1,1,unassigned,34.0,33.0,1.0,0.9705882,0.029411765,0.029411793,0.061895553,0.0018204574,0,0,0,1,0
42066,-1,0,0.20439225,0.5509209,1,1,unassigned,2.0,2.0,0.0,1.0,0.0,0.0,0.0,0.0,0,0,0,1,0
42067,-1,0,4.671056,0.9907245,1,1,unassigned,2.0,2.0,0.0,1.0,0.0,0.0,0.0,0.0,0,0,0,1,1
42068,-1,0,4.1727605,0.9848241,1,1,unassigned,12.0,9.0,3.0,0.75,0.25,0.25,0.01934236,0.00483559,0,0,0,1,1
42069,-1,0,-0.4336636,0.39325187,0,1,unassigned,43.0,41.0,2.0,0.95348835,0.046511628,0.04651165,0.079303674,0.0036885429,0,0,0,0,0
42070,-1,0,-0.66577435,0.33944368,0,1,unassigned,32.0,30.0,2.0,0.9375,0.0625,0.0625,0.058027077,0.0036266923,0,0,0,0,0
42071,-1,1,-0.15316108,0.46178445,0,1,unassigned,28.0,28.0,0.0,1.0,0.0,0.0,0.050290134,0.0,1,0,0,0,0
42072,-1,0,-0.4352873,0.3928645,0,1,unassigned,40.0,37.0,3.0,0.925,0.075,0.07499999,0.07350097,0.005512573,0,0,0,0,0
42073,0,0,-0.15312642,0.46179298,0,0,unassigned,22.0,22.0,0.0,1.0,0.0,0.0,0.03868472,0.0,0,0,1,0,0
42074,-1,0,-0.619735,0.3498417,0,1,unassigned,42.0,42.0,0.0,1.0,0.0,0.0,0.07736944,0.0,0,0,0,0,0
42075,-1,1,3.8912766,0.97998935,1,1,unassigned,7.0,7.0,0.0,1.0,0.0,0.0,0.00967118,0.0,1,0,0,1,1
42076,-1,0,-0.15543947,0.46121815,0,1,unassigned,15.0,15.0,0.0,1.0,0.0,0.0,0.025145067,0.0,0,0,0,0,0
42077,-1,0,-0.22580433,0.4437876,0,1,unassigned,5.0,5.0,0.0,1.0,0.0,0.0,0.0058027077,0.0,0,0,0,0,0
42078,-1,0,0.30455828,0.5755564,1,1,unassigned,6.0,6.0,0.0,1.0,0.0,0.0,0.007736944,0.0,0,0,0,1,0
42079,-1,1,16.84197,1.0,1,1,unassigned,2.0,1.0,1.0,0.5,0.5,0.5,0.0,0.0,1,0,0,1,1
42080,-1,1,-0.26542014,0.43403178,0,1,unassigned,2.0,2.0,0.0,1.0,0.0,0.0,0.0,0.0,1,0,0,0,0
42081,-1,0,0.042650998,0.5106611,1,1,unassigned,16.0,15.0,1.0,0.9375,0.0625,0.0625,0.027079303,0.0016924564,0,0,0,1,0
42082,-1,0,0.7071,0.66976005,1,1,unassigned,23.0,23.0,0.0,1.0,0.0,0.0,0.040618956,0.0,0,0,0,1,0
42083,-1,0,0.6963176,0.6673708,1,1,unassigned,16.0,16.0,0.0,1.0,0.0,0.0,0.027079303,0.0,0,0,0,1,0
42084,-1,0,0.8574937,0.70213675,1,1,unassigned,20.0,20.0,0.0,1.0,0.0,0.0,0.034816246,0.0,0,0,0,1,0
42085,0,1,-0.21873021,0.44553444,0,0,unassigned,19.0,18.0,1.0,0.94736844,0.05263158,0.052631557,0.032882012,0.0017306323,1,0,1,0,0
42086,-1,1,4.152676,0.9845211,1,1,unassigned,7.0,4.0,3.0,0.5714286,0.42857143,0.4285714,0.00967118,0.0041447915,1,0,0,1,1
42087,-1,1,2.309512,0.90966177,1,1,unassigned,9.0,9.0,0.0,1.0,0.0,0.0,0.013539651,0.0,1,0,0,1,1
42088,-1,0,0.013515532,0.50337887,1,1,unassigned,7.0,7.0,0.0,1.0,0.0,0.0,0.00967118,0.0,0,0,0,1,0
42089,1,0,3.22801,0.9618749,1,0,unassigned,6.0,6.0,0.0,1.0,0.0,0.0,0.007736944,0.0,0,0,1,1,1
42090,1,0,0.6331689,0.6532076,1,0,val,2.0,2.0,0.0,1.0,0.0,0.0,0.0,0.0,0,0,1,1,0
42091,0,1,-0.024300277,0.49392524,0,0,test,8.0,8.0,0.0,1.0,0.0,0.0,0.0116054155,0.0,1,0,1,0,0
42092,-1,0,0.18316883,0.5456646,1,1,unassigned,9.0,9.0,0.0,1.0,0.0,0.0,0.013539651,0.0,0,0,0,1,0
42093,-1,0,0.036202967,0.5090498,1,1,unassigned,27.0,27.0,0.0,1.0,0.0,0.0,0.0483559,0.0,0,0,0,1,0
42094,-1,0,-0.08130574,0.47968474,0,1,unassigned,6.0,6.0,0.0,1.0,0.0,0.0,0.007736944,0.0,0,0,0,0,0
42095,-1,0,-0.6013298,0.35403952,0,1,unassigned,17.0,17.0,0.0,1.0,0.0,0.0,0.029013539,0.0,0,0,0,0,0
42096,-1,0,2.8649924,0.9460885,1,1,unassigned,11.0,10.0,1.0,0.90909094,0.09090909,0.090909064,0.017408123,0.0015825568,0,0,0,1,1
42097,-1,0,0.7736605,0.68431216,1,1,unassigned,3.0,3.0,0.0,1.0,0.0,0.0,0.001934236,0.0,0,0,0,1,0
42098,0,1,-0.104026526,0.4740168,0,0,val,38.0,35.0,3.0,0.92105263,0.078947365,0.078947365,0.06963249,0.005497302,1,0,1,0,0
42099,-1,0,-0.7943332,0.311239,0,1,unassigned,47.0,47.0,0.0,1.0,0.0,0.0,0.08704062,0.0,0,0,0,0,0
42100,-1,1,0.049609125,0.51239973,1,1,unassigned,19.0,19.0,0.0,1.0,0.0,0.0,0.032882012,0.0,1,0,0,1,0
42101,-1,0,3.302742,0.9645228,1,1,unassigned,4.0,4.0,0.0,1.0,0.0,0.0,0.003868472,0.0,0,0,0,1,1
42102,-1,0,2.7787664,0.9415176,1,1,unassigned,3.0,2.0,1.0,0.6666667,0.33333334,0.3333333,0.001934236,0.00064474536,0,0,0,1,1
42103,-1,0,4.5299206,0.98933345,1,1,unassigned,2.0,2.0,0.0,1.0,0.0,0.0,0.0,0.0,0,0,0,1,1
42104,-1,0,4.671056,0.9907245,1,1,unassigned,2.0,2.0,0.0,1.0,0.0,0.0,0.0,0.0,0,0,0,1,1
42105,-1,0,3.8972027,0.9801052,1,1,unassigned,3.0,3.0,0.0,1.0,0.0,0.0,0.001934236,0.0,0,0,0,1,1
42106,-1,0,-0.005663991,0.498584,0,1,unassigned,3.0,3.0,0.0,1.0,0.0,0.0,0.001934236,0.0,0,0,0,0,0
42107,-1,0,-0.42662406,0.39493275,0,1,unassigned,14.0,13.0,1.0,0.9285714,0.071428575,0.0714286,0.023210831,0.0016579166,0,0,0,0,0
42108,-1,0,1.7851517,0.8563318,1,1,unassigned,4.0,3.0,1.0,0.75,0.25,0.25,0.003868472,0.000967118,0,0,0,1,0
42109,-1,0,-0.5632858,0.36278751,0,1,unassigned,15.0,15.0,0.0,1.0,0.0,0.0,0.025145067,0.0,0,0,0,0,0
42110,-1,1,-0.61346984,0.35126808,0,1,unassigned,29.0,27.0,2.0,0.9310345,0.06896552,0.068965495,0.05222437,0.0036016807,1,0,0,0,0
42111,-1,0,0.27721757,0.568864,1,1,unassigned,2.0,2.0,0.0,1.0,0.0,0.0,0.0,0.0,0,0,0,1,0
42112,-1,0,4.671056,0.9907245,1,1,unassigned,2.0,2.0,0.0,1.0,0.0,0.0,0.0,0.0,0,0,0,1,1
42113,-1,0,5.5143485,0.9959876,1,1,unassigned,3.0,3.0,0.0,1.0,0.0,0.0,0.001934236,0.0,0,0,0,1,1
42114,-1,0,-0.31286338,0.42241594,0,1,unassigned,49.0,48.0,1.0,0.97959185,0.020408163,0.020408154,0.09090909,0.0018552876,0,0,0,0,0
42115,-1,0,-0.29372907,0.42709118,0,1,unassigned,3.0,2.0,1.0,0.6666667,0.33333334,0.3333333,0.001934236,0.00064474536,0,0,0,0,0
42116,-1,0,1.6678007,0.84128237,1,1,unassigned,8.0,8.0,0.0,1.0,0.0,0.0,0.0116054155,0.0,0,0,0,1,0
42117,-1,0,4.671056,0.9907245,1,1,unassigned,2.0,2.0,0.0,1.0,0.0,0.0,0.0,0.0,0,0,0,1,1
42118,-1,0,-0.19484866,0.45144138,0,1,unassigned,6.0,5.0,1.0,0.8333333,0.16666667,0.16666669,0.007736944,0.0012894907,0,0,0,0,0
42119,-1,0,0.30011207,0.57446986,1,1,unassigned,28.0,27.0,1.0,0.96428573,0.035714287,0.03571427,0.050290134,0.0017960763,0,0,0,1,0
42120,-1,1,0.0149431825,0.5037357,1,1,unassigned,3.0,3.0,0.0,1.0,0.0,0.0,0.001934236,0.0,1,0,0,1,0
42121,-1,0,-0.4988477,0.37781152,0,1,unassigned,17.0,17.0,0.0,1.0,0.0,0.0,0.029013539,0.0,0,0,0,0,0
42122,-1,0,6.6517124,0.9987099,1,1,unassigned,4.0,4.0,0.0,1.0,0.0,0.0,0.003868472,0.0,0,0,0,1,1
42123,-1,0,-0.5201036,0.372828,0,1,unassigned,9.0,9.0,0.0,1.0,0.0,0.0,0.013539651,0.0,0,0,0,0,0
42124,-1,0,5.3732696,0.9953825,1,1,unassigned,2.0,2.0,0.0,1.0,0.0,0.0,0.0,0.0,0,0,0,1,1
42125,-1,0,-0.60820305,0.3524692,0,1,unassigned,46.0,44.0,2.0,0.95652175,0.04347826,0.04347825,0.08510638,0.0037002775,0,0,0,0,0
42126,1,0,-0.2703185,0.43282887,0,1,val,26.0,26.0,0.0,1.0,0.0,0.0,0.046421662,0.0,0,0,0,0,0
42127,-1,0,-0.5878372,0.35713124,0,1,unassigned,19.0,19.0,0.0,1.0,0.0,0.0,0.032882012,0.0,0,0,0,0,0
42128,-1,0,0.026809037,0.5067019,1,1,unassigned,5.0,5.0,0.0,1.0,0.0,0.0,0.0058027077,0.0,0,0,0,1,0
42129,-1,1,-0.23001459,0.44274855,0,1,unassigned,8.0,1.0,7.0,0.125,0.875,0.875,0.0116054155,0.010154739,1,1,0,0,0
42130,-1,0,-0.7765527,0.31506333,0,1,unassigned,3.0,3.0,0.0,1.0,0.0,0.0,0.001934236,0.0,0,0,0,0,0
42131,-1,0,4.671056,0.9907245,1,1,unassigned,2.0,2.0,0.0,1.0,0.0,0.0,0.0,0.0,0,0,0,1,1
42132,-1,0,0.5754922,0.6400295,1,1,unassigned,17.0,17.0,0.0,1.0,0.0,0.0,0.029013539,0.0,0,0,0,1,0
42133,-1,0,4.671056,0.9907245,1,1,unassigned,2.0,2.0,0.0,1.0,0.0,0.0,0.0,0.0,0,0,0,1,1
42134,-1,0,4.671056,0.9907245,1,1,unassigned,2.0,2.0,0.0,1.0,0.0,0.0,0.0,0.0,0,0,0,1,1
42135,-1,0,-0.27601495,0.431431,0,1,unassigned,15.0,14.0,1.0,0.93333334,0.06666667,0.06666666,0.025145067,0.0016763379,0,0,0,0,0
42136,-1,0,0.8072749,0.6915285,1,1,unassigned,3.0,3.0,0.0,1.0,0.0,0.0,0.001934236,0.0,0,0,0,1,0
42137,-1,0,4.979093,0.99316674,1,1,unassigned,23.0,23.0,0.0,1.0,0.0,0.0,0.040618956,0.0,0,0,0,1,1
42138,-1,0,4.6851864,0.9908535,1,1,unassigned,3.0,3.0,0.0,1.0,0.0,0.0,0.001934236,0.0,0,0,0,1,1
42139,-1,0,4.671056,0.9907245,1,1,unassigned,2.0,2.0,0.0,1.0,0.0,0.0,0.0,0.0,0,0,0,1,1
42140,-1,0,4.671056,0.9907245,1,1,unassigned,2.0,2.0,0.0,1.0,0.0,0.0,0.0,0.0,0,0,0,1,1
42141,-1,0,4.671056,0.9907245,1,1,unassigned,2.0,2.0,0.0,1.0,0.0,0.0,0.0,0.0,0,0,0,1,1
42142,-1,0,0.9384499,0.7187864,1,1,unassigned,3.0,3.0,0.0,1.0,0.0,0.0,0.001934236,0.0,0,0,0,1,0
42143,-1,0,4.671056,0.9907245,1,1,unassigned,2.0,2.0,0.0,1.0,0.0,0.0,0.0,0.0,0,0,0,1,1
42144,-1,0,4.671056,0.9907245,1,1,unassigned,2.0,2.0,0.0,1.0,0.0,0.0,0.0,0.0,0,0,0,1,1
42145,-1,0,4.2412515,0.98581463,1,1,unassigned,3.0,3.0,0.0,1.0,0.0,0.0,0.001934236,0.0,0,0,0,1,1
42146,-1,1,5.236016,0.9947068,1,1,unassigned,9.0,9.0,0.0,1.0,0.0,0.0,0.013539651,0.0,1,0,0,1,1
42147,-1,1,3.8275015,0.9786997,1,1,unassigned,3.0,3.0,0.0,1.0,0.0,0.0,0.001934236,0.0,1,0,0,1,1
42148,-1,1,0.88453037,0.70776016,1,1,unassigned,2.0,2.0,0.0,1.0,0.0,0.0,0.0,0.0,1,0,0,1,0
42149,-1,0,2.9460742,0.95007765,1,1,unassigned,5.0,5.0,0.0,1.0,0.0,0.0,0.0058027077,0.0,0,0,0,1,1
42150,-1,1,1.395201,0.8014213,1,1,unassigned,7.0,7.0,0.0,1.0,0.0,0.0,0.00967118,0.0,1,0,0,1,0
42151,-1,0,3.4113138,0.9680562,1,1,unassigned,4.0,3.0,1.0,0.75,0.25,0.25,0.003868472,0.000967118,0,0,0,1,1
42152,-1,0,-0.5978482,0.35483617,0,1,unassigned,3.0,3.0,0.0,1.0,0.0,0.0,0.001934236,0.0,0,0,0,0,0
42153,-1,0,4.492084,0.98892665,1,1,unassigned,3.0,3.0,0.0,1.0,0.0,0.0,0.001934236,0.0,0,0,0,1,1
42154,-1,1,4.0521827,0.98291266,1,1,unassigned,4.0,2.0,2.0,0.5,0.5,0.5,0.003868472,0.001934236,1,0,0,1,1
42155,-1,0,4.093618,0.98359483,1,1,unassigned,3.0,2.0,1.0,0.6666667,0.33333334,0.3333333,0.001934236,0.00064474536,0,0,0,1,1
42156,-1,0,8.101781,0.9996971,1,1,unassigned,2.0,1.0,1.0,0.5,0.5,0.5,0.0,0.0,0,0,0,1,1
42157,-1,0,-0.34026355,0.41574547,0,1,unassigned,10.0,10.0,0.0,1.0,0.0,0.0,0.015473888,0.0,0,0,0,0,0
42158,-1,0,-0.30764973,0.42368856,0,1,unassigned,2.0,2.0,0.0,1.0,0.0,0.0,0.0,0.0,0,0,0,0,0
42159,-1,0,0.0565266,0.5141279,1,1,unassigned,2.0,2.0,0.0,1.0,0.0,0.0,0.0,0.0,0,0,0,1,0
42160,-1,0,2.9060788,0.9481461,1,1,unassigned,2.0,2.0,0.0,1.0,0.0,0.0,0.0,0.0,0,0,0,1,1
42161,-1,1,3.6098125,0.9736559,1,1,unassigned,3.0,3.0,0.0,1.0,0.0,0.0,0.001934236,0.0,1,0,0,1,1
42162,-1,0,-0.2590769,0.43559062,0,1,unassigned,6.0,5.0,1.0,0.8333333,0.16666667,0.16666669,0.007736944,0.0012894907,0,0,0,0,0
42163,0,0,-0.9793128,0.27302817,0,0,train,2.0,2.0,0.0,1.0,0.0,0.0,0.0,0.0,0,0,1,0,0
42164,-1,0,6.3999915,0.9983412,1,1,unassigned,7.0,7.0,0.0,1.0,0.0,0.0,0.00967118,0.0,0,0,0,1,1
42165,-1,1,1.5951922,0.8313454,1,1,unassigned,2.0,2.0,0.0,1.0,0.0,0.0,0.0,0.0,1,0,0,1,0
42166,-1,0,1.765271,0.85386854,1,1,unassigned,9.0,9.0,0.0,1.0,0.0,0.0,0.013539651,0.0,0,0,0,1,0
42167,-1,1,2.6611078,0.93469226,1,1,unassigned,4.0,4.0,0.0,1.0,0.0,0.0,0.003868472,0.0,1,0,0,1,1
42168,-1,0,3.6352074,0.97429943,1,1,unassigned,13.0,13.0,0.0,1.0,0.0,0.0,0.021276595,0.0,0,0,0,1,1
42169,-1,0,9.24345,0.9999032,1,1,unassigned,3.0,3.0,0.0,1.0,0.0,0.0,0.001934236,0.0,0,0,0,1,1
42170,-1,1,-0.30796432,0.4236117,0,1,unassigned,78.0,77.0,1.0,0.98717946,0.012820513,0.012820542,0.14700194,0.0018846402,1,0,0,0,0
42171,-1,1,-0.7612879,0.3183667,0,1,unassigned,6.0,6.0,0.0,1.0,0.0,0.0,0.007736944,0.0,1,0,0,0,0
42172,-1,1,-0.806281,0.30868357,0,1,unassigned,32.0,32.0,0.0,1.0,0.0,0.0,0.058027077,0.0,1,0,0,0,0
42173,1,0,0.19628024,0.5489131,1,0,val,3.0,3.0,0.0,1.0,0.0,0.0,0.001934236,0.0,0,0,1,1,0
42174,-1,0,4.3474703,0.98722583,1,1,unassigned,10.0,7.0,3.0,0.7,0.3,0.3,0.015473888,0.0046421667,0,0,0,1,1
42175,-1,1,2.4358628,0.9195215,1,1,unassigned,40.0,40.0,0.0,1.0,0.0,0.0,0.07350097,0.0,1,0,0,1,1
42176,-1,1,-0.24236622,0.43970332,0,1,unassigned,16.0,15.0,1.0,0.9375,0.0625,0.0625,0.027079303,0.0016924564,1,0,0,0,0
42177,-1,0,-0.20009357,0.45014283,0,1,unassigned,2.0,1.0,1.0,0.5,0.5,0.5,0.0,0.0,0,0,0,0,0
42178,0,1,2.3621848,0.9138979,1,1,unassigned,19.0,19.0,0.0,1.0,0.0,0.0,0.032882012,0.0,1,0,0,1,1
42179,-1,0,4.5299206,0.98933345,1,1,unassigned,2.0,2.0,0.0,1.0,0.0,0.0,0.0,0.0,0,0,0,1,1
42180,-1,0,5.1890407,0.9944536,1,1,unassigned,2.0,2.0,0.0,1.0,0.0,0.0,0.0,0.0,0,0,0,1,1
42181,-1,1,13.945782,0.99999917,1,1,unassigned,3.0,3.0,0.0,1.0,0.0,0.0,0.001934236,0.0,1,0,0,1,1
42182,-1,1,8.984823,0.9998747,1,1,unassigned,7.0,5.0,2.0,0.71428573,0.2857143,0.28571427,0.00967118,0.0027631943,1,0,0,1,1
42183,1,1,1.4966681,0.81707704,1,0,test,70.0,52.0,18.0,0.74285716,0.25714287,0.25714284,0.13152805,0.0338215,1,0,1,1,0
42184,-1,0,-0.4345648,0.39303684,0,1,unassigned,10.0,10.0,0.0,1.0,0.0,0.0,0.015473888,0.0,0,0,0,0,0
42185,1,0,-0.5179791,0.37332493,0,1,test,149.0,148.0,1.0,0.9932886,0.0067114094,0.0067114234,0.2843327,0.0019082731,0,0,0,0,0
42186,-1,0,0.20540279,0.55117095,1,1,unassigned,7.0,7.0,0.0,1.0,0.0,0.0,0.00967118,0.0,0,0,0,1,0
42187,0,0,-0.3565606,0.4117924,0,0,val,16.0,16.0,0.0,1.0,0.0,0.0,0.027079303,0.0,0,0,1,0,0
42188,-1,1,4.6109824,0.9901558,1,1,unassigned,31.0,27.0,4.0,0.87096775,0.12903225,0.12903225,0.056092843,0.007237786,1,0,0,1,1
42189,-1,0,-0.31952137,0.42079243,0,1,unassigned,2.0,2.0,0.0,1.0,0.0,0.0,0.0,0.0,0,0,0,0,0
42190,1,1,4.4032273,0.98791015,1,0,val,12.0,12.0,0.0,1.0,0.0,0.0,0.01934236,0.0,1,0,1,1,1
42191,-1,0,-0.07526672,0.4811922,0,1,unassigned,2.0,2.0,0.0,1.0,0.0,0.0,0.0,0.0,0,0,0,0,0
42192,0,1,-0.34267688,0.41515937,0,0,test,222.0,215.0,7.0,0.9684685,0.03153153,0.031531513,0.42553192,0.013417673,1,0,1,0,0
42193,-1,0,-0.051828325,0.4870458,0,1,unassigned,3.0,3.0,0.0,1.0,0.0,0.0,0.001934236,0.0,0,0,0,0,0
42194,-1,0,1.178679,0.7647102,1,1,unassigned,2.0,2.0,0.0,1.0,0.0,0.0,0.0,0.0,0,0,0,1,0
42195,-1,0,0.1351654,0.53374,1,1,unassigned,2.0,2.0,0.0,1.0,0.0,0.0,0.0,0.0,0,0,0,1,0
42196,0,0,-0.72764534,0.32571167,0,0,train,3.0,3.0,0.0,1.0,0.0,0.0,0.001934236,0.0,0,0,1,0,0
42197,-1,1,0.93492275,0.7180729,1,1,unassigned,2.0,2.0,0.0,1.0,0.0,0.0,0.0,0.0,1,0,0,1,0
42198,0,0,-0.010552585,0.4973619,0,0,test,2.0,2.0,0.0,1.0,0.0,0.0,0.0,0.0,0,0,1,0,0
42199,-1,0,-0.65160614,0.34262767,0,1,unassigned,25.0,24.0,1.0,0.96,0.04,0.04000002,0.044487428,0.001779497,0,0,0,0,0
42200,-1,0,0.007826209,0.5019565,1,1,unassigned,2.0,2.0,0.0,1.0,0.0,0.0,0.0,0.0,0,0,0,1,0
42201,-1,0,0.8409813,0.6986719,1,1,unassigned,4.0,4.0,0.0,1.0,0.0,0.0,0.003868472,0.0,0,0,0,1,0
42202,-1,0,2.3830445,0.91552526,1,1,unassigned,8.0,8.0,0.0,1.0,0.0,0.0,0.0116054155,0.0,0,0,0,1,1
42203,-1,0,1.547693,0.8245803,1,1,unassigned,4.0,3.0,1.0,0.75,0.25,0.25,0.003868472,0.000967118,0,0,0,1,0
42204,0,0,0.29014564,0.5720318,1,1,val,6.0,6.0,0.0,1.0,0.0,0.0,0.007736944,0.0,0,0,0,1,0
42205,-1,0,-0.27622664,0.43137908,0,1,unassigned,35.0,31.0,4.0,0.8857143,0.114285715,0.11428571,0.06382979,0.0072948327,0,0,0,0,0
42206,-1,0,-0.8535409,0.29869062,0,1,unassigned,22.0,21.0,1.0,0.95454544,0.045454547,0.04545456,0.03868472,0.0017583964,0,0,0,0,0
42207,-1,1,1.2296648,0.7737599,1,1,unassigned,4.0,4.0,0.0,1.0,0.0,0.0,0.003868472,0.0,1,0,0,1,0
42208,1,0,5.0969596,0.9939219,1,0,test,12.0,12.0,0.0,1.0,0.0,0.0,0.01934236,0.0,0,0,1,1,1
42209,-1,0,2.6303096,0.93278694,1,1,unassigned,3.0,3.0,0.0,1.0,0.0,0.0,0.001934236,0.0,0,0,0,1,1
42210,1,1,8.801351,0.99984944,1,0,unassigned,53.0,40.0,13.0,0.754717,0.24528302,0.24528301,0.09864604,0.024196198,1,0,1,1,1
42211,-1,0,1.8616433,0.8654884,1,1,unassigned,4.0,4.0,0.0,1.0,0.0,0.0,0.003868472,0.0,0,0,0,1,0
42212,-1,0,5.049784,0.9936301,1,1,unassigned,4.0,4.0,0.0,1.0,0.0,0.0,0.003868472,0.0,0,0,0,1,1
42213,-1,1,4.973561,0.99312913,1,1,unassigned,13.0,7.0,6.0,0.53846157,0.46153846,0.46153843,0.021276595,0.009819967,1,0,0,1,1
42214,0,0,-0.32167262,0.42026815,0,0,unassigned,27.0,27.0,0.0,1.0,0.0,0.0,0.0483559,0.0,0,0,1,0,0
42215,-1,1,-0.6656154,0.33947936,0,1,unassigned,74.0,68.0,6.0,0.9189189,0.08108108,0.08108109,0.13926499,0.011291755,1,0,0,0,0
42216,-1,0,0.17702049,0.5441399,1,1,unassigned,3.0,1.0,2.0,0.33333334,0.6666667,0.6666666,0.001934236,0.0012894907,0,0,0,1,0
42217,-1,0,-0.53210354,0.3700264,0,1,unassigned,6.0,5.0,1.0,0.8333333,0.16666667,0.16666669,0.007736944,0.0012894907,0,0,0,0,0
42218,-1,0,1.0533457,0.7414168,1,1,unassigned,3.0,2.0,1.0,0.6666667,0.33333334,0.3333333,0.001934236,0.00064474536,0,0,0,1,0
42219,-1,0,6.118901,0.997804,1,1,unassigned,10.0,10.0,0.0,1.0,0.0,0.0,0.015473888,0.0,0,0,0,1,1
42220,-1,1,2.6281865,0.93265367,1,1,unassigned,4.0,4.0,0.0,1.0,0.0,0.0,0.003868472,0.0,1,0,0,1,1
42221,-1,1,0.21931344,0.5546096,1,1,unassigned,5.0,5.0,0.0,1.0,0.0,0.0,0.0058027077,0.0,1,0,0,1,0
42222,-1,0,1.3281631,0.79053664,1,1,unassigned,10.0,9.0,1.0,0.9,0.1,0.100000024,0.015473888,0.0015473888,0,0,0,1,0
42223,-1,0,1.8077185,0.8590859,1,1,unassigned,4.0,2.0,2.0,0.5,0.5,0.5,0.003868472,0.001934236,0,0,0,1,0
42224,-1,0,-0.4315019,0.39376777,0,1,unassigned,16.0,16.0,0.0,1.0,0.0,0.0,0.027079303,0.0,0,0,0,0,0
42225,-1,0,1.9294155,0.87318474,1,1,unassigned,11.0,10.0,1.0,0.90909094,0.09090909,0.090909064,0.017408123,0.0015825568,0,0,0,1,0
42226,-1,0,0.2213015,0.5551007,1,1,unassigned,13.0,13.0,0.0,1.0,0.0,0.0,0.021276595,0.0,0,0,0,1,0
42227,-1,0,0.48458618,0.61883026,1,1,unassigned,18.0,17.0,1.0,0.9444444,0.055555556,0.055555582,0.030947777,0.0017193209,0,0,0,1,0
42228,-1,1,0.24860352,0.5618327,1,1,unassigned,3.0,3.0,0.0,1.0,0.0,0.0,0.001934236,0.0,1,0,0,1,0
42229,1,0,0.04516846,0.5112902,1,0,unassigned,9.0,9.0,0.0,1.0,0.0,0.0,0.013539651,0.0,0,0,1,1,0
42230,-1,0,3.4038785,0.9678255,1,1,unassigned,3.0,3.0,0.0,1.0,0.0,0.0,0.001934236,0.0,0,0,0,1,1
42231,-1,1,2.5508296,0.92762923,1,1,unassigned,6.0,6.0,0.0,1.0,0.0,0.0,0.007736944,0.0,1,0,0,1,1
42232,-1,0,-0.20843273,0.44807962,0,1,unassigned,10.0,10.0,0.0,1.0,0.0,0.0,0.015473888,0.0,0,0,0,0,0
42233,-1,0,8.115248,0.9997011,1,1,unassigned,5.0,5.0,0.0,1.0,0.0,0.0,0.0058027077,0.0,0,0,0,1,1
42234,-1,0,-0.3593501,0.41111687,0,1,unassigned,24.0,24.0,0.0,1.0,0.0,0.0,0.04255319,0.0,0,0,0,0,0
42235,-1,1,5.300299,0.9950347,1,1,unassigned,12.0,11.0,1.0,0.9166667,0.083333336,0.08333331,0.01934236,0.0016118633,1,0,0,1,1
42236,-1,0,-0.7345892,0.32418847,0,1,unassigned,18.0,18.0,0.0,1.0,0.0,0.0,0.030947777,0.0,0,0,0,0,0
42237,-1,0,1.4493248,0.8098945,1,1,unassigned,37.0,37.0,0.0,1.0,0.0,0.0,0.06769826,0.0,0,0,0,1,0
42238,-1,0,1.5402164,0.82349616,1,1,unassigned,39.0,38.0,1.0,0.974359,0.025641026,0.025641024,0.07156673,0.0018350444,0,0,0,1,0
42239,-1,1,1.5508411,0.8250352,1,1,unassigned,5.0,5.0,0.0,1.0,0.0,0.0,0.0058027077,0.0,1,0,0,1,0
42240,-1,1,6.5738406,0.99860555,1,1,unassigned,7.0,7.0,0.0,1.0,0.0,0.0,0.00967118,0.0,1,0,0,1,1
42241,-1,0,-0.38774073,0.4042613,0,1,unassigned,20.0,19.0,1.0,0.95,0.05,0.050000012,0.034816246,0.0017408123,0,0,0,0,0
42242,1,0,0.5128979,0.62548554,1,0,test,4.0,4.0,0.0,1.0,0.0,0.0,0.003868472,0.0,0,0,1,1,0
42243,-1,0,5.0244136,0.9934675,1,1,unassigned,5.0,1.0,4.0,0.2,0.8,0.8,0.0058027077,0.004642166,0,0,0,1,1
42244,-1,0,-0.14429727,0.46398816,0,1,unassigned,2.0,2.0,0.0,1.0,0.0,0.0,0.0,0.0,0,0,0,0,0
42245,-1,0,0.19556755,0.54873663,1,1,unassigned,39.0,38.0,1.0,0.974359,0.025641026,0.025641024,0.07156673,0.0018350444,0,0,0,1,0
42246,-1,0,0.9477423,0.72066087,1,1,unassigned,13.0,13.0,0.0,1.0,0.0,0.0,0.021276595,0.0,0,0,0,1,0
42247,-1,1,1.2830243,0.7829641,1,1,unassigned,3.0,3.0,0.0,1.0,0.0,0.0,0.001934236,0.0,1,0,0,1,0
42248,-1,0,5.5662465,0.9961898,1,1,unassigned,6.0,6.0,0.0,1.0,0.0,0.0,0.007736944,0.0,0,0,0,1,1
42249,-1,0,5.0669446,0.9937378,1,1,unassigned,7.0,6.0,1.0,0.85714287,0.14285715,0.14285713,0.00967118,0.0013815971,0,0,0,1,1
42250,-1,0,-0.5363085,0.36904675,0,1,unassigned,15.0,15.0,0.0,1.0,0.0,0.0,0.025145067,0.0,0,0,0,0,0
42251,-1,0,-0.32931143,0.4184082,0,1,unassigned,24.0,23.0,1.0,0.9583333,0.041666668,0.041666687,0.04255319,0.0017730496,0,0,0,0,0
42252,-1,0,2.28673,0.90777206,1,1,unassigned,6.0,4.0,2.0,0.6666667,0.33333334,0.3333333,0.007736944,0.0025789815,0,0,0,1,1
42253,-1,0,0.23866683,0.55938506,1,1,unassigned,17.0,17.0,0.0,1.0,0.0,0.0,0.029013539,0.0,0,0,0,1,0
42254,-1,1,1.9280417,0.8730325,1,1,unassigned,9.0,9.0,0.0,1.0,0.0,0.0,0.013539651,0.0,1,0,0,1,0
42255,-1,1,0.4023437,0.5992506,1,1,unassigned,2.0,2.0,0.0,1.0,0.0,0.0,0.0,0.0,1,0,0,1,0
42256,-1,0,0.70925814,0.67023724,1,1,unassigned,11.0,10.0,1.0,0.90909094,0.09090909,0.090909064,0.017408123,0.0015825568,0,0,0,1,0
42257,-1,1,-0.03428644,0.4914292,0,1,unassigned,8.0,7.0,1.0,0.875,0.125,0.125,0.0116054155,0.0014506769,1,0,0,0,0
42258,-1,1,2.0361412,0.8845398,1,1,unassigned,21.0,18.0,3.0,0.85714287,0.14285715,0.14285713,0.036750484,0.0052500693,1,0,0,1,0
42259,-1,0,0.28627414,0.5710837,1,1,unassigned,5.0,5.0,0.0,1.0,0.0,0.0,0.0058027077,0.0,0,0,0,1,0
42260,-1,0,1.5316861,0.82225287,1,1,unassigned,2.0,1.0,1.0,0.5,0.5,0.5,0.0,0.0,0,0,0,1,0
42261,-1,0,0.5882109,0.6429545,1,1,unassigned,5.0,5.0,0.0,1.0,0.0,0.0,0.0058027077,0.0,0,0,0,1,0
42262,0,1,0.28180838,0.5699895,1,1,unassigned,15.0,15.0,0.0,1.0,0.0,0.0,0.025145067,0.0,1,0,0,1,0
42263,-1,0,4.55224,0.98956645,1,1,unassigned,2.0,1.0,1.0,0.5,0.5,0.5,0.0,0.0,0,0,0,1,1
42264,-1,1,1.4850245,0.81533027,1,1,unassigned,5.0,5.0,0.0,1.0,0.0,0.0,0.0058027077,0.0,1,0,0,1,0
42265,-1,0,6.791084,0.99887747,1,1,unassigned,16.0,16.0,0.0,1.0,0.0,0.0,0.027079303,0.0,0,0,0,1,1
42266,-1,1,6.041555,0.9976278,1,1,unassigned,3.0,3.0,0.0,1.0,0.0,0.0,0.001934236,0.0,1,0,0,1,1
42267,-1,0,-0.36493886,0.40976456,0,1,unassigned,27.0,27.0,0.0,1.0,0.0,0.0,0.0483559,0.0,0,0,0,0,0
42268,-1,0,-0.3374781,0.41642222,0,1,unassigned,63.0,61.0,2.0,0.96825397,0.031746034,0.03174603,0.11798839,0.0037456634,0,0,0,0,0
42269,-1,1,1.2033072,0.7691126,1,1,unassigned,3.0,3.0,0.0,1.0,0.0,0.0,0.001934236,0.0,1,0,0,1,0
42270,-1,0,0.95810276,0.7227418,1,1,unassigned,3.0,3.0,0.0,1.0,0.0,0.0,0.001934236,0.0,0,0,0,1,0
42271,-1,0,-0.036660373,0.49083593,0,1,unassigned,17.0,17.0,0.0,1.0,0.0,0.0,0.029013539,0.0,0,0,0,0,0
42272,-1,0,-0.22627562,0.44367123,0,1,unassigned,16.0,16.0,0.0,1.0,0.0,0.0,0.027079303,0.0,0,0,0,0,0
42273,-1,0,1.8348176,0.86233467,1,1,unassigned,11.0,10.0,1.0,0.90909094,0.09090909,0.090909064,0.017408123,0.0015825568,0,0,0,1,0
42274,-1,0,-0.668193,0.33890158,0,1,unassigned,29.0,29.0,0.0,1.0,0.0,0.0,0.05222437,0.0,0,0,0,0,0
42275,-1,1,-0.9235624,0.2842326,0,1,unassigned,45.0,45.0,0.0,1.0,0.0,0.0,0.08317215,0.0,1,0,0,0,0
42276,-1,1,2.3265867,0.9110552,1,1,unassigned,27.0,26.0,1.0,0.962963,0.037037037,0.037037015,0.0483559,0.0017909593,1,0,0,1,1
42277,1,0,0.5344313,0.63051605,1,0,unassigned,3.0,3.0,0.0,1.0,0.0,0.0,0.001934236,0.0,0,0,1,1,0
42278,-1,1,2.4407828,0.9198848,1,1,unassigned,6.0,6.0,0.0,1.0,0.0,0.0,0.007736944,0.0,1,0,0,1,1
42279,-1,1,2.3299959,0.91133106,1,1,unassigned,2.0,2.0,0.0,1.0,0.0,0.0,0.0,0.0,1,0,0,1,1
42280,-1,0,2.8174536,0.9436117,1,1,unassigned,2.0,2.0,0.0,1.0,0.0,0.0,0.0,0.0,0,0,0,1,1
42281,-1,0,-0.28839394,0.4283971,0,1,unassigned,7.0,7.0,0.0,1.0,0.0,0.0,0.00967118,0.0,0,0,0,0,0
42282,-1,0,0.2952432,0.57327926,1,1,unassigned,8.0,8.0,0.0,1.0,0.0,0.0,0.0116054155,0.0,0,0,0,1,0
42283,-1,1,0.056278467,0.5140659,1,1,unassigned,2.0,2.0,0.0,1.0,0.0,0.0,0.0,0.0,1,0,0,1,0
42284,-1,0,4.3097687,0.9867415,1,1,unassigned,6.0,5.0,1.0,0.8333333,0.16666667,0.16666669,0.007736944,0.0012894907,0,0,0,1,1
42285,-1,0,1.7463601,0.8514931,1,1,unassigned,4.0,4.0,0.0,1.0,0.0,0.0,0.003868472,0.0,0,0,0,1,0
42286,-1,0,-0.20469335,0.44900462,0,1,unassigned,4.0,4.0,0.0,1.0,0.0,0.0,0.003868472,0.0,0,0,0,0,0
42287,-1,1,2.3643153,0.91406536,1,1,unassigned,7.0,7.0,0.0,1.0,0.0,0.0,0.00967118,0.0,1,0,0,1,1
42288,-1,0,-0.14159608,0.46466005,0,1,unassigned,27.0,27.0,0.0,1.0,0.0,0.0,0.0483559,0.0,0,0,0,0,0
42289,-1,1,-0.29899773,0.42580253,0,1,unassigned,7.0,7.0,0.0,1.0,0.0,0.0,0.00967118,0.0,1,0,0,0,0
42290,-1,1,6.5613103,0.9985879,1,1,unassigned,6.0,4.0,2.0,0.6666667,0.33333334,0.3333333,0.007736944,0.0025789815,1,0,0,1,1
42291,-1,1,0.7469794,0.6785202,1,1,unassigned,4.0,4.0,0.0,1.0,0.0,0.0,0.003868472,0.0,1,0,0,1,0
42292,-1,0,-0.55887854,0.363807,0,1,unassigned,52.0,52.0,0.0,1.0,0.0,0.0,0.0967118,0.0,0,0,0,0,0
42293,-1,0,0.25867307,0.5643101,1,1,unassigned,34.0,34.0,0.0,1.0,0.0,0.0,0.061895553,0.0,0,0,0,1,0
42294,-1,0,0.50136167,0.6227793,1,1,unassigned,24.0,24.0,0.0,1.0,0.0,0.0,0.04255319,0.0,0,0,0,1,0
42295,-1,0,0.18495148,0.5461065,1,1,unassigned,5.0,5.0,0.0,1.0,0.0,0.0,0.0058027077,0.0,0,0,0,1,0
42296,-1,0,-0.29053384,0.4278732,0,1,unassigned,6.0,6.0,0.0,1.0,0.0,0.0,0.007736944,0.0,0,0,0,0,0
42297,-1,0,0.64656216,0.65623534,1,1,unassigned,4.0,4.0,0.0,1.0,0.0,0.0,0.003868472,0.0,0,0,0,1,0
42298,0,0,-0.1258209,0.4685862,0,0,val,19.0,19.0,0.0,1.0,0.0,0.0,0.032882012,0.0,0,0,1,0,0
42299,-1,0,1.9518025,0.8756431,1,1,unassigned,34.0,33.0,1.0,0.9705882,0.029411765,0.029411793,0.061895553,0.0018204574,0,0,0,1,0
42300,-1,0,0.31744903,0.57870245,1,1,unassigned,37.0,36.0,1.0,0.972973,0.027027028,0.02702701,0.06769826,0.0018296828,0,0,0,1,0
42301,-1,0,2.853154,0.94548154,1,1,unassigned,12.0,12.0,0.0,1.0,0.0,0.0,0.01934236,0.0,0,0,0,1,1
42302,-1,0,3.0317514,0.9539881,1,1,unassigned,13.0,9.0,4.0,0.6923077,0.30769232,0.3076923,0.021276595,0.006546645,0,0,0,1,1
42303,-1,1,2.1960413,0.89989346,1,1,unassigned,2.0,2.0,0.0,1.0,0.0,0.0,0.0,0.0,1,0,0,1,0
42304,-1,0,-0.26513296,0.43410233,0,1,unassigned,4.0,4.0,0.0,1.0,0.0,0.0,0.003868472,0.0,0,0,0,0,0
42305,-1,1,5.1904263,0.9944613,1,1,unassigned,2.0,2.0,0.0,1.0,0.0,0.0,0.0,0.0,1,0,0,1,1
42306,-1,0,0.94944984,0.72100455,1,1,unassigned,4.0,4.0,0.0,1.0,0.0,0.0,0.003868472,0.0,0,0,0,1,0
42307,-1,1,3.1869047,0.96033853,1,1,unassigned,2.0,2.0,0.0,1.0,0.0,0.0,0.0,0.0,1,0,0,1,1
42308,-1,1,0.9520603,0.7215293,1,1,unassigned,6.0,6.0,0.0,1.0,0.0,0.0,0.007736944,0.0,1,0,0,1,0
42309,-1,0,-0.57898116,0.35916704,0,1,unassigned,11.0,10.0,1.0,0.90909094,0.09090909,0.090909064,0.017408123,0.0015825568,0,0,0,0,0
42310,-1,0,0.2840039,0.57052755,1,1,unassigned,2.0,2.0,0.0,1.0,0.0,0.0,0.0,0.0,0,0,0,1,0
42311,-1,0,-0.4270148,0.3948394,0,1,unassigned,91.0,90.0,1.0,0.989011,0.010989011,0.01098901,0.172147,0.0018917253,0,0,0,0,0
42312,-1,1,3.255267,0.9628619,1,1,unassigned,2.0,2.0,0.0,1.0,0.0,0.0,0.0,0.0,1,0,0,1,1
42313,-1,1,-0.16380191,0.45914084,0,1,unassigned,67.0,65.0,2.0,0.9701493,0.029850746,0.029850721,0.12572534,0.0037529953,1,0,0,0,0
42314,-1,1,2.626242,0.93253154,1,1,unassigned,2.0,2.0,0.0,1.0,0.0,0.0,0.0,0.0,1,0,0,1,1
42315,-1,0,-0.18317628,0.45433357,0,1,unassigned,38.0,35.0,3.0,0.92105263,0.078947365,0.078947365,0.06963249,0.005497302,0,0,0,0,0
42316,-1,1,2.7250042,0.9384861,1,1,unassigned,8.0,1.0,7.0,0.125,0.875,0.875,0.0116054155,0.010154739,1,1,0,1,1
42317,0,0,0.018235087,0.5045587,1,1,test,4.0,4.0,0.0,1.0,0.0,0.0,0.003868472,0.0,0,0,0,1,0
42318,-1,1,-0.30164054,0.4251565,0,1,unassigned,20.0,19.0,1.0,0.95,0.05,0.050000012,0.034816246,0.0017408123,1,0,0,0,0
42319,-1,0,-0.55997777,0.3635526,0,1,unassigned,8.0,8.0,0.0,1.0,0.0,0.0,0.0116054155,0.0,0,0,0,0,0
42320,-1,0,-0.39110088,0.4034523,0,1,unassigned,10.0,10.0,0.0,1.0,0.0,0.0,0.015473888,0.0,0,0,0,0,0
42321,-1,0,-0.39486134,0.40254757,0,1,unassigned,13.0,12.0,1.0,0.9230769,0.07692308,0.07692307,0.021276595,0.0016366612,0,0,0,0,0
42322,-1,0,7.7557397,0.99957186,1,1,unassigned,2.0,1.0,1.0,0.5,0.5,0.5,0.0,0.0,0,0,0,1,1
42323,-1,0,0.11716372,0.5292575,1,1,unassigned,5.0,4.0,1.0,0.8,0.2,0.19999999,0.0058027077,0.0011605415,0,0,0,1,0
42324,-1,0,2.9726923,0.9513251,1,1,unassigned,3.0,3.0,0.0,1.0,0.0,0.0,0.001934236,0.0,0,0,0,1,1
42325,-1,0,3.5579464,0.97229224,1,1,unassigned,3.0,3.0,0.0,1.0,0.0,0.0,0.001934236,0.0,0,0,0,1,1
42326,-1,0,-0.15052027,0.46244082,0,1,unassigned,31.0,31.0,0.0,1.0,0.0,0.0,0.056092843,0.0,0,0,0,0,0
42327,-1,0,4.104204,0.9837648,1,1,unassigned,12.0,11.0,1.0,0.9166667,0.083333336,0.08333331,0.01934236,0.0016118633,0,0,0,1,1
42328,-1,0,-0.70564604,0.3305616,0,1,unassigned,3.0,3.0,0.0,1.0,0.0,0.0,0.001934236,0.0,0,0,0,0,0
42329,-1,1,-0.0786185,0.48035547,0,1,unassigned,31.0,28.0,3.0,0.9032258,0.09677419,0.09677422,0.056092843,0.0054283394,1,0,0,0,0
42330,-1,0,3.1469119,0.9587868,1,1,unassigned,10.0,10.0,0.0,1.0,0.0,0.0,0.015473888,0.0,0,0,0,1,1
42331,-1,0,0.98170394,0.72744614,1,1,unassigned,10.0,10.0,0.0,1.0,0.0,0.0,0.015473888,0.0,0,0,0,1,0
42332,1,0,6.2250657,0.9980247,1,0,val,3.0,2.0,1.0,0.6666667,0.33333334,0.3333333,0.001934236,0.00064474536,0,0,1,1,1
42333,-1,1,0.3084098,0.5764971,1,1,unassigned,4.0,4.0,0.0,1.0,0.0,0.0,0.003868472,0.0,1,0,0,1,0
42334,-1,1,2.8935087,0.9475246,1,1,unassigned,3.0,3.0,0.0,1.0,0.0,0.0,0.001934236,0.0,1,0,0,1,1
42335,-1,1,0.18510938,0.5461456,1,1,unassigned,11.0,5.0,6.0,0.45454547,0.54545456,0.5454545,0.017408123,0.00949534,1,0,0,1,0
42336,0,1,-0.080333084,0.4799275,0,0,unassigned,19.0,18.0,1.0,0.94736844,0.05263158,0.052631557,0.032882012,0.0017306323,1,0,1,0,0
42337,-1,0,1.8497255,0.86409485,1,1,unassigned,36.0,36.0,0.0,1.0,0.0,0.0,0.065764025,0.0,0,0,0,1,0
42338,-1,0,2.4399273,0.91982174,1,1,unassigned,5.0,5.0,0.0,1.0,0.0,0.0,0.0058027077,0.0,0,0,0,1,1
42339,-1,1,-0.24077058,0.44009644,0,1,unassigned,18.0,18.0,0.0,1.0,0.0,0.0,0.030947777,0.0,1,0,0,0,0
42340,-1,0,-0.085721165,0.47858286,0,1,unassigned,15.0,12.0,3.0,0.8,0.2,0.19999999,0.025145067,0.0050290134,0,0,0,0,0
42341,-1,0,0.11801082,0.52946854,1,1,unassigned,32.0,31.0,1.0,0.96875,0.03125,0.03125,0.058027077,0.0018133462,0,0,0,1,0
42342,-1,0,-0.48970023,0.3799642,0,1,unassigned,11.0,11.0,0.0,1.0,0.0,0.0,0.017408123,0.0,0,0,0,0,0
42343,-1,1,7.371839,0.9993717,1,1,unassigned,27.0,26.0,1.0,0.962963,0.037037037,0.037037015,0.0483559,0.0017909593,1,0,0,1,1
42344,0,0,0.19843167,0.5494458,1,1,unassigned,74.0,74.0,0.0,1.0,0.0,0.0,0.13926499,0.0,0,0,0,1,0
42345,-1,1,3.2723286,0.9634673,1,1,unassigned,2.0,1.0,1.0,0.5,0.5,0.5,0.0,0.0,1,0,0,1,1
42346,-1,0,1.3300169,0.7908434,1,1,unassigned,21.0,21.0,0.0,1.0,0.0,0.0,0.036750484,0.0,0,0,0,1,0
42347,-1,0,-0.33051443,0.41811547,0,1,unassigned,59.0,57.0,2.0,0.9661017,0.033898305,0.033898294,0.11025145,0.0037373372,0,0,0,0,0
42348,-1,1,2.2143798,0.9015334,1,1,unassigned,4.0,4.0,0.0,1.0,0.0,0.0,0.003868472,0.0,1,0,0,1,1
42349,-1,1,-0.54301465,0.36748657,0,1,unassigned,50.0,49.0,1.0,0.98,0.02,0.01999998,0.092843324,0.0018568664,1,0,0,0,0
42350,-1,1,4.6724954,0.99073774,1,1,unassigned,3.0,3.0,0.0,1.0,0.0,0.0,0.001934236,0.0,1,0,0,1,1
42351,-1,0,2.0754292,0.888492,1,1,unassigned,17.0,17.0,0.0,1.0,0.0,0.0,0.029013539,0.0,0,0,0,1,0
42352,-1,0,-0.1332773,0.46672994,0,1,unassigned,4.0,4.0,0.0,1.0,0.0,0.0,0.003868472,0.0,0,0,0,0,0
42353,1,1,-0.4110253,0.3986663,0,1,test,5.0,4.0,1.0,0.8,0.2,0.19999999,0.0058027077,0.0011605415,1,0,0,0,0
42354,-1,1,-0.155056,0.46131352,0,1,unassigned,3.0,3.0,0.0,1.0,0.0,0.0,0.001934236,0.0,1,0,0,0,0
42355,-1,1,1.3532639,0.7946628,1,1,unassigned,2.0,2.0,0.0,1.0,0.0,0.0,0.0,0.0,1,0,0,1,0
42356,-1,1,1.5697944,0.8277543,1,1,unassigned,3.0,3.0,0.0,1.0,0.0,0.0,0.001934236,0.0,1,0,0,1,0
42357,-1,1,1.787962,0.8566772,1,1,unassigned,14.0,13.0,1.0,0.9285714,0.071428575,0.0714286,0.023210831,0.0016579166,1,0,0,1,0
42358,-1,1,1.3139944,0.78818077,1,1,unassigned,6.0,6.0,0.0,1.0,0.0,0.0,0.007736944,0.0,1,0,0,1,0
42359,-1,1,-0.84240997,0.30102745,0,1,unassigned,42.0,40.0,2.0,0.95238096,0.04761905,0.047619045,0.07736944,0.003684259,1,0,0,0,0
42360,-1,0,2.1519349,0.89584947,1,1,unassigned,9.0,7.0,2.0,0.7777778,0.22222222,0.22222221,0.013539651,0.0030088115,0,0,0,1,0
42361,-1,0,0.6704243,0.66159815,1,1,unassigned,6.0,6.0,0.0,1.0,0.0,0.0,0.007736944,0.0,0,0,0,1,0
42362,1,0,3.17154,0.95974904,1,0,val,7.0,5.0,2.0,0.71428573,0.2857143,0.28571427,0.00967118,0.0027631943,0,0,1,1,1
42363,-1,0,-0.5174686,0.37344438,0,1,unassigned,2.0,2.0,0.0,1.0,0.0,0.0,0.0,0.0,0,0,0,0,0
42364,-1,0,0.4150427,0.60229635,1,1,unassigned,2.0,2.0,0.0,1.0,0.0,0.0,0.0,0.0,0,0,0,1,0
42365,-1,0,-0.39214075,0.4032021,0,1,unassigned,15.0,14.0,1.0,0.93333334,0.06666667,0.06666666,0.025145067,0.0016763379,0,0,0,0,0
42366,-1,1,4.4371896,0.98830914,1,1,unassigned,6.0,5.0,1.0,0.8333333,0.16666667,0.16666669,0.007736944,0.0012894907,1,0,0,1,1
42367,-1,0,-0.29010886,0.4279772,0,1,unassigned,11.0,11.0,0.0,1.0,0.0,0.0,0.017408123,0.0,0,0,0,0,0
42368,-1,1,2.050598,0.886008,1,1,unassigned,13.0,9.0,4.0,0.6923077,0.30769232,0.3076923,0.021276595,0.006546645,1,0,0,1,0
42369,-1,0,-0.4328739,0.39344028,0,1,unassigned,47.0,47.0,0.0,1.0,0.0,0.0,0.08704062,0.0,0,0,0,0,0
42370,-1,0,-0.22800681,0.44324395,0,1,unassigned,164.0,154.0,10.0,0.9390244,0.06097561,0.06097561,0.31334624,0.019106477,0,0,0,0,0
42371,0,0,-0.52425134,0.37185866,0,0,val,15.0,15.0,0.0,1.0,0.0,0.0,0.025145067,0.0,0,0,1,0,0
42372,1,0,1.3506052,0.79422855,1,0,unassigned,17.0,17.0,0.0,1.0,0.0,0.0,0.029013539,0.0,0,0,1,1,0
42373,-1,0,-0.614967,0.350927,0,1,unassigned,58.0,57.0,1.0,0.98275864,0.01724138,0.017241359,0.10831721,0.0018675381,0,0,0,0,0
42374,-1,0,-0.93726444,0.28145325,0,1,unassigned,17.0,16.0,1.0,0.9411765,0.05882353,0.058823526,0.029013539,0.0017066788,0,0,0,0,0
42375,-1,0,0.13086063,0.53266853,1,1,unassigned,7.0,7.0,0.0,1.0,0.0,0.0,0.00967118,0.0,0,0,0,1,0
42376,-1,0,-0.1310617,0.46728143,0,1,unassigned,45.0,45.0,0.0,1.0,0.0,0.0,0.08317215,0.0,0,0,0,0,0
42377,-1,1,1.6043489,0.8326253,1,1,unassigned,16.0,16.0,0.0,1.0,0.0,0.0,0.027079303,0.0,1,0,0,1,0
42378,-1,1,3.1440346,0.95867306,1,1,unassigned,27.0,27.0,0.0,1.0,0.0,0.0,0.0483559,0.0,1,0,0,1,1
42379,-1,1,3.3678048,0.9666831,1,1,unassigned,18.0,17.0,1.0,0.9444444,0.055555556,0.055555582,0.030947777,0.0017193209,1,0,0,1,1
42380,-1,1,3.0376737,0.95424736,1,1,unassigned,2.0,2.0,0.0,1.0,0.0,0.0,0.0,0.0,1,0,0,1,1
42381,-1,1,2.2659767,0.9060198,1,1,unassigned,2.0,2.0,0.0,1.0,0.0,0.0,0.0,0.0,1,0,0,1,1
42382,-1,0,11.387108,0.9999887,1,1,unassigned,12.0,12.0,0.0,1.0,0.0,0.0,0.01934236,0.0,0,0,0,1,1
42383,0,0,0.40888804,0.6008212,1,1,test,4.0,4.0,0.0,1.0,0.0,0.0,0.003868472,0.0,0,0,0,1,0
42384,-1,0,-0.16736972,0.45825496,0,1,unassigned,51.0,45.0,6.0,0.88235295,0.11764706,0.11764705,0.09477756,0.011150301,0,0,0,0,0
42385,1,1,6.442226,0.9984097,1,0,unassigned,3.0,2.0,1.0,0.6666667,0.33333334,0.3333333,0.001934236,0.00064474536,1,0,1,1,1
42386,-1,1,-0.18252969,0.45449388,0,1,unassigned,2.0,2.0,0.0,1.0,0.0,0.0,0.0,0.0,1,0,0,0,0
42387,-1,0,5.5487113,0.99612266,1,1,unassigned,2.0,2.0,0.0,1.0,0.0,0.0,0.0,0.0,0,0,0,1,1
42388,-1,0,0.5162,0.6262588,1,1,unassigned,16.0,16.0,0.0,1.0,0.0,0.0,0.027079303,0.0,0,0,0,1,0
42389,1,0,3.0152755,0.95325947,1,0,unassigned,3.0,3.0,0.0,1.0,0.0,0.0,0.001934236,0.0,0,0,1,1,1
42390,-1,0,4.878568,0.9924495,1,1,unassigned,17.0,17.0,0.0,1.0,0.0,0.0,0.029013539,0.0,0,0,0,1,1
42391,1,0,-0.13148803,0.46717525,0,1,test,3.0,3.0,0.0,1.0,0.0,0.0,0.001934236,0.0,0,0,0,0,0
42392,-1,1,3.6293757,0.97415304,1,1,unassigned,21.0,20.0,1.0,0.95238096,0.04761905,0.047619045,0.036750484,0.0017500231,1,0,0,1,1
42393,-1,1,5.110762,0.99400467,1,1,unassigned,11.0,10.0,1.0,0.90909094,0.09090909,0.090909064,0.017408123,0.0015825568,1,0,0,1,1
42394,-1,1,3.1500752,0.95891166,1,1,unassigned,14.0,14.0,0.0,1.0,0.0,0.0,0.023210831,0.0,1,0,0,1,1
42395,-1,1,1.3220584,0.7895239,1,1,unassigned,7.0,7.0,0.0,1.0,0.0,0.0,0.00967118,0.0,1,0,0,1,0
42396,-1,0,-0.5869374,0.35733786,0,1,unassigned,2.0,2.0,0.0,1.0,0.0,0.0,0.0,0.0,0,0,0,0,0
42397,-1,1,3.757117,0.97718185,1,1,unassigned,7.0,7.0,0.0,1.0,0.0,0.0,0.00967118,0.0,1,0,0,1,1
42398,-1,1,6.3551726,0.9982653,1,1,unassigned,6.0,3.0,3.0,0.5,0.5,0.5,0.007736944,0.003868472,1,0,0,1,1
42399,-1,0,-0.22679001,0.44354427,0,1,unassigned,26.0,26.0,0.0,1.0,0.0,0.0,0.046421662,0.0,0,0,0,0,0
42400,0,0,-0.26467717,0.43421432,0,0,test,31.0,30.0,1.0,0.9677419,0.032258064,0.032258093,0.056092843,0.0018094465,0,0,1,0,0
42401,0,0,-0.052014172,0.48699936,0,0,val,26.0,26.0,0.0,1.0,0.0,0.0,0.046421662,0.0,0,0,1,0,0
42402,-1,0,-0.37200633,0.40805632,0,1,unassigned,27.0,23.0,4.0,0.8518519,0.14814815,0.14814812,0.0483559,0.007163837,0,0,0,0,0
42403,-1,1,3.941076,0.9809429,1,1,unassigned,16.0,14.0,2.0,0.875,0.125,0.125,0.027079303,0.0033849129,1,0,0,1,1
42404,-1,0,-0.29224458,0.42745444,0,1,unassigned,25.0,24.0,1.0,0.96,0.04,0.04000002,0.044487428,0.001779497,0,0,0,0,0
42405,-1,0,-0.43959972,0.39183635,0,1,unassigned,55.0,55.0,0.0,1.0,0.0,0.0,0.102514505,0.0,0,0,0,0,0
42406,-1,0,-0.09866342,0.47535416,0,1,unassigned,28.0,28.0,0.0,1.0,0.0,0.0,0.050290134,0.0,0,0,0,0,0
42407,1,0,0.05043477,0.512606,1,0,unassigned,9.0,9.0,0.0,1.0,0.0,0.0,0.013539651,0.0,0,0,1,1,0
42408,1,0,2.3985527,0.9167168,1,0,unassigned,4.0,4.0,0.0,1.0,0.0,0.0,0.003868472,0.0,0,0,1,1,1
42409,-1,0,-0.72046065,0.32729155,0,1,unassigned,29.0,29.0,0.0,1.0,0.0,0.0,0.05222437,0.0,0,0,0,0,0
42410,1,0,5.82316,0.9970504,1,0,test,4.0,3.0,1.0,0.75,0.25,0.25,0.003868472,0.000967118,0,0,1,1,1
42411,-1,1,3.6392872,0.9744014,1,1,unassigned,9.0,9.0,0.0,1.0,0.0,0.0,0.013539651,0.0,1,0,0,1,1
42412,-1,1,-0.9115767,0.2866773,0,1,unassigned,53.0,52.0,1.0,0.9811321,0.018867925,0.01886791,0.09864604,0.0018612461,1,0,0,0,0
42413,-1,1,3.7889197,0.97788024,1,1,unassigned,2.0,2.0,0.0,1.0,0.0,0.0,0.0,0.0,1,0,0,1,1
42414,-1,1,0.50022453,0.6225121,1,1,unassigned,5.0,5.0,0.0,1.0,0.0,0.0,0.0058027077,0.0,1,0,0,1,0
42415,0,1,0.79762584,0.6894664,1,1,val,31.0,29.0,2.0,0.9354839,0.06451613,0.06451613,0.056092843,0.003618893,1,0,0,1,0
42416,-1,1,-0.5114806,0.3748465,0,1,unassigned,19.0,19.0,0.0,1.0,0.0,0.0,0.032882012,0.0,1,0,0,0,0
42417,-1,1,-0.25625908,0.4362835,0,1,unassigned,20.0,20.0,0.0,1.0,0.0,0.0,0.034816246,0.0,1,0,0,0,0
42418,-1,1,-0.7447995,0.32195553,0,1,unassigned,11.0,10.0,1.0,0.90909094,0.09090909,0.090909064,0.017408123,0.0015825568,1,0,0,0,0
42419,-1,1,-0.42892927,0.39438203,0,1,unassigned,10.0,10.0,0.0,1.0,0.0,0.0,0.015473888,0.0,1,0,0,0,0
42420,-1,1,6.99016,0.99907994,1,1,unassigned,4.0,3.0,1.0,0.75,0.25,0.25,0.003868472,0.000967118,1,0,0,1,1
42421,-1,1,2.4934962,0.9236846,1,1,unassigned,3.0,3.0,0.0,1.0,0.0,0.0,0.001934236,0.0,1,0,0,1,1
42422,-1,0,3.9753668,0.9815735,1,1,unassigned,5.0,5.0,0.0,1.0,0.0,0.0,0.0058027077,0.0,0,0,0,1,1
42423,-1,1,3.4362233,0.9688176,1,1,unassigned,5.0,5.0,0.0,1.0,0.0,0.0,0.0058027077,0.0,1,0,0,1,1
42424,1,1,0.016614676,0.50415355,1,0,test,2.0,2.0,0.0,1.0,0.0,0.0,0.0,0.0,1,0,1,1,0
42425,-1,0,6.807075,0.9988953,1,1,unassigned,8.0,7.0,1.0,0.875,0.125,0.125,0.0116054155,0.0014506769,0,0,0,1,1
42426,1,0,-0.65880054,0.34100908,0,1,unassigned,39.0,39.0,0.0,1.0,0.0,0.0,0.07156673,0.0,0,0,0,0,0
42427,-1,0,6.1381626,0.99784577,1,1,unassigned,4.0,4.0,0.0,1.0,0.0,0.0,0.003868472,0.0,0,0,0,1,1
42428,-1,0,-0.5029662,0.37684384,0,1,unassigned,2.0,2.0,0.0,1.0,0.0,0.0,0.0,0.0,0,0,0,0,0
42429,-1,0,-0.6531618,0.34227738,0,1,unassigned,32.0,32.0,0.0,1.0,0.0,0.0,0.058027077,0.0,0,0,0,0,0
42430,-1,0,-0.3074971,0.42372578,0,1,unassigned,59.0,59.0,0.0,1.0,0.0,0.0,0.11025145,0.0,0,0,0,0,0
42431,-1,0,-0.3679496,0.40903655,0,1,unassigned,29.0,29.0,0.0,1.0,0.0,0.0,0.05222437,0.0,0,0,0,0,0
42432,-1,1,0.40087956,0.598899,1,1,unassigned,74.0,74.0,0.0,1.0,0.0,0.0,0.13926499,0.0,1,0,0,1,0
42433,-1,1,2.3844125,0.91563094,1,1,unassigned,5.0,4.0,1.0,0.8,0.2,0.19999999,0.0058027077,0.0011605415,1,0,0,1,1
42434,-1,0,0.036304533,0.5090751,1,1,unassigned,22.0,22.0,0.0,1.0,0.0,0.0,0.03868472,0.0,0,0,0,1,0
42435,-1,1,0.6543179,0.6579828,1,1,unassigned,38.0,38.0,0.0,1.0,0.0,0.0,0.06963249,0.0,1,0,0,1,0
42436,1,0,-0.48868328,0.38020378,0,1,unassigned,25.0,25.0,0.0,1.0,0.0,0.0,0.044487428,0.0,0,0,0,0,0
42437,-1,0,-0.3390963,0.41602904,0,1,unassigned,47.0,47.0,0.0,1.0,0.0,0.0,0.08704062,0.0,0,0,0,0,0
42438,-1,0,-0.14469129,0.46389014,0,1,unassigned,40.0,40.0,0.0,1.0,0.0,0.0,0.07350097,0.0,0,0,0,0,0
42439,-1,1,0.5628286,0.6371068,1,1,unassigned,80.0,77.0,3.0,0.9625,0.0375,0.037500024,0.15087041,0.0056576408,1,0,0,1,0
42440,1,0,-0.24920544,0.4380191,0,1,test,28.0,28.0,0.0,1.0,0.0,0.0,0.050290134,0.0,0,0,0,0,0
42441,1,0,-0.040845633,0.48979002,0,1,test,28.0,27.0,1.0,0.96428573,0.035714287,0.03571427,0.050290134,0.0017960763,0,0,0,0,0
42442,0,0,-0.4267776,0.39489606,0,0,train,13.0,13.0,0.0,1.0,0.0,0.0,0.021276595,0.0,0,0,1,0,0
42443,-1,0,-0.90322936,0.28838733,0,1,unassigned,46.0,46.0,0.0,1.0,0.0,0.0,0.08510638,0.0,0,0,0,0,0
42444,-1,0,-0.57742244,0.35952592,0,1,unassigned,30.0,30.0,0.0,1.0,0.0,0.0,0.054158606,0.0,0,0,0,0,0
42445,-1,0,0.356983,0.5883099,1,1,unassigned,5.0,5.0,0.0,1.0,0.0,0.0,0.0058027077,0.0,0,0,0,1,0
42446,-1,0,-0.9134523,0.28629392,0,1,unassigned,20.0,18.0,2.0,0.9,0.1,0.100000024,0.034816246,0.0034816246,0,0,0,0,0
42447,-1,0,0.047972262,0.5119907,1,1,unassigned,30.0,29.0,1.0,0.96666664,0.033333335,0.03333336,0.054158606,0.001805287,0,0,0,1,0
42448,-1,0,-0.30374733,0.4246417,0,1,unassigned,33.0,32.0,1.0,0.969697,0.030303031,0.030303001,0.059961315,0.0018170096,0,0,0,0,0
42449,-1,0,10.721192,0.99997795,1,1,unassigned,12.0,10.0,2.0,0.8333333,0.16666667,0.16666669,0.01934236,0.0032237265,0,0,0,1,1
42450,-1,1,0.10051376,0.5251073,1,1,unassigned,69.0,66.0,3.0,0.95652175,0.04347826,0.04347825,0.1295938,0.005634513,1,0,0,1,0
42451,1,1,3.7882607,0.977866,1,0,unassigned,3.0,3.0,0.0,1.0,0.0,0.0,0.001934236,0.0,1,0,1,1,1
42452,-1,0,0.6770534,0.66308075,1,1,unassigned,21.0,18.0,3.0,0.85714287,0.14285715,0.14285713,0.036750484,0.0052500693,0,0,0,1,0
42453,-1,0,6.515098,0.99852127,1,1,unassigned,7.0,7.0,0.0,1.0,0.0,0.0,0.00967118,0.0,0,0,0,1,1
42454,1,1,0.60616785,0.6470661,1,0,val,18.0,18.0,0.0,1.0,0.0,0.0,0.030947777,0.0,1,0,1,1,0
42455,-1,0,1.0814579,0.7467697,1,1,unassigned,3.0,3.0,0.0,1.0,0.0,0.0,0.001934236,0.0,0,0,0,1,0
42456,-1,0,-0.02128297,0.49467945,0,1,unassigned,25.0,24.0,1.0,0.96,0.04,0.04000002,0.044487428,0.001779497,0,0,0,0,0
42457,-1,0,-0.41594654,0.39748713,0,1,unassigned,6.0,5.0,1.0,0.8333333,0.16666667,0.16666669,0.007736944,0.0012894907,0,0,0,0,0
42458,1,0,-0.18360159,0.45422807,0,1,train,55.0,55.0,0.0,1.0,0.0,0.0,0.102514505,0.0,0,0,0,0,0
42459,1,0,-0.22706807,0.44347566,0,1,val,24.0,21.0,3.0,0.875,0.125,0.125,0.04255319,0.005319149,0,0,0,0,0
42460,-1,0,-0.20385474,0.44921207,0,1,unassigned,44.0,44.0,0.0,1.0,0.0,0.0,0.08123791,0.0,0,0,0,0,0
42461,-1,0,-0.488226,0.38031155,0,1,unassigned,71.0,70.0,1.0,0.9859155,0.014084507,0.014084518,0.13346228,0.0018797504,0,0,0,0,0
42462,-1,0,-0.3149628,0.42190385,0,1,unassigned,28.0,28.0,0.0,1.0,0.0,0.0,0.050290134,0.0,0,0,0,0,0
42463,-1,0,1.0621128,0.7430941,1,1,unassigned,25.0,16.0,9.0,0.64,0.36,0.36,0.044487428,0.016015476,0,0,0,1,0
42464,-1,0,0.9772212,0.7265565,1,1,unassigned,5.0,5.0,0.0,1.0,0.0,0.0,0.0058027077,0.0,0,0,0,1,0
42465,-1,0,0.97438484,0.7259926,1,1,unassigned,21.0,21.0,0.0,1.0,0.0,0.0,0.036750484,0.0,0,0,0,1,0
42466,-1,0,1.2126725,0.77077144,1,1,unassigned,15.0,14.0,1.0,0.93333334,0.06666667,0.06666666,0.025145067,0.0016763379,0,0,0,1,0
42467,-1,0,1.6353638,0.8369031,1,1,unassigned,5.0,4.0,1.0,0.8,0.2,0.19999999,0.0058027077,0.0011605415,0,0,0,1,0
42468,-1,0,-0.36482108,0.40979305,0,1,unassigned,19.0,19.0,0.0,1.0,0.0,0.0,0.032882012,0.0,0,0,0,0,0
42469,1,1,0.49170846,0.62050885,1,0,unassigned,5.0,4.0,1.0,0.8,0.2,0.19999999,0.0058027077,0.0011605415,1,0,1,1,0
42470,1,0,0.0354082,0.5088511,1,0,unassigned,26.0,25.0,1.0,0.96153843,0.03846154,0.038461566,0.046421662,0.0017854486,0,0,1,1,0
42471,-1,0,0.4008944,0.5989025,1,1,unassigned,2.0,2.0,0.0,1.0,0.0,0.0,0.0,0.0,0,0,0,1,0
42472,-1,0,3.1497447,0.9588987,1,1,unassigned,15.0,15.0,0.0,1.0,0.0,0.0,0.025145067,0.0,0,0,0,1,1
42473,-1,1,-0.6118807,0.3516303,0,1,unassigned,8.0,8.0,0.0,1.0,0.0,0.0,0.0116054155,0.0,1,0,0,0,0
42474,-1,1,-0.73732865,0.32358855,0,1,unassigned,13.0,13.0,0.0,1.0,0.0,0.0,0.021276595,0.0,1,0,0,0,0
42475,0,1,-0.17743468,0.45575735,0,0,test,61.0,61.0,0.0,1.0,0.0,0.0,0.114119925,0.0,1,0,1,0,0
42476,-1,1,1.7457526,0.8514163,1,1,unassigned,57.0,54.0,3.0,0.94736844,0.05263158,0.052631557,0.10638298,0.0055991043,1,0,0,1,0
42477,-1,0,-0.779036,0.3145277,0,1,unassigned,6.0,6.0,0.0,1.0,0.0,0.0,0.007736944,0.0,0,0,0,0,0
42478,0,1,-0.0975126,0.47564116,0,0,unassigned,30.0,30.0,0.0,1.0,0.0,0.0,0.054158606,0.0,1,0,1,0,0
42479,-1,0,1.1211107,0.7541947,1,1,unassigned,7.0,7.0,0.0,1.0,0.0,0.0,0.00967118,0.0,0,0,0,1,0
42480,-1,0,-0.3200419,0.42066556,0,1,unassigned,7.0,7.0,0.0,1.0,0.0,0.0,0.00967118,0.0,0,0,0,0,0
42481,1,1,3.7057736,0.97600853,1,0,val,12.0,4.0,8.0,0.33333334,0.6666667,0.6666666,0.01934236,0.012894906,1,0,1,1,1
42482,-1,0,0.713201,0.67110807,1,1,unassigned,7.0,7.0,0.0,1.0,0.0,0.0,0.00967118,0.0,0,0,0,1,0
42483,-1,1,1.2940612,0.7848338,1,1,unassigned,5.0,5.0,0.0,1.0,0.0,0.0,0.0058027077,0.0,1,0,0,1,0
42484,-1,0,0.56152874,0.63680613,1,1,unassigned,2.0,2.0,0.0,1.0,0.0,0.0,0.0,0.0,0,0,0,1,0
42485,-1,1,5.408979,0.9955438,1,1,unassigned,12.0,11.0,1.0,0.9166667,0.083333336,0.08333331,0.01934236,0.0016118633,1,0,0,1,1
42486,-1,0,-0.2009123,0.4499402,0,1,unassigned,3.0,3.0,0.0,1.0,0.0,0.0,0.001934236,0.0,0,0,0,0,0
42487,-1,0,1.5900986,0.83063,1,1,unassigned,32.0,31.0,1.0,0.96875,0.03125,0.03125,0.058027077,0.0018133462,0,0,0,1,0
42488,-1,0,1.7173097,0.847782,1,1,unassigned,3.0,3.0,0.0,1.0,0.0,0.0,0.001934236,0.0,0,0,0,1,0
42489,-1,0,11.579397,0.9999907,1,1,unassigned,45.0,38.0,7.0,0.84444445,0.15555556,0.15555555,0.08317215,0.01293789,0,0,0,1,1
42490,-1,0,-0.21252394,0.4470681,0,1,unassigned,2.0,2.0,0.0,1.0,0.0,0.0,0.0,0.0,0,0,0,0,0
42491,-1,0,0.8752286,0.7058325,1,1,unassigned,13.0,13.0,0.0,1.0,0.0,0.0,0.021276595,0.0,0,0,0,1,0
42492,-1,0,0.33605093,0.5832309,1,1,unassigned,4.0,4.0,0.0,1.0,0.0,0.0,0.003868472,0.0,0,0,0,1,0
42493,1,1,-0.2970667,0.42627472,0,1,val,21.0,21.0,0.0,1.0,0.0,0.0,0.036750484,0.0,1,0,0,0,0
42494,-1,1,-0.80120075,0.3097687,0,1,unassigned,35.0,35.0,0.0,1.0,0.0,0.0,0.06382979,0.0,1,0,0,0,0
42495,-1,1,1.6656189,0.84099084,1,1,unassigned,25.0,23.0,2.0,0.92,0.08,0.07999998,0.044487428,0.003558994,1,0,0,1,0
42496,-1,1,-0.7004519,0.33171204,0,1,unassigned,40.0,40.0,0.0,1.0,0.0,0.0,0.07350097,0.0,1,0,0,0,0
42497,0,0,0.3224352,0.5799176,1,1,unassigned,4.0,4.0,0.0,1.0,0.0,0.0,0.003868472,0.0,0,0,0,1,0
42498,1,1,-0.2487261,0.4381371,0,1,val,25.0,25.0,0.0,1.0,0.0,0.0,0.044487428,0.0,1,0,0,0,0
42499,-1,0,-0.40281168,0.400637,0,1,unassigned,3.0,3.0,0.0,1.0,0.0,0.0,0.001934236,0.0,0,0,0,0,0
42500,-1,0,3.9120648,0.980393,1,1,unassigned,21.0,18.0,3.0,0.85714287,0.14285715,0.14285713,0.036750484,0.0052500693,0,0,0,1,1
42501,-1,0,0.77537256,0.68468195,1,1,unassigned,5.0,5.0,0.0,1.0,0.0,0.0,0.0058027077,0.0,0,0,0,1,0
42502,-1,1,5.6684384,0.9965586,1,1,unassigned,7.0,4.0,3.0,0.5714286,0.42857143,0.4285714,0.00967118,0.0041447915,1,0,0,1,1
42503,-1,0,-0.041191757,0.48970354,0,1,unassigned,3.0,3.0,0.0,1.0,0.0,0.0,0.001934236,0.0,0,0,0,0,0
42504,-1,1,3.907315,0.98030144,1,1,unassigned,16.0,16.0,0.0,1.0,0.0,0.0,0.027079303,0.0,1,0,0,1,1
42505,-1,1,0.6668498,0.6607974,1,1,unassigned,6.0,3.0,3.0,0.5,0.5,0.5,0.007736944,0.003868472,1,0,0,1,0
42506,-1,1,-0.4774422,0.38285628,0,1,unassigned,20.0,8.0,12.0,0.4,0.6,0.6,0.034816246,0.020889748,1,0,0,0,0
42507,-1,0,2.107436,0.8916238,1,1,unassigned,5.0,4.0,1.0,0.8,0.2,0.19999999,0.0058027077,0.0011605415,0,0,0,1,0
42508,-1,0,10.279721,0.99996567,1,1,unassigned,14.0,11.0,3.0,0.78571427,0.21428572,0.21428573,0.023210831,0.0049737496,0,0,0,1,1
42509,-1,1,2.6301575,0.9327774,1,1,unassigned,5.0,3.0,2.0,0.6,0.4,0.39999998,0.0058027077,0.002321083,1,0,0,1,1
42510,-1,0,-0.68568724,0.33499315,0,1,unassigned,7.0,7.0,0.0,1.0,0.0,0.0,0.00967118,0.0,0,0,0,0,0
42511,-1,0,-0.70024943,0.33175692,0,1,unassigned,25.0,24.0,1.0,0.96,0.04,0.04000002,0.044487428,0.001779497,0,0,0,0,0
42512,-1,0,3.3321478,0.9655154,1,1,unassigned,2.0,2.0,0.0,1.0,0.0,0.0,0.0,0.0,0,0,0,1,1
42513,1,0,-0.6273597,0.34810945,0,1,val,10.0,10.0,0.0,1.0,0.0,0.0,0.015473888,0.0,0,0,0,0,0
42514,0,0,-0.45142794,0.3890213,0,0,unassigned,8.0,8.0,0.0,1.0,0.0,0.0,0.0116054155,0.0,0,0,1,0,0
42515,-1,0,-0.30182037,0.42511255,0,1,unassigned,4.0,4.0,0.0,1.0,0.0,0.0,0.003868472,0.0,0,0,0,0,0
42516,-1,0,2.9999433,0.9525716,1,1,unassigned,13.0,10.0,3.0,0.7692308,0.23076923,0.23076922,0.021276595,0.0049099834,0,0,0,1,1
42517,0,1,-0.7754054,0.31531096,0,0,train,71.0,69.0,2.0,0.97183096,0.028169014,0.028169036,0.13346228,0.0037595008,1,0,1,0,0
42518,-1,1,-0.37688452,0.40687853,0,1,unassigned,63.0,61.0,2.0,0.96825397,0.031746034,0.03174603,0.11798839,0.0037456634,1,0,0,0,0
42519,-1,1,1.057867,0.7422827,1,1,unassigned,23.0,23.0,0.0,1.0,0.0,0.0,0.040618956,0.0,1,0,0,1,0
42520,-1,1,0.30740565,0.57625186,1,1,unassigned,39.0,36.0,3.0,0.9230769,0.07692308,0.07692307,0.07156673,0.0055051334,1,0,0,1,0
42521,-1,1,-0.28105524,0.4301951,0,1,unassigned,35.0,33.0,2.0,0.94285715,0.057142857,0.057142854,0.06382979,0.0036474164,1,0,0,0,0
42522,-1,0,-0.16131538,0.45975837,0,1,unassigned,36.0,36.0,0.0,1.0,0.0,0.0,0.065764025,0.0,0,0,0,0,0
42523,-1,0,1.9463205,0.8750449,1,1,unassigned,30.0,30.0,0.0,1.0,0.0,0.0,0.054158606,0.0,0,0,0,1,0
42524,-1,1,2.1295156,0.89373904,1,1,unassigned,10.0,9.0,1.0,0.9,0.1,0.100000024,0.015473888,0.0015473888,1,0,0,1,0
42525,0,0,-0.6395409,0.34535033,0,0,test,4.0,4.0,0.0,1.0,0.0,0.0,0.003868472,0.0,0,0,1,0,0
42526,1,0,-0.056377947,0.48590925,0,1,test,9.0,9.0,0.0,1.0,0.0,0.0,0.013539651,0.0,0,0,0,0,0
42527,-1,0,-0.6855863,0.33501562,0,1,unassigned,28.0,28.0,0.0,1.0,0.0,0.0,0.050290134,0.0,0,0,0,0,0
42528,0,0,-0.6722859,0.33798516,0,0,test,8.0,4.0,4.0,0.5,0.5,0.5,0.0116054155,0.0058027077,0,0,1,0,0
42529,-1,1,-0.67541987,0.33728433,0,1,unassigned,16.0,15.0,1.0,0.9375,0.0625,0.0625,0.027079303,0.0016924564,1,0,0,0,0
42530,-1,0,-0.4649673,0.38580808,0,1,unassigned,33.0,33.0,0.0,1.0,0.0,0.0,0.059961315,0.0,0,0,0,0,0
42531,-1,1,3.580609,0.97289634,1,1,unassigned,2.0,1.0,1.0,0.5,0.5,0.5,0.0,0.0,1,0,0,1,1
42532,-1,0,7.8834176,0.9996232,1,1,unassigned,3.0,3.0,0.0,1.0,0.0,0.0,0.001934236,0.0,0,0,0,1,1
42533,-1,0,1.3329747,0.7913323,1,1,unassigned,7.0,6.0,1.0,0.85714287,0.14285715,0.14285713,0.00967118,0.0013815971,0,0,0,1,0
42534,-1,0,4.5567603,0.989613,1,1,unassigned,3.0,3.0,0.0,1.0,0.0,0.0,0.001934236,0.0,0,0,0,1,1
42535,-1,0,-0.94650817,0.2795876,0,1,unassigned,6.0,6.0,0.0,1.0,0.0,0.0,0.007736944,0.0,0,0,0,0,0
42536,-1,0,0.68268377,0.6643374,1,1,unassigned,5.0,5.0,0.0,1.0,0.0,0.0,0.0058027077,0.0,0,0,0,1,0
42537,1,0,0.12224746,0.53052384,1,0,test,2.0,2.0,0.0,1.0,0.0,0.0,0.0,0.0,0,0,1,1,0
42538,-1,1,-0.5316745,0.37012643,0,1,unassigned,76.0,75.0,1.0,0.9868421,0.013157895,0.013157904,0.14313346,0.0018833351,1,0,0,0,0
42539,-1,0,0.0013617873,0.50034046,1,1,unassigned,2.0,2.0,0.0,1.0,0.0,0.0,0.0,0.0,0,0,0,1,0
42540,0,1,-1.8376603,0.13732824,0,0,unassigned,2.0,1.0,1.0,0.5,0.5,0.5,0.0,0.0,1,0,1,0,0
42541,-1,1,0.2889728,0.5717447,1,1,unassigned,8.0,7.0,1.0,0.875,0.125,0.125,0.0116054155,0.0014506769,1,0,0,1,0
42542,-1,0,-0.96316016,0.27624592,0,1,unassigned,8.0,8.0,0.0,1.0,0.0,0.0,0.0116054155,0.0,0,0,0,0,0
42543,-1,0,-0.82074326,0.30560592,0,1,unassigned,53.0,52.0,1.0,0.9811321,0.018867925,0.01886791,0.09864604,0.0018612461,0,0,0,0,0
42544,-1,0,0.77729374,0.68509656,1,1,unassigned,19.0,19.0,0.0,1.0,0.0,0.0,0.032882012,0.0,0,0,0,1,0
42545,-1,0,-0.72531015,0.32622474,0,1,unassigned,7.0,7.0,0.0,1.0,0.0,0.0,0.00967118,0.0,0,0,0,0,0
42546,-1,1,-0.8623166,0.29685557,0,1,unassigned,46.0,41.0,5.0,0.8913044,0.10869565,0.108695626,0.08510638,0.009250693,1,0,0,0,0
42547,-1,0,4.396354,0.9878278,1,1,unassigned,21.0,18.0,3.0,0.85714287,0.14285715,0.14285713,0.036750484,0.0052500693,0,0,0,1,1
42548,-1,0,-0.17886513,0.45540255,0,1,unassigned,8.0,7.0,1.0,0.875,0.125,0.125,0.0116054155,0.0014506769,0,0,0,0,0
42549,1,0,1.5012362,0.8177588,1,0,unassigned,11.0,11.0,0.0,1.0,0.0,0.0,0.017408123,0.0,0,0,1,1,0
42550,-1,0,2.4662821,0.92174405,1,1,unassigned,3.0,2.0,1.0,0.6666667,0.33333334,0.3333333,0.001934236,0.00064474536,0,0,0,1,1
42551,-1,0,-0.09811342,0.4754913,0,1,unassigned,25.0,25.0,0.0,1.0,0.0,0.0,0.044487428,0.0,0,0,0,0,0
42552,-1,0,-0.41700572,0.39723346,0,1,unassigned,11.0,11.0,0.0,1.0,0.0,0.0,0.017408123,0.0,0,0,0,0,0
42553,-1,0,0.38705975,0.59557474,1,1,unassigned,2.0,2.0,0.0,1.0,0.0,0.0,0.0,0.0,0,0,0,1,0
42554,-1,0,0.3120206,0.5773784,1,1,unassigned,20.0,20.0,0.0,1.0,0.0,0.0,0.034816246,0.0,0,0,0,1,0
42555,-1,0,9.568,0.99993,1,1,unassigned,14.0,14.0,0.0,1.0,0.0,0.0,0.023210831,0.0,0,0,0,1,1
42556,-1,0,0.87982494,0.706786,1,1,unassigned,7.0,5.0,2.0,0.71428573,0.2857143,0.28571427,0.00967118,0.0027631943,0,0,0,1,0
42557,-1,0,0.30995077,0.57687324,1,1,unassigned,11.0,10.0,1.0,0.90909094,0.09090909,0.090909064,0.017408123,0.0015825568,0,0,0,1,0
42558,-1,1,1.785191,0.85633665,1,1,unassigned,11.0,10.0,1.0,0.90909094,0.09090909,0.090909064,0.017408123,0.0015825568,1,0,0,1,0
42559,-1,0,-0.9930742,0.2703053,0,1,unassigned,42.0,42.0,0.0,1.0,0.0,0.0,0.07736944,0.0,0,0,0,0,0
42560,-1,1,-0.59760857,0.354891,0,1,unassigned,25.0,24.0,1.0,0.96,0.04,0.04000002,0.044487428,0.001779497,1,0,0,0,0
42561,-1,0,-0.87388456,0.29444665,0,1,unassigned,25.0,25.0,0.0,1.0,0.0,0.0,0.044487428,0.0,0,0,0,0,0
42562,0,0,0.034996927,0.50874835,1,1,val,4.0,4.0,0.0,1.0,0.0,0.0,0.003868472,0.0,0,0,0,1,0
42563,-1,0,-0.37068957,0.4083744,0,1,unassigned,30.0,30.0,0.0,1.0,0.0,0.0,0.054158606,0.0,0,0,0,0,0
42564,-1,1,-0.402125,0.4008019,0,1,unassigned,41.0,39.0,2.0,0.9512195,0.048780486,0.0487805,0.07543521,0.003679766,1,0,0,0,0
42565,-1,1,2.1438925,0.89509666,1,1,unassigned,6.0,6.0,0.0,1.0,0.0,0.0,0.007736944,0.0,1,0,0,1,0
42566,1,0,-0.08734506,0.47817758,0,1,unassigned,22.0,18.0,4.0,0.8181818,0.18181819,0.18181819,0.03868472,0.0070335856,0,0,0,0,0
42567,-1,1,5.236407,0.9947088,1,1,unassigned,31.0,26.0,5.0,0.83870965,0.16129032,0.16129035,0.056092843,0.009047233,1,0,0,1,1
42568,-1,1,2.7640424,0.94070154,1,1,unassigned,9.0,9.0,0.0,1.0,0.0,0.0,0.013539651,0.0,1,0,0,1,1
42569,-1,0,-0.8864522,0.29184252,0,1,unassigned,18.0,17.0,1.0,0.9444444,0.055555556,0.055555582,0.030947777,0.0017193209,0,0,0,0,0
42570,-1,0,2.3509696,0.9130113,1,1,unassigned,8.0,8.0,0.0,1.0,0.0,0.0,0.0116054155,0.0,0,0,0,1,1
42571,0,0,0.050965786,0.5127387,1,1,val,11.0,11.0,0.0,1.0,0.0,0.0,0.017408123,0.0,0,0,0,1,0
42572,0,0,-0.2740431,0.4319148,0,0,test,17.0,17.0,0.0,1.0,0.0,0.0,0.029013539,0.0,0,0,1,0,0
42573,1,0,4.219209,0.98550296,1,0,val,3.0,3.0,0.0,1.0,0.0,0.0,0.001934236,0.0,0,0,1,1,1
42574,-1,0,4.410129,0.9879923,1,1,unassigned,4.0,4.0,0.0,1.0,0.0,0.0,0.003868472,0.0,0,0,0,1,1
42575,-1,1,2.6109817,0.93156505,1,1,unassigned,8.0,8.0,0.0,1.0,0.0,0.0,0.0116054155,0.0,1,0,0,1,1
42576,-1,0,1.6556637,0.83965504,1,1,unassigned,2.0,2.0,0.0,1.0,0.0,0.0,0.0,0.0,0,0,0,1,0
42577,-1,0,0.06577754,0.5164385,1,1,unassigned,2.0,1.0,1.0,0.5,0.5,0.5,0.0,0.0,0,0,0,1,0
42578,-1,0,2.4731843,0.9222405,1,1,unassigned,13.0,12.0,1.0,0.9230769,0.07692308,0.07692307,0.021276595,0.0016366612,0,0,0,1,1
42579,-1,0,3.5061572,0.97086245,1,1,unassigned,2.0,2.0,0.0,1.0,0.0,0.0,0.0,0.0,0,0,0,1,1
42580,-1,0,-0.29022035,0.42794994,0,1,unassigned,3.0,3.0,0.0,1.0,0.0,0.0,0.001934236,0.0,0,0,0,0,0
42581,-1,0,6.5466123,0.9985671,1,1,unassigned,3.0,3.0,0.0,1.0,0.0,0.0,0.001934236,0.0,0,0,0,1,1
42582,0,0,-0.20021811,0.45011202,0,0,unassigned,16.0,16.0,0.0,1.0,0.0,0.0,0.027079303,0.0,0,0,1,0,0
42583,-1,0,-0.2232612,0.4444154,0,1,unassigned,8.0,8.0,0.0,1.0,0.0,0.0,0.0116054155,0.0,0,0,0,0,0
42584,-1,0,-0.154463,0.46146086,0,1,unassigned,9.0,9.0,0.0,1.0,0.0,0.0,0.013539651,0.0,0,0,0,0,0
42585,-1,0,1.7085161,0.84664375,1,1,unassigned,22.0,22.0,0.0,1.0,0.0,0.0,0.03868472,0.0,0,0,0,1,0
42586,-1,0,2.4370694,0.91961074,1,1,unassigned,8.0,8.0,0.0,1.0,0.0,0.0,0.0116054155,0.0,0,0,0,1,1
42587,-1,0,0.10315722,0.52576643,1,1,unassigned,29.0,28.0,1.0,0.9655172,0.03448276,0.034482777,0.05222437,0.0018008404,0,0,0,1,0
42588,-1,0,-0.23925278,0.44047055,0,1,unassigned,62.0,60.0,2.0,0.9677419,0.032258064,0.032258093,0.116054155,0.0037436823,0,0,0,0,0
42589,-1,0,-0.6064319,0.35287356,0,1,unassigned,10.0,10.0,0.0,1.0,0.0,0.0,0.015473888,0.0,0,0,0,0,0
42590,-1,0,0.1136381,0.52837896,1,1,unassigned,4.0,2.0,2.0,0.5,0.5,0.5,0.003868472,0.001934236,0,0,0,1,0
42591,-1,1,0.5141799,0.6257858,1,1,unassigned,5.0,5.0,0.0,1.0,0.0,0.0,0.0058027077,0.0,1,0,0,1,0
42592,0,0,-0.24273393,0.43961275,0,0,unassigned,4.0,2.0,2.0,0.5,0.5,0.5,0.003868472,0.001934236,0,0,1,0,0
42593,-1,0,2.7020915,0.93714994,1,1,unassigned,6.0,5.0,1.0,0.8333333,0.16666667,0.16666669,0.007736944,0.0012894907,0,0,0,1,1
42594,0,0,-0.5807425,0.3587618,0,0,val,62.0,58.0,4.0,0.9354839,0.06451613,0.06451613,0.116054155,0.0074873646,0,0,1,0,0
42595,-1,1,0.007771671,0.50194293,1,1,unassigned,7.0,7.0,0.0,1.0,0.0,0.0,0.00967118,0.0,1,0,0,1,0
42596,-1,0,10.066372,0.99995756,1,1,unassigned,2.0,2.0,0.0,1.0,0.0,0.0,0.0,0.0,0,0,0,1,1
42597,-1,0,2.6520257,0.93413574,1,1,unassigned,3.0,2.0,1.0,0.6666667,0.33333334,0.3333333,0.001934236,0.00064474536,0,0,0,1,1
42598,-1,0,10.066372,0.99995756,1,1,unassigned,2.0,2.0,0.0,1.0,0.0,0.0,0.0,0.0,0,0,0,1,1
42599,-1,0,3.0042822,0.95276713,1,1,unassigned,9.0,8.0,1.0,0.8888889,0.11111111,0.111111104,0.013539651,0.0015044058,0,0,0,1,1
42600,-1,0,-0.19119784,0.4523456,0,1,unassigned,3.0,3.0,0.0,1.0,0.0,0.0,0.001934236,0.0,0,0,0,0,0
42601,-1,1,-0.75020707,0.32077616,0,1,unassigned,17.0,16.0,1.0,0.9411765,0.05882353,0.058823526,0.029013539,0.0017066788,1,0,0,0,0
42602,0,0,-0.26871318,0.433223,0,0,unassigned,6.0,6.0,0.0,1.0,0.0,0.0,0.007736944,0.0,0,0,1,0,0
42603,-1,0,0.06897622,0.5172372,1,1,unassigned,2.0,2.0,0.0,1.0,0.0,0.0,0.0,0.0,0,0,0,1,0
42604,-1,0,10.24556,0.9999645,1,1,unassigned,2.0,2.0,0.0,1.0,0.0,0.0,0.0,0.0,0,0,0,1,1
42605,-1,0,-0.3865861,0.40453938,0,1,unassigned,86.0,86.0,0.0,1.0,0.0,0.0,0.16247582,0.0,0,0,0,0,0
42606,-1,0,-0.11963171,0.47012764,0,1,unassigned,42.0,39.0,3.0,0.9285714,0.071428575,0.0714286,0.07736944,0.0055263885,0,0,0,0,0
42607,-1,0,0.046016216,0.511502,1,1,unassigned,28.0,28.0,0.0,1.0,0.0,0.0,0.050290134,0.0,0,0,0,1,0
42608,1,0,-0.11693704,0.470799,0,1,unassigned,40.0,40.0,0.0,1.0,0.0,0.0,0.07350097,0.0,0,0,0,0,0
42609,-1,0,-0.59533066,0.3554127,0,1,unassigned,38.0,38.0,0.0,1.0,0.0,0.0,0.06963249,0.0,0,0,0,0,0
42610,1,0,0.55465513,0.6352149,1,0,unassigned,17.0,17.0,0.0,1.0,0.0,0.0,0.029013539,0.0,0,0,1,1,0
42611,-1,0,-0.2319377,0.44227412,0,1,unassigned,56.0,52.0,4.0,0.9285714,0.071428575,0.0714286,0.10444874,0.007460625,0,0,0,0,0
42612,-1,0,-0.13561362,0.46614844,0,1,unassigned,3.0,3.0,0.0,1.0,0.0,0.0,0.001934236,0.0,0,0,0,0,0
42613,-1,0,5.0646653,0.9937236,1,1,unassigned,2.0,2.0,0.0,1.0,0.0,0.0,0.0,0.0,0,0,0,1,1
42614,-1,0,-0.6594323,0.34086713,0,1,unassigned,22.0,22.0,0.0,1.0,0.0,0.0,0.03868472,0.0,0,0,0,0,0
42615,-1,0,-0.78636664,0.3129494,0,1,unassigned,56.0,53.0,3.0,0.9464286,0.05357143,0.053571403,0.10444874,0.0055954685,0,0,0,0,0
42616,-1,1,-0.21474373,0.4465194,0,1,unassigned,25.0,24.0,1.0,0.96,0.04,0.04000002,0.044487428,0.001779497,1,0,0,0,0
42617,-1,0,0.43014234,0.6059077,1,1,unassigned,23.0,23.0,0.0,1.0,0.0,0.0,0.040618956,0.0,0,0,0,1,0
42618,-1,1,3.3525126,0.96618706,1,1,unassigned,2.0,1.0,1.0,0.5,0.5,0.5,0.0,0.0,1,0,0,1,1
42619,-1,0,-0.38803303,0.4041909,0,1,unassigned,14.0,14.0,0.0,1.0,0.0,0.0,0.023210831,0.0,0,0,0,0,0
42620,-1,1,3.6927164,0.9757009,1,1,unassigned,13.0,13.0,0.0,1.0,0.0,0.0,0.021276595,0.0,1,0,0,1,1
42621,-1,0,0.5663262,0.637915,1,1,unassigned,14.0,11.0,3.0,0.78571427,0.21428572,0.21428573,0.023210831,0.0049737496,0,0,0,1,0
42622,-1,0,-0.67346615,0.33772114,0,1,unassigned,12.0,12.0,0.0,1.0,0.0,0.0,0.01934236,0.0,0,0,0,0,0
42623,-1,1,0.012414753,0.5031036,1,1,unassigned,5.0,4.0,1.0,0.8,0.2,0.19999999,0.0058027077,0.0011605415,1,0,0,1,0
42624,-1,1,3.3938715,0.9675125,1,1,unassigned,8.0,8.0,0.0,1.0,0.0,0.0,0.0116054155,0.0,1,0,0,1,1
42625,-1,1,4.582783,0.98987716,1,1,unassigned,12.0,12.0,0.0,1.0,0.0,0.0,0.01934236,0.0,1,0,0,1,1
42626,-1,1,9.653167,0.99993575,1,1,unassigned,26.0,23.0,3.0,0.88461536,0.115384616,0.11538464,0.046421662,0.005356346,1,0,0,1,1
42627,-1,0,0.98509127,0.7281172,1,1,unassigned,2.0,2.0,0.0,1.0,0.0,0.0,0.0,0.0,0,0,0,1,0
42628,-1,0,9.227133,0.99990165,1,1,unassigned,3.0,3.0,0.0,1.0,0.0,0.0,0.001934236,0.0,0,0,0,1,1
42629,0,0,-0.39941597,0.40145266,0,0,unassigned,32.0,31.0,1.0,0.96875,0.03125,0.03125,0.058027077,0.0018133462,0,0,1,0,0
42630,-1,0,-0.38582164,0.40472355,0,1,unassigned,59.0,59.0,0.0,1.0,0.0,0.0,0.11025145,0.0,0,0,0,0,0
42631,-1,0,-0.44822815,0.38978213,0,1,unassigned,57.0,57.0,0.0,1.0,0.0,0.0,0.10638298,0.0,0,0,0,0,0
42632,-1,0,-0.3141842,0.42209378,0,1,unassigned,64.0,64.0,0.0,1.0,0.0,0.0,0.11992263,0.0,0,0,0,0,0
42633,-1,1,-0.35615554,0.4118905,0,1,unassigned,71.0,64.0,7.0,0.90140843,0.09859155,0.098591566,0.13346228,0.013158253,1,0,0,0,0
42634,-1,0,-0.7092498,0.32976463,0,1,unassigned,65.0,65.0,0.0,1.0,0.0,0.0,0.12185687,0.0,0,0,0,0,0
42635,-1,0,0.40660173,0.6002728,1,1,unassigned,4.0,4.0,0.0,1.0,0.0,0.0,0.003868472,0.0,0,0,0,1,0
42636,0,0,-0.65502506,0.34185803,0,0,val,29.0,27.0,2.0,0.9310345,0.06896552,0.068965495,0.05222437,0.0036016807,0,0,1,0,0
42637,1,0,-0.16034818,0.4599986,0,1,unassigned,43.0,42.0,1.0,0.9767442,0.023255814,0.023255825,0.079303674,0.0018442714,0,0,0,0,0
42638,-1,0,-0.29760358,0.4261434,0,1,unassigned,26.0,26.0,0.0,1.0,0.0,0.0,0.046421662,0.0,0,0,0,0,0
42639,-1,0,10.598085,0.9999751,1,1,unassigned,2.0,2.0,0.0,1.0,0.0,0.0,0.0,0.0,0,0,0,1,1
42640,1,0,-0.4502489,0.3893016,0,1,unassigned,45.0,45.0,0.0,1.0,0.0,0.0,0.08317215,0.0,0,0,0,0,0
42641,-1,0,-0.5132563,0.37443048,0,1,unassigned,23.0,23.0,0.0,1.0,0.0,0.0,0.040618956,0.0,0,0,0,0,0
42642,-1,0,-0.69528687,0.33285803,0,1,unassigned,40.0,39.0,1.0,0.975,0.025,0.024999976,0.07350097,0.0018375242,0,0,0,0,0
42643,1,0,0.034767747,0.5086911,1,0,val,10.0,10.0,0.0,1.0,0.0,0.0,0.015473888,0.0,0,0,1,1,0
42644,-1,0,-0.62620497,0.34837157,0,1,unassigned,40.0,40.0,0.0,1.0,0.0,0.0,0.07350097,0.0,0,0,0,0,0
42645,-1,0,-0.6275235,0.34807232,0,1,unassigned,30.0,30.0,0.0,1.0,0.0,0.0,0.054158606,0.0,0,0,0,0,0
42646,-1,0,-0.60998,0.35206378,0,1,unassigned,8.0,8.0,0.0,1.0,0.0,0.0,0.0116054155,0.0,0,0,0,0,0
42647,-1,0,2.7184198,0.93810487,1,1,unassigned,7.0,1.0,6.0,0.14285715,0.85714287,0.85714287,0.00967118,0.008289583,0,0,0,1,1
42648,0,1,1.4228923,0.80579144,1,1,test,4.0,4.0,0.0,1.0,0.0,0.0,0.003868472,0.0,1,0,0,1,0
42649,-1,1,-0.30226058,0.425005,0,1,unassigned,46.0,44.0,2.0,0.95652175,0.04347826,0.04347825,0.08510638,0.0037002775,1,0,0,0,0
42650,1,0,-0.38877875,0.4040113,0,1,val,11.0,11.0,0.0,1.0,0.0,0.0,0.017408123,0.0,0,0,0,0,0
42651,-1,1,4.7844305,0.9917105,1,1,unassigned,8.0,8.0,0.0,1.0,0.0,0.0,0.0116054155,0.0,1,0,0,1,1
42652,-1,1,-0.41269884,0.39826515,0,1,unassigned,10.0,9.0,1.0,0.9,0.1,0.100000024,0.015473888,0.0015473888,1,0,0,0,0
42653,-1,0,-0.8475659,0.29994372,0,1,unassigned,2.0,2.0,0.0,1.0,0.0,0.0,0.0,0.0,0,0,0,0,0
42654,-1,1,7.5446477,0.99947137,1,1,unassigned,5.0,5.0,0.0,1.0,0.0,0.0,0.0058027077,0.0,1,0,0,1,1
42655,-1,0,-0.028287888,0.4929285,0,1,unassigned,37.0,37.0,0.0,1.0,0.0,0.0,0.06769826,0.0,0,0,0,0,0
42656,-1,0,1.2711053,0.7809319,1,1,unassigned,8.0,6.0,2.0,0.75,0.25,0.25,0.0116054155,0.0029013539,0,0,0,1,0
42657,-1,1,2.7355378,0.9390913,1,1,unassigned,5.0,5.0,0.0,1.0,0.0,0.0,0.0058027077,0.0,1,0,0,1,1
42658,-1,0,-0.52803814,0.37097457,0,1,unassigned,41.0,40.0,1.0,0.9756098,0.024390243,0.02439022,0.07543521,0.001839883,0,0,0,0,0
42659,-1,0,2.3054388,0.9093265,1,1,unassigned,2.0,2.0,0.0,1.0,0.0,0.0,0.0,0.0,0,0,0,1,1
42660,-1,0,-0.1952891,0.45133227,0,1,unassigned,4.0,2.0,2.0,0.5,0.5,0.5,0.003868472,0.001934236,0,0,0,0,0
42661,-1,1,5.4544277,0.9957409,1,1,unassigned,3.0,2.0,1.0,0.6666667,0.33333334,0.3333333,0.001934236,0.00064474536,1,0,0,1,1
42662,-1,1,3.6297114,0.9741615,1,1,unassigned,12.0,11.0,1.0,0.9166667,0.083333336,0.08333331,0.01934236,0.0016118633,1,0,0,1,1
42663,-1,1,-0.9714954,0.27458254,0,1,unassigned,22.0,19.0,3.0,0.8636364,0.13636364,0.13636363,0.03868472,0.005275189,1,0,0,0,0
42664,-1,0,-1.3963896,0.19838965,0,1,unassigned,2.0,2.0,0.0,1.0,0.0,0.0,0.0,0.0,0,0,0,0,0
42665,-1,0,7.162884,0.99922574,1,1,unassigned,20.0,20.0,0.0,1.0,0.0,0.0,0.034816246,0.0,0,0,0,1,1
42666,-1,1,-0.21993288,0.44523734,0,1,unassigned,33.0,30.0,3.0,0.90909094,0.09090909,0.090909064,0.059961315,0.0054510287,1,0,0,0,0
42667,-1,1,5.8540215,0.99713993,1,1,unassigned,17.0,14.0,3.0,0.8235294,0.1764706,0.17647058,0.029013539,0.005120036,1,0,0,1,1
42668,0,0,-0.09733495,0.47568545,0,0,val,18.0,18.0,0.0,1.0,0.0,0.0,0.030947777,0.0,0,0,1,0,0
42669,-1,0,-0.1719479,0.45711863,0,1,unassigned,21.0,21.0,0.0,1.0,0.0,0.0,0.036750484,0.0,0,0,0,0,0
42670,0,1,-0.6917877,0.3336355,0,0,unassigned,4.0,4.0,0.0,1.0,0.0,0.0,0.003868472,0.0,1,0,1,0,0
42671,-1,0,1.1874473,0.76628417,1,1,unassigned,20.0,20.0,0.0,1.0,0.0,0.0,0.034816246,0.0,0,0,0,1,0
42672,-1,1,-0.5178377,0.37335798,0,1,unassigned,10.0,9.0,1.0,0.9,0.1,0.100000024,0.015473888,0.0015473888,1,0,0,0,0
42673,-1,1,1.5608256,0.8264718,1,1,unassigned,11.0,11.0,0.0,1.0,0.0,0.0,0.017408123,0.0,1,0,0,1,0
42674,-1,1,-0.45232874,0.38880724,0,1,unassigned,33.0,3.0,30.0,0.09090909,0.90909094,0.9090909,0.059961315,0.054510288,1,1,0,0,0
42675,-1,0,1.1453457,0.7586598,1,1,unassigned,2.0,2.0,0.0,1.0,0.0,0.0,0.0,0.0,0,0,0,1,0
42676,0,0,-0.026510835,0.49337265,0,0,unassigned,33.0,33.0,0.0,1.0,0.0,0.0,0.059961315,0.0,0,0,1,0,0
42677,-1,0,0.50053626,0.62258536,1,1,unassigned,17.0,17.0,0.0,1.0,0.0,0.0,0.029013539,0.0,0,0,0,1,0
42678,-1,0,2.8790684,0.946802,1,1,unassigned,5.0,5.0,0.0,1.0,0.0,0.0,0.0058027077,0.0,0,0,0,1,1
42679,-1,0,-0.81208134,0.30744714,0,1,unassigned,41.0,41.0,0.0,1.0,0.0,0.0,0.07543521,0.0,0,0,0,0,0
42680,0,0,-0.009537816,0.49761555,0,0,val,37.0,36.0,1.0,0.972973,0.027027028,0.02702701,0.06769826,0.0018296828,0,0,1,0,0
42681,-1,1,1.9691756,0.8775225,1,1,unassigned,11.0,6.0,5.0,0.54545456,0.45454547,0.45454544,0.017408123,0.007912784,1,0,0,1,0
42682,-1,1,4.245752,0.9858774,1,1,unassigned,17.0,14.0,3.0,0.8235294,0.1764706,0.17647058,0.029013539,0.005120036,1,0,0,1,1
42683,-1,0,-0.5658487,0.36219525,0,1,unassigned,32.0,31.0,1.0,0.96875,0.03125,0.03125,0.058027077,0.0018133462,0,0,0,0,0
42684,-1,1,-0.7771564,0.31493306,0,1,unassigned,60.0,57.0,3.0,0.95,0.05,0.050000012,0.11218569,0.0056092846,1,0,0,0,0
42685,-1,0,-0.49453822,0.37882504,0,1,unassigned,53.0,52.0,1.0,0.9811321,0.018867925,0.01886791,0.09864604,0.0018612461,0,0,0,0,0
42686,-1,0,-0.3403712,0.4157193,0,1,unassigned,7.0,7.0,0.0,1.0,0.0,0.0,0.00967118,0.0,0,0,0,0,0
42687,0,0,0.17278963,0.5430903,1,1,val,7.0,6.0,1.0,0.85714287,0.14285715,0.14285713,0.00967118,0.0013815971,0,0,0,1,0
42688,-1,0,0.025983691,0.5064956,1,1,unassigned,17.0,17.0,0.0,1.0,0.0,0.0,0.029013539,0.0,0,0,0,1,0
42689,-1,0,-0.53193045,0.37006676,0,1,unassigned,17.0,17.0,0.0,1.0,0.0,0.0,0.029013539,0.0,0,0,0,0,0
42690,-1,0,-0.29122186,0.42770478,0,1,unassigned,4.0,4.0,0.0,1.0,0.0,0.0,0.003868472,0.0,0,0,0,0,0
42691,-1,0,-0.19403285,0.4516434,0,1,unassigned,72.0,72.0,0.0,1.0,0.0,0.0,0.13539653,0.0,0,0,0,0,0
42692,-1,1,3.2725546,0.9634751,1,1,unassigned,22.0,22.0,0.0,1.0,0.0,0.0,0.03868472,0.0,1,0,0,1,1
42693,-1,1,1.5289218,0.8218485,1,1,unassigned,33.0,33.0,0.0,1.0,0.0,0.0,0.059961315,0.0,1,0,0,1,0
42694,1,0,0.035878956,0.5089688,1,0,unassigned,26.0,24.0,2.0,0.9230769,0.07692308,0.07692307,0.046421662,0.0035708973,0,0,1,1,0
42695,-1,1,1.7225511,0.8484572,1,1,unassigned,3.0,3.0,0.0,1.0,0.0,0.0,0.001934236,0.0,1,0,0,1,0
42696,-1,1,5.487329,0.9958782,1,1,unassigned,30.0,27.0,3.0,0.9,0.1,0.100000024,0.054158606,0.0054158606,1,0,0,1,1
42697,-1,1,-1.1595256,0.2387535,0,1,unassigned,2.0,2.0,0.0,1.0,0.0,0.0,0.0,0.0,1,0,0,0,0
42698,-1,1,0.056024313,0.51400244,1,1,unassigned,3.0,3.0,0.0,1.0,0.0,0.0,0.001934236,0.0,1,0,0,1,0
42699,-1,1,-0.5343886,0.3694939,0,1,unassigned,4.0,4.0,0.0,1.0,0.0,0.0,0.003868472,0.0,1,0,0,0,0
42700,-1,1,-0.31533688,0.42181262,0,1,unassigned,10.0,10.0,0.0,1.0,0.0,0.0,0.015473888,0.0,1,0,0,0,0
42701,-1,1,-0.088252276,0.47795123,0,1,unassigned,37.0,37.0,0.0,1.0,0.0,0.0,0.06769826,0.0,1,0,0,0,0
42702,-1,0,0.94905764,0.72092557,1,1,unassigned,15.0,13.0,2.0,0.8666667,0.13333334,0.13333333,0.025145067,0.0033526758,0,0,0,1,0
42703,-1,1,0.018329263,0.5045822,1,1,unassigned,10.0,6.0,4.0,0.6,0.4,0.39999998,0.015473888,0.0061895554,1,0,0,1,0
42704,-1,0,1.5413885,0.82366645,1,1,unassigned,3.0,3.0,0.0,1.0,0.0,0.0,0.001934236,0.0,0,0,0,1,0
42705,-1,1,-0.57984984,0.35896713,0,1,unassigned,2.0,2.0,0.0,1.0,0.0,0.0,0.0,0.0,1,0,0,0,0
42706,-1,1,-0.95965683,0.2769469,0,1,unassigned,12.0,11.0,1.0,0.9166667,0.083333336,0.08333331,0.01934236,0.0016118633,1,0,0,0,0
42707,-1,0,-0.27367216,0.43200582,0,1,unassigned,44.0,44.0,0.0,1.0,0.0,0.0,0.08123791,0.0,0,0,0,0,0
42708,-1,1,-0.96039295,0.27679953,0,1,unassigned,24.0,24.0,0.0,1.0,0.0,0.0,0.04255319,0.0,1,0,0,0,0
42709,0,0,-0.12480879,0.46883827,0,0,unassigned,2.0,2.0,0.0,1.0,0.0,0.0,0.0,0.0,0,0,1,0,0
42710,-1,1,2.9913087,0.9521799,1,1,unassigned,8.0,4.0,4.0,0.5,0.5,0.5,0.0116054155,0.0058027077,1,0,0,1,1
42711,-1,0,-0.32598892,0.4192169,0,1,unassigned,7.0,7.0,0.0,1.0,0.0,0.0,0.00967118,0.0,0,0,0,0,0
42712,-1,0,-0.67720234,0.336886,0,1,unassigned,21.0,21.0,0.0,1.0,0.0,0.0,0.036750484,0.0,0,0,0,0,0
42713,-1,0,0.7634316,0.6820983,1,1,unassigned,23.0,22.0,1.0,0.95652175,0.04347826,0.04347825,0.040618956,0.0017660416,0,0,0,1,0
42714,-1,0,0.072387695,0.51808906,1,1,unassigned,10.0,10.0,0.0,1.0,0.0,0.0,0.015473888,0.0,0,0,0,1,0
42715,-1,0,4.0623107,0.983082,1,1,unassigned,12.0,12.0,0.0,1.0,0.0,0.0,0.01934236,0.0,0,0,0,1,1
42716,-1,0,1.8933136,0.8691329,1,1,unassigned,17.0,17.0,0.0,1.0,0.0,0.0,0.029013539,0.0,0,0,0,1,0
42717,1,0,7.9428563,0.9996449,1,0,val,21.0,21.0,0.0,1.0,0.0,0.0,0.036750484,0.0,0,0,1,1,1
42718,-1,0,1.3538299,0.7947551,1,1,unassigned,32.0,32.0,0.0,1.0,0.0,0.0,0.058027077,0.0,0,0,0,1,0
42719,-1,0,2.0818028,0.8891219,1,1,unassigned,12.0,12.0,0.0,1.0,0.0,0.0,0.01934236,0.0,0,0,0,1,0
42720,-1,0,0.7532087,0.67987746,1,1,unassigned,34.0,33.0,1.0,0.9705882,0.029411765,0.029411793,0.061895553,0.0018204574,0,0,0,1,0
42721,1,1,3.659219,0.97489387,1,0,unassigned,7.0,6.0,1.0,0.85714287,0.14285715,0.14285713,0.00967118,0.0013815971,1,0,1,1,1
42722,-1,0,-0.6787828,0.33653304,0,1,unassigned,81.0,78.0,3.0,0.962963,0.037037037,0.037037015,0.15280464,0.005659431,0,0,0,0,0
42723,-1,0,0.048796117,0.51219666,1,1,unassigned,13.0,13.0,0.0,1.0,0.0,0.0,0.021276595,0.0,0,0,0,1,0
42724,-1,0,0.9326816,0.717619,1,1,unassigned,7.0,4.0,3.0,0.5714286,0.42857143,0.4285714,0.00967118,0.0041447915,0,0,0,1,0
42725,-1,0,-0.28980172,0.4280524,0,1,unassigned,2.0,2.0,0.0,1.0,0.0,0.0,0.0,0.0,0,0,0,0,0
42726,-1,0,-0.58831847,0.35702077,0,1,unassigned,97.0,97.0,0.0,1.0,0.0,0.0,0.18375242,0.0,0,0,0,0,0
42727,0,0,-0.36661565,0.409359,0,0,test,31.0,31.0,0.0,1.0,0.0,0.0,0.056092843,0.0,0,0,1,0,0
42728,0,0,-0.61962974,0.34986567,0,0,test,4.0,4.0,0.0,1.0,0.0,0.0,0.003868472,0.0,0,0,1,0,0
42729,-1,1,-0.92730415,0.28347194,0,1,unassigned,41.0,40.0,1.0,0.9756098,0.024390243,0.02439022,0.07543521,0.001839883,1,0,0,0,0
42730,-1,0,1.7181265,0.8478874,1,1,unassigned,22.0,21.0,1.0,0.95454544,0.045454547,0.04545456,0.03868472,0.0017583964,0,0,0,1,0
42731,-1,0,-0.4136168,0.39804518,0,1,unassigned,28.0,26.0,2.0,0.9285714,0.071428575,0.0714286,0.050290134,0.0035921526,0,0,0,0,0
42732,-1,1,2.2320664,0.9030923,1,1,unassigned,3.0,2.0,1.0,0.6666667,0.33333334,0.3333333,0.001934236,0.00064474536,1,0,0,1,1
42733,-1,1,0.35086846,0.5868282,1,1,unassigned,2.0,2.0,0.0,1.0,0.0,0.0,0.0,0.0,1,0,0,1,0
42734,0,0,-0.58504057,0.3577736,0,0,unassigned,42.0,42.0,0.0,1.0,0.0,0.0,0.07736944,0.0,0,0,1,0,0
42735,-1,0,2.7129729,0.93778783,1,1,unassigned,4.0,4.0,0.0,1.0,0.0,0.0,0.003868472,0.0,0,0,0,1,1
42736,-1,0,2.6257942,0.93250334,1,1,unassigned,4.0,4.0,0.0,1.0,0.0,0.0,0.003868472,0.0,0,0,0,1,1
42737,-1,0,-0.3683902,0.40893006,0,1,unassigned,15.0,15.0,0.0,1.0,0.0,0.0,0.025145067,0.0,0,0,0,0,0
42738,-1,0,-0.5974879,0.35491863,0,1,unassigned,157.0,142.0,15.0,0.9044586,0.0955414,0.09554142,0.29980657,0.02864394,0,0,0,0,0
42739,-1,0,-0.95046604,0.2787911,0,1,unassigned,9.0,9.0,0.0,1.0,0.0,0.0,0.013539651,0.0,0,0,0,0,0
42740,0,0,-0.3981529,0.40175617,0,0,test,27.0,27.0,0.0,1.0,0.0,0.0,0.0483559,0.0,0,0,1,0,0
42741,0,0,-0.9026709,0.28850195,0,0,unassigned,6.0,6.0,0.0,1.0,0.0,0.0,0.007736944,0.0,0,0,1,0,0
42742,-1,0,-0.47314966,0.38387105,0,1,unassigned,10.0,10.0,0.0,1.0,0.0,0.0,0.015473888,0.0,0,0,0,0,0
42743,-1,0,2.706074,0.93738407,1,1,unassigned,18.0,17.0,1.0,0.9444444,0.055555556,0.055555582,0.030947777,0.0017193209,0,0,0,1,1
42744,-1,0,-0.3509655,0.4131483,0,1,unassigned,7.0,7.0,0.0,1.0,0.0,0.0,0.00967118,0.0,0,0,0,0,0
42745,-1,1,3.97903,0.98163956,1,1,unassigned,14.0,13.0,1.0,0.9285714,0.071428575,0.0714286,0.023210831,0.0016579166,1,0,0,1,1
42746,-1,0,0.07974464,0.5199256,1,1,unassigned,3.0,3.0,0.0,1.0,0.0,0.0,0.001934236,0.0,0,0,0,1,0
42747,-1,0,5.9432015,0.9973833,1,1,unassigned,2.0,2.0,0.0,1.0,0.0,0.0,0.0,0.0,0,0,0,1,1
42748,-1,1,1.6520002,0.8391612,1,1,unassigned,15.0,10.0,5.0,0.6666667,0.33333334,0.3333333,0.025145067,0.008381689,1,0,0,1,0
42749,-1,0,4.482989,0.98882663,1,1,unassigned,5.0,4.0,1.0,0.8,0.2,0.19999999,0.0058027077,0.0011605415,0,0,0,1,1
42750,1,0,-0.7369161,0.32367888,0,1,test,4.0,4.0,0.0,1.0,0.0,0.0,0.003868472,0.0,0,0,0,0,0
42751,-1,0,2.6932924,0.93662965,1,1,unassigned,4.0,4.0,0.0,1.0,0.0,0.0,0.003868472,0.0,0,0,0,1,1
42752,-1,1,4.1018023,0.98372644,1,1,unassigned,2.0,1.0,1.0,0.5,0.5,0.5,0.0,0.0,1,0,0,1,1
42753,-1,1,-0.462627,0.3863628,0,1,unassigned,6.0,5.0,1.0,0.8333333,0.16666667,0.16666669,0.007736944,0.0012894907,1,0,0,0,0
42754,-1,0,-0.76427954,0.31771785,0,1,unassigned,42.0,42.0,0.0,1.0,0.0,0.0,0.07736944,0.0,0,0,0,0,0
42755,-1,1,3.2680566,0.96331656,1,1,unassigned,3.0,3.0,0.0,1.0,0.0,0.0,0.001934236,0.0,1,0,0,1,1
42756,-1,0,0.97891206,0.7268923,1,1,unassigned,2.0,2.0,0.0,1.0,0.0,0.0,0.0,0.0,0,0,0,1,0
42757,-1,0,-0.7536538,0.32002565,0,1,unassigned,23.0,23.0,0.0,1.0,0.0,0.0,0.040618956,0.0,0,0,0,0,0
42758,-1,0,-0.8693479,0.29539,0,1,unassigned,55.0,55.0,0.0,1.0,0.0,0.0,0.102514505,0.0,0,0,0,0,0
42759,-1,0,-0.6556032,0.341728,0,1,unassigned,3.0,3.0,0.0,1.0,0.0,0.0,0.001934236,0.0,0,0,0,0,0
42760,-1,0,-0.4930514,0.37917498,0,1,unassigned,10.0,10.0,0.0,1.0,0.0,0.0,0.015473888,0.0,0,0,0,0,0
42761,-1,0,-0.91816145,0.28533265,0,1,unassigned,63.0,62.0,1.0,0.984127,0.015873017,0.015873015,0.11798839,0.0018728317,0,0,0,0,0
42762,-1,0,-0.09237763,0.476922,0,1,unassigned,25.0,25.0,0.0,1.0,0.0,0.0,0.044487428,0.0,0,0,0,0,0
42763,-1,1,4.612972,0.99017525,1,1,unassigned,15.0,15.0,0.0,1.0,0.0,0.0,0.025145067,0.0,1,0,0,1,1
42764,-1,0,-0.36964524,0.40862677,0,1,unassigned,3.0,3.0,0.0,1.0,0.0,0.0,0.001934236,0.0,0,0,0,0,0
42765,-1,0,-0.24037313,0.44019443,0,1,unassigned,5.0,5.0,0.0,1.0,0.0,0.0,0.0058027077,0.0,0,0,0,0,0
42766,-1,1,-0.27092004,0.43268126,0,1,unassigned,6.0,5.0,1.0,0.8333333,0.16666667,0.16666669,0.007736944,0.0012894907,1,0,0,0,0
42767,0,0,-0.65703964,0.3414049,0,0,train,21.0,21.0,0.0,1.0,0.0,0.0,0.036750484,0.0,0,0,1,0,0
42768,1,0,-0.17715827,0.45582592,0,1,val,2.0,1.0,1.0,0.5,0.5,0.5,0.0,0.0,0,0,0,0,0
42769,-1,0,-0.3709011,0.40832332,0,1,unassigned,68.0,65.0,3.0,0.9558824,0.04411765,0.04411763,0.12765957,0.00563204,0,0,0,0,0
42770,-1,1,4.3904495,0.9877566,1,1,unassigned,100.0,88.0,12.0,0.88,0.12,0.120000005,0.18955512,0.022746615,1,0,0,1,1
42771,1,0,0.9784282,0.7267962,1,0,test,25.0,25.0,0.0,1.0,0.0,0.0,0.044487428,0.0,0,0,1,1,0
42772,-1,0,3.2050512,0.9610239,1,1,unassigned,2.0,2.0,0.0,1.0,0.0,0.0,0.0,0.0,0,0,0,1,1
42773,-1,0,3.287639,0.96400225,1,1,unassigned,3.0,3.0,0.0,1.0,0.0,0.0,0.001934236,0.0,0,0,0,1,1
42774,-1,0,-0.32764995,0.41881257,0,1,unassigned,76.0,75.0,1.0,0.9868421,0.013157895,0.013157904,0.14313346,0.0018833351,0,0,0,0,0
42775,-1,0,0.19552672,0.54872656,1,1,unassigned,4.0,4.0,0.0,1.0,0.0,0.0,0.003868472,0.0,0,0,0,1,0
42776,1,0,-0.788208,0.31255358,0,1,unassigned,47.0,47.0,0.0,1.0,0.0,0.0,0.08704062,0.0,0,0,0,0,0
42777,0,1,0.6180051,0.6497647,1,1,unassigned,16.0,15.0,1.0,0.9375,0.0625,0.0625,0.027079303,0.0016924564,1,0,0,1,0
42778,-1,0,-0.7473718,0.32139423,0,1,unassigned,37.0,35.0,2.0,0.9459459,0.054054055,0.05405408,0.06769826,0.0036593657,0,0,0,0,0
42779,-1,1,1.8421824,0.86320657,1,1,unassigned,5.0,5.0,0.0,1.0,0.0,0.0,0.0058027077,0.0,1,0,0,1,0
42780,-1,1,0.6141916,0.6488964,1,1,unassigned,18.0,18.0,0.0,1.0,0.0,0.0,0.030947777,0.0,1,0,0,1,0
42781,-1,0,2.2630157,0.9057674,1,1,unassigned,2.0,2.0,0.0,1.0,0.0,0.0,0.0,0.0,0,0,0,1,1
42782,-1,0,1.4415765,0.8086987,1,1,unassigned,26.0,25.0,1.0,0.96153843,0.03846154,0.038461566,0.046421662,0.0017854486,0,0,0,1,0
42783,-1,1,1.129849,0.755811,1,1,unassigned,4.0,4.0,0.0,1.0,0.0,0.0,0.003868472,0.0,1,0,0,1,0
42784,-1,0,5.629134,0.9964212,1,1,unassigned,2.0,2.0,0.0,1.0,0.0,0.0,0.0,0.0,0,0,0,1,1
42785,-1,0,4.0571313,0.98299557,1,1,unassigned,2.0,2.0,0.0,1.0,0.0,0.0,0.0,0.0,0,0,0,1,1
42786,-1,0,-0.51890147,0.37310913,0,1,unassigned,11.0,10.0,1.0,0.90909094,0.09090909,0.090909064,0.017408123,0.0015825568,0,0,0,0,0
42787,-1,0,6.0626035,0.99767715,1,1,unassigned,2.0,2.0,0.0,1.0,0.0,0.0,0.0,0.0,0,0,0,1,1
42788,-1,0,3.6604974,0.97492516,1,1,unassigned,2.0,2.0,0.0,1.0,0.0,0.0,0.0,0.0,0,0,0,1,1
42789,-1,0,4.696975,0.99095964,1,1,unassigned,2.0,2.0,0.0,1.0,0.0,0.0,0.0,0.0,0,0,0,1,1
42790,-1,0,5.463633,0.99577975,1,1,unassigned,3.0,3.0,0.0,1.0,0.0,0.0,0.001934236,0.0,0,0,0,1,1
42791,-1,0,4.8811693,0.992469,1,1,unassigned,2.0,2.0,0.0,1.0,0.0,0.0,0.0,0.0,0,0,0,1,1
42792,-1,0,-0.85132134,0.29915574,0,1,unassigned,61.0,60.0,1.0,0.9836066,0.016393442,0.016393423,0.114119925,0.0018708183,0,0,0,0,0
42793,1,0,4.019196,0.9823497,1,0,unassigned,6.0,6.0,0.0,1.0,0.0,0.0,0.007736944,0.0,0,0,1,1,1
42794,-1,0,4.31934,0.9868662,1,1,unassigned,2.0,2.0,0.0,1.0,0.0,0.0,0.0,0.0,0,0,0,1,1
42795,1,0,5.151178,0.99424076,1,0,val,3.0,3.0,0.0,1.0,0.0,0.0,0.001934236,0.0,0,0,1,1,1
42796,-1,0,0.5666377,0.637987,1,1,unassigned,6.0,3.0,3.0,0.5,0.5,0.5,0.007736944,0.003868472,0,0,0,1,0
42797,1,0,6.1382346,0.9978459,1,0,unassigned,17.0,17.0,0.0,1.0,0.0,0.0,0.029013539,0.0,0,0,1,1,1
42798,-1,0,1.7524688,0.8522639,1,1,unassigned,3.0,3.0,0.0,1.0,0.0,0.0,0.001934236,0.0,0,0,0,1,0
42799,-1,0,3.600952,0.97342765,1,1,unassigned,23.0,23.0,0.0,1.0,0.0,0.0,0.040618956,0.0,0,0,0,1,1
42800,-1,0,2.5507526,0.92762405,1,1,unassigned,17.0,17.0,0.0,1.0,0.0,0.0,0.029013539,0.0,0,0,0,1,1
42801,-1,0,5.8704305,0.99718624,1,1,unassigned,10.0,9.0,1.0,0.9,0.1,0.100000024,0.015473888,0.0015473888,0,0,0,1,1
42802,-1,0,-0.3592847,0.41113275,0,1,unassigned,27.0,27.0,0.0,1.0,0.0,0.0,0.0483559,0.0,0,0,0,0,0
42803,-1,0,-0.5348196,0.3693935,0,1,unassigned,3.0,3.0,0.0,1.0,0.0,0.0,0.001934236,0.0,0,0,0,0,0
42804,-1,0,2.0806444,0.88900757,1,1,unassigned,15.0,14.0,1.0,0.93333334,0.06666667,0.06666666,0.025145067,0.0016763379,0,0,0,1,0
42805,-1,0,-0.1271264,0.46826115,0,1,unassigned,5.0,5.0,0.0,1.0,0.0,0.0,0.0058027077,0.0,0,0,0,0,0
42806,-1,0,2.551182,0.92765284,1,1,unassigned,5.0,5.0,0.0,1.0,0.0,0.0,0.0058027077,0.0,0,0,0,1,1
42807,0,1,-0.43819353,0.3921715,0,0,val,14.0,14.0,0.0,1.0,0.0,0.0,0.023210831,0.0,1,0,1,0,0
42808,-1,0,0.0868091,0.5216887,1,1,unassigned,35.0,35.0,0.0,1.0,0.0,0.0,0.06382979,0.0,0,0,0,1,0
42809,1,0,2.3567302,0.9134677,1,0,test,3.0,3.0,0.0,1.0,0.0,0.0,0.001934236,0.0,0,0,1,1,1
42810,-1,0,-0.7810718,0.31408894,0,1,unassigned,59.0,59.0,0.0,1.0,0.0,0.0,0.11025145,0.0,0,0,0,0,0
42811,-1,0,-0.6493435,0.34313747,0,1,unassigned,85.0,85.0,0.0,1.0,0.0,0.0,0.16054158,0.0,0,0,0,0,0
42812,-1,0,-0.46508163,0.38578105,0,1,unassigned,17.0,17.0,0.0,1.0,0.0,0.0,0.029013539,0.0,0,0,0,0,0
42813,-1,0,-0.62595636,0.34842798,0,1,unassigned,31.0,30.0,1.0,0.9677419,0.032258064,0.032258093,0.056092843,0.0018094465,0,0,0,0,0
42814,-1,0,0.009192646,0.5022981,1,1,unassigned,47.0,47.0,0.0,1.0,0.0,0.0,0.08704062,0.0,0,0,0,1,0
42815,1,0,4.6632643,0.99065256,1,0,test,2.0,2.0,0.0,1.0,0.0,0.0,0.0,0.0,0,0,1,1,1
42816,1,0,0.39666468,0.597886,1,0,val,21.0,21.0,0.0,1.0,0.0,0.0,0.036750484,0.0,0,0,1,1,0
42817,-1,0,0.27041256,0.56719416,1,1,unassigned,62.0,60.0,2.0,0.9677419,0.032258064,0.032258093,0.116054155,0.0037436823,0,0,0,1,0
42818,-1,0,0.8925653,0.7094193,1,1,unassigned,9.0,8.0,1.0,0.8888889,0.11111111,0.111111104,0.013539651,0.0015044058,0,0,0,1,0
42819,-1,0,3.9744666,0.98155725,1,1,unassigned,12.0,12.0,0.0,1.0,0.0,0.0,0.01934236,0.0,0,0,0,1,1
42820,-1,0,2.7555802,0.9402277,1,1,unassigned,14.0,14.0,0.0,1.0,0.0,0.0,0.023210831,0.0,0,0,0,1,1
42821,1,1,-0.6195378,0.3498866,0,1,unassigned,59.0,57.0,2.0,0.9661017,0.033898305,0.033898294,0.11025145,0.0037373372,1,0,0,0,0
42822,-1,0,-0.5796938,0.35900304,0,1,unassigned,5.0,4.0,1.0,0.8,0.2,0.19999999,0.0058027077,0.0011605415,0,0,0,0,0
42823,-1,1,7.390935,0.99938357,1,1,unassigned,4.0,4.0,0.0,1.0,0.0,0.0,0.003868472,0.0,1,0,0,1,1
42824,1,0,2.1356223,0.8943176,1,0,test,5.0,5.0,0.0,1.0,0.0,0.0,0.0058027077,0.0,0,0,1,1,0
42825,-1,1,6.3459654,0.9982493,1,1,unassigned,7.0,6.0,1.0,0.85714287,0.14285715,0.14285713,0.00967118,0.0013815971,1,0,0,1,1
42826,-1,0,-0.061110377,0.4847271,0,1,unassigned,12.0,12.0,0.0,1.0,0.0,0.0,0.01934236,0.0,0,0,0,0,0
42827,-1,0,3.7821906,0.97773427,1,1,unassigned,5.0,5.0,0.0,1.0,0.0,0.0,0.0058027077,0.0,0,0,0,1,1
42828,-1,1,0.5634076,0.63724065,1,1,unassigned,14.0,14.0,0.0,1.0,0.0,0.0,0.023210831,0.0,1,0,0,1,0
42829,-1,1,1.8116696,0.8595636,1,1,unassigned,18.0,16.0,2.0,0.8888889,0.11111111,0.111111104,0.030947777,0.0034386418,1,0,0,1,0
42830,1,1,-0.72258097,0.3268249,0,1,unassigned,5.0,5.0,0.0,1.0,0.0,0.0,0.0058027077,0.0,1,0,0,0,0
42831,1,1,-0.6900245,0.33402762,0,1,val,136.0,132.0,4.0,0.9705882,0.029411765,0.029411793,0.2591876,0.007623165,1,0,0,0,0
42832,1,0,-0.51823294,0.3732655,0,1,test,25.0,25.0,0.0,1.0,0.0,0.0,0.044487428,0.0,0,0,0,0,0
42833,-1,0,-0.3954318,0.40241036,0,1,unassigned,20.0,20.0,0.0,1.0,0.0,0.0,0.034816246,0.0,0,0,0,0,0
42834,-1,0,-0.6616464,0.34036988,0,1,unassigned,13.0,13.0,0.0,1.0,0.0,0.0,0.021276595,0.0,0,0,0,0,0
42835,-1,0,-0.14870268,0.46289268,0,1,unassigned,29.0,29.0,0.0,1.0,0.0,0.0,0.05222437,0.0,0,0,0,0,0
42836,-1,0,-0.2123867,0.44710198,0,1,unassigned,38.0,37.0,1.0,0.9736842,0.02631579,0.026315808,0.06963249,0.0018324341,0,0,0,0,0
42837,-1,1,-0.687728,0.3345387,0,1,unassigned,14.0,13.0,1.0,0.9285714,0.071428575,0.0714286,0.023210831,0.0016579166,1,0,0,0,0
42838,-1,1,-0.48935825,0.38004476,0,1,unassigned,11.0,10.0,1.0,0.90909094,0.09090909,0.090909064,0.017408123,0.0015825568,1,0,0,0,0
42839,-1,0,9.168973,0.9998958,1,1,unassigned,2.0,2.0,0.0,1.0,0.0,0.0,0.0,0.0,0,0,0,1,1
42840,1,0,2.4511316,0.9206442,1,0,val,4.0,4.0,0.0,1.0,0.0,0.0,0.003868472,0.0,0,0,1,1,1
42841,-1,0,-0.3118567,0.4226616,0,1,unassigned,28.0,28.0,0.0,1.0,0.0,0.0,0.050290134,0.0,0,0,0,0,0
42842,-1,0,-0.5105714,0.37505957,0,1,unassigned,75.0,74.0,1.0,0.9866667,0.013333334,0.013333321,0.14119923,0.0018826565,0,0,0,0,0
42843,-1,0,-0.6830232,0.3355869,0,1,unassigned,14.0,14.0,0.0,1.0,0.0,0.0,0.023210831,0.0,0,0,0,0,0
42844,-1,1,-0.053562522,0.48661256,0,1,unassigned,57.0,53.0,4.0,0.9298246,0.07017544,0.07017541,0.10638298,0.0074654724,1,0,0,0,0
42845,1,0,-0.3963818,0.40218195,0,1,test,18.0,18.0,0.0,1.0,0.0,0.0,0.030947777,0.0,0,0,0,0,0
42846,0,0,-0.23091513,0.44252637,0,0,unassigned,53.0,52.0,1.0,0.9811321,0.018867925,0.01886791,0.09864604,0.0018612461,0,0,1,0,0
42847,-1,1,-0.9087484,0.28725603,0,1,unassigned,3.0,3.0,0.0,1.0,0.0,0.0,0.001934236,0.0,1,0,0,0,0
42848,-1,1,-0.27722156,0.43113506,0,1,unassigned,6.0,6.0,0.0,1.0,0.0,0.0,0.007736944,0.0,1,0,0,0,0
42849,-1,0,2.4415982,0.9199448,1,1,unassigned,30.0,28.0,2.0,0.93333334,0.06666667,0.06666666,0.054158606,0.003610574,0,0,0,1,1
42850,0,0,-0.5144491,0.37415114,0,0,unassigned,35.0,34.0,1.0,0.9714286,0.028571429,0.028571427,0.06382979,0.0018237082,0,0,1,0,0
42851,-1,0,0.72116035,0.67286247,1,1,unassigned,5.0,5.0,0.0,1.0,0.0,0.0,0.0058027077,0.0,0,0,0,1,0
42852,-1,0,-0.19131842,0.45231575,0,1,unassigned,49.0,43.0,6.0,0.877551,0.12244898,0.12244898,0.09090909,0.011131726,0,0,0,0,0
42853,-1,1,1.712296,0.8471338,1,1,unassigned,3.0,2.0,1.0,0.6666667,0.33333334,0.3333333,0.001934236,0.00064474536,1,0,0,1,0
42854,-1,1,-0.7905422,0.31205225,0,1,unassigned,4.0,4.0,0.0,1.0,0.0,0.0,0.003868472,0.0,1,0,0,0,0
42855,-1,0,38.076103,1.0,1,1,unassigned,86.0,85.0,1.0,0.9883721,0.011627907,0.0116279125,0.16247582,0.0018892537,0,0,0,1,1
42856,-1,1,2.9303553,0.94932675,1,1,unassigned,4.0,4.0,0.0,1.0,0.0,0.0,0.003868472,0.0,1,0,0,1,1
42857,1,1,-0.12634405,0.4684559,0,1,unassigned,2.0,2.0,0.0,1.0,0.0,0.0,0.0,0.0,1,0,0,0,0
42858,-1,0,-0.07315177,0.48172018,0,1,unassigned,3.0,3.0,0.0,1.0,0.0,0.0,0.001934236,0.0,0,0,0,0,0
42859,1,1,-0.72650117,0.325963,0,1,unassigned,4.0,4.0,0.0,1.0,0.0,0.0,0.003868472,0.0,1,0,0,0,0
42860,-1,1,5.850118,0.9971288,1,1,unassigned,3.0,2.0,1.0,0.6666667,0.33333334,0.3333333,0.001934236,0.00064474536,1,0,0,1,1
42861,-1,0,2.757302,0.9403244,1,1,unassigned,3.0,2.0,1.0,0.6666667,0.33333334,0.3333333,0.001934236,0.00064474536,0,0,0,1,1
42862,1,0,2.6835701,0.9360501,1,0,unassigned,5.0,5.0,0.0,1.0,0.0,0.0,0.0058027077,0.0,0,0,1,1,1
42863,-1,1,-0.7139993,0.32871574,0,1,unassigned,18.0,17.0,1.0,0.9444444,0.055555556,0.055555582,0.030947777,0.0017193209,1,0,0,0,0
42864,-1,1,0.05802995,0.5145034,1,1,unassigned,2.0,2.0,0.0,1.0,0.0,0.0,0.0,0.0,1,0,0,1,0
42865,-1,1,-0.545288,0.3669583,0,1,unassigned,7.0,7.0,0.0,1.0,0.0,0.0,0.00967118,0.0,1,0,0,0,0
42866,-1,0,3.4243374,0.96845657,1,1,unassigned,4.0,4.0,0.0,1.0,0.0,0.0,0.003868472,0.0,0,0,0,1,1
42867,-1,1,0.7426091,0.6775661,1,1,unassigned,2.0,2.0,0.0,1.0,0.0,0.0,0.0,0.0,1,0,0,1,0
42868,-1,0,0.5870531,0.6426887,1,1,unassigned,2.0,2.0,0.0,1.0,0.0,0.0,0.0,0.0,0,0,0,1,0
42869,0,0,-0.59306204,0.3559326,0,0,unassigned,21.0,20.0,1.0,0.95238096,0.04761905,0.047619045,0.036750484,0.0017500231,0,0,1,0,0
42870,-1,0,3.744888,0.9769076,1,1,unassigned,14.0,13.0,1.0,0.9285714,0.071428575,0.0714286,0.023210831,0.0016579166,0,0,0,1,1
42871,-1,0,-0.38309142,0.4053815,0,1,unassigned,21.0,21.0,0.0,1.0,0.0,0.0,0.036750484,0.0,0,0,0,0,0
42872,-1,0,-0.1683501,0.45801157,0,1,unassigned,57.0,57.0,0.0,1.0,0.0,0.0,0.10638298,0.0,0,0,0,0,0
42873,-1,0,-0.45952177,0.3870993,0,1,unassigned,14.0,11.0,3.0,0.78571427,0.21428572,0.21428573,0.023210831,0.0049737496,0,0,0,0,0
42874,-1,0,2.8343923,0.9445063,1,1,unassigned,6.0,6.0,0.0,1.0,0.0,0.0,0.007736944,0.0,0,0,0,1,1
42875,1,1,4.466218,0.98863983,1,0,val,6.0,6.0,0.0,1.0,0.0,0.0,0.007736944,0.0,1,0,1,1,1
42876,-1,0,-0.27177224,0.43247208,0,1,unassigned,34.0,34.0,0.0,1.0,0.0,0.0,0.061895553,0.0,0,0,0,0,0
42877,1,0,-0.5131345,0.37445903,0,1,val,56.0,54.0,2.0,0.96428573,0.035714287,0.03571427,0.10444874,0.0037303125,0,0,0,0,0
42878,-1,1,0.19668871,0.5490143,1,1,unassigned,5.0,5.0,0.0,1.0,0.0,0.0,0.0058027077,0.0,1,0,0,1,0
42879,0,1,-0.57541174,0.35998905,0,0,unassigned,7.0,7.0,0.0,1.0,0.0,0.0,0.00967118,0.0,1,0,1,0,0
42880,-1,0,2.8774812,0.946722,1,1,unassigned,4.0,4.0,0.0,1.0,0.0,0.0,0.003868472,0.0,0,0,0,1,1
42881,-1,1,-0.7991729,0.31020248,0,1,unassigned,5.0,3.0,2.0,0.6,0.4,0.39999998,0.0058027077,0.002321083,1,0,0,0,0
42882,-1,0,-0.6770279,0.33692497,0,1,unassigned,13.0,10.0,3.0,0.7692308,0.23076923,0.23076922,0.021276595,0.0049099834,0,0,0,0,0
42883,-1,0,4.308165,0.98672044,1,1,unassigned,7.0,7.0,0.0,1.0,0.0,0.0,0.00967118,0.0,0,0,0,1,1
42884,-1,0,-0.20636767,0.4485904,0,1,unassigned,5.0,5.0,0.0,1.0,0.0,0.0,0.0058027077,0.0,0,0,0,0,0
42885,-1,0,9.118475,0.9998903,1,1,unassigned,2.0,2.0,0.0,1.0,0.0,0.0,0.0,0.0,0,0,0,1,1
42886,0,1,4.671765,0.99073094,1,1,test,13.0,9.0,4.0,0.6923077,0.30769232,0.3076923,0.021276595,0.006546645,1,0,0,1,1
42887,-1,0,2.2604473,0.90554786,1,1,unassigned,3.0,3.0,0.0,1.0,0.0,0.0,0.001934236,0.0,0,0,0,1,1
42888,-1,0,2.1902158,0.89936745,1,1,unassigned,7.0,7.0,0.0,1.0,0.0,0.0,0.00967118,0.0,0,0,0,1,0
42889,-1,0,3.5672395,0.97254163,1,1,unassigned,6.0,6.0,0.0,1.0,0.0,0.0,0.007736944,0.0,0,0,0,1,1
42890,-1,0,3.6942213,0.97573656,1,1,unassigned,4.0,3.0,1.0,0.75,0.25,0.25,0.003868472,0.000967118,0,0,0,1,1
42891,-1,1,-0.06457263,0.48386243,0,1,unassigned,114.0,109.0,5.0,0.95614034,0.04385965,0.04385966,0.21663442,0.009501509,1,0,0,0,0
42892,-1,0,-0.50255084,0.3769414,0,1,unassigned,3.0,3.0,0.0,1.0,0.0,0.0,0.001934236,0.0,0,0,0,0,0
42893,1,0,-0.43066907,0.39396656,0,1,train,21.0,21.0,0.0,1.0,0.0,0.0,0.036750484,0.0,0,0,0,0,0
42894,-1,0,-0.3394287,0.41594824,0,1,unassigned,9.0,9.0,0.0,1.0,0.0,0.0,0.013539651,0.0,0,0,0,0,0
42895,-1,0,1.246865,0.7767567,1,1,unassigned,3.0,3.0,0.0,1.0,0.0,0.0,0.001934236,0.0,0,0,0,1,0
42896,-1,0,0.2185331,0.5544169,1,1,unassigned,23.0,21.0,2.0,0.9130435,0.08695652,0.0869565,0.040618956,0.0035320832,0,0,0,1,0
42897,-1,1,0.122884035,0.5306824,1,1,unassigned,35.0,33.0,2.0,0.94285715,0.057142857,0.057142854,0.06382979,0.0036474164,1,0,0,1,0
42898,-1,0,0.5850027,0.6422177,1,1,unassigned,2.0,2.0,0.0,1.0,0.0,0.0,0.0,0.0,0,0,0,1,0
42899,-1,1,0.02924478,0.5073107,1,1,unassigned,28.0,28.0,0.0,1.0,0.0,0.0,0.050290134,0.0,1,0,0,1,0
42900,0,1,-0.40739238,0.39953753,0,0,test,35.0,35.0,0.0,1.0,0.0,0.0,0.06382979,0.0,1,0,1,0,0
42901,-1,0,-0.75914544,0.31883183,0,1,unassigned,45.0,37.0,8.0,0.82222223,0.17777778,0.17777777,0.08317215,0.014786161,0,0,0,0,0
42902,-1,0,-0.66123223,0.34046286,0,1,unassigned,11.0,11.0,0.0,1.0,0.0,0.0,0.017408123,0.0,0,0,0,0,0
42903,-1,0,-0.6689531,0.33873132,0,1,unassigned,13.0,13.0,0.0,1.0,0.0,0.0,0.021276595,0.0,0,0,0,0,0
42904,-1,1,2.5082545,0.9247185,1,1,unassigned,11.0,11.0,0.0,1.0,0.0,0.0,0.017408123,0.0,1,0,0,1,1
42905,-1,0,0.9693442,0.72498876,1,1,unassigned,8.0,8.0,0.0,1.0,0.0,0.0,0.0116054155,0.0,0,0,0,1,0
42906,1,0,7.1423764,0.99920976,1,0,unassigned,8.0,6.0,2.0,0.75,0.25,0.25,0.0116054155,0.0029013539,0,0,1,1,1
42907,-1,0,6.8833566,0.99897635,1,1,unassigned,19.0,13.0,6.0,0.68421054,0.31578946,0.31578946,0.032882012,0.010383793,0,0,0,1,1
42908,0,0,-0.14591184,0.46358666,0,0,test,13.0,12.0,1.0,0.9230769,0.07692308,0.07692307,0.021276595,0.0016366612,0,0,1,0,0
42909,0,0,-0.42013612,0.3964842,0,0,unassigned,22.0,22.0,0.0,1.0,0.0,0.0,0.03868472,0.0,0,0,1,0,0
42910,-1,0,3.5725567,0.97268325,1,1,unassigned,2.0,2.0,0.0,1.0,0.0,0.0,0.0,0.0,0,0,0,1,1
42911,-1,0,-0.7124366,0.32906067,0,1,unassigned,4.0,4.0,0.0,1.0,0.0,0.0,0.003868472,0.0,0,0,0,0,0
42912,-1,0,5.299031,0.99502844,1,1,unassigned,3.0,3.0,0.0,1.0,0.0,0.0,0.001934236,0.0,0,0,0,1,1
42913,-1,1,1.3886693,0.8003797,1,1,unassigned,13.0,12.0,1.0,0.9230769,0.07692308,0.07692307,0.021276595,0.0016366612,1,0,0,1,0
42914,-1,0,-0.32462418,0.41954923,0,1,unassigned,31.0,31.0,0.0,1.0,0.0,0.0,0.056092843,0.0,0,0,0,0,0
42915,-1,1,-0.934705,0.28197113,0,1,unassigned,2.0,2.0,0.0,1.0,0.0,0.0,0.0,0.0,1,0,0,0,0
42916,1,1,-0.291011,0.42775637,0,1,unassigned,12.0,10.0,2.0,0.8333333,0.16666667,0.16666669,0.01934236,0.0032237265,1,0,0,0,0
42917,0,0,-0.43416193,0.39313295,0,0,val,13.0,13.0,0.0,1.0,0.0,0.0,0.021276595,0.0,0,0,1,0,0
42918,-1,1,-0.8351196,0.30256364,0,1,unassigned,12.0,9.0,3.0,0.75,0.25,0.25,0.01934236,0.00483559,1,0,0,0,0
42919,-1,1,-0.6635415,0.3399445,0,1,unassigned,23.0,22.0,1.0,0.95652175,0.04347826,0.04347825,0.040618956,0.0017660416,1,0,0,0,0
42920,-1,0,1.6845353,0.84350413,1,1,unassigned,28.0,24.0,4.0,0.85714287,0.14285715,0.14285713,0.050290134,0.007184305,0,0,0,1,0
42921,-1,0,0.8474255,0.7000268,1,1,unassigned,9.0,9.0,0.0,1.0,0.0,0.0,0.013539651,0.0,0,0,0,1,0
42922,-1,0,2.054278,0.8863791,1,1,unassigned,17.0,16.0,1.0,0.9411765,0.05882353,0.058823526,0.029013539,0.0017066788,0,0,0,1,0
42923,-1,0,0.9710353,0.7253258,1,1,unassigned,6.0,6.0,0.0,1.0,0.0,0.0,0.007736944,0.0,0,0,0,1,0
42924,1,0,-0.1480335,0.4630591,0,1,unassigned,33.0,32.0,1.0,0.969697,0.030303031,0.030303001,0.059961315,0.0018170096,0,0,0,0,0
42925,-1,0,0.36001265,0.5890435,1,1,unassigned,46.0,46.0,0.0,1.0,0.0,0.0,0.08510638,0.0,0,0,0,1,0
42926,-1,0,2.9517887,0.9503479,1,1,unassigned,18.0,17.0,1.0,0.9444444,0.055555556,0.055555582,0.030947777,0.0017193209,0,0,0,1,1
42927,-1,1,8.613517,0.9998184,1,1,unassigned,11.0,8.0,3.0,0.72727275,0.27272728,0.27272725,0.017408123,0.00474767,1,0,0,1,1
42928,-1,0,-0.7296847,0.32526392,0,1,unassigned,10.0,10.0,0.0,1.0,0.0,0.0,0.015473888,0.0,0,0,0,0,0
42929,-1,0,-0.13716885,0.46576145,0,1,unassigned,6.0,6.0,0.0,1.0,0.0,0.0,0.007736944,0.0,0,0,0,0,0
42930,0,0,-0.29003242,0.42799592,0,0,unassigned,7.0,7.0,0.0,1.0,0.0,0.0,0.00967118,0.0,0,0,1,0,0
42931,-1,0,-0.6329333,0.34684572,0,1,unassigned,40.0,37.0,3.0,0.925,0.075,0.07499999,0.07350097,0.005512573,0,0,0,0,0
42932,-1,0,-0.171978,0.45711118,0,1,unassigned,37.0,37.0,0.0,1.0,0.0,0.0,0.06769826,0.0,0,0,0,0,0
42933,-1,1,-0.8842385,0.29230022,0,1,unassigned,2.0,2.0,0.0,1.0,0.0,0.0,0.0,0.0,1,0,0,0,0
42934,-1,0,-0.6971563,0.332443,0,1,unassigned,34.0,32.0,2.0,0.9411765,0.05882353,0.058823526,0.061895553,0.0036409148,0,0,0,0,0
42935,-1,0,2.1340425,0.89416814,1,1,unassigned,16.0,16.0,0.0,1.0,0.0,0.0,0.027079303,0.0,0,0,0,1,0
42936,-1,0,2.4337595,0.9193657,1,1,unassigned,19.0,19.0,0.0,1.0,0.0,0.0,0.032882012,0.0,0,0,0,1,1
42937,-1,0,-0.51445097,0.3741507,0,1,unassigned,15.0,15.0,0.0,1.0,0.0,0.0,0.025145067,0.0,0,0,0,0,0
42938,-1,0,0.1068424,0.5266852,1,1,unassigned,28.0,28.0,0.0,1.0,0.0,0.0,0.050290134,0.0,0,0,0,1,0
42939,-1,0,3.552276,0.9721391,1,1,unassigned,7.0,7.0,0.0,1.0,0.0,0.0,0.00967118,0.0,0,0,0,1,1
42940,1,0,8.37933,0.99977046,1,0,unassigned,4.0,4.0,0.0,1.0,0.0,0.0,0.003868472,0.0,0,0,1,1,1
42941,-1,0,2.4868813,0.923217,1,1,unassigned,15.0,15.0,0.0,1.0,0.0,0.0,0.025145067,0.0,0,0,0,1,1
42942,-1,1,4.4261394,0.98818076,1,1,unassigned,8.0,8.0,0.0,1.0,0.0,0.0,0.0116054155,0.0,1,0,0,1,1
42943,0,0,-0.20352161,0.4492945,0,0,unassigned,28.0,28.0,0.0,1.0,0.0,0.0,0.050290134,0.0,0,0,1,0,0
42944,-1,1,3.115331,0.95752066,1,1,unassigned,17.0,14.0,3.0,0.8235294,0.1764706,0.17647058,0.029013539,0.005120036,1,0,0,1,1
42945,-1,0,-0.6780849,0.33668888,0,1,unassigned,2.0,2.0,0.0,1.0,0.0,0.0,0.0,0.0,0,0,0,0,0
42946,-1,1,2.4878533,0.9232859,1,1,unassigned,7.0,7.0,0.0,1.0,0.0,0.0,0.00967118,0.0,1,0,0,1,1
42947,-1,0,7.7834744,0.99958366,1,1,unassigned,6.0,6.0,0.0,1.0,0.0,0.0,0.007736944,0.0,0,0,0,1,1
42948,-1,0,4.0887446,0.98351604,1,1,unassigned,2.0,2.0,0.0,1.0,0.0,0.0,0.0,0.0,0,0,0,1,1
42949,-1,1,6.173084,0.9979195,1,1,unassigned,5.0,4.0,1.0,0.8,0.2,0.19999999,0.0058027077,0.0011605415,1,0,0,1,1
42950,-1,1,2.4071677,0.9173723,1,1,unassigned,15.0,15.0,0.0,1.0,0.0,0.0,0.025145067,0.0,1,0,0,1,1
42951,-1,0,9.324278,0.9999107,1,1,unassigned,4.0,4.0,0.0,1.0,0.0,0.0,0.003868472,0.0,0,0,0,1,1
42952,-1,1,0.16941041,0.5422516,1,1,unassigned,21.0,18.0,3.0,0.85714287,0.14285715,0.14285713,0.036750484,0.0052500693,1,0,0,1,0
42953,0,0,-0.12563637,0.4686322,0,0,test,10.0,8.0,2.0,0.8,0.2,0.19999999,0.015473888,0.0030947777,0,0,1,0,0
42954,-1,0,0.12714642,0.5317438,1,1,unassigned,25.0,25.0,0.0,1.0,0.0,0.0,0.044487428,0.0,0,0,0,1,0
42955,-1,0,-0.35808468,0.41142327,0,1,unassigned,5.0,5.0,0.0,1.0,0.0,0.0,0.0058027077,0.0,0,0,0,0,0
42956,-1,0,-0.55203235,0.365393,0,1,unassigned,31.0,30.0,1.0,0.9677419,0.032258064,0.032258093,0.056092843,0.0018094465,0,0,0,0,0
42957,-1,0,-0.3006111,0.4254081,0,1,unassigned,44.0,44.0,0.0,1.0,0.0,0.0,0.08123791,0.0,0,0,0,0,0
42958,-1,0,4.3784866,0.9876111,1,1,unassigned,11.0,11.0,0.0,1.0,0.0,0.0,0.017408123,0.0,0,0,0,1,1
42959,-1,0,4.755486,0.991469,1,1,unassigned,27.0,26.0,1.0,0.962963,0.037037037,0.037037015,0.0483559,0.0017909593,0,0,0,1,1
42960,0,0,-0.5285745,0.37084943,0,0,unassigned,27.0,27.0,0.0,1.0,0.0,0.0,0.0483559,0.0,0,0,1,0,0
42961,-1,1,-0.59618735,0.35521644,0,1,unassigned,34.0,28.0,6.0,0.8235294,0.1764706,0.17647058,0.061895553,0.010922745,1,0,0,0,0
42962,-1,0,7.495744,0.9994449,1,1,unassigned,2.0,2.0,0.0,1.0,0.0,0.0,0.0,0.0,0,0,0,1,1
42963,-1,0,2.9116352,0.9484186,1,1,unassigned,5.0,5.0,0.0,1.0,0.0,0.0,0.0058027077,0.0,0,0,0,1,1
42964,1,0,1.0009627,0.73124784,1,0,unassigned,3.0,3.0,0.0,1.0,0.0,0.0,0.001934236,0.0,0,0,1,1,0
42965,-1,0,1.0201895,0.73500955,1,1,unassigned,19.0,19.0,0.0,1.0,0.0,0.0,0.032882012,0.0,0,0,0,1,0
42966,-1,1,-0.5423985,0.36762983,0,1,unassigned,9.0,7.0,2.0,0.7777778,0.22222222,0.22222221,0.013539651,0.0030088115,1,0,0,0,0
42967,-1,1,2.1379077,0.89453334,1,1,unassigned,8.0,8.0,0.0,1.0,0.0,0.0,0.0116054155,0.0,1,0,0,1,0
42968,-1,0,8.828945,0.9998536,1,1,unassigned,2.0,2.0,0.0,1.0,0.0,0.0,0.0,0.0,0,0,0,1,1
42969,-1,1,2.2918756,0.90820193,1,1,unassigned,6.0,6.0,0.0,1.0,0.0,0.0,0.007736944,0.0,1,0,0,1,1
42970,-1,0,7.7951474,0.99958843,1,1,unassigned,2.0,2.0,0.0,1.0,0.0,0.0,0.0,0.0,0,0,0,1,1
42971,1,0,-0.5530964,0.36514628,0,1,test,51.0,47.0,4.0,0.92156863,0.078431375,0.07843137,0.09477756,0.0074335346,0,0,0,0,0
42972,-1,0,-0.41932213,0.39667895,0,1,unassigned,10.0,10.0,0.0,1.0,0.0,0.0,0.015473888,0.0,0,0,0,0,0
42973,-1,0,-0.034323037,0.4914201,0,1,unassigned,52.0,52.0,0.0,1.0,0.0,0.0,0.0967118,0.0,0,0,0,0,0
42974,-1,0,-0.20806226,0.44817126,0,1,unassigned,60.0,60.0,0.0,1.0,0.0,0.0,0.11218569,0.0,0,0,0,0,0
42975,-1,0,0.098716795,0.5246592,1,1,unassigned,33.0,33.0,0.0,1.0,0.0,0.0,0.059961315,0.0,0,0,0,1,0
42976,-1,0,0.03730887,0.50932616,1,1,unassigned,70.0,70.0,0.0,1.0,0.0,0.0,0.13152805,0.0,0,0,0,1,0
42977,-1,1,6.702309,0.9987734,1,1,unassigned,36.0,32.0,4.0,0.8888889,0.11111111,0.111111104,0.065764025,0.007307114,1,0,0,1,1
42978,-1,0,-0.0256598,0.49358538,0,1,unassigned,2.0,2.0,0.0,1.0,0.0,0.0,0.0,0.0,0,0,0,0,0
42979,-1,0,-0.3489745,0.4136311,0,1,unassigned,5.0,4.0,1.0,0.8,0.2,0.19999999,0.0058027077,0.0011605415,0,0,0,0,0
42980,1,0,-0.4774533,0.38285372,0,1,train,99.0,98.0,1.0,0.989899,0.01010101,0.01010102,0.1876209,0.0018951605,0,0,0,0,0
42981,-1,0,-0.23909393,0.44050968,0,1,unassigned,2.0,2.0,0.0,1.0,0.0,0.0,0.0,0.0,0,0,0,0,0
42982,-1,0,4.6611342,0.9906329,1,1,unassigned,10.0,10.0,0.0,1.0,0.0,0.0,0.015473888,0.0,0,0,0,1,1
42983,-1,0,-0.20050246,0.45004165,0,1,unassigned,4.0,4.0,0.0,1.0,0.0,0.0,0.003868472,0.0,0,0,0,0,0
42984,-1,0,-0.90087014,0.2888717,0,1,unassigned,2.0,2.0,0.0,1.0,0.0,0.0,0.0,0.0,0,0,0,0,0
42985,-1,0,1.2917309,0.78444004,1,1,unassigned,6.0,6.0,0.0,1.0,0.0,0.0,0.007736944,0.0,0,0,0,1,0
42986,-1,0,0.11970371,0.52989024,1,1,unassigned,8.0,7.0,1.0,0.875,0.125,0.125,0.0116054155,0.0014506769,0,0,0,1,0
42987,-1,0,0.53484994,0.63061357,1,1,unassigned,20.0,19.0,1.0,0.95,0.05,0.050000012,0.034816246,0.0017408123,0,0,0,1,0
42988,-1,0,1.2531347,0.77784204,1,1,unassigned,6.0,6.0,0.0,1.0,0.0,0.0,0.007736944,0.0,0,0,0,1,0
42989,-1,0,7.5431705,0.99947053,1,1,unassigned,3.0,3.0,0.0,1.0,0.0,0.0,0.001934236,0.0,0,0,0,1,1
42990,-1,0,7.0438957,0.99912804,1,1,unassigned,5.0,5.0,0.0,1.0,0.0,0.0,0.0058027077,0.0,0,0,0,1,1
42991,-1,1,1.923435,0.872521,1,1,unassigned,4.0,4.0,0.0,1.0,0.0,0.0,0.003868472,0.0,1,0,0,1,0
42992,-1,0,2.0352657,0.8844503,1,1,unassigned,4.0,2.0,2.0,0.5,0.5,0.5,0.003868472,0.001934236,0,0,0,1,0
42993,-1,0,4.609506,0.99014145,1,1,unassigned,8.0,5.0,3.0,0.625,0.375,0.375,0.0116054155,0.004352031,0,0,0,1,1
42994,-1,0,1.7123673,0.84714305,1,1,unassigned,3.0,3.0,0.0,1.0,0.0,0.0,0.001934236,0.0,0,0,0,1,0
42995,-1,0,-0.059254944,0.4851906,0,1,unassigned,3.0,3.0,0.0,1.0,0.0,0.0,0.001934236,0.0,0,0,0,0,0
42996,-1,0,0.77077526,0.6836886,1,1,unassigned,4.0,4.0,0.0,1.0,0.0,0.0,0.003868472,0.0,0,0,0,1,0
42997,-1,1,3.3502696,0.9661136,1,1,unassigned,6.0,5.0,1.0,0.8333333,0.16666667,0.16666669,0.007736944,0.0012894907,1,0,0,1,1
42998,-1,0,4.3655677,0.987452,1,1,unassigned,2.0,1.0,1.0,0.5,0.5,0.5,0.0,0.0,0,0,0,1,1
42999,1,1,4.4319024,0.98824793,1,0,unassigned,10.0,10.0,0.0,1.0,0.0,0.0,0.015473888,0.0,1,0,1,1,1
43000,-1,1,-0.42942786,0.39426294,0,1,unassigned,9.0,9.0,0.0,1.0,0.0,0.0,0.013539651,0.0,1,0,0,0,0
43001,0,1,-0.5107776,0.37501127,0,0,test,9.0,9.0,0.0,1.0,0.0,0.0,0.013539651,0.0,1,0,1,0,0
43002,0,1,-0.3536678,0.41249326,0,0,test,4.0,3.0,1.0,0.75,0.25,0.25,0.003868472,0.000967118,1,0,1,0,0
43003,-1,0,-0.15597081,0.46108618,0,1,unassigned,24.0,24.0,0.0,1.0,0.0,0.0,0.04255319,0.0,0,0,0,0,0
43004,-1,0,0.022220194,0.5055548,1,1,unassigned,15.0,15.0,0.0,1.0,0.0,0.0,0.025145067,0.0,0,0,0,1,0
43005,-1,0,1.4579382,0.8112171,1,1,unassigned,74.0,68.0,6.0,0.9189189,0.08108108,0.08108109,0.13926499,0.011291755,0,0,0,1,0
43006,-1,1,-0.077878624,0.48054022,0,1,unassigned,9.0,7.0,2.0,0.7777778,0.22222222,0.22222221,0.013539651,0.0030088115,1,0,0,0,0
43007,-1,0,2.7740142,0.94125533,1,1,unassigned,4.0,4.0,0.0,1.0,0.0,0.0,0.003868472,0.0,0,0,0,1,1
43008,-1,0,3.6587803,0.97488326,1,1,unassigned,5.0,5.0,0.0,1.0,0.0,0.0,0.0058027077,0.0,0,0,0,1,1
43009,1,0,3.329704,0.9654339,1,0,unassigned,7.0,7.0,0.0,1.0,0.0,0.0,0.00967118,0.0,0,0,1,1,1
43010,-1,1,5.426958,0.9956228,1,1,unassigned,2.0,2.0,0.0,1.0,0.0,0.0,0.0,0.0,1,0,0,1,1
43011,-1,0,3.6490548,0.9746439,1,1,unassigned,2.0,2.0,0.0,1.0,0.0,0.0,0.0,0.0,0,0,0,1,1
43012,-1,1,1.5719059,0.8280551,1,1,unassigned,10.0,9.0,1.0,0.9,0.1,0.100000024,0.015473888,0.0015473888,1,0,0,1,0
43013,-1,0,-0.68349475,0.33548176,0,1,unassigned,4.0,3.0,1.0,0.75,0.25,0.25,0.003868472,0.000967118,0,0,0,0,0
43014,-1,1,3.2614758,0.9630833,1,1,unassigned,2.0,2.0,0.0,1.0,0.0,0.0,0.0,0.0,1,0,0,1,1
43015,-1,0,-0.39820144,0.40174457,0,1,unassigned,86.0,86.0,0.0,1.0,0.0,0.0,0.16247582,0.0,0,0,0,0,0
43016,-1,0,-0.16340709,0.4592389,0,1,unassigned,9.0,9.0,0.0,1.0,0.0,0.0,0.013539651,0.0,0,0,0,0,0
43017,-1,0,-0.7498629,0.32085115,0,1,unassigned,47.0,47.0,0.0,1.0,0.0,0.0,0.08704062,0.0,0,0,0,0,0
43018,0,0,-0.68222,0.33576605,0,0,test,29.0,29.0,0.0,1.0,0.0,0.0,0.05222437,0.0,0,0,1,0,0
43019,-1,0,-0.69183564,0.33362487,0,1,unassigned,20.0,20.0,0.0,1.0,0.0,0.0,0.034816246,0.0,0,0,0,0,0
43020,-1,0,-0.69358695,0.33323562,0,1,unassigned,20.0,20.0,0.0,1.0,0.0,0.0,0.034816246,0.0,0,0,0,0,0
43021,-1,0,2.4558325,0.92098695,1,1,unassigned,6.0,4.0,2.0,0.6666667,0.33333334,0.3333333,0.007736944,0.0025789815,0,0,0,1,1
43022,-1,0,7.298447,0.99932384,1,1,unassigned,2.0,2.0,0.0,1.0,0.0,0.0,0.0,0.0,0,0,0,1,1
43023,-1,0,0.27304053,0.5678392,1,1,unassigned,5.0,5.0,0.0,1.0,0.0,0.0,0.0058027077,0.0,0,0,0,1,0
43024,-1,1,0.057627857,0.514403,1,1,unassigned,5.0,5.0,0.0,1.0,0.0,0.0,0.0058027077,0.0,1,0,0,1,0
43025,-1,1,-0.057370305,0.48566136,0,1,unassigned,17.0,15.0,2.0,0.88235295,0.11764706,0.11764705,0.029013539,0.0034133575,1,0,0,0,0
43026,-1,1,-0.40417057,0.40031075,0,1,unassigned,23.0,22.0,1.0,0.95652175,0.04347826,0.04347825,0.040618956,0.0017660416,1,0,0,0,0
43027,0,1,-0.60692936,0.35275996,0,0,unassigned,46.0,44.0,2.0,0.95652175,0.04347826,0.04347825,0.08510638,0.0037002775,1,0,1,0,0
43028,-1,0,-0.92277455,0.2843929,0,1,unassigned,7.0,7.0,0.0,1.0,0.0,0.0,0.00967118,0.0,0,0,0,0,0
43029,-1,1,3.3458278,0.965968,1,1,unassigned,13.0,13.0,0.0,1.0,0.0,0.0,0.021276595,0.0,1,0,0,1,1
43030,-1,0,1.4501972,0.8100288,1,1,unassigned,4.0,3.0,1.0,0.75,0.25,0.25,0.003868472,0.000967118,0,0,0,1,0
43031,-1,0,-0.17778412,0.45567065,0,1,unassigned,2.0,2.0,0.0,1.0,0.0,0.0,0.0,0.0,0,0,0,0,0
43032,1,0,0.26499075,0.5658627,1,0,unassigned,20.0,19.0,1.0,0.95,0.05,0.050000012,0.034816246,0.0017408123,0,0,1,1,0
43033,-1,1,4.436381,0.98829985,1,1,unassigned,13.0,11.0,2.0,0.84615386,0.15384616,0.15384614,0.021276595,0.0032733225,1,0,0,1,1
43034,-1,1,4.7480454,0.99140584,1,1,unassigned,7.0,7.0,0.0,1.0,0.0,0.0,0.00967118,0.0,1,0,0,1,1
43035,-1,1,0.73991495,0.6769773,1,1,unassigned,2.0,2.0,0.0,1.0,0.0,0.0,0.0,0.0,1,0,0,1,0
43036,-1,0,1.380867,0.7991302,1,1,unassigned,31.0,29.0,2.0,0.9354839,0.06451613,0.06451613,0.056092843,0.003618893,0,0,0,1,0
43037,-1,0,0.97881085,0.7268722,1,1,unassigned,5.0,3.0,2.0,0.6,0.4,0.39999998,0.0058027077,0.002321083,0,0,0,1,0
43038,-1,0,0.2882399,0.57156515,1,1,unassigned,23.0,23.0,0.0,1.0,0.0,0.0,0.040618956,0.0,0,0,0,1,0
43039,-1,1,2.4702988,0.92203325,1,1,unassigned,2.0,1.0,1.0,0.5,0.5,0.5,0.0,0.0,1,0,0,1,1
43040,-1,1,-0.4457937,0.39036137,0,1,unassigned,15.0,3.0,12.0,0.2,0.8,0.8,0.025145067,0.020116054,1,1,0,0,0
43041,1,0,1.1296628,0.7557767,1,0,test,5.0,5.0,0.0,1.0,0.0,0.0,0.0058027077,0.0,0,0,1,1,0
43042,1,1,0.87938696,0.70669514,1,0,test,3.0,2.0,1.0,0.6666667,0.33333334,0.3333333,0.001934236,0.00064474536,1,0,1,1,0
43043,-1,0,-0.30584154,0.4241301,0,1,unassigned,22.0,22.0,0.0,1.0,0.0,0.0,0.03868472,0.0,0,0,0,0,0
43044,-1,0,0.18205494,0.54538846,1,1,unassigned,5.0,5.0,0.0,1.0,0.0,0.0,0.0058027077,0.0,0,0,0,1,0
43045,-1,1,0.45232862,0.6111927,1,1,unassigned,38.0,28.0,10.0,0.7368421,0.2631579,0.2631579,0.06963249,0.018324342,1,0,0,1,0
43046,-1,1,4.605809,0.99010533,1,1,unassigned,10.0,10.0,0.0,1.0,0.0,0.0,0.015473888,0.0,1,0,0,1,1
43047,-1,0,5.31453,0.99510443,1,1,unassigned,24.0,21.0,3.0,0.875,0.125,0.125,0.04255319,0.005319149,0,0,0,1,1
43048,-1,1,-0.6255664,0.3485165,0,1,unassigned,3.0,3.0,0.0,1.0,0.0,0.0,0.001934236,0.0,1,0,0,0,0
43049,-1,0,1.7318501,0.84964895,1,1,unassigned,11.0,11.0,0.0,1.0,0.0,0.0,0.017408123,0.0,0,0,0,1,0
43050,-1,0,-0.548451,0.36622387,0,1,unassigned,35.0,34.0,1.0,0.9714286,0.028571429,0.028571427,0.06382979,0.0018237082,0,0,0,0,0
43051,-1,1,-0.58229715,0.3584042,0,1,unassigned,16.0,16.0,0.0,1.0,0.0,0.0,0.027079303,0.0,1,0,0,0,0
43052,-1,0,-0.17736483,0.4557747,0,1,unassigned,55.0,55.0,0.0,1.0,0.0,0.0,0.102514505,0.0,0,0,0,0,0
43053,-1,0,0.22966087,0.5571642,1,1,unassigned,2.0,1.0,1.0,0.5,0.5,0.5,0.0,0.0,0,0,0,1,0
43054,-1,0,0.6234103,0.65099376,1,1,unassigned,2.0,2.0,0.0,1.0,0.0,0.0,0.0,0.0,0,0,0,1,0
43055,-1,0,-0.25746566,0.43598682,0,1,unassigned,2.0,2.0,0.0,1.0,0.0,0.0,0.0,0.0,0,0,0,0,0
43056,-1,1,2.258973,0.9054217,1,1,unassigned,2.0,2.0,0.0,1.0,0.0,0.0,0.0,0.0,1,0,0,1,1
43057,-1,0,-0.9286734,0.28319392,0,1,unassigned,16.0,14.0,2.0,0.875,0.125,0.125,0.027079303,0.0033849129,0,0,0,0,0
43058,-1,1,0.2579965,0.5641437,1,1,unassigned,9.0,8.0,1.0,0.8888889,0.11111111,0.111111104,0.013539651,0.0015044058,1,0,0,1,0
43059,1,1,3.8877895,0.9799208,1,0,unassigned,7.0,4.0,3.0,0.5714286,0.42857143,0.4285714,0.00967118,0.0041447915,1,0,1,1,1
43060,-1,0,0.5149645,0.6259695,1,1,unassigned,2.0,1.0,1.0,0.5,0.5,0.5,0.0,0.0,0,0,0,1,0
43061,-1,1,3.344289,0.9659174,1,1,unassigned,2.0,2.0,0.0,1.0,0.0,0.0,0.0,0.0,1,0,0,1,1
43062,1,1,1.249192,0.77716,1,0,val,38.0,37.0,1.0,0.9736842,0.02631579,0.026315808,0.06963249,0.0018324341,1,0,1,1,0
43063,-1,1,-0.0050159097,0.49874604,0,1,unassigned,7.0,7.0,0.0,1.0,0.0,0.0,0.00967118,0.0,1,0,0,0,0
43064,0,0,-1.0460529,0.25998375,0,0,test,2.0,2.0,0.0,1.0,0.0,0.0,0.0,0.0,0,0,1,0,0
43065,-1,0,0.07595134,0.5189787,1,1,unassigned,3.0,3.0,0.0,1.0,0.0,0.0,0.001934236,0.0,0,0,0,1,0
43066,-1,1,3.163542,0.959439,1,1,unassigned,10.0,10.0,0.0,1.0,0.0,0.0,0.015473888,0.0,1,0,0,1,1
43067,-1,0,0.603098,0.64636475,1,1,unassigned,9.0,9.0,0.0,1.0,0.0,0.0,0.013539651,0.0,0,0,0,1,0
43068,-1,0,-0.17020041,0.45755234,0,1,unassigned,38.0,38.0,0.0,1.0,0.0,0.0,0.06963249,0.0,0,0,0,0,0
43069,0,0,0.05815941,0.5145357,1,1,unassigned,8.0,6.0,2.0,0.75,0.25,0.25,0.0116054155,0.0029013539,0,0,0,1,0
43070,-1,1,1.5554078,0.82569337,1,1,unassigned,16.0,16.0,0.0,1.0,0.0,0.0,0.027079303,0.0,1,0,0,1,0
43071,-1,1,2.7034817,0.9372318,1,1,unassigned,2.0,2.0,0.0,1.0,0.0,0.0,0.0,0.0,1,0,0,1,1
43072,-1,1,5.15739,0.9942762,1,1,unassigned,31.0,29.0,2.0,0.9354839,0.06451613,0.06451613,0.056092843,0.003618893,1,0,0,1,1
43073,-1,1,6.8341303,0.9989247,1,1,unassigned,15.0,14.0,1.0,0.93333334,0.06666667,0.06666666,0.025145067,0.0016763379,1,0,0,1,1
43074,-1,0,-0.19107565,0.4523759,0,1,unassigned,5.0,5.0,0.0,1.0,0.0,0.0,0.0058027077,0.0,0,0,0,0,0
43075,-1,1,0.35213953,0.5871363,1,1,unassigned,10.0,10.0,0.0,1.0,0.0,0.0,0.015473888,0.0,1,0,0,1,0
43076,0,1,0.049096107,0.5122715,1,1,test,13.0,12.0,1.0,0.9230769,0.07692308,0.07692307,0.021276595,0.0016366612,1,0,0,1,0
43077,-1,0,-0.3681938,0.4089775,0,1,unassigned,14.0,14.0,0.0,1.0,0.0,0.0,0.023210831,0.0,0,0,0,0,0
43078,-1,1,4.210016,0.9853711,1,1,unassigned,7.0,6.0,1.0,0.85714287,0.14285715,0.14285713,0.00967118,0.0013815971,1,0,0,1,1
43079,-1,0,-0.01705265,0.49573696,0,1,unassigned,25.0,25.0,0.0,1.0,0.0,0.0,0.044487428,0.0,0,0,0,0,0
43080,-1,1,-0.49953595,0.37764972,0,1,unassigned,3.0,3.0,0.0,1.0,0.0,0.0,0.001934236,0.0,1,0,0,0,0
43081,1,0,1.1673887,0.7626727,1,0,unassigned,5.0,5.0,0.0,1.0,0.0,0.0,0.0058027077,0.0,0,0,1,1,0
43082,-1,1,5.574591,0.9962213,1,1,unassigned,2.0,2.0,0.0,1.0,0.0,0.0,0.0,0.0,1,0,0,1,1
43083,-1,0,5.887394,0.99723345,1,1,unassigned,3.0,3.0,0.0,1.0,0.0,0.0,0.001934236,0.0,0,0,0,1,1
43084,-1,1,0.46771175,0.614842,1,1,unassigned,2.0,2.0,0.0,1.0,0.0,0.0,0.0,0.0,1,0,0,1,0
43085,-1,1,1.92331,0.8725071,1,1,unassigned,23.0,23.0,0.0,1.0,0.0,0.0,0.040618956,0.0,1,0,0,1,0
43086,-1,0,0.21739566,0.55413586,1,1,unassigned,2.0,1.0,1.0,0.5,0.5,0.5,0.0,0.0,0,0,0,1,0
43087,-1,0,0.47283155,0.61605376,1,1,unassigned,2.0,2.0,0.0,1.0,0.0,0.0,0.0,0.0,0,0,0,1,0
43088,-1,0,1.238498,0.7753024,1,1,unassigned,8.0,8.0,0.0,1.0,0.0,0.0,0.0116054155,0.0,0,0,0,1,0
43089,-1,0,-0.44217405,0.39122307,0,1,unassigned,11.0,11.0,0.0,1.0,0.0,0.0,0.017408123,0.0,0,0,0,0,0
43090,1,0,2.9977474,0.95247227,1,0,unassigned,32.0,31.0,1.0,0.96875,0.03125,0.03125,0.058027077,0.0018133462,0,0,1,1,1
43091,-1,0,1.1036971,0.75095224,1,1,unassigned,16.0,15.0,1.0,0.9375,0.0625,0.0625,0.027079303,0.0016924564,0,0,0,1,0
43092,-1,0,2.3026206,0.90909386,1,1,unassigned,5.0,4.0,1.0,0.8,0.2,0.19999999,0.0058027077,0.0011605415,0,0,0,1,1
43093,-1,1,7.5209107,0.9994586,1,1,unassigned,3.0,2.0,1.0,0.6666667,0.33333334,0.3333333,0.001934236,0.00064474536,1,0,0,1,1
43094,0,0,-0.64998853,0.34299213,0,0,test,11.0,10.0,1.0,0.90909094,0.09090909,0.090909064,0.017408123,0.0015825568,0,0,1,0,0
43095,-1,1,-0.44056165,0.39160714,0,1,unassigned,112.0,112.0,0.0,1.0,0.0,0.0,0.21276596,0.0,1,0,0,0,0
43096,-1,1,11.548779,0.99999034,1,1,unassigned,2.0,2.0,0.0,1.0,0.0,0.0,0.0,0.0,1,0,0,1,1
43097,-1,1,0.42293525,0.6041854,1,1,unassigned,5.0,5.0,0.0,1.0,0.0,0.0,0.0058027077,0.0,1,0,0,1,0
43098,-1,0,-0.30793616,0.42361856,0,1,unassigned,13.0,3.0,10.0,0.23076923,0.7692308,0.7692308,0.021276595,0.016366612,0,0,0,0,0
43099,-1,1,-0.41233337,0.39835277,0,1,unassigned,27.0,26.0,1.0,0.962963,0.037037037,0.037037015,0.0483559,0.0017909593,1,0,0,0,0
43100,-1,0,-0.59750307,0.35491517,0,1,unassigned,2.0,1.0,1.0,0.5,0.5,0.5,0.0,0.0,0,0,0,0,0
43101,-1,0,4.9850354,0.9932069,1,1,unassigned,2.0,2.0,0.0,1.0,0.0,0.0,0.0,0.0,0,0,0,1,1
43102,-1,0,3.9393065,0.98090976,1,1,unassigned,4.0,4.0,0.0,1.0,0.0,0.0,0.003868472,0.0,0,0,0,1,1
43103,-1,0,-0.6516769,0.34261173,0,1,unassigned,78.0,77.0,1.0,0.98717946,0.012820513,0.012820542,0.14700194,0.0018846402,0,0,0,0,0
43104,-1,0,1.3956435,0.8014917,1,1,unassigned,3.0,1.0,2.0,0.33333334,0.6666667,0.6666666,0.001934236,0.0012894907,0,0,0,1,0
43105,-1,1,4.202911,0.9852683,1,1,unassigned,2.0,2.0,0.0,1.0,0.0,0.0,0.0,0.0,1,0,0,1,1
43106,-1,1,6.6365595,0.9986902,1,1,unassigned,6.0,6.0,0.0,1.0,0.0,0.0,0.007736944,0.0,1,0,0,1,1
43107,-1,0,1.2248147,0.7729097,1,1,unassigned,13.0,12.0,1.0,0.9230769,0.07692308,0.07692307,0.021276595,0.0016366612,0,0,0,1,0
43108,-1,0,-0.08561158,0.47861016,0,1,unassigned,4.0,4.0,0.0,1.0,0.0,0.0,0.003868472,0.0,0,0,0,0,0
43109,0,1,-0.55419075,0.36489266,0,0,test,9.0,8.0,1.0,0.8888889,0.11111111,0.111111104,0.013539651,0.0015044058,1,0,1,0,0
43110,0,1,-0.56876004,0.361523,0,0,val,9.0,8.0,1.0,0.8888889,0.11111111,0.111111104,0.013539651,0.0015044058,1,0,1,0,0
43111,0,1,-0.58590966,0.3575739,0,0,unassigned,9.0,8.0,1.0,0.8888889,0.11111111,0.111111104,0.013539651,0.0015044058,1,0,1,0,0
43112,0,1,-0.5713324,0.36092943,0,0,unassigned,10.0,9.0,1.0,0.9,0.1,0.100000024,0.015473888,0.0015473888,1,0,1,0,0
43113,-1,0,-0.12074453,0.46985054,0,1,unassigned,24.0,3.0,21.0,0.125,0.875,0.875,0.04255319,0.03723404,0,0,0,0,0
43114,-1,0,-0.270496,0.43278533,0,1,unassigned,2.0,2.0,0.0,1.0,0.0,0.0,0.0,0.0,0,0,0,0,0
43115,-1,1,-0.30065793,0.42539668,0,1,unassigned,15.0,13.0,2.0,0.8666667,0.13333334,0.13333333,0.025145067,0.0033526758,1,0,0,0,0
43116,-1,1,0.5227795,0.6277974,1,1,unassigned,2.0,2.0,0.0,1.0,0.0,0.0,0.0,0.0,1,0,0,1,0
43117,0,0,-0.87592435,0.29402307,0,0,unassigned,30.0,30.0,0.0,1.0,0.0,0.0,0.054158606,0.0,0,0,1,0,0
43118,-1,1,0.37131566,0.59177685,1,1,unassigned,2.0,2.0,0.0,1.0,0.0,0.0,0.0,0.0,1,0,0,1,0
43119,-1,1,6.40323,0.99834657,1,1,unassigned,12.0,11.0,1.0,0.9166667,0.083333336,0.08333331,0.01934236,0.0016118633,1,0,0,1,1
43120,-1,1,0.37131566,0.59177685,1,1,unassigned,2.0,2.0,0.0,1.0,0.0,0.0,0.0,0.0,1,0,0,1,0
43121,-1,0,0.41541493,0.6023856,1,1,unassigned,3.0,3.0,0.0,1.0,0.0,0.0,0.001934236,0.0,0,0,0,1,0
43122,-1,0,-0.7044947,0.33081645,0,1,unassigned,110.0,110.0,0.0,1.0,0.0,0.0,0.20889749,0.0,0,0,0,0,0
43123,-1,1,-0.017875671,0.4955312,0,1,unassigned,2.0,2.0,0.0,1.0,0.0,0.0,0.0,0.0,1,0,0,0,0
43124,-1,1,-0.11823487,0.4704757,0,1,unassigned,3.0,2.0,1.0,0.6666667,0.33333334,0.3333333,0.001934236,0.00064474536,1,0,0,0,0
43125,0,0,-0.08722103,0.47820854,0,0,unassigned,9.0,8.0,1.0,0.8888889,0.11111111,0.111111104,0.013539651,0.0015044058,0,0,1,0,0
43126,-1,0,0.5801576,0.6411037,1,1,unassigned,11.0,8.0,3.0,0.72727275,0.27272728,0.27272725,0.017408123,0.00474767,0,0,0,1,0
43127,-1,1,-0.31867778,0.42099804,0,1,unassigned,2.0,2.0,0.0,1.0,0.0,0.0,0.0,0.0,1,0,0,0,0
43128,1,0,0.012838125,0.5032095,1,0,unassigned,30.0,29.0,1.0,0.96666664,0.033333335,0.03333336,0.054158606,0.001805287,0,0,1,1,0
43129,-1,0,2.4095662,0.9175539,1,1,unassigned,67.0,67.0,0.0,1.0,0.0,0.0,0.12572534,0.0,0,0,0,1,1
43130,-1,0,-0.08915496,0.477726,0,1,unassigned,8.0,3.0,5.0,0.375,0.625,0.625,0.0116054155,0.0072533847,0,0,0,0,0
43131,-1,0,2.7023222,0.93716353,1,1,unassigned,24.0,24.0,0.0,1.0,0.0,0.0,0.04255319,0.0,0,0,0,1,1
43132,-1,1,-0.29618108,0.4264913,0,1,unassigned,27.0,26.0,1.0,0.962963,0.037037037,0.037037015,0.0483559,0.0017909593,1,0,0,0,0
43133,-1,1,-0.25303054,0.43707773,0,1,unassigned,4.0,3.0,1.0,0.75,0.25,0.25,0.003868472,0.000967118,1,0,0,0,0
43134,-1,1,-0.16031894,0.46000585,0,1,unassigned,3.0,3.0,0.0,1.0,0.0,0.0,0.001934236,0.0,1,0,0,0,0
43135,-1,1,0.5868773,0.64264834,1,1,unassigned,2.0,2.0,0.0,1.0,0.0,0.0,0.0,0.0,1,0,0,1,0
43136,-1,0,5.447828,0.9957129,1,1,unassigned,3.0,3.0,0.0,1.0,0.0,0.0,0.001934236,0.0,0,0,0,1,1
43137,-1,0,-0.42573372,0.39514554,0,1,unassigned,9.0,9.0,0.0,1.0,0.0,0.0,0.013539651,0.0,0,0,0,0,0
43138,0,1,-0.42292792,0.39581636,0,0,test,7.0,6.0,1.0,0.85714287,0.14285715,0.14285713,0.00967118,0.0013815971,1,0,1,0,0
43139,-1,1,-0.58018446,0.35889015,0,1,unassigned,3.0,3.0,0.0,1.0,0.0,0.0,0.001934236,0.0,1,0,0,0,0
43140,-1,0,-0.96379673,0.27611867,0,1,unassigned,32.0,32.0,0.0,1.0,0.0,0.0,0.058027077,0.0,0,0,0,0,0
43141,0,1,-0.26707965,0.43362418,0,0,val,6.0,5.0,1.0,0.8333333,0.16666667,0.16666669,0.007736944,0.0012894907,1,0,1,0,0
43142,-1,0,0.038083553,0.50951976,1,1,unassigned,22.0,21.0,1.0,0.95454544,0.045454547,0.04545456,0.03868472,0.0017583964,0,0,0,1,0
43143,-1,0,1.6004121,0.83207595,1,1,unassigned,43.0,42.0,1.0,0.9767442,0.023255814,0.023255825,0.079303674,0.0018442714,0,0,0,1,0
43144,0,0,-0.077701926,0.48058426,0,0,unassigned,10.0,10.0,0.0,1.0,0.0,0.0,0.015473888,0.0,0,0,1,0,0
43145,-1,0,2.7694979,0.9410051,1,1,unassigned,11.0,11.0,0.0,1.0,0.0,0.0,0.017408123,0.0,0,0,0,1,1
43146,-1,0,-0.5357372,0.3691798,0,1,unassigned,5.0,5.0,0.0,1.0,0.0,0.0,0.0058027077,0.0,0,0,0,0,0
43147,-1,0,3.3743846,0.9668943,1,1,unassigned,6.0,6.0,0.0,1.0,0.0,0.0,0.007736944,0.0,0,0,0,1,1
43148,-1,0,-0.5681498,0.36166385,0,1,unassigned,23.0,22.0,1.0,0.95652175,0.04347826,0.04347825,0.040618956,0.0017660416,0,0,0,0,0
43149,-1,0,8.2826605,0.9997472,1,1,unassigned,9.0,9.0,0.0,1.0,0.0,0.0,0.013539651,0.0,0,0,0,1,1
43150,0,1,-0.5756261,0.35993963,0,0,val,11.0,10.0,1.0,0.90909094,0.09090909,0.090909064,0.017408123,0.0015825568,1,0,1,0,0
43151,-1,0,0.00095903873,0.50023973,1,1,unassigned,20.0,20.0,0.0,1.0,0.0,0.0,0.034816246,0.0,0,0,0,1,0
43152,-1,1,0.26955462,0.5669836,1,1,unassigned,2.0,2.0,0.0,1.0,0.0,0.0,0.0,0.0,1,0,0,1,0
43153,-1,1,-0.5591752,0.36373836,0,1,unassigned,12.0,12.0,0.0,1.0,0.0,0.0,0.01934236,0.0,1,0,0,0,0
43154,-1,1,6.297239,0.998162,1,1,unassigned,15.0,15.0,0.0,1.0,0.0,0.0,0.025145067,0.0,1,0,0,1,1
43155,-1,1,-0.42383206,0.39560017,0,1,unassigned,22.0,22.0,0.0,1.0,0.0,0.0,0.03868472,0.0,1,0,0,0,0
43156,-1,0,-0.3141313,0.42210665,0,1,unassigned,4.0,4.0,0.0,1.0,0.0,0.0,0.003868472,0.0,0,0,0,0,0
43157,1,0,1.895612,0.8693941,1,0,val,2.0,2.0,0.0,1.0,0.0,0.0,0.0,0.0,0,0,1,1,0
43158,-1,1,1.2455819,0.77653414,1,1,unassigned,61.0,58.0,3.0,0.9508197,0.04918033,0.04918033,0.114119925,0.0056124553,1,0,0,1,0
43159,-1,0,-0.22644243,0.44363007,0,1,unassigned,2.0,2.0,0.0,1.0,0.0,0.0,0.0,0.0,0,0,0,0,0
43160,-1,0,1.0046539,0.7319726,1,1,unassigned,4.0,3.0,1.0,0.75,0.25,0.25,0.003868472,0.000967118,0,0,0,1,0
43161,-1,0,0.5487924,0.63385534,1,1,unassigned,12.0,11.0,1.0,0.9166667,0.083333336,0.08333331,0.01934236,0.0016118633,0,0,0,1,0
43162,-1,0,9.574358,0.9999305,1,1,unassigned,3.0,3.0,0.0,1.0,0.0,0.0,0.001934236,0.0,0,0,0,1,1
43163,-1,0,-0.1372293,0.4657464,0,1,unassigned,22.0,20.0,2.0,0.90909094,0.09090909,0.090909064,0.03868472,0.0035167928,0,0,0,0,0
43164,1,0,3.0680132,0.9555539,1,0,test,22.0,21.0,1.0,0.95454544,0.045454547,0.04545456,0.03868472,0.0017583964,0,0,1,1,1
43165,-1,0,4.967449,0.99308723,1,1,unassigned,6.0,6.0,0.0,1.0,0.0,0.0,0.007736944,0.0,0,0,0,1,1
43166,1,0,3.2861469,0.9639505,1,0,unassigned,15.0,13.0,2.0,0.8666667,0.13333334,0.13333333,0.025145067,0.0033526758,0,0,1,1,1
43167,-1,0,7.7891793,0.99958605,1,1,unassigned,14.0,12.0,2.0,0.85714287,0.14285715,0.14285713,0.023210831,0.0033158332,0,0,0,1,1
43168,1,0,1.0601249,0.7427144,1,0,unassigned,16.0,15.0,1.0,0.9375,0.0625,0.0625,0.027079303,0.0016924564,0,0,1,1,0
43169,-1,0,0.017362475,0.5043405,1,1,unassigned,37.0,37.0,0.0,1.0,0.0,0.0,0.06769826,0.0,0,0,0,1,0
43170,-1,0,0.021243036,0.50531054,1,1,unassigned,4.0,4.0,0.0,1.0,0.0,0.0,0.003868472,0.0,0,0,0,1,0
43171,0,0,-0.36702555,0.40925997,0,0,val,22.0,22.0,0.0,1.0,0.0,0.0,0.03868472,0.0,0,0,1,0,0
43172,-1,0,0.50344545,0.62326866,1,1,unassigned,33.0,32.0,1.0,0.969697,0.030303031,0.030303001,0.059961315,0.0018170096,0,0,0,1,0
43173,-1,0,0.8596507,0.70258766,1,1,unassigned,19.0,19.0,0.0,1.0,0.0,0.0,0.032882012,0.0,0,0,0,1,0
43174,-1,0,1.0692205,0.74444866,1,1,unassigned,5.0,4.0,1.0,0.8,0.2,0.19999999,0.0058027077,0.0011605415,0,0,0,1,0
43175,-1,0,3.2120388,0.9612849,1,1,unassigned,5.0,5.0,0.0,1.0,0.0,0.0,0.0058027077,0.0,0,0,0,1,1
43176,-1,0,-0.8287598,0.30390736,0,1,unassigned,6.0,6.0,0.0,1.0,0.0,0.0,0.007736944,0.0,0,0,0,0,0
43177,-1,1,0.7181621,0.67220217,1,1,unassigned,4.0,4.0,0.0,1.0,0.0,0.0,0.003868472,0.0,1,0,0,1,0
43178,-1,1,3.4026299,0.9677866,1,1,unassigned,9.0,9.0,0.0,1.0,0.0,0.0,0.013539651,0.0,1,0,0,1,1
43179,-1,0,0.6857714,0.6650256,1,1,unassigned,2.0,2.0,0.0,1.0,0.0,0.0,0.0,0.0,0,0,0,1,0
43180,-1,1,1.780801,0.8557958,1,1,unassigned,12.0,12.0,0.0,1.0,0.0,0.0,0.01934236,0.0,1,0,0,1,0
43181,-1,0,2.9860156,0.95193833,1,1,unassigned,3.0,2.0,1.0,0.6666667,0.33333334,0.3333333,0.001934236,0.00064474536,0,0,0,1,1
43182,-1,0,0.70993334,0.67038643,1,1,unassigned,3.0,2.0,1.0,0.6666667,0.33333334,0.3333333,0.001934236,0.00064474536,0,0,0,1,0
43183,-1,0,3.2637432,0.96316385,1,1,unassigned,4.0,4.0,0.0,1.0,0.0,0.0,0.003868472,0.0,0,0,0,1,1
43184,-1,1,3.2749708,0.9635601,1,1,unassigned,3.0,2.0,1.0,0.6666667,0.33333334,0.3333333,0.001934236,0.00064474536,1,0,0,1,1
43185,-1,0,-0.71826553,0.32777503,0,1,unassigned,4.0,4.0,0.0,1.0,0.0,0.0,0.003868472,0.0,0,0,0,0,0
43186,-1,0,-0.4944838,0.37883785,0,1,unassigned,23.0,23.0,0.0,1.0,0.0,0.0,0.040618956,0.0,0,0,0,0,0
43187,1,0,-0.22998586,0.44275564,0,1,test,18.0,18.0,0.0,1.0,0.0,0.0,0.030947777,0.0,0,0,0,0,0
43188,1,0,-0.1800099,0.45511863,0,1,unassigned,54.0,54.0,0.0,1.0,0.0,0.0,0.10058027,0.0,0,0,0,0,0
43189,-1,0,3.3983667,0.96765345,1,1,unassigned,7.0,7.0,0.0,1.0,0.0,0.0,0.00967118,0.0,0,0,0,1,1
43190,-1,0,-0.44400328,0.39078748,0,1,unassigned,3.0,3.0,0.0,1.0,0.0,0.0,0.001934236,0.0,0,0,0,0,0
43191,-1,0,2.2771468,0.90696657,1,1,unassigned,8.0,8.0,0.0,1.0,0.0,0.0,0.0116054155,0.0,0,0,0,1,1
43192,-1,0,1.5720832,0.82808036,1,1,unassigned,7.0,7.0,0.0,1.0,0.0,0.0,0.00967118,0.0,0,0,0,1,0
43193,-1,1,1.0736504,0.74529046,1,1,unassigned,7.0,7.0,0.0,1.0,0.0,0.0,0.00967118,0.0,1,0,0,1,0
43194,-1,1,8.163914,0.99971527,1,1,unassigned,16.0,14.0,2.0,0.875,0.125,0.125,0.027079303,0.0033849129,1,0,0,1,1
43195,-1,0,2.9140437,0.94853634,1,1,unassigned,4.0,4.0,0.0,1.0,0.0,0.0,0.003868472,0.0,0,0,0,1,1
43196,1,0,-0.25432724,0.43675873,0,1,test,11.0,11.0,0.0,1.0,0.0,0.0,0.017408123,0.0,0,0,0,0,0
43197,-1,0,3.1093302,0.9572759,1,1,unassigned,16.0,16.0,0.0,1.0,0.0,0.0,0.027079303,0.0,0,0,0,1,1
43198,-1,0,5.847161,0.99712026,1,1,unassigned,8.0,8.0,0.0,1.0,0.0,0.0,0.0116054155,0.0,0,0,0,1,1
43199,-1,0,2.786707,0.94195324,1,1,unassigned,4.0,4.0,0.0,1.0,0.0,0.0,0.003868472,0.0,0,0,0,1,1
43200,0,1,-0.5543486,0.3648561,0,0,test,8.0,8.0,0.0,1.0,0.0,0.0,0.0116054155,0.0,1,0,1,0,0
43201,1,1,6.9789424,0.99906963,1,0,unassigned,34.0,33.0,1.0,0.9705882,0.029411765,0.029411793,0.061895553,0.0018204574,1,0,1,1,1
43202,-1,0,-0.64365864,0.34442,0,1,unassigned,12.0,12.0,0.0,1.0,0.0,0.0,0.01934236,0.0,0,0,0,0,0
43203,1,1,0.8159073,0.6933669,1,0,unassigned,17.0,17.0,0.0,1.0,0.0,0.0,0.029013539,0.0,1,0,1,1,0
43204,0,1,-0.80904984,0.308093,0,0,test,8.0,5.0,3.0,0.625,0.375,0.375,0.0116054155,0.004352031,1,0,1,0,0
43205,-1,1,0.33466893,0.582895,1,1,unassigned,4.0,2.0,2.0,0.5,0.5,0.5,0.003868472,0.001934236,1,0,0,1,0
43206,-1,1,0.56036574,0.63653713,1,1,unassigned,11.0,11.0,0.0,1.0,0.0,0.0,0.017408123,0.0,1,0,0,1,0
43207,1,1,0.1320939,0.53297555,1,0,test,67.0,65.0,2.0,0.9701493,0.029850746,0.029850721,0.12572534,0.0037529953,1,0,1,1,0
43208,-1,0,-0.9348582,0.28194013,0,1,unassigned,2.0,1.0,1.0,0.5,0.5,0.5,0.0,0.0,0,0,0,0,0
43209,-1,1,-0.524815,0.37172702,0,1,unassigned,3.0,3.0,0.0,1.0,0.0,0.0,0.001934236,0.0,1,0,0,0,0
43210,-1,1,1.1211381,0.75419974,1,1,unassigned,7.0,7.0,0.0,1.0,0.0,0.0,0.00967118,0.0,1,0,0,1,0
43211,-1,1,3.8647835,0.9794631,1,1,unassigned,5.0,4.0,1.0,0.8,0.2,0.19999999,0.0058027077,0.0011605415,1,0,0,1,1
43212,-1,0,2.4049308,0.91720253,1,1,unassigned,8.0,7.0,1.0,0.875,0.125,0.125,0.0116054155,0.0014506769,0,0,0,1,1
43213,-1,1,0.054763615,0.5136875,1,1,unassigned,4.0,4.0,0.0,1.0,0.0,0.0,0.003868472,0.0,1,0,0,1,0
43214,0,0,-0.5628444,0.3628896,0,0,val,8.0,7.0,1.0,0.875,0.125,0.125,0.0116054155,0.0014506769,0,0,1,0,0
43215,-1,1,-0.42113099,0.39624617,0,1,unassigned,2.0,2.0,0.0,1.0,0.0,0.0,0.0,0.0,1,0,0,0,0
43216,-1,1,0.123858154,0.53092504,1,1,unassigned,8.0,8.0,0.0,1.0,0.0,0.0,0.0116054155,0.0,1,0,0,1,0
43217,0,0,0.065449774,0.51635665,1,1,val,2.0,2.0,0.0,1.0,0.0,0.0,0.0,0.0,0,0,0,1,0
43218,-1,0,0.43585545,0.607271,1,1,unassigned,2.0,2.0,0.0,1.0,0.0,0.0,0.0,0.0,0,0,0,1,0
43219,-1,0,-0.114163816,0.47149003,0,1,unassigned,5.0,5.0,0.0,1.0,0.0,0.0,0.0058027077,0.0,0,0,0,0,0
43220,-1,0,1.6741726,0.8421314,1,1,unassigned,6.0,6.0,0.0,1.0,0.0,0.0,0.007736944,0.0,0,0,0,1,0
43221,-1,1,4.8948064,0.9925702,1,1,unassigned,16.0,14.0,2.0,0.875,0.125,0.125,0.027079303,0.0033849129,1,0,0,1,1
43222,-1,1,0.5560052,0.63552773,1,1,unassigned,2.0,2.0,0.0,1.0,0.0,0.0,0.0,0.0,1,0,0,1,0
43223,-1,0,0.3021106,0.5749584,1,1,unassigned,3.0,1.0,2.0,0.33333334,0.6666667,0.6666666,0.001934236,0.0012894907,0,0,0,1,0
43224,-1,0,5.9400306,0.997375,1,1,unassigned,4.0,4.0,0.0,1.0,0.0,0.0,0.003868472,0.0,0,0,0,1,1
43225,-1,0,1.1371782,0.75716114,1,1,unassigned,4.0,4.0,0.0,1.0,0.0,0.0,0.003868472,0.0,0,0,0,1,0
43226,-1,1,-0.50152844,0.37718153,0,1,unassigned,9.0,7.0,2.0,0.7777778,0.22222222,0.22222221,0.013539651,0.0030088115,1,0,0,0,0
43227,-1,0,0.2706285,0.5672472,1,1,unassigned,9.0,9.0,0.0,1.0,0.0,0.0,0.013539651,0.0,0,0,0,1,0
43228,-1,0,-0.29705837,0.42627674,0,1,unassigned,37.0,37.0,0.0,1.0,0.0,0.0,0.06769826,0.0,0,0,0,0,0
43229,-1,0,1.6802199,0.8429337,1,1,unassigned,10.0,10.0,0.0,1.0,0.0,0.0,0.015473888,0.0,0,0,0,1,0
43230,-1,0,1.5806682,0.82929915,1,1,unassigned,2.0,1.0,1.0,0.5,0.5,0.5,0.0,0.0,0,0,0,1,0
43231,-1,0,1.7123048,0.847135,1,1,unassigned,4.0,3.0,1.0,0.75,0.25,0.25,0.003868472,0.000967118,0,0,0,1,0
43232,0,1,2.1646414,0.897029,1,1,unassigned,18.0,17.0,1.0,0.9444444,0.055555556,0.055555582,0.030947777,0.0017193209,1,0,0,1,0
43233,1,1,2.4288216,0.9189989,1,0,unassigned,2.0,2.0,0.0,1.0,0.0,0.0,0.0,0.0,1,0,1,1,1
43234,0,1,-0.40876523,0.39920822,0,0,val,14.0,14.0,0.0,1.0,0.0,0.0,0.023210831,0.0,1,0,1,0,0
43235,-1,0,1.6825693,0.8432445,1,1,unassigned,5.0,5.0,0.0,1.0,0.0,0.0,0.0058027077,0.0,0,0,0,1,0
43236,-1,0,-0.39830583,0.40171948,0,1,unassigned,19.0,19.0,0.0,1.0,0.0,0.0,0.032882012,0.0,0,0,0,0,0
43237,1,0,0.54839784,0.6337638,1,0,test,14.0,14.0,0.0,1.0,0.0,0.0,0.023210831,0.0,0,0,1,1,0
43238,1,0,-0.18073225,0.4549395,0,1,unassigned,38.0,38.0,0.0,1.0,0.0,0.0,0.06963249,0.0,0,0,0,0,0
43239,-1,0,-0.6741709,0.33756354,0,1,unassigned,15.0,15.0,0.0,1.0,0.0,0.0,0.025145067,0.0,0,0,0,0,0
43240,-1,1,0.06136173,0.5153356,1,1,unassigned,5.0,5.0,0.0,1.0,0.0,0.0,0.0058027077,0.0,1,0,0,1,0
43241,-1,1,0.048020184,0.51200277,1,1,unassigned,3.0,3.0,0.0,1.0,0.0,0.0,0.001934236,0.0,1,0,0,1,0
43242,-1,1,0.08873755,0.5221698,1,1,unassigned,3.0,3.0,0.0,1.0,0.0,0.0,0.001934236,0.0,1,0,0,1,0
43243,-1,1,0.46840984,0.6150073,1,1,unassigned,14.0,14.0,0.0,1.0,0.0,0.0,0.023210831,0.0,1,0,0,1,0
43244,-1,1,0.13871485,0.5346232,1,1,unassigned,4.0,4.0,0.0,1.0,0.0,0.0,0.003868472,0.0,1,0,0,1,0
43245,-1,1,0.2555682,0.56354654,1,1,unassigned,16.0,16.0,0.0,1.0,0.0,0.0,0.027079303,0.0,1,0,0,1,0
43246,-1,1,-0.10033482,0.47493732,0,1,unassigned,3.0,3.0,0.0,1.0,0.0,0.0,0.001934236,0.0,1,0,0,0,0
43247,-1,1,-0.53989273,0.36821255,0,1,unassigned,40.0,38.0,2.0,0.95,0.05,0.050000012,0.07350097,0.0036750485,1,0,0,0,0
43248,-1,1,-0.48981515,0.3799371,0,1,unassigned,9.0,9.0,0.0,1.0,0.0,0.0,0.013539651,0.0,1,0,0,0,0
43249,-1,1,6.1366343,0.99784243,1,1,unassigned,15.0,15.0,0.0,1.0,0.0,0.0,0.025145067,0.0,1,0,0,1,1
43250,-1,1,-0.3020844,0.425048,0,1,unassigned,2.0,2.0,0.0,1.0,0.0,0.0,0.0,0.0,1,0,0,0,0
43251,-1,1,3.953799,0.9811793,1,1,unassigned,8.0,8.0,0.0,1.0,0.0,0.0,0.0116054155,0.0,1,0,0,1,1
43252,-1,0,0.15900773,0.53966844,1,1,unassigned,10.0,10.0,0.0,1.0,0.0,0.0,0.015473888,0.0,0,0,0,1,0
43253,0,0,-0.6523326,0.3424641,0,0,test,9.0,6.0,3.0,0.6666667,0.33333334,0.3333333,0.013539651,0.004513217,0,0,1,0,0
43254,-1,1,-0.5059303,0.37614802,0,1,unassigned,13.0,13.0,0.0,1.0,0.0,0.0,0.021276595,0.0,1,0,0,0,0
43255,-1,1,2.0163958,0.8825078,1,1,unassigned,4.0,4.0,0.0,1.0,0.0,0.0,0.003868472,0.0,1,0,0,1,0
43256,-1,1,6.9868617,0.99907684,1,1,unassigned,6.0,6.0,0.0,1.0,0.0,0.0,0.007736944,0.0,1,0,0,1,1
43257,-1,1,-0.3628477,0.41027036,0,1,unassigned,2.0,2.0,0.0,1.0,0.0,0.0,0.0,0.0,1,0,0,0,0
43258,-1,0,0.41834873,0.603088,1,1,unassigned,2.0,1.0,1.0,0.5,0.5,0.5,0.0,0.0,0,0,0,1,0
43259,-1,0,6.636779,0.9986904,1,1,unassigned,5.0,5.0,0.0,1.0,0.0,0.0,0.0058027077,0.0,0,0,0,1,1
43260,1,1,3.969476,0.98146665,1,0,unassigned,4.0,4.0,0.0,1.0,0.0,0.0,0.003868472,0.0,1,0,1,1,1
43261,-1,0,2.7915447,0.94221723,1,1,unassigned,3.0,2.0,1.0,0.6666667,0.33333334,0.3333333,0.001934236,0.00064474536,0,0,0,1,1
43262,-1,0,3.255051,0.96285415,1,1,unassigned,3.0,3.0,0.0,1.0,0.0,0.0,0.001934236,0.0,0,0,0,1,1
43263,-1,1,0.1571638,0.53921026,1,1,unassigned,10.0,10.0,0.0,1.0,0.0,0.0,0.015473888,0.0,1,0,0,1,0
43264,-1,0,-0.024970055,0.49375784,0,1,unassigned,18.0,1.0,17.0,0.055555556,0.9444444,0.9444444,0.030947777,0.029228454,0,0,0,0,0
43265,-1,1,5.013457,0.9933961,1,1,unassigned,7.0,7.0,0.0,1.0,0.0,0.0,0.00967118,0.0,1,0,0,1,1
43266,-1,0,-0.046289086,0.4884298,0,1,unassigned,4.0,4.0,0.0,1.0,0.0,0.0,0.003868472,0.0,0,0,0,0,0
43267,-1,0,-0.5158288,0.37382814,0,1,unassigned,92.0,92.0,0.0,1.0,0.0,0.0,0.17408124,0.0,0,0,0,0,0
43268,-1,1,2.1617324,0.89676005,1,1,unassigned,13.0,11.0,2.0,0.84615386,0.15384616,0.15384614,0.021276595,0.0032733225,1,0,0,1,0
43269,-1,0,6.8995028,0.99899274,1,1,unassigned,8.0,5.0,3.0,0.625,0.375,0.375,0.0116054155,0.004352031,0,0,0,1,1
43270,-1,0,-0.07175475,0.482069,0,1,unassigned,3.0,3.0,0.0,1.0,0.0,0.0,0.001934236,0.0,0,0,0,0,0
43271,-1,1,-0.29845902,0.42593426,0,1,unassigned,2.0,2.0,0.0,1.0,0.0,0.0,0.0,0.0,1,0,0,0,0
43272,-1,0,3.7707427,0.97748375,1,1,unassigned,2.0,1.0,1.0,0.5,0.5,0.5,0.0,0.0,0,0,0,1,1
43273,-1,1,0.0022946,0.50057364,1,1,unassigned,4.0,4.0,0.0,1.0,0.0,0.0,0.003868472,0.0,1,0,0,1,0
43274,-1,1,2.8680809,0.9462458,1,1,unassigned,5.0,5.0,0.0,1.0,0.0,0.0,0.0058027077,0.0,1,0,0,1,1
43275,-1,0,-0.456712,0.38776612,0,1,unassigned,22.0,20.0,2.0,0.90909094,0.09090909,0.090909064,0.03868472,0.0035167928,0,0,0,0,0
43276,-1,0,1.5755959,0.82857984,1,1,unassigned,8.0,7.0,1.0,0.875,0.125,0.125,0.0116054155,0.0014506769,0,0,0,1,0
43277,-1,0,2.5711882,0.92898417,1,1,unassigned,6.0,4.0,2.0,0.6666667,0.33333334,0.3333333,0.007736944,0.0025789815,0,0,0,1,1
43278,-1,0,4.6168633,0.990213,1,1,unassigned,2.0,2.0,0.0,1.0,0.0,0.0,0.0,0.0,0,0,0,1,1
43279,-1,1,2.4587379,0.921198,1,1,unassigned,4.0,4.0,0.0,1.0,0.0,0.0,0.003868472,0.0,1,0,0,1,1
43280,-1,1,2.645686,0.93374455,1,1,unassigned,8.0,8.0,0.0,1.0,0.0,0.0,0.0116054155,0.0,1,0,0,1,1
43281,-1,1,2.2390716,0.9037037,1,1,unassigned,8.0,6.0,2.0,0.75,0.25,0.25,0.0116054155,0.0029013539,1,0,0,1,1
43282,-1,1,-0.09015429,0.47747666,0,1,unassigned,4.0,4.0,0.0,1.0,0.0,0.0,0.003868472,0.0,1,0,0,0,0
43283,1,1,-0.52638465,0.37136048,0,1,unassigned,7.0,7.0,0.0,1.0,0.0,0.0,0.00967118,0.0,1,0,0,0,0
43284,-1,1,6.095247,0.99775153,1,1,unassigned,5.0,5.0,0.0,1.0,0.0,0.0,0.0058027077,0.0,1,0,0,1,1
43285,-1,1,0.7761231,0.68484396,1,1,unassigned,11.0,11.0,0.0,1.0,0.0,0.0,0.017408123,0.0,1,0,0,1,0
43286,-1,1,5.0803227,0.9938205,1,1,unassigned,5.0,5.0,0.0,1.0,0.0,0.0,0.0058027077,0.0,1,0,0,1,1
43287,-1,0,-0.78250384,0.31378052,0,1,unassigned,4.0,4.0,0.0,1.0,0.0,0.0,0.003868472,0.0,0,0,0,0,0
43288,-1,0,1.5584226,0.8261269,1,1,unassigned,4.0,4.0,0.0,1.0,0.0,0.0,0.003868472,0.0,0,0,0,1,0
43289,-1,1,1.7812455,0.8558505,1,1,unassigned,9.0,8.0,1.0,0.8888889,0.11111111,0.111111104,0.013539651,0.0015044058,1,0,0,1,0
43290,-1,1,0.48134476,0.61806536,1,1,unassigned,15.0,14.0,1.0,0.93333334,0.06666667,0.06666666,0.025145067,0.0016763379,1,0,0,1,0
43291,-1,0,5.0801883,0.99381965,1,1,unassigned,11.0,10.0,1.0,0.90909094,0.09090909,0.090909064,0.017408123,0.0015825568,0,0,0,1,1
43292,-1,0,-0.9661937,0.27563983,0,1,unassigned,4.0,2.0,2.0,0.5,0.5,0.5,0.003868472,0.001934236,0,0,0,0,0
43293,-1,0,10.432752,0.99997056,1,1,unassigned,2.0,2.0,0.0,1.0,0.0,0.0,0.0,0.0,0,0,0,1,1
43294,1,0,-0.39839455,0.4016981,0,1,test,49.0,49.0,0.0,1.0,0.0,0.0,0.09090909,0.0,0,0,0,0,0
43295,-1,0,-0.4275822,0.39470384,0,1,unassigned,56.0,55.0,1.0,0.98214287,0.017857144,0.017857134,0.10444874,0.0018651562,0,0,0,0,0
43296,-1,0,-0.23982474,0.44032955,0,1,unassigned,8.0,8.0,0.0,1.0,0.0,0.0,0.0116054155,0.0,0,0,0,0,0
43297,-1,0,-0.09415251,0.47647926,0,1,unassigned,6.0,6.0,0.0,1.0,0.0,0.0,0.007736944,0.0,0,0,0,0,0
43298,-1,0,0.81372195,0.6929021,1,1,unassigned,22.0,22.0,0.0,1.0,0.0,0.0,0.03868472,0.0,0,0,0,1,0
43299,0,1,-0.45182046,0.38892803,0,0,unassigned,5.0,5.0,0.0,1.0,0.0,0.0,0.0058027077,0.0,1,0,1,0,0
43300,-1,1,-0.003135264,0.49921617,0,1,unassigned,2.0,2.0,0.0,1.0,0.0,0.0,0.0,0.0,1,0,0,0,0
43301,-1,0,0.7390575,0.6767897,1,1,unassigned,5.0,5.0,0.0,1.0,0.0,0.0,0.0058027077,0.0,0,0,0,1,0
43302,-1,0,5.3271756,0.9951657,1,1,unassigned,18.0,14.0,4.0,0.7777778,0.22222222,0.22222221,0.030947777,0.0068772836,0,0,0,1,1
43303,-1,0,0.29013145,0.57202834,1,1,unassigned,5.0,5.0,0.0,1.0,0.0,0.0,0.0058027077,0.0,0,0,0,1,0
43304,-1,0,-0.43199453,0.39365017,0,1,unassigned,39.0,39.0,0.0,1.0,0.0,0.0,0.07156673,0.0,0,0,0,0,0
43305,-1,0,3.7541053,0.9771146,1,1,unassigned,2.0,2.0,0.0,1.0,0.0,0.0,0.0,0.0,0,0,0,1,1
43306,-1,0,0.48149854,0.61810166,1,1,unassigned,5.0,5.0,0.0,1.0,0.0,0.0,0.0058027077,0.0,0,0,0,1,0
43307,-1,1,14.75535,0.99999964,1,1,unassigned,2.0,2.0,0.0,1.0,0.0,0.0,0.0,0.0,1,0,0,1,1
43308,-1,0,3.2365394,0.96218646,1,1,unassigned,14.0,12.0,2.0,0.85714287,0.14285715,0.14285713,0.023210831,0.0033158332,0,0,0,1,1
43309,1,1,0.22100753,0.5550281,1,0,test,11.0,11.0,0.0,1.0,0.0,0.0,0.017408123,0.0,1,0,1,1,0
43310,-1,0,1.178808,0.76473343,1,1,unassigned,9.0,9.0,0.0,1.0,0.0,0.0,0.013539651,0.0,0,0,0,1,0
43311,-1,0,4.3498263,0.98725545,1,1,unassigned,10.0,10.0,0.0,1.0,0.0,0.0,0.015473888,0.0,0,0,0,1,1
43312,-1,0,4.5978365,0.99002683,1,1,unassigned,9.0,8.0,1.0,0.8888889,0.11111111,0.111111104,0.013539651,0.0015044058,0,0,0,1,1
43313,-1,0,5.0620255,0.9937071,1,1,unassigned,5.0,5.0,0.0,1.0,0.0,0.0,0.0058027077,0.0,0,0,0,1,1
43314,-1,0,-0.6721023,0.3380263,0,1,unassigned,18.0,16.0,2.0,0.8888889,0.11111111,0.111111104,0.030947777,0.0034386418,0,0,0,0,0
43315,-1,0,1.4897902,0.8160467,1,1,unassigned,2.0,2.0,0.0,1.0,0.0,0.0,0.0,0.0,0,0,0,1,0
43316,-1,1,3.8117507,0.9783689,1,1,unassigned,3.0,3.0,0.0,1.0,0.0,0.0,0.001934236,0.0,1,0,0,1,1
43317,-1,0,3.3774416,0.9669921,1,1,unassigned,2.0,2.0,0.0,1.0,0.0,0.0,0.0,0.0,0,0,0,1,1
43318,-1,0,-0.5817688,0.3585257,0,1,unassigned,15.0,15.0,0.0,1.0,0.0,0.0,0.025145067,0.0,0,0,0,0,0
43319,-1,0,1.526552,0.82150126,1,1,unassigned,24.0,22.0,2.0,0.9166667,0.083333336,0.08333331,0.04255319,0.0035460992,0,0,0,1,0
43320,-1,0,-0.4009591,0.40108195,0,1,unassigned,13.0,13.0,0.0,1.0,0.0,0.0,0.021276595,0.0,0,0,0,0,0
43321,-1,0,6.758945,0.99884087,1,1,unassigned,16.0,13.0,3.0,0.8125,0.1875,0.1875,0.027079303,0.0050773695,0,0,0,1,1
43322,-1,0,1.1542935,0.76029426,1,1,unassigned,2.0,2.0,0.0,1.0,0.0,0.0,0.0,0.0,0,0,0,1,0
43323,-1,0,0.8448177,0.6994789,1,1,unassigned,2.0,2.0,0.0,1.0,0.0,0.0,0.0,0.0,0,0,0,1,0
43324,0,1,0.09088987,0.5227068,1,1,unassigned,14.0,14.0,0.0,1.0,0.0,0.0,0.023210831,0.0,1,0,0,1,0
43325,0,1,0.60318786,0.6463853,1,1,test,22.0,19.0,3.0,0.8636364,0.13636364,0.13636363,0.03868472,0.005275189,1,0,0,1,0
43326,-1,1,2.173909,0.8978819,1,1,unassigned,3.0,3.0,0.0,1.0,0.0,0.0,0.001934236,0.0,1,0,0,1,0
43327,-1,0,-0.29408163,0.4270049,0,1,unassigned,2.0,2.0,0.0,1.0,0.0,0.0,0.0,0.0,0,0,0,0,0
43328,-1,0,1.5995471,0.8319551,1,1,unassigned,3.0,3.0,0.0,1.0,0.0,0.0,0.001934236,0.0,0,0,0,1,0
43329,-1,0,0.40185797,0.59913397,1,1,unassigned,3.0,3.0,0.0,1.0,0.0,0.0,0.001934236,0.0,0,0,0,1,0
43330,-1,0,1.2506726,0.7774163,1,1,unassigned,6.0,5.0,1.0,0.8333333,0.16666667,0.16666669,0.007736944,0.0012894907,0,0,0,1,0
43331,1,0,4.5623975,0.9896708,1,0,val,3.0,3.0,0.0,1.0,0.0,0.0,0.001934236,0.0,0,0,1,1,1
43332,-1,1,0.8201024,0.6942581,1,1,unassigned,7.0,7.0,0.0,1.0,0.0,0.0,0.00967118,0.0,1,0,0,1,0
43333,-1,1,-0.43176597,0.3937047,0,1,unassigned,15.0,15.0,0.0,1.0,0.0,0.0,0.025145067,0.0,1,0,0,0,0
43334,-1,1,-0.018773496,0.49530673,0,1,unassigned,3.0,3.0,0.0,1.0,0.0,0.0,0.001934236,0.0,1,0,0,0,0
43335,-1,1,3.7219255,0.97638386,1,1,unassigned,3.0,3.0,0.0,1.0,0.0,0.0,0.001934236,0.0,1,0,0,1,1
43336,-1,0,3.5009577,0.9707149,1,1,unassigned,20.0,19.0,1.0,0.95,0.05,0.050000012,0.034816246,0.0017408123,0,0,0,1,1
43337,1,0,-0.82528317,0.30464333,0,1,unassigned,7.0,7.0,0.0,1.0,0.0,0.0,0.00967118,0.0,0,0,0,0,0
43338,-1,0,1.6201415,0.8348146,1,1,unassigned,2.0,1.0,1.0,0.5,0.5,0.5,0.0,0.0,0,0,0,1,0
43339,-1,0,0.18022168,0.54493386,1,1,unassigned,14.0,14.0,0.0,1.0,0.0,0.0,0.023210831,0.0,0,0,0,1,0
43340,-1,0,0.55372506,0.6349994,1,1,unassigned,4.0,4.0,0.0,1.0,0.0,0.0,0.003868472,0.0,0,0,0,1,0
43341,1,0,3.482723,0.97019213,1,0,unassigned,2.0,2.0,0.0,1.0,0.0,0.0,0.0,0.0,0,0,1,1,1
43342,-1,0,-0.7662218,0.31729695,0,1,unassigned,19.0,17.0,2.0,0.8947368,0.10526316,0.10526317,0.032882012,0.0034612645,0,0,0,0,0
43343,1,1,-0.87874347,0.29343823,0,1,unassigned,133.0,133.0,0.0,1.0,0.0,0.0,0.25338492,0.0,1,0,0,0,0
43344,-1,0,0.7637988,0.6821779,1,1,unassigned,5.0,5.0,0.0,1.0,0.0,0.0,0.0058027077,0.0,0,0,0,1,0
43345,-1,0,-0.15562415,0.4611723,0,1,unassigned,7.0,7.0,0.0,1.0,0.0,0.0,0.00967118,0.0,0,0,0,0,0
43346,-1,0,0.06478351,0.51619023,1,1,unassigned,5.0,4.0,1.0,0.8,0.2,0.19999999,0.0058027077,0.0011605415,0,0,0,1,0
43347,-1,0,-0.5294187,0.37065247,0,1,unassigned,3.0,3.0,0.0,1.0,0.0,0.0,0.001934236,0.0,0,0,0,0,0
43348,-1,0,1.7105758,0.84691095,1,1,unassigned,2.0,1.0,1.0,0.5,0.5,0.5,0.0,0.0,0,0,0,1,0
43349,-1,0,0.08962649,0.5223916,1,1,unassigned,16.0,13.0,3.0,0.8125,0.1875,0.1875,0.027079303,0.0050773695,0,0,0,1,0
43350,-1,1,2.6600044,0.9346249,1,1,unassigned,22.0,18.0,4.0,0.8181818,0.18181819,0.18181819,0.03868472,0.0070335856,1,0,0,1,1
43351,1,1,0.81472033,0.69311446,1,0,unassigned,9.0,9.0,0.0,1.0,0.0,0.0,0.013539651,0.0,1,0,1,1,0
43352,-1,0,4.603701,0.99008465,1,1,unassigned,2.0,2.0,0.0,1.0,0.0,0.0,0.0,0.0,0,0,0,1,1
43353,1,1,2.3863127,0.9157776,1,0,unassigned,8.0,8.0,0.0,1.0,0.0,0.0,0.0116054155,0.0,1,0,1,1,1
43354,-1,0,-0.19228816,0.45207554,0,1,unassigned,2.0,2.0,0.0,1.0,0.0,0.0,0.0,0.0,0,0,0,0,0
43355,-1,0,-0.28202587,0.42995718,0,1,unassigned,31.0,30.0,1.0,0.9677419,0.032258064,0.032258093,0.056092843,0.0018094465,0,0,0,0,0
43356,-1,0,3.72491,0.9764525,1,1,unassigned,10.0,9.0,1.0,0.9,0.1,0.100000024,0.015473888,0.0015473888,0,0,0,1,1
43357,-1,0,1.0705512,0.74470174,1,1,unassigned,10.0,10.0,0.0,1.0,0.0,0.0,0.015473888,0.0,0,0,0,1,0
43358,-1,0,-0.5922983,0.35610768,0,1,unassigned,21.0,21.0,0.0,1.0,0.0,0.0,0.036750484,0.0,0,0,0,0,0
43359,-1,0,-0.30560145,0.4241888,0,1,unassigned,9.0,9.0,0.0,1.0,0.0,0.0,0.013539651,0.0,0,0,0,0,0
43360,-1,1,0.37946123,0.59374315,1,1,unassigned,6.0,5.0,1.0,0.8333333,0.16666667,0.16666669,0.007736944,0.0012894907,1,0,0,1,0
43361,-1,0,-0.5151109,0.37399614,0,1,unassigned,13.0,13.0,0.0,1.0,0.0,0.0,0.021276595,0.0,0,0,0,0,0
43362,-1,0,-0.73367393,0.324389,0,1,unassigned,6.0,6.0,0.0,1.0,0.0,0.0,0.007736944,0.0,0,0,0,0,0
43363,-1,0,-0.1442903,0.46398985,0,1,unassigned,6.0,6.0,0.0,1.0,0.0,0.0,0.007736944,0.0,0,0,0,0,0
43364,-1,0,-0.25795162,0.4358673,0,1,unassigned,9.0,9.0,0.0,1.0,0.0,0.0,0.013539651,0.0,0,0,0,0,0
43365,-1,1,1.9982386,0.880612,1,1,unassigned,2.0,2.0,0.0,1.0,0.0,0.0,0.0,0.0,1,0,0,1,0
43366,-1,1,4.608879,0.99013525,1,1,unassigned,6.0,5.0,1.0,0.8333333,0.16666667,0.16666669,0.007736944,0.0012894907,1,0,0,1,1
43367,-1,0,-0.118129104,0.470502,0,1,unassigned,14.0,14.0,0.0,1.0,0.0,0.0,0.023210831,0.0,0,0,0,0,0
43368,-1,0,6.8528233,0.9989447,1,1,unassigned,2.0,2.0,0.0,1.0,0.0,0.0,0.0,0.0,0,0,0,1,1
43369,-1,1,2.97026,0.9512123,1,1,unassigned,5.0,5.0,0.0,1.0,0.0,0.0,0.0058027077,0.0,1,0,0,1,1
43370,-1,0,-0.44237635,0.3911749,0,1,unassigned,3.0,3.0,0.0,1.0,0.0,0.0,0.001934236,0.0,0,0,0,0,0
43371,0,0,0.26312357,0.56540394,1,1,test,2.0,2.0,0.0,1.0,0.0,0.0,0.0,0.0,0,0,0,1,0
43372,-1,1,5.7209315,0.996734,1,1,unassigned,2.0,2.0,0.0,1.0,0.0,0.0,0.0,0.0,1,0,0,1,1
43373,-1,0,2.016504,0.882519,1,1,unassigned,3.0,3.0,0.0,1.0,0.0,0.0,0.001934236,0.0,0,0,0,1,0
43374,-1,1,4.0582137,0.98301363,1,1,unassigned,14.0,13.0,1.0,0.9285714,0.071428575,0.0714286,0.023210831,0.0016579166,1,0,0,1,1
43375,-1,0,7.4811034,0.9994367,1,1,unassigned,94.0,94.0,0.0,1.0,0.0,0.0,0.17794971,0.0,0,0,0,1,1
43376,-1,0,1.6614563,0.8404334,1,1,unassigned,12.0,11.0,1.0,0.9166667,0.083333336,0.08333331,0.01934236,0.0016118633,0,0,0,1,0
43377,-1,0,3.443683,0.96904224,1,1,unassigned,6.0,6.0,0.0,1.0,0.0,0.0,0.007736944,0.0,0,0,0,1,1
43378,0,1,1.7788131,0.8555503,1,1,unassigned,5.0,5.0,0.0,1.0,0.0,0.0,0.0058027077,0.0,1,0,0,1,0
43379,-1,0,3.7338164,0.9766565,1,1,unassigned,3.0,3.0,0.0,1.0,0.0,0.0,0.001934236,0.0,0,0,0,1,1
43380,-1,1,10.707589,0.9999776,1,1,unassigned,2.0,2.0,0.0,1.0,0.0,0.0,0.0,0.0,1,0,0,1,1
43381,-1,1,-0.2974366,0.42618424,0,1,unassigned,71.0,68.0,3.0,0.9577465,0.04225352,0.042253494,0.13346228,0.0056392513,1,0,0,0,0
43382,-1,0,1.0785606,0.7462215,1,1,unassigned,3.0,3.0,0.0,1.0,0.0,0.0,0.001934236,0.0,0,0,0,1,0
43383,-1,0,4.321448,0.9868934,1,1,unassigned,3.0,3.0,0.0,1.0,0.0,0.0,0.001934236,0.0,0,0,0,1,1
43384,1,0,0.5816683,0.64145124,1,0,unassigned,30.0,30.0,0.0,1.0,0.0,0.0,0.054158606,0.0,0,0,1,1,0
43385,-1,1,-0.8805912,0.29305527,0,1,unassigned,53.0,52.0,1.0,0.9811321,0.018867925,0.01886791,0.09864604,0.0018612461,1,0,0,0,0
43386,-1,0,5.675923,0.9965842,1,1,unassigned,5.0,5.0,0.0,1.0,0.0,0.0,0.0058027077,0.0,0,0,0,1,1
43387,-1,1,-0.8529762,0.2988089,0,1,unassigned,17.0,17.0,0.0,1.0,0.0,0.0,0.029013539,0.0,1,0,0,0,0
43388,1,1,2.079143,0.8888594,1,0,unassigned,22.0,18.0,4.0,0.8181818,0.18181819,0.18181819,0.03868472,0.0070335856,1,0,1,1,0
43389,-1,1,1.1935122,0.7673686,1,1,unassigned,19.0,19.0,0.0,1.0,0.0,0.0,0.032882012,0.0,1,0,0,1,0
43390,1,1,-0.77500796,0.3153968,0,1,unassigned,3.0,3.0,0.0,1.0,0.0,0.0,0.001934236,0.0,1,0,0,0,0
43391,-1,0,9.155046,0.99989426,1,1,unassigned,2.0,2.0,0.0,1.0,0.0,0.0,0.0,0.0,0,0,0,1,1
43392,-1,0,6.64626,0.99870276,1,1,unassigned,2.0,2.0,0.0,1.0,0.0,0.0,0.0,0.0,0,0,0,1,1
43393,-1,0,2.0386422,0.88479495,1,1,unassigned,2.0,2.0,0.0,1.0,0.0,0.0,0.0,0.0,0,0,0,1,0
43394,-1,0,24.275608,1.0,1,1,unassigned,93.0,93.0,0.0,1.0,0.0,0.0,0.17601547,0.0,0,0,0,1,1
43395,-1,0,1.2076485,0.7698826,1,1,unassigned,3.0,3.0,0.0,1.0,0.0,0.0,0.001934236,0.0,0,0,0,1,0
43396,-1,1,5.234152,0.99469686,1,1,unassigned,26.0,19.0,7.0,0.7307692,0.26923078,0.26923078,0.046421662,0.01249814,1,0,0,1,1
43397,-1,0,6.9215074,0.9990146,1,1,unassigned,8.0,7.0,1.0,0.875,0.125,0.125,0.0116054155,0.0014506769,0,0,0,1,1
43398,-1,0,2.1764505,0.89811474,1,1,unassigned,3.0,3.0,0.0,1.0,0.0,0.0,0.001934236,0.0,0,0,0,1,0
43399,-1,1,-0.46820173,0.38504195,0,1,unassigned,11.0,11.0,0.0,1.0,0.0,0.0,0.017408123,0.0,1,0,0,0,0
43400,-1,1,3.4155526,0.9681871,1,1,unassigned,4.0,4.0,0.0,1.0,0.0,0.0,0.003868472,0.0,1,0,0,1,1
43401,-1,1,3.160593,0.95932406,1,1,unassigned,2.0,2.0,0.0,1.0,0.0,0.0,0.0,0.0,1,0,0,1,1
43402,-1,0,5.556211,0.9961515,1,1,unassigned,2.0,2.0,0.0,1.0,0.0,0.0,0.0,0.0,0,0,0,1,1
43403,-1,0,3.05882,0.95516175,1,1,unassigned,5.0,4.0,1.0,0.8,0.2,0.19999999,0.0058027077,0.0011605415,0,0,0,1,1
43404,0,0,-0.7123582,0.32907796,0,0,unassigned,5.0,5.0,0.0,1.0,0.0,0.0,0.0058027077,0.0,0,0,1,0,0
43405,0,0,-0.31260058,0.4224801,0,0,unassigned,15.0,15.0,0.0,1.0,0.0,0.0,0.025145067,0.0,0,0,1,0,0
43406,-1,0,-0.84305966,0.30089077,0,1,unassigned,75.0,68.0,7.0,0.9066667,0.093333334,0.093333304,0.14119923,0.013178595,0,0,0,0,0
43407,-1,0,-0.8301554,0.3036122,0,1,unassigned,67.0,52.0,15.0,0.7761194,0.2238806,0.22388059,0.12572534,0.028147466,0,0,0,0,0
43408,-1,0,0.1327154,0.5331302,1,1,unassigned,2.0,2.0,0.0,1.0,0.0,0.0,0.0,0.0,0,0,0,1,0
43409,-1,0,2.1126168,0.8921234,1,1,unassigned,25.0,25.0,0.0,1.0,0.0,0.0,0.044487428,0.0,0,0,0,1,0
43410,-1,0,-0.07403737,0.4814991,0,1,unassigned,5.0,5.0,0.0,1.0,0.0,0.0,0.0058027077,0.0,0,0,0,0,0
43411,-1,0,-0.10848427,0.47290552,0,1,unassigned,15.0,15.0,0.0,1.0,0.0,0.0,0.025145067,0.0,0,0,0,0,0
43412,-1,0,1.679591,0.8428503,1,1,unassigned,14.0,14.0,0.0,1.0,0.0,0.0,0.023210831,0.0,0,0,0,1,0
43413,1,0,2.401353,0.91693044,1,0,val,35.0,32.0,3.0,0.9142857,0.08571429,0.08571428,0.06382979,0.005471125,0,0,1,1,1
43414,1,0,2.5478783,0.9274308,1,0,train,50.0,50.0,0.0,1.0,0.0,0.0,0.092843324,0.0,0,0,1,1,1
43415,-1,0,2.518407,0.9254222,1,1,unassigned,6.0,6.0,0.0,1.0,0.0,0.0,0.007736944,0.0,0,0,0,1,1
43416,-1,1,3.4431317,0.9690257,1,1,unassigned,40.0,39.0,1.0,0.975,0.025,0.024999976,0.07350097,0.0018375242,1,0,0,1,1
43417,-1,0,3.7277257,0.9765172,1,1,unassigned,7.0,7.0,0.0,1.0,0.0,0.0,0.00967118,0.0,0,0,0,1,1
43418,1,1,3.0684006,0.95557034,1,0,unassigned,4.0,4.0,0.0,1.0,0.0,0.0,0.003868472,0.0,1,0,1,1,1
43419,-1,1,4.0010557,0.98203236,1,1,unassigned,7.0,7.0,0.0,1.0,0.0,0.0,0.00967118,0.0,1,0,0,1,1
43420,-1,1,4.5970426,0.99001896,1,1,unassigned,70.0,55.0,15.0,0.78571427,0.21428572,0.21428573,0.13152805,0.028184582,1,0,0,1,1
43421,0,0,-0.68175316,0.33587015,0,0,test,11.0,11.0,0.0,1.0,0.0,0.0,0.017408123,0.0,0,0,1,0,0
43422,-1,1,6.6081605,0.9986525,1,1,unassigned,3.0,3.0,0.0,1.0,0.0,0.0,0.001934236,0.0,1,0,0,1,1
43423,-1,1,-0.75059927,0.32069075,0,1,unassigned,22.0,22.0,0.0,1.0,0.0,0.0,0.03868472,0.0,1,0,0,0,0
43424,-1,1,4.83766,0.9921367,1,1,unassigned,28.0,20.0,8.0,0.71428573,0.2857143,0.28571427,0.050290134,0.01436861,1,0,0,1,1
43425,-1,0,-0.2563795,0.43625394,0,1,unassigned,32.0,32.0,0.0,1.0,0.0,0.0,0.058027077,0.0,0,0,0,0,0
43426,-1,0,0.8772041,0.7062425,1,1,unassigned,22.0,22.0,0.0,1.0,0.0,0.0,0.03868472,0.0,0,0,0,1,0
43427,-1,0,0.9863923,0.7283747,1,1,unassigned,5.0,5.0,0.0,1.0,0.0,0.0,0.0058027077,0.0,0,0,0,1,0
43428,-1,0,2.3799112,0.9152826,1,1,unassigned,3.0,3.0,0.0,1.0,0.0,0.0,0.001934236,0.0,0,0,0,1,1
43429,-1,1,5.4978395,0.99592113,1,1,unassigned,21.0,18.0,3.0,0.85714287,0.14285715,0.14285713,0.036750484,0.0052500693,1,0,0,1,1
43430,1,1,6.089805,0.9977393,1,0,test,7.0,7.0,0.0,1.0,0.0,0.0,0.00967118,0.0,1,0,1,1,1
43431,-1,1,1.067874,0.74419236,1,1,unassigned,2.0,2.0,0.0,1.0,0.0,0.0,0.0,0.0,1,0,0,1,0
43432,-1,1,2.312219,0.909884,1,1,unassigned,3.0,2.0,1.0,0.6666667,0.33333334,0.3333333,0.001934236,0.00064474536,1,0,0,1,1
43433,-1,0,-0.79442304,0.31121972,0,1,unassigned,20.0,20.0,0.0,1.0,0.0,0.0,0.034816246,0.0,0,0,0,0,0
43434,-1,1,0.39714497,0.5980015,1,1,unassigned,3.0,3.0,0.0,1.0,0.0,0.0,0.001934236,0.0,1,0,0,1,0
43435,-1,1,2.9204607,0.94884866,1,1,unassigned,4.0,4.0,0.0,1.0,0.0,0.0,0.003868472,0.0,1,0,0,1,1
43436,-1,0,-0.2351434,0.44148353,0,1,unassigned,2.0,1.0,1.0,0.5,0.5,0.5,0.0,0.0,0,0,0,0,0
43437,-1,1,6.5434775,0.99856263,1,1,unassigned,8.0,7.0,1.0,0.875,0.125,0.125,0.0116054155,0.0014506769,1,0,0,1,1
43438,-1,0,0.502691,0.6230916,1,1,unassigned,20.0,20.0,0.0,1.0,0.0,0.0,0.034816246,0.0,0,0,0,1,0
43439,-1,1,1.6661408,0.8410606,1,1,unassigned,4.0,4.0,0.0,1.0,0.0,0.0,0.003868472,0.0,1,0,0,1,0
43440,1,1,1.2489667,0.77712095,1,0,val,4.0,4.0,0.0,1.0,0.0,0.0,0.003868472,0.0,1,0,1,1,0
43441,-1,0,15.233208,0.99999976,1,1,unassigned,6.0,5.0,1.0,0.8333333,0.16666667,0.16666669,0.007736944,0.0012894907,0,0,0,1,1
43442,-1,0,-0.43780726,0.39226356,0,1,unassigned,56.0,55.0,1.0,0.98214287,0.017857144,0.017857134,0.10444874,0.0018651562,0,0,0,0,0
43443,-1,1,-0.6007056,0.35418227,0,1,unassigned,2.0,2.0,0.0,1.0,0.0,0.0,0.0,0.0,1,0,0,0,0
43444,1,0,-0.24839729,0.43821803,0,1,test,2.0,2.0,0.0,1.0,0.0,0.0,0.0,0.0,0,0,0,0,0
43445,-1,1,0.4169618,0.60275596,1,1,unassigned,22.0,20.0,2.0,0.90909094,0.09090909,0.090909064,0.03868472,0.0035167928,1,0,0,1,0
43446,-1,1,-0.7438615,0.32216033,0,1,unassigned,21.0,20.0,1.0,0.95238096,0.04761905,0.047619045,0.036750484,0.0017500231,1,0,0,0,0
43447,-1,0,-0.2318719,0.44229037,0,1,unassigned,2.0,2.0,0.0,1.0,0.0,0.0,0.0,0.0,0,0,0,0,0
43448,-1,0,18.345356,1.0,1,1,unassigned,2.0,2.0,0.0,1.0,0.0,0.0,0.0,0.0,0,0,0,1,1
43449,-1,1,12.646933,0.9999968,1,1,unassigned,8.0,8.0,0.0,1.0,0.0,0.0,0.0116054155,0.0,1,0,0,1,1
43450,-1,1,4.110141,0.98385936,1,1,unassigned,4.0,4.0,0.0,1.0,0.0,0.0,0.003868472,0.0,1,0,0,1,1
43451,-1,1,1.6555445,0.83963895,1,1,unassigned,3.0,3.0,0.0,1.0,0.0,0.0,0.001934236,0.0,1,0,0,1,0
43452,-1,1,0.1123122,0.5280486,1,1,unassigned,9.0,9.0,0.0,1.0,0.0,0.0,0.013539651,0.0,1,0,0,1,0
43453,1,1,0.757749,0.6808648,1,0,unassigned,12.0,9.0,3.0,0.75,0.25,0.25,0.01934236,0.00483559,1,0,1,1,0
43454,-1,1,1.2076216,0.76987785,1,1,unassigned,8.0,8.0,0.0,1.0,0.0,0.0,0.0116054155,0.0,1,0,0,1,0
43455,0,0,-0.8304501,0.3035499,0,0,unassigned,34.0,29.0,5.0,0.85294116,0.14705883,0.14705884,0.061895553,0.009102288,0,0,1,0,0
43456,-1,0,0.35487437,0.58779913,1,1,unassigned,15.0,14.0,1.0,0.93333334,0.06666667,0.06666666,0.025145067,0.0016763379,0,0,0,1,0
43457,-1,0,1.0605502,0.7427957,1,1,unassigned,15.0,15.0,0.0,1.0,0.0,0.0,0.025145067,0.0,0,0,0,1,0
43458,-1,0,-0.43056765,0.3939908,0,1,unassigned,2.0,2.0,0.0,1.0,0.0,0.0,0.0,0.0,0,0,0,0,0
43459,-1,1,5.6357665,0.99644476,1,1,unassigned,5.0,4.0,1.0,0.8,0.2,0.19999999,0.0058027077,0.0011605415,1,0,0,1,1
43460,-1,0,1.1997969,0.7684886,1,1,unassigned,4.0,3.0,1.0,0.75,0.25,0.25,0.003868472,0.000967118,0,0,0,1,0
43461,-1,1,-0.3889004,0.40398204,0,1,unassigned,14.0,14.0,0.0,1.0,0.0,0.0,0.023210831,0.0,1,0,0,0,0
43462,-1,0,4.37046,0.9875125,1,1,unassigned,5.0,3.0,2.0,0.6,0.4,0.39999998,0.0058027077,0.002321083,0,0,0,1,1
43463,1,1,3.586799,0.97305906,1,0,val,8.0,8.0,0.0,1.0,0.0,0.0,0.0116054155,0.0,1,0,1,1,1
43464,-1,0,1.5830486,0.82963586,1,1,unassigned,6.0,6.0,0.0,1.0,0.0,0.0,0.007736944,0.0,0,0,0,1,0
43465,-1,0,2.492952,0.9236463,1,1,unassigned,3.0,1.0,2.0,0.33333334,0.6666667,0.6666666,0.001934236,0.0012894907,0,0,0,1,1
43466,-1,0,-0.04639548,0.4884032,0,1,unassigned,12.0,11.0,1.0,0.9166667,0.083333336,0.08333331,0.01934236,0.0016118633,0,0,0,0,0
43467,-1,1,5.6934094,0.9966432,1,1,unassigned,4.0,4.0,0.0,1.0,0.0,0.0,0.003868472,0.0,1,0,0,1,1
43468,-1,0,-0.4874019,0.3805058,0,1,unassigned,11.0,11.0,0.0,1.0,0.0,0.0,0.017408123,0.0,0,0,0,0,0
43469,-1,0,-0.72342086,0.32664013,0,1,unassigned,22.0,22.0,0.0,1.0,0.0,0.0,0.03868472,0.0,0,0,0,0,0
43470,-1,0,0.1343897,0.533547,1,1,unassigned,8.0,7.0,1.0,0.875,0.125,0.125,0.0116054155,0.0014506769,0,0,0,1,0
43471,-1,0,2.0339324,0.884314,1,1,unassigned,2.0,2.0,0.0,1.0,0.0,0.0,0.0,0.0,0,0,0,1,0
43472,-1,1,2.2485926,0.9045291,1,1,unassigned,42.0,36.0,6.0,0.85714287,0.14285715,0.14285713,0.07736944,0.011052777,1,0,0,1,1
43473,1,1,0.10249406,0.5256011,1,0,val,17.0,16.0,1.0,0.9411765,0.05882353,0.058823526,0.029013539,0.0017066788,1,0,1,1,0
43474,-1,0,-0.48497388,0.3810783,0,1,unassigned,4.0,1.0,3.0,0.25,0.75,0.75,0.003868472,0.002901354,0,0,0,0,0
43475,-1,1,-0.43856063,0.392084,0,1,unassigned,2.0,2.0,0.0,1.0,0.0,0.0,0.0,0.0,1,0,0,0,0
43476,-1,1,0.51144415,0.62514496,1,1,unassigned,7.0,7.0,0.0,1.0,0.0,0.0,0.00967118,0.0,1,0,0,1,0
43477,-1,0,-0.63597655,0.3461566,0,1,unassigned,62.0,60.0,2.0,0.9677419,0.032258064,0.032258093,0.116054155,0.0037436823,0,0,0,0,0
43478,-1,1,2.9055293,0.9481191,1,1,unassigned,5.0,5.0,0.0,1.0,0.0,0.0,0.0058027077,0.0,1,0,0,1,1
43479,-1,0,0.73133725,0.6750986,1,1,unassigned,8.0,8.0,0.0,1.0,0.0,0.0,0.0116054155,0.0,0,0,0,1,0
43480,1,1,2.6761537,0.93560475,1,0,train,14.0,12.0,2.0,0.85714287,0.14285715,0.14285713,0.023210831,0.0033158332,1,0,1,1,1
43481,-1,1,1.0057936,0.73219615,1,1,unassigned,11.0,11.0,0.0,1.0,0.0,0.0,0.017408123,0.0,1,0,0,1,0
43482,-1,0,-0.71353894,0.3288173,0,1,unassigned,18.0,18.0,0.0,1.0,0.0,0.0,0.030947777,0.0,0,0,0,0,0
43483,1,0,2.512172,0.9249908,1,0,unassigned,31.0,31.0,0.0,1.0,0.0,0.0,0.056092843,0.0,0,0,1,1,1
43484,-1,1,-0.16945735,0.45773673,0,1,unassigned,87.0,82.0,5.0,0.9425287,0.057471264,0.057471275,0.16441005,0.009448853,1,0,0,0,0
43485,1,0,-0.5202706,0.372789,0,1,val,9.0,9.0,0.0,1.0,0.0,0.0,0.013539651,0.0,0,0,0,0,0
43486,-1,1,-0.22902232,0.4429934,0,1,unassigned,17.0,17.0,0.0,1.0,0.0,0.0,0.029013539,0.0,1,0,0,0,0
43487,1,0,-0.055723965,0.4860726,0,1,val,5.0,1.0,4.0,0.2,0.8,0.8,0.0058027077,0.004642166,0,0,0,0,0
43488,0,1,-0.107088685,0.47325337,0,0,train,17.0,16.0,1.0,0.9411765,0.05882353,0.058823526,0.029013539,0.0017066788,1,0,1,0,0
43489,-1,1,2.76683,0.9408568,1,1,unassigned,9.0,8.0,1.0,0.8888889,0.11111111,0.111111104,0.013539651,0.0015044058,1,0,0,1,1
43490,-1,0,3.0440152,0.95452344,1,1,unassigned,3.0,3.0,0.0,1.0,0.0,0.0,0.001934236,0.0,0,0,0,1,1
43491,-1,1,0.2332856,0.5580583,1,1,unassigned,5.0,5.0,0.0,1.0,0.0,0.0,0.0058027077,0.0,1,0,0,1,0
43492,1,1,1.9494078,0.87538207,1,0,unassigned,42.0,40.0,2.0,0.95238096,0.04761905,0.047619045,0.07736944,0.003684259,1,0,1,1,0
43493,-1,1,2.9966326,0.9524218,1,1,unassigned,12.0,12.0,0.0,1.0,0.0,0.0,0.01934236,0.0,1,0,0,1,1
43494,-1,1,1.900584,0.8699576,1,1,unassigned,4.0,3.0,1.0,0.75,0.25,0.25,0.003868472,0.000967118,1,0,0,1,0
43495,-1,0,1.4408145,0.80858076,1,1,unassigned,2.0,2.0,0.0,1.0,0.0,0.0,0.0,0.0,0,0,0,1,0
43496,-1,1,-0.6449019,0.34413934,0,1,unassigned,49.0,47.0,2.0,0.9591837,0.040816326,0.040816307,0.09090909,0.0037105752,1,0,0,0,0
43497,-1,0,0.42580009,0.6048703,1,1,unassigned,4.0,4.0,0.0,1.0,0.0,0.0,0.003868472,0.0,0,0,0,1,0
43498,-1,0,0.17676038,0.5440754,1,1,unassigned,19.0,18.0,1.0,0.94736844,0.05263158,0.052631557,0.032882012,0.0017306323,0,0,0,1,0
43499,-1,0,0.36603194,0.59049976,1,1,unassigned,17.0,17.0,0.0,1.0,0.0,0.0,0.029013539,0.0,0,0,0,1,0
43500,1,1,0.17481905,0.5435938,1,0,train,24.0,24.0,0.0,1.0,0.0,0.0,0.04255319,0.0,1,0,1,1,0
43501,-1,0,2.0494492,0.8858919,1,1,unassigned,10.0,1.0,9.0,0.1,0.9,0.9,0.015473888,0.0139264995,0,0,0,1,0
43502,1,1,3.8968298,0.9800979,1,0,val,14.0,12.0,2.0,0.85714287,0.14285715,0.14285713,0.023210831,0.0033158332,1,0,1,1,1
43503,-1,0,2.6933203,0.9366313,1,1,unassigned,3.0,3.0,0.0,1.0,0.0,0.0,0.001934236,0.0,0,0,0,1,1
43504,1,0,8.121407,0.999703,1,0,unassigned,4.0,4.0,0.0,1.0,0.0,0.0,0.003868472,0.0,0,0,1,1,1
43505,-1,1,3.0957808,0.9567184,1,1,unassigned,47.0,40.0,7.0,0.85106385,0.14893617,0.14893615,0.08704062,0.012963496,1,0,0,1,1
43506,-1,0,8.089522,0.9996934,1,1,unassigned,2.0,2.0,0.0,1.0,0.0,0.0,0.0,0.0,0,0,0,1,1
43507,1,1,4.3210993,0.9868889,1,0,val,3.0,3.0,0.0,1.0,0.0,0.0,0.001934236,0.0,1,0,1,1,1
43508,-1,1,0.73904973,0.67678803,1,1,unassigned,7.0,7.0,0.0,1.0,0.0,0.0,0.00967118,0.0,1,0,0,1,0
43509,1,0,-0.28980026,0.42805275,0,1,unassigned,6.0,6.0,0.0,1.0,0.0,0.0,0.007736944,0.0,0,0,0,0,0
43510,-1,0,0.51142746,0.625141,1,1,unassigned,4.0,3.0,1.0,0.75,0.25,0.25,0.003868472,0.000967118,0,0,0,1,0
43511,-1,0,2.1609943,0.8966917,1,1,unassigned,14.0,14.0,0.0,1.0,0.0,0.0,0.023210831,0.0,0,0,0,1,0
43512,-1,0,1.0976698,0.7498233,1,1,unassigned,2.0,2.0,0.0,1.0,0.0,0.0,0.0,0.0,0,0,0,1,0
43513,-1,0,-1.6920469,0.15550685,0,1,unassigned,2.0,2.0,0.0,1.0,0.0,0.0,0.0,0.0,0,0,0,0,0
43514,-1,1,-1.1869094,0.23381214,0,1,unassigned,2.0,2.0,0.0,1.0,0.0,0.0,0.0,0.0,1,0,0,0,0
43515,-1,1,7.429299,0.9994067,1,1,unassigned,13.0,12.0,1.0,0.9230769,0.07692308,0.07692307,0.021276595,0.0016366612,1,0,0,1,1
43516,-1,0,-0.4114349,0.39856812,0,1,unassigned,5.0,5.0,0.0,1.0,0.0,0.0,0.0058027077,0.0,0,0,0,0,0
43517,-1,1,0.16625804,0.54146904,1,1,unassigned,15.0,13.0,2.0,0.8666667,0.13333334,0.13333333,0.025145067,0.0033526758,1,0,0,1,0
43518,1,1,1.8807061,0.86769223,1,0,test,14.0,13.0,1.0,0.9285714,0.071428575,0.0714286,0.023210831,0.0016579166,1,0,1,1,0
43519,-1,0,0.06272715,0.5156767,1,1,unassigned,4.0,4.0,0.0,1.0,0.0,0.0,0.003868472,0.0,0,0,0,1,0
43520,-1,1,-0.30796733,0.423611,0,1,unassigned,36.0,36.0,0.0,1.0,0.0,0.0,0.065764025,0.0,1,0,0,0,0
43521,1,0,-0.1485129,0.46293986,0,1,unassigned,29.0,29.0,0.0,1.0,0.0,0.0,0.05222437,0.0,0,0,0,0,0
43522,-1,1,3.5421374,0.9718632,1,1,unassigned,2.0,1.0,1.0,0.5,0.5,0.5,0.0,0.0,1,0,0,1,1
43523,-1,1,1.852668,0.86444,1,1,unassigned,2.0,1.0,1.0,0.5,0.5,0.5,0.0,0.0,1,0,0,1,0
43524,-1,0,-0.026724398,0.49331927,0,1,unassigned,7.0,7.0,0.0,1.0,0.0,0.0,0.00967118,0.0,0,0,0,0,0
43525,-1,0,0.50895494,0.6245614,1,1,unassigned,3.0,3.0,0.0,1.0,0.0,0.0,0.001934236,0.0,0,0,0,1,0
43526,1,0,-0.079405576,0.48015898,0,1,val,8.0,8.0,0.0,1.0,0.0,0.0,0.0116054155,0.0,0,0,0,0,0
43527,-1,0,-0.59809196,0.35478035,0,1,unassigned,8.0,8.0,0.0,1.0,0.0,0.0,0.0116054155,0.0,0,0,0,0,0
43528,-1,1,-0.6752315,0.3373264,0,1,unassigned,3.0,3.0,0.0,1.0,0.0,0.0,0.001934236,0.0,1,0,0,0,0
43529,1,0,-0.084649265,0.4788503,0,1,val,4.0,4.0,0.0,1.0,0.0,0.0,0.003868472,0.0,0,0,0,0,0
43530,1,0,-0.026612043,0.49334735,0,1,test,33.0,33.0,0.0,1.0,0.0,0.0,0.059961315,0.0,0,0,0,0,0
43531,1,0,0.39466673,0.5974056,1,0,test,10.0,10.0,0.0,1.0,0.0,0.0,0.015473888,0.0,0,0,1,1,0
43532,-1,0,-0.26457822,0.43423864,0,1,unassigned,7.0,7.0,0.0,1.0,0.0,0.0,0.00967118,0.0,0,0,0,0,0
43533,-1,0,-0.4222622,0.39597553,0,1,unassigned,14.0,14.0,0.0,1.0,0.0,0.0,0.023210831,0.0,0,0,0,0,0
43534,1,1,3.2603257,0.96304244,1,0,unassigned,11.0,11.0,0.0,1.0,0.0,0.0,0.017408123,0.0,1,0,1,1,1
43535,-1,0,2.0476577,0.8857107,1,1,unassigned,4.0,2.0,2.0,0.5,0.5,0.5,0.003868472,0.001934236,0,0,0,1,0
43536,-1,1,6.9671426,0.99905854,1,1,unassigned,2.0,2.0,0.0,1.0,0.0,0.0,0.0,0.0,1,0,0,1,1
43537,-1,1,-0.43098414,0.39389136,0,1,unassigned,24.0,22.0,2.0,0.9166667,0.083333336,0.08333331,0.04255319,0.0035460992,1,0,0,0,0
43538,0,1,-0.42412823,0.39552933,0,0,unassigned,28.0,24.0,4.0,0.85714287,0.14285715,0.14285713,0.050290134,0.007184305,1,0,1,0,0
43539,-1,1,-0.83481824,0.30262724,0,1,unassigned,4.0,3.0,1.0,0.75,0.25,0.25,0.003868472,0.000967118,1,0,0,0,0
43540,-1,0,0.4962247,0.6215717,1,1,unassigned,3.0,3.0,0.0,1.0,0.0,0.0,0.001934236,0.0,0,0,0,1,0
43541,-1,1,-0.39979076,0.40136257,0,1,unassigned,41.0,39.0,2.0,0.9512195,0.048780486,0.0487805,0.07543521,0.003679766,1,0,0,0,0
43542,-1,1,-0.07505262,0.48124564,0,1,unassigned,2.0,2.0,0.0,1.0,0.0,0.0,0.0,0.0,1,0,0,0,0
43543,-1,0,-0.48636344,0.38075063,0,1,unassigned,7.0,6.0,1.0,0.85714287,0.14285715,0.14285713,0.00967118,0.0013815971,0,0,0,0,0
43544,-1,0,-0.36323065,0.41017774,0,1,unassigned,2.0,2.0,0.0,1.0,0.0,0.0,0.0,0.0,0,0,0,0,0
43545,-1,1,0.99080807,0.72924745,1,1,unassigned,2.0,1.0,1.0,0.5,0.5,0.5,0.0,0.0,1,0,0,1,0
43546,0,0,-0.47928166,0.38242176,0,0,val,28.0,27.0,1.0,0.96428573,0.035714287,0.03571427,0.050290134,0.0017960763,0,0,1,0,0
43547,-1,0,8.869763,0.99985945,1,1,unassigned,2.0,2.0,0.0,1.0,0.0,0.0,0.0,0.0,0,0,0,1,1
43548,-1,0,-2.922906,0.05103279,0,1,unassigned,3.0,3.0,0.0,1.0,0.0,0.0,0.001934236,0.0,0,0,0,0,1
43549,-1,0,1.5021944,0.8179015,1,1,unassigned,2.0,2.0,0.0,1.0,0.0,0.0,0.0,0.0,0,0,0,1,0
43550,-1,1,0.2962346,0.57352173,1,1,unassigned,8.0,7.0,1.0,0.875,0.125,0.125,0.0116054155,0.0014506769,1,0,0,1,0
43551,-1,1,1.0421567,0.7392659,1,1,unassigned,6.0,6.0,0.0,1.0,0.0,0.0,0.007736944,0.0,1,0,0,1,0
43552,-1,0,1.2627218,0.7794943,1,1,unassigned,3.0,3.0,0.0,1.0,0.0,0.0,0.001934236,0.0,0,0,0,1,0
43553,-1,1,1.3061109,0.7868616,1,1,unassigned,13.0,13.0,0.0,1.0,0.0,0.0,0.021276595,0.0,1,0,0,1,0
43554,-1,1,-0.58118445,0.3586601,0,1,unassigned,6.0,6.0,0.0,1.0,0.0,0.0,0.007736944,0.0,1,0,0,0,0
43555,-1,1,1.277184,0.7819701,1,1,unassigned,24.0,17.0,7.0,0.7083333,0.29166666,0.2916667,0.04255319,0.012411347,1,0,0,1,0
43556,-1,0,-0.39378926,0.40280545,0,1,unassigned,11.0,11.0,0.0,1.0,0.0,0.0,0.017408123,0.0,0,0,0,0,0
43557,-1,0,-0.56971663,0.36130223,0,1,unassigned,22.0,22.0,0.0,1.0,0.0,0.0,0.03868472,0.0,0,0,0,0,0
43558,-1,0,2.8466752,0.9451466,1,1,unassigned,12.0,9.0,3.0,0.75,0.25,0.25,0.01934236,0.00483559,0,0,0,1,1
43559,-1,0,0.5748964,0.6398922,1,1,unassigned,3.0,3.0,0.0,1.0,0.0,0.0,0.001934236,0.0,0,0,0,1,0
43560,-1,0,0.5268796,0.62875503,1,1,unassigned,7.0,7.0,0.0,1.0,0.0,0.0,0.00967118,0.0,0,0,0,1,0
43561,0,1,-0.18249941,0.45450136,0,0,unassigned,122.0,120.0,2.0,0.9836066,0.016393442,0.016393423,0.23210831,0.0038050541,1,0,1,0,0
43562,-1,1,0.023153901,0.5057882,1,1,unassigned,5.0,5.0,0.0,1.0,0.0,0.0,0.0058027077,0.0,1,0,0,1,0
43563,-1,1,-0.18724975,0.45332387,0,1,unassigned,2.0,2.0,0.0,1.0,0.0,0.0,0.0,0.0,1,0,0,0,0
43564,-1,0,-0.21191928,0.44721755,0,1,unassigned,20.0,1.0,19.0,0.05,0.95,0.95,0.034816246,0.033075433,0,0,0,0,0
43565,-1,0,0.15626782,0.53898764,1,1,unassigned,2.0,2.0,0.0,1.0,0.0,0.0,0.0,0.0,0,0,0,1,0
43566,0,1,2.753099,0.94008815,1,1,test,5.0,5.0,0.0,1.0,0.0,0.0,0.0058027077,0.0,1,0,0,1,1
43567,-1,0,-0.5994875,0.35446095,0,1,unassigned,38.0,38.0,0.0,1.0,0.0,0.0,0.06963249,0.0,0,0,0,0,0
43568,1,1,2.9900014,0.95212036,1,0,val,2.0,2.0,0.0,1.0,0.0,0.0,0.0,0.0,1,0,1,1,1
43569,-1,1,-0.5462985,0.36672363,0,1,unassigned,28.0,27.0,1.0,0.96428573,0.035714287,0.03571427,0.050290134,0.0017960763,1,0,0,0,0
43570,-1,1,1.0103984,0.73309815,1,1,unassigned,7.0,7.0,0.0,1.0,0.0,0.0,0.00967118,0.0,1,0,0,1,0
43571,-1,0,2.301634,0.90901226,1,1,unassigned,3.0,2.0,1.0,0.6666667,0.33333334,0.3333333,0.001934236,0.00064474536,0,0,0,1,1
43572,-1,0,0.76635295,0.68273145,1,1,unassigned,3.0,2.0,1.0,0.6666667,0.33333334,0.3333333,0.001934236,0.00064474536,0,0,0,1,0
43573,-1,1,2.2114077,0.90126926,1,1,unassigned,7.0,7.0,0.0,1.0,0.0,0.0,0.00967118,0.0,1,0,0,1,1
43574,-1,0,-0.6648103,0.33965987,0,1,unassigned,8.0,8.0,0.0,1.0,0.0,0.0,0.0116054155,0.0,0,0,0,0,0
43575,-1,1,3.5201142,0.97125465,1,1,unassigned,14.0,14.0,0.0,1.0,0.0,0.0,0.023210831,0.0,1,0,0,1,1
43576,-1,1,5.3248897,0.99515474,1,1,unassigned,9.0,8.0,1.0,0.8888889,0.11111111,0.111111104,0.013539651,0.0015044058,1,0,0,1,1
43577,-1,0,4.713053,0.9911026,1,1,unassigned,2.0,2.0,0.0,1.0,0.0,0.0,0.0,0.0,0,0,0,1,1
43578,-1,1,2.0697227,0.8879253,1,1,unassigned,6.0,6.0,0.0,1.0,0.0,0.0,0.007736944,0.0,1,0,0,1,0
43579,-1,1,2.558243,0.92812526,1,1,unassigned,9.0,9.0,0.0,1.0,0.0,0.0,0.013539651,0.0,1,0,0,1,1
43580,-1,0,1.2480896,0.776969,1,1,unassigned,3.0,3.0,0.0,1.0,0.0,0.0,0.001934236,0.0,0,0,0,1,0
43581,-1,0,-0.65309936,0.34229144,0,1,unassigned,2.0,2.0,0.0,1.0,0.0,0.0,0.0,0.0,0,0,0,0,0
43582,-1,0,6.5888734,0.99862635,1,1,unassigned,17.0,16.0,1.0,0.9411765,0.05882353,0.058823526,0.029013539,0.0017066788,0,0,0,1,1
43583,0,1,-0.13472557,0.46636945,0,0,unassigned,9.0,9.0,0.0,1.0,0.0,0.0,0.013539651,0.0,1,0,1,0,0
43584,-1,0,-0.28695738,0.4287489,0,1,unassigned,27.0,27.0,0.0,1.0,0.0,0.0,0.0483559,0.0,0,0,0,0,0
43585,-1,0,-0.7303741,0.32511264,0,1,unassigned,47.0,47.0,0.0,1.0,0.0,0.0,0.08704062,0.0,0,0,0,0,0
43586,-1,0,-0.36143383,0.4106125,0,1,unassigned,12.0,11.0,1.0,0.9166667,0.083333336,0.08333331,0.01934236,0.0016118633,0,0,0,0,0
43587,0,1,-0.14261347,0.4644069,0,0,unassigned,49.0,49.0,0.0,1.0,0.0,0.0,0.09090909,0.0,1,0,1,0,0
43588,-1,1,-0.5042907,0.37653288,0,1,unassigned,53.0,53.0,0.0,1.0,0.0,0.0,0.09864604,0.0,1,0,0,0,0
43589,-1,1,2.3663266,0.91422325,1,1,unassigned,2.0,2.0,0.0,1.0,0.0,0.0,0.0,0.0,1,0,0,1,1
43590,0,0,-0.72486585,0.3263224,0,0,test,2.0,2.0,0.0,1.0,0.0,0.0,0.0,0.0,0,0,1,0,0
43591,-1,0,-0.42957056,0.39422885,0,1,unassigned,43.0,43.0,0.0,1.0,0.0,0.0,0.079303674,0.0,0,0,0,0,0
43592,1,0,4.5374894,0.9894131,1,0,unassigned,13.0,13.0,0.0,1.0,0.0,0.0,0.021276595,0.0,0,0,1,1,1
43593,-1,0,0.3070559,0.57616645,1,1,unassigned,7.0,7.0,0.0,1.0,0.0,0.0,0.00967118,0.0,0,0,0,1,0
43594,-1,0,3.6942608,0.97573745,1,1,unassigned,9.0,6.0,3.0,0.6666667,0.33333334,0.3333333,0.013539651,0.004513217,0,0,0,1,1
43595,-1,0,-0.23522869,0.44146246,0,1,unassigned,4.0,4.0,0.0,1.0,0.0,0.0,0.003868472,0.0,0,0,0,0,0
43596,-1,0,-0.5476999,0.36639822,0,1,unassigned,2.0,2.0,0.0,1.0,0.0,0.0,0.0,0.0,0,0,0,0,0
43597,-1,0,4.9809527,0.9931793,1,1,unassigned,12.0,11.0,1.0,0.9166667,0.083333336,0.08333331,0.01934236,0.0016118633,0,0,0,1,1
43598,-1,0,5.0075383,0.993357,1,1,unassigned,10.0,7.0,3.0,0.7,0.3,0.3,0.015473888,0.0046421667,0,0,0,1,1
43599,1,0,0.43507105,0.6070839,1,0,unassigned,14.0,14.0,0.0,1.0,0.0,0.0,0.023210831,0.0,0,0,1,1,0
43600,-1,0,-0.41061848,0.39876384,0,1,unassigned,6.0,6.0,0.0,1.0,0.0,0.0,0.007736944,0.0,0,0,0,0,0
43601,-1,0,1.926544,0.8728664,1,1,unassigned,6.0,5.0,1.0,0.8333333,0.16666667,0.16666669,0.007736944,0.0012894907,0,0,0,1,0
43602,-1,0,-0.29136717,0.4276692,0,1,unassigned,15.0,15.0,0.0,1.0,0.0,0.0,0.025145067,0.0,0,0,0,0,0
43603,-1,0,2.3008182,0.9089448,1,1,unassigned,16.0,15.0,1.0,0.9375,0.0625,0.0625,0.027079303,0.0016924564,0,0,0,1,1
43604,-1,0,4.188417,0.98505634,1,1,unassigned,8.0,8.0,0.0,1.0,0.0,0.0,0.0116054155,0.0,0,0,0,1,1
43605,0,1,0.739193,0.6768193,1,1,test,288.0,281.0,7.0,0.9756944,0.024305556,0.024305582,0.5531915,0.013445627,1,0,0,1,0
43606,-1,0,0.1563887,0.5390177,1,1,unassigned,14.0,14.0,0.0,1.0,0.0,0.0,0.023210831,0.0,0,0,0,1,0
43607,-1,0,2.8785822,0.9467774,1,1,unassigned,12.0,9.0,3.0,0.75,0.25,0.25,0.01934236,0.00483559,0,0,0,1,1
43608,-1,0,-0.1376321,0.46564615,0,1,unassigned,7.0,7.0,0.0,1.0,0.0,0.0,0.00967118,0.0,0,0,0,0,0
43609,-1,1,2.9422386,0.9498954,1,1,unassigned,15.0,15.0,0.0,1.0,0.0,0.0,0.025145067,0.0,1,0,0,1,1
43610,-1,0,3.344288,0.9659173,1,1,unassigned,11.0,11.0,0.0,1.0,0.0,0.0,0.017408123,0.0,0,0,0,1,1
43611,-1,1,0.37883586,0.5935923,1,1,unassigned,3.0,3.0,0.0,1.0,0.0,0.0,0.001934236,0.0,1,0,0,1,0
43612,1,1,2.9333515,0.9494707,1,0,test,11.0,10.0,1.0,0.90909094,0.09090909,0.090909064,0.017408123,0.0015825568,1,0,1,1,1
43613,-1,1,0.7835801,0.6864512,1,1,unassigned,42.0,39.0,3.0,0.9285714,0.071428575,0.0714286,0.07736944,0.0055263885,1,0,0,1,0
43614,-1,0,-0.83535504,0.30251396,0,1,unassigned,31.0,29.0,2.0,0.9354839,0.06451613,0.06451613,0.056092843,0.003618893,0,0,0,0,0
43615,-1,1,2.010691,0.88191503,1,1,unassigned,9.0,9.0,0.0,1.0,0.0,0.0,0.013539651,0.0,1,0,0,1,0
43616,-1,1,-0.3332265,0.4174558,0,1,unassigned,9.0,8.0,1.0,0.8888889,0.11111111,0.111111104,0.013539651,0.0015044058,1,0,0,0,0
43617,1,1,-0.22601339,0.44373596,0,1,unassigned,10.0,10.0,0.0,1.0,0.0,0.0,0.015473888,0.0,1,0,0,0,0
43618,-1,1,1.6116698,0.83364314,1,1,unassigned,3.0,3.0,0.0,1.0,0.0,0.0,0.001934236,0.0,1,0,0,1,0
43619,-1,1,-0.51543874,0.37391943,0,1,unassigned,4.0,4.0,0.0,1.0,0.0,0.0,0.003868472,0.0,1,0,0,0,0
43620,1,0,1.8447545,0.86351,1,0,val,10.0,9.0,1.0,0.9,0.1,0.100000024,0.015473888,0.0015473888,0,0,1,1,0
43621,1,0,2.0404341,0.8849775,1,0,test,6.0,5.0,1.0,0.8333333,0.16666667,0.16666669,0.007736944,0.0012894907,0,0,1,1,0
43622,-1,0,-0.5692936,0.36139986,0,1,unassigned,22.0,21.0,1.0,0.95454544,0.045454547,0.04545456,0.03868472,0.0017583964,0,0,0,0,0
43623,-1,1,-0.17258269,0.45696107,0,1,unassigned,25.0,25.0,0.0,1.0,0.0,0.0,0.044487428,0.0,1,0,0,0,0
43624,-1,0,-0.41136277,0.3985854,0,1,unassigned,7.0,7.0,0.0,1.0,0.0,0.0,0.00967118,0.0,0,0,0,0,0
43625,-1,1,0.35648042,0.5881882,1,1,unassigned,2.0,2.0,0.0,1.0,0.0,0.0,0.0,0.0,1,0,0,1,0
43626,-1,1,2.657439,0.934468,1,1,unassigned,4.0,4.0,0.0,1.0,0.0,0.0,0.003868472,0.0,1,0,0,1,1
43627,-1,1,1.3331594,0.79136276,1,1,unassigned,3.0,3.0,0.0,1.0,0.0,0.0,0.001934236,0.0,1,0,0,1,0
43628,-1,0,-0.7591198,0.3188374,0,1,unassigned,4.0,4.0,0.0,1.0,0.0,0.0,0.003868472,0.0,0,0,0,0,0
43629,-1,0,3.1743257,0.95985657,1,1,unassigned,2.0,2.0,0.0,1.0,0.0,0.0,0.0,0.0,0,0,0,1,1
43630,-1,1,2.350092,0.9129415,1,1,unassigned,7.0,7.0,0.0,1.0,0.0,0.0,0.00967118,0.0,1,0,0,1,1
43631,-1,0,1.5128098,0.8194772,1,1,unassigned,4.0,4.0,0.0,1.0,0.0,0.0,0.003868472,0.0,0,0,0,1,0
43632,-1,0,3.1621668,0.9593854,1,1,unassigned,6.0,5.0,1.0,0.8333333,0.16666667,0.16666669,0.007736944,0.0012894907,0,0,0,1,1
43633,-1,0,1.260459,0.7791051,1,1,unassigned,7.0,7.0,0.0,1.0,0.0,0.0,0.00967118,0.0,0,0,0,1,0
43634,-1,0,-0.5442373,0.36720243,0,1,unassigned,50.0,49.0,1.0,0.98,0.02,0.01999998,0.092843324,0.0018568664,0,0,0,0,0
43635,-1,0,-0.6870315,0.33469376,0,1,unassigned,21.0,19.0,2.0,0.9047619,0.0952381,0.09523809,0.036750484,0.0035000462,0,0,0,0,0
43636,-1,1,0.016040504,0.50401,1,1,unassigned,2.0,2.0,0.0,1.0,0.0,0.0,0.0,0.0,1,0,0,1,0
43637,-1,0,2.0779922,0.88874567,1,1,unassigned,3.0,3.0,0.0,1.0,0.0,0.0,0.001934236,0.0,0,0,0,1,0
43638,-1,0,-0.23999926,0.44028655,0,1,unassigned,2.0,2.0,0.0,1.0,0.0,0.0,0.0,0.0,0,0,0,0,0
43639,-1,0,2.923427,0.94899243,1,1,unassigned,7.0,7.0,0.0,1.0,0.0,0.0,0.00967118,0.0,0,0,0,1,1
43640,1,0,-0.39093712,0.40349174,0,1,unassigned,13.0,13.0,0.0,1.0,0.0,0.0,0.021276595,0.0,0,0,0,0,0
43641,0,0,2.0081165,0.8816466,1,1,test,4.0,3.0,1.0,0.75,0.25,0.25,0.003868472,0.000967118,0,0,0,1,0
43642,-1,0,-1.3855596,0.2001176,0,1,unassigned,13.0,13.0,0.0,1.0,0.0,0.0,0.021276595,0.0,0,0,0,0,0
43643,0,0,-0.15090269,0.46234575,0,0,unassigned,59.0,57.0,2.0,0.9661017,0.033898305,0.033898294,0.11025145,0.0037373372,0,0,1,0,0
43644,1,0,-0.116891325,0.4708104,0,1,unassigned,68.0,66.0,2.0,0.9705882,0.029411765,0.029411793,0.12765957,0.0037546933,0,0,0,0,0
43645,-1,0,6.5463676,0.9985668,1,1,unassigned,24.0,18.0,6.0,0.75,0.25,0.25,0.04255319,0.010638298,0,0,0,1,1
43646,-1,0,0.25638932,0.5637485,1,1,unassigned,28.0,27.0,1.0,0.96428573,0.035714287,0.03571427,0.050290134,0.0017960763,0,0,0,1,0
43647,-1,1,2.8234606,0.94393045,1,1,unassigned,2.0,1.0,1.0,0.5,0.5,0.5,0.0,0.0,1,0,0,1,1
43648,-1,0,0.092657566,0.5231478,1,1,unassigned,2.0,2.0,0.0,1.0,0.0,0.0,0.0,0.0,0,0,0,1,0
43649,-1,0,-0.86987287,0.29528075,0,1,unassigned,8.0,8.0,0.0,1.0,0.0,0.0,0.0116054155,0.0,0,0,0,0,0
43650,-1,0,-0.17444646,0.45649862,0,1,unassigned,10.0,10.0,0.0,1.0,0.0,0.0,0.015473888,0.0,0,0,0,0,0
43651,-1,1,-0.73066646,0.3250485,0,1,unassigned,3.0,3.0,0.0,1.0,0.0,0.0,0.001934236,0.0,1,0,0,0,0
43652,-1,1,-0.41009533,0.39888927,0,1,unassigned,11.0,11.0,0.0,1.0,0.0,0.0,0.017408123,0.0,1,0,0,0,0
43653,-1,0,-0.2825309,0.4298334,0,1,unassigned,15.0,15.0,0.0,1.0,0.0,0.0,0.025145067,0.0,0,0,0,0,0
43654,-1,0,-0.39231402,0.4031604,0,1,unassigned,13.0,13.0,0.0,1.0,0.0,0.0,0.021276595,0.0,0,0,0,0,0
43655,-1,0,0.358454,0.58866614,1,1,unassigned,11.0,11.0,0.0,1.0,0.0,0.0,0.017408123,0.0,0,0,0,1,0
43656,0,0,0.21582478,0.5537477,1,1,unassigned,84.0,83.0,1.0,0.9880952,0.011904762,0.011904776,0.15860735,0.0018881827,0,0,0,1,0
43657,0,1,-0.7293257,0.3253427,0,0,unassigned,7.0,7.0,0.0,1.0,0.0,0.0,0.00967118,0.0,1,0,1,0,0
43658,-1,0,3.9984677,0.98198676,1,1,unassigned,3.0,3.0,0.0,1.0,0.0,0.0,0.001934236,0.0,0,0,0,1,1
43659,-1,0,4.5137596,0.9891615,1,1,unassigned,2.0,2.0,0.0,1.0,0.0,0.0,0.0,0.0,0,0,0,1,1
43660,-1,1,3.5979722,0.97335047,1,1,unassigned,5.0,3.0,2.0,0.6,0.4,0.39999998,0.0058027077,0.002321083,1,0,0,1,1
43661,-1,0,-1.0768491,0.25410277,0,1,unassigned,5.0,5.0,0.0,1.0,0.0,0.0,0.0058027077,0.0,0,0,0,0,0
43662,-1,0,2.4250107,0.91871476,1,1,unassigned,3.0,3.0,0.0,1.0,0.0,0.0,0.001934236,0.0,0,0,0,1,1
43663,-1,0,0.20232552,0.55040956,1,1,unassigned,30.0,28.0,2.0,0.93333334,0.06666667,0.06666666,0.054158606,0.003610574,0,0,0,1,0
43664,0,0,0.00053471327,0.5001337,1,1,unassigned,25.0,25.0,0.0,1.0,0.0,0.0,0.044487428,0.0,0,0,0,1,0
43665,-1,0,1.4240863,0.8059782,1,1,unassigned,35.0,35.0,0.0,1.0,0.0,0.0,0.06382979,0.0,0,0,0,1,0
43666,-1,0,-0.51205146,0.3747127,0,1,unassigned,20.0,20.0,0.0,1.0,0.0,0.0,0.034816246,0.0,0,0,0,0,0
43667,-1,0,7.9777284,0.99965715,1,1,unassigned,3.0,3.0,0.0,1.0,0.0,0.0,0.001934236,0.0,0,0,0,1,1
43668,-1,0,2.5061352,0.9245708,1,1,unassigned,10.0,10.0,0.0,1.0,0.0,0.0,0.015473888,0.0,0,0,0,1,1
43669,0,0,-0.09401214,0.47651422,0,0,test,51.0,51.0,0.0,1.0,0.0,0.0,0.09477756,0.0,0,0,1,0,0
43670,-1,1,0.14850885,0.5370591,1,1,unassigned,37.0,36.0,1.0,0.972973,0.027027028,0.02702701,0.06769826,0.0018296828,1,0,0,1,0
43671,-1,1,-0.7891034,0.3123612,0,1,unassigned,8.0,8.0,0.0,1.0,0.0,0.0,0.0116054155,0.0,1,0,0,0,0
43672,0,0,-0.6272642,0.34813112,0,0,val,3.0,3.0,0.0,1.0,0.0,0.0,0.001934236,0.0,0,0,1,0,0
43673,1,1,10.84301,0.99998045,1,0,unassigned,2.0,1.0,1.0,0.5,0.5,0.5,0.0,0.0,1,0,1,1,1
43674,1,0,-0.52432024,0.3718426,0,1,test,17.0,17.0,0.0,1.0,0.0,0.0,0.029013539,0.0,0,0,0,0,0
43675,-1,0,0.5314854,0.62982947,1,1,unassigned,3.0,3.0,0.0,1.0,0.0,0.0,0.001934236,0.0,0,0,0,1,0
43676,-1,0,3.6109965,0.9736863,1,1,unassigned,5.0,2.0,3.0,0.4,0.6,0.6,0.0058027077,0.0034816249,0,0,0,1,1
43677,-1,0,1.517009,0.8200976,1,1,unassigned,5.0,5.0,0.0,1.0,0.0,0.0,0.0058027077,0.0,0,0,0,1,0
43678,-1,1,-0.08622193,0.47845784,0,1,unassigned,27.0,25.0,2.0,0.9259259,0.074074075,0.07407409,0.0483559,0.0035819185,1,0,0,0,0
43679,-1,0,20.130749,1.0,1,1,unassigned,2.0,2.0,0.0,1.0,0.0,0.0,0.0,0.0,0,0,0,1,1
43680,-1,0,3.3459628,0.9659724,1,1,unassigned,8.0,8.0,0.0,1.0,0.0,0.0,0.0116054155,0.0,0,0,0,1,1
43681,-1,0,5.061544,0.99370414,1,1,unassigned,2.0,2.0,0.0,1.0,0.0,0.0,0.0,0.0,0,0,0,1,1
43682,-1,0,2.7125027,0.9377604,1,1,unassigned,2.0,2.0,0.0,1.0,0.0,0.0,0.0,0.0,0,0,0,1,1
43683,1,0,5.7046843,0.9966807,1,0,unassigned,18.0,15.0,3.0,0.8333333,0.16666667,0.16666669,0.030947777,0.005157963,0,0,1,1,1
43684,-1,1,4.366223,0.98746014,1,1,unassigned,9.0,9.0,0.0,1.0,0.0,0.0,0.013539651,0.0,1,0,0,1,1
43685,-1,1,9.736635,0.9999409,1,1,unassigned,6.0,4.0,2.0,0.6666667,0.33333334,0.3333333,0.007736944,0.0025789815,1,0,0,1,1
43686,-1,1,3.3663173,0.96663505,1,1,unassigned,5.0,5.0,0.0,1.0,0.0,0.0,0.0058027077,0.0,1,0,0,1,1
43687,-1,0,0.67072994,0.6616666,1,1,unassigned,12.0,11.0,1.0,0.9166667,0.083333336,0.08333331,0.01934236,0.0016118633,0,0,0,1,0
43688,-1,0,-0.72696877,0.32586026,0,1,unassigned,2.0,2.0,0.0,1.0,0.0,0.0,0.0,0.0,0,0,0,0,0
43689,-1,1,-0.050046742,0.48749095,0,1,unassigned,16.0,14.0,2.0,0.875,0.125,0.125,0.027079303,0.0033849129,1,0,0,0,0
43690,-1,0,1.3705637,0.7974712,1,1,unassigned,18.0,18.0,0.0,1.0,0.0,0.0,0.030947777,0.0,0,0,0,1,0
43691,-1,0,1.1820567,0.7653174,1,1,unassigned,5.0,5.0,0.0,1.0,0.0,0.0,0.0058027077,0.0,0,0,0,1,0
43692,-1,1,-0.90463626,0.28809866,0,1,unassigned,61.0,58.0,3.0,0.9508197,0.04918033,0.04918033,0.114119925,0.0056124553,1,0,0,0,0
43693,-1,0,-0.263484,0.43450746,0,1,unassigned,7.0,7.0,0.0,1.0,0.0,0.0,0.00967118,0.0,0,0,0,0,0
43694,-1,1,2.545122,0.92724514,1,1,unassigned,2.0,2.0,0.0,1.0,0.0,0.0,0.0,0.0,1,0,0,1,1
43695,-1,0,0.16348833,0.54078126,1,1,unassigned,2.0,2.0,0.0,1.0,0.0,0.0,0.0,0.0,0,0,0,1,0
43696,-1,0,-0.14462519,0.46390662,0,1,unassigned,9.0,9.0,0.0,1.0,0.0,0.0,0.013539651,0.0,0,0,0,0,0
43697,-1,0,3.7058976,0.9760115,1,1,unassigned,20.0,20.0,0.0,1.0,0.0,0.0,0.034816246,0.0,0,0,0,1,1
43698,1,0,2.5184963,0.92542833,1,0,unassigned,31.0,25.0,6.0,0.8064516,0.19354838,0.19354838,0.056092843,0.010856679,0,0,1,1,1
43699,-1,1,0.4111687,0.60136807,1,1,unassigned,8.0,8.0,0.0,1.0,0.0,0.0,0.0116054155,0.0,1,0,0,1,0
43700,-1,0,-0.94506896,0.27987757,0,1,unassigned,16.0,15.0,1.0,0.9375,0.0625,0.0625,0.027079303,0.0016924564,0,0,0,0,0
43701,-1,0,-0.40318298,0.40054786,0,1,unassigned,32.0,32.0,0.0,1.0,0.0,0.0,0.058027077,0.0,0,0,0,0,0
43702,-1,1,-0.8468806,0.30008763,0,1,unassigned,37.0,31.0,6.0,0.8378378,0.16216215,0.16216218,0.06769826,0.010978096,1,0,0,0,0
43703,-1,0,-0.4409815,0.39150712,0,1,unassigned,8.0,8.0,0.0,1.0,0.0,0.0,0.0116054155,0.0,0,0,0,0,0
43704,-1,0,0.9162403,0.71427536,1,1,unassigned,14.0,14.0,0.0,1.0,0.0,0.0,0.023210831,0.0,0,0,0,1,0
43705,-1,1,1.252563,0.7777432,1,1,unassigned,8.0,8.0,0.0,1.0,0.0,0.0,0.0116054155,0.0,1,0,0,1,0
43706,-1,0,-0.36777332,0.4090792,0,1,unassigned,19.0,19.0,0.0,1.0,0.0,0.0,0.032882012,0.0,0,0,0,0,0
43707,-1,1,0.32347947,0.580172,1,1,unassigned,15.0,15.0,0.0,1.0,0.0,0.0,0.025145067,0.0,1,0,0,1,0
43708,1,1,7.0455275,0.9991295,1,0,test,5.0,5.0,0.0,1.0,0.0,0.0,0.0058027077,0.0,1,0,1,1,1
43709,0,1,-0.2865889,0.42883912,0,0,unassigned,17.0,17.0,0.0,1.0,0.0,0.0,0.029013539,0.0,1,0,1,0,0
43710,-1,1,-0.35106868,0.41312328,0,1,unassigned,40.0,40.0,0.0,1.0,0.0,0.0,0.07350097,0.0,1,0,0,0,0
43711,-1,0,-0.5628814,0.362881,0,1,unassigned,15.0,15.0,0.0,1.0,0.0,0.0,0.025145067,0.0,0,0,0,0,0
43712,0,0,-0.30311444,0.42479634,0,0,val,10.0,10.0,0.0,1.0,0.0,0.0,0.015473888,0.0,0,0,1,0,0
43713,-1,0,1.4991832,0.8174526,1,1,unassigned,4.0,4.0,0.0,1.0,0.0,0.0,0.003868472,0.0,0,0,0,1,0
43714,1,0,-1.6610193,0.1596252,0,1,unassigned,3.0,3.0,0.0,1.0,0.0,0.0,0.001934236,0.0,0,0,0,0,0
43715,-1,0,1.181895,0.76528835,1,1,unassigned,5.0,5.0,0.0,1.0,0.0,0.0,0.0058027077,0.0,0,0,0,1,0
43716,-1,0,-0.1712071,0.45730245,0,1,unassigned,11.0,11.0,0.0,1.0,0.0,0.0,0.017408123,0.0,0,0,0,0,0
43717,-1,1,2.1080136,0.89167964,1,1,unassigned,4.0,4.0,0.0,1.0,0.0,0.0,0.003868472,0.0,1,0,0,1,0
43718,1,1,6.4001346,0.99834144,1,0,val,4.0,3.0,1.0,0.75,0.25,0.25,0.003868472,0.000967118,1,0,1,1,1
43719,-1,0,-0.56583,0.3621996,0,1,unassigned,54.0,53.0,1.0,0.9814815,0.018518519,0.018518507,0.10058027,0.0018625975,0,0,0,0,0
43720,-1,0,1.5765898,0.828721,1,1,unassigned,16.0,16.0,0.0,1.0,0.0,0.0,0.027079303,0.0,0,0,0,1,0
43721,-1,0,-0.99453366,0.27001753,0,1,unassigned,35.0,35.0,0.0,1.0,0.0,0.0,0.06382979,0.0,0,0,0,0,0
43722,-1,0,-0.46422544,0.38598388,0,1,unassigned,37.0,34.0,3.0,0.9189189,0.08108108,0.08108109,0.06769826,0.005489048,0,0,0,0,0
43723,-1,0,2.1477535,0.89545864,1,1,unassigned,64.0,54.0,10.0,0.84375,0.15625,0.15625,0.11992263,0.01873791,0,0,0,1,0
43724,-1,0,-0.6171788,0.35042337,0,1,unassigned,4.0,4.0,0.0,1.0,0.0,0.0,0.003868472,0.0,0,0,0,0,0
43725,-1,0,-0.2827702,0.42977473,0,1,unassigned,3.0,3.0,0.0,1.0,0.0,0.0,0.001934236,0.0,0,0,0,0,0
43726,-1,0,0.73974186,0.6769394,1,1,unassigned,10.0,9.0,1.0,0.9,0.1,0.100000024,0.015473888,0.0015473888,0,0,0,1,0
43727,0,1,-0.12169838,0.4696129,0,0,unassigned,36.0,35.0,1.0,0.9722222,0.027777778,0.027777791,0.065764025,0.0018267785,1,0,1,0,0
43728,0,0,-0.8858893,0.29195887,0,0,unassigned,26.0,26.0,0.0,1.0,0.0,0.0,0.046421662,0.0,0,0,1,0,0
43729,-1,0,7.5858483,0.99949265,1,1,unassigned,2.0,2.0,0.0,1.0,0.0,0.0,0.0,0.0,0,0,0,1,1
43730,0,0,1.9226248,0.8724309,1,1,test,2.0,2.0,0.0,1.0,0.0,0.0,0.0,0.0,0,0,0,1,0
43731,-1,0,-0.1202569,0.46997193,0,1,unassigned,5.0,4.0,1.0,0.8,0.2,0.19999999,0.0058027077,0.0011605415,0,0,0,0,0
43732,-1,1,2.2137208,0.9014749,1,1,unassigned,7.0,3.0,4.0,0.42857143,0.5714286,0.57142854,0.00967118,0.0055263885,1,0,0,1,1
43733,-1,0,0.4171471,0.60280037,1,1,unassigned,17.0,17.0,0.0,1.0,0.0,0.0,0.029013539,0.0,0,0,0,1,0
43734,-1,0,-0.40097475,0.4010782,0,1,unassigned,4.0,4.0,0.0,1.0,0.0,0.0,0.003868472,0.0,0,0,0,0,0
43735,-1,0,-0.51228505,0.37465802,0,1,unassigned,13.0,13.0,0.0,1.0,0.0,0.0,0.021276595,0.0,0,0,0,0,0
43736,-1,0,5.351575,0.99528164,1,1,unassigned,20.0,17.0,3.0,0.85,0.15,0.14999998,0.034816246,0.005222437,0,0,0,1,1
43737,-1,0,13.36142,0.99999845,1,1,unassigned,4.0,4.0,0.0,1.0,0.0,0.0,0.003868472,0.0,0,0,0,1,1
43738,-1,0,0.48351175,0.6185768,1,1,unassigned,3.0,3.0,0.0,1.0,0.0,0.0,0.001934236,0.0,0,0,0,1,0
43739,-1,0,0.84824604,0.7001991,1,1,unassigned,3.0,2.0,1.0,0.6666667,0.33333334,0.3333333,0.001934236,0.00064474536,0,0,0,1,0
43740,-1,0,3.0625536,0.95532143,1,1,unassigned,4.0,4.0,0.0,1.0,0.0,0.0,0.003868472,0.0,0,0,0,1,1
43741,-1,0,9.527058,0.99992716,1,1,unassigned,2.0,2.0,0.0,1.0,0.0,0.0,0.0,0.0,0,0,0,1,1
43742,-1,0,0.5089734,0.6245658,1,1,unassigned,5.0,4.0,1.0,0.8,0.2,0.19999999,0.0058027077,0.0011605415,0,0,0,1,0
43743,-1,1,1.8432388,0.8633313,1,1,unassigned,4.0,3.0,1.0,0.75,0.25,0.25,0.003868472,0.000967118,1,0,0,1,0
43744,-1,1,3.0384774,0.9542824,1,1,unassigned,4.0,4.0,0.0,1.0,0.0,0.0,0.003868472,0.0,1,0,0,1,1
43745,-1,0,2.9868696,0.95197743,1,1,unassigned,4.0,3.0,1.0,0.75,0.25,0.25,0.003868472,0.000967118,0,0,0,1,1
43746,-1,1,-0.069514394,0.48262838,0,1,unassigned,23.0,23.0,0.0,1.0,0.0,0.0,0.040618956,0.0,1,0,0,0,0
43747,-1,1,2.197231,0.9000005,1,1,unassigned,5.0,5.0,0.0,1.0,0.0,0.0,0.0058027077,0.0,1,0,0,1,1
43748,-1,0,-0.6426426,0.3446494,0,1,unassigned,33.0,31.0,2.0,0.93939394,0.060606062,0.060606062,0.059961315,0.0036340193,0,0,0,0,0
43749,-1,1,-0.41736227,0.3971481,0,1,unassigned,21.0,20.0,1.0,0.95238096,0.04761905,0.047619045,0.036750484,0.0017500231,1,0,0,0,0
43750,-1,0,-0.98646486,0.2716109,0,1,unassigned,36.0,36.0,0.0,1.0,0.0,0.0,0.065764025,0.0,0,0,0,0,0
43751,-1,0,-0.706448,0.33038417,0,1,unassigned,62.0,60.0,2.0,0.9677419,0.032258064,0.032258093,0.116054155,0.0037436823,0,0,0,0,0
43752,-1,0,0.70296806,0.6688455,1,1,unassigned,29.0,26.0,3.0,0.8965517,0.10344828,0.10344827,0.05222437,0.005402521,0,0,0,1,0
43753,-1,0,18.127693,1.0,1,1,unassigned,2.0,2.0,0.0,1.0,0.0,0.0,0.0,0.0,0,0,0,1,1
43754,-1,0,0.14718008,0.53672874,1,1,unassigned,60.0,58.0,2.0,0.96666664,0.033333335,0.03333336,0.11218569,0.003739523,0,0,0,1,0
43755,-1,1,-0.018917978,0.49527064,0,1,unassigned,5.0,5.0,0.0,1.0,0.0,0.0,0.0058027077,0.0,1,0,0,0,0
43756,-1,0,-0.70536983,0.33062276,0,1,unassigned,46.0,46.0,0.0,1.0,0.0,0.0,0.08510638,0.0,0,0,0,0,0
43757,-1,0,-0.80331856,0.3093161,0,1,unassigned,49.0,48.0,1.0,0.97959185,0.020408163,0.020408154,0.09090909,0.0018552876,0,0,0,0,0
43758,-1,0,-0.31383795,0.42217818,0,1,unassigned,13.0,13.0,0.0,1.0,0.0,0.0,0.021276595,0.0,0,0,0,0,0
43759,-1,0,-0.434566,0.39303654,0,1,unassigned,3.0,3.0,0.0,1.0,0.0,0.0,0.001934236,0.0,0,0,0,0,0
43760,1,1,5.1311307,0.9941248,1,0,val,23.0,18.0,5.0,0.7826087,0.2173913,0.21739131,0.040618956,0.008830207,1,0,1,1,1
43761,-1,0,1.8558619,0.86481386,1,1,unassigned,14.0,13.0,1.0,0.9285714,0.071428575,0.0714286,0.023210831,0.0016579166,0,0,0,1,0
43762,-1,0,-0.79901576,0.31023607,0,1,unassigned,58.0,58.0,0.0,1.0,0.0,0.0,0.10831721,0.0,0,0,0,0,0
43763,-1,0,-0.76339144,0.3179104,0,1,unassigned,23.0,23.0,0.0,1.0,0.0,0.0,0.040618956,0.0,0,0,0,0,0
43764,-1,0,1.0770926,0.7459434,1,1,unassigned,18.0,16.0,2.0,0.8888889,0.11111111,0.111111104,0.030947777,0.0034386418,0,0,0,1,0
43765,-1,0,2.0844483,0.8893824,1,1,unassigned,7.0,7.0,0.0,1.0,0.0,0.0,0.00967118,0.0,0,0,0,1,0
43766,-1,0,-0.59093297,0.35642081,0,1,unassigned,3.0,3.0,0.0,1.0,0.0,0.0,0.001934236,0.0,0,0,0,0,0
43767,1,0,1.3693459,0.7972745,1,0,test,7.0,7.0,0.0,1.0,0.0,0.0,0.00967118,0.0,0,0,1,1,0
43768,-1,0,-0.4697159,0.3846835,0,1,unassigned,50.0,50.0,0.0,1.0,0.0,0.0,0.092843324,0.0,0,0,0,0,0
43769,-1,0,0.7364102,0.67621034,1,1,unassigned,9.0,9.0,0.0,1.0,0.0,0.0,0.013539651,0.0,0,0,0,1,0
43770,-1,1,-0.7381654,0.32340544,0,1,unassigned,224.0,218.0,6.0,0.97321427,0.026785715,0.026785731,0.42940038,0.011501797,1,0,0,0,0
43771,-1,0,-0.78379256,0.3135031,0,1,unassigned,11.0,11.0,0.0,1.0,0.0,0.0,0.017408123,0.0,0,0,0,0,0
43772,-1,0,-0.06535381,0.4836673,0,1,unassigned,34.0,34.0,0.0,1.0,0.0,0.0,0.061895553,0.0,0,0,0,0,0
43773,1,1,-0.6765672,0.33702788,0,1,test,122.0,118.0,4.0,0.9672131,0.032786883,0.032786906,0.23210831,0.0076101082,1,0,0,0,0
43774,-1,1,1.1660755,0.76243496,1,1,unassigned,7.0,7.0,0.0,1.0,0.0,0.0,0.00967118,0.0,1,0,0,1,0
43775,0,1,-0.09694183,0.47578353,0,0,val,13.0,13.0,0.0,1.0,0.0,0.0,0.021276595,0.0,1,0,1,0,0
43776,-1,1,1.5485864,0.8247095,1,1,unassigned,5.0,5.0,0.0,1.0,0.0,0.0,0.0058027077,0.0,1,0,0,1,0
43777,-1,1,3.3050416,0.9646014,1,1,unassigned,2.0,2.0,0.0,1.0,0.0,0.0,0.0,0.0,1,0,0,1,1
43778,-1,0,3.4643805,0.96965706,1,1,unassigned,4.0,4.0,0.0,1.0,0.0,0.0,0.003868472,0.0,0,0,0,1,1
43779,-1,1,-0.09243721,0.47690716,0,1,unassigned,38.0,36.0,2.0,0.94736844,0.05263158,0.052631557,0.06963249,0.0036648682,1,0,0,0,0
43780,-1,0,-0.12845746,0.46792972,0,1,unassigned,68.0,67.0,1.0,0.9852941,0.014705882,0.014705896,0.12765957,0.0018773467,0,0,0,0,0
43781,-1,1,-0.24299496,0.43954843,0,1,unassigned,32.0,31.0,1.0,0.96875,0.03125,0.03125,0.058027077,0.0018133462,1,0,0,0,0
43782,-1,1,-0.42379892,0.39560807,0,1,unassigned,41.0,41.0,0.0,1.0,0.0,0.0,0.07543521,0.0,1,0,0,0,0
43783,-1,1,-0.3700925,0.4085187,0,1,unassigned,16.0,16.0,0.0,1.0,0.0,0.0,0.027079303,0.0,1,0,0,0,0
43784,-1,0,-0.8093002,0.30803964,0,1,unassigned,32.0,32.0,0.0,1.0,0.0,0.0,0.058027077,0.0,0,0,0,0,0
43785,-1,1,2.7859426,0.94191146,1,1,unassigned,25.0,24.0,1.0,0.96,0.04,0.04000002,0.044487428,0.001779497,1,0,0,1,1
43786,-1,0,0.2667722,0.56630033,1,1,unassigned,4.0,4.0,0.0,1.0,0.0,0.0,0.003868472,0.0,0,0,0,1,0
43787,-1,1,-0.47429085,0.38360113,0,1,unassigned,19.0,16.0,3.0,0.84210527,0.15789473,0.15789473,0.032882012,0.0051918966,1,0,0,0,0
43788,-1,1,1.8716419,0.86664814,1,1,unassigned,3.0,3.0,0.0,1.0,0.0,0.0,0.001934236,0.0,1,0,0,1,0
43789,1,1,7.2448516,0.9992867,1,0,unassigned,7.0,7.0,0.0,1.0,0.0,0.0,0.00967118,0.0,1,0,1,1,1
43790,1,1,1.5136328,0.8195989,1,0,unassigned,14.0,12.0,2.0,0.85714287,0.14285715,0.14285713,0.023210831,0.0033158332,1,0,1,1,0
43791,-1,0,2.1047819,0.891367,1,1,unassigned,11.0,8.0,3.0,0.72727275,0.27272728,0.27272725,0.017408123,0.00474767,0,0,0,1,0
43792,-1,0,-0.009394169,0.49765146,0,1,unassigned,7.0,7.0,0.0,1.0,0.0,0.0,0.00967118,0.0,0,0,0,0,0
43793,-1,0,-0.2690482,0.43314078,0,1,unassigned,21.0,21.0,0.0,1.0,0.0,0.0,0.036750484,0.0,0,0,0,0,0
43794,-1,1,2.6657956,0.93497795,1,1,unassigned,17.0,16.0,1.0,0.9411765,0.05882353,0.058823526,0.029013539,0.0017066788,1,0,0,1,1
43795,-1,0,-0.5627506,0.36291128,0,1,unassigned,9.0,9.0,0.0,1.0,0.0,0.0,0.013539651,0.0,0,0,0,0,0
43796,-1,1,0.12320906,0.5307633,1,1,unassigned,2.0,2.0,0.0,1.0,0.0,0.0,0.0,0.0,1,0,0,1,0
43797,-1,0,0.779185,0.68550444,1,1,unassigned,3.0,3.0,0.0,1.0,0.0,0.0,0.001934236,0.0,0,0,0,1,0
43798,-1,0,0.006661415,0.50166535,1,1,unassigned,3.0,3.0,0.0,1.0,0.0,0.0,0.001934236,0.0,0,0,0,1,0
43799,-1,1,-0.6083263,0.35244107,0,1,unassigned,71.0,66.0,5.0,0.92957747,0.07042254,0.07042253,0.13346228,0.009398753,1,0,0,0,0
43800,-1,0,-0.8098163,0.30792964,0,1,unassigned,28.0,27.0,1.0,0.96428573,0.035714287,0.03571427,0.050290134,0.0017960763,0,0,0,0,0
43801,-1,0,-0.30226263,0.42500445,0,1,unassigned,59.0,59.0,0.0,1.0,0.0,0.0,0.11025145,0.0,0,0,0,0,0
43802,-1,1,0.47923023,0.6175661,1,1,unassigned,2.0,2.0,0.0,1.0,0.0,0.0,0.0,0.0,1,0,0,1,0
43803,-1,1,0.5804445,0.6411697,1,1,unassigned,2.0,1.0,1.0,0.5,0.5,0.5,0.0,0.0,1,0,0,1,0
43804,-1,1,-0.57065344,0.36108604,0,1,unassigned,35.0,35.0,0.0,1.0,0.0,0.0,0.06382979,0.0,1,0,0,0,0
43805,-1,1,-0.05524212,0.48619297,0,1,unassigned,45.0,43.0,2.0,0.95555556,0.044444446,0.04444444,0.08317215,0.0036965401,1,0,0,0,0
43806,-1,1,-0.21733797,0.4458784,0,1,unassigned,45.0,42.0,3.0,0.93333334,0.06666667,0.06666666,0.08317215,0.00554481,1,0,0,0,0
43807,-1,1,-0.40367168,0.40043053,0,1,unassigned,11.0,11.0,0.0,1.0,0.0,0.0,0.017408123,0.0,1,0,0,0,0
43808,1,0,0.12506849,0.5312264,1,0,unassigned,3.0,3.0,0.0,1.0,0.0,0.0,0.001934236,0.0,0,0,1,1,0
43809,-1,0,2.5217621,0.9256534,1,1,unassigned,4.0,3.0,1.0,0.75,0.25,0.25,0.003868472,0.000967118,0,0,0,1,1
43810,-1,0,3.3118107,0.96483177,1,1,unassigned,7.0,7.0,0.0,1.0,0.0,0.0,0.00967118,0.0,0,0,0,1,1
43811,-1,0,1.4418886,0.80874693,1,1,unassigned,4.0,4.0,0.0,1.0,0.0,0.0,0.003868472,0.0,0,0,0,1,0
43812,-1,1,-0.64924735,0.34315917,0,1,unassigned,2.0,2.0,0.0,1.0,0.0,0.0,0.0,0.0,1,0,0,0,0
43813,-1,1,0.5183467,0.6267611,1,1,unassigned,4.0,3.0,1.0,0.75,0.25,0.25,0.003868472,0.000967118,1,0,0,1,0
43814,1,1,-0.16492507,0.45886198,0,1,test,46.0,46.0,0.0,1.0,0.0,0.0,0.08510638,0.0,1,0,0,0,0
43815,-1,0,1.2047534,0.7693693,1,1,unassigned,19.0,18.0,1.0,0.94736844,0.05263158,0.052631557,0.032882012,0.0017306323,0,0,0,1,0
43816,0,0,-0.5624621,0.36297795,0,0,unassigned,2.0,2.0,0.0,1.0,0.0,0.0,0.0,0.0,0,0,1,0,0
43817,1,0,-0.44053504,0.39161348,0,1,test,34.0,33.0,1.0,0.9705882,0.029411765,0.029411793,0.061895553,0.0018204574,0,0,0,0,0
43818,-1,1,8.91999,0.99986637,1,1,unassigned,3.0,2.0,1.0,0.6666667,0.33333334,0.3333333,0.001934236,0.00064474536,1,0,0,1,1
43819,-1,1,-0.04838264,0.4879067,0,1,unassigned,64.0,59.0,5.0,0.921875,0.078125,0.078125,0.11992263,0.009368955,1,0,0,0,0
43820,-1,0,4.2033906,0.98527527,1,1,unassigned,3.0,3.0,0.0,1.0,0.0,0.0,0.001934236,0.0,0,0,0,1,1
43821,-1,1,4.889808,0.9925333,1,1,unassigned,10.0,10.0,0.0,1.0,0.0,0.0,0.015473888,0.0,1,0,0,1,1
43822,-1,1,0.07141107,0.5178452,1,1,unassigned,48.0,48.0,0.0,1.0,0.0,0.0,0.088974856,0.0,1,0,0,1,0
43823,0,1,-0.5781988,0.35934713,0,0,test,48.0,48.0,0.0,1.0,0.0,0.0,0.088974856,0.0,1,0,1,0,0
43824,-1,1,4.419061,0.98809785,1,1,unassigned,8.0,8.0,0.0,1.0,0.0,0.0,0.0116054155,0.0,1,0,0,1,1
43825,-1,1,1.2978563,0.785474,1,1,unassigned,18.0,18.0,0.0,1.0,0.0,0.0,0.030947777,0.0,1,0,0,1,0
43826,-1,1,2.3119547,0.9098623,1,1,unassigned,2.0,2.0,0.0,1.0,0.0,0.0,0.0,0.0,1,0,0,1,1
43827,-1,1,5.1816087,0.9944125,1,1,unassigned,14.0,14.0,0.0,1.0,0.0,0.0,0.023210831,0.0,1,0,0,1,1
43828,-1,1,4.4482703,0.98843646,1,1,unassigned,11.0,11.0,0.0,1.0,0.0,0.0,0.017408123,0.0,1,0,0,1,1
43829,-1,1,8.1846695,0.9997211,1,1,unassigned,14.0,14.0,0.0,1.0,0.0,0.0,0.023210831,0.0,1,0,0,1,1
43830,-1,1,2.6285808,0.93267846,1,1,unassigned,2.0,2.0,0.0,1.0,0.0,0.0,0.0,0.0,1,0,0,1,1
43831,-1,0,0.9814175,0.7273894,1,1,unassigned,3.0,3.0,0.0,1.0,0.0,0.0,0.001934236,0.0,0,0,0,1,0
43832,-1,0,-0.4690211,0.38484797,0,1,unassigned,7.0,6.0,1.0,0.85714287,0.14285715,0.14285713,0.00967118,0.0013815971,0,0,0,0,0
43833,0,1,1.9448864,0.874888,1,1,unassigned,14.0,13.0,1.0,0.9285714,0.071428575,0.0714286,0.023210831,0.0016579166,1,0,0,1,0
43834,-1,0,1.6873481,0.8438751,1,1,unassigned,4.0,4.0,0.0,1.0,0.0,0.0,0.003868472,0.0,0,0,0,1,0
43835,-1,1,1.2947369,0.78494793,1,1,unassigned,3.0,3.0,0.0,1.0,0.0,0.0,0.001934236,0.0,1,0,0,1,0
43836,-1,0,3.8647063,0.9794616,1,1,unassigned,5.0,5.0,0.0,1.0,0.0,0.0,0.0058027077,0.0,0,0,0,1,1
43837,-1,1,-0.091584325,0.47711992,0,1,unassigned,2.0,2.0,0.0,1.0,0.0,0.0,0.0,0.0,1,0,0,0,0
43838,-1,1,-0.7556405,0.31959352,0,1,unassigned,10.0,10.0,0.0,1.0,0.0,0.0,0.015473888,0.0,1,0,0,0,0
43839,-1,0,-0.9983202,0.26927182,0,1,unassigned,32.0,31.0,1.0,0.96875,0.03125,0.03125,0.058027077,0.0018133462,0,0,0,0,0
43840,-1,0,0.5035098,0.62328374,1,1,unassigned,8.0,8.0,0.0,1.0,0.0,0.0,0.0116054155,0.0,0,0,0,1,0
43841,-1,0,1.319843,0.7891556,1,1,unassigned,9.0,9.0,0.0,1.0,0.0,0.0,0.013539651,0.0,0,0,0,1,0
43842,-1,1,2.235326,0.9033773,1,1,unassigned,7.0,6.0,1.0,0.85714287,0.14285715,0.14285713,0.00967118,0.0013815971,1,0,0,1,1
43843,-1,0,-0.29735792,0.4262035,0,1,unassigned,23.0,23.0,0.0,1.0,0.0,0.0,0.040618956,0.0,0,0,0,0,0
43844,-1,1,0.87049943,0.7048496,1,1,unassigned,19.0,19.0,0.0,1.0,0.0,0.0,0.032882012,0.0,1,0,0,1,0
43845,-1,1,-0.5057444,0.37619168,0,1,unassigned,25.0,22.0,3.0,0.88,0.12,0.120000005,0.044487428,0.0053384914,1,0,0,0,0
43846,-1,1,5.1936145,0.9944787,1,1,unassigned,9.0,8.0,1.0,0.8888889,0.11111111,0.111111104,0.013539651,0.0015044058,1,0,0,1,1
43847,-1,1,1.8701937,0.86648077,1,1,unassigned,12.0,12.0,0.0,1.0,0.0,0.0,0.01934236,0.0,1,0,0,1,0
43848,1,1,3.2382154,0.9622474,1,0,val,24.0,24.0,0.0,1.0,0.0,0.0,0.04255319,0.0,1,0,1,1,1
43849,-1,1,7.8408074,0.9996068,1,1,unassigned,10.0,8.0,2.0,0.8,0.2,0.19999999,0.015473888,0.0030947777,1,0,0,1,1
43850,-1,1,5.1331496,0.9941366,1,1,unassigned,23.0,21.0,2.0,0.9130435,0.08695652,0.0869565,0.040618956,0.0035320832,1,0,0,1,1
43851,-1,1,3.779743,0.9776809,1,1,unassigned,20.0,20.0,0.0,1.0,0.0,0.0,0.034816246,0.0,1,0,0,1,1
43852,1,1,0.37527615,0.59273326,1,0,unassigned,37.0,34.0,3.0,0.9189189,0.08108108,0.08108109,0.06769826,0.005489048,1,0,1,1,0
43853,-1,1,0.9287637,0.7168244,1,1,unassigned,9.0,9.0,0.0,1.0,0.0,0.0,0.013539651,0.0,1,0,0,1,0
43854,-1,1,2.7421968,0.9394711,1,1,unassigned,2.0,2.0,0.0,1.0,0.0,0.0,0.0,0.0,1,0,0,1,1
43855,-1,0,-0.5130879,0.37446994,0,1,unassigned,16.0,13.0,3.0,0.8125,0.1875,0.1875,0.027079303,0.0050773695,0,0,0,0,0
43856,-1,1,0.29632092,0.57354283,1,1,unassigned,6.0,6.0,0.0,1.0,0.0,0.0,0.007736944,0.0,1,0,0,1,0
43857,-1,1,3.093691,0.9566317,1,1,unassigned,5.0,5.0,0.0,1.0,0.0,0.0,0.0058027077,0.0,1,0,0,1,1
43858,-1,1,0.010914743,0.50272864,1,1,unassigned,25.0,24.0,1.0,0.96,0.04,0.04000002,0.044487428,0.001779497,1,0,0,1,0
43859,-1,0,-0.48557502,0.38093653,0,1,unassigned,38.0,37.0,1.0,0.9736842,0.02631579,0.026315808,0.06963249,0.0018324341,0,0,0,0,0
43860,1,0,9.200612,0.999899,1,0,test,11.0,10.0,1.0,0.90909094,0.09090909,0.090909064,0.017408123,0.0015825568,0,0,1,1,1
43861,-1,1,7.208839,0.9992605,1,1,unassigned,7.0,6.0,1.0,0.85714287,0.14285715,0.14285713,0.00967118,0.0013815971,1,0,0,1,1
43862,-1,0,-0.61359763,0.35123897,0,1,unassigned,25.0,25.0,0.0,1.0,0.0,0.0,0.044487428,0.0,0,0,0,0,0
43863,-1,0,-0.61809564,0.35021466,0,1,unassigned,4.0,4.0,0.0,1.0,0.0,0.0,0.003868472,0.0,0,0,0,0,0
43864,-1,0,-0.10967493,0.47260872,0,1,unassigned,10.0,9.0,1.0,0.9,0.1,0.100000024,0.015473888,0.0015473888,0,0,0,0,0
43865,0,0,-0.37708965,0.40682903,0,0,val,22.0,8.0,14.0,0.36363637,0.6363636,0.6363636,0.03868472,0.024617547,0,0,1,0,0
43866,-1,0,-0.03914708,0.49021447,0,1,unassigned,20.0,20.0,0.0,1.0,0.0,0.0,0.034816246,0.0,0,0,0,0,0
43867,-1,0,-0.2699818,0.43291157,0,1,unassigned,4.0,4.0,0.0,1.0,0.0,0.0,0.003868472,0.0,0,0,0,0,0
43868,-1,1,3.430817,0.9686538,1,1,unassigned,21.0,21.0,0.0,1.0,0.0,0.0,0.036750484,0.0,1,0,0,1,1
43869,-1,1,3.071329,0.95569444,1,1,unassigned,2.0,2.0,0.0,1.0,0.0,0.0,0.0,0.0,1,0,0,1,1
43870,0,0,-0.98075277,0.27274245,0,0,test,6.0,6.0,0.0,1.0,0.0,0.0,0.007736944,0.0,0,0,1,0,0
43871,-1,0,5.915301,0.99730945,1,1,unassigned,2.0,1.0,1.0,0.5,0.5,0.5,0.0,0.0,0,0,0,1,1
43872,-1,1,3.140143,0.9585185,1,1,unassigned,4.0,4.0,0.0,1.0,0.0,0.0,0.003868472,0.0,1,0,0,1,1
43873,-1,0,1.0931201,0.74896884,1,1,unassigned,3.0,3.0,0.0,1.0,0.0,0.0,0.001934236,0.0,0,0,0,1,0
43874,-1,0,0.3849334,0.59506243,1,1,unassigned,5.0,3.0,2.0,0.6,0.4,0.39999998,0.0058027077,0.002321083,0,0,0,1,0
43875,-1,0,4.931642,0.992837,1,1,unassigned,5.0,4.0,1.0,0.8,0.2,0.19999999,0.0058027077,0.0011605415,0,0,0,1,1
43876,-1,1,14.8523655,0.99999964,1,1,unassigned,2.0,2.0,0.0,1.0,0.0,0.0,0.0,0.0,1,0,0,1,1
43877,-1,1,1.8276207,0.86147803,1,1,unassigned,2.0,2.0,0.0,1.0,0.0,0.0,0.0,0.0,1,0,0,1,0
43878,-1,0,7.9540677,0.9996489,1,1,unassigned,5.0,5.0,0.0,1.0,0.0,0.0,0.0058027077,0.0,0,0,0,1,1
43879,-1,1,0.5578242,0.63594896,1,1,unassigned,4.0,4.0,0.0,1.0,0.0,0.0,0.003868472,0.0,1,0,0,1,0
43880,-1,1,3.7881005,0.9778626,1,1,unassigned,2.0,1.0,1.0,0.5,0.5,0.5,0.0,0.0,1,0,0,1,1
43881,-1,0,6.265489,0.99810284,1,1,unassigned,20.0,15.0,5.0,0.75,0.25,0.25,0.034816246,0.008704062,0,0,0,1,1
43882,1,1,2.7282948,0.9386757,1,0,train,66.0,64.0,2.0,0.969697,0.030303031,0.030303001,0.123791106,0.0037512458,1,0,1,1,1
43883,-1,0,3.7564223,0.9771664,1,1,unassigned,2.0,2.0,0.0,1.0,0.0,0.0,0.0,0.0,0,0,0,1,1
43884,-1,1,1.0076377,0.7325576,1,1,unassigned,12.0,12.0,0.0,1.0,0.0,0.0,0.01934236,0.0,1,0,0,1,0
43885,-1,1,4.5461984,0.98950386,1,1,unassigned,37.0,33.0,4.0,0.8918919,0.10810811,0.1081081,0.06769826,0.0073187314,1,0,0,1,1
43886,1,1,1.4004023,0.80224776,1,0,test,94.0,90.0,4.0,0.9574468,0.04255319,0.042553186,0.17794971,0.0075723277,1,0,1,1,0
43887,-1,0,0.25434357,0.5632453,1,1,unassigned,2.0,2.0,0.0,1.0,0.0,0.0,0.0,0.0,0,0,0,1,0
43888,-1,0,-0.4520604,0.388871,0,1,unassigned,31.0,31.0,0.0,1.0,0.0,0.0,0.056092843,0.0,0,0,0,0,0
43889,-1,1,-0.503579,0.37669995,0,1,unassigned,39.0,38.0,1.0,0.974359,0.025641026,0.025641024,0.07156673,0.0018350444,1,0,0,0,0
43890,-1,0,0.55394083,0.6350494,1,1,unassigned,11.0,9.0,2.0,0.8181818,0.18181819,0.18181819,0.017408123,0.0031651135,0,0,0,1,0
43891,1,0,3.4656918,0.9696956,1,0,train,3.0,3.0,0.0,1.0,0.0,0.0,0.001934236,0.0,0,0,1,1,1
43892,-1,0,3.766483,0.97738975,1,1,unassigned,9.0,5.0,4.0,0.5555556,0.44444445,0.44444442,0.013539651,0.006017623,0,0,0,1,1
43893,-1,0,0.15341288,0.53827816,1,1,unassigned,3.0,3.0,0.0,1.0,0.0,0.0,0.001934236,0.0,0,0,0,1,0
43894,-1,0,-0.3158107,0.42169702,0,1,unassigned,14.0,14.0,0.0,1.0,0.0,0.0,0.023210831,0.0,0,0,0,0,0
43895,-1,0,3.7488558,0.97699696,1,1,unassigned,2.0,2.0,0.0,1.0,0.0,0.0,0.0,0.0,0,0,0,1,1
43896,-1,0,3.3598778,0.96642685,1,1,unassigned,8.0,8.0,0.0,1.0,0.0,0.0,0.0116054155,0.0,0,0,0,1,1
43897,-1,1,2.0075252,0.8815849,1,1,unassigned,17.0,17.0,0.0,1.0,0.0,0.0,0.029013539,0.0,1,0,0,1,0
43898,-1,1,2.60757,0.9313472,1,1,unassigned,38.0,38.0,0.0,1.0,0.0,0.0,0.06963249,0.0,1,0,0,1,1
43899,-1,1,-0.5409977,0.3679555,0,1,unassigned,54.0,54.0,0.0,1.0,0.0,0.0,0.10058027,0.0,1,0,0,0,0
43900,-1,1,0.29841036,0.5740539,1,1,unassigned,71.0,71.0,0.0,1.0,0.0,0.0,0.13346228,0.0,1,0,0,1,0
43901,-1,0,-0.05866748,0.48533738,0,1,unassigned,15.0,15.0,0.0,1.0,0.0,0.0,0.025145067,0.0,0,0,0,0,0
43902,-1,1,0.8037675,0.6907798,1,1,unassigned,81.0,81.0,0.0,1.0,0.0,0.0,0.15280464,0.0,1,0,0,1,0
43903,-1,1,2.2043774,0.900642,1,1,unassigned,9.0,9.0,0.0,1.0,0.0,0.0,0.013539651,0.0,1,0,0,1,1
43904,-1,1,-0.6828578,0.33562374,0,1,unassigned,47.0,46.0,1.0,0.9787234,0.021276595,0.021276593,0.08704062,0.001851928,1,0,0,0,0
43905,-1,1,0.24864036,0.5618418,1,1,unassigned,110.0,107.0,3.0,0.9727273,0.027272727,0.027272701,0.20889749,0.0056972043,1,0,0,1,0
43906,-1,1,1.1614034,0.7615877,1,1,unassigned,24.0,22.0,2.0,0.9166667,0.083333336,0.08333331,0.04255319,0.0035460992,1,0,0,1,0
43907,-1,1,-0.18463674,0.4539715,0,1,unassigned,30.0,30.0,0.0,1.0,0.0,0.0,0.054158606,0.0,1,0,0,0,0
43908,-1,1,3.1788504,0.96003056,1,1,unassigned,69.0,67.0,2.0,0.9710145,0.028985508,0.0289855,0.1295938,0.0037563422,1,0,0,1,1
43909,1,1,0.053555667,0.5133857,1,0,unassigned,13.0,13.0,0.0,1.0,0.0,0.0,0.021276595,0.0,1,0,1,1,0
43910,0,0,-0.7415256,0.32267064,0,0,unassigned,5.0,5.0,0.0,1.0,0.0,0.0,0.0058027077,0.0,0,0,1,0,0
43911,0,0,-0.63315004,0.34679663,0,0,test,8.0,8.0,0.0,1.0,0.0,0.0,0.0116054155,0.0,0,0,1,0,0
43912,-1,0,0.9143364,0.7138867,1,1,unassigned,4.0,4.0,0.0,1.0,0.0,0.0,0.003868472,0.0,0,0,0,1,0
43913,-1,1,0.514818,0.62593526,1,1,unassigned,4.0,4.0,0.0,1.0,0.0,0.0,0.003868472,0.0,1,0,0,1,0
43914,-1,1,2.8668063,0.9461809,1,1,unassigned,4.0,4.0,0.0,1.0,0.0,0.0,0.003868472,0.0,1,0,0,1,1
43915,-1,0,-0.84880865,0.29968283,0,1,unassigned,52.0,51.0,1.0,0.9807692,0.01923077,0.019230783,0.0967118,0.0018598423,0,0,0,0,0
43916,-1,0,-0.5068223,0.3759387,0,1,unassigned,26.0,26.0,0.0,1.0,0.0,0.0,0.046421662,0.0,0,0,0,0,0
43917,-1,0,-0.9885641,0.2711958,0,1,unassigned,2.0,2.0,0.0,1.0,0.0,0.0,0.0,0.0,0,0,0,0,0
43918,-1,0,3.7115471,0.97614336,1,1,unassigned,6.0,5.0,1.0,0.8333333,0.16666667,0.16666669,0.007736944,0.0012894907,0,0,0,1,1
43919,-1,0,10.233355,0.999964,1,1,unassigned,2.0,2.0,0.0,1.0,0.0,0.0,0.0,0.0,0,0,0,1,1
43920,0,0,-0.14469594,0.46388897,0,0,unassigned,26.0,26.0,0.0,1.0,0.0,0.0,0.046421662,0.0,0,0,1,0,0
43921,1,1,6.39479,0.99833256,1,0,test,5.0,5.0,0.0,1.0,0.0,0.0,0.0058027077,0.0,1,0,1,1,1
43922,-1,0,-0.69317806,0.33332646,0,1,unassigned,49.0,49.0,0.0,1.0,0.0,0.0,0.09090909,0.0,0,0,0,0,0
43923,-1,0,1.734134,0.8499405,1,1,unassigned,27.0,27.0,0.0,1.0,0.0,0.0,0.0483559,0.0,0,0,0,1,0
43924,-1,0,0.33631206,0.5832944,1,1,unassigned,5.0,5.0,0.0,1.0,0.0,0.0,0.0058027077,0.0,0,0,0,1,0
43925,-1,0,2.480941,0.9227949,1,1,unassigned,10.0,10.0,0.0,1.0,0.0,0.0,0.015473888,0.0,0,0,0,1,1
43926,-1,0,-0.19972879,0.4502331,0,1,unassigned,12.0,10.0,2.0,0.8333333,0.16666667,0.16666669,0.01934236,0.0032237265,0,0,0,0,0
43927,-1,0,-0.08237767,0.47941718,0,1,unassigned,14.0,14.0,0.0,1.0,0.0,0.0,0.023210831,0.0,0,0,0,0,0
43928,-1,1,-0.58444774,0.35790983,0,1,unassigned,31.0,28.0,3.0,0.9032258,0.09677419,0.09677422,0.056092843,0.0054283394,1,0,0,0,0
43929,-1,0,-0.5840644,0.3579979,0,1,unassigned,42.0,42.0,0.0,1.0,0.0,0.0,0.07736944,0.0,0,0,0,0,0
43930,1,0,3.7686932,0.9774385,1,0,unassigned,10.0,9.0,1.0,0.9,0.1,0.100000024,0.015473888,0.0015473888,0,0,1,1,1
43931,-1,1,3.5590389,0.9723217,1,1,unassigned,68.0,67.0,1.0,0.9852941,0.014705882,0.014705896,0.12765957,0.0018773467,1,0,0,1,1
43932,-1,0,8.061664,0.9996847,1,1,unassigned,3.0,3.0,0.0,1.0,0.0,0.0,0.001934236,0.0,0,0,0,1,1
43933,-1,1,-0.13886598,0.46533918,0,1,unassigned,25.0,25.0,0.0,1.0,0.0,0.0,0.044487428,0.0,1,0,0,0,0
43934,-1,1,0.030550063,0.50763696,1,1,unassigned,28.0,27.0,1.0,0.96428573,0.035714287,0.03571427,0.050290134,0.0017960763,1,0,0,1,0
43935,-1,1,-0.7925839,0.31161413,0,1,unassigned,48.0,45.0,3.0,0.9375,0.0625,0.0625,0.088974856,0.0055609285,1,0,0,0,0
43936,0,1,0.14631563,0.5365138,1,1,test,15.0,15.0,0.0,1.0,0.0,0.0,0.025145067,0.0,1,0,0,1,0
43937,-1,1,4.5474086,0.98951644,1,1,unassigned,4.0,4.0,0.0,1.0,0.0,0.0,0.003868472,0.0,1,0,0,1,1
43938,-1,1,3.2992887,0.96440434,1,1,unassigned,3.0,3.0,0.0,1.0,0.0,0.0,0.001934236,0.0,1,0,0,1,1
43939,-1,0,6.500873,0.9985001,1,1,unassigned,2.0,2.0,0.0,1.0,0.0,0.0,0.0,0.0,0,0,0,1,1
43940,-1,0,5.8500314,0.9971284,1,1,unassigned,2.0,2.0,0.0,1.0,0.0,0.0,0.0,0.0,0,0,0,1,1
43941,1,1,-0.46625766,0.38550237,0,1,unassigned,35.0,33.0,2.0,0.94285715,0.057142857,0.057142854,0.06382979,0.0036474164,1,0,0,0,0
43942,-1,0,9.527727,0.99992716,1,1,unassigned,6.0,6.0,0.0,1.0,0.0,0.0,0.007736944,0.0,0,0,0,1,1
43943,-1,0,0.44625753,0.6097491,1,1,unassigned,2.0,1.0,1.0,0.5,0.5,0.5,0.0,0.0,0,0,0,1,0
43944,-1,0,-0.4258565,0.39511618,0,1,unassigned,4.0,4.0,0.0,1.0,0.0,0.0,0.003868472,0.0,0,0,0,0,0
43945,-1,0,0.9305311,0.71718305,1,1,unassigned,7.0,6.0,1.0,0.85714287,0.14285715,0.14285713,0.00967118,0.0013815971,0,0,0,1,0
43946,-1,0,9.593542,0.9999318,1,1,unassigned,2.0,2.0,0.0,1.0,0.0,0.0,0.0,0.0,0,0,0,1,1
43947,-1,1,2.000182,0.88081616,1,1,unassigned,3.0,3.0,0.0,1.0,0.0,0.0,0.001934236,0.0,1,0,0,1,0
43948,1,0,8.729906,0.99983835,1,0,unassigned,3.0,3.0,0.0,1.0,0.0,0.0,0.001934236,0.0,0,0,1,1,1
43949,0,1,-0.6209761,0.34955952,0,0,val,54.0,54.0,0.0,1.0,0.0,0.0,0.10058027,0.0,1,0,1,0,0
43950,-1,1,0.6724649,0.6620549,1,1,unassigned,4.0,4.0,0.0,1.0,0.0,0.0,0.003868472,0.0,1,0,0,1,0
43951,-1,1,-0.15164268,0.46216178,0,1,unassigned,25.0,22.0,3.0,0.88,0.12,0.120000005,0.044487428,0.0053384914,1,0,0,0,0
43952,-1,0,9.536324,0.99992776,1,1,unassigned,2.0,2.0,0.0,1.0,0.0,0.0,0.0,0.0,0,0,0,1,1
43953,0,0,-0.6319375,0.34707135,0,0,unassigned,21.0,20.0,1.0,0.95238096,0.04761905,0.047619045,0.036750484,0.0017500231,0,0,1,0,0
43954,-1,0,-0.4494834,0.38948363,0,1,unassigned,13.0,13.0,0.0,1.0,0.0,0.0,0.021276595,0.0,0,0,0,0,0
43955,0,0,-0.14830792,0.4629908,0,0,test,21.0,19.0,2.0,0.9047619,0.0952381,0.09523809,0.036750484,0.0035000462,0,0,1,0,0
43956,-1,1,-0.19777054,0.4507179,0,1,unassigned,58.0,51.0,7.0,0.87931037,0.12068965,0.12068963,0.10831721,0.013072766,1,0,0,0,0
43957,-1,0,-0.7418195,0.32260638,0,1,unassigned,3.0,2.0,1.0,0.6666667,0.33333334,0.3333333,0.001934236,0.00064474536,0,0,0,0,0
43958,1,1,12.078037,0.9999943,1,0,val,2.0,2.0,0.0,1.0,0.0,0.0,0.0,0.0,1,0,1,1,1
43959,-1,0,-0.643867,0.34437293,0,1,unassigned,45.0,45.0,0.0,1.0,0.0,0.0,0.08317215,0.0,0,0,0,0,0
43960,-1,0,1.274581,0.78152597,1,1,unassigned,2.0,2.0,0.0,1.0,0.0,0.0,0.0,0.0,0,0,0,1,0
43961,-1,0,-0.0677892,0.4830592,0,1,unassigned,17.0,16.0,1.0,0.9411765,0.05882353,0.058823526,0.029013539,0.0017066788,0,0,0,0,0
43962,-1,1,2.8892057,0.9473102,1,1,unassigned,3.0,3.0,0.0,1.0,0.0,0.0,0.001934236,0.0,1,0,0,1,1
43963,-1,0,1.2770858,0.7819533,1,1,unassigned,7.0,6.0,1.0,0.85714287,0.14285715,0.14285713,0.00967118,0.0013815971,0,0,0,1,0
43964,-1,0,-0.7934456,0.31142932,0,1,unassigned,18.0,18.0,0.0,1.0,0.0,0.0,0.030947777,0.0,0,0,0,0,0
43965,-1,0,0.06368095,0.51591486,1,1,unassigned,12.0,12.0,0.0,1.0,0.0,0.0,0.01934236,0.0,0,0,0,1,0
43966,-1,0,3.3253448,0.96528816,1,1,unassigned,6.0,6.0,0.0,1.0,0.0,0.0,0.007736944,0.0,0,0,0,1,1
43967,1,0,0.37422472,0.5924794,1,0,unassigned,23.0,23.0,0.0,1.0,0.0,0.0,0.040618956,0.0,0,0,1,1,0
43968,-1,0,0.11147052,0.5278388,1,1,unassigned,30.0,29.0,1.0,0.96666664,0.033333335,0.03333336,0.054158606,0.001805287,0,0,0,1,0
43969,-1,0,-0.30596706,0.42409945,0,1,unassigned,52.0,51.0,1.0,0.9807692,0.01923077,0.019230783,0.0967118,0.0018598423,0,0,0,0,0
43970,-1,0,0.4189434,0.60323036,1,1,unassigned,5.0,5.0,0.0,1.0,0.0,0.0,0.0058027077,0.0,0,0,0,1,0
43971,-1,0,1.6161771,0.83426726,1,1,unassigned,22.0,21.0,1.0,0.95454544,0.045454547,0.04545456,0.03868472,0.0017583964,0,0,0,1,0
43972,-1,0,1.0650041,0.74364567,1,1,unassigned,2.0,2.0,0.0,1.0,0.0,0.0,0.0,0.0,0,0,0,1,0
43973,1,1,5.359105,0.995317,1,0,unassigned,18.0,17.0,1.0,0.9444444,0.055555556,0.055555582,0.030947777,0.0017193209,1,0,1,1,1
43974,1,0,0.71953565,0.6725048,1,0,test,37.0,37.0,0.0,1.0,0.0,0.0,0.06769826,0.0,0,0,1,1,0
43975,-1,0,-0.34987557,0.4134126,0,1,unassigned,78.0,77.0,1.0,0.98717946,0.012820513,0.012820542,0.14700194,0.0018846402,0,0,0,0,0
43976,1,1,2.040671,0.8850016,1,0,unassigned,20.0,20.0,0.0,1.0,0.0,0.0,0.034816246,0.0,1,0,1,1,0
43977,1,0,-0.5452419,0.36696902,0,1,unassigned,37.0,37.0,0.0,1.0,0.0,0.0,0.06769826,0.0,0,0,0,0,0
43978,-1,1,3.6874382,0.9755754,1,1,unassigned,42.0,39.0,3.0,0.9285714,0.071428575,0.0714286,0.07736944,0.0055263885,1,0,0,1,1
43979,-1,1,-0.07681295,0.48080617,0,1,unassigned,49.0,46.0,3.0,0.93877554,0.06122449,0.06122446,0.09090909,0.005565863,1,0,0,0,0
43980,-1,1,3.1596725,0.95928824,1,1,unassigned,16.0,16.0,0.0,1.0,0.0,0.0,0.027079303,0.0,1,0,0,1,1
43981,-1,0,0.98969144,0.729027,1,1,unassigned,3.0,2.0,1.0,0.6666667,0.33333334,0.3333333,0.001934236,0.00064474536,0,0,0,1,0
43982,-1,1,-0.80428433,0.3091098,0,1,unassigned,108.0,91.0,17.0,0.8425926,0.1574074,0.1574074,0.20502901,0.032273084,1,0,0,0,0
43983,-1,0,-0.58899945,0.35686445,0,1,unassigned,24.0,24.0,0.0,1.0,0.0,0.0,0.04255319,0.0,0,0,0,0,0
43984,-1,1,2.4437053,0.9200999,1,1,unassigned,22.0,19.0,3.0,0.8636364,0.13636364,0.13636363,0.03868472,0.005275189,1,0,0,1,1
43985,-1,0,1.1479392,0.7591343,1,1,unassigned,2.0,1.0,1.0,0.5,0.5,0.5,0.0,0.0,0,0,0,1,0
43986,1,0,2.8909788,0.94739866,1,0,unassigned,5.0,3.0,2.0,0.6,0.4,0.39999998,0.0058027077,0.002321083,0,0,1,1,1
43987,-1,1,3.7124555,0.97616446,1,1,unassigned,2.0,2.0,0.0,1.0,0.0,0.0,0.0,0.0,1,0,0,1,1
43988,-1,0,-0.13936597,0.4652148,0,1,unassigned,2.0,2.0,0.0,1.0,0.0,0.0,0.0,0.0,0,0,0,0,0
43989,-1,1,-0.38926998,0.40389305,0,1,unassigned,106.0,106.0,0.0,1.0,0.0,0.0,0.20116054,0.0,1,0,0,0,0
43990,-1,1,1.156316,0.7606627,1,1,unassigned,4.0,4.0,0.0,1.0,0.0,0.0,0.003868472,0.0,1,0,0,1,0
43991,0,0,-0.10735226,0.47318769,0,0,unassigned,4.0,4.0,0.0,1.0,0.0,0.0,0.003868472,0.0,0,0,1,0,0
43992,-1,1,-0.48525155,0.3810128,0,1,unassigned,3.0,3.0,0.0,1.0,0.0,0.0,0.001934236,0.0,1,0,0,0,0
43993,1,1,4.4163775,0.9880662,1,0,train,2.0,2.0,0.0,1.0,0.0,0.0,0.0,0.0,1,0,1,1,1
43994,-1,1,7.707969,0.999551,1,1,unassigned,3.0,3.0,0.0,1.0,0.0,0.0,0.001934236,0.0,1,0,0,1,1
43995,1,0,5.9445004,0.99738663,1,0,unassigned,2.0,2.0,0.0,1.0,0.0,0.0,0.0,0.0,0,0,1,1,1
43996,-1,0,-0.24106953,0.4400228,0,1,unassigned,54.0,54.0,0.0,1.0,0.0,0.0,0.10058027,0.0,0,0,0,0,0
43997,-1,0,-0.17389989,0.45663425,0,1,unassigned,23.0,23.0,0.0,1.0,0.0,0.0,0.040618956,0.0,0,0,0,0,0
43998,-1,0,-0.14894846,0.4628316,0,1,unassigned,6.0,6.0,0.0,1.0,0.0,0.0,0.007736944,0.0,0,0,0,0,0
43999,1,0,1.7546966,0.85254425,1,0,val,2.0,2.0,0.0,1.0,0.0,0.0,0.0,0.0,0,0,1,1,0
44000,-1,1,4.0831466,0.98342496,1,1,unassigned,2.0,2.0,0.0,1.0,0.0,0.0,0.0,0.0,1,0,0,1,1
44001,-1,1,5.5563884,0.9961521,1,1,unassigned,8.0,8.0,0.0,1.0,0.0,0.0,0.0116054155,0.0,1,0,0,1,1
44002,-1,1,2.7496653,0.9398945,1,1,unassigned,3.0,3.0,0.0,1.0,0.0,0.0,0.001934236,0.0,1,0,0,1,1
44003,-1,0,0.8152104,0.69321865,1,1,unassigned,8.0,8.0,0.0,1.0,0.0,0.0,0.0116054155,0.0,0,0,0,1,0
44004,-1,0,0.4414943,0.60861504,1,1,unassigned,4.0,4.0,0.0,1.0,0.0,0.0,0.003868472,0.0,0,0,0,1,0
44005,1,1,0.63489336,0.6535982,1,0,test,19.0,18.0,1.0,0.94736844,0.05263158,0.052631557,0.032882012,0.0017306323,1,0,1,1,0
44006,-1,0,-0.020109951,0.49497268,0,1,unassigned,22.0,21.0,1.0,0.95454544,0.045454547,0.04545456,0.03868472,0.0017583964,0,0,0,0,0
44007,-1,0,-0.46182108,0.3865539,0,1,unassigned,62.0,61.0,1.0,0.983871,0.016129032,0.016129017,0.116054155,0.0018718411,0,0,0,0,0
44008,-1,1,20.226414,1.0,1,1,unassigned,119.0,69.0,50.0,0.57983196,0.42016807,0.42016804,0.2263056,0.09508639,1,0,0,1,1
44009,-1,1,0.9922996,0.7295419,1,1,unassigned,39.0,36.0,3.0,0.9230769,0.07692308,0.07692307,0.07156673,0.0055051334,1,0,0,1,0
44010,-1,0,-0.20990202,0.4477163,0,1,unassigned,5.0,5.0,0.0,1.0,0.0,0.0,0.0058027077,0.0,0,0,0,0,0
44011,-1,0,2.3786795,0.91518706,1,1,unassigned,2.0,2.0,0.0,1.0,0.0,0.0,0.0,0.0,0,0,0,1,1
44012,-1,0,4.9545517,0.9929981,1,1,unassigned,7.0,6.0,1.0,0.85714287,0.14285715,0.14285713,0.00967118,0.0013815971,0,0,0,1,1
44013,-1,0,1.4265277,0.80635977,1,1,unassigned,3.0,3.0,0.0,1.0,0.0,0.0,0.001934236,0.0,0,0,0,1,0
44014,-1,0,3.2737486,0.9635172,1,1,unassigned,4.0,3.0,1.0,0.75,0.25,0.25,0.003868472,0.000967118,0,0,0,1,1
44015,-1,0,12.1111765,0.9999945,1,1,unassigned,2.0,2.0,0.0,1.0,0.0,0.0,0.0,0.0,0,0,0,1,1
44016,-1,0,9.716286,0.9999397,1,1,unassigned,3.0,3.0,0.0,1.0,0.0,0.0,0.001934236,0.0,0,0,0,1,1
44017,-1,1,-0.040882647,0.48978075,0,1,unassigned,5.0,5.0,0.0,1.0,0.0,0.0,0.0058027077,0.0,1,0,0,0,0
44018,1,1,8.735611,0.9998392,1,0,val,21.0,21.0,0.0,1.0,0.0,0.0,0.036750484,0.0,1,0,1,1,1
44019,-1,1,-0.5276048,0.37107572,0,1,unassigned,60.0,58.0,2.0,0.96666664,0.033333335,0.03333336,0.11218569,0.003739523,1,0,0,0,0
44020,1,1,1.392129,0.8009319,1,0,val,8.0,8.0,0.0,1.0,0.0,0.0,0.0116054155,0.0,1,0,1,1,0
44021,0,1,-0.32023442,0.4206186,0,0,unassigned,49.0,47.0,2.0,0.9591837,0.040816326,0.040816307,0.09090909,0.0037105752,1,0,1,0,0
44022,-1,1,1.4585876,0.8113166,1,1,unassigned,3.0,3.0,0.0,1.0,0.0,0.0,0.001934236,0.0,1,0,0,1,0
44023,-1,0,8.694015,0.9998324,1,1,unassigned,3.0,3.0,0.0,1.0,0.0,0.0,0.001934236,0.0,0,0,0,1,1
44024,-1,0,-0.65798825,0.34119168,0,1,unassigned,19.0,18.0,1.0,0.94736844,0.05263158,0.052631557,0.032882012,0.0017306323,0,0,0,0,0
44025,-1,0,13.442758,0.99999857,1,1,unassigned,4.0,4.0,0.0,1.0,0.0,0.0,0.003868472,0.0,0,0,0,1,1
44026,-1,0,10.013462,0.9999552,1,1,unassigned,2.0,2.0,0.0,1.0,0.0,0.0,0.0,0.0,0,0,0,1,1
44027,-1,0,2.706774,0.93742514,1,1,unassigned,18.0,18.0,0.0,1.0,0.0,0.0,0.030947777,0.0,0,0,0,1,1
44028,-1,1,3.6291268,0.9741468,1,1,unassigned,30.0,29.0,1.0,0.96666664,0.033333335,0.03333336,0.054158606,0.001805287,1,0,0,1,1
44029,-1,1,1.8395555,0.86289614,1,1,unassigned,31.0,28.0,3.0,0.9032258,0.09677419,0.09677422,0.056092843,0.0054283394,1,0,0,1,0
44030,-1,0,5.7016864,0.9966708,1,1,unassigned,2.0,2.0,0.0,1.0,0.0,0.0,0.0,0.0,0,0,0,1,1
44031,-1,0,7.034697,0.99911994,1,1,unassigned,3.0,3.0,0.0,1.0,0.0,0.0,0.001934236,0.0,0,0,0,1,1
44032,-1,0,3.7356231,0.9766976,1,1,unassigned,20.0,20.0,0.0,1.0,0.0,0.0,0.034816246,0.0,0,0,0,1,1
44033,-1,0,0.1600231,0.5399206,1,1,unassigned,44.0,40.0,4.0,0.90909094,0.09090909,0.090909064,0.08123791,0.007385265,0,0,0,1,0
44034,1,0,2.7954214,0.9424279,1,0,test,5.0,2.0,3.0,0.4,0.6,0.6,0.0058027077,0.0034816249,0,0,1,1,1
44035,-1,1,3.2305596,0.9619682,1,1,unassigned,3.0,3.0,0.0,1.0,0.0,0.0,0.001934236,0.0,1,0,0,1,1
44036,-1,0,6.160864,0.997894,1,1,unassigned,2.0,2.0,0.0,1.0,0.0,0.0,0.0,0.0,0,0,0,1,1
44037,-1,0,10.301553,0.9999664,1,1,unassigned,2.0,2.0,0.0,1.0,0.0,0.0,0.0,0.0,0,0,0,1,1
44038,-1,0,5.712506,0.99670655,1,1,unassigned,2.0,2.0,0.0,1.0,0.0,0.0,0.0,0.0,0,0,0,1,1
44039,-1,1,1.6584914,0.8400353,1,1,unassigned,5.0,4.0,1.0,0.8,0.2,0.19999999,0.0058027077,0.0011605415,1,0,0,1,0
44040,-1,0,4.032678,0.982582,1,1,unassigned,5.0,4.0,1.0,0.8,0.2,0.19999999,0.0058027077,0.0011605415,0,0,0,1,1
44041,-1,0,5.783588,0.9969318,1,1,unassigned,2.0,2.0,0.0,1.0,0.0,0.0,0.0,0.0,0,0,0,1,1
44042,-1,1,5.6941247,0.9966456,1,1,unassigned,3.0,1.0,2.0,0.33333334,0.6666667,0.6666666,0.001934236,0.0012894907,1,0,0,1,1
44043,-1,0,10.923493,0.999982,1,1,unassigned,6.0,5.0,1.0,0.8333333,0.16666667,0.16666669,0.007736944,0.0012894907,0,0,0,1,1
44044,-1,1,0.5872353,0.64273053,1,1,unassigned,3.0,3.0,0.0,1.0,0.0,0.0,0.001934236,0.0,1,0,0,1,0
44045,-1,0,8.605318,0.99981695,1,1,unassigned,2.0,2.0,0.0,1.0,0.0,0.0,0.0,0.0,0,0,0,1,1
44046,-1,0,9.959543,0.9999527,1,1,unassigned,4.0,4.0,0.0,1.0,0.0,0.0,0.003868472,0.0,0,0,0,1,1
44047,-1,0,1.4536479,0.8105592,1,1,unassigned,4.0,4.0,0.0,1.0,0.0,0.0,0.003868472,0.0,0,0,0,1,0
44048,-1,0,11.282866,0.99998736,1,1,unassigned,2.0,2.0,0.0,1.0,0.0,0.0,0.0,0.0,0,0,0,1,1
44049,-1,0,10.157507,0.99996126,1,1,unassigned,2.0,2.0,0.0,1.0,0.0,0.0,0.0,0.0,0,0,0,1,1
44050,-1,1,-0.5199787,0.37285718,0,1,unassigned,118.0,116.0,2.0,0.9830508,0.016949153,0.016949177,0.22437137,0.0038029046,1,0,0,0,0
44051,-1,0,-0.6153594,0.35083765,0,1,unassigned,66.0,66.0,0.0,1.0,0.0,0.0,0.123791106,0.0,0,0,0,0,0
44052,-1,0,10.157507,0.99996126,1,1,unassigned,2.0,2.0,0.0,1.0,0.0,0.0,0.0,0.0,0,0,0,1,1
44053,-1,0,10.157507,0.99996126,1,1,unassigned,2.0,2.0,0.0,1.0,0.0,0.0,0.0,0.0,0,0,0,1,1
44054,-1,0,10.157507,0.99996126,1,1,unassigned,2.0,2.0,0.0,1.0,0.0,0.0,0.0,0.0,0,0,0,1,1
44055,-1,0,13.88339,0.99999905,1,1,unassigned,2.0,2.0,0.0,1.0,0.0,0.0,0.0,0.0,0,0,0,1,1
44056,-1,0,9.089486,0.9998871,1,1,unassigned,2.0,2.0,0.0,1.0,0.0,0.0,0.0,0.0,0,0,0,1,1
44057,-1,0,10.013462,0.9999552,1,1,unassigned,2.0,2.0,0.0,1.0,0.0,0.0,0.0,0.0,0,0,0,1,1
44058,-1,0,10.013462,0.9999552,1,1,unassigned,2.0,2.0,0.0,1.0,0.0,0.0,0.0,0.0,0,0,0,1,1
44059,1,0,9.753609,0.99994195,1,0,val,2.0,2.0,0.0,1.0,0.0,0.0,0.0,0.0,0,0,1,1,1
44060,-1,0,10.013462,0.9999552,1,1,unassigned,2.0,2.0,0.0,1.0,0.0,0.0,0.0,0.0,0,0,0,1,1
44061,-1,0,10.013462,0.9999552,1,1,unassigned,2.0,2.0,0.0,1.0,0.0,0.0,0.0,0.0,0,0,0,1,1
44062,-1,0,10.157507,0.99996126,1,1,unassigned,2.0,2.0,0.0,1.0,0.0,0.0,0.0,0.0,0,0,0,1,1
44063,-1,0,3.540774,0.9718259,1,1,unassigned,5.0,4.0,1.0,0.8,0.2,0.19999999,0.0058027077,0.0011605415,0,0,0,1,1
44064,-1,0,11.455397,0.9999894,1,1,unassigned,3.0,3.0,0.0,1.0,0.0,0.0,0.001934236,0.0,0,0,0,1,1
44065,1,0,9.040161,0.9998815,1,0,unassigned,2.0,2.0,0.0,1.0,0.0,0.0,0.0,0.0,0,0,1,1,1
44066,-1,0,4.7907834,0.9917625,1,1,unassigned,3.0,3.0,0.0,1.0,0.0,0.0,0.001934236,0.0,0,0,0,1,1
44067,-1,0,13.476267,0.99999857,1,1,unassigned,2.0,2.0,0.0,1.0,0.0,0.0,0.0,0.0,0,0,0,1,1
44068,-1,1,2.6594753,0.9345926,1,1,unassigned,6.0,6.0,0.0,1.0,0.0,0.0,0.007736944,0.0,1,0,0,1,1
44069,-1,0,1.3384516,0.7922352,1,1,unassigned,5.0,5.0,0.0,1.0,0.0,0.0,0.0058027077,0.0,0,0,0,1,0
44070,-1,1,2.8926747,0.9474831,1,1,unassigned,18.0,13.0,5.0,0.7222222,0.2777778,0.2777778,0.030947777,0.008596605,1,0,0,1,1
44071,-1,0,8.229614,0.9997334,1,1,unassigned,3.0,3.0,0.0,1.0,0.0,0.0,0.001934236,0.0,0,0,0,1,1
44072,-1,0,9.035101,0.9998808,1,1,unassigned,3.0,3.0,0.0,1.0,0.0,0.0,0.001934236,0.0,0,0,0,1,1
44073,-1,0,10.419462,0.9999702,1,1,unassigned,2.0,2.0,0.0,1.0,0.0,0.0,0.0,0.0,0,0,0,1,1
44074,-1,0,10.157507,0.99996126,1,1,unassigned,2.0,2.0,0.0,1.0,0.0,0.0,0.0,0.0,0,0,0,1,1
44075,-1,0,10.013462,0.9999552,1,1,unassigned,2.0,2.0,0.0,1.0,0.0,0.0,0.0,0.0,0,0,0,1,1
44076,-1,0,11.96203,0.99999356,1,1,unassigned,2.0,2.0,0.0,1.0,0.0,0.0,0.0,0.0,0,0,0,1,1
44077,-1,1,0.42395967,0.6044304,1,1,unassigned,2.0,2.0,0.0,1.0,0.0,0.0,0.0,0.0,1,0,0,1,0
44078,-1,1,-0.901894,0.28866142,0,1,unassigned,31.0,2.0,29.0,0.06451613,0.9354839,0.9354839,0.056092843,0.05247395,1,1,0,0,0
44079,-1,0,-0.40361264,0.4004447,0,1,unassigned,3.0,1.0,2.0,0.33333334,0.6666667,0.6666666,0.001934236,0.0012894907,0,0,0,0,0
44080,1,1,5.6071477,0.9963419,1,0,unassigned,7.0,7.0,0.0,1.0,0.0,0.0,0.00967118,0.0,1,0,1,1,1
44081,-1,1,1.8690083,0.86634344,1,1,unassigned,11.0,11.0,0.0,1.0,0.0,0.0,0.017408123,0.0,1,0,0,1,0
44082,0,1,-0.7572746,0.31923828,0,0,val,50.0,47.0,3.0,0.94,0.06,0.060000002,0.092843324,0.0055705993,1,0,1,0,0
44083,-1,0,-0.6728339,0.3378626,0,1,unassigned,22.0,22.0,0.0,1.0,0.0,0.0,0.03868472,0.0,0,0,0,0,0
44084,0,1,-0.5758115,0.35989693,0,0,unassigned,30.0,17.0,13.0,0.56666666,0.43333334,0.43333334,0.054158606,0.02346873,1,0,1,0,0
44085,0,0,-0.21647522,0.4460915,0,0,test,17.0,17.0,0.0,1.0,0.0,0.0,0.029013539,0.0,0,0,1,0,0
44086,-1,0,-1.240313,0.22438149,0,1,unassigned,2.0,2.0,0.0,1.0,0.0,0.0,0.0,0.0,0,0,0,0,0
44087,-1,0,3.4499094,0.96922845,1,1,unassigned,4.0,4.0,0.0,1.0,0.0,0.0,0.003868472,0.0,0,0,0,1,1
44088,-1,0,10.486311,0.9999721,1,1,unassigned,2.0,2.0,0.0,1.0,0.0,0.0,0.0,0.0,0,0,0,1,1
44089,-1,0,11.228421,0.99998677,1,1,unassigned,3.0,3.0,0.0,1.0,0.0,0.0,0.001934236,0.0,0,0,0,1,1
44090,-1,0,10.6892185,0.99997723,1,1,unassigned,2.0,2.0,0.0,1.0,0.0,0.0,0.0,0.0,0,0,0,1,1
44091,-1,0,10.693367,0.99997735,1,1,unassigned,7.0,6.0,1.0,0.85714287,0.14285715,0.14285713,0.00967118,0.0013815971,0,0,0,1,1
44092,-1,1,0.45467585,0.6117504,1,1,unassigned,3.0,3.0,0.0,1.0,0.0,0.0,0.001934236,0.0,1,0,0,1,0
44093,-1,1,1.6198075,0.8347686,1,1,unassigned,56.0,55.0,1.0,0.98214287,0.017857144,0.017857134,0.10444874,0.0018651562,1,0,0,1,0
44094,-1,1,2.6213682,0.93222415,1,1,unassigned,14.0,14.0,0.0,1.0,0.0,0.0,0.023210831,0.0,1,0,0,1,1
44095,-1,1,2.4103177,0.9176107,1,1,unassigned,14.0,14.0,0.0,1.0,0.0,0.0,0.023210831,0.0,1,0,0,1,1
44096,-1,0,-0.24684969,0.43859902,0,1,unassigned,18.0,18.0,0.0,1.0,0.0,0.0,0.030947777,0.0,0,0,0,0,0
44097,-1,1,-0.3683228,0.40894634,0,1,unassigned,120.0,119.0,1.0,0.9916667,0.008333334,0.008333325,0.22823985,0.0019019989,1,0,0,0,0
44098,-1,1,-0.18670964,0.45345768,0,1,unassigned,15.0,15.0,0.0,1.0,0.0,0.0,0.025145067,0.0,1,0,0,0,0
44099,0,1,-0.49363202,0.37903833,0,0,unassigned,5.0,5.0,0.0,1.0,0.0,0.0,0.0058027077,0.0,1,0,1,0,0
44100,-1,1,0.46563846,0.6143509,1,1,unassigned,12.0,11.0,1.0,0.9166667,0.083333336,0.08333331,0.01934236,0.0016118633,1,0,0,1,0
44101,-1,0,6.671194,0.9987348,1,1,unassigned,4.0,4.0,0.0,1.0,0.0,0.0,0.003868472,0.0,0,0,0,1,1
44102,-1,0,4.6069074,0.99011606,1,1,unassigned,9.0,9.0,0.0,1.0,0.0,0.0,0.013539651,0.0,0,0,0,1,1
44103,-1,1,-0.21864852,0.4455546,0,1,unassigned,25.0,24.0,1.0,0.96,0.04,0.04000002,0.044487428,0.001779497,1,0,0,0,0
44104,-1,0,-0.52801377,0.37098023,0,1,unassigned,7.0,6.0,1.0,0.85714287,0.14285715,0.14285713,0.00967118,0.0013815971,0,0,0,0,0
44105,-1,0,-0.37880892,0.4064142,0,1,unassigned,3.0,3.0,0.0,1.0,0.0,0.0,0.001934236,0.0,0,0,0,0,0
44106,-1,1,6.805063,0.9988931,1,1,unassigned,3.0,2.0,1.0,0.6666667,0.33333334,0.3333333,0.001934236,0.00064474536,1,0,0,1,1
44107,-1,0,-0.50868857,0.37550098,0,1,unassigned,2.0,2.0,0.0,1.0,0.0,0.0,0.0,0.0,0,0,0,0,0
44108,-1,1,1.6177003,0.8344777,1,1,unassigned,5.0,2.0,3.0,0.4,0.6,0.6,0.0058027077,0.0034816249,1,0,0,1,0
44109,-1,1,-0.6414757,0.34491304,0,1,unassigned,34.0,34.0,0.0,1.0,0.0,0.0,0.061895553,0.0,1,0,0,0,0
44110,-1,0,-0.40332317,0.4005142,0,1,unassigned,11.0,11.0,0.0,1.0,0.0,0.0,0.017408123,0.0,0,0,0,0,0
44111,-1,0,9.045736,0.9998821,1,1,unassigned,7.0,1.0,6.0,0.14285715,0.85714287,0.85714287,0.00967118,0.008289583,0,0,0,1,1
44112,-1,0,-0.5248227,0.3717252,0,1,unassigned,14.0,14.0,0.0,1.0,0.0,0.0,0.023210831,0.0,0,0,0,0,0
44113,1,0,1.222173,0.77244574,1,0,unassigned,10.0,10.0,0.0,1.0,0.0,0.0,0.015473888,0.0,0,0,1,1,0
44114,-1,1,9.634592,0.99993455,1,1,unassigned,2.0,2.0,0.0,1.0,0.0,0.0,0.0,0.0,1,0,0,1,1
44115,1,1,3.8860495,0.9798866,1,0,test,4.0,4.0,0.0,1.0,0.0,0.0,0.003868472,0.0,1,0,1,1,1
44116,-1,0,7.5540843,0.9994764,1,1,unassigned,4.0,3.0,1.0,0.75,0.25,0.25,0.003868472,0.000967118,0,0,0,1,1
44117,-1,0,2.6099358,0.9314983,1,1,unassigned,2.0,2.0,0.0,1.0,0.0,0.0,0.0,0.0,0,0,0,1,1
44118,-1,0,0.9247417,0.7160073,1,1,unassigned,5.0,5.0,0.0,1.0,0.0,0.0,0.0058027077,0.0,0,0,0,1,0
44119,-1,0,-0.0582276,0.4854472,0,1,unassigned,13.0,13.0,0.0,1.0,0.0,0.0,0.021276595,0.0,0,0,0,0,0
44120,-1,0,0.51869637,0.62684286,1,1,unassigned,8.0,6.0,2.0,0.75,0.25,0.25,0.0116054155,0.0029013539,0,0,0,1,0
44121,1,0,4.2915206,0.98650056,1,0,test,4.0,4.0,0.0,1.0,0.0,0.0,0.003868472,0.0,0,0,1,1,1
44122,-1,0,5.166628,0.99432856,1,1,unassigned,4.0,4.0,0.0,1.0,0.0,0.0,0.003868472,0.0,0,0,0,1,1
44123,-1,0,4.4785085,0.9887771,1,1,unassigned,8.0,6.0,2.0,0.75,0.25,0.25,0.0116054155,0.0029013539,0,0,0,1,1
44124,1,0,0.26020974,0.56468785,1,0,unassigned,3.0,3.0,0.0,1.0,0.0,0.0,0.001934236,0.0,0,0,1,1,0
44125,-1,1,1.6445656,0.83815527,1,1,unassigned,8.0,4.0,4.0,0.5,0.5,0.5,0.0116054155,0.0058027077,1,0,0,1,0
44126,1,1,-0.7082989,0.32997483,0,1,unassigned,24.0,21.0,3.0,0.875,0.125,0.125,0.04255319,0.005319149,1,0,0,0,0
44127,-1,0,6.6955943,0.99876523,1,1,unassigned,6.0,5.0,1.0,0.8333333,0.16666667,0.16666669,0.007736944,0.0012894907,0,0,0,1,1
44128,-1,1,10.738968,0.9999783,1,1,unassigned,8.0,7.0,1.0,0.875,0.125,0.125,0.0116054155,0.0014506769,1,0,0,1,1
44129,-1,0,-0.2129468,0.44696352,0,1,unassigned,24.0,22.0,2.0,0.9166667,0.083333336,0.08333331,0.04255319,0.0035460992,0,0,0,0,0
44130,1,0,0.0984782,0.5245997,1,0,unassigned,22.0,22.0,0.0,1.0,0.0,0.0,0.03868472,0.0,0,0,1,1,0
44131,-1,0,-0.3445469,0.41470543,0,1,unassigned,31.0,30.0,1.0,0.9677419,0.032258064,0.032258093,0.056092843,0.0018094465,0,0,0,0,0
44132,-1,1,-0.75741386,0.319208,0,1,unassigned,33.0,31.0,2.0,0.93939394,0.060606062,0.060606062,0.059961315,0.0036340193,1,0,0,0,0
44133,-1,1,0.08464831,0.52114946,1,1,unassigned,3.0,3.0,0.0,1.0,0.0,0.0,0.001934236,0.0,1,0,0,1,0
44134,-1,0,3.7903783,0.97791183,1,1,unassigned,3.0,2.0,1.0,0.6666667,0.33333334,0.3333333,0.001934236,0.00064474536,0,0,0,1,1
44135,-1,1,0.8666356,0.7040452,1,1,unassigned,18.0,18.0,0.0,1.0,0.0,0.0,0.030947777,0.0,1,0,0,1,0
44136,-1,1,2.2714999,0.9064891,1,1,unassigned,9.0,8.0,1.0,0.8888889,0.11111111,0.111111104,0.013539651,0.0015044058,1,0,0,1,1
44137,1,1,2.25574,0.9051445,1,0,val,52.0,49.0,3.0,0.9423077,0.057692308,0.05769229,0.0967118,0.005579527,1,0,1,1,1
44138,-1,0,0.8385237,0.69815415,1,1,unassigned,5.0,5.0,0.0,1.0,0.0,0.0,0.0058027077,0.0,0,0,0,1,0
44139,-1,1,2.640693,0.933435,1,1,unassigned,3.0,3.0,0.0,1.0,0.0,0.0,0.001934236,0.0,1,0,0,1,1
44140,-1,0,9.7107935,0.9999393,1,1,unassigned,2.0,1.0,1.0,0.5,0.5,0.5,0.0,0.0,0,0,0,1,1
44141,-1,1,2.3949046,0.9164379,1,1,unassigned,2.0,2.0,0.0,1.0,0.0,0.0,0.0,0.0,1,0,0,1,1
44142,-1,0,-0.9189026,0.28518155,0,1,unassigned,5.0,4.0,1.0,0.8,0.2,0.19999999,0.0058027077,0.0011605415,0,0,0,0,0
44143,-1,1,-0.49611476,0.37845415,0,1,unassigned,57.0,56.0,1.0,0.98245615,0.01754386,0.017543852,0.10638298,0.0018663681,1,0,0,0,0
44144,-1,0,6.110115,0.9977847,1,1,unassigned,3.0,3.0,0.0,1.0,0.0,0.0,0.001934236,0.0,0,0,0,1,1
44145,-1,0,-0.18859476,0.45299056,0,1,unassigned,5.0,5.0,0.0,1.0,0.0,0.0,0.0058027077,0.0,0,0,0,0,0
44146,-1,1,5.051211,0.9936392,1,1,unassigned,3.0,3.0,0.0,1.0,0.0,0.0,0.001934236,0.0,1,0,0,1,1
44147,-1,0,0.121528804,0.53034484,1,1,unassigned,2.0,2.0,0.0,1.0,0.0,0.0,0.0,0.0,0,0,0,1,0
44148,-1,0,0.36234468,0.5896079,1,1,unassigned,6.0,6.0,0.0,1.0,0.0,0.0,0.007736944,0.0,0,0,0,1,0
44149,-1,0,5.462995,0.995777,1,1,unassigned,35.0,34.0,1.0,0.9714286,0.028571429,0.028571427,0.06382979,0.0018237082,0,0,0,1,1
44150,-1,0,5.2604623,0.99483395,1,1,unassigned,4.0,2.0,2.0,0.5,0.5,0.5,0.003868472,0.001934236,0,0,0,1,1
44151,0,0,-0.020630777,0.49484253,0,0,test,36.0,36.0,0.0,1.0,0.0,0.0,0.065764025,0.0,0,0,1,0,0
44152,1,0,2.123467,0.89316326,1,0,unassigned,9.0,8.0,1.0,0.8888889,0.11111111,0.111111104,0.013539651,0.0015044058,0,0,1,1,0
44153,-1,0,0.540844,0.63200873,1,1,unassigned,4.0,4.0,0.0,1.0,0.0,0.0,0.003868472,0.0,0,0,0,1,0
44154,-1,1,-0.24333003,0.4394659,0,1,unassigned,2.0,2.0,0.0,1.0,0.0,0.0,0.0,0.0,1,0,0,0,0
44155,-1,0,3.4765556,0.97001326,1,1,unassigned,16.0,14.0,2.0,0.875,0.125,0.125,0.027079303,0.0033849129,0,0,0,1,1
44156,-1,0,0.48015386,0.6177842,1,1,unassigned,4.0,4.0,0.0,1.0,0.0,0.0,0.003868472,0.0,0,0,0,1,0
44157,-1,0,4.1296067,0.98416555,1,1,unassigned,2.0,1.0,1.0,0.5,0.5,0.5,0.0,0.0,0,0,0,1,1
44158,-1,0,-0.9995847,0.2690231,0,1,unassigned,2.0,2.0,0.0,1.0,0.0,0.0,0.0,0.0,0,0,0,0,0
44159,-1,1,2.5401914,0.9269118,1,1,unassigned,5.0,5.0,0.0,1.0,0.0,0.0,0.0058027077,0.0,1,0,0,1,1
44160,-1,1,-0.25980505,0.43541166,0,1,unassigned,61.0,58.0,3.0,0.9508197,0.04918033,0.04918033,0.114119925,0.0056124553,1,0,0,0,0
44161,-1,0,7.122767,0.9991941,1,1,unassigned,2.0,2.0,0.0,1.0,0.0,0.0,0.0,0.0,0,0,0,1,1
44162,1,0,-0.04440123,0.48890156,0,1,unassigned,21.0,20.0,1.0,0.95238096,0.04761905,0.047619045,0.036750484,0.0017500231,0,0,0,0,0
44163,-1,0,2.8550289,0.9455781,1,1,unassigned,5.0,5.0,0.0,1.0,0.0,0.0,0.0058027077,0.0,0,0,0,1,1
44164,-1,1,1.9867051,0.8793941,1,1,unassigned,2.0,1.0,1.0,0.5,0.5,0.5,0.0,0.0,1,0,0,1,0
44165,-1,0,1.203994,0.76923454,1,1,unassigned,2.0,2.0,0.0,1.0,0.0,0.0,0.0,0.0,0,0,0,1,0
44166,-1,0,4.393144,0.98778915,1,1,unassigned,9.0,9.0,0.0,1.0,0.0,0.0,0.013539651,0.0,0,0,0,1,1
44167,-1,1,-0.8015793,0.3096878,0,1,unassigned,35.0,35.0,0.0,1.0,0.0,0.0,0.06382979,0.0,1,0,0,0,0
44168,-1,1,3.6489055,0.97464025,1,1,unassigned,3.0,3.0,0.0,1.0,0.0,0.0,0.001934236,0.0,1,0,0,1,1
44169,-1,0,3.3461044,0.965977,1,1,unassigned,9.0,9.0,0.0,1.0,0.0,0.0,0.013539651,0.0,0,0,0,1,1
44170,-1,0,-0.112036824,0.47202003,0,1,unassigned,14.0,14.0,0.0,1.0,0.0,0.0,0.023210831,0.0,0,0,0,0,0
44171,-1,1,3.6416419,0.9744601,1,1,unassigned,13.0,13.0,0.0,1.0,0.0,0.0,0.021276595,0.0,1,0,0,1,1
44172,-1,0,1.7803128,0.8557355,1,1,unassigned,7.0,7.0,0.0,1.0,0.0,0.0,0.00967118,0.0,0,0,0,1,0
44173,-1,0,-0.6579126,0.34120867,0,1,unassigned,8.0,8.0,0.0,1.0,0.0,0.0,0.0116054155,0.0,0,0,0,0,0
44174,-1,1,-0.6704922,0.33838665,0,1,unassigned,3.0,2.0,1.0,0.6666667,0.33333334,0.3333333,0.001934236,0.00064474536,1,0,0,0,0
44175,-1,0,2.218887,0.9019328,1,1,unassigned,2.0,2.0,0.0,1.0,0.0,0.0,0.0,0.0,0,0,0,1,1
44176,-1,1,-0.501875,0.37710014,0,1,unassigned,3.0,3.0,0.0,1.0,0.0,0.0,0.001934236,0.0,1,0,0,0,0
44177,-1,0,-0.71934783,0.3275366,0,1,unassigned,25.0,25.0,0.0,1.0,0.0,0.0,0.044487428,0.0,0,0,0,0,0
44178,-1,1,5.571103,0.9962082,1,1,unassigned,2.0,2.0,0.0,1.0,0.0,0.0,0.0,0.0,1,0,0,1,1
44179,1,0,-0.1391463,0.46526945,0,1,val,13.0,13.0,0.0,1.0,0.0,0.0,0.021276595,0.0,0,0,0,0,0
44180,-1,0,5.0926476,0.9938957,1,1,unassigned,3.0,3.0,0.0,1.0,0.0,0.0,0.001934236,0.0,0,0,0,1,1
44181,1,0,4.0233407,0.98242146,1,0,test,12.0,12.0,0.0,1.0,0.0,0.0,0.01934236,0.0,0,0,1,1,1
44182,-1,1,0.84808475,0.7001652,1,1,unassigned,48.0,46.0,2.0,0.9583333,0.041666668,0.041666687,0.088974856,0.0037072857,1,0,0,1,0
44183,0,1,-0.4009883,0.4010749,0,0,unassigned,7.0,7.0,0.0,1.0,0.0,0.0,0.00967118,0.0,1,0,1,0,0
44184,-1,0,1.6627278,0.8406039,1,1,unassigned,2.0,2.0,0.0,1.0,0.0,0.0,0.0,0.0,0,0,0,1,0
44185,1,1,4.9463983,0.99294126,1,0,train,7.0,7.0,0.0,1.0,0.0,0.0,0.00967118,0.0,1,0,1,1,1
44186,-1,0,10.298354,0.99996626,1,1,unassigned,3.0,3.0,0.0,1.0,0.0,0.0,0.001934236,0.0,0,0,0,1,1
44187,-1,1,0.65602773,0.6583675,1,1,unassigned,2.0,2.0,0.0,1.0,0.0,0.0,0.0,0.0,1,0,0,1,0
44188,-1,1,-0.11860061,0.4703845,0,1,unassigned,8.0,8.0,0.0,1.0,0.0,0.0,0.0116054155,0.0,1,0,0,0,0
44189,-1,0,0.11979979,0.52991414,1,1,unassigned,5.0,5.0,0.0,1.0,0.0,0.0,0.0058027077,0.0,0,0,0,1,0
44190,0,0,-0.5066427,0.37598085,0,0,val,5.0,5.0,0.0,1.0,0.0,0.0,0.0058027077,0.0,0,0,1,0,0
44191,-1,0,-0.6509582,0.34277365,0,1,unassigned,3.0,3.0,0.0,1.0,0.0,0.0,0.001934236,0.0,0,0,0,0,0
44192,-1,0,-0.28043687,0.43034667,0,1,unassigned,10.0,10.0,0.0,1.0,0.0,0.0,0.015473888,0.0,0,0,0,0,0
44193,-1,1,-0.8103418,0.30781767,0,1,unassigned,2.0,2.0,0.0,1.0,0.0,0.0,0.0,0.0,1,0,0,0,0
44194,-1,1,-0.53647804,0.36900726,0,1,unassigned,38.0,36.0,2.0,0.94736844,0.05263158,0.052631557,0.06963249,0.0036648682,1,0,0,0,0
44195,-1,0,-0.69099134,0.3338126,0,1,unassigned,23.0,23.0,0.0,1.0,0.0,0.0,0.040618956,0.0,0,0,0,0,0
44196,0,1,-0.6707157,0.3383366,0,0,test,13.0,12.0,1.0,0.9230769,0.07692308,0.07692307,0.021276595,0.0016366612,1,0,1,0,0
44197,-1,0,0.018860579,0.504715,1,1,unassigned,13.0,13.0,0.0,1.0,0.0,0.0,0.021276595,0.0,0,0,0,1,0
44198,-1,0,0.50205487,0.6229421,1,1,unassigned,4.0,4.0,0.0,1.0,0.0,0.0,0.003868472,0.0,0,0,0,1,0
44199,-1,1,0.13779801,0.5343951,1,1,unassigned,5.0,5.0,0.0,1.0,0.0,0.0,0.0058027077,0.0,1,0,0,1,0
44200,-1,0,-0.24234295,0.43970907,0,1,unassigned,27.0,27.0,0.0,1.0,0.0,0.0,0.0483559,0.0,0,0,0,0,0
44201,-1,0,-0.09781098,0.47556672,0,1,unassigned,2.0,2.0,0.0,1.0,0.0,0.0,0.0,0.0,0,0,0,0,0
44202,-1,1,6.2955327,0.9981589,1,1,unassigned,4.0,4.0,0.0,1.0,0.0,0.0,0.003868472,0.0,1,0,0,1,1
44203,-1,0,-0.12143713,0.46967795,0,1,unassigned,34.0,33.0,1.0,0.9705882,0.029411765,0.029411793,0.061895553,0.0018204574,0,0,0,0,0
44204,-1,1,2.914493,0.9485582,1,1,unassigned,3.0,3.0,0.0,1.0,0.0,0.0,0.001934236,0.0,1,0,0,1,1
44205,-1,0,-0.9502214,0.2788403,0,1,unassigned,64.0,62.0,2.0,0.96875,0.03125,0.03125,0.11992263,0.0037475822,0,0,0,0,0
44206,-1,0,-0.9605063,0.27677682,0,1,unassigned,33.0,33.0,0.0,1.0,0.0,0.0,0.059961315,0.0,0,0,0,0,0
44207,1,1,9.015293,0.9998784,1,0,val,2.0,2.0,0.0,1.0,0.0,0.0,0.0,0.0,1,0,1,1,1
44208,-1,0,-0.7701063,0.31645608,0,1,unassigned,19.0,19.0,0.0,1.0,0.0,0.0,0.032882012,0.0,0,0,0,0,0
44209,-1,0,-0.08387005,0.47904474,0,1,unassigned,46.0,46.0,0.0,1.0,0.0,0.0,0.08510638,0.0,0,0,0,0,0
44210,-1,0,-0.19351211,0.4517724,0,1,unassigned,9.0,9.0,0.0,1.0,0.0,0.0,0.013539651,0.0,0,0,0,0,0
44211,-1,1,-0.3887738,0.4040125,0,1,unassigned,41.0,40.0,1.0,0.9756098,0.024390243,0.02439022,0.07543521,0.001839883,1,0,0,0,0
44212,-1,0,0.98710567,0.72851586,1,1,unassigned,2.0,2.0,0.0,1.0,0.0,0.0,0.0,0.0,0,0,0,1,0
44213,-1,0,-0.4514951,0.38900536,0,1,unassigned,11.0,11.0,0.0,1.0,0.0,0.0,0.017408123,0.0,0,0,0,0,0
44214,-1,0,-0.1988402,0.4504531,0,1,unassigned,24.0,24.0,0.0,1.0,0.0,0.0,0.04255319,0.0,0,0,0,0,0
44215,-1,0,11.921219,0.9999933,1,1,unassigned,3.0,3.0,0.0,1.0,0.0,0.0,0.001934236,0.0,0,0,0,1,1
44216,-1,0,0.0139017105,0.50347537,1,1,unassigned,23.0,23.0,0.0,1.0,0.0,0.0,0.040618956,0.0,0,0,0,1,0
44217,-1,1,1.807051,0.8590051,1,1,unassigned,5.0,5.0,0.0,1.0,0.0,0.0,0.0058027077,0.0,1,0,0,1,0
44218,-1,1,0.009832561,0.50245816,1,1,unassigned,2.0,2.0,0.0,1.0,0.0,0.0,0.0,0.0,1,0,0,1,0
44219,-1,0,-0.5831881,0.3581993,0,1,unassigned,29.0,29.0,0.0,1.0,0.0,0.0,0.05222437,0.0,0,0,0,0,0
44220,0,0,-0.9169219,0.2855855,0,0,unassigned,42.0,42.0,0.0,1.0,0.0,0.0,0.07736944,0.0,0,0,1,0,0
44221,-1,0,-0.6811987,0.3359938,0,1,unassigned,40.0,40.0,0.0,1.0,0.0,0.0,0.07350097,0.0,0,0,0,0,0
44222,-1,1,-0.9175956,0.28544804,0,1,unassigned,50.0,48.0,2.0,0.96,0.04,0.04000002,0.092843324,0.0037137328,1,0,0,0,0
44223,-1,1,3.7311108,0.97659475,1,1,unassigned,5.0,3.0,2.0,0.6,0.4,0.39999998,0.0058027077,0.002321083,1,0,0,1,1
44224,-1,0,-0.5583923,0.3639195,0,1,unassigned,9.0,8.0,1.0,0.8888889,0.11111111,0.111111104,0.013539651,0.0015044058,0,0,0,0,0
44225,-1,1,4.345184,0.9871969,1,1,unassigned,12.0,12.0,0.0,1.0,0.0,0.0,0.01934236,0.0,1,0,0,1,1
44226,-1,1,0.019501388,0.5048752,1,1,unassigned,5.0,5.0,0.0,1.0,0.0,0.0,0.0058027077,0.0,1,0,0,1,0
44227,-1,0,0.14244813,0.5355519,1,1,unassigned,3.0,2.0,1.0,0.6666667,0.33333334,0.3333333,0.001934236,0.00064474536,0,0,0,1,0
44228,-1,0,3.2859254,0.96394277,1,1,unassigned,13.0,11.0,2.0,0.84615386,0.15384616,0.15384614,0.021276595,0.0032733225,0,0,0,1,1
44229,-1,0,0.72589725,0.6739043,1,1,unassigned,7.0,7.0,0.0,1.0,0.0,0.0,0.00967118,0.0,0,0,0,1,0
44230,-1,0,1.1731203,0.76370853,1,1,unassigned,15.0,15.0,0.0,1.0,0.0,0.0,0.025145067,0.0,0,0,0,1,0
44231,-1,1,3.0101383,0.9530301,1,1,unassigned,6.0,6.0,0.0,1.0,0.0,0.0,0.007736944,0.0,1,0,0,1,1
44232,-1,1,0.5173394,0.62652546,1,1,unassigned,8.0,8.0,0.0,1.0,0.0,0.0,0.0116054155,0.0,1,0,0,1,0
44233,-1,0,1.6876011,0.84390837,1,1,unassigned,3.0,3.0,0.0,1.0,0.0,0.0,0.001934236,0.0,0,0,0,1,0
44234,1,0,0.7204831,0.6727134,1,0,val,17.0,17.0,0.0,1.0,0.0,0.0,0.029013539,0.0,0,0,1,1,0
44235,-1,0,-0.5064124,0.37603492,0,1,unassigned,29.0,27.0,2.0,0.9310345,0.06896552,0.068965495,0.05222437,0.0036016807,0,0,0,0,0
44236,-1,0,-0.57235026,0.3606947,0,1,unassigned,13.0,13.0,0.0,1.0,0.0,0.0,0.021276595,0.0,0,0,0,0,0
44237,-1,0,0.43620902,0.60735536,1,1,unassigned,3.0,2.0,1.0,0.6666667,0.33333334,0.3333333,0.001934236,0.00064474536,0,0,0,1,0
44238,0,0,0.6656129,0.66052014,1,1,unassigned,41.0,40.0,1.0,0.9756098,0.024390243,0.02439022,0.07543521,0.001839883,0,0,0,1,0
44239,-1,0,-0.015294254,0.4961765,0,1,unassigned,22.0,19.0,3.0,0.8636364,0.13636364,0.13636363,0.03868472,0.005275189,0,0,0,0,0
44240,-1,0,0.8397663,0.698416,1,1,unassigned,6.0,5.0,1.0,0.8333333,0.16666667,0.16666669,0.007736944,0.0012894907,0,0,0,1,0
44241,-1,0,-0.82813066,0.30404046,0,1,unassigned,33.0,32.0,1.0,0.969697,0.030303031,0.030303001,0.059961315,0.0018170096,0,0,0,0,0
44242,-1,0,-0.8708985,0.29506737,0,1,unassigned,60.0,60.0,0.0,1.0,0.0,0.0,0.11218569,0.0,0,0,0,0,0
44243,-1,0,0.76388866,0.68219745,1,1,unassigned,31.0,31.0,0.0,1.0,0.0,0.0,0.056092843,0.0,0,0,0,1,0
44244,1,0,-0.22388053,0.4442625,0,1,unassigned,39.0,39.0,0.0,1.0,0.0,0.0,0.07156673,0.0,0,0,0,0,0
44245,-1,0,-0.9286596,0.28319672,0,1,unassigned,15.0,15.0,0.0,1.0,0.0,0.0,0.025145067,0.0,0,0,0,0,0
44246,-1,0,3.6111367,0.97368973,1,1,unassigned,11.0,10.0,1.0,0.90909094,0.09090909,0.090909064,0.017408123,0.0015825568,0,0,0,1,1
44247,-1,0,3.7490542,0.97700137,1,1,unassigned,2.0,2.0,0.0,1.0,0.0,0.0,0.0,0.0,0,0,0,1,1
44248,-1,1,2.4789498,0.9226529,1,1,unassigned,5.0,5.0,0.0,1.0,0.0,0.0,0.0058027077,0.0,1,0,0,1,1
44249,-1,1,1.5916266,0.8308448,1,1,unassigned,2.0,2.0,0.0,1.0,0.0,0.0,0.0,0.0,1,0,0,1,0
44250,-1,0,-0.74495375,0.32192186,0,1,unassigned,3.0,3.0,0.0,1.0,0.0,0.0,0.001934236,0.0,0,0,0,0,0
44251,-1,1,7.0915475,0.99916863,1,1,unassigned,4.0,3.0,1.0,0.75,0.25,0.25,0.003868472,0.000967118,1,0,0,1,1
44252,-1,0,4.0451674,0.98279446,1,1,unassigned,7.0,7.0,0.0,1.0,0.0,0.0,0.00967118,0.0,0,0,0,1,1
44253,1,0,-0.57433516,0.3602371,0,1,test,14.0,12.0,2.0,0.85714287,0.14285715,0.14285713,0.023210831,0.0033158332,0,0,0,0,0
44254,1,0,-0.15121815,0.46226734,0,1,unassigned,3.0,3.0,0.0,1.0,0.0,0.0,0.001934236,0.0,0,0,0,0,0
44255,-1,1,5.2038603,0.99453473,1,1,unassigned,2.0,2.0,0.0,1.0,0.0,0.0,0.0,0.0,1,0,0,1,1
44256,1,1,5.410501,0.9955505,1,0,unassigned,3.0,3.0,0.0,1.0,0.0,0.0,0.001934236,0.0,1,0,1,1,1
44257,-1,0,9.369903,0.99991477,1,1,unassigned,6.0,6.0,0.0,1.0,0.0,0.0,0.007736944,0.0,0,0,0,1,1
44258,-1,0,7.502272,0.9994485,1,1,unassigned,3.0,2.0,1.0,0.6666667,0.33333334,0.3333333,0.001934236,0.00064474536,0,0,0,1,1
44259,-1,0,3.5087392,0.9709354,1,1,unassigned,2.0,1.0,1.0,0.5,0.5,0.5,0.0,0.0,0,0,0,1,1
44260,-1,0,-0.33125907,0.41793433,0,1,unassigned,8.0,8.0,0.0,1.0,0.0,0.0,0.0116054155,0.0,0,0,0,0,0
44261,-1,0,-0.51427114,0.3741928,0,1,unassigned,2.0,1.0,1.0,0.5,0.5,0.5,0.0,0.0,0,0,0,0,0
44262,1,0,0.012120426,0.50303006,1,0,val,40.0,40.0,0.0,1.0,0.0,0.0,0.07350097,0.0,0,0,1,1,0
44263,-1,0,-0.799036,0.31023178,0,1,unassigned,61.0,60.0,1.0,0.9836066,0.016393442,0.016393423,0.114119925,0.0018708183,0,0,0,0,0
44264,-1,0,-0.039728582,0.49006915,0,1,unassigned,5.0,5.0,0.0,1.0,0.0,0.0,0.0058027077,0.0,0,0,0,0,0
44265,0,1,-0.06758487,0.48311022,0,0,unassigned,28.0,24.0,4.0,0.85714287,0.14285715,0.14285713,0.050290134,0.007184305,1,0,1,0,0
44266,-1,0,-0.9368377,0.28153953,0,1,unassigned,44.0,44.0,0.0,1.0,0.0,0.0,0.08123791,0.0,0,0,0,0,0
44267,-1,0,-0.28100055,0.4302085,0,1,unassigned,9.0,9.0,0.0,1.0,0.0,0.0,0.013539651,0.0,0,0,0,0,0
44268,-1,0,-0.658044,0.34117913,0,1,unassigned,31.0,31.0,0.0,1.0,0.0,0.0,0.056092843,0.0,0,0,0,0,0
44269,-1,0,-0.17535758,0.45627257,0,1,unassigned,6.0,6.0,0.0,1.0,0.0,0.0,0.007736944,0.0,0,0,0,0,0
44270,-1,0,4.5009475,0.9890233,1,1,unassigned,3.0,3.0,0.0,1.0,0.0,0.0,0.001934236,0.0,0,0,0,1,1
44271,-1,0,-0.8086739,0.30817315,0,1,unassigned,21.0,21.0,0.0,1.0,0.0,0.0,0.036750484,0.0,0,0,0,0,0
44272,-1,1,-0.69807667,0.3322388,0,1,unassigned,59.0,57.0,2.0,0.9661017,0.033898305,0.033898294,0.11025145,0.0037373372,1,0,0,0,0
44273,-1,0,0.38224894,0.5944154,1,1,unassigned,12.0,12.0,0.0,1.0,0.0,0.0,0.01934236,0.0,0,0,0,1,0
44274,1,0,8.796226,0.9998487,1,0,unassigned,5.0,2.0,3.0,0.4,0.6,0.6,0.0058027077,0.0034816249,0,0,1,1,1
44275,-1,1,5.8096156,0.99701035,1,1,unassigned,2.0,2.0,0.0,1.0,0.0,0.0,0.0,0.0,1,0,0,1,1
44276,-1,0,-2.2100291,0.09885348,0,1,unassigned,2.0,2.0,0.0,1.0,0.0,0.0,0.0,0.0,0,0,0,0,1
44277,-1,0,-0.43675095,0.39251545,0,1,unassigned,4.0,4.0,0.0,1.0,0.0,0.0,0.003868472,0.0,0,0,0,0,0
44278,-1,1,6.1163793,0.9977984,1,1,unassigned,6.0,6.0,0.0,1.0,0.0,0.0,0.007736944,0.0,1,0,0,1,1
44279,-1,0,3.4992669,0.9706669,1,1,unassigned,14.0,14.0,0.0,1.0,0.0,0.0,0.023210831,0.0,0,0,0,1,1
44280,1,0,-0.15952024,0.46020433,0,1,test,5.0,5.0,0.0,1.0,0.0,0.0,0.0058027077,0.0,0,0,0,0,0
44281,-1,0,-0.043952286,0.48901373,0,1,unassigned,29.0,29.0,0.0,1.0,0.0,0.0,0.05222437,0.0,0,0,0,0,0
44282,-1,1,6.3606257,0.9982747,1,1,unassigned,6.0,6.0,0.0,1.0,0.0,0.0,0.007736944,0.0,1,0,0,1,1
44283,-1,0,7.6095586,0.99950457,1,1,unassigned,10.0,9.0,1.0,0.9,0.1,0.100000024,0.015473888,0.0015473888,0,0,0,1,1
44284,-1,0,3.3036745,0.9645546,1,1,unassigned,2.0,2.0,0.0,1.0,0.0,0.0,0.0,0.0,0,0,0,1,1
44285,-1,0,-0.19877556,0.45046908,0,1,unassigned,7.0,7.0,0.0,1.0,0.0,0.0,0.00967118,0.0,0,0,0,0,0
44286,-1,0,0.74905473,0.6789727,1,1,unassigned,3.0,3.0,0.0,1.0,0.0,0.0,0.001934236,0.0,0,0,0,1,0
44287,-1,0,0.2487433,0.5618672,1,1,unassigned,32.0,32.0,0.0,1.0,0.0,0.0,0.058027077,0.0,0,0,0,1,0
44288,-1,0,0.6428471,0.65539676,1,1,unassigned,28.0,28.0,0.0,1.0,0.0,0.0,0.050290134,0.0,0,0,0,1,0
44289,-1,0,0.58047205,0.641176,1,1,unassigned,2.0,2.0,0.0,1.0,0.0,0.0,0.0,0.0,0,0,0,1,0
44290,-1,0,-0.28472495,0.42929578,0,1,unassigned,9.0,9.0,0.0,1.0,0.0,0.0,0.013539651,0.0,0,0,0,0,0
44291,-1,0,3.191253,0.9605038,1,1,unassigned,2.0,1.0,1.0,0.5,0.5,0.5,0.0,0.0,0,0,0,1,1
44292,-1,0,2.5133264,0.9250707,1,1,unassigned,3.0,3.0,0.0,1.0,0.0,0.0,0.001934236,0.0,0,0,0,1,1
44293,1,0,0.39687318,0.59793615,1,0,train,5.0,5.0,0.0,1.0,0.0,0.0,0.0058027077,0.0,0,0,1,1,0
44294,-1,0,1.4589207,0.8113675,1,1,unassigned,63.0,62.0,1.0,0.984127,0.015873017,0.015873015,0.11798839,0.0018728317,0,0,0,1,0
44295,-1,0,1.1496117,0.75944,1,1,unassigned,6.0,6.0,0.0,1.0,0.0,0.0,0.007736944,0.0,0,0,0,1,0
44296,0,0,-0.14197123,0.46456668,0,0,test,31.0,31.0,0.0,1.0,0.0,0.0,0.056092843,0.0,0,0,1,0,0
44297,-1,1,-0.7443205,0.32206008,0,1,unassigned,69.0,62.0,7.0,0.89855075,0.10144927,0.10144925,0.1295938,0.013147198,1,0,0,0,0
44298,-1,0,-0.39158785,0.40333515,0,1,unassigned,6.0,6.0,0.0,1.0,0.0,0.0,0.007736944,0.0,0,0,0,0,0
44299,1,1,-0.5417891,0.36777148,0,1,test,49.0,47.0,2.0,0.9591837,0.040816326,0.040816307,0.09090909,0.0037105752,1,0,0,0,0
44300,-1,0,0.09536284,0.52382267,1,1,unassigned,33.0,33.0,0.0,1.0,0.0,0.0,0.059961315,0.0,0,0,0,1,0
44301,-1,0,13.265178,0.9999982,1,1,unassigned,3.0,3.0,0.0,1.0,0.0,0.0,0.001934236,0.0,0,0,0,1,1
44302,-1,0,-0.12929818,0.46772042,0,1,unassigned,4.0,4.0,0.0,1.0,0.0,0.0,0.003868472,0.0,0,0,0,0,0
44303,-1,0,-0.5566196,0.36432996,0,1,unassigned,3.0,3.0,0.0,1.0,0.0,0.0,0.001934236,0.0,0,0,0,0,0
44304,-1,0,4.112123,0.98389083,1,1,unassigned,5.0,5.0,0.0,1.0,0.0,0.0,0.0058027077,0.0,0,0,0,1,1
44305,-1,0,1.6647811,0.8408787,1,1,unassigned,3.0,3.0,0.0,1.0,0.0,0.0,0.001934236,0.0,0,0,0,1,0
44306,1,0,-0.91009814,0.28697976,0,1,test,6.0,6.0,0.0,1.0,0.0,0.0,0.007736944,0.0,0,0,0,0,0
44307,-1,1,5.026162,0.9934789,1,1,unassigned,2.0,2.0,0.0,1.0,0.0,0.0,0.0,0.0,1,0,0,1,1
44308,0,1,-0.269168,0.43311134,0,0,val,37.0,33.0,4.0,0.8918919,0.10810811,0.1081081,0.06769826,0.0073187314,1,0,1,0,0
44309,-1,1,-0.20379546,0.4492267,0,1,unassigned,15.0,14.0,1.0,0.93333334,0.06666667,0.06666666,0.025145067,0.0016763379,1,0,0,0,0
44310,-1,1,3.1355622,0.95833606,1,1,unassigned,7.0,6.0,1.0,0.85714287,0.14285715,0.14285713,0.00967118,0.0013815971,1,0,0,1,1
44311,-1,1,4.5899973,0.9899491,1,1,unassigned,3.0,3.0,0.0,1.0,0.0,0.0,0.001934236,0.0,1,0,0,1,1
44312,-1,0,0.27643234,0.56867135,1,1,unassigned,11.0,10.0,1.0,0.90909094,0.09090909,0.090909064,0.017408123,0.0015825568,0,0,0,1,0
44313,1,0,0.98020536,0.7271489,1,0,val,22.0,22.0,0.0,1.0,0.0,0.0,0.03868472,0.0,0,0,1,1,0
44314,-1,1,1.2350497,0.7747011,1,1,unassigned,22.0,22.0,0.0,1.0,0.0,0.0,0.03868472,0.0,1,0,0,1,0
44315,-1,0,-0.64491445,0.34413648,0,1,unassigned,45.0,45.0,0.0,1.0,0.0,0.0,0.08317215,0.0,0,0,0,0,0
44316,-1,0,-0.4224726,0.39592522,0,1,unassigned,2.0,2.0,0.0,1.0,0.0,0.0,0.0,0.0,0,0,0,0,0
44317,-1,0,-0.8624752,0.29682246,0,1,unassigned,14.0,14.0,0.0,1.0,0.0,0.0,0.023210831,0.0,0,0,0,0,0
44318,-1,1,0.04921341,0.51230085,1,1,unassigned,48.0,45.0,3.0,0.9375,0.0625,0.0625,0.088974856,0.0055609285,1,0,0,1,0
44319,1,0,-0.54101336,0.36795187,0,1,unassigned,2.0,2.0,0.0,1.0,0.0,0.0,0.0,0.0,0,0,0,0,0
44320,-1,0,2.0388184,0.88481283,1,1,unassigned,3.0,2.0,1.0,0.6666667,0.33333334,0.3333333,0.001934236,0.00064474536,0,0,0,1,0
44321,-1,1,-0.6201363,0.34975046,0,1,unassigned,58.0,56.0,2.0,0.9655172,0.03448276,0.034482777,0.10831721,0.0037350762,1,0,0,0,0
44322,1,1,-0.65960056,0.34082934,0,1,test,58.0,56.0,2.0,0.9655172,0.03448276,0.034482777,0.10831721,0.0037350762,1,0,0,0,0
44323,-1,1,-0.8001049,0.31000307,0,1,unassigned,132.0,129.0,3.0,0.97727275,0.022727273,0.022727251,0.2514507,0.0057147886,1,0,0,0,0
44324,-1,0,0.33566922,0.58313817,1,1,unassigned,7.0,7.0,0.0,1.0,0.0,0.0,0.00967118,0.0,0,0,0,1,0
44325,1,0,2.4596336,0.9212631,1,0,val,2.0,2.0,0.0,1.0,0.0,0.0,0.0,0.0,0,0,1,1,1
44326,-1,1,-0.08621466,0.4784597,0,1,unassigned,3.0,3.0,0.0,1.0,0.0,0.0,0.001934236,0.0,1,0,0,0,0
44327,1,0,12.553521,0.9999964,1,0,test,2.0,1.0,1.0,0.5,0.5,0.5,0.0,0.0,0,0,1,1,1
44328,-1,0,0.08007711,0.52000856,1,1,unassigned,10.0,9.0,1.0,0.9,0.1,0.100000024,0.015473888,0.0015473888,0,0,0,1,0
44329,-1,0,0.2261936,0.5563085,1,1,unassigned,22.0,22.0,0.0,1.0,0.0,0.0,0.03868472,0.0,0,0,0,1,0
44330,-1,0,-0.3933574,0.40290934,0,1,unassigned,14.0,14.0,0.0,1.0,0.0,0.0,0.023210831,0.0,0,0,0,0,0
44331,-1,0,0.28339714,0.5703789,1,1,unassigned,29.0,29.0,0.0,1.0,0.0,0.0,0.05222437,0.0,0,0,0,1,0
44332,-1,0,-0.29149324,0.42763832,0,1,unassigned,16.0,15.0,1.0,0.9375,0.0625,0.0625,0.027079303,0.0016924564,0,0,0,0,0
44333,-1,0,-0.4544533,0.38830245,0,1,unassigned,25.0,25.0,0.0,1.0,0.0,0.0,0.044487428,0.0,0,0,0,0,0
44334,-1,1,6.0878186,0.9977348,1,1,unassigned,3.0,3.0,0.0,1.0,0.0,0.0,0.001934236,0.0,1,0,0,1,1
44335,-1,0,2.8992,0.94780684,1,1,unassigned,2.0,2.0,0.0,1.0,0.0,0.0,0.0,0.0,0,0,0,1,1
44336,-1,0,-0.609158,0.3522513,0,1,unassigned,2.0,2.0,0.0,1.0,0.0,0.0,0.0,0.0,0,0,0,0,0
44337,0,1,2.18913,0.8992691,1,1,test,3.0,1.0,2.0,0.33333334,0.6666667,0.6666666,0.001934236,0.0012894907,1,0,0,1,0
44338,-1,0,-0.6405574,0.34512055,0,1,unassigned,37.0,36.0,1.0,0.972973,0.027027028,0.02702701,0.06769826,0.0018296828,0,0,0,0,0
44339,0,0,0.03560716,0.5089008,1,1,unassigned,10.0,10.0,0.0,1.0,0.0,0.0,0.015473888,0.0,0,0,0,1,0
44340,-1,0,1.3147647,0.78830934,1,1,unassigned,2.0,2.0,0.0,1.0,0.0,0.0,0.0,0.0,0,0,0,1,0
44341,-1,0,0.49317485,0.6208541,1,1,unassigned,2.0,1.0,1.0,0.5,0.5,0.5,0.0,0.0,0,0,0,1,0
44342,-1,0,0.2593928,0.56448704,1,1,unassigned,4.0,2.0,2.0,0.5,0.5,0.5,0.003868472,0.001934236,0,0,0,1,0
44343,-1,1,2.1354911,0.8943052,1,1,unassigned,11.0,11.0,0.0,1.0,0.0,0.0,0.017408123,0.0,1,0,0,1,0
44344,-1,1,1.2118633,0.77062845,1,1,unassigned,21.0,18.0,3.0,0.85714287,0.14285715,0.14285713,0.036750484,0.0052500693,1,0,0,1,0
44345,-1,0,2.6470466,0.9338288,1,1,unassigned,5.0,5.0,0.0,1.0,0.0,0.0,0.0058027077,0.0,0,0,0,1,1
44346,-1,0,-0.48389387,0.38133305,0,1,unassigned,19.0,19.0,0.0,1.0,0.0,0.0,0.032882012,0.0,0,0,0,0,0
44347,-1,0,-0.30938202,0.4232656,0,1,unassigned,46.0,46.0,0.0,1.0,0.0,0.0,0.08510638,0.0,0,0,0,0,0
44348,-1,1,0.35524982,0.5878901,1,1,unassigned,3.0,2.0,1.0,0.6666667,0.33333334,0.3333333,0.001934236,0.00064474536,1,0,0,1,0
44349,-1,0,0.7338193,0.6756428,1,1,unassigned,5.0,4.0,1.0,0.8,0.2,0.19999999,0.0058027077,0.0011605415,0,0,0,1,0
44350,1,0,2.4894066,0.9233959,1,0,unassigned,19.0,17.0,2.0,0.8947368,0.10526316,0.10526317,0.032882012,0.0034612645,0,0,1,1,1
44351,-1,0,2.145415,0.8952396,1,1,unassigned,18.0,18.0,0.0,1.0,0.0,0.0,0.030947777,0.0,0,0,0,1,0
44352,-1,0,0.09255797,0.523123,1,1,unassigned,15.0,15.0,0.0,1.0,0.0,0.0,0.025145067,0.0,0,0,0,1,0
44353,-1,0,2.2501128,0.9046603,1,1,unassigned,3.0,3.0,0.0,1.0,0.0,0.0,0.001934236,0.0,0,0,0,1,1
44354,-1,0,0.8084627,0.6917818,1,1,unassigned,5.0,5.0,0.0,1.0,0.0,0.0,0.0058027077,0.0,0,0,0,1,0
44355,-1,0,0.5090603,0.62458616,1,1,unassigned,8.0,8.0,0.0,1.0,0.0,0.0,0.0116054155,0.0,0,0,0,1,0
44356,-1,0,9.614312,0.99993324,1,1,unassigned,13.0,11.0,2.0,0.84615386,0.15384616,0.15384614,0.021276595,0.0032733225,0,0,0,1,1
44357,-1,1,-0.13039982,0.46744615,0,1,unassigned,27.0,27.0,0.0,1.0,0.0,0.0,0.0483559,0.0,1,0,0,0,0
44358,-1,1,-0.777113,0.31494242,0,1,unassigned,33.0,32.0,1.0,0.969697,0.030303031,0.030303001,0.059961315,0.0018170096,1,0,0,0,0
44359,-1,0,5.736247,0.9967835,1,1,unassigned,2.0,2.0,0.0,1.0,0.0,0.0,0.0,0.0,0,0,0,1,1
44360,-1,0,2.0390728,0.8848388,1,1,unassigned,4.0,3.0,1.0,0.75,0.25,0.25,0.003868472,0.000967118,0,0,0,1,0
44361,-1,1,0.62355524,0.6510267,1,1,unassigned,16.0,16.0,0.0,1.0,0.0,0.0,0.027079303,0.0,1,0,0,1,0
44362,-1,1,1.7513924,0.8521283,1,1,unassigned,3.0,3.0,0.0,1.0,0.0,0.0,0.001934236,0.0,1,0,0,1,0
44363,-1,0,-0.94866467,0.27915344,0,1,unassigned,45.0,45.0,0.0,1.0,0.0,0.0,0.08317215,0.0,0,0,0,0,0
44364,-1,0,0.28696615,0.57125324,1,1,unassigned,42.0,42.0,0.0,1.0,0.0,0.0,0.07736944,0.0,0,0,0,1,0
44365,-1,1,1.7088094,0.8466818,1,1,unassigned,4.0,3.0,1.0,0.75,0.25,0.25,0.003868472,0.000967118,1,0,0,1,0
44366,-1,0,-0.26244748,0.4347622,0,1,unassigned,2.0,2.0,0.0,1.0,0.0,0.0,0.0,0.0,0,0,0,0,0
44367,-1,0,1.2700584,0.7807527,1,1,unassigned,2.0,2.0,0.0,1.0,0.0,0.0,0.0,0.0,0,0,0,1,0
44368,-1,0,0.8364666,0.6977205,1,1,unassigned,10.0,9.0,1.0,0.9,0.1,0.100000024,0.015473888,0.0015473888,0,0,0,1,0
44369,-1,1,4.8466525,0.99220663,1,1,unassigned,2.0,2.0,0.0,1.0,0.0,0.0,0.0,0.0,1,0,0,1,1
44370,-1,1,2.4516084,0.920679,1,1,unassigned,44.0,35.0,9.0,0.79545456,0.20454545,0.20454544,0.08123791,0.016616846,1,0,0,1,1
44371,-1,0,-0.3166209,0.42149946,0,1,unassigned,2.0,1.0,1.0,0.5,0.5,0.5,0.0,0.0,0,0,0,0,0
44372,-1,0,-0.24362683,0.43939275,0,1,unassigned,5.0,5.0,0.0,1.0,0.0,0.0,0.0058027077,0.0,0,0,0,0,0
44373,-1,0,-0.4218159,0.3960823,0,1,unassigned,15.0,15.0,0.0,1.0,0.0,0.0,0.025145067,0.0,0,0,0,0,0
44374,-1,1,-0.17685336,0.45590153,0,1,unassigned,23.0,23.0,0.0,1.0,0.0,0.0,0.040618956,0.0,1,0,0,0,0
44375,-1,0,-0.38193882,0.40565935,0,1,unassigned,2.0,2.0,0.0,1.0,0.0,0.0,0.0,0.0,0,0,0,0,0
44376,-1,0,-0.24861956,0.43816328,0,1,unassigned,4.0,4.0,0.0,1.0,0.0,0.0,0.003868472,0.0,0,0,0,0,0
44377,-1,1,-0.020008266,0.4949981,0,1,unassigned,9.0,9.0,0.0,1.0,0.0,0.0,0.013539651,0.0,1,0,0,0,0
44378,-1,0,0.07788181,0.5194606,1,1,unassigned,2.0,1.0,1.0,0.5,0.5,0.5,0.0,0.0,0,0,0,1,0
44379,0,0,-0.9061768,0.28778282,0,0,val,7.0,7.0,0.0,1.0,0.0,0.0,0.00967118,0.0,0,0,1,0,0
44380,-1,0,0.20565695,0.55123377,1,1,unassigned,10.0,10.0,0.0,1.0,0.0,0.0,0.015473888,0.0,0,0,0,1,0
44381,-1,0,-0.86618644,0.29604843,0,1,unassigned,21.0,20.0,1.0,0.95238096,0.04761905,0.047619045,0.036750484,0.0017500231,0,0,0,0,0
44382,-1,0,0.844075,0.69932276,1,1,unassigned,3.0,3.0,0.0,1.0,0.0,0.0,0.001934236,0.0,0,0,0,1,0
44383,-1,0,1.9522927,0.8756964,1,1,unassigned,9.0,8.0,1.0,0.8888889,0.11111111,0.111111104,0.013539651,0.0015044058,0,0,0,1,0
44384,-1,0,-0.3627408,0.41029623,0,1,unassigned,50.0,49.0,1.0,0.98,0.02,0.01999998,0.092843324,0.0018568664,0,0,0,0,0
44385,0,0,-0.11290598,0.4718034,0,0,unassigned,7.0,7.0,0.0,1.0,0.0,0.0,0.00967118,0.0,0,0,1,0,0
44386,-1,0,-0.572922,0.3605629,0,1,unassigned,2.0,2.0,0.0,1.0,0.0,0.0,0.0,0.0,0,0,0,0,0
44387,-1,0,0.0038290024,0.50095725,1,1,unassigned,2.0,2.0,0.0,1.0,0.0,0.0,0.0,0.0,0,0,0,1,0
44388,-1,1,0.89982754,0.710914,1,1,unassigned,19.0,18.0,1.0,0.94736844,0.05263158,0.052631557,0.032882012,0.0017306323,1,0,0,1,0
44389,-1,1,5.170226,0.9943488,1,1,unassigned,6.0,6.0,0.0,1.0,0.0,0.0,0.007736944,0.0,1,0,0,1,1
44390,-1,0,0.68736094,0.6653796,1,1,unassigned,18.0,18.0,0.0,1.0,0.0,0.0,0.030947777,0.0,0,0,0,1,0
44391,-1,1,4.2416353,0.98581994,1,1,unassigned,8.0,8.0,0.0,1.0,0.0,0.0,0.0116054155,0.0,1,0,0,1,1
44392,-1,0,-0.29068923,0.42783514,0,1,unassigned,20.0,20.0,0.0,1.0,0.0,0.0,0.034816246,0.0,0,0,0,0,0
44393,-1,0,3.3219333,0.96517366,1,1,unassigned,7.0,7.0,0.0,1.0,0.0,0.0,0.00967118,0.0,0,0,0,1,1
44394,1,1,-0.7601093,0.31862253,0,1,unassigned,87.0,83.0,4.0,0.954023,0.04597701,0.045976996,0.16441005,0.007559083,1,0,0,0,0
44395,0,1,-0.8334687,0.30291212,0,0,unassigned,86.0,84.0,2.0,0.9767442,0.023255814,0.023255825,0.16247582,0.0037785075,1,0,1,0,0
44396,-1,1,7.012053,0.99909985,1,1,unassigned,8.0,7.0,1.0,0.875,0.125,0.125,0.0116054155,0.0014506769,1,0,0,1,1
44397,1,1,4.750944,0.9914306,1,0,unassigned,2.0,2.0,0.0,1.0,0.0,0.0,0.0,0.0,1,0,1,1,1
44398,0,0,-0.15776753,0.46063974,0,0,val,23.0,21.0,2.0,0.9130435,0.08695652,0.0869565,0.040618956,0.0035320832,0,0,1,0,0
44399,-1,1,5.8265567,0.9970605,1,1,unassigned,3.0,3.0,0.0,1.0,0.0,0.0,0.001934236,0.0,1,0,0,1,1
44400,-1,0,0.22801358,0.5567577,1,1,unassigned,2.0,2.0,0.0,1.0,0.0,0.0,0.0,0.0,0,0,0,1,0
44401,-1,1,1.2730021,0.78125626,1,1,unassigned,2.0,2.0,0.0,1.0,0.0,0.0,0.0,0.0,1,0,0,1,0
44402,-1,1,0.43372887,0.6067637,1,1,unassigned,7.0,7.0,0.0,1.0,0.0,0.0,0.00967118,0.0,1,0,0,1,0
44403,1,1,-0.052409947,0.4869005,0,1,unassigned,13.0,13.0,0.0,1.0,0.0,0.0,0.021276595,0.0,1,0,0,0,0
44404,-1,0,-0.27490234,0.43170395,0,1,unassigned,10.0,10.0,0.0,1.0,0.0,0.0,0.015473888,0.0,0,0,0,0,0
44405,-1,0,1.151453,0.75977623,1,1,unassigned,3.0,3.0,0.0,1.0,0.0,0.0,0.001934236,0.0,0,0,0,1,0
44406,1,0,-0.3538081,0.41245925,0,1,unassigned,10.0,10.0,0.0,1.0,0.0,0.0,0.015473888,0.0,0,0,0,0,0
44407,-1,1,4.185676,0.985016,1,1,unassigned,2.0,2.0,0.0,1.0,0.0,0.0,0.0,0.0,1,0,0,1,1
44408,-1,1,2.852276,0.94543624,1,1,unassigned,4.0,4.0,0.0,1.0,0.0,0.0,0.003868472,0.0,1,0,0,1,1
44409,-1,1,6.952846,0.99904495,1,1,unassigned,2.0,2.0,0.0,1.0,0.0,0.0,0.0,0.0,1,0,0,1,1
44410,-1,0,5.7550993,0.99684346,1,1,unassigned,4.0,3.0,1.0,0.75,0.25,0.25,0.003868472,0.000967118,0,0,0,1,1
44411,-1,0,1.2461822,0.77663827,1,1,unassigned,3.0,3.0,0.0,1.0,0.0,0.0,0.001934236,0.0,0,0,0,1,0
44412,-1,0,1.8582356,0.86509115,1,1,unassigned,9.0,9.0,0.0,1.0,0.0,0.0,0.013539651,0.0,0,0,0,1,0
44413,-1,1,0.60192066,0.6460956,1,1,unassigned,17.0,17.0,0.0,1.0,0.0,0.0,0.029013539,0.0,1,0,0,1,0
44414,-1,1,4.4235883,0.98815095,1,1,unassigned,2.0,2.0,0.0,1.0,0.0,0.0,0.0,0.0,1,0,0,1,1
44415,-1,1,2.738415,0.9392558,1,1,unassigned,2.0,2.0,0.0,1.0,0.0,0.0,0.0,0.0,1,0,0,1,1
44416,-1,0,-0.75529414,0.31966883,0,1,unassigned,7.0,7.0,0.0,1.0,0.0,0.0,0.00967118,0.0,0,0,0,0,0
44417,-1,1,12.799648,0.99999726,1,1,unassigned,8.0,3.0,5.0,0.375,0.625,0.625,0.0116054155,0.0072533847,1,0,0,1,1
44418,-1,0,1.7674344,0.8541384,1,1,unassigned,2.0,1.0,1.0,0.5,0.5,0.5,0.0,0.0,0,0,0,1,0
44419,-1,1,0.059069216,0.514763,1,1,unassigned,35.0,25.0,10.0,0.71428573,0.2857143,0.28571427,0.06382979,0.018237082,1,0,0,1,0
44420,-1,0,-0.87127787,0.29498845,0,1,unassigned,2.0,2.0,0.0,1.0,0.0,0.0,0.0,0.0,0,0,0,0,0
44421,-1,0,0.4248842,0.6046514,1,1,unassigned,5.0,5.0,0.0,1.0,0.0,0.0,0.0058027077,0.0,0,0,0,1,0
44422,-1,0,6.2615542,0.99809533,1,1,unassigned,6.0,3.0,3.0,0.5,0.5,0.5,0.007736944,0.003868472,0,0,0,1,1
44423,-1,1,2.92425,0.94903225,1,1,unassigned,6.0,6.0,0.0,1.0,0.0,0.0,0.007736944,0.0,1,0,0,1,1
44424,0,0,-0.37910485,0.40634283,0,0,val,6.0,6.0,0.0,1.0,0.0,0.0,0.007736944,0.0,0,0,1,0,0
44425,-1,0,-0.6041107,0.3534038,0,1,unassigned,5.0,5.0,0.0,1.0,0.0,0.0,0.0058027077,0.0,0,0,0,0,0
44426,-1,0,-0.9564096,0.27759764,0,1,unassigned,3.0,3.0,0.0,1.0,0.0,0.0,0.001934236,0.0,0,0,0,0,0
44427,-1,1,0.20334554,0.550662,1,1,unassigned,19.0,17.0,2.0,0.8947368,0.10526316,0.10526317,0.032882012,0.0034612645,1,0,0,1,0
44428,-1,1,1.7715287,0.8546477,1,1,unassigned,3.0,2.0,1.0,0.6666667,0.33333334,0.3333333,0.001934236,0.00064474536,1,0,0,1,0
44429,-1,1,-0.24453261,0.43916968,0,1,unassigned,2.0,2.0,0.0,1.0,0.0,0.0,0.0,0.0,1,0,0,0,0
44430,-1,1,3.3305743,0.9654629,1,1,unassigned,5.0,5.0,0.0,1.0,0.0,0.0,0.0058027077,0.0,1,0,0,1,1
44431,-1,0,-0.19551113,0.45127732,0,1,unassigned,10.0,9.0,1.0,0.9,0.1,0.100000024,0.015473888,0.0015473888,0,0,0,0,0
44432,-1,0,1.3600492,0.7957677,1,1,unassigned,4.0,3.0,1.0,0.75,0.25,0.25,0.003868472,0.000967118,0,0,0,1,0
44433,-1,0,-0.28858337,0.42835072,0,1,unassigned,46.0,45.0,1.0,0.9782609,0.02173913,0.021739125,0.08510638,0.0018501388,0,0,0,0,0
44434,-1,0,-0.83139944,0.30334926,0,1,unassigned,33.0,33.0,0.0,1.0,0.0,0.0,0.059961315,0.0,0,0,0,0,0
44435,-1,0,-0.7412433,0.3227323,0,1,unassigned,26.0,26.0,0.0,1.0,0.0,0.0,0.046421662,0.0,0,0,0,0,0
44436,-1,1,-0.15805048,0.46056944,0,1,unassigned,42.0,41.0,1.0,0.97619045,0.023809524,0.023809552,0.07736944,0.0018421295,1,0,0,0,0
44437,-1,0,-0.9681562,0.27524814,0,1,unassigned,3.0,1.0,2.0,0.33333334,0.6666667,0.6666666,0.001934236,0.0012894907,0,0,0,0,0
44438,-1,1,2.935016,0.94955045,1,1,unassigned,36.0,35.0,1.0,0.9722222,0.027777778,0.027777791,0.065764025,0.0018267785,1,0,0,1,1
44439,-1,0,0.51634914,0.62629366,1,1,unassigned,5.0,1.0,4.0,0.2,0.8,0.8,0.0058027077,0.004642166,0,0,0,1,0
44440,-1,1,0.2006154,0.5499863,1,1,unassigned,3.0,3.0,0.0,1.0,0.0,0.0,0.001934236,0.0,1,0,0,1,0
44441,-1,1,0.10892093,0.5272033,1,1,unassigned,4.0,4.0,0.0,1.0,0.0,0.0,0.003868472,0.0,1,0,0,1,0
44442,-1,1,-0.61815494,0.35020122,0,1,unassigned,2.0,1.0,1.0,0.5,0.5,0.5,0.0,0.0,1,0,0,0,0
44443,-1,0,1.5312355,0.822187,1,1,unassigned,6.0,5.0,1.0,0.8333333,0.16666667,0.16666669,0.007736944,0.0012894907,0,0,0,1,0
44444,-1,0,-0.63794905,0.3457103,0,1,unassigned,12.0,12.0,0.0,1.0,0.0,0.0,0.01934236,0.0,0,0,0,0,0
44445,-1,0,1.9084084,0.87084025,1,1,unassigned,32.0,30.0,2.0,0.9375,0.0625,0.0625,0.058027077,0.0036266923,0,0,0,1,0
44446,-1,0,-0.71267533,0.32900795,0,1,unassigned,35.0,34.0,1.0,0.9714286,0.028571429,0.028571427,0.06382979,0.0018237082,0,0,0,0,0
44447,-1,0,-0.26171845,0.43494135,0,1,unassigned,15.0,15.0,0.0,1.0,0.0,0.0,0.025145067,0.0,0,0,0,0,0
44448,-1,0,1.6248033,0.8354565,1,1,unassigned,48.0,47.0,1.0,0.9791667,0.020833334,0.020833313,0.088974856,0.0018536429,0,0,0,1,0
44449,-1,0,0.23617977,0.55877197,1,1,unassigned,3.0,2.0,1.0,0.6666667,0.33333334,0.3333333,0.001934236,0.00064474536,0,0,0,1,0
44450,-1,0,-0.1408009,0.4648578,0,1,unassigned,4.0,4.0,0.0,1.0,0.0,0.0,0.003868472,0.0,0,0,0,0,0
44451,-1,1,8.916034,0.9998658,1,1,unassigned,5.0,4.0,1.0,0.8,0.2,0.19999999,0.0058027077,0.0011605415,1,0,0,1,1
44452,-1,1,2.9852264,0.9519022,1,1,unassigned,4.0,4.0,0.0,1.0,0.0,0.0,0.003868472,0.0,1,0,0,1,1
44453,-1,0,4.322373,0.9869054,1,1,unassigned,18.0,17.0,1.0,0.9444444,0.055555556,0.055555582,0.030947777,0.0017193209,0,0,0,1,1
44454,0,0,-0.240396,0.44018874,0,0,test,16.0,16.0,0.0,1.0,0.0,0.0,0.027079303,0.0,0,0,1,0,0
44455,-1,1,3.8965704,0.9800929,1,1,unassigned,2.0,2.0,0.0,1.0,0.0,0.0,0.0,0.0,1,0,0,1,1
44456,-1,0,-0.018903375,0.49527434,0,1,unassigned,9.0,9.0,0.0,1.0,0.0,0.0,0.013539651,0.0,0,0,0,0,0
44457,-1,1,-0.2023679,0.44957995,0,1,unassigned,2.0,2.0,0.0,1.0,0.0,0.0,0.0,0.0,1,0,0,0,0
44458,-1,0,1.5771849,0.8288055,1,1,unassigned,26.0,26.0,0.0,1.0,0.0,0.0,0.046421662,0.0,0,0,0,1,0
44459,-1,1,-0.07503113,0.48125103,0,1,unassigned,16.0,16.0,0.0,1.0,0.0,0.0,0.027079303,0.0,1,0,0,0,0
44460,-1,0,-0.36802292,0.4090188,0,1,unassigned,2.0,2.0,0.0,1.0,0.0,0.0,0.0,0.0,0,0,0,0,0
44461,1,1,0.51716477,0.6264846,1,0,test,29.0,26.0,3.0,0.8965517,0.10344828,0.10344827,0.05222437,0.005402521,1,0,1,1,0
44462,-1,1,-0.24473023,0.43912098,0,1,unassigned,2.0,2.0,0.0,1.0,0.0,0.0,0.0,0.0,1,0,0,0,0
44463,1,1,3.2719862,0.9634552,1,0,val,6.0,6.0,0.0,1.0,0.0,0.0,0.007736944,0.0,1,0,1,1,1
44464,-1,0,-0.26273537,0.43469143,0,1,unassigned,2.0,2.0,0.0,1.0,0.0,0.0,0.0,0.0,0,0,0,0,0
44465,-1,1,3.5474436,0.972008,1,1,unassigned,10.0,10.0,0.0,1.0,0.0,0.0,0.015473888,0.0,1,0,0,1,1
44466,-1,1,1.282582,0.78288895,1,1,unassigned,9.0,9.0,0.0,1.0,0.0,0.0,0.013539651,0.0,1,0,0,1,0
44467,0,1,-0.58848965,0.3569815,0,0,test,35.0,29.0,6.0,0.82857144,0.17142858,0.17142856,0.06382979,0.01094225,1,0,1,0,0
44468,-1,0,-0.9421418,0.28046793,0,1,unassigned,2.0,2.0,0.0,1.0,0.0,0.0,0.0,0.0,0,0,0,0,0
44469,-1,1,2.570408,0.9289326,1,1,unassigned,2.0,2.0,0.0,1.0,0.0,0.0,0.0,0.0,1,0,0,1,1
44470,-1,0,-0.7238269,0.3265508,0,1,unassigned,35.0,32.0,3.0,0.9142857,0.08571429,0.08571428,0.06382979,0.005471125,0,0,0,0,0
44471,0,0,-0.744171,0.32209274,0,0,val,41.0,41.0,0.0,1.0,0.0,0.0,0.07543521,0.0,0,0,1,0,0
44472,1,0,0.100955784,0.52521753,1,0,val,13.0,13.0,0.0,1.0,0.0,0.0,0.021276595,0.0,0,0,1,1,0
44473,-1,0,3.740835,0.97681594,1,1,unassigned,2.0,2.0,0.0,1.0,0.0,0.0,0.0,0.0,0,0,0,1,1
44474,-1,1,2.198725,0.900135,1,1,unassigned,4.0,4.0,0.0,1.0,0.0,0.0,0.003868472,0.0,1,0,0,1,1
44475,-1,1,0.27757865,0.5689525,1,1,unassigned,2.0,1.0,1.0,0.5,0.5,0.5,0.0,0.0,1,0,0,1,0
44476,-1,1,3.6838553,0.97548985,1,1,unassigned,4.0,4.0,0.0,1.0,0.0,0.0,0.003868472,0.0,1,0,0,1,1
44477,-1,0,-0.8428863,0.30092725,0,1,unassigned,15.0,15.0,0.0,1.0,0.0,0.0,0.025145067,0.0,0,0,0,0,0
44478,-1,0,-0.039084733,0.49023005,0,1,unassigned,72.0,72.0,0.0,1.0,0.0,0.0,0.13539653,0.0,0,0,0,0,0
44479,0,1,-0.17021602,0.45754844,0,0,val,14.0,13.0,1.0,0.9285714,0.071428575,0.0714286,0.023210831,0.0016579166,1,0,1,0,0
44480,0,0,-0.9096604,0.28706932,0,0,val,14.0,14.0,0.0,1.0,0.0,0.0,0.023210831,0.0,0,0,1,0,0
44481,-1,1,1.6866567,0.8437839,1,1,unassigned,2.0,1.0,1.0,0.5,0.5,0.5,0.0,0.0,1,0,0,1,0
44482,-1,0,-0.44665092,0.39015737,0,1,unassigned,3.0,3.0,0.0,1.0,0.0,0.0,0.001934236,0.0,0,0,0,0,0
44483,-1,1,8.180959,0.99972016,1,1,unassigned,3.0,3.0,0.0,1.0,0.0,0.0,0.001934236,0.0,1,0,0,1,1
44484,-1,0,-0.17029902,0.45752782,0,1,unassigned,14.0,13.0,1.0,0.9285714,0.071428575,0.0714286,0.023210831,0.0016579166,0,0,0,0,0
44485,-1,0,7.592344,0.999496,1,1,unassigned,11.0,11.0,0.0,1.0,0.0,0.0,0.017408123,0.0,0,0,0,1,1
44486,0,0,-0.7773222,0.3148973,0,0,train,28.0,28.0,0.0,1.0,0.0,0.0,0.050290134,0.0,0,0,1,0,0
44487,0,1,0.17593867,0.5438716,1,1,test,6.0,5.0,1.0,0.8333333,0.16666667,0.16666669,0.007736944,0.0012894907,1,0,0,1,0
44488,-1,0,-0.8317966,0.3032653,0,1,unassigned,37.0,37.0,0.0,1.0,0.0,0.0,0.06769826,0.0,0,0,0,0,0
44489,-1,0,0.082986414,0.5207347,1,1,unassigned,7.0,6.0,1.0,0.85714287,0.14285715,0.14285713,0.00967118,0.0013815971,0,0,0,1,0
44490,-1,0,-0.8591082,0.2975257,0,1,unassigned,33.0,31.0,2.0,0.93939394,0.060606062,0.060606062,0.059961315,0.0036340193,0,0,0,0,0
44491,0,0,-0.52833796,0.37090462,0,0,unassigned,6.0,6.0,0.0,1.0,0.0,0.0,0.007736944,0.0,0,0,1,0,0
44492,-1,0,-0.1547426,0.46139136,0,1,unassigned,15.0,15.0,0.0,1.0,0.0,0.0,0.025145067,0.0,0,0,0,0,0
44493,-1,1,2.300419,0.9089117,1,1,unassigned,2.0,2.0,0.0,1.0,0.0,0.0,0.0,0.0,1,0,0,1,1
44494,-1,0,-0.29041648,0.42790192,0,1,unassigned,10.0,10.0,0.0,1.0,0.0,0.0,0.015473888,0.0,0,0,0,0,0
44495,-1,0,-0.21706122,0.44594675,0,1,unassigned,16.0,16.0,0.0,1.0,0.0,0.0,0.027079303,0.0,0,0,0,0,0
44496,-1,0,-0.8792631,0.29333052,0,1,unassigned,11.0,11.0,0.0,1.0,0.0,0.0,0.017408123,0.0,0,0,0,0,0
44497,-1,0,-1.2475431,0.22312573,0,1,unassigned,31.0,31.0,0.0,1.0,0.0,0.0,0.056092843,0.0,0,0,0,0,0
44498,-1,0,-0.7684977,0.31680417,0,1,unassigned,24.0,24.0,0.0,1.0,0.0,0.0,0.04255319,0.0,0,0,0,0,0
44499,-1,0,-0.39741617,0.40193328,0,1,unassigned,19.0,15.0,4.0,0.7894737,0.21052632,0.21052629,0.032882012,0.006922529,0,0,0,0,0
44500,-1,0,-0.25857544,0.4357139,0,1,unassigned,47.0,46.0,1.0,0.9787234,0.021276595,0.021276593,0.08704062,0.001851928,0,0,0,0,0
44501,-1,1,2.1642234,0.8969904,1,1,unassigned,8.0,6.0,2.0,0.75,0.25,0.25,0.0116054155,0.0029013539,1,0,0,1,0
44502,-1,0,0.7539063,0.6800292,1,1,unassigned,18.0,16.0,2.0,0.8888889,0.11111111,0.111111104,0.030947777,0.0034386418,0,0,0,1,0
44503,-1,0,-0.023514926,0.49412152,0,1,unassigned,6.0,6.0,0.0,1.0,0.0,0.0,0.007736944,0.0,0,0,0,0,0
44504,-1,0,2.0755181,0.8885008,1,1,unassigned,6.0,6.0,0.0,1.0,0.0,0.0,0.007736944,0.0,0,0,0,1,0
44505,-1,1,0.8097146,0.69204867,1,1,unassigned,2.0,1.0,1.0,0.5,0.5,0.5,0.0,0.0,1,0,0,1,0
44506,-1,0,3.6780999,0.9753519,1,1,unassigned,9.0,8.0,1.0,0.8888889,0.11111111,0.111111104,0.013539651,0.0015044058,0,0,0,1,1
44507,-1,1,3.918977,0.9805253,1,1,unassigned,4.0,3.0,1.0,0.75,0.25,0.25,0.003868472,0.000967118,1,0,0,1,1
44508,-1,1,4.0613055,0.98306525,1,1,unassigned,6.0,6.0,0.0,1.0,0.0,0.0,0.007736944,0.0,1,0,0,1,1
44509,-1,0,-0.390244,0.40365857,0,1,unassigned,2.0,1.0,1.0,0.5,0.5,0.5,0.0,0.0,0,0,0,0,0
44510,-1,1,2.3847835,0.91565955,1,1,unassigned,2.0,2.0,0.0,1.0,0.0,0.0,0.0,0.0,1,0,0,1,1
44511,-1,0,3.1470191,0.9587911,1,1,unassigned,59.0,54.0,5.0,0.91525424,0.084745765,0.084745765,0.11025145,0.009343344,0,0,0,1,1
44512,-1,0,1.2215319,0.772333,1,1,unassigned,58.0,58.0,0.0,1.0,0.0,0.0,0.10831721,0.0,0,0,0,1,0
44513,-1,0,-0.6218085,0.34937024,0,1,unassigned,16.0,16.0,0.0,1.0,0.0,0.0,0.027079303,0.0,0,0,0,0,0
44514,-1,0,2.0890877,0.88983804,1,1,unassigned,9.0,9.0,0.0,1.0,0.0,0.0,0.013539651,0.0,0,0,0,1,0
44515,-1,0,3.4204078,0.9683363,1,1,unassigned,4.0,2.0,2.0,0.5,0.5,0.5,0.003868472,0.001934236,0,0,0,1,1
44516,0,0,0.77301556,0.68417287,1,1,val,31.0,30.0,1.0,0.9677419,0.032258064,0.032258093,0.056092843,0.0018094465,0,0,0,1,0
44517,-1,0,-0.41885737,0.39679018,0,1,unassigned,2.0,1.0,1.0,0.5,0.5,0.5,0.0,0.0,0,0,0,0,0
44518,-1,1,1.8334305,0.8621699,1,1,unassigned,24.0,24.0,0.0,1.0,0.0,0.0,0.04255319,0.0,1,0,0,1,0
44519,-1,1,-0.76202047,0.31820777,0,1,unassigned,24.0,24.0,0.0,1.0,0.0,0.0,0.04255319,0.0,1,0,0,0,0
44520,1,1,0.083520114,0.52086794,1,0,test,5.0,5.0,0.0,1.0,0.0,0.0,0.0058027077,0.0,1,0,1,1,0
44521,-1,1,-0.5213007,0.37254816,0,1,unassigned,60.0,53.0,7.0,0.8833333,0.11666667,0.116666675,0.11218569,0.013088331,1,0,0,0,0
44522,-1,1,0.43277222,0.60653543,1,1,unassigned,113.0,97.0,16.0,0.8584071,0.14159292,0.14159292,0.21470019,0.030400027,1,0,0,1,0
44523,-1,1,-0.18135506,0.4547851,0,1,unassigned,2.0,2.0,0.0,1.0,0.0,0.0,0.0,0.0,1,0,0,0,0
44524,1,1,6.7815385,0.9988668,1,0,unassigned,19.0,13.0,6.0,0.68421054,0.31578946,0.31578946,0.032882012,0.010383793,1,0,1,1,1
44525,-1,0,-0.23625493,0.44120947,0,1,unassigned,2.0,2.0,0.0,1.0,0.0,0.0,0.0,0.0,0,0,0,0,0
44526,-1,0,0.82342416,0.69496274,1,1,unassigned,11.0,10.0,1.0,0.90909094,0.09090909,0.090909064,0.017408123,0.0015825568,0,0,0,1,0
44527,-1,1,-0.33510453,0.41699913,0,1,unassigned,4.0,4.0,0.0,1.0,0.0,0.0,0.003868472,0.0,1,0,0,0,0
44528,-1,0,5.6139183,0.9963665,1,1,unassigned,4.0,3.0,1.0,0.75,0.25,0.25,0.003868472,0.000967118,0,0,0,1,1
44529,-1,0,-0.45395005,0.38842204,0,1,unassigned,5.0,5.0,0.0,1.0,0.0,0.0,0.0058027077,0.0,0,0,0,0,0
44530,-1,0,0.2332632,0.55805284,1,1,unassigned,3.0,2.0,1.0,0.6666667,0.33333334,0.3333333,0.001934236,0.00064474536,0,0,0,1,0
44531,-1,0,-0.30697578,0.4238531,0,1,unassigned,15.0,15.0,0.0,1.0,0.0,0.0,0.025145067,0.0,0,0,0,0,0
44532,-1,0,-0.22169375,0.44480246,0,1,unassigned,24.0,24.0,0.0,1.0,0.0,0.0,0.04255319,0.0,0,0,0,0,0
44533,-1,1,2.5683548,0.92879695,1,1,unassigned,12.0,7.0,5.0,0.5833333,0.41666666,0.4166667,0.01934236,0.008059316,1,0,0,1,1
44534,-1,0,-0.041812837,0.4895483,0,1,unassigned,9.0,9.0,0.0,1.0,0.0,0.0,0.013539651,0.0,0,0,0,0,0
44535,-1,0,-0.26065525,0.43520266,0,1,unassigned,14.0,14.0,0.0,1.0,0.0,0.0,0.023210831,0.0,0,0,0,0,0
44536,-1,1,-1.4101396,0.19621204,0,1,unassigned,3.0,3.0,0.0,1.0,0.0,0.0,0.001934236,0.0,1,0,0,0,0
44537,-1,0,1.6161397,0.834262,1,1,unassigned,26.0,24.0,2.0,0.9230769,0.07692308,0.07692307,0.046421662,0.0035708973,0,0,0,1,0
44538,-1,1,-0.9522463,0.2784333,0,1,unassigned,43.0,40.0,3.0,0.9302326,0.069767445,0.069767416,0.079303674,0.0055328147,1,0,0,0,0
44539,-1,0,-0.2573017,0.4360271,0,1,unassigned,16.0,15.0,1.0,0.9375,0.0625,0.0625,0.027079303,0.0016924564,0,0,0,0,0
44540,-1,0,-0.33489072,0.41705114,0,1,unassigned,16.0,15.0,1.0,0.9375,0.0625,0.0625,0.027079303,0.0016924564,0,0,0,0,0
44541,-1,0,-0.10118455,0.47472548,0,1,unassigned,6.0,6.0,0.0,1.0,0.0,0.0,0.007736944,0.0,0,0,0,0,0
44542,-1,0,5.1736546,0.994368,1,1,unassigned,2.0,2.0,0.0,1.0,0.0,0.0,0.0,0.0,0,0,0,1,1
44543,1,0,-0.24325222,0.43948507,0,1,test,3.0,3.0,0.0,1.0,0.0,0.0,0.001934236,0.0,0,0,0,0,0
44544,-1,1,-0.64202017,0.34479004,0,1,unassigned,9.0,9.0,0.0,1.0,0.0,0.0,0.013539651,0.0,1,0,0,0,0
44545,-1,0,-0.9313639,0.2826481,0,1,unassigned,2.0,2.0,0.0,1.0,0.0,0.0,0.0,0.0,0,0,0,0,0
44546,-1,1,-0.51633537,0.37370953,0,1,unassigned,11.0,10.0,1.0,0.90909094,0.09090909,0.090909064,0.017408123,0.0015825568,1,0,0,0,0
44547,-1,0,-0.93715185,0.281476,0,1,unassigned,2.0,2.0,0.0,1.0,0.0,0.0,0.0,0.0,0,0,0,0,0
44548,-1,0,-0.54589176,0.36681804,0,1,unassigned,39.0,39.0,0.0,1.0,0.0,0.0,0.07156673,0.0,0,0,0,0,0
44549,-1,1,-0.37186012,0.40809166,0,1,unassigned,5.0,5.0,0.0,1.0,0.0,0.0,0.0058027077,0.0,1,0,0,0,0
44550,0,1,-0.47682464,0.38300222,0,0,test,62.0,52.0,10.0,0.83870965,0.16129032,0.16129035,0.116054155,0.018718412,1,0,1,0,0
44551,-1,0,5.8680124,0.9971795,1,1,unassigned,3.0,3.0,0.0,1.0,0.0,0.0,0.001934236,0.0,0,0,0,1,1
44552,-1,1,8.051698,0.9996816,1,1,unassigned,4.0,4.0,0.0,1.0,0.0,0.0,0.003868472,0.0,1,0,0,1,1
44553,-1,0,-0.868015,0.2956675,0,1,unassigned,3.0,3.0,0.0,1.0,0.0,0.0,0.001934236,0.0,0,0,0,0,0
44554,-1,0,6.068947,0.99769175,1,1,unassigned,32.0,29.0,3.0,0.90625,0.09375,0.09375,0.058027077,0.0054400386,0,0,0,1,1
44555,1,1,-0.30385196,0.4246161,0,1,unassigned,28.0,26.0,2.0,0.9285714,0.071428575,0.0714286,0.050290134,0.0035921526,1,0,0,0,0
44556,1,1,0.83245045,0.69687283,1,0,unassigned,17.0,17.0,0.0,1.0,0.0,0.0,0.029013539,0.0,1,0,1,1,0
44557,-1,0,-0.20625433,0.4486184,0,1,unassigned,3.0,3.0,0.0,1.0,0.0,0.0,0.001934236,0.0,0,0,0,0,0
44558,-1,1,0.6926115,0.6665476,1,1,unassigned,8.0,8.0,0.0,1.0,0.0,0.0,0.0116054155,0.0,1,0,0,1,0
44559,-1,0,1.3396001,0.7924242,1,1,unassigned,3.0,3.0,0.0,1.0,0.0,0.0,0.001934236,0.0,0,0,0,1,0
44560,-1,1,6.5629783,0.9985903,1,1,unassigned,20.0,17.0,3.0,0.85,0.15,0.14999998,0.034816246,0.005222437,1,0,0,1,1
44561,-1,0,4.533287,0.989369,1,1,unassigned,2.0,2.0,0.0,1.0,0.0,0.0,0.0,0.0,0,0,0,1,1
44562,-1,0,-0.36694804,0.4092787,0,1,unassigned,9.0,9.0,0.0,1.0,0.0,0.0,0.013539651,0.0,0,0,0,0,0
44563,-1,0,4.953736,0.9929925,1,1,unassigned,4.0,4.0,0.0,1.0,0.0,0.0,0.003868472,0.0,0,0,0,1,1
44564,-1,0,1.5559518,0.82577175,1,1,unassigned,2.0,2.0,0.0,1.0,0.0,0.0,0.0,0.0,0,0,0,1,0
44565,1,0,-0.9127565,0.2864361,0,1,unassigned,71.0,70.0,1.0,0.9859155,0.014084507,0.014084518,0.13346228,0.0018797504,0,0,0,0,0
44566,-1,0,2.2829266,0.9074531,1,1,unassigned,12.0,12.0,0.0,1.0,0.0,0.0,0.01934236,0.0,0,0,0,1,1
44567,-1,0,-0.73970914,0.32306775,0,1,unassigned,22.0,21.0,1.0,0.95454544,0.045454547,0.04545456,0.03868472,0.0017583964,0,0,0,0,0
44568,-1,1,1.3613508,0.7959792,1,1,unassigned,3.0,3.0,0.0,1.0,0.0,0.0,0.001934236,0.0,1,0,0,1,0
44569,-1,0,-0.4760936,0.383175,0,1,unassigned,3.0,3.0,0.0,1.0,0.0,0.0,0.001934236,0.0,0,0,0,0,0
44570,-1,1,-0.6976348,0.3323368,0,1,unassigned,61.0,58.0,3.0,0.9508197,0.04918033,0.04918033,0.114119925,0.0056124553,1,0,0,0,0
44571,-1,0,2.855667,0.9456109,1,1,unassigned,2.0,1.0,1.0,0.5,0.5,0.5,0.0,0.0,0,0,0,1,1
44572,-1,1,-0.015607059,0.49609834,0,1,unassigned,83.0,76.0,7.0,0.91566265,0.084337346,0.08433735,0.15667312,0.013213395,1,0,0,0,0
44573,-1,1,-0.54573697,0.36685404,0,1,unassigned,6.0,6.0,0.0,1.0,0.0,0.0,0.007736944,0.0,1,0,0,0,0
44574,-1,0,7.1323905,0.99920183,1,1,unassigned,2.0,2.0,0.0,1.0,0.0,0.0,0.0,0.0,0,0,0,1,1
44575,-1,0,2.5406072,0.9269399,1,1,unassigned,2.0,2.0,0.0,1.0,0.0,0.0,0.0,0.0,0,0,0,1,1
44576,-1,0,-0.5630679,0.3628379,0,1,unassigned,26.0,26.0,0.0,1.0,0.0,0.0,0.046421662,0.0,0,0,0,0,0
44577,-1,1,-0.8867365,0.29178375,0,1,unassigned,67.0,65.0,2.0,0.9701493,0.029850746,0.029850721,0.12572534,0.0037529953,1,0,0,0,0
44578,-1,1,-0.2499322,0.43784016,0,1,unassigned,7.0,7.0,0.0,1.0,0.0,0.0,0.00967118,0.0,1,0,0,0,0
44579,-1,0,-0.41005164,0.39889973,0,1,unassigned,4.0,2.0,2.0,0.5,0.5,0.5,0.003868472,0.001934236,0,0,0,0,0
44580,-1,0,3.240574,0.9623329,1,1,unassigned,2.0,1.0,1.0,0.5,0.5,0.5,0.0,0.0,0,0,0,1,1
44581,-1,0,-0.21712455,0.4459311,0,1,unassigned,2.0,2.0,0.0,1.0,0.0,0.0,0.0,0.0,0,0,0,0,0
44582,0,1,-0.43693364,0.3924719,0,0,unassigned,29.0,26.0,3.0,0.8965517,0.10344828,0.10344827,0.05222437,0.005402521,1,0,1,0,0
44583,-1,1,-0.28496394,0.42923722,0,1,unassigned,19.0,17.0,2.0,0.8947368,0.10526316,0.10526317,0.032882012,0.0034612645,1,0,0,0,0
44584,-1,1,3.4560592,0.9694113,1,1,unassigned,4.0,4.0,0.0,1.0,0.0,0.0,0.003868472,0.0,1,0,0,1,1
44585,1,0,-0.64076036,0.34507468,0,1,unassigned,3.0,3.0,0.0,1.0,0.0,0.0,0.001934236,0.0,0,0,0,0,0
44586,-1,0,1.1391361,0.757521,1,1,unassigned,12.0,12.0,0.0,1.0,0.0,0.0,0.01934236,0.0,0,0,0,1,0
44587,0,0,-0.4514253,0.38902196,0,0,val,9.0,9.0,0.0,1.0,0.0,0.0,0.013539651,0.0,0,0,1,0,0
44588,-1,1,-0.40230483,0.40075874,0,1,unassigned,4.0,4.0,0.0,1.0,0.0,0.0,0.003868472,0.0,1,0,0,0,0
44589,-1,0,-0.7306722,0.32504725,0,1,unassigned,46.0,46.0,0.0,1.0,0.0,0.0,0.08510638,0.0,0,0,0,0,0
44590,1,0,1.1412265,0.75790477,1,0,unassigned,12.0,12.0,0.0,1.0,0.0,0.0,0.01934236,0.0,0,0,1,1,0
44591,0,0,-0.81984663,0.3057962,0,0,test,62.0,62.0,0.0,1.0,0.0,0.0,0.116054155,0.0,0,0,1,0,0
44592,-1,1,1.4567778,0.8110394,1,1,unassigned,4.0,4.0,0.0,1.0,0.0,0.0,0.003868472,0.0,1,0,0,1,0
44593,-1,0,0.1404975,0.5350667,1,1,unassigned,4.0,4.0,0.0,1.0,0.0,0.0,0.003868472,0.0,0,0,0,1,0
44594,-1,0,-0.53690684,0.36890742,0,1,unassigned,3.0,1.0,2.0,0.33333334,0.6666667,0.6666666,0.001934236,0.0012894907,0,0,0,0,0
44595,-1,0,-0.28078896,0.43026036,0,1,unassigned,3.0,3.0,0.0,1.0,0.0,0.0,0.001934236,0.0,0,0,0,0,0
44596,-1,0,2.2219918,0.90220714,1,1,unassigned,7.0,3.0,4.0,0.42857143,0.5714286,0.57142854,0.00967118,0.0055263885,0,0,0,1,1
44597,-1,1,7.627211,0.99951327,1,1,unassigned,5.0,4.0,1.0,0.8,0.2,0.19999999,0.0058027077,0.0011605415,1,0,0,1,1
44598,-1,0,5.9448915,0.9973877,1,1,unassigned,6.0,6.0,0.0,1.0,0.0,0.0,0.007736944,0.0,0,0,0,1,1
44599,1,1,7.466004,0.9994281,1,0,train,2.0,2.0,0.0,1.0,0.0,0.0,0.0,0.0,1,0,1,1,1
44600,-1,1,0.2719531,0.56757236,1,1,unassigned,2.0,2.0,0.0,1.0,0.0,0.0,0.0,0.0,1,0,0,1,0
44601,1,0,0.09914112,0.524765,1,0,test,7.0,7.0,0.0,1.0,0.0,0.0,0.00967118,0.0,0,0,1,1,0
44602,-1,0,1.7042167,0.84608465,1,1,unassigned,2.0,2.0,0.0,1.0,0.0,0.0,0.0,0.0,0,0,0,1,0
44603,-1,1,7.8740144,0.9996196,1,1,unassigned,2.0,2.0,0.0,1.0,0.0,0.0,0.0,0.0,1,0,0,1,1
44604,-1,0,-0.10019201,0.47497293,0,1,unassigned,4.0,3.0,1.0,0.75,0.25,0.25,0.003868472,0.000967118,0,0,0,0,0
44605,-1,1,-0.24958998,0.43792444,0,1,unassigned,13.0,12.0,1.0,0.9230769,0.07692308,0.07692307,0.021276595,0.0016366612,1,0,0,0,0
44606,-1,0,0.11594969,0.528955,1,1,unassigned,4.0,4.0,0.0,1.0,0.0,0.0,0.003868472,0.0,0,0,0,1,0
44607,-1,1,3.494139,0.97052056,1,1,unassigned,10.0,10.0,0.0,1.0,0.0,0.0,0.015473888,0.0,1,0,0,1,1
44608,-1,1,1.7643116,0.8537488,1,1,unassigned,4.0,3.0,1.0,0.75,0.25,0.25,0.003868472,0.000967118,1,0,0,1,0
44609,-1,0,-0.70581067,0.3305252,0,1,unassigned,19.0,19.0,0.0,1.0,0.0,0.0,0.032882012,0.0,0,0,0,0,0
44610,-1,0,-0.4576344,0.38754717,0,1,unassigned,70.0,70.0,0.0,1.0,0.0,0.0,0.13152805,0.0,0,0,0,0,0
44611,-1,0,-0.67332685,0.3377523,0,1,unassigned,13.0,13.0,0.0,1.0,0.0,0.0,0.021276595,0.0,0,0,0,0,0
44612,-1,0,-0.87780046,0.2936338,0,1,unassigned,3.0,3.0,0.0,1.0,0.0,0.0,0.001934236,0.0,0,0,0,0,0
44613,-1,1,1.3463852,0.79353803,1,1,unassigned,2.0,2.0,0.0,1.0,0.0,0.0,0.0,0.0,1,0,0,1,0
44614,-1,1,-0.83062804,0.30351228,0,1,unassigned,2.0,1.0,1.0,0.5,0.5,0.5,0.0,0.0,1,0,0,0,0
44615,0,1,-0.70480675,0.33074737,0,0,unassigned,28.0,27.0,1.0,0.96428573,0.035714287,0.03571427,0.050290134,0.0017960763,1,0,1,0,0
44616,-1,0,6.3401456,0.99823904,1,1,unassigned,8.0,7.0,1.0,0.875,0.125,0.125,0.0116054155,0.0014506769,0,0,0,1,1
44617,-1,0,8.564085,0.9998092,1,1,unassigned,10.0,9.0,1.0,0.9,0.1,0.100000024,0.015473888,0.0015473888,0,0,0,1,1
44618,-1,0,3.1855762,0.96028787,1,1,unassigned,2.0,2.0,0.0,1.0,0.0,0.0,0.0,0.0,0,0,0,1,1
44619,-1,1,5.6006293,0.9963181,1,1,unassigned,8.0,6.0,2.0,0.75,0.25,0.25,0.0116054155,0.0029013539,1,0,0,1,1
44620,-1,1,1.3427036,0.79293424,1,1,unassigned,21.0,18.0,3.0,0.85714287,0.14285715,0.14285713,0.036750484,0.0052500693,1,0,0,1,0
44621,-1,1,-0.15243721,0.46196428,0,1,unassigned,5.0,3.0,2.0,0.6,0.4,0.39999998,0.0058027077,0.002321083,1,0,0,0,0
44622,-1,0,9.702362,0.99993885,1,1,unassigned,8.0,8.0,0.0,1.0,0.0,0.0,0.0116054155,0.0,0,0,0,1,1
44623,-1,0,-0.2682956,0.4333256,0,1,unassigned,24.0,24.0,0.0,1.0,0.0,0.0,0.04255319,0.0,0,0,0,0,0
44624,0,0,-0.17161953,0.4572001,0,0,val,3.0,3.0,0.0,1.0,0.0,0.0,0.001934236,0.0,0,0,1,0,0
44625,-1,1,1.7946928,0.8575017,1,1,unassigned,9.0,8.0,1.0,0.8888889,0.11111111,0.111111104,0.013539651,0.0015044058,1,0,0,1,0
44626,-1,0,4.232062,0.98568547,1,1,unassigned,20.0,19.0,1.0,0.95,0.05,0.050000012,0.034816246,0.0017408123,0,0,0,1,1
44627,-1,0,5.4550014,0.99574333,1,1,unassigned,4.0,4.0,0.0,1.0,0.0,0.0,0.003868472,0.0,0,0,0,1,1
44628,-1,0,-0.24342176,0.43944326,0,1,unassigned,8.0,8.0,0.0,1.0,0.0,0.0,0.0116054155,0.0,0,0,0,0,0
44629,0,0,-0.24948093,0.43795127,0,0,unassigned,14.0,14.0,0.0,1.0,0.0,0.0,0.023210831,0.0,0,0,1,0,0
44630,-1,0,-0.64526576,0.34405717,0,1,unassigned,2.0,1.0,1.0,0.5,0.5,0.5,0.0,0.0,0,0,0,0,0
44631,0,0,-2.0681267,0.11223356,0,0,unassigned,5.0,5.0,0.0,1.0,0.0,0.0,0.0058027077,0.0,0,0,1,0,0
44632,-1,0,1.065028,0.7436502,1,1,unassigned,5.0,3.0,2.0,0.6,0.4,0.39999998,0.0058027077,0.002321083,0,0,0,1,0
44633,-1,1,2.4420955,0.9199815,1,1,unassigned,4.0,4.0,0.0,1.0,0.0,0.0,0.003868472,0.0,1,0,0,1,1
44634,-1,0,4.6833034,0.9908364,1,1,unassigned,20.0,20.0,0.0,1.0,0.0,0.0,0.034816246,0.0,0,0,0,1,1
44635,-1,1,5.05551,0.99366623,1,1,unassigned,8.0,8.0,0.0,1.0,0.0,0.0,0.0116054155,0.0,1,0,0,1,1
44636,-1,1,2.9975102,0.95246154,1,1,unassigned,7.0,5.0,2.0,0.71428573,0.2857143,0.28571427,0.00967118,0.0027631943,1,0,0,1,1
44637,-1,0,-0.4546624,0.38825276,0,1,unassigned,2.0,2.0,0.0,1.0,0.0,0.0,0.0,0.0,0,0,0,0,0
44638,-1,0,6.9513955,0.99904364,1,1,unassigned,2.0,2.0,0.0,1.0,0.0,0.0,0.0,0.0,0,0,0,1,1
44639,-1,0,4.9266515,0.9928014,1,1,unassigned,10.0,9.0,1.0,0.9,0.1,0.100000024,0.015473888,0.0015473888,0,0,0,1,1
44640,-1,1,3.1222131,0.9577998,1,1,unassigned,2.0,2.0,0.0,1.0,0.0,0.0,0.0,0.0,1,0,0,1,1
44641,-1,0,4.181806,0.98495877,1,1,unassigned,5.0,4.0,1.0,0.8,0.2,0.19999999,0.0058027077,0.0011605415,0,0,0,1,1
44642,0,1,-0.91305876,0.28637433,0,0,val,18.0,18.0,0.0,1.0,0.0,0.0,0.030947777,0.0,1,0,1,0,0
44643,-1,1,0.27280164,0.56778055,1,1,unassigned,30.0,29.0,1.0,0.96666664,0.033333335,0.03333336,0.054158606,0.001805287,1,0,0,1,0
44644,0,1,-0.38296437,0.40541214,0,0,unassigned,5.0,5.0,0.0,1.0,0.0,0.0,0.0058027077,0.0,1,0,1,0,0
44645,0,0,0.321073,0.57958573,1,1,val,7.0,7.0,0.0,1.0,0.0,0.0,0.00967118,0.0,0,0,0,1,0
44646,-1,0,-0.70213795,0.33133838,0,1,unassigned,40.0,40.0,0.0,1.0,0.0,0.0,0.07350097,0.0,0,0,0,0,0
44647,-1,0,-0.59614897,0.3552252,0,1,unassigned,95.0,94.0,1.0,0.9894737,0.010526316,0.0105262995,0.17988394,0.0018935152,0,0,0,0,0
44648,-1,0,-0.65014833,0.34295613,0,1,unassigned,2.0,2.0,0.0,1.0,0.0,0.0,0.0,0.0,0,0,0,0,0
44649,-1,0,5.001914,0.99331987,1,1,unassigned,22.0,20.0,2.0,0.90909094,0.09090909,0.090909064,0.03868472,0.0035167928,0,0,0,1,1
44650,-1,0,0.7802692,0.68573815,1,1,unassigned,31.0,31.0,0.0,1.0,0.0,0.0,0.056092843,0.0,0,0,0,1,0
44651,-1,1,4.33087,0.9870148,1,1,unassigned,19.0,16.0,3.0,0.84210527,0.15789473,0.15789473,0.032882012,0.0051918966,1,0,0,1,1
44652,-1,0,0.46976548,0.61532825,1,1,unassigned,2.0,2.0,0.0,1.0,0.0,0.0,0.0,0.0,0,0,0,1,0
44653,-1,0,0.00037413836,0.5000935,1,1,unassigned,4.0,4.0,0.0,1.0,0.0,0.0,0.003868472,0.0,0,0,0,1,0
44654,1,0,-0.20359662,0.44927594,0,1,unassigned,31.0,31.0,0.0,1.0,0.0,0.0,0.056092843,0.0,0,0,0,0,0
44655,-1,1,2.737567,0.9392073,1,1,unassigned,8.0,8.0,0.0,1.0,0.0,0.0,0.0116054155,0.0,1,0,0,1,1
44656,-1,1,4.8311267,0.99208564,1,1,unassigned,6.0,6.0,0.0,1.0,0.0,0.0,0.007736944,0.0,1,0,0,1,1
44657,-1,0,1.3034477,0.7864146,1,1,unassigned,28.0,22.0,6.0,0.78571427,0.21428572,0.21428573,0.050290134,0.010776457,0,0,0,1,0
44658,-1,0,3.0829604,0.9561843,1,1,unassigned,5.0,5.0,0.0,1.0,0.0,0.0,0.0058027077,0.0,0,0,0,1,1
44659,-1,0,0.25025028,0.5622381,1,1,unassigned,2.0,2.0,0.0,1.0,0.0,0.0,0.0,0.0,0,0,0,1,0
44660,-1,0,-0.33637333,0.4166907,0,1,unassigned,8.0,8.0,0.0,1.0,0.0,0.0,0.0116054155,0.0,0,0,0,0,0
44661,0,0,-0.38981372,0.40376213,0,0,val,10.0,10.0,0.0,1.0,0.0,0.0,0.015473888,0.0,0,0,1,0,0
44662,-1,0,-0.792511,0.31162974,0,1,unassigned,30.0,29.0,1.0,0.96666664,0.033333335,0.03333336,0.054158606,0.001805287,0,0,0,0,0
44663,-1,0,-0.22847873,0.44312754,0,1,unassigned,60.0,60.0,0.0,1.0,0.0,0.0,0.11218569,0.0,0,0,0,0,0
44664,-1,1,3.8701584,0.979571,1,1,unassigned,6.0,5.0,1.0,0.8333333,0.16666667,0.16666669,0.007736944,0.0012894907,1,0,0,1,1
44665,-1,0,-0.03640324,0.49090016,0,1,unassigned,4.0,4.0,0.0,1.0,0.0,0.0,0.003868472,0.0,0,0,0,0,0
44666,0,0,-0.01375103,0.49656233,0,0,test,12.0,12.0,0.0,1.0,0.0,0.0,0.01934236,0.0,0,0,1,0,0
44667,0,0,-0.08242035,0.47940657,0,0,test,12.0,12.0,0.0,1.0,0.0,0.0,0.01934236,0.0,0,0,1,0,0
44668,0,0,-0.93109274,0.28270307,0,0,test,7.0,7.0,0.0,1.0,0.0,0.0,0.00967118,0.0,0,0,1,0,0
44669,0,0,-0.27213395,0.4323833,0,0,test,8.0,8.0,0.0,1.0,0.0,0.0,0.0116054155,0.0,0,0,1,0,0
44670,-1,0,4.293054,0.986521,1,1,unassigned,2.0,2.0,0.0,1.0,0.0,0.0,0.0,0.0,0,0,0,1,1
44671,-1,1,5.029915,0.99350315,1,1,unassigned,2.0,2.0,0.0,1.0,0.0,0.0,0.0,0.0,1,0,0,1,1
44672,-1,0,-0.14905289,0.4628056,0,1,unassigned,15.0,15.0,0.0,1.0,0.0,0.0,0.025145067,0.0,0,0,0,0,0
44673,-1,1,0.390045,0.5962935,1,1,unassigned,5.0,5.0,0.0,1.0,0.0,0.0,0.0058027077,0.0,1,0,0,1,0
44674,-1,0,6.6009784,0.99864286,1,1,unassigned,5.0,5.0,0.0,1.0,0.0,0.0,0.0058027077,0.0,0,0,0,1,1
44675,-1,1,4.579985,0.989849,1,1,unassigned,5.0,3.0,2.0,0.6,0.4,0.39999998,0.0058027077,0.002321083,1,0,0,1,1
44676,-1,1,4.578318,0.9898323,1,1,unassigned,3.0,3.0,0.0,1.0,0.0,0.0,0.001934236,0.0,1,0,0,1,1
44677,1,1,8.1431265,0.9997093,1,0,test,2.0,2.0,0.0,1.0,0.0,0.0,0.0,0.0,1,0,1,1,1
44678,1,1,0.6800911,0.66375905,1,0,val,5.0,5.0,0.0,1.0,0.0,0.0,0.0058027077,0.0,1,0,1,1,0
44679,-1,1,1.7530563,0.8523379,1,1,unassigned,6.0,6.0,0.0,1.0,0.0,0.0,0.007736944,0.0,1,0,0,1,0
44680,-1,0,-0.12724131,0.46823248,0,1,unassigned,2.0,2.0,0.0,1.0,0.0,0.0,0.0,0.0,0,0,0,0,0
44681,-1,1,3.954448,0.98119134,1,1,unassigned,3.0,3.0,0.0,1.0,0.0,0.0,0.001934236,0.0,1,0,0,1,1
44682,0,1,1.7542737,0.852491,1,1,unassigned,7.0,7.0,0.0,1.0,0.0,0.0,0.00967118,0.0,1,0,0,1,0
44683,-1,0,3.961006,0.981312,1,1,unassigned,4.0,4.0,0.0,1.0,0.0,0.0,0.003868472,0.0,0,0,0,1,1
44684,-1,0,1.066896,0.74400616,1,1,unassigned,6.0,6.0,0.0,1.0,0.0,0.0,0.007736944,0.0,0,0,0,1,0
44685,-1,1,1.0073197,0.7324953,1,1,unassigned,37.0,36.0,1.0,0.972973,0.027027028,0.02702701,0.06769826,0.0018296828,1,0,0,1,0
44686,-1,0,-0.4198098,0.39656225,0,1,unassigned,2.0,2.0,0.0,1.0,0.0,0.0,0.0,0.0,0,0,0,0,0
44687,-1,1,3.7553751,0.97714293,1,1,unassigned,10.0,10.0,0.0,1.0,0.0,0.0,0.015473888,0.0,1,0,0,1,1
44688,0,1,-0.6244704,0.34876543,0,0,test,16.0,15.0,1.0,0.9375,0.0625,0.0625,0.027079303,0.0016924564,1,0,1,0,0
44689,-1,1,0.048723876,0.51217854,1,1,unassigned,6.0,6.0,0.0,1.0,0.0,0.0,0.007736944,0.0,1,0,0,1,0
44690,-1,0,0.22572511,0.5561929,1,1,unassigned,2.0,2.0,0.0,1.0,0.0,0.0,0.0,0.0,0,0,0,1,0
44691,1,0,2.4747338,0.9223515,1,0,unassigned,10.0,10.0,0.0,1.0,0.0,0.0,0.015473888,0.0,0,0,1,1,1
44692,-1,1,2.7296093,0.93875134,1,1,unassigned,15.0,15.0,0.0,1.0,0.0,0.0,0.025145067,0.0,1,0,0,1,1
44693,-1,1,3.7261813,0.97648174,1,1,unassigned,25.0,24.0,1.0,0.96,0.04,0.04000002,0.044487428,0.001779497,1,0,0,1,1
44694,-1,1,0.98878795,0.7288484,1,1,unassigned,2.0,2.0,0.0,1.0,0.0,0.0,0.0,0.0,1,0,0,1,0
44695,-1,1,0.00046485662,0.50011617,1,1,unassigned,3.0,3.0,0.0,1.0,0.0,0.0,0.001934236,0.0,1,0,0,1,0
44696,-1,1,0.10920304,0.5272737,1,1,unassigned,3.0,3.0,0.0,1.0,0.0,0.0,0.001934236,0.0,1,0,0,1,0
44697,-1,0,2.78977,0.9421205,1,1,unassigned,2.0,2.0,0.0,1.0,0.0,0.0,0.0,0.0,0,0,0,1,1
44698,1,0,0.1556403,0.5388318,1,0,test,32.0,31.0,1.0,0.96875,0.03125,0.03125,0.058027077,0.0018133462,0,0,1,1,0
44699,0,0,-0.11879212,0.47033682,0,0,val,71.0,70.0,1.0,0.9859155,0.014084507,0.014084518,0.13346228,0.0018797504,0,0,1,0,0
44700,-1,1,0.9108489,0.7131738,1,1,unassigned,4.0,4.0,0.0,1.0,0.0,0.0,0.003868472,0.0,1,0,0,1,0
44701,-1,0,2.6052797,0.9312006,1,1,unassigned,8.0,8.0,0.0,1.0,0.0,0.0,0.0116054155,0.0,0,0,0,1,1
44702,-1,0,3.305836,0.96462846,1,1,unassigned,15.0,15.0,0.0,1.0,0.0,0.0,0.025145067,0.0,0,0,0,1,1
44703,-1,1,-0.67065084,0.33835113,0,1,unassigned,5.0,5.0,0.0,1.0,0.0,0.0,0.0058027077,0.0,1,0,0,0,0
44704,-1,1,0.699575,0.66809356,1,1,unassigned,5.0,5.0,0.0,1.0,0.0,0.0,0.0058027077,0.0,1,0,0,1,0
44705,-1,0,4.807511,0.99189794,1,1,unassigned,10.0,7.0,3.0,0.7,0.3,0.3,0.015473888,0.0046421667,0,0,0,1,1
44706,0,1,-0.5142396,0.3742002,0,0,test,8.0,7.0,1.0,0.875,0.125,0.125,0.0116054155,0.0014506769,1,0,1,0,0
44707,0,1,-0.196163,0.45111588,0,0,unassigned,3.0,3.0,0.0,1.0,0.0,0.0,0.001934236,0.0,1,0,1,0,0
44708,-1,1,4.8340487,0.9921085,1,1,unassigned,14.0,12.0,2.0,0.85714287,0.14285715,0.14285713,0.023210831,0.0033158332,1,0,0,1,1
44709,-1,0,-0.45315605,0.38861066,0,1,unassigned,25.0,25.0,0.0,1.0,0.0,0.0,0.044487428,0.0,0,0,0,0,0
44710,-1,1,3.0885813,0.9564193,1,1,unassigned,18.0,18.0,0.0,1.0,0.0,0.0,0.030947777,0.0,1,0,0,1,1
44711,-1,0,2.8293502,0.94424146,1,1,unassigned,9.0,9.0,0.0,1.0,0.0,0.0,0.013539651,0.0,0,0,0,1,1
44712,-1,1,-0.7861901,0.31298733,0,1,unassigned,20.0,19.0,1.0,0.95,0.05,0.050000012,0.034816246,0.0017408123,1,0,0,0,0
44713,-1,1,2.7791374,0.941538,1,1,unassigned,2.0,2.0,0.0,1.0,0.0,0.0,0.0,0.0,1,0,0,1,1
44714,-1,0,3.3813689,0.9671172,1,1,unassigned,7.0,7.0,0.0,1.0,0.0,0.0,0.00967118,0.0,0,0,0,1,1
44715,0,0,4.079925,0.9833724,1,1,unassigned,16.0,15.0,1.0,0.9375,0.0625,0.0625,0.027079303,0.0016924564,0,0,0,1,1
44716,-1,1,0.71000427,0.6704021,1,1,unassigned,7.0,5.0,2.0,0.71428573,0.2857143,0.28571427,0.00967118,0.0027631943,1,0,0,1,0
44717,-1,1,3.7552798,0.9771409,1,1,unassigned,35.0,17.0,18.0,0.4857143,0.51428574,0.5142857,0.06382979,0.032826748,1,0,0,1,1
44718,-1,0,-0.09795731,0.4755302,0,1,unassigned,26.0,26.0,0.0,1.0,0.0,0.0,0.046421662,0.0,0,0,0,0,0
44719,-1,0,-0.058102965,0.48547837,0,1,unassigned,4.0,3.0,1.0,0.75,0.25,0.25,0.003868472,0.000967118,0,0,0,0,0
44720,-1,1,1.310036,0.7875192,1,1,unassigned,5.0,5.0,0.0,1.0,0.0,0.0,0.0058027077,0.0,1,0,0,1,0
44721,1,0,2.211809,0.9013049,1,0,unassigned,10.0,10.0,0.0,1.0,0.0,0.0,0.015473888,0.0,0,0,1,1,1
44722,-1,0,5.195453,0.99448884,1,1,unassigned,7.0,6.0,1.0,0.85714287,0.14285715,0.14285713,0.00967118,0.0013815971,0,0,0,1,1
44723,-1,0,9.28557,0.99990726,1,1,unassigned,8.0,8.0,0.0,1.0,0.0,0.0,0.0116054155,0.0,0,0,0,1,1
44724,-1,0,-0.16387266,0.45912325,0,1,unassigned,10.0,8.0,2.0,0.8,0.2,0.19999999,0.015473888,0.0030947777,0,0,0,0,0
44725,-1,0,1.9211924,0.8722713,1,1,unassigned,19.0,12.0,7.0,0.6315789,0.36842105,0.36842108,0.032882012,0.012114425,0,0,0,1,0
44726,-1,0,1.6935613,0.844692,1,1,unassigned,3.0,3.0,0.0,1.0,0.0,0.0,0.001934236,0.0,0,0,0,1,0
44727,-1,1,0.09533632,0.52381605,1,1,unassigned,8.0,7.0,1.0,0.875,0.125,0.125,0.0116054155,0.0014506769,1,0,0,1,0
44728,-1,1,0.080346406,0.5200758,1,1,unassigned,3.0,3.0,0.0,1.0,0.0,0.0,0.001934236,0.0,1,0,0,1,0
44729,-1,0,-0.41629103,0.39740464,0,1,unassigned,15.0,6.0,9.0,0.4,0.6,0.6,0.025145067,0.015087041,0,0,0,0,0
44730,-1,1,-0.2432284,0.4394909,0,1,unassigned,3.0,3.0,0.0,1.0,0.0,0.0,0.001934236,0.0,1,0,0,0,0
44731,-1,0,7.8425126,0.9996075,1,1,unassigned,5.0,5.0,0.0,1.0,0.0,0.0,0.0058027077,0.0,0,0,0,1,1
44732,-1,0,-0.47768584,0.3827987,0,1,unassigned,9.0,9.0,0.0,1.0,0.0,0.0,0.013539651,0.0,0,0,0,0,0
44733,-1,0,7.286937,0.9993161,1,1,unassigned,2.0,2.0,0.0,1.0,0.0,0.0,0.0,0.0,0,0,0,1,1
44734,-1,1,2.8848577,0.9470928,1,1,unassigned,7.0,7.0,0.0,1.0,0.0,0.0,0.00967118,0.0,1,0,0,1,1
44735,1,1,1.8567419,0.86491674,1,0,test,7.0,5.0,2.0,0.71428573,0.2857143,0.28571427,0.00967118,0.0027631943,1,0,1,1,0
44736,0,0,-0.8050548,0.3089453,0,0,unassigned,78.0,78.0,0.0,1.0,0.0,0.0,0.14700194,0.0,0,0,1,0,0
44737,-1,1,7.0479493,0.9991316,1,1,unassigned,6.0,2.0,4.0,0.33333334,0.6666667,0.6666666,0.007736944,0.005157963,1,0,0,1,1
44738,-1,0,2.4428089,0.92003405,1,1,unassigned,2.0,2.0,0.0,1.0,0.0,0.0,0.0,0.0,0,0,0,1,1
44739,-1,0,2.8404355,0.94482213,1,1,unassigned,16.0,16.0,0.0,1.0,0.0,0.0,0.027079303,0.0,0,0,0,1,1
44740,-1,0,8.936326,0.9998685,1,1,unassigned,8.0,3.0,5.0,0.375,0.625,0.625,0.0116054155,0.0072533847,0,0,0,1,1
44741,-1,0,1.865432,0.8659289,1,1,unassigned,2.0,2.0,0.0,1.0,0.0,0.0,0.0,0.0,0,0,0,1,0
44742,-1,1,2.4903953,0.9234658,1,1,unassigned,8.0,8.0,0.0,1.0,0.0,0.0,0.0116054155,0.0,1,0,0,1,1
44743,0,1,-0.5218008,0.37243125,0,0,unassigned,11.0,11.0,0.0,1.0,0.0,0.0,0.017408123,0.0,1,0,1,0,0
44744,-1,0,5.9096074,0.9972941,1,1,unassigned,2.0,2.0,0.0,1.0,0.0,0.0,0.0,0.0,0,0,0,1,1
44745,-1,0,1.7836366,0.8561453,1,1,unassigned,2.0,2.0,0.0,1.0,0.0,0.0,0.0,0.0,0,0,0,1,0
44746,-1,0,1.6190217,0.8346601,1,1,unassigned,5.0,5.0,0.0,1.0,0.0,0.0,0.0058027077,0.0,0,0,0,1,0
44747,-1,0,1.1024768,0.75072384,1,1,unassigned,6.0,6.0,0.0,1.0,0.0,0.0,0.007736944,0.0,0,0,0,1,0
44748,-1,0,-0.76555735,0.31744093,0,1,unassigned,50.0,47.0,3.0,0.94,0.06,0.060000002,0.092843324,0.0055705993,0,0,0,0,0
44749,-1,0,-1.016139,0.26578015,0,1,unassigned,2.0,2.0,0.0,1.0,0.0,0.0,0.0,0.0,0,0,0,0,0
44750,-1,1,4.725058,0.9912077,1,1,unassigned,2.0,2.0,0.0,1.0,0.0,0.0,0.0,0.0,1,0,0,1,1
44751,-1,0,-0.19058996,0.4524962,0,1,unassigned,56.0,53.0,3.0,0.9464286,0.05357143,0.053571403,0.10444874,0.0055954685,0,0,0,0,0
44752,-1,0,8.959942,0.9998715,1,1,unassigned,4.0,2.0,2.0,0.5,0.5,0.5,0.003868472,0.001934236,0,0,0,1,1
44753,-1,0,-0.34047204,0.4156948,0,1,unassigned,35.0,35.0,0.0,1.0,0.0,0.0,0.06382979,0.0,0,0,0,0,0
44754,-1,1,2.376345,0.9150056,1,1,unassigned,11.0,11.0,0.0,1.0,0.0,0.0,0.017408123,0.0,1,0,0,1,1
44755,-1,0,9.049223,0.99988246,1,1,unassigned,3.0,3.0,0.0,1.0,0.0,0.0,0.001934236,0.0,0,0,0,1,1
44756,-1,1,4.908087,0.9926676,1,1,unassigned,19.0,12.0,7.0,0.6315789,0.36842105,0.36842108,0.032882012,0.012114425,1,0,0,1,1
44757,-1,1,3.0519435,0.95486635,1,1,unassigned,18.0,13.0,5.0,0.7222222,0.2777778,0.2777778,0.030947777,0.008596605,1,0,0,1,1
44758,-1,1,6.392007,0.9983279,1,1,unassigned,16.0,15.0,1.0,0.9375,0.0625,0.0625,0.027079303,0.0016924564,1,0,0,1,1
44759,-1,1,3.514212,0.9710895,1,1,unassigned,3.0,3.0,0.0,1.0,0.0,0.0,0.001934236,0.0,1,0,0,1,1
44760,-1,0,1.6621962,0.8405326,1,1,unassigned,2.0,2.0,0.0,1.0,0.0,0.0,0.0,0.0,0,0,0,1,0
44761,-1,0,8.357113,0.99976534,1,1,unassigned,4.0,4.0,0.0,1.0,0.0,0.0,0.003868472,0.0,0,0,0,1,1
44762,1,0,-0.097979546,0.47552472,0,1,unassigned,23.0,22.0,1.0,0.95652175,0.04347826,0.04347825,0.040618956,0.0017660416,0,0,0,0,0
44763,-1,0,0.7362816,0.6761822,1,1,unassigned,4.0,3.0,1.0,0.75,0.25,0.25,0.003868472,0.000967118,0,0,0,1,0
44764,-1,0,0.67249995,0.6620627,1,1,unassigned,9.0,8.0,1.0,0.8888889,0.11111111,0.111111104,0.013539651,0.0015044058,0,0,0,1,0
44765,-1,1,16.621506,0.9999999,1,1,unassigned,17.0,11.0,6.0,0.64705884,0.3529412,0.35294116,0.029013539,0.010240072,1,0,0,1,1
44766,1,0,-0.10418725,0.47397673,0,1,val,14.0,14.0,0.0,1.0,0.0,0.0,0.023210831,0.0,0,0,0,0,0
44767,0,1,-0.7892719,0.31232503,0,0,val,4.0,4.0,0.0,1.0,0.0,0.0,0.003868472,0.0,1,0,1,0,0
44768,-1,1,2.5664303,0.9286696,1,1,unassigned,5.0,5.0,0.0,1.0,0.0,0.0,0.0058027077,0.0,1,0,0,1,1
44769,-1,1,7.3522263,0.9993593,1,1,unassigned,9.0,9.0,0.0,1.0,0.0,0.0,0.013539651,0.0,1,0,0,1,1
44770,-1,1,3.8107798,0.9783482,1,1,unassigned,14.0,14.0,0.0,1.0,0.0,0.0,0.023210831,0.0,1,0,0,1,1
44771,-1,0,-0.3836547,0.40524575,0,1,unassigned,5.0,5.0,0.0,1.0,0.0,0.0,0.0058027077,0.0,0,0,0,0,0
44772,0,0,-0.11997324,0.47004262,0,0,test,32.0,32.0,0.0,1.0,0.0,0.0,0.058027077,0.0,0,0,1,0,0
44773,-1,1,5.897844,0.9972621,1,1,unassigned,22.0,9.0,13.0,0.4090909,0.59090906,0.5909091,0.03868472,0.02285915,1,0,0,1,1
44774,-1,0,7.554272,0.9994764,1,1,unassigned,13.0,12.0,1.0,0.9230769,0.07692308,0.07692307,0.021276595,0.0016366612,0,0,0,1,1
44775,-1,1,1.6995037,0.84546995,1,1,unassigned,18.0,17.0,1.0,0.9444444,0.055555556,0.055555582,0.030947777,0.0017193209,1,0,0,1,0
44776,-1,1,4.750049,0.99142295,1,1,unassigned,6.0,4.0,2.0,0.6666667,0.33333334,0.3333333,0.007736944,0.0025789815,1,0,0,1,1
44777,-1,1,7.451177,0.99941957,1,1,unassigned,9.0,6.0,3.0,0.6666667,0.33333334,0.3333333,0.013539651,0.004513217,1,0,0,1,1
44778,-1,0,-0.254083,0.43681875,0,1,unassigned,16.0,15.0,1.0,0.9375,0.0625,0.0625,0.027079303,0.0016924564,0,0,0,0,0
44779,-1,0,-0.6430578,0.34455565,0,1,unassigned,25.0,25.0,0.0,1.0,0.0,0.0,0.044487428,0.0,0,0,0,0,0
44780,-1,0,-0.5869131,0.35734347,0,1,unassigned,18.0,18.0,0.0,1.0,0.0,0.0,0.030947777,0.0,0,0,0,0,0
44781,-1,0,2.4948127,0.9237774,1,1,unassigned,10.0,9.0,1.0,0.9,0.1,0.100000024,0.015473888,0.0015473888,0,0,0,1,1
44782,-1,0,2.258743,0.90540206,1,1,unassigned,2.0,2.0,0.0,1.0,0.0,0.0,0.0,0.0,0,0,0,1,1
44783,-1,0,1.4817438,0.81483585,1,1,unassigned,2.0,2.0,0.0,1.0,0.0,0.0,0.0,0.0,0,0,0,1,0
44784,1,1,3.288154,0.9640202,1,0,test,3.0,3.0,0.0,1.0,0.0,0.0,0.001934236,0.0,1,0,1,1,1
44785,-1,0,0.20238435,0.5504241,1,1,unassigned,3.0,3.0,0.0,1.0,0.0,0.0,0.001934236,0.0,0,0,0,1,0
44786,1,1,0.72528917,0.67377067,1,0,unassigned,2.0,2.0,0.0,1.0,0.0,0.0,0.0,0.0,1,0,1,1,0
44787,-1,0,0.012997806,0.5032494,1,1,unassigned,43.0,40.0,3.0,0.9302326,0.069767445,0.069767416,0.079303674,0.0055328147,0,0,0,1,0
44788,-1,1,3.310529,0.96478826,1,1,unassigned,3.0,3.0,0.0,1.0,0.0,0.0,0.001934236,0.0,1,0,0,1,1
44789,-1,1,9.364269,0.9999143,1,1,unassigned,4.0,4.0,0.0,1.0,0.0,0.0,0.003868472,0.0,1,0,0,1,1
44790,-1,0,5.161303,0.9942985,1,1,unassigned,26.0,26.0,0.0,1.0,0.0,0.0,0.046421662,0.0,0,0,0,1,1
44791,-1,0,1.1353579,0.7568263,1,1,unassigned,3.0,3.0,0.0,1.0,0.0,0.0,0.001934236,0.0,0,0,0,1,0
44792,-1,0,6.4734645,0.9984585,1,1,unassigned,11.0,11.0,0.0,1.0,0.0,0.0,0.017408123,0.0,0,0,0,1,1
44793,0,0,0.13063407,0.53261214,1,1,val,16.0,16.0,0.0,1.0,0.0,0.0,0.027079303,0.0,0,0,0,1,0
44794,-1,0,-0.14229459,0.4644862,0,1,unassigned,11.0,11.0,0.0,1.0,0.0,0.0,0.017408123,0.0,0,0,0,0,0
44795,-1,0,0.09685397,0.52419454,1,1,unassigned,4.0,4.0,0.0,1.0,0.0,0.0,0.003868472,0.0,0,0,0,1,0
44796,-1,1,5.1828694,0.9944194,1,1,unassigned,9.0,9.0,0.0,1.0,0.0,0.0,0.013539651,0.0,1,0,0,1,1
44797,0,0,-0.053979933,0.4865083,0,0,test,16.0,16.0,0.0,1.0,0.0,0.0,0.027079303,0.0,0,0,1,0,0
44798,-1,1,2.9275825,0.94919324,1,1,unassigned,12.0,12.0,0.0,1.0,0.0,0.0,0.01934236,0.0,1,0,0,1,1
44799,-1,1,9.763748,0.99994254,1,1,unassigned,4.0,4.0,0.0,1.0,0.0,0.0,0.003868472,0.0,1,0,0,1,1
44800,-1,1,5.2003508,0.9945156,1,1,unassigned,4.0,4.0,0.0,1.0,0.0,0.0,0.003868472,0.0,1,0,0,1,1
44801,-1,0,-0.86590135,0.29610786,0,1,unassigned,51.0,50.0,1.0,0.98039216,0.019607844,0.019607842,0.09477756,0.0018583836,0,0,0,0,0
44802,-1,0,-0.8546534,0.29845762,0,1,unassigned,43.0,42.0,1.0,0.9767442,0.023255814,0.023255825,0.079303674,0.0018442714,0,0,0,0,0
44803,1,0,1.6385686,0.8373401,1,0,test,8.0,8.0,0.0,1.0,0.0,0.0,0.0116054155,0.0,0,0,1,1,0
44804,-1,1,1.3847644,0.7997551,1,1,unassigned,3.0,3.0,0.0,1.0,0.0,0.0,0.001934236,0.0,1,0,0,1,0
44805,-1,0,-0.3183863,0.4210691,0,1,unassigned,4.0,4.0,0.0,1.0,0.0,0.0,0.003868472,0.0,0,0,0,0,0
44806,-1,1,0.83265024,0.69691503,1,1,unassigned,10.0,10.0,0.0,1.0,0.0,0.0,0.015473888,0.0,1,0,0,1,0
44807,-1,1,1.800247,0.85817903,1,1,unassigned,19.0,19.0,0.0,1.0,0.0,0.0,0.032882012,0.0,1,0,0,1,0
44808,-1,0,0.03419304,0.5085474,1,1,unassigned,19.0,19.0,0.0,1.0,0.0,0.0,0.032882012,0.0,0,0,0,1,0
44809,-1,0,1.2094915,0.770209,1,1,unassigned,11.0,9.0,2.0,0.8181818,0.18181819,0.18181819,0.017408123,0.0031651135,0,0,0,1,0
44810,-1,0,0.34958428,0.5865168,1,1,unassigned,2.0,2.0,0.0,1.0,0.0,0.0,0.0,0.0,0,0,0,1,0
44811,-1,0,-0.19445127,0.45153975,0,1,unassigned,2.0,2.0,0.0,1.0,0.0,0.0,0.0,0.0,0,0,0,0,0
44812,-1,0,2.872319,0.946461,1,1,unassigned,9.0,7.0,2.0,0.7777778,0.22222222,0.22222221,0.013539651,0.0030088115,0,0,0,1,1
44813,-1,0,-0.8412621,0.30126902,0,1,unassigned,4.0,4.0,0.0,1.0,0.0,0.0,0.003868472,0.0,0,0,0,0,0
44814,-1,0,0.6998921,0.66816384,1,1,unassigned,2.0,1.0,1.0,0.5,0.5,0.5,0.0,0.0,0,0,0,1,0
44815,-1,0,7.451921,0.99942005,1,1,unassigned,4.0,4.0,0.0,1.0,0.0,0.0,0.003868472,0.0,0,0,0,1,1
44816,0,1,1.6288726,0.83601516,1,1,test,9.0,9.0,0.0,1.0,0.0,0.0,0.013539651,0.0,1,0,0,1,0
44817,-1,1,0.25851864,0.5642721,1,1,unassigned,2.0,1.0,1.0,0.5,0.5,0.5,0.0,0.0,1,0,0,1,0
44818,-1,0,4.107685,0.9838203,1,1,unassigned,13.0,12.0,1.0,0.9230769,0.07692308,0.07692307,0.021276595,0.0016366612,0,0,0,1,1
44819,-1,0,0.1868763,0.54658353,1,1,unassigned,26.0,26.0,0.0,1.0,0.0,0.0,0.046421662,0.0,0,0,0,1,0
44820,1,0,1.0165884,0.7343075,1,0,test,2.0,2.0,0.0,1.0,0.0,0.0,0.0,0.0,0,0,1,1,0
44821,-1,0,0.07689053,0.51921314,1,1,unassigned,10.0,8.0,2.0,0.8,0.2,0.19999999,0.015473888,0.0030947777,0,0,0,1,0
44822,-1,0,3.4949477,0.9705437,1,1,unassigned,2.0,2.0,0.0,1.0,0.0,0.0,0.0,0.0,0,0,0,1,1
44823,-1,0,1.3847868,0.7997587,1,1,unassigned,11.0,11.0,0.0,1.0,0.0,0.0,0.017408123,0.0,0,0,0,1,0
44824,1,0,-0.81605405,0.30660194,0,1,unassigned,18.0,18.0,0.0,1.0,0.0,0.0,0.030947777,0.0,0,0,0,0,0
44825,-1,0,-0.30127472,0.42524588,0,1,unassigned,20.0,20.0,0.0,1.0,0.0,0.0,0.034816246,0.0,0,0,0,0,0
44826,-1,0,-0.32599175,0.4192162,0,1,unassigned,14.0,14.0,0.0,1.0,0.0,0.0,0.023210831,0.0,0,0,0,0,0
44827,1,0,0.055986524,0.51399297,1,0,unassigned,9.0,9.0,0.0,1.0,0.0,0.0,0.013539651,0.0,0,0,1,1,0
44828,-1,0,5.9507604,0.99740285,1,1,unassigned,6.0,6.0,0.0,1.0,0.0,0.0,0.007736944,0.0,0,0,0,1,1
44829,-1,1,2.497535,0.92396885,1,1,unassigned,5.0,5.0,0.0,1.0,0.0,0.0,0.0058027077,0.0,1,0,0,1,1
44830,-1,1,1.9995525,0.88075006,1,1,unassigned,2.0,2.0,0.0,1.0,0.0,0.0,0.0,0.0,1,0,0,1,0
44831,-1,0,4.4443097,0.98839116,1,1,unassigned,2.0,2.0,0.0,1.0,0.0,0.0,0.0,0.0,0,0,0,1,1
44832,1,0,-0.15387356,0.46160734,0,1,unassigned,8.0,7.0,1.0,0.875,0.125,0.125,0.0116054155,0.0014506769,0,0,0,0,0
44833,-1,0,-0.56672156,0.36199367,0,1,unassigned,2.0,2.0,0.0,1.0,0.0,0.0,0.0,0.0,0,0,0,0,0
44834,-1,1,-0.39449525,0.40263566,0,1,unassigned,2.0,2.0,0.0,1.0,0.0,0.0,0.0,0.0,1,0,0,0,0
44835,-1,1,2.0314045,0.88405514,1,1,unassigned,17.0,13.0,4.0,0.7647059,0.23529412,0.2352941,0.029013539,0.006826715,1,0,0,1,0
44836,-1,0,2.802803,0.9428271,1,1,unassigned,40.0,38.0,2.0,0.95,0.05,0.050000012,0.07350097,0.0036750485,0,0,0,1,1
44837,-1,0,0.24480444,0.5608973,1,1,unassigned,19.0,17.0,2.0,0.8947368,0.10526316,0.10526317,0.032882012,0.0034612645,0,0,0,1,0
44838,-1,0,-0.18413776,0.4540952,0,1,unassigned,61.0,60.0,1.0,0.9836066,0.016393442,0.016393423,0.114119925,0.0018708183,0,0,0,0,0
44839,1,0,1.5682974,0.8275408,1,0,unassigned,12.0,10.0,2.0,0.8333333,0.16666667,0.16666669,0.01934236,0.0032237265,0,0,1,1,0
44840,-1,1,-0.06828964,0.48293424,0,1,unassigned,15.0,15.0,0.0,1.0,0.0,0.0,0.025145067,0.0,1,0,0,0,0
44841,-1,0,-0.7243618,0.3264332,0,1,unassigned,10.0,7.0,3.0,0.7,0.3,0.3,0.015473888,0.0046421667,0,0,0,0,0
44842,0,0,-1.000553,0.26883268,0,0,train,7.0,7.0,0.0,1.0,0.0,0.0,0.00967118,0.0,0,0,1,0,0
44843,-1,0,-0.69576,0.33275294,0,1,unassigned,17.0,6.0,11.0,0.3529412,0.64705884,0.64705884,0.029013539,0.018773466,0,0,0,0,0
44844,-1,0,-0.6061136,0.35294625,0,1,unassigned,2.0,2.0,0.0,1.0,0.0,0.0,0.0,0.0,0,0,0,0,0
44845,-1,0,-0.16763389,0.45818937,0,1,unassigned,51.0,50.0,1.0,0.98039216,0.019607844,0.019607842,0.09477756,0.0018583836,0,0,0,0,0
44846,-1,1,1.0644958,0.74354875,1,1,unassigned,3.0,3.0,0.0,1.0,0.0,0.0,0.001934236,0.0,1,0,0,1,0
44847,-1,1,1.8658502,0.8659774,1,1,unassigned,3.0,3.0,0.0,1.0,0.0,0.0,0.001934236,0.0,1,0,0,1,0
44848,-1,0,1.2154257,0.7712576,1,1,unassigned,3.0,3.0,0.0,1.0,0.0,0.0,0.001934236,0.0,0,0,0,1,0
44849,-1,1,2.2846541,0.9075981,1,1,unassigned,9.0,6.0,3.0,0.6666667,0.33333334,0.3333333,0.013539651,0.004513217,1,0,0,1,1
44850,0,1,0.0012124777,0.50030315,1,1,test,2.0,1.0,1.0,0.5,0.5,0.5,0.0,0.0,1,0,0,1,0
44851,-1,1,0.7727398,0.68411326,1,1,unassigned,4.0,4.0,0.0,1.0,0.0,0.0,0.003868472,0.0,1,0,0,1,0
44852,-1,0,8.597458,0.9998155,1,1,unassigned,3.0,3.0,0.0,1.0,0.0,0.0,0.001934236,0.0,0,0,0,1,1
44853,-1,0,4.0659337,0.98314214,1,1,unassigned,7.0,7.0,0.0,1.0,0.0,0.0,0.00967118,0.0,0,0,0,1,1
44854,-1,0,8.850857,0.9998567,1,1,unassigned,6.0,5.0,1.0,0.8333333,0.16666667,0.16666669,0.007736944,0.0012894907,0,0,0,1,1
44855,-1,0,3.8037632,0.9781991,1,1,unassigned,2.0,2.0,0.0,1.0,0.0,0.0,0.0,0.0,0,0,0,1,1
44856,-1,0,-0.6589023,0.34098625,0,1,unassigned,27.0,26.0,1.0,0.962963,0.037037037,0.037037015,0.0483559,0.0017909593,0,0,0,0,0
44857,0,0,-0.68111765,0.3360119,0,0,val,31.0,31.0,0.0,1.0,0.0,0.0,0.056092843,0.0,0,0,1,0,0
44858,-1,1,0.9241132,0.71587944,1,1,unassigned,20.0,19.0,1.0,0.95,0.05,0.050000012,0.034816246,0.0017408123,1,0,0,1,0
44859,-1,1,7.6921334,0.9995437,1,1,unassigned,5.0,5.0,0.0,1.0,0.0,0.0,0.0058027077,0.0,1,0,0,1,1
44860,-1,1,5.2343707,0.99469805,1,1,unassigned,7.0,6.0,1.0,0.85714287,0.14285715,0.14285713,0.00967118,0.0013815971,1,0,0,1,1
44861,-1,1,-0.7202098,0.32734677,0,1,unassigned,50.0,43.0,7.0,0.86,0.14,0.13999999,0.092843324,0.012998065,1,0,0,0,0
44862,-1,1,2.0202386,0.8829057,1,1,unassigned,8.0,7.0,1.0,0.875,0.125,0.125,0.0116054155,0.0014506769,1,0,0,1,0
44863,-1,0,2.734354,0.9390236,1,1,unassigned,2.0,2.0,0.0,1.0,0.0,0.0,0.0,0.0,0,0,0,1,1
44864,-1,0,-0.54533035,0.3669485,0,1,unassigned,10.0,10.0,0.0,1.0,0.0,0.0,0.015473888,0.0,0,0,0,0,0
44865,-1,1,3.9009297,0.9801777,1,1,unassigned,13.0,13.0,0.0,1.0,0.0,0.0,0.021276595,0.0,1,0,0,1,1
44866,-1,1,-0.6129363,0.35138968,0,1,unassigned,19.0,19.0,0.0,1.0,0.0,0.0,0.032882012,0.0,1,0,0,0,0
44867,-1,1,-0.41581297,0.3975191,0,1,unassigned,3.0,2.0,1.0,0.6666667,0.33333334,0.3333333,0.001934236,0.00064474536,1,0,0,0,0
44868,-1,0,9.950094,0.9999523,1,1,unassigned,3.0,3.0,0.0,1.0,0.0,0.0,0.001934236,0.0,0,0,0,1,1
44869,-1,0,11.432581,0.99998915,1,1,unassigned,5.0,5.0,0.0,1.0,0.0,0.0,0.0058027077,0.0,0,0,0,1,1
44870,-1,1,3.8659136,0.97948587,1,1,unassigned,10.0,10.0,0.0,1.0,0.0,0.0,0.015473888,0.0,1,0,0,1,1
44871,-1,1,1.6780491,0.84264606,1,1,unassigned,9.0,9.0,0.0,1.0,0.0,0.0,0.013539651,0.0,1,0,0,1,0
44872,-1,0,-0.25697154,0.43610832,0,1,unassigned,37.0,37.0,0.0,1.0,0.0,0.0,0.06769826,0.0,0,0,0,0,0
44873,-1,0,-0.47116587,0.38434032,0,1,unassigned,2.0,2.0,0.0,1.0,0.0,0.0,0.0,0.0,0,0,0,0,0
44874,-1,0,-0.1222685,0.46947092,0,1,unassigned,3.0,3.0,0.0,1.0,0.0,0.0,0.001934236,0.0,0,0,0,0,0
44875,0,0,-0.4597515,0.3870448,0,0,unassigned,32.0,32.0,0.0,1.0,0.0,0.0,0.058027077,0.0,0,0,1,0,0
44876,-1,0,-0.42044663,0.3964099,0,1,unassigned,66.0,65.0,1.0,0.9848485,0.015151516,0.015151501,0.123791106,0.0018756229,0,0,0,0,0
44877,-1,1,1.1370058,0.7571295,1,1,unassigned,13.0,7.0,6.0,0.53846157,0.46153846,0.46153843,0.021276595,0.009819967,1,0,0,1,0
44878,1,1,3.0244515,0.9536666,1,0,unassigned,8.0,8.0,0.0,1.0,0.0,0.0,0.0116054155,0.0,1,0,1,1,1
44879,-1,1,2.536071,0.92663217,1,1,unassigned,5.0,4.0,1.0,0.8,0.2,0.19999999,0.0058027077,0.0011605415,1,0,0,1,1
44880,-1,0,1.9460607,0.8750165,1,1,unassigned,4.0,4.0,0.0,1.0,0.0,0.0,0.003868472,0.0,0,0,0,1,0
44881,0,1,0.7586439,0.68105924,1,1,test,33.0,31.0,2.0,0.93939394,0.060606062,0.060606062,0.059961315,0.0036340193,1,0,0,1,0
44882,-1,1,1.6558859,0.83968496,1,1,unassigned,7.0,7.0,0.0,1.0,0.0,0.0,0.00967118,0.0,1,0,0,1,0
44883,-1,1,0.15021628,0.53748363,1,1,unassigned,2.0,2.0,0.0,1.0,0.0,0.0,0.0,0.0,1,0,0,1,0
44884,-1,1,3.7069867,0.9760369,1,1,unassigned,10.0,6.0,4.0,0.6,0.4,0.39999998,0.015473888,0.0061895554,1,0,0,1,1
44885,-1,1,0.77901393,0.68546754,1,1,unassigned,13.0,13.0,0.0,1.0,0.0,0.0,0.021276595,0.0,1,0,0,1,0
44886,-1,1,1.9942715,0.8801943,1,1,unassigned,36.0,36.0,0.0,1.0,0.0,0.0,0.065764025,0.0,1,0,0,1,0
44887,-1,0,1.3241029,0.7898635,1,1,unassigned,8.0,8.0,0.0,1.0,0.0,0.0,0.0116054155,0.0,0,0,0,1,0
44888,-1,1,-0.3369285,0.41655576,0,1,unassigned,33.0,31.0,2.0,0.93939394,0.060606062,0.060606062,0.059961315,0.0036340193,1,0,0,0,0
44889,-1,1,0.68161184,0.6640983,1,1,unassigned,22.0,21.0,1.0,0.95454544,0.045454547,0.04545456,0.03868472,0.0017583964,1,0,0,1,0
44890,-1,0,4.7772975,0.9916516,1,1,unassigned,2.0,2.0,0.0,1.0,0.0,0.0,0.0,0.0,0,0,0,1,1
44891,-1,0,2.1619225,0.8967777,1,1,unassigned,7.0,7.0,0.0,1.0,0.0,0.0,0.00967118,0.0,0,0,0,1,0
44892,1,1,4.4607396,0.9885782,1,0,test,56.0,53.0,3.0,0.9464286,0.05357143,0.053571403,0.10444874,0.0055954685,1,0,1,1,1
44893,0,0,-0.5131152,0.37446356,0,0,train,33.0,31.0,2.0,0.93939394,0.060606062,0.060606062,0.059961315,0.0036340193,0,0,1,0,0
44894,-1,0,-0.7159151,0.32829314,0,1,unassigned,3.0,3.0,0.0,1.0,0.0,0.0,0.001934236,0.0,0,0,0,0,0
44895,-1,1,1.2635567,0.7796378,1,1,unassigned,2.0,1.0,1.0,0.5,0.5,0.5,0.0,0.0,1,0,0,1,0
44896,-1,1,0.008978546,0.5022446,1,1,unassigned,8.0,6.0,2.0,0.75,0.25,0.25,0.0116054155,0.0029013539,1,0,0,1,0
44897,0,1,0.043334544,0.51083195,1,1,test,50.0,45.0,5.0,0.9,0.1,0.100000024,0.092843324,0.009284332,1,0,0,1,0
44898,1,1,3.1715796,0.9597506,1,0,train,13.0,11.0,2.0,0.84615386,0.15384616,0.15384614,0.021276595,0.0032733225,1,0,1,1,1
44899,-1,0,1.0672145,0.74406683,1,1,unassigned,7.0,7.0,0.0,1.0,0.0,0.0,0.00967118,0.0,0,0,0,1,0
44900,1,0,3.9465249,0.9810446,1,0,unassigned,23.0,23.0,0.0,1.0,0.0,0.0,0.040618956,0.0,0,0,1,1,1
44901,1,0,-0.0075064898,0.49812332,0,1,unassigned,3.0,3.0,0.0,1.0,0.0,0.0,0.001934236,0.0,0,0,0,0,0
44902,-1,1,1.0818787,0.74684936,1,1,unassigned,103.0,94.0,9.0,0.9126214,0.08737864,0.08737862,0.19535783,0.017070102,1,0,0,1,0
44903,-1,1,1.2682164,0.7804373,1,1,unassigned,2.0,2.0,0.0,1.0,0.0,0.0,0.0,0.0,1,0,0,1,0
44904,1,1,2.570503,0.92893887,1,0,unassigned,6.0,5.0,1.0,0.8333333,0.16666667,0.16666669,0.007736944,0.0012894907,1,0,1,1,1
44905,-1,0,3.3518672,0.9661659,1,1,unassigned,13.0,9.0,4.0,0.6923077,0.30769232,0.3076923,0.021276595,0.006546645,0,0,0,1,1
44906,-1,1,0.5236154,0.62799275,1,1,unassigned,2.0,2.0,0.0,1.0,0.0,0.0,0.0,0.0,1,0,0,1,0
44907,-1,0,-1.8031774,0.14146473,0,1,unassigned,2.0,2.0,0.0,1.0,0.0,0.0,0.0,0.0,0,0,0,0,0
44908,-1,1,1.6174059,0.834437,1,1,unassigned,9.0,8.0,1.0,0.8888889,0.11111111,0.111111104,0.013539651,0.0015044058,1,0,0,1,0
44909,-1,0,-0.36697108,0.40927315,0,1,unassigned,6.0,4.0,2.0,0.6666667,0.33333334,0.3333333,0.007736944,0.0025789815,0,0,0,0,0
44910,-1,0,3.9291775,0.9807192,1,1,unassigned,3.0,3.0,0.0,1.0,0.0,0.0,0.001934236,0.0,0,0,0,1,1
44911,-1,0,-0.9712562,0.2746302,0,1,unassigned,43.0,43.0,0.0,1.0,0.0,0.0,0.079303674,0.0,0,0,0,0,0
44912,-1,1,2.5216339,0.92564464,1,1,unassigned,2.0,1.0,1.0,0.5,0.5,0.5,0.0,0.0,1,0,0,1,1
44913,-1,0,-0.011054575,0.49723634,0,1,unassigned,52.0,51.0,1.0,0.9807692,0.01923077,0.019230783,0.0967118,0.0018598423,0,0,0,0,0
44914,-1,0,0.727266,0.674205,1,1,unassigned,14.0,14.0,0.0,1.0,0.0,0.0,0.023210831,0.0,0,0,0,1,0
44915,0,0,-0.31082356,0.42291373,0,0,unassigned,13.0,12.0,1.0,0.9230769,0.07692308,0.07692307,0.021276595,0.0016366612,0,0,1,0,0
44916,-1,0,2.7187884,0.93812627,1,1,unassigned,32.0,31.0,1.0,0.96875,0.03125,0.03125,0.058027077,0.0018133462,0,0,0,1,1
44917,-1,1,7.4150925,0.99939823,1,1,unassigned,24.0,18.0,6.0,0.75,0.25,0.25,0.04255319,0.010638298,1,0,0,1,1
44918,-1,1,3.6410158,0.9744445,1,1,unassigned,4.0,3.0,1.0,0.75,0.25,0.25,0.003868472,0.000967118,1,0,0,1,1
44919,-1,0,11.3609,0.9999883,1,1,unassigned,2.0,2.0,0.0,1.0,0.0,0.0,0.0,0.0,0,0,0,1,1
44920,-1,1,0.92447454,0.71595293,1,1,unassigned,7.0,7.0,0.0,1.0,0.0,0.0,0.00967118,0.0,1,0,0,1,0
44921,1,0,5.5651193,0.9961855,1,0,val,4.0,4.0,0.0,1.0,0.0,0.0,0.003868472,0.0,0,0,1,1,1
44922,-1,1,1.4079719,0.8034459,1,1,unassigned,6.0,6.0,0.0,1.0,0.0,0.0,0.007736944,0.0,1,0,0,1,0
44923,-1,0,13.168677,0.9999981,1,1,unassigned,3.0,3.0,0.0,1.0,0.0,0.0,0.001934236,0.0,0,0,0,1,1
44924,-1,0,3.8535988,0.97923696,1,1,unassigned,2.0,2.0,0.0,1.0,0.0,0.0,0.0,0.0,0,0,0,1,1
44925,-1,0,12.908092,0.9999975,1,1,unassigned,3.0,2.0,1.0,0.6666667,0.33333334,0.3333333,0.001934236,0.00064474536,0,0,0,1,1
44926,1,1,0.17418945,0.5434376,1,0,test,4.0,4.0,0.0,1.0,0.0,0.0,0.003868472,0.0,1,0,1,1,0
44927,-1,1,2.7785985,0.9415083,1,1,unassigned,2.0,2.0,0.0,1.0,0.0,0.0,0.0,0.0,1,0,0,1,1
44928,-1,0,-0.07096493,0.48226622,0,1,unassigned,2.0,2.0,0.0,1.0,0.0,0.0,0.0,0.0,0,0,0,0,0
44929,-1,1,0.7012126,0.66845655,1,1,unassigned,3.0,3.0,0.0,1.0,0.0,0.0,0.001934236,0.0,1,0,0,1,0
44930,-1,0,2.629048,0.9327078,1,1,unassigned,48.0,46.0,2.0,0.9583333,0.041666668,0.041666687,0.088974856,0.0037072857,0,0,0,1,1
44931,-1,0,-0.1403904,0.46495992,0,1,unassigned,9.0,7.0,2.0,0.7777778,0.22222222,0.22222221,0.013539651,0.0030088115,0,0,0,0,0
44932,-1,0,-0.12883106,0.4678367,0,1,unassigned,19.0,18.0,1.0,0.94736844,0.05263158,0.052631557,0.032882012,0.0017306323,0,0,0,0,0
44933,-1,1,3.884086,0.97984785,1,1,unassigned,11.0,6.0,5.0,0.54545456,0.45454547,0.45454544,0.017408123,0.007912784,1,0,0,1,1
44934,-1,0,0.9505783,0.7212314,1,1,unassigned,3.0,3.0,0.0,1.0,0.0,0.0,0.001934236,0.0,0,0,0,1,0
44935,-1,0,-0.59898037,0.354577,0,1,unassigned,4.0,4.0,0.0,1.0,0.0,0.0,0.003868472,0.0,0,0,0,0,0
44936,-1,0,-0.7720239,0.31604144,0,1,unassigned,20.0,20.0,0.0,1.0,0.0,0.0,0.034816246,0.0,0,0,0,0,0
44937,-1,1,10.638456,0.99997604,1,1,unassigned,9.0,5.0,4.0,0.5555556,0.44444445,0.44444442,0.013539651,0.006017623,1,0,0,1,1
44938,-1,1,4.7635207,0.99153674,1,1,unassigned,2.0,2.0,0.0,1.0,0.0,0.0,0.0,0.0,1,0,0,1,1
44939,-1,0,-0.5215154,0.37249798,0,1,unassigned,29.0,26.0,3.0,0.8965517,0.10344828,0.10344827,0.05222437,0.005402521,0,0,0,0,0
44940,-1,1,2.2223752,0.9022409,1,1,unassigned,17.0,17.0,0.0,1.0,0.0,0.0,0.029013539,0.0,1,0,0,1,1
44941,-1,0,-0.87137353,0.29496858,0,1,unassigned,33.0,33.0,0.0,1.0,0.0,0.0,0.059961315,0.0,0,0,0,0,0
44942,-1,0,-0.28439635,0.4293763,0,1,unassigned,2.0,2.0,0.0,1.0,0.0,0.0,0.0,0.0,0,0,0,0,0
44943,-1,1,5.402437,0.9955146,1,1,unassigned,4.0,4.0,0.0,1.0,0.0,0.0,0.003868472,0.0,1,0,0,1,1
44944,-1,0,-0.9437244,0.28014866,0,1,unassigned,2.0,2.0,0.0,1.0,0.0,0.0,0.0,0.0,0,0,0,0,0
44945,-1,0,0.67140836,0.66181844,1,1,unassigned,3.0,3.0,0.0,1.0,0.0,0.0,0.001934236,0.0,0,0,0,1,0
44946,-1,0,-0.43320465,0.39336136,0,1,unassigned,2.0,2.0,0.0,1.0,0.0,0.0,0.0,0.0,0,0,0,0,0
44947,-1,1,-0.89568555,0.2899379,0,1,unassigned,25.0,23.0,2.0,0.92,0.08,0.07999998,0.044487428,0.003558994,1,0,0,0,0
44948,-1,1,3.6939576,0.9757303,1,1,unassigned,16.0,14.0,2.0,0.875,0.125,0.125,0.027079303,0.0033849129,1,0,0,1,1
44949,-1,0,7.0797887,0.99915874,1,1,unassigned,6.0,6.0,0.0,1.0,0.0,0.0,0.007736944,0.0,0,0,0,1,1
44950,-1,1,6.3942575,0.9983317,1,1,unassigned,2.0,2.0,0.0,1.0,0.0,0.0,0.0,0.0,1,0,0,1,1
44951,-1,1,4.6946964,0.99093926,1,1,unassigned,5.0,4.0,1.0,0.8,0.2,0.19999999,0.0058027077,0.0011605415,1,0,0,1,1
44952,1,1,2.894354,0.94756657,1,0,train,4.0,4.0,0.0,1.0,0.0,0.0,0.003868472,0.0,1,0,1,1,1
44953,-1,0,-0.270503,0.4327836,0,1,unassigned,15.0,14.0,1.0,0.93333334,0.06666667,0.06666666,0.025145067,0.0016763379,0,0,0,0,0
44954,-1,0,-0.25677943,0.43615556,0,1,unassigned,2.0,2.0,0.0,1.0,0.0,0.0,0.0,0.0,0,0,0,0,0
44955,-1,0,0.04756081,0.51188797,1,1,unassigned,20.0,20.0,0.0,1.0,0.0,0.0,0.034816246,0.0,0,0,0,1,0
44956,1,0,3.5008843,0.97071296,1,0,unassigned,14.0,14.0,0.0,1.0,0.0,0.0,0.023210831,0.0,0,0,1,1,1
44957,-1,0,-0.097581446,0.47562394,0,1,unassigned,14.0,13.0,1.0,0.9285714,0.071428575,0.0714286,0.023210831,0.0016579166,0,0,0,0,0
44958,-1,0,0.103462994,0.52584267,1,1,unassigned,5.0,5.0,0.0,1.0,0.0,0.0,0.0058027077,0.0,0,0,0,1,0
44959,-1,0,0.54559714,0.6331135,1,1,unassigned,9.0,7.0,2.0,0.7777778,0.22222222,0.22222221,0.013539651,0.0030088115,0,0,0,1,0
44960,-1,0,5.0467725,0.99361104,1,1,unassigned,2.0,2.0,0.0,1.0,0.0,0.0,0.0,0.0,0,0,0,1,1
44961,-1,0,0.9049975,0.7119754,1,1,unassigned,33.0,33.0,0.0,1.0,0.0,0.0,0.059961315,0.0,0,0,0,1,0
44962,-1,1,-0.0715515,0.48211977,0,1,unassigned,31.0,28.0,3.0,0.9032258,0.09677419,0.09677422,0.056092843,0.0054283394,1,0,0,0,0
44963,-1,0,0.7946716,0.68883353,1,1,unassigned,3.0,3.0,0.0,1.0,0.0,0.0,0.001934236,0.0,0,0,0,1,0
44964,-1,0,-0.01156801,0.497108,0,1,unassigned,3.0,3.0,0.0,1.0,0.0,0.0,0.001934236,0.0,0,0,0,0,0
44965,0,1,0.3610459,0.5892936,1,1,unassigned,52.0,48.0,4.0,0.9230769,0.07692308,0.07692307,0.0967118,0.0074393693,1,0,0,1,0
44966,-1,0,11.7178545,0.9999919,1,1,unassigned,3.0,2.0,1.0,0.6666667,0.33333334,0.3333333,0.001934236,0.00064474536,0,0,0,1,1
44967,-1,1,2.1784964,0.8983018,1,1,unassigned,16.0,16.0,0.0,1.0,0.0,0.0,0.027079303,0.0,1,0,0,1,0
44968,-1,1,0.63652295,0.653967,1,1,unassigned,4.0,4.0,0.0,1.0,0.0,0.0,0.003868472,0.0,1,0,0,1,0
44969,1,0,-0.45094383,0.3891364,0,1,unassigned,8.0,8.0,0.0,1.0,0.0,0.0,0.0116054155,0.0,0,0,0,0,0
44970,-1,0,0.092461824,0.523099,1,1,unassigned,3.0,3.0,0.0,1.0,0.0,0.0,0.001934236,0.0,0,0,0,1,0
44971,-1,1,2.3304193,0.9113652,1,1,unassigned,15.0,14.0,1.0,0.93333334,0.06666667,0.06666666,0.025145067,0.0016763379,1,0,0,1,1
44972,-1,0,0.8041182,0.6908547,1,1,unassigned,2.0,2.0,0.0,1.0,0.0,0.0,0.0,0.0,0,0,0,1,0
44973,-1,1,10.545065,0.99997365,1,1,unassigned,6.0,5.0,1.0,0.8333333,0.16666667,0.16666669,0.007736944,0.0012894907,1,0,0,1,1
44974,-1,0,3.789429,0.9778913,1,1,unassigned,2.0,2.0,0.0,1.0,0.0,0.0,0.0,0.0,0,0,0,1,1
44975,-1,0,2.4920533,0.9235828,1,1,unassigned,7.0,7.0,0.0,1.0,0.0,0.0,0.00967118,0.0,0,0,0,1,1
44976,-1,0,-0.12228221,0.46946746,0,1,unassigned,4.0,3.0,1.0,0.75,0.25,0.25,0.003868472,0.000967118,0,0,0,0,0
44977,-1,0,5.2401233,0.9947284,1,1,unassigned,2.0,2.0,0.0,1.0,0.0,0.0,0.0,0.0,0,0,0,1,1
44978,-1,1,-0.7204726,0.32728893,0,1,unassigned,4.0,4.0,0.0,1.0,0.0,0.0,0.003868472,0.0,1,0,0,0,0
44979,-1,1,-0.13510966,0.46627384,0,1,unassigned,2.0,2.0,0.0,1.0,0.0,0.0,0.0,0.0,1,0,0,0,0
44980,-1,0,-1.0156528,0.26587504,0,1,unassigned,2.0,2.0,0.0,1.0,0.0,0.0,0.0,0.0,0,0,0,0,0
44981,-1,0,5.377251,0.9954007,1,1,unassigned,2.0,2.0,0.0,1.0,0.0,0.0,0.0,0.0,0,0,0,1,1
44982,1,0,-0.53434277,0.36950457,0,1,test,2.0,2.0,0.0,1.0,0.0,0.0,0.0,0.0,0,0,0,0,0
44983,-1,0,3.25932,0.9630066,1,1,unassigned,3.0,3.0,0.0,1.0,0.0,0.0,0.001934236,0.0,0,0,0,1,1
44984,-1,1,2.630111,0.9327745,1,1,unassigned,4.0,4.0,0.0,1.0,0.0,0.0,0.003868472,0.0,1,0,0,1,1
44985,-1,1,-0.29922056,0.425748,0,1,unassigned,15.0,14.0,1.0,0.93333334,0.06666667,0.06666666,0.025145067,0.0016763379,1,0,0,0,0
44986,-1,1,0.017837822,0.5044593,1,1,unassigned,18.0,17.0,1.0,0.9444444,0.055555556,0.055555582,0.030947777,0.0017193209,1,0,0,1,0
44987,-1,0,2.872074,0.9464485,1,1,unassigned,6.0,5.0,1.0,0.8333333,0.16666667,0.16666669,0.007736944,0.0012894907,0,0,0,1,1
44988,1,0,3.8899648,0.9799636,1,0,unassigned,10.0,10.0,0.0,1.0,0.0,0.0,0.015473888,0.0,0,0,1,1,1
44989,-1,1,5.5490813,0.9961241,1,1,unassigned,13.0,12.0,1.0,0.9230769,0.07692308,0.07692307,0.021276595,0.0016366612,1,0,0,1,1
44990,-1,0,1.5124905,0.81943,1,1,unassigned,19.0,19.0,0.0,1.0,0.0,0.0,0.032882012,0.0,0,0,0,1,0
44991,-1,0,-0.46094698,0.3867612,0,1,unassigned,32.0,32.0,0.0,1.0,0.0,0.0,0.058027077,0.0,0,0,0,0,0
44992,-1,0,2.1172812,0.89257145,1,1,unassigned,6.0,4.0,2.0,0.6666667,0.33333334,0.3333333,0.007736944,0.0025789815,0,0,0,1,0
44993,-1,0,0.90183336,0.7113261,1,1,unassigned,24.0,24.0,0.0,1.0,0.0,0.0,0.04255319,0.0,0,0,0,1,0
44994,-1,0,0.080483496,0.52011,1,1,unassigned,6.0,6.0,0.0,1.0,0.0,0.0,0.007736944,0.0,0,0,0,1,0
44995,-1,0,2.2299788,0.9029095,1,1,unassigned,2.0,1.0,1.0,0.5,0.5,0.5,0.0,0.0,0,0,0,1,1
44996,0,1,-0.4233346,0.39571908,0,0,unassigned,28.0,28.0,0.0,1.0,0.0,0.0,0.050290134,0.0,1,0,1,0,0
44997,-1,0,1.4825222,0.81495327,1,1,unassigned,3.0,3.0,0.0,1.0,0.0,0.0,0.001934236,0.0,0,0,0,1,0
44998,1,0,9.568584,0.99993014,1,0,unassigned,9.0,9.0,0.0,1.0,0.0,0.0,0.013539651,0.0,0,0,1,1,1
44999,-1,0,1.7950022,0.8575395,1,1,unassigned,5.0,5.0,0.0,1.0,0.0,0.0,0.0058027077,0.0,0,0,0,1,0
45000,-1,1,5.576628,0.996229,1,1,unassigned,6.0,6.0,0.0,1.0,0.0,0.0,0.007736944,0.0,1,0,0,1,1
45001,-1,0,-0.9134803,0.28628817,0,1,unassigned,29.0,28.0,1.0,0.9655172,0.03448276,0.034482777,0.05222437,0.0018008404,0,0,0,0,0
45002,-1,0,0.794602,0.68881863,1,1,unassigned,6.0,5.0,1.0,0.8333333,0.16666667,0.16666669,0.007736944,0.0012894907,0,0,0,1,0
45003,-1,0,2.5210059,0.9256013,1,1,unassigned,17.0,15.0,2.0,0.88235295,0.11764706,0.11764705,0.029013539,0.0034133575,0,0,0,1,1
45004,-1,1,2.268608,0.90624356,1,1,unassigned,7.0,6.0,1.0,0.85714287,0.14285715,0.14285713,0.00967118,0.0013815971,1,0,0,1,1
45005,-1,0,1.2640016,0.77971417,1,1,unassigned,21.0,19.0,2.0,0.9047619,0.0952381,0.09523809,0.036750484,0.0035000462,0,0,0,1,0
45006,-1,0,3.2378533,0.96223414,1,1,unassigned,3.0,2.0,1.0,0.6666667,0.33333334,0.3333333,0.001934236,0.00064474536,0,0,0,1,1
45007,-1,0,0.771992,0.6839516,1,1,unassigned,43.0,43.0,0.0,1.0,0.0,0.0,0.079303674,0.0,0,0,0,1,0
45008,-1,0,-0.08279449,0.4793132,0,1,unassigned,7.0,7.0,0.0,1.0,0.0,0.0,0.00967118,0.0,0,0,0,0,0
45009,1,0,0.66027313,0.6593217,1,0,train,10.0,8.0,2.0,0.8,0.2,0.19999999,0.015473888,0.0030947777,0,0,1,1,0
45010,-1,1,5.5828075,0.9962521,1,1,unassigned,4.0,3.0,1.0,0.75,0.25,0.25,0.003868472,0.000967118,1,0,0,1,1
45011,0,1,-0.29420274,0.42697528,0,0,train,16.0,16.0,0.0,1.0,0.0,0.0,0.027079303,0.0,1,0,1,0,0
45012,-1,1,-0.5677601,0.36175382,0,1,unassigned,29.0,25.0,4.0,0.86206895,0.13793103,0.13793105,0.05222437,0.0072033615,1,0,0,0,0
45013,-1,1,1.6290424,0.8360384,1,1,unassigned,4.0,4.0,0.0,1.0,0.0,0.0,0.003868472,0.0,1,0,0,1,0
45014,-1,0,0.29084808,0.57220376,1,1,unassigned,5.0,5.0,0.0,1.0,0.0,0.0,0.0058027077,0.0,0,0,0,1,0
45015,-1,0,0.28118604,0.569837,1,1,unassigned,28.0,27.0,1.0,0.96428573,0.035714287,0.03571427,0.050290134,0.0017960763,0,0,0,1,0
45016,-1,0,-0.17684472,0.4559037,0,1,unassigned,11.0,10.0,1.0,0.90909094,0.09090909,0.090909064,0.017408123,0.0015825568,0,0,0,0,0
45017,-1,0,-0.011319935,0.49717006,0,1,unassigned,16.0,16.0,0.0,1.0,0.0,0.0,0.027079303,0.0,0,0,0,0,0
45018,-1,1,1.4470065,0.80953723,1,1,unassigned,3.0,3.0,0.0,1.0,0.0,0.0,0.001934236,0.0,1,0,0,1,0
45019,-1,0,-0.07653749,0.48087496,0,1,unassigned,4.0,4.0,0.0,1.0,0.0,0.0,0.003868472,0.0,0,0,0,0,0
45020,-1,0,0.57344145,0.6395568,1,1,unassigned,2.0,2.0,0.0,1.0,0.0,0.0,0.0,0.0,0,0,0,1,0
45021,0,0,-0.8662064,0.2960443,0,0,unassigned,45.0,45.0,0.0,1.0,0.0,0.0,0.08317215,0.0,0,0,1,0,0
45022,-1,1,-0.23609075,0.44124994,0,1,unassigned,26.0,26.0,0.0,1.0,0.0,0.0,0.046421662,0.0,1,0,0,0,0
45023,-1,0,-0.31423682,0.4220809,0,1,unassigned,11.0,11.0,0.0,1.0,0.0,0.0,0.017408123,0.0,0,0,0,0,0
45024,-1,0,0.9863073,0.728358,1,1,unassigned,3.0,3.0,0.0,1.0,0.0,0.0,0.001934236,0.0,0,0,0,1,0
45025,-1,0,7.067385,0.99914825,1,1,unassigned,2.0,2.0,0.0,1.0,0.0,0.0,0.0,0.0,0,0,0,1,1
45026,-1,0,17.064875,1.0,1,1,unassigned,6.0,6.0,0.0,1.0,0.0,0.0,0.007736944,0.0,0,0,0,1,1
45027,1,1,5.5930934,0.9962903,1,0,test,3.0,3.0,0.0,1.0,0.0,0.0,0.001934236,0.0,1,0,1,1,1
45028,1,0,0.9990489,0.73087156,1,0,unassigned,6.0,6.0,0.0,1.0,0.0,0.0,0.007736944,0.0,0,0,1,1,0
45029,-1,0,2.9049952,0.9480929,1,1,unassigned,2.0,1.0,1.0,0.5,0.5,0.5,0.0,0.0,0,0,0,1,1
45030,-1,1,1.2041483,0.7692619,1,1,unassigned,3.0,2.0,1.0,0.6666667,0.33333334,0.3333333,0.001934236,0.00064474536,1,0,0,1,0
45031,-1,1,4.665149,0.99066997,1,1,unassigned,4.0,3.0,1.0,0.75,0.25,0.25,0.003868472,0.000967118,1,0,0,1,1
45032,-1,0,2.8514225,0.94539213,1,1,unassigned,17.0,17.0,0.0,1.0,0.0,0.0,0.029013539,0.0,0,0,0,1,1
45033,-1,1,-0.28849244,0.42837298,0,1,unassigned,9.0,9.0,0.0,1.0,0.0,0.0,0.013539651,0.0,1,0,0,0,0
45034,-1,1,-0.13730174,0.46572837,0,1,unassigned,2.0,2.0,0.0,1.0,0.0,0.0,0.0,0.0,1,0,0,0,0
45035,-1,1,0.05105418,0.51276076,1,1,unassigned,3.0,3.0,0.0,1.0,0.0,0.0,0.001934236,0.0,1,0,0,1,0
45036,0,0,-0.4712615,0.38431773,0,0,unassigned,22.0,21.0,1.0,0.95454544,0.045454547,0.04545456,0.03868472,0.0017583964,0,0,1,0,0
45037,1,0,2.937826,0.949685,1,0,unassigned,4.0,4.0,0.0,1.0,0.0,0.0,0.003868472,0.0,0,0,1,1,1
45038,-1,1,2.98572,0.9519248,1,1,unassigned,5.0,4.0,1.0,0.8,0.2,0.19999999,0.0058027077,0.0011605415,1,0,0,1,1
45039,0,1,2.6576343,0.93447995,1,1,val,22.0,21.0,1.0,0.95454544,0.045454547,0.04545456,0.03868472,0.0017583964,1,0,0,1,1
45040,-1,0,10.930299,0.9999821,1,1,unassigned,2.0,2.0,0.0,1.0,0.0,0.0,0.0,0.0,0,0,0,1,1
45041,-1,0,10.430945,0.99997044,1,1,unassigned,2.0,2.0,0.0,1.0,0.0,0.0,0.0,0.0,0,0,0,1,1
45042,-1,0,0.9921439,0.72951114,1,1,unassigned,7.0,7.0,0.0,1.0,0.0,0.0,0.00967118,0.0,0,0,0,1,0
45043,-1,0,7.92092,0.999637,1,1,unassigned,4.0,4.0,0.0,1.0,0.0,0.0,0.003868472,0.0,0,0,0,1,1
45044,-1,0,9.746035,0.99994147,1,1,unassigned,2.0,2.0,0.0,1.0,0.0,0.0,0.0,0.0,0,0,0,1,1
45045,-1,0,1.4455132,0.8093069,1,1,unassigned,3.0,3.0,0.0,1.0,0.0,0.0,0.001934236,0.0,0,0,0,1,0
45046,-1,0,10.430945,0.99997044,1,1,unassigned,2.0,2.0,0.0,1.0,0.0,0.0,0.0,0.0,0,0,0,1,1
45047,-1,0,5.801789,0.9969869,1,1,unassigned,2.0,2.0,0.0,1.0,0.0,0.0,0.0,0.0,0,0,0,1,1
45048,-1,0,10.677832,0.999977,1,1,unassigned,2.0,2.0,0.0,1.0,0.0,0.0,0.0,0.0,0,0,0,1,1
45049,-1,0,10.430945,0.99997044,1,1,unassigned,2.0,2.0,0.0,1.0,0.0,0.0,0.0,0.0,0,0,0,1,1
45050,-1,0,8.234764,0.9997348,1,1,unassigned,6.0,5.0,1.0,0.8333333,0.16666667,0.16666669,0.007736944,0.0012894907,0,0,0,1,1
45051,-1,0,9.418835,0.9999188,1,1,unassigned,2.0,2.0,0.0,1.0,0.0,0.0,0.0,0.0,0,0,0,1,1
45052,-1,1,-0.22039726,0.44512266,0,1,unassigned,57.0,56.0,1.0,0.98245615,0.01754386,0.017543852,0.10638298,0.0018663681,1,0,0,0,0
45053,-1,0,9.752647,0.9999418,1,1,unassigned,3.0,3.0,0.0,1.0,0.0,0.0,0.001934236,0.0,0,0,0,1,1
45054,1,0,-0.15393308,0.46159253,0,1,train,7.0,7.0,0.0,1.0,0.0,0.0,0.00967118,0.0,0,0,0,0,0
45055,-1,0,9.847105,0.9999471,1,1,unassigned,7.0,7.0,0.0,1.0,0.0,0.0,0.00967118,0.0,0,0,0,1,1
45056,-1,0,-0.5844445,0.35791054,0,1,unassigned,22.0,22.0,0.0,1.0,0.0,0.0,0.03868472,0.0,0,0,0,0,0
45057,-1,0,-0.6592027,0.34091872,0,1,unassigned,25.0,25.0,0.0,1.0,0.0,0.0,0.044487428,0.0,0,0,0,0,0
45058,-1,1,2.9997096,0.95256096,1,1,unassigned,5.0,5.0,0.0,1.0,0.0,0.0,0.0058027077,0.0,1,0,0,1,1
45059,-1,1,0.017223775,0.50430584,1,1,unassigned,40.0,38.0,2.0,0.95,0.05,0.050000012,0.07350097,0.0036750485,1,0,0,1,0
45060,0,1,0.50030273,0.62253046,1,1,unassigned,28.0,26.0,2.0,0.9285714,0.071428575,0.0714286,0.050290134,0.0035921526,1,0,0,1,0
45061,-1,0,10.623536,0.9999757,1,1,unassigned,2.0,2.0,0.0,1.0,0.0,0.0,0.0,0.0,0,0,0,1,1
45062,1,0,9.345073,0.9999126,1,0,unassigned,2.0,2.0,0.0,1.0,0.0,0.0,0.0,0.0,0,0,1,1,1
45063,-1,0,14.721164,0.99999964,1,1,unassigned,4.0,4.0,0.0,1.0,0.0,0.0,0.003868472,0.0,0,0,0,1,1
45064,-1,1,-0.3719248,0.40807602,0,1,unassigned,56.0,56.0,0.0,1.0,0.0,0.0,0.10444874,0.0,1,0,0,0,0
45065,-1,0,15.790173,0.9999999,1,1,unassigned,3.0,3.0,0.0,1.0,0.0,0.0,0.001934236,0.0,0,0,0,1,1
45066,-1,0,11.669783,0.9999914,1,1,unassigned,3.0,3.0,0.0,1.0,0.0,0.0,0.001934236,0.0,0,0,0,1,1
45067,-1,0,7.9726357,0.99965537,1,1,unassigned,3.0,3.0,0.0,1.0,0.0,0.0,0.001934236,0.0,0,0,0,1,1
45068,-1,0,10.924645,0.999982,1,1,unassigned,2.0,2.0,0.0,1.0,0.0,0.0,0.0,0.0,0,0,0,1,1
45069,-1,0,6.690519,0.9987589,1,1,unassigned,2.0,2.0,0.0,1.0,0.0,0.0,0.0,0.0,0,0,0,1,1
45070,-1,0,10.430945,0.99997044,1,1,unassigned,2.0,2.0,0.0,1.0,0.0,0.0,0.0,0.0,0,0,0,1,1
45071,-1,1,-0.92888534,0.28315088,0,1,unassigned,68.0,68.0,0.0,1.0,0.0,0.0,0.12765957,0.0,1,0,0,0,0
45072,-1,0,9.731211,0.99994063,1,1,unassigned,3.0,3.0,0.0,1.0,0.0,0.0,0.001934236,0.0,0,0,0,1,1
45073,-1,0,-0.51984507,0.37288848,0,1,unassigned,7.0,7.0,0.0,1.0,0.0,0.0,0.00967118,0.0,0,0,0,0,0
45074,-1,0,10.319595,0.999967,1,1,unassigned,5.0,5.0,0.0,1.0,0.0,0.0,0.0058027077,0.0,0,0,0,1,1
45075,-1,0,9.580294,0.999931,1,1,unassigned,2.0,2.0,0.0,1.0,0.0,0.0,0.0,0.0,0,0,0,1,1
45076,-1,0,10.2869,0.9999659,1,1,unassigned,2.0,2.0,0.0,1.0,0.0,0.0,0.0,0.0,0,0,0,1,1
45077,-1,0,5.377251,0.9954007,1,1,unassigned,2.0,2.0,0.0,1.0,0.0,0.0,0.0,0.0,0,0,0,1,1
45078,-1,0,5.377251,0.9954007,1,1,unassigned,2.0,2.0,0.0,1.0,0.0,0.0,0.0,0.0,0,0,0,1,1
45079,-1,0,5.377251,0.9954007,1,1,unassigned,2.0,2.0,0.0,1.0,0.0,0.0,0.0,0.0,0,0,0,1,1
45080,-1,0,5.5143795,0.9959877,1,1,unassigned,2.0,2.0,0.0,1.0,0.0,0.0,0.0,0.0,0,0,0,1,1
45081,-1,0,5.6514835,0.9965,1,1,unassigned,2.0,2.0,0.0,1.0,0.0,0.0,0.0,0.0,0,0,0,1,1
45082,-1,0,0.30210692,0.5749575,1,1,unassigned,2.0,2.0,0.0,1.0,0.0,0.0,0.0,0.0,0,0,0,1,0
45083,-1,0,-0.93573016,0.28176364,0,1,unassigned,35.0,31.0,4.0,0.8857143,0.114285715,0.11428571,0.06382979,0.0072948327,0,0,0,0,0
45084,-1,0,-0.26637724,0.4337967,0,1,unassigned,25.0,25.0,0.0,1.0,0.0,0.0,0.044487428,0.0,0,0,0,0,0
45085,0,0,-0.21124527,0.4473842,0,0,val,31.0,31.0,0.0,1.0,0.0,0.0,0.056092843,0.0,0,0,1,0,0
45086,0,0,-0.8428479,0.30093533,0,0,val,8.0,8.0,0.0,1.0,0.0,0.0,0.0116054155,0.0,0,0,1,0,0
45087,-1,0,-0.09757185,0.47562638,0,1,unassigned,13.0,10.0,3.0,0.7692308,0.23076923,0.23076922,0.021276595,0.0049099834,0,0,0,0,0
45088,1,0,1.3485141,0.79388654,1,0,unassigned,10.0,10.0,0.0,1.0,0.0,0.0,0.015473888,0.0,0,0,1,1,0
45089,-1,0,1.3890824,0.80044574,1,1,unassigned,11.0,11.0,0.0,1.0,0.0,0.0,0.017408123,0.0,0,0,0,1,0
45090,1,1,-0.125498,0.46866664,0,1,test,32.0,31.0,1.0,0.96875,0.03125,0.03125,0.058027077,0.0018133462,1,0,0,0,0
45091,-1,0,10.430945,0.99997044,1,1,unassigned,2.0,2.0,0.0,1.0,0.0,0.0,0.0,0.0,0,0,0,1,1
45092,-1,1,4.573278,0.9897814,1,1,unassigned,4.0,3.0,1.0,0.75,0.25,0.25,0.003868472,0.000967118,1,0,0,1,1
45093,-1,0,10.2869,0.9999659,1,1,unassigned,2.0,2.0,0.0,1.0,0.0,0.0,0.0,0.0,0,0,0,1,1
45094,-1,0,10.14612,0.9999608,1,1,unassigned,2.0,2.0,0.0,1.0,0.0,0.0,0.0,0.0,0,0,0,1,1
45095,-1,0,10.430945,0.99997044,1,1,unassigned,2.0,2.0,0.0,1.0,0.0,0.0,0.0,0.0,0,0,0,1,1
45096,-1,0,10.430945,0.99997044,1,1,unassigned,2.0,2.0,0.0,1.0,0.0,0.0,0.0,0.0,0,0,0,1,1
45097,-1,0,10.2869,0.9999659,1,1,unassigned,2.0,2.0,0.0,1.0,0.0,0.0,0.0,0.0,0,0,0,1,1
45098,-1,0,6.4431834,0.9984112,1,1,unassigned,5.0,2.0,3.0,0.4,0.6,0.6,0.0058027077,0.0034816249,0,0,0,1,1
45099,-1,0,11.4988,0.99998987,1,1,unassigned,3.0,2.0,1.0,0.6666667,0.33333334,0.3333333,0.001934236,0.00064474536,0,0,0,1,1
45100,-1,0,12.678699,0.9999969,1,1,unassigned,3.0,3.0,0.0,1.0,0.0,0.0,0.001934236,0.0,0,0,0,1,1
45101,-1,0,6.8779044,0.99897075,1,1,unassigned,4.0,3.0,1.0,0.75,0.25,0.25,0.003868472,0.000967118,0,0,0,1,1
45102,-1,0,8.853877,0.9998572,1,1,unassigned,4.0,4.0,0.0,1.0,0.0,0.0,0.003868472,0.0,0,0,0,1,1
45103,-1,0,10.2869,0.9999659,1,1,unassigned,2.0,2.0,0.0,1.0,0.0,0.0,0.0,0.0,0,0,0,1,1
45104,-1,0,12.183411,0.9999949,1,1,unassigned,4.0,4.0,0.0,1.0,0.0,0.0,0.003868472,0.0,0,0,0,1,1
45105,-1,0,8.030794,0.9996748,1,1,unassigned,3.0,2.0,1.0,0.6666667,0.33333334,0.3333333,0.001934236,0.00064474536,0,0,0,1,1
45106,-1,1,3.7245839,0.976445,1,1,unassigned,10.0,6.0,4.0,0.6,0.4,0.39999998,0.015473888,0.0061895554,1,0,0,1,1
45107,-1,0,10.961138,0.9999826,1,1,unassigned,2.0,2.0,0.0,1.0,0.0,0.0,0.0,0.0,0,0,0,1,1
45108,-1,0,10.961138,0.9999826,1,1,unassigned,2.0,2.0,0.0,1.0,0.0,0.0,0.0,0.0,0,0,0,1,1
45109,-1,0,12.705765,0.999997,1,1,unassigned,2.0,2.0,0.0,1.0,0.0,0.0,0.0,0.0,0,0,0,1,1
45110,-1,0,6.2626605,0.9980975,1,1,unassigned,3.0,3.0,0.0,1.0,0.0,0.0,0.001934236,0.0,0,0,0,1,1
45111,-1,0,-0.11726579,0.4707171,0,1,unassigned,39.0,38.0,1.0,0.974359,0.025641026,0.025641024,0.07156673,0.0018350444,0,0,0,0,0
45112,-1,1,-0.49713933,0.37821317,0,1,unassigned,97.0,87.0,10.0,0.8969072,0.10309278,0.10309279,0.18375242,0.018943548,1,0,0,0,0
45113,-1,1,1.3212125,0.78938335,1,1,unassigned,13.0,12.0,1.0,0.9230769,0.07692308,0.07692307,0.021276595,0.0016366612,1,0,0,1,0
45114,-1,0,6.960758,0.99905246,1,1,unassigned,7.0,7.0,0.0,1.0,0.0,0.0,0.00967118,0.0,0,0,0,1,1
45115,-1,1,1.750879,0.8520636,1,1,unassigned,4.0,4.0,0.0,1.0,0.0,0.0,0.003868472,0.0,1,0,0,1,0
45116,-1,1,3.2595088,0.96301335,1,1,unassigned,13.0,9.0,4.0,0.6923077,0.30769232,0.3076923,0.021276595,0.006546645,1,0,0,1,1
45117,-1,1,-0.82146335,0.30545312,0,1,unassigned,38.0,37.0,1.0,0.9736842,0.02631579,0.026315808,0.06963249,0.0018324341,1,0,0,0,0
45118,-1,0,9.458279,0.9999219,1,1,unassigned,2.0,2.0,0.0,1.0,0.0,0.0,0.0,0.0,0,0,0,1,1
45119,-1,1,-0.5635075,0.36273628,0,1,unassigned,7.0,7.0,0.0,1.0,0.0,0.0,0.00967118,0.0,1,0,0,0,0
45120,-1,0,-0.70146143,0.33148828,0,1,unassigned,2.0,2.0,0.0,1.0,0.0,0.0,0.0,0.0,0,0,0,0,0
45121,-1,0,9.729702,0.9999405,1,1,unassigned,4.0,4.0,0.0,1.0,0.0,0.0,0.003868472,0.0,0,0,0,1,1
45122,-1,0,8.577799,0.9998118,1,1,unassigned,2.0,2.0,0.0,1.0,0.0,0.0,0.0,0.0,0,0,0,1,1
45123,-1,0,10.81776,0.99998,1,1,unassigned,2.0,2.0,0.0,1.0,0.0,0.0,0.0,0.0,0,0,0,1,1
45124,-1,0,1.9159408,0.8716851,1,1,unassigned,26.0,26.0,0.0,1.0,0.0,0.0,0.046421662,0.0,0,0,0,1,0
45125,-1,0,-0.33511573,0.4169964,0,1,unassigned,12.0,12.0,0.0,1.0,0.0,0.0,0.01934236,0.0,0,0,0,0,0
45126,-1,0,9.490965,0.9999244,1,1,unassigned,10.0,9.0,1.0,0.9,0.1,0.100000024,0.015473888,0.0015473888,0,0,0,1,1
45127,0,0,-1.7624228,0.14648716,0,0,unassigned,2.0,2.0,0.0,1.0,0.0,0.0,0.0,0.0,0,0,1,0,0
45128,-1,0,10.680832,0.999977,1,1,unassigned,2.0,2.0,0.0,1.0,0.0,0.0,0.0,0.0,0,0,0,1,1
45129,-1,0,10.81776,0.99998,1,1,unassigned,2.0,2.0,0.0,1.0,0.0,0.0,0.0,0.0,0,0,0,1,1
45130,-1,0,10.961138,0.9999826,1,1,unassigned,2.0,2.0,0.0,1.0,0.0,0.0,0.0,0.0,0,0,0,1,1
45131,-1,0,7.8744454,0.9996197,1,1,unassigned,3.0,3.0,0.0,1.0,0.0,0.0,0.001934236,0.0,0,0,0,1,1
45132,-1,1,2.545849,0.92729414,1,1,unassigned,2.0,2.0,0.0,1.0,0.0,0.0,0.0,0.0,1,0,0,1,1
45133,-1,0,0.32143003,0.5796727,1,1,unassigned,2.0,2.0,0.0,1.0,0.0,0.0,0.0,0.0,0,0,0,1,0
45134,-1,1,7.5300355,0.9994636,1,1,unassigned,5.0,3.0,2.0,0.6,0.4,0.39999998,0.0058027077,0.002321083,1,0,0,1,1
45135,-1,1,-0.79109776,0.311933,0,1,unassigned,21.0,21.0,0.0,1.0,0.0,0.0,0.036750484,0.0,1,0,0,0,0
45136,-1,1,0.11740285,0.529317,1,1,unassigned,3.0,3.0,0.0,1.0,0.0,0.0,0.001934236,0.0,1,0,0,1,0
45137,-1,0,5.443649,0.9956949,1,1,unassigned,3.0,3.0,0.0,1.0,0.0,0.0,0.001934236,0.0,0,0,0,1,1
45138,0,1,-0.12701032,0.46829006,0,0,unassigned,9.0,7.0,2.0,0.7777778,0.22222222,0.22222221,0.013539651,0.0030088115,1,0,1,0,0
45139,-1,1,-0.4732497,0.38384736,0,1,unassigned,2.0,2.0,0.0,1.0,0.0,0.0,0.0,0.0,1,0,0,0,0
45140,-1,1,1.3203146,0.7892341,1,1,unassigned,24.0,22.0,2.0,0.9166667,0.083333336,0.08333331,0.04255319,0.0035460992,1,0,0,1,0
45141,-1,0,0.95176464,0.72146994,1,1,unassigned,2.0,2.0,0.0,1.0,0.0,0.0,0.0,0.0,0,0,0,1,0
45142,-1,0,-0.6228846,0.3491257,0,1,unassigned,24.0,19.0,5.0,0.7916667,0.20833333,0.20833331,0.04255319,0.0088652475,0,0,0,0,0
45143,-1,1,2.6443756,0.9336635,1,1,unassigned,5.0,5.0,0.0,1.0,0.0,0.0,0.0058027077,0.0,1,0,0,1,1
45144,-1,1,-0.517469,0.37344426,0,1,unassigned,12.0,8.0,4.0,0.6666667,0.33333334,0.3333333,0.01934236,0.006447453,1,0,0,0,0
45145,-1,0,2.028131,0.8837192,1,1,unassigned,2.0,1.0,1.0,0.5,0.5,0.5,0.0,0.0,0,0,0,1,0
45146,-1,1,4.77451,0.9916285,1,1,unassigned,5.0,5.0,0.0,1.0,0.0,0.0,0.0058027077,0.0,1,0,0,1,1
45147,-1,0,2.7309668,0.9388294,1,1,unassigned,2.0,2.0,0.0,1.0,0.0,0.0,0.0,0.0,0,0,0,1,1
45148,0,1,-1.0123575,0.26651874,0,0,unassigned,2.0,1.0,1.0,0.5,0.5,0.5,0.0,0.0,1,0,1,0,0
45149,-1,1,-0.11583567,0.47107342,0,1,unassigned,72.0,69.0,3.0,0.9583333,0.041666668,0.041666687,0.13539653,0.005641522,1,0,0,0,0
45150,-1,1,2.7939022,0.9423454,1,1,unassigned,12.0,11.0,1.0,0.9166667,0.083333336,0.08333331,0.01934236,0.0016118633,1,0,0,1,1
45151,-1,0,-1.2435937,0.22381106,0,1,unassigned,2.0,2.0,0.0,1.0,0.0,0.0,0.0,0.0,0,0,0,0,0
45152,-1,1,6.3927913,0.9983292,1,1,unassigned,2.0,2.0,0.0,1.0,0.0,0.0,0.0,0.0,1,0,0,1,1
45153,1,1,-0.036747932,0.49081406,0,1,unassigned,20.0,20.0,0.0,1.0,0.0,0.0,0.034816246,0.0,1,0,0,0,0
45154,-1,1,2.3103693,0.9097322,1,1,unassigned,6.0,4.0,2.0,0.6666667,0.33333334,0.3333333,0.007736944,0.0025789815,1,0,0,1,1
45155,-1,0,0.3211738,0.5796103,1,1,unassigned,9.0,9.0,0.0,1.0,0.0,0.0,0.013539651,0.0,0,0,0,1,0
45156,-1,0,1.5630133,0.8267853,1,1,unassigned,7.0,7.0,0.0,1.0,0.0,0.0,0.00967118,0.0,0,0,0,1,0
45157,1,1,3.1213608,0.95776534,1,0,test,3.0,3.0,0.0,1.0,0.0,0.0,0.001934236,0.0,1,0,1,1,1
45158,-1,1,2.4348876,0.9194492,1,1,unassigned,6.0,6.0,0.0,1.0,0.0,0.0,0.007736944,0.0,1,0,0,1,1
45159,-1,1,2.7707117,0.94107246,1,1,unassigned,14.0,10.0,4.0,0.71428573,0.2857143,0.28571427,0.023210831,0.0066316663,1,0,0,1,1
45160,-1,1,-0.5318822,0.370078,0,1,unassigned,70.0,62.0,8.0,0.8857143,0.114285715,0.11428571,0.13152805,0.015031777,1,0,0,0,0
45161,-1,0,-0.7180307,0.32782677,0,1,unassigned,2.0,2.0,0.0,1.0,0.0,0.0,0.0,0.0,0,0,0,0,0
45162,-1,1,0.17768264,0.5443042,1,1,unassigned,8.0,7.0,1.0,0.875,0.125,0.125,0.0116054155,0.0014506769,1,0,0,1,0
45163,-1,1,3.3701394,0.9667582,1,1,unassigned,3.0,3.0,0.0,1.0,0.0,0.0,0.001934236,0.0,1,0,0,1,1
45164,-1,1,-0.15918508,0.46028754,0,1,unassigned,11.0,10.0,1.0,0.90909094,0.09090909,0.090909064,0.017408123,0.0015825568,1,0,0,0,0
45165,-1,0,0.13033032,0.5325365,1,1,unassigned,22.0,2.0,20.0,0.09090909,0.90909094,0.9090909,0.03868472,0.035167925,0,0,0,1,0
45166,1,1,0.16185653,0.540376,1,0,unassigned,16.0,15.0,1.0,0.9375,0.0625,0.0625,0.027079303,0.0016924564,1,0,1,1,0
45167,-1,1,-0.52510154,0.3716601,0,1,unassigned,24.0,23.0,1.0,0.9583333,0.041666668,0.041666687,0.04255319,0.0017730496,1,0,0,0,0
45168,-1,1,1.7385933,0.85050833,1,1,unassigned,2.0,2.0,0.0,1.0,0.0,0.0,0.0,0.0,1,0,0,1,0
45169,-1,1,0.22057801,0.554922,1,1,unassigned,24.0,22.0,2.0,0.9166667,0.083333336,0.08333331,0.04255319,0.0035460992,1,0,0,1,0
45170,0,1,0.84827894,0.700206,1,1,test,11.0,11.0,0.0,1.0,0.0,0.0,0.017408123,0.0,1,0,0,1,0
45171,-1,1,0.8845561,0.7077655,1,1,unassigned,28.0,28.0,0.0,1.0,0.0,0.0,0.050290134,0.0,1,0,0,1,0
45172,-1,1,3.6953337,0.97576284,1,1,unassigned,3.0,3.0,0.0,1.0,0.0,0.0,0.001934236,0.0,1,0,0,1,1
45173,-1,1,3.5769713,0.9728002,1,1,unassigned,6.0,6.0,0.0,1.0,0.0,0.0,0.007736944,0.0,1,0,0,1,1
45174,-1,0,-0.17074883,0.45741615,0,1,unassigned,7.0,7.0,0.0,1.0,0.0,0.0,0.00967118,0.0,0,0,0,0,0
45175,-1,0,-0.54723597,0.36650592,0,1,unassigned,3.0,2.0,1.0,0.6666667,0.33333334,0.3333333,0.001934236,0.00064474536,0,0,0,0,0
45176,0,1,-0.14040413,0.46495652,0,0,unassigned,23.0,23.0,0.0,1.0,0.0,0.0,0.040618956,0.0,1,0,1,0,0
45177,-1,1,-0.08658254,0.4783679,0,1,unassigned,17.0,15.0,2.0,0.88235295,0.11764706,0.11764705,0.029013539,0.0034133575,1,0,0,0,0
45178,-1,1,0.2529754,0.5629087,1,1,unassigned,24.0,23.0,1.0,0.9583333,0.041666668,0.041666687,0.04255319,0.0017730496,1,0,0,1,0
45179,-1,1,-0.27590096,0.431459,0,1,unassigned,9.0,9.0,0.0,1.0,0.0,0.0,0.013539651,0.0,1,0,0,0,0
45180,-1,0,0.12641966,0.5315629,1,1,unassigned,7.0,7.0,0.0,1.0,0.0,0.0,0.00967118,0.0,0,0,0,1,0
45181,-1,0,-0.10694718,0.47328866,0,1,unassigned,10.0,10.0,0.0,1.0,0.0,0.0,0.015473888,0.0,0,0,0,0,0
45182,-1,1,-0.739747,0.32305947,0,1,unassigned,2.0,1.0,1.0,0.5,0.5,0.5,0.0,0.0,1,0,0,0,0
45183,0,1,-0.07699242,0.4807614,0,0,test,6.0,6.0,0.0,1.0,0.0,0.0,0.007736944,0.0,1,0,1,0,0
45184,-1,1,0.44550186,0.6095692,1,1,unassigned,35.0,34.0,1.0,0.9714286,0.028571429,0.028571427,0.06382979,0.0018237082,1,0,0,1,0
45185,-1,0,9.892076,0.99994946,1,1,unassigned,8.0,6.0,2.0,0.75,0.25,0.25,0.0116054155,0.0029013539,0,0,0,1,1
45186,-1,0,5.1783576,0.9943943,1,1,unassigned,6.0,3.0,3.0,0.5,0.5,0.5,0.007736944,0.003868472,0,0,0,1,1
45187,-1,0,9.590483,0.9999316,1,1,unassigned,3.0,3.0,0.0,1.0,0.0,0.0,0.001934236,0.0,0,0,0,1,1
45188,-1,1,1.2167032,0.7714829,1,1,unassigned,2.0,2.0,0.0,1.0,0.0,0.0,0.0,0.0,1,0,0,1,0
45189,-1,1,-0.044439554,0.488892,0,1,unassigned,3.0,3.0,0.0,1.0,0.0,0.0,0.001934236,0.0,1,0,0,0,0
45190,-1,1,-0.20627773,0.44861266,0,1,unassigned,2.0,2.0,0.0,1.0,0.0,0.0,0.0,0.0,1,0,0,0,0
45191,-1,0,3.6940386,0.9757322,1,1,unassigned,2.0,1.0,1.0,0.5,0.5,0.5,0.0,0.0,0,0,0,1,1
45192,0,0,-0.89161575,0.2907765,0,0,test,44.0,42.0,2.0,0.95454544,0.045454547,0.04545456,0.08123791,0.0036926325,0,0,1,0,0
45193,-1,0,-0.4686514,0.3849355,0,1,unassigned,28.0,27.0,1.0,0.96428573,0.035714287,0.03571427,0.050290134,0.0017960763,0,0,0,0,0
45194,0,1,-0.83794713,0.30196732,0,0,unassigned,5.0,5.0,0.0,1.0,0.0,0.0,0.0058027077,0.0,1,0,1,0,0
45195,-1,0,3.8456023,0.97907376,1,1,unassigned,2.0,2.0,0.0,1.0,0.0,0.0,0.0,0.0,0,0,0,1,1
45196,-1,1,0.34391564,0.58514136,1,1,unassigned,3.0,2.0,1.0,0.6666667,0.33333334,0.3333333,0.001934236,0.00064474536,1,0,0,1,0
45197,-1,0,0.7190605,0.6724001,1,1,unassigned,15.0,15.0,0.0,1.0,0.0,0.0,0.025145067,0.0,0,0,0,1,0
45198,-1,1,8.62888,0.99982125,1,1,unassigned,12.0,12.0,0.0,1.0,0.0,0.0,0.01934236,0.0,1,0,0,1,1
45199,-1,1,2.7037342,0.9372467,1,1,unassigned,2.0,2.0,0.0,1.0,0.0,0.0,0.0,0.0,1,0,0,1,1
45200,-1,0,-0.25989658,0.43538916,0,1,unassigned,7.0,4.0,3.0,0.5714286,0.42857143,0.4285714,0.00967118,0.0041447915,0,0,0,0,0
45201,1,1,4.891883,0.99254864,1,0,unassigned,3.0,3.0,0.0,1.0,0.0,0.0,0.001934236,0.0,1,0,1,1,1
45202,-1,0,-0.62705344,0.34817895,0,1,unassigned,69.0,69.0,0.0,1.0,0.0,0.0,0.1295938,0.0,0,0,0,0,0
45203,-1,1,5.6103177,0.9963534,1,1,unassigned,3.0,3.0,0.0,1.0,0.0,0.0,0.001934236,0.0,1,0,0,1,1
45204,-1,0,4.3450694,0.9871955,1,1,unassigned,10.0,10.0,0.0,1.0,0.0,0.0,0.015473888,0.0,0,0,0,1,1
45205,0,0,0.5776072,0.64051664,1,1,unassigned,5.0,5.0,0.0,1.0,0.0,0.0,0.0058027077,0.0,0,0,0,1,0
45206,-1,0,1.407439,0.8033617,1,1,unassigned,3.0,3.0,0.0,1.0,0.0,0.0,0.001934236,0.0,0,0,0,1,0
45207,1,0,-0.32682225,0.41901404,0,1,val,33.0,30.0,3.0,0.90909094,0.09090909,0.090909064,0.059961315,0.0054510287,0,0,0,0,0
45208,-1,1,6.58114,0.9986156,1,1,unassigned,20.0,16.0,4.0,0.8,0.2,0.19999999,0.034816246,0.0069632493,1,0,0,1,1
45209,-1,1,1.5996487,0.83196926,1,1,unassigned,4.0,3.0,1.0,0.75,0.25,0.25,0.003868472,0.000967118,1,0,0,1,0
45210,-1,1,3.4656446,0.96969426,1,1,unassigned,66.0,54.0,12.0,0.8181818,0.18181819,0.18181819,0.123791106,0.022507474,1,0,0,1,1
45211,0,1,0.30536288,0.575753,1,1,test,24.0,19.0,5.0,0.7916667,0.20833333,0.20833331,0.04255319,0.0088652475,1,0,0,1,0
45212,-1,1,0.7433587,0.67772985,1,1,unassigned,22.0,22.0,0.0,1.0,0.0,0.0,0.03868472,0.0,1,0,0,1,0
45213,-1,1,-2.3899481,0.08394241,0,1,unassigned,2.0,2.0,0.0,1.0,0.0,0.0,0.0,0.0,1,0,0,0,1
45214,1,1,-0.0888024,0.47781402,0,1,unassigned,5.0,5.0,0.0,1.0,0.0,0.0,0.0058027077,0.0,1,0,0,0,0
45215,-1,1,1.6603231,0.84028137,1,1,unassigned,16.0,14.0,2.0,0.875,0.125,0.125,0.027079303,0.0033849129,1,0,0,1,0
45216,-1,0,1.4780533,0.81427836,1,1,unassigned,6.0,6.0,0.0,1.0,0.0,0.0,0.007736944,0.0,0,0,0,1,0
45217,-1,0,6.073301,0.9977017,1,1,unassigned,8.0,6.0,2.0,0.75,0.25,0.25,0.0116054155,0.0029013539,0,0,0,1,1
45218,-1,1,-0.2649424,0.43414918,0,1,unassigned,2.0,2.0,0.0,1.0,0.0,0.0,0.0,0.0,1,0,0,0,0
45219,-1,0,1.7023492,0.8458413,1,1,unassigned,3.0,2.0,1.0,0.6666667,0.33333334,0.3333333,0.001934236,0.00064474536,0,0,0,1,0
45220,1,0,-0.20831776,0.44810805,0,1,test,6.0,6.0,0.0,1.0,0.0,0.0,0.007736944,0.0,0,0,0,0,0
45221,-1,1,0.8098596,0.6920796,1,1,unassigned,2.0,2.0,0.0,1.0,0.0,0.0,0.0,0.0,1,0,0,1,0
45222,-1,1,5.178903,0.9943974,1,1,unassigned,12.0,12.0,0.0,1.0,0.0,0.0,0.01934236,0.0,1,0,0,1,1
45223,-1,0,-0.12655711,0.46840292,0,1,unassigned,40.0,40.0,0.0,1.0,0.0,0.0,0.07350097,0.0,0,0,0,0,0
45224,-1,0,0.05693239,0.51422924,1,1,unassigned,5.0,5.0,0.0,1.0,0.0,0.0,0.0058027077,0.0,0,0,0,1,0
45225,1,0,0.09934884,0.5248168,1,0,val,2.0,2.0,0.0,1.0,0.0,0.0,0.0,0.0,0,0,1,1,0
45226,-1,1,2.1580653,0.89642,1,1,unassigned,11.0,11.0,0.0,1.0,0.0,0.0,0.017408123,0.0,1,0,0,1,0
45227,-1,1,-0.48945954,0.38002086,0,1,unassigned,15.0,14.0,1.0,0.93333334,0.06666667,0.06666666,0.025145067,0.0016763379,1,0,0,0,0
45228,-1,0,-0.5146311,0.3741085,0,1,unassigned,22.0,22.0,0.0,1.0,0.0,0.0,0.03868472,0.0,0,0,0,0,0
45229,-1,1,1.1886873,0.7665062,1,1,unassigned,10.0,10.0,0.0,1.0,0.0,0.0,0.015473888,0.0,1,0,0,1,0
45230,1,1,1.1490321,0.7593341,1,0,unassigned,4.0,4.0,0.0,1.0,0.0,0.0,0.003868472,0.0,1,0,1,1,0
45231,-1,0,-0.25579217,0.43639836,0,1,unassigned,10.0,10.0,0.0,1.0,0.0,0.0,0.015473888,0.0,0,0,0,0,0
45232,-1,0,5.9425893,0.9973816,1,1,unassigned,19.0,18.0,1.0,0.94736844,0.05263158,0.052631557,0.032882012,0.0017306323,0,0,0,1,1
45233,-1,0,-1.459015,0.188618,0,1,unassigned,19.0,19.0,0.0,1.0,0.0,0.0,0.032882012,0.0,0,0,0,0,0
45234,-1,1,5.2386613,0.9947207,1,1,unassigned,18.0,16.0,2.0,0.8888889,0.11111111,0.111111104,0.030947777,0.0034386418,1,0,0,1,1
45235,1,0,10.547795,0.9999738,1,0,unassigned,22.0,20.0,2.0,0.90909094,0.09090909,0.090909064,0.03868472,0.0035167928,0,0,1,1,1
45236,-1,1,0.4344992,0.6069475,1,1,unassigned,2.0,2.0,0.0,1.0,0.0,0.0,0.0,0.0,1,0,0,1,0
45237,-1,1,0.59812564,0.6452274,1,1,unassigned,4.0,4.0,0.0,1.0,0.0,0.0,0.003868472,0.0,1,0,0,1,0
45238,-1,0,-0.2622923,0.43480033,0,1,unassigned,3.0,2.0,1.0,0.6666667,0.33333334,0.3333333,0.001934236,0.00064474536,0,0,0,0,0
45239,-1,0,8.807449,0.9998504,1,1,unassigned,2.0,2.0,0.0,1.0,0.0,0.0,0.0,0.0,0,0,0,1,1
45240,-1,1,-0.64642,0.34379673,0,1,unassigned,11.0,10.0,1.0,0.90909094,0.09090909,0.090909064,0.017408123,0.0015825568,1,0,0,0,0
45241,-1,1,0.6117988,0.648351,1,1,unassigned,5.0,4.0,1.0,0.8,0.2,0.19999999,0.0058027077,0.0011605415,1,0,0,1,0
45242,-1,1,7.442083,0.9994143,1,1,unassigned,4.0,3.0,1.0,0.75,0.25,0.25,0.003868472,0.000967118,1,0,0,1,1
45243,-1,1,1.1176229,0.7535475,1,1,unassigned,4.0,4.0,0.0,1.0,0.0,0.0,0.003868472,0.0,1,0,0,1,0
45244,-1,0,-0.46316585,0.38623503,0,1,unassigned,48.0,44.0,4.0,0.9166667,0.083333336,0.08333331,0.088974856,0.0074145715,0,0,0,0,0
45245,0,0,1.3573811,0.7953337,1,1,test,3.0,3.0,0.0,1.0,0.0,0.0,0.001934236,0.0,0,0,0,1,0
45246,0,1,0.71624404,0.6717794,1,1,unassigned,20.0,19.0,1.0,0.95,0.05,0.050000012,0.034816246,0.0017408123,1,0,0,1,0
45247,-1,1,1.8833866,0.8679996,1,1,unassigned,6.0,6.0,0.0,1.0,0.0,0.0,0.007736944,0.0,1,0,0,1,0
45248,-1,0,1.1616311,0.761629,1,1,unassigned,2.0,1.0,1.0,0.5,0.5,0.5,0.0,0.0,0,0,0,1,0
45249,-1,1,3.0083487,0.9529499,1,1,unassigned,9.0,6.0,3.0,0.6666667,0.33333334,0.3333333,0.013539651,0.004513217,1,0,0,1,1
45250,1,0,-0.42898494,0.39436874,0,1,unassigned,13.0,13.0,0.0,1.0,0.0,0.0,0.021276595,0.0,0,0,0,0,0
45251,1,0,0.08877647,0.52217954,1,0,val,29.0,29.0,0.0,1.0,0.0,0.0,0.05222437,0.0,0,0,1,1,0
45252,0,0,-0.31931275,0.42084324,0,0,test,5.0,5.0,0.0,1.0,0.0,0.0,0.0058027077,0.0,0,0,1,0,0
45253,-1,1,6.8353066,0.998926,1,1,unassigned,16.0,14.0,2.0,0.875,0.125,0.125,0.027079303,0.0033849129,1,0,0,1,1
45254,-1,0,-0.2145448,0.4465686,0,1,unassigned,23.0,23.0,0.0,1.0,0.0,0.0,0.040618956,0.0,0,0,0,0,0
45255,0,0,-0.26471776,0.43420434,0,0,unassigned,35.0,33.0,2.0,0.94285715,0.057142857,0.057142854,0.06382979,0.0036474164,0,0,1,0,0
45256,-1,0,-0.4941556,0.37891513,0,1,unassigned,42.0,31.0,11.0,0.7380952,0.26190478,0.26190478,0.07736944,0.020263424,0,0,0,0,0
45257,-1,1,0.048946917,0.5122343,1,1,unassigned,10.0,9.0,1.0,0.9,0.1,0.100000024,0.015473888,0.0015473888,1,0,0,1,0
45258,-1,1,2.170349,0.89755505,1,1,unassigned,33.0,33.0,0.0,1.0,0.0,0.0,0.059961315,0.0,1,0,0,1,0
45259,-1,0,-0.50829506,0.3755933,0,1,unassigned,13.0,13.0,0.0,1.0,0.0,0.0,0.021276595,0.0,0,0,0,0,0
45260,-1,0,2.5921807,0.9303566,1,1,unassigned,3.0,3.0,0.0,1.0,0.0,0.0,0.001934236,0.0,0,0,0,1,1
45261,-1,0,-0.03703201,0.49074307,0,1,unassigned,24.0,23.0,1.0,0.9583333,0.041666668,0.041666687,0.04255319,0.0017730496,0,0,0,0,0
45262,-1,0,-0.35657567,0.41178876,0,1,unassigned,53.0,52.0,1.0,0.9811321,0.018867925,0.01886791,0.09864604,0.0018612461,0,0,0,0,0
45263,-1,0,5.0669456,0.9937378,1,1,unassigned,11.0,10.0,1.0,0.90909094,0.09090909,0.090909064,0.017408123,0.0015825568,0,0,0,1,1
45264,-1,0,0.8046506,0.6909684,1,1,unassigned,17.0,16.0,1.0,0.9411765,0.05882353,0.058823526,0.029013539,0.0017066788,0,0,0,1,0
45265,-1,0,0.5970462,0.64498025,1,1,unassigned,12.0,12.0,0.0,1.0,0.0,0.0,0.01934236,0.0,0,0,0,1,0
45266,-1,0,0.14479405,0.5361354,1,1,unassigned,4.0,4.0,0.0,1.0,0.0,0.0,0.003868472,0.0,0,0,0,1,0
45267,-1,0,0.6560691,0.6583768,1,1,unassigned,6.0,6.0,0.0,1.0,0.0,0.0,0.007736944,0.0,0,0,0,1,0
45268,-1,0,-0.5589743,0.3637848,0,1,unassigned,22.0,22.0,0.0,1.0,0.0,0.0,0.03868472,0.0,0,0,0,0,0
45269,-1,0,5.9416065,0.99737906,1,1,unassigned,17.0,17.0,0.0,1.0,0.0,0.0,0.029013539,0.0,0,0,0,1,1
45270,-1,1,1.2085993,0.77005106,1,1,unassigned,3.0,2.0,1.0,0.6666667,0.33333334,0.3333333,0.001934236,0.00064474536,1,0,0,1,0
45271,-1,0,-0.36022037,0.41090623,0,1,unassigned,2.0,2.0,0.0,1.0,0.0,0.0,0.0,0.0,0,0,0,0,0
45272,-1,0,6.338122,0.99823546,1,1,unassigned,2.0,2.0,0.0,1.0,0.0,0.0,0.0,0.0,0,0,0,1,1
45273,-1,0,-0.8588362,0.29758257,0,1,unassigned,30.0,30.0,0.0,1.0,0.0,0.0,0.054158606,0.0,0,0,0,0,0
45274,1,0,0.39358383,0.59714514,1,0,test,26.0,26.0,0.0,1.0,0.0,0.0,0.046421662,0.0,0,0,1,1,0
45275,-1,0,0.17321879,0.54319674,1,1,unassigned,6.0,6.0,0.0,1.0,0.0,0.0,0.007736944,0.0,0,0,0,1,0
45276,-1,0,-0.9002491,0.2889993,0,1,unassigned,52.0,52.0,0.0,1.0,0.0,0.0,0.0967118,0.0,0,0,0,0,0
45277,-1,0,0.05827999,0.5145659,1,1,unassigned,8.0,8.0,0.0,1.0,0.0,0.0,0.0116054155,0.0,0,0,0,1,0
45278,-1,0,-0.76089287,0.31845245,0,1,unassigned,59.0,59.0,0.0,1.0,0.0,0.0,0.11025145,0.0,0,0,0,0,0
45279,-1,0,-0.6032134,0.35360888,0,1,unassigned,26.0,26.0,0.0,1.0,0.0,0.0,0.046421662,0.0,0,0,0,0,0
45280,1,0,-0.30586797,0.42412367,0,1,unassigned,3.0,3.0,0.0,1.0,0.0,0.0,0.001934236,0.0,0,0,0,0,0
45281,-1,0,-0.85931206,0.2974831,0,1,unassigned,46.0,46.0,0.0,1.0,0.0,0.0,0.08510638,0.0,0,0,0,0,0
45282,-1,0,-0.38743323,0.40433535,0,1,unassigned,27.0,2.0,25.0,0.074074075,0.9259259,0.9259259,0.0483559,0.04477398,0,0,0,0,0
45283,-1,1,1.8508408,0.8642258,1,1,unassigned,10.0,10.0,0.0,1.0,0.0,0.0,0.015473888,0.0,1,0,0,1,0
45284,-1,1,-0.20694718,0.44844708,0,1,unassigned,10.0,10.0,0.0,1.0,0.0,0.0,0.015473888,0.0,1,0,0,0,0
45285,0,1,-0.41196528,0.39844102,0,0,test,4.0,4.0,0.0,1.0,0.0,0.0,0.003868472,0.0,1,0,1,0,0
45286,-1,1,0.7161816,0.6717656,1,1,unassigned,4.0,2.0,2.0,0.5,0.5,0.5,0.003868472,0.001934236,1,0,0,1,0
45287,0,0,0.016643107,0.5041607,1,1,val,25.0,24.0,1.0,0.96,0.04,0.04000002,0.044487428,0.001779497,0,0,0,1,0
45288,-1,0,-0.5234638,0.37204266,0,1,unassigned,18.0,18.0,0.0,1.0,0.0,0.0,0.030947777,0.0,0,0,0,0,0
45289,-1,1,0.04798299,0.5119934,1,1,unassigned,17.0,17.0,0.0,1.0,0.0,0.0,0.029013539,0.0,1,0,0,1,0
45290,-1,1,1.390748,0.80071163,1,1,unassigned,28.0,28.0,0.0,1.0,0.0,0.0,0.050290134,0.0,1,0,0,1,0
45291,-1,1,0.7195299,0.6725035,1,1,unassigned,4.0,4.0,0.0,1.0,0.0,0.0,0.003868472,0.0,1,0,0,1,0
45292,-1,0,-0.23749915,0.4409027,0,1,unassigned,35.0,35.0,0.0,1.0,0.0,0.0,0.06382979,0.0,0,0,0,0,0
45293,-1,0,-0.30995998,0.42312452,0,1,unassigned,5.0,5.0,0.0,1.0,0.0,0.0,0.0058027077,0.0,0,0,0,0,0
45294,0,1,-0.62970686,0.34757698,0,0,unassigned,20.0,20.0,0.0,1.0,0.0,0.0,0.034816246,0.0,1,0,1,0,0
45295,-1,0,7.010852,0.9990988,1,1,unassigned,7.0,7.0,0.0,1.0,0.0,0.0,0.00967118,0.0,0,0,0,1,1
45296,-1,0,-0.26091754,0.4351382,0,1,unassigned,3.0,3.0,0.0,1.0,0.0,0.0,0.001934236,0.0,0,0,0,0,0
45297,-1,0,-0.7704319,0.3163857,0,1,unassigned,16.0,16.0,0.0,1.0,0.0,0.0,0.027079303,0.0,0,0,0,0,0
45298,-1,0,-0.30244505,0.4249599,0,1,unassigned,65.0,65.0,0.0,1.0,0.0,0.0,0.12185687,0.0,0,0,0,0,0
45299,-1,1,1.356709,0.7952243,1,1,unassigned,7.0,7.0,0.0,1.0,0.0,0.0,0.00967118,0.0,1,0,0,1,0
45300,-1,0,0.813055,0.6927601,1,1,unassigned,8.0,4.0,4.0,0.5,0.5,0.5,0.0116054155,0.0058027077,0,0,0,1,0
45301,-1,1,0.27793878,0.56904083,1,1,unassigned,2.0,2.0,0.0,1.0,0.0,0.0,0.0,0.0,1,0,0,1,0
45302,-1,1,4.4196787,0.98810506,1,1,unassigned,17.0,17.0,0.0,1.0,0.0,0.0,0.029013539,0.0,1,0,0,1,1
45303,-1,1,8.459124,0.9997881,1,1,unassigned,2.0,2.0,0.0,1.0,0.0,0.0,0.0,0.0,1,0,0,1,1
45304,-1,1,1.9611619,0.8766586,1,1,unassigned,6.0,6.0,0.0,1.0,0.0,0.0,0.007736944,0.0,1,0,0,1,0
45305,-1,1,-0.49180663,0.37946808,0,1,unassigned,16.0,16.0,0.0,1.0,0.0,0.0,0.027079303,0.0,1,0,0,0,0
45306,-1,0,-0.033337057,0.49166653,0,1,unassigned,27.0,27.0,0.0,1.0,0.0,0.0,0.0483559,0.0,0,0,0,0,0
45307,-1,1,0.13125145,0.53276587,1,1,unassigned,8.0,8.0,0.0,1.0,0.0,0.0,0.0116054155,0.0,1,0,0,1,0
45308,-1,0,-0.21942294,0.44536328,0,1,unassigned,2.0,2.0,0.0,1.0,0.0,0.0,0.0,0.0,0,0,0,0,0
45309,1,1,-0.82155085,0.30543455,0,1,test,79.0,77.0,2.0,0.9746835,0.025316456,0.025316477,0.14893617,0.003770536,1,0,0,0,0
45310,-1,0,2.0530276,0.8862532,1,1,unassigned,2.0,2.0,0.0,1.0,0.0,0.0,0.0,0.0,0,0,0,1,0
45311,1,0,-0.69820726,0.3322098,0,1,unassigned,47.0,43.0,4.0,0.9148936,0.08510638,0.08510637,0.08704062,0.007407712,0,0,0,0,0
45312,-1,1,4.521788,0.98924726,1,1,unassigned,2.0,2.0,0.0,1.0,0.0,0.0,0.0,0.0,1,0,0,1,1
45313,0,1,-0.07335377,0.48166975,0,0,unassigned,4.0,4.0,0.0,1.0,0.0,0.0,0.003868472,0.0,1,0,1,0,0
45314,-1,1,1.794431,0.8574697,1,1,unassigned,55.0,50.0,5.0,0.90909094,0.09090909,0.090909064,0.102514505,0.009319501,1,0,0,1,0
45315,-1,1,11.2262125,0.99998665,1,1,unassigned,6.0,6.0,0.0,1.0,0.0,0.0,0.007736944,0.0,1,0,0,1,1
45316,-1,1,4.696798,0.9909581,1,1,unassigned,9.0,7.0,2.0,0.7777778,0.22222222,0.22222221,0.013539651,0.0030088115,1,0,0,1,1
45317,-1,0,0.7662496,0.68270904,1,1,unassigned,2.0,1.0,1.0,0.5,0.5,0.5,0.0,0.0,0,0,0,1,0
45318,-1,0,0.7465032,0.6784163,1,1,unassigned,2.0,2.0,0.0,1.0,0.0,0.0,0.0,0.0,0,0,0,1,0
45319,-1,1,1.3709002,0.7975255,1,1,unassigned,2.0,2.0,0.0,1.0,0.0,0.0,0.0,0.0,1,0,0,1,0
45320,-1,1,4.0957513,0.98362917,1,1,unassigned,3.0,2.0,1.0,0.6666667,0.33333334,0.3333333,0.001934236,0.00064474536,1,0,0,1,1
45321,-1,0,0.83067995,0.6964987,1,1,unassigned,10.0,10.0,0.0,1.0,0.0,0.0,0.015473888,0.0,0,0,0,1,0
45322,-1,1,0.5496792,0.6340612,1,1,unassigned,58.0,40.0,18.0,0.6896552,0.31034482,0.31034482,0.10831721,0.033615686,1,0,0,1,0
45323,-1,1,0.6573499,0.6586648,1,1,unassigned,101.0,72.0,29.0,0.7128713,0.28712872,0.2871287,0.19148937,0.054982096,1,0,0,1,0
45324,-1,0,0.40289325,0.5993826,1,1,unassigned,37.0,35.0,2.0,0.9459459,0.054054055,0.05405408,0.06769826,0.0036593657,0,0,0,1,0
45325,-1,0,-0.21738052,0.44586787,0,1,unassigned,4.0,4.0,0.0,1.0,0.0,0.0,0.003868472,0.0,0,0,0,0,0
45326,-1,0,-0.27634233,0.43135068,0,1,unassigned,4.0,4.0,0.0,1.0,0.0,0.0,0.003868472,0.0,0,0,0,0,0
45327,-1,1,1.7299426,0.84940505,1,1,unassigned,39.0,38.0,1.0,0.974359,0.025641026,0.025641024,0.07156673,0.0018350444,1,0,0,1,0
45328,-1,0,-0.5820833,0.35845336,0,1,unassigned,26.0,26.0,0.0,1.0,0.0,0.0,0.046421662,0.0,0,0,0,0,0
45329,-1,0,-0.30397335,0.42458645,0,1,unassigned,24.0,24.0,0.0,1.0,0.0,0.0,0.04255319,0.0,0,0,0,0,0
45330,-1,0,-0.2675404,0.43351102,0,1,unassigned,15.0,15.0,0.0,1.0,0.0,0.0,0.025145067,0.0,0,0,0,0,0
45331,-1,1,-0.8690074,0.29546088,0,1,unassigned,38.0,36.0,2.0,0.94736844,0.05263158,0.052631557,0.06963249,0.0036648682,1,0,0,0,0
45332,-1,1,0.11452383,0.52859974,1,1,unassigned,3.0,3.0,0.0,1.0,0.0,0.0,0.001934236,0.0,1,0,0,1,0
45333,-1,0,-0.83641577,0.3022902,0,1,unassigned,3.0,3.0,0.0,1.0,0.0,0.0,0.001934236,0.0,0,0,0,0,0
45334,-1,1,-0.49247953,0.3793096,0,1,unassigned,3.0,3.0,0.0,1.0,0.0,0.0,0.001934236,0.0,1,0,0,0,0
45335,-1,0,0.062280655,0.5155651,1,1,unassigned,2.0,2.0,0.0,1.0,0.0,0.0,0.0,0.0,0,0,0,1,0
45336,-1,0,8.920334,0.99986637,1,1,unassigned,2.0,2.0,0.0,1.0,0.0,0.0,0.0,0.0,0,0,0,1,1
45337,-1,1,0.77682954,0.6849964,1,1,unassigned,4.0,4.0,0.0,1.0,0.0,0.0,0.003868472,0.0,1,0,0,1,0
45338,-1,1,-0.728673,0.325486,0,1,unassigned,48.0,48.0,0.0,1.0,0.0,0.0,0.088974856,0.0,1,0,0,0,0
45339,-1,1,-0.16905093,0.45783767,0,1,unassigned,3.0,3.0,0.0,1.0,0.0,0.0,0.001934236,0.0,1,0,0,0,0
45340,-1,0,-0.29630405,0.42646122,0,1,unassigned,23.0,20.0,3.0,0.8695652,0.13043478,0.13043481,0.040618956,0.0052981246,0,0,0,0,0
45341,-1,0,0.74975175,0.6791246,1,1,unassigned,14.0,14.0,0.0,1.0,0.0,0.0,0.023210831,0.0,0,0,0,1,0
45342,1,0,-0.50110114,0.37728193,0,1,unassigned,19.0,16.0,3.0,0.84210527,0.15789473,0.15789473,0.032882012,0.0051918966,0,0,0,0,0
45343,-1,0,0.4395042,0.6081409,1,1,unassigned,35.0,31.0,4.0,0.8857143,0.114285715,0.11428571,0.06382979,0.0072948327,0,0,0,1,0
45344,-1,0,2.562373,0.9284004,1,1,unassigned,3.0,3.0,0.0,1.0,0.0,0.0,0.001934236,0.0,0,0,0,1,1
45345,-1,0,0.085425615,0.5213434,1,1,unassigned,32.0,32.0,0.0,1.0,0.0,0.0,0.058027077,0.0,0,0,0,1,0
45346,-1,0,0.40911543,0.6008758,1,1,unassigned,17.0,17.0,0.0,1.0,0.0,0.0,0.029013539,0.0,0,0,0,1,0
45347,-1,1,0.6872594,0.665357,1,1,unassigned,2.0,2.0,0.0,1.0,0.0,0.0,0.0,0.0,1,0,0,1,0
45348,1,0,-0.5120416,0.37471506,0,1,unassigned,30.0,26.0,4.0,0.8666667,0.13333334,0.13333333,0.054158606,0.007221148,0,0,0,0,0
45349,-1,1,-0.70250666,0.3312567,0,1,unassigned,43.0,37.0,6.0,0.8604651,0.13953489,0.13953489,0.079303674,0.011065629,1,0,0,0,0
45350,-1,1,-0.7738175,0.3156539,0,1,unassigned,41.0,38.0,3.0,0.9268293,0.07317073,0.07317072,0.07543521,0.005519649,1,0,0,0,0
45351,-1,0,-0.59930867,0.3545019,0,1,unassigned,11.0,11.0,0.0,1.0,0.0,0.0,0.017408123,0.0,0,0,0,0,0
45352,-1,0,3.8052351,0.9782305,1,1,unassigned,5.0,5.0,0.0,1.0,0.0,0.0,0.0058027077,0.0,0,0,0,1,1
45353,-1,1,-0.44401228,0.39078534,0,1,unassigned,27.0,26.0,1.0,0.962963,0.037037037,0.037037015,0.0483559,0.0017909593,1,0,0,0,0
45354,-1,1,2.6965427,0.93682235,1,1,unassigned,7.0,6.0,1.0,0.85714287,0.14285715,0.14285713,0.00967118,0.0013815971,1,0,0,1,1
45355,-1,1,4.3040996,0.9866671,1,1,unassigned,8.0,6.0,2.0,0.75,0.25,0.25,0.0116054155,0.0029013539,1,0,0,1,1
45356,-1,1,0.40523666,0.5999452,1,1,unassigned,61.0,61.0,0.0,1.0,0.0,0.0,0.114119925,0.0,1,0,0,1,0
45357,-1,1,2.799652,0.94265705,1,1,unassigned,42.0,40.0,2.0,0.95238096,0.04761905,0.047619045,0.07736944,0.003684259,1,0,0,1,1
45358,-1,1,9.83566,0.9999465,1,1,unassigned,5.0,4.0,1.0,0.8,0.2,0.19999999,0.0058027077,0.0011605415,1,0,0,1,1
45359,-1,1,-0.76796025,0.3169205,0,1,unassigned,23.0,21.0,2.0,0.9130435,0.08695652,0.0869565,0.040618956,0.0035320832,1,0,0,0,0
45360,-1,1,-0.7190475,0.32760277,0,1,unassigned,7.0,5.0,2.0,0.71428573,0.2857143,0.28571427,0.00967118,0.0027631943,1,0,0,0,0
45361,-1,1,-0.6760203,0.33715013,0,1,unassigned,10.0,8.0,2.0,0.8,0.2,0.19999999,0.015473888,0.0030947777,1,0,0,0,0
45362,-1,1,1.0535192,0.74145013,1,1,unassigned,2.0,1.0,1.0,0.5,0.5,0.5,0.0,0.0,1,0,0,1,0
45363,-1,1,-0.2120049,0.44719636,0,1,unassigned,28.0,21.0,7.0,0.75,0.25,0.25,0.050290134,0.012572533,1,0,0,0,0
45364,-1,0,-0.5871593,0.35728693,0,1,unassigned,12.0,7.0,5.0,0.5833333,0.41666666,0.4166667,0.01934236,0.008059316,0,0,0,0,0
45365,-1,0,0.10409403,0.526,1,1,unassigned,5.0,5.0,0.0,1.0,0.0,0.0,0.0058027077,0.0,0,0,0,1,0
45366,-1,1,-0.49971217,0.37760833,0,1,unassigned,34.0,27.0,7.0,0.7941176,0.20588236,0.20588237,0.061895553,0.012743202,1,0,0,0,0
45367,-1,1,5.2209973,0.99462706,1,1,unassigned,2.0,2.0,0.0,1.0,0.0,0.0,0.0,0.0,1,0,0,1,1
45368,-1,0,3.4986718,0.9706499,1,1,unassigned,9.0,7.0,2.0,0.7777778,0.22222222,0.22222221,0.013539651,0.0030088115,0,0,0,1,1
45369,1,0,3.5330112,0.97161263,1,0,unassigned,2.0,2.0,0.0,1.0,0.0,0.0,0.0,0.0,0,0,1,1,1
45370,0,1,-0.24462873,0.43914598,0,0,val,60.0,58.0,2.0,0.96666664,0.033333335,0.03333336,0.11218569,0.003739523,1,0,1,0,0
45371,-1,0,0.3167501,0.57853204,1,1,unassigned,2.0,2.0,0.0,1.0,0.0,0.0,0.0,0.0,0,0,0,1,0
45372,1,1,-0.63975954,0.34530088,0,1,unassigned,43.0,34.0,9.0,0.7906977,0.20930232,0.2093023,0.079303674,0.016598443,1,0,0,0,0
45373,-1,1,-0.26672804,0.4337105,0,1,unassigned,5.0,4.0,1.0,0.8,0.2,0.19999999,0.0058027077,0.0011605415,1,0,0,0,0
45374,-1,1,0.55907184,0.6362378,1,1,unassigned,6.0,6.0,0.0,1.0,0.0,0.0,0.007736944,0.0,1,0,0,1,0
45375,-1,1,-0.40127873,0.40100518,0,1,unassigned,19.0,17.0,2.0,0.8947368,0.10526316,0.10526317,0.032882012,0.0034612645,1,0,0,0,0
45376,-1,0,4.171641,0.9848075,1,1,unassigned,2.0,2.0,0.0,1.0,0.0,0.0,0.0,0.0,0,0,0,1,1
45377,0,1,-0.068211675,0.4829537,0,0,unassigned,24.0,23.0,1.0,0.9583333,0.041666668,0.041666687,0.04255319,0.0017730496,1,0,1,0,0
45378,-1,0,4.7299495,0.9912503,1,1,unassigned,3.0,3.0,0.0,1.0,0.0,0.0,0.001934236,0.0,0,0,0,1,1
45379,-1,1,6.0680423,0.9976896,1,1,unassigned,5.0,4.0,1.0,0.8,0.2,0.19999999,0.0058027077,0.0011605415,1,0,0,1,1
45380,1,1,3.9718525,0.9815098,1,0,unassigned,2.0,2.0,0.0,1.0,0.0,0.0,0.0,0.0,1,0,1,1,1
45381,-1,1,0.644352,0.65573657,1,1,unassigned,28.0,28.0,0.0,1.0,0.0,0.0,0.050290134,0.0,1,0,0,1,0
45382,-1,1,-0.5520936,0.36537883,0,1,unassigned,32.0,31.0,1.0,0.96875,0.03125,0.03125,0.058027077,0.0018133462,1,0,0,0,0
45383,-1,1,-0.9650881,0.27586064,0,1,unassigned,12.0,12.0,0.0,1.0,0.0,0.0,0.01934236,0.0,1,0,0,0,0
45384,-1,1,0.77575237,0.6847639,1,1,unassigned,8.0,8.0,0.0,1.0,0.0,0.0,0.0116054155,0.0,1,0,0,1,0
45385,0,1,2.3331115,0.91158247,1,1,unassigned,17.0,15.0,2.0,0.88235295,0.11764706,0.11764705,0.029013539,0.0034133575,1,0,0,1,1
45386,-1,1,3.5022733,0.97075236,1,1,unassigned,3.0,3.0,0.0,1.0,0.0,0.0,0.001934236,0.0,1,0,0,1,1
45387,-1,0,3.0097115,0.9530109,1,1,unassigned,2.0,2.0,0.0,1.0,0.0,0.0,0.0,0.0,0,0,0,1,1
45388,-1,0,-0.42445046,0.39545232,0,1,unassigned,31.0,31.0,0.0,1.0,0.0,0.0,0.056092843,0.0,0,0,0,0,0
45389,-1,0,-0.5905241,0.35651463,0,1,unassigned,56.0,54.0,2.0,0.96428573,0.035714287,0.03571427,0.10444874,0.0037303125,0,0,0,0,0
45390,-1,0,0.047772408,0.51194084,1,1,unassigned,25.0,25.0,0.0,1.0,0.0,0.0,0.044487428,0.0,0,0,0,1,0
45391,-1,0,0.592827,0.6440135,1,1,unassigned,31.0,30.0,1.0,0.9677419,0.032258064,0.032258093,0.056092843,0.0018094465,0,0,0,1,0
45392,-1,0,1.0977879,0.7498454,1,1,unassigned,14.0,14.0,0.0,1.0,0.0,0.0,0.023210831,0.0,0,0,0,1,0
45393,-1,0,-0.30359778,0.42467824,0,1,unassigned,32.0,32.0,0.0,1.0,0.0,0.0,0.058027077,0.0,0,0,0,0,0
45394,-1,0,4.0787377,0.983353,1,1,unassigned,11.0,10.0,1.0,0.90909094,0.09090909,0.090909064,0.017408123,0.0015825568,0,0,0,1,1
45395,-1,0,-0.46050096,0.38686696,0,1,unassigned,5.0,4.0,1.0,0.8,0.2,0.19999999,0.0058027077,0.0011605415,0,0,0,0,0
45396,-1,1,1.0499904,0.740773,1,1,unassigned,2.0,2.0,0.0,1.0,0.0,0.0,0.0,0.0,1,0,0,1,0
45397,-1,1,-0.5199723,0.3728587,0,1,unassigned,75.0,70.0,5.0,0.93333334,0.06666667,0.06666666,0.14119923,0.009413282,1,0,0,0,0
45398,-1,0,-0.18617365,0.45359057,0,1,unassigned,36.0,18.0,18.0,0.5,0.5,0.5,0.065764025,0.032882012,0,0,0,0,0
45399,-1,1,-0.40573317,0.3999357,0,1,unassigned,20.0,18.0,2.0,0.9,0.1,0.100000024,0.034816246,0.0034816246,1,0,0,0,0
45400,-1,1,-0.008600891,0.49784982,0,1,unassigned,19.0,18.0,1.0,0.94736844,0.05263158,0.052631557,0.032882012,0.0017306323,1,0,0,0,0
45401,-1,1,1.4619081,0.8118244,1,1,unassigned,3.0,3.0,0.0,1.0,0.0,0.0,0.001934236,0.0,1,0,0,1,0
45402,-1,1,2.4315588,0.9192024,1,1,unassigned,3.0,3.0,0.0,1.0,0.0,0.0,0.001934236,0.0,1,0,0,1,1
45403,-1,1,1.113086,0.75270396,1,1,unassigned,2.0,2.0,0.0,1.0,0.0,0.0,0.0,0.0,1,0,0,1,0
45404,1,0,-0.4414757,0.3913894,0,1,unassigned,11.0,11.0,0.0,1.0,0.0,0.0,0.017408123,0.0,0,0,0,0,0
45405,-1,0,-0.8893037,0.29125354,0,1,unassigned,2.0,2.0,0.0,1.0,0.0,0.0,0.0,0.0,0,0,0,0,0
45406,-1,1,1.0784976,0.74620956,1,1,unassigned,4.0,4.0,0.0,1.0,0.0,0.0,0.003868472,0.0,1,0,0,1,0
45407,-1,0,0.08982849,0.52244204,1,1,unassigned,9.0,9.0,0.0,1.0,0.0,0.0,0.013539651,0.0,0,0,0,1,0
45408,-1,0,-0.115838945,0.47107258,0,1,unassigned,4.0,4.0,0.0,1.0,0.0,0.0,0.003868472,0.0,0,0,0,0,0
45409,0,0,-0.06427175,0.4839376,0,0,unassigned,30.0,30.0,0.0,1.0,0.0,0.0,0.054158606,0.0,0,0,1,0,0
45410,-1,0,4.9596505,0.9930335,1,1,unassigned,3.0,3.0,0.0,1.0,0.0,0.0,0.001934236,0.0,0,0,0,1,1
45411,-1,1,4.2035174,0.9852771,1,1,unassigned,3.0,3.0,0.0,1.0,0.0,0.0,0.001934236,0.0,1,0,0,1,1
45412,-1,1,6.974961,0.99906594,1,1,unassigned,4.0,3.0,1.0,0.75,0.25,0.25,0.003868472,0.000967118,1,0,0,1,1
45413,-1,1,2.0012228,0.8809254,1,1,unassigned,5.0,4.0,1.0,0.8,0.2,0.19999999,0.0058027077,0.0011605415,1,0,0,1,0
45414,1,1,1.4661827,0.81247646,1,0,val,2.0,2.0,0.0,1.0,0.0,0.0,0.0,0.0,1,0,1,1,0
45415,-1,0,2.1641414,0.89698285,1,1,unassigned,7.0,7.0,0.0,1.0,0.0,0.0,0.00967118,0.0,0,0,0,1,0
45416,-1,1,4.2507734,0.985947,1,1,unassigned,4.0,4.0,0.0,1.0,0.0,0.0,0.003868472,0.0,1,0,0,1,1
45417,-1,1,5.697947,0.9966583,1,1,unassigned,5.0,5.0,0.0,1.0,0.0,0.0,0.0058027077,0.0,1,0,0,1,1
45418,-1,0,-1.3044053,0.21342453,0,1,unassigned,4.0,4.0,0.0,1.0,0.0,0.0,0.003868472,0.0,0,0,0,0,0
45419,0,1,-0.56200093,0.3630846,0,0,unassigned,45.0,41.0,4.0,0.9111111,0.08888889,0.08888888,0.08317215,0.0073930803,1,0,1,0,0
45420,-1,1,0.06360501,0.5158959,1,1,unassigned,4.0,4.0,0.0,1.0,0.0,0.0,0.003868472,0.0,1,0,0,1,0
45421,-1,1,5.9334474,0.99735767,1,1,unassigned,3.0,3.0,0.0,1.0,0.0,0.0,0.001934236,0.0,1,0,0,1,1
45422,-1,1,0.19199038,0.5478507,1,1,unassigned,11.0,10.0,1.0,0.90909094,0.09090909,0.090909064,0.017408123,0.0015825568,1,0,0,1,0
45423,0,0,-0.2891075,0.42822242,0,0,unassigned,20.0,20.0,0.0,1.0,0.0,0.0,0.034816246,0.0,0,0,1,0,0
45424,-1,1,0.5601216,0.6364807,1,1,unassigned,57.0,56.0,1.0,0.98245615,0.01754386,0.017543852,0.10638298,0.0018663681,1,0,0,1,0
45425,-1,1,-0.43426847,0.39310753,0,1,unassigned,55.0,53.0,2.0,0.96363634,0.036363635,0.03636366,0.102514505,0.0037278,1,0,0,0,0
45426,-1,0,3.58592,0.97303605,1,1,unassigned,3.0,3.0,0.0,1.0,0.0,0.0,0.001934236,0.0,0,0,0,1,1
45427,-1,1,2.230251,0.9029334,1,1,unassigned,27.0,27.0,0.0,1.0,0.0,0.0,0.0483559,0.0,1,0,0,1,1
45428,1,0,-0.23161921,0.44235268,0,1,unassigned,44.0,38.0,6.0,0.8636364,0.13636364,0.13636363,0.08123791,0.011077898,0,0,0,0,0
45429,-1,1,2.890444,0.947372,1,1,unassigned,9.0,9.0,0.0,1.0,0.0,0.0,0.013539651,0.0,1,0,0,1,1
45430,-1,1,-0.15378451,0.46162948,0,1,unassigned,8.0,8.0,0.0,1.0,0.0,0.0,0.0116054155,0.0,1,0,0,0,0
45431,-1,1,1.9887421,0.87960994,1,1,unassigned,40.0,39.0,1.0,0.975,0.025,0.024999976,0.07350097,0.0018375242,1,0,0,1,0
45432,-1,0,4.6291413,0.9903313,1,1,unassigned,2.0,2.0,0.0,1.0,0.0,0.0,0.0,0.0,0,0,0,1,1
45433,-1,1,6.8954425,0.99898857,1,1,unassigned,2.0,2.0,0.0,1.0,0.0,0.0,0.0,0.0,1,0,0,1,1
45434,-1,1,-0.37443975,0.40746868,0,1,unassigned,33.0,33.0,0.0,1.0,0.0,0.0,0.059961315,0.0,1,0,0,0,0
45435,-1,1,-0.07085195,0.48229438,0,1,unassigned,10.0,10.0,0.0,1.0,0.0,0.0,0.015473888,0.0,1,0,0,0,0
45436,1,1,1.3228621,0.7896575,1,0,test,18.0,17.0,1.0,0.9444444,0.055555556,0.055555582,0.030947777,0.0017193209,1,0,1,1,0
45437,-1,1,2.0144913,0.88231015,1,1,unassigned,10.0,9.0,1.0,0.9,0.1,0.100000024,0.015473888,0.0015473888,1,0,0,1,0
45438,-1,0,-0.744293,0.3220661,0,1,unassigned,25.0,25.0,0.0,1.0,0.0,0.0,0.044487428,0.0,0,0,0,0,0
45439,-1,0,0.2572766,0.56396675,1,1,unassigned,6.0,6.0,0.0,1.0,0.0,0.0,0.007736944,0.0,0,0,0,1,0
45440,-1,1,-0.017760098,0.49556014,0,1,unassigned,28.0,25.0,3.0,0.89285713,0.10714286,0.107142866,0.050290134,0.0053882287,1,0,0,0,0
45441,-1,1,-0.76915014,0.31666297,0,1,unassigned,57.0,54.0,3.0,0.94736844,0.05263158,0.052631557,0.10638298,0.0055991043,1,0,0,0,0
45442,0,0,0.00693959,0.5017349,1,1,val,26.0,25.0,1.0,0.96153843,0.03846154,0.038461566,0.046421662,0.0017854486,0,0,0,1,0
45443,-1,1,2.220218,0.90205044,1,1,unassigned,47.0,47.0,0.0,1.0,0.0,0.0,0.08704062,0.0,1,0,0,1,1
45444,-1,1,-0.5245754,0.371783,0,1,unassigned,37.0,37.0,0.0,1.0,0.0,0.0,0.06769826,0.0,1,0,0,0,0
45445,-1,0,-0.5980682,0.3547858,0,1,unassigned,37.0,36.0,1.0,0.972973,0.027027028,0.02702701,0.06769826,0.0018296828,0,0,0,0,0
45446,-1,0,-0.7606889,0.31849673,0,1,unassigned,2.0,2.0,0.0,1.0,0.0,0.0,0.0,0.0,0,0,0,0,0
45447,-1,1,0.8125784,0.6926587,1,1,unassigned,12.0,12.0,0.0,1.0,0.0,0.0,0.01934236,0.0,1,0,0,1,0
45448,-1,0,-0.22105613,0.44495988,0,1,unassigned,23.0,21.0,2.0,0.9130435,0.08695652,0.0869565,0.040618956,0.0035320832,0,0,0,0,0
45449,-1,1,0.49171072,0.6205093,1,1,unassigned,93.0,86.0,7.0,0.9247312,0.07526882,0.075268805,0.17601547,0.013248476,1,0,0,1,0
45450,-1,0,0.82360023,0.69500005,1,1,unassigned,42.0,40.0,2.0,0.95238096,0.04761905,0.047619045,0.07736944,0.003684259,0,0,0,1,0
45451,-1,1,1.6771588,0.842528,1,1,unassigned,10.0,9.0,1.0,0.9,0.1,0.100000024,0.015473888,0.0015473888,1,0,0,1,0
45452,-1,0,1.9649389,0.87706643,1,1,unassigned,21.0,21.0,0.0,1.0,0.0,0.0,0.036750484,0.0,0,0,0,1,0
45453,-1,0,-0.361994,0.41047692,0,1,unassigned,5.0,5.0,0.0,1.0,0.0,0.0,0.0058027077,0.0,0,0,0,0,0
45454,0,0,-0.23787141,0.44081098,0,0,unassigned,22.0,22.0,0.0,1.0,0.0,0.0,0.03868472,0.0,0,0,1,0,0
45455,0,0,-0.33423477,0.41721058,0,0,train,49.0,48.0,1.0,0.97959185,0.020408163,0.020408154,0.09090909,0.0018552876,0,0,1,0,0
45456,1,0,-0.10277414,0.47432905,0,1,unassigned,8.0,8.0,0.0,1.0,0.0,0.0,0.0116054155,0.0,0,0,0,0,0
45457,-1,1,1.7915194,0.8571135,1,1,unassigned,6.0,4.0,2.0,0.6666667,0.33333334,0.3333333,0.007736944,0.0025789815,1,0,0,1,0
45458,-1,1,-0.6781131,0.3366826,0,1,unassigned,58.0,58.0,0.0,1.0,0.0,0.0,0.10831721,0.0,1,0,0,0,0
45459,1,1,2.8518493,0.9454142,1,0,unassigned,32.0,30.0,2.0,0.9375,0.0625,0.0625,0.058027077,0.0036266923,1,0,1,1,1
45460,-1,1,0.4475618,0.6100594,1,1,unassigned,74.0,73.0,1.0,0.9864865,0.013513514,0.013513505,0.13926499,0.0018819593,1,0,0,1,0
45461,-1,1,3.9423697,0.9809671,1,1,unassigned,10.0,10.0,0.0,1.0,0.0,0.0,0.015473888,0.0,1,0,0,1,1
45462,-1,1,0.1851787,0.54616284,1,1,unassigned,24.0,24.0,0.0,1.0,0.0,0.0,0.04255319,0.0,1,0,0,1,0
45463,-1,1,-0.34998164,0.41338685,0,1,unassigned,33.0,33.0,0.0,1.0,0.0,0.0,0.059961315,0.0,1,0,0,0,0
45464,-1,1,0.07438433,0.5185875,1,1,unassigned,12.0,12.0,0.0,1.0,0.0,0.0,0.01934236,0.0,1,0,0,1,0
45465,-1,0,-0.8582722,0.29770046,0,1,unassigned,22.0,22.0,0.0,1.0,0.0,0.0,0.03868472,0.0,0,0,0,0,0
45466,-1,1,0.28083873,0.56975186,1,1,unassigned,34.0,33.0,1.0,0.9705882,0.029411765,0.029411793,0.061895553,0.0018204574,1,0,0,1,0
45467,-1,1,6.3951855,0.9983333,1,1,unassigned,32.0,27.0,5.0,0.84375,0.15625,0.15625,0.058027077,0.009066731,1,0,0,1,1
45468,0,0,-0.1495024,0.46269384,0,0,unassigned,24.0,24.0,0.0,1.0,0.0,0.0,0.04255319,0.0,0,0,1,0,0
45469,-1,1,-0.5971677,0.35499197,0,1,unassigned,50.0,49.0,1.0,0.98,0.02,0.01999998,0.092843324,0.0018568664,1,0,0,0,0
45470,-1,0,-0.6703149,0.33842632,0,1,unassigned,5.0,4.0,1.0,0.8,0.2,0.19999999,0.0058027077,0.0011605415,0,0,0,0,0
45471,-1,0,0.2584203,0.5642479,1,1,unassigned,22.0,22.0,0.0,1.0,0.0,0.0,0.03868472,0.0,0,0,0,1,0
45472,-1,0,0.068721,0.5171735,1,1,unassigned,13.0,13.0,0.0,1.0,0.0,0.0,0.021276595,0.0,0,0,0,1,0
45473,-1,0,0.32112402,0.5795981,1,1,unassigned,22.0,22.0,0.0,1.0,0.0,0.0,0.03868472,0.0,0,0,0,1,0
45474,-1,1,-0.46366203,0.38611743,0,1,unassigned,58.0,52.0,6.0,0.8965517,0.10344828,0.10344827,0.10831721,0.011205229,1,0,0,0,0
45475,-1,0,3.6219923,0.97396654,1,1,unassigned,2.0,2.0,0.0,1.0,0.0,0.0,0.0,0.0,0,0,0,1,1
45476,-1,1,1.774235,0.85498357,1,1,unassigned,3.0,3.0,0.0,1.0,0.0,0.0,0.001934236,0.0,1,0,0,1,0
45477,-1,0,2.5096378,0.92481476,1,1,unassigned,12.0,12.0,0.0,1.0,0.0,0.0,0.01934236,0.0,0,0,0,1,1
45478,-1,1,-0.61438423,0.35105976,0,1,unassigned,11.0,11.0,0.0,1.0,0.0,0.0,0.017408123,0.0,1,0,0,0,0
45479,-1,0,-0.22897792,0.44300434,0,1,unassigned,14.0,14.0,0.0,1.0,0.0,0.0,0.023210831,0.0,0,0,0,0,0
45480,-1,0,0.16295868,0.5406498,1,1,unassigned,23.0,23.0,0.0,1.0,0.0,0.0,0.040618956,0.0,0,0,0,1,0
45481,-1,1,4.8974757,0.99258995,1,1,unassigned,12.0,9.0,3.0,0.75,0.25,0.25,0.01934236,0.00483559,1,0,0,1,1
45482,-1,1,13.72749,0.9999989,1,1,unassigned,3.0,3.0,0.0,1.0,0.0,0.0,0.001934236,0.0,1,0,0,1,1
45483,-1,0,-0.8061937,0.30870217,0,1,unassigned,26.0,26.0,0.0,1.0,0.0,0.0,0.046421662,0.0,0,0,0,0,0
45484,-1,1,0.19426566,0.54841423,1,1,unassigned,4.0,4.0,0.0,1.0,0.0,0.0,0.003868472,0.0,1,0,0,1,0
45485,-1,0,0.20981413,0.55226195,1,1,unassigned,5.0,5.0,0.0,1.0,0.0,0.0,0.0058027077,0.0,0,0,0,1,0
45486,-1,0,-0.15536234,0.46123737,0,1,unassigned,2.0,2.0,0.0,1.0,0.0,0.0,0.0,0.0,0,0,0,0,0
45487,0,0,-0.5406976,0.3680253,0,0,test,76.0,75.0,1.0,0.9868421,0.013157895,0.013157904,0.14313346,0.0018833351,0,0,1,0,0
45488,1,0,0.89229625,0.7093638,1,0,unassigned,3.0,3.0,0.0,1.0,0.0,0.0,0.001934236,0.0,0,0,1,1,0
45489,-1,1,14.269434,0.9999994,1,1,unassigned,2.0,2.0,0.0,1.0,0.0,0.0,0.0,0.0,1,0,0,1,1
45490,-1,0,1.5349958,0.8227361,1,1,unassigned,3.0,3.0,0.0,1.0,0.0,0.0,0.001934236,0.0,0,0,0,1,0
45491,-1,0,-0.05599618,0.48600456,0,1,unassigned,6.0,5.0,1.0,0.8333333,0.16666667,0.16666669,0.007736944,0.0012894907,0,0,0,0,0
45492,-1,1,-0.6442437,0.34428784,0,1,unassigned,51.0,48.0,3.0,0.9411765,0.05882353,0.058823526,0.09477756,0.0055751507,1,0,0,0,0
45493,-1,1,-0.5452405,0.36696935,0,1,unassigned,19.0,16.0,3.0,0.84210527,0.15789473,0.15789473,0.032882012,0.0051918966,1,0,0,0,0
45494,-1,1,-0.7373483,0.32358426,0,1,unassigned,15.0,12.0,3.0,0.8,0.2,0.19999999,0.025145067,0.0050290134,1,0,0,0,0
45495,-1,1,-0.20938605,0.4478439,0,1,unassigned,3.0,2.0,1.0,0.6666667,0.33333334,0.3333333,0.001934236,0.00064474536,1,0,0,0,0
45496,-1,0,-0.42940348,0.3942688,0,1,unassigned,5.0,5.0,0.0,1.0,0.0,0.0,0.0058027077,0.0,0,0,0,0,0
45497,-1,1,2.2163184,0.9017053,1,1,unassigned,7.0,7.0,0.0,1.0,0.0,0.0,0.00967118,0.0,1,0,0,1,1
45498,-1,0,-0.5323732,0.36996353,0,1,unassigned,17.0,17.0,0.0,1.0,0.0,0.0,0.029013539,0.0,0,0,0,0,0
45499,1,1,3.2034595,0.96096426,1,0,val,3.0,3.0,0.0,1.0,0.0,0.0,0.001934236,0.0,1,0,1,1,1
45500,-1,1,5.183625,0.9944237,1,1,unassigned,6.0,1.0,5.0,0.16666667,0.8333333,0.8333333,0.007736944,0.0064474535,1,1,0,1,1
45501,-1,0,-0.16569716,0.45867023,0,1,unassigned,2.0,2.0,0.0,1.0,0.0,0.0,0.0,0.0,0,0,0,0,0
45502,-1,0,-0.61364466,0.35122827,0,1,unassigned,63.0,63.0,0.0,1.0,0.0,0.0,0.11798839,0.0,0,0,0,0,0
45503,-1,0,10.357716,0.9999683,1,1,unassigned,68.0,63.0,5.0,0.9264706,0.073529415,0.07352942,0.12765957,0.009386734,0,0,0,1,1
45504,0,1,-0.32368326,0.4197784,0,0,test,32.0,30.0,2.0,0.9375,0.0625,0.0625,0.058027077,0.0036266923,1,0,1,0,0
45505,0,1,-0.2141132,0.44667527,0,0,unassigned,32.0,31.0,1.0,0.96875,0.03125,0.03125,0.058027077,0.0018133462,1,0,1,0,0
45506,-1,1,-0.8540645,0.29858094,0,1,unassigned,56.0,55.0,1.0,0.98214287,0.017857144,0.017857134,0.10444874,0.0018651562,1,0,0,0,0
45507,-1,0,-0.35868776,0.41127723,0,1,unassigned,8.0,8.0,0.0,1.0,0.0,0.0,0.0116054155,0.0,0,0,0,0,0
45508,-1,1,-0.5816169,0.35856065,0,1,unassigned,18.0,18.0,0.0,1.0,0.0,0.0,0.030947777,0.0,1,0,0,0,0
45509,-1,1,2.4187114,0.9182431,1,1,unassigned,7.0,7.0,0.0,1.0,0.0,0.0,0.00967118,0.0,1,0,0,1,1
45510,-1,1,2.7612722,0.9405468,1,1,unassigned,2.0,2.0,0.0,1.0,0.0,0.0,0.0,0.0,1,0,0,1,1
45511,0,0,0.049211323,0.5123004,1,1,val,2.0,2.0,0.0,1.0,0.0,0.0,0.0,0.0,0,0,0,1,0
45512,-1,1,1.2598691,0.77900356,1,1,unassigned,25.0,25.0,0.0,1.0,0.0,0.0,0.044487428,0.0,1,0,0,1,0
45513,1,1,2.991547,0.9521908,1,0,val,3.0,3.0,0.0,1.0,0.0,0.0,0.001934236,0.0,1,0,1,1,1
45514,-1,0,6.8162284,0.9989053,1,1,unassigned,9.0,9.0,0.0,1.0,0.0,0.0,0.013539651,0.0,0,0,0,1,1
45515,-1,1,0.95647496,0.72241545,1,1,unassigned,11.0,11.0,0.0,1.0,0.0,0.0,0.017408123,0.0,1,0,0,1,0
45516,0,0,-0.91784537,0.2853971,0,0,val,2.0,2.0,0.0,1.0,0.0,0.0,0.0,0.0,0,0,1,0,0
45517,1,1,2.7631,0.9406489,1,0,val,4.0,4.0,0.0,1.0,0.0,0.0,0.003868472,0.0,1,0,1,1,1
45518,-1,1,3.199744,0.9608246,1,1,unassigned,7.0,5.0,2.0,0.71428573,0.2857143,0.28571427,0.00967118,0.0027631943,1,0,0,1,1
45519,-1,0,-0.7670666,0.317114,0,1,unassigned,14.0,14.0,0.0,1.0,0.0,0.0,0.023210831,0.0,0,0,0,0,0
45520,-1,0,-0.5676563,0.3617778,0,1,unassigned,7.0,7.0,0.0,1.0,0.0,0.0,0.00967118,0.0,0,0,0,0,0
45521,-1,0,1.2912571,0.7843599,1,1,unassigned,24.0,4.0,20.0,0.16666667,0.8333333,0.8333333,0.04255319,0.03546099,0,0,0,1,0
45522,-1,1,0.062540114,0.51562995,1,1,unassigned,9.0,8.0,1.0,0.8888889,0.11111111,0.111111104,0.013539651,0.0015044058,1,0,0,1,0
45523,-1,0,-0.5338021,0.36963055,0,1,unassigned,61.0,9.0,52.0,0.14754099,0.852459,0.852459,0.114119925,0.09728256,0,0,0,0,0
45524,-1,0,-0.27589968,0.4314593,0,1,unassigned,109.0,103.0,6.0,0.94495416,0.055045873,0.055045843,0.20696326,0.011392473,0,0,0,0,0
45525,-1,0,-0.8928598,0.29051998,0,1,unassigned,28.0,28.0,0.0,1.0,0.0,0.0,0.050290134,0.0,0,0,0,0,0
45526,-1,1,-0.8414741,0.3012244,0,1,unassigned,13.0,11.0,2.0,0.84615386,0.15384616,0.15384614,0.021276595,0.0032733225,1,0,0,0,0
45527,-1,0,1.2866054,0.783572,1,1,unassigned,5.0,5.0,0.0,1.0,0.0,0.0,0.0058027077,0.0,0,0,0,1,0
45528,-1,1,-0.025669694,0.49358293,0,1,unassigned,5.0,5.0,0.0,1.0,0.0,0.0,0.0058027077,0.0,1,0,0,0,0
45529,-1,0,0.29330957,0.5728062,1,1,unassigned,2.0,2.0,0.0,1.0,0.0,0.0,0.0,0.0,0,0,0,1,0
45530,-1,1,0.31972486,0.5792572,1,1,unassigned,20.0,20.0,0.0,1.0,0.0,0.0,0.034816246,0.0,1,0,0,1,0
45531,-1,0,3.497341,0.97061205,1,1,unassigned,3.0,3.0,0.0,1.0,0.0,0.0,0.001934236,0.0,0,0,0,1,1
45532,-1,0,-0.6184325,0.350138,0,1,unassigned,3.0,3.0,0.0,1.0,0.0,0.0,0.001934236,0.0,0,0,0,0,0
45533,-1,1,4.8746347,0.99242,1,1,unassigned,11.0,10.0,1.0,0.90909094,0.09090909,0.090909064,0.017408123,0.0015825568,1,0,0,1,1
45534,-1,0,3.906172,0.9802793,1,1,unassigned,3.0,1.0,2.0,0.33333334,0.6666667,0.6666666,0.001934236,0.0012894907,0,0,0,1,1
45535,0,0,-0.7629341,0.3180096,0,0,val,2.0,2.0,0.0,1.0,0.0,0.0,0.0,0.0,0,0,1,0,0
45536,0,0,-0.819562,0.30585662,0,0,test,5.0,5.0,0.0,1.0,0.0,0.0,0.0058027077,0.0,0,0,1,0,0
45537,0,1,-1.394141,0.19874749,0,0,unassigned,2.0,2.0,0.0,1.0,0.0,0.0,0.0,0.0,1,0,1,0,0
45538,-1,0,1.1823595,0.7653718,1,1,unassigned,13.0,13.0,0.0,1.0,0.0,0.0,0.021276595,0.0,0,0,0,1,0
45539,-1,1,1.4279032,0.80657434,1,1,unassigned,2.0,2.0,0.0,1.0,0.0,0.0,0.0,0.0,1,0,0,1,0
45540,-1,1,9.227587,0.99990165,1,1,unassigned,2.0,2.0,0.0,1.0,0.0,0.0,0.0,0.0,1,0,0,1,1
45541,-1,0,-0.27123624,0.43260363,0,1,unassigned,24.0,24.0,0.0,1.0,0.0,0.0,0.04255319,0.0,0,0,0,0,0
45542,-1,1,2.6493313,0.93396974,1,1,unassigned,3.0,3.0,0.0,1.0,0.0,0.0,0.001934236,0.0,1,0,0,1,1
45543,-1,0,11.751907,0.99999213,1,1,unassigned,3.0,3.0,0.0,1.0,0.0,0.0,0.001934236,0.0,0,0,0,1,1
45544,-1,0,4.358681,0.98736644,1,1,unassigned,2.0,2.0,0.0,1.0,0.0,0.0,0.0,0.0,0,0,0,1,1
45545,-1,1,3.301275,0.96447253,1,1,unassigned,26.0,24.0,2.0,0.9230769,0.07692308,0.07692307,0.046421662,0.0035708973,1,0,0,1,1
45546,-1,0,-0.24508524,0.43903357,0,1,unassigned,2.0,2.0,0.0,1.0,0.0,0.0,0.0,0.0,0,0,0,0,0
45547,-1,0,-0.1870898,0.45336354,0,1,unassigned,2.0,2.0,0.0,1.0,0.0,0.0,0.0,0.0,0,0,0,0,0
45548,-1,1,5.2607913,0.9948356,1,1,unassigned,8.0,8.0,0.0,1.0,0.0,0.0,0.0116054155,0.0,1,0,0,1,1
45549,-1,0,-0.61726266,0.35040426,0,1,unassigned,25.0,24.0,1.0,0.96,0.04,0.04000002,0.044487428,0.001779497,0,0,0,0,0
45550,-1,0,-0.060382307,0.48490903,0,1,unassigned,24.0,23.0,1.0,0.9583333,0.041666668,0.041666687,0.04255319,0.0017730496,0,0,0,0,0
45551,-1,1,2.9585767,0.95066726,1,1,unassigned,21.0,20.0,1.0,0.95238096,0.04761905,0.047619045,0.036750484,0.0017500231,1,0,0,1,1
45552,-1,1,4.1945066,0.9851458,1,1,unassigned,3.0,3.0,0.0,1.0,0.0,0.0,0.001934236,0.0,1,0,0,1,1
45553,-1,0,-0.5841545,0.3579772,0,1,unassigned,2.0,2.0,0.0,1.0,0.0,0.0,0.0,0.0,0,0,0,0,0
45554,-1,0,0.07398218,0.5184871,1,1,unassigned,25.0,25.0,0.0,1.0,0.0,0.0,0.044487428,0.0,0,0,0,1,0
45555,-1,0,0.037342906,0.5093346,1,1,unassigned,4.0,4.0,0.0,1.0,0.0,0.0,0.003868472,0.0,0,0,0,1,0
45556,-1,0,-0.33975196,0.4158697,0,1,unassigned,38.0,38.0,0.0,1.0,0.0,0.0,0.06963249,0.0,0,0,0,0,0
45557,-1,1,2.2372742,0.90354717,1,1,unassigned,3.0,3.0,0.0,1.0,0.0,0.0,0.001934236,0.0,1,0,0,1,1
45558,-1,0,-0.5625891,0.36294863,0,1,unassigned,36.0,36.0,0.0,1.0,0.0,0.0,0.065764025,0.0,0,0,0,0,0
45559,-1,1,-0.01467067,0.49633244,0,1,unassigned,14.0,14.0,0.0,1.0,0.0,0.0,0.023210831,0.0,1,0,0,0,0
45560,-1,1,-0.50006336,0.3775258,0,1,unassigned,19.0,19.0,0.0,1.0,0.0,0.0,0.032882012,0.0,1,0,0,0,0
45561,-1,1,-0.7077616,0.33009365,0,1,unassigned,32.0,31.0,1.0,0.96875,0.03125,0.03125,0.058027077,0.0018133462,1,0,0,0,0
45562,-1,1,3.1764781,0.9599394,1,1,unassigned,14.0,14.0,0.0,1.0,0.0,0.0,0.023210831,0.0,1,0,0,1,1
45563,-1,1,-0.8785997,0.29346803,0,1,unassigned,43.0,42.0,1.0,0.9767442,0.023255814,0.023255825,0.079303674,0.0018442714,1,0,0,0,0
45564,-1,1,5.933511,0.9973578,1,1,unassigned,27.0,26.0,1.0,0.962963,0.037037037,0.037037015,0.0483559,0.0017909593,1,0,0,1,1
45565,-1,1,0.47821933,0.61732733,1,1,unassigned,16.0,16.0,0.0,1.0,0.0,0.0,0.027079303,0.0,1,0,0,1,0
45566,-1,1,-0.36792713,0.40904197,0,1,unassigned,36.0,36.0,0.0,1.0,0.0,0.0,0.065764025,0.0,1,0,0,0,0
45567,-1,1,-0.052009404,0.48700055,0,1,unassigned,6.0,6.0,0.0,1.0,0.0,0.0,0.007736944,0.0,1,0,0,0,0
45568,-1,1,6.517795,0.9985253,1,1,unassigned,11.0,10.0,1.0,0.90909094,0.09090909,0.090909064,0.017408123,0.0015825568,1,0,0,1,1
45569,-1,0,4.3250966,0.98694056,1,1,unassigned,3.0,2.0,1.0,0.6666667,0.33333334,0.3333333,0.001934236,0.00064474536,0,0,0,1,1
45570,-1,1,7.1023617,0.9991775,1,1,unassigned,4.0,3.0,1.0,0.75,0.25,0.25,0.003868472,0.000967118,1,0,0,1,1
45571,-1,0,5.1861014,0.99443734,1,1,unassigned,4.0,1.0,3.0,0.25,0.75,0.75,0.003868472,0.002901354,0,0,0,1,1
45572,-1,0,7.8153977,0.99959666,1,1,unassigned,6.0,5.0,1.0,0.8333333,0.16666667,0.16666669,0.007736944,0.0012894907,0,0,0,1,1
45573,-1,1,-0.33267587,0.41758966,0,1,unassigned,12.0,11.0,1.0,0.9166667,0.083333336,0.08333331,0.01934236,0.0016118633,1,0,0,0,0
45574,-1,1,6.5415483,0.9985598,1,1,unassigned,9.0,8.0,1.0,0.8888889,0.11111111,0.111111104,0.013539651,0.0015044058,1,0,0,1,1
45575,-1,1,2.803776,0.94287956,1,1,unassigned,9.0,9.0,0.0,1.0,0.0,0.0,0.013539651,0.0,1,0,0,1,1
45576,-1,1,6.094076,0.9977489,1,1,unassigned,5.0,5.0,0.0,1.0,0.0,0.0,0.0058027077,0.0,1,0,0,1,1
45577,-1,0,-0.28861797,0.42834222,0,1,unassigned,2.0,2.0,0.0,1.0,0.0,0.0,0.0,0.0,0,0,0,0,0
45578,-1,0,-0.35430786,0.4123382,0,1,unassigned,15.0,15.0,0.0,1.0,0.0,0.0,0.025145067,0.0,0,0,0,0,0
45579,-1,1,7.11655,0.9991891,1,1,unassigned,2.0,2.0,0.0,1.0,0.0,0.0,0.0,0.0,1,0,0,1,1
45580,0,1,-0.46645212,0.38545632,0,0,unassigned,27.0,27.0,0.0,1.0,0.0,0.0,0.0483559,0.0,1,0,1,0,0
45581,-1,1,-0.44776446,0.38989243,0,1,unassigned,29.0,28.0,1.0,0.9655172,0.03448276,0.034482777,0.05222437,0.0018008404,1,0,0,0,0
45582,-1,1,-0.801442,0.30971712,0,1,unassigned,28.0,28.0,0.0,1.0,0.0,0.0,0.050290134,0.0,1,0,0,0,0
45583,-1,0,2.3569539,0.91348535,1,1,unassigned,18.0,17.0,1.0,0.9444444,0.055555556,0.055555582,0.030947777,0.0017193209,0,0,0,1,1
45584,-1,1,-0.3937229,0.40282142,0,1,unassigned,17.0,17.0,0.0,1.0,0.0,0.0,0.029013539,0.0,1,0,0,0,0
45585,-1,1,-0.21911538,0.44543928,0,1,unassigned,2.0,1.0,1.0,0.5,0.5,0.5,0.0,0.0,1,0,0,0,0
45586,-1,1,2.1768355,0.8981499,1,1,unassigned,4.0,4.0,0.0,1.0,0.0,0.0,0.003868472,0.0,1,0,0,1,0
45587,0,1,0.14292437,0.5356704,1,1,test,7.0,7.0,0.0,1.0,0.0,0.0,0.00967118,0.0,1,0,0,1,0
45588,-1,1,1.9675815,0.87735105,1,1,unassigned,3.0,3.0,0.0,1.0,0.0,0.0,0.001934236,0.0,1,0,0,1,0
45589,-1,1,-0.5211231,0.37258965,0,1,unassigned,4.0,4.0,0.0,1.0,0.0,0.0,0.003868472,0.0,1,0,0,0,0
45590,-1,1,-0.17043012,0.4574953,0,1,unassigned,12.0,12.0,0.0,1.0,0.0,0.0,0.01934236,0.0,1,0,0,0,0
45591,-1,1,2.2051165,0.900708,1,1,unassigned,2.0,1.0,1.0,0.5,0.5,0.5,0.0,0.0,1,0,0,1,1
45592,1,0,0.27291012,0.5678072,1,0,test,7.0,7.0,0.0,1.0,0.0,0.0,0.00967118,0.0,0,0,1,1,0
45593,-1,0,-0.09805304,0.4755064,0,1,unassigned,3.0,2.0,1.0,0.6666667,0.33333334,0.3333333,0.001934236,0.00064474536,0,0,0,0,0
45594,-1,0,2.3326147,0.91154236,1,1,unassigned,3.0,3.0,0.0,1.0,0.0,0.0,0.001934236,0.0,0,0,0,1,1
45595,-1,1,1.9948885,0.8802594,1,1,unassigned,3.0,3.0,0.0,1.0,0.0,0.0,0.001934236,0.0,1,0,0,1,0
45596,-1,1,-0.5065341,0.37600636,0,1,unassigned,2.0,2.0,0.0,1.0,0.0,0.0,0.0,0.0,1,0,0,0,0
45597,1,1,2.0324798,0.8841652,1,0,unassigned,54.0,53.0,1.0,0.9814815,0.018518519,0.018518507,0.10058027,0.0018625975,1,0,1,1,0
45598,-1,1,-0.5624188,0.362988,0,1,unassigned,18.0,16.0,2.0,0.8888889,0.11111111,0.111111104,0.030947777,0.0034386418,1,0,0,0,0
45599,-1,0,0.090679586,0.52265435,1,1,unassigned,15.0,13.0,2.0,0.8666667,0.13333334,0.13333333,0.025145067,0.0033526758,0,0,0,1,0
45600,-1,0,6.1514754,0.99787414,1,1,unassigned,2.0,2.0,0.0,1.0,0.0,0.0,0.0,0.0,0,0,0,1,1
45601,-1,0,3.0381982,0.95427024,1,1,unassigned,16.0,13.0,3.0,0.8125,0.1875,0.1875,0.027079303,0.0050773695,0,0,0,1,1
45602,0,1,-0.5930948,0.35592508,0,0,unassigned,5.0,5.0,0.0,1.0,0.0,0.0,0.0058027077,0.0,1,0,1,0,0
45603,-1,0,2.762309,0.9406048,1,1,unassigned,2.0,2.0,0.0,1.0,0.0,0.0,0.0,0.0,0,0,0,1,1
45604,-1,0,-0.121580094,0.46964234,0,1,unassigned,3.0,3.0,0.0,1.0,0.0,0.0,0.001934236,0.0,0,0,0,0,0
45605,-1,0,-0.67308164,0.33780718,0,1,unassigned,2.0,1.0,1.0,0.5,0.5,0.5,0.0,0.0,0,0,0,0,0
45606,-1,1,5.454864,0.99574274,1,1,unassigned,3.0,3.0,0.0,1.0,0.0,0.0,0.001934236,0.0,1,0,0,1,1
45607,-1,0,-0.22455665,0.44409555,0,1,unassigned,4.0,3.0,1.0,0.75,0.25,0.25,0.003868472,0.000967118,0,0,0,0,0
45608,0,1,-0.9078084,0.2874485,0,0,test,27.0,27.0,0.0,1.0,0.0,0.0,0.0483559,0.0,1,0,1,0,0
45609,0,1,-0.58009535,0.35891068,0,0,val,28.0,28.0,0.0,1.0,0.0,0.0,0.050290134,0.0,1,0,1,0,0
45610,-1,1,-0.88495636,0.29215178,0,1,unassigned,25.0,24.0,1.0,0.96,0.04,0.04000002,0.044487428,0.001779497,1,0,0,0,0
45611,-1,0,-0.18489996,0.45390627,0,1,unassigned,3.0,3.0,0.0,1.0,0.0,0.0,0.001934236,0.0,0,0,0,0,0
45612,0,0,1.1854331,0.7659233,1,1,unassigned,2.0,2.0,0.0,1.0,0.0,0.0,0.0,0.0,0,0,0,1,0
45613,-1,0,-0.67434,0.33752573,0,1,unassigned,43.0,43.0,0.0,1.0,0.0,0.0,0.079303674,0.0,0,0,0,0,0
45614,-1,0,-0.34144443,0.41545865,0,1,unassigned,41.0,41.0,0.0,1.0,0.0,0.0,0.07543521,0.0,0,0,0,0,0
45615,1,0,-0.5690318,0.36146027,0,1,unassigned,46.0,45.0,1.0,0.9782609,0.02173913,0.021739125,0.08510638,0.0018501388,0,0,0,0,0
45616,-1,1,1.5709116,0.8279135,1,1,unassigned,3.0,3.0,0.0,1.0,0.0,0.0,0.001934236,0.0,1,0,0,1,0
45617,1,0,0.45974725,0.6129542,1,0,val,13.0,12.0,1.0,0.9230769,0.07692308,0.07692307,0.021276595,0.0016366612,0,0,1,1,0
45618,-1,1,-0.6652509,0.33956107,0,1,unassigned,16.0,16.0,0.0,1.0,0.0,0.0,0.027079303,0.0,1,0,0,0,0
45619,-1,1,-1.0317662,0.26274183,0,1,unassigned,2.0,2.0,0.0,1.0,0.0,0.0,0.0,0.0,1,0,0,0,0
45620,-1,0,6.654759,0.99871373,1,1,unassigned,9.0,8.0,1.0,0.8888889,0.11111111,0.111111104,0.013539651,0.0015044058,0,0,0,1,1
45621,-1,1,-0.61787546,0.3502648,0,1,unassigned,17.0,17.0,0.0,1.0,0.0,0.0,0.029013539,0.0,1,0,0,0,0
45622,-1,1,-0.43746746,0.39234456,0,1,unassigned,68.0,68.0,0.0,1.0,0.0,0.0,0.12765957,0.0,1,0,0,0,0
45623,-1,1,1.8187823,0.86042,1,1,unassigned,14.0,14.0,0.0,1.0,0.0,0.0,0.023210831,0.0,1,0,0,1,0
45624,-1,1,-0.81157357,0.30755526,0,1,unassigned,49.0,48.0,1.0,0.97959185,0.020408163,0.020408154,0.09090909,0.0018552876,1,0,0,0,0
45625,-1,1,0.85483795,0.70158106,1,1,unassigned,19.0,19.0,0.0,1.0,0.0,0.0,0.032882012,0.0,1,0,0,1,0
45626,-1,0,-0.16636437,0.45850456,0,1,unassigned,2.0,2.0,0.0,1.0,0.0,0.0,0.0,0.0,0,0,0,0,0
45627,-1,0,-0.09290907,0.4767894,0,1,unassigned,11.0,11.0,0.0,1.0,0.0,0.0,0.017408123,0.0,0,0,0,0,0
45628,-1,0,-0.10826254,0.47296077,0,1,unassigned,12.0,10.0,2.0,0.8333333,0.16666667,0.16666669,0.01934236,0.0032237265,0,0,0,0,0
45629,-1,0,-0.6748331,0.3374155,0,1,unassigned,9.0,8.0,1.0,0.8888889,0.11111111,0.111111104,0.013539651,0.0015044058,0,0,0,0,0
45630,-1,1,-0.80676526,0.30858022,0,1,unassigned,2.0,1.0,1.0,0.5,0.5,0.5,0.0,0.0,1,0,0,0,0
45631,0,0,1.0743139,0.74541646,1,1,unassigned,3.0,3.0,0.0,1.0,0.0,0.0,0.001934236,0.0,0,0,0,1,0
45632,1,0,2.2244093,0.90242016,1,0,val,7.0,7.0,0.0,1.0,0.0,0.0,0.00967118,0.0,0,0,1,1,1
45633,-1,0,0.5731179,0.6394823,1,1,unassigned,2.0,2.0,0.0,1.0,0.0,0.0,0.0,0.0,0,0,0,1,0
45634,-1,0,4.092427,0.9835755,1,1,unassigned,2.0,2.0,0.0,1.0,0.0,0.0,0.0,0.0,0,0,0,1,1
45635,-1,0,2.4660027,0.92172384,1,1,unassigned,3.0,3.0,0.0,1.0,0.0,0.0,0.001934236,0.0,0,0,0,1,1
45636,1,1,0.3898251,0.5962406,1,0,unassigned,3.0,3.0,0.0,1.0,0.0,0.0,0.001934236,0.0,1,0,1,1,0
45637,-1,0,-0.9536722,0.27814692,0,1,unassigned,3.0,3.0,0.0,1.0,0.0,0.0,0.001934236,0.0,0,0,0,0,0
45638,-1,1,3.065707,0.95545584,1,1,unassigned,4.0,4.0,0.0,1.0,0.0,0.0,0.003868472,0.0,1,0,0,1,1
45639,-1,0,4.508208,0.98910195,1,1,unassigned,2.0,2.0,0.0,1.0,0.0,0.0,0.0,0.0,0,0,0,1,1
45640,-1,1,-0.15653265,0.46094656,0,1,unassigned,2.0,2.0,0.0,1.0,0.0,0.0,0.0,0.0,1,0,0,0,0
45641,0,0,-0.41159815,0.398529,0,0,val,18.0,17.0,1.0,0.9444444,0.055555556,0.055555582,0.030947777,0.0017193209,0,0,1,0,0
45642,-1,0,1.4445245,0.80915433,1,1,unassigned,9.0,9.0,0.0,1.0,0.0,0.0,0.013539651,0.0,0,0,0,1,0
45643,-1,0,0.5555578,0.6354241,1,1,unassigned,38.0,36.0,2.0,0.94736844,0.05263158,0.052631557,0.06963249,0.0036648682,0,0,0,1,0
45644,-1,1,-0.89989793,0.28907147,0,1,unassigned,46.0,43.0,3.0,0.9347826,0.06521739,0.065217376,0.08510638,0.005550416,1,0,0,0,0
45645,-1,1,-0.70148826,0.33148232,0,1,unassigned,40.0,23.0,17.0,0.575,0.425,0.425,0.07350097,0.031237913,1,0,0,0,0
45646,-1,1,-0.12195814,0.4695482,0,1,unassigned,2.0,2.0,0.0,1.0,0.0,0.0,0.0,0.0,1,0,0,0,0
45647,-1,0,-0.7986705,0.31030998,0,1,unassigned,9.0,9.0,0.0,1.0,0.0,0.0,0.013539651,0.0,0,0,0,0,0
45648,-1,1,5.731589,0.9967686,1,1,unassigned,20.0,18.0,2.0,0.9,0.1,0.100000024,0.034816246,0.0034816246,1,0,0,1,1
45649,1,1,13.073046,0.99999785,1,0,val,5.0,5.0,0.0,1.0,0.0,0.0,0.0058027077,0.0,1,0,1,1,1
45650,-1,1,-0.461823,0.38655344,0,1,unassigned,18.0,18.0,0.0,1.0,0.0,0.0,0.030947777,0.0,1,0,0,0,0
45651,-1,0,3.701193,0.975901,1,1,unassigned,2.0,2.0,0.0,1.0,0.0,0.0,0.0,0.0,0,0,0,1,1
45652,-1,1,1.5855114,0.82998365,1,1,unassigned,7.0,5.0,2.0,0.71428573,0.2857143,0.28571427,0.00967118,0.0027631943,1,0,0,1,0
45653,-1,1,2.3346717,0.9117081,1,1,unassigned,7.0,6.0,1.0,0.85714287,0.14285715,0.14285713,0.00967118,0.0013815971,1,0,0,1,1
45654,-1,1,6.2756767,0.99812204,1,1,unassigned,8.0,8.0,0.0,1.0,0.0,0.0,0.0116054155,0.0,1,0,0,1,1
45655,-1,1,1.1662703,0.7624702,1,1,unassigned,4.0,3.0,1.0,0.75,0.25,0.25,0.003868472,0.000967118,1,0,0,1,0
45656,-1,0,4.7540526,0.9914569,1,1,unassigned,3.0,3.0,0.0,1.0,0.0,0.0,0.001934236,0.0,0,0,0,1,1
45657,-1,0,-0.96270275,0.2763374,0,1,unassigned,5.0,5.0,0.0,1.0,0.0,0.0,0.0058027077,0.0,0,0,0,0,0
45658,-1,0,4.6304555,0.9903438,1,1,unassigned,8.0,7.0,1.0,0.875,0.125,0.125,0.0116054155,0.0014506769,0,0,0,1,1
45659,-1,0,0.5955613,0.64464015,1,1,unassigned,23.0,23.0,0.0,1.0,0.0,0.0,0.040618956,0.0,0,0,0,1,0
45660,-1,1,0.010322392,0.5025806,1,1,unassigned,12.0,12.0,0.0,1.0,0.0,0.0,0.01934236,0.0,1,0,0,1,0
45661,-1,1,2.3339453,0.91164964,1,1,unassigned,2.0,2.0,0.0,1.0,0.0,0.0,0.0,0.0,1,0,0,1,1
45662,-1,0,0.29963428,0.5743531,1,1,unassigned,5.0,5.0,0.0,1.0,0.0,0.0,0.0058027077,0.0,0,0,0,1,0
45663,-1,0,0.38972032,0.59621537,1,1,unassigned,4.0,4.0,0.0,1.0,0.0,0.0,0.003868472,0.0,0,0,0,1,0
45664,-1,0,7.700936,0.9995478,1,1,unassigned,41.0,21.0,20.0,0.5121951,0.4878049,0.4878049,0.07543521,0.03679766,0,0,0,1,1
45665,-1,0,4.216024,0.9854575,1,1,unassigned,2.0,2.0,0.0,1.0,0.0,0.0,0.0,0.0,0,0,0,1,1
45666,-1,1,3.8881004,0.97992694,1,1,unassigned,2.0,1.0,1.0,0.5,0.5,0.5,0.0,0.0,1,0,0,1,1
45667,1,0,4.6373744,0.99040973,1,0,unassigned,4.0,2.0,2.0,0.5,0.5,0.5,0.003868472,0.001934236,0,0,1,1,1
45668,-1,1,5.8962026,0.99725765,1,1,unassigned,20.0,15.0,5.0,0.75,0.25,0.25,0.034816246,0.008704062,1,0,0,1,1
45669,-1,1,5.992785,0.9975095,1,1,unassigned,7.0,5.0,2.0,0.71428573,0.2857143,0.28571427,0.00967118,0.0027631943,1,0,0,1,1
45670,-1,0,-0.14703533,0.46330726,0,1,unassigned,12.0,12.0,0.0,1.0,0.0,0.0,0.01934236,0.0,0,0,0,0,0
45671,-1,1,5.295733,0.99501204,1,1,unassigned,30.0,30.0,0.0,1.0,0.0,0.0,0.054158606,0.0,1,0,0,1,1
45672,1,1,4.8056884,0.9918833,1,0,unassigned,9.0,9.0,0.0,1.0,0.0,0.0,0.013539651,0.0,1,0,1,1,1
45673,-1,0,0.8971413,0.7103617,1,1,unassigned,12.0,12.0,0.0,1.0,0.0,0.0,0.01934236,0.0,0,0,0,1,0
45674,1,1,4.868225,0.9923717,1,0,unassigned,8.0,8.0,0.0,1.0,0.0,0.0,0.0116054155,0.0,1,0,1,1,1
45675,-1,1,1.1203923,0.75406146,1,1,unassigned,8.0,8.0,0.0,1.0,0.0,0.0,0.0116054155,0.0,1,0,0,1,0
45676,1,1,1.8649657,0.8658747,1,0,unassigned,2.0,2.0,0.0,1.0,0.0,0.0,0.0,0.0,1,0,1,1,0
45677,-1,1,7.7947297,0.9995883,1,1,unassigned,9.0,8.0,1.0,0.8888889,0.11111111,0.111111104,0.013539651,0.0015044058,1,0,0,1,1
45678,-1,0,0.55928093,0.63628614,1,1,unassigned,5.0,1.0,4.0,0.2,0.8,0.8,0.0058027077,0.004642166,0,0,0,1,0
45679,-1,0,-0.2034964,0.4493007,0,1,unassigned,8.0,7.0,1.0,0.875,0.125,0.125,0.0116054155,0.0014506769,0,0,0,0,0
45680,-1,1,1.7139943,0.84735364,1,1,unassigned,24.0,22.0,2.0,0.9166667,0.083333336,0.08333331,0.04255319,0.0035460992,1,0,0,1,0
45681,-1,0,1.3884041,0.8003374,1,1,unassigned,5.0,5.0,0.0,1.0,0.0,0.0,0.0058027077,0.0,0,0,0,1,0
45682,-1,1,1.2825062,0.7828761,1,1,unassigned,3.0,3.0,0.0,1.0,0.0,0.0,0.001934236,0.0,1,0,0,1,0
45683,-1,1,-0.76623344,0.31729445,0,1,unassigned,36.0,35.0,1.0,0.9722222,0.027777778,0.027777791,0.065764025,0.0018267785,1,0,0,0,0
45684,-1,0,1.6142185,0.8339963,1,1,unassigned,2.0,2.0,0.0,1.0,0.0,0.0,0.0,0.0,0,0,0,1,0
45685,-1,1,1.0108864,0.7331936,1,1,unassigned,20.0,20.0,0.0,1.0,0.0,0.0,0.034816246,0.0,1,0,0,1,0
45686,-1,1,0.6975048,0.66763437,1,1,unassigned,9.0,7.0,2.0,0.7777778,0.22222222,0.22222221,0.013539651,0.0030088115,1,0,0,1,0
45687,-1,0,-0.667343,0.33909205,0,1,unassigned,2.0,2.0,0.0,1.0,0.0,0.0,0.0,0.0,0,0,0,0,0
45688,-1,0,2.8646703,0.94607204,1,1,unassigned,26.0,26.0,0.0,1.0,0.0,0.0,0.046421662,0.0,0,0,0,1,1
45689,-1,0,0.4029978,0.5994077,1,1,unassigned,61.0,53.0,8.0,0.86885244,0.13114753,0.13114756,0.114119925,0.014966547,0,0,0,1,0
45690,1,0,0.026105285,0.506526,1,0,val,8.0,8.0,0.0,1.0,0.0,0.0,0.0116054155,0.0,0,0,1,1,0
45691,-1,1,-0.4775765,0.38282457,0,1,unassigned,2.0,2.0,0.0,1.0,0.0,0.0,0.0,0.0,1,0,0,0,0
45692,-1,1,3.186771,0.96033335,1,1,unassigned,10.0,10.0,0.0,1.0,0.0,0.0,0.015473888,0.0,1,0,0,1,1
45693,-1,0,-0.70967925,0.3296697,0,1,unassigned,8.0,8.0,0.0,1.0,0.0,0.0,0.0116054155,0.0,0,0,0,0,0
45694,-1,1,4.9561443,0.9930092,1,1,unassigned,9.0,8.0,1.0,0.8888889,0.11111111,0.111111104,0.013539651,0.0015044058,1,0,0,1,1
45695,-1,0,2.6400745,0.93339664,1,1,unassigned,6.0,6.0,0.0,1.0,0.0,0.0,0.007736944,0.0,0,0,0,1,1
45696,-1,0,-0.9169152,0.28558686,0,1,unassigned,60.0,36.0,24.0,0.6,0.4,0.39999998,0.11218569,0.044874277,0,0,0,0,0
45697,-1,1,1.9911048,0.87986,1,1,unassigned,2.0,2.0,0.0,1.0,0.0,0.0,0.0,0.0,1,0,0,1,0
45698,-1,0,4.5190225,0.9892179,1,1,unassigned,7.0,5.0,2.0,0.71428573,0.2857143,0.28571427,0.00967118,0.0027631943,0,0,0,1,1
45699,-1,0,3.059734,0.9552009,1,1,unassigned,4.0,4.0,0.0,1.0,0.0,0.0,0.003868472,0.0,0,0,0,1,1
45700,1,1,7.1748767,0.99923503,1,0,val,2.0,1.0,1.0,0.5,0.5,0.5,0.0,0.0,1,0,1,1,1
45701,-1,1,4.766863,0.99156475,1,1,unassigned,2.0,2.0,0.0,1.0,0.0,0.0,0.0,0.0,1,0,0,1,1
45702,-1,1,2.3375885,0.9119426,1,1,unassigned,16.0,10.0,6.0,0.625,0.375,0.375,0.027079303,0.010154739,1,0,0,1,1
45703,-1,1,4.2662177,0.9861595,1,1,unassigned,6.0,6.0,0.0,1.0,0.0,0.0,0.007736944,0.0,1,0,0,1,1
45704,1,1,-0.31819573,0.42111555,0,1,unassigned,16.0,15.0,1.0,0.9375,0.0625,0.0625,0.027079303,0.0016924564,1,0,0,0,0
45705,-1,0,0.0114145875,0.50285363,1,1,unassigned,4.0,4.0,0.0,1.0,0.0,0.0,0.003868472,0.0,0,0,0,1,0
45706,-1,1,6.840685,0.9989317,1,1,unassigned,11.0,8.0,3.0,0.72727275,0.27272728,0.27272725,0.017408123,0.00474767,1,0,0,1,1
45707,-1,1,3.3824031,0.9671501,1,1,unassigned,9.0,8.0,1.0,0.8888889,0.11111111,0.111111104,0.013539651,0.0015044058,1,0,0,1,1
45708,-1,1,4.03748,0.9826639,1,1,unassigned,4.0,4.0,0.0,1.0,0.0,0.0,0.003868472,0.0,1,0,0,1,1
45709,-1,1,2.9977534,0.9524725,1,1,unassigned,10.0,6.0,4.0,0.6,0.4,0.39999998,0.015473888,0.0061895554,1,0,0,1,1
45710,-1,0,3.559992,0.9723474,1,1,unassigned,10.0,9.0,1.0,0.9,0.1,0.100000024,0.015473888,0.0015473888,0,0,0,1,1
45711,-1,0,-0.65575475,0.34169388,0,1,unassigned,16.0,15.0,1.0,0.9375,0.0625,0.0625,0.027079303,0.0016924564,0,0,0,0,0
45712,0,0,-0.043905735,0.4890253,0,0,test,34.0,32.0,2.0,0.9411765,0.05882353,0.058823526,0.061895553,0.0036409148,0,0,1,0,0
45713,-1,1,0.25653338,0.56378394,1,1,unassigned,12.0,12.0,0.0,1.0,0.0,0.0,0.01934236,0.0,1,0,0,1,0
45714,-1,0,1.5124261,0.81942046,1,1,unassigned,6.0,6.0,0.0,1.0,0.0,0.0,0.007736944,0.0,0,0,0,1,0
45715,-1,1,-0.15961897,0.46017978,0,1,unassigned,47.0,47.0,0.0,1.0,0.0,0.0,0.08704062,0.0,1,0,0,0,0
45716,-1,1,0.734531,0.6757988,1,1,unassigned,9.0,9.0,0.0,1.0,0.0,0.0,0.013539651,0.0,1,0,0,1,0
45717,-1,0,0.50213116,0.62296003,1,1,unassigned,13.0,7.0,6.0,0.53846157,0.46153846,0.46153843,0.021276595,0.009819967,0,0,0,1,0
45718,1,0,2.63508,0.93308544,1,0,unassigned,2.0,2.0,0.0,1.0,0.0,0.0,0.0,0.0,0,0,1,1,1
45719,-1,1,1.333668,0.79144675,1,1,unassigned,45.0,45.0,0.0,1.0,0.0,0.0,0.08317215,0.0,1,0,0,1,0
45720,-1,1,3.7716181,0.977503,1,1,unassigned,19.0,17.0,2.0,0.8947368,0.10526316,0.10526317,0.032882012,0.0034612645,1,0,0,1,1
45721,-1,1,7.0077147,0.9990959,1,1,unassigned,66.0,57.0,9.0,0.8636364,0.13636364,0.13636363,0.123791106,0.016880605,1,0,0,1,1
45722,-1,1,6.5017266,0.9985014,1,1,unassigned,16.0,14.0,2.0,0.875,0.125,0.125,0.027079303,0.0033849129,1,0,0,1,1
45723,-1,0,6.9622407,0.9990539,1,1,unassigned,9.0,9.0,0.0,1.0,0.0,0.0,0.013539651,0.0,0,0,0,1,1
45724,-1,0,4.149999,0.9844802,1,1,unassigned,2.0,2.0,0.0,1.0,0.0,0.0,0.0,0.0,0,0,0,1,1
45725,-1,1,0.83622867,0.69767034,1,1,unassigned,3.0,3.0,0.0,1.0,0.0,0.0,0.001934236,0.0,1,0,0,1,0
45726,-1,1,0.6302734,0.6525514,1,1,unassigned,3.0,3.0,0.0,1.0,0.0,0.0,0.001934236,0.0,1,0,0,1,0
45727,-1,0,0.8661329,0.7039404,1,1,unassigned,5.0,1.0,4.0,0.2,0.8,0.8,0.0058027077,0.004642166,0,0,0,1,0
45728,-1,0,1.0008693,0.7312295,1,1,unassigned,2.0,2.0,0.0,1.0,0.0,0.0,0.0,0.0,0,0,0,1,0
45729,1,1,3.0128515,0.95315135,1,0,unassigned,21.0,21.0,0.0,1.0,0.0,0.0,0.036750484,0.0,1,0,1,1,1
45730,-1,1,1.6271217,0.83577496,1,1,unassigned,53.0,53.0,0.0,1.0,0.0,0.0,0.09864604,0.0,1,0,0,1,0
45731,1,0,4.146732,0.98443025,1,0,unassigned,18.0,15.0,3.0,0.8333333,0.16666667,0.16666669,0.030947777,0.005157963,0,0,1,1,1
45732,-1,0,-0.40828848,0.3993226,0,1,unassigned,16.0,16.0,0.0,1.0,0.0,0.0,0.027079303,0.0,0,0,0,0,0
45733,-1,1,1.23103,0.7739988,1,1,unassigned,89.0,89.0,0.0,1.0,0.0,0.0,0.16827853,0.0,1,0,0,1,0
45734,-1,1,-0.089309454,0.47768745,0,1,unassigned,23.0,23.0,0.0,1.0,0.0,0.0,0.040618956,0.0,1,0,0,0,0
45735,-1,0,1.1209557,0.75416595,1,1,unassigned,2.0,2.0,0.0,1.0,0.0,0.0,0.0,0.0,0,0,0,1,0
45736,1,0,-0.4708624,0.38441214,0,1,unassigned,10.0,10.0,0.0,1.0,0.0,0.0,0.015473888,0.0,0,0,0,0,0
45737,-1,1,-0.27774835,0.4310059,0,1,unassigned,66.0,58.0,8.0,0.8787879,0.121212125,0.121212125,0.123791106,0.015004983,1,0,0,0,0
45738,1,1,0.07754427,0.51937634,1,0,val,9.0,9.0,0.0,1.0,0.0,0.0,0.013539651,0.0,1,0,1,1,0
45739,-1,1,-0.5570084,0.36423996,0,1,unassigned,15.0,13.0,2.0,0.8666667,0.13333334,0.13333333,0.025145067,0.0033526758,1,0,0,0,0
45740,-1,1,4.438333,0.9883223,1,1,unassigned,7.0,6.0,1.0,0.85714287,0.14285715,0.14285713,0.00967118,0.0013815971,1,0,0,1,1
45741,-1,1,3.4136646,0.96812886,1,1,unassigned,6.0,6.0,0.0,1.0,0.0,0.0,0.007736944,0.0,1,0,0,1,1
45742,-1,0,-0.5649842,0.36239502,0,1,unassigned,12.0,12.0,0.0,1.0,0.0,0.0,0.01934236,0.0,0,0,0,0,0
45743,-1,0,-0.4915595,0.37952626,0,1,unassigned,9.0,9.0,0.0,1.0,0.0,0.0,0.013539651,0.0,0,0,0,0,0
45744,-1,0,-0.76087284,0.3184568,0,1,unassigned,27.0,1.0,26.0,0.037037037,0.962963,0.962963,0.0483559,0.04656494,0,0,0,0,0
45745,-1,1,2.2231495,0.9023092,1,1,unassigned,10.0,5.0,5.0,0.5,0.5,0.5,0.015473888,0.007736944,1,0,0,1,1
45746,-1,1,1.9264219,0.8728528,1,1,unassigned,5.0,4.0,1.0,0.8,0.2,0.19999999,0.0058027077,0.0011605415,1,0,0,1,0
45747,-1,1,-0.9496795,0.2789493,0,1,unassigned,55.0,55.0,0.0,1.0,0.0,0.0,0.102514505,0.0,1,0,0,0,0
45748,-1,1,2.6069138,0.9313052,1,1,unassigned,4.0,4.0,0.0,1.0,0.0,0.0,0.003868472,0.0,1,0,0,1,1
45749,1,1,-0.05262345,0.48684713,0,1,val,6.0,6.0,0.0,1.0,0.0,0.0,0.007736944,0.0,1,0,0,0,0
45750,-1,1,3.0805156,0.95608187,1,1,unassigned,4.0,4.0,0.0,1.0,0.0,0.0,0.003868472,0.0,1,0,0,1,1
45751,-1,0,0.05235243,0.5130851,1,1,unassigned,2.0,2.0,0.0,1.0,0.0,0.0,0.0,0.0,0,0,0,1,0
45752,-1,1,1.5255349,0.82135206,1,1,unassigned,3.0,3.0,0.0,1.0,0.0,0.0,0.001934236,0.0,1,0,0,1,0
45753,-1,0,6.379865,0.99830747,1,1,unassigned,2.0,2.0,0.0,1.0,0.0,0.0,0.0,0.0,0,0,0,1,1
45754,-1,1,2.2773013,0.9069796,1,1,unassigned,3.0,3.0,0.0,1.0,0.0,0.0,0.001934236,0.0,1,0,0,1,1
45755,1,0,1.352776,0.79458314,1,0,unassigned,4.0,4.0,0.0,1.0,0.0,0.0,0.003868472,0.0,0,0,1,1,0
45756,1,0,3.7807724,0.9777034,1,0,val,29.0,27.0,2.0,0.9310345,0.06896552,0.068965495,0.05222437,0.0036016807,0,0,1,1,1
45757,-1,1,-0.47072843,0.38444385,0,1,unassigned,29.0,26.0,3.0,0.8965517,0.10344828,0.10344827,0.05222437,0.005402521,1,0,0,0,0
45758,-1,0,0.28318095,0.5703259,1,1,unassigned,28.0,28.0,0.0,1.0,0.0,0.0,0.050290134,0.0,0,0,0,1,0
45759,-1,1,5.713837,0.9967109,1,1,unassigned,26.0,24.0,2.0,0.9230769,0.07692308,0.07692307,0.046421662,0.0035708973,1,0,0,1,1
45760,-1,0,2.0627682,0.8872314,1,1,unassigned,57.0,42.0,15.0,0.7368421,0.2631579,0.2631579,0.10638298,0.027995523,0,0,0,1,0
45761,-1,1,1.8201275,0.86058146,1,1,unassigned,26.0,22.0,4.0,0.84615386,0.15384616,0.15384614,0.046421662,0.0071417945,1,0,0,1,0
45762,-1,1,1.2633781,0.77960706,1,1,unassigned,3.0,3.0,0.0,1.0,0.0,0.0,0.001934236,0.0,1,0,0,1,0
45763,-1,1,4.720158,0.991165,1,1,unassigned,7.0,7.0,0.0,1.0,0.0,0.0,0.00967118,0.0,1,0,0,1,1
45764,-1,1,0.9997247,0.7310045,1,1,unassigned,10.0,10.0,0.0,1.0,0.0,0.0,0.015473888,0.0,1,0,0,1,0
45765,-1,1,-0.14348894,0.4641892,0,1,unassigned,17.0,17.0,0.0,1.0,0.0,0.0,0.029013539,0.0,1,0,0,0,0
45766,-1,0,0.28633267,0.571098,1,1,unassigned,27.0,26.0,1.0,0.962963,0.037037037,0.037037015,0.0483559,0.0017909593,0,0,0,1,0
45767,-1,1,-0.42656428,0.39494705,0,1,unassigned,21.0,19.0,2.0,0.9047619,0.0952381,0.09523809,0.036750484,0.0035000462,1,0,0,0,0
45768,-1,1,-0.57649535,0.35973942,0,1,unassigned,14.0,11.0,3.0,0.78571427,0.21428572,0.21428573,0.023210831,0.0049737496,1,0,0,0,0
45769,-1,1,-0.8905754,0.2909911,0,1,unassigned,9.0,9.0,0.0,1.0,0.0,0.0,0.013539651,0.0,1,0,0,0,0
45770,-1,0,-0.76815814,0.3168777,0,1,unassigned,4.0,4.0,0.0,1.0,0.0,0.0,0.003868472,0.0,0,0,0,0,0
45771,-1,1,-0.8506548,0.2992955,0,1,unassigned,21.0,21.0,0.0,1.0,0.0,0.0,0.036750484,0.0,1,0,0,0,0
45772,-1,1,-0.6506412,0.34284505,0,1,unassigned,27.0,27.0,0.0,1.0,0.0,0.0,0.0483559,0.0,1,0,0,0,0
45773,-1,1,2.2454383,0.90425634,1,1,unassigned,3.0,2.0,1.0,0.6666667,0.33333334,0.3333333,0.001934236,0.00064474536,1,0,0,1,1
45774,-1,1,-0.92688787,0.28355652,0,1,unassigned,19.0,19.0,0.0,1.0,0.0,0.0,0.032882012,0.0,1,0,0,0,0
45775,0,0,-0.0516994,0.48707804,0,0,unassigned,5.0,5.0,0.0,1.0,0.0,0.0,0.0058027077,0.0,0,0,1,0,0
45776,-1,0,1.0657358,0.74378514,1,1,unassigned,3.0,3.0,0.0,1.0,0.0,0.0,0.001934236,0.0,0,0,0,1,0
45777,-1,0,-0.4505762,0.38922378,0,1,unassigned,17.0,17.0,0.0,1.0,0.0,0.0,0.029013539,0.0,0,0,0,0,0
45778,0,1,0.09474057,0.52366745,1,1,test,19.0,19.0,0.0,1.0,0.0,0.0,0.032882012,0.0,1,0,0,1,0
45779,-1,0,1.2765236,0.78185743,1,1,unassigned,3.0,3.0,0.0,1.0,0.0,0.0,0.001934236,0.0,0,0,0,1,0
45780,-1,0,1.7621772,0.8534821,1,1,unassigned,2.0,2.0,0.0,1.0,0.0,0.0,0.0,0.0,0,0,0,1,0
45781,-1,1,1.4357469,0.80779517,1,1,unassigned,98.0,95.0,3.0,0.96938777,0.030612245,0.03061223,0.18568665,0.0056842854,1,0,0,1,0
45782,-1,0,1.001282,0.73131055,1,1,unassigned,7.0,7.0,0.0,1.0,0.0,0.0,0.00967118,0.0,0,0,0,1,0
45783,-1,0,-0.08852154,0.47788402,0,1,unassigned,5.0,5.0,0.0,1.0,0.0,0.0,0.0058027077,0.0,0,0,0,0,0
45784,-1,0,6.8198886,0.99890935,1,1,unassigned,2.0,2.0,0.0,1.0,0.0,0.0,0.0,0.0,0,0,0,1,1
45785,-1,1,-0.31138453,0.42277685,0,1,unassigned,15.0,15.0,0.0,1.0,0.0,0.0,0.025145067,0.0,1,0,0,0,0
45786,-1,0,-0.36999226,0.4085429,0,1,unassigned,4.0,1.0,3.0,0.25,0.75,0.75,0.003868472,0.002901354,0,0,0,0,0
45787,-1,1,-0.3136317,0.42222852,0,1,unassigned,36.0,28.0,8.0,0.7777778,0.22222222,0.22222221,0.065764025,0.014614228,1,0,0,0,0
45788,0,1,0.22966087,0.5571642,1,1,test,2.0,1.0,1.0,0.5,0.5,0.5,0.0,0.0,1,0,0,1,0
45789,-1,0,0.0055845976,0.5013961,1,1,unassigned,26.0,26.0,0.0,1.0,0.0,0.0,0.046421662,0.0,0,0,0,1,0
45790,-1,0,0.02771002,0.5069271,1,1,unassigned,13.0,13.0,0.0,1.0,0.0,0.0,0.021276595,0.0,0,0,0,1,0
45791,0,1,-0.040964782,0.48976022,0,0,val,25.0,25.0,0.0,1.0,0.0,0.0,0.044487428,0.0,1,0,1,0,0
45792,-1,1,-0.99233556,0.270451,0,1,unassigned,2.0,2.0,0.0,1.0,0.0,0.0,0.0,0.0,1,0,0,0,0
45793,-1,1,2.2755384,0.9068307,1,1,unassigned,4.0,4.0,0.0,1.0,0.0,0.0,0.003868472,0.0,1,0,0,1,1
45794,-1,0,6.482777,0.99847275,1,1,unassigned,2.0,2.0,0.0,1.0,0.0,0.0,0.0,0.0,0,0,0,1,1
45795,-1,0,0.4292404,0.60569227,1,1,unassigned,2.0,1.0,1.0,0.5,0.5,0.5,0.0,0.0,0,0,0,1,0
45796,-1,1,0.25776595,0.56408703,1,1,unassigned,4.0,4.0,0.0,1.0,0.0,0.0,0.003868472,0.0,1,0,0,1,0
45797,-1,1,-0.9492056,0.27904463,0,1,unassigned,33.0,33.0,0.0,1.0,0.0,0.0,0.059961315,0.0,1,0,0,0,0
45798,-1,1,-0.9180435,0.2853567,0,1,unassigned,20.0,19.0,1.0,0.95,0.05,0.050000012,0.034816246,0.0017408123,1,0,0,0,0
45799,-1,0,1.8021681,0.8584127,1,1,unassigned,5.0,5.0,0.0,1.0,0.0,0.0,0.0058027077,0.0,0,0,0,1,0
45800,-1,1,0.0930801,0.52325326,1,1,unassigned,19.0,19.0,0.0,1.0,0.0,0.0,0.032882012,0.0,1,0,0,1,0
45801,-1,0,2.0382974,0.8847597,1,1,unassigned,5.0,5.0,0.0,1.0,0.0,0.0,0.0058027077,0.0,0,0,0,1,0
45802,-1,1,3.0318108,0.9539907,1,1,unassigned,4.0,3.0,1.0,0.75,0.25,0.25,0.003868472,0.000967118,1,0,0,1,1
45803,-1,0,1.9406521,0.8744238,1,1,unassigned,4.0,4.0,0.0,1.0,0.0,0.0,0.003868472,0.0,0,0,0,1,0
45804,1,0,0.7024868,0.6687389,1,0,val,9.0,9.0,0.0,1.0,0.0,0.0,0.013539651,0.0,0,0,1,1,0
45805,-1,0,-0.96900237,0.2750794,0,1,unassigned,2.0,2.0,0.0,1.0,0.0,0.0,0.0,0.0,0,0,0,0,0
45806,-1,0,-0.42304027,0.3957895,0,1,unassigned,5.0,5.0,0.0,1.0,0.0,0.0,0.0058027077,0.0,0,0,0,0,0
45807,-1,0,3.0548973,0.9549934,1,1,unassigned,5.0,4.0,1.0,0.8,0.2,0.19999999,0.0058027077,0.0011605415,0,0,0,1,1
45808,-1,1,6.7794847,0.9988644,1,1,unassigned,4.0,4.0,0.0,1.0,0.0,0.0,0.003868472,0.0,1,0,0,1,1
45809,-1,0,-0.26321718,0.434573,0,1,unassigned,34.0,34.0,0.0,1.0,0.0,0.0,0.061895553,0.0,0,0,0,0,0
45810,-1,1,0.8119963,0.69253474,1,1,unassigned,4.0,3.0,1.0,0.75,0.25,0.25,0.003868472,0.000967118,1,0,0,1,0
45811,-1,0,-0.27771434,0.4310142,0,1,unassigned,22.0,22.0,0.0,1.0,0.0,0.0,0.03868472,0.0,0,0,0,0,0
45812,-1,1,3.6645882,0.975025,1,1,unassigned,14.0,13.0,1.0,0.9285714,0.071428575,0.0714286,0.023210831,0.0016579166,1,0,0,1,1
45813,-1,0,-0.4482134,0.38978565,0,1,unassigned,29.0,28.0,1.0,0.9655172,0.03448276,0.034482777,0.05222437,0.0018008404,0,0,0,0,0
45814,-1,0,-0.24772364,0.43838388,0,1,unassigned,33.0,33.0,0.0,1.0,0.0,0.0,0.059961315,0.0,0,0,0,0,0
45815,-1,0,-0.13038817,0.46744907,0,1,unassigned,43.0,43.0,0.0,1.0,0.0,0.0,0.079303674,0.0,0,0,0,0,0
45816,1,0,-0.39323738,0.40293822,0,1,val,41.0,40.0,1.0,0.9756098,0.024390243,0.02439022,0.07543521,0.001839883,0,0,0,0,0
45817,-1,0,5.3999925,0.9955037,1,1,unassigned,20.0,12.0,8.0,0.6,0.4,0.39999998,0.034816246,0.013926499,0,0,0,1,1
45818,-1,0,0.52828056,0.62908196,1,1,unassigned,14.0,14.0,0.0,1.0,0.0,0.0,0.023210831,0.0,0,0,0,1,0
45819,-1,0,0.041218877,0.51030326,1,1,unassigned,20.0,20.0,0.0,1.0,0.0,0.0,0.034816246,0.0,0,0,0,1,0
45820,-1,0,-0.7499666,0.3208286,0,1,unassigned,18.0,18.0,0.0,1.0,0.0,0.0,0.030947777,0.0,0,0,0,0,0
45821,-1,1,0.7114225,0.6707154,1,1,unassigned,7.0,7.0,0.0,1.0,0.0,0.0,0.00967118,0.0,1,0,0,1,0
45822,-1,1,-0.008670509,0.4978324,0,1,unassigned,9.0,9.0,0.0,1.0,0.0,0.0,0.013539651,0.0,1,0,0,0,0
45823,-1,1,8.970112,0.9998728,1,1,unassigned,16.0,15.0,1.0,0.9375,0.0625,0.0625,0.027079303,0.0016924564,1,0,0,1,1
45824,-1,1,3.1555445,0.95912665,1,1,unassigned,6.0,6.0,0.0,1.0,0.0,0.0,0.007736944,0.0,1,0,0,1,1
45825,0,1,3.2968397,0.9643202,1,1,test,13.0,13.0,0.0,1.0,0.0,0.0,0.021276595,0.0,1,0,0,1,1
45826,-1,0,0.98227173,0.72755873,1,1,unassigned,4.0,4.0,0.0,1.0,0.0,0.0,0.003868472,0.0,0,0,0,1,0
45827,-1,1,-0.22550863,0.44386056,0,1,unassigned,105.0,102.0,3.0,0.9714286,0.028571429,0.028571427,0.1992263,0.0056921802,1,0,0,0,0
45828,-1,1,0.49150878,0.62046176,1,1,unassigned,13.0,12.0,1.0,0.9230769,0.07692308,0.07692307,0.021276595,0.0016366612,1,0,0,1,0
45829,-1,1,3.0673711,0.9555266,1,1,unassigned,5.0,2.0,3.0,0.4,0.6,0.6,0.0058027077,0.0034816249,1,0,0,1,1
45830,-1,1,1.6707425,0.84167475,1,1,unassigned,8.0,7.0,1.0,0.875,0.125,0.125,0.0116054155,0.0014506769,1,0,0,1,0
45831,-1,0,0.7139849,0.6712811,1,1,unassigned,25.0,25.0,0.0,1.0,0.0,0.0,0.044487428,0.0,0,0,0,1,0
45832,-1,0,-0.30949065,0.42323908,0,1,unassigned,3.0,3.0,0.0,1.0,0.0,0.0,0.001934236,0.0,0,0,0,0,0
45833,-1,0,0.9919954,0.7294819,1,1,unassigned,13.0,13.0,0.0,1.0,0.0,0.0,0.021276595,0.0,0,0,0,1,0
45834,-1,0,0.059001505,0.51474607,1,1,unassigned,12.0,12.0,0.0,1.0,0.0,0.0,0.01934236,0.0,0,0,0,1,0
45835,-1,0,-0.47954348,0.38235992,0,1,unassigned,29.0,29.0,0.0,1.0,0.0,0.0,0.05222437,0.0,0,0,0,0,0
45836,-1,0,-0.054463327,0.48638752,0,1,unassigned,50.0,46.0,4.0,0.92,0.08,0.07999998,0.092843324,0.0074274656,0,0,0,0,0
45837,-1,0,-0.024386585,0.49390367,0,1,unassigned,56.0,56.0,0.0,1.0,0.0,0.0,0.10444874,0.0,0,0,0,0,0
45838,-1,0,-0.40755635,0.39949822,0,1,unassigned,14.0,14.0,0.0,1.0,0.0,0.0,0.023210831,0.0,0,0,0,0,0
45839,-1,0,-0.29224542,0.42745423,0,1,unassigned,28.0,28.0,0.0,1.0,0.0,0.0,0.050290134,0.0,0,0,0,0,0
45840,-1,0,-0.61534536,0.3508408,0,1,unassigned,57.0,55.0,2.0,0.9649123,0.03508772,0.035087705,0.10638298,0.0037327362,0,0,0,0,0
45841,-1,1,2.6736448,0.9354535,1,1,unassigned,12.0,12.0,0.0,1.0,0.0,0.0,0.01934236,0.0,1,0,0,1,1
45842,-1,1,-0.86292696,0.2967282,0,1,unassigned,69.0,68.0,1.0,0.98550725,0.014492754,0.01449275,0.1295938,0.0018781711,1,0,0,0,0
45843,-1,1,-0.90483046,0.28805885,0,1,unassigned,19.0,18.0,1.0,0.94736844,0.05263158,0.052631557,0.032882012,0.0017306323,1,0,0,0,0
45844,-1,0,2.8606884,0.9458685,1,1,unassigned,8.0,8.0,0.0,1.0,0.0,0.0,0.0116054155,0.0,0,0,0,1,1
45845,-1,1,2.839074,0.94475114,1,1,unassigned,6.0,2.0,4.0,0.33333334,0.6666667,0.6666666,0.007736944,0.005157963,1,0,0,1,1
45846,-1,0,2.2146418,0.9015567,1,1,unassigned,28.0,25.0,3.0,0.89285713,0.10714286,0.107142866,0.050290134,0.0053882287,0,0,0,1,1
45847,-1,0,6.8299284,0.9989202,1,1,unassigned,30.0,26.0,4.0,0.8666667,0.13333334,0.13333333,0.054158606,0.007221148,0,0,0,1,1
45848,-1,0,12.858604,0.9999974,1,1,unassigned,27.0,22.0,5.0,0.8148148,0.18518518,0.1851852,0.0483559,0.008954796,0,0,0,1,1
45849,1,0,2.539912,0.9268928,1,0,unassigned,17.0,16.0,1.0,0.9411765,0.05882353,0.058823526,0.029013539,0.0017066788,0,0,1,1,1
45850,-1,0,-0.27051458,0.43278077,0,1,unassigned,4.0,4.0,0.0,1.0,0.0,0.0,0.003868472,0.0,0,0,0,0,0
45851,1,0,5.942059,0.9973802,1,0,train,6.0,5.0,1.0,0.8333333,0.16666667,0.16666669,0.007736944,0.0012894907,0,0,1,1,1
45852,-1,1,5.6644297,0.9965449,1,1,unassigned,11.0,10.0,1.0,0.90909094,0.09090909,0.090909064,0.017408123,0.0015825568,1,0,0,1,1
45853,0,0,-0.088348866,0.47792715,0,0,test,22.0,21.0,1.0,0.95454544,0.045454547,0.04545456,0.03868472,0.0017583964,0,0,1,0,0
45854,-1,0,0.32185382,0.579776,1,1,unassigned,10.0,10.0,0.0,1.0,0.0,0.0,0.015473888,0.0,0,0,0,1,0
45855,-1,0,-0.56093746,0.36333057,0,1,unassigned,44.0,44.0,0.0,1.0,0.0,0.0,0.08123791,0.0,0,0,0,0,0
45856,0,0,-0.47009915,0.38459277,0,0,test,12.0,12.0,0.0,1.0,0.0,0.0,0.01934236,0.0,0,0,1,0,0
45857,-1,0,-0.4399315,0.39175728,0,1,unassigned,11.0,11.0,0.0,1.0,0.0,0.0,0.017408123,0.0,0,0,0,0,0
45858,-1,1,11.1767235,0.99998605,1,1,unassigned,7.0,6.0,1.0,0.85714287,0.14285715,0.14285713,0.00967118,0.0013815971,1,0,0,1,1
45859,-1,0,4.9013057,0.992618,1,1,unassigned,4.0,3.0,1.0,0.75,0.25,0.25,0.003868472,0.000967118,0,0,0,1,1
45860,1,1,0.12342131,0.53081626,1,0,unassigned,25.0,25.0,0.0,1.0,0.0,0.0,0.044487428,0.0,1,0,1,1,0
45861,-1,0,2.6588786,0.93455607,1,1,unassigned,6.0,6.0,0.0,1.0,0.0,0.0,0.007736944,0.0,0,0,0,1,1
45862,0,0,-0.12528017,0.46872085,0,0,val,13.0,13.0,0.0,1.0,0.0,0.0,0.021276595,0.0,0,0,1,0,0
45863,-1,1,-0.52547526,0.37157282,0,1,unassigned,20.0,20.0,0.0,1.0,0.0,0.0,0.034816246,0.0,1,0,0,0,0
45864,-1,0,-0.6579515,0.34119993,0,1,unassigned,22.0,22.0,0.0,1.0,0.0,0.0,0.03868472,0.0,0,0,0,0,0
45865,-1,1,0.5229681,0.62784153,1,1,unassigned,4.0,3.0,1.0,0.75,0.25,0.25,0.003868472,0.000967118,1,0,0,1,0
45866,1,1,4.178429,0.9849087,1,0,unassigned,2.0,2.0,0.0,1.0,0.0,0.0,0.0,0.0,1,0,1,1,1
45867,-1,0,0.12981915,0.53240925,1,1,unassigned,2.0,2.0,0.0,1.0,0.0,0.0,0.0,0.0,0,0,0,1,0
45868,-1,0,3.4298837,0.96862555,1,1,unassigned,2.0,2.0,0.0,1.0,0.0,0.0,0.0,0.0,0,0,0,1,1
45869,-1,1,-0.9214196,0.2846687,0,1,unassigned,49.0,49.0,0.0,1.0,0.0,0.0,0.09090909,0.0,1,0,0,0,0
45870,1,1,-0.17809859,0.4555927,0,1,val,15.0,15.0,0.0,1.0,0.0,0.0,0.025145067,0.0,1,0,0,0,0
45871,-1,0,0.8201602,0.6942704,1,1,unassigned,3.0,3.0,0.0,1.0,0.0,0.0,0.001934236,0.0,0,0,0,1,0
45872,-1,0,-0.77578205,0.31522965,0,1,unassigned,8.0,8.0,0.0,1.0,0.0,0.0,0.0116054155,0.0,0,0,0,0,0
45873,-1,1,9.350782,0.9999131,1,1,unassigned,2.0,2.0,0.0,1.0,0.0,0.0,0.0,0.0,1,0,0,1,1
45874,-1,1,4.388186,0.9877292,1,1,unassigned,11.0,4.0,7.0,0.36363637,0.6363636,0.6363636,0.017408123,0.011077897,1,0,0,1,1
45875,-1,0,3.1067216,0.95716923,1,1,unassigned,6.0,2.0,4.0,0.33333334,0.6666667,0.6666666,0.007736944,0.005157963,0,0,0,1,1
45876,1,1,-0.10518867,0.47372705,0,1,unassigned,6.0,6.0,0.0,1.0,0.0,0.0,0.007736944,0.0,1,0,0,0,0
45877,-1,0,3.3890314,0.96735996,1,1,unassigned,13.0,12.0,1.0,0.9230769,0.07692308,0.07692307,0.021276595,0.0016366612,0,0,0,1,1
45878,-1,0,0.26261503,0.565279,1,1,unassigned,29.0,29.0,0.0,1.0,0.0,0.0,0.05222437,0.0,0,0,0,1,0
45879,-1,1,3.7963383,0.9780402,1,1,unassigned,7.0,7.0,0.0,1.0,0.0,0.0,0.00967118,0.0,1,0,0,1,1
45880,-1,1,-0.84500974,0.30048072,0,1,unassigned,4.0,4.0,0.0,1.0,0.0,0.0,0.003868472,0.0,1,0,0,0,0
45881,-1,0,1.357192,0.7953029,1,1,unassigned,10.0,9.0,1.0,0.9,0.1,0.100000024,0.015473888,0.0015473888,0,0,0,1,0
45882,-1,1,4.333937,0.98705405,1,1,unassigned,12.0,5.0,7.0,0.41666666,0.5833333,0.5833334,0.01934236,0.011283043,1,0,0,1,1
45883,-1,0,2.723397,0.9383932,1,1,unassigned,17.0,16.0,1.0,0.9411765,0.05882353,0.058823526,0.029013539,0.0017066788,0,0,0,1,1
45884,-1,0,0.9494588,0.72100633,1,1,unassigned,13.0,13.0,0.0,1.0,0.0,0.0,0.021276595,0.0,0,0,0,1,0
45885,-1,1,9.303751,0.9999089,1,1,unassigned,13.0,12.0,1.0,0.9230769,0.07692308,0.07692307,0.021276595,0.0016366612,1,0,0,1,1
45886,-1,0,0.87295586,0.70536035,1,1,unassigned,13.0,13.0,0.0,1.0,0.0,0.0,0.021276595,0.0,0,0,0,1,0
45887,-1,1,0.70108587,0.6684285,1,1,unassigned,2.0,2.0,0.0,1.0,0.0,0.0,0.0,0.0,1,0,0,1,0
45888,-1,1,8.147689,0.9997106,1,1,unassigned,6.0,3.0,3.0,0.5,0.5,0.5,0.007736944,0.003868472,1,0,0,1,1
45889,-1,1,0.78047484,0.68578243,1,1,unassigned,17.0,17.0,0.0,1.0,0.0,0.0,0.029013539,0.0,1,0,0,1,0
45890,-1,1,-0.0515427,0.48711717,0,1,unassigned,13.0,13.0,0.0,1.0,0.0,0.0,0.021276595,0.0,1,0,0,0,0
45891,-1,1,5.956901,0.99741876,1,1,unassigned,11.0,10.0,1.0,0.90909094,0.09090909,0.090909064,0.017408123,0.0015825568,1,0,0,1,1
45892,-1,0,-0.5022371,0.37701508,0,1,unassigned,10.0,10.0,0.0,1.0,0.0,0.0,0.015473888,0.0,0,0,0,0,0
45893,-1,0,-0.4853906,0.38098,0,1,unassigned,28.0,28.0,0.0,1.0,0.0,0.0,0.050290134,0.0,0,0,0,0,0
45894,-1,0,-0.4277084,0.3946737,0,1,unassigned,20.0,20.0,0.0,1.0,0.0,0.0,0.034816246,0.0,0,0,0,0,0
45895,-1,0,-0.7547614,0.3197847,0,1,unassigned,62.0,62.0,0.0,1.0,0.0,0.0,0.116054155,0.0,0,0,0,0,0
45896,1,0,-0.34404528,0.41482714,0,1,val,88.0,84.0,4.0,0.95454544,0.045454547,0.04545456,0.1663443,0.007561105,0,0,0,0,0
45897,-1,0,2.926334,0.949133,1,1,unassigned,3.0,3.0,0.0,1.0,0.0,0.0,0.001934236,0.0,0,0,0,1,1
45898,-1,0,-0.63028985,0.34744483,0,1,unassigned,61.0,61.0,0.0,1.0,0.0,0.0,0.114119925,0.0,0,0,0,0,0
45899,-1,1,2.6415713,0.93348956,1,1,unassigned,2.0,2.0,0.0,1.0,0.0,0.0,0.0,0.0,1,0,0,1,1
45900,1,0,1.0464473,0.7400921,1,0,unassigned,25.0,25.0,0.0,1.0,0.0,0.0,0.044487428,0.0,0,0,1,1,0
45901,-1,0,0.065035105,0.51625305,1,1,unassigned,6.0,6.0,0.0,1.0,0.0,0.0,0.007736944,0.0,0,0,0,1,0
45902,-1,0,7.908837,0.9996326,1,1,unassigned,4.0,4.0,0.0,1.0,0.0,0.0,0.003868472,0.0,0,0,0,1,1
45903,0,0,-0.8442265,0.30064538,0,0,val,2.0,2.0,0.0,1.0,0.0,0.0,0.0,0.0,0,0,1,0,0
45904,-1,1,5.082393,0.9938332,1,1,unassigned,10.0,10.0,0.0,1.0,0.0,0.0,0.015473888,0.0,1,0,0,1,1
45905,-1,1,7.3355308,0.99934846,1,1,unassigned,17.0,13.0,4.0,0.7647059,0.23529412,0.2352941,0.029013539,0.006826715,1,0,0,1,1
45906,-1,1,6.0900564,0.9977398,1,1,unassigned,7.0,7.0,0.0,1.0,0.0,0.0,0.00967118,0.0,1,0,0,1,1
45907,-1,0,0.31828332,0.5789058,1,1,unassigned,2.0,2.0,0.0,1.0,0.0,0.0,0.0,0.0,0,0,0,1,0
45908,-1,0,3.7620194,0.9772909,1,1,unassigned,8.0,8.0,0.0,1.0,0.0,0.0,0.0116054155,0.0,0,0,0,1,1
45909,1,0,3.4218957,0.9683819,1,0,unassigned,2.0,1.0,1.0,0.5,0.5,0.5,0.0,0.0,0,0,1,1,1
45910,1,1,1.0319161,0.7372872,1,0,unassigned,2.0,2.0,0.0,1.0,0.0,0.0,0.0,0.0,1,0,1,1,0
45911,-1,1,0.80717784,0.69150776,1,1,unassigned,4.0,4.0,0.0,1.0,0.0,0.0,0.003868472,0.0,1,0,0,1,0
45912,-1,1,2.53362,0.92646533,1,1,unassigned,3.0,3.0,0.0,1.0,0.0,0.0,0.001934236,0.0,1,0,0,1,1
45913,-1,0,-0.19239861,0.45204815,0,1,unassigned,2.0,2.0,0.0,1.0,0.0,0.0,0.0,0.0,0,0,0,0,0
45914,-1,1,0.5298458,0.62944716,1,1,unassigned,28.0,27.0,1.0,0.96428573,0.035714287,0.03571427,0.050290134,0.0017960763,1,0,0,1,0
45915,-1,1,-0.123286754,0.46921727,0,1,unassigned,4.0,4.0,0.0,1.0,0.0,0.0,0.003868472,0.0,1,0,0,0,0
45916,-1,1,-0.28141743,0.43010634,0,1,unassigned,16.0,16.0,0.0,1.0,0.0,0.0,0.027079303,0.0,1,0,0,0,0
45917,-1,1,5.0896707,0.9938777,1,1,unassigned,3.0,3.0,0.0,1.0,0.0,0.0,0.001934236,0.0,1,0,0,1,1
45918,-1,0,6.962774,0.9990544,1,1,unassigned,7.0,6.0,1.0,0.85714287,0.14285715,0.14285713,0.00967118,0.0013815971,0,0,0,1,1
45919,-1,0,-0.73030406,0.325128,0,1,unassigned,29.0,28.0,1.0,0.9655172,0.03448276,0.034482777,0.05222437,0.0018008404,0,0,0,0,0
45920,0,1,-0.25145653,0.43746504,0,0,test,18.0,16.0,2.0,0.8888889,0.11111111,0.111111104,0.030947777,0.0034386418,1,0,1,0,0
45921,-1,0,-0.52213824,0.3723524,0,1,unassigned,46.0,46.0,0.0,1.0,0.0,0.0,0.08510638,0.0,0,0,0,0,0
45922,-1,0,-0.43710226,0.39243165,0,1,unassigned,14.0,9.0,5.0,0.64285713,0.35714287,0.35714287,0.023210831,0.008289583,0,0,0,0,0
45923,-1,0,3.6129663,0.97373664,1,1,unassigned,2.0,2.0,0.0,1.0,0.0,0.0,0.0,0.0,0,0,0,1,1
45924,-1,0,-0.5619805,0.36308932,0,1,unassigned,14.0,14.0,0.0,1.0,0.0,0.0,0.023210831,0.0,0,0,0,0,0
45925,-1,0,-0.57163364,0.36085993,0,1,unassigned,42.0,40.0,2.0,0.95238096,0.04761905,0.047619045,0.07736944,0.003684259,0,0,0,0,0
45926,-1,0,-0.46367195,0.38611507,0,1,unassigned,40.0,40.0,0.0,1.0,0.0,0.0,0.07350097,0.0,0,0,0,0,0
45927,1,0,-0.21228805,0.4471264,0,1,val,61.0,61.0,0.0,1.0,0.0,0.0,0.114119925,0.0,0,0,0,0,0
45928,-1,0,-0.63845277,0.34559637,0,1,unassigned,45.0,45.0,0.0,1.0,0.0,0.0,0.08317215,0.0,0,0,0,0,0
45929,-1,0,0.10888386,0.5271941,1,1,unassigned,2.0,1.0,1.0,0.5,0.5,0.5,0.0,0.0,0,0,0,1,0
45930,-1,0,0.18810141,0.5468872,1,1,unassigned,18.0,3.0,15.0,0.16666667,0.8333333,0.8333333,0.030947777,0.025789814,0,0,0,1,0
45931,-1,0,0.10755652,0.5268632,1,1,unassigned,5.0,5.0,0.0,1.0,0.0,0.0,0.0058027077,0.0,0,0,0,1,0
45932,-1,0,-0.35192317,0.41291615,0,1,unassigned,3.0,3.0,0.0,1.0,0.0,0.0,0.001934236,0.0,0,0,0,0,0
45933,-1,0,0.26462454,0.5657728,1,1,unassigned,7.0,7.0,0.0,1.0,0.0,0.0,0.00967118,0.0,0,0,0,1,0
45934,0,0,1.3572569,0.7953135,1,1,test,3.0,3.0,0.0,1.0,0.0,0.0,0.001934236,0.0,0,0,0,1,0
45935,-1,0,1.3514001,0.79435843,1,1,unassigned,22.0,21.0,1.0,0.95454544,0.045454547,0.04545456,0.03868472,0.0017583964,0,0,0,1,0
45936,-1,0,1.880048,0.86761665,1,1,unassigned,2.0,2.0,0.0,1.0,0.0,0.0,0.0,0.0,0,0,0,1,0
45937,1,1,7.536364,0.99946696,1,0,unassigned,8.0,7.0,1.0,0.875,0.125,0.125,0.0116054155,0.0014506769,1,0,1,1,1
45938,-1,0,-0.80067426,0.3098813,0,1,unassigned,16.0,15.0,1.0,0.9375,0.0625,0.0625,0.027079303,0.0016924564,0,0,0,0,0
45939,-1,0,8.73302,0.9998388,1,1,unassigned,4.0,3.0,1.0,0.75,0.25,0.25,0.003868472,0.000967118,0,0,0,1,1
45940,-1,0,3.8803928,0.9797748,1,1,unassigned,3.0,2.0,1.0,0.6666667,0.33333334,0.3333333,0.001934236,0.00064474536,0,0,0,1,1
45941,-1,0,5.522634,0.9960206,1,1,unassigned,2.0,2.0,0.0,1.0,0.0,0.0,0.0,0.0,0,0,0,1,1
45942,-1,0,6.161931,0.9978962,1,1,unassigned,2.0,2.0,0.0,1.0,0.0,0.0,0.0,0.0,0,0,0,1,1
45943,-1,0,0.586703,0.6426083,1,1,unassigned,4.0,4.0,0.0,1.0,0.0,0.0,0.003868472,0.0,0,0,0,1,0
45944,-1,0,2.8346205,0.9445182,1,1,unassigned,21.0,21.0,0.0,1.0,0.0,0.0,0.036750484,0.0,0,0,0,1,1
45945,-1,0,4.6293087,0.9903329,1,1,unassigned,18.0,14.0,4.0,0.7777778,0.22222222,0.22222221,0.030947777,0.0068772836,0,0,0,1,1
45946,-1,1,2.9915793,0.95219225,1,1,unassigned,2.0,2.0,0.0,1.0,0.0,0.0,0.0,0.0,1,0,0,1,1
45947,-1,0,2.639332,0.9333504,1,1,unassigned,24.0,23.0,1.0,0.9583333,0.041666668,0.041666687,0.04255319,0.0017730496,0,0,0,1,1
45948,-1,0,0.14707297,0.5367021,1,1,unassigned,6.0,6.0,0.0,1.0,0.0,0.0,0.007736944,0.0,0,0,0,1,0
45949,-1,0,1.746773,0.85154533,1,1,unassigned,50.0,46.0,4.0,0.92,0.08,0.07999998,0.092843324,0.0074274656,0,0,0,1,0
45950,-1,0,0.99189574,0.7294622,1,1,unassigned,40.0,40.0,0.0,1.0,0.0,0.0,0.07350097,0.0,0,0,0,1,0
45951,-1,0,0.5109716,0.6250342,1,1,unassigned,22.0,20.0,2.0,0.90909094,0.09090909,0.090909064,0.03868472,0.0035167928,0,0,0,1,0
45952,-1,0,2.907531,0.9482175,1,1,unassigned,11.0,11.0,0.0,1.0,0.0,0.0,0.017408123,0.0,0,0,0,1,1
45953,1,0,-0.28054637,0.43031982,0,1,unassigned,23.0,22.0,1.0,0.95652175,0.04347826,0.04347825,0.040618956,0.0017660416,0,0,0,0,0
45954,1,0,1.2847202,0.7832522,1,0,unassigned,7.0,7.0,0.0,1.0,0.0,0.0,0.00967118,0.0,0,0,1,1,0
45955,-1,0,-0.43980634,0.3917871,0,1,unassigned,26.0,25.0,1.0,0.96153843,0.03846154,0.038461566,0.046421662,0.0017854486,0,0,0,0,0
45956,-1,0,2.4541948,0.9208677,1,1,unassigned,21.0,20.0,1.0,0.95238096,0.04761905,0.047619045,0.036750484,0.0017500231,0,0,0,1,1
45957,-1,0,7.916531,0.99963546,1,1,unassigned,2.0,2.0,0.0,1.0,0.0,0.0,0.0,0.0,0,0,0,1,1
45958,-1,0,-0.632457,0.34695363,0,1,unassigned,26.0,25.0,1.0,0.96153843,0.03846154,0.038461566,0.046421662,0.0017854486,0,0,0,0,0
45959,-1,1,1.8810549,0.8677322,1,1,unassigned,7.0,7.0,0.0,1.0,0.0,0.0,0.00967118,0.0,1,0,0,1,0
45960,-1,0,0.8964929,0.71022826,1,1,unassigned,2.0,1.0,1.0,0.5,0.5,0.5,0.0,0.0,0,0,0,1,0
45961,-1,0,-0.7564285,0.31942216,0,1,unassigned,18.0,18.0,0.0,1.0,0.0,0.0,0.030947777,0.0,0,0,0,0,0
45962,-1,0,0.8326109,0.6969067,1,1,unassigned,2.0,2.0,0.0,1.0,0.0,0.0,0.0,0.0,0,0,0,1,0
45963,-1,0,-0.7138488,0.32874894,0,1,unassigned,5.0,5.0,0.0,1.0,0.0,0.0,0.0058027077,0.0,0,0,0,0,0
45964,-1,0,12.647408,0.9999968,1,1,unassigned,43.0,40.0,3.0,0.9302326,0.069767445,0.069767416,0.079303674,0.0055328147,0,0,0,1,1
45965,-1,1,0.423617,0.6043485,1,1,unassigned,25.0,24.0,1.0,0.96,0.04,0.04000002,0.044487428,0.001779497,1,0,0,1,0
45966,-1,0,11.096983,0.99998486,1,1,unassigned,2.0,2.0,0.0,1.0,0.0,0.0,0.0,0.0,0,0,0,1,1
45967,-1,1,5.7519093,0.9968334,1,1,unassigned,12.0,11.0,1.0,0.9166667,0.083333336,0.08333331,0.01934236,0.0016118633,1,0,0,1,1
45968,-1,0,1.4667068,0.8125563,1,1,unassigned,3.0,3.0,0.0,1.0,0.0,0.0,0.001934236,0.0,0,0,0,1,0
45969,-1,0,11.24103,0.9999869,1,1,unassigned,2.0,2.0,0.0,1.0,0.0,0.0,0.0,0.0,0,0,0,1,1
45970,-1,1,-0.050879955,0.48728278,0,1,unassigned,3.0,3.0,0.0,1.0,0.0,0.0,0.001934236,0.0,1,0,0,0,0
45971,-1,0,8.655453,0.9998259,1,1,unassigned,3.0,3.0,0.0,1.0,0.0,0.0,0.001934236,0.0,0,0,0,1,1
45972,-1,1,0.14399129,0.53593576,1,1,unassigned,13.0,13.0,0.0,1.0,0.0,0.0,0.021276595,0.0,1,0,0,1,0
45973,1,1,-0.08963826,0.4776054,0,1,unassigned,42.0,41.0,1.0,0.97619045,0.023809524,0.023809552,0.07736944,0.0018421295,1,0,0,0,0
45974,-1,1,-0.4606019,0.38684306,0,1,unassigned,13.0,12.0,1.0,0.9230769,0.07692308,0.07692307,0.021276595,0.0016366612,1,0,0,0,0
45975,-1,1,-0.13989782,0.46508247,0,1,unassigned,12.0,11.0,1.0,0.9166667,0.083333336,0.08333331,0.01934236,0.0016118633,1,0,0,0,0
45976,-1,0,11.24103,0.9999869,1,1,unassigned,2.0,2.0,0.0,1.0,0.0,0.0,0.0,0.0,0,0,0,1,1
45977,-1,1,8.013674,0.9996692,1,1,unassigned,2.0,1.0,1.0,0.5,0.5,0.5,0.0,0.0,1,0,0,1,1
45978,-1,0,-0.02886349,0.49278465,0,1,unassigned,11.0,10.0,1.0,0.90909094,0.09090909,0.090909064,0.017408123,0.0015825568,0,0,0,0,0
45979,-1,0,10.897197,0.9999815,1,1,unassigned,3.0,3.0,0.0,1.0,0.0,0.0,0.001934236,0.0,0,0,0,1,1
45980,-1,0,0.09202665,0.5229904,1,1,unassigned,13.0,13.0,0.0,1.0,0.0,0.0,0.021276595,0.0,0,0,0,1,0
45981,-1,0,-0.49292946,0.3792037,0,1,unassigned,3.0,3.0,0.0,1.0,0.0,0.0,0.001934236,0.0,0,0,0,0,0
45982,-1,0,0.6032794,0.64640623,1,1,unassigned,18.0,18.0,0.0,1.0,0.0,0.0,0.030947777,0.0,0,0,0,1,0
45983,-1,0,4.435842,0.9882935,1,1,unassigned,18.0,18.0,0.0,1.0,0.0,0.0,0.030947777,0.0,0,0,0,1,1
45984,-1,0,-0.33906627,0.41603628,0,1,unassigned,13.0,13.0,0.0,1.0,0.0,0.0,0.021276595,0.0,0,0,0,0,0
45985,-1,0,-0.73468316,0.3241679,0,1,unassigned,8.0,8.0,0.0,1.0,0.0,0.0,0.0116054155,0.0,0,0,0,0,0
45986,-1,1,-0.44098574,0.3915061,0,1,unassigned,2.0,2.0,0.0,1.0,0.0,0.0,0.0,0.0,1,0,0,0,0
45987,-1,0,11.385075,0.9999887,1,1,unassigned,2.0,2.0,0.0,1.0,0.0,0.0,0.0,0.0,0,0,0,1,1
45988,-1,0,2.0483787,0.8857837,1,1,unassigned,18.0,17.0,1.0,0.9444444,0.055555556,0.055555582,0.030947777,0.0017193209,0,0,0,1,0
45989,-1,0,1.0793014,0.7463618,1,1,unassigned,19.0,19.0,0.0,1.0,0.0,0.0,0.032882012,0.0,0,0,0,1,0
45990,1,1,7.6000085,0.9994998,1,0,val,12.0,11.0,1.0,0.9166667,0.083333336,0.08333331,0.01934236,0.0016118633,1,0,1,1,1
45991,-1,1,-0.501027,0.37729934,0,1,unassigned,3.0,3.0,0.0,1.0,0.0,0.0,0.001934236,0.0,1,0,0,0,0
45992,-1,0,10.81216,0.99997985,1,1,unassigned,2.0,2.0,0.0,1.0,0.0,0.0,0.0,0.0,0,0,0,1,1
45993,-1,1,1.6710145,0.841711,1,1,unassigned,3.0,3.0,0.0,1.0,0.0,0.0,0.001934236,0.0,1,0,0,1,0
45994,-1,1,2.096913,0.89060277,1,1,unassigned,5.0,5.0,0.0,1.0,0.0,0.0,0.0058027077,0.0,1,0,0,1,0
45995,-1,1,1.7546351,0.8525365,1,1,unassigned,6.0,6.0,0.0,1.0,0.0,0.0,0.007736944,0.0,1,0,0,1,0
45996,-1,0,1.7089074,0.8466945,1,1,unassigned,6.0,6.0,0.0,1.0,0.0,0.0,0.007736944,0.0,0,0,0,1,0
45997,-1,0,1.3678958,0.7970399,1,1,unassigned,50.0,49.0,1.0,0.98,0.02,0.01999998,0.092843324,0.0018568664,0,0,0,1,0
45998,-1,0,0.26817018,0.5666436,1,1,unassigned,20.0,20.0,0.0,1.0,0.0,0.0,0.034816246,0.0,0,0,0,1,0
45999,-1,0,1.3471673,0.7936661,1,1,unassigned,21.0,21.0,0.0,1.0,0.0,0.0,0.036750484,0.0,0,0,0,1,0
46000,-1,0,-0.84546053,0.30038598,0,1,unassigned,26.0,25.0,1.0,0.96153843,0.03846154,0.038461566,0.046421662,0.0017854486,0,0,0,0,0
46001,-1,0,2.347513,0.9127363,1,1,unassigned,3.0,3.0,0.0,1.0,0.0,0.0,0.001934236,0.0,0,0,0,1,1
46002,-1,0,11.24103,0.9999869,1,1,unassigned,2.0,2.0,0.0,1.0,0.0,0.0,0.0,0.0,0,0,0,1,1
46003,-1,0,11.24103,0.9999869,1,1,unassigned,2.0,2.0,0.0,1.0,0.0,0.0,0.0,0.0,0,0,0,1,1
46004,-1,0,11.100568,0.99998486,1,1,unassigned,3.0,3.0,0.0,1.0,0.0,0.0,0.001934236,0.0,0,0,0,1,1
46005,-1,1,0.03934604,0.50983524,1,1,unassigned,4.0,1.0,3.0,0.25,0.75,0.75,0.003868472,0.002901354,1,0,0,1,0
46006,-1,0,11.24103,0.9999869,1,1,unassigned,2.0,2.0,0.0,1.0,0.0,0.0,0.0,0.0,0,0,0,1,1
46007,-1,0,0.6411522,0.65501386,1,1,unassigned,2.0,2.0,0.0,1.0,0.0,0.0,0.0,0.0,0,0,0,1,0
46008,-1,0,11.77274,0.99999225,1,1,unassigned,2.0,2.0,0.0,1.0,0.0,0.0,0.0,0.0,0,0,0,1,1
46009,-1,0,2.349191,0.91286993,1,1,unassigned,22.0,22.0,0.0,1.0,0.0,0.0,0.03868472,0.0,0,0,0,1,1
46010,-1,0,0.30666214,0.5760703,1,1,unassigned,9.0,9.0,0.0,1.0,0.0,0.0,0.013539651,0.0,0,0,0,1,0
46011,-1,0,2.5618136,0.9283632,1,1,unassigned,47.0,47.0,0.0,1.0,0.0,0.0,0.08704062,0.0,0,0,0,1,1
46012,-1,0,-0.87029815,0.29519227,0,1,unassigned,27.0,27.0,0.0,1.0,0.0,0.0,0.0483559,0.0,0,0,0,0,0
46013,-1,0,-0.145953,0.4635764,0,1,unassigned,61.0,60.0,1.0,0.9836066,0.016393442,0.016393423,0.114119925,0.0018708183,0,0,0,0,0
46014,-1,0,0.01082623,0.50270647,1,1,unassigned,67.0,66.0,1.0,0.98507464,0.014925373,0.014925361,0.12572534,0.0018764976,0,0,0,1,0
46015,-1,0,-0.119392395,0.4701873,0,1,unassigned,6.0,5.0,1.0,0.8333333,0.16666667,0.16666669,0.007736944,0.0012894907,0,0,0,0,0
46016,-1,0,-0.15868756,0.46041113,0,1,unassigned,6.0,5.0,1.0,0.8333333,0.16666667,0.16666669,0.007736944,0.0012894907,0,0,0,0,0
46017,-1,0,-0.40825236,0.39933127,0,1,unassigned,21.0,21.0,0.0,1.0,0.0,0.0,0.036750484,0.0,0,0,0,0,0
46018,-1,0,11.24103,0.9999869,1,1,unassigned,2.0,2.0,0.0,1.0,0.0,0.0,0.0,0.0,0,0,0,1,1
46019,-1,1,0.09204018,0.5229938,1,1,unassigned,5.0,5.0,0.0,1.0,0.0,0.0,0.0058027077,0.0,1,0,0,1,0
46020,-1,0,-0.32052803,0.42054704,0,1,unassigned,25.0,20.0,5.0,0.8,0.2,0.19999999,0.044487428,0.008897486,0,0,0,0,0
46021,0,0,-0.23361695,0.44185996,0,0,unassigned,32.0,32.0,0.0,1.0,0.0,0.0,0.058027077,0.0,0,0,1,0,0
46022,-1,1,-0.7765352,0.3150671,0,1,unassigned,2.0,2.0,0.0,1.0,0.0,0.0,0.0,0.0,1,0,0,0,0
46023,-1,1,0.11017698,0.5275164,1,1,unassigned,5.0,5.0,0.0,1.0,0.0,0.0,0.0058027077,0.0,1,0,0,1,0
46024,-1,1,2.1778023,0.8982384,1,1,unassigned,6.0,6.0,0.0,1.0,0.0,0.0,0.007736944,0.0,1,0,0,1,0
46025,-1,0,11.385075,0.9999887,1,1,unassigned,2.0,2.0,0.0,1.0,0.0,0.0,0.0,0.0,0,0,0,1,1
46026,-1,0,11.24103,0.9999869,1,1,unassigned,2.0,2.0,0.0,1.0,0.0,0.0,0.0,0.0,0,0,0,1,1
46027,-1,0,-1.0076917,0.26743183,0,1,unassigned,3.0,3.0,0.0,1.0,0.0,0.0,0.001934236,0.0,0,0,0,0,0
46028,-1,0,8.092741,0.99969435,1,1,unassigned,2.0,2.0,0.0,1.0,0.0,0.0,0.0,0.0,0,0,0,1,1
46029,-1,1,2.5928037,0.930397,1,1,unassigned,33.0,29.0,4.0,0.8787879,0.121212125,0.121212125,0.059961315,0.0072680386,1,0,0,1,1
46030,-1,0,0.20136356,0.5501715,1,1,unassigned,4.0,4.0,0.0,1.0,0.0,0.0,0.003868472,0.0,0,0,0,1,0
46031,-1,1,4.953239,0.99298894,1,1,unassigned,4.0,4.0,0.0,1.0,0.0,0.0,0.003868472,0.0,1,0,0,1,1
46032,-1,0,-0.7773529,0.31489065,0,1,unassigned,2.0,1.0,1.0,0.5,0.5,0.5,0.0,0.0,0,0,0,0,0
46033,-1,1,0.25056154,0.5623147,1,1,unassigned,4.0,4.0,0.0,1.0,0.0,0.0,0.003868472,0.0,1,0,0,1,0
46034,-1,0,2.446698,0.9203197,1,1,unassigned,17.0,17.0,0.0,1.0,0.0,0.0,0.029013539,0.0,0,0,0,1,1
46035,-1,1,-0.3935901,0.4028534,0,1,unassigned,9.0,8.0,1.0,0.8888889,0.11111111,0.111111104,0.013539651,0.0015044058,1,0,0,0,0
46036,-1,1,-0.24349692,0.43942475,0,1,unassigned,2.0,2.0,0.0,1.0,0.0,0.0,0.0,0.0,1,0,0,0,0
46037,-1,0,-0.20266193,0.4495072,0,1,unassigned,9.0,9.0,0.0,1.0,0.0,0.0,0.013539651,0.0,0,0,0,0,0
46038,-1,1,0.95889014,0.72289956,1,1,unassigned,3.0,3.0,0.0,1.0,0.0,0.0,0.001934236,0.0,1,0,0,1,0
46039,-1,0,6.223185,0.998021,1,1,unassigned,2.0,2.0,0.0,1.0,0.0,0.0,0.0,0.0,0,0,0,1,1
46040,-1,1,2.44094,0.9198964,1,1,unassigned,2.0,2.0,0.0,1.0,0.0,0.0,0.0,0.0,1,0,0,1,1
46041,-1,0,11.24103,0.9999869,1,1,unassigned,2.0,2.0,0.0,1.0,0.0,0.0,0.0,0.0,0,0,0,1,1
46042,-1,1,-0.455226,0.38811898,0,1,unassigned,7.0,6.0,1.0,0.85714287,0.14285715,0.14285713,0.00967118,0.0013815971,1,0,0,0,0
46043,-1,1,6.7297764,0.9988066,1,1,unassigned,3.0,3.0,0.0,1.0,0.0,0.0,0.001934236,0.0,1,0,0,1,1
46044,-1,1,-0.2903764,0.4279117,0,1,unassigned,60.0,54.0,6.0,0.9,0.1,0.100000024,0.11218569,0.011218569,1,0,0,0,0
46045,-1,0,3.575195,0.97275317,1,1,unassigned,5.0,5.0,0.0,1.0,0.0,0.0,0.0058027077,0.0,0,0,0,1,1
46046,-1,1,1.0173175,0.73444974,1,1,unassigned,2.0,2.0,0.0,1.0,0.0,0.0,0.0,0.0,1,0,0,1,0
46047,-1,0,0.831405,0.69665194,1,1,unassigned,22.0,21.0,1.0,0.95454544,0.045454547,0.04545456,0.03868472,0.0017583964,0,0,0,1,0
46048,-1,1,3.7584045,0.9772106,1,1,unassigned,5.0,5.0,0.0,1.0,0.0,0.0,0.0058027077,0.0,1,0,0,1,1
46049,-1,1,0.44906586,0.61041707,1,1,unassigned,16.0,16.0,0.0,1.0,0.0,0.0,0.027079303,0.0,1,0,0,1,0
46050,-1,1,0.5553873,0.6353846,1,1,unassigned,4.0,4.0,0.0,1.0,0.0,0.0,0.003868472,0.0,1,0,0,1,0
46051,-1,0,0.54311854,0.63253754,1,1,unassigned,2.0,2.0,0.0,1.0,0.0,0.0,0.0,0.0,0,0,0,1,0
46052,-1,0,5.6795363,0.9965965,1,1,unassigned,2.0,2.0,0.0,1.0,0.0,0.0,0.0,0.0,0,0,0,1,1
46053,-1,0,0.54311854,0.63253754,1,1,unassigned,2.0,2.0,0.0,1.0,0.0,0.0,0.0,0.0,0,0,0,1,0
46054,-1,0,0.54592425,0.63318944,1,1,unassigned,2.0,2.0,0.0,1.0,0.0,0.0,0.0,0.0,0,0,0,1,0
46055,-1,0,0.3908177,0.59647954,1,1,unassigned,34.0,34.0,0.0,1.0,0.0,0.0,0.061895553,0.0,0,0,0,1,0
46056,-1,0,1.5875614,0.83027273,1,1,unassigned,23.0,23.0,0.0,1.0,0.0,0.0,0.040618956,0.0,0,0,0,1,0
46057,-1,0,-0.008725584,0.49781862,0,1,unassigned,49.0,48.0,1.0,0.97959185,0.020408163,0.020408154,0.09090909,0.0018552876,0,0,0,0,0
46058,-1,0,-0.21285212,0.44698697,0,1,unassigned,10.0,8.0,2.0,0.8,0.2,0.19999999,0.015473888,0.0030947777,0,0,0,0,0
46059,-1,0,-0.7536795,0.32002008,0,1,unassigned,12.0,12.0,0.0,1.0,0.0,0.0,0.01934236,0.0,0,0,0,0,0
46060,-1,0,-1.1524565,0.24004066,0,1,unassigned,2.0,2.0,0.0,1.0,0.0,0.0,0.0,0.0,0,0,0,0,0
46061,-1,0,7.6013694,0.9995005,1,1,unassigned,2.0,1.0,1.0,0.5,0.5,0.5,0.0,0.0,0,0,0,1,1
46062,-1,0,-0.61530805,0.35084933,0,1,unassigned,15.0,15.0,0.0,1.0,0.0,0.0,0.025145067,0.0,0,0,0,0,0
46063,-1,0,6.1765447,0.9979267,1,1,unassigned,2.0,2.0,0.0,1.0,0.0,0.0,0.0,0.0,0,0,0,1,1
46064,-1,0,1.144388,0.75848436,1,1,unassigned,6.0,6.0,0.0,1.0,0.0,0.0,0.007736944,0.0,0,0,0,1,0
46065,-1,1,-0.53265655,0.3698975,0,1,unassigned,3.0,3.0,0.0,1.0,0.0,0.0,0.001934236,0.0,1,0,0,0,0
46066,0,1,0.14366716,0.5358551,1,1,unassigned,2.0,1.0,1.0,0.5,0.5,0.5,0.0,0.0,1,0,0,1,0
46067,-1,0,-0.10322362,0.47421697,0,1,unassigned,85.0,83.0,2.0,0.9764706,0.023529412,0.02352941,0.16054158,0.003777449,0,0,0,0,0
46068,0,0,-0.31369722,0.42221254,0,0,unassigned,66.0,66.0,0.0,1.0,0.0,0.0,0.123791106,0.0,0,0,1,0,0
46069,-1,0,-0.35712874,0.41165483,0,1,unassigned,27.0,27.0,0.0,1.0,0.0,0.0,0.0483559,0.0,0,0,0,0,0
46070,-1,0,-0.29424462,0.42696506,0,1,unassigned,56.0,56.0,0.0,1.0,0.0,0.0,0.10444874,0.0,0,0,0,0,0
46071,0,0,-0.8261133,0.30446753,0,0,unassigned,12.0,12.0,0.0,1.0,0.0,0.0,0.01934236,0.0,0,0,1,0,0
46072,-1,0,2.334385,0.911685,1,1,unassigned,7.0,7.0,0.0,1.0,0.0,0.0,0.00967118,0.0,0,0,0,1,1
46073,-1,1,1.9697587,0.87758523,1,1,unassigned,5.0,4.0,1.0,0.8,0.2,0.19999999,0.0058027077,0.0011605415,1,0,0,1,0
46074,-1,1,6.397609,0.99833715,1,1,unassigned,33.0,31.0,2.0,0.93939394,0.060606062,0.060606062,0.059961315,0.0036340193,1,0,0,1,1
46075,-1,0,0.7771171,0.6850585,1,1,unassigned,2.0,2.0,0.0,1.0,0.0,0.0,0.0,0.0,0,0,0,1,0
46076,-1,0,4.960756,0.99304116,1,1,unassigned,2.0,2.0,0.0,1.0,0.0,0.0,0.0,0.0,0,0,0,1,1
46077,-1,0,-0.24939504,0.4379724,0,1,unassigned,3.0,3.0,0.0,1.0,0.0,0.0,0.001934236,0.0,0,0,0,0,0
46078,-1,1,-0.79397863,0.31131503,0,1,unassigned,65.0,60.0,5.0,0.9230769,0.07692308,0.07692307,0.12185687,0.009373605,1,0,0,0,0
46079,-1,1,-0.34610265,0.41432786,0,1,unassigned,3.0,3.0,0.0,1.0,0.0,0.0,0.001934236,0.0,1,0,0,0,0
46080,-1,0,1.389389,0.8004947,1,1,unassigned,7.0,7.0,0.0,1.0,0.0,0.0,0.00967118,0.0,0,0,0,1,0
46081,-1,0,-0.6283965,0.3478742,0,1,unassigned,31.0,31.0,0.0,1.0,0.0,0.0,0.056092843,0.0,0,0,0,0,0
46082,-1,1,-0.41069877,0.39874458,0,1,unassigned,7.0,7.0,0.0,1.0,0.0,0.0,0.00967118,0.0,1,0,0,0,0
46083,-1,1,4.1836276,0.9849858,1,1,unassigned,4.0,4.0,0.0,1.0,0.0,0.0,0.003868472,0.0,1,0,0,1,1
46084,1,0,-0.022606015,0.49434876,0,1,unassigned,22.0,22.0,0.0,1.0,0.0,0.0,0.03868472,0.0,0,0,0,0,0
46085,-1,0,1.3329821,0.7913335,1,1,unassigned,2.0,2.0,0.0,1.0,0.0,0.0,0.0,0.0,0,0,0,1,0
46086,-1,0,-0.32787415,0.41875795,0,1,unassigned,24.0,23.0,1.0,0.9583333,0.041666668,0.041666687,0.04255319,0.0017730496,0,0,0,0,0
46087,-1,0,-0.5210023,0.3726179,0,1,unassigned,24.0,24.0,0.0,1.0,0.0,0.0,0.04255319,0.0,0,0,0,0,0
46088,-1,0,0.6195877,0.6501248,1,1,unassigned,33.0,32.0,1.0,0.969697,0.030303031,0.030303001,0.059961315,0.0018170096,0,0,0,1,0
46089,-1,1,5.759622,0.99685764,1,1,unassigned,23.0,19.0,4.0,0.82608694,0.17391305,0.17391306,0.040618956,0.0070641665,1,0,0,1,1
46090,-1,1,-0.8563608,0.29810023,0,1,unassigned,80.0,61.0,19.0,0.7625,0.2375,0.23750001,0.15087041,0.035831723,1,0,0,0,0
46091,1,0,5.5153775,0.99599177,1,0,unassigned,7.0,7.0,0.0,1.0,0.0,0.0,0.00967118,0.0,0,0,1,1,1
46092,0,1,-0.80858946,0.30819118,0,0,val,3.0,3.0,0.0,1.0,0.0,0.0,0.001934236,0.0,1,0,1,0,0
46093,-1,0,-0.1782574,0.45555332,0,1,unassigned,99.0,99.0,0.0,1.0,0.0,0.0,0.1876209,0.0,0,0,0,0,0
46094,-1,0,12.271446,0.99999535,1,1,unassigned,2.0,2.0,0.0,1.0,0.0,0.0,0.0,0.0,0,0,0,1,1
46095,-1,0,0.8200682,0.6942508,1,1,unassigned,27.0,22.0,5.0,0.8148148,0.18518518,0.1851852,0.0483559,0.008954796,0,0,0,1,0
46096,-1,0,2.07114,0.88806635,1,1,unassigned,6.0,6.0,0.0,1.0,0.0,0.0,0.007736944,0.0,0,0,0,1,0
46097,-1,1,1.2693994,0.7806399,1,1,unassigned,2.0,2.0,0.0,1.0,0.0,0.0,0.0,0.0,1,0,0,1,0
46098,-1,0,-0.3105821,0.42297268,0,1,unassigned,81.0,81.0,0.0,1.0,0.0,0.0,0.15280464,0.0,0,0,0,0,0
46099,-1,1,-0.8549388,0.29839784,0,1,unassigned,72.0,72.0,0.0,1.0,0.0,0.0,0.13539653,0.0,1,0,0,0,0
46100,1,0,-0.27022144,0.43285275,0,1,test,60.0,59.0,1.0,0.98333335,0.016666668,0.01666665,0.11218569,0.0018697615,0,0,0,0,0
46101,-1,0,2.292145,0.90822446,1,1,unassigned,14.0,14.0,0.0,1.0,0.0,0.0,0.023210831,0.0,0,0,0,1,1
46102,-1,0,-0.5962502,0.35520205,0,1,unassigned,25.0,25.0,0.0,1.0,0.0,0.0,0.044487428,0.0,0,0,0,0,0
46103,-1,1,1.054218,0.7415841,1,1,unassigned,4.0,4.0,0.0,1.0,0.0,0.0,0.003868472,0.0,1,0,0,1,0
46104,-1,0,-0.259645,0.435451,0,1,unassigned,11.0,10.0,1.0,0.90909094,0.09090909,0.090909064,0.017408123,0.0015825568,0,0,0,0,0
46105,1,0,0.8361164,0.6976467,1,0,unassigned,47.0,43.0,4.0,0.9148936,0.08510638,0.08510637,0.08704062,0.007407712,0,0,1,1,0
46106,-1,0,3.1777277,0.9599875,1,1,unassigned,5.0,5.0,0.0,1.0,0.0,0.0,0.0058027077,0.0,0,0,0,1,1
46107,-1,1,2.278938,0.9071176,1,1,unassigned,10.0,10.0,0.0,1.0,0.0,0.0,0.015473888,0.0,1,0,0,1,1
46108,-1,1,-1.3715647,0.20236717,0,1,unassigned,3.0,3.0,0.0,1.0,0.0,0.0,0.001934236,0.0,1,0,0,0,0
46109,0,1,-0.9060929,0.2878,0,0,unassigned,8.0,8.0,0.0,1.0,0.0,0.0,0.0116054155,0.0,1,0,1,0,0
46110,-1,1,2.8754761,0.9466207,1,1,unassigned,3.0,3.0,0.0,1.0,0.0,0.0,0.001934236,0.0,1,0,0,1,1
46111,-1,0,1.4126842,0.80418897,1,1,unassigned,2.0,2.0,0.0,1.0,0.0,0.0,0.0,0.0,0,0,0,1,0
46112,-1,0,1.2219017,0.77239805,1,1,unassigned,36.0,34.0,2.0,0.9444444,0.055555556,0.055555582,0.065764025,0.003653557,0,0,0,1,0
46113,-1,0,10.09152,0.9999585,1,1,unassigned,2.0,2.0,0.0,1.0,0.0,0.0,0.0,0.0,0,0,0,1,1
46114,-1,0,-0.27731216,0.43111286,0,1,unassigned,8.0,8.0,0.0,1.0,0.0,0.0,0.0116054155,0.0,0,0,0,0,0
46115,-1,1,0.61975294,0.65016234,1,1,unassigned,11.0,11.0,0.0,1.0,0.0,0.0,0.017408123,0.0,1,0,0,1,0
46116,-1,1,-0.9130001,0.2863863,0,1,unassigned,3.0,3.0,0.0,1.0,0.0,0.0,0.001934236,0.0,1,0,0,0,0
46117,-1,0,11.77274,0.99999225,1,1,unassigned,2.0,2.0,0.0,1.0,0.0,0.0,0.0,0.0,0,0,0,1,1
46118,-1,1,0.6196726,0.65014404,1,1,unassigned,32.0,32.0,0.0,1.0,0.0,0.0,0.058027077,0.0,1,0,0,1,0
46119,-1,0,15.390415,0.99999976,1,1,unassigned,2.0,2.0,0.0,1.0,0.0,0.0,0.0,0.0,0,0,0,1,1
46120,-1,1,-0.14693454,0.46333236,0,1,unassigned,3.0,3.0,0.0,1.0,0.0,0.0,0.001934236,0.0,1,0,0,0,0
46121,-1,1,-0.031183064,0.49220484,0,1,unassigned,27.0,27.0,0.0,1.0,0.0,0.0,0.0483559,0.0,1,0,0,0,0
46122,-1,1,0.38271207,0.59452707,1,1,unassigned,4.0,4.0,0.0,1.0,0.0,0.0,0.003868472,0.0,1,0,0,1,0
46123,-1,1,-0.8295427,0.30374178,0,1,unassigned,16.0,15.0,1.0,0.9375,0.0625,0.0625,0.027079303,0.0016924564,1,0,0,0,0
46124,-1,1,1.3097394,0.7874695,1,1,unassigned,40.0,40.0,0.0,1.0,0.0,0.0,0.07350097,0.0,1,0,0,1,0
46125,-1,0,-0.85966384,0.2974096,0,1,unassigned,40.0,40.0,0.0,1.0,0.0,0.0,0.07350097,0.0,0,0,0,0,0
46126,-1,0,-0.3847568,0.40498015,0,1,unassigned,6.0,6.0,0.0,1.0,0.0,0.0,0.007736944,0.0,0,0,0,0,0
46127,-1,0,0.6292916,0.6523288,1,1,unassigned,14.0,14.0,0.0,1.0,0.0,0.0,0.023210831,0.0,0,0,0,1,0
46128,-1,0,-0.6147489,0.35097668,0,1,unassigned,24.0,24.0,0.0,1.0,0.0,0.0,0.04255319,0.0,0,0,0,0,0
46129,-1,0,2.8744318,0.94656795,1,1,unassigned,25.0,25.0,0.0,1.0,0.0,0.0,0.044487428,0.0,0,0,0,1,1
46130,-1,0,-0.82140625,0.30546522,0,1,unassigned,7.0,7.0,0.0,1.0,0.0,0.0,0.00967118,0.0,0,0,0,0,0
46131,1,0,0.2953319,0.57330096,1,0,unassigned,32.0,30.0,2.0,0.9375,0.0625,0.0625,0.058027077,0.0036266923,0,0,1,1,0
46132,-1,1,2.9652896,0.9509812,1,1,unassigned,2.0,2.0,0.0,1.0,0.0,0.0,0.0,0.0,1,0,0,1,1
46133,-1,1,2.4436932,0.920099,1,1,unassigned,4.0,4.0,0.0,1.0,0.0,0.0,0.003868472,0.0,1,0,0,1,1
46134,-1,0,0.11588377,0.52893853,1,1,unassigned,3.0,3.0,0.0,1.0,0.0,0.0,0.001934236,0.0,0,0,0,1,0
46135,-1,0,7.6761975,0.9995365,1,1,unassigned,16.0,13.0,3.0,0.8125,0.1875,0.1875,0.027079303,0.0050773695,0,0,0,1,1
46136,-1,0,0.041244686,0.5103097,1,1,unassigned,10.0,10.0,0.0,1.0,0.0,0.0,0.015473888,0.0,0,0,0,1,0
46137,-1,0,0.02571094,0.5064274,1,1,unassigned,4.0,4.0,0.0,1.0,0.0,0.0,0.003868472,0.0,0,0,0,1,0
46138,-1,0,2.9555812,0.9505266,1,1,unassigned,4.0,3.0,1.0,0.75,0.25,0.25,0.003868472,0.000967118,0,0,0,1,1
46139,-1,1,1.4513986,0.81021357,1,1,unassigned,5.0,5.0,0.0,1.0,0.0,0.0,0.0058027077,0.0,1,0,0,1,0
46140,-1,1,-0.013268709,0.49668285,0,1,unassigned,7.0,7.0,0.0,1.0,0.0,0.0,0.00967118,0.0,1,0,0,0,0
46141,-1,0,4.440546e-05,0.5000111,1,1,unassigned,3.0,3.0,0.0,1.0,0.0,0.0,0.001934236,0.0,0,0,0,1,0
46142,-1,0,-0.35178807,0.4129489,0,1,unassigned,15.0,15.0,0.0,1.0,0.0,0.0,0.025145067,0.0,0,0,0,0,0
46143,-1,0,-0.746404,0.32160535,0,1,unassigned,6.0,6.0,0.0,1.0,0.0,0.0,0.007736944,0.0,0,0,0,0,0
46144,-1,0,-0.21208525,0.44717655,0,1,unassigned,10.0,7.0,3.0,0.7,0.3,0.3,0.015473888,0.0046421667,0,0,0,0,0
46145,-1,0,1.7153873,0.84753376,1,1,unassigned,4.0,4.0,0.0,1.0,0.0,0.0,0.003868472,0.0,0,0,0,1,0
46146,0,0,-0.16570568,0.45866814,0,0,test,4.0,4.0,0.0,1.0,0.0,0.0,0.003868472,0.0,0,0,1,0,0
46147,-1,0,0.031505644,0.50787574,1,1,unassigned,3.0,3.0,0.0,1.0,0.0,0.0,0.001934236,0.0,0,0,0,1,0
46148,-1,1,4.835613,0.99212074,1,1,unassigned,7.0,7.0,0.0,1.0,0.0,0.0,0.00967118,0.0,1,0,0,1,1
46149,-1,0,3.0033796,0.9527266,1,1,unassigned,2.0,1.0,1.0,0.5,0.5,0.5,0.0,0.0,0,0,0,1,1
46150,-1,1,0.03225285,0.50806254,1,1,unassigned,36.0,36.0,0.0,1.0,0.0,0.0,0.065764025,0.0,1,0,0,1,0
46151,-1,1,-0.346191,0.41430643,0,1,unassigned,8.0,3.0,5.0,0.375,0.625,0.625,0.0116054155,0.0072533847,1,0,0,0,0
46152,-1,0,-0.6058298,0.35301107,0,1,unassigned,5.0,5.0,0.0,1.0,0.0,0.0,0.0058027077,0.0,0,0,0,0,0
46153,-1,0,0.75190216,0.679593,1,1,unassigned,6.0,6.0,0.0,1.0,0.0,0.0,0.007736944,0.0,0,0,0,1,0
46154,1,0,1.808603,0.8591929,1,0,test,14.0,14.0,0.0,1.0,0.0,0.0,0.023210831,0.0,0,0,1,1,0
46155,-1,1,0.4434064,0.6090704,1,1,unassigned,2.0,2.0,0.0,1.0,0.0,0.0,0.0,0.0,1,0,0,1,0
46156,-1,0,-0.7938734,0.31133756,0,1,unassigned,21.0,21.0,0.0,1.0,0.0,0.0,0.036750484,0.0,0,0,0,0,0
46157,-1,0,0.20228165,0.5503987,1,1,unassigned,9.0,8.0,1.0,0.8888889,0.11111111,0.111111104,0.013539651,0.0015044058,0,0,0,1,0
46158,-1,0,2.8367207,0.9446282,1,1,unassigned,24.0,24.0,0.0,1.0,0.0,0.0,0.04255319,0.0,0,0,0,1,1
46159,-1,0,4.622086,0.99026346,1,1,unassigned,12.0,12.0,0.0,1.0,0.0,0.0,0.01934236,0.0,0,0,0,1,1
46160,-1,0,2.9674985,0.9510841,1,1,unassigned,5.0,5.0,0.0,1.0,0.0,0.0,0.0058027077,0.0,0,0,0,1,1
46161,-1,1,4.0339203,0.9826032,1,1,unassigned,7.0,7.0,0.0,1.0,0.0,0.0,0.00967118,0.0,1,0,0,1,1
46162,-1,0,-0.046363354,0.48841125,0,1,unassigned,42.0,41.0,1.0,0.97619045,0.023809524,0.023809552,0.07736944,0.0018421295,0,0,0,0,0
46163,-1,1,0.34735554,0.5859762,1,1,unassigned,3.0,3.0,0.0,1.0,0.0,0.0,0.001934236,0.0,1,0,0,1,0
46164,-1,0,-0.583639,0.3580957,0,1,unassigned,51.0,51.0,0.0,1.0,0.0,0.0,0.09477756,0.0,0,0,0,0,0
46165,-1,1,-0.56264395,0.36293593,0,1,unassigned,26.0,26.0,0.0,1.0,0.0,0.0,0.046421662,0.0,1,0,0,0,0
46166,-1,0,0.08513552,0.52127105,1,1,unassigned,12.0,12.0,0.0,1.0,0.0,0.0,0.01934236,0.0,0,0,0,1,0
46167,-1,0,0.633316,0.6532409,1,1,unassigned,4.0,4.0,0.0,1.0,0.0,0.0,0.003868472,0.0,0,0,0,1,0
46168,-1,0,-0.39690465,0.40205628,0,1,unassigned,4.0,4.0,0.0,1.0,0.0,0.0,0.003868472,0.0,0,0,0,0,0
46169,-1,1,2.0652664,0.8874811,1,1,unassigned,4.0,4.0,0.0,1.0,0.0,0.0,0.003868472,0.0,1,0,0,1,0
46170,-1,1,4.586893,0.9899183,1,1,unassigned,4.0,4.0,0.0,1.0,0.0,0.0,0.003868472,0.0,1,0,0,1,1
46171,0,1,-1.2795577,0.21762551,0,0,val,4.0,4.0,0.0,1.0,0.0,0.0,0.003868472,0.0,1,0,1,0,0
46172,-1,0,-0.982017,0.27249175,0,1,unassigned,3.0,3.0,0.0,1.0,0.0,0.0,0.001934236,0.0,0,0,0,0,0
46173,-1,1,-0.10554832,0.4736374,0,1,unassigned,2.0,2.0,0.0,1.0,0.0,0.0,0.0,0.0,1,0,0,0,0
46174,0,0,-0.7254429,0.32619557,0,0,unassigned,17.0,15.0,2.0,0.88235295,0.11764706,0.11764705,0.029013539,0.0034133575,0,0,1,0,0
46175,0,0,-0.9858662,0.27172935,0,0,val,10.0,10.0,0.0,1.0,0.0,0.0,0.015473888,0.0,0,0,1,0,0
46176,-1,0,0.7319308,0.67522883,1,1,unassigned,8.0,8.0,0.0,1.0,0.0,0.0,0.0116054155,0.0,0,0,0,1,0
46177,-1,0,-0.8839831,0.29235306,0,1,unassigned,5.0,5.0,0.0,1.0,0.0,0.0,0.0058027077,0.0,0,0,0,0,0
46178,1,1,0.71848816,0.672274,1,0,test,15.0,15.0,0.0,1.0,0.0,0.0,0.025145067,0.0,1,0,1,1,0
46179,-1,1,2.2017357,0.9004053,1,1,unassigned,2.0,1.0,1.0,0.5,0.5,0.5,0.0,0.0,1,0,0,1,1
46180,-1,0,-0.3220172,0.42018422,0,1,unassigned,2.0,2.0,0.0,1.0,0.0,0.0,0.0,0.0,0,0,0,0,0
46181,-1,0,0.17423612,0.54344916,1,1,unassigned,17.0,17.0,0.0,1.0,0.0,0.0,0.029013539,0.0,0,0,0,1,0
46182,-1,0,0.3520264,0.58710885,1,1,unassigned,27.0,27.0,0.0,1.0,0.0,0.0,0.0483559,0.0,0,0,0,1,0
46183,-1,1,-0.61519825,0.35087433,0,1,unassigned,67.0,66.0,1.0,0.98507464,0.014925373,0.014925361,0.12572534,0.0018764976,1,0,0,0,0
46184,-1,0,-0.30808595,0.42358202,0,1,unassigned,53.0,48.0,5.0,0.9056604,0.094339624,0.09433961,0.09864604,0.00930623,0,0,0,0,0
46185,-1,1,-0.2086407,0.4480282,0,1,unassigned,60.0,53.0,7.0,0.8833333,0.11666667,0.116666675,0.11218569,0.013088331,1,0,0,0,0
46186,-1,0,0.26487362,0.5658339,1,1,unassigned,8.0,7.0,1.0,0.875,0.125,0.125,0.0116054155,0.0014506769,0,0,0,1,0
46187,-1,0,-0.38178903,0.4056955,0,1,unassigned,11.0,11.0,0.0,1.0,0.0,0.0,0.017408123,0.0,0,0,0,0,0
46188,-1,0,-0.29105654,0.42774525,0,1,unassigned,12.0,12.0,0.0,1.0,0.0,0.0,0.01934236,0.0,0,0,0,0,0
46189,-1,0,0.56053215,0.63657564,1,1,unassigned,4.0,4.0,0.0,1.0,0.0,0.0,0.003868472,0.0,0,0,0,1,0
46190,-1,0,2.7127676,0.9377758,1,1,unassigned,2.0,2.0,0.0,1.0,0.0,0.0,0.0,0.0,0,0,0,1,1
46191,0,0,-0.35895097,0.41121352,0,0,unassigned,51.0,48.0,3.0,0.9411765,0.05882353,0.058823526,0.09477756,0.0055751507,0,0,1,0,0
46192,-1,0,4.88316,0.9924839,1,1,unassigned,2.0,1.0,1.0,0.5,0.5,0.5,0.0,0.0,0,0,0,1,1
46193,-1,1,-0.25978106,0.43541753,0,1,unassigned,60.0,59.0,1.0,0.98333335,0.016666668,0.01666665,0.11218569,0.0018697615,1,0,0,0,0
46194,-1,1,0.34301132,0.5849218,1,1,unassigned,7.0,2.0,5.0,0.2857143,0.71428573,0.71428573,0.00967118,0.0069079855,1,0,0,1,0
46195,-1,1,-0.4487719,0.38965282,0,1,unassigned,88.0,79.0,9.0,0.89772725,0.10227273,0.10227275,0.1663443,0.017012484,1,0,0,0,0
46196,-1,0,4.5094438,0.98911524,1,1,unassigned,4.0,2.0,2.0,0.5,0.5,0.5,0.003868472,0.001934236,0,0,0,1,1
46197,-1,1,4.736316,0.9913053,1,1,unassigned,5.0,2.0,3.0,0.4,0.6,0.6,0.0058027077,0.0034816249,1,0,0,1,1
46198,-1,1,0.6851482,0.6648867,1,1,unassigned,18.0,16.0,2.0,0.8888889,0.11111111,0.111111104,0.030947777,0.0034386418,1,0,0,1,0
46199,-1,0,1.4451144,0.8092454,1,1,unassigned,3.0,3.0,0.0,1.0,0.0,0.0,0.001934236,0.0,0,0,0,1,0
46200,-1,1,4.7877383,0.99173754,1,1,unassigned,5.0,4.0,1.0,0.8,0.2,0.19999999,0.0058027077,0.0011605415,1,0,0,1,1
46201,-1,1,-0.17941833,0.45526534,0,1,unassigned,38.0,37.0,1.0,0.9736842,0.02631579,0.026315808,0.06963249,0.0018324341,1,0,0,0,0
46202,-1,0,2.3853939,0.91570675,1,1,unassigned,2.0,2.0,0.0,1.0,0.0,0.0,0.0,0.0,0,0,0,1,1
46203,1,1,0.10238427,0.52557373,1,0,val,11.0,11.0,0.0,1.0,0.0,0.0,0.017408123,0.0,1,0,1,1,0
46204,-1,0,2.1173143,0.89257467,1,1,unassigned,3.0,3.0,0.0,1.0,0.0,0.0,0.001934236,0.0,0,0,0,1,0
46205,-1,0,-0.9161303,0.28574702,0,1,unassigned,58.0,53.0,5.0,0.9137931,0.0862069,0.08620691,0.10831721,0.009337691,0,0,0,0,0
46206,0,1,-0.49741322,0.37814876,0,0,unassigned,31.0,31.0,0.0,1.0,0.0,0.0,0.056092843,0.0,1,0,1,0,0
46207,-1,1,-0.12422022,0.46898484,0,1,unassigned,10.0,10.0,0.0,1.0,0.0,0.0,0.015473888,0.0,1,0,0,0,0
46208,-1,1,2.1262443,0.89342797,1,1,unassigned,3.0,2.0,1.0,0.6666667,0.33333334,0.3333333,0.001934236,0.00064474536,1,0,0,1,0
46209,-1,0,0.06693423,0.5167273,1,1,unassigned,2.0,2.0,0.0,1.0,0.0,0.0,0.0,0.0,0,0,0,1,0
46210,1,1,-0.010423362,0.49739414,0,1,val,50.0,48.0,2.0,0.96,0.04,0.04000002,0.092843324,0.0037137328,1,0,0,0,0
46211,-1,0,11.192524,0.9999862,1,1,unassigned,2.0,2.0,0.0,1.0,0.0,0.0,0.0,0.0,0,0,0,1,1
46212,-1,1,-0.8250552,0.30469164,0,1,unassigned,3.0,1.0,2.0,0.33333334,0.6666667,0.6666666,0.001934236,0.0012894907,1,0,0,0,0
46213,-1,0,-0.8850529,0.29213178,0,1,unassigned,3.0,3.0,0.0,1.0,0.0,0.0,0.001934236,0.0,0,0,0,0,0
46214,1,1,-0.25465277,0.4366786,0,1,val,55.0,55.0,0.0,1.0,0.0,0.0,0.102514505,0.0,1,0,0,0,0
46215,-1,1,5.469354,0.9958038,1,1,unassigned,2.0,2.0,0.0,1.0,0.0,0.0,0.0,0.0,1,0,0,1,1
46216,-1,1,3.9109113,0.98037076,1,1,unassigned,7.0,7.0,0.0,1.0,0.0,0.0,0.00967118,0.0,1,0,0,1,1
46217,-1,1,-0.4369567,0.3924664,0,1,unassigned,28.0,27.0,1.0,0.96428573,0.035714287,0.03571427,0.050290134,0.0017960763,1,0,0,0,0
46218,-1,1,1.210254,0.7703439,1,1,unassigned,9.0,8.0,1.0,0.8888889,0.11111111,0.111111104,0.013539651,0.0015044058,1,0,0,1,0
46219,-1,1,2.603232,0.93106925,1,1,unassigned,2.0,2.0,0.0,1.0,0.0,0.0,0.0,0.0,1,0,0,1,1
46220,1,0,-0.024017155,0.49399605,0,1,unassigned,23.0,22.0,1.0,0.95652175,0.04347826,0.04347825,0.040618956,0.0017660416,0,0,0,0,0
46221,-1,0,4.941909,0.9929096,1,1,unassigned,35.0,35.0,0.0,1.0,0.0,0.0,0.06382979,0.0,0,0,0,1,1
46222,-1,1,2.108405,0.89171743,1,1,unassigned,17.0,15.0,2.0,0.88235295,0.11764706,0.11764705,0.029013539,0.0034133575,1,0,0,1,0
46223,-1,0,1.3098588,0.78748953,1,1,unassigned,11.0,11.0,0.0,1.0,0.0,0.0,0.017408123,0.0,0,0,0,1,0
46224,-1,1,3.4513576,0.96927166,1,1,unassigned,2.0,2.0,0.0,1.0,0.0,0.0,0.0,0.0,1,0,0,1,1
46225,1,0,-0.018409252,0.49539784,0,1,test,20.0,19.0,1.0,0.95,0.05,0.050000012,0.034816246,0.0017408123,0,0,0,0,0
46226,-1,1,3.535856,0.97169095,1,1,unassigned,7.0,6.0,1.0,0.85714287,0.14285715,0.14285713,0.00967118,0.0013815971,1,0,0,1,1
46227,-1,0,0.49325997,0.6208741,1,1,unassigned,27.0,21.0,6.0,0.7777778,0.22222222,0.22222221,0.0483559,0.010745755,0,0,0,1,0
46228,-1,0,0.6729327,0.66215956,1,1,unassigned,5.0,5.0,0.0,1.0,0.0,0.0,0.0058027077,0.0,0,0,0,1,0
46229,-1,1,4.74982,0.9914209,1,1,unassigned,17.0,10.0,7.0,0.5882353,0.4117647,0.41176468,0.029013539,0.011946752,1,0,0,1,1
46230,-1,1,4.0883255,0.98350924,1,1,unassigned,3.0,3.0,0.0,1.0,0.0,0.0,0.001934236,0.0,1,0,0,1,1
46231,-1,0,7.5473704,0.9994728,1,1,unassigned,14.0,14.0,0.0,1.0,0.0,0.0,0.023210831,0.0,0,0,0,1,1
46232,-1,0,1.2066369,0.7697033,1,1,unassigned,2.0,2.0,0.0,1.0,0.0,0.0,0.0,0.0,0,0,0,1,0
46233,-1,0,2.2794816,0.9071634,1,1,unassigned,3.0,2.0,1.0,0.6666667,0.33333334,0.3333333,0.001934236,0.00064474536,0,0,0,1,1
46234,-1,1,4.8371387,0.9921327,1,1,unassigned,4.0,4.0,0.0,1.0,0.0,0.0,0.003868472,0.0,1,0,0,1,1
46235,-1,1,-0.7915319,0.31183982,0,1,unassigned,24.0,24.0,0.0,1.0,0.0,0.0,0.04255319,0.0,1,0,0,0,0
46236,-1,1,-0.9197128,0.28501642,0,1,unassigned,6.0,6.0,0.0,1.0,0.0,0.0,0.007736944,0.0,1,0,0,0,0
46237,-1,1,-0.076217234,0.48095492,0,1,unassigned,222.0,217.0,5.0,0.9774775,0.022522522,0.02252251,0.42553192,0.0095840525,1,0,0,0,0
46238,-1,1,0.7269779,0.67414176,1,1,unassigned,50.0,48.0,2.0,0.96,0.04,0.04000002,0.092843324,0.0037137328,1,0,0,1,0
46239,-1,1,-0.72556436,0.32616884,0,1,unassigned,213.0,208.0,5.0,0.97652584,0.02347418,0.023474157,0.4081238,0.009580371,1,0,0,0,0
46240,-1,0,0.22357327,0.5556616,1,1,unassigned,2.0,2.0,0.0,1.0,0.0,0.0,0.0,0.0,0,0,0,1,0
46241,-1,1,3.1684256,0.95962864,1,1,unassigned,16.0,16.0,0.0,1.0,0.0,0.0,0.027079303,0.0,1,0,0,1,1
46242,0,1,0.2611614,0.56492174,1,1,unassigned,26.0,24.0,2.0,0.9230769,0.07692308,0.07692307,0.046421662,0.0035708973,1,0,0,1,0
46243,-1,1,4.5910225,0.9899594,1,1,unassigned,14.0,14.0,0.0,1.0,0.0,0.0,0.023210831,0.0,1,0,0,1,1
46244,-1,1,1.1502485,0.7595563,1,1,unassigned,25.0,25.0,0.0,1.0,0.0,0.0,0.044487428,0.0,1,0,0,1,0
46245,-1,1,2.8137982,0.94341683,1,1,unassigned,92.0,90.0,2.0,0.9782609,0.02173913,0.021739125,0.17408124,0.0037843748,1,0,0,1,1
46246,-1,1,1.3339317,0.79149026,1,1,unassigned,32.0,31.0,1.0,0.96875,0.03125,0.03125,0.058027077,0.0018133462,1,0,0,1,0
46247,-1,1,1.264965,0.77987957,1,1,unassigned,18.0,18.0,0.0,1.0,0.0,0.0,0.030947777,0.0,1,0,0,1,0
46248,-1,1,3.8901732,0.9799677,1,1,unassigned,4.0,4.0,0.0,1.0,0.0,0.0,0.003868472,0.0,1,0,0,1,1
46249,-1,1,6.332094,0.9982248,1,1,unassigned,5.0,5.0,0.0,1.0,0.0,0.0,0.0058027077,0.0,1,0,0,1,1
46250,-1,1,2.6899168,0.936429,1,1,unassigned,32.0,30.0,2.0,0.9375,0.0625,0.0625,0.058027077,0.0036266923,1,0,0,1,1
46251,-1,1,-0.88772076,0.29158038,0,1,unassigned,37.0,37.0,0.0,1.0,0.0,0.0,0.06769826,0.0,1,0,0,0,0
46252,-1,1,6.433163,0.99839514,1,1,unassigned,4.0,4.0,0.0,1.0,0.0,0.0,0.003868472,0.0,1,0,0,1,1
46253,-1,1,-0.7988188,0.31027824,0,1,unassigned,84.0,82.0,2.0,0.97619045,0.023809524,0.023809552,0.15860735,0.0037763654,1,0,0,0,0
46254,1,1,3.1750908,0.959886,1,0,val,3.0,3.0,0.0,1.0,0.0,0.0,0.001934236,0.0,1,0,1,1,1
46255,-1,0,3.1854498,0.96028304,1,1,unassigned,7.0,4.0,3.0,0.5714286,0.42857143,0.4285714,0.00967118,0.0041447915,0,0,0,1,1
46256,-1,1,5.2517548,0.994789,1,1,unassigned,20.0,18.0,2.0,0.9,0.1,0.100000024,0.034816246,0.0034816246,1,0,0,1,1
46257,-1,1,0.41391975,0.60202736,1,1,unassigned,20.0,18.0,2.0,0.9,0.1,0.100000024,0.034816246,0.0034816246,1,0,0,1,0
46258,-1,1,2.5506828,0.9276194,1,1,unassigned,9.0,9.0,0.0,1.0,0.0,0.0,0.013539651,0.0,1,0,0,1,1
46259,-1,1,0.64761084,0.65647185,1,1,unassigned,11.0,11.0,0.0,1.0,0.0,0.0,0.017408123,0.0,1,0,0,1,0
46260,-1,1,4.116564,0.983961,1,1,unassigned,3.0,3.0,0.0,1.0,0.0,0.0,0.001934236,0.0,1,0,0,1,1
46261,-1,0,-2.6355326,0.06688631,0,1,unassigned,3.0,2.0,1.0,0.6666667,0.33333334,0.3333333,0.001934236,0.00064474536,0,0,0,0,1
46262,-1,0,3.31811,0.96504486,1,1,unassigned,6.0,4.0,2.0,0.6666667,0.33333334,0.3333333,0.007736944,0.0025789815,0,0,0,1,1
46263,1,0,8.580115,0.9998123,1,0,unassigned,7.0,6.0,1.0,0.85714287,0.14285715,0.14285713,0.00967118,0.0013815971,0,0,1,1,1
46264,-1,1,1.6294539,0.83609486,1,1,unassigned,15.0,14.0,1.0,0.93333334,0.06666667,0.06666666,0.025145067,0.0016763379,1,0,0,1,0
46265,-1,1,-0.6308509,0.3473176,0,1,unassigned,48.0,47.0,1.0,0.9791667,0.020833334,0.020833313,0.088974856,0.0018536429,1,0,0,0,0
46266,1,0,-0.95687026,0.27750525,0,1,val,22.0,19.0,3.0,0.8636364,0.13636364,0.13636363,0.03868472,0.005275189,0,0,0,0,0
46267,-1,1,2.7581787,0.94037354,1,1,unassigned,3.0,3.0,0.0,1.0,0.0,0.0,0.001934236,0.0,1,0,0,1,1
46268,-1,0,0.13577831,0.5338925,1,1,unassigned,2.0,2.0,0.0,1.0,0.0,0.0,0.0,0.0,0,0,0,1,0
46269,-1,1,0.34642303,0.5857499,1,1,unassigned,25.0,24.0,1.0,0.96,0.04,0.04000002,0.044487428,0.001779497,1,0,0,1,0
46270,-1,0,2.1645415,0.8970198,1,1,unassigned,12.0,12.0,0.0,1.0,0.0,0.0,0.01934236,0.0,0,0,0,1,0
46271,-1,0,-0.1286022,0.46789372,0,1,unassigned,2.0,2.0,0.0,1.0,0.0,0.0,0.0,0.0,0,0,0,0,0
46272,-1,0,0.0982663,0.5245468,1,1,unassigned,13.0,12.0,1.0,0.9230769,0.07692308,0.07692307,0.021276595,0.0016366612,0,0,0,1,0
46273,-1,1,7.289227,0.99931765,1,1,unassigned,2.0,2.0,0.0,1.0,0.0,0.0,0.0,0.0,1,0,0,1,1
46274,-1,0,3.8775246,0.97971785,1,1,unassigned,45.0,44.0,1.0,0.9777778,0.022222223,0.02222222,0.08317215,0.0018482701,0,0,0,1,1
46275,-1,0,-0.2356481,0.44135907,0,1,unassigned,13.0,13.0,0.0,1.0,0.0,0.0,0.021276595,0.0,0,0,0,0,0
46276,-1,0,3.1551492,0.9591112,1,1,unassigned,44.0,42.0,2.0,0.95454544,0.045454547,0.04545456,0.08123791,0.0036926325,0,0,0,1,1
46277,-1,1,9.355989,0.9999136,1,1,unassigned,2.0,2.0,0.0,1.0,0.0,0.0,0.0,0.0,1,0,0,1,1
46278,-1,0,-0.4183212,0.39691854,0,1,unassigned,3.0,2.0,1.0,0.6666667,0.33333334,0.3333333,0.001934236,0.00064474536,0,0,0,0,0
46279,-1,0,1.4999259,0.8175634,1,1,unassigned,4.0,4.0,0.0,1.0,0.0,0.0,0.003868472,0.0,0,0,0,1,0
46280,-1,0,4.408451,0.98797244,1,1,unassigned,9.0,9.0,0.0,1.0,0.0,0.0,0.013539651,0.0,0,0,0,1,1
46281,1,0,6.4493856,0.99842095,1,0,unassigned,17.0,17.0,0.0,1.0,0.0,0.0,0.029013539,0.0,0,0,1,1,1
46282,-1,0,2.6843417,0.9360963,1,1,unassigned,3.0,3.0,0.0,1.0,0.0,0.0,0.001934236,0.0,0,0,0,1,1
46283,1,1,4.5122232,0.9891451,1,0,val,7.0,7.0,0.0,1.0,0.0,0.0,0.00967118,0.0,1,0,1,1,1
46284,-1,0,1.1588593,0.7611254,1,1,unassigned,3.0,3.0,0.0,1.0,0.0,0.0,0.001934236,0.0,0,0,0,1,0
46285,-1,0,-0.35347557,0.41253984,0,1,unassigned,2.0,2.0,0.0,1.0,0.0,0.0,0.0,0.0,0,0,0,0,0
46286,-1,0,1.1903002,0.76679474,1,1,unassigned,2.0,2.0,0.0,1.0,0.0,0.0,0.0,0.0,0,0,0,1,0
46287,-1,1,-0.5568877,0.36426786,0,1,unassigned,24.0,24.0,0.0,1.0,0.0,0.0,0.04255319,0.0,1,0,0,0,0
46288,-1,0,1.6982262,0.84530294,1,1,unassigned,3.0,3.0,0.0,1.0,0.0,0.0,0.001934236,0.0,0,0,0,1,0
46289,-1,0,11.936644,0.99999344,1,1,unassigned,12.0,11.0,1.0,0.9166667,0.083333336,0.08333331,0.01934236,0.0016118633,0,0,0,1,1
46290,-1,0,0.3139804,0.57785654,1,1,unassigned,2.0,2.0,0.0,1.0,0.0,0.0,0.0,0.0,0,0,0,1,0
46291,-1,1,3.0142007,0.9532116,1,1,unassigned,23.0,21.0,2.0,0.9130435,0.08695652,0.0869565,0.040618956,0.0035320832,1,0,0,1,1
46292,-1,0,4.6327405,0.9903656,1,1,unassigned,2.0,2.0,0.0,1.0,0.0,0.0,0.0,0.0,0,0,0,1,1
46293,-1,0,0.6446815,0.65581095,1,1,unassigned,3.0,3.0,0.0,1.0,0.0,0.0,0.001934236,0.0,0,0,0,1,0
46294,-1,0,4.002093,0.98205066,1,1,unassigned,4.0,2.0,2.0,0.5,0.5,0.5,0.003868472,0.001934236,0,0,0,1,1
46295,-1,1,-0.78678846,0.3128587,0,1,unassigned,4.0,4.0,0.0,1.0,0.0,0.0,0.003868472,0.0,1,0,0,0,0
46296,-1,0,2.8538244,0.94551605,1,1,unassigned,2.0,2.0,0.0,1.0,0.0,0.0,0.0,0.0,0,0,0,1,1
46297,1,1,1.7134964,0.8472892,1,0,val,2.0,2.0,0.0,1.0,0.0,0.0,0.0,0.0,1,0,1,1,0
46298,-1,1,3.3972664,0.96761894,1,1,unassigned,7.0,6.0,1.0,0.85714287,0.14285715,0.14285713,0.00967118,0.0013815971,1,0,0,1,1
46299,-1,1,3.5892193,0.97312254,1,1,unassigned,3.0,2.0,1.0,0.6666667,0.33333334,0.3333333,0.001934236,0.00064474536,1,0,0,1,1
46300,-1,1,1.1235054,0.7546383,1,1,unassigned,7.0,7.0,0.0,1.0,0.0,0.0,0.00967118,0.0,1,0,0,1,0
46301,-1,0,2.8324378,0.94440377,1,1,unassigned,11.0,11.0,0.0,1.0,0.0,0.0,0.017408123,0.0,0,0,0,1,1
46302,-1,1,10.038094,0.99995625,1,1,unassigned,3.0,3.0,0.0,1.0,0.0,0.0,0.001934236,0.0,1,0,0,1,1
46303,-1,0,-0.46637282,0.38547513,0,1,unassigned,6.0,6.0,0.0,1.0,0.0,0.0,0.007736944,0.0,0,0,0,0,0
46304,-1,1,2.4762933,0.92246306,1,1,unassigned,2.0,2.0,0.0,1.0,0.0,0.0,0.0,0.0,1,0,0,1,1
46305,-1,1,-0.5865251,0.35743257,0,1,unassigned,9.0,9.0,0.0,1.0,0.0,0.0,0.013539651,0.0,1,0,0,0,0
46306,-1,0,-0.4274602,0.39473298,0,1,unassigned,6.0,6.0,0.0,1.0,0.0,0.0,0.007736944,0.0,0,0,0,0,0
46307,-1,1,-1.0116509,0.26665688,0,1,unassigned,4.0,4.0,0.0,1.0,0.0,0.0,0.003868472,0.0,1,0,0,0,0
46308,1,1,0.33708286,0.5834817,1,0,val,9.0,8.0,1.0,0.8888889,0.11111111,0.111111104,0.013539651,0.0015044058,1,0,1,1,0
46309,1,0,0.33402616,0.58273864,1,0,test,7.0,7.0,0.0,1.0,0.0,0.0,0.00967118,0.0,0,0,1,1,0
46310,-1,0,-0.09023827,0.47745574,0,1,unassigned,4.0,4.0,0.0,1.0,0.0,0.0,0.003868472,0.0,0,0,0,0,0
46311,-1,0,-0.5343512,0.3695026,0,1,unassigned,45.0,44.0,1.0,0.9777778,0.022222223,0.02222222,0.08317215,0.0018482701,0,0,0,0,0
46312,-1,0,11.498749,0.99998987,1,1,unassigned,17.0,17.0,0.0,1.0,0.0,0.0,0.029013539,0.0,0,0,0,1,1
46313,0,0,-0.043932736,0.4890186,0,0,unassigned,7.0,7.0,0.0,1.0,0.0,0.0,0.00967118,0.0,0,0,1,0,0
46314,-1,0,0.06778425,0.5169396,1,1,unassigned,17.0,16.0,1.0,0.9411765,0.05882353,0.058823526,0.029013539,0.0017066788,0,0,0,1,0
46315,-1,1,2.3842008,0.91561455,1,1,unassigned,7.0,7.0,0.0,1.0,0.0,0.0,0.00967118,0.0,1,0,0,1,1
46316,-1,1,4.867233,0.99236417,1,1,unassigned,4.0,4.0,0.0,1.0,0.0,0.0,0.003868472,0.0,1,0,0,1,1
46317,-1,1,1.9950054,0.8802717,1,1,unassigned,2.0,2.0,0.0,1.0,0.0,0.0,0.0,0.0,1,0,0,1,0
46318,-1,0,-0.7868899,0.31283686,0,1,unassigned,21.0,21.0,0.0,1.0,0.0,0.0,0.036750484,0.0,0,0,0,0,0
46319,-1,0,5.478749,0.99584275,1,1,unassigned,3.0,2.0,1.0,0.6666667,0.33333334,0.3333333,0.001934236,0.00064474536,0,0,0,1,1
46320,-1,0,-0.5279564,0.3709936,0,1,unassigned,8.0,8.0,0.0,1.0,0.0,0.0,0.0116054155,0.0,0,0,0,0,0
46321,-1,1,-0.50481343,0.3764102,0,1,unassigned,99.0,99.0,0.0,1.0,0.0,0.0,0.1876209,0.0,1,0,0,0,0
46322,-1,0,14.183346,0.9999993,1,1,unassigned,2.0,2.0,0.0,1.0,0.0,0.0,0.0,0.0,0,0,0,1,1
46323,-1,0,2.2241619,0.9023984,1,1,unassigned,7.0,6.0,1.0,0.85714287,0.14285715,0.14285713,0.00967118,0.0013815971,0,0,0,1,1
46324,0,0,-3.0397587,0.045661684,0,0,train,2.0,2.0,0.0,1.0,0.0,0.0,0.0,0.0,0,0,1,0,1
46325,-1,1,0.7405501,0.67711616,1,1,unassigned,3.0,3.0,0.0,1.0,0.0,0.0,0.001934236,0.0,1,0,0,1,0
46326,-1,0,2.016895,0.8825596,1,1,unassigned,4.0,4.0,0.0,1.0,0.0,0.0,0.003868472,0.0,0,0,0,1,0
46327,-1,1,5.8212266,0.99704474,1,1,unassigned,9.0,9.0,0.0,1.0,0.0,0.0,0.013539651,0.0,1,0,0,1,1
46328,-1,0,-0.91194797,0.2866014,0,1,unassigned,37.0,35.0,2.0,0.9459459,0.054054055,0.05405408,0.06769826,0.0036593657,0,0,0,0,0
46329,1,0,-0.14386761,0.464095,0,1,unassigned,6.0,6.0,0.0,1.0,0.0,0.0,0.007736944,0.0,0,0,0,0,0
46330,-1,0,-0.08488315,0.47879192,0,1,unassigned,4.0,4.0,0.0,1.0,0.0,0.0,0.003868472,0.0,0,0,0,0,0
46331,-1,0,0.87322336,0.70541596,1,1,unassigned,3.0,3.0,0.0,1.0,0.0,0.0,0.001934236,0.0,0,0,0,1,0
46332,-1,1,2.6739929,0.93547446,1,1,unassigned,15.0,15.0,0.0,1.0,0.0,0.0,0.025145067,0.0,1,0,0,1,1
46333,-1,1,1.5070632,0.8186255,1,1,unassigned,7.0,7.0,0.0,1.0,0.0,0.0,0.00967118,0.0,1,0,0,1,0
46334,1,1,4.4274373,0.988196,1,0,unassigned,5.0,3.0,2.0,0.6,0.4,0.39999998,0.0058027077,0.002321083,1,0,1,1,1
46335,1,0,-0.082650244,0.47934914,0,1,unassigned,3.0,3.0,0.0,1.0,0.0,0.0,0.001934236,0.0,0,0,0,0,0
46336,-1,1,-0.2500854,0.43780246,0,1,unassigned,29.0,27.0,2.0,0.9310345,0.06896552,0.068965495,0.05222437,0.0036016807,1,0,0,0,0
46337,-1,1,-0.56451935,0.36250243,0,1,unassigned,36.0,36.0,0.0,1.0,0.0,0.0,0.065764025,0.0,1,0,0,0,0
46338,-1,0,2.5913565,0.93030316,1,1,unassigned,3.0,3.0,0.0,1.0,0.0,0.0,0.001934236,0.0,0,0,0,1,1
46339,-1,1,0.06278694,0.5156916,1,1,unassigned,7.0,7.0,0.0,1.0,0.0,0.0,0.00967118,0.0,1,0,0,1,0
46340,-1,1,4.956714,0.9930132,1,1,unassigned,8.0,8.0,0.0,1.0,0.0,0.0,0.0116054155,0.0,1,0,0,1,1
46341,-1,1,1.0726802,0.7451063,1,1,unassigned,4.0,4.0,0.0,1.0,0.0,0.0,0.003868472,0.0,1,0,0,1,0
46342,1,1,3.9920619,0.9818731,1,0,unassigned,5.0,5.0,0.0,1.0,0.0,0.0,0.0058027077,0.0,1,0,1,1,1
46343,-1,0,-0.15352887,0.461693,0,1,unassigned,4.0,1.0,3.0,0.25,0.75,0.75,0.003868472,0.002901354,0,0,0,0,0
46344,-1,0,0.5508066,0.6343227,1,1,unassigned,35.0,35.0,0.0,1.0,0.0,0.0,0.06382979,0.0,0,0,0,1,0
46345,-1,0,3.2016842,0.96089756,1,1,unassigned,4.0,4.0,0.0,1.0,0.0,0.0,0.003868472,0.0,0,0,0,1,1
46346,-1,0,-0.7869735,0.3128189,0,1,unassigned,15.0,14.0,1.0,0.93333334,0.06666667,0.06666666,0.025145067,0.0016763379,0,0,0,0,0
46347,0,1,-0.92252874,0.28444293,0,0,val,37.0,37.0,0.0,1.0,0.0,0.0,0.06769826,0.0,1,0,1,0,0
46348,-1,1,1.3504639,0.7942055,1,1,unassigned,3.0,3.0,0.0,1.0,0.0,0.0,0.001934236,0.0,1,0,0,1,0
46349,-1,0,0.10852116,0.52710366,1,1,unassigned,29.0,28.0,1.0,0.9655172,0.03448276,0.034482777,0.05222437,0.0018008404,0,0,0,1,0
46350,1,1,1.7854106,0.85636365,1,0,test,3.0,3.0,0.0,1.0,0.0,0.0,0.001934236,0.0,1,0,1,1,0
46351,-1,1,2.1793725,0.8983818,1,1,unassigned,4.0,4.0,0.0,1.0,0.0,0.0,0.003868472,0.0,1,0,0,1,0
46352,-1,1,1.0269787,0.7363297,1,1,unassigned,2.0,2.0,0.0,1.0,0.0,0.0,0.0,0.0,1,0,0,1,0
46353,1,1,4.2015214,0.9852481,1,0,unassigned,4.0,4.0,0.0,1.0,0.0,0.0,0.003868472,0.0,1,0,1,1,1
46354,-1,0,6.0962043,0.9977537,1,1,unassigned,4.0,3.0,1.0,0.75,0.25,0.25,0.003868472,0.000967118,0,0,0,1,1
46355,1,0,1.0370343,0.7382774,1,0,test,3.0,3.0,0.0,1.0,0.0,0.0,0.001934236,0.0,0,0,1,1,0
46356,-1,0,0.41105545,0.60134095,1,1,unassigned,19.0,19.0,0.0,1.0,0.0,0.0,0.032882012,0.0,0,0,0,1,0
46357,1,0,1.6929405,0.8446105,1,0,unassigned,12.0,10.0,2.0,0.8333333,0.16666667,0.16666669,0.01934236,0.0032237265,0,0,1,1,0
46358,-1,0,-0.24334592,0.43946195,0,1,unassigned,15.0,15.0,0.0,1.0,0.0,0.0,0.025145067,0.0,0,0,0,0,0
46359,-1,0,3.3103516,0.96478224,1,1,unassigned,2.0,2.0,0.0,1.0,0.0,0.0,0.0,0.0,0,0,0,1,1
46360,0,1,-0.32744253,0.418863,0,0,test,24.0,22.0,2.0,0.9166667,0.083333336,0.08333331,0.04255319,0.0035460992,1,0,1,0,0
46361,-1,1,0.8652474,0.7037558,1,1,unassigned,5.0,5.0,0.0,1.0,0.0,0.0,0.0058027077,0.0,1,0,0,1,0
46362,-1,0,-0.81066376,0.30774906,0,1,unassigned,70.0,70.0,0.0,1.0,0.0,0.0,0.13152805,0.0,0,0,0,0,0
46363,-1,1,5.143995,0.9941995,1,1,unassigned,14.0,12.0,2.0,0.85714287,0.14285715,0.14285713,0.023210831,0.0033158332,1,0,0,1,1
46364,-1,0,-0.6915868,0.33368018,0,1,unassigned,4.0,4.0,0.0,1.0,0.0,0.0,0.003868472,0.0,0,0,0,0,0
46365,-1,1,2.1809437,0.8985251,1,1,unassigned,16.0,14.0,2.0,0.875,0.125,0.125,0.027079303,0.0033849129,1,0,0,1,0
46366,-1,0,-0.8987089,0.2893159,0,1,unassigned,35.0,34.0,1.0,0.9714286,0.028571429,0.028571427,0.06382979,0.0018237082,0,0,0,0,0
46367,-1,0,-0.37011737,0.40851265,0,1,unassigned,19.0,19.0,0.0,1.0,0.0,0.0,0.032882012,0.0,0,0,0,0,0
46368,-1,1,-0.9493997,0.27900556,0,1,unassigned,25.0,25.0,0.0,1.0,0.0,0.0,0.044487428,0.0,1,0,0,0,0
46369,-1,1,-0.22554302,0.44385204,0,1,unassigned,19.0,19.0,0.0,1.0,0.0,0.0,0.032882012,0.0,1,0,0,0,0
46370,-1,0,-0.01752758,0.49561822,0,1,unassigned,15.0,15.0,0.0,1.0,0.0,0.0,0.025145067,0.0,0,0,0,0,0
46371,-1,0,0.24065888,0.559876,1,1,unassigned,4.0,4.0,0.0,1.0,0.0,0.0,0.003868472,0.0,0,0,0,1,0
46372,-1,1,0.22548383,0.55613333,1,1,unassigned,5.0,5.0,0.0,1.0,0.0,0.0,0.0058027077,0.0,1,0,0,1,0
46373,-1,1,-0.8781605,0.2935591,0,1,unassigned,5.0,5.0,0.0,1.0,0.0,0.0,0.0058027077,0.0,1,0,0,0,0
46374,-1,1,0.7516311,0.679534,1,1,unassigned,3.0,3.0,0.0,1.0,0.0,0.0,0.001934236,0.0,1,0,0,1,0
46375,-1,0,7.9335656,0.99964166,1,1,unassigned,2.0,2.0,0.0,1.0,0.0,0.0,0.0,0.0,0,0,0,1,1
46376,-1,1,2.71962,0.9381744,1,1,unassigned,14.0,14.0,0.0,1.0,0.0,0.0,0.023210831,0.0,1,0,0,1,1
46377,-1,1,4.3563933,0.9873378,1,1,unassigned,32.0,31.0,1.0,0.96875,0.03125,0.03125,0.058027077,0.0018133462,1,0,0,1,1
46378,-1,0,-0.77462673,0.3154791,0,1,unassigned,8.0,8.0,0.0,1.0,0.0,0.0,0.0116054155,0.0,0,0,0,0,0
46379,-1,1,9.139992,0.9998927,1,1,unassigned,4.0,4.0,0.0,1.0,0.0,0.0,0.003868472,0.0,1,0,0,1,1
46380,-1,0,5.488275,0.99588203,1,1,unassigned,2.0,1.0,1.0,0.5,0.5,0.5,0.0,0.0,0,0,0,1,1
46381,-1,0,1.8164346,0.86013776,1,1,unassigned,4.0,4.0,0.0,1.0,0.0,0.0,0.003868472,0.0,0,0,0,1,0
46382,-1,0,5.24828,0.99477094,1,1,unassigned,11.0,9.0,2.0,0.8181818,0.18181819,0.18181819,0.017408123,0.0031651135,0,0,0,1,1
46383,-1,1,0.43579,0.6072554,1,1,unassigned,4.0,3.0,1.0,0.75,0.25,0.25,0.003868472,0.000967118,1,0,0,1,0
46384,-1,0,1.049227,0.74062645,1,1,unassigned,2.0,2.0,0.0,1.0,0.0,0.0,0.0,0.0,0,0,0,1,0
46385,-1,0,9.711004,0.99993944,1,1,unassigned,3.0,3.0,0.0,1.0,0.0,0.0,0.001934236,0.0,0,0,0,1,1
46386,-1,0,0.008259714,0.5020649,1,1,unassigned,3.0,1.0,2.0,0.33333334,0.6666667,0.6666666,0.001934236,0.0012894907,0,0,0,1,0
46387,-1,1,0.6548807,0.6581095,1,1,unassigned,32.0,30.0,2.0,0.9375,0.0625,0.0625,0.058027077,0.0036266923,1,0,0,1,0
46388,-1,0,2.724983,0.9384848,1,1,unassigned,3.0,2.0,1.0,0.6666667,0.33333334,0.3333333,0.001934236,0.00064474536,0,0,0,1,1
46389,-1,1,-0.34220096,0.41527492,0,1,unassigned,2.0,2.0,0.0,1.0,0.0,0.0,0.0,0.0,1,0,0,0,0
46390,-1,1,3.7522604,0.9770733,1,1,unassigned,2.0,2.0,0.0,1.0,0.0,0.0,0.0,0.0,1,0,0,1,1
46391,-1,0,9.388872,0.9999163,1,1,unassigned,21.0,17.0,4.0,0.8095238,0.1904762,0.19047618,0.036750484,0.0070000924,0,0,0,1,1
46392,-1,1,2.08483,0.88942,1,1,unassigned,5.0,5.0,0.0,1.0,0.0,0.0,0.0058027077,0.0,1,0,0,1,0
46393,-1,0,2.112199,0.89208317,1,1,unassigned,8.0,8.0,0.0,1.0,0.0,0.0,0.0116054155,0.0,0,0,0,1,0
46394,-1,0,-0.4189462,0.39676893,0,1,unassigned,22.0,22.0,0.0,1.0,0.0,0.0,0.03868472,0.0,0,0,0,0,0
46395,-1,0,-0.3693071,0.40870845,0,1,unassigned,2.0,2.0,0.0,1.0,0.0,0.0,0.0,0.0,0,0,0,0,0
46396,-1,1,3.9535758,0.9811751,1,1,unassigned,3.0,2.0,1.0,0.6666667,0.33333334,0.3333333,0.001934236,0.00064474536,1,0,0,1,1
46397,1,0,0.2307601,0.5574354,1,0,test,2.0,1.0,1.0,0.5,0.5,0.5,0.0,0.0,0,0,1,1,0
46398,-1,0,3.810057,0.97833294,1,1,unassigned,7.0,7.0,0.0,1.0,0.0,0.0,0.00967118,0.0,0,0,0,1,1
46399,-1,0,-0.56153244,0.36319295,0,1,unassigned,15.0,15.0,0.0,1.0,0.0,0.0,0.025145067,0.0,0,0,0,0,0
46400,-1,0,0.69324476,0.6666883,1,1,unassigned,2.0,2.0,0.0,1.0,0.0,0.0,0.0,0.0,0,0,0,1,0
46401,-1,0,-0.20513016,0.4488965,0,1,unassigned,23.0,22.0,1.0,0.95652175,0.04347826,0.04347825,0.040618956,0.0017660416,0,0,0,0,0
46402,-1,0,-0.033566058,0.49160925,0,1,unassigned,4.0,4.0,0.0,1.0,0.0,0.0,0.003868472,0.0,0,0,0,0,0
46403,1,0,6.8213305,0.9989109,1,0,unassigned,6.0,6.0,0.0,1.0,0.0,0.0,0.007736944,0.0,0,0,1,1,1
46404,-1,1,0.5598425,0.6364161,1,1,unassigned,4.0,4.0,0.0,1.0,0.0,0.0,0.003868472,0.0,1,0,0,1,0
46405,-1,0,-0.03031367,0.49242213,0,1,unassigned,34.0,33.0,1.0,0.9705882,0.029411765,0.029411793,0.061895553,0.0018204574,0,0,0,0,0
46406,0,0,3.5881803,0.9730953,1,1,unassigned,3.0,3.0,0.0,1.0,0.0,0.0,0.001934236,0.0,0,0,0,1,1
46407,-1,1,3.9897902,0.9818326,1,1,unassigned,2.0,1.0,1.0,0.5,0.5,0.5,0.0,0.0,1,0,0,1,1
46408,-1,0,0.26483887,0.5658254,1,1,unassigned,4.0,3.0,1.0,0.75,0.25,0.25,0.003868472,0.000967118,0,0,0,1,0
46409,-1,1,2.380421,0.91532207,1,1,unassigned,15.0,13.0,2.0,0.8666667,0.13333334,0.13333333,0.025145067,0.0033526758,1,0,0,1,1
46410,-1,0,0.9237791,0.7158115,1,1,unassigned,2.0,2.0,0.0,1.0,0.0,0.0,0.0,0.0,0,0,0,1,0
46411,-1,0,0.12384683,0.53092223,1,1,unassigned,25.0,24.0,1.0,0.96,0.04,0.04000002,0.044487428,0.001779497,0,0,0,1,0
46412,-1,0,0.011957824,0.5029894,1,1,unassigned,16.0,12.0,4.0,0.75,0.25,0.25,0.027079303,0.0067698257,0,0,0,1,0
46413,-1,0,0.2441482,0.5607357,1,1,unassigned,23.0,20.0,3.0,0.8695652,0.13043478,0.13043481,0.040618956,0.0052981246,0,0,0,1,0
46414,-1,0,4.927612,0.99280834,1,1,unassigned,3.0,3.0,0.0,1.0,0.0,0.0,0.001934236,0.0,0,0,0,1,1
46415,-1,1,0.9433889,0.71978366,1,1,unassigned,20.0,20.0,0.0,1.0,0.0,0.0,0.034816246,0.0,1,0,0,1,0
46416,-1,0,7.3795733,0.9993766,1,1,unassigned,10.0,7.0,3.0,0.7,0.3,0.3,0.015473888,0.0046421667,0,0,0,1,1
46417,-1,1,0.00049108267,0.5001228,1,1,unassigned,3.0,2.0,1.0,0.6666667,0.33333334,0.3333333,0.001934236,0.00064474536,1,0,0,1,0
46418,-1,0,-0.36182076,0.41051885,0,1,unassigned,6.0,6.0,0.0,1.0,0.0,0.0,0.007736944,0.0,0,0,0,0,0
46419,-1,1,-0.0043137074,0.49892157,0,1,unassigned,11.0,11.0,0.0,1.0,0.0,0.0,0.017408123,0.0,1,0,0,0,0
46420,-1,1,3.5480168,0.97202355,1,1,unassigned,3.0,2.0,1.0,0.6666667,0.33333334,0.3333333,0.001934236,0.00064474536,1,0,0,1,1
46421,1,0,4.8427205,0.9921761,1,0,unassigned,14.0,14.0,0.0,1.0,0.0,0.0,0.023210831,0.0,0,0,1,1,1
46422,-1,1,6.84923,0.9989409,1,1,unassigned,8.0,8.0,0.0,1.0,0.0,0.0,0.0116054155,0.0,1,0,0,1,1
46423,-1,1,-0.0544613,0.48638803,0,1,unassigned,15.0,15.0,0.0,1.0,0.0,0.0,0.025145067,0.0,1,0,0,0,0
46424,1,0,2.7943318,0.9423688,1,0,val,11.0,11.0,0.0,1.0,0.0,0.0,0.017408123,0.0,0,0,1,1,1
46425,-1,0,3.2723262,0.9634672,1,1,unassigned,4.0,4.0,0.0,1.0,0.0,0.0,0.003868472,0.0,0,0,0,1,1
46426,-1,0,1.9020507,0.87012345,1,1,unassigned,7.0,7.0,0.0,1.0,0.0,0.0,0.00967118,0.0,0,0,0,1,0
46427,-1,0,-0.48550516,0.380953,0,1,unassigned,15.0,14.0,1.0,0.93333334,0.06666667,0.06666666,0.025145067,0.0016763379,0,0,0,0,0
46428,0,0,-0.47007787,0.3845978,0,0,val,35.0,35.0,0.0,1.0,0.0,0.0,0.06382979,0.0,0,0,1,0,0
46429,-1,0,2.1397555,0.89470756,1,1,unassigned,5.0,5.0,0.0,1.0,0.0,0.0,0.0058027077,0.0,0,0,0,1,0
46430,-1,0,5.824139,0.9970534,1,1,unassigned,3.0,3.0,0.0,1.0,0.0,0.0,0.001934236,0.0,0,0,0,1,1
46431,-1,0,1.5790937,0.8290761,1,1,unassigned,8.0,8.0,0.0,1.0,0.0,0.0,0.0116054155,0.0,0,0,0,1,0
46432,-1,0,3.6022484,0.97346115,1,1,unassigned,5.0,5.0,0.0,1.0,0.0,0.0,0.0058027077,0.0,0,0,0,1,1
46433,-1,0,4.945316,0.99293363,1,1,unassigned,12.0,10.0,2.0,0.8333333,0.16666667,0.16666669,0.01934236,0.0032237265,0,0,0,1,1
46434,-1,0,2.8514476,0.9453935,1,1,unassigned,2.0,1.0,1.0,0.5,0.5,0.5,0.0,0.0,0,0,0,1,1
46435,-1,0,-0.6620033,0.34028974,0,1,unassigned,2.0,2.0,0.0,1.0,0.0,0.0,0.0,0.0,0,0,0,0,0
46436,-1,1,4.0286813,0.98251337,1,1,unassigned,5.0,2.0,3.0,0.4,0.6,0.6,0.0058027077,0.0034816249,1,0,0,1,1
46437,-1,1,-0.9187226,0.28521824,0,1,unassigned,3.0,3.0,0.0,1.0,0.0,0.0,0.001934236,0.0,1,0,0,0,0
46438,1,0,0.54524976,0.63303286,1,0,unassigned,6.0,5.0,1.0,0.8333333,0.16666667,0.16666669,0.007736944,0.0012894907,0,0,1,1,0
46439,1,0,0.3561815,0.58811575,1,0,unassigned,2.0,2.0,0.0,1.0,0.0,0.0,0.0,0.0,0,0,1,1,0
46440,-1,1,-0.2910416,0.42774892,0,1,unassigned,54.0,54.0,0.0,1.0,0.0,0.0,0.10058027,0.0,1,0,0,0,0
46441,-1,0,-0.7228825,0.32675853,0,1,unassigned,13.0,13.0,0.0,1.0,0.0,0.0,0.021276595,0.0,0,0,0,0,0
46442,-1,1,5.8990054,0.99726534,1,1,unassigned,2.0,1.0,1.0,0.5,0.5,0.5,0.0,0.0,1,0,0,1,1
46443,-1,1,-0.5559982,0.3644739,0,1,unassigned,2.0,2.0,0.0,1.0,0.0,0.0,0.0,0.0,1,0,0,0,0
46444,-1,1,2.1613524,0.8967248,1,1,unassigned,13.0,10.0,3.0,0.7692308,0.23076923,0.23076922,0.021276595,0.0049099834,1,0,0,1,0
46445,-1,1,0.20323402,0.5506343,1,1,unassigned,9.0,9.0,0.0,1.0,0.0,0.0,0.013539651,0.0,1,0,0,1,0
46446,-1,1,0.9585205,0.72282547,1,1,unassigned,9.0,8.0,1.0,0.8888889,0.11111111,0.111111104,0.013539651,0.0015044058,1,0,0,1,0
46447,-1,0,-1.0117695,0.2666337,0,1,unassigned,2.0,2.0,0.0,1.0,0.0,0.0,0.0,0.0,0,0,0,0,0
46448,-1,1,6.9188223,0.999012,1,1,unassigned,15.0,14.0,1.0,0.93333334,0.06666667,0.06666666,0.025145067,0.0016763379,1,0,0,1,1
46449,-1,1,2.054065,0.8863577,1,1,unassigned,71.0,70.0,1.0,0.9859155,0.014084507,0.014084518,0.13346228,0.0018797504,1,0,0,1,0
46450,-1,0,16.22974,0.9999999,1,1,unassigned,29.0,28.0,1.0,0.9655172,0.03448276,0.034482777,0.05222437,0.0018008404,0,0,0,1,1
46451,-1,0,3.9525692,0.9811566,1,1,unassigned,4.0,2.0,2.0,0.5,0.5,0.5,0.003868472,0.001934236,0,0,0,1,1
46452,-1,1,-0.16000658,0.46008345,0,1,unassigned,34.0,34.0,0.0,1.0,0.0,0.0,0.061895553,0.0,1,0,0,0,0
46453,-1,0,-0.59913975,0.35454053,0,1,unassigned,3.0,3.0,0.0,1.0,0.0,0.0,0.001934236,0.0,0,0,0,0,0
46454,-1,1,0.66296464,0.65992606,1,1,unassigned,27.0,25.0,2.0,0.9259259,0.074074075,0.07407409,0.0483559,0.0035819185,1,0,0,1,0
46455,-1,1,-0.8886798,0.29138234,0,1,unassigned,82.0,81.0,1.0,0.9878049,0.0121951215,0.01219511,0.15473887,0.0018870593,1,0,0,0,0
46456,-1,1,-0.21181118,0.44724426,0,1,unassigned,9.0,7.0,2.0,0.7777778,0.22222222,0.22222221,0.013539651,0.0030088115,1,0,0,0,0
46457,-1,1,-0.58012146,0.35890466,0,1,unassigned,75.0,73.0,2.0,0.97333336,0.026666667,0.026666641,0.14119923,0.003765313,1,0,0,0,0
46458,1,1,1.5814373,0.82940793,1,0,unassigned,29.0,28.0,1.0,0.9655172,0.03448276,0.034482777,0.05222437,0.0018008404,1,0,1,1,0
46459,-1,1,2.2196765,0.90200263,1,1,unassigned,7.0,5.0,2.0,0.71428573,0.2857143,0.28571427,0.00967118,0.0027631943,1,0,0,1,1
46460,-1,1,-0.5209645,0.37262672,0,1,unassigned,32.0,32.0,0.0,1.0,0.0,0.0,0.058027077,0.0,1,0,0,0,0
46461,-1,0,-0.4978589,0.37804395,0,1,unassigned,2.0,2.0,0.0,1.0,0.0,0.0,0.0,0.0,0,0,0,0,0
46462,0,0,-0.8174622,0.30630264,0,0,val,13.0,13.0,0.0,1.0,0.0,0.0,0.021276595,0.0,0,0,1,0,0
46463,-1,0,-0.63583374,0.34618893,0,1,unassigned,44.0,42.0,2.0,0.95454544,0.045454547,0.04545456,0.08123791,0.0036926325,0,0,0,0,0
46464,-1,0,-0.8958411,0.2899059,0,1,unassigned,12.0,12.0,0.0,1.0,0.0,0.0,0.01934236,0.0,0,0,0,0,0
46465,-1,0,-0.6594926,0.34085363,0,1,unassigned,69.0,69.0,0.0,1.0,0.0,0.0,0.1295938,0.0,0,0,0,0,0
46466,-1,1,1.2982004,0.785532,1,1,unassigned,4.0,3.0,1.0,0.75,0.25,0.25,0.003868472,0.000967118,1,0,0,1,0
46467,-1,0,-0.16021705,0.46003118,0,1,unassigned,20.0,18.0,2.0,0.9,0.1,0.100000024,0.034816246,0.0034816246,0,0,0,0,0
46468,-1,0,-0.42572623,0.39514732,0,1,unassigned,19.0,19.0,0.0,1.0,0.0,0.0,0.032882012,0.0,0,0,0,0,0
46469,-1,0,-0.58183056,0.35851148,0,1,unassigned,22.0,22.0,0.0,1.0,0.0,0.0,0.03868472,0.0,0,0,0,0,0
46470,-1,0,-0.95578843,0.2777222,0,1,unassigned,18.0,18.0,0.0,1.0,0.0,0.0,0.030947777,0.0,0,0,0,0,0
46471,-1,0,-0.591372,0.3563201,0,1,unassigned,24.0,24.0,0.0,1.0,0.0,0.0,0.04255319,0.0,0,0,0,0,0
46472,-1,0,-0.69729435,0.3324124,0,1,unassigned,38.0,38.0,0.0,1.0,0.0,0.0,0.06963249,0.0,0,0,0,0,0
46473,1,1,2.8272517,0.94413084,1,0,unassigned,74.0,70.0,4.0,0.9459459,0.054054055,0.05405408,0.13926499,0.007527837,1,0,1,1,1
46474,-1,0,-0.26639697,0.43379185,0,1,unassigned,3.0,3.0,0.0,1.0,0.0,0.0,0.001934236,0.0,0,0,0,0,0
46475,-1,0,0.2157557,0.55373067,1,1,unassigned,2.0,2.0,0.0,1.0,0.0,0.0,0.0,0.0,0,0,0,1,0
46476,1,0,-0.97799087,0.2732906,0,1,test,3.0,3.0,0.0,1.0,0.0,0.0,0.001934236,0.0,0,0,0,0,0
46477,-1,0,5.755936,0.996846,1,1,unassigned,5.0,5.0,0.0,1.0,0.0,0.0,0.0058027077,0.0,0,0,0,1,1
46478,-1,0,3.0007453,0.9526078,1,1,unassigned,3.0,3.0,0.0,1.0,0.0,0.0,0.001934236,0.0,0,0,0,1,1
46479,-1,1,-0.50299186,0.37683785,0,1,unassigned,2.0,2.0,0.0,1.0,0.0,0.0,0.0,0.0,1,0,0,0,0
46480,-1,0,2.7608166,0.94052136,1,1,unassigned,4.0,4.0,0.0,1.0,0.0,0.0,0.003868472,0.0,0,0,0,1,1
46481,-1,0,-0.15892503,0.46035215,0,1,unassigned,2.0,2.0,0.0,1.0,0.0,0.0,0.0,0.0,0,0,0,0,0
46482,-1,1,1.0000877,0.7310758,1,1,unassigned,8.0,8.0,0.0,1.0,0.0,0.0,0.0116054155,0.0,1,0,0,1,0
46483,-1,1,5.236735,0.99471056,1,1,unassigned,3.0,3.0,0.0,1.0,0.0,0.0,0.001934236,0.0,1,0,0,1,1
46484,-1,1,1.1058302,0.7513509,1,1,unassigned,20.0,20.0,0.0,1.0,0.0,0.0,0.034816246,0.0,1,0,0,1,0
46485,-1,1,-0.8198062,0.3058048,0,1,unassigned,147.0,143.0,4.0,0.9727891,0.027210884,0.027210891,0.2804642,0.0076316786,1,0,0,0,0
46486,-1,1,-0.08220607,0.47946003,0,1,unassigned,37.0,35.0,2.0,0.9459459,0.054054055,0.05405408,0.06769826,0.0036593657,1,0,0,0,0
46487,-1,1,3.634844,0.9742904,1,1,unassigned,15.0,14.0,1.0,0.93333334,0.06666667,0.06666666,0.025145067,0.0016763379,1,0,0,1,1
46488,-1,1,1.9360769,0.8739205,1,1,unassigned,18.0,16.0,2.0,0.8888889,0.11111111,0.111111104,0.030947777,0.0034386418,1,0,0,1,0
46489,-1,0,0.6091443,0.64774555,1,1,unassigned,6.0,6.0,0.0,1.0,0.0,0.0,0.007736944,0.0,0,0,0,1,0
46490,-1,1,0.35082102,0.58681667,1,1,unassigned,11.0,10.0,1.0,0.90909094,0.09090909,0.090909064,0.017408123,0.0015825568,1,0,0,1,0
46491,-1,1,0.5439108,0.6327217,1,1,unassigned,43.0,41.0,2.0,0.95348835,0.046511628,0.04651165,0.079303674,0.0036885429,1,0,0,1,0
46492,-1,1,0.41400957,0.6020489,1,1,unassigned,21.0,21.0,0.0,1.0,0.0,0.0,0.036750484,0.0,1,0,0,1,0
46493,-1,1,2.0540617,0.8863574,1,1,unassigned,40.0,40.0,0.0,1.0,0.0,0.0,0.07350097,0.0,1,0,0,1,0
46494,-1,1,0.21567458,0.5537106,1,1,unassigned,36.0,34.0,2.0,0.9444444,0.055555556,0.055555582,0.065764025,0.003653557,1,0,0,1,0
46495,1,1,1.6882942,0.84399974,1,0,unassigned,49.0,47.0,2.0,0.9591837,0.040816326,0.040816307,0.09090909,0.0037105752,1,0,1,1,0
46496,-1,0,-0.39273778,0.4030584,0,1,unassigned,14.0,14.0,0.0,1.0,0.0,0.0,0.023210831,0.0,0,0,0,0,0
46497,-1,1,0.5137475,0.62568456,1,1,unassigned,15.0,13.0,2.0,0.8666667,0.13333334,0.13333333,0.025145067,0.0033526758,1,0,0,1,0
46498,-1,0,0.7984591,0.68964475,1,1,unassigned,4.0,4.0,0.0,1.0,0.0,0.0,0.003868472,0.0,0,0,0,1,0
46499,1,0,1.4144726,0.8044704,1,0,test,25.0,25.0,0.0,1.0,0.0,0.0,0.044487428,0.0,0,0,1,1,0
46500,-1,0,-0.9015349,0.28873518,0,1,unassigned,55.0,55.0,0.0,1.0,0.0,0.0,0.102514505,0.0,0,0,0,0,0
46501,-1,0,-0.70358276,0.33101836,0,1,unassigned,33.0,33.0,0.0,1.0,0.0,0.0,0.059961315,0.0,0,0,0,0,0
46502,-1,0,-0.8484845,0.29975086,0,1,unassigned,19.0,19.0,0.0,1.0,0.0,0.0,0.032882012,0.0,0,0,0,0,0
46503,0,0,-0.47552475,0.38330945,0,0,train,24.0,24.0,0.0,1.0,0.0,0.0,0.04255319,0.0,0,0,1,0,0
46504,-1,1,3.6822407,0.9754513,1,1,unassigned,4.0,4.0,0.0,1.0,0.0,0.0,0.003868472,0.0,1,0,0,1,1
46505,-1,0,-0.22966433,0.44283494,0,1,unassigned,9.0,1.0,8.0,0.11111111,0.8888889,0.8888889,0.013539651,0.012035246,0,0,0,0,0
46506,-1,1,1.5732787,0.82825047,1,1,unassigned,7.0,7.0,0.0,1.0,0.0,0.0,0.00967118,0.0,1,0,0,1,0
46507,1,0,-0.050737083,0.48731843,0,1,unassigned,4.0,4.0,0.0,1.0,0.0,0.0,0.003868472,0.0,0,0,0,0,0
46508,-1,1,3.2007172,0.96086127,1,1,unassigned,5.0,4.0,1.0,0.8,0.2,0.19999999,0.0058027077,0.0011605415,1,0,0,1,1
46509,-1,0,-0.7139568,0.32872513,0,1,unassigned,71.0,71.0,0.0,1.0,0.0,0.0,0.13346228,0.0,0,0,0,0,0
46510,-1,0,-0.78182924,0.31392577,0,1,unassigned,9.0,9.0,0.0,1.0,0.0,0.0,0.013539651,0.0,0,0,0,0,0
46511,-1,0,-0.62358236,0.34896716,0,1,unassigned,24.0,24.0,0.0,1.0,0.0,0.0,0.04255319,0.0,0,0,0,0,0
46512,-1,0,-0.70845544,0.32994023,0,1,unassigned,22.0,22.0,0.0,1.0,0.0,0.0,0.03868472,0.0,0,0,0,0,0
46513,1,0,-0.64749044,0.34355527,0,1,val,9.0,9.0,0.0,1.0,0.0,0.0,0.013539651,0.0,0,0,0,0,0
46514,-1,1,1.4606938,0.8116388,1,1,unassigned,13.0,13.0,0.0,1.0,0.0,0.0,0.021276595,0.0,1,0,0,1,0
46515,-1,1,-0.37408724,0.40755376,0,1,unassigned,26.0,23.0,3.0,0.88461536,0.115384616,0.11538464,0.046421662,0.005356346,1,0,0,0,0
46516,-1,1,3.2278893,0.9618704,1,1,unassigned,43.0,29.0,14.0,0.6744186,0.3255814,0.32558137,0.079303674,0.0258198,1,0,0,1,1
46517,0,1,2.393861,0.916358,1,1,unassigned,16.0,16.0,0.0,1.0,0.0,0.0,0.027079303,0.0,1,0,0,1,1
46518,-1,1,6.09047,0.99774075,1,1,unassigned,2.0,2.0,0.0,1.0,0.0,0.0,0.0,0.0,1,0,0,1,1
46519,-1,1,0.013502359,0.50337553,1,1,unassigned,16.0,16.0,0.0,1.0,0.0,0.0,0.027079303,0.0,1,0,0,1,0
46520,-1,1,1.1511796,0.75972635,1,1,unassigned,32.0,31.0,1.0,0.96875,0.03125,0.03125,0.058027077,0.0018133462,1,0,0,1,0
46521,-1,1,-0.89781785,0.28949913,0,1,unassigned,54.0,52.0,2.0,0.962963,0.037037037,0.037037015,0.10058027,0.003725195,1,0,0,0,0
46522,0,1,-0.46424115,0.3859802,0,0,unassigned,12.0,12.0,0.0,1.0,0.0,0.0,0.01934236,0.0,1,0,1,0,0
46523,-1,1,1.8802712,0.8676422,1,1,unassigned,50.0,48.0,2.0,0.96,0.04,0.04000002,0.092843324,0.0037137328,1,0,0,1,0
46524,-1,1,0.5342154,0.63046575,1,1,unassigned,19.0,19.0,0.0,1.0,0.0,0.0,0.032882012,0.0,1,0,0,1,0
46525,-1,0,5.037371,0.993551,1,1,unassigned,6.0,5.0,1.0,0.8333333,0.16666667,0.16666669,0.007736944,0.0012894907,0,0,0,1,1
46526,-1,1,-0.1620911,0.45956576,0,1,unassigned,7.0,5.0,2.0,0.71428573,0.2857143,0.28571427,0.00967118,0.0027631943,1,0,0,0,0
46527,-1,1,-0.6848642,0.33517653,0,1,unassigned,67.0,64.0,3.0,0.95522386,0.04477612,0.04477614,0.12572534,0.005629493,1,0,0,0,0
46528,0,1,0.61005396,0.6479531,1,1,val,30.0,30.0,0.0,1.0,0.0,0.0,0.054158606,0.0,1,0,0,1,0
46529,-1,0,-0.24216828,0.4397521,0,1,unassigned,69.0,67.0,2.0,0.9710145,0.028985508,0.0289855,0.1295938,0.0037563422,0,0,0,0,0
46530,-1,0,2.2116635,0.901292,1,1,unassigned,2.0,1.0,1.0,0.5,0.5,0.5,0.0,0.0,0,0,0,1,1
46531,-1,0,-0.1878627,0.45317194,0,1,unassigned,18.0,18.0,0.0,1.0,0.0,0.0,0.030947777,0.0,0,0,0,0,0
46532,-1,1,7.930427,0.99964046,1,1,unassigned,12.0,11.0,1.0,0.9166667,0.083333336,0.08333331,0.01934236,0.0016118633,1,0,0,1,1
46533,-1,0,-0.5962343,0.35520566,0,1,unassigned,42.0,42.0,0.0,1.0,0.0,0.0,0.07736944,0.0,0,0,0,0,0
46534,-1,1,2.5276773,0.9260595,1,1,unassigned,2.0,2.0,0.0,1.0,0.0,0.0,0.0,0.0,1,0,0,1,1
46535,0,1,0.36679822,0.59068507,1,1,val,9.0,8.0,1.0,0.8888889,0.11111111,0.111111104,0.013539651,0.0015044058,1,0,0,1,0
46536,-1,1,-0.32391378,0.41972223,0,1,unassigned,24.0,22.0,2.0,0.9166667,0.083333336,0.08333331,0.04255319,0.0035460992,1,0,0,0,0
46537,-1,0,-0.1773943,0.45576736,0,1,unassigned,11.0,4.0,7.0,0.36363637,0.6363636,0.6363636,0.017408123,0.011077897,0,0,0,0,0
46538,-1,0,-0.7324466,0.32465807,0,1,unassigned,2.0,2.0,0.0,1.0,0.0,0.0,0.0,0.0,0,0,0,0,0
46539,0,0,1.3222811,0.7895609,1,1,unassigned,2.0,2.0,0.0,1.0,0.0,0.0,0.0,0.0,0,0,0,1,0
46540,-1,1,3.4456475,0.96910113,1,1,unassigned,15.0,11.0,4.0,0.73333335,0.26666668,0.26666665,0.025145067,0.0067053516,1,0,0,1,1
46541,-1,0,5.0070825,0.9933541,1,1,unassigned,5.0,4.0,1.0,0.8,0.2,0.19999999,0.0058027077,0.0011605415,0,0,0,1,1
46542,1,0,-0.13659662,0.46590385,0,1,val,5.0,5.0,0.0,1.0,0.0,0.0,0.0058027077,0.0,0,0,0,0,0
46543,-1,1,-0.2914983,0.4276371,0,1,unassigned,15.0,15.0,0.0,1.0,0.0,0.0,0.025145067,0.0,1,0,0,0,0
46544,0,0,0.114584744,0.5286149,1,1,unassigned,5.0,5.0,0.0,1.0,0.0,0.0,0.0058027077,0.0,0,0,0,1,0
46545,-1,0,3.935342,0.98083544,1,1,unassigned,2.0,2.0,0.0,1.0,0.0,0.0,0.0,0.0,0,0,0,1,1
46546,-1,1,-0.79974896,0.31007922,0,1,unassigned,3.0,3.0,0.0,1.0,0.0,0.0,0.001934236,0.0,1,0,0,0,0
46547,-1,0,3.2128146,0.9613137,1,1,unassigned,7.0,6.0,1.0,0.85714287,0.14285715,0.14285713,0.00967118,0.0013815971,0,0,0,1,1
46548,0,0,-0.038442433,0.4903906,0,0,unassigned,54.0,54.0,0.0,1.0,0.0,0.0,0.10058027,0.0,0,0,1,0,0
46549,0,0,0.48181003,0.6181752,1,1,unassigned,12.0,12.0,0.0,1.0,0.0,0.0,0.01934236,0.0,0,0,0,1,0
46550,-1,0,2.4060616,0.9172884,1,1,unassigned,2.0,2.0,0.0,1.0,0.0,0.0,0.0,0.0,0,0,0,1,1
46551,-1,0,-0.68676,0.3347542,0,1,unassigned,10.0,9.0,1.0,0.9,0.1,0.100000024,0.015473888,0.0015473888,0,0,0,0,0
46552,-1,0,-0.04036051,0.48991123,0,1,unassigned,2.0,2.0,0.0,1.0,0.0,0.0,0.0,0.0,0,0,0,0,0
46553,-1,1,-0.020110846,0.49497244,0,1,unassigned,101.0,90.0,11.0,0.8910891,0.10891089,0.10891092,0.19148937,0.020855278,1,0,0,0,0
46554,-1,0,6.291523,0.9981515,1,1,unassigned,8.0,2.0,6.0,0.25,0.75,0.75,0.0116054155,0.008704062,0,0,0,1,1
46555,1,0,4.18453,0.9849991,1,0,test,2.0,2.0,0.0,1.0,0.0,0.0,0.0,0.0,0,0,1,1,1
46556,-1,0,-0.41111648,0.39864445,0,1,unassigned,57.0,57.0,0.0,1.0,0.0,0.0,0.10638298,0.0,0,0,0,0,0
46557,-1,1,0.3867209,0.5954931,1,1,unassigned,13.0,12.0,1.0,0.9230769,0.07692308,0.07692307,0.021276595,0.0016366612,1,0,0,1,0
46558,-1,0,-0.4150723,0.39769652,0,1,unassigned,44.0,38.0,6.0,0.8636364,0.13636364,0.13636363,0.08123791,0.011077898,0,0,0,0,0
46559,-1,1,0.91308266,0.71363056,1,1,unassigned,21.0,20.0,1.0,0.95238096,0.04761905,0.047619045,0.036750484,0.0017500231,1,0,0,1,0
46560,-1,1,-0.05522746,0.48619667,0,1,unassigned,29.0,29.0,0.0,1.0,0.0,0.0,0.05222437,0.0,1,0,0,0,0
46561,-1,1,-0.36400333,0.40999082,0,1,unassigned,10.0,10.0,0.0,1.0,0.0,0.0,0.015473888,0.0,1,0,0,0,0
46562,-1,0,1.9736514,0.87800276,1,1,unassigned,12.0,12.0,0.0,1.0,0.0,0.0,0.01934236,0.0,0,0,0,1,0
46563,0,0,-0.054956377,0.48626432,0,0,val,11.0,10.0,1.0,0.90909094,0.09090909,0.090909064,0.017408123,0.0015825568,0,0,1,0,0
46564,-1,0,-0.0015298128,0.49961752,0,1,unassigned,25.0,2.0,23.0,0.08,0.92,0.92,0.044487428,0.040928435,0,0,0,0,0
46565,-1,1,2.249224,0.9045836,1,1,unassigned,15.0,14.0,1.0,0.93333334,0.06666667,0.06666666,0.025145067,0.0016763379,1,0,0,1,1
46566,-1,0,-0.70371675,0.33098868,0,1,unassigned,27.0,27.0,0.0,1.0,0.0,0.0,0.0483559,0.0,0,0,0,0,0
46567,-1,0,0.24983054,0.5621348,1,1,unassigned,8.0,7.0,1.0,0.875,0.125,0.125,0.0116054155,0.0014506769,0,0,0,1,0
46568,-1,0,-0.6547226,0.3419261,0,1,unassigned,37.0,32.0,5.0,0.8648649,0.13513513,0.13513511,0.06769826,0.009148413,0,0,0,0,0
46569,-1,0,1.1903002,0.76679474,1,1,unassigned,2.0,2.0,0.0,1.0,0.0,0.0,0.0,0.0,0,0,0,1,0
46570,-1,0,4.453031,0.9884908,1,1,unassigned,2.0,1.0,1.0,0.5,0.5,0.5,0.0,0.0,0,0,0,1,1
46571,-1,0,6.03229,0.9976057,1,1,unassigned,2.0,2.0,0.0,1.0,0.0,0.0,0.0,0.0,0,0,0,1,1
46572,-1,1,-0.20777732,0.44824177,0,1,unassigned,76.0,76.0,0.0,1.0,0.0,0.0,0.14313346,0.0,1,0,0,0,0
46573,-1,0,10.19562,0.9999627,1,1,unassigned,2.0,2.0,0.0,1.0,0.0,0.0,0.0,0.0,0,0,0,1,1
46574,-1,0,0.9238222,0.71582025,1,1,unassigned,2.0,2.0,0.0,1.0,0.0,0.0,0.0,0.0,0,0,0,1,0
46575,-1,1,-0.0070555806,0.49823612,0,1,unassigned,74.0,72.0,2.0,0.972973,0.027027028,0.02702701,0.13926499,0.0037639185,1,0,0,0,0
46576,-1,0,1.8613319,0.8654522,1,1,unassigned,4.0,4.0,0.0,1.0,0.0,0.0,0.003868472,0.0,0,0,0,1,0
46577,1,1,-0.56294084,0.3628673,0,1,val,14.0,14.0,0.0,1.0,0.0,0.0,0.023210831,0.0,1,0,0,0,0
46578,-1,1,-0.19217789,0.45210287,0,1,unassigned,50.0,47.0,3.0,0.94,0.06,0.060000002,0.092843324,0.0055705993,1,0,0,0,0
46579,-1,0,0.17589599,0.543861,1,1,unassigned,12.0,12.0,0.0,1.0,0.0,0.0,0.01934236,0.0,0,0,0,1,0
46580,-1,0,-0.92904764,0.28311795,0,1,unassigned,17.0,16.0,1.0,0.9411765,0.05882353,0.058823526,0.029013539,0.0017066788,0,0,0,0,0
46581,-1,0,-0.119606465,0.47013396,0,1,unassigned,4.0,3.0,1.0,0.75,0.25,0.25,0.003868472,0.000967118,0,0,0,0,0
46582,-1,0,3.220248,0.9615892,1,1,unassigned,26.0,25.0,1.0,0.96153843,0.03846154,0.038461566,0.046421662,0.0017854486,0,0,0,1,1
46583,-1,0,-0.19574273,0.45121998,0,1,unassigned,19.0,18.0,1.0,0.94736844,0.05263158,0.052631557,0.032882012,0.0017306323,0,0,0,0,0
46584,-1,0,3.5942543,0.97325385,1,1,unassigned,2.0,2.0,0.0,1.0,0.0,0.0,0.0,0.0,0,0,0,1,1
46585,-1,0,3.2453783,0.9625067,1,1,unassigned,4.0,3.0,1.0,0.75,0.25,0.25,0.003868472,0.000967118,0,0,0,1,1
46586,-1,1,1.2428982,0.77606803,1,1,unassigned,5.0,4.0,1.0,0.8,0.2,0.19999999,0.0058027077,0.0011605415,1,0,0,1,0
46587,-1,0,-0.71057725,0.3294713,0,1,unassigned,3.0,3.0,0.0,1.0,0.0,0.0,0.001934236,0.0,0,0,0,0,0
46588,-1,0,5.4252124,0.9956151,1,1,unassigned,3.0,2.0,1.0,0.6666667,0.33333334,0.3333333,0.001934236,0.00064474536,0,0,0,1,1
46589,-1,0,-0.459624,0.38707504,0,1,unassigned,10.0,10.0,0.0,1.0,0.0,0.0,0.015473888,0.0,0,0,0,0,0
46590,-1,1,-0.6325625,0.34692973,0,1,unassigned,9.0,9.0,0.0,1.0,0.0,0.0,0.013539651,0.0,1,0,0,0,0
46591,-1,0,-0.69323754,0.33331326,0,1,unassigned,3.0,3.0,0.0,1.0,0.0,0.0,0.001934236,0.0,0,0,0,0,0
46592,-1,1,-0.15102816,0.46231455,0,1,unassigned,31.0,27.0,4.0,0.87096775,0.12903225,0.12903225,0.056092843,0.007237786,1,0,0,0,0
46593,-1,0,0.77198297,0.6839497,1,1,unassigned,35.0,35.0,0.0,1.0,0.0,0.0,0.06382979,0.0,0,0,0,1,0
46594,-1,0,-0.44246805,0.391153,0,1,unassigned,47.0,47.0,0.0,1.0,0.0,0.0,0.08704062,0.0,0,0,0,0,0
46595,-1,0,0.0061404705,0.5015351,1,1,unassigned,2.0,2.0,0.0,1.0,0.0,0.0,0.0,0.0,0,0,0,1,0
46596,-1,0,-0.5092542,0.3753684,0,1,unassigned,17.0,17.0,0.0,1.0,0.0,0.0,0.029013539,0.0,0,0,0,0,0
46597,-1,1,3.08797,0.9563938,1,1,unassigned,60.0,59.0,1.0,0.98333335,0.016666668,0.01666665,0.11218569,0.0018697615,1,0,0,1,1
46598,-1,1,-0.50283474,0.37687472,0,1,unassigned,9.0,8.0,1.0,0.8888889,0.11111111,0.111111104,0.013539651,0.0015044058,1,0,0,0,0
46599,-1,0,3.7072127,0.9760423,1,1,unassigned,5.0,5.0,0.0,1.0,0.0,0.0,0.0058027077,0.0,0,0,0,1,1
46600,-1,0,5.340744,0.9952305,1,1,unassigned,11.0,10.0,1.0,0.90909094,0.09090909,0.090909064,0.017408123,0.0015825568,0,0,0,1,1
46601,1,0,6.667749,0.99873036,1,0,unassigned,4.0,4.0,0.0,1.0,0.0,0.0,0.003868472,0.0,0,0,1,1,1
46602,-1,1,-0.8428929,0.30092585,0,1,unassigned,61.0,58.0,3.0,0.9508197,0.04918033,0.04918033,0.114119925,0.0056124553,1,0,0,0,0
46603,-1,0,0.80684155,0.69143605,1,1,unassigned,4.0,4.0,0.0,1.0,0.0,0.0,0.003868472,0.0,0,0,0,1,0
46604,-1,0,9.51118,0.999926,1,1,unassigned,6.0,6.0,0.0,1.0,0.0,0.0,0.007736944,0.0,0,0,0,1,1
46605,-1,1,9.075428,0.99988556,1,1,unassigned,45.0,25.0,20.0,0.5555556,0.44444445,0.44444442,0.08317215,0.0369654,1,0,0,1,1
46606,-1,0,1.6339896,0.83671546,1,1,unassigned,3.0,3.0,0.0,1.0,0.0,0.0,0.001934236,0.0,0,0,0,1,0
46607,-1,0,-0.34540558,0.414497,0,1,unassigned,17.0,16.0,1.0,0.9411765,0.05882353,0.058823526,0.029013539,0.0017066788,0,0,0,0,0
46608,1,1,2.2852767,0.90765023,1,0,val,4.0,2.0,2.0,0.5,0.5,0.5,0.003868472,0.001934236,1,0,1,1,1
46609,-1,0,-0.36509156,0.4097276,0,1,unassigned,2.0,2.0,0.0,1.0,0.0,0.0,0.0,0.0,0,0,0,0,0
46610,1,1,4.0130305,0.98224247,1,0,unassigned,26.0,17.0,9.0,0.65384614,0.34615386,0.34615386,0.046421662,0.016069038,1,0,1,1,1
46611,-1,1,-0.69841295,0.3321642,0,1,unassigned,15.0,13.0,2.0,0.8666667,0.13333334,0.13333333,0.025145067,0.0033526758,1,0,0,0,0
46612,-1,0,-0.78574896,0.3130822,0,1,unassigned,61.0,60.0,1.0,0.9836066,0.016393442,0.016393423,0.114119925,0.0018708183,0,0,0,0,0
46613,0,0,-0.8051317,0.30892888,0,0,train,7.0,6.0,1.0,0.85714287,0.14285715,0.14285713,0.00967118,0.0013815971,0,0,1,0,0
46614,-1,0,1.1548641,0.7603982,1,1,unassigned,2.0,2.0,0.0,1.0,0.0,0.0,0.0,0.0,0,0,0,1,0
46615,1,0,-0.17658505,0.45596814,0,1,unassigned,3.0,3.0,0.0,1.0,0.0,0.0,0.001934236,0.0,0,0,0,0,0
46616,-1,0,0.54621,0.63325584,1,1,unassigned,5.0,4.0,1.0,0.8,0.2,0.19999999,0.0058027077,0.0011605415,0,0,0,1,0
46617,-1,0,1.1141737,0.7529064,1,1,unassigned,15.0,10.0,5.0,0.6666667,0.33333334,0.3333333,0.025145067,0.008381689,0,0,0,1,0
46618,-1,1,-0.056034565,0.485995,0,1,unassigned,36.0,35.0,1.0,0.9722222,0.027777778,0.027777791,0.065764025,0.0018267785,1,0,0,0,0
46619,0,1,-0.5121292,0.37469453,0,0,val,6.0,6.0,0.0,1.0,0.0,0.0,0.007736944,0.0,1,0,1,0,0
46620,-1,0,0.9558318,0.7222865,1,1,unassigned,2.0,2.0,0.0,1.0,0.0,0.0,0.0,0.0,0,0,0,1,0
46621,-1,0,1.9971776,0.88050044,1,1,unassigned,7.0,6.0,1.0,0.85714287,0.14285715,0.14285713,0.00967118,0.0013815971,0,0,0,1,0
46622,-1,0,3.3893077,0.96736866,1,1,unassigned,11.0,11.0,0.0,1.0,0.0,0.0,0.017408123,0.0,0,0,0,1,1
46623,-1,0,-0.44995743,0.3893709,0,1,unassigned,33.0,32.0,1.0,0.969697,0.030303031,0.030303001,0.059961315,0.0018170096,0,0,0,0,0
46624,0,0,-0.5320543,0.37003788,0,0,val,12.0,12.0,0.0,1.0,0.0,0.0,0.01934236,0.0,0,0,1,0,0
46625,-1,0,-0.66173035,0.34035102,0,1,unassigned,11.0,11.0,0.0,1.0,0.0,0.0,0.017408123,0.0,0,0,0,0,0
46626,-1,1,-0.042537153,0.4893673,0,1,unassigned,8.0,7.0,1.0,0.875,0.125,0.125,0.0116054155,0.0014506769,1,0,0,0,0
46627,-1,0,0.9506913,0.72125417,1,1,unassigned,4.0,4.0,0.0,1.0,0.0,0.0,0.003868472,0.0,0,0,0,1,0
46628,-1,1,4.3875136,0.987721,1,1,unassigned,2.0,2.0,0.0,1.0,0.0,0.0,0.0,0.0,1,0,0,1,1
46629,-1,1,3.2681963,0.96332145,1,1,unassigned,4.0,4.0,0.0,1.0,0.0,0.0,0.003868472,0.0,1,0,0,1,1
46630,-1,1,6.443382,0.99841154,1,1,unassigned,7.0,6.0,1.0,0.85714287,0.14285715,0.14285713,0.00967118,0.0013815971,1,0,0,1,1
46631,-1,1,-0.6974762,0.33237204,0,1,unassigned,2.0,2.0,0.0,1.0,0.0,0.0,0.0,0.0,1,0,0,0,0
46632,-1,0,-0.6014351,0.35401544,0,1,unassigned,6.0,6.0,0.0,1.0,0.0,0.0,0.007736944,0.0,0,0,0,0,0
46633,-1,0,-0.3457038,0.41442466,0,1,unassigned,23.0,23.0,0.0,1.0,0.0,0.0,0.040618956,0.0,0,0,0,0,0
46634,-1,0,-0.2968897,0.426318,0,1,unassigned,30.0,30.0,0.0,1.0,0.0,0.0,0.054158606,0.0,0,0,0,0,0
46635,-1,1,-0.7318355,0.32479206,0,1,unassigned,10.0,10.0,0.0,1.0,0.0,0.0,0.015473888,0.0,1,0,0,0,0
46636,-1,0,-0.54734415,0.36648083,0,1,unassigned,7.0,7.0,0.0,1.0,0.0,0.0,0.00967118,0.0,0,0,0,0,0
46637,-1,0,1.1807382,0.7650805,1,1,unassigned,4.0,3.0,1.0,0.75,0.25,0.25,0.003868472,0.000967118,0,0,0,1,0
46638,-1,0,-0.6351099,0.3463528,0,1,unassigned,27.0,25.0,2.0,0.9259259,0.074074075,0.07407409,0.0483559,0.0035819185,0,0,0,0,0
46639,-1,0,0.32466388,0.5804605,1,1,unassigned,8.0,8.0,0.0,1.0,0.0,0.0,0.0116054155,0.0,0,0,0,1,0
46640,-1,1,-0.32682943,0.41901228,0,1,unassigned,39.0,37.0,2.0,0.94871795,0.051282052,0.05128205,0.07156673,0.0036700887,1,0,0,0,0
46641,-1,0,-0.30041373,0.42545632,0,1,unassigned,56.0,54.0,2.0,0.96428573,0.035714287,0.03571427,0.10444874,0.0037303125,0,0,0,0,0
46642,-1,0,0.21858925,0.5544307,1,1,unassigned,16.0,16.0,0.0,1.0,0.0,0.0,0.027079303,0.0,0,0,0,1,0
46643,0,1,-0.12451768,0.46891075,0,0,test,25.0,13.0,12.0,0.52,0.48,0.48000002,0.044487428,0.021353966,1,0,1,0,0
46644,-1,1,-0.4437911,0.390838,0,1,unassigned,31.0,30.0,1.0,0.9677419,0.032258064,0.032258093,0.056092843,0.0018094465,1,0,0,0,0
46645,-1,0,2.9972522,0.95244986,1,1,unassigned,2.0,2.0,0.0,1.0,0.0,0.0,0.0,0.0,0,0,0,1,1
46646,-1,0,-0.63149166,0.34717238,0,1,unassigned,108.0,105.0,3.0,0.9722222,0.027777778,0.027777791,0.20502901,0.0056952504,0,0,0,0,0
46647,-1,1,2.786704,0.9419531,1,1,unassigned,2.0,1.0,1.0,0.5,0.5,0.5,0.0,0.0,1,0,0,1,1
46648,-1,0,5.604158,0.99633104,1,1,unassigned,11.0,8.0,3.0,0.72727275,0.27272728,0.27272725,0.017408123,0.00474767,0,0,0,1,1
46649,1,1,4.077028,0.983325,1,0,val,4.0,3.0,1.0,0.75,0.25,0.25,0.003868472,0.000967118,1,0,1,1,1
46650,1,1,5.305484,0.99506015,1,0,unassigned,11.0,11.0,0.0,1.0,0.0,0.0,0.017408123,0.0,1,0,1,1,1
46651,1,0,13.664749,0.9999988,1,0,val,5.0,5.0,0.0,1.0,0.0,0.0,0.0058027077,0.0,0,0,1,1,1
46652,-1,0,-0.824231,0.30486625,0,1,unassigned,24.0,24.0,0.0,1.0,0.0,0.0,0.04255319,0.0,0,0,0,0,0
46653,0,1,-0.3355478,0.41689137,0,0,unassigned,92.0,87.0,5.0,0.9456522,0.054347824,0.054347813,0.17408124,0.009460936,1,0,1,0,0
46654,-1,0,-0.33772042,0.4163633,0,1,unassigned,10.0,10.0,0.0,1.0,0.0,0.0,0.015473888,0.0,0,0,0,0,0
46655,-1,1,9.930435,0.99995136,1,1,unassigned,5.0,4.0,1.0,0.8,0.2,0.19999999,0.0058027077,0.0011605415,1,0,0,1,1
46656,-1,0,-0.8191139,0.30595177,0,1,unassigned,20.0,19.0,1.0,0.95,0.05,0.050000012,0.034816246,0.0017408123,0,0,0,0,0
46657,-1,0,-0.809659,0.30796316,0,1,unassigned,60.0,60.0,0.0,1.0,0.0,0.0,0.11218569,0.0,0,0,0,0,0
46658,-1,0,-0.28961417,0.42809832,0,1,unassigned,6.0,1.0,5.0,0.16666667,0.8333333,0.8333333,0.007736944,0.0064474535,0,0,0,0,0
46659,-1,1,1.9440434,0.8747957,1,1,unassigned,2.0,2.0,0.0,1.0,0.0,0.0,0.0,0.0,1,0,0,1,0
46660,1,1,2.4780266,0.922587,1,0,val,7.0,6.0,1.0,0.85714287,0.14285715,0.14285713,0.00967118,0.0013815971,1,0,1,1,1
46661,-1,1,2.4297254,0.91906613,1,1,unassigned,33.0,33.0,0.0,1.0,0.0,0.0,0.059961315,0.0,1,0,0,1,1
46662,-1,1,5.374909,0.99539006,1,1,unassigned,12.0,12.0,0.0,1.0,0.0,0.0,0.01934236,0.0,1,0,0,1,1
46663,1,0,3.0587494,0.9551587,1,0,unassigned,7.0,7.0,0.0,1.0,0.0,0.0,0.00967118,0.0,0,0,1,1,1
46664,-1,1,3.2054393,0.9610385,1,1,unassigned,22.0,19.0,3.0,0.8636364,0.13636364,0.13636363,0.03868472,0.005275189,1,0,0,1,1
46665,-1,0,2.4252837,0.9187351,1,1,unassigned,8.0,8.0,0.0,1.0,0.0,0.0,0.0116054155,0.0,0,0,0,1,1
46666,-1,1,-0.7443905,0.32204482,0,1,unassigned,121.0,108.0,13.0,0.892562,0.10743801,0.10743803,0.23017408,0.024729446,1,0,0,0,0
46667,-1,0,-0.79074097,0.31200957,0,1,unassigned,26.0,26.0,0.0,1.0,0.0,0.0,0.046421662,0.0,0,0,0,0,0
46668,-1,0,-0.9102328,0.2869522,0,1,unassigned,38.0,38.0,0.0,1.0,0.0,0.0,0.06963249,0.0,0,0,0,0,0
46669,-1,1,0.68919855,0.66578865,1,1,unassigned,2.0,2.0,0.0,1.0,0.0,0.0,0.0,0.0,1,0,0,1,0
46670,-1,0,-0.8191397,0.30594632,0,1,unassigned,15.0,15.0,0.0,1.0,0.0,0.0,0.025145067,0.0,0,0,0,0,0
46671,0,0,0.32811922,0.5813017,1,1,unassigned,8.0,8.0,0.0,1.0,0.0,0.0,0.0116054155,0.0,0,0,0,1,0
46672,-1,0,1.6130517,0.8338346,1,1,unassigned,7.0,5.0,2.0,0.71428573,0.2857143,0.28571427,0.00967118,0.0027631943,0,0,0,1,0
46673,-1,1,1.909878,0.8710054,1,1,unassigned,2.0,2.0,0.0,1.0,0.0,0.0,0.0,0.0,1,0,0,1,0
46674,-1,0,-0.6723813,0.33796382,0,1,unassigned,32.0,32.0,0.0,1.0,0.0,0.0,0.058027077,0.0,0,0,0,0,0
46675,-1,0,-0.8819842,0.29276678,0,1,unassigned,57.0,56.0,1.0,0.98245615,0.01754386,0.017543852,0.10638298,0.0018663681,0,0,0,0,0
46676,-1,0,1.2903497,0.7842064,1,1,unassigned,4.0,4.0,0.0,1.0,0.0,0.0,0.003868472,0.0,0,0,0,1,0
46677,-1,0,-0.46832287,0.38501328,0,1,unassigned,11.0,11.0,0.0,1.0,0.0,0.0,0.017408123,0.0,0,0,0,0,0
46678,-1,0,-0.025670588,0.49358273,0,1,unassigned,27.0,25.0,2.0,0.9259259,0.074074075,0.07407409,0.0483559,0.0035819185,0,0,0,0,0
46679,-1,0,-0.41342282,0.39809164,0,1,unassigned,6.0,6.0,0.0,1.0,0.0,0.0,0.007736944,0.0,0,0,0,0,0
46680,-1,1,-0.07223117,0.48195,0,1,unassigned,19.0,18.0,1.0,0.94736844,0.05263158,0.052631557,0.032882012,0.0017306323,1,0,0,0,0
46681,-1,0,1.6006217,0.8321053,1,1,unassigned,2.0,2.0,0.0,1.0,0.0,0.0,0.0,0.0,0,0,0,1,0
46682,0,0,0.20973402,0.55224216,1,1,train,3.0,3.0,0.0,1.0,0.0,0.0,0.001934236,0.0,0,0,0,1,0
46683,1,1,2.4582303,0.92116123,1,0,val,3.0,2.0,1.0,0.6666667,0.33333334,0.3333333,0.001934236,0.00064474536,1,0,1,1,1
46684,-1,0,-0.77855057,0.31463236,0,1,unassigned,18.0,16.0,2.0,0.8888889,0.11111111,0.111111104,0.030947777,0.0034386418,0,0,0,0,0
46685,-1,0,-0.2844478,0.42936364,0,1,unassigned,3.0,3.0,0.0,1.0,0.0,0.0,0.001934236,0.0,0,0,0,0,0
46686,1,1,1.7410748,0.8508235,1,0,test,19.0,18.0,1.0,0.94736844,0.05263158,0.052631557,0.032882012,0.0017306323,1,0,1,1,0
46687,-1,0,-0.17703134,0.45585743,0,1,unassigned,43.0,40.0,3.0,0.9302326,0.069767445,0.069767416,0.079303674,0.0055328147,0,0,0,0,0
46688,-1,1,-0.57271606,0.36061034,0,1,unassigned,75.0,73.0,2.0,0.97333336,0.026666667,0.026666641,0.14119923,0.003765313,1,0,0,0,0
46689,-1,0,-0.47723907,0.3829043,0,1,unassigned,35.0,33.0,2.0,0.94285715,0.057142857,0.057142854,0.06382979,0.0036474164,0,0,0,0,0
46690,-1,1,1.5608847,0.82648027,1,1,unassigned,18.0,17.0,1.0,0.9444444,0.055555556,0.055555582,0.030947777,0.0017193209,1,0,0,1,0
46691,-1,0,1.7329447,0.84978867,1,1,unassigned,3.0,2.0,1.0,0.6666667,0.33333334,0.3333333,0.001934236,0.00064474536,0,0,0,1,0
46692,-1,1,8.376959,0.99977,1,1,unassigned,31.0,5.0,26.0,0.16129032,0.83870965,0.8387097,0.056092843,0.04704561,1,1,0,1,1
46693,1,0,2.3728168,0.91473085,1,0,test,11.0,9.0,2.0,0.8181818,0.18181819,0.18181819,0.017408123,0.0031651135,0,0,1,1,1
46694,-1,0,-0.9180778,0.2853497,0,1,unassigned,41.0,41.0,0.0,1.0,0.0,0.0,0.07543521,0.0,0,0,0,0,0
46695,-1,0,4.011864,0.9822221,1,1,unassigned,2.0,2.0,0.0,1.0,0.0,0.0,0.0,0.0,0,0,0,1,1
46696,-1,0,-0.1732598,0.45679307,0,1,unassigned,12.0,12.0,0.0,1.0,0.0,0.0,0.01934236,0.0,0,0,0,0,0
46697,-1,0,1.830087,0.86177206,1,1,unassigned,4.0,4.0,0.0,1.0,0.0,0.0,0.003868472,0.0,0,0,0,1,0
46698,-1,1,-0.3484797,0.41375113,0,1,unassigned,3.0,3.0,0.0,1.0,0.0,0.0,0.001934236,0.0,1,0,0,0,0
46699,-1,0,-0.2185744,0.4455729,0,1,unassigned,7.0,7.0,0.0,1.0,0.0,0.0,0.00967118,0.0,0,0,0,0,0
46700,-1,0,-0.4971244,0.37821665,0,1,unassigned,27.0,27.0,0.0,1.0,0.0,0.0,0.0483559,0.0,0,0,0,0,0
46701,-1,0,-0.80940664,0.30801696,0,1,unassigned,45.0,45.0,0.0,1.0,0.0,0.0,0.08317215,0.0,0,0,0,0,0
46702,-1,0,0.83182985,0.69674164,1,1,unassigned,5.0,2.0,3.0,0.4,0.6,0.6,0.0058027077,0.0034816249,0,0,0,1,0
46703,1,1,-0.2697911,0.43295836,0,1,val,4.0,4.0,0.0,1.0,0.0,0.0,0.003868472,0.0,1,0,0,0,0
46704,-1,0,15.132322,0.99999976,1,1,unassigned,80.0,55.0,25.0,0.6875,0.3125,0.3125,0.15087041,0.047147006,0,0,0,1,1
46705,-1,0,-0.7467393,0.3215322,0,1,unassigned,9.0,9.0,0.0,1.0,0.0,0.0,0.013539651,0.0,0,0,0,0,0
46706,-1,0,5.424167,0.99561065,1,1,unassigned,7.0,6.0,1.0,0.85714287,0.14285715,0.14285713,0.00967118,0.0013815971,0,0,0,1,1
46707,-1,0,-0.2146948,0.4465315,0,1,unassigned,3.0,3.0,0.0,1.0,0.0,0.0,0.001934236,0.0,0,0,0,0,0
46708,-1,0,1.0776033,0.74604017,1,1,unassigned,4.0,4.0,0.0,1.0,0.0,0.0,0.003868472,0.0,0,0,0,1,0
46709,-1,1,-0.6726242,0.3379095,0,1,unassigned,3.0,2.0,1.0,0.6666667,0.33333334,0.3333333,0.001934236,0.00064474536,1,0,0,0,0
46710,-1,1,0.64092594,0.6549627,1,1,unassigned,45.0,44.0,1.0,0.9777778,0.022222223,0.02222222,0.08317215,0.0018482701,1,0,0,1,0
46711,-1,1,-0.3595621,0.41106555,0,1,unassigned,23.0,23.0,0.0,1.0,0.0,0.0,0.040618956,0.0,1,0,0,0,0
46712,-1,1,2.0692127,0.8878746,1,1,unassigned,27.0,27.0,0.0,1.0,0.0,0.0,0.0483559,0.0,1,0,0,1,0
46713,0,0,0.45845538,0.61264765,1,1,unassigned,38.0,37.0,1.0,0.9736842,0.02631579,0.026315808,0.06963249,0.0018324341,0,0,0,1,0
46714,-1,0,2.1103241,0.8919026,1,1,unassigned,2.0,1.0,1.0,0.5,0.5,0.5,0.0,0.0,0,0,0,1,0
46715,-1,0,0.7691358,0.68333393,1,1,unassigned,11.0,11.0,0.0,1.0,0.0,0.0,0.017408123,0.0,0,0,0,1,0
46716,-1,1,0.013107359,0.50327677,1,1,unassigned,22.0,20.0,2.0,0.90909094,0.09090909,0.090909064,0.03868472,0.0035167928,1,0,0,1,0
46717,-1,0,3.9648507,0.98138237,1,1,unassigned,3.0,3.0,0.0,1.0,0.0,0.0,0.001934236,0.0,0,0,0,1,1
46718,-1,1,-0.2553717,0.43650177,0,1,unassigned,3.0,3.0,0.0,1.0,0.0,0.0,0.001934236,0.0,1,0,0,0,0
46719,-1,0,0.32113343,0.57960045,1,1,unassigned,9.0,9.0,0.0,1.0,0.0,0.0,0.013539651,0.0,0,0,0,1,0
46720,-1,1,1.1245661,0.7548347,1,1,unassigned,26.0,25.0,1.0,0.96153843,0.03846154,0.038461566,0.046421662,0.0017854486,1,0,0,1,0
46721,1,0,10.689046,0.99997723,1,0,unassigned,9.0,8.0,1.0,0.8888889,0.11111111,0.111111104,0.013539651,0.0015044058,0,0,1,1,1
46722,-1,0,8.782433,0.9998466,1,1,unassigned,4.0,4.0,0.0,1.0,0.0,0.0,0.003868472,0.0,0,0,0,1,1
46723,-1,0,-0.086486906,0.47839177,0,1,unassigned,6.0,6.0,0.0,1.0,0.0,0.0,0.007736944,0.0,0,0,0,0,0
46724,-1,1,2.7499979,0.9399132,1,1,unassigned,15.0,13.0,2.0,0.8666667,0.13333334,0.13333333,0.025145067,0.0033526758,1,0,0,1,1
46725,-1,0,-0.45368844,0.38848418,0,1,unassigned,2.0,1.0,1.0,0.5,0.5,0.5,0.0,0.0,0,0,0,0,0
46726,-1,0,-0.749476,0.32093546,0,1,unassigned,4.0,2.0,2.0,0.5,0.5,0.5,0.003868472,0.001934236,0,0,0,0,0
46727,-1,0,5.9298644,0.9973482,1,1,unassigned,2.0,2.0,0.0,1.0,0.0,0.0,0.0,0.0,0,0,0,1,1
46728,-1,0,2.7841163,0.94181144,1,1,unassigned,2.0,2.0,0.0,1.0,0.0,0.0,0.0,0.0,0,0,0,1,1
46729,-1,0,-0.36396962,0.40999895,0,1,unassigned,67.0,67.0,0.0,1.0,0.0,0.0,0.12572534,0.0,0,0,0,0,0
46730,1,0,-0.14712775,0.46328422,0,1,val,28.0,28.0,0.0,1.0,0.0,0.0,0.050290134,0.0,0,0,0,0,0
46731,-1,0,3.2931588,0.9641934,1,1,unassigned,2.0,2.0,0.0,1.0,0.0,0.0,0.0,0.0,0,0,0,1,1
46732,-1,0,-0.6214196,0.34945863,0,1,unassigned,47.0,47.0,0.0,1.0,0.0,0.0,0.08704062,0.0,0,0,0,0,0
46733,-1,0,0.11034495,0.52755827,1,1,unassigned,4.0,1.0,3.0,0.25,0.75,0.75,0.003868472,0.002901354,0,0,0,1,0
46734,-1,0,-0.15461326,0.4614235,0,1,unassigned,70.0,70.0,0.0,1.0,0.0,0.0,0.13152805,0.0,0,0,0,0,0
46735,-1,1,5.1759305,0.9943808,1,1,unassigned,3.0,1.0,2.0,0.33333334,0.6666667,0.6666666,0.001934236,0.0012894907,1,0,0,1,1
46736,-1,0,2.8668437,0.9461828,1,1,unassigned,2.0,2.0,0.0,1.0,0.0,0.0,0.0,0.0,0,0,0,1,1
46737,-1,1,-0.26876867,0.43320942,0,1,unassigned,27.0,26.0,1.0,0.962963,0.037037037,0.037037015,0.0483559,0.0017909593,1,0,0,0,0
46738,-1,1,0.11505997,0.5287333,1,1,unassigned,11.0,11.0,0.0,1.0,0.0,0.0,0.017408123,0.0,1,0,0,1,0
46739,-1,1,0.5299693,0.62947595,1,1,unassigned,16.0,14.0,2.0,0.875,0.125,0.125,0.027079303,0.0033849129,1,0,0,1,0
46740,-1,1,2.1539485,0.8960372,1,1,unassigned,7.0,7.0,0.0,1.0,0.0,0.0,0.00967118,0.0,1,0,0,1,0
46741,-1,1,-0.7369496,0.32367152,0,1,unassigned,3.0,3.0,0.0,1.0,0.0,0.0,0.001934236,0.0,1,0,0,0,0
46742,-1,1,-0.23079419,0.44255617,0,1,unassigned,22.0,22.0,0.0,1.0,0.0,0.0,0.03868472,0.0,1,0,0,0,0
46743,1,0,3.0789344,0.9560154,1,0,unassigned,3.0,3.0,0.0,1.0,0.0,0.0,0.001934236,0.0,0,0,1,1,1
46744,-1,1,8.924593,0.99986696,1,1,unassigned,2.0,1.0,1.0,0.5,0.5,0.5,0.0,0.0,1,0,0,1,1
46745,-1,0,0.42339182,0.6042946,1,1,unassigned,19.0,19.0,0.0,1.0,0.0,0.0,0.032882012,0.0,0,0,0,1,0
46746,-1,0,-0.4661467,0.38552865,0,1,unassigned,51.0,50.0,1.0,0.98039216,0.019607844,0.019607842,0.09477756,0.0018583836,0,0,0,0,0
46747,-1,0,-0.40314552,0.4005568,0,1,unassigned,32.0,32.0,0.0,1.0,0.0,0.0,0.058027077,0.0,0,0,0,0,0
46748,-1,0,-0.55037814,0.36577666,0,1,unassigned,56.0,55.0,1.0,0.98214287,0.017857144,0.017857134,0.10444874,0.0018651562,0,0,0,0,0
46749,-1,0,-0.54591113,0.36681357,0,1,unassigned,17.0,17.0,0.0,1.0,0.0,0.0,0.029013539,0.0,0,0,0,0,0
46750,-1,1,-0.53580534,0.3691639,0,1,unassigned,4.0,3.0,1.0,0.75,0.25,0.25,0.003868472,0.000967118,1,0,0,0,0
46751,-1,0,0.47209102,0.6158785,1,1,unassigned,12.0,12.0,0.0,1.0,0.0,0.0,0.01934236,0.0,0,0,0,1,0
46752,-1,0,3.717634,0.9762847,1,1,unassigned,2.0,2.0,0.0,1.0,0.0,0.0,0.0,0.0,0,0,0,1,1
46753,-1,0,21.01455,1.0,1,1,unassigned,99.0,99.0,0.0,1.0,0.0,0.0,0.1876209,0.0,0,0,0,1,1
46754,-1,0,0.22537929,0.5561075,1,1,unassigned,91.0,85.0,6.0,0.93406594,0.06593407,0.06593406,0.172147,0.011350352,0,0,0,1,0
46755,-1,0,8.8752365,0.99986017,1,1,unassigned,2.0,2.0,0.0,1.0,0.0,0.0,0.0,0.0,0,0,0,1,1
46756,-1,1,2.0010543,0.8809078,1,1,unassigned,20.0,19.0,1.0,0.95,0.05,0.050000012,0.034816246,0.0017408123,1,0,0,1,0
46757,-1,0,7.90628,0.99963164,1,1,unassigned,2.0,2.0,0.0,1.0,0.0,0.0,0.0,0.0,0,0,0,1,1
46758,-1,0,-0.9363997,0.28162816,0,1,unassigned,32.0,30.0,2.0,0.9375,0.0625,0.0625,0.058027077,0.0036266923,0,0,0,0,0
46759,-1,0,-0.85217685,0.29897642,0,1,unassigned,58.0,58.0,0.0,1.0,0.0,0.0,0.10831721,0.0,0,0,0,0,0
46760,-1,1,-0.06276989,0.4843127,0,1,unassigned,16.0,16.0,0.0,1.0,0.0,0.0,0.027079303,0.0,1,0,0,0,0
46761,-1,0,-0.9401232,0.28087544,0,1,unassigned,16.0,15.0,1.0,0.9375,0.0625,0.0625,0.027079303,0.0016924564,0,0,0,0,0
46762,-1,0,-0.37272584,0.4078825,0,1,unassigned,26.0,25.0,1.0,0.96153843,0.03846154,0.038461566,0.046421662,0.0017854486,0,0,0,0,0
46763,-1,0,2.1364596,0.89439666,1,1,unassigned,18.0,16.0,2.0,0.8888889,0.11111111,0.111111104,0.030947777,0.0034386418,0,0,0,1,0
46764,0,0,-0.6134203,0.35127938,0,0,unassigned,14.0,14.0,0.0,1.0,0.0,0.0,0.023210831,0.0,0,0,1,0,0
46765,-1,0,-0.5488009,0.36614266,0,1,unassigned,57.0,57.0,0.0,1.0,0.0,0.0,0.10638298,0.0,0,0,0,0,0
46766,-1,0,-0.8013276,0.30974162,0,1,unassigned,20.0,19.0,1.0,0.95,0.05,0.050000012,0.034816246,0.0017408123,0,0,0,0,0
46767,-1,1,-0.19693705,0.45092425,0,1,unassigned,18.0,17.0,1.0,0.9444444,0.055555556,0.055555582,0.030947777,0.0017193209,1,0,0,0,0
46768,-1,0,-0.054377735,0.48640892,0,1,unassigned,17.0,17.0,0.0,1.0,0.0,0.0,0.029013539,0.0,0,0,0,0,0
46769,-1,0,0.40392977,0.5996315,1,1,unassigned,4.0,4.0,0.0,1.0,0.0,0.0,0.003868472,0.0,0,0,0,1,0
46770,-1,1,2.6120493,0.931633,1,1,unassigned,3.0,2.0,1.0,0.6666667,0.33333334,0.3333333,0.001934236,0.00064474536,1,0,0,1,1
46771,-1,1,0.23503333,0.5584893,1,1,unassigned,44.0,40.0,4.0,0.90909094,0.09090909,0.090909064,0.08123791,0.007385265,1,0,0,1,0
46772,-1,0,5.708158,0.9966922,1,1,unassigned,8.0,6.0,2.0,0.75,0.25,0.25,0.0116054155,0.0029013539,0,0,0,1,1
46773,-1,1,0.72219855,0.673091,1,1,unassigned,23.0,22.0,1.0,0.95652175,0.04347826,0.04347825,0.040618956,0.0017660416,1,0,0,1,0
46774,-1,1,3.6442726,0.97452545,1,1,unassigned,8.0,8.0,0.0,1.0,0.0,0.0,0.0116054155,0.0,1,0,0,1,1
46775,-1,1,-0.36818528,0.4089796,0,1,unassigned,75.0,74.0,1.0,0.9866667,0.013333334,0.013333321,0.14119923,0.0018826565,1,0,0,0,0
46776,-1,0,3.8105013,0.9783424,1,1,unassigned,16.0,15.0,1.0,0.9375,0.0625,0.0625,0.027079303,0.0016924564,0,0,0,1,1
46777,-1,0,2.6676166,0.9350885,1,1,unassigned,2.0,2.0,0.0,1.0,0.0,0.0,0.0,0.0,0,0,0,1,1
46778,-1,0,-0.032851636,0.49178782,0,1,unassigned,2.0,2.0,0.0,1.0,0.0,0.0,0.0,0.0,0,0,0,0,0
46779,-1,0,2.0196376,0.88284355,1,1,unassigned,8.0,8.0,0.0,1.0,0.0,0.0,0.0116054155,0.0,0,0,0,1,0
46780,0,0,2.1247602,0.8932865,1,1,unassigned,21.0,19.0,2.0,0.9047619,0.0952381,0.09523809,0.036750484,0.0035000462,0,0,0,1,0
46781,-1,0,2.6724455,0.935381,1,1,unassigned,17.0,17.0,0.0,1.0,0.0,0.0,0.029013539,0.0,0,0,0,1,1
46782,-1,1,6.6581197,0.99871814,1,1,unassigned,12.0,11.0,1.0,0.9166667,0.083333336,0.08333331,0.01934236,0.0016118633,1,0,0,1,1
46783,-1,1,0.33831823,0.58378196,1,1,unassigned,2.0,2.0,0.0,1.0,0.0,0.0,0.0,0.0,1,0,0,1,0
46784,-1,0,0.06796628,0.51698506,1,1,unassigned,2.0,2.0,0.0,1.0,0.0,0.0,0.0,0.0,0,0,0,1,0
46785,-1,1,5.45922,0.9957612,1,1,unassigned,3.0,3.0,0.0,1.0,0.0,0.0,0.001934236,0.0,1,0,0,1,1
46786,-1,0,-0.44718763,0.39002964,0,1,unassigned,18.0,16.0,2.0,0.8888889,0.11111111,0.111111104,0.030947777,0.0034386418,0,0,0,0,0
46787,-1,0,-0.70128614,0.3315271,0,1,unassigned,10.0,10.0,0.0,1.0,0.0,0.0,0.015473888,0.0,0,0,0,0,0
46788,1,0,-0.32935303,0.41839805,0,1,unassigned,42.0,42.0,0.0,1.0,0.0,0.0,0.07736944,0.0,0,0,0,0,0
46789,-1,0,-0.80470604,0.30901974,0,1,unassigned,11.0,11.0,0.0,1.0,0.0,0.0,0.017408123,0.0,0,0,0,0,0
46790,-1,0,3.7477567,0.9769722,1,1,unassigned,3.0,3.0,0.0,1.0,0.0,0.0,0.001934236,0.0,0,0,0,1,1
46791,-1,0,6.1402936,0.9978503,1,1,unassigned,5.0,5.0,0.0,1.0,0.0,0.0,0.0058027077,0.0,0,0,0,1,1
46792,1,1,5.5663853,0.9961903,1,0,val,3.0,1.0,2.0,0.33333334,0.6666667,0.6666666,0.001934236,0.0012894907,1,0,1,1,1
46793,-1,1,0.6307189,0.65265244,1,1,unassigned,15.0,11.0,4.0,0.73333335,0.26666668,0.26666665,0.025145067,0.0067053516,1,0,0,1,0
46794,-1,0,5.6506157,0.996497,1,1,unassigned,5.0,5.0,0.0,1.0,0.0,0.0,0.0058027077,0.0,0,0,0,1,1
46795,0,0,-0.47463483,0.38351983,0,0,val,45.0,45.0,0.0,1.0,0.0,0.0,0.08317215,0.0,0,0,1,0,0
46796,-1,0,-0.46114612,0.38671392,0,1,unassigned,17.0,15.0,2.0,0.88235295,0.11764706,0.11764705,0.029013539,0.0034133575,0,0,0,0,0
46797,-1,0,-0.7577949,0.3191252,0,1,unassigned,13.0,13.0,0.0,1.0,0.0,0.0,0.021276595,0.0,0,0,0,0,0
46798,-1,1,-1.0919752,0.25124654,0,1,unassigned,2.0,2.0,0.0,1.0,0.0,0.0,0.0,0.0,1,0,0,0,0
46799,-1,0,2.532173,0.9263667,1,1,unassigned,4.0,4.0,0.0,1.0,0.0,0.0,0.003868472,0.0,0,0,0,1,1
46800,-1,1,-0.32724202,0.4189118,0,1,unassigned,33.0,31.0,2.0,0.93939394,0.060606062,0.060606062,0.059961315,0.0036340193,1,0,0,0,0
46801,-1,1,-0.83652174,0.30226785,0,1,unassigned,44.0,41.0,3.0,0.9318182,0.06818182,0.06818181,0.08123791,0.005538949,1,0,0,0,0
46802,-1,1,7.9897656,0.9996612,1,1,unassigned,5.0,5.0,0.0,1.0,0.0,0.0,0.0058027077,0.0,1,0,0,1,1
46803,-1,0,7.4046793,0.9993919,1,1,unassigned,4.0,4.0,0.0,1.0,0.0,0.0,0.003868472,0.0,0,0,0,1,1
46804,-1,0,-0.98555124,0.2717917,0,1,unassigned,3.0,3.0,0.0,1.0,0.0,0.0,0.001934236,0.0,0,0,0,0,0
46805,-1,0,4.4250426,0.98816794,1,1,unassigned,3.0,3.0,0.0,1.0,0.0,0.0,0.001934236,0.0,0,0,0,1,1
46806,1,1,-0.09095508,0.47727695,0,1,unassigned,18.0,18.0,0.0,1.0,0.0,0.0,0.030947777,0.0,1,0,0,0,0
46807,-1,1,0.068344295,0.5170794,1,1,unassigned,20.0,19.0,1.0,0.95,0.05,0.050000012,0.034816246,0.0017408123,1,0,0,1,0
46808,0,0,0.32438797,0.58039325,1,1,val,7.0,7.0,0.0,1.0,0.0,0.0,0.00967118,0.0,0,0,0,1,0
46809,-1,1,0.50802547,0.6243435,1,1,unassigned,17.0,16.0,1.0,0.9411765,0.05882353,0.058823526,0.029013539,0.0017066788,1,0,0,1,0
46810,-1,1,-0.13048881,0.467424,0,1,unassigned,23.0,23.0,0.0,1.0,0.0,0.0,0.040618956,0.0,1,0,0,0,0
46811,-1,1,0.21332532,0.55313,1,1,unassigned,2.0,2.0,0.0,1.0,0.0,0.0,0.0,0.0,1,0,0,1,0
46812,-1,1,-1.0115435,0.2666779,0,1,unassigned,4.0,4.0,0.0,1.0,0.0,0.0,0.003868472,0.0,1,0,0,0,0
46813,-1,1,2.9266217,0.9491468,1,1,unassigned,11.0,11.0,0.0,1.0,0.0,0.0,0.017408123,0.0,1,0,0,1,1
46814,-1,0,-0.43834937,0.3921343,0,1,unassigned,7.0,7.0,0.0,1.0,0.0,0.0,0.00967118,0.0,0,0,0,0,0
46815,-1,0,3.763385,0.9773212,1,1,unassigned,39.0,37.0,2.0,0.94871795,0.051282052,0.05128205,0.07156673,0.0036700887,0,0,0,1,1
46816,-1,0,-0.008000672,0.49799985,0,1,unassigned,2.0,2.0,0.0,1.0,0.0,0.0,0.0,0.0,0,0,0,0,0
46817,-1,0,-0.4588819,0.38725108,0,1,unassigned,59.0,58.0,1.0,0.9830508,0.016949153,0.016949177,0.11025145,0.0018686686,0,0,0,0,0
46818,-1,1,3.8761141,0.97968984,1,1,unassigned,7.0,5.0,2.0,0.71428573,0.2857143,0.28571427,0.00967118,0.0027631943,1,0,0,1,1
46819,-1,0,9.031336,0.99988043,1,1,unassigned,2.0,1.0,1.0,0.5,0.5,0.5,0.0,0.0,0,0,0,1,1
46820,-1,1,-0.18406224,0.4541139,0,1,unassigned,2.0,2.0,0.0,1.0,0.0,0.0,0.0,0.0,1,0,0,0,0
46821,-1,0,-0.97580445,0.27372506,0,1,unassigned,28.0,28.0,0.0,1.0,0.0,0.0,0.050290134,0.0,0,0,0,0,0
46822,-1,1,1.9379666,0.8741286,1,1,unassigned,8.0,8.0,0.0,1.0,0.0,0.0,0.0116054155,0.0,1,0,0,1,0
46823,0,0,3.159623,0.9592862,1,1,unassigned,6.0,6.0,0.0,1.0,0.0,0.0,0.007736944,0.0,0,0,0,1,1
46824,0,1,0.04142511,0.5103548,1,1,unassigned,13.0,13.0,0.0,1.0,0.0,0.0,0.021276595,0.0,1,0,0,1,0
46825,-1,1,1.2184002,0.7717819,1,1,unassigned,3.0,3.0,0.0,1.0,0.0,0.0,0.001934236,0.0,1,0,0,1,0
46826,-1,1,0.028739989,0.5071845,1,1,unassigned,19.0,19.0,0.0,1.0,0.0,0.0,0.032882012,0.0,1,0,0,1,0
46827,-1,1,-0.54761225,0.36641857,0,1,unassigned,21.0,21.0,0.0,1.0,0.0,0.0,0.036750484,0.0,1,0,0,0,0
46828,-1,1,3.4156015,0.96818864,1,1,unassigned,25.0,22.0,3.0,0.88,0.12,0.120000005,0.044487428,0.0053384914,1,0,0,1,1
46829,-1,0,0.5485938,0.63380927,1,1,unassigned,6.0,6.0,0.0,1.0,0.0,0.0,0.007736944,0.0,0,0,0,1,0
46830,0,1,-0.062528074,0.48437306,0,0,val,8.0,8.0,0.0,1.0,0.0,0.0,0.0116054155,0.0,1,0,1,0,0
46831,-1,0,0.2616157,0.56503344,1,1,unassigned,13.0,13.0,0.0,1.0,0.0,0.0,0.021276595,0.0,0,0,0,1,0
46832,-1,0,3.464575,0.9696629,1,1,unassigned,10.0,10.0,0.0,1.0,0.0,0.0,0.015473888,0.0,0,0,0,1,1
46833,-1,1,5.4354644,0.99565965,1,1,unassigned,3.0,3.0,0.0,1.0,0.0,0.0,0.001934236,0.0,1,0,0,1,1
46834,-1,0,1.60254,0.83237314,1,1,unassigned,15.0,15.0,0.0,1.0,0.0,0.0,0.025145067,0.0,0,0,0,1,0
46835,-1,1,4.56124,0.989659,1,1,unassigned,5.0,5.0,0.0,1.0,0.0,0.0,0.0058027077,0.0,1,0,0,1,1
46836,1,1,5.048708,0.9936233,1,0,val,5.0,5.0,0.0,1.0,0.0,0.0,0.0058027077,0.0,1,0,1,1,1
46837,-1,0,4.801313,0.991848,1,1,unassigned,2.0,2.0,0.0,1.0,0.0,0.0,0.0,0.0,0,0,0,1,1
46838,-1,0,-0.7914267,0.3118624,0,1,unassigned,22.0,22.0,0.0,1.0,0.0,0.0,0.03868472,0.0,0,0,0,0,0
46839,-1,0,0.82715064,0.6957521,1,1,unassigned,2.0,2.0,0.0,1.0,0.0,0.0,0.0,0.0,0,0,0,1,0
46840,0,1,-0.45054686,0.38923076,0,0,unassigned,49.0,49.0,0.0,1.0,0.0,0.0,0.09090909,0.0,1,0,1,0,0
46841,-1,1,-0.52960306,0.37060946,0,1,unassigned,30.0,27.0,3.0,0.9,0.1,0.100000024,0.054158606,0.0054158606,1,0,0,0,0
46842,-1,1,-0.30963057,0.42320487,0,1,unassigned,25.0,25.0,0.0,1.0,0.0,0.0,0.044487428,0.0,1,0,0,0,0
46843,-1,0,2.3020766,0.9090488,1,1,unassigned,2.0,1.0,1.0,0.5,0.5,0.5,0.0,0.0,0,0,0,1,1
46844,-1,0,2.3774662,0.91509277,1,1,unassigned,3.0,3.0,0.0,1.0,0.0,0.0,0.001934236,0.0,0,0,0,1,1
46845,-1,0,0.1009627,0.52521926,1,1,unassigned,3.0,3.0,0.0,1.0,0.0,0.0,0.001934236,0.0,0,0,0,1,0
46846,-1,1,2.0309298,0.8840065,1,1,unassigned,3.0,2.0,1.0,0.6666667,0.33333334,0.3333333,0.001934236,0.00064474536,1,0,0,1,0
46847,-1,0,7.4147143,0.999398,1,1,unassigned,2.0,2.0,0.0,1.0,0.0,0.0,0.0,0.0,0,0,0,1,1
46848,-1,0,1.1814518,0.7652087,1,1,unassigned,6.0,6.0,0.0,1.0,0.0,0.0,0.007736944,0.0,0,0,0,1,0
46849,-1,0,0.84783393,0.7001126,1,1,unassigned,7.0,7.0,0.0,1.0,0.0,0.0,0.00967118,0.0,0,0,0,1,0
46850,1,0,0.014341533,0.5035853,1,0,unassigned,30.0,29.0,1.0,0.96666664,0.033333335,0.03333336,0.054158606,0.001805287,0,0,1,1,0
46851,-1,0,-0.10217774,0.4744778,0,1,unassigned,33.0,33.0,0.0,1.0,0.0,0.0,0.059961315,0.0,0,0,0,0,0
46852,-1,0,2.5617244,0.92835724,1,1,unassigned,2.0,2.0,0.0,1.0,0.0,0.0,0.0,0.0,0,0,0,1,1
46853,-1,0,3.9666994,0.9814161,1,1,unassigned,6.0,5.0,1.0,0.8333333,0.16666667,0.16666669,0.007736944,0.0012894907,0,0,0,1,1
46854,-1,0,1.9826181,0.87896,1,1,unassigned,10.0,10.0,0.0,1.0,0.0,0.0,0.015473888,0.0,0,0,0,1,0
46855,-1,0,0.09046286,0.5226003,1,1,unassigned,16.0,16.0,0.0,1.0,0.0,0.0,0.027079303,0.0,0,0,0,1,0
46856,0,0,0.462642,0.6136408,1,1,test,3.0,3.0,0.0,1.0,0.0,0.0,0.001934236,0.0,0,0,0,1,0
46857,-1,0,-0.8401018,0.30151334,0,1,unassigned,30.0,30.0,0.0,1.0,0.0,0.0,0.054158606,0.0,0,0,0,0,0
46858,-1,0,-0.93815637,0.2812729,0,1,unassigned,15.0,14.0,1.0,0.93333334,0.06666667,0.06666666,0.025145067,0.0016763379,0,0,0,0,0
46859,-1,0,-0.35541236,0.41207057,0,1,unassigned,20.0,20.0,0.0,1.0,0.0,0.0,0.034816246,0.0,0,0,0,0,0
46860,-1,1,0.3876868,0.5957257,1,1,unassigned,63.0,63.0,0.0,1.0,0.0,0.0,0.11798839,0.0,1,0,0,1,0
46861,-1,1,-0.0076240897,0.498094,0,1,unassigned,23.0,20.0,3.0,0.8695652,0.13043478,0.13043481,0.040618956,0.0052981246,1,0,0,0,0
46862,-1,1,1.3768721,0.79848814,1,1,unassigned,39.0,37.0,2.0,0.94871795,0.051282052,0.05128205,0.07156673,0.0036700887,1,0,0,1,0
46863,-1,1,2.7722259,0.9411564,1,1,unassigned,41.0,41.0,0.0,1.0,0.0,0.0,0.07543521,0.0,1,0,0,1,1
46864,-1,0,0.5548561,0.63526154,1,1,unassigned,2.0,2.0,0.0,1.0,0.0,0.0,0.0,0.0,0,0,0,1,0
46865,1,0,1.5335267,0.82252175,1,0,val,3.0,3.0,0.0,1.0,0.0,0.0,0.001934236,0.0,0,0,1,1,0
46866,-1,1,0.9037562,0.71172076,1,1,unassigned,8.0,8.0,0.0,1.0,0.0,0.0,0.0116054155,0.0,1,0,0,1,0
46867,-1,0,0.124465406,0.53107625,1,1,unassigned,2.0,2.0,0.0,1.0,0.0,0.0,0.0,0.0,0,0,0,1,0
46868,-1,0,1.0403523,0.738918,1,1,unassigned,12.0,12.0,0.0,1.0,0.0,0.0,0.01934236,0.0,0,0,0,1,0
46869,-1,1,4.1207376,0.9840268,1,1,unassigned,5.0,5.0,0.0,1.0,0.0,0.0,0.0058027077,0.0,1,0,0,1,1
46870,-1,0,-0.34659392,0.41420865,0,1,unassigned,3.0,3.0,0.0,1.0,0.0,0.0,0.001934236,0.0,0,0,0,0,0
46871,-1,0,-0.27740228,0.43109077,0,1,unassigned,4.0,4.0,0.0,1.0,0.0,0.0,0.003868472,0.0,0,0,0,0,0
46872,-1,0,6.569929,0.99860007,1,1,unassigned,54.0,49.0,5.0,0.9074074,0.09259259,0.0925926,0.10058027,0.009312987,0,0,0,1,1
46873,1,0,1.4700077,0.81305856,1,0,unassigned,11.0,11.0,0.0,1.0,0.0,0.0,0.017408123,0.0,0,0,1,1,0
46874,-1,0,-0.096806824,0.4758172,0,1,unassigned,4.0,4.0,0.0,1.0,0.0,0.0,0.003868472,0.0,0,0,0,0,0
46875,-1,0,-0.8354105,0.30250227,0,1,unassigned,21.0,19.0,2.0,0.9047619,0.0952381,0.09523809,0.036750484,0.0035000462,0,0,0,0,0
46876,-1,1,0.29554003,0.57335186,1,1,unassigned,55.0,44.0,11.0,0.8,0.2,0.19999999,0.102514505,0.0205029,1,0,0,1,0
46877,-1,0,0.84713656,0.69996613,1,1,unassigned,3.0,3.0,0.0,1.0,0.0,0.0,0.001934236,0.0,0,0,0,1,0
46878,-1,0,4.190684,0.9850898,1,1,unassigned,3.0,3.0,0.0,1.0,0.0,0.0,0.001934236,0.0,0,0,0,1,1
46879,-1,1,2.3321364,0.91150385,1,1,unassigned,5.0,5.0,0.0,1.0,0.0,0.0,0.0058027077,0.0,1,0,0,1,1
46880,-1,0,3.1677928,0.95960414,1,1,unassigned,16.0,16.0,0.0,1.0,0.0,0.0,0.027079303,0.0,0,0,0,1,1
46881,-1,0,-0.39098245,0.4034808,0,1,unassigned,3.0,3.0,0.0,1.0,0.0,0.0,0.001934236,0.0,0,0,0,0,0
46882,-1,0,3.577472,0.97281355,1,1,unassigned,6.0,4.0,2.0,0.6666667,0.33333334,0.3333333,0.007736944,0.0025789815,0,0,0,1,1
46883,-1,0,-0.81856143,0.30606914,0,1,unassigned,40.0,40.0,0.0,1.0,0.0,0.0,0.07350097,0.0,0,0,0,0,0
46884,1,0,-0.86796916,0.29567704,0,1,unassigned,37.0,37.0,0.0,1.0,0.0,0.0,0.06769826,0.0,0,0,0,0,0
46885,1,0,-0.8373284,0.30209774,0,1,val,52.0,52.0,0.0,1.0,0.0,0.0,0.0967118,0.0,0,0,0,0,0
46886,-1,0,-0.9202477,0.28490743,0,1,unassigned,2.0,2.0,0.0,1.0,0.0,0.0,0.0,0.0,0,0,0,0,0
46887,-1,0,0.12226492,0.5305282,1,1,unassigned,15.0,14.0,1.0,0.93333334,0.06666667,0.06666666,0.025145067,0.0016763379,0,0,0,1,0
46888,-1,1,-0.76509255,0.31754163,0,1,unassigned,10.0,10.0,0.0,1.0,0.0,0.0,0.015473888,0.0,1,0,0,0,0
46889,-1,0,4.414378,0.9880426,1,1,unassigned,3.0,2.0,1.0,0.6666667,0.33333334,0.3333333,0.001934236,0.00064474536,0,0,0,1,1
46890,-1,0,-0.17180598,0.45715383,0,1,unassigned,3.0,3.0,0.0,1.0,0.0,0.0,0.001934236,0.0,0,0,0,0,0
46891,-1,1,-0.5396806,0.36826187,0,1,unassigned,50.0,49.0,1.0,0.98,0.02,0.01999998,0.092843324,0.0018568664,1,0,0,0,0
46892,-1,0,-0.8957557,0.28992346,0,1,unassigned,2.0,2.0,0.0,1.0,0.0,0.0,0.0,0.0,0,0,0,0,0
46893,-1,0,-0.24316904,0.43950552,0,1,unassigned,5.0,5.0,0.0,1.0,0.0,0.0,0.0058027077,0.0,0,0,0,0,0
46894,-1,0,9.206715,0.9998996,1,1,unassigned,19.0,18.0,1.0,0.94736844,0.05263158,0.052631557,0.032882012,0.0017306323,0,0,0,1,1
46895,1,0,7.995255,0.9996631,1,0,unassigned,3.0,2.0,1.0,0.6666667,0.33333334,0.3333333,0.001934236,0.00064474536,0,0,1,1,1
46896,-1,0,0.61235744,0.6484784,1,1,unassigned,5.0,5.0,0.0,1.0,0.0,0.0,0.0058027077,0.0,0,0,0,1,0
46897,-1,0,1.453984,0.81061083,1,1,unassigned,9.0,9.0,0.0,1.0,0.0,0.0,0.013539651,0.0,0,0,0,1,0
46898,1,1,-0.08842024,0.47790936,0,1,unassigned,2.0,2.0,0.0,1.0,0.0,0.0,0.0,0.0,1,0,0,0,0
46899,-1,1,-0.33670327,0.41661054,0,1,unassigned,15.0,3.0,12.0,0.2,0.8,0.8,0.025145067,0.020116054,1,1,0,0,0
46900,1,1,-0.30511147,0.42430842,0,1,unassigned,5.0,5.0,0.0,1.0,0.0,0.0,0.0058027077,0.0,1,0,0,0,0
46901,-1,0,0.79060775,0.6879618,1,1,unassigned,10.0,10.0,0.0,1.0,0.0,0.0,0.015473888,0.0,0,0,0,1,0
46902,-1,0,-0.304582,0.42443776,0,1,unassigned,45.0,45.0,0.0,1.0,0.0,0.0,0.08317215,0.0,0,0,0,0,0
46903,1,0,-0.31973115,0.42074126,0,1,val,22.0,22.0,0.0,1.0,0.0,0.0,0.03868472,0.0,0,0,0,0,0
46904,-1,0,-0.80158406,0.30968675,0,1,unassigned,22.0,22.0,0.0,1.0,0.0,0.0,0.03868472,0.0,0,0,0,0,0
46905,-1,0,-0.23922157,0.4404782,0,1,unassigned,11.0,11.0,0.0,1.0,0.0,0.0,0.017408123,0.0,0,0,0,0,0
46906,-1,0,0.11944872,0.52982676,1,1,unassigned,11.0,9.0,2.0,0.8181818,0.18181819,0.18181819,0.017408123,0.0031651135,0,0,0,1,0
46907,-1,1,-0.50414795,0.37656638,0,1,unassigned,31.0,29.0,2.0,0.9354839,0.06451613,0.06451613,0.056092843,0.003618893,1,0,0,0,0
46908,-1,0,-1.0487043,0.25947398,0,1,unassigned,2.0,2.0,0.0,1.0,0.0,0.0,0.0,0.0,0,0,0,0,0
46909,-1,0,-0.7039002,0.33094805,0,1,unassigned,6.0,6.0,0.0,1.0,0.0,0.0,0.007736944,0.0,0,0,0,0,0
46910,-1,1,3.0294693,0.9538878,1,1,unassigned,36.0,36.0,0.0,1.0,0.0,0.0,0.065764025,0.0,1,0,0,1,1
46911,-1,1,0.31301123,0.5776201,1,1,unassigned,3.0,2.0,1.0,0.6666667,0.33333334,0.3333333,0.001934236,0.00064474536,1,0,0,1,0
46912,-1,1,4.3295636,0.98699796,1,1,unassigned,5.0,5.0,0.0,1.0,0.0,0.0,0.0058027077,0.0,1,0,0,1,1
46913,-1,1,-0.04698205,0.4882566,0,1,unassigned,13.0,13.0,0.0,1.0,0.0,0.0,0.021276595,0.0,1,0,0,0,0
46914,-1,0,2.9562123,0.9505563,1,1,unassigned,2.0,2.0,0.0,1.0,0.0,0.0,0.0,0.0,0,0,0,1,1
46915,-1,1,0.14015567,0.53498167,1,1,unassigned,4.0,4.0,0.0,1.0,0.0,0.0,0.003868472,0.0,1,0,0,1,0
46916,-1,1,-0.24280646,0.4395949,0,1,unassigned,32.0,25.0,7.0,0.78125,0.21875,0.21875,0.058027077,0.012693423,1,0,0,0,0
46917,1,0,0.8672176,0.7041664,1,0,unassigned,18.0,15.0,3.0,0.8333333,0.16666667,0.16666669,0.030947777,0.005157963,0,0,1,1,0
46918,-1,0,0.34355026,0.58505267,1,1,unassigned,12.0,12.0,0.0,1.0,0.0,0.0,0.01934236,0.0,0,0,0,1,0
46919,-1,1,-0.8525025,0.29890817,0,1,unassigned,3.0,3.0,0.0,1.0,0.0,0.0,0.001934236,0.0,1,0,0,0,0
46920,-1,0,-0.04679054,0.48830447,0,1,unassigned,36.0,35.0,1.0,0.9722222,0.027777778,0.027777791,0.065764025,0.0018267785,0,0,0,0,0
46921,-1,1,-0.22407568,0.44421425,0,1,unassigned,83.0,78.0,5.0,0.939759,0.060240965,0.060240984,0.15667312,0.00943814,1,0,0,0,0
46922,-1,0,0.51496035,0.6259686,1,1,unassigned,21.0,21.0,0.0,1.0,0.0,0.0,0.036750484,0.0,0,0,0,1,0
46923,-1,1,12.162895,0.99999475,1,1,unassigned,3.0,1.0,2.0,0.33333334,0.6666667,0.6666666,0.001934236,0.0012894907,1,0,0,1,1
46924,-1,0,-0.17259306,0.45695853,0,1,unassigned,60.0,56.0,4.0,0.93333334,0.06666667,0.06666666,0.11218569,0.007479046,0,0,0,0,0
46925,-1,0,0.080007374,0.51999116,1,1,unassigned,20.0,20.0,0.0,1.0,0.0,0.0,0.034816246,0.0,0,0,0,1,0
46926,-1,0,-0.7581178,0.31905505,0,1,unassigned,3.0,3.0,0.0,1.0,0.0,0.0,0.001934236,0.0,0,0,0,0,0
46927,-1,0,-0.8488518,0.29967377,0,1,unassigned,17.0,17.0,0.0,1.0,0.0,0.0,0.029013539,0.0,0,0,0,0,0
46928,1,0,1.8926976,0.86906284,1,0,unassigned,4.0,4.0,0.0,1.0,0.0,0.0,0.003868472,0.0,0,0,1,1,0
46929,0,1,1.0864849,0.7477192,1,1,val,2.0,2.0,0.0,1.0,0.0,0.0,0.0,0.0,1,0,0,1,0
46930,-1,0,-0.33039242,0.41814515,0,1,unassigned,11.0,10.0,1.0,0.90909094,0.09090909,0.090909064,0.017408123,0.0015825568,0,0,0,0,0
46931,-1,0,1.4727077,0.81346864,1,1,unassigned,41.0,41.0,0.0,1.0,0.0,0.0,0.07543521,0.0,0,0,0,1,0
46932,1,0,3.2042034,0.96099216,1,0,unassigned,25.0,23.0,2.0,0.92,0.08,0.07999998,0.044487428,0.003558994,0,0,1,1,1
46933,-1,1,2.2743502,0.9067303,1,1,unassigned,22.0,20.0,2.0,0.90909094,0.09090909,0.090909064,0.03868472,0.0035167928,1,0,0,1,1
46934,-1,1,4.500483,0.9890183,1,1,unassigned,5.0,5.0,0.0,1.0,0.0,0.0,0.0058027077,0.0,1,0,0,1,1
46935,0,0,-0.5715886,0.36087033,0,0,test,50.0,47.0,3.0,0.94,0.06,0.060000002,0.092843324,0.0055705993,0,0,1,0,0
46936,-1,1,5.426394,0.9956203,1,1,unassigned,5.0,5.0,0.0,1.0,0.0,0.0,0.0058027077,0.0,1,0,0,1,1
46937,1,0,2.7522461,0.94004005,1,0,unassigned,2.0,2.0,0.0,1.0,0.0,0.0,0.0,0.0,0,0,1,1,1
46938,-1,1,3.208513,0.9611533,1,1,unassigned,13.0,13.0,0.0,1.0,0.0,0.0,0.021276595,0.0,1,0,0,1,1
46939,-1,1,5.5259194,0.9960336,1,1,unassigned,9.0,8.0,1.0,0.8888889,0.11111111,0.111111104,0.013539651,0.0015044058,1,0,0,1,1
46940,-1,1,0.7048791,0.66926867,1,1,unassigned,24.0,20.0,4.0,0.8333333,0.16666667,0.16666669,0.04255319,0.0070921984,1,0,0,1,0
46941,-1,1,1.7969847,0.85778147,1,1,unassigned,25.0,23.0,2.0,0.92,0.08,0.07999998,0.044487428,0.003558994,1,0,0,1,0
46942,-1,1,1.4008691,0.8023218,1,1,unassigned,3.0,3.0,0.0,1.0,0.0,0.0,0.001934236,0.0,1,0,0,1,0
46943,-1,1,-0.2510715,0.4375598,0,1,unassigned,2.0,2.0,0.0,1.0,0.0,0.0,0.0,0.0,1,0,0,0,0
46944,-1,1,-0.5359077,0.3691401,0,1,unassigned,3.0,3.0,0.0,1.0,0.0,0.0,0.001934236,0.0,1,0,0,0,0
46945,-1,1,0.964006,0.72392315,1,1,unassigned,5.0,5.0,0.0,1.0,0.0,0.0,0.0058027077,0.0,1,0,0,1,0
46946,-1,1,-0.4959187,0.37850028,0,1,unassigned,2.0,1.0,1.0,0.5,0.5,0.5,0.0,0.0,1,0,0,0,0
46947,-1,1,1.1577945,0.76093173,1,1,unassigned,3.0,2.0,1.0,0.6666667,0.33333334,0.3333333,0.001934236,0.00064474536,1,0,0,1,0
46948,-1,0,-0.3094374,0.42325208,0,1,unassigned,5.0,5.0,0.0,1.0,0.0,0.0,0.0058027077,0.0,0,0,0,0,0
46949,-1,0,7.202431,0.9992557,1,1,unassigned,4.0,4.0,0.0,1.0,0.0,0.0,0.003868472,0.0,0,0,0,1,1
46950,-1,0,2.4044898,0.91716903,1,1,unassigned,4.0,4.0,0.0,1.0,0.0,0.0,0.003868472,0.0,0,0,0,1,1
46951,-1,0,2.3507211,0.9129915,1,1,unassigned,5.0,4.0,1.0,0.8,0.2,0.19999999,0.0058027077,0.0011605415,0,0,0,1,1
46952,-1,1,1.0941749,0.7491671,1,1,unassigned,9.0,9.0,0.0,1.0,0.0,0.0,0.013539651,0.0,1,0,0,1,0
46953,-1,1,0.10922438,0.527279,1,1,unassigned,15.0,14.0,1.0,0.93333334,0.06666667,0.06666666,0.025145067,0.0016763379,1,0,0,1,0
46954,-1,1,-0.39921847,0.40150014,0,1,unassigned,27.0,27.0,0.0,1.0,0.0,0.0,0.0483559,0.0,1,0,0,0,0
46955,-1,1,0.22017056,0.5548214,1,1,unassigned,16.0,12.0,4.0,0.75,0.25,0.25,0.027079303,0.0067698257,1,0,0,1,0
46956,-1,1,6.132603,0.9978338,1,1,unassigned,4.0,4.0,0.0,1.0,0.0,0.0,0.003868472,0.0,1,0,0,1,1
46957,-1,1,3.0327814,0.9540333,1,1,unassigned,19.0,17.0,2.0,0.8947368,0.10526316,0.10526317,0.032882012,0.0034612645,1,0,0,1,1
46958,1,0,1.1586411,0.7610857,1,0,val,29.0,28.0,1.0,0.9655172,0.03448276,0.034482777,0.05222437,0.0018008404,0,0,1,1,0
46959,1,1,4.701924,0.9910039,1,0,unassigned,28.0,28.0,0.0,1.0,0.0,0.0,0.050290134,0.0,1,0,1,1,1
46960,-1,1,1.5584319,0.82612824,1,1,unassigned,20.0,18.0,2.0,0.9,0.1,0.100000024,0.034816246,0.0034816246,1,0,0,1,0
46961,-1,1,5.277561,0.994921,1,1,unassigned,39.0,36.0,3.0,0.9230769,0.07692308,0.07692307,0.07156673,0.0055051334,1,0,0,1,1
46962,-1,0,-0.6655661,0.33949038,0,1,unassigned,39.0,10.0,29.0,0.25641027,0.74358976,0.74358976,0.07156673,0.05321629,0,0,0,0,0
46963,-1,1,5.020569,0.99344254,1,1,unassigned,8.0,7.0,1.0,0.875,0.125,0.125,0.0116054155,0.0014506769,1,0,0,1,1
46964,-1,1,1.1925237,0.7671922,1,1,unassigned,5.0,5.0,0.0,1.0,0.0,0.0,0.0058027077,0.0,1,0,0,1,0
46965,-1,0,-0.4978239,0.3780522,0,1,unassigned,2.0,2.0,0.0,1.0,0.0,0.0,0.0,0.0,0,0,0,0,0
46966,-1,0,0.48156124,0.61811644,1,1,unassigned,3.0,3.0,0.0,1.0,0.0,0.0,0.001934236,0.0,0,0,0,1,0
46967,-1,1,-0.30205533,0.42505512,0,1,unassigned,3.0,3.0,0.0,1.0,0.0,0.0,0.001934236,0.0,1,0,0,0,0
46968,-1,0,0.042609274,0.5106507,1,1,unassigned,6.0,4.0,2.0,0.6666667,0.33333334,0.3333333,0.007736944,0.0025789815,0,0,0,1,0
46969,-1,1,-0.46810335,0.38506526,0,1,unassigned,141.0,139.0,2.0,0.9858156,0.014184397,0.014184415,0.2688588,0.0038135997,1,0,0,0,0
46970,-1,1,-0.06948352,0.48263615,0,1,unassigned,27.0,27.0,0.0,1.0,0.0,0.0,0.0483559,0.0,1,0,0,0,0
46971,-1,0,0.8122876,0.69259673,1,1,unassigned,3.0,3.0,0.0,1.0,0.0,0.0,0.001934236,0.0,0,0,0,1,0
46972,-1,1,-0.6257375,0.3484777,0,1,unassigned,6.0,4.0,2.0,0.6666667,0.33333334,0.3333333,0.007736944,0.0025789815,1,0,0,0,0
46973,-1,1,-0.18650958,0.4535073,0,1,unassigned,4.0,4.0,0.0,1.0,0.0,0.0,0.003868472,0.0,1,0,0,0,0
46974,1,0,-0.38072848,0.4059512,0,1,val,3.0,3.0,0.0,1.0,0.0,0.0,0.001934236,0.0,0,0,0,0,0
46975,-1,0,-0.3825459,0.405513,0,1,unassigned,3.0,3.0,0.0,1.0,0.0,0.0,0.001934236,0.0,0,0,0,0,0
46976,1,0,-0.25352347,0.43695647,0,1,unassigned,36.0,35.0,1.0,0.9722222,0.027777778,0.027777791,0.065764025,0.0018267785,0,0,0,0,0
46977,-1,0,0.99844307,0.73075235,1,1,unassigned,4.0,4.0,0.0,1.0,0.0,0.0,0.003868472,0.0,0,0,0,1,0
46978,0,0,-0.8897481,0.2911618,0,0,unassigned,2.0,2.0,0.0,1.0,0.0,0.0,0.0,0.0,0,0,1,0,0
46979,-1,0,-0.9008275,0.2888805,0,1,unassigned,6.0,6.0,0.0,1.0,0.0,0.0,0.007736944,0.0,0,0,0,0,0
46980,-1,0,2.5290473,0.92615324,1,1,unassigned,25.0,25.0,0.0,1.0,0.0,0.0,0.044487428,0.0,0,0,0,1,1
46981,-1,1,2.4830868,0.9229476,1,1,unassigned,12.0,11.0,1.0,0.9166667,0.083333336,0.08333331,0.01934236,0.0016118633,1,0,0,1,1
46982,-1,1,0.23237675,0.5578342,1,1,unassigned,19.0,19.0,0.0,1.0,0.0,0.0,0.032882012,0.0,1,0,0,1,0
46983,-1,1,1.0229304,0.73554295,1,1,unassigned,13.0,13.0,0.0,1.0,0.0,0.0,0.021276595,0.0,1,0,0,1,0
46984,-1,1,0.22238582,0.5553684,1,1,unassigned,17.0,17.0,0.0,1.0,0.0,0.0,0.029013539,0.0,1,0,0,1,0
46985,-1,1,1.5875442,0.83027035,1,1,unassigned,22.0,21.0,1.0,0.95454544,0.045454547,0.04545456,0.03868472,0.0017583964,1,0,0,1,0
46986,0,1,0.46379215,0.61391336,1,1,unassigned,36.0,36.0,0.0,1.0,0.0,0.0,0.065764025,0.0,1,0,0,1,0
46987,-1,1,2.470609,0.92205554,1,1,unassigned,6.0,5.0,1.0,0.8333333,0.16666667,0.16666669,0.007736944,0.0012894907,1,0,0,1,1
46988,-1,0,-0.26534596,0.43405,0,1,unassigned,3.0,3.0,0.0,1.0,0.0,0.0,0.001934236,0.0,0,0,0,0,0
46989,-1,1,3.506253,0.9708652,1,1,unassigned,3.0,3.0,0.0,1.0,0.0,0.0,0.001934236,0.0,1,0,0,1,1
46990,-1,1,1.2114527,0.77055585,1,1,unassigned,32.0,32.0,0.0,1.0,0.0,0.0,0.058027077,0.0,1,0,0,1,0
46991,-1,1,4.8928094,0.99255556,1,1,unassigned,10.0,10.0,0.0,1.0,0.0,0.0,0.015473888,0.0,1,0,0,1,1
46992,-1,1,-0.85156417,0.29910484,0,1,unassigned,3.0,2.0,1.0,0.6666667,0.33333334,0.3333333,0.001934236,0.00064474536,1,0,0,0,0
46993,-1,0,1.2750862,0.78161216,1,1,unassigned,2.0,1.0,1.0,0.5,0.5,0.5,0.0,0.0,0,0,0,1,0
46994,-1,1,1.4210207,0.80549836,1,1,unassigned,4.0,2.0,2.0,0.5,0.5,0.5,0.003868472,0.001934236,1,0,0,1,0
46995,1,1,-1.0466995,0.25985938,0,1,val,2.0,2.0,0.0,1.0,0.0,0.0,0.0,0.0,1,0,0,0,0
46996,-1,1,3.9047778,0.9802524,1,1,unassigned,2.0,2.0,0.0,1.0,0.0,0.0,0.0,0.0,1,0,0,1,1
46997,-1,0,1.3318071,0.7911394,1,1,unassigned,4.0,4.0,0.0,1.0,0.0,0.0,0.003868472,0.0,0,0,0,1,0
46998,0,0,-0.30818662,0.42355743,0,0,unassigned,8.0,8.0,0.0,1.0,0.0,0.0,0.0116054155,0.0,0,0,1,0,0
46999,-1,1,7.3799005,0.9993767,1,1,unassigned,7.0,7.0,0.0,1.0,0.0,0.0,0.00967118,0.0,1,0,0,1,1
47000,-1,1,0.8721141,0.7051854,1,1,unassigned,35.0,33.0,2.0,0.94285715,0.057142857,0.057142854,0.06382979,0.0036474164,1,0,0,1,0
47001,-1,0,1.8903611,0.86879665,1,1,unassigned,5.0,5.0,0.0,1.0,0.0,0.0,0.0058027077,0.0,0,0,0,1,0
47002,-1,0,0.08168286,0.5204094,1,1,unassigned,4.0,4.0,0.0,1.0,0.0,0.0,0.003868472,0.0,0,0,0,1,0
47003,-1,1,-0.73664886,0.32373735,0,1,unassigned,22.0,21.0,1.0,0.95454544,0.045454547,0.04545456,0.03868472,0.0017583964,1,0,0,0,0
47004,-1,0,-0.12601101,0.4685389,0,1,unassigned,2.0,2.0,0.0,1.0,0.0,0.0,0.0,0.0,0,0,0,0,0
47005,-1,0,0.12457907,0.5311045,1,1,unassigned,12.0,12.0,0.0,1.0,0.0,0.0,0.01934236,0.0,0,0,0,1,0
47006,-1,0,3.3777673,0.96700245,1,1,unassigned,2.0,2.0,0.0,1.0,0.0,0.0,0.0,0.0,0,0,0,1,1
47007,-1,0,0.62283236,0.65086246,1,1,unassigned,3.0,3.0,0.0,1.0,0.0,0.0,0.001934236,0.0,0,0,0,1,0
47008,-1,1,2.4014888,0.9169408,1,1,unassigned,3.0,3.0,0.0,1.0,0.0,0.0,0.001934236,0.0,1,0,0,1,1
47009,-1,1,-0.13779813,0.46560484,0,1,unassigned,20.0,20.0,0.0,1.0,0.0,0.0,0.034816246,0.0,1,0,0,0,0
47010,-1,1,1.1090429,0.7519506,1,1,unassigned,21.0,20.0,1.0,0.95238096,0.04761905,0.047619045,0.036750484,0.0017500231,1,0,0,1,0
47011,-1,0,1.7509329,0.85207045,1,1,unassigned,8.0,8.0,0.0,1.0,0.0,0.0,0.0116054155,0.0,0,0,0,1,0
47012,-1,0,1.3002195,0.785872,1,1,unassigned,7.0,7.0,0.0,1.0,0.0,0.0,0.00967118,0.0,0,0,0,1,0
47013,-1,1,1.8675995,0.8661803,1,1,unassigned,15.0,15.0,0.0,1.0,0.0,0.0,0.025145067,0.0,1,0,0,1,0
47014,-1,0,6.554464,0.9985783,1,1,unassigned,2.0,2.0,0.0,1.0,0.0,0.0,0.0,0.0,0,0,0,1,1
47015,-1,0,0.42371148,0.604371,1,1,unassigned,3.0,3.0,0.0,1.0,0.0,0.0,0.001934236,0.0,0,0,0,1,0
47016,-1,0,18.005394,1.0,1,1,unassigned,2.0,2.0,0.0,1.0,0.0,0.0,0.0,0.0,0,0,0,1,1
47017,-1,0,3.575071,0.9727499,1,1,unassigned,8.0,8.0,0.0,1.0,0.0,0.0,0.0116054155,0.0,0,0,0,1,1
47018,-1,0,0.09357524,0.52337676,1,1,unassigned,4.0,4.0,0.0,1.0,0.0,0.0,0.003868472,0.0,0,0,0,1,0
47019,-1,0,2.7102368,0.93762803,1,1,unassigned,5.0,3.0,2.0,0.6,0.4,0.39999998,0.0058027077,0.002321083,0,0,0,1,1
47020,-1,0,0.4379695,0.6077751,1,1,unassigned,2.0,2.0,0.0,1.0,0.0,0.0,0.0,0.0,0,0,0,1,0
47021,-1,0,2.781216,0.9416523,1,1,unassigned,6.0,6.0,0.0,1.0,0.0,0.0,0.007736944,0.0,0,0,0,1,1
47022,-1,1,2.624029,0.9323921,1,1,unassigned,4.0,4.0,0.0,1.0,0.0,0.0,0.003868472,0.0,1,0,0,1,1
47023,-1,0,-0.48947042,0.38001832,0,1,unassigned,3.0,3.0,0.0,1.0,0.0,0.0,0.001934236,0.0,0,0,0,0,0
47024,-1,1,-0.57026434,0.36117584,0,1,unassigned,6.0,6.0,0.0,1.0,0.0,0.0,0.007736944,0.0,1,0,0,0,0
47025,-1,1,2.5615203,0.92834365,1,1,unassigned,32.0,29.0,3.0,0.90625,0.09375,0.09375,0.058027077,0.0054400386,1,0,0,1,1
47026,-1,1,2.3920572,0.9162196,1,1,unassigned,29.0,29.0,0.0,1.0,0.0,0.0,0.05222437,0.0,1,0,0,1,1
47027,-1,1,2.9672773,0.9510737,1,1,unassigned,13.0,13.0,0.0,1.0,0.0,0.0,0.021276595,0.0,1,0,0,1,1
47028,1,1,0.06287116,0.5157126,1,0,test,26.0,25.0,1.0,0.96153843,0.03846154,0.038461566,0.046421662,0.0017854486,1,0,1,1,0
47029,-1,1,1.0334277,0.7375799,1,1,unassigned,25.0,25.0,0.0,1.0,0.0,0.0,0.044487428,0.0,1,0,0,1,0
47030,-1,1,-0.040153623,0.4899629,0,1,unassigned,63.0,63.0,0.0,1.0,0.0,0.0,0.11798839,0.0,1,0,0,0,0
47031,-1,1,2.4793184,0.9226792,1,1,unassigned,36.0,36.0,0.0,1.0,0.0,0.0,0.065764025,0.0,1,0,0,1,1
47032,-1,0,2.3212101,0.9106184,1,1,unassigned,5.0,4.0,1.0,0.8,0.2,0.19999999,0.0058027077,0.0011605415,0,0,0,1,1
47033,-1,0,3.794531,0.97800136,1,1,unassigned,33.0,30.0,3.0,0.90909094,0.09090909,0.090909064,0.059961315,0.0054510287,0,0,0,1,1
47034,-1,0,2.0858366,0.8895189,1,1,unassigned,6.0,6.0,0.0,1.0,0.0,0.0,0.007736944,0.0,0,0,0,1,0
47035,-1,0,3.871566,0.9795991,1,1,unassigned,3.0,3.0,0.0,1.0,0.0,0.0,0.001934236,0.0,0,0,0,1,1
47036,-1,1,0.52925855,0.6293102,1,1,unassigned,5.0,4.0,1.0,0.8,0.2,0.19999999,0.0058027077,0.0011605415,1,0,0,1,0
47037,-1,1,1.0184867,0.7346778,1,1,unassigned,3.0,3.0,0.0,1.0,0.0,0.0,0.001934236,0.0,1,0,0,1,0
47038,0,0,-0.6423762,0.3447096,0,0,test,7.0,7.0,0.0,1.0,0.0,0.0,0.00967118,0.0,0,0,1,0,0
47039,1,1,3.046921,0.9546494,1,0,unassigned,15.0,15.0,0.0,1.0,0.0,0.0,0.025145067,0.0,1,0,1,1,1
47040,-1,0,1.8583424,0.8651036,1,1,unassigned,19.0,18.0,1.0,0.94736844,0.05263158,0.052631557,0.032882012,0.0017306323,0,0,0,1,0
47041,-1,1,3.517041,0.97116876,1,1,unassigned,17.0,11.0,6.0,0.64705884,0.3529412,0.35294116,0.029013539,0.010240072,1,0,0,1,1
47042,-1,0,-0.090660274,0.47735044,0,1,unassigned,2.0,2.0,0.0,1.0,0.0,0.0,0.0,0.0,0,0,0,0,0
47043,1,1,1.5031388,0.8180421,1,0,unassigned,3.0,3.0,0.0,1.0,0.0,0.0,0.001934236,0.0,1,0,1,1,0
47044,-1,1,5.5291653,0.99604636,1,1,unassigned,7.0,6.0,1.0,0.85714287,0.14285715,0.14285713,0.00967118,0.0013815971,1,0,0,1,1
47045,-1,1,3.7210023,0.9763625,1,1,unassigned,4.0,4.0,0.0,1.0,0.0,0.0,0.003868472,0.0,1,0,0,1,1
47046,-1,1,-0.42125124,0.39621738,0,1,unassigned,19.0,18.0,1.0,0.94736844,0.05263158,0.052631557,0.032882012,0.0017306323,1,0,0,0,0
47047,-1,1,1.8421443,0.86320204,1,1,unassigned,26.0,24.0,2.0,0.9230769,0.07692308,0.07692307,0.046421662,0.0035708973,1,0,0,1,0
47048,-1,1,1.7406948,0.8507753,1,1,unassigned,10.0,10.0,0.0,1.0,0.0,0.0,0.015473888,0.0,1,0,0,1,0
47049,-1,1,0.40730923,0.60044247,1,1,unassigned,21.0,20.0,1.0,0.95238096,0.04761905,0.047619045,0.036750484,0.0017500231,1,0,0,1,0
47050,-1,0,2.3657856,0.9141808,1,1,unassigned,3.0,3.0,0.0,1.0,0.0,0.0,0.001934236,0.0,0,0,0,1,1
47051,-1,1,2.7216012,0.93828934,1,1,unassigned,21.0,16.0,5.0,0.7619048,0.23809524,0.23809522,0.036750484,0.0087501155,1,0,0,1,1
47052,1,1,2.6108792,0.9315585,1,0,unassigned,12.0,12.0,0.0,1.0,0.0,0.0,0.01934236,0.0,1,0,1,1,1
47053,-1,0,1.4914839,0.81630087,1,1,unassigned,4.0,4.0,0.0,1.0,0.0,0.0,0.003868472,0.0,0,0,0,1,0
47054,-1,0,6.7043824,0.998776,1,1,unassigned,2.0,2.0,0.0,1.0,0.0,0.0,0.0,0.0,0,0,0,1,1
47055,-1,0,2.6709077,0.93528795,1,1,unassigned,4.0,4.0,0.0,1.0,0.0,0.0,0.003868472,0.0,0,0,0,1,1
47056,-1,1,7.427365,0.9994056,1,1,unassigned,22.0,18.0,4.0,0.8181818,0.18181819,0.18181819,0.03868472,0.0070335856,1,0,0,1,1
47057,1,0,-0.31181076,0.4226728,0,1,train,22.0,22.0,0.0,1.0,0.0,0.0,0.03868472,0.0,0,0,0,0,0
47058,-1,0,3.329814,0.9654376,1,1,unassigned,8.0,8.0,0.0,1.0,0.0,0.0,0.0116054155,0.0,0,0,0,1,1
47059,0,1,-0.86629444,0.29602593,0,0,val,38.0,38.0,0.0,1.0,0.0,0.0,0.06963249,0.0,1,0,1,0,0
47060,-1,1,2.0538085,0.88633186,1,1,unassigned,32.0,31.0,1.0,0.96875,0.03125,0.03125,0.058027077,0.0018133462,1,0,0,1,0
47061,-1,1,1.4067435,0.80325186,1,1,unassigned,18.0,18.0,0.0,1.0,0.0,0.0,0.030947777,0.0,1,0,0,1,0
47062,-1,0,-0.26111904,0.43508863,0,1,unassigned,3.0,3.0,0.0,1.0,0.0,0.0,0.001934236,0.0,0,0,0,0,0
47063,-1,1,-0.8506855,0.29928908,0,1,unassigned,38.0,35.0,3.0,0.92105263,0.078947365,0.078947365,0.06963249,0.005497302,1,0,0,0,0
47064,0,0,-0.899598,0.2891331,0,0,unassigned,2.0,2.0,0.0,1.0,0.0,0.0,0.0,0.0,0,0,1,0,0
47065,-1,1,0.47228056,0.6159234,1,1,unassigned,2.0,2.0,0.0,1.0,0.0,0.0,0.0,0.0,1,0,0,1,0
47066,-1,0,3.8575528,0.9793172,1,1,unassigned,4.0,4.0,0.0,1.0,0.0,0.0,0.003868472,0.0,0,0,0,1,1
47067,-1,1,1.5608366,0.82647336,1,1,unassigned,20.0,20.0,0.0,1.0,0.0,0.0,0.034816246,0.0,1,0,0,1,0
47068,-1,1,-0.17480958,0.45640853,0,1,unassigned,25.0,22.0,3.0,0.88,0.12,0.120000005,0.044487428,0.0053384914,1,0,0,0,0
47069,-1,1,0.43658668,0.60744536,1,1,unassigned,35.0,34.0,1.0,0.9714286,0.028571429,0.028571427,0.06382979,0.0018237082,1,0,0,1,0
47070,-1,1,0.2703095,0.5671689,1,1,unassigned,3.0,3.0,0.0,1.0,0.0,0.0,0.001934236,0.0,1,0,0,1,0
47071,1,1,-0.11553007,0.47114956,0,1,unassigned,32.0,31.0,1.0,0.96875,0.03125,0.03125,0.058027077,0.0018133462,1,0,0,0,0
47072,-1,1,1.9115803,0.87119657,1,1,unassigned,5.0,5.0,0.0,1.0,0.0,0.0,0.0058027077,0.0,1,0,0,1,0
47073,-1,0,-0.42416656,0.39552018,0,1,unassigned,4.0,4.0,0.0,1.0,0.0,0.0,0.003868472,0.0,0,0,0,0,0
47074,-1,0,-0.867283,0.29581997,0,1,unassigned,21.0,21.0,0.0,1.0,0.0,0.0,0.036750484,0.0,0,0,0,0,0
47075,-1,1,1.714607,0.8474329,1,1,unassigned,2.0,2.0,0.0,1.0,0.0,0.0,0.0,0.0,1,0,0,1,0
47076,-1,1,-0.22080433,0.4450221,0,1,unassigned,3.0,3.0,0.0,1.0,0.0,0.0,0.001934236,0.0,1,0,0,0,0
47077,-1,0,0.2193901,0.55462855,1,1,unassigned,9.0,9.0,0.0,1.0,0.0,0.0,0.013539651,0.0,0,0,0,1,0
47078,-1,0,1.5626333,0.8267309,1,1,unassigned,17.0,17.0,0.0,1.0,0.0,0.0,0.029013539,0.0,0,0,0,1,0
47079,-1,1,-0.5081804,0.37562016,0,1,unassigned,41.0,38.0,3.0,0.9268293,0.07317073,0.07317072,0.07543521,0.005519649,1,0,0,0,0
47080,-1,1,0.9031567,0.7115978,1,1,unassigned,3.0,3.0,0.0,1.0,0.0,0.0,0.001934236,0.0,1,0,0,1,0
47081,-1,0,7.298267,0.9993237,1,1,unassigned,10.0,9.0,1.0,0.9,0.1,0.100000024,0.015473888,0.0015473888,0,0,0,1,1
47082,-1,0,3.099756,0.9568827,1,1,unassigned,35.0,33.0,2.0,0.94285715,0.057142857,0.057142854,0.06382979,0.0036474164,0,0,0,1,1
47083,1,1,1.6564572,0.83976185,1,0,unassigned,19.0,19.0,0.0,1.0,0.0,0.0,0.032882012,0.0,1,0,1,1,0
47084,-1,0,0.7759984,0.684817,1,1,unassigned,8.0,8.0,0.0,1.0,0.0,0.0,0.0116054155,0.0,0,0,0,1,0
47085,-1,0,-0.8555763,0.29826444,0,1,unassigned,2.0,2.0,0.0,1.0,0.0,0.0,0.0,0.0,0,0,0,0,0
47086,-1,0,3.7857487,0.97781163,1,1,unassigned,6.0,6.0,0.0,1.0,0.0,0.0,0.007736944,0.0,0,0,0,1,1
47087,-1,0,0.25033188,0.5622582,1,1,unassigned,10.0,10.0,0.0,1.0,0.0,0.0,0.015473888,0.0,0,0,0,1,0
47088,-1,0,1.4976661,0.8172261,1,1,unassigned,10.0,10.0,0.0,1.0,0.0,0.0,0.015473888,0.0,0,0,0,1,0
47089,-1,0,1.3720565,0.79771227,1,1,unassigned,11.0,11.0,0.0,1.0,0.0,0.0,0.017408123,0.0,0,0,0,1,0
47090,0,1,-0.3858999,0.4047047,0,0,unassigned,35.0,35.0,0.0,1.0,0.0,0.0,0.06382979,0.0,1,0,1,0,0
47091,-1,1,1.1690273,0.7629692,1,1,unassigned,19.0,19.0,0.0,1.0,0.0,0.0,0.032882012,0.0,1,0,0,1,0
47092,-1,1,-0.094145894,0.47648087,0,1,unassigned,4.0,4.0,0.0,1.0,0.0,0.0,0.003868472,0.0,1,0,0,0,0
47093,-1,0,-0.24207634,0.43977472,0,1,unassigned,7.0,7.0,0.0,1.0,0.0,0.0,0.00967118,0.0,0,0,0,0,0
47094,-1,0,-0.5380529,0.36864063,0,1,unassigned,10.0,10.0,0.0,1.0,0.0,0.0,0.015473888,0.0,0,0,0,0,0
47095,-1,1,-0.2853046,0.42915374,0,1,unassigned,11.0,9.0,2.0,0.8181818,0.18181819,0.18181819,0.017408123,0.0031651135,1,0,0,0,0
47096,0,0,-0.1017836,0.47457603,0,0,val,9.0,9.0,0.0,1.0,0.0,0.0,0.013539651,0.0,0,0,1,0,0
47097,-1,0,2.458552,0.9211846,1,1,unassigned,3.0,3.0,0.0,1.0,0.0,0.0,0.001934236,0.0,0,0,0,1,1
47098,-1,0,3.635712,0.9743121,1,1,unassigned,12.0,8.0,4.0,0.6666667,0.33333334,0.3333333,0.01934236,0.006447453,0,0,0,1,1
47099,-1,0,0.7866238,0.6871059,1,1,unassigned,6.0,6.0,0.0,1.0,0.0,0.0,0.007736944,0.0,0,0,0,1,0
47100,-1,1,6.9001846,0.99899346,1,1,unassigned,2.0,2.0,0.0,1.0,0.0,0.0,0.0,0.0,1,0,0,1,1
47101,-1,0,3.5262234,0.9714247,1,1,unassigned,2.0,2.0,0.0,1.0,0.0,0.0,0.0,0.0,0,0,0,1,1
47102,-1,0,-0.6901742,0.33399433,0,1,unassigned,36.0,35.0,1.0,0.9722222,0.027777778,0.027777791,0.065764025,0.0018267785,0,0,0,0,0
47103,-1,0,-0.066666245,0.48333958,0,1,unassigned,23.0,23.0,0.0,1.0,0.0,0.0,0.040618956,0.0,0,0,0,0,0
47104,-1,0,-0.96481895,0.2759144,0,1,unassigned,23.0,23.0,0.0,1.0,0.0,0.0,0.040618956,0.0,0,0,0,0,0
47105,-1,0,0.9882427,0.72874063,1,1,unassigned,6.0,6.0,0.0,1.0,0.0,0.0,0.007736944,0.0,0,0,0,1,0
47106,-1,0,-0.42846072,0.39449397,0,1,unassigned,8.0,8.0,0.0,1.0,0.0,0.0,0.0116054155,0.0,0,0,0,0,0
47107,-1,0,0.5053887,0.6237249,1,1,unassigned,9.0,7.0,2.0,0.7777778,0.22222222,0.22222221,0.013539651,0.0030088115,0,0,0,1,0
47108,-1,0,2.8651454,0.94609624,1,1,unassigned,5.0,5.0,0.0,1.0,0.0,0.0,0.0058027077,0.0,0,0,0,1,1
47109,-1,0,0.12290722,0.53068817,1,1,unassigned,6.0,6.0,0.0,1.0,0.0,0.0,0.007736944,0.0,0,0,0,1,0
47110,-1,0,-0.45274457,0.38870844,0,1,unassigned,32.0,32.0,0.0,1.0,0.0,0.0,0.058027077,0.0,0,0,0,0,0
47111,-1,0,-0.3305077,0.4181171,0,1,unassigned,4.0,4.0,0.0,1.0,0.0,0.0,0.003868472,0.0,0,0,0,0,0
47112,1,0,-0.17375198,0.45667097,0,1,test,8.0,8.0,0.0,1.0,0.0,0.0,0.0116054155,0.0,0,0,0,0,0
47113,-1,0,5.6419415,0.9964665,1,1,unassigned,8.0,6.0,2.0,0.75,0.25,0.25,0.0116054155,0.0029013539,0,0,0,1,1
47114,-1,0,-0.045964003,0.48851103,0,1,unassigned,6.0,6.0,0.0,1.0,0.0,0.0,0.007736944,0.0,0,0,0,0,0
47115,-1,1,-0.25187832,0.43736124,0,1,unassigned,12.0,12.0,0.0,1.0,0.0,0.0,0.01934236,0.0,1,0,0,0,0
47116,-1,0,3.586881,0.9730612,1,1,unassigned,2.0,2.0,0.0,1.0,0.0,0.0,0.0,0.0,0,0,0,1,1
47117,-1,1,-0.16598177,0.45859957,0,1,unassigned,2.0,2.0,0.0,1.0,0.0,0.0,0.0,0.0,1,0,0,0,0
47118,-1,0,0.3571068,0.5883399,1,1,unassigned,20.0,18.0,2.0,0.9,0.1,0.100000024,0.034816246,0.0034816246,0,0,0,1,0
47119,-1,0,-0.2776963,0.43101865,0,1,unassigned,2.0,2.0,0.0,1.0,0.0,0.0,0.0,0.0,0,0,0,0,0
47120,-1,0,0.851456,0.7008725,1,1,unassigned,7.0,7.0,0.0,1.0,0.0,0.0,0.00967118,0.0,0,0,0,1,0
47121,-1,0,2.210084,0.9011515,1,1,unassigned,8.0,8.0,0.0,1.0,0.0,0.0,0.0116054155,0.0,0,0,0,1,1
47122,-1,0,2.272855,0.90660375,1,1,unassigned,8.0,8.0,0.0,1.0,0.0,0.0,0.0116054155,0.0,0,0,0,1,1
47123,-1,0,13.570036,0.9999987,1,1,unassigned,2.0,2.0,0.0,1.0,0.0,0.0,0.0,0.0,0,0,0,1,1
47124,-1,0,0.92003995,0.7150503,1,1,unassigned,3.0,3.0,0.0,1.0,0.0,0.0,0.001934236,0.0,0,0,0,1,0
47125,-1,0,2.8343303,0.944503,1,1,unassigned,2.0,2.0,0.0,1.0,0.0,0.0,0.0,0.0,0,0,0,1,1
47126,-1,1,0.9150477,0.71403193,1,1,unassigned,15.0,14.0,1.0,0.93333334,0.06666667,0.06666666,0.025145067,0.0016763379,1,0,0,1,0
47127,1,1,-0.6284539,0.34786117,0,1,test,37.0,37.0,0.0,1.0,0.0,0.0,0.06769826,0.0,1,0,0,0,0
47128,-1,0,0.26638228,0.56620455,1,1,unassigned,5.0,5.0,0.0,1.0,0.0,0.0,0.0058027077,0.0,0,0,0,1,0
47129,-1,0,-0.21679324,0.44601294,0,1,unassigned,5.0,5.0,0.0,1.0,0.0,0.0,0.0058027077,0.0,0,0,0,0,0
47130,-1,1,-0.8117767,0.30751202,0,1,unassigned,11.0,9.0,2.0,0.8181818,0.18181819,0.18181819,0.017408123,0.0031651135,1,0,0,0,0
47131,-1,0,-0.0004374981,0.4998906,0,1,unassigned,8.0,7.0,1.0,0.875,0.125,0.125,0.0116054155,0.0014506769,0,0,0,0,0
47132,-1,1,-0.36736462,0.40917796,0,1,unassigned,9.0,9.0,0.0,1.0,0.0,0.0,0.013539651,0.0,1,0,0,0,0
47133,-1,0,1.7941878,0.85744,1,1,unassigned,10.0,9.0,1.0,0.9,0.1,0.100000024,0.015473888,0.0015473888,0,0,0,1,0
47134,-1,0,-0.063417435,0.48415092,0,1,unassigned,2.0,2.0,0.0,1.0,0.0,0.0,0.0,0.0,0,0,0,0,0
47135,-1,0,0.9067133,0.7123271,1,1,unassigned,5.0,5.0,0.0,1.0,0.0,0.0,0.0058027077,0.0,0,0,0,1,0
47136,-1,0,4.4683423,0.98866373,1,1,unassigned,4.0,4.0,0.0,1.0,0.0,0.0,0.003868472,0.0,0,0,0,1,1
47137,-1,0,2.0647757,0.8874321,1,1,unassigned,4.0,4.0,0.0,1.0,0.0,0.0,0.003868472,0.0,0,0,0,1,0
47138,-1,0,1.7749183,0.85506827,1,1,unassigned,5.0,5.0,0.0,1.0,0.0,0.0,0.0058027077,0.0,0,0,0,1,0
47139,1,1,-0.3367009,0.4166111,0,1,unassigned,7.0,7.0,0.0,1.0,0.0,0.0,0.00967118,0.0,1,0,0,0,0
47140,-1,1,-0.039518476,0.4901217,0,1,unassigned,4.0,4.0,0.0,1.0,0.0,0.0,0.003868472,0.0,1,0,0,0,0
47141,-1,0,3.404576,0.9678472,1,1,unassigned,10.0,10.0,0.0,1.0,0.0,0.0,0.015473888,0.0,0,0,0,1,1
47142,-1,1,2.0224538,0.8831344,1,1,unassigned,11.0,11.0,0.0,1.0,0.0,0.0,0.017408123,0.0,1,0,0,1,0
47143,-1,0,3.6313522,0.9742028,1,1,unassigned,8.0,8.0,0.0,1.0,0.0,0.0,0.0116054155,0.0,0,0,0,1,1
47144,-1,1,-0.8925792,0.29057783,0,1,unassigned,21.0,20.0,1.0,0.95238096,0.04761905,0.047619045,0.036750484,0.0017500231,1,0,0,0,0
47145,-1,0,0.75807387,0.6809354,1,1,unassigned,3.0,3.0,0.0,1.0,0.0,0.0,0.001934236,0.0,0,0,0,1,0
47146,-1,1,-0.6059669,0.35297978,0,1,unassigned,18.0,18.0,0.0,1.0,0.0,0.0,0.030947777,0.0,1,0,0,0,0
47147,1,0,0.8979446,0.71052694,1,0,test,17.0,17.0,0.0,1.0,0.0,0.0,0.029013539,0.0,0,0,1,1,0
47148,-1,1,2.5631847,0.92845434,1,1,unassigned,4.0,4.0,0.0,1.0,0.0,0.0,0.003868472,0.0,1,0,0,1,1
47149,-1,1,1.479325,0.8144706,1,1,unassigned,6.0,6.0,0.0,1.0,0.0,0.0,0.007736944,0.0,1,0,0,1,0
47150,-1,1,2.7080238,0.9374985,1,1,unassigned,12.0,12.0,0.0,1.0,0.0,0.0,0.01934236,0.0,1,0,0,1,1
47151,-1,0,0.092999876,0.52323323,1,1,unassigned,16.0,16.0,0.0,1.0,0.0,0.0,0.027079303,0.0,0,0,0,1,0
47152,-1,0,1.9091499,0.8709236,1,1,unassigned,9.0,9.0,0.0,1.0,0.0,0.0,0.013539651,0.0,0,0,0,1,0
47153,-1,1,-0.34113827,0.41553304,0,1,unassigned,33.0,32.0,1.0,0.969697,0.030303031,0.030303001,0.059961315,0.0018170096,1,0,0,0,0
47154,1,0,-0.61646837,0.3505851,0,1,unassigned,31.0,29.0,2.0,0.9354839,0.06451613,0.06451613,0.056092843,0.003618893,0,0,0,0,0
47155,-1,1,-0.49154168,0.37953043,0,1,unassigned,55.0,53.0,2.0,0.96363634,0.036363635,0.03636366,0.102514505,0.0037278,1,0,0,0,0
47156,-1,1,2.9759448,0.95147544,1,1,unassigned,30.0,29.0,1.0,0.96666664,0.033333335,0.03333336,0.054158606,0.001805287,1,0,0,1,1
47157,-1,1,-0.26429605,0.43430796,0,1,unassigned,8.0,8.0,0.0,1.0,0.0,0.0,0.0116054155,0.0,1,0,0,0,0
47158,1,0,3.7420208,0.97684276,1,0,test,2.0,2.0,0.0,1.0,0.0,0.0,0.0,0.0,0,0,1,1,1
47159,-1,0,1.8108559,0.8594653,1,1,unassigned,4.0,4.0,0.0,1.0,0.0,0.0,0.003868472,0.0,0,0,0,1,0
47160,-1,0,0.2677163,0.5665322,1,1,unassigned,2.0,2.0,0.0,1.0,0.0,0.0,0.0,0.0,0,0,0,1,0
47161,-1,0,3.5896227,0.973133,1,1,unassigned,25.0,19.0,6.0,0.76,0.24,0.24000001,0.044487428,0.010676983,0,0,0,1,1
47162,-1,0,3.6298273,0.9741644,1,1,unassigned,25.0,23.0,2.0,0.92,0.08,0.07999998,0.044487428,0.003558994,0,0,0,1,1
47163,-1,0,4.361996,0.9874077,1,1,unassigned,3.0,3.0,0.0,1.0,0.0,0.0,0.001934236,0.0,0,0,0,1,1
47164,-1,0,1.7782972,0.8554865,1,1,unassigned,19.0,17.0,2.0,0.8947368,0.10526316,0.10526317,0.032882012,0.0034612645,0,0,0,1,0
47165,-1,0,1.2946968,0.78494114,1,1,unassigned,12.0,12.0,0.0,1.0,0.0,0.0,0.01934236,0.0,0,0,0,1,0
47166,-1,0,0.6580866,0.65883046,1,1,unassigned,10.0,10.0,0.0,1.0,0.0,0.0,0.015473888,0.0,0,0,0,1,0
47167,0,0,1.3129549,0.7880072,1,1,test,11.0,11.0,0.0,1.0,0.0,0.0,0.017408123,0.0,0,0,0,1,0
47168,-1,0,2.1244733,0.8932592,1,1,unassigned,2.0,2.0,0.0,1.0,0.0,0.0,0.0,0.0,0,0,0,1,0
47169,1,1,-1.1721721,0.2364626,0,1,val,3.0,3.0,0.0,1.0,0.0,0.0,0.001934236,0.0,1,0,0,0,0
47170,-1,1,-0.59143746,0.3563051,0,1,unassigned,35.0,35.0,0.0,1.0,0.0,0.0,0.06382979,0.0,1,0,0,0,0
47171,-1,0,1.7954419,0.8575932,1,1,unassigned,10.0,8.0,2.0,0.8,0.2,0.19999999,0.015473888,0.0030947777,0,0,0,1,0
47172,-1,0,2.7568383,0.9402984,1,1,unassigned,6.0,3.0,3.0,0.5,0.5,0.5,0.007736944,0.003868472,0,0,0,1,1
47173,-1,0,-0.124877214,0.46882117,0,1,unassigned,25.0,25.0,0.0,1.0,0.0,0.0,0.044487428,0.0,0,0,0,0,0
47174,-1,0,3.2429738,0.9624198,1,1,unassigned,2.0,2.0,0.0,1.0,0.0,0.0,0.0,0.0,0,0,0,1,1
47175,-1,1,-0.464728,0.3858648,0,1,unassigned,27.0,26.0,1.0,0.962963,0.037037037,0.037037015,0.0483559,0.0017909593,1,0,0,0,0
47176,-1,1,0.19706762,0.5491081,1,1,unassigned,26.0,25.0,1.0,0.96153843,0.03846154,0.038461566,0.046421662,0.0017854486,1,0,0,1,0
47177,-1,1,-0.33937234,0.41596195,0,1,unassigned,29.0,25.0,4.0,0.86206895,0.13793103,0.13793105,0.05222437,0.0072033615,1,0,0,0,0
47178,-1,1,-0.42869467,0.39443806,0,1,unassigned,23.0,22.0,1.0,0.95652175,0.04347826,0.04347825,0.040618956,0.0017660416,1,0,0,0,0
47179,-1,0,6.6462183,0.99870276,1,1,unassigned,2.0,2.0,0.0,1.0,0.0,0.0,0.0,0.0,0,0,0,1,1
47180,1,0,2.1732357,0.8978202,1,0,unassigned,3.0,3.0,0.0,1.0,0.0,0.0,0.001934236,0.0,0,0,1,1,0
47181,-1,0,0.71842307,0.6722597,1,1,unassigned,3.0,3.0,0.0,1.0,0.0,0.0,0.001934236,0.0,0,0,0,1,0
47182,-1,1,1.711117,0.84698117,1,1,unassigned,3.0,3.0,0.0,1.0,0.0,0.0,0.001934236,0.0,1,0,0,1,0
47183,-1,1,-0.436428,0.39259243,0,1,unassigned,2.0,2.0,0.0,1.0,0.0,0.0,0.0,0.0,1,0,0,0,0
47184,1,0,4.1851325,0.985008,1,0,unassigned,9.0,5.0,4.0,0.5555556,0.44444445,0.44444442,0.013539651,0.006017623,0,0,1,1,1
47185,-1,1,5.0207877,0.99344397,1,1,unassigned,7.0,2.0,5.0,0.2857143,0.71428573,0.71428573,0.00967118,0.0069079855,1,0,0,1,1
47186,-1,0,1.751167,0.85209996,1,1,unassigned,3.0,3.0,0.0,1.0,0.0,0.0,0.001934236,0.0,0,0,0,1,0
47187,-1,1,8.487379,0.99979407,1,1,unassigned,18.0,16.0,2.0,0.8888889,0.11111111,0.111111104,0.030947777,0.0034386418,1,0,0,1,1
47188,-1,0,-0.210628,0.44753683,0,1,unassigned,11.0,10.0,1.0,0.90909094,0.09090909,0.090909064,0.017408123,0.0015825568,0,0,0,0,0
47189,-1,1,-0.9451978,0.2798516,0,1,unassigned,16.0,16.0,0.0,1.0,0.0,0.0,0.027079303,0.0,1,0,0,0,0
47190,-1,1,0.44687468,0.6098959,1,1,unassigned,9.0,5.0,4.0,0.5555556,0.44444445,0.44444442,0.013539651,0.006017623,1,0,0,1,0
47191,-1,0,5.168813,0.9943409,1,1,unassigned,4.0,3.0,1.0,0.75,0.25,0.25,0.003868472,0.000967118,0,0,0,1,1
47192,-1,0,4.8939652,0.992564,1,1,unassigned,2.0,2.0,0.0,1.0,0.0,0.0,0.0,0.0,0,0,0,1,1
47193,-1,0,-0.25958437,0.4354659,0,1,unassigned,7.0,7.0,0.0,1.0,0.0,0.0,0.00967118,0.0,0,0,0,0,0
47194,-1,0,-0.7964069,0.31079465,0,1,unassigned,4.0,4.0,0.0,1.0,0.0,0.0,0.003868472,0.0,0,0,0,0,0
47195,-1,0,0.65810496,0.6588345,1,1,unassigned,26.0,24.0,2.0,0.9230769,0.07692308,0.07692307,0.046421662,0.0035708973,0,0,0,1,0
47196,-1,0,0.17223555,0.5429528,1,1,unassigned,46.0,44.0,2.0,0.95652175,0.04347826,0.04347825,0.08510638,0.0037002775,0,0,0,1,0
47197,1,0,1.8447392,0.8635083,1,0,test,7.0,6.0,1.0,0.85714287,0.14285715,0.14285713,0.00967118,0.0013815971,0,0,1,1,0
47198,1,0,2.7100103,0.9376148,1,0,val,2.0,2.0,0.0,1.0,0.0,0.0,0.0,0.0,0,0,1,1,1
47199,-1,0,1.1508849,0.7596725,1,1,unassigned,6.0,5.0,1.0,0.8333333,0.16666667,0.16666669,0.007736944,0.0012894907,0,0,0,1,0
47200,-1,1,4.6267886,0.9903087,1,1,unassigned,18.0,18.0,0.0,1.0,0.0,0.0,0.030947777,0.0,1,0,0,1,1
47201,-1,1,-0.6399315,0.34526205,0,1,unassigned,22.0,22.0,0.0,1.0,0.0,0.0,0.03868472,0.0,1,0,0,0,0
47202,-1,0,0.3768428,0.5931114,1,1,unassigned,2.0,2.0,0.0,1.0,0.0,0.0,0.0,0.0,0,0,0,1,0
47203,-1,0,8.987017,0.99987495,1,1,unassigned,3.0,3.0,0.0,1.0,0.0,0.0,0.001934236,0.0,0,0,0,1,1
47204,-1,0,0.98663574,0.7284229,1,1,unassigned,14.0,13.0,1.0,0.9285714,0.071428575,0.0714286,0.023210831,0.0016579166,0,0,0,1,0
47205,-1,0,4.033028,0.982588,1,1,unassigned,8.0,7.0,1.0,0.875,0.125,0.125,0.0116054155,0.0014506769,0,0,0,1,1
47206,-1,1,2.923101,0.94897664,1,1,unassigned,5.0,5.0,0.0,1.0,0.0,0.0,0.0058027077,0.0,1,0,0,1,1
47207,-1,1,-0.0052236915,0.49869403,0,1,unassigned,4.0,4.0,0.0,1.0,0.0,0.0,0.003868472,0.0,1,0,0,0,0
47208,-1,1,6.908994,0.9990023,1,1,unassigned,3.0,3.0,0.0,1.0,0.0,0.0,0.001934236,0.0,1,0,0,1,1
47209,-1,0,2.4818275,0.92285806,1,1,unassigned,3.0,3.0,0.0,1.0,0.0,0.0,0.001934236,0.0,0,0,0,1,1
47210,-1,0,2.88812,0.9472561,1,1,unassigned,9.0,9.0,0.0,1.0,0.0,0.0,0.013539651,0.0,0,0,0,1,1
47211,-1,0,2.4941084,0.92372775,1,1,unassigned,7.0,7.0,0.0,1.0,0.0,0.0,0.00967118,0.0,0,0,0,1,1
47212,-1,1,-0.50231254,0.37699738,0,1,unassigned,39.0,39.0,0.0,1.0,0.0,0.0,0.07156673,0.0,1,0,0,0,0
47213,1,1,-0.50047237,0.37742966,0,1,test,16.0,13.0,3.0,0.8125,0.1875,0.1875,0.027079303,0.0050773695,1,0,0,0,0
47214,-1,0,2.973344,0.9513552,1,1,unassigned,6.0,6.0,0.0,1.0,0.0,0.0,0.007736944,0.0,0,0,0,1,1
47215,-1,0,1.8125312,0.8596675,1,1,unassigned,24.0,22.0,2.0,0.9166667,0.083333336,0.08333331,0.04255319,0.0035460992,0,0,0,1,0
47216,-1,1,4.900307,0.99261075,1,1,unassigned,10.0,10.0,0.0,1.0,0.0,0.0,0.015473888,0.0,1,0,0,1,1
47217,-1,0,4.346874,0.98721826,1,1,unassigned,3.0,3.0,0.0,1.0,0.0,0.0,0.001934236,0.0,0,0,0,1,1
47218,-1,0,-0.68179774,0.3358602,0,1,unassigned,2.0,2.0,0.0,1.0,0.0,0.0,0.0,0.0,0,0,0,0,0
47219,-1,1,4.1874013,0.98504144,1,1,unassigned,15.0,15.0,0.0,1.0,0.0,0.0,0.025145067,0.0,1,0,0,1,1
47220,-1,0,0.55904657,0.6362319,1,1,unassigned,33.0,31.0,2.0,0.93939394,0.060606062,0.060606062,0.059961315,0.0036340193,0,0,0,1,0
47221,1,0,-0.36391458,0.41001225,0,1,val,66.0,66.0,0.0,1.0,0.0,0.0,0.123791106,0.0,0,0,0,0,0
47222,-1,0,-0.51947546,0.37297487,0,1,unassigned,13.0,13.0,0.0,1.0,0.0,0.0,0.021276595,0.0,0,0,0,0,0
47223,-1,1,1.6254525,0.8355457,1,1,unassigned,2.0,2.0,0.0,1.0,0.0,0.0,0.0,0.0,1,0,0,1,0
47224,-1,0,-0.4048308,0.40015227,0,1,unassigned,5.0,5.0,0.0,1.0,0.0,0.0,0.0058027077,0.0,0,0,0,0,0
47225,-1,0,1.5579884,0.8260646,1,1,unassigned,6.0,6.0,0.0,1.0,0.0,0.0,0.007736944,0.0,0,0,0,1,0
47226,1,1,1.1659145,0.76240575,1,0,test,17.0,17.0,0.0,1.0,0.0,0.0,0.029013539,0.0,1,0,1,1,0
47227,-1,0,1.7293351,0.8493273,1,1,unassigned,3.0,1.0,2.0,0.33333334,0.6666667,0.6666666,0.001934236,0.0012894907,0,0,0,1,0
47228,-1,1,1.0637867,0.7434135,1,1,unassigned,7.0,7.0,0.0,1.0,0.0,0.0,0.00967118,0.0,1,0,0,1,0
47229,-1,1,3.080209,0.95606893,1,1,unassigned,31.0,29.0,2.0,0.9354839,0.06451613,0.06451613,0.056092843,0.003618893,1,0,0,1,1
47230,0,0,-0.8146491,0.30690068,0,0,unassigned,30.0,27.0,3.0,0.9,0.1,0.100000024,0.054158606,0.0054158606,0,0,1,0,0
47231,-1,1,8.668892,0.9998281,1,1,unassigned,2.0,2.0,0.0,1.0,0.0,0.0,0.0,0.0,1,0,0,1,1
47232,-1,1,-0.6118024,0.35164818,0,1,unassigned,8.0,8.0,0.0,1.0,0.0,0.0,0.0116054155,0.0,1,0,0,0,0
47233,-1,0,2.1903093,0.8993759,1,1,unassigned,6.0,6.0,0.0,1.0,0.0,0.0,0.007736944,0.0,0,0,0,1,0
47234,-1,1,1.6838229,0.8434101,1,1,unassigned,3.0,3.0,0.0,1.0,0.0,0.0,0.001934236,0.0,1,0,0,1,0
47235,-1,1,3.757583,0.9771922,1,1,unassigned,2.0,2.0,0.0,1.0,0.0,0.0,0.0,0.0,1,0,0,1,1
47236,-1,0,-0.6381074,0.34567448,0,1,unassigned,12.0,10.0,2.0,0.8333333,0.16666667,0.16666669,0.01934236,0.0032237265,0,0,0,0,0
47237,1,0,0.22714609,0.5565436,1,0,unassigned,2.0,1.0,1.0,0.5,0.5,0.5,0.0,0.0,0,0,1,1,0
47238,-1,1,-0.2217131,0.44479766,0,1,unassigned,12.0,12.0,0.0,1.0,0.0,0.0,0.01934236,0.0,1,0,0,0,0
47239,-1,0,0.059738696,0.51493025,1,1,unassigned,7.0,6.0,1.0,0.85714287,0.14285715,0.14285713,0.00967118,0.0013815971,0,0,0,1,0
47240,-1,0,1.7444484,0.8512512,1,1,unassigned,7.0,7.0,0.0,1.0,0.0,0.0,0.00967118,0.0,0,0,0,1,0
47241,1,1,-0.373317,0.40773976,0,1,unassigned,4.0,4.0,0.0,1.0,0.0,0.0,0.003868472,0.0,1,0,0,0,0
47242,-1,0,3.9006698,0.9801727,1,1,unassigned,5.0,5.0,0.0,1.0,0.0,0.0,0.0058027077,0.0,0,0,0,1,1
47243,-1,0,-0.6474054,0.34357446,0,1,unassigned,4.0,4.0,0.0,1.0,0.0,0.0,0.003868472,0.0,0,0,0,0,0
47244,-1,1,-0.49103472,0.37964985,0,1,unassigned,10.0,10.0,0.0,1.0,0.0,0.0,0.015473888,0.0,1,0,0,0,0
47245,-1,1,2.1863215,0.8990144,1,1,unassigned,22.0,21.0,1.0,0.95454544,0.045454547,0.04545456,0.03868472,0.0017583964,1,0,0,1,0
47246,-1,0,0.5519057,0.6345776,1,1,unassigned,2.0,2.0,0.0,1.0,0.0,0.0,0.0,0.0,0,0,0,1,0
47247,-1,1,-0.5027773,0.37688825,0,1,unassigned,71.0,71.0,0.0,1.0,0.0,0.0,0.13346228,0.0,1,0,0,0,0
47248,1,0,-0.23662513,0.4411182,0,1,test,140.0,139.0,1.0,0.99285716,0.007142857,0.007142842,0.26692456,0.001906604,0,0,0,0,0
47249,-1,0,-0.44072264,0.39156878,0,1,unassigned,33.0,33.0,0.0,1.0,0.0,0.0,0.059961315,0.0,0,0,0,0,0
47250,-1,0,-0.8635036,0.29660788,0,1,unassigned,52.0,52.0,0.0,1.0,0.0,0.0,0.0967118,0.0,0,0,0,0,0
47251,-1,1,5.5447993,0.9961075,1,1,unassigned,12.0,11.0,1.0,0.9166667,0.083333336,0.08333331,0.01934236,0.0016118633,1,0,0,1,1
47252,-1,1,2.1759417,0.8980682,1,1,unassigned,4.0,4.0,0.0,1.0,0.0,0.0,0.003868472,0.0,1,0,0,1,0
47253,-1,1,-0.6775609,0.33680588,0,1,unassigned,9.0,9.0,0.0,1.0,0.0,0.0,0.013539651,0.0,1,0,0,0,0
47254,-1,0,-0.42900467,0.39436403,0,1,unassigned,14.0,14.0,0.0,1.0,0.0,0.0,0.023210831,0.0,0,0,0,0,0
47255,-1,0,0.7681101,0.68311197,1,1,unassigned,8.0,8.0,0.0,1.0,0.0,0.0,0.0116054155,0.0,0,0,0,1,0
47256,-1,1,-0.27137357,0.4325699,0,1,unassigned,21.0,21.0,0.0,1.0,0.0,0.0,0.036750484,0.0,1,0,0,0,0
47257,-1,0,3.3319457,0.9655086,1,1,unassigned,3.0,2.0,1.0,0.6666667,0.33333334,0.3333333,0.001934236,0.00064474536,0,0,0,1,1
47258,1,1,4.7948184,0.99179536,1,0,unassigned,15.0,14.0,1.0,0.93333334,0.06666667,0.06666666,0.025145067,0.0016763379,1,0,1,1,1
47259,-1,0,0.8882895,0.70853704,1,1,unassigned,5.0,5.0,0.0,1.0,0.0,0.0,0.0058027077,0.0,0,0,0,1,0
47260,-1,0,0.3650576,0.5902642,1,1,unassigned,2.0,2.0,0.0,1.0,0.0,0.0,0.0,0.0,0,0,0,1,0
47261,1,1,5.1901736,0.99445987,1,0,unassigned,16.0,16.0,0.0,1.0,0.0,0.0,0.027079303,0.0,1,0,1,1,1
47262,0,0,-0.19635123,0.4510693,0,0,val,5.0,5.0,0.0,1.0,0.0,0.0,0.0058027077,0.0,0,0,1,0,0
47263,-1,0,1.1604741,0.7614189,1,1,unassigned,4.0,4.0,0.0,1.0,0.0,0.0,0.003868472,0.0,0,0,0,1,0
47264,-1,0,0.19449538,0.5484711,1,1,unassigned,3.0,3.0,0.0,1.0,0.0,0.0,0.001934236,0.0,0,0,0,1,0
47265,-1,0,-0.21570492,0.44628188,0,1,unassigned,10.0,9.0,1.0,0.9,0.1,0.100000024,0.015473888,0.0015473888,0,0,0,0,0
47266,-1,0,2.036578,0.88458437,1,1,unassigned,4.0,4.0,0.0,1.0,0.0,0.0,0.003868472,0.0,0,0,0,1,0
47267,-1,0,0.17530793,0.54371506,1,1,unassigned,3.0,3.0,0.0,1.0,0.0,0.0,0.001934236,0.0,0,0,0,1,0
47268,0,0,0.09300321,0.52323407,1,1,unassigned,31.0,31.0,0.0,1.0,0.0,0.0,0.056092843,0.0,0,0,0,1,0
47269,-1,0,4.719911,0.9911628,1,1,unassigned,7.0,7.0,0.0,1.0,0.0,0.0,0.00967118,0.0,0,0,0,1,1
47270,-1,0,1.9194701,0.8720794,1,1,unassigned,7.0,7.0,0.0,1.0,0.0,0.0,0.00967118,0.0,0,0,0,1,0
47271,0,0,-0.3722874,0.40798846,0,0,test,43.0,43.0,0.0,1.0,0.0,0.0,0.079303674,0.0,0,0,1,0,0
47272,-1,0,-0.91401917,0.28617808,0,1,unassigned,19.0,15.0,4.0,0.7894737,0.21052632,0.21052629,0.032882012,0.006922529,0,0,0,0,0
47273,-1,1,7.265713,0.99930143,1,1,unassigned,3.0,3.0,0.0,1.0,0.0,0.0,0.001934236,0.0,1,0,0,1,1
47274,1,0,0.091819346,0.5229387,1,0,unassigned,7.0,7.0,0.0,1.0,0.0,0.0,0.00967118,0.0,0,0,1,1,0
47275,-1,1,-0.21987095,0.44525266,0,1,unassigned,2.0,2.0,0.0,1.0,0.0,0.0,0.0,0.0,1,0,0,0,0
47276,-1,1,1.7192919,0.8480376,1,1,unassigned,21.0,21.0,0.0,1.0,0.0,0.0,0.036750484,0.0,1,0,0,1,0
47277,-1,1,3.714596,0.97621423,1,1,unassigned,10.0,10.0,0.0,1.0,0.0,0.0,0.015473888,0.0,1,0,0,1,1
47278,-1,0,-0.123164535,0.4692477,0,1,unassigned,20.0,20.0,0.0,1.0,0.0,0.0,0.034816246,0.0,0,0,0,0,0
47279,-1,0,0.40569764,0.6000558,1,1,unassigned,5.0,5.0,0.0,1.0,0.0,0.0,0.0058027077,0.0,0,0,0,1,0
47280,-1,0,2.8994164,0.94781756,1,1,unassigned,4.0,4.0,0.0,1.0,0.0,0.0,0.003868472,0.0,0,0,0,1,1
47281,-1,1,-0.3998032,0.40135962,0,1,unassigned,12.0,12.0,0.0,1.0,0.0,0.0,0.01934236,0.0,1,0,0,0,0
47282,-1,0,2.51584,0.9252448,1,1,unassigned,2.0,2.0,0.0,1.0,0.0,0.0,0.0,0.0,0,0,0,1,1
47283,-1,0,7.4857697,0.9994393,1,1,unassigned,11.0,6.0,5.0,0.54545456,0.45454547,0.45454544,0.017408123,0.007912784,0,0,0,1,1
47284,1,0,0.01719755,0.5042993,1,0,test,8.0,7.0,1.0,0.875,0.125,0.125,0.0116054155,0.0014506769,0,0,1,1,0
47285,-1,1,1.6251671,0.8355065,1,1,unassigned,3.0,2.0,1.0,0.6666667,0.33333334,0.3333333,0.001934236,0.00064474536,1,0,0,1,0
47286,-1,0,-0.18040365,0.455021,0,1,unassigned,3.0,3.0,0.0,1.0,0.0,0.0,0.001934236,0.0,0,0,0,0,0
47287,-1,1,2.153669,0.8960112,1,1,unassigned,9.0,9.0,0.0,1.0,0.0,0.0,0.013539651,0.0,1,0,0,1,0
47288,1,1,3.8363955,0.97888434,1,0,val,4.0,4.0,0.0,1.0,0.0,0.0,0.003868472,0.0,1,0,1,1,1
47289,-1,1,3.0971813,0.9567763,1,1,unassigned,7.0,6.0,1.0,0.85714287,0.14285715,0.14285713,0.00967118,0.0013815971,1,0,0,1,1
47290,-1,0,-0.34837288,0.41377705,0,1,unassigned,51.0,49.0,2.0,0.9607843,0.039215688,0.039215684,0.09477756,0.0037167673,0,0,0,0,0
47291,-1,1,-0.03805846,0.4904865,0,1,unassigned,6.0,6.0,0.0,1.0,0.0,0.0,0.007736944,0.0,1,0,0,0,0
47292,0,0,0.14366716,0.5358551,1,1,unassigned,2.0,2.0,0.0,1.0,0.0,0.0,0.0,0.0,0,0,0,1,0
47293,-1,0,-0.5657466,0.36221886,0,1,unassigned,17.0,17.0,0.0,1.0,0.0,0.0,0.029013539,0.0,0,0,0,0,0
47294,-1,0,0.6321785,0.65298325,1,1,unassigned,3.0,3.0,0.0,1.0,0.0,0.0,0.001934236,0.0,0,0,0,1,0
47295,-1,0,2.4067342,0.9173394,1,1,unassigned,7.0,6.0,1.0,0.85714287,0.14285715,0.14285713,0.00967118,0.0013815971,0,0,0,1,1
47296,-1,0,0.29661387,0.57361454,1,1,unassigned,3.0,3.0,0.0,1.0,0.0,0.0,0.001934236,0.0,0,0,0,1,0
47297,1,1,1.897526,0.8696113,1,0,unassigned,17.0,16.0,1.0,0.9411765,0.05882353,0.058823526,0.029013539,0.0017066788,1,0,1,1,0
47298,-1,1,-0.4439789,0.39079326,0,1,unassigned,50.0,50.0,0.0,1.0,0.0,0.0,0.092843324,0.0,1,0,0,0,0
47299,0,1,-0.637153,0.34589037,0,0,test,16.0,16.0,0.0,1.0,0.0,0.0,0.027079303,0.0,1,0,1,0,0
47300,-1,1,5.8695235,0.99718374,1,1,unassigned,15.0,12.0,3.0,0.8,0.2,0.19999999,0.025145067,0.0050290134,1,0,0,1,1
47301,-1,1,3.7806618,0.977701,1,1,unassigned,3.0,3.0,0.0,1.0,0.0,0.0,0.001934236,0.0,1,0,0,1,1
47302,-1,1,-0.3822806,0.40557694,0,1,unassigned,3.0,3.0,0.0,1.0,0.0,0.0,0.001934236,0.0,1,0,0,0,0
47303,-1,1,-0.64184606,0.34482935,0,1,unassigned,22.0,17.0,5.0,0.77272725,0.22727273,0.22727275,0.03868472,0.008791981,1,0,0,0,0
47304,-1,0,-0.5879532,0.3571046,0,1,unassigned,24.0,24.0,0.0,1.0,0.0,0.0,0.04255319,0.0,0,0,0,0,0
47305,0,0,1.674557,0.84218246,1,1,test,3.0,1.0,2.0,0.33333334,0.6666667,0.6666666,0.001934236,0.0012894907,0,0,0,1,0
47306,0,0,-0.76115435,0.3183957,0,0,unassigned,12.0,12.0,0.0,1.0,0.0,0.0,0.01934236,0.0,0,0,1,0,0
47307,-1,0,-0.052301526,0.48692763,0,1,unassigned,7.0,7.0,0.0,1.0,0.0,0.0,0.00967118,0.0,0,0,0,0,0
47308,-1,0,2.0520356,0.8861531,1,1,unassigned,9.0,8.0,1.0,0.8888889,0.11111111,0.111111104,0.013539651,0.0015044058,0,0,0,1,0
47309,-1,1,3.7466233,0.9769468,1,1,unassigned,4.0,4.0,0.0,1.0,0.0,0.0,0.003868472,0.0,1,0,0,1,1
47310,-1,0,5.2712092,0.99488884,1,1,unassigned,5.0,5.0,0.0,1.0,0.0,0.0,0.0058027077,0.0,0,0,0,1,1
47311,-1,0,-0.74780816,0.32129908,0,1,unassigned,73.0,73.0,0.0,1.0,0.0,0.0,0.13733076,0.0,0,0,0,0,0
47312,-1,0,-0.62313676,0.3490684,0,1,unassigned,21.0,21.0,0.0,1.0,0.0,0.0,0.036750484,0.0,0,0,0,0,0
47313,0,0,-0.7659398,0.31735808,0,0,unassigned,30.0,30.0,0.0,1.0,0.0,0.0,0.054158606,0.0,0,0,1,0,0
47314,-1,1,1.3626058,0.7961829,1,1,unassigned,2.0,1.0,1.0,0.5,0.5,0.5,0.0,0.0,1,0,0,1,0
47315,-1,0,0.97075063,0.7252691,1,1,unassigned,2.0,1.0,1.0,0.5,0.5,0.5,0.0,0.0,0,0,0,1,0
47316,-1,0,5.330982,0.995184,1,1,unassigned,10.0,8.0,2.0,0.8,0.2,0.19999999,0.015473888,0.0030947777,0,0,0,1,1
47317,-1,0,-0.38593554,0.4046961,0,1,unassigned,2.0,2.0,0.0,1.0,0.0,0.0,0.0,0.0,0,0,0,0,0
47318,-1,1,2.307361,0.90948486,1,1,unassigned,4.0,4.0,0.0,1.0,0.0,0.0,0.003868472,0.0,1,0,0,1,1
47319,1,0,2.311541,0.9098283,1,0,unassigned,5.0,5.0,0.0,1.0,0.0,0.0,0.0058027077,0.0,0,0,1,1,1
47320,-1,0,-0.76124585,0.31837583,0,1,unassigned,4.0,4.0,0.0,1.0,0.0,0.0,0.003868472,0.0,0,0,0,0,0
47321,-1,1,-0.55602133,0.36446854,0,1,unassigned,17.0,16.0,1.0,0.9411765,0.05882353,0.058823526,0.029013539,0.0017066788,1,0,0,0,0
47322,-1,1,11.231249,0.99998677,1,1,unassigned,3.0,3.0,0.0,1.0,0.0,0.0,0.001934236,0.0,1,0,0,1,1
47323,-1,1,1.2334125,0.77441525,1,1,unassigned,2.0,1.0,1.0,0.5,0.5,0.5,0.0,0.0,1,0,0,1,0
47324,-1,1,-0.8052902,0.30889502,0,1,unassigned,57.0,56.0,1.0,0.98245615,0.01754386,0.017543852,0.10638298,0.0018663681,1,0,0,0,0
47325,1,0,-0.30059764,0.42541137,0,1,test,33.0,33.0,0.0,1.0,0.0,0.0,0.059961315,0.0,0,0,0,0,0
47326,-1,1,0.1007548,0.5251674,1,1,unassigned,8.0,8.0,0.0,1.0,0.0,0.0,0.0116054155,0.0,1,0,0,1,0
47327,1,1,1.6669347,0.8411667,1,0,val,7.0,7.0,0.0,1.0,0.0,0.0,0.00967118,0.0,1,0,1,1,0
47328,-1,1,-0.2378456,0.44081736,0,1,unassigned,9.0,2.0,7.0,0.22222222,0.7777778,0.7777778,0.013539651,0.010530841,1,0,0,0,0
47329,-1,0,3.7793648,0.97767276,1,1,unassigned,8.0,7.0,1.0,0.875,0.125,0.125,0.0116054155,0.0014506769,0,0,0,1,1
47330,-1,0,-0.40451378,0.40022832,0,1,unassigned,34.0,33.0,1.0,0.9705882,0.029411765,0.029411793,0.061895553,0.0018204574,0,0,0,0,0
47331,0,0,-0.19242656,0.45204124,0,0,val,12.0,12.0,0.0,1.0,0.0,0.0,0.01934236,0.0,0,0,1,0,0
47332,-1,0,-0.06682581,0.48329976,0,1,unassigned,36.0,36.0,0.0,1.0,0.0,0.0,0.065764025,0.0,0,0,0,0,0
47333,-1,0,0.13131905,0.5327827,1,1,unassigned,4.0,4.0,0.0,1.0,0.0,0.0,0.003868472,0.0,0,0,0,1,0
47334,-1,1,4.334169,0.9870569,1,1,unassigned,11.0,11.0,0.0,1.0,0.0,0.0,0.017408123,0.0,1,0,0,1,1
47335,-1,0,0.046227574,0.51155484,1,1,unassigned,3.0,3.0,0.0,1.0,0.0,0.0,0.001934236,0.0,0,0,0,1,0
47336,-1,1,5.747326,0.9968188,1,1,unassigned,3.0,3.0,0.0,1.0,0.0,0.0,0.001934236,0.0,1,0,0,1,1
47337,-1,0,5.949774,0.9974004,1,1,unassigned,2.0,2.0,0.0,1.0,0.0,0.0,0.0,0.0,0,0,0,1,1
47338,-1,1,0.15280324,0.53812665,1,1,unassigned,3.0,3.0,0.0,1.0,0.0,0.0,0.001934236,0.0,1,0,0,1,0
47339,-1,0,1.8592608,0.8652108,1,1,unassigned,11.0,11.0,0.0,1.0,0.0,0.0,0.017408123,0.0,0,0,0,1,0
47340,1,0,0.11319423,0.5282684,1,0,unassigned,9.0,9.0,0.0,1.0,0.0,0.0,0.013539651,0.0,0,0,1,1,0
47341,-1,0,-0.13963103,0.46514887,0,1,unassigned,19.0,19.0,0.0,1.0,0.0,0.0,0.032882012,0.0,0,0,0,0,0
47342,1,0,-0.3356287,0.41687173,0,1,unassigned,14.0,14.0,0.0,1.0,0.0,0.0,0.023210831,0.0,0,0,0,0,0
47343,-1,1,2.8657882,0.94612914,1,1,unassigned,2.0,1.0,1.0,0.5,0.5,0.5,0.0,0.0,1,0,0,1,1
47344,-1,0,0.40171927,0.5991007,1,1,unassigned,3.0,3.0,0.0,1.0,0.0,0.0,0.001934236,0.0,0,0,0,1,0
47345,-1,0,-0.16935799,0.4577614,0,1,unassigned,2.0,2.0,0.0,1.0,0.0,0.0,0.0,0.0,0,0,0,0,0
47346,-1,0,-0.7636399,0.31785652,0,1,unassigned,28.0,28.0,0.0,1.0,0.0,0.0,0.050290134,0.0,0,0,0,0,0
47347,1,0,4.1342783,0.9842382,1,0,unassigned,13.0,12.0,1.0,0.9230769,0.07692308,0.07692307,0.021276595,0.0016366612,0,0,1,1,1
47348,-1,0,1.4583771,0.81128436,1,1,unassigned,11.0,9.0,2.0,0.8181818,0.18181819,0.18181819,0.017408123,0.0031651135,0,0,0,1,0
47349,1,1,2.1954796,0.89984286,1,0,unassigned,2.0,2.0,0.0,1.0,0.0,0.0,0.0,0.0,1,0,1,1,0
47350,1,0,0.10421568,0.52603036,1,0,unassigned,3.0,3.0,0.0,1.0,0.0,0.0,0.001934236,0.0,0,0,1,1,0
47351,1,1,6.7768545,0.99886143,1,0,unassigned,10.0,9.0,1.0,0.9,0.1,0.100000024,0.015473888,0.0015473888,1,0,1,1,1
47352,-1,1,5.545554,0.9961104,1,1,unassigned,6.0,5.0,1.0,0.8333333,0.16666667,0.16666669,0.007736944,0.0012894907,1,0,0,1,1
47353,-1,1,-0.51661867,0.37364325,0,1,unassigned,10.0,10.0,0.0,1.0,0.0,0.0,0.015473888,0.0,1,0,0,0,0
47354,-1,0,1.4884942,0.81585217,1,1,unassigned,3.0,3.0,0.0,1.0,0.0,0.0,0.001934236,0.0,0,0,0,1,0
47355,-1,1,0.0032883286,0.50082207,1,1,unassigned,4.0,4.0,0.0,1.0,0.0,0.0,0.003868472,0.0,1,0,0,1,0
47356,-1,0,-0.23404932,0.44175336,0,1,unassigned,5.0,5.0,0.0,1.0,0.0,0.0,0.0058027077,0.0,0,0,0,0,0
47357,-1,0,1.7096951,0.84679675,1,1,unassigned,12.0,12.0,0.0,1.0,0.0,0.0,0.01934236,0.0,0,0,0,1,0
47358,-1,0,1.1443617,0.75847954,1,1,unassigned,2.0,2.0,0.0,1.0,0.0,0.0,0.0,0.0,0,0,0,1,0
47359,-1,0,-0.007960796,0.49800977,0,1,unassigned,79.0,77.0,2.0,0.9746835,0.025316456,0.025316477,0.14893617,0.003770536,0,0,0,0,0
47360,-1,0,0.27250743,0.5677084,1,1,unassigned,69.0,68.0,1.0,0.98550725,0.014492754,0.01449275,0.1295938,0.0018781711,0,0,0,1,0
47361,-1,0,-0.88858986,0.2914009,0,1,unassigned,13.0,12.0,1.0,0.9230769,0.07692308,0.07692307,0.021276595,0.0016366612,0,0,0,0,0
47362,-1,1,1.0311735,0.73714334,1,1,unassigned,53.0,47.0,6.0,0.8867925,0.11320755,0.11320752,0.09864604,0.011167476,1,0,0,1,0
47363,-1,1,2.2257411,0.90253735,1,1,unassigned,3.0,3.0,0.0,1.0,0.0,0.0,0.001934236,0.0,1,0,0,1,1
47364,-1,0,-0.13603559,0.46604347,0,1,unassigned,5.0,5.0,0.0,1.0,0.0,0.0,0.0058027077,0.0,0,0,0,0,0
47365,-1,1,5.2746873,0.9949065,1,1,unassigned,10.0,10.0,0.0,1.0,0.0,0.0,0.015473888,0.0,1,0,0,1,1
47366,-1,0,3.7871764,0.9778425,1,1,unassigned,12.0,12.0,0.0,1.0,0.0,0.0,0.01934236,0.0,0,0,0,1,1
47367,1,1,-0.37085158,0.40833527,0,1,val,18.0,18.0,0.0,1.0,0.0,0.0,0.030947777,0.0,1,0,0,0,0
47368,-1,1,3.4862082,0.9702928,1,1,unassigned,7.0,7.0,0.0,1.0,0.0,0.0,0.00967118,0.0,1,0,0,1,1
47369,-1,0,3.0414348,0.95441127,1,1,unassigned,2.0,2.0,0.0,1.0,0.0,0.0,0.0,0.0,0,0,0,1,1
47370,-1,0,-0.56837726,0.36161134,0,1,unassigned,24.0,24.0,0.0,1.0,0.0,0.0,0.04255319,0.0,0,0,0,0,0
47371,0,0,-0.21777362,0.4457707,0,0,test,20.0,19.0,1.0,0.95,0.05,0.050000012,0.034816246,0.0017408123,0,0,1,0,0
47372,-1,0,1.7646828,0.85379523,1,1,unassigned,12.0,12.0,0.0,1.0,0.0,0.0,0.01934236,0.0,0,0,0,1,0
47373,-1,0,-0.9033432,0.28836393,0,1,unassigned,40.0,40.0,0.0,1.0,0.0,0.0,0.07350097,0.0,0,0,0,0,0
47374,1,0,1.346951,0.79363066,1,0,val,6.0,6.0,0.0,1.0,0.0,0.0,0.007736944,0.0,0,0,1,1,0
47375,-1,1,-0.8389971,0.30174604,0,1,unassigned,36.0,33.0,3.0,0.9166667,0.083333336,0.08333331,0.065764025,0.0054803356,1,0,0,0,0
47376,-1,0,-0.26454425,0.43424696,0,1,unassigned,6.0,6.0,0.0,1.0,0.0,0.0,0.007736944,0.0,0,0,0,0,0
47377,-1,0,2.778465,0.94150096,1,1,unassigned,13.0,12.0,1.0,0.9230769,0.07692308,0.07692307,0.021276595,0.0016366612,0,0,0,1,1
47378,1,1,-0.49142718,0.37955743,0,1,unassigned,13.0,13.0,0.0,1.0,0.0,0.0,0.021276595,0.0,1,0,0,0,0
47379,-1,0,9.598097,0.99993217,1,1,unassigned,2.0,2.0,0.0,1.0,0.0,0.0,0.0,0.0,0,0,0,1,1
47380,-1,1,2.2508504,0.9047239,1,1,unassigned,2.0,2.0,0.0,1.0,0.0,0.0,0.0,0.0,1,0,0,1,1
47381,-1,0,3.536441,0.97170705,1,1,unassigned,5.0,4.0,1.0,0.8,0.2,0.19999999,0.0058027077,0.0011605415,0,0,0,1,1
47382,0,1,-0.69090253,0.33383232,0,0,unassigned,25.0,25.0,0.0,1.0,0.0,0.0,0.044487428,0.0,1,0,1,0,0
47383,-1,1,0.16374993,0.5408462,1,1,unassigned,2.0,2.0,0.0,1.0,0.0,0.0,0.0,0.0,1,0,0,1,0
47384,-1,1,0.9341888,0.7179243,1,1,unassigned,29.0,27.0,2.0,0.9310345,0.06896552,0.068965495,0.05222437,0.0036016807,1,0,0,1,0
47385,-1,1,-0.812997,0.30725223,0,1,unassigned,27.0,26.0,1.0,0.962963,0.037037037,0.037037015,0.0483559,0.0017909593,1,0,0,0,0
47386,-1,1,6.2249446,0.99802446,1,1,unassigned,8.0,7.0,1.0,0.875,0.125,0.125,0.0116054155,0.0014506769,1,0,0,1,1
47387,-1,0,0.4103542,0.6011728,1,1,unassigned,39.0,37.0,2.0,0.94871795,0.051282052,0.05128205,0.07156673,0.0036700887,0,0,0,1,0
47388,-1,0,0.2795055,0.569425,1,1,unassigned,50.0,38.0,12.0,0.76,0.24,0.24000001,0.092843324,0.022282397,0,0,0,1,0
47389,-1,0,0.47333795,0.6161735,1,1,unassigned,55.0,54.0,1.0,0.9818182,0.018181818,0.0181818,0.102514505,0.0018639,0,0,0,1,0
47390,1,1,-0.16026455,0.46001938,0,1,train,36.0,36.0,0.0,1.0,0.0,0.0,0.065764025,0.0,1,0,0,0,0
47391,-1,0,0.96254474,0.723631,1,1,unassigned,2.0,2.0,0.0,1.0,0.0,0.0,0.0,0.0,0,0,0,1,0
47392,-1,0,0.453021,0.6113573,1,1,unassigned,8.0,8.0,0.0,1.0,0.0,0.0,0.0116054155,0.0,0,0,0,1,0
47393,-1,1,0.17611164,0.5439145,1,1,unassigned,2.0,1.0,1.0,0.5,0.5,0.5,0.0,0.0,1,0,0,1,0
47394,-1,0,4.505207,0.9890695,1,1,unassigned,6.0,6.0,0.0,1.0,0.0,0.0,0.007736944,0.0,0,0,0,1,1
47395,-1,1,4.222186,0.98554546,1,1,unassigned,2.0,2.0,0.0,1.0,0.0,0.0,0.0,0.0,1,0,0,1,1
47396,0,0,0.8477288,0.70009047,1,1,val,3.0,3.0,0.0,1.0,0.0,0.0,0.001934236,0.0,0,0,0,1,0
47397,1,1,4.1041017,0.9837631,1,0,test,2.0,1.0,1.0,0.5,0.5,0.5,0.0,0.0,1,0,1,1,1
47398,-1,0,1.5190032,0.82039165,1,1,unassigned,3.0,3.0,0.0,1.0,0.0,0.0,0.001934236,0.0,0,0,0,1,0
47399,-1,0,4.091041,0.9835532,1,1,unassigned,4.0,4.0,0.0,1.0,0.0,0.0,0.003868472,0.0,0,0,0,1,1
47400,-1,0,-0.63402224,0.34659904,0,1,unassigned,18.0,18.0,0.0,1.0,0.0,0.0,0.030947777,0.0,0,0,0,0,0
47401,-1,0,0.34683472,0.5858498,1,1,unassigned,5.0,5.0,0.0,1.0,0.0,0.0,0.0058027077,0.0,0,0,0,1,0
47402,-1,0,-0.37338668,0.40772295,0,1,unassigned,34.0,31.0,3.0,0.9117647,0.0882353,0.08823532,0.061895553,0.0054613724,0,0,0,0,0
47403,-1,1,5.847524,0.9971213,1,1,unassigned,2.0,1.0,1.0,0.5,0.5,0.5,0.0,0.0,1,0,0,1,1
47404,-1,1,0.802121,0.69042796,1,1,unassigned,3.0,2.0,1.0,0.6666667,0.33333334,0.3333333,0.001934236,0.00064474536,1,0,0,1,0
47405,1,1,5.3051095,0.9950584,1,0,unassigned,31.0,29.0,2.0,0.9354839,0.06451613,0.06451613,0.056092843,0.003618893,1,0,1,1,1
47406,-1,0,3.2586858,0.96298397,1,1,unassigned,2.0,2.0,0.0,1.0,0.0,0.0,0.0,0.0,0,0,0,1,1
47407,-1,1,0.76891404,0.6832859,1,1,unassigned,21.0,20.0,1.0,0.95238096,0.04761905,0.047619045,0.036750484,0.0017500231,1,0,0,1,0
47408,-1,1,2.7042735,0.93727833,1,1,unassigned,16.0,15.0,1.0,0.9375,0.0625,0.0625,0.027079303,0.0016924564,1,0,0,1,1
47409,-1,1,1.653738,0.8393956,1,1,unassigned,6.0,6.0,0.0,1.0,0.0,0.0,0.007736944,0.0,1,0,0,1,0
47410,-1,0,-1.6781242,0.15734403,0,1,unassigned,2.0,2.0,0.0,1.0,0.0,0.0,0.0,0.0,0,0,0,0,0
47411,-1,1,1.249491,0.7772117,1,1,unassigned,10.0,1.0,9.0,0.1,0.9,0.9,0.015473888,0.0139264995,1,1,0,1,0
47412,-1,1,6.0078154,0.9975466,1,1,unassigned,19.0,16.0,3.0,0.84210527,0.15789473,0.15789473,0.032882012,0.0051918966,1,0,0,1,1
47413,-1,0,1.2055743,0.76951486,1,1,unassigned,6.0,6.0,0.0,1.0,0.0,0.0,0.007736944,0.0,0,0,0,1,0
47414,-1,1,1.244086,0.77627444,1,1,unassigned,22.0,6.0,16.0,0.27272728,0.72727275,0.72727275,0.03868472,0.028134342,1,0,0,1,0
47415,1,0,0.49279314,0.62076426,1,0,test,2.0,2.0,0.0,1.0,0.0,0.0,0.0,0.0,0,0,1,1,0
47416,-1,1,0.39476943,0.5974303,1,1,unassigned,10.0,7.0,3.0,0.7,0.3,0.3,0.015473888,0.0046421667,1,0,0,1,0
47417,-1,1,2.3456056,0.9125843,1,1,unassigned,14.0,14.0,0.0,1.0,0.0,0.0,0.023210831,0.0,1,0,0,1,1
47418,-1,0,-0.18400711,0.45412755,0,1,unassigned,5.0,3.0,2.0,0.6,0.4,0.39999998,0.0058027077,0.002321083,0,0,0,0,0
47419,-1,0,0.5347691,0.6305948,1,1,unassigned,2.0,1.0,1.0,0.5,0.5,0.5,0.0,0.0,0,0,0,1,0
47420,-1,0,-0.9819803,0.27249902,0,1,unassigned,2.0,2.0,0.0,1.0,0.0,0.0,0.0,0.0,0,0,0,0,0
47421,-1,1,1.5708861,0.8279099,1,1,unassigned,4.0,4.0,0.0,1.0,0.0,0.0,0.003868472,0.0,1,0,0,1,0
47422,-1,0,-0.49526477,0.37865412,0,1,unassigned,2.0,2.0,0.0,1.0,0.0,0.0,0.0,0.0,0,0,0,0,0
47423,-1,1,2.4512825,0.9206552,1,1,unassigned,8.0,8.0,0.0,1.0,0.0,0.0,0.0116054155,0.0,1,0,0,1,1
47424,-1,1,-0.9406431,0.28077045,0,1,unassigned,3.0,3.0,0.0,1.0,0.0,0.0,0.001934236,0.0,1,0,0,0,0
47425,-1,1,3.8875153,0.9799154,1,1,unassigned,24.0,13.0,11.0,0.5416667,0.45833334,0.4583333,0.04255319,0.019503545,1,0,0,1,1
47426,-1,1,1.3351979,0.7916991,1,1,unassigned,21.0,21.0,0.0,1.0,0.0,0.0,0.036750484,0.0,1,0,0,1,0
47427,-1,0,-0.23337916,0.44191858,0,1,unassigned,3.0,3.0,0.0,1.0,0.0,0.0,0.001934236,0.0,0,0,0,0,0
47428,-1,1,0.613584,0.64875793,1,1,unassigned,65.0,64.0,1.0,0.9846154,0.015384615,0.0153846145,0.12185687,0.001874721,1,0,0,1,0
47429,-1,1,1.0912426,0.7486156,1,1,unassigned,21.0,21.0,0.0,1.0,0.0,0.0,0.036750484,0.0,1,0,0,1,0
47430,0,0,-0.7307286,0.32503486,0,0,train,13.0,7.0,6.0,0.53846157,0.46153846,0.46153843,0.021276595,0.009819967,0,0,1,0,0
47431,-1,0,10.48925,0.9999722,1,1,unassigned,2.0,2.0,0.0,1.0,0.0,0.0,0.0,0.0,0,0,0,1,1
47432,-1,1,-0.26494503,0.43414852,0,1,unassigned,8.0,8.0,0.0,1.0,0.0,0.0,0.0116054155,0.0,1,0,0,0,0
47433,-1,1,1.5422626,0.82379335,1,1,unassigned,3.0,2.0,1.0,0.6666667,0.33333334,0.3333333,0.001934236,0.00064474536,1,0,0,1,0
47434,0,1,-0.24193728,0.439809,0,0,val,39.0,37.0,2.0,0.94871795,0.051282052,0.05128205,0.07156673,0.0036700887,1,0,1,0,0
47435,0,1,-0.14580965,0.46361202,0,0,unassigned,47.0,46.0,1.0,0.9787234,0.021276595,0.021276593,0.08704062,0.001851928,1,0,1,0,0
47436,-1,1,3.677976,0.975349,1,1,unassigned,29.0,26.0,3.0,0.8965517,0.10344828,0.10344827,0.05222437,0.005402521,1,0,0,1,1
47437,-1,1,5.217586,0.99460876,1,1,unassigned,10.0,10.0,0.0,1.0,0.0,0.0,0.015473888,0.0,1,0,0,1,1
47438,-1,0,-0.8862114,0.29189226,0,1,unassigned,2.0,2.0,0.0,1.0,0.0,0.0,0.0,0.0,0,0,0,0,0
47439,-1,1,1.4478831,0.8096724,1,1,unassigned,4.0,4.0,0.0,1.0,0.0,0.0,0.003868472,0.0,1,0,0,1,0
47440,-1,1,-1.7979338,0.14210276,0,1,unassigned,2.0,2.0,0.0,1.0,0.0,0.0,0.0,0.0,1,0,0,0,0
47441,-1,1,6.2564464,0.9980856,1,1,unassigned,4.0,4.0,0.0,1.0,0.0,0.0,0.003868472,0.0,1,0,0,1,1
47442,-1,1,3.7593482,0.9772315,1,1,unassigned,11.0,9.0,2.0,0.8181818,0.18181819,0.18181819,0.017408123,0.0031651135,1,0,0,1,1
47443,-1,0,-0.9741212,0.2740598,0,1,unassigned,11.0,11.0,0.0,1.0,0.0,0.0,0.017408123,0.0,0,0,0,0,0
47444,-1,1,-0.5350296,0.36934462,0,1,unassigned,5.0,4.0,1.0,0.8,0.2,0.19999999,0.0058027077,0.0011605415,1,0,0,0,0
47445,-1,1,-0.47272652,0.38397112,0,1,unassigned,9.0,7.0,2.0,0.7777778,0.22222222,0.22222221,0.013539651,0.0030088115,1,0,0,0,0
47446,-1,0,-0.420734,0.39634112,0,1,unassigned,15.0,14.0,1.0,0.93333334,0.06666667,0.06666666,0.025145067,0.0016763379,0,0,0,0,0
47447,0,0,-0.3417993,0.41537246,0,0,train,30.0,29.0,1.0,0.96666664,0.033333335,0.03333336,0.054158606,0.001805287,0,0,1,0,0
47448,-1,0,0.9181629,0.7146676,1,1,unassigned,3.0,3.0,0.0,1.0,0.0,0.0,0.001934236,0.0,0,0,0,1,0
47449,-1,0,2.691262,0.93650913,1,1,unassigned,2.0,1.0,1.0,0.5,0.5,0.5,0.0,0.0,0,0,0,1,1
47450,-1,0,2.7243836,0.9384503,1,1,unassigned,5.0,5.0,0.0,1.0,0.0,0.0,0.0058027077,0.0,0,0,0,1,1
47451,-1,0,-0.47326005,0.3838449,0,1,unassigned,5.0,5.0,0.0,1.0,0.0,0.0,0.0058027077,0.0,0,0,0,0,0
47452,-1,1,-0.17256474,0.45696554,0,1,unassigned,17.0,17.0,0.0,1.0,0.0,0.0,0.029013539,0.0,1,0,0,0,0
47453,-1,1,0.87581533,0.7059543,1,1,unassigned,7.0,6.0,1.0,0.85714287,0.14285715,0.14285713,0.00967118,0.0013815971,1,0,0,1,0
47454,-1,1,0.32627064,0.5808517,1,1,unassigned,2.0,1.0,1.0,0.5,0.5,0.5,0.0,0.0,1,0,0,1,0
47455,0,0,0.33982027,0.58414686,1,1,test,5.0,4.0,1.0,0.8,0.2,0.19999999,0.0058027077,0.0011605415,0,0,0,1,0
47456,-1,1,2.678298,0.93573385,1,1,unassigned,49.0,48.0,1.0,0.97959185,0.020408163,0.020408154,0.09090909,0.0018552876,1,0,0,1,1
47457,-1,0,-0.43009135,0.3941045,0,1,unassigned,12.0,11.0,1.0,0.9166667,0.083333336,0.08333331,0.01934236,0.0016118633,0,0,0,0,0
47458,0,1,-0.9793646,0.27301788,0,0,unassigned,6.0,6.0,0.0,1.0,0.0,0.0,0.007736944,0.0,1,0,1,0,0
47459,-1,0,0.752752,0.67977804,1,1,unassigned,26.0,25.0,1.0,0.96153843,0.03846154,0.038461566,0.046421662,0.0017854486,0,0,0,1,0
47460,-1,1,4.614749,0.99019253,1,1,unassigned,30.0,26.0,4.0,0.8666667,0.13333334,0.13333333,0.054158606,0.007221148,1,0,0,1,1
47461,-1,0,-0.6706679,0.3383473,0,1,unassigned,21.0,21.0,0.0,1.0,0.0,0.0,0.036750484,0.0,0,0,0,0,0
47462,-1,1,3.764476,0.97734535,1,1,unassigned,6.0,6.0,0.0,1.0,0.0,0.0,0.007736944,0.0,1,0,0,1,1
47463,-1,1,2.3610575,0.9138091,1,1,unassigned,10.0,10.0,0.0,1.0,0.0,0.0,0.015473888,0.0,1,0,0,1,1
47464,-1,0,3.6823237,0.9754532,1,1,unassigned,2.0,2.0,0.0,1.0,0.0,0.0,0.0,0.0,0,0,0,1,1
47465,-1,1,2.263653,0.9058218,1,1,unassigned,17.0,17.0,0.0,1.0,0.0,0.0,0.029013539,0.0,1,0,0,1,1
47466,-1,0,2.5001462,0.9241521,1,1,unassigned,7.0,7.0,0.0,1.0,0.0,0.0,0.00967118,0.0,0,0,0,1,1
47467,-1,1,1.6053793,0.83276886,1,1,unassigned,2.0,2.0,0.0,1.0,0.0,0.0,0.0,0.0,1,0,0,1,0
47468,-1,0,-0.50862676,0.37551552,0,1,unassigned,10.0,10.0,0.0,1.0,0.0,0.0,0.015473888,0.0,0,0,0,0,0
47469,-1,0,-0.613796,0.3511938,0,1,unassigned,6.0,6.0,0.0,1.0,0.0,0.0,0.007736944,0.0,0,0,0,0,0
47470,-1,0,-0.29451767,0.4268982,0,1,unassigned,2.0,2.0,0.0,1.0,0.0,0.0,0.0,0.0,0,0,0,0,0
47471,-1,0,0.13746804,0.53431296,1,1,unassigned,5.0,5.0,0.0,1.0,0.0,0.0,0.0058027077,0.0,0,0,0,1,0
47472,0,0,0.13065928,0.5326184,1,1,unassigned,8.0,8.0,0.0,1.0,0.0,0.0,0.0116054155,0.0,0,0,0,1,0
47473,1,0,-0.6587672,0.3410166,0,1,unassigned,9.0,9.0,0.0,1.0,0.0,0.0,0.013539651,0.0,0,0,0,0,0
47474,-1,0,7.469188,0.9994299,1,1,unassigned,13.0,9.0,4.0,0.6923077,0.30769232,0.3076923,0.021276595,0.006546645,0,0,0,1,1
47475,-1,1,2.7585368,0.9403937,1,1,unassigned,4.0,4.0,0.0,1.0,0.0,0.0,0.003868472,0.0,1,0,0,1,1
47476,-1,0,-0.15506196,0.461312,0,1,unassigned,18.0,18.0,0.0,1.0,0.0,0.0,0.030947777,0.0,0,0,0,0,0
47477,-1,1,4.8822837,0.99247736,1,1,unassigned,16.0,16.0,0.0,1.0,0.0,0.0,0.027079303,0.0,1,0,0,1,1
47478,-1,0,0.08538395,0.52133304,1,1,unassigned,4.0,4.0,0.0,1.0,0.0,0.0,0.003868472,0.0,0,0,0,1,0
47479,-1,0,0.9110442,0.7132138,1,1,unassigned,2.0,2.0,0.0,1.0,0.0,0.0,0.0,0.0,0,0,0,1,0
47480,-1,0,0.0314579,0.5078638,1,1,unassigned,11.0,11.0,0.0,1.0,0.0,0.0,0.017408123,0.0,0,0,0,1,0
47481,-1,0,-0.6281478,0.34793064,0,1,unassigned,14.0,14.0,0.0,1.0,0.0,0.0,0.023210831,0.0,0,0,0,0,0
47482,-1,0,-0.55038947,0.36577407,0,1,unassigned,14.0,14.0,0.0,1.0,0.0,0.0,0.023210831,0.0,0,0,0,0,0
47483,-1,0,6.647491,0.99870443,1,1,unassigned,4.0,4.0,0.0,1.0,0.0,0.0,0.003868472,0.0,0,0,0,1,1
47484,1,0,-0.20151252,0.44979164,0,1,train,14.0,14.0,0.0,1.0,0.0,0.0,0.023210831,0.0,0,0,0,0,0
47485,-1,0,6.6935134,0.9987626,1,1,unassigned,2.0,2.0,0.0,1.0,0.0,0.0,0.0,0.0,0,0,0,1,1
47486,-1,0,-0.5568537,0.36427578,0,1,unassigned,3.0,3.0,0.0,1.0,0.0,0.0,0.001934236,0.0,0,0,0,0,0
47487,-1,1,3.1480334,0.9588312,1,1,unassigned,2.0,2.0,0.0,1.0,0.0,0.0,0.0,0.0,1,0,0,1,1
47488,-1,1,6.253199,0.9980794,1,1,unassigned,3.0,3.0,0.0,1.0,0.0,0.0,0.001934236,0.0,1,0,0,1,1
47489,-1,1,4.9816713,0.99318415,1,1,unassigned,13.0,10.0,3.0,0.7692308,0.23076923,0.23076922,0.021276595,0.0049099834,1,0,0,1,1
47490,-1,0,0.06685233,0.5167069,1,1,unassigned,7.0,7.0,0.0,1.0,0.0,0.0,0.00967118,0.0,0,0,0,1,0
47491,-1,0,0.84808975,0.7001663,1,1,unassigned,3.0,3.0,0.0,1.0,0.0,0.0,0.001934236,0.0,0,0,0,1,0
47492,-1,1,3.5565312,0.97225416,1,1,unassigned,10.0,10.0,0.0,1.0,0.0,0.0,0.015473888,0.0,1,0,0,1,1
47493,-1,0,-0.5452108,0.3669763,0,1,unassigned,55.0,7.0,48.0,0.12727273,0.8727273,0.8727273,0.102514505,0.089467205,0,0,0,0,0
47494,0,0,-0.33813632,0.41626227,0,0,val,10.0,9.0,1.0,0.9,0.1,0.100000024,0.015473888,0.0015473888,0,0,1,0,0
47495,-1,0,0.3881591,0.59583944,1,1,unassigned,40.0,39.0,1.0,0.975,0.025,0.024999976,0.07350097,0.0018375242,0,0,0,1,0
47496,-1,0,-0.024039805,0.49399033,0,1,unassigned,8.0,8.0,0.0,1.0,0.0,0.0,0.0116054155,0.0,0,0,0,0,0
47497,-1,0,-0.48449197,0.38119197,0,1,unassigned,3.0,3.0,0.0,1.0,0.0,0.0,0.001934236,0.0,0,0,0,0,0
47498,0,0,-0.78815377,0.31256524,0,0,unassigned,3.0,3.0,0.0,1.0,0.0,0.0,0.001934236,0.0,0,0,1,0,0
47499,-1,1,0.07228488,0.51806337,1,1,unassigned,7.0,7.0,0.0,1.0,0.0,0.0,0.00967118,0.0,1,0,0,1,0
47500,-1,0,-0.42131257,0.3962027,0,1,unassigned,7.0,6.0,1.0,0.85714287,0.14285715,0.14285713,0.00967118,0.0013815971,0,0,0,0,0
47501,-1,0,-0.5249224,0.37170193,0,1,unassigned,3.0,3.0,0.0,1.0,0.0,0.0,0.001934236,0.0,0,0,0,0,0
47502,-1,1,0.2979725,0.57394683,1,1,unassigned,5.0,5.0,0.0,1.0,0.0,0.0,0.0058027077,0.0,1,0,0,1,0
47503,-1,1,5.0431595,0.9935881,1,1,unassigned,6.0,6.0,0.0,1.0,0.0,0.0,0.007736944,0.0,1,0,0,1,1
47504,-1,0,1.246382,0.7766729,1,1,unassigned,4.0,4.0,0.0,1.0,0.0,0.0,0.003868472,0.0,0,0,0,1,0
47505,-1,1,-0.43192345,0.39366713,0,1,unassigned,9.0,8.0,1.0,0.8888889,0.11111111,0.111111104,0.013539651,0.0015044058,1,0,0,0,0
47506,-1,0,4.495648,0.98896575,1,1,unassigned,6.0,5.0,1.0,0.8333333,0.16666667,0.16666669,0.007736944,0.0012894907,0,0,0,1,1
47507,-1,0,-0.67777026,0.33675912,0,1,unassigned,3.0,3.0,0.0,1.0,0.0,0.0,0.001934236,0.0,0,0,0,0,0
47508,-1,1,-0.6799107,0.33628124,0,1,unassigned,36.0,36.0,0.0,1.0,0.0,0.0,0.065764025,0.0,1,0,0,0,0
47509,-1,0,0.4492492,0.6104607,1,1,unassigned,2.0,2.0,0.0,1.0,0.0,0.0,0.0,0.0,0,0,0,1,0
47510,-1,0,-0.47343072,0.3838046,0,1,unassigned,31.0,30.0,1.0,0.9677419,0.032258064,0.032258093,0.056092843,0.0018094465,0,0,0,0,0
47511,1,0,-1.9234972,0.12747209,0,1,val,2.0,2.0,0.0,1.0,0.0,0.0,0.0,0.0,0,0,0,0,0
47512,-1,1,-0.65183693,0.3425757,0,1,unassigned,8.0,8.0,0.0,1.0,0.0,0.0,0.0116054155,0.0,1,0,0,0,0
47513,-1,0,0.051142216,0.51278275,1,1,unassigned,5.0,5.0,0.0,1.0,0.0,0.0,0.0058027077,0.0,0,0,0,1,0
47514,-1,0,4.052442,0.982917,1,1,unassigned,2.0,2.0,0.0,1.0,0.0,0.0,0.0,0.0,0,0,0,1,1
47515,-1,0,3.1470068,0.95879066,1,1,unassigned,2.0,2.0,0.0,1.0,0.0,0.0,0.0,0.0,0,0,0,1,1
47516,1,0,3.8580697,0.9793276,1,0,unassigned,5.0,5.0,0.0,1.0,0.0,0.0,0.0058027077,0.0,0,0,1,1,1
47517,-1,0,17.731125,1.0,1,1,unassigned,7.0,7.0,0.0,1.0,0.0,0.0,0.00967118,0.0,0,0,0,1,1
47518,-1,1,2.2330792,0.9031809,1,1,unassigned,3.0,2.0,1.0,0.6666667,0.33333334,0.3333333,0.001934236,0.00064474536,1,0,0,1,1
47519,-1,0,1.1604304,0.7614109,1,1,unassigned,3.0,3.0,0.0,1.0,0.0,0.0,0.001934236,0.0,0,0,0,1,0
47520,-1,1,2.540016,0.9268999,1,1,unassigned,2.0,2.0,0.0,1.0,0.0,0.0,0.0,0.0,1,0,0,1,1
47521,-1,1,5.6330924,0.9964353,1,1,unassigned,12.0,8.0,4.0,0.6666667,0.33333334,0.3333333,0.01934236,0.006447453,1,0,0,1,1
47522,-1,0,3.7950594,0.97801274,1,1,unassigned,5.0,3.0,2.0,0.6,0.4,0.39999998,0.0058027077,0.002321083,0,0,0,1,1
47523,-1,0,0.33087724,0.5819728,1,1,unassigned,4.0,4.0,0.0,1.0,0.0,0.0,0.003868472,0.0,0,0,0,1,0
47524,-1,0,-0.39676356,0.4020902,0,1,unassigned,4.0,4.0,0.0,1.0,0.0,0.0,0.003868472,0.0,0,0,0,0,0
47525,-1,0,6.1042724,0.9977717,1,1,unassigned,3.0,3.0,0.0,1.0,0.0,0.0,0.001934236,0.0,0,0,0,1,1
47526,-1,0,2.5820115,0.9296949,1,1,unassigned,4.0,4.0,0.0,1.0,0.0,0.0,0.003868472,0.0,0,0,0,1,1
47527,-1,0,0.51613146,0.62624276,1,1,unassigned,7.0,7.0,0.0,1.0,0.0,0.0,0.00967118,0.0,0,0,0,1,0
47528,-1,1,0.46423918,0.61401933,1,1,unassigned,8.0,8.0,0.0,1.0,0.0,0.0,0.0116054155,0.0,1,0,0,1,0
47529,-1,0,0.9178471,0.71460325,1,1,unassigned,9.0,6.0,3.0,0.6666667,0.33333334,0.3333333,0.013539651,0.004513217,0,0,0,1,0
47530,-1,0,1.4167731,0.80483204,1,1,unassigned,34.0,32.0,2.0,0.9411765,0.05882353,0.058823526,0.061895553,0.0036409148,0,0,0,1,0
47531,-1,1,-0.37598214,0.40709633,0,1,unassigned,7.0,6.0,1.0,0.85714287,0.14285715,0.14285713,0.00967118,0.0013815971,1,0,0,0,0
47532,-1,1,0.007704675,0.5019262,1,1,unassigned,37.0,36.0,1.0,0.972973,0.027027028,0.02702701,0.06769826,0.0018296828,1,0,0,1,0
47533,-1,1,-0.8358577,0.30240792,0,1,unassigned,90.0,88.0,2.0,0.9777778,0.022222223,0.02222222,0.17021276,0.0037825059,1,0,0,0,0
47534,-1,1,0.6323784,0.65302855,1,1,unassigned,2.0,2.0,0.0,1.0,0.0,0.0,0.0,0.0,1,0,0,1,0
47535,-1,0,0.74685436,0.6784929,1,1,unassigned,5.0,5.0,0.0,1.0,0.0,0.0,0.0058027077,0.0,0,0,0,1,0
47536,-1,0,1.5812962,0.829388,1,1,unassigned,28.0,27.0,1.0,0.96428573,0.035714287,0.03571427,0.050290134,0.0017960763,0,0,0,1,0
47537,-1,0,3.938547,0.9808956,1,1,unassigned,2.0,2.0,0.0,1.0,0.0,0.0,0.0,0.0,0,0,0,1,1
47538,-1,1,-0.7061,0.3304612,0,1,unassigned,8.0,8.0,0.0,1.0,0.0,0.0,0.0116054155,0.0,1,0,0,0,0
47539,-1,0,3.84987,0.97916096,1,1,unassigned,2.0,2.0,0.0,1.0,0.0,0.0,0.0,0.0,0,0,0,1,1
47540,-1,1,-0.6817365,0.3358738,0,1,unassigned,3.0,3.0,0.0,1.0,0.0,0.0,0.001934236,0.0,1,0,0,0,0
47541,-1,0,-0.076910466,0.48078182,0,1,unassigned,2.0,2.0,0.0,1.0,0.0,0.0,0.0,0.0,0,0,0,0,0
47542,1,1,1.5049143,0.81830627,1,0,val,13.0,12.0,1.0,0.9230769,0.07692308,0.07692307,0.021276595,0.0016366612,1,0,1,1,0
47543,-1,0,-0.012543857,0.49686408,0,1,unassigned,4.0,4.0,0.0,1.0,0.0,0.0,0.003868472,0.0,0,0,0,0,0
47544,-1,0,0.59802586,0.64520454,1,1,unassigned,3.0,3.0,0.0,1.0,0.0,0.0,0.001934236,0.0,0,0,0,1,0
47545,-1,0,-0.7070521,0.33025053,0,1,unassigned,8.0,6.0,2.0,0.75,0.25,0.25,0.0116054155,0.0029013539,0,0,0,0,0
47546,-1,0,-0.37606043,0.40707743,0,1,unassigned,7.0,7.0,0.0,1.0,0.0,0.0,0.00967118,0.0,0,0,0,0,0
47547,-1,0,1.5369654,0.82302314,1,1,unassigned,2.0,2.0,0.0,1.0,0.0,0.0,0.0,0.0,0,0,0,1,0
47548,-1,0,-0.13908488,0.46528473,0,1,unassigned,32.0,31.0,1.0,0.96875,0.03125,0.03125,0.058027077,0.0018133462,0,0,0,0,0
47549,0,1,0.56081194,0.63664037,1,1,unassigned,4.0,3.0,1.0,0.75,0.25,0.25,0.003868472,0.000967118,1,0,0,1,0
47550,-1,1,1.0469477,0.74018836,1,1,unassigned,5.0,3.0,2.0,0.6,0.4,0.39999998,0.0058027077,0.002321083,1,0,0,1,0
47551,-1,0,-0.24420181,0.43925118,0,1,unassigned,3.0,3.0,0.0,1.0,0.0,0.0,0.001934236,0.0,0,0,0,0,0
47552,0,1,-0.46974355,0.3846769,0,0,unassigned,34.0,32.0,2.0,0.9411765,0.05882353,0.058823526,0.061895553,0.0036409148,1,0,1,0,0
47553,-1,1,2.3774793,0.9150938,1,1,unassigned,6.0,5.0,1.0,0.8333333,0.16666667,0.16666669,0.007736944,0.0012894907,1,0,0,1,1
47554,-1,0,0.8135925,0.6928745,1,1,unassigned,9.0,9.0,0.0,1.0,0.0,0.0,0.013539651,0.0,0,0,0,1,0
47555,-1,0,-0.46858788,0.38495055,0,1,unassigned,3.0,2.0,1.0,0.6666667,0.33333334,0.3333333,0.001934236,0.00064474536,0,0,0,0,0
47556,0,0,-1.0074794,0.26747343,0,0,test,2.0,2.0,0.0,1.0,0.0,0.0,0.0,0.0,0,0,1,0,0
47557,-1,0,-0.18030357,0.45504585,0,1,unassigned,3.0,2.0,1.0,0.6666667,0.33333334,0.3333333,0.001934236,0.00064474536,0,0,0,0,0
47558,0,0,-0.088679165,0.47784472,0,0,unassigned,6.0,6.0,0.0,1.0,0.0,0.0,0.007736944,0.0,0,0,1,0,0
47559,-1,1,-0.3111168,0.42284214,0,1,unassigned,3.0,2.0,1.0,0.6666667,0.33333334,0.3333333,0.001934236,0.00064474536,1,0,0,0,0
47560,-1,1,-0.8492526,0.29958966,0,1,unassigned,13.0,13.0,0.0,1.0,0.0,0.0,0.021276595,0.0,1,0,0,0,0
47561,-1,0,-0.071731985,0.48207465,0,1,unassigned,4.0,4.0,0.0,1.0,0.0,0.0,0.003868472,0.0,0,0,0,0,0
47562,-1,1,2.8175209,0.9436153,1,1,unassigned,6.0,4.0,2.0,0.6666667,0.33333334,0.3333333,0.007736944,0.0025789815,1,0,0,1,1
47563,-1,1,-0.63388073,0.3466311,0,1,unassigned,3.0,3.0,0.0,1.0,0.0,0.0,0.001934236,0.0,1,0,0,0,0
47564,-1,0,-0.2567524,0.4361622,0,1,unassigned,19.0,19.0,0.0,1.0,0.0,0.0,0.032882012,0.0,0,0,0,0,0
47565,-1,0,0.9723037,0.7255784,1,1,unassigned,4.0,4.0,0.0,1.0,0.0,0.0,0.003868472,0.0,0,0,0,1,0
47566,-1,0,-0.012906551,0.49677345,0,1,unassigned,41.0,40.0,1.0,0.9756098,0.024390243,0.02439022,0.07543521,0.001839883,0,0,0,0,0
47567,-1,1,0.9590308,0.7229277,1,1,unassigned,3.0,3.0,0.0,1.0,0.0,0.0,0.001934236,0.0,1,0,0,1,0
47568,-1,1,2.30951,0.9096616,1,1,unassigned,3.0,3.0,0.0,1.0,0.0,0.0,0.001934236,0.0,1,0,0,1,1
47569,-1,0,0.13015926,0.53249395,1,1,unassigned,27.0,27.0,0.0,1.0,0.0,0.0,0.0483559,0.0,0,0,0,1,0
47570,-1,0,6.3742194,0.998298,1,1,unassigned,4.0,4.0,0.0,1.0,0.0,0.0,0.003868472,0.0,0,0,0,1,1
47571,-1,0,-0.31052706,0.42298612,0,1,unassigned,19.0,19.0,0.0,1.0,0.0,0.0,0.032882012,0.0,0,0,0,0,0
47572,1,1,2.7546077,0.9401731,1,0,val,14.0,13.0,1.0,0.9285714,0.071428575,0.0714286,0.023210831,0.0016579166,1,0,1,1,1
47573,1,0,-0.028695285,0.49282667,0,1,unassigned,3.0,3.0,0.0,1.0,0.0,0.0,0.001934236,0.0,0,0,0,0,0
47574,-1,0,0.032714725,0.50817794,1,1,unassigned,3.0,2.0,1.0,0.6666667,0.33333334,0.3333333,0.001934236,0.00064474536,0,0,0,1,0
47575,-1,0,-0.9947748,0.26997,0,1,unassigned,4.0,4.0,0.0,1.0,0.0,0.0,0.003868472,0.0,0,0,0,0,0
47576,-1,0,2.9798138,0.9516538,1,1,unassigned,2.0,2.0,0.0,1.0,0.0,0.0,0.0,0.0,0,0,0,1,1
47577,-1,1,0.9770941,0.7265312,1,1,unassigned,5.0,5.0,0.0,1.0,0.0,0.0,0.0058027077,0.0,1,0,0,1,0
47578,-1,1,1.0369146,0.73825425,1,1,unassigned,15.0,15.0,0.0,1.0,0.0,0.0,0.025145067,0.0,1,0,0,1,0
47579,-1,0,-0.24234724,0.43970796,0,1,unassigned,49.0,49.0,0.0,1.0,0.0,0.0,0.09090909,0.0,0,0,0,0,0
47580,-1,0,-0.48596293,0.38084504,0,1,unassigned,4.0,4.0,0.0,1.0,0.0,0.0,0.003868472,0.0,0,0,0,0,0
47581,-1,1,-0.57045513,0.36113182,0,1,unassigned,17.0,15.0,2.0,0.88235295,0.11764706,0.11764705,0.029013539,0.0034133575,1,0,0,0,0
47582,-1,1,5.121398,0.9940678,1,1,unassigned,38.0,36.0,2.0,0.94736844,0.05263158,0.052631557,0.06963249,0.0036648682,1,0,0,1,1
47583,1,0,1.7061965,0.8463423,1,0,val,7.0,7.0,0.0,1.0,0.0,0.0,0.00967118,0.0,0,0,1,1,0
47584,0,0,-0.57546073,0.35997778,0,0,val,2.0,2.0,0.0,1.0,0.0,0.0,0.0,0.0,0,0,1,0,0
47585,-1,0,3.0290563,0.95386964,1,1,unassigned,2.0,2.0,0.0,1.0,0.0,0.0,0.0,0.0,0,0,0,1,1
47586,-1,0,4.0046067,0.98209494,1,1,unassigned,2.0,2.0,0.0,1.0,0.0,0.0,0.0,0.0,0,0,0,1,1
47587,-1,1,-0.52058214,0.37271613,0,1,unassigned,56.0,56.0,0.0,1.0,0.0,0.0,0.10444874,0.0,1,0,0,0,0
47588,-1,1,0.14180917,0.535393,1,1,unassigned,54.0,52.0,2.0,0.962963,0.037037037,0.037037015,0.10058027,0.003725195,1,0,0,1,0
47589,-1,0,7.7262425,0.9995591,1,1,unassigned,3.0,3.0,0.0,1.0,0.0,0.0,0.001934236,0.0,0,0,0,1,1
47590,-1,1,-0.045226157,0.48869535,0,1,unassigned,13.0,11.0,2.0,0.84615386,0.15384616,0.15384614,0.021276595,0.0032733225,1,0,0,0,0
47591,-1,0,0.33673173,0.58339643,1,1,unassigned,3.0,3.0,0.0,1.0,0.0,0.0,0.001934236,0.0,0,0,0,1,0
47592,-1,0,0.085710645,0.5214146,1,1,unassigned,31.0,31.0,0.0,1.0,0.0,0.0,0.056092843,0.0,0,0,0,1,0
47593,1,0,-0.12364486,0.46912816,0,1,val,25.0,25.0,0.0,1.0,0.0,0.0,0.044487428,0.0,0,0,0,0,0
47594,-1,0,-0.4505586,0.389228,0,1,unassigned,50.0,49.0,1.0,0.98,0.02,0.01999998,0.092843324,0.0018568664,0,0,0,0,0
47595,0,0,-0.33740073,0.41644102,0,0,unassigned,15.0,14.0,1.0,0.93333334,0.06666667,0.06666666,0.025145067,0.0016763379,0,0,1,0,0
47596,-1,1,-0.5568841,0.36426875,0,1,unassigned,102.0,97.0,5.0,0.95098037,0.04901961,0.049019635,0.1934236,0.009481549,1,0,0,0,0
47597,0,0,0.8812781,0.707087,1,1,unassigned,7.0,1.0,6.0,0.14285715,0.85714287,0.85714287,0.00967118,0.008289583,0,0,0,1,0
47598,-1,1,-0.1557594,0.46113873,0,1,unassigned,2.0,2.0,0.0,1.0,0.0,0.0,0.0,0.0,1,0,0,0,0
47599,1,0,-0.45440188,0.38831466,0,1,unassigned,3.0,3.0,0.0,1.0,0.0,0.0,0.001934236,0.0,0,0,0,0,0
47600,-1,0,10.1309395,0.9999602,1,1,unassigned,3.0,2.0,1.0,0.6666667,0.33333334,0.3333333,0.001934236,0.00064474536,0,0,0,1,1
47601,-1,0,-0.5072956,0.3758277,0,1,unassigned,15.0,14.0,1.0,0.93333334,0.06666667,0.06666666,0.025145067,0.0016763379,0,0,0,0,0
47602,-1,0,0.109024584,0.5272292,1,1,unassigned,6.0,5.0,1.0,0.8333333,0.16666667,0.16666669,0.007736944,0.0012894907,0,0,0,1,0
47603,-1,0,-0.6020222,0.3538812,0,1,unassigned,8.0,8.0,0.0,1.0,0.0,0.0,0.0116054155,0.0,0,0,0,0,0
47604,-1,1,3.5379727,0.9717491,1,1,unassigned,32.0,30.0,2.0,0.9375,0.0625,0.0625,0.058027077,0.0036266923,1,0,0,1,1
47605,-1,0,2.151555,0.89581394,1,1,unassigned,8.0,8.0,0.0,1.0,0.0,0.0,0.0116054155,0.0,0,0,0,1,0
47606,-1,1,0.8212394,0.6944994,1,1,unassigned,4.0,4.0,0.0,1.0,0.0,0.0,0.003868472,0.0,1,0,0,1,0
47607,-1,0,-0.29831055,0.42597052,0,1,unassigned,7.0,7.0,0.0,1.0,0.0,0.0,0.00967118,0.0,0,0,0,0,0
47608,-1,1,-0.4264418,0.39497632,0,1,unassigned,7.0,7.0,0.0,1.0,0.0,0.0,0.00967118,0.0,1,0,0,0,0
47609,-1,0,0.49229604,0.62064713,1,1,unassigned,13.0,12.0,1.0,0.9230769,0.07692308,0.07692307,0.021276595,0.0016366612,0,0,0,1,0
47610,-1,0,-0.76798654,0.31691483,0,1,unassigned,26.0,26.0,0.0,1.0,0.0,0.0,0.046421662,0.0,0,0,0,0,0
47611,-1,0,2.970013,0.95120084,1,1,unassigned,4.0,4.0,0.0,1.0,0.0,0.0,0.003868472,0.0,0,0,0,1,1
47612,-1,0,0.98295456,0.72769403,1,1,unassigned,6.0,6.0,0.0,1.0,0.0,0.0,0.007736944,0.0,0,0,0,1,0
47613,-1,1,0.92365164,0.71578556,1,1,unassigned,4.0,4.0,0.0,1.0,0.0,0.0,0.003868472,0.0,1,0,0,1,0
47614,-1,0,-0.36480612,0.40979666,0,1,unassigned,48.0,48.0,0.0,1.0,0.0,0.0,0.088974856,0.0,0,0,0,0,0
47615,-1,0,-0.06437117,0.48391274,0,1,unassigned,25.0,19.0,6.0,0.76,0.24,0.24000001,0.044487428,0.010676983,0,0,0,0,0
47616,1,0,-0.24514467,0.4390189,0,1,unassigned,11.0,11.0,0.0,1.0,0.0,0.0,0.017408123,0.0,0,0,0,0,0
47617,-1,1,-0.415235,0.39765754,0,1,unassigned,3.0,2.0,1.0,0.6666667,0.33333334,0.3333333,0.001934236,0.00064474536,1,0,0,0,0
47618,-1,0,3.0218318,0.95355076,1,1,unassigned,3.0,3.0,0.0,1.0,0.0,0.0,0.001934236,0.0,0,0,0,1,1
47619,1,0,-0.9978346,0.26936737,0,1,unassigned,2.0,2.0,0.0,1.0,0.0,0.0,0.0,0.0,0,0,0,0,0
47620,-1,0,2.6249688,0.9324513,1,1,unassigned,5.0,4.0,1.0,0.8,0.2,0.19999999,0.0058027077,0.0011605415,0,0,0,1,1
47621,1,0,-0.10374826,0.4740862,0,1,unassigned,38.0,37.0,1.0,0.9736842,0.02631579,0.026315808,0.06963249,0.0018324341,0,0,0,0,0
47622,-1,0,-0.08567649,0.478594,0,1,unassigned,18.0,16.0,2.0,0.8888889,0.11111111,0.111111104,0.030947777,0.0034386418,0,0,0,0,0
47623,-1,1,-0.032254398,0.4919371,0,1,unassigned,4.0,4.0,0.0,1.0,0.0,0.0,0.003868472,0.0,1,0,0,0,0
47624,-1,0,5.84567,0.99711597,1,1,unassigned,75.0,65.0,10.0,0.8666667,0.13333334,0.13333333,0.14119923,0.018826565,0,0,0,1,1
47625,-1,0,5.5586543,0.99616086,1,1,unassigned,17.0,16.0,1.0,0.9411765,0.05882353,0.058823526,0.029013539,0.0017066788,0,0,0,1,1
47626,-1,1,6.879704,0.99897265,1,1,unassigned,5.0,5.0,0.0,1.0,0.0,0.0,0.0058027077,0.0,1,0,0,1,1
47627,-1,0,-0.3473944,0.41401443,0,1,unassigned,25.0,24.0,1.0,0.96,0.04,0.04000002,0.044487428,0.001779497,0,0,0,0,0
47628,-1,0,0.9234083,0.71573603,1,1,unassigned,34.0,32.0,2.0,0.9411765,0.05882353,0.058823526,0.061895553,0.0036409148,0,0,0,1,0
47629,-1,0,0.44558793,0.6095897,1,1,unassigned,29.0,28.0,1.0,0.9655172,0.03448276,0.034482777,0.05222437,0.0018008404,0,0,0,1,0
47630,-1,1,1.0535228,0.7414508,1,1,unassigned,4.0,4.0,0.0,1.0,0.0,0.0,0.003868472,0.0,1,0,0,1,0
47631,-1,0,-0.69294673,0.33337787,0,1,unassigned,28.0,25.0,3.0,0.89285713,0.10714286,0.107142866,0.050290134,0.0053882287,0,0,0,0,0
47632,-1,0,1.1017396,0.7505859,1,1,unassigned,2.0,2.0,0.0,1.0,0.0,0.0,0.0,0.0,0,0,0,1,0
47633,-1,0,-0.4928985,0.37921098,0,1,unassigned,12.0,11.0,1.0,0.9166667,0.083333336,0.08333331,0.01934236,0.0016118633,0,0,0,0,0
47634,-1,1,-0.34050208,0.4156875,0,1,unassigned,4.0,4.0,0.0,1.0,0.0,0.0,0.003868472,0.0,1,0,0,0,0
47635,-1,0,0.15138441,0.53777397,1,1,unassigned,26.0,25.0,1.0,0.96153843,0.03846154,0.038461566,0.046421662,0.0017854486,0,0,0,1,0
47636,-1,1,-0.4726447,0.38399047,0,1,unassigned,13.0,13.0,0.0,1.0,0.0,0.0,0.021276595,0.0,1,0,0,0,0
47637,-1,0,-0.17384416,0.45664808,0,1,unassigned,5.0,5.0,0.0,1.0,0.0,0.0,0.0058027077,0.0,0,0,0,0,0
47638,-1,0,0.04214275,0.5105341,1,1,unassigned,15.0,15.0,0.0,1.0,0.0,0.0,0.025145067,0.0,0,0,0,1,0
47639,-1,0,-0.4496052,0.38945463,0,1,unassigned,15.0,15.0,0.0,1.0,0.0,0.0,0.025145067,0.0,0,0,0,0,0
47640,-1,0,-0.29196993,0.42752168,0,1,unassigned,26.0,26.0,0.0,1.0,0.0,0.0,0.046421662,0.0,0,0,0,0,0
47641,0,0,1.5651598,0.8270925,1,1,test,46.0,43.0,3.0,0.9347826,0.06521739,0.065217376,0.08510638,0.005550416,0,0,0,1,0
47642,-1,0,-0.14376283,0.46412107,0,1,unassigned,52.0,49.0,3.0,0.9423077,0.057692308,0.05769229,0.0967118,0.005579527,0,0,0,0,0
47643,-1,0,-0.38109726,0.40586227,0,1,unassigned,22.0,22.0,0.0,1.0,0.0,0.0,0.03868472,0.0,0,0,0,0,0
47644,-1,0,-0.3742708,0.40750945,0,1,unassigned,24.0,24.0,0.0,1.0,0.0,0.0,0.04255319,0.0,0,0,0,0,0
47645,-1,0,0.69157165,0.66631645,1,1,unassigned,10.0,10.0,0.0,1.0,0.0,0.0,0.015473888,0.0,0,0,0,1,0
47646,-1,0,0.7429244,0.677635,1,1,unassigned,48.0,48.0,0.0,1.0,0.0,0.0,0.088974856,0.0,0,0,0,1,0
47647,-1,1,4.417773,0.98808265,1,1,unassigned,3.0,3.0,0.0,1.0,0.0,0.0,0.001934236,0.0,1,0,0,1,1
47648,-1,0,0.2279852,0.55675066,1,1,unassigned,19.0,19.0,0.0,1.0,0.0,0.0,0.032882012,0.0,0,0,0,1,0
47649,0,0,0.106621385,0.5266301,1,1,unassigned,2.0,2.0,0.0,1.0,0.0,0.0,0.0,0.0,0,0,0,1,0
47650,-1,1,9.282736,0.999907,1,1,unassigned,2.0,2.0,0.0,1.0,0.0,0.0,0.0,0.0,1,0,0,1,1
47651,-1,1,0.77260405,0.68408394,1,1,unassigned,3.0,3.0,0.0,1.0,0.0,0.0,0.001934236,0.0,1,0,0,1,0
47652,-1,1,3.4164054,0.9682133,1,1,unassigned,14.0,14.0,0.0,1.0,0.0,0.0,0.023210831,0.0,1,0,0,1,1
47653,1,0,1.0571992,0.74215496,1,0,test,2.0,2.0,0.0,1.0,0.0,0.0,0.0,0.0,0,0,1,1,0
47654,-1,0,3.8762286,0.97969216,1,1,unassigned,3.0,3.0,0.0,1.0,0.0,0.0,0.001934236,0.0,0,0,0,1,1
47655,-1,1,19.302746,1.0,1,1,unassigned,3.0,2.0,1.0,0.6666667,0.33333334,0.3333333,0.001934236,0.00064474536,1,0,0,1,1
47656,-1,1,0.26672798,0.5662894,1,1,unassigned,12.0,12.0,0.0,1.0,0.0,0.0,0.01934236,0.0,1,0,0,1,0
47657,-1,0,-0.87626535,0.2939523,0,1,unassigned,11.0,11.0,0.0,1.0,0.0,0.0,0.017408123,0.0,0,0,0,0,0
47658,-1,0,-0.7753043,0.31533277,0,1,unassigned,18.0,18.0,0.0,1.0,0.0,0.0,0.030947777,0.0,0,0,0,0,0
47659,1,0,2.6404507,0.93342,1,0,val,3.0,2.0,1.0,0.6666667,0.33333334,0.3333333,0.001934236,0.00064474536,0,0,1,1,1
47660,1,0,0.18274051,0.54555845,1,0,val,12.0,12.0,0.0,1.0,0.0,0.0,0.01934236,0.0,0,0,1,1,0
47661,-1,0,1.3842812,0.7996777,1,1,unassigned,2.0,2.0,0.0,1.0,0.0,0.0,0.0,0.0,0,0,0,1,0
47662,1,0,-0.4732045,0.38385805,0,1,val,3.0,2.0,1.0,0.6666667,0.33333334,0.3333333,0.001934236,0.00064474536,0,0,0,0,0
47663,-1,1,5.2289586,0.9946695,1,1,unassigned,2.0,2.0,0.0,1.0,0.0,0.0,0.0,0.0,1,0,0,1,1
47664,-1,1,0.73142415,0.67511773,1,1,unassigned,34.0,32.0,2.0,0.9411765,0.05882353,0.058823526,0.061895553,0.0036409148,1,0,0,1,0
47665,-1,1,-0.5558208,0.36451498,0,1,unassigned,8.0,8.0,0.0,1.0,0.0,0.0,0.0116054155,0.0,1,0,0,0,0
47666,0,0,-0.45998526,0.38698933,0,0,unassigned,14.0,13.0,1.0,0.9285714,0.071428575,0.0714286,0.023210831,0.0016579166,0,0,1,0,0
47667,-1,0,6.011727,0.9975561,1,1,unassigned,3.0,2.0,1.0,0.6666667,0.33333334,0.3333333,0.001934236,0.00064474536,0,0,0,1,1
47668,-1,0,2.6682465,0.9351268,1,1,unassigned,10.0,10.0,0.0,1.0,0.0,0.0,0.015473888,0.0,0,0,0,1,1
47669,-1,1,0.82359093,0.6949981,1,1,unassigned,107.0,101.0,6.0,0.94392526,0.056074765,0.05607474,0.20309478,0.011388492,1,0,0,1,0
47670,-1,1,4.101713,0.9837249,1,1,unassigned,6.0,6.0,0.0,1.0,0.0,0.0,0.007736944,0.0,1,0,0,1,1
47671,-1,1,-0.7069717,0.33026832,0,1,unassigned,17.0,17.0,0.0,1.0,0.0,0.0,0.029013539,0.0,1,0,0,0,0
47672,-1,0,0.9747785,0.72607094,1,1,unassigned,7.0,6.0,1.0,0.85714287,0.14285715,0.14285713,0.00967118,0.0013815971,0,0,0,1,0
47673,-1,1,-0.5316107,0.37014127,0,1,unassigned,88.0,71.0,17.0,0.8068182,0.19318181,0.19318181,0.1663443,0.032134693,1,0,0,0,0
47674,-1,0,-0.4884253,0.38026458,0,1,unassigned,4.0,4.0,0.0,1.0,0.0,0.0,0.003868472,0.0,0,0,0,0,0
47675,-1,1,-0.616839,0.35050073,0,1,unassigned,120.0,119.0,1.0,0.9916667,0.008333334,0.008333325,0.22823985,0.0019019989,1,0,0,0,0
47676,-1,0,-0.7351341,0.32406908,0,1,unassigned,4.0,2.0,2.0,0.5,0.5,0.5,0.003868472,0.001934236,0,0,0,0,0
47677,1,0,2.0374558,0.8846739,1,0,unassigned,54.0,54.0,0.0,1.0,0.0,0.0,0.10058027,0.0,0,0,1,1,0
47678,0,0,-0.6063951,0.35288194,0,0,unassigned,30.0,30.0,0.0,1.0,0.0,0.0,0.054158606,0.0,0,0,1,0,0
47679,-1,0,3.6099575,0.9736596,1,1,unassigned,8.0,5.0,3.0,0.625,0.375,0.375,0.0116054155,0.004352031,0,0,0,1,1
47680,-1,0,-0.61720073,0.3504184,0,1,unassigned,41.0,41.0,0.0,1.0,0.0,0.0,0.07543521,0.0,0,0,0,0,0
47681,-1,1,-0.7579972,0.31908125,0,1,unassigned,24.0,22.0,2.0,0.9166667,0.083333336,0.08333331,0.04255319,0.0035460992,1,0,0,0,0
47682,1,1,-0.031497657,0.4921262,0,1,test,4.0,3.0,1.0,0.75,0.25,0.25,0.003868472,0.000967118,1,0,0,0,0
47683,-1,1,-0.28221208,0.42991155,0,1,unassigned,3.0,1.0,2.0,0.33333334,0.6666667,0.6666666,0.001934236,0.0012894907,1,0,0,0,0
47684,-1,1,1.1404581,0.75776374,1,1,unassigned,14.0,13.0,1.0,0.9285714,0.071428575,0.0714286,0.023210831,0.0016579166,1,0,0,1,0
47685,-1,0,2.8086977,0.943144,1,1,unassigned,19.0,19.0,0.0,1.0,0.0,0.0,0.032882012,0.0,0,0,0,1,1
47686,-1,0,3.1173751,0.95760375,1,1,unassigned,43.0,43.0,0.0,1.0,0.0,0.0,0.079303674,0.0,0,0,0,1,1
47687,0,0,-0.28696868,0.42874616,0,0,unassigned,4.0,4.0,0.0,1.0,0.0,0.0,0.003868472,0.0,0,0,1,0,0
47688,-1,0,2.8017418,0.9427699,1,1,unassigned,12.0,11.0,1.0,0.9166667,0.083333336,0.08333331,0.01934236,0.0016118633,0,0,0,1,1
47689,-1,1,0.12402439,0.5309664,1,1,unassigned,28.0,27.0,1.0,0.96428573,0.035714287,0.03571427,0.050290134,0.0017960763,1,0,0,1,0
47690,-1,0,1.3532772,0.79466486,1,1,unassigned,4.0,4.0,0.0,1.0,0.0,0.0,0.003868472,0.0,0,0,0,1,0
47691,-1,1,1.6460366,0.8383547,1,1,unassigned,15.0,14.0,1.0,0.93333334,0.06666667,0.06666666,0.025145067,0.0016763379,1,0,0,1,0
47692,0,1,-0.8725021,0.29473394,0,0,val,10.0,9.0,1.0,0.9,0.1,0.100000024,0.015473888,0.0015473888,1,0,1,0,0
47693,-1,1,-0.5595443,0.36365288,0,1,unassigned,106.0,104.0,2.0,0.9811321,0.018867925,0.01886791,0.20116054,0.0037954818,1,0,0,0,0
47694,-1,0,2.2697585,0.90634125,1,1,unassigned,3.0,3.0,0.0,1.0,0.0,0.0,0.001934236,0.0,0,0,0,1,1
47695,0,1,-0.3445264,0.41471037,0,0,unassigned,37.0,32.0,5.0,0.8648649,0.13513513,0.13513511,0.06769826,0.009148413,1,0,1,0,0
47696,0,1,-0.680798,0.33608323,0,0,unassigned,87.0,85.0,2.0,0.9770115,0.022988506,0.022988498,0.16441005,0.0037795415,1,0,1,0,0
47697,-1,0,-0.83810353,0.30193433,0,1,unassigned,2.0,2.0,0.0,1.0,0.0,0.0,0.0,0.0,0,0,0,0,0
47698,-1,1,3.9226592,0.9805956,1,1,unassigned,44.0,43.0,1.0,0.97727275,0.022727273,0.022727251,0.08123791,0.0018463163,1,0,0,1,1
47699,-1,1,9.554405,0.9999291,1,1,unassigned,76.0,37.0,39.0,0.4868421,0.5131579,0.5131579,0.14313346,0.073450066,1,0,0,1,1
47700,0,1,-0.6001354,0.35431272,0,0,val,14.0,14.0,0.0,1.0,0.0,0.0,0.023210831,0.0,1,0,1,0,0
47701,-1,0,-0.16059464,0.45993742,0,1,unassigned,10.0,10.0,0.0,1.0,0.0,0.0,0.015473888,0.0,0,0,0,0,0
47702,-1,0,2.1007288,0.890974,1,1,unassigned,4.0,4.0,0.0,1.0,0.0,0.0,0.003868472,0.0,0,0,0,1,0
47703,-1,1,-0.6228887,0.34912476,0,1,unassigned,101.0,99.0,2.0,0.980198,0.01980198,0.019801974,0.19148937,0.0037918687,1,0,0,0,0
47704,-1,1,-0.4380365,0.39220893,0,1,unassigned,23.0,21.0,2.0,0.9130435,0.08695652,0.0869565,0.040618956,0.0035320832,1,0,0,0,0
47705,-1,1,-0.6052049,0.35315382,0,1,unassigned,108.0,104.0,4.0,0.962963,0.037037037,0.037037015,0.20502901,0.007593667,1,0,0,0,0
47706,-1,1,-0.050700963,0.4873275,0,1,unassigned,122.0,121.0,1.0,0.9918033,0.008196721,0.008196712,0.23210831,0.0019025271,1,0,0,0,0
47707,-1,1,1.9998157,0.8807777,1,1,unassigned,6.0,6.0,0.0,1.0,0.0,0.0,0.007736944,0.0,1,0,0,1,0
47708,-1,1,-0.57674086,0.35968283,0,1,unassigned,96.0,96.0,0.0,1.0,0.0,0.0,0.18181819,0.0,1,0,0,0,0
47709,-1,1,-0.4015569,0.40093833,0,1,unassigned,63.0,62.0,1.0,0.984127,0.015873017,0.015873015,0.11798839,0.0018728317,1,0,0,0,0
47710,0,1,-0.66680145,0.3392134,0,0,unassigned,54.0,54.0,0.0,1.0,0.0,0.0,0.10058027,0.0,1,0,1,0,0
47711,-1,1,2.8017123,0.9427683,1,1,unassigned,63.0,61.0,2.0,0.96825397,0.031746034,0.03174603,0.11798839,0.0037456634,1,0,0,1,1
47712,-1,1,0.60916954,0.64775133,1,1,unassigned,4.0,4.0,0.0,1.0,0.0,0.0,0.003868472,0.0,1,0,0,1,0
47713,-1,0,2.4270813,0.9188692,1,1,unassigned,2.0,1.0,1.0,0.5,0.5,0.5,0.0,0.0,0,0,0,1,1
47714,-1,0,-0.68382025,0.3354092,0,1,unassigned,2.0,2.0,0.0,1.0,0.0,0.0,0.0,0.0,0,0,0,0,0
47715,-1,1,0.49162203,0.62048846,1,1,unassigned,23.0,23.0,0.0,1.0,0.0,0.0,0.040618956,0.0,1,0,0,1,0
47716,-1,0,-0.005628109,0.498593,0,1,unassigned,13.0,13.0,0.0,1.0,0.0,0.0,0.021276595,0.0,0,0,0,0,0
47717,-1,0,3.8735745,0.9796393,1,1,unassigned,2.0,2.0,0.0,1.0,0.0,0.0,0.0,0.0,0,0,0,1,1
47718,-1,0,1.6337292,0.83667994,1,1,unassigned,5.0,5.0,0.0,1.0,0.0,0.0,0.0058027077,0.0,0,0,0,1,0
47719,-1,1,-0.50360376,0.37669414,0,1,unassigned,21.0,21.0,0.0,1.0,0.0,0.0,0.036750484,0.0,1,0,0,0,0
47720,1,1,5.0173583,0.9934216,1,0,val,50.0,50.0,0.0,1.0,0.0,0.0,0.092843324,0.0,1,0,1,1,1
47721,-1,1,2.1346023,0.8942211,1,1,unassigned,31.0,30.0,1.0,0.9677419,0.032258064,0.032258093,0.056092843,0.0018094465,1,0,0,1,0
47722,-1,1,3.1900475,0.96045804,1,1,unassigned,22.0,22.0,0.0,1.0,0.0,0.0,0.03868472,0.0,1,0,0,1,1
47723,-1,1,1.8606946,0.8653779,1,1,unassigned,12.0,12.0,0.0,1.0,0.0,0.0,0.01934236,0.0,1,0,0,1,0
47724,-1,0,1.0702155,0.7446379,1,1,unassigned,2.0,2.0,0.0,1.0,0.0,0.0,0.0,0.0,0,0,0,1,0
47725,1,1,0.048804462,0.5121987,1,0,unassigned,58.0,57.0,1.0,0.98275864,0.01724138,0.017241359,0.10831721,0.0018675381,1,0,1,1,0
47726,1,0,1.8621233,0.86554426,1,0,unassigned,3.0,3.0,0.0,1.0,0.0,0.0,0.001934236,0.0,0,0,1,1,0
47727,1,1,2.7758977,0.9413594,1,0,unassigned,31.0,31.0,0.0,1.0,0.0,0.0,0.056092843,0.0,1,0,1,1,1
47728,-1,0,-0.42393482,0.39557558,0,1,unassigned,2.0,2.0,0.0,1.0,0.0,0.0,0.0,0.0,0,0,0,0,0
47729,-1,1,3.394696,0.96753836,1,1,unassigned,30.0,24.0,6.0,0.8,0.2,0.19999999,0.054158606,0.010831721,1,0,0,1,1
47730,-1,1,1.8704231,0.86650723,1,1,unassigned,12.0,12.0,0.0,1.0,0.0,0.0,0.01934236,0.0,1,0,0,1,0
47731,-1,0,0.42162472,0.603872,1,1,unassigned,9.0,9.0,0.0,1.0,0.0,0.0,0.013539651,0.0,0,0,0,1,0
47732,-1,1,4.6437583,0.9904702,1,1,unassigned,27.0,27.0,0.0,1.0,0.0,0.0,0.0483559,0.0,1,0,0,1,1
47733,-1,1,3.605861,0.97355425,1,1,unassigned,13.0,13.0,0.0,1.0,0.0,0.0,0.021276595,0.0,1,0,0,1,1
47734,-1,0,2.012365,0.88208926,1,1,unassigned,8.0,6.0,2.0,0.75,0.25,0.25,0.0116054155,0.0029013539,0,0,0,1,0
47735,-1,1,4.205137,0.9853005,1,1,unassigned,15.0,14.0,1.0,0.93333334,0.06666667,0.06666666,0.025145067,0.0016763379,1,0,0,1,1
47736,-1,0,16.12302,0.9999999,1,1,unassigned,7.0,7.0,0.0,1.0,0.0,0.0,0.00967118,0.0,0,0,0,1,1
47737,-1,1,2.9411104,0.9498416,1,1,unassigned,9.0,6.0,3.0,0.6666667,0.33333334,0.3333333,0.013539651,0.004513217,1,0,0,1,1
47738,-1,0,0.5511916,0.634412,1,1,unassigned,2.0,2.0,0.0,1.0,0.0,0.0,0.0,0.0,0,0,0,1,0
47739,-1,1,1.159286,0.76120293,1,1,unassigned,4.0,4.0,0.0,1.0,0.0,0.0,0.003868472,0.0,1,0,0,1,0
47740,-1,1,5.2466044,0.99476224,1,1,unassigned,4.0,4.0,0.0,1.0,0.0,0.0,0.003868472,0.0,1,0,0,1,1
47741,-1,0,1.0563529,0.74199295,1,1,unassigned,72.0,69.0,3.0,0.9583333,0.041666668,0.041666687,0.13539653,0.005641522,0,0,0,1,0
47742,-1,1,1.6067951,0.83296597,1,1,unassigned,44.0,38.0,6.0,0.8636364,0.13636364,0.13636363,0.08123791,0.011077898,1,0,0,1,0
47743,1,1,4.4637003,0.9886115,1,0,unassigned,33.0,32.0,1.0,0.969697,0.030303031,0.030303001,0.059961315,0.0018170096,1,0,1,1,1
47744,-1,0,0.73872715,0.67671746,1,1,unassigned,21.0,20.0,1.0,0.95238096,0.04761905,0.047619045,0.036750484,0.0017500231,0,0,0,1,0
47745,-1,1,4.1823354,0.98496664,1,1,unassigned,51.0,48.0,3.0,0.9411765,0.05882353,0.058823526,0.09477756,0.0055751507,1,0,0,1,1
47746,-1,0,-0.7857565,0.31308055,0,1,unassigned,18.0,18.0,0.0,1.0,0.0,0.0,0.030947777,0.0,0,0,0,0,0
47747,-1,1,-0.5950371,0.35547993,0,1,unassigned,29.0,23.0,6.0,0.79310346,0.20689656,0.20689654,0.05222437,0.010805042,1,0,0,0,0
47748,-1,1,5.9546056,0.99741286,1,1,unassigned,76.0,76.0,0.0,1.0,0.0,0.0,0.14313346,0.0,1,0,0,1,1
47749,-1,1,2.4030125,0.91705674,1,1,unassigned,22.0,21.0,1.0,0.95454544,0.045454547,0.04545456,0.03868472,0.0017583964,1,0,0,1,1
47750,-1,1,-0.7708196,0.31630182,0,1,unassigned,43.0,37.0,6.0,0.8604651,0.13953489,0.13953489,0.079303674,0.011065629,1,0,0,0,0
47751,-1,1,9.407377,0.99991786,1,1,unassigned,13.0,11.0,2.0,0.84615386,0.15384616,0.15384614,0.021276595,0.0032733225,1,0,0,1,1
47752,-1,1,2.9667695,0.9510501,1,1,unassigned,17.0,17.0,0.0,1.0,0.0,0.0,0.029013539,0.0,1,0,0,1,1
47753,-1,0,2.6183197,0.93203133,1,1,unassigned,3.0,3.0,0.0,1.0,0.0,0.0,0.001934236,0.0,0,0,0,1,1
47754,-1,0,6.009052,0.9975496,1,1,unassigned,4.0,4.0,0.0,1.0,0.0,0.0,0.003868472,0.0,0,0,0,1,1
47755,-1,0,-0.033338547,0.49166614,0,1,unassigned,8.0,8.0,0.0,1.0,0.0,0.0,0.0116054155,0.0,0,0,0,0,0
47756,-1,0,-0.18192515,0.45464373,0,1,unassigned,2.0,2.0,0.0,1.0,0.0,0.0,0.0,0.0,0,0,0,0,0
47757,1,0,2.851258,0.9453837,1,0,unassigned,5.0,5.0,0.0,1.0,0.0,0.0,0.0058027077,0.0,0,0,1,1,1
47758,-1,0,2.2511945,0.90475357,1,1,unassigned,2.0,2.0,0.0,1.0,0.0,0.0,0.0,0.0,0,0,0,1,1
47759,-1,0,2.309653,0.90967333,1,1,unassigned,4.0,4.0,0.0,1.0,0.0,0.0,0.003868472,0.0,0,0,0,1,1
47760,-1,0,4.3131757,0.98678607,1,1,unassigned,2.0,2.0,0.0,1.0,0.0,0.0,0.0,0.0,0,0,0,1,1
47761,-1,0,2.251076,0.9047433,1,1,unassigned,4.0,3.0,1.0,0.75,0.25,0.25,0.003868472,0.000967118,0,0,0,1,1
47762,-1,0,0.95589715,0.7222996,1,1,unassigned,3.0,3.0,0.0,1.0,0.0,0.0,0.001934236,0.0,0,0,0,1,0
47763,-1,0,0.07785493,0.5194539,1,1,unassigned,24.0,23.0,1.0,0.9583333,0.041666668,0.041666687,0.04255319,0.0017730496,0,0,0,1,0
47764,-1,0,-0.4458484,0.3903483,0,1,unassigned,27.0,27.0,0.0,1.0,0.0,0.0,0.0483559,0.0,0,0,0,0,0
47765,-1,0,-0.24659505,0.43866178,0,1,unassigned,42.0,42.0,0.0,1.0,0.0,0.0,0.07736944,0.0,0,0,0,0,0
47766,-1,1,-0.39981768,0.40135613,0,1,unassigned,39.0,38.0,1.0,0.974359,0.025641026,0.025641024,0.07156673,0.0018350444,1,0,0,0,0
47767,-1,1,-0.72542155,0.32620025,0,1,unassigned,69.0,67.0,2.0,0.9710145,0.028985508,0.0289855,0.1295938,0.0037563422,1,0,0,0,0
47768,-1,0,0.4435106,0.6090952,1,1,unassigned,11.0,11.0,0.0,1.0,0.0,0.0,0.017408123,0.0,0,0,0,1,0
47769,-1,0,1.1241772,0.7547627,1,1,unassigned,5.0,5.0,0.0,1.0,0.0,0.0,0.0058027077,0.0,0,0,0,1,0
47770,-1,0,-0.8664077,0.29600233,0,1,unassigned,3.0,3.0,0.0,1.0,0.0,0.0,0.001934236,0.0,0,0,0,0,0
47771,-1,0,-0.07400277,0.48150772,0,1,unassigned,2.0,2.0,0.0,1.0,0.0,0.0,0.0,0.0,0,0,0,0,0
47772,-1,0,-0.66093504,0.3405296,0,1,unassigned,20.0,19.0,1.0,0.95,0.05,0.050000012,0.034816246,0.0017408123,0,0,0,0,0
47773,-1,0,-0.38651222,0.40455717,0,1,unassigned,19.0,19.0,0.0,1.0,0.0,0.0,0.032882012,0.0,0,0,0,0,0
47774,-1,0,1.3683946,0.7971207,1,1,unassigned,2.0,2.0,0.0,1.0,0.0,0.0,0.0,0.0,0,0,0,1,0
47775,-1,1,0.7896374,0.68775344,1,1,unassigned,2.0,2.0,0.0,1.0,0.0,0.0,0.0,0.0,1,0,0,1,0
47776,-1,0,3.2360504,0.9621686,1,1,unassigned,14.0,14.0,0.0,1.0,0.0,0.0,0.023210831,0.0,0,0,0,1,1
47777,-1,0,0.29003292,0.5720042,1,1,unassigned,7.0,7.0,0.0,1.0,0.0,0.0,0.00967118,0.0,0,0,0,1,0
47778,-1,0,-0.40486762,0.4001434,0,1,unassigned,12.0,12.0,0.0,1.0,0.0,0.0,0.01934236,0.0,0,0,0,0,0
47779,-1,1,3.008902,0.9529747,1,1,unassigned,33.0,33.0,0.0,1.0,0.0,0.0,0.059961315,0.0,1,0,0,1,1
47780,-1,1,6.3264084,0.9982147,1,1,unassigned,21.0,14.0,7.0,0.6666667,0.33333334,0.3333333,0.036750484,0.012250162,1,0,0,1,1
47781,-1,0,0.9793814,0.72698545,1,1,unassigned,6.0,6.0,0.0,1.0,0.0,0.0,0.007736944,0.0,0,0,0,1,0
47782,-1,0,1.7361314,0.850195,1,1,unassigned,9.0,9.0,0.0,1.0,0.0,0.0,0.013539651,0.0,0,0,0,1,0
47783,-1,1,1.2328181,0.7743114,1,1,unassigned,3.0,3.0,0.0,1.0,0.0,0.0,0.001934236,0.0,1,0,0,1,0
47784,-1,0,-0.31210724,0.42260045,0,1,unassigned,2.0,2.0,0.0,1.0,0.0,0.0,0.0,0.0,0,0,0,0,0
47785,-1,1,4.2539787,0.9859914,1,1,unassigned,50.0,46.0,4.0,0.92,0.08,0.07999998,0.092843324,0.0074274656,1,0,0,1,1
47786,-1,1,0.45605105,0.612077,1,1,unassigned,30.0,30.0,0.0,1.0,0.0,0.0,0.054158606,0.0,1,0,0,1,0
47787,-1,1,-0.79671156,0.31072938,0,1,unassigned,25.0,25.0,0.0,1.0,0.0,0.0,0.044487428,0.0,1,0,0,0,0
47788,-1,1,-0.22611904,0.44370985,0,1,unassigned,25.0,25.0,0.0,1.0,0.0,0.0,0.044487428,0.0,1,0,0,0,0
47789,-1,1,-0.19607314,0.45113814,0,1,unassigned,33.0,32.0,1.0,0.969697,0.030303031,0.030303001,0.059961315,0.0018170096,1,0,0,0,0
47790,-1,1,-0.06696397,0.4832653,0,1,unassigned,25.0,25.0,0.0,1.0,0.0,0.0,0.044487428,0.0,1,0,0,0,0
47791,-1,1,0.03491229,0.5087272,1,1,unassigned,23.0,23.0,0.0,1.0,0.0,0.0,0.040618956,0.0,1,0,0,1,0
47792,-1,1,4.364477,0.9874385,1,1,unassigned,2.0,2.0,0.0,1.0,0.0,0.0,0.0,0.0,1,0,0,1,1
47793,-1,0,0.41696018,0.6027556,1,1,unassigned,2.0,2.0,0.0,1.0,0.0,0.0,0.0,0.0,0,0,0,1,0
47794,-1,0,1.5953758,0.83137107,1,1,unassigned,3.0,2.0,1.0,0.6666667,0.33333334,0.3333333,0.001934236,0.00064474536,0,0,0,1,0
47795,-1,1,1.5721419,0.82808876,1,1,unassigned,6.0,4.0,2.0,0.6666667,0.33333334,0.3333333,0.007736944,0.0025789815,1,0,0,1,0
47796,-1,0,0.21455044,0.5534328,1,1,unassigned,8.0,7.0,1.0,0.875,0.125,0.125,0.0116054155,0.0014506769,0,0,0,1,0
47797,-1,0,1.3778143,0.7986397,1,1,unassigned,26.0,25.0,1.0,0.96153843,0.03846154,0.038461566,0.046421662,0.0017854486,0,0,0,1,0
47798,-1,0,1.9045823,0.8704093,1,1,unassigned,11.0,11.0,0.0,1.0,0.0,0.0,0.017408123,0.0,0,0,0,1,0
47799,-1,0,-0.87664896,0.29387265,0,1,unassigned,44.0,44.0,0.0,1.0,0.0,0.0,0.08123791,0.0,0,0,0,0,0
47800,-1,0,-0.050789,0.48730546,0,1,unassigned,24.0,24.0,0.0,1.0,0.0,0.0,0.04255319,0.0,0,0,0,0,0
47801,-1,0,0.13914806,0.534731,1,1,unassigned,4.0,4.0,0.0,1.0,0.0,0.0,0.003868472,0.0,0,0,0,1,0
47802,-1,0,0.20847827,0.5519316,1,1,unassigned,7.0,7.0,0.0,1.0,0.0,0.0,0.00967118,0.0,0,0,0,1,0
47803,-1,0,-0.9144809,0.2860838,0,1,unassigned,4.0,4.0,0.0,1.0,0.0,0.0,0.003868472,0.0,0,0,0,0,0
47804,-1,0,-0.35449702,0.4122923,0,1,unassigned,2.0,2.0,0.0,1.0,0.0,0.0,0.0,0.0,0,0,0,0,0
47805,0,1,-0.89303315,0.29048428,0,0,test,2.0,1.0,1.0,0.5,0.5,0.5,0.0,0.0,1,0,1,0,0
47806,-1,0,0.7341631,0.6757182,1,1,unassigned,3.0,2.0,1.0,0.6666667,0.33333334,0.3333333,0.001934236,0.00064474536,0,0,0,1,0
47807,-1,0,1.4204197,0.80540425,1,1,unassigned,13.0,12.0,1.0,0.9230769,0.07692308,0.07692307,0.021276595,0.0016366612,0,0,0,1,0
47808,-1,0,2.2989366,0.9087889,1,1,unassigned,5.0,5.0,0.0,1.0,0.0,0.0,0.0058027077,0.0,0,0,0,1,1
47809,-1,0,1.2845895,0.78323,1,1,unassigned,2.0,2.0,0.0,1.0,0.0,0.0,0.0,0.0,0,0,0,1,0
47810,-1,1,1.7740779,0.8549641,1,1,unassigned,2.0,2.0,0.0,1.0,0.0,0.0,0.0,0.0,1,0,0,1,0
47811,-1,1,-0.5268998,0.37124026,0,1,unassigned,2.0,2.0,0.0,1.0,0.0,0.0,0.0,0.0,1,0,0,0,0
47812,-1,1,5.5140452,0.9959864,1,1,unassigned,15.0,15.0,0.0,1.0,0.0,0.0,0.025145067,0.0,1,0,0,1,1
47813,-1,1,-0.3094621,0.42324606,0,1,unassigned,10.0,10.0,0.0,1.0,0.0,0.0,0.015473888,0.0,1,0,0,0,0
47814,-1,1,-0.31088707,0.42289826,0,1,unassigned,31.0,30.0,1.0,0.9677419,0.032258064,0.032258093,0.056092843,0.0018094465,1,0,0,0,0
47815,-1,1,2.670903,0.9352878,1,1,unassigned,4.0,3.0,1.0,0.75,0.25,0.25,0.003868472,0.000967118,1,0,0,1,1
47816,-1,1,-0.07646954,0.48089194,0,1,unassigned,14.0,14.0,0.0,1.0,0.0,0.0,0.023210831,0.0,1,0,0,0,0
47817,-1,0,7.8183627,0.99959785,1,1,unassigned,4.0,4.0,0.0,1.0,0.0,0.0,0.003868472,0.0,0,0,0,1,1
47818,-1,0,9.059706,0.9998838,1,1,unassigned,2.0,2.0,0.0,1.0,0.0,0.0,0.0,0.0,0,0,0,1,1
47819,-1,1,0.44392258,0.6091933,1,1,unassigned,3.0,3.0,0.0,1.0,0.0,0.0,0.001934236,0.0,1,0,0,1,0
47820,-1,1,-0.6655593,0.33949193,0,1,unassigned,47.0,47.0,0.0,1.0,0.0,0.0,0.08704062,0.0,1,0,0,0,0
47821,-1,0,1.8725011,0.86674744,1,1,unassigned,4.0,4.0,0.0,1.0,0.0,0.0,0.003868472,0.0,0,0,0,1,0
47822,-1,0,0.07242024,0.51809716,1,1,unassigned,2.0,2.0,0.0,1.0,0.0,0.0,0.0,0.0,0,0,0,1,0
47823,-1,0,1.5685215,0.8275727,1,1,unassigned,2.0,2.0,0.0,1.0,0.0,0.0,0.0,0.0,0,0,0,1,0
47824,-1,0,0.53445715,0.6305221,1,1,unassigned,3.0,2.0,1.0,0.6666667,0.33333334,0.3333333,0.001934236,0.00064474536,0,0,0,1,0
47825,-1,0,2.117174,0.8925612,1,1,unassigned,5.0,5.0,0.0,1.0,0.0,0.0,0.0058027077,0.0,0,0,0,1,0
47826,1,1,3.6845372,0.9755062,1,0,test,5.0,4.0,1.0,0.8,0.2,0.19999999,0.0058027077,0.0011605415,1,0,1,1,1
47827,-1,1,2.2760682,0.90687555,1,1,unassigned,5.0,5.0,0.0,1.0,0.0,0.0,0.0058027077,0.0,1,0,0,1,1
47828,0,0,-0.21625262,0.44614655,0,0,unassigned,21.0,21.0,0.0,1.0,0.0,0.0,0.036750484,0.0,0,0,1,0,0
47829,-1,0,-0.39924183,0.4014945,0,1,unassigned,17.0,13.0,4.0,0.7647059,0.23529412,0.2352941,0.029013539,0.006826715,0,0,0,0,0
47830,-1,1,4.006601,0.98213,1,1,unassigned,11.0,11.0,0.0,1.0,0.0,0.0,0.017408123,0.0,1,0,0,1,1
47831,-1,0,4.176948,0.9848867,1,1,unassigned,2.0,2.0,0.0,1.0,0.0,0.0,0.0,0.0,0,0,0,1,1
47832,-1,0,2.1793573,0.8983804,1,1,unassigned,2.0,2.0,0.0,1.0,0.0,0.0,0.0,0.0,0,0,0,1,0
47833,0,0,-0.3214078,0.4203327,0,0,train,13.0,11.0,2.0,0.84615386,0.15384616,0.15384614,0.021276595,0.0032733225,0,0,1,0,0
47834,-1,1,-0.20014152,0.45013094,0,1,unassigned,35.0,30.0,5.0,0.85714287,0.14285715,0.14285713,0.06382979,0.009118541,1,0,0,0,0
47835,-1,1,1.1934536,0.7673581,1,1,unassigned,16.0,14.0,2.0,0.875,0.125,0.125,0.027079303,0.0033849129,1,0,0,1,0
47836,-1,0,3.2038662,0.96097946,1,1,unassigned,9.0,8.0,1.0,0.8888889,0.11111111,0.111111104,0.013539651,0.0015044058,0,0,0,1,1
47837,-1,1,4.0018516,0.98204654,1,1,unassigned,9.0,8.0,1.0,0.8888889,0.11111111,0.111111104,0.013539651,0.0015044058,1,0,0,1,1
47838,-1,0,8.2615795,0.99974185,1,1,unassigned,2.0,2.0,0.0,1.0,0.0,0.0,0.0,0.0,0,0,0,1,1
47839,-1,0,6.9491696,0.9990415,1,1,unassigned,6.0,6.0,0.0,1.0,0.0,0.0,0.007736944,0.0,0,0,0,1,1
47840,-1,0,3.311042,0.96480566,1,1,unassigned,13.0,13.0,0.0,1.0,0.0,0.0,0.021276595,0.0,0,0,0,1,1
47841,-1,1,-0.6344051,0.34651235,0,1,unassigned,2.0,2.0,0.0,1.0,0.0,0.0,0.0,0.0,1,0,0,0,0
47842,-1,0,1.5887997,0.8304472,1,1,unassigned,34.0,33.0,1.0,0.9705882,0.029411765,0.029411793,0.061895553,0.0018204574,0,0,0,1,0
47843,-1,1,2.1098201,0.891854,1,1,unassigned,14.0,13.0,1.0,0.9285714,0.071428575,0.0714286,0.023210831,0.0016579166,1,0,0,1,0
47844,-1,1,0.24828011,0.56175315,1,1,unassigned,29.0,27.0,2.0,0.9310345,0.06896552,0.068965495,0.05222437,0.0036016807,1,0,0,1,0
47845,-1,1,4.110164,0.98385966,1,1,unassigned,3.0,3.0,0.0,1.0,0.0,0.0,0.001934236,0.0,1,0,0,1,1
47846,-1,1,2.286279,0.9077342,1,1,unassigned,14.0,14.0,0.0,1.0,0.0,0.0,0.023210831,0.0,1,0,0,1,1
47847,-1,1,1.7615821,0.85340774,1,1,unassigned,8.0,8.0,0.0,1.0,0.0,0.0,0.0116054155,0.0,1,0,0,1,0
47848,-1,1,6.9124837,0.99900573,1,1,unassigned,8.0,7.0,1.0,0.875,0.125,0.125,0.0116054155,0.0014506769,1,0,0,1,1
47849,-1,1,1.9814382,0.8788344,1,1,unassigned,15.0,15.0,0.0,1.0,0.0,0.0,0.025145067,0.0,1,0,0,1,0
47850,-1,0,1.8895714,0.8687067,1,1,unassigned,10.0,1.0,9.0,0.1,0.9,0.9,0.015473888,0.0139264995,0,0,0,1,0
47851,-1,1,3.8124678,0.978384,1,1,unassigned,19.0,18.0,1.0,0.94736844,0.05263158,0.052631557,0.032882012,0.0017306323,1,0,0,1,1
47852,-1,0,5.4660068,0.9957897,1,1,unassigned,30.0,21.0,9.0,0.7,0.3,0.3,0.054158606,0.016247582,0,0,0,1,1
47853,-1,1,0.82984215,0.69632155,1,1,unassigned,21.0,21.0,0.0,1.0,0.0,0.0,0.036750484,0.0,1,0,0,1,0
47854,-1,0,1.8750851,0.8670456,1,1,unassigned,6.0,6.0,0.0,1.0,0.0,0.0,0.007736944,0.0,0,0,0,1,0
47855,-1,0,-0.77000785,0.3164774,0,1,unassigned,2.0,2.0,0.0,1.0,0.0,0.0,0.0,0.0,0,0,0,0,0
47856,-1,1,1.8995821,0.8698442,1,1,unassigned,13.0,10.0,3.0,0.7692308,0.23076923,0.23076922,0.021276595,0.0049099834,1,0,0,1,0
47857,-1,1,7.3655252,0.9993678,1,1,unassigned,12.0,12.0,0.0,1.0,0.0,0.0,0.01934236,0.0,1,0,0,1,1
47858,-1,0,0.3913768,0.5966141,1,1,unassigned,13.0,13.0,0.0,1.0,0.0,0.0,0.021276595,0.0,0,0,0,1,0
47859,-1,0,5.9204135,0.9973231,1,1,unassigned,3.0,3.0,0.0,1.0,0.0,0.0,0.001934236,0.0,0,0,0,1,1
47860,1,0,0.4337439,0.6067673,1,0,val,5.0,4.0,1.0,0.8,0.2,0.19999999,0.0058027077,0.0011605415,0,0,1,1,0
47861,1,0,6.6668916,0.9987293,1,0,test,7.0,7.0,0.0,1.0,0.0,0.0,0.00967118,0.0,0,0,1,1,1
47862,-1,1,0.5995837,0.6455611,1,1,unassigned,6.0,6.0,0.0,1.0,0.0,0.0,0.007736944,0.0,1,0,0,1,0
47863,-1,1,-0.45060462,0.38921705,0,1,unassigned,11.0,11.0,0.0,1.0,0.0,0.0,0.017408123,0.0,1,0,0,0,0
47864,-1,1,-0.30303866,0.42481485,0,1,unassigned,11.0,11.0,0.0,1.0,0.0,0.0,0.017408123,0.0,1,0,0,0,0
47865,-1,1,0.20956105,0.55219936,1,1,unassigned,25.0,25.0,0.0,1.0,0.0,0.0,0.044487428,0.0,1,0,0,1,0
47866,-1,1,0.42297655,0.6041953,1,1,unassigned,23.0,23.0,0.0,1.0,0.0,0.0,0.040618956,0.0,1,0,0,1,0
47867,-1,0,3.7156136,0.9762379,1,1,unassigned,12.0,12.0,0.0,1.0,0.0,0.0,0.01934236,0.0,0,0,0,1,1
47868,-1,1,-0.9185977,0.2852437,0,1,unassigned,15.0,15.0,0.0,1.0,0.0,0.0,0.025145067,0.0,1,0,0,0,0
47869,0,0,-0.58833796,0.3570163,0,0,test,11.0,11.0,0.0,1.0,0.0,0.0,0.017408123,0.0,0,0,1,0,0
47870,-1,1,-0.19345257,0.4517871,0,1,unassigned,11.0,11.0,0.0,1.0,0.0,0.0,0.017408123,0.0,1,0,0,0,0
47871,-1,0,-0.5015633,0.37717333,0,1,unassigned,5.0,4.0,1.0,0.8,0.2,0.19999999,0.0058027077,0.0011605415,0,0,0,0,0
47872,-1,1,1.927845,0.8730107,1,1,unassigned,16.0,15.0,1.0,0.9375,0.0625,0.0625,0.027079303,0.0016924564,1,0,0,1,0
47873,-1,1,2.469136,0.9219497,1,1,unassigned,21.0,21.0,0.0,1.0,0.0,0.0,0.036750484,0.0,1,0,0,1,1
47874,-1,1,3.0054862,0.9528214,1,1,unassigned,14.0,14.0,0.0,1.0,0.0,0.0,0.023210831,0.0,1,0,0,1,1
47875,1,1,2.6044939,0.93115026,1,0,test,34.0,30.0,4.0,0.88235295,0.11764706,0.11764705,0.061895553,0.0072818296,1,0,1,1,1
47876,-1,1,5.3497276,0.99527305,1,1,unassigned,77.0,62.0,15.0,0.8051948,0.19480519,0.1948052,0.14506769,0.028259939,1,0,0,1,1
47877,-1,1,2.2601886,0.9055258,1,1,unassigned,19.0,19.0,0.0,1.0,0.0,0.0,0.032882012,0.0,1,0,0,1,1
47878,-1,1,0.31790328,0.5788132,1,1,unassigned,26.0,26.0,0.0,1.0,0.0,0.0,0.046421662,0.0,1,0,0,1,0
47879,-1,1,0.7141575,0.6713191,1,1,unassigned,12.0,9.0,3.0,0.75,0.25,0.25,0.01934236,0.00483559,1,0,0,1,0
47880,1,0,-0.4028658,0.40062398,0,1,unassigned,16.0,16.0,0.0,1.0,0.0,0.0,0.027079303,0.0,0,0,0,0,0
47881,-1,1,1.6130569,0.83383536,1,1,unassigned,8.0,8.0,0.0,1.0,0.0,0.0,0.0116054155,0.0,1,0,0,1,0
47882,-1,1,3.963889,0.9813648,1,1,unassigned,5.0,5.0,0.0,1.0,0.0,0.0,0.0058027077,0.0,1,0,0,1,1
47883,-1,1,0.28366226,0.5704438,1,1,unassigned,47.0,47.0,0.0,1.0,0.0,0.0,0.08704062,0.0,1,0,0,1,0
47884,-1,1,0.71824306,0.67222,1,1,unassigned,43.0,40.0,3.0,0.9302326,0.069767445,0.069767416,0.079303674,0.0055328147,1,0,0,1,0
47885,-1,1,2.6322992,0.93291163,1,1,unassigned,8.0,7.0,1.0,0.875,0.125,0.125,0.0116054155,0.0014506769,1,0,0,1,1
47886,-1,1,3.8585026,0.97933644,1,1,unassigned,8.0,8.0,0.0,1.0,0.0,0.0,0.0116054155,0.0,1,0,0,1,1
47887,-1,1,1.7178664,0.84785384,1,1,unassigned,45.0,42.0,3.0,0.93333334,0.06666667,0.06666666,0.08317215,0.00554481,1,0,0,1,0
47888,-1,1,-0.3178408,0.42120206,0,1,unassigned,131.0,130.0,1.0,0.99236643,0.007633588,0.007633567,0.24951644,0.0019047057,1,0,0,0,0
47889,-1,1,0.74544924,0.67818624,1,1,unassigned,10.0,10.0,0.0,1.0,0.0,0.0,0.015473888,0.0,1,0,0,1,0
47890,1,0,-0.4479503,0.38984826,0,1,val,2.0,2.0,0.0,1.0,0.0,0.0,0.0,0.0,0,0,0,0,0
47891,-1,0,3.7617795,0.97728556,1,1,unassigned,2.0,2.0,0.0,1.0,0.0,0.0,0.0,0.0,0,0,0,1,1
47892,-1,0,3.3152313,0.9649476,1,1,unassigned,17.0,17.0,0.0,1.0,0.0,0.0,0.029013539,0.0,0,0,0,1,1
47893,-1,1,2.1142466,0.89228016,1,1,unassigned,4.0,4.0,0.0,1.0,0.0,0.0,0.003868472,0.0,1,0,0,1,0
47894,-1,0,1.6065774,0.83293563,1,1,unassigned,30.0,30.0,0.0,1.0,0.0,0.0,0.054158606,0.0,0,0,0,1,0
47895,-1,1,-2.6898422,0.06357541,0,1,unassigned,7.0,6.0,1.0,0.85714287,0.14285715,0.14285713,0.00967118,0.0013815971,1,0,0,0,1
47896,-1,0,0.46866137,0.6150669,1,1,unassigned,8.0,8.0,0.0,1.0,0.0,0.0,0.0116054155,0.0,0,0,0,1,0
47897,-1,0,1.9767277,0.8783319,1,1,unassigned,18.0,17.0,1.0,0.9444444,0.055555556,0.055555582,0.030947777,0.0017193209,0,0,0,1,0
47898,-1,0,1.6565711,0.8397772,1,1,unassigned,38.0,34.0,4.0,0.8947368,0.10526316,0.10526317,0.06963249,0.0073297364,0,0,0,1,0
47899,-1,0,1.7654817,0.8538949,1,1,unassigned,13.0,13.0,0.0,1.0,0.0,0.0,0.021276595,0.0,0,0,0,1,0
47900,-1,0,-0.58562726,0.35763878,0,1,unassigned,23.0,23.0,0.0,1.0,0.0,0.0,0.040618956,0.0,0,0,0,0,0
47901,-1,1,0.20528358,0.55114144,1,1,unassigned,21.0,21.0,0.0,1.0,0.0,0.0,0.036750484,0.0,1,0,0,1,0
47902,0,0,3.2967272,0.9643163,1,1,test,5.0,4.0,1.0,0.8,0.2,0.19999999,0.0058027077,0.0011605415,0,0,0,1,1
47903,-1,0,-0.7584063,0.3189924,0,1,unassigned,4.0,4.0,0.0,1.0,0.0,0.0,0.003868472,0.0,0,0,0,0,0
47904,-1,1,0.64685696,0.65630186,1,1,unassigned,6.0,4.0,2.0,0.6666667,0.33333334,0.3333333,0.007736944,0.0025789815,1,0,0,1,0
47905,-1,1,3.4413307,0.9689716,1,1,unassigned,23.0,20.0,3.0,0.8695652,0.13043478,0.13043481,0.040618956,0.0052981246,1,0,0,1,1
47906,-1,0,2.7582338,0.9403767,1,1,unassigned,4.0,4.0,0.0,1.0,0.0,0.0,0.003868472,0.0,0,0,0,1,1
47907,-1,1,2.1361654,0.8943689,1,1,unassigned,21.0,14.0,7.0,0.6666667,0.33333334,0.3333333,0.036750484,0.012250162,1,0,0,1,0
47908,-1,1,-0.10751581,0.47314692,0,1,unassigned,25.0,25.0,0.0,1.0,0.0,0.0,0.044487428,0.0,1,0,0,0,0
47909,-1,0,0.36395842,0.5899983,1,1,unassigned,8.0,8.0,0.0,1.0,0.0,0.0,0.0116054155,0.0,0,0,0,1,0
47910,-1,0,2.434685,0.91943425,1,1,unassigned,3.0,3.0,0.0,1.0,0.0,0.0,0.001934236,0.0,0,0,0,1,1
47911,-1,0,-0.080423,0.47990507,0,1,unassigned,9.0,9.0,0.0,1.0,0.0,0.0,0.013539651,0.0,0,0,0,0,0
47912,-1,1,2.3316915,0.91146797,1,1,unassigned,24.0,24.0,0.0,1.0,0.0,0.0,0.04255319,0.0,1,0,0,1,1
47913,-1,0,0.24203086,0.5602141,1,1,unassigned,12.0,10.0,2.0,0.8333333,0.16666667,0.16666669,0.01934236,0.0032237265,0,0,0,1,0
47914,-1,1,0.94746476,0.720605,1,1,unassigned,16.0,15.0,1.0,0.9375,0.0625,0.0625,0.027079303,0.0016924564,1,0,0,1,0
47915,-1,1,-0.052722216,0.48682252,0,1,unassigned,17.0,17.0,0.0,1.0,0.0,0.0,0.029013539,0.0,1,0,0,0,0
47916,-1,1,4.943237,0.992919,1,1,unassigned,35.0,35.0,0.0,1.0,0.0,0.0,0.06382979,0.0,1,0,0,1,1
47917,-1,1,1.4839795,0.8151729,1,1,unassigned,33.0,33.0,0.0,1.0,0.0,0.0,0.059961315,0.0,1,0,0,1,0
47918,0,1,-0.53513867,0.36931917,0,0,unassigned,22.0,21.0,1.0,0.95454544,0.045454547,0.04545456,0.03868472,0.0017583964,1,0,1,0,0
47919,-1,0,1.1005354,0.7503604,1,1,unassigned,3.0,3.0,0.0,1.0,0.0,0.0,0.001934236,0.0,0,0,0,1,0
47920,-1,1,0.33266193,0.5824069,1,1,unassigned,10.0,9.0,1.0,0.9,0.1,0.100000024,0.015473888,0.0015473888,1,0,0,1,0
47921,-1,1,-0.7338042,0.32436046,0,1,unassigned,59.0,58.0,1.0,0.9830508,0.016949153,0.016949177,0.11025145,0.0018686686,1,0,0,0,0
47922,-1,1,0.9413608,0.7193744,1,1,unassigned,35.0,34.0,1.0,0.9714286,0.028571429,0.028571427,0.06382979,0.0018237082,1,0,0,1,0
47923,-1,1,-0.21947104,0.44535142,0,1,unassigned,25.0,23.0,2.0,0.92,0.08,0.07999998,0.044487428,0.003558994,1,0,0,0,0
47924,-1,1,-0.4024027,0.40073523,0,1,unassigned,4.0,4.0,0.0,1.0,0.0,0.0,0.003868472,0.0,1,0,0,0,0
47925,-1,1,-0.89490783,0.29009807,0,1,unassigned,15.0,14.0,1.0,0.93333334,0.06666667,0.06666666,0.025145067,0.0016763379,1,0,0,0,0
47926,-1,1,1.0753343,0.74561006,1,1,unassigned,8.0,8.0,0.0,1.0,0.0,0.0,0.0116054155,0.0,1,0,0,1,0
47927,-1,1,0.40809232,0.60063034,1,1,unassigned,10.0,7.0,3.0,0.7,0.3,0.3,0.015473888,0.0046421667,1,0,0,1,0
47928,-1,0,0.103191376,0.52577496,1,1,unassigned,4.0,4.0,0.0,1.0,0.0,0.0,0.003868472,0.0,0,0,0,1,0
47929,-1,1,0.6215709,0.6505757,1,1,unassigned,2.0,2.0,0.0,1.0,0.0,0.0,0.0,0.0,1,0,0,1,0
47930,-1,0,2.0204237,0.88292485,1,1,unassigned,6.0,6.0,0.0,1.0,0.0,0.0,0.007736944,0.0,0,0,0,1,0
47931,-1,1,1.5571115,0.8259385,1,1,unassigned,21.0,19.0,2.0,0.9047619,0.0952381,0.09523809,0.036750484,0.0035000462,1,0,0,1,0
47932,0,1,0.0066913366,0.50167286,1,1,unassigned,24.0,24.0,0.0,1.0,0.0,0.0,0.04255319,0.0,1,0,0,1,0
47933,-1,1,2.8103557,0.94323283,1,1,unassigned,21.0,20.0,1.0,0.95238096,0.04761905,0.047619045,0.036750484,0.0017500231,1,0,0,1,1
47934,-1,0,5.532949,0.99606127,1,1,unassigned,3.0,3.0,0.0,1.0,0.0,0.0,0.001934236,0.0,0,0,0,1,1
47935,-1,0,0.15608376,0.5389419,1,1,unassigned,2.0,2.0,0.0,1.0,0.0,0.0,0.0,0.0,0,0,0,1,0
47936,-1,1,1.9672983,0.8773206,1,1,unassigned,16.0,14.0,2.0,0.875,0.125,0.125,0.027079303,0.0033849129,1,0,0,1,0
47937,-1,1,1.0736468,0.7452898,1,1,unassigned,54.0,54.0,0.0,1.0,0.0,0.0,0.10058027,0.0,1,0,0,1,0
47938,-1,1,0.08377296,0.520931,1,1,unassigned,20.0,14.0,6.0,0.7,0.3,0.3,0.034816246,0.010444874,1,0,0,1,0
47939,-1,1,4.907987,0.9926668,1,1,unassigned,16.0,14.0,2.0,0.875,0.125,0.125,0.027079303,0.0033849129,1,0,0,1,1
47940,-1,1,0.665417,0.6604762,1,1,unassigned,69.0,66.0,3.0,0.95652175,0.04347826,0.04347825,0.1295938,0.005634513,1,0,0,1,0
47941,-1,1,0.43484443,0.6070299,1,1,unassigned,25.0,25.0,0.0,1.0,0.0,0.0,0.044487428,0.0,1,0,0,1,0
47942,-1,0,2.5199003,0.92552525,1,1,unassigned,2.0,2.0,0.0,1.0,0.0,0.0,0.0,0.0,0,0,0,1,1
47943,-1,1,-0.45899916,0.38722327,0,1,unassigned,44.0,43.0,1.0,0.97727275,0.022727273,0.022727251,0.08123791,0.0018463163,1,0,0,0,0
47944,-1,1,-0.50086015,0.37733856,0,1,unassigned,12.0,11.0,1.0,0.9166667,0.083333336,0.08333331,0.01934236,0.0016118633,1,0,0,0,0
47945,-1,0,-0.015369415,0.4961577,0,1,unassigned,2.0,2.0,0.0,1.0,0.0,0.0,0.0,0.0,0,0,0,0,0
47946,-1,0,-0.23805785,0.44076502,0,1,unassigned,7.0,7.0,0.0,1.0,0.0,0.0,0.00967118,0.0,0,0,0,0,0
47947,-1,1,0.17985171,0.5448421,1,1,unassigned,7.0,1.0,6.0,0.14285715,0.85714287,0.85714287,0.00967118,0.008289583,1,1,0,1,0
47948,-1,1,0.3537355,0.5875231,1,1,unassigned,2.0,2.0,0.0,1.0,0.0,0.0,0.0,0.0,1,0,0,1,0
47949,-1,0,-0.8949175,0.29009607,0,1,unassigned,24.0,24.0,0.0,1.0,0.0,0.0,0.04255319,0.0,0,0,0,0,0
47950,-1,0,3.2856352,0.9639327,1,1,unassigned,6.0,6.0,0.0,1.0,0.0,0.0,0.007736944,0.0,0,0,0,1,1
47951,-1,0,5.4779315,0.9958395,1,1,unassigned,3.0,2.0,1.0,0.6666667,0.33333334,0.3333333,0.001934236,0.00064474536,0,0,0,1,1
47952,1,0,9.095011,0.9998878,1,0,test,7.0,7.0,0.0,1.0,0.0,0.0,0.00967118,0.0,0,0,1,1,1
47953,-1,1,-0.27901152,0.43069613,0,1,unassigned,22.0,20.0,2.0,0.90909094,0.09090909,0.090909064,0.03868472,0.0035167928,1,0,0,0,0
47954,-1,0,1.5862527,0.83008826,1,1,unassigned,2.0,2.0,0.0,1.0,0.0,0.0,0.0,0.0,0,0,0,1,0
47955,-1,0,4.513925,0.9891634,1,1,unassigned,23.0,23.0,0.0,1.0,0.0,0.0,0.040618956,0.0,0,0,0,1,1
47956,-1,0,0.27462023,0.5682268,1,1,unassigned,28.0,28.0,0.0,1.0,0.0,0.0,0.050290134,0.0,0,0,0,1,0
47957,-1,0,5.100838,0.9939453,1,1,unassigned,51.0,51.0,0.0,1.0,0.0,0.0,0.09477756,0.0,0,0,0,1,1
47958,-1,1,-0.601167,0.35407674,0,1,unassigned,19.0,19.0,0.0,1.0,0.0,0.0,0.032882012,0.0,1,0,0,0,0
47959,-1,1,-0.810825,0.30771473,0,1,unassigned,77.0,75.0,2.0,0.97402596,0.025974026,0.025974035,0.14506769,0.003767992,1,0,0,0,0
47960,-1,0,-0.13965917,0.46514183,0,1,unassigned,7.0,7.0,0.0,1.0,0.0,0.0,0.00967118,0.0,0,0,0,0,0
47961,-1,0,-0.59657466,0.35512778,0,1,unassigned,21.0,11.0,10.0,0.52380955,0.47619048,0.47619045,0.036750484,0.017500231,0,0,0,0,0
47962,-1,0,-1.044234,0.26033387,0,1,unassigned,2.0,2.0,0.0,1.0,0.0,0.0,0.0,0.0,0,0,0,0,0
47963,-1,0,-0.6958848,0.33272523,0,1,unassigned,16.0,16.0,0.0,1.0,0.0,0.0,0.027079303,0.0,0,0,0,0,0
47964,0,1,0.36039454,0.58913594,1,1,unassigned,14.0,14.0,0.0,1.0,0.0,0.0,0.023210831,0.0,1,0,0,1,0
47965,-1,0,0.7114492,0.6707213,1,1,unassigned,7.0,7.0,0.0,1.0,0.0,0.0,0.00967118,0.0,0,0,0,1,0
47966,-1,0,1.0746202,0.7454746,1,1,unassigned,3.0,3.0,0.0,1.0,0.0,0.0,0.001934236,0.0,0,0,0,1,0
47967,-1,0,1.2518709,0.7776236,1,1,unassigned,3.0,3.0,0.0,1.0,0.0,0.0,0.001934236,0.0,0,0,0,1,0
47968,-1,0,0.93746215,0.71858674,1,1,unassigned,3.0,3.0,0.0,1.0,0.0,0.0,0.001934236,0.0,0,0,0,1,0
47969,1,1,3.7535408,0.977102,1,0,test,14.0,14.0,0.0,1.0,0.0,0.0,0.023210831,0.0,1,0,1,1,1
47970,-1,1,1.4660885,0.8124621,1,1,unassigned,14.0,14.0,0.0,1.0,0.0,0.0,0.023210831,0.0,1,0,0,1,0
47971,-1,1,-0.37681782,0.40689462,0,1,unassigned,44.0,43.0,1.0,0.97727275,0.022727273,0.022727251,0.08123791,0.0018463163,1,0,0,0,0
47972,1,1,2.1345227,0.8942136,1,0,val,12.0,10.0,2.0,0.8333333,0.16666667,0.16666669,0.01934236,0.0032237265,1,0,1,1,0
47973,-1,0,1.6772938,0.84254587,1,1,unassigned,13.0,12.0,1.0,0.9230769,0.07692308,0.07692307,0.021276595,0.0016366612,0,0,0,1,0
47974,-1,0,-0.14431098,0.46398473,0,1,unassigned,7.0,7.0,0.0,1.0,0.0,0.0,0.00967118,0.0,0,0,0,0,0
47975,0,0,-0.8406241,0.30140334,0,0,unassigned,15.0,13.0,2.0,0.8666667,0.13333334,0.13333333,0.025145067,0.0033526758,0,0,1,0,0
47976,-1,0,0.25504148,0.563417,1,1,unassigned,17.0,17.0,0.0,1.0,0.0,0.0,0.029013539,0.0,0,0,0,1,0
47977,-1,0,9.941629,0.99995184,1,1,unassigned,2.0,2.0,0.0,1.0,0.0,0.0,0.0,0.0,0,0,0,1,1
47978,0,0,-0.51560235,0.37388113,0,0,unassigned,8.0,6.0,2.0,0.75,0.25,0.25,0.0116054155,0.0029013539,0,0,1,0,0
47979,0,0,0.23033041,0.55732936,1,1,unassigned,13.0,13.0,0.0,1.0,0.0,0.0,0.021276595,0.0,0,0,0,1,0
47980,1,0,-0.08369812,0.47908765,0,1,train,12.0,12.0,0.0,1.0,0.0,0.0,0.01934236,0.0,0,0,0,0,0
47981,-1,0,2.9436867,0.9499642,1,1,unassigned,7.0,6.0,1.0,0.85714287,0.14285715,0.14285713,0.00967118,0.0013815971,0,0,0,1,1
47982,-1,0,1.5688102,0.82761395,1,1,unassigned,6.0,6.0,0.0,1.0,0.0,0.0,0.007736944,0.0,0,0,0,1,0
47983,-1,1,4.899492,0.99260473,1,1,unassigned,19.0,18.0,1.0,0.94736844,0.05263158,0.052631557,0.032882012,0.0017306323,1,0,0,1,1
47984,-1,0,1.6193559,0.8347063,1,1,unassigned,4.0,4.0,0.0,1.0,0.0,0.0,0.003868472,0.0,0,0,0,1,0
47985,-1,0,4.3126063,0.9867786,1,1,unassigned,7.0,7.0,0.0,1.0,0.0,0.0,0.00967118,0.0,0,0,0,1,1
47986,-1,0,-0.6253948,0.34855548,0,1,unassigned,3.0,3.0,0.0,1.0,0.0,0.0,0.001934236,0.0,0,0,0,0,0
47987,-1,1,1.372813,0.7978343,1,1,unassigned,7.0,6.0,1.0,0.85714287,0.14285715,0.14285713,0.00967118,0.0013815971,1,0,0,1,0
47988,-1,0,1.7047904,0.84615934,1,1,unassigned,4.0,4.0,0.0,1.0,0.0,0.0,0.003868472,0.0,0,0,0,1,0
47989,-1,0,1.6186728,0.834612,1,1,unassigned,2.0,2.0,0.0,1.0,0.0,0.0,0.0,0.0,0,0,0,1,0
47990,-1,0,0.7461477,0.6783387,1,1,unassigned,3.0,3.0,0.0,1.0,0.0,0.0,0.001934236,0.0,0,0,0,1,0
47991,-1,1,-0.41521892,0.3976614,0,1,unassigned,6.0,3.0,3.0,0.5,0.5,0.5,0.007736944,0.003868472,1,0,0,0,0
47992,-1,1,-0.36634114,0.40942544,0,1,unassigned,5.0,5.0,0.0,1.0,0.0,0.0,0.0058027077,0.0,1,0,0,0,0
47993,1,0,-0.5013673,0.3772194,0,1,unassigned,24.0,24.0,0.0,1.0,0.0,0.0,0.04255319,0.0,0,0,0,0,0
47994,-1,0,-0.36912036,0.4087536,0,1,unassigned,2.0,2.0,0.0,1.0,0.0,0.0,0.0,0.0,0,0,0,0,0
47995,-1,0,-0.015444994,0.4961388,0,1,unassigned,2.0,2.0,0.0,1.0,0.0,0.0,0.0,0.0,0,0,0,0,0
47996,-1,0,3.2429738,0.9624198,1,1,unassigned,2.0,2.0,0.0,1.0,0.0,0.0,0.0,0.0,0,0,0,1,1
47997,-1,0,1.6943295,0.84479266,1,1,unassigned,2.0,2.0,0.0,1.0,0.0,0.0,0.0,0.0,0,0,0,1,0
47998,-1,0,2.668941,0.93516886,1,1,unassigned,2.0,2.0,0.0,1.0,0.0,0.0,0.0,0.0,0,0,0,1,1
47999,-1,0,-0.26371288,0.4344512,0,1,unassigned,17.0,17.0,0.0,1.0,0.0,0.0,0.029013539,0.0,0,0,0,0,0
48000,-1,0,-0.34791058,0.41388917,0,1,unassigned,20.0,20.0,0.0,1.0,0.0,0.0,0.034816246,0.0,0,0,0,0,0
48001,-1,1,0.79257447,0.6883838,1,1,unassigned,9.0,7.0,2.0,0.7777778,0.22222222,0.22222221,0.013539651,0.0030088115,1,0,0,1,0
48002,-1,0,4.0389585,0.98268914,1,1,unassigned,4.0,4.0,0.0,1.0,0.0,0.0,0.003868472,0.0,0,0,0,1,1
48003,-1,1,1.326237,0.7902175,1,1,unassigned,9.0,8.0,1.0,0.8888889,0.11111111,0.111111104,0.013539651,0.0015044058,1,0,0,1,0
48004,-1,0,0.5162843,0.6262785,1,1,unassigned,19.0,18.0,1.0,0.94736844,0.05263158,0.052631557,0.032882012,0.0017306323,0,0,0,1,0
48005,1,0,1.3402386,0.79252917,1,0,test,6.0,6.0,0.0,1.0,0.0,0.0,0.007736944,0.0,0,0,1,1,0
48006,-1,0,1.9932454,0.88008606,1,1,unassigned,3.0,3.0,0.0,1.0,0.0,0.0,0.001934236,0.0,0,0,0,1,0
48007,-1,0,-1.016314,0.265746,0,1,unassigned,8.0,8.0,0.0,1.0,0.0,0.0,0.0116054155,0.0,0,0,0,0,0
48008,-1,1,-0.42590752,0.395104,0,1,unassigned,3.0,2.0,1.0,0.6666667,0.33333334,0.3333333,0.001934236,0.00064474536,1,0,0,0,0
48009,-1,0,-0.33062547,0.41808847,0,1,unassigned,2.0,2.0,0.0,1.0,0.0,0.0,0.0,0.0,0,0,0,0,0
48010,-1,0,2.8931506,0.9475068,1,1,unassigned,11.0,10.0,1.0,0.90909094,0.09090909,0.090909064,0.017408123,0.0015825568,0,0,0,1,1
48011,-1,0,-0.7302584,0.32513803,0,1,unassigned,3.0,3.0,0.0,1.0,0.0,0.0,0.001934236,0.0,0,0,0,0,0
48012,-1,0,1.9665644,0.8772416,1,1,unassigned,2.0,2.0,0.0,1.0,0.0,0.0,0.0,0.0,0,0,0,1,0
48013,-1,0,3.9648507,0.98138237,1,1,unassigned,3.0,3.0,0.0,1.0,0.0,0.0,0.001934236,0.0,0,0,0,1,1
48014,-1,0,4.453363,0.9884946,1,1,unassigned,2.0,2.0,0.0,1.0,0.0,0.0,0.0,0.0,0,0,0,1,1
48015,-1,0,1.6297004,0.8361286,1,1,unassigned,25.0,25.0,0.0,1.0,0.0,0.0,0.044487428,0.0,0,0,0,1,0
48016,-1,1,3.395256,0.9675559,1,1,unassigned,4.0,4.0,0.0,1.0,0.0,0.0,0.003868472,0.0,1,0,0,1,1
48017,-1,1,3.150077,0.9589118,1,1,unassigned,23.0,23.0,0.0,1.0,0.0,0.0,0.040618956,0.0,1,0,0,1,1
48018,-1,1,4.98465,0.99320436,1,1,unassigned,3.0,3.0,0.0,1.0,0.0,0.0,0.001934236,0.0,1,0,0,1,1
48019,-1,1,2.086195,0.8895542,1,1,unassigned,13.0,8.0,5.0,0.61538464,0.3846154,0.38461536,0.021276595,0.008183306,1,0,0,1,0
48020,-1,0,0.07424563,0.5185529,1,1,unassigned,12.0,12.0,0.0,1.0,0.0,0.0,0.01934236,0.0,0,0,0,1,0
48021,0,1,-0.48508433,0.38105226,0,0,test,38.0,38.0,0.0,1.0,0.0,0.0,0.06963249,0.0,1,0,1,0,0
48022,-1,1,-0.7111296,0.32934928,0,1,unassigned,122.0,119.0,3.0,0.97540987,0.024590164,0.024590135,0.23210831,0.0057075815,1,0,0,0,0
48023,-1,0,2.5441713,0.927181,1,1,unassigned,6.0,4.0,2.0,0.6666667,0.33333334,0.3333333,0.007736944,0.0025789815,0,0,0,1,1
48024,-1,0,-0.53870857,0.36848804,0,1,unassigned,13.0,13.0,0.0,1.0,0.0,0.0,0.021276595,0.0,0,0,0,0,0
48025,-1,0,-0.2441783,0.4392569,0,1,unassigned,5.0,5.0,0.0,1.0,0.0,0.0,0.0058027077,0.0,0,0,0,0,0
48026,-1,1,9.123182,0.9998909,1,1,unassigned,3.0,2.0,1.0,0.6666667,0.33333334,0.3333333,0.001934236,0.00064474536,1,0,0,1,1
48027,-1,0,5.9615593,0.99743074,1,1,unassigned,2.0,2.0,0.0,1.0,0.0,0.0,0.0,0.0,0,0,0,1,1
48028,-1,1,-0.43870905,0.39204863,0,1,unassigned,13.0,13.0,0.0,1.0,0.0,0.0,0.021276595,0.0,1,0,0,0,0
48029,-1,1,3.0466352,0.9546371,1,1,unassigned,3.0,3.0,0.0,1.0,0.0,0.0,0.001934236,0.0,1,0,0,1,1
48030,-1,0,0.8375084,0.6979402,1,1,unassigned,2.0,2.0,0.0,1.0,0.0,0.0,0.0,0.0,0,0,0,1,0
48031,-1,0,6.8065877,0.99889475,1,1,unassigned,9.0,9.0,0.0,1.0,0.0,0.0,0.013539651,0.0,0,0,0,1,1
48032,-1,0,11.348607,0.9999882,1,1,unassigned,3.0,3.0,0.0,1.0,0.0,0.0,0.001934236,0.0,0,0,0,1,1
48033,-1,0,2.450476,0.9205962,1,1,unassigned,3.0,3.0,0.0,1.0,0.0,0.0,0.001934236,0.0,0,0,0,1,1
48034,1,1,7.3929086,0.99938476,1,0,unassigned,43.0,37.0,6.0,0.8604651,0.13953489,0.13953489,0.079303674,0.011065629,1,0,1,1,1
48035,-1,0,12.81657,0.99999726,1,1,unassigned,3.0,2.0,1.0,0.6666667,0.33333334,0.3333333,0.001934236,0.00064474536,0,0,0,1,1
48036,-1,1,8.839977,0.99985516,1,1,unassigned,9.0,9.0,0.0,1.0,0.0,0.0,0.013539651,0.0,1,0,0,1,1
48037,-1,0,-0.24062821,0.44013155,0,1,unassigned,31.0,30.0,1.0,0.9677419,0.032258064,0.032258093,0.056092843,0.0018094465,0,0,0,0,0
48038,-1,0,-0.014531314,0.49636722,0,1,unassigned,2.0,1.0,1.0,0.5,0.5,0.5,0.0,0.0,0,0,0,0,0
48039,-1,1,3.2018123,0.9609024,1,1,unassigned,14.0,13.0,1.0,0.9285714,0.071428575,0.0714286,0.023210831,0.0016579166,1,0,0,1,1
48040,-1,0,0.008743703,0.50218594,1,1,unassigned,7.0,7.0,0.0,1.0,0.0,0.0,0.00967118,0.0,0,0,0,1,0
48041,-1,1,4.506643,0.989085,1,1,unassigned,8.0,8.0,0.0,1.0,0.0,0.0,0.0116054155,0.0,1,0,0,1,1
48042,-1,0,10.494207,0.99997234,1,1,unassigned,4.0,4.0,0.0,1.0,0.0,0.0,0.003868472,0.0,0,0,0,1,1
48043,-1,0,10.554413,0.9999739,1,1,unassigned,2.0,2.0,0.0,1.0,0.0,0.0,0.0,0.0,0,0,0,1,1
48044,-1,1,2.5510294,0.9276426,1,1,unassigned,5.0,3.0,2.0,0.6,0.4,0.39999998,0.0058027077,0.002321083,1,0,0,1,1
48045,-1,0,0.33185095,0.58220965,1,1,unassigned,3.0,3.0,0.0,1.0,0.0,0.0,0.001934236,0.0,0,0,0,1,0
48046,-1,0,-0.49722898,0.3781921,0,1,unassigned,4.0,3.0,1.0,0.75,0.25,0.25,0.003868472,0.000967118,0,0,0,0,0
48047,-1,1,3.275567,0.963581,1,1,unassigned,16.0,16.0,0.0,1.0,0.0,0.0,0.027079303,0.0,1,0,0,1,1
48048,-1,1,1.9437096,0.87475914,1,1,unassigned,3.0,3.0,0.0,1.0,0.0,0.0,0.001934236,0.0,1,0,0,1,0
48049,-1,1,2.0254347,0.88344187,1,1,unassigned,43.0,43.0,0.0,1.0,0.0,0.0,0.079303674,0.0,1,0,0,1,0
48050,-1,1,2.7675939,0.9408994,1,1,unassigned,26.0,25.0,1.0,0.96153843,0.03846154,0.038461566,0.046421662,0.0017854486,1,0,0,1,1
48051,-1,1,-0.14862937,0.4629109,0,1,unassigned,12.0,11.0,1.0,0.9166667,0.083333336,0.08333331,0.01934236,0.0016118633,1,0,0,0,0
48052,-1,1,5.2524915,0.99479276,1,1,unassigned,51.0,48.0,3.0,0.9411765,0.05882353,0.058823526,0.09477756,0.0055751507,1,0,0,1,1
48053,-1,1,1.9372165,0.874046,1,1,unassigned,15.0,15.0,0.0,1.0,0.0,0.0,0.025145067,0.0,1,0,0,1,0
48054,1,0,2.1415703,0.8948784,1,0,unassigned,7.0,7.0,0.0,1.0,0.0,0.0,0.00967118,0.0,0,0,1,1,0
48055,-1,0,0.10917699,0.52726716,1,1,unassigned,2.0,2.0,0.0,1.0,0.0,0.0,0.0,0.0,0,0,0,1,0
48056,-1,1,5.179603,0.9944013,1,1,unassigned,10.0,10.0,0.0,1.0,0.0,0.0,0.015473888,0.0,1,0,0,1,1
48057,-1,0,3.3129313,0.9648698,1,1,unassigned,2.0,2.0,0.0,1.0,0.0,0.0,0.0,0.0,0,0,0,1,1
48058,1,0,0.33005244,0.5817721,1,0,unassigned,9.0,9.0,0.0,1.0,0.0,0.0,0.013539651,0.0,0,0,1,1,0
48059,-1,0,-0.29215574,0.4274762,0,1,unassigned,12.0,12.0,0.0,1.0,0.0,0.0,0.01934236,0.0,0,0,0,0,0
48060,-1,1,1.2410636,0.7757491,1,1,unassigned,5.0,5.0,0.0,1.0,0.0,0.0,0.0058027077,0.0,1,0,0,1,0
48061,-1,0,0.26218992,0.5651746,1,1,unassigned,2.0,2.0,0.0,1.0,0.0,0.0,0.0,0.0,0,0,0,1,0
48062,1,0,-0.5853948,0.3576922,0,1,unassigned,21.0,21.0,0.0,1.0,0.0,0.0,0.036750484,0.0,0,0,0,0,0
48063,-1,1,5.1543884,0.9942591,1,1,unassigned,33.0,23.0,10.0,0.6969697,0.3030303,0.3030303,0.059961315,0.018170096,1,0,0,1,1
48064,-1,0,3.3497686,0.96609724,1,1,unassigned,4.0,2.0,2.0,0.5,0.5,0.5,0.003868472,0.001934236,0,0,0,1,1
48065,-1,1,3.044419,0.95454097,1,1,unassigned,8.0,8.0,0.0,1.0,0.0,0.0,0.0116054155,0.0,1,0,0,1,1
48066,-1,1,4.4848285,0.9888469,1,1,unassigned,7.0,6.0,1.0,0.85714287,0.14285715,0.14285713,0.00967118,0.0013815971,1,0,0,1,1
48067,-1,1,3.092993,0.9566028,1,1,unassigned,17.0,17.0,0.0,1.0,0.0,0.0,0.029013539,0.0,1,0,0,1,1
48068,-1,1,6.4622445,0.99844116,1,1,unassigned,10.0,7.0,3.0,0.7,0.3,0.3,0.015473888,0.0046421667,1,0,0,1,1
48069,-1,1,8.161282,0.99971455,1,1,unassigned,8.0,7.0,1.0,0.875,0.125,0.125,0.0116054155,0.0014506769,1,0,0,1,1
48070,-1,1,-0.75876653,0.31891412,0,1,unassigned,25.0,24.0,1.0,0.96,0.04,0.04000002,0.044487428,0.001779497,1,0,0,0,0
48071,-1,1,4.5062327,0.98908055,1,1,unassigned,25.0,25.0,0.0,1.0,0.0,0.0,0.044487428,0.0,1,0,0,1,1
48072,-1,1,2.0280252,0.8837083,1,1,unassigned,13.0,13.0,0.0,1.0,0.0,0.0,0.021276595,0.0,1,0,0,1,0
48073,-1,1,-0.04488182,0.48878145,0,1,unassigned,26.0,26.0,0.0,1.0,0.0,0.0,0.046421662,0.0,1,0,0,0,0
48074,-1,1,1.7180581,0.8478785,1,1,unassigned,25.0,24.0,1.0,0.96,0.04,0.04000002,0.044487428,0.001779497,1,0,0,1,0
48075,-1,1,1.924171,0.87260276,1,1,unassigned,45.0,44.0,1.0,0.9777778,0.022222223,0.02222222,0.08317215,0.0018482701,1,0,0,1,0
48076,-1,0,2.782142,0.94170314,1,1,unassigned,10.0,4.0,6.0,0.4,0.6,0.6,0.015473888,0.009284333,0,0,0,1,1
48077,-1,1,4.2311354,0.98567235,1,1,unassigned,42.0,39.0,3.0,0.9285714,0.071428575,0.0714286,0.07736944,0.0055263885,1,0,0,1,1
48078,-1,0,5.036129,0.99354315,1,1,unassigned,10.0,9.0,1.0,0.9,0.1,0.100000024,0.015473888,0.0015473888,0,0,0,1,1
48079,-1,1,4.7607203,0.9915132,1,1,unassigned,4.0,3.0,1.0,0.75,0.25,0.25,0.003868472,0.000967118,1,0,0,1,1
48080,1,1,-0.7505594,0.32069942,0,1,val,73.0,71.0,2.0,0.9726027,0.02739726,0.027397275,0.13733076,0.0037624864,1,0,0,0,0
48081,-1,1,-0.4025123,0.40070888,0,1,unassigned,38.0,37.0,1.0,0.9736842,0.02631579,0.026315808,0.06963249,0.0018324341,1,0,0,0,0
48082,-1,1,0.45788318,0.61251193,1,1,unassigned,25.0,24.0,1.0,0.96,0.04,0.04000002,0.044487428,0.001779497,1,0,0,1,0
48083,1,0,2.8409903,0.9448511,1,0,test,17.0,15.0,2.0,0.88235295,0.11764706,0.11764705,0.029013539,0.0034133575,0,0,1,1,1
48084,-1,1,-0.16856453,0.45795834,0,1,unassigned,29.0,27.0,2.0,0.9310345,0.06896552,0.068965495,0.05222437,0.0036016807,1,0,0,0,0
48085,-1,0,2.3483546,0.91280335,1,1,unassigned,5.0,4.0,1.0,0.8,0.2,0.19999999,0.0058027077,0.0011605415,0,0,0,1,1
48086,1,1,1.7498939,0.85193944,1,0,val,2.0,2.0,0.0,1.0,0.0,0.0,0.0,0.0,1,0,1,1,0
48087,-1,1,3.9771178,0.9816051,1,1,unassigned,16.0,16.0,0.0,1.0,0.0,0.0,0.027079303,0.0,1,0,0,1,1
48088,-1,0,0.15649277,0.5390436,1,1,unassigned,2.0,2.0,0.0,1.0,0.0,0.0,0.0,0.0,0,0,0,1,0
48089,-1,0,1.062427,0.74315405,1,1,unassigned,10.0,10.0,0.0,1.0,0.0,0.0,0.015473888,0.0,0,0,0,1,0
48090,-1,1,0.53261787,0.63009346,1,1,unassigned,20.0,13.0,7.0,0.65,0.35,0.35000002,0.034816246,0.012185686,1,0,0,1,0
48091,-1,0,6.4526258,0.9984261,1,1,unassigned,3.0,3.0,0.0,1.0,0.0,0.0,0.001934236,0.0,0,0,0,1,1
48092,-1,0,-0.12312251,0.46925822,0,1,unassigned,2.0,2.0,0.0,1.0,0.0,0.0,0.0,0.0,0,0,0,0,0
48093,-1,1,3.944877,0.98101383,1,1,unassigned,5.0,2.0,3.0,0.4,0.6,0.6,0.0058027077,0.0034816249,1,0,0,1,1
48094,-1,0,0.20528251,0.5511412,1,1,unassigned,6.0,6.0,0.0,1.0,0.0,0.0,0.007736944,0.0,0,0,0,1,0
48095,-1,1,2.4216955,0.9184668,1,1,unassigned,3.0,3.0,0.0,1.0,0.0,0.0,0.001934236,0.0,1,0,0,1,1
48096,-1,1,-0.9386925,0.28116453,0,1,unassigned,2.0,2.0,0.0,1.0,0.0,0.0,0.0,0.0,1,0,0,0,0
48097,-1,1,1.7523458,0.85224843,1,1,unassigned,2.0,1.0,1.0,0.5,0.5,0.5,0.0,0.0,1,0,0,1,0
48098,-1,1,4.334319,0.98705894,1,1,unassigned,6.0,6.0,0.0,1.0,0.0,0.0,0.007736944,0.0,1,0,0,1,1
48099,-1,1,7.9635377,0.99965215,1,1,unassigned,29.0,25.0,4.0,0.86206895,0.13793103,0.13793105,0.05222437,0.0072033615,1,0,0,1,1
48100,-1,1,2.4184825,0.9182259,1,1,unassigned,8.0,6.0,2.0,0.75,0.25,0.25,0.0116054155,0.0029013539,1,0,0,1,1
48101,-1,1,5.5003343,0.9959312,1,1,unassigned,12.0,8.0,4.0,0.6666667,0.33333334,0.3333333,0.01934236,0.006447453,1,0,0,1,1
48102,-1,0,4.4324794,0.98825467,1,1,unassigned,10.0,8.0,2.0,0.8,0.2,0.19999999,0.015473888,0.0030947777,0,0,0,1,1
48103,-1,0,4.449208,0.9884471,1,1,unassigned,2.0,2.0,0.0,1.0,0.0,0.0,0.0,0.0,0,0,0,1,1
48104,-1,0,-0.08296466,0.4792707,0,1,unassigned,14.0,13.0,1.0,0.9285714,0.071428575,0.0714286,0.023210831,0.0016579166,0,0,0,0,0
48105,-1,1,3.3668573,0.9666526,1,1,unassigned,18.0,17.0,1.0,0.9444444,0.055555556,0.055555582,0.030947777,0.0017193209,1,0,0,1,1
48106,-1,1,4.8550076,0.99227095,1,1,unassigned,16.0,16.0,0.0,1.0,0.0,0.0,0.027079303,0.0,1,0,0,1,1
48107,-1,1,3.6864493,0.9755519,1,1,unassigned,42.0,40.0,2.0,0.95238096,0.04761905,0.047619045,0.07736944,0.003684259,1,0,0,1,1
48108,-1,1,1.01529,0.73405415,1,1,unassigned,33.0,32.0,1.0,0.969697,0.030303031,0.030303001,0.059961315,0.0018170096,1,0,0,1,0
48109,1,1,1.7420304,0.8509448,1,0,test,33.0,32.0,1.0,0.969697,0.030303031,0.030303001,0.059961315,0.0018170096,1,0,1,1,0
48110,-1,1,1.8383186,0.86274976,1,1,unassigned,17.0,17.0,0.0,1.0,0.0,0.0,0.029013539,0.0,1,0,0,1,0
48111,-1,1,1.1328342,0.75636154,1,1,unassigned,13.0,9.0,4.0,0.6923077,0.30769232,0.3076923,0.021276595,0.006546645,1,0,0,1,0
48112,-1,1,1.0748601,0.74552006,1,1,unassigned,15.0,15.0,0.0,1.0,0.0,0.0,0.025145067,0.0,1,0,0,1,0
48113,-1,1,1.179759,0.7649045,1,1,unassigned,15.0,15.0,0.0,1.0,0.0,0.0,0.025145067,0.0,1,0,0,1,0
48114,-1,1,-0.4533415,0.38856655,0,1,unassigned,69.0,68.0,1.0,0.98550725,0.014492754,0.01449275,0.1295938,0.0018781711,1,0,0,0,0
48115,-1,1,0.7448557,0.6780567,1,1,unassigned,13.0,13.0,0.0,1.0,0.0,0.0,0.021276595,0.0,1,0,0,1,0
48116,-1,0,5.3455215,0.9952532,1,1,unassigned,6.0,1.0,5.0,0.16666667,0.8333333,0.8333333,0.007736944,0.0064474535,0,0,0,1,1
48117,-1,1,6.466067,0.9984471,1,1,unassigned,2.0,1.0,1.0,0.5,0.5,0.5,0.0,0.0,1,0,0,1,1
48118,-1,1,0.5543197,0.63513726,1,1,unassigned,14.0,12.0,2.0,0.85714287,0.14285715,0.14285713,0.023210831,0.0033158332,1,0,0,1,0
48119,-1,0,13.627106,0.9999988,1,1,unassigned,2.0,2.0,0.0,1.0,0.0,0.0,0.0,0.0,0,0,0,1,1
48120,1,0,5.1550503,0.9942629,1,0,unassigned,5.0,5.0,0.0,1.0,0.0,0.0,0.0058027077,0.0,0,0,1,1,1
48121,1,1,1.5730455,0.8282174,1,0,unassigned,19.0,19.0,0.0,1.0,0.0,0.0,0.032882012,0.0,1,0,1,1,0
48122,-1,0,3.040241,0.95435935,1,1,unassigned,7.0,7.0,0.0,1.0,0.0,0.0,0.00967118,0.0,0,0,0,1,1
48123,-1,0,0.61167055,0.64832175,1,1,unassigned,2.0,1.0,1.0,0.5,0.5,0.5,0.0,0.0,0,0,0,1,0
48124,-1,0,0.39920264,0.598496,1,1,unassigned,9.0,9.0,0.0,1.0,0.0,0.0,0.013539651,0.0,0,0,0,1,0
48125,-1,0,2.5094118,0.924799,1,1,unassigned,15.0,15.0,0.0,1.0,0.0,0.0,0.025145067,0.0,0,0,0,1,1
48126,-1,0,0.4499182,0.6106198,1,1,unassigned,9.0,8.0,1.0,0.8888889,0.11111111,0.111111104,0.013539651,0.0015044058,0,0,0,1,0
48127,-1,0,0.47622567,0.6168562,1,1,unassigned,2.0,2.0,0.0,1.0,0.0,0.0,0.0,0.0,0,0,0,1,0
48128,-1,0,1.5953209,0.8313634,1,1,unassigned,4.0,4.0,0.0,1.0,0.0,0.0,0.003868472,0.0,0,0,0,1,0
48129,-1,1,2.0042248,0.88124,1,1,unassigned,34.0,32.0,2.0,0.9411765,0.05882353,0.058823526,0.061895553,0.0036409148,1,0,0,1,0
48130,-1,0,-0.29895866,0.42581204,0,1,unassigned,16.0,15.0,1.0,0.9375,0.0625,0.0625,0.027079303,0.0016924564,0,0,0,0,0
48131,-1,1,0.83933717,0.6983256,1,1,unassigned,14.0,14.0,0.0,1.0,0.0,0.0,0.023210831,0.0,1,0,0,1,0
48132,-1,0,1.6487234,0.8387185,1,1,unassigned,6.0,6.0,0.0,1.0,0.0,0.0,0.007736944,0.0,0,0,0,1,0
48133,-1,0,0.9751422,0.72614324,1,1,unassigned,3.0,3.0,0.0,1.0,0.0,0.0,0.001934236,0.0,0,0,0,1,0
48134,-1,1,-0.7302888,0.32513136,0,1,unassigned,69.0,69.0,0.0,1.0,0.0,0.0,0.1295938,0.0,1,0,0,0,0
48135,-1,0,0.010591388,0.5026478,1,1,unassigned,2.0,2.0,0.0,1.0,0.0,0.0,0.0,0.0,0,0,0,1,0
48136,-1,0,4.0871634,0.98349035,1,1,unassigned,4.0,4.0,0.0,1.0,0.0,0.0,0.003868472,0.0,0,0,0,1,1
48137,-1,0,-0.6154866,0.35080865,0,1,unassigned,7.0,7.0,0.0,1.0,0.0,0.0,0.00967118,0.0,0,0,0,0,0
48138,-1,1,5.40348,0.9955193,1,1,unassigned,7.0,6.0,1.0,0.85714287,0.14285715,0.14285713,0.00967118,0.0013815971,1,0,0,1,1
48139,0,1,-0.3511319,0.41310796,0,0,train,7.0,7.0,0.0,1.0,0.0,0.0,0.00967118,0.0,1,0,1,0,0
48140,-1,1,-0.6170348,0.35045615,0,1,unassigned,73.0,72.0,1.0,0.98630136,0.01369863,0.0136986375,0.13733076,0.0018812432,1,0,0,0,0
48141,-1,1,2.6644251,0.93489456,1,1,unassigned,8.0,6.0,2.0,0.75,0.25,0.25,0.0116054155,0.0029013539,1,0,0,1,1
48142,-1,1,4.8095717,0.99191463,1,1,unassigned,6.0,5.0,1.0,0.8333333,0.16666667,0.16666669,0.007736944,0.0012894907,1,0,0,1,1
48143,-1,1,4.1910634,0.9850953,1,1,unassigned,23.0,23.0,0.0,1.0,0.0,0.0,0.040618956,0.0,1,0,0,1,1
48144,-1,1,4.8409147,0.99216205,1,1,unassigned,4.0,4.0,0.0,1.0,0.0,0.0,0.003868472,0.0,1,0,0,1,1
48145,1,1,5.0155425,0.9934097,1,0,test,7.0,7.0,0.0,1.0,0.0,0.0,0.00967118,0.0,1,0,1,1,1
48146,1,1,5.0155425,0.9934097,1,0,unassigned,7.0,7.0,0.0,1.0,0.0,0.0,0.00967118,0.0,1,0,1,1,1
48147,-1,1,3.8822453,0.9798115,1,1,unassigned,7.0,7.0,0.0,1.0,0.0,0.0,0.00967118,0.0,1,0,0,1,1
48148,0,1,-0.6958787,0.3327266,0,0,val,82.0,80.0,2.0,0.9756098,0.024390243,0.02439022,0.15473887,0.0037741186,1,0,1,0,0
48149,-1,1,2.303776,0.90918934,1,1,unassigned,3.0,3.0,0.0,1.0,0.0,0.0,0.001934236,0.0,1,0,0,1,1
48150,-1,1,6.3481345,0.99825305,1,1,unassigned,35.0,32.0,3.0,0.9142857,0.08571429,0.08571428,0.06382979,0.005471125,1,0,0,1,1
48151,1,1,3.7278087,0.97651917,1,0,unassigned,7.0,7.0,0.0,1.0,0.0,0.0,0.00967118,0.0,1,0,1,1,1
48152,-1,0,-0.2738855,0.43195346,0,1,unassigned,17.0,17.0,0.0,1.0,0.0,0.0,0.029013539,0.0,0,0,0,0,0
48153,-1,0,2.9705164,0.95122427,1,1,unassigned,3.0,2.0,1.0,0.6666667,0.33333334,0.3333333,0.001934236,0.00064474536,0,0,0,1,1
48154,-1,1,2.528001,0.92608166,1,1,unassigned,22.0,21.0,1.0,0.95454544,0.045454547,0.04545456,0.03868472,0.0017583964,1,0,0,1,1
48155,-1,1,3.094783,0.956677,1,1,unassigned,4.0,4.0,0.0,1.0,0.0,0.0,0.003868472,0.0,1,0,0,1,1
48156,1,1,-0.0072818995,0.49817953,0,1,val,29.0,26.0,3.0,0.8965517,0.10344828,0.10344827,0.05222437,0.005402521,1,0,0,0,0
48157,-1,0,-0.524325,0.37184146,0,1,unassigned,2.0,1.0,1.0,0.5,0.5,0.5,0.0,0.0,0,0,0,0,0
48158,-1,1,0.8319618,0.69676954,1,1,unassigned,4.0,4.0,0.0,1.0,0.0,0.0,0.003868472,0.0,1,0,0,1,0
48159,-1,1,-0.8388479,0.30177748,0,1,unassigned,20.0,19.0,1.0,0.95,0.05,0.050000012,0.034816246,0.0017408123,1,0,0,0,0
48160,-1,0,0.4110005,0.6013278,1,1,unassigned,2.0,2.0,0.0,1.0,0.0,0.0,0.0,0.0,0,0,0,1,0
48161,-1,1,-0.66162866,0.34037387,0,1,unassigned,107.0,105.0,2.0,0.9813084,0.018691588,0.0186916,0.20309478,0.003796164,1,0,0,0,0
48162,-1,0,2.6187742,0.9320601,1,1,unassigned,13.0,13.0,0.0,1.0,0.0,0.0,0.021276595,0.0,0,0,0,1,1
48163,-1,1,1.0149615,0.73399,1,1,unassigned,72.0,69.0,3.0,0.9583333,0.041666668,0.041666687,0.13539653,0.005641522,1,0,0,1,0
48164,-1,1,2.454109,0.92086136,1,1,unassigned,38.0,38.0,0.0,1.0,0.0,0.0,0.06963249,0.0,1,0,0,1,1
48165,-1,1,5.813165,0.9970209,1,1,unassigned,28.0,24.0,4.0,0.85714287,0.14285715,0.14285713,0.050290134,0.007184305,1,0,0,1,1
48166,0,0,2.3854635,0.9157121,1,1,unassigned,3.0,3.0,0.0,1.0,0.0,0.0,0.001934236,0.0,0,0,0,1,1
48167,-1,1,0.9416283,0.7194285,1,1,unassigned,78.0,78.0,0.0,1.0,0.0,0.0,0.14700194,0.0,1,0,0,1,0
48168,-1,1,1.0916696,0.74869597,1,1,unassigned,21.0,21.0,0.0,1.0,0.0,0.0,0.036750484,0.0,1,0,0,1,0
48169,-1,0,6.036101,0.99761486,1,1,unassigned,8.0,6.0,2.0,0.75,0.25,0.25,0.0116054155,0.0029013539,0,0,0,1,1
48170,-1,0,1.2792816,0.7823275,1,1,unassigned,11.0,11.0,0.0,1.0,0.0,0.0,0.017408123,0.0,0,0,0,1,0
48171,1,1,5.735406,0.99678075,1,0,train,6.0,6.0,0.0,1.0,0.0,0.0,0.007736944,0.0,1,0,1,1,1
48172,-1,1,-0.3580465,0.41143256,0,1,unassigned,53.0,51.0,2.0,0.9622642,0.03773585,0.03773582,0.09864604,0.0037224921,1,0,0,0,0
48173,0,1,0.94564134,0.7202378,1,1,unassigned,32.0,31.0,1.0,0.96875,0.03125,0.03125,0.058027077,0.0018133462,1,0,0,1,0
48174,-1,1,2.456988,0.921071,1,1,unassigned,14.0,14.0,0.0,1.0,0.0,0.0,0.023210831,0.0,1,0,0,1,1
48175,-1,1,3.498936,0.97065747,1,1,unassigned,5.0,4.0,1.0,0.8,0.2,0.19999999,0.0058027077,0.0011605415,1,0,0,1,1
48176,-1,1,-0.42916209,0.39432645,0,1,unassigned,103.0,99.0,4.0,0.9611651,0.03883495,0.03883493,0.19535783,0.007586712,1,0,0,0,0
48177,-1,1,-0.68136644,0.3359564,0,1,unassigned,59.0,53.0,6.0,0.89830506,0.10169491,0.10169494,0.11025145,0.011212012,1,0,0,0,0
48178,-1,1,1.1002514,0.7503072,1,1,unassigned,29.0,27.0,2.0,0.9310345,0.06896552,0.068965495,0.05222437,0.0036016807,1,0,0,1,0
48179,-1,1,2.115671,0.89241695,1,1,unassigned,5.0,4.0,1.0,0.8,0.2,0.19999999,0.0058027077,0.0011605415,1,0,0,1,0
48180,0,0,-0.306224,0.4240367,0,0,unassigned,7.0,7.0,0.0,1.0,0.0,0.0,0.00967118,0.0,0,0,1,0,0
48181,-1,0,4.8499494,0.99223197,1,1,unassigned,4.0,4.0,0.0,1.0,0.0,0.0,0.003868472,0.0,0,0,0,1,1
48182,-1,0,-0.17875642,0.4554295,0,1,unassigned,28.0,27.0,1.0,0.96428573,0.035714287,0.03571427,0.050290134,0.0017960763,0,0,0,0,0
48183,-1,0,3.258513,0.9629779,1,1,unassigned,2.0,1.0,1.0,0.5,0.5,0.5,0.0,0.0,0,0,0,1,1
48184,-1,0,0.12514096,0.53124446,1,1,unassigned,2.0,2.0,0.0,1.0,0.0,0.0,0.0,0.0,0,0,0,1,0
48185,-1,0,-0.4446765,0.39062724,0,1,unassigned,9.0,9.0,0.0,1.0,0.0,0.0,0.013539651,0.0,0,0,0,0,0
48186,-1,0,8.485844,0.9997937,1,1,unassigned,2.0,2.0,0.0,1.0,0.0,0.0,0.0,0.0,0,0,0,1,1
48187,-1,0,2.6251748,0.93246424,1,1,unassigned,2.0,2.0,0.0,1.0,0.0,0.0,0.0,0.0,0,0,0,1,1
48188,-1,1,3.5874908,0.97307724,1,1,unassigned,14.0,13.0,1.0,0.9285714,0.071428575,0.0714286,0.023210831,0.0016579166,1,0,0,1,1
48189,-1,0,2.6283667,0.9326651,1,1,unassigned,11.0,11.0,0.0,1.0,0.0,0.0,0.017408123,0.0,0,0,0,1,1
48190,-1,1,3.8687317,0.9795424,1,1,unassigned,19.0,19.0,0.0,1.0,0.0,0.0,0.032882012,0.0,1,0,0,1,1
48191,-1,0,2.5544589,0.92787254,1,1,unassigned,3.0,3.0,0.0,1.0,0.0,0.0,0.001934236,0.0,0,0,0,1,1
48192,-1,0,-0.7540128,0.31994754,0,1,unassigned,7.0,7.0,0.0,1.0,0.0,0.0,0.00967118,0.0,0,0,0,0,0
48193,1,0,-0.36764616,0.40910995,0,1,val,10.0,10.0,0.0,1.0,0.0,0.0,0.015473888,0.0,0,0,0,0,0
48194,-1,0,5.853319,0.9971379,1,1,unassigned,3.0,3.0,0.0,1.0,0.0,0.0,0.001934236,0.0,0,0,0,1,1
48195,-1,0,-0.8692327,0.29541397,0,1,unassigned,21.0,18.0,3.0,0.85714287,0.14285715,0.14285713,0.036750484,0.0052500693,0,0,0,0,0
48196,-1,0,1.3496122,0.79406625,1,1,unassigned,6.0,5.0,1.0,0.8333333,0.16666667,0.16666669,0.007736944,0.0012894907,0,0,0,1,0
48197,-1,0,3.820454,0.9785523,1,1,unassigned,10.0,7.0,3.0,0.7,0.3,0.3,0.015473888,0.0046421667,0,0,0,1,1
48198,-1,0,12.584482,0.99999654,1,1,unassigned,51.0,46.0,5.0,0.9019608,0.09803922,0.09803921,0.09477756,0.009291918,0,0,0,1,1
48199,-1,1,2.9833233,0.95181495,1,1,unassigned,60.0,58.0,2.0,0.96666664,0.033333335,0.03333336,0.11218569,0.003739523,1,0,0,1,1
48200,-1,0,3.7208593,0.97635925,1,1,unassigned,6.0,6.0,0.0,1.0,0.0,0.0,0.007736944,0.0,0,0,0,1,1
48201,-1,0,-1.0146011,0.26608038,0,1,unassigned,2.0,2.0,0.0,1.0,0.0,0.0,0.0,0.0,0,0,0,0,0
48202,-1,0,-0.42830378,0.39453143,0,1,unassigned,2.0,2.0,0.0,1.0,0.0,0.0,0.0,0.0,0,0,0,0,0
48203,-1,0,5.7467203,0.99681693,1,1,unassigned,2.0,2.0,0.0,1.0,0.0,0.0,0.0,0.0,0,0,0,1,1
48204,-1,0,3.4920056,0.97045946,1,1,unassigned,7.0,6.0,1.0,0.85714287,0.14285715,0.14285713,0.00967118,0.0013815971,0,0,0,1,1
48205,1,0,3.0410147,0.954393,1,0,test,6.0,5.0,1.0,0.8333333,0.16666667,0.16666669,0.007736944,0.0012894907,0,0,1,1,1
48206,-1,0,0.8793805,0.70669377,1,1,unassigned,2.0,2.0,0.0,1.0,0.0,0.0,0.0,0.0,0,0,0,1,0
48207,-1,0,2.2943041,0.90840423,1,1,unassigned,5.0,4.0,1.0,0.8,0.2,0.19999999,0.0058027077,0.0011605415,0,0,0,1,1
48208,1,0,14.852854,0.99999964,1,0,val,2.0,2.0,0.0,1.0,0.0,0.0,0.0,0.0,0,0,1,1,1
48209,-1,0,1.370271,0.79742396,1,1,unassigned,3.0,3.0,0.0,1.0,0.0,0.0,0.001934236,0.0,0,0,0,1,0
48210,-1,1,2.4008477,0.916892,1,1,unassigned,5.0,5.0,0.0,1.0,0.0,0.0,0.0058027077,0.0,1,0,0,1,1
48211,-1,1,3.4866388,0.97030526,1,1,unassigned,8.0,7.0,1.0,0.875,0.125,0.125,0.0116054155,0.0014506769,1,0,0,1,1
48212,-1,1,1.4077866,0.8034166,1,1,unassigned,4.0,4.0,0.0,1.0,0.0,0.0,0.003868472,0.0,1,0,0,1,0
48213,0,0,-0.07798326,0.48051402,0,0,test,2.0,2.0,0.0,1.0,0.0,0.0,0.0,0.0,0,0,1,0,0
48214,-1,1,0.03838247,0.50959444,1,1,unassigned,4.0,4.0,0.0,1.0,0.0,0.0,0.003868472,0.0,1,0,0,1,0
48215,-1,0,4.110263,0.98386127,1,1,unassigned,2.0,2.0,0.0,1.0,0.0,0.0,0.0,0.0,0,0,0,1,1
48216,-1,1,1.8194861,0.86050445,1,1,unassigned,29.0,28.0,1.0,0.9655172,0.03448276,0.034482777,0.05222437,0.0018008404,1,0,0,1,0
48217,-1,1,0.24914855,0.5619669,1,1,unassigned,13.0,13.0,0.0,1.0,0.0,0.0,0.021276595,0.0,1,0,0,1,0
48218,-1,1,6.2512574,0.9980757,1,1,unassigned,4.0,3.0,1.0,0.75,0.25,0.25,0.003868472,0.000967118,1,0,0,1,1
48219,-1,1,-0.36243135,0.41037112,0,1,unassigned,7.0,7.0,0.0,1.0,0.0,0.0,0.00967118,0.0,1,0,0,0,0
48220,-1,1,-0.0025058985,0.4993735,0,1,unassigned,7.0,7.0,0.0,1.0,0.0,0.0,0.00967118,0.0,1,0,0,0,0
48221,-1,0,-0.84354913,0.3007878,0,1,unassigned,16.0,15.0,1.0,0.9375,0.0625,0.0625,0.027079303,0.0016924564,0,0,0,0,0
48222,0,0,-0.9793128,0.27302817,0,0,unassigned,2.0,2.0,0.0,1.0,0.0,0.0,0.0,0.0,0,0,1,0,0
48223,1,1,9.061365,0.9998839,1,0,unassigned,11.0,10.0,1.0,0.90909094,0.09090909,0.090909064,0.017408123,0.0015825568,1,0,1,1,1
48224,-1,0,5.5458894,0.9961117,1,1,unassigned,2.0,2.0,0.0,1.0,0.0,0.0,0.0,0.0,0,0,0,1,1
48225,-1,1,1.3642445,0.79644865,1,1,unassigned,6.0,6.0,0.0,1.0,0.0,0.0,0.007736944,0.0,1,0,0,1,0
48226,-1,1,1.8159325,0.8600774,1,1,unassigned,8.0,8.0,0.0,1.0,0.0,0.0,0.0116054155,0.0,1,0,0,1,0
48227,-1,0,2.9771078,0.9515292,1,1,unassigned,2.0,1.0,1.0,0.5,0.5,0.5,0.0,0.0,0,0,0,1,1
48228,-1,1,1.3364303,0.79190224,1,1,unassigned,23.0,22.0,1.0,0.95652175,0.04347826,0.04347825,0.040618956,0.0017660416,1,0,0,1,0
48229,-1,1,2.460335,0.921314,1,1,unassigned,14.0,14.0,0.0,1.0,0.0,0.0,0.023210831,0.0,1,0,0,1,1
48230,-1,1,0.8559107,0.7018056,1,1,unassigned,2.0,2.0,0.0,1.0,0.0,0.0,0.0,0.0,1,0,0,1,0
48231,1,0,2.6467526,0.9338106,1,0,test,7.0,7.0,0.0,1.0,0.0,0.0,0.00967118,0.0,0,0,1,1,1
48232,-1,1,7.266005,0.99930155,1,1,unassigned,4.0,4.0,0.0,1.0,0.0,0.0,0.003868472,0.0,1,0,0,1,1
48233,-1,1,3.5478709,0.9720196,1,1,unassigned,7.0,6.0,1.0,0.85714287,0.14285715,0.14285713,0.00967118,0.0013815971,1,0,0,1,1
48234,-1,0,1.3197699,0.78914344,1,1,unassigned,4.0,4.0,0.0,1.0,0.0,0.0,0.003868472,0.0,0,0,0,1,0
48235,-1,0,6.657929,0.9987179,1,1,unassigned,3.0,3.0,0.0,1.0,0.0,0.0,0.001934236,0.0,0,0,0,1,1
48236,-1,1,-0.9491428,0.27905723,0,1,unassigned,3.0,3.0,0.0,1.0,0.0,0.0,0.001934236,0.0,1,0,0,0,0
48237,1,0,5.168325,0.9943381,1,0,unassigned,11.0,8.0,3.0,0.72727275,0.27272728,0.27272725,0.017408123,0.00474767,0,0,1,1,1
48238,-1,0,2.5968087,0.93065596,1,1,unassigned,7.0,7.0,0.0,1.0,0.0,0.0,0.00967118,0.0,0,0,0,1,1
48239,-1,1,4.7125993,0.9910986,1,1,unassigned,2.0,2.0,0.0,1.0,0.0,0.0,0.0,0.0,1,0,0,1,1
48240,-1,1,0.16899055,0.5421474,1,1,unassigned,6.0,6.0,0.0,1.0,0.0,0.0,0.007736944,0.0,1,0,0,1,0
48241,0,0,-0.22096017,0.44498363,0,0,val,2.0,2.0,0.0,1.0,0.0,0.0,0.0,0.0,0,0,1,0,0
48242,-1,1,1.8701715,0.86647815,1,1,unassigned,8.0,8.0,0.0,1.0,0.0,0.0,0.0116054155,0.0,1,0,0,1,0
48243,1,1,4.7520576,0.99143994,1,0,unassigned,2.0,2.0,0.0,1.0,0.0,0.0,0.0,0.0,1,0,1,1,1
48244,-1,1,3.1189787,0.9576688,1,1,unassigned,15.0,14.0,1.0,0.93333334,0.06666667,0.06666666,0.025145067,0.0016763379,1,0,0,1,1
48245,-1,1,5.624166,0.99640346,1,1,unassigned,31.0,31.0,0.0,1.0,0.0,0.0,0.056092843,0.0,1,0,0,1,1
48246,-1,1,4.405767,0.98794043,1,1,unassigned,51.0,51.0,0.0,1.0,0.0,0.0,0.09477756,0.0,1,0,0,1,1
48247,-1,1,-0.1796124,0.4552172,0,1,unassigned,29.0,28.0,1.0,0.9655172,0.03448276,0.034482777,0.05222437,0.0018008404,1,0,0,0,0
48248,-1,0,2.2222402,0.902229,1,1,unassigned,30.0,8.0,22.0,0.26666668,0.73333335,0.73333335,0.054158606,0.03971631,0,0,0,1,1
48249,-1,1,-0.37074953,0.40835992,0,1,unassigned,14.0,13.0,1.0,0.9285714,0.071428575,0.0714286,0.023210831,0.0016579166,1,0,0,0,0
48250,-1,1,-0.5542182,0.3648863,0,1,unassigned,6.0,6.0,0.0,1.0,0.0,0.0,0.007736944,0.0,1,0,0,0,0
48251,-1,1,1.1040618,0.75102043,1,1,unassigned,6.0,6.0,0.0,1.0,0.0,0.0,0.007736944,0.0,1,0,0,1,0
48252,-1,0,3.4450915,0.96908444,1,1,unassigned,2.0,2.0,0.0,1.0,0.0,0.0,0.0,0.0,0,0,0,1,1
48253,-1,1,4.7007165,0.9909931,1,1,unassigned,31.0,30.0,1.0,0.9677419,0.032258064,0.032258093,0.056092843,0.0018094465,1,0,0,1,1
48254,-1,0,0.32316226,0.5800947,1,1,unassigned,9.0,9.0,0.0,1.0,0.0,0.0,0.013539651,0.0,0,0,0,1,0
48255,-1,0,3.6494114,0.9746527,1,1,unassigned,6.0,5.0,1.0,0.8333333,0.16666667,0.16666669,0.007736944,0.0012894907,0,0,0,1,1
48256,-1,1,0.656699,0.6585185,1,1,unassigned,12.0,12.0,0.0,1.0,0.0,0.0,0.01934236,0.0,1,0,0,1,0
48257,-1,0,4.6533437,0.99056023,1,1,unassigned,4.0,4.0,0.0,1.0,0.0,0.0,0.003868472,0.0,0,0,0,1,1
48258,-1,0,-0.45149153,0.38900623,0,1,unassigned,3.0,3.0,0.0,1.0,0.0,0.0,0.001934236,0.0,0,0,0,0,0
48259,-1,0,0.3800981,0.5938968,1,1,unassigned,17.0,17.0,0.0,1.0,0.0,0.0,0.029013539,0.0,0,0,0,1,0
48260,-1,0,-0.1019879,0.47452515,0,1,unassigned,2.0,2.0,0.0,1.0,0.0,0.0,0.0,0.0,0,0,0,0,0
48261,-1,1,7.9938912,0.99966264,1,1,unassigned,17.0,15.0,2.0,0.88235295,0.11764706,0.11764705,0.029013539,0.0034133575,1,0,0,1,1
48262,-1,1,0.9511865,0.7213537,1,1,unassigned,5.0,5.0,0.0,1.0,0.0,0.0,0.0058027077,0.0,1,0,0,1,0
48263,-1,0,0.3850968,0.59510183,1,1,unassigned,5.0,5.0,0.0,1.0,0.0,0.0,0.0058027077,0.0,0,0,0,1,0
48264,-1,1,4.5969863,0.9900185,1,1,unassigned,5.0,5.0,0.0,1.0,0.0,0.0,0.0058027077,0.0,1,0,0,1,1
48265,-1,1,0.62153894,0.6505685,1,1,unassigned,2.0,2.0,0.0,1.0,0.0,0.0,0.0,0.0,1,0,0,1,0
48266,-1,1,0.09041929,0.52258945,1,1,unassigned,16.0,12.0,4.0,0.75,0.25,0.25,0.027079303,0.0067698257,1,0,0,1,0
48267,-1,0,1.8304825,0.86181915,1,1,unassigned,2.0,2.0,0.0,1.0,0.0,0.0,0.0,0.0,0,0,0,1,0
48268,-1,1,2.6819913,0.93595564,1,1,unassigned,3.0,3.0,0.0,1.0,0.0,0.0,0.001934236,0.0,1,0,0,1,1
48269,-1,0,7.8606467,0.9996145,1,1,unassigned,7.0,7.0,0.0,1.0,0.0,0.0,0.00967118,0.0,0,0,0,1,1
48270,-1,0,3.2881615,0.96402043,1,1,unassigned,3.0,3.0,0.0,1.0,0.0,0.0,0.001934236,0.0,0,0,0,1,1
48271,-1,0,2.8798144,0.9468395,1,1,unassigned,4.0,3.0,1.0,0.75,0.25,0.25,0.003868472,0.000967118,0,0,0,1,1
48272,1,1,7.4886727,0.99944097,1,0,test,4.0,3.0,1.0,0.75,0.25,0.25,0.003868472,0.000967118,1,0,1,1,1
48273,-1,0,1.1556358,0.7605388,1,1,unassigned,2.0,2.0,0.0,1.0,0.0,0.0,0.0,0.0,0,0,0,1,0
48274,-1,0,4.0636516,0.9831042,1,1,unassigned,4.0,3.0,1.0,0.75,0.25,0.25,0.003868472,0.000967118,0,0,0,1,1
48275,0,0,0.20998245,0.5523036,1,1,unassigned,9.0,9.0,0.0,1.0,0.0,0.0,0.013539651,0.0,0,0,0,1,0
48276,-1,0,0.5423482,0.6323585,1,1,unassigned,15.0,15.0,0.0,1.0,0.0,0.0,0.025145067,0.0,0,0,0,1,0
48277,-1,0,1.2734377,0.78133065,1,1,unassigned,20.0,18.0,2.0,0.9,0.1,0.100000024,0.034816246,0.0034816246,0,0,0,1,0
48278,-1,1,6.666173,0.99872833,1,1,unassigned,3.0,2.0,1.0,0.6666667,0.33333334,0.3333333,0.001934236,0.00064474536,1,0,0,1,1
48279,-1,0,4.173105,0.98482937,1,1,unassigned,4.0,2.0,2.0,0.5,0.5,0.5,0.003868472,0.001934236,0,0,0,1,1
48280,-1,0,6.4447517,0.9984137,1,1,unassigned,3.0,1.0,2.0,0.33333334,0.6666667,0.6666666,0.001934236,0.0012894907,0,0,0,1,1
48281,-1,0,-0.31212664,0.42259574,0,1,unassigned,2.0,2.0,0.0,1.0,0.0,0.0,0.0,0.0,0,0,0,0,0
48282,0,0,-0.71673834,0.32811162,0,0,test,3.0,3.0,0.0,1.0,0.0,0.0,0.001934236,0.0,0,0,1,0,0
48283,-1,0,-0.9549256,0.27789533,0,1,unassigned,51.0,51.0,0.0,1.0,0.0,0.0,0.09477756,0.0,0,0,0,0,0
48284,1,0,-1.242223,0.22404927,0,1,unassigned,3.0,3.0,0.0,1.0,0.0,0.0,0.001934236,0.0,0,0,0,0,0
48285,-1,0,-0.8304523,0.30354944,0,1,unassigned,3.0,2.0,1.0,0.6666667,0.33333334,0.3333333,0.001934236,0.00064474536,0,0,0,0,0
48286,-1,0,-1.1115292,0.2475859,0,1,unassigned,2.0,2.0,0.0,1.0,0.0,0.0,0.0,0.0,0,0,0,0,0
48287,-1,0,3.848838,0.9791399,1,1,unassigned,2.0,2.0,0.0,1.0,0.0,0.0,0.0,0.0,0,0,0,1,1
48288,-1,1,10.5524025,0.9999739,1,1,unassigned,18.0,16.0,2.0,0.8888889,0.11111111,0.111111104,0.030947777,0.0034386418,1,0,0,1,1
48289,-1,0,5.62165,0.99639434,1,1,unassigned,22.0,19.0,3.0,0.8636364,0.13636364,0.13636363,0.03868472,0.005275189,0,0,0,1,1
48290,0,0,-0.45545822,0.38806382,0,0,test,9.0,9.0,0.0,1.0,0.0,0.0,0.013539651,0.0,0,0,1,0,0
48291,1,0,-0.33302778,0.41750413,0,1,unassigned,42.0,42.0,0.0,1.0,0.0,0.0,0.07736944,0.0,0,0,0,0,0
48292,-1,0,-0.49769732,0.37808195,0,1,unassigned,8.0,8.0,0.0,1.0,0.0,0.0,0.0116054155,0.0,0,0,0,0,0
48293,-1,0,0.14366716,0.5358551,1,1,unassigned,2.0,1.0,1.0,0.5,0.5,0.5,0.0,0.0,0,0,0,1,0
48294,-1,1,9.83841,0.9999466,1,1,unassigned,15.0,14.0,1.0,0.93333334,0.06666667,0.06666666,0.025145067,0.0016763379,1,0,0,1,1
48295,-1,1,1.5170767,0.8201076,1,1,unassigned,31.0,29.0,2.0,0.9354839,0.06451613,0.06451613,0.056092843,0.003618893,1,0,0,1,0
48296,-1,1,-0.4926116,0.37927854,0,1,unassigned,44.0,42.0,2.0,0.95454544,0.045454547,0.04545456,0.08123791,0.0036926325,1,0,0,0,0
48297,-1,1,2.7237003,0.9384108,1,1,unassigned,45.0,38.0,7.0,0.84444445,0.15555556,0.15555555,0.08317215,0.01293789,1,0,0,1,1
48298,-1,1,-0.40060169,0.4011678,0,1,unassigned,50.0,49.0,1.0,0.98,0.02,0.01999998,0.092843324,0.0018568664,1,0,0,0,0
48299,0,0,-0.55500615,0.3647037,0,0,unassigned,8.0,8.0,0.0,1.0,0.0,0.0,0.0116054155,0.0,0,0,1,0,0
48300,-1,1,0.5640481,0.6373887,1,1,unassigned,5.0,5.0,0.0,1.0,0.0,0.0,0.0058027077,0.0,1,0,0,1,0
48301,0,1,-0.74250084,0.32245752,0,0,val,15.0,15.0,0.0,1.0,0.0,0.0,0.025145067,0.0,1,0,1,0,0
48302,-1,0,-0.5313694,0.37019753,0,1,unassigned,7.0,7.0,0.0,1.0,0.0,0.0,0.00967118,0.0,0,0,0,0,0
48303,-1,1,2.8401268,0.94480604,1,1,unassigned,13.0,13.0,0.0,1.0,0.0,0.0,0.021276595,0.0,1,0,0,1,1
48304,-1,0,1.2933912,0.78472066,1,1,unassigned,5.0,5.0,0.0,1.0,0.0,0.0,0.0058027077,0.0,0,0,0,1,0
48305,-1,0,-0.13323826,0.4667396,0,1,unassigned,7.0,6.0,1.0,0.85714287,0.14285715,0.14285713,0.00967118,0.0013815971,0,0,0,0,0
48306,-1,0,4.8805265,0.9924642,1,1,unassigned,6.0,5.0,1.0,0.8333333,0.16666667,0.16666669,0.007736944,0.0012894907,0,0,0,1,1
48307,-1,0,3.6662905,0.9750665,1,1,unassigned,3.0,3.0,0.0,1.0,0.0,0.0,0.001934236,0.0,0,0,0,1,1
48308,-1,0,5.8234305,0.99705124,1,1,unassigned,4.0,3.0,1.0,0.75,0.25,0.25,0.003868472,0.000967118,0,0,0,1,1
48309,-1,1,-0.21600059,0.4462088,0,1,unassigned,9.0,9.0,0.0,1.0,0.0,0.0,0.013539651,0.0,1,0,0,0,0
48310,-1,1,8.787764,0.9998474,1,1,unassigned,11.0,6.0,5.0,0.54545456,0.45454547,0.45454544,0.017408123,0.007912784,1,0,0,1,1
48311,-1,1,0.4004228,0.5987893,1,1,unassigned,2.0,2.0,0.0,1.0,0.0,0.0,0.0,0.0,1,0,0,1,0
48312,-1,1,5.4604964,0.9957665,1,1,unassigned,3.0,2.0,1.0,0.6666667,0.33333334,0.3333333,0.001934236,0.00064474536,1,0,0,1,1
48313,-1,1,0.016613603,0.5041533,1,1,unassigned,8.0,8.0,0.0,1.0,0.0,0.0,0.0116054155,0.0,1,0,0,1,0
48314,-1,1,4.4569726,0.9885356,1,1,unassigned,13.0,8.0,5.0,0.61538464,0.3846154,0.38461536,0.021276595,0.008183306,1,0,0,1,1
48315,-1,0,-0.10775453,0.4730874,0,1,unassigned,20.0,19.0,1.0,0.95,0.05,0.050000012,0.034816246,0.0017408123,0,0,0,0,0
48316,-1,0,2.661866,0.93473864,1,1,unassigned,2.0,2.0,0.0,1.0,0.0,0.0,0.0,0.0,0,0,0,1,1
48317,-1,0,7.4170537,0.9993994,1,1,unassigned,13.0,9.0,4.0,0.6923077,0.30769232,0.3076923,0.021276595,0.006546645,0,0,0,1,1
48318,-1,1,0.43542415,0.60716814,1,1,unassigned,23.0,23.0,0.0,1.0,0.0,0.0,0.040618956,0.0,1,0,0,1,0
48319,-1,1,0.5295494,0.629378,1,1,unassigned,4.0,4.0,0.0,1.0,0.0,0.0,0.003868472,0.0,1,0,0,1,0
48320,-1,0,2.4953535,0.9238154,1,1,unassigned,3.0,3.0,0.0,1.0,0.0,0.0,0.001934236,0.0,0,0,0,1,1
48321,-1,1,1.6230385,0.8352138,1,1,unassigned,8.0,8.0,0.0,1.0,0.0,0.0,0.0116054155,0.0,1,0,0,1,0
48322,-1,0,4.752914,0.9914473,1,1,unassigned,4.0,4.0,0.0,1.0,0.0,0.0,0.003868472,0.0,0,0,0,1,1
48323,-1,0,-0.060027897,0.4849975,0,1,unassigned,20.0,19.0,1.0,0.95,0.05,0.050000012,0.034816246,0.0017408123,0,0,0,0,0
48324,0,0,-0.04036051,0.48991123,0,0,unassigned,2.0,2.0,0.0,1.0,0.0,0.0,0.0,0.0,0,0,1,0,0
48325,-1,1,3.9260147,0.9806593,1,1,unassigned,11.0,11.0,0.0,1.0,0.0,0.0,0.017408123,0.0,1,0,0,1,1
48326,-1,0,0.38900226,0.5960425,1,1,unassigned,2.0,2.0,0.0,1.0,0.0,0.0,0.0,0.0,0,0,0,1,0
48327,-1,0,1.7691538,0.8543524,1,1,unassigned,14.0,12.0,2.0,0.85714287,0.14285715,0.14285713,0.023210831,0.0033158332,0,0,0,1,0
48328,-1,1,-0.9343304,0.282047,0,1,unassigned,42.0,42.0,0.0,1.0,0.0,0.0,0.07736944,0.0,1,0,0,0,0
48329,0,1,-0.24039567,0.44018883,0,0,test,30.0,28.0,2.0,0.93333334,0.06666667,0.06666666,0.054158606,0.003610574,1,0,1,0,0
48330,-1,1,0.37198514,0.5919386,1,1,unassigned,64.0,64.0,0.0,1.0,0.0,0.0,0.11992263,0.0,1,0,0,1,0
48331,-1,0,2.8403141,0.9448159,1,1,unassigned,8.0,5.0,3.0,0.625,0.375,0.375,0.0116054155,0.004352031,0,0,0,1,1
48332,-1,1,2.4084666,0.9174706,1,1,unassigned,35.0,35.0,0.0,1.0,0.0,0.0,0.06382979,0.0,1,0,0,1,1
48333,-1,1,2.3924751,0.9162517,1,1,unassigned,19.0,18.0,1.0,0.94736844,0.05263158,0.052631557,0.032882012,0.0017306323,1,0,0,1,1
48334,-1,1,1.8896244,0.8687127,1,1,unassigned,30.0,29.0,1.0,0.96666664,0.033333335,0.03333336,0.054158606,0.001805287,1,0,0,1,0
48335,-1,1,1.1507301,0.75964427,1,1,unassigned,20.0,20.0,0.0,1.0,0.0,0.0,0.034816246,0.0,1,0,0,1,0
48336,-1,1,1.0763698,0.7458064,1,1,unassigned,14.0,14.0,0.0,1.0,0.0,0.0,0.023210831,0.0,1,0,0,1,0
48337,-1,1,1.7383673,0.85047954,1,1,unassigned,3.0,3.0,0.0,1.0,0.0,0.0,0.001934236,0.0,1,0,0,1,0
48338,-1,1,-0.31684813,0.42144406,0,1,unassigned,5.0,5.0,0.0,1.0,0.0,0.0,0.0058027077,0.0,1,0,0,0,0
48339,-1,1,-0.29060102,0.42785674,0,1,unassigned,52.0,52.0,0.0,1.0,0.0,0.0,0.0967118,0.0,1,0,0,0,0
48340,-1,0,1.9956405,0.88033855,1,1,unassigned,12.0,12.0,0.0,1.0,0.0,0.0,0.01934236,0.0,0,0,0,1,0
48341,-1,1,3.8500097,0.9791638,1,1,unassigned,3.0,1.0,2.0,0.33333334,0.6666667,0.6666666,0.001934236,0.0012894907,1,0,0,1,1
48342,-1,1,0.81166726,0.69246465,1,1,unassigned,8.0,8.0,0.0,1.0,0.0,0.0,0.0116054155,0.0,1,0,0,1,0
48343,-1,1,-0.24240881,0.43969285,0,1,unassigned,34.0,33.0,1.0,0.9705882,0.029411765,0.029411793,0.061895553,0.0018204574,1,0,0,0,0
48344,-1,1,-0.31718558,0.4213618,0,1,unassigned,141.0,141.0,0.0,1.0,0.0,0.0,0.2688588,0.0,1,0,0,0,0
48345,-1,0,2.1376917,0.894513,1,1,unassigned,3.0,2.0,1.0,0.6666667,0.33333334,0.3333333,0.001934236,0.00064474536,0,0,0,1,0
48346,-1,1,4.759146,0.99149996,1,1,unassigned,4.0,4.0,0.0,1.0,0.0,0.0,0.003868472,0.0,1,0,0,1,1
48347,-1,1,-0.12576878,0.4685992,0,1,unassigned,2.0,2.0,0.0,1.0,0.0,0.0,0.0,0.0,1,0,0,0,0
48348,-1,0,-0.42628878,0.3950129,0,1,unassigned,3.0,3.0,0.0,1.0,0.0,0.0,0.001934236,0.0,0,0,0,0,0
48349,-1,1,7.0781875,0.9991574,1,1,unassigned,17.0,13.0,4.0,0.7647059,0.23529412,0.2352941,0.029013539,0.006826715,1,0,0,1,1
48350,-1,0,-0.634219,0.3465545,0,1,unassigned,4.0,4.0,0.0,1.0,0.0,0.0,0.003868472,0.0,0,0,0,0,0
48351,-1,0,0.77431506,0.68445355,1,1,unassigned,5.0,5.0,0.0,1.0,0.0,0.0,0.0058027077,0.0,0,0,0,1,0
48352,-1,0,-0.42174864,0.39609838,0,1,unassigned,9.0,9.0,0.0,1.0,0.0,0.0,0.013539651,0.0,0,0,0,0,0
48353,-1,1,2.8307455,0.9443148,1,1,unassigned,14.0,13.0,1.0,0.9285714,0.071428575,0.0714286,0.023210831,0.0016579166,1,0,0,1,1
48354,0,1,0.08494431,0.52122337,1,1,val,35.0,32.0,3.0,0.9142857,0.08571429,0.08571428,0.06382979,0.005471125,1,0,0,1,0
48355,-1,1,0.6016546,0.6460348,1,1,unassigned,15.0,14.0,1.0,0.93333334,0.06666667,0.06666666,0.025145067,0.0016763379,1,0,0,1,0
48356,0,1,0.13108104,0.5327234,1,1,unassigned,18.0,18.0,0.0,1.0,0.0,0.0,0.030947777,0.0,1,0,0,1,0
48357,-1,1,2.32527,0.91094834,1,1,unassigned,31.0,31.0,0.0,1.0,0.0,0.0,0.056092843,0.0,1,0,0,1,1
48358,-1,1,0.568479,0.6384122,1,1,unassigned,12.0,12.0,0.0,1.0,0.0,0.0,0.01934236,0.0,1,0,0,1,0
48359,-1,1,1.7127702,0.84719527,1,1,unassigned,44.0,43.0,1.0,0.97727275,0.022727273,0.022727251,0.08123791,0.0018463163,1,0,0,1,0
48360,-1,0,3.8186505,0.9785144,1,1,unassigned,3.0,3.0,0.0,1.0,0.0,0.0,0.001934236,0.0,0,0,0,1,1
48361,-1,0,8.514699,0.99979955,1,1,unassigned,5.0,5.0,0.0,1.0,0.0,0.0,0.0058027077,0.0,0,0,0,1,1
48362,-1,0,1.6719899,0.8418409,1,1,unassigned,4.0,4.0,0.0,1.0,0.0,0.0,0.003868472,0.0,0,0,0,1,0
48363,-1,0,3.661867,0.9749587,1,1,unassigned,3.0,3.0,0.0,1.0,0.0,0.0,0.001934236,0.0,0,0,0,1,1
48364,-1,1,4.047239,0.9828294,1,1,unassigned,10.0,9.0,1.0,0.9,0.1,0.100000024,0.015473888,0.0015473888,1,0,0,1,1
48365,-1,1,1.8441734,0.8634415,1,1,unassigned,38.0,38.0,0.0,1.0,0.0,0.0,0.06963249,0.0,1,0,0,1,0
48366,1,1,1.8594749,0.8652357,1,0,test,23.0,23.0,0.0,1.0,0.0,0.0,0.040618956,0.0,1,0,1,1,0
48367,-1,0,1.8071299,0.85901463,1,1,unassigned,16.0,14.0,2.0,0.875,0.125,0.125,0.027079303,0.0033849129,0,0,0,1,0
48368,-1,1,0.80518156,0.6910818,1,1,unassigned,6.0,6.0,0.0,1.0,0.0,0.0,0.007736944,0.0,1,0,0,1,0
48369,1,1,3.8629153,0.9794255,1,0,val,77.0,61.0,16.0,0.7922078,0.20779221,0.20779222,0.14506769,0.030143935,1,0,1,1,1
48370,-1,1,4.1884527,0.98505694,1,1,unassigned,32.0,30.0,2.0,0.9375,0.0625,0.0625,0.058027077,0.0036266923,1,0,0,1,1
48371,1,0,-0.05517465,0.48620987,0,1,test,33.0,32.0,1.0,0.969697,0.030303031,0.030303001,0.059961315,0.0018170096,0,0,0,0,0
48372,-1,0,0.26453048,0.56574965,1,1,unassigned,2.0,2.0,0.0,1.0,0.0,0.0,0.0,0.0,0,0,0,1,0
48373,-1,1,2.3208039,0.9105854,1,1,unassigned,46.0,45.0,1.0,0.9782609,0.02173913,0.021739125,0.08510638,0.0018501388,1,0,0,1,1
48374,-1,1,3.5088093,0.97093743,1,1,unassigned,8.0,8.0,0.0,1.0,0.0,0.0,0.0116054155,0.0,1,0,0,1,1
48375,-1,1,0.8225209,0.6947712,1,1,unassigned,13.0,13.0,0.0,1.0,0.0,0.0,0.021276595,0.0,1,0,0,1,0
48376,-1,0,-0.59977925,0.35439417,0,1,unassigned,37.0,37.0,0.0,1.0,0.0,0.0,0.06769826,0.0,0,0,0,0,0
48377,-1,1,3.4089894,0.9679843,1,1,unassigned,48.0,36.0,12.0,0.75,0.25,0.25,0.088974856,0.022243714,1,0,0,1,1
48378,0,1,0.057012975,0.5142494,1,1,val,42.0,41.0,1.0,0.97619045,0.023809524,0.023809552,0.07736944,0.0018421295,1,0,0,1,0
48379,-1,1,2.384064,0.915604,1,1,unassigned,32.0,30.0,2.0,0.9375,0.0625,0.0625,0.058027077,0.0036266923,1,0,0,1,1
48380,-1,1,0.22816801,0.55679584,1,1,unassigned,14.0,14.0,0.0,1.0,0.0,0.0,0.023210831,0.0,1,0,0,1,0
48381,-1,0,6.6488957,0.9987062,1,1,unassigned,10.0,8.0,2.0,0.8,0.2,0.19999999,0.015473888,0.0030947777,0,0,0,1,1
48382,-1,1,3.709576,0.97609746,1,1,unassigned,11.0,10.0,1.0,0.90909094,0.09090909,0.090909064,0.017408123,0.0015825568,1,0,0,1,1
48383,1,1,-0.14373386,0.4641283,0,1,unassigned,47.0,44.0,3.0,0.9361702,0.06382979,0.06382978,0.08704062,0.0055557843,1,0,0,0,0
48384,-1,0,-0.059539735,0.48511946,0,1,unassigned,4.0,4.0,0.0,1.0,0.0,0.0,0.003868472,0.0,0,0,0,0,0
48385,-1,0,-0.34560752,0.414448,0,1,unassigned,7.0,7.0,0.0,1.0,0.0,0.0,0.00967118,0.0,0,0,0,0,0
48386,0,1,-0.3613574,0.410631,0,0,val,25.0,25.0,0.0,1.0,0.0,0.0,0.044487428,0.0,1,0,1,0,0
48387,-1,1,-0.36627597,0.40944117,0,1,unassigned,4.0,4.0,0.0,1.0,0.0,0.0,0.003868472,0.0,1,0,0,0,0
48388,-1,0,-0.24487048,0.43908647,0,1,unassigned,4.0,4.0,0.0,1.0,0.0,0.0,0.003868472,0.0,0,0,0,0,0
48389,-1,0,-0.18959424,0.4527429,0,1,unassigned,14.0,14.0,0.0,1.0,0.0,0.0,0.023210831,0.0,0,0,0,0,0
48390,-1,1,1.6765945,0.842453,1,1,unassigned,2.0,2.0,0.0,1.0,0.0,0.0,0.0,0.0,1,0,0,1,0
48391,-1,0,7.502621,0.9994487,1,1,unassigned,9.0,8.0,1.0,0.8888889,0.11111111,0.111111104,0.013539651,0.0015044058,0,0,0,1,1
48392,1,0,6.6879525,0.9987557,1,0,val,2.0,1.0,1.0,0.5,0.5,0.5,0.0,0.0,0,0,1,1,1
48393,-1,1,6.817821,0.9989071,1,1,unassigned,2.0,2.0,0.0,1.0,0.0,0.0,0.0,0.0,1,0,0,1,1
48394,-1,1,0.993553,0.72978914,1,1,unassigned,3.0,3.0,0.0,1.0,0.0,0.0,0.001934236,0.0,1,0,0,1,0
48395,-1,0,1.520376,0.82059383,1,1,unassigned,2.0,2.0,0.0,1.0,0.0,0.0,0.0,0.0,0,0,0,1,0
48396,-1,0,2.0535944,0.8863103,1,1,unassigned,8.0,8.0,0.0,1.0,0.0,0.0,0.0116054155,0.0,0,0,0,1,0
48397,-1,1,0.115145385,0.5287546,1,1,unassigned,8.0,8.0,0.0,1.0,0.0,0.0,0.0116054155,0.0,1,0,0,1,0
48398,-1,0,0.65821,0.6588582,1,1,unassigned,3.0,3.0,0.0,1.0,0.0,0.0,0.001934236,0.0,0,0,0,1,0
48399,-1,1,8.467056,0.9997898,1,1,unassigned,8.0,6.0,2.0,0.75,0.25,0.25,0.0116054155,0.0029013539,1,0,0,1,1
48400,-1,1,-0.5308864,0.37031016,0,1,unassigned,71.0,70.0,1.0,0.9859155,0.014084507,0.014084518,0.13346228,0.0018797504,1,0,0,0,0
48401,-1,1,2.690912,0.9364882,1,1,unassigned,12.0,12.0,0.0,1.0,0.0,0.0,0.01934236,0.0,1,0,0,1,1
48402,-1,1,3.1026638,0.95700246,1,1,unassigned,29.0,28.0,1.0,0.9655172,0.03448276,0.034482777,0.05222437,0.0018008404,1,0,0,1,1
48403,-1,1,0.43017453,0.6059153,1,1,unassigned,2.0,1.0,1.0,0.5,0.5,0.5,0.0,0.0,1,0,0,1,0
48404,1,0,3.320915,0.9651393,1,0,val,14.0,14.0,0.0,1.0,0.0,0.0,0.023210831,0.0,0,0,1,1,1
48405,-1,1,1.3237469,0.78980446,1,1,unassigned,11.0,11.0,0.0,1.0,0.0,0.0,0.017408123,0.0,1,0,0,1,0
48406,-1,1,4.7541122,0.9914574,1,1,unassigned,17.0,16.0,1.0,0.9411765,0.05882353,0.058823526,0.029013539,0.0017066788,1,0,0,1,1
48407,-1,1,0.94660264,0.72043145,1,1,unassigned,9.0,9.0,0.0,1.0,0.0,0.0,0.013539651,0.0,1,0,0,1,0
48408,-1,1,2.098951,0.8908012,1,1,unassigned,89.0,78.0,11.0,0.8764045,0.123595506,0.123595476,0.16827853,0.02079847,1,0,0,1,0
48409,-1,0,4.5446587,0.9894879,1,1,unassigned,2.0,2.0,0.0,1.0,0.0,0.0,0.0,0.0,0,0,0,1,1
48410,-1,1,0.7587469,0.68108165,1,1,unassigned,27.0,24.0,3.0,0.8888889,0.11111111,0.111111104,0.0483559,0.0053728777,1,0,0,1,0
48411,-1,1,2.2304318,0.9029493,1,1,unassigned,10.0,10.0,0.0,1.0,0.0,0.0,0.015473888,0.0,1,0,0,1,1
48412,-1,0,0.15907532,0.5396852,1,1,unassigned,5.0,5.0,0.0,1.0,0.0,0.0,0.0058027077,0.0,0,0,0,1,0
48413,1,0,6.970555,0.99906176,1,0,val,14.0,14.0,0.0,1.0,0.0,0.0,0.023210831,0.0,0,0,1,1,1
48414,-1,1,1.606859,0.83297485,1,1,unassigned,10.0,10.0,0.0,1.0,0.0,0.0,0.015473888,0.0,1,0,0,1,0
48415,-1,0,0.015652418,0.50391304,1,1,unassigned,3.0,2.0,1.0,0.6666667,0.33333334,0.3333333,0.001934236,0.00064474536,0,0,0,1,0
48416,-1,0,0.050702155,0.51267284,1,1,unassigned,20.0,19.0,1.0,0.95,0.05,0.050000012,0.034816246,0.0017408123,0,0,0,1,0
48417,-1,0,3.9218447,0.98058015,1,1,unassigned,6.0,6.0,0.0,1.0,0.0,0.0,0.007736944,0.0,0,0,0,1,1
48418,-1,1,-0.0985257,0.47538847,0,1,unassigned,3.0,3.0,0.0,1.0,0.0,0.0,0.001934236,0.0,1,0,0,0,0
48419,-1,1,-0.38043016,0.40602314,0,1,unassigned,25.0,25.0,0.0,1.0,0.0,0.0,0.044487428,0.0,1,0,0,0,0
48420,-1,1,-0.15013489,0.46253663,0,1,unassigned,33.0,33.0,0.0,1.0,0.0,0.0,0.059961315,0.0,1,0,0,0,0
48421,-1,1,-0.79353297,0.31141058,0,1,unassigned,44.0,38.0,6.0,0.8636364,0.13636364,0.13636363,0.08123791,0.011077898,1,0,0,0,0
48422,-1,1,5.2373776,0.99471384,1,1,unassigned,11.0,10.0,1.0,0.90909094,0.09090909,0.090909064,0.017408123,0.0015825568,1,0,0,1,1
48423,1,1,1.3463674,0.7935351,1,0,unassigned,29.0,29.0,0.0,1.0,0.0,0.0,0.05222437,0.0,1,0,1,1,0
48424,-1,1,7.5337873,0.99946564,1,1,unassigned,61.0,44.0,17.0,0.72131145,0.27868852,0.27868855,0.114119925,0.031803913,1,0,0,1,1
48425,-1,1,-0.52225965,0.372324,0,1,unassigned,45.0,44.0,1.0,0.9777778,0.022222223,0.02222222,0.08317215,0.0018482701,1,0,0,0,0
48426,-1,1,1.8507507,0.86421525,1,1,unassigned,27.0,26.0,1.0,0.962963,0.037037037,0.037037015,0.0483559,0.0017909593,1,0,0,1,0
48427,-1,1,0.91127044,0.71326005,1,1,unassigned,29.0,29.0,0.0,1.0,0.0,0.0,0.05222437,0.0,1,0,0,1,0
48428,-1,0,-0.3877743,0.40425318,0,1,unassigned,4.0,4.0,0.0,1.0,0.0,0.0,0.003868472,0.0,0,0,0,0,0
48429,-1,0,-0.24918604,0.43802387,0,1,unassigned,17.0,17.0,0.0,1.0,0.0,0.0,0.029013539,0.0,0,0,0,0,0
48430,-1,0,-0.15257189,0.4619308,0,1,unassigned,15.0,15.0,0.0,1.0,0.0,0.0,0.025145067,0.0,0,0,0,0,0
48431,-1,0,-0.81166553,0.30753568,0,1,unassigned,22.0,22.0,0.0,1.0,0.0,0.0,0.03868472,0.0,0,0,0,0,0
48432,-1,0,-0.66817844,0.33890486,0,1,unassigned,25.0,25.0,0.0,1.0,0.0,0.0,0.044487428,0.0,0,0,0,0,0
48433,-1,1,-0.81485987,0.3068559,0,1,unassigned,41.0,41.0,0.0,1.0,0.0,0.0,0.07543521,0.0,1,0,0,0,0
48434,-1,0,1.58023,0.8292371,1,1,unassigned,43.0,43.0,0.0,1.0,0.0,0.0,0.079303674,0.0,0,0,0,1,0
48435,-1,0,-0.81786656,0.30621672,0,1,unassigned,19.0,18.0,1.0,0.94736844,0.05263158,0.052631557,0.032882012,0.0017306323,0,0,0,0,0
48436,-1,0,0.47805482,0.6172885,1,1,unassigned,15.0,15.0,0.0,1.0,0.0,0.0,0.025145067,0.0,0,0,0,1,0
48437,-1,1,-0.7660918,0.31732515,0,1,unassigned,25.0,25.0,0.0,1.0,0.0,0.0,0.044487428,0.0,1,0,0,0,0
48438,-1,1,2.918433,0.94875014,1,1,unassigned,4.0,4.0,0.0,1.0,0.0,0.0,0.003868472,0.0,1,0,0,1,1
48439,-1,1,3.7055633,0.97600365,1,1,unassigned,8.0,8.0,0.0,1.0,0.0,0.0,0.0116054155,0.0,1,0,0,1,1
48440,0,1,-0.82135546,0.305476,0,0,val,51.0,49.0,2.0,0.9607843,0.039215688,0.039215684,0.09477756,0.0037167673,1,0,1,0,0
48441,-1,1,4.716436,0.9911323,1,1,unassigned,50.0,50.0,0.0,1.0,0.0,0.0,0.092843324,0.0,1,0,0,1,1
48442,-1,1,3.2854235,0.9639254,1,1,unassigned,17.0,17.0,0.0,1.0,0.0,0.0,0.029013539,0.0,1,0,0,1,1
48443,-1,1,4.7789235,0.99166495,1,1,unassigned,9.0,9.0,0.0,1.0,0.0,0.0,0.013539651,0.0,1,0,0,1,1
48444,-1,0,0.5263409,0.6286293,1,1,unassigned,5.0,5.0,0.0,1.0,0.0,0.0,0.0058027077,0.0,0,0,0,1,0
48445,1,1,1.8055305,0.85882086,1,0,unassigned,11.0,11.0,0.0,1.0,0.0,0.0,0.017408123,0.0,1,0,1,1,0
48446,-1,1,1.2755649,0.7816939,1,1,unassigned,48.0,48.0,0.0,1.0,0.0,0.0,0.088974856,0.0,1,0,0,1,0
48447,-1,1,4.4395456,0.9883364,1,1,unassigned,19.0,19.0,0.0,1.0,0.0,0.0,0.032882012,0.0,1,0,0,1,1
48448,-1,1,1.4947147,0.8167849,1,1,unassigned,11.0,11.0,0.0,1.0,0.0,0.0,0.017408123,0.0,1,0,0,1,0
48449,1,1,4.5651107,0.98969847,1,0,unassigned,26.0,26.0,0.0,1.0,0.0,0.0,0.046421662,0.0,1,0,1,1,1
48450,-1,1,2.8664377,0.9461622,1,1,unassigned,15.0,15.0,0.0,1.0,0.0,0.0,0.025145067,0.0,1,0,0,1,1
48451,-1,1,3.1154969,0.95752746,1,1,unassigned,12.0,11.0,1.0,0.9166667,0.083333336,0.08333331,0.01934236,0.0016118633,1,0,0,1,1
48452,-1,1,-0.1672051,0.45829582,0,1,unassigned,40.0,40.0,0.0,1.0,0.0,0.0,0.07350097,0.0,1,0,0,0,0
48453,-1,1,-0.18573946,0.4536982,0,1,unassigned,3.0,2.0,1.0,0.6666667,0.33333334,0.3333333,0.001934236,0.00064474536,1,0,0,0,0
48454,0,0,-0.8903794,0.29103154,0,0,unassigned,2.0,2.0,0.0,1.0,0.0,0.0,0.0,0.0,0,0,1,0,0
48455,-1,1,4.070892,0.98322403,1,1,unassigned,12.0,11.0,1.0,0.9166667,0.083333336,0.08333331,0.01934236,0.0016118633,1,0,0,1,1
48456,-1,1,4.034365,0.9826109,1,1,unassigned,3.0,3.0,0.0,1.0,0.0,0.0,0.001934236,0.0,1,0,0,1,1
48457,-1,0,2.0022547,0.8810336,1,1,unassigned,2.0,2.0,0.0,1.0,0.0,0.0,0.0,0.0,0,0,0,1,0
48458,-1,0,3.6763036,0.9753087,1,1,unassigned,13.0,13.0,0.0,1.0,0.0,0.0,0.021276595,0.0,0,0,0,1,1
48459,-1,0,2.2782254,0.9070576,1,1,unassigned,4.0,4.0,0.0,1.0,0.0,0.0,0.003868472,0.0,0,0,0,1,1
48460,-1,0,2.4398777,0.91981804,1,1,unassigned,3.0,1.0,2.0,0.33333334,0.6666667,0.6666666,0.001934236,0.0012894907,0,0,0,1,1
48461,-1,1,1.7395241,0.8506266,1,1,unassigned,3.0,3.0,0.0,1.0,0.0,0.0,0.001934236,0.0,1,0,0,1,0
48462,-1,1,5.1336904,0.9941398,1,1,unassigned,19.0,17.0,2.0,0.8947368,0.10526316,0.10526317,0.032882012,0.0034612645,1,0,0,1,1
48463,-1,1,1.6220634,0.8350795,1,1,unassigned,8.0,8.0,0.0,1.0,0.0,0.0,0.0116054155,0.0,1,0,0,1,0
48464,1,1,3.9706533,0.9814881,1,0,val,12.0,11.0,1.0,0.9166667,0.083333336,0.08333331,0.01934236,0.0016118633,1,0,1,1,1
48465,-1,1,5.8149686,0.99702626,1,1,unassigned,54.0,52.0,2.0,0.962963,0.037037037,0.037037015,0.10058027,0.003725195,1,0,0,1,1
48466,-1,1,3.42015,0.96832836,1,1,unassigned,12.0,11.0,1.0,0.9166667,0.083333336,0.08333331,0.01934236,0.0016118633,1,0,0,1,1
48467,0,1,-0.452973,0.3886541,0,0,unassigned,18.0,18.0,0.0,1.0,0.0,0.0,0.030947777,0.0,1,0,1,0,0
48468,-1,0,3.2328937,0.9620535,1,1,unassigned,2.0,2.0,0.0,1.0,0.0,0.0,0.0,0.0,0,0,0,1,1
48469,-1,1,-0.68452513,0.33525208,0,1,unassigned,28.0,28.0,0.0,1.0,0.0,0.0,0.050290134,0.0,1,0,0,0,0
48470,-1,1,3.7748773,0.9775745,1,1,unassigned,15.0,15.0,0.0,1.0,0.0,0.0,0.025145067,0.0,1,0,0,1,1
48471,-1,1,1.6465685,0.83842677,1,1,unassigned,24.0,24.0,0.0,1.0,0.0,0.0,0.04255319,0.0,1,0,0,1,0
48472,-1,0,5.312313,0.9950937,1,1,unassigned,8.0,6.0,2.0,0.75,0.25,0.25,0.0116054155,0.0029013539,0,0,0,1,1
48473,-1,1,4.2287455,0.98563856,1,1,unassigned,10.0,10.0,0.0,1.0,0.0,0.0,0.015473888,0.0,1,0,0,1,1
48474,-1,0,-0.9427918,0.28033674,0,1,unassigned,33.0,33.0,0.0,1.0,0.0,0.0,0.059961315,0.0,0,0,0,0,0
48475,-1,0,-0.4309961,0.3938885,0,1,unassigned,79.0,77.0,2.0,0.9746835,0.025316456,0.025316477,0.14893617,0.003770536,0,0,0,0,0
48476,-1,1,-0.69998384,0.3318158,0,1,unassigned,46.0,40.0,6.0,0.8695652,0.13043478,0.13043481,0.08510638,0.011100832,1,0,0,0,0
48477,-1,1,3.016599,0.9533184,1,1,unassigned,10.0,10.0,0.0,1.0,0.0,0.0,0.015473888,0.0,1,0,0,1,1
48478,-1,1,2.1169589,0.8925406,1,1,unassigned,19.0,18.0,1.0,0.94736844,0.05263158,0.052631557,0.032882012,0.0017306323,1,0,0,1,0
48479,-1,1,3.6058218,0.97355336,1,1,unassigned,9.0,8.0,1.0,0.8888889,0.11111111,0.111111104,0.013539651,0.0015044058,1,0,0,1,1
48480,-1,0,-0.19332194,0.45181948,0,1,unassigned,20.0,1.0,19.0,0.05,0.95,0.95,0.034816246,0.033075433,0,0,0,0,0
48481,-1,0,9.208829,0.99989986,1,1,unassigned,25.0,21.0,4.0,0.84,0.16,0.16000003,0.044487428,0.007117988,0,0,0,1,1
48482,-1,1,5.4538465,0.9957384,1,1,unassigned,4.0,1.0,3.0,0.25,0.75,0.75,0.003868472,0.002901354,1,0,0,1,1
48483,-1,0,7.3893113,0.9993825,1,1,unassigned,6.0,6.0,0.0,1.0,0.0,0.0,0.007736944,0.0,0,0,0,1,1
48484,-1,0,2.7914307,0.942211,1,1,unassigned,3.0,3.0,0.0,1.0,0.0,0.0,0.001934236,0.0,0,0,0,1,1
48485,-1,0,6.915698,0.9990089,1,1,unassigned,3.0,1.0,2.0,0.33333334,0.6666667,0.6666666,0.001934236,0.0012894907,0,0,0,1,1
48486,1,1,2.9205592,0.94885343,1,0,unassigned,10.0,10.0,0.0,1.0,0.0,0.0,0.015473888,0.0,1,0,1,1,1
48487,-1,1,-0.59760296,0.3548923,0,1,unassigned,5.0,5.0,0.0,1.0,0.0,0.0,0.0058027077,0.0,1,0,0,0,0
48488,-1,1,2.9522417,0.95036936,1,1,unassigned,5.0,4.0,1.0,0.8,0.2,0.19999999,0.0058027077,0.0011605415,1,0,0,1,1
48489,-1,0,-0.7299369,0.3252086,0,1,unassigned,30.0,30.0,0.0,1.0,0.0,0.0,0.054158606,0.0,0,0,0,0,0
48490,-1,1,-0.45545107,0.38806552,0,1,unassigned,9.0,9.0,0.0,1.0,0.0,0.0,0.013539651,0.0,1,0,0,0,0
48491,-1,1,-0.50318265,0.37679303,0,1,unassigned,13.0,13.0,0.0,1.0,0.0,0.0,0.021276595,0.0,1,0,0,0,0
48492,-1,1,1.5829108,0.82961637,1,1,unassigned,5.0,5.0,0.0,1.0,0.0,0.0,0.0058027077,0.0,1,0,0,1,0
48493,-1,1,1.5615165,0.82657087,1,1,unassigned,9.0,9.0,0.0,1.0,0.0,0.0,0.013539651,0.0,1,0,0,1,0
48494,0,1,-0.26245603,0.43476003,0,0,test,4.0,4.0,0.0,1.0,0.0,0.0,0.003868472,0.0,1,0,1,0,0
48495,-1,0,4.473003,0.9887158,1,1,unassigned,5.0,5.0,0.0,1.0,0.0,0.0,0.0058027077,0.0,0,0,0,1,1
48496,0,1,0.40749222,0.6004864,1,1,val,31.0,21.0,10.0,0.67741936,0.32258064,0.32258064,0.056092843,0.018094465,1,0,0,1,0
48497,-1,0,0.8644176,0.7035828,1,1,unassigned,19.0,13.0,6.0,0.68421054,0.31578946,0.31578946,0.032882012,0.010383793,0,0,0,1,0
48498,-1,0,1.4038622,0.80279607,1,1,unassigned,4.0,4.0,0.0,1.0,0.0,0.0,0.003868472,0.0,0,0,0,1,0
48499,-1,0,8.078386,0.99968994,1,1,unassigned,3.0,3.0,0.0,1.0,0.0,0.0,0.001934236,0.0,0,0,0,1,1
48500,1,0,1.3885257,0.80035675,1,0,test,11.0,10.0,1.0,0.90909094,0.09090909,0.090909064,0.017408123,0.0015825568,0,0,1,1,0
48501,-1,1,4.534007,0.98937654,1,1,unassigned,7.0,4.0,3.0,0.5714286,0.42857143,0.4285714,0.00967118,0.0041447915,1,0,0,1,1
48502,1,0,-0.476767,0.38301587,0,1,unassigned,9.0,9.0,0.0,1.0,0.0,0.0,0.013539651,0.0,0,0,0,0,0
48503,-1,0,-0.45189726,0.3889098,0,1,unassigned,8.0,8.0,0.0,1.0,0.0,0.0,0.0116054155,0.0,0,0,0,0,0
48504,-1,0,2.1397128,0.89470357,1,1,unassigned,10.0,3.0,7.0,0.3,0.7,0.7,0.015473888,0.010831722,0,0,0,1,0
48505,0,0,-0.07750863,0.4806325,0,0,test,26.0,24.0,2.0,0.9230769,0.07692308,0.07692307,0.046421662,0.0035708973,0,0,1,0,0
48506,-1,0,-0.1498192,0.4626151,0,1,unassigned,11.0,11.0,0.0,1.0,0.0,0.0,0.017408123,0.0,0,0,0,0,0
48507,-1,0,-0.778884,0.31456047,0,1,unassigned,21.0,21.0,0.0,1.0,0.0,0.0,0.036750484,0.0,0,0,0,0,0
48508,1,1,-0.060594678,0.48485595,0,1,val,18.0,16.0,2.0,0.8888889,0.11111111,0.111111104,0.030947777,0.0034386418,1,0,0,0,0
48509,-1,0,5.229428,0.994672,1,1,unassigned,19.0,17.0,2.0,0.8947368,0.10526316,0.10526317,0.032882012,0.0034612645,0,0,0,1,1
48510,-1,1,8.093826,0.9996947,1,1,unassigned,35.0,35.0,0.0,1.0,0.0,0.0,0.06382979,0.0,1,0,0,1,1
48511,-1,0,-0.25889257,0.43563598,0,1,unassigned,2.0,2.0,0.0,1.0,0.0,0.0,0.0,0.0,0,0,0,0,0
48512,-1,0,5.097057,0.9939224,1,1,unassigned,3.0,2.0,1.0,0.6666667,0.33333334,0.3333333,0.001934236,0.00064474536,0,0,0,1,1
48513,0,0,-0.29966527,0.42563927,0,0,test,2.0,2.0,0.0,1.0,0.0,0.0,0.0,0.0,0,0,1,0,0
48514,-1,1,-0.2764241,0.43133065,0,1,unassigned,3.0,3.0,0.0,1.0,0.0,0.0,0.001934236,0.0,1,0,0,0,0
48515,-1,0,5.8959613,0.99725705,1,1,unassigned,8.0,8.0,0.0,1.0,0.0,0.0,0.0116054155,0.0,0,0,0,1,1
48516,-1,0,1.4535964,0.81055135,1,1,unassigned,2.0,2.0,0.0,1.0,0.0,0.0,0.0,0.0,0,0,0,1,0
48517,-1,1,0.21317643,0.5530932,1,1,unassigned,18.0,18.0,0.0,1.0,0.0,0.0,0.030947777,0.0,1,0,0,1,0
48518,-1,0,4.8299775,0.99207664,1,1,unassigned,6.0,6.0,0.0,1.0,0.0,0.0,0.007736944,0.0,0,0,0,1,1
48519,-1,0,4.5358725,0.98939615,1,1,unassigned,2.0,2.0,0.0,1.0,0.0,0.0,0.0,0.0,0,0,0,1,1
48520,-1,0,-0.90917605,0.28716847,0,1,unassigned,2.0,2.0,0.0,1.0,0.0,0.0,0.0,0.0,0,0,0,0,0
48521,-1,1,1.8333008,0.8621545,1,1,unassigned,4.0,3.0,1.0,0.75,0.25,0.25,0.003868472,0.000967118,1,0,0,1,0
48522,-1,1,4.3844733,0.98768413,1,1,unassigned,2.0,2.0,0.0,1.0,0.0,0.0,0.0,0.0,1,0,0,1,1
48523,-1,1,1.0018225,0.7314167,1,1,unassigned,8.0,8.0,0.0,1.0,0.0,0.0,0.0116054155,0.0,1,0,0,1,0
48524,-1,0,7.117662,0.99919003,1,1,unassigned,2.0,2.0,0.0,1.0,0.0,0.0,0.0,0.0,0,0,0,1,1
48525,-1,1,-0.6229371,0.34911376,0,1,unassigned,36.0,35.0,1.0,0.9722222,0.027777778,0.027777791,0.065764025,0.0018267785,1,0,0,0,0
48526,-1,1,0.19648153,0.548963,1,1,unassigned,7.0,7.0,0.0,1.0,0.0,0.0,0.00967118,0.0,1,0,0,1,0
48527,-1,1,2.00784,0.8816178,1,1,unassigned,2.0,2.0,0.0,1.0,0.0,0.0,0.0,0.0,1,0,0,1,0
48528,-1,1,-0.5805855,0.35879788,0,1,unassigned,5.0,5.0,0.0,1.0,0.0,0.0,0.0058027077,0.0,1,0,0,0,0
48529,-1,1,-0.29576066,0.42659414,0,1,unassigned,12.0,11.0,1.0,0.9166667,0.083333336,0.08333331,0.01934236,0.0016118633,1,0,0,0,0
48530,-1,0,0.043254673,0.510812,1,1,unassigned,3.0,3.0,0.0,1.0,0.0,0.0,0.001934236,0.0,0,0,0,1,0
48531,-1,0,-0.2308712,0.44253722,0,1,unassigned,12.0,12.0,0.0,1.0,0.0,0.0,0.01934236,0.0,0,0,0,0,0
48532,-1,0,3.8877318,0.97991973,1,1,unassigned,22.0,22.0,0.0,1.0,0.0,0.0,0.03868472,0.0,0,0,0,1,1
48533,-1,1,0.09215635,0.52302283,1,1,unassigned,26.0,25.0,1.0,0.96153843,0.03846154,0.038461566,0.046421662,0.0017854486,1,0,0,1,0
48534,-1,1,-0.015766978,0.49605832,0,1,unassigned,19.0,19.0,0.0,1.0,0.0,0.0,0.032882012,0.0,1,0,0,0,0
48535,-1,0,0.76014596,0.6813854,1,1,unassigned,7.0,7.0,0.0,1.0,0.0,0.0,0.00967118,0.0,0,0,0,1,0
48536,-1,1,-0.08021575,0.4799568,0,1,unassigned,14.0,14.0,0.0,1.0,0.0,0.0,0.023210831,0.0,1,0,0,0,0
48537,-1,0,3.5897295,0.9731358,1,1,unassigned,13.0,12.0,1.0,0.9230769,0.07692308,0.07692307,0.021276595,0.0016366612,0,0,0,1,1
48538,-1,1,1.5788438,0.8290407,1,1,unassigned,18.0,16.0,2.0,0.8888889,0.11111111,0.111111104,0.030947777,0.0034386418,1,0,0,1,0
48539,-1,1,1.6096175,0.8333583,1,1,unassigned,17.0,16.0,1.0,0.9411765,0.05882353,0.058823526,0.029013539,0.0017066788,1,0,0,1,0
48540,-1,1,2.7279208,0.9386542,1,1,unassigned,33.0,25.0,8.0,0.75757575,0.24242425,0.24242425,0.059961315,0.014536077,1,0,0,1,1
48541,-1,1,-0.2311905,0.44245842,0,1,unassigned,15.0,12.0,3.0,0.8,0.2,0.19999999,0.025145067,0.0050290134,1,0,0,0,0
48542,0,0,0.7784869,0.68535393,1,1,unassigned,3.0,3.0,0.0,1.0,0.0,0.0,0.001934236,0.0,0,0,0,1,0
48543,-1,1,2.5851393,0.92989904,1,1,unassigned,7.0,3.0,4.0,0.42857143,0.5714286,0.57142854,0.00967118,0.0055263885,1,0,0,1,1
48544,-1,0,0.28005153,0.56955886,1,1,unassigned,5.0,5.0,0.0,1.0,0.0,0.0,0.0058027077,0.0,0,0,0,1,0
48545,-1,1,3.744735,0.9769041,1,1,unassigned,40.0,37.0,3.0,0.925,0.075,0.07499999,0.07350097,0.005512573,1,0,0,1,1
48546,-1,1,-0.531625,0.370138,0,1,unassigned,11.0,10.0,1.0,0.90909094,0.09090909,0.090909064,0.017408123,0.0015825568,1,0,0,0,0
48547,-1,1,-0.078772664,0.48031703,0,1,unassigned,7.0,6.0,1.0,0.85714287,0.14285715,0.14285713,0.00967118,0.0013815971,1,0,0,0,0
48548,-1,1,-0.949226,0.2790405,0,1,unassigned,2.0,2.0,0.0,1.0,0.0,0.0,0.0,0.0,1,0,0,0,0
48549,-1,1,0.20614058,0.5513534,1,1,unassigned,30.0,26.0,4.0,0.8666667,0.13333334,0.13333333,0.054158606,0.007221148,1,0,0,1,0
48550,-1,0,2.3865855,0.9157986,1,1,unassigned,12.0,11.0,1.0,0.9166667,0.083333336,0.08333331,0.01934236,0.0016118633,0,0,0,1,1
48551,-1,1,1.5648334,0.8270458,1,1,unassigned,29.0,29.0,0.0,1.0,0.0,0.0,0.05222437,0.0,1,0,0,1,0
48552,-1,0,2.0086129,0.88169837,1,1,unassigned,2.0,2.0,0.0,1.0,0.0,0.0,0.0,0.0,0,0,0,1,0
48553,1,0,5.56119,0.9961706,1,0,val,2.0,2.0,0.0,1.0,0.0,0.0,0.0,0.0,0,0,1,1,1
48554,-1,1,1.047277,0.74025166,1,1,unassigned,21.0,21.0,0.0,1.0,0.0,0.0,0.036750484,0.0,1,0,0,1,0
48555,-1,0,3.0687954,0.9555871,1,1,unassigned,2.0,2.0,0.0,1.0,0.0,0.0,0.0,0.0,0,0,0,1,1
48556,-1,1,0.33718294,0.58350605,1,1,unassigned,21.0,21.0,0.0,1.0,0.0,0.0,0.036750484,0.0,1,0,0,1,0
48557,1,0,0.45849687,0.61265755,1,0,unassigned,16.0,15.0,1.0,0.9375,0.0625,0.0625,0.027079303,0.0016924564,0,0,1,1,0
48558,-1,1,1.8329408,0.8621117,1,1,unassigned,15.0,15.0,0.0,1.0,0.0,0.0,0.025145067,0.0,1,0,0,1,0
48559,-1,0,-0.602803,0.3537027,0,1,unassigned,13.0,11.0,2.0,0.84615386,0.15384616,0.15384614,0.021276595,0.0032733225,0,0,0,0,0
48560,-1,1,0.9781365,0.72673833,1,1,unassigned,21.0,21.0,0.0,1.0,0.0,0.0,0.036750484,0.0,1,0,0,1,0
48561,-1,0,-0.53168,0.37012514,0,1,unassigned,3.0,3.0,0.0,1.0,0.0,0.0,0.001934236,0.0,0,0,0,0,0
48562,-1,0,-0.43844065,0.39211258,0,1,unassigned,4.0,4.0,0.0,1.0,0.0,0.0,0.003868472,0.0,0,0,0,0,0
48563,-1,1,4.077128,0.9833266,1,1,unassigned,23.0,23.0,0.0,1.0,0.0,0.0,0.040618956,0.0,1,0,0,1,1
48564,-1,1,0.060781896,0.5151908,1,1,unassigned,9.0,7.0,2.0,0.7777778,0.22222222,0.22222221,0.013539651,0.0030088115,1,0,0,1,0
48565,-1,1,3.5963776,0.97330904,1,1,unassigned,13.0,13.0,0.0,1.0,0.0,0.0,0.021276595,0.0,1,0,0,1,1
48566,-1,1,3.0397866,0.9543395,1,1,unassigned,37.0,36.0,1.0,0.972973,0.027027028,0.02702701,0.06769826,0.0018296828,1,0,0,1,1
48567,-1,1,5.283078,0.99494886,1,1,unassigned,7.0,3.0,4.0,0.42857143,0.5714286,0.57142854,0.00967118,0.0055263885,1,0,0,1,1
48568,-1,0,4.225961,0.98559916,1,1,unassigned,4.0,4.0,0.0,1.0,0.0,0.0,0.003868472,0.0,0,0,0,1,1
48569,-1,1,-0.38885498,0.40399295,0,1,unassigned,17.0,17.0,0.0,1.0,0.0,0.0,0.029013539,0.0,1,0,0,0,0
48570,-1,1,6.170777,0.99791473,1,1,unassigned,13.0,13.0,0.0,1.0,0.0,0.0,0.021276595,0.0,1,0,0,1,1
48571,-1,1,2.7621348,0.940595,1,1,unassigned,2.0,1.0,1.0,0.5,0.5,0.5,0.0,0.0,1,0,0,1,1
48572,-1,1,-0.37585753,0.4071264,0,1,unassigned,46.0,44.0,2.0,0.95652175,0.04347826,0.04347825,0.08510638,0.0037002775,1,0,0,0,0
48573,-1,0,-0.15233213,0.46199045,0,1,unassigned,9.0,9.0,0.0,1.0,0.0,0.0,0.013539651,0.0,0,0,0,0,0
48574,0,0,-0.9186481,0.2852334,0,0,val,16.0,16.0,0.0,1.0,0.0,0.0,0.027079303,0.0,0,0,1,0,0
48575,-1,0,0.38824552,0.5958603,1,1,unassigned,3.0,3.0,0.0,1.0,0.0,0.0,0.001934236,0.0,0,0,0,1,0
48576,-1,1,2.5294495,0.9261808,1,1,unassigned,13.0,1.0,12.0,0.07692308,0.9230769,0.9230769,0.021276595,0.019639933,1,1,0,1,1
48577,0,0,0.33578032,0.58316517,1,1,val,20.0,20.0,0.0,1.0,0.0,0.0,0.034816246,0.0,0,0,0,1,0
48578,-1,1,0.030534387,0.50763303,1,1,unassigned,32.0,30.0,2.0,0.9375,0.0625,0.0625,0.058027077,0.0036266923,1,0,0,1,0
48579,1,0,3.1428778,0.95862716,1,0,test,75.0,74.0,1.0,0.9866667,0.013333334,0.013333321,0.14119923,0.0018826565,0,0,1,1,1
48580,-1,1,0.66108376,0.6595038,1,1,unassigned,2.0,1.0,1.0,0.5,0.5,0.5,0.0,0.0,1,0,0,1,0
48581,-1,0,5.001695,0.99331844,1,1,unassigned,15.0,13.0,2.0,0.8666667,0.13333334,0.13333333,0.025145067,0.0033526758,0,0,0,1,1
48582,-1,0,3.9271853,0.9806815,1,1,unassigned,3.0,1.0,2.0,0.33333334,0.6666667,0.6666666,0.001934236,0.0012894907,0,0,0,1,1
48583,-1,1,0.8109949,0.6923215,1,1,unassigned,3.0,3.0,0.0,1.0,0.0,0.0,0.001934236,0.0,1,0,0,1,0
48584,-1,1,0.57096213,0.63898516,1,1,unassigned,8.0,8.0,0.0,1.0,0.0,0.0,0.0116054155,0.0,1,0,0,1,0
48585,-1,1,-0.47389305,0.38369521,0,1,unassigned,65.0,65.0,0.0,1.0,0.0,0.0,0.12185687,0.0,1,0,0,0,0
48586,-1,1,0.91375047,0.713767,1,1,unassigned,27.0,27.0,0.0,1.0,0.0,0.0,0.0483559,0.0,1,0,0,1,0
48587,-1,1,2.6471746,0.93383664,1,1,unassigned,16.0,16.0,0.0,1.0,0.0,0.0,0.027079303,0.0,1,0,0,1,1
48588,1,1,0.40063447,0.59884006,1,0,test,21.0,21.0,0.0,1.0,0.0,0.0,0.036750484,0.0,1,0,1,1,0
48589,-1,1,0.9134956,0.7137149,1,1,unassigned,53.0,48.0,5.0,0.9056604,0.094339624,0.09433961,0.09864604,0.00930623,1,0,0,1,0
48590,-1,1,3.4632146,0.9696228,1,1,unassigned,27.0,26.0,1.0,0.962963,0.037037037,0.037037015,0.0483559,0.0017909593,1,0,0,1,1
48591,-1,1,1.1098592,0.75210285,1,1,unassigned,10.0,7.0,3.0,0.7,0.3,0.3,0.015473888,0.0046421667,1,0,0,1,0
48592,-1,0,-0.37963927,0.4062139,0,1,unassigned,23.0,22.0,1.0,0.95652175,0.04347826,0.04347825,0.040618956,0.0017660416,0,0,0,0,0
48593,-1,1,0.053266346,0.5133134,1,1,unassigned,5.0,5.0,0.0,1.0,0.0,0.0,0.0058027077,0.0,1,0,0,1,0
48594,-1,1,4.83851,0.9921434,1,1,unassigned,9.0,9.0,0.0,1.0,0.0,0.0,0.013539651,0.0,1,0,0,1,1
48595,-1,0,-0.23287153,0.44204378,0,1,unassigned,3.0,3.0,0.0,1.0,0.0,0.0,0.001934236,0.0,0,0,0,0,0
48596,-1,1,-0.40703118,0.39962423,0,1,unassigned,2.0,2.0,0.0,1.0,0.0,0.0,0.0,0.0,1,0,0,0,0
48597,-1,0,0.008795083,0.50219876,1,1,unassigned,4.0,4.0,0.0,1.0,0.0,0.0,0.003868472,0.0,0,0,0,1,0
48598,-1,0,-0.40360677,0.4004461,0,1,unassigned,77.0,76.0,1.0,0.987013,0.012987013,0.012987018,0.14506769,0.001883996,0,0,0,0,0
48599,-1,0,2.0431402,0.88525265,1,1,unassigned,6.0,6.0,0.0,1.0,0.0,0.0,0.007736944,0.0,0,0,0,1,0
48600,-1,1,-0.7535728,0.3200433,0,1,unassigned,13.0,13.0,0.0,1.0,0.0,0.0,0.021276595,0.0,1,0,0,0,0
48601,-1,0,-0.38893563,0.40397355,0,1,unassigned,50.0,50.0,0.0,1.0,0.0,0.0,0.092843324,0.0,0,0,0,0,0
48602,-1,1,5.8101497,0.9970119,1,1,unassigned,3.0,2.0,1.0,0.6666667,0.33333334,0.3333333,0.001934236,0.00064474536,1,0,0,1,1
48603,-1,0,0.70040065,0.6682766,1,1,unassigned,2.0,1.0,1.0,0.5,0.5,0.5,0.0,0.0,0,0,0,1,0
48604,-1,1,2.038461,0.8847765,1,1,unassigned,5.0,5.0,0.0,1.0,0.0,0.0,0.0058027077,0.0,1,0,0,1,0
48605,1,1,7.0016494,0.99909043,1,0,val,14.0,13.0,1.0,0.9285714,0.071428575,0.0714286,0.023210831,0.0016579166,1,0,1,1,1
48606,0,0,-0.43031383,0.39405137,0,0,test,60.0,60.0,0.0,1.0,0.0,0.0,0.11218569,0.0,0,0,1,0,0
48607,-1,1,-0.6149482,0.3509313,0,1,unassigned,28.0,27.0,1.0,0.96428573,0.035714287,0.03571427,0.050290134,0.0017960763,1,0,0,0,0
48608,-1,0,14.108892,0.9999993,1,1,unassigned,27.0,24.0,3.0,0.8888889,0.11111111,0.111111104,0.0483559,0.0053728777,0,0,0,1,1
48609,-1,1,-0.046598077,0.48835257,0,1,unassigned,13.0,10.0,3.0,0.7692308,0.23076923,0.23076922,0.021276595,0.0049099834,1,0,0,0,0
48610,-1,1,-0.52560866,0.37154168,0,1,unassigned,11.0,11.0,0.0,1.0,0.0,0.0,0.017408123,0.0,1,0,0,0,0
48611,-1,1,-0.81479156,0.30687037,0,1,unassigned,2.0,2.0,0.0,1.0,0.0,0.0,0.0,0.0,1,0,0,0,0
48612,-1,1,4.825279,0.99203956,1,1,unassigned,10.0,9.0,1.0,0.9,0.1,0.100000024,0.015473888,0.0015473888,1,0,0,1,1
48613,-1,0,7.68648,0.9995413,1,1,unassigned,4.0,3.0,1.0,0.75,0.25,0.25,0.003868472,0.000967118,0,0,0,1,1
48614,-1,1,-0.93917567,0.2810669,0,1,unassigned,35.0,33.0,2.0,0.94285715,0.057142857,0.057142854,0.06382979,0.0036474164,1,0,0,0,0
48615,1,1,2.9784896,0.95159286,1,0,unassigned,7.0,7.0,0.0,1.0,0.0,0.0,0.00967118,0.0,1,0,1,1,1
48616,-1,1,6.090821,0.9977416,1,1,unassigned,6.0,4.0,2.0,0.6666667,0.33333334,0.3333333,0.007736944,0.0025789815,1,0,0,1,1
48617,-1,0,-0.73044735,0.32509658,0,1,unassigned,10.0,10.0,0.0,1.0,0.0,0.0,0.015473888,0.0,0,0,0,0,0
48618,-1,0,-0.38961422,0.40381017,0,1,unassigned,3.0,3.0,0.0,1.0,0.0,0.0,0.001934236,0.0,0,0,0,0,0
48619,-1,1,3.2679646,0.9633133,1,1,unassigned,9.0,9.0,0.0,1.0,0.0,0.0,0.013539651,0.0,1,0,0,1,1
48620,-1,0,1.0877612,0.7479599,1,1,unassigned,4.0,4.0,0.0,1.0,0.0,0.0,0.003868472,0.0,0,0,0,1,0
48621,-1,1,4.0683265,0.9831818,1,1,unassigned,4.0,4.0,0.0,1.0,0.0,0.0,0.003868472,0.0,1,0,0,1,1
48622,-1,1,-0.9265331,0.2836286,0,1,unassigned,2.0,2.0,0.0,1.0,0.0,0.0,0.0,0.0,1,0,0,0,0
48623,-1,1,-0.4008267,0.4011137,0,1,unassigned,67.0,64.0,3.0,0.95522386,0.04477612,0.04477614,0.12572534,0.005629493,1,0,0,0,0
48624,-1,1,6.4104304,0.9983583,1,1,unassigned,6.0,5.0,1.0,0.8333333,0.16666667,0.16666669,0.007736944,0.0012894907,1,0,0,1,1
48625,-1,0,3.2406876,0.962337,1,1,unassigned,6.0,6.0,0.0,1.0,0.0,0.0,0.007736944,0.0,0,0,0,1,1
48626,1,1,4.455237,0.98851585,1,0,val,3.0,3.0,0.0,1.0,0.0,0.0,0.001934236,0.0,1,0,1,1,1
48627,-1,1,2.75872,0.94040394,1,1,unassigned,4.0,4.0,0.0,1.0,0.0,0.0,0.003868472,0.0,1,0,0,1,1
48628,-1,0,-0.5643394,0.362544,0,1,unassigned,4.0,4.0,0.0,1.0,0.0,0.0,0.003868472,0.0,0,0,0,0,0
48629,-1,0,-1.0757811,0.25430524,0,1,unassigned,4.0,4.0,0.0,1.0,0.0,0.0,0.003868472,0.0,0,0,0,0,0
48630,-1,0,-0.029536963,0.4926163,0,1,unassigned,7.0,7.0,0.0,1.0,0.0,0.0,0.00967118,0.0,0,0,0,0,0
48631,-1,0,3.2525027,0.9627629,1,1,unassigned,7.0,5.0,2.0,0.71428573,0.2857143,0.28571427,0.00967118,0.0027631943,0,0,0,1,1
48632,-1,0,3.653972,0.9747652,1,1,unassigned,22.0,1.0,21.0,0.045454547,0.95454544,0.95454544,0.03868472,0.03692632,0,0,0,1,1
48633,-1,1,2.5099003,0.924833,1,1,unassigned,15.0,15.0,0.0,1.0,0.0,0.0,0.025145067,0.0,1,0,0,1,1
48634,1,1,9.752768,0.9999418,1,0,unassigned,18.0,17.0,1.0,0.9444444,0.055555556,0.055555582,0.030947777,0.0017193209,1,0,1,1,1
48635,-1,0,-0.3326429,0.41759774,0,1,unassigned,12.0,12.0,0.0,1.0,0.0,0.0,0.01934236,0.0,0,0,0,0,0
48636,-1,0,-0.2013633,0.44982857,0,1,unassigned,19.0,14.0,5.0,0.7368421,0.2631579,0.2631579,0.032882012,0.008653161,0,0,0,0,0
48637,-1,1,-0.31262904,0.42247313,0,1,unassigned,33.0,30.0,3.0,0.90909094,0.09090909,0.090909064,0.059961315,0.0054510287,1,0,0,0,0
48638,-1,0,-0.50401896,0.37659666,0,1,unassigned,59.0,59.0,0.0,1.0,0.0,0.0,0.11025145,0.0,0,0,0,0,0
48639,-1,0,-0.05595714,0.48601437,0,1,unassigned,40.0,40.0,0.0,1.0,0.0,0.0,0.07350097,0.0,0,0,0,0,0
48640,-1,1,1.2519648,0.7776398,1,1,unassigned,28.0,27.0,1.0,0.96428573,0.035714287,0.03571427,0.050290134,0.0017960763,1,0,0,1,0
48641,-1,1,-0.29488218,0.42680904,0,1,unassigned,2.0,2.0,0.0,1.0,0.0,0.0,0.0,0.0,1,0,0,0,0
48642,-1,0,-0.73463994,0.32417735,0,1,unassigned,40.0,40.0,0.0,1.0,0.0,0.0,0.07350097,0.0,0,0,0,0,0
48643,-1,0,3.163399,0.9594335,1,1,unassigned,4.0,4.0,0.0,1.0,0.0,0.0,0.003868472,0.0,0,0,0,1,1
48644,-1,0,-0.116561025,0.47089267,0,1,unassigned,16.0,15.0,1.0,0.9375,0.0625,0.0625,0.027079303,0.0016924564,0,0,0,0,0
48645,-1,1,-0.84968585,0.29949877,0,1,unassigned,5.0,5.0,0.0,1.0,0.0,0.0,0.0058027077,0.0,1,0,0,0,0
48646,-1,1,16.515568,0.9999999,1,1,unassigned,15.0,13.0,2.0,0.8666667,0.13333334,0.13333333,0.025145067,0.0033526758,1,0,0,1,1
48647,-1,1,8.258511,0.999741,1,1,unassigned,9.0,9.0,0.0,1.0,0.0,0.0,0.013539651,0.0,1,0,0,1,1
48648,0,0,-0.07631308,0.48093098,0,0,unassigned,11.0,11.0,0.0,1.0,0.0,0.0,0.017408123,0.0,0,0,1,0,0
48649,-1,0,0.21591121,0.55376905,1,1,unassigned,11.0,11.0,0.0,1.0,0.0,0.0,0.017408123,0.0,0,0,0,1,0
48650,1,0,0.14375645,0.53587735,1,0,unassigned,42.0,42.0,0.0,1.0,0.0,0.0,0.07736944,0.0,0,0,1,1,0
48651,-1,0,0.09918338,0.52477556,1,1,unassigned,25.0,25.0,0.0,1.0,0.0,0.0,0.044487428,0.0,0,0,0,1,0
48652,1,0,-0.24642462,0.43870372,0,1,unassigned,32.0,30.0,2.0,0.9375,0.0625,0.0625,0.058027077,0.0036266923,0,0,0,0,0
48653,-1,0,2.156175,0.89624435,1,1,unassigned,2.0,2.0,0.0,1.0,0.0,0.0,0.0,0.0,0,0,0,1,0
48654,-1,0,0.42821366,0.60544705,1,1,unassigned,3.0,2.0,1.0,0.6666667,0.33333334,0.3333333,0.001934236,0.00064474536,0,0,0,1,0
48655,-1,1,-0.36387193,0.4100226,0,1,unassigned,13.0,12.0,1.0,0.9230769,0.07692308,0.07692307,0.021276595,0.0016366612,1,0,0,0,0
48656,-1,0,-0.3864839,0.404564,0,1,unassigned,2.0,2.0,0.0,1.0,0.0,0.0,0.0,0.0,0,0,0,0,0
48657,-1,0,-0.6651117,0.33959225,0,1,unassigned,19.0,19.0,0.0,1.0,0.0,0.0,0.032882012,0.0,0,0,0,0,0
48658,-1,0,2.7468433,0.9397349,1,1,unassigned,3.0,2.0,1.0,0.6666667,0.33333334,0.3333333,0.001934236,0.00064474536,0,0,0,1,1
48659,0,0,0.642165,0.6552427,1,1,unassigned,12.0,12.0,0.0,1.0,0.0,0.0,0.01934236,0.0,0,0,0,1,0
48660,-1,1,3.2048788,0.96101743,1,1,unassigned,3.0,3.0,0.0,1.0,0.0,0.0,0.001934236,0.0,1,0,0,1,1
48661,-1,1,3.7973616,0.9780622,1,1,unassigned,4.0,4.0,0.0,1.0,0.0,0.0,0.003868472,0.0,1,0,0,1,1
48662,-1,0,0.18980235,0.5473087,1,1,unassigned,26.0,25.0,1.0,0.96153843,0.03846154,0.038461566,0.046421662,0.0017854486,0,0,0,1,0
48663,-1,0,0.8260316,0.6955152,1,1,unassigned,2.0,2.0,0.0,1.0,0.0,0.0,0.0,0.0,0,0,0,1,0
48664,-1,0,0.042753756,0.5106868,1,1,unassigned,40.0,40.0,0.0,1.0,0.0,0.0,0.07350097,0.0,0,0,0,1,0
48665,-1,1,5.2393117,0.9947241,1,1,unassigned,2.0,1.0,1.0,0.5,0.5,0.5,0.0,0.0,1,0,0,1,1
48666,-1,0,2.3432238,0.9123941,1,1,unassigned,4.0,4.0,0.0,1.0,0.0,0.0,0.003868472,0.0,0,0,0,1,1
48667,-1,1,5.2348223,0.99470043,1,1,unassigned,9.0,8.0,1.0,0.8888889,0.11111111,0.111111104,0.013539651,0.0015044058,1,0,0,1,1
48668,-1,1,3.555096,0.9722154,1,1,unassigned,4.0,4.0,0.0,1.0,0.0,0.0,0.003868472,0.0,1,0,0,1,1
48669,-1,1,3.9670618,0.98142266,1,1,unassigned,16.0,16.0,0.0,1.0,0.0,0.0,0.027079303,0.0,1,0,0,1,1
48670,-1,1,2.4271524,0.91887456,1,1,unassigned,12.0,10.0,2.0,0.8333333,0.16666667,0.16666669,0.01934236,0.0032237265,1,0,0,1,1
48671,-1,1,1.7878296,0.856661,1,1,unassigned,20.0,20.0,0.0,1.0,0.0,0.0,0.034816246,0.0,1,0,0,1,0
48672,-1,1,1.2519858,0.77764344,1,1,unassigned,7.0,7.0,0.0,1.0,0.0,0.0,0.00967118,0.0,1,0,0,1,0
48673,-1,0,2.882985,0.9469989,1,1,unassigned,9.0,8.0,1.0,0.8888889,0.11111111,0.111111104,0.013539651,0.0015044058,0,0,0,1,1
48674,-1,0,8.604261,0.9998167,1,1,unassigned,3.0,3.0,0.0,1.0,0.0,0.0,0.001934236,0.0,0,0,0,1,1
48675,-1,1,4.1241956,0.98408103,1,1,unassigned,5.0,2.0,3.0,0.4,0.6,0.6,0.0058027077,0.0034816249,1,0,0,1,1
48676,-1,0,1.5445001,0.824118,1,1,unassigned,17.0,17.0,0.0,1.0,0.0,0.0,0.029013539,0.0,0,0,0,1,0
48677,-1,1,-0.35591298,0.41194928,0,1,unassigned,25.0,25.0,0.0,1.0,0.0,0.0,0.044487428,0.0,1,0,0,0,0
48678,0,0,1.9203217,0.87217426,1,1,test,24.0,24.0,0.0,1.0,0.0,0.0,0.04255319,0.0,0,0,0,1,0
48679,-1,0,0.41425633,0.60210806,1,1,unassigned,2.0,2.0,0.0,1.0,0.0,0.0,0.0,0.0,0,0,0,1,0
48680,1,1,0.5657448,0.6377808,1,0,test,3.0,3.0,0.0,1.0,0.0,0.0,0.001934236,0.0,1,0,1,1,0
48681,1,0,-0.110571265,0.47238538,0,1,test,11.0,11.0,0.0,1.0,0.0,0.0,0.017408123,0.0,0,0,0,0,0
48682,-1,1,0.973913,0.72589874,1,1,unassigned,39.0,37.0,2.0,0.94871795,0.051282052,0.05128205,0.07156673,0.0036700887,1,0,0,1,0
48683,-1,1,-0.3109302,0.42288768,0,1,unassigned,39.0,38.0,1.0,0.974359,0.025641026,0.025641024,0.07156673,0.0018350444,1,0,0,0,0
48684,1,1,2.779547,0.94156057,1,0,test,43.0,43.0,0.0,1.0,0.0,0.0,0.079303674,0.0,1,0,1,1,1
48685,-1,1,1.9046035,0.87041163,1,1,unassigned,25.0,25.0,0.0,1.0,0.0,0.0,0.044487428,0.0,1,0,0,1,0
48686,-1,0,1.0600667,0.7427033,1,1,unassigned,11.0,11.0,0.0,1.0,0.0,0.0,0.017408123,0.0,0,0,0,1,0
48687,0,0,0.020340502,0.50508493,1,1,test,9.0,8.0,1.0,0.8888889,0.11111111,0.111111104,0.013539651,0.0015044058,0,0,0,1,0
48688,-1,1,3.0632358,0.9553505,1,1,unassigned,63.0,56.0,7.0,0.8888889,0.11111111,0.111111104,0.11798839,0.013109822,1,0,0,1,1
48689,-1,0,2.0679924,0.88775307,1,1,unassigned,3.0,3.0,0.0,1.0,0.0,0.0,0.001934236,0.0,0,0,0,1,0
48690,-1,1,0.1036064,0.5258784,1,1,unassigned,145.0,137.0,8.0,0.94482756,0.055172414,0.055172443,0.27659574,0.015260454,1,0,0,1,0
48691,0,1,-0.76100665,0.31842777,0,0,unassigned,55.0,53.0,2.0,0.96363634,0.036363635,0.03636366,0.102514505,0.0037278,1,0,1,0,0
48692,-1,0,-0.6541444,0.34205619,0,1,unassigned,2.0,2.0,0.0,1.0,0.0,0.0,0.0,0.0,0,0,0,0,0
48693,-1,1,0.19375467,0.5482877,1,1,unassigned,2.0,2.0,0.0,1.0,0.0,0.0,0.0,0.0,1,0,0,1,0
48694,-1,1,-0.18390962,0.45415175,0,1,unassigned,2.0,2.0,0.0,1.0,0.0,0.0,0.0,0.0,1,0,0,0,0
48695,-1,1,2.557349,0.92806566,1,1,unassigned,2.0,2.0,0.0,1.0,0.0,0.0,0.0,0.0,1,0,0,1,1
48696,-1,1,0.88159925,0.70715344,1,1,unassigned,2.0,2.0,0.0,1.0,0.0,0.0,0.0,0.0,1,0,0,1,0
48697,-1,1,1.3024733,0.78625095,1,1,unassigned,2.0,2.0,0.0,1.0,0.0,0.0,0.0,0.0,1,0,0,1,0
48698,-1,1,2.6159203,0.9318792,1,1,unassigned,33.0,33.0,0.0,1.0,0.0,0.0,0.059961315,0.0,1,0,0,1,1
48699,-1,1,2.920791,0.9488647,1,1,unassigned,15.0,14.0,1.0,0.93333334,0.06666667,0.06666666,0.025145067,0.0016763379,1,0,0,1,1
48700,-1,1,6.6019235,0.99864405,1,1,unassigned,4.0,3.0,1.0,0.75,0.25,0.25,0.003868472,0.000967118,1,0,0,1,1
48701,-1,0,-0.68614596,0.334891,0,1,unassigned,3.0,3.0,0.0,1.0,0.0,0.0,0.001934236,0.0,0,0,0,0,0
48702,0,1,-0.6805445,0.3361398,0,0,unassigned,10.0,10.0,0.0,1.0,0.0,0.0,0.015473888,0.0,1,0,1,0,0
48703,-1,1,0.41738862,0.6028582,1,1,unassigned,50.0,41.0,9.0,0.82,0.18,0.18,0.092843324,0.0167118,1,0,0,1,0
48704,-1,0,-0.035703003,0.49107522,0,1,unassigned,16.0,14.0,2.0,0.875,0.125,0.125,0.027079303,0.0033849129,0,0,0,0,0
48705,-1,0,0.4824564,0.6183278,1,1,unassigned,24.0,23.0,1.0,0.9583333,0.041666668,0.041666687,0.04255319,0.0017730496,0,0,0,1,0
48706,-1,1,-0.5169714,0.37356067,0,1,unassigned,2.0,1.0,1.0,0.5,0.5,0.5,0.0,0.0,1,0,0,0,0
48707,-1,1,2.0265896,0.88356066,1,1,unassigned,5.0,4.0,1.0,0.8,0.2,0.19999999,0.0058027077,0.0011605415,1,0,0,1,0
48708,-1,1,0.73931843,0.6768468,1,1,unassigned,6.0,6.0,0.0,1.0,0.0,0.0,0.007736944,0.0,1,0,0,1,0
48709,-1,1,0.4822256,0.61827326,1,1,unassigned,16.0,15.0,1.0,0.9375,0.0625,0.0625,0.027079303,0.0016924564,1,0,0,1,0
48710,-1,0,0.5827499,0.6416999,1,1,unassigned,2.0,2.0,0.0,1.0,0.0,0.0,0.0,0.0,0,0,0,1,0
48711,-1,1,1.425122,0.8061401,1,1,unassigned,4.0,3.0,1.0,0.75,0.25,0.25,0.003868472,0.000967118,1,0,0,1,0
48712,-1,0,0.12455082,0.53109753,1,1,unassigned,3.0,3.0,0.0,1.0,0.0,0.0,0.001934236,0.0,0,0,0,1,0
48713,-1,1,8.703669,0.99983406,1,1,unassigned,41.0,35.0,6.0,0.85365856,0.14634146,0.14634144,0.07543521,0.011039298,1,0,0,1,1
48714,-1,0,5.3994823,0.99550146,1,1,unassigned,2.0,2.0,0.0,1.0,0.0,0.0,0.0,0.0,0,0,0,1,1
48715,-1,0,2.8852062,0.9471103,1,1,unassigned,15.0,14.0,1.0,0.93333334,0.06666667,0.06666666,0.025145067,0.0016763379,0,0,0,1,1
48716,-1,0,5.695238,0.9966493,1,1,unassigned,3.0,2.0,1.0,0.6666667,0.33333334,0.3333333,0.001934236,0.00064474536,0,0,0,1,1
48717,-1,1,5.8590946,0.99715424,1,1,unassigned,15.0,14.0,1.0,0.93333334,0.06666667,0.06666666,0.025145067,0.0016763379,1,0,0,1,1
48718,-1,1,2.819308,0.9437103,1,1,unassigned,12.0,12.0,0.0,1.0,0.0,0.0,0.01934236,0.0,1,0,0,1,1
48719,1,1,-0.13774729,0.4656175,0,1,unassigned,41.0,40.0,1.0,0.9756098,0.024390243,0.02439022,0.07543521,0.001839883,1,0,0,0,0
48720,-1,0,1.9182024,0.8719379,1,1,unassigned,2.0,1.0,1.0,0.5,0.5,0.5,0.0,0.0,0,0,0,1,0
48721,-1,0,9.656714,0.999936,1,1,unassigned,12.0,10.0,2.0,0.8333333,0.16666667,0.16666669,0.01934236,0.0032237265,0,0,0,1,1
48722,1,0,1.83762,0.86266696,1,0,unassigned,2.0,2.0,0.0,1.0,0.0,0.0,0.0,0.0,0,0,1,1,0
48723,-1,0,1.0568395,0.7420861,1,1,unassigned,4.0,3.0,1.0,0.75,0.25,0.25,0.003868472,0.000967118,0,0,0,1,0
48724,-1,0,-0.7601678,0.31860986,0,1,unassigned,16.0,16.0,0.0,1.0,0.0,0.0,0.027079303,0.0,0,0,0,0,0
48725,-1,0,1.6679668,0.84130454,1,1,unassigned,24.0,23.0,1.0,0.9583333,0.041666668,0.041666687,0.04255319,0.0017730496,0,0,0,1,0
48726,-1,0,-0.60984886,0.35209367,0,1,unassigned,28.0,28.0,0.0,1.0,0.0,0.0,0.050290134,0.0,0,0,0,0,0
48727,-1,0,1.6266205,0.8357062,1,1,unassigned,3.0,3.0,0.0,1.0,0.0,0.0,0.001934236,0.0,0,0,0,1,0
48728,-1,0,2.2116864,0.90129405,1,1,unassigned,2.0,2.0,0.0,1.0,0.0,0.0,0.0,0.0,0,0,0,1,1
48729,-1,0,-0.101631105,0.47461405,0,1,unassigned,14.0,14.0,0.0,1.0,0.0,0.0,0.023210831,0.0,0,0,0,0,0
48730,-1,1,2.1968825,0.8999693,1,1,unassigned,12.0,12.0,0.0,1.0,0.0,0.0,0.01934236,0.0,1,0,0,1,0
48731,-1,0,1.2470438,0.7767877,1,1,unassigned,4.0,4.0,0.0,1.0,0.0,0.0,0.003868472,0.0,0,0,0,1,0
48732,-1,0,3.940635,0.9809347,1,1,unassigned,3.0,2.0,1.0,0.6666667,0.33333334,0.3333333,0.001934236,0.00064474536,0,0,0,1,1
48733,-1,0,2.8260906,0.9440695,1,1,unassigned,3.0,2.0,1.0,0.6666667,0.33333334,0.3333333,0.001934236,0.00064474536,0,0,0,1,1
48734,-1,1,0.5346951,0.6305775,1,1,unassigned,5.0,5.0,0.0,1.0,0.0,0.0,0.0058027077,0.0,1,0,0,1,0
48735,1,0,0.7020913,0.6686513,1,0,test,2.0,2.0,0.0,1.0,0.0,0.0,0.0,0.0,0,0,1,1,0
48736,-1,1,0.7326973,0.6753969,1,1,unassigned,4.0,4.0,0.0,1.0,0.0,0.0,0.003868472,0.0,1,0,0,1,0
48737,-1,1,-0.6667237,0.33923084,0,1,unassigned,15.0,15.0,0.0,1.0,0.0,0.0,0.025145067,0.0,1,0,0,0,0
48738,-1,1,2.003497,0.8811637,1,1,unassigned,10.0,10.0,0.0,1.0,0.0,0.0,0.015473888,0.0,1,0,0,1,0
48739,-1,1,1.5230708,0.8209902,1,1,unassigned,8.0,6.0,2.0,0.75,0.25,0.25,0.0116054155,0.0029013539,1,0,0,1,0
48740,-1,0,4.9479995,0.9929524,1,1,unassigned,3.0,2.0,1.0,0.6666667,0.33333334,0.3333333,0.001934236,0.00064474536,0,0,0,1,1
48741,-1,1,1.7036235,0.84600735,1,1,unassigned,83.0,81.0,2.0,0.97590363,0.024096385,0.02409637,0.15667312,0.0037752558,1,0,0,1,0
48742,-1,1,4.2964835,0.9865666,1,1,unassigned,6.0,6.0,0.0,1.0,0.0,0.0,0.007736944,0.0,1,0,0,1,1
48743,-1,0,-0.54551613,0.36690533,0,1,unassigned,26.0,26.0,0.0,1.0,0.0,0.0,0.046421662,0.0,0,0,0,0,0
48744,-1,1,-0.45199627,0.38888627,0,1,unassigned,65.0,63.0,2.0,0.9692308,0.03076923,0.030769229,0.12185687,0.003749442,1,0,0,0,0
48745,-1,0,3.9780023,0.9816211,1,1,unassigned,3.0,3.0,0.0,1.0,0.0,0.0,0.001934236,0.0,0,0,0,1,1
48746,1,0,0.9410891,0.7193196,1,0,unassigned,11.0,10.0,1.0,0.90909094,0.09090909,0.090909064,0.017408123,0.0015825568,0,0,1,1,0
48747,-1,0,-0.5581513,0.36397535,0,1,unassigned,13.0,12.0,1.0,0.9230769,0.07692308,0.07692307,0.021276595,0.0016366612,0,0,0,0,0
48748,-1,0,-0.14711788,0.4632867,0,1,unassigned,51.0,50.0,1.0,0.98039216,0.019607844,0.019607842,0.09477756,0.0018583836,0,0,0,0,0
48749,-1,0,-0.04339379,0.48915324,0,1,unassigned,27.0,26.0,1.0,0.962963,0.037037037,0.037037015,0.0483559,0.0017909593,0,0,0,0,0
48750,-1,0,-0.76677155,0.3171779,0,1,unassigned,28.0,28.0,0.0,1.0,0.0,0.0,0.050290134,0.0,0,0,0,0,0
48751,-1,0,-0.8676174,0.29575032,0,1,unassigned,6.0,5.0,1.0,0.8333333,0.16666667,0.16666669,0.007736944,0.0012894907,0,0,0,0,0
48752,0,0,-0.55449986,0.36482105,0,0,unassigned,6.0,6.0,0.0,1.0,0.0,0.0,0.007736944,0.0,0,0,1,0,0
48753,-1,0,1.9368618,0.874007,1,1,unassigned,17.0,17.0,0.0,1.0,0.0,0.0,0.029013539,0.0,0,0,0,1,0
48754,-1,1,0.64036304,0.6548355,1,1,unassigned,35.0,31.0,4.0,0.8857143,0.114285715,0.11428571,0.06382979,0.0072948327,1,0,0,1,0
48755,-1,1,9.4664,0.99992263,1,1,unassigned,21.0,21.0,0.0,1.0,0.0,0.0,0.036750484,0.0,1,0,0,1,1
48756,-1,0,4.7392945,0.991331,1,1,unassigned,11.0,10.0,1.0,0.90909094,0.09090909,0.090909064,0.017408123,0.0015825568,0,0,0,1,1
48757,-1,1,0.099273026,0.5247979,1,1,unassigned,7.0,7.0,0.0,1.0,0.0,0.0,0.00967118,0.0,1,0,0,1,0
48758,-1,1,13.218861,0.9999982,1,1,unassigned,14.0,13.0,1.0,0.9285714,0.071428575,0.0714286,0.023210831,0.0016579166,1,0,0,1,1
48759,1,1,0.08310777,0.520765,1,0,unassigned,17.0,15.0,2.0,0.88235295,0.11764706,0.11764705,0.029013539,0.0034133575,1,0,1,1,0
48760,-1,0,1.1303661,0.7559064,1,1,unassigned,4.0,4.0,0.0,1.0,0.0,0.0,0.003868472,0.0,0,0,0,1,0
48761,-1,1,0.19983304,0.54979265,1,1,unassigned,9.0,8.0,1.0,0.8888889,0.11111111,0.111111104,0.013539651,0.0015044058,1,0,0,1,0
48762,-1,0,0.0003350377,0.50008374,1,1,unassigned,9.0,9.0,0.0,1.0,0.0,0.0,0.013539651,0.0,0,0,0,1,0
48763,-1,0,-0.27789205,0.43097064,0,1,unassigned,11.0,11.0,0.0,1.0,0.0,0.0,0.017408123,0.0,0,0,0,0,0
48764,-1,0,5.760385,0.99686,1,1,unassigned,3.0,3.0,0.0,1.0,0.0,0.0,0.001934236,0.0,0,0,0,1,1
48765,-1,1,-0.7483357,0.32118404,0,1,unassigned,30.0,29.0,1.0,0.96666664,0.033333335,0.03333336,0.054158606,0.001805287,1,0,0,0,0
48766,-1,1,-0.16566846,0.45867735,0,1,unassigned,110.0,109.0,1.0,0.9909091,0.009090909,0.0090909,0.20889749,0.001899068,1,0,0,0,0
48767,-1,1,5.0250907,0.993472,1,1,unassigned,61.0,55.0,6.0,0.90163934,0.09836066,0.09836066,0.114119925,0.011224911,1,0,0,1,1
48768,1,0,1.6072075,0.8330233,1,0,unassigned,33.0,32.0,1.0,0.969697,0.030303031,0.030303001,0.059961315,0.0018170096,0,0,1,1,0
48769,-1,1,1.4589775,0.8113762,1,1,unassigned,44.0,41.0,3.0,0.9318182,0.06818182,0.06818181,0.08123791,0.005538949,1,0,0,1,0
48770,-1,1,-0.9073565,0.2875411,0,1,unassigned,12.0,12.0,0.0,1.0,0.0,0.0,0.01934236,0.0,1,0,0,0,0
48771,1,0,3.0012982,0.9526328,1,0,unassigned,24.0,24.0,0.0,1.0,0.0,0.0,0.04255319,0.0,0,0,1,1,1
48772,-1,0,4.973739,0.99313027,1,1,unassigned,3.0,3.0,0.0,1.0,0.0,0.0,0.001934236,0.0,0,0,0,1,1
48773,-1,1,1.8943238,0.8692478,1,1,unassigned,38.0,34.0,4.0,0.8947368,0.10526316,0.10526317,0.06963249,0.0073297364,1,0,0,1,0
48774,-1,0,1.4886417,0.81587434,1,1,unassigned,4.0,4.0,0.0,1.0,0.0,0.0,0.003868472,0.0,0,0,0,1,0
48775,-1,0,-0.28461063,0.42932382,0,1,unassigned,2.0,2.0,0.0,1.0,0.0,0.0,0.0,0.0,0,0,0,0,0
48776,-1,0,-0.9086707,0.28727192,0,1,unassigned,2.0,2.0,0.0,1.0,0.0,0.0,0.0,0.0,0,0,0,0,0
48777,-1,1,-0.7818038,0.31393126,0,1,unassigned,39.0,39.0,0.0,1.0,0.0,0.0,0.07156673,0.0,1,0,0,0,0
48778,-1,0,-0.83884275,0.30177855,0,1,unassigned,5.0,5.0,0.0,1.0,0.0,0.0,0.0058027077,0.0,0,0,0,0,0
48779,0,0,-0.16934949,0.45776352,0,0,val,7.0,7.0,0.0,1.0,0.0,0.0,0.00967118,0.0,0,0,1,0,0
48780,-1,1,1.0300677,0.736929,1,1,unassigned,2.0,1.0,1.0,0.5,0.5,0.5,0.0,0.0,1,0,0,1,0
48781,-1,0,0.73977953,0.67694765,1,1,unassigned,2.0,2.0,0.0,1.0,0.0,0.0,0.0,0.0,0,0,0,1,0
48782,-1,0,0.1546166,0.5385773,1,1,unassigned,4.0,4.0,0.0,1.0,0.0,0.0,0.003868472,0.0,0,0,0,1,0
48783,-1,0,2.3411505,0.9122282,1,1,unassigned,7.0,6.0,1.0,0.85714287,0.14285715,0.14285713,0.00967118,0.0013815971,0,0,0,1,1
48784,1,0,-0.22915742,0.44296002,0,1,test,30.0,29.0,1.0,0.96666664,0.033333335,0.03333336,0.054158606,0.001805287,0,0,0,0,0
48785,-1,0,-0.18238437,0.45452988,0,1,unassigned,10.0,10.0,0.0,1.0,0.0,0.0,0.015473888,0.0,0,0,0,0,0
48786,-1,0,0.18256742,0.54551554,1,1,unassigned,11.0,11.0,0.0,1.0,0.0,0.0,0.017408123,0.0,0,0,0,1,0
48787,-1,0,3.0018394,0.9526571,1,1,unassigned,2.0,2.0,0.0,1.0,0.0,0.0,0.0,0.0,0,0,0,1,1
48788,-1,0,-0.3858738,0.40471098,0,1,unassigned,21.0,21.0,0.0,1.0,0.0,0.0,0.036750484,0.0,0,0,0,0,0
48789,-1,0,1.684901,0.8435524,1,1,unassigned,8.0,8.0,0.0,1.0,0.0,0.0,0.0116054155,0.0,0,0,0,1,0
48790,-1,0,-0.73004746,0.32518432,0,1,unassigned,30.0,30.0,0.0,1.0,0.0,0.0,0.054158606,0.0,0,0,0,0,0
48791,-1,0,1.59776,0.83170503,1,1,unassigned,6.0,6.0,0.0,1.0,0.0,0.0,0.007736944,0.0,0,0,0,1,0
48792,-1,0,3.3654673,0.9666077,1,1,unassigned,2.0,2.0,0.0,1.0,0.0,0.0,0.0,0.0,0,0,0,1,1
48793,-1,0,2.4476817,0.9203918,1,1,unassigned,10.0,10.0,0.0,1.0,0.0,0.0,0.015473888,0.0,0,0,0,1,1
48794,-1,0,2.7856677,0.9418963,1,1,unassigned,3.0,2.0,1.0,0.6666667,0.33333334,0.3333333,0.001934236,0.00064474536,0,0,0,1,1
48795,-1,0,1.9949777,0.88026875,1,1,unassigned,3.0,3.0,0.0,1.0,0.0,0.0,0.001934236,0.0,0,0,0,1,0
48796,-1,0,5.9756227,0.99746656,1,1,unassigned,2.0,2.0,0.0,1.0,0.0,0.0,0.0,0.0,0,0,0,1,1
48797,0,0,1.1472008,0.7589993,1,1,test,26.0,26.0,0.0,1.0,0.0,0.0,0.046421662,0.0,0,0,0,1,0
48798,-1,1,0.57805115,0.64061886,1,1,unassigned,4.0,4.0,0.0,1.0,0.0,0.0,0.003868472,0.0,1,0,0,1,0
48799,-1,0,2.7780986,0.9414808,1,1,unassigned,3.0,3.0,0.0,1.0,0.0,0.0,0.001934236,0.0,0,0,0,1,1
48800,-1,1,0.28366286,0.570444,1,1,unassigned,3.0,3.0,0.0,1.0,0.0,0.0,0.001934236,0.0,1,0,0,1,0
48801,-1,0,2.669745,0.93521756,1,1,unassigned,2.0,2.0,0.0,1.0,0.0,0.0,0.0,0.0,0,0,0,1,1
48802,-1,1,0.21713442,0.55407137,1,1,unassigned,3.0,3.0,0.0,1.0,0.0,0.0,0.001934236,0.0,1,0,0,1,0
48803,-1,1,5.8243947,0.9970541,1,1,unassigned,2.0,2.0,0.0,1.0,0.0,0.0,0.0,0.0,1,0,0,1,1
48804,1,1,-0.52806604,0.37096807,0,1,test,12.0,12.0,0.0,1.0,0.0,0.0,0.01934236,0.0,1,0,0,0,0
48805,0,0,-0.7342695,0.3242585,0,0,unassigned,4.0,4.0,0.0,1.0,0.0,0.0,0.003868472,0.0,0,0,1,0,0
48806,-1,0,6.390276,0.99832505,1,1,unassigned,9.0,8.0,1.0,0.8888889,0.11111111,0.111111104,0.013539651,0.0015044058,0,0,0,1,1
48807,-1,1,2.0484502,0.8857909,1,1,unassigned,3.0,2.0,1.0,0.6666667,0.33333334,0.3333333,0.001934236,0.00064474536,1,0,0,1,0
48808,-1,1,1.9097016,0.8709856,1,1,unassigned,52.0,52.0,0.0,1.0,0.0,0.0,0.0967118,0.0,1,0,0,1,0
48809,0,0,-0.9908431,0.27074558,0,0,unassigned,32.0,31.0,1.0,0.96875,0.03125,0.03125,0.058027077,0.0018133462,0,0,1,0,0
48810,-1,0,-0.19177473,0.4522027,0,1,unassigned,36.0,36.0,0.0,1.0,0.0,0.0,0.065764025,0.0,0,0,0,0,0
48811,1,0,0.18748868,0.5467353,1,0,unassigned,4.0,4.0,0.0,1.0,0.0,0.0,0.003868472,0.0,0,0,1,1,0
48812,-1,1,0.5345215,0.6305371,1,1,unassigned,19.0,19.0,0.0,1.0,0.0,0.0,0.032882012,0.0,1,0,0,1,0
48813,-1,0,2.9465482,0.9501001,1,1,unassigned,2.0,2.0,0.0,1.0,0.0,0.0,0.0,0.0,0,0,0,1,1
48814,-1,0,3.02894,0.9538645,1,1,unassigned,7.0,7.0,0.0,1.0,0.0,0.0,0.00967118,0.0,0,0,0,1,1
48815,-1,0,3.0333662,0.95405895,1,1,unassigned,17.0,15.0,2.0,0.88235295,0.11764706,0.11764705,0.029013539,0.0034133575,0,0,0,1,1
48816,-1,0,-0.78985053,0.31220075,0,1,unassigned,2.0,2.0,0.0,1.0,0.0,0.0,0.0,0.0,0,0,0,0,0
48817,-1,1,2.72428,0.93844426,1,1,unassigned,34.0,34.0,0.0,1.0,0.0,0.0,0.061895553,0.0,1,0,0,1,1
48818,-1,0,5.291511,0.9949911,1,1,unassigned,2.0,2.0,0.0,1.0,0.0,0.0,0.0,0.0,0,0,0,1,1
48819,-1,0,0.80212814,0.6904295,1,1,unassigned,6.0,5.0,1.0,0.8333333,0.16666667,0.16666669,0.007736944,0.0012894907,0,0,0,1,0
48820,-1,1,1.9239211,0.872575,1,1,unassigned,4.0,4.0,0.0,1.0,0.0,0.0,0.003868472,0.0,1,0,0,1,0
48821,-1,0,-0.041349947,0.489664,0,1,unassigned,28.0,28.0,0.0,1.0,0.0,0.0,0.050290134,0.0,0,0,0,0,0
48822,-1,0,4.831878,0.99209154,1,1,unassigned,4.0,4.0,0.0,1.0,0.0,0.0,0.003868472,0.0,0,0,0,1,1
48823,1,1,-0.36453888,0.4098613,0,1,unassigned,3.0,3.0,0.0,1.0,0.0,0.0,0.001934236,0.0,1,0,0,0,0
48824,-1,1,6.7062297,0.99877816,1,1,unassigned,9.0,6.0,3.0,0.6666667,0.33333334,0.3333333,0.013539651,0.004513217,1,0,0,1,1
48825,-1,1,6.0108733,0.9975541,1,1,unassigned,7.0,7.0,0.0,1.0,0.0,0.0,0.00967118,0.0,1,0,0,1,1
48826,-1,1,1.546083,0.82434726,1,1,unassigned,2.0,2.0,0.0,1.0,0.0,0.0,0.0,0.0,1,0,0,1,0
48827,0,0,-0.59890276,0.35459474,0,0,test,14.0,14.0,0.0,1.0,0.0,0.0,0.023210831,0.0,0,0,1,0,0
48828,-1,1,2.9399621,0.9497869,1,1,unassigned,9.0,9.0,0.0,1.0,0.0,0.0,0.013539651,0.0,1,0,0,1,1
48829,-1,1,4.6980596,0.99096936,1,1,unassigned,31.0,28.0,3.0,0.9032258,0.09677419,0.09677422,0.056092843,0.0054283394,1,0,0,1,1
48830,-1,1,3.5770438,0.9728021,1,1,unassigned,4.0,4.0,0.0,1.0,0.0,0.0,0.003868472,0.0,1,0,0,1,1
48831,-1,0,-0.621777,0.34937742,0,1,unassigned,40.0,40.0,0.0,1.0,0.0,0.0,0.07350097,0.0,0,0,0,0,0
48832,-1,0,-0.7475629,0.32135257,0,1,unassigned,39.0,39.0,0.0,1.0,0.0,0.0,0.07156673,0.0,0,0,0,0,0
48833,-1,0,-0.833999,0.30280018,0,1,unassigned,17.0,17.0,0.0,1.0,0.0,0.0,0.029013539,0.0,0,0,0,0,0
48834,-1,0,0.5872424,0.6427322,1,1,unassigned,7.0,7.0,0.0,1.0,0.0,0.0,0.00967118,0.0,0,0,0,1,0
48835,1,0,6.061,0.99767333,1,0,unassigned,3.0,3.0,0.0,1.0,0.0,0.0,0.001934236,0.0,0,0,1,1,1
48836,-1,1,0.7098201,0.67036146,1,1,unassigned,36.0,35.0,1.0,0.9722222,0.027777778,0.027777791,0.065764025,0.0018267785,1,0,0,1,0
48837,-1,1,1.3288579,0.7906517,1,1,unassigned,4.0,4.0,0.0,1.0,0.0,0.0,0.003868472,0.0,1,0,0,1,0
48838,-1,1,-0.9717985,0.27452216,0,1,unassigned,5.0,5.0,0.0,1.0,0.0,0.0,0.0058027077,0.0,1,0,0,0,0
48839,-1,1,3.5780818,0.97282964,1,1,unassigned,175.0,163.0,12.0,0.93142855,0.068571426,0.06857145,0.33462283,0.022945564,1,0,0,1,1
48840,-1,0,2.906925,0.9481877,1,1,unassigned,2.0,1.0,1.0,0.5,0.5,0.5,0.0,0.0,0,0,0,1,1
48841,-1,1,0.6451922,0.6559262,1,1,unassigned,71.0,61.0,10.0,0.85915494,0.14084508,0.14084506,0.13346228,0.018797506,1,0,0,1,0
48842,-1,1,0.902335,0.71142906,1,1,unassigned,11.0,11.0,0.0,1.0,0.0,0.0,0.017408123,0.0,1,0,0,1,0
48843,-1,1,-0.7600917,0.31862634,0,1,unassigned,7.0,7.0,0.0,1.0,0.0,0.0,0.00967118,0.0,1,0,0,0,0
48844,-1,1,3.5809238,0.9729047,1,1,unassigned,11.0,11.0,0.0,1.0,0.0,0.0,0.017408123,0.0,1,0,0,1,1
48845,-1,1,3.5150836,0.97111386,1,1,unassigned,11.0,10.0,1.0,0.90909094,0.09090909,0.090909064,0.017408123,0.0015825568,1,0,0,1,1
48846,-1,1,-0.7582697,0.31902203,0,1,unassigned,134.0,133.0,1.0,0.9925373,0.0074626864,0.0074626803,0.25531915,0.0019053668,1,0,0,0,0
48847,-1,1,-0.8971355,0.2896395,0,1,unassigned,45.0,41.0,4.0,0.9111111,0.08888889,0.08888888,0.08317215,0.0073930803,1,0,0,0,0
48848,-1,1,1.6932957,0.84465706,1,1,unassigned,21.0,19.0,2.0,0.9047619,0.0952381,0.09523809,0.036750484,0.0035000462,1,0,0,1,0
48849,-1,1,2.1385348,0.89459246,1,1,unassigned,9.0,7.0,2.0,0.7777778,0.22222222,0.22222221,0.013539651,0.0030088115,1,0,0,1,0
48850,-1,1,4.4487147,0.9884416,1,1,unassigned,2.0,2.0,0.0,1.0,0.0,0.0,0.0,0.0,1,0,0,1,1
48851,-1,1,2.1573496,0.89635354,1,1,unassigned,12.0,12.0,0.0,1.0,0.0,0.0,0.01934236,0.0,1,0,0,1,0
48852,-1,0,5.9096074,0.9972941,1,1,unassigned,2.0,2.0,0.0,1.0,0.0,0.0,0.0,0.0,0,0,0,1,1
48853,-1,0,5.4653783,0.9957871,1,1,unassigned,2.0,2.0,0.0,1.0,0.0,0.0,0.0,0.0,0,0,0,1,1
48854,-1,1,5.0564117,0.9936719,1,1,unassigned,29.0,25.0,4.0,0.86206895,0.13793103,0.13793105,0.05222437,0.0072033615,1,0,0,1,1
48855,-1,0,11.42668,0.99998915,1,1,unassigned,2.0,2.0,0.0,1.0,0.0,0.0,0.0,0.0,0,0,0,1,1
48856,-1,0,-0.27980304,0.43050206,0,1,unassigned,37.0,4.0,33.0,0.10810811,0.8918919,0.8918919,0.06769826,0.06037953,0,0,0,0,0
48857,-1,1,2.0106866,0.88191456,1,1,unassigned,14.0,13.0,1.0,0.9285714,0.071428575,0.0714286,0.023210831,0.0016579166,1,0,0,1,0
48858,-1,0,7.2325673,0.9992779,1,1,unassigned,2.0,2.0,0.0,1.0,0.0,0.0,0.0,0.0,0,0,0,1,1
48859,-1,0,-0.5800752,0.35891527,0,1,unassigned,19.0,19.0,0.0,1.0,0.0,0.0,0.032882012,0.0,0,0,0,0,0
48860,-1,1,-0.7268431,0.32588786,0,1,unassigned,5.0,5.0,0.0,1.0,0.0,0.0,0.0058027077,0.0,1,0,0,0,0
48861,-1,1,3.8820188,0.979807,1,1,unassigned,13.0,10.0,3.0,0.7692308,0.23076923,0.23076922,0.021276595,0.0049099834,1,0,0,1,1
48862,-1,0,3.804896,0.97822326,1,1,unassigned,2.0,2.0,0.0,1.0,0.0,0.0,0.0,0.0,0,0,0,1,1
48863,1,0,-0.13172472,0.46711636,0,1,unassigned,12.0,11.0,1.0,0.9166667,0.083333336,0.08333331,0.01934236,0.0016118633,0,0,0,0,0
48864,0,0,-0.17580792,0.45616087,0,0,test,7.0,7.0,0.0,1.0,0.0,0.0,0.00967118,0.0,0,0,1,0,0
48865,-1,0,-0.78969896,0.3122333,0,1,unassigned,2.0,2.0,0.0,1.0,0.0,0.0,0.0,0.0,0,0,0,0,0
48866,-1,0,1.7830808,0.85607684,1,1,unassigned,3.0,3.0,0.0,1.0,0.0,0.0,0.001934236,0.0,0,0,0,1,0
48867,-1,1,0.13081545,0.5326573,1,1,unassigned,2.0,2.0,0.0,1.0,0.0,0.0,0.0,0.0,1,0,0,1,0
48868,-1,0,1.06728,0.7440793,1,1,unassigned,4.0,4.0,0.0,1.0,0.0,0.0,0.003868472,0.0,0,0,0,1,0
48869,-1,0,16.548271,0.9999999,1,1,unassigned,22.0,17.0,5.0,0.77272725,0.22727273,0.22727275,0.03868472,0.008791981,0,0,0,1,1
48870,-1,1,1.344527,0.7932334,1,1,unassigned,3.0,3.0,0.0,1.0,0.0,0.0,0.001934236,0.0,1,0,0,1,0
48871,-1,0,-0.21212023,0.44716787,0,1,unassigned,3.0,3.0,0.0,1.0,0.0,0.0,0.001934236,0.0,0,0,0,0,0
48872,0,0,0.21048737,0.5524284,1,1,unassigned,21.0,21.0,0.0,1.0,0.0,0.0,0.036750484,0.0,0,0,0,1,0
48873,-1,0,0.2354877,0.5586013,1,1,unassigned,5.0,5.0,0.0,1.0,0.0,0.0,0.0058027077,0.0,0,0,0,1,0
48874,-1,0,2.9051516,0.94810045,1,1,unassigned,2.0,2.0,0.0,1.0,0.0,0.0,0.0,0.0,0,0,0,1,1
48875,-1,0,0.68396837,0.6646238,1,1,unassigned,3.0,3.0,0.0,1.0,0.0,0.0,0.001934236,0.0,0,0,0,1,0
48876,-1,0,-0.27125055,0.43260014,0,1,unassigned,24.0,23.0,1.0,0.9583333,0.041666668,0.041666687,0.04255319,0.0017730496,0,0,0,0,0
48877,-1,1,-0.79923964,0.3101882,0,1,unassigned,9.0,9.0,0.0,1.0,0.0,0.0,0.013539651,0.0,1,0,0,0,0
48878,-1,1,-0.9268122,0.2835719,0,1,unassigned,18.0,18.0,0.0,1.0,0.0,0.0,0.030947777,0.0,1,0,0,0,0
48879,-1,1,-0.9223177,0.28448588,0,1,unassigned,35.0,35.0,0.0,1.0,0.0,0.0,0.06382979,0.0,1,0,0,0,0
48880,-1,1,2.6581972,0.9345144,1,1,unassigned,5.0,5.0,0.0,1.0,0.0,0.0,0.0058027077,0.0,1,0,0,1,1
48881,1,1,4.394029,0.98779976,1,0,val,15.0,15.0,0.0,1.0,0.0,0.0,0.025145067,0.0,1,0,1,1,1
48882,-1,1,4.761534,0.9915201,1,1,unassigned,18.0,18.0,0.0,1.0,0.0,0.0,0.030947777,0.0,1,0,0,1,1
48883,-1,1,-0.3448766,0.41462538,0,1,unassigned,5.0,5.0,0.0,1.0,0.0,0.0,0.0058027077,0.0,1,0,0,0,0
48884,-1,1,0.08321303,0.5207913,1,1,unassigned,27.0,27.0,0.0,1.0,0.0,0.0,0.0483559,0.0,1,0,0,1,0
48885,-1,1,4.194512,0.9851459,1,1,unassigned,11.0,10.0,1.0,0.90909094,0.09090909,0.090909064,0.017408123,0.0015825568,1,0,0,1,1
48886,-1,1,1.3260639,0.7901888,1,1,unassigned,36.0,33.0,3.0,0.9166667,0.083333336,0.08333331,0.065764025,0.0054803356,1,0,0,1,0
48887,-1,1,2.314346,0.9100582,1,1,unassigned,19.0,19.0,0.0,1.0,0.0,0.0,0.032882012,0.0,1,0,0,1,1
48888,-1,1,2.9255102,0.9490932,1,1,unassigned,14.0,14.0,0.0,1.0,0.0,0.0,0.023210831,0.0,1,0,0,1,1
48889,-1,1,-0.24280164,0.4395961,0,1,unassigned,13.0,13.0,0.0,1.0,0.0,0.0,0.021276595,0.0,1,0,0,0,0
48890,-1,0,-0.009572685,0.4976068,0,1,unassigned,3.0,3.0,0.0,1.0,0.0,0.0,0.001934236,0.0,0,0,0,0,0
48891,-1,1,5.715465,0.99671626,1,1,unassigned,14.0,14.0,0.0,1.0,0.0,0.0,0.023210831,0.0,1,0,0,1,1
48892,-1,0,-0.038009226,0.4904988,0,1,unassigned,2.0,2.0,0.0,1.0,0.0,0.0,0.0,0.0,0,0,0,0,0
48893,-1,0,-0.77067417,0.31633326,0,1,unassigned,2.0,2.0,0.0,1.0,0.0,0.0,0.0,0.0,0,0,0,0,0
48894,-1,1,-0.5143779,0.37416783,0,1,unassigned,3.0,3.0,0.0,1.0,0.0,0.0,0.001934236,0.0,1,0,0,0,0
48895,-1,1,4.6273336,0.99031395,1,1,unassigned,35.0,34.0,1.0,0.9714286,0.028571429,0.028571427,0.06382979,0.0018237082,1,0,0,1,1
48896,-1,1,-0.10779339,0.47307768,0,1,unassigned,9.0,9.0,0.0,1.0,0.0,0.0,0.013539651,0.0,1,0,0,0,0
48897,-1,1,0.13515311,0.53373694,1,1,unassigned,12.0,11.0,1.0,0.9166667,0.083333336,0.08333331,0.01934236,0.0016118633,1,0,0,1,0
48898,0,1,-1.1016444,0.2494319,0,0,unassigned,6.0,6.0,0.0,1.0,0.0,0.0,0.007736944,0.0,1,0,1,0,0
48899,-1,0,0.2963516,0.5735504,1,1,unassigned,4.0,4.0,0.0,1.0,0.0,0.0,0.003868472,0.0,0,0,0,1,0
48900,-1,1,5.5481515,0.9961204,1,1,unassigned,40.0,36.0,4.0,0.9,0.1,0.100000024,0.07350097,0.007350097,1,0,0,1,1
48901,-1,1,1.5510404,0.82506394,1,1,unassigned,17.0,15.0,2.0,0.88235295,0.11764706,0.11764705,0.029013539,0.0034133575,1,0,0,1,0
48902,-1,1,5.6301284,0.99642473,1,1,unassigned,11.0,11.0,0.0,1.0,0.0,0.0,0.017408123,0.0,1,0,0,1,1
48903,-1,1,2.033847,0.88430524,1,1,unassigned,15.0,15.0,0.0,1.0,0.0,0.0,0.025145067,0.0,1,0,0,1,0
48904,-1,1,3.522281,0.97131515,1,1,unassigned,4.0,3.0,1.0,0.75,0.25,0.25,0.003868472,0.000967118,1,0,0,1,1
48905,-1,1,1.0368805,0.73824763,1,1,unassigned,4.0,4.0,0.0,1.0,0.0,0.0,0.003868472,0.0,1,0,0,1,0
48906,-1,1,4.532883,0.9893646,1,1,unassigned,26.0,22.0,4.0,0.84615386,0.15384616,0.15384614,0.046421662,0.0071417945,1,0,0,1,1
48907,-1,0,-0.03529823,0.49117634,0,1,unassigned,19.0,19.0,0.0,1.0,0.0,0.0,0.032882012,0.0,0,0,0,0,0
48908,-1,1,-0.83051515,0.30353615,0,1,unassigned,44.0,43.0,1.0,0.97727275,0.022727273,0.022727251,0.08123791,0.0018463163,1,0,0,0,0
48909,-1,0,4.462149,0.98859406,1,1,unassigned,2.0,2.0,0.0,1.0,0.0,0.0,0.0,0.0,0,0,0,1,1
48910,-1,0,-0.3171981,0.42135873,0,1,unassigned,10.0,10.0,0.0,1.0,0.0,0.0,0.015473888,0.0,0,0,0,0,0
48911,-1,1,2.7760394,0.9413672,1,1,unassigned,6.0,6.0,0.0,1.0,0.0,0.0,0.007736944,0.0,1,0,0,1,1
48912,-1,0,0.042173386,0.5105418,1,1,unassigned,11.0,11.0,0.0,1.0,0.0,0.0,0.017408123,0.0,0,0,0,1,0
48913,-1,0,19.545525,1.0,1,1,unassigned,2.0,2.0,0.0,1.0,0.0,0.0,0.0,0.0,0,0,0,1,1
48914,-1,0,0.25244278,0.56277764,1,1,unassigned,18.0,18.0,0.0,1.0,0.0,0.0,0.030947777,0.0,0,0,0,1,0
48915,-1,0,0.31536585,0.57819444,1,1,unassigned,28.0,28.0,0.0,1.0,0.0,0.0,0.050290134,0.0,0,0,0,1,0
48916,-1,1,-0.013976514,0.49650595,0,1,unassigned,7.0,5.0,2.0,0.71428573,0.2857143,0.28571427,0.00967118,0.0027631943,1,0,0,0,0
48917,0,0,3.3420231,0.96584266,1,1,test,12.0,12.0,0.0,1.0,0.0,0.0,0.01934236,0.0,0,0,0,1,1
48918,-1,1,1.2300851,0.77383345,1,1,unassigned,5.0,5.0,0.0,1.0,0.0,0.0,0.0058027077,0.0,1,0,0,1,0
48919,-1,0,-0.21307287,0.44693238,0,1,unassigned,11.0,11.0,0.0,1.0,0.0,0.0,0.017408123,0.0,0,0,0,0,0
48920,-1,0,-0.49845505,0.3779038,0,1,unassigned,11.0,11.0,0.0,1.0,0.0,0.0,0.017408123,0.0,0,0,0,0,0
48921,-1,1,-0.6517899,0.3425863,0,1,unassigned,55.0,54.0,1.0,0.9818182,0.018181818,0.0181818,0.102514505,0.0018639,1,0,0,0,0
48922,-1,0,-0.009923458,0.49751917,0,1,unassigned,10.0,10.0,0.0,1.0,0.0,0.0,0.015473888,0.0,0,0,0,0,0
48923,-1,0,0.8583606,0.702318,1,1,unassigned,11.0,9.0,2.0,0.8181818,0.18181819,0.18181819,0.017408123,0.0031651135,0,0,0,1,0
48924,-1,0,1.708087,0.84658796,1,1,unassigned,6.0,5.0,1.0,0.8333333,0.16666667,0.16666669,0.007736944,0.0012894907,0,0,0,1,0
48925,-1,0,5.705561,0.99668366,1,1,unassigned,13.0,6.0,7.0,0.46153846,0.53846157,0.53846157,0.021276595,0.011456628,0,0,0,1,1
48926,-1,0,2.7233963,0.9383932,1,1,unassigned,5.0,5.0,0.0,1.0,0.0,0.0,0.0058027077,0.0,0,0,0,1,1
48927,-1,0,0.17881244,0.5445844,1,1,unassigned,4.0,4.0,0.0,1.0,0.0,0.0,0.003868472,0.0,0,0,0,1,0
48928,-1,0,2.2071593,0.9008905,1,1,unassigned,30.0,28.0,2.0,0.93333334,0.06666667,0.06666666,0.054158606,0.003610574,0,0,0,1,1
48929,-1,0,2.4229772,0.91856277,1,1,unassigned,3.0,3.0,0.0,1.0,0.0,0.0,0.001934236,0.0,0,0,0,1,1
48930,-1,0,-0.6690985,0.33869871,0,1,unassigned,6.0,6.0,0.0,1.0,0.0,0.0,0.007736944,0.0,0,0,0,0,0
48931,1,0,2.6886227,0.936352,1,0,test,8.0,7.0,1.0,0.875,0.125,0.125,0.0116054155,0.0014506769,0,0,1,1,1
48932,-1,0,2.9213083,0.9488898,1,1,unassigned,6.0,6.0,0.0,1.0,0.0,0.0,0.007736944,0.0,0,0,0,1,1
48933,0,0,-0.48999918,0.37989378,0,0,test,15.0,15.0,0.0,1.0,0.0,0.0,0.025145067,0.0,0,0,1,0,0
48934,1,0,-0.13759312,0.46565586,0,1,unassigned,12.0,12.0,0.0,1.0,0.0,0.0,0.01934236,0.0,0,0,0,0,0
48935,-1,0,-0.8161365,0.30658442,0,1,unassigned,20.0,19.0,1.0,0.95,0.05,0.050000012,0.034816246,0.0017408123,0,0,0,0,0
48936,1,0,-0.09310472,0.47674063,0,1,unassigned,24.0,24.0,0.0,1.0,0.0,0.0,0.04255319,0.0,0,0,0,0,0
48937,-1,0,-0.25989816,0.43538874,0,1,unassigned,3.0,3.0,0.0,1.0,0.0,0.0,0.001934236,0.0,0,0,0,0,0
48938,-1,0,0.88760716,0.70839614,1,1,unassigned,9.0,9.0,0.0,1.0,0.0,0.0,0.013539651,0.0,0,0,0,1,0
48939,-1,0,1.0909569,0.74856186,1,1,unassigned,5.0,5.0,0.0,1.0,0.0,0.0,0.0058027077,0.0,0,0,0,1,0
48940,-1,1,6.1058955,0.99777526,1,1,unassigned,5.0,5.0,0.0,1.0,0.0,0.0,0.0058027077,0.0,1,0,0,1,1
48941,-1,1,5.649924,0.9964946,1,1,unassigned,4.0,4.0,0.0,1.0,0.0,0.0,0.003868472,0.0,1,0,0,1,1
48942,-1,1,4.3824067,0.9876589,1,1,unassigned,13.0,13.0,0.0,1.0,0.0,0.0,0.021276595,0.0,1,0,0,1,1
48943,-1,1,2.3627424,0.91394174,1,1,unassigned,5.0,5.0,0.0,1.0,0.0,0.0,0.0058027077,0.0,1,0,0,1,1
48944,-1,0,1.2782626,0.78215384,1,1,unassigned,3.0,3.0,0.0,1.0,0.0,0.0,0.001934236,0.0,0,0,0,1,0
48945,-1,1,-0.06036091,0.48491436,0,1,unassigned,7.0,6.0,1.0,0.85714287,0.14285715,0.14285713,0.00967118,0.0013815971,1,0,0,0,0
48946,-1,0,1.812738,0.85969245,1,1,unassigned,6.0,6.0,0.0,1.0,0.0,0.0,0.007736944,0.0,0,0,0,1,0
48947,-1,1,3.8658988,0.9794855,1,1,unassigned,8.0,8.0,0.0,1.0,0.0,0.0,0.0116054155,0.0,1,0,0,1,1
48948,-1,0,1.7496898,0.85191363,1,1,unassigned,10.0,10.0,0.0,1.0,0.0,0.0,0.015473888,0.0,0,0,0,1,0
48949,-1,1,3.7434027,0.97687405,1,1,unassigned,3.0,3.0,0.0,1.0,0.0,0.0,0.001934236,0.0,1,0,0,1,1
48950,-1,1,-0.12652963,0.46840975,0,1,unassigned,3.0,3.0,0.0,1.0,0.0,0.0,0.001934236,0.0,1,0,0,0,0
48951,-1,0,-0.03531891,0.4911712,0,1,unassigned,11.0,11.0,0.0,1.0,0.0,0.0,0.017408123,0.0,0,0,0,0,0
48952,-1,1,-0.3292857,0.41841444,0,1,unassigned,3.0,3.0,0.0,1.0,0.0,0.0,0.001934236,0.0,1,0,0,0,0
48953,-1,0,-0.35270834,0.4127258,0,1,unassigned,28.0,28.0,0.0,1.0,0.0,0.0,0.050290134,0.0,0,0,0,0,0
48954,-1,0,-0.68898,0.33426002,0,1,unassigned,9.0,8.0,1.0,0.8888889,0.11111111,0.111111104,0.013539651,0.0015044058,0,0,0,0,0
48955,1,0,6.4802775,0.99846894,1,0,unassigned,7.0,7.0,0.0,1.0,0.0,0.0,0.00967118,0.0,0,0,1,1,1
48956,-1,0,-0.2592584,0.43554604,0,1,unassigned,10.0,10.0,0.0,1.0,0.0,0.0,0.015473888,0.0,0,0,0,0,0
48957,-1,1,-0.3292857,0.41841444,0,1,unassigned,3.0,3.0,0.0,1.0,0.0,0.0,0.001934236,0.0,1,0,0,0,0
48958,-1,0,0.95926124,0.7229739,1,1,unassigned,10.0,10.0,0.0,1.0,0.0,0.0,0.015473888,0.0,0,0,0,1,0
48959,-1,0,-0.40635577,0.39978626,0,1,unassigned,5.0,5.0,0.0,1.0,0.0,0.0,0.0058027077,0.0,0,0,0,0,0
48960,-1,0,-0.9116487,0.28666258,0,1,unassigned,37.0,36.0,1.0,0.972973,0.027027028,0.02702701,0.06769826,0.0018296828,0,0,0,0,0
48961,-1,0,2.157358,0.8963543,1,1,unassigned,9.0,9.0,0.0,1.0,0.0,0.0,0.013539651,0.0,0,0,0,1,0
48962,-1,0,5.7445197,0.9968099,1,1,unassigned,7.0,6.0,1.0,0.85714287,0.14285715,0.14285713,0.00967118,0.0013815971,0,0,0,1,1
48963,-1,0,0.58539873,0.6423087,1,1,unassigned,5.0,3.0,2.0,0.6,0.4,0.39999998,0.0058027077,0.002321083,0,0,0,1,0
48964,-1,0,4.429773,0.98822314,1,1,unassigned,5.0,3.0,2.0,0.6,0.4,0.39999998,0.0058027077,0.002321083,0,0,0,1,1
48965,-1,1,6.804745,0.9988927,1,1,unassigned,2.0,1.0,1.0,0.5,0.5,0.5,0.0,0.0,1,0,0,1,1
48966,-1,0,-0.1534178,0.4617206,0,1,unassigned,23.0,23.0,0.0,1.0,0.0,0.0,0.040618956,0.0,0,0,0,0,0
48967,1,0,-0.06974584,0.48257062,0,1,val,10.0,7.0,3.0,0.7,0.3,0.3,0.015473888,0.0046421667,0,0,0,0,0
48968,-1,0,4.2598953,0.9860729,1,1,unassigned,3.0,2.0,1.0,0.6666667,0.33333334,0.3333333,0.001934236,0.00064474536,0,0,0,1,1
48969,-1,0,-0.008807838,0.49779806,0,1,unassigned,11.0,11.0,0.0,1.0,0.0,0.0,0.017408123,0.0,0,0,0,0,0
48970,1,0,7.0087423,0.9990969,1,0,unassigned,3.0,3.0,0.0,1.0,0.0,0.0,0.001934236,0.0,0,0,1,1,1
48971,-1,1,3.9721205,0.98151475,1,1,unassigned,5.0,5.0,0.0,1.0,0.0,0.0,0.0058027077,0.0,1,0,0,1,1
48972,-1,1,-0.26385742,0.4344157,0,1,unassigned,2.0,2.0,0.0,1.0,0.0,0.0,0.0,0.0,1,0,0,0,0
48973,-1,0,-0.09599334,0.4760201,0,1,unassigned,44.0,44.0,0.0,1.0,0.0,0.0,0.08123791,0.0,0,0,0,0,0
48974,-1,1,5.598885,0.9963116,1,1,unassigned,5.0,4.0,1.0,0.8,0.2,0.19999999,0.0058027077,0.0011605415,1,0,0,1,1
48975,-1,1,-0.12410998,0.46901226,0,1,unassigned,98.0,94.0,4.0,0.9591837,0.040816326,0.040816307,0.18568665,0.007579047,1,0,0,0,0
48976,-1,1,9.531307,0.9999274,1,1,unassigned,2.0,2.0,0.0,1.0,0.0,0.0,0.0,0.0,1,0,0,1,1
48977,-1,0,3.1904266,0.96047246,1,1,unassigned,6.0,5.0,1.0,0.8333333,0.16666667,0.16666669,0.007736944,0.0012894907,0,0,0,1,1
48978,1,1,3.6224034,0.9739769,1,0,test,7.0,7.0,0.0,1.0,0.0,0.0,0.00967118,0.0,1,0,1,1,1
48979,-1,0,5.5951543,0.9962979,1,1,unassigned,30.0,28.0,2.0,0.93333334,0.06666667,0.06666666,0.054158606,0.003610574,0,0,0,1,1
48980,-1,0,1.5249627,0.8212681,1,1,unassigned,3.0,3.0,0.0,1.0,0.0,0.0,0.001934236,0.0,0,0,0,1,0
48981,-1,1,-0.22397089,0.44424015,0,1,unassigned,27.0,25.0,2.0,0.9259259,0.074074075,0.07407409,0.0483559,0.0035819185,1,0,0,0,0
48982,0,0,0.07080847,0.5176947,1,1,train,50.0,48.0,2.0,0.96,0.04,0.04000002,0.092843324,0.0037137328,0,0,0,1,0
48983,-1,1,-0.9212841,0.28469634,0,1,unassigned,36.0,36.0,0.0,1.0,0.0,0.0,0.065764025,0.0,1,0,0,0,0
48984,-1,1,3.1782143,0.9600062,1,1,unassigned,11.0,8.0,3.0,0.72727275,0.27272728,0.27272725,0.017408123,0.00474767,1,0,0,1,1
48985,1,1,1.5370433,0.8230345,1,0,val,20.0,19.0,1.0,0.95,0.05,0.050000012,0.034816246,0.0017408123,1,0,1,1,0
48986,0,0,0.16203123,0.5404194,1,1,unassigned,38.0,37.0,1.0,0.9736842,0.02631579,0.026315808,0.06963249,0.0018324341,0,0,0,1,0
48987,-1,1,2.2886217,0.9079303,1,1,unassigned,9.0,8.0,1.0,0.8888889,0.11111111,0.111111104,0.013539651,0.0015044058,1,0,0,1,1
48988,1,1,2.7956722,0.9424415,1,0,test,47.0,46.0,1.0,0.9787234,0.021276595,0.021276593,0.08704062,0.001851928,1,0,1,1,1
48989,-1,1,8.001963,0.99966526,1,1,unassigned,12.0,9.0,3.0,0.75,0.25,0.25,0.01934236,0.00483559,1,0,0,1,1
48990,-1,0,-0.23941052,0.44043162,0,1,unassigned,8.0,8.0,0.0,1.0,0.0,0.0,0.0116054155,0.0,0,0,0,0,0
48991,-1,1,3.0716703,0.9557089,1,1,unassigned,9.0,8.0,1.0,0.8888889,0.11111111,0.111111104,0.013539651,0.0015044058,1,0,0,1,1
48992,-1,1,-0.20769107,0.44826308,0,1,unassigned,6.0,5.0,1.0,0.8333333,0.16666667,0.16666669,0.007736944,0.0012894907,1,0,0,0,0
48993,1,0,-0.27288014,0.4322002,0,1,val,14.0,11.0,3.0,0.78571427,0.21428572,0.21428573,0.023210831,0.0049737496,0,0,0,0,0
48994,1,1,4.670125,0.990716,1,0,val,10.0,7.0,3.0,0.7,0.3,0.3,0.015473888,0.0046421667,1,0,1,1,1
48995,-1,0,0.8112729,0.69238067,1,1,unassigned,4.0,4.0,0.0,1.0,0.0,0.0,0.003868472,0.0,0,0,0,1,0
48996,-1,1,-0.56414646,0.36258858,0,1,unassigned,60.0,58.0,2.0,0.96666664,0.033333335,0.03333336,0.11218569,0.003739523,1,0,0,0,0
48997,-1,0,-0.57399434,0.36031565,0,1,unassigned,30.0,29.0,1.0,0.96666664,0.033333335,0.03333336,0.054158606,0.001805287,0,0,0,0,0
48998,-1,1,0.6404703,0.6548597,1,1,unassigned,4.0,4.0,0.0,1.0,0.0,0.0,0.003868472,0.0,1,0,0,1,0
48999,-1,0,0.1709857,0.5426426,1,1,unassigned,7.0,7.0,0.0,1.0,0.0,0.0,0.00967118,0.0,0,0,0,1,0
49000,0,0,-0.5026905,0.37690863,0,0,test,8.0,8.0,0.0,1.0,0.0,0.0,0.0116054155,0.0,0,0,1,0,0
49001,-1,0,0.8426736,0.699028,1,1,unassigned,10.0,10.0,0.0,1.0,0.0,0.0,0.015473888,0.0,0,0,0,1,0
49002,1,0,3.6690104,0.97513247,1,0,train,5.0,2.0,3.0,0.4,0.6,0.6,0.0058027077,0.0034816249,0,0,1,1,1
49003,-1,0,4.7492747,0.9914164,1,1,unassigned,10.0,10.0,0.0,1.0,0.0,0.0,0.015473888,0.0,0,0,0,1,1
49004,-1,1,6.5457435,0.99856585,1,1,unassigned,14.0,14.0,0.0,1.0,0.0,0.0,0.023210831,0.0,1,0,0,1,1
49005,1,1,3.6051438,0.97353584,1,0,unassigned,2.0,2.0,0.0,1.0,0.0,0.0,0.0,0.0,1,0,1,1,1
49006,1,1,2.68454,0.93610823,1,0,unassigned,15.0,12.0,3.0,0.8,0.2,0.19999999,0.025145067,0.0050290134,1,0,1,1,1
49007,0,1,-0.64767736,0.3435131,0,0,unassigned,36.0,36.0,0.0,1.0,0.0,0.0,0.065764025,0.0,1,0,1,0,0
49008,-1,0,5.0798635,0.99381775,1,1,unassigned,10.0,10.0,0.0,1.0,0.0,0.0,0.015473888,0.0,0,0,0,1,1
49009,-1,1,0.7014478,0.66850865,1,1,unassigned,11.0,11.0,0.0,1.0,0.0,0.0,0.017408123,0.0,1,0,0,1,0
49010,0,0,-0.19489905,0.45142886,0,0,test,10.0,10.0,0.0,1.0,0.0,0.0,0.015473888,0.0,0,0,1,0,0
49011,-1,1,0.8518558,0.7009563,1,1,unassigned,26.0,25.0,1.0,0.96153843,0.03846154,0.038461566,0.046421662,0.0017854486,1,0,0,1,0
49012,0,0,-0.39206678,0.40321988,0,0,unassigned,13.0,13.0,0.0,1.0,0.0,0.0,0.021276595,0.0,0,0,1,0,0
49013,-1,0,-0.85177886,0.29905987,0,1,unassigned,3.0,1.0,2.0,0.33333334,0.6666667,0.6666666,0.001934236,0.0012894907,0,0,0,0,0
49014,-1,1,3.7938244,0.97798616,1,1,unassigned,7.0,5.0,2.0,0.71428573,0.2857143,0.28571427,0.00967118,0.0027631943,1,0,0,1,1
49015,-1,1,3.5310013,0.97155714,1,1,unassigned,6.0,5.0,1.0,0.8333333,0.16666667,0.16666669,0.007736944,0.0012894907,1,0,0,1,1
49016,-1,0,2.4764981,0.9224778,1,1,unassigned,8.0,5.0,3.0,0.625,0.375,0.375,0.0116054155,0.004352031,0,0,0,1,1
49017,-1,1,-0.7873212,0.31274414,0,1,unassigned,16.0,15.0,1.0,0.9375,0.0625,0.0625,0.027079303,0.0016924564,1,0,0,0,0
49018,-1,0,9.53252,0.9999275,1,1,unassigned,2.0,2.0,0.0,1.0,0.0,0.0,0.0,0.0,0,0,0,1,1
49019,-1,1,-0.61757684,0.35033277,0,1,unassigned,14.0,11.0,3.0,0.78571427,0.21428572,0.21428573,0.023210831,0.0049737496,1,0,0,0,0
49020,-1,0,0.6109459,0.6481565,1,1,unassigned,5.0,3.0,2.0,0.6,0.4,0.39999998,0.0058027077,0.002321083,0,0,0,1,0
49021,-1,1,0.29424697,0.57303554,1,1,unassigned,6.0,6.0,0.0,1.0,0.0,0.0,0.007736944,0.0,1,0,0,1,0
49022,1,1,4.133044,0.984219,1,0,val,16.0,14.0,2.0,0.875,0.125,0.125,0.027079303,0.0033849129,1,0,1,1,1
49023,-1,1,3.103513,0.9570374,1,1,unassigned,28.0,28.0,0.0,1.0,0.0,0.0,0.050290134,0.0,1,0,0,1,1
49024,-1,1,5.1572824,0.9942756,1,1,unassigned,38.0,37.0,1.0,0.9736842,0.02631579,0.026315808,0.06963249,0.0018324341,1,0,0,1,1
49025,1,1,-0.519522,0.372964,0,1,unassigned,42.0,38.0,4.0,0.9047619,0.0952381,0.09523809,0.07736944,0.007368518,1,0,0,0,0
49026,-1,0,-0.033673644,0.4915824,0,1,unassigned,4.0,1.0,3.0,0.25,0.75,0.75,0.003868472,0.002901354,0,0,0,0,0
49027,-1,1,-0.8730231,0.29462564,0,1,unassigned,47.0,41.0,6.0,0.87234044,0.12765957,0.12765956,0.08704062,0.011111569,1,0,0,0,0
49028,-1,0,1.7391634,0.8505808,1,1,unassigned,3.0,3.0,0.0,1.0,0.0,0.0,0.001934236,0.0,0,0,0,1,0
49029,1,1,0.0026382804,0.5006596,1,0,val,10.0,10.0,0.0,1.0,0.0,0.0,0.015473888,0.0,1,0,1,1,0
49030,1,1,0.52679473,0.62873524,1,0,val,21.0,18.0,3.0,0.85714287,0.14285715,0.14285713,0.036750484,0.0052500693,1,0,1,1,0
49031,-1,0,0.7188925,0.6723631,1,1,unassigned,5.0,5.0,0.0,1.0,0.0,0.0,0.0058027077,0.0,0,0,0,1,0
49032,0,0,0.061912835,0.5154733,1,1,unassigned,23.0,23.0,0.0,1.0,0.0,0.0,0.040618956,0.0,0,0,0,1,0
49033,-1,0,0.4149409,0.602272,1,1,unassigned,19.0,18.0,1.0,0.94736844,0.05263158,0.052631557,0.032882012,0.0017306323,0,0,0,1,0
49034,-1,0,-0.18422353,0.45407394,0,1,unassigned,7.0,7.0,0.0,1.0,0.0,0.0,0.00967118,0.0,0,0,0,0,0
49035,-1,0,-0.35768616,0.4115198,0,1,unassigned,59.0,56.0,3.0,0.9491525,0.050847456,0.05084747,0.11025145,0.005606006,0,0,0,0,0
49036,-1,1,0.81433254,0.69303197,1,1,unassigned,2.0,2.0,0.0,1.0,0.0,0.0,0.0,0.0,1,0,0,1,0
49037,-1,1,-0.69916904,0.33199647,0,1,unassigned,60.0,60.0,0.0,1.0,0.0,0.0,0.11218569,0.0,1,0,0,0,0
49038,-1,1,1.4564738,0.8109927,1,1,unassigned,3.0,3.0,0.0,1.0,0.0,0.0,0.001934236,0.0,1,0,0,1,0
49039,-1,0,-0.5179192,0.37333894,0,1,unassigned,22.0,22.0,0.0,1.0,0.0,0.0,0.03868472,0.0,0,0,0,0,0
49040,-1,1,1.2722368,0.7811254,1,1,unassigned,2.0,2.0,0.0,1.0,0.0,0.0,0.0,0.0,1,0,0,1,0
49041,-1,1,0.9216334,0.7153748,1,1,unassigned,4.0,4.0,0.0,1.0,0.0,0.0,0.003868472,0.0,1,0,0,1,0
49042,-1,1,0.24736542,0.5615279,1,1,unassigned,6.0,6.0,0.0,1.0,0.0,0.0,0.007736944,0.0,1,0,0,1,0
49043,-1,1,3.1722138,0.9597751,1,1,unassigned,23.0,22.0,1.0,0.95652175,0.04347826,0.04347825,0.040618956,0.0017660416,1,0,0,1,1
49044,-1,0,1.316385,0.78857964,1,1,unassigned,3.0,2.0,1.0,0.6666667,0.33333334,0.3333333,0.001934236,0.00064474536,0,0,0,1,0
49045,-1,1,1.9797399,0.8786534,1,1,unassigned,4.0,4.0,0.0,1.0,0.0,0.0,0.003868472,0.0,1,0,0,1,0
49046,-1,1,-0.14429745,0.4639881,0,1,unassigned,2.0,2.0,0.0,1.0,0.0,0.0,0.0,0.0,1,0,0,0,0
49047,-1,1,3.8436387,0.9790334,1,1,unassigned,2.0,2.0,0.0,1.0,0.0,0.0,0.0,0.0,1,0,0,1,1
49048,-1,1,3.3252103,0.96528363,1,1,unassigned,14.0,14.0,0.0,1.0,0.0,0.0,0.023210831,0.0,1,0,0,1,1
49049,-1,1,1.4664533,0.8125177,1,1,unassigned,5.0,5.0,0.0,1.0,0.0,0.0,0.0058027077,0.0,1,0,0,1,0
49050,-1,1,4.2890353,0.98646754,1,1,unassigned,84.0,72.0,12.0,0.85714287,0.14285715,0.14285713,0.15860735,0.022658193,1,0,0,1,1
49051,-1,0,0.4837448,0.6186317,1,1,unassigned,23.0,22.0,1.0,0.95652175,0.04347826,0.04347825,0.040618956,0.0017660416,0,0,0,1,0
49052,-1,1,-0.712584,0.32902813,0,1,unassigned,10.0,10.0,0.0,1.0,0.0,0.0,0.015473888,0.0,1,0,0,0,0
49053,1,1,4.0305524,0.9825455,1,0,val,38.0,36.0,2.0,0.94736844,0.05263158,0.052631557,0.06963249,0.0036648682,1,0,1,1,1
49054,-1,1,3.8238213,0.9786228,1,1,unassigned,54.0,49.0,5.0,0.9074074,0.09259259,0.0925926,0.10058027,0.009312987,1,0,0,1,1
49055,-1,1,-0.752372,0.32030466,0,1,unassigned,14.0,13.0,1.0,0.9285714,0.071428575,0.0714286,0.023210831,0.0016579166,1,0,0,0,0
49056,-1,1,2.743037,0.93951887,1,1,unassigned,7.0,7.0,0.0,1.0,0.0,0.0,0.00967118,0.0,1,0,0,1,1
49057,1,0,3.8886893,0.9799385,1,0,val,3.0,3.0,0.0,1.0,0.0,0.0,0.001934236,0.0,0,0,1,1,1
49058,-1,0,-0.28681,0.42878503,0,1,unassigned,5.0,1.0,4.0,0.2,0.8,0.8,0.0058027077,0.004642166,0,0,0,0,0
49059,-1,0,-0.77003306,0.31647193,0,1,unassigned,2.0,2.0,0.0,1.0,0.0,0.0,0.0,0.0,0,0,0,0,0
49060,-1,0,4.1495047,0.9844727,1,1,unassigned,5.0,5.0,0.0,1.0,0.0,0.0,0.0058027077,0.0,0,0,0,1,1
49061,-1,0,0.9144556,0.713911,1,1,unassigned,9.0,9.0,0.0,1.0,0.0,0.0,0.013539651,0.0,0,0,0,1,0
49062,-1,0,-0.8082218,0.30826953,0,1,unassigned,7.0,7.0,0.0,1.0,0.0,0.0,0.00967118,0.0,0,0,0,0,0
49063,-1,0,0.48192292,0.6182018,1,1,unassigned,18.0,18.0,0.0,1.0,0.0,0.0,0.030947777,0.0,0,0,0,1,0
49064,-1,0,-0.10214126,0.47448686,0,1,unassigned,2.0,1.0,1.0,0.5,0.5,0.5,0.0,0.0,0,0,0,0,0
49065,-1,0,-0.32571372,0.4192839,0,1,unassigned,20.0,20.0,0.0,1.0,0.0,0.0,0.034816246,0.0,0,0,0,0,0
49066,0,1,-0.6374819,0.345816,0,0,unassigned,68.0,57.0,11.0,0.8382353,0.16176471,0.16176468,0.12765957,0.020650813,1,0,1,0,0
49067,-1,0,0.6690808,0.6612973,1,1,unassigned,3.0,3.0,0.0,1.0,0.0,0.0,0.001934236,0.0,0,0,0,1,0
49068,-1,0,4.1617026,0.984658,1,1,unassigned,2.0,2.0,0.0,1.0,0.0,0.0,0.0,0.0,0,0,0,1,1
49069,-1,0,4.197554,0.98519033,1,1,unassigned,4.0,4.0,0.0,1.0,0.0,0.0,0.003868472,0.0,0,0,0,1,1
49070,-1,0,4.646155,0.99049276,1,1,unassigned,4.0,4.0,0.0,1.0,0.0,0.0,0.003868472,0.0,0,0,0,1,1
49071,1,0,2.6168296,0.93193686,1,0,unassigned,21.0,21.0,0.0,1.0,0.0,0.0,0.036750484,0.0,0,0,1,1,1
49072,-1,0,-0.4577434,0.38752127,0,1,unassigned,22.0,22.0,0.0,1.0,0.0,0.0,0.03868472,0.0,0,0,0,0,0
49073,-1,0,-0.28862506,0.4283405,0,1,unassigned,10.0,10.0,0.0,1.0,0.0,0.0,0.015473888,0.0,0,0,0,0,0
49074,-1,1,0.051515043,0.5128759,1,1,unassigned,47.0,46.0,1.0,0.9787234,0.021276595,0.021276593,0.08704062,0.001851928,1,0,0,1,0
49075,1,1,0.7760789,0.6848344,1,0,unassigned,5.0,5.0,0.0,1.0,0.0,0.0,0.0058027077,0.0,1,0,1,1,0
49076,-1,0,10.77282,0.999979,1,1,unassigned,2.0,2.0,0.0,1.0,0.0,0.0,0.0,0.0,0,0,0,1,1
49077,-1,1,-0.80377924,0.3092177,0,1,unassigned,6.0,6.0,0.0,1.0,0.0,0.0,0.007736944,0.0,1,0,0,0,0
49078,-1,0,8.461931,0.9997887,1,1,unassigned,4.0,3.0,1.0,0.75,0.25,0.25,0.003868472,0.000967118,0,0,0,1,1
49079,0,1,-0.13631678,0.46597353,0,0,test,17.0,17.0,0.0,1.0,0.0,0.0,0.029013539,0.0,1,0,1,0,0
49080,-1,0,1.0675974,0.74413973,1,1,unassigned,6.0,4.0,2.0,0.6666667,0.33333334,0.3333333,0.007736944,0.0025789815,0,0,0,1,0
49081,-1,0,0.12194425,0.5304483,1,1,unassigned,2.0,2.0,0.0,1.0,0.0,0.0,0.0,0.0,0,0,0,1,0
49082,-1,0,-0.6014541,0.3540111,0,1,unassigned,7.0,6.0,1.0,0.85714287,0.14285715,0.14285713,0.00967118,0.0013815971,0,0,0,0,0
49083,0,0,-0.82597494,0.30449682,0,0,test,7.0,7.0,0.0,1.0,0.0,0.0,0.00967118,0.0,0,0,1,0,0
49084,-1,1,0.3613593,0.5893695,1,1,unassigned,4.0,4.0,0.0,1.0,0.0,0.0,0.003868472,0.0,1,0,0,1,0
49085,-1,0,0.35504693,0.58784086,1,1,unassigned,2.0,1.0,1.0,0.5,0.5,0.5,0.0,0.0,0,0,0,1,0
49086,-1,1,1.6566274,0.83978474,1,1,unassigned,13.0,13.0,0.0,1.0,0.0,0.0,0.021276595,0.0,1,0,0,1,0
49087,-1,0,-0.33283615,0.4175507,0,1,unassigned,27.0,27.0,0.0,1.0,0.0,0.0,0.0483559,0.0,0,0,0,0,0
49088,-1,0,-0.35113102,0.4131082,0,1,unassigned,40.0,39.0,1.0,0.975,0.025,0.024999976,0.07350097,0.0018375242,0,0,0,0,0
49089,-1,0,-0.81544554,0.3067313,0,1,unassigned,72.0,72.0,0.0,1.0,0.0,0.0,0.13539653,0.0,0,0,0,0,0
49090,1,0,-0.022137582,0.49446583,0,1,unassigned,3.0,3.0,0.0,1.0,0.0,0.0,0.001934236,0.0,0,0,0,0,0
49091,0,0,-0.31395057,0.42215073,0,0,unassigned,16.0,16.0,0.0,1.0,0.0,0.0,0.027079303,0.0,0,0,1,0,0
49092,-1,0,3.6367037,0.97433686,1,1,unassigned,2.0,2.0,0.0,1.0,0.0,0.0,0.0,0.0,0,0,0,1,1
49093,-1,0,-0.48221964,0.3817281,0,1,unassigned,16.0,15.0,1.0,0.9375,0.0625,0.0625,0.027079303,0.0016924564,0,0,0,0,0
49094,-1,0,-0.60873395,0.35234806,0,1,unassigned,17.0,17.0,0.0,1.0,0.0,0.0,0.029013539,0.0,0,0,0,0,0
49095,-1,0,-0.029815376,0.49254668,0,1,unassigned,6.0,6.0,0.0,1.0,0.0,0.0,0.007736944,0.0,0,0,0,0,0
49096,1,0,2.8380725,0.9446988,1,0,unassigned,11.0,11.0,0.0,1.0,0.0,0.0,0.017408123,0.0,0,0,1,1,1
49097,-1,0,1.2106764,0.77041864,1,1,unassigned,3.0,3.0,0.0,1.0,0.0,0.0,0.001934236,0.0,0,0,0,1,0
49098,-1,0,2.2469823,0.9043899,1,1,unassigned,3.0,3.0,0.0,1.0,0.0,0.0,0.001934236,0.0,0,0,0,1,1
49099,-1,1,5.629906,0.9964239,1,1,unassigned,12.0,11.0,1.0,0.9166667,0.083333336,0.08333331,0.01934236,0.0016118633,1,0,0,1,1
49100,-1,1,-0.15999842,0.46008548,0,1,unassigned,22.0,22.0,0.0,1.0,0.0,0.0,0.03868472,0.0,1,0,0,0,0
49101,-1,1,1.0405328,0.7389528,1,1,unassigned,8.0,8.0,0.0,1.0,0.0,0.0,0.0116054155,0.0,1,0,0,1,0
49102,1,1,2.4916956,0.9235576,1,0,val,2.0,2.0,0.0,1.0,0.0,0.0,0.0,0.0,1,0,1,1,1
49103,-1,1,3.5566962,0.97225857,1,1,unassigned,4.0,1.0,3.0,0.25,0.75,0.75,0.003868472,0.002901354,1,0,0,1,1
49104,0,0,2.0858355,0.8895188,1,1,val,15.0,13.0,2.0,0.8666667,0.13333334,0.13333333,0.025145067,0.0033526758,0,0,0,1,0
49105,-1,0,4.264004,0.9861292,1,1,unassigned,32.0,31.0,1.0,0.96875,0.03125,0.03125,0.058027077,0.0018133462,0,0,0,1,1
49106,-1,0,0.48375553,0.6186343,1,1,unassigned,13.0,13.0,0.0,1.0,0.0,0.0,0.021276595,0.0,0,0,0,1,0
49107,-1,1,4.2362304,0.9857442,1,1,unassigned,3.0,3.0,0.0,1.0,0.0,0.0,0.001934236,0.0,1,0,0,1,1
49108,0,0,-0.040275037,0.48993257,0,0,val,2.0,1.0,1.0,0.5,0.5,0.5,0.0,0.0,0,0,1,0,0
49109,-1,0,0.49274868,0.62075377,1,1,unassigned,23.0,23.0,0.0,1.0,0.0,0.0,0.040618956,0.0,0,0,0,1,0
49110,-1,1,-0.044540107,0.48886678,0,1,unassigned,20.0,19.0,1.0,0.95,0.05,0.050000012,0.034816246,0.0017408123,1,0,0,0,0
49111,0,0,-0.16414201,0.45905638,0,0,val,19.0,19.0,0.0,1.0,0.0,0.0,0.032882012,0.0,0,0,1,0,0
49112,-1,1,6.6737385,0.998738,1,1,unassigned,3.0,3.0,0.0,1.0,0.0,0.0,0.001934236,0.0,1,0,0,1,1
49113,-1,1,5.169846,0.9943467,1,1,unassigned,3.0,3.0,0.0,1.0,0.0,0.0,0.001934236,0.0,1,0,0,1,1
49114,0,1,-0.418861,0.3967893,0,0,test,2.0,2.0,0.0,1.0,0.0,0.0,0.0,0.0,1,0,1,0,0
49115,-1,0,1.0975435,0.74979955,1,1,unassigned,2.0,1.0,1.0,0.5,0.5,0.5,0.0,0.0,0,0,0,1,0
49116,-1,0,2.3039236,0.90920144,1,1,unassigned,3.0,3.0,0.0,1.0,0.0,0.0,0.001934236,0.0,0,0,0,1,1
49117,-1,0,0.3121482,0.5774095,1,1,unassigned,16.0,16.0,0.0,1.0,0.0,0.0,0.027079303,0.0,0,0,0,1,0
49118,-1,1,0.23924029,0.55952644,1,1,unassigned,26.0,25.0,1.0,0.96153843,0.03846154,0.038461566,0.046421662,0.0017854486,1,0,0,1,0
49119,-1,0,3.8409345,0.9789779,1,1,unassigned,3.0,2.0,1.0,0.6666667,0.33333334,0.3333333,0.001934236,0.00064474536,0,0,0,1,1
49120,-1,0,0.59824234,0.64525414,1,1,unassigned,4.0,3.0,1.0,0.75,0.25,0.25,0.003868472,0.000967118,0,0,0,1,0
49121,1,0,3.2159324,0.9614295,1,0,unassigned,12.0,11.0,1.0,0.9166667,0.083333336,0.08333331,0.01934236,0.0016118633,0,0,1,1,1
49122,-1,1,2.9250557,0.9490712,1,1,unassigned,2.0,2.0,0.0,1.0,0.0,0.0,0.0,0.0,1,0,0,1,1
49123,1,0,0.1441285,0.53596985,1,0,val,2.0,2.0,0.0,1.0,0.0,0.0,0.0,0.0,0,0,1,1,0
49124,-1,0,1.2530627,0.7778296,1,1,unassigned,2.0,2.0,0.0,1.0,0.0,0.0,0.0,0.0,0,0,0,1,0
49125,0,1,-0.29595682,0.42654616,0,0,val,7.0,7.0,0.0,1.0,0.0,0.0,0.00967118,0.0,1,0,1,0,0
49126,-1,0,4.092112,0.98357046,1,1,unassigned,3.0,2.0,1.0,0.6666667,0.33333334,0.3333333,0.001934236,0.00064474536,0,0,0,1,1
49127,-1,1,-0.73190904,0.32477593,0,1,unassigned,8.0,7.0,1.0,0.875,0.125,0.125,0.0116054155,0.0014506769,1,0,0,0,0
49128,-1,0,-0.4152665,0.39765,0,1,unassigned,10.0,10.0,0.0,1.0,0.0,0.0,0.015473888,0.0,0,0,0,0,0
49129,-1,0,5.589378,0.99627656,1,1,unassigned,21.0,20.0,1.0,0.95238096,0.04761905,0.047619045,0.036750484,0.0017500231,0,0,0,1,1
49130,-1,0,0.449292,0.6104709,1,1,unassigned,11.0,11.0,0.0,1.0,0.0,0.0,0.017408123,0.0,0,0,0,1,0
49131,-1,0,-0.39466098,0.4025958,0,1,unassigned,2.0,2.0,0.0,1.0,0.0,0.0,0.0,0.0,0,0,0,0,0
49132,0,0,-0.8423165,0.30104712,0,0,val,2.0,1.0,1.0,0.5,0.5,0.5,0.0,0.0,0,0,1,0,0
49133,-1,0,1.614083,0.8339775,1,1,unassigned,4.0,4.0,0.0,1.0,0.0,0.0,0.003868472,0.0,0,0,0,1,0
49134,-1,1,-0.2379862,0.44078267,0,1,unassigned,7.0,6.0,1.0,0.85714287,0.14285715,0.14285713,0.00967118,0.0013815971,1,0,0,0,0
49135,-1,0,0.8681074,0.7043517,1,1,unassigned,2.0,2.0,0.0,1.0,0.0,0.0,0.0,0.0,0,0,0,1,0
49136,-1,0,4.179521,0.98492485,1,1,unassigned,19.0,16.0,3.0,0.84210527,0.15789473,0.15789473,0.032882012,0.0051918966,0,0,0,1,1
49137,-1,1,10.365659,0.9999685,1,1,unassigned,2.0,1.0,1.0,0.5,0.5,0.5,0.0,0.0,1,0,0,1,1
49138,-1,0,7.0324225,0.99911803,1,1,unassigned,14.0,11.0,3.0,0.78571427,0.21428572,0.21428573,0.023210831,0.0049737496,0,0,0,1,1
49139,-1,0,3.121127,0.95775586,1,1,unassigned,2.0,2.0,0.0,1.0,0.0,0.0,0.0,0.0,0,0,0,1,1
49140,-1,0,0.48011357,0.61777467,1,1,unassigned,2.0,2.0,0.0,1.0,0.0,0.0,0.0,0.0,0,0,0,1,0
49141,-1,0,1.4362869,0.807879,1,1,unassigned,3.0,2.0,1.0,0.6666667,0.33333334,0.3333333,0.001934236,0.00064474536,0,0,0,1,0
49142,-1,0,1.9914505,0.8798965,1,1,unassigned,2.0,2.0,0.0,1.0,0.0,0.0,0.0,0.0,0,0,0,1,0
49143,-1,0,1.9588976,0.87641364,1,1,unassigned,13.0,13.0,0.0,1.0,0.0,0.0,0.021276595,0.0,0,0,0,1,0
49144,-1,1,2.4458725,0.9202591,1,1,unassigned,3.0,3.0,0.0,1.0,0.0,0.0,0.001934236,0.0,1,0,0,1,1
49145,-1,0,2.0535934,0.8863102,1,1,unassigned,19.0,19.0,0.0,1.0,0.0,0.0,0.032882012,0.0,0,0,0,1,0
49146,-1,0,1.1176484,0.7535522,1,1,unassigned,10.0,10.0,0.0,1.0,0.0,0.0,0.015473888,0.0,0,0,0,1,0
49147,-1,1,-0.24176261,0.43985203,0,1,unassigned,16.0,16.0,0.0,1.0,0.0,0.0,0.027079303,0.0,1,0,0,0,0
49148,-1,0,4.418678,0.9880933,1,1,unassigned,3.0,3.0,0.0,1.0,0.0,0.0,0.001934236,0.0,0,0,0,1,1
49149,-1,1,0.16659838,0.54155356,1,1,unassigned,20.0,19.0,1.0,0.95,0.05,0.050000012,0.034816246,0.0017408123,1,0,0,1,0
49150,-1,1,2.161938,0.8967791,1,1,unassigned,2.0,1.0,1.0,0.5,0.5,0.5,0.0,0.0,1,0,0,1,0
49151,-1,1,-0.032417953,0.49189627,0,1,unassigned,19.0,19.0,0.0,1.0,0.0,0.0,0.032882012,0.0,1,0,0,0,0
49152,1,0,0.0034159422,0.50085396,1,0,val,2.0,2.0,0.0,1.0,0.0,0.0,0.0,0.0,0,0,1,1,0
49153,-1,0,-0.15295708,0.4618351,0,1,unassigned,29.0,26.0,3.0,0.8965517,0.10344828,0.10344827,0.05222437,0.005402521,0,0,0,0,0
49154,0,0,-0.7975134,0.31055766,0,0,val,5.0,5.0,0.0,1.0,0.0,0.0,0.0058027077,0.0,0,0,1,0,0
49155,-1,0,0.70325774,0.66890967,1,1,unassigned,2.0,1.0,1.0,0.5,0.5,0.5,0.0,0.0,0,0,0,1,0
49156,-1,1,6.805815,0.9988939,1,1,unassigned,3.0,3.0,0.0,1.0,0.0,0.0,0.001934236,0.0,1,0,0,1,1
49157,0,0,-0.6739704,0.33760837,0,0,test,4.0,4.0,0.0,1.0,0.0,0.0,0.003868472,0.0,0,0,1,0,0
49158,-1,0,2.5310576,0.9262906,1,1,unassigned,6.0,6.0,0.0,1.0,0.0,0.0,0.007736944,0.0,0,0,0,1,1
49159,-1,0,0.6980272,0.6677502,1,1,unassigned,3.0,3.0,0.0,1.0,0.0,0.0,0.001934236,0.0,0,0,0,1,0
49160,-1,1,-0.4245685,0.39542404,0,1,unassigned,15.0,12.0,3.0,0.8,0.2,0.19999999,0.025145067,0.0050290134,1,0,0,0,0
49161,1,0,5.299234,0.9950294,1,0,val,9.0,9.0,0.0,1.0,0.0,0.0,0.013539651,0.0,0,0,1,1,1
49162,1,1,7.3834767,0.9993789,1,0,val,47.0,40.0,7.0,0.85106385,0.14893617,0.14893615,0.08704062,0.012963496,1,0,1,1,1
49163,-1,1,0.00841099,0.50210273,1,1,unassigned,2.0,1.0,1.0,0.5,0.5,0.5,0.0,0.0,1,0,0,1,0
49164,-1,1,2.432895,0.9193015,1,1,unassigned,37.0,37.0,0.0,1.0,0.0,0.0,0.06769826,0.0,1,0,0,1,1
49165,-1,1,1.0458219,0.73997176,1,1,unassigned,29.0,25.0,4.0,0.86206895,0.13793103,0.13793105,0.05222437,0.0072033615,1,0,0,1,0
49166,-1,1,0.7052075,0.6693413,1,1,unassigned,89.0,85.0,4.0,0.9550562,0.04494382,0.04494381,0.16827853,0.00756308,1,0,0,1,0
49167,-1,1,1.3762283,0.79838455,1,1,unassigned,20.0,19.0,1.0,0.95,0.05,0.050000012,0.034816246,0.0017408123,1,0,0,1,0
49168,-1,0,-0.14167279,0.46464095,0,1,unassigned,12.0,12.0,0.0,1.0,0.0,0.0,0.01934236,0.0,0,0,0,0,0
49169,-1,0,2.907372,0.94820964,1,1,unassigned,4.0,4.0,0.0,1.0,0.0,0.0,0.003868472,0.0,0,0,0,1,1
49170,-1,0,3.02088,0.95350856,1,1,unassigned,4.0,4.0,0.0,1.0,0.0,0.0,0.003868472,0.0,0,0,0,1,1
49171,-1,1,4.5911717,0.9899608,1,1,unassigned,22.0,22.0,0.0,1.0,0.0,0.0,0.03868472,0.0,1,0,0,1,1
49172,-1,0,-0.39703056,0.40202597,0,1,unassigned,3.0,3.0,0.0,1.0,0.0,0.0,0.001934236,0.0,0,0,0,0,0
49173,-1,1,3.4555027,0.96939486,1,1,unassigned,25.0,24.0,1.0,0.96,0.04,0.04000002,0.044487428,0.001779497,1,0,0,1,1
49174,-1,0,1.5222306,0.82086676,1,1,unassigned,18.0,17.0,1.0,0.9444444,0.055555556,0.055555582,0.030947777,0.0017193209,0,0,0,1,0
49175,-1,0,5.085734,0.9938537,1,1,unassigned,11.0,11.0,0.0,1.0,0.0,0.0,0.017408123,0.0,0,0,0,1,1
49176,-1,1,0.9487533,0.72086436,1,1,unassigned,3.0,3.0,0.0,1.0,0.0,0.0,0.001934236,0.0,1,0,0,1,0
49177,-1,0,3.5708144,0.9726369,1,1,unassigned,8.0,8.0,0.0,1.0,0.0,0.0,0.0116054155,0.0,0,0,0,1,1
49178,0,0,1.2874525,0.78371567,1,1,unassigned,13.0,13.0,0.0,1.0,0.0,0.0,0.021276595,0.0,0,0,0,1,0
49179,-1,0,-0.8007493,0.30986527,0,1,unassigned,2.0,2.0,0.0,1.0,0.0,0.0,0.0,0.0,0,0,0,0,0
49180,0,0,0.5747488,0.63985825,1,1,val,43.0,43.0,0.0,1.0,0.0,0.0,0.079303674,0.0,0,0,0,1,0
49181,-1,0,0.4816206,0.6181305,1,1,unassigned,6.0,6.0,0.0,1.0,0.0,0.0,0.007736944,0.0,0,0,0,1,0
49182,-1,1,-0.42759657,0.39470038,0,1,unassigned,26.0,26.0,0.0,1.0,0.0,0.0,0.046421662,0.0,1,0,0,0,0
49183,-1,0,-0.5294668,0.37064126,0,1,unassigned,5.0,5.0,0.0,1.0,0.0,0.0,0.0058027077,0.0,0,0,0,0,0
49184,-1,0,-0.23779431,0.44082996,0,1,unassigned,37.0,36.0,1.0,0.972973,0.027027028,0.02702701,0.06769826,0.0018296828,0,0,0,0,0
49185,-1,1,5.652717,0.9965043,1,1,unassigned,27.0,24.0,3.0,0.8888889,0.11111111,0.111111104,0.0483559,0.0053728777,1,0,0,1,1
49186,-1,0,2.5720909,0.92904365,1,1,unassigned,4.0,4.0,0.0,1.0,0.0,0.0,0.003868472,0.0,0,0,0,1,1
49187,-1,0,6.15872,0.99788946,1,1,unassigned,5.0,5.0,0.0,1.0,0.0,0.0,0.0058027077,0.0,0,0,0,1,1
49188,-1,0,-0.5192405,0.37302986,0,1,unassigned,4.0,4.0,0.0,1.0,0.0,0.0,0.003868472,0.0,0,0,0,0,0
49189,-1,0,7.175652,0.99923563,1,1,unassigned,4.0,4.0,0.0,1.0,0.0,0.0,0.003868472,0.0,0,0,0,1,1
49190,-1,0,-0.8094881,0.30799958,0,1,unassigned,39.0,39.0,0.0,1.0,0.0,0.0,0.07156673,0.0,0,0,0,0,0
49191,-1,0,-0.69970644,0.33187732,0,1,unassigned,4.0,4.0,0.0,1.0,0.0,0.0,0.003868472,0.0,0,0,0,0,0
49192,-1,0,4.14465,0.9843983,1,1,unassigned,2.0,2.0,0.0,1.0,0.0,0.0,0.0,0.0,0,0,0,1,1
49193,0,0,0.22030264,0.554854,1,1,unassigned,5.0,5.0,0.0,1.0,0.0,0.0,0.0058027077,0.0,0,0,0,1,0
49194,-1,1,10.268518,0.9999653,1,1,unassigned,12.0,11.0,1.0,0.9166667,0.083333336,0.08333331,0.01934236,0.0016118633,1,0,0,1,1
49195,-1,0,2.9612145,0.9507908,1,1,unassigned,2.0,2.0,0.0,1.0,0.0,0.0,0.0,0.0,0,0,0,1,1
49196,1,0,0.6954799,0.6671849,1,0,test,9.0,9.0,0.0,1.0,0.0,0.0,0.013539651,0.0,0,0,1,1,0
49197,-1,1,4.203816,0.9852814,1,1,unassigned,6.0,6.0,0.0,1.0,0.0,0.0,0.007736944,0.0,1,0,0,1,1
49198,-1,1,6.8256674,0.9989157,1,1,unassigned,4.0,3.0,1.0,0.75,0.25,0.25,0.003868472,0.000967118,1,0,0,1,1
49199,-1,1,0.289321,0.5718299,1,1,unassigned,14.0,14.0,0.0,1.0,0.0,0.0,0.023210831,0.0,1,0,0,1,0
49200,-1,1,6.8624887,0.9989548,1,1,unassigned,25.0,25.0,0.0,1.0,0.0,0.0,0.044487428,0.0,1,0,0,1,1
49201,-1,1,0.37800127,0.593391,1,1,unassigned,5.0,4.0,1.0,0.8,0.2,0.19999999,0.0058027077,0.0011605415,1,0,0,1,0
49202,-1,1,-0.059764326,0.48506334,0,1,unassigned,3.0,3.0,0.0,1.0,0.0,0.0,0.001934236,0.0,1,0,0,0,0
49203,-1,0,6.929547,0.9990225,1,1,unassigned,3.0,3.0,0.0,1.0,0.0,0.0,0.001934236,0.0,0,0,0,1,1
49204,-1,1,-0.563559,0.3627244,0,1,unassigned,22.0,21.0,1.0,0.95454544,0.045454547,0.04545456,0.03868472,0.0017583964,1,0,0,0,0
49205,-1,0,0.5502973,0.6342045,1,1,unassigned,3.0,3.0,0.0,1.0,0.0,0.0,0.001934236,0.0,0,0,0,1,0
49206,-1,1,1.3654027,0.79663634,1,1,unassigned,10.0,5.0,5.0,0.5,0.5,0.5,0.015473888,0.007736944,1,0,0,1,0
49207,-1,0,-0.53844064,0.3685504,0,1,unassigned,17.0,16.0,1.0,0.9411765,0.05882353,0.058823526,0.029013539,0.0017066788,0,0,0,0,0
49208,-1,0,3.355377,0.96628046,1,1,unassigned,8.0,8.0,0.0,1.0,0.0,0.0,0.0116054155,0.0,0,0,0,1,1
49209,-1,1,-0.09948936,0.47514817,0,1,unassigned,25.0,24.0,1.0,0.96,0.04,0.04000002,0.044487428,0.001779497,1,0,0,0,0
49210,-1,1,5.3867826,0.9954442,1,1,unassigned,13.0,13.0,0.0,1.0,0.0,0.0,0.021276595,0.0,1,0,0,1,1
49211,-1,1,4.102594,0.983739,1,1,unassigned,2.0,2.0,0.0,1.0,0.0,0.0,0.0,0.0,1,0,0,1,1
49212,-1,1,-0.07011953,0.4824773,0,1,unassigned,16.0,16.0,0.0,1.0,0.0,0.0,0.027079303,0.0,1,0,0,0,0
49213,-1,1,4.034286,0.9826095,1,1,unassigned,28.0,27.0,1.0,0.96428573,0.035714287,0.03571427,0.050290134,0.0017960763,1,0,0,1,1
49214,-1,0,-0.4955149,0.37859526,0,1,unassigned,17.0,17.0,0.0,1.0,0.0,0.0,0.029013539,0.0,0,0,0,0,0
49215,-1,1,3.6934702,0.97571874,1,1,unassigned,42.0,42.0,0.0,1.0,0.0,0.0,0.07736944,0.0,1,0,0,1,1
49216,-1,1,0.91002613,0.7130055,1,1,unassigned,20.0,19.0,1.0,0.95,0.05,0.050000012,0.034816246,0.0017408123,1,0,0,1,0
49217,1,1,0.13322407,0.5332568,1,0,unassigned,100.0,100.0,0.0,1.0,0.0,0.0,0.18955512,0.0,1,0,1,1,0
49218,-1,1,1.2196443,0.77200097,1,1,unassigned,65.0,59.0,6.0,0.9076923,0.092307694,0.09230769,0.12185687,0.011248327,1,0,0,1,0
49219,-1,1,-0.89258564,0.29057652,0,1,unassigned,17.0,12.0,5.0,0.7058824,0.29411766,0.29411763,0.029013539,0.008533394,1,0,0,0,0
49220,-1,1,4.9695535,0.9931017,1,1,unassigned,41.0,35.0,6.0,0.85365856,0.14634146,0.14634144,0.07543521,0.011039298,1,0,0,1,1
49221,-1,0,0.9634082,0.72380364,1,1,unassigned,3.0,3.0,0.0,1.0,0.0,0.0,0.001934236,0.0,0,0,0,1,0
49222,-1,0,0.3731045,0.5922089,1,1,unassigned,2.0,1.0,1.0,0.5,0.5,0.5,0.0,0.0,0,0,0,1,0
49223,-1,1,5.143553,0.9941969,1,1,unassigned,7.0,7.0,0.0,1.0,0.0,0.0,0.00967118,0.0,1,0,0,1,1
49224,-1,1,2.171286,0.89764124,1,1,unassigned,30.0,22.0,8.0,0.73333335,0.26666668,0.26666665,0.054158606,0.014442296,1,0,0,1,0
49225,-1,0,-0.54583126,0.36683214,0,1,unassigned,3.0,3.0,0.0,1.0,0.0,0.0,0.001934236,0.0,0,0,0,0,0
49226,-1,1,4.215859,0.98545504,1,1,unassigned,15.0,13.0,2.0,0.8666667,0.13333334,0.13333333,0.025145067,0.0033526758,1,0,0,1,1
49227,-1,1,-0.8290336,0.30384946,0,1,unassigned,78.0,76.0,2.0,0.974359,0.025641026,0.025641024,0.14700194,0.0037692804,1,0,0,0,0
49228,-1,0,-0.27414203,0.43189052,0,1,unassigned,5.0,5.0,0.0,1.0,0.0,0.0,0.0058027077,0.0,0,0,0,0,0
49229,-1,1,2.9877155,0.9520161,1,1,unassigned,65.0,46.0,19.0,0.7076923,0.2923077,0.29230767,0.12185687,0.035619702,1,0,0,1,1
49230,-1,1,1.0445065,0.7397186,1,1,unassigned,3.0,3.0,0.0,1.0,0.0,0.0,0.001934236,0.0,1,0,0,1,0
49231,-1,0,2.4262602,0.91880804,1,1,unassigned,27.0,20.0,7.0,0.7407407,0.25925925,0.25925928,0.0483559,0.012536715,0,0,0,1,1
49232,-1,0,-0.5276787,0.37105843,0,1,unassigned,4.0,4.0,0.0,1.0,0.0,0.0,0.003868472,0.0,0,0,0,0,0
49233,-1,0,-0.21130094,0.44737047,0,1,unassigned,28.0,28.0,0.0,1.0,0.0,0.0,0.050290134,0.0,0,0,0,0,0
49234,-1,1,-0.8904401,0.29101902,0,1,unassigned,99.0,99.0,0.0,1.0,0.0,0.0,0.1876209,0.0,1,0,0,0,0
49235,-1,1,-0.7095846,0.32969064,0,1,unassigned,79.0,79.0,0.0,1.0,0.0,0.0,0.14893617,0.0,1,0,0,0,0
49236,-1,0,5.8257995,0.9970583,1,1,unassigned,9.0,8.0,1.0,0.8888889,0.11111111,0.111111104,0.013539651,0.0015044058,0,0,0,1,1
49237,-1,1,3.5792358,0.9728601,1,1,unassigned,2.0,2.0,0.0,1.0,0.0,0.0,0.0,0.0,1,0,0,1,1
49238,-1,0,-0.65633243,0.34156397,0,1,unassigned,14.0,6.0,8.0,0.42857143,0.5714286,0.57142854,0.023210831,0.013263333,0,0,0,0,0
49239,-1,0,0.18134356,0.5452121,1,1,unassigned,10.0,10.0,0.0,1.0,0.0,0.0,0.015473888,0.0,0,0,0,1,0
49240,-1,1,0.13690919,0.5341739,1,1,unassigned,4.0,2.0,2.0,0.5,0.5,0.5,0.003868472,0.001934236,1,0,0,1,0
49241,-1,0,3.4765809,0.9700141,1,1,unassigned,3.0,3.0,0.0,1.0,0.0,0.0,0.001934236,0.0,0,0,0,1,1
49242,-1,1,8.665783,0.9998276,1,1,unassigned,29.0,22.0,7.0,0.7586207,0.2413793,0.24137932,0.05222437,0.012605882,1,0,0,1,1
49243,-1,0,-0.41762167,0.39708602,0,1,unassigned,29.0,29.0,0.0,1.0,0.0,0.0,0.05222437,0.0,0,0,0,0,0
49244,-1,1,0.965416,0.72420484,1,1,unassigned,15.0,12.0,3.0,0.8,0.2,0.19999999,0.025145067,0.0050290134,1,0,0,1,0
49245,-1,0,-0.8797813,0.2932231,0,1,unassigned,64.0,63.0,1.0,0.984375,0.015625,0.015625,0.11992263,0.0018737911,0,0,0,0,0
49246,-1,0,-0.41092998,0.39868915,0,1,unassigned,39.0,39.0,0.0,1.0,0.0,0.0,0.07156673,0.0,0,0,0,0,0
49247,-1,0,-0.9024908,0.2885389,0,1,unassigned,23.0,23.0,0.0,1.0,0.0,0.0,0.040618956,0.0,0,0,0,0,0
49248,-1,0,3.7372453,0.9767345,1,1,unassigned,3.0,3.0,0.0,1.0,0.0,0.0,0.001934236,0.0,0,0,0,1,1
49249,1,0,-0.1370799,0.4657836,0,1,unassigned,8.0,8.0,0.0,1.0,0.0,0.0,0.0116054155,0.0,0,0,0,0,0
49250,-1,0,-0.78214204,0.31385842,0,1,unassigned,25.0,24.0,1.0,0.96,0.04,0.04000002,0.044487428,0.001779497,0,0,0,0,0
49251,-1,0,0.6799815,0.66373456,1,1,unassigned,21.0,21.0,0.0,1.0,0.0,0.0,0.036750484,0.0,0,0,0,1,0
49252,-1,0,11.327595,0.99998796,1,1,unassigned,10.0,9.0,1.0,0.9,0.1,0.100000024,0.015473888,0.0015473888,0,0,0,1,1
49253,-1,1,5.4988284,0.99592507,1,1,unassigned,2.0,2.0,0.0,1.0,0.0,0.0,0.0,0.0,1,0,0,1,1
49254,0,0,-0.24541089,0.43895337,0,0,test,18.0,18.0,0.0,1.0,0.0,0.0,0.030947777,0.0,0,0,1,0,0
49255,-1,1,-0.6645887,0.33970958,0,1,unassigned,61.0,61.0,0.0,1.0,0.0,0.0,0.114119925,0.0,1,0,0,0,0
49256,-1,1,-0.7440295,0.32212362,0,1,unassigned,73.0,67.0,6.0,0.91780823,0.08219178,0.082191765,0.13733076,0.011287459,1,0,0,0,0
49257,-1,0,-0.31821543,0.42111072,0,1,unassigned,53.0,53.0,0.0,1.0,0.0,0.0,0.09864604,0.0,0,0,0,0,0
49258,-1,1,5.3513613,0.9952807,1,1,unassigned,4.0,4.0,0.0,1.0,0.0,0.0,0.003868472,0.0,1,0,0,1,1
49259,0,1,0.0066771507,0.5016693,1,1,unassigned,7.0,7.0,0.0,1.0,0.0,0.0,0.00967118,0.0,1,0,0,1,0
49260,-1,0,5.257034,0.99481624,1,1,unassigned,3.0,3.0,0.0,1.0,0.0,0.0,0.001934236,0.0,0,0,0,1,1
49261,-1,1,1.2797883,0.7824137,1,1,unassigned,10.0,10.0,0.0,1.0,0.0,0.0,0.015473888,0.0,1,0,0,1,0
49262,-1,1,4.3846135,0.9876858,1,1,unassigned,4.0,2.0,2.0,0.5,0.5,0.5,0.003868472,0.001934236,1,0,0,1,1
49263,-1,0,0.99299747,0.7296796,1,1,unassigned,7.0,6.0,1.0,0.85714287,0.14285715,0.14285713,0.00967118,0.0013815971,0,0,0,1,0
49264,-1,1,-0.612978,0.35138017,0,1,unassigned,88.0,86.0,2.0,0.97727275,0.022727273,0.022727251,0.1663443,0.0037805524,1,0,0,0,0
49265,-1,0,3.8128383,0.9783918,1,1,unassigned,8.0,8.0,0.0,1.0,0.0,0.0,0.0116054155,0.0,0,0,0,1,1
49266,-1,1,4.1326523,0.9842129,1,1,unassigned,23.0,23.0,0.0,1.0,0.0,0.0,0.040618956,0.0,1,0,0,1,1
49267,0,0,0.50208205,0.62294847,1,1,test,3.0,3.0,0.0,1.0,0.0,0.0,0.001934236,0.0,0,0,0,1,0
49268,-1,1,-0.29377693,0.42707947,0,1,unassigned,66.0,64.0,2.0,0.969697,0.030303031,0.030303001,0.123791106,0.0037512458,1,0,0,0,0
49269,-1,0,0.299208,0.57424885,1,1,unassigned,4.0,4.0,0.0,1.0,0.0,0.0,0.003868472,0.0,0,0,0,1,0
49270,-1,1,-0.70704174,0.33025286,0,1,unassigned,67.0,66.0,1.0,0.98507464,0.014925373,0.014925361,0.12572534,0.0018764976,1,0,0,0,0
49271,1,0,-0.10170227,0.47459635,0,1,unassigned,33.0,33.0,0.0,1.0,0.0,0.0,0.059961315,0.0,0,0,0,0,0
49272,-1,1,-0.46491706,0.38582,0,1,unassigned,23.0,22.0,1.0,0.95652175,0.04347826,0.04347825,0.040618956,0.0017660416,1,0,0,0,0
49273,0,1,-0.47297552,0.38391224,0,0,unassigned,49.0,47.0,2.0,0.9591837,0.040816326,0.040816307,0.09090909,0.0037105752,1,0,1,0,0
49274,-1,1,-0.87533695,0.29414502,0,1,unassigned,23.0,22.0,1.0,0.95652175,0.04347826,0.04347825,0.040618956,0.0017660416,1,0,0,0,0
49275,-1,1,-0.79512846,0.31106856,0,1,unassigned,39.0,39.0,0.0,1.0,0.0,0.0,0.07156673,0.0,1,0,0,0,0
49276,-1,1,0.5625277,0.6370372,1,1,unassigned,5.0,5.0,0.0,1.0,0.0,0.0,0.0058027077,0.0,1,0,0,1,0
49277,1,0,0.03634906,0.50908625,1,0,unassigned,14.0,14.0,0.0,1.0,0.0,0.0,0.023210831,0.0,0,0,1,1,0
49278,-1,0,7.0124164,0.9991002,1,1,unassigned,3.0,3.0,0.0,1.0,0.0,0.0,0.001934236,0.0,0,0,0,1,1
49279,-1,0,1.2139533,0.77099764,1,1,unassigned,3.0,3.0,0.0,1.0,0.0,0.0,0.001934236,0.0,0,0,0,1,0
49280,0,0,-0.17266455,0.45694077,0,0,val,18.0,16.0,2.0,0.8888889,0.11111111,0.111111104,0.030947777,0.0034386418,0,0,1,0,0
49281,0,0,-0.6131295,0.35134566,0,0,unassigned,14.0,14.0,0.0,1.0,0.0,0.0,0.023210831,0.0,0,0,1,0,0
49282,-1,0,1.3496501,0.7940724,1,1,unassigned,11.0,11.0,0.0,1.0,0.0,0.0,0.017408123,0.0,0,0,0,1,0
49283,-1,0,4.6543946,0.99057007,1,1,unassigned,11.0,11.0,0.0,1.0,0.0,0.0,0.017408123,0.0,0,0,0,1,1
49284,1,1,-0.043107986,0.48922464,0,1,test,13.0,10.0,3.0,0.7692308,0.23076923,0.23076922,0.021276595,0.0049099834,1,0,0,0,0
49285,-1,1,0.19410008,0.5483732,1,1,unassigned,7.0,7.0,0.0,1.0,0.0,0.0,0.00967118,0.0,1,0,0,1,0
49286,-1,0,4.6727214,0.9907397,1,1,unassigned,3.0,3.0,0.0,1.0,0.0,0.0,0.001934236,0.0,0,0,0,1,1
49287,-1,1,6.400661,0.9983423,1,1,unassigned,2.0,2.0,0.0,1.0,0.0,0.0,0.0,0.0,1,0,0,1,1
49288,-1,1,1.6296945,0.83612776,1,1,unassigned,15.0,10.0,5.0,0.6666667,0.33333334,0.3333333,0.025145067,0.008381689,1,0,0,1,0
49289,-1,1,3.529938,0.97152764,1,1,unassigned,2.0,2.0,0.0,1.0,0.0,0.0,0.0,0.0,1,0,0,1,1
49290,-1,1,5.248179,0.99477035,1,1,unassigned,6.0,3.0,3.0,0.5,0.5,0.5,0.007736944,0.003868472,1,0,0,1,1
49291,-1,1,-0.4304448,0.3940201,0,1,unassigned,34.0,29.0,5.0,0.85294116,0.14705883,0.14705884,0.061895553,0.009102288,1,0,0,0,0
49292,-1,0,-0.28074312,0.4302716,0,1,unassigned,19.0,18.0,1.0,0.94736844,0.05263158,0.052631557,0.032882012,0.0017306323,0,0,0,0,0
49293,-1,1,0.7977491,0.6894928,1,1,unassigned,4.0,4.0,0.0,1.0,0.0,0.0,0.003868472,0.0,1,0,0,1,0
49294,1,1,0.7375186,0.676453,1,0,val,11.0,11.0,0.0,1.0,0.0,0.0,0.017408123,0.0,1,0,1,1,0
49295,-1,0,3.2449515,0.9624913,1,1,unassigned,7.0,1.0,6.0,0.14285715,0.85714287,0.85714287,0.00967118,0.008289583,0,0,0,1,1
49296,-1,1,0.10418272,0.52602214,1,1,unassigned,2.0,2.0,0.0,1.0,0.0,0.0,0.0,0.0,1,0,0,1,0
49297,0,0,0.40848476,0.60072446,1,1,unassigned,11.0,11.0,0.0,1.0,0.0,0.0,0.017408123,0.0,0,0,0,1,0
49298,-1,0,7.3999753,0.99938905,1,1,unassigned,9.0,7.0,2.0,0.7777778,0.22222222,0.22222221,0.013539651,0.0030088115,0,0,0,1,1
49299,-1,0,4.142917,0.9843717,1,1,unassigned,6.0,4.0,2.0,0.6666667,0.33333334,0.3333333,0.007736944,0.0025789815,0,0,0,1,1
49300,-1,0,-0.33780834,0.41634196,0,1,unassigned,12.0,10.0,2.0,0.8333333,0.16666667,0.16666669,0.01934236,0.0032237265,0,0,0,0,0
49301,-1,0,0.21403491,0.5533054,1,1,unassigned,5.0,5.0,0.0,1.0,0.0,0.0,0.0058027077,0.0,0,0,0,1,0
49302,-1,1,-0.114992976,0.47128335,0,1,unassigned,30.0,28.0,2.0,0.93333334,0.06666667,0.06666666,0.054158606,0.003610574,1,0,0,0,0
49303,-1,0,1.3673611,0.7969535,1,1,unassigned,3.0,3.0,0.0,1.0,0.0,0.0,0.001934236,0.0,0,0,0,1,0
49304,-1,1,-0.092118084,0.47698677,0,1,unassigned,3.0,3.0,0.0,1.0,0.0,0.0,0.001934236,0.0,1,0,0,0,0
49305,-1,1,5.8204656,0.9970426,1,1,unassigned,2.0,2.0,0.0,1.0,0.0,0.0,0.0,0.0,1,0,0,1,1
49306,-1,1,4.5744605,0.9897934,1,1,unassigned,32.0,1.0,31.0,0.03125,0.96875,0.96875,0.058027077,0.056213733,1,1,0,1,1
49307,-1,1,-0.24259281,0.4396475,0,1,unassigned,4.0,1.0,3.0,0.25,0.75,0.75,0.003868472,0.002901354,1,0,0,0,0
49308,-1,1,6.766562,0.99884963,1,1,unassigned,7.0,7.0,0.0,1.0,0.0,0.0,0.00967118,0.0,1,0,0,1,1
49309,1,1,2.9403453,0.94980514,1,0,test,50.0,45.0,5.0,0.9,0.1,0.100000024,0.092843324,0.009284332,1,0,1,1,1
49310,-1,1,3.7443812,0.9768961,1,1,unassigned,3.0,2.0,1.0,0.6666667,0.33333334,0.3333333,0.001934236,0.00064474536,1,0,0,1,1
49311,-1,1,0.50642186,0.62396735,1,1,unassigned,3.0,3.0,0.0,1.0,0.0,0.0,0.001934236,0.0,1,0,0,1,0
49312,-1,1,2.205919,0.9007798,1,1,unassigned,6.0,6.0,0.0,1.0,0.0,0.0,0.007736944,0.0,1,0,0,1,1
49313,-1,1,2.4828975,0.9229341,1,1,unassigned,23.0,22.0,1.0,0.95652175,0.04347826,0.04347825,0.040618956,0.0017660416,1,0,0,1,1
49314,-1,0,2.4358823,0.91952294,1,1,unassigned,2.0,2.0,0.0,1.0,0.0,0.0,0.0,0.0,0,0,0,1,1
49315,-1,1,2.3920605,0.9162199,1,1,unassigned,4.0,4.0,0.0,1.0,0.0,0.0,0.003868472,0.0,1,0,0,1,1
49316,-1,0,0.4036805,0.59957165,1,1,unassigned,3.0,3.0,0.0,1.0,0.0,0.0,0.001934236,0.0,0,0,0,1,0
49317,-1,0,4.7022357,0.9910067,1,1,unassigned,7.0,7.0,0.0,1.0,0.0,0.0,0.00967118,0.0,0,0,0,1,1
49318,-1,0,-0.22841358,0.44314358,0,1,unassigned,8.0,8.0,0.0,1.0,0.0,0.0,0.0116054155,0.0,0,0,0,0,0
49319,-1,0,0.029805064,0.5074507,1,1,unassigned,12.0,12.0,0.0,1.0,0.0,0.0,0.01934236,0.0,0,0,0,1,0
49320,-1,1,0.94034654,0.7191697,1,1,unassigned,6.0,6.0,0.0,1.0,0.0,0.0,0.007736944,0.0,1,0,0,1,0
49321,-1,0,-0.45893764,0.38723788,0,1,unassigned,15.0,13.0,2.0,0.8666667,0.13333334,0.13333333,0.025145067,0.0033526758,0,0,0,0,0
49322,-1,0,1.7393901,0.8506096,1,1,unassigned,12.0,12.0,0.0,1.0,0.0,0.0,0.01934236,0.0,0,0,0,1,0
49323,-1,1,-0.3716653,0.40813866,0,1,unassigned,4.0,4.0,0.0,1.0,0.0,0.0,0.003868472,0.0,1,0,0,0,0
49324,-1,1,1.6410344,0.83767563,1,1,unassigned,4.0,4.0,0.0,1.0,0.0,0.0,0.003868472,0.0,1,0,0,1,0
49325,1,0,0.14247262,0.535558,1,0,unassigned,7.0,7.0,0.0,1.0,0.0,0.0,0.00967118,0.0,0,0,1,1,0
49326,-1,0,1.0941198,0.7491567,1,1,unassigned,4.0,3.0,1.0,0.75,0.25,0.25,0.003868472,0.000967118,0,0,0,1,0
49327,1,1,2.396598,0.9165675,1,0,test,8.0,8.0,0.0,1.0,0.0,0.0,0.0116054155,0.0,1,0,1,1,1
49328,-1,1,0.48853606,0.61976147,1,1,unassigned,2.0,2.0,0.0,1.0,0.0,0.0,0.0,0.0,1,0,0,1,0
49329,-1,0,-0.2879617,0.42850298,0,1,unassigned,25.0,25.0,0.0,1.0,0.0,0.0,0.044487428,0.0,0,0,0,0,0
49330,-1,1,0.24128884,0.56003124,1,1,unassigned,2.0,2.0,0.0,1.0,0.0,0.0,0.0,0.0,1,0,0,1,0
49331,-1,0,-0.097341895,0.47568372,0,1,unassigned,2.0,2.0,0.0,1.0,0.0,0.0,0.0,0.0,0,0,0,0,0
49332,-1,0,1.1636662,0.76199824,1,1,unassigned,3.0,2.0,1.0,0.6666667,0.33333334,0.3333333,0.001934236,0.00064474536,0,0,0,1,0
49333,-1,0,-0.21638536,0.44611377,0,1,unassigned,6.0,6.0,0.0,1.0,0.0,0.0,0.007736944,0.0,0,0,0,0,0
49334,-1,0,4.161485,0.9846548,1,1,unassigned,3.0,2.0,1.0,0.6666667,0.33333334,0.3333333,0.001934236,0.00064474536,0,0,0,1,1
49335,0,0,1.7255025,0.84883624,1,1,val,4.0,4.0,0.0,1.0,0.0,0.0,0.003868472,0.0,0,0,0,1,0
49336,-1,0,-0.53135264,0.37020147,0,1,unassigned,19.0,19.0,0.0,1.0,0.0,0.0,0.032882012,0.0,0,0,0,0,0
49337,-1,1,-0.6927648,0.3334183,0,1,unassigned,93.0,88.0,5.0,0.94623655,0.05376344,0.05376345,0.17601547,0.009463198,1,0,0,0,0
49338,-1,0,-0.31257024,0.42248753,0,1,unassigned,18.0,16.0,2.0,0.8888889,0.11111111,0.111111104,0.030947777,0.0034386418,0,0,0,0,0
49339,-1,0,0.016574323,0.5041435,1,1,unassigned,55.0,52.0,3.0,0.94545454,0.054545455,0.054545462,0.102514505,0.0055917003,0,0,0,1,0
49340,-1,0,-0.9892149,0.27106717,0,1,unassigned,8.0,8.0,0.0,1.0,0.0,0.0,0.0116054155,0.0,0,0,0,0,0
49341,-1,0,-0.3271317,0.4189387,0,1,unassigned,19.0,17.0,2.0,0.8947368,0.10526316,0.10526317,0.032882012,0.0034612645,0,0,0,0,0
49342,-1,1,2.5872664,0.9300376,1,1,unassigned,3.0,3.0,0.0,1.0,0.0,0.0,0.001934236,0.0,1,0,0,1,1
49343,-1,0,1.4151673,0.8045797,1,1,unassigned,3.0,3.0,0.0,1.0,0.0,0.0,0.001934236,0.0,0,0,0,1,0
49344,-1,1,2.8192637,0.943708,1,1,unassigned,9.0,9.0,0.0,1.0,0.0,0.0,0.013539651,0.0,1,0,0,1,1
49345,-1,1,1.8580525,0.8650698,1,1,unassigned,26.0,26.0,0.0,1.0,0.0,0.0,0.046421662,0.0,1,0,0,1,0
49346,-1,1,-0.47384533,0.38370648,0,1,unassigned,47.0,47.0,0.0,1.0,0.0,0.0,0.08704062,0.0,1,0,0,0,0
49347,-1,0,4.884114,0.99249095,1,1,unassigned,12.0,12.0,0.0,1.0,0.0,0.0,0.01934236,0.0,0,0,0,1,1
49348,-1,0,-0.647275,0.34360388,0,1,unassigned,4.0,4.0,0.0,1.0,0.0,0.0,0.003868472,0.0,0,0,0,0,0
49349,-1,1,3.7337086,0.9766541,1,1,unassigned,2.0,2.0,0.0,1.0,0.0,0.0,0.0,0.0,1,0,0,1,1
49350,-1,1,-0.65833414,0.34111392,0,1,unassigned,4.0,4.0,0.0,1.0,0.0,0.0,0.003868472,0.0,1,0,0,0,0
49351,-1,0,-0.0437271,0.48906994,0,1,unassigned,21.0,20.0,1.0,0.95238096,0.04761905,0.047619045,0.036750484,0.0017500231,0,0,0,0,0
49352,-1,1,1.6639249,0.8407642,1,1,unassigned,23.0,23.0,0.0,1.0,0.0,0.0,0.040618956,0.0,1,0,0,1,0
49353,-1,1,-0.69408613,0.33312473,0,1,unassigned,101.0,97.0,4.0,0.96039605,0.03960396,0.03960395,0.19148937,0.0075837374,1,0,0,0,0
49354,-1,0,4.266065,0.9861574,1,1,unassigned,12.0,12.0,0.0,1.0,0.0,0.0,0.01934236,0.0,0,0,0,1,1
49355,1,1,2.3244827,0.91088456,1,0,val,34.0,32.0,2.0,0.9411765,0.05882353,0.058823526,0.061895553,0.0036409148,1,0,1,1,1
49356,-1,0,0.9681162,0.72474384,1,1,unassigned,11.0,10.0,1.0,0.90909094,0.09090909,0.090909064,0.017408123,0.0015825568,0,0,0,1,0
49357,-1,0,-0.35104442,0.41312918,0,1,unassigned,36.0,36.0,0.0,1.0,0.0,0.0,0.065764025,0.0,0,0,0,0,0
49358,-1,0,-0.06599599,0.48350698,0,1,unassigned,43.0,43.0,0.0,1.0,0.0,0.0,0.079303674,0.0,0,0,0,0,0
49359,-1,0,-0.40284464,0.40062907,0,1,unassigned,3.0,3.0,0.0,1.0,0.0,0.0,0.001934236,0.0,0,0,0,0,0
49360,-1,0,0.11052364,0.5276028,1,1,unassigned,8.0,8.0,0.0,1.0,0.0,0.0,0.0116054155,0.0,0,0,0,1,0
49361,1,0,0.28299516,0.5702804,1,0,val,15.0,14.0,1.0,0.93333334,0.06666667,0.06666666,0.025145067,0.0016763379,0,0,1,1,0
49362,-1,1,0.46940595,0.61524314,1,1,unassigned,3.0,1.0,2.0,0.33333334,0.6666667,0.6666666,0.001934236,0.0012894907,1,0,0,1,0
49363,-1,1,1.268215,0.780437,1,1,unassigned,2.0,2.0,0.0,1.0,0.0,0.0,0.0,0.0,1,0,0,1,0
49364,-1,1,4.649858,0.99052763,1,1,unassigned,24.0,23.0,1.0,0.9583333,0.041666668,0.041666687,0.04255319,0.0017730496,1,0,0,1,1
49365,-1,1,2.8361056,0.94459605,1,1,unassigned,4.0,3.0,1.0,0.75,0.25,0.25,0.003868472,0.000967118,1,0,0,1,1
49366,-1,1,0.062173188,0.5155383,1,1,unassigned,3.0,3.0,0.0,1.0,0.0,0.0,0.001934236,0.0,1,0,0,1,0
49367,-1,0,-0.6287293,0.34779873,0,1,unassigned,4.0,4.0,0.0,1.0,0.0,0.0,0.003868472,0.0,0,0,0,0,0
49368,-1,0,3.199369,0.96081054,1,1,unassigned,15.0,13.0,2.0,0.8666667,0.13333334,0.13333333,0.025145067,0.0033526758,0,0,0,1,1
49369,-1,0,0.2767595,0.5687516,1,1,unassigned,7.0,7.0,0.0,1.0,0.0,0.0,0.00967118,0.0,0,0,0,1,0
49370,1,0,-0.96008617,0.27686095,0,1,unassigned,9.0,8.0,1.0,0.8888889,0.11111111,0.111111104,0.013539651,0.0015044058,0,0,0,0,0
49371,-1,0,-0.9222261,0.28450453,0,1,unassigned,8.0,8.0,0.0,1.0,0.0,0.0,0.0116054155,0.0,0,0,0,0,0
49372,-1,0,1.6720829,0.8418533,1,1,unassigned,2.0,2.0,0.0,1.0,0.0,0.0,0.0,0.0,0,0,0,1,0
49373,-1,1,0.088765144,0.5221767,1,1,unassigned,3.0,3.0,0.0,1.0,0.0,0.0,0.001934236,0.0,1,0,0,1,0
49374,-1,0,2.0679924,0.88775307,1,1,unassigned,3.0,3.0,0.0,1.0,0.0,0.0,0.001934236,0.0,0,0,0,1,0
49375,-1,0,1.7512438,0.8521097,1,1,unassigned,9.0,6.0,3.0,0.6666667,0.33333334,0.3333333,0.013539651,0.004513217,0,0,0,1,0
49376,-1,1,-0.0660615,0.48349065,0,1,unassigned,12.0,11.0,1.0,0.9166667,0.083333336,0.08333331,0.01934236,0.0016118633,1,0,0,0,0
49377,-1,0,-0.50250405,0.37695238,0,1,unassigned,11.0,9.0,2.0,0.8181818,0.18181819,0.18181819,0.017408123,0.0031651135,0,0,0,0,0
49378,-1,1,-0.7471538,0.32144177,0,1,unassigned,19.0,18.0,1.0,0.94736844,0.05263158,0.052631557,0.032882012,0.0017306323,1,0,0,0,0
49379,-1,1,0.4333251,0.6066674,1,1,unassigned,9.0,9.0,0.0,1.0,0.0,0.0,0.013539651,0.0,1,0,0,1,0
49380,1,1,-1.0492425,0.2593706,0,1,val,2.0,2.0,0.0,1.0,0.0,0.0,0.0,0.0,1,0,0,0,0
49381,-1,0,-0.24104261,0.4400294,0,1,unassigned,39.0,31.0,8.0,0.7948718,0.20512821,0.2051282,0.07156673,0.014680355,0,0,0,0,0
49382,-1,0,-0.2638033,0.43442896,0,1,unassigned,3.0,3.0,0.0,1.0,0.0,0.0,0.001934236,0.0,0,0,0,0,0
49383,-1,1,0.5558552,0.635493,1,1,unassigned,4.0,4.0,0.0,1.0,0.0,0.0,0.003868472,0.0,1,0,0,1,0
49384,-1,1,-1.1426959,0.24182574,0,1,unassigned,18.0,17.0,1.0,0.9444444,0.055555556,0.055555582,0.030947777,0.0017193209,1,0,0,0,0
49385,-1,1,0.70878154,0.67013186,1,1,unassigned,3.0,3.0,0.0,1.0,0.0,0.0,0.001934236,0.0,1,0,0,1,0
49386,0,1,0.37329906,0.5922559,1,1,test,11.0,11.0,0.0,1.0,0.0,0.0,0.017408123,0.0,1,0,0,1,0
49387,-1,1,-0.06271607,0.48432612,0,1,unassigned,11.0,11.0,0.0,1.0,0.0,0.0,0.017408123,0.0,1,0,0,0,0
49388,-1,0,0.22604483,0.55627185,1,1,unassigned,2.0,1.0,1.0,0.5,0.5,0.5,0.0,0.0,0,0,0,1,0
49389,-1,0,5.7429886,0.9968051,1,1,unassigned,14.0,13.0,1.0,0.9285714,0.071428575,0.0714286,0.023210831,0.0016579166,0,0,0,1,1
49390,-1,1,0.5099978,0.6248059,1,1,unassigned,11.0,11.0,0.0,1.0,0.0,0.0,0.017408123,0.0,1,0,0,1,0
49391,-1,0,8.729122,0.99983823,1,1,unassigned,42.0,35.0,7.0,0.8333333,0.16666667,0.16666669,0.07736944,0.012894906,0,0,0,1,1
49392,-1,1,-0.41924995,0.3966962,0,1,unassigned,40.0,38.0,2.0,0.95,0.05,0.050000012,0.07350097,0.0036750485,1,0,0,0,0
49393,-1,0,-0.66644365,0.33929363,0,1,unassigned,21.0,19.0,2.0,0.9047619,0.0952381,0.09523809,0.036750484,0.0035000462,0,0,0,0,0
49394,1,0,4.788773,0.991746,1,0,unassigned,5.0,5.0,0.0,1.0,0.0,0.0,0.0058027077,0.0,0,0,1,1,1
49395,-1,0,0.036186397,0.5090456,1,1,unassigned,3.0,3.0,0.0,1.0,0.0,0.0,0.001934236,0.0,0,0,0,1,0
49396,-1,0,2.2295597,0.90287274,1,1,unassigned,3.0,2.0,1.0,0.6666667,0.33333334,0.3333333,0.001934236,0.00064474536,0,0,0,1,1
49397,-1,1,0.29316992,0.572772,1,1,unassigned,31.0,30.0,1.0,0.9677419,0.032258064,0.032258093,0.056092843,0.0018094465,1,0,0,1,0
49398,-1,0,-0.115121365,0.47125137,0,1,unassigned,13.0,13.0,0.0,1.0,0.0,0.0,0.021276595,0.0,0,0,0,0,0
49399,-1,0,1.8342311,0.862265,1,1,unassigned,2.0,2.0,0.0,1.0,0.0,0.0,0.0,0.0,0,0,0,1,0
49400,-1,0,4.0539823,0.9829428,1,1,unassigned,15.0,15.0,0.0,1.0,0.0,0.0,0.025145067,0.0,0,0,0,1,1
49401,-1,0,5.131597,0.9941275,1,1,unassigned,4.0,3.0,1.0,0.75,0.25,0.25,0.003868472,0.000967118,0,0,0,1,1
49402,-1,0,0.75302917,0.67983836,1,1,unassigned,8.0,8.0,0.0,1.0,0.0,0.0,0.0116054155,0.0,0,0,0,1,0
49403,-1,0,0.24069619,0.5598852,1,1,unassigned,19.0,19.0,0.0,1.0,0.0,0.0,0.032882012,0.0,0,0,0,1,0
49404,-1,0,-0.9392183,0.28105828,0,1,unassigned,2.0,2.0,0.0,1.0,0.0,0.0,0.0,0.0,0,0,0,0,0
49405,-1,1,2.9238088,0.9490109,1,1,unassigned,3.0,3.0,0.0,1.0,0.0,0.0,0.001934236,0.0,1,0,0,1,1
49406,-1,1,0.7544947,0.68015724,1,1,unassigned,3.0,3.0,0.0,1.0,0.0,0.0,0.001934236,0.0,1,0,0,1,0
49407,-1,1,0.35919946,0.5888466,1,1,unassigned,5.0,5.0,0.0,1.0,0.0,0.0,0.0058027077,0.0,1,0,0,1,0
49408,-1,0,-0.49020573,0.3798451,0,1,unassigned,2.0,2.0,0.0,1.0,0.0,0.0,0.0,0.0,0,0,0,0,0
49409,-1,0,0.3665989,0.5906369,1,1,unassigned,3.0,3.0,0.0,1.0,0.0,0.0,0.001934236,0.0,0,0,0,1,0
49410,-1,1,4.731202,0.9912612,1,1,unassigned,26.0,23.0,3.0,0.88461536,0.115384616,0.11538464,0.046421662,0.005356346,1,0,0,1,1
49411,-1,0,0.63187,0.65291333,1,1,unassigned,3.0,3.0,0.0,1.0,0.0,0.0,0.001934236,0.0,0,0,0,1,0
49412,1,0,12.549505,0.9999964,1,0,val,2.0,1.0,1.0,0.5,0.5,0.5,0.0,0.0,0,0,1,1,1
49413,-1,0,5.750937,0.9968303,1,1,unassigned,14.0,14.0,0.0,1.0,0.0,0.0,0.023210831,0.0,0,0,0,1,1
49414,0,1,-0.2200515,0.44520804,0,0,val,9.0,9.0,0.0,1.0,0.0,0.0,0.013539651,0.0,1,0,1,0,0
49415,-1,0,1.0514724,0.7410575,1,1,unassigned,24.0,22.0,2.0,0.9166667,0.083333336,0.08333331,0.04255319,0.0035460992,0,0,0,1,0
49416,-1,0,0.031983376,0.5079952,1,1,unassigned,20.0,18.0,2.0,0.9,0.1,0.100000024,0.034816246,0.0034816246,0,0,0,1,0
49417,1,0,2.2251666,0.90248686,1,0,unassigned,4.0,4.0,0.0,1.0,0.0,0.0,0.003868472,0.0,0,0,1,1,1
49418,1,1,6.9196362,0.9990127,1,0,unassigned,26.0,24.0,2.0,0.9230769,0.07692308,0.07692307,0.046421662,0.0035708973,1,0,1,1,1
49419,-1,1,-0.8198756,0.30579007,0,1,unassigned,45.0,44.0,1.0,0.9777778,0.022222223,0.02222222,0.08317215,0.0018482701,1,0,0,0,0
49420,-1,0,-0.057760894,0.4855638,0,1,unassigned,13.0,13.0,0.0,1.0,0.0,0.0,0.021276595,0.0,0,0,0,0,0
49421,-1,1,0.6085418,0.6476081,1,1,unassigned,4.0,4.0,0.0,1.0,0.0,0.0,0.003868472,0.0,1,0,0,1,0
49422,-1,0,-0.14994052,0.46258494,0,1,unassigned,9.0,9.0,0.0,1.0,0.0,0.0,0.013539651,0.0,0,0,0,0,0
49423,-1,1,1.8123281,0.85964304,1,1,unassigned,11.0,10.0,1.0,0.90909094,0.09090909,0.090909064,0.017408123,0.0015825568,1,0,0,1,0
49424,-1,0,-0.2267609,0.44355145,0,1,unassigned,7.0,7.0,0.0,1.0,0.0,0.0,0.00967118,0.0,0,0,0,0,0
49425,-1,1,-0.6921773,0.3335489,0,1,unassigned,5.0,4.0,1.0,0.8,0.2,0.19999999,0.0058027077,0.0011605415,1,0,0,0,0
49426,1,0,4.9422607,0.9929121,1,0,unassigned,6.0,6.0,0.0,1.0,0.0,0.0,0.007736944,0.0,0,0,1,1,1
49427,1,0,0.4278131,0.6053513,1,0,val,5.0,5.0,0.0,1.0,0.0,0.0,0.0058027077,0.0,0,0,1,1,0
49428,-1,1,3.7903464,0.9779112,1,1,unassigned,2.0,2.0,0.0,1.0,0.0,0.0,0.0,0.0,1,0,0,1,1
49429,-1,0,2.9434388,0.9499524,1,1,unassigned,5.0,5.0,0.0,1.0,0.0,0.0,0.0058027077,0.0,0,0,0,1,1
49430,-1,0,-0.53052753,0.37039384,0,1,unassigned,49.0,48.0,1.0,0.97959185,0.020408163,0.020408154,0.09090909,0.0018552876,0,0,0,0,0
49431,-1,0,3.9854286,0.9817546,1,1,unassigned,5.0,5.0,0.0,1.0,0.0,0.0,0.0058027077,0.0,0,0,0,1,1
49432,-1,0,2.7303002,0.9387911,1,1,unassigned,2.0,1.0,1.0,0.5,0.5,0.5,0.0,0.0,0,0,0,1,1
49433,-1,0,-0.5225806,0.372249,0,1,unassigned,6.0,6.0,0.0,1.0,0.0,0.0,0.007736944,0.0,0,0,0,0,0
49434,-1,0,-0.096417785,0.47591418,0,1,unassigned,26.0,26.0,0.0,1.0,0.0,0.0,0.046421662,0.0,0,0,0,0,0
49435,-1,0,5.0987716,0.9939328,1,1,unassigned,12.0,12.0,0.0,1.0,0.0,0.0,0.01934236,0.0,0,0,0,1,1
49436,-1,0,1.0772064,0.74596494,1,1,unassigned,6.0,6.0,0.0,1.0,0.0,0.0,0.007736944,0.0,0,0,0,1,0
49437,-1,0,4.026576,0.98247725,1,1,unassigned,4.0,1.0,3.0,0.25,0.75,0.75,0.003868472,0.002901354,0,0,0,1,1
49438,-1,0,-0.011135697,0.49721608,0,1,unassigned,4.0,2.0,2.0,0.5,0.5,0.5,0.003868472,0.001934236,0,0,0,0,0
49439,-1,0,-0.9185012,0.2852634,0,1,unassigned,26.0,25.0,1.0,0.96153843,0.03846154,0.038461566,0.046421662,0.0017854486,0,0,0,0,0
49440,-1,1,-1.0473971,0.2597252,0,1,unassigned,2.0,2.0,0.0,1.0,0.0,0.0,0.0,0.0,1,0,0,0,0
49441,-1,0,8.275845,0.9997454,1,1,unassigned,3.0,3.0,0.0,1.0,0.0,0.0,0.001934236,0.0,0,0,0,1,1
49442,-1,0,-0.31606573,0.42163488,0,1,unassigned,18.0,18.0,0.0,1.0,0.0,0.0,0.030947777,0.0,0,0,0,0,0
49443,-1,1,2.0391414,0.8848458,1,1,unassigned,3.0,1.0,2.0,0.33333334,0.6666667,0.6666666,0.001934236,0.0012894907,1,0,0,1,0
49444,-1,0,-0.5693454,0.36138788,0,1,unassigned,5.0,5.0,0.0,1.0,0.0,0.0,0.0058027077,0.0,0,0,0,0,0
49445,-1,0,-0.7372553,0.32360464,0,1,unassigned,4.0,3.0,1.0,0.75,0.25,0.25,0.003868472,0.000967118,0,0,0,0,0
49446,0,0,0.39761645,0.59811485,1,1,val,7.0,7.0,0.0,1.0,0.0,0.0,0.00967118,0.0,0,0,0,1,0
49447,-1,1,2.1224859,0.89306957,1,1,unassigned,4.0,3.0,1.0,0.75,0.25,0.25,0.003868472,0.000967118,1,0,0,1,0
49448,1,0,-0.92804575,0.28332135,0,1,val,3.0,3.0,0.0,1.0,0.0,0.0,0.001934236,0.0,0,0,0,0,0
49449,-1,1,0.20153034,0.55021274,1,1,unassigned,2.0,2.0,0.0,1.0,0.0,0.0,0.0,0.0,1,0,0,1,0
49450,-1,0,0.16995424,0.54238653,1,1,unassigned,15.0,14.0,1.0,0.93333334,0.06666667,0.06666666,0.025145067,0.0016763379,0,0,0,1,0
49451,-1,0,-0.60412204,0.3534012,0,1,unassigned,19.0,17.0,2.0,0.8947368,0.10526316,0.10526317,0.032882012,0.0034612645,0,0,0,0,0
49452,-1,1,4.0884414,0.9835111,1,1,unassigned,12.0,12.0,0.0,1.0,0.0,0.0,0.01934236,0.0,1,0,0,1,1
49453,-1,1,4.1429534,0.9843722,1,1,unassigned,6.0,6.0,0.0,1.0,0.0,0.0,0.007736944,0.0,1,0,0,1,1
49454,1,1,3.3016422,0.96448505,1,0,val,3.0,3.0,0.0,1.0,0.0,0.0,0.001934236,0.0,1,0,1,1,1
49455,-1,0,1.6981091,0.8452876,1,1,unassigned,5.0,5.0,0.0,1.0,0.0,0.0,0.0058027077,0.0,0,0,0,1,0
49456,1,0,-0.74073446,0.32284358,0,1,val,3.0,3.0,0.0,1.0,0.0,0.0,0.001934236,0.0,0,0,0,0,0
49457,-1,1,-0.56999177,0.36123875,0,1,unassigned,4.0,4.0,0.0,1.0,0.0,0.0,0.003868472,0.0,1,0,0,0,0
49458,-1,1,0.098773,0.52467316,1,1,unassigned,51.0,49.0,2.0,0.9607843,0.039215688,0.039215684,0.09477756,0.0037167673,1,0,0,1,0
49459,-1,0,0.77648383,0.6849218,1,1,unassigned,20.0,18.0,2.0,0.9,0.1,0.100000024,0.034816246,0.0034816246,0,0,0,1,0
49460,-1,0,3.749223,0.97700524,1,1,unassigned,2.0,1.0,1.0,0.5,0.5,0.5,0.0,0.0,0,0,0,1,1
49461,1,0,-0.3438769,0.41486803,0,1,unassigned,43.0,41.0,2.0,0.95348835,0.046511628,0.04651165,0.079303674,0.0036885429,0,0,0,0,0
49462,-1,0,-0.5857599,0.35760832,0,1,unassigned,14.0,14.0,0.0,1.0,0.0,0.0,0.023210831,0.0,0,0,0,0,0
49463,-1,0,0.3603027,0.5891137,1,1,unassigned,7.0,6.0,1.0,0.85714287,0.14285715,0.14285713,0.00967118,0.0013815971,0,0,0,1,0
49464,-1,1,1.9953916,0.88031244,1,1,unassigned,21.0,20.0,1.0,0.95238096,0.04761905,0.047619045,0.036750484,0.0017500231,1,0,0,1,0
49465,-1,1,2.077215,0.88866884,1,1,unassigned,27.0,26.0,1.0,0.962963,0.037037037,0.037037015,0.0483559,0.0017909593,1,0,0,1,0
49466,-1,1,0.10507828,0.5262454,1,1,unassigned,94.0,94.0,0.0,1.0,0.0,0.0,0.17794971,0.0,1,0,0,1,0
49467,-1,1,1.1469018,0.7589446,1,1,unassigned,48.0,48.0,0.0,1.0,0.0,0.0,0.088974856,0.0,1,0,0,1,0
49468,-1,0,1.2795136,0.78236693,1,1,unassigned,2.0,2.0,0.0,1.0,0.0,0.0,0.0,0.0,0,0,0,1,0
49469,-1,1,0.22968966,0.5571713,1,1,unassigned,50.0,50.0,0.0,1.0,0.0,0.0,0.092843324,0.0,1,0,0,1,0
49470,-1,1,0.15003437,0.5374384,1,1,unassigned,20.0,20.0,0.0,1.0,0.0,0.0,0.034816246,0.0,1,0,0,1,0
49471,-1,1,0.5179855,0.6266766,1,1,unassigned,48.0,47.0,1.0,0.9791667,0.020833334,0.020833313,0.088974856,0.0018536429,1,0,0,1,0
49472,-1,1,1.7555156,0.85264707,1,1,unassigned,27.0,25.0,2.0,0.9259259,0.074074075,0.07407409,0.0483559,0.0035819185,1,0,0,1,0
49473,-1,1,2.756523,0.9402807,1,1,unassigned,70.0,65.0,5.0,0.9285714,0.071428575,0.0714286,0.13152805,0.009394861,1,0,0,1,1
49474,-1,1,0.48074394,0.6179235,1,1,unassigned,18.0,17.0,1.0,0.9444444,0.055555556,0.055555582,0.030947777,0.0017193209,1,0,0,1,0
49475,-1,1,0.78261787,0.686244,1,1,unassigned,10.0,10.0,0.0,1.0,0.0,0.0,0.015473888,0.0,1,0,0,1,0
49476,-1,0,-0.1653733,0.45875067,0,1,unassigned,3.0,3.0,0.0,1.0,0.0,0.0,0.001934236,0.0,0,0,0,0,0
49477,0,0,-0.86097014,0.2971367,0,0,val,4.0,4.0,0.0,1.0,0.0,0.0,0.003868472,0.0,0,0,1,0,0
49478,-1,0,2.7401607,0.93935525,1,1,unassigned,2.0,2.0,0.0,1.0,0.0,0.0,0.0,0.0,0,0,0,1,1
49479,-1,0,-0.5698306,0.3612759,0,1,unassigned,25.0,25.0,0.0,1.0,0.0,0.0,0.044487428,0.0,0,0,0,0,0
49480,-1,0,0.4444391,0.60931623,1,1,unassigned,7.0,6.0,1.0,0.85714287,0.14285715,0.14285713,0.00967118,0.0013815971,0,0,0,1,0
49481,1,1,2.2748005,0.90676844,1,0,unassigned,14.0,14.0,0.0,1.0,0.0,0.0,0.023210831,0.0,1,0,1,1,1
49482,-1,1,3.8451264,0.97906405,1,1,unassigned,2.0,1.0,1.0,0.5,0.5,0.5,0.0,0.0,1,0,0,1,1
49483,-1,1,6.2865977,0.99814236,1,1,unassigned,2.0,2.0,0.0,1.0,0.0,0.0,0.0,0.0,1,0,0,1,1
49484,-1,1,-0.82460093,0.30478787,0,1,unassigned,27.0,27.0,0.0,1.0,0.0,0.0,0.0483559,0.0,1,0,0,0,0
49485,-1,0,-0.95463014,0.2779546,0,1,unassigned,2.0,2.0,0.0,1.0,0.0,0.0,0.0,0.0,0,0,0,0,0
49486,-1,0,-0.46531194,0.38572648,0,1,unassigned,60.0,58.0,2.0,0.96666664,0.033333335,0.03333336,0.11218569,0.003739523,0,0,0,0,0
49487,-1,0,0.7704894,0.6836267,1,1,unassigned,3.0,3.0,0.0,1.0,0.0,0.0,0.001934236,0.0,0,0,0,1,0
49488,-1,0,-0.6173332,0.35038823,0,1,unassigned,3.0,2.0,1.0,0.6666667,0.33333334,0.3333333,0.001934236,0.00064474536,0,0,0,0,0
49489,-1,0,-0.093465656,0.4766506,0,1,unassigned,11.0,11.0,0.0,1.0,0.0,0.0,0.017408123,0.0,0,0,0,0,0
49490,-1,1,1.0114429,0.7333024,1,1,unassigned,4.0,4.0,0.0,1.0,0.0,0.0,0.003868472,0.0,1,0,0,1,0
49491,1,1,3.2844198,0.9638904,1,0,train,27.0,26.0,1.0,0.962963,0.037037037,0.037037015,0.0483559,0.0017909593,1,0,1,1,1
49492,1,1,3.2705185,0.9634034,1,0,val,19.0,18.0,1.0,0.94736844,0.05263158,0.052631557,0.032882012,0.0017306323,1,0,1,1,1
49493,-1,1,0.015542805,0.5038856,1,1,unassigned,20.0,16.0,4.0,0.8,0.2,0.19999999,0.034816246,0.0069632493,1,0,0,1,0
49494,-1,0,-0.4144113,0.3978548,0,1,unassigned,12.0,12.0,0.0,1.0,0.0,0.0,0.01934236,0.0,0,0,0,0,0
49495,-1,1,4.3992743,0.9878628,1,1,unassigned,53.0,52.0,1.0,0.9811321,0.018867925,0.01886791,0.09864604,0.0018612461,1,0,0,1,1
49496,-1,0,-0.43182355,0.39369097,0,1,unassigned,12.0,12.0,0.0,1.0,0.0,0.0,0.01934236,0.0,0,0,0,0,0
49497,-1,0,-0.20185834,0.44970605,0,1,unassigned,34.0,34.0,0.0,1.0,0.0,0.0,0.061895553,0.0,0,0,0,0,0
49498,-1,1,3.684965,0.9755164,1,1,unassigned,16.0,16.0,0.0,1.0,0.0,0.0,0.027079303,0.0,1,0,0,1,1
49499,-1,1,2.1268084,0.8934817,1,1,unassigned,32.0,27.0,5.0,0.84375,0.15625,0.15625,0.058027077,0.009066731,1,0,0,1,0
49500,1,1,2.7226279,0.93834877,1,0,unassigned,53.0,49.0,4.0,0.9245283,0.0754717,0.0754717,0.09864604,0.0074449843,1,0,1,1,1
49501,-1,1,0.4975552,0.62188464,1,1,unassigned,28.0,27.0,1.0,0.96428573,0.035714287,0.03571427,0.050290134,0.0017960763,1,0,0,1,0
49502,-1,1,3.0232298,0.9536126,1,1,unassigned,16.0,13.0,3.0,0.8125,0.1875,0.1875,0.027079303,0.0050773695,1,0,0,1,1
49503,1,1,3.020695,0.95350033,1,0,unassigned,33.0,33.0,0.0,1.0,0.0,0.0,0.059961315,0.0,1,0,1,1,1
49504,-1,0,-0.5652739,0.36232808,0,1,unassigned,7.0,7.0,0.0,1.0,0.0,0.0,0.00967118,0.0,0,0,0,0,0
49505,-1,0,-0.32367235,0.419781,0,1,unassigned,4.0,3.0,1.0,0.75,0.25,0.25,0.003868472,0.000967118,0,0,0,0,0
49506,-1,1,2.9426415,0.9499146,1,1,unassigned,3.0,3.0,0.0,1.0,0.0,0.0,0.001934236,0.0,1,0,0,1,1
49507,1,0,0.23737353,0.5590663,1,0,unassigned,4.0,4.0,0.0,1.0,0.0,0.0,0.003868472,0.0,0,0,1,1,0
49508,-1,1,1.8378522,0.86269444,1,1,unassigned,19.0,19.0,0.0,1.0,0.0,0.0,0.032882012,0.0,1,0,0,1,0
49509,-1,1,3.6745002,0.9752652,1,1,unassigned,51.0,47.0,4.0,0.92156863,0.078431375,0.07843137,0.09477756,0.0074335346,1,0,0,1,1
49510,-1,1,1.2951412,0.7850162,1,1,unassigned,36.0,35.0,1.0,0.9722222,0.027777778,0.027777791,0.065764025,0.0018267785,1,0,0,1,0
49511,-1,0,1.9656973,0.8771482,1,1,unassigned,29.0,29.0,0.0,1.0,0.0,0.0,0.05222437,0.0,0,0,0,1,0
49512,-1,1,4.8419642,0.9921703,1,1,unassigned,15.0,12.0,3.0,0.8,0.2,0.19999999,0.025145067,0.0050290134,1,0,0,1,1
49513,-1,1,2.074191,0.88836926,1,1,unassigned,27.0,26.0,1.0,0.962963,0.037037037,0.037037015,0.0483559,0.0017909593,1,0,0,1,0
49514,-1,0,-0.9325762,0.28240237,0,1,unassigned,4.0,4.0,0.0,1.0,0.0,0.0,0.003868472,0.0,0,0,0,0,0
49515,-1,0,2.7003007,0.9370444,1,1,unassigned,7.0,7.0,0.0,1.0,0.0,0.0,0.00967118,0.0,0,0,0,1,1
49516,-1,1,-0.14240533,0.4644587,0,1,unassigned,19.0,18.0,1.0,0.94736844,0.05263158,0.052631557,0.032882012,0.0017306323,1,0,0,0,0
49517,-1,1,-0.33187187,0.41778526,0,1,unassigned,28.0,28.0,0.0,1.0,0.0,0.0,0.050290134,0.0,1,0,0,0,0
49518,-1,1,4.404658,0.98792726,1,1,unassigned,18.0,18.0,0.0,1.0,0.0,0.0,0.030947777,0.0,1,0,0,1,1
49519,-1,1,1.0587337,0.7424485,1,1,unassigned,16.0,16.0,0.0,1.0,0.0,0.0,0.027079303,0.0,1,0,0,1,0
49520,-1,1,1.150742,0.7596464,1,1,unassigned,6.0,6.0,0.0,1.0,0.0,0.0,0.007736944,0.0,1,0,0,1,0
49521,1,0,-0.3319975,0.4177547,0,1,unassigned,13.0,13.0,0.0,1.0,0.0,0.0,0.021276595,0.0,0,0,0,0,0
49522,-1,1,0.2487526,0.56186944,1,1,unassigned,15.0,14.0,1.0,0.93333334,0.06666667,0.06666666,0.025145067,0.0016763379,1,0,0,1,0
49523,-1,1,2.6779888,0.93571526,1,1,unassigned,12.0,12.0,0.0,1.0,0.0,0.0,0.01934236,0.0,1,0,0,1,1
49524,-1,1,-0.029362857,0.4926598,0,1,unassigned,19.0,19.0,0.0,1.0,0.0,0.0,0.032882012,0.0,1,0,0,0,0
49525,0,0,0.124188244,0.53100723,1,1,unassigned,5.0,5.0,0.0,1.0,0.0,0.0,0.0058027077,0.0,0,0,0,1,0
49526,-1,1,-0.5389098,0.36844122,0,1,unassigned,51.0,51.0,0.0,1.0,0.0,0.0,0.09477756,0.0,1,0,0,0,0
49527,-1,1,6.980229,0.99907076,1,1,unassigned,2.0,2.0,0.0,1.0,0.0,0.0,0.0,0.0,1,0,0,1,1
49528,-1,1,2.1682036,0.89735764,1,1,unassigned,8.0,8.0,0.0,1.0,0.0,0.0,0.0116054155,0.0,1,0,0,1,0
49529,-1,0,3.2148712,0.9613901,1,1,unassigned,16.0,15.0,1.0,0.9375,0.0625,0.0625,0.027079303,0.0016924564,0,0,0,1,1
49530,-1,0,-0.7530797,0.3201506,0,1,unassigned,17.0,17.0,0.0,1.0,0.0,0.0,0.029013539,0.0,0,0,0,0,0
49531,-1,0,2.4397686,0.91981006,1,1,unassigned,10.0,10.0,0.0,1.0,0.0,0.0,0.015473888,0.0,0,0,0,1,1
49532,-1,1,3.0922706,0.95657283,1,1,unassigned,33.0,31.0,2.0,0.93939394,0.060606062,0.060606062,0.059961315,0.0036340193,1,0,0,1,1
49533,-1,1,3.362393,0.9665083,1,1,unassigned,168.0,150.0,18.0,0.89285713,0.10714286,0.107142866,0.32108316,0.034401767,1,0,0,1,1
49534,-1,1,3.0172796,0.95334876,1,1,unassigned,43.0,39.0,4.0,0.90697676,0.093023255,0.09302324,0.079303674,0.0073770857,1,0,0,1,1
49535,-1,1,3.1181529,0.95763534,1,1,unassigned,4.0,1.0,3.0,0.25,0.75,0.75,0.003868472,0.002901354,1,0,0,1,1
49536,-1,1,3.7136843,0.97619313,1,1,unassigned,23.0,20.0,3.0,0.8695652,0.13043478,0.13043481,0.040618956,0.0052981246,1,0,0,1,1
49537,-1,0,0.61225635,0.6484553,1,1,unassigned,2.0,2.0,0.0,1.0,0.0,0.0,0.0,0.0,0,0,0,1,0
49538,-1,1,0.6942412,0.66690975,1,1,unassigned,98.0,94.0,4.0,0.9591837,0.040816326,0.040816307,0.18568665,0.007579047,1,0,0,1,0
49539,-1,1,1.4241607,0.80598986,1,1,unassigned,38.0,38.0,0.0,1.0,0.0,0.0,0.06963249,0.0,1,0,0,1,0
49540,-1,0,2.6494455,0.9339768,1,1,unassigned,8.0,7.0,1.0,0.875,0.125,0.125,0.0116054155,0.0014506769,0,0,0,1,1
49541,-1,0,5.069017,0.99375063,1,1,unassigned,18.0,15.0,3.0,0.8333333,0.16666667,0.16666669,0.030947777,0.005157963,0,0,0,1,1
49542,-1,1,0.8059228,0.69124,1,1,unassigned,24.0,23.0,1.0,0.9583333,0.041666668,0.041666687,0.04255319,0.0017730496,1,0,0,1,0
49543,-1,1,1.7719204,0.85469633,1,1,unassigned,22.0,21.0,1.0,0.95454544,0.045454547,0.04545456,0.03868472,0.0017583964,1,0,0,1,0
49544,-1,1,0.48721725,0.6194506,1,1,unassigned,88.0,88.0,0.0,1.0,0.0,0.0,0.1663443,0.0,1,0,0,1,0
49545,-1,1,-0.7815447,0.31398708,0,1,unassigned,78.0,77.0,1.0,0.98717946,0.012820513,0.012820542,0.14700194,0.0018846402,1,0,0,0,0
49546,-1,1,0.025019586,0.50625455,1,1,unassigned,21.0,20.0,1.0,0.95238096,0.04761905,0.047619045,0.036750484,0.0017500231,1,0,0,1,0
49547,-1,1,1.8631821,0.8656674,1,1,unassigned,98.0,98.0,0.0,1.0,0.0,0.0,0.18568665,0.0,1,0,0,1,0
49548,-1,0,-0.3915388,0.40334693,0,1,unassigned,19.0,19.0,0.0,1.0,0.0,0.0,0.032882012,0.0,0,0,0,0,0
49549,-1,0,-0.39317855,0.40295237,0,1,unassigned,21.0,21.0,0.0,1.0,0.0,0.0,0.036750484,0.0,0,0,0,0,0
49550,-1,0,1.9523933,0.8757074,1,1,unassigned,18.0,18.0,0.0,1.0,0.0,0.0,0.030947777,0.0,0,0,0,1,0
49551,-1,1,-0.46525607,0.38573965,0,1,unassigned,27.0,26.0,1.0,0.962963,0.037037037,0.037037015,0.0483559,0.0017909593,1,0,0,0,0
49552,-1,1,-0.7521516,0.32035267,0,1,unassigned,5.0,5.0,0.0,1.0,0.0,0.0,0.0058027077,0.0,1,0,0,0,0
49553,-1,1,-0.12682545,0.46833608,0,1,unassigned,7.0,7.0,0.0,1.0,0.0,0.0,0.00967118,0.0,1,0,0,0,0
49554,1,1,9.553077,0.9999291,1,0,val,18.0,15.0,3.0,0.8333333,0.16666667,0.16666669,0.030947777,0.005157963,1,0,1,1,1
49555,-1,0,-0.17469531,0.4564369,0,1,unassigned,11.0,10.0,1.0,0.90909094,0.09090909,0.090909064,0.017408123,0.0015825568,0,0,0,0,0
49556,-1,0,1.5118582,0.8193364,1,1,unassigned,2.0,2.0,0.0,1.0,0.0,0.0,0.0,0.0,0,0,0,1,0
49557,-1,0,-0.06806767,0.48298967,0,1,unassigned,14.0,13.0,1.0,0.9285714,0.071428575,0.0714286,0.023210831,0.0016579166,0,0,0,0,0
49558,-1,0,4.811855,0.9919328,1,1,unassigned,2.0,2.0,0.0,1.0,0.0,0.0,0.0,0.0,0,0,0,1,1
49559,-1,1,3.254537,0.96283585,1,1,unassigned,4.0,4.0,0.0,1.0,0.0,0.0,0.003868472,0.0,1,0,0,1,1
49560,-1,0,-0.06417334,0.4839622,0,1,unassigned,17.0,17.0,0.0,1.0,0.0,0.0,0.029013539,0.0,0,0,0,0,0
49561,-1,0,-0.4170558,0.3972215,0,1,unassigned,19.0,19.0,0.0,1.0,0.0,0.0,0.032882012,0.0,0,0,0,0,0
49562,-1,0,-0.36951363,0.40865856,0,1,unassigned,22.0,22.0,0.0,1.0,0.0,0.0,0.03868472,0.0,0,0,0,0,0
49563,-1,1,0.26894438,0.56683373,1,1,unassigned,2.0,1.0,1.0,0.5,0.5,0.5,0.0,0.0,1,0,0,1,0
49564,-1,0,7.3792953,0.99937636,1,1,unassigned,3.0,3.0,0.0,1.0,0.0,0.0,0.001934236,0.0,0,0,0,1,1
49565,-1,0,-0.12612692,0.46851,0,1,unassigned,13.0,13.0,0.0,1.0,0.0,0.0,0.021276595,0.0,0,0,0,0,0
49566,-1,1,3.775736,0.9775933,1,1,unassigned,2.0,2.0,0.0,1.0,0.0,0.0,0.0,0.0,1,0,0,1,1
49567,-1,0,2.4628189,0.9214938,1,1,unassigned,5.0,5.0,0.0,1.0,0.0,0.0,0.0058027077,0.0,0,0,0,1,1
49568,-1,1,1.9726741,0.87789804,1,1,unassigned,33.0,31.0,2.0,0.93939394,0.060606062,0.060606062,0.059961315,0.0036340193,1,0,0,1,0
49569,-1,0,5.7970295,0.99697256,1,1,unassigned,2.0,1.0,1.0,0.5,0.5,0.5,0.0,0.0,0,0,0,1,1
49570,-1,0,-0.9601438,0.27684942,0,1,unassigned,2.0,1.0,1.0,0.5,0.5,0.5,0.0,0.0,0,0,0,0,0
49571,-1,1,3.524686,0.9713821,1,1,unassigned,7.0,7.0,0.0,1.0,0.0,0.0,0.00967118,0.0,1,0,0,1,1
49572,-1,0,2.0690386,0.8878573,1,1,unassigned,6.0,6.0,0.0,1.0,0.0,0.0,0.007736944,0.0,0,0,0,1,0
49573,-1,0,3.4834569,0.9702134,1,1,unassigned,4.0,4.0,0.0,1.0,0.0,0.0,0.003868472,0.0,0,0,0,1,1
49574,-1,0,-0.9818336,0.2725281,0,1,unassigned,7.0,7.0,0.0,1.0,0.0,0.0,0.00967118,0.0,0,0,0,0,0
49575,-1,0,10.164743,0.9999615,1,1,unassigned,5.0,5.0,0.0,1.0,0.0,0.0,0.0058027077,0.0,0,0,0,1,1
49576,-1,0,4.046579,0.9828183,1,1,unassigned,3.0,2.0,1.0,0.6666667,0.33333334,0.3333333,0.001934236,0.00064474536,0,0,0,1,1
49577,-1,1,7.62452,0.99951196,1,1,unassigned,7.0,7.0,0.0,1.0,0.0,0.0,0.00967118,0.0,1,0,0,1,1
49578,-1,0,-0.6825114,0.33570102,0,1,unassigned,46.0,46.0,0.0,1.0,0.0,0.0,0.08510638,0.0,0,0,0,0,0
49579,0,0,0.004859984,0.501215,1,1,test,12.0,12.0,0.0,1.0,0.0,0.0,0.01934236,0.0,0,0,0,1,0
49580,-1,1,0.71366316,0.6712101,1,1,unassigned,13.0,13.0,0.0,1.0,0.0,0.0,0.021276595,0.0,1,0,0,1,0
49581,-1,1,2.6323721,0.9329162,1,1,unassigned,13.0,12.0,1.0,0.9230769,0.07692308,0.07692307,0.021276595,0.0016366612,1,0,0,1,1
49582,-1,1,0.17862236,0.54453725,1,1,unassigned,2.0,2.0,0.0,1.0,0.0,0.0,0.0,0.0,1,0,0,1,0
49583,-1,1,1.0643466,0.7435203,1,1,unassigned,8.0,8.0,0.0,1.0,0.0,0.0,0.0116054155,0.0,1,0,0,1,0
49584,-1,1,-0.9209076,0.284773,0,1,unassigned,133.0,133.0,0.0,1.0,0.0,0.0,0.25338492,0.0,1,0,0,0,0
49585,-1,0,1.936518,0.8739691,1,1,unassigned,7.0,6.0,1.0,0.85714287,0.14285715,0.14285713,0.00967118,0.0013815971,0,0,0,1,0
49586,-1,1,0.3655815,0.5903909,1,1,unassigned,36.0,35.0,1.0,0.9722222,0.027777778,0.027777791,0.065764025,0.0018267785,1,0,0,1,0
49587,-1,1,2.0146701,0.88232875,1,1,unassigned,23.0,23.0,0.0,1.0,0.0,0.0,0.040618956,0.0,1,0,0,1,0
49588,-1,1,3.4496243,0.9692199,1,1,unassigned,41.0,38.0,3.0,0.9268293,0.07317073,0.07317072,0.07543521,0.005519649,1,0,0,1,1
49589,-1,1,0.6587685,0.6589837,1,1,unassigned,22.0,22.0,0.0,1.0,0.0,0.0,0.03868472,0.0,1,0,0,1,0
49590,-1,1,1.3241887,0.7898777,1,1,unassigned,14.0,14.0,0.0,1.0,0.0,0.0,0.023210831,0.0,1,0,0,1,0
49591,-1,0,3.536526,0.97170943,1,1,unassigned,4.0,4.0,0.0,1.0,0.0,0.0,0.003868472,0.0,0,0,0,1,1
49592,-1,0,2.285694,0.9076852,1,1,unassigned,6.0,6.0,0.0,1.0,0.0,0.0,0.007736944,0.0,0,0,0,1,1
49593,-1,1,4.0490994,0.9828608,1,1,unassigned,34.0,34.0,0.0,1.0,0.0,0.0,0.061895553,0.0,1,0,0,1,1
49594,-1,1,4.1577706,0.9845985,1,1,unassigned,2.0,2.0,0.0,1.0,0.0,0.0,0.0,0.0,1,0,0,1,1
49595,-1,1,1.0869758,0.7478118,1,1,unassigned,34.0,29.0,5.0,0.85294116,0.14705883,0.14705884,0.061895553,0.009102288,1,0,0,1,0
49596,-1,1,-0.8861877,0.29189718,0,1,unassigned,33.0,33.0,0.0,1.0,0.0,0.0,0.059961315,0.0,1,0,0,0,0
49597,-1,1,0.5434368,0.6326115,1,1,unassigned,33.0,30.0,3.0,0.90909094,0.09090909,0.090909064,0.059961315,0.0054510287,1,0,0,1,0
49598,-1,0,-0.3486033,0.41372114,0,1,unassigned,4.0,4.0,0.0,1.0,0.0,0.0,0.003868472,0.0,0,0,0,0,0
49599,-1,1,-0.19220051,0.45209724,0,1,unassigned,3.0,2.0,1.0,0.6666667,0.33333334,0.3333333,0.001934236,0.00064474536,1,0,0,0,0
49600,-1,0,1.770066,0.8544659,1,1,unassigned,9.0,8.0,1.0,0.8888889,0.11111111,0.111111104,0.013539651,0.0015044058,0,0,0,1,0
49601,-1,1,0.99930173,0.73092127,1,1,unassigned,48.0,48.0,0.0,1.0,0.0,0.0,0.088974856,0.0,1,0,0,1,0
49602,0,0,-0.35956466,0.41106498,0,0,unassigned,4.0,3.0,1.0,0.75,0.25,0.25,0.003868472,0.000967118,0,0,1,0,0
49603,-1,1,0.69052774,0.6660843,1,1,unassigned,8.0,8.0,0.0,1.0,0.0,0.0,0.0116054155,0.0,1,0,0,1,0
49604,-1,1,0.07417554,0.5185354,1,1,unassigned,6.0,3.0,3.0,0.5,0.5,0.5,0.007736944,0.003868472,1,0,0,1,0
49605,-1,0,2.4536674,0.92082924,1,1,unassigned,2.0,2.0,0.0,1.0,0.0,0.0,0.0,0.0,0,0,0,1,1
49606,-1,0,-0.23469439,0.44159424,0,1,unassigned,15.0,15.0,0.0,1.0,0.0,0.0,0.025145067,0.0,0,0,0,0,0
49607,1,0,-0.48501495,0.38106862,0,1,unassigned,22.0,22.0,0.0,1.0,0.0,0.0,0.03868472,0.0,0,0,0,0,0
49608,-1,1,2.013606,0.8822182,1,1,unassigned,31.0,30.0,1.0,0.9677419,0.032258064,0.032258093,0.056092843,0.0018094465,1,0,0,1,0
49609,-1,1,1.432936,0.8073583,1,1,unassigned,13.0,13.0,0.0,1.0,0.0,0.0,0.021276595,0.0,1,0,0,1,0
49610,-1,1,1.3046379,0.7866145,1,1,unassigned,28.0,27.0,1.0,0.96428573,0.035714287,0.03571427,0.050290134,0.0017960763,1,0,0,1,0
49611,-1,1,8.355518,0.999765,1,1,unassigned,6.0,5.0,1.0,0.8333333,0.16666667,0.16666669,0.007736944,0.0012894907,1,0,0,1,1
49612,-1,0,6.554464,0.9985783,1,1,unassigned,2.0,2.0,0.0,1.0,0.0,0.0,0.0,0.0,0,0,0,1,1
49613,0,1,-0.2183612,0.4456256,0,0,unassigned,9.0,8.0,1.0,0.8888889,0.11111111,0.111111104,0.013539651,0.0015044058,1,0,1,0,0
49614,-1,0,-0.049177527,0.48770806,0,1,unassigned,2.0,1.0,1.0,0.5,0.5,0.5,0.0,0.0,0,0,0,0,0
49615,-1,0,4.3154902,0.9868161,1,1,unassigned,4.0,4.0,0.0,1.0,0.0,0.0,0.003868472,0.0,0,0,0,1,1
49616,-1,0,-0.52497214,0.37169033,0,1,unassigned,19.0,19.0,0.0,1.0,0.0,0.0,0.032882012,0.0,0,0,0,0,0
49617,-1,0,-0.27528876,0.4316092,0,1,unassigned,11.0,11.0,0.0,1.0,0.0,0.0,0.017408123,0.0,0,0,0,0,0
49618,0,0,0.21516967,0.5535858,1,1,unassigned,8.0,1.0,7.0,0.125,0.875,0.875,0.0116054155,0.010154739,0,0,0,1,0
49619,-1,1,-0.16950956,0.45772377,0,1,unassigned,10.0,10.0,0.0,1.0,0.0,0.0,0.015473888,0.0,1,0,0,0,0
49620,0,0,-0.8535806,0.2986823,0,0,test,3.0,3.0,0.0,1.0,0.0,0.0,0.001934236,0.0,0,0,1,0,0
49621,-1,1,0.18844861,0.5469732,1,1,unassigned,7.0,7.0,0.0,1.0,0.0,0.0,0.00967118,0.0,1,0,0,1,0
49622,-1,0,-0.80621797,0.30869702,0,1,unassigned,11.0,11.0,0.0,1.0,0.0,0.0,0.017408123,0.0,0,0,0,0,0
49623,-1,0,-0.2725125,0.4322904,0,1,unassigned,8.0,8.0,0.0,1.0,0.0,0.0,0.0116054155,0.0,0,0,0,0,0
49624,-1,0,-0.14845663,0.46295384,0,1,unassigned,4.0,3.0,1.0,0.75,0.25,0.25,0.003868472,0.000967118,0,0,0,0,0
49625,-1,0,-0.9031064,0.28841254,0,1,unassigned,41.0,39.0,2.0,0.9512195,0.048780486,0.0487805,0.07543521,0.003679766,0,0,0,0,0
49626,-1,1,-0.10743594,0.47316682,0,1,unassigned,2.0,2.0,0.0,1.0,0.0,0.0,0.0,0.0,1,0,0,0,0
49627,-1,1,3.942249,0.98096484,1,1,unassigned,32.0,31.0,1.0,0.96875,0.03125,0.03125,0.058027077,0.0018133462,1,0,0,1,1
49628,-1,1,2.2294228,0.9028607,1,1,unassigned,7.0,6.0,1.0,0.85714287,0.14285715,0.14285713,0.00967118,0.0013815971,1,0,0,1,1
49629,-1,0,-0.4598996,0.38700962,0,1,unassigned,6.0,6.0,0.0,1.0,0.0,0.0,0.007736944,0.0,0,0,0,0,0
49630,-1,0,3.037479,0.9542389,1,1,unassigned,4.0,4.0,0.0,1.0,0.0,0.0,0.003868472,0.0,0,0,0,1,1
49631,-1,0,5.571083,0.9962081,1,1,unassigned,3.0,3.0,0.0,1.0,0.0,0.0,0.001934236,0.0,0,0,0,1,1
49632,-1,0,1.0243993,0.7358286,1,1,unassigned,2.0,2.0,0.0,1.0,0.0,0.0,0.0,0.0,0,0,0,1,0
49633,-1,0,2.967059,0.9510636,1,1,unassigned,25.0,24.0,1.0,0.96,0.04,0.04000002,0.044487428,0.001779497,0,0,0,1,1
49634,0,0,-0.05486244,0.48628783,0,0,unassigned,27.0,27.0,0.0,1.0,0.0,0.0,0.0483559,0.0,0,0,1,0,0
49635,-1,0,-0.80940557,0.30801716,0,1,unassigned,2.0,2.0,0.0,1.0,0.0,0.0,0.0,0.0,0,0,0,0,0
49636,-1,1,-0.40182126,0.40087485,0,1,unassigned,104.0,98.0,6.0,0.9423077,0.057692308,0.05769229,0.19729207,0.011382235,1,0,0,0,0
49637,-1,0,5.468552,0.9958003,1,1,unassigned,13.0,12.0,1.0,0.9230769,0.07692308,0.07692307,0.021276595,0.0016366612,0,0,0,1,1
49638,-1,0,-0.5189594,0.37309557,0,1,unassigned,4.0,2.0,2.0,0.5,0.5,0.5,0.003868472,0.001934236,0,0,0,0,0
49639,-1,1,0.9361399,0.7183193,1,1,unassigned,11.0,10.0,1.0,0.90909094,0.09090909,0.090909064,0.017408123,0.0015825568,1,0,0,1,0
49640,-1,0,-0.33264047,0.4175983,0,1,unassigned,2.0,2.0,0.0,1.0,0.0,0.0,0.0,0.0,0,0,0,0,0
49641,-1,0,7.660002,0.9995289,1,1,unassigned,2.0,2.0,0.0,1.0,0.0,0.0,0.0,0.0,0,0,0,1,1
49642,-1,0,-0.054025352,0.48649693,0,1,unassigned,2.0,2.0,0.0,1.0,0.0,0.0,0.0,0.0,0,0,0,0,0
49643,-1,0,11.537216,0.9999902,1,1,unassigned,3.0,3.0,0.0,1.0,0.0,0.0,0.001934236,0.0,0,0,0,1,1
49644,-1,0,3.9978998,0.9819766,1,1,unassigned,9.0,9.0,0.0,1.0,0.0,0.0,0.013539651,0.0,0,0,0,1,1
49645,-1,0,-0.24933818,0.4379864,0,1,unassigned,56.0,55.0,1.0,0.98214287,0.017857144,0.017857134,0.10444874,0.0018651562,0,0,0,0,0
49646,-1,0,3.575751,0.97276795,1,1,unassigned,2.0,2.0,0.0,1.0,0.0,0.0,0.0,0.0,0,0,0,1,1
49647,-1,1,1.343333,0.79303753,1,1,unassigned,11.0,11.0,0.0,1.0,0.0,0.0,0.017408123,0.0,1,0,0,1,0
49648,1,0,-0.68780726,0.33452103,0,1,unassigned,2.0,2.0,0.0,1.0,0.0,0.0,0.0,0.0,0,0,0,0,0
49649,-1,0,4.1442685,0.9843924,1,1,unassigned,3.0,3.0,0.0,1.0,0.0,0.0,0.001934236,0.0,0,0,0,1,1
49650,-1,1,2.4300694,0.9190917,1,1,unassigned,29.0,28.0,1.0,0.9655172,0.03448276,0.034482777,0.05222437,0.0018008404,1,0,0,1,1
49651,1,1,2.2638123,0.9058354,1,0,unassigned,6.0,6.0,0.0,1.0,0.0,0.0,0.007736944,0.0,1,0,1,1,1
49652,-1,0,-0.09412807,0.4764853,0,1,unassigned,3.0,3.0,0.0,1.0,0.0,0.0,0.001934236,0.0,0,0,0,0,0
49653,-1,0,0.60051733,0.64577466,1,1,unassigned,4.0,4.0,0.0,1.0,0.0,0.0,0.003868472,0.0,0,0,0,1,0
49654,-1,1,2.168971,0.89742833,1,1,unassigned,41.0,39.0,2.0,0.9512195,0.048780486,0.0487805,0.07543521,0.003679766,1,0,0,1,0
49655,-1,0,1.5719521,0.8280617,1,1,unassigned,5.0,4.0,1.0,0.8,0.2,0.19999999,0.0058027077,0.0011605415,0,0,0,1,0
49656,-1,1,6.063295,0.9976787,1,1,unassigned,2.0,1.0,1.0,0.5,0.5,0.5,0.0,0.0,1,0,0,1,1
49657,-1,1,2.5240552,0.92581105,1,1,unassigned,24.0,22.0,2.0,0.9166667,0.083333336,0.08333331,0.04255319,0.0035460992,1,0,0,1,1
49658,-1,0,-0.24609277,0.43878543,0,1,unassigned,10.0,10.0,0.0,1.0,0.0,0.0,0.015473888,0.0,0,0,0,0,0
49659,1,1,1.2362657,0.7749133,1,0,val,21.0,20.0,1.0,0.95238096,0.04761905,0.047619045,0.036750484,0.0017500231,1,0,1,1,0
49660,-1,1,3.7898438,0.9779003,1,1,unassigned,31.0,29.0,2.0,0.9354839,0.06451613,0.06451613,0.056092843,0.003618893,1,0,0,1,1
49661,-1,1,1.4693706,0.8129617,1,1,unassigned,24.0,23.0,1.0,0.9583333,0.041666668,0.041666687,0.04255319,0.0017730496,1,0,0,1,0
49662,-1,1,-0.29019165,0.42795694,0,1,unassigned,57.0,52.0,5.0,0.9122807,0.0877193,0.08771932,0.10638298,0.00933184,1,0,0,0,0
49663,-1,1,-0.09205198,0.47700328,0,1,unassigned,30.0,30.0,0.0,1.0,0.0,0.0,0.054158606,0.0,1,0,0,0,0
49664,-1,1,2.090315,0.88995826,1,1,unassigned,10.0,10.0,0.0,1.0,0.0,0.0,0.015473888,0.0,1,0,0,1,0
49665,-1,0,-0.36786127,0.40905792,0,1,unassigned,44.0,42.0,2.0,0.95454544,0.045454547,0.04545456,0.08123791,0.0036926325,0,0,0,0,0
49666,-1,1,-0.29038477,0.4279097,0,1,unassigned,11.0,11.0,0.0,1.0,0.0,0.0,0.017408123,0.0,1,0,0,0,0
49667,-1,1,2.6506922,0.93405366,1,1,unassigned,2.0,2.0,0.0,1.0,0.0,0.0,0.0,0.0,1,0,0,1,1
49668,-1,0,-0.5155024,0.37390453,0,1,unassigned,17.0,17.0,0.0,1.0,0.0,0.0,0.029013539,0.0,0,0,0,0,0
49669,-1,0,-0.4881985,0.38031805,0,1,unassigned,32.0,32.0,0.0,1.0,0.0,0.0,0.058027077,0.0,0,0,0,0,0
49670,-1,0,5.5858216,0.9962633,1,1,unassigned,3.0,3.0,0.0,1.0,0.0,0.0,0.001934236,0.0,0,0,0,1,1
49671,-1,0,-0.46263593,0.3863607,0,1,unassigned,3.0,3.0,0.0,1.0,0.0,0.0,0.001934236,0.0,0,0,0,0,0
49672,-1,1,1.9899564,0.87973857,1,1,unassigned,28.0,28.0,0.0,1.0,0.0,0.0,0.050290134,0.0,1,0,0,1,0
49673,-1,1,0.805782,0.6912099,1,1,unassigned,16.0,16.0,0.0,1.0,0.0,0.0,0.027079303,0.0,1,0,0,1,0
49674,-1,1,2.7566392,0.94028723,1,1,unassigned,35.0,33.0,2.0,0.94285715,0.057142857,0.057142854,0.06382979,0.0036474164,1,0,0,1,1
49675,-1,0,39.367836,1.0,1,1,unassigned,105.0,104.0,1.0,0.9904762,0.00952381,0.009523809,0.1992263,0.0018973935,0,0,0,1,1
49676,0,0,0.15293664,0.5381598,1,1,unassigned,3.0,3.0,0.0,1.0,0.0,0.0,0.001934236,0.0,0,0,0,1,0
49677,-1,0,2.019036,0.88278127,1,1,unassigned,11.0,11.0,0.0,1.0,0.0,0.0,0.017408123,0.0,0,0,0,1,0
49678,1,0,-0.74828446,0.32119521,0,1,val,16.0,15.0,1.0,0.9375,0.0625,0.0625,0.027079303,0.0016924564,0,0,0,0,0
49679,-1,1,-0.010897458,0.49727568,0,1,unassigned,8.0,7.0,1.0,0.875,0.125,0.125,0.0116054155,0.0014506769,1,0,0,0,0
49680,-1,1,6.478665,0.9984665,1,1,unassigned,2.0,1.0,1.0,0.5,0.5,0.5,0.0,0.0,1,0,0,1,1
49681,-1,1,0.22329819,0.5555937,1,1,unassigned,7.0,7.0,0.0,1.0,0.0,0.0,0.00967118,0.0,1,0,0,1,0
49682,-1,0,-0.49002862,0.37988684,0,1,unassigned,59.0,58.0,1.0,0.9830508,0.016949153,0.016949177,0.11025145,0.0018686686,0,0,0,0,0
49683,0,0,-0.3125216,0.42249936,0,0,test,15.0,15.0,0.0,1.0,0.0,0.0,0.025145067,0.0,0,0,1,0,0
49684,-1,0,1.1265574,0.755203,1,1,unassigned,5.0,5.0,0.0,1.0,0.0,0.0,0.0058027077,0.0,0,0,0,1,0
49685,0,0,-0.022239089,0.4944405,0,0,test,27.0,27.0,0.0,1.0,0.0,0.0,0.0483559,0.0,0,0,1,0,0
49686,0,1,1.293674,0.78476846,1,1,unassigned,9.0,9.0,0.0,1.0,0.0,0.0,0.013539651,0.0,1,0,0,1,0
49687,-1,1,2.5718646,0.9290287,1,1,unassigned,33.0,33.0,0.0,1.0,0.0,0.0,0.059961315,0.0,1,0,0,1,1
49688,-1,0,-0.39566505,0.40235433,0,1,unassigned,37.0,37.0,0.0,1.0,0.0,0.0,0.06769826,0.0,0,0,0,0,0
49689,-1,0,7.063214,0.9991447,1,1,unassigned,3.0,3.0,0.0,1.0,0.0,0.0,0.001934236,0.0,0,0,0,1,1
49690,-1,0,-0.37235242,0.40797272,0,1,unassigned,19.0,19.0,0.0,1.0,0.0,0.0,0.032882012,0.0,0,0,0,0,0
49691,-1,0,-0.4000063,0.4013108,0,1,unassigned,10.0,10.0,0.0,1.0,0.0,0.0,0.015473888,0.0,0,0,0,0,0
49692,1,1,1.1768391,0.76437896,1,0,test,3.0,3.0,0.0,1.0,0.0,0.0,0.001934236,0.0,1,0,1,1,0
49693,-1,0,1.5127251,0.81946474,1,1,unassigned,14.0,14.0,0.0,1.0,0.0,0.0,0.023210831,0.0,0,0,0,1,0
49694,-1,1,5.0897174,0.99387795,1,1,unassigned,3.0,3.0,0.0,1.0,0.0,0.0,0.001934236,0.0,1,0,0,1,1
49695,-1,0,3.3329256,0.96554124,1,1,unassigned,6.0,4.0,2.0,0.6666667,0.33333334,0.3333333,0.007736944,0.0025789815,0,0,0,1,1
49696,-1,0,-0.76950336,0.31658655,0,1,unassigned,35.0,35.0,0.0,1.0,0.0,0.0,0.06382979,0.0,0,0,0,0,0
49697,-1,1,6.3408294,0.99824023,1,1,unassigned,3.0,3.0,0.0,1.0,0.0,0.0,0.001934236,0.0,1,0,0,1,1
49698,-1,0,0.6980358,0.66775215,1,1,unassigned,4.0,4.0,0.0,1.0,0.0,0.0,0.003868472,0.0,0,0,0,1,0
49699,-1,1,1.7860873,0.8564469,1,1,unassigned,12.0,12.0,0.0,1.0,0.0,0.0,0.01934236,0.0,1,0,0,1,0
49700,-1,1,1.8769965,0.86726576,1,1,unassigned,16.0,14.0,2.0,0.875,0.125,0.125,0.027079303,0.0033849129,1,0,0,1,0
49701,-1,1,0.13553232,0.5338313,1,1,unassigned,2.0,1.0,1.0,0.5,0.5,0.5,0.0,0.0,1,0,0,1,0
49702,1,1,1.4622457,0.81187594,1,0,val,50.0,49.0,1.0,0.98,0.02,0.01999998,0.092843324,0.0018568664,1,0,1,1,0
49703,-1,1,2.613526,0.93172705,1,1,unassigned,29.0,29.0,0.0,1.0,0.0,0.0,0.05222437,0.0,1,0,0,1,1
49704,-1,1,2.6506922,0.93405366,1,1,unassigned,2.0,2.0,0.0,1.0,0.0,0.0,0.0,0.0,1,0,0,1,1
49705,-1,0,0.9149168,0.71400523,1,1,unassigned,3.0,3.0,0.0,1.0,0.0,0.0,0.001934236,0.0,0,0,0,1,0
49706,-1,0,3.3322375,0.96551836,1,1,unassigned,11.0,11.0,0.0,1.0,0.0,0.0,0.017408123,0.0,0,0,0,1,1
49707,-1,1,0.065217555,0.5162986,1,1,unassigned,23.0,22.0,1.0,0.95652175,0.04347826,0.04347825,0.040618956,0.0017660416,1,0,0,1,0
49708,-1,1,1.5950377,0.8313237,1,1,unassigned,47.0,44.0,3.0,0.9361702,0.06382979,0.06382978,0.08704062,0.0055557843,1,0,0,1,0
49709,-1,1,2.4566402,0.9210457,1,1,unassigned,10.0,9.0,1.0,0.9,0.1,0.100000024,0.015473888,0.0015473888,1,0,0,1,1
49710,-1,1,0.43918377,0.60806453,1,1,unassigned,11.0,11.0,0.0,1.0,0.0,0.0,0.017408123,0.0,1,0,0,1,0
49711,-1,1,-0.050939858,0.48726782,0,1,unassigned,12.0,11.0,1.0,0.9166667,0.083333336,0.08333331,0.01934236,0.0016118633,1,0,0,0,0
49712,-1,0,3.2568047,0.96291685,1,1,unassigned,5.0,5.0,0.0,1.0,0.0,0.0,0.0058027077,0.0,0,0,0,1,1
49713,-1,0,5.1153083,0.9940317,1,1,unassigned,2.0,2.0,0.0,1.0,0.0,0.0,0.0,0.0,0,0,0,1,1
49714,1,0,-0.25995007,0.43537596,0,1,unassigned,15.0,15.0,0.0,1.0,0.0,0.0,0.025145067,0.0,0,0,0,0,0
49715,1,1,-0.05310422,0.48672703,0,1,val,10.0,10.0,0.0,1.0,0.0,0.0,0.015473888,0.0,1,0,0,0,0
49716,1,1,0.20990592,0.5522846,1,0,test,8.0,8.0,0.0,1.0,0.0,0.0,0.0116054155,0.0,1,0,1,1,0
49717,-1,0,6.554464,0.9985783,1,1,unassigned,2.0,2.0,0.0,1.0,0.0,0.0,0.0,0.0,0,0,0,1,1
49718,-1,1,6.523296,0.99853337,1,1,unassigned,5.0,5.0,0.0,1.0,0.0,0.0,0.0058027077,0.0,1,0,0,1,1
49719,-1,1,-0.16546261,0.45872846,0,1,unassigned,2.0,2.0,0.0,1.0,0.0,0.0,0.0,0.0,1,0,0,0,0
49720,-1,0,-0.13115662,0.4672578,0,1,unassigned,18.0,18.0,0.0,1.0,0.0,0.0,0.030947777,0.0,0,0,0,0,0
49721,-1,0,2.7961445,0.94246715,1,1,unassigned,2.0,2.0,0.0,1.0,0.0,0.0,0.0,0.0,0,0,0,1,1
49722,-1,0,0.4069571,0.600358,1,1,unassigned,13.0,13.0,0.0,1.0,0.0,0.0,0.021276595,0.0,0,0,0,1,0
49723,-1,0,-0.342578,0.4151834,0,1,unassigned,3.0,3.0,0.0,1.0,0.0,0.0,0.001934236,0.0,0,0,0,0,0
49724,-1,0,1.2597735,0.77898705,1,1,unassigned,5.0,5.0,0.0,1.0,0.0,0.0,0.0058027077,0.0,0,0,0,1,0
49725,-1,0,6.4160275,0.9983675,1,1,unassigned,2.0,2.0,0.0,1.0,0.0,0.0,0.0,0.0,0,0,0,1,1
49726,-1,1,-0.8865532,0.29182163,0,1,unassigned,62.0,60.0,2.0,0.9677419,0.032258064,0.032258093,0.116054155,0.0037436823,1,0,0,0,0
49727,-1,1,3.3798282,0.96706814,1,1,unassigned,25.0,24.0,1.0,0.96,0.04,0.04000002,0.044487428,0.001779497,1,0,0,1,1
49728,-1,0,5.3308597,0.9951834,1,1,unassigned,2.0,1.0,1.0,0.5,0.5,0.5,0.0,0.0,0,0,0,1,1
49729,-1,0,0.04879886,0.5121973,1,1,unassigned,8.0,8.0,0.0,1.0,0.0,0.0,0.0116054155,0.0,0,0,0,1,0
49730,-1,0,6.476999,0.998464,1,1,unassigned,3.0,3.0,0.0,1.0,0.0,0.0,0.001934236,0.0,0,0,0,1,1
49731,-1,0,3.1392648,0.9584837,1,1,unassigned,2.0,2.0,0.0,1.0,0.0,0.0,0.0,0.0,0,0,0,1,1
49732,-1,0,6.539301,0.99855655,1,1,unassigned,2.0,2.0,0.0,1.0,0.0,0.0,0.0,0.0,0,0,0,1,1
49733,-1,0,6.52414,0.99853456,1,1,unassigned,2.0,2.0,0.0,1.0,0.0,0.0,0.0,0.0,0,0,0,1,1
49734,-1,0,-0.77212155,0.31602037,0,1,unassigned,2.0,2.0,0.0,1.0,0.0,0.0,0.0,0.0,0,0,0,0,0
49735,-1,1,-0.66405284,0.3398298,0,1,unassigned,85.0,80.0,5.0,0.9411765,0.05882353,0.058823526,0.16054158,0.009443622,1,0,0,0,0
49736,-1,1,0.41073793,0.60126483,1,1,unassigned,36.0,35.0,1.0,0.9722222,0.027777778,0.027777791,0.065764025,0.0018267785,1,0,0,1,0
49737,-1,1,2.1612604,0.8967163,1,1,unassigned,9.0,8.0,1.0,0.8888889,0.11111111,0.111111104,0.013539651,0.0015044058,1,0,0,1,0
49738,-1,1,0.36364466,0.58992237,1,1,unassigned,40.0,39.0,1.0,0.975,0.025,0.024999976,0.07350097,0.0018375242,1,0,0,1,0
49739,-1,1,0.2605313,0.5647669,1,1,unassigned,29.0,29.0,0.0,1.0,0.0,0.0,0.05222437,0.0,1,0,0,1,0
49740,-1,1,3.2961652,0.96429706,1,1,unassigned,31.0,31.0,0.0,1.0,0.0,0.0,0.056092843,0.0,1,0,0,1,1
49741,-1,1,0.70372087,0.66901225,1,1,unassigned,23.0,22.0,1.0,0.95652175,0.04347826,0.04347825,0.040618956,0.0017660416,1,0,0,1,0
49742,-1,1,2.29147,0.9081681,1,1,unassigned,3.0,3.0,0.0,1.0,0.0,0.0,0.001934236,0.0,1,0,0,1,1
49743,-1,0,8.745657,0.99984086,1,1,unassigned,2.0,2.0,0.0,1.0,0.0,0.0,0.0,0.0,0,0,0,1,1
49744,-1,0,13.891106,0.99999905,1,1,unassigned,6.0,6.0,0.0,1.0,0.0,0.0,0.007736944,0.0,0,0,0,1,1
49745,-1,0,3.1753545,0.9598962,1,1,unassigned,2.0,2.0,0.0,1.0,0.0,0.0,0.0,0.0,0,0,0,1,1
49746,-1,0,7.9413114,0.9996444,1,1,unassigned,2.0,2.0,0.0,1.0,0.0,0.0,0.0,0.0,0,0,0,1,1
49747,1,0,-0.14911744,0.46278957,0,1,test,3.0,3.0,0.0,1.0,0.0,0.0,0.001934236,0.0,0,0,0,0,0
49748,-1,1,-0.4506203,0.3892133,0,1,unassigned,2.0,2.0,0.0,1.0,0.0,0.0,0.0,0.0,1,0,0,0,0
49749,-1,1,0.43240017,0.6064467,1,1,unassigned,6.0,6.0,0.0,1.0,0.0,0.0,0.007736944,0.0,1,0,0,1,0
49750,-1,1,-0.9372416,0.28145784,0,1,unassigned,20.0,20.0,0.0,1.0,0.0,0.0,0.034816246,0.0,1,0,0,0,0
49751,-1,0,8.7470255,0.9998411,1,1,unassigned,3.0,2.0,1.0,0.6666667,0.33333334,0.3333333,0.001934236,0.00064474536,0,0,0,1,1
49752,-1,0,5.30712,0.9950683,1,1,unassigned,3.0,3.0,0.0,1.0,0.0,0.0,0.001934236,0.0,0,0,0,1,1
49753,-1,1,1.5716658,0.82802093,1,1,unassigned,6.0,5.0,1.0,0.8333333,0.16666667,0.16666669,0.007736944,0.0012894907,1,0,0,1,0
49754,-1,0,6.785197,0.9988709,1,1,unassigned,2.0,2.0,0.0,1.0,0.0,0.0,0.0,0.0,0,0,0,1,1
49755,-1,0,7.819041,0.9995982,1,1,unassigned,4.0,4.0,0.0,1.0,0.0,0.0,0.003868472,0.0,0,0,0,1,1
49756,-1,1,2.405309,0.91723126,1,1,unassigned,20.0,20.0,0.0,1.0,0.0,0.0,0.034816246,0.0,1,0,0,1,1
49757,-1,0,7.476155,0.9994338,1,1,unassigned,2.0,2.0,0.0,1.0,0.0,0.0,0.0,0.0,0,0,0,1,1
49758,-1,0,5.3337617,0.99519736,1,1,unassigned,4.0,4.0,0.0,1.0,0.0,0.0,0.003868472,0.0,0,0,0,1,1
49759,1,1,3.633612,0.9742595,1,0,unassigned,4.0,4.0,0.0,1.0,0.0,0.0,0.003868472,0.0,1,0,1,1,1
49760,-1,1,-0.39804286,0.40178266,0,1,unassigned,2.0,2.0,0.0,1.0,0.0,0.0,0.0,0.0,1,0,0,0,0
49761,-1,0,4.8649197,0.9923465,1,1,unassigned,2.0,2.0,0.0,1.0,0.0,0.0,0.0,0.0,0,0,0,1,1
49762,-1,0,5.6207585,0.9963911,1,1,unassigned,5.0,4.0,1.0,0.8,0.2,0.19999999,0.0058027077,0.0011605415,0,0,0,1,1
49763,-1,0,6.554464,0.9985783,1,1,unassigned,2.0,2.0,0.0,1.0,0.0,0.0,0.0,0.0,0,0,0,1,1
49764,-1,0,6.444961,0.99841404,1,1,unassigned,2.0,2.0,0.0,1.0,0.0,0.0,0.0,0.0,0,0,0,1,1
49765,-1,1,1.6669838,0.8411733,1,1,unassigned,3.0,3.0,0.0,1.0,0.0,0.0,0.001934236,0.0,1,0,0,1,0
49766,-1,0,4.8406224,0.9921598,1,1,unassigned,5.0,5.0,0.0,1.0,0.0,0.0,0.0058027077,0.0,0,0,0,1,1
49767,-1,1,4.3819323,0.98765314,1,1,unassigned,24.0,18.0,6.0,0.75,0.25,0.25,0.04255319,0.010638298,1,0,0,1,1
49768,-1,0,0.0014016032,0.5003504,1,1,unassigned,2.0,1.0,1.0,0.5,0.5,0.5,0.0,0.0,0,0,0,1,0
49769,-1,0,5.86931,0.99718314,1,1,unassigned,2.0,2.0,0.0,1.0,0.0,0.0,0.0,0.0,0,0,0,1,1
49770,-1,0,5.066751,0.9937366,1,1,unassigned,5.0,5.0,0.0,1.0,0.0,0.0,0.0058027077,0.0,0,0,0,1,1
49771,-1,0,6.554464,0.9985783,1,1,unassigned,2.0,2.0,0.0,1.0,0.0,0.0,0.0,0.0,0,0,0,1,1
49772,-1,0,6.785197,0.9988709,1,1,unassigned,2.0,2.0,0.0,1.0,0.0,0.0,0.0,0.0,0,0,0,1,1
49773,-1,0,6.964822,0.9990564,1,1,unassigned,6.0,4.0,2.0,0.6666667,0.33333334,0.3333333,0.007736944,0.0025789815,0,0,0,1,1
49774,-1,0,4.503416,0.98905015,1,1,unassigned,6.0,6.0,0.0,1.0,0.0,0.0,0.007736944,0.0,0,0,0,1,1
49775,-1,0,2.3963065,0.9165453,1,1,unassigned,6.0,5.0,1.0,0.8333333,0.16666667,0.16666669,0.007736944,0.0012894907,0,0,0,1,1
49776,-1,0,5.4881644,0.9958817,1,1,unassigned,2.0,2.0,0.0,1.0,0.0,0.0,0.0,0.0,0,0,0,1,1
49777,-1,0,-0.86967146,0.2953227,0,1,unassigned,39.0,39.0,0.0,1.0,0.0,0.0,0.07156673,0.0,0,0,0,0,0
49778,-1,0,5.639611,0.99645835,1,1,unassigned,2.0,2.0,0.0,1.0,0.0,0.0,0.0,0.0,0,0,0,1,1
49779,1,0,7.13749,0.9992059,1,0,unassigned,18.0,14.0,4.0,0.7777778,0.22222222,0.22222221,0.030947777,0.0068772836,0,0,1,1,1
49780,-1,0,-0.33999142,0.41581154,0,1,unassigned,4.0,4.0,0.0,1.0,0.0,0.0,0.003868472,0.0,0,0,0,0,0
49781,-1,0,5.390929,0.99546295,1,1,unassigned,6.0,6.0,0.0,1.0,0.0,0.0,0.007736944,0.0,0,0,0,1,1
49782,-1,0,3.8105447,0.9783433,1,1,unassigned,12.0,12.0,0.0,1.0,0.0,0.0,0.01934236,0.0,0,0,0,1,1
49783,-1,0,-0.47759998,0.382819,0,1,unassigned,6.0,6.0,0.0,1.0,0.0,0.0,0.007736944,0.0,0,0,0,0,0
49784,-1,0,0.38157892,0.59425384,1,1,unassigned,8.0,8.0,0.0,1.0,0.0,0.0,0.0116054155,0.0,0,0,0,1,0
49785,0,0,0.41652352,0.60265106,1,1,val,2.0,2.0,0.0,1.0,0.0,0.0,0.0,0.0,0,0,0,1,0
49786,-1,1,1.4555361,0.81084895,1,1,unassigned,7.0,4.0,3.0,0.5714286,0.42857143,0.4285714,0.00967118,0.0041447915,1,0,0,1,0
49787,0,1,-0.089956105,0.47752613,0,0,val,6.0,6.0,0.0,1.0,0.0,0.0,0.007736944,0.0,1,0,1,0,0
49788,-1,0,0.77673537,0.68497604,1,1,unassigned,9.0,9.0,0.0,1.0,0.0,0.0,0.013539651,0.0,0,0,0,1,0
49789,-1,0,6.554464,0.9985783,1,1,unassigned,2.0,2.0,0.0,1.0,0.0,0.0,0.0,0.0,0,0,0,1,1
49790,-1,0,4.2565217,0.9860265,1,1,unassigned,2.0,2.0,0.0,1.0,0.0,0.0,0.0,0.0,0,0,0,1,1
49791,1,1,2.1364162,0.89439255,1,0,unassigned,60.0,47.0,13.0,0.78333336,0.21666667,0.21666664,0.11218569,0.024306899,1,0,1,1,0
49792,-1,0,6.554464,0.9985783,1,1,unassigned,2.0,2.0,0.0,1.0,0.0,0.0,0.0,0.0,0,0,0,1,1
49793,-1,0,6.527812,0.9985399,1,1,unassigned,3.0,3.0,0.0,1.0,0.0,0.0,0.001934236,0.0,0,0,0,1,1
49794,-1,0,3.5959518,0.97329795,1,1,unassigned,2.0,2.0,0.0,1.0,0.0,0.0,0.0,0.0,0,0,0,1,1
49795,-1,0,7.8681073,0.99961734,1,1,unassigned,7.0,7.0,0.0,1.0,0.0,0.0,0.00967118,0.0,0,0,0,1,1
49796,-1,1,2.7720377,0.94114596,1,1,unassigned,11.0,11.0,0.0,1.0,0.0,0.0,0.017408123,0.0,1,0,0,1,1
49797,1,0,4.75067,0.9914282,1,0,unassigned,10.0,10.0,0.0,1.0,0.0,0.0,0.015473888,0.0,0,0,1,1,1
49798,0,1,-0.89932704,0.2891888,0,0,unassigned,51.0,48.0,3.0,0.9411765,0.05882353,0.058823526,0.09477756,0.0055751507,1,0,1,0,0
49799,1,1,4.459904,0.9885688,1,0,unassigned,50.0,47.0,3.0,0.94,0.06,0.060000002,0.092843324,0.0055705993,1,0,1,1,1
49800,-1,1,5.0223174,0.99345386,1,1,unassigned,8.0,4.0,4.0,0.5,0.5,0.5,0.0116054155,0.0058027077,1,0,0,1,1
49801,-1,1,5.4646115,0.99578387,1,1,unassigned,19.0,12.0,7.0,0.6315789,0.36842105,0.36842108,0.032882012,0.012114425,1,0,0,1,1
49802,-1,1,1.7796404,0.85565245,1,1,unassigned,26.0,26.0,0.0,1.0,0.0,0.0,0.046421662,0.0,1,0,0,1,0
49803,0,0,2.9753525,0.95144814,1,1,test,13.0,6.0,7.0,0.46153846,0.53846157,0.53846157,0.021276595,0.011456628,0,0,0,1,1
49804,-1,1,2.3666067,0.9142452,1,1,unassigned,17.0,16.0,1.0,0.9411765,0.05882353,0.058823526,0.029013539,0.0017066788,1,0,0,1,1
49805,0,1,-0.47982287,0.38229394,0,0,train,6.0,6.0,0.0,1.0,0.0,0.0,0.007736944,0.0,1,0,1,0,0
49806,1,0,0.27529114,0.5683914,1,0,test,17.0,17.0,0.0,1.0,0.0,0.0,0.029013539,0.0,0,0,1,1,0
49807,1,0,1.0740578,0.7453678,1,0,unassigned,8.0,8.0,0.0,1.0,0.0,0.0,0.0116054155,0.0,0,0,1,1,0
49808,-1,0,6.2503896,0.99807394,1,1,unassigned,3.0,3.0,0.0,1.0,0.0,0.0,0.001934236,0.0,0,0,0,1,1
49809,-1,0,-0.8957051,0.2899339,0,1,unassigned,11.0,11.0,0.0,1.0,0.0,0.0,0.017408123,0.0,0,0,0,0,0
49810,1,0,6.134682,0.9978383,1,0,unassigned,3.0,3.0,0.0,1.0,0.0,0.0,0.001934236,0.0,0,0,1,1,1
49811,-1,0,-0.63335925,0.34674922,0,1,unassigned,20.0,20.0,0.0,1.0,0.0,0.0,0.034816246,0.0,0,0,0,0,0
49812,-1,0,3.983816,0.98172563,1,1,unassigned,12.0,11.0,1.0,0.9166667,0.083333336,0.08333331,0.01934236,0.0016118633,0,0,0,1,1
49813,-1,0,-0.2889565,0.42825934,0,1,unassigned,10.0,10.0,0.0,1.0,0.0,0.0,0.015473888,0.0,0,0,0,0,0
49814,-1,0,0.107382655,0.5268199,1,1,unassigned,18.0,18.0,0.0,1.0,0.0,0.0,0.030947777,0.0,0,0,0,1,0
49815,-1,0,3.9506538,0.9811211,1,1,unassigned,7.0,5.0,2.0,0.71428573,0.2857143,0.28571427,0.00967118,0.0027631943,0,0,0,1,1
49816,-1,1,5.9291444,0.9973463,1,1,unassigned,41.0,36.0,5.0,0.8780488,0.12195122,0.12195122,0.07543521,0.009199415,1,0,0,1,1
49817,-1,0,5.888526,0.9972366,1,1,unassigned,8.0,7.0,1.0,0.875,0.125,0.125,0.0116054155,0.0014506769,0,0,0,1,1
49818,-1,0,6.517217,0.9985245,1,1,unassigned,3.0,3.0,0.0,1.0,0.0,0.0,0.001934236,0.0,0,0,0,1,1
49819,-1,0,0.85092694,0.70076156,1,1,unassigned,7.0,7.0,0.0,1.0,0.0,0.0,0.00967118,0.0,0,0,0,1,0
49820,-1,1,3.3796856,0.96706355,1,1,unassigned,7.0,6.0,1.0,0.85714287,0.14285715,0.14285713,0.00967118,0.0013815971,1,0,0,1,1
49821,1,0,13.056061,0.99999785,1,0,unassigned,4.0,4.0,0.0,1.0,0.0,0.0,0.003868472,0.0,0,0,1,1,1
49822,-1,1,0.76032263,0.6814238,1,1,unassigned,9.0,7.0,2.0,0.7777778,0.22222222,0.22222221,0.013539651,0.0030088115,1,0,0,1,0
49823,-1,0,5.9845443,0.997489,1,1,unassigned,3.0,3.0,0.0,1.0,0.0,0.0,0.001934236,0.0,0,0,0,1,1
49824,-1,0,6.554464,0.9985783,1,1,unassigned,2.0,2.0,0.0,1.0,0.0,0.0,0.0,0.0,0,0,0,1,1
49825,-1,1,7.855352,0.9996125,1,1,unassigned,2.0,2.0,0.0,1.0,0.0,0.0,0.0,0.0,1,0,0,1,1
49826,-1,1,-0.022783339,0.49430442,0,1,unassigned,3.0,3.0,0.0,1.0,0.0,0.0,0.001934236,0.0,1,0,0,0,0
49827,-1,0,6.0248623,0.9975879,1,1,unassigned,3.0,3.0,0.0,1.0,0.0,0.0,0.001934236,0.0,0,0,0,1,1
49828,-1,0,2.8976345,0.9477294,1,1,unassigned,3.0,3.0,0.0,1.0,0.0,0.0,0.001934236,0.0,0,0,0,1,1
49829,-1,1,0.40363604,0.5995609,1,1,unassigned,4.0,4.0,0.0,1.0,0.0,0.0,0.003868472,0.0,1,0,0,1,0
49830,-1,0,0.46651703,0.61455905,1,1,unassigned,2.0,2.0,0.0,1.0,0.0,0.0,0.0,0.0,0,0,0,1,0
49831,1,0,-1.1840662,0.23432188,0,1,unassigned,3.0,3.0,0.0,1.0,0.0,0.0,0.001934236,0.0,0,0,0,0,0
49832,-1,0,1.1535242,0.760154,1,1,unassigned,2.0,2.0,0.0,1.0,0.0,0.0,0.0,0.0,0,0,0,1,0
49833,-1,0,8.266236,0.99974304,1,1,unassigned,2.0,2.0,0.0,1.0,0.0,0.0,0.0,0.0,0,0,0,1,1
49834,-1,1,-0.7155889,0.3283651,0,1,unassigned,4.0,4.0,0.0,1.0,0.0,0.0,0.003868472,0.0,1,0,0,0,0
49835,-1,1,5.100884,0.99394554,1,1,unassigned,2.0,2.0,0.0,1.0,0.0,0.0,0.0,0.0,1,0,0,1,1
49836,1,1,0.19970971,0.5497621,1,0,test,12.0,12.0,0.0,1.0,0.0,0.0,0.01934236,0.0,1,0,1,1,0
49837,-1,0,8.371601,0.9997687,1,1,unassigned,4.0,4.0,0.0,1.0,0.0,0.0,0.003868472,0.0,0,0,0,1,1
49838,-1,0,3.9431322,0.98098135,1,1,unassigned,4.0,4.0,0.0,1.0,0.0,0.0,0.003868472,0.0,0,0,0,1,1
49839,-1,1,-0.9582668,0.27722535,0,1,unassigned,42.0,42.0,0.0,1.0,0.0,0.0,0.07736944,0.0,1,0,0,0,0
49840,0,1,-0.75529015,0.3196697,0,0,unassigned,11.0,8.0,3.0,0.72727275,0.27272728,0.27272725,0.017408123,0.00474767,1,0,1,0,0
49841,-1,1,2.2203093,0.9020585,1,1,unassigned,3.0,3.0,0.0,1.0,0.0,0.0,0.001934236,0.0,1,0,0,1,1
49842,-1,1,-0.9341676,0.28207996,0,1,unassigned,71.0,70.0,1.0,0.9859155,0.014084507,0.014084518,0.13346228,0.0018797504,1,0,0,0,0
49843,-1,1,-0.8206866,0.30561793,0,1,unassigned,65.0,65.0,0.0,1.0,0.0,0.0,0.12185687,0.0,1,0,0,0,0
49844,-1,1,8.057201,0.99968326,1,1,unassigned,8.0,8.0,0.0,1.0,0.0,0.0,0.0116054155,0.0,1,0,0,1,1
49845,1,0,1.7777402,0.85541755,1,0,test,13.0,13.0,0.0,1.0,0.0,0.0,0.021276595,0.0,0,0,1,1,0
49846,-1,0,2.139126,0.8946483,1,1,unassigned,3.0,3.0,0.0,1.0,0.0,0.0,0.001934236,0.0,0,0,0,1,0
49847,-1,0,-0.0004851222,0.49987867,0,1,unassigned,21.0,21.0,0.0,1.0,0.0,0.0,0.036750484,0.0,0,0,0,0,0
49848,-1,0,-0.5574324,0.36414173,0,1,unassigned,52.0,52.0,0.0,1.0,0.0,0.0,0.0967118,0.0,0,0,0,0,0
49849,-1,0,-0.53189605,0.37007478,0,1,unassigned,15.0,15.0,0.0,1.0,0.0,0.0,0.025145067,0.0,0,0,0,0,0
49850,-1,0,-0.12751442,0.46816456,0,1,unassigned,27.0,27.0,0.0,1.0,0.0,0.0,0.0483559,0.0,0,0,0,0,0
49851,1,0,0.18861538,0.54701453,1,0,train,23.0,23.0,0.0,1.0,0.0,0.0,0.040618956,0.0,0,0,1,1,0
49852,-1,0,-0.3427118,0.4151509,0,1,unassigned,68.0,68.0,0.0,1.0,0.0,0.0,0.12765957,0.0,0,0,0,0,0
49853,-1,0,9.267738,0.9999056,1,1,unassigned,5.0,4.0,1.0,0.8,0.2,0.19999999,0.0058027077,0.0011605415,0,0,0,1,1
49854,-1,0,5.3132915,0.9950984,1,1,unassigned,2.0,2.0,0.0,1.0,0.0,0.0,0.0,0.0,0,0,0,1,1
49855,-1,1,1.1956863,0.76775646,1,1,unassigned,3.0,3.0,0.0,1.0,0.0,0.0,0.001934236,0.0,1,0,0,1,0
49856,-1,1,-0.8944826,0.29018563,0,1,unassigned,89.0,87.0,2.0,0.9775281,0.02247191,0.022471905,0.16827853,0.00378154,1,0,0,0,0
49857,-1,1,-0.9348667,0.2819384,0,1,unassigned,24.0,24.0,0.0,1.0,0.0,0.0,0.04255319,0.0,1,0,0,0,0
49858,-1,1,-0.94418526,0.2800557,0,1,unassigned,78.0,77.0,1.0,0.98717946,0.012820513,0.012820542,0.14700194,0.0018846402,1,0,0,0,0
49859,0,1,-0.86760503,0.29575288,0,0,val,95.0,92.0,3.0,0.96842104,0.031578947,0.031578958,0.17988394,0.0056805452,1,0,1,0,0
49860,-1,1,1.4574008,0.8111348,1,1,unassigned,15.0,14.0,1.0,0.93333334,0.06666667,0.06666666,0.025145067,0.0016763379,1,0,0,1,0
49861,-1,1,0.2867145,0.5711916,1,1,unassigned,14.0,12.0,2.0,0.85714287,0.14285715,0.14285713,0.023210831,0.0033158332,1,0,0,1,0
49862,-1,1,4.629427,0.990334,1,1,unassigned,6.0,6.0,0.0,1.0,0.0,0.0,0.007736944,0.0,1,0,0,1,1
49863,-1,1,1.7749834,0.8550763,1,1,unassigned,36.0,36.0,0.0,1.0,0.0,0.0,0.065764025,0.0,1,0,0,1,0
49864,-1,1,-0.9420762,0.28048116,0,1,unassigned,56.0,55.0,1.0,0.98214287,0.017857144,0.017857134,0.10444874,0.0018651562,1,0,0,0,0
49865,-1,1,2.6194534,0.9321031,1,1,unassigned,28.0,25.0,3.0,0.89285713,0.10714286,0.107142866,0.050290134,0.0053882287,1,0,0,1,1
49866,-1,0,0.93713456,0.71852046,1,1,unassigned,3.0,3.0,0.0,1.0,0.0,0.0,0.001934236,0.0,0,0,0,1,0
49867,-1,1,-0.33100688,0.41799566,0,1,unassigned,6.0,6.0,0.0,1.0,0.0,0.0,0.007736944,0.0,1,0,0,0,0
49868,-1,1,3.3404992,0.96579236,1,1,unassigned,4.0,3.0,1.0,0.75,0.25,0.25,0.003868472,0.000967118,1,0,0,1,1
49869,-1,1,0.23679113,0.5589227,1,1,unassigned,2.0,2.0,0.0,1.0,0.0,0.0,0.0,0.0,1,0,0,1,0
49870,0,1,-0.5202369,0.37279686,0,0,unassigned,8.0,8.0,0.0,1.0,0.0,0.0,0.0116054155,0.0,1,0,1,0,0
49871,-1,0,-0.18522942,0.45382458,0,1,unassigned,7.0,7.0,0.0,1.0,0.0,0.0,0.00967118,0.0,0,0,0,0,0
49872,-1,0,-0.18522942,0.45382458,0,1,unassigned,7.0,7.0,0.0,1.0,0.0,0.0,0.00967118,0.0,0,0,0,0,0
49873,-1,1,1.7208288,0.8482356,1,1,unassigned,12.0,10.0,2.0,0.8333333,0.16666667,0.16666669,0.01934236,0.0032237265,1,0,0,1,0
49874,-1,1,0.80641395,0.6913448,1,1,unassigned,11.0,7.0,4.0,0.6363636,0.36363637,0.36363637,0.017408123,0.006330227,1,0,0,1,0
49875,-1,1,0.95989805,0.7231014,1,1,unassigned,21.0,21.0,0.0,1.0,0.0,0.0,0.036750484,0.0,1,0,0,1,0
49876,1,1,2.2451823,0.9042341,1,0,unassigned,17.0,17.0,0.0,1.0,0.0,0.0,0.029013539,0.0,1,0,1,1,1
49877,-1,0,7.4054046,0.9993924,1,1,unassigned,3.0,3.0,0.0,1.0,0.0,0.0,0.001934236,0.0,0,0,0,1,1
49878,-1,1,1.9179523,0.8719099,1,1,unassigned,10.0,10.0,0.0,1.0,0.0,0.0,0.015473888,0.0,1,0,0,1,0
49879,-1,1,3.2898357,0.9640785,1,1,unassigned,45.0,44.0,1.0,0.9777778,0.022222223,0.02222222,0.08317215,0.0018482701,1,0,0,1,1
49880,-1,0,5.43762,0.995669,1,1,unassigned,4.0,4.0,0.0,1.0,0.0,0.0,0.003868472,0.0,0,0,0,1,1
49881,-1,1,3.8036363,0.9781965,1,1,unassigned,37.0,36.0,1.0,0.972973,0.027027028,0.02702701,0.06769826,0.0018296828,1,0,0,1,1
49882,-1,1,-0.36784568,0.40906167,0,1,unassigned,7.0,7.0,0.0,1.0,0.0,0.0,0.00967118,0.0,1,0,0,0,0
49883,-1,1,1.5650012,0.8270698,1,1,unassigned,43.0,41.0,2.0,0.95348835,0.046511628,0.04651165,0.079303674,0.0036885429,1,0,0,1,0
49884,1,0,8.97287,0.99987316,1,0,unassigned,2.0,2.0,0.0,1.0,0.0,0.0,0.0,0.0,0,0,1,1,1
49885,-1,0,-0.17639366,0.45601562,0,1,unassigned,2.0,2.0,0.0,1.0,0.0,0.0,0.0,0.0,0,0,0,0,0
49886,-1,0,1.5966654,0.8315518,1,1,unassigned,5.0,5.0,0.0,1.0,0.0,0.0,0.0058027077,0.0,0,0,0,1,0
49887,1,0,-0.109203994,0.4727261,0,1,test,5.0,5.0,0.0,1.0,0.0,0.0,0.0058027077,0.0,0,0,0,0,0
49888,-1,0,-0.2774983,0.43106723,0,1,unassigned,12.0,12.0,0.0,1.0,0.0,0.0,0.01934236,0.0,0,0,0,0,0
49889,-1,1,-0.4559866,0.38793835,0,1,unassigned,14.0,14.0,0.0,1.0,0.0,0.0,0.023210831,0.0,1,0,0,0,0
49890,-1,1,1.3631182,0.79626596,1,1,unassigned,10.0,6.0,4.0,0.6,0.4,0.39999998,0.015473888,0.0061895554,1,0,0,1,0
49891,-1,0,4.1273713,0.9841307,1,1,unassigned,3.0,3.0,0.0,1.0,0.0,0.0,0.001934236,0.0,0,0,0,1,1
49892,-1,0,1.377557,0.79859835,1,1,unassigned,9.0,4.0,5.0,0.44444445,0.5555556,0.5555556,0.013539651,0.007522029,0,0,0,1,0
49893,-1,0,-0.8813458,0.29289898,0,1,unassigned,4.0,4.0,0.0,1.0,0.0,0.0,0.003868472,0.0,0,0,0,0,0
49894,-1,0,-0.9930481,0.27031046,0,1,unassigned,3.0,3.0,0.0,1.0,0.0,0.0,0.001934236,0.0,0,0,0,0,0
49895,-1,1,1.7073083,0.8464868,1,1,unassigned,22.0,19.0,3.0,0.8636364,0.13636364,0.13636363,0.03868472,0.005275189,1,0,0,1,0
49896,-1,0,-0.6597795,0.34078914,0,1,unassigned,32.0,1.0,31.0,0.03125,0.96875,0.96875,0.058027077,0.056213733,0,0,0,0,0
49897,-1,1,-0.29012093,0.42797425,0,1,unassigned,30.0,30.0,0.0,1.0,0.0,0.0,0.054158606,0.0,1,0,0,0,0
49898,-1,1,4.9726424,0.99312276,1,1,unassigned,5.0,5.0,0.0,1.0,0.0,0.0,0.0058027077,0.0,1,0,0,1,1
49899,-1,1,0.28353298,0.57041216,1,1,unassigned,24.0,24.0,0.0,1.0,0.0,0.0,0.04255319,0.0,1,0,0,1,0
49900,-1,1,0.7365747,0.6762464,1,1,unassigned,25.0,25.0,0.0,1.0,0.0,0.0,0.044487428,0.0,1,0,0,1,0
49901,-1,0,1.388309,0.8003222,1,1,unassigned,4.0,4.0,0.0,1.0,0.0,0.0,0.003868472,0.0,0,0,0,1,0
49902,1,0,3.459695,0.969519,1,0,unassigned,5.0,5.0,0.0,1.0,0.0,0.0,0.0058027077,0.0,0,0,1,1,1
49903,0,1,-0.13285387,0.4668353,0,0,test,31.0,31.0,0.0,1.0,0.0,0.0,0.056092843,0.0,1,0,1,0,0
49904,-1,1,0.8595454,0.70256567,1,1,unassigned,10.0,9.0,1.0,0.9,0.1,0.100000024,0.015473888,0.0015473888,1,0,0,1,0
49905,-1,0,3.4661376,0.96970874,1,1,unassigned,4.0,4.0,0.0,1.0,0.0,0.0,0.003868472,0.0,0,0,0,1,1
49906,0,0,-0.70512533,0.33067685,0,0,test,7.0,7.0,0.0,1.0,0.0,0.0,0.00967118,0.0,0,0,1,0,0
49907,-1,1,-0.7119928,0.32915863,0,1,unassigned,47.0,44.0,3.0,0.9361702,0.06382979,0.06382978,0.08704062,0.0055557843,1,0,0,0,0
49908,-1,0,-0.31001574,0.42311087,0,1,unassigned,44.0,43.0,1.0,0.97727275,0.022727273,0.022727251,0.08123791,0.0018463163,0,0,0,0,0
49909,-1,0,-0.2603493,0.43527782,0,1,unassigned,65.0,65.0,0.0,1.0,0.0,0.0,0.12185687,0.0,0,0,0,0,0
49910,0,0,0.055072784,0.51376474,1,1,val,11.0,11.0,0.0,1.0,0.0,0.0,0.017408123,0.0,0,0,0,1,0
49911,1,0,-0.14873695,0.46288416,0,1,val,21.0,21.0,0.0,1.0,0.0,0.0,0.036750484,0.0,0,0,0,0,0
49912,-1,0,-0.33746243,0.41642606,0,1,unassigned,57.0,57.0,0.0,1.0,0.0,0.0,0.10638298,0.0,0,0,0,0,0
49913,-1,0,-0.33919528,0.41600493,0,1,unassigned,24.0,24.0,0.0,1.0,0.0,0.0,0.04255319,0.0,0,0,0,0,0
49914,-1,0,-0.32704508,0.41895974,0,1,unassigned,30.0,30.0,0.0,1.0,0.0,0.0,0.054158606,0.0,0,0,0,0,0
49915,-1,0,-0.290143,0.4279689,0,1,unassigned,55.0,54.0,1.0,0.9818182,0.018181818,0.0181818,0.102514505,0.0018639,0,0,0,0,0
49916,-1,0,-0.4877474,0.38042435,0,1,unassigned,21.0,21.0,0.0,1.0,0.0,0.0,0.036750484,0.0,0,0,0,0,0
49917,1,0,-0.27909985,0.43067443,0,1,val,30.0,30.0,0.0,1.0,0.0,0.0,0.054158606,0.0,0,0,0,0,0
49918,-1,0,-0.1988751,0.45044446,0,1,unassigned,23.0,23.0,0.0,1.0,0.0,0.0,0.040618956,0.0,0,0,0,0,0
49919,-1,0,2.46532,0.92167455,1,1,unassigned,24.0,23.0,1.0,0.9583333,0.041666668,0.041666687,0.04255319,0.0017730496,0,0,0,1,1
49920,-1,1,4.503979,0.9890562,1,1,unassigned,2.0,2.0,0.0,1.0,0.0,0.0,0.0,0.0,1,0,0,1,1
49921,-1,0,0.08656669,0.52162814,1,1,unassigned,2.0,1.0,1.0,0.5,0.5,0.5,0.0,0.0,0,0,0,1,0
49922,-1,0,0.29641753,0.5735665,1,1,unassigned,15.0,15.0,0.0,1.0,0.0,0.0,0.025145067,0.0,0,0,0,1,0
49923,-1,0,-0.7688378,0.3167306,0,1,unassigned,8.0,8.0,0.0,1.0,0.0,0.0,0.0116054155,0.0,0,0,0,0,0
49924,-1,1,5.9758816,0.99746716,1,1,unassigned,7.0,7.0,0.0,1.0,0.0,0.0,0.00967118,0.0,1,0,0,1,1
49925,-1,0,2.46338,0.9215344,1,1,unassigned,5.0,5.0,0.0,1.0,0.0,0.0,0.0058027077,0.0,0,0,0,1,1
49926,-1,1,2.9079611,0.9482386,1,1,unassigned,44.0,43.0,1.0,0.97727275,0.022727273,0.022727251,0.08123791,0.0018463163,1,0,0,1,1
49927,-1,1,-0.21825156,0.4456527,0,1,unassigned,8.0,8.0,0.0,1.0,0.0,0.0,0.0116054155,0.0,1,0,0,0,0
49928,-1,1,2.8046591,0.94292706,1,1,unassigned,27.0,26.0,1.0,0.962963,0.037037037,0.037037015,0.0483559,0.0017909593,1,0,0,1,1
49929,1,1,1.6812949,0.84307593,1,0,test,13.0,13.0,0.0,1.0,0.0,0.0,0.021276595,0.0,1,0,1,1,0
49930,-1,1,0.28889716,0.57172614,1,1,unassigned,23.0,21.0,2.0,0.9130435,0.08695652,0.0869565,0.040618956,0.0035320832,1,0,0,1,0
49931,-1,0,0.419196,0.60329086,1,1,unassigned,2.0,2.0,0.0,1.0,0.0,0.0,0.0,0.0,0,0,0,1,0
49932,1,0,-0.040700197,0.48982632,0,1,unassigned,55.0,52.0,3.0,0.94545454,0.054545455,0.054545462,0.102514505,0.0055917003,0,0,0,0,0
49933,-1,1,-0.068565786,0.48286527,0,1,unassigned,6.0,6.0,0.0,1.0,0.0,0.0,0.007736944,0.0,1,0,0,0,0
49934,-1,0,-0.18383166,0.45417103,0,1,unassigned,13.0,13.0,0.0,1.0,0.0,0.0,0.021276595,0.0,0,0,0,0,0
49935,-1,0,-0.5909754,0.35641107,0,1,unassigned,23.0,21.0,2.0,0.9130435,0.08695652,0.0869565,0.040618956,0.0035320832,0,0,0,0,0
49936,1,0,-0.3357221,0.41684902,0,1,test,34.0,33.0,1.0,0.9705882,0.029411765,0.029411793,0.061895553,0.0018204574,0,0,0,0,0
49937,-1,0,6.601191,0.9986431,1,1,unassigned,2.0,2.0,0.0,1.0,0.0,0.0,0.0,0.0,0,0,0,1,1
49938,-1,0,-0.56392914,0.3626388,0,1,unassigned,34.0,34.0,0.0,1.0,0.0,0.0,0.061895553,0.0,0,0,0,0,0
49939,-1,1,1.8883951,0.8685724,1,1,unassigned,23.0,21.0,2.0,0.9130435,0.08695652,0.0869565,0.040618956,0.0035320832,1,0,0,1,0
49940,-1,0,-0.18135488,0.4547851,0,1,unassigned,30.0,30.0,0.0,1.0,0.0,0.0,0.054158606,0.0,0,0,0,0,0
49941,-1,0,0.024435282,0.5061085,1,1,unassigned,5.0,5.0,0.0,1.0,0.0,0.0,0.0058027077,0.0,0,0,0,1,0
49942,-1,0,-0.28439185,0.42937735,0,1,unassigned,5.0,4.0,1.0,0.8,0.2,0.19999999,0.0058027077,0.0011605415,0,0,0,0,0
49943,-1,0,-0.48893794,0.3801438,0,1,unassigned,2.0,2.0,0.0,1.0,0.0,0.0,0.0,0.0,0,0,0,0,0
49944,-1,0,-0.55638164,0.36438507,0,1,unassigned,32.0,29.0,3.0,0.90625,0.09375,0.09375,0.058027077,0.0054400386,0,0,0,0,0
49945,0,0,-0.4646071,0.38589346,0,0,unassigned,12.0,12.0,0.0,1.0,0.0,0.0,0.01934236,0.0,0,0,1,0,0
49946,-1,1,-0.620929,0.34957018,0,1,unassigned,65.0,65.0,0.0,1.0,0.0,0.0,0.12185687,0.0,1,0,0,0,0
49947,-1,0,-0.3802824,0.4060588,0,1,unassigned,14.0,13.0,1.0,0.9285714,0.071428575,0.0714286,0.023210831,0.0016579166,0,0,0,0,0
49948,-1,0,5.314875,0.9951062,1,1,unassigned,2.0,2.0,0.0,1.0,0.0,0.0,0.0,0.0,0,0,0,1,1
49949,1,0,1.7415168,0.85087967,1,0,val,2.0,2.0,0.0,1.0,0.0,0.0,0.0,0.0,0,0,1,1,0
49950,1,1,-0.3367367,0.41660237,0,1,unassigned,6.0,6.0,0.0,1.0,0.0,0.0,0.007736944,0.0,1,0,0,0,0
49951,-1,1,-0.019417942,0.4951457,0,1,unassigned,48.0,48.0,0.0,1.0,0.0,0.0,0.088974856,0.0,1,0,0,0,0
49952,-1,1,1.2934692,0.7847338,1,1,unassigned,16.0,13.0,3.0,0.8125,0.1875,0.1875,0.027079303,0.0050773695,1,0,0,1,0
49953,-1,1,2.460481,0.9213245,1,1,unassigned,11.0,11.0,0.0,1.0,0.0,0.0,0.017408123,0.0,1,0,0,1,1
49954,-1,1,-0.62854993,0.34783942,0,1,unassigned,24.0,24.0,0.0,1.0,0.0,0.0,0.04255319,0.0,1,0,0,0,0
49955,-1,0,6.5527787,0.9985759,1,1,unassigned,4.0,3.0,1.0,0.75,0.25,0.25,0.003868472,0.000967118,0,0,0,1,1
49956,-1,1,-0.011070013,0.49723253,0,1,unassigned,7.0,7.0,0.0,1.0,0.0,0.0,0.00967118,0.0,1,0,0,0,0
49957,-1,0,-0.54155606,0.36782572,0,1,unassigned,57.0,57.0,0.0,1.0,0.0,0.0,0.10638298,0.0,0,0,0,0,0
49958,-1,0,1.0318294,0.7372704,1,1,unassigned,6.0,6.0,0.0,1.0,0.0,0.0,0.007736944,0.0,0,0,0,1,0
49959,-1,0,-0.3718415,0.4080961,0,1,unassigned,31.0,31.0,0.0,1.0,0.0,0.0,0.056092843,0.0,0,0,0,0,0
49960,-1,0,-0.7916815,0.31180772,0,1,unassigned,49.0,48.0,1.0,0.97959185,0.020408163,0.020408154,0.09090909,0.0018552876,0,0,0,0,0
49961,-1,0,-0.5244012,0.37182367,0,1,unassigned,46.0,44.0,2.0,0.95652175,0.04347826,0.04347825,0.08510638,0.0037002775,0,0,0,0,0
49962,-1,0,-0.32814083,0.4186931,0,1,unassigned,32.0,31.0,1.0,0.96875,0.03125,0.03125,0.058027077,0.0018133462,0,0,0,0,0
49963,-1,1,7.0446978,0.99912876,1,1,unassigned,7.0,7.0,0.0,1.0,0.0,0.0,0.00967118,0.0,1,0,0,1,1
49964,-1,0,-0.6350435,0.3463678,0,1,unassigned,31.0,31.0,0.0,1.0,0.0,0.0,0.056092843,0.0,0,0,0,0,0
49965,-1,0,10.207073,0.99996305,1,1,unassigned,8.0,7.0,1.0,0.875,0.125,0.125,0.0116054155,0.0014506769,0,0,0,1,1
49966,-1,0,1.3101838,0.7875439,1,1,unassigned,4.0,4.0,0.0,1.0,0.0,0.0,0.003868472,0.0,0,0,0,1,0
49967,-1,0,6.4933114,0.9984888,1,1,unassigned,5.0,5.0,0.0,1.0,0.0,0.0,0.0058027077,0.0,0,0,0,1,1
49968,-1,1,-0.68370306,0.33543533,0,1,unassigned,61.0,60.0,1.0,0.9836066,0.016393442,0.016393423,0.114119925,0.0018708183,1,0,0,0,0
49969,-1,0,1.1968708,0.76796764,1,1,unassigned,7.0,7.0,0.0,1.0,0.0,0.0,0.00967118,0.0,0,0,0,1,0
49970,-1,0,2.5116804,0.9249566,1,1,unassigned,2.0,2.0,0.0,1.0,0.0,0.0,0.0,0.0,0,0,0,1,1
49971,-1,0,4.944926,0.9929309,1,1,unassigned,12.0,11.0,1.0,0.9166667,0.083333336,0.08333331,0.01934236,0.0016118633,0,0,0,1,1
49972,-1,0,0.79505235,0.68891513,1,1,unassigned,8.0,7.0,1.0,0.875,0.125,0.125,0.0116054155,0.0014506769,0,0,0,1,0
49973,-1,1,0.047367692,0.51183975,1,1,unassigned,4.0,4.0,0.0,1.0,0.0,0.0,0.003868472,0.0,1,0,0,1,0
49974,-1,0,4.1231017,0.98406386,1,1,unassigned,10.0,10.0,0.0,1.0,0.0,0.0,0.015473888,0.0,0,0,0,1,1
49975,-1,0,4.8984213,0.99259686,1,1,unassigned,4.0,4.0,0.0,1.0,0.0,0.0,0.003868472,0.0,0,0,0,1,1
49976,-1,0,-0.66599447,0.33939433,0,1,unassigned,4.0,4.0,0.0,1.0,0.0,0.0,0.003868472,0.0,0,0,0,0,0
49977,-1,1,0.34417874,0.58520526,1,1,unassigned,11.0,11.0,0.0,1.0,0.0,0.0,0.017408123,0.0,1,0,0,1,0
49978,-1,1,-0.064339936,0.48392054,0,1,unassigned,8.0,8.0,0.0,1.0,0.0,0.0,0.0116054155,0.0,1,0,0,0,0
49979,-1,1,0.31269097,0.57754195,1,1,unassigned,8.0,8.0,0.0,1.0,0.0,0.0,0.0116054155,0.0,1,0,0,1,0
49980,-1,1,1.1187222,0.75375164,1,1,unassigned,11.0,10.0,1.0,0.90909094,0.09090909,0.090909064,0.017408123,0.0015825568,1,0,0,1,0
49981,-1,1,-0.44582555,0.39035374,0,1,unassigned,42.0,41.0,1.0,0.97619045,0.023809524,0.023809552,0.07736944,0.0018421295,1,0,0,0,0
49982,-1,0,-0.49203658,0.3794139,0,1,unassigned,4.0,4.0,0.0,1.0,0.0,0.0,0.003868472,0.0,0,0,0,0,0
49983,-1,1,-0.003106296,0.49922344,0,1,unassigned,2.0,2.0,0.0,1.0,0.0,0.0,0.0,0.0,1,0,0,0,0
49984,-1,0,4.6121907,0.9901676,1,1,unassigned,6.0,5.0,1.0,0.8333333,0.16666667,0.16666669,0.007736944,0.0012894907,0,0,0,1,1
49985,-1,1,1.0802376,0.74653894,1,1,unassigned,2.0,1.0,1.0,0.5,0.5,0.5,0.0,0.0,1,0,0,1,0
49986,1,0,-0.16626224,0.45852995,0,1,unassigned,45.0,45.0,0.0,1.0,0.0,0.0,0.08317215,0.0,0,0,0,0,0
49987,-1,0,-0.5633339,0.3627764,0,1,unassigned,6.0,6.0,0.0,1.0,0.0,0.0,0.007736944,0.0,0,0,0,0,0
49988,-1,1,-0.6130439,0.35136515,0,1,unassigned,2.0,1.0,1.0,0.5,0.5,0.5,0.0,0.0,1,0,0,0,0
49989,0,1,-0.68274647,0.33564863,0,0,unassigned,3.0,3.0,0.0,1.0,0.0,0.0,0.001934236,0.0,1,0,1,0,0
49990,0,0,-0.96821445,0.27523655,0,0,unassigned,2.0,2.0,0.0,1.0,0.0,0.0,0.0,0.0,0,0,1,0,0
49991,-1,1,1.3962786,0.80159265,1,1,unassigned,9.0,7.0,2.0,0.7777778,0.22222222,0.22222221,0.013539651,0.0030088115,1,0,0,1,0
49992,-1,1,2.118693,0.8927068,1,1,unassigned,4.0,4.0,0.0,1.0,0.0,0.0,0.003868472,0.0,1,0,0,1,0
49993,-1,0,0.1156798,0.52888775,1,1,unassigned,4.0,4.0,0.0,1.0,0.0,0.0,0.003868472,0.0,0,0,0,1,0
49994,-1,0,-0.077088,0.4807375,0,1,unassigned,25.0,25.0,0.0,1.0,0.0,0.0,0.044487428,0.0,0,0,0,0,0
49995,-1,0,-0.45707083,0.38768092,0,1,unassigned,2.0,2.0,0.0,1.0,0.0,0.0,0.0,0.0,0,0,0,0,0
49996,-1,1,2.7043686,0.93728393,1,1,unassigned,20.0,19.0,1.0,0.95,0.05,0.050000012,0.034816246,0.0017408123,1,0,0,1,1
49997,-1,1,1.1672676,0.7626508,1,1,unassigned,3.0,3.0,0.0,1.0,0.0,0.0,0.001934236,0.0,1,0,0,1,0
49998,-1,1,2.1330125,0.8940706,1,1,unassigned,46.0,43.0,3.0,0.9347826,0.06521739,0.065217376,0.08510638,0.005550416,1,0,0,1,0
49999,-1,1,1.0690796,0.74442184,1,1,unassigned,20.0,12.0,8.0,0.6,0.4,0.39999998,0.034816246,0.013926499,1,0,0,1,0
50000,-1,1,0.7444156,0.6779607,1,1,unassigned,9.0,9.0,0.0,1.0,0.0,0.0,0.013539651,0.0,1,0,0,1,0
50001,-1,1,1.6575861,0.8399137,1,1,unassigned,41.0,40.0,1.0,0.9756098,0.024390243,0.02439022,0.07543521,0.001839883,1,0,0,1,0
50002,-1,1,2.196462,0.8999313,1,1,unassigned,12.0,12.0,0.0,1.0,0.0,0.0,0.01934236,0.0,1,0,0,1,0
50003,-1,1,1.912566,0.87130713,1,1,unassigned,5.0,5.0,0.0,1.0,0.0,0.0,0.0058027077,0.0,1,0,0,1,0
50004,-1,1,0.11317611,0.52826387,1,1,unassigned,6.0,6.0,0.0,1.0,0.0,0.0,0.007736944,0.0,1,0,0,1,0
50005,-1,0,6.465074,0.9984456,1,1,unassigned,2.0,2.0,0.0,1.0,0.0,0.0,0.0,0.0,0,0,0,1,1
50006,-1,0,-0.37236494,0.4079697,0,1,unassigned,23.0,23.0,0.0,1.0,0.0,0.0,0.040618956,0.0,0,0,0,0,0
50007,-1,0,-0.05502999,0.48624593,0,1,unassigned,4.0,4.0,0.0,1.0,0.0,0.0,0.003868472,0.0,0,0,0,0,0
50008,-1,0,0.53800017,0.6313471,1,1,unassigned,2.0,2.0,0.0,1.0,0.0,0.0,0.0,0.0,0,0,0,1,0
50009,-1,1,-0.93663585,0.2815804,0,1,unassigned,6.0,5.0,1.0,0.8333333,0.16666667,0.16666669,0.007736944,0.0012894907,1,0,0,0,0
50010,-1,1,5.8550334,0.99714273,1,1,unassigned,47.0,45.0,2.0,0.9574468,0.04255319,0.042553186,0.08704062,0.003703856,1,0,0,1,1
50011,-1,1,0.7064082,0.66960704,1,1,unassigned,2.0,2.0,0.0,1.0,0.0,0.0,0.0,0.0,1,0,0,1,0
50012,-1,0,-0.78222203,0.31384116,0,1,unassigned,11.0,11.0,0.0,1.0,0.0,0.0,0.017408123,0.0,0,0,0,0,0
50013,-1,0,-0.94073415,0.28075206,0,1,unassigned,8.0,8.0,0.0,1.0,0.0,0.0,0.0116054155,0.0,0,0,0,0,0
50014,-1,1,0.1528644,0.53814185,1,1,unassigned,56.0,54.0,2.0,0.96428573,0.035714287,0.03571427,0.10444874,0.0037303125,1,0,0,1,0
50015,-1,0,7.5785375,0.99948895,1,1,unassigned,21.0,18.0,3.0,0.85714287,0.14285715,0.14285713,0.036750484,0.0052500693,0,0,0,1,1
50016,-1,1,-0.29381526,0.42707008,0,1,unassigned,18.0,17.0,1.0,0.9444444,0.055555556,0.055555582,0.030947777,0.0017193209,1,0,0,0,0
50017,-1,0,-0.23795193,0.44079113,0,1,unassigned,2.0,2.0,0.0,1.0,0.0,0.0,0.0,0.0,0,0,0,0,0
50018,-1,1,-0.6245516,0.348747,0,1,unassigned,5.0,5.0,0.0,1.0,0.0,0.0,0.0058027077,0.0,1,0,0,0,0
50019,-1,1,1.2096457,0.7702363,1,1,unassigned,14.0,13.0,1.0,0.9285714,0.071428575,0.0714286,0.023210831,0.0016579166,1,0,0,1,0
50020,-1,1,1.6874645,0.84389037,1,1,unassigned,24.0,24.0,0.0,1.0,0.0,0.0,0.04255319,0.0,1,0,0,1,0
50021,-1,1,4.4186025,0.9880924,1,1,unassigned,26.0,23.0,3.0,0.88461536,0.115384616,0.11538464,0.046421662,0.005356346,1,0,0,1,1
50022,-1,1,5.550999,0.9961314,1,1,unassigned,28.0,28.0,0.0,1.0,0.0,0.0,0.050290134,0.0,1,0,0,1,1
50023,-1,1,1.5913548,0.8308066,1,1,unassigned,16.0,16.0,0.0,1.0,0.0,0.0,0.027079303,0.0,1,0,0,1,0
50024,-1,0,3.0811217,0.95610726,1,1,unassigned,4.0,4.0,0.0,1.0,0.0,0.0,0.003868472,0.0,0,0,0,1,1
50025,-1,1,1.2483754,0.77701855,1,1,unassigned,16.0,15.0,1.0,0.9375,0.0625,0.0625,0.027079303,0.0016924564,1,0,0,1,0
50026,-1,1,2.593558,0.9304458,1,1,unassigned,26.0,26.0,0.0,1.0,0.0,0.0,0.046421662,0.0,1,0,0,1,1
50027,-1,1,1.5797799,0.8291733,1,1,unassigned,2.0,1.0,1.0,0.5,0.5,0.5,0.0,0.0,1,0,0,1,0
50028,-1,1,0.42928022,0.6057018,1,1,unassigned,43.0,43.0,0.0,1.0,0.0,0.0,0.079303674,0.0,1,0,0,1,0
50029,-1,1,-0.67353237,0.33770636,0,1,unassigned,11.0,8.0,3.0,0.72727275,0.27272728,0.27272725,0.017408123,0.00474767,1,0,0,0,0
50030,-1,1,2.3930998,0.9162996,1,1,unassigned,56.0,51.0,5.0,0.91071427,0.08928572,0.08928573,0.10444874,0.009325781,1,0,0,1,1
50031,-1,1,-0.27094266,0.4326757,0,1,unassigned,13.0,12.0,1.0,0.9230769,0.07692308,0.07692307,0.021276595,0.0016366612,1,0,0,0,0
50032,-1,1,0.9774118,0.7265943,1,1,unassigned,6.0,6.0,0.0,1.0,0.0,0.0,0.007736944,0.0,1,0,0,1,0
50033,0,1,0.7102526,0.67045695,1,1,unassigned,10.0,8.0,2.0,0.8,0.2,0.19999999,0.015473888,0.0030947777,1,0,0,1,0
50034,-1,1,5.417663,0.99558216,1,1,unassigned,18.0,17.0,1.0,0.9444444,0.055555556,0.055555582,0.030947777,0.0017193209,1,0,0,1,1
50035,-1,1,3.176534,0.95994157,1,1,unassigned,12.0,12.0,0.0,1.0,0.0,0.0,0.01934236,0.0,1,0,0,1,1
50036,-1,0,-1.0373325,0.26166502,0,1,unassigned,2.0,2.0,0.0,1.0,0.0,0.0,0.0,0.0,0,0,0,0,0
50037,-1,1,0.3228892,0.5800282,1,1,unassigned,2.0,2.0,0.0,1.0,0.0,0.0,0.0,0.0,1,0,0,1,0
50038,-1,1,5.5891185,0.99627566,1,1,unassigned,2.0,2.0,0.0,1.0,0.0,0.0,0.0,0.0,1,0,0,1,1
50039,-1,1,-0.5735992,0.36040673,0,1,unassigned,3.0,3.0,0.0,1.0,0.0,0.0,0.001934236,0.0,1,0,0,0,0
50040,-1,1,-0.46629256,0.3854941,0,1,unassigned,12.0,11.0,1.0,0.9166667,0.083333336,0.08333331,0.01934236,0.0016118633,1,0,0,0,0
50041,-1,1,5.402127,0.99551326,1,1,unassigned,74.0,74.0,0.0,1.0,0.0,0.0,0.13926499,0.0,1,0,0,1,1
50042,-1,0,0.21568984,0.5537144,1,1,unassigned,23.0,23.0,0.0,1.0,0.0,0.0,0.040618956,0.0,0,0,0,1,0
50043,-1,0,-0.81099355,0.30767882,0,1,unassigned,32.0,31.0,1.0,0.96875,0.03125,0.03125,0.058027077,0.0018133462,0,0,0,0,0
50044,-1,0,0.7592079,0.6811817,1,1,unassigned,44.0,44.0,0.0,1.0,0.0,0.0,0.08123791,0.0,0,0,0,1,0
50045,-1,0,-0.026228487,0.49344322,0,1,unassigned,8.0,8.0,0.0,1.0,0.0,0.0,0.0116054155,0.0,0,0,0,0,0
50046,-1,1,-0.6485659,0.34331277,0,1,unassigned,7.0,7.0,0.0,1.0,0.0,0.0,0.00967118,0.0,1,0,0,0,0
50047,-1,0,1.5043116,0.8182166,1,1,unassigned,3.0,2.0,1.0,0.6666667,0.33333334,0.3333333,0.001934236,0.00064474536,0,0,0,1,0
50048,-1,0,2.094681,0.89038515,1,1,unassigned,12.0,11.0,1.0,0.9166667,0.083333336,0.08333331,0.01934236,0.0016118633,0,0,0,1,0
50049,-1,0,-0.28212175,0.42993367,0,1,unassigned,16.0,15.0,1.0,0.9375,0.0625,0.0625,0.027079303,0.0016924564,0,0,0,0,0
50050,-1,0,1.4617021,0.81179285,1,1,unassigned,5.0,5.0,0.0,1.0,0.0,0.0,0.0058027077,0.0,0,0,0,1,0
50051,-1,1,-0.7841988,0.31341565,0,1,unassigned,42.0,41.0,1.0,0.97619045,0.023809524,0.023809552,0.07736944,0.0018421295,1,0,0,0,0
50052,-1,1,1.078054,0.7461255,1,1,unassigned,9.0,9.0,0.0,1.0,0.0,0.0,0.013539651,0.0,1,0,0,1,0
50053,-1,1,-0.89454085,0.29017362,0,1,unassigned,112.0,104.0,8.0,0.9285714,0.071428575,0.0714286,0.21276596,0.0151975695,1,0,0,0,0
50054,-1,1,-0.43287152,0.39344084,0,1,unassigned,22.0,21.0,1.0,0.95454544,0.045454547,0.04545456,0.03868472,0.0017583964,1,0,0,0,0
50055,-1,1,1.1169169,0.75341636,1,1,unassigned,2.0,2.0,0.0,1.0,0.0,0.0,0.0,0.0,1,0,0,1,0
50056,-1,1,1.4828327,0.81500006,1,1,unassigned,4.0,4.0,0.0,1.0,0.0,0.0,0.003868472,0.0,1,0,0,1,0
50057,-1,0,-0.9519292,0.278497,0,1,unassigned,22.0,22.0,0.0,1.0,0.0,0.0,0.03868472,0.0,0,0,0,0,0
50058,-1,0,1.1819143,0.76529187,1,1,unassigned,3.0,3.0,0.0,1.0,0.0,0.0,0.001934236,0.0,0,0,0,1,0
50059,1,0,0.54414445,0.63277596,1,0,unassigned,6.0,6.0,0.0,1.0,0.0,0.0,0.007736944,0.0,0,0,1,1,0
50060,-1,0,6.9211507,0.99901426,1,1,unassigned,14.0,13.0,1.0,0.9285714,0.071428575,0.0714286,0.023210831,0.0016579166,0,0,0,1,1
50061,-1,0,-0.39081827,0.40352032,0,1,unassigned,29.0,24.0,5.0,0.82758623,0.1724138,0.17241377,0.05222437,0.009004202,0,0,0,0,0
50062,-1,0,6.5897946,0.99862754,1,1,unassigned,3.0,3.0,0.0,1.0,0.0,0.0,0.001934236,0.0,0,0,0,1,1
50063,-1,0,3.5183966,0.9712068,1,1,unassigned,4.0,1.0,3.0,0.25,0.75,0.75,0.003868472,0.002901354,0,0,0,1,1
50064,-1,0,-0.390193,0.40367085,0,1,unassigned,2.0,2.0,0.0,1.0,0.0,0.0,0.0,0.0,0,0,0,0,0
50065,-1,0,12.94393,0.9999976,1,1,unassigned,7.0,5.0,2.0,0.71428573,0.2857143,0.28571427,0.00967118,0.0027631943,0,0,0,1,1
50066,-1,0,5.807898,0.9970053,1,1,unassigned,29.0,20.0,9.0,0.6896552,0.31034482,0.31034482,0.05222437,0.016207563,0,0,0,1,1
50067,-1,0,2.7495794,0.9398896,1,1,unassigned,2.0,2.0,0.0,1.0,0.0,0.0,0.0,0.0,0,0,0,1,1
50068,-1,1,2.0232348,0.88321507,1,1,unassigned,49.0,49.0,0.0,1.0,0.0,0.0,0.09090909,0.0,1,0,0,1,0
50069,-1,1,2.2562168,0.90518546,1,1,unassigned,35.0,34.0,1.0,0.9714286,0.028571429,0.028571427,0.06382979,0.0018237082,1,0,0,1,1
50070,-1,1,2.2496185,0.9046176,1,1,unassigned,38.0,38.0,0.0,1.0,0.0,0.0,0.06963249,0.0,1,0,0,1,1
50071,0,1,0.39569128,0.597652,1,1,test,14.0,13.0,1.0,0.9285714,0.071428575,0.0714286,0.023210831,0.0016579166,1,0,0,1,0
50072,1,1,5.8335023,0.99708074,1,0,unassigned,6.0,3.0,3.0,0.5,0.5,0.5,0.007736944,0.003868472,1,0,1,1,1
50073,-1,1,1.3216827,0.7894615,1,1,unassigned,3.0,1.0,2.0,0.33333334,0.6666667,0.6666666,0.001934236,0.0012894907,1,0,0,1,0
50074,-1,0,2.3500779,0.91294044,1,1,unassigned,6.0,6.0,0.0,1.0,0.0,0.0,0.007736944,0.0,0,0,0,1,1
50075,-1,1,4.751615,0.9914362,1,1,unassigned,11.0,9.0,2.0,0.8181818,0.18181819,0.18181819,0.017408123,0.0031651135,1,0,0,1,1
50076,-1,1,0.26338238,0.56546754,1,1,unassigned,6.0,6.0,0.0,1.0,0.0,0.0,0.007736944,0.0,1,0,0,1,0
50077,-1,0,3.4805548,0.9701294,1,1,unassigned,13.0,11.0,2.0,0.84615386,0.15384616,0.15384614,0.021276595,0.0032733225,0,0,0,1,1
50078,-1,1,-0.41973737,0.39657956,0,1,unassigned,10.0,9.0,1.0,0.9,0.1,0.100000024,0.015473888,0.0015473888,1,0,0,0,0
50079,-1,0,5.874933,0.99719894,1,1,unassigned,38.0,35.0,3.0,0.92105263,0.078947365,0.078947365,0.06963249,0.005497302,0,0,0,1,1
50080,-1,1,3.1932342,0.9605788,1,1,unassigned,22.0,16.0,6.0,0.72727275,0.27272728,0.27272725,0.03868472,0.010550378,1,0,0,1,1
50081,-1,1,5.9712815,0.99745554,1,1,unassigned,6.0,6.0,0.0,1.0,0.0,0.0,0.007736944,0.0,1,0,0,1,1
50082,-1,0,7.1242566,0.9991953,1,1,unassigned,5.0,5.0,0.0,1.0,0.0,0.0,0.0058027077,0.0,0,0,0,1,1
50083,-1,0,2.400164,0.9168398,1,1,unassigned,9.0,9.0,0.0,1.0,0.0,0.0,0.013539651,0.0,0,0,0,1,1
50084,-1,0,-0.39557904,0.40237498,0,1,unassigned,27.0,27.0,0.0,1.0,0.0,0.0,0.0483559,0.0,0,0,0,0,0
50085,1,0,2.9546301,0.9504819,1,0,val,4.0,4.0,0.0,1.0,0.0,0.0,0.003868472,0.0,0,0,1,1,1
50086,-1,1,1.5843914,0.8298256,1,1,unassigned,6.0,6.0,0.0,1.0,0.0,0.0,0.007736944,0.0,1,0,0,1,0
50087,-1,0,1.5218289,0.82080764,1,1,unassigned,2.0,1.0,1.0,0.5,0.5,0.5,0.0,0.0,0,0,0,1,0
50088,-1,1,2.6737945,0.9354625,1,1,unassigned,2.0,2.0,0.0,1.0,0.0,0.0,0.0,0.0,1,0,0,1,1
50089,-1,1,4.0373063,0.98266107,1,1,unassigned,10.0,9.0,1.0,0.9,0.1,0.100000024,0.015473888,0.0015473888,1,0,0,1,1
50090,-1,0,-0.20599192,0.44868335,0,1,unassigned,14.0,14.0,0.0,1.0,0.0,0.0,0.023210831,0.0,0,0,0,0,0
50091,1,0,2.430188,0.91910046,1,0,test,2.0,2.0,0.0,1.0,0.0,0.0,0.0,0.0,0,0,1,1,1
50092,-1,1,3.7745817,0.97756803,1,1,unassigned,6.0,5.0,1.0,0.8333333,0.16666667,0.16666669,0.007736944,0.0012894907,1,0,0,1,1
50093,1,1,0.21413475,0.55333006,1,0,unassigned,2.0,1.0,1.0,0.5,0.5,0.5,0.0,0.0,1,0,1,1,0
50094,-1,0,2.0420704,0.88514394,1,1,unassigned,8.0,8.0,0.0,1.0,0.0,0.0,0.0116054155,0.0,0,0,0,1,0
50095,-1,0,4.9596505,0.9930335,1,1,unassigned,11.0,11.0,0.0,1.0,0.0,0.0,0.017408123,0.0,0,0,0,1,1
50096,-1,0,-0.68638027,0.3348388,0,1,unassigned,13.0,13.0,0.0,1.0,0.0,0.0,0.021276595,0.0,0,0,0,0,0
50097,-1,0,4.8938107,0.99256295,1,1,unassigned,14.0,13.0,1.0,0.9285714,0.071428575,0.0714286,0.023210831,0.0016579166,0,0,0,1,1
50098,-1,0,3.214615,0.9613806,1,1,unassigned,4.0,3.0,1.0,0.75,0.25,0.25,0.003868472,0.000967118,0,0,0,1,1
50099,-1,0,4.073928,0.98327404,1,1,unassigned,7.0,6.0,1.0,0.85714287,0.14285715,0.14285713,0.00967118,0.0013815971,0,0,0,1,1
50100,-1,0,0.24750245,0.56156164,1,1,unassigned,3.0,3.0,0.0,1.0,0.0,0.0,0.001934236,0.0,0,0,0,1,0
50101,1,1,0.42869633,0.6055623,1,0,test,18.0,15.0,3.0,0.8333333,0.16666667,0.16666669,0.030947777,0.005157963,1,0,1,1,0
50102,-1,1,3.4287345,0.9685906,1,1,unassigned,45.0,42.0,3.0,0.93333334,0.06666667,0.06666666,0.08317215,0.00554481,1,0,0,1,1
50103,-1,1,1.8936794,0.8691745,1,1,unassigned,30.0,28.0,2.0,0.93333334,0.06666667,0.06666666,0.054158606,0.003610574,1,0,0,1,0
50104,-1,0,0.30643243,0.5760142,1,1,unassigned,11.0,10.0,1.0,0.90909094,0.09090909,0.090909064,0.017408123,0.0015825568,0,0,0,1,0
50105,-1,0,-0.09916723,0.4752285,0,1,unassigned,4.0,4.0,0.0,1.0,0.0,0.0,0.003868472,0.0,0,0,0,0,0
50106,-1,0,5.6787143,0.99659365,1,1,unassigned,3.0,3.0,0.0,1.0,0.0,0.0,0.001934236,0.0,0,0,0,1,1
50107,-1,0,0.8343435,0.69727254,1,1,unassigned,2.0,2.0,0.0,1.0,0.0,0.0,0.0,0.0,0,0,0,1,0
50108,-1,0,6.924889,0.99901795,1,1,unassigned,2.0,2.0,0.0,1.0,0.0,0.0,0.0,0.0,0,0,0,1,1
50109,-1,0,3.9689,0.98145616,1,1,unassigned,5.0,4.0,1.0,0.8,0.2,0.19999999,0.0058027077,0.0011605415,0,0,0,1,1
50110,1,0,7.6860547,0.99954104,1,0,unassigned,6.0,6.0,0.0,1.0,0.0,0.0,0.007736944,0.0,0,0,1,1,1
50111,-1,1,-0.15274203,0.46188858,0,1,unassigned,24.0,23.0,1.0,0.9583333,0.041666668,0.041666687,0.04255319,0.0017730496,1,0,0,0,0
50112,-1,1,0.09278327,0.5231792,1,1,unassigned,18.0,17.0,1.0,0.9444444,0.055555556,0.055555582,0.030947777,0.0017193209,1,0,0,1,0
50113,-1,0,-0.3968334,0.40207338,0,1,unassigned,20.0,20.0,0.0,1.0,0.0,0.0,0.034816246,0.0,0,0,0,0,0
50114,-1,0,-0.41998872,0.39651942,0,1,unassigned,23.0,22.0,1.0,0.95652175,0.04347826,0.04347825,0.040618956,0.0017660416,0,0,0,0,0
50115,-1,0,0.65507346,0.6581528,1,1,unassigned,2.0,2.0,0.0,1.0,0.0,0.0,0.0,0.0,0,0,0,1,0
50116,0,1,-0.07775593,0.48057082,0,0,unassigned,2.0,1.0,1.0,0.5,0.5,0.5,0.0,0.0,1,0,1,0,0
50117,-1,1,3.9370182,0.9808669,1,1,unassigned,4.0,4.0,0.0,1.0,0.0,0.0,0.003868472,0.0,1,0,0,1,1
50118,-1,0,3.0221283,0.95356387,1,1,unassigned,4.0,3.0,1.0,0.75,0.25,0.25,0.003868472,0.000967118,0,0,0,1,1
50119,1,0,0.10446423,0.52609235,1,0,val,32.0,32.0,0.0,1.0,0.0,0.0,0.058027077,0.0,0,0,1,1,0
50120,-1,0,-0.12659886,0.4683925,0,1,unassigned,10.0,10.0,0.0,1.0,0.0,0.0,0.015473888,0.0,0,0,0,0,0
50121,1,1,3.3404915,0.96579206,1,0,unassigned,11.0,10.0,1.0,0.90909094,0.09090909,0.090909064,0.017408123,0.0015825568,1,0,1,1,1
50122,-1,1,0.47246283,0.61596656,1,1,unassigned,2.0,2.0,0.0,1.0,0.0,0.0,0.0,0.0,1,0,0,1,0
50123,-1,1,4.470516,0.98868805,1,1,unassigned,5.0,5.0,0.0,1.0,0.0,0.0,0.0058027077,0.0,1,0,0,1,1
50124,-1,0,0.8670841,0.7041386,1,1,unassigned,3.0,3.0,0.0,1.0,0.0,0.0,0.001934236,0.0,0,0,0,1,0
50125,-1,1,0.29429108,0.5730464,1,1,unassigned,29.0,28.0,1.0,0.9655172,0.03448276,0.034482777,0.05222437,0.0018008404,1,0,0,1,0
50126,-1,1,-0.7977878,0.31049892,0,1,unassigned,37.0,35.0,2.0,0.9459459,0.054054055,0.05405408,0.06769826,0.0036593657,1,0,0,0,0
50127,-1,1,-0.51915705,0.37304935,0,1,unassigned,11.0,11.0,0.0,1.0,0.0,0.0,0.017408123,0.0,1,0,0,0,0
50128,-1,1,0.118456066,0.5295794,1,1,unassigned,5.0,5.0,0.0,1.0,0.0,0.0,0.0058027077,0.0,1,0,0,1,0
50129,-1,1,-0.51648986,0.37367338,0,1,unassigned,33.0,30.0,3.0,0.90909094,0.09090909,0.090909064,0.059961315,0.0054510287,1,0,0,0,0
50130,-1,1,-0.5583223,0.36393574,0,1,unassigned,116.0,109.0,7.0,0.9396552,0.060344826,0.060344815,0.2205029,0.013306209,1,0,0,0,0
50131,-1,1,-0.38072234,0.4059527,0,1,unassigned,18.0,18.0,0.0,1.0,0.0,0.0,0.030947777,0.0,1,0,0,0,0
50132,-1,0,2.3068888,0.909446,1,1,unassigned,2.0,2.0,0.0,1.0,0.0,0.0,0.0,0.0,0,0,0,1,1
50133,-1,0,-0.5199605,0.37286144,0,1,unassigned,4.0,4.0,0.0,1.0,0.0,0.0,0.003868472,0.0,0,0,0,0,0
50134,-1,0,-0.28207713,0.4299446,0,1,unassigned,8.0,8.0,0.0,1.0,0.0,0.0,0.0116054155,0.0,0,0,0,0,0
50135,-1,1,-0.72622544,0.3260236,0,1,unassigned,34.0,28.0,6.0,0.8235294,0.1764706,0.17647058,0.061895553,0.010922745,1,0,0,0,0
50136,-1,0,0.10905832,0.5272376,1,1,unassigned,4.0,4.0,0.0,1.0,0.0,0.0,0.003868472,0.0,0,0,0,1,0
50137,-1,1,0.38048,0.5939889,1,1,unassigned,6.0,6.0,0.0,1.0,0.0,0.0,0.007736944,0.0,1,0,0,1,0
50138,-1,1,-0.2180089,0.44571266,0,1,unassigned,9.0,9.0,0.0,1.0,0.0,0.0,0.013539651,0.0,1,0,0,0,0
50139,-1,1,-0.36142448,0.41061476,0,1,unassigned,21.0,21.0,0.0,1.0,0.0,0.0,0.036750484,0.0,1,0,0,0,0
50140,-1,1,0.7272801,0.6742081,1,1,unassigned,21.0,21.0,0.0,1.0,0.0,0.0,0.036750484,0.0,1,0,0,1,0
50141,-1,0,-0.2707492,0.4327232,0,1,unassigned,2.0,2.0,0.0,1.0,0.0,0.0,0.0,0.0,0,0,0,0,0
50142,-1,0,0.68694144,0.6652862,1,1,unassigned,4.0,4.0,0.0,1.0,0.0,0.0,0.003868472,0.0,0,0,0,1,0
50143,-1,0,-0.73513794,0.32406825,0,1,unassigned,3.0,3.0,0.0,1.0,0.0,0.0,0.001934236,0.0,0,0,0,0,0
50144,-1,1,2.921325,0.94889057,1,1,unassigned,4.0,3.0,1.0,0.75,0.25,0.25,0.003868472,0.000967118,1,0,0,1,1
50145,1,1,2.2282605,0.9027588,1,0,test,20.0,20.0,0.0,1.0,0.0,0.0,0.034816246,0.0,1,0,1,1,1
50146,-1,1,1.8127334,0.8596919,1,1,unassigned,28.0,27.0,1.0,0.96428573,0.035714287,0.03571427,0.050290134,0.0017960763,1,0,0,1,0
50147,-1,1,14.367056,0.9999994,1,1,unassigned,13.0,8.0,5.0,0.61538464,0.3846154,0.38461536,0.021276595,0.008183306,1,0,0,1,1
50148,-1,1,1.2486186,0.7770606,1,1,unassigned,17.0,17.0,0.0,1.0,0.0,0.0,0.029013539,0.0,1,0,0,1,0
50149,0,0,-2.1427522,0.10501044,0,0,unassigned,2.0,2.0,0.0,1.0,0.0,0.0,0.0,0.0,0,0,1,0,0
50150,1,0,5.186211,0.99443793,1,0,unassigned,2.0,1.0,1.0,0.5,0.5,0.5,0.0,0.0,0,0,1,1,1
50151,-1,0,0.22145343,0.55513823,1,1,unassigned,14.0,14.0,0.0,1.0,0.0,0.0,0.023210831,0.0,0,0,0,1,0
50152,-1,1,-0.3418097,0.41536996,0,1,unassigned,12.0,12.0,0.0,1.0,0.0,0.0,0.01934236,0.0,1,0,0,0,0
50153,-1,1,-1.1711948,0.2366391,0,1,unassigned,2.0,2.0,0.0,1.0,0.0,0.0,0.0,0.0,1,0,0,0,0
50154,-1,0,-0.045947254,0.4885152,0,1,unassigned,3.0,1.0,2.0,0.33333334,0.6666667,0.6666666,0.001934236,0.0012894907,0,0,0,0,0
50155,-1,0,7.5215526,0.99945897,1,1,unassigned,2.0,2.0,0.0,1.0,0.0,0.0,0.0,0.0,0,0,0,1,1
50156,-1,1,1.154799,0.76038635,1,1,unassigned,23.0,19.0,4.0,0.82608694,0.17391305,0.17391306,0.040618956,0.0070641665,1,0,0,1,0
50157,-1,0,0.31427413,0.5779282,1,1,unassigned,11.0,11.0,0.0,1.0,0.0,0.0,0.017408123,0.0,0,0,0,1,0
50158,-1,1,3.1755369,0.95990324,1,1,unassigned,13.0,7.0,6.0,0.53846157,0.46153846,0.46153843,0.021276595,0.009819967,1,0,0,1,1
50159,-1,0,-0.08619863,0.47846368,0,1,unassigned,13.0,13.0,0.0,1.0,0.0,0.0,0.021276595,0.0,0,0,0,0,0
50160,-1,1,2.7035518,0.9372359,1,1,unassigned,3.0,3.0,0.0,1.0,0.0,0.0,0.001934236,0.0,1,0,0,1,1
50161,-1,1,4.3374643,0.987099,1,1,unassigned,20.0,19.0,1.0,0.95,0.05,0.050000012,0.034816246,0.0017408123,1,0,0,1,1
50162,-1,1,-0.13889721,0.46533144,0,1,unassigned,8.0,4.0,4.0,0.5,0.5,0.5,0.0116054155,0.0058027077,1,0,0,0,0
50163,1,1,-0.11185902,0.47206435,0,1,unassigned,5.0,5.0,0.0,1.0,0.0,0.0,0.0058027077,0.0,1,0,0,0,0
50164,-1,1,0.31728297,0.5786619,1,1,unassigned,19.0,18.0,1.0,0.94736844,0.05263158,0.052631557,0.032882012,0.0017306323,1,0,0,1,0
50165,-1,0,1.6441114,0.83809364,1,1,unassigned,9.0,9.0,0.0,1.0,0.0,0.0,0.013539651,0.0,0,0,0,1,0
50166,-1,1,-0.8290698,0.30384177,0,1,unassigned,19.0,15.0,4.0,0.7894737,0.21052632,0.21052629,0.032882012,0.006922529,1,0,0,0,0
50167,-1,1,-0.9079903,0.28741127,0,1,unassigned,40.0,36.0,4.0,0.9,0.1,0.100000024,0.07350097,0.007350097,1,0,0,0,0
50168,-1,1,2.627054,0.93258256,1,1,unassigned,40.0,39.0,1.0,0.975,0.025,0.024999976,0.07350097,0.0018375242,1,0,0,1,1
50169,-1,1,0.7831672,0.68636227,1,1,unassigned,81.0,79.0,2.0,0.97530866,0.024691358,0.024691343,0.15280464,0.0037729542,1,0,0,1,0
50170,-1,0,-0.18680039,0.45343524,0,1,unassigned,2.0,2.0,0.0,1.0,0.0,0.0,0.0,0.0,0,0,0,0,0
50171,1,1,0.96891385,0.7249029,1,0,val,8.0,8.0,0.0,1.0,0.0,0.0,0.0116054155,0.0,1,0,1,1,0
50172,-1,0,1.2409916,0.7757366,1,1,unassigned,3.0,3.0,0.0,1.0,0.0,0.0,0.001934236,0.0,0,0,0,1,0
50173,-1,1,-0.56348974,0.3627404,0,1,unassigned,101.0,100.0,1.0,0.990099,0.00990099,0.009900987,0.19148937,0.0018959343,1,0,0,0,0
50174,-1,0,6.4351788,0.9983985,1,1,unassigned,4.0,3.0,1.0,0.75,0.25,0.25,0.003868472,0.000967118,0,0,0,1,1
50175,-1,0,0.34554917,0.5855378,1,1,unassigned,3.0,3.0,0.0,1.0,0.0,0.0,0.001934236,0.0,0,0,0,1,0
50176,-1,1,9.920799,0.9999509,1,1,unassigned,3.0,2.0,1.0,0.6666667,0.33333334,0.3333333,0.001934236,0.00064474536,1,0,0,1,1
50177,-1,1,3.518925,0.9712215,1,1,unassigned,35.0,24.0,11.0,0.6857143,0.31428573,0.3142857,0.06382979,0.02006079,1,0,0,1,1
50178,-1,1,2.077021,0.88864964,1,1,unassigned,14.0,14.0,0.0,1.0,0.0,0.0,0.023210831,0.0,1,0,0,1,0
50179,-1,1,1.4137597,0.80435824,1,1,unassigned,60.0,58.0,2.0,0.96666664,0.033333335,0.03333336,0.11218569,0.003739523,1,0,0,1,0
50180,-1,1,2.5751867,0.9292475,1,1,unassigned,21.0,20.0,1.0,0.95238096,0.04761905,0.047619045,0.036750484,0.0017500231,1,0,0,1,1
50181,0,1,-0.84130025,0.301261,0,0,train,42.0,42.0,0.0,1.0,0.0,0.0,0.07736944,0.0,1,0,1,0,0
50182,-1,0,10.370302,0.99996865,1,1,unassigned,2.0,2.0,0.0,1.0,0.0,0.0,0.0,0.0,0,0,0,1,1
50183,-1,1,-0.8938297,0.29032016,0,1,unassigned,29.0,29.0,0.0,1.0,0.0,0.0,0.05222437,0.0,1,0,0,0,0
50184,-1,1,-0.8207892,0.30559617,0,1,unassigned,48.0,47.0,1.0,0.9791667,0.020833334,0.020833313,0.088974856,0.0018536429,1,0,0,0,0
50185,-1,1,3.8649046,0.97946554,1,1,unassigned,3.0,3.0,0.0,1.0,0.0,0.0,0.001934236,0.0,1,0,0,1,1
50186,-1,1,-0.87166023,0.29490897,0,1,unassigned,36.0,36.0,0.0,1.0,0.0,0.0,0.065764025,0.0,1,0,0,0,0
50187,-1,1,-0.17032415,0.45752165,0,1,unassigned,22.0,21.0,1.0,0.95454544,0.045454547,0.04545456,0.03868472,0.0017583964,1,0,0,0,0
50188,-1,1,1.3750055,0.79818773,1,1,unassigned,8.0,7.0,1.0,0.875,0.125,0.125,0.0116054155,0.0014506769,1,0,0,1,0
50189,-1,1,3.8605978,0.97937876,1,1,unassigned,38.0,36.0,2.0,0.94736844,0.05263158,0.052631557,0.06963249,0.0036648682,1,0,0,1,1
50190,-1,1,1.6514342,0.83908474,1,1,unassigned,30.0,26.0,4.0,0.8666667,0.13333334,0.13333333,0.054158606,0.007221148,1,0,0,1,0
50191,-1,1,2.9998896,0.9525692,1,1,unassigned,27.0,25.0,2.0,0.9259259,0.074074075,0.07407409,0.0483559,0.0035819185,1,0,0,1,1
50192,1,1,3.1054323,0.95711625,1,0,unassigned,8.0,7.0,1.0,0.875,0.125,0.125,0.0116054155,0.0014506769,1,0,1,1,1
50193,-1,1,2.6414278,0.9334806,1,1,unassigned,14.0,12.0,2.0,0.85714287,0.14285715,0.14285713,0.023210831,0.0033158332,1,0,0,1,1
50194,-1,1,2.8780582,0.94675106,1,1,unassigned,13.0,12.0,1.0,0.9230769,0.07692308,0.07692307,0.021276595,0.0016366612,1,0,0,1,1
50195,-1,0,-0.08374277,0.47907653,0,1,unassigned,2.0,2.0,0.0,1.0,0.0,0.0,0.0,0.0,0,0,0,0,0
50196,-1,1,1.9456396,0.8749704,1,1,unassigned,21.0,20.0,1.0,0.95238096,0.04761905,0.047619045,0.036750484,0.0017500231,1,0,0,1,0
50197,-1,0,-0.41271386,0.39826158,0,1,unassigned,3.0,3.0,0.0,1.0,0.0,0.0,0.001934236,0.0,0,0,0,0,0
50198,-1,0,0.52137786,0.6274699,1,1,unassigned,2.0,2.0,0.0,1.0,0.0,0.0,0.0,0.0,0,0,0,1,0
50199,-1,1,3.1772807,0.95997024,1,1,unassigned,5.0,4.0,1.0,0.8,0.2,0.19999999,0.0058027077,0.0011605415,1,0,0,1,1
50200,-1,1,2.0115087,0.88200015,1,1,unassigned,36.0,34.0,2.0,0.9444444,0.055555556,0.055555582,0.065764025,0.003653557,1,0,0,1,0
50201,-1,1,2.903269,0.94800776,1,1,unassigned,41.0,41.0,0.0,1.0,0.0,0.0,0.07543521,0.0,1,0,0,1,1
50202,-1,1,0.47582978,0.61676264,1,1,unassigned,11.0,11.0,0.0,1.0,0.0,0.0,0.017408123,0.0,1,0,0,1,0
50203,-1,1,3.9134715,0.98042,1,1,unassigned,50.0,48.0,2.0,0.96,0.04,0.04000002,0.092843324,0.0037137328,1,0,0,1,1
50204,1,1,1.85148,0.8643008,1,0,test,17.0,17.0,0.0,1.0,0.0,0.0,0.029013539,0.0,1,0,1,1,0
50205,-1,0,2.1264875,0.8934511,1,1,unassigned,3.0,3.0,0.0,1.0,0.0,0.0,0.001934236,0.0,0,0,0,1,0
50206,0,0,-0.40738717,0.39953882,0,0,val,13.0,13.0,0.0,1.0,0.0,0.0,0.021276595,0.0,0,0,1,0,0
50207,-1,0,1.6569223,0.83982444,1,1,unassigned,3.0,3.0,0.0,1.0,0.0,0.0,0.001934236,0.0,0,0,0,1,0
50208,0,1,0.8674875,0.7042226,1,1,unassigned,16.0,12.0,4.0,0.75,0.25,0.25,0.027079303,0.0067698257,1,0,0,1,0
50209,-1,0,0.29051822,0.572123,1,1,unassigned,2.0,2.0,0.0,1.0,0.0,0.0,0.0,0.0,0,0,0,1,0
50210,-1,0,1.0037861,0.7318023,1,1,unassigned,2.0,2.0,0.0,1.0,0.0,0.0,0.0,0.0,0,0,0,1,0
50211,-1,1,8.91772,0.999866,1,1,unassigned,2.0,1.0,1.0,0.5,0.5,0.5,0.0,0.0,1,0,0,1,1
50212,0,0,-0.82568175,0.3045589,0,0,test,2.0,2.0,0.0,1.0,0.0,0.0,0.0,0.0,0,0,1,0,0
50213,1,0,-0.5981647,0.35476372,0,1,unassigned,21.0,21.0,0.0,1.0,0.0,0.0,0.036750484,0.0,0,0,0,0,0
50214,-1,0,-0.82800424,0.30406722,0,1,unassigned,2.0,2.0,0.0,1.0,0.0,0.0,0.0,0.0,0,0,0,0,0
50215,-1,1,2.0831213,0.88925177,1,1,unassigned,2.0,2.0,0.0,1.0,0.0,0.0,0.0,0.0,1,0,0,1,0
50216,-1,0,5.5862083,0.99626476,1,1,unassigned,2.0,2.0,0.0,1.0,0.0,0.0,0.0,0.0,0,0,0,1,1
50217,-1,1,5.8723726,0.9971917,1,1,unassigned,45.0,44.0,1.0,0.9777778,0.022222223,0.02222222,0.08317215,0.0018482701,1,0,0,1,1
50218,-1,1,2.6373498,0.93322706,1,1,unassigned,9.0,8.0,1.0,0.8888889,0.11111111,0.111111104,0.013539651,0.0015044058,1,0,0,1,1
50219,1,1,2.374707,0.91487813,1,0,unassigned,49.0,47.0,2.0,0.9591837,0.040816326,0.040816307,0.09090909,0.0037105752,1,0,1,1,1
50220,-1,0,-0.61056376,0.3519306,0,1,unassigned,5.0,5.0,0.0,1.0,0.0,0.0,0.0058027077,0.0,0,0,0,0,0
50221,1,1,2.862304,0.94595116,1,0,test,65.0,64.0,1.0,0.9846154,0.015384615,0.0153846145,0.12185687,0.001874721,1,0,1,1,1
50222,-1,1,3.764372,0.9773431,1,1,unassigned,80.0,77.0,3.0,0.9625,0.0375,0.037500024,0.15087041,0.0056576408,1,0,0,1,1
50223,-1,1,1.4551151,0.8107844,1,1,unassigned,41.0,39.0,2.0,0.9512195,0.048780486,0.0487805,0.07543521,0.003679766,1,0,0,1,0
50224,-1,1,3.6168911,0.97383684,1,1,unassigned,13.0,10.0,3.0,0.7692308,0.23076923,0.23076922,0.021276595,0.0049099834,1,0,0,1,1
50225,-1,0,0.39730555,0.5980401,1,1,unassigned,17.0,16.0,1.0,0.9411765,0.05882353,0.058823526,0.029013539,0.0017066788,0,0,0,1,0
50226,1,1,4.4558587,0.9885229,1,0,unassigned,82.0,80.0,2.0,0.9756098,0.024390243,0.02439022,0.15473887,0.0037741186,1,0,1,1,1
50227,-1,0,2.1409528,0.89482033,1,1,unassigned,26.0,26.0,0.0,1.0,0.0,0.0,0.046421662,0.0,0,0,0,1,0
50228,1,0,-0.9293213,0.28306243,0,1,val,13.0,13.0,0.0,1.0,0.0,0.0,0.021276595,0.0,0,0,0,0,0
50229,-1,0,4.223212,0.98556006,1,1,unassigned,10.0,9.0,1.0,0.9,0.1,0.100000024,0.015473888,0.0015473888,0,0,0,1,1
50230,-1,1,2.2507775,0.90471756,1,1,unassigned,2.0,2.0,0.0,1.0,0.0,0.0,0.0,0.0,1,0,0,1,1
50231,0,0,-0.9446581,0.2799604,0,0,unassigned,2.0,2.0,0.0,1.0,0.0,0.0,0.0,0.0,0,0,1,0,0
50232,-1,1,5.441344,0.9956851,1,1,unassigned,5.0,4.0,1.0,0.8,0.2,0.19999999,0.0058027077,0.0011605415,1,0,0,1,1
50233,0,0,-1.0022123,0.26850668,0,0,unassigned,3.0,2.0,1.0,0.6666667,0.33333334,0.3333333,0.001934236,0.00064474536,0,0,1,0,0
50234,-1,1,0.7753667,0.6846807,1,1,unassigned,16.0,16.0,0.0,1.0,0.0,0.0,0.027079303,0.0,1,0,0,1,0
50235,-1,0,0.058782637,0.5146915,1,1,unassigned,10.0,10.0,0.0,1.0,0.0,0.0,0.015473888,0.0,0,0,0,1,0
50236,-1,1,0.93283826,0.7176507,1,1,unassigned,3.0,3.0,0.0,1.0,0.0,0.0,0.001934236,0.0,1,0,0,1,0
50237,-1,1,-0.012026489,0.49699336,0,1,unassigned,54.0,51.0,3.0,0.9444444,0.055555556,0.055555582,0.10058027,0.0055877925,1,0,0,0,0
50238,-1,1,1.5378659,0.8231543,1,1,unassigned,31.0,21.0,10.0,0.67741936,0.32258064,0.32258064,0.056092843,0.018094465,1,0,0,1,0
50239,-1,1,3.7633784,0.9773211,1,1,unassigned,74.0,69.0,5.0,0.9324324,0.067567565,0.06756759,0.13926499,0.0094097955,1,0,0,1,1
50240,-1,1,0.24955481,0.5620669,1,1,unassigned,4.0,4.0,0.0,1.0,0.0,0.0,0.003868472,0.0,1,0,0,1,0
50241,-1,1,1.9294515,0.87318873,1,1,unassigned,4.0,4.0,0.0,1.0,0.0,0.0,0.003868472,0.0,1,0,0,1,0
50242,-1,1,2.1033065,0.89122415,1,1,unassigned,47.0,46.0,1.0,0.9787234,0.021276595,0.021276593,0.08704062,0.001851928,1,0,0,1,0
50243,-1,0,4.1159377,0.9839511,1,1,unassigned,2.0,2.0,0.0,1.0,0.0,0.0,0.0,0.0,0,0,0,1,1
50244,-1,1,0.7757669,0.68476707,1,1,unassigned,29.0,28.0,1.0,0.9655172,0.03448276,0.034482777,0.05222437,0.0018008404,1,0,0,1,0
50245,-1,1,9.2827,0.999907,1,1,unassigned,2.0,2.0,0.0,1.0,0.0,0.0,0.0,0.0,1,0,0,1,1
50246,-1,0,-0.88360536,0.29243124,0,1,unassigned,30.0,29.0,1.0,0.96666664,0.033333335,0.03333336,0.054158606,0.001805287,0,0,0,0,0
50247,1,0,-0.73504305,0.32408905,0,1,train,12.0,12.0,0.0,1.0,0.0,0.0,0.01934236,0.0,0,0,0,0,0
50248,-1,0,0.065595806,0.51639307,1,1,unassigned,3.0,3.0,0.0,1.0,0.0,0.0,0.001934236,0.0,0,0,0,1,0
50249,-1,0,1.4776266,0.8142138,1,1,unassigned,2.0,2.0,0.0,1.0,0.0,0.0,0.0,0.0,0,0,0,1,0
50250,-1,1,-0.080417246,0.4799065,0,1,unassigned,19.0,19.0,0.0,1.0,0.0,0.0,0.032882012,0.0,1,0,0,0,0
50251,-1,0,0.17660338,0.54403645,1,1,unassigned,9.0,9.0,0.0,1.0,0.0,0.0,0.013539651,0.0,0,0,0,1,0
50252,-1,0,-0.6919722,0.33359447,0,1,unassigned,9.0,9.0,0.0,1.0,0.0,0.0,0.013539651,0.0,0,0,0,0,0
50253,-1,1,2.9444573,0.9500008,1,1,unassigned,2.0,2.0,0.0,1.0,0.0,0.0,0.0,0.0,1,0,0,1,1
50254,-1,1,-0.58989364,0.35665926,0,1,unassigned,25.0,23.0,2.0,0.92,0.08,0.07999998,0.044487428,0.003558994,1,0,0,0,0
50255,-1,1,3.5174334,0.9711798,1,1,unassigned,2.0,2.0,0.0,1.0,0.0,0.0,0.0,0.0,1,0,0,1,1
50256,-1,0,-0.026661396,0.49333504,0,1,unassigned,2.0,2.0,0.0,1.0,0.0,0.0,0.0,0.0,0,0,0,0,0
50257,-1,0,2.729944,0.9387706,1,1,unassigned,3.0,2.0,1.0,0.6666667,0.33333334,0.3333333,0.001934236,0.00064474536,0,0,0,1,1
50258,-1,0,-0.1819866,0.45462853,0,1,unassigned,53.0,53.0,0.0,1.0,0.0,0.0,0.09864604,0.0,0,0,0,0,0
50259,-1,0,-0.5004977,0.3774237,0,1,unassigned,49.0,48.0,1.0,0.97959185,0.020408163,0.020408154,0.09090909,0.0018552876,0,0,0,0,0
50260,-1,1,-0.09320021,0.4767168,0,1,unassigned,20.0,20.0,0.0,1.0,0.0,0.0,0.034816246,0.0,1,0,0,0,0
50261,-1,0,-0.41184697,0.39846933,0,1,unassigned,44.0,43.0,1.0,0.97727275,0.022727273,0.022727251,0.08123791,0.0018463163,0,0,0,0,0
50262,-1,0,-0.62914175,0.34770516,0,1,unassigned,42.0,42.0,0.0,1.0,0.0,0.0,0.07736944,0.0,0,0,0,0,0
50263,-1,0,0.25534064,0.56349057,1,1,unassigned,26.0,25.0,1.0,0.96153843,0.03846154,0.038461566,0.046421662,0.0017854486,0,0,0,1,0
50264,-1,0,-0.32506406,0.41944206,0,1,unassigned,26.0,26.0,0.0,1.0,0.0,0.0,0.046421662,0.0,0,0,0,0,0
50265,-1,0,-0.35056883,0.41324446,0,1,unassigned,46.0,46.0,0.0,1.0,0.0,0.0,0.08510638,0.0,0,0,0,0,0
50266,-1,0,-0.8077483,0.3083705,0,1,unassigned,37.0,37.0,0.0,1.0,0.0,0.0,0.06769826,0.0,0,0,0,0,0
50267,-1,1,-0.6615505,0.3403914,0,1,unassigned,73.0,71.0,2.0,0.9726027,0.02739726,0.027397275,0.13733076,0.0037624864,1,0,0,0,0
50268,0,1,-0.79507804,0.31107935,0,0,unassigned,45.0,44.0,1.0,0.9777778,0.022222223,0.02222222,0.08317215,0.0018482701,1,0,1,0,0
50269,-1,1,1.4619205,0.8118262,1,1,unassigned,3.0,3.0,0.0,1.0,0.0,0.0,0.001934236,0.0,1,0,0,1,0
50270,-1,0,1.5638411,0.8269039,1,1,unassigned,2.0,2.0,0.0,1.0,0.0,0.0,0.0,0.0,0,0,0,1,0
50271,-1,0,1.6299081,0.836157,1,1,unassigned,4.0,4.0,0.0,1.0,0.0,0.0,0.003868472,0.0,0,0,0,1,0
50272,-1,0,-0.4349933,0.3929346,0,1,unassigned,4.0,4.0,0.0,1.0,0.0,0.0,0.003868472,0.0,0,0,0,0,0
50273,-1,0,1.6815889,0.8431148,1,1,unassigned,3.0,2.0,1.0,0.6666667,0.33333334,0.3333333,0.001934236,0.00064474536,0,0,0,1,0
50274,-1,0,-0.5269072,0.37123853,0,1,unassigned,6.0,6.0,0.0,1.0,0.0,0.0,0.007736944,0.0,0,0,0,0,0
50275,-1,0,3.6439497,0.9745174,1,1,unassigned,4.0,4.0,0.0,1.0,0.0,0.0,0.003868472,0.0,0,0,0,1,1
50276,-1,0,3.4596674,0.9695181,1,1,unassigned,21.0,19.0,2.0,0.9047619,0.0952381,0.09523809,0.036750484,0.0035000462,0,0,0,1,1
50277,-1,0,0.5527622,0.6347762,1,1,unassigned,7.0,6.0,1.0,0.85714287,0.14285715,0.14285713,0.00967118,0.0013815971,0,0,0,1,0
50278,-1,0,-0.4000288,0.40130544,0,1,unassigned,2.0,2.0,0.0,1.0,0.0,0.0,0.0,0.0,0,0,0,0,0
50279,-1,0,2.1746924,0.8979538,1,1,unassigned,19.0,19.0,0.0,1.0,0.0,0.0,0.032882012,0.0,0,0,0,1,0
50280,-1,0,2.9024813,0.947969,1,1,unassigned,10.0,10.0,0.0,1.0,0.0,0.0,0.015473888,0.0,0,0,0,1,1
50281,-1,1,0.57533246,0.63999265,1,1,unassigned,3.0,1.0,2.0,0.33333334,0.6666667,0.6666666,0.001934236,0.0012894907,1,0,0,1,0
50282,-1,0,6.966124,0.9990576,1,1,unassigned,4.0,1.0,3.0,0.25,0.75,0.75,0.003868472,0.002901354,0,0,0,1,1
50283,-1,0,2.2494323,0.9046015,1,1,unassigned,4.0,4.0,0.0,1.0,0.0,0.0,0.003868472,0.0,0,0,0,1,1
50284,-1,0,14.165013,0.9999993,1,1,unassigned,2.0,2.0,0.0,1.0,0.0,0.0,0.0,0.0,0,0,0,1,1
50285,0,1,0.21057004,0.55244887,1,1,test,7.0,7.0,0.0,1.0,0.0,0.0,0.00967118,0.0,1,0,0,1,0
50286,-1,0,-0.3719403,0.4080723,0,1,unassigned,22.0,22.0,0.0,1.0,0.0,0.0,0.03868472,0.0,0,0,0,0,0
50287,-1,0,-0.2493723,0.43797797,0,1,unassigned,30.0,30.0,0.0,1.0,0.0,0.0,0.054158606,0.0,0,0,0,0,0
50288,-1,0,-0.3667669,0.4093225,0,1,unassigned,20.0,20.0,0.0,1.0,0.0,0.0,0.034816246,0.0,0,0,0,0,0
50289,-1,1,-0.69766223,0.33233073,0,1,unassigned,9.0,7.0,2.0,0.7777778,0.22222222,0.22222221,0.013539651,0.0030088115,1,0,0,0,0
50290,-1,1,0.37569052,0.59283334,1,1,unassigned,55.0,53.0,2.0,0.96363634,0.036363635,0.03636366,0.102514505,0.0037278,1,0,0,1,0
50291,-1,1,-0.81436366,0.3069614,0,1,unassigned,14.0,14.0,0.0,1.0,0.0,0.0,0.023210831,0.0,1,0,0,0,0
50292,0,0,-0.63416594,0.34656653,0,0,unassigned,35.0,35.0,0.0,1.0,0.0,0.0,0.06382979,0.0,0,0,1,0,0
50293,-1,1,2.3759272,0.91497314,1,1,unassigned,13.0,12.0,1.0,0.9230769,0.07692308,0.07692307,0.021276595,0.0016366612,1,0,0,1,1
50294,-1,1,6.830281,0.9989207,1,1,unassigned,9.0,9.0,0.0,1.0,0.0,0.0,0.013539651,0.0,1,0,0,1,1
50295,-1,1,4.2611594,0.9860903,1,1,unassigned,39.0,37.0,2.0,0.94871795,0.051282052,0.05128205,0.07156673,0.0036700887,1,0,0,1,1
50296,-1,1,2.4090044,0.91751134,1,1,unassigned,2.0,1.0,1.0,0.5,0.5,0.5,0.0,0.0,1,0,0,1,1
50297,-1,1,2.985597,0.9519192,1,1,unassigned,15.0,14.0,1.0,0.93333334,0.06666667,0.06666666,0.025145067,0.0016763379,1,0,0,1,1
50298,-1,1,3.8273604,0.9786967,1,1,unassigned,5.0,4.0,1.0,0.8,0.2,0.19999999,0.0058027077,0.0011605415,1,0,0,1,1
50299,-1,1,1.2084129,0.77001804,1,1,unassigned,23.0,22.0,1.0,0.95652175,0.04347826,0.04347825,0.040618956,0.0017660416,1,0,0,1,0
50300,-1,1,0.5373264,0.63119024,1,1,unassigned,46.0,44.0,2.0,0.95652175,0.04347826,0.04347825,0.08510638,0.0037002775,1,0,0,1,0
50301,-1,0,2.008198,0.8816551,1,1,unassigned,3.0,3.0,0.0,1.0,0.0,0.0,0.001934236,0.0,0,0,0,1,0
50302,-1,1,1.3801761,0.7990193,1,1,unassigned,20.0,18.0,2.0,0.9,0.1,0.100000024,0.034816246,0.0034816246,1,0,0,1,0
50303,-1,0,1.479445,0.8144887,1,1,unassigned,4.0,3.0,1.0,0.75,0.25,0.25,0.003868472,0.000967118,0,0,0,1,0
50304,-1,0,1.1167243,0.7533806,1,1,unassigned,17.0,15.0,2.0,0.88235295,0.11764706,0.11764705,0.029013539,0.0034133575,0,0,0,1,0
50305,1,1,7.847285,0.9996094,1,0,unassigned,3.0,3.0,0.0,1.0,0.0,0.0,0.001934236,0.0,1,0,1,1,1
50306,-1,0,0.5503736,0.63422227,1,1,unassigned,7.0,7.0,0.0,1.0,0.0,0.0,0.00967118,0.0,0,0,0,1,0
50307,-1,0,0.15959215,0.5398136,1,1,unassigned,7.0,7.0,0.0,1.0,0.0,0.0,0.00967118,0.0,0,0,0,1,0
50308,-1,0,-0.5057491,0.37619057,0,1,unassigned,39.0,39.0,0.0,1.0,0.0,0.0,0.07156673,0.0,0,0,0,0,0
50309,-1,0,-0.6440193,0.34433857,0,1,unassigned,55.0,55.0,0.0,1.0,0.0,0.0,0.102514505,0.0,0,0,0,0,0
50310,-1,0,-0.13378003,0.4666048,0,1,unassigned,42.0,41.0,1.0,0.97619045,0.023809524,0.023809552,0.07736944,0.0018421295,0,0,0,0,0
50311,-1,0,-0.63028693,0.34744546,0,1,unassigned,34.0,33.0,1.0,0.9705882,0.029411765,0.029411793,0.061895553,0.0018204574,0,0,0,0,0
50312,-1,0,2.6973913,0.93687254,1,1,unassigned,2.0,2.0,0.0,1.0,0.0,0.0,0.0,0.0,0,0,0,1,1
50313,-1,1,-0.897344,0.28959662,0,1,unassigned,21.0,21.0,0.0,1.0,0.0,0.0,0.036750484,0.0,1,0,0,0,0
50314,0,1,-0.4286424,0.39445055,0,0,unassigned,51.0,50.0,1.0,0.98039216,0.019607844,0.019607842,0.09477756,0.0018583836,1,0,1,0,0
50315,-1,0,1.9939988,0.8801656,1,1,unassigned,13.0,13.0,0.0,1.0,0.0,0.0,0.021276595,0.0,0,0,0,1,0
50316,1,0,1.004581,0.73195827,1,0,train,10.0,10.0,0.0,1.0,0.0,0.0,0.015473888,0.0,0,0,1,1,0
50317,-1,1,-0.9703531,0.2748101,0,1,unassigned,26.0,25.0,1.0,0.96153843,0.03846154,0.038461566,0.046421662,0.0017854486,1,0,0,0,0
50318,-1,1,0.36429387,0.5900795,1,1,unassigned,3.0,1.0,2.0,0.33333334,0.6666667,0.6666666,0.001934236,0.0012894907,1,0,0,1,0
50319,-1,0,-0.76170063,0.31827718,0,1,unassigned,39.0,39.0,0.0,1.0,0.0,0.0,0.07156673,0.0,0,0,0,0,0
50320,1,0,-0.20302102,0.44941837,0,1,val,39.0,39.0,0.0,1.0,0.0,0.0,0.07156673,0.0,0,0,0,0,0
50321,1,0,1.1071427,0.751596,1,0,test,6.0,6.0,0.0,1.0,0.0,0.0,0.007736944,0.0,0,0,1,1,0
50322,-1,0,-0.40266085,0.4006732,0,1,unassigned,22.0,22.0,0.0,1.0,0.0,0.0,0.03868472,0.0,0,0,0,0,0
50323,-1,0,0.4614516,0.61335844,1,1,unassigned,13.0,13.0,0.0,1.0,0.0,0.0,0.021276595,0.0,0,0,0,1,0
50324,-1,0,0.017211258,0.5043027,1,1,unassigned,36.0,34.0,2.0,0.9444444,0.055555556,0.055555582,0.065764025,0.003653557,0,0,0,1,0
50325,-1,0,-0.98995095,0.27092177,0,1,unassigned,11.0,10.0,1.0,0.90909094,0.09090909,0.090909064,0.017408123,0.0015825568,0,0,0,0,0
50326,-1,0,0.72303253,0.67327446,1,1,unassigned,4.0,4.0,0.0,1.0,0.0,0.0,0.003868472,0.0,0,0,0,1,0
50327,-1,0,3.4827807,0.9701938,1,1,unassigned,2.0,1.0,1.0,0.5,0.5,0.5,0.0,0.0,0,0,0,1,1
50328,-1,0,7.5864167,0.9994929,1,1,unassigned,15.0,15.0,0.0,1.0,0.0,0.0,0.025145067,0.0,0,0,0,1,1
50329,-1,0,5.465504,0.99578756,1,1,unassigned,2.0,2.0,0.0,1.0,0.0,0.0,0.0,0.0,0,0,0,1,1
50330,-1,1,-0.86809266,0.29565135,0,1,unassigned,58.0,56.0,2.0,0.9655172,0.03448276,0.034482777,0.10831721,0.0037350762,1,0,0,0,0
50331,0,1,-0.6980541,0.33224377,0,0,unassigned,28.0,28.0,0.0,1.0,0.0,0.0,0.050290134,0.0,1,0,1,0,0
50332,-1,1,-0.38694543,0.40445283,0,1,unassigned,14.0,14.0,0.0,1.0,0.0,0.0,0.023210831,0.0,1,0,0,0,0
50333,-1,0,-0.763416,0.31790507,0,1,unassigned,18.0,17.0,1.0,0.9444444,0.055555556,0.055555582,0.030947777,0.0017193209,0,0,0,0,0
50334,-1,0,3.196809,0.96071404,1,1,unassigned,2.0,2.0,0.0,1.0,0.0,0.0,0.0,0.0,0,0,0,1,1
50335,1,1,-0.28284124,0.42975733,0,1,test,7.0,7.0,0.0,1.0,0.0,0.0,0.00967118,0.0,1,0,0,0,0
50336,-1,1,2.1593392,0.89653826,1,1,unassigned,9.0,5.0,4.0,0.5555556,0.44444445,0.44444442,0.013539651,0.006017623,1,0,0,1,0
50337,-1,1,3.8509028,0.9791821,1,1,unassigned,62.0,54.0,8.0,0.87096775,0.12903225,0.12903225,0.116054155,0.014974729,1,0,0,1,1
50338,1,0,1.2091062,0.77014077,1,0,unassigned,5.0,4.0,1.0,0.8,0.2,0.19999999,0.0058027077,0.0011605415,0,0,1,1,0
50339,0,0,-0.85199666,0.29901418,0,0,val,15.0,15.0,0.0,1.0,0.0,0.0,0.025145067,0.0,0,0,1,0,0
50340,-1,1,4.30579,0.9866894,1,1,unassigned,42.0,38.0,4.0,0.9047619,0.0952381,0.09523809,0.07736944,0.007368518,1,0,0,1,1
50341,-1,1,8.878754,0.99986064,1,1,unassigned,6.0,4.0,2.0,0.6666667,0.33333334,0.3333333,0.007736944,0.0025789815,1,0,0,1,1
50342,-1,1,0.23366755,0.5581525,1,1,unassigned,6.0,5.0,1.0,0.8333333,0.16666667,0.16666669,0.007736944,0.0012894907,1,0,0,1,0
50343,-1,0,8.490368,0.99979466,1,1,unassigned,11.0,11.0,0.0,1.0,0.0,0.0,0.017408123,0.0,0,0,0,1,1
50344,-1,0,1.6859086,0.8436853,1,1,unassigned,7.0,7.0,0.0,1.0,0.0,0.0,0.00967118,0.0,0,0,0,1,0
50345,-1,1,2.6998312,0.93701667,1,1,unassigned,7.0,7.0,0.0,1.0,0.0,0.0,0.00967118,0.0,1,0,0,1,1
50346,-1,0,3.6515162,0.97470474,1,1,unassigned,15.0,14.0,1.0,0.93333334,0.06666667,0.06666666,0.025145067,0.0016763379,0,0,0,1,1
50347,1,1,-0.5916297,0.35626104,0,1,unassigned,105.0,105.0,0.0,1.0,0.0,0.0,0.1992263,0.0,1,0,0,0,0
50348,-1,0,-0.7720867,0.31602788,0,1,unassigned,19.0,18.0,1.0,0.94736844,0.05263158,0.052631557,0.032882012,0.0017306323,0,0,0,0,0
50349,0,0,-0.92212284,0.28452554,0,0,test,23.0,23.0,0.0,1.0,0.0,0.0,0.040618956,0.0,0,0,1,0,0
50350,-1,0,-0.0980221,0.47551405,0,1,unassigned,54.0,54.0,0.0,1.0,0.0,0.0,0.10058027,0.0,0,0,0,0,0
50351,0,0,-0.6977647,0.332308,0,0,test,9.0,9.0,0.0,1.0,0.0,0.0,0.013539651,0.0,0,0,1,0,0
50352,-1,0,0.168446,0.5420122,1,1,unassigned,2.0,2.0,0.0,1.0,0.0,0.0,0.0,0.0,0,0,0,1,0
50353,1,0,0.76070744,0.6815073,1,0,unassigned,22.0,18.0,4.0,0.8181818,0.18181819,0.18181819,0.03868472,0.0070335856,0,0,1,1,0
50354,-1,1,-0.9473993,0.27940813,0,1,unassigned,34.0,33.0,1.0,0.9705882,0.029411765,0.029411793,0.061895553,0.0018204574,1,0,0,0,0
50355,0,1,-0.75034606,0.3207459,0,0,train,79.0,74.0,5.0,0.93670887,0.06329114,0.06329113,0.14893617,0.0094263395,1,0,1,0,0
50356,-1,1,-0.7664341,0.317251,0,1,unassigned,26.0,25.0,1.0,0.96153843,0.03846154,0.038461566,0.046421662,0.0017854486,1,0,0,0,0
50357,0,0,-0.19367021,0.4517332,0,0,unassigned,49.0,49.0,0.0,1.0,0.0,0.0,0.09090909,0.0,0,0,1,0,0
50358,-1,0,-0.597807,0.35484558,0,1,unassigned,3.0,3.0,0.0,1.0,0.0,0.0,0.001934236,0.0,0,0,0,0,0
50359,-1,1,0.53934723,0.6316605,1,1,unassigned,46.0,44.0,2.0,0.95652175,0.04347826,0.04347825,0.08510638,0.0037002775,1,0,0,1,0
50360,1,0,4.260836,0.9860859,1,0,unassigned,5.0,5.0,0.0,1.0,0.0,0.0,0.0058027077,0.0,0,0,1,1,1
50361,-1,0,3.2957287,0.964282,1,1,unassigned,29.0,28.0,1.0,0.9655172,0.03448276,0.034482777,0.05222437,0.0018008404,0,0,0,1,1
50362,-1,1,-0.9251857,0.28390244,0,1,unassigned,48.0,48.0,0.0,1.0,0.0,0.0,0.088974856,0.0,1,0,0,0,0
50363,0,0,-0.93125296,0.2826706,0,0,unassigned,34.0,34.0,0.0,1.0,0.0,0.0,0.061895553,0.0,0,0,1,0,0
50364,-1,1,-0.30616662,0.4240507,0,1,unassigned,83.0,82.0,1.0,0.9879518,0.012048192,0.012048185,0.15667312,0.0018876279,1,0,0,0,0
50365,-1,1,-0.7841656,0.3134228,0,1,unassigned,8.0,8.0,0.0,1.0,0.0,0.0,0.0116054155,0.0,1,0,0,0,0
50366,1,0,9.18545,0.9998975,1,0,unassigned,6.0,6.0,0.0,1.0,0.0,0.0,0.007736944,0.0,0,0,1,1,1
50367,0,0,-0.4598669,0.3870174,0,0,test,11.0,10.0,1.0,0.90909094,0.09090909,0.090909064,0.017408123,0.0015825568,0,0,1,0,0
50368,-1,1,2.129824,0.8937683,1,1,unassigned,5.0,4.0,1.0,0.8,0.2,0.19999999,0.0058027077,0.0011605415,1,0,0,1,0
50369,-1,0,-0.82177603,0.30538678,0,1,unassigned,20.0,20.0,0.0,1.0,0.0,0.0,0.034816246,0.0,0,0,0,0,0
50370,-1,1,9.791117,0.9999441,1,1,unassigned,4.0,3.0,1.0,0.75,0.25,0.25,0.003868472,0.000967118,1,0,0,1,1
50371,-1,0,-0.5924909,0.35606354,0,1,unassigned,15.0,15.0,0.0,1.0,0.0,0.0,0.025145067,0.0,0,0,0,0,0
50372,0,1,0.095878124,0.5239512,1,1,unassigned,35.0,33.0,2.0,0.94285715,0.057142857,0.057142854,0.06382979,0.0036474164,1,0,0,1,0
50373,-1,1,-0.18168151,0.45470417,0,1,unassigned,57.0,55.0,2.0,0.9649123,0.03508772,0.035087705,0.10638298,0.0037327362,1,0,0,0,0
50374,-1,0,-0.8993914,0.28917557,0,1,unassigned,11.0,11.0,0.0,1.0,0.0,0.0,0.017408123,0.0,0,0,0,0,0
50375,-1,1,-0.9517826,0.27852648,0,1,unassigned,49.0,49.0,0.0,1.0,0.0,0.0,0.09090909,0.0,1,0,0,0,0
50376,0,1,-0.54004085,0.3681781,0,0,train,7.0,6.0,1.0,0.85714287,0.14285715,0.14285713,0.00967118,0.0013815971,1,0,1,0,0
50377,-1,1,3.4993927,0.97067046,1,1,unassigned,4.0,3.0,1.0,0.75,0.25,0.25,0.003868472,0.000967118,1,0,0,1,1
50378,-1,0,3.628897,0.974141,1,1,unassigned,9.0,9.0,0.0,1.0,0.0,0.0,0.013539651,0.0,0,0,0,1,1
50379,-1,1,-0.8196546,0.30583698,0,1,unassigned,22.0,21.0,1.0,0.95454544,0.045454547,0.04545456,0.03868472,0.0017583964,1,0,0,0,0
50380,-1,1,-0.7414478,0.32268763,0,1,unassigned,27.0,26.0,1.0,0.962963,0.037037037,0.037037015,0.0483559,0.0017909593,1,0,0,0,0
50381,-1,0,-0.4754113,0.38333628,0,1,unassigned,13.0,13.0,0.0,1.0,0.0,0.0,0.021276595,0.0,0,0,0,0,0
50382,-1,1,-0.6681767,0.33890522,0,1,unassigned,17.0,16.0,1.0,0.9411765,0.05882353,0.058823526,0.029013539,0.0017066788,1,0,0,0,0
50383,-1,1,5.4904475,0.995891,1,1,unassigned,5.0,5.0,0.0,1.0,0.0,0.0,0.0058027077,0.0,1,0,0,1,1
50384,-1,0,2.402551,0.9170216,1,1,unassigned,2.0,2.0,0.0,1.0,0.0,0.0,0.0,0.0,0,0,0,1,1
50385,-1,0,5.5563617,0.996152,1,1,unassigned,2.0,1.0,1.0,0.5,0.5,0.5,0.0,0.0,0,0,0,1,1
50386,-1,1,-0.20272434,0.44949177,0,1,unassigned,2.0,1.0,1.0,0.5,0.5,0.5,0.0,0.0,1,0,0,0,0
50387,-1,0,3.9794629,0.98164743,1,1,unassigned,3.0,2.0,1.0,0.6666667,0.33333334,0.3333333,0.001934236,0.00064474536,0,0,0,1,1
50388,1,1,4.4843364,0.9888416,1,0,unassigned,2.0,2.0,0.0,1.0,0.0,0.0,0.0,0.0,1,0,1,1,1
50389,-1,0,0.7439714,0.6778637,1,1,unassigned,2.0,2.0,0.0,1.0,0.0,0.0,0.0,0.0,0,0,0,1,0
50390,-1,0,3.7191412,0.97631955,1,1,unassigned,2.0,2.0,0.0,1.0,0.0,0.0,0.0,0.0,0,0,0,1,1
50391,-1,0,-0.30865717,0.42344257,0,1,unassigned,3.0,3.0,0.0,1.0,0.0,0.0,0.001934236,0.0,0,0,0,0,0
50392,-1,0,-0.7749425,0.3154109,0,1,unassigned,8.0,8.0,0.0,1.0,0.0,0.0,0.0116054155,0.0,0,0,0,0,0
50393,-1,0,-1.3358288,0.20819686,0,1,unassigned,2.0,2.0,0.0,1.0,0.0,0.0,0.0,0.0,0,0,0,0,0
50394,-1,0,2.2647407,0.9059145,1,1,unassigned,11.0,10.0,1.0,0.90909094,0.09090909,0.090909064,0.017408123,0.0015825568,0,0,0,1,1
50395,-1,0,5.9298644,0.9973482,1,1,unassigned,2.0,2.0,0.0,1.0,0.0,0.0,0.0,0.0,0,0,0,1,1
50396,-1,1,-0.8011334,0.30978313,0,1,unassigned,39.0,39.0,0.0,1.0,0.0,0.0,0.07156673,0.0,1,0,0,0,0
50397,-1,1,2.7921853,0.94225204,1,1,unassigned,9.0,9.0,0.0,1.0,0.0,0.0,0.013539651,0.0,1,0,0,1,1
50398,-1,0,0.24547595,0.5610627,1,1,unassigned,2.0,2.0,0.0,1.0,0.0,0.0,0.0,0.0,0,0,0,1,0
50399,-1,0,-0.8496458,0.29950717,0,1,unassigned,25.0,25.0,0.0,1.0,0.0,0.0,0.044487428,0.0,0,0,0,0,0
50400,-1,0,-0.54256445,0.3675912,0,1,unassigned,29.0,29.0,0.0,1.0,0.0,0.0,0.05222437,0.0,0,0,0,0,0
50401,-1,0,-0.78876823,0.3124332,0,1,unassigned,11.0,11.0,0.0,1.0,0.0,0.0,0.017408123,0.0,0,0,0,0,0
50402,-1,0,1.8155262,0.86002845,1,1,unassigned,3.0,2.0,1.0,0.6666667,0.33333334,0.3333333,0.001934236,0.00064474536,0,0,0,1,0
50403,-1,1,-0.67315805,0.33779004,0,1,unassigned,25.0,25.0,0.0,1.0,0.0,0.0,0.044487428,0.0,1,0,0,0,0
50404,-1,1,0.8234461,0.6949674,1,1,unassigned,2.0,2.0,0.0,1.0,0.0,0.0,0.0,0.0,1,0,0,1,0
50405,-1,1,3.1419072,0.9585886,1,1,unassigned,7.0,6.0,1.0,0.85714287,0.14285715,0.14285713,0.00967118,0.0013815971,1,0,0,1,1
50406,-1,1,1.6796334,0.84285593,1,1,unassigned,7.0,5.0,2.0,0.71428573,0.2857143,0.28571427,0.00967118,0.0027631943,1,0,0,1,0
50407,-1,0,3.8310053,0.97877264,1,1,unassigned,5.0,5.0,0.0,1.0,0.0,0.0,0.0058027077,0.0,0,0,0,1,1
50408,-1,1,-0.861568,0.29701185,0,1,unassigned,50.0,50.0,0.0,1.0,0.0,0.0,0.092843324,0.0,1,0,0,0,0
50409,-1,1,-0.9543218,0.2780165,0,1,unassigned,14.0,12.0,2.0,0.85714287,0.14285715,0.14285713,0.023210831,0.0033158332,1,0,0,0,0
50410,-1,1,0.017114758,0.5042786,1,1,unassigned,2.0,2.0,0.0,1.0,0.0,0.0,0.0,0.0,1,0,0,1,0
50411,1,0,1.3718648,0.7976813,1,0,unassigned,4.0,3.0,1.0,0.75,0.25,0.25,0.003868472,0.000967118,0,0,1,1,0
50412,0,1,-0.6752126,0.33733064,0,0,unassigned,7.0,7.0,0.0,1.0,0.0,0.0,0.00967118,0.0,1,0,1,0,0
50413,1,1,-0.095415294,0.47616422,0,1,test,9.0,8.0,1.0,0.8888889,0.11111111,0.111111104,0.013539651,0.0015044058,1,0,0,0,0
50414,-1,1,4.298243,0.9865899,1,1,unassigned,21.0,20.0,1.0,0.95238096,0.04761905,0.047619045,0.036750484,0.0017500231,1,0,0,1,1
50415,-1,1,3.404022,0.96782994,1,1,unassigned,49.0,49.0,0.0,1.0,0.0,0.0,0.09090909,0.0,1,0,0,1,1
50416,-1,0,2.798629,0.9426017,1,1,unassigned,3.0,3.0,0.0,1.0,0.0,0.0,0.001934236,0.0,0,0,0,1,1
50417,-1,0,0.27518874,0.5683663,1,1,unassigned,3.0,3.0,0.0,1.0,0.0,0.0,0.001934236,0.0,0,0,0,1,0
50418,-1,0,0.30454546,0.5755533,1,1,unassigned,4.0,4.0,0.0,1.0,0.0,0.0,0.003868472,0.0,0,0,0,1,0
50419,-1,0,-1.0262105,0.26381943,0,1,unassigned,9.0,9.0,0.0,1.0,0.0,0.0,0.013539651,0.0,0,0,0,0,0
50420,-1,1,0.45121413,0.6109279,1,1,unassigned,20.0,16.0,4.0,0.8,0.2,0.19999999,0.034816246,0.0069632493,1,0,0,1,0
50421,-1,1,0.8786116,0.7065344,1,1,unassigned,34.0,27.0,7.0,0.7941176,0.20588236,0.20588237,0.061895553,0.012743202,1,0,0,1,0
50422,-1,0,9.92025,0.9999509,1,1,unassigned,4.0,3.0,1.0,0.75,0.25,0.25,0.003868472,0.000967118,0,0,0,1,1
50423,-1,1,1.8253293,0.8612044,1,1,unassigned,2.0,2.0,0.0,1.0,0.0,0.0,0.0,0.0,1,0,0,1,0
50424,-1,1,5.9990582,0.99752504,1,1,unassigned,5.0,5.0,0.0,1.0,0.0,0.0,0.0058027077,0.0,1,0,0,1,1
50425,-1,0,-0.6941469,0.33311123,0,1,unassigned,2.0,2.0,0.0,1.0,0.0,0.0,0.0,0.0,0,0,0,0,0
50426,-1,0,14.048305,0.99999917,1,1,unassigned,2.0,2.0,0.0,1.0,0.0,0.0,0.0,0.0,0,0,0,1,1
50427,-1,1,-0.10072124,0.47484097,0,1,unassigned,10.0,10.0,0.0,1.0,0.0,0.0,0.015473888,0.0,1,0,0,0,0
50428,-1,0,0.8964749,0.7102245,1,1,unassigned,2.0,2.0,0.0,1.0,0.0,0.0,0.0,0.0,0,0,0,1,0
50429,-1,1,2.1453595,0.89523435,1,1,unassigned,6.0,6.0,0.0,1.0,0.0,0.0,0.007736944,0.0,1,0,0,1,0
50430,-1,1,6.457564,0.9984339,1,1,unassigned,12.0,11.0,1.0,0.9166667,0.083333336,0.08333331,0.01934236,0.0016118633,1,0,0,1,1
50431,-1,1,-0.41346645,0.3980812,0,1,unassigned,4.0,4.0,0.0,1.0,0.0,0.0,0.003868472,0.0,1,0,0,0,0
50432,-1,0,5.623767,0.996402,1,1,unassigned,26.0,26.0,0.0,1.0,0.0,0.0,0.046421662,0.0,0,0,0,1,1
50433,-1,0,0.09386164,0.52344817,1,1,unassigned,11.0,8.0,3.0,0.72727275,0.27272728,0.27272725,0.017408123,0.00474767,0,0,0,1,0
50434,-1,0,3.7891266,0.9778848,1,1,unassigned,23.0,20.0,3.0,0.8695652,0.13043478,0.13043481,0.040618956,0.0052981246,0,0,0,1,1
50435,-1,0,-0.45861343,0.3873148,0,1,unassigned,13.0,13.0,0.0,1.0,0.0,0.0,0.021276595,0.0,0,0,0,0,0
50436,-1,0,-0.76249987,0.31810376,0,1,unassigned,33.0,33.0,0.0,1.0,0.0,0.0,0.059961315,0.0,0,0,0,0,0
50437,-1,0,-0.28214395,0.4299282,0,1,unassigned,18.0,18.0,0.0,1.0,0.0,0.0,0.030947777,0.0,0,0,0,0,0
50438,-1,0,0.07575244,0.51892906,1,1,unassigned,13.0,12.0,1.0,0.9230769,0.07692308,0.07692307,0.021276595,0.0016366612,0,0,0,1,0
50439,1,0,0.10068369,0.5251497,1,0,val,45.0,44.0,1.0,0.9777778,0.022222223,0.02222222,0.08317215,0.0018482701,0,0,1,1,0
50440,1,0,2.234718,0.9033242,1,0,unassigned,42.0,37.0,5.0,0.88095236,0.11904762,0.11904764,0.07736944,0.009210647,0,0,1,1,1
50441,-1,0,0.74085695,0.67718315,1,1,unassigned,24.0,23.0,1.0,0.9583333,0.041666668,0.041666687,0.04255319,0.0017730496,0,0,0,1,0
50442,0,0,-0.58205134,0.35846072,0,0,train,13.0,13.0,0.0,1.0,0.0,0.0,0.021276595,0.0,0,0,1,0,0
50443,1,0,-0.05822873,0.4854469,0,1,unassigned,11.0,11.0,0.0,1.0,0.0,0.0,0.017408123,0.0,0,0,0,0,0
50444,-1,0,1.3067226,0.78696424,1,1,unassigned,34.0,34.0,0.0,1.0,0.0,0.0,0.061895553,0.0,0,0,0,1,0
50445,-1,0,-0.94995487,0.2788939,0,1,unassigned,11.0,11.0,0.0,1.0,0.0,0.0,0.017408123,0.0,0,0,0,0,0
50446,-1,1,2.1912615,0.89946204,1,1,unassigned,4.0,4.0,0.0,1.0,0.0,0.0,0.003868472,0.0,1,0,0,1,0
50447,-1,0,-0.76842755,0.31681937,0,1,unassigned,87.0,86.0,1.0,0.9885057,0.011494253,0.011494279,0.16441005,0.0018897707,0,0,0,0,0
50448,-1,1,1.147407,0.75903696,1,1,unassigned,3.0,2.0,1.0,0.6666667,0.33333334,0.3333333,0.001934236,0.00064474536,1,0,0,1,0
50449,-1,0,0.5279766,0.62901103,1,1,unassigned,6.0,4.0,2.0,0.6666667,0.33333334,0.3333333,0.007736944,0.0025789815,0,0,0,1,0
50450,-1,0,-0.8392984,0.30168256,0,1,unassigned,4.0,3.0,1.0,0.75,0.25,0.25,0.003868472,0.000967118,0,0,0,0,0
50451,-1,0,0.23701054,0.5589768,1,1,unassigned,3.0,1.0,2.0,0.33333334,0.6666667,0.6666666,0.001934236,0.0012894907,0,0,0,1,0
50452,-1,0,1.037092,0.73828846,1,1,unassigned,2.0,2.0,0.0,1.0,0.0,0.0,0.0,0.0,0,0,0,1,0
50453,-1,1,0.7925828,0.6883856,1,1,unassigned,21.0,20.0,1.0,0.95238096,0.04761905,0.047619045,0.036750484,0.0017500231,1,0,0,1,0
50454,-1,1,1.6363795,0.8370417,1,1,unassigned,2.0,2.0,0.0,1.0,0.0,0.0,0.0,0.0,1,0,0,1,0
50455,-1,0,-0.37954617,0.40623638,0,1,unassigned,23.0,23.0,0.0,1.0,0.0,0.0,0.040618956,0.0,0,0,0,0,0
50456,-1,1,-0.61731744,0.3503918,0,1,unassigned,8.0,7.0,1.0,0.875,0.125,0.125,0.0116054155,0.0014506769,1,0,0,0,0
50457,-1,0,8.996494,0.99987614,1,1,unassigned,6.0,6.0,0.0,1.0,0.0,0.0,0.007736944,0.0,0,0,0,1,1
50458,-1,1,-0.42960316,0.3942211,0,1,unassigned,21.0,20.0,1.0,0.95238096,0.04761905,0.047619045,0.036750484,0.0017500231,1,0,0,0,0
50459,-1,0,-0.9345504,0.28200245,0,1,unassigned,43.0,41.0,2.0,0.95348835,0.046511628,0.04651165,0.079303674,0.0036885429,0,0,0,0,0
50460,0,0,-0.23887897,0.44056264,0,0,test,44.0,43.0,1.0,0.97727275,0.022727273,0.022727251,0.08123791,0.0018463163,0,0,1,0,0
50461,-1,0,-0.73334575,0.32446095,0,1,unassigned,9.0,9.0,0.0,1.0,0.0,0.0,0.013539651,0.0,0,0,0,0,0
50462,-1,0,5.2820516,0.9949437,1,1,unassigned,27.0,25.0,2.0,0.9259259,0.074074075,0.07407409,0.0483559,0.0035819185,0,0,0,1,1
50463,-1,0,-0.79974884,0.31007925,0,1,unassigned,15.0,15.0,0.0,1.0,0.0,0.0,0.025145067,0.0,0,0,0,0,0
50464,1,0,-0.011947215,0.49701327,0,1,unassigned,15.0,14.0,1.0,0.93333334,0.06666667,0.06666666,0.025145067,0.0016763379,0,0,0,0,0
50465,-1,0,-0.6766826,0.3370021,0,1,unassigned,7.0,7.0,0.0,1.0,0.0,0.0,0.00967118,0.0,0,0,0,0,0
50466,1,0,1.3744826,0.7981034,1,0,val,14.0,14.0,0.0,1.0,0.0,0.0,0.023210831,0.0,0,0,1,1,0
50467,1,0,0.08363885,0.52089757,1,0,unassigned,2.0,2.0,0.0,1.0,0.0,0.0,0.0,0.0,0,0,1,1,0
50468,-1,1,3.0304048,0.95392895,1,1,unassigned,17.0,17.0,0.0,1.0,0.0,0.0,0.029013539,0.0,1,0,0,1,1
50469,-1,0,5.4844465,0.9958663,1,1,unassigned,4.0,4.0,0.0,1.0,0.0,0.0,0.003868472,0.0,0,0,0,1,1
50470,-1,0,-0.7617935,0.318257,0,1,unassigned,2.0,2.0,0.0,1.0,0.0,0.0,0.0,0.0,0,0,0,0,0
50471,-1,1,0.7781876,0.6852894,1,1,unassigned,2.0,2.0,0.0,1.0,0.0,0.0,0.0,0.0,1,0,0,1,0
50472,-1,0,1.6527212,0.83925843,1,1,unassigned,3.0,3.0,0.0,1.0,0.0,0.0,0.001934236,0.0,0,0,0,1,0
50473,-1,0,1.7499135,0.8519419,1,1,unassigned,6.0,6.0,0.0,1.0,0.0,0.0,0.007736944,0.0,0,0,0,1,0
50474,-1,1,0.76140934,0.68165964,1,1,unassigned,5.0,4.0,1.0,0.8,0.2,0.19999999,0.0058027077,0.0011605415,1,0,0,1,0
50475,-1,1,-0.8367013,0.30223,0,1,unassigned,20.0,19.0,1.0,0.95,0.05,0.050000012,0.034816246,0.0017408123,1,0,0,0,0
50476,-1,0,-0.28083128,0.43025,0,1,unassigned,2.0,1.0,1.0,0.5,0.5,0.5,0.0,0.0,0,0,0,0,0
50477,-1,0,-0.8638691,0.2965316,0,1,unassigned,11.0,9.0,2.0,0.8181818,0.18181819,0.18181819,0.017408123,0.0031651135,0,0,0,0,0
50478,-1,1,1.3936307,0.80117124,1,1,unassigned,2.0,2.0,0.0,1.0,0.0,0.0,0.0,0.0,1,0,0,1,0
50479,-1,0,-0.79753876,0.31055224,0,1,unassigned,46.0,45.0,1.0,0.9782609,0.02173913,0.021739125,0.08510638,0.0018501388,0,0,0,0,0
50480,-1,0,0.73826176,0.6766156,1,1,unassigned,6.0,5.0,1.0,0.8333333,0.16666667,0.16666669,0.007736944,0.0012894907,0,0,0,1,0
50481,-1,0,0.045909464,0.5114753,1,1,unassigned,12.0,12.0,0.0,1.0,0.0,0.0,0.01934236,0.0,0,0,0,1,0
50482,-1,0,0.08269709,0.5206625,1,1,unassigned,2.0,2.0,0.0,1.0,0.0,0.0,0.0,0.0,0,0,0,1,0
50483,-1,0,9.112581,0.99988973,1,1,unassigned,9.0,8.0,1.0,0.8888889,0.11111111,0.111111104,0.013539651,0.0015044058,0,0,0,1,1
50484,-1,0,-0.27565983,0.43151817,0,1,unassigned,10.0,10.0,0.0,1.0,0.0,0.0,0.015473888,0.0,0,0,0,0,0
50485,-1,0,-0.39182955,0.40327695,0,1,unassigned,5.0,4.0,1.0,0.8,0.2,0.19999999,0.0058027077,0.0011605415,0,0,0,0,0
50486,-1,0,-0.7368487,0.32369363,0,1,unassigned,125.0,122.0,3.0,0.976,0.024,0.023999989,0.23791103,0.0057098647,0,0,0,0,0
50487,-1,0,-0.79418314,0.31127116,0,1,unassigned,4.0,4.0,0.0,1.0,0.0,0.0,0.003868472,0.0,0,0,0,0,0
50488,-1,0,-0.18854946,0.45300183,0,1,unassigned,5.0,5.0,0.0,1.0,0.0,0.0,0.0058027077,0.0,0,0,0,0,0
50489,0,0,-0.16837728,0.45800486,0,0,train,9.0,8.0,1.0,0.8888889,0.11111111,0.111111104,0.013539651,0.0015044058,0,0,1,0,0
50490,-1,0,-0.0353595,0.49116102,0,1,unassigned,6.0,6.0,0.0,1.0,0.0,0.0,0.007736944,0.0,0,0,0,0,0
50491,-1,1,4.3146033,0.9868046,1,1,unassigned,3.0,1.0,2.0,0.33333334,0.6666667,0.6666666,0.001934236,0.0012894907,1,0,0,1,1
50492,-1,1,0.34805697,0.58614635,1,1,unassigned,16.0,15.0,1.0,0.9375,0.0625,0.0625,0.027079303,0.0016924564,1,0,0,1,0
50493,-1,0,-0.26534882,0.4340493,0,1,unassigned,46.0,46.0,0.0,1.0,0.0,0.0,0.08510638,0.0,0,0,0,0,0
50494,-1,1,-0.9257531,0.2837871,0,1,unassigned,2.0,2.0,0.0,1.0,0.0,0.0,0.0,0.0,1,0,0,0,0
50495,-1,1,3.3252814,0.9652861,1,1,unassigned,3.0,3.0,0.0,1.0,0.0,0.0,0.001934236,0.0,1,0,0,1,1
50496,-1,1,-0.013153851,0.49671158,0,1,unassigned,46.0,44.0,2.0,0.95652175,0.04347826,0.04347825,0.08510638,0.0037002775,1,0,0,0,0
50497,-1,0,-0.23736376,0.4409361,0,1,unassigned,14.0,14.0,0.0,1.0,0.0,0.0,0.023210831,0.0,0,0,0,0,0
50498,-1,0,13.1958475,0.9999981,1,1,unassigned,2.0,2.0,0.0,1.0,0.0,0.0,0.0,0.0,0,0,0,1,1
50499,-1,1,4.893343,0.99255943,1,1,unassigned,10.0,10.0,0.0,1.0,0.0,0.0,0.015473888,0.0,1,0,0,1,1
50500,-1,0,-0.59090567,0.35642707,0,1,unassigned,33.0,32.0,1.0,0.969697,0.030303031,0.030303001,0.059961315,0.0018170096,0,0,0,0,0
50501,-1,1,0.7995954,0.68988794,1,1,unassigned,36.0,34.0,2.0,0.9444444,0.055555556,0.055555582,0.065764025,0.003653557,1,0,0,1,0
50502,-1,0,0.12456483,0.531101,1,1,unassigned,4.0,4.0,0.0,1.0,0.0,0.0,0.003868472,0.0,0,0,0,1,0
50503,-1,1,0.08439088,0.5210852,1,1,unassigned,53.0,51.0,2.0,0.9622642,0.03773585,0.03773582,0.09864604,0.0037224921,1,0,0,1,0
50504,-1,1,0.49034613,0.620188,1,1,unassigned,17.0,17.0,0.0,1.0,0.0,0.0,0.029013539,0.0,1,0,0,1,0
50505,-1,0,-0.25670555,0.4361737,0,1,unassigned,2.0,2.0,0.0,1.0,0.0,0.0,0.0,0.0,0,0,0,0,0
50506,-1,0,1.710238,0.84686714,1,1,unassigned,2.0,2.0,0.0,1.0,0.0,0.0,0.0,0.0,0,0,0,1,0
50507,-1,0,-0.21517497,0.44641283,0,1,unassigned,3.0,3.0,0.0,1.0,0.0,0.0,0.001934236,0.0,0,0,0,0,0
50508,-1,1,5.4029346,0.99551684,1,1,unassigned,2.0,1.0,1.0,0.5,0.5,0.5,0.0,0.0,1,0,0,1,1
50509,-1,0,2.946515,0.9500985,1,1,unassigned,3.0,3.0,0.0,1.0,0.0,0.0,0.001934236,0.0,0,0,0,1,1
50510,-1,0,5.2473025,0.9947659,1,1,unassigned,4.0,4.0,0.0,1.0,0.0,0.0,0.003868472,0.0,0,0,0,1,1
50511,-1,0,2.125329,0.89334077,1,1,unassigned,3.0,2.0,1.0,0.6666667,0.33333334,0.3333333,0.001934236,0.00064474536,0,0,0,1,0
50512,-1,0,8.513351,0.9997993,1,1,unassigned,8.0,7.0,1.0,0.875,0.125,0.125,0.0116054155,0.0014506769,0,0,0,1,1
50513,-1,0,0.21362215,0.5532034,1,1,unassigned,5.0,4.0,1.0,0.8,0.2,0.19999999,0.0058027077,0.0011605415,0,0,0,1,0
50514,-1,0,8.419905,0.99977964,1,1,unassigned,3.0,3.0,0.0,1.0,0.0,0.0,0.001934236,0.0,0,0,0,1,1
50515,-1,0,-0.7307615,0.32502764,0,1,unassigned,4.0,4.0,0.0,1.0,0.0,0.0,0.003868472,0.0,0,0,0,0,0
50516,-1,0,-0.2792189,0.43064526,0,1,unassigned,2.0,2.0,0.0,1.0,0.0,0.0,0.0,0.0,0,0,0,0,0
50517,-1,1,6.557732,0.99858296,1,1,unassigned,2.0,2.0,0.0,1.0,0.0,0.0,0.0,0.0,1,0,0,1,1
50518,-1,1,0.63563067,0.65376514,1,1,unassigned,2.0,2.0,0.0,1.0,0.0,0.0,0.0,0.0,1,0,0,1,0
50519,1,0,3.3238099,0.9652366,1,0,test,7.0,7.0,0.0,1.0,0.0,0.0,0.00967118,0.0,0,0,1,1,1
50520,-1,1,4.986155,0.9932145,1,1,unassigned,9.0,7.0,2.0,0.7777778,0.22222222,0.22222221,0.013539651,0.0030088115,1,0,0,1,1
50521,-1,1,1.0559046,0.7419072,1,1,unassigned,22.0,19.0,3.0,0.8636364,0.13636364,0.13636363,0.03868472,0.005275189,1,0,0,1,0
50522,-1,0,1.9186571,0.8719886,1,1,unassigned,12.0,12.0,0.0,1.0,0.0,0.0,0.01934236,0.0,0,0,0,1,0
50523,-1,0,2.7500803,0.93991786,1,1,unassigned,6.0,6.0,0.0,1.0,0.0,0.0,0.007736944,0.0,0,0,0,1,1
50524,1,0,3.434684,0.96877104,1,0,val,13.0,7.0,6.0,0.53846157,0.46153846,0.46153843,0.021276595,0.009819967,0,0,1,1,1
50525,-1,0,9.391842,0.99991655,1,1,unassigned,3.0,3.0,0.0,1.0,0.0,0.0,0.001934236,0.0,0,0,0,1,1
50526,-1,1,3.4570968,0.969442,1,1,unassigned,3.0,3.0,0.0,1.0,0.0,0.0,0.001934236,0.0,1,0,0,1,1
50527,-1,0,2.0686858,0.88782215,1,1,unassigned,6.0,4.0,2.0,0.6666667,0.33333334,0.3333333,0.007736944,0.0025789815,0,0,0,1,0
50528,1,1,2.3320959,0.9115006,1,0,unassigned,15.0,13.0,2.0,0.8666667,0.13333334,0.13333333,0.025145067,0.0033526758,1,0,1,1,1
50529,-1,0,1.3186538,0.78895766,1,1,unassigned,12.0,10.0,2.0,0.8333333,0.16666667,0.16666669,0.01934236,0.0032237265,0,0,0,1,0
50530,1,0,1.1783333,0.76464796,1,0,test,11.0,11.0,0.0,1.0,0.0,0.0,0.017408123,0.0,0,0,1,1,0
50531,-1,1,0.98184806,0.72747475,1,1,unassigned,28.0,25.0,3.0,0.89285713,0.10714286,0.107142866,0.050290134,0.0053882287,1,0,0,1,0
50532,-1,1,1.2566674,0.77845186,1,1,unassigned,3.0,2.0,1.0,0.6666667,0.33333334,0.3333333,0.001934236,0.00064474536,1,0,0,1,0
50533,-1,1,4.1800094,0.9849321,1,1,unassigned,44.0,38.0,6.0,0.8636364,0.13636364,0.13636363,0.08123791,0.011077898,1,0,0,1,1
50534,-1,1,7.780976,0.9995826,1,1,unassigned,7.0,7.0,0.0,1.0,0.0,0.0,0.00967118,0.0,1,0,0,1,1
50535,-1,0,3.6520445,0.97471774,1,1,unassigned,10.0,10.0,0.0,1.0,0.0,0.0,0.015473888,0.0,0,0,0,1,1
50536,-1,1,4.3402867,0.9871349,1,1,unassigned,15.0,14.0,1.0,0.93333334,0.06666667,0.06666666,0.025145067,0.0016763379,1,0,0,1,1
50537,-1,1,1.2480824,0.7769677,1,1,unassigned,2.0,2.0,0.0,1.0,0.0,0.0,0.0,0.0,1,0,0,1,0
50538,-1,0,7.4456,0.99941635,1,1,unassigned,21.0,14.0,7.0,0.6666667,0.33333334,0.3333333,0.036750484,0.012250162,0,0,0,1,1
50539,-1,1,3.4657433,0.9696972,1,1,unassigned,8.0,8.0,0.0,1.0,0.0,0.0,0.0116054155,0.0,1,0,0,1,1
50540,-1,1,1.4419048,0.80874944,1,1,unassigned,2.0,2.0,0.0,1.0,0.0,0.0,0.0,0.0,1,0,0,1,0
50541,-1,1,1.2451379,0.7764571,1,1,unassigned,22.0,22.0,0.0,1.0,0.0,0.0,0.03868472,0.0,1,0,0,1,0
50542,-1,1,2.0551126,0.88646317,1,1,unassigned,6.0,6.0,0.0,1.0,0.0,0.0,0.007736944,0.0,1,0,0,1,0
50543,-1,0,0.70347077,0.6689568,1,1,unassigned,3.0,3.0,0.0,1.0,0.0,0.0,0.001934236,0.0,0,0,0,1,0
50544,-1,1,2.860906,0.9458797,1,1,unassigned,35.0,33.0,2.0,0.94285715,0.057142857,0.057142854,0.06382979,0.0036474164,1,0,0,1,1
50545,-1,1,3.5645392,0.97246933,1,1,unassigned,20.0,16.0,4.0,0.8,0.2,0.19999999,0.034816246,0.0069632493,1,0,0,1,1
50546,1,1,7.9839015,0.9996592,1,0,val,39.0,34.0,5.0,0.8717949,0.12820514,0.12820512,0.07156673,0.009175222,1,0,1,1,1
50547,-1,1,6.2074957,0.9979898,1,1,unassigned,9.0,9.0,0.0,1.0,0.0,0.0,0.013539651,0.0,1,0,0,1,1
50548,-1,1,1.1430266,0.75823486,1,1,unassigned,19.0,19.0,0.0,1.0,0.0,0.0,0.032882012,0.0,1,0,0,1,0
50549,-1,1,-0.53643954,0.36901623,0,1,unassigned,2.0,2.0,0.0,1.0,0.0,0.0,0.0,0.0,1,0,0,0,0
50550,-1,0,0.7886571,0.6875429,1,1,unassigned,10.0,10.0,0.0,1.0,0.0,0.0,0.015473888,0.0,0,0,0,1,0
50551,-1,0,4.598326,0.9900317,1,1,unassigned,3.0,3.0,0.0,1.0,0.0,0.0,0.001934236,0.0,0,0,0,1,1
50552,0,1,-0.6496231,0.3430745,0,0,test,5.0,5.0,0.0,1.0,0.0,0.0,0.0058027077,0.0,1,0,1,0,0
50553,-1,0,-1.016139,0.26578015,0,1,unassigned,2.0,2.0,0.0,1.0,0.0,0.0,0.0,0.0,0,0,0,0,0
50554,1,0,0.12601697,0.5314626,1,0,val,14.0,14.0,0.0,1.0,0.0,0.0,0.023210831,0.0,0,0,1,1,0
50555,-1,1,0.40615004,0.60016435,1,1,unassigned,7.0,6.0,1.0,0.85714287,0.14285715,0.14285713,0.00967118,0.0013815971,1,0,0,1,0
50556,-1,0,4.8729925,0.9924076,1,1,unassigned,25.0,22.0,3.0,0.88,0.12,0.120000005,0.044487428,0.0053384914,0,0,0,1,1
50557,-1,1,1.758229,0.8529877,1,1,unassigned,10.0,8.0,2.0,0.8,0.2,0.19999999,0.015473888,0.0030947777,1,0,0,1,0
50558,-1,0,-0.38356012,0.40526852,0,1,unassigned,2.0,2.0,0.0,1.0,0.0,0.0,0.0,0.0,0,0,0,0,0
50559,-1,1,-0.053643882,0.48659223,0,1,unassigned,2.0,2.0,0.0,1.0,0.0,0.0,0.0,0.0,1,0,0,0,0
50560,-1,0,-0.6552828,0.34180006,0,1,unassigned,18.0,18.0,0.0,1.0,0.0,0.0,0.030947777,0.0,0,0,0,0,0
50561,-1,0,3.0029845,0.9527087,1,1,unassigned,5.0,5.0,0.0,1.0,0.0,0.0,0.0058027077,0.0,0,0,0,1,1
50562,0,1,-0.50361544,0.3766914,0,0,val,4.0,3.0,1.0,0.75,0.25,0.25,0.003868472,0.000967118,1,0,1,0,0
50563,1,0,2.3443544,0.9124844,1,0,unassigned,4.0,4.0,0.0,1.0,0.0,0.0,0.003868472,0.0,0,0,1,1,1
50564,-1,0,-0.24144799,0.43992954,0,1,unassigned,30.0,30.0,0.0,1.0,0.0,0.0,0.054158606,0.0,0,0,0,0,0
50565,-1,0,4.99956,0.9933042,1,1,unassigned,3.0,3.0,0.0,1.0,0.0,0.0,0.001934236,0.0,0,0,0,1,1
50566,-1,0,4.3690286,0.9874949,1,1,unassigned,7.0,6.0,1.0,0.85714287,0.14285715,0.14285713,0.00967118,0.0013815971,0,0,0,1,1
50567,-1,0,10.9475975,0.99998236,1,1,unassigned,23.0,20.0,3.0,0.8695652,0.13043478,0.13043481,0.040618956,0.0052981246,0,0,0,1,1
50568,-1,1,1.4479709,0.80968595,1,1,unassigned,6.0,6.0,0.0,1.0,0.0,0.0,0.007736944,0.0,1,0,0,1,0
50569,0,0,0.28748745,0.5713809,1,1,test,17.0,17.0,0.0,1.0,0.0,0.0,0.029013539,0.0,0,0,0,1,0
50570,0,0,0.10125345,0.52529174,1,1,test,16.0,16.0,0.0,1.0,0.0,0.0,0.027079303,0.0,0,0,0,1,0
50571,-1,0,0.062446892,0.51560664,1,1,unassigned,18.0,18.0,0.0,1.0,0.0,0.0,0.030947777,0.0,0,0,0,1,0
50572,0,0,-0.4655086,0.38567987,0,0,unassigned,8.0,8.0,0.0,1.0,0.0,0.0,0.0116054155,0.0,0,0,1,0,0
50573,-1,0,-0.018964589,0.49525902,0,1,unassigned,7.0,7.0,0.0,1.0,0.0,0.0,0.00967118,0.0,0,0,0,0,0
50574,-1,0,-0.1657393,0.45865974,0,1,unassigned,14.0,14.0,0.0,1.0,0.0,0.0,0.023210831,0.0,0,0,0,0,0
50575,-1,0,-0.21376836,0.44676048,0,1,unassigned,14.0,14.0,0.0,1.0,0.0,0.0,0.023210831,0.0,0,0,0,0,0
50576,-1,1,4.3126025,0.9867785,1,1,unassigned,19.0,18.0,1.0,0.94736844,0.05263158,0.052631557,0.032882012,0.0017306323,1,0,0,1,1
50577,-1,0,1.510258,0.8190994,1,1,unassigned,21.0,4.0,17.0,0.1904762,0.8095238,0.8095238,0.036750484,0.029750392,0,0,0,1,0
50578,-1,1,2.3804047,0.9153209,1,1,unassigned,14.0,14.0,0.0,1.0,0.0,0.0,0.023210831,0.0,1,0,0,1,1
50579,-1,1,4.9612346,0.99304444,1,1,unassigned,42.0,39.0,3.0,0.9285714,0.071428575,0.0714286,0.07736944,0.0055263885,1,0,0,1,1
50580,-1,1,3.0492852,0.9547516,1,1,unassigned,24.0,22.0,2.0,0.9166667,0.083333336,0.08333331,0.04255319,0.0035460992,1,0,0,1,1
50581,-1,0,1.5658569,0.8271922,1,1,unassigned,4.0,4.0,0.0,1.0,0.0,0.0,0.003868472,0.0,0,0,0,1,0
50582,-1,1,2.8367164,0.94462794,1,1,unassigned,26.0,24.0,2.0,0.9230769,0.07692308,0.07692307,0.046421662,0.0035708973,1,0,0,1,1
50583,1,1,3.4042466,0.967837,1,0,unassigned,41.0,38.0,3.0,0.9268293,0.07317073,0.07317072,0.07543521,0.005519649,1,0,1,1,1
50584,-1,1,3.6629193,0.9749843,1,1,unassigned,30.0,29.0,1.0,0.96666664,0.033333335,0.03333336,0.054158606,0.001805287,1,0,0,1,1
50585,0,1,-0.016663492,0.49583423,0,0,val,30.0,30.0,0.0,1.0,0.0,0.0,0.054158606,0.0,1,0,1,0,0
50586,1,1,1.1651137,0.7622606,1,0,unassigned,5.0,2.0,3.0,0.4,0.6,0.6,0.0058027077,0.0034816249,1,0,1,1,0
50587,1,1,5.617759,0.9963804,1,0,unassigned,20.0,20.0,0.0,1.0,0.0,0.0,0.034816246,0.0,1,0,1,1,1
50588,-1,1,1.922497,0.8724167,1,1,unassigned,4.0,3.0,1.0,0.75,0.25,0.25,0.003868472,0.000967118,1,0,0,1,0
50589,-1,1,0.15768218,0.53933907,1,1,unassigned,6.0,6.0,0.0,1.0,0.0,0.0,0.007736944,0.0,1,0,0,1,0
50590,-1,0,1.1803122,0.765004,1,1,unassigned,8.0,6.0,2.0,0.75,0.25,0.25,0.0116054155,0.0029013539,0,0,0,1,0
50591,-1,0,0.5690835,0.63855165,1,1,unassigned,7.0,6.0,1.0,0.85714287,0.14285715,0.14285713,0.00967118,0.0013815971,0,0,0,1,0
50592,0,0,-0.35159478,0.41299576,0,0,unassigned,30.0,30.0,0.0,1.0,0.0,0.0,0.054158606,0.0,0,0,1,0,0
50593,-1,1,-0.96733356,0.2754123,0,1,unassigned,29.0,29.0,0.0,1.0,0.0,0.0,0.05222437,0.0,1,0,0,0,0
50594,-1,0,-0.5652372,0.36233652,0,1,unassigned,121.0,119.0,2.0,0.9834711,0.016528925,0.016528904,0.23017408,0.00380453,0,0,0,0,0
50595,1,1,13.2137375,0.9999982,1,0,val,76.0,52.0,24.0,0.68421054,0.31578946,0.31578946,0.14313346,0.04520004,1,0,1,1,1
50596,1,1,2.7532392,0.94009596,1,0,val,21.0,21.0,0.0,1.0,0.0,0.0,0.036750484,0.0,1,0,1,1,1
50597,-1,1,4.463853,0.98861325,1,1,unassigned,16.0,13.0,3.0,0.8125,0.1875,0.1875,0.027079303,0.0050773695,1,0,0,1,1
50598,-1,1,5.4090095,0.9955439,1,1,unassigned,10.0,10.0,0.0,1.0,0.0,0.0,0.015473888,0.0,1,0,0,1,1
50599,-1,0,1.3619418,0.7960751,1,1,unassigned,6.0,4.0,2.0,0.6666667,0.33333334,0.3333333,0.007736944,0.0025789815,0,0,0,1,0
50600,1,0,5.014494,0.9934028,1,0,test,6.0,6.0,0.0,1.0,0.0,0.0,0.007736944,0.0,0,0,1,1,1
50601,-1,1,0.8828406,0.7074105,1,1,unassigned,28.0,25.0,3.0,0.89285713,0.10714286,0.107142866,0.050290134,0.0053882287,1,0,0,1,0
50602,-1,0,1.0762472,0.7457832,1,1,unassigned,3.0,1.0,2.0,0.33333334,0.6666667,0.6666666,0.001934236,0.0012894907,0,0,0,1,0
50603,-1,1,3.1171591,0.957595,1,1,unassigned,3.0,3.0,0.0,1.0,0.0,0.0,0.001934236,0.0,1,0,0,1,1
50604,-1,0,0.0498541,0.51246095,1,1,unassigned,4.0,4.0,0.0,1.0,0.0,0.0,0.003868472,0.0,0,0,0,1,0
50605,1,1,4.5487723,0.98953056,1,0,train,2.0,2.0,0.0,1.0,0.0,0.0,0.0,0.0,1,0,1,1,1
50606,-1,0,0.0504452,0.51260865,1,1,unassigned,12.0,12.0,0.0,1.0,0.0,0.0,0.01934236,0.0,0,0,0,1,0
50607,-1,1,0.5436346,0.63265747,1,1,unassigned,9.0,8.0,1.0,0.8888889,0.11111111,0.111111104,0.013539651,0.0015044058,1,0,0,1,0
50608,0,1,-0.7061876,0.3304418,0,0,test,5.0,4.0,1.0,0.8,0.2,0.19999999,0.0058027077,0.0011605415,1,0,1,0,0
50609,-1,0,-0.38958892,0.40381628,0,1,unassigned,2.0,1.0,1.0,0.5,0.5,0.5,0.0,0.0,0,0,0,0,0
50610,-1,1,4.516065,0.9891862,1,1,unassigned,6.0,6.0,0.0,1.0,0.0,0.0,0.007736944,0.0,1,0,0,1,1
50611,0,1,0.185637,0.54627645,1,1,test,12.0,12.0,0.0,1.0,0.0,0.0,0.01934236,0.0,1,0,0,1,0
50612,-1,1,0.44592005,0.60966873,1,1,unassigned,13.0,13.0,0.0,1.0,0.0,0.0,0.021276595,0.0,1,0,0,1,0
50613,-1,1,-0.21597561,0.446215,0,1,unassigned,16.0,16.0,0.0,1.0,0.0,0.0,0.027079303,0.0,1,0,0,0,0
50614,1,0,0.020690858,0.50517255,1,0,val,5.0,5.0,0.0,1.0,0.0,0.0,0.0058027077,0.0,0,0,1,1,0
50615,-1,0,-0.62896854,0.34774444,0,1,unassigned,10.0,10.0,0.0,1.0,0.0,0.0,0.015473888,0.0,0,0,0,0,0
50616,1,0,6.604939,0.9986482,1,0,unassigned,8.0,5.0,3.0,0.625,0.375,0.375,0.0116054155,0.004352031,0,0,1,1,1
50617,-1,0,2.5125496,0.925017,1,1,unassigned,4.0,4.0,0.0,1.0,0.0,0.0,0.003868472,0.0,0,0,0,1,1
50618,-1,0,-0.054042816,0.48649257,0,1,unassigned,2.0,2.0,0.0,1.0,0.0,0.0,0.0,0.0,0,0,0,0,0
50619,-1,0,1.3278692,0.790488,1,1,unassigned,3.0,1.0,2.0,0.33333334,0.6666667,0.6666666,0.001934236,0.0012894907,0,0,0,1,0
50620,1,1,0.23053879,0.5573808,1,0,val,15.0,15.0,0.0,1.0,0.0,0.0,0.025145067,0.0,1,0,1,1,0
50621,-1,1,-0.10769302,0.47310278,0,1,unassigned,24.0,24.0,0.0,1.0,0.0,0.0,0.04255319,0.0,1,0,0,0,0
50622,-1,1,1.5156567,0.819898,1,1,unassigned,13.0,13.0,0.0,1.0,0.0,0.0,0.021276595,0.0,1,0,0,1,0
50623,-1,1,0.45295805,0.6113423,1,1,unassigned,9.0,9.0,0.0,1.0,0.0,0.0,0.013539651,0.0,1,0,0,1,0
50624,-1,0,-0.81796074,0.30619672,0,1,unassigned,20.0,20.0,0.0,1.0,0.0,0.0,0.034816246,0.0,0,0,0,0,0
50625,-1,1,0.21169323,0.55272657,1,1,unassigned,13.0,13.0,0.0,1.0,0.0,0.0,0.021276595,0.0,1,0,0,1,0
50626,1,1,-0.03754735,0.49061427,0,1,unassigned,9.0,9.0,0.0,1.0,0.0,0.0,0.013539651,0.0,1,0,0,0,0
50627,0,0,-0.18611592,0.4536049,0,0,unassigned,6.0,1.0,5.0,0.16666667,0.8333333,0.8333333,0.007736944,0.0064474535,0,0,1,0,0
50628,-1,1,0.45334095,0.61143327,1,1,unassigned,7.0,7.0,0.0,1.0,0.0,0.0,0.00967118,0.0,1,0,0,1,0
50629,-1,1,0.5110324,0.62504846,1,1,unassigned,8.0,8.0,0.0,1.0,0.0,0.0,0.0116054155,0.0,1,0,0,1,0
50630,-1,1,7.2166066,0.9992662,1,1,unassigned,10.0,10.0,0.0,1.0,0.0,0.0,0.015473888,0.0,1,0,0,1,1
50631,-1,0,3.7311208,0.976595,1,1,unassigned,13.0,12.0,1.0,0.9230769,0.07692308,0.07692307,0.021276595,0.0016366612,0,0,0,1,1
50632,-1,1,1.4359558,0.8078276,1,1,unassigned,13.0,11.0,2.0,0.84615386,0.15384616,0.15384614,0.021276595,0.0032733225,1,0,0,1,0
50633,1,1,5.3347106,0.9952018,1,0,unassigned,20.0,17.0,3.0,0.85,0.15,0.14999998,0.034816246,0.005222437,1,0,1,1,1
50634,-1,0,12.919047,0.9999975,1,1,unassigned,4.0,4.0,0.0,1.0,0.0,0.0,0.003868472,0.0,0,0,0,1,1
50635,-1,1,-0.011693656,0.49707666,0,1,unassigned,4.0,4.0,0.0,1.0,0.0,0.0,0.003868472,0.0,1,0,0,0,0
50636,-1,1,3.257596,0.96294516,1,1,unassigned,4.0,4.0,0.0,1.0,0.0,0.0,0.003868472,0.0,1,0,0,1,1
50637,-1,1,2.8100495,0.9432165,1,1,unassigned,13.0,13.0,0.0,1.0,0.0,0.0,0.021276595,0.0,1,0,0,1,1
50638,-1,1,-0.5890452,0.35685396,0,1,unassigned,26.0,26.0,0.0,1.0,0.0,0.0,0.046421662,0.0,1,0,0,0,0
50639,1,1,-0.17152557,0.45722345,0,1,unassigned,24.0,24.0,0.0,1.0,0.0,0.0,0.04255319,0.0,1,0,0,0,0
50640,-1,1,1.6153753,0.83415633,1,1,unassigned,25.0,24.0,1.0,0.96,0.04,0.04000002,0.044487428,0.001779497,1,0,0,1,0
50641,0,1,0.17579776,0.5438366,1,1,unassigned,38.0,37.0,1.0,0.9736842,0.02631579,0.026315808,0.06963249,0.0018324341,1,0,0,1,0
50642,-1,1,-0.16643414,0.45848727,0,1,unassigned,12.0,12.0,0.0,1.0,0.0,0.0,0.01934236,0.0,1,0,0,0,0
50643,1,0,4.648683,0.9905166,1,0,test,19.0,15.0,4.0,0.7894737,0.21052632,0.21052629,0.032882012,0.006922529,0,0,1,1,1
50644,-1,1,1.3377445,0.79211885,1,1,unassigned,5.0,5.0,0.0,1.0,0.0,0.0,0.0058027077,0.0,1,0,0,1,0
50645,1,1,8.497593,0.9997961,1,0,unassigned,4.0,4.0,0.0,1.0,0.0,0.0,0.003868472,0.0,1,0,1,1,1
50646,-1,1,-0.5010897,0.37728462,0,1,unassigned,2.0,2.0,0.0,1.0,0.0,0.0,0.0,0.0,1,0,0,0,0
50647,-1,0,5.816524,0.99703085,1,1,unassigned,13.0,11.0,2.0,0.84615386,0.15384616,0.15384614,0.021276595,0.0032733225,0,0,0,1,1
50648,-1,0,1.3317149,0.7911241,1,1,unassigned,3.0,3.0,0.0,1.0,0.0,0.0,0.001934236,0.0,0,0,0,1,0
50649,-1,1,0.20200115,0.55032927,1,1,unassigned,12.0,11.0,1.0,0.9166667,0.083333336,0.08333331,0.01934236,0.0016118633,1,0,0,1,0
50650,-1,1,-0.6565246,0.34152076,0,1,unassigned,4.0,4.0,0.0,1.0,0.0,0.0,0.003868472,0.0,1,0,0,0,0
50651,-1,0,0.4593467,0.6128592,1,1,unassigned,3.0,3.0,0.0,1.0,0.0,0.0,0.001934236,0.0,0,0,0,1,0
50652,-1,1,-0.13964194,0.46514612,0,1,unassigned,30.0,30.0,0.0,1.0,0.0,0.0,0.054158606,0.0,1,0,0,0,0
50653,-1,0,3.4535825,0.9693378,1,1,unassigned,15.0,15.0,0.0,1.0,0.0,0.0,0.025145067,0.0,0,0,0,1,1
50654,-1,1,0.66828567,0.66111916,1,1,unassigned,3.0,3.0,0.0,1.0,0.0,0.0,0.001934236,0.0,1,0,0,1,0
50655,-1,1,0.2372052,0.5590248,1,1,unassigned,7.0,7.0,0.0,1.0,0.0,0.0,0.00967118,0.0,1,0,0,1,0
50656,-1,1,-0.73535734,0.32402018,0,1,unassigned,7.0,7.0,0.0,1.0,0.0,0.0,0.00967118,0.0,1,0,0,0,0
50657,-1,0,-0.111947656,0.47204223,0,1,unassigned,15.0,15.0,0.0,1.0,0.0,0.0,0.025145067,0.0,0,0,0,0,0
50658,-1,0,0.56135863,0.63676685,1,1,unassigned,4.0,3.0,1.0,0.75,0.25,0.25,0.003868472,0.000967118,0,0,0,1,0
50659,-1,1,0.9135836,0.71373284,1,1,unassigned,31.0,31.0,0.0,1.0,0.0,0.0,0.056092843,0.0,1,0,0,1,0
50660,-1,1,-0.42774308,0.3946654,0,1,unassigned,19.0,19.0,0.0,1.0,0.0,0.0,0.032882012,0.0,1,0,0,0,0
50661,-1,0,-0.37128088,0.40823156,0,1,unassigned,6.0,6.0,0.0,1.0,0.0,0.0,0.007736944,0.0,0,0,0,0,0
50662,-1,0,-0.37799984,0.4066094,0,1,unassigned,4.0,4.0,0.0,1.0,0.0,0.0,0.003868472,0.0,0,0,0,0,0
50663,-1,0,-0.37799984,0.4066094,0,1,unassigned,4.0,4.0,0.0,1.0,0.0,0.0,0.003868472,0.0,0,0,0,0,0
50664,-1,1,-1.2460327,0.22338764,0,1,unassigned,2.0,1.0,1.0,0.5,0.5,0.5,0.0,0.0,1,0,0,0,0
50665,-1,0,7.983277,0.99965894,1,1,unassigned,4.0,3.0,1.0,0.75,0.25,0.25,0.003868472,0.000967118,0,0,0,1,1
50666,-1,0,0.037210643,0.5093016,1,1,unassigned,2.0,2.0,0.0,1.0,0.0,0.0,0.0,0.0,0,0,0,1,0
50667,-1,1,1.1641653,0.7620887,1,1,unassigned,19.0,19.0,0.0,1.0,0.0,0.0,0.032882012,0.0,1,0,0,1,0
50668,-1,1,4.106113,0.9837953,1,1,unassigned,2.0,2.0,0.0,1.0,0.0,0.0,0.0,0.0,1,0,0,1,1
50669,-1,0,3.0955906,0.9567105,1,1,unassigned,4.0,4.0,0.0,1.0,0.0,0.0,0.003868472,0.0,0,0,0,1,1
50670,-1,1,-0.28493565,0.42924413,0,1,unassigned,10.0,10.0,0.0,1.0,0.0,0.0,0.015473888,0.0,1,0,0,0,0
50671,-1,1,5.4905047,0.9958912,1,1,unassigned,8.0,8.0,0.0,1.0,0.0,0.0,0.0116054155,0.0,1,0,0,1,1
50672,-1,0,2.7171261,0.93802965,1,1,unassigned,8.0,7.0,1.0,0.875,0.125,0.125,0.0116054155,0.0014506769,0,0,0,1,1
50673,1,0,-0.30187398,0.42509943,0,1,unassigned,33.0,32.0,1.0,0.969697,0.030303031,0.030303001,0.059961315,0.0018170096,0,0,0,0,0
50674,-1,0,-0.6872915,0.33463588,0,1,unassigned,12.0,11.0,1.0,0.9166667,0.083333336,0.08333331,0.01934236,0.0016118633,0,0,0,0,0
50675,0,0,-0.7383807,0.32335833,0,0,unassigned,15.0,15.0,0.0,1.0,0.0,0.0,0.025145067,0.0,0,0,1,0,0
50676,-1,0,2.133859,0.8941508,1,1,unassigned,5.0,5.0,0.0,1.0,0.0,0.0,0.0058027077,0.0,0,0,0,1,0
50677,-1,0,1.6542256,0.8394613,1,1,unassigned,12.0,11.0,1.0,0.9166667,0.083333336,0.08333331,0.01934236,0.0016118633,0,0,0,1,0
50678,-1,1,0.8652386,0.70375395,1,1,unassigned,8.0,7.0,1.0,0.875,0.125,0.125,0.0116054155,0.0014506769,1,0,0,1,0
50679,-1,1,-0.37934965,0.4062838,0,1,unassigned,2.0,2.0,0.0,1.0,0.0,0.0,0.0,0.0,1,0,0,0,0
50680,-1,1,1.6420252,0.83781034,1,1,unassigned,7.0,7.0,0.0,1.0,0.0,0.0,0.00967118,0.0,1,0,0,1,0
50681,-1,0,3.9578059,0.9812532,1,1,unassigned,7.0,6.0,1.0,0.85714287,0.14285715,0.14285713,0.00967118,0.0013815971,0,0,0,1,1
50682,1,0,8.096535,0.99969554,1,0,val,37.0,29.0,8.0,0.7837838,0.21621622,0.2162162,0.06769826,0.014637463,0,0,1,1,1
50683,-1,0,1.4976466,0.8172232,1,1,unassigned,11.0,11.0,0.0,1.0,0.0,0.0,0.017408123,0.0,0,0,0,1,0
50684,-1,1,-0.6791563,0.33644965,0,1,unassigned,22.0,21.0,1.0,0.95454544,0.045454547,0.04545456,0.03868472,0.0017583964,1,0,0,0,0
50685,-1,1,3.1382248,0.95844215,1,1,unassigned,25.0,22.0,3.0,0.88,0.12,0.120000005,0.044487428,0.0053384914,1,0,0,1,1
50686,0,0,-0.15553081,0.46119553,0,0,val,10.0,10.0,0.0,1.0,0.0,0.0,0.015473888,0.0,0,0,1,0,0
50687,-1,1,-0.17798832,0.45562002,0,1,unassigned,41.0,40.0,1.0,0.9756098,0.024390243,0.02439022,0.07543521,0.001839883,1,0,0,0,0
50688,-1,0,2.1457772,0.8952735,1,1,unassigned,15.0,15.0,0.0,1.0,0.0,0.0,0.025145067,0.0,0,0,0,1,0
50689,-1,0,-0.26405984,0.434366,0,1,unassigned,12.0,11.0,1.0,0.9166667,0.083333336,0.08333331,0.01934236,0.0016118633,0,0,0,0,0
50690,-1,0,0.5408333,0.6320062,1,1,unassigned,4.0,4.0,0.0,1.0,0.0,0.0,0.003868472,0.0,0,0,0,1,0
50691,1,1,6.456241,0.99843174,1,0,unassigned,7.0,6.0,1.0,0.85714287,0.14285715,0.14285713,0.00967118,0.0013815971,1,0,1,1,1
50692,-1,0,-0.33845848,0.416184,0,1,unassigned,2.0,2.0,0.0,1.0,0.0,0.0,0.0,0.0,0,0,0,0,0
50693,-1,0,7.247583,0.99928856,1,1,unassigned,2.0,2.0,0.0,1.0,0.0,0.0,0.0,0.0,0,0,0,1,1
50694,-1,0,-0.26123762,0.4350595,0,1,unassigned,4.0,4.0,0.0,1.0,0.0,0.0,0.003868472,0.0,0,0,0,0,0
50695,-1,0,-0.5007204,0.37737137,0,1,unassigned,2.0,2.0,0.0,1.0,0.0,0.0,0.0,0.0,0,0,0,0,0
50696,-1,0,-0.66192836,0.34030658,0,1,unassigned,2.0,2.0,0.0,1.0,0.0,0.0,0.0,0.0,0,0,0,0,0
50697,-1,0,5.2279277,0.99466395,1,1,unassigned,2.0,2.0,0.0,1.0,0.0,0.0,0.0,0.0,0,0,0,1,1
50698,-1,0,1.6767302,0.84247106,1,1,unassigned,2.0,1.0,1.0,0.5,0.5,0.5,0.0,0.0,0,0,0,1,0
50699,-1,1,1.6101575,0.8334332,1,1,unassigned,5.0,5.0,0.0,1.0,0.0,0.0,0.0058027077,0.0,1,0,0,1,0
50700,-1,1,5.3861427,0.9954412,1,1,unassigned,16.0,16.0,0.0,1.0,0.0,0.0,0.027079303,0.0,1,0,0,1,1
50701,-1,0,0.66354233,0.6600557,1,1,unassigned,3.0,3.0,0.0,1.0,0.0,0.0,0.001934236,0.0,0,0,0,1,0
50702,-1,0,8.908046,0.9998647,1,1,unassigned,3.0,2.0,1.0,0.6666667,0.33333334,0.3333333,0.001934236,0.00064474536,0,0,0,1,1
50703,-1,1,1.215774,0.77131903,1,1,unassigned,5.0,5.0,0.0,1.0,0.0,0.0,0.0058027077,0.0,1,0,0,1,0
50704,-1,0,1.20297,0.76905274,1,1,unassigned,2.0,2.0,0.0,1.0,0.0,0.0,0.0,0.0,0,0,0,1,0
50705,1,1,16.635185,0.9999999,1,0,val,2.0,1.0,1.0,0.5,0.5,0.5,0.0,0.0,1,0,1,1,1
50706,-1,0,0.09735888,0.5243205,1,1,unassigned,2.0,2.0,0.0,1.0,0.0,0.0,0.0,0.0,0,0,0,1,0
50707,1,0,2.1955006,0.8998447,1,0,unassigned,12.0,12.0,0.0,1.0,0.0,0.0,0.01934236,0.0,0,0,1,1,0
50708,-1,0,0.8408459,0.6986434,1,1,unassigned,4.0,4.0,0.0,1.0,0.0,0.0,0.003868472,0.0,0,0,0,1,0
50709,-1,1,0.85065967,0.7007055,1,1,unassigned,5.0,4.0,1.0,0.8,0.2,0.19999999,0.0058027077,0.0011605415,1,0,0,1,0
50710,-1,1,0.90292877,0.71155095,1,1,unassigned,2.0,2.0,0.0,1.0,0.0,0.0,0.0,0.0,1,0,0,1,0
50711,-1,1,4.6389213,0.99042445,1,1,unassigned,7.0,7.0,0.0,1.0,0.0,0.0,0.00967118,0.0,1,0,0,1,1
50712,-1,0,2.107064,0.89158785,1,1,unassigned,17.0,17.0,0.0,1.0,0.0,0.0,0.029013539,0.0,0,0,0,1,0
50713,-1,1,5.64501,0.9964773,1,1,unassigned,2.0,2.0,0.0,1.0,0.0,0.0,0.0,0.0,1,0,0,1,1
50714,-1,0,2.234447,0.90330046,1,1,unassigned,12.0,11.0,1.0,0.9166667,0.083333336,0.08333331,0.01934236,0.0016118633,0,0,0,1,1
50715,-1,0,0.956297,0.7223798,1,1,unassigned,22.0,22.0,0.0,1.0,0.0,0.0,0.03868472,0.0,0,0,0,1,0
50716,0,0,-0.3542925,0.41234186,0,0,unassigned,27.0,27.0,0.0,1.0,0.0,0.0,0.0483559,0.0,0,0,1,0,0
50717,-1,1,2.4781177,0.9225934,1,1,unassigned,2.0,2.0,0.0,1.0,0.0,0.0,0.0,0.0,1,0,0,1,1
50718,-1,0,0.97778183,0.7266679,1,1,unassigned,16.0,15.0,1.0,0.9375,0.0625,0.0625,0.027079303,0.0016924564,0,0,0,1,0
50719,-1,0,2.083163,0.8892559,1,1,unassigned,3.0,3.0,0.0,1.0,0.0,0.0,0.001934236,0.0,0,0,0,1,0
50720,-1,1,4.1052585,0.9837816,1,1,unassigned,4.0,4.0,0.0,1.0,0.0,0.0,0.003868472,0.0,1,0,0,1,1
50721,-1,1,3.0705209,0.9556603,1,1,unassigned,5.0,5.0,0.0,1.0,0.0,0.0,0.0058027077,0.0,1,0,0,1,1
50722,-1,1,0.89663416,0.71025735,1,1,unassigned,6.0,6.0,0.0,1.0,0.0,0.0,0.007736944,0.0,1,0,0,1,0
50723,-1,1,-0.583447,0.3581398,0,1,unassigned,29.0,27.0,2.0,0.9310345,0.06896552,0.068965495,0.05222437,0.0036016807,1,0,0,0,0
50724,1,0,1.8229058,0.8609144,1,0,unassigned,3.0,2.0,1.0,0.6666667,0.33333334,0.3333333,0.001934236,0.00064474536,0,0,1,1,0
50725,-1,1,4.2697835,0.9862081,1,1,unassigned,8.0,8.0,0.0,1.0,0.0,0.0,0.0116054155,0.0,1,0,0,1,1
50726,-1,0,0.13901234,0.53469723,1,1,unassigned,2.0,1.0,1.0,0.5,0.5,0.5,0.0,0.0,0,0,0,1,0
50727,-1,0,-0.81428754,0.3069776,0,1,unassigned,2.0,2.0,0.0,1.0,0.0,0.0,0.0,0.0,0,0,0,0,0
50728,-1,1,0.7907284,0.6879877,1,1,unassigned,7.0,7.0,0.0,1.0,0.0,0.0,0.00967118,0.0,1,0,0,1,0
50729,-1,0,0.9855023,0.72819865,1,1,unassigned,2.0,1.0,1.0,0.5,0.5,0.5,0.0,0.0,0,0,0,1,0
50730,-1,1,-0.94220155,0.28045586,0,1,unassigned,36.0,35.0,1.0,0.9722222,0.027777778,0.027777791,0.065764025,0.0018267785,1,0,0,0,0
50731,-1,1,0.53157705,0.62985086,1,1,unassigned,4.0,4.0,0.0,1.0,0.0,0.0,0.003868472,0.0,1,0,0,1,0
50732,-1,0,-0.17240497,0.45700517,0,1,unassigned,2.0,2.0,0.0,1.0,0.0,0.0,0.0,0.0,0,0,0,0,0
50733,0,0,0.13542926,0.53380567,1,1,unassigned,13.0,13.0,0.0,1.0,0.0,0.0,0.021276595,0.0,0,0,0,1,0
50734,-1,1,0.032767713,0.5081912,1,1,unassigned,2.0,2.0,0.0,1.0,0.0,0.0,0.0,0.0,1,0,0,1,0
50735,0,0,0.038098395,0.50952345,1,1,val,17.0,17.0,0.0,1.0,0.0,0.0,0.029013539,0.0,0,0,0,1,0
50736,1,0,-0.60859346,0.35238013,0,1,test,21.0,21.0,0.0,1.0,0.0,0.0,0.036750484,0.0,0,0,0,0,0
50737,-1,1,4.219251,0.98550355,1,1,unassigned,11.0,10.0,1.0,0.90909094,0.09090909,0.090909064,0.017408123,0.0015825568,1,0,0,1,1
50738,-1,0,4.8808184,0.9924664,1,1,unassigned,8.0,8.0,0.0,1.0,0.0,0.0,0.0116054155,0.0,0,0,0,1,1
50739,-1,0,3.1276624,0.95801944,1,1,unassigned,8.0,8.0,0.0,1.0,0.0,0.0,0.0116054155,0.0,0,0,0,1,1
50740,-1,0,3.9092019,0.98033786,1,1,unassigned,4.0,4.0,0.0,1.0,0.0,0.0,0.003868472,0.0,0,0,0,1,1
50741,-1,1,1.2691503,0.78059727,1,1,unassigned,11.0,10.0,1.0,0.90909094,0.09090909,0.090909064,0.017408123,0.0015825568,1,0,0,1,0
50742,-1,0,0.1376735,0.5343641,1,1,unassigned,7.0,7.0,0.0,1.0,0.0,0.0,0.00967118,0.0,0,0,0,1,0
50743,-1,0,-0.86724377,0.29582813,0,1,unassigned,12.0,12.0,0.0,1.0,0.0,0.0,0.01934236,0.0,0,0,0,0,0
50744,-1,1,2.6322157,0.9329063,1,1,unassigned,7.0,7.0,0.0,1.0,0.0,0.0,0.00967118,0.0,1,0,0,1,1
50745,-1,0,3.8630755,0.9794288,1,1,unassigned,5.0,3.0,2.0,0.6,0.4,0.39999998,0.0058027077,0.002321083,0,0,0,1,1
50746,-1,1,15.293536,0.99999976,1,1,unassigned,2.0,1.0,1.0,0.5,0.5,0.5,0.0,0.0,1,0,0,1,1
50747,-1,1,1.2305236,0.7739102,1,1,unassigned,6.0,6.0,0.0,1.0,0.0,0.0,0.007736944,0.0,1,0,0,1,0
50748,-1,0,1.4972084,0.81715775,1,1,unassigned,34.0,31.0,3.0,0.9117647,0.0882353,0.08823532,0.061895553,0.0054613724,0,0,0,1,0
50749,-1,0,2.155286,0.89616174,1,1,unassigned,6.0,5.0,1.0,0.8333333,0.16666667,0.16666669,0.007736944,0.0012894907,0,0,0,1,0
50750,-1,1,-0.47669807,0.3830321,0,1,unassigned,28.0,26.0,2.0,0.9285714,0.071428575,0.0714286,0.050290134,0.0035921526,1,0,0,0,0
50751,-1,0,0.64697474,0.6563284,1,1,unassigned,4.0,4.0,0.0,1.0,0.0,0.0,0.003868472,0.0,0,0,0,1,0
50752,1,1,0.14576358,0.53637654,1,0,unassigned,8.0,8.0,0.0,1.0,0.0,0.0,0.0116054155,0.0,1,0,1,1,0
50753,-1,0,3.3982184,0.96764886,1,1,unassigned,3.0,2.0,1.0,0.6666667,0.33333334,0.3333333,0.001934236,0.00064474536,0,0,0,1,1
50754,-1,1,3.449392,0.96921295,1,1,unassigned,5.0,5.0,0.0,1.0,0.0,0.0,0.0058027077,0.0,1,0,0,1,1
50755,-1,1,7.4155135,0.99939847,1,1,unassigned,10.0,10.0,0.0,1.0,0.0,0.0,0.015473888,0.0,1,0,0,1,1
50756,-1,1,-0.47902933,0.38248137,0,1,unassigned,7.0,7.0,0.0,1.0,0.0,0.0,0.00967118,0.0,1,0,0,0,0
50757,-1,0,1.2684498,0.7804773,1,1,unassigned,4.0,4.0,0.0,1.0,0.0,0.0,0.003868472,0.0,0,0,0,1,0
50758,-1,0,0.5308469,0.62968063,1,1,unassigned,8.0,8.0,0.0,1.0,0.0,0.0,0.0116054155,0.0,0,0,0,1,0
50759,-1,1,-0.26864216,0.43324047,0,1,unassigned,40.0,40.0,0.0,1.0,0.0,0.0,0.07350097,0.0,1,0,0,0,0
50760,-1,1,-0.27578372,0.43148777,0,1,unassigned,2.0,2.0,0.0,1.0,0.0,0.0,0.0,0.0,1,0,0,0,0
50761,-1,0,1.9927585,0.8800346,1,1,unassigned,8.0,5.0,3.0,0.625,0.375,0.375,0.0116054155,0.004352031,0,0,0,1,0
50762,-1,0,7.9857078,0.9996598,1,1,unassigned,3.0,3.0,0.0,1.0,0.0,0.0,0.001934236,0.0,0,0,0,1,1
50763,-1,0,1.2629673,0.7795365,1,1,unassigned,3.0,3.0,0.0,1.0,0.0,0.0,0.001934236,0.0,0,0,0,1,0
50764,-1,0,-0.1056605,0.47360942,0,1,unassigned,24.0,23.0,1.0,0.9583333,0.041666668,0.041666687,0.04255319,0.0017730496,0,0,0,0,0
50765,-1,0,0.3166688,0.57851213,1,1,unassigned,2.0,2.0,0.0,1.0,0.0,0.0,0.0,0.0,0,0,0,1,0
50766,-1,1,0.05635965,0.5140862,1,1,unassigned,2.0,2.0,0.0,1.0,0.0,0.0,0.0,0.0,1,0,0,1,0
50767,-1,1,-0.5936283,0.3558028,0,1,unassigned,3.0,3.0,0.0,1.0,0.0,0.0,0.001934236,0.0,1,0,0,0,0
50768,-1,1,0.20323545,0.5506347,1,1,unassigned,4.0,4.0,0.0,1.0,0.0,0.0,0.003868472,0.0,1,0,0,1,0
50769,-1,1,1.6853459,0.84361106,1,1,unassigned,15.0,11.0,4.0,0.73333335,0.26666668,0.26666665,0.025145067,0.0067053516,1,0,0,1,0
50770,-1,0,0.61426574,0.64891326,1,1,unassigned,34.0,34.0,0.0,1.0,0.0,0.0,0.061895553,0.0,0,0,0,1,0
50771,0,1,0.024501443,0.5061251,1,1,test,2.0,2.0,0.0,1.0,0.0,0.0,0.0,0.0,1,0,0,1,0
50772,-1,1,-0.2887079,0.42832023,0,1,unassigned,72.0,65.0,7.0,0.9027778,0.097222224,0.09722221,0.13539653,0.013163552,1,0,0,0,0
50773,-1,0,5.364437,0.9953418,1,1,unassigned,3.0,2.0,1.0,0.6666667,0.33333334,0.3333333,0.001934236,0.00064474536,0,0,0,1,1
50774,-1,1,1.3248243,0.7899833,1,1,unassigned,5.0,2.0,3.0,0.4,0.6,0.6,0.0058027077,0.0034816249,1,0,0,1,0
50775,-1,0,-1.0017774,0.26859212,0,1,unassigned,2.0,1.0,1.0,0.5,0.5,0.5,0.0,0.0,0,0,0,0,0
50776,-1,0,2.4491465,0.920499,1,1,unassigned,2.0,2.0,0.0,1.0,0.0,0.0,0.0,0.0,0,0,0,1,1
50777,-1,1,1.996484,0.8804275,1,1,unassigned,30.0,28.0,2.0,0.93333334,0.06666667,0.06666666,0.054158606,0.003610574,1,0,0,1,0
50778,-1,0,-0.0018594861,0.49953517,0,1,unassigned,7.0,7.0,0.0,1.0,0.0,0.0,0.00967118,0.0,0,0,0,0,0
50779,-1,1,-0.5472982,0.36649144,0,1,unassigned,2.0,2.0,0.0,1.0,0.0,0.0,0.0,0.0,1,0,0,0,0
50780,-1,0,-0.3955144,0.40239054,0,1,unassigned,9.0,9.0,0.0,1.0,0.0,0.0,0.013539651,0.0,0,0,0,0,0
50781,-1,0,-0.8332665,0.30295482,0,1,unassigned,2.0,2.0,0.0,1.0,0.0,0.0,0.0,0.0,0,0,0,0,0
50782,-1,0,0.95802456,0.7227261,1,1,unassigned,3.0,2.0,1.0,0.6666667,0.33333334,0.3333333,0.001934236,0.00064474536,0,0,0,1,0
50783,-1,0,0.9202196,0.7150868,1,1,unassigned,2.0,2.0,0.0,1.0,0.0,0.0,0.0,0.0,0,0,0,1,0
50784,-1,1,11.59597,0.9999908,1,1,unassigned,16.0,6.0,10.0,0.375,0.625,0.625,0.027079303,0.016924564,1,0,0,1,1
50785,-1,1,2.5862405,0.9299708,1,1,unassigned,20.0,20.0,0.0,1.0,0.0,0.0,0.034816246,0.0,1,0,0,1,1
50786,-1,0,3.462301,0.96959585,1,1,unassigned,3.0,3.0,0.0,1.0,0.0,0.0,0.001934236,0.0,0,0,0,1,1
50787,-1,0,0.58801466,0.64290947,1,1,unassigned,3.0,3.0,0.0,1.0,0.0,0.0,0.001934236,0.0,0,0,0,1,0
50788,-1,0,-0.60732317,0.35267007,0,1,unassigned,14.0,11.0,3.0,0.78571427,0.21428572,0.21428573,0.023210831,0.0049737496,0,0,0,0,0
50789,-1,0,0.69296414,0.666626,1,1,unassigned,2.0,2.0,0.0,1.0,0.0,0.0,0.0,0.0,0,0,0,1,0
50790,-1,1,1.1721659,0.7635363,1,1,unassigned,3.0,3.0,0.0,1.0,0.0,0.0,0.001934236,0.0,1,0,0,1,0
50791,-1,0,12.805797,0.99999726,1,1,unassigned,3.0,3.0,0.0,1.0,0.0,0.0,0.001934236,0.0,0,0,0,1,1
50792,-1,1,5.7094684,0.9966966,1,1,unassigned,5.0,2.0,3.0,0.4,0.6,0.6,0.0058027077,0.0034816249,1,0,0,1,1
50793,-1,0,5.3523192,0.9952852,1,1,unassigned,6.0,4.0,2.0,0.6666667,0.33333334,0.3333333,0.007736944,0.0025789815,0,0,0,1,1
50794,-1,1,-1.0138992,0.26621747,0,1,unassigned,5.0,3.0,2.0,0.6,0.4,0.39999998,0.0058027077,0.002321083,1,0,0,0,0
50795,-1,0,8.463593,0.99978906,1,1,unassigned,40.0,40.0,0.0,1.0,0.0,0.0,0.07350097,0.0,0,0,0,1,1
50796,-1,1,4.403129,0.987909,1,1,unassigned,36.0,35.0,1.0,0.9722222,0.027777778,0.027777791,0.065764025,0.0018267785,1,0,0,1,1
50797,-1,0,3.6935446,0.9757205,1,1,unassigned,9.0,9.0,0.0,1.0,0.0,0.0,0.013539651,0.0,0,0,0,1,1
50798,-1,0,4.3646483,0.9874406,1,1,unassigned,6.0,6.0,0.0,1.0,0.0,0.0,0.007736944,0.0,0,0,0,1,1
50799,-1,1,-0.26739857,0.4335459,0,1,unassigned,10.0,10.0,0.0,1.0,0.0,0.0,0.015473888,0.0,1,0,0,0,0
50800,-1,0,-0.27357486,0.4320297,0,1,unassigned,4.0,4.0,0.0,1.0,0.0,0.0,0.003868472,0.0,0,0,0,0,0
50801,-1,0,-0.29476964,0.42683658,0,1,unassigned,11.0,11.0,0.0,1.0,0.0,0.0,0.017408123,0.0,0,0,0,0,0
50802,-1,1,3.320511,0.9651258,1,1,unassigned,3.0,2.0,1.0,0.6666667,0.33333334,0.3333333,0.001934236,0.00064474536,1,0,0,1,1
50803,-1,1,1.6778057,0.8426137,1,1,unassigned,3.0,2.0,1.0,0.6666667,0.33333334,0.3333333,0.001934236,0.00064474536,1,0,0,1,0
50804,-1,0,1.3033545,0.786399,1,1,unassigned,12.0,11.0,1.0,0.9166667,0.083333336,0.08333331,0.01934236,0.0016118633,0,0,0,1,0
50805,1,1,8.772111,0.999845,1,0,val,8.0,8.0,0.0,1.0,0.0,0.0,0.0116054155,0.0,1,0,1,1,1
50806,-1,0,3.6345732,0.9742836,1,1,unassigned,10.0,10.0,0.0,1.0,0.0,0.0,0.015473888,0.0,0,0,0,1,1
50807,-1,0,5.059745,0.9936929,1,1,unassigned,3.0,3.0,0.0,1.0,0.0,0.0,0.001934236,0.0,0,0,0,1,1
50808,-1,0,2.0996182,0.8908661,1,1,unassigned,2.0,2.0,0.0,1.0,0.0,0.0,0.0,0.0,0,0,0,1,0
50809,-1,0,8.750907,0.9998417,1,1,unassigned,2.0,2.0,0.0,1.0,0.0,0.0,0.0,0.0,0,0,0,1,1
50810,-1,0,1.8902137,0.86877996,1,1,unassigned,4.0,4.0,0.0,1.0,0.0,0.0,0.003868472,0.0,0,0,0,1,0
50811,-1,0,1.9271622,0.87293494,1,1,unassigned,5.0,5.0,0.0,1.0,0.0,0.0,0.0058027077,0.0,0,0,0,1,0
50812,-1,1,-0.41101158,0.3986696,0,1,unassigned,9.0,9.0,0.0,1.0,0.0,0.0,0.013539651,0.0,1,0,0,0,0
50813,-1,0,1.1771381,0.76443285,1,1,unassigned,8.0,8.0,0.0,1.0,0.0,0.0,0.0116054155,0.0,0,0,0,1,0
50814,-1,0,-0.37536818,0.4072445,0,1,unassigned,8.0,8.0,0.0,1.0,0.0,0.0,0.0116054155,0.0,0,0,0,0,0
50815,1,1,0.5976351,0.6451151,1,0,unassigned,32.0,31.0,1.0,0.96875,0.03125,0.03125,0.058027077,0.0018133462,1,0,1,1,0
50816,-1,1,-0.23196489,0.44226742,0,1,unassigned,16.0,16.0,0.0,1.0,0.0,0.0,0.027079303,0.0,1,0,0,0,0
50817,-1,0,0.7298196,0.6747657,1,1,unassigned,5.0,5.0,0.0,1.0,0.0,0.0,0.0058027077,0.0,0,0,0,1,0
50818,-1,0,2.7980654,0.94257116,1,1,unassigned,12.0,9.0,3.0,0.75,0.25,0.25,0.01934236,0.00483559,0,0,0,1,1
50819,-1,1,1.0133796,0.733681,1,1,unassigned,4.0,4.0,0.0,1.0,0.0,0.0,0.003868472,0.0,1,0,0,1,0
50820,-1,1,0.9823063,0.7275656,1,1,unassigned,2.0,2.0,0.0,1.0,0.0,0.0,0.0,0.0,1,0,0,1,0
50821,1,0,0.11816138,0.529506,1,0,unassigned,10.0,9.0,1.0,0.9,0.1,0.100000024,0.015473888,0.0015473888,0,0,1,1,0
50822,-1,0,3.5614645,0.97238696,1,1,unassigned,12.0,12.0,0.0,1.0,0.0,0.0,0.01934236,0.0,0,0,0,1,1
50823,1,0,0.5076081,0.6242456,1,0,unassigned,9.0,8.0,1.0,0.8888889,0.11111111,0.111111104,0.013539651,0.0015044058,0,0,1,1,0
50824,-1,0,0.9972833,0.73052406,1,1,unassigned,6.0,6.0,0.0,1.0,0.0,0.0,0.007736944,0.0,0,0,0,1,0
50825,-1,1,0.176974,0.54412836,1,1,unassigned,11.0,11.0,0.0,1.0,0.0,0.0,0.017408123,0.0,1,0,0,1,0
50826,-1,1,2.8065517,0.9430288,1,1,unassigned,11.0,10.0,1.0,0.90909094,0.09090909,0.090909064,0.017408123,0.0015825568,1,0,0,1,1
50827,-1,0,2.20845,0.9010058,1,1,unassigned,12.0,10.0,2.0,0.8333333,0.16666667,0.16666669,0.01934236,0.0032237265,0,0,0,1,1
50828,-1,0,-0.20745122,0.44832242,0,1,unassigned,32.0,32.0,0.0,1.0,0.0,0.0,0.058027077,0.0,0,0,0,0,0
50829,-1,0,1.4338667,0.8075031,1,1,unassigned,8.0,8.0,0.0,1.0,0.0,0.0,0.0116054155,0.0,0,0,0,1,0
50830,-1,0,0.016804934,0.5042011,1,1,unassigned,8.0,8.0,0.0,1.0,0.0,0.0,0.0116054155,0.0,0,0,0,1,0
50831,-1,0,2.4998987,0.9241347,1,1,unassigned,5.0,3.0,2.0,0.6,0.4,0.39999998,0.0058027077,0.002321083,0,0,0,1,1
50832,-1,1,2.2848303,0.90761286,1,1,unassigned,4.0,4.0,0.0,1.0,0.0,0.0,0.003868472,0.0,1,0,0,1,1
50833,-1,0,2.7435458,0.93954784,1,1,unassigned,9.0,8.0,1.0,0.8888889,0.11111111,0.111111104,0.013539651,0.0015044058,0,0,0,1,1
50834,-1,0,-0.23528847,0.4414478,0,1,unassigned,3.0,3.0,0.0,1.0,0.0,0.0,0.001934236,0.0,0,0,0,0,0
50835,-1,1,2.6194685,0.9321041,1,1,unassigned,5.0,3.0,2.0,0.6,0.4,0.39999998,0.0058027077,0.002321083,1,0,0,1,1
50836,-1,1,-0.46733743,0.38524663,0,1,unassigned,77.0,76.0,1.0,0.987013,0.012987013,0.012987018,0.14506769,0.001883996,1,0,0,0,0
50837,-1,1,10.707842,0.9999776,1,1,unassigned,42.0,40.0,2.0,0.95238096,0.04761905,0.047619045,0.07736944,0.003684259,1,0,0,1,1
50838,-1,1,0.5196361,0.6270627,1,1,unassigned,8.0,8.0,0.0,1.0,0.0,0.0,0.0116054155,0.0,1,0,0,1,0
50839,-1,0,2.2056653,0.90075713,1,1,unassigned,5.0,5.0,0.0,1.0,0.0,0.0,0.0058027077,0.0,0,0,0,1,1
50840,-1,0,2.6784487,0.935743,1,1,unassigned,17.0,15.0,2.0,0.88235295,0.11764706,0.11764705,0.029013539,0.0034133575,0,0,0,1,1
50841,-1,0,0.10573375,0.52640885,1,1,unassigned,3.0,3.0,0.0,1.0,0.0,0.0,0.001934236,0.0,0,0,0,1,0
50842,-1,0,2.0981584,0.8907241,1,1,unassigned,10.0,9.0,1.0,0.9,0.1,0.100000024,0.015473888,0.0015473888,0,0,0,1,0
50843,-1,0,3.5190704,0.97122556,1,1,unassigned,2.0,2.0,0.0,1.0,0.0,0.0,0.0,0.0,0,0,0,1,1
50844,-1,1,5.59837,0.9963097,1,1,unassigned,14.0,12.0,2.0,0.85714287,0.14285715,0.14285713,0.023210831,0.0033158332,1,0,0,1,1
50845,-1,1,0.5245779,0.62821764,1,1,unassigned,3.0,3.0,0.0,1.0,0.0,0.0,0.001934236,0.0,1,0,0,1,0
50846,-1,0,-0.42981225,0.39417115,0,1,unassigned,5.0,5.0,0.0,1.0,0.0,0.0,0.0058027077,0.0,0,0,0,0,0
50847,-1,1,2.32778,0.91115177,1,1,unassigned,3.0,2.0,1.0,0.6666667,0.33333334,0.3333333,0.001934236,0.00064474536,1,0,0,1,1
50848,-1,0,-0.47486258,0.38346598,0,1,unassigned,11.0,11.0,0.0,1.0,0.0,0.0,0.017408123,0.0,0,0,0,0,0
50849,-1,1,1.6997323,0.84549975,1,1,unassigned,12.0,12.0,0.0,1.0,0.0,0.0,0.01934236,0.0,1,0,0,1,0
50850,-1,0,3.8740447,0.97964865,1,1,unassigned,5.0,5.0,0.0,1.0,0.0,0.0,0.0058027077,0.0,0,0,0,1,1
50851,1,1,0.4359855,0.607302,1,0,test,2.0,1.0,1.0,0.5,0.5,0.5,0.0,0.0,1,0,1,1,0
50852,-1,1,-0.35306895,0.41263837,0,1,unassigned,21.0,20.0,1.0,0.95238096,0.04761905,0.047619045,0.036750484,0.0017500231,1,0,0,0,0
50853,-1,1,-0.2880789,0.42847425,0,1,unassigned,25.0,24.0,1.0,0.96,0.04,0.04000002,0.044487428,0.001779497,1,0,0,0,0
50854,-1,1,-0.33400518,0.41726646,0,1,unassigned,11.0,11.0,0.0,1.0,0.0,0.0,0.017408123,0.0,1,0,0,0,0
50855,-1,1,-0.35307497,0.4126369,0,1,unassigned,12.0,10.0,2.0,0.8333333,0.16666667,0.16666669,0.01934236,0.0032237265,1,0,0,0,0
50856,-1,0,5.724632,0.99674606,1,1,unassigned,3.0,3.0,0.0,1.0,0.0,0.0,0.001934236,0.0,0,0,0,1,1
50857,-1,0,-0.5293918,0.37065876,0,1,unassigned,69.0,68.0,1.0,0.98550725,0.014492754,0.01449275,0.1295938,0.0018781711,0,0,0,0,0
50858,-1,0,3.603295,0.97348815,1,1,unassigned,5.0,5.0,0.0,1.0,0.0,0.0,0.0058027077,0.0,0,0,0,1,1
50859,-1,0,4.5547338,0.9895921,1,1,unassigned,4.0,4.0,0.0,1.0,0.0,0.0,0.003868472,0.0,0,0,0,1,1
50860,1,0,0.18056339,0.5450186,1,0,test,2.0,2.0,0.0,1.0,0.0,0.0,0.0,0.0,0,0,1,1,0
50861,1,1,-0.13393337,0.4665666,0,1,test,4.0,4.0,0.0,1.0,0.0,0.0,0.003868472,0.0,1,0,0,0,0
50862,-1,1,1.6008544,0.83213776,1,1,unassigned,26.0,20.0,6.0,0.7692308,0.23076923,0.23076922,0.046421662,0.010712692,1,0,0,1,0
50863,0,0,0.08986175,0.5224503,1,1,unassigned,4.0,4.0,0.0,1.0,0.0,0.0,0.003868472,0.0,0,0,0,1,0
50864,-1,0,0.77153593,0.68385303,1,1,unassigned,11.0,11.0,0.0,1.0,0.0,0.0,0.017408123,0.0,0,0,0,1,0
50865,-1,1,0.5803247,0.64114213,1,1,unassigned,3.0,3.0,0.0,1.0,0.0,0.0,0.001934236,0.0,1,0,0,1,0
50866,-1,0,0.7319419,0.6752313,1,1,unassigned,4.0,4.0,0.0,1.0,0.0,0.0,0.003868472,0.0,0,0,0,1,0
50867,-1,0,1.8871014,0.86842465,1,1,unassigned,6.0,6.0,0.0,1.0,0.0,0.0,0.007736944,0.0,0,0,0,1,0
50868,-1,1,0.030583918,0.50764537,1,1,unassigned,2.0,2.0,0.0,1.0,0.0,0.0,0.0,0.0,1,0,0,1,0
50869,-1,1,2.3775465,0.91509897,1,1,unassigned,4.0,4.0,0.0,1.0,0.0,0.0,0.003868472,0.0,1,0,0,1,1
50870,1,1,11.62841,0.99999106,1,0,unassigned,21.0,13.0,8.0,0.61904764,0.3809524,0.38095236,0.036750484,0.014000185,1,0,1,1,1
50871,-1,0,3.051524,0.95484835,1,1,unassigned,3.0,3.0,0.0,1.0,0.0,0.0,0.001934236,0.0,0,0,0,1,1
50872,-1,1,15.490015,0.99999976,1,1,unassigned,42.0,40.0,2.0,0.95238096,0.04761905,0.047619045,0.07736944,0.003684259,1,0,0,1,1
50873,-1,0,4.733416,0.9912804,1,1,unassigned,2.0,2.0,0.0,1.0,0.0,0.0,0.0,0.0,0,0,0,1,1
50874,-1,1,5.020666,0.99344313,1,1,unassigned,4.0,4.0,0.0,1.0,0.0,0.0,0.003868472,0.0,1,0,0,1,1
50875,-1,1,4.06391,0.98310846,1,1,unassigned,11.0,10.0,1.0,0.90909094,0.09090909,0.090909064,0.017408123,0.0015825568,1,0,0,1,1
50876,-1,0,-0.39047915,0.40360194,0,1,unassigned,9.0,8.0,1.0,0.8888889,0.11111111,0.111111104,0.013539651,0.0015044058,0,0,0,0,0
50877,-1,0,-0.67661065,0.3370182,0,1,unassigned,25.0,24.0,1.0,0.96,0.04,0.04000002,0.044487428,0.001779497,0,0,0,0,0
50878,-1,0,4.2464404,0.98588693,1,1,unassigned,4.0,4.0,0.0,1.0,0.0,0.0,0.003868472,0.0,0,0,0,1,1
50879,-1,1,0.9379085,0.71867704,1,1,unassigned,3.0,3.0,0.0,1.0,0.0,0.0,0.001934236,0.0,1,0,0,1,0
50880,-1,1,1.6122329,0.83372116,1,1,unassigned,7.0,7.0,0.0,1.0,0.0,0.0,0.00967118,0.0,1,0,0,1,0
50881,-1,1,0.1635803,0.54080415,1,1,unassigned,23.0,21.0,2.0,0.9130435,0.08695652,0.0869565,0.040618956,0.0035320832,1,0,0,1,0
50882,-1,1,2.8686957,0.9462771,1,1,unassigned,8.0,8.0,0.0,1.0,0.0,0.0,0.0116054155,0.0,1,0,0,1,1
50883,-1,0,-0.4601374,0.38695323,0,1,unassigned,4.0,2.0,2.0,0.5,0.5,0.5,0.003868472,0.001934236,0,0,0,0,0
50884,-1,0,2.5739622,0.9291669,1,1,unassigned,14.0,14.0,0.0,1.0,0.0,0.0,0.023210831,0.0,0,0,0,1,1
50885,-1,0,9.850273,0.9999473,1,1,unassigned,4.0,4.0,0.0,1.0,0.0,0.0,0.003868472,0.0,0,0,0,1,1
50886,-1,0,3.2847383,0.96390146,1,1,unassigned,2.0,2.0,0.0,1.0,0.0,0.0,0.0,0.0,0,0,0,1,1
50887,-1,0,4.7660966,0.9915583,1,1,unassigned,9.0,9.0,0.0,1.0,0.0,0.0,0.013539651,0.0,0,0,0,1,1
50888,-1,1,1.3264127,0.79024667,1,1,unassigned,4.0,4.0,0.0,1.0,0.0,0.0,0.003868472,0.0,1,0,0,1,0
50889,-1,0,0.24359846,0.5606002,1,1,unassigned,4.0,4.0,0.0,1.0,0.0,0.0,0.003868472,0.0,0,0,0,1,0
50890,1,1,3.6940053,0.97573143,1,0,train,12.0,8.0,4.0,0.6666667,0.33333334,0.3333333,0.01934236,0.006447453,1,0,1,1,1
50891,1,0,8.429317,0.99978167,1,0,val,4.0,3.0,1.0,0.75,0.25,0.25,0.003868472,0.000967118,0,0,1,1,1
50892,-1,0,-0.73420817,0.32427195,0,1,unassigned,23.0,23.0,0.0,1.0,0.0,0.0,0.040618956,0.0,0,0,0,0,0
50893,-1,0,4.8028264,0.99186033,1,1,unassigned,16.0,16.0,0.0,1.0,0.0,0.0,0.027079303,0.0,0,0,0,1,1
50894,-1,0,4.694118,0.990934,1,1,unassigned,6.0,5.0,1.0,0.8333333,0.16666667,0.16666669,0.007736944,0.0012894907,0,0,0,1,1
50895,-1,0,-0.24546605,0.43893978,0,1,unassigned,4.0,3.0,1.0,0.75,0.25,0.25,0.003868472,0.000967118,0,0,0,0,0
50896,-1,0,3.1769516,0.95995766,1,1,unassigned,4.0,4.0,0.0,1.0,0.0,0.0,0.003868472,0.0,0,0,0,1,1
50897,-1,1,-0.56762946,0.36178398,0,1,unassigned,18.0,18.0,0.0,1.0,0.0,0.0,0.030947777,0.0,1,0,0,0,0
50898,-1,0,-0.7640773,0.3177617,0,1,unassigned,4.0,4.0,0.0,1.0,0.0,0.0,0.003868472,0.0,0,0,0,0,0
50899,-1,0,-0.7377141,0.32350418,0,1,unassigned,7.0,7.0,0.0,1.0,0.0,0.0,0.00967118,0.0,0,0,0,0,0
50900,0,0,-0.911252,0.2867437,0,0,test,2.0,2.0,0.0,1.0,0.0,0.0,0.0,0.0,0,0,1,0,0
50901,-1,0,18.178493,1.0,1,1,unassigned,2.0,2.0,0.0,1.0,0.0,0.0,0.0,0.0,0,0,0,1,1
50902,1,0,7.7568393,0.99957234,1,0,test,64.0,64.0,0.0,1.0,0.0,0.0,0.11992263,0.0,0,0,1,1,1
50903,-1,0,-0.38336748,0.40531495,0,1,unassigned,18.0,18.0,0.0,1.0,0.0,0.0,0.030947777,0.0,0,0,0,0,0
50904,-1,0,-0.46423456,0.38598177,0,1,unassigned,14.0,14.0,0.0,1.0,0.0,0.0,0.023210831,0.0,0,0,0,0,0
50905,-1,0,2.8273408,0.9441355,1,1,unassigned,5.0,5.0,0.0,1.0,0.0,0.0,0.0058027077,0.0,0,0,0,1,1
50906,0,0,-0.38307863,0.40538454,0,0,unassigned,12.0,11.0,1.0,0.9166667,0.083333336,0.08333331,0.01934236,0.0016118633,0,0,1,0,0
50907,1,0,-0.12120736,0.46973518,0,1,train,24.0,23.0,1.0,0.9583333,0.041666668,0.041666687,0.04255319,0.0017730496,0,0,0,0,0
50908,-1,1,2.1522367,0.8958776,1,1,unassigned,25.0,25.0,0.0,1.0,0.0,0.0,0.044487428,0.0,1,0,0,1,0
50909,1,1,1.1047504,0.7511491,1,0,unassigned,4.0,4.0,0.0,1.0,0.0,0.0,0.003868472,0.0,1,0,1,1,0
50910,-1,1,2.2326214,0.90314096,1,1,unassigned,11.0,10.0,1.0,0.90909094,0.09090909,0.090909064,0.017408123,0.0015825568,1,0,0,1,1
50911,-1,0,-1.0751636,0.25442234,0,1,unassigned,2.0,2.0,0.0,1.0,0.0,0.0,0.0,0.0,0,0,0,0,0
50912,-1,1,2.376936,0.9150516,1,1,unassigned,28.0,28.0,0.0,1.0,0.0,0.0,0.050290134,0.0,1,0,0,1,1
50913,-1,1,2.0194845,0.88282776,1,1,unassigned,5.0,5.0,0.0,1.0,0.0,0.0,0.0058027077,0.0,1,0,0,1,0
50914,-1,0,5.0936685,0.99390197,1,1,unassigned,3.0,3.0,0.0,1.0,0.0,0.0,0.001934236,0.0,0,0,0,1,1
50915,-1,1,5.3021398,0.99504375,1,1,unassigned,4.0,3.0,1.0,0.75,0.25,0.25,0.003868472,0.000967118,1,0,0,1,1
50916,-1,1,6.7946157,0.9988815,1,1,unassigned,26.0,22.0,4.0,0.84615386,0.15384616,0.15384614,0.046421662,0.0071417945,1,0,0,1,1
50917,-1,0,4.825656,0.9920426,1,1,unassigned,5.0,5.0,0.0,1.0,0.0,0.0,0.0058027077,0.0,0,0,0,1,1
50918,-1,1,1.9141703,0.8714869,1,1,unassigned,14.0,14.0,0.0,1.0,0.0,0.0,0.023210831,0.0,1,0,0,1,0
50919,-1,1,10.47016,0.9999716,1,1,unassigned,10.0,8.0,2.0,0.8,0.2,0.19999999,0.015473888,0.0030947777,1,0,0,1,1
50920,-1,0,2.6738532,0.935466,1,1,unassigned,16.0,16.0,0.0,1.0,0.0,0.0,0.027079303,0.0,0,0,0,1,1
50921,-1,0,2.005801,0.8814048,1,1,unassigned,9.0,9.0,0.0,1.0,0.0,0.0,0.013539651,0.0,0,0,0,1,0
50922,-1,1,2.2607853,0.9055768,1,1,unassigned,26.0,25.0,1.0,0.96153843,0.03846154,0.038461566,0.046421662,0.0017854486,1,0,0,1,1
50923,-1,1,2.410143,0.9175975,1,1,unassigned,14.0,14.0,0.0,1.0,0.0,0.0,0.023210831,0.0,1,0,0,1,1
50924,-1,0,0.6327794,0.6531194,1,1,unassigned,15.0,14.0,1.0,0.93333334,0.06666667,0.06666666,0.025145067,0.0016763379,0,0,0,1,0
50925,-1,1,3.4726923,0.96990067,1,1,unassigned,4.0,3.0,1.0,0.75,0.25,0.25,0.003868472,0.000967118,1,0,0,1,1
50926,-1,0,-0.63380337,0.3466486,0,1,unassigned,11.0,10.0,1.0,0.90909094,0.09090909,0.090909064,0.017408123,0.0015825568,0,0,0,0,0
50927,-1,0,-0.44517484,0.39050862,0,1,unassigned,8.0,8.0,0.0,1.0,0.0,0.0,0.0116054155,0.0,0,0,0,0,0
50928,-1,0,-0.49620584,0.3784327,0,1,unassigned,2.0,2.0,0.0,1.0,0.0,0.0,0.0,0.0,0,0,0,0,0
50929,-1,0,1.0648761,0.7436213,1,1,unassigned,2.0,2.0,0.0,1.0,0.0,0.0,0.0,0.0,0,0,0,1,0
50930,-1,0,0.5587587,0.63616526,1,1,unassigned,8.0,8.0,0.0,1.0,0.0,0.0,0.0116054155,0.0,0,0,0,1,0
50931,-1,0,-0.8536579,0.2986661,0,1,unassigned,5.0,4.0,1.0,0.8,0.2,0.19999999,0.0058027077,0.0011605415,0,0,0,0,0
50932,0,1,2.88563,0.94713145,1,1,test,4.0,4.0,0.0,1.0,0.0,0.0,0.003868472,0.0,1,0,0,1,1
50933,-1,0,-0.050632954,0.48734447,0,1,unassigned,4.0,4.0,0.0,1.0,0.0,0.0,0.003868472,0.0,0,0,0,0,0
50934,-1,0,4.8943877,0.9925672,1,1,unassigned,2.0,2.0,0.0,1.0,0.0,0.0,0.0,0.0,0,0,0,1,1
50935,-1,0,0.13638496,0.5340435,1,1,unassigned,29.0,29.0,0.0,1.0,0.0,0.0,0.05222437,0.0,0,0,0,1,0
50936,-1,1,1.847254,0.86380434,1,1,unassigned,3.0,3.0,0.0,1.0,0.0,0.0,0.001934236,0.0,1,0,0,1,0
50937,-1,1,0.87521845,0.7058304,1,1,unassigned,3.0,3.0,0.0,1.0,0.0,0.0,0.001934236,0.0,1,0,0,1,0
50938,-1,1,9.566277,0.9999299,1,1,unassigned,6.0,4.0,2.0,0.6666667,0.33333334,0.3333333,0.007736944,0.0025789815,1,0,0,1,1
50939,1,0,1.3337071,0.7914531,1,0,test,12.0,11.0,1.0,0.9166667,0.083333336,0.08333331,0.01934236,0.0016118633,0,0,1,1,0
50940,0,0,0.5756851,0.64007396,1,1,test,18.0,18.0,0.0,1.0,0.0,0.0,0.030947777,0.0,0,0,0,1,0
50941,-1,0,-0.64321095,0.34452105,0,1,unassigned,12.0,12.0,0.0,1.0,0.0,0.0,0.01934236,0.0,0,0,0,0,0
50942,-1,0,-0.03792399,0.49052012,0,1,unassigned,2.0,1.0,1.0,0.5,0.5,0.5,0.0,0.0,0,0,0,0,0
50943,-1,1,1.4216807,0.8056018,1,1,unassigned,3.0,3.0,0.0,1.0,0.0,0.0,0.001934236,0.0,1,0,0,1,0
50944,-1,0,-0.09550434,0.47614205,0,1,unassigned,31.0,31.0,0.0,1.0,0.0,0.0,0.056092843,0.0,0,0,0,0,0
50945,-1,0,3.0864735,0.9563314,1,1,unassigned,2.0,2.0,0.0,1.0,0.0,0.0,0.0,0.0,0,0,0,1,1
50946,-1,0,1.0364904,0.73817223,1,1,unassigned,15.0,12.0,3.0,0.8,0.2,0.19999999,0.025145067,0.0050290134,0,0,0,1,0
50947,-1,0,0.77450925,0.68449557,1,1,unassigned,11.0,11.0,0.0,1.0,0.0,0.0,0.017408123,0.0,0,0,0,1,0
50948,-1,0,0.07277727,0.5181863,1,1,unassigned,14.0,14.0,0.0,1.0,0.0,0.0,0.023210831,0.0,0,0,0,1,0
50949,-1,0,1.6943016,0.844789,1,1,unassigned,21.0,18.0,3.0,0.85714287,0.14285715,0.14285713,0.036750484,0.0052500693,0,0,0,1,0
50950,-1,0,-0.24300957,0.43954486,0,1,unassigned,9.0,7.0,2.0,0.7777778,0.22222222,0.22222221,0.013539651,0.0030088115,0,0,0,0,0
50951,-1,0,1.5791805,0.8290884,1,1,unassigned,9.0,9.0,0.0,1.0,0.0,0.0,0.013539651,0.0,0,0,0,1,0
50952,-1,0,11.014275,0.99998355,1,1,unassigned,4.0,4.0,0.0,1.0,0.0,0.0,0.003868472,0.0,0,0,0,1,1
50953,-1,0,5.4295764,0.99563414,1,1,unassigned,5.0,5.0,0.0,1.0,0.0,0.0,0.0058027077,0.0,0,0,0,1,1
50954,1,0,5.2889647,0.99497837,1,0,train,3.0,3.0,0.0,1.0,0.0,0.0,0.001934236,0.0,0,0,1,1,1
50955,-1,0,1.8283246,0.861562,1,1,unassigned,4.0,4.0,0.0,1.0,0.0,0.0,0.003868472,0.0,0,0,0,1,0
50956,-1,1,-0.38733006,0.40436018,0,1,unassigned,18.0,18.0,0.0,1.0,0.0,0.0,0.030947777,0.0,1,0,0,0,0
50957,0,0,-0.41485435,0.3977487,0,0,unassigned,5.0,5.0,0.0,1.0,0.0,0.0,0.0058027077,0.0,0,0,1,0,0
50958,-1,0,3.5510495,0.9721059,1,1,unassigned,2.0,2.0,0.0,1.0,0.0,0.0,0.0,0.0,0,0,0,1,1
50959,-1,0,-0.65012485,0.3429614,0,1,unassigned,13.0,13.0,0.0,1.0,0.0,0.0,0.021276595,0.0,0,0,0,0,0
50960,-1,0,1.056797,0.74207795,1,1,unassigned,12.0,9.0,3.0,0.75,0.25,0.25,0.01934236,0.00483559,0,0,0,1,0
50961,-1,1,-0.043384254,0.48915562,0,1,unassigned,8.0,6.0,2.0,0.75,0.25,0.25,0.0116054155,0.0029013539,1,0,0,0,0
50962,-1,0,1.2745528,0.78152114,1,1,unassigned,2.0,2.0,0.0,1.0,0.0,0.0,0.0,0.0,0,0,0,1,0
50963,-1,0,2.7106507,0.93765223,1,1,unassigned,2.0,1.0,1.0,0.5,0.5,0.5,0.0,0.0,0,0,0,1,1
50964,-1,0,5.972057,0.99745744,1,1,unassigned,5.0,4.0,1.0,0.8,0.2,0.19999999,0.0058027077,0.0011605415,0,0,0,1,1
50965,-1,1,0.6126068,0.64853525,1,1,unassigned,9.0,8.0,1.0,0.8888889,0.11111111,0.111111104,0.013539651,0.0015044058,1,0,0,1,0
50966,-1,0,-0.97836405,0.27321652,0,1,unassigned,2.0,2.0,0.0,1.0,0.0,0.0,0.0,0.0,0,0,0,0,0
50967,-1,1,2.8850791,0.94710386,1,1,unassigned,4.0,3.0,1.0,0.75,0.25,0.25,0.003868472,0.000967118,1,0,0,1,1
50968,-1,1,0.025091827,0.5062726,1,1,unassigned,32.0,29.0,3.0,0.90625,0.09375,0.09375,0.058027077,0.0054400386,1,0,0,1,0
50969,1,1,-0.41076928,0.39872766,0,1,unassigned,2.0,2.0,0.0,1.0,0.0,0.0,0.0,0.0,1,0,0,0,0
50970,-1,0,2.1859639,0.8989819,1,1,unassigned,2.0,1.0,1.0,0.5,0.5,0.5,0.0,0.0,0,0,0,1,0
50971,-1,1,0.53776306,0.6312919,1,1,unassigned,2.0,2.0,0.0,1.0,0.0,0.0,0.0,0.0,1,0,0,1,0
50972,-1,0,0.2543012,0.56323487,1,1,unassigned,10.0,8.0,2.0,0.8,0.2,0.19999999,0.015473888,0.0030947777,0,0,0,1,0
50973,-1,0,1.8977537,0.8696371,1,1,unassigned,8.0,7.0,1.0,0.875,0.125,0.125,0.0116054155,0.0014506769,0,0,0,1,0
50974,-1,0,3.348144,0.96604395,1,1,unassigned,17.0,17.0,0.0,1.0,0.0,0.0,0.029013539,0.0,0,0,0,1,1
50975,-1,0,-0.17717648,0.4558214,0,1,unassigned,16.0,16.0,0.0,1.0,0.0,0.0,0.027079303,0.0,0,0,0,0,0
50976,1,0,3.6800687,0.97539926,1,0,val,2.0,2.0,0.0,1.0,0.0,0.0,0.0,0.0,0,0,1,1,1
50977,1,0,-0.3302186,0.41818747,0,1,unassigned,6.0,6.0,0.0,1.0,0.0,0.0,0.007736944,0.0,0,0,0,0,0
50978,-1,1,-0.22968793,0.44282913,0,1,unassigned,7.0,7.0,0.0,1.0,0.0,0.0,0.00967118,0.0,1,0,0,0,0
50979,1,0,-0.17920917,0.45531723,0,1,unassigned,26.0,26.0,0.0,1.0,0.0,0.0,0.046421662,0.0,0,0,0,0,0
50980,0,1,-0.4470246,0.39006847,0,0,test,53.0,50.0,3.0,0.9433962,0.056603774,0.05660379,0.09864604,0.005583738,1,0,1,0,0
50981,-1,0,1.804564,0.85870355,1,1,unassigned,12.0,11.0,1.0,0.9166667,0.083333336,0.08333331,0.01934236,0.0016118633,0,0,0,1,0
50982,-1,0,2.265949,0.9060174,1,1,unassigned,5.0,5.0,0.0,1.0,0.0,0.0,0.0058027077,0.0,0,0,0,1,1
50983,-1,1,1.1531997,0.7600949,1,1,unassigned,9.0,8.0,1.0,0.8888889,0.11111111,0.111111104,0.013539651,0.0015044058,1,0,0,1,0
50984,0,0,-0.6524654,0.34243414,0,0,unassigned,15.0,15.0,0.0,1.0,0.0,0.0,0.025145067,0.0,0,0,1,0,0
50985,0,1,-0.11365807,0.47161603,0,0,test,5.0,3.0,2.0,0.6,0.4,0.39999998,0.0058027077,0.002321083,1,0,1,0,0
50986,-1,1,0.095387995,0.5238289,1,1,unassigned,38.0,34.0,4.0,0.8947368,0.10526316,0.10526317,0.06963249,0.0073297364,1,0,0,1,0
50987,-1,0,-0.40167794,0.40090927,0,1,unassigned,16.0,13.0,3.0,0.8125,0.1875,0.1875,0.027079303,0.0050773695,0,0,0,0,0
50988,-1,1,0.5766681,0.6403004,1,1,unassigned,4.0,4.0,0.0,1.0,0.0,0.0,0.003868472,0.0,1,0,0,1,0
50989,0,0,0.76743144,0.68296504,1,1,test,6.0,6.0,0.0,1.0,0.0,0.0,0.007736944,0.0,0,0,0,1,0
50990,-1,0,1.4191155,0.80519974,1,1,unassigned,13.0,13.0,0.0,1.0,0.0,0.0,0.021276595,0.0,0,0,0,1,0
50991,-1,0,-0.8768043,0.29384047,0,1,unassigned,18.0,18.0,0.0,1.0,0.0,0.0,0.030947777,0.0,0,0,0,0,0
50992,-1,0,-0.9352751,0.28185573,0,1,unassigned,22.0,22.0,0.0,1.0,0.0,0.0,0.03868472,0.0,0,0,0,0,0
50993,-1,0,-0.19213814,0.45211273,0,1,unassigned,22.0,21.0,1.0,0.95454544,0.045454547,0.04545456,0.03868472,0.0017583964,0,0,0,0,0
50994,-1,0,4.6795163,0.9908019,1,1,unassigned,2.0,2.0,0.0,1.0,0.0,0.0,0.0,0.0,0,0,0,1,1
50995,-1,0,5.3016047,0.9950412,1,1,unassigned,8.0,6.0,2.0,0.75,0.25,0.25,0.0116054155,0.0029013539,0,0,0,1,1
50996,-1,0,-0.7731595,0.31579602,0,1,unassigned,2.0,2.0,0.0,1.0,0.0,0.0,0.0,0.0,0,0,0,0,0
50997,-1,0,2.7553966,0.9402174,1,1,unassigned,15.0,14.0,1.0,0.93333334,0.06666667,0.06666666,0.025145067,0.0016763379,0,0,0,1,1
50998,-1,1,-0.15566596,0.4611619,0,1,unassigned,10.0,10.0,0.0,1.0,0.0,0.0,0.015473888,0.0,1,0,0,0,0
50999,-1,1,-0.20011887,0.45013654,0,1,unassigned,2.0,2.0,0.0,1.0,0.0,0.0,0.0,0.0,1,0,0,0,0
51000,1,0,1.2658868,0.7800378,1,0,test,2.0,2.0,0.0,1.0,0.0,0.0,0.0,0.0,0,0,1,1,0
51001,-1,0,5.3342156,0.99519944,1,1,unassigned,4.0,4.0,0.0,1.0,0.0,0.0,0.003868472,0.0,0,0,0,1,1
51002,-1,1,-0.8686489,0.29553553,0,1,unassigned,9.0,9.0,0.0,1.0,0.0,0.0,0.013539651,0.0,1,0,0,0,0
51003,1,1,-0.046239674,0.48844215,0,1,test,33.0,32.0,1.0,0.969697,0.030303031,0.030303001,0.059961315,0.0018170096,1,0,0,0,0
51004,-1,0,-0.7731595,0.31579602,0,1,unassigned,2.0,2.0,0.0,1.0,0.0,0.0,0.0,0.0,0,0,0,0,0
51005,-1,0,-0.33464485,0.4171109,0,1,unassigned,6.0,6.0,0.0,1.0,0.0,0.0,0.007736944,0.0,0,0,0,0,0
51006,-1,0,4.337931,0.9871049,1,1,unassigned,2.0,2.0,0.0,1.0,0.0,0.0,0.0,0.0,0,0,0,1,1
51007,-1,0,1.869679,0.86642116,1,1,unassigned,16.0,14.0,2.0,0.875,0.125,0.125,0.027079303,0.0033849129,0,0,0,1,0
51008,-1,0,0.049663305,0.51241326,1,1,unassigned,2.0,2.0,0.0,1.0,0.0,0.0,0.0,0.0,0,0,0,1,0
51009,1,0,-0.5507366,0.36569354,0,1,unassigned,5.0,5.0,0.0,1.0,0.0,0.0,0.0058027077,0.0,0,0,0,0,0
51010,-1,1,-0.81189346,0.30748716,0,1,unassigned,94.0,92.0,2.0,0.9787234,0.021276595,0.021276593,0.17794971,0.0037861639,1,0,0,0,0
51011,-1,0,-0.6460003,0.3438914,0,1,unassigned,24.0,24.0,0.0,1.0,0.0,0.0,0.04255319,0.0,0,0,0,0,0
51012,-1,1,-0.55756474,0.36411113,0,1,unassigned,67.0,67.0,0.0,1.0,0.0,0.0,0.12572534,0.0,1,0,0,0,0
51013,-1,0,-0.91661036,0.28564903,0,1,unassigned,47.0,47.0,0.0,1.0,0.0,0.0,0.08704062,0.0,0,0,0,0,0
51014,-1,0,-0.16440907,0.45899007,0,1,unassigned,27.0,26.0,1.0,0.962963,0.037037037,0.037037015,0.0483559,0.0017909593,0,0,0,0,0
51015,-1,1,-0.90894353,0.28721607,0,1,unassigned,27.0,26.0,1.0,0.962963,0.037037037,0.037037015,0.0483559,0.0017909593,1,0,0,0,0
51016,-1,1,3.8412173,0.9789837,1,1,unassigned,5.0,1.0,4.0,0.2,0.8,0.8,0.0058027077,0.004642166,1,1,0,1,1
51017,-1,0,6.3715796,0.99829346,1,1,unassigned,2.0,2.0,0.0,1.0,0.0,0.0,0.0,0.0,0,0,0,1,1
51018,1,1,-0.04271263,0.4893235,0,1,test,7.0,5.0,2.0,0.71428573,0.2857143,0.28571427,0.00967118,0.0027631943,1,0,0,0,0
51019,-1,1,1.7829845,0.856065,1,1,unassigned,2.0,2.0,0.0,1.0,0.0,0.0,0.0,0.0,1,0,0,1,0
51020,-1,1,-0.980981,0.27269718,0,1,unassigned,2.0,2.0,0.0,1.0,0.0,0.0,0.0,0.0,1,0,0,0,0
51021,-1,0,2.2571504,0.90526557,1,1,unassigned,3.0,2.0,1.0,0.6666667,0.33333334,0.3333333,0.001934236,0.00064474536,0,0,0,1,1
51022,-1,0,0.08537716,0.5213313,1,1,unassigned,3.0,3.0,0.0,1.0,0.0,0.0,0.001934236,0.0,0,0,0,1,0
51023,1,0,0.4006021,0.5988323,1,0,unassigned,12.0,12.0,0.0,1.0,0.0,0.0,0.01934236,0.0,0,0,1,1,0
51024,-1,1,0.7065843,0.66964597,1,1,unassigned,9.0,9.0,0.0,1.0,0.0,0.0,0.013539651,0.0,1,0,0,1,0
51025,-1,1,0.08426136,0.5210529,1,1,unassigned,12.0,10.0,2.0,0.8333333,0.16666667,0.16666669,0.01934236,0.0032237265,1,0,0,1,0
51026,-1,1,-1.4148502,0.19547017,0,1,unassigned,9.0,9.0,0.0,1.0,0.0,0.0,0.013539651,0.0,1,0,0,0,0
51027,-1,0,-0.5104112,0.37509716,0,1,unassigned,2.0,2.0,0.0,1.0,0.0,0.0,0.0,0.0,0,0,0,0,0
51028,-1,0,0.67799443,0.6632909,1,1,unassigned,2.0,2.0,0.0,1.0,0.0,0.0,0.0,0.0,0,0,0,1,0
51029,-1,0,-0.6828174,0.33563277,0,1,unassigned,2.0,2.0,0.0,1.0,0.0,0.0,0.0,0.0,0,0,0,0,0
51030,-1,1,1.030803,0.7370715,1,1,unassigned,6.0,5.0,1.0,0.8333333,0.16666667,0.16666669,0.007736944,0.0012894907,1,0,0,1,0
51031,-1,0,-0.8932432,0.290441,0,1,unassigned,3.0,3.0,0.0,1.0,0.0,0.0,0.001934236,0.0,0,0,0,0,0
51032,-1,0,-0.34320772,0.4150305,0,1,unassigned,2.0,2.0,0.0,1.0,0.0,0.0,0.0,0.0,0,0,0,0,0
51033,-1,0,-0.36445978,0.4098804,0,1,unassigned,7.0,7.0,0.0,1.0,0.0,0.0,0.00967118,0.0,0,0,0,0,0
51034,-1,0,-0.54951924,0.36597595,0,1,unassigned,5.0,5.0,0.0,1.0,0.0,0.0,0.0058027077,0.0,0,0,0,0,0
51035,-1,1,5.8995895,0.9972669,1,1,unassigned,19.0,12.0,7.0,0.6315789,0.36842105,0.36842108,0.032882012,0.012114425,1,0,0,1,1
51036,1,0,9.693407,0.99993837,1,0,unassigned,25.0,22.0,3.0,0.88,0.12,0.120000005,0.044487428,0.0053384914,0,0,1,1,1
51037,-1,1,4.9841194,0.9932007,1,1,unassigned,33.0,26.0,7.0,0.7878788,0.21212122,0.21212119,0.059961315,0.012719067,1,0,0,1,1
51038,-1,0,-0.36958078,0.40864232,0,1,unassigned,3.0,3.0,0.0,1.0,0.0,0.0,0.001934236,0.0,0,0,0,0,0
51039,-1,1,1.530545,0.82208604,1,1,unassigned,2.0,2.0,0.0,1.0,0.0,0.0,0.0,0.0,1,0,0,1,0
51040,-1,1,2.5518215,0.9276958,1,1,unassigned,2.0,2.0,0.0,1.0,0.0,0.0,0.0,0.0,1,0,0,1,1
51041,0,0,2.924519,0.94904524,1,1,unassigned,2.0,2.0,0.0,1.0,0.0,0.0,0.0,0.0,0,0,0,1,1
51042,-1,0,4.2460074,0.98588085,1,1,unassigned,11.0,8.0,3.0,0.72727275,0.27272728,0.27272725,0.017408123,0.00474767,0,0,0,1,1
51043,-1,1,4.741181,0.99134713,1,1,unassigned,6.0,5.0,1.0,0.8333333,0.16666667,0.16666669,0.007736944,0.0012894907,1,0,0,1,1
51044,-1,0,0.36974114,0.5913964,1,1,unassigned,8.0,8.0,0.0,1.0,0.0,0.0,0.0116054155,0.0,0,0,0,1,0
51045,-1,1,0.3694299,0.59132123,1,1,unassigned,3.0,2.0,1.0,0.6666667,0.33333334,0.3333333,0.001934236,0.00064474536,1,0,0,1,0
51046,-1,0,0.09874296,0.5246657,1,1,unassigned,2.0,2.0,0.0,1.0,0.0,0.0,0.0,0.0,0,0,0,1,0
51047,1,0,-0.48599872,0.3808366,0,1,test,3.0,3.0,0.0,1.0,0.0,0.0,0.001934236,0.0,0,0,0,0,0
51048,1,1,0.57724756,0.64043385,1,0,val,9.0,9.0,0.0,1.0,0.0,0.0,0.013539651,0.0,1,0,1,1,0
51049,1,0,-0.71808463,0.32781488,0,1,unassigned,3.0,3.0,0.0,1.0,0.0,0.0,0.001934236,0.0,0,0,0,0,0
51050,-1,0,3.4389894,0.9689011,1,1,unassigned,10.0,10.0,0.0,1.0,0.0,0.0,0.015473888,0.0,0,0,0,1,1
51051,-1,0,3.8571332,0.97930866,1,1,unassigned,2.0,2.0,0.0,1.0,0.0,0.0,0.0,0.0,0,0,0,1,1
51052,-1,0,0.69357806,0.6667624,1,1,unassigned,3.0,3.0,0.0,1.0,0.0,0.0,0.001934236,0.0,0,0,0,1,0
51053,-1,0,8.409508,0.9997774,1,1,unassigned,14.0,13.0,1.0,0.9285714,0.071428575,0.0714286,0.023210831,0.0016579166,0,0,0,1,1
51054,-1,0,0.23030525,0.55732316,1,1,unassigned,6.0,6.0,0.0,1.0,0.0,0.0,0.007736944,0.0,0,0,0,1,0
51055,-1,0,2.7153084,0.93792397,1,1,unassigned,3.0,3.0,0.0,1.0,0.0,0.0,0.001934236,0.0,0,0,0,1,1
51056,-1,0,1.8173563,0.8602486,1,1,unassigned,3.0,3.0,0.0,1.0,0.0,0.0,0.001934236,0.0,0,0,0,1,0
51057,1,0,4.7399344,0.99133646,1,0,unassigned,20.0,19.0,1.0,0.95,0.05,0.050000012,0.034816246,0.0017408123,0,0,1,1,1
51058,-1,0,3.1190484,0.95767164,1,1,unassigned,13.0,8.0,5.0,0.61538464,0.3846154,0.38461536,0.021276595,0.008183306,0,0,0,1,1
51059,-1,0,-0.69164276,0.33366773,0,1,unassigned,15.0,15.0,0.0,1.0,0.0,0.0,0.025145067,0.0,0,0,0,0,0
51060,-1,0,4.3319993,0.9870292,1,1,unassigned,13.0,12.0,1.0,0.9230769,0.07692308,0.07692307,0.021276595,0.0016366612,0,0,0,1,1
51061,-1,1,-0.16349709,0.45921656,0,1,unassigned,16.0,16.0,0.0,1.0,0.0,0.0,0.027079303,0.0,1,0,0,0,0
51062,-1,0,0.10746634,0.52684075,1,1,unassigned,2.0,2.0,0.0,1.0,0.0,0.0,0.0,0.0,0,0,0,1,0
51063,-1,0,0.10746634,0.52684075,1,1,unassigned,2.0,2.0,0.0,1.0,0.0,0.0,0.0,0.0,0,0,0,1,0
51064,-1,0,-0.6248142,0.34868732,0,1,unassigned,36.0,35.0,1.0,0.9722222,0.027777778,0.027777791,0.065764025,0.0018267785,0,0,0,0,0
51065,-1,0,-0.008403659,0.4978991,0,1,unassigned,2.0,2.0,0.0,1.0,0.0,0.0,0.0,0.0,0,0,0,0,0
51066,0,0,-0.27425188,0.43186358,0,0,unassigned,26.0,26.0,0.0,1.0,0.0,0.0,0.046421662,0.0,0,0,1,0,0
51067,-1,0,-0.58048326,0.3588214,0,1,unassigned,2.0,2.0,0.0,1.0,0.0,0.0,0.0,0.0,0,0,0,0,0
51068,-1,1,-0.45761067,0.3875528,0,1,unassigned,15.0,14.0,1.0,0.93333334,0.06666667,0.06666666,0.025145067,0.0016763379,1,0,0,0,0
51069,-1,0,0.22234064,0.5553573,1,1,unassigned,2.0,2.0,0.0,1.0,0.0,0.0,0.0,0.0,0,0,0,1,0
51070,-1,1,0.24455887,0.56083685,1,1,unassigned,2.0,1.0,1.0,0.5,0.5,0.5,0.0,0.0,1,0,0,1,0
51071,-1,0,0.67218167,0.6619915,1,1,unassigned,2.0,2.0,0.0,1.0,0.0,0.0,0.0,0.0,0,0,0,1,0
51072,-1,0,6.6051745,0.99864846,1,1,unassigned,14.0,13.0,1.0,0.9285714,0.071428575,0.0714286,0.023210831,0.0016579166,0,0,0,1,1
51073,-1,0,2.7919102,0.94223714,1,1,unassigned,5.0,5.0,0.0,1.0,0.0,0.0,0.0058027077,0.0,0,0,0,1,1
51074,-1,0,3.1246731,0.9578991,1,1,unassigned,3.0,2.0,1.0,0.6666667,0.33333334,0.3333333,0.001934236,0.00064474536,0,0,0,1,1
51075,-1,0,2.3031886,0.90914077,1,1,unassigned,7.0,7.0,0.0,1.0,0.0,0.0,0.00967118,0.0,0,0,0,1,1
51076,-1,0,-0.12840676,0.46794236,0,1,unassigned,3.0,3.0,0.0,1.0,0.0,0.0,0.001934236,0.0,0,0,0,0,0
51077,-1,1,-0.21725357,0.44589925,0,1,unassigned,16.0,15.0,1.0,0.9375,0.0625,0.0625,0.027079303,0.0016924564,1,0,0,0,0
51078,-1,0,4.4135895,0.9880333,1,1,unassigned,2.0,2.0,0.0,1.0,0.0,0.0,0.0,0.0,0,0,0,1,1
51079,-1,0,1.8459284,0.86364836,1,1,unassigned,5.0,5.0,0.0,1.0,0.0,0.0,0.0058027077,0.0,0,0,0,1,0
51080,-1,0,0.6658222,0.66056705,1,1,unassigned,6.0,6.0,0.0,1.0,0.0,0.0,0.007736944,0.0,0,0,0,1,0
51081,-1,0,0.3452037,0.585454,1,1,unassigned,12.0,8.0,4.0,0.6666667,0.33333334,0.3333333,0.01934236,0.006447453,0,0,0,1,0
51082,-1,0,0.8406165,0.69859505,1,1,unassigned,17.0,12.0,5.0,0.7058824,0.29411766,0.29411763,0.029013539,0.008533394,0,0,0,1,0
51083,1,0,-0.17309713,0.45683345,0,1,val,3.0,2.0,1.0,0.6666667,0.33333334,0.3333333,0.001934236,0.00064474536,0,0,0,0,0
51084,-1,0,0.23903877,0.55947673,1,1,unassigned,18.0,18.0,0.0,1.0,0.0,0.0,0.030947777,0.0,0,0,0,1,0
51085,-1,0,0.6307226,0.6526533,1,1,unassigned,3.0,3.0,0.0,1.0,0.0,0.0,0.001934236,0.0,0,0,0,1,0
51086,-1,0,1.9873667,0.87946427,1,1,unassigned,4.0,4.0,0.0,1.0,0.0,0.0,0.003868472,0.0,0,0,0,1,0
51087,-1,1,7.955462,0.9996494,1,1,unassigned,82.0,66.0,16.0,0.80487806,0.19512194,0.19512194,0.15473887,0.030192949,1,0,0,1,1
51088,-1,1,2.12864,0.89365584,1,1,unassigned,3.0,3.0,0.0,1.0,0.0,0.0,0.001934236,0.0,1,0,0,1,0
51089,-1,0,0.76666087,0.68279815,1,1,unassigned,2.0,2.0,0.0,1.0,0.0,0.0,0.0,0.0,0,0,0,1,0
51090,-1,0,-0.24339986,0.43944868,0,1,unassigned,2.0,2.0,0.0,1.0,0.0,0.0,0.0,0.0,0,0,0,0,0
51091,-1,1,2.9221394,0.94893,1,1,unassigned,4.0,3.0,1.0,0.75,0.25,0.25,0.003868472,0.000967118,1,0,0,1,1
51092,-1,0,3.1391404,0.9584786,1,1,unassigned,7.0,7.0,0.0,1.0,0.0,0.0,0.00967118,0.0,0,0,0,1,1
51093,-1,1,1.9722507,0.8778526,1,1,unassigned,6.0,5.0,1.0,0.8333333,0.16666667,0.16666669,0.007736944,0.0012894907,1,0,0,1,0
51094,-1,1,2.045836,0.8855262,1,1,unassigned,3.0,3.0,0.0,1.0,0.0,0.0,0.001934236,0.0,1,0,0,1,0
51095,-1,1,0.0061784387,0.5015446,1,1,unassigned,4.0,4.0,0.0,1.0,0.0,0.0,0.003868472,0.0,1,0,0,1,0
51096,-1,1,1.508996,0.8189123,1,1,unassigned,3.0,3.0,0.0,1.0,0.0,0.0,0.001934236,0.0,1,0,0,1,0
51097,-1,1,0.7158627,0.6716953,1,1,unassigned,3.0,3.0,0.0,1.0,0.0,0.0,0.001934236,0.0,1,0,0,1,0
51098,-1,1,1.6421359,0.83782536,1,1,unassigned,42.0,37.0,5.0,0.88095236,0.11904762,0.11904764,0.07736944,0.009210647,1,0,0,1,0
51099,-1,0,6.6508336,0.9987087,1,1,unassigned,3.0,3.0,0.0,1.0,0.0,0.0,0.001934236,0.0,0,0,0,1,1
51100,-1,1,-0.9911768,0.27067968,0,1,unassigned,32.0,32.0,0.0,1.0,0.0,0.0,0.058027077,0.0,1,0,0,0,0
51101,-1,1,0.90794724,0.71257997,1,1,unassigned,3.0,3.0,0.0,1.0,0.0,0.0,0.001934236,0.0,1,0,0,1,0
51102,1,1,-0.7116266,0.32923952,0,1,unassigned,10.0,8.0,2.0,0.8,0.2,0.19999999,0.015473888,0.0030947777,1,0,0,0,0
51103,1,1,1.3973069,0.80175614,1,0,val,15.0,13.0,2.0,0.8666667,0.13333334,0.13333333,0.025145067,0.0033526758,1,0,1,1,0
51104,-1,1,-0.64336413,0.34448647,0,1,unassigned,60.0,59.0,1.0,0.98333335,0.016666668,0.01666665,0.11218569,0.0018697615,1,0,0,0,0
51105,-1,1,-0.6210668,0.3495389,0,1,unassigned,38.0,38.0,0.0,1.0,0.0,0.0,0.06963249,0.0,1,0,0,0,0
51106,1,0,8.3869,0.99977225,1,0,val,4.0,4.0,0.0,1.0,0.0,0.0,0.003868472,0.0,0,0,1,1,1
51107,-1,1,0.73723346,0.6763906,1,1,unassigned,23.0,23.0,0.0,1.0,0.0,0.0,0.040618956,0.0,1,0,0,1,0
51108,-1,0,4.0869036,0.9834862,1,1,unassigned,5.0,5.0,0.0,1.0,0.0,0.0,0.0058027077,0.0,0,0,0,1,1
51109,1,0,-0.37447298,0.40746063,0,1,train,18.0,18.0,0.0,1.0,0.0,0.0,0.030947777,0.0,0,0,0,0,0
51110,-1,1,-0.7750828,0.31538063,0,1,unassigned,97.0,90.0,7.0,0.92783505,0.072164945,0.07216495,0.18375242,0.013260483,1,0,0,0,0
51111,-1,0,-1.0161417,0.26577964,0,1,unassigned,14.0,14.0,0.0,1.0,0.0,0.0,0.023210831,0.0,0,0,0,0,0
51112,-1,0,-0.4444791,0.3906742,0,1,unassigned,41.0,41.0,0.0,1.0,0.0,0.0,0.07543521,0.0,0,0,0,0,0
51113,0,0,-0.087979674,0.47801927,0,0,val,23.0,23.0,0.0,1.0,0.0,0.0,0.040618956,0.0,0,0,1,0,0
51114,1,1,3.7444189,0.97689706,1,0,val,7.0,7.0,0.0,1.0,0.0,0.0,0.00967118,0.0,1,0,1,1,1
51115,-1,1,4.0101438,0.9821921,1,1,unassigned,4.0,4.0,0.0,1.0,0.0,0.0,0.003868472,0.0,1,0,0,1,1
51116,-1,1,7.0375924,0.99912256,1,1,unassigned,4.0,3.0,1.0,0.75,0.25,0.25,0.003868472,0.000967118,1,0,0,1,1
51117,-1,0,0.46879083,0.6150975,1,1,unassigned,6.0,6.0,0.0,1.0,0.0,0.0,0.007736944,0.0,0,0,0,1,0
51118,1,0,14.309973,0.9999994,1,0,unassigned,14.0,11.0,3.0,0.78571427,0.21428572,0.21428573,0.023210831,0.0049737496,0,0,1,1,1
51119,1,0,12.392863,0.9999958,1,0,val,3.0,3.0,0.0,1.0,0.0,0.0,0.001934236,0.0,0,0,1,1,1
51120,-1,1,3.2421346,0.96238947,1,1,unassigned,10.0,9.0,1.0,0.9,0.1,0.100000024,0.015473888,0.0015473888,1,0,0,1,1
51121,-1,0,5.5940843,0.99629396,1,1,unassigned,14.0,13.0,1.0,0.9285714,0.071428575,0.0714286,0.023210831,0.0016579166,0,0,0,1,1
51122,1,1,2.4190285,0.91826683,1,0,unassigned,14.0,14.0,0.0,1.0,0.0,0.0,0.023210831,0.0,1,0,1,1,1
51123,-1,0,3.7069647,0.97603637,1,1,unassigned,6.0,6.0,0.0,1.0,0.0,0.0,0.007736944,0.0,0,0,0,1,1
51124,0,1,-0.36106634,0.41070142,0,0,unassigned,4.0,4.0,0.0,1.0,0.0,0.0,0.003868472,0.0,1,0,1,0,0
51125,-1,1,0.038517,0.50962806,1,1,unassigned,10.0,10.0,0.0,1.0,0.0,0.0,0.015473888,0.0,1,0,0,1,0
51126,-1,0,3.8138793,0.9784138,1,1,unassigned,5.0,4.0,1.0,0.8,0.2,0.19999999,0.0058027077,0.0011605415,0,0,0,1,1
51127,-1,1,-0.5708331,0.36104462,0,1,unassigned,6.0,5.0,1.0,0.8333333,0.16666667,0.16666669,0.007736944,0.0012894907,1,0,0,0,0
51128,-1,0,3.6593287,0.9748966,1,1,unassigned,4.0,4.0,0.0,1.0,0.0,0.0,0.003868472,0.0,0,0,0,1,1
51129,0,0,-0.542472,0.36761275,0,0,train,4.0,4.0,0.0,1.0,0.0,0.0,0.003868472,0.0,0,0,1,0,0
51130,-1,0,-0.13148224,0.4671767,0,1,unassigned,6.0,6.0,0.0,1.0,0.0,0.0,0.007736944,0.0,0,0,0,0,0
51131,1,0,7.1845593,0.9992424,1,0,unassigned,6.0,6.0,0.0,1.0,0.0,0.0,0.007736944,0.0,0,0,1,1,1
51132,1,0,7.657353,0.9995277,1,0,test,14.0,12.0,2.0,0.85714287,0.14285715,0.14285713,0.023210831,0.0033158332,0,0,1,1,1
51133,-1,0,4.4243517,0.9881599,1,1,unassigned,3.0,3.0,0.0,1.0,0.0,0.0,0.001934236,0.0,0,0,0,1,1
51134,1,1,-0.2316759,0.44233868,0,1,unassigned,3.0,2.0,1.0,0.6666667,0.33333334,0.3333333,0.001934236,0.00064474536,1,0,0,0,0
51135,1,0,0.113578856,0.52836424,1,0,unassigned,4.0,4.0,0.0,1.0,0.0,0.0,0.003868472,0.0,0,0,1,1,0
51136,-1,1,2.1692739,0.89745617,1,1,unassigned,25.0,25.0,0.0,1.0,0.0,0.0,0.044487428,0.0,1,0,0,1,0
51137,-1,1,4.208668,0.9853516,1,1,unassigned,19.0,19.0,0.0,1.0,0.0,0.0,0.032882012,0.0,1,0,0,1,1
51138,0,1,-0.7245619,0.3263892,0,0,unassigned,70.0,70.0,0.0,1.0,0.0,0.0,0.13152805,0.0,1,0,1,0,0
51139,-1,1,-0.9386479,0.28117353,0,1,unassigned,50.0,47.0,3.0,0.94,0.06,0.060000002,0.092843324,0.0055705993,1,0,0,0,0
51140,-1,0,-0.450012,0.38935795,0,1,unassigned,4.0,4.0,0.0,1.0,0.0,0.0,0.003868472,0.0,0,0,0,0,0
51141,-1,1,3.0095227,0.95300245,1,1,unassigned,15.0,15.0,0.0,1.0,0.0,0.0,0.025145067,0.0,1,0,0,1,1
51142,-1,1,-0.79161525,0.31182197,0,1,unassigned,84.0,82.0,2.0,0.97619045,0.023809524,0.023809552,0.15860735,0.0037763654,1,0,0,0,0
51143,-1,1,-0.8833519,0.29248366,0,1,unassigned,48.0,47.0,1.0,0.9791667,0.020833334,0.020833313,0.088974856,0.0018536429,1,0,0,0,0
51144,-1,0,0.68914586,0.6657769,1,1,unassigned,13.0,12.0,1.0,0.9230769,0.07692308,0.07692307,0.021276595,0.0016366612,0,0,0,1,0
51145,-1,1,-0.89764327,0.28953505,0,1,unassigned,70.0,70.0,0.0,1.0,0.0,0.0,0.13152805,0.0,1,0,0,0,0
51146,-1,1,-0.3540631,0.41239744,0,1,unassigned,42.0,42.0,0.0,1.0,0.0,0.0,0.07736944,0.0,1,0,0,0,0
51147,-1,1,6.0380845,0.99761957,1,1,unassigned,25.0,24.0,1.0,0.96,0.04,0.04000002,0.044487428,0.001779497,1,0,0,1,1
51148,1,0,-0.82449424,0.3048105,0,1,unassigned,6.0,5.0,1.0,0.8333333,0.16666667,0.16666669,0.007736944,0.0012894907,0,0,0,0,0
51149,-1,1,-0.857499,0.29786214,0,1,unassigned,26.0,24.0,2.0,0.9230769,0.07692308,0.07692307,0.046421662,0.0035708973,1,0,0,0,0
51150,-1,1,-0.66979796,0.33854207,0,1,unassigned,21.0,20.0,1.0,0.95238096,0.04761905,0.047619045,0.036750484,0.0017500231,1,0,0,0,0
51151,-1,1,6.7760034,0.9988605,1,1,unassigned,4.0,4.0,0.0,1.0,0.0,0.0,0.003868472,0.0,1,0,0,1,1
51152,-1,0,0.75616294,0.6805201,1,1,unassigned,21.0,21.0,0.0,1.0,0.0,0.0,0.036750484,0.0,0,0,0,1,0
51153,-1,0,-0.35665262,0.4117701,0,1,unassigned,13.0,13.0,0.0,1.0,0.0,0.0,0.021276595,0.0,0,0,0,0,0
51154,-1,0,-0.4260163,0.395078,0,1,unassigned,4.0,4.0,0.0,1.0,0.0,0.0,0.003868472,0.0,0,0,0,0,0
51155,0,0,0.14515668,0.5362256,1,1,test,25.0,25.0,0.0,1.0,0.0,0.0,0.044487428,0.0,0,0,0,1,0
51156,-1,0,-0.16904217,0.45783982,0,1,unassigned,6.0,6.0,0.0,1.0,0.0,0.0,0.007736944,0.0,0,0,0,0,0
51157,-1,0,-0.96751964,0.27537516,0,1,unassigned,3.0,3.0,0.0,1.0,0.0,0.0,0.001934236,0.0,0,0,0,0,0
51158,-1,0,-0.2616069,0.43496874,0,1,unassigned,8.0,7.0,1.0,0.875,0.125,0.125,0.0116054155,0.0014506769,0,0,0,0,0
51159,-1,1,3.283007,0.9638412,1,1,unassigned,18.0,17.0,1.0,0.9444444,0.055555556,0.055555582,0.030947777,0.0017193209,1,0,0,1,1
51160,-1,0,0.82498866,0.69529426,1,1,unassigned,3.0,3.0,0.0,1.0,0.0,0.0,0.001934236,0.0,0,0,0,1,0
51161,-1,0,-0.43451712,0.39304823,0,1,unassigned,6.0,6.0,0.0,1.0,0.0,0.0,0.007736944,0.0,0,0,0,0,0
51162,-1,1,-0.5940192,0.3557132,0,1,unassigned,113.0,112.0,1.0,0.99115044,0.0088495575,0.008849561,0.21470019,0.0019000017,1,0,0,0,0
51163,-1,1,-0.5023908,0.376979,0,1,unassigned,59.0,57.0,2.0,0.9661017,0.033898305,0.033898294,0.11025145,0.0037373372,1,0,0,0,0
51164,-1,0,10.742121,0.9999784,1,1,unassigned,9.0,8.0,1.0,0.8888889,0.11111111,0.111111104,0.013539651,0.0015044058,0,0,0,1,1
51165,-1,1,-0.22726214,0.44342774,0,1,unassigned,62.0,62.0,0.0,1.0,0.0,0.0,0.116054155,0.0,1,0,0,0,0
51166,-1,1,0.89686733,0.71030533,1,1,unassigned,81.0,76.0,5.0,0.9382716,0.061728396,0.061728418,0.15280464,0.009432386,1,0,0,1,0
51167,1,1,5.2317452,0.9946843,1,0,unassigned,12.0,12.0,0.0,1.0,0.0,0.0,0.01934236,0.0,1,0,1,1,1
51168,-1,0,1.4508717,0.8101325,1,1,unassigned,5.0,5.0,0.0,1.0,0.0,0.0,0.0058027077,0.0,0,0,0,1,0
51169,-1,0,0.52564675,0.6284672,1,1,unassigned,4.0,4.0,0.0,1.0,0.0,0.0,0.003868472,0.0,0,0,0,1,0
51170,0,0,-0.28519475,0.4291807,0,0,test,5.0,5.0,0.0,1.0,0.0,0.0,0.0058027077,0.0,0,0,1,0,0
51171,-1,1,-0.8717927,0.29488143,0,1,unassigned,2.0,2.0,0.0,1.0,0.0,0.0,0.0,0.0,1,0,0,0,0
51172,1,0,2.9470494,0.9501238,1,0,unassigned,2.0,2.0,0.0,1.0,0.0,0.0,0.0,0.0,0,0,1,1,1
51173,0,0,-0.8599795,0.29734364,0,0,unassigned,42.0,41.0,1.0,0.97619045,0.023809524,0.023809552,0.07736944,0.0018421295,0,0,1,0,0
51174,0,0,0.007011175,0.5017528,1,1,unassigned,5.0,5.0,0.0,1.0,0.0,0.0,0.0058027077,0.0,0,0,0,1,0
51175,-1,0,-0.5214763,0.3725071,0,1,unassigned,9.0,9.0,0.0,1.0,0.0,0.0,0.013539651,0.0,0,0,0,0,0
51176,-1,0,2.5111282,0.92491823,1,1,unassigned,4.0,4.0,0.0,1.0,0.0,0.0,0.003868472,0.0,0,0,0,1,1
51177,-1,1,-0.48341596,0.3814458,0,1,unassigned,17.0,17.0,0.0,1.0,0.0,0.0,0.029013539,0.0,1,0,0,0,0
51178,-1,1,-0.16683775,0.45838708,0,1,unassigned,58.0,55.0,3.0,0.94827586,0.05172414,0.051724136,0.10831721,0.0056026145,1,0,0,0,0
51179,-1,1,-0.9165765,0.28565598,0,1,unassigned,53.0,53.0,0.0,1.0,0.0,0.0,0.09864604,0.0,1,0,0,0,0
51180,-1,1,-0.87539583,0.29413277,0,1,unassigned,36.0,35.0,1.0,0.9722222,0.027777778,0.027777791,0.065764025,0.0018267785,1,0,0,0,0
51181,-1,1,-0.6554169,0.3417699,0,1,unassigned,75.0,72.0,3.0,0.96,0.04,0.04000002,0.14119923,0.005647969,1,0,0,0,0
51182,-1,1,-0.7771743,0.31492922,0,1,unassigned,126.0,121.0,5.0,0.96031743,0.03968254,0.039682567,0.23984526,0.00951767,1,0,0,0,0
51183,-1,1,-0.81455624,0.30692044,0,1,unassigned,33.0,32.0,1.0,0.969697,0.030303031,0.030303001,0.059961315,0.0018170096,1,0,0,0,0
51184,-1,1,0.25603688,0.5636618,1,1,unassigned,16.0,16.0,0.0,1.0,0.0,0.0,0.027079303,0.0,1,0,0,1,0
51185,-1,1,1.873107,0.8668174,1,1,unassigned,108.0,94.0,14.0,0.8703704,0.12962963,0.12962961,0.20502901,0.026577834,1,0,0,1,0
51186,-1,1,3.844281,0.9790467,1,1,unassigned,32.0,26.0,6.0,0.8125,0.1875,0.1875,0.058027077,0.010880077,1,0,0,1,1
51187,-1,1,-0.91911167,0.28513893,0,1,unassigned,54.0,53.0,1.0,0.9814815,0.018518519,0.018518507,0.10058027,0.0018625975,1,0,0,0,0
51188,1,0,-1.0039525,0.26816502,0,1,test,9.0,9.0,0.0,1.0,0.0,0.0,0.013539651,0.0,0,0,0,0,0
51189,-1,1,-0.5439768,0.36726296,0,1,unassigned,66.0,63.0,3.0,0.95454544,0.045454547,0.04545456,0.123791106,0.0056268685,1,0,0,0,0
51190,-1,1,1.978926,0.8785667,1,1,unassigned,7.0,6.0,1.0,0.85714287,0.14285715,0.14285713,0.00967118,0.0013815971,1,0,0,1,0
51191,-1,1,-0.60718095,0.35270253,0,1,unassigned,48.0,47.0,1.0,0.9791667,0.020833334,0.020833313,0.088974856,0.0018536429,1,0,0,0,0
51192,-1,0,-0.134116,0.46652114,0,1,unassigned,10.0,10.0,0.0,1.0,0.0,0.0,0.015473888,0.0,0,0,0,0,0
51193,-1,1,3.0752342,0.95585954,1,1,unassigned,2.0,2.0,0.0,1.0,0.0,0.0,0.0,0.0,1,0,0,1,1
51194,-1,1,-0.49921256,0.3777257,0,1,unassigned,27.0,26.0,1.0,0.962963,0.037037037,0.037037015,0.0483559,0.0017909593,1,0,0,0,0
51195,-1,1,-0.8609146,0.2971483,0,1,unassigned,52.0,52.0,0.0,1.0,0.0,0.0,0.0967118,0.0,1,0,0,0,0
51196,1,1,0.4986673,0.62214607,1,0,unassigned,53.0,49.0,4.0,0.9245283,0.0754717,0.0754717,0.09864604,0.0074449843,1,0,1,1,0
51197,0,0,1.0378499,0.7384349,1,1,val,12.0,12.0,0.0,1.0,0.0,0.0,0.01934236,0.0,0,0,0,1,0
51198,-1,0,-0.39427865,0.40268773,0,1,unassigned,8.0,8.0,0.0,1.0,0.0,0.0,0.0116054155,0.0,0,0,0,0,0
51199,-1,0,1.8877566,0.8684996,1,1,unassigned,6.0,5.0,1.0,0.8333333,0.16666667,0.16666669,0.007736944,0.0012894907,0,0,0,1,0
51200,1,0,3.2180965,0.96150964,1,0,val,2.0,2.0,0.0,1.0,0.0,0.0,0.0,0.0,0,0,1,1,1
51201,-1,0,2.9055107,0.94811815,1,1,unassigned,6.0,4.0,2.0,0.6666667,0.33333334,0.3333333,0.007736944,0.0025789815,0,0,0,1,1
51202,-1,0,7.7205834,0.9995566,1,1,unassigned,2.0,2.0,0.0,1.0,0.0,0.0,0.0,0.0,0,0,0,1,1
51203,-1,0,0.28791493,0.5714856,1,1,unassigned,8.0,7.0,1.0,0.875,0.125,0.125,0.0116054155,0.0014506769,0,0,0,1,0
51204,-1,0,-0.065930784,0.48352325,0,1,unassigned,8.0,8.0,0.0,1.0,0.0,0.0,0.0116054155,0.0,0,0,0,0,0
51205,-1,1,-0.40035534,0.40122697,0,1,unassigned,37.0,33.0,4.0,0.8918919,0.10810811,0.1081081,0.06769826,0.0073187314,1,0,0,0,0
51206,-1,0,3.0346556,0.95411545,1,1,unassigned,5.0,3.0,2.0,0.6,0.4,0.39999998,0.0058027077,0.002321083,0,0,0,1,1
51207,-1,0,1.3577204,0.795389,1,1,unassigned,4.0,4.0,0.0,1.0,0.0,0.0,0.003868472,0.0,0,0,0,1,0
51208,1,0,7.69962,0.9995472,1,0,test,10.0,6.0,4.0,0.6,0.4,0.39999998,0.015473888,0.0061895554,0,0,1,1,1
51209,-1,0,-0.6214205,0.34945846,0,1,unassigned,14.0,14.0,0.0,1.0,0.0,0.0,0.023210831,0.0,0,0,0,0,0
51210,1,0,-0.07271257,0.48182988,0,1,val,4.0,4.0,0.0,1.0,0.0,0.0,0.003868472,0.0,0,0,0,0,0
51211,-1,1,-0.40479523,0.4001608,0,1,unassigned,23.0,23.0,0.0,1.0,0.0,0.0,0.040618956,0.0,1,0,0,0,0
51212,-1,0,9.447099,0.9999211,1,1,unassigned,4.0,3.0,1.0,0.75,0.25,0.25,0.003868472,0.000967118,0,0,0,1,1
51213,-1,1,0.51925117,0.6269726,1,1,unassigned,2.0,2.0,0.0,1.0,0.0,0.0,0.0,0.0,1,0,0,1,0
51214,-1,1,3.6109488,0.973685,1,1,unassigned,3.0,3.0,0.0,1.0,0.0,0.0,0.001934236,0.0,1,0,0,1,1
51215,-1,1,-0.86350226,0.29660815,0,1,unassigned,3.0,2.0,1.0,0.6666667,0.33333334,0.3333333,0.001934236,0.00064474536,1,0,0,0,0
51216,-1,0,0.79147106,0.68814707,1,1,unassigned,3.0,2.0,1.0,0.6666667,0.33333334,0.3333333,0.001934236,0.00064474536,0,0,0,1,0
51217,-1,1,-0.4675357,0.38519967,0,1,unassigned,15.0,15.0,0.0,1.0,0.0,0.0,0.025145067,0.0,1,0,0,0,0
51218,-1,0,4.7806425,0.99167913,1,1,unassigned,4.0,4.0,0.0,1.0,0.0,0.0,0.003868472,0.0,0,0,0,1,1
51219,-1,0,-0.65020514,0.34294334,0,1,unassigned,3.0,3.0,0.0,1.0,0.0,0.0,0.001934236,0.0,0,0,0,0,0
51220,-1,0,-0.01067251,0.49733186,0,1,unassigned,2.0,2.0,0.0,1.0,0.0,0.0,0.0,0.0,0,0,0,0,0
51221,-1,1,-0.51853997,0.3731937,0,1,unassigned,3.0,3.0,0.0,1.0,0.0,0.0,0.001934236,0.0,1,0,0,0,0
51222,0,0,-0.39509755,0.40249076,0,0,unassigned,9.0,9.0,0.0,1.0,0.0,0.0,0.013539651,0.0,0,0,1,0,0
51223,-1,0,-0.072466224,0.48189136,0,1,unassigned,2.0,2.0,0.0,1.0,0.0,0.0,0.0,0.0,0,0,0,0,0
51224,-1,1,0.22680175,0.5564586,1,1,unassigned,51.0,51.0,0.0,1.0,0.0,0.0,0.09477756,0.0,1,0,0,1,0
51225,1,1,-0.79917675,0.31020164,0,1,val,59.0,57.0,2.0,0.9661017,0.033898305,0.033898294,0.11025145,0.0037373372,1,0,0,0,0
51226,-1,0,-0.24851608,0.43818873,0,1,unassigned,6.0,1.0,5.0,0.16666667,0.8333333,0.8333333,0.007736944,0.0064474535,0,0,0,0,0
51227,-1,1,0.82755524,0.69583774,1,1,unassigned,80.0,78.0,2.0,0.975,0.025,0.024999976,0.15087041,0.0037717603,1,0,0,1,0
51228,-1,1,-0.84921074,0.2995985,0,1,unassigned,97.0,96.0,1.0,0.9896907,0.010309278,0.010309279,0.18375242,0.0018943547,1,0,0,0,0
51229,0,0,-0.18392685,0.4541475,0,0,unassigned,7.0,7.0,0.0,1.0,0.0,0.0,0.00967118,0.0,0,0,1,0,0
51230,-1,1,-0.6171312,0.3504342,0,1,unassigned,92.0,91.0,1.0,0.98913044,0.010869565,0.010869563,0.17408124,0.0018921874,1,0,0,0,0
51231,-1,1,-0.75194883,0.3203968,0,1,unassigned,86.0,86.0,0.0,1.0,0.0,0.0,0.16247582,0.0,1,0,0,0,0
51232,-1,1,-0.55069506,0.36570317,0,1,unassigned,71.0,71.0,0.0,1.0,0.0,0.0,0.13346228,0.0,1,0,0,0,0
51233,-1,0,0.6620719,0.6597256,1,1,unassigned,5.0,5.0,0.0,1.0,0.0,0.0,0.0058027077,0.0,0,0,0,1,0
51234,-1,0,-0.5068887,0.37592316,0,1,unassigned,17.0,17.0,0.0,1.0,0.0,0.0,0.029013539,0.0,0,0,0,0,0
51235,-1,0,0.15749228,0.5392919,1,1,unassigned,12.0,12.0,0.0,1.0,0.0,0.0,0.01934236,0.0,0,0,0,1,0
51236,-1,1,6.0174727,0.9975701,1,1,unassigned,2.0,2.0,0.0,1.0,0.0,0.0,0.0,0.0,1,0,0,1,1
51237,0,1,-0.014443576,0.49638918,0,0,unassigned,21.0,21.0,0.0,1.0,0.0,0.0,0.036750484,0.0,1,0,1,0,0
51238,-1,1,-0.037311852,0.4906731,0,1,unassigned,47.0,47.0,0.0,1.0,0.0,0.0,0.08704062,0.0,1,0,0,0,0
51239,-1,0,0.2977528,0.5738931,1,1,unassigned,3.0,3.0,0.0,1.0,0.0,0.0,0.001934236,0.0,0,0,0,1,0
51240,1,0,-0.073706746,0.48158163,0,1,unassigned,4.0,4.0,0.0,1.0,0.0,0.0,0.003868472,0.0,0,0,0,0,0
51241,-1,0,1.6926594,0.84457356,1,1,unassigned,7.0,4.0,3.0,0.5714286,0.42857143,0.4285714,0.00967118,0.0041447915,0,0,0,1,0
51242,-1,1,-0.2337544,0.44182605,0,1,unassigned,19.0,19.0,0.0,1.0,0.0,0.0,0.032882012,0.0,1,0,0,0,0
51243,-1,0,2.5800855,0.9295689,1,1,unassigned,8.0,7.0,1.0,0.875,0.125,0.125,0.0116054155,0.0014506769,0,0,0,1,1
51244,-1,1,-0.28204343,0.4299529,0,1,unassigned,13.0,13.0,0.0,1.0,0.0,0.0,0.021276595,0.0,1,0,0,0,0
51245,-1,0,0.24262339,0.5603601,1,1,unassigned,4.0,4.0,0.0,1.0,0.0,0.0,0.003868472,0.0,0,0,0,1,0
51246,-1,1,2.7311492,0.93883985,1,1,unassigned,28.0,28.0,0.0,1.0,0.0,0.0,0.050290134,0.0,1,0,0,1,1
51247,1,0,2.920038,0.94882816,1,0,unassigned,5.0,4.0,1.0,0.8,0.2,0.19999999,0.0058027077,0.0011605415,0,0,1,1,1
51248,-1,0,-0.31010124,0.42309004,0,1,unassigned,9.0,9.0,0.0,1.0,0.0,0.0,0.013539651,0.0,0,0,0,0,0
51249,-1,0,-0.43041867,0.39402634,0,1,unassigned,4.0,4.0,0.0,1.0,0.0,0.0,0.003868472,0.0,0,0,0,0,0
51250,-1,1,1.8962405,0.8694655,1,1,unassigned,3.0,2.0,1.0,0.6666667,0.33333334,0.3333333,0.001934236,0.00064474536,1,0,0,1,0
51251,-1,1,2.2652736,0.9059599,1,1,unassigned,7.0,7.0,0.0,1.0,0.0,0.0,0.00967118,0.0,1,0,0,1,1
51252,-1,0,1.8054955,0.8588166,1,1,unassigned,2.0,2.0,0.0,1.0,0.0,0.0,0.0,0.0,0,0,0,1,0
51253,-1,0,0.5092936,0.6246408,1,1,unassigned,4.0,4.0,0.0,1.0,0.0,0.0,0.003868472,0.0,0,0,0,1,0
51254,-1,0,0.095566094,0.5238733,1,1,unassigned,11.0,10.0,1.0,0.90909094,0.09090909,0.090909064,0.017408123,0.0015825568,0,0,0,1,0
51255,0,0,-0.35038432,0.41328925,0,0,val,18.0,18.0,0.0,1.0,0.0,0.0,0.030947777,0.0,0,0,1,0,0
51256,-1,1,0.5087183,0.624506,1,1,unassigned,4.0,4.0,0.0,1.0,0.0,0.0,0.003868472,0.0,1,0,0,1,0
51257,-1,0,-0.12354633,0.46915266,0,1,unassigned,4.0,4.0,0.0,1.0,0.0,0.0,0.003868472,0.0,0,0,0,0,0
51258,-1,0,-0.07505834,0.4812442,0,1,unassigned,8.0,8.0,0.0,1.0,0.0,0.0,0.0116054155,0.0,0,0,0,0,0
51259,-1,0,0.0406096,0.510151,1,1,unassigned,3.0,3.0,0.0,1.0,0.0,0.0,0.001934236,0.0,0,0,0,1,0
51260,1,0,5.9150524,0.99730873,1,0,val,4.0,4.0,0.0,1.0,0.0,0.0,0.003868472,0.0,0,0,1,1,1
51261,0,1,-0.7140237,0.32871035,0,0,unassigned,9.0,9.0,0.0,1.0,0.0,0.0,0.013539651,0.0,1,0,1,0,0
51262,-1,0,5.559276,0.99616325,1,1,unassigned,18.0,18.0,0.0,1.0,0.0,0.0,0.030947777,0.0,0,0,0,1,1
51263,-1,0,-0.43972862,0.39180565,0,1,unassigned,8.0,6.0,2.0,0.75,0.25,0.25,0.0116054155,0.0029013539,0,0,0,0,0
51264,-1,1,5.431127,0.9956409,1,1,unassigned,7.0,5.0,2.0,0.71428573,0.2857143,0.28571427,0.00967118,0.0027631943,1,0,0,1,1
51265,-1,1,3.9434292,0.9809869,1,1,unassigned,6.0,6.0,0.0,1.0,0.0,0.0,0.007736944,0.0,1,0,0,1,1
51266,-1,1,-0.8669573,0.29588783,0,1,unassigned,94.0,92.0,2.0,0.9787234,0.021276595,0.021276593,0.17794971,0.0037861639,1,0,0,0,0
51267,-1,1,4.2107234,0.9853813,1,1,unassigned,13.0,13.0,0.0,1.0,0.0,0.0,0.021276595,0.0,1,0,0,1,1
51268,-1,1,-0.8326219,0.30309096,0,1,unassigned,75.0,73.0,2.0,0.97333336,0.026666667,0.026666641,0.14119923,0.003765313,1,0,0,0,0
51269,-1,1,-0.7651158,0.31753662,0,1,unassigned,98.0,97.0,1.0,0.9897959,0.010204081,0.010204077,0.18568665,0.0018947617,1,0,0,0,0
51270,-1,0,-0.8112967,0.30761424,0,1,unassigned,77.0,5.0,72.0,0.064935066,0.9350649,0.9350649,0.14506769,0.13564771,0,0,0,0,0
51271,-1,1,-0.6863477,0.33484605,0,1,unassigned,106.0,106.0,0.0,1.0,0.0,0.0,0.20116054,0.0,1,0,0,0,0
51272,-1,1,3.6349041,0.97429186,1,1,unassigned,31.0,31.0,0.0,1.0,0.0,0.0,0.056092843,0.0,1,0,0,1,1
51273,-1,1,-0.33460224,0.41712126,0,1,unassigned,151.0,151.0,0.0,1.0,0.0,0.0,0.28820115,0.0,1,0,0,0,0
51274,-1,1,-0.8046475,0.30903226,0,1,unassigned,61.0,60.0,1.0,0.9836066,0.016393442,0.016393423,0.114119925,0.0018708183,1,0,0,0,0
51275,-1,1,2.9846704,0.95187676,1,1,unassigned,2.0,2.0,0.0,1.0,0.0,0.0,0.0,0.0,1,0,0,1,1
51276,-1,0,3.0537508,0.9549442,1,1,unassigned,5.0,5.0,0.0,1.0,0.0,0.0,0.0058027077,0.0,0,0,0,1,1
51277,-1,1,-0.8810514,0.29295996,0,1,unassigned,146.0,146.0,0.0,1.0,0.0,0.0,0.27852997,0.0,1,0,0,0,0
51278,-1,1,4.552014,0.98956406,1,1,unassigned,6.0,6.0,0.0,1.0,0.0,0.0,0.007736944,0.0,1,0,0,1,1
51279,0,1,-0.7598025,0.31868917,0,0,val,39.0,38.0,1.0,0.974359,0.025641026,0.025641024,0.07156673,0.0018350444,1,0,1,0,0
51280,-1,1,-0.7920501,0.31172866,0,1,unassigned,119.0,118.0,1.0,0.99159664,0.008403362,0.008403361,0.2263056,0.0019017279,1,0,0,0,0
51281,0,0,1.1010575,0.7504582,1,1,unassigned,5.0,5.0,0.0,1.0,0.0,0.0,0.0058027077,0.0,0,0,0,1,0
51282,-1,0,0.40453023,0.5997756,1,1,unassigned,4.0,4.0,0.0,1.0,0.0,0.0,0.003868472,0.0,0,0,0,1,0
51283,-1,0,0.099946916,0.52496594,1,1,unassigned,50.0,50.0,0.0,1.0,0.0,0.0,0.092843324,0.0,0,0,0,1,0
51284,-1,1,1.2845993,0.7832316,1,1,unassigned,11.0,7.0,4.0,0.6363636,0.36363637,0.36363637,0.017408123,0.006330227,1,0,0,1,0
51285,-1,1,-0.20629072,0.44860944,0,1,unassigned,48.0,46.0,2.0,0.9583333,0.041666668,0.041666687,0.088974856,0.0037072857,1,0,0,0,0
51286,-1,0,-0.13414088,0.46651497,0,1,unassigned,3.0,3.0,0.0,1.0,0.0,0.0,0.001934236,0.0,0,0,0,0,0
51287,0,1,-0.7613603,0.31835103,0,0,test,96.0,93.0,3.0,0.96875,0.03125,0.03125,0.18181819,0.0056818184,1,0,1,0,0
51288,-1,1,-0.26803353,0.4333899,0,1,unassigned,93.0,90.0,3.0,0.9677419,0.032258064,0.032258093,0.17601547,0.005677918,1,0,0,0,0
51289,-1,0,0.503879,0.62337047,1,1,unassigned,3.0,3.0,0.0,1.0,0.0,0.0,0.001934236,0.0,0,0,0,1,0
51290,-1,1,1.373179,0.7978933,1,1,unassigned,31.0,30.0,1.0,0.9677419,0.032258064,0.032258093,0.056092843,0.0018094465,1,0,0,1,0
51291,-1,0,-0.7199844,0.32739642,0,1,unassigned,4.0,2.0,2.0,0.5,0.5,0.5,0.003868472,0.001934236,0,0,0,0,0
51292,-1,1,3.7391121,0.9767769,1,1,unassigned,17.0,16.0,1.0,0.9411765,0.05882353,0.058823526,0.029013539,0.0017066788,1,0,0,1,1
51293,-1,1,3.6760123,0.9753017,1,1,unassigned,4.0,4.0,0.0,1.0,0.0,0.0,0.003868472,0.0,1,0,0,1,1
51294,-1,1,-0.46328455,0.38620695,0,1,unassigned,75.0,71.0,4.0,0.94666666,0.053333335,0.053333342,0.14119923,0.007530626,1,0,0,0,0
51295,-1,1,-0.9464612,0.27959707,0,1,unassigned,60.0,60.0,0.0,1.0,0.0,0.0,0.11218569,0.0,1,0,0,0,0
51296,-1,1,-0.88750637,0.2916247,0,1,unassigned,138.0,131.0,7.0,0.9492754,0.050724637,0.050724626,0.2630561,0.0133434255,1,0,0,0,0
51297,-1,0,-0.03667575,0.4908321,0,1,unassigned,6.0,6.0,0.0,1.0,0.0,0.0,0.007736944,0.0,0,0,0,0,0
51298,-1,1,0.3807171,0.59404606,1,1,unassigned,29.0,28.0,1.0,0.9655172,0.03448276,0.034482777,0.05222437,0.0018008404,1,0,0,1,0
51299,-1,1,-0.8837131,0.2924089,0,1,unassigned,66.0,60.0,6.0,0.90909094,0.09090909,0.090909064,0.123791106,0.011253737,1,0,0,0,0
51300,-1,1,-0.9396446,0.28097212,0,1,unassigned,41.0,41.0,0.0,1.0,0.0,0.0,0.07543521,0.0,1,0,0,0,0
51301,-1,1,-0.6334087,0.346738,0,1,unassigned,25.0,23.0,2.0,0.92,0.08,0.07999998,0.044487428,0.003558994,1,0,0,0,0
51302,-1,1,-0.8828792,0.2925815,0,1,unassigned,61.0,61.0,0.0,1.0,0.0,0.0,0.114119925,0.0,1,0,0,0,0
51303,-1,0,10.897667,0.9999815,1,1,unassigned,2.0,2.0,0.0,1.0,0.0,0.0,0.0,0.0,0,0,0,1,1
51304,0,1,-0.55061215,0.3657224,0,0,val,47.0,46.0,1.0,0.9787234,0.021276595,0.021276593,0.08704062,0.001851928,1,0,1,0,0
51305,-1,0,2.6518152,0.93412274,1,1,unassigned,15.0,14.0,1.0,0.93333334,0.06666667,0.06666666,0.025145067,0.0016763379,0,0,0,1,1
51306,-1,1,-0.7091538,0.32978582,0,1,unassigned,40.0,40.0,0.0,1.0,0.0,0.0,0.07350097,0.0,1,0,0,0,0
51307,-1,0,0.8177071,0.69374937,1,1,unassigned,29.0,29.0,0.0,1.0,0.0,0.0,0.05222437,0.0,0,0,0,1,0
51308,-1,0,-0.08478993,0.47881523,0,1,unassigned,4.0,4.0,0.0,1.0,0.0,0.0,0.003868472,0.0,0,0,0,0,0
51309,0,1,1.0066652,0.73236704,1,1,unassigned,4.0,4.0,0.0,1.0,0.0,0.0,0.003868472,0.0,1,0,0,1,0
51310,0,0,-0.46218878,0.3864667,0,0,unassigned,31.0,30.0,1.0,0.9677419,0.032258064,0.032258093,0.056092843,0.0018094465,0,0,1,0,0
51311,-1,0,1.2449222,0.7764196,1,1,unassigned,3.0,3.0,0.0,1.0,0.0,0.0,0.001934236,0.0,0,0,0,1,0
51312,-1,0,0.67288643,0.6621492,1,1,unassigned,5.0,5.0,0.0,1.0,0.0,0.0,0.0058027077,0.0,0,0,0,1,0
51313,-1,0,-0.38653374,0.40455198,0,1,unassigned,2.0,2.0,0.0,1.0,0.0,0.0,0.0,0.0,0,0,0,0,0
51314,-1,0,-0.5637174,0.36268777,0,1,unassigned,16.0,16.0,0.0,1.0,0.0,0.0,0.027079303,0.0,0,0,0,0,0
51315,-1,0,8.052681,0.99968183,1,1,unassigned,2.0,2.0,0.0,1.0,0.0,0.0,0.0,0.0,0,0,0,1,1
51316,1,1,3.9168656,0.980485,1,0,train,8.0,7.0,1.0,0.875,0.125,0.125,0.0116054155,0.0014506769,1,0,1,1,1
51317,-1,0,5.7279277,0.99675673,1,1,unassigned,2.0,2.0,0.0,1.0,0.0,0.0,0.0,0.0,0,0,0,1,1
51318,-1,0,5.969885,0.99745196,1,1,unassigned,3.0,3.0,0.0,1.0,0.0,0.0,0.001934236,0.0,0,0,0,1,1
51319,-1,1,-0.8946854,0.29014385,0,1,unassigned,26.0,26.0,0.0,1.0,0.0,0.0,0.046421662,0.0,1,0,0,0,0
51320,-1,0,0.010540783,0.5026352,1,1,unassigned,14.0,14.0,0.0,1.0,0.0,0.0,0.023210831,0.0,0,0,0,1,0
51321,-1,0,2.4836836,0.92299,1,1,unassigned,8.0,6.0,2.0,0.75,0.25,0.25,0.0116054155,0.0029013539,0,0,0,1,1
51322,-1,1,0.78316826,0.6863625,1,1,unassigned,5.0,4.0,1.0,0.8,0.2,0.19999999,0.0058027077,0.0011605415,1,0,0,1,0
51323,0,0,-0.47989893,0.382276,0,0,val,14.0,14.0,0.0,1.0,0.0,0.0,0.023210831,0.0,0,0,1,0,0
51324,-1,0,-0.056561828,0.48586333,0,1,unassigned,4.0,4.0,0.0,1.0,0.0,0.0,0.003868472,0.0,0,0,0,0,0
51325,-1,0,4.656254,0.99058753,1,1,unassigned,2.0,2.0,0.0,1.0,0.0,0.0,0.0,0.0,0,0,0,1,1
51326,-1,0,7.2028427,0.9992561,1,1,unassigned,9.0,9.0,0.0,1.0,0.0,0.0,0.013539651,0.0,0,0,0,1,1
51327,-1,0,-0.9391222,0.28107768,0,1,unassigned,3.0,1.0,2.0,0.33333334,0.6666667,0.6666666,0.001934236,0.0012894907,0,0,0,0,0
51328,-1,0,3.426728,0.96852946,1,1,unassigned,2.0,2.0,0.0,1.0,0.0,0.0,0.0,0.0,0,0,0,1,1
51329,-1,0,0.3023305,0.57501215,1,1,unassigned,16.0,16.0,0.0,1.0,0.0,0.0,0.027079303,0.0,0,0,0,1,0
51330,-1,0,1.4816287,0.81481844,1,1,unassigned,4.0,4.0,0.0,1.0,0.0,0.0,0.003868472,0.0,0,0,0,1,0
51331,-1,0,6.532948,0.9985474,1,1,unassigned,2.0,2.0,0.0,1.0,0.0,0.0,0.0,0.0,0,0,0,1,1
51332,-1,1,0.13244349,0.5330625,1,1,unassigned,28.0,28.0,0.0,1.0,0.0,0.0,0.050290134,0.0,1,0,0,1,0
51333,-1,0,-0.08218914,0.47946426,0,1,unassigned,33.0,33.0,0.0,1.0,0.0,0.0,0.059961315,0.0,0,0,0,0,0
51334,-1,1,3.704531,0.97597945,1,1,unassigned,66.0,65.0,1.0,0.9848485,0.015151516,0.015151501,0.123791106,0.0018756229,1,0,0,1,1
51335,-1,0,-0.50841403,0.37556538,0,1,unassigned,26.0,26.0,0.0,1.0,0.0,0.0,0.046421662,0.0,0,0,0,0,0
51336,-1,0,-0.15910053,0.46030855,0,1,unassigned,27.0,27.0,0.0,1.0,0.0,0.0,0.0483559,0.0,0,0,0,0,0
51337,-1,0,2.3009925,0.9089592,1,1,unassigned,15.0,13.0,2.0,0.8666667,0.13333334,0.13333333,0.025145067,0.0033526758,0,0,0,1,1
51338,-1,0,-0.42711222,0.3948161,0,1,unassigned,39.0,39.0,0.0,1.0,0.0,0.0,0.07156673,0.0,0,0,0,0,0
51339,-1,1,5.5706477,0.9962064,1,1,unassigned,11.0,10.0,1.0,0.90909094,0.09090909,0.090909064,0.017408123,0.0015825568,1,0,0,1,1
51340,-1,0,-0.12703794,0.46828315,0,1,unassigned,24.0,24.0,0.0,1.0,0.0,0.0,0.04255319,0.0,0,0,0,0,0
51341,-1,0,1.9216483,0.87232214,1,1,unassigned,9.0,9.0,0.0,1.0,0.0,0.0,0.013539651,0.0,0,0,0,1,0
51342,-1,1,13.466642,0.99999857,1,1,unassigned,6.0,5.0,1.0,0.8333333,0.16666667,0.16666669,0.007736944,0.0012894907,1,0,0,1,1
51343,-1,1,-0.8640471,0.29649448,0,1,unassigned,9.0,9.0,0.0,1.0,0.0,0.0,0.013539651,0.0,1,0,0,0,0
51344,-1,0,3.1594164,0.9592781,1,1,unassigned,4.0,4.0,0.0,1.0,0.0,0.0,0.003868472,0.0,0,0,0,1,1
51345,0,0,-0.18849695,0.45301485,0,0,unassigned,16.0,16.0,0.0,1.0,0.0,0.0,0.027079303,0.0,0,0,1,0,0
51346,-1,1,1.8024619,0.8584484,1,1,unassigned,4.0,3.0,1.0,0.75,0.25,0.25,0.003868472,0.000967118,1,0,0,1,0
51347,-1,0,0.38227087,0.5944207,1,1,unassigned,3.0,3.0,0.0,1.0,0.0,0.0,0.001934236,0.0,0,0,0,1,0
51348,-1,0,1.7971499,0.8578017,1,1,unassigned,3.0,3.0,0.0,1.0,0.0,0.0,0.001934236,0.0,0,0,0,1,0
51349,-1,1,4.068417,0.98318326,1,1,unassigned,10.0,9.0,1.0,0.9,0.1,0.100000024,0.015473888,0.0015473888,1,0,0,1,1
51350,-1,1,-0.8521484,0.29898235,0,1,unassigned,73.0,72.0,1.0,0.98630136,0.01369863,0.0136986375,0.13733076,0.0018812432,1,0,0,0,0
51351,-1,1,0.97372967,0.72586226,1,1,unassigned,24.0,24.0,0.0,1.0,0.0,0.0,0.04255319,0.0,1,0,0,1,0
51352,-1,1,-0.83035463,0.3035701,0,1,unassigned,104.0,101.0,3.0,0.97115386,0.028846154,0.028846145,0.19729207,0.0056911176,1,0,0,0,0
51353,-1,1,-0.7485356,0.32114047,0,1,unassigned,52.0,51.0,1.0,0.9807692,0.01923077,0.019230783,0.0967118,0.0018598423,1,0,0,0,0
51354,-1,1,-0.8293988,0.3037722,0,1,unassigned,87.0,87.0,0.0,1.0,0.0,0.0,0.16441005,0.0,1,0,0,0,0
51355,0,1,0.18009633,0.5449028,1,1,test,75.0,73.0,2.0,0.97333336,0.026666667,0.026666641,0.14119923,0.003765313,1,0,0,1,0
51356,-1,0,4.8376436,0.9921366,1,1,unassigned,4.0,4.0,0.0,1.0,0.0,0.0,0.003868472,0.0,0,0,0,1,1
51357,-1,1,-0.6425837,0.34466273,0,1,unassigned,72.0,70.0,2.0,0.9722222,0.027777778,0.027777791,0.13539653,0.0037610147,1,0,0,0,0
51358,-1,1,-0.8330346,0.3030038,0,1,unassigned,107.0,105.0,2.0,0.9813084,0.018691588,0.0186916,0.20309478,0.003796164,1,0,0,0,0
51359,-1,1,0.7817088,0.68604827,1,1,unassigned,125.0,124.0,1.0,0.992,0.008,0.008000016,0.23791103,0.0019032883,1,0,0,1,0
51360,-1,0,0.89241105,0.7093875,1,1,unassigned,4.0,4.0,0.0,1.0,0.0,0.0,0.003868472,0.0,0,0,0,1,0
51361,-1,0,-0.057491243,0.48563117,0,1,unassigned,23.0,2.0,21.0,0.08695652,0.9130435,0.9130435,0.040618956,0.037086874,0,0,0,0,0
51362,-1,1,-0.34799635,0.41386837,0,1,unassigned,53.0,51.0,2.0,0.9622642,0.03773585,0.03773582,0.09864604,0.0037224921,1,0,0,0,0
51363,-1,1,1.3010502,0.78601164,1,1,unassigned,83.0,82.0,1.0,0.9879518,0.012048192,0.012048185,0.15667312,0.0018876279,1,0,0,1,0
51364,-1,0,6.9969974,0.99908626,1,1,unassigned,11.0,10.0,1.0,0.90909094,0.09090909,0.090909064,0.017408123,0.0015825568,0,0,0,1,1
51365,-1,0,1.8850386,0.8681888,1,1,unassigned,4.0,4.0,0.0,1.0,0.0,0.0,0.003868472,0.0,0,0,0,1,0
51366,0,0,5.5016637,0.99593663,1,1,val,4.0,3.0,1.0,0.75,0.25,0.25,0.003868472,0.000967118,0,0,0,1,1
51367,-1,1,-0.34746975,0.41399613,0,1,unassigned,2.0,2.0,0.0,1.0,0.0,0.0,0.0,0.0,1,0,0,0,0
51368,-1,0,1.7175081,0.8478075,1,1,unassigned,12.0,12.0,0.0,1.0,0.0,0.0,0.01934236,0.0,0,0,0,1,0
51369,-1,0,-0.3756222,0.40718323,0,1,unassigned,3.0,3.0,0.0,1.0,0.0,0.0,0.001934236,0.0,0,0,0,0,0
51370,-1,0,3.0434456,0.9544987,1,1,unassigned,14.0,11.0,3.0,0.78571427,0.21428572,0.21428573,0.023210831,0.0049737496,0,0,0,1,1
51371,-1,1,-0.3173069,0.4213322,0,1,unassigned,85.0,78.0,7.0,0.91764706,0.08235294,0.082352936,0.16054158,0.013221072,1,0,0,0,0
51372,-1,0,-0.10324365,0.474212,0,1,unassigned,3.0,3.0,0.0,1.0,0.0,0.0,0.001934236,0.0,0,0,0,0,0
51373,-1,1,2.170531,0.8975718,1,1,unassigned,4.0,3.0,1.0,0.75,0.25,0.25,0.003868472,0.000967118,1,0,0,1,0
51374,-1,0,5.9901357,0.997503,1,1,unassigned,3.0,3.0,0.0,1.0,0.0,0.0,0.001934236,0.0,0,0,0,1,1
51375,0,0,-0.27986947,0.43048579,0,0,unassigned,5.0,5.0,0.0,1.0,0.0,0.0,0.0058027077,0.0,0,0,1,0,0
51376,-1,0,-0.020347893,0.49491316,0,1,unassigned,5.0,5.0,0.0,1.0,0.0,0.0,0.0058027077,0.0,0,0,0,0,0
51377,-1,0,-0.119942784,0.4700502,0,1,unassigned,6.0,6.0,0.0,1.0,0.0,0.0,0.007736944,0.0,0,0,0,0,0
51378,-1,0,0.09670144,0.5241565,1,1,unassigned,2.0,2.0,0.0,1.0,0.0,0.0,0.0,0.0,0,0,0,1,0
51379,-1,0,0.3252595,0.5806055,1,1,unassigned,6.0,6.0,0.0,1.0,0.0,0.0,0.007736944,0.0,0,0,0,1,0
51380,0,0,-0.6492093,0.34316775,0,0,val,32.0,32.0,0.0,1.0,0.0,0.0,0.058027077,0.0,0,0,1,0,0
51381,-1,0,0.06792945,0.5169758,1,1,unassigned,3.0,3.0,0.0,1.0,0.0,0.0,0.001934236,0.0,0,0,0,1,0
51382,-1,0,-0.14586604,0.46359804,0,1,unassigned,2.0,2.0,0.0,1.0,0.0,0.0,0.0,0.0,0,0,0,0,0
51383,-1,1,7.7825494,0.9995832,1,1,unassigned,20.0,17.0,3.0,0.85,0.15,0.14999998,0.034816246,0.005222437,1,0,0,1,1
51384,-1,0,5.191833,0.9944689,1,1,unassigned,4.0,3.0,1.0,0.75,0.25,0.25,0.003868472,0.000967118,0,0,0,1,1
51385,-1,0,5.5689435,0.9962,1,1,unassigned,13.0,12.0,1.0,0.9230769,0.07692308,0.07692307,0.021276595,0.0016366612,0,0,0,1,1
51386,-1,1,-0.22096315,0.4449829,0,1,unassigned,13.0,13.0,0.0,1.0,0.0,0.0,0.021276595,0.0,1,0,0,0,0
51387,0,1,-0.74144113,0.3226891,0,0,train,30.0,29.0,1.0,0.96666664,0.033333335,0.03333336,0.054158606,0.001805287,1,0,1,0,0
51388,-1,1,-0.7786016,0.31462136,0,1,unassigned,17.0,16.0,1.0,0.9411765,0.05882353,0.058823526,0.029013539,0.0017066788,1,0,0,0,0
51389,-1,0,3.260184,0.9630373,1,1,unassigned,3.0,3.0,0.0,1.0,0.0,0.0,0.001934236,0.0,0,0,0,1,1
51390,-1,0,1.9353294,0.87383807,1,1,unassigned,7.0,6.0,1.0,0.85714287,0.14285715,0.14285713,0.00967118,0.0013815971,0,0,0,1,0
51391,-1,0,4.6798263,0.9908047,1,1,unassigned,9.0,9.0,0.0,1.0,0.0,0.0,0.013539651,0.0,0,0,0,1,1
51392,-1,0,5.219245,0.99461776,1,1,unassigned,3.0,3.0,0.0,1.0,0.0,0.0,0.001934236,0.0,0,0,0,1,1
51393,-1,0,4.812364,0.9919369,1,1,unassigned,3.0,3.0,0.0,1.0,0.0,0.0,0.001934236,0.0,0,0,0,1,1
51394,0,0,-0.65726835,0.3413535,0,0,unassigned,22.0,21.0,1.0,0.95454544,0.045454547,0.04545456,0.03868472,0.0017583964,0,0,1,0,0
51395,1,0,3.6727116,0.9752221,1,0,val,2.0,2.0,0.0,1.0,0.0,0.0,0.0,0.0,0,0,1,1,1
51396,-1,0,0.72639376,0.67401344,1,1,unassigned,7.0,5.0,2.0,0.71428573,0.2857143,0.28571427,0.00967118,0.0027631943,0,0,0,1,0
51397,-1,1,-0.42050153,0.39639673,0,1,unassigned,19.0,16.0,3.0,0.84210527,0.15789473,0.15789473,0.032882012,0.0051918966,1,0,0,0,0
51398,-1,0,-0.87837887,0.29351383,0,1,unassigned,29.0,29.0,0.0,1.0,0.0,0.0,0.05222437,0.0,0,0,0,0,0
51399,-1,0,5.273935,0.99490273,1,1,unassigned,2.0,2.0,0.0,1.0,0.0,0.0,0.0,0.0,0,0,0,1,1
51400,-1,0,10.210419,0.99996316,1,1,unassigned,2.0,2.0,0.0,1.0,0.0,0.0,0.0,0.0,0,0,0,1,1
51401,-1,1,-0.84468645,0.3005487,0,1,unassigned,27.0,25.0,2.0,0.9259259,0.074074075,0.07407409,0.0483559,0.0035819185,1,0,0,0,0
51402,-1,0,10.598085,0.9999751,1,1,unassigned,2.0,2.0,0.0,1.0,0.0,0.0,0.0,0.0,0,0,0,1,1
51403,-1,0,2.055335,0.8864856,1,1,unassigned,6.0,6.0,0.0,1.0,0.0,0.0,0.007736944,0.0,0,0,0,1,0
51404,-1,0,4.7333207,0.99127954,1,1,unassigned,8.0,8.0,0.0,1.0,0.0,0.0,0.0116054155,0.0,0,0,0,1,1
51405,-1,0,0.61805314,0.6497756,1,1,unassigned,10.0,10.0,0.0,1.0,0.0,0.0,0.015473888,0.0,0,0,0,1,0
51406,-1,0,2.7886155,0.94205755,1,1,unassigned,8.0,8.0,0.0,1.0,0.0,0.0,0.0116054155,0.0,0,0,0,1,1
51407,1,0,5.8967643,0.99725914,1,0,unassigned,17.0,15.0,2.0,0.88235295,0.11764706,0.11764705,0.029013539,0.0034133575,0,0,1,1,1
51408,-1,0,-0.3035832,0.42468175,0,1,unassigned,70.0,69.0,1.0,0.98571426,0.014285714,0.014285743,0.13152805,0.0018789722,0,0,0,0,0
51409,-1,0,3.0647666,0.9554158,1,1,unassigned,10.0,10.0,0.0,1.0,0.0,0.0,0.015473888,0.0,0,0,0,1,1
51410,-1,0,2.8380508,0.94469774,1,1,unassigned,19.0,18.0,1.0,0.94736844,0.05263158,0.052631557,0.032882012,0.0017306323,0,0,0,1,1
51411,-1,1,-0.36393544,0.41000724,0,1,unassigned,74.0,70.0,4.0,0.9459459,0.054054055,0.05405408,0.13926499,0.007527837,1,0,0,0,0
51412,-1,0,-0.53030294,0.37044623,0,1,unassigned,2.0,2.0,0.0,1.0,0.0,0.0,0.0,0.0,0,0,0,0,0
51413,-1,0,0.23444968,0.5583454,1,1,unassigned,5.0,5.0,0.0,1.0,0.0,0.0,0.0058027077,0.0,0,0,0,1,0
51414,-1,1,0.17848527,0.5445032,1,1,unassigned,50.0,45.0,5.0,0.9,0.1,0.100000024,0.092843324,0.009284332,1,0,0,1,0
51415,-1,1,-0.90275156,0.28848538,0,1,unassigned,92.0,92.0,0.0,1.0,0.0,0.0,0.17408124,0.0,1,0,0,0,0
51416,-1,1,-0.7949302,0.31111103,0,1,unassigned,57.0,57.0,0.0,1.0,0.0,0.0,0.10638298,0.0,1,0,0,0,0
51417,0,1,-0.91227454,0.2865346,0,0,test,51.0,51.0,0.0,1.0,0.0,0.0,0.09477756,0.0,1,0,1,0,0
51418,-1,1,-0.7626884,0.31806287,0,1,unassigned,56.0,55.0,1.0,0.98214287,0.017857144,0.017857134,0.10444874,0.0018651562,1,0,0,0,0
51419,-1,1,-0.7104989,0.3294886,0,1,unassigned,71.0,70.0,1.0,0.9859155,0.014084507,0.014084518,0.13346228,0.0018797504,1,0,0,0,0
51420,1,1,-0.890774,0.29095012,0,1,unassigned,194.0,190.0,4.0,0.97938144,0.020618556,0.020618558,0.3713733,0.007657181,1,0,0,0,0
51421,-1,0,5.9240947,0.99733293,1,1,unassigned,15.0,14.0,1.0,0.93333334,0.06666667,0.06666666,0.025145067,0.0016763379,0,0,0,1,1
51422,0,1,-0.88994986,0.29112017,0,0,val,70.0,70.0,0.0,1.0,0.0,0.0,0.13152805,0.0,1,0,1,0,0
51423,-1,1,0.8821388,0.7072652,1,1,unassigned,34.0,25.0,9.0,0.7352941,0.2647059,0.2647059,0.061895553,0.016384117,1,0,0,1,0
51424,-1,0,0.40074486,0.59886664,1,1,unassigned,4.0,4.0,0.0,1.0,0.0,0.0,0.003868472,0.0,0,0,0,1,0
51425,-1,1,-0.28272846,0.42978498,0,1,unassigned,45.0,44.0,1.0,0.9777778,0.022222223,0.02222222,0.08317215,0.0018482701,1,0,0,0,0
51426,-1,0,-0.11234462,0.47194335,0,1,unassigned,9.0,7.0,2.0,0.7777778,0.22222222,0.22222221,0.013539651,0.0030088115,0,0,0,0,0
51427,-1,0,0.4518172,0.61107117,1,1,unassigned,2.0,2.0,0.0,1.0,0.0,0.0,0.0,0.0,0,0,0,1,0
51428,-1,1,0.54193836,0.63226324,1,1,unassigned,66.0,66.0,0.0,1.0,0.0,0.0,0.123791106,0.0,1,0,0,1,0
51429,-1,0,-0.29163846,0.4276028,0,1,unassigned,27.0,1.0,26.0,0.037037037,0.962963,0.962963,0.0483559,0.04656494,0,0,0,0,0
51430,-1,1,-0.87881076,0.29342428,0,1,unassigned,87.0,83.0,4.0,0.954023,0.04597701,0.045976996,0.16441005,0.007559083,1,0,0,0,0
51431,-1,0,-0.6038237,0.35346937,0,1,unassigned,22.0,22.0,0.0,1.0,0.0,0.0,0.03868472,0.0,0,0,0,0,0
51432,-1,0,0.23838907,0.5593166,1,1,unassigned,9.0,9.0,0.0,1.0,0.0,0.0,0.013539651,0.0,0,0,0,1,0
51433,-1,1,2.6759636,0.9355933,1,1,unassigned,9.0,8.0,1.0,0.8888889,0.11111111,0.111111104,0.013539651,0.0015044058,1,0,0,1,1
51434,-1,0,0.4557007,0.61199373,1,1,unassigned,2.0,2.0,0.0,1.0,0.0,0.0,0.0,0.0,0,0,0,1,0
51435,-1,1,3.1412036,0.9585607,1,1,unassigned,4.0,3.0,1.0,0.75,0.25,0.25,0.003868472,0.000967118,1,0,0,1,1
51436,-1,0,4.134443,0.9842407,1,1,unassigned,3.0,3.0,0.0,1.0,0.0,0.0,0.001934236,0.0,0,0,0,1,1
51437,-1,0,2.0919902,0.89012223,1,1,unassigned,6.0,6.0,0.0,1.0,0.0,0.0,0.007736944,0.0,0,0,0,1,0
51438,-1,1,5.7624583,0.9968664,1,1,unassigned,3.0,3.0,0.0,1.0,0.0,0.0,0.001934236,0.0,1,0,0,1,1
51439,1,0,2.8769145,0.94669336,1,0,test,3.0,3.0,0.0,1.0,0.0,0.0,0.001934236,0.0,0,0,1,1,1
51440,-1,0,6.3033824,0.99817324,1,1,unassigned,7.0,7.0,0.0,1.0,0.0,0.0,0.00967118,0.0,0,0,0,1,1
51441,-1,0,-0.42188233,0.39606643,0,1,unassigned,7.0,7.0,0.0,1.0,0.0,0.0,0.00967118,0.0,0,0,0,0,0
51442,-1,0,-0.05239588,0.486904,0,1,unassigned,14.0,14.0,0.0,1.0,0.0,0.0,0.023210831,0.0,0,0,0,0,0
51443,-1,0,3.6774585,0.9753365,1,1,unassigned,7.0,4.0,3.0,0.5714286,0.42857143,0.4285714,0.00967118,0.0041447915,0,0,0,1,1
51444,-1,1,0.3062395,0.5759671,1,1,unassigned,6.0,6.0,0.0,1.0,0.0,0.0,0.007736944,0.0,1,0,0,1,0
51445,-1,1,3.2112677,0.9612561,1,1,unassigned,2.0,1.0,1.0,0.5,0.5,0.5,0.0,0.0,1,0,0,1,1
51446,-1,0,5.866303,0.9971746,1,1,unassigned,2.0,2.0,0.0,1.0,0.0,0.0,0.0,0.0,0,0,0,1,1
51447,-1,0,-0.3541413,0.41237852,0,1,unassigned,29.0,29.0,0.0,1.0,0.0,0.0,0.05222437,0.0,0,0,0,0,0
51448,-1,0,-0.5843467,0.35793304,0,1,unassigned,6.0,6.0,0.0,1.0,0.0,0.0,0.007736944,0.0,0,0,0,0,0
51449,-1,1,1.4333732,0.8074264,1,1,unassigned,78.0,77.0,1.0,0.98717946,0.012820513,0.012820542,0.14700194,0.0018846402,1,0,0,1,0
51450,-1,0,-0.24560183,0.43890634,0,1,unassigned,21.0,21.0,0.0,1.0,0.0,0.0,0.036750484,0.0,0,0,0,0,0
51451,-1,1,-0.89779544,0.28950372,0,1,unassigned,21.0,20.0,1.0,0.95238096,0.04761905,0.047619045,0.036750484,0.0017500231,1,0,0,0,0
51452,-1,0,5.2881193,0.99497414,1,1,unassigned,4.0,4.0,0.0,1.0,0.0,0.0,0.003868472,0.0,0,0,0,1,1
51453,-1,1,-0.63996845,0.34525368,0,1,unassigned,40.0,39.0,1.0,0.975,0.025,0.024999976,0.07350097,0.0018375242,1,0,0,0,0
51454,-1,1,-0.84299695,0.30090398,0,1,unassigned,154.0,147.0,7.0,0.95454544,0.045454547,0.04545456,0.29400387,0.013363813,1,0,0,0,0
51455,0,1,-0.834714,0.30264923,0,0,unassigned,19.0,19.0,0.0,1.0,0.0,0.0,0.032882012,0.0,1,0,1,0,0
51456,-1,1,-0.73942095,0.3231308,0,1,unassigned,62.0,61.0,1.0,0.983871,0.016129032,0.016129017,0.116054155,0.0018718411,1,0,0,0,0
51457,-1,1,-0.44601387,0.39030892,0,1,unassigned,33.0,33.0,0.0,1.0,0.0,0.0,0.059961315,0.0,1,0,0,0,0
51458,-1,1,-0.8942884,0.29022563,0,1,unassigned,31.0,31.0,0.0,1.0,0.0,0.0,0.056092843,0.0,1,0,0,0,0
51459,-1,1,-0.82620883,0.3044473,0,1,unassigned,31.0,31.0,0.0,1.0,0.0,0.0,0.056092843,0.0,1,0,0,0,0
51460,-1,0,-0.07489967,0.48128384,0,1,unassigned,3.0,3.0,0.0,1.0,0.0,0.0,0.001934236,0.0,0,0,0,0,0
51461,-1,0,1.5658319,0.8271886,1,1,unassigned,20.0,18.0,2.0,0.9,0.1,0.100000024,0.034816246,0.0034816246,0,0,0,1,0
51462,-1,1,3.534858,0.9716635,1,1,unassigned,14.0,14.0,0.0,1.0,0.0,0.0,0.023210831,0.0,1,0,0,1,1
51463,-1,1,2.182154,0.89863545,1,1,unassigned,10.0,9.0,1.0,0.9,0.1,0.100000024,0.015473888,0.0015473888,1,0,0,1,0
51464,-1,1,1.0213242,0.73523045,1,1,unassigned,5.0,5.0,0.0,1.0,0.0,0.0,0.0058027077,0.0,1,0,0,1,0
51465,-1,1,1.4767306,0.8140782,1,1,unassigned,4.0,4.0,0.0,1.0,0.0,0.0,0.003868472,0.0,1,0,0,1,0
51466,-1,1,0.21555352,0.5536807,1,1,unassigned,7.0,7.0,0.0,1.0,0.0,0.0,0.00967118,0.0,1,0,0,1,0
51467,-1,1,0.547327,0.6335152,1,1,unassigned,5.0,5.0,0.0,1.0,0.0,0.0,0.0058027077,0.0,1,0,0,1,0
51468,-1,0,0.574578,0.63981885,1,1,unassigned,3.0,3.0,0.0,1.0,0.0,0.0,0.001934236,0.0,0,0,0,1,0
51469,0,0,-0.784042,0.31344938,0,0,train,4.0,4.0,0.0,1.0,0.0,0.0,0.003868472,0.0,0,0,1,0,0
51470,-1,1,1.3933749,0.8011304,1,1,unassigned,9.0,4.0,5.0,0.44444445,0.5555556,0.5555556,0.013539651,0.007522029,1,0,0,1,0
51471,0,1,-0.7765233,0.31506968,0,0,val,48.0,48.0,0.0,1.0,0.0,0.0,0.088974856,0.0,1,0,1,0,0
51472,-1,1,-0.1737001,0.45668384,0,1,unassigned,18.0,18.0,0.0,1.0,0.0,0.0,0.030947777,0.0,1,0,0,0,0
51473,-1,1,-0.86469275,0.2963598,0,1,unassigned,40.0,40.0,0.0,1.0,0.0,0.0,0.07350097,0.0,1,0,0,0,0
51474,-1,0,5.71333,0.9967092,1,1,unassigned,5.0,5.0,0.0,1.0,0.0,0.0,0.0058027077,0.0,0,0,0,1,1
51475,-1,1,2.724795,0.938474,1,1,unassigned,31.0,29.0,2.0,0.9354839,0.06451613,0.06451613,0.056092843,0.003618893,1,0,0,1,1
51476,-1,1,-0.7425722,0.32244194,0,1,unassigned,28.0,27.0,1.0,0.96428573,0.035714287,0.03571427,0.050290134,0.0017960763,1,0,0,0,0
51477,-1,1,-0.82060504,0.30563524,0,1,unassigned,18.0,18.0,0.0,1.0,0.0,0.0,0.030947777,0.0,1,0,0,0,0
51478,-1,1,-0.9269897,0.28353584,0,1,unassigned,45.0,45.0,0.0,1.0,0.0,0.0,0.08317215,0.0,1,0,0,0,0
51479,-1,1,-0.56186837,0.36311525,0,1,unassigned,52.0,51.0,1.0,0.9807692,0.01923077,0.019230783,0.0967118,0.0018598423,1,0,0,0,0
51480,-1,1,-0.7692032,0.3166515,0,1,unassigned,127.0,125.0,2.0,0.984252,0.015748031,0.015748024,0.24177949,0.003807551,1,0,0,0,0
51481,-1,0,2.1239612,0.89321035,1,1,unassigned,26.0,26.0,0.0,1.0,0.0,0.0,0.046421662,0.0,0,0,0,1,0
51482,0,0,-0.55955535,0.36365035,0,0,test,86.0,84.0,2.0,0.9767442,0.023255814,0.023255825,0.16247582,0.0037785075,0,0,1,0,0
51483,-1,0,-0.009093642,0.49772656,0,1,unassigned,4.0,3.0,1.0,0.75,0.25,0.25,0.003868472,0.000967118,0,0,0,0,0
51484,1,1,0.1564892,0.53904265,1,0,val,17.0,14.0,3.0,0.8235294,0.1764706,0.17647058,0.029013539,0.005120036,1,0,1,1,0
51485,-1,0,0.0517416,0.5129325,1,1,unassigned,4.0,4.0,0.0,1.0,0.0,0.0,0.003868472,0.0,0,0,0,1,0
51486,0,1,-0.59484607,0.35552374,0,0,unassigned,7.0,7.0,0.0,1.0,0.0,0.0,0.00967118,0.0,1,0,1,0,0
51487,-1,0,2.3566988,0.91346526,1,1,unassigned,2.0,2.0,0.0,1.0,0.0,0.0,0.0,0.0,0,0,0,1,1
51488,-1,1,5.2520823,0.9947907,1,1,unassigned,2.0,1.0,1.0,0.5,0.5,0.5,0.0,0.0,1,0,0,1,1
51489,-1,1,-0.23569146,0.44134837,0,1,unassigned,4.0,4.0,0.0,1.0,0.0,0.0,0.003868472,0.0,1,0,0,0,0
51490,-1,0,4.421059,0.9881213,1,1,unassigned,3.0,3.0,0.0,1.0,0.0,0.0,0.001934236,0.0,0,0,0,1,1
51491,-1,1,-0.16717428,0.4583035,0,1,unassigned,10.0,9.0,1.0,0.9,0.1,0.100000024,0.015473888,0.0015473888,1,0,0,0,0
51492,-1,0,1.5079875,0.8187628,1,1,unassigned,3.0,2.0,1.0,0.6666667,0.33333334,0.3333333,0.001934236,0.00064474536,0,0,0,1,0
51493,-1,1,3.7278302,0.9765196,1,1,unassigned,7.0,7.0,0.0,1.0,0.0,0.0,0.00967118,0.0,1,0,0,1,1
51494,-1,1,2.2107694,0.90121245,1,1,unassigned,4.0,3.0,1.0,0.75,0.25,0.25,0.003868472,0.000967118,1,0,0,1,1
51495,0,1,-0.18734813,0.4532995,0,0,unassigned,24.0,24.0,0.0,1.0,0.0,0.0,0.04255319,0.0,1,0,1,0,0
51496,0,0,-0.71048313,0.3294921,0,0,train,2.0,2.0,0.0,1.0,0.0,0.0,0.0,0.0,0,0,1,0,0
51497,-1,0,-0.20370477,0.44924918,0,1,unassigned,2.0,2.0,0.0,1.0,0.0,0.0,0.0,0.0,0,0,0,0,0
51498,-1,0,4.3743644,0.9875606,1,1,unassigned,4.0,3.0,1.0,0.75,0.25,0.25,0.003868472,0.000967118,0,0,0,1,1
51499,-1,0,-0.71083754,0.3294138,0,1,unassigned,2.0,2.0,0.0,1.0,0.0,0.0,0.0,0.0,0,0,0,0,0
51500,-1,1,-0.7263948,0.3259864,0,1,unassigned,2.0,2.0,0.0,1.0,0.0,0.0,0.0,0.0,1,0,0,0,0
51501,1,1,4.907271,0.9926616,1,0,unassigned,11.0,5.0,6.0,0.45454547,0.54545456,0.5454545,0.017408123,0.00949534,1,0,1,1,1
51502,-1,1,-0.0709317,0.48227453,0,1,unassigned,19.0,14.0,5.0,0.7368421,0.2631579,0.2631579,0.032882012,0.008653161,1,0,0,0,0
51503,-1,0,0.6414153,0.6550733,1,1,unassigned,2.0,2.0,0.0,1.0,0.0,0.0,0.0,0.0,0,0,0,1,0
51504,-1,0,5.9499235,0.99740076,1,1,unassigned,4.0,4.0,0.0,1.0,0.0,0.0,0.003868472,0.0,0,0,0,1,1
51505,-1,1,1.1465235,0.7588753,1,1,unassigned,13.0,10.0,3.0,0.7692308,0.23076923,0.23076922,0.021276595,0.0049099834,1,0,0,1,0
51506,1,1,-0.08390245,0.47903663,0,1,val,13.0,11.0,2.0,0.84615386,0.15384616,0.15384614,0.021276595,0.0032733225,1,0,0,0,0
51507,-1,0,1.3431287,0.793004,1,1,unassigned,2.0,2.0,0.0,1.0,0.0,0.0,0.0,0.0,0,0,0,1,0
51508,-1,1,-0.51996225,0.37286106,0,1,unassigned,28.0,27.0,1.0,0.96428573,0.035714287,0.03571427,0.050290134,0.0017960763,1,0,0,0,0
51509,-1,1,-0.22090831,0.44499642,0,1,unassigned,20.0,20.0,0.0,1.0,0.0,0.0,0.034816246,0.0,1,0,0,0,0
51510,-1,0,-0.8806344,0.29304636,0,1,unassigned,61.0,60.0,1.0,0.9836066,0.016393442,0.016393423,0.114119925,0.0018708183,0,0,0,0,0
51511,-1,0,0.4866596,0.6193192,1,1,unassigned,4.0,3.0,1.0,0.75,0.25,0.25,0.003868472,0.000967118,0,0,0,1,0
51512,-1,1,1.2181053,0.77172995,1,1,unassigned,4.0,3.0,1.0,0.75,0.25,0.25,0.003868472,0.000967118,1,0,0,1,0
51513,0,0,0.4646235,0.6141104,1,1,test,3.0,3.0,0.0,1.0,0.0,0.0,0.001934236,0.0,0,0,0,1,0
51514,-1,0,-0.6899313,0.33404836,0,1,unassigned,5.0,5.0,0.0,1.0,0.0,0.0,0.0058027077,0.0,0,0,0,0,0
51515,-1,0,0.26397258,0.56561255,1,1,unassigned,3.0,3.0,0.0,1.0,0.0,0.0,0.001934236,0.0,0,0,0,1,0
51516,-1,0,-0.25318682,0.43703923,0,1,unassigned,3.0,3.0,0.0,1.0,0.0,0.0,0.001934236,0.0,0,0,0,0,0
51517,-1,0,5.866303,0.9971746,1,1,unassigned,2.0,2.0,0.0,1.0,0.0,0.0,0.0,0.0,0,0,0,1,1
51518,-1,1,-0.05941099,0.48515162,0,1,unassigned,18.0,18.0,0.0,1.0,0.0,0.0,0.030947777,0.0,1,0,0,0,0
51519,-1,1,-0.086321086,0.4784331,0,1,unassigned,19.0,19.0,0.0,1.0,0.0,0.0,0.032882012,0.0,1,0,0,0,0
51520,1,0,0.09802812,0.52448744,1,0,unassigned,19.0,18.0,1.0,0.94736844,0.05263158,0.052631557,0.032882012,0.0017306323,0,0,1,1,0
51521,-1,0,1.563303,0.8268268,1,1,unassigned,3.0,3.0,0.0,1.0,0.0,0.0,0.001934236,0.0,0,0,0,1,0
51522,-1,0,4.2334847,0.9857055,1,1,unassigned,5.0,4.0,1.0,0.8,0.2,0.19999999,0.0058027077,0.0011605415,0,0,0,1,1
51523,1,0,-0.54596925,0.3668001,0,1,unassigned,3.0,3.0,0.0,1.0,0.0,0.0,0.001934236,0.0,0,0,0,0,0
51524,-1,1,6.5140147,0.9985197,1,1,unassigned,4.0,4.0,0.0,1.0,0.0,0.0,0.003868472,0.0,1,0,0,1,1
51525,-1,0,1.9323072,0.8735046,1,1,unassigned,6.0,6.0,0.0,1.0,0.0,0.0,0.007736944,0.0,0,0,0,1,0
51526,-1,1,0.3591798,0.58884186,1,1,unassigned,4.0,4.0,0.0,1.0,0.0,0.0,0.003868472,0.0,1,0,0,1,0
51527,-1,0,-0.8834816,0.2924568,0,1,unassigned,27.0,27.0,0.0,1.0,0.0,0.0,0.0483559,0.0,0,0,0,0,0
51528,-1,0,-0.9002891,0.28899106,0,1,unassigned,44.0,44.0,0.0,1.0,0.0,0.0,0.08123791,0.0,0,0,0,0,0
51529,-1,0,-0.75380087,0.31999364,0,1,unassigned,31.0,31.0,0.0,1.0,0.0,0.0,0.056092843,0.0,0,0,0,0,0
51530,-1,0,0.020216167,0.5050538,1,1,unassigned,79.0,79.0,0.0,1.0,0.0,0.0,0.14893617,0.0,0,0,0,1,0
51531,-1,1,-0.1503191,0.4624908,0,1,unassigned,6.0,6.0,0.0,1.0,0.0,0.0,0.007736944,0.0,1,0,0,0,0
51532,-1,1,1.1573012,0.760842,1,1,unassigned,4.0,2.0,2.0,0.5,0.5,0.5,0.003868472,0.001934236,1,0,0,1,0
51533,-1,1,-0.16507596,0.4588245,0,1,unassigned,23.0,23.0,0.0,1.0,0.0,0.0,0.040618956,0.0,1,0,0,0,0
51534,-1,1,0.39933187,0.59852713,1,1,unassigned,11.0,11.0,0.0,1.0,0.0,0.0,0.017408123,0.0,1,0,0,1,0
51535,-1,0,1.2989576,0.7856595,1,1,unassigned,36.0,34.0,2.0,0.9444444,0.055555556,0.055555582,0.065764025,0.003653557,0,0,0,1,0
51536,-1,0,0.36270845,0.58969593,1,1,unassigned,3.0,3.0,0.0,1.0,0.0,0.0,0.001934236,0.0,0,0,0,1,0
51537,-1,0,-0.29416543,0.42698443,0,1,unassigned,3.0,3.0,0.0,1.0,0.0,0.0,0.001934236,0.0,0,0,0,0,0
51538,-1,0,0.26765692,0.5665176,1,1,unassigned,5.0,4.0,1.0,0.8,0.2,0.19999999,0.0058027077,0.0011605415,0,0,0,1,0
51539,-1,0,-0.19513798,0.45136973,0,1,unassigned,11.0,10.0,1.0,0.90909094,0.09090909,0.090909064,0.017408123,0.0015825568,0,0,0,0,0
51540,-1,0,-0.8188591,0.3060059,0,1,unassigned,2.0,2.0,0.0,1.0,0.0,0.0,0.0,0.0,0,0,0,0,0
51541,-1,0,4.6426387,0.9904597,1,1,unassigned,2.0,2.0,0.0,1.0,0.0,0.0,0.0,0.0,0,0,0,1,1
51542,1,1,-0.39822942,0.40173778,0,1,val,4.0,4.0,0.0,1.0,0.0,0.0,0.003868472,0.0,1,0,0,0,0
51543,-1,0,-1.5816095,0.17056766,0,1,unassigned,2.0,2.0,0.0,1.0,0.0,0.0,0.0,0.0,0,0,0,0,0
51544,-1,0,0.69005376,0.66597885,1,1,unassigned,22.0,15.0,7.0,0.6818182,0.3181818,0.3181818,0.03868472,0.012308774,0,0,0,1,0
51545,-1,0,3.122248,0.9578012,1,1,unassigned,15.0,14.0,1.0,0.93333334,0.06666667,0.06666666,0.025145067,0.0016763379,0,0,0,1,1
51546,-1,1,-0.13236627,0.4669567,0,1,unassigned,20.0,19.0,1.0,0.95,0.05,0.050000012,0.034816246,0.0017408123,1,0,0,0,0
51547,-1,0,0.80986744,0.6920812,1,1,unassigned,2.0,2.0,0.0,1.0,0.0,0.0,0.0,0.0,0,0,0,1,0
51548,-1,0,2.0738282,0.88833326,1,1,unassigned,3.0,3.0,0.0,1.0,0.0,0.0,0.001934236,0.0,0,0,0,1,0
51549,-1,1,2.0328205,0.8842002,1,1,unassigned,6.0,5.0,1.0,0.8333333,0.16666667,0.16666669,0.007736944,0.0012894907,1,0,0,1,0
51550,-1,0,-0.3821251,0.40561444,0,1,unassigned,4.0,4.0,0.0,1.0,0.0,0.0,0.003868472,0.0,0,0,0,0,0
51551,-1,0,-0.42052928,0.3963901,0,1,unassigned,5.0,4.0,1.0,0.8,0.2,0.19999999,0.0058027077,0.0011605415,0,0,0,0,0
51552,-1,0,-0.013501525,0.49662465,0,1,unassigned,22.0,22.0,0.0,1.0,0.0,0.0,0.03868472,0.0,0,0,0,0,0
51553,-1,1,0.30480945,0.5756178,1,1,unassigned,44.0,44.0,0.0,1.0,0.0,0.0,0.08123791,0.0,1,0,0,1,0
51554,-1,1,-0.70235205,0.33129093,0,1,unassigned,130.0,126.0,4.0,0.9692308,0.03076923,0.030769229,0.24758221,0.007617914,1,0,0,0,0
51555,-1,0,0.19097751,0.5475998,1,1,unassigned,2.0,2.0,0.0,1.0,0.0,0.0,0.0,0.0,0,0,0,1,0
51556,-1,1,-0.82343084,0.3050359,0,1,unassigned,57.0,57.0,0.0,1.0,0.0,0.0,0.10638298,0.0,1,0,0,0,0
51557,1,1,-0.68455034,0.33524647,0,1,test,24.0,23.0,1.0,0.9583333,0.041666668,0.041666687,0.04255319,0.0017730496,1,0,0,0,0
51558,-1,1,-0.7572484,0.31924397,0,1,unassigned,40.0,40.0,0.0,1.0,0.0,0.0,0.07350097,0.0,1,0,0,0,0
51559,-1,1,-0.6571878,0.34137163,0,1,unassigned,97.0,96.0,1.0,0.9896907,0.010309278,0.010309279,0.18375242,0.0018943547,1,0,0,0,0
51560,-1,1,-0.811592,0.30755135,0,1,unassigned,99.0,95.0,4.0,0.959596,0.04040404,0.04040402,0.1876209,0.007580642,1,0,0,0,0
51561,0,1,-0.8089758,0.30810878,0,0,test,37.0,37.0,0.0,1.0,0.0,0.0,0.06769826,0.0,1,0,1,0,0
51562,-1,1,2.9750311,0.95143324,1,1,unassigned,21.0,20.0,1.0,0.95238096,0.04761905,0.047619045,0.036750484,0.0017500231,1,0,0,1,1
51563,-1,1,2.7555144,0.940224,1,1,unassigned,10.0,10.0,0.0,1.0,0.0,0.0,0.015473888,0.0,1,0,0,1,1
51564,-1,1,2.6469853,0.9338249,1,1,unassigned,6.0,6.0,0.0,1.0,0.0,0.0,0.007736944,0.0,1,0,0,1,1
51565,-1,0,0.046617806,0.51165235,1,1,unassigned,7.0,7.0,0.0,1.0,0.0,0.0,0.00967118,0.0,0,0,0,1,0
51566,-1,0,5.364977,0.9953442,1,1,unassigned,3.0,3.0,0.0,1.0,0.0,0.0,0.001934236,0.0,0,0,0,1,1
51567,-1,0,9.29707,0.9999083,1,1,unassigned,2.0,2.0,0.0,1.0,0.0,0.0,0.0,0.0,0,0,0,1,1
51568,-1,0,-0.35619283,0.41188148,0,1,unassigned,8.0,8.0,0.0,1.0,0.0,0.0,0.0116054155,0.0,0,0,0,0,0
51569,-1,1,-0.2698226,0.43295068,0,1,unassigned,24.0,24.0,0.0,1.0,0.0,0.0,0.04255319,0.0,1,0,0,0,0
51570,-1,1,-0.5061965,0.37608555,0,1,unassigned,24.0,24.0,0.0,1.0,0.0,0.0,0.04255319,0.0,1,0,0,0,0
51571,-1,1,0.3031286,0.5752071,1,1,unassigned,12.0,12.0,0.0,1.0,0.0,0.0,0.01934236,0.0,1,0,0,1,0
51572,-1,0,3.418361,0.96827346,1,1,unassigned,8.0,8.0,0.0,1.0,0.0,0.0,0.0116054155,0.0,0,0,0,1,1
51573,-1,0,5.341168,0.9952325,1,1,unassigned,2.0,2.0,0.0,1.0,0.0,0.0,0.0,0.0,0,0,0,1,1
51574,-1,1,2.150808,0.8957442,1,1,unassigned,2.0,2.0,0.0,1.0,0.0,0.0,0.0,0.0,1,0,0,1,0
51575,-1,0,-0.8978342,0.28949577,0,1,unassigned,14.0,14.0,0.0,1.0,0.0,0.0,0.023210831,0.0,0,0,0,0,0
51576,-1,0,1.9037926,0.8703202,1,1,unassigned,3.0,3.0,0.0,1.0,0.0,0.0,0.001934236,0.0,0,0,0,1,0
51577,-1,0,6.825657,0.9989157,1,1,unassigned,45.0,42.0,3.0,0.93333334,0.06666667,0.06666666,0.08317215,0.00554481,0,0,0,1,1
51578,-1,0,-0.40933767,0.39907095,0,1,unassigned,2.0,2.0,0.0,1.0,0.0,0.0,0.0,0.0,0,0,0,0,0
51579,-1,1,2.8577619,0.94571847,1,1,unassigned,3.0,3.0,0.0,1.0,0.0,0.0,0.001934236,0.0,1,0,0,1,1
51580,-1,1,-0.21221364,0.4471448,0,1,unassigned,29.0,28.0,1.0,0.9655172,0.03448276,0.034482777,0.05222437,0.0018008404,1,0,0,0,0
51581,-1,0,-0.5343435,0.36950445,0,1,unassigned,4.0,4.0,0.0,1.0,0.0,0.0,0.003868472,0.0,0,0,0,0,0
51582,-1,1,2.463373,0.9215339,1,1,unassigned,7.0,6.0,1.0,0.85714287,0.14285715,0.14285713,0.00967118,0.0013815971,1,0,0,1,1
51583,1,0,4.5563703,0.989609,1,0,val,4.0,4.0,0.0,1.0,0.0,0.0,0.003868472,0.0,0,0,1,1,1
51584,-1,0,-0.24965698,0.43790793,0,1,unassigned,14.0,14.0,0.0,1.0,0.0,0.0,0.023210831,0.0,0,0,0,0,0
51585,-1,0,5.866303,0.9971746,1,1,unassigned,2.0,2.0,0.0,1.0,0.0,0.0,0.0,0.0,0,0,0,1,1
51586,-1,0,-0.25653055,0.43621677,0,1,unassigned,18.0,17.0,1.0,0.9444444,0.055555556,0.055555582,0.030947777,0.0017193209,0,0,0,0,0
51587,-1,1,6.5146813,0.9985207,1,1,unassigned,5.0,5.0,0.0,1.0,0.0,0.0,0.0058027077,0.0,1,0,0,1,1
51588,-1,1,0.28045636,0.5696581,1,1,unassigned,18.0,18.0,0.0,1.0,0.0,0.0,0.030947777,0.0,1,0,0,1,0
51589,-1,0,-0.5073631,0.37581187,0,1,unassigned,2.0,2.0,0.0,1.0,0.0,0.0,0.0,0.0,0,0,0,0,0
51590,0,0,-0.6662335,0.33934075,0,0,unassigned,2.0,2.0,0.0,1.0,0.0,0.0,0.0,0.0,0,0,1,0,0
51591,-1,1,3.8798606,0.9797642,1,1,unassigned,2.0,2.0,0.0,1.0,0.0,0.0,0.0,0.0,1,0,0,1,1
51592,-1,1,4.5934434,0.9899833,1,1,unassigned,2.0,1.0,1.0,0.5,0.5,0.5,0.0,0.0,1,0,0,1,1
51593,-1,1,6.450484,0.99842274,1,1,unassigned,2.0,2.0,0.0,1.0,0.0,0.0,0.0,0.0,1,0,0,1,1
51594,-1,1,0.18930918,0.54718643,1,1,unassigned,4.0,4.0,0.0,1.0,0.0,0.0,0.003868472,0.0,1,0,0,1,0
51595,0,1,-0.0998168,0.47506648,0,0,test,22.0,22.0,0.0,1.0,0.0,0.0,0.03868472,0.0,1,0,1,0,0
51596,-1,1,-0.3320048,0.41775292,0,1,unassigned,23.0,20.0,3.0,0.8695652,0.13043478,0.13043481,0.040618956,0.0052981246,1,0,0,0,0
51597,-1,0,-0.74191374,0.32258582,0,1,unassigned,12.0,12.0,0.0,1.0,0.0,0.0,0.01934236,0.0,0,0,0,0,0
51598,-1,1,6.2543807,0.9980817,1,1,unassigned,4.0,3.0,1.0,0.75,0.25,0.25,0.003868472,0.000967118,1,0,0,1,1
51599,0,0,-0.8335086,0.3029037,0,0,unassigned,50.0,50.0,0.0,1.0,0.0,0.0,0.092843324,0.0,0,0,1,0,0
51600,-1,1,0.92466,0.71599066,1,1,unassigned,8.0,7.0,1.0,0.875,0.125,0.125,0.0116054155,0.0014506769,1,0,0,1,0
51601,-1,1,2.7922447,0.9422553,1,1,unassigned,3.0,1.0,2.0,0.33333334,0.6666667,0.6666666,0.001934236,0.0012894907,1,0,0,1,1
51602,-1,0,1.1632278,0.7619187,1,1,unassigned,13.0,12.0,1.0,0.9230769,0.07692308,0.07692307,0.021276595,0.0016366612,0,0,0,1,0
51603,-1,0,2.7100942,0.9376196,1,1,unassigned,2.0,2.0,0.0,1.0,0.0,0.0,0.0,0.0,0,0,0,1,1
51604,-1,0,-0.23975262,0.44034734,0,1,unassigned,5.0,5.0,0.0,1.0,0.0,0.0,0.0058027077,0.0,0,0,0,0,0
51605,-1,1,-0.006513059,0.49837175,0,1,unassigned,3.0,3.0,0.0,1.0,0.0,0.0,0.001934236,0.0,1,0,0,0,0
51606,-1,0,7.1236606,0.9991948,1,1,unassigned,3.0,3.0,0.0,1.0,0.0,0.0,0.001934236,0.0,0,0,0,1,1
51607,-1,0,5.866303,0.9971746,1,1,unassigned,2.0,2.0,0.0,1.0,0.0,0.0,0.0,0.0,0,0,0,1,1
51608,-1,0,3.2488186,0.9626306,1,1,unassigned,3.0,2.0,1.0,0.6666667,0.33333334,0.3333333,0.001934236,0.00064474536,0,0,0,1,1
51609,1,0,8.17295,0.9997179,1,0,val,2.0,2.0,0.0,1.0,0.0,0.0,0.0,0.0,0,0,1,1,1
51610,-1,0,3.8727086,0.979622,1,1,unassigned,7.0,6.0,1.0,0.85714287,0.14285715,0.14285713,0.00967118,0.0013815971,0,0,0,1,1
51611,-1,0,5.7279277,0.99675673,1,1,unassigned,2.0,2.0,0.0,1.0,0.0,0.0,0.0,0.0,0,0,0,1,1
51612,-1,0,4.681844,0.99082303,1,1,unassigned,3.0,3.0,0.0,1.0,0.0,0.0,0.001934236,0.0,0,0,0,1,1
51613,-1,0,5.813128,0.9970208,1,1,unassigned,2.0,2.0,0.0,1.0,0.0,0.0,0.0,0.0,0,0,0,1,1
51614,-1,0,5.866303,0.9971746,1,1,unassigned,2.0,2.0,0.0,1.0,0.0,0.0,0.0,0.0,0,0,0,1,1
51615,-1,1,0.70103425,0.66841704,1,1,unassigned,4.0,4.0,0.0,1.0,0.0,0.0,0.003868472,0.0,1,0,0,1,0
51616,-1,1,0.96719855,0.72456074,1,1,unassigned,5.0,3.0,2.0,0.6,0.4,0.39999998,0.0058027077,0.002321083,1,0,0,1,0
51617,-1,0,5.7279277,0.99675673,1,1,unassigned,2.0,2.0,0.0,1.0,0.0,0.0,0.0,0.0,0,0,0,1,1
51618,-1,0,5.7279277,0.99675673,1,1,unassigned,2.0,2.0,0.0,1.0,0.0,0.0,0.0,0.0,0,0,0,1,1
51619,-1,0,-0.003238976,0.4991902,0,1,unassigned,26.0,25.0,1.0,0.96153843,0.03846154,0.038461566,0.046421662,0.0017854486,0,0,0,0,0
51620,0,0,-0.5577095,0.36407757,0,0,unassigned,2.0,2.0,0.0,1.0,0.0,0.0,0.0,0.0,0,0,1,0,0
51621,-1,0,5.607279,0.99634236,1,1,unassigned,2.0,2.0,0.0,1.0,0.0,0.0,0.0,0.0,0,0,0,1,1
51622,0,0,0.16571176,0.5413334,1,1,unassigned,5.0,5.0,0.0,1.0,0.0,0.0,0.0058027077,0.0,0,0,0,1,0
51623,-1,0,1.4693601,0.81296015,1,1,unassigned,9.0,9.0,0.0,1.0,0.0,0.0,0.013539651,0.0,0,0,0,1,0
51624,-1,0,-1.3775926,0.20139591,0,1,unassigned,2.0,2.0,0.0,1.0,0.0,0.0,0.0,0.0,0,0,0,0,0
51625,-1,0,4.0879955,0.9835038,1,1,unassigned,4.0,4.0,0.0,1.0,0.0,0.0,0.003868472,0.0,0,0,0,1,1
51626,-1,0,1.9726479,0.8778953,1,1,unassigned,3.0,3.0,0.0,1.0,0.0,0.0,0.001934236,0.0,0,0,0,1,0
51627,-1,0,7.2492986,0.99928975,1,1,unassigned,4.0,4.0,0.0,1.0,0.0,0.0,0.003868472,0.0,0,0,0,1,1
51628,1,1,-0.69201016,0.33358604,0,1,unassigned,143.0,141.0,2.0,0.986014,0.013986014,0.0139859915,0.27272728,0.0038143676,1,0,0,0,0
51629,-1,0,-0.0050681233,0.49873292,0,1,unassigned,22.0,22.0,0.0,1.0,0.0,0.0,0.03868472,0.0,0,0,0,0,0
51630,1,0,-0.1349068,0.46632436,0,1,test,24.0,24.0,0.0,1.0,0.0,0.0,0.04255319,0.0,0,0,0,0,0
51631,-1,1,-0.49337775,0.37909818,0,1,unassigned,20.0,20.0,0.0,1.0,0.0,0.0,0.034816246,0.0,1,0,0,0,0
51632,-1,1,-0.17855918,0.45547843,0,1,unassigned,7.0,6.0,1.0,0.85714287,0.14285715,0.14285713,0.00967118,0.0013815971,1,0,0,0,0
51633,-1,1,-0.14287645,0.46434152,0,1,unassigned,40.0,38.0,2.0,0.95,0.05,0.050000012,0.07350097,0.0036750485,1,0,0,0,0
51634,-1,0,3.4228022,0.9684096,1,1,unassigned,5.0,5.0,0.0,1.0,0.0,0.0,0.0058027077,0.0,0,0,0,1,1
51635,-1,0,2.0326889,0.8841867,1,1,unassigned,3.0,3.0,0.0,1.0,0.0,0.0,0.001934236,0.0,0,0,0,1,0
51636,-1,0,7.87104,0.99961853,1,1,unassigned,2.0,2.0,0.0,1.0,0.0,0.0,0.0,0.0,0,0,0,1,1
51637,-1,0,3.222391,0.96166825,1,1,unassigned,8.0,7.0,1.0,0.875,0.125,0.125,0.0116054155,0.0014506769,0,0,0,1,1
51638,-1,0,7.6336884,0.99951637,1,1,unassigned,2.0,2.0,0.0,1.0,0.0,0.0,0.0,0.0,0,0,0,1,1
51639,-1,0,-0.1462991,0.46349034,0,1,unassigned,2.0,2.0,0.0,1.0,0.0,0.0,0.0,0.0,0,0,0,0,0
51640,-1,0,5.0829988,0.99383694,1,1,unassigned,2.0,2.0,0.0,1.0,0.0,0.0,0.0,0.0,0,0,0,1,1
51641,-1,1,6.0915856,0.99774325,1,1,unassigned,2.0,2.0,0.0,1.0,0.0,0.0,0.0,0.0,1,0,0,1,1
51642,-1,0,0.63718325,0.65411645,1,1,unassigned,6.0,6.0,0.0,1.0,0.0,0.0,0.007736944,0.0,0,0,0,1,0
51643,-1,0,0.19484049,0.54855657,1,1,unassigned,3.0,1.0,2.0,0.33333334,0.6666667,0.6666666,0.001934236,0.0012894907,0,0,0,1,0
51644,-1,1,0.6235028,0.6510148,1,1,unassigned,3.0,1.0,2.0,0.33333334,0.6666667,0.6666666,0.001934236,0.0012894907,1,0,0,1,0
51645,-1,0,2.4104655,0.91762185,1,1,unassigned,2.0,2.0,0.0,1.0,0.0,0.0,0.0,0.0,0,0,0,1,1
51646,-1,1,-0.7058856,0.33050865,0,1,unassigned,38.0,38.0,0.0,1.0,0.0,0.0,0.06963249,0.0,1,0,0,0,0
51647,-1,1,0.7263978,0.6740143,1,1,unassigned,2.0,1.0,1.0,0.5,0.5,0.5,0.0,0.0,1,0,0,1,0
51648,-1,1,3.4281316,0.9685723,1,1,unassigned,8.0,4.0,4.0,0.5,0.5,0.5,0.0116054155,0.0058027077,1,0,0,1,1
51649,-1,1,3.5529501,0.97215736,1,1,unassigned,3.0,3.0,0.0,1.0,0.0,0.0,0.001934236,0.0,1,0,0,1,1
51650,-1,1,2.3439367,0.9124511,1,1,unassigned,11.0,7.0,4.0,0.6363636,0.36363637,0.36363637,0.017408123,0.006330227,1,0,0,1,1
51651,-1,1,1.5037684,0.81813586,1,1,unassigned,5.0,4.0,1.0,0.8,0.2,0.19999999,0.0058027077,0.0011605415,1,0,0,1,0
51652,1,1,0.9017008,0.7112989,1,0,val,6.0,6.0,0.0,1.0,0.0,0.0,0.007736944,0.0,1,0,1,1,0
51653,0,1,-0.39362663,0.40284458,0,0,test,17.0,16.0,1.0,0.9411765,0.05882353,0.058823526,0.029013539,0.0017066788,1,0,1,0,0
51654,-1,1,7.915684,0.9996351,1,1,unassigned,3.0,3.0,0.0,1.0,0.0,0.0,0.001934236,0.0,1,0,0,1,1
51655,-1,1,2.0481079,0.88575625,1,1,unassigned,3.0,3.0,0.0,1.0,0.0,0.0,0.001934236,0.0,1,0,0,1,0
51656,-1,0,0.09278083,0.5231786,1,1,unassigned,11.0,11.0,0.0,1.0,0.0,0.0,0.017408123,0.0,0,0,0,1,0
51657,1,0,-0.89631,0.28980938,0,1,unassigned,6.0,6.0,0.0,1.0,0.0,0.0,0.007736944,0.0,0,0,0,0,0
51658,-1,1,2.098593,0.8907664,1,1,unassigned,7.0,5.0,2.0,0.71428573,0.2857143,0.28571427,0.00967118,0.0027631943,1,0,0,1,0
51659,-1,0,-1.044234,0.26033387,0,1,unassigned,2.0,2.0,0.0,1.0,0.0,0.0,0.0,0.0,0,0,0,0,0
51660,-1,0,-0.110345274,0.47244167,0,1,unassigned,3.0,3.0,0.0,1.0,0.0,0.0,0.001934236,0.0,0,0,0,0,0
51661,-1,0,-0.096550286,0.47588113,0,1,unassigned,7.0,7.0,0.0,1.0,0.0,0.0,0.00967118,0.0,0,0,0,0,0
51662,-1,0,-0.30014813,0.42552125,0,1,unassigned,9.0,9.0,0.0,1.0,0.0,0.0,0.013539651,0.0,0,0,0,0,0
51663,-1,1,0.31131905,0.5772072,1,1,unassigned,19.0,17.0,2.0,0.8947368,0.10526316,0.10526317,0.032882012,0.0034612645,1,0,0,1,0
51664,1,1,-0.33143246,0.41789213,0,1,unassigned,35.0,33.0,2.0,0.94285715,0.057142857,0.057142854,0.06382979,0.0036474164,1,0,0,0,0
51665,-1,0,0.49321407,0.62086326,1,1,unassigned,2.0,2.0,0.0,1.0,0.0,0.0,0.0,0.0,0,0,0,1,0
51666,1,1,4.6175733,0.9902199,1,0,test,20.0,13.0,7.0,0.65,0.35,0.35000002,0.034816246,0.012185686,1,0,1,1,1
51667,0,0,-0.091281265,0.47719547,0,0,val,4.0,4.0,0.0,1.0,0.0,0.0,0.003868472,0.0,0,0,1,0,0
51668,-1,1,9.096018,0.99988794,1,1,unassigned,3.0,2.0,1.0,0.6666667,0.33333334,0.3333333,0.001934236,0.00064474536,1,0,0,1,1
51669,-1,0,3.422475,0.96839964,1,1,unassigned,4.0,4.0,0.0,1.0,0.0,0.0,0.003868472,0.0,0,0,0,1,1
51670,-1,1,3.7528408,0.97708625,1,1,unassigned,7.0,7.0,0.0,1.0,0.0,0.0,0.00967118,0.0,1,0,0,1,1
51671,-1,0,10.103582,0.9999591,1,1,unassigned,12.0,12.0,0.0,1.0,0.0,0.0,0.01934236,0.0,0,0,0,1,1
51672,-1,1,-0.23735857,0.4409374,0,1,unassigned,10.0,9.0,1.0,0.9,0.1,0.100000024,0.015473888,0.0015473888,1,0,0,0,0
51673,1,1,-0.3917694,0.4032914,0,1,val,25.0,25.0,0.0,1.0,0.0,0.0,0.044487428,0.0,1,0,0,0,0
51674,-1,1,2.5273287,0.9260356,1,1,unassigned,14.0,12.0,2.0,0.85714287,0.14285715,0.14285713,0.023210831,0.0033158332,1,0,0,1,1
51675,-1,0,-0.28362885,0.42956433,0,1,unassigned,3.0,3.0,0.0,1.0,0.0,0.0,0.001934236,0.0,0,0,0,0,0
51676,-1,1,-1.1267934,0.24475336,0,1,unassigned,19.0,19.0,0.0,1.0,0.0,0.0,0.032882012,0.0,1,0,0,0,0
51677,-1,0,3.8623164,0.9794135,1,1,unassigned,19.0,18.0,1.0,0.94736844,0.05263158,0.052631557,0.032882012,0.0017306323,0,0,0,1,1
51678,-1,1,8.296419,0.9997507,1,1,unassigned,15.0,15.0,0.0,1.0,0.0,0.0,0.025145067,0.0,1,0,0,1,1
51679,-1,0,1.1932518,0.7673221,1,1,unassigned,3.0,3.0,0.0,1.0,0.0,0.0,0.001934236,0.0,0,0,0,1,0
51680,-1,0,-0.4162289,0.39741948,0,1,unassigned,2.0,2.0,0.0,1.0,0.0,0.0,0.0,0.0,0,0,0,0,0
51681,-1,0,1.7927067,0.8572588,1,1,unassigned,5.0,4.0,1.0,0.8,0.2,0.19999999,0.0058027077,0.0011605415,0,0,0,1,0
51682,-1,0,0.5997146,0.645591,1,1,unassigned,11.0,10.0,1.0,0.90909094,0.09090909,0.090909064,0.017408123,0.0015825568,0,0,0,1,0
51683,-1,0,25.786892,1.0,1,1,unassigned,104.0,103.0,1.0,0.99038464,0.009615385,0.009615362,0.19729207,0.0018970392,0,0,0,1,1
51684,-1,0,-0.68579465,0.33496925,0,1,unassigned,2.0,2.0,0.0,1.0,0.0,0.0,0.0,0.0,0,0,0,0,0
51685,-1,1,1.1208327,0.7541432,1,1,unassigned,4.0,4.0,0.0,1.0,0.0,0.0,0.003868472,0.0,1,0,0,1,0
51686,-1,0,-0.39115906,0.4034383,0,1,unassigned,25.0,24.0,1.0,0.96,0.04,0.04000002,0.044487428,0.001779497,0,0,0,0,0
51687,-1,0,0.6658222,0.66056705,1,1,unassigned,6.0,6.0,0.0,1.0,0.0,0.0,0.007736944,0.0,0,0,0,1,0
51688,-1,0,0.6658222,0.66056705,1,1,unassigned,6.0,6.0,0.0,1.0,0.0,0.0,0.007736944,0.0,0,0,0,1,0
51689,-1,0,0.6658222,0.66056705,1,1,unassigned,6.0,6.0,0.0,1.0,0.0,0.0,0.007736944,0.0,0,0,0,1,0
51690,-1,1,-0.7813714,0.3140244,0,1,unassigned,76.0,76.0,0.0,1.0,0.0,0.0,0.14313346,0.0,1,0,0,0,0
51691,0,1,0.8313022,0.69663024,1,1,test,14.0,13.0,1.0,0.9285714,0.071428575,0.0714286,0.023210831,0.0016579166,1,0,0,1,0
51692,-1,1,6.541905,0.99856037,1,1,unassigned,3.0,3.0,0.0,1.0,0.0,0.0,0.001934236,0.0,1,0,0,1,1
51693,-1,1,0.047097504,0.5117722,1,1,unassigned,85.0,83.0,2.0,0.9764706,0.023529412,0.02352941,0.16054158,0.003777449,1,0,0,1,0
51694,-1,1,0.7612148,0.6816174,1,1,unassigned,2.0,2.0,0.0,1.0,0.0,0.0,0.0,0.0,1,0,0,1,0
51695,-1,1,3.822305,0.9785911,1,1,unassigned,4.0,4.0,0.0,1.0,0.0,0.0,0.003868472,0.0,1,0,0,1,1
51696,-1,1,-0.2566405,0.4361897,0,1,unassigned,2.0,2.0,0.0,1.0,0.0,0.0,0.0,0.0,1,0,0,0,0
51697,-1,0,0.20959157,0.5522069,1,1,unassigned,4.0,4.0,0.0,1.0,0.0,0.0,0.003868472,0.0,0,0,0,1,0
51698,-1,0,1.0186422,0.734708,1,1,unassigned,4.0,3.0,1.0,0.75,0.25,0.25,0.003868472,0.000967118,0,0,0,1,0
51699,0,1,-0.213471,0.44683403,0,0,train,5.0,4.0,1.0,0.8,0.2,0.19999999,0.0058027077,0.0011605415,1,0,1,0,0
51700,-1,1,0.5075446,0.6242307,1,1,unassigned,19.0,19.0,0.0,1.0,0.0,0.0,0.032882012,0.0,1,0,0,1,0
51701,-1,1,7.5546756,0.9994766,1,1,unassigned,3.0,2.0,1.0,0.6666667,0.33333334,0.3333333,0.001934236,0.00064474536,1,0,0,1,1
51702,-1,0,10.527063,0.9999732,1,1,unassigned,2.0,2.0,0.0,1.0,0.0,0.0,0.0,0.0,0,0,0,1,1
51703,-1,0,4.9045224,0.9926415,1,1,unassigned,2.0,2.0,0.0,1.0,0.0,0.0,0.0,0.0,0,0,0,1,1
51704,1,0,8.946585,0.9998698,1,0,val,2.0,2.0,0.0,1.0,0.0,0.0,0.0,0.0,0,0,1,1,1
51705,-1,0,13.032737,0.99999785,1,1,unassigned,4.0,3.0,1.0,0.75,0.25,0.25,0.003868472,0.000967118,0,0,0,1,1
51706,-1,0,1.7416375,0.8508949,1,1,unassigned,2.0,1.0,1.0,0.5,0.5,0.5,0.0,0.0,0,0,0,1,0
51707,-1,0,-0.052473962,0.48688456,0,1,unassigned,3.0,3.0,0.0,1.0,0.0,0.0,0.001934236,0.0,0,0,0,0,0
51708,-1,0,3.9120486,0.98039263,1,1,unassigned,12.0,12.0,0.0,1.0,0.0,0.0,0.01934236,0.0,0,0,0,1,1
51709,-1,0,3.3392954,0.9657526,1,1,unassigned,7.0,7.0,0.0,1.0,0.0,0.0,0.00967118,0.0,0,0,0,1,1
51710,-1,0,2.853217,0.9454847,1,1,unassigned,8.0,8.0,0.0,1.0,0.0,0.0,0.0116054155,0.0,0,0,0,1,1
51711,1,0,-0.24868885,0.43814626,0,1,unassigned,5.0,5.0,0.0,1.0,0.0,0.0,0.0058027077,0.0,0,0,0,0,0
51712,1,0,-0.32011244,0.42064834,0,1,val,10.0,10.0,0.0,1.0,0.0,0.0,0.015473888,0.0,0,0,0,0,0
51713,0,0,-0.5305643,0.3703853,0,0,unassigned,69.0,69.0,0.0,1.0,0.0,0.0,0.1295938,0.0,0,0,1,0,0
51714,-1,0,-0.4081357,0.39935926,0,1,unassigned,39.0,39.0,0.0,1.0,0.0,0.0,0.07156673,0.0,0,0,0,0,0
51715,-1,0,6.8191285,0.9989085,1,1,unassigned,2.0,2.0,0.0,1.0,0.0,0.0,0.0,0.0,0,0,0,1,1
51716,-1,1,1.6444976,0.83814603,1,1,unassigned,4.0,2.0,2.0,0.5,0.5,0.5,0.003868472,0.001934236,1,0,0,1,0
51717,-1,0,-0.026459217,0.49338558,0,1,unassigned,26.0,26.0,0.0,1.0,0.0,0.0,0.046421662,0.0,0,0,0,0,0
51718,-1,0,-0.02224636,0.49443862,0,1,unassigned,18.0,18.0,0.0,1.0,0.0,0.0,0.030947777,0.0,0,0,0,0,0
51719,-1,0,-0.6453619,0.3440355,0,1,unassigned,16.0,16.0,0.0,1.0,0.0,0.0,0.027079303,0.0,0,0,0,0,0
51720,-1,0,-0.27530947,0.4316041,0,1,unassigned,2.0,2.0,0.0,1.0,0.0,0.0,0.0,0.0,0,0,0,0,0
51721,-1,0,0.4408092,0.60845184,1,1,unassigned,2.0,2.0,0.0,1.0,0.0,0.0,0.0,0.0,0,0,0,1,0
51722,-1,1,6.2067447,0.9979882,1,1,unassigned,44.0,33.0,11.0,0.75,0.25,0.25,0.08123791,0.020309478,1,0,0,1,1
51723,-1,0,3.076591,0.9559167,1,1,unassigned,6.0,5.0,1.0,0.8333333,0.16666667,0.16666669,0.007736944,0.0012894907,0,0,0,1,1
51724,-1,1,-0.4636758,0.38611418,0,1,unassigned,72.0,71.0,1.0,0.9861111,0.013888889,0.0138888955,0.13539653,0.0018805073,1,0,0,0,0
51725,-1,0,-0.070539236,0.4823725,0,1,unassigned,5.0,5.0,0.0,1.0,0.0,0.0,0.0058027077,0.0,0,0,0,0,0
51726,-1,0,-0.81069094,0.30774328,0,1,unassigned,2.0,2.0,0.0,1.0,0.0,0.0,0.0,0.0,0,0,0,0,0
51727,-1,1,0.08611679,0.5215159,1,1,unassigned,68.0,61.0,7.0,0.89705884,0.10294118,0.102941155,0.12765957,0.013141427,1,0,0,1,0
51728,-1,1,6.9501405,0.99904245,1,1,unassigned,5.0,5.0,0.0,1.0,0.0,0.0,0.0058027077,0.0,1,0,0,1,1
51729,-1,0,0.15583104,0.5388791,1,1,unassigned,3.0,3.0,0.0,1.0,0.0,0.0,0.001934236,0.0,0,0,0,1,0
51730,-1,0,1.0371728,0.73830414,1,1,unassigned,2.0,2.0,0.0,1.0,0.0,0.0,0.0,0.0,0,0,0,1,0
51731,-1,0,-0.035211504,0.49119806,0,1,unassigned,2.0,2.0,0.0,1.0,0.0,0.0,0.0,0.0,0,0,0,0,0
51732,-1,1,1.2709353,0.7809028,1,1,unassigned,8.0,7.0,1.0,0.875,0.125,0.125,0.0116054155,0.0014506769,1,0,0,1,0
51733,-1,0,-0.058973134,0.485261,0,1,unassigned,4.0,4.0,0.0,1.0,0.0,0.0,0.003868472,0.0,0,0,0,0,0
51734,-1,0,-0.4812728,0.38195163,0,1,unassigned,2.0,2.0,0.0,1.0,0.0,0.0,0.0,0.0,0,0,0,0,0
51735,-1,0,0.86597687,0.70390785,1,1,unassigned,14.0,11.0,3.0,0.78571427,0.21428572,0.21428573,0.023210831,0.0049737496,0,0,0,1,0
51736,-1,0,3.8058207,0.9782429,1,1,unassigned,6.0,3.0,3.0,0.5,0.5,0.5,0.007736944,0.003868472,0,0,0,1,1
51737,-1,0,1.7939985,0.85741687,1,1,unassigned,3.0,3.0,0.0,1.0,0.0,0.0,0.001934236,0.0,0,0,0,1,0
51738,-1,0,5.7259192,0.99675024,1,1,unassigned,4.0,3.0,1.0,0.75,0.25,0.25,0.003868472,0.000967118,0,0,0,1,1
51739,-1,1,-0.81475824,0.30687746,0,1,unassigned,4.0,1.0,3.0,0.25,0.75,0.75,0.003868472,0.002901354,1,0,0,0,0
51740,-1,1,1.460012,0.81153446,1,1,unassigned,8.0,5.0,3.0,0.625,0.375,0.375,0.0116054155,0.004352031,1,0,0,1,0
51741,-1,0,0.12174481,0.53039867,1,1,unassigned,7.0,7.0,0.0,1.0,0.0,0.0,0.00967118,0.0,0,0,0,1,0
51742,-1,1,-0.3422391,0.41526565,0,1,unassigned,41.0,41.0,0.0,1.0,0.0,0.0,0.07543521,0.0,1,0,0,0,0
51743,-1,1,-0.9757395,0.273738,0,1,unassigned,14.0,14.0,0.0,1.0,0.0,0.0,0.023210831,0.0,1,0,0,0,0
51744,-1,0,-0.34089792,0.41559142,0,1,unassigned,2.0,2.0,0.0,1.0,0.0,0.0,0.0,0.0,0,0,0,0,0
51745,-1,0,1.3470356,0.79364455,1,1,unassigned,2.0,2.0,0.0,1.0,0.0,0.0,0.0,0.0,0,0,0,1,0
51746,-1,0,0.99265736,0.72961247,1,1,unassigned,4.0,4.0,0.0,1.0,0.0,0.0,0.003868472,0.0,0,0,0,1,0
51747,-1,1,0.20170212,0.55025524,1,1,unassigned,17.0,17.0,0.0,1.0,0.0,0.0,0.029013539,0.0,1,0,0,1,0
51748,-1,0,-0.91569674,0.2858355,0,1,unassigned,2.0,2.0,0.0,1.0,0.0,0.0,0.0,0.0,0,0,0,0,0
51749,-1,0,0.57162064,0.639137,1,1,unassigned,17.0,8.0,9.0,0.47058824,0.5294118,0.5294118,0.029013539,0.0153601095,0,0,0,1,0
51750,-1,1,-0.7022387,0.33131605,0,1,unassigned,27.0,27.0,0.0,1.0,0.0,0.0,0.0483559,0.0,1,0,0,0,0
51751,0,0,0.4141783,0.6020893,1,1,val,4.0,4.0,0.0,1.0,0.0,0.0,0.003868472,0.0,0,0,0,1,0
51752,-1,1,0.5326329,0.630097,1,1,unassigned,56.0,56.0,0.0,1.0,0.0,0.0,0.10444874,0.0,1,0,0,1,0
51753,1,0,-0.77212083,0.3160205,0,1,test,3.0,3.0,0.0,1.0,0.0,0.0,0.001934236,0.0,0,0,0,0,0
51754,-1,1,0.03976363,0.50993955,1,1,unassigned,23.0,22.0,1.0,0.95652175,0.04347826,0.04347825,0.040618956,0.0017660416,1,0,0,1,0
51755,-1,0,1.9346454,0.8737627,1,1,unassigned,7.0,7.0,0.0,1.0,0.0,0.0,0.00967118,0.0,0,0,0,1,0
51756,0,0,-0.38092703,0.40590334,0,0,val,18.0,18.0,0.0,1.0,0.0,0.0,0.030947777,0.0,0,0,1,0,0
51757,-1,1,5.1288123,0.99411124,1,1,unassigned,15.0,13.0,2.0,0.8666667,0.13333334,0.13333333,0.025145067,0.0033526758,1,0,0,1,1
51758,-1,0,-0.92206395,0.28453752,0,1,unassigned,2.0,2.0,0.0,1.0,0.0,0.0,0.0,0.0,0,0,0,0,0
51759,-1,1,3.2447145,0.96248275,1,1,unassigned,5.0,5.0,0.0,1.0,0.0,0.0,0.0058027077,0.0,1,0,0,1,1
51760,-1,1,4.082069,0.98340744,1,1,unassigned,6.0,5.0,1.0,0.8333333,0.16666667,0.16666669,0.007736944,0.0012894907,1,0,0,1,1
51761,-1,1,0.06478292,0.51619005,1,1,unassigned,36.0,32.0,4.0,0.8888889,0.11111111,0.111111104,0.065764025,0.007307114,1,0,0,1,0
51762,-1,0,6.178661,0.9979311,1,1,unassigned,6.0,6.0,0.0,1.0,0.0,0.0,0.007736944,0.0,0,0,0,1,1
51763,-1,0,15.006195,0.99999964,1,1,unassigned,2.0,2.0,0.0,1.0,0.0,0.0,0.0,0.0,0,0,0,1,1
51764,1,0,0.8251478,0.695328,1,0,test,3.0,2.0,1.0,0.6666667,0.33333334,0.3333333,0.001934236,0.00064474536,0,0,1,1,0
51765,-1,0,-0.06537837,0.48366123,0,1,unassigned,5.0,5.0,0.0,1.0,0.0,0.0,0.0058027077,0.0,0,0,0,0,0
51766,-1,1,-0.22821355,0.44319293,0,1,unassigned,10.0,9.0,1.0,0.9,0.1,0.100000024,0.015473888,0.0015473888,1,0,0,0,0
51767,-1,0,4.0878286,0.9835012,1,1,unassigned,2.0,2.0,0.0,1.0,0.0,0.0,0.0,0.0,0,0,0,1,1
51768,-1,0,0.7677718,0.6830387,1,1,unassigned,5.0,5.0,0.0,1.0,0.0,0.0,0.0058027077,0.0,0,0,0,1,0
51769,-1,0,-0.9487709,0.27913207,0,1,unassigned,11.0,11.0,0.0,1.0,0.0,0.0,0.017408123,0.0,0,0,0,0,0
51770,-1,0,-0.4854373,0.380969,0,1,unassigned,9.0,9.0,0.0,1.0,0.0,0.0,0.013539651,0.0,0,0,0,0,0
51771,1,0,0.011452496,0.50286305,1,0,val,19.0,17.0,2.0,0.8947368,0.10526316,0.10526317,0.032882012,0.0034612645,0,0,1,1,0
51772,1,0,-0.5187019,0.3731558,0,1,unassigned,4.0,4.0,0.0,1.0,0.0,0.0,0.003868472,0.0,0,0,0,0,0
51773,1,1,-0.24150339,0.43991587,0,1,test,53.0,52.0,1.0,0.9811321,0.018867925,0.01886791,0.09864604,0.0018612461,1,0,0,0,0
51774,-1,1,0.5220378,0.6276241,1,1,unassigned,3.0,3.0,0.0,1.0,0.0,0.0,0.001934236,0.0,1,0,0,1,0
51775,-1,1,3.100363,0.9569077,1,1,unassigned,5.0,5.0,0.0,1.0,0.0,0.0,0.0058027077,0.0,1,0,0,1,1
51776,-1,1,-0.2878182,0.4285381,0,1,unassigned,31.0,31.0,0.0,1.0,0.0,0.0,0.056092843,0.0,1,0,0,0,0
51777,-1,1,-0.21277946,0.4470049,0,1,unassigned,15.0,15.0,0.0,1.0,0.0,0.0,0.025145067,0.0,1,0,0,0,0
51778,0,1,-0.31444922,0.42202908,0,0,val,20.0,18.0,2.0,0.9,0.1,0.100000024,0.034816246,0.0034816246,1,0,1,0,0
51779,1,1,-0.04529625,0.48867786,0,1,unassigned,16.0,16.0,0.0,1.0,0.0,0.0,0.027079303,0.0,1,0,0,0,0
51780,-1,1,1.200592,0.7686301,1,1,unassigned,9.0,9.0,0.0,1.0,0.0,0.0,0.013539651,0.0,1,0,0,1,0
51781,-1,0,0.03899932,0.5097486,1,1,unassigned,11.0,11.0,0.0,1.0,0.0,0.0,0.017408123,0.0,0,0,0,1,0
51782,-1,0,-0.21063739,0.4475345,0,1,unassigned,13.0,13.0,0.0,1.0,0.0,0.0,0.021276595,0.0,0,0,0,0,0
51783,-1,0,0.22119135,0.5550735,1,1,unassigned,41.0,41.0,0.0,1.0,0.0,0.0,0.07543521,0.0,0,0,0,1,0
51784,0,0,0.036461413,0.5091144,1,1,val,45.0,43.0,2.0,0.95555556,0.044444446,0.04444444,0.08317215,0.0036965401,0,0,0,1,0
51785,-1,0,0.08346832,0.52085495,1,1,unassigned,5.0,5.0,0.0,1.0,0.0,0.0,0.0058027077,0.0,0,0,0,1,0
51786,-1,0,-0.37934947,0.4062838,0,1,unassigned,3.0,3.0,0.0,1.0,0.0,0.0,0.001934236,0.0,0,0,0,0,0
51787,-1,0,0.545219,0.63302565,1,1,unassigned,13.0,13.0,0.0,1.0,0.0,0.0,0.021276595,0.0,0,0,0,1,0
51788,-1,1,1.0178998,0.7345633,1,1,unassigned,3.0,3.0,0.0,1.0,0.0,0.0,0.001934236,0.0,1,0,0,1,0
51789,-1,1,9.791302,0.9999441,1,1,unassigned,21.0,18.0,3.0,0.85714287,0.14285715,0.14285713,0.036750484,0.0052500693,1,0,0,1,1
51790,-1,0,-0.80289805,0.30940595,0,1,unassigned,8.0,7.0,1.0,0.875,0.125,0.125,0.0116054155,0.0014506769,0,0,0,0,0
51791,-1,0,6.0596223,0.9976701,1,1,unassigned,24.0,21.0,3.0,0.875,0.125,0.125,0.04255319,0.005319149,0,0,0,1,1
51792,-1,0,1.6644723,0.8408374,1,1,unassigned,2.0,1.0,1.0,0.5,0.5,0.5,0.0,0.0,0,0,0,1,0
51793,-1,0,-0.23211285,0.44223094,0,1,unassigned,6.0,6.0,0.0,1.0,0.0,0.0,0.007736944,0.0,0,0,0,0,0
51794,-1,1,-0.16297412,0.4593464,0,1,unassigned,16.0,15.0,1.0,0.9375,0.0625,0.0625,0.027079303,0.0016924564,1,0,0,0,0
51795,-1,0,2.380077,0.91529536,1,1,unassigned,3.0,3.0,0.0,1.0,0.0,0.0,0.001934236,0.0,0,0,0,1,1
51796,-1,0,-0.40081143,0.40111738,0,1,unassigned,2.0,2.0,0.0,1.0,0.0,0.0,0.0,0.0,0,0,0,0,0
51797,-1,0,1.8719099,0.86667913,1,1,unassigned,12.0,12.0,0.0,1.0,0.0,0.0,0.01934236,0.0,0,0,0,1,0
51798,-1,0,6.183286,0.9979406,1,1,unassigned,7.0,7.0,0.0,1.0,0.0,0.0,0.00967118,0.0,0,0,0,1,1
51799,-1,1,1.116015,0.7532488,1,1,unassigned,34.0,33.0,1.0,0.9705882,0.029411765,0.029411793,0.061895553,0.0018204574,1,0,0,1,0
51800,-1,0,0.24759108,0.5615835,1,1,unassigned,2.0,2.0,0.0,1.0,0.0,0.0,0.0,0.0,0,0,0,1,0
51801,-1,1,6.1091695,0.9977825,1,1,unassigned,7.0,6.0,1.0,0.85714287,0.14285715,0.14285713,0.00967118,0.0013815971,1,0,0,1,1
51802,1,1,1.9043095,0.8703785,1,0,unassigned,27.0,26.0,1.0,0.962963,0.037037037,0.037037015,0.0483559,0.0017909593,1,0,1,1,0
51803,-1,1,6.5481076,0.99856925,1,1,unassigned,7.0,7.0,0.0,1.0,0.0,0.0,0.00967118,0.0,1,0,0,1,1
51804,-1,1,2.121093,0.8929365,1,1,unassigned,37.0,37.0,0.0,1.0,0.0,0.0,0.06769826,0.0,1,0,0,1,0
51805,-1,0,0.12364614,0.5308722,1,1,unassigned,2.0,2.0,0.0,1.0,0.0,0.0,0.0,0.0,0,0,0,1,0
51806,0,0,-0.10249287,0.47439924,0,0,test,4.0,4.0,0.0,1.0,0.0,0.0,0.003868472,0.0,0,0,1,0,0
51807,-1,1,5.2733617,0.9948998,1,1,unassigned,4.0,4.0,0.0,1.0,0.0,0.0,0.003868472,0.0,1,0,0,1,1
51808,-1,0,-0.88403666,0.29234198,0,1,unassigned,3.0,3.0,0.0,1.0,0.0,0.0,0.001934236,0.0,0,0,0,0,0
51809,-1,0,-0.6289771,0.34774253,0,1,unassigned,3.0,3.0,0.0,1.0,0.0,0.0,0.001934236,0.0,0,0,0,0,0
51810,-1,1,-0.30091485,0.42533386,0,1,unassigned,2.0,2.0,0.0,1.0,0.0,0.0,0.0,0.0,1,0,0,0,0
51811,-1,1,1.3523536,0.7945141,1,1,unassigned,14.0,14.0,0.0,1.0,0.0,0.0,0.023210831,0.0,1,0,0,1,0
51812,-1,1,1.5387847,0.82328796,1,1,unassigned,23.0,23.0,0.0,1.0,0.0,0.0,0.040618956,0.0,1,0,0,1,0
51813,-1,0,1.1710536,0.7633354,1,1,unassigned,11.0,8.0,3.0,0.72727275,0.27272728,0.27272725,0.017408123,0.00474767,0,0,0,1,0
51814,-1,0,-0.36545795,0.40963897,0,1,unassigned,3.0,3.0,0.0,1.0,0.0,0.0,0.001934236,0.0,0,0,0,0,0
51815,1,0,6.66349,0.9987249,1,0,unassigned,5.0,5.0,0.0,1.0,0.0,0.0,0.0058027077,0.0,0,0,1,1,1
51816,-1,1,7.660208,0.999529,1,1,unassigned,6.0,5.0,1.0,0.8333333,0.16666667,0.16666669,0.007736944,0.0012894907,1,0,0,1,1
51817,-1,0,3.8089268,0.978309,1,1,unassigned,8.0,6.0,2.0,0.75,0.25,0.25,0.0116054155,0.0029013539,0,0,0,1,1
51818,-1,0,1.2394309,0.7754649,1,1,unassigned,2.0,2.0,0.0,1.0,0.0,0.0,0.0,0.0,0,0,0,1,0
51819,0,1,2.5134065,0.92507637,1,1,unassigned,3.0,3.0,0.0,1.0,0.0,0.0,0.001934236,0.0,1,0,0,1,1
51820,-1,1,-0.036857307,0.4907867,0,1,unassigned,3.0,1.0,2.0,0.33333334,0.6666667,0.6666666,0.001934236,0.0012894907,1,0,0,0,0
51821,-1,1,-0.01970464,0.495074,0,1,unassigned,8.0,8.0,0.0,1.0,0.0,0.0,0.0116054155,0.0,1,0,0,0,0
51822,-1,0,-0.005209267,0.4986977,0,1,unassigned,2.0,1.0,1.0,0.5,0.5,0.5,0.0,0.0,0,0,0,0,0
51823,-1,0,0.4802528,0.6178075,1,1,unassigned,6.0,6.0,0.0,1.0,0.0,0.0,0.007736944,0.0,0,0,0,1,0
51824,-1,1,-0.31596655,0.42165902,0,1,unassigned,40.0,37.0,3.0,0.925,0.075,0.07499999,0.07350097,0.005512573,1,0,0,0,0
51825,-1,1,-0.34977207,0.4134377,0,1,unassigned,16.0,16.0,0.0,1.0,0.0,0.0,0.027079303,0.0,1,0,0,0,0
51826,-1,0,-0.108937025,0.47279263,0,1,unassigned,2.0,2.0,0.0,1.0,0.0,0.0,0.0,0.0,0,0,0,0,0
51827,-1,1,-0.2566405,0.4361897,0,1,unassigned,2.0,2.0,0.0,1.0,0.0,0.0,0.0,0.0,1,0,0,0,0
51828,-1,1,0.48659974,0.6193051,1,1,unassigned,27.0,26.0,1.0,0.962963,0.037037037,0.037037015,0.0483559,0.0017909593,1,0,0,1,0
51829,-1,0,0.22109145,0.5550488,1,1,unassigned,13.0,12.0,1.0,0.9230769,0.07692308,0.07692307,0.021276595,0.0016366612,0,0,0,1,0
51830,-1,0,0.84576887,0.6996788,1,1,unassigned,4.0,3.0,1.0,0.75,0.25,0.25,0.003868472,0.000967118,0,0,0,1,0
51831,0,1,-0.3046598,0.42441878,0,0,val,14.0,14.0,0.0,1.0,0.0,0.0,0.023210831,0.0,1,0,1,0,0
51832,-1,0,0.73735553,0.6764173,1,1,unassigned,17.0,17.0,0.0,1.0,0.0,0.0,0.029013539,0.0,0,0,0,1,0
51833,1,1,0.009746432,0.5024366,1,0,test,35.0,34.0,1.0,0.9714286,0.028571429,0.028571427,0.06382979,0.0018237082,1,0,1,1,0
51834,-1,1,0.33206075,0.5822607,1,1,unassigned,4.0,4.0,0.0,1.0,0.0,0.0,0.003868472,0.0,1,0,0,1,0
51835,-1,0,0.08570284,0.5214126,1,1,unassigned,6.0,6.0,0.0,1.0,0.0,0.0,0.007736944,0.0,0,0,0,1,0
51836,-1,0,7.9822106,0.9996586,1,1,unassigned,2.0,2.0,0.0,1.0,0.0,0.0,0.0,0.0,0,0,0,1,1
51837,-1,0,0.01595819,0.50398946,1,1,unassigned,2.0,2.0,0.0,1.0,0.0,0.0,0.0,0.0,0,0,0,1,0
51838,-1,1,-0.12804556,0.46803227,0,1,unassigned,3.0,3.0,0.0,1.0,0.0,0.0,0.001934236,0.0,1,0,0,0,0
51839,-1,0,2.516393,0.9252831,1,1,unassigned,4.0,4.0,0.0,1.0,0.0,0.0,0.003868472,0.0,0,0,0,1,1
51840,-1,0,0.8580907,0.70226157,1,1,unassigned,4.0,4.0,0.0,1.0,0.0,0.0,0.003868472,0.0,0,0,0,1,0
51841,1,0,-0.6269822,0.3481951,0,1,val,3.0,2.0,1.0,0.6666667,0.33333334,0.3333333,0.001934236,0.00064474536,0,0,0,0,0
51842,-1,0,2.3629904,0.9139613,1,1,unassigned,5.0,3.0,2.0,0.6,0.4,0.39999998,0.0058027077,0.002321083,0,0,0,1,1
51843,-1,0,2.598047,0.93073577,1,1,unassigned,4.0,4.0,0.0,1.0,0.0,0.0,0.003868472,0.0,0,0,0,1,1
51844,-1,1,4.9376817,0.9928799,1,1,unassigned,3.0,3.0,0.0,1.0,0.0,0.0,0.001934236,0.0,1,0,0,1,1
51845,-1,0,4.253702,0.9859876,1,1,unassigned,5.0,5.0,0.0,1.0,0.0,0.0,0.0058027077,0.0,0,0,0,1,1
51846,-1,0,-0.23667973,0.4411047,0,1,unassigned,28.0,28.0,0.0,1.0,0.0,0.0,0.050290134,0.0,0,0,0,0,0
51847,-1,0,-0.59773684,0.35486162,0,1,unassigned,2.0,2.0,0.0,1.0,0.0,0.0,0.0,0.0,0,0,0,0,0
51848,1,0,-0.32606292,0.41919893,0,1,test,57.0,57.0,0.0,1.0,0.0,0.0,0.10638298,0.0,0,0,0,0,0
51849,-1,1,5.8682446,0.9971801,1,1,unassigned,3.0,3.0,0.0,1.0,0.0,0.0,0.001934236,0.0,1,0,0,1,1
51850,-1,0,4.4030623,0.9879082,1,1,unassigned,2.0,2.0,0.0,1.0,0.0,0.0,0.0,0.0,0,0,0,1,1
51851,-1,1,1.2128458,0.7708021,1,1,unassigned,4.0,2.0,2.0,0.5,0.5,0.5,0.003868472,0.001934236,1,0,0,1,0
51852,1,1,1.1157854,0.75320613,1,0,test,8.0,7.0,1.0,0.875,0.125,0.125,0.0116054155,0.0014506769,1,0,1,1,0
51853,-1,0,1.1195052,0.7538969,1,1,unassigned,2.0,2.0,0.0,1.0,0.0,0.0,0.0,0.0,0,0,0,1,0
51854,-1,1,3.920595,0.9805563,1,1,unassigned,2.0,2.0,0.0,1.0,0.0,0.0,0.0,0.0,1,0,0,1,1
51855,-1,1,-0.15358663,0.46167862,0,1,unassigned,8.0,7.0,1.0,0.875,0.125,0.125,0.0116054155,0.0014506769,1,0,0,0,0
51856,0,0,-0.30863875,0.42344704,0,0,val,20.0,20.0,0.0,1.0,0.0,0.0,0.034816246,0.0,0,0,1,0,0
51857,-1,1,1.5996273,0.8319663,1,1,unassigned,8.0,8.0,0.0,1.0,0.0,0.0,0.0116054155,0.0,1,0,0,1,0
51858,0,0,-0.28212526,0.4299328,0,0,val,21.0,20.0,1.0,0.95238096,0.04761905,0.047619045,0.036750484,0.0017500231,0,0,1,0,0
51859,-1,0,1.0339272,0.7376765,1,1,unassigned,5.0,4.0,1.0,0.8,0.2,0.19999999,0.0058027077,0.0011605415,0,0,0,1,0
51860,-1,0,1.6122575,0.83372456,1,1,unassigned,7.0,7.0,0.0,1.0,0.0,0.0,0.00967118,0.0,0,0,0,1,0
51861,-1,0,0.94766396,0.7206451,1,1,unassigned,12.0,12.0,0.0,1.0,0.0,0.0,0.01934236,0.0,0,0,0,1,0
51862,-1,0,1.5198202,0.820512,1,1,unassigned,4.0,4.0,0.0,1.0,0.0,0.0,0.003868472,0.0,0,0,0,1,0
51863,1,0,-1.1946483,0.23242864,0,1,test,2.0,2.0,0.0,1.0,0.0,0.0,0.0,0.0,0,0,0,0,0
51864,-1,0,1.4459922,0.8093809,1,1,unassigned,5.0,4.0,1.0,0.8,0.2,0.19999999,0.0058027077,0.0011605415,0,0,0,1,0
51865,-1,1,1.9698994,0.87760025,1,1,unassigned,3.0,2.0,1.0,0.6666667,0.33333334,0.3333333,0.001934236,0.00064474536,1,0,0,1,0
51866,-1,0,2.1209886,0.8929265,1,1,unassigned,3.0,3.0,0.0,1.0,0.0,0.0,0.001934236,0.0,0,0,0,1,0
51867,-1,1,14.477589,0.9999995,1,1,unassigned,74.0,57.0,17.0,0.7702703,0.22972973,0.22972971,0.13926499,0.031993307,1,0,0,1,1
51868,-1,0,-0.894985,0.29008216,0,1,unassigned,2.0,2.0,0.0,1.0,0.0,0.0,0.0,0.0,0,0,0,0,0
51869,1,0,-0.8484031,0.29976794,0,1,val,4.0,4.0,0.0,1.0,0.0,0.0,0.003868472,0.0,0,0,0,0,0
51870,0,1,-0.6020022,0.35388574,0,0,unassigned,4.0,4.0,0.0,1.0,0.0,0.0,0.003868472,0.0,1,0,1,0,0
51871,-1,1,1.9231308,0.8724871,1,1,unassigned,2.0,2.0,0.0,1.0,0.0,0.0,0.0,0.0,1,0,0,1,0
51872,-1,1,4.7701526,0.99159217,1,1,unassigned,5.0,5.0,0.0,1.0,0.0,0.0,0.0058027077,0.0,1,0,0,1,1
51873,-1,1,0.62649447,0.6516942,1,1,unassigned,2.0,2.0,0.0,1.0,0.0,0.0,0.0,0.0,1,0,0,1,0
51874,-1,1,-0.79133916,0.31188118,0,1,unassigned,7.0,7.0,0.0,1.0,0.0,0.0,0.00967118,0.0,1,0,0,0,0
51875,-1,0,0.6581438,0.65884334,1,1,unassigned,12.0,12.0,0.0,1.0,0.0,0.0,0.01934236,0.0,0,0,0,1,0
51876,-1,0,2.2994192,0.9088289,1,1,unassigned,10.0,10.0,0.0,1.0,0.0,0.0,0.015473888,0.0,0,0,0,1,1
51877,-1,0,2.938001,0.9496933,1,1,unassigned,9.0,6.0,3.0,0.6666667,0.33333334,0.3333333,0.013539651,0.004513217,0,0,0,1,1
51878,-1,0,0.6630632,0.65994817,1,1,unassigned,2.0,2.0,0.0,1.0,0.0,0.0,0.0,0.0,0,0,0,1,0
51879,0,0,-0.49429727,0.37888175,0,0,val,3.0,3.0,0.0,1.0,0.0,0.0,0.001934236,0.0,0,0,1,0,0
51880,-1,0,-0.2820285,0.4299565,0,1,unassigned,14.0,14.0,0.0,1.0,0.0,0.0,0.023210831,0.0,0,0,0,0,0
51881,-1,0,0.70743614,0.6698344,1,1,unassigned,4.0,4.0,0.0,1.0,0.0,0.0,0.003868472,0.0,0,0,0,1,0
51882,0,0,-0.18628958,0.45356184,0,0,unassigned,11.0,11.0,0.0,1.0,0.0,0.0,0.017408123,0.0,0,0,1,0,0
51883,-1,0,4.8041735,0.9918711,1,1,unassigned,5.0,3.0,2.0,0.6,0.4,0.39999998,0.0058027077,0.002321083,0,0,0,1,1
51884,1,1,0.700898,0.6683869,1,0,val,13.0,13.0,0.0,1.0,0.0,0.0,0.021276595,0.0,1,0,1,1,0
51885,-1,0,1.1949041,0.76761705,1,1,unassigned,8.0,6.0,2.0,0.75,0.25,0.25,0.0116054155,0.0029013539,0,0,0,1,0
51886,-1,0,0.50527257,0.6236976,1,1,unassigned,3.0,3.0,0.0,1.0,0.0,0.0,0.001934236,0.0,0,0,0,1,0
51887,-1,0,-0.49757996,0.37810957,0,1,unassigned,3.0,3.0,0.0,1.0,0.0,0.0,0.001934236,0.0,0,0,0,0,0
51888,-1,0,-0.9610431,0.27666938,0,1,unassigned,2.0,1.0,1.0,0.5,0.5,0.5,0.0,0.0,0,0,0,0,0
51889,-1,0,0.39656895,0.597863,1,1,unassigned,5.0,5.0,0.0,1.0,0.0,0.0,0.0058027077,0.0,0,0,0,1,0
51890,-1,0,3.154267,0.9590765,1,1,unassigned,2.0,2.0,0.0,1.0,0.0,0.0,0.0,0.0,0,0,0,1,1
51891,-1,0,4.5652075,0.98969954,1,1,unassigned,2.0,2.0,0.0,1.0,0.0,0.0,0.0,0.0,0,0,0,1,1
51892,-1,1,4.683886,0.9908416,1,1,unassigned,2.0,2.0,0.0,1.0,0.0,0.0,0.0,0.0,1,0,0,1,1
51893,1,1,2.4682417,0.92188525,1,0,test,3.0,2.0,1.0,0.6666667,0.33333334,0.3333333,0.001934236,0.00064474536,1,0,1,1,1
51894,-1,1,7.9674993,0.9996536,1,1,unassigned,2.0,2.0,0.0,1.0,0.0,0.0,0.0,0.0,1,0,0,1,1
51895,1,0,1.13691,0.75711185,1,0,test,14.0,13.0,1.0,0.9285714,0.071428575,0.0714286,0.023210831,0.0016579166,0,0,1,1,0
51896,-1,0,0.6887973,0.66569936,1,1,unassigned,4.0,4.0,0.0,1.0,0.0,0.0,0.003868472,0.0,0,0,0,1,0
51897,1,0,3.244578,0.9624778,1,0,unassigned,4.0,4.0,0.0,1.0,0.0,0.0,0.003868472,0.0,0,0,1,1,1
51898,-1,0,1.741972,0.85093737,1,1,unassigned,2.0,2.0,0.0,1.0,0.0,0.0,0.0,0.0,0,0,0,1,0
51899,-1,0,2.0866196,0.88959587,1,1,unassigned,2.0,2.0,0.0,1.0,0.0,0.0,0.0,0.0,0,0,0,1,0
51900,-1,1,1.6375549,0.83720195,1,1,unassigned,5.0,5.0,0.0,1.0,0.0,0.0,0.0058027077,0.0,1,0,0,1,0
51901,-1,0,2.0378687,0.8847161,1,1,unassigned,5.0,5.0,0.0,1.0,0.0,0.0,0.0058027077,0.0,0,0,0,1,0
51902,-1,0,0.77439934,0.6844718,1,1,unassigned,2.0,2.0,0.0,1.0,0.0,0.0,0.0,0.0,0,0,0,1,0
51903,-1,0,2.9228244,0.9489632,1,1,unassigned,5.0,3.0,2.0,0.6,0.4,0.39999998,0.0058027077,0.002321083,0,0,0,1,1
51904,-1,0,0.17670041,0.5440605,1,1,unassigned,4.0,4.0,0.0,1.0,0.0,0.0,0.003868472,0.0,0,0,0,1,0
51905,-1,0,-0.49383822,0.3789898,0,1,unassigned,8.0,8.0,0.0,1.0,0.0,0.0,0.0116054155,0.0,0,0,0,0,0
51906,-1,0,6.6280885,0.998679,1,1,unassigned,11.0,11.0,0.0,1.0,0.0,0.0,0.017408123,0.0,0,0,0,1,1
51907,-1,0,0.73890287,0.6767559,1,1,unassigned,3.0,2.0,1.0,0.6666667,0.33333334,0.3333333,0.001934236,0.00064474536,0,0,0,1,0
51908,-1,0,1.863404,0.8656932,1,1,unassigned,3.0,3.0,0.0,1.0,0.0,0.0,0.001934236,0.0,0,0,0,1,0
51909,0,1,-0.51052517,0.37507045,0,0,val,8.0,8.0,0.0,1.0,0.0,0.0,0.0116054155,0.0,1,0,1,0,0
51910,1,0,1.1812449,0.7651716,1,0,test,20.0,20.0,0.0,1.0,0.0,0.0,0.034816246,0.0,0,0,1,1,0
51911,-1,0,-0.6997967,0.3318573,0,1,unassigned,8.0,8.0,0.0,1.0,0.0,0.0,0.0116054155,0.0,0,0,0,0,0
51912,-1,0,6.479461,0.99846774,1,1,unassigned,9.0,9.0,0.0,1.0,0.0,0.0,0.013539651,0.0,0,0,0,1,1
51913,-1,0,0.0028933883,0.50072336,1,1,unassigned,2.0,2.0,0.0,1.0,0.0,0.0,0.0,0.0,0,0,0,1,0
51914,-1,1,1.155694,0.7605495,1,1,unassigned,5.0,3.0,2.0,0.6,0.4,0.39999998,0.0058027077,0.002321083,1,0,0,1,0
51915,-1,0,-0.35135728,0.4130533,0,1,unassigned,7.0,7.0,0.0,1.0,0.0,0.0,0.00967118,0.0,0,0,0,0,0
51916,-1,0,0.35582548,0.5880295,1,1,unassigned,14.0,14.0,0.0,1.0,0.0,0.0,0.023210831,0.0,0,0,0,1,0
51917,-1,1,2.293061,0.90830076,1,1,unassigned,23.0,21.0,2.0,0.9130435,0.08695652,0.0869565,0.040618956,0.0035320832,1,0,0,1,1
51918,1,1,-0.49873424,0.37783816,0,1,test,10.0,10.0,0.0,1.0,0.0,0.0,0.015473888,0.0,1,0,0,0,0
51919,-1,0,-0.5317483,0.3701092,0,1,unassigned,3.0,3.0,0.0,1.0,0.0,0.0,0.001934236,0.0,0,0,0,0,0
51920,-1,0,-0.5117237,0.3747895,0,1,unassigned,13.0,13.0,0.0,1.0,0.0,0.0,0.021276595,0.0,0,0,0,0,0
51921,-1,0,1.8321049,0.86201227,1,1,unassigned,3.0,3.0,0.0,1.0,0.0,0.0,0.001934236,0.0,0,0,0,1,0
51922,-1,1,-1.6292067,0.16393907,0,1,unassigned,2.0,2.0,0.0,1.0,0.0,0.0,0.0,0.0,1,0,0,0,0
51923,0,1,-0.31857455,0.42102322,0,0,unassigned,29.0,23.0,6.0,0.79310346,0.20689656,0.20689654,0.05222437,0.010805042,1,0,1,0,0
51924,-1,0,3.739381,0.97678304,1,1,unassigned,3.0,2.0,1.0,0.6666667,0.33333334,0.3333333,0.001934236,0.00064474536,0,0,0,1,1
51925,-1,0,0.3997218,0.59862083,1,1,unassigned,7.0,7.0,0.0,1.0,0.0,0.0,0.00967118,0.0,0,0,0,1,0
51926,-1,0,-0.8611367,0.2971019,0,1,unassigned,12.0,12.0,0.0,1.0,0.0,0.0,0.01934236,0.0,0,0,0,0,0
51927,1,1,-0.115519136,0.47115228,0,1,test,4.0,4.0,0.0,1.0,0.0,0.0,0.003868472,0.0,1,0,0,0,0
51928,-1,1,2.5336359,0.92646646,1,1,unassigned,8.0,7.0,1.0,0.875,0.125,0.125,0.0116054155,0.0014506769,1,0,0,1,1
51929,-1,1,3.3198454,0.9651034,1,1,unassigned,2.0,2.0,0.0,1.0,0.0,0.0,0.0,0.0,1,0,0,1,1
51930,-1,0,0.79126173,0.6881022,1,1,unassigned,5.0,5.0,0.0,1.0,0.0,0.0,0.0058027077,0.0,0,0,0,1,0
51931,1,0,0.51984185,0.6271108,1,0,val,22.0,21.0,1.0,0.95454544,0.045454547,0.04545456,0.03868472,0.0017583964,0,0,1,1,0
51932,1,0,0.7748645,0.6845722,1,0,test,3.0,3.0,0.0,1.0,0.0,0.0,0.001934236,0.0,0,0,1,1,0
51933,-1,1,6.7131705,0.9987866,1,1,unassigned,7.0,7.0,0.0,1.0,0.0,0.0,0.00967118,0.0,1,0,0,1,1
51934,-1,1,4.716422,0.9911322,1,1,unassigned,6.0,6.0,0.0,1.0,0.0,0.0,0.007736944,0.0,1,0,0,1,1
51935,-1,0,-0.7130599,0.32892308,0,1,unassigned,5.0,5.0,0.0,1.0,0.0,0.0,0.0058027077,0.0,0,0,0,0,0
51936,-1,0,8.888358,0.99986196,1,1,unassigned,7.0,6.0,1.0,0.85714287,0.14285715,0.14285713,0.00967118,0.0013815971,0,0,0,1,1
51937,-1,0,0.9706051,0.72524005,1,1,unassigned,4.0,4.0,0.0,1.0,0.0,0.0,0.003868472,0.0,0,0,0,1,0
51938,0,1,-0.09816313,0.4754789,0,0,unassigned,7.0,7.0,0.0,1.0,0.0,0.0,0.00967118,0.0,1,0,1,0,0
51939,-1,0,3.4805143,0.9701283,1,1,unassigned,4.0,4.0,0.0,1.0,0.0,0.0,0.003868472,0.0,0,0,0,1,1
51940,-1,1,8.967414,0.99987245,1,1,unassigned,2.0,2.0,0.0,1.0,0.0,0.0,0.0,0.0,1,0,0,1,1
51941,-1,1,-0.70591164,0.33050287,0,1,unassigned,26.0,20.0,6.0,0.7692308,0.23076923,0.23076922,0.046421662,0.010712692,1,0,0,0,0
51942,-1,0,3.211808,0.96127623,1,1,unassigned,3.0,3.0,0.0,1.0,0.0,0.0,0.001934236,0.0,0,0,0,1,1
51943,-1,0,3.6830266,0.9754701,1,1,unassigned,5.0,1.0,4.0,0.2,0.8,0.8,0.0058027077,0.004642166,0,0,0,1,1
51944,-1,1,-0.12483442,0.46883187,0,1,unassigned,2.0,2.0,0.0,1.0,0.0,0.0,0.0,0.0,1,0,0,0,0
51945,-1,0,-0.8121541,0.30743164,0,1,unassigned,3.0,3.0,0.0,1.0,0.0,0.0,0.001934236,0.0,0,0,0,0,0
51946,0,0,-0.03799957,0.49050128,0,0,unassigned,6.0,6.0,0.0,1.0,0.0,0.0,0.007736944,0.0,0,0,1,0,0
51947,-1,0,-0.8586995,0.29761115,0,1,unassigned,37.0,37.0,0.0,1.0,0.0,0.0,0.06769826,0.0,0,0,0,0,0
51948,-1,0,-0.08507061,0.47874522,0,1,unassigned,8.0,8.0,0.0,1.0,0.0,0.0,0.0116054155,0.0,0,0,0,0,0
51949,-1,0,-0.10609704,0.47350058,0,1,unassigned,21.0,21.0,0.0,1.0,0.0,0.0,0.036750484,0.0,0,0,0,0,0
51950,-1,0,-0.21010745,0.4476655,0,1,unassigned,4.0,4.0,0.0,1.0,0.0,0.0,0.003868472,0.0,0,0,0,0,0
51951,-1,1,-0.33496952,0.41703197,0,1,unassigned,2.0,2.0,0.0,1.0,0.0,0.0,0.0,0.0,1,0,0,0,0
51952,-1,1,-0.6026853,0.35372958,0,1,unassigned,14.0,14.0,0.0,1.0,0.0,0.0,0.023210831,0.0,1,0,0,0,0
51953,1,0,6.795464,0.9988825,1,0,val,11.0,11.0,0.0,1.0,0.0,0.0,0.017408123,0.0,0,0,1,1,1
51954,-1,0,2.6768177,0.93564475,1,1,unassigned,2.0,2.0,0.0,1.0,0.0,0.0,0.0,0.0,0,0,0,1,1
51955,-1,0,1.2974868,0.7854117,1,1,unassigned,11.0,11.0,0.0,1.0,0.0,0.0,0.017408123,0.0,0,0,0,1,0
51956,-1,1,-0.6617254,0.34035215,0,1,unassigned,6.0,4.0,2.0,0.6666667,0.33333334,0.3333333,0.007736944,0.0025789815,1,0,0,0,0
51957,-1,0,0.45606536,0.6120804,1,1,unassigned,3.0,3.0,0.0,1.0,0.0,0.0,0.001934236,0.0,0,0,0,1,0
51958,-1,0,2.081381,0.88908035,1,1,unassigned,2.0,2.0,0.0,1.0,0.0,0.0,0.0,0.0,0,0,0,1,0
51959,-1,1,2.2281668,0.90275055,1,1,unassigned,3.0,3.0,0.0,1.0,0.0,0.0,0.001934236,0.0,1,0,0,1,1
51960,-1,1,3.4857957,0.9702809,1,1,unassigned,5.0,5.0,0.0,1.0,0.0,0.0,0.0058027077,0.0,1,0,0,1,1
51961,-1,1,4.8631616,0.9923332,1,1,unassigned,6.0,5.0,1.0,0.8333333,0.16666667,0.16666669,0.007736944,0.0012894907,1,0,0,1,1
51962,-1,1,4.0897555,0.9835324,1,1,unassigned,2.0,1.0,1.0,0.5,0.5,0.5,0.0,0.0,1,0,0,1,1
51963,0,1,-0.2963223,0.42645678,0,0,unassigned,70.0,68.0,2.0,0.9714286,0.028571429,0.028571427,0.13152805,0.0037579443,1,0,1,0,0
51964,-1,0,5.4495816,0.9957203,1,1,unassigned,6.0,6.0,0.0,1.0,0.0,0.0,0.007736944,0.0,0,0,0,1,1
51965,-1,1,-0.90002465,0.28904542,0,1,unassigned,24.0,24.0,0.0,1.0,0.0,0.0,0.04255319,0.0,1,0,0,0,0
51966,-1,0,0.46323425,0.6137811,1,1,unassigned,19.0,18.0,1.0,0.94736844,0.05263158,0.052631557,0.032882012,0.0017306323,0,0,0,1,0
51967,-1,0,-0.47510806,0.38340792,0,1,unassigned,10.0,7.0,3.0,0.7,0.3,0.3,0.015473888,0.0046421667,0,0,0,0,0
51968,-1,0,2.374189,0.9148378,1,1,unassigned,2.0,2.0,0.0,1.0,0.0,0.0,0.0,0.0,0,0,0,1,1
51969,-1,0,0.88519293,0.7078971,1,1,unassigned,9.0,9.0,0.0,1.0,0.0,0.0,0.013539651,0.0,0,0,0,1,0
51970,-1,0,4.656726,0.9905918,1,1,unassigned,6.0,6.0,0.0,1.0,0.0,0.0,0.007736944,0.0,0,0,0,1,1
51971,-1,1,4.1276503,0.9841351,1,1,unassigned,4.0,4.0,0.0,1.0,0.0,0.0,0.003868472,0.0,1,0,0,1,1
51972,-1,0,-0.4102986,0.3988405,0,1,unassigned,27.0,26.0,1.0,0.962963,0.037037037,0.037037015,0.0483559,0.0017909593,0,0,0,0,0
51973,-1,0,1.4444277,0.8091393,1,1,unassigned,5.0,4.0,1.0,0.8,0.2,0.19999999,0.0058027077,0.0011605415,0,0,0,1,0
51974,1,0,0.1098935,0.52744573,1,0,test,2.0,2.0,0.0,1.0,0.0,0.0,0.0,0.0,0,0,1,1,0
51975,1,0,-0.47792435,0.3827424,0,1,unassigned,33.0,31.0,2.0,0.93939394,0.060606062,0.060606062,0.059961315,0.0036340193,0,0,0,0,0
51976,1,1,-0.20677829,0.44848883,0,1,test,20.0,19.0,1.0,0.95,0.05,0.050000012,0.034816246,0.0017408123,1,0,0,0,0
51977,-1,0,2.1926174,0.89958453,1,1,unassigned,14.0,13.0,1.0,0.9285714,0.071428575,0.0714286,0.023210831,0.0016579166,0,0,0,1,0
51978,-1,0,4.038687,0.98268455,1,1,unassigned,9.0,9.0,0.0,1.0,0.0,0.0,0.013539651,0.0,0,0,0,1,1
51979,-1,1,4.688134,0.99088013,1,1,unassigned,3.0,3.0,0.0,1.0,0.0,0.0,0.001934236,0.0,1,0,0,1,1
51980,-1,0,-0.6416644,0.34487042,0,1,unassigned,28.0,28.0,0.0,1.0,0.0,0.0,0.050290134,0.0,0,0,0,0,0
51981,-1,1,3.2867758,0.9639724,1,1,unassigned,21.0,20.0,1.0,0.95238096,0.04761905,0.047619045,0.036750484,0.0017500231,1,0,0,1,1
51982,-1,0,-0.8283034,0.30400392,0,1,unassigned,49.0,47.0,2.0,0.9591837,0.040816326,0.040816307,0.09090909,0.0037105752,0,0,0,0,0
51983,-1,0,-0.48381856,0.38135085,0,1,unassigned,45.0,43.0,2.0,0.95555556,0.044444446,0.04444444,0.08317215,0.0036965401,0,0,0,0,0
51984,-1,1,0.8850408,0.7078657,1,1,unassigned,10.0,10.0,0.0,1.0,0.0,0.0,0.015473888,0.0,1,0,0,1,0
51985,-1,0,-0.6290451,0.34772706,0,1,unassigned,64.0,64.0,0.0,1.0,0.0,0.0,0.11992263,0.0,0,0,0,0,0
51986,-1,1,3.631562,0.974208,1,1,unassigned,3.0,3.0,0.0,1.0,0.0,0.0,0.001934236,0.0,1,0,0,1,1
51987,-1,1,-0.117283314,0.47071278,0,1,unassigned,2.0,2.0,0.0,1.0,0.0,0.0,0.0,0.0,1,0,0,0,0
51988,1,0,-0.40495533,0.40012234,0,1,val,3.0,3.0,0.0,1.0,0.0,0.0,0.001934236,0.0,0,0,0,0,0
51989,-1,0,5.226231,0.994655,1,1,unassigned,2.0,2.0,0.0,1.0,0.0,0.0,0.0,0.0,0,0,0,1,1
51990,-1,0,0.7636841,0.68215305,1,1,unassigned,5.0,5.0,0.0,1.0,0.0,0.0,0.0058027077,0.0,0,0,0,1,0
51991,1,0,-0.25151306,0.43745112,0,1,test,10.0,10.0,0.0,1.0,0.0,0.0,0.015473888,0.0,0,0,0,0,0
51992,-1,0,0.08873898,0.5221702,1,1,unassigned,8.0,7.0,1.0,0.875,0.125,0.125,0.0116054155,0.0014506769,0,0,0,1,0
51993,0,0,-0.54484034,0.36706233,0,0,test,3.0,3.0,0.0,1.0,0.0,0.0,0.001934236,0.0,0,0,1,0,0
51994,-1,0,-0.23482996,0.4415608,0,1,unassigned,4.0,4.0,0.0,1.0,0.0,0.0,0.003868472,0.0,0,0,0,0,0
51995,0,0,-0.49008644,0.37987322,0,0,unassigned,75.0,73.0,2.0,0.97333336,0.026666667,0.026666641,0.14119923,0.003765313,0,0,1,0,0
51996,-1,0,-0.91824865,0.2853149,0,1,unassigned,32.0,32.0,0.0,1.0,0.0,0.0,0.058027077,0.0,0,0,0,0,0
51997,-1,0,-0.37831908,0.40653238,0,1,unassigned,3.0,3.0,0.0,1.0,0.0,0.0,0.001934236,0.0,0,0,0,0,0
51998,-1,1,2.1980355,0.90007293,1,1,unassigned,4.0,2.0,2.0,0.5,0.5,0.5,0.003868472,0.001934236,1,0,0,1,1
51999,-1,0,-0.7786012,0.31462145,0,1,unassigned,17.0,17.0,0.0,1.0,0.0,0.0,0.029013539,0.0,0,0,0,0,0
52000,-1,0,1.1538949,0.76022166,1,1,unassigned,7.0,7.0,0.0,1.0,0.0,0.0,0.00967118,0.0,0,0,0,1,0
52001,-1,0,-0.8427677,0.30095217,0,1,unassigned,28.0,23.0,5.0,0.8214286,0.17857143,0.1785714,0.050290134,0.008980381,0,0,0,0,0
52002,-1,1,2.7345393,0.9390342,1,1,unassigned,2.0,2.0,0.0,1.0,0.0,0.0,0.0,0.0,1,0,0,1,1
52003,-1,0,-0.9094024,0.28712213,0,1,unassigned,52.0,50.0,2.0,0.96153843,0.03846154,0.038461566,0.0967118,0.0037196847,0,0,0,0,0
52004,-1,1,0.8600109,0.70266294,1,1,unassigned,2.0,2.0,0.0,1.0,0.0,0.0,0.0,0.0,1,0,0,1,0
52005,-1,0,-0.33472842,0.4170906,0,1,unassigned,28.0,28.0,0.0,1.0,0.0,0.0,0.050290134,0.0,0,0,0,0,0
52006,-1,0,-0.6293981,0.34764704,0,1,unassigned,33.0,32.0,1.0,0.969697,0.030303031,0.030303001,0.059961315,0.0018170096,0,0,0,0,0
52007,-1,1,2.9640021,0.9509212,1,1,unassigned,5.0,5.0,0.0,1.0,0.0,0.0,0.0058027077,0.0,1,0,0,1,1
52008,-1,0,-0.23612005,0.4412427,0,1,unassigned,7.0,7.0,0.0,1.0,0.0,0.0,0.00967118,0.0,0,0,0,0,0
52009,-1,1,1.2797964,0.7824151,1,1,unassigned,6.0,4.0,2.0,0.6666667,0.33333334,0.3333333,0.007736944,0.0025789815,1,0,0,1,0
52010,-1,0,-0.5578816,0.36403775,0,1,unassigned,12.0,12.0,0.0,1.0,0.0,0.0,0.01934236,0.0,0,0,0,0,0
52011,-1,1,3.3465614,0.96599203,1,1,unassigned,7.0,7.0,0.0,1.0,0.0,0.0,0.00967118,0.0,1,0,0,1,1
52012,-1,1,11.105967,0.999985,1,1,unassigned,9.0,7.0,2.0,0.7777778,0.22222222,0.22222221,0.013539651,0.0030088115,1,0,0,1,1
52013,-1,0,3.694689,0.97574764,1,1,unassigned,3.0,1.0,2.0,0.33333334,0.6666667,0.6666666,0.001934236,0.0012894907,0,0,0,1,1
52014,-1,0,2.2262821,0.9025849,1,1,unassigned,4.0,4.0,0.0,1.0,0.0,0.0,0.003868472,0.0,0,0,0,1,1
52015,-1,0,0.62700766,0.6518107,1,1,unassigned,13.0,12.0,1.0,0.9230769,0.07692308,0.07692307,0.021276595,0.0016366612,0,0,0,1,0
52016,-1,0,-0.47698414,0.38296452,0,1,unassigned,8.0,8.0,0.0,1.0,0.0,0.0,0.0116054155,0.0,0,0,0,0,0
52017,-1,0,-0.94791526,0.27930427,0,1,unassigned,25.0,24.0,1.0,0.96,0.04,0.04000002,0.044487428,0.001779497,0,0,0,0,0
52018,-1,0,-0.9740109,0.27408177,0,1,unassigned,32.0,32.0,0.0,1.0,0.0,0.0,0.058027077,0.0,0,0,0,0,0
52019,-1,0,1.6788354,0.84275025,1,1,unassigned,2.0,2.0,0.0,1.0,0.0,0.0,0.0,0.0,0,0,0,1,0
52020,-1,0,0.6935485,0.66675586,1,1,unassigned,2.0,2.0,0.0,1.0,0.0,0.0,0.0,0.0,0,0,0,1,0
52021,1,0,-0.73406196,0.32430398,0,1,val,27.0,27.0,0.0,1.0,0.0,0.0,0.0483559,0.0,0,0,0,0,0
52022,-1,0,2.112818,0.8921428,1,1,unassigned,3.0,2.0,1.0,0.6666667,0.33333334,0.3333333,0.001934236,0.00064474536,0,0,0,1,0
52023,-1,1,-0.8533852,0.29872322,0,1,unassigned,147.0,144.0,3.0,0.97959185,0.020408163,0.020408154,0.2804642,0.005723759,1,0,0,0,0
52024,-1,0,-0.55226916,0.36533812,0,1,unassigned,7.0,7.0,0.0,1.0,0.0,0.0,0.00967118,0.0,0,0,0,0,0
52025,-1,0,2.6768177,0.93564475,1,1,unassigned,2.0,2.0,0.0,1.0,0.0,0.0,0.0,0.0,0,0,0,1,1
52026,-1,0,-0.24142647,0.43993485,0,1,unassigned,7.0,6.0,1.0,0.85714287,0.14285715,0.14285713,0.00967118,0.0013815971,0,0,0,0,0
52027,-1,0,0.48862416,0.61978227,1,1,unassigned,2.0,2.0,0.0,1.0,0.0,0.0,0.0,0.0,0,0,0,1,0
52028,-1,0,-0.2725079,0.4322915,0,1,unassigned,2.0,2.0,0.0,1.0,0.0,0.0,0.0,0.0,0,0,0,0,0
52029,-1,0,-0.8945426,0.29017326,0,1,unassigned,10.0,10.0,0.0,1.0,0.0,0.0,0.015473888,0.0,0,0,0,0,0
52030,-1,1,2.0358226,0.88450724,1,1,unassigned,25.0,24.0,1.0,0.96,0.04,0.04000002,0.044487428,0.001779497,1,0,0,1,0
52031,1,1,3.3477223,0.9660302,1,0,unassigned,102.0,89.0,13.0,0.872549,0.12745099,0.127451,0.1934236,0.024652028,1,0,1,1,1
52032,-1,1,0.318973,0.5790739,1,1,unassigned,4.0,4.0,0.0,1.0,0.0,0.0,0.003868472,0.0,1,0,0,1,0
52033,0,1,1.158479,0.7610562,1,1,test,4.0,4.0,0.0,1.0,0.0,0.0,0.003868472,0.0,1,0,0,1,0
52034,-1,1,-0.21119085,0.44739768,0,1,unassigned,3.0,3.0,0.0,1.0,0.0,0.0,0.001934236,0.0,1,0,0,0,0
52035,-1,1,1.9583304,0.8763522,1,1,unassigned,9.0,8.0,1.0,0.8888889,0.11111111,0.111111104,0.013539651,0.0015044058,1,0,0,1,0
52036,-1,1,0.8652213,0.7037504,1,1,unassigned,11.0,11.0,0.0,1.0,0.0,0.0,0.017408123,0.0,1,0,0,1,0
52037,-1,1,2.9504535,0.95028496,1,1,unassigned,3.0,2.0,1.0,0.6666667,0.33333334,0.3333333,0.001934236,0.00064474536,1,0,0,1,1
52038,0,1,3.9795687,0.98164934,1,1,test,2.0,2.0,0.0,1.0,0.0,0.0,0.0,0.0,1,0,0,1,1
52039,-1,1,-0.5555285,0.3645827,0,1,unassigned,8.0,8.0,0.0,1.0,0.0,0.0,0.0116054155,0.0,1,0,0,0,0
52040,-1,1,0.20652646,0.5514489,1,1,unassigned,33.0,33.0,0.0,1.0,0.0,0.0,0.059961315,0.0,1,0,0,1,0
52041,-1,1,1.158479,0.7610562,1,1,unassigned,4.0,4.0,0.0,1.0,0.0,0.0,0.003868472,0.0,1,0,0,1,0
52042,-1,1,2.5720067,0.92903805,1,1,unassigned,36.0,34.0,2.0,0.9444444,0.055555556,0.055555582,0.065764025,0.003653557,1,0,0,1,1
52043,-1,1,1.2204223,0.7721379,1,1,unassigned,3.0,3.0,0.0,1.0,0.0,0.0,0.001934236,0.0,1,0,0,1,0
52044,-1,0,6.619409,0.9986676,1,1,unassigned,2.0,2.0,0.0,1.0,0.0,0.0,0.0,0.0,0,0,0,1,1
52045,-1,0,6.881599,0.99897456,1,1,unassigned,7.0,5.0,2.0,0.71428573,0.2857143,0.28571427,0.00967118,0.0027631943,0,0,0,1,1
52046,-1,0,-0.9483857,0.27920958,0,1,unassigned,36.0,36.0,0.0,1.0,0.0,0.0,0.065764025,0.0,0,0,0,0,0
52047,-1,1,3.073736,0.95579624,1,1,unassigned,3.0,1.0,2.0,0.33333334,0.6666667,0.6666666,0.001934236,0.0012894907,1,0,0,1,1
52048,-1,0,3.7193897,0.97632533,1,1,unassigned,5.0,5.0,0.0,1.0,0.0,0.0,0.0058027077,0.0,0,0,0,1,1
52049,0,1,-0.21093822,0.44746011,0,0,unassigned,27.0,24.0,3.0,0.8888889,0.11111111,0.111111104,0.0483559,0.0053728777,1,0,1,0,0
52050,-1,1,4.3811193,0.98764324,1,1,unassigned,2.0,2.0,0.0,1.0,0.0,0.0,0.0,0.0,1,0,0,1,1
52051,-1,0,3.7958324,0.9780294,1,1,unassigned,3.0,2.0,1.0,0.6666667,0.33333334,0.3333333,0.001934236,0.00064474536,0,0,0,1,1
52052,-1,1,-0.1107353,0.4723444,0,1,unassigned,6.0,5.0,1.0,0.8333333,0.16666667,0.16666669,0.007736944,0.0012894907,1,0,0,0,0
52053,-1,1,-0.79909843,0.31021842,0,1,unassigned,15.0,15.0,0.0,1.0,0.0,0.0,0.025145067,0.0,1,0,0,0,0
52054,-1,0,3.5076392,0.97090435,1,1,unassigned,3.0,2.0,1.0,0.6666667,0.33333334,0.3333333,0.001934236,0.00064474536,0,0,0,1,1
52055,1,0,2.1808577,0.8985173,1,0,test,3.0,3.0,0.0,1.0,0.0,0.0,0.001934236,0.0,0,0,1,1,0
52056,-1,0,4.1457253,0.9844148,1,1,unassigned,3.0,3.0,0.0,1.0,0.0,0.0,0.001934236,0.0,0,0,0,1,1
52057,1,0,3.9438016,0.98099387,1,0,unassigned,15.0,12.0,3.0,0.8,0.2,0.19999999,0.025145067,0.0050290134,0,0,1,1,1
52058,-1,0,-0.78470206,0.3133074,0,1,unassigned,7.0,7.0,0.0,1.0,0.0,0.0,0.00967118,0.0,0,0,0,0,0
52059,-1,0,0.5504585,0.63424194,1,1,unassigned,4.0,4.0,0.0,1.0,0.0,0.0,0.003868472,0.0,0,0,0,1,0
52060,-1,0,-0.33856338,0.41615847,0,1,unassigned,4.0,3.0,1.0,0.75,0.25,0.25,0.003868472,0.000967118,0,0,0,0,0
52061,-1,0,3.439335,0.96891147,1,1,unassigned,8.0,4.0,4.0,0.5,0.5,0.5,0.0116054155,0.0058027077,0,0,0,1,1
52062,-1,0,-0.4082067,0.3993422,0,1,unassigned,3.0,3.0,0.0,1.0,0.0,0.0,0.001934236,0.0,0,0,0,0,0
52063,-1,1,1.7645352,0.8537768,1,1,unassigned,2.0,1.0,1.0,0.5,0.5,0.5,0.0,0.0,1,0,0,1,0
52064,-1,0,2.7586212,0.94039845,1,1,unassigned,2.0,1.0,1.0,0.5,0.5,0.5,0.0,0.0,0,0,0,1,1
52065,0,1,-0.010242641,0.49743932,0,0,val,3.0,3.0,0.0,1.0,0.0,0.0,0.001934236,0.0,1,0,1,0,0
52066,-1,1,-0.85683024,0.29800203,0,1,unassigned,32.0,32.0,0.0,1.0,0.0,0.0,0.058027077,0.0,1,0,0,0,0
52067,-1,0,2.5844452,0.9298538,1,1,unassigned,4.0,4.0,0.0,1.0,0.0,0.0,0.003868472,0.0,0,0,0,1,1
52068,-1,1,1.6190109,0.8346587,1,1,unassigned,22.0,21.0,1.0,0.95454544,0.045454547,0.04545456,0.03868472,0.0017583964,1,0,0,1,0
52069,-1,0,15.225173,0.99999976,1,1,unassigned,14.0,12.0,2.0,0.85714287,0.14285715,0.14285713,0.023210831,0.0033158332,0,0,0,1,1
52070,1,1,1.4561388,0.8109414,1,0,test,23.0,21.0,2.0,0.9130435,0.08695652,0.0869565,0.040618956,0.0035320832,1,0,1,1,0
52071,-1,0,4.493187,0.9889388,1,1,unassigned,4.0,3.0,1.0,0.75,0.25,0.25,0.003868472,0.000967118,0,0,0,1,1
52072,-1,1,2.0698774,0.88794076,1,1,unassigned,11.0,10.0,1.0,0.90909094,0.09090909,0.090909064,0.017408123,0.0015825568,1,0,0,1,0
52073,-1,1,3.045775,0.95459974,1,1,unassigned,2.0,1.0,1.0,0.5,0.5,0.5,0.0,0.0,1,0,0,1,1
52074,-1,1,3.0586479,0.95515436,1,1,unassigned,30.0,29.0,1.0,0.96666664,0.033333335,0.03333336,0.054158606,0.001805287,1,0,0,1,1
52075,-1,1,3.9334786,0.9808004,1,1,unassigned,2.0,2.0,0.0,1.0,0.0,0.0,0.0,0.0,1,0,0,1,1
52076,-1,1,-0.47717327,0.38291985,0,1,unassigned,6.0,6.0,0.0,1.0,0.0,0.0,0.007736944,0.0,1,0,0,0,0
52077,-1,0,-0.89337623,0.2904136,0,1,unassigned,35.0,35.0,0.0,1.0,0.0,0.0,0.06382979,0.0,0,0,0,0,0
52078,0,0,-0.8188429,0.30600932,0,0,test,47.0,44.0,3.0,0.9361702,0.06382979,0.06382978,0.08704062,0.0055557843,0,0,1,0,0
52079,-1,1,0.859675,0.70259273,1,1,unassigned,4.0,4.0,0.0,1.0,0.0,0.0,0.003868472,0.0,1,0,0,1,0
52080,-1,0,7.507385,0.99945134,1,1,unassigned,3.0,2.0,1.0,0.6666667,0.33333334,0.3333333,0.001934236,0.00064474536,0,0,0,1,1
52081,-1,1,0.15230411,0.5380026,1,1,unassigned,33.0,31.0,2.0,0.93939394,0.060606062,0.060606062,0.059961315,0.0036340193,1,0,0,1,0
52082,1,1,0.7202762,0.67266786,1,0,val,13.0,13.0,0.0,1.0,0.0,0.0,0.021276595,0.0,1,0,1,1,0
52083,1,0,4.3842874,0.9876818,1,0,val,8.0,1.0,7.0,0.125,0.875,0.875,0.0116054155,0.010154739,0,0,1,1,1
52084,-1,1,3.0098403,0.95301664,1,1,unassigned,11.0,11.0,0.0,1.0,0.0,0.0,0.017408123,0.0,1,0,0,1,1
52085,-1,1,3.804145,0.9782073,1,1,unassigned,2.0,2.0,0.0,1.0,0.0,0.0,0.0,0.0,1,0,0,1,1
52086,-1,0,-0.17263943,0.45694703,0,1,unassigned,2.0,2.0,0.0,1.0,0.0,0.0,0.0,0.0,0,0,0,0,0
52087,-1,0,-0.8312715,0.3033763,0,1,unassigned,19.0,19.0,0.0,1.0,0.0,0.0,0.032882012,0.0,0,0,0,0,0
52088,-1,0,0.85085744,0.700747,1,1,unassigned,9.0,9.0,0.0,1.0,0.0,0.0,0.013539651,0.0,0,0,0,1,0
52089,-1,0,3.402243,0.96777457,1,1,unassigned,22.0,10.0,12.0,0.45454547,0.54545456,0.5454545,0.03868472,0.021100756,0,0,0,1,1
52090,-1,1,1.1994085,0.76841956,1,1,unassigned,2.0,2.0,0.0,1.0,0.0,0.0,0.0,0.0,1,0,0,1,0
52091,1,0,6.3866706,0.998319,1,0,unassigned,33.0,33.0,0.0,1.0,0.0,0.0,0.059961315,0.0,0,0,1,1,1
52092,-1,0,4.635145,0.9903886,1,1,unassigned,5.0,5.0,0.0,1.0,0.0,0.0,0.0058027077,0.0,0,0,0,1,1
52093,-1,0,-0.97917265,0.27305597,0,1,unassigned,5.0,5.0,0.0,1.0,0.0,0.0,0.0058027077,0.0,0,0,0,0,0
52094,-1,0,-0.24364018,0.4393895,0,1,unassigned,59.0,59.0,0.0,1.0,0.0,0.0,0.11025145,0.0,0,0,0,0,0
52095,-1,0,5.2316775,0.9946839,1,1,unassigned,16.0,16.0,0.0,1.0,0.0,0.0,0.027079303,0.0,0,0,0,1,1
52096,-1,1,0.99005944,0.72909963,1,1,unassigned,3.0,3.0,0.0,1.0,0.0,0.0,0.001934236,0.0,1,0,0,1,0
52097,-1,1,5.135159,0.9941484,1,1,unassigned,17.0,16.0,1.0,0.9411765,0.05882353,0.058823526,0.029013539,0.0017066788,1,0,0,1,1
52098,-1,1,1.1742568,0.76391363,1,1,unassigned,7.0,7.0,0.0,1.0,0.0,0.0,0.00967118,0.0,1,0,0,1,0
52099,-1,0,1.7506659,0.8520368,1,1,unassigned,4.0,3.0,1.0,0.75,0.25,0.25,0.003868472,0.000967118,0,0,0,1,0
52100,-1,0,1.326035,0.790184,1,1,unassigned,2.0,2.0,0.0,1.0,0.0,0.0,0.0,0.0,0,0,0,1,0
52101,-1,1,1.2698596,0.78071874,1,1,unassigned,5.0,5.0,0.0,1.0,0.0,0.0,0.0058027077,0.0,1,0,0,1,0
52102,-1,0,3.844888,0.97905916,1,1,unassigned,2.0,2.0,0.0,1.0,0.0,0.0,0.0,0.0,0,0,0,1,1
52103,-1,0,9.773199,0.999943,1,1,unassigned,2.0,2.0,0.0,1.0,0.0,0.0,0.0,0.0,0,0,0,1,1
52104,-1,0,5.579737,0.9962406,1,1,unassigned,6.0,6.0,0.0,1.0,0.0,0.0,0.007736944,0.0,0,0,0,1,1
52105,-1,1,2.2243195,0.9024123,1,1,unassigned,2.0,2.0,0.0,1.0,0.0,0.0,0.0,0.0,1,0,0,1,1
52106,-1,0,1.4318166,0.8071842,1,1,unassigned,10.0,10.0,0.0,1.0,0.0,0.0,0.015473888,0.0,0,0,0,1,0
52107,-1,1,-0.18868959,0.45296708,0,1,unassigned,2.0,2.0,0.0,1.0,0.0,0.0,0.0,0.0,1,0,0,0,0
52108,-1,0,1.3062346,0.78688234,1,1,unassigned,6.0,6.0,0.0,1.0,0.0,0.0,0.007736944,0.0,0,0,0,1,0
52109,-1,0,5.4934344,0.9959032,1,1,unassigned,4.0,2.0,2.0,0.5,0.5,0.5,0.003868472,0.001934236,0,0,0,1,1
52110,-1,1,7.0814323,0.9991602,1,1,unassigned,15.0,15.0,0.0,1.0,0.0,0.0,0.025145067,0.0,1,0,0,1,1
52111,-1,0,8.755064,0.9998423,1,1,unassigned,3.0,1.0,2.0,0.33333334,0.6666667,0.6666666,0.001934236,0.0012894907,0,0,0,1,1
52112,1,0,3.9086225,0.98032665,1,0,test,8.0,8.0,0.0,1.0,0.0,0.0,0.0116054155,0.0,0,0,1,1,1
52113,-1,0,1.0600145,0.7426933,1,1,unassigned,21.0,21.0,0.0,1.0,0.0,0.0,0.036750484,0.0,0,0,0,1,0
52114,-1,0,1.1329701,0.7563866,1,1,unassigned,6.0,3.0,3.0,0.5,0.5,0.5,0.007736944,0.003868472,0,0,0,1,0
52115,-1,0,2.0795615,0.88890076,1,1,unassigned,57.0,54.0,3.0,0.94736844,0.05263158,0.052631557,0.10638298,0.0055991043,0,0,0,1,0
52116,-1,0,3.8017743,0.9781567,1,1,unassigned,2.0,2.0,0.0,1.0,0.0,0.0,0.0,0.0,0,0,0,1,1
52117,-1,0,-0.505163,0.3763281,0,1,unassigned,34.0,33.0,1.0,0.9705882,0.029411765,0.029411793,0.061895553,0.0018204574,0,0,0,0,0
52118,-1,1,-0.5191122,0.37305987,0,1,unassigned,27.0,23.0,4.0,0.8518519,0.14814815,0.14814812,0.0483559,0.007163837,1,0,0,0,0
52119,0,0,-0.3816566,0.40572745,0,0,val,43.0,43.0,0.0,1.0,0.0,0.0,0.079303674,0.0,0,0,1,0,0
52120,-1,1,4.0698466,0.98320675,1,1,unassigned,6.0,5.0,1.0,0.8333333,0.16666667,0.16666669,0.007736944,0.0012894907,1,0,0,1,1
52121,-1,0,6.5627255,0.99858993,1,1,unassigned,3.0,3.0,0.0,1.0,0.0,0.0,0.001934236,0.0,0,0,0,1,1
52122,-1,0,1.6644614,0.840836,1,1,unassigned,7.0,7.0,0.0,1.0,0.0,0.0,0.00967118,0.0,0,0,0,1,0
52123,-1,0,7.1771703,0.9992368,1,1,unassigned,9.0,9.0,0.0,1.0,0.0,0.0,0.013539651,0.0,0,0,0,1,1
52124,-1,0,3.2765512,0.9636156,1,1,unassigned,2.0,2.0,0.0,1.0,0.0,0.0,0.0,0.0,0,0,0,1,1
52125,-1,1,6.0915728,0.99774325,1,1,unassigned,3.0,1.0,2.0,0.33333334,0.6666667,0.6666666,0.001934236,0.0012894907,1,0,0,1,1
52126,-1,0,-0.20458338,0.44903183,0,1,unassigned,3.0,3.0,0.0,1.0,0.0,0.0,0.001934236,0.0,0,0,0,0,0
52127,-1,0,-0.615859,0.35072383,0,1,unassigned,3.0,3.0,0.0,1.0,0.0,0.0,0.001934236,0.0,0,0,0,0,0
52128,-1,0,4.591233,0.9899615,1,1,unassigned,4.0,3.0,1.0,0.75,0.25,0.25,0.003868472,0.000967118,0,0,0,1,1
52129,0,0,0.50809056,0.6243587,1,1,unassigned,4.0,3.0,1.0,0.75,0.25,0.25,0.003868472,0.000967118,0,0,0,1,0
52130,-1,1,1.8447719,0.8635121,1,1,unassigned,16.0,15.0,1.0,0.9375,0.0625,0.0625,0.027079303,0.0016924564,1,0,0,1,0
52131,-1,0,-0.78122383,0.31405616,0,1,unassigned,6.0,6.0,0.0,1.0,0.0,0.0,0.007736944,0.0,0,0,0,0,0
52132,-1,0,1.765243,0.8538651,1,1,unassigned,3.0,3.0,0.0,1.0,0.0,0.0,0.001934236,0.0,0,0,0,1,0
52133,-1,1,4.691893,0.990914,1,1,unassigned,2.0,2.0,0.0,1.0,0.0,0.0,0.0,0.0,1,0,0,1,1
52134,-1,0,2.9913318,0.952181,1,1,unassigned,28.0,28.0,0.0,1.0,0.0,0.0,0.050290134,0.0,0,0,0,1,1
52135,1,0,3.5821216,0.97293615,1,0,unassigned,14.0,13.0,1.0,0.9285714,0.071428575,0.0714286,0.023210831,0.0016579166,0,0,1,1,1
52136,-1,0,-0.55600727,0.36447176,0,1,unassigned,41.0,40.0,1.0,0.9756098,0.024390243,0.02439022,0.07543521,0.001839883,0,0,0,0,0
52137,-1,0,-0.22725165,0.44343036,0,1,unassigned,5.0,5.0,0.0,1.0,0.0,0.0,0.0058027077,0.0,0,0,0,0,0
52138,-1,0,0.08916652,0.5222769,1,1,unassigned,16.0,16.0,0.0,1.0,0.0,0.0,0.027079303,0.0,0,0,0,1,0
52139,-1,0,1.591214,0.8307868,1,1,unassigned,5.0,5.0,0.0,1.0,0.0,0.0,0.0058027077,0.0,0,0,0,1,0
52140,-1,0,0.8671225,0.70414656,1,1,unassigned,8.0,8.0,0.0,1.0,0.0,0.0,0.0116054155,0.0,0,0,0,1,0
52141,-1,1,3.6815288,0.9754343,1,1,unassigned,4.0,4.0,0.0,1.0,0.0,0.0,0.003868472,0.0,1,0,0,1,1
52142,-1,1,0.13379723,0.53339946,1,1,unassigned,53.0,52.0,1.0,0.9811321,0.018867925,0.01886791,0.09864604,0.0018612461,1,0,0,1,0
52143,-1,1,0.3944615,0.59735626,1,1,unassigned,9.0,9.0,0.0,1.0,0.0,0.0,0.013539651,0.0,1,0,0,1,0
52144,-1,0,0.4845962,0.61883265,1,1,unassigned,16.0,16.0,0.0,1.0,0.0,0.0,0.027079303,0.0,0,0,0,1,0
52145,1,0,2.3030975,0.90913326,1,0,unassigned,26.0,24.0,2.0,0.9230769,0.07692308,0.07692307,0.046421662,0.0035708973,0,0,1,1,1
52146,-1,1,4.5296845,0.989331,1,1,unassigned,6.0,5.0,1.0,0.8333333,0.16666667,0.16666669,0.007736944,0.0012894907,1,0,0,1,1
52147,-1,1,1.9568961,0.8761967,1,1,unassigned,2.0,2.0,0.0,1.0,0.0,0.0,0.0,0.0,1,0,0,1,0
52148,-1,1,4.0291357,0.98252124,1,1,unassigned,30.0,29.0,1.0,0.96666664,0.033333335,0.03333336,0.054158606,0.001805287,1,0,0,1,1
52149,0,0,-0.3570865,0.411665,0,0,test,7.0,7.0,0.0,1.0,0.0,0.0,0.00967118,0.0,0,0,1,0,0
52150,0,0,-0.5127044,0.3745598,0,0,test,9.0,9.0,0.0,1.0,0.0,0.0,0.013539651,0.0,0,0,1,0,0
52151,-1,0,-1.7003455,0.15442015,0,1,unassigned,2.0,2.0,0.0,1.0,0.0,0.0,0.0,0.0,0,0,0,0,0
52152,-1,0,0.68729,0.6653638,1,1,unassigned,2.0,2.0,0.0,1.0,0.0,0.0,0.0,0.0,0,0,0,1,0
52153,-1,0,1.7226892,0.84847486,1,1,unassigned,2.0,2.0,0.0,1.0,0.0,0.0,0.0,0.0,0,0,0,1,0
52154,-1,0,0.9866865,0.72843295,1,1,unassigned,2.0,2.0,0.0,1.0,0.0,0.0,0.0,0.0,0,0,0,1,0
52155,-1,0,-0.5227613,0.37220678,0,1,unassigned,3.0,3.0,0.0,1.0,0.0,0.0,0.001934236,0.0,0,0,0,0,0
52156,-1,0,0.88760096,0.7083949,1,1,unassigned,10.0,9.0,1.0,0.9,0.1,0.100000024,0.015473888,0.0015473888,0,0,0,1,0
52157,-1,0,3.0738156,0.95579964,1,1,unassigned,15.0,14.0,1.0,0.93333334,0.06666667,0.06666666,0.025145067,0.0016763379,0,0,0,1,1
52158,-1,1,0.8715506,0.70506823,1,1,unassigned,31.0,28.0,3.0,0.9032258,0.09677419,0.09677422,0.056092843,0.0054283394,1,0,0,1,0
52159,-1,1,-0.38529652,0.4048501,0,1,unassigned,41.0,34.0,7.0,0.8292683,0.17073171,0.17073172,0.07543521,0.012879182,1,0,0,0,0
52160,0,0,-0.9309322,0.28273562,0,0,unassigned,16.0,16.0,0.0,1.0,0.0,0.0,0.027079303,0.0,0,0,1,0,0
52161,-1,1,5.330336,0.99518096,1,1,unassigned,42.0,41.0,1.0,0.97619045,0.023809524,0.023809552,0.07736944,0.0018421295,1,0,0,1,1
52162,1,0,1.3417945,0.7927849,1,0,unassigned,4.0,4.0,0.0,1.0,0.0,0.0,0.003868472,0.0,0,0,1,1,0
52163,-1,0,-0.91595083,0.28578365,0,1,unassigned,21.0,21.0,0.0,1.0,0.0,0.0,0.036750484,0.0,0,0,0,0,0
52164,-1,1,8.084947,0.99969196,1,1,unassigned,2.0,2.0,0.0,1.0,0.0,0.0,0.0,0.0,1,0,0,1,1
52165,-1,1,-0.71143156,0.3292826,0,1,unassigned,49.0,48.0,1.0,0.97959185,0.020408163,0.020408154,0.09090909,0.0018552876,1,0,0,0,0
52166,-1,1,0.6928101,0.66659176,1,1,unassigned,6.0,6.0,0.0,1.0,0.0,0.0,0.007736944,0.0,1,0,0,1,0
52167,-1,0,0.78434545,0.6866159,1,1,unassigned,2.0,1.0,1.0,0.5,0.5,0.5,0.0,0.0,0,0,0,1,0
52168,0,1,0.10041851,0.52508354,1,1,test,13.0,12.0,1.0,0.9230769,0.07692308,0.07692307,0.021276595,0.0016366612,1,0,0,1,0
52169,0,0,-0.06445545,0.48389176,0,0,unassigned,6.0,6.0,0.0,1.0,0.0,0.0,0.007736944,0.0,0,0,1,0,0
52170,-1,1,2.7612126,0.94054353,1,1,unassigned,9.0,8.0,1.0,0.8888889,0.11111111,0.111111104,0.013539651,0.0015044058,1,0,0,1,1
52171,-1,0,-0.95932597,0.27701315,0,1,unassigned,2.0,2.0,0.0,1.0,0.0,0.0,0.0,0.0,0,0,0,0,0
52172,-1,1,1.5627563,0.82674855,1,1,unassigned,15.0,15.0,0.0,1.0,0.0,0.0,0.025145067,0.0,1,0,0,1,0
52173,-1,0,2.4290974,0.9190194,1,1,unassigned,9.0,9.0,0.0,1.0,0.0,0.0,0.013539651,0.0,0,0,0,1,1
52174,-1,1,1.6963103,0.84505224,1,1,unassigned,2.0,2.0,0.0,1.0,0.0,0.0,0.0,0.0,1,0,0,1,0
52175,-1,0,-0.23189723,0.4422841,0,1,unassigned,2.0,2.0,0.0,1.0,0.0,0.0,0.0,0.0,0,0,0,0,0
52176,-1,0,3.7147505,0.97621787,1,1,unassigned,6.0,5.0,1.0,0.8333333,0.16666667,0.16666669,0.007736944,0.0012894907,0,0,0,1,1
52177,-1,1,5.3085604,0.9950753,1,1,unassigned,5.0,4.0,1.0,0.8,0.2,0.19999999,0.0058027077,0.0011605415,1,0,0,1,1
52178,-1,0,0.75204784,0.67962474,1,1,unassigned,2.0,2.0,0.0,1.0,0.0,0.0,0.0,0.0,0,0,0,1,0
52179,-1,1,5.658417,0.99652404,1,1,unassigned,8.0,8.0,0.0,1.0,0.0,0.0,0.0116054155,0.0,1,0,0,1,1
52180,-1,1,-0.27013695,0.43287346,0,1,unassigned,4.0,3.0,1.0,0.75,0.25,0.25,0.003868472,0.000967118,1,0,0,0,0
52181,-1,0,-0.6057446,0.3530305,0,1,unassigned,9.0,9.0,0.0,1.0,0.0,0.0,0.013539651,0.0,0,0,0,0,0
52182,-1,1,-0.09967846,0.47510102,0,1,unassigned,6.0,4.0,2.0,0.6666667,0.33333334,0.3333333,0.007736944,0.0025789815,1,0,0,0,0
52183,-1,1,1.014144,0.73383033,1,1,unassigned,2.0,2.0,0.0,1.0,0.0,0.0,0.0,0.0,1,0,0,1,0
52184,1,1,-0.15674871,0.4608929,0,1,unassigned,24.0,23.0,1.0,0.9583333,0.041666668,0.041666687,0.04255319,0.0017730496,1,0,0,0,0
52185,-1,0,-0.6556161,0.34172505,0,1,unassigned,2.0,2.0,0.0,1.0,0.0,0.0,0.0,0.0,0,0,0,0,0
52186,-1,0,0.005359113,0.5013398,1,1,unassigned,9.0,9.0,0.0,1.0,0.0,0.0,0.013539651,0.0,0,0,0,1,0
52187,1,0,-0.48738146,0.38051063,0,1,unassigned,18.0,18.0,0.0,1.0,0.0,0.0,0.030947777,0.0,0,0,0,0,0
52188,-1,0,-0.77493095,0.3154134,0,1,unassigned,23.0,22.0,1.0,0.95652175,0.04347826,0.04347825,0.040618956,0.0017660416,0,0,0,0,0
52189,-1,1,0.4395855,0.60816026,1,1,unassigned,40.0,38.0,2.0,0.95,0.05,0.050000012,0.07350097,0.0036750485,1,0,0,1,0
52190,-1,1,2.23206,0.9030917,1,1,unassigned,19.0,17.0,2.0,0.8947368,0.10526316,0.10526317,0.032882012,0.0034612645,1,0,0,1,1
52191,-1,0,1.2649784,0.7798819,1,1,unassigned,6.0,3.0,3.0,0.5,0.5,0.5,0.007736944,0.003868472,0,0,0,1,0
52192,-1,1,1.6795809,0.842849,1,1,unassigned,15.0,15.0,0.0,1.0,0.0,0.0,0.025145067,0.0,1,0,0,1,0
52193,-1,0,4.197705,0.98519254,1,1,unassigned,5.0,5.0,0.0,1.0,0.0,0.0,0.0058027077,0.0,0,0,0,1,1
52194,-1,0,2.106203,0.8915046,1,1,unassigned,7.0,7.0,0.0,1.0,0.0,0.0,0.00967118,0.0,0,0,0,1,0
52195,-1,0,1.7380145,0.8504347,1,1,unassigned,5.0,4.0,1.0,0.8,0.2,0.19999999,0.0058027077,0.0011605415,0,0,0,1,0
52196,-1,0,0.96716315,0.7245537,1,1,unassigned,11.0,11.0,0.0,1.0,0.0,0.0,0.017408123,0.0,0,0,0,1,0
52197,-1,1,1.5739398,0.8283445,1,1,unassigned,10.0,10.0,0.0,1.0,0.0,0.0,0.015473888,0.0,1,0,0,1,0
52198,-1,1,1.1556094,0.760534,1,1,unassigned,5.0,5.0,0.0,1.0,0.0,0.0,0.0058027077,0.0,1,0,0,1,0
52199,-1,1,0.17476779,0.54358107,1,1,unassigned,4.0,3.0,1.0,0.75,0.25,0.25,0.003868472,0.000967118,1,0,0,1,0
52200,0,1,0.28591114,0.5709948,1,1,val,23.0,23.0,0.0,1.0,0.0,0.0,0.040618956,0.0,1,0,0,1,0
52201,-1,0,4.646415,0.9904952,1,1,unassigned,3.0,3.0,0.0,1.0,0.0,0.0,0.001934236,0.0,0,0,0,1,1
52202,-1,1,0.06368643,0.5159162,1,1,unassigned,2.0,1.0,1.0,0.5,0.5,0.5,0.0,0.0,1,0,0,1,0
52203,-1,1,3.2575655,0.96294403,1,1,unassigned,2.0,2.0,0.0,1.0,0.0,0.0,0.0,0.0,1,0,0,1,1
52204,-1,0,0.18744212,0.5467238,1,1,unassigned,21.0,20.0,1.0,0.95238096,0.04761905,0.047619045,0.036750484,0.0017500231,0,0,0,1,0
52205,-1,0,4.878078,0.9924459,1,1,unassigned,4.0,3.0,1.0,0.75,0.25,0.25,0.003868472,0.000967118,0,0,0,1,1
52206,-1,1,4.168514,0.9847606,1,1,unassigned,2.0,2.0,0.0,1.0,0.0,0.0,0.0,0.0,1,0,0,1,1
52207,-1,0,2.8664105,0.94616085,1,1,unassigned,3.0,2.0,1.0,0.6666667,0.33333334,0.3333333,0.001934236,0.00064474536,0,0,0,1,1
52208,-1,0,-0.49518263,0.3786734,0,1,unassigned,15.0,15.0,0.0,1.0,0.0,0.0,0.025145067,0.0,0,0,0,0,0
52209,-1,1,-0.6505451,0.3428667,0,1,unassigned,62.0,62.0,0.0,1.0,0.0,0.0,0.116054155,0.0,1,0,0,0,0
52210,-1,1,-0.5436723,0.36733374,0,1,unassigned,119.0,112.0,7.0,0.9411765,0.05882353,0.058823526,0.2263056,0.013312095,1,0,0,0,0
52211,-1,1,-0.45091853,0.38914242,0,1,unassigned,69.0,69.0,0.0,1.0,0.0,0.0,0.1295938,0.0,1,0,0,0,0
52212,-1,1,4.1110353,0.98387355,1,1,unassigned,2.0,2.0,0.0,1.0,0.0,0.0,0.0,0.0,1,0,0,1,1
52213,0,1,-0.8540313,0.2985879,0,0,unassigned,8.0,8.0,0.0,1.0,0.0,0.0,0.0116054155,0.0,1,0,1,0,0
52214,1,1,0.664198,0.6602028,1,0,unassigned,4.0,4.0,0.0,1.0,0.0,0.0,0.003868472,0.0,1,0,1,1,0
52215,-1,0,-0.91190994,0.28660917,0,1,unassigned,20.0,20.0,0.0,1.0,0.0,0.0,0.034816246,0.0,0,0,0,0,0
52216,-1,0,-0.76100945,0.31842712,0,1,unassigned,30.0,29.0,1.0,0.96666664,0.033333335,0.03333336,0.054158606,0.001805287,0,0,0,0,0
52217,-1,0,-0.4796031,0.38234583,0,1,unassigned,10.0,10.0,0.0,1.0,0.0,0.0,0.015473888,0.0,0,0,0,0,0
52218,-1,0,-0.8101536,0.30785775,0,1,unassigned,36.0,36.0,0.0,1.0,0.0,0.0,0.065764025,0.0,0,0,0,0,0
52219,-1,0,-0.71329445,0.32887128,0,1,unassigned,23.0,23.0,0.0,1.0,0.0,0.0,0.040618956,0.0,0,0,0,0,0
52220,-1,1,-0.086164,0.47847235,0,1,unassigned,2.0,2.0,0.0,1.0,0.0,0.0,0.0,0.0,1,0,0,0,0
52221,1,0,0.40966815,0.6010083,1,0,val,11.0,11.0,0.0,1.0,0.0,0.0,0.017408123,0.0,0,0,1,1,0
52222,-1,0,3.1000803,0.956896,1,1,unassigned,9.0,9.0,0.0,1.0,0.0,0.0,0.013539651,0.0,0,0,0,1,1
52223,0,1,0.16809934,0.54192615,1,1,test,2.0,2.0,0.0,1.0,0.0,0.0,0.0,0.0,1,0,0,1,0
52224,0,1,0.1261769,0.5315024,1,1,test,3.0,3.0,0.0,1.0,0.0,0.0,0.001934236,0.0,1,0,0,1,0
52225,-1,1,5.7901826,0.9969518,1,1,unassigned,7.0,7.0,0.0,1.0,0.0,0.0,0.00967118,0.0,1,0,0,1,1
52226,1,0,-0.8662325,0.29603884,0,1,test,3.0,3.0,0.0,1.0,0.0,0.0,0.001934236,0.0,0,0,0,0,0
52227,-1,0,0.10773724,0.5269083,1,1,unassigned,18.0,18.0,0.0,1.0,0.0,0.0,0.030947777,0.0,0,0,0,1,0
52228,-1,1,5.1366286,0.99415684,1,1,unassigned,8.0,7.0,1.0,0.875,0.125,0.125,0.0116054155,0.0014506769,1,0,0,1,1
52229,0,1,0.31978393,0.5792716,1,1,test,4.0,4.0,0.0,1.0,0.0,0.0,0.003868472,0.0,1,0,0,1,0
52230,-1,1,0.1329894,0.5331984,1,1,unassigned,51.0,48.0,3.0,0.9411765,0.05882353,0.058823526,0.09477756,0.0055751507,1,0,0,1,0
52231,-1,1,1.4074275,0.80335987,1,1,unassigned,17.0,17.0,0.0,1.0,0.0,0.0,0.029013539,0.0,1,0,0,1,0
52232,-1,0,-0.106876194,0.4733064,0,1,unassigned,12.0,12.0,0.0,1.0,0.0,0.0,0.01934236,0.0,0,0,0,0,0
52233,0,0,-0.39388472,0.40278247,0,0,unassigned,61.0,60.0,1.0,0.9836066,0.016393442,0.016393423,0.114119925,0.0018708183,0,0,1,0,0
52234,-1,0,3.7847836,0.97779065,1,1,unassigned,14.0,13.0,1.0,0.9285714,0.071428575,0.0714286,0.023210831,0.0016579166,0,0,0,1,1
52235,-1,1,-0.587528,0.35720226,0,1,unassigned,29.0,26.0,3.0,0.8965517,0.10344828,0.10344827,0.05222437,0.005402521,1,0,0,0,0
52236,-1,0,1.8809481,0.86771995,1,1,unassigned,4.0,3.0,1.0,0.75,0.25,0.25,0.003868472,0.000967118,0,0,0,1,0
52237,-1,0,5.072903,0.9937748,1,1,unassigned,9.0,7.0,2.0,0.7777778,0.22222222,0.22222221,0.013539651,0.0030088115,0,0,0,1,1
52238,-1,1,3.390842,0.96741706,1,1,unassigned,3.0,3.0,0.0,1.0,0.0,0.0,0.001934236,0.0,1,0,0,1,1
52239,-1,0,-0.30531153,0.42425957,0,1,unassigned,32.0,32.0,0.0,1.0,0.0,0.0,0.058027077,0.0,0,0,0,0,0
52240,-1,0,-0.17180613,0.45715383,0,1,unassigned,16.0,16.0,0.0,1.0,0.0,0.0,0.027079303,0.0,0,0,0,0,0
52241,-1,1,1.9479082,0.87521833,1,1,unassigned,12.0,10.0,2.0,0.8333333,0.16666667,0.16666669,0.01934236,0.0032237265,1,0,0,1,0
52242,-1,0,9.997337,0.99995446,1,1,unassigned,3.0,3.0,0.0,1.0,0.0,0.0,0.001934236,0.0,0,0,0,1,1
52243,-1,1,-0.38084605,0.40592283,0,1,unassigned,37.0,35.0,2.0,0.9459459,0.054054055,0.05405408,0.06769826,0.0036593657,1,0,0,0,0
52244,0,1,-0.47886032,0.38252127,0,0,unassigned,7.0,7.0,0.0,1.0,0.0,0.0,0.00967118,0.0,1,0,1,0,0
52245,-1,1,1.1933906,0.7673469,1,1,unassigned,20.0,18.0,2.0,0.9,0.1,0.100000024,0.034816246,0.0034816246,1,0,0,1,0
52246,-1,1,2.3201973,0.910536,1,1,unassigned,16.0,15.0,1.0,0.9375,0.0625,0.0625,0.027079303,0.0016924564,1,0,0,1,1
52247,-1,1,0.08518952,0.52128446,1,1,unassigned,3.0,3.0,0.0,1.0,0.0,0.0,0.001934236,0.0,1,0,0,1,0
52248,-1,1,0.94340974,0.7197879,1,1,unassigned,5.0,5.0,0.0,1.0,0.0,0.0,0.0058027077,0.0,1,0,0,1,0
52249,0,1,-0.7316737,0.32482755,0,0,test,59.0,58.0,1.0,0.9830508,0.016949153,0.016949177,0.11025145,0.0018686686,1,0,1,0,0
52250,0,1,-0.50356954,0.37670216,0,0,val,42.0,42.0,0.0,1.0,0.0,0.0,0.07736944,0.0,1,0,1,0,0
52251,-1,1,3.9791033,0.981641,1,1,unassigned,22.0,21.0,1.0,0.95454544,0.045454547,0.04545456,0.03868472,0.0017583964,1,0,0,1,1
52252,-1,1,0.38869518,0.59596854,1,1,unassigned,32.0,31.0,1.0,0.96875,0.03125,0.03125,0.058027077,0.0018133462,1,0,0,1,0
52253,1,1,3.3329384,0.9655417,1,0,val,7.0,6.0,1.0,0.85714287,0.14285715,0.14285713,0.00967118,0.0013815971,1,0,1,1,1
52254,0,0,-0.7158254,0.32831293,0,0,val,3.0,3.0,0.0,1.0,0.0,0.0,0.001934236,0.0,0,0,1,0,0
52255,-1,1,0.038472414,0.5096169,1,1,unassigned,7.0,7.0,0.0,1.0,0.0,0.0,0.00967118,0.0,1,0,0,1,0
52256,-1,1,0.8926372,0.70943403,1,1,unassigned,2.0,2.0,0.0,1.0,0.0,0.0,0.0,0.0,1,0,0,1,0
52257,0,0,-0.7727662,0.31588104,0,0,unassigned,16.0,16.0,0.0,1.0,0.0,0.0,0.027079303,0.0,0,0,1,0,0
52258,-1,0,2.8580725,0.94573444,1,1,unassigned,17.0,17.0,0.0,1.0,0.0,0.0,0.029013539,0.0,0,0,0,1,1
52259,-1,0,-0.03605044,0.49098837,0,1,unassigned,23.0,23.0,0.0,1.0,0.0,0.0,0.040618956,0.0,0,0,0,0,0
52260,0,1,-0.2384283,0.44067368,0,0,unassigned,19.0,18.0,1.0,0.94736844,0.05263158,0.052631557,0.032882012,0.0017306323,1,0,1,0,0
52261,1,0,-0.4344983,0.39305267,0,1,val,30.0,30.0,0.0,1.0,0.0,0.0,0.054158606,0.0,0,0,0,0,0
52262,0,0,-0.47269636,0.38397822,0,0,unassigned,28.0,28.0,0.0,1.0,0.0,0.0,0.050290134,0.0,0,0,1,0,0
52263,-1,0,-0.02849567,0.49287662,0,1,unassigned,75.0,75.0,0.0,1.0,0.0,0.0,0.14119923,0.0,0,0,0,0,0
52264,-1,0,-0.27669543,0.4312641,0,1,unassigned,4.0,4.0,0.0,1.0,0.0,0.0,0.003868472,0.0,0,0,0,0,0
52265,-1,1,4.043181,0.98276085,1,1,unassigned,16.0,15.0,1.0,0.9375,0.0625,0.0625,0.027079303,0.0016924564,1,0,0,1,1
52266,-1,0,3.1281526,0.95803916,1,1,unassigned,2.0,2.0,0.0,1.0,0.0,0.0,0.0,0.0,0,0,0,1,1
52267,-1,1,-0.42564353,0.3951671,0,1,unassigned,36.0,36.0,0.0,1.0,0.0,0.0,0.065764025,0.0,1,0,0,0,0
52268,-1,0,5.5703044,0.99620515,1,1,unassigned,2.0,2.0,0.0,1.0,0.0,0.0,0.0,0.0,0,0,0,1,1
52269,-1,1,3.1373436,0.95840716,1,1,unassigned,2.0,2.0,0.0,1.0,0.0,0.0,0.0,0.0,1,0,0,1,1
52270,-1,1,1.6632321,0.8406714,1,1,unassigned,4.0,1.0,3.0,0.25,0.75,0.75,0.003868472,0.002901354,1,0,0,1,0
52271,-1,0,-0.53674287,0.36894557,0,1,unassigned,8.0,8.0,0.0,1.0,0.0,0.0,0.0116054155,0.0,0,0,0,0,0
52272,-1,1,-0.90869665,0.2872666,0,1,unassigned,2.0,2.0,0.0,1.0,0.0,0.0,0.0,0.0,1,0,0,0,0
52273,-1,0,0.043534756,0.51088196,1,1,unassigned,4.0,4.0,0.0,1.0,0.0,0.0,0.003868472,0.0,0,0,0,1,0
52274,-1,0,9.187195,0.9998976,1,1,unassigned,6.0,6.0,0.0,1.0,0.0,0.0,0.007736944,0.0,0,0,0,1,1
52275,-1,1,1.3684831,0.79713494,1,1,unassigned,2.0,2.0,0.0,1.0,0.0,0.0,0.0,0.0,1,0,0,1,0
52276,-1,1,13.277952,0.99999833,1,1,unassigned,12.0,10.0,2.0,0.8333333,0.16666667,0.16666669,0.01934236,0.0032237265,1,0,0,1,1
52277,1,0,-0.25872383,0.4356774,0,1,train,12.0,11.0,1.0,0.9166667,0.083333336,0.08333331,0.01934236,0.0016118633,0,0,0,0,0
52278,-1,0,4.6242294,0.99028414,1,1,unassigned,2.0,2.0,0.0,1.0,0.0,0.0,0.0,0.0,0,0,0,1,1
52279,-1,1,-0.6356807,0.34622356,0,1,unassigned,13.0,13.0,0.0,1.0,0.0,0.0,0.021276595,0.0,1,0,0,0,0
52280,-1,1,-0.4318108,0.39369398,0,1,unassigned,5.0,5.0,0.0,1.0,0.0,0.0,0.0058027077,0.0,1,0,0,0,0
52281,-1,1,-0.6022842,0.35382128,0,1,unassigned,5.0,3.0,2.0,0.6,0.4,0.39999998,0.0058027077,0.002321083,1,0,0,0,0
52282,-1,0,0.6699508,0.6614921,1,1,unassigned,3.0,3.0,0.0,1.0,0.0,0.0,0.001934236,0.0,0,0,0,1,0
52283,-1,1,-0.14829159,0.46299487,0,1,unassigned,23.0,20.0,3.0,0.8695652,0.13043478,0.13043481,0.040618956,0.0052981246,1,0,0,0,0
52284,-1,1,6.4775925,0.9984648,1,1,unassigned,11.0,9.0,2.0,0.8181818,0.18181819,0.18181819,0.017408123,0.0031651135,1,0,0,1,1
52285,-1,1,5.125624,0.99409264,1,1,unassigned,26.0,26.0,0.0,1.0,0.0,0.0,0.046421662,0.0,1,0,0,1,1
52286,-1,0,1.6644864,0.84083927,1,1,unassigned,2.0,1.0,1.0,0.5,0.5,0.5,0.0,0.0,0,0,0,1,0
52287,-1,1,1.1431918,0.7582652,1,1,unassigned,3.0,3.0,0.0,1.0,0.0,0.0,0.001934236,0.0,1,0,0,1,0
52288,-1,1,0.042918682,0.51072806,1,1,unassigned,2.0,2.0,0.0,1.0,0.0,0.0,0.0,0.0,1,0,0,1,0
52289,1,1,2.7913544,0.94220686,1,0,unassigned,31.0,31.0,0.0,1.0,0.0,0.0,0.056092843,0.0,1,0,1,1,1
52290,-1,1,-0.4350242,0.39292723,0,1,unassigned,46.0,46.0,0.0,1.0,0.0,0.0,0.08510638,0.0,1,0,0,0,0
52291,-1,1,-0.5906371,0.35648867,0,1,unassigned,19.0,19.0,0.0,1.0,0.0,0.0,0.032882012,0.0,1,0,0,0,0
52292,-1,1,-0.22627828,0.44367057,0,1,unassigned,2.0,2.0,0.0,1.0,0.0,0.0,0.0,0.0,1,0,0,0,0
52293,-1,1,0.9914618,0.72937655,1,1,unassigned,25.0,25.0,0.0,1.0,0.0,0.0,0.044487428,0.0,1,0,0,1,0
52294,0,1,-0.46546924,0.38568917,0,0,val,9.0,9.0,0.0,1.0,0.0,0.0,0.013539651,0.0,1,0,1,0,0
52295,0,0,-0.51445407,0.37414998,0,0,test,3.0,3.0,0.0,1.0,0.0,0.0,0.001934236,0.0,0,0,1,0,0
52296,-1,0,4.886068,0.9925055,1,1,unassigned,10.0,9.0,1.0,0.9,0.1,0.100000024,0.015473888,0.0015473888,0,0,0,1,1
52297,-1,1,-0.5047927,0.37641504,0,1,unassigned,28.0,28.0,0.0,1.0,0.0,0.0,0.050290134,0.0,1,0,0,0,0
52298,-1,0,1.1759679,0.7642221,1,1,unassigned,18.0,15.0,3.0,0.8333333,0.16666667,0.16666669,0.030947777,0.005157963,0,0,0,1,0
52299,-1,0,13.461189,0.99999857,1,1,unassigned,2.0,1.0,1.0,0.5,0.5,0.5,0.0,0.0,0,0,0,1,1
52300,-1,0,2.74493,0.93962634,1,1,unassigned,20.0,6.0,14.0,0.3,0.7,0.7,0.034816246,0.024371373,0,0,0,1,1
52301,-1,1,6.9533343,0.99904543,1,1,unassigned,2.0,2.0,0.0,1.0,0.0,0.0,0.0,0.0,1,0,0,1,1
52302,-1,1,0.06686896,0.516711,1,1,unassigned,44.0,40.0,4.0,0.90909094,0.09090909,0.090909064,0.08123791,0.007385265,1,0,0,1,0
52303,-1,1,5.674696,0.99658006,1,1,unassigned,11.0,11.0,0.0,1.0,0.0,0.0,0.017408123,0.0,1,0,0,1,1
52304,-1,0,-0.539853,0.3682218,0,1,unassigned,2.0,2.0,0.0,1.0,0.0,0.0,0.0,0.0,0,0,0,0,0
52305,-1,0,0.009862483,0.5024656,1,1,unassigned,3.0,3.0,0.0,1.0,0.0,0.0,0.001934236,0.0,0,0,0,1,0
52306,0,0,-0.19120821,0.45234308,0,0,val,31.0,31.0,0.0,1.0,0.0,0.0,0.056092843,0.0,0,0,1,0,0
52307,-1,1,5.550962,0.9961313,1,1,unassigned,4.0,4.0,0.0,1.0,0.0,0.0,0.003868472,0.0,1,0,0,1,1
52308,-1,0,3.3576205,0.9663535,1,1,unassigned,2.0,2.0,0.0,1.0,0.0,0.0,0.0,0.0,0,0,0,1,1
52309,-1,1,0.052354634,0.51308566,1,1,unassigned,2.0,2.0,0.0,1.0,0.0,0.0,0.0,0.0,1,0,0,1,0
52310,-1,0,1.2815058,0.782706,1,1,unassigned,7.0,7.0,0.0,1.0,0.0,0.0,0.00967118,0.0,0,0,0,1,0
52311,-1,0,6.13679,0.9978428,1,1,unassigned,7.0,7.0,0.0,1.0,0.0,0.0,0.00967118,0.0,0,0,0,1,1
52312,-1,0,4.277801,0.98631674,1,1,unassigned,3.0,3.0,0.0,1.0,0.0,0.0,0.001934236,0.0,0,0,0,1,1
52313,-1,1,4.328836,0.98698866,1,1,unassigned,9.0,9.0,0.0,1.0,0.0,0.0,0.013539651,0.0,1,0,0,1,1
52314,-1,1,8.121904,0.9997031,1,1,unassigned,50.0,48.0,2.0,0.96,0.04,0.04000002,0.092843324,0.0037137328,1,0,0,1,1
52315,0,0,0.29107064,0.57225823,1,1,unassigned,5.0,5.0,0.0,1.0,0.0,0.0,0.0058027077,0.0,0,0,0,1,0
52316,-1,1,2.1609318,0.8966859,1,1,unassigned,12.0,12.0,0.0,1.0,0.0,0.0,0.01934236,0.0,1,0,0,1,0
52317,-1,0,8.43679,0.99978334,1,1,unassigned,8.0,6.0,2.0,0.75,0.25,0.25,0.0116054155,0.0029013539,0,0,0,1,1
52318,1,1,-0.013265252,0.49668375,0,1,val,3.0,3.0,0.0,1.0,0.0,0.0,0.001934236,0.0,1,0,0,0,0
52319,-1,1,-0.48323247,0.3814891,0,1,unassigned,8.0,8.0,0.0,1.0,0.0,0.0,0.0116054155,0.0,1,0,0,0,0
52320,-1,1,0.38379234,0.5947874,1,1,unassigned,2.0,2.0,0.0,1.0,0.0,0.0,0.0,0.0,1,0,0,1,0
52321,-1,1,2.5438445,0.9271589,1,1,unassigned,2.0,1.0,1.0,0.5,0.5,0.5,0.0,0.0,1,0,0,1,1
52322,-1,0,2.7998369,0.942667,1,1,unassigned,15.0,14.0,1.0,0.93333334,0.06666667,0.06666666,0.025145067,0.0016763379,0,0,0,1,1
52323,-1,0,-0.3008482,0.42535016,0,1,unassigned,8.0,8.0,0.0,1.0,0.0,0.0,0.0116054155,0.0,0,0,0,0,0
52324,-1,1,-0.17435235,0.456522,0,1,unassigned,19.0,18.0,1.0,0.94736844,0.05263158,0.052631557,0.032882012,0.0017306323,1,0,0,0,0
52325,-1,0,3.7242959,0.97643846,1,1,unassigned,7.0,7.0,0.0,1.0,0.0,0.0,0.00967118,0.0,0,0,0,1,1
52326,-1,0,4.7090607,0.99106723,1,1,unassigned,2.0,2.0,0.0,1.0,0.0,0.0,0.0,0.0,0,0,0,1,1
52327,-1,1,0.151187,0.5377249,1,1,unassigned,18.0,18.0,0.0,1.0,0.0,0.0,0.030947777,0.0,1,0,0,1,0
52328,-1,1,0.22877532,0.5569457,1,1,unassigned,3.0,3.0,0.0,1.0,0.0,0.0,0.001934236,0.0,1,0,0,1,0
52329,-1,1,-0.6942362,0.33309138,0,1,unassigned,53.0,53.0,0.0,1.0,0.0,0.0,0.09864604,0.0,1,0,0,0,0
52330,0,1,-0.6062178,0.35292244,0,0,test,19.0,18.0,1.0,0.94736844,0.05263158,0.052631557,0.032882012,0.0017306323,1,0,1,0,0
52331,-1,0,6.014772,0.9975636,1,1,unassigned,3.0,3.0,0.0,1.0,0.0,0.0,0.001934236,0.0,0,0,0,1,1
52332,-1,0,-0.10422605,0.47396705,0,1,unassigned,7.0,7.0,0.0,1.0,0.0,0.0,0.00967118,0.0,0,0,0,0,0
52333,-1,1,0.22056371,0.55491847,1,1,unassigned,4.0,4.0,0.0,1.0,0.0,0.0,0.003868472,0.0,1,0,0,1,0
52334,-1,0,1.4080286,0.8034548,1,1,unassigned,2.0,2.0,0.0,1.0,0.0,0.0,0.0,0.0,0,0,0,1,0
52335,-1,1,-0.4473966,0.38997993,0,1,unassigned,66.0,66.0,0.0,1.0,0.0,0.0,0.123791106,0.0,1,0,0,0,0
52336,-1,1,2.0627508,0.88722974,1,1,unassigned,11.0,10.0,1.0,0.90909094,0.09090909,0.090909064,0.017408123,0.0015825568,1,0,0,1,0
52337,-1,0,-0.38114536,0.40585068,0,1,unassigned,4.0,4.0,0.0,1.0,0.0,0.0,0.003868472,0.0,0,0,0,0,0
52338,-1,1,0.6533168,0.6577575,1,1,unassigned,7.0,7.0,0.0,1.0,0.0,0.0,0.00967118,0.0,1,0,0,1,0
52339,-1,0,7.6627603,0.9995302,1,1,unassigned,5.0,5.0,0.0,1.0,0.0,0.0,0.0058027077,0.0,0,0,0,1,1
52340,-1,0,-0.021316111,0.49467117,0,1,unassigned,32.0,32.0,0.0,1.0,0.0,0.0,0.058027077,0.0,0,0,0,0,0
52341,-1,1,2.3513892,0.9130446,1,1,unassigned,6.0,6.0,0.0,1.0,0.0,0.0,0.007736944,0.0,1,0,0,1,1
52342,-1,0,1.9729202,0.8779244,1,1,unassigned,2.0,2.0,0.0,1.0,0.0,0.0,0.0,0.0,0,0,0,1,0
52343,-1,0,-0.15116084,0.46228158,0,1,unassigned,43.0,43.0,0.0,1.0,0.0,0.0,0.079303674,0.0,0,0,0,0,0
52344,-1,0,13.212354,0.9999982,1,1,unassigned,12.0,11.0,1.0,0.9166667,0.083333336,0.08333331,0.01934236,0.0016118633,0,0,0,1,1
52345,-1,1,-0.19373053,0.45171827,0,1,unassigned,7.0,6.0,1.0,0.85714287,0.14285715,0.14285713,0.00967118,0.0013815971,1,0,0,0,0
52346,-1,1,-0.09625089,0.47595587,0,1,unassigned,3.0,3.0,0.0,1.0,0.0,0.0,0.001934236,0.0,1,0,0,0,0
52347,0,0,-0.39206624,0.40322,0,0,unassigned,3.0,3.0,0.0,1.0,0.0,0.0,0.001934236,0.0,0,0,1,0,0
52348,-1,0,-0.06058085,0.4848594,0,1,unassigned,9.0,9.0,0.0,1.0,0.0,0.0,0.013539651,0.0,0,0,0,0,0
52349,-1,1,-0.79783016,0.31048986,0,1,unassigned,5.0,5.0,0.0,1.0,0.0,0.0,0.0058027077,0.0,1,0,0,0,0
52350,1,1,3.2359326,0.9621643,1,0,unassigned,7.0,7.0,0.0,1.0,0.0,0.0,0.00967118,0.0,1,0,1,1,1
52351,-1,1,-0.21646091,0.44609505,0,1,unassigned,4.0,4.0,0.0,1.0,0.0,0.0,0.003868472,0.0,1,0,0,0,0
52352,-1,1,0.035909712,0.50897646,1,1,unassigned,2.0,2.0,0.0,1.0,0.0,0.0,0.0,0.0,1,0,0,1,0
52353,-1,0,0.04989803,0.5124719,1,1,unassigned,2.0,2.0,0.0,1.0,0.0,0.0,0.0,0.0,0,0,0,1,0
52354,-1,0,3.3452818,0.96594995,1,1,unassigned,5.0,5.0,0.0,1.0,0.0,0.0,0.0058027077,0.0,0,0,0,1,1
52355,-1,1,-0.8939184,0.29030186,0,1,unassigned,2.0,2.0,0.0,1.0,0.0,0.0,0.0,0.0,1,0,0,0,0
52356,-1,0,2.0597048,0.88692456,1,1,unassigned,6.0,4.0,2.0,0.6666667,0.33333334,0.3333333,0.007736944,0.0025789815,0,0,0,1,0
52357,-1,0,0.34735185,0.5859753,1,1,unassigned,9.0,9.0,0.0,1.0,0.0,0.0,0.013539651,0.0,0,0,0,1,0
52358,-1,0,-0.4364344,0.3925909,0,1,unassigned,2.0,2.0,0.0,1.0,0.0,0.0,0.0,0.0,0,0,0,0,0
52359,-1,0,-0.02677399,0.4933069,0,1,unassigned,9.0,9.0,0.0,1.0,0.0,0.0,0.013539651,0.0,0,0,0,0,0
52360,-1,0,5.36206,0.9953307,1,1,unassigned,20.0,17.0,3.0,0.85,0.15,0.14999998,0.034816246,0.005222437,0,0,0,1,1
52361,0,1,-0.42965552,0.3942086,0,0,unassigned,36.0,34.0,2.0,0.9444444,0.055555556,0.055555582,0.065764025,0.003653557,1,0,1,0,0
52362,0,0,-0.2109339,0.44746122,0,0,test,25.0,25.0,0.0,1.0,0.0,0.0,0.044487428,0.0,0,0,1,0,0
52363,-1,0,1.1287363,0.7556056,1,1,unassigned,4.0,1.0,3.0,0.25,0.75,0.75,0.003868472,0.002901354,0,0,0,1,0
52364,1,1,-0.413147,0.39815778,0,1,val,33.0,28.0,5.0,0.8484849,0.15151516,0.15151513,0.059961315,0.009085048,1,0,0,0,0
52365,-1,1,-0.2248686,0.44401854,0,1,unassigned,2.0,2.0,0.0,1.0,0.0,0.0,0.0,0.0,1,0,0,0,0
52366,-1,1,6.4893775,0.9984829,1,1,unassigned,9.0,9.0,0.0,1.0,0.0,0.0,0.013539651,0.0,1,0,0,1,1
52367,-1,0,-0.8130158,0.3072482,0,1,unassigned,2.0,2.0,0.0,1.0,0.0,0.0,0.0,0.0,0,0,0,0,0
52368,-1,1,-0.21908814,0.445446,0,1,unassigned,12.0,12.0,0.0,1.0,0.0,0.0,0.01934236,0.0,1,0,0,0,0
52369,-1,0,8.874287,0.99986005,1,1,unassigned,30.0,27.0,3.0,0.9,0.1,0.100000024,0.054158606,0.0054158606,0,0,0,1,1
52370,-1,0,-0.4666502,0.38540938,0,1,unassigned,10.0,10.0,0.0,1.0,0.0,0.0,0.015473888,0.0,0,0,0,0,0
52371,-1,0,-0.48094022,0.3820301,0,1,unassigned,4.0,4.0,0.0,1.0,0.0,0.0,0.003868472,0.0,0,0,0,0,0
52372,-1,0,5.956721,0.9974183,1,1,unassigned,4.0,4.0,0.0,1.0,0.0,0.0,0.003868472,0.0,0,0,0,1,1
52373,0,0,0.5904251,0.64346266,1,1,val,2.0,1.0,1.0,0.5,0.5,0.5,0.0,0.0,0,0,0,1,0
52374,-1,0,3.2267,0.9618268,1,1,unassigned,5.0,5.0,0.0,1.0,0.0,0.0,0.0058027077,0.0,0,0,0,1,1
52375,-1,1,0.07637906,0.51908547,1,1,unassigned,8.0,8.0,0.0,1.0,0.0,0.0,0.0116054155,0.0,1,0,0,1,0
52376,-1,1,1.8894248,0.86868995,1,1,unassigned,3.0,3.0,0.0,1.0,0.0,0.0,0.001934236,0.0,1,0,0,1,0
52377,-1,0,-0.28489748,0.42925352,0,1,unassigned,15.0,15.0,0.0,1.0,0.0,0.0,0.025145067,0.0,0,0,0,0,0
52378,-1,1,0.5399719,0.6318059,1,1,unassigned,5.0,5.0,0.0,1.0,0.0,0.0,0.0058027077,0.0,1,0,0,1,0
52379,-1,1,1.0027809,0.73160493,1,1,unassigned,4.0,4.0,0.0,1.0,0.0,0.0,0.003868472,0.0,1,0,0,1,0
52380,-1,0,0.7351015,0.67592376,1,1,unassigned,3.0,3.0,0.0,1.0,0.0,0.0,0.001934236,0.0,0,0,0,1,0
52381,-1,0,2.8354714,0.94456273,1,1,unassigned,3.0,3.0,0.0,1.0,0.0,0.0,0.001934236,0.0,0,0,0,1,1
52382,1,0,2.346913,0.91268855,1,0,unassigned,21.0,20.0,1.0,0.95238096,0.04761905,0.047619045,0.036750484,0.0017500231,0,0,1,1,1
52383,-1,0,0.29594117,0.57345,1,1,unassigned,35.0,34.0,1.0,0.9714286,0.028571429,0.028571427,0.06382979,0.0018237082,0,0,0,1,0
52384,1,0,1.5935054,0.8311087,1,0,unassigned,5.0,5.0,0.0,1.0,0.0,0.0,0.0058027077,0.0,0,0,1,1,0
52385,-1,0,0.9276591,0.71660006,1,1,unassigned,9.0,8.0,1.0,0.8888889,0.11111111,0.111111104,0.013539651,0.0015044058,0,0,0,1,0
52386,-1,1,2.0851517,0.88945156,1,1,unassigned,15.0,15.0,0.0,1.0,0.0,0.0,0.025145067,0.0,1,0,0,1,0
52387,-1,1,5.5525985,0.99613756,1,1,unassigned,7.0,6.0,1.0,0.85714287,0.14285715,0.14285713,0.00967118,0.0013815971,1,0,0,1,1
52388,-1,0,2.9108727,0.9483813,1,1,unassigned,2.0,2.0,0.0,1.0,0.0,0.0,0.0,0.0,0,0,0,1,1
52389,1,0,-0.12307453,0.46927017,0,1,val,15.0,15.0,0.0,1.0,0.0,0.0,0.025145067,0.0,0,0,0,0,0
52390,-1,0,-0.014238417,0.4964404,0,1,unassigned,21.0,21.0,0.0,1.0,0.0,0.0,0.036750484,0.0,0,0,0,0,0
52391,-1,0,4.0304894,0.9825445,1,1,unassigned,3.0,3.0,0.0,1.0,0.0,0.0,0.001934236,0.0,0,0,0,1,1
52392,-1,1,-0.86838627,0.2955902,0,1,unassigned,2.0,2.0,0.0,1.0,0.0,0.0,0.0,0.0,1,0,0,0,0
52393,-1,1,-0.58443373,0.35791302,0,1,unassigned,42.0,42.0,0.0,1.0,0.0,0.0,0.07736944,0.0,1,0,0,0,0
52394,-1,0,-0.21924886,0.44540632,0,1,unassigned,4.0,4.0,0.0,1.0,0.0,0.0,0.003868472,0.0,0,0,0,0,0
52395,-1,0,0.85090846,0.7007577,1,1,unassigned,2.0,2.0,0.0,1.0,0.0,0.0,0.0,0.0,0,0,0,1,0
52396,-1,0,4.588445,0.98993367,1,1,unassigned,2.0,2.0,0.0,1.0,0.0,0.0,0.0,0.0,0,0,0,1,1
52397,-1,1,0.3738141,0.5923803,1,1,unassigned,2.0,2.0,0.0,1.0,0.0,0.0,0.0,0.0,1,0,0,1,0
52398,-1,0,3.9744704,0.98155725,1,1,unassigned,2.0,2.0,0.0,1.0,0.0,0.0,0.0,0.0,0,0,0,1,1
52399,-1,0,-0.3951461,0.4024791,0,1,unassigned,2.0,2.0,0.0,1.0,0.0,0.0,0.0,0.0,0,0,0,0,0
52400,-1,1,1.3392081,0.79235965,1,1,unassigned,10.0,6.0,4.0,0.6,0.4,0.39999998,0.015473888,0.0061895554,1,0,0,1,0
52401,-1,1,-0.07772857,0.48057765,0,1,unassigned,6.0,6.0,0.0,1.0,0.0,0.0,0.007736944,0.0,1,0,0,0,0
52402,0,1,-0.41878796,0.3968068,0,0,unassigned,37.0,32.0,5.0,0.8648649,0.13513513,0.13513511,0.06769826,0.009148413,1,0,1,0,0
52403,-1,1,9.45833,0.9999219,1,1,unassigned,6.0,5.0,1.0,0.8333333,0.16666667,0.16666669,0.007736944,0.0012894907,1,0,0,1,1
52404,0,1,-0.26659533,0.43374315,0,0,unassigned,24.0,24.0,0.0,1.0,0.0,0.0,0.04255319,0.0,1,0,1,0,0
52405,-1,1,2.7070384,0.93744063,1,1,unassigned,10.0,10.0,0.0,1.0,0.0,0.0,0.015473888,0.0,1,0,0,1,1
52406,-1,0,-0.7324767,0.32465148,0,1,unassigned,2.0,2.0,0.0,1.0,0.0,0.0,0.0,0.0,0,0,0,0,0
52407,-1,0,4.6536174,0.9905628,1,1,unassigned,8.0,8.0,0.0,1.0,0.0,0.0,0.0116054155,0.0,0,0,0,1,1
52408,-1,0,2.235085,0.9033562,1,1,unassigned,5.0,4.0,1.0,0.8,0.2,0.19999999,0.0058027077,0.0011605415,0,0,0,1,1
52409,-1,0,1.7677138,0.8541731,1,1,unassigned,4.0,4.0,0.0,1.0,0.0,0.0,0.003868472,0.0,0,0,0,1,0
52410,-1,0,-0.4599742,0.38699195,0,1,unassigned,3.0,3.0,0.0,1.0,0.0,0.0,0.001934236,0.0,0,0,0,0,0
52411,-1,0,-0.51463926,0.3741066,0,1,unassigned,2.0,2.0,0.0,1.0,0.0,0.0,0.0,0.0,0,0,0,0,0
52412,-1,1,0.45121604,0.61092836,1,1,unassigned,11.0,11.0,0.0,1.0,0.0,0.0,0.017408123,0.0,1,0,0,1,0
52413,-1,1,-0.33073682,0.41806135,0,1,unassigned,42.0,42.0,0.0,1.0,0.0,0.0,0.07736944,0.0,1,0,0,0,0
52414,-1,1,0.073693335,0.51841503,1,1,unassigned,2.0,2.0,0.0,1.0,0.0,0.0,0.0,0.0,1,0,0,1,0
52415,-1,0,5.180775,0.9944078,1,1,unassigned,2.0,1.0,1.0,0.5,0.5,0.5,0.0,0.0,0,0,0,1,1
52416,-1,0,-0.30298084,0.42482895,0,1,unassigned,11.0,11.0,0.0,1.0,0.0,0.0,0.017408123,0.0,0,0,0,0,0
52417,-1,0,-0.8167983,0.30644372,0,1,unassigned,45.0,45.0,0.0,1.0,0.0,0.0,0.08317215,0.0,0,0,0,0,0
52418,-1,1,0.9936655,0.7298113,1,1,unassigned,5.0,5.0,0.0,1.0,0.0,0.0,0.0058027077,0.0,1,0,0,1,0
52419,-1,0,-0.5964176,0.3551637,0,1,unassigned,7.0,1.0,6.0,0.14285715,0.85714287,0.85714287,0.00967118,0.008289583,0,0,0,0,0
52420,0,0,-0.5006294,0.37739277,0,0,unassigned,4.0,4.0,0.0,1.0,0.0,0.0,0.003868472,0.0,0,0,1,0,0
52421,-1,0,0.4372986,0.6076151,1,1,unassigned,2.0,2.0,0.0,1.0,0.0,0.0,0.0,0.0,0,0,0,1,0
52422,-1,0,5.8327923,0.99707866,1,1,unassigned,15.0,13.0,2.0,0.8666667,0.13333334,0.13333333,0.025145067,0.0033526758,0,0,0,1,1
52423,-1,0,0.56868607,0.63846,1,1,unassigned,2.0,2.0,0.0,1.0,0.0,0.0,0.0,0.0,0,0,0,1,0
52424,-1,1,-0.35520416,0.41212097,0,1,unassigned,11.0,11.0,0.0,1.0,0.0,0.0,0.017408123,0.0,1,0,0,0,0
52425,-1,1,0.5363311,0.63095856,1,1,unassigned,2.0,2.0,0.0,1.0,0.0,0.0,0.0,0.0,1,0,0,1,0
52426,-1,1,1.2422221,0.77595055,1,1,unassigned,2.0,2.0,0.0,1.0,0.0,0.0,0.0,0.0,1,0,0,1,0
52427,-1,0,2.9278073,0.9492041,1,1,unassigned,2.0,2.0,0.0,1.0,0.0,0.0,0.0,0.0,0,0,0,1,1
52428,-1,0,6.9814363,0.99907184,1,1,unassigned,4.0,3.0,1.0,0.75,0.25,0.25,0.003868472,0.000967118,0,0,0,1,1
52429,-1,0,-0.343503,0.4149588,0,1,unassigned,2.0,1.0,1.0,0.5,0.5,0.5,0.0,0.0,0,0,0,0,0
52430,-1,0,-0.65210027,0.3425164,0,1,unassigned,30.0,29.0,1.0,0.96666664,0.033333335,0.03333336,0.054158606,0.001805287,0,0,0,0,0
52431,-1,0,-0.5204477,0.37274757,0,1,unassigned,33.0,32.0,1.0,0.969697,0.030303031,0.030303001,0.059961315,0.0018170096,0,0,0,0,0
52432,-1,1,-0.35214394,0.41286263,0,1,unassigned,21.0,21.0,0.0,1.0,0.0,0.0,0.036750484,0.0,1,0,0,0,0
52433,1,0,1.5812743,0.8293849,1,0,test,4.0,4.0,0.0,1.0,0.0,0.0,0.003868472,0.0,0,0,1,1,0
52434,-1,0,3.0253818,0.9537077,1,1,unassigned,30.0,30.0,0.0,1.0,0.0,0.0,0.054158606,0.0,0,0,0,1,1
52435,1,1,0.5128738,0.62547994,1,0,unassigned,4.0,4.0,0.0,1.0,0.0,0.0,0.003868472,0.0,1,0,1,1,0
52436,-1,1,1.3847494,0.7997527,1,1,unassigned,2.0,2.0,0.0,1.0,0.0,0.0,0.0,0.0,1,0,0,1,0
52437,0,0,-0.6003083,0.35427314,0,0,unassigned,3.0,3.0,0.0,1.0,0.0,0.0,0.001934236,0.0,0,0,1,0,0
52438,-1,0,0.41913325,0.60327584,1,1,unassigned,7.0,7.0,0.0,1.0,0.0,0.0,0.00967118,0.0,0,0,0,1,0
52439,-1,0,3.97814,0.98162365,1,1,unassigned,4.0,4.0,0.0,1.0,0.0,0.0,0.003868472,0.0,0,0,0,1,1
52440,-1,0,1.2040582,0.7692459,1,1,unassigned,2.0,2.0,0.0,1.0,0.0,0.0,0.0,0.0,0,0,0,1,0
52441,-1,0,3.589061,0.97311836,1,1,unassigned,2.0,2.0,0.0,1.0,0.0,0.0,0.0,0.0,0,0,0,1,1
52442,-1,0,-0.22415128,0.44419563,0,1,unassigned,2.0,1.0,1.0,0.5,0.5,0.5,0.0,0.0,0,0,0,0,0
52443,-1,0,6.275122,0.99812096,1,1,unassigned,2.0,1.0,1.0,0.5,0.5,0.5,0.0,0.0,0,0,0,1,1
52444,-1,1,6.8504796,0.9989422,1,1,unassigned,2.0,2.0,0.0,1.0,0.0,0.0,0.0,0.0,1,0,0,1,1
52445,-1,0,8.850428,0.9998567,1,1,unassigned,2.0,1.0,1.0,0.5,0.5,0.5,0.0,0.0,0,0,0,1,1
52446,0,0,-0.7035972,0.33101517,0,0,unassigned,15.0,14.0,1.0,0.93333334,0.06666667,0.06666666,0.025145067,0.0016763379,0,0,1,0,0
52447,-1,1,0.48230428,0.61829185,1,1,unassigned,15.0,8.0,7.0,0.53333336,0.46666667,0.46666664,0.025145067,0.011734365,1,0,0,1,0
52448,1,0,2.4522605,0.92072654,1,0,test,6.0,6.0,0.0,1.0,0.0,0.0,0.007736944,0.0,0,0,1,1,1
52449,0,0,0.29229003,0.5725567,1,1,unassigned,4.0,4.0,0.0,1.0,0.0,0.0,0.003868472,0.0,0,0,0,1,0
52450,-1,1,-0.30322808,0.42476854,0,1,unassigned,35.0,34.0,1.0,0.9714286,0.028571429,0.028571427,0.06382979,0.0018237082,1,0,0,0,0
52451,-1,1,3.3783557,0.96702117,1,1,unassigned,8.0,8.0,0.0,1.0,0.0,0.0,0.0116054155,0.0,1,0,0,1,1
52452,-1,1,5.318111,0.9951219,1,1,unassigned,14.0,12.0,2.0,0.85714287,0.14285715,0.14285713,0.023210831,0.0033158332,1,0,0,1,1
52453,-1,1,1.7377989,0.8504073,1,1,unassigned,2.0,2.0,0.0,1.0,0.0,0.0,0.0,0.0,1,0,0,1,0
52454,-1,1,1.2174773,0.77161926,1,1,unassigned,2.0,2.0,0.0,1.0,0.0,0.0,0.0,0.0,1,0,0,1,0
52455,-1,0,-0.83042204,0.30355582,0,1,unassigned,2.0,2.0,0.0,1.0,0.0,0.0,0.0,0.0,0,0,0,0,0
52456,-1,1,6.8610005,0.9989532,1,1,unassigned,3.0,2.0,1.0,0.6666667,0.33333334,0.3333333,0.001934236,0.00064474536,1,0,0,1,1
52457,-1,0,-0.4943839,0.3788614,0,1,unassigned,5.0,5.0,0.0,1.0,0.0,0.0,0.0058027077,0.0,0,0,0,0,0
52458,-1,0,-0.3417588,0.41538233,0,1,unassigned,2.0,2.0,0.0,1.0,0.0,0.0,0.0,0.0,0,0,0,0,0
52459,-1,1,1.35292,0.7946066,1,1,unassigned,4.0,4.0,0.0,1.0,0.0,0.0,0.003868472,0.0,1,0,0,1,0
52460,-1,0,1.8176277,0.8602812,1,1,unassigned,4.0,4.0,0.0,1.0,0.0,0.0,0.003868472,0.0,0,0,0,1,0
52461,0,0,-0.28306654,0.42970216,0,0,test,111.0,111.0,0.0,1.0,0.0,0.0,0.21083172,0.0,0,0,1,0,0
52462,-1,0,-0.28270847,0.42978987,0,1,unassigned,2.0,2.0,0.0,1.0,0.0,0.0,0.0,0.0,0,0,0,0,0
52463,-1,1,2.855292,0.9455916,1,1,unassigned,3.0,2.0,1.0,0.6666667,0.33333334,0.3333333,0.001934236,0.00064474536,1,0,0,1,1
52464,-1,1,4.5942664,0.98999155,1,1,unassigned,6.0,4.0,2.0,0.6666667,0.33333334,0.3333333,0.007736944,0.0025789815,1,0,0,1,1
52465,-1,0,6.82188,0.9989115,1,1,unassigned,3.0,3.0,0.0,1.0,0.0,0.0,0.001934236,0.0,0,0,0,1,1
52466,-1,0,-0.045453906,0.48863846,0,1,unassigned,3.0,3.0,0.0,1.0,0.0,0.0,0.001934236,0.0,0,0,0,0,0
52467,-1,1,-0.42147613,0.39616358,0,1,unassigned,2.0,2.0,0.0,1.0,0.0,0.0,0.0,0.0,1,0,0,0,0
52468,-1,1,0.41157418,0.6014653,1,1,unassigned,26.0,21.0,5.0,0.8076923,0.1923077,0.19230771,0.046421662,0.008927243,1,0,0,1,0
52469,-1,0,2.786505,0.9419423,1,1,unassigned,3.0,2.0,1.0,0.6666667,0.33333334,0.3333333,0.001934236,0.00064474536,0,0,0,1,1
52470,-1,1,4.1045394,0.98377013,1,1,unassigned,3.0,3.0,0.0,1.0,0.0,0.0,0.001934236,0.0,1,0,0,1,1
52471,-1,0,-0.06406486,0.48398924,0,1,unassigned,9.0,9.0,0.0,1.0,0.0,0.0,0.013539651,0.0,0,0,0,0,0
52472,1,0,0.06849182,0.51711625,1,0,val,3.0,3.0,0.0,1.0,0.0,0.0,0.001934236,0.0,0,0,1,1,0
52473,-1,1,-0.49049374,0.37977725,0,1,unassigned,3.0,3.0,0.0,1.0,0.0,0.0,0.001934236,0.0,1,0,0,0,0
52474,-1,1,5.2531285,0.9947961,1,1,unassigned,3.0,2.0,1.0,0.6666667,0.33333334,0.3333333,0.001934236,0.00064474536,1,0,0,1,1
52475,-1,1,0.23946953,0.55958295,1,1,unassigned,6.0,6.0,0.0,1.0,0.0,0.0,0.007736944,0.0,1,0,0,1,0
52476,-1,1,0.23681992,0.55892986,1,1,unassigned,2.0,2.0,0.0,1.0,0.0,0.0,0.0,0.0,1,0,0,1,0
52477,-1,1,-0.6551211,0.34183642,0,1,unassigned,46.0,46.0,0.0,1.0,0.0,0.0,0.08510638,0.0,1,0,0,0,0
52478,-1,0,0.700414,0.6682796,1,1,unassigned,2.0,2.0,0.0,1.0,0.0,0.0,0.0,0.0,0,0,0,1,0
52479,-1,0,-0.41317397,0.39815128,0,1,unassigned,35.0,35.0,0.0,1.0,0.0,0.0,0.06382979,0.0,0,0,0,0,0
52480,-1,0,10.468813,0.9999716,1,1,unassigned,3.0,3.0,0.0,1.0,0.0,0.0,0.001934236,0.0,0,0,0,1,1
52481,-1,1,1.7287462,0.849252,1,1,unassigned,32.0,19.0,13.0,0.59375,0.40625,0.40625,0.058027077,0.023573501,1,0,0,1,0
52482,-1,1,-0.46444792,0.3859312,0,1,unassigned,52.0,52.0,0.0,1.0,0.0,0.0,0.0967118,0.0,1,0,0,0,0
52483,-1,0,2.3671596,0.9142885,1,1,unassigned,4.0,4.0,0.0,1.0,0.0,0.0,0.003868472,0.0,0,0,0,1,1
52484,-1,0,1.2263863,0.7731855,1,1,unassigned,2.0,2.0,0.0,1.0,0.0,0.0,0.0,0.0,0,0,0,1,0
52485,-1,0,-0.44187182,0.39129505,0,1,unassigned,3.0,3.0,0.0,1.0,0.0,0.0,0.001934236,0.0,0,0,0,0,0
52486,-1,0,-0.50600076,0.3761315,0,1,unassigned,13.0,13.0,0.0,1.0,0.0,0.0,0.021276595,0.0,0,0,0,0,0
52487,1,0,2.274219,0.9067192,1,0,unassigned,3.0,3.0,0.0,1.0,0.0,0.0,0.001934236,0.0,0,0,1,1,1
52488,-1,0,-0.65141755,0.34267017,0,1,unassigned,5.0,5.0,0.0,1.0,0.0,0.0,0.0058027077,0.0,0,0,0,0,0
52489,-1,1,2.4312506,0.91917944,1,1,unassigned,5.0,5.0,0.0,1.0,0.0,0.0,0.0058027077,0.0,1,0,0,1,1
52490,-1,1,0.56199867,0.63691485,1,1,unassigned,2.0,2.0,0.0,1.0,0.0,0.0,0.0,0.0,1,0,0,1,0
52491,-1,0,0.12531555,0.53128797,1,1,unassigned,7.0,7.0,0.0,1.0,0.0,0.0,0.00967118,0.0,0,0,0,1,0
52492,-1,0,-0.26170895,0.43494368,0,1,unassigned,45.0,45.0,0.0,1.0,0.0,0.0,0.08317215,0.0,0,0,0,0,0
52493,-1,0,1.119179,0.7538364,1,1,unassigned,14.0,14.0,0.0,1.0,0.0,0.0,0.023210831,0.0,0,0,0,1,0
52494,-1,0,0.8572431,0.70208436,1,1,unassigned,14.0,14.0,0.0,1.0,0.0,0.0,0.023210831,0.0,0,0,0,1,0
52495,-1,0,2.1380236,0.8945443,1,1,unassigned,24.0,24.0,0.0,1.0,0.0,0.0,0.04255319,0.0,0,0,0,1,0
52496,-1,0,1.7621391,0.85347736,1,1,unassigned,2.0,2.0,0.0,1.0,0.0,0.0,0.0,0.0,0,0,0,1,0
52497,1,1,0.15506774,0.53868943,1,0,unassigned,6.0,6.0,0.0,1.0,0.0,0.0,0.007736944,0.0,1,0,1,1,0
52498,1,1,-0.7326528,0.32461286,0,1,test,2.0,2.0,0.0,1.0,0.0,0.0,0.0,0.0,1,0,0,0,0
52499,-1,1,1.9750388,0.8781513,1,1,unassigned,8.0,7.0,1.0,0.875,0.125,0.125,0.0116054155,0.0014506769,1,0,0,1,0
52500,-1,0,5.9882197,0.9974981,1,1,unassigned,4.0,2.0,2.0,0.5,0.5,0.5,0.003868472,0.001934236,0,0,0,1,1
52501,-1,1,0.5434579,0.63261646,1,1,unassigned,2.0,2.0,0.0,1.0,0.0,0.0,0.0,0.0,1,0,0,1,0
52502,-1,0,-0.19408688,0.45163006,0,1,unassigned,18.0,18.0,0.0,1.0,0.0,0.0,0.030947777,0.0,0,0,0,0,0
52503,-1,1,2.4004796,0.9168639,1,1,unassigned,2.0,2.0,0.0,1.0,0.0,0.0,0.0,0.0,1,0,0,1,1
52504,-1,1,1.4036589,0.8027639,1,1,unassigned,4.0,4.0,0.0,1.0,0.0,0.0,0.003868472,0.0,1,0,0,1,0
52505,-1,1,-0.71179247,0.32920286,0,1,unassigned,33.0,33.0,0.0,1.0,0.0,0.0,0.059961315,0.0,1,0,0,0,0
52506,-1,1,0.9461482,0.7203399,1,1,unassigned,4.0,4.0,0.0,1.0,0.0,0.0,0.003868472,0.0,1,0,0,1,0
52507,-1,1,2.5000994,0.92414886,1,1,unassigned,15.0,14.0,1.0,0.93333334,0.06666667,0.06666666,0.025145067,0.0016763379,1,0,0,1,1
52508,-1,1,3.408582,0.9679717,1,1,unassigned,2.0,2.0,0.0,1.0,0.0,0.0,0.0,0.0,1,0,0,1,1
52509,1,0,6.4079633,0.9983543,1,0,train,2.0,2.0,0.0,1.0,0.0,0.0,0.0,0.0,0,0,1,1,1
52510,-1,1,3.084885,0.95626485,1,1,unassigned,3.0,3.0,0.0,1.0,0.0,0.0,0.001934236,0.0,1,0,0,1,1
52511,-1,1,0.5471479,0.63347363,1,1,unassigned,11.0,11.0,0.0,1.0,0.0,0.0,0.017408123,0.0,1,0,0,1,0
52512,-1,1,-0.65135974,0.34268317,0,1,unassigned,27.0,27.0,0.0,1.0,0.0,0.0,0.0483559,0.0,1,0,0,0,0
52513,-1,0,-0.27980134,0.4305025,0,1,unassigned,14.0,14.0,0.0,1.0,0.0,0.0,0.023210831,0.0,0,0,0,0,0
52514,-1,1,-0.21226195,0.4471329,0,1,unassigned,8.0,8.0,0.0,1.0,0.0,0.0,0.0116054155,0.0,1,0,0,0,0
52515,-1,0,-0.29566687,0.42661712,0,1,unassigned,7.0,7.0,0.0,1.0,0.0,0.0,0.00967118,0.0,0,0,0,0,0
52516,-1,0,11.724169,0.9999919,1,1,unassigned,5.0,3.0,2.0,0.6,0.4,0.39999998,0.0058027077,0.002321083,0,0,0,1,1
52517,-1,1,3.172684,0.9597933,1,1,unassigned,3.0,3.0,0.0,1.0,0.0,0.0,0.001934236,0.0,1,0,0,1,1
52518,-1,1,6.3625693,0.998278,1,1,unassigned,2.0,2.0,0.0,1.0,0.0,0.0,0.0,0.0,1,0,0,1,1
52519,-1,1,-0.42212242,0.396009,0,1,unassigned,19.0,19.0,0.0,1.0,0.0,0.0,0.032882012,0.0,1,0,0,0,0
52520,-1,1,-0.39484107,0.40255243,0,1,unassigned,9.0,8.0,1.0,0.8888889,0.11111111,0.111111104,0.013539651,0.0015044058,1,0,0,0,0
52521,-1,1,-0.37029696,0.40846926,0,1,unassigned,30.0,29.0,1.0,0.96666664,0.033333335,0.03333336,0.054158606,0.001805287,1,0,0,0,0
52522,-1,0,-0.9850263,0.27189562,0,1,unassigned,9.0,9.0,0.0,1.0,0.0,0.0,0.013539651,0.0,0,0,0,0,0
52523,1,0,2.288675,0.9079347,1,0,val,17.0,17.0,0.0,1.0,0.0,0.0,0.029013539,0.0,0,0,1,1,1
52524,-1,0,-0.21968395,0.44529882,0,1,unassigned,9.0,9.0,0.0,1.0,0.0,0.0,0.013539651,0.0,0,0,0,0,0
52525,-1,0,2.9203398,0.94884276,1,1,unassigned,8.0,8.0,0.0,1.0,0.0,0.0,0.0116054155,0.0,0,0,0,1,1
52526,-1,0,-0.8349751,0.30259416,0,1,unassigned,2.0,2.0,0.0,1.0,0.0,0.0,0.0,0.0,0,0,0,0,0
52527,1,1,0.79414016,0.68871963,1,0,val,17.0,15.0,2.0,0.88235295,0.11764706,0.11764705,0.029013539,0.0034133575,1,0,1,1,0
52528,-1,1,6.262885,0.99809784,1,1,unassigned,16.0,14.0,2.0,0.875,0.125,0.125,0.027079303,0.0033849129,1,0,0,1,1
52529,-1,1,2.2523773,0.90485543,1,1,unassigned,15.0,15.0,0.0,1.0,0.0,0.0,0.025145067,0.0,1,0,0,1,1
52530,-1,0,2.6332214,0.93296933,1,1,unassigned,4.0,4.0,0.0,1.0,0.0,0.0,0.003868472,0.0,0,0,0,1,1
52531,-1,1,0.96770984,0.7246628,1,1,unassigned,5.0,5.0,0.0,1.0,0.0,0.0,0.0058027077,0.0,1,0,0,1,0
52532,-1,0,-0.3234481,0.41983563,0,1,unassigned,28.0,28.0,0.0,1.0,0.0,0.0,0.050290134,0.0,0,0,0,0,0
52533,1,0,1.5968297,0.8315748,1,0,val,15.0,14.0,1.0,0.93333334,0.06666667,0.06666666,0.025145067,0.0016763379,0,0,1,1,0
52534,-1,0,0.098890126,0.5247024,1,1,unassigned,20.0,20.0,0.0,1.0,0.0,0.0,0.034816246,0.0,0,0,0,1,0
52535,-1,1,-0.71588516,0.32829973,0,1,unassigned,35.0,31.0,4.0,0.8857143,0.114285715,0.11428571,0.06382979,0.0072948327,1,0,0,0,0
52536,-1,1,-0.82800114,0.30406788,0,1,unassigned,49.0,49.0,0.0,1.0,0.0,0.0,0.09090909,0.0,1,0,0,0,0
52537,-1,1,0.41576546,0.6024695,1,1,unassigned,118.0,117.0,1.0,0.9915254,0.008474576,0.008474588,0.22437137,0.0019014523,1,0,0,1,0
52538,-1,0,-0.0993315,0.47518754,0,1,unassigned,4.0,4.0,0.0,1.0,0.0,0.0,0.003868472,0.0,0,0,0,0,0
52539,0,1,-0.85660547,0.29804903,0,0,test,38.0,36.0,2.0,0.94736844,0.05263158,0.052631557,0.06963249,0.0036648682,1,0,1,0,0
52540,-1,0,2.963772,0.9509104,1,1,unassigned,21.0,21.0,0.0,1.0,0.0,0.0,0.036750484,0.0,0,0,0,1,1
52541,-1,1,1.1864812,0.76611114,1,1,unassigned,28.0,27.0,1.0,0.96428573,0.035714287,0.03571427,0.050290134,0.0017960763,1,0,0,1,0
52542,-1,1,-0.5327962,0.36986494,0,1,unassigned,22.0,22.0,0.0,1.0,0.0,0.0,0.03868472,0.0,1,0,0,0,0
52543,-1,0,0.9470485,0.7205212,1,1,unassigned,33.0,32.0,1.0,0.969697,0.030303031,0.030303001,0.059961315,0.0018170096,0,0,0,1,0
52544,-1,1,7.011967,0.99909985,1,1,unassigned,6.0,4.0,2.0,0.6666667,0.33333334,0.3333333,0.007736944,0.0025789815,1,0,0,1,1
52545,-1,1,-0.8569546,0.29797602,0,1,unassigned,62.0,62.0,0.0,1.0,0.0,0.0,0.116054155,0.0,1,0,0,0,0
52546,-1,1,1.8876188,0.8684837,1,1,unassigned,4.0,4.0,0.0,1.0,0.0,0.0,0.003868472,0.0,1,0,0,1,0
52547,-1,0,-0.7001549,0.33177787,0,1,unassigned,5.0,5.0,0.0,1.0,0.0,0.0,0.0058027077,0.0,0,0,0,0,0
52548,-1,1,4.424022,0.9881561,1,1,unassigned,12.0,12.0,0.0,1.0,0.0,0.0,0.01934236,0.0,1,0,0,1,1
52549,-1,1,-0.5310418,0.37027395,0,1,unassigned,32.0,31.0,1.0,0.96875,0.03125,0.03125,0.058027077,0.0018133462,1,0,0,0,0
52550,-1,1,6.2355647,0.9980453,1,1,unassigned,4.0,4.0,0.0,1.0,0.0,0.0,0.003868472,0.0,1,0,0,1,1
52551,-1,0,4.750193,0.99142414,1,1,unassigned,2.0,2.0,0.0,1.0,0.0,0.0,0.0,0.0,0,0,0,1,1
52552,-1,0,2.621316,0.9322209,1,1,unassigned,6.0,6.0,0.0,1.0,0.0,0.0,0.007736944,0.0,0,0,0,1,1
52553,-1,1,-0.54924333,0.36603996,0,1,unassigned,12.0,12.0,0.0,1.0,0.0,0.0,0.01934236,0.0,1,0,0,0,0
52554,0,1,-0.9079515,0.2874192,0,0,val,18.0,18.0,0.0,1.0,0.0,0.0,0.030947777,0.0,1,0,1,0,0
52555,-1,1,-0.75784767,0.31911373,0,1,unassigned,122.0,119.0,3.0,0.97540987,0.024590164,0.024590135,0.23210831,0.0057075815,1,0,0,0,0
52556,-1,0,0.3954329,0.59758985,1,1,unassigned,16.0,14.0,2.0,0.875,0.125,0.125,0.027079303,0.0033849129,0,0,0,1,0
52557,-1,0,0.19802725,0.5493457,1,1,unassigned,19.0,16.0,3.0,0.84210527,0.15789473,0.15789473,0.032882012,0.0051918966,0,0,0,1,0
52558,-1,0,-0.49263874,0.37927216,0,1,unassigned,20.0,18.0,2.0,0.9,0.1,0.100000024,0.034816246,0.0034816246,0,0,0,0,0
52559,1,0,4.5233464,0.98926383,1,0,val,2.0,2.0,0.0,1.0,0.0,0.0,0.0,0.0,0,0,1,1,1
52560,-1,0,-0.8727329,0.29468596,0,1,unassigned,11.0,11.0,0.0,1.0,0.0,0.0,0.017408123,0.0,0,0,0,0,0
52561,-1,1,0.111472666,0.52783936,1,1,unassigned,4.0,3.0,1.0,0.75,0.25,0.25,0.003868472,0.000967118,1,0,0,1,0
52562,-1,0,1.5746381,0.82844377,1,1,unassigned,11.0,11.0,0.0,1.0,0.0,0.0,0.017408123,0.0,0,0,0,1,0
52563,-1,0,-0.09661111,0.47586602,0,1,unassigned,6.0,5.0,1.0,0.8333333,0.16666667,0.16666669,0.007736944,0.0012894907,0,0,0,0,0
52564,-1,0,0.7681392,0.6831182,1,1,unassigned,6.0,5.0,1.0,0.8333333,0.16666667,0.16666669,0.007736944,0.0012894907,0,0,0,1,0
52565,-1,0,-0.48334774,0.3814619,0,1,unassigned,10.0,10.0,0.0,1.0,0.0,0.0,0.015473888,0.0,0,0,0,0,0
52566,-1,1,0.16587776,0.5413746,1,1,unassigned,22.0,22.0,0.0,1.0,0.0,0.0,0.03868472,0.0,1,0,0,1,0
52567,-1,0,5.7407603,0.996798,1,1,unassigned,26.0,22.0,4.0,0.84615386,0.15384616,0.15384614,0.046421662,0.0071417945,0,0,0,1,1
52568,-1,0,1.7612875,0.85337085,1,1,unassigned,3.0,3.0,0.0,1.0,0.0,0.0,0.001934236,0.0,0,0,0,1,0
52569,-1,1,-0.526917,0.3712362,0,1,unassigned,28.0,28.0,0.0,1.0,0.0,0.0,0.050290134,0.0,1,0,0,0,0
52570,1,0,0.52797514,0.62901074,1,0,val,6.0,6.0,0.0,1.0,0.0,0.0,0.007736944,0.0,0,0,1,1,0
52571,0,1,-0.7468101,0.32151675,0,0,unassigned,21.0,21.0,0.0,1.0,0.0,0.0,0.036750484,0.0,1,0,1,0,0
52572,-1,1,-0.95586246,0.27770737,0,1,unassigned,25.0,25.0,0.0,1.0,0.0,0.0,0.044487428,0.0,1,0,0,0,0
52573,1,0,1.7567387,0.8528008,1,0,test,6.0,5.0,1.0,0.8333333,0.16666667,0.16666669,0.007736944,0.0012894907,0,0,1,1,0
52574,-1,0,4.908915,0.9926736,1,1,unassigned,2.0,2.0,0.0,1.0,0.0,0.0,0.0,0.0,0,0,0,1,1
52575,-1,0,0.5887087,0.64306885,1,1,unassigned,2.0,2.0,0.0,1.0,0.0,0.0,0.0,0.0,0,0,0,1,0
52576,-1,0,1.8968751,0.8695375,1,1,unassigned,4.0,3.0,1.0,0.75,0.25,0.25,0.003868472,0.000967118,0,0,0,1,0
52577,-1,1,-0.54356164,0.36735943,0,1,unassigned,21.0,21.0,0.0,1.0,0.0,0.0,0.036750484,0.0,1,0,0,0,0
52578,-1,1,-1.015533,0.26589844,0,1,unassigned,5.0,5.0,0.0,1.0,0.0,0.0,0.0058027077,0.0,1,0,0,0,0
52579,-1,1,4.984077,0.9932005,1,1,unassigned,23.0,21.0,2.0,0.9130435,0.08695652,0.0869565,0.040618956,0.0035320832,1,0,0,1,1
52580,-1,0,8.916645,0.9998659,1,1,unassigned,28.0,25.0,3.0,0.89285713,0.10714286,0.107142866,0.050290134,0.0053882287,0,0,0,1,1
52581,-1,1,-0.48887303,0.38015914,0,1,unassigned,37.0,36.0,1.0,0.972973,0.027027028,0.02702701,0.06769826,0.0018296828,1,0,0,0,0
52582,-1,0,-0.17679784,0.4559153,0,1,unassigned,17.0,17.0,0.0,1.0,0.0,0.0,0.029013539,0.0,0,0,0,0,0
52583,-1,0,0.41215283,0.601604,1,1,unassigned,3.0,3.0,0.0,1.0,0.0,0.0,0.001934236,0.0,0,0,0,1,0
52584,-1,0,1.6671636,0.8411973,1,1,unassigned,4.0,2.0,2.0,0.5,0.5,0.5,0.003868472,0.001934236,0,0,0,1,0
52585,-1,1,-0.070209205,0.48245493,0,1,unassigned,43.0,42.0,1.0,0.9767442,0.023255814,0.023255825,0.079303674,0.0018442714,1,0,0,0,0
52586,-1,0,7.911221,0.99963355,1,1,unassigned,10.0,8.0,2.0,0.8,0.2,0.19999999,0.015473888,0.0030947777,0,0,0,1,1
52587,-1,0,6.5717854,0.9986027,1,1,unassigned,6.0,6.0,0.0,1.0,0.0,0.0,0.007736944,0.0,0,0,0,1,1
52588,-1,0,2.0851285,0.8894493,1,1,unassigned,3.0,3.0,0.0,1.0,0.0,0.0,0.001934236,0.0,0,0,0,1,0
52589,-1,0,3.3895032,0.9673749,1,1,unassigned,4.0,3.0,1.0,0.75,0.25,0.25,0.003868472,0.000967118,0,0,0,1,1
52590,-1,1,0.11519688,0.5287674,1,1,unassigned,26.0,26.0,0.0,1.0,0.0,0.0,0.046421662,0.0,1,0,0,1,0
52591,-1,0,4.627026,0.9903109,1,1,unassigned,3.0,3.0,0.0,1.0,0.0,0.0,0.001934236,0.0,0,0,0,1,1
52592,-1,1,6.883057,0.9989761,1,1,unassigned,5.0,4.0,1.0,0.8,0.2,0.19999999,0.0058027077,0.0011605415,1,0,0,1,1
52593,-1,0,2.6602323,0.93463886,1,1,unassigned,3.0,2.0,1.0,0.6666667,0.33333334,0.3333333,0.001934236,0.00064474536,0,0,0,1,1
52594,-1,0,0.25629526,0.5637254,1,1,unassigned,28.0,28.0,0.0,1.0,0.0,0.0,0.050290134,0.0,0,0,0,1,0
52595,-1,0,3.4740222,0.9699395,1,1,unassigned,9.0,9.0,0.0,1.0,0.0,0.0,0.013539651,0.0,0,0,0,1,1
52596,-1,0,-0.15446103,0.4614613,0,1,unassigned,2.0,2.0,0.0,1.0,0.0,0.0,0.0,0.0,0,0,0,0,0
52597,-1,0,3.083327,0.9561997,1,1,unassigned,2.0,2.0,0.0,1.0,0.0,0.0,0.0,0.0,0,0,0,1,1
52598,-1,0,2.3469603,0.9126923,1,1,unassigned,5.0,5.0,0.0,1.0,0.0,0.0,0.0058027077,0.0,0,0,0,1,1
52599,-1,0,0.12969357,0.532378,1,1,unassigned,3.0,3.0,0.0,1.0,0.0,0.0,0.001934236,0.0,0,0,0,1,0
52600,-1,0,2.6393874,0.93335384,1,1,unassigned,5.0,5.0,0.0,1.0,0.0,0.0,0.0058027077,0.0,0,0,0,1,1
52601,-1,0,3.7364652,0.9767169,1,1,unassigned,4.0,4.0,0.0,1.0,0.0,0.0,0.003868472,0.0,0,0,0,1,1
52602,-1,0,6.390754,0.99832577,1,1,unassigned,6.0,6.0,0.0,1.0,0.0,0.0,0.007736944,0.0,0,0,0,1,1
52603,-1,1,1.2821331,0.78281265,1,1,unassigned,6.0,6.0,0.0,1.0,0.0,0.0,0.007736944,0.0,1,0,0,1,0
52604,-1,1,10.892729,0.9999814,1,1,unassigned,2.0,1.0,1.0,0.5,0.5,0.5,0.0,0.0,1,0,0,1,1
52605,-1,1,-0.5902359,0.35658076,0,1,unassigned,12.0,12.0,0.0,1.0,0.0,0.0,0.01934236,0.0,1,0,0,0,0
52606,-1,1,0.63085717,0.6526838,1,1,unassigned,3.0,3.0,0.0,1.0,0.0,0.0,0.001934236,0.0,1,0,0,1,0
52607,-1,0,0.52197987,0.62761056,1,1,unassigned,9.0,9.0,0.0,1.0,0.0,0.0,0.013539651,0.0,0,0,0,1,0
52608,-1,0,2.401022,0.9169052,1,1,unassigned,24.0,19.0,5.0,0.7916667,0.20833333,0.20833331,0.04255319,0.0088652475,0,0,0,1,1
52609,0,0,-0.42041543,0.39641735,0,0,val,26.0,23.0,3.0,0.88461536,0.115384616,0.11538464,0.046421662,0.005356346,0,0,1,0,0
52610,-1,0,0.21412134,0.5533267,1,1,unassigned,4.0,4.0,0.0,1.0,0.0,0.0,0.003868472,0.0,0,0,0,1,0
52611,-1,1,3.7071059,0.97603977,1,1,unassigned,6.0,6.0,0.0,1.0,0.0,0.0,0.007736944,0.0,1,0,0,1,1
52612,-1,0,-0.793661,0.31138313,0,1,unassigned,80.0,78.0,2.0,0.975,0.025,0.024999976,0.15087041,0.0037717603,0,0,0,0,0
52613,-1,1,-0.40383232,0.40039194,0,1,unassigned,9.0,9.0,0.0,1.0,0.0,0.0,0.013539651,0.0,1,0,0,0,0
52614,-1,1,0.6873489,0.66537696,1,1,unassigned,63.0,60.0,3.0,0.95238096,0.04761905,0.047619045,0.11798839,0.005618495,1,0,0,1,0
52615,-1,0,-0.51512796,0.37399217,0,1,unassigned,23.0,22.0,1.0,0.95652175,0.04347826,0.04347825,0.040618956,0.0017660416,0,0,0,0,0
52616,-1,0,0.24437958,0.5607927,1,1,unassigned,2.0,2.0,0.0,1.0,0.0,0.0,0.0,0.0,0,0,0,1,0
52617,-1,0,1.499742,0.81753606,1,1,unassigned,3.0,3.0,0.0,1.0,0.0,0.0,0.001934236,0.0,0,0,0,1,0
52618,-1,1,-0.54521215,0.36697596,0,1,unassigned,30.0,28.0,2.0,0.93333334,0.06666667,0.06666666,0.054158606,0.003610574,1,0,0,0,0
52619,-1,0,7.874615,0.99961984,1,1,unassigned,2.0,2.0,0.0,1.0,0.0,0.0,0.0,0.0,0,0,0,1,1
52620,-1,0,-0.10885915,0.47281206,0,1,unassigned,38.0,38.0,0.0,1.0,0.0,0.0,0.06963249,0.0,0,0,0,0,0
52621,-1,0,2.041826,0.8851191,1,1,unassigned,9.0,9.0,0.0,1.0,0.0,0.0,0.013539651,0.0,0,0,0,1,0
52622,-1,0,-0.79482645,0.31113327,0,1,unassigned,17.0,17.0,0.0,1.0,0.0,0.0,0.029013539,0.0,0,0,0,0,0
52623,-1,0,-0.046150863,0.48846433,0,1,unassigned,27.0,27.0,0.0,1.0,0.0,0.0,0.0483559,0.0,0,0,0,0,0
52624,1,0,-0.262348,0.43478662,0,1,val,71.0,69.0,2.0,0.97183096,0.028169014,0.028169036,0.13346228,0.0037595008,0,0,0,0,0
52625,-1,0,0.77877575,0.6854162,1,1,unassigned,16.0,16.0,0.0,1.0,0.0,0.0,0.027079303,0.0,0,0,0,1,0
52626,-1,0,4.1191325,0.9840015,1,1,unassigned,12.0,10.0,2.0,0.8333333,0.16666667,0.16666669,0.01934236,0.0032237265,0,0,0,1,1
52627,0,0,-0.8051614,0.30892253,0,0,test,11.0,10.0,1.0,0.90909094,0.09090909,0.090909064,0.017408123,0.0015825568,0,0,1,0,0
52628,-1,1,0.06757891,0.5168883,1,1,unassigned,50.0,49.0,1.0,0.98,0.02,0.01999998,0.092843324,0.0018568664,1,0,0,1,0
52629,-1,0,0.071983695,0.51798815,1,1,unassigned,4.0,4.0,0.0,1.0,0.0,0.0,0.003868472,0.0,0,0,0,1,0
52630,-1,1,-0.2802832,0.43038437,0,1,unassigned,2.0,2.0,0.0,1.0,0.0,0.0,0.0,0.0,1,0,0,0,0
52631,-1,1,2.1809533,0.89852595,1,1,unassigned,11.0,10.0,1.0,0.90909094,0.09090909,0.090909064,0.017408123,0.0015825568,1,0,0,1,0
52632,-1,0,3.3004797,0.9644453,1,1,unassigned,3.0,3.0,0.0,1.0,0.0,0.0,0.001934236,0.0,0,0,0,1,1
52633,-1,0,-0.9013638,0.28877032,0,1,unassigned,2.0,2.0,0.0,1.0,0.0,0.0,0.0,0.0,0,0,0,0,0
52634,-1,0,0.20155662,0.55021924,1,1,unassigned,2.0,2.0,0.0,1.0,0.0,0.0,0.0,0.0,0,0,0,1,0
52635,-1,0,-0.027005136,0.49324912,0,1,unassigned,7.0,7.0,0.0,1.0,0.0,0.0,0.00967118,0.0,0,0,0,0,0
52636,-1,1,2.9169326,0.9486772,1,1,unassigned,18.0,18.0,0.0,1.0,0.0,0.0,0.030947777,0.0,1,0,0,1,1
52637,-1,0,4.041573,0.9827336,1,1,unassigned,4.0,4.0,0.0,1.0,0.0,0.0,0.003868472,0.0,0,0,0,1,1
52638,-1,1,2.9751577,0.9514392,1,1,unassigned,25.0,22.0,3.0,0.88,0.12,0.120000005,0.044487428,0.0053384914,1,0,0,1,1
52639,-1,0,-0.34419295,0.4147913,0,1,unassigned,4.0,4.0,0.0,1.0,0.0,0.0,0.003868472,0.0,0,0,0,0,0
52640,-1,1,0.359945,0.5890271,1,1,unassigned,3.0,3.0,0.0,1.0,0.0,0.0,0.001934236,0.0,1,0,0,1,0
52641,-1,0,6.214949,0.99800473,1,1,unassigned,2.0,2.0,0.0,1.0,0.0,0.0,0.0,0.0,0,0,0,1,1
52642,-1,0,-0.44248948,0.39114794,0,1,unassigned,7.0,7.0,0.0,1.0,0.0,0.0,0.00967118,0.0,0,0,0,0,0
52643,-1,0,5.6085567,0.996347,1,1,unassigned,3.0,3.0,0.0,1.0,0.0,0.0,0.001934236,0.0,0,0,0,1,1
52644,-1,1,3.4812105,0.9701484,1,1,unassigned,7.0,7.0,0.0,1.0,0.0,0.0,0.00967118,0.0,1,0,0,1,1
52645,-1,1,-0.36155626,0.41058287,0,1,unassigned,15.0,14.0,1.0,0.93333334,0.06666667,0.06666666,0.025145067,0.0016763379,1,0,0,0,0
52646,-1,0,0.40910882,0.6008741,1,1,unassigned,6.0,6.0,0.0,1.0,0.0,0.0,0.007736944,0.0,0,0,0,1,0
52647,-1,0,1.4686468,0.81285167,1,1,unassigned,23.0,22.0,1.0,0.95652175,0.04347826,0.04347825,0.040618956,0.0017660416,0,0,0,1,0
52648,-1,0,3.1106489,0.95732987,1,1,unassigned,2.0,1.0,1.0,0.5,0.5,0.5,0.0,0.0,0,0,0,1,1
52649,-1,0,1.1481383,0.75917065,1,1,unassigned,18.0,17.0,1.0,0.9444444,0.055555556,0.055555582,0.030947777,0.0017193209,0,0,0,1,0
52650,-1,0,-0.124298364,0.46896532,0,1,unassigned,27.0,27.0,0.0,1.0,0.0,0.0,0.0483559,0.0,0,0,0,0,0
52651,-1,0,1.4335513,0.80745405,1,1,unassigned,8.0,8.0,0.0,1.0,0.0,0.0,0.0116054155,0.0,0,0,0,1,0
52652,0,1,-0.91609997,0.28575322,0,0,val,10.0,10.0,0.0,1.0,0.0,0.0,0.015473888,0.0,1,0,1,0,0
52653,-1,0,-0.30146897,0.42519844,0,1,unassigned,28.0,27.0,1.0,0.96428573,0.035714287,0.03571427,0.050290134,0.0017960763,0,0,0,0,0
52654,-1,0,1.4216251,0.805593,1,1,unassigned,4.0,4.0,0.0,1.0,0.0,0.0,0.003868472,0.0,0,0,0,1,0
52655,-1,0,-0.49471134,0.37878433,0,1,unassigned,52.0,52.0,0.0,1.0,0.0,0.0,0.0967118,0.0,0,0,0,0,0
52656,-1,1,2.8986676,0.9477805,1,1,unassigned,13.0,13.0,0.0,1.0,0.0,0.0,0.021276595,0.0,1,0,0,1,1
52657,-1,0,0.04002416,0.5100047,1,1,unassigned,17.0,17.0,0.0,1.0,0.0,0.0,0.029013539,0.0,0,0,0,1,0
52658,-1,1,-0.8016249,0.30967805,0,1,unassigned,49.0,47.0,2.0,0.9591837,0.040816326,0.040816307,0.09090909,0.0037105752,1,0,0,0,0
52659,-1,1,4.136931,0.98427933,1,1,unassigned,47.0,43.0,4.0,0.9148936,0.08510638,0.08510637,0.08704062,0.007407712,1,0,0,1,1
52660,-1,1,3.5974448,0.9733368,1,1,unassigned,29.0,29.0,0.0,1.0,0.0,0.0,0.05222437,0.0,1,0,0,1,1
52661,-1,0,-0.22335741,0.44439167,0,1,unassigned,18.0,18.0,0.0,1.0,0.0,0.0,0.030947777,0.0,0,0,0,0,0
52662,-1,1,0.056374967,0.51409,1,1,unassigned,79.0,72.0,7.0,0.9113924,0.088607594,0.08860761,0.14893617,0.013196875,1,0,0,1,0
52663,-1,0,-0.25892207,0.43562874,0,1,unassigned,8.0,8.0,0.0,1.0,0.0,0.0,0.0116054155,0.0,0,0,0,0,0
52664,0,1,-0.9657479,0.27572885,0,0,unassigned,11.0,11.0,0.0,1.0,0.0,0.0,0.017408123,0.0,1,0,1,0,0
52665,-1,0,-0.022582114,0.4943547,0,1,unassigned,6.0,6.0,0.0,1.0,0.0,0.0,0.007736944,0.0,0,0,0,0,0
52666,-1,0,0.27169794,0.56750965,1,1,unassigned,25.0,25.0,0.0,1.0,0.0,0.0,0.044487428,0.0,0,0,0,1,0
52667,-1,0,2.130795,0.89386046,1,1,unassigned,4.0,4.0,0.0,1.0,0.0,0.0,0.003868472,0.0,0,0,0,1,0
52668,-1,1,2.649134,0.9339576,1,1,unassigned,7.0,2.0,5.0,0.2857143,0.71428573,0.71428573,0.00967118,0.0069079855,1,0,0,1,1
52669,-1,0,-0.8875751,0.29161048,0,1,unassigned,21.0,21.0,0.0,1.0,0.0,0.0,0.036750484,0.0,0,0,0,0,0
52670,-1,0,4.157388,0.98459274,1,1,unassigned,2.0,2.0,0.0,1.0,0.0,0.0,0.0,0.0,0,0,0,1,1
52671,-1,0,2.0914764,0.890072,1,1,unassigned,12.0,10.0,2.0,0.8333333,0.16666667,0.16666669,0.01934236,0.0032237265,0,0,0,1,0
52672,-1,1,5.5803313,0.9962429,1,1,unassigned,12.0,5.0,7.0,0.41666666,0.5833333,0.5833334,0.01934236,0.011283043,1,0,0,1,1
52673,-1,1,-0.03295523,0.49176195,0,1,unassigned,5.0,5.0,0.0,1.0,0.0,0.0,0.0058027077,0.0,1,0,0,0,0
52674,-1,1,-0.045559406,0.48861212,0,1,unassigned,2.0,2.0,0.0,1.0,0.0,0.0,0.0,0.0,1,0,0,0,0
52675,-1,1,1.3760986,0.79836375,1,1,unassigned,10.0,10.0,0.0,1.0,0.0,0.0,0.015473888,0.0,1,0,0,1,0
52676,-1,1,-0.39277583,0.40304926,0,1,unassigned,3.0,3.0,0.0,1.0,0.0,0.0,0.001934236,0.0,1,0,0,0,0
52677,1,1,4.575399,0.98980284,1,0,test,6.0,3.0,3.0,0.5,0.5,0.5,0.007736944,0.003868472,1,0,1,1,1
52678,-1,0,0.95176464,0.72146994,1,1,unassigned,2.0,2.0,0.0,1.0,0.0,0.0,0.0,0.0,0,0,0,1,0
52679,-1,1,9.243527,0.9999033,1,1,unassigned,2.0,2.0,0.0,1.0,0.0,0.0,0.0,0.0,1,0,0,1,1
52680,0,0,-0.56840426,0.3616051,0,0,train,29.0,29.0,0.0,1.0,0.0,0.0,0.05222437,0.0,0,0,1,0,0
52681,-1,1,5.8434033,0.9971095,1,1,unassigned,2.0,1.0,1.0,0.5,0.5,0.5,0.0,0.0,1,0,0,1,1
52682,1,0,5.4688516,0.9958016,1,0,unassigned,2.0,2.0,0.0,1.0,0.0,0.0,0.0,0.0,0,0,1,1,1
52683,-1,0,-0.0091513395,0.49771217,0,1,unassigned,2.0,2.0,0.0,1.0,0.0,0.0,0.0,0.0,0,0,0,0,0
52684,-1,0,0.52141446,0.6274784,1,1,unassigned,2.0,2.0,0.0,1.0,0.0,0.0,0.0,0.0,0,0,0,1,0
52685,-1,0,-0.3610663,0.41070142,0,1,unassigned,6.0,6.0,0.0,1.0,0.0,0.0,0.007736944,0.0,0,0,0,0,0
52686,-1,1,5.910628,0.99729687,1,1,unassigned,5.0,4.0,1.0,0.8,0.2,0.19999999,0.0058027077,0.0011605415,1,0,0,1,1
52687,-1,0,1.2117519,0.7706088,1,1,unassigned,3.0,3.0,0.0,1.0,0.0,0.0,0.001934236,0.0,0,0,0,1,0
52688,-1,0,-0.52721584,0.37116647,0,1,unassigned,8.0,7.0,1.0,0.875,0.125,0.125,0.0116054155,0.0014506769,0,0,0,0,0
52689,-1,0,-0.75804687,0.31907046,0,1,unassigned,43.0,43.0,0.0,1.0,0.0,0.0,0.079303674,0.0,0,0,0,0,0
52690,-1,1,-0.4512554,0.38906235,0,1,unassigned,4.0,4.0,0.0,1.0,0.0,0.0,0.003868472,0.0,1,0,0,0,0
52691,-1,0,-0.17602819,0.45610622,0,1,unassigned,16.0,16.0,0.0,1.0,0.0,0.0,0.027079303,0.0,0,0,0,0,0
52692,-1,1,0.33074975,0.5819418,1,1,unassigned,37.0,35.0,2.0,0.9459459,0.054054055,0.05405408,0.06769826,0.0036593657,1,0,0,1,0
52693,-1,0,-0.35555533,0.4120359,0,1,unassigned,2.0,2.0,0.0,1.0,0.0,0.0,0.0,0.0,0,0,0,0,0
52694,0,0,-0.47200105,0.38414273,0,0,unassigned,30.0,29.0,1.0,0.96666664,0.033333335,0.03333336,0.054158606,0.001805287,0,0,1,0,0
52695,-1,0,-0.060819745,0.48479974,0,1,unassigned,2.0,2.0,0.0,1.0,0.0,0.0,0.0,0.0,0,0,0,0,0
52696,-1,0,-0.88819283,0.2914829,0,1,unassigned,2.0,2.0,0.0,1.0,0.0,0.0,0.0,0.0,0,0,0,0,0
52697,-1,0,7.7900357,0.9995863,1,1,unassigned,3.0,3.0,0.0,1.0,0.0,0.0,0.001934236,0.0,0,0,0,1,1
52698,0,0,-0.39715263,0.4019966,0,0,val,2.0,2.0,0.0,1.0,0.0,0.0,0.0,0.0,0,0,1,0,0
52699,-1,0,0.47062093,0.6155307,1,1,unassigned,2.0,2.0,0.0,1.0,0.0,0.0,0.0,0.0,0,0,0,1,0
52700,-1,1,3.8423874,0.97900784,1,1,unassigned,6.0,6.0,0.0,1.0,0.0,0.0,0.007736944,0.0,1,0,0,1,1
52701,-1,1,4.129253,0.98416,1,1,unassigned,8.0,8.0,0.0,1.0,0.0,0.0,0.0116054155,0.0,1,0,0,1,1
52702,-1,0,-0.28054532,0.43032008,0,1,unassigned,5.0,5.0,0.0,1.0,0.0,0.0,0.0058027077,0.0,0,0,0,0,0
52703,0,0,-0.7918363,0.3117745,0,0,val,2.0,1.0,1.0,0.5,0.5,0.5,0.0,0.0,0,0,1,0,0
52704,-1,0,0.52141446,0.6274784,1,1,unassigned,2.0,2.0,0.0,1.0,0.0,0.0,0.0,0.0,0,0,0,1,0
52705,-1,1,1.2897122,0.78409845,1,1,unassigned,2.0,1.0,1.0,0.5,0.5,0.5,0.0,0.0,1,0,0,1,0
52706,-1,0,2.9810216,0.95170933,1,1,unassigned,19.0,19.0,0.0,1.0,0.0,0.0,0.032882012,0.0,0,0,0,1,1
52707,-1,0,-0.115161836,0.4712413,0,1,unassigned,18.0,18.0,0.0,1.0,0.0,0.0,0.030947777,0.0,0,0,0,0,0
52708,1,0,8.969208,0.9998727,1,0,train,2.0,2.0,0.0,1.0,0.0,0.0,0.0,0.0,0,0,1,1,1
52709,-1,0,9.696254,0.9999385,1,1,unassigned,2.0,2.0,0.0,1.0,0.0,0.0,0.0,0.0,0,0,0,1,1
52710,-1,1,2.1403258,0.89476126,1,1,unassigned,8.0,8.0,0.0,1.0,0.0,0.0,0.0116054155,0.0,1,0,0,1,0
52711,1,0,0.028329074,0.5070818,1,0,unassigned,15.0,15.0,0.0,1.0,0.0,0.0,0.025145067,0.0,0,0,1,1,0
52712,-1,0,-0.30385387,0.42461562,0,1,unassigned,6.0,6.0,0.0,1.0,0.0,0.0,0.007736944,0.0,0,0,0,0,0
52713,-1,0,0.7512117,0.67944264,1,1,unassigned,5.0,5.0,0.0,1.0,0.0,0.0,0.0058027077,0.0,0,0,0,1,0
52714,-1,0,-0.0052393675,0.49869016,0,1,unassigned,18.0,18.0,0.0,1.0,0.0,0.0,0.030947777,0.0,0,0,0,0,0
52715,-1,0,0.08147997,0.5203587,1,1,unassigned,34.0,33.0,1.0,0.9705882,0.029411765,0.029411793,0.061895553,0.0018204574,0,0,0,1,0
52716,-1,0,-0.6408289,0.34505922,0,1,unassigned,20.0,20.0,0.0,1.0,0.0,0.0,0.034816246,0.0,0,0,0,0,0
52717,-1,0,4.4555492,0.9885194,1,1,unassigned,19.0,18.0,1.0,0.94736844,0.05263158,0.052631557,0.032882012,0.0017306323,0,0,0,1,1
52718,1,1,1.0743937,0.7454316,1,0,val,8.0,6.0,2.0,0.75,0.25,0.25,0.0116054155,0.0029013539,1,0,1,1,0
52719,0,0,-0.41258883,0.39829153,0,0,test,13.0,13.0,0.0,1.0,0.0,0.0,0.021276595,0.0,0,0,1,0,0
52720,-1,0,-0.07549709,0.48113468,0,1,unassigned,7.0,7.0,0.0,1.0,0.0,0.0,0.00967118,0.0,0,0,0,0,0
52721,-1,0,-0.46377563,0.38609052,0,1,unassigned,2.0,2.0,0.0,1.0,0.0,0.0,0.0,0.0,0,0,0,0,0
52722,-1,0,1.6668487,0.84115523,1,1,unassigned,2.0,1.0,1.0,0.5,0.5,0.5,0.0,0.0,0,0,0,1,0
52723,0,0,-0.68414176,0.33533755,0,0,test,9.0,9.0,0.0,1.0,0.0,0.0,0.013539651,0.0,0,0,1,0,0
52724,-1,1,-0.64712,0.34363887,0,1,unassigned,38.0,36.0,2.0,0.94736844,0.05263158,0.052631557,0.06963249,0.0036648682,1,0,0,0,0
52725,1,0,-0.7301091,0.3251708,0,1,test,3.0,3.0,0.0,1.0,0.0,0.0,0.001934236,0.0,0,0,0,0,0
52726,-1,1,-0.3649475,0.40976247,0,1,unassigned,3.0,3.0,0.0,1.0,0.0,0.0,0.001934236,0.0,1,0,0,0,0
52727,-1,1,2.1173527,0.8925784,1,1,unassigned,2.0,2.0,0.0,1.0,0.0,0.0,0.0,0.0,1,0,0,1,0
52728,-1,1,1.0729225,0.7451523,1,1,unassigned,4.0,4.0,0.0,1.0,0.0,0.0,0.003868472,0.0,1,0,0,1,0
52729,-1,1,-0.23712751,0.44099432,0,1,unassigned,27.0,27.0,0.0,1.0,0.0,0.0,0.0483559,0.0,1,0,0,0,0
52730,0,0,-0.21125185,0.4473826,0,0,test,32.0,31.0,1.0,0.96875,0.03125,0.03125,0.058027077,0.0018133462,0,0,1,0,0
52731,-1,0,0.13553798,0.53383267,1,1,unassigned,23.0,23.0,0.0,1.0,0.0,0.0,0.040618956,0.0,0,0,0,1,0
52732,1,0,0.30862623,0.5765499,1,0,val,26.0,26.0,0.0,1.0,0.0,0.0,0.046421662,0.0,0,0,1,1,0
52733,-1,0,-0.08150405,0.47963527,0,1,unassigned,20.0,20.0,0.0,1.0,0.0,0.0,0.034816246,0.0,0,0,0,0,0
52734,-1,0,1.1683333,0.7628436,1,1,unassigned,44.0,44.0,0.0,1.0,0.0,0.0,0.08123791,0.0,0,0,0,1,0
52735,-1,0,1.0475793,0.7403098,1,1,unassigned,2.0,2.0,0.0,1.0,0.0,0.0,0.0,0.0,0,0,0,1,0
52736,-1,0,-0.9546952,0.27794155,0,1,unassigned,2.0,2.0,0.0,1.0,0.0,0.0,0.0,0.0,0,0,0,0,0
52737,-1,0,-0.06281954,0.4843003,0,1,unassigned,14.0,14.0,0.0,1.0,0.0,0.0,0.023210831,0.0,0,0,0,0,0
52738,-1,0,-0.09967238,0.47510254,0,1,unassigned,15.0,15.0,0.0,1.0,0.0,0.0,0.025145067,0.0,0,0,0,0,0
52739,-1,1,0.8647693,0.70365614,1,1,unassigned,5.0,4.0,1.0,0.8,0.2,0.19999999,0.0058027077,0.0011605415,1,0,0,1,0
52740,1,1,0.2588488,0.5643533,1,0,train,9.0,8.0,1.0,0.8888889,0.11111111,0.111111104,0.013539651,0.0015044058,1,0,1,1,0
52741,1,0,1.4971728,0.81715244,1,0,unassigned,2.0,2.0,0.0,1.0,0.0,0.0,0.0,0.0,0,0,1,1,0
52742,-1,1,-0.84534204,0.3004109,0,1,unassigned,76.0,74.0,2.0,0.9736842,0.02631579,0.026315808,0.14313346,0.0037666701,1,0,0,0,0
52743,-1,0,-0.8908931,0.29092556,0,1,unassigned,20.0,20.0,0.0,1.0,0.0,0.0,0.034816246,0.0,0,0,0,0,0
52744,-1,0,5.476524,0.9958335,1,1,unassigned,2.0,2.0,0.0,1.0,0.0,0.0,0.0,0.0,0,0,0,1,1
52745,-1,0,4.2255793,0.98559374,1,1,unassigned,4.0,3.0,1.0,0.75,0.25,0.25,0.003868472,0.000967118,0,0,0,1,1
52746,-1,0,0.1971839,0.5491369,1,1,unassigned,3.0,3.0,0.0,1.0,0.0,0.0,0.001934236,0.0,0,0,0,1,0
52747,-1,0,0.3095662,0.57677937,1,1,unassigned,37.0,37.0,0.0,1.0,0.0,0.0,0.06769826,0.0,0,0,0,1,0
52748,-1,0,2.224672,0.90244323,1,1,unassigned,2.0,2.0,0.0,1.0,0.0,0.0,0.0,0.0,0,0,0,1,1
52749,-1,1,-0.19234204,0.4520622,0,1,unassigned,10.0,10.0,0.0,1.0,0.0,0.0,0.015473888,0.0,1,0,0,0,0
52750,-1,0,5.947942,0.99739563,1,1,unassigned,6.0,6.0,0.0,1.0,0.0,0.0,0.007736944,0.0,0,0,0,1,1
52751,-1,1,0.17619938,0.54393625,1,1,unassigned,7.0,7.0,0.0,1.0,0.0,0.0,0.00967118,0.0,1,0,0,1,0
52752,-1,0,2.6942475,0.93668634,1,1,unassigned,2.0,2.0,0.0,1.0,0.0,0.0,0.0,0.0,0,0,0,1,1
52753,-1,0,1.0611968,0.7429192,1,1,unassigned,4.0,4.0,0.0,1.0,0.0,0.0,0.003868472,0.0,0,0,0,1,0
52754,-1,0,1.835212,0.86238146,1,1,unassigned,17.0,17.0,0.0,1.0,0.0,0.0,0.029013539,0.0,0,0,0,1,0
52755,-1,0,2.650853,0.93406355,1,1,unassigned,16.0,16.0,0.0,1.0,0.0,0.0,0.027079303,0.0,0,0,0,1,1
52756,-1,0,4.774267,0.9916264,1,1,unassigned,4.0,4.0,0.0,1.0,0.0,0.0,0.003868472,0.0,0,0,0,1,1
52757,-1,1,-0.24598908,0.43881097,0,1,unassigned,2.0,2.0,0.0,1.0,0.0,0.0,0.0,0.0,1,0,0,0,0
52758,-1,0,-0.43388918,0.39319804,0,1,unassigned,39.0,35.0,4.0,0.8974359,0.102564104,0.1025641,0.07156673,0.0073401774,0,0,0,0,0
52759,-1,0,3.6402552,0.9744256,1,1,unassigned,2.0,2.0,0.0,1.0,0.0,0.0,0.0,0.0,0,0,0,1,1
52760,-1,0,1.917814,0.8718944,1,1,unassigned,8.0,8.0,0.0,1.0,0.0,0.0,0.0116054155,0.0,0,0,0,1,0
52761,-1,0,1.948319,0.8752633,1,1,unassigned,3.0,3.0,0.0,1.0,0.0,0.0,0.001934236,0.0,0,0,0,1,0
52762,-1,0,0.071630895,0.5179001,1,1,unassigned,15.0,15.0,0.0,1.0,0.0,0.0,0.025145067,0.0,0,0,0,1,0
52763,-1,0,2.0510352,0.8860522,1,1,unassigned,2.0,2.0,0.0,1.0,0.0,0.0,0.0,0.0,0,0,0,1,0
52764,1,0,-0.26404008,0.43437085,0,1,unassigned,11.0,11.0,0.0,1.0,0.0,0.0,0.017408123,0.0,0,0,0,0,0
52765,-1,0,0.26043046,0.5647421,1,1,unassigned,40.0,39.0,1.0,0.975,0.025,0.024999976,0.07350097,0.0018375242,0,0,0,1,0
52766,-1,1,-0.24410534,0.4392749,0,1,unassigned,63.0,62.0,1.0,0.984127,0.015873017,0.015873015,0.11798839,0.0018728317,1,0,0,0,0
52767,-1,1,-0.40592772,0.399889,0,1,unassigned,25.0,25.0,0.0,1.0,0.0,0.0,0.044487428,0.0,1,0,0,0,0
52768,-1,1,-0.27030635,0.4328319,0,1,unassigned,17.0,17.0,0.0,1.0,0.0,0.0,0.029013539,0.0,1,0,0,0,0
52769,-1,1,-0.78809893,0.312577,0,1,unassigned,20.0,20.0,0.0,1.0,0.0,0.0,0.034816246,0.0,1,0,0,0,0
52770,-1,0,2.8774354,0.94671965,1,1,unassigned,3.0,3.0,0.0,1.0,0.0,0.0,0.001934236,0.0,0,0,0,1,1
52771,-1,1,2.2992127,0.90881187,1,1,unassigned,90.0,75.0,15.0,0.8333333,0.16666667,0.16666669,0.17021276,0.028368793,1,0,0,1,1
52772,0,0,0.18332666,0.5457037,1,1,train,18.0,18.0,0.0,1.0,0.0,0.0,0.030947777,0.0,0,0,0,1,0
52773,-1,1,-0.9033023,0.28837234,0,1,unassigned,43.0,43.0,0.0,1.0,0.0,0.0,0.079303674,0.0,1,0,0,0,0
52774,0,0,-0.17568305,0.45619184,0,0,test,5.0,5.0,0.0,1.0,0.0,0.0,0.0058027077,0.0,0,0,1,0,0
52775,-1,1,2.3645089,0.91408056,1,1,unassigned,13.0,7.0,6.0,0.53846157,0.46153846,0.46153843,0.021276595,0.009819967,1,0,0,1,1
52776,-1,0,0.49098128,0.6203376,1,1,unassigned,2.0,2.0,0.0,1.0,0.0,0.0,0.0,0.0,0,0,0,1,0
52777,-1,0,-0.3800555,0.40611354,0,1,unassigned,13.0,13.0,0.0,1.0,0.0,0.0,0.021276595,0.0,0,0,0,0,0
52778,-1,0,-0.8918278,0.29073277,0,1,unassigned,36.0,35.0,1.0,0.9722222,0.027777778,0.027777791,0.065764025,0.0018267785,0,0,0,0,0
52779,-1,0,3.8838665,0.97984356,1,1,unassigned,5.0,5.0,0.0,1.0,0.0,0.0,0.0058027077,0.0,0,0,0,1,1
52780,-1,1,-0.0794718,0.4801425,0,1,unassigned,7.0,6.0,1.0,0.85714287,0.14285715,0.14285713,0.00967118,0.0013815971,1,0,0,0,0
52781,-1,0,0.09232479,0.5230648,1,1,unassigned,17.0,17.0,0.0,1.0,0.0,0.0,0.029013539,0.0,0,0,0,1,0
52782,-1,1,2.818115,0.94364697,1,1,unassigned,5.0,3.0,2.0,0.6,0.4,0.39999998,0.0058027077,0.002321083,1,0,0,1,1
52783,-1,0,0.078911364,0.5197176,1,1,unassigned,2.0,2.0,0.0,1.0,0.0,0.0,0.0,0.0,0,0,0,1,0
52784,-1,0,-0.48215172,0.38174415,0,1,unassigned,2.0,2.0,0.0,1.0,0.0,0.0,0.0,0.0,0,0,0,0,0
52785,-1,1,8.047766,0.9996803,1,1,unassigned,2.0,1.0,1.0,0.5,0.5,0.5,0.0,0.0,1,0,0,1,1
52786,-1,0,-0.18660912,0.45348263,0,1,unassigned,2.0,2.0,0.0,1.0,0.0,0.0,0.0,0.0,0,0,0,0,0
52787,-1,0,0.26798594,0.56659836,1,1,unassigned,9.0,6.0,3.0,0.6666667,0.33333334,0.3333333,0.013539651,0.004513217,0,0,0,1,0
52788,-1,0,-0.20993012,0.44770932,0,1,unassigned,4.0,4.0,0.0,1.0,0.0,0.0,0.003868472,0.0,0,0,0,0,0
52789,0,1,-0.80357766,0.30926076,0,0,train,25.0,25.0,0.0,1.0,0.0,0.0,0.044487428,0.0,1,0,1,0,0
52790,-1,1,-0.9144276,0.2860947,0,1,unassigned,67.0,67.0,0.0,1.0,0.0,0.0,0.12572534,0.0,1,0,0,0,0
52791,-1,1,-0.88607633,0.29192019,0,1,unassigned,39.0,39.0,0.0,1.0,0.0,0.0,0.07156673,0.0,1,0,0,0,0
52792,-1,1,-0.90699446,0.28761524,0,1,unassigned,41.0,41.0,0.0,1.0,0.0,0.0,0.07543521,0.0,1,0,0,0,0
52793,-1,1,0.42137265,0.6038117,1,1,unassigned,4.0,3.0,1.0,0.75,0.25,0.25,0.003868472,0.000967118,1,0,0,1,0
52794,-1,1,-0.9302152,0.28288105,0,1,unassigned,42.0,42.0,0.0,1.0,0.0,0.0,0.07736944,0.0,1,0,0,0,0
52795,-1,1,-0.88354856,0.29244298,0,1,unassigned,63.0,61.0,2.0,0.96825397,0.031746034,0.03174603,0.11798839,0.0037456634,1,0,0,0,0
52796,0,1,-0.044997633,0.4887525,0,0,unassigned,29.0,29.0,0.0,1.0,0.0,0.0,0.05222437,0.0,1,0,1,0,0
52797,-1,0,0.47430474,0.61640215,1,1,unassigned,3.0,3.0,0.0,1.0,0.0,0.0,0.001934236,0.0,0,0,0,1,0
52798,-1,0,-0.016887724,0.49577814,0,1,unassigned,2.0,2.0,0.0,1.0,0.0,0.0,0.0,0.0,0,0,0,0,0
52799,-1,0,-0.013896644,0.49652588,0,1,unassigned,2.0,2.0,0.0,1.0,0.0,0.0,0.0,0.0,0,0,0,0,0
52800,-1,0,-0.25824654,0.43579474,0,1,unassigned,3.0,3.0,0.0,1.0,0.0,0.0,0.001934236,0.0,0,0,0,0,0
52801,-1,0,-0.1869832,0.45338994,0,1,unassigned,69.0,66.0,3.0,0.95652175,0.04347826,0.04347825,0.1295938,0.005634513,0,0,0,0,0
52802,-1,0,0.15041953,0.5375341,1,1,unassigned,12.0,12.0,0.0,1.0,0.0,0.0,0.01934236,0.0,0,0,0,1,0
52803,-1,0,-0.4275356,0.39471498,0,1,unassigned,4.0,4.0,0.0,1.0,0.0,0.0,0.003868472,0.0,0,0,0,0,0
52804,-1,1,-0.00209558,0.49947608,0,1,unassigned,4.0,1.0,3.0,0.25,0.75,0.75,0.003868472,0.002901354,1,0,0,0,0
52805,0,1,-0.06661755,0.48335174,0,0,unassigned,10.0,4.0,6.0,0.4,0.6,0.6,0.015473888,0.009284333,1,0,1,0,0
52806,-1,0,-0.7167295,0.3281136,0,1,unassigned,4.0,3.0,1.0,0.75,0.25,0.25,0.003868472,0.000967118,0,0,0,0,0
52807,1,1,5.1191487,0.9940545,1,0,unassigned,18.0,15.0,3.0,0.8333333,0.16666667,0.16666669,0.030947777,0.005157963,1,0,1,1,1
52808,-1,0,0.92508847,0.7160778,1,1,unassigned,2.0,1.0,1.0,0.5,0.5,0.5,0.0,0.0,0,0,0,1,0
52809,-1,0,4.006821,0.9821339,1,1,unassigned,3.0,3.0,0.0,1.0,0.0,0.0,0.001934236,0.0,0,0,0,1,1
52810,-1,0,1.0944939,0.74922705,1,1,unassigned,4.0,4.0,0.0,1.0,0.0,0.0,0.003868472,0.0,0,0,0,1,0
52811,-1,0,-0.06618041,0.48346093,0,1,unassigned,10.0,10.0,0.0,1.0,0.0,0.0,0.015473888,0.0,0,0,0,0,0
52812,-1,1,1.9420431,0.8745764,1,1,unassigned,2.0,2.0,0.0,1.0,0.0,0.0,0.0,0.0,1,0,0,1,0
52813,-1,0,-0.6591094,0.34093967,0,1,unassigned,10.0,10.0,0.0,1.0,0.0,0.0,0.015473888,0.0,0,0,0,0,0
52814,-1,1,-0.24034053,0.44020241,0,1,unassigned,45.0,43.0,2.0,0.95555556,0.044444446,0.04444444,0.08317215,0.0036965401,1,0,0,0,0
52815,-1,0,2.4945817,0.92376107,1,1,unassigned,5.0,4.0,1.0,0.8,0.2,0.19999999,0.0058027077,0.0011605415,0,0,0,1,1
52816,-1,0,-0.54500794,0.36702335,0,1,unassigned,24.0,24.0,0.0,1.0,0.0,0.0,0.04255319,0.0,0,0,0,0,0
52817,-1,0,-0.73038226,0.32511085,0,1,unassigned,21.0,21.0,0.0,1.0,0.0,0.0,0.036750484,0.0,0,0,0,0,0
52818,-1,1,-0.15834582,0.46049607,0,1,unassigned,11.0,10.0,1.0,0.90909094,0.09090909,0.090909064,0.017408123,0.0015825568,1,0,0,0,0
52819,-1,1,3.070975,0.95567954,1,1,unassigned,15.0,15.0,0.0,1.0,0.0,0.0,0.025145067,0.0,1,0,0,1,1
52820,-1,0,-0.22746241,0.44337833,0,1,unassigned,6.0,5.0,1.0,0.8333333,0.16666667,0.16666669,0.007736944,0.0012894907,0,0,0,0,0
52821,-1,0,4.0925508,0.9835776,1,1,unassigned,2.0,2.0,0.0,1.0,0.0,0.0,0.0,0.0,0,0,0,1,1
52822,-1,1,3.2382271,0.9622477,1,1,unassigned,6.0,6.0,0.0,1.0,0.0,0.0,0.007736944,0.0,1,0,0,1,1
52823,-1,0,2.1145556,0.8923099,1,1,unassigned,3.0,3.0,0.0,1.0,0.0,0.0,0.001934236,0.0,0,0,0,1,0
52824,-1,1,1.3352771,0.7917122,1,1,unassigned,3.0,1.0,2.0,0.33333334,0.6666667,0.6666666,0.001934236,0.0012894907,1,0,0,1,0
52825,-1,0,-0.3318482,0.41779098,0,1,unassigned,16.0,16.0,0.0,1.0,0.0,0.0,0.027079303,0.0,0,0,0,0,0
52826,-1,1,-0.56800103,0.3616982,0,1,unassigned,49.0,46.0,3.0,0.93877554,0.06122449,0.06122446,0.09090909,0.005565863,1,0,0,0,0
52827,1,0,-0.3422011,0.41527492,0,1,unassigned,27.0,27.0,0.0,1.0,0.0,0.0,0.0483559,0.0,0,0,0,0,0
52828,-1,0,-0.58080345,0.35874772,0,1,unassigned,27.0,26.0,1.0,0.962963,0.037037037,0.037037015,0.0483559,0.0017909593,0,0,0,0,0
52829,1,1,0.547149,0.6334739,1,0,test,9.0,8.0,1.0,0.8888889,0.11111111,0.111111104,0.013539651,0.0015044058,1,0,1,1,0
52830,-1,1,-0.93383753,0.2821468,0,1,unassigned,4.0,4.0,0.0,1.0,0.0,0.0,0.003868472,0.0,1,0,0,0,0
52831,-1,1,1.5441749,0.8240708,1,1,unassigned,5.0,5.0,0.0,1.0,0.0,0.0,0.0058027077,0.0,1,0,0,1,0
52832,-1,1,0.72034305,0.6726825,1,1,unassigned,17.0,17.0,0.0,1.0,0.0,0.0,0.029013539,0.0,1,0,0,1,0
52833,0,1,-0.251672,0.43741202,0,0,train,65.0,61.0,4.0,0.93846154,0.06153846,0.061538458,0.12185687,0.007498884,1,0,1,0,0
52834,-1,1,-0.6283927,0.34787506,0,1,unassigned,25.0,20.0,5.0,0.8,0.2,0.19999999,0.044487428,0.008897486,1,0,0,0,0
52835,-1,1,8.22249,0.9997315,1,1,unassigned,4.0,3.0,1.0,0.75,0.25,0.25,0.003868472,0.000967118,1,0,0,1,1
52836,-1,1,4.7551427,0.99146616,1,1,unassigned,8.0,4.0,4.0,0.5,0.5,0.5,0.0116054155,0.0058027077,1,0,0,1,1
52837,-1,1,-0.3273665,0.41888154,0,1,unassigned,121.0,102.0,19.0,0.8429752,0.1570248,0.1570248,0.23017408,0.03614304,1,0,0,0,0
52838,-1,0,5.8192687,0.9970391,1,1,unassigned,2.0,1.0,1.0,0.5,0.5,0.5,0.0,0.0,0,0,0,1,1
52839,-1,0,3.905989,0.98027575,1,1,unassigned,5.0,4.0,1.0,0.8,0.2,0.19999999,0.0058027077,0.0011605415,0,0,0,1,1
52840,-1,0,-0.26217505,0.4348291,0,1,unassigned,27.0,27.0,0.0,1.0,0.0,0.0,0.0483559,0.0,0,0,0,0,0
52841,-1,0,1.5901153,0.8306323,1,1,unassigned,4.0,4.0,0.0,1.0,0.0,0.0,0.003868472,0.0,0,0,0,1,0
52842,-1,0,-0.7716844,0.31611484,0,1,unassigned,5.0,4.0,1.0,0.8,0.2,0.19999999,0.0058027077,0.0011605415,0,0,0,0,0
52843,-1,0,0.5388647,0.6315483,1,1,unassigned,24.0,21.0,3.0,0.875,0.125,0.125,0.04255319,0.005319149,0,0,0,1,0
52844,-1,1,0.4361542,0.6073423,1,1,unassigned,8.0,7.0,1.0,0.875,0.125,0.125,0.0116054155,0.0014506769,1,0,0,1,0
52845,-1,0,-0.2019245,0.44968972,0,1,unassigned,3.0,3.0,0.0,1.0,0.0,0.0,0.001934236,0.0,0,0,0,0,0
52846,-1,0,4.4223804,0.9881368,1,1,unassigned,6.0,6.0,0.0,1.0,0.0,0.0,0.007736944,0.0,0,0,0,1,1
52847,-1,1,-0.00087302923,0.4997817,0,1,unassigned,3.0,1.0,2.0,0.33333334,0.6666667,0.6666666,0.001934236,0.0012894907,1,0,0,0,0
52848,-1,0,1.4404747,0.8085281,1,1,unassigned,2.0,2.0,0.0,1.0,0.0,0.0,0.0,0.0,0,0,0,1,0
52849,-1,1,-0.81630373,0.30654883,0,1,unassigned,24.0,23.0,1.0,0.9583333,0.041666668,0.041666687,0.04255319,0.0017730496,1,0,0,0,0
52850,-1,1,-0.8641743,0.29646796,0,1,unassigned,4.0,4.0,0.0,1.0,0.0,0.0,0.003868472,0.0,1,0,0,0,0
52851,-1,1,-0.8167654,0.3064507,0,1,unassigned,102.0,100.0,2.0,0.98039216,0.019607844,0.019607842,0.1934236,0.0037926198,1,0,0,0,0
52852,-1,1,-0.771,0.3162628,0,1,unassigned,41.0,40.0,1.0,0.9756098,0.024390243,0.02439022,0.07543521,0.001839883,1,0,0,0,0
52853,1,1,-0.8733304,0.29456177,0,1,unassigned,81.0,80.0,1.0,0.9876543,0.012345679,0.012345672,0.15280464,0.0018864771,1,0,0,0,0
52854,-1,0,-0.854373,0.29851633,0,1,unassigned,3.0,3.0,0.0,1.0,0.0,0.0,0.001934236,0.0,0,0,0,0,0
52855,-1,1,-0.8400309,0.30152828,0,1,unassigned,76.0,74.0,2.0,0.9736842,0.02631579,0.026315808,0.14313346,0.0037666701,1,0,0,0,0
52856,-1,1,-0.85145885,0.29912692,0,1,unassigned,71.0,70.0,1.0,0.9859155,0.014084507,0.014084518,0.13346228,0.0018797504,1,0,0,0,0
52857,-1,0,-0.51793104,0.37333617,0,1,unassigned,45.0,45.0,0.0,1.0,0.0,0.0,0.08317215,0.0,0,0,0,0,0
52858,-1,0,-0.7643865,0.3176947,0,1,unassigned,7.0,7.0,0.0,1.0,0.0,0.0,0.00967118,0.0,0,0,0,0,0
52859,-1,0,-0.26567584,0.43396896,0,1,unassigned,12.0,12.0,0.0,1.0,0.0,0.0,0.01934236,0.0,0,0,0,0,0
52860,-1,1,-0.12974533,0.4676091,0,1,unassigned,23.0,22.0,1.0,0.95652175,0.04347826,0.04347825,0.040618956,0.0017660416,1,0,0,0,0
52861,-1,0,3.4200666,0.96832573,1,1,unassigned,8.0,8.0,0.0,1.0,0.0,0.0,0.0116054155,0.0,0,0,0,1,1
52862,-1,0,1.6229634,0.83520347,1,1,unassigned,3.0,2.0,1.0,0.6666667,0.33333334,0.3333333,0.001934236,0.00064474536,0,0,0,1,0
52863,-1,0,0.83723205,0.69788194,1,1,unassigned,4.0,3.0,1.0,0.75,0.25,0.25,0.003868472,0.000967118,0,0,0,1,0
52864,-1,1,4.293839,0.98653144,1,1,unassigned,9.0,9.0,0.0,1.0,0.0,0.0,0.013539651,0.0,1,0,0,1,1
52865,-1,1,0.74354035,0.67776954,1,1,unassigned,3.0,3.0,0.0,1.0,0.0,0.0,0.001934236,0.0,1,0,0,1,0
52866,-1,0,1.049998,0.7407746,1,1,unassigned,2.0,2.0,0.0,1.0,0.0,0.0,0.0,0.0,0,0,0,1,0
52867,-1,0,-0.521165,0.37257984,0,1,unassigned,2.0,2.0,0.0,1.0,0.0,0.0,0.0,0.0,0,0,0,0,0
52868,-1,1,3.1413214,0.9585654,1,1,unassigned,16.0,14.0,2.0,0.875,0.125,0.125,0.027079303,0.0033849129,1,0,0,1,1
52869,-1,0,-0.3012011,0.42526388,0,1,unassigned,6.0,6.0,0.0,1.0,0.0,0.0,0.007736944,0.0,0,0,0,0,0
52870,0,1,-0.08103603,0.47975206,0,0,val,52.0,49.0,3.0,0.9423077,0.057692308,0.05769229,0.0967118,0.005579527,1,0,1,0,0
52871,-1,1,7.4102607,0.9993954,1,1,unassigned,29.0,25.0,4.0,0.86206895,0.13793103,0.13793105,0.05222437,0.0072033615,1,0,0,1,1
52872,-1,0,0.041457593,0.5103629,1,1,unassigned,2.0,2.0,0.0,1.0,0.0,0.0,0.0,0.0,0,0,0,1,0
52873,-1,1,1.8525033,0.8644208,1,1,unassigned,12.0,12.0,0.0,1.0,0.0,0.0,0.01934236,0.0,1,0,0,1,0
52874,-1,1,-0.063366175,0.48416376,0,1,unassigned,18.0,18.0,0.0,1.0,0.0,0.0,0.030947777,0.0,1,0,0,0,0
52875,-1,1,2.6607072,0.9346679,1,1,unassigned,2.0,2.0,0.0,1.0,0.0,0.0,0.0,0.0,1,0,0,1,1
52876,0,0,0.19781494,0.5492931,1,1,val,4.0,4.0,0.0,1.0,0.0,0.0,0.003868472,0.0,0,0,0,1,0
52877,-1,0,-0.05070728,0.4873259,0,1,unassigned,7.0,7.0,0.0,1.0,0.0,0.0,0.00967118,0.0,0,0,0,0,0
52878,-1,1,0.12548453,0.53133005,1,1,unassigned,4.0,4.0,0.0,1.0,0.0,0.0,0.003868472,0.0,1,0,0,1,0
52879,0,0,-0.27486175,0.43171397,0,0,test,14.0,14.0,0.0,1.0,0.0,0.0,0.023210831,0.0,0,0,1,0,0
52880,-1,0,-0.31114787,0.42283455,0,1,unassigned,56.0,56.0,0.0,1.0,0.0,0.0,0.10444874,0.0,0,0,0,0,0
52881,-1,0,2.4772296,0.92253006,1,1,unassigned,9.0,9.0,0.0,1.0,0.0,0.0,0.013539651,0.0,0,0,0,1,1
52882,-1,0,1.4258287,0.8062506,1,1,unassigned,18.0,17.0,1.0,0.9444444,0.055555556,0.055555582,0.030947777,0.0017193209,0,0,0,1,0
52883,-1,0,3.2080443,0.9611358,1,1,unassigned,6.0,5.0,1.0,0.8333333,0.16666667,0.16666669,0.007736944,0.0012894907,0,0,0,1,1
52884,-1,0,-0.32072347,0.42049944,0,1,unassigned,4.0,4.0,0.0,1.0,0.0,0.0,0.003868472,0.0,0,0,0,0,0
52885,-1,0,-0.08462888,0.4788554,0,1,unassigned,4.0,4.0,0.0,1.0,0.0,0.0,0.003868472,0.0,0,0,0,0,0
52886,-1,0,2.059499,0.88690394,1,1,unassigned,3.0,3.0,0.0,1.0,0.0,0.0,0.001934236,0.0,0,0,0,1,0
52887,-1,0,0.099282205,0.5248002,1,1,unassigned,19.0,19.0,0.0,1.0,0.0,0.0,0.032882012,0.0,0,0,0,1,0
52888,-1,0,-0.48719758,0.38055396,0,1,unassigned,7.0,7.0,0.0,1.0,0.0,0.0,0.00967118,0.0,0,0,0,0,0
52889,-1,0,7.963183,0.999652,1,1,unassigned,5.0,4.0,1.0,0.8,0.2,0.19999999,0.0058027077,0.0011605415,0,0,0,1,1
52890,-1,0,-0.31525776,0.42183188,0,1,unassigned,2.0,2.0,0.0,1.0,0.0,0.0,0.0,0.0,0,0,0,0,0
52891,-1,1,0.19404024,0.54835844,1,1,unassigned,23.0,19.0,4.0,0.82608694,0.17391305,0.17391306,0.040618956,0.0070641665,1,0,0,1,0
52892,-1,0,-0.6504108,0.34289697,0,1,unassigned,12.0,12.0,0.0,1.0,0.0,0.0,0.01934236,0.0,0,0,0,0,0
52893,-1,1,-0.15455377,0.46143827,0,1,unassigned,2.0,2.0,0.0,1.0,0.0,0.0,0.0,0.0,1,0,0,0,0
52894,-1,0,0.15352774,0.5383067,1,1,unassigned,13.0,13.0,0.0,1.0,0.0,0.0,0.021276595,0.0,0,0,0,1,0
52895,-1,0,1.9797354,0.878653,1,1,unassigned,3.0,3.0,0.0,1.0,0.0,0.0,0.001934236,0.0,0,0,0,1,0
52896,1,1,3.9143026,0.98043597,1,0,val,11.0,9.0,2.0,0.8181818,0.18181819,0.18181819,0.017408123,0.0031651135,1,0,1,1,1
52897,-1,0,-0.7991453,0.31020838,0,1,unassigned,4.0,4.0,0.0,1.0,0.0,0.0,0.003868472,0.0,0,0,0,0,0
52898,-1,0,-0.79863954,0.31031662,0,1,unassigned,6.0,6.0,0.0,1.0,0.0,0.0,0.007736944,0.0,0,0,0,0,0
52899,-1,0,-0.4359852,0.39269802,0,1,unassigned,50.0,50.0,0.0,1.0,0.0,0.0,0.092843324,0.0,0,0,0,0,0
52900,-1,0,-0.54818267,0.36628613,0,1,unassigned,5.0,5.0,0.0,1.0,0.0,0.0,0.0058027077,0.0,0,0,0,0,0
52901,-1,0,-0.13587508,0.46608338,0,1,unassigned,52.0,52.0,0.0,1.0,0.0,0.0,0.0967118,0.0,0,0,0,0,0
52902,-1,1,1.7085493,0.84664804,1,1,unassigned,5.0,2.0,3.0,0.4,0.6,0.6,0.0058027077,0.0034816249,1,0,0,1,0
52903,-1,1,0.03505212,0.5087621,1,1,unassigned,8.0,8.0,0.0,1.0,0.0,0.0,0.0116054155,0.0,1,0,0,1,0
52904,-1,0,-0.7448948,0.3219347,0,1,unassigned,15.0,8.0,7.0,0.53333336,0.46666667,0.46666664,0.025145067,0.011734365,0,0,0,0,0
52905,-1,1,-0.19714376,0.45087308,0,1,unassigned,2.0,2.0,0.0,1.0,0.0,0.0,0.0,0.0,1,0,0,0,0
52906,-1,1,-0.75325984,0.32011142,0,1,unassigned,159.0,158.0,1.0,0.9937107,0.006289308,0.0062893033,0.30367506,0.0019099059,1,0,0,0,0
52907,-1,1,1.1303546,0.7559044,1,1,unassigned,5.0,5.0,0.0,1.0,0.0,0.0,0.0058027077,0.0,1,0,0,1,0
52908,-1,0,-0.72661096,0.32593888,0,1,unassigned,11.0,11.0,0.0,1.0,0.0,0.0,0.017408123,0.0,0,0,0,0,0
52909,-1,1,1.8839424,0.86806333,1,1,unassigned,2.0,2.0,0.0,1.0,0.0,0.0,0.0,0.0,1,0,0,1,0
52910,-1,0,1.1726236,0.7636189,1,1,unassigned,27.0,20.0,7.0,0.7407407,0.25925925,0.25925928,0.0483559,0.012536715,0,0,0,1,0
52911,-1,0,4.323281,0.98691714,1,1,unassigned,6.0,6.0,0.0,1.0,0.0,0.0,0.007736944,0.0,0,0,0,1,1
52912,-1,0,3.1097348,0.95729256,1,1,unassigned,13.0,11.0,2.0,0.84615386,0.15384616,0.15384614,0.021276595,0.0032733225,0,0,0,1,1
52913,-1,1,0.4316904,0.6062772,1,1,unassigned,3.0,3.0,0.0,1.0,0.0,0.0,0.001934236,0.0,1,0,0,1,0
52914,-1,0,-0.7999637,0.31003326,0,1,unassigned,45.0,44.0,1.0,0.9777778,0.022222223,0.02222222,0.08317215,0.0018482701,0,0,0,0,0
52915,-1,1,2.5255845,0.9259161,1,1,unassigned,11.0,9.0,2.0,0.8181818,0.18181819,0.18181819,0.017408123,0.0031651135,1,0,0,1,1
52916,-1,0,-0.08951017,0.47763738,0,1,unassigned,41.0,40.0,1.0,0.9756098,0.024390243,0.02439022,0.07543521,0.001839883,0,0,0,0,0
52917,-1,0,1.3329902,0.7913348,1,1,unassigned,2.0,2.0,0.0,1.0,0.0,0.0,0.0,0.0,0,0,0,1,0
52918,-1,0,3.192613,0.9605554,1,1,unassigned,12.0,10.0,2.0,0.8333333,0.16666667,0.16666669,0.01934236,0.0032237265,0,0,0,1,1
52919,1,1,-0.3627326,0.41029823,0,1,unassigned,29.0,28.0,1.0,0.9655172,0.03448276,0.034482777,0.05222437,0.0018008404,1,0,0,0,0
52920,-1,1,-0.3536056,0.41250834,0,1,unassigned,24.0,23.0,1.0,0.9583333,0.041666668,0.041666687,0.04255319,0.0017730496,1,0,0,0,0
52921,-1,0,5.9501762,0.99740136,1,1,unassigned,3.0,2.0,1.0,0.6666667,0.33333334,0.3333333,0.001934236,0.00064474536,0,0,0,1,1
52922,-1,1,2.5596707,0.9282205,1,1,unassigned,15.0,15.0,0.0,1.0,0.0,0.0,0.025145067,0.0,1,0,0,1,1
52923,-1,1,2.1819167,0.89861387,1,1,unassigned,12.0,12.0,0.0,1.0,0.0,0.0,0.01934236,0.0,1,0,0,1,0
52924,-1,1,1.9699044,0.87760085,1,1,unassigned,12.0,12.0,0.0,1.0,0.0,0.0,0.01934236,0.0,1,0,0,1,0
52925,1,1,0.00995785,0.50248945,1,0,unassigned,7.0,6.0,1.0,0.85714287,0.14285715,0.14285713,0.00967118,0.0013815971,1,0,1,1,0
52926,-1,0,0.4754185,0.6166654,1,1,unassigned,6.0,6.0,0.0,1.0,0.0,0.0,0.007736944,0.0,0,0,0,1,0
52927,-1,1,3.1090827,0.95726585,1,1,unassigned,18.0,18.0,0.0,1.0,0.0,0.0,0.030947777,0.0,1,0,0,1,1
52928,-1,0,0.33392662,0.58271444,1,1,unassigned,12.0,11.0,1.0,0.9166667,0.083333336,0.08333331,0.01934236,0.0016118633,0,0,0,1,0
52929,-1,0,0.04636067,0.5115881,1,1,unassigned,21.0,20.0,1.0,0.95238096,0.04761905,0.047619045,0.036750484,0.0017500231,0,0,0,1,0
52930,-1,1,3.2053862,0.9610365,1,1,unassigned,23.0,23.0,0.0,1.0,0.0,0.0,0.040618956,0.0,1,0,0,1,1
52931,-1,0,1.1186333,0.7537352,1,1,unassigned,2.0,1.0,1.0,0.5,0.5,0.5,0.0,0.0,0,0,0,1,0
52932,-1,1,-0.07905227,0.48024723,0,1,unassigned,21.0,21.0,0.0,1.0,0.0,0.0,0.036750484,0.0,1,0,0,0,0
52933,1,1,-0.7242586,0.3264559,0,1,unassigned,26.0,24.0,2.0,0.9230769,0.07692308,0.07692307,0.046421662,0.0035708973,1,0,0,0,0
52934,0,1,0.63998955,0.65475106,1,1,val,25.0,23.0,2.0,0.92,0.08,0.07999998,0.044487428,0.003558994,1,0,0,1,0
52935,-1,0,7.2443304,0.99928635,1,1,unassigned,8.0,6.0,2.0,0.75,0.25,0.25,0.0116054155,0.0029013539,0,0,0,1,1
52936,-1,0,5.0372334,0.9935502,1,1,unassigned,5.0,5.0,0.0,1.0,0.0,0.0,0.0058027077,0.0,0,0,0,1,1
52937,-1,0,5.1795077,0.9944008,1,1,unassigned,7.0,5.0,2.0,0.71428573,0.2857143,0.28571427,0.00967118,0.0027631943,0,0,0,1,1
52938,-1,0,-0.74823064,0.32120696,0,1,unassigned,6.0,6.0,0.0,1.0,0.0,0.0,0.007736944,0.0,0,0,0,0,0
52939,-1,1,0.4327653,0.6065338,1,1,unassigned,3.0,3.0,0.0,1.0,0.0,0.0,0.001934236,0.0,1,0,0,1,0
52940,-1,0,4.4821134,0.988817,1,1,unassigned,6.0,6.0,0.0,1.0,0.0,0.0,0.007736944,0.0,0,0,0,1,1
52941,-1,1,-0.2435571,0.43940994,0,1,unassigned,5.0,5.0,0.0,1.0,0.0,0.0,0.0058027077,0.0,1,0,0,0,0
52942,1,0,0.83640414,0.69770736,1,0,unassigned,9.0,9.0,0.0,1.0,0.0,0.0,0.013539651,0.0,0,0,1,1,0
52943,-1,0,0.7405823,0.6771232,1,1,unassigned,3.0,3.0,0.0,1.0,0.0,0.0,0.001934236,0.0,0,0,0,1,0
52944,-1,1,3.8805277,0.9797775,1,1,unassigned,17.0,17.0,0.0,1.0,0.0,0.0,0.029013539,0.0,1,0,0,1,1
52945,-1,0,0.46737653,0.6147626,1,1,unassigned,3.0,2.0,1.0,0.6666667,0.33333334,0.3333333,0.001934236,0.00064474536,0,0,0,1,0
52946,-1,1,5.327719,0.9951683,1,1,unassigned,36.0,36.0,0.0,1.0,0.0,0.0,0.065764025,0.0,1,0,0,1,1
52947,-1,1,3.0736637,0.9557932,1,1,unassigned,5.0,5.0,0.0,1.0,0.0,0.0,0.0058027077,0.0,1,0,0,1,1
52948,-1,1,3.9457295,0.98102975,1,1,unassigned,4.0,4.0,0.0,1.0,0.0,0.0,0.003868472,0.0,1,0,0,1,1
52949,-1,0,1.1170881,0.7534482,1,1,unassigned,2.0,2.0,0.0,1.0,0.0,0.0,0.0,0.0,0,0,0,1,0
52950,-1,0,-0.8523071,0.29894912,0,1,unassigned,2.0,2.0,0.0,1.0,0.0,0.0,0.0,0.0,0,0,0,0,0
52951,-1,0,0.12070233,0.530139,1,1,unassigned,3.0,3.0,0.0,1.0,0.0,0.0,0.001934236,0.0,0,0,0,1,0
52952,-1,1,-0.6775234,0.33681428,0,1,unassigned,71.0,66.0,5.0,0.92957747,0.07042254,0.07042253,0.13346228,0.009398753,1,0,0,0,0
52953,-1,1,1.3230004,0.7896804,1,1,unassigned,15.0,13.0,2.0,0.8666667,0.13333334,0.13333333,0.025145067,0.0033526758,1,0,0,1,0
52954,-1,0,-0.68999594,0.33403397,0,1,unassigned,3.0,3.0,0.0,1.0,0.0,0.0,0.001934236,0.0,0,0,0,0,0
52955,-1,0,0.6845191,0.6647465,1,1,unassigned,4.0,1.0,3.0,0.25,0.75,0.75,0.003868472,0.002901354,0,0,0,1,0
52956,-1,0,-0.74817723,0.3212186,0,1,unassigned,2.0,2.0,0.0,1.0,0.0,0.0,0.0,0.0,0,0,0,0,0
52957,-1,0,0.16152763,0.54029435,1,1,unassigned,3.0,3.0,0.0,1.0,0.0,0.0,0.001934236,0.0,0,0,0,1,0
52958,-1,1,5.347089,0.99526066,1,1,unassigned,3.0,3.0,0.0,1.0,0.0,0.0,0.001934236,0.0,1,0,0,1,1
52959,-1,0,0.25212187,0.56269866,1,1,unassigned,2.0,1.0,1.0,0.5,0.5,0.5,0.0,0.0,0,0,0,1,0
52960,-1,0,1.1207159,0.7541215,1,1,unassigned,10.0,10.0,0.0,1.0,0.0,0.0,0.015473888,0.0,0,0,0,1,0
52961,-1,0,2.9447913,0.95001674,1,1,unassigned,14.0,12.0,2.0,0.85714287,0.14285715,0.14285713,0.023210831,0.0033158332,0,0,0,1,1
52962,-1,1,1.5912042,0.83078545,1,1,unassigned,5.0,1.0,4.0,0.2,0.8,0.8,0.0058027077,0.004642166,1,1,0,1,0
52963,-1,0,1.5818441,0.8294655,1,1,unassigned,7.0,7.0,0.0,1.0,0.0,0.0,0.00967118,0.0,0,0,0,1,0
52964,-1,0,0.17157108,0.54278785,1,1,unassigned,5.0,4.0,1.0,0.8,0.2,0.19999999,0.0058027077,0.0011605415,0,0,0,1,0
52965,0,0,2.4656122,0.9216957,1,1,test,29.0,12.0,17.0,0.41379312,0.5862069,0.5862069,0.05222437,0.030614289,0,0,0,1,1
52966,-1,1,4.0888414,0.9835175,1,1,unassigned,10.0,10.0,0.0,1.0,0.0,0.0,0.015473888,0.0,1,0,0,1,1
52967,-1,1,3.4501784,0.9692365,1,1,unassigned,7.0,7.0,0.0,1.0,0.0,0.0,0.00967118,0.0,1,0,0,1,1
52968,1,0,-0.36049742,0.41083914,0,1,val,22.0,20.0,2.0,0.90909094,0.09090909,0.090909064,0.03868472,0.0035167928,0,0,0,0,0
52969,-1,1,1.6106155,0.8334968,1,1,unassigned,6.0,5.0,1.0,0.8333333,0.16666667,0.16666669,0.007736944,0.0012894907,1,0,0,1,0
52970,-1,0,1.1175525,0.7535345,1,1,unassigned,2.0,2.0,0.0,1.0,0.0,0.0,0.0,0.0,0,0,0,1,0
52971,-1,0,-0.10000819,0.4750188,0,1,unassigned,6.0,6.0,0.0,1.0,0.0,0.0,0.007736944,0.0,0,0,0,0,0
52972,-1,0,-0.5008677,0.37733674,0,1,unassigned,22.0,11.0,11.0,0.5,0.5,0.5,0.03868472,0.01934236,0,0,0,0,0
52973,-1,0,-0.1926693,0.4519811,0,1,unassigned,7.0,7.0,0.0,1.0,0.0,0.0,0.00967118,0.0,0,0,0,0,0
52974,-1,0,2.0604966,0.8870039,1,1,unassigned,6.0,6.0,0.0,1.0,0.0,0.0,0.007736944,0.0,0,0,0,1,0
52975,1,0,-0.39605135,0.4022614,0,1,test,12.0,10.0,2.0,0.8333333,0.16666667,0.16666669,0.01934236,0.0032237265,0,0,0,0,0
52976,-1,0,-0.5062424,0.3760748,0,1,unassigned,3.0,3.0,0.0,1.0,0.0,0.0,0.001934236,0.0,0,0,0,0,0
52977,-1,1,5.2513194,0.99478674,1,1,unassigned,2.0,1.0,1.0,0.5,0.5,0.5,0.0,0.0,1,0,0,1,1
52978,-1,0,-0.48993468,0.37990892,0,1,unassigned,6.0,5.0,1.0,0.8333333,0.16666667,0.16666669,0.007736944,0.0012894907,0,0,0,0,0
52979,-1,0,-1.0690677,0.25558043,0,1,unassigned,2.0,2.0,0.0,1.0,0.0,0.0,0.0,0.0,0,0,0,0,0
52980,-1,0,-0.22777095,0.44330218,0,1,unassigned,3.0,3.0,0.0,1.0,0.0,0.0,0.001934236,0.0,0,0,0,0,0
52981,-1,0,0.14366716,0.5358551,1,1,unassigned,2.0,2.0,0.0,1.0,0.0,0.0,0.0,0.0,0,0,0,1,0
52982,-1,0,0.931853,0.7174511,1,1,unassigned,10.0,10.0,0.0,1.0,0.0,0.0,0.015473888,0.0,0,0,0,1,0
52983,-1,0,2.855118,0.9455827,1,1,unassigned,5.0,5.0,0.0,1.0,0.0,0.0,0.0058027077,0.0,0,0,0,1,1
52984,-1,1,6.336328,0.9982324,1,1,unassigned,3.0,1.0,2.0,0.33333334,0.6666667,0.6666666,0.001934236,0.0012894907,1,0,0,1,1
52985,0,0,-0.8663479,0.2960148,0,0,val,10.0,10.0,0.0,1.0,0.0,0.0,0.015473888,0.0,0,0,1,0,0
52986,-1,0,-0.911809,0.2866298,0,1,unassigned,2.0,2.0,0.0,1.0,0.0,0.0,0.0,0.0,0,0,0,0,0
52987,-1,0,0.055850208,0.51395893,1,1,unassigned,2.0,2.0,0.0,1.0,0.0,0.0,0.0,0.0,0,0,0,1,0
52988,-1,0,6.314445,0.9981933,1,1,unassigned,6.0,5.0,1.0,0.8333333,0.16666667,0.16666669,0.007736944,0.0012894907,0,0,0,1,1
52989,-1,0,3.6531746,0.9747456,1,1,unassigned,11.0,10.0,1.0,0.90909094,0.09090909,0.090909064,0.017408123,0.0015825568,0,0,0,1,1
52990,-1,0,5.529779,0.99604887,1,1,unassigned,5.0,5.0,0.0,1.0,0.0,0.0,0.0058027077,0.0,0,0,0,1,1
52991,0,1,-0.90927184,0.28714886,0,0,val,109.0,106.0,3.0,0.9724771,0.027522936,0.027522922,0.20696326,0.0056962366,1,0,1,0,0
52992,1,1,0.3037389,0.57535625,1,0,unassigned,7.0,7.0,0.0,1.0,0.0,0.0,0.00967118,0.0,1,0,1,1,0
52993,-1,1,4.658692,0.9906102,1,1,unassigned,7.0,6.0,1.0,0.85714287,0.14285715,0.14285713,0.00967118,0.0013815971,1,0,0,1,1
52994,-1,1,-0.6949789,0.33292642,0,1,unassigned,78.0,77.0,1.0,0.98717946,0.012820513,0.012820542,0.14700194,0.0018846402,1,0,0,0,0
52995,-1,0,3.66512,0.97503793,1,1,unassigned,2.0,2.0,0.0,1.0,0.0,0.0,0.0,0.0,0,0,0,1,1
52996,-1,1,3.1212966,0.9577627,1,1,unassigned,36.0,36.0,0.0,1.0,0.0,0.0,0.065764025,0.0,1,0,0,1,1
52997,1,1,0.29959005,0.5743423,1,0,test,42.0,42.0,0.0,1.0,0.0,0.0,0.07736944,0.0,1,0,1,1,0
52998,-1,0,5.1783977,0.99439454,1,1,unassigned,3.0,3.0,0.0,1.0,0.0,0.0,0.001934236,0.0,0,0,0,1,1
52999,-1,1,-0.042061567,0.48948616,0,1,unassigned,47.0,47.0,0.0,1.0,0.0,0.0,0.08704062,0.0,1,0,0,0,0
53000,0,1,-0.8327471,0.3030645,0,0,test,55.0,53.0,2.0,0.96363634,0.036363635,0.03636366,0.102514505,0.0037278,1,0,1,0,0
53001,-1,0,2.7202091,0.93820864,1,1,unassigned,2.0,2.0,0.0,1.0,0.0,0.0,0.0,0.0,0,0,0,1,1
53002,0,1,-0.17397988,0.45661443,0,0,test,44.0,43.0,1.0,0.97727275,0.022727273,0.022727251,0.08123791,0.0018463163,1,0,1,0,0
53003,-1,1,1.0511518,0.74099606,1,1,unassigned,3.0,3.0,0.0,1.0,0.0,0.0,0.001934236,0.0,1,0,0,1,0
53004,-1,1,1.4534404,0.8105274,1,1,unassigned,29.0,29.0,0.0,1.0,0.0,0.0,0.05222437,0.0,1,0,0,1,0
53005,-1,1,1.447748,0.80965155,1,1,unassigned,28.0,26.0,2.0,0.9285714,0.071428575,0.0714286,0.050290134,0.0035921526,1,0,0,1,0
53006,-1,0,-0.11326027,0.47171518,0,1,unassigned,4.0,4.0,0.0,1.0,0.0,0.0,0.003868472,0.0,0,0,0,0,0
53007,-1,1,1.0883427,0.7480695,1,1,unassigned,27.0,26.0,1.0,0.962963,0.037037037,0.037037015,0.0483559,0.0017909593,1,0,0,1,0
53008,-1,1,-0.8214841,0.30544874,0,1,unassigned,103.0,102.0,1.0,0.99029124,0.009708738,0.009708762,0.19535783,0.001896678,1,0,0,0,0
53009,-1,1,1.6620586,0.8405142,1,1,unassigned,7.0,7.0,0.0,1.0,0.0,0.0,0.00967118,0.0,1,0,0,1,0
53010,-1,1,1.9434717,0.8747331,1,1,unassigned,30.0,29.0,1.0,0.96666664,0.033333335,0.03333336,0.054158606,0.001805287,1,0,0,1,0
53011,-1,1,0.6958012,0.6672562,1,1,unassigned,56.0,53.0,3.0,0.9464286,0.05357143,0.053571403,0.10444874,0.0055954685,1,0,0,1,0
53012,-1,1,-0.10646635,0.47340855,0,1,unassigned,18.0,18.0,0.0,1.0,0.0,0.0,0.030947777,0.0,1,0,0,0,0
53013,0,0,-0.20740196,0.44833457,0,0,val,3.0,3.0,0.0,1.0,0.0,0.0,0.001934236,0.0,0,0,1,0,0
53014,-1,0,0.70821124,0.6700058,1,1,unassigned,15.0,15.0,0.0,1.0,0.0,0.0,0.025145067,0.0,0,0,0,1,0
53015,1,0,2.7373335,0.93919396,1,0,val,4.0,4.0,0.0,1.0,0.0,0.0,0.003868472,0.0,0,0,1,1,1
53016,-1,0,-0.10733265,0.47319254,0,1,unassigned,12.0,12.0,0.0,1.0,0.0,0.0,0.01934236,0.0,0,0,0,0,0
53017,-1,0,1.2232189,0.7726295,1,1,unassigned,3.0,3.0,0.0,1.0,0.0,0.0,0.001934236,0.0,0,0,0,1,0
53018,-1,0,1.0552206,0.74177617,1,1,unassigned,2.0,2.0,0.0,1.0,0.0,0.0,0.0,0.0,0,0,0,1,0
53019,0,0,-0.43062094,0.3939781,0,0,val,32.0,32.0,0.0,1.0,0.0,0.0,0.058027077,0.0,0,0,1,0,0
53020,-1,1,-0.7087765,0.32986927,0,1,unassigned,25.0,25.0,0.0,1.0,0.0,0.0,0.044487428,0.0,1,0,0,0,0
53021,-1,0,2.7527711,0.9400696,1,1,unassigned,17.0,17.0,0.0,1.0,0.0,0.0,0.029013539,0.0,0,0,0,1,1
53022,-1,0,4.933774,0.99285215,1,1,unassigned,5.0,5.0,0.0,1.0,0.0,0.0,0.0058027077,0.0,0,0,0,1,1
53023,-1,0,1.8140018,0.8598448,1,1,unassigned,2.0,2.0,0.0,1.0,0.0,0.0,0.0,0.0,0,0,0,1,0
53024,-1,0,-0.58372974,0.3580748,0,1,unassigned,2.0,2.0,0.0,1.0,0.0,0.0,0.0,0.0,0,0,0,0,0
53025,-1,0,-0.59383196,0.3557561,0,1,unassigned,23.0,23.0,0.0,1.0,0.0,0.0,0.040618956,0.0,0,0,0,0,0
53026,-1,0,-0.2983334,0.42596495,0,1,unassigned,2.0,2.0,0.0,1.0,0.0,0.0,0.0,0.0,0,0,0,0,0
53027,1,0,1.5825224,0.8295614,1,0,val,5.0,5.0,0.0,1.0,0.0,0.0,0.0058027077,0.0,0,0,1,1,0
53028,-1,0,0.7197109,0.67254335,1,1,unassigned,18.0,17.0,1.0,0.9444444,0.055555556,0.055555582,0.030947777,0.0017193209,0,0,0,1,0
53029,-1,0,-0.93646425,0.2816151,0,1,unassigned,5.0,5.0,0.0,1.0,0.0,0.0,0.0058027077,0.0,0,0,0,0,0
53030,-1,0,4.9161057,0.99272573,1,1,unassigned,2.0,2.0,0.0,1.0,0.0,0.0,0.0,0.0,0,0,0,1,1
53031,0,0,-0.798484,0.31034988,0,0,unassigned,2.0,2.0,0.0,1.0,0.0,0.0,0.0,0.0,0,0,1,0,0
53032,-1,0,7.5541234,0.9994764,1,1,unassigned,6.0,6.0,0.0,1.0,0.0,0.0,0.007736944,0.0,0,0,0,1,1
53033,-1,0,1.6484449,0.83868074,1,1,unassigned,3.0,3.0,0.0,1.0,0.0,0.0,0.001934236,0.0,0,0,0,1,0
53034,-1,1,-0.85302293,0.29879913,0,1,unassigned,13.0,10.0,3.0,0.7692308,0.23076923,0.23076922,0.021276595,0.0049099834,1,0,0,0,0
53035,1,0,2.2823021,0.90740067,1,0,val,13.0,13.0,0.0,1.0,0.0,0.0,0.021276595,0.0,0,0,1,1,1
53036,1,0,-0.9866002,0.27158412,0,1,unassigned,4.0,4.0,0.0,1.0,0.0,0.0,0.003868472,0.0,0,0,0,0,0
53037,1,1,3.735204,0.9766881,1,0,test,5.0,5.0,0.0,1.0,0.0,0.0,0.0058027077,0.0,1,0,1,1,1
53038,1,1,6.2919135,0.9981522,1,0,unassigned,6.0,6.0,0.0,1.0,0.0,0.0,0.007736944,0.0,1,0,1,1,1
53039,1,1,5.5499496,0.9961274,1,0,unassigned,5.0,5.0,0.0,1.0,0.0,0.0,0.0058027077,0.0,1,0,1,1,1
53040,-1,0,0.05805725,0.5145103,1,1,unassigned,7.0,7.0,0.0,1.0,0.0,0.0,0.00967118,0.0,0,0,0,1,0
53041,-1,0,-0.64700407,0.34366497,0,1,unassigned,48.0,13.0,35.0,0.27083334,0.7291667,0.7291666,0.088974856,0.0648775,0,0,0,0,0
53042,0,0,-0.9454117,0.2798085,0,0,unassigned,3.0,3.0,0.0,1.0,0.0,0.0,0.001934236,0.0,0,0,1,0,0
53043,-1,0,-0.62814844,0.3479305,0,1,unassigned,15.0,14.0,1.0,0.93333334,0.06666667,0.06666666,0.025145067,0.0016763379,0,0,0,0,0
53044,-1,0,-0.48093084,0.38203233,0,1,unassigned,28.0,28.0,0.0,1.0,0.0,0.0,0.050290134,0.0,0,0,0,0,0
53045,-1,0,-0.35913092,0.41116995,0,1,unassigned,17.0,13.0,4.0,0.7647059,0.23529412,0.2352941,0.029013539,0.006826715,0,0,0,0,0
53046,-1,0,0.29796034,0.57394385,1,1,unassigned,36.0,36.0,0.0,1.0,0.0,0.0,0.065764025,0.0,0,0,0,1,0
53047,-1,1,5.6689935,0.9965605,1,1,unassigned,5.0,4.0,1.0,0.8,0.2,0.19999999,0.0058027077,0.0011605415,1,0,0,1,1
53048,1,1,1.6317058,0.8364032,1,0,unassigned,61.0,59.0,2.0,0.9672131,0.032786883,0.032786906,0.114119925,0.0037416366,1,0,1,1,0
53049,0,1,-0.47497314,0.38343984,0,0,unassigned,117.0,113.0,4.0,0.96581197,0.034188036,0.034188032,0.22243714,0.007604689,1,0,1,0,0
53050,-1,1,-0.30871665,0.42342803,0,1,unassigned,24.0,24.0,0.0,1.0,0.0,0.0,0.04255319,0.0,1,0,0,0,0
53051,-1,1,0.5272003,0.62882984,1,1,unassigned,6.0,6.0,0.0,1.0,0.0,0.0,0.007736944,0.0,1,0,0,1,0
53052,-1,1,1.4394376,0.80836755,1,1,unassigned,35.0,35.0,0.0,1.0,0.0,0.0,0.06382979,0.0,1,0,0,1,0
53053,-1,1,2.9036746,0.9480278,1,1,unassigned,2.0,2.0,0.0,1.0,0.0,0.0,0.0,0.0,1,0,0,1,1
53054,-1,1,1.3884389,0.8003429,1,1,unassigned,38.0,38.0,0.0,1.0,0.0,0.0,0.06963249,0.0,1,0,0,1,0
53055,-1,1,-0.8269189,0.30429694,0,1,unassigned,38.0,29.0,9.0,0.7631579,0.23684211,0.2368421,0.06963249,0.016491907,1,0,0,0,0
53056,-1,1,2.7155883,0.9379402,1,1,unassigned,59.0,56.0,3.0,0.9491525,0.050847456,0.05084747,0.11025145,0.005606006,1,0,0,1,1
53057,-1,0,4.904333,0.9926402,1,1,unassigned,5.0,5.0,0.0,1.0,0.0,0.0,0.0058027077,0.0,0,0,0,1,1
53058,-1,1,3.288215,0.96402234,1,1,unassigned,5.0,5.0,0.0,1.0,0.0,0.0,0.0058027077,0.0,1,0,0,1,1
53059,-1,0,0.21117038,0.5525973,1,1,unassigned,2.0,2.0,0.0,1.0,0.0,0.0,0.0,0.0,0,0,0,1,0
53060,1,0,-0.9614594,0.2765861,0,1,unassigned,3.0,3.0,0.0,1.0,0.0,0.0,0.001934236,0.0,0,0,0,0,0
53061,-1,1,0.09336877,0.52332526,1,1,unassigned,29.0,29.0,0.0,1.0,0.0,0.0,0.05222437,0.0,1,0,0,1,0
53062,1,1,-0.3455831,0.4144539,0,1,val,47.0,43.0,4.0,0.9148936,0.08510638,0.08510637,0.08704062,0.007407712,1,0,0,0,0
53063,-1,1,0.7477562,0.6786896,1,1,unassigned,30.0,26.0,4.0,0.8666667,0.13333334,0.13333333,0.054158606,0.007221148,1,0,0,1,0
53064,1,1,3.857136,0.9793088,1,0,unassigned,14.0,14.0,0.0,1.0,0.0,0.0,0.023210831,0.0,1,0,1,1,1
53065,-1,1,2.101824,0.8910803,1,1,unassigned,16.0,15.0,1.0,0.9375,0.0625,0.0625,0.027079303,0.0016924564,1,0,0,1,0
53066,-1,1,0.2736345,0.56798494,1,1,unassigned,19.0,18.0,1.0,0.94736844,0.05263158,0.052631557,0.032882012,0.0017306323,1,0,0,1,0
53067,-1,1,-0.71065533,0.32945406,0,1,unassigned,43.0,42.0,1.0,0.9767442,0.023255814,0.023255825,0.079303674,0.0018442714,1,0,0,0,0
53068,-1,1,-0.021246374,0.49468863,0,1,unassigned,7.0,7.0,0.0,1.0,0.0,0.0,0.00967118,0.0,1,0,0,0,0
53069,-1,0,0.5998233,0.6456159,1,1,unassigned,5.0,2.0,3.0,0.4,0.6,0.6,0.0058027077,0.0034816249,0,0,0,1,0
53070,-1,1,-0.3869603,0.40444928,0,1,unassigned,111.0,108.0,3.0,0.972973,0.027027028,0.02702701,0.21083172,0.0056981547,1,0,0,0,0
53071,-1,1,6.1789856,0.9979317,1,1,unassigned,29.0,25.0,4.0,0.86206895,0.13793103,0.13793105,0.05222437,0.0072033615,1,0,0,1,1
53072,0,0,-0.25908086,0.43558964,0,0,unassigned,20.0,20.0,0.0,1.0,0.0,0.0,0.034816246,0.0,0,0,1,0,0
53073,-1,1,-0.93078226,0.282766,0,1,unassigned,42.0,42.0,0.0,1.0,0.0,0.0,0.07736944,0.0,1,0,0,0,0
53074,0,1,2.2220438,0.90221167,1,1,unassigned,65.0,58.0,7.0,0.8923077,0.10769231,0.1076923,0.12185687,0.013123048,1,0,0,1,1
53075,-1,1,4.0978312,0.9836626,1,1,unassigned,32.0,25.0,7.0,0.78125,0.21875,0.21875,0.058027077,0.012693423,1,0,0,1,1
53076,-1,1,0.6647814,0.66033363,1,1,unassigned,13.0,13.0,0.0,1.0,0.0,0.0,0.021276595,0.0,1,0,0,1,0
53077,-1,1,-0.8452215,0.3004362,0,1,unassigned,48.0,46.0,2.0,0.9583333,0.041666668,0.041666687,0.088974856,0.0037072857,1,0,0,0,0
53078,-1,1,2.9150498,0.9485854,1,1,unassigned,4.0,4.0,0.0,1.0,0.0,0.0,0.003868472,0.0,1,0,0,1,1
53079,0,1,-0.63829696,0.34563163,0,0,unassigned,18.0,18.0,0.0,1.0,0.0,0.0,0.030947777,0.0,1,0,1,0,0
53080,1,0,3.7865794,0.97782964,1,0,unassigned,11.0,11.0,0.0,1.0,0.0,0.0,0.017408123,0.0,0,0,1,1,1
53081,-1,1,-0.20044842,0.45005503,0,1,unassigned,57.0,57.0,0.0,1.0,0.0,0.0,0.10638298,0.0,1,0,0,0,0
53082,-1,1,-0.8102837,0.30783004,0,1,unassigned,94.0,89.0,5.0,0.9468085,0.05319149,0.053191483,0.17794971,0.00946541,1,0,0,0,0
53083,-1,0,2.5036457,0.924397,1,1,unassigned,3.0,2.0,1.0,0.6666667,0.33333334,0.3333333,0.001934236,0.00064474536,0,0,0,1,1
53084,-1,1,0.2479189,0.5616642,1,1,unassigned,7.0,6.0,1.0,0.85714287,0.14285715,0.14285713,0.00967118,0.0013815971,1,0,0,1,0
53085,-1,0,7.7257533,0.99955887,1,1,unassigned,5.0,5.0,0.0,1.0,0.0,0.0,0.0058027077,0.0,0,0,0,1,1
53086,-1,1,-0.9272209,0.28348887,0,1,unassigned,46.0,46.0,0.0,1.0,0.0,0.0,0.08510638,0.0,1,0,0,0,0
53087,-1,0,0.685371,0.66493636,1,1,unassigned,2.0,2.0,0.0,1.0,0.0,0.0,0.0,0.0,0,0,0,1,0
53088,-1,0,2.5195308,0.9254997,1,1,unassigned,8.0,4.0,4.0,0.5,0.5,0.5,0.0116054155,0.0058027077,0,0,0,1,1
53089,-1,0,-0.58848816,0.3569818,0,1,unassigned,2.0,2.0,0.0,1.0,0.0,0.0,0.0,0.0,0,0,0,0,0
53090,-1,0,-0.59060436,0.3564962,0,1,unassigned,9.0,9.0,0.0,1.0,0.0,0.0,0.013539651,0.0,0,0,0,0,0
53091,-1,0,0.21037823,0.5524014,1,1,unassigned,9.0,8.0,1.0,0.8888889,0.11111111,0.111111104,0.013539651,0.0015044058,0,0,0,1,0
53092,-1,1,6.726475,0.99880266,1,1,unassigned,4.0,3.0,1.0,0.75,0.25,0.25,0.003868472,0.000967118,1,0,0,1,1
53093,-1,1,0.5817459,0.64146906,1,1,unassigned,6.0,6.0,0.0,1.0,0.0,0.0,0.007736944,0.0,1,0,0,1,0
53094,-1,1,2.5941215,0.9304823,1,1,unassigned,6.0,6.0,0.0,1.0,0.0,0.0,0.007736944,0.0,1,0,0,1,1
53095,-1,0,6.6392817,0.99869376,1,1,unassigned,2.0,2.0,0.0,1.0,0.0,0.0,0.0,0.0,0,0,0,1,1
53096,-1,1,3.4535525,0.9693369,1,1,unassigned,32.0,32.0,0.0,1.0,0.0,0.0,0.058027077,0.0,1,0,0,1,1
53097,-1,0,-0.3979885,0.40179574,0,1,unassigned,10.0,9.0,1.0,0.9,0.1,0.100000024,0.015473888,0.0015473888,0,0,0,0,0
53098,-1,1,-0.24886662,0.4381025,0,1,unassigned,57.0,57.0,0.0,1.0,0.0,0.0,0.10638298,0.0,1,0,0,0,0
53099,-1,0,3.69994,0.9758716,1,1,unassigned,11.0,10.0,1.0,0.90909094,0.09090909,0.090909064,0.017408123,0.0015825568,0,0,0,1,1
53100,-1,0,2.6287448,0.93268883,1,1,unassigned,5.0,5.0,0.0,1.0,0.0,0.0,0.0058027077,0.0,0,0,0,1,1
53101,-1,0,2.2375076,0.90356755,1,1,unassigned,4.0,4.0,0.0,1.0,0.0,0.0,0.003868472,0.0,0,0,0,1,1
53102,-1,0,0.18312007,0.54565257,1,1,unassigned,7.0,7.0,0.0,1.0,0.0,0.0,0.00967118,0.0,0,0,0,1,0
53103,-1,1,4.3563275,0.98733705,1,1,unassigned,3.0,2.0,1.0,0.6666667,0.33333334,0.3333333,0.001934236,0.00064474536,1,0,0,1,1
53104,-1,0,5.542228,0.9960975,1,1,unassigned,11.0,10.0,1.0,0.90909094,0.09090909,0.090909064,0.017408123,0.0015825568,0,0,0,1,1
53105,1,0,-0.6134469,0.35127333,0,1,unassigned,51.0,51.0,0.0,1.0,0.0,0.0,0.09477756,0.0,0,0,0,0,0
53106,1,0,0.894489,0.7098157,1,0,unassigned,16.0,16.0,0.0,1.0,0.0,0.0,0.027079303,0.0,0,0,1,1,0
53107,-1,0,0.58037263,0.64115316,1,1,unassigned,2.0,2.0,0.0,1.0,0.0,0.0,0.0,0.0,0,0,0,1,0
53108,-1,1,-0.56195515,0.3630952,0,1,unassigned,4.0,4.0,0.0,1.0,0.0,0.0,0.003868472,0.0,1,0,0,0,0
53109,-1,0,4.772427,0.9916112,1,1,unassigned,3.0,3.0,0.0,1.0,0.0,0.0,0.001934236,0.0,0,0,0,1,1
53110,-1,1,1.7960806,0.85767114,1,1,unassigned,30.0,28.0,2.0,0.93333334,0.06666667,0.06666666,0.054158606,0.003610574,1,0,0,1,0
53111,-1,0,1.5817406,0.8294509,1,1,unassigned,17.0,16.0,1.0,0.9411765,0.05882353,0.058823526,0.029013539,0.0017066788,0,0,0,1,0
53112,-1,1,0.5110149,0.62504435,1,1,unassigned,54.0,51.0,3.0,0.9444444,0.055555556,0.055555582,0.10058027,0.0055877925,1,0,0,1,0
53113,-1,1,1.1978781,0.7681471,1,1,unassigned,38.0,38.0,0.0,1.0,0.0,0.0,0.06963249,0.0,1,0,0,1,0
53114,-1,1,1.6880164,0.84396315,1,1,unassigned,52.0,48.0,4.0,0.9230769,0.07692308,0.07692307,0.0967118,0.0074393693,1,0,0,1,0
53115,-1,1,0.8133355,0.6928198,1,1,unassigned,34.0,30.0,4.0,0.88235295,0.11764706,0.11764705,0.061895553,0.0072818296,1,0,0,1,0
53116,-1,1,-0.10545111,0.47366163,0,1,unassigned,43.0,43.0,0.0,1.0,0.0,0.0,0.079303674,0.0,1,0,0,0,0
53117,0,0,-0.9300397,0.28291667,0,0,unassigned,37.0,37.0,0.0,1.0,0.0,0.0,0.06769826,0.0,0,0,1,0,0
53118,-1,0,0.84672695,0.69988006,1,1,unassigned,18.0,18.0,0.0,1.0,0.0,0.0,0.030947777,0.0,0,0,0,1,0
53119,-1,1,0.07393962,0.5184765,1,1,unassigned,23.0,22.0,1.0,0.95652175,0.04347826,0.04347825,0.040618956,0.0017660416,1,0,0,1,0
53120,1,0,1.1709492,0.7633166,1,0,test,10.0,10.0,0.0,1.0,0.0,0.0,0.015473888,0.0,0,0,1,1,0
53121,-1,1,1.0715525,0.74489206,1,1,unassigned,3.0,2.0,1.0,0.6666667,0.33333334,0.3333333,0.001934236,0.00064474536,1,0,0,1,0
53122,-1,0,0.66639644,0.6606958,1,1,unassigned,2.0,2.0,0.0,1.0,0.0,0.0,0.0,0.0,0,0,0,1,0
53123,1,0,-0.0946084,0.4763655,0,1,val,11.0,11.0,0.0,1.0,0.0,0.0,0.017408123,0.0,0,0,0,0,0
53124,-1,0,1.3314309,0.7910772,1,1,unassigned,3.0,3.0,0.0,1.0,0.0,0.0,0.001934236,0.0,0,0,0,1,0
53125,-1,0,0.48514467,0.618962,1,1,unassigned,11.0,9.0,2.0,0.8181818,0.18181819,0.18181819,0.017408123,0.0031651135,0,0,0,1,0
53126,-1,1,4.2257686,0.9855964,1,1,unassigned,2.0,2.0,0.0,1.0,0.0,0.0,0.0,0.0,1,0,0,1,1
53127,-1,0,0.91231924,0.7134745,1,1,unassigned,2.0,2.0,0.0,1.0,0.0,0.0,0.0,0.0,0,0,0,1,0
53128,-1,0,-0.25253457,0.43719977,0,1,unassigned,8.0,8.0,0.0,1.0,0.0,0.0,0.0116054155,0.0,0,0,0,0,0
53129,-1,1,-0.0562436,0.4859428,0,1,unassigned,8.0,8.0,0.0,1.0,0.0,0.0,0.0116054155,0.0,1,0,0,0,0
53130,-1,0,4.2750535,0.9862796,1,1,unassigned,9.0,9.0,0.0,1.0,0.0,0.0,0.013539651,0.0,0,0,0,1,1
53131,-1,0,-0.29206032,0.42749953,0,1,unassigned,4.0,4.0,0.0,1.0,0.0,0.0,0.003868472,0.0,0,0,0,0,0
53132,1,1,2.287585,0.9078436,1,0,unassigned,13.0,13.0,0.0,1.0,0.0,0.0,0.021276595,0.0,1,0,1,1,1
53133,-1,1,0.79265183,0.68840045,1,1,unassigned,10.0,10.0,0.0,1.0,0.0,0.0,0.015473888,0.0,1,0,0,1,0
53134,-1,1,5.9577036,0.9974208,1,1,unassigned,23.0,20.0,3.0,0.8695652,0.13043478,0.13043481,0.040618956,0.0052981246,1,0,0,1,1
53135,-1,1,2.7618954,0.9405817,1,1,unassigned,2.0,2.0,0.0,1.0,0.0,0.0,0.0,0.0,1,0,0,1,1
53136,-1,0,3.4638731,0.96964216,1,1,unassigned,4.0,4.0,0.0,1.0,0.0,0.0,0.003868472,0.0,0,0,0,1,1
53137,-1,1,3.8345926,0.97884697,1,1,unassigned,52.0,50.0,2.0,0.96153843,0.03846154,0.038461566,0.0967118,0.0037196847,1,0,0,1,1
53138,-1,1,0.17889363,0.5446045,1,1,unassigned,22.0,22.0,0.0,1.0,0.0,0.0,0.03868472,0.0,1,0,0,1,0
53139,-1,0,2.620312,0.93215746,1,1,unassigned,8.0,8.0,0.0,1.0,0.0,0.0,0.0116054155,0.0,0,0,0,1,1
53140,-1,0,1.2600169,0.779029,1,1,unassigned,10.0,7.0,3.0,0.7,0.3,0.3,0.015473888,0.0046421667,0,0,0,1,0
53141,-1,0,0.2204634,0.5548937,1,1,unassigned,8.0,8.0,0.0,1.0,0.0,0.0,0.0116054155,0.0,0,0,0,1,0
53142,-1,1,1.9783471,0.8785048,1,1,unassigned,5.0,4.0,1.0,0.8,0.2,0.19999999,0.0058027077,0.0011605415,1,0,0,1,0
53143,-1,0,-0.34706032,0.41409543,0,1,unassigned,4.0,4.0,0.0,1.0,0.0,0.0,0.003868472,0.0,0,0,0,0,0
53144,-1,0,-0.2706477,0.43274808,0,1,unassigned,12.0,10.0,2.0,0.8333333,0.16666667,0.16666669,0.01934236,0.0032237265,0,0,0,0,0
53145,-1,0,0.05239445,0.5130957,1,1,unassigned,31.0,29.0,2.0,0.9354839,0.06451613,0.06451613,0.056092843,0.003618893,0,0,0,1,0
53146,-1,0,-0.5713491,0.36092559,0,1,unassigned,64.0,64.0,0.0,1.0,0.0,0.0,0.11992263,0.0,0,0,0,0,0
53147,-1,1,0.47804075,0.61728513,1,1,unassigned,17.0,16.0,1.0,0.9411765,0.05882353,0.058823526,0.029013539,0.0017066788,1,0,0,1,0
53148,0,1,-0.5094298,0.3753272,0,0,train,55.0,55.0,0.0,1.0,0.0,0.0,0.102514505,0.0,1,0,1,0,0
53149,-1,0,-0.9123089,0.2865276,0,1,unassigned,3.0,3.0,0.0,1.0,0.0,0.0,0.001934236,0.0,0,0,0,0,0
53150,-1,0,0.016028225,0.5040069,1,1,unassigned,13.0,13.0,0.0,1.0,0.0,0.0,0.021276595,0.0,0,0,0,1,0
53151,-1,0,-0.8012504,0.3097581,0,1,unassigned,73.0,72.0,1.0,0.98630136,0.01369863,0.0136986375,0.13733076,0.0018812432,0,0,0,0,0
53152,-1,0,-0.104237705,0.47396415,0,1,unassigned,24.0,24.0,0.0,1.0,0.0,0.0,0.04255319,0.0,0,0,0,0,0
53153,-1,0,0.29994398,0.5744288,1,1,unassigned,24.0,24.0,0.0,1.0,0.0,0.0,0.04255319,0.0,0,0,0,1,0
53154,-1,1,2.1709223,0.8976078,1,1,unassigned,55.0,51.0,4.0,0.92727274,0.07272727,0.07272726,0.102514505,0.0074556,1,0,0,1,0
53155,-1,0,6.2439723,0.9980616,1,1,unassigned,5.0,5.0,0.0,1.0,0.0,0.0,0.0058027077,0.0,0,0,0,1,1
53156,1,1,-0.4227713,0.3958538,0,1,val,17.0,17.0,0.0,1.0,0.0,0.0,0.029013539,0.0,1,0,0,0,0
53157,-1,1,3.6827939,0.9754646,1,1,unassigned,5.0,5.0,0.0,1.0,0.0,0.0,0.0058027077,0.0,1,0,0,1,1
53158,-1,0,6.3201156,0.9982035,1,1,unassigned,2.0,2.0,0.0,1.0,0.0,0.0,0.0,0.0,0,0,0,1,1
53159,-1,1,0.87378746,0.70553315,1,1,unassigned,42.0,37.0,5.0,0.88095236,0.11904762,0.11904764,0.07736944,0.009210647,1,0,0,1,0
53160,-1,0,1.2482708,0.77700037,1,1,unassigned,4.0,4.0,0.0,1.0,0.0,0.0,0.003868472,0.0,0,0,0,1,0
53161,-1,1,2.3417737,0.9122781,1,1,unassigned,3.0,3.0,0.0,1.0,0.0,0.0,0.001934236,0.0,1,0,0,1,1
53162,-1,0,-0.4592446,0.38716504,0,1,unassigned,8.0,8.0,0.0,1.0,0.0,0.0,0.0116054155,0.0,0,0,0,0,0
53163,-1,0,-0.6829948,0.33559322,0,1,unassigned,3.0,3.0,0.0,1.0,0.0,0.0,0.001934236,0.0,0,0,0,0,0
53164,-1,0,-0.54522455,0.36697307,0,1,unassigned,2.0,2.0,0.0,1.0,0.0,0.0,0.0,0.0,0,0,0,0,0
53165,-1,0,-0.82479006,0.30474782,0,1,unassigned,3.0,2.0,1.0,0.6666667,0.33333334,0.3333333,0.001934236,0.00064474536,0,0,0,0,0
53166,-1,0,0.38767087,0.5957219,1,1,unassigned,2.0,2.0,0.0,1.0,0.0,0.0,0.0,0.0,0,0,0,1,0
53167,-1,0,5.019983,0.99343866,1,1,unassigned,7.0,5.0,2.0,0.71428573,0.2857143,0.28571427,0.00967118,0.0027631943,0,0,0,1,1
53168,1,0,1.3994138,0.8020909,1,0,test,6.0,6.0,0.0,1.0,0.0,0.0,0.007736944,0.0,0,0,1,1,0
53169,-1,0,-0.3932385,0.40293795,0,1,unassigned,2.0,2.0,0.0,1.0,0.0,0.0,0.0,0.0,0,0,0,0,0
53170,1,0,-0.48104098,0.38200635,0,1,unassigned,11.0,11.0,0.0,1.0,0.0,0.0,0.017408123,0.0,0,0,0,0,0
53171,-1,0,-0.31219316,0.42257947,0,1,unassigned,9.0,9.0,0.0,1.0,0.0,0.0,0.013539651,0.0,0,0,0,0,0
53172,-1,0,0.33767825,0.58362645,1,1,unassigned,3.0,1.0,2.0,0.33333334,0.6666667,0.6666666,0.001934236,0.0012894907,0,0,0,1,0
53173,1,0,-0.4829097,0.38156527,0,1,test,6.0,6.0,0.0,1.0,0.0,0.0,0.007736944,0.0,0,0,0,0,0
53174,-1,0,-0.21092337,0.44746378,0,1,unassigned,27.0,26.0,1.0,0.962963,0.037037037,0.037037015,0.0483559,0.0017909593,0,0,0,0,0
53175,-1,0,-0.56092995,0.36333233,0,1,unassigned,3.0,3.0,0.0,1.0,0.0,0.0,0.001934236,0.0,0,0,0,0,0
53176,-1,0,10.220579,0.99996364,1,1,unassigned,2.0,2.0,0.0,1.0,0.0,0.0,0.0,0.0,0,0,0,1,1
53177,-1,0,2.1298716,0.8937728,1,1,unassigned,2.0,2.0,0.0,1.0,0.0,0.0,0.0,0.0,0,0,0,1,0
53178,-1,1,0.48082918,0.61794364,1,1,unassigned,21.0,20.0,1.0,0.95238096,0.04761905,0.047619045,0.036750484,0.0017500231,1,0,0,1,0
53179,-1,0,6.143659,0.9978575,1,1,unassigned,2.0,2.0,0.0,1.0,0.0,0.0,0.0,0.0,0,0,0,1,1
53180,-1,0,-0.049905002,0.48752633,0,1,unassigned,12.0,11.0,1.0,0.9166667,0.083333336,0.08333331,0.01934236,0.0016118633,0,0,0,0,0
53181,-1,0,0.11595315,0.5289558,1,1,unassigned,11.0,10.0,1.0,0.90909094,0.09090909,0.090909064,0.017408123,0.0015825568,0,0,0,1,0
53182,-1,0,4.6812634,0.9908178,1,1,unassigned,6.0,6.0,0.0,1.0,0.0,0.0,0.007736944,0.0,0,0,0,1,1
53183,-1,0,6.412005,0.99836093,1,1,unassigned,11.0,6.0,5.0,0.54545456,0.45454547,0.45454544,0.017408123,0.007912784,0,0,0,1,1
53184,-1,1,0.036379993,0.50909394,1,1,unassigned,5.0,5.0,0.0,1.0,0.0,0.0,0.0058027077,0.0,1,0,0,1,0
53185,-1,1,-0.83190286,0.30324286,0,1,unassigned,95.0,94.0,1.0,0.9894737,0.010526316,0.0105262995,0.17988394,0.0018935152,1,0,0,0,0
53186,-1,1,-0.69598424,0.33270317,0,1,unassigned,7.0,6.0,1.0,0.85714287,0.14285715,0.14285713,0.00967118,0.0013815971,1,0,0,0,0
53187,-1,0,3.3029864,0.9645311,1,1,unassigned,3.0,3.0,0.0,1.0,0.0,0.0,0.001934236,0.0,0,0,0,1,1
53188,-1,0,0.040165067,0.5100399,1,1,unassigned,3.0,3.0,0.0,1.0,0.0,0.0,0.001934236,0.0,0,0,0,1,0
53189,-1,1,-0.8372512,0.30211404,0,1,unassigned,20.0,17.0,3.0,0.85,0.15,0.14999998,0.034816246,0.005222437,1,0,0,0,0
53190,-1,1,-0.8424559,0.3010178,0,1,unassigned,69.0,67.0,2.0,0.9710145,0.028985508,0.0289855,0.1295938,0.0037563422,1,0,0,0,0
53191,-1,1,-0.6397056,0.3453131,0,1,unassigned,50.0,47.0,3.0,0.94,0.06,0.060000002,0.092843324,0.0055705993,1,0,0,0,0
53192,-1,0,-0.4331156,0.39338258,0,1,unassigned,13.0,13.0,0.0,1.0,0.0,0.0,0.021276595,0.0,0,0,0,0,0
53193,-1,1,0.7165939,0.6718565,1,1,unassigned,17.0,17.0,0.0,1.0,0.0,0.0,0.029013539,0.0,1,0,0,1,0
53194,-1,1,-0.812437,0.3073714,0,1,unassigned,44.0,42.0,2.0,0.95454544,0.045454547,0.04545456,0.08123791,0.0036926325,1,0,0,0,0
53195,-1,1,-0.95632064,0.2776155,0,1,unassigned,37.0,37.0,0.0,1.0,0.0,0.0,0.06769826,0.0,1,0,0,0,0
53196,-1,1,-0.8401405,0.30150518,0,1,unassigned,88.0,88.0,0.0,1.0,0.0,0.0,0.1663443,0.0,1,0,0,0,0
53197,-1,1,-0.8649946,0.2962969,0,1,unassigned,89.0,87.0,2.0,0.9775281,0.02247191,0.022471905,0.16827853,0.00378154,1,0,0,0,0
53198,-1,1,-0.6836964,0.33543682,0,1,unassigned,19.0,19.0,0.0,1.0,0.0,0.0,0.032882012,0.0,1,0,0,0,0
53199,-1,1,-0.8857428,0.29198915,0,1,unassigned,78.0,78.0,0.0,1.0,0.0,0.0,0.14700194,0.0,1,0,0,0,0
53200,-1,1,3.6006734,0.9734204,1,1,unassigned,6.0,6.0,0.0,1.0,0.0,0.0,0.007736944,0.0,1,0,0,1,1
53201,-1,0,5.684001,0.99661154,1,1,unassigned,5.0,5.0,0.0,1.0,0.0,0.0,0.0058027077,0.0,0,0,0,1,1
53202,-1,0,0.47904128,0.61752146,1,1,unassigned,3.0,3.0,0.0,1.0,0.0,0.0,0.001934236,0.0,0,0,0,1,0
53203,0,1,-0.6843561,0.33528978,0,0,unassigned,21.0,19.0,2.0,0.9047619,0.0952381,0.09523809,0.036750484,0.0035000462,1,0,1,0,0
53204,0,1,-0.52503633,0.3716753,0,0,val,26.0,25.0,1.0,0.96153843,0.03846154,0.038461566,0.046421662,0.0017854486,1,0,1,0,0
53205,1,1,-0.6163391,0.35061452,0,1,train,73.0,70.0,3.0,0.9589041,0.04109589,0.041095912,0.13733076,0.0056437296,1,0,0,0,0
53206,0,0,-0.49968952,0.3776136,0,0,train,8.0,7.0,1.0,0.875,0.125,0.125,0.0116054155,0.0014506769,0,0,1,0,0
53207,0,1,-0.79959285,0.3101126,0,0,unassigned,56.0,36.0,20.0,0.64285713,0.35714287,0.35714287,0.10444874,0.037303124,1,0,1,0,0
53208,-1,0,0.74324447,0.67770493,1,1,unassigned,34.0,34.0,0.0,1.0,0.0,0.0,0.061895553,0.0,0,0,0,1,0
53209,1,1,3.3085759,0.9647219,1,0,unassigned,43.0,37.0,6.0,0.8604651,0.13953489,0.13953489,0.079303674,0.011065629,1,0,1,1,1
53210,-1,0,-0.9091196,0.28718,0,1,unassigned,24.0,23.0,1.0,0.9583333,0.041666668,0.041666687,0.04255319,0.0017730496,0,0,0,0,0
53211,-1,1,1.9092724,0.8709374,1,1,unassigned,2.0,2.0,0.0,1.0,0.0,0.0,0.0,0.0,1,0,0,1,0
53212,-1,1,-0.710021,0.3295942,0,1,unassigned,31.0,31.0,0.0,1.0,0.0,0.0,0.056092843,0.0,1,0,0,0,0
53213,-1,1,0.2639597,0.5656094,1,1,unassigned,11.0,11.0,0.0,1.0,0.0,0.0,0.017408123,0.0,1,0,0,1,0
53214,-1,0,0.0777446,0.51942635,1,1,unassigned,19.0,19.0,0.0,1.0,0.0,0.0,0.032882012,0.0,0,0,0,1,0
53215,-1,0,0.9150005,0.7140223,1,1,unassigned,2.0,2.0,0.0,1.0,0.0,0.0,0.0,0.0,0,0,0,1,0
53216,-1,1,2.0708427,0.8880368,1,1,unassigned,16.0,16.0,0.0,1.0,0.0,0.0,0.027079303,0.0,1,0,0,1,0
53217,-1,0,3.9874232,0.9817903,1,1,unassigned,3.0,3.0,0.0,1.0,0.0,0.0,0.001934236,0.0,0,0,0,1,1
53218,-1,0,0.0042287707,0.5010572,1,1,unassigned,44.0,44.0,0.0,1.0,0.0,0.0,0.08123791,0.0,0,0,0,1,0
53219,-1,0,3.0943773,0.9566602,1,1,unassigned,2.0,2.0,0.0,1.0,0.0,0.0,0.0,0.0,0,0,0,1,1
53220,-1,0,15.339421,0.99999976,1,1,unassigned,8.0,6.0,2.0,0.75,0.25,0.25,0.0116054155,0.0029013539,0,0,0,1,1
53221,-1,0,3.4460175,0.9691122,1,1,unassigned,2.0,2.0,0.0,1.0,0.0,0.0,0.0,0.0,0,0,0,1,1
53222,-1,0,1.5640786,0.82693785,1,1,unassigned,2.0,2.0,0.0,1.0,0.0,0.0,0.0,0.0,0,0,0,1,0
53223,-1,1,-0.2519924,0.43733317,0,1,unassigned,3.0,3.0,0.0,1.0,0.0,0.0,0.001934236,0.0,1,0,0,0,0
53224,-1,1,0.3349505,0.5829634,1,1,unassigned,2.0,2.0,0.0,1.0,0.0,0.0,0.0,0.0,1,0,0,1,0
53225,1,0,4.135569,0.9842582,1,0,val,6.0,6.0,0.0,1.0,0.0,0.0,0.007736944,0.0,0,0,1,1,1
53226,-1,0,1.3095253,0.7874337,1,1,unassigned,2.0,2.0,0.0,1.0,0.0,0.0,0.0,0.0,0,0,0,1,0
53227,1,1,-0.08785829,0.47804955,0,1,val,9.0,9.0,0.0,1.0,0.0,0.0,0.013539651,0.0,1,0,0,0,0
53228,-1,0,7.319955,0.9993382,1,1,unassigned,2.0,2.0,0.0,1.0,0.0,0.0,0.0,0.0,0,0,0,1,1
53229,0,0,2.4133508,0.9178397,1,1,val,2.0,2.0,0.0,1.0,0.0,0.0,0.0,0.0,0,0,0,1,1
53230,-1,0,-0.52269924,0.3722213,0,1,unassigned,3.0,3.0,0.0,1.0,0.0,0.0,0.001934236,0.0,0,0,0,0,0
53231,-1,0,9.0486965,0.99988246,1,1,unassigned,2.0,2.0,0.0,1.0,0.0,0.0,0.0,0.0,0,0,0,1,1
53232,-1,0,3.823644,0.97861904,1,1,unassigned,10.0,4.0,6.0,0.4,0.6,0.6,0.015473888,0.009284333,0,0,0,1,1
53233,1,0,-0.70368737,0.3309952,0,1,test,13.0,13.0,0.0,1.0,0.0,0.0,0.021276595,0.0,0,0,0,0,0
53234,-1,0,-0.09802818,0.47551253,0,1,unassigned,48.0,48.0,0.0,1.0,0.0,0.0,0.088974856,0.0,0,0,0,0,0
53235,-1,1,1.7268159,0.8490047,1,1,unassigned,32.0,32.0,0.0,1.0,0.0,0.0,0.058027077,0.0,1,0,0,1,0
53236,1,0,-0.8068129,0.30857006,0,1,test,11.0,11.0,0.0,1.0,0.0,0.0,0.017408123,0.0,0,0,0,0,0
53237,-1,0,-0.06893283,0.48277357,0,1,unassigned,6.0,5.0,1.0,0.8333333,0.16666667,0.16666669,0.007736944,0.0012894907,0,0,0,0,0
53238,-1,0,-0.28428668,0.42940316,0,1,unassigned,18.0,18.0,0.0,1.0,0.0,0.0,0.030947777,0.0,0,0,0,0,0
53239,0,1,-0.5444028,0.36716396,0,0,unassigned,49.0,49.0,0.0,1.0,0.0,0.0,0.09090909,0.0,1,0,1,0,0
53240,0,0,-0.1529538,0.4618359,0,0,val,3.0,3.0,0.0,1.0,0.0,0.0,0.001934236,0.0,0,0,1,0,0
53241,-1,0,2.0098217,0.88182443,1,1,unassigned,3.0,3.0,0.0,1.0,0.0,0.0,0.001934236,0.0,0,0,0,1,0
53242,-1,0,-0.13506943,0.46628392,0,1,unassigned,23.0,23.0,0.0,1.0,0.0,0.0,0.040618956,0.0,0,0,0,0,0
53243,-1,0,-0.9884002,0.27122816,0,1,unassigned,4.0,4.0,0.0,1.0,0.0,0.0,0.003868472,0.0,0,0,0,0,0
53244,1,1,3.9380648,0.98088664,1,0,test,23.0,21.0,2.0,0.9130435,0.08695652,0.0869565,0.040618956,0.0035320832,1,0,1,1,1
53245,-1,1,3.7071927,0.97604173,1,1,unassigned,51.0,51.0,0.0,1.0,0.0,0.0,0.09477756,0.0,1,0,0,1,1
53246,0,1,-0.74791366,0.32127607,0,0,unassigned,88.0,88.0,0.0,1.0,0.0,0.0,0.1663443,0.0,1,0,1,0,0
53247,-1,1,2.5319583,0.9263521,1,1,unassigned,5.0,5.0,0.0,1.0,0.0,0.0,0.0058027077,0.0,1,0,0,1,1
53248,-1,1,-0.8710565,0.29503453,0,1,unassigned,18.0,18.0,0.0,1.0,0.0,0.0,0.030947777,0.0,1,0,0,0,0
53249,-1,1,-0.41698235,0.3972391,0,1,unassigned,40.0,36.0,4.0,0.9,0.1,0.100000024,0.07350097,0.007350097,1,0,0,0,0
53250,-1,1,-0.90611106,0.2877963,0,1,unassigned,29.0,29.0,0.0,1.0,0.0,0.0,0.05222437,0.0,1,0,0,0,0
53251,-1,0,1.322911,0.7896656,1,1,unassigned,3.0,3.0,0.0,1.0,0.0,0.0,0.001934236,0.0,0,0,0,1,0
53252,1,0,-0.18275031,0.4544391,0,1,unassigned,30.0,30.0,0.0,1.0,0.0,0.0,0.054158606,0.0,0,0,0,0,0
53253,-1,0,5.7205815,0.99673295,1,1,unassigned,3.0,3.0,0.0,1.0,0.0,0.0,0.001934236,0.0,0,0,0,1,1
53254,-1,1,0.009211779,0.50230294,1,1,unassigned,39.0,37.0,2.0,0.94871795,0.051282052,0.05128205,0.07156673,0.0036700887,1,0,0,1,0
53255,-1,1,-0.6347996,0.34642306,0,1,unassigned,185.0,184.0,1.0,0.9945946,0.0054054055,0.005405426,0.3539652,0.0019133254,1,0,0,0,0
53256,-1,1,-0.7444867,0.3220238,0,1,unassigned,75.0,75.0,0.0,1.0,0.0,0.0,0.14119923,0.0,1,0,0,0,0
53257,0,1,-0.7818431,0.31392276,0,0,unassigned,77.0,74.0,3.0,0.96103895,0.038961038,0.038961053,0.14506769,0.0056519876,1,0,1,0,0
53258,-1,1,-0.82436824,0.3048372,0,1,unassigned,59.0,55.0,4.0,0.9322034,0.06779661,0.06779659,0.11025145,0.0074746744,1,0,0,0,0
53259,-1,1,-0.6492629,0.34315568,0,1,unassigned,72.0,72.0,0.0,1.0,0.0,0.0,0.13539653,0.0,1,0,0,0,0
53260,-1,1,-0.58970284,0.35670304,0,1,unassigned,149.0,141.0,8.0,0.94630873,0.053691275,0.053691268,0.2843327,0.015266185,1,0,0,0,0
53261,0,1,-0.88020617,0.29313505,0,0,unassigned,38.0,38.0,0.0,1.0,0.0,0.0,0.06963249,0.0,1,0,1,0,0
53262,-1,1,-0.6917584,0.33364204,0,1,unassigned,87.0,85.0,2.0,0.9770115,0.022988506,0.022988498,0.16441005,0.0037795415,1,0,0,0,0
53263,-1,1,-0.23091465,0.4425265,0,1,unassigned,56.0,54.0,2.0,0.96428573,0.035714287,0.03571427,0.10444874,0.0037303125,1,0,0,0,0
53264,1,1,0.5022834,0.62299573,1,0,test,38.0,34.0,4.0,0.8947368,0.10526316,0.10526317,0.06963249,0.0073297364,1,0,1,1,0
53265,-1,1,0.3794889,0.5937498,1,1,unassigned,7.0,7.0,0.0,1.0,0.0,0.0,0.00967118,0.0,1,0,0,1,0
53266,-1,0,1.9314077,0.8734052,1,1,unassigned,11.0,11.0,0.0,1.0,0.0,0.0,0.017408123,0.0,0,0,0,1,0
53267,-1,0,5.236836,0.99471104,1,1,unassigned,2.0,1.0,1.0,0.5,0.5,0.5,0.0,0.0,0,0,0,1,1
53268,-1,1,1.2503078,0.7773531,1,1,unassigned,3.0,2.0,1.0,0.6666667,0.33333334,0.3333333,0.001934236,0.00064474536,1,0,0,1,0
53269,-1,1,-0.23179713,0.4423088,0,1,unassigned,2.0,2.0,0.0,1.0,0.0,0.0,0.0,0.0,1,0,0,0,0
53270,0,1,-0.7766671,0.31503862,0,0,val,48.0,44.0,4.0,0.9166667,0.083333336,0.08333331,0.088974856,0.0074145715,1,0,1,0,0
53271,-1,0,0.25886005,0.564356,1,1,unassigned,2.0,2.0,0.0,1.0,0.0,0.0,0.0,0.0,0,0,0,1,0
53272,-1,1,-0.74062455,0.32286757,0,1,unassigned,38.0,37.0,1.0,0.9736842,0.02631579,0.026315808,0.06963249,0.0018324341,1,0,0,0,0
53273,-1,1,1.7052035,0.8462131,1,1,unassigned,32.0,30.0,2.0,0.9375,0.0625,0.0625,0.058027077,0.0036266923,1,0,0,1,0
53274,1,0,3.6954873,0.9757665,1,0,unassigned,2.0,2.0,0.0,1.0,0.0,0.0,0.0,0.0,0,0,1,1,1
53275,-1,1,7.0759873,0.9991555,1,1,unassigned,15.0,15.0,0.0,1.0,0.0,0.0,0.025145067,0.0,1,0,0,1,1
53276,1,0,-0.7389504,0.32323372,0,1,val,3.0,2.0,1.0,0.6666667,0.33333334,0.3333333,0.001934236,0.00064474536,0,0,0,0,0
53277,-1,1,2.68035,0.9358572,1,1,unassigned,33.0,31.0,2.0,0.93939394,0.060606062,0.060606062,0.059961315,0.0036340193,1,0,0,1,1
53278,-1,0,4.494942,0.9889579,1,1,unassigned,6.0,6.0,0.0,1.0,0.0,0.0,0.007736944,0.0,0,0,0,1,1
53279,-1,1,-0.82699454,0.30428094,0,1,unassigned,108.0,106.0,2.0,0.9814815,0.018518519,0.018518507,0.20502901,0.0037968336,1,0,0,0,0
53280,-1,1,-0.76580554,0.31738713,0,1,unassigned,80.0,76.0,4.0,0.95,0.05,0.050000012,0.15087041,0.0075435205,1,0,0,0,0
53281,-1,0,1.350759,0.7942537,1,1,unassigned,2.0,2.0,0.0,1.0,0.0,0.0,0.0,0.0,0,0,0,1,0
53282,-1,0,-0.7862063,0.31298384,0,1,unassigned,19.0,18.0,1.0,0.94736844,0.05263158,0.052631557,0.032882012,0.0017306323,0,0,0,0,0
53283,-1,0,-0.20324177,0.44936374,0,1,unassigned,17.0,17.0,0.0,1.0,0.0,0.0,0.029013539,0.0,0,0,0,0,0
53284,-1,1,-0.24746901,0.43844652,0,1,unassigned,41.0,39.0,2.0,0.9512195,0.048780486,0.0487805,0.07543521,0.003679766,1,0,0,0,0
53285,-1,1,-0.6475183,0.343549,0,1,unassigned,40.0,40.0,0.0,1.0,0.0,0.0,0.07350097,0.0,1,0,0,0,0
53286,-1,1,-1.3544531,0.20514329,0,1,unassigned,5.0,3.0,2.0,0.6,0.4,0.39999998,0.0058027077,0.002321083,1,0,0,0,0
53287,0,1,-0.87568676,0.2940724,0,0,test,69.0,69.0,0.0,1.0,0.0,0.0,0.1295938,0.0,1,0,1,0,0
53288,-1,0,5.6267323,0.9964126,1,1,unassigned,5.0,4.0,1.0,0.8,0.2,0.19999999,0.0058027077,0.0011605415,0,0,0,1,1
53289,-1,1,-0.2989246,0.42582038,0,1,unassigned,63.0,52.0,11.0,0.82539684,0.17460318,0.17460316,0.11798839,0.020601148,1,0,0,0,0
53290,-1,1,1.7016721,0.845753,1,1,unassigned,16.0,14.0,2.0,0.875,0.125,0.125,0.027079303,0.0033849129,1,0,0,1,0
53291,-1,1,3.9585574,0.981267,1,1,unassigned,12.0,12.0,0.0,1.0,0.0,0.0,0.01934236,0.0,1,0,0,1,1
53292,-1,1,10.821108,0.99998,1,1,unassigned,2.0,2.0,0.0,1.0,0.0,0.0,0.0,0.0,1,0,0,1,1
53293,-1,0,3.1504319,0.9589258,1,1,unassigned,16.0,16.0,0.0,1.0,0.0,0.0,0.027079303,0.0,0,0,0,1,1
53294,-1,0,3.490206,0.97040784,1,1,unassigned,2.0,2.0,0.0,1.0,0.0,0.0,0.0,0.0,0,0,0,1,1
53295,1,1,0.84138626,0.69875705,1,0,val,23.0,21.0,2.0,0.9130435,0.08695652,0.0869565,0.040618956,0.0035320832,1,0,1,1,0
53296,-1,0,1.3374696,0.7920735,1,1,unassigned,43.0,37.0,6.0,0.8604651,0.13953489,0.13953489,0.079303674,0.011065629,0,0,0,1,0
53297,-1,1,-0.8155555,0.30670792,0,1,unassigned,13.0,13.0,0.0,1.0,0.0,0.0,0.021276595,0.0,1,0,0,0,0
53298,-1,1,-0.4109035,0.39869553,0,1,unassigned,13.0,13.0,0.0,1.0,0.0,0.0,0.021276595,0.0,1,0,0,0,0
53299,-1,1,-0.701331,0.3315172,0,1,unassigned,26.0,23.0,3.0,0.88461536,0.115384616,0.11538464,0.046421662,0.005356346,1,0,0,0,0
53300,1,1,-0.19727802,0.45083982,0,1,test,64.0,61.0,3.0,0.953125,0.046875,0.046875,0.11992263,0.005621373,1,0,0,0,0
53301,-1,1,0.47946674,0.61762196,1,1,unassigned,2.0,2.0,0.0,1.0,0.0,0.0,0.0,0.0,1,0,0,1,0
53302,-1,0,-0.76332706,0.31792438,0,1,unassigned,2.0,1.0,1.0,0.5,0.5,0.5,0.0,0.0,0,0,0,0,0
53303,-1,0,5.7125926,0.9967068,1,1,unassigned,7.0,7.0,0.0,1.0,0.0,0.0,0.00967118,0.0,0,0,0,1,1
53304,-1,0,0.043651402,0.5109111,1,1,unassigned,9.0,8.0,1.0,0.8888889,0.11111111,0.111111104,0.013539651,0.0015044058,0,0,0,1,0
53305,-1,0,1.4041221,0.8028372,1,1,unassigned,7.0,7.0,0.0,1.0,0.0,0.0,0.00967118,0.0,0,0,0,1,0
53306,-1,0,3.7858775,0.9778144,1,1,unassigned,10.0,9.0,1.0,0.9,0.1,0.100000024,0.015473888,0.0015473888,0,0,0,1,1
53307,-1,0,2.0249503,0.88339186,1,1,unassigned,8.0,8.0,0.0,1.0,0.0,0.0,0.0116054155,0.0,0,0,0,1,0
53308,-1,0,5.688685,0.9966274,1,1,unassigned,12.0,11.0,1.0,0.9166667,0.083333336,0.08333331,0.01934236,0.0016118633,0,0,0,1,1
53309,-1,0,-0.39643386,0.40216944,0,1,unassigned,13.0,13.0,0.0,1.0,0.0,0.0,0.021276595,0.0,0,0,0,0,0
53310,-1,0,0.0013793111,0.5003448,1,1,unassigned,26.0,26.0,0.0,1.0,0.0,0.0,0.046421662,0.0,0,0,0,1,0
53311,-1,0,-0.27211612,0.43238768,0,1,unassigned,26.0,26.0,0.0,1.0,0.0,0.0,0.046421662,0.0,0,0,0,0,0
53312,0,1,-0.8495097,0.29953572,0,0,val,22.0,22.0,0.0,1.0,0.0,0.0,0.03868472,0.0,1,0,1,0,0
53313,-1,1,0.004598558,0.50114965,1,1,unassigned,29.0,28.0,1.0,0.9655172,0.03448276,0.034482777,0.05222437,0.0018008404,1,0,0,1,0
53314,1,0,10.664072,0.99997663,1,0,unassigned,17.0,14.0,3.0,0.8235294,0.1764706,0.17647058,0.029013539,0.005120036,0,0,1,1,1
53315,1,0,1.8059928,0.85887694,1,0,unassigned,4.0,4.0,0.0,1.0,0.0,0.0,0.003868472,0.0,0,0,1,1,0
53316,-1,0,3.5535119,0.9721726,1,1,unassigned,2.0,2.0,0.0,1.0,0.0,0.0,0.0,0.0,0,0,0,1,1
53317,-1,0,3.5535119,0.9721726,1,1,unassigned,2.0,2.0,0.0,1.0,0.0,0.0,0.0,0.0,0,0,0,1,1
53318,-1,1,0.86984783,0.70471406,1,1,unassigned,4.0,3.0,1.0,0.75,0.25,0.25,0.003868472,0.000967118,1,0,0,1,0
53319,-1,0,7.7150483,0.9995541,1,1,unassigned,2.0,2.0,0.0,1.0,0.0,0.0,0.0,0.0,0,0,0,1,1
53320,-1,0,7.2796736,0.9993111,1,1,unassigned,3.0,3.0,0.0,1.0,0.0,0.0,0.001934236,0.0,0,0,0,1,1
53321,-1,0,-0.4102682,0.3988478,0,1,unassigned,2.0,2.0,0.0,1.0,0.0,0.0,0.0,0.0,0,0,0,0,0
53322,-1,0,1.5580285,0.82607025,1,1,unassigned,2.0,1.0,1.0,0.5,0.5,0.5,0.0,0.0,0,0,0,1,0
53323,-1,1,1.6755841,0.84231883,1,1,unassigned,10.0,10.0,0.0,1.0,0.0,0.0,0.015473888,0.0,1,0,0,1,0
53324,-1,1,-0.7343837,0.3242335,0,1,unassigned,38.0,37.0,1.0,0.9736842,0.02631579,0.026315808,0.06963249,0.0018324341,1,0,0,0,0
53325,-1,0,1.1603534,0.7613969,1,1,unassigned,2.0,2.0,0.0,1.0,0.0,0.0,0.0,0.0,0,0,0,1,0
53326,-1,0,0.11657035,0.52910966,1,1,unassigned,4.0,4.0,0.0,1.0,0.0,0.0,0.003868472,0.0,0,0,0,1,0
53327,-1,1,-0.52616143,0.3714126,0,1,unassigned,2.0,2.0,0.0,1.0,0.0,0.0,0.0,0.0,1,0,0,0,0
53328,-1,0,0.10604942,0.5264875,1,1,unassigned,2.0,2.0,0.0,1.0,0.0,0.0,0.0,0.0,0,0,0,1,0
53329,-1,0,4.8033624,0.9918646,1,1,unassigned,2.0,2.0,0.0,1.0,0.0,0.0,0.0,0.0,0,0,0,1,1
53330,-1,1,3.1502497,0.9589186,1,1,unassigned,51.0,50.0,1.0,0.98039216,0.019607844,0.019607842,0.09477756,0.0018583836,1,0,0,1,1
53331,-1,1,-0.12012637,0.47000447,0,1,unassigned,18.0,17.0,1.0,0.9444444,0.055555556,0.055555582,0.030947777,0.0017193209,1,0,0,0,0
53332,-1,0,-0.615742,0.35075048,0,1,unassigned,10.0,8.0,2.0,0.8,0.2,0.19999999,0.015473888,0.0030947777,0,0,0,0,0
53333,-1,1,-0.058536112,0.48537016,0,1,unassigned,5.0,5.0,0.0,1.0,0.0,0.0,0.0058027077,0.0,1,0,0,0,0
53334,-1,1,-0.29575232,0.4265962,0,1,unassigned,27.0,27.0,0.0,1.0,0.0,0.0,0.0483559,0.0,1,0,0,0,0
53335,-1,1,-0.85206103,0.29900068,0,1,unassigned,28.0,23.0,5.0,0.8214286,0.17857143,0.1785714,0.050290134,0.008980381,1,0,0,0,0
53336,-1,0,4.145428,0.9844103,1,1,unassigned,2.0,2.0,0.0,1.0,0.0,0.0,0.0,0.0,0,0,0,1,1
53337,-1,0,1.0467062,0.7401419,1,1,unassigned,4.0,3.0,1.0,0.75,0.25,0.25,0.003868472,0.000967118,0,0,0,1,0
53338,0,0,-0.14791724,0.46308798,0,0,test,31.0,31.0,0.0,1.0,0.0,0.0,0.056092843,0.0,0,0,1,0,0
53339,-1,1,-0.6812975,0.33597177,0,1,unassigned,27.0,27.0,0.0,1.0,0.0,0.0,0.0483559,0.0,1,0,0,0,0
53340,1,1,-0.33043042,0.41813588,0,1,unassigned,19.0,17.0,2.0,0.8947368,0.10526316,0.10526317,0.032882012,0.0034612645,1,0,0,0,0
53341,-1,1,-0.101807535,0.4745701,0,1,unassigned,72.0,72.0,0.0,1.0,0.0,0.0,0.13539653,0.0,1,0,0,0,0
53342,-1,1,-0.25827926,0.43578675,0,1,unassigned,31.0,27.0,4.0,0.87096775,0.12903225,0.12903225,0.056092843,0.007237786,1,0,0,0,0
53343,-1,0,5.012897,0.9933923,1,1,unassigned,5.0,5.0,0.0,1.0,0.0,0.0,0.0058027077,0.0,0,0,0,1,1
53344,-1,0,-0.40413457,0.4003194,0,1,unassigned,7.0,7.0,0.0,1.0,0.0,0.0,0.00967118,0.0,0,0,0,0,0
53345,-1,0,0.010178864,0.5025447,1,1,unassigned,21.0,21.0,0.0,1.0,0.0,0.0,0.036750484,0.0,0,0,0,1,0
53346,-1,1,-0.5903611,0.356552,0,1,unassigned,2.0,2.0,0.0,1.0,0.0,0.0,0.0,0.0,1,0,0,0,0
53347,-1,0,9.0486965,0.99988246,1,1,unassigned,2.0,2.0,0.0,1.0,0.0,0.0,0.0,0.0,0,0,0,1,1
53348,-1,0,4.047489,0.9828336,1,1,unassigned,3.0,2.0,1.0,0.6666667,0.33333334,0.3333333,0.001934236,0.00064474536,0,0,0,1,1
53349,-1,1,5.542379,0.99609804,1,1,unassigned,57.0,53.0,4.0,0.9298246,0.07017544,0.07017541,0.10638298,0.0074654724,1,0,0,1,1
53350,-1,0,3.213464,0.96133786,1,1,unassigned,20.0,20.0,0.0,1.0,0.0,0.0,0.034816246,0.0,0,0,0,1,1
53351,-1,0,3.3646858,0.9665825,1,1,unassigned,3.0,3.0,0.0,1.0,0.0,0.0,0.001934236,0.0,0,0,0,1,1
53352,-1,0,4.370088,0.9875079,1,1,unassigned,11.0,11.0,0.0,1.0,0.0,0.0,0.017408123,0.0,0,0,0,1,1
53353,1,0,-0.34735316,0.4140244,0,1,test,4.0,4.0,0.0,1.0,0.0,0.0,0.003868472,0.0,0,0,0,0,0
53354,-1,0,-0.11310363,0.47175416,0,1,unassigned,3.0,3.0,0.0,1.0,0.0,0.0,0.001934236,0.0,0,0,0,0,0
53355,-1,0,-0.32267135,0.42002487,0,1,unassigned,22.0,21.0,1.0,0.95454544,0.045454547,0.04545456,0.03868472,0.0017583964,0,0,0,0,0
53356,-1,0,0.62208384,0.65069234,1,1,unassigned,3.0,3.0,0.0,1.0,0.0,0.0,0.001934236,0.0,0,0,0,1,0
53357,-1,0,-1.0881734,0.2519624,0,1,unassigned,10.0,7.0,3.0,0.7,0.3,0.3,0.015473888,0.0046421667,0,0,0,0,0
53358,-1,0,1.1642282,0.76210016,1,1,unassigned,20.0,20.0,0.0,1.0,0.0,0.0,0.034816246,0.0,0,0,0,1,0
53359,-1,1,3.5851614,0.9730162,1,1,unassigned,3.0,2.0,1.0,0.6666667,0.33333334,0.3333333,0.001934236,0.00064474536,1,0,0,1,1
53360,-1,1,4.1575294,0.9845948,1,1,unassigned,4.0,4.0,0.0,1.0,0.0,0.0,0.003868472,0.0,1,0,0,1,1
53361,-1,0,2.0169132,0.88256145,1,1,unassigned,2.0,2.0,0.0,1.0,0.0,0.0,0.0,0.0,0,0,0,1,0
53362,-1,0,0.14258868,0.5355869,1,1,unassigned,5.0,4.0,1.0,0.8,0.2,0.19999999,0.0058027077,0.0011605415,0,0,0,1,0
53363,-1,1,-0.12566447,0.46862516,0,1,unassigned,8.0,8.0,0.0,1.0,0.0,0.0,0.0116054155,0.0,1,0,0,0,0
53364,-1,1,1.3816969,0.79926336,1,1,unassigned,6.0,6.0,0.0,1.0,0.0,0.0,0.007736944,0.0,1,0,0,1,0
53365,-1,1,2.0304759,0.8839599,1,1,unassigned,6.0,6.0,0.0,1.0,0.0,0.0,0.007736944,0.0,1,0,0,1,0
53366,-1,0,0.2986452,0.5741113,1,1,unassigned,5.0,4.0,1.0,0.8,0.2,0.19999999,0.0058027077,0.0011605415,0,0,0,1,0
53367,1,1,-0.83051264,0.30353668,0,1,test,2.0,2.0,0.0,1.0,0.0,0.0,0.0,0.0,1,0,0,0,0
53368,-1,0,1.4289863,0.8067433,1,1,unassigned,2.0,2.0,0.0,1.0,0.0,0.0,0.0,0.0,0,0,0,1,0
53369,0,1,-0.38245425,0.40553507,0,0,test,23.0,22.0,1.0,0.95652175,0.04347826,0.04347825,0.040618956,0.0017660416,1,0,1,0,0
53370,0,0,0.52371377,0.62801576,1,1,unassigned,10.0,10.0,0.0,1.0,0.0,0.0,0.015473888,0.0,0,0,0,1,0
53371,-1,0,6.205735,0.9979862,1,1,unassigned,4.0,4.0,0.0,1.0,0.0,0.0,0.003868472,0.0,0,0,0,1,1
53372,-1,1,-0.5851655,0.35774487,0,1,unassigned,18.0,16.0,2.0,0.8888889,0.11111111,0.111111104,0.030947777,0.0034386418,1,0,0,0,0
53373,-1,0,5.627608,0.99641573,1,1,unassigned,9.0,9.0,0.0,1.0,0.0,0.0,0.013539651,0.0,0,0,0,1,1
53374,-1,0,0.22278756,0.55546767,1,1,unassigned,4.0,4.0,0.0,1.0,0.0,0.0,0.003868472,0.0,0,0,0,1,0
53375,-1,0,-0.022986352,0.4942537,0,1,unassigned,26.0,26.0,0.0,1.0,0.0,0.0,0.046421662,0.0,0,0,0,0,0
53376,-1,0,-0.43259838,0.39350605,0,1,unassigned,9.0,9.0,0.0,1.0,0.0,0.0,0.013539651,0.0,0,0,0,0,0
53377,1,1,0.17313606,0.54317623,1,0,unassigned,52.0,52.0,0.0,1.0,0.0,0.0,0.0967118,0.0,1,0,1,1,0
53378,-1,1,1.5028126,0.81799364,1,1,unassigned,20.0,20.0,0.0,1.0,0.0,0.0,0.034816246,0.0,1,0,0,1,0
53379,-1,1,-0.57971495,0.35899815,0,1,unassigned,19.0,19.0,0.0,1.0,0.0,0.0,0.032882012,0.0,1,0,0,0,0
53380,-1,1,-0.73253834,0.32463798,0,1,unassigned,32.0,22.0,10.0,0.6875,0.3125,0.3125,0.058027077,0.018133461,1,0,0,0,0
53381,-1,1,0.6776424,0.66321236,1,1,unassigned,11.0,10.0,1.0,0.90909094,0.09090909,0.090909064,0.017408123,0.0015825568,1,0,0,1,0
53382,-1,1,-0.62723756,0.3481372,0,1,unassigned,76.0,75.0,1.0,0.9868421,0.013157895,0.013157904,0.14313346,0.0018833351,1,0,0,0,0
53383,-1,0,-0.9467921,0.2795304,0,1,unassigned,49.0,49.0,0.0,1.0,0.0,0.0,0.09090909,0.0,0,0,0,0,0
53384,-1,0,-0.44126958,0.39143848,0,1,unassigned,3.0,3.0,0.0,1.0,0.0,0.0,0.001934236,0.0,0,0,0,0,0
53385,-1,1,2.208298,0.9009922,1,1,unassigned,10.0,9.0,1.0,0.9,0.1,0.100000024,0.015473888,0.0015473888,1,0,0,1,1
53386,0,1,-0.31649163,0.42153096,0,0,test,25.0,25.0,0.0,1.0,0.0,0.0,0.044487428,0.0,1,0,1,0,0
53387,-1,1,-0.36193746,0.41049066,0,1,unassigned,23.0,23.0,0.0,1.0,0.0,0.0,0.040618956,0.0,1,0,0,0,0
53388,-1,1,0.82563204,0.6954305,1,1,unassigned,4.0,4.0,0.0,1.0,0.0,0.0,0.003868472,0.0,1,0,0,1,0
53389,-1,0,0.16643912,0.541514,1,1,unassigned,32.0,30.0,2.0,0.9375,0.0625,0.0625,0.058027077,0.0036266923,0,0,0,1,0
53390,-1,0,-0.58697003,0.35733038,0,1,unassigned,2.0,2.0,0.0,1.0,0.0,0.0,0.0,0.0,0,0,0,0,0
53391,-1,0,1.2811849,0.7826514,1,1,unassigned,4.0,3.0,1.0,0.75,0.25,0.25,0.003868472,0.000967118,0,0,0,1,0
53392,-1,0,0.3118835,0.5773449,1,1,unassigned,2.0,1.0,1.0,0.5,0.5,0.5,0.0,0.0,0,0,0,1,0
53393,1,1,5.465795,0.9957889,1,0,val,7.0,7.0,0.0,1.0,0.0,0.0,0.00967118,0.0,1,0,1,1,1
53394,-1,1,1.5365646,0.8229647,1,1,unassigned,8.0,8.0,0.0,1.0,0.0,0.0,0.0116054155,0.0,1,0,0,1,0
53395,-1,1,-0.8828012,0.29259762,0,1,unassigned,33.0,33.0,0.0,1.0,0.0,0.0,0.059961315,0.0,1,0,0,0,0
53396,-1,1,2.1158535,0.89243454,1,1,unassigned,12.0,10.0,2.0,0.8333333,0.16666667,0.16666669,0.01934236,0.0032237265,1,0,0,1,0
53397,-1,0,0.8970112,0.71033496,1,1,unassigned,2.0,2.0,0.0,1.0,0.0,0.0,0.0,0.0,0,0,0,1,0
53398,-1,1,-0.7202283,0.32734272,0,1,unassigned,71.0,71.0,0.0,1.0,0.0,0.0,0.13346228,0.0,1,0,0,0,0
53399,-1,1,-0.55331206,0.36509633,0,1,unassigned,20.0,20.0,0.0,1.0,0.0,0.0,0.034816246,0.0,1,0,0,0,0
53400,-1,1,-0.2367819,0.44107956,0,1,unassigned,4.0,3.0,1.0,0.75,0.25,0.25,0.003868472,0.000967118,1,0,0,0,0
53401,1,1,0.34649968,0.5857685,1,0,train,2.0,2.0,0.0,1.0,0.0,0.0,0.0,0.0,1,0,1,1,0
53402,-1,1,-0.17148718,0.45723295,0,1,unassigned,19.0,19.0,0.0,1.0,0.0,0.0,0.032882012,0.0,1,0,0,0,0
53403,-1,1,-0.6653082,0.33954823,0,1,unassigned,81.0,75.0,6.0,0.9259259,0.074074075,0.07407409,0.15280464,0.011318862,1,0,0,0,0
53404,-1,1,-0.7182729,0.32777342,0,1,unassigned,8.0,8.0,0.0,1.0,0.0,0.0,0.0116054155,0.0,1,0,0,0,0
53405,0,1,-0.80852604,0.30820468,0,0,val,25.0,24.0,1.0,0.96,0.04,0.04000002,0.044487428,0.001779497,1,0,1,0,0
53406,-1,0,-0.1423845,0.4644639,0,1,unassigned,24.0,24.0,0.0,1.0,0.0,0.0,0.04255319,0.0,0,0,0,0,0
53407,1,0,3.731889,0.97661245,1,0,unassigned,4.0,4.0,0.0,1.0,0.0,0.0,0.003868472,0.0,0,0,1,1,1
53408,1,1,-0.004959941,0.49875996,0,1,test,6.0,4.0,2.0,0.6666667,0.33333334,0.3333333,0.007736944,0.0025789815,1,0,0,0,0
53409,-1,0,13.245964,0.9999982,1,1,unassigned,5.0,4.0,1.0,0.8,0.2,0.19999999,0.0058027077,0.0011605415,0,0,0,1,1
53410,1,1,4.6750236,0.99076086,1,0,test,2.0,1.0,1.0,0.5,0.5,0.5,0.0,0.0,1,0,1,1,1
53411,0,1,-0.79010886,0.31214532,0,0,unassigned,39.0,39.0,0.0,1.0,0.0,0.0,0.07156673,0.0,1,0,1,0,0
53412,-1,0,-0.1693731,0.45775768,0,1,unassigned,3.0,3.0,0.0,1.0,0.0,0.0,0.001934236,0.0,0,0,0,0,0
53413,-1,1,-0.6021913,0.3538425,0,1,unassigned,120.0,119.0,1.0,0.9916667,0.008333334,0.008333325,0.22823985,0.0019019989,1,0,0,0,0
53414,-1,0,-0.96378106,0.2761218,0,1,unassigned,2.0,2.0,0.0,1.0,0.0,0.0,0.0,0.0,0,0,0,0,0
53415,-1,1,2.7021716,0.93715465,1,1,unassigned,4.0,4.0,0.0,1.0,0.0,0.0,0.003868472,0.0,1,0,0,1,1
53416,-1,1,-0.7036286,0.3310082,0,1,unassigned,36.0,36.0,0.0,1.0,0.0,0.0,0.065764025,0.0,1,0,0,0,0
53417,-1,0,3.9537861,0.98117906,1,1,unassigned,2.0,2.0,0.0,1.0,0.0,0.0,0.0,0.0,0,0,0,1,1
53418,-1,1,5.054656,0.9936608,1,1,unassigned,3.0,3.0,0.0,1.0,0.0,0.0,0.001934236,0.0,1,0,0,1,1
53419,-1,0,0.76934344,0.6833789,1,1,unassigned,20.0,20.0,0.0,1.0,0.0,0.0,0.034816246,0.0,0,0,0,1,0
53420,1,0,0.23701495,0.5589779,1,0,unassigned,14.0,14.0,0.0,1.0,0.0,0.0,0.023210831,0.0,0,0,1,1,0
53421,-1,0,-0.024437666,0.49389088,0,1,unassigned,14.0,14.0,0.0,1.0,0.0,0.0,0.023210831,0.0,0,0,0,0,0
53422,0,0,-0.3931299,0.4029641,0,0,unassigned,6.0,6.0,0.0,1.0,0.0,0.0,0.007736944,0.0,0,0,1,0,0
53423,1,1,5.5246387,0.99602854,1,0,val,10.0,7.0,3.0,0.7,0.3,0.3,0.015473888,0.0046421667,1,0,1,1,1
53424,-1,0,7.4596047,0.99942446,1,1,unassigned,3.0,3.0,0.0,1.0,0.0,0.0,0.001934236,0.0,0,0,0,1,1
53425,-1,0,0.8874877,0.7083714,1,1,unassigned,9.0,8.0,1.0,0.8888889,0.11111111,0.111111104,0.013539651,0.0015044058,0,0,0,1,0
53426,-1,0,-0.52584827,0.37148574,0,1,unassigned,28.0,27.0,1.0,0.96428573,0.035714287,0.03571427,0.050290134,0.0017960763,0,0,0,0,0
53427,0,0,-0.5290095,0.37074792,0,0,unassigned,23.0,23.0,0.0,1.0,0.0,0.0,0.040618956,0.0,0,0,1,0,0
53428,1,1,-0.13588607,0.4660807,0,1,unassigned,6.0,5.0,1.0,0.8333333,0.16666667,0.16666669,0.007736944,0.0012894907,1,0,0,0,0
53429,-1,1,-0.28769478,0.42856833,0,1,unassigned,9.0,9.0,0.0,1.0,0.0,0.0,0.013539651,0.0,1,0,0,0,0
53430,-1,0,-0.62806106,0.34795034,0,1,unassigned,2.0,2.0,0.0,1.0,0.0,0.0,0.0,0.0,0,0,0,0,0
53431,-1,1,-0.6327257,0.34689274,0,1,unassigned,8.0,7.0,1.0,0.875,0.125,0.125,0.0116054155,0.0014506769,1,0,0,0,0
53432,-1,1,-0.81982374,0.3058011,0,1,unassigned,13.0,12.0,1.0,0.9230769,0.07692308,0.07692307,0.021276595,0.0016366612,1,0,0,0,0
53433,-1,0,0.7801098,0.6857038,1,1,unassigned,2.0,2.0,0.0,1.0,0.0,0.0,0.0,0.0,0,0,0,1,0
53434,0,1,-0.4944935,0.3788356,0,0,unassigned,87.0,84.0,3.0,0.9655172,0.03448276,0.034482777,0.16441005,0.005669312,1,0,1,0,0
53435,-1,1,-0.86214226,0.29689196,0,1,unassigned,40.0,40.0,0.0,1.0,0.0,0.0,0.07350097,0.0,1,0,0,0,0
53436,-1,1,-0.814147,0.3070075,0,1,unassigned,55.0,55.0,0.0,1.0,0.0,0.0,0.102514505,0.0,1,0,0,0,0
53437,-1,1,-0.27622417,0.4313797,0,1,unassigned,49.0,49.0,0.0,1.0,0.0,0.0,0.09090909,0.0,1,0,0,0,0
53438,-1,1,-0.52251244,0.37226495,0,1,unassigned,8.0,8.0,0.0,1.0,0.0,0.0,0.0116054155,0.0,1,0,0,0,0
53439,-1,0,4.5312853,0.9893478,1,1,unassigned,7.0,7.0,0.0,1.0,0.0,0.0,0.00967118,0.0,0,0,0,1,1
53440,-1,0,4.5569253,0.9896147,1,1,unassigned,14.0,11.0,3.0,0.78571427,0.21428572,0.21428573,0.023210831,0.0049737496,0,0,0,1,1
53441,-1,1,6.309996,0.9981852,1,1,unassigned,29.0,27.0,2.0,0.9310345,0.06896552,0.068965495,0.05222437,0.0036016807,1,0,0,1,1
53442,-1,0,4.282861,0.9863848,1,1,unassigned,2.0,2.0,0.0,1.0,0.0,0.0,0.0,0.0,0,0,0,1,1
53443,-1,0,4.93483,0.9928597,1,1,unassigned,21.0,16.0,5.0,0.7619048,0.23809524,0.23809522,0.036750484,0.0087501155,0,0,0,1,1
53444,-1,0,2.5591164,0.9281836,1,1,unassigned,6.0,5.0,1.0,0.8333333,0.16666667,0.16666669,0.007736944,0.0012894907,0,0,0,1,1
53445,1,1,0.037587047,0.5093956,1,0,unassigned,45.0,41.0,4.0,0.9111111,0.08888889,0.08888888,0.08317215,0.0073930803,1,0,1,1,0
53446,1,1,3.5349133,0.97166497,1,0,test,5.0,5.0,0.0,1.0,0.0,0.0,0.0058027077,0.0,1,0,1,1,1
53447,0,1,1.5793331,0.82911,1,1,val,77.0,68.0,9.0,0.8831169,0.116883114,0.1168831,0.14506769,0.016955964,1,0,0,1,0
53448,-1,1,-0.83026475,0.3035891,0,1,unassigned,18.0,18.0,0.0,1.0,0.0,0.0,0.030947777,0.0,1,0,0,0,0
53449,-1,0,-0.18835077,0.45305106,0,1,unassigned,2.0,2.0,0.0,1.0,0.0,0.0,0.0,0.0,0,0,0,0,0
53450,-1,0,-0.8742347,0.2943739,0,1,unassigned,6.0,6.0,0.0,1.0,0.0,0.0,0.007736944,0.0,0,0,0,0,0
53451,1,0,-0.5548984,0.3647287,0,1,val,6.0,6.0,0.0,1.0,0.0,0.0,0.007736944,0.0,0,0,0,0,0
53452,-1,0,-0.22590959,0.4437616,0,1,unassigned,20.0,20.0,0.0,1.0,0.0,0.0,0.034816246,0.0,0,0,0,0,0
53453,-1,0,-0.47194093,0.38415694,0,1,unassigned,13.0,13.0,0.0,1.0,0.0,0.0,0.021276595,0.0,0,0,0,0,0
53454,-1,0,3.8358538,0.978873,1,1,unassigned,9.0,9.0,0.0,1.0,0.0,0.0,0.013539651,0.0,0,0,0,1,1
53455,-1,1,0.27064955,0.5672524,1,1,unassigned,36.0,35.0,1.0,0.9722222,0.027777778,0.027777791,0.065764025,0.0018267785,1,0,0,1,0
53456,-1,1,-0.48476958,0.3811265,0,1,unassigned,5.0,4.0,1.0,0.8,0.2,0.19999999,0.0058027077,0.0011605415,1,0,0,0,0
53457,1,1,-0.35399997,0.4124128,0,1,unassigned,35.0,35.0,0.0,1.0,0.0,0.0,0.06382979,0.0,1,0,0,0,0
53458,-1,1,-0.3896166,0.40380958,0,1,unassigned,22.0,21.0,1.0,0.95454544,0.045454547,0.04545456,0.03868472,0.0017583964,1,0,0,0,0
53459,-1,0,-0.19016606,0.45260128,0,1,unassigned,2.0,2.0,0.0,1.0,0.0,0.0,0.0,0.0,0,0,0,0,0
53460,-1,0,-0.6236979,0.3489409,0,1,unassigned,3.0,1.0,2.0,0.33333334,0.6666667,0.6666666,0.001934236,0.0012894907,0,0,0,0,0
53461,-1,0,1.1993854,0.7684154,1,1,unassigned,7.0,6.0,1.0,0.85714287,0.14285715,0.14285713,0.00967118,0.0013815971,0,0,0,1,0
53462,-1,0,-0.114874214,0.471313,0,1,unassigned,14.0,14.0,0.0,1.0,0.0,0.0,0.023210831,0.0,0,0,0,0,0
53463,-1,0,-0.2496151,0.43791825,0,1,unassigned,32.0,32.0,0.0,1.0,0.0,0.0,0.058027077,0.0,0,0,0,0,0
53464,-1,0,-0.22086555,0.445007,0,1,unassigned,13.0,13.0,0.0,1.0,0.0,0.0,0.021276595,0.0,0,0,0,0,0
53465,-1,0,-0.68346155,0.33548915,0,1,unassigned,2.0,2.0,0.0,1.0,0.0,0.0,0.0,0.0,0,0,0,0,0
53466,-1,0,0.039605618,0.5099001,1,1,unassigned,45.0,38.0,7.0,0.84444445,0.15555556,0.15555555,0.08317215,0.01293789,0,0,0,1,0
53467,1,0,0.49813575,0.62202114,1,0,unassigned,7.0,7.0,0.0,1.0,0.0,0.0,0.00967118,0.0,0,0,1,1,0
53468,-1,0,1.4320462,0.80722,1,1,unassigned,11.0,11.0,0.0,1.0,0.0,0.0,0.017408123,0.0,0,0,0,1,0
53469,1,1,-0.31294742,0.42239544,0,1,val,13.0,13.0,0.0,1.0,0.0,0.0,0.021276595,0.0,1,0,0,0,0
53470,-1,0,1.5514338,0.82512075,1,1,unassigned,7.0,7.0,0.0,1.0,0.0,0.0,0.00967118,0.0,0,0,0,1,0
53471,0,0,-0.31584123,0.42168963,0,0,test,26.0,25.0,1.0,0.96153843,0.03846154,0.038461566,0.046421662,0.0017854486,0,0,1,0,0
53472,-1,0,0.09703809,0.5242405,1,1,unassigned,3.0,3.0,0.0,1.0,0.0,0.0,0.001934236,0.0,0,0,0,1,0
53473,-1,0,3.5262787,0.9714263,1,1,unassigned,2.0,2.0,0.0,1.0,0.0,0.0,0.0,0.0,0,0,0,1,1
53474,-1,0,3.3984382,0.96765566,1,1,unassigned,5.0,5.0,0.0,1.0,0.0,0.0,0.0058027077,0.0,0,0,0,1,1
53475,-1,1,-0.18341774,0.4542737,0,1,unassigned,15.0,15.0,0.0,1.0,0.0,0.0,0.025145067,0.0,1,0,0,0,0
53476,-1,1,3.1856925,0.9602923,1,1,unassigned,33.0,33.0,0.0,1.0,0.0,0.0,0.059961315,0.0,1,0,0,1,1
53477,-1,0,-0.03989792,0.49002686,0,1,unassigned,3.0,3.0,0.0,1.0,0.0,0.0,0.001934236,0.0,0,0,0,0,0
53478,-1,0,0.061121523,0.51527566,1,1,unassigned,12.0,12.0,0.0,1.0,0.0,0.0,0.01934236,0.0,0,0,0,1,0
53479,-1,0,-0.2693088,0.43307683,0,1,unassigned,36.0,36.0,0.0,1.0,0.0,0.0,0.065764025,0.0,0,0,0,0,0
53480,-1,1,-0.7317221,0.32481694,0,1,unassigned,92.0,83.0,9.0,0.90217394,0.097826086,0.09782606,0.17408124,0.017029686,1,0,0,0,0
53481,-1,0,-0.85559213,0.2982611,0,1,unassigned,3.0,3.0,0.0,1.0,0.0,0.0,0.001934236,0.0,0,0,0,0,0
53482,-1,1,0.41017884,0.6011308,1,1,unassigned,15.0,15.0,0.0,1.0,0.0,0.0,0.025145067,0.0,1,0,0,1,0
53483,-1,1,-0.5787102,0.35922945,0,1,unassigned,3.0,3.0,0.0,1.0,0.0,0.0,0.001934236,0.0,1,0,0,0,0
53484,1,1,-0.45611238,0.3879085,0,1,val,2.0,2.0,0.0,1.0,0.0,0.0,0.0,0.0,1,0,0,0,0
53485,-1,0,2.1445992,0.895163,1,1,unassigned,4.0,4.0,0.0,1.0,0.0,0.0,0.003868472,0.0,0,0,0,1,0
53486,-1,1,-0.85411656,0.29857004,0,1,unassigned,4.0,4.0,0.0,1.0,0.0,0.0,0.003868472,0.0,1,0,0,0,0
53487,-1,0,3.2165613,0.9614528,1,1,unassigned,2.0,2.0,0.0,1.0,0.0,0.0,0.0,0.0,0,0,0,1,1
53488,-1,0,-0.64869505,0.34328365,0,1,unassigned,14.0,14.0,0.0,1.0,0.0,0.0,0.023210831,0.0,0,0,0,0,0
53489,-1,0,-0.17436916,0.45651782,0,1,unassigned,9.0,9.0,0.0,1.0,0.0,0.0,0.013539651,0.0,0,0,0,0,0
53490,-1,0,0.3101949,0.57693285,1,1,unassigned,6.0,6.0,0.0,1.0,0.0,0.0,0.007736944,0.0,0,0,0,1,0
53491,-1,0,0.38686627,0.5955281,1,1,unassigned,26.0,24.0,2.0,0.9230769,0.07692308,0.07692307,0.046421662,0.0035708973,0,0,0,1,0
53492,-1,1,0.7378102,0.6765168,1,1,unassigned,34.0,32.0,2.0,0.9411765,0.05882353,0.058823526,0.061895553,0.0036409148,1,0,0,1,0
53493,-1,0,-0.3067502,0.42390817,0,1,unassigned,45.0,45.0,0.0,1.0,0.0,0.0,0.08317215,0.0,0,0,0,0,0
53494,-1,0,0.049865782,0.51246387,1,1,unassigned,13.0,13.0,0.0,1.0,0.0,0.0,0.021276595,0.0,0,0,0,1,0
53495,-1,0,-0.25802213,0.43584996,0,1,unassigned,7.0,7.0,0.0,1.0,0.0,0.0,0.00967118,0.0,0,0,0,0,0
53496,-1,0,5.518211,0.996003,1,1,unassigned,10.0,7.0,3.0,0.7,0.3,0.3,0.015473888,0.0046421667,0,0,0,1,1
53497,-1,0,-0.942905,0.2803139,0,1,unassigned,10.0,10.0,0.0,1.0,0.0,0.0,0.015473888,0.0,0,0,0,0,0
53498,-1,1,5.610868,0.9963554,1,1,unassigned,8.0,8.0,0.0,1.0,0.0,0.0,0.0116054155,0.0,1,0,0,1,1
53499,-1,0,2.3804343,0.91532314,1,1,unassigned,6.0,6.0,0.0,1.0,0.0,0.0,0.007736944,0.0,0,0,0,1,1
53500,-1,1,1.4931734,0.81655407,1,1,unassigned,32.0,32.0,0.0,1.0,0.0,0.0,0.058027077,0.0,1,0,0,1,0
53501,-1,1,2.8072877,0.9430683,1,1,unassigned,36.0,36.0,0.0,1.0,0.0,0.0,0.065764025,0.0,1,0,0,1,1
53502,-1,1,1.6882291,0.8439911,1,1,unassigned,37.0,33.0,4.0,0.8918919,0.10810811,0.1081081,0.06769826,0.0073187314,1,0,0,1,0
53503,-1,0,-0.28597024,0.42899072,0,1,unassigned,7.0,7.0,0.0,1.0,0.0,0.0,0.00967118,0.0,0,0,0,0,0
53504,-1,1,1.5455825,0.8242748,1,1,unassigned,7.0,6.0,1.0,0.85714287,0.14285715,0.14285713,0.00967118,0.0013815971,1,0,0,1,0
53505,1,1,2.0172756,0.88259894,1,0,val,2.0,2.0,0.0,1.0,0.0,0.0,0.0,0.0,1,0,1,1,0
53506,-1,0,1.7326233,0.84974766,1,1,unassigned,15.0,15.0,0.0,1.0,0.0,0.0,0.025145067,0.0,0,0,0,1,0
53507,-1,1,0.13279742,0.5331506,1,1,unassigned,8.0,8.0,0.0,1.0,0.0,0.0,0.0116054155,0.0,1,0,0,1,0
53508,-1,0,-0.26267067,0.4347073,0,1,unassigned,10.0,10.0,0.0,1.0,0.0,0.0,0.015473888,0.0,0,0,0,0,0
53509,-1,0,0.059097946,0.5147702,1,1,unassigned,2.0,2.0,0.0,1.0,0.0,0.0,0.0,0.0,0,0,0,1,0
53510,-1,0,-0.25324088,0.43702593,0,1,unassigned,4.0,4.0,0.0,1.0,0.0,0.0,0.003868472,0.0,0,0,0,0,0
53511,-1,0,1.5685475,0.82757646,1,1,unassigned,4.0,4.0,0.0,1.0,0.0,0.0,0.003868472,0.0,0,0,0,1,0
53512,-1,0,0.7239266,0.6734711,1,1,unassigned,8.0,7.0,1.0,0.875,0.125,0.125,0.0116054155,0.0014506769,0,0,0,1,0
53513,-1,0,1.9514797,0.87560785,1,1,unassigned,4.0,4.0,0.0,1.0,0.0,0.0,0.003868472,0.0,0,0,0,1,0
53514,-1,0,3.0498042,0.9547741,1,1,unassigned,2.0,2.0,0.0,1.0,0.0,0.0,0.0,0.0,0,0,0,1,1
53515,-1,1,0.15689856,0.53914434,1,1,unassigned,31.0,31.0,0.0,1.0,0.0,0.0,0.056092843,0.0,1,0,0,1,0
53516,-1,1,-0.67502594,0.33737236,0,1,unassigned,26.0,26.0,0.0,1.0,0.0,0.0,0.046421662,0.0,1,0,0,0,0
53517,-1,0,2.4561663,0.9210112,1,1,unassigned,32.0,26.0,6.0,0.8125,0.1875,0.1875,0.058027077,0.010880077,0,0,0,1,1
53518,-1,0,0.72773534,0.6743081,1,1,unassigned,10.0,9.0,1.0,0.9,0.1,0.100000024,0.015473888,0.0015473888,0,0,0,1,0
53519,-1,1,-0.524722,0.37174872,0,1,unassigned,2.0,2.0,0.0,1.0,0.0,0.0,0.0,0.0,1,0,0,0,0
53520,-1,0,-0.31762055,0.42125574,0,1,unassigned,6.0,6.0,0.0,1.0,0.0,0.0,0.007736944,0.0,0,0,0,0,0
53521,-1,0,-0.5398104,0.36823168,0,1,unassigned,9.0,9.0,0.0,1.0,0.0,0.0,0.013539651,0.0,0,0,0,0,0
53522,1,0,-0.13604024,0.46604228,0,1,test,47.0,45.0,2.0,0.9574468,0.04255319,0.042553186,0.08704062,0.003703856,0,0,0,0,0
53523,0,0,0.2258237,0.55621725,1,1,unassigned,10.0,10.0,0.0,1.0,0.0,0.0,0.015473888,0.0,0,0,0,1,0
53524,-1,0,1.6692538,0.84147626,1,1,unassigned,5.0,4.0,1.0,0.8,0.2,0.19999999,0.0058027077,0.0011605415,0,0,0,1,0
53525,-1,0,10.308868,0.9999666,1,1,unassigned,13.0,12.0,1.0,0.9230769,0.07692308,0.07692307,0.021276595,0.0016366612,0,0,0,1,1
53526,1,0,-0.062277377,0.48443565,0,1,unassigned,6.0,6.0,0.0,1.0,0.0,0.0,0.007736944,0.0,0,0,0,0,0
53527,0,0,0.040988684,0.51024574,1,1,test,10.0,10.0,0.0,1.0,0.0,0.0,0.015473888,0.0,0,0,0,1,0
53528,-1,1,-0.8862277,0.2918889,0,1,unassigned,116.0,116.0,0.0,1.0,0.0,0.0,0.2205029,0.0,1,0,0,0,0
53529,-1,0,-0.12701458,0.46828896,0,1,unassigned,27.0,26.0,1.0,0.962963,0.037037037,0.037037015,0.0483559,0.0017909593,0,0,0,0,0
53530,-1,0,-0.62717426,0.34815153,0,1,unassigned,5.0,5.0,0.0,1.0,0.0,0.0,0.0058027077,0.0,0,0,0,0,0
53531,-1,0,1.754621,0.8525347,1,1,unassigned,2.0,2.0,0.0,1.0,0.0,0.0,0.0,0.0,0,0,0,1,0
53532,-1,1,1.6810193,0.8430395,1,1,unassigned,5.0,2.0,3.0,0.4,0.6,0.6,0.0058027077,0.0034816249,1,0,0,1,0
53533,1,0,-0.30477613,0.42439035,0,1,unassigned,33.0,33.0,0.0,1.0,0.0,0.0,0.059961315,0.0,0,0,0,0,0
53534,-1,1,0.04466653,0.5111648,1,1,unassigned,2.0,2.0,0.0,1.0,0.0,0.0,0.0,0.0,1,0,0,1,0
53535,0,0,-0.38305154,0.40539113,0,0,val,4.0,4.0,0.0,1.0,0.0,0.0,0.003868472,0.0,0,0,1,0,0
53536,-1,1,3.0458302,0.95460224,1,1,unassigned,7.0,7.0,0.0,1.0,0.0,0.0,0.00967118,0.0,1,0,0,1,1
53537,-1,1,0.6346093,0.6535339,1,1,unassigned,4.0,4.0,0.0,1.0,0.0,0.0,0.003868472,0.0,1,0,0,1,0
53538,-1,1,-0.6106616,0.35190827,0,1,unassigned,12.0,11.0,1.0,0.9166667,0.083333336,0.08333331,0.01934236,0.0016118633,1,0,0,0,0
53539,-1,1,5.1632295,0.9943093,1,1,unassigned,29.0,28.0,1.0,0.9655172,0.03448276,0.034482777,0.05222437,0.0018008404,1,0,0,1,1
53540,-1,1,9.556109,0.9999292,1,1,unassigned,56.0,40.0,16.0,0.71428573,0.2857143,0.28571427,0.10444874,0.0298425,1,0,0,1,1
53541,1,0,7.0532,0.99913615,1,0,unassigned,13.0,13.0,0.0,1.0,0.0,0.0,0.021276595,0.0,0,0,1,1,1
53542,-1,1,-0.75944334,0.31876716,0,1,unassigned,12.0,12.0,0.0,1.0,0.0,0.0,0.01934236,0.0,1,0,0,0,0
53543,-1,1,1.3046753,0.78662074,1,1,unassigned,5.0,4.0,1.0,0.8,0.2,0.19999999,0.0058027077,0.0011605415,1,0,0,1,0
53544,-1,0,-0.288941,0.42826316,0,1,unassigned,5.0,5.0,0.0,1.0,0.0,0.0,0.0058027077,0.0,0,0,0,0,0
53545,-1,0,6.864254,0.99895656,1,1,unassigned,2.0,2.0,0.0,1.0,0.0,0.0,0.0,0.0,0,0,0,1,1
53546,-1,1,0.726693,0.6740791,1,1,unassigned,4.0,4.0,0.0,1.0,0.0,0.0,0.003868472,0.0,1,0,0,1,0
53547,-1,0,0.3055802,0.5758061,1,1,unassigned,4.0,3.0,1.0,0.75,0.25,0.25,0.003868472,0.000967118,0,0,0,1,0
53548,-1,0,-0.14039642,0.46495843,0,1,unassigned,3.0,3.0,0.0,1.0,0.0,0.0,0.001934236,0.0,0,0,0,0,0
53549,-1,0,1.742584,0.851015,1,1,unassigned,3.0,3.0,0.0,1.0,0.0,0.0,0.001934236,0.0,0,0,0,1,0
53550,-1,1,-0.8535702,0.29868445,0,1,unassigned,15.0,15.0,0.0,1.0,0.0,0.0,0.025145067,0.0,1,0,0,0,0
53551,0,1,-0.33498025,0.41702935,0,0,test,2.0,2.0,0.0,1.0,0.0,0.0,0.0,0.0,1,0,1,0,0
53552,-1,1,7.490397,0.9994419,1,1,unassigned,39.0,33.0,6.0,0.84615386,0.15384616,0.15384614,0.07156673,0.011010267,1,0,0,1,1
53553,1,0,-0.017442405,0.49563953,0,1,val,17.0,16.0,1.0,0.9411765,0.05882353,0.058823526,0.029013539,0.0017066788,0,0,0,0,0
53554,-1,0,10.553678,0.9999739,1,1,unassigned,3.0,3.0,0.0,1.0,0.0,0.0,0.001934236,0.0,0,0,0,1,1
53555,-1,0,-0.23816043,0.44073972,0,1,unassigned,3.0,3.0,0.0,1.0,0.0,0.0,0.001934236,0.0,0,0,0,0,0
53556,-1,0,-0.5356983,0.36918882,0,1,unassigned,2.0,2.0,0.0,1.0,0.0,0.0,0.0,0.0,0,0,0,0,0
53557,-1,0,-0.21174976,0.44725952,0,1,unassigned,4.0,4.0,0.0,1.0,0.0,0.0,0.003868472,0.0,0,0,0,0,0
53558,-1,0,-0.7483514,0.32118064,0,1,unassigned,3.0,3.0,0.0,1.0,0.0,0.0,0.001934236,0.0,0,0,0,0,0
53559,-1,0,-0.98624957,0.2716535,0,1,unassigned,2.0,2.0,0.0,1.0,0.0,0.0,0.0,0.0,0,0,0,0,0
53560,-1,0,-0.61916286,0.3499719,0,1,unassigned,3.0,3.0,0.0,1.0,0.0,0.0,0.001934236,0.0,0,0,0,0,0
53561,-1,0,-0.36803037,0.40901706,0,1,unassigned,31.0,30.0,1.0,0.9677419,0.032258064,0.032258093,0.056092843,0.0018094465,0,0,0,0,0
53562,-1,0,1.4744704,0.8137359,1,1,unassigned,7.0,7.0,0.0,1.0,0.0,0.0,0.00967118,0.0,0,0,0,1,0
53563,-1,1,1.6097343,0.8333745,1,1,unassigned,28.0,26.0,2.0,0.9285714,0.071428575,0.0714286,0.050290134,0.0035921526,1,0,0,1,0
53564,-1,1,2.7715948,0.94112146,1,1,unassigned,14.0,14.0,0.0,1.0,0.0,0.0,0.023210831,0.0,1,0,0,1,1
53565,-1,0,-0.60763794,0.35259822,0,1,unassigned,5.0,4.0,1.0,0.8,0.2,0.19999999,0.0058027077,0.0011605415,0,0,0,0,0
53566,0,0,-0.5201537,0.3728163,0,0,test,36.0,36.0,0.0,1.0,0.0,0.0,0.065764025,0.0,0,0,1,0,0
53567,-1,0,-0.7519242,0.32040218,0,1,unassigned,7.0,5.0,2.0,0.71428573,0.2857143,0.28571427,0.00967118,0.0027631943,0,0,0,0,0
53568,-1,0,2.4074268,0.91739196,1,1,unassigned,2.0,2.0,0.0,1.0,0.0,0.0,0.0,0.0,0,0,0,1,1
53569,-1,0,-0.64995515,0.34299964,0,1,unassigned,9.0,9.0,0.0,1.0,0.0,0.0,0.013539651,0.0,0,0,0,0,0
53570,-1,1,-0.61807805,0.3502187,0,1,unassigned,21.0,21.0,0.0,1.0,0.0,0.0,0.036750484,0.0,1,0,0,0,0
53571,-1,1,3.2203732,0.9615938,1,1,unassigned,12.0,12.0,0.0,1.0,0.0,0.0,0.01934236,0.0,1,0,0,1,1
53572,-1,0,-0.29583192,0.4265767,0,1,unassigned,8.0,8.0,0.0,1.0,0.0,0.0,0.0116054155,0.0,0,0,0,0,0
53573,-1,1,0.4671741,0.6147147,1,1,unassigned,7.0,7.0,0.0,1.0,0.0,0.0,0.00967118,0.0,1,0,0,1,0
53574,-1,1,1.4303706,0.80695903,1,1,unassigned,12.0,10.0,2.0,0.8333333,0.16666667,0.16666669,0.01934236,0.0032237265,1,0,0,1,0
53575,-1,1,1.8642137,0.8657873,1,1,unassigned,17.0,17.0,0.0,1.0,0.0,0.0,0.029013539,0.0,1,0,0,1,0
53576,-1,1,2.7988183,0.94261193,1,1,unassigned,2.0,2.0,0.0,1.0,0.0,0.0,0.0,0.0,1,0,0,1,1
53577,-1,0,10.075338,0.9999579,1,1,unassigned,2.0,2.0,0.0,1.0,0.0,0.0,0.0,0.0,0,0,0,1,1
53578,-1,1,0.23825616,0.55928385,1,1,unassigned,21.0,21.0,0.0,1.0,0.0,0.0,0.036750484,0.0,1,0,0,1,0
53579,1,1,1.0129182,0.7335909,1,0,unassigned,11.0,11.0,0.0,1.0,0.0,0.0,0.017408123,0.0,1,0,1,1,0
53580,1,0,4.7041874,0.991024,1,0,val,3.0,2.0,1.0,0.6666667,0.33333334,0.3333333,0.001934236,0.00064474536,0,0,1,1,1
53581,-1,1,-0.3995945,0.40140975,0,1,unassigned,37.0,35.0,2.0,0.9459459,0.054054055,0.05405408,0.06769826,0.0036593657,1,0,0,0,0
53582,-1,0,-0.74148256,0.32268006,0,1,unassigned,33.0,33.0,0.0,1.0,0.0,0.0,0.059961315,0.0,0,0,0,0,0
53583,-1,0,-0.7603163,0.3185776,0,1,unassigned,30.0,30.0,0.0,1.0,0.0,0.0,0.054158606,0.0,0,0,0,0,0
53584,0,0,-0.8840103,0.29234743,0,0,unassigned,16.0,16.0,0.0,1.0,0.0,0.0,0.027079303,0.0,0,0,1,0,0
53585,-1,0,-0.16137743,0.45974296,0,1,unassigned,29.0,28.0,1.0,0.9655172,0.03448276,0.034482777,0.05222437,0.0018008404,0,0,0,0,0
53586,-1,0,-0.20500073,0.44892856,0,1,unassigned,4.0,3.0,1.0,0.75,0.25,0.25,0.003868472,0.000967118,0,0,0,0,0
53587,-1,0,0.36253113,0.589653,1,1,unassigned,33.0,32.0,1.0,0.969697,0.030303031,0.030303001,0.059961315,0.0018170096,0,0,0,1,0
53588,0,0,-0.24289972,0.4395719,0,0,val,93.0,93.0,0.0,1.0,0.0,0.0,0.17601547,0.0,0,0,1,0,0
53589,-1,0,0.6568733,0.65855765,1,1,unassigned,22.0,22.0,0.0,1.0,0.0,0.0,0.03868472,0.0,0,0,0,1,0
53590,-1,1,-0.33102667,0.41799083,0,1,unassigned,5.0,3.0,2.0,0.6,0.4,0.39999998,0.0058027077,0.002321083,1,0,0,0,0
53591,-1,1,-0.38069022,0.40596044,0,1,unassigned,7.0,6.0,1.0,0.85714287,0.14285715,0.14285713,0.00967118,0.0013815971,1,0,0,0,0
53592,-1,0,-0.14759725,0.46316755,0,1,unassigned,3.0,3.0,0.0,1.0,0.0,0.0,0.001934236,0.0,0,0,0,0,0
53593,-1,0,5.422762,0.9956045,1,1,unassigned,2.0,2.0,0.0,1.0,0.0,0.0,0.0,0.0,0,0,0,1,1
53594,-1,0,5.983918,0.9974874,1,1,unassigned,2.0,2.0,0.0,1.0,0.0,0.0,0.0,0.0,0,0,0,1,1
53595,-1,0,4.547516,0.9895175,1,1,unassigned,2.0,2.0,0.0,1.0,0.0,0.0,0.0,0.0,0,0,0,1,1
53596,-1,0,4.837166,0.99213296,1,1,unassigned,2.0,2.0,0.0,1.0,0.0,0.0,0.0,0.0,0,0,0,1,1
53597,-1,1,-0.13470349,0.46637496,0,1,unassigned,3.0,3.0,0.0,1.0,0.0,0.0,0.001934236,0.0,1,0,0,0,0
53598,-1,1,-0.40383232,0.40039194,0,1,unassigned,9.0,9.0,0.0,1.0,0.0,0.0,0.013539651,0.0,1,0,0,0,0
53599,-1,1,0.65782243,0.6587711,1,1,unassigned,3.0,3.0,0.0,1.0,0.0,0.0,0.001934236,0.0,1,0,0,1,0
53600,-1,1,-0.50299186,0.37683785,0,1,unassigned,5.0,3.0,2.0,0.6,0.4,0.39999998,0.0058027077,0.002321083,1,0,0,0,0
53601,-1,0,2.1587965,0.89648795,1,1,unassigned,8.0,7.0,1.0,0.875,0.125,0.125,0.0116054155,0.0014506769,0,0,0,1,0
53602,-1,1,-0.3543469,0.4123287,0,1,unassigned,11.0,11.0,0.0,1.0,0.0,0.0,0.017408123,0.0,1,0,0,0,0
53603,-1,0,7.1134996,0.9991866,1,1,unassigned,10.0,10.0,0.0,1.0,0.0,0.0,0.015473888,0.0,0,0,0,1,1
53604,-1,1,0.9188207,0.7148017,1,1,unassigned,4.0,4.0,0.0,1.0,0.0,0.0,0.003868472,0.0,1,0,0,1,0
53605,1,0,-0.37737313,0.40676063,0,1,test,16.0,16.0,0.0,1.0,0.0,0.0,0.027079303,0.0,0,0,0,0,0
53606,-1,1,1.1039433,0.7509982,1,1,unassigned,3.0,3.0,0.0,1.0,0.0,0.0,0.001934236,0.0,1,0,0,1,0
53607,-1,1,0.981319,0.72736984,1,1,unassigned,6.0,6.0,0.0,1.0,0.0,0.0,0.007736944,0.0,1,0,0,1,0
53608,0,0,-0.44159806,0.39136025,0,0,test,8.0,8.0,0.0,1.0,0.0,0.0,0.0116054155,0.0,0,0,1,0,0
53609,-1,0,-0.3223494,0.4201033,0,1,unassigned,3.0,2.0,1.0,0.6666667,0.33333334,0.3333333,0.001934236,0.00064474536,0,0,0,0,0
53610,-1,0,6.4283986,0.9983876,1,1,unassigned,4.0,4.0,0.0,1.0,0.0,0.0,0.003868472,0.0,0,0,0,1,1
53611,-1,1,-0.52459687,0.37177798,0,1,unassigned,15.0,2.0,13.0,0.13333334,0.8666667,0.8666667,0.025145067,0.021792391,1,1,0,0,0
53612,0,1,-0.5968332,0.35506853,0,0,test,21.0,20.0,1.0,0.95238096,0.04761905,0.047619045,0.036750484,0.0017500231,1,0,1,0,0
53613,-1,1,-0.32554093,0.41932598,0,1,unassigned,11.0,11.0,0.0,1.0,0.0,0.0,0.017408123,0.0,1,0,0,0,0
53614,1,1,0.3495198,0.5865011,1,0,unassigned,16.0,16.0,0.0,1.0,0.0,0.0,0.027079303,0.0,1,0,1,1,0
53615,-1,1,-0.705129,0.33067605,0,1,unassigned,74.0,71.0,3.0,0.9594595,0.04054054,0.040540516,0.13926499,0.0056458777,1,0,0,0,0
53616,-1,1,3.3136013,0.96489245,1,1,unassigned,9.0,9.0,0.0,1.0,0.0,0.0,0.013539651,0.0,1,0,0,1,1
53617,-1,0,-0.93947196,0.28100702,0,1,unassigned,4.0,4.0,0.0,1.0,0.0,0.0,0.003868472,0.0,0,0,0,0,0
53618,1,0,-0.30204728,0.42505708,0,1,unassigned,14.0,14.0,0.0,1.0,0.0,0.0,0.023210831,0.0,0,0,0,0,0
53619,-1,1,-0.17104068,0.45734373,0,1,unassigned,25.0,25.0,0.0,1.0,0.0,0.0,0.044487428,0.0,1,0,0,0,0
53620,-1,1,5.79115,0.9969548,1,1,unassigned,43.0,42.0,1.0,0.9767442,0.023255814,0.023255825,0.079303674,0.0018442714,1,0,0,1,1
53621,-1,1,4.1563787,0.98457736,1,1,unassigned,18.0,17.0,1.0,0.9444444,0.055555556,0.055555582,0.030947777,0.0017193209,1,0,0,1,1
53622,-1,1,4.339975,0.98713094,1,1,unassigned,19.0,17.0,2.0,0.8947368,0.10526316,0.10526317,0.032882012,0.0034612645,1,0,0,1,1
53623,-1,1,1.0726779,0.74510586,1,1,unassigned,11.0,11.0,0.0,1.0,0.0,0.0,0.017408123,0.0,1,0,0,1,0
53624,0,1,-0.32317504,0.41990215,0,0,val,17.0,17.0,0.0,1.0,0.0,0.0,0.029013539,0.0,1,0,1,0,0
53625,-1,0,-0.27982968,0.4304955,0,1,unassigned,3.0,3.0,0.0,1.0,0.0,0.0,0.001934236,0.0,0,0,0,0,0
53626,1,1,-0.32863885,0.41857183,0,1,val,3.0,3.0,0.0,1.0,0.0,0.0,0.001934236,0.0,1,0,0,0,0
53627,1,0,2.700134,0.93703455,1,0,unassigned,27.0,26.0,1.0,0.962963,0.037037037,0.037037015,0.0483559,0.0017909593,0,0,1,1,1
53628,-1,0,-0.440552,0.39160946,0,1,unassigned,2.0,2.0,0.0,1.0,0.0,0.0,0.0,0.0,0,0,0,0,0
53629,-1,0,4.8279185,0.9920604,1,1,unassigned,17.0,13.0,4.0,0.7647059,0.23529412,0.2352941,0.029013539,0.006826715,0,0,0,1,1
53630,-1,1,0.69024986,0.6660225,1,1,unassigned,34.0,31.0,3.0,0.9117647,0.0882353,0.08823532,0.061895553,0.0054613724,1,0,0,1,0
53631,-1,0,-0.33837366,0.4162046,0,1,unassigned,6.0,6.0,0.0,1.0,0.0,0.0,0.007736944,0.0,0,0,0,0,0
53632,-1,1,2.2684612,0.9062311,1,1,unassigned,3.0,2.0,1.0,0.6666667,0.33333334,0.3333333,0.001934236,0.00064474536,1,0,0,1,1
53633,-1,1,0.6213923,0.65053517,1,1,unassigned,6.0,2.0,4.0,0.33333334,0.6666667,0.6666666,0.007736944,0.005157963,1,0,0,1,0
53634,-1,0,-0.21157148,0.44730353,0,1,unassigned,9.0,9.0,0.0,1.0,0.0,0.0,0.013539651,0.0,0,0,0,0,0
53635,-1,0,-0.15281764,0.46186978,0,1,unassigned,34.0,34.0,0.0,1.0,0.0,0.0,0.061895553,0.0,0,0,0,0,0
53636,-1,0,-0.3355163,0.41689903,0,1,unassigned,6.0,6.0,0.0,1.0,0.0,0.0,0.007736944,0.0,0,0,0,0,0
53637,1,0,0.7681766,0.68312633,1,0,unassigned,7.0,7.0,0.0,1.0,0.0,0.0,0.00967118,0.0,0,0,1,1,0
53638,-1,0,2.8460598,0.9451147,1,1,unassigned,43.0,42.0,1.0,0.9767442,0.023255814,0.023255825,0.079303674,0.0018442714,0,0,0,1,1
53639,-1,0,0.4044975,0.59976774,1,1,unassigned,34.0,33.0,1.0,0.9705882,0.029411765,0.029411793,0.061895553,0.0018204574,0,0,0,1,0
53640,-1,0,-0.17172796,0.4571732,0,1,unassigned,11.0,11.0,0.0,1.0,0.0,0.0,0.017408123,0.0,0,0,0,0,0
53641,-1,0,-0.5763886,0.35976398,0,1,unassigned,28.0,28.0,0.0,1.0,0.0,0.0,0.050290134,0.0,0,0,0,0,0
53642,1,0,-0.34189743,0.41534865,0,1,unassigned,53.0,52.0,1.0,0.9811321,0.018867925,0.01886791,0.09864604,0.0018612461,0,0,0,0,0
53643,0,0,-0.21529233,0.44638386,0,0,train,11.0,11.0,0.0,1.0,0.0,0.0,0.017408123,0.0,0,0,1,0,0
53644,-1,1,-0.67769015,0.33677703,0,1,unassigned,29.0,29.0,0.0,1.0,0.0,0.0,0.05222437,0.0,1,0,0,0,0
53645,-1,1,-0.64566946,0.34396607,0,1,unassigned,69.0,68.0,1.0,0.98550725,0.014492754,0.01449275,0.1295938,0.0018781711,1,0,0,0,0
53646,-1,1,-0.088210404,0.4779617,0,1,unassigned,5.0,5.0,0.0,1.0,0.0,0.0,0.0058027077,0.0,1,0,0,0,0
53647,-1,0,-0.31459147,0.42199445,0,1,unassigned,45.0,45.0,0.0,1.0,0.0,0.0,0.08317215,0.0,0,0,0,0,0
53648,-1,0,0.14859241,0.53707993,1,1,unassigned,3.0,3.0,0.0,1.0,0.0,0.0,0.001934236,0.0,0,0,0,1,0
53649,-1,0,4.4909368,0.9889142,1,1,unassigned,3.0,3.0,0.0,1.0,0.0,0.0,0.001934236,0.0,0,0,0,1,1
53650,0,1,-0.5319299,0.37006688,0,0,unassigned,2.0,2.0,0.0,1.0,0.0,0.0,0.0,0.0,1,0,1,0,0
53651,-1,0,0.019514501,0.50487846,1,1,unassigned,2.0,2.0,0.0,1.0,0.0,0.0,0.0,0.0,0,0,0,1,0
53652,-1,0,1.2950132,0.7849945,1,1,unassigned,27.0,27.0,0.0,1.0,0.0,0.0,0.0483559,0.0,0,0,0,1,0
53653,1,0,0.04381913,0.510953,1,0,unassigned,7.0,7.0,0.0,1.0,0.0,0.0,0.00967118,0.0,0,0,1,1,0
53654,-1,1,-0.80684334,0.30856356,0,1,unassigned,38.0,37.0,1.0,0.9736842,0.02631579,0.026315808,0.06963249,0.0018324341,1,0,0,0,0
53655,0,0,0.79056746,0.6879532,1,1,test,8.0,8.0,0.0,1.0,0.0,0.0,0.0116054155,0.0,0,0,0,1,0
53656,-1,0,0.76984197,0.6834867,1,1,unassigned,7.0,7.0,0.0,1.0,0.0,0.0,0.00967118,0.0,0,0,0,1,0
53657,-1,1,-0.012767017,0.4968083,0,1,unassigned,54.0,48.0,6.0,0.8888889,0.11111111,0.111111104,0.10058027,0.011175585,1,0,0,0,0
53658,-1,1,2.4444304,0.9201532,1,1,unassigned,3.0,2.0,1.0,0.6666667,0.33333334,0.3333333,0.001934236,0.00064474536,1,0,0,1,1
53659,-1,1,3.5344822,0.97165316,1,1,unassigned,13.0,11.0,2.0,0.84615386,0.15384616,0.15384614,0.021276595,0.0032733225,1,0,0,1,1
53660,-1,1,2.6083367,0.93139625,1,1,unassigned,19.0,15.0,4.0,0.7894737,0.21052632,0.21052629,0.032882012,0.006922529,1,0,0,1,1
53661,-1,1,1.069802,0.7445592,1,1,unassigned,11.0,10.0,1.0,0.90909094,0.09090909,0.090909064,0.017408123,0.0015825568,1,0,0,1,0
53662,-1,0,7.1640315,0.9992267,1,1,unassigned,2.0,2.0,0.0,1.0,0.0,0.0,0.0,0.0,0,0,0,1,1
53663,-1,0,-0.7592136,0.31881705,0,1,unassigned,2.0,2.0,0.0,1.0,0.0,0.0,0.0,0.0,0,0,0,0,0
53664,-1,1,0.05925852,0.51481026,1,1,unassigned,7.0,7.0,0.0,1.0,0.0,0.0,0.00967118,0.0,1,0,0,1,0
53665,1,0,-0.5741975,0.36026886,0,1,test,14.0,14.0,0.0,1.0,0.0,0.0,0.023210831,0.0,0,0,0,0,0
53666,-1,0,4.098875,0.9836795,1,1,unassigned,16.0,13.0,3.0,0.8125,0.1875,0.1875,0.027079303,0.0050773695,0,0,0,1,1
53667,-1,0,3.3614678,0.96647835,1,1,unassigned,8.0,8.0,0.0,1.0,0.0,0.0,0.0116054155,0.0,0,0,0,1,1
53668,-1,0,0.91145855,0.71329856,1,1,unassigned,11.0,11.0,0.0,1.0,0.0,0.0,0.017408123,0.0,0,0,0,1,0
53669,-1,0,-1.0007539,0.26879323,0,1,unassigned,2.0,2.0,0.0,1.0,0.0,0.0,0.0,0.0,0,0,0,0,0
53670,-1,0,2.6182137,0.9320246,1,1,unassigned,4.0,4.0,0.0,1.0,0.0,0.0,0.003868472,0.0,0,0,0,1,1
53671,0,1,-0.49970752,0.3776094,0,0,test,13.0,12.0,1.0,0.9230769,0.07692308,0.07692307,0.021276595,0.0016366612,1,0,1,0,0
53672,-1,0,0.13576084,0.53388816,1,1,unassigned,21.0,20.0,1.0,0.95238096,0.04761905,0.047619045,0.036750484,0.0017500231,0,0,0,1,0
53673,-1,0,6.7756095,0.99886,1,1,unassigned,3.0,3.0,0.0,1.0,0.0,0.0,0.001934236,0.0,0,0,0,1,1
53674,-1,1,7.3875856,0.9993814,1,1,unassigned,3.0,3.0,0.0,1.0,0.0,0.0,0.001934236,0.0,1,0,0,1,1
53675,-1,1,0.28256452,0.5701748,1,1,unassigned,15.0,15.0,0.0,1.0,0.0,0.0,0.025145067,0.0,1,0,0,1,0
53676,-1,0,0.8249431,0.6952846,1,1,unassigned,3.0,2.0,1.0,0.6666667,0.33333334,0.3333333,0.001934236,0.00064474536,0,0,0,1,0
53677,-1,1,13.111797,0.999998,1,1,unassigned,3.0,2.0,1.0,0.6666667,0.33333334,0.3333333,0.001934236,0.00064474536,1,0,0,1,1
53678,-1,0,0.4378938,0.60775703,1,1,unassigned,15.0,15.0,0.0,1.0,0.0,0.0,0.025145067,0.0,0,0,0,1,0
53679,-1,0,-0.072910726,0.4817804,0,1,unassigned,12.0,11.0,1.0,0.9166667,0.083333336,0.08333331,0.01934236,0.0016118633,0,0,0,0,0
53680,0,1,0.06785226,0.51695657,1,1,unassigned,13.0,13.0,0.0,1.0,0.0,0.0,0.021276595,0.0,1,0,0,1,0
53681,-1,0,2.2284043,0.9027714,1,1,unassigned,4.0,2.0,2.0,0.5,0.5,0.5,0.003868472,0.001934236,0,0,0,1,1
53682,-1,1,0.26354373,0.56550723,1,1,unassigned,2.0,2.0,0.0,1.0,0.0,0.0,0.0,0.0,1,0,0,1,0
53683,-1,0,0.085774004,0.5214304,1,1,unassigned,37.0,36.0,1.0,0.972973,0.027027028,0.02702701,0.06769826,0.0018296828,0,0,0,1,0
53684,-1,0,0.5638854,0.63735104,1,1,unassigned,11.0,11.0,0.0,1.0,0.0,0.0,0.017408123,0.0,0,0,0,1,0
53685,-1,0,6.2169676,0.99800867,1,1,unassigned,3.0,3.0,0.0,1.0,0.0,0.0,0.001934236,0.0,0,0,0,1,1
53686,-1,1,-0.4344622,0.39306134,0,1,unassigned,52.0,50.0,2.0,0.96153843,0.03846154,0.038461566,0.0967118,0.0037196847,1,0,0,0,0
53687,-1,1,3.370919,0.9667832,1,1,unassigned,6.0,6.0,0.0,1.0,0.0,0.0,0.007736944,0.0,1,0,0,1,1
53688,-1,0,0.30460483,0.57556784,1,1,unassigned,10.0,8.0,2.0,0.8,0.2,0.19999999,0.015473888,0.0030947777,0,0,0,1,0
53689,-1,1,-0.5208826,0.37264585,0,1,unassigned,34.0,34.0,0.0,1.0,0.0,0.0,0.061895553,0.0,1,0,0,0,0
53690,-1,1,-0.26675355,0.43370432,0,1,unassigned,8.0,7.0,1.0,0.875,0.125,0.125,0.0116054155,0.0014506769,1,0,0,0,0
53691,-1,0,6.8334584,0.99892396,1,1,unassigned,3.0,2.0,1.0,0.6666667,0.33333334,0.3333333,0.001934236,0.00064474536,0,0,0,1,1
53692,-1,1,-0.25408345,0.43681866,0,1,unassigned,8.0,8.0,0.0,1.0,0.0,0.0,0.0116054155,0.0,1,0,0,0,0
53693,-1,1,2.123996,0.8932136,1,1,unassigned,18.0,18.0,0.0,1.0,0.0,0.0,0.030947777,0.0,1,0,0,1,0
53694,-1,1,0.84281474,0.69905764,1,1,unassigned,28.0,26.0,2.0,0.9285714,0.071428575,0.0714286,0.050290134,0.0035921526,1,0,0,1,0
53695,-1,0,-0.04615611,0.488463,0,1,unassigned,28.0,27.0,1.0,0.96428573,0.035714287,0.03571427,0.050290134,0.0017960763,0,0,0,0,0
53696,-1,0,-0.006786406,0.4983034,0,1,unassigned,30.0,30.0,0.0,1.0,0.0,0.0,0.054158606,0.0,0,0,0,0,0
53697,-1,0,-0.043849885,0.48903927,0,1,unassigned,14.0,14.0,0.0,1.0,0.0,0.0,0.023210831,0.0,0,0,0,0,0
53698,-1,0,-0.23454791,0.44163036,0,1,unassigned,25.0,25.0,0.0,1.0,0.0,0.0,0.044487428,0.0,0,0,0,0,0
53699,-1,0,-0.170762,0.45741296,0,1,unassigned,11.0,11.0,0.0,1.0,0.0,0.0,0.017408123,0.0,0,0,0,0,0
53700,0,0,-0.16466144,0.4589274,0,0,unassigned,19.0,19.0,0.0,1.0,0.0,0.0,0.032882012,0.0,0,0,1,0,0
53701,-1,0,-0.3700354,0.40853247,0,1,unassigned,13.0,11.0,2.0,0.84615386,0.15384616,0.15384614,0.021276595,0.0032733225,0,0,0,0,0
53702,1,1,2.961974,0.9508264,1,0,unassigned,13.0,10.0,3.0,0.7692308,0.23076923,0.23076922,0.021276595,0.0049099834,1,0,1,1,1
53703,-1,0,-0.25499713,0.43659392,0,1,unassigned,4.0,4.0,0.0,1.0,0.0,0.0,0.003868472,0.0,0,0,0,0,0
53704,-1,1,3.1164877,0.9575678,1,1,unassigned,2.0,2.0,0.0,1.0,0.0,0.0,0.0,0.0,1,0,0,1,1
53705,-1,0,22.28603,1.0,1,1,unassigned,3.0,2.0,1.0,0.6666667,0.33333334,0.3333333,0.001934236,0.00064474536,0,0,0,1,1
53706,1,1,0.05759543,0.5143949,1,0,val,59.0,55.0,4.0,0.9322034,0.06779661,0.06779659,0.11025145,0.0074746744,1,0,1,1,0
53707,-1,0,-0.28088576,0.43023667,0,1,unassigned,114.0,113.0,1.0,0.99122804,0.00877193,0.008771956,0.21663442,0.001900302,0,0,0,0,0
53708,0,0,-0.46604252,0.38555336,0,0,train,9.0,9.0,0.0,1.0,0.0,0.0,0.013539651,0.0,0,0,1,0,0
53709,-1,0,-0.05891007,0.48527673,0,1,unassigned,2.0,2.0,0.0,1.0,0.0,0.0,0.0,0.0,0,0,0,0,0
53710,-1,1,-0.1337493,0.46661243,0,1,unassigned,2.0,2.0,0.0,1.0,0.0,0.0,0.0,0.0,1,0,0,0,0
53711,-1,1,0.49923497,0.6222795,1,1,unassigned,5.0,5.0,0.0,1.0,0.0,0.0,0.0058027077,0.0,1,0,0,1,0
53712,-1,0,-0.26791316,0.4334195,0,1,unassigned,3.0,3.0,0.0,1.0,0.0,0.0,0.001934236,0.0,0,0,0,0,0
53713,-1,1,0.4914021,0.62043667,1,1,unassigned,6.0,6.0,0.0,1.0,0.0,0.0,0.007736944,0.0,1,0,0,1,0
53714,-1,0,4.974008,0.9931322,1,1,unassigned,22.0,20.0,2.0,0.90909094,0.09090909,0.090909064,0.03868472,0.0035167928,0,0,0,1,1
53715,0,1,2.4225888,0.9185337,1,1,test,7.0,7.0,0.0,1.0,0.0,0.0,0.00967118,0.0,1,0,0,1,1
53716,-1,0,-0.21462142,0.44654962,0,1,unassigned,7.0,7.0,0.0,1.0,0.0,0.0,0.00967118,0.0,0,0,0,0,0
53717,-1,0,2.6888804,0.93636733,1,1,unassigned,11.0,11.0,0.0,1.0,0.0,0.0,0.017408123,0.0,0,0,0,1,1
53718,-1,0,6.3703904,0.99829143,1,1,unassigned,6.0,5.0,1.0,0.8333333,0.16666667,0.16666669,0.007736944,0.0012894907,0,0,0,1,1
53719,-1,1,-0.1577225,0.46065092,0,1,unassigned,5.0,5.0,0.0,1.0,0.0,0.0,0.0058027077,0.0,1,0,0,0,0
53720,-1,0,6.728021,0.99880457,1,1,unassigned,14.0,13.0,1.0,0.9285714,0.071428575,0.0714286,0.023210831,0.0016579166,0,0,0,1,1
53721,-1,1,-0.08259678,0.47936252,0,1,unassigned,18.0,17.0,1.0,0.9444444,0.055555556,0.055555582,0.030947777,0.0017193209,1,0,0,0,0
53722,-1,0,1.8791473,0.8675132,1,1,unassigned,8.0,8.0,0.0,1.0,0.0,0.0,0.0116054155,0.0,0,0,0,1,0
53723,-1,1,-0.21676388,0.44602025,0,1,unassigned,14.0,14.0,0.0,1.0,0.0,0.0,0.023210831,0.0,1,0,0,0,0
53724,-1,0,-0.22756234,0.44335368,0,1,unassigned,2.0,2.0,0.0,1.0,0.0,0.0,0.0,0.0,0,0,0,0,0
53725,-1,0,-0.45634112,0.3878542,0,1,unassigned,2.0,2.0,0.0,1.0,0.0,0.0,0.0,0.0,0,0,0,0,0
53726,-1,0,-0.00962019,0.49759495,0,1,unassigned,16.0,16.0,0.0,1.0,0.0,0.0,0.027079303,0.0,0,0,0,0,0
53727,-1,0,-0.60537785,0.3531143,0,1,unassigned,6.0,6.0,0.0,1.0,0.0,0.0,0.007736944,0.0,0,0,0,0,0
53728,-1,0,-0.10640183,0.4734246,0,1,unassigned,9.0,9.0,0.0,1.0,0.0,0.0,0.013539651,0.0,0,0,0,0,0
53729,-1,0,4.711697,0.99109066,1,1,unassigned,5.0,5.0,0.0,1.0,0.0,0.0,0.0058027077,0.0,0,0,0,1,1
53730,1,0,-0.01851052,0.49537247,0,1,unassigned,6.0,6.0,0.0,1.0,0.0,0.0,0.007736944,0.0,0,0,0,0,0
53731,-1,0,-0.38257608,0.40550575,0,1,unassigned,16.0,16.0,0.0,1.0,0.0,0.0,0.027079303,0.0,0,0,0,0,0
53732,0,0,-0.5241189,0.3718896,0,0,test,27.0,25.0,2.0,0.9259259,0.074074075,0.07407409,0.0483559,0.0035819185,0,0,1,0,0
53733,-1,1,-0.39761734,0.4018849,0,1,unassigned,17.0,17.0,0.0,1.0,0.0,0.0,0.029013539,0.0,1,0,0,0,0
53734,-1,1,-0.18190372,0.45464906,0,1,unassigned,17.0,16.0,1.0,0.9411765,0.05882353,0.058823526,0.029013539,0.0017066788,1,0,0,0,0
53735,-1,0,4.6631746,0.9906517,1,1,unassigned,2.0,2.0,0.0,1.0,0.0,0.0,0.0,0.0,0,0,0,1,1
53736,-1,1,0.79931694,0.68982834,1,1,unassigned,11.0,10.0,1.0,0.90909094,0.09090909,0.090909064,0.017408123,0.0015825568,1,0,0,1,0
53737,0,0,-0.39012963,0.40368608,0,0,unassigned,7.0,5.0,2.0,0.71428573,0.2857143,0.28571427,0.00967118,0.0027631943,0,0,1,0,0
53738,-1,1,2.7659152,0.94080585,1,1,unassigned,16.0,14.0,2.0,0.875,0.125,0.125,0.027079303,0.0033849129,1,0,0,1,1
53739,-1,0,15.461864,0.99999976,1,1,unassigned,115.0,84.0,31.0,0.7304348,0.26956522,0.26956522,0.21856867,0.058918513,0,0,0,1,1
53740,-1,0,0.041828632,0.51045567,1,1,unassigned,13.0,13.0,0.0,1.0,0.0,0.0,0.021276595,0.0,0,0,0,1,0
53741,-1,1,0.5983067,0.6452688,1,1,unassigned,21.0,20.0,1.0,0.95238096,0.04761905,0.047619045,0.036750484,0.0017500231,1,0,0,1,0
53742,-1,0,-0.13128424,0.46722603,0,1,unassigned,17.0,15.0,2.0,0.88235295,0.11764706,0.11764705,0.029013539,0.0034133575,0,0,0,0,0
53743,-1,0,-0.056073904,0.4859852,0,1,unassigned,5.0,5.0,0.0,1.0,0.0,0.0,0.0058027077,0.0,0,0,0,0,0
53744,-1,1,1.9953167,0.88030446,1,1,unassigned,31.0,30.0,1.0,0.9677419,0.032258064,0.032258093,0.056092843,0.0018094465,1,0,0,1,0
53745,-1,0,5.6171613,0.99637824,1,1,unassigned,2.0,2.0,0.0,1.0,0.0,0.0,0.0,0.0,0,0,0,1,1
53746,-1,1,3.6835277,0.97548205,1,1,unassigned,2.0,2.0,0.0,1.0,0.0,0.0,0.0,0.0,1,0,0,1,1
53747,-1,1,-0.25613493,0.43631405,0,1,unassigned,2.0,2.0,0.0,1.0,0.0,0.0,0.0,0.0,1,0,0,0,0
53748,-1,0,5.5297637,0.99604875,1,1,unassigned,2.0,2.0,0.0,1.0,0.0,0.0,0.0,0.0,0,0,0,1,1
53749,-1,0,0.027873516,0.50696796,1,1,unassigned,4.0,4.0,0.0,1.0,0.0,0.0,0.003868472,0.0,0,0,0,1,0
53750,-1,0,-0.030539513,0.49236572,0,1,unassigned,2.0,2.0,0.0,1.0,0.0,0.0,0.0,0.0,0,0,0,0,0
53751,-1,0,1.6988056,0.8453787,1,1,unassigned,2.0,2.0,0.0,1.0,0.0,0.0,0.0,0.0,0,0,0,1,0
53752,-1,0,4.403847,0.9879176,1,1,unassigned,3.0,3.0,0.0,1.0,0.0,0.0,0.001934236,0.0,0,0,0,1,1
53753,-1,0,0.31520355,0.5781549,1,1,unassigned,11.0,11.0,0.0,1.0,0.0,0.0,0.017408123,0.0,0,0,0,1,0
53754,-1,1,-0.11013442,0.47249418,0,1,unassigned,4.0,4.0,0.0,1.0,0.0,0.0,0.003868472,0.0,1,0,0,0,0
53755,-1,1,-0.31455815,0.42200255,0,1,unassigned,7.0,7.0,0.0,1.0,0.0,0.0,0.00967118,0.0,1,0,0,0,0
53756,-1,0,-0.24860805,0.4381661,0,1,unassigned,25.0,25.0,0.0,1.0,0.0,0.0,0.044487428,0.0,0,0,0,0,0
53757,-1,1,-0.612342,0.35152516,0,1,unassigned,21.0,21.0,0.0,1.0,0.0,0.0,0.036750484,0.0,1,0,0,0,0
53758,-1,1,1.969702,0.87757903,1,1,unassigned,15.0,15.0,0.0,1.0,0.0,0.0,0.025145067,0.0,1,0,0,1,0
53759,-1,0,2.550418,0.9276016,1,1,unassigned,6.0,5.0,1.0,0.8333333,0.16666667,0.16666669,0.007736944,0.0012894907,0,0,0,1,1
53760,-1,0,6.7276235,0.9988041,1,1,unassigned,3.0,2.0,1.0,0.6666667,0.33333334,0.3333333,0.001934236,0.00064474536,0,0,0,1,1
53761,-1,1,0.7838115,0.68650097,1,1,unassigned,4.0,3.0,1.0,0.75,0.25,0.25,0.003868472,0.000967118,1,0,0,1,0
53762,0,1,-0.050278366,0.48743308,0,0,train,20.0,20.0,0.0,1.0,0.0,0.0,0.034816246,0.0,1,0,1,0,0
53763,-1,0,5.362954,0.9953348,1,1,unassigned,3.0,3.0,0.0,1.0,0.0,0.0,0.001934236,0.0,0,0,0,1,1
53764,-1,0,1.2746599,0.78153944,1,1,unassigned,15.0,14.0,1.0,0.93333334,0.06666667,0.06666666,0.025145067,0.0016763379,0,0,0,1,0
53765,-1,0,9.74999,0.9999417,1,1,unassigned,12.0,6.0,6.0,0.5,0.5,0.5,0.01934236,0.00967118,0,0,0,1,1
53766,-1,0,6.6661696,0.99872833,1,1,unassigned,2.0,2.0,0.0,1.0,0.0,0.0,0.0,0.0,0,0,0,1,1
53767,-1,0,0.063140154,0.5157798,1,1,unassigned,3.0,2.0,1.0,0.6666667,0.33333334,0.3333333,0.001934236,0.00064474536,0,0,0,1,0
53768,-1,0,-0.016084254,0.495979,0,1,unassigned,7.0,7.0,0.0,1.0,0.0,0.0,0.00967118,0.0,0,0,0,0,0
53769,-1,0,4.391236,0.98776615,1,1,unassigned,4.0,3.0,1.0,0.75,0.25,0.25,0.003868472,0.000967118,0,0,0,1,1
53770,-1,0,2.5608425,0.92829853,1,1,unassigned,3.0,3.0,0.0,1.0,0.0,0.0,0.001934236,0.0,0,0,0,1,1
53771,-1,0,-0.30967996,0.42319283,0,1,unassigned,6.0,6.0,0.0,1.0,0.0,0.0,0.007736944,0.0,0,0,0,0,0
53772,-1,0,7.8723226,0.999619,1,1,unassigned,2.0,2.0,0.0,1.0,0.0,0.0,0.0,0.0,0,0,0,1,1
53773,-1,1,-0.7581041,0.31905803,0,1,unassigned,63.0,63.0,0.0,1.0,0.0,0.0,0.11798839,0.0,1,0,0,0,0
53774,1,1,1.2136674,0.7709472,1,0,unassigned,2.0,2.0,0.0,1.0,0.0,0.0,0.0,0.0,1,0,1,1,0
53775,0,0,-0.45459145,0.38826966,0,0,unassigned,11.0,11.0,0.0,1.0,0.0,0.0,0.017408123,0.0,0,0,1,0,0
53776,0,1,-0.49612328,0.37845212,0,0,val,56.0,50.0,6.0,0.89285713,0.10714286,0.107142866,0.10444874,0.011190937,1,0,1,0,0
53777,0,1,-0.20722118,0.44837928,0,0,test,18.0,17.0,1.0,0.9444444,0.055555556,0.055555582,0.030947777,0.0017193209,1,0,1,0,0
53778,-1,0,-0.4301618,0.39408773,0,1,unassigned,24.0,24.0,0.0,1.0,0.0,0.0,0.04255319,0.0,0,0,0,0,0
53779,-1,0,0.1348086,0.5336512,1,1,unassigned,11.0,10.0,1.0,0.90909094,0.09090909,0.090909064,0.017408123,0.0015825568,0,0,0,1,0
53780,-1,1,-0.5123535,0.37464195,0,1,unassigned,2.0,1.0,1.0,0.5,0.5,0.5,0.0,0.0,1,0,0,0,0
53781,-1,0,-0.14405504,0.4640484,0,1,unassigned,8.0,8.0,0.0,1.0,0.0,0.0,0.0116054155,0.0,0,0,0,0,0
53782,-1,0,-0.23111227,0.44247773,0,1,unassigned,5.0,5.0,0.0,1.0,0.0,0.0,0.0058027077,0.0,0,0,0,0,0
53783,1,0,13.754404,0.9999989,1,0,val,11.0,7.0,4.0,0.6363636,0.36363637,0.36363637,0.017408123,0.006330227,0,0,1,1,1
53784,-1,0,3.99809,0.9819801,1,1,unassigned,3.0,3.0,0.0,1.0,0.0,0.0,0.001934236,0.0,0,0,0,1,1
53785,-1,1,3.287761,0.9640066,1,1,unassigned,7.0,7.0,0.0,1.0,0.0,0.0,0.00967118,0.0,1,0,0,1,1
53786,-1,0,0.21189475,0.5527764,1,1,unassigned,2.0,2.0,0.0,1.0,0.0,0.0,0.0,0.0,0,0,0,1,0
53787,-1,0,-0.059124887,0.48522305,0,1,unassigned,9.0,9.0,0.0,1.0,0.0,0.0,0.013539651,0.0,0,0,0,0,0
53788,-1,0,2.241225,0.90389097,1,1,unassigned,3.0,3.0,0.0,1.0,0.0,0.0,0.001934236,0.0,0,0,0,1,1
53789,-1,0,2.312597,0.909915,1,1,unassigned,2.0,2.0,0.0,1.0,0.0,0.0,0.0,0.0,0,0,0,1,1
53790,1,1,6.5826907,0.99861777,1,0,val,39.0,36.0,3.0,0.9230769,0.07692308,0.07692307,0.07156673,0.0055051334,1,0,1,1,1
53791,-1,0,5.676658,0.9965867,1,1,unassigned,2.0,2.0,0.0,1.0,0.0,0.0,0.0,0.0,0,0,0,1,1
53792,-1,1,0.68927306,0.66580516,1,1,unassigned,22.0,20.0,2.0,0.90909094,0.09090909,0.090909064,0.03868472,0.0035167928,1,0,0,1,0
53793,-1,1,3.8670228,0.97950816,1,1,unassigned,34.0,32.0,2.0,0.9411765,0.05882353,0.058823526,0.061895553,0.0036409148,1,0,0,1,1
53794,-1,0,-0.09901637,0.4752661,0,1,unassigned,6.0,4.0,2.0,0.6666667,0.33333334,0.3333333,0.007736944,0.0025789815,0,0,0,0,0
53795,-1,1,2.0923107,0.8901536,1,1,unassigned,60.0,57.0,3.0,0.95,0.05,0.050000012,0.11218569,0.0056092846,1,0,0,1,0
53796,0,0,-0.15096307,0.46233076,0,0,val,31.0,31.0,0.0,1.0,0.0,0.0,0.056092843,0.0,0,0,1,0,0
53797,-1,0,0.25228858,0.56273973,1,1,unassigned,4.0,3.0,1.0,0.75,0.25,0.25,0.003868472,0.000967118,0,0,0,1,0
53798,-1,0,6.9177246,0.9990109,1,1,unassigned,2.0,2.0,0.0,1.0,0.0,0.0,0.0,0.0,0,0,0,1,1
53799,-1,0,-0.9883305,0.27124196,0,1,unassigned,3.0,3.0,0.0,1.0,0.0,0.0,0.001934236,0.0,0,0,0,0,0
53800,-1,1,-0.4348945,0.3929582,0,1,unassigned,20.0,20.0,0.0,1.0,0.0,0.0,0.034816246,0.0,1,0,0,0,0
53801,0,1,-0.16196102,0.45959803,0,0,unassigned,10.0,9.0,1.0,0.9,0.1,0.100000024,0.015473888,0.0015473888,1,0,1,0,0
53802,-1,1,-0.8112972,0.30761415,0,1,unassigned,5.0,5.0,0.0,1.0,0.0,0.0,0.0058027077,0.0,1,0,0,0,0
53803,-1,1,-0.7972222,0.31062,0,1,unassigned,31.0,31.0,0.0,1.0,0.0,0.0,0.056092843,0.0,1,0,0,0,0
53804,-1,1,8.076055,0.9996892,1,1,unassigned,7.0,6.0,1.0,0.85714287,0.14285715,0.14285713,0.00967118,0.0013815971,1,0,0,1,1
53805,-1,1,9.537773,0.9999279,1,1,unassigned,2.0,2.0,0.0,1.0,0.0,0.0,0.0,0.0,1,0,0,1,1
53806,-1,1,-0.618721,0.35007238,0,1,unassigned,13.0,11.0,2.0,0.84615386,0.15384616,0.15384614,0.021276595,0.0032733225,1,0,0,0,0
53807,-1,1,-0.60297686,0.35366294,0,1,unassigned,65.0,62.0,3.0,0.95384616,0.046153847,0.046153843,0.12185687,0.0056241634,1,0,0,0,0
53808,-1,1,-0.8733509,0.2945575,0,1,unassigned,74.0,74.0,0.0,1.0,0.0,0.0,0.13926499,0.0,1,0,0,0,0
53809,-1,1,1.5483863,0.82468057,1,1,unassigned,21.0,21.0,0.0,1.0,0.0,0.0,0.036750484,0.0,1,0,0,1,0
53810,-1,1,-0.9298383,0.2829575,0,1,unassigned,14.0,14.0,0.0,1.0,0.0,0.0,0.023210831,0.0,1,0,0,0,0
53811,-1,1,-0.8145449,0.30692285,0,1,unassigned,35.0,34.0,1.0,0.9714286,0.028571429,0.028571427,0.06382979,0.0018237082,1,0,0,0,0
53812,-1,0,0.5534801,0.63494265,1,1,unassigned,11.0,9.0,2.0,0.8181818,0.18181819,0.18181819,0.017408123,0.0031651135,0,0,0,1,0
53813,-1,1,2.1016848,0.8910668,1,1,unassigned,17.0,17.0,0.0,1.0,0.0,0.0,0.029013539,0.0,1,0,0,1,0
53814,-1,1,4.4710712,0.98869425,1,1,unassigned,28.0,26.0,2.0,0.9285714,0.071428575,0.0714286,0.050290134,0.0035921526,1,0,0,1,1
53815,-1,0,1.6800916,0.84291667,1,1,unassigned,8.0,8.0,0.0,1.0,0.0,0.0,0.0116054155,0.0,0,0,0,1,0
53816,-1,1,3.3285453,0.9653953,1,1,unassigned,15.0,13.0,2.0,0.8666667,0.13333334,0.13333333,0.025145067,0.0033526758,1,0,0,1,1
53817,-1,1,1.081701,0.74681574,1,1,unassigned,18.0,17.0,1.0,0.9444444,0.055555556,0.055555582,0.030947777,0.0017193209,1,0,0,1,0
53818,1,1,-0.7427378,0.32240576,0,1,val,54.0,53.0,1.0,0.9814815,0.018518519,0.018518507,0.10058027,0.0018625975,1,0,0,0,0
53819,-1,1,5.573968,0.996219,1,1,unassigned,26.0,25.0,1.0,0.96153843,0.03846154,0.038461566,0.046421662,0.0017854486,1,0,0,1,1
53820,-1,1,2.043781,0.88531774,1,1,unassigned,17.0,14.0,3.0,0.8235294,0.1764706,0.17647058,0.029013539,0.005120036,1,0,0,1,0
53821,-1,0,-0.083387375,0.47916526,0,1,unassigned,2.0,2.0,0.0,1.0,0.0,0.0,0.0,0.0,0,0,0,0,0
53822,-1,1,2.107119,0.89159316,1,1,unassigned,35.0,32.0,3.0,0.9142857,0.08571429,0.08571428,0.06382979,0.005471125,1,0,0,1,0
53823,1,1,0.68279845,0.664363,1,0,test,24.0,22.0,2.0,0.9166667,0.083333336,0.08333331,0.04255319,0.0035460992,1,0,1,1,0
53824,-1,1,-0.24943465,0.43796265,0,1,unassigned,19.0,19.0,0.0,1.0,0.0,0.0,0.032882012,0.0,1,0,0,0,0
53825,-1,1,-0.53477883,0.36940297,0,1,unassigned,20.0,19.0,1.0,0.95,0.05,0.050000012,0.034816246,0.0017408123,1,0,0,0,0
53826,-1,0,-0.26455325,0.43424475,0,1,unassigned,24.0,24.0,0.0,1.0,0.0,0.0,0.04255319,0.0,0,0,0,0,0
53827,-1,1,0.19446057,0.5484625,1,1,unassigned,18.0,18.0,0.0,1.0,0.0,0.0,0.030947777,0.0,1,0,0,1,0
53828,-1,0,-0.31187344,0.42265752,0,1,unassigned,28.0,28.0,0.0,1.0,0.0,0.0,0.050290134,0.0,0,0,0,0,0
53829,-1,0,-0.42172068,0.39610508,0,1,unassigned,31.0,31.0,0.0,1.0,0.0,0.0,0.056092843,0.0,0,0,0,0,0
53830,-1,0,0.12392825,0.53094244,1,1,unassigned,7.0,7.0,0.0,1.0,0.0,0.0,0.00967118,0.0,0,0,0,1,0
53831,-1,0,0.90540785,0.7120595,1,1,unassigned,9.0,9.0,0.0,1.0,0.0,0.0,0.013539651,0.0,0,0,0,1,0
53832,-1,1,0.16266048,0.5405757,1,1,unassigned,3.0,2.0,1.0,0.6666667,0.33333334,0.3333333,0.001934236,0.00064474536,1,0,0,1,0
53833,1,1,-0.11237782,0.47193506,0,1,unassigned,4.0,4.0,0.0,1.0,0.0,0.0,0.003868472,0.0,1,0,0,0,0
53834,-1,1,-0.46568596,0.38563782,0,1,unassigned,19.0,17.0,2.0,0.8947368,0.10526316,0.10526317,0.032882012,0.0034612645,1,0,0,0,0
53835,-1,1,-0.071166456,0.48221588,0,1,unassigned,41.0,40.0,1.0,0.9756098,0.024390243,0.02439022,0.07543521,0.001839883,1,0,0,0,0
53836,1,1,-0.171745,0.45716897,0,1,test,17.0,16.0,1.0,0.9411765,0.05882353,0.058823526,0.029013539,0.0017066788,1,0,0,0,0
53837,0,1,0.28157634,0.56993264,1,1,unassigned,10.0,10.0,0.0,1.0,0.0,0.0,0.015473888,0.0,1,0,0,1,0
53838,0,1,-0.23754817,0.44089067,0,0,test,24.0,24.0,0.0,1.0,0.0,0.0,0.04255319,0.0,1,0,1,0,0
53839,-1,1,-0.029381096,0.49265522,0,1,unassigned,23.0,23.0,0.0,1.0,0.0,0.0,0.040618956,0.0,1,0,0,0,0
53840,1,0,0.056170225,0.51403886,1,0,test,9.0,9.0,0.0,1.0,0.0,0.0,0.013539651,0.0,0,0,1,1,0
53841,-1,0,1.8407199,0.86303383,1,1,unassigned,31.0,31.0,0.0,1.0,0.0,0.0,0.056092843,0.0,0,0,0,1,0
53842,1,1,-0.49449256,0.3788358,0,1,unassigned,28.0,28.0,0.0,1.0,0.0,0.0,0.050290134,0.0,1,0,0,0,0
53843,-1,1,-0.5278362,0.37102172,0,1,unassigned,11.0,11.0,0.0,1.0,0.0,0.0,0.017408123,0.0,1,0,0,0,0
53844,-1,1,-0.7876158,0.31268084,0,1,unassigned,26.0,24.0,2.0,0.9230769,0.07692308,0.07692307,0.046421662,0.0035708973,1,0,0,0,0
53845,0,1,-0.78116435,0.31406897,0,0,val,32.0,32.0,0.0,1.0,0.0,0.0,0.058027077,0.0,1,0,1,0,0
53846,-1,0,2.3501768,0.9129483,1,1,unassigned,3.0,2.0,1.0,0.6666667,0.33333334,0.3333333,0.001934236,0.00064474536,0,0,0,1,1
53847,1,1,-0.25010762,0.43779704,0,1,unassigned,27.0,25.0,2.0,0.9259259,0.074074075,0.07407409,0.0483559,0.0035819185,1,0,0,0,0
53848,-1,1,0.3400932,0.58421314,1,1,unassigned,4.0,3.0,1.0,0.75,0.25,0.25,0.003868472,0.000967118,1,0,0,1,0
53849,-1,0,5.743153,0.99680555,1,1,unassigned,3.0,2.0,1.0,0.6666667,0.33333334,0.3333333,0.001934236,0.00064474536,0,0,0,1,1
53850,-1,0,-0.5355197,0.36923042,0,1,unassigned,8.0,8.0,0.0,1.0,0.0,0.0,0.0116054155,0.0,0,0,0,0,0
53851,-1,0,-0.068697155,0.4828325,0,1,unassigned,65.0,65.0,0.0,1.0,0.0,0.0,0.12185687,0.0,0,0,0,0,0
53852,-1,0,3.327437,0.96535814,1,1,unassigned,3.0,2.0,1.0,0.6666667,0.33333334,0.3333333,0.001934236,0.00064474536,0,0,0,1,1
53853,-1,1,-0.19786248,0.45069513,0,1,unassigned,3.0,3.0,0.0,1.0,0.0,0.0,0.001934236,0.0,1,0,0,0,0
53854,-1,1,-0.3627565,0.41029245,0,1,unassigned,25.0,24.0,1.0,0.96,0.04,0.04000002,0.044487428,0.001779497,1,0,0,0,0
53855,0,1,0.063531876,0.51587766,1,1,val,28.0,27.0,1.0,0.96428573,0.035714287,0.03571427,0.050290134,0.0017960763,1,0,0,1,0
53856,0,0,1.3943994,0.8012937,1,1,unassigned,14.0,13.0,1.0,0.9285714,0.071428575,0.0714286,0.023210831,0.0016579166,0,0,0,1,0
53857,-1,0,1.6050665,0.8327253,1,1,unassigned,12.0,12.0,0.0,1.0,0.0,0.0,0.01934236,0.0,0,0,0,1,0
53858,-1,1,-0.62580925,0.3484614,0,1,unassigned,32.0,28.0,4.0,0.875,0.125,0.125,0.058027077,0.0072533847,1,0,0,0,0
53859,-1,1,2.1286294,0.8936548,1,1,unassigned,2.0,2.0,0.0,1.0,0.0,0.0,0.0,0.0,1,0,0,1,0
53860,-1,0,0.30118364,0.5747318,1,1,unassigned,24.0,24.0,0.0,1.0,0.0,0.0,0.04255319,0.0,0,0,0,1,0
53861,-1,0,2.8340762,0.9444897,1,1,unassigned,2.0,1.0,1.0,0.5,0.5,0.5,0.0,0.0,0,0,0,1,1
53862,-1,1,4.7830157,0.99169874,1,1,unassigned,6.0,6.0,0.0,1.0,0.0,0.0,0.007736944,0.0,1,0,0,1,1
53863,-1,1,1.7519004,0.85219234,1,1,unassigned,17.0,17.0,0.0,1.0,0.0,0.0,0.029013539,0.0,1,0,0,1,0
53864,-1,0,5.635685,0.9964444,1,1,unassigned,6.0,4.0,2.0,0.6666667,0.33333334,0.3333333,0.007736944,0.0025789815,0,0,0,1,1
53865,-1,1,5.8796926,0.9972121,1,1,unassigned,5.0,4.0,1.0,0.8,0.2,0.19999999,0.0058027077,0.0011605415,1,0,0,1,1
53866,-1,1,-0.84502256,0.30047804,0,1,unassigned,2.0,2.0,0.0,1.0,0.0,0.0,0.0,0.0,1,0,0,0,0
53867,-1,0,-2.0330286,0.11577851,0,1,unassigned,2.0,1.0,1.0,0.5,0.5,0.5,0.0,0.0,0,0,0,0,0
53868,-1,1,3.6676452,0.9750993,1,1,unassigned,4.0,4.0,0.0,1.0,0.0,0.0,0.003868472,0.0,1,0,0,1,1
53869,1,0,-0.4653136,0.38572603,0,1,unassigned,20.0,20.0,0.0,1.0,0.0,0.0,0.034816246,0.0,0,0,0,0,0
53870,-1,1,6.7633305,0.99884593,1,1,unassigned,3.0,2.0,1.0,0.6666667,0.33333334,0.3333333,0.001934236,0.00064474536,1,0,0,1,1
53871,-1,0,-0.3504759,0.41326702,0,1,unassigned,23.0,22.0,1.0,0.95652175,0.04347826,0.04347825,0.040618956,0.0017660416,0,0,0,0,0
53872,-1,1,0.117137134,0.52925086,1,1,unassigned,4.0,4.0,0.0,1.0,0.0,0.0,0.003868472,0.0,1,0,0,1,0
53873,-1,1,-0.6905971,0.33390024,0,1,unassigned,55.0,55.0,0.0,1.0,0.0,0.0,0.102514505,0.0,1,0,0,0,0
53874,-1,1,-0.6053405,0.35312283,0,1,unassigned,13.0,12.0,1.0,0.9230769,0.07692308,0.07692307,0.021276595,0.0016366612,1,0,0,0,0
53875,-1,0,-0.28348264,0.42960015,0,1,unassigned,9.0,9.0,0.0,1.0,0.0,0.0,0.013539651,0.0,0,0,0,0,0
53876,-1,1,1.2331219,0.77436453,1,1,unassigned,3.0,3.0,0.0,1.0,0.0,0.0,0.001934236,0.0,1,0,0,1,0
53877,-1,0,0.753707,0.6799859,1,1,unassigned,2.0,2.0,0.0,1.0,0.0,0.0,0.0,0.0,0,0,0,1,0
53878,-1,0,-0.43241134,0.39355066,0,1,unassigned,5.0,5.0,0.0,1.0,0.0,0.0,0.0058027077,0.0,0,0,0,0,0
53879,0,0,-0.6061215,0.35294446,0,0,test,20.0,19.0,1.0,0.95,0.05,0.050000012,0.034816246,0.0017408123,0,0,1,0,0
53880,-1,0,0.58340174,0.64184976,1,1,unassigned,4.0,4.0,0.0,1.0,0.0,0.0,0.003868472,0.0,0,0,0,1,0
53881,-1,1,2.9453108,0.9500414,1,1,unassigned,8.0,6.0,2.0,0.75,0.25,0.25,0.0116054155,0.0029013539,1,0,0,1,1
53882,-1,0,-0.9066858,0.28767848,0,1,unassigned,3.0,3.0,0.0,1.0,0.0,0.0,0.001934236,0.0,0,0,0,0,0
53883,-1,1,-0.26395538,0.43439162,0,1,unassigned,15.0,13.0,2.0,0.8666667,0.13333334,0.13333333,0.025145067,0.0033526758,1,0,0,0,0
53884,-1,1,0.90672,0.7123285,1,1,unassigned,4.0,4.0,0.0,1.0,0.0,0.0,0.003868472,0.0,1,0,0,1,0
53885,-1,0,-0.17148122,0.45723444,0,1,unassigned,9.0,9.0,0.0,1.0,0.0,0.0,0.013539651,0.0,0,0,0,0,0
53886,-1,1,-0.630105,0.3474867,0,1,unassigned,57.0,56.0,1.0,0.98245615,0.01754386,0.017543852,0.10638298,0.0018663681,1,0,0,0,0
53887,-1,1,5.194196,0.9944819,1,1,unassigned,15.0,13.0,2.0,0.8666667,0.13333334,0.13333333,0.025145067,0.0033526758,1,0,0,1,1
53888,-1,0,0.9202439,0.71509176,1,1,unassigned,15.0,15.0,0.0,1.0,0.0,0.0,0.025145067,0.0,0,0,0,1,0
53889,0,1,4.0896525,0.9835307,1,1,val,3.0,2.0,1.0,0.6666667,0.33333334,0.3333333,0.001934236,0.00064474536,1,0,0,1,1
53890,-1,0,1.0576267,0.74223673,1,1,unassigned,3.0,3.0,0.0,1.0,0.0,0.0,0.001934236,0.0,0,0,0,1,0
53891,1,1,0.4064731,0.6002419,1,0,val,2.0,2.0,0.0,1.0,0.0,0.0,0.0,0.0,1,0,1,1,0
53892,-1,0,-0.26151258,0.43499193,0,1,unassigned,3.0,3.0,0.0,1.0,0.0,0.0,0.001934236,0.0,0,0,0,0,0
53893,-1,0,6.2130094,0.9980008,1,1,unassigned,7.0,6.0,1.0,0.85714287,0.14285715,0.14285713,0.00967118,0.0013815971,0,0,0,1,1
53894,-1,0,-0.90104526,0.28883573,0,1,unassigned,2.0,2.0,0.0,1.0,0.0,0.0,0.0,0.0,0,0,0,0,0
53895,-1,0,0.43859106,0.60792327,1,1,unassigned,3.0,2.0,1.0,0.6666667,0.33333334,0.3333333,0.001934236,0.00064474536,0,0,0,1,0
53896,0,1,-0.50200933,0.37706855,0,0,unassigned,97.0,96.0,1.0,0.9896907,0.010309278,0.010309279,0.18375242,0.0018943547,1,0,1,0,0
53897,0,1,-0.66977394,0.33854747,0,0,val,35.0,30.0,5.0,0.85714287,0.14285715,0.14285713,0.06382979,0.009118541,1,0,1,0,0
53898,-1,0,-0.23348665,0.4418921,0,1,unassigned,30.0,29.0,1.0,0.96666664,0.033333335,0.03333336,0.054158606,0.001805287,0,0,0,0,0
53899,-1,0,0.16675645,0.5415928,1,1,unassigned,6.0,6.0,0.0,1.0,0.0,0.0,0.007736944,0.0,0,0,0,1,0
53900,1,0,0.02037853,0.50509447,1,0,val,12.0,12.0,0.0,1.0,0.0,0.0,0.01934236,0.0,0,0,1,1,0
53901,-1,0,-0.00880146,0.49779963,0,1,unassigned,16.0,16.0,0.0,1.0,0.0,0.0,0.027079303,0.0,0,0,0,0,0
53902,-1,1,-0.5652926,0.36232376,0,1,unassigned,29.0,28.0,1.0,0.9655172,0.03448276,0.034482777,0.05222437,0.0018008404,1,0,0,0,0
53903,-1,0,-0.084415376,0.47890866,0,1,unassigned,21.0,21.0,0.0,1.0,0.0,0.0,0.036750484,0.0,0,0,0,0,0
53904,1,0,-0.22369167,0.44430915,0,1,val,26.0,25.0,1.0,0.96153843,0.03846154,0.038461566,0.046421662,0.0017854486,0,0,0,0,0
53905,-1,0,-0.29315168,0.42723244,0,1,unassigned,20.0,20.0,0.0,1.0,0.0,0.0,0.034816246,0.0,0,0,0,0,0
53906,-1,0,-0.034525216,0.49136955,0,1,unassigned,26.0,26.0,0.0,1.0,0.0,0.0,0.046421662,0.0,0,0,0,0,0
53907,-1,0,-0.39512062,0.40248522,0,1,unassigned,41.0,41.0,0.0,1.0,0.0,0.0,0.07543521,0.0,0,0,0,0,0
53908,-1,0,-0.111368954,0.47218654,0,1,unassigned,7.0,7.0,0.0,1.0,0.0,0.0,0.00967118,0.0,0,0,0,0,0
53909,-1,1,-0.3724414,0.40795124,0,1,unassigned,60.0,59.0,1.0,0.98333335,0.016666668,0.01666665,0.11218569,0.0018697615,1,0,0,0,0
53910,-1,1,-0.8298659,0.30367342,0,1,unassigned,17.0,17.0,0.0,1.0,0.0,0.0,0.029013539,0.0,1,0,0,0,0
53911,-1,1,-0.64611197,0.3438662,0,1,unassigned,32.0,32.0,0.0,1.0,0.0,0.0,0.058027077,0.0,1,0,0,0,0
53912,-1,1,5.733373,0.99677426,1,1,unassigned,11.0,7.0,4.0,0.6363636,0.36363637,0.36363637,0.017408123,0.006330227,1,0,0,1,1
53913,-1,0,-0.29562074,0.42662838,0,1,unassigned,34.0,33.0,1.0,0.9705882,0.029411765,0.029411793,0.061895553,0.0018204574,0,0,0,0,0
53914,-1,1,2.6941917,0.936683,1,1,unassigned,7.0,7.0,0.0,1.0,0.0,0.0,0.00967118,0.0,1,0,0,1,1
53915,-1,0,-0.8201182,0.30573857,0,1,unassigned,3.0,3.0,0.0,1.0,0.0,0.0,0.001934236,0.0,0,0,0,0,0
53916,-1,1,0.4378975,0.6077579,1,1,unassigned,55.0,52.0,3.0,0.94545454,0.054545455,0.054545462,0.102514505,0.0055917003,1,0,0,1,0
53917,-1,0,-0.19478875,0.45145622,0,1,unassigned,6.0,6.0,0.0,1.0,0.0,0.0,0.007736944,0.0,0,0,0,0,0
53918,-1,0,0.4029799,0.5994034,1,1,unassigned,3.0,3.0,0.0,1.0,0.0,0.0,0.001934236,0.0,0,0,0,1,0
53919,-1,0,-0.052880585,0.48678297,0,1,unassigned,3.0,3.0,0.0,1.0,0.0,0.0,0.001934236,0.0,0,0,0,0,0
53920,-1,0,-0.06392646,0.4840238,0,1,unassigned,38.0,38.0,0.0,1.0,0.0,0.0,0.06963249,0.0,0,0,0,0,0
53921,-1,0,-0.2110452,0.44743365,0,1,unassigned,38.0,34.0,4.0,0.8947368,0.10526316,0.10526317,0.06963249,0.0073297364,0,0,0,0,0
53922,1,0,-0.15042719,0.46246397,0,1,val,16.0,16.0,0.0,1.0,0.0,0.0,0.027079303,0.0,0,0,0,0,0
53923,-1,0,0.3389179,0.5839277,1,1,unassigned,18.0,13.0,5.0,0.7222222,0.2777778,0.2777778,0.030947777,0.008596605,0,0,0,1,0
53924,-1,0,1.8249402,0.86115783,1,1,unassigned,23.0,19.0,4.0,0.82608694,0.17391305,0.17391306,0.040618956,0.0070641665,0,0,0,1,0
53925,-1,1,-0.83935356,0.30167094,0,1,unassigned,13.0,13.0,0.0,1.0,0.0,0.0,0.021276595,0.0,1,0,0,0,0
53926,-1,1,0.70645326,0.669617,1,1,unassigned,12.0,11.0,1.0,0.9166667,0.083333336,0.08333331,0.01934236,0.0016118633,1,0,0,1,0
53927,-1,0,-0.64416754,0.3443051,0,1,unassigned,28.0,2.0,26.0,0.071428575,0.9285714,0.9285714,0.050290134,0.04669798,0,0,0,0,0
53928,-1,0,5.290237,0.99498475,1,1,unassigned,4.0,4.0,0.0,1.0,0.0,0.0,0.003868472,0.0,0,0,0,1,1
53929,-1,0,6.3596454,0.998273,1,1,unassigned,43.0,27.0,16.0,0.627907,0.37209302,0.37209302,0.079303674,0.029508343,0,0,0,1,1
53930,-1,1,-0.089268535,0.47769767,0,1,unassigned,36.0,35.0,1.0,0.9722222,0.027777778,0.027777791,0.065764025,0.0018267785,1,0,0,0,0
53931,-1,1,-0.4474571,0.38996553,0,1,unassigned,5.0,5.0,0.0,1.0,0.0,0.0,0.0058027077,0.0,1,0,0,0,0
53932,-1,0,-1.0010008,0.2687447,0,1,unassigned,3.0,3.0,0.0,1.0,0.0,0.0,0.001934236,0.0,0,0,0,0,0
53933,-1,0,-0.322993,0.41994652,0,1,unassigned,16.0,16.0,0.0,1.0,0.0,0.0,0.027079303,0.0,0,0,0,0,0
53934,-1,0,-0.17387131,0.45664138,0,1,unassigned,5.0,5.0,0.0,1.0,0.0,0.0,0.0058027077,0.0,0,0,0,0,0
53935,-1,0,0.16342312,0.5407651,1,1,unassigned,32.0,32.0,0.0,1.0,0.0,0.0,0.058027077,0.0,0,0,0,1,0
53936,-1,1,-0.4137329,0.39801738,0,1,unassigned,10.0,9.0,1.0,0.9,0.1,0.100000024,0.015473888,0.0015473888,1,0,0,0,0
53937,-1,0,-0.03778732,0.4905543,0,1,unassigned,25.0,25.0,0.0,1.0,0.0,0.0,0.044487428,0.0,0,0,0,0,0
53938,-1,0,-0.27203456,0.43240768,0,1,unassigned,16.0,16.0,0.0,1.0,0.0,0.0,0.027079303,0.0,0,0,0,0,0
53939,1,0,-0.090768844,0.47732332,0,1,unassigned,34.0,32.0,2.0,0.9411765,0.05882353,0.058823526,0.061895553,0.0036409148,0,0,0,0,0
53940,-1,0,-0.22936285,0.4429094,0,1,unassigned,21.0,21.0,0.0,1.0,0.0,0.0,0.036750484,0.0,0,0,0,0,0
53941,1,0,-0.15575373,0.4611401,0,1,unassigned,48.0,48.0,0.0,1.0,0.0,0.0,0.088974856,0.0,0,0,0,0,0
53942,-1,0,-0.3722685,0.40799296,0,1,unassigned,4.0,4.0,0.0,1.0,0.0,0.0,0.003868472,0.0,0,0,0,0,0
53943,0,1,-0.35200605,0.41289607,0,0,val,21.0,19.0,2.0,0.9047619,0.0952381,0.09523809,0.036750484,0.0035000462,1,0,1,0,0
53944,0,1,-0.29078704,0.42781124,0,0,unassigned,40.0,40.0,0.0,1.0,0.0,0.0,0.07350097,0.0,1,0,1,0,0
53945,1,1,0.75836664,0.680999,1,0,unassigned,29.0,26.0,3.0,0.8965517,0.10344828,0.10344827,0.05222437,0.005402521,1,0,1,1,0
53946,-1,1,-0.7279688,0.32564062,0,1,unassigned,11.0,11.0,0.0,1.0,0.0,0.0,0.017408123,0.0,1,0,0,0,0
53947,-1,0,0.9050496,0.71198606,1,1,unassigned,3.0,3.0,0.0,1.0,0.0,0.0,0.001934236,0.0,0,0,0,1,0
53948,1,1,7.813168,0.9995958,1,0,train,6.0,3.0,3.0,0.5,0.5,0.5,0.007736944,0.003868472,1,0,1,1,1
53949,-1,0,0.87044543,0.7048384,1,1,unassigned,9.0,9.0,0.0,1.0,0.0,0.0,0.013539651,0.0,0,0,0,1,0
53950,-1,0,2.1574965,0.89636725,1,1,unassigned,5.0,5.0,0.0,1.0,0.0,0.0,0.0058027077,0.0,0,0,0,1,0
53951,-1,0,1.5024827,0.81794447,1,1,unassigned,13.0,12.0,1.0,0.9230769,0.07692308,0.07692307,0.021276595,0.0016366612,0,0,0,1,0
53952,-1,1,-0.7150999,0.32847294,0,1,unassigned,41.0,41.0,0.0,1.0,0.0,0.0,0.07543521,0.0,1,0,0,0,0
53953,-1,1,4.0845723,0.98344827,1,1,unassigned,2.0,2.0,0.0,1.0,0.0,0.0,0.0,0.0,1,0,0,1,1
53954,-1,1,-0.07109916,0.48223272,0,1,unassigned,8.0,8.0,0.0,1.0,0.0,0.0,0.0116054155,0.0,1,0,0,0,0
53955,-1,0,1.1766124,0.76433814,1,1,unassigned,5.0,5.0,0.0,1.0,0.0,0.0,0.0058027077,0.0,0,0,0,1,0
53956,1,0,9.104412,0.9998888,1,0,unassigned,28.0,23.0,5.0,0.8214286,0.17857143,0.1785714,0.050290134,0.008980381,0,0,1,1,1
53957,-1,0,5.381747,0.99542123,1,1,unassigned,2.0,2.0,0.0,1.0,0.0,0.0,0.0,0.0,0,0,0,1,1
53958,0,0,0.4334088,0.60668737,1,1,val,3.0,2.0,1.0,0.6666667,0.33333334,0.3333333,0.001934236,0.00064474536,0,0,0,1,0
53959,-1,0,0.92322403,0.71569854,1,1,unassigned,4.0,4.0,0.0,1.0,0.0,0.0,0.003868472,0.0,0,0,0,1,0
53960,-1,1,0.33990473,0.58416736,1,1,unassigned,39.0,38.0,1.0,0.974359,0.025641026,0.025641024,0.07156673,0.0018350444,1,0,0,1,0
53961,-1,1,0.42468792,0.6046045,1,1,unassigned,7.0,6.0,1.0,0.85714287,0.14285715,0.14285713,0.00967118,0.0013815971,1,0,0,1,0
53962,-1,0,-0.5606248,0.3634029,0,1,unassigned,2.0,2.0,0.0,1.0,0.0,0.0,0.0,0.0,0,0,0,0,0
53963,-1,1,-0.8569077,0.29798582,0,1,unassigned,6.0,6.0,0.0,1.0,0.0,0.0,0.007736944,0.0,1,0,0,0,0
53964,-1,0,-0.123676926,0.46912012,0,1,unassigned,20.0,20.0,0.0,1.0,0.0,0.0,0.034816246,0.0,0,0,0,0,0
53965,-1,1,-0.6083356,0.35243896,0,1,unassigned,7.0,7.0,0.0,1.0,0.0,0.0,0.00967118,0.0,1,0,0,0,0
53966,-1,1,-0.38394815,0.405175,0,1,unassigned,32.0,31.0,1.0,0.96875,0.03125,0.03125,0.058027077,0.0018133462,1,0,0,0,0
53967,-1,0,0.11836141,0.52955586,1,1,unassigned,54.0,54.0,0.0,1.0,0.0,0.0,0.10058027,0.0,0,0,0,1,0
53968,-1,1,1.0757267,0.74568444,1,1,unassigned,17.0,13.0,4.0,0.7647059,0.23529412,0.2352941,0.029013539,0.006826715,1,0,0,1,0
53969,-1,1,-0.6350389,0.34636885,0,1,unassigned,16.0,16.0,0.0,1.0,0.0,0.0,0.027079303,0.0,1,0,0,0,0
53970,-1,1,-0.92227894,0.28449374,0,1,unassigned,12.0,12.0,0.0,1.0,0.0,0.0,0.01934236,0.0,1,0,0,0,0
53971,-1,1,-0.8384941,0.30185202,0,1,unassigned,52.0,51.0,1.0,0.9807692,0.01923077,0.019230783,0.0967118,0.0018598423,1,0,0,0,0
53972,-1,0,5.1146374,0.99402773,1,1,unassigned,7.0,6.0,1.0,0.85714287,0.14285715,0.14285713,0.00967118,0.0013815971,0,0,0,1,1
53973,0,1,-0.6640883,0.33982185,0,0,unassigned,16.0,15.0,1.0,0.9375,0.0625,0.0625,0.027079303,0.0016924564,1,0,1,0,0
53974,1,1,-0.5018876,0.37709716,0,1,test,5.0,5.0,0.0,1.0,0.0,0.0,0.0058027077,0.0,1,0,0,0,0
53975,-1,1,-0.6946633,0.3329965,0,1,unassigned,77.0,76.0,1.0,0.987013,0.012987013,0.012987018,0.14506769,0.001883996,1,0,0,0,0
53976,-1,1,-0.75885415,0.3188951,0,1,unassigned,19.0,18.0,1.0,0.94736844,0.05263158,0.052631557,0.032882012,0.0017306323,1,0,0,0,0
53977,-1,1,-0.45461005,0.38826525,0,1,unassigned,13.0,13.0,0.0,1.0,0.0,0.0,0.021276595,0.0,1,0,0,0,0
53978,-1,0,3.418832,0.968288,1,1,unassigned,2.0,1.0,1.0,0.5,0.5,0.5,0.0,0.0,0,0,0,1,1
53979,-1,1,-0.51598597,0.3737913,0,1,unassigned,7.0,7.0,0.0,1.0,0.0,0.0,0.00967118,0.0,1,0,0,0,0
53980,-1,0,1.7606862,0.85329556,1,1,unassigned,3.0,2.0,1.0,0.6666667,0.33333334,0.3333333,0.001934236,0.00064474536,0,0,0,1,0
53981,0,0,-0.277987,0.43094733,0,0,test,2.0,2.0,0.0,1.0,0.0,0.0,0.0,0.0,0,0,1,0,0
53982,-1,0,1.1917996,0.7670628,1,1,unassigned,5.0,5.0,0.0,1.0,0.0,0.0,0.0058027077,0.0,0,0,0,1,0
53983,-1,1,-0.34143636,0.4154606,0,1,unassigned,34.0,33.0,1.0,0.9705882,0.029411765,0.029411793,0.061895553,0.0018204574,1,0,0,0,0
53984,-1,1,0.30223405,0.57498854,1,1,unassigned,18.0,18.0,0.0,1.0,0.0,0.0,0.030947777,0.0,1,0,0,1,0
53985,-1,1,1.7801456,0.85571486,1,1,unassigned,2.0,2.0,0.0,1.0,0.0,0.0,0.0,0.0,1,0,0,1,0
53986,-1,1,-0.28155503,0.43007258,0,1,unassigned,15.0,15.0,0.0,1.0,0.0,0.0,0.025145067,0.0,1,0,0,0,0
53987,-1,0,-0.68696105,0.33470944,0,1,unassigned,3.0,3.0,0.0,1.0,0.0,0.0,0.001934236,0.0,0,0,0,0,0
53988,-1,0,-0.2838487,0.4295105,0,1,unassigned,15.0,15.0,0.0,1.0,0.0,0.0,0.025145067,0.0,0,0,0,0,0
53989,0,0,-0.28037262,0.43036243,0,0,unassigned,4.0,4.0,0.0,1.0,0.0,0.0,0.003868472,0.0,0,0,1,0,0
53990,-1,0,-0.18092293,0.45489225,0,1,unassigned,26.0,26.0,0.0,1.0,0.0,0.0,0.046421662,0.0,0,0,0,0,0
53991,-1,0,-0.40792552,0.39940968,0,1,unassigned,3.0,3.0,0.0,1.0,0.0,0.0,0.001934236,0.0,0,0,0,0,0
53992,-1,0,0.13678914,0.53414404,1,1,unassigned,31.0,31.0,0.0,1.0,0.0,0.0,0.056092843,0.0,0,0,0,1,0
53993,-1,1,0.33374816,0.58267105,1,1,unassigned,2.0,1.0,1.0,0.5,0.5,0.5,0.0,0.0,1,0,0,1,0
53994,-1,1,1.993443,0.8801069,1,1,unassigned,6.0,6.0,0.0,1.0,0.0,0.0,0.007736944,0.0,1,0,0,1,0
53995,-1,1,2.7508156,0.93995935,1,1,unassigned,5.0,5.0,0.0,1.0,0.0,0.0,0.0058027077,0.0,1,0,0,1,1
53996,-1,0,5.004508,0.99333704,1,1,unassigned,2.0,2.0,0.0,1.0,0.0,0.0,0.0,0.0,0,0,0,1,1
53997,-1,0,0.07131493,0.5178212,1,1,unassigned,2.0,2.0,0.0,1.0,0.0,0.0,0.0,0.0,0,0,0,1,0
53998,-1,0,-0.7827688,0.31372347,0,1,unassigned,19.0,19.0,0.0,1.0,0.0,0.0,0.032882012,0.0,0,0,0,0,0
53999,-1,0,0.3803627,0.5939606,1,1,unassigned,3.0,3.0,0.0,1.0,0.0,0.0,0.001934236,0.0,0,0,0,1,0
54000,-1,1,-0.39822733,0.40173832,0,1,unassigned,43.0,43.0,0.0,1.0,0.0,0.0,0.079303674,0.0,1,0,0,0,0
54001,-1,0,2.9125755,0.94846463,1,1,unassigned,14.0,14.0,0.0,1.0,0.0,0.0,0.023210831,0.0,0,0,0,1,1
54002,-1,0,3.4355881,0.96879846,1,1,unassigned,3.0,3.0,0.0,1.0,0.0,0.0,0.001934236,0.0,0,0,0,1,1
54003,-1,1,0.012602866,0.5031507,1,1,unassigned,39.0,35.0,4.0,0.8974359,0.102564104,0.1025641,0.07156673,0.0073401774,1,0,0,1,0
54004,-1,0,3.1835518,0.96021056,1,1,unassigned,10.0,10.0,0.0,1.0,0.0,0.0,0.015473888,0.0,0,0,0,1,1
54005,-1,1,-0.5546234,0.36479238,0,1,unassigned,20.0,16.0,4.0,0.8,0.2,0.19999999,0.034816246,0.0069632493,1,0,0,0,0
54006,-1,1,0.27780902,0.56900895,1,1,unassigned,39.0,27.0,12.0,0.6923077,0.30769232,0.3076923,0.07156673,0.022020534,1,0,0,1,0
54007,-1,1,4.107098,0.98381096,1,1,unassigned,20.0,20.0,0.0,1.0,0.0,0.0,0.034816246,0.0,1,0,0,1,1
54008,1,0,2.2851112,0.9076364,1,0,test,3.0,3.0,0.0,1.0,0.0,0.0,0.001934236,0.0,0,0,1,1,1
54009,-1,1,-0.87769806,0.293655,0,1,unassigned,32.0,32.0,0.0,1.0,0.0,0.0,0.058027077,0.0,1,0,0,0,0
54010,-1,0,-0.4370996,0.3924323,0,1,unassigned,4.0,4.0,0.0,1.0,0.0,0.0,0.003868472,0.0,0,0,0,0,0
54011,-1,0,-0.84940434,0.29955783,0,1,unassigned,9.0,9.0,0.0,1.0,0.0,0.0,0.013539651,0.0,0,0,0,0,0
54012,-1,0,2.0634005,0.88729465,1,1,unassigned,3.0,3.0,0.0,1.0,0.0,0.0,0.001934236,0.0,0,0,0,1,0
54013,-1,1,1.807035,0.8590031,1,1,unassigned,2.0,1.0,1.0,0.5,0.5,0.5,0.0,0.0,1,0,0,1,0
54014,-1,1,5.109571,0.9939976,1,1,unassigned,18.0,15.0,3.0,0.8333333,0.16666667,0.16666669,0.030947777,0.005157963,1,0,0,1,1
54015,-1,1,-0.6250514,0.34863347,0,1,unassigned,17.0,17.0,0.0,1.0,0.0,0.0,0.029013539,0.0,1,0,0,0,0
54016,-1,1,0.566771,0.6380178,1,1,unassigned,6.0,6.0,0.0,1.0,0.0,0.0,0.007736944,0.0,1,0,0,1,0
54017,-1,1,4.966788,0.99308264,1,1,unassigned,5.0,5.0,0.0,1.0,0.0,0.0,0.0058027077,0.0,1,0,0,1,1
54018,-1,1,-0.87895215,0.29339495,0,1,unassigned,20.0,20.0,0.0,1.0,0.0,0.0,0.034816246,0.0,1,0,0,0,0
54019,0,0,-0.053240538,0.48669302,0,0,train,27.0,27.0,0.0,1.0,0.0,0.0,0.0483559,0.0,0,0,1,0,0
54020,-1,0,1.1031687,0.75085336,1,1,unassigned,8.0,8.0,0.0,1.0,0.0,0.0,0.0116054155,0.0,0,0,0,1,0
54021,-1,0,-0.6005012,0.35422903,0,1,unassigned,4.0,4.0,0.0,1.0,0.0,0.0,0.003868472,0.0,0,0,0,0,0
54022,1,1,-0.10416937,0.47398117,0,1,val,36.0,36.0,0.0,1.0,0.0,0.0,0.065764025,0.0,1,0,0,0,0
54023,-1,1,0.95756227,0.7226334,1,1,unassigned,38.0,38.0,0.0,1.0,0.0,0.0,0.06963249,0.0,1,0,0,1,0
54024,-1,1,-0.85922384,0.29750153,0,1,unassigned,116.0,113.0,3.0,0.9741379,0.02586207,0.025862098,0.2205029,0.0057026614,1,0,0,0,0
54025,-1,1,0.5621558,0.6369512,1,1,unassigned,10.0,10.0,0.0,1.0,0.0,0.0,0.015473888,0.0,1,0,0,1,0
54026,-1,1,0.32149297,0.5796881,1,1,unassigned,60.0,58.0,2.0,0.96666664,0.033333335,0.03333336,0.11218569,0.003739523,1,0,0,1,0
54027,-1,1,4.847649,0.99221426,1,1,unassigned,36.0,36.0,0.0,1.0,0.0,0.0,0.065764025,0.0,1,0,0,1,1
54028,-1,1,0.8425291,0.6989976,1,1,unassigned,3.0,3.0,0.0,1.0,0.0,0.0,0.001934236,0.0,1,0,0,1,0
54029,-1,1,-0.5289369,0.37076485,0,1,unassigned,73.0,68.0,5.0,0.9315069,0.06849315,0.06849313,0.13733076,0.009406216,1,0,0,0,0
54030,-1,0,7.933575,0.99964166,1,1,unassigned,3.0,3.0,0.0,1.0,0.0,0.0,0.001934236,0.0,0,0,0,1,1
54031,-1,0,4.8958697,0.9925781,1,1,unassigned,10.0,7.0,3.0,0.7,0.3,0.3,0.015473888,0.0046421667,0,0,0,1,1
54032,-1,1,0.4245054,0.60456085,1,1,unassigned,9.0,8.0,1.0,0.8888889,0.11111111,0.111111104,0.013539651,0.0015044058,1,0,0,1,0
54033,-1,1,3.9325392,0.9807827,1,1,unassigned,5.0,4.0,1.0,0.8,0.2,0.19999999,0.0058027077,0.0011605415,1,0,0,1,1
54034,-1,0,-0.6420952,0.34477308,0,1,unassigned,17.0,17.0,0.0,1.0,0.0,0.0,0.029013539,0.0,0,0,0,0,0
54035,-1,1,-0.47563142,0.38328424,0,1,unassigned,54.0,35.0,19.0,0.6481481,0.35185185,0.35185188,0.10058027,0.035389353,1,0,0,0,0
54036,-1,0,1.5828719,0.8296109,1,1,unassigned,12.0,12.0,0.0,1.0,0.0,0.0,0.01934236,0.0,0,0,0,1,0
54037,-1,0,-0.11557233,0.47113904,0,1,unassigned,7.0,7.0,0.0,1.0,0.0,0.0,0.00967118,0.0,0,0,0,0,0
54038,-1,0,5.00197,0.9933202,1,1,unassigned,12.0,12.0,0.0,1.0,0.0,0.0,0.01934236,0.0,0,0,0,1,1
54039,1,0,-0.098542154,0.47538438,0,1,val,70.0,69.0,1.0,0.98571426,0.014285714,0.014285743,0.13152805,0.0018789722,0,0,0,0,0
54040,-1,0,-0.0015549064,0.49961126,0,1,unassigned,26.0,25.0,1.0,0.96153843,0.03846154,0.038461566,0.046421662,0.0017854486,0,0,0,0,0
54041,-1,1,1.2054634,0.76949525,1,1,unassigned,2.0,2.0,0.0,1.0,0.0,0.0,0.0,0.0,1,0,0,1,0
54042,-1,0,1.3272827,0.7903908,1,1,unassigned,5.0,2.0,3.0,0.4,0.6,0.6,0.0058027077,0.0034816249,0,0,0,1,0
54043,-1,0,1.0657024,0.7437788,1,1,unassigned,4.0,4.0,0.0,1.0,0.0,0.0,0.003868472,0.0,0,0,0,1,0
54044,-1,0,2.5389707,0.92682904,1,1,unassigned,3.0,2.0,1.0,0.6666667,0.33333334,0.3333333,0.001934236,0.00064474536,0,0,0,1,1
54045,-1,0,1.4370868,0.8080032,1,1,unassigned,3.0,3.0,0.0,1.0,0.0,0.0,0.001934236,0.0,0,0,0,1,0
54046,-1,0,0.060079396,0.51501536,1,1,unassigned,2.0,1.0,1.0,0.5,0.5,0.5,0.0,0.0,0,0,0,1,0
54047,0,1,-0.15645838,0.460965,0,0,val,33.0,32.0,1.0,0.969697,0.030303031,0.030303001,0.059961315,0.0018170096,1,0,1,0,0
54048,-1,1,1.1443906,0.75848484,1,1,unassigned,5.0,5.0,0.0,1.0,0.0,0.0,0.0058027077,0.0,1,0,0,1,0
54049,-1,1,4.6996617,0.9909836,1,1,unassigned,35.0,35.0,0.0,1.0,0.0,0.0,0.06382979,0.0,1,0,0,1,1
54050,-1,0,1.8261147,0.8612982,1,1,unassigned,4.0,2.0,2.0,0.5,0.5,0.5,0.003868472,0.001934236,0,0,0,1,0
54051,-1,0,2.35436,0.9132802,1,1,unassigned,8.0,2.0,6.0,0.25,0.75,0.75,0.0116054155,0.008704062,0,0,0,1,1
54052,-1,0,4.049663,0.9828703,1,1,unassigned,5.0,5.0,0.0,1.0,0.0,0.0,0.0058027077,0.0,0,0,0,1,1
54053,0,0,-0.5862673,0.35749173,0,0,val,8.0,8.0,0.0,1.0,0.0,0.0,0.0116054155,0.0,0,0,1,0,0
54054,-1,1,5.0976195,0.99392587,1,1,unassigned,4.0,4.0,0.0,1.0,0.0,0.0,0.003868472,0.0,1,0,0,1,1
54055,-1,1,0.90636,0.71225476,1,1,unassigned,32.0,30.0,2.0,0.9375,0.0625,0.0625,0.058027077,0.0036266923,1,0,0,1,0
54056,0,0,-0.038304448,0.49042502,0,0,unassigned,4.0,4.0,0.0,1.0,0.0,0.0,0.003868472,0.0,0,0,1,0,0
54057,-1,0,-0.60242504,0.3537891,0,1,unassigned,6.0,1.0,5.0,0.16666667,0.8333333,0.8333333,0.007736944,0.0064474535,0,0,0,0,0
54058,-1,0,-0.038304448,0.49042502,0,1,unassigned,4.0,4.0,0.0,1.0,0.0,0.0,0.003868472,0.0,0,0,0,0,0
54059,-1,1,1.0973516,0.74976355,1,1,unassigned,15.0,15.0,0.0,1.0,0.0,0.0,0.025145067,0.0,1,0,0,1,0
54060,-1,0,0.27456945,0.56821436,1,1,unassigned,3.0,3.0,0.0,1.0,0.0,0.0,0.001934236,0.0,0,0,0,1,0
54061,-1,1,1.6554501,0.8396263,1,1,unassigned,47.0,45.0,2.0,0.9574468,0.04255319,0.042553186,0.08704062,0.003703856,1,0,0,1,0
54062,-1,0,0.32072884,0.57950187,1,1,unassigned,2.0,2.0,0.0,1.0,0.0,0.0,0.0,0.0,0,0,0,1,0
54063,-1,0,0.20398474,0.5508201,1,1,unassigned,24.0,24.0,0.0,1.0,0.0,0.0,0.04255319,0.0,0,0,0,1,0
54064,-1,1,3.4198244,0.9683184,1,1,unassigned,2.0,2.0,0.0,1.0,0.0,0.0,0.0,0.0,1,0,0,1,1
54065,-1,1,3.6315925,0.9742088,1,1,unassigned,10.0,9.0,1.0,0.9,0.1,0.100000024,0.015473888,0.0015473888,1,0,0,1,1
54066,-1,1,2.470847,0.9220726,1,1,unassigned,27.0,25.0,2.0,0.9259259,0.074074075,0.07407409,0.0483559,0.0035819185,1,0,0,1,1
54067,-1,1,0.8530825,0.70121336,1,1,unassigned,5.0,5.0,0.0,1.0,0.0,0.0,0.0058027077,0.0,1,0,0,1,0
54068,-1,0,-0.25541037,0.43649226,0,1,unassigned,5.0,5.0,0.0,1.0,0.0,0.0,0.0058027077,0.0,0,0,0,0,0
54069,0,0,-1.3682733,0.20289896,0,0,train,8.0,8.0,0.0,1.0,0.0,0.0,0.0116054155,0.0,0,0,1,0,0
54070,-1,0,6.736237,0.99881434,1,1,unassigned,3.0,3.0,0.0,1.0,0.0,0.0,0.001934236,0.0,0,0,0,1,1
54071,1,0,-0.056978643,0.48575917,0,1,test,20.0,20.0,0.0,1.0,0.0,0.0,0.034816246,0.0,0,0,0,0,0
54072,1,0,0.10821396,0.52702713,1,0,test,15.0,15.0,0.0,1.0,0.0,0.0,0.025145067,0.0,0,0,1,1,0
54073,-1,1,1.3102493,0.7875549,1,1,unassigned,33.0,31.0,2.0,0.93939394,0.060606062,0.060606062,0.059961315,0.0036340193,1,0,0,1,0
54074,0,1,0.10832912,0.52705586,1,1,unassigned,52.0,44.0,8.0,0.84615386,0.15384616,0.15384614,0.0967118,0.014878739,1,0,0,1,0
54075,-1,1,3.0493562,0.95475477,1,1,unassigned,3.0,2.0,1.0,0.6666667,0.33333334,0.3333333,0.001934236,0.00064474536,1,0,0,1,1
54076,-1,0,1.2325518,0.7742649,1,1,unassigned,2.0,2.0,0.0,1.0,0.0,0.0,0.0,0.0,0,0,0,1,0
54077,-1,1,0.83465654,0.69733864,1,1,unassigned,5.0,3.0,2.0,0.6,0.4,0.39999998,0.0058027077,0.002321083,1,0,0,1,0
54078,-1,0,-0.038304448,0.49042502,0,1,unassigned,4.0,4.0,0.0,1.0,0.0,0.0,0.003868472,0.0,0,0,0,0,0
54079,-1,1,0.7597657,0.68130285,1,1,unassigned,13.0,13.0,0.0,1.0,0.0,0.0,0.021276595,0.0,1,0,0,1,0
54080,-1,1,0.74929434,0.67902493,1,1,unassigned,22.0,20.0,2.0,0.90909094,0.09090909,0.090909064,0.03868472,0.0035167928,1,0,0,1,0
54081,-1,1,8.42717,0.9997812,1,1,unassigned,25.0,15.0,10.0,0.6,0.4,0.39999998,0.044487428,0.017794972,1,0,0,1,1
54082,-1,0,5.585814,0.9962633,1,1,unassigned,17.0,17.0,0.0,1.0,0.0,0.0,0.029013539,0.0,0,0,0,1,1
54083,-1,1,6.2421947,0.99805814,1,1,unassigned,24.0,19.0,5.0,0.7916667,0.20833333,0.20833331,0.04255319,0.0088652475,1,0,0,1,1
54084,-1,1,0.72156507,0.6729516,1,1,unassigned,35.0,32.0,3.0,0.9142857,0.08571429,0.08571428,0.06382979,0.005471125,1,0,0,1,0
54085,-1,0,-0.0034686327,0.49913284,0,1,unassigned,4.0,4.0,0.0,1.0,0.0,0.0,0.003868472,0.0,0,0,0,0,0
54086,-1,0,5.7150407,0.99671483,1,1,unassigned,9.0,8.0,1.0,0.8888889,0.11111111,0.111111104,0.013539651,0.0015044058,0,0,0,1,1
54087,0,0,-0.26380396,0.43442884,0,0,val,12.0,12.0,0.0,1.0,0.0,0.0,0.01934236,0.0,0,0,1,0,0
54088,-1,0,4.4069734,0.98795485,1,1,unassigned,5.0,1.0,4.0,0.2,0.8,0.8,0.0058027077,0.004642166,0,0,0,1,1
54089,-1,0,0.10063392,0.5251373,1,1,unassigned,4.0,4.0,0.0,1.0,0.0,0.0,0.003868472,0.0,0,0,0,1,0
54090,0,0,-0.8750986,0.2941945,0,0,unassigned,2.0,2.0,0.0,1.0,0.0,0.0,0.0,0.0,0,0,1,0,0
54091,-1,1,0.33399838,0.58273196,1,1,unassigned,31.0,29.0,2.0,0.9354839,0.06451613,0.06451613,0.056092843,0.003618893,1,0,0,1,0
54092,-1,1,0.8734264,0.70545816,1,1,unassigned,14.0,14.0,0.0,1.0,0.0,0.0,0.023210831,0.0,1,0,0,1,0
54093,-1,1,1.3292117,0.7907102,1,1,unassigned,37.0,36.0,1.0,0.972973,0.027027028,0.02702701,0.06769826,0.0018296828,1,0,0,1,0
54094,-1,1,0.39058715,0.59642404,1,1,unassigned,5.0,3.0,2.0,0.6,0.4,0.39999998,0.0058027077,0.002321083,1,0,0,1,0
54095,-1,1,-0.30119365,0.42526573,0,1,unassigned,37.0,33.0,4.0,0.8918919,0.10810811,0.1081081,0.06769826,0.0073187314,1,0,0,0,0
54096,-1,1,7.9620976,0.9996517,1,1,unassigned,2.0,2.0,0.0,1.0,0.0,0.0,0.0,0.0,1,0,0,1,1
54097,-1,1,3.1010005,0.95693403,1,1,unassigned,5.0,4.0,1.0,0.8,0.2,0.19999999,0.0058027077,0.0011605415,1,0,0,1,1
54098,-1,1,1.9446161,0.87485844,1,1,unassigned,29.0,29.0,0.0,1.0,0.0,0.0,0.05222437,0.0,1,0,0,1,0
54099,-1,1,2.799088,0.94262654,1,1,unassigned,30.0,28.0,2.0,0.93333334,0.06666667,0.06666666,0.054158606,0.003610574,1,0,0,1,1
54100,-1,0,1.7399838,0.850685,1,1,unassigned,4.0,3.0,1.0,0.75,0.25,0.25,0.003868472,0.000967118,0,0,0,1,0
54101,-1,1,2.8328893,0.9444275,1,1,unassigned,14.0,14.0,0.0,1.0,0.0,0.0,0.023210831,0.0,1,0,0,1,1
54102,-1,1,2.1468794,0.8953768,1,1,unassigned,44.0,43.0,1.0,0.97727275,0.022727273,0.022727251,0.08123791,0.0018463163,1,0,0,1,0
54103,-1,0,-0.21748242,0.4458427,0,1,unassigned,2.0,1.0,1.0,0.5,0.5,0.5,0.0,0.0,0,0,0,0,0
54104,-1,0,2.3283384,0.911197,1,1,unassigned,2.0,2.0,0.0,1.0,0.0,0.0,0.0,0.0,0,0,0,1,1
54105,-1,0,2.378915,0.9152053,1,1,unassigned,8.0,3.0,5.0,0.375,0.625,0.625,0.0116054155,0.0072533847,0,0,0,1,1
54106,-1,0,2.2008011,0.9003214,1,1,unassigned,12.0,11.0,1.0,0.9166667,0.083333336,0.08333331,0.01934236,0.0016118633,0,0,0,1,1
54107,-1,1,0.73521763,0.6759492,1,1,unassigned,27.0,26.0,1.0,0.962963,0.037037037,0.037037015,0.0483559,0.0017909593,1,0,0,1,0
54108,-1,0,-0.080816776,0.47980678,0,1,unassigned,2.0,2.0,0.0,1.0,0.0,0.0,0.0,0.0,0,0,0,0,0
54109,-1,1,3.312134,0.96484274,1,1,unassigned,17.0,17.0,0.0,1.0,0.0,0.0,0.029013539,0.0,1,0,0,1,1
54110,-1,1,1.7937362,0.85738474,1,1,unassigned,127.0,99.0,28.0,0.77952754,0.22047244,0.22047246,0.24177949,0.053305715,1,0,0,1,0
54111,-1,1,-0.92120326,0.28471276,0,1,unassigned,31.0,31.0,0.0,1.0,0.0,0.0,0.056092843,0.0,1,0,0,0,0
54112,-1,0,-0.49490118,0.37873968,0,1,unassigned,5.0,5.0,0.0,1.0,0.0,0.0,0.0058027077,0.0,0,0,0,0,0
54113,0,0,-0.59677744,0.35508132,0,0,unassigned,3.0,3.0,0.0,1.0,0.0,0.0,0.001934236,0.0,0,0,1,0,0
54114,-1,0,-0.43187773,0.39367804,0,1,unassigned,33.0,33.0,0.0,1.0,0.0,0.0,0.059961315,0.0,0,0,0,0,0
54115,-1,0,-0.5126041,0.37458327,0,1,unassigned,13.0,13.0,0.0,1.0,0.0,0.0,0.021276595,0.0,0,0,0,0,0
54116,-1,1,2.3355138,0.9117759,1,1,unassigned,3.0,3.0,0.0,1.0,0.0,0.0,0.001934236,0.0,1,0,0,1,1
54117,-1,0,1.5736887,0.8283088,1,1,unassigned,3.0,3.0,0.0,1.0,0.0,0.0,0.001934236,0.0,0,0,0,1,0
54118,1,0,2.532645,0.92639893,1,0,unassigned,8.0,7.0,1.0,0.875,0.125,0.125,0.0116054155,0.0014506769,0,0,1,1,1
54119,-1,0,4.934277,0.99285567,1,1,unassigned,13.0,13.0,0.0,1.0,0.0,0.0,0.021276595,0.0,0,0,0,1,1
54120,-1,1,0.7178331,0.6721297,1,1,unassigned,3.0,3.0,0.0,1.0,0.0,0.0,0.001934236,0.0,1,0,0,1,0
54121,-1,0,1.0856304,0.74755794,1,1,unassigned,2.0,1.0,1.0,0.5,0.5,0.5,0.0,0.0,0,0,0,1,0
54122,-1,0,1.3179939,0.78884774,1,1,unassigned,5.0,5.0,0.0,1.0,0.0,0.0,0.0058027077,0.0,0,0,0,1,0
54123,-1,1,-0.80513674,0.3089278,0,1,unassigned,72.0,65.0,7.0,0.9027778,0.097222224,0.09722221,0.13539653,0.013163552,1,0,0,0,0
54124,-1,0,2.004048,0.8812215,1,1,unassigned,6.0,5.0,1.0,0.8333333,0.16666667,0.16666669,0.007736944,0.0012894907,0,0,0,1,0
54125,1,1,-0.060480773,0.4848844,0,1,unassigned,7.0,7.0,0.0,1.0,0.0,0.0,0.00967118,0.0,1,0,0,0,0
54126,-1,0,-0.88220257,0.29272157,0,1,unassigned,2.0,2.0,0.0,1.0,0.0,0.0,0.0,0.0,0,0,0,0,0
54127,-1,0,1.9165931,0.871758,1,1,unassigned,3.0,3.0,0.0,1.0,0.0,0.0,0.001934236,0.0,0,0,0,1,0
54128,-1,0,1.2445092,0.77634794,1,1,unassigned,10.0,9.0,1.0,0.9,0.1,0.100000024,0.015473888,0.0015473888,0,0,0,1,0
54129,-1,0,0.085537076,0.52137125,1,1,unassigned,3.0,3.0,0.0,1.0,0.0,0.0,0.001934236,0.0,0,0,0,1,0
54130,-1,0,1.3657391,0.7966908,1,1,unassigned,2.0,2.0,0.0,1.0,0.0,0.0,0.0,0.0,0,0,0,1,0
54131,-1,1,-0.77149504,0.3161558,0,1,unassigned,2.0,2.0,0.0,1.0,0.0,0.0,0.0,0.0,1,0,0,0,0
54132,-1,0,2.1436007,0.89506924,1,1,unassigned,5.0,5.0,0.0,1.0,0.0,0.0,0.0058027077,0.0,0,0,0,1,0
54133,-1,0,1.270345,0.7808018,1,1,unassigned,5.0,5.0,0.0,1.0,0.0,0.0,0.0058027077,0.0,0,0,0,1,0
54134,-1,0,2.7044487,0.93728864,1,1,unassigned,12.0,12.0,0.0,1.0,0.0,0.0,0.01934236,0.0,0,0,0,1,1
54135,-1,0,1.8444874,0.8634786,1,1,unassigned,6.0,6.0,0.0,1.0,0.0,0.0,0.007736944,0.0,0,0,0,1,0
54136,-1,1,0.11518675,0.5287649,1,1,unassigned,4.0,4.0,0.0,1.0,0.0,0.0,0.003868472,0.0,1,0,0,1,0
54137,-1,0,5.0863423,0.9938573,1,1,unassigned,19.0,18.0,1.0,0.94736844,0.05263158,0.052631557,0.032882012,0.0017306323,0,0,0,1,1
54138,1,0,-0.0771544,0.48072097,0,1,test,2.0,2.0,0.0,1.0,0.0,0.0,0.0,0.0,0,0,0,0,0
54139,-1,0,6.500358,0.9984994,1,1,unassigned,4.0,4.0,0.0,1.0,0.0,0.0,0.003868472,0.0,0,0,0,1,1
54140,-1,0,3.3603256,0.9664413,1,1,unassigned,4.0,4.0,0.0,1.0,0.0,0.0,0.003868472,0.0,0,0,0,1,1
54141,-1,0,2.510825,0.92489725,1,1,unassigned,2.0,2.0,0.0,1.0,0.0,0.0,0.0,0.0,0,0,0,1,1
54142,-1,1,-0.1737743,0.45666543,0,1,unassigned,10.0,10.0,0.0,1.0,0.0,0.0,0.015473888,0.0,1,0,0,0,0
54143,-1,1,1.3557305,0.795065,1,1,unassigned,34.0,34.0,0.0,1.0,0.0,0.0,0.061895553,0.0,1,0,0,1,0
54144,-1,0,1.5597234,0.8263136,1,1,unassigned,11.0,10.0,1.0,0.90909094,0.09090909,0.090909064,0.017408123,0.0015825568,0,0,0,1,0
54145,-1,0,-0.9297185,0.2829818,0,1,unassigned,2.0,2.0,0.0,1.0,0.0,0.0,0.0,0.0,0,0,0,0,0
54146,-1,0,0.7771024,0.68505526,1,1,unassigned,8.0,8.0,0.0,1.0,0.0,0.0,0.0116054155,0.0,0,0,0,1,0
54147,-1,0,2.1665902,0.89720887,1,1,unassigned,8.0,8.0,0.0,1.0,0.0,0.0,0.0116054155,0.0,0,0,0,1,0
54148,-1,0,0.5471172,0.6334665,1,1,unassigned,7.0,7.0,0.0,1.0,0.0,0.0,0.00967118,0.0,0,0,0,1,0
54149,1,0,0.78723735,0.68723786,1,0,test,6.0,6.0,0.0,1.0,0.0,0.0,0.007736944,0.0,0,0,1,1,0
54150,-1,0,0.27585799,0.5685305,1,1,unassigned,8.0,8.0,0.0,1.0,0.0,0.0,0.0116054155,0.0,0,0,0,1,0
54151,-1,0,0.1580953,0.5394417,1,1,unassigned,2.0,1.0,1.0,0.5,0.5,0.5,0.0,0.0,0,0,0,1,0
54152,1,0,3.0076177,0.95291704,1,0,train,9.0,8.0,1.0,0.8888889,0.11111111,0.111111104,0.013539651,0.0015044058,0,0,1,1,1
54153,-1,1,-0.15197301,0.4620797,0,1,unassigned,2.0,1.0,1.0,0.5,0.5,0.5,0.0,0.0,1,0,0,0,0
54154,-1,1,7.9669776,0.99965334,1,1,unassigned,5.0,5.0,0.0,1.0,0.0,0.0,0.0058027077,0.0,1,0,0,1,1
54155,-1,1,-1.3339127,0.20851292,0,1,unassigned,4.0,3.0,1.0,0.75,0.25,0.25,0.003868472,0.000967118,1,0,0,0,0
54156,-1,1,1.5797656,0.8291713,1,1,unassigned,26.0,25.0,1.0,0.96153843,0.03846154,0.038461566,0.046421662,0.0017854486,1,0,0,1,0
54157,-1,1,0.30391902,0.5754003,1,1,unassigned,26.0,26.0,0.0,1.0,0.0,0.0,0.046421662,0.0,1,0,0,1,0
54158,-1,1,2.474733,0.9223514,1,1,unassigned,17.0,16.0,1.0,0.9411765,0.05882353,0.058823526,0.029013539,0.0017066788,1,0,0,1,1
54159,-1,1,-0.5800184,0.35892835,0,1,unassigned,13.0,13.0,0.0,1.0,0.0,0.0,0.021276595,0.0,1,0,0,0,0
54160,0,1,-0.7175095,0.32794166,0,0,test,38.0,37.0,1.0,0.9736842,0.02631579,0.026315808,0.06963249,0.0018324341,1,0,1,0,0
54161,-1,0,6.1204543,0.9978073,1,1,unassigned,2.0,1.0,1.0,0.5,0.5,0.5,0.0,0.0,0,0,0,1,1
54162,-1,1,-0.21766442,0.44579774,0,1,unassigned,20.0,20.0,0.0,1.0,0.0,0.0,0.034816246,0.0,1,0,0,0,0
54163,-1,1,8.186293,0.9997216,1,1,unassigned,6.0,1.0,5.0,0.16666667,0.8333333,0.8333333,0.007736944,0.0064474535,1,1,0,1,1
54164,-1,0,1.4969695,0.8171221,1,1,unassigned,14.0,14.0,0.0,1.0,0.0,0.0,0.023210831,0.0,0,0,0,1,0
54165,-1,0,0.82469994,0.6952331,1,1,unassigned,13.0,13.0,0.0,1.0,0.0,0.0,0.021276595,0.0,0,0,0,1,0
54166,0,0,-0.075307846,0.48118192,0,0,val,15.0,15.0,0.0,1.0,0.0,0.0,0.025145067,0.0,0,0,1,0,0
54167,-1,0,-0.26894176,0.4331669,0,1,unassigned,21.0,21.0,0.0,1.0,0.0,0.0,0.036750484,0.0,0,0,0,0,0
54168,-1,0,-2.0499687,0.114055544,0,1,unassigned,2.0,2.0,0.0,1.0,0.0,0.0,0.0,0.0,0,0,0,0,0
54169,-1,1,1.1206503,0.7541093,1,1,unassigned,19.0,18.0,1.0,0.94736844,0.05263158,0.052631557,0.032882012,0.0017306323,1,0,0,1,0
54170,-1,1,0.15736216,0.53925955,1,1,unassigned,24.0,22.0,2.0,0.9166667,0.083333336,0.08333331,0.04255319,0.0035460992,1,0,0,1,0
54171,-1,1,1.627044,0.8357643,1,1,unassigned,5.0,5.0,0.0,1.0,0.0,0.0,0.0058027077,0.0,1,0,0,1,0
54172,-1,1,0.064893186,0.5162176,1,1,unassigned,19.0,17.0,2.0,0.8947368,0.10526316,0.10526317,0.032882012,0.0034612645,1,0,0,1,0
54173,1,1,0.47536308,0.61665237,1,0,unassigned,80.0,75.0,5.0,0.9375,0.0625,0.0625,0.15087041,0.009429401,1,0,1,1,0
54174,-1,1,2.966425,0.951034,1,1,unassigned,19.0,19.0,0.0,1.0,0.0,0.0,0.032882012,0.0,1,0,0,1,1
54175,-1,0,2.1371248,0.8944595,1,1,unassigned,12.0,12.0,0.0,1.0,0.0,0.0,0.01934236,0.0,0,0,0,1,0
54176,-1,0,-0.7913464,0.31187963,0,1,unassigned,2.0,2.0,0.0,1.0,0.0,0.0,0.0,0.0,0,0,0,0,0
54177,-1,0,2.5786436,0.9294744,1,1,unassigned,2.0,2.0,0.0,1.0,0.0,0.0,0.0,0.0,0,0,0,1,1
54178,-1,1,-0.54746467,0.3664528,0,1,unassigned,42.0,41.0,1.0,0.97619045,0.023809524,0.023809552,0.07736944,0.0018421295,1,0,0,0,0
54179,-1,1,-0.8423988,0.3010298,0,1,unassigned,8.0,8.0,0.0,1.0,0.0,0.0,0.0116054155,0.0,1,0,0,0,0
54180,-1,1,-0.6236829,0.34894428,0,1,unassigned,20.0,20.0,0.0,1.0,0.0,0.0,0.034816246,0.0,1,0,0,0,0
54181,-1,1,-0.2677902,0.4334497,0,1,unassigned,6.0,6.0,0.0,1.0,0.0,0.0,0.007736944,0.0,1,0,0,0,0
54182,-1,1,1.0939946,0.7491332,1,1,unassigned,64.0,60.0,4.0,0.9375,0.0625,0.0625,0.11992263,0.0074951644,1,0,0,1,0
54183,-1,0,3.4334624,0.96873415,1,1,unassigned,3.0,3.0,0.0,1.0,0.0,0.0,0.001934236,0.0,0,0,0,1,1
54184,-1,1,1.190532,0.76683617,1,1,unassigned,9.0,9.0,0.0,1.0,0.0,0.0,0.013539651,0.0,1,0,0,1,0
54185,-1,1,-0.02827388,0.492932,0,1,unassigned,6.0,6.0,0.0,1.0,0.0,0.0,0.007736944,0.0,1,0,0,0,0
54186,-1,0,3.94089,0.9809395,1,1,unassigned,7.0,7.0,0.0,1.0,0.0,0.0,0.00967118,0.0,0,0,0,1,1
54187,-1,0,3.2003562,0.96084774,1,1,unassigned,9.0,9.0,0.0,1.0,0.0,0.0,0.013539651,0.0,0,0,0,1,1
54188,-1,0,1.5423415,0.82380486,1,1,unassigned,7.0,7.0,0.0,1.0,0.0,0.0,0.00967118,0.0,0,0,0,1,0
54189,1,0,1.9922667,0.87998277,1,0,test,5.0,5.0,0.0,1.0,0.0,0.0,0.0058027077,0.0,0,0,1,1,0
54190,-1,1,-0.63607055,0.34613535,0,1,unassigned,54.0,54.0,0.0,1.0,0.0,0.0,0.10058027,0.0,1,0,0,0,0
54191,0,0,0.09194183,0.52296925,1,1,unassigned,14.0,14.0,0.0,1.0,0.0,0.0,0.023210831,0.0,0,0,0,1,0
54192,-1,1,3.1954024,0.9606609,1,1,unassigned,6.0,5.0,1.0,0.8333333,0.16666667,0.16666669,0.007736944,0.0012894907,1,0,0,1,1
54193,1,0,-0.028483033,0.49287972,0,1,val,2.0,2.0,0.0,1.0,0.0,0.0,0.0,0.0,0,0,0,0,0
54194,-1,0,4.351626,0.9872781,1,1,unassigned,3.0,3.0,0.0,1.0,0.0,0.0,0.001934236,0.0,0,0,0,1,1
54195,-1,0,3.7515657,0.9770577,1,1,unassigned,3.0,3.0,0.0,1.0,0.0,0.0,0.001934236,0.0,0,0,0,1,1
54196,-1,1,-0.7103331,0.32952523,0,1,unassigned,22.0,21.0,1.0,0.95454544,0.045454547,0.04545456,0.03868472,0.0017583964,1,0,0,0,0
54197,-1,0,-0.6578628,0.34121987,0,1,unassigned,5.0,5.0,0.0,1.0,0.0,0.0,0.0058027077,0.0,0,0,0,0,0
54198,-1,0,1.1788709,0.7647447,1,1,unassigned,3.0,3.0,0.0,1.0,0.0,0.0,0.001934236,0.0,0,0,0,1,0
54199,0,1,-0.67556554,0.33725172,0,0,unassigned,30.0,30.0,0.0,1.0,0.0,0.0,0.054158606,0.0,1,0,1,0,0
54200,-1,1,-0.57885885,0.35919523,0,1,unassigned,14.0,14.0,0.0,1.0,0.0,0.0,0.023210831,0.0,1,0,0,0,0
54201,-1,1,-0.47100717,0.3843779,0,1,unassigned,15.0,15.0,0.0,1.0,0.0,0.0,0.025145067,0.0,1,0,0,0,0
54202,-1,1,0.15157276,0.5378208,1,1,unassigned,23.0,12.0,11.0,0.5217391,0.47826087,0.47826087,0.040618956,0.019426458,1,0,0,1,0
54203,-1,0,0.8417044,0.69882405,1,1,unassigned,4.0,4.0,0.0,1.0,0.0,0.0,0.003868472,0.0,0,0,0,1,0
54204,1,0,-0.2770514,0.43117678,0,1,test,8.0,8.0,0.0,1.0,0.0,0.0,0.0116054155,0.0,0,0,0,0,0
54205,-1,0,2.3223398,0.9107104,1,1,unassigned,3.0,3.0,0.0,1.0,0.0,0.0,0.001934236,0.0,0,0,0,1,1
54206,-1,0,-0.23858607,0.44063482,0,1,unassigned,20.0,19.0,1.0,0.95,0.05,0.050000012,0.034816246,0.0017408123,0,0,0,0,0
54207,-1,0,-0.8965184,0.2897665,0,1,unassigned,15.0,15.0,0.0,1.0,0.0,0.0,0.025145067,0.0,0,0,0,0,0
54208,-1,0,1.785891,0.8564228,1,1,unassigned,2.0,2.0,0.0,1.0,0.0,0.0,0.0,0.0,0,0,0,1,0
54209,-1,1,0.8786494,0.70654225,1,1,unassigned,12.0,12.0,0.0,1.0,0.0,0.0,0.01934236,0.0,1,0,0,1,0
54210,-1,1,-0.69318664,0.33332455,0,1,unassigned,70.0,68.0,2.0,0.9714286,0.028571429,0.028571427,0.13152805,0.0037579443,1,0,0,0,0
54211,-1,1,2.412369,0.9177656,1,1,unassigned,15.0,15.0,0.0,1.0,0.0,0.0,0.025145067,0.0,1,0,0,1,1
54212,-1,0,-0.2806118,0.43030378,0,1,unassigned,12.0,12.0,0.0,1.0,0.0,0.0,0.01934236,0.0,0,0,0,0,0
54213,-1,0,-0.10425764,0.47395918,0,1,unassigned,19.0,16.0,3.0,0.84210527,0.15789473,0.15789473,0.032882012,0.0051918966,0,0,0,0,0
54214,-1,1,3.2320714,0.9620235,1,1,unassigned,21.0,15.0,6.0,0.71428573,0.2857143,0.28571427,0.036750484,0.010500139,1,0,0,1,1
54215,0,0,0.9832702,0.7277566,1,1,val,15.0,15.0,0.0,1.0,0.0,0.0,0.025145067,0.0,0,0,0,1,0
54216,-1,1,-0.08117491,0.4797174,0,1,unassigned,54.0,54.0,0.0,1.0,0.0,0.0,0.10058027,0.0,1,0,0,0,0
54217,-1,0,3.6530826,0.9747433,1,1,unassigned,10.0,10.0,0.0,1.0,0.0,0.0,0.015473888,0.0,0,0,0,1,1
54218,-1,1,-0.5138813,0.3742841,0,1,unassigned,30.0,30.0,0.0,1.0,0.0,0.0,0.054158606,0.0,1,0,0,0,0
54219,-1,0,-0.230169,0.44271043,0,1,unassigned,16.0,16.0,0.0,1.0,0.0,0.0,0.027079303,0.0,0,0,0,0,0
54220,-1,1,-0.3399043,0.4158327,0,1,unassigned,2.0,2.0,0.0,1.0,0.0,0.0,0.0,0.0,1,0,0,0,0
54221,-1,1,-0.6800761,0.3362443,0,1,unassigned,28.0,22.0,6.0,0.78571427,0.21428572,0.21428573,0.050290134,0.010776457,1,0,0,0,0
54222,-1,1,1.5357387,0.8228444,1,1,unassigned,2.0,1.0,1.0,0.5,0.5,0.5,0.0,0.0,1,0,0,1,0
54223,-1,0,0.19888514,0.54955804,1,1,unassigned,3.0,3.0,0.0,1.0,0.0,0.0,0.001934236,0.0,0,0,0,1,0
54224,-1,0,-0.73973835,0.32306135,0,1,unassigned,3.0,2.0,1.0,0.6666667,0.33333334,0.3333333,0.001934236,0.00064474536,0,0,0,0,0
54225,-1,0,-0.27490598,0.43170306,0,1,unassigned,30.0,30.0,0.0,1.0,0.0,0.0,0.054158606,0.0,0,0,0,0,0
54226,-1,0,0.63878876,0.6544796,1,1,unassigned,16.0,16.0,0.0,1.0,0.0,0.0,0.027079303,0.0,0,0,0,1,0
54227,-1,1,-0.8665509,0.2959725,0,1,unassigned,17.0,15.0,2.0,0.88235295,0.11764706,0.11764705,0.029013539,0.0034133575,1,0,0,0,0
54228,-1,0,10.170761,0.99996173,1,1,unassigned,3.0,3.0,0.0,1.0,0.0,0.0,0.001934236,0.0,0,0,0,1,1
54229,-1,1,3.7657135,0.9773728,1,1,unassigned,2.0,1.0,1.0,0.5,0.5,0.5,0.0,0.0,1,0,0,1,1
54230,-1,1,-0.39132178,0.40339917,0,1,unassigned,43.0,39.0,4.0,0.90697676,0.093023255,0.09302324,0.079303674,0.0073770857,1,0,0,0,0
54231,-1,0,1.3603354,0.79581416,1,1,unassigned,5.0,5.0,0.0,1.0,0.0,0.0,0.0058027077,0.0,0,0,0,1,0
54232,-1,1,0.74584156,0.6782719,1,1,unassigned,4.0,3.0,1.0,0.75,0.25,0.25,0.003868472,0.000967118,1,0,0,1,0
54233,-1,1,-0.33275372,0.41757074,0,1,unassigned,18.0,18.0,0.0,1.0,0.0,0.0,0.030947777,0.0,1,0,0,0,0
54234,1,1,0.15553331,0.5388051,1,0,val,35.0,22.0,13.0,0.62857145,0.37142858,0.37142855,0.06382979,0.023708208,1,0,1,1,0
54235,-1,1,0.14126521,0.5352577,1,1,unassigned,52.0,49.0,3.0,0.9423077,0.057692308,0.05769229,0.0967118,0.005579527,1,0,0,1,0
54236,-1,1,-0.57144713,0.360903,0,1,unassigned,12.0,9.0,3.0,0.75,0.25,0.25,0.01934236,0.00483559,1,0,0,0,0
54237,0,1,-0.73307925,0.32451937,0,0,unassigned,7.0,7.0,0.0,1.0,0.0,0.0,0.00967118,0.0,1,0,1,0,0
54238,-1,1,-0.5960363,0.35525104,0,1,unassigned,49.0,46.0,3.0,0.93877554,0.06122449,0.06122446,0.09090909,0.005565863,1,0,0,0,0
54239,-1,0,-0.6604771,0.34063244,0,1,unassigned,6.0,6.0,0.0,1.0,0.0,0.0,0.007736944,0.0,0,0,0,0,0
54240,1,0,-0.5428135,0.36753333,0,1,unassigned,54.0,54.0,0.0,1.0,0.0,0.0,0.10058027,0.0,0,0,0,0,0
54241,-1,1,0.110384524,0.52756816,1,1,unassigned,8.0,8.0,0.0,1.0,0.0,0.0,0.0116054155,0.0,1,0,0,1,0
54242,1,0,-0.44932064,0.38952234,0,1,unassigned,27.0,27.0,0.0,1.0,0.0,0.0,0.0483559,0.0,0,0,0,0,0
54243,-1,0,-0.6183076,0.35016647,0,1,unassigned,4.0,4.0,0.0,1.0,0.0,0.0,0.003868472,0.0,0,0,0,0,0
54244,-1,0,8.934303,0.99986815,1,1,unassigned,2.0,2.0,0.0,1.0,0.0,0.0,0.0,0.0,0,0,0,1,1
54245,-1,1,0.7418316,0.67739624,1,1,unassigned,44.0,43.0,1.0,0.97727275,0.022727273,0.022727251,0.08123791,0.0018463163,1,0,0,1,0
54246,-1,1,-0.1674712,0.4582298,0,1,unassigned,29.0,27.0,2.0,0.9310345,0.06896552,0.068965495,0.05222437,0.0036016807,1,0,0,0,0
54247,0,1,-0.54659486,0.36665478,0,0,unassigned,53.0,51.0,2.0,0.9622642,0.03773585,0.03773582,0.09864604,0.0037224921,1,0,1,0,0
54248,-1,0,-0.2799498,0.4304661,0,1,unassigned,8.0,8.0,0.0,1.0,0.0,0.0,0.0116054155,0.0,0,0,0,0,0
54249,-1,1,0.2392667,0.5595329,1,1,unassigned,11.0,11.0,0.0,1.0,0.0,0.0,0.017408123,0.0,1,0,0,1,0
54250,-1,1,-0.84066606,0.30139452,0,1,unassigned,39.0,39.0,0.0,1.0,0.0,0.0,0.07156673,0.0,1,0,0,0,0
54251,-1,0,4.3580537,0.9873585,1,1,unassigned,18.0,3.0,15.0,0.16666667,0.8333333,0.8333333,0.030947777,0.025789814,0,0,0,1,1
54252,-1,1,0.10500133,0.5262262,1,1,unassigned,12.0,12.0,0.0,1.0,0.0,0.0,0.01934236,0.0,1,0,0,1,0
54253,-1,1,-0.54510605,0.36700058,0,1,unassigned,16.0,16.0,0.0,1.0,0.0,0.0,0.027079303,0.0,1,0,0,0,0
54254,0,1,-0.4779675,0.3827322,0,0,val,7.0,7.0,0.0,1.0,0.0,0.0,0.00967118,0.0,1,0,1,0,0
54255,-1,0,5.0454564,0.9936027,1,1,unassigned,5.0,4.0,1.0,0.8,0.2,0.19999999,0.0058027077,0.0011605415,0,0,0,1,1
54256,1,0,0.86171585,0.70301896,1,0,test,15.0,15.0,0.0,1.0,0.0,0.0,0.025145067,0.0,0,0,1,1,0
54257,0,0,2.224386,0.90241814,1,1,unassigned,2.0,2.0,0.0,1.0,0.0,0.0,0.0,0.0,0,0,0,1,1
54258,-1,0,0.8077689,0.6916338,1,1,unassigned,6.0,6.0,0.0,1.0,0.0,0.0,0.007736944,0.0,0,0,0,1,0
54259,-1,0,2.7509954,0.93996954,1,1,unassigned,2.0,2.0,0.0,1.0,0.0,0.0,0.0,0.0,0,0,0,1,1
54260,-1,0,0.015587151,0.5038967,1,1,unassigned,3.0,3.0,0.0,1.0,0.0,0.0,0.001934236,0.0,0,0,0,1,0
54261,-1,0,-0.25447085,0.43672332,0,1,unassigned,7.0,7.0,0.0,1.0,0.0,0.0,0.00967118,0.0,0,0,0,0,0
54262,-1,0,-0.5646643,0.36246893,0,1,unassigned,27.0,27.0,0.0,1.0,0.0,0.0,0.0483559,0.0,0,0,0,0,0
54263,1,0,0.41653377,0.6026535,1,0,val,42.0,42.0,0.0,1.0,0.0,0.0,0.07736944,0.0,0,0,1,1,0
54264,0,0,0.34089762,0.5844085,1,1,unassigned,11.0,11.0,0.0,1.0,0.0,0.0,0.017408123,0.0,0,0,0,1,0
54265,-1,1,-0.844542,0.30057904,0,1,unassigned,40.0,40.0,0.0,1.0,0.0,0.0,0.07350097,0.0,1,0,0,0,0
54266,-1,0,0.55454487,0.63518935,1,1,unassigned,3.0,3.0,0.0,1.0,0.0,0.0,0.001934236,0.0,0,0,0,1,0
54267,1,0,-0.6153043,0.35085016,0,1,unassigned,32.0,31.0,1.0,0.96875,0.03125,0.03125,0.058027077,0.0018133462,0,0,0,0,0
54268,-1,0,-0.35036612,0.41329366,0,1,unassigned,30.0,30.0,0.0,1.0,0.0,0.0,0.054158606,0.0,0,0,0,0,0
54269,-1,1,-0.6745123,0.3374872,0,1,unassigned,7.0,7.0,0.0,1.0,0.0,0.0,0.00967118,0.0,1,0,0,0,0
54270,-1,1,3.3856966,0.9672546,1,1,unassigned,8.0,7.0,1.0,0.875,0.125,0.125,0.0116054155,0.0014506769,1,0,0,1,1
54271,-1,0,4.8786845,0.9924505,1,1,unassigned,3.0,3.0,0.0,1.0,0.0,0.0,0.001934236,0.0,0,0,0,1,1
54272,1,0,-0.6168608,0.35049573,0,1,val,2.0,2.0,0.0,1.0,0.0,0.0,0.0,0.0,0,0,0,0,0
54273,-1,0,-0.1782864,0.45554608,0,1,unassigned,4.0,3.0,1.0,0.75,0.25,0.25,0.003868472,0.000967118,0,0,0,0,0
54274,-1,0,-1.030323,0.2630215,0,1,unassigned,2.0,2.0,0.0,1.0,0.0,0.0,0.0,0.0,0,0,0,0,0
54275,-1,0,2.2189794,0.90194094,1,1,unassigned,2.0,2.0,0.0,1.0,0.0,0.0,0.0,0.0,0,0,0,1,1
54276,-1,1,-0.7676127,0.31699577,0,1,unassigned,83.0,80.0,3.0,0.96385545,0.036144577,0.036144555,0.15667312,0.0056628836,1,0,0,0,0
54277,-1,0,-0.795805,0.3109236,0,1,unassigned,3.0,3.0,0.0,1.0,0.0,0.0,0.001934236,0.0,0,0,0,0,0
54278,1,1,-0.04441893,0.48889711,0,1,unassigned,3.0,3.0,0.0,1.0,0.0,0.0,0.001934236,0.0,1,0,0,0,0
54279,-1,0,-0.29516393,0.4267401,0,1,unassigned,2.0,2.0,0.0,1.0,0.0,0.0,0.0,0.0,0,0,0,0,0
54280,-1,0,-0.36159885,0.4105726,0,1,unassigned,8.0,8.0,0.0,1.0,0.0,0.0,0.0116054155,0.0,0,0,0,0,0
54281,-1,1,-0.24177805,0.43984824,0,1,unassigned,24.0,22.0,2.0,0.9166667,0.083333336,0.08333331,0.04255319,0.0035460992,1,0,0,0,0
54282,0,1,-0.32221785,0.42013535,0,0,unassigned,12.0,12.0,0.0,1.0,0.0,0.0,0.01934236,0.0,1,0,1,0,0
54283,-1,1,0.32513398,0.580575,1,1,unassigned,15.0,11.0,4.0,0.73333335,0.26666668,0.26666665,0.025145067,0.0067053516,1,0,0,1,0
54284,-1,1,-0.4943989,0.37885782,0,1,unassigned,66.0,60.0,6.0,0.90909094,0.09090909,0.090909064,0.123791106,0.011253737,1,0,0,0,0
54285,-1,0,2.5835972,0.9297984,1,1,unassigned,2.0,2.0,0.0,1.0,0.0,0.0,0.0,0.0,0,0,0,1,1
54286,0,1,0.10754728,0.52686095,1,1,unassigned,7.0,7.0,0.0,1.0,0.0,0.0,0.00967118,0.0,1,0,0,1,0
54287,1,0,-0.17470464,0.45643455,0,1,unassigned,6.0,5.0,1.0,0.8333333,0.16666667,0.16666669,0.007736944,0.0012894907,0,0,0,0,0
54288,-1,0,0.74717647,0.6785632,1,1,unassigned,6.0,5.0,1.0,0.8333333,0.16666667,0.16666669,0.007736944,0.0012894907,0,0,0,1,0
54289,-1,0,-0.27620783,0.4313837,0,1,unassigned,27.0,27.0,0.0,1.0,0.0,0.0,0.0483559,0.0,0,0,0,0,0
54290,0,1,0.51624304,0.62626886,1,1,test,30.0,29.0,1.0,0.96666664,0.033333335,0.03333336,0.054158606,0.001805287,1,0,0,1,0
54291,-1,0,-0.4765932,0.3830569,0,1,unassigned,16.0,16.0,0.0,1.0,0.0,0.0,0.027079303,0.0,0,0,0,0,0
54292,-1,1,-0.8893045,0.29125336,0,1,unassigned,33.0,31.0,2.0,0.93939394,0.060606062,0.060606062,0.059961315,0.0036340193,1,0,0,0,0
54293,-1,0,0.87362343,0.7054991,1,1,unassigned,6.0,6.0,0.0,1.0,0.0,0.0,0.007736944,0.0,0,0,0,1,0
54294,-1,0,2.7839448,0.941802,1,1,unassigned,3.0,3.0,0.0,1.0,0.0,0.0,0.001934236,0.0,0,0,0,1,1
54295,-1,0,3.1687114,0.9596397,1,1,unassigned,4.0,3.0,1.0,0.75,0.25,0.25,0.003868472,0.000967118,0,0,0,1,1
54296,0,0,2.0833151,0.8892709,1,1,unassigned,4.0,4.0,0.0,1.0,0.0,0.0,0.003868472,0.0,0,0,0,1,0
54297,-1,0,1.4254363,0.80618924,1,1,unassigned,4.0,2.0,2.0,0.5,0.5,0.5,0.003868472,0.001934236,0,0,0,1,0
54298,-1,0,0.32125205,0.57962936,1,1,unassigned,12.0,12.0,0.0,1.0,0.0,0.0,0.01934236,0.0,0,0,0,1,0
54299,-1,0,2.2675848,0.9061566,1,1,unassigned,12.0,12.0,0.0,1.0,0.0,0.0,0.01934236,0.0,0,0,0,1,1
54300,0,1,-0.3886884,0.4040331,0,0,unassigned,42.0,41.0,1.0,0.97619045,0.023809524,0.023809552,0.07736944,0.0018421295,1,0,1,0,0
54301,-1,1,-0.0038763285,0.49903092,0,1,unassigned,23.0,22.0,1.0,0.95652175,0.04347826,0.04347825,0.040618956,0.0017660416,1,0,0,0,0
54302,0,1,-0.23224229,0.44219896,0,0,unassigned,18.0,18.0,0.0,1.0,0.0,0.0,0.030947777,0.0,1,0,1,0,0
54303,-1,1,-0.20825791,0.4481229,0,1,unassigned,19.0,18.0,1.0,0.94736844,0.05263158,0.052631557,0.032882012,0.0017306323,1,0,0,0,0
54304,-1,0,-0.92460126,0.2840213,0,1,unassigned,16.0,16.0,0.0,1.0,0.0,0.0,0.027079303,0.0,0,0,0,0,0
54305,-1,1,0.48709363,0.61942154,1,1,unassigned,7.0,6.0,1.0,0.85714287,0.14285715,0.14285713,0.00967118,0.0013815971,1,0,0,1,0
54306,-1,0,3.3022792,0.9645069,1,1,unassigned,2.0,2.0,0.0,1.0,0.0,0.0,0.0,0.0,0,0,0,1,1
54307,-1,1,-0.06480485,0.48380446,0,1,unassigned,9.0,8.0,1.0,0.8888889,0.11111111,0.111111104,0.013539651,0.0015044058,1,0,0,0,0
54308,1,1,-0.36643767,0.4094021,0,1,unassigned,29.0,29.0,0.0,1.0,0.0,0.0,0.05222437,0.0,1,0,0,0,0
54309,-1,1,5.084047,0.9938433,1,1,unassigned,15.0,13.0,2.0,0.8666667,0.13333334,0.13333333,0.025145067,0.0033526758,1,0,0,1,1
54310,1,1,2.5549421,0.92790484,1,0,val,22.0,21.0,1.0,0.95454544,0.045454547,0.04545456,0.03868472,0.0017583964,1,0,1,1,1
54311,-1,1,-0.7638941,0.31780142,0,1,unassigned,35.0,33.0,2.0,0.94285715,0.057142857,0.057142854,0.06382979,0.0036474164,1,0,0,0,0
54312,-1,1,3.1804004,0.96009004,1,1,unassigned,6.0,6.0,0.0,1.0,0.0,0.0,0.007736944,0.0,1,0,0,1,1
54313,-1,1,4.475106,0.98873925,1,1,unassigned,9.0,9.0,0.0,1.0,0.0,0.0,0.013539651,0.0,1,0,0,1,1
54314,-1,0,-0.36520553,0.40970004,0,1,unassigned,6.0,6.0,0.0,1.0,0.0,0.0,0.007736944,0.0,0,0,0,0,0
54315,-1,0,-0.43151,0.39376584,0,1,unassigned,71.0,71.0,0.0,1.0,0.0,0.0,0.13346228,0.0,0,0,0,0,0
54316,-1,0,5.4071565,0.9955356,1,1,unassigned,3.0,3.0,0.0,1.0,0.0,0.0,0.001934236,0.0,0,0,0,1,1
54317,-1,0,-0.64931226,0.34314454,0,1,unassigned,51.0,51.0,0.0,1.0,0.0,0.0,0.09477756,0.0,0,0,0,0,0
54318,-1,1,3.6429975,0.97449374,1,1,unassigned,14.0,14.0,0.0,1.0,0.0,0.0,0.023210831,0.0,1,0,0,1,1
54319,-1,1,-0.2703537,0.43282026,0,1,unassigned,11.0,11.0,0.0,1.0,0.0,0.0,0.017408123,0.0,1,0,0,0,0
54320,0,1,-0.80639917,0.30865836,0,0,unassigned,12.0,11.0,1.0,0.9166667,0.083333336,0.08333331,0.01934236,0.0016118633,1,0,1,0,0
54321,-1,0,0.0004838109,0.50012094,1,1,unassigned,2.0,2.0,0.0,1.0,0.0,0.0,0.0,0.0,0,0,0,1,0
54322,-1,0,-0.58146393,0.35859582,0,1,unassigned,2.0,2.0,0.0,1.0,0.0,0.0,0.0,0.0,0,0,0,0,0
54323,-1,0,2.9273086,0.94918,1,1,unassigned,2.0,1.0,1.0,0.5,0.5,0.5,0.0,0.0,0,0,0,1,1
54324,-1,0,-0.43432635,0.39309373,0,1,unassigned,2.0,2.0,0.0,1.0,0.0,0.0,0.0,0.0,0,0,0,0,0
54325,-1,0,-0.2019313,0.44968802,0,1,unassigned,15.0,13.0,2.0,0.8666667,0.13333334,0.13333333,0.025145067,0.0033526758,0,0,0,0,0
54326,-1,1,-0.3415899,0.4154233,0,1,unassigned,11.0,9.0,2.0,0.8181818,0.18181819,0.18181819,0.017408123,0.0031651135,1,0,0,0,0
54327,-1,0,3.4440844,0.9690542,1,1,unassigned,2.0,2.0,0.0,1.0,0.0,0.0,0.0,0.0,0,0,0,1,1
54328,-1,1,-0.2589673,0.4356176,0,1,unassigned,13.0,12.0,1.0,0.9230769,0.07692308,0.07692307,0.021276595,0.0016366612,1,0,0,0,0
54329,-1,0,0.28430456,0.5706012,1,1,unassigned,2.0,2.0,0.0,1.0,0.0,0.0,0.0,0.0,0,0,0,1,0
54330,-1,0,-0.31114012,0.42283642,0,1,unassigned,59.0,59.0,0.0,1.0,0.0,0.0,0.11025145,0.0,0,0,0,0,0
54331,-1,0,-0.11687714,0.4708139,0,1,unassigned,35.0,35.0,0.0,1.0,0.0,0.0,0.06382979,0.0,0,0,0,0,0
54332,-1,1,-0.18788338,0.45316687,0,1,unassigned,22.0,20.0,2.0,0.90909094,0.09090909,0.090909064,0.03868472,0.0035167928,1,0,0,0,0
54333,-1,1,2.8570838,0.9456837,1,1,unassigned,21.0,17.0,4.0,0.8095238,0.1904762,0.19047618,0.036750484,0.0070000924,1,0,0,1,1
54334,-1,0,0.47472352,0.61650115,1,1,unassigned,2.0,2.0,0.0,1.0,0.0,0.0,0.0,0.0,0,0,0,1,0
54335,-1,0,-0.6589886,0.34096685,0,1,unassigned,31.0,31.0,0.0,1.0,0.0,0.0,0.056092843,0.0,0,0,0,0,0
54336,-1,1,1.2642117,0.7797503,1,1,unassigned,21.0,21.0,0.0,1.0,0.0,0.0,0.036750484,0.0,1,0,0,1,0
54337,0,0,-0.61493,0.35093546,0,0,test,46.0,46.0,0.0,1.0,0.0,0.0,0.08510638,0.0,0,0,1,0,0
54338,-1,1,1.1319158,0.75619227,1,1,unassigned,24.0,22.0,2.0,0.9166667,0.083333336,0.08333331,0.04255319,0.0035460992,1,0,0,1,0
54339,-1,0,-0.26023364,0.43530628,0,1,unassigned,14.0,14.0,0.0,1.0,0.0,0.0,0.023210831,0.0,0,0,0,0,0
54340,1,1,2.0346816,0.88439065,1,0,test,33.0,33.0,0.0,1.0,0.0,0.0,0.059961315,0.0,1,0,1,1,0
54341,-1,1,0.74204737,0.6774434,1,1,unassigned,51.0,50.0,1.0,0.98039216,0.019607844,0.019607842,0.09477756,0.0018583836,1,0,0,1,0
54342,0,0,-0.33258006,0.417613,0,0,test,18.0,18.0,0.0,1.0,0.0,0.0,0.030947777,0.0,0,0,1,0,0
54343,-1,1,2.801376,0.94275016,1,1,unassigned,23.0,21.0,2.0,0.9130435,0.08695652,0.0869565,0.040618956,0.0035320832,1,0,0,1,1
54344,-1,1,-0.10231203,0.4744443,0,1,unassigned,37.0,36.0,1.0,0.972973,0.027027028,0.02702701,0.06769826,0.0018296828,1,0,0,0,0
54345,-1,0,3.492193,0.9704649,1,1,unassigned,4.0,4.0,0.0,1.0,0.0,0.0,0.003868472,0.0,0,0,0,1,1
54346,-1,1,1.4754546,0.81388503,1,1,unassigned,2.0,2.0,0.0,1.0,0.0,0.0,0.0,0.0,1,0,0,1,0
54347,-1,0,8.896539,0.99986315,1,1,unassigned,3.0,3.0,0.0,1.0,0.0,0.0,0.001934236,0.0,0,0,0,1,1
54348,-1,1,1.1139987,0.7528738,1,1,unassigned,4.0,4.0,0.0,1.0,0.0,0.0,0.003868472,0.0,1,0,0,1,0
54349,-1,1,-0.8998405,0.28908327,0,1,unassigned,7.0,7.0,0.0,1.0,0.0,0.0,0.00967118,0.0,1,0,0,0,0
54350,-1,1,0.46403998,0.6139721,1,1,unassigned,2.0,2.0,0.0,1.0,0.0,0.0,0.0,0.0,1,0,0,1,0
54351,-1,0,-0.8301256,0.30361852,0,1,unassigned,12.0,12.0,0.0,1.0,0.0,0.0,0.01934236,0.0,0,0,0,0,0
54352,-1,1,5.675547,0.9965829,1,1,unassigned,28.0,26.0,2.0,0.9285714,0.071428575,0.0714286,0.050290134,0.0035921526,1,0,0,1,1
54353,-1,0,-0.47029316,0.38454685,0,1,unassigned,5.0,5.0,0.0,1.0,0.0,0.0,0.0058027077,0.0,0,0,0,0,0
54354,1,1,4.0600557,0.98304445,1,0,unassigned,11.0,11.0,0.0,1.0,0.0,0.0,0.017408123,0.0,1,0,1,1,1
54355,-1,0,-0.55199844,0.36540088,0,1,unassigned,3.0,2.0,1.0,0.6666667,0.33333334,0.3333333,0.001934236,0.00064474536,0,0,0,0,0
54356,-1,0,5.19404,0.9944811,1,1,unassigned,3.0,2.0,1.0,0.6666667,0.33333334,0.3333333,0.001934236,0.00064474536,0,0,0,1,1
54357,-1,0,1.053709,0.7414865,1,1,unassigned,4.0,2.0,2.0,0.5,0.5,0.5,0.003868472,0.001934236,0,0,0,1,0
54358,-1,1,-0.7048768,0.33073187,0,1,unassigned,18.0,18.0,0.0,1.0,0.0,0.0,0.030947777,0.0,1,0,0,0,0
54359,-1,1,-0.716692,0.32812187,0,1,unassigned,20.0,20.0,0.0,1.0,0.0,0.0,0.034816246,0.0,1,0,0,0,0
54360,-1,1,-0.07520783,0.48120686,0,1,unassigned,11.0,11.0,0.0,1.0,0.0,0.0,0.017408123,0.0,1,0,0,0,0
54361,-1,1,-0.38528132,0.40485373,0,1,unassigned,18.0,16.0,2.0,0.8888889,0.11111111,0.111111104,0.030947777,0.0034386418,1,0,0,0,0
54362,-1,1,-0.38079542,0.40593508,0,1,unassigned,65.0,64.0,1.0,0.9846154,0.015384615,0.0153846145,0.12185687,0.001874721,1,0,0,0,0
54363,0,1,-0.4061745,0.39982978,0,0,unassigned,67.0,66.0,1.0,0.98507464,0.014925373,0.014925361,0.12572534,0.0018764976,1,0,1,0,0
54364,-1,0,0.69022304,0.6660166,1,1,unassigned,24.0,24.0,0.0,1.0,0.0,0.0,0.04255319,0.0,0,0,0,1,0
54365,0,1,-0.17783022,0.45565924,0,0,val,16.0,16.0,0.0,1.0,0.0,0.0,0.027079303,0.0,1,0,1,0,0
54366,-1,0,0.40518445,0.5999327,1,1,unassigned,4.0,4.0,0.0,1.0,0.0,0.0,0.003868472,0.0,0,0,0,1,0
54367,1,0,-0.769528,0.31658122,0,1,val,34.0,33.0,1.0,0.9705882,0.029411765,0.029411793,0.061895553,0.0018204574,0,0,0,0,0
54368,-1,1,-0.086262405,0.4784478,0,1,unassigned,11.0,11.0,0.0,1.0,0.0,0.0,0.017408123,0.0,1,0,0,0,0
54369,-1,0,1.8823516,0.867881,1,1,unassigned,2.0,2.0,0.0,1.0,0.0,0.0,0.0,0.0,0,0,0,1,0
54370,-1,0,-0.3309415,0.41801158,0,1,unassigned,12.0,12.0,0.0,1.0,0.0,0.0,0.01934236,0.0,0,0,0,0,0
54371,-1,1,-0.4987564,0.37783295,0,1,unassigned,18.0,16.0,2.0,0.8888889,0.11111111,0.111111104,0.030947777,0.0034386418,1,0,0,0,0
54372,-1,1,0.5012689,0.6227575,1,1,unassigned,28.0,25.0,3.0,0.89285713,0.10714286,0.107142866,0.050290134,0.0053882287,1,0,0,1,0
54373,-1,1,1.3966722,0.80165523,1,1,unassigned,8.0,7.0,1.0,0.875,0.125,0.125,0.0116054155,0.0014506769,1,0,0,1,0
54374,-1,1,3.1578596,0.95921725,1,1,unassigned,9.0,9.0,0.0,1.0,0.0,0.0,0.013539651,0.0,1,0,0,1,1
54375,-1,1,0.3060248,0.5759146,1,1,unassigned,64.0,63.0,1.0,0.984375,0.015625,0.015625,0.11992263,0.0018737911,1,0,0,1,0
54376,1,1,1.4290254,0.8067494,1,0,test,8.0,7.0,1.0,0.875,0.125,0.125,0.0116054155,0.0014506769,1,0,1,1,0
54377,-1,1,1.3960207,0.8015517,1,1,unassigned,7.0,7.0,0.0,1.0,0.0,0.0,0.00967118,0.0,1,0,0,1,0
54378,-1,1,2.901252,0.9479083,1,1,unassigned,12.0,10.0,2.0,0.8333333,0.16666667,0.16666669,0.01934236,0.0032237265,1,0,0,1,1
54379,-1,1,0.805469,0.69114316,1,1,unassigned,7.0,7.0,0.0,1.0,0.0,0.0,0.00967118,0.0,1,0,0,1,0
54380,-1,0,0.48378366,0.61864096,1,1,unassigned,6.0,5.0,1.0,0.8333333,0.16666667,0.16666669,0.007736944,0.0012894907,0,0,0,1,0
54381,0,1,0.0912568,0.52279836,1,1,val,3.0,3.0,0.0,1.0,0.0,0.0,0.001934236,0.0,1,0,0,1,0
54382,-1,0,4.4104,0.98799556,1,1,unassigned,2.0,2.0,0.0,1.0,0.0,0.0,0.0,0.0,0,0,0,1,1
54383,0,0,1.0394499,0.73874384,1,1,val,9.0,9.0,0.0,1.0,0.0,0.0,0.013539651,0.0,0,0,0,1,0
54384,-1,0,1.9887922,0.8796153,1,1,unassigned,2.0,2.0,0.0,1.0,0.0,0.0,0.0,0.0,0,0,0,1,0
54385,-1,0,2.6522133,0.9341473,1,1,unassigned,7.0,6.0,1.0,0.85714287,0.14285715,0.14285713,0.00967118,0.0013815971,0,0,0,1,1
54386,-1,0,4.4393725,0.9883343,1,1,unassigned,6.0,6.0,0.0,1.0,0.0,0.0,0.007736944,0.0,0,0,0,1,1
54387,-1,1,-0.4987787,0.3778277,0,1,unassigned,18.0,5.0,13.0,0.2777778,0.7222222,0.7222222,0.030947777,0.022351172,1,0,0,0,0
54388,-1,1,0.46135336,0.6133352,1,1,unassigned,15.0,12.0,3.0,0.8,0.2,0.19999999,0.025145067,0.0050290134,1,0,0,1,0
54389,-1,0,1.5382197,0.8232057,1,1,unassigned,2.0,2.0,0.0,1.0,0.0,0.0,0.0,0.0,0,0,0,1,0
54390,0,1,-0.7092804,0.32975787,0,0,unassigned,13.0,13.0,0.0,1.0,0.0,0.0,0.021276595,0.0,1,0,1,0,0
54391,0,0,3.277993,0.9636661,1,1,val,3.0,3.0,0.0,1.0,0.0,0.0,0.001934236,0.0,0,0,0,1,1
54392,-1,1,-0.7771192,0.3149411,0,1,unassigned,28.0,27.0,1.0,0.96428573,0.035714287,0.03571427,0.050290134,0.0017960763,1,0,0,0,0
54393,-1,0,-0.27573428,0.43149987,0,1,unassigned,4.0,4.0,0.0,1.0,0.0,0.0,0.003868472,0.0,0,0,0,0,0
54394,-1,0,-0.21378678,0.44675595,0,1,unassigned,3.0,3.0,0.0,1.0,0.0,0.0,0.001934236,0.0,0,0,0,0,0
54395,-1,1,6.9139132,0.99900717,1,1,unassigned,44.0,37.0,7.0,0.84090906,0.1590909,0.15909094,0.08123791,0.012924213,1,0,0,1,1
54396,1,1,-0.64918584,0.34317303,0,1,unassigned,22.0,22.0,0.0,1.0,0.0,0.0,0.03868472,0.0,1,0,0,0,0
54397,-1,1,0.24566108,0.5611083,1,1,unassigned,10.0,9.0,1.0,0.9,0.1,0.100000024,0.015473888,0.0015473888,1,0,0,1,0
54398,1,0,5.3189797,0.9951261,1,0,val,8.0,5.0,3.0,0.625,0.375,0.375,0.0116054155,0.004352031,0,0,1,1,1
54399,-1,1,2.6612575,0.93470144,1,1,unassigned,42.0,40.0,2.0,0.95238096,0.04761905,0.047619045,0.07736944,0.003684259,1,0,0,1,1
54400,-1,1,9.353328,0.99991333,1,1,unassigned,21.0,20.0,1.0,0.95238096,0.04761905,0.047619045,0.036750484,0.0017500231,1,0,0,1,1
54401,-1,1,1.6326911,0.83653796,1,1,unassigned,6.0,5.0,1.0,0.8333333,0.16666667,0.16666669,0.007736944,0.0012894907,1,0,0,1,0
54402,-1,0,0.96511835,0.72414535,1,1,unassigned,28.0,4.0,24.0,0.14285715,0.85714287,0.85714287,0.050290134,0.04310583,0,0,0,1,0
54403,-1,1,-0.3755839,0.40719247,0,1,unassigned,6.0,6.0,0.0,1.0,0.0,0.0,0.007736944,0.0,1,0,0,0,0
54404,-1,1,3.9874346,0.98179054,1,1,unassigned,11.0,10.0,1.0,0.90909094,0.09090909,0.090909064,0.017408123,0.0015825568,1,0,0,1,1
54405,-1,1,2.0580218,0.8867557,1,1,unassigned,18.0,18.0,0.0,1.0,0.0,0.0,0.030947777,0.0,1,0,0,1,0
54406,-1,1,4.465197,0.9886284,1,1,unassigned,34.0,25.0,9.0,0.7352941,0.2647059,0.2647059,0.061895553,0.016384117,1,0,0,1,1
54407,-1,0,-0.4085003,0.39927182,0,1,unassigned,28.0,27.0,1.0,0.96428573,0.035714287,0.03571427,0.050290134,0.0017960763,0,0,0,0,0
54408,-1,0,-0.24461082,0.4391504,0,1,unassigned,20.0,20.0,0.0,1.0,0.0,0.0,0.034816246,0.0,0,0,0,0,0
54409,-1,0,0.21167964,0.55272317,1,1,unassigned,11.0,11.0,0.0,1.0,0.0,0.0,0.017408123,0.0,0,0,0,1,0
54410,1,0,-0.76089936,0.31845105,0,1,unassigned,11.0,10.0,1.0,0.90909094,0.09090909,0.090909064,0.017408123,0.0015825568,0,0,0,0,0
54411,-1,0,-0.282016,0.4299596,0,1,unassigned,3.0,3.0,0.0,1.0,0.0,0.0,0.001934236,0.0,0,0,0,0,0
54412,-1,1,-0.6354921,0.34626627,0,1,unassigned,66.0,64.0,2.0,0.969697,0.030303031,0.030303001,0.123791106,0.0037512458,1,0,0,0,0
54413,-1,0,1.0002604,0.7311098,1,1,unassigned,16.0,16.0,0.0,1.0,0.0,0.0,0.027079303,0.0,0,0,0,1,0
54414,-1,1,0.21086335,0.55252135,1,1,unassigned,5.0,5.0,0.0,1.0,0.0,0.0,0.0058027077,0.0,1,0,0,1,0
54415,-1,1,0.578373,0.64069295,1,1,unassigned,11.0,10.0,1.0,0.90909094,0.09090909,0.090909064,0.017408123,0.0015825568,1,0,0,1,0
54416,-1,0,2.7824528,0.9417202,1,1,unassigned,10.0,9.0,1.0,0.9,0.1,0.100000024,0.015473888,0.0015473888,0,0,0,1,1
54417,-1,1,3.7607296,0.97726226,1,1,unassigned,21.0,21.0,0.0,1.0,0.0,0.0,0.036750484,0.0,1,0,0,1,1
54418,-1,1,4.2521257,0.9859658,1,1,unassigned,21.0,18.0,3.0,0.85714287,0.14285715,0.14285713,0.036750484,0.0052500693,1,0,0,1,1
54419,-1,1,-0.3389773,0.4160579,0,1,unassigned,15.0,15.0,0.0,1.0,0.0,0.0,0.025145067,0.0,1,0,0,0,0
54420,-1,1,-0.49143815,0.37955484,0,1,unassigned,21.0,21.0,0.0,1.0,0.0,0.0,0.036750484,0.0,1,0,0,0,0
54421,-1,1,-0.6683395,0.33886877,0,1,unassigned,47.0,47.0,0.0,1.0,0.0,0.0,0.08704062,0.0,1,0,0,0,0
54422,-1,0,3.341649,0.9658303,1,1,unassigned,7.0,5.0,2.0,0.71428573,0.2857143,0.28571427,0.00967118,0.0027631943,0,0,0,1,1
54423,-1,1,2.7749841,0.9413089,1,1,unassigned,12.0,11.0,1.0,0.9166667,0.083333336,0.08333331,0.01934236,0.0016118633,1,0,0,1,1
54424,-1,1,-0.45074037,0.38918474,0,1,unassigned,9.0,9.0,0.0,1.0,0.0,0.0,0.013539651,0.0,1,0,0,0,0
54425,-1,1,0.6783152,0.66336256,1,1,unassigned,7.0,6.0,1.0,0.85714287,0.14285715,0.14285713,0.00967118,0.0013815971,1,0,0,1,0
54426,-1,1,-0.27547035,0.43156463,0,1,unassigned,2.0,2.0,0.0,1.0,0.0,0.0,0.0,0.0,1,0,0,0,0
54427,-1,0,2.659931,0.93462044,1,1,unassigned,2.0,1.0,1.0,0.5,0.5,0.5,0.0,0.0,0,0,0,1,1
54428,-1,0,0.35965335,0.58895653,1,1,unassigned,3.0,3.0,0.0,1.0,0.0,0.0,0.001934236,0.0,0,0,0,1,0
54429,0,1,-0.6562914,0.34157318,0,0,test,15.0,15.0,0.0,1.0,0.0,0.0,0.025145067,0.0,1,0,1,0,0
54430,-1,1,-0.8491076,0.2996201,0,1,unassigned,49.0,49.0,0.0,1.0,0.0,0.0,0.09090909,0.0,1,0,0,0,0
54431,-1,1,1.1793151,0.7648246,1,1,unassigned,4.0,4.0,0.0,1.0,0.0,0.0,0.003868472,0.0,1,0,0,1,0
54432,-1,1,3.8727381,0.97962254,1,1,unassigned,4.0,4.0,0.0,1.0,0.0,0.0,0.003868472,0.0,1,0,0,1,1
54433,1,0,3.489001,0.97037315,1,0,test,8.0,8.0,0.0,1.0,0.0,0.0,0.0116054155,0.0,0,0,1,1,1
54434,-1,0,5.577206,0.99623114,1,1,unassigned,9.0,8.0,1.0,0.8888889,0.11111111,0.111111104,0.013539651,0.0015044058,0,0,0,1,1
54435,-1,1,-0.8457549,0.30032414,0,1,unassigned,74.0,72.0,2.0,0.972973,0.027027028,0.02702701,0.13926499,0.0037639185,1,0,0,0,0
54436,-1,1,-0.55182624,0.36544082,0,1,unassigned,19.0,19.0,0.0,1.0,0.0,0.0,0.032882012,0.0,1,0,0,0,0
54437,-1,1,-0.80201155,0.3095954,0,1,unassigned,83.0,81.0,2.0,0.97590363,0.024096385,0.02409637,0.15667312,0.0037752558,1,0,0,0,0
54438,-1,1,-0.29641244,0.42643473,0,1,unassigned,87.0,86.0,1.0,0.9885057,0.011494253,0.011494279,0.16441005,0.0018897707,1,0,0,0,0
54439,1,1,-0.68364954,0.33544725,0,1,unassigned,67.0,65.0,2.0,0.9701493,0.029850746,0.029850721,0.12572534,0.0037529953,1,0,0,0,0
54440,-1,1,-0.68212634,0.33578688,0,1,unassigned,31.0,31.0,0.0,1.0,0.0,0.0,0.056092843,0.0,1,0,0,0,0
54441,-1,1,-0.32823622,0.41866985,0,1,unassigned,26.0,25.0,1.0,0.96153843,0.03846154,0.038461566,0.046421662,0.0017854486,1,0,0,0,0
54442,-1,1,2.6413455,0.93347555,1,1,unassigned,15.0,15.0,0.0,1.0,0.0,0.0,0.025145067,0.0,1,0,0,1,1
54443,-1,0,4.152043,0.9845114,1,1,unassigned,24.0,24.0,0.0,1.0,0.0,0.0,0.04255319,0.0,0,0,0,1,1
54444,1,0,-0.119516164,0.47015646,0,1,unassigned,9.0,9.0,0.0,1.0,0.0,0.0,0.013539651,0.0,0,0,0,0,0
54445,-1,0,-0.111642,0.47211844,0,1,unassigned,4.0,4.0,0.0,1.0,0.0,0.0,0.003868472,0.0,0,0,0,0,0
54446,-1,0,-0.4968744,0.37827545,0,1,unassigned,2.0,1.0,1.0,0.5,0.5,0.5,0.0,0.0,0,0,0,0,0
54447,-1,0,4.2377257,0.98576516,1,1,unassigned,7.0,6.0,1.0,0.85714287,0.14285715,0.14285713,0.00967118,0.0013815971,0,0,0,1,1
54448,1,0,0.25200695,0.5626704,1,0,train,2.0,2.0,0.0,1.0,0.0,0.0,0.0,0.0,0,0,1,1,0
54449,-1,1,-0.026428998,0.49339315,0,1,unassigned,38.0,37.0,1.0,0.9736842,0.02631579,0.026315808,0.06963249,0.0018324341,1,0,0,0,0
54450,-1,1,2.3427222,0.912354,1,1,unassigned,12.0,11.0,1.0,0.9166667,0.083333336,0.08333331,0.01934236,0.0016118633,1,0,0,1,1
54451,-1,0,-0.8571935,0.29792604,0,1,unassigned,15.0,15.0,0.0,1.0,0.0,0.0,0.025145067,0.0,0,0,0,0,0
54452,-1,0,1.7476492,0.8516561,1,1,unassigned,2.0,2.0,0.0,1.0,0.0,0.0,0.0,0.0,0,0,0,1,0
54453,-1,0,-0.5150323,0.37401456,0,1,unassigned,21.0,21.0,0.0,1.0,0.0,0.0,0.036750484,0.0,0,0,0,0,0
54454,-1,0,-0.5067754,0.37594977,0,1,unassigned,29.0,29.0,0.0,1.0,0.0,0.0,0.05222437,0.0,0,0,0,0,0
54455,-1,0,0.13167071,0.53287023,1,1,unassigned,16.0,16.0,0.0,1.0,0.0,0.0,0.027079303,0.0,0,0,0,1,0
54456,-1,0,-0.9347087,0.28197038,0,1,unassigned,26.0,26.0,0.0,1.0,0.0,0.0,0.046421662,0.0,0,0,0,0,0
54457,-1,0,0.029954553,0.5074881,1,1,unassigned,9.0,7.0,2.0,0.7777778,0.22222222,0.22222221,0.013539651,0.0030088115,0,0,0,1,0
54458,0,0,-0.5860519,0.35754123,0,0,test,24.0,24.0,0.0,1.0,0.0,0.0,0.04255319,0.0,0,0,1,0,0
54459,-1,0,-0.07299167,0.48176014,0,1,unassigned,5.0,5.0,0.0,1.0,0.0,0.0,0.0058027077,0.0,0,0,0,0,0
54460,-1,0,-0.24167591,0.4398734,0,1,unassigned,10.0,10.0,0.0,1.0,0.0,0.0,0.015473888,0.0,0,0,0,0,0
54461,-1,0,-0.14340898,0.46420908,0,1,unassigned,23.0,23.0,0.0,1.0,0.0,0.0,0.040618956,0.0,0,0,0,0,0
54462,-1,1,-0.30182296,0.42511195,0,1,unassigned,37.0,34.0,3.0,0.9189189,0.08108108,0.08108109,0.06769826,0.005489048,1,0,0,0,0
54463,-1,1,0.6276706,0.6519611,1,1,unassigned,2.0,2.0,0.0,1.0,0.0,0.0,0.0,0.0,1,0,0,1,0
54464,-1,1,2.5378373,0.9267521,1,1,unassigned,5.0,4.0,1.0,0.8,0.2,0.19999999,0.0058027077,0.0011605415,1,0,0,1,1
54465,-1,0,-0.65479517,0.34190974,0,1,unassigned,7.0,7.0,0.0,1.0,0.0,0.0,0.00967118,0.0,0,0,0,0,0
54466,-1,1,0.2026766,0.55049646,1,1,unassigned,13.0,13.0,0.0,1.0,0.0,0.0,0.021276595,0.0,1,0,0,1,0
54467,0,1,-0.42874885,0.39442512,0,0,unassigned,50.0,50.0,0.0,1.0,0.0,0.0,0.092843324,0.0,1,0,1,0,0
54468,-1,0,-0.38859093,0.40405652,0,1,unassigned,22.0,22.0,0.0,1.0,0.0,0.0,0.03868472,0.0,0,0,0,0,0
54469,-1,0,-0.17518789,0.45631468,0,1,unassigned,13.0,13.0,0.0,1.0,0.0,0.0,0.021276595,0.0,0,0,0,0,0
54470,-1,0,0.79564184,0.68904144,1,1,unassigned,3.0,3.0,0.0,1.0,0.0,0.0,0.001934236,0.0,0,0,0,1,0
54471,-1,0,0.48320907,0.6185054,1,1,unassigned,4.0,3.0,1.0,0.75,0.25,0.25,0.003868472,0.000967118,0,0,0,1,0
54472,-1,0,-0.6515189,0.3426473,0,1,unassigned,2.0,2.0,0.0,1.0,0.0,0.0,0.0,0.0,0,0,0,0,0
54473,0,1,-0.33311796,0.41748217,0,0,unassigned,24.0,24.0,0.0,1.0,0.0,0.0,0.04255319,0.0,1,0,1,0,0
54474,-1,0,-0.49256724,0.379289,0,1,unassigned,2.0,2.0,0.0,1.0,0.0,0.0,0.0,0.0,0,0,0,0,0
54475,1,0,7.1107883,0.9991844,1,0,val,3.0,3.0,0.0,1.0,0.0,0.0,0.001934236,0.0,0,0,1,1,1
54476,-1,0,-0.27185333,0.43245214,0,1,unassigned,4.0,4.0,0.0,1.0,0.0,0.0,0.003868472,0.0,0,0,0,0,0
54477,-1,0,-0.7031181,0.3311213,0,1,unassigned,16.0,16.0,0.0,1.0,0.0,0.0,0.027079303,0.0,0,0,0,0,0
54478,-1,0,-0.46718127,0.38528365,0,1,unassigned,9.0,9.0,0.0,1.0,0.0,0.0,0.013539651,0.0,0,0,0,0,0
54479,-1,0,5.9451213,0.9973883,1,1,unassigned,14.0,12.0,2.0,0.85714287,0.14285715,0.14285713,0.023210831,0.0033158332,0,0,0,1,1
54480,-1,1,-0.57011735,0.36120975,0,1,unassigned,2.0,2.0,0.0,1.0,0.0,0.0,0.0,0.0,1,0,0,0,0
54481,0,1,-0.28151155,0.43008327,0,0,test,4.0,4.0,0.0,1.0,0.0,0.0,0.003868472,0.0,1,0,1,0,0
54482,0,1,-0.7831459,0.31364226,0,0,val,37.0,37.0,0.0,1.0,0.0,0.0,0.06769826,0.0,1,0,1,0,0
54483,-1,0,-0.019434273,0.49514163,0,1,unassigned,6.0,6.0,0.0,1.0,0.0,0.0,0.007736944,0.0,0,0,0,0,0
54484,-1,0,4.7269254,0.99122405,1,1,unassigned,2.0,2.0,0.0,1.0,0.0,0.0,0.0,0.0,0,0,0,1,1
54485,-1,0,1.9708087,0.87769794,1,1,unassigned,5.0,5.0,0.0,1.0,0.0,0.0,0.0058027077,0.0,0,0,0,1,0
54486,-1,0,-0.009919524,0.49752012,0,1,unassigned,2.0,2.0,0.0,1.0,0.0,0.0,0.0,0.0,0,0,0,0,0
54487,1,0,0.4712475,0.615679,1,0,val,4.0,4.0,0.0,1.0,0.0,0.0,0.003868472,0.0,0,0,1,1,0
54488,0,1,0.33937782,0.5840394,1,1,unassigned,3.0,3.0,0.0,1.0,0.0,0.0,0.001934236,0.0,1,0,0,1,0
54489,-1,0,0.9444129,0.71999013,1,1,unassigned,2.0,1.0,1.0,0.5,0.5,0.5,0.0,0.0,0,0,0,1,0
54490,-1,0,2.0632796,0.88728255,1,1,unassigned,3.0,3.0,0.0,1.0,0.0,0.0,0.001934236,0.0,0,0,0,1,0
54491,-1,1,1.4109709,0.803919,1,1,unassigned,12.0,11.0,1.0,0.9166667,0.083333336,0.08333331,0.01934236,0.0016118633,1,0,0,1,0
54492,-1,1,-0.913394,0.28630584,0,1,unassigned,35.0,35.0,0.0,1.0,0.0,0.0,0.06382979,0.0,1,0,0,0,0
54493,-1,0,1.8734591,0.86685807,1,1,unassigned,6.0,6.0,0.0,1.0,0.0,0.0,0.007736944,0.0,0,0,0,1,0
54494,-1,1,2.9578798,0.9506346,1,1,unassigned,12.0,12.0,0.0,1.0,0.0,0.0,0.01934236,0.0,1,0,0,1,1
54495,-1,1,-0.3096606,0.42319757,0,1,unassigned,31.0,31.0,0.0,1.0,0.0,0.0,0.056092843,0.0,1,0,0,0,0
54496,-1,1,0.5776461,0.64052564,1,1,unassigned,3.0,3.0,0.0,1.0,0.0,0.0,0.001934236,0.0,1,0,0,1,0
54497,-1,0,1.7613659,0.8533806,1,1,unassigned,2.0,1.0,1.0,0.5,0.5,0.5,0.0,0.0,0,0,0,1,0
54498,-1,1,-0.12647665,0.46842295,0,1,unassigned,17.0,17.0,0.0,1.0,0.0,0.0,0.029013539,0.0,1,0,0,0,0
54499,-1,0,-0.43125367,0.393827,0,1,unassigned,18.0,17.0,1.0,0.9444444,0.055555556,0.055555582,0.030947777,0.0017193209,0,0,0,0,0
54500,-1,0,1.337363,0.79205596,1,1,unassigned,3.0,3.0,0.0,1.0,0.0,0.0,0.001934236,0.0,0,0,0,1,0
54501,-1,1,1.7288592,0.8492664,1,1,unassigned,7.0,7.0,0.0,1.0,0.0,0.0,0.00967118,0.0,1,0,0,1,0
54502,-1,0,0.4712475,0.615679,1,1,unassigned,4.0,4.0,0.0,1.0,0.0,0.0,0.003868472,0.0,0,0,0,1,0
54503,-1,0,-0.37658602,0.40695056,0,1,unassigned,64.0,63.0,1.0,0.984375,0.015625,0.015625,0.11992263,0.0018737911,0,0,0,0,0
54504,-1,0,4.1002893,0.9837022,1,1,unassigned,6.0,6.0,0.0,1.0,0.0,0.0,0.007736944,0.0,0,0,0,1,1
54505,-1,0,-0.41771507,0.39706364,0,1,unassigned,23.0,23.0,0.0,1.0,0.0,0.0,0.040618956,0.0,0,0,0,0,0
54506,-1,0,0.28810084,0.5715311,1,1,unassigned,34.0,34.0,0.0,1.0,0.0,0.0,0.061895553,0.0,0,0,0,1,0
54507,-1,0,-0.67241526,0.33795625,0,1,unassigned,26.0,25.0,1.0,0.96153843,0.03846154,0.038461566,0.046421662,0.0017854486,0,0,0,0,0
54508,-1,1,-0.38985133,0.40375307,0,1,unassigned,5.0,5.0,0.0,1.0,0.0,0.0,0.0058027077,0.0,1,0,0,0,0
54509,-1,0,2.4307141,0.9191396,1,1,unassigned,2.0,2.0,0.0,1.0,0.0,0.0,0.0,0.0,0,0,0,1,1
54510,-1,1,-0.81711733,0.30637592,0,1,unassigned,30.0,30.0,0.0,1.0,0.0,0.0,0.054158606,0.0,1,0,0,0,0
54511,-1,1,-0.070330024,0.48242474,0,1,unassigned,25.0,25.0,0.0,1.0,0.0,0.0,0.044487428,0.0,1,0,0,0,0
54512,-1,1,-0.8357024,0.30244067,0,1,unassigned,48.0,48.0,0.0,1.0,0.0,0.0,0.088974856,0.0,1,0,0,0,0
54513,-1,1,-0.6054815,0.3530906,0,1,unassigned,16.0,14.0,2.0,0.875,0.125,0.125,0.027079303,0.0033849129,1,0,0,0,0
54514,-1,0,-0.21317738,0.44690657,0,1,unassigned,14.0,13.0,1.0,0.9285714,0.071428575,0.0714286,0.023210831,0.0016579166,0,0,0,0,0
54515,-1,1,0.77744156,0.68512845,1,1,unassigned,19.0,19.0,0.0,1.0,0.0,0.0,0.032882012,0.0,1,0,0,1,0
54516,-1,1,-0.8205656,0.30564362,0,1,unassigned,200.0,199.0,1.0,0.995,0.005,0.004999995,0.38297874,0.0019148936,1,0,0,0,0
54517,-1,1,1.035013,0.7378866,1,1,unassigned,3.0,3.0,0.0,1.0,0.0,0.0,0.001934236,0.0,1,0,0,1,0
54518,-1,0,2.7582166,0.9403757,1,1,unassigned,2.0,2.0,0.0,1.0,0.0,0.0,0.0,0.0,0,0,0,1,1
54519,-1,0,6.679219,0.99874485,1,1,unassigned,5.0,5.0,0.0,1.0,0.0,0.0,0.0058027077,0.0,0,0,0,1,1
54520,-1,1,-0.23941892,0.44042954,0,1,unassigned,7.0,7.0,0.0,1.0,0.0,0.0,0.00967118,0.0,1,0,0,0,0
54521,-1,1,0.12264454,0.5306228,1,1,unassigned,25.0,22.0,3.0,0.88,0.12,0.120000005,0.044487428,0.0053384914,1,0,0,1,0
54522,1,1,-0.086895466,0.47828978,0,1,val,43.0,42.0,1.0,0.9767442,0.023255814,0.023255825,0.079303674,0.0018442714,1,0,0,0,0
54523,-1,1,-0.34306073,0.41506618,0,1,unassigned,4.0,3.0,1.0,0.75,0.25,0.25,0.003868472,0.000967118,1,0,0,0,0
54524,-1,1,-0.5466019,0.36665317,0,1,unassigned,85.0,84.0,1.0,0.9882353,0.011764706,0.011764705,0.16054158,0.0018887245,1,0,0,0,0
54525,-1,1,-0.35794875,0.41145623,0,1,unassigned,82.0,77.0,5.0,0.9390244,0.06097561,0.06097561,0.15473887,0.009435297,1,0,0,0,0
54526,-1,0,6.4545474,0.9984291,1,1,unassigned,29.0,28.0,1.0,0.9655172,0.03448276,0.034482777,0.05222437,0.0018008404,0,0,0,1,1
54527,-1,1,0.9720922,0.7255363,1,1,unassigned,7.0,7.0,0.0,1.0,0.0,0.0,0.00967118,0.0,1,0,0,1,0
54528,-1,0,0.38418216,0.59488136,1,1,unassigned,2.0,2.0,0.0,1.0,0.0,0.0,0.0,0.0,0,0,0,1,0
54529,-1,1,-0.8794554,0.29329064,0,1,unassigned,116.0,114.0,2.0,0.98275864,0.01724138,0.017241359,0.2205029,0.003801774,1,0,0,0,0
54530,-1,0,0.13740164,0.53429645,1,1,unassigned,3.0,3.0,0.0,1.0,0.0,0.0,0.001934236,0.0,0,0,0,1,0
54531,0,1,-0.6646416,0.33969772,0,0,unassigned,106.0,103.0,3.0,0.9716981,0.028301887,0.028301895,0.20116054,0.005693223,1,0,1,0,0
54532,-1,1,0.10580307,0.52642614,1,1,unassigned,20.0,20.0,0.0,1.0,0.0,0.0,0.034816246,0.0,1,0,0,1,0
54533,-1,1,2.1774378,0.89820504,1,1,unassigned,2.0,2.0,0.0,1.0,0.0,0.0,0.0,0.0,1,0,0,1,0
54534,-1,0,2.4182646,0.91820955,1,1,unassigned,2.0,2.0,0.0,1.0,0.0,0.0,0.0,0.0,0,0,0,1,1
54535,-1,1,-0.57200193,0.36077502,0,1,unassigned,83.0,80.0,3.0,0.96385545,0.036144577,0.036144555,0.15667312,0.0056628836,1,0,0,0,0
54536,-1,1,-0.90397555,0.28823423,0,1,unassigned,49.0,48.0,1.0,0.97959185,0.020408163,0.020408154,0.09090909,0.0018552876,1,0,0,0,0
54537,-1,1,-0.84526277,0.30042753,0,1,unassigned,66.0,65.0,1.0,0.9848485,0.015151516,0.015151501,0.123791106,0.0018756229,1,0,0,0,0
54538,1,1,-0.42088675,0.39630455,0,1,val,39.0,36.0,3.0,0.9230769,0.07692308,0.07692307,0.07156673,0.0055051334,1,0,0,0,0
54539,-1,1,13.011826,0.99999774,1,1,unassigned,5.0,5.0,0.0,1.0,0.0,0.0,0.0058027077,0.0,1,0,0,1,1
54540,-1,1,-0.89856994,0.28934446,0,1,unassigned,44.0,44.0,0.0,1.0,0.0,0.0,0.08123791,0.0,1,0,0,0,0
54541,-1,0,4.7397695,0.9913351,1,1,unassigned,5.0,5.0,0.0,1.0,0.0,0.0,0.0058027077,0.0,0,0,0,1,1
54542,0,1,-0.02454406,0.4938643,0,0,unassigned,28.0,27.0,1.0,0.96428573,0.035714287,0.03571427,0.050290134,0.0017960763,1,0,1,0,0
54543,-1,1,3.981795,0.98168945,1,1,unassigned,2.0,2.0,0.0,1.0,0.0,0.0,0.0,0.0,1,0,0,1,1
54544,-1,0,10.505097,0.9999726,1,1,unassigned,2.0,2.0,0.0,1.0,0.0,0.0,0.0,0.0,0,0,0,1,1
54545,-1,0,0.5336068,0.63032395,1,1,unassigned,5.0,5.0,0.0,1.0,0.0,0.0,0.0058027077,0.0,0,0,0,1,0
54546,-1,1,-0.35833845,0.41136187,0,1,unassigned,6.0,6.0,0.0,1.0,0.0,0.0,0.007736944,0.0,1,0,0,0,0
54547,-1,1,-0.16120648,0.45978546,0,1,unassigned,49.0,49.0,0.0,1.0,0.0,0.0,0.09090909,0.0,1,0,0,0,0
54548,-1,0,2.8979704,0.94774604,1,1,unassigned,16.0,15.0,1.0,0.9375,0.0625,0.0625,0.027079303,0.0016924564,0,0,0,1,1
54549,0,0,0.33653384,0.5833483,1,1,unassigned,16.0,16.0,0.0,1.0,0.0,0.0,0.027079303,0.0,0,0,0,1,0
54550,-1,1,-0.8335033,0.3029048,0,1,unassigned,17.0,17.0,0.0,1.0,0.0,0.0,0.029013539,0.0,1,0,0,0,0
54551,-1,1,-0.32691112,0.4189924,0,1,unassigned,24.0,22.0,2.0,0.9166667,0.083333336,0.08333331,0.04255319,0.0035460992,1,0,0,0,0
54552,-1,1,1.4868796,0.8156094,1,1,unassigned,28.0,28.0,0.0,1.0,0.0,0.0,0.050290134,0.0,1,0,0,1,0
54553,-1,0,0.5981453,0.6452319,1,1,unassigned,9.0,9.0,0.0,1.0,0.0,0.0,0.013539651,0.0,0,0,0,1,0
54554,-1,1,9.349567,0.999913,1,1,unassigned,2.0,2.0,0.0,1.0,0.0,0.0,0.0,0.0,1,0,0,1,1
54555,-1,0,6.6345687,0.99868757,1,1,unassigned,3.0,3.0,0.0,1.0,0.0,0.0,0.001934236,0.0,0,0,0,1,1
54556,0,1,-0.5563394,0.3643949,0,0,val,70.0,69.0,1.0,0.98571426,0.014285714,0.014285743,0.13152805,0.0018789722,1,0,1,0,0
54557,0,1,-0.09957978,0.4751256,0,0,train,43.0,43.0,0.0,1.0,0.0,0.0,0.079303674,0.0,1,0,1,0,0
54558,-1,1,-0.51742554,0.37345442,0,1,unassigned,4.0,4.0,0.0,1.0,0.0,0.0,0.003868472,0.0,1,0,0,0,0
54559,-1,1,-0.24662507,0.43865433,0,1,unassigned,5.0,5.0,0.0,1.0,0.0,0.0,0.0058027077,0.0,1,0,0,0,0
54560,-1,1,-0.86577344,0.2961345,0,1,unassigned,31.0,31.0,0.0,1.0,0.0,0.0,0.056092843,0.0,1,0,0,0,0
54561,-1,0,-0.5163036,0.37371698,0,1,unassigned,10.0,10.0,0.0,1.0,0.0,0.0,0.015473888,0.0,0,0,0,0,0
54562,-1,1,0.45754653,0.61243194,1,1,unassigned,12.0,11.0,1.0,0.9166667,0.083333336,0.08333331,0.01934236,0.0016118633,1,0,0,1,0
54563,-1,1,4.5251384,0.98928285,1,1,unassigned,10.0,7.0,3.0,0.7,0.3,0.3,0.015473888,0.0046421667,1,0,0,1,1
54564,-1,0,1.7750237,0.8550814,1,1,unassigned,2.0,2.0,0.0,1.0,0.0,0.0,0.0,0.0,0,0,0,1,0
54565,-1,1,-0.90810335,0.2873881,0,1,unassigned,17.0,16.0,1.0,0.9411765,0.05882353,0.058823526,0.029013539,0.0017066788,1,0,0,0,0
54566,-1,0,0.14445758,0.53605175,1,1,unassigned,2.0,2.0,0.0,1.0,0.0,0.0,0.0,0.0,0,0,0,1,0
54567,1,0,0.42510718,0.60470474,1,0,val,13.0,13.0,0.0,1.0,0.0,0.0,0.021276595,0.0,0,0,1,1,0
54568,-1,0,-0.22016475,0.44518006,0,1,unassigned,3.0,3.0,0.0,1.0,0.0,0.0,0.001934236,0.0,0,0,0,0,0
54569,1,0,3.7651265,0.97735983,1,0,val,2.0,2.0,0.0,1.0,0.0,0.0,0.0,0.0,0,0,1,1,1
54570,-1,0,0.14088339,0.5351627,1,1,unassigned,5.0,4.0,1.0,0.8,0.2,0.19999999,0.0058027077,0.0011605415,0,0,0,1,0
54571,1,0,0.42780894,0.6053504,1,0,unassigned,10.0,10.0,0.0,1.0,0.0,0.0,0.015473888,0.0,0,0,1,1,0
54572,-1,0,0.9173191,0.71449554,1,1,unassigned,2.0,2.0,0.0,1.0,0.0,0.0,0.0,0.0,0,0,0,1,0
54573,-1,0,-0.64973325,0.34304965,0,1,unassigned,10.0,10.0,0.0,1.0,0.0,0.0,0.015473888,0.0,0,0,0,0,0
54574,-1,0,3.9905503,0.98184615,1,1,unassigned,3.0,3.0,0.0,1.0,0.0,0.0,0.001934236,0.0,0,0,0,1,1
54575,1,0,3.8052895,0.9782316,1,0,test,12.0,12.0,0.0,1.0,0.0,0.0,0.01934236,0.0,0,0,1,1,1
54576,1,0,0.29021627,0.5720491,1,0,unassigned,8.0,8.0,0.0,1.0,0.0,0.0,0.0116054155,0.0,0,0,1,1,0
54577,-1,1,-0.5427329,0.36755207,0,1,unassigned,16.0,16.0,0.0,1.0,0.0,0.0,0.027079303,0.0,1,0,0,0,0
54578,-1,1,-0.12782985,0.46808597,0,1,unassigned,29.0,29.0,0.0,1.0,0.0,0.0,0.05222437,0.0,1,0,0,0,0
54579,-1,0,1.8534896,0.86453635,1,1,unassigned,5.0,2.0,3.0,0.4,0.6,0.6,0.0058027077,0.0034816249,0,0,0,1,0
54580,-1,0,12.213411,0.999995,1,1,unassigned,7.0,7.0,0.0,1.0,0.0,0.0,0.00967118,0.0,0,0,0,1,1
54581,-1,0,9.319042,0.99991035,1,1,unassigned,2.0,2.0,0.0,1.0,0.0,0.0,0.0,0.0,0,0,0,1,1
54582,0,1,-0.7974314,0.31057525,0,0,unassigned,11.0,11.0,0.0,1.0,0.0,0.0,0.017408123,0.0,1,0,1,0,0
54583,-1,0,1.8292606,0.8616736,1,1,unassigned,4.0,4.0,0.0,1.0,0.0,0.0,0.003868472,0.0,0,0,0,1,0
54584,0,0,0.45231324,0.61118907,1,1,unassigned,5.0,5.0,0.0,1.0,0.0,0.0,0.0058027077,0.0,0,0,0,1,0
54585,-1,0,3.3273685,0.9653558,1,1,unassigned,2.0,2.0,0.0,1.0,0.0,0.0,0.0,0.0,0,0,0,1,1
54586,-1,0,0.22593063,0.55624366,1,1,unassigned,3.0,3.0,0.0,1.0,0.0,0.0,0.001934236,0.0,0,0,0,1,0
54587,1,1,1.6127713,0.83379585,1,0,unassigned,10.0,10.0,0.0,1.0,0.0,0.0,0.015473888,0.0,1,0,1,1,0
54588,-1,0,1.020499,0.73506975,1,1,unassigned,4.0,4.0,0.0,1.0,0.0,0.0,0.003868472,0.0,0,0,0,1,0
54589,-1,1,-0.64728934,0.34360063,0,1,unassigned,31.0,31.0,0.0,1.0,0.0,0.0,0.056092843,0.0,1,0,0,0,0
54590,-1,1,3.7454216,0.97691965,1,1,unassigned,12.0,12.0,0.0,1.0,0.0,0.0,0.01934236,0.0,1,0,0,1,1
54591,1,0,-0.8987041,0.28931686,0,1,test,4.0,4.0,0.0,1.0,0.0,0.0,0.003868472,0.0,0,0,0,0,0
54592,-1,0,0.6093505,0.64779264,1,1,unassigned,2.0,2.0,0.0,1.0,0.0,0.0,0.0,0.0,0,0,0,1,0
54593,0,0,-0.30296722,0.4248323,0,0,unassigned,3.0,1.0,2.0,0.33333334,0.6666667,0.6666666,0.001934236,0.0012894907,0,0,1,0,0
54594,-1,1,1.3259623,0.790172,1,1,unassigned,11.0,11.0,0.0,1.0,0.0,0.0,0.017408123,0.0,1,0,0,1,0
54595,-1,1,0.17543375,0.5437463,1,1,unassigned,3.0,3.0,0.0,1.0,0.0,0.0,0.001934236,0.0,1,0,0,1,0
54596,0,1,0.2959805,0.5734597,1,1,test,5.0,5.0,0.0,1.0,0.0,0.0,0.0058027077,0.0,1,0,0,1,0
54597,-1,0,1.6061027,0.83286965,1,1,unassigned,37.0,34.0,3.0,0.9189189,0.08108108,0.08108109,0.06769826,0.005489048,0,0,0,1,0
54598,0,1,-0.6910724,0.33379453,0,0,val,16.0,16.0,0.0,1.0,0.0,0.0,0.027079303,0.0,1,0,1,0,0
54599,-1,1,0.18675023,0.5465523,1,1,unassigned,54.0,54.0,0.0,1.0,0.0,0.0,0.10058027,0.0,1,0,0,1,0
54600,0,0,-0.2234971,0.44435716,0,0,unassigned,20.0,20.0,0.0,1.0,0.0,0.0,0.034816246,0.0,0,0,1,0,0
54601,-1,0,8.830467,0.99985385,1,1,unassigned,5.0,4.0,1.0,0.8,0.2,0.19999999,0.0058027077,0.0011605415,0,0,0,1,1
54602,-1,0,2.776985,0.9414194,1,1,unassigned,2.0,2.0,0.0,1.0,0.0,0.0,0.0,0.0,0,0,0,1,1
54603,-1,0,0.8520811,0.70100355,1,1,unassigned,2.0,2.0,0.0,1.0,0.0,0.0,0.0,0.0,0,0,0,1,0
54604,-1,0,0.054403305,0.5135975,1,1,unassigned,8.0,8.0,0.0,1.0,0.0,0.0,0.0116054155,0.0,0,0,0,1,0
54605,-1,0,0.5489107,0.6338828,1,1,unassigned,21.0,21.0,0.0,1.0,0.0,0.0,0.036750484,0.0,0,0,0,1,0
54606,-1,0,0.60978967,0.64789283,1,1,unassigned,17.0,17.0,0.0,1.0,0.0,0.0,0.029013539,0.0,0,0,0,1,0
54607,-1,0,4.1452527,0.98440754,1,1,unassigned,21.0,21.0,0.0,1.0,0.0,0.0,0.036750484,0.0,0,0,0,1,1
54608,-1,1,-0.39600194,0.4022733,0,1,unassigned,47.0,40.0,7.0,0.85106385,0.14893617,0.14893615,0.08704062,0.012963496,1,0,0,0,0
54609,-1,0,0.1941039,0.5483742,1,1,unassigned,4.0,4.0,0.0,1.0,0.0,0.0,0.003868472,0.0,0,0,0,1,0
54610,-1,0,-0.5111142,0.37493238,0,1,unassigned,5.0,5.0,0.0,1.0,0.0,0.0,0.0058027077,0.0,0,0,0,0,0
54611,-1,0,0.21490937,0.55352145,1,1,unassigned,4.0,4.0,0.0,1.0,0.0,0.0,0.003868472,0.0,0,0,0,1,0
54612,0,1,-0.5013341,0.3772272,0,0,val,18.0,17.0,1.0,0.9444444,0.055555556,0.055555582,0.030947777,0.0017193209,1,0,1,0,0
54613,-1,1,-0.8197272,0.3058216,0,1,unassigned,46.0,46.0,0.0,1.0,0.0,0.0,0.08510638,0.0,1,0,0,0,0
54614,-1,1,2.8285153,0.9441975,1,1,unassigned,16.0,16.0,0.0,1.0,0.0,0.0,0.027079303,0.0,1,0,0,1,1
54615,-1,1,-0.7934357,0.31143144,0,1,unassigned,76.0,74.0,2.0,0.9736842,0.02631579,0.026315808,0.14313346,0.0037666701,1,0,0,0,0
54616,-1,0,-0.20941702,0.44783625,0,1,unassigned,2.0,1.0,1.0,0.5,0.5,0.5,0.0,0.0,0,0,0,0,0
54617,-1,1,0.87536794,0.7058614,1,1,unassigned,19.0,19.0,0.0,1.0,0.0,0.0,0.032882012,0.0,1,0,0,1,0
54618,-1,0,5.714459,0.9967129,1,1,unassigned,3.0,2.0,1.0,0.6666667,0.33333334,0.3333333,0.001934236,0.00064474536,0,0,0,1,1
54619,-1,0,3.3142517,0.96491456,1,1,unassigned,2.0,2.0,0.0,1.0,0.0,0.0,0.0,0.0,0,0,0,1,1
54620,-1,0,3.5928338,0.9732169,1,1,unassigned,6.0,5.0,1.0,0.8333333,0.16666667,0.16666669,0.007736944,0.0012894907,0,0,0,1,1
54621,-1,1,1.6352408,0.83688635,1,1,unassigned,3.0,3.0,0.0,1.0,0.0,0.0,0.001934236,0.0,1,0,0,1,0
54622,-1,0,0.49175984,0.62052095,1,1,unassigned,18.0,18.0,0.0,1.0,0.0,0.0,0.030947777,0.0,0,0,0,1,0
54623,1,0,0.13752335,0.53432673,1,0,unassigned,23.0,23.0,0.0,1.0,0.0,0.0,0.040618956,0.0,0,0,1,1,0
54624,-1,1,-0.5612439,0.3632597,0,1,unassigned,5.0,5.0,0.0,1.0,0.0,0.0,0.0058027077,0.0,1,0,0,0,0
54625,-1,0,0.7765067,0.68492675,1,1,unassigned,8.0,3.0,5.0,0.375,0.625,0.625,0.0116054155,0.0072533847,0,0,0,1,0
54626,0,1,-0.022666395,0.4943336,0,0,val,24.0,24.0,0.0,1.0,0.0,0.0,0.04255319,0.0,1,0,1,0,0
54627,-1,0,2.8198185,0.9437374,1,1,unassigned,2.0,2.0,0.0,1.0,0.0,0.0,0.0,0.0,0,0,0,1,1
54628,0,1,0.5499082,0.6341143,1,1,test,30.0,29.0,1.0,0.96666664,0.033333335,0.03333336,0.054158606,0.001805287,1,0,0,1,0
54629,-1,1,-0.7322452,0.32470223,0,1,unassigned,118.0,114.0,4.0,0.9661017,0.033898305,0.033898294,0.22437137,0.0076058093,1,0,0,0,0
54630,-1,0,-0.51129043,0.3748911,0,1,unassigned,2.0,2.0,0.0,1.0,0.0,0.0,0.0,0.0,0,0,0,0,0
54631,1,1,-0.78093565,0.31411827,0,1,unassigned,46.0,41.0,5.0,0.8913044,0.10869565,0.108695626,0.08510638,0.009250693,1,0,0,0,0
54632,1,1,0.18520713,0.5461699,1,0,unassigned,4.0,4.0,0.0,1.0,0.0,0.0,0.003868472,0.0,1,0,1,1,0
54633,-1,0,2.8859055,0.9471453,1,1,unassigned,3.0,3.0,0.0,1.0,0.0,0.0,0.001934236,0.0,0,0,0,1,1
54634,-1,0,-0.52166134,0.37246382,0,1,unassigned,48.0,46.0,2.0,0.9583333,0.041666668,0.041666687,0.088974856,0.0037072857,0,0,0,0,0
54635,-1,0,0.9140158,0.7138212,1,1,unassigned,4.0,4.0,0.0,1.0,0.0,0.0,0.003868472,0.0,0,0,0,1,0
54636,-1,1,-0.90285385,0.2884644,0,1,unassigned,43.0,41.0,2.0,0.95348835,0.046511628,0.04651165,0.079303674,0.0036885429,1,0,0,0,0
54637,-1,1,-0.8747947,0.2942576,0,1,unassigned,31.0,30.0,1.0,0.9677419,0.032258064,0.032258093,0.056092843,0.0018094465,1,0,0,0,0
54638,-1,1,-0.8753391,0.29414457,0,1,unassigned,29.0,27.0,2.0,0.9310345,0.06896552,0.068965495,0.05222437,0.0036016807,1,0,0,0,0
54639,-1,0,-0.41311505,0.39816543,0,1,unassigned,3.0,3.0,0.0,1.0,0.0,0.0,0.001934236,0.0,0,0,0,0,0
54640,-1,0,-0.46541074,0.38570306,0,1,unassigned,3.0,3.0,0.0,1.0,0.0,0.0,0.001934236,0.0,0,0,0,0,0
54641,-1,0,4.483739,0.9888349,1,1,unassigned,3.0,3.0,0.0,1.0,0.0,0.0,0.001934236,0.0,0,0,0,1,1
54642,-1,1,-0.814987,0.30682883,0,1,unassigned,18.0,18.0,0.0,1.0,0.0,0.0,0.030947777,0.0,1,0,0,0,0
54643,-1,1,6.250404,0.99807405,1,1,unassigned,2.0,2.0,0.0,1.0,0.0,0.0,0.0,0.0,1,0,0,1,1
54644,-1,1,-0.17436802,0.4565181,0,1,unassigned,11.0,11.0,0.0,1.0,0.0,0.0,0.017408123,0.0,1,0,0,0,0
54645,-1,1,-0.1297516,0.46760753,0,1,unassigned,13.0,13.0,0.0,1.0,0.0,0.0,0.021276595,0.0,1,0,0,0,0
54646,-1,1,-0.7665305,0.3172301,0,1,unassigned,3.0,3.0,0.0,1.0,0.0,0.0,0.001934236,0.0,1,0,0,0,0
54647,-1,0,-0.6023692,0.35380185,0,1,unassigned,4.0,4.0,0.0,1.0,0.0,0.0,0.003868472,0.0,0,0,0,0,0
54648,1,1,2.5718606,0.9290285,1,0,val,11.0,10.0,1.0,0.90909094,0.09090909,0.090909064,0.017408123,0.0015825568,1,0,1,1,1
54649,-1,1,-0.2990895,0.42578006,0,1,unassigned,2.0,2.0,0.0,1.0,0.0,0.0,0.0,0.0,1,0,0,0,0
54650,1,1,0.06489676,0.5162185,1,0,val,28.0,27.0,1.0,0.96428573,0.035714287,0.03571427,0.050290134,0.0017960763,1,0,1,1,0
54651,-1,0,2.676613,0.9356324,1,1,unassigned,3.0,3.0,0.0,1.0,0.0,0.0,0.001934236,0.0,0,0,0,1,1
54652,0,0,-0.7244971,0.32640347,0,0,unassigned,2.0,2.0,0.0,1.0,0.0,0.0,0.0,0.0,0,0,1,0,0
54653,-1,1,-0.74417305,0.32209226,0,1,unassigned,13.0,7.0,6.0,0.53846157,0.46153846,0.46153843,0.021276595,0.009819967,1,0,0,0,0
54654,-1,1,4.1636815,0.98468786,1,1,unassigned,11.0,11.0,0.0,1.0,0.0,0.0,0.017408123,0.0,1,0,0,1,1
54655,-1,0,1.8227408,0.86089474,1,1,unassigned,5.0,5.0,0.0,1.0,0.0,0.0,0.0058027077,0.0,0,0,0,1,0
54656,-1,0,2.3395464,0.9120998,1,1,unassigned,7.0,7.0,0.0,1.0,0.0,0.0,0.00967118,0.0,0,0,0,1,1
54657,-1,0,3.2496264,0.9626597,1,1,unassigned,10.0,10.0,0.0,1.0,0.0,0.0,0.015473888,0.0,0,0,0,1,1
54658,-1,0,-0.6407262,0.3450824,0,1,unassigned,3.0,3.0,0.0,1.0,0.0,0.0,0.001934236,0.0,0,0,0,0,0
54659,-1,0,0.050098836,0.5125221,1,1,unassigned,2.0,2.0,0.0,1.0,0.0,0.0,0.0,0.0,0,0,0,1,0
54660,-1,1,-0.5889785,0.35686928,0,1,unassigned,59.0,57.0,2.0,0.9661017,0.033898305,0.033898294,0.11025145,0.0037373372,1,0,0,0,0
54661,-1,0,5.296394,0.9950153,1,1,unassigned,10.0,9.0,1.0,0.9,0.1,0.100000024,0.015473888,0.0015473888,0,0,0,1,1
54662,-1,0,-0.0794757,0.48014152,0,1,unassigned,42.0,42.0,0.0,1.0,0.0,0.0,0.07736944,0.0,0,0,0,0,0
54663,-1,0,-0.20761248,0.44828248,0,1,unassigned,11.0,11.0,0.0,1.0,0.0,0.0,0.017408123,0.0,0,0,0,0,0
54664,-1,0,2.5943584,0.9304976,1,1,unassigned,9.0,8.0,1.0,0.8888889,0.11111111,0.111111104,0.013539651,0.0015044058,0,0,0,1,1
54665,-1,0,0.47657913,0.6169398,1,1,unassigned,3.0,3.0,0.0,1.0,0.0,0.0,0.001934236,0.0,0,0,0,1,0
54666,-1,1,0.8959139,0.71010906,1,1,unassigned,4.0,4.0,0.0,1.0,0.0,0.0,0.003868472,0.0,1,0,0,1,0
54667,-1,1,1.016079,0.7342081,1,1,unassigned,5.0,5.0,0.0,1.0,0.0,0.0,0.0058027077,0.0,1,0,0,1,0
54668,-1,0,0.06480199,0.5161948,1,1,unassigned,5.0,5.0,0.0,1.0,0.0,0.0,0.0058027077,0.0,0,0,0,1,0
54669,-1,1,5.5927515,0.996289,1,1,unassigned,2.0,1.0,1.0,0.5,0.5,0.5,0.0,0.0,1,0,0,1,1
54670,-1,1,0.9963444,0.7303392,1,1,unassigned,13.0,9.0,4.0,0.6923077,0.30769232,0.3076923,0.021276595,0.006546645,1,0,0,1,0
54671,-1,0,-0.16533667,0.45875973,0,1,unassigned,16.0,16.0,0.0,1.0,0.0,0.0,0.027079303,0.0,0,0,0,0,0
54672,-1,0,-0.8386408,0.3018211,0,1,unassigned,3.0,3.0,0.0,1.0,0.0,0.0,0.001934236,0.0,0,0,0,0,0
54673,-1,1,0.05591005,0.5139739,1,1,unassigned,4.0,4.0,0.0,1.0,0.0,0.0,0.003868472,0.0,1,0,0,1,0
54674,-1,1,2.3665316,0.9142393,1,1,unassigned,6.0,6.0,0.0,1.0,0.0,0.0,0.007736944,0.0,1,0,0,1,1
54675,-1,0,1.4539969,0.8106128,1,1,unassigned,4.0,2.0,2.0,0.5,0.5,0.5,0.003868472,0.001934236,0,0,0,1,0
54676,1,1,-0.29295048,0.4272817,0,1,test,41.0,40.0,1.0,0.9756098,0.024390243,0.02439022,0.07543521,0.001839883,1,0,0,0,0
54677,-1,0,-0.25137308,0.43748555,0,1,unassigned,69.0,67.0,2.0,0.9710145,0.028985508,0.0289855,0.1295938,0.0037563422,0,0,0,0,0
54678,-1,0,-0.30875644,0.4234183,0,1,unassigned,58.0,58.0,0.0,1.0,0.0,0.0,0.10831721,0.0,0,0,0,0,0
54679,-1,1,2.1409752,0.8948225,1,1,unassigned,24.0,22.0,2.0,0.9166667,0.083333336,0.08333331,0.04255319,0.0035460992,1,0,0,1,0
54680,-1,1,2.4814646,0.92283213,1,1,unassigned,49.0,33.0,16.0,0.67346936,0.3265306,0.32653064,0.09090909,0.029684601,1,0,0,1,1
54681,-1,1,-0.098735064,0.47533625,0,1,unassigned,3.0,3.0,0.0,1.0,0.0,0.0,0.001934236,0.0,1,0,0,0,0
54682,-1,0,1.6227508,0.8351742,1,1,unassigned,5.0,5.0,0.0,1.0,0.0,0.0,0.0058027077,0.0,0,0,0,1,0
54683,-1,0,-0.2636552,0.43446544,0,1,unassigned,3.0,3.0,0.0,1.0,0.0,0.0,0.001934236,0.0,0,0,0,0,0
54684,-1,0,0.11062783,0.5276288,1,1,unassigned,6.0,1.0,5.0,0.16666667,0.8333333,0.8333333,0.007736944,0.0064474535,0,0,0,1,0
54685,-1,1,-0.2640859,0.4343596,0,1,unassigned,2.0,2.0,0.0,1.0,0.0,0.0,0.0,0.0,1,0,0,0,0
54686,-1,0,3.0789397,0.95601565,1,1,unassigned,33.0,30.0,3.0,0.90909094,0.09090909,0.090909064,0.059961315,0.0054510287,0,0,0,1,1
54687,-1,0,0.022810042,0.50570226,1,1,unassigned,10.0,10.0,0.0,1.0,0.0,0.0,0.015473888,0.0,0,0,0,1,0
54688,-1,0,0.14596671,0.536427,1,1,unassigned,5.0,5.0,0.0,1.0,0.0,0.0,0.0058027077,0.0,0,0,0,1,0
54689,-1,0,8.249725,0.99973875,1,1,unassigned,2.0,1.0,1.0,0.5,0.5,0.5,0.0,0.0,0,0,0,1,1
54690,-1,0,2.711686,0.93771267,1,1,unassigned,11.0,11.0,0.0,1.0,0.0,0.0,0.017408123,0.0,0,0,0,1,1
54691,-1,0,-0.35155535,0.41300526,0,1,unassigned,21.0,19.0,2.0,0.9047619,0.0952381,0.09523809,0.036750484,0.0035000462,0,0,0,0,0
54692,-1,1,-0.49015903,0.37985608,0,1,unassigned,32.0,31.0,1.0,0.96875,0.03125,0.03125,0.058027077,0.0018133462,1,0,0,0,0
54693,-1,1,-0.5961939,0.35521495,0,1,unassigned,34.0,34.0,0.0,1.0,0.0,0.0,0.061895553,0.0,1,0,0,0,0
54694,-1,1,-0.9662508,0.27562842,0,1,unassigned,30.0,30.0,0.0,1.0,0.0,0.0,0.054158606,0.0,1,0,0,0,0
54695,-1,0,6.4312196,0.99839205,1,1,unassigned,5.0,5.0,0.0,1.0,0.0,0.0,0.0058027077,0.0,0,0,0,1,1
54696,-1,1,1.8790023,0.8674965,1,1,unassigned,5.0,4.0,1.0,0.8,0.2,0.19999999,0.0058027077,0.0011605415,1,0,0,1,0
54697,-1,1,1.9663446,0.87721795,1,1,unassigned,11.0,10.0,1.0,0.90909094,0.09090909,0.090909064,0.017408123,0.0015825568,1,0,0,1,0
54698,-1,0,16.21272,0.9999999,1,1,unassigned,7.0,5.0,2.0,0.71428573,0.2857143,0.28571427,0.00967118,0.0027631943,0,0,0,1,1
54699,-1,1,-0.13417089,0.46650755,0,1,unassigned,26.0,26.0,0.0,1.0,0.0,0.0,0.046421662,0.0,1,0,0,0,0
54700,-1,0,2.1217444,0.89299875,1,1,unassigned,2.0,1.0,1.0,0.5,0.5,0.5,0.0,0.0,0,0,0,1,0
54701,-1,0,-0.634026,0.3465982,0,1,unassigned,2.0,2.0,0.0,1.0,0.0,0.0,0.0,0.0,0,0,0,0,0
54702,-1,0,4.315439,0.9868154,1,1,unassigned,2.0,2.0,0.0,1.0,0.0,0.0,0.0,0.0,0,0,0,1,1
54703,-1,0,2.0122187,0.88207394,1,1,unassigned,2.0,1.0,1.0,0.5,0.5,0.5,0.0,0.0,0,0,0,1,0
54704,-1,0,-0.04117614,0.48970744,0,1,unassigned,16.0,16.0,0.0,1.0,0.0,0.0,0.027079303,0.0,0,0,0,0,0
54705,-1,0,3.175835,0.9599147,1,1,unassigned,14.0,14.0,0.0,1.0,0.0,0.0,0.023210831,0.0,0,0,0,1,1
54706,-1,0,-0.35013452,0.41334978,0,1,unassigned,61.0,61.0,0.0,1.0,0.0,0.0,0.114119925,0.0,0,0,0,0,0
54707,-1,1,1.7309287,0.8495312,1,1,unassigned,3.0,3.0,0.0,1.0,0.0,0.0,0.001934236,0.0,1,0,0,1,0
54708,-1,0,-0.2614339,0.4350113,0,1,unassigned,7.0,7.0,0.0,1.0,0.0,0.0,0.00967118,0.0,0,0,0,0,0
54709,-1,0,-0.3083374,0.4235206,0,1,unassigned,19.0,19.0,0.0,1.0,0.0,0.0,0.032882012,0.0,0,0,0,0,0
54710,0,0,0.6427651,0.6553782,1,1,val,8.0,8.0,0.0,1.0,0.0,0.0,0.0116054155,0.0,0,0,0,1,0
54711,-1,0,0.28873408,0.5716862,1,1,unassigned,3.0,3.0,0.0,1.0,0.0,0.0,0.001934236,0.0,0,0,0,1,0
54712,-1,0,0.69436735,0.6669377,1,1,unassigned,13.0,13.0,0.0,1.0,0.0,0.0,0.021276595,0.0,0,0,0,1,0
54713,-1,0,-0.27602017,0.43142974,0,1,unassigned,29.0,29.0,0.0,1.0,0.0,0.0,0.05222437,0.0,0,0,0,0,0
54714,-1,0,3.326306,0.9653203,1,1,unassigned,14.0,13.0,1.0,0.9285714,0.071428575,0.0714286,0.023210831,0.0016579166,0,0,0,1,1
54715,1,0,2.1060588,0.89149064,1,0,unassigned,4.0,3.0,1.0,0.75,0.25,0.25,0.003868472,0.000967118,0,0,1,1,0
54716,0,1,-0.8546406,0.2984603,0,0,train,2.0,2.0,0.0,1.0,0.0,0.0,0.0,0.0,1,0,1,0,0
54717,-1,1,0.14366716,0.5358551,1,1,unassigned,2.0,2.0,0.0,1.0,0.0,0.0,0.0,0.0,1,0,0,1,0
54718,-1,1,-0.5673199,0.36185548,0,1,unassigned,9.0,9.0,0.0,1.0,0.0,0.0,0.013539651,0.0,1,0,0,0,0
54719,-1,0,-0.72781074,0.32567534,0,1,unassigned,30.0,30.0,0.0,1.0,0.0,0.0,0.054158606,0.0,0,0,0,0,0
54720,-1,1,-0.877833,0.29362705,0,1,unassigned,73.0,72.0,1.0,0.98630136,0.01369863,0.0136986375,0.13733076,0.0018812432,1,0,0,0,0
54721,-1,0,3.8104298,0.9783408,1,1,unassigned,2.0,2.0,0.0,1.0,0.0,0.0,0.0,0.0,0,0,0,1,1
54722,-1,0,2.198825,0.9001439,1,1,unassigned,14.0,14.0,0.0,1.0,0.0,0.0,0.023210831,0.0,0,0,0,1,1
54723,-1,0,3.0911076,0.9565244,1,1,unassigned,6.0,6.0,0.0,1.0,0.0,0.0,0.007736944,0.0,0,0,0,1,1
54724,-1,1,-0.709588,0.32968986,0,1,unassigned,5.0,5.0,0.0,1.0,0.0,0.0,0.0058027077,0.0,1,0,0,0,0
54725,-1,0,-0.15604949,0.4610666,0,1,unassigned,2.0,2.0,0.0,1.0,0.0,0.0,0.0,0.0,0,0,0,0,0
54726,-1,0,1.2424939,0.7759978,1,1,unassigned,9.0,9.0,0.0,1.0,0.0,0.0,0.013539651,0.0,0,0,0,1,0
54727,-1,0,0.532059,0.6299632,1,1,unassigned,2.0,1.0,1.0,0.5,0.5,0.5,0.0,0.0,0,0,0,1,0
54728,-1,1,2.7004142,0.9370511,1,1,unassigned,7.0,7.0,0.0,1.0,0.0,0.0,0.00967118,0.0,1,0,0,1,1
54729,-1,1,-0.89349765,0.29038855,0,1,unassigned,27.0,27.0,0.0,1.0,0.0,0.0,0.0483559,0.0,1,0,0,0,0
54730,-1,1,1.9259307,0.8727983,1,1,unassigned,40.0,40.0,0.0,1.0,0.0,0.0,0.07350097,0.0,1,0,0,1,0
54731,-1,1,2.3558779,0.9134003,1,1,unassigned,2.0,2.0,0.0,1.0,0.0,0.0,0.0,0.0,1,0,0,1,1
54732,-1,0,-0.8002045,0.3099818,0,1,unassigned,10.0,10.0,0.0,1.0,0.0,0.0,0.015473888,0.0,0,0,0,0,0
54733,-1,1,2.9804301,0.95168215,1,1,unassigned,4.0,4.0,0.0,1.0,0.0,0.0,0.003868472,0.0,1,0,0,1,1
54734,-1,1,4.555918,0.98960435,1,1,unassigned,13.0,12.0,1.0,0.9230769,0.07692308,0.07692307,0.021276595,0.0016366612,1,0,0,1,1
54735,1,0,8.239885,0.99973613,1,0,unassigned,2.0,1.0,1.0,0.5,0.5,0.5,0.0,0.0,0,0,1,1,1
54736,1,0,6.5491085,0.9985707,1,0,unassigned,2.0,2.0,0.0,1.0,0.0,0.0,0.0,0.0,0,0,1,1,1
54737,-1,0,3.9567015,0.9812329,1,1,unassigned,3.0,3.0,0.0,1.0,0.0,0.0,0.001934236,0.0,0,0,0,1,1
54738,-1,0,6.554464,0.9985783,1,1,unassigned,2.0,2.0,0.0,1.0,0.0,0.0,0.0,0.0,0,0,0,1,1
54739,-1,0,-0.49757162,0.3781115,0,1,unassigned,2.0,2.0,0.0,1.0,0.0,0.0,0.0,0.0,0,0,0,0,0
54740,0,1,-0.631197,0.34723917,0,0,unassigned,79.0,77.0,2.0,0.9746835,0.025316456,0.025316477,0.14893617,0.003770536,1,0,1,0,0
54741,-1,1,-0.41270813,0.39826295,0,1,unassigned,6.0,6.0,0.0,1.0,0.0,0.0,0.007736944,0.0,1,0,0,0,0
54742,-1,0,-0.6551997,0.34181875,0,1,unassigned,7.0,7.0,0.0,1.0,0.0,0.0,0.00967118,0.0,0,0,0,0,0
54743,-1,0,10.801065,0.9999796,1,1,unassigned,2.0,2.0,0.0,1.0,0.0,0.0,0.0,0.0,0,0,0,1,1
54744,-1,0,1.4203472,0.80539286,1,1,unassigned,4.0,4.0,0.0,1.0,0.0,0.0,0.003868472,0.0,0,0,0,1,0
54745,-1,0,0.6018377,0.6460766,1,1,unassigned,17.0,17.0,0.0,1.0,0.0,0.0,0.029013539,0.0,0,0,0,1,0
54746,-1,0,6.0594435,0.99766976,1,1,unassigned,2.0,2.0,0.0,1.0,0.0,0.0,0.0,0.0,0,0,0,1,1
54747,-1,0,0.7772053,0.6850775,1,1,unassigned,6.0,5.0,1.0,0.8333333,0.16666667,0.16666669,0.007736944,0.0012894907,0,0,0,1,0
54748,-1,0,2.7049868,0.9373203,1,1,unassigned,4.0,4.0,0.0,1.0,0.0,0.0,0.003868472,0.0,0,0,0,1,1
54749,-1,0,-0.76838523,0.31682852,0,1,unassigned,2.0,2.0,0.0,1.0,0.0,0.0,0.0,0.0,0,0,0,0,0
54750,-1,0,-0.76838523,0.31682852,0,1,unassigned,2.0,2.0,0.0,1.0,0.0,0.0,0.0,0.0,0,0,0,0,0
54751,-1,0,-0.1966365,0.4509987,0,1,unassigned,26.0,20.0,6.0,0.7692308,0.23076923,0.23076922,0.046421662,0.010712692,0,0,0,0,0
54752,-1,1,-0.67994726,0.3362731,0,1,unassigned,13.0,12.0,1.0,0.9230769,0.07692308,0.07692307,0.021276595,0.0016366612,1,0,0,0,0
54753,-1,0,-0.14869693,0.4628941,0,1,unassigned,3.0,3.0,0.0,1.0,0.0,0.0,0.001934236,0.0,0,0,0,0,0
54754,-1,0,5.019638,0.99343646,1,1,unassigned,2.0,2.0,0.0,1.0,0.0,0.0,0.0,0.0,0,0,0,1,1
54755,0,0,-0.53921896,0.36836928,0,0,test,9.0,9.0,0.0,1.0,0.0,0.0,0.013539651,0.0,0,0,1,0,0
54756,-1,0,1.6143553,0.8340152,1,1,unassigned,2.0,2.0,0.0,1.0,0.0,0.0,0.0,0.0,0,0,0,1,0
54757,-1,0,3.870591,0.9795797,1,1,unassigned,4.0,3.0,1.0,0.75,0.25,0.25,0.003868472,0.000967118,0,0,0,1,1
54758,-1,0,4.4318557,0.98824733,1,1,unassigned,2.0,2.0,0.0,1.0,0.0,0.0,0.0,0.0,0,0,0,1,1
54759,-1,0,-0.5889194,0.35688284,0,1,unassigned,4.0,4.0,0.0,1.0,0.0,0.0,0.003868472,0.0,0,0,0,0,0
54760,-1,1,3.7139318,0.9761988,1,1,unassigned,6.0,5.0,1.0,0.8333333,0.16666667,0.16666669,0.007736944,0.0012894907,1,0,0,1,1
54761,-1,1,-0.13919657,0.4652569,0,1,unassigned,10.0,10.0,0.0,1.0,0.0,0.0,0.015473888,0.0,1,0,0,0,0
54762,-1,0,1.5687926,0.8276114,1,1,unassigned,12.0,11.0,1.0,0.9166667,0.083333336,0.08333331,0.01934236,0.0016118633,0,0,0,1,0
54763,-1,0,5.1477666,0.9942212,1,1,unassigned,10.0,10.0,0.0,1.0,0.0,0.0,0.015473888,0.0,0,0,0,1,1
54764,-1,0,-0.50801885,0.37565804,0,1,unassigned,11.0,11.0,0.0,1.0,0.0,0.0,0.017408123,0.0,0,0,0,0,0
54765,-1,0,-0.84022415,0.30148757,0,1,unassigned,21.0,17.0,4.0,0.8095238,0.1904762,0.19047618,0.036750484,0.0070000924,0,0,0,0,0
54766,-1,1,2.5155804,0.92522687,1,1,unassigned,4.0,4.0,0.0,1.0,0.0,0.0,0.003868472,0.0,1,0,0,1,1
54767,-1,1,-0.2835702,0.4295787,0,1,unassigned,144.0,144.0,0.0,1.0,0.0,0.0,0.2746615,0.0,1,0,0,0,0
54768,-1,1,0.27616876,0.5686067,1,1,unassigned,29.0,27.0,2.0,0.9310345,0.06896552,0.068965495,0.05222437,0.0036016807,1,0,0,1,0
54769,1,1,-0.2660695,0.43387228,0,1,unassigned,22.0,22.0,0.0,1.0,0.0,0.0,0.03868472,0.0,1,0,0,0,0
54770,-1,1,-0.41252238,0.39830744,0,1,unassigned,3.0,3.0,0.0,1.0,0.0,0.0,0.001934236,0.0,1,0,0,0,0
54771,-1,0,-0.6134238,0.35127857,0,1,unassigned,25.0,8.0,17.0,0.32,0.68,0.68,0.044487428,0.03025145,0,0,0,0,0
54772,-1,0,2.0548122,0.886433,1,1,unassigned,4.0,4.0,0.0,1.0,0.0,0.0,0.003868472,0.0,0,0,0,1,0
54773,-1,0,-0.26327112,0.43455976,0,1,unassigned,3.0,3.0,0.0,1.0,0.0,0.0,0.001934236,0.0,0,0,0,0,0
54774,-1,1,0.90183085,0.7113256,1,1,unassigned,11.0,11.0,0.0,1.0,0.0,0.0,0.017408123,0.0,1,0,0,1,0
54775,-1,1,-0.63734007,0.34584805,0,1,unassigned,44.0,43.0,1.0,0.97727275,0.022727273,0.022727251,0.08123791,0.0018463163,1,0,0,0,0
54776,-1,1,3.601661,0.97344595,1,1,unassigned,4.0,3.0,1.0,0.75,0.25,0.25,0.003868472,0.000967118,1,0,0,1,1
54777,-1,0,-0.30889064,0.42338553,0,1,unassigned,35.0,35.0,0.0,1.0,0.0,0.0,0.06382979,0.0,0,0,0,0,0
54778,-1,1,3.3893125,0.9673689,1,1,unassigned,14.0,14.0,0.0,1.0,0.0,0.0,0.023210831,0.0,1,0,0,1,1
54779,-1,1,0.48959738,0.62001157,1,1,unassigned,5.0,5.0,0.0,1.0,0.0,0.0,0.0058027077,0.0,1,0,0,1,0
54780,-1,0,-0.56174606,0.36314356,0,1,unassigned,31.0,31.0,0.0,1.0,0.0,0.0,0.056092843,0.0,0,0,0,0,0
54781,-1,0,6.8198886,0.99890935,1,1,unassigned,2.0,2.0,0.0,1.0,0.0,0.0,0.0,0.0,0,0,0,1,1
54782,1,0,-0.4635027,0.38615522,0,1,val,13.0,13.0,0.0,1.0,0.0,0.0,0.021276595,0.0,0,0,0,0,0
54783,-1,0,9.160753,0.99989486,1,1,unassigned,2.0,2.0,0.0,1.0,0.0,0.0,0.0,0.0,0,0,0,1,1
54784,-1,0,-0.8077578,0.3083685,0,1,unassigned,15.0,15.0,0.0,1.0,0.0,0.0,0.025145067,0.0,0,0,0,0,0
54785,-1,0,1.0609064,0.7428637,1,1,unassigned,11.0,10.0,1.0,0.90909094,0.09090909,0.090909064,0.017408123,0.0015825568,0,0,0,1,0
54786,-1,0,6.554464,0.9985783,1,1,unassigned,2.0,2.0,0.0,1.0,0.0,0.0,0.0,0.0,0,0,0,1,1
54787,-1,0,-0.5448169,0.36706775,0,1,unassigned,2.0,2.0,0.0,1.0,0.0,0.0,0.0,0.0,0,0,0,0,0
54788,-1,0,9.4855,0.99992406,1,1,unassigned,2.0,2.0,0.0,1.0,0.0,0.0,0.0,0.0,0,0,0,1,1
54789,-1,0,-0.53805107,0.3686411,0,1,unassigned,47.0,47.0,0.0,1.0,0.0,0.0,0.08704062,0.0,0,0,0,0,0
54790,-1,1,0.12209076,0.5304848,1,1,unassigned,2.0,2.0,0.0,1.0,0.0,0.0,0.0,0.0,1,0,0,1,0
54791,-1,0,6.554464,0.9985783,1,1,unassigned,2.0,2.0,0.0,1.0,0.0,0.0,0.0,0.0,0,0,0,1,1
54792,1,1,-0.42791724,0.3946238,0,1,val,3.0,1.0,2.0,0.33333334,0.6666667,0.6666666,0.001934236,0.0012894907,1,0,0,0,0
54793,-1,0,2.2464836,0.9043468,1,1,unassigned,14.0,14.0,0.0,1.0,0.0,0.0,0.023210831,0.0,0,0,0,1,1
54794,-1,0,-0.31863964,0.42100734,0,1,unassigned,8.0,7.0,1.0,0.875,0.125,0.125,0.0116054155,0.0014506769,0,0,0,0,0
54795,-1,0,3.8068783,0.97826546,1,1,unassigned,4.0,4.0,0.0,1.0,0.0,0.0,0.003868472,0.0,0,0,0,1,1
54796,-1,0,6.249076,0.9980715,1,1,unassigned,2.0,2.0,0.0,1.0,0.0,0.0,0.0,0.0,0,0,0,1,1
54797,-1,0,7.0707626,0.9991511,1,1,unassigned,2.0,2.0,0.0,1.0,0.0,0.0,0.0,0.0,0,0,0,1,1
54798,-1,1,1.4406383,0.80855346,1,1,unassigned,3.0,3.0,0.0,1.0,0.0,0.0,0.001934236,0.0,1,0,0,1,0
54799,-1,1,0.027478635,0.5068692,1,1,unassigned,3.0,3.0,0.0,1.0,0.0,0.0,0.001934236,0.0,1,0,0,1,0
54800,-1,0,0.53034526,0.6295636,1,1,unassigned,2.0,2.0,0.0,1.0,0.0,0.0,0.0,0.0,0,0,0,1,0
54801,-1,0,-0.076300025,0.48093423,0,1,unassigned,5.0,5.0,0.0,1.0,0.0,0.0,0.0058027077,0.0,0,0,0,0,0
54802,-1,1,4.340035,0.9871317,1,1,unassigned,2.0,1.0,1.0,0.5,0.5,0.5,0.0,0.0,1,0,0,1,1
54803,-1,0,1.7070587,0.8464543,1,1,unassigned,4.0,4.0,0.0,1.0,0.0,0.0,0.003868472,0.0,0,0,0,1,0
54804,-1,0,-0.21204501,0.4471865,0,1,unassigned,10.0,10.0,0.0,1.0,0.0,0.0,0.015473888,0.0,0,0,0,0,0
54805,-1,0,6.4160275,0.9983675,1,1,unassigned,2.0,2.0,0.0,1.0,0.0,0.0,0.0,0.0,0,0,0,1,1
54806,-1,1,1.298022,0.7855019,1,1,unassigned,2.0,2.0,0.0,1.0,0.0,0.0,0.0,0.0,1,0,0,1,0
54807,-1,0,-0.3739351,0.4075905,0,1,unassigned,22.0,22.0,0.0,1.0,0.0,0.0,0.03868472,0.0,0,0,0,0,0
54808,-1,1,-0.23666489,0.4411084,0,1,unassigned,6.0,6.0,0.0,1.0,0.0,0.0,0.007736944,0.0,1,0,0,0,0
54809,-1,0,3.2952845,0.96426666,1,1,unassigned,2.0,2.0,0.0,1.0,0.0,0.0,0.0,0.0,0,0,0,1,1
54810,-1,0,0.021017373,0.50525415,1,1,unassigned,3.0,3.0,0.0,1.0,0.0,0.0,0.001934236,0.0,0,0,0,1,0
54811,-1,0,-0.65888816,0.3409894,0,1,unassigned,16.0,16.0,0.0,1.0,0.0,0.0,0.027079303,0.0,0,0,0,0,0
54812,-1,0,3.0343826,0.9541034,1,1,unassigned,4.0,4.0,0.0,1.0,0.0,0.0,0.003868472,0.0,0,0,0,1,1
54813,-1,1,2.780587,0.9416177,1,1,unassigned,7.0,6.0,1.0,0.85714287,0.14285715,0.14285713,0.00967118,0.0013815971,1,0,0,1,1
54814,-1,0,0.41000777,0.6010898,1,1,unassigned,3.0,3.0,0.0,1.0,0.0,0.0,0.001934236,0.0,0,0,0,1,0
54815,-1,0,-0.60303056,0.35365066,0,1,unassigned,4.0,4.0,0.0,1.0,0.0,0.0,0.003868472,0.0,0,0,0,0,0
54816,-1,0,-0.0068461895,0.49828842,0,1,unassigned,8.0,8.0,0.0,1.0,0.0,0.0,0.0116054155,0.0,0,0,0,0,0
54817,-1,0,1.7853277,0.85635346,1,1,unassigned,4.0,4.0,0.0,1.0,0.0,0.0,0.003868472,0.0,0,0,0,1,0
54818,-1,1,2.955676,0.95053107,1,1,unassigned,5.0,5.0,0.0,1.0,0.0,0.0,0.0058027077,0.0,1,0,0,1,1
54819,-1,0,-0.8667696,0.2959269,0,1,unassigned,3.0,3.0,0.0,1.0,0.0,0.0,0.001934236,0.0,0,0,0,0,0
54820,-1,1,-0.8731094,0.2946077,0,1,unassigned,36.0,36.0,0.0,1.0,0.0,0.0,0.065764025,0.0,1,0,0,0,0
54821,-1,1,-0.6224581,0.34922263,0,1,unassigned,3.0,3.0,0.0,1.0,0.0,0.0,0.001934236,0.0,1,0,0,0,0
54822,-1,0,4.1603827,0.98463804,1,1,unassigned,4.0,4.0,0.0,1.0,0.0,0.0,0.003868472,0.0,0,0,0,1,1
54823,-1,1,2.752781,0.94007015,1,1,unassigned,7.0,6.0,1.0,0.85714287,0.14285715,0.14285713,0.00967118,0.0013815971,1,0,0,1,1
54824,-1,1,-0.5752307,0.36003074,0,1,unassigned,2.0,2.0,0.0,1.0,0.0,0.0,0.0,0.0,1,0,0,0,0
54825,1,0,-0.23575994,0.44133154,0,1,test,2.0,2.0,0.0,1.0,0.0,0.0,0.0,0.0,0,0,0,0,0
54826,-1,0,3.9194005,0.9805335,1,1,unassigned,5.0,5.0,0.0,1.0,0.0,0.0,0.0058027077,0.0,0,0,0,1,1
54827,-1,0,0.836618,0.6977524,1,1,unassigned,2.0,1.0,1.0,0.5,0.5,0.5,0.0,0.0,0,0,0,1,0
54828,-1,1,-0.43170977,0.39371812,0,1,unassigned,3.0,3.0,0.0,1.0,0.0,0.0,0.001934236,0.0,1,0,0,0,0
54829,-1,1,4.179608,0.9849261,1,1,unassigned,2.0,2.0,0.0,1.0,0.0,0.0,0.0,0.0,1,0,0,1,1
54830,0,0,-0.28170937,0.43003476,0,0,val,14.0,14.0,0.0,1.0,0.0,0.0,0.023210831,0.0,0,0,1,0,0
54831,-1,0,8.023439,0.9996724,1,1,unassigned,3.0,2.0,1.0,0.6666667,0.33333334,0.3333333,0.001934236,0.00064474536,0,0,0,1,1
54832,-1,1,-0.6858817,0.33494985,0,1,unassigned,59.0,54.0,5.0,0.91525424,0.084745765,0.084745765,0.11025145,0.009343344,1,0,0,0,0
54833,-1,0,-0.0013071299,0.49967322,0,1,unassigned,9.0,9.0,0.0,1.0,0.0,0.0,0.013539651,0.0,0,0,0,0,0
54834,-1,0,-0.6582014,0.34114376,0,1,unassigned,28.0,28.0,0.0,1.0,0.0,0.0,0.050290134,0.0,0,0,0,0,0
54835,-1,0,-0.6035629,0.35352898,0,1,unassigned,35.0,35.0,0.0,1.0,0.0,0.0,0.06382979,0.0,0,0,0,0,0
54836,-1,0,-0.8741884,0.29438353,0,1,unassigned,8.0,8.0,0.0,1.0,0.0,0.0,0.0116054155,0.0,0,0,0,0,0
54837,-1,1,2.4738653,0.92228925,1,1,unassigned,13.0,12.0,1.0,0.9230769,0.07692308,0.07692307,0.021276595,0.0016366612,1,0,0,1,1
54838,-1,0,-0.1435247,0.46418026,0,1,unassigned,22.0,22.0,0.0,1.0,0.0,0.0,0.03868472,0.0,0,0,0,0,0
54839,-1,0,3.4290407,0.9685999,1,1,unassigned,3.0,3.0,0.0,1.0,0.0,0.0,0.001934236,0.0,0,0,0,1,1
54840,-1,0,3.4725893,0.9698977,1,1,unassigned,19.0,19.0,0.0,1.0,0.0,0.0,0.032882012,0.0,0,0,0,1,1
54841,-1,1,3.0910218,0.9565209,1,1,unassigned,2.0,2.0,0.0,1.0,0.0,0.0,0.0,0.0,1,0,0,1,1
54842,-1,0,0.23196131,0.5577317,1,1,unassigned,3.0,2.0,1.0,0.6666667,0.33333334,0.3333333,0.001934236,0.00064474536,0,0,0,1,0
54843,-1,0,1.6970654,0.84515107,1,1,unassigned,4.0,4.0,0.0,1.0,0.0,0.0,0.003868472,0.0,0,0,0,1,0
54844,-1,1,0.038271844,0.5095668,1,1,unassigned,8.0,7.0,1.0,0.875,0.125,0.125,0.0116054155,0.0014506769,1,0,0,1,0
54845,-1,0,0.60005957,0.6456699,1,1,unassigned,21.0,21.0,0.0,1.0,0.0,0.0,0.036750484,0.0,0,0,0,1,0
54846,1,0,1.2556405,0.7782748,1,0,unassigned,37.0,36.0,1.0,0.972973,0.027027028,0.02702701,0.06769826,0.0018296828,0,0,1,1,0
54847,-1,0,0.2780031,0.56905663,1,1,unassigned,25.0,25.0,0.0,1.0,0.0,0.0,0.044487428,0.0,0,0,0,1,0
54848,-1,0,-0.376205,0.40704256,0,1,unassigned,10.0,10.0,0.0,1.0,0.0,0.0,0.015473888,0.0,0,0,0,0,0
54849,-1,1,4.467938,0.9886592,1,1,unassigned,7.0,6.0,1.0,0.85714287,0.14285715,0.14285713,0.00967118,0.0013815971,1,0,0,1,1
54850,1,0,2.3775947,0.9151028,1,0,unassigned,4.0,2.0,2.0,0.5,0.5,0.5,0.003868472,0.001934236,0,0,1,1,1
54851,-1,1,0.434393,0.6069222,1,1,unassigned,31.0,31.0,0.0,1.0,0.0,0.0,0.056092843,0.0,1,0,0,1,0
54852,-1,1,-0.7542334,0.31989953,0,1,unassigned,30.0,29.0,1.0,0.96666664,0.033333335,0.03333336,0.054158606,0.001805287,1,0,0,0,0
54853,-1,0,5.5769744,0.9962303,1,1,unassigned,4.0,4.0,0.0,1.0,0.0,0.0,0.003868472,0.0,0,0,0,1,1
54854,1,0,-0.467601,0.3851842,0,1,train,4.0,3.0,1.0,0.75,0.25,0.25,0.003868472,0.000967118,0,0,0,0,0
54855,-1,0,3.2622693,0.9631115,1,1,unassigned,2.0,1.0,1.0,0.5,0.5,0.5,0.0,0.0,0,0,0,1,1
54856,0,1,-0.6124341,0.35150415,0,0,unassigned,30.0,30.0,0.0,1.0,0.0,0.0,0.054158606,0.0,1,0,1,0,0
54857,-1,1,6.8427567,0.998934,1,1,unassigned,2.0,2.0,0.0,1.0,0.0,0.0,0.0,0.0,1,0,0,1,1
54858,-1,1,-0.75181544,0.32042584,0,1,unassigned,2.0,2.0,0.0,1.0,0.0,0.0,0.0,0.0,1,0,0,0,0
54859,-1,1,1.6530764,0.8393064,1,1,unassigned,7.0,7.0,0.0,1.0,0.0,0.0,0.00967118,0.0,1,0,0,1,0
54860,-1,1,-0.23538458,0.44142404,0,1,unassigned,9.0,9.0,0.0,1.0,0.0,0.0,0.013539651,0.0,1,0,0,0,0
54861,-1,1,5.3494973,0.995272,1,1,unassigned,32.0,31.0,1.0,0.96875,0.03125,0.03125,0.058027077,0.0018133462,1,0,0,1,1
54862,-1,0,0.6190143,0.6499944,1,1,unassigned,2.0,2.0,0.0,1.0,0.0,0.0,0.0,0.0,0,0,0,1,0
54863,-1,1,1.1066413,0.7515024,1,1,unassigned,10.0,10.0,0.0,1.0,0.0,0.0,0.015473888,0.0,1,0,0,1,0
54864,-1,0,0.059829533,0.5149529,1,1,unassigned,42.0,40.0,2.0,0.95238096,0.04761905,0.047619045,0.07736944,0.003684259,0,0,0,1,0
54865,-1,1,-0.23078468,0.44255856,0,1,unassigned,4.0,4.0,0.0,1.0,0.0,0.0,0.003868472,0.0,1,0,0,0,0
54866,-1,0,3.9976346,0.9819719,1,1,unassigned,2.0,2.0,0.0,1.0,0.0,0.0,0.0,0.0,0,0,0,1,1
54867,-1,0,2.3503232,0.91295993,1,1,unassigned,7.0,7.0,0.0,1.0,0.0,0.0,0.00967118,0.0,0,0,0,1,1
54868,-1,1,2.084139,0.88935196,1,1,unassigned,12.0,12.0,0.0,1.0,0.0,0.0,0.01934236,0.0,1,0,0,1,0
54869,-1,0,3.8831284,0.9798289,1,1,unassigned,6.0,2.0,4.0,0.33333334,0.6666667,0.6666666,0.007736944,0.005157963,0,0,0,1,1
54870,-1,1,1.4777818,0.8142373,1,1,unassigned,2.0,2.0,0.0,1.0,0.0,0.0,0.0,0.0,1,0,0,1,0
54871,-1,1,-0.62833464,0.34788823,0,1,unassigned,26.0,25.0,1.0,0.96153843,0.03846154,0.038461566,0.046421662,0.0017854486,1,0,0,0,0
54872,-1,1,4.696946,0.9909594,1,1,unassigned,5.0,3.0,2.0,0.6,0.4,0.39999998,0.0058027077,0.002321083,1,0,0,1,1
54873,-1,1,2.451265,0.9206539,1,1,unassigned,2.0,2.0,0.0,1.0,0.0,0.0,0.0,0.0,1,0,0,1,1
54874,-1,1,1.4716647,0.81331027,1,1,unassigned,2.0,2.0,0.0,1.0,0.0,0.0,0.0,0.0,1,0,0,1,0
54875,-1,1,0.11110002,0.52774644,1,1,unassigned,5.0,5.0,0.0,1.0,0.0,0.0,0.0058027077,0.0,1,0,0,1,0
54876,0,1,-0.4608714,0.38677913,0,0,test,19.0,19.0,0.0,1.0,0.0,0.0,0.032882012,0.0,1,0,1,0,0
54877,-1,0,-0.16109294,0.45981362,0,1,unassigned,38.0,37.0,1.0,0.9736842,0.02631579,0.026315808,0.06963249,0.0018324341,0,0,0,0,0
54878,-1,0,1.9996862,0.8807641,1,1,unassigned,3.0,3.0,0.0,1.0,0.0,0.0,0.001934236,0.0,0,0,0,1,0
54879,-1,0,-0.28162017,0.43005663,0,1,unassigned,7.0,7.0,0.0,1.0,0.0,0.0,0.00967118,0.0,0,0,0,0,0
54880,-1,0,-0.12236282,0.4694474,0,1,unassigned,25.0,23.0,2.0,0.92,0.08,0.07999998,0.044487428,0.003558994,0,0,0,0,0
54881,-1,0,1.5746467,0.828445,1,1,unassigned,9.0,9.0,0.0,1.0,0.0,0.0,0.013539651,0.0,0,0,0,1,0
54882,-1,1,-0.09572253,0.47608763,0,1,unassigned,2.0,2.0,0.0,1.0,0.0,0.0,0.0,0.0,1,0,0,0,0
54883,-1,0,3.4179091,0.9682596,1,1,unassigned,2.0,2.0,0.0,1.0,0.0,0.0,0.0,0.0,0,0,0,1,1
54884,-1,1,2.0171382,0.88258475,1,1,unassigned,9.0,8.0,1.0,0.8888889,0.11111111,0.111111104,0.013539651,0.0015044058,1,0,0,1,0
54885,-1,0,-0.4821734,0.38173902,0,1,unassigned,30.0,30.0,0.0,1.0,0.0,0.0,0.054158606,0.0,0,0,0,0,0
54886,-1,0,5.3545985,0.9952958,1,1,unassigned,3.0,1.0,2.0,0.33333334,0.6666667,0.6666666,0.001934236,0.0012894907,0,0,0,1,1
54887,-1,0,1.0491955,0.7406204,1,1,unassigned,2.0,1.0,1.0,0.5,0.5,0.5,0.0,0.0,0,0,0,1,0
54888,-1,1,-0.5378743,0.36868224,0,1,unassigned,27.0,26.0,1.0,0.962963,0.037037037,0.037037015,0.0483559,0.0017909593,1,0,0,0,0
54889,-1,0,2.3045132,0.90925014,1,1,unassigned,28.0,28.0,0.0,1.0,0.0,0.0,0.050290134,0.0,0,0,0,1,1
54890,1,0,-0.13797367,0.46556118,0,1,test,11.0,11.0,0.0,1.0,0.0,0.0,0.017408123,0.0,0,0,0,0,0
54891,-1,1,3.2090871,0.9611748,1,1,unassigned,6.0,4.0,2.0,0.6666667,0.33333334,0.3333333,0.007736944,0.0025789815,1,0,0,1,1
54892,-1,0,-0.03365916,0.49158597,0,1,unassigned,22.0,19.0,3.0,0.8636364,0.13636364,0.13636363,0.03868472,0.005275189,0,0,0,0,0
54893,-1,1,-0.804346,0.30909663,0,1,unassigned,44.0,42.0,2.0,0.95454544,0.045454547,0.04545456,0.08123791,0.0036926325,1,0,0,0,0
54894,-1,0,0.9990172,0.7308653,1,1,unassigned,4.0,4.0,0.0,1.0,0.0,0.0,0.003868472,0.0,0,0,0,1,0
54895,-1,1,1.1533198,0.7601168,1,1,unassigned,2.0,2.0,0.0,1.0,0.0,0.0,0.0,0.0,1,0,0,1,0
54896,-1,1,-0.034882426,0.4912803,0,1,unassigned,2.0,1.0,1.0,0.5,0.5,0.5,0.0,0.0,1,0,0,0,0
54897,-1,0,4.3993,0.9878632,1,1,unassigned,3.0,3.0,0.0,1.0,0.0,0.0,0.001934236,0.0,0,0,0,1,1
54898,-1,1,2.8888123,0.9472906,1,1,unassigned,18.0,18.0,0.0,1.0,0.0,0.0,0.030947777,0.0,1,0,0,1,1
54899,-1,0,0.9477498,0.7206624,1,1,unassigned,2.0,2.0,0.0,1.0,0.0,0.0,0.0,0.0,0,0,0,1,0
54900,-1,1,-0.8318683,0.30325016,0,1,unassigned,10.0,10.0,0.0,1.0,0.0,0.0,0.015473888,0.0,1,0,0,0,0
54901,-1,0,0.1598804,0.53988516,1,1,unassigned,2.0,2.0,0.0,1.0,0.0,0.0,0.0,0.0,0,0,0,1,0
54902,-1,0,4.714125,0.99111193,1,1,unassigned,2.0,2.0,0.0,1.0,0.0,0.0,0.0,0.0,0,0,0,1,1
54903,-1,1,0.65735155,0.65866524,1,1,unassigned,4.0,4.0,0.0,1.0,0.0,0.0,0.003868472,0.0,1,0,0,1,0
54904,-1,0,6.9938855,0.9990834,1,1,unassigned,2.0,2.0,0.0,1.0,0.0,0.0,0.0,0.0,0,0,0,1,1
54905,0,1,-0.8993412,0.2891859,0,0,test,2.0,1.0,1.0,0.5,0.5,0.5,0.0,0.0,1,0,1,0,0
54906,-1,0,0.8698419,0.7047128,1,1,unassigned,19.0,19.0,0.0,1.0,0.0,0.0,0.032882012,0.0,0,0,0,1,0
54907,-1,0,4.7414823,0.9913498,1,1,unassigned,3.0,3.0,0.0,1.0,0.0,0.0,0.001934236,0.0,0,0,0,1,1
54908,-1,1,6.4998503,0.99849856,1,1,unassigned,2.0,2.0,0.0,1.0,0.0,0.0,0.0,0.0,1,0,0,1,1
54909,-1,0,0.080233335,0.5200476,1,1,unassigned,2.0,2.0,0.0,1.0,0.0,0.0,0.0,0.0,0,0,0,1,0
54910,-1,0,4.5020604,0.9890354,1,1,unassigned,2.0,2.0,0.0,1.0,0.0,0.0,0.0,0.0,0,0,0,1,1
54911,-1,0,7.7327733,0.99956197,1,1,unassigned,2.0,2.0,0.0,1.0,0.0,0.0,0.0,0.0,0,0,0,1,1
54912,-1,1,6.9994626,0.9990884,1,1,unassigned,6.0,6.0,0.0,1.0,0.0,0.0,0.007736944,0.0,1,0,0,1,1
54913,-1,0,0.5051314,0.6236645,1,1,unassigned,2.0,2.0,0.0,1.0,0.0,0.0,0.0,0.0,0,0,0,1,0
54914,-1,0,-0.22329941,0.44440597,0,1,unassigned,3.0,3.0,0.0,1.0,0.0,0.0,0.001934236,0.0,0,0,0,0,0
54915,1,0,1.046818,0.7401634,1,0,val,7.0,7.0,0.0,1.0,0.0,0.0,0.00967118,0.0,0,0,1,1,0
54916,-1,1,-0.4101639,0.39887282,0,1,unassigned,3.0,2.0,1.0,0.6666667,0.33333334,0.3333333,0.001934236,0.00064474536,1,0,0,0,0
54917,0,1,-0.34719396,0.41406307,0,0,unassigned,40.0,40.0,0.0,1.0,0.0,0.0,0.07350097,0.0,1,0,1,0,0
54918,-1,0,-0.42534566,0.3952383,0,1,unassigned,2.0,2.0,0.0,1.0,0.0,0.0,0.0,0.0,0,0,0,0,0
54919,-1,0,-0.9403062,0.2808385,0,1,unassigned,2.0,2.0,0.0,1.0,0.0,0.0,0.0,0.0,0,0,0,0,0
54920,-1,0,2.843349,0.9449739,1,1,unassigned,13.0,13.0,0.0,1.0,0.0,0.0,0.021276595,0.0,0,0,0,1,1
54921,-1,0,0.36844236,0.5910826,1,1,unassigned,3.0,3.0,0.0,1.0,0.0,0.0,0.001934236,0.0,0,0,0,1,0
54922,-1,0,0.03827697,0.5095681,1,1,unassigned,15.0,12.0,3.0,0.8,0.2,0.19999999,0.025145067,0.0050290134,0,0,0,1,0
54923,-1,0,6.922541,0.9990157,1,1,unassigned,9.0,7.0,2.0,0.7777778,0.22222222,0.22222221,0.013539651,0.0030088115,0,0,0,1,1
54924,1,0,4.1544023,0.9845473,1,0,unassigned,5.0,5.0,0.0,1.0,0.0,0.0,0.0058027077,0.0,0,0,1,1,1
54925,1,0,5.0803394,0.9938206,1,0,unassigned,32.0,26.0,6.0,0.8125,0.1875,0.1875,0.058027077,0.010880077,0,0,1,1,1
54926,-1,1,0.303698,0.5753463,1,1,unassigned,4.0,3.0,1.0,0.75,0.25,0.25,0.003868472,0.000967118,1,0,0,1,0
54927,0,1,1.1217637,0.75431573,1,1,unassigned,13.0,12.0,1.0,0.9230769,0.07692308,0.07692307,0.021276595,0.0016366612,1,0,0,1,0
54928,-1,1,10.344542,0.9999678,1,1,unassigned,2.0,2.0,0.0,1.0,0.0,0.0,0.0,0.0,1,0,0,1,1
54929,1,1,1.462548,0.811922,1,0,unassigned,6.0,5.0,1.0,0.8333333,0.16666667,0.16666669,0.007736944,0.0012894907,1,0,1,1,0
54930,-1,0,-0.9790113,0.273088,0,1,unassigned,3.0,3.0,0.0,1.0,0.0,0.0,0.001934236,0.0,0,0,0,0,0
54931,-1,1,0.6045149,0.6466886,1,1,unassigned,10.0,9.0,1.0,0.9,0.1,0.100000024,0.015473888,0.0015473888,1,0,0,1,0
54932,-1,1,-0.93809986,0.2812843,0,1,unassigned,33.0,33.0,0.0,1.0,0.0,0.0,0.059961315,0.0,1,0,0,0,0
54933,-1,1,0.112400234,0.5280705,1,1,unassigned,4.0,2.0,2.0,0.5,0.5,0.5,0.003868472,0.001934236,1,0,0,1,0
54934,-1,0,0.03308904,0.5082715,1,1,unassigned,7.0,7.0,0.0,1.0,0.0,0.0,0.00967118,0.0,0,0,0,1,0
54935,1,1,1.7168853,0.8477272,1,0,unassigned,3.0,3.0,0.0,1.0,0.0,0.0,0.001934236,0.0,1,0,1,1,0
54936,-1,1,4.8544097,0.99226636,1,1,unassigned,10.0,9.0,1.0,0.9,0.1,0.100000024,0.015473888,0.0015473888,1,0,0,1,1
54937,-1,1,-0.6811371,0.3360076,0,1,unassigned,5.0,4.0,1.0,0.8,0.2,0.19999999,0.0058027077,0.0011605415,1,0,0,0,0
54938,-1,1,1.0639288,0.7434406,1,1,unassigned,19.0,17.0,2.0,0.8947368,0.10526316,0.10526317,0.032882012,0.0034612645,1,0,0,1,0
54939,-1,0,5.123964,0.99408287,1,1,unassigned,3.0,2.0,1.0,0.6666667,0.33333334,0.3333333,0.001934236,0.00064474536,0,0,0,1,1
54940,-1,0,3.569423,0.9725998,1,1,unassigned,9.0,9.0,0.0,1.0,0.0,0.0,0.013539651,0.0,0,0,0,1,1
54941,-1,0,1.4151182,0.8045719,1,1,unassigned,2.0,2.0,0.0,1.0,0.0,0.0,0.0,0.0,0,0,0,1,0
54942,1,1,0.095846474,0.5239433,1,0,unassigned,11.0,10.0,1.0,0.90909094,0.09090909,0.090909064,0.017408123,0.0015825568,1,0,1,1,0
54943,-1,0,7.2044444,0.99925727,1,1,unassigned,7.0,7.0,0.0,1.0,0.0,0.0,0.00967118,0.0,0,0,0,1,1
54944,-1,0,5.921001,0.9973246,1,1,unassigned,12.0,8.0,4.0,0.6666667,0.33333334,0.3333333,0.01934236,0.006447453,0,0,0,1,1
54945,-1,0,3.953429,0.9811725,1,1,unassigned,18.0,18.0,0.0,1.0,0.0,0.0,0.030947777,0.0,0,0,0,1,1
54946,-1,0,7.869844,0.99961805,1,1,unassigned,2.0,2.0,0.0,1.0,0.0,0.0,0.0,0.0,0,0,0,1,1
54947,-1,0,-0.46337473,0.38618553,0,1,unassigned,26.0,26.0,0.0,1.0,0.0,0.0,0.046421662,0.0,0,0,0,0,0
54948,-1,1,-0.5407704,0.36800838,0,1,unassigned,20.0,20.0,0.0,1.0,0.0,0.0,0.034816246,0.0,1,0,0,0,0
54949,0,0,-0.43794492,0.39223078,0,0,val,30.0,28.0,2.0,0.93333334,0.06666667,0.06666666,0.054158606,0.003610574,0,0,1,0,0
54950,-1,0,-0.58865917,0.35694256,0,1,unassigned,34.0,33.0,1.0,0.9705882,0.029411765,0.029411793,0.061895553,0.0018204574,0,0,0,0,0
54951,-1,1,3.1114883,0.9573641,1,1,unassigned,10.0,8.0,2.0,0.8,0.2,0.19999999,0.015473888,0.0030947777,1,0,0,1,1
54952,-1,0,4.796739,0.9918109,1,1,unassigned,2.0,2.0,0.0,1.0,0.0,0.0,0.0,0.0,0,0,0,1,1
54953,-1,0,2.5110862,0.9249154,1,1,unassigned,26.0,26.0,0.0,1.0,0.0,0.0,0.046421662,0.0,0,0,0,1,1
54954,-1,1,2.1094558,0.8918189,1,1,unassigned,3.0,3.0,0.0,1.0,0.0,0.0,0.001934236,0.0,1,0,0,1,0
54955,-1,0,4.958738,0.99302715,1,1,unassigned,4.0,4.0,0.0,1.0,0.0,0.0,0.003868472,0.0,0,0,0,1,1
54956,-1,1,-0.87114483,0.29501617,0,1,unassigned,187.0,183.0,4.0,0.9786096,0.021390375,0.021390378,0.35783365,0.007654196,1,0,0,0,0
54957,-1,1,-0.11930221,0.47020978,0,1,unassigned,29.0,29.0,0.0,1.0,0.0,0.0,0.05222437,0.0,1,0,0,0,0
54958,0,1,-0.4427822,0.3910782,0,0,val,20.0,20.0,0.0,1.0,0.0,0.0,0.034816246,0.0,1,0,1,0,0
54959,-1,0,2.2002313,0.9002703,1,1,unassigned,7.0,7.0,0.0,1.0,0.0,0.0,0.00967118,0.0,0,0,0,1,1
54960,-1,1,0.8926925,0.7094455,1,1,unassigned,16.0,14.0,2.0,0.875,0.125,0.125,0.027079303,0.0033849129,1,0,0,1,0
54961,1,0,21.295897,1.0,1,0,train,2.0,1.0,1.0,0.5,0.5,0.5,0.0,0.0,0,0,1,1,1
54962,-1,1,0.08287257,0.5207063,1,1,unassigned,4.0,4.0,0.0,1.0,0.0,0.0,0.003868472,0.0,1,0,0,1,0
54963,-1,1,1.8327401,0.86208785,1,1,unassigned,7.0,7.0,0.0,1.0,0.0,0.0,0.00967118,0.0,1,0,0,1,0
54964,-1,1,-0.7913024,0.31188908,0,1,unassigned,46.0,45.0,1.0,0.9782609,0.02173913,0.021739125,0.08510638,0.0018501388,1,0,0,0,0
54965,-1,1,-0.6549516,0.34187457,0,1,unassigned,84.0,82.0,2.0,0.97619045,0.023809524,0.023809552,0.15860735,0.0037763654,1,0,0,0,0
54966,-1,1,2.514992,0.9251861,1,1,unassigned,11.0,9.0,2.0,0.8181818,0.18181819,0.18181819,0.017408123,0.0031651135,1,0,0,1,1
54967,-1,0,-0.738384,0.3233576,0,1,unassigned,11.0,11.0,0.0,1.0,0.0,0.0,0.017408123,0.0,0,0,0,0,0
54968,-1,0,3.5207322,0.971272,1,1,unassigned,13.0,12.0,1.0,0.9230769,0.07692308,0.07692307,0.021276595,0.0016366612,0,0,0,1,1
54969,-1,0,5.1779304,0.994392,1,1,unassigned,4.0,2.0,2.0,0.5,0.5,0.5,0.003868472,0.001934236,0,0,0,1,1
54970,-1,0,2.2470467,0.90439546,1,1,unassigned,2.0,2.0,0.0,1.0,0.0,0.0,0.0,0.0,0,0,0,1,1
54971,-1,1,3.4666512,0.9697239,1,1,unassigned,7.0,6.0,1.0,0.85714287,0.14285715,0.14285713,0.00967118,0.0013815971,1,0,0,1,1
54972,-1,1,1.5994303,0.83193874,1,1,unassigned,8.0,7.0,1.0,0.875,0.125,0.125,0.0116054155,0.0014506769,1,0,0,1,0
54973,-1,1,-0.017351508,0.49566227,0,1,unassigned,41.0,41.0,0.0,1.0,0.0,0.0,0.07543521,0.0,1,0,0,0,0
54974,-1,1,-0.91164696,0.28666294,0,1,unassigned,44.0,42.0,2.0,0.95454544,0.045454547,0.04545456,0.08123791,0.0036926325,1,0,0,0,0
54975,-1,1,-0.77694213,0.31497929,0,1,unassigned,46.0,45.0,1.0,0.9782609,0.02173913,0.021739125,0.08510638,0.0018501388,1,0,0,0,0
54976,-1,0,16.867224,1.0,1,1,unassigned,24.0,17.0,7.0,0.7083333,0.29166666,0.2916667,0.04255319,0.012411347,0,0,0,1,1
54977,-1,1,-0.62447137,0.3487652,0,1,unassigned,33.0,30.0,3.0,0.90909094,0.09090909,0.090909064,0.059961315,0.0054510287,1,0,0,0,0
54978,1,1,2.1245098,0.8932626,1,0,train,59.0,59.0,0.0,1.0,0.0,0.0,0.11025145,0.0,1,0,1,1,0
54979,-1,0,-0.68229973,0.33574823,0,1,unassigned,6.0,5.0,1.0,0.8333333,0.16666667,0.16666669,0.007736944,0.0012894907,0,0,0,0,0
54980,-1,1,4.6738887,0.9907505,1,1,unassigned,3.0,3.0,0.0,1.0,0.0,0.0,0.001934236,0.0,1,0,0,1,1
54981,-1,0,0.833154,0.6970214,1,1,unassigned,3.0,2.0,1.0,0.6666667,0.33333334,0.3333333,0.001934236,0.00064474536,0,0,0,1,0
54982,-1,0,-0.46255672,0.3863795,0,1,unassigned,13.0,13.0,0.0,1.0,0.0,0.0,0.021276595,0.0,0,0,0,0,0
54983,1,0,-0.83693916,0.3021798,0,1,unassigned,8.0,6.0,2.0,0.75,0.25,0.25,0.0116054155,0.0029013539,0,0,0,0,0
54984,-1,0,-0.6880871,0.33445874,0,1,unassigned,21.0,1.0,20.0,0.04761905,0.95238096,0.95238096,0.036750484,0.035000462,0,0,0,0,0
54985,-1,1,1.6192865,0.83469665,1,1,unassigned,27.0,25.0,2.0,0.9259259,0.074074075,0.07407409,0.0483559,0.0035819185,1,0,0,1,0
54986,-1,1,1.2003446,0.76858604,1,1,unassigned,44.0,43.0,1.0,0.97727275,0.022727273,0.022727251,0.08123791,0.0018463163,1,0,0,1,0
54987,-1,1,-0.89784515,0.28949353,0,1,unassigned,34.0,34.0,0.0,1.0,0.0,0.0,0.061895553,0.0,1,0,0,0,0
54988,1,1,-0.6880258,0.3344724,0,1,val,56.0,55.0,1.0,0.98214287,0.017857144,0.017857134,0.10444874,0.0018651562,1,0,0,0,0
54989,-1,0,1.8154218,0.8600159,1,1,unassigned,5.0,5.0,0.0,1.0,0.0,0.0,0.0058027077,0.0,0,0,0,1,0
54990,-1,0,-0.4254356,0.39521682,0,1,unassigned,2.0,2.0,0.0,1.0,0.0,0.0,0.0,0.0,0,0,0,0,0
54991,1,0,10.978794,0.99998295,1,0,val,3.0,3.0,0.0,1.0,0.0,0.0,0.001934236,0.0,0,0,1,1,1
54992,-1,1,0.3727886,0.5921326,1,1,unassigned,7.0,7.0,0.0,1.0,0.0,0.0,0.00967118,0.0,1,0,0,1,0
54993,1,1,5.372067,0.99537694,1,0,unassigned,2.0,2.0,0.0,1.0,0.0,0.0,0.0,0.0,1,0,1,1,1
54994,-1,0,-0.40772656,0.39945737,0,1,unassigned,16.0,16.0,0.0,1.0,0.0,0.0,0.027079303,0.0,0,0,0,0,0
54995,-1,0,3.9504793,0.9811179,1,1,unassigned,2.0,1.0,1.0,0.5,0.5,0.5,0.0,0.0,0,0,0,1,1
54996,-1,1,1.0673916,0.7441006,1,1,unassigned,13.0,13.0,0.0,1.0,0.0,0.0,0.021276595,0.0,1,0,0,1,0
54997,-1,0,1.9226341,0.8724319,1,1,unassigned,5.0,3.0,2.0,0.6,0.4,0.39999998,0.0058027077,0.002321083,0,0,0,1,0
54998,1,0,3.5965588,0.9733138,1,0,unassigned,10.0,10.0,0.0,1.0,0.0,0.0,0.015473888,0.0,0,0,1,1,1
54999,1,0,4.0669265,0.9831586,1,0,test,5.0,2.0,3.0,0.4,0.6,0.6,0.0058027077,0.0034816249,0,0,1,1,1
55000,-1,1,3.8817465,0.97980165,1,1,unassigned,12.0,10.0,2.0,0.8333333,0.16666667,0.16666669,0.01934236,0.0032237265,1,0,0,1,1
55001,-1,0,2.3920105,0.916216,1,1,unassigned,33.0,32.0,1.0,0.969697,0.030303031,0.030303001,0.059961315,0.0018170096,0,0,0,1,1
55002,-1,0,-0.2665644,0.43375072,0,1,unassigned,3.0,3.0,0.0,1.0,0.0,0.0,0.001934236,0.0,0,0,0,0,0
55003,-1,1,0.55416375,0.6351011,1,1,unassigned,3.0,2.0,1.0,0.6666667,0.33333334,0.3333333,0.001934236,0.00064474536,1,0,0,1,0
55004,-1,0,-0.7968334,0.3107033,0,1,unassigned,19.0,3.0,16.0,0.15789473,0.84210527,0.84210527,0.032882012,0.027690116,0,0,0,0,0
55005,-1,1,-0.3142217,0.4220846,0,1,unassigned,20.0,20.0,0.0,1.0,0.0,0.0,0.034816246,0.0,1,0,0,0,0
55006,-1,0,-0.2506526,0.4376629,0,1,unassigned,19.0,16.0,3.0,0.84210527,0.15789473,0.15789473,0.032882012,0.0051918966,0,0,0,0,0
55007,1,1,0.1514079,0.5377798,1,0,test,13.0,13.0,0.0,1.0,0.0,0.0,0.021276595,0.0,1,0,1,1,0
55008,-1,0,6.9877405,0.9990777,1,1,unassigned,4.0,1.0,3.0,0.25,0.75,0.75,0.003868472,0.002901354,0,0,0,1,1
55009,-1,0,3.095761,0.9567176,1,1,unassigned,2.0,1.0,1.0,0.5,0.5,0.5,0.0,0.0,0,0,0,1,1
55010,0,1,-0.18156704,0.45473257,0,0,train,5.0,5.0,0.0,1.0,0.0,0.0,0.0058027077,0.0,1,0,1,0,0
55011,0,0,0.80313593,0.69064486,1,1,unassigned,2.0,2.0,0.0,1.0,0.0,0.0,0.0,0.0,0,0,0,1,0
55012,-1,1,-0.038135648,0.49046722,0,1,unassigned,8.0,8.0,0.0,1.0,0.0,0.0,0.0116054155,0.0,1,0,0,0,0
55013,-1,1,-0.09865731,0.47535565,0,1,unassigned,71.0,70.0,1.0,0.9859155,0.014084507,0.014084518,0.13346228,0.0018797504,1,0,0,0,0
55014,-1,1,1.774544,0.85502183,1,1,unassigned,2.0,2.0,0.0,1.0,0.0,0.0,0.0,0.0,1,0,0,1,0
55015,1,0,-1.6287148,0.16400649,0,1,unassigned,3.0,3.0,0.0,1.0,0.0,0.0,0.001934236,0.0,0,0,0,0,0
55016,-1,0,3.0291388,0.95387334,1,1,unassigned,2.0,2.0,0.0,1.0,0.0,0.0,0.0,0.0,0,0,0,1,1
55017,-1,0,7.1276774,0.999198,1,1,unassigned,3.0,3.0,0.0,1.0,0.0,0.0,0.001934236,0.0,0,0,0,1,1
55018,0,0,-0.9956077,0.26980588,0,0,unassigned,2.0,2.0,0.0,1.0,0.0,0.0,0.0,0.0,0,0,1,0,0
55019,-1,1,0.99334365,0.7297479,1,1,unassigned,4.0,2.0,2.0,0.5,0.5,0.5,0.003868472,0.001934236,1,0,0,1,0
55020,1,1,-0.52628636,0.37138346,0,1,unassigned,35.0,35.0,0.0,1.0,0.0,0.0,0.06382979,0.0,1,0,0,0,0
55021,-1,1,1.4661751,0.8124753,1,1,unassigned,7.0,6.0,1.0,0.85714287,0.14285715,0.14285713,0.00967118,0.0013815971,1,0,0,1,0
55022,-1,1,1.762737,0.85355216,1,1,unassigned,4.0,4.0,0.0,1.0,0.0,0.0,0.003868472,0.0,1,0,0,1,0
55023,-1,1,4.9223924,0.99277097,1,1,unassigned,15.0,15.0,0.0,1.0,0.0,0.0,0.025145067,0.0,1,0,0,1,1
55024,-1,0,0.006177902,0.5015445,1,1,unassigned,4.0,4.0,0.0,1.0,0.0,0.0,0.003868472,0.0,0,0,0,1,0
55025,-1,1,1.0888526,0.7481656,1,1,unassigned,4.0,4.0,0.0,1.0,0.0,0.0,0.003868472,0.0,1,0,0,1,0
55026,-1,1,0.5489338,0.6338882,1,1,unassigned,34.0,34.0,0.0,1.0,0.0,0.0,0.061895553,0.0,1,0,0,1,0
55027,-1,1,1.6559961,0.8396998,1,1,unassigned,4.0,4.0,0.0,1.0,0.0,0.0,0.003868472,0.0,1,0,0,1,0
55028,-1,1,0.1821686,0.5454166,1,1,unassigned,6.0,5.0,1.0,0.8333333,0.16666667,0.16666669,0.007736944,0.0012894907,1,0,0,1,0
55029,-1,1,1.2286952,0.77359015,1,1,unassigned,4.0,4.0,0.0,1.0,0.0,0.0,0.003868472,0.0,1,0,0,1,0
55030,1,0,2.9838066,0.95183724,1,0,val,15.0,15.0,0.0,1.0,0.0,0.0,0.025145067,0.0,0,0,1,1,1
55031,-1,1,-0.049212635,0.48769933,0,1,unassigned,3.0,3.0,0.0,1.0,0.0,0.0,0.001934236,0.0,1,0,0,0,0
55032,-1,0,-0.8167538,0.3064532,0,1,unassigned,7.0,7.0,0.0,1.0,0.0,0.0,0.00967118,0.0,0,0,0,0,0
55033,-1,1,3.9735057,0.9815398,1,1,unassigned,28.0,27.0,1.0,0.96428573,0.035714287,0.03571427,0.050290134,0.0017960763,1,0,0,1,1
55034,-1,1,2.4893143,0.9233893,1,1,unassigned,8.0,3.0,5.0,0.375,0.625,0.625,0.0116054155,0.0072533847,1,0,0,1,1
55035,-1,0,7.0703425,0.99915075,1,1,unassigned,4.0,2.0,2.0,0.5,0.5,0.5,0.003868472,0.001934236,0,0,0,1,1
55036,1,0,2.7208183,0.9382439,1,0,val,4.0,4.0,0.0,1.0,0.0,0.0,0.003868472,0.0,0,0,1,1,1
55037,-1,0,0.3722977,0.5920141,1,1,unassigned,4.0,3.0,1.0,0.75,0.25,0.25,0.003868472,0.000967118,0,0,0,1,0
55038,-1,0,-0.47261852,0.38399664,0,1,unassigned,3.0,3.0,0.0,1.0,0.0,0.0,0.001934236,0.0,0,0,0,0,0
55039,-1,0,0.03014344,0.5075353,1,1,unassigned,13.0,13.0,0.0,1.0,0.0,0.0,0.021276595,0.0,0,0,0,1,0
55040,-1,0,1.4807401,0.81468433,1,1,unassigned,6.0,6.0,0.0,1.0,0.0,0.0,0.007736944,0.0,0,0,0,1,0
55041,-1,0,3.2938688,0.9642179,1,1,unassigned,6.0,6.0,0.0,1.0,0.0,0.0,0.007736944,0.0,0,0,0,1,1
55042,-1,0,0.06553894,0.5163789,1,1,unassigned,15.0,15.0,0.0,1.0,0.0,0.0,0.025145067,0.0,0,0,0,1,0
55043,-1,1,8.069542,0.9996872,1,1,unassigned,20.0,17.0,3.0,0.85,0.15,0.14999998,0.034816246,0.005222437,1,0,0,1,1
55044,-1,1,5.069009,0.99375063,1,1,unassigned,3.0,3.0,0.0,1.0,0.0,0.0,0.001934236,0.0,1,0,0,1,1
55045,-1,1,-0.45305514,0.3886346,0,1,unassigned,76.0,75.0,1.0,0.9868421,0.013157895,0.013157904,0.14313346,0.0018833351,1,0,0,0,0
55046,-1,0,-0.7477276,0.32131666,0,1,unassigned,4.0,4.0,0.0,1.0,0.0,0.0,0.003868472,0.0,0,0,0,0,0
55047,1,0,-0.18462104,0.45397538,0,1,val,5.0,5.0,0.0,1.0,0.0,0.0,0.0058027077,0.0,0,0,0,0,0
55048,-1,0,3.696119,0.9757815,1,1,unassigned,6.0,4.0,2.0,0.6666667,0.33333334,0.3333333,0.007736944,0.0025789815,0,0,0,1,1
55049,1,1,-0.1375784,0.46565953,0,1,train,31.0,31.0,0.0,1.0,0.0,0.0,0.056092843,0.0,1,0,0,0,0
55050,-1,1,1.8146374,0.8599214,1,1,unassigned,10.0,10.0,0.0,1.0,0.0,0.0,0.015473888,0.0,1,0,0,1,0
55051,-1,0,-0.6447176,0.34418088,0,1,unassigned,6.0,2.0,4.0,0.33333334,0.6666667,0.6666666,0.007736944,0.005157963,0,0,0,0,0
55052,-1,0,6.8070807,0.9988953,1,1,unassigned,10.0,10.0,0.0,1.0,0.0,0.0,0.015473888,0.0,0,0,0,1,1
55053,-1,0,-0.60765684,0.3525939,0,1,unassigned,2.0,2.0,0.0,1.0,0.0,0.0,0.0,0.0,0,0,0,0,0
55054,-1,1,-0.23868245,0.4406111,0,1,unassigned,3.0,1.0,2.0,0.33333334,0.6666667,0.6666666,0.001934236,0.0012894907,1,0,0,0,0
55055,-1,0,0.1345672,0.53359115,1,1,unassigned,5.0,5.0,0.0,1.0,0.0,0.0,0.0058027077,0.0,0,0,0,1,0
55056,-1,1,-0.7712552,0.31620765,0,1,unassigned,99.0,96.0,3.0,0.969697,0.030303031,0.030303001,0.1876209,0.0056854817,1,0,0,0,0
55057,0,0,1.165715,0.7623696,1,1,unassigned,11.0,10.0,1.0,0.90909094,0.09090909,0.090909064,0.017408123,0.0015825568,0,0,0,1,0
55058,-1,1,-0.0021144152,0.4994714,0,1,unassigned,12.0,12.0,0.0,1.0,0.0,0.0,0.01934236,0.0,1,0,0,0,0
55059,-1,1,-0.31135198,0.42278478,0,1,unassigned,6.0,6.0,0.0,1.0,0.0,0.0,0.007736944,0.0,1,0,0,0,0
55060,-1,1,0.9551764,0.722155,1,1,unassigned,10.0,10.0,0.0,1.0,0.0,0.0,0.015473888,0.0,1,0,0,1,0
55061,-1,0,0.6943818,0.666941,1,1,unassigned,21.0,21.0,0.0,1.0,0.0,0.0,0.036750484,0.0,0,0,0,1,0
55062,-1,1,1.7807472,0.85578907,1,1,unassigned,36.0,33.0,3.0,0.9166667,0.083333336,0.08333331,0.065764025,0.0054803356,1,0,0,1,0
55063,-1,1,-0.027240813,0.49319026,0,1,unassigned,26.0,26.0,0.0,1.0,0.0,0.0,0.046421662,0.0,1,0,0,0,0
55064,-1,1,0.06928486,0.51731426,1,1,unassigned,15.0,15.0,0.0,1.0,0.0,0.0,0.025145067,0.0,1,0,0,1,0
55065,-1,1,0.9177676,0.714587,1,1,unassigned,17.0,17.0,0.0,1.0,0.0,0.0,0.029013539,0.0,1,0,0,1,0
55066,-1,0,0.06676453,0.5166849,1,1,unassigned,43.0,43.0,0.0,1.0,0.0,0.0,0.079303674,0.0,0,0,0,1,0
55067,-1,0,-0.44098258,0.39150688,0,1,unassigned,3.0,2.0,1.0,0.6666667,0.33333334,0.3333333,0.001934236,0.00064474536,0,0,0,0,0
55068,-1,0,-0.5405682,0.3680554,0,1,unassigned,14.0,13.0,1.0,0.9285714,0.071428575,0.0714286,0.023210831,0.0016579166,0,0,0,0,0
55069,-1,1,6.0506706,0.99764925,1,1,unassigned,4.0,3.0,1.0,0.75,0.25,0.25,0.003868472,0.000967118,1,0,0,1,1
55070,-1,0,2.0165286,0.8825216,1,1,unassigned,2.0,2.0,0.0,1.0,0.0,0.0,0.0,0.0,0,0,0,1,0
55071,-1,0,2.8406868,0.94483525,1,1,unassigned,2.0,2.0,0.0,1.0,0.0,0.0,0.0,0.0,0,0,0,1,1
55072,-1,1,-0.55078954,0.36568126,0,1,unassigned,36.0,36.0,0.0,1.0,0.0,0.0,0.065764025,0.0,1,0,0,0,0
55073,-1,0,1.0776014,0.7460398,1,1,unassigned,10.0,8.0,2.0,0.8,0.2,0.19999999,0.015473888,0.0030947777,0,0,0,1,0
55074,-1,0,5.523803,0.9960252,1,1,unassigned,3.0,2.0,1.0,0.6666667,0.33333334,0.3333333,0.001934236,0.00064474536,0,0,0,1,1
55075,0,1,1.143414,0.7583059,1,1,unassigned,41.0,38.0,3.0,0.9268293,0.07317073,0.07317072,0.07543521,0.005519649,1,0,0,1,0
55076,-1,1,-0.12047684,0.46991718,0,1,unassigned,7.0,7.0,0.0,1.0,0.0,0.0,0.00967118,0.0,1,0,0,0,0
55077,-1,1,-1.0100951,0.26696125,0,1,unassigned,2.0,2.0,0.0,1.0,0.0,0.0,0.0,0.0,1,0,0,0,0
55078,-1,1,-0.42820966,0.39455393,0,1,unassigned,3.0,3.0,0.0,1.0,0.0,0.0,0.001934236,0.0,1,0,0,0,0
55079,-1,0,7.0154405,0.99910295,1,1,unassigned,41.0,40.0,1.0,0.9756098,0.024390243,0.02439022,0.07543521,0.001839883,0,0,0,1,1
55080,0,0,-0.033021152,0.4917455,0,0,val,25.0,25.0,0.0,1.0,0.0,0.0,0.044487428,0.0,0,0,1,0,0
55081,-1,1,-0.7771714,0.31492984,0,1,unassigned,34.0,33.0,1.0,0.9705882,0.029411765,0.029411793,0.061895553,0.0018204574,1,0,0,0,0
55082,0,0,-0.9655367,0.27577102,0,0,val,8.0,8.0,0.0,1.0,0.0,0.0,0.0116054155,0.0,0,0,1,0,0
55083,-1,0,4.587142,0.98992074,1,1,unassigned,5.0,5.0,0.0,1.0,0.0,0.0,0.0058027077,0.0,0,0,0,1,1
55084,-1,1,5.6350913,0.9964424,1,1,unassigned,21.0,21.0,0.0,1.0,0.0,0.0,0.036750484,0.0,1,0,0,1,1
55085,-1,0,2.270469,0.9064016,1,1,unassigned,2.0,2.0,0.0,1.0,0.0,0.0,0.0,0.0,0,0,0,1,1
55086,-1,1,-0.29505914,0.42676574,0,1,unassigned,6.0,6.0,0.0,1.0,0.0,0.0,0.007736944,0.0,1,0,0,0,0
55087,-1,1,-0.18203402,0.45461673,0,1,unassigned,16.0,16.0,0.0,1.0,0.0,0.0,0.027079303,0.0,1,0,0,0,0
55088,-1,1,3.5240653,0.97136474,1,1,unassigned,13.0,12.0,1.0,0.9230769,0.07692308,0.07692307,0.021276595,0.0016366612,1,0,0,1,1
55089,-1,0,0.46429092,0.6140316,1,1,unassigned,28.0,27.0,1.0,0.96428573,0.035714287,0.03571427,0.050290134,0.0017960763,0,0,0,1,0
55090,-1,0,-0.13995099,0.46506923,0,1,unassigned,6.0,5.0,1.0,0.8333333,0.16666667,0.16666669,0.007736944,0.0012894907,0,0,0,0,0
55091,-1,1,1.8152916,0.8600002,1,1,unassigned,15.0,15.0,0.0,1.0,0.0,0.0,0.025145067,0.0,1,0,0,1,0
55092,-1,1,0.12814015,0.53199124,1,1,unassigned,4.0,4.0,0.0,1.0,0.0,0.0,0.003868472,0.0,1,0,0,1,0
55093,-1,1,-0.45868522,0.38729778,0,1,unassigned,8.0,7.0,1.0,0.875,0.125,0.125,0.0116054155,0.0014506769,1,0,0,0,0
55094,-1,0,-0.14001513,0.4650533,0,1,unassigned,6.0,5.0,1.0,0.8333333,0.16666667,0.16666669,0.007736944,0.0012894907,0,0,0,0,0
55095,-1,0,0.33243614,0.582352,1,1,unassigned,19.0,19.0,0.0,1.0,0.0,0.0,0.032882012,0.0,0,0,0,1,0
55096,-1,1,0.042223513,0.5105543,1,1,unassigned,11.0,10.0,1.0,0.90909094,0.09090909,0.090909064,0.017408123,0.0015825568,1,0,0,1,0
55097,-1,0,-1.0028431,0.2683828,0,1,unassigned,2.0,2.0,0.0,1.0,0.0,0.0,0.0,0.0,0,0,0,0,0
55098,-1,1,-0.6734747,0.33771923,0,1,unassigned,99.0,97.0,2.0,0.97979796,0.02020202,0.02020204,0.1876209,0.003790321,1,0,0,0,0
55099,-1,1,0.28858787,0.5716504,1,1,unassigned,17.0,17.0,0.0,1.0,0.0,0.0,0.029013539,0.0,1,0,0,1,0
55100,-1,1,3.620206,0.9739212,1,1,unassigned,6.0,6.0,0.0,1.0,0.0,0.0,0.007736944,0.0,1,0,0,1,1
55101,-1,0,2.9802043,0.9516718,1,1,unassigned,2.0,2.0,0.0,1.0,0.0,0.0,0.0,0.0,0,0,0,1,1
55102,-1,0,-0.48471174,0.38114014,0,1,unassigned,42.0,40.0,2.0,0.95238096,0.04761905,0.047619045,0.07736944,0.003684259,0,0,0,0,0
55103,-1,0,5.0890455,0.99387383,1,1,unassigned,29.0,26.0,3.0,0.8965517,0.10344828,0.10344827,0.05222437,0.005402521,0,0,0,1,1
55104,-1,1,-0.8489187,0.29965973,0,1,unassigned,18.0,17.0,1.0,0.9444444,0.055555556,0.055555582,0.030947777,0.0017193209,1,0,0,0,0
55105,-1,0,0.87621385,0.70603704,1,1,unassigned,2.0,2.0,0.0,1.0,0.0,0.0,0.0,0.0,0,0,0,1,0
55106,-1,1,1.7744014,0.85500413,1,1,unassigned,8.0,8.0,0.0,1.0,0.0,0.0,0.0116054155,0.0,1,0,0,1,0
55107,-1,1,6.6030793,0.9986456,1,1,unassigned,8.0,6.0,2.0,0.75,0.25,0.25,0.0116054155,0.0029013539,1,0,0,1,1
55108,-1,1,0.68821913,0.6655706,1,1,unassigned,5.0,5.0,0.0,1.0,0.0,0.0,0.0058027077,0.0,1,0,0,1,0
55109,-1,0,0.36508638,0.5902712,1,1,unassigned,2.0,1.0,1.0,0.5,0.5,0.5,0.0,0.0,0,0,0,1,0
55110,-1,0,6.155761,0.99788326,1,1,unassigned,2.0,2.0,0.0,1.0,0.0,0.0,0.0,0.0,0,0,0,1,1
55111,-1,1,-0.6912292,0.3337597,0,1,unassigned,3.0,3.0,0.0,1.0,0.0,0.0,0.001934236,0.0,1,0,0,0,0
55112,-1,1,-0.8159152,0.30663145,0,1,unassigned,63.0,62.0,1.0,0.984127,0.015873017,0.015873015,0.11798839,0.0018728317,1,0,0,0,0
55113,-1,1,-0.65999246,0.3407413,0,1,unassigned,217.0,211.0,6.0,0.97235024,0.02764977,0.02764976,0.41586074,0.011498454,1,0,0,0,0
55114,-1,0,3.8064396,0.97825617,1,1,unassigned,10.0,10.0,0.0,1.0,0.0,0.0,0.015473888,0.0,0,0,0,1,1
55115,-1,1,3.1749108,0.9598791,1,1,unassigned,15.0,15.0,0.0,1.0,0.0,0.0,0.025145067,0.0,1,0,0,1,1
55116,-1,1,0.12780416,0.5319076,1,1,unassigned,6.0,6.0,0.0,1.0,0.0,0.0,0.007736944,0.0,1,0,0,1,0
55117,-1,1,-0.62759244,0.34805664,0,1,unassigned,15.0,15.0,0.0,1.0,0.0,0.0,0.025145067,0.0,1,0,0,0,0
55118,1,0,1.9557073,0.87606764,1,0,val,3.0,3.0,0.0,1.0,0.0,0.0,0.001934236,0.0,0,0,1,1,0
55119,-1,1,-0.75900173,0.31886303,0,1,unassigned,109.0,106.0,3.0,0.9724771,0.027522936,0.027522922,0.20696326,0.0056962366,1,0,0,0,0
55120,-1,0,1.7893889,0.8568523,1,1,unassigned,26.0,10.0,16.0,0.3846154,0.61538464,0.6153846,0.046421662,0.028567178,0,0,0,1,0
55121,-1,0,-0.8693069,0.29539853,0,1,unassigned,20.0,19.0,1.0,0.95,0.05,0.050000012,0.034816246,0.0017408123,0,0,0,0,0
55122,-1,0,-0.360385,0.41086638,0,1,unassigned,9.0,9.0,0.0,1.0,0.0,0.0,0.013539651,0.0,0,0,0,0,0
55123,-1,1,-0.5881878,0.35705078,0,1,unassigned,9.0,8.0,1.0,0.8888889,0.11111111,0.111111104,0.013539651,0.0015044058,1,0,0,0,0
55124,-1,0,0.8856719,0.7079962,1,1,unassigned,2.0,2.0,0.0,1.0,0.0,0.0,0.0,0.0,0,0,0,1,0
55125,-1,0,-0.78828526,0.31253698,0,1,unassigned,39.0,39.0,0.0,1.0,0.0,0.0,0.07156673,0.0,0,0,0,0,0
55126,-1,1,3.8215601,0.97857547,1,1,unassigned,2.0,2.0,0.0,1.0,0.0,0.0,0.0,0.0,1,0,0,1,1
55127,-1,1,3.1474144,0.95880675,1,1,unassigned,9.0,9.0,0.0,1.0,0.0,0.0,0.013539651,0.0,1,0,0,1,1
55128,0,0,0.049211323,0.5123004,1,1,val,2.0,2.0,0.0,1.0,0.0,0.0,0.0,0.0,0,0,0,1,0
55129,1,0,-0.3342786,0.41719997,0,1,unassigned,8.0,8.0,0.0,1.0,0.0,0.0,0.0116054155,0.0,0,0,0,0,0
55130,-1,1,5.2953563,0.99501026,1,1,unassigned,23.0,21.0,2.0,0.9130435,0.08695652,0.0869565,0.040618956,0.0035320832,1,0,0,1,1
55131,-1,1,-0.87349176,0.29452825,0,1,unassigned,22.0,21.0,1.0,0.95454544,0.045454547,0.04545456,0.03868472,0.0017583964,1,0,0,0,0
55132,-1,1,2.2927206,0.9082723,1,1,unassigned,7.0,6.0,1.0,0.85714287,0.14285715,0.14285713,0.00967118,0.0013815971,1,0,0,1,1
55133,-1,1,-0.18147129,0.4547563,0,1,unassigned,42.0,40.0,2.0,0.95238096,0.04761905,0.047619045,0.07736944,0.003684259,1,0,0,0,0
55134,-1,1,-0.68219525,0.33577153,0,1,unassigned,47.0,46.0,1.0,0.9787234,0.021276595,0.021276593,0.08704062,0.001851928,1,0,0,0,0
55135,-1,1,3.4123461,0.9680882,1,1,unassigned,38.0,37.0,1.0,0.9736842,0.02631579,0.026315808,0.06963249,0.0018324341,1,0,0,1,1
55136,-1,1,-0.87628824,0.29394755,0,1,unassigned,44.0,44.0,0.0,1.0,0.0,0.0,0.08123791,0.0,1,0,0,0,0
55137,-1,1,1.2171502,0.7715616,1,1,unassigned,39.0,37.0,2.0,0.94871795,0.051282052,0.05128205,0.07156673,0.0036700887,1,0,0,1,0
55138,-1,1,-0.69403845,0.3331353,0,1,unassigned,16.0,16.0,0.0,1.0,0.0,0.0,0.027079303,0.0,1,0,0,0,0
55139,0,1,-0.5630064,0.3628521,0,0,test,21.0,21.0,0.0,1.0,0.0,0.0,0.036750484,0.0,1,0,1,0,0
55140,-1,1,1.1871643,0.7662335,1,1,unassigned,24.0,24.0,0.0,1.0,0.0,0.0,0.04255319,0.0,1,0,0,1,0
55141,1,1,2.7308075,0.9388203,1,0,val,79.0,75.0,4.0,0.9493671,0.050632913,0.050632894,0.14893617,0.007541072,1,0,1,1,1
55142,0,1,1.1350658,0.7567725,1,1,unassigned,28.0,25.0,3.0,0.89285713,0.10714286,0.107142866,0.050290134,0.0053882287,1,0,0,1,0
55143,-1,1,-0.9102886,0.28694078,0,1,unassigned,92.0,87.0,5.0,0.9456522,0.054347824,0.054347813,0.17408124,0.009460936,1,0,0,0,0
55144,-1,1,1.0914338,0.74865156,1,1,unassigned,20.0,18.0,2.0,0.9,0.1,0.100000024,0.034816246,0.0034816246,1,0,0,1,0
55145,-1,1,1.0637548,0.7434074,1,1,unassigned,21.0,21.0,0.0,1.0,0.0,0.0,0.036750484,0.0,1,0,0,1,0
55146,-1,1,-0.2594003,0.4355111,0,1,unassigned,46.0,43.0,3.0,0.9347826,0.06521739,0.065217376,0.08510638,0.005550416,1,0,0,0,0
55147,-1,1,-0.76315737,0.31796116,0,1,unassigned,13.0,13.0,0.0,1.0,0.0,0.0,0.021276595,0.0,1,0,0,0,0
55148,1,1,-0.78139025,0.31402034,0,1,test,20.0,19.0,1.0,0.95,0.05,0.050000012,0.034816246,0.0017408123,1,0,0,0,0
55149,-1,0,1.2074792,0.7698526,1,1,unassigned,3.0,3.0,0.0,1.0,0.0,0.0,0.001934236,0.0,0,0,0,1,0
55150,-1,0,0.034740567,0.5086843,1,1,unassigned,8.0,3.0,5.0,0.375,0.625,0.625,0.0116054155,0.0072533847,0,0,0,1,0
55151,-1,1,-0.49728143,0.37817976,0,1,unassigned,3.0,3.0,0.0,1.0,0.0,0.0,0.001934236,0.0,1,0,0,0,0
55152,-1,1,-0.9783881,0.27321175,0,1,unassigned,2.0,2.0,0.0,1.0,0.0,0.0,0.0,0.0,1,0,0,0,0
55153,-1,1,4.312498,0.9867771,1,1,unassigned,3.0,3.0,0.0,1.0,0.0,0.0,0.001934236,0.0,1,0,0,1,1
55154,-1,1,2.1655571,0.8971136,1,1,unassigned,5.0,5.0,0.0,1.0,0.0,0.0,0.0058027077,0.0,1,0,0,1,0
55155,-1,0,2.7734165,0.9412223,1,1,unassigned,5.0,4.0,1.0,0.8,0.2,0.19999999,0.0058027077,0.0011605415,0,0,0,1,1
55156,-1,0,0.49683934,0.6217163,1,1,unassigned,4.0,4.0,0.0,1.0,0.0,0.0,0.003868472,0.0,0,0,0,1,0
55157,-1,0,2.8247678,0.9439996,1,1,unassigned,5.0,4.0,1.0,0.8,0.2,0.19999999,0.0058027077,0.0011605415,0,0,0,1,1
55158,0,1,-0.3660758,0.40948954,0,0,val,5.0,1.0,4.0,0.2,0.8,0.8,0.0058027077,0.004642166,1,1,1,0,0
55159,-1,1,0.34255558,0.58481115,1,1,unassigned,15.0,14.0,1.0,0.93333334,0.06666667,0.06666666,0.025145067,0.0016763379,1,0,0,1,0
55160,-1,0,0.28159076,0.56993616,1,1,unassigned,7.0,7.0,0.0,1.0,0.0,0.0,0.00967118,0.0,0,0,0,1,0
55161,-1,1,-0.17224133,0.45704582,0,1,unassigned,4.0,4.0,0.0,1.0,0.0,0.0,0.003868472,0.0,1,0,0,0,0
55162,-1,0,5.8111167,0.9970149,1,1,unassigned,2.0,2.0,0.0,1.0,0.0,0.0,0.0,0.0,0,0,0,1,1
55163,-1,0,1.3730237,0.79786825,1,1,unassigned,3.0,3.0,0.0,1.0,0.0,0.0,0.001934236,0.0,0,0,0,1,0
55164,-1,1,-0.9228761,0.2843722,0,1,unassigned,55.0,54.0,1.0,0.9818182,0.018181818,0.0181818,0.102514505,0.0018639,1,0,0,0,0
55165,-1,0,1.3868954,0.80009615,1,1,unassigned,13.0,13.0,0.0,1.0,0.0,0.0,0.021276595,0.0,0,0,0,1,0
55166,-1,1,0.6798945,0.6637151,1,1,unassigned,5.0,5.0,0.0,1.0,0.0,0.0,0.0058027077,0.0,1,0,0,1,0
55167,-1,1,-0.5857834,0.35760292,0,1,unassigned,33.0,32.0,1.0,0.969697,0.030303031,0.030303001,0.059961315,0.0018170096,1,0,0,0,0
55168,-1,1,-0.91008836,0.28698176,0,1,unassigned,78.0,76.0,2.0,0.974359,0.025641026,0.025641024,0.14700194,0.0037692804,1,0,0,0,0
55169,-1,1,0.16253632,0.54054487,1,1,unassigned,46.0,45.0,1.0,0.9782609,0.02173913,0.021739125,0.08510638,0.0018501388,1,0,0,1,0
55170,-1,0,0.9918528,0.7294537,1,1,unassigned,4.0,4.0,0.0,1.0,0.0,0.0,0.003868472,0.0,0,0,0,1,0
55171,-1,1,-0.9153358,0.28590924,0,1,unassigned,37.0,36.0,1.0,0.972973,0.027027028,0.02702701,0.06769826,0.0018296828,1,0,0,0,0
55172,-1,0,2.8141897,0.94343776,1,1,unassigned,3.0,3.0,0.0,1.0,0.0,0.0,0.001934236,0.0,0,0,0,1,1
55173,-1,0,4.428697,0.9882107,1,1,unassigned,4.0,3.0,1.0,0.75,0.25,0.25,0.003868472,0.000967118,0,0,0,1,1
55174,-1,0,4.4559402,0.9885238,1,1,unassigned,5.0,5.0,0.0,1.0,0.0,0.0,0.0058027077,0.0,0,0,0,1,1
55175,-1,1,-0.08231357,0.47943318,0,1,unassigned,27.0,27.0,0.0,1.0,0.0,0.0,0.0483559,0.0,1,0,0,0,0
55176,-1,0,2.0706503,0.88801765,1,1,unassigned,4.0,4.0,0.0,1.0,0.0,0.0,0.003868472,0.0,0,0,0,1,0
55177,1,1,0.44862384,0.610312,1,0,unassigned,50.0,48.0,2.0,0.96,0.04,0.04000002,0.092843324,0.0037137328,1,0,1,1,0
55178,-1,0,4.7133927,0.9911055,1,1,unassigned,10.0,10.0,0.0,1.0,0.0,0.0,0.015473888,0.0,0,0,0,1,1
55179,-1,1,-0.20221496,0.44961783,0,1,unassigned,40.0,40.0,0.0,1.0,0.0,0.0,0.07350097,0.0,1,0,0,0,0
55180,1,1,-0.36385116,0.41002765,0,1,test,33.0,32.0,1.0,0.969697,0.030303031,0.030303001,0.059961315,0.0018170096,1,0,0,0,0
55181,-1,1,-0.24874511,0.43813244,0,1,unassigned,17.0,17.0,0.0,1.0,0.0,0.0,0.029013539,0.0,1,0,0,0,0
55182,-1,1,1.2265894,0.77322114,1,1,unassigned,53.0,51.0,2.0,0.9622642,0.03773585,0.03773582,0.09864604,0.0037224921,1,0,0,1,0
55183,-1,0,3.9392517,0.98090875,1,1,unassigned,3.0,3.0,0.0,1.0,0.0,0.0,0.001934236,0.0,0,0,0,1,1
55184,-1,1,-0.3922913,0.40316585,0,1,unassigned,59.0,57.0,2.0,0.9661017,0.033898305,0.033898294,0.11025145,0.0037373372,1,0,0,0,0
55185,-1,0,0.11524296,0.5287789,1,1,unassigned,3.0,3.0,0.0,1.0,0.0,0.0,0.001934236,0.0,0,0,0,1,0
55186,-1,1,-0.319596,0.4207742,0,1,unassigned,11.0,7.0,4.0,0.6363636,0.36363637,0.36363637,0.017408123,0.006330227,1,0,0,0,0
55187,-1,1,-0.9033406,0.2883645,0,1,unassigned,32.0,32.0,0.0,1.0,0.0,0.0,0.058027077,0.0,1,0,0,0,0
55188,-1,1,2.556618,0.92801684,1,1,unassigned,19.0,7.0,12.0,0.36842105,0.6315789,0.6315789,0.032882012,0.020767586,1,0,0,1,1
55189,-1,0,3.1988208,0.96078986,1,1,unassigned,5.0,5.0,0.0,1.0,0.0,0.0,0.0058027077,0.0,0,0,0,1,1
55190,-1,1,2.0098999,0.8818326,1,1,unassigned,5.0,5.0,0.0,1.0,0.0,0.0,0.0058027077,0.0,1,0,0,1,0
55191,-1,1,-0.38178095,0.40569744,0,1,unassigned,10.0,9.0,1.0,0.9,0.1,0.100000024,0.015473888,0.0015473888,1,0,0,0,0
55192,1,0,8.269421,0.9997439,1,0,test,2.0,2.0,0.0,1.0,0.0,0.0,0.0,0.0,0,0,1,1,1
55193,1,1,-0.43117976,0.39384463,0,1,unassigned,11.0,11.0,0.0,1.0,0.0,0.0,0.017408123,0.0,1,0,0,0,0
55194,0,0,-0.6845112,0.3352552,0,0,test,5.0,5.0,0.0,1.0,0.0,0.0,0.0058027077,0.0,0,0,1,0,0
55195,-1,0,1.9842093,0.8791291,1,1,unassigned,26.0,23.0,3.0,0.88461536,0.115384616,0.11538464,0.046421662,0.005356346,0,0,0,1,0
55196,-1,0,2.1098502,0.8918569,1,1,unassigned,8.0,8.0,0.0,1.0,0.0,0.0,0.0116054155,0.0,0,0,0,1,0
55197,-1,1,0.6069297,0.6472401,1,1,unassigned,12.0,12.0,0.0,1.0,0.0,0.0,0.01934236,0.0,1,0,0,1,0
55198,0,1,-0.86036426,0.29726323,0,0,unassigned,62.0,61.0,1.0,0.983871,0.016129032,0.016129017,0.116054155,0.0018718411,1,0,1,0,0
55199,-1,0,2.1180608,0.8926462,1,1,unassigned,3.0,2.0,1.0,0.6666667,0.33333334,0.3333333,0.001934236,0.00064474536,0,0,0,1,0
55200,-1,1,-0.7642347,0.3177276,0,1,unassigned,97.0,94.0,3.0,0.96907216,0.030927835,0.030927837,0.18375242,0.0056830645,1,0,0,0,0
55201,-1,0,1.3975728,0.80179846,1,1,unassigned,10.0,10.0,0.0,1.0,0.0,0.0,0.015473888,0.0,0,0,0,1,0
55202,-1,0,3.6727803,0.9752237,1,1,unassigned,2.0,2.0,0.0,1.0,0.0,0.0,0.0,0.0,0,0,0,1,1
55203,0,0,-0.7430676,0.3223337,0,0,test,22.0,19.0,3.0,0.8636364,0.13636364,0.13636363,0.03868472,0.005275189,0,0,1,0,0
55204,-1,0,-0.8612474,0.2970788,0,1,unassigned,2.0,2.0,0.0,1.0,0.0,0.0,0.0,0.0,0,0,0,0,0
55205,-1,1,2.487068,0.9232303,1,1,unassigned,5.0,4.0,1.0,0.8,0.2,0.19999999,0.0058027077,0.0011605415,1,0,0,1,1
55206,-1,1,3.785578,0.9778079,1,1,unassigned,4.0,4.0,0.0,1.0,0.0,0.0,0.003868472,0.0,1,0,0,1,1
55207,-1,1,2.054871,0.8864389,1,1,unassigned,8.0,7.0,1.0,0.875,0.125,0.125,0.0116054155,0.0014506769,1,0,0,1,0
55208,-1,1,-0.6167709,0.35051617,0,1,unassigned,2.0,1.0,1.0,0.5,0.5,0.5,0.0,0.0,1,0,0,0,0
55209,-1,0,1.0838068,0.7472137,1,1,unassigned,6.0,5.0,1.0,0.8333333,0.16666667,0.16666669,0.007736944,0.0012894907,0,0,0,1,0
55210,-1,1,-0.52513796,0.37165162,0,1,unassigned,10.0,10.0,0.0,1.0,0.0,0.0,0.015473888,0.0,1,0,0,0,0
55211,-1,1,-0.84764695,0.2999267,0,1,unassigned,76.0,76.0,0.0,1.0,0.0,0.0,0.14313346,0.0,1,0,0,0,0
55212,-1,0,-0.38175392,0.40570396,0,1,unassigned,5.0,4.0,1.0,0.8,0.2,0.19999999,0.0058027077,0.0011605415,0,0,0,0,0
55213,-1,1,-0.26950064,0.4330297,0,1,unassigned,11.0,11.0,0.0,1.0,0.0,0.0,0.017408123,0.0,1,0,0,0,0
55214,-1,1,0.19562322,0.5487504,1,1,unassigned,21.0,21.0,0.0,1.0,0.0,0.0,0.036750484,0.0,1,0,0,1,0
55215,-1,1,0.32835782,0.58135974,1,1,unassigned,5.0,4.0,1.0,0.8,0.2,0.19999999,0.0058027077,0.0011605415,1,0,0,1,0
55216,-1,0,0.99753696,0.730574,1,1,unassigned,7.0,7.0,0.0,1.0,0.0,0.0,0.00967118,0.0,0,0,0,1,0
55217,-1,0,1.3763111,0.7983979,1,1,unassigned,6.0,6.0,0.0,1.0,0.0,0.0,0.007736944,0.0,0,0,0,1,0
55218,-1,1,2.2228177,0.9022799,1,1,unassigned,14.0,11.0,3.0,0.78571427,0.21428572,0.21428573,0.023210831,0.0049737496,1,0,0,1,1
55219,-1,0,0.033359766,0.50833917,1,1,unassigned,18.0,18.0,0.0,1.0,0.0,0.0,0.030947777,0.0,0,0,0,1,0
55220,0,0,0.0018931627,0.5004733,1,1,val,25.0,25.0,0.0,1.0,0.0,0.0,0.044487428,0.0,0,0,0,1,0
55221,-1,1,6.7502418,0.99883074,1,1,unassigned,27.0,21.0,6.0,0.7777778,0.22222222,0.22222221,0.0483559,0.010745755,1,0,0,1,1
55222,-1,0,1.4067259,0.803249,1,1,unassigned,4.0,4.0,0.0,1.0,0.0,0.0,0.003868472,0.0,0,0,0,1,0
55223,-1,1,2.2209673,0.90211666,1,1,unassigned,3.0,3.0,0.0,1.0,0.0,0.0,0.001934236,0.0,1,0,0,1,1
55224,-1,1,6.2782006,0.9981267,1,1,unassigned,11.0,9.0,2.0,0.8181818,0.18181819,0.18181819,0.017408123,0.0031651135,1,0,0,1,1
55225,-1,0,0.9048968,0.7119547,1,1,unassigned,9.0,9.0,0.0,1.0,0.0,0.0,0.013539651,0.0,0,0,0,1,0
55226,-1,1,7.935078,0.99964213,1,1,unassigned,3.0,2.0,1.0,0.6666667,0.33333334,0.3333333,0.001934236,0.00064474536,1,0,0,1,1
55227,-1,1,6.082249,0.9977222,1,1,unassigned,5.0,5.0,0.0,1.0,0.0,0.0,0.0058027077,0.0,1,0,0,1,1
55228,-1,1,-0.8763215,0.29394063,0,1,unassigned,55.0,53.0,2.0,0.96363634,0.036363635,0.03636366,0.102514505,0.0037278,1,0,0,0,0
55229,-1,0,6.2911224,0.99815077,1,1,unassigned,3.0,2.0,1.0,0.6666667,0.33333334,0.3333333,0.001934236,0.00064474536,0,0,0,1,1
55230,0,1,-0.6453819,0.34403095,0,0,test,105.0,101.0,4.0,0.96190476,0.03809524,0.038095236,0.1992263,0.007589574,1,0,1,0,0
55231,-1,0,0.4653812,0.61428994,1,1,unassigned,6.0,6.0,0.0,1.0,0.0,0.0,0.007736944,0.0,0,0,0,1,0
55232,1,1,0.75915295,0.6811698,1,0,unassigned,6.0,6.0,0.0,1.0,0.0,0.0,0.007736944,0.0,1,0,1,1,0
55233,-1,1,0.92720205,0.7165073,1,1,unassigned,13.0,13.0,0.0,1.0,0.0,0.0,0.021276595,0.0,1,0,0,1,0
55234,0,1,-0.8365106,0.3022702,0,0,train,22.0,16.0,6.0,0.72727275,0.27272728,0.27272725,0.03868472,0.010550378,1,0,1,0,0
55235,-1,1,8.454905,0.99978715,1,1,unassigned,9.0,9.0,0.0,1.0,0.0,0.0,0.013539651,0.0,1,0,0,1,1
55236,-1,1,1.607753,0.8330992,1,1,unassigned,94.0,89.0,5.0,0.9468085,0.05319149,0.053191483,0.17794971,0.00946541,1,0,0,1,0
55237,-1,1,1.0378199,0.7384291,1,1,unassigned,42.0,42.0,0.0,1.0,0.0,0.0,0.07736944,0.0,1,0,0,1,0
55238,-1,1,-0.688339,0.3344027,0,1,unassigned,30.0,30.0,0.0,1.0,0.0,0.0,0.054158606,0.0,1,0,0,0,0
55239,-1,0,-0.40465552,0.40019435,0,1,unassigned,14.0,13.0,1.0,0.9285714,0.071428575,0.0714286,0.023210831,0.0016579166,0,0,0,0,0
55240,-1,1,5.448052,0.99571383,1,1,unassigned,4.0,4.0,0.0,1.0,0.0,0.0,0.003868472,0.0,1,0,0,1,1
55241,-1,0,2.4524086,0.9207374,1,1,unassigned,8.0,6.0,2.0,0.75,0.25,0.25,0.0116054155,0.0029013539,0,0,0,1,1
55242,0,1,-0.7522311,0.32033533,0,0,test,7.0,7.0,0.0,1.0,0.0,0.0,0.00967118,0.0,1,0,1,0,0
55243,-1,0,0.1390431,0.53470486,1,1,unassigned,4.0,4.0,0.0,1.0,0.0,0.0,0.003868472,0.0,0,0,0,1,0
55244,-1,1,-0.47595745,0.38320717,0,1,unassigned,32.0,32.0,0.0,1.0,0.0,0.0,0.058027077,0.0,1,0,0,0,0
55245,-1,1,3.2120457,0.96128505,1,1,unassigned,10.0,10.0,0.0,1.0,0.0,0.0,0.015473888,0.0,1,0,0,1,1
55246,-1,1,0.8150404,0.6931825,1,1,unassigned,19.0,18.0,1.0,0.94736844,0.05263158,0.052631557,0.032882012,0.0017306323,1,0,0,1,0
55247,-1,1,0.06860453,0.51714444,1,1,unassigned,4.0,4.0,0.0,1.0,0.0,0.0,0.003868472,0.0,1,0,0,1,0
55248,-1,1,3.4109647,0.96804553,1,1,unassigned,40.0,36.0,4.0,0.9,0.1,0.100000024,0.07350097,0.007350097,1,0,0,1,1
55249,-1,0,5.465504,0.99578756,1,1,unassigned,2.0,2.0,0.0,1.0,0.0,0.0,0.0,0.0,0,0,0,1,1
55250,-1,1,-0.9246035,0.28402084,0,1,unassigned,11.0,11.0,0.0,1.0,0.0,0.0,0.017408123,0.0,1,0,0,0,0
55251,-1,1,-0.76417804,0.31773984,0,1,unassigned,17.0,17.0,0.0,1.0,0.0,0.0,0.029013539,0.0,1,0,0,0,0
55252,0,1,-0.49574426,0.37854132,0,0,val,44.0,39.0,5.0,0.8863636,0.11363637,0.113636374,0.08123791,0.009231581,1,0,1,0,0
55253,0,0,0.11532527,0.5287994,1,1,test,91.0,85.0,6.0,0.93406594,0.06593407,0.06593406,0.172147,0.011350352,0,0,0,1,0
55254,1,0,0.6057171,0.64696324,1,0,val,54.0,7.0,47.0,0.12962963,0.8703704,0.8703704,0.10058027,0.08754209,0,0,1,1,0
55255,-1,0,1.1983197,0.7682257,1,1,unassigned,16.0,14.0,2.0,0.875,0.125,0.125,0.027079303,0.0033849129,0,0,0,1,0
55256,1,0,1.367624,0.79699606,1,0,train,16.0,15.0,1.0,0.9375,0.0625,0.0625,0.027079303,0.0016924564,0,0,1,1,0
55257,-1,0,0.80353373,0.6907299,1,1,unassigned,12.0,12.0,0.0,1.0,0.0,0.0,0.01934236,0.0,0,0,0,1,0
55258,-1,1,1.5907838,0.8307263,1,1,unassigned,22.0,20.0,2.0,0.90909094,0.09090909,0.090909064,0.03868472,0.0035167928,1,0,0,1,0
55259,-1,1,0.93682414,0.7184577,1,1,unassigned,19.0,19.0,0.0,1.0,0.0,0.0,0.032882012,0.0,1,0,0,1,0
55260,-1,1,-0.9009414,0.2888571,0,1,unassigned,20.0,20.0,0.0,1.0,0.0,0.0,0.034816246,0.0,1,0,0,0,0
55261,1,0,7.613667,0.9995066,1,0,unassigned,2.0,2.0,0.0,1.0,0.0,0.0,0.0,0.0,0,0,1,1,1
55262,1,0,1.7910397,0.8570547,1,0,test,2.0,2.0,0.0,1.0,0.0,0.0,0.0,0.0,0,0,1,1,0
55263,1,0,0.12964839,0.53236675,1,0,val,3.0,1.0,2.0,0.33333334,0.6666667,0.6666666,0.001934236,0.0012894907,0,0,1,1,0
55264,-1,0,2.1533659,0.89598286,1,1,unassigned,7.0,7.0,0.0,1.0,0.0,0.0,0.00967118,0.0,0,0,0,1,0
55265,-1,1,-0.30776075,0.4236614,0,1,unassigned,2.0,2.0,0.0,1.0,0.0,0.0,0.0,0.0,1,0,0,0,0
55266,0,1,0.16833907,0.5419857,1,1,unassigned,71.0,69.0,2.0,0.97183096,0.028169014,0.028169036,0.13346228,0.0037595008,1,0,0,1,0
55267,-1,1,0.38535613,0.59516424,1,1,unassigned,16.0,16.0,0.0,1.0,0.0,0.0,0.027079303,0.0,1,0,0,1,0
55268,-1,0,2.2022321,0.90044975,1,1,unassigned,2.0,2.0,0.0,1.0,0.0,0.0,0.0,0.0,0,0,0,1,1
55269,-1,1,-0.8288325,0.303892,0,1,unassigned,43.0,43.0,0.0,1.0,0.0,0.0,0.079303674,0.0,1,0,0,0,0
55270,-1,0,8.275782,0.9997454,1,1,unassigned,5.0,4.0,1.0,0.8,0.2,0.19999999,0.0058027077,0.0011605415,0,0,0,1,1
55271,-1,1,-0.7409499,0.32279646,0,1,unassigned,122.0,116.0,6.0,0.9508197,0.04918033,0.04918033,0.23210831,0.011415163,1,0,0,0,0
55272,0,1,-0.76535046,0.31748575,0,0,val,88.0,85.0,3.0,0.96590906,0.03409091,0.034090936,0.1663443,0.0056708287,1,0,1,0,0
55273,-1,1,4.850762,0.99223834,1,1,unassigned,10.0,9.0,1.0,0.9,0.1,0.100000024,0.015473888,0.0015473888,1,0,0,1,1
55274,-1,1,1.4951618,0.8168518,1,1,unassigned,9.0,9.0,0.0,1.0,0.0,0.0,0.013539651,0.0,1,0,0,1,0
55275,-1,1,0.43730336,0.60761625,1,1,unassigned,3.0,3.0,0.0,1.0,0.0,0.0,0.001934236,0.0,1,0,0,1,0
55276,-1,0,-0.0827654,0.47932044,0,1,unassigned,2.0,2.0,0.0,1.0,0.0,0.0,0.0,0.0,0,0,0,0,0
55277,-1,1,0.37211114,0.591969,1,1,unassigned,32.0,32.0,0.0,1.0,0.0,0.0,0.058027077,0.0,1,0,0,1,0
55278,-1,1,-0.91458213,0.2860631,0,1,unassigned,57.0,55.0,2.0,0.9649123,0.03508772,0.035087705,0.10638298,0.0037327362,1,0,0,0,0
55279,-1,1,-0.8702203,0.29520845,0,1,unassigned,60.0,57.0,3.0,0.95,0.05,0.050000012,0.11218569,0.0056092846,1,0,0,0,0
55280,1,1,-0.98602325,0.2716983,0,1,test,40.0,40.0,0.0,1.0,0.0,0.0,0.07350097,0.0,1,0,0,0,0
55281,0,1,-0.7368373,0.3236961,0,0,val,67.0,65.0,2.0,0.9701493,0.029850746,0.029850721,0.12572534,0.0037529953,1,0,1,0,0
55282,-1,1,-0.85421944,0.2985485,0,1,unassigned,20.0,20.0,0.0,1.0,0.0,0.0,0.034816246,0.0,1,0,0,0,0
55283,-1,0,1.1294789,0.7557427,1,1,unassigned,3.0,3.0,0.0,1.0,0.0,0.0,0.001934236,0.0,0,0,0,1,0
55284,-1,0,0.4143297,0.6021256,1,1,unassigned,2.0,2.0,0.0,1.0,0.0,0.0,0.0,0.0,0,0,0,1,0
55285,0,0,-0.7213349,0.32709908,0,0,val,4.0,4.0,0.0,1.0,0.0,0.0,0.003868472,0.0,0,0,1,0,0
55286,-1,1,0.38718194,0.5956042,1,1,unassigned,28.0,28.0,0.0,1.0,0.0,0.0,0.050290134,0.0,1,0,0,1,0
55287,-1,0,-0.36496037,0.40975934,0,1,unassigned,8.0,6.0,2.0,0.75,0.25,0.25,0.0116054155,0.0029013539,0,0,0,0,0
55288,-1,0,-0.49460575,0.37880918,0,1,unassigned,7.0,7.0,0.0,1.0,0.0,0.0,0.00967118,0.0,0,0,0,0,0
55289,-1,0,-0.75592667,0.3195313,0,1,unassigned,34.0,31.0,3.0,0.9117647,0.0882353,0.08823532,0.061895553,0.0054613724,0,0,0,0,0
55290,-1,0,4.274369,0.98627037,1,1,unassigned,2.0,2.0,0.0,1.0,0.0,0.0,0.0,0.0,0,0,0,1,1
55291,1,0,1.1592364,0.76119393,1,0,val,10.0,10.0,0.0,1.0,0.0,0.0,0.015473888,0.0,0,0,1,1,0
55292,-1,1,6.530617,0.9985441,1,1,unassigned,4.0,3.0,1.0,0.75,0.25,0.25,0.003868472,0.000967118,1,0,0,1,1
55293,-1,1,1.0897033,0.7483258,1,1,unassigned,7.0,7.0,0.0,1.0,0.0,0.0,0.00967118,0.0,1,0,0,1,0
55294,-1,0,1.334625,0.79160464,1,1,unassigned,9.0,9.0,0.0,1.0,0.0,0.0,0.013539651,0.0,0,0,0,1,0
55295,-1,1,-0.9437576,0.28014195,0,1,unassigned,17.0,17.0,0.0,1.0,0.0,0.0,0.029013539,0.0,1,0,0,0,0
55296,-1,0,-0.808933,0.3081179,0,1,unassigned,2.0,2.0,0.0,1.0,0.0,0.0,0.0,0.0,0,0,0,0,0
55297,-1,0,-0.47505546,0.3834204,0,1,unassigned,6.0,6.0,0.0,1.0,0.0,0.0,0.007736944,0.0,0,0,0,0,0
55298,0,0,-0.8194524,0.30587992,0,0,test,18.0,18.0,0.0,1.0,0.0,0.0,0.030947777,0.0,0,0,1,0,0
55299,-1,0,4.252909,0.9859767,1,1,unassigned,7.0,6.0,1.0,0.85714287,0.14285715,0.14285713,0.00967118,0.0013815971,0,0,0,1,1
55300,-1,0,0.19354182,0.548235,1,1,unassigned,8.0,8.0,0.0,1.0,0.0,0.0,0.0116054155,0.0,0,0,0,1,0
55301,0,0,0.08785516,0.52194965,1,1,test,10.0,10.0,0.0,1.0,0.0,0.0,0.015473888,0.0,0,0,0,1,0
55302,1,0,0.4239239,0.60442185,1,0,val,8.0,8.0,0.0,1.0,0.0,0.0,0.0116054155,0.0,0,0,1,1,0
55303,1,0,0.10801226,0.5269768,1,0,val,10.0,10.0,0.0,1.0,0.0,0.0,0.015473888,0.0,0,0,1,1,0
55304,-1,1,2.5621793,0.9283875,1,1,unassigned,5.0,5.0,0.0,1.0,0.0,0.0,0.0058027077,0.0,1,0,0,1,1
55305,-1,0,0.5820299,0.6415343,1,1,unassigned,12.0,12.0,0.0,1.0,0.0,0.0,0.01934236,0.0,0,0,0,1,0
55306,1,1,6.938007,0.9990307,1,0,unassigned,3.0,3.0,0.0,1.0,0.0,0.0,0.001934236,0.0,1,0,1,1,1
55307,-1,1,1.4758871,0.8139505,1,1,unassigned,6.0,6.0,0.0,1.0,0.0,0.0,0.007736944,0.0,1,0,0,1,0
55308,-1,1,2.4140723,0.9178941,1,1,unassigned,44.0,43.0,1.0,0.97727275,0.022727273,0.022727251,0.08123791,0.0018463163,1,0,0,1,1
55309,-1,1,0.26405472,0.56563276,1,1,unassigned,33.0,33.0,0.0,1.0,0.0,0.0,0.059961315,0.0,1,0,0,1,0
55310,-1,1,-0.6457913,0.34393856,0,1,unassigned,87.0,86.0,1.0,0.9885057,0.011494253,0.011494279,0.16441005,0.0018897707,1,0,0,0,0
55311,-1,0,0.57335645,0.6395373,1,1,unassigned,8.0,7.0,1.0,0.875,0.125,0.125,0.0116054155,0.0014506769,0,0,0,1,0
55312,-1,0,3.5555432,0.97222745,1,1,unassigned,8.0,8.0,0.0,1.0,0.0,0.0,0.0116054155,0.0,0,0,0,1,1
55313,-1,1,3.0421665,0.9544431,1,1,unassigned,14.0,13.0,1.0,0.9285714,0.071428575,0.0714286,0.023210831,0.0016579166,1,0,0,1,1
55314,-1,1,-0.837512,0.30205905,0,1,unassigned,54.0,54.0,0.0,1.0,0.0,0.0,0.10058027,0.0,1,0,0,0,0
55315,0,1,0.12100613,0.53021467,1,1,unassigned,14.0,13.0,1.0,0.9285714,0.071428575,0.0714286,0.023210831,0.0016579166,1,0,0,1,0
55316,-1,0,2.3079116,0.9095302,1,1,unassigned,2.0,2.0,0.0,1.0,0.0,0.0,0.0,0.0,0,0,0,1,1
55317,-1,0,-0.16862774,0.45794263,0,1,unassigned,19.0,19.0,0.0,1.0,0.0,0.0,0.032882012,0.0,0,0,0,0,0
55318,-1,0,-0.2645151,0.4342541,0,1,unassigned,2.0,1.0,1.0,0.5,0.5,0.5,0.0,0.0,0,0,0,0,0
55319,-1,1,3.155225,0.95911413,1,1,unassigned,6.0,5.0,1.0,0.8333333,0.16666667,0.16666669,0.007736944,0.0012894907,1,0,0,1,1
55320,-1,1,-0.88545066,0.29204953,0,1,unassigned,43.0,43.0,0.0,1.0,0.0,0.0,0.079303674,0.0,1,0,0,0,0
55321,-1,1,2.7884233,0.94204706,1,1,unassigned,4.0,2.0,2.0,0.5,0.5,0.5,0.003868472,0.001934236,1,0,0,1,1
55322,0,0,0.14081913,0.5351467,1,1,test,14.0,14.0,0.0,1.0,0.0,0.0,0.023210831,0.0,0,0,0,1,0
55323,-1,0,7.4654746,0.99942774,1,1,unassigned,2.0,2.0,0.0,1.0,0.0,0.0,0.0,0.0,0,0,0,1,1
55324,-1,0,1.6553485,0.8396126,1,1,unassigned,16.0,16.0,0.0,1.0,0.0,0.0,0.027079303,0.0,0,0,0,1,0
55325,-1,1,-0.20027518,0.45009792,0,1,unassigned,11.0,11.0,0.0,1.0,0.0,0.0,0.017408123,0.0,1,0,0,0,0
55326,-1,1,1.163238,0.76192063,1,1,unassigned,42.0,41.0,1.0,0.97619045,0.023809524,0.023809552,0.07736944,0.0018421295,1,0,0,1,0
55327,-1,1,0.7010372,0.6684177,1,1,unassigned,37.0,35.0,2.0,0.9459459,0.054054055,0.05405408,0.06769826,0.0036593657,1,0,0,1,0
55328,-1,1,-0.9207535,0.2848044,0,1,unassigned,45.0,45.0,0.0,1.0,0.0,0.0,0.08317215,0.0,1,0,0,0,0
55329,-1,0,-0.08823228,0.47795624,0,1,unassigned,62.0,61.0,1.0,0.983871,0.016129032,0.016129017,0.116054155,0.0018718411,0,0,0,0,0
55330,-1,0,9.351941,0.9999132,1,1,unassigned,5.0,4.0,1.0,0.8,0.2,0.19999999,0.0058027077,0.0011605415,0,0,0,1,1
55331,-1,1,8.871414,0.9998597,1,1,unassigned,23.0,17.0,6.0,0.73913044,0.26086956,0.26086956,0.040618956,0.010596249,1,0,0,1,1
55332,0,1,2.4714735,0.9221176,1,1,unassigned,21.0,20.0,1.0,0.95238096,0.04761905,0.047619045,0.036750484,0.0017500231,1,0,0,1,1
55333,-1,1,-0.23029673,0.44267893,0,1,unassigned,2.0,2.0,0.0,1.0,0.0,0.0,0.0,0.0,1,0,0,0,0
55334,0,1,-0.11324009,0.47172022,0,0,test,14.0,14.0,0.0,1.0,0.0,0.0,0.023210831,0.0,1,0,1,0,0
55335,-1,1,13.025856,0.99999785,1,1,unassigned,2.0,1.0,1.0,0.5,0.5,0.5,0.0,0.0,1,0,0,1,1
55336,1,0,5.9281354,0.9973436,1,0,unassigned,2.0,2.0,0.0,1.0,0.0,0.0,0.0,0.0,0,0,1,1,1
55337,-1,0,-0.1658591,0.45863003,0,1,unassigned,8.0,7.0,1.0,0.875,0.125,0.125,0.0116054155,0.0014506769,0,0,0,0,0
55338,-1,1,0.116015315,0.5289713,1,1,unassigned,5.0,5.0,0.0,1.0,0.0,0.0,0.0058027077,0.0,1,0,0,1,0
55339,-1,0,-0.6297528,0.3475666,0,1,unassigned,4.0,4.0,0.0,1.0,0.0,0.0,0.003868472,0.0,0,0,0,0,0
55340,-1,0,1.7236166,0.84859407,1,1,unassigned,6.0,6.0,0.0,1.0,0.0,0.0,0.007736944,0.0,0,0,0,1,0
55341,1,0,2.4852417,0.92310077,1,0,unassigned,2.0,2.0,0.0,1.0,0.0,0.0,0.0,0.0,0,0,1,1,1
55342,-1,0,1.4710126,0.8132112,1,1,unassigned,4.0,4.0,0.0,1.0,0.0,0.0,0.003868472,0.0,0,0,0,1,0
55343,-1,0,0.27403617,0.5680835,1,1,unassigned,3.0,3.0,0.0,1.0,0.0,0.0,0.001934236,0.0,0,0,0,1,0
55344,-1,0,-0.9660051,0.27567747,0,1,unassigned,2.0,1.0,1.0,0.5,0.5,0.5,0.0,0.0,0,0,0,0,0
55345,-1,1,-0.33644328,0.4166737,0,1,unassigned,10.0,9.0,1.0,0.9,0.1,0.100000024,0.015473888,0.0015473888,1,0,0,0,0
55346,-1,1,0.92243034,0.715537,1,1,unassigned,8.0,8.0,0.0,1.0,0.0,0.0,0.0116054155,0.0,1,0,0,1,0
55347,-1,0,-0.67733717,0.3368559,0,1,unassigned,5.0,5.0,0.0,1.0,0.0,0.0,0.0058027077,0.0,0,0,0,0,0
55348,-1,1,-0.6667961,0.33921462,0,1,unassigned,46.0,44.0,2.0,0.95652175,0.04347826,0.04347825,0.08510638,0.0037002775,1,0,0,0,0
55349,-1,1,9.10717,0.99988914,1,1,unassigned,3.0,3.0,0.0,1.0,0.0,0.0,0.001934236,0.0,1,0,0,1,1
55350,-1,0,-1.4212657,0.19446324,0,1,unassigned,2.0,2.0,0.0,1.0,0.0,0.0,0.0,0.0,0,0,0,0,0
55351,-1,0,-0.5238521,0.37195194,0,1,unassigned,23.0,23.0,0.0,1.0,0.0,0.0,0.040618956,0.0,0,0,0,0,0
55352,-1,1,5.978946,0.99747485,1,1,unassigned,2.0,1.0,1.0,0.5,0.5,0.5,0.0,0.0,1,0,0,1,1
55353,-1,0,0.16386163,0.54087394,1,1,unassigned,2.0,2.0,0.0,1.0,0.0,0.0,0.0,0.0,0,0,0,1,0
55354,0,0,-0.5577538,0.36406735,0,0,unassigned,6.0,6.0,0.0,1.0,0.0,0.0,0.007736944,0.0,0,0,1,0,0
55355,-1,1,1.3692973,0.7972666,1,1,unassigned,36.0,36.0,0.0,1.0,0.0,0.0,0.065764025,0.0,1,0,0,1,0
55356,-1,1,0.25649232,0.5637738,1,1,unassigned,4.0,1.0,3.0,0.25,0.75,0.75,0.003868472,0.002901354,1,0,0,1,0
55357,-1,1,-0.8576966,0.2978208,0,1,unassigned,29.0,28.0,1.0,0.9655172,0.03448276,0.034482777,0.05222437,0.0018008404,1,0,0,0,0
55358,-1,1,-0.3108366,0.42291054,0,1,unassigned,30.0,30.0,0.0,1.0,0.0,0.0,0.054158606,0.0,1,0,0,0,0
55359,-1,0,-0.5477515,0.36638623,0,1,unassigned,3.0,3.0,0.0,1.0,0.0,0.0,0.001934236,0.0,0,0,0,0,0
55360,-1,0,-0.49822363,0.3779582,0,1,unassigned,4.0,4.0,0.0,1.0,0.0,0.0,0.003868472,0.0,0,0,0,0,0
55361,-1,0,0.27537936,0.5684131,1,1,unassigned,6.0,1.0,5.0,0.16666667,0.8333333,0.8333333,0.007736944,0.0064474535,0,0,0,1,0
55362,-1,1,4.381879,0.98765254,1,1,unassigned,17.0,14.0,3.0,0.8235294,0.1764706,0.17647058,0.029013539,0.005120036,1,0,0,1,1
55363,-1,1,-0.34362328,0.41492963,0,1,unassigned,43.0,43.0,0.0,1.0,0.0,0.0,0.079303674,0.0,1,0,0,0,0
55364,-1,1,-0.7644602,0.31767872,0,1,unassigned,84.0,81.0,3.0,0.96428573,0.035714287,0.03571427,0.15860735,0.0056645484,1,0,0,0,0
55365,-1,1,-0.6212676,0.3494932,0,1,unassigned,6.0,6.0,0.0,1.0,0.0,0.0,0.007736944,0.0,1,0,0,0,0
55366,1,1,-0.95746803,0.2773854,0,1,unassigned,38.0,37.0,1.0,0.9736842,0.02631579,0.026315808,0.06963249,0.0018324341,1,0,0,0,0
55367,-1,1,-0.846205,0.30022958,0,1,unassigned,27.0,27.0,0.0,1.0,0.0,0.0,0.0483559,0.0,1,0,0,0,0
55368,-1,1,-0.6025874,0.35375196,0,1,unassigned,64.0,64.0,0.0,1.0,0.0,0.0,0.11992263,0.0,1,0,0,0,0
55369,-1,0,1.7231786,0.8485378,1,1,unassigned,3.0,2.0,1.0,0.6666667,0.33333334,0.3333333,0.001934236,0.00064474536,0,0,0,1,0
55370,-1,0,-0.3850858,0.40490085,0,1,unassigned,7.0,7.0,0.0,1.0,0.0,0.0,0.00967118,0.0,0,0,0,0,0
55371,-1,1,-0.41829428,0.396925,0,1,unassigned,2.0,2.0,0.0,1.0,0.0,0.0,0.0,0.0,1,0,0,0,0
55372,-1,1,6.119107,0.99780446,1,1,unassigned,26.0,26.0,0.0,1.0,0.0,0.0,0.046421662,0.0,1,0,0,1,1
55373,-1,1,2.9934733,0.9522784,1,1,unassigned,12.0,12.0,0.0,1.0,0.0,0.0,0.01934236,0.0,1,0,0,1,1
55374,0,0,-0.24388853,0.43932828,0,0,test,4.0,4.0,0.0,1.0,0.0,0.0,0.003868472,0.0,0,0,1,0,0
55375,0,0,0.071166515,0.5177841,1,1,test,11.0,11.0,0.0,1.0,0.0,0.0,0.017408123,0.0,0,0,0,1,0
55376,-1,0,8.972799,0.99987316,1,1,unassigned,3.0,3.0,0.0,1.0,0.0,0.0,0.001934236,0.0,0,0,0,1,1
55377,-1,0,0.024759173,0.50618947,1,1,unassigned,2.0,2.0,0.0,1.0,0.0,0.0,0.0,0.0,0,0,0,1,0
55378,-1,1,0.21638995,0.55388737,1,1,unassigned,9.0,9.0,0.0,1.0,0.0,0.0,0.013539651,0.0,1,0,0,1,0
55379,-1,1,3.3505251,0.9661221,1,1,unassigned,33.0,33.0,0.0,1.0,0.0,0.0,0.059961315,0.0,1,0,0,1,1
55380,-1,1,2.1676853,0.89730984,1,1,unassigned,30.0,29.0,1.0,0.96666664,0.033333335,0.03333336,0.054158606,0.001805287,1,0,0,1,0
55381,-1,0,0.4643336,0.6140417,1,1,unassigned,12.0,12.0,0.0,1.0,0.0,0.0,0.01934236,0.0,0,0,0,1,0
55382,-1,0,6.9135637,0.9990068,1,1,unassigned,6.0,5.0,1.0,0.8333333,0.16666667,0.16666669,0.007736944,0.0012894907,0,0,0,1,1
55383,-1,1,0.40015417,0.59872466,1,1,unassigned,4.0,4.0,0.0,1.0,0.0,0.0,0.003868472,0.0,1,0,0,1,0
55384,1,0,8.724727,0.9998375,1,0,val,17.0,16.0,1.0,0.9411765,0.05882353,0.058823526,0.029013539,0.0017066788,0,0,1,1,1
55385,-1,0,9.408478,0.999918,1,1,unassigned,5.0,5.0,0.0,1.0,0.0,0.0,0.0058027077,0.0,0,0,0,1,1
55386,-1,1,5.6824603,0.99660635,1,1,unassigned,72.0,66.0,6.0,0.9166667,0.083333336,0.08333331,0.13539653,0.011283044,1,0,0,1,1
55387,0,0,-0.11211103,0.47200155,0,0,val,19.0,19.0,0.0,1.0,0.0,0.0,0.032882012,0.0,0,0,1,0,0
55388,-1,0,-0.0131441355,0.49671403,0,1,unassigned,6.0,6.0,0.0,1.0,0.0,0.0,0.007736944,0.0,0,0,0,0,0
55389,0,0,-0.4930862,0.3791668,0,0,unassigned,9.0,9.0,0.0,1.0,0.0,0.0,0.013539651,0.0,0,0,1,0,0
55390,-1,0,-0.47034907,0.38453358,0,1,unassigned,13.0,13.0,0.0,1.0,0.0,0.0,0.021276595,0.0,0,0,0,0,0
55391,-1,0,-0.5206696,0.37269565,0,1,unassigned,32.0,28.0,4.0,0.875,0.125,0.125,0.058027077,0.0072533847,0,0,0,0,0
55392,-1,0,1.204597,0.7693415,1,1,unassigned,2.0,2.0,0.0,1.0,0.0,0.0,0.0,0.0,0,0,0,1,0
55393,-1,1,8.614989,0.99981874,1,1,unassigned,4.0,4.0,0.0,1.0,0.0,0.0,0.003868472,0.0,1,0,0,1,1
55394,-1,0,1.9451883,0.874921,1,1,unassigned,4.0,4.0,0.0,1.0,0.0,0.0,0.003868472,0.0,0,0,0,1,0
55395,-1,0,2.3657944,0.9141815,1,1,unassigned,3.0,3.0,0.0,1.0,0.0,0.0,0.001934236,0.0,0,0,0,1,1
55396,-1,0,-0.011575341,0.49710622,0,1,unassigned,24.0,24.0,0.0,1.0,0.0,0.0,0.04255319,0.0,0,0,0,0,0
55397,-1,1,-0.61893916,0.35002276,0,1,unassigned,21.0,21.0,0.0,1.0,0.0,0.0,0.036750484,0.0,1,0,0,0,0
55398,-1,1,0.10462189,0.52613163,1,1,unassigned,21.0,21.0,0.0,1.0,0.0,0.0,0.036750484,0.0,1,0,0,1,0
55399,0,1,-0.8045709,0.30904862,0,0,val,20.0,20.0,0.0,1.0,0.0,0.0,0.034816246,0.0,1,0,1,0,0
55400,-1,1,0.734767,0.67585045,1,1,unassigned,66.0,65.0,1.0,0.9848485,0.015151516,0.015151501,0.123791106,0.0018756229,1,0,0,1,0
55401,-1,0,1.0629156,0.74324733,1,1,unassigned,2.0,2.0,0.0,1.0,0.0,0.0,0.0,0.0,0,0,0,1,0
55402,-1,0,0.43469948,0.6069953,1,1,unassigned,15.0,15.0,0.0,1.0,0.0,0.0,0.025145067,0.0,0,0,0,1,0
55403,-1,1,-0.7619006,0.3182338,0,1,unassigned,89.0,86.0,3.0,0.96629214,0.033707865,0.033707857,0.16827853,0.00567231,1,0,0,0,0
55404,-1,0,5.806495,0.997001,1,1,unassigned,3.0,2.0,1.0,0.6666667,0.33333334,0.3333333,0.001934236,0.00064474536,0,0,0,1,1
55405,-1,0,2.7911704,0.9421968,1,1,unassigned,4.0,3.0,1.0,0.75,0.25,0.25,0.003868472,0.000967118,0,0,0,1,1
55406,-1,0,-0.05330795,0.48667622,0,1,unassigned,51.0,51.0,0.0,1.0,0.0,0.0,0.09477756,0.0,0,0,0,0,0
55407,-1,1,6.563132,0.9985905,1,1,unassigned,2.0,2.0,0.0,1.0,0.0,0.0,0.0,0.0,1,0,0,1,1
55408,1,0,0.872196,0.70520246,1,0,test,20.0,20.0,0.0,1.0,0.0,0.0,0.034816246,0.0,0,0,1,1,0
55409,-1,0,3.893091,0.9800249,1,1,unassigned,3.0,3.0,0.0,1.0,0.0,0.0,0.001934236,0.0,0,0,0,1,1
55410,-1,1,-0.42593873,0.39509657,0,1,unassigned,29.0,24.0,5.0,0.82758623,0.1724138,0.17241377,0.05222437,0.009004202,1,0,0,0,0
55411,-1,1,7.5134845,0.9994547,1,1,unassigned,61.0,53.0,8.0,0.86885244,0.13114753,0.13114756,0.114119925,0.014966547,1,0,0,1,1
55412,1,0,0.60569006,0.64695704,1,0,unassigned,27.0,26.0,1.0,0.962963,0.037037037,0.037037015,0.0483559,0.0017909593,0,0,1,1,0
55413,-1,0,2.4703135,0.92203426,1,1,unassigned,39.0,36.0,3.0,0.9230769,0.07692308,0.07692307,0.07156673,0.0055051334,0,0,0,1,1
55414,-1,0,1.4698889,0.8130405,1,1,unassigned,15.0,15.0,0.0,1.0,0.0,0.0,0.025145067,0.0,0,0,0,1,0
55415,-1,0,1.7253084,0.8488113,1,1,unassigned,23.0,23.0,0.0,1.0,0.0,0.0,0.040618956,0.0,0,0,0,1,0
55416,-1,0,-0.7642084,0.31773326,0,1,unassigned,3.0,2.0,1.0,0.6666667,0.33333334,0.3333333,0.001934236,0.00064474536,0,0,0,0,0
55417,1,0,0.08298075,0.5207333,1,0,test,8.0,7.0,1.0,0.875,0.125,0.125,0.0116054155,0.0014506769,0,0,1,1,0
55418,-1,0,-0.5009477,0.37731797,0,1,unassigned,7.0,7.0,0.0,1.0,0.0,0.0,0.00967118,0.0,0,0,0,0,0
55419,1,0,3.6651328,0.97503823,1,0,unassigned,4.0,4.0,0.0,1.0,0.0,0.0,0.003868472,0.0,0,0,1,1,1
55420,-1,1,-0.36004487,0.41094866,0,1,unassigned,10.0,10.0,0.0,1.0,0.0,0.0,0.015473888,0.0,1,0,0,0,0
55421,-1,1,-0.5544825,0.36482507,0,1,unassigned,2.0,2.0,0.0,1.0,0.0,0.0,0.0,0.0,1,0,0,0,0
55422,-1,1,-0.80318624,0.30934435,0,1,unassigned,25.0,25.0,0.0,1.0,0.0,0.0,0.044487428,0.0,1,0,0,0,0
55423,-1,0,0.6419367,0.6551911,1,1,unassigned,3.0,3.0,0.0,1.0,0.0,0.0,0.001934236,0.0,0,0,0,1,0
55424,-1,1,0.10299194,0.52572525,1,1,unassigned,18.0,18.0,0.0,1.0,0.0,0.0,0.030947777,0.0,1,0,0,1,0
55425,-1,0,-0.36290622,0.41025624,0,1,unassigned,8.0,8.0,0.0,1.0,0.0,0.0,0.0116054155,0.0,0,0,0,0,0
55426,-1,1,-0.43032563,0.39404854,0,1,unassigned,14.0,14.0,0.0,1.0,0.0,0.0,0.023210831,0.0,1,0,0,0,0
55427,-1,0,-0.40135288,0.4009873,0,1,unassigned,7.0,7.0,0.0,1.0,0.0,0.0,0.00967118,0.0,0,0,0,0,0
55428,-1,1,4.1244087,0.9840844,1,1,unassigned,3.0,3.0,0.0,1.0,0.0,0.0,0.001934236,0.0,1,0,0,1,1
55429,-1,1,-0.49209172,0.37940094,0,1,unassigned,5.0,4.0,1.0,0.8,0.2,0.19999999,0.0058027077,0.0011605415,1,0,0,0,0
55430,-1,1,2.8340638,0.94448906,1,1,unassigned,6.0,5.0,1.0,0.8333333,0.16666667,0.16666669,0.007736944,0.0012894907,1,0,0,1,1
55431,-1,1,5.6811256,0.9966018,1,1,unassigned,3.0,3.0,0.0,1.0,0.0,0.0,0.001934236,0.0,1,0,0,1,1
55432,0,1,-0.19469094,0.45148045,0,0,test,12.0,12.0,0.0,1.0,0.0,0.0,0.01934236,0.0,1,0,1,0,0
55433,-1,1,-0.5912853,0.35634002,0,1,unassigned,28.0,27.0,1.0,0.96428573,0.035714287,0.03571427,0.050290134,0.0017960763,1,0,0,0,0
55434,-1,1,-0.1619047,0.45961204,0,1,unassigned,49.0,48.0,1.0,0.97959185,0.020408163,0.020408154,0.09090909,0.0018552876,1,0,0,0,0
55435,-1,0,-0.5542952,0.3648685,0,1,unassigned,2.0,2.0,0.0,1.0,0.0,0.0,0.0,0.0,0,0,0,0,0
55436,-1,0,-0.574191,0.36027032,0,1,unassigned,2.0,2.0,0.0,1.0,0.0,0.0,0.0,0.0,0,0,0,0,0
55437,-1,0,-0.5960948,0.35523763,0,1,unassigned,6.0,6.0,0.0,1.0,0.0,0.0,0.007736944,0.0,0,0,0,0,0
55438,1,1,5.418781,0.995587,1,0,val,18.0,17.0,1.0,0.9444444,0.055555556,0.055555582,0.030947777,0.0017193209,1,0,1,1,1
55439,-1,0,-0.4589256,0.3872407,0,1,unassigned,4.0,4.0,0.0,1.0,0.0,0.0,0.003868472,0.0,0,0,0,0,0
55440,-1,0,-0.17248869,0.45698443,0,1,unassigned,37.0,37.0,0.0,1.0,0.0,0.0,0.06769826,0.0,0,0,0,0,0
55441,-1,1,1.1465719,0.7588842,1,1,unassigned,5.0,4.0,1.0,0.8,0.2,0.19999999,0.0058027077,0.0011605415,1,0,0,1,0
55442,-1,0,-0.21618575,0.44616306,0,1,unassigned,20.0,19.0,1.0,0.95,0.05,0.050000012,0.034816246,0.0017408123,0,0,0,0,0
55443,-1,0,5.913283,0.99730396,1,1,unassigned,6.0,6.0,0.0,1.0,0.0,0.0,0.007736944,0.0,0,0,0,1,1
55444,-1,0,3.96814,0.9814423,1,1,unassigned,9.0,9.0,0.0,1.0,0.0,0.0,0.013539651,0.0,0,0,0,1,1
55445,-1,0,-0.024544477,0.49386418,0,1,unassigned,18.0,18.0,0.0,1.0,0.0,0.0,0.030947777,0.0,0,0,0,0,0
55446,-1,1,4.2040486,0.98528475,1,1,unassigned,3.0,3.0,0.0,1.0,0.0,0.0,0.001934236,0.0,1,0,0,1,1
55447,-1,1,0.15020454,0.5374807,1,1,unassigned,13.0,13.0,0.0,1.0,0.0,0.0,0.021276595,0.0,1,0,0,1,0
55448,-1,1,2.9365659,0.9496247,1,1,unassigned,4.0,4.0,0.0,1.0,0.0,0.0,0.003868472,0.0,1,0,0,1,1
55449,-1,0,1.2916529,0.7844268,1,1,unassigned,2.0,2.0,0.0,1.0,0.0,0.0,0.0,0.0,0,0,0,1,0
55450,0,0,-0.7740664,0.3156001,0,0,unassigned,6.0,6.0,0.0,1.0,0.0,0.0,0.007736944,0.0,0,0,1,0,0
55451,-1,0,13.46031,0.99999857,1,1,unassigned,24.0,22.0,2.0,0.9166667,0.083333336,0.08333331,0.04255319,0.0035460992,0,0,0,1,1
55452,-1,0,0.9811687,0.7273401,1,1,unassigned,4.0,3.0,1.0,0.75,0.25,0.25,0.003868472,0.000967118,0,0,0,1,0
55453,-1,0,-0.8988427,0.28928837,0,1,unassigned,13.0,11.0,2.0,0.84615386,0.15384616,0.15384614,0.021276595,0.0032733225,0,0,0,0,0
55454,-1,1,4.1010747,0.98371476,1,1,unassigned,4.0,4.0,0.0,1.0,0.0,0.0,0.003868472,0.0,1,0,0,1,1
55455,-1,0,-0.70746773,0.33015862,0,1,unassigned,12.0,12.0,0.0,1.0,0.0,0.0,0.01934236,0.0,0,0,0,0,0
55456,0,0,-0.8576466,0.29783127,0,0,val,2.0,2.0,0.0,1.0,0.0,0.0,0.0,0.0,0,0,1,0,0
55457,-1,0,0.8671647,0.7041554,1,1,unassigned,10.0,10.0,0.0,1.0,0.0,0.0,0.015473888,0.0,0,0,0,1,0
55458,0,1,-0.2306096,0.44260174,0,0,unassigned,7.0,7.0,0.0,1.0,0.0,0.0,0.00967118,0.0,1,0,1,0,0
55459,0,1,-0.20929232,0.4478671,0,0,unassigned,3.0,1.0,2.0,0.33333334,0.6666667,0.6666666,0.001934236,0.0012894907,1,0,1,0,0
55460,-1,0,-0.72113395,0.32714334,0,1,unassigned,4.0,4.0,0.0,1.0,0.0,0.0,0.003868472,0.0,0,0,0,0,0
55461,1,1,-0.5230317,0.3721436,0,1,val,83.0,67.0,16.0,0.8072289,0.19277108,0.19277108,0.15667312,0.030202046,1,0,0,0,0
55462,0,1,-0.4368921,0.39248174,0,0,unassigned,22.0,21.0,1.0,0.95454544,0.045454547,0.04545456,0.03868472,0.0017583964,1,0,1,0,0
55463,-1,0,2.2990086,0.90879494,1,1,unassigned,6.0,6.0,0.0,1.0,0.0,0.0,0.007736944,0.0,0,0,0,1,1
55464,-1,1,4.10154,0.98372215,1,1,unassigned,3.0,3.0,0.0,1.0,0.0,0.0,0.001934236,0.0,1,0,0,1,1
55465,-1,0,4.638218,0.9904178,1,1,unassigned,2.0,1.0,1.0,0.5,0.5,0.5,0.0,0.0,0,0,0,1,1
55466,-1,0,3.8842738,0.97985154,1,1,unassigned,5.0,5.0,0.0,1.0,0.0,0.0,0.0058027077,0.0,0,0,0,1,1
55467,-1,1,-0.6011707,0.35407588,0,1,unassigned,23.0,23.0,0.0,1.0,0.0,0.0,0.040618956,0.0,1,0,0,0,0
55468,-1,1,-0.67373085,0.33766198,0,1,unassigned,6.0,6.0,0.0,1.0,0.0,0.0,0.007736944,0.0,1,0,0,0,0
55469,-1,1,0.11142784,0.52782816,1,1,unassigned,8.0,6.0,2.0,0.75,0.25,0.25,0.0116054155,0.0029013539,1,0,0,1,0
55470,-1,0,2.446707,0.9203203,1,1,unassigned,2.0,2.0,0.0,1.0,0.0,0.0,0.0,0.0,0,0,0,1,1
55471,-1,0,3.3457992,0.965967,1,1,unassigned,3.0,3.0,0.0,1.0,0.0,0.0,0.001934236,0.0,0,0,0,1,1
55472,-1,0,6.1546845,0.997881,1,1,unassigned,3.0,2.0,1.0,0.6666667,0.33333334,0.3333333,0.001934236,0.00064474536,0,0,0,1,1
55473,-1,1,-0.57621455,0.3598041,0,1,unassigned,53.0,52.0,1.0,0.9811321,0.018867925,0.01886791,0.09864604,0.0018612461,1,0,0,0,0
55474,-1,1,-0.16993693,0.45761767,0,1,unassigned,30.0,29.0,1.0,0.96666664,0.033333335,0.03333336,0.054158606,0.001805287,1,0,0,0,0
55475,-1,1,2.9240863,0.9490243,1,1,unassigned,15.0,13.0,2.0,0.8666667,0.13333334,0.13333333,0.025145067,0.0033526758,1,0,0,1,1
55476,-1,0,1.0762646,0.7457864,1,1,unassigned,2.0,2.0,0.0,1.0,0.0,0.0,0.0,0.0,0,0,0,1,0
55477,-1,1,2.711354,0.9376933,1,1,unassigned,2.0,2.0,0.0,1.0,0.0,0.0,0.0,0.0,1,0,0,1,1
55478,-1,0,9.317659,0.99991024,1,1,unassigned,4.0,1.0,3.0,0.25,0.75,0.75,0.003868472,0.002901354,0,0,0,1,1
55479,-1,1,3.5133274,0.9710646,1,1,unassigned,2.0,2.0,0.0,1.0,0.0,0.0,0.0,0.0,1,0,0,1,1
55480,-1,0,-0.92896783,0.28313416,0,1,unassigned,2.0,2.0,0.0,1.0,0.0,0.0,0.0,0.0,0,0,0,0,0
55481,-1,1,12.733128,0.999997,1,1,unassigned,2.0,2.0,0.0,1.0,0.0,0.0,0.0,0.0,1,0,0,1,1
55482,1,0,9.590361,0.9999316,1,0,test,4.0,4.0,0.0,1.0,0.0,0.0,0.003868472,0.0,0,0,1,1,1
55483,-1,1,0.48813754,0.6196676,1,1,unassigned,19.0,19.0,0.0,1.0,0.0,0.0,0.032882012,0.0,1,0,0,1,0
55484,-1,1,0.5305727,0.6296166,1,1,unassigned,3.0,3.0,0.0,1.0,0.0,0.0,0.001934236,0.0,1,0,0,1,0
55485,0,1,-0.2959531,0.42654708,0,0,unassigned,75.0,61.0,14.0,0.81333333,0.18666667,0.18666667,0.14119923,0.02635719,1,0,1,0,0
55486,-1,1,1.7191985,0.84802556,1,1,unassigned,8.0,7.0,1.0,0.875,0.125,0.125,0.0116054155,0.0014506769,1,0,0,1,0
55487,-1,0,1.4811728,0.81474966,1,1,unassigned,5.0,5.0,0.0,1.0,0.0,0.0,0.0058027077,0.0,0,0,0,1,0
55488,-1,0,1.772881,0.8548156,1,1,unassigned,4.0,4.0,0.0,1.0,0.0,0.0,0.003868472,0.0,0,0,0,1,0
55489,-1,1,-0.50465083,0.37644833,0,1,unassigned,40.0,40.0,0.0,1.0,0.0,0.0,0.07350097,0.0,1,0,0,0,0
55490,-1,1,-0.5475186,0.36644027,0,1,unassigned,31.0,31.0,0.0,1.0,0.0,0.0,0.056092843,0.0,1,0,0,0,0
55491,-1,1,-0.19880909,0.45046076,0,1,unassigned,18.0,18.0,0.0,1.0,0.0,0.0,0.030947777,0.0,1,0,0,0,0
55492,-1,1,5.809807,0.99701095,1,1,unassigned,7.0,7.0,0.0,1.0,0.0,0.0,0.00967118,0.0,1,0,0,1,1
55493,-1,0,4.6954255,0.9909457,1,1,unassigned,25.0,22.0,3.0,0.88,0.12,0.120000005,0.044487428,0.0053384914,0,0,0,1,1
55494,1,0,3.1192045,0.957678,1,0,train,7.0,6.0,1.0,0.85714287,0.14285715,0.14285713,0.00967118,0.0013815971,0,0,1,1,1
55495,-1,0,4.4768233,0.9887583,1,1,unassigned,21.0,16.0,5.0,0.7619048,0.23809524,0.23809522,0.036750484,0.0087501155,0,0,0,1,1
55496,-1,0,-0.6834859,0.33548373,0,1,unassigned,2.0,2.0,0.0,1.0,0.0,0.0,0.0,0.0,0,0,0,0,0
55497,-1,0,3.5649254,0.9724797,1,1,unassigned,2.0,2.0,0.0,1.0,0.0,0.0,0.0,0.0,0,0,0,1,1
55498,-1,0,2.551044,0.9276436,1,1,unassigned,19.0,19.0,0.0,1.0,0.0,0.0,0.032882012,0.0,0,0,0,1,1
55499,-1,0,1.2108314,0.77044606,1,1,unassigned,2.0,2.0,0.0,1.0,0.0,0.0,0.0,0.0,0,0,0,1,0
55500,-1,0,4.3738575,0.98755425,1,1,unassigned,2.0,2.0,0.0,1.0,0.0,0.0,0.0,0.0,0,0,0,1,1
55501,-1,0,4.8945656,0.9925685,1,1,unassigned,3.0,3.0,0.0,1.0,0.0,0.0,0.001934236,0.0,0,0,0,1,1
55502,-1,0,0.2458666,0.5611589,1,1,unassigned,2.0,2.0,0.0,1.0,0.0,0.0,0.0,0.0,0,0,0,1,0
55503,-1,1,2.2248275,0.90245694,1,1,unassigned,2.0,2.0,0.0,1.0,0.0,0.0,0.0,0.0,1,0,0,1,1
55504,-1,1,2.7055404,0.9373528,1,1,unassigned,2.0,2.0,0.0,1.0,0.0,0.0,0.0,0.0,1,0,0,1,1
55505,-1,1,6.3334155,0.9982272,1,1,unassigned,2.0,2.0,0.0,1.0,0.0,0.0,0.0,0.0,1,0,0,1,1
55506,-1,1,-0.034237564,0.49144146,0,1,unassigned,4.0,4.0,0.0,1.0,0.0,0.0,0.003868472,0.0,1,0,0,0,0
55507,-1,1,-0.5449111,0.3670459,0,1,unassigned,10.0,9.0,1.0,0.9,0.1,0.100000024,0.015473888,0.0015473888,1,0,0,0,0
55508,0,0,3.0317771,0.95398927,1,1,unassigned,6.0,5.0,1.0,0.8333333,0.16666667,0.16666669,0.007736944,0.0012894907,0,0,0,1,1
55509,0,1,-0.3821758,0.40560222,0,0,val,18.0,17.0,1.0,0.9444444,0.055555556,0.055555582,0.030947777,0.0017193209,1,0,1,0,0
55510,-1,0,2.7863767,0.9419352,1,1,unassigned,2.0,2.0,0.0,1.0,0.0,0.0,0.0,0.0,0,0,0,1,1
55511,-1,1,6.561557,0.99858826,1,1,unassigned,8.0,8.0,0.0,1.0,0.0,0.0,0.0116054155,0.0,1,0,0,1,1
55512,-1,0,0.82665557,0.6956473,1,1,unassigned,22.0,20.0,2.0,0.90909094,0.09090909,0.090909064,0.03868472,0.0035167928,0,0,0,1,0
55513,-1,1,1.150852,0.7596665,1,1,unassigned,5.0,5.0,0.0,1.0,0.0,0.0,0.0058027077,0.0,1,0,0,1,0
55514,-1,0,-0.06464487,0.4838444,0,1,unassigned,12.0,12.0,0.0,1.0,0.0,0.0,0.01934236,0.0,0,0,0,0,0
55515,-1,0,0.73325306,0.67551875,1,1,unassigned,10.0,10.0,0.0,1.0,0.0,0.0,0.015473888,0.0,0,0,0,1,0
55516,1,1,10.723232,0.99997795,1,0,unassigned,2.0,2.0,0.0,1.0,0.0,0.0,0.0,0.0,1,0,1,1,1
55517,0,0,-0.20762959,0.44827828,0,0,test,6.0,6.0,0.0,1.0,0.0,0.0,0.007736944,0.0,0,0,1,0,0
55518,-1,1,3.82669,0.97868276,1,1,unassigned,7.0,7.0,0.0,1.0,0.0,0.0,0.00967118,0.0,1,0,0,1,1
55519,-1,1,0.4022321,0.59922385,1,1,unassigned,3.0,3.0,0.0,1.0,0.0,0.0,0.001934236,0.0,1,0,0,1,0
55520,-1,1,2.6265404,0.9325503,1,1,unassigned,5.0,5.0,0.0,1.0,0.0,0.0,0.0058027077,0.0,1,0,0,1,1
55521,1,1,6.4355936,0.9983991,1,0,unassigned,15.0,14.0,1.0,0.93333334,0.06666667,0.06666666,0.025145067,0.0016763379,1,0,1,1,1
55522,-1,0,5.2593865,0.9948284,1,1,unassigned,7.0,5.0,2.0,0.71428573,0.2857143,0.28571427,0.00967118,0.0027631943,0,0,0,1,1
55523,-1,0,-0.23546419,0.44140443,0,1,unassigned,10.0,10.0,0.0,1.0,0.0,0.0,0.015473888,0.0,0,0,0,0,0
55524,-1,0,5.1114125,0.99400854,1,1,unassigned,30.0,29.0,1.0,0.96666664,0.033333335,0.03333336,0.054158606,0.001805287,0,0,0,1,1
55525,-1,1,-0.26188543,0.4349003,0,1,unassigned,2.0,2.0,0.0,1.0,0.0,0.0,0.0,0.0,1,0,0,0,0
55526,-1,1,-0.3960272,0.40226722,0,1,unassigned,5.0,5.0,0.0,1.0,0.0,0.0,0.0058027077,0.0,1,0,0,0,0
55527,-1,0,13.577246,0.9999987,1,1,unassigned,2.0,2.0,0.0,1.0,0.0,0.0,0.0,0.0,0,0,0,1,1
55528,-1,1,2.060768,0.88703114,1,1,unassigned,18.0,16.0,2.0,0.8888889,0.11111111,0.111111104,0.030947777,0.0034386418,1,0,0,1,0
55529,-1,1,0.077412546,0.51934344,1,1,unassigned,5.0,5.0,0.0,1.0,0.0,0.0,0.0058027077,0.0,1,0,0,1,0
55530,-1,1,4.931337,0.9928349,1,1,unassigned,7.0,6.0,1.0,0.85714287,0.14285715,0.14285713,0.00967118,0.0013815971,1,0,0,1,1
55531,-1,1,0.71614534,0.6717576,1,1,unassigned,3.0,3.0,0.0,1.0,0.0,0.0,0.001934236,0.0,1,0,0,1,0
55532,-1,1,1.4935441,0.8166097,1,1,unassigned,5.0,3.0,2.0,0.6,0.4,0.39999998,0.0058027077,0.002321083,1,0,0,1,0
55533,-1,0,5.729834,0.9967629,1,1,unassigned,3.0,2.0,1.0,0.6666667,0.33333334,0.3333333,0.001934236,0.00064474536,0,0,0,1,1
55534,-1,0,1.5958297,0.8314348,1,1,unassigned,2.0,2.0,0.0,1.0,0.0,0.0,0.0,0.0,0,0,0,1,0
55535,-1,0,6.4657035,0.9984465,1,1,unassigned,5.0,5.0,0.0,1.0,0.0,0.0,0.0058027077,0.0,0,0,0,1,1
55536,-1,0,3.1431944,0.9586398,1,1,unassigned,2.0,2.0,0.0,1.0,0.0,0.0,0.0,0.0,0,0,0,1,1
55537,-1,1,-0.29435286,0.42693853,0,1,unassigned,15.0,13.0,2.0,0.8666667,0.13333334,0.13333333,0.025145067,0.0033526758,1,0,0,0,0
55538,-1,0,-0.22851476,0.44311863,0,1,unassigned,5.0,5.0,0.0,1.0,0.0,0.0,0.0058027077,0.0,0,0,0,0,0
55539,-1,1,-0.084808946,0.47881046,0,1,unassigned,12.0,11.0,1.0,0.9166667,0.083333336,0.08333331,0.01934236,0.0016118633,1,0,0,0,0
55540,-1,1,6.161864,0.9978961,1,1,unassigned,3.0,3.0,0.0,1.0,0.0,0.0,0.001934236,0.0,1,0,0,1,1
55541,-1,0,7.454949,0.99942183,1,1,unassigned,3.0,2.0,1.0,0.6666667,0.33333334,0.3333333,0.001934236,0.00064474536,0,0,0,1,1
55542,-1,1,-0.87851197,0.29348624,0,1,unassigned,100.0,96.0,4.0,0.96,0.04,0.04000002,0.18955512,0.007582205,1,0,0,0,0
55543,1,0,0.37536818,0.5927555,1,0,unassigned,4.0,3.0,1.0,0.75,0.25,0.25,0.003868472,0.000967118,0,0,1,1,0
55544,-1,0,2.0447814,0.88541925,1,1,unassigned,6.0,6.0,0.0,1.0,0.0,0.0,0.007736944,0.0,0,0,0,1,0
55545,-1,0,0.47333866,0.6161737,1,1,unassigned,3.0,3.0,0.0,1.0,0.0,0.0,0.001934236,0.0,0,0,0,1,0
55546,-1,1,6.099744,0.9977616,1,1,unassigned,16.0,5.0,11.0,0.3125,0.6875,0.6875,0.027079303,0.01861702,1,0,0,1,1
55547,-1,0,2.6469038,0.93381995,1,1,unassigned,16.0,16.0,0.0,1.0,0.0,0.0,0.027079303,0.0,0,0,0,1,1
55548,0,0,-0.029518187,0.49262097,0,0,test,25.0,25.0,0.0,1.0,0.0,0.0,0.044487428,0.0,0,0,1,0,0
55549,-1,0,6.1542444,0.9978801,1,1,unassigned,3.0,3.0,0.0,1.0,0.0,0.0,0.001934236,0.0,0,0,0,1,1
55550,-1,1,1.6115336,0.83362424,1,1,unassigned,9.0,8.0,1.0,0.8888889,0.11111111,0.111111104,0.013539651,0.0015044058,1,0,0,1,0
55551,-1,1,2.518302,0.925415,1,1,unassigned,15.0,15.0,0.0,1.0,0.0,0.0,0.025145067,0.0,1,0,0,1,1
55552,-1,1,0.80377465,0.6907813,1,1,unassigned,2.0,2.0,0.0,1.0,0.0,0.0,0.0,0.0,1,0,0,1,0
55553,-1,0,0.035207093,0.50880086,1,1,unassigned,15.0,15.0,0.0,1.0,0.0,0.0,0.025145067,0.0,0,0,0,1,0
55554,-1,0,4.757237,0.99148387,1,1,unassigned,6.0,6.0,0.0,1.0,0.0,0.0,0.007736944,0.0,0,0,0,1,1
55555,1,0,4.838192,0.9921409,1,0,test,5.0,5.0,0.0,1.0,0.0,0.0,0.0058027077,0.0,0,0,1,1,1
55556,-1,0,1.7040093,0.8460576,1,1,unassigned,6.0,6.0,0.0,1.0,0.0,0.0,0.007736944,0.0,0,0,0,1,0
55557,-1,1,0.79609305,0.6891381,1,1,unassigned,15.0,15.0,0.0,1.0,0.0,0.0,0.025145067,0.0,1,0,0,1,0
55558,-1,0,5.153623,0.99425477,1,1,unassigned,3.0,3.0,0.0,1.0,0.0,0.0,0.001934236,0.0,0,0,0,1,1
55559,-1,1,1.6156013,0.8341876,1,1,unassigned,5.0,4.0,1.0,0.8,0.2,0.19999999,0.0058027077,0.0011605415,1,0,0,1,0
55560,-1,0,1.7339704,0.8499196,1,1,unassigned,2.0,2.0,0.0,1.0,0.0,0.0,0.0,0.0,0,0,0,1,0
55561,-1,0,-0.7387969,0.32326728,0,1,unassigned,7.0,7.0,0.0,1.0,0.0,0.0,0.00967118,0.0,0,0,0,0,0
55562,-1,0,3.4784477,0.9700683,1,1,unassigned,8.0,8.0,0.0,1.0,0.0,0.0,0.0116054155,0.0,0,0,0,1,1
55563,-1,0,2.2268784,0.90263736,1,1,unassigned,4.0,3.0,1.0,0.75,0.25,0.25,0.003868472,0.000967118,0,0,0,1,1
55564,-1,1,8.181894,0.9997204,1,1,unassigned,4.0,4.0,0.0,1.0,0.0,0.0,0.003868472,0.0,1,0,0,1,1
55565,-1,1,9.51143,0.999926,1,1,unassigned,13.0,8.0,5.0,0.61538464,0.3846154,0.38461536,0.021276595,0.008183306,1,0,0,1,1
55566,-1,1,0.4166916,0.6026913,1,1,unassigned,4.0,4.0,0.0,1.0,0.0,0.0,0.003868472,0.0,1,0,0,1,0
55567,-1,0,3.878157,0.9797305,1,1,unassigned,2.0,1.0,1.0,0.5,0.5,0.5,0.0,0.0,0,0,0,1,1
55568,-1,1,3.8390152,0.97893834,1,1,unassigned,7.0,5.0,2.0,0.71428573,0.2857143,0.28571427,0.00967118,0.0027631943,1,0,0,1,1
55569,-1,0,-0.26010326,0.43533835,0,1,unassigned,34.0,34.0,0.0,1.0,0.0,0.0,0.061895553,0.0,0,0,0,0,0
55570,-1,0,1.1993933,0.7684168,1,1,unassigned,4.0,4.0,0.0,1.0,0.0,0.0,0.003868472,0.0,0,0,0,1,0
55571,1,0,5.867541,0.9971782,1,0,test,7.0,7.0,0.0,1.0,0.0,0.0,0.00967118,0.0,0,0,1,1,1
55572,-1,1,3.819485,0.97853196,1,1,unassigned,17.0,16.0,1.0,0.9411765,0.05882353,0.058823526,0.029013539,0.0017066788,1,0,0,1,1
55573,-1,0,0.33558434,0.5831175,1,1,unassigned,2.0,2.0,0.0,1.0,0.0,0.0,0.0,0.0,0,0,0,1,0
55574,0,1,-0.7950053,0.31109494,0,0,test,60.0,60.0,0.0,1.0,0.0,0.0,0.11218569,0.0,1,0,1,0,0
55575,-1,1,1.179086,0.76478344,1,1,unassigned,4.0,4.0,0.0,1.0,0.0,0.0,0.003868472,0.0,1,0,0,1,0
55576,1,1,5.0738745,0.9937808,1,0,val,27.0,26.0,1.0,0.962963,0.037037037,0.037037015,0.0483559,0.0017909593,1,0,1,1,1
55577,-1,0,-0.6107378,0.35189092,0,1,unassigned,17.0,17.0,0.0,1.0,0.0,0.0,0.029013539,0.0,0,0,0,0,0
55578,-1,1,0.31557316,0.57824504,1,1,unassigned,17.0,14.0,3.0,0.8235294,0.1764706,0.17647058,0.029013539,0.005120036,1,0,0,1,0
55579,-1,0,2.3400111,0.912137,1,1,unassigned,7.0,7.0,0.0,1.0,0.0,0.0,0.00967118,0.0,0,0,0,1,1
55580,-1,1,1.1429832,0.75822693,1,1,unassigned,2.0,2.0,0.0,1.0,0.0,0.0,0.0,0.0,1,0,0,1,0
55581,-1,1,0.94698364,0.7205081,1,1,unassigned,7.0,7.0,0.0,1.0,0.0,0.0,0.00967118,0.0,1,0,0,1,0
55582,-1,1,0.4061795,0.60017145,1,1,unassigned,3.0,3.0,0.0,1.0,0.0,0.0,0.001934236,0.0,1,0,0,1,0
55583,-1,0,-0.46399453,0.38603863,0,1,unassigned,24.0,24.0,0.0,1.0,0.0,0.0,0.04255319,0.0,0,0,0,0,0
55584,-1,0,0.692844,0.6665993,1,1,unassigned,15.0,15.0,0.0,1.0,0.0,0.0,0.025145067,0.0,0,0,0,1,0
55585,1,0,3.1393332,0.9584863,1,0,test,5.0,5.0,0.0,1.0,0.0,0.0,0.0058027077,0.0,0,0,1,1,1
55586,-1,0,5.424018,0.99560994,1,1,unassigned,26.0,25.0,1.0,0.96153843,0.03846154,0.038461566,0.046421662,0.0017854486,0,0,0,1,1
55587,1,0,2.6289427,0.9327012,1,0,unassigned,16.0,16.0,0.0,1.0,0.0,0.0,0.027079303,0.0,0,0,1,1,1
55588,-1,0,3.1640887,0.95946026,1,1,unassigned,4.0,3.0,1.0,0.75,0.25,0.25,0.003868472,0.000967118,0,0,0,1,1
55589,-1,0,2.3402402,0.91215533,1,1,unassigned,3.0,1.0,2.0,0.33333334,0.6666667,0.6666666,0.001934236,0.0012894907,0,0,0,1,1
55590,-1,0,1.0103974,0.7330979,1,1,unassigned,8.0,8.0,0.0,1.0,0.0,0.0,0.0116054155,0.0,0,0,0,1,0
55591,1,1,1.5477095,0.82458264,1,0,val,2.0,2.0,0.0,1.0,0.0,0.0,0.0,0.0,1,0,1,1,0
55592,-1,0,2.0939658,0.89031535,1,1,unassigned,11.0,11.0,0.0,1.0,0.0,0.0,0.017408123,0.0,0,0,0,1,0
55593,-1,1,-0.40279406,0.4006412,0,1,unassigned,24.0,23.0,1.0,0.9583333,0.041666668,0.041666687,0.04255319,0.0017730496,1,0,0,0,0
55594,-1,1,-0.54445976,0.36715075,0,1,unassigned,13.0,13.0,0.0,1.0,0.0,0.0,0.021276595,0.0,1,0,0,0,0
55595,-1,0,3.9231122,0.9806042,1,1,unassigned,2.0,2.0,0.0,1.0,0.0,0.0,0.0,0.0,0,0,0,1,1
55596,-1,1,2.3799303,0.915284,1,1,unassigned,5.0,3.0,2.0,0.6,0.4,0.39999998,0.0058027077,0.002321083,1,0,0,1,1
55597,-1,1,-0.23254749,0.44212374,0,1,unassigned,60.0,57.0,3.0,0.95,0.05,0.050000012,0.11218569,0.0056092846,1,0,0,0,0
55598,-1,1,-0.6609255,0.34053174,0,1,unassigned,10.0,10.0,0.0,1.0,0.0,0.0,0.015473888,0.0,1,0,0,0,0
55599,-1,0,-0.14695677,0.4633268,0,1,unassigned,17.0,17.0,0.0,1.0,0.0,0.0,0.029013539,0.0,0,0,0,0,0
55600,-1,0,-0.07085091,0.48229468,0,1,unassigned,14.0,14.0,0.0,1.0,0.0,0.0,0.023210831,0.0,0,0,0,0,0
55601,-1,0,0.124451935,0.5310729,1,1,unassigned,10.0,10.0,0.0,1.0,0.0,0.0,0.015473888,0.0,0,0,0,1,0
55602,-1,0,6.135214,0.99783933,1,1,unassigned,2.0,2.0,0.0,1.0,0.0,0.0,0.0,0.0,0,0,0,1,1
55603,0,1,-0.07564533,0.4810977,0,0,val,32.0,32.0,0.0,1.0,0.0,0.0,0.058027077,0.0,1,0,1,0,0
55604,-1,0,-1.0749595,0.25446108,0,1,unassigned,2.0,2.0,0.0,1.0,0.0,0.0,0.0,0.0,0,0,0,0,0
55605,-1,1,0.04952818,0.5123795,1,1,unassigned,38.0,35.0,3.0,0.92105263,0.078947365,0.078947365,0.06963249,0.005497302,1,0,0,1,0
55606,-1,0,3.948262,0.98107684,1,1,unassigned,6.0,6.0,0.0,1.0,0.0,0.0,0.007736944,0.0,0,0,0,1,1
55607,-1,1,-0.65148747,0.34265444,0,1,unassigned,39.0,39.0,0.0,1.0,0.0,0.0,0.07156673,0.0,1,0,0,0,0
55608,-1,0,-0.39256197,0.4031007,0,1,unassigned,2.0,2.0,0.0,1.0,0.0,0.0,0.0,0.0,0,0,0,0,0
55609,-1,1,-0.8650953,0.29627588,0,1,unassigned,26.0,25.0,1.0,0.96153843,0.03846154,0.038461566,0.046421662,0.0017854486,1,0,0,0,0
55610,-1,0,1.9275992,0.87298346,1,1,unassigned,5.0,4.0,1.0,0.8,0.2,0.19999999,0.0058027077,0.0011605415,0,0,0,1,0
55611,-1,1,0.14274365,0.53562546,1,1,unassigned,72.0,67.0,5.0,0.9305556,0.06944445,0.06944442,0.13539653,0.009402537,1,0,0,1,0
55612,-1,1,-0.91474736,0.28602937,0,1,unassigned,56.0,54.0,2.0,0.96428573,0.035714287,0.03571427,0.10444874,0.0037303125,1,0,0,0,0
55613,1,0,5.4559784,0.9957475,1,0,train,3.0,3.0,0.0,1.0,0.0,0.0,0.001934236,0.0,0,0,1,1,1
55614,-1,0,-0.28677332,0.42879397,0,1,unassigned,19.0,11.0,8.0,0.57894737,0.42105263,0.42105263,0.032882012,0.013845058,0,0,0,0,0
55615,-1,0,0.70071644,0.6683466,1,1,unassigned,3.0,1.0,2.0,0.33333334,0.6666667,0.6666666,0.001934236,0.0012894907,0,0,0,1,0
55616,-1,0,-0.4277617,0.39466092,0,1,unassigned,9.0,7.0,2.0,0.7777778,0.22222222,0.22222221,0.013539651,0.0030088115,0,0,0,0,0
55617,0,1,-0.7197943,0.3274383,0,0,unassigned,22.0,22.0,0.0,1.0,0.0,0.0,0.03868472,0.0,1,0,1,0,0
55618,-1,0,0.87706333,0.7062133,1,1,unassigned,2.0,2.0,0.0,1.0,0.0,0.0,0.0,0.0,0,0,0,1,0
55619,-1,1,-0.41661,0.39732823,0,1,unassigned,11.0,11.0,0.0,1.0,0.0,0.0,0.017408123,0.0,1,0,0,0,0
55620,-1,1,-0.26220852,0.4348209,0,1,unassigned,4.0,4.0,0.0,1.0,0.0,0.0,0.003868472,0.0,1,0,0,0,0
55621,-1,1,-0.9273852,0.2834555,0,1,unassigned,23.0,23.0,0.0,1.0,0.0,0.0,0.040618956,0.0,1,0,0,0,0
55622,-1,0,3.3343766,0.9655895,1,1,unassigned,2.0,2.0,0.0,1.0,0.0,0.0,0.0,0.0,0,0,0,1,1
55623,-1,0,0.33132762,0.5820824,1,1,unassigned,2.0,2.0,0.0,1.0,0.0,0.0,0.0,0.0,0,0,0,1,0
55624,-1,0,1.6394188,0.83745587,1,1,unassigned,23.0,23.0,0.0,1.0,0.0,0.0,0.040618956,0.0,0,0,0,1,0
55625,-1,0,3.7638514,0.9773316,1,1,unassigned,3.0,3.0,0.0,1.0,0.0,0.0,0.001934236,0.0,0,0,0,1,1
55626,-1,0,3.7058637,0.9760107,1,1,unassigned,2.0,2.0,0.0,1.0,0.0,0.0,0.0,0.0,0,0,0,1,1
55627,-1,1,3.9438055,0.98099387,1,1,unassigned,2.0,2.0,0.0,1.0,0.0,0.0,0.0,0.0,1,0,0,1,1
55628,-1,0,-0.4918799,0.37945083,0,1,unassigned,3.0,3.0,0.0,1.0,0.0,0.0,0.001934236,0.0,0,0,0,0,0
55629,-1,0,6.4251823,0.99838233,1,1,unassigned,2.0,2.0,0.0,1.0,0.0,0.0,0.0,0.0,0,0,0,1,1
55630,-1,0,1.5599186,0.82634175,1,1,unassigned,20.0,17.0,3.0,0.85,0.15,0.14999998,0.034816246,0.005222437,0,0,0,1,0
55631,-1,1,-0.5646432,0.36247382,0,1,unassigned,10.0,10.0,0.0,1.0,0.0,0.0,0.015473888,0.0,1,0,0,0,0
55632,-1,0,-0.3572667,0.41162136,0,1,unassigned,33.0,33.0,0.0,1.0,0.0,0.0,0.059961315,0.0,0,0,0,0,0
55633,-1,0,1.1124628,0.752588,1,1,unassigned,29.0,29.0,0.0,1.0,0.0,0.0,0.05222437,0.0,0,0,0,1,0
55634,-1,0,2.9589713,0.9506858,1,1,unassigned,3.0,3.0,0.0,1.0,0.0,0.0,0.001934236,0.0,0,0,0,1,1
55635,0,1,-0.6106736,0.35190555,0,0,test,48.0,45.0,3.0,0.9375,0.0625,0.0625,0.088974856,0.0055609285,1,0,1,0,0
55636,-1,0,4.94898,0.99295926,1,1,unassigned,2.0,2.0,0.0,1.0,0.0,0.0,0.0,0.0,0,0,0,1,1
55637,-1,1,0.07326597,0.5183083,1,1,unassigned,2.0,2.0,0.0,1.0,0.0,0.0,0.0,0.0,1,0,0,1,0
55638,-1,0,0.77697045,0.6850268,1,1,unassigned,15.0,15.0,0.0,1.0,0.0,0.0,0.025145067,0.0,0,0,0,1,0
55639,1,0,7.299296,0.99932444,1,0,unassigned,46.0,41.0,5.0,0.8913044,0.10869565,0.108695626,0.08510638,0.009250693,0,0,1,1,1
55640,-1,1,5.2587094,0.9948249,1,1,unassigned,11.0,11.0,0.0,1.0,0.0,0.0,0.017408123,0.0,1,0,0,1,1
55641,-1,0,0.43878108,0.60796857,1,1,unassigned,26.0,23.0,3.0,0.88461536,0.115384616,0.11538464,0.046421662,0.005356346,0,0,0,1,0
55642,-1,0,0.9859496,0.72828716,1,1,unassigned,9.0,9.0,0.0,1.0,0.0,0.0,0.013539651,0.0,0,0,0,1,0
55643,-1,1,-0.33879852,0.41610134,0,1,unassigned,8.0,1.0,7.0,0.125,0.875,0.875,0.0116054155,0.010154739,1,1,0,0,0
55644,1,1,1.2278314,0.7734388,1,0,test,40.0,39.0,1.0,0.975,0.025,0.024999976,0.07350097,0.0018375242,1,0,1,1,0
55645,0,1,0.1475845,0.5368293,1,1,val,17.0,17.0,0.0,1.0,0.0,0.0,0.029013539,0.0,1,0,0,1,0
55646,-1,0,2.894503,0.9475741,1,1,unassigned,2.0,2.0,0.0,1.0,0.0,0.0,0.0,0.0,0,0,0,1,1
55647,-1,0,1.8757589,0.8671232,1,1,unassigned,6.0,6.0,0.0,1.0,0.0,0.0,0.007736944,0.0,0,0,0,1,0
55648,-1,1,3.0612948,0.9552676,1,1,unassigned,4.0,2.0,2.0,0.5,0.5,0.5,0.003868472,0.001934236,1,0,0,1,1
55649,-1,0,1.2928195,0.78462404,1,1,unassigned,6.0,6.0,0.0,1.0,0.0,0.0,0.007736944,0.0,0,0,0,1,0
55650,1,1,4.392755,0.9877844,1,0,test,3.0,3.0,0.0,1.0,0.0,0.0,0.001934236,0.0,1,0,1,1,1
55651,-1,0,2.4242394,0.9186571,1,1,unassigned,3.0,3.0,0.0,1.0,0.0,0.0,0.001934236,0.0,0,0,0,1,1
55652,-1,0,11.795143,0.9999925,1,1,unassigned,5.0,4.0,1.0,0.8,0.2,0.19999999,0.0058027077,0.0011605415,0,0,0,1,1
55653,-1,0,0.66897684,0.661274,1,1,unassigned,18.0,18.0,0.0,1.0,0.0,0.0,0.030947777,0.0,0,0,0,1,0
55654,-1,0,-0.7225162,0.32683915,0,1,unassigned,2.0,2.0,0.0,1.0,0.0,0.0,0.0,0.0,0,0,0,0,0
55655,-1,0,13.721172,0.9999989,1,1,unassigned,2.0,2.0,0.0,1.0,0.0,0.0,0.0,0.0,0,0,0,1,1
55656,-1,0,16.43386,0.9999999,1,1,unassigned,2.0,2.0,0.0,1.0,0.0,0.0,0.0,0.0,0,0,0,1,1
55657,-1,1,0.23838013,0.5593144,1,1,unassigned,226.0,220.0,6.0,0.9734513,0.026548672,0.026548684,0.43326885,0.011502713,1,0,0,1,0
55658,1,0,-0.38213003,0.40561327,0,1,test,4.0,3.0,1.0,0.75,0.25,0.25,0.003868472,0.000967118,0,0,0,0,0
55659,1,0,-0.09492874,0.47628567,0,1,unassigned,7.0,7.0,0.0,1.0,0.0,0.0,0.00967118,0.0,0,0,0,0,0
55660,-1,0,0.068784654,0.5171894,1,1,unassigned,5.0,5.0,0.0,1.0,0.0,0.0,0.0058027077,0.0,0,0,0,1,0
55661,1,1,-0.5794841,0.35905132,0,1,test,35.0,34.0,1.0,0.9714286,0.028571429,0.028571427,0.06382979,0.0018237082,1,0,0,0,0
55662,-1,1,-0.548079,0.3663102,0,1,unassigned,25.0,25.0,0.0,1.0,0.0,0.0,0.044487428,0.0,1,0,0,0,0
55663,-1,0,0.22753942,0.55664074,1,1,unassigned,2.0,2.0,0.0,1.0,0.0,0.0,0.0,0.0,0,0,0,1,0
55664,-1,0,1.365797,0.79670024,1,1,unassigned,2.0,2.0,0.0,1.0,0.0,0.0,0.0,0.0,0,0,0,1,0
55665,-1,0,0.96453077,0.724028,1,1,unassigned,9.0,9.0,0.0,1.0,0.0,0.0,0.013539651,0.0,0,0,0,1,0
55666,-1,0,2.8181002,0.9436461,1,1,unassigned,19.0,19.0,0.0,1.0,0.0,0.0,0.032882012,0.0,0,0,0,1,1
55667,-1,0,7.514837,0.9994554,1,1,unassigned,2.0,2.0,0.0,1.0,0.0,0.0,0.0,0.0,0,0,0,1,1
55668,-1,0,-0.6752543,0.33732134,0,1,unassigned,9.0,8.0,1.0,0.8888889,0.11111111,0.111111104,0.013539651,0.0015044058,0,0,0,0,0
55669,-1,0,2.159497,0.8965529,1,1,unassigned,4.0,4.0,0.0,1.0,0.0,0.0,0.003868472,0.0,0,0,0,1,0
55670,-1,1,-0.7950709,0.3110809,0,1,unassigned,15.0,15.0,0.0,1.0,0.0,0.0,0.025145067,0.0,1,0,0,0,0
55671,1,0,1.7952411,0.8575687,1,0,val,9.0,9.0,0.0,1.0,0.0,0.0,0.013539651,0.0,0,0,1,1,0
55672,1,0,0.37561625,0.5928154,1,0,val,28.0,27.0,1.0,0.96428573,0.035714287,0.03571427,0.050290134,0.0017960763,0,0,1,1,0
55673,1,0,-0.057922542,0.48552343,0,1,val,22.0,22.0,0.0,1.0,0.0,0.0,0.03868472,0.0,0,0,0,0,0
55674,1,0,2.3992717,0.9167717,1,0,unassigned,6.0,6.0,0.0,1.0,0.0,0.0,0.007736944,0.0,0,0,1,1,1
55675,0,0,-0.96143705,0.27659056,0,0,unassigned,7.0,4.0,3.0,0.5714286,0.42857143,0.4285714,0.00967118,0.0041447915,0,0,1,0,0
55676,-1,0,1.6729636,0.84197056,1,1,unassigned,8.0,8.0,0.0,1.0,0.0,0.0,0.0116054155,0.0,0,0,0,1,0
55677,-1,0,8.483852,0.99979323,1,1,unassigned,2.0,2.0,0.0,1.0,0.0,0.0,0.0,0.0,0,0,0,1,1
55678,-1,1,-0.6770396,0.33692235,0,1,unassigned,8.0,8.0,0.0,1.0,0.0,0.0,0.0116054155,0.0,1,0,0,0,0
55679,-1,1,2.010733,0.8819194,1,1,unassigned,9.0,9.0,0.0,1.0,0.0,0.0,0.013539651,0.0,1,0,0,1,0
55680,0,1,-0.67038536,0.3384106,0,0,train,13.0,13.0,0.0,1.0,0.0,0.0,0.021276595,0.0,1,0,1,0,0
55681,-1,1,3.9168665,0.980485,1,1,unassigned,15.0,13.0,2.0,0.8666667,0.13333334,0.13333333,0.025145067,0.0033526758,1,0,0,1,1
55682,0,1,-0.58664656,0.35740468,0,0,unassigned,17.0,17.0,0.0,1.0,0.0,0.0,0.029013539,0.0,1,0,1,0,0
55683,0,1,-0.3646013,0.40984616,0,0,unassigned,21.0,21.0,0.0,1.0,0.0,0.0,0.036750484,0.0,1,0,1,0,0
55684,-1,0,5.100718,0.99394447,1,1,unassigned,19.0,17.0,2.0,0.8947368,0.10526316,0.10526317,0.032882012,0.0034612645,0,0,0,1,1
55685,-1,0,0.21847016,0.55440134,1,1,unassigned,7.0,7.0,0.0,1.0,0.0,0.0,0.00967118,0.0,0,0,0,1,0
55686,1,0,0.34574628,0.58558565,1,0,unassigned,4.0,4.0,0.0,1.0,0.0,0.0,0.003868472,0.0,0,0,1,1,0
55687,-1,0,-0.54369646,0.3673281,0,1,unassigned,2.0,2.0,0.0,1.0,0.0,0.0,0.0,0.0,0,0,0,0,0
55688,-1,0,0.46911675,0.61517465,1,1,unassigned,7.0,7.0,0.0,1.0,0.0,0.0,0.00967118,0.0,0,0,0,1,0
55689,-1,0,-0.2050834,0.4489081,0,1,unassigned,2.0,2.0,0.0,1.0,0.0,0.0,0.0,0.0,0,0,0,0,0
55690,1,1,0.8717242,0.70510435,1,0,unassigned,2.0,1.0,1.0,0.5,0.5,0.5,0.0,0.0,1,0,1,1,0
55691,-1,0,2.1383917,0.89457905,1,1,unassigned,22.0,22.0,0.0,1.0,0.0,0.0,0.03868472,0.0,0,0,0,1,0
55692,-1,0,5.0512667,0.9936395,1,1,unassigned,10.0,10.0,0.0,1.0,0.0,0.0,0.015473888,0.0,0,0,0,1,1
55693,-1,0,4.022444,0.9824059,1,1,unassigned,20.0,18.0,2.0,0.9,0.1,0.100000024,0.034816246,0.0034816246,0,0,0,1,1
55694,-1,0,1.9697361,0.8775827,1,1,unassigned,13.0,13.0,0.0,1.0,0.0,0.0,0.021276595,0.0,0,0,0,1,0
55695,-1,0,1.4431908,0.8089482,1,1,unassigned,27.0,26.0,1.0,0.962963,0.037037037,0.037037015,0.0483559,0.0017909593,0,0,0,1,0
55696,-1,1,1.0129874,0.7336044,1,1,unassigned,15.0,15.0,0.0,1.0,0.0,0.0,0.025145067,0.0,1,0,0,1,0
55697,-1,1,-0.19751143,0.45078203,0,1,unassigned,9.0,9.0,0.0,1.0,0.0,0.0,0.013539651,0.0,1,0,0,0,0
55698,-1,0,-0.4680522,0.38507733,0,1,unassigned,71.0,68.0,3.0,0.9577465,0.04225352,0.042253494,0.13346228,0.0056392513,0,0,0,0,0
55699,-1,1,-0.72487247,0.32632095,0,1,unassigned,57.0,52.0,5.0,0.9122807,0.0877193,0.08771932,0.10638298,0.00933184,1,0,0,0,0
55700,1,1,-0.029278576,0.49268085,0,1,train,61.0,61.0,0.0,1.0,0.0,0.0,0.114119925,0.0,1,0,0,0,0
55701,-1,1,-0.70683867,0.33029777,0,1,unassigned,57.0,57.0,0.0,1.0,0.0,0.0,0.10638298,0.0,1,0,0,0,0
55702,-1,1,-0.9116658,0.2866591,0,1,unassigned,6.0,6.0,0.0,1.0,0.0,0.0,0.007736944,0.0,1,0,0,0,0
55703,-1,0,0.49491054,0.62126255,1,1,unassigned,6.0,6.0,0.0,1.0,0.0,0.0,0.007736944,0.0,0,0,0,1,0
55704,-1,1,-0.14857697,0.46292394,0,1,unassigned,11.0,11.0,0.0,1.0,0.0,0.0,0.017408123,0.0,1,0,0,0,0
55705,-1,0,13.011073,0.99999774,1,1,unassigned,2.0,1.0,1.0,0.5,0.5,0.5,0.0,0.0,0,0,0,1,1
55706,0,0,-0.17503202,0.45635337,0,0,unassigned,16.0,13.0,3.0,0.8125,0.1875,0.1875,0.027079303,0.0050773695,0,0,1,0,0
55707,-1,0,-0.7081462,0.3300086,0,1,unassigned,4.0,4.0,0.0,1.0,0.0,0.0,0.003868472,0.0,0,0,0,0,0
55708,-1,1,1.0807164,0.74662954,1,1,unassigned,12.0,12.0,0.0,1.0,0.0,0.0,0.01934236,0.0,1,0,0,1,0
55709,-1,0,-0.16459313,0.45894435,0,1,unassigned,2.0,2.0,0.0,1.0,0.0,0.0,0.0,0.0,0,0,0,0,0
55710,-1,0,7.231189,0.9992768,1,1,unassigned,5.0,2.0,3.0,0.4,0.6,0.6,0.0058027077,0.0034816249,0,0,0,1,1
55711,-1,0,2.8203857,0.94376755,1,1,unassigned,2.0,2.0,0.0,1.0,0.0,0.0,0.0,0.0,0,0,0,1,1
55712,-1,1,0.10509455,0.52624947,1,1,unassigned,7.0,4.0,3.0,0.5714286,0.42857143,0.4285714,0.00967118,0.0041447915,1,0,0,1,0
55713,-1,1,-0.6113465,0.3517521,0,1,unassigned,60.0,58.0,2.0,0.96666664,0.033333335,0.03333336,0.11218569,0.003739523,1,0,0,0,0
55714,-1,0,0.42579913,0.6048701,1,1,unassigned,2.0,2.0,0.0,1.0,0.0,0.0,0.0,0.0,0,0,0,1,0
55715,-1,1,-0.7308662,0.32500467,0,1,unassigned,18.0,18.0,0.0,1.0,0.0,0.0,0.030947777,0.0,1,0,0,0,0
55716,-1,0,6.3891077,0.998323,1,1,unassigned,3.0,2.0,1.0,0.6666667,0.33333334,0.3333333,0.001934236,0.00064474536,0,0,0,1,1
55717,-1,1,-0.4136309,0.3980418,0,1,unassigned,55.0,55.0,0.0,1.0,0.0,0.0,0.102514505,0.0,1,0,0,0,0
55718,-1,1,-0.46275204,0.38633317,0,1,unassigned,22.0,22.0,0.0,1.0,0.0,0.0,0.03868472,0.0,1,0,0,0,0
55719,-1,1,5.3612475,0.9953269,1,1,unassigned,9.0,5.0,4.0,0.5555556,0.44444445,0.44444442,0.013539651,0.006017623,1,0,0,1,1
55720,-1,1,2.508596,0.9247423,1,1,unassigned,4.0,4.0,0.0,1.0,0.0,0.0,0.003868472,0.0,1,0,0,1,1
55721,-1,0,4.973421,0.9931282,1,1,unassigned,2.0,2.0,0.0,1.0,0.0,0.0,0.0,0.0,0,0,0,1,1
55722,-1,1,3.871443,0.97959673,1,1,unassigned,2.0,2.0,0.0,1.0,0.0,0.0,0.0,0.0,1,0,0,1,1
55723,-1,1,0.6447907,0.65583557,1,1,unassigned,2.0,2.0,0.0,1.0,0.0,0.0,0.0,0.0,1,0,0,1,0
55724,-1,1,7.544802,0.9994715,1,1,unassigned,2.0,1.0,1.0,0.5,0.5,0.5,0.0,0.0,1,0,0,1,1
55725,-1,1,3.5717404,0.9726615,1,1,unassigned,6.0,5.0,1.0,0.8333333,0.16666667,0.16666669,0.007736944,0.0012894907,1,0,0,1,1
55726,-1,1,1.1231894,0.75457984,1,1,unassigned,2.0,1.0,1.0,0.5,0.5,0.5,0.0,0.0,1,0,0,1,0
55727,-1,0,0.40382677,0.59960675,1,1,unassigned,17.0,17.0,0.0,1.0,0.0,0.0,0.029013539,0.0,0,0,0,1,0
55728,-1,0,-0.66429055,0.33977646,0,1,unassigned,2.0,2.0,0.0,1.0,0.0,0.0,0.0,0.0,0,0,0,0,0
55729,-1,0,-0.03166908,0.49208337,0,1,unassigned,7.0,7.0,0.0,1.0,0.0,0.0,0.00967118,0.0,0,0,0,0,0
55730,-1,0,-0.26119867,0.43506905,0,1,unassigned,4.0,4.0,0.0,1.0,0.0,0.0,0.003868472,0.0,0,0,0,0,0
55731,-1,0,1.3823247,0.7993641,1,1,unassigned,6.0,6.0,0.0,1.0,0.0,0.0,0.007736944,0.0,0,0,0,1,0
55732,-1,0,1.7466226,0.8515263,1,1,unassigned,3.0,3.0,0.0,1.0,0.0,0.0,0.001934236,0.0,0,0,0,1,0
55733,-1,1,1.3132315,0.7880534,1,1,unassigned,4.0,4.0,0.0,1.0,0.0,0.0,0.003868472,0.0,1,0,0,1,0
55734,0,1,0.91227823,0.7134661,1,1,unassigned,4.0,4.0,0.0,1.0,0.0,0.0,0.003868472,0.0,1,0,0,1,0
55735,-1,1,4.6884656,0.99088305,1,1,unassigned,45.0,42.0,3.0,0.93333334,0.06666667,0.06666666,0.08317215,0.00554481,1,0,0,1,1
55736,-1,1,2.7775056,0.94144815,1,1,unassigned,59.0,58.0,1.0,0.9830508,0.016949153,0.016949177,0.11025145,0.0018686686,1,0,0,1,1
55737,1,0,0.9833246,0.7277674,1,0,test,10.0,10.0,0.0,1.0,0.0,0.0,0.015473888,0.0,0,0,1,1,0
55738,0,0,0.53034323,0.62956315,1,1,unassigned,15.0,15.0,0.0,1.0,0.0,0.0,0.025145067,0.0,0,0,0,1,0
55739,-1,1,-0.6357783,0.34620148,0,1,unassigned,23.0,23.0,0.0,1.0,0.0,0.0,0.040618956,0.0,1,0,0,0,0
55740,-1,0,0.9834903,0.72780025,1,1,unassigned,14.0,14.0,0.0,1.0,0.0,0.0,0.023210831,0.0,0,0,0,1,0
55741,0,1,1.3967671,0.8016704,1,1,val,26.0,26.0,0.0,1.0,0.0,0.0,0.046421662,0.0,1,0,0,1,0
55742,-1,1,-0.50215876,0.3770335,0,1,unassigned,9.0,8.0,1.0,0.8888889,0.11111111,0.111111104,0.013539651,0.0015044058,1,0,0,0,0
55743,-1,0,4.6441064,0.99047345,1,1,unassigned,35.0,30.0,5.0,0.85714287,0.14285715,0.14285713,0.06382979,0.009118541,0,0,0,1,1
55744,-1,1,5.8164907,0.99703074,1,1,unassigned,13.0,8.0,5.0,0.61538464,0.3846154,0.38461536,0.021276595,0.008183306,1,0,0,1,1
55745,-1,1,0.29270214,0.5726575,1,1,unassigned,3.0,2.0,1.0,0.6666667,0.33333334,0.3333333,0.001934236,0.00064474536,1,0,0,1,0
55746,-1,1,0.61942106,0.6500869,1,1,unassigned,26.0,26.0,0.0,1.0,0.0,0.0,0.046421662,0.0,1,0,0,1,0
55747,-1,0,2.2003448,0.9002805,1,1,unassigned,2.0,2.0,0.0,1.0,0.0,0.0,0.0,0.0,0,0,0,1,1
55748,-1,0,2.36702,0.91427755,1,1,unassigned,3.0,1.0,2.0,0.33333334,0.6666667,0.6666666,0.001934236,0.0012894907,0,0,0,1,1
55749,-1,0,2.0430322,0.8852416,1,1,unassigned,2.0,2.0,0.0,1.0,0.0,0.0,0.0,0.0,0,0,0,1,0
55750,-1,1,0.8335102,0.69709665,1,1,unassigned,13.0,11.0,2.0,0.84615386,0.15384616,0.15384614,0.021276595,0.0032733225,1,0,0,1,0
55751,-1,1,1.8013914,0.8583182,1,1,unassigned,13.0,13.0,0.0,1.0,0.0,0.0,0.021276595,0.0,1,0,0,1,0
55752,-1,0,6.5538516,0.99857736,1,1,unassigned,8.0,8.0,0.0,1.0,0.0,0.0,0.0116054155,0.0,0,0,0,1,1
55753,0,1,-0.8086026,0.30818835,0,0,unassigned,35.0,35.0,0.0,1.0,0.0,0.0,0.06382979,0.0,1,0,1,0,0
55754,-1,1,0.05063027,0.51265484,1,1,unassigned,5.0,4.0,1.0,0.8,0.2,0.19999999,0.0058027077,0.0011605415,1,0,0,1,0
55755,-1,0,1.0992303,0.7501159,1,1,unassigned,23.0,18.0,5.0,0.7826087,0.2173913,0.21739131,0.040618956,0.008830207,0,0,0,1,0
55756,-1,1,-0.8650371,0.29628804,0,1,unassigned,17.0,17.0,0.0,1.0,0.0,0.0,0.029013539,0.0,1,0,0,0,0
55757,-1,1,0.16683602,0.5416125,1,1,unassigned,21.0,20.0,1.0,0.95238096,0.04761905,0.047619045,0.036750484,0.0017500231,1,0,0,1,0
55758,-1,1,0.26127887,0.56495064,1,1,unassigned,16.0,16.0,0.0,1.0,0.0,0.0,0.027079303,0.0,1,0,0,1,0
55759,0,0,-0.019283116,0.49517938,0,0,unassigned,6.0,2.0,4.0,0.33333334,0.6666667,0.6666666,0.007736944,0.005157963,0,0,1,0,0
55760,-1,1,-0.7598965,0.31866872,0,1,unassigned,37.0,37.0,0.0,1.0,0.0,0.0,0.06769826,0.0,1,0,0,0,0
55761,-1,0,0.01360184,0.5034004,1,1,unassigned,2.0,2.0,0.0,1.0,0.0,0.0,0.0,0.0,0,0,0,1,0
55762,-1,1,2.6177409,0.9319947,1,1,unassigned,14.0,8.0,6.0,0.5714286,0.42857143,0.4285714,0.023210831,0.009947499,1,0,0,1,1
55763,-1,0,-0.11274892,0.4718426,0,1,unassigned,2.0,2.0,0.0,1.0,0.0,0.0,0.0,0.0,0,0,0,0,0
55764,-1,0,1.4575701,0.81116074,1,1,unassigned,15.0,15.0,0.0,1.0,0.0,0.0,0.025145067,0.0,0,0,0,1,0
55765,-1,1,-0.3597861,0.41101134,0,1,unassigned,29.0,29.0,0.0,1.0,0.0,0.0,0.05222437,0.0,1,0,0,0,0
55766,0,0,-0.73713696,0.3236305,0,0,unassigned,9.0,7.0,2.0,0.7777778,0.22222222,0.22222221,0.013539651,0.0030088115,0,0,1,0,0
55767,0,0,-0.49714822,0.37821108,0,0,unassigned,2.0,2.0,0.0,1.0,0.0,0.0,0.0,0.0,0,0,1,0,0
55768,-1,0,5.0931735,0.99389887,1,1,unassigned,2.0,2.0,0.0,1.0,0.0,0.0,0.0,0.0,0,0,0,1,1
55769,-1,1,0.19283378,0.5480596,1,1,unassigned,44.0,44.0,0.0,1.0,0.0,0.0,0.08123791,0.0,1,0,0,1,0
55770,-1,1,-0.8769757,0.29380488,0,1,unassigned,47.0,45.0,2.0,0.9574468,0.04255319,0.042553186,0.08704062,0.003703856,1,0,0,0,0
55771,-1,1,0.28337866,0.5703743,1,1,unassigned,65.0,60.0,5.0,0.9230769,0.07692308,0.07692307,0.12185687,0.009373605,1,0,0,1,0
55772,-1,0,1.0465736,0.7401164,1,1,unassigned,9.0,9.0,0.0,1.0,0.0,0.0,0.013539651,0.0,0,0,0,1,0
55773,-1,1,-0.09700209,0.47576848,0,1,unassigned,26.0,25.0,1.0,0.96153843,0.03846154,0.038461566,0.046421662,0.0017854486,1,0,0,0,0
55774,-1,0,1.1127226,0.7526364,1,1,unassigned,6.0,6.0,0.0,1.0,0.0,0.0,0.007736944,0.0,0,0,0,1,0
55775,-1,0,2.2863672,0.90774167,1,1,unassigned,11.0,8.0,3.0,0.72727275,0.27272728,0.27272725,0.017408123,0.00474767,0,0,0,1,1
55776,-1,1,-0.80033803,0.3099532,0,1,unassigned,134.0,132.0,2.0,0.98507464,0.014925373,0.014925361,0.25531915,0.0038107336,1,0,0,0,0
55777,-1,0,0.95480865,0.7220812,1,1,unassigned,6.0,6.0,0.0,1.0,0.0,0.0,0.007736944,0.0,0,0,0,1,0
55778,-1,1,-0.32463047,0.4195477,0,1,unassigned,5.0,5.0,0.0,1.0,0.0,0.0,0.0058027077,0.0,1,0,0,0,0
55779,-1,1,6.592257,0.99863094,1,1,unassigned,2.0,2.0,0.0,1.0,0.0,0.0,0.0,0.0,1,0,0,1,1
55780,-1,0,2.8639312,0.9460344,1,1,unassigned,3.0,2.0,1.0,0.6666667,0.33333334,0.3333333,0.001934236,0.00064474536,0,0,0,1,1
55781,-1,0,-0.03225571,0.49193677,0,1,unassigned,5.0,5.0,0.0,1.0,0.0,0.0,0.0058027077,0.0,0,0,0,0,0
55782,-1,0,1.5853727,0.8299641,1,1,unassigned,4.0,4.0,0.0,1.0,0.0,0.0,0.003868472,0.0,0,0,0,1,0
55783,-1,0,0.4805991,0.61788934,1,1,unassigned,2.0,2.0,0.0,1.0,0.0,0.0,0.0,0.0,0,0,0,1,0
55784,-1,0,2.4286625,0.918987,1,1,unassigned,9.0,9.0,0.0,1.0,0.0,0.0,0.013539651,0.0,0,0,0,1,1
55785,-1,0,0.48643452,0.61926615,1,1,unassigned,24.0,24.0,0.0,1.0,0.0,0.0,0.04255319,0.0,0,0,0,1,0
55786,-1,0,5.1668553,0.9943298,1,1,unassigned,6.0,5.0,1.0,0.8333333,0.16666667,0.16666669,0.007736944,0.0012894907,0,0,0,1,1
55787,-1,0,-0.8394885,0.30164254,0,1,unassigned,9.0,9.0,0.0,1.0,0.0,0.0,0.013539651,0.0,0,0,0,0,0
55788,-1,0,-0.8255536,0.30458605,0,1,unassigned,2.0,2.0,0.0,1.0,0.0,0.0,0.0,0.0,0,0,0,0,0
55789,-1,1,5.3986516,0.9954977,1,1,unassigned,6.0,5.0,1.0,0.8333333,0.16666667,0.16666669,0.007736944,0.0012894907,1,0,0,1,1
55790,-1,1,4.790018,0.9917562,1,1,unassigned,8.0,6.0,2.0,0.75,0.25,0.25,0.0116054155,0.0029013539,1,0,0,1,1
55791,-1,1,3.5291107,0.9715048,1,1,unassigned,4.0,2.0,2.0,0.5,0.5,0.5,0.003868472,0.001934236,1,0,0,1,1
55792,-1,0,6.6787496,0.99874425,1,1,unassigned,2.0,1.0,1.0,0.5,0.5,0.5,0.0,0.0,0,0,0,1,1
55793,-1,0,8.185554,0.99972147,1,1,unassigned,2.0,1.0,1.0,0.5,0.5,0.5,0.0,0.0,0,0,0,1,1
55794,-1,0,3.875521,0.97967803,1,1,unassigned,2.0,2.0,0.0,1.0,0.0,0.0,0.0,0.0,0,0,0,1,1
55795,-1,0,5.406735,0.9955337,1,1,unassigned,7.0,4.0,3.0,0.5714286,0.42857143,0.4285714,0.00967118,0.0041447915,0,0,0,1,1
55796,-1,1,5.9036894,0.99727803,1,1,unassigned,3.0,3.0,0.0,1.0,0.0,0.0,0.001934236,0.0,1,0,0,1,1
55797,-1,0,7.4682336,0.9994294,1,1,unassigned,5.0,5.0,0.0,1.0,0.0,0.0,0.0058027077,0.0,0,0,0,1,1
55798,0,0,3.0078545,0.95292765,1,1,test,2.0,1.0,1.0,0.5,0.5,0.5,0.0,0.0,0,0,0,1,1
55799,-1,1,0.8398014,0.6984234,1,1,unassigned,5.0,5.0,0.0,1.0,0.0,0.0,0.0058027077,0.0,1,0,0,1,0
55800,-1,1,2.4293993,0.9190419,1,1,unassigned,12.0,9.0,3.0,0.75,0.25,0.25,0.01934236,0.00483559,1,0,0,1,1
55801,1,1,0.22943836,0.55710924,1,0,val,59.0,57.0,2.0,0.9661017,0.033898305,0.033898294,0.11025145,0.0037373372,1,0,1,1,0
55802,-1,1,0.38586903,0.59528786,1,1,unassigned,7.0,5.0,2.0,0.71428573,0.2857143,0.28571427,0.00967118,0.0027631943,1,0,0,1,0
55803,1,1,-0.6844138,0.3352769,0,1,val,35.0,34.0,1.0,0.9714286,0.028571429,0.028571427,0.06382979,0.0018237082,1,0,0,0,0
55804,-1,0,1.6257236,0.835583,1,1,unassigned,2.0,2.0,0.0,1.0,0.0,0.0,0.0,0.0,0,0,0,1,0
55805,-1,1,5.9937477,0.99751186,1,1,unassigned,13.0,13.0,0.0,1.0,0.0,0.0,0.021276595,0.0,1,0,0,1,1
55806,-1,0,-0.65750617,0.34130004,0,1,unassigned,7.0,7.0,0.0,1.0,0.0,0.0,0.00967118,0.0,0,0,0,0,0
55807,-1,1,-0.88300586,0.29255527,0,1,unassigned,4.0,4.0,0.0,1.0,0.0,0.0,0.003868472,0.0,1,0,0,0,0
55808,-1,1,-0.59349585,0.3558331,0,1,unassigned,78.0,78.0,0.0,1.0,0.0,0.0,0.14700194,0.0,1,0,0,0,0
55809,-1,1,1.6262357,0.8356533,1,1,unassigned,9.0,6.0,3.0,0.6666667,0.33333334,0.3333333,0.013539651,0.004513217,1,0,0,1,0
55810,-1,0,1.0383773,0.7385368,1,1,unassigned,4.0,4.0,0.0,1.0,0.0,0.0,0.003868472,0.0,0,0,0,1,0
55811,-1,0,-0.6353921,0.34628892,0,1,unassigned,8.0,8.0,0.0,1.0,0.0,0.0,0.0116054155,0.0,0,0,0,0,0
55812,-1,0,-0.1937671,0.4517092,0,1,unassigned,14.0,14.0,0.0,1.0,0.0,0.0,0.023210831,0.0,0,0,0,0,0
55813,0,0,-0.19995093,0.45017815,0,0,test,6.0,6.0,0.0,1.0,0.0,0.0,0.007736944,0.0,0,0,1,0,0
55814,-1,0,0.90881974,0.71275854,1,1,unassigned,15.0,14.0,1.0,0.93333334,0.06666667,0.06666666,0.025145067,0.0016763379,0,0,0,1,0
55815,-1,0,0.33573848,0.5831549,1,1,unassigned,12.0,10.0,2.0,0.8333333,0.16666667,0.16666669,0.01934236,0.0032237265,0,0,0,1,0
55816,-1,1,-0.6631735,0.3400271,0,1,unassigned,30.0,30.0,0.0,1.0,0.0,0.0,0.054158606,0.0,1,0,0,0,0
55817,-1,0,-0.09667304,0.47585058,0,1,unassigned,5.0,2.0,3.0,0.4,0.6,0.6,0.0058027077,0.0034816249,0,0,0,0,0
55818,-1,1,0.15688252,0.5391404,1,1,unassigned,21.0,19.0,2.0,0.9047619,0.0952381,0.09523809,0.036750484,0.0035000462,1,0,0,1,0
55819,-1,1,-0.869858,0.29528385,0,1,unassigned,63.0,63.0,0.0,1.0,0.0,0.0,0.11798839,0.0,1,0,0,0,0
55820,-1,1,-0.64480036,0.3441622,0,1,unassigned,75.0,75.0,0.0,1.0,0.0,0.0,0.14119923,0.0,1,0,0,0,0
55821,-1,0,0.60647947,0.6471373,1,1,unassigned,6.0,6.0,0.0,1.0,0.0,0.0,0.007736944,0.0,0,0,0,1,0
55822,-1,1,0.35069352,0.58678573,1,1,unassigned,3.0,3.0,0.0,1.0,0.0,0.0,0.001934236,0.0,1,0,0,1,0
55823,-1,0,2.5675213,0.9287418,1,1,unassigned,3.0,3.0,0.0,1.0,0.0,0.0,0.001934236,0.0,0,0,0,1,1
55824,-1,1,-0.772987,0.3158333,0,1,unassigned,91.0,88.0,3.0,0.96703297,0.032967035,0.03296703,0.172147,0.005675176,1,0,0,0,0
55825,-1,1,-0.6901475,0.3340003,0,1,unassigned,139.0,135.0,4.0,0.971223,0.02877698,0.028777003,0.26499033,0.0076256213,1,0,0,0,0
55826,-1,0,1.863225,0.8656724,1,1,unassigned,2.0,2.0,0.0,1.0,0.0,0.0,0.0,0.0,0,0,0,1,0
55827,-1,1,-0.6952932,0.33285663,0,1,unassigned,125.0,121.0,4.0,0.968,0.032,0.032000005,0.23791103,0.007613153,1,0,0,0,0
55828,-1,0,0.47965342,0.617666,1,1,unassigned,2.0,2.0,0.0,1.0,0.0,0.0,0.0,0.0,0,0,0,1,0
55829,-1,1,0.28027576,0.5696138,1,1,unassigned,5.0,5.0,0.0,1.0,0.0,0.0,0.0058027077,0.0,1,0,0,1,0
55830,-1,1,4.042787,0.9827542,1,1,unassigned,4.0,4.0,0.0,1.0,0.0,0.0,0.003868472,0.0,1,0,0,1,1
55831,-1,1,1.0409124,0.739026,1,1,unassigned,9.0,9.0,0.0,1.0,0.0,0.0,0.013539651,0.0,1,0,0,1,0
55832,-1,1,-0.27585962,0.4314691,0,1,unassigned,2.0,2.0,0.0,1.0,0.0,0.0,0.0,0.0,1,0,0,0,0
55833,-1,0,-1.1582483,0.23898575,0,1,unassigned,2.0,2.0,0.0,1.0,0.0,0.0,0.0,0.0,0,0,0,0,0
55834,-1,1,-0.86847776,0.29557115,0,1,unassigned,39.0,36.0,3.0,0.9230769,0.07692308,0.07692307,0.07156673,0.0055051334,1,0,0,0,0
55835,-1,0,3.261123,0.96307075,1,1,unassigned,9.0,9.0,0.0,1.0,0.0,0.0,0.013539651,0.0,0,0,0,1,1
55836,-1,0,0.6612049,0.659531,1,1,unassigned,11.0,11.0,0.0,1.0,0.0,0.0,0.017408123,0.0,0,0,0,1,0
55837,-1,0,-0.055048883,0.48624125,0,1,unassigned,12.0,12.0,0.0,1.0,0.0,0.0,0.01934236,0.0,0,0,0,0,0
55838,-1,0,0.8287166,0.6960835,1,1,unassigned,18.0,18.0,0.0,1.0,0.0,0.0,0.030947777,0.0,0,0,0,1,0
55839,-1,0,-0.05079466,0.48730406,0,1,unassigned,4.0,4.0,0.0,1.0,0.0,0.0,0.003868472,0.0,0,0,0,0,0
55840,1,1,-0.296296,0.42646322,0,1,val,17.0,16.0,1.0,0.9411765,0.05882353,0.058823526,0.029013539,0.0017066788,1,0,0,0,0
55841,-1,1,0.011759162,0.50293976,1,1,unassigned,10.0,10.0,0.0,1.0,0.0,0.0,0.015473888,0.0,1,0,0,1,0
55842,-1,0,4.7952332,0.99179876,1,1,unassigned,3.0,3.0,0.0,1.0,0.0,0.0,0.001934236,0.0,0,0,0,1,1
55843,1,0,6.1693153,0.99791163,1,0,train,11.0,10.0,1.0,0.90909094,0.09090909,0.090909064,0.017408123,0.0015825568,0,0,1,1,1
55844,-1,0,0.9545688,0.7220331,1,1,unassigned,6.0,6.0,0.0,1.0,0.0,0.0,0.007736944,0.0,0,0,0,1,0
55845,-1,0,0.14010388,0.5349688,1,1,unassigned,29.0,29.0,0.0,1.0,0.0,0.0,0.05222437,0.0,0,0,0,1,0
55846,-1,0,1.0012064,0.7312957,1,1,unassigned,41.0,39.0,2.0,0.9512195,0.048780486,0.0487805,0.07543521,0.003679766,0,0,0,1,0
55847,-1,1,-0.71499455,0.32849616,0,1,unassigned,40.0,39.0,1.0,0.975,0.025,0.024999976,0.07350097,0.0018375242,1,0,0,0,0
55848,-1,1,1.9293194,0.8731741,1,1,unassigned,4.0,1.0,3.0,0.25,0.75,0.75,0.003868472,0.002901354,1,0,0,1,0
55849,1,0,2.7546446,0.9401751,1,0,val,5.0,3.0,2.0,0.6,0.4,0.39999998,0.0058027077,0.002321083,0,0,1,1,1
55850,-1,0,1.020879,0.7351438,1,1,unassigned,2.0,2.0,0.0,1.0,0.0,0.0,0.0,0.0,0,0,0,1,0
55851,1,1,4.671258,0.99072635,1,0,unassigned,4.0,3.0,1.0,0.75,0.25,0.25,0.003868472,0.000967118,1,0,1,1,1
55852,-1,0,0.12424183,0.5310205,1,1,unassigned,3.0,3.0,0.0,1.0,0.0,0.0,0.001934236,0.0,0,0,0,1,0
55853,-1,0,0.65784997,0.65877724,1,1,unassigned,8.0,8.0,0.0,1.0,0.0,0.0,0.0116054155,0.0,0,0,0,1,0
55854,-1,0,2.5146024,0.9251592,1,1,unassigned,3.0,3.0,0.0,1.0,0.0,0.0,0.001934236,0.0,0,0,0,1,1
55855,-1,0,1.323659,0.7897898,1,1,unassigned,2.0,2.0,0.0,1.0,0.0,0.0,0.0,0.0,0,0,0,1,0
55856,-1,0,-0.5744301,0.3602152,0,1,unassigned,2.0,1.0,1.0,0.5,0.5,0.5,0.0,0.0,0,0,0,0,0
55857,-1,0,-0.8925324,0.2905875,0,1,unassigned,16.0,16.0,0.0,1.0,0.0,0.0,0.027079303,0.0,0,0,0,0,0
55858,-1,0,-0.46428674,0.3859694,0,1,unassigned,23.0,23.0,0.0,1.0,0.0,0.0,0.040618956,0.0,0,0,0,0,0
55859,-1,0,3.4709203,0.969849,1,1,unassigned,19.0,19.0,0.0,1.0,0.0,0.0,0.032882012,0.0,0,0,0,1,1
55860,-1,0,-0.43030238,0.3940541,0,1,unassigned,17.0,17.0,0.0,1.0,0.0,0.0,0.029013539,0.0,0,0,0,0,0
55861,-1,0,-0.8980806,0.2894451,0,1,unassigned,32.0,28.0,4.0,0.875,0.125,0.125,0.058027077,0.0072533847,0,0,0,0,0
55862,-1,0,-0.45137715,0.38903335,0,1,unassigned,6.0,6.0,0.0,1.0,0.0,0.0,0.007736944,0.0,0,0,0,0,0
55863,-1,0,0.48273176,0.6183927,1,1,unassigned,33.0,33.0,0.0,1.0,0.0,0.0,0.059961315,0.0,0,0,0,1,0
55864,-1,0,-0.19924042,0.450354,0,1,unassigned,22.0,22.0,0.0,1.0,0.0,0.0,0.03868472,0.0,0,0,0,0,0
55865,-1,1,-0.4455748,0.39041343,0,1,unassigned,7.0,7.0,0.0,1.0,0.0,0.0,0.00967118,0.0,1,0,0,0,0
55866,-1,0,-0.7689321,0.31671017,0,1,unassigned,3.0,3.0,0.0,1.0,0.0,0.0,0.001934236,0.0,0,0,0,0,0
55867,-1,1,2.183356,0.8987449,1,1,unassigned,2.0,1.0,1.0,0.5,0.5,0.5,0.0,0.0,1,0,0,1,0
55868,-1,0,-0.22781307,0.44329178,0,1,unassigned,39.0,31.0,8.0,0.7948718,0.20512821,0.2051282,0.07156673,0.014680355,0,0,0,0,0
55869,0,0,-0.7514962,0.32049537,0,0,test,13.0,13.0,0.0,1.0,0.0,0.0,0.021276595,0.0,0,0,1,0,0
55870,-1,1,-0.76349133,0.31788874,0,1,unassigned,50.0,50.0,0.0,1.0,0.0,0.0,0.092843324,0.0,1,0,0,0,0
55871,-1,1,-0.6157749,0.350743,0,1,unassigned,13.0,12.0,1.0,0.9230769,0.07692308,0.07692307,0.021276595,0.0016366612,1,0,0,0,0
55872,-1,0,3.9133341,0.9804174,1,1,unassigned,4.0,4.0,0.0,1.0,0.0,0.0,0.003868472,0.0,0,0,0,1,1
55873,1,0,-0.10678482,0.47332916,0,1,unassigned,19.0,19.0,0.0,1.0,0.0,0.0,0.032882012,0.0,0,0,0,0,0
55874,-1,0,-0.3434877,0.4149625,0,1,unassigned,2.0,2.0,0.0,1.0,0.0,0.0,0.0,0.0,0,0,0,0,0
55875,0,0,-0.116027206,0.4710257,0,0,val,19.0,19.0,0.0,1.0,0.0,0.0,0.032882012,0.0,0,0,1,0,0
55876,-1,1,-0.80204695,0.30958784,0,1,unassigned,118.0,117.0,1.0,0.9915254,0.008474576,0.008474588,0.22437137,0.0019014523,1,0,0,0,0
55877,-1,0,-0.22149444,0.44485167,0,1,unassigned,3.0,3.0,0.0,1.0,0.0,0.0,0.001934236,0.0,0,0,0,0,0
55878,-1,0,-0.5585479,0.3638835,0,1,unassigned,37.0,37.0,0.0,1.0,0.0,0.0,0.06769826,0.0,0,0,0,0,0
55879,-1,0,-0.30127928,0.42524478,0,1,unassigned,2.0,2.0,0.0,1.0,0.0,0.0,0.0,0.0,0,0,0,0,0
55880,-1,1,2.9668133,0.9510521,1,1,unassigned,15.0,13.0,2.0,0.8666667,0.13333334,0.13333333,0.025145067,0.0033526758,1,0,0,1,1
55881,-1,0,11.992594,0.9999938,1,1,unassigned,3.0,3.0,0.0,1.0,0.0,0.0,0.001934236,0.0,0,0,0,1,1
55882,-1,1,-0.36420882,0.40994108,0,1,unassigned,8.0,8.0,0.0,1.0,0.0,0.0,0.0116054155,0.0,1,0,0,0,0
55883,-1,0,4.1434736,0.98438025,1,1,unassigned,7.0,3.0,4.0,0.42857143,0.5714286,0.57142854,0.00967118,0.0055263885,0,0,0,1,1
55884,-1,1,-0.8923125,0.2906328,0,1,unassigned,25.0,25.0,0.0,1.0,0.0,0.0,0.044487428,0.0,1,0,0,0,0
55885,-1,0,4.133275,0.9842226,1,1,unassigned,2.0,2.0,0.0,1.0,0.0,0.0,0.0,0.0,0,0,0,1,1
55886,-1,1,1.0149591,0.73398954,1,1,unassigned,18.0,18.0,0.0,1.0,0.0,0.0,0.030947777,0.0,1,0,0,1,0
55887,-1,0,0.16335565,0.5407483,1,1,unassigned,50.0,50.0,0.0,1.0,0.0,0.0,0.092843324,0.0,0,0,0,1,0
55888,-1,1,-0.7630066,0.31799385,0,1,unassigned,72.0,70.0,2.0,0.9722222,0.027777778,0.027777791,0.13539653,0.0037610147,1,0,0,0,0
55889,-1,0,0.9936245,0.72980326,1,1,unassigned,45.0,44.0,1.0,0.9777778,0.022222223,0.02222222,0.08317215,0.0018482701,0,0,0,1,0
55890,-1,0,1.4405725,0.80854326,1,1,unassigned,18.0,18.0,0.0,1.0,0.0,0.0,0.030947777,0.0,0,0,0,1,0
55891,-1,1,-0.0499236,0.48752168,0,1,unassigned,5.0,5.0,0.0,1.0,0.0,0.0,0.0058027077,0.0,1,0,0,0,0
55892,1,0,-0.65498245,0.34186766,0,1,test,5.0,5.0,0.0,1.0,0.0,0.0,0.0058027077,0.0,0,0,0,0,0
55893,-1,0,1.1831195,0.7655083,1,1,unassigned,24.0,24.0,0.0,1.0,0.0,0.0,0.04255319,0.0,0,0,0,1,0
55894,-1,0,0.9567712,0.7224749,1,1,unassigned,3.0,3.0,0.0,1.0,0.0,0.0,0.001934236,0.0,0,0,0,1,0
55895,1,0,1.6160777,0.8342535,1,0,val,11.0,10.0,1.0,0.90909094,0.09090909,0.090909064,0.017408123,0.0015825568,0,0,1,1,0
55896,0,0,-0.84774244,0.29990664,0,0,val,4.0,4.0,0.0,1.0,0.0,0.0,0.003868472,0.0,0,0,1,0,0
55897,-1,0,1.1095431,0.75204396,1,1,unassigned,4.0,4.0,0.0,1.0,0.0,0.0,0.003868472,0.0,0,0,0,1,0
55898,-1,1,9.49957,0.99992514,1,1,unassigned,96.0,43.0,53.0,0.44791666,0.5520833,0.5520834,0.18181819,0.10037879,1,0,0,1,1
55899,-1,0,-0.23117495,0.44246224,0,1,unassigned,8.0,8.0,0.0,1.0,0.0,0.0,0.0116054155,0.0,0,0,0,0,0
55900,0,1,-0.7903645,0.31209043,0,0,unassigned,63.0,61.0,2.0,0.96825397,0.031746034,0.03174603,0.11798839,0.0037456634,1,0,1,0,0
55901,-1,1,1.1718266,0.76347506,1,1,unassigned,8.0,8.0,0.0,1.0,0.0,0.0,0.0116054155,0.0,1,0,0,1,0
55902,-1,0,5.4154563,0.9955723,1,1,unassigned,6.0,3.0,3.0,0.5,0.5,0.5,0.007736944,0.003868472,0,0,0,1,1
55903,-1,1,-0.45083058,0.38916332,0,1,unassigned,16.0,15.0,1.0,0.9375,0.0625,0.0625,0.027079303,0.0016924564,1,0,0,0,0
55904,-1,0,1.4045777,0.8029093,1,1,unassigned,3.0,2.0,1.0,0.6666667,0.33333334,0.3333333,0.001934236,0.00064474536,0,0,0,1,0
55905,-1,1,3.839729,0.9789531,1,1,unassigned,9.0,7.0,2.0,0.7777778,0.22222222,0.22222221,0.013539651,0.0030088115,1,0,0,1,1
55906,-1,0,7.1824026,0.99924076,1,1,unassigned,7.0,5.0,2.0,0.71428573,0.2857143,0.28571427,0.00967118,0.0027631943,0,0,0,1,1
55907,-1,0,4.9339013,0.9928531,1,1,unassigned,7.0,5.0,2.0,0.71428573,0.2857143,0.28571427,0.00967118,0.0027631943,0,0,0,1,1
55908,-1,0,0.03302872,0.50825644,1,1,unassigned,11.0,10.0,1.0,0.90909094,0.09090909,0.090909064,0.017408123,0.0015825568,0,0,0,1,0
55909,-1,0,-0.14652455,0.46343428,0,1,unassigned,12.0,12.0,0.0,1.0,0.0,0.0,0.01934236,0.0,0,0,0,0,0
55910,-1,1,-0.93316305,0.28228346,0,1,unassigned,19.0,19.0,0.0,1.0,0.0,0.0,0.032882012,0.0,1,0,0,0,0
55911,-1,1,-0.83047503,0.30354464,0,1,unassigned,94.0,89.0,5.0,0.9468085,0.05319149,0.053191483,0.17794971,0.00946541,1,0,0,0,0
55912,-1,1,-0.23586476,0.44130567,0,1,unassigned,8.0,8.0,0.0,1.0,0.0,0.0,0.0116054155,0.0,1,0,0,0,0
55913,-1,0,5.8633704,0.99716645,1,1,unassigned,4.0,3.0,1.0,0.75,0.25,0.25,0.003868472,0.000967118,0,0,0,1,1
55914,-1,0,1.3361192,0.791851,1,1,unassigned,3.0,1.0,2.0,0.33333334,0.6666667,0.6666666,0.001934236,0.0012894907,0,0,0,1,0
55915,-1,1,2.5840042,0.929825,1,1,unassigned,6.0,6.0,0.0,1.0,0.0,0.0,0.007736944,0.0,1,0,0,1,1
55916,-1,1,2.693523,0.93664336,1,1,unassigned,8.0,8.0,0.0,1.0,0.0,0.0,0.0116054155,0.0,1,0,0,1,1
55917,-1,1,1.915839,0.87167376,1,1,unassigned,4.0,4.0,0.0,1.0,0.0,0.0,0.003868472,0.0,1,0,0,1,0
55918,-1,1,-0.82752293,0.3041691,0,1,unassigned,97.0,96.0,1.0,0.9896907,0.010309278,0.010309279,0.18375242,0.0018943547,1,0,0,0,0
55919,1,1,6.0311017,0.9976029,1,0,test,13.0,12.0,1.0,0.9230769,0.07692308,0.07692307,0.021276595,0.0016366612,1,0,1,1,1
55920,-1,1,-0.36017928,0.41091618,0,1,unassigned,8.0,8.0,0.0,1.0,0.0,0.0,0.0116054155,0.0,1,0,0,0,0
55921,-1,1,2.1080682,0.89168495,1,1,unassigned,12.0,12.0,0.0,1.0,0.0,0.0,0.01934236,0.0,1,0,0,1,0
55922,-1,1,0.39724618,0.59802586,1,1,unassigned,15.0,14.0,1.0,0.93333334,0.06666667,0.06666666,0.025145067,0.0016763379,1,0,0,1,0
55923,-1,0,8.69324,0.9998323,1,1,unassigned,3.0,3.0,0.0,1.0,0.0,0.0,0.001934236,0.0,0,0,0,1,1
55924,-1,0,6.299024,0.9981653,1,1,unassigned,3.0,3.0,0.0,1.0,0.0,0.0,0.001934236,0.0,0,0,0,1,1
55925,-1,1,6.4563756,0.998432,1,1,unassigned,14.0,13.0,1.0,0.9285714,0.071428575,0.0714286,0.023210831,0.0016579166,1,0,0,1,1
55926,-1,0,-0.7223646,0.3268725,0,1,unassigned,5.0,5.0,0.0,1.0,0.0,0.0,0.0058027077,0.0,0,0,0,0,0
55927,-1,1,-0.44797823,0.3898416,0,1,unassigned,17.0,16.0,1.0,0.9411765,0.05882353,0.058823526,0.029013539,0.0017066788,1,0,0,0,0
55928,-1,1,-0.5986843,0.35464475,0,1,unassigned,6.0,5.0,1.0,0.8333333,0.16666667,0.16666669,0.007736944,0.0012894907,1,0,0,0,0
55929,-1,0,6.760216,0.9988424,1,1,unassigned,4.0,4.0,0.0,1.0,0.0,0.0,0.003868472,0.0,0,0,0,1,1
55930,-1,0,0.40932763,0.60092664,1,1,unassigned,2.0,2.0,0.0,1.0,0.0,0.0,0.0,0.0,0,0,0,1,0
55931,-1,1,0.17511863,0.5436681,1,1,unassigned,3.0,3.0,0.0,1.0,0.0,0.0,0.001934236,0.0,1,0,0,1,0
55932,-1,0,0.42085403,0.6036876,1,1,unassigned,6.0,6.0,0.0,1.0,0.0,0.0,0.007736944,0.0,0,0,0,1,0
55933,-1,0,1.5849063,0.82989824,1,1,unassigned,3.0,3.0,0.0,1.0,0.0,0.0,0.001934236,0.0,0,0,0,1,0
55934,-1,1,-0.72363687,0.32659262,0,1,unassigned,16.0,16.0,0.0,1.0,0.0,0.0,0.027079303,0.0,1,0,0,0,0
55935,-1,0,-0.16621494,0.45854166,0,1,unassigned,13.0,11.0,2.0,0.84615386,0.15384616,0.15384614,0.021276595,0.0032733225,0,0,0,0,0
55936,-1,0,5.7345195,0.99677795,1,1,unassigned,11.0,11.0,0.0,1.0,0.0,0.0,0.017408123,0.0,0,0,0,1,1
55937,-1,1,-0.45541868,0.3880732,0,1,unassigned,15.0,15.0,0.0,1.0,0.0,0.0,0.025145067,0.0,1,0,0,0,0
55938,0,0,-1.1361902,0.24302053,0,0,unassigned,6.0,6.0,0.0,1.0,0.0,0.0,0.007736944,0.0,0,0,1,0,0
55939,-1,0,0.7209652,0.67281955,1,1,unassigned,21.0,21.0,0.0,1.0,0.0,0.0,0.036750484,0.0,0,0,0,1,0
55940,-1,1,1.3246722,0.789958,1,1,unassigned,11.0,11.0,0.0,1.0,0.0,0.0,0.017408123,0.0,1,0,0,1,0
55941,-1,1,2.0393968,0.88487184,1,1,unassigned,13.0,13.0,0.0,1.0,0.0,0.0,0.021276595,0.0,1,0,0,1,0
55942,1,0,4.0346932,0.9826164,1,0,val,6.0,6.0,0.0,1.0,0.0,0.0,0.007736944,0.0,0,0,1,1,1
55943,1,0,6.6033607,0.9986461,1,0,test,10.0,9.0,1.0,0.9,0.1,0.100000024,0.015473888,0.0015473888,0,0,1,1,1
55944,-1,0,0.24819309,0.5617317,1,1,unassigned,6.0,4.0,2.0,0.6666667,0.33333334,0.3333333,0.007736944,0.0025789815,0,0,0,1,0
55945,-1,1,0.5048037,0.62358755,1,1,unassigned,12.0,12.0,0.0,1.0,0.0,0.0,0.01934236,0.0,1,0,0,1,0
55946,-1,1,0.88304454,0.7074527,1,1,unassigned,77.0,69.0,8.0,0.8961039,0.103896104,0.10389608,0.14506769,0.015071968,1,0,0,1,0
55947,-1,1,-0.8819465,0.29277456,0,1,unassigned,85.0,83.0,2.0,0.9764706,0.023529412,0.02352941,0.16054158,0.003777449,1,0,0,0,0
55948,1,0,0.087266326,0.5218027,1,0,test,5.0,5.0,0.0,1.0,0.0,0.0,0.0058027077,0.0,0,0,1,1,0
55949,-1,1,-0.37276003,0.40787426,0,1,unassigned,22.0,20.0,2.0,0.90909094,0.09090909,0.090909064,0.03868472,0.0035167928,1,0,0,0,0
55950,-1,1,-0.03936577,0.49015984,0,1,unassigned,22.0,21.0,1.0,0.95454544,0.045454547,0.04545456,0.03868472,0.0017583964,1,0,0,0,0
55951,-1,0,-0.33334184,0.41742775,0,1,unassigned,19.0,1.0,18.0,0.05263158,0.94736844,0.94736844,0.032882012,0.03115138,0,0,0,0,0
55952,-1,1,-0.2639941,0.43438208,0,1,unassigned,52.0,52.0,0.0,1.0,0.0,0.0,0.0967118,0.0,1,0,0,0,0
55953,-1,1,-0.89913726,0.2892278,0,1,unassigned,18.0,18.0,0.0,1.0,0.0,0.0,0.030947777,0.0,1,0,0,0,0
55954,-1,1,-0.2655644,0.43399635,0,1,unassigned,27.0,23.0,4.0,0.8518519,0.14814815,0.14814812,0.0483559,0.007163837,1,0,0,0,0
55955,-1,1,0.10154945,0.52536553,1,1,unassigned,64.0,62.0,2.0,0.96875,0.03125,0.03125,0.11992263,0.0037475822,1,0,0,1,0
55956,1,1,9.703068,0.99993885,1,0,val,12.0,8.0,4.0,0.6666667,0.33333334,0.3333333,0.01934236,0.006447453,1,0,1,1,1
55957,-1,1,1.4495554,0.80993,1,1,unassigned,15.0,15.0,0.0,1.0,0.0,0.0,0.025145067,0.0,1,0,0,1,0
55958,-1,1,-0.7737598,0.31566632,0,1,unassigned,57.0,56.0,1.0,0.98245615,0.01754386,0.017543852,0.10638298,0.0018663681,1,0,0,0,0
55959,-1,1,1.5180755,0.82025486,1,1,unassigned,5.0,4.0,1.0,0.8,0.2,0.19999999,0.0058027077,0.0011605415,1,0,0,1,0
55960,-1,0,-0.5732333,0.36049107,0,1,unassigned,17.0,17.0,0.0,1.0,0.0,0.0,0.029013539,0.0,0,0,0,0,0
55961,-1,1,-0.49090898,0.37967947,0,1,unassigned,20.0,19.0,1.0,0.95,0.05,0.050000012,0.034816246,0.0017408123,1,0,0,0,0
55962,-1,1,-0.54262334,0.36757752,0,1,unassigned,114.0,109.0,5.0,0.95614034,0.04385965,0.04385966,0.21663442,0.009501509,1,0,0,0,0
55963,-1,0,1.392102,0.8009276,1,1,unassigned,3.0,2.0,1.0,0.6666667,0.33333334,0.3333333,0.001934236,0.00064474536,0,0,0,1,0
55964,1,0,0.5738557,0.6396524,1,0,val,20.0,20.0,0.0,1.0,0.0,0.0,0.034816246,0.0,0,0,1,1,0
55965,-1,0,-0.5091291,0.37539768,0,1,unassigned,36.0,36.0,0.0,1.0,0.0,0.0,0.065764025,0.0,0,0,0,0,0
55966,-1,1,-0.84765565,0.29992488,0,1,unassigned,54.0,46.0,8.0,0.8518519,0.14814815,0.14814812,0.10058027,0.01490078,1,0,0,0,0
55967,-1,1,0.7420054,0.6774342,1,1,unassigned,10.0,9.0,1.0,0.9,0.1,0.100000024,0.015473888,0.0015473888,1,0,0,1,0
55968,0,1,-0.25405365,0.43682605,0,0,unassigned,15.0,15.0,0.0,1.0,0.0,0.0,0.025145067,0.0,1,0,1,0,0
55969,-1,1,-0.63439965,0.3465136,0,1,unassigned,5.0,5.0,0.0,1.0,0.0,0.0,0.0058027077,0.0,1,0,0,0,0
55970,1,1,2.4711044,0.9220911,1,0,test,30.0,27.0,3.0,0.9,0.1,0.100000024,0.054158606,0.0054158606,1,0,1,1,1
55971,-1,1,-0.6221471,0.3492933,0,1,unassigned,14.0,14.0,0.0,1.0,0.0,0.0,0.023210831,0.0,1,0,0,0,0
55972,-1,1,0.6137145,0.6487877,1,1,unassigned,8.0,7.0,1.0,0.875,0.125,0.125,0.0116054155,0.0014506769,1,0,0,1,0
55973,-1,0,1.4807184,0.81468105,1,1,unassigned,8.0,8.0,0.0,1.0,0.0,0.0,0.0116054155,0.0,0,0,0,1,0
55974,-1,0,-0.67316884,0.33778766,0,1,unassigned,2.0,2.0,0.0,1.0,0.0,0.0,0.0,0.0,0,0,0,0,0
55975,0,1,0.028039277,0.5070094,1,1,unassigned,6.0,6.0,0.0,1.0,0.0,0.0,0.007736944,0.0,1,0,0,1,0
55976,-1,0,-0.6410106,0.34501812,0,1,unassigned,2.0,1.0,1.0,0.5,0.5,0.5,0.0,0.0,0,0,0,0,0
55977,-1,0,-0.26308694,0.43460503,0,1,unassigned,5.0,5.0,0.0,1.0,0.0,0.0,0.0058027077,0.0,0,0,0,0,0
55978,-1,0,-0.4102137,0.3988609,0,1,unassigned,9.0,9.0,0.0,1.0,0.0,0.0,0.013539651,0.0,0,0,0,0,0
55979,1,1,2.323232,0.9107829,1,0,test,6.0,6.0,0.0,1.0,0.0,0.0,0.007736944,0.0,1,0,1,1,1
55980,-1,0,0.35507423,0.58784753,1,1,unassigned,4.0,2.0,2.0,0.5,0.5,0.5,0.003868472,0.001934236,0,0,0,1,0
55981,-1,1,-0.22992355,0.442771,0,1,unassigned,35.0,35.0,0.0,1.0,0.0,0.0,0.06382979,0.0,1,0,0,0,0
55982,-1,0,-0.5972129,0.35498157,0,1,unassigned,3.0,3.0,0.0,1.0,0.0,0.0,0.001934236,0.0,0,0,0,0,0
55983,-1,1,-0.26786128,0.43343225,0,1,unassigned,26.0,26.0,0.0,1.0,0.0,0.0,0.046421662,0.0,1,0,0,0,0
55984,-1,1,4.398441,0.98785293,1,1,unassigned,6.0,6.0,0.0,1.0,0.0,0.0,0.007736944,0.0,1,0,0,1,1
55985,-1,1,2.4367442,0.9195866,1,1,unassigned,6.0,6.0,0.0,1.0,0.0,0.0,0.007736944,0.0,1,0,0,1,1
55986,-1,0,0.22835338,0.55684155,1,1,unassigned,8.0,7.0,1.0,0.875,0.125,0.125,0.0116054155,0.0014506769,0,0,0,1,0
55987,-1,0,6.889704,0.99898285,1,1,unassigned,14.0,14.0,0.0,1.0,0.0,0.0,0.023210831,0.0,0,0,0,1,1
55988,-1,1,0.7773382,0.68510616,1,1,unassigned,2.0,2.0,0.0,1.0,0.0,0.0,0.0,0.0,1,0,0,1,0
55989,-1,0,0.89660984,0.71025234,1,1,unassigned,32.0,32.0,0.0,1.0,0.0,0.0,0.058027077,0.0,0,0,0,1,0
55990,-1,1,5.706884,0.99668807,1,1,unassigned,2.0,2.0,0.0,1.0,0.0,0.0,0.0,0.0,1,0,0,1,1
55991,-1,1,3.1549606,0.9591037,1,1,unassigned,3.0,3.0,0.0,1.0,0.0,0.0,0.001934236,0.0,1,0,0,1,1
55992,1,0,0.22898108,0.5569964,1,0,unassigned,3.0,3.0,0.0,1.0,0.0,0.0,0.001934236,0.0,0,0,1,1,0
55993,-1,0,-0.21619162,0.44616163,0,1,unassigned,10.0,10.0,0.0,1.0,0.0,0.0,0.015473888,0.0,0,0,0,0,0
55994,-1,0,0.07416338,0.51853234,1,1,unassigned,11.0,11.0,0.0,1.0,0.0,0.0,0.017408123,0.0,0,0,0,1,0
55995,-1,0,2.5500424,0.92757636,1,1,unassigned,13.0,13.0,0.0,1.0,0.0,0.0,0.021276595,0.0,0,0,0,1,1
55996,-1,1,-0.8167513,0.3064537,0,1,unassigned,73.0,73.0,0.0,1.0,0.0,0.0,0.13733076,0.0,1,0,0,0,0
55997,-1,1,-0.034903705,0.49127495,0,1,unassigned,19.0,19.0,0.0,1.0,0.0,0.0,0.032882012,0.0,1,0,0,0,0
55998,1,0,-0.5638401,0.3626594,0,1,unassigned,20.0,18.0,2.0,0.9,0.1,0.100000024,0.034816246,0.0034816246,0,0,0,0,0
55999,-1,0,0.033556283,0.5083883,1,1,unassigned,37.0,37.0,0.0,1.0,0.0,0.0,0.06769826,0.0,0,0,0,1,0
56000,-1,0,0.155824,0.53887737,1,1,unassigned,26.0,26.0,0.0,1.0,0.0,0.0,0.046421662,0.0,0,0,0,1,0
56001,0,1,-0.85935783,0.29747352,0,0,train,52.0,52.0,0.0,1.0,0.0,0.0,0.0967118,0.0,1,0,1,0,0
56002,-1,1,1.1180439,0.75362575,1,1,unassigned,15.0,15.0,0.0,1.0,0.0,0.0,0.025145067,0.0,1,0,0,1,0
56003,-1,1,0.5642974,0.6374463,1,1,unassigned,8.0,8.0,0.0,1.0,0.0,0.0,0.0116054155,0.0,1,0,0,1,0
56004,-1,1,11.980287,0.9999937,1,1,unassigned,20.0,11.0,9.0,0.55,0.45,0.45,0.034816246,0.01566731,1,0,0,1,1
56005,-1,0,-0.034284532,0.49142972,0,1,unassigned,18.0,17.0,1.0,0.9444444,0.055555556,0.055555582,0.030947777,0.0017193209,0,0,0,0,0
56006,-1,0,4.0170546,0.9823125,1,1,unassigned,7.0,7.0,0.0,1.0,0.0,0.0,0.00967118,0.0,0,0,0,1,1
56007,1,1,2.2833083,0.9074852,1,0,test,5.0,5.0,0.0,1.0,0.0,0.0,0.0058027077,0.0,1,0,1,1,1
56008,-1,0,5.928212,0.99734384,1,1,unassigned,4.0,2.0,2.0,0.5,0.5,0.5,0.003868472,0.001934236,0,0,0,1,1
56009,-1,0,0.00924623,0.5023115,1,1,unassigned,8.0,8.0,0.0,1.0,0.0,0.0,0.0116054155,0.0,0,0,0,1,0
56010,-1,0,5.116258,0.9940374,1,1,unassigned,5.0,5.0,0.0,1.0,0.0,0.0,0.0058027077,0.0,0,0,0,1,1
56011,1,0,5.253475,0.9947978,1,0,test,12.0,11.0,1.0,0.9166667,0.083333336,0.08333331,0.01934236,0.0016118633,0,0,1,1,1
56012,-1,1,-0.5223771,0.37229657,0,1,unassigned,28.0,28.0,0.0,1.0,0.0,0.0,0.050290134,0.0,1,0,0,0,0
56013,-1,0,5.551337,0.99613273,1,1,unassigned,7.0,7.0,0.0,1.0,0.0,0.0,0.00967118,0.0,0,0,0,1,1
56014,-1,1,0.6891275,0.6657728,1,1,unassigned,21.0,20.0,1.0,0.95238096,0.04761905,0.047619045,0.036750484,0.0017500231,1,0,0,1,0
56015,-1,1,-0.35025787,0.4133199,0,1,unassigned,23.0,23.0,0.0,1.0,0.0,0.0,0.040618956,0.0,1,0,0,0,0
56016,-1,1,-0.2211321,0.4449412,0,1,unassigned,23.0,23.0,0.0,1.0,0.0,0.0,0.040618956,0.0,1,0,0,0,0
56017,-1,0,1.7298548,0.8493939,1,1,unassigned,24.0,22.0,2.0,0.9166667,0.083333336,0.08333331,0.04255319,0.0035460992,0,0,0,1,0
56018,-1,1,-1.0095534,0.26706725,0,1,unassigned,9.0,9.0,0.0,1.0,0.0,0.0,0.013539651,0.0,1,0,0,0,0
56019,-1,1,2.5053394,0.9245153,1,1,unassigned,14.0,14.0,0.0,1.0,0.0,0.0,0.023210831,0.0,1,0,0,1,1
56020,-1,1,-0.42509583,0.395298,0,1,unassigned,2.0,2.0,0.0,1.0,0.0,0.0,0.0,0.0,1,0,0,0,0
56021,-1,1,-0.89045626,0.29101568,0,1,unassigned,33.0,32.0,1.0,0.969697,0.030303031,0.030303001,0.059961315,0.0018170096,1,0,0,0,0
56022,-1,1,4.2181544,0.9854879,1,1,unassigned,14.0,13.0,1.0,0.9285714,0.071428575,0.0714286,0.023210831,0.0016579166,1,0,0,1,1
56023,-1,1,3.6188147,0.9738858,1,1,unassigned,4.0,2.0,2.0,0.5,0.5,0.5,0.003868472,0.001934236,1,0,0,1,1
56024,-1,1,0.22134823,0.5551122,1,1,unassigned,2.0,2.0,0.0,1.0,0.0,0.0,0.0,0.0,1,0,0,1,0
56025,-1,1,-0.7783475,0.31467617,0,1,unassigned,57.0,56.0,1.0,0.98245615,0.01754386,0.017543852,0.10638298,0.0018663681,1,0,0,0,0
56026,-1,0,-0.3305598,0.4181044,0,1,unassigned,4.0,4.0,0.0,1.0,0.0,0.0,0.003868472,0.0,0,0,0,0,0
56027,-1,0,0.3672757,0.5908005,1,1,unassigned,4.0,4.0,0.0,1.0,0.0,0.0,0.003868472,0.0,0,0,0,1,0
56028,-1,1,-0.18256646,0.4544847,0,1,unassigned,46.0,44.0,2.0,0.95652175,0.04347826,0.04347825,0.08510638,0.0037002775,1,0,0,0,0
56029,-1,1,0.07419032,0.5185391,1,1,unassigned,29.0,27.0,2.0,0.9310345,0.06896552,0.068965495,0.05222437,0.0036016807,1,0,0,1,0
56030,-1,0,0.42392617,0.6044224,1,1,unassigned,26.0,26.0,0.0,1.0,0.0,0.0,0.046421662,0.0,0,0,0,1,0
56031,0,0,1.2569842,0.7785065,1,1,unassigned,5.0,5.0,0.0,1.0,0.0,0.0,0.0058027077,0.0,0,0,0,1,0
56032,-1,1,2.5375152,0.92673033,1,1,unassigned,18.0,18.0,0.0,1.0,0.0,0.0,0.030947777,0.0,1,0,0,1,1
56033,-1,1,-0.08221939,0.47945675,0,1,unassigned,57.0,54.0,3.0,0.94736844,0.05263158,0.052631557,0.10638298,0.0055991043,1,0,0,0,0
56034,-1,0,3.0555928,0.95502335,1,1,unassigned,14.0,12.0,2.0,0.85714287,0.14285715,0.14285713,0.023210831,0.0033158332,0,0,0,1,1
56035,-1,1,0.9364067,0.71837324,1,1,unassigned,4.0,4.0,0.0,1.0,0.0,0.0,0.003868472,0.0,1,0,0,1,0
56036,-1,0,2.7248852,0.93847924,1,1,unassigned,4.0,2.0,2.0,0.5,0.5,0.5,0.003868472,0.001934236,0,0,0,1,1
56037,-1,1,-0.14887777,0.46284917,0,1,unassigned,56.0,53.0,3.0,0.9464286,0.05357143,0.053571403,0.10444874,0.0055954685,1,0,0,0,0
56038,-1,1,3.6027586,0.97347426,1,1,unassigned,3.0,2.0,1.0,0.6666667,0.33333334,0.3333333,0.001934236,0.00064474536,1,0,0,1,1
56039,-1,0,-0.33500245,0.41702396,0,1,unassigned,4.0,4.0,0.0,1.0,0.0,0.0,0.003868472,0.0,0,0,0,0,0
56040,1,0,-0.13005078,0.46753305,0,1,val,8.0,8.0,0.0,1.0,0.0,0.0,0.0116054155,0.0,0,0,0,0,0
56041,1,0,0.12417865,0.5310048,1,0,unassigned,17.0,17.0,0.0,1.0,0.0,0.0,0.029013539,0.0,0,0,1,1,0
56042,-1,0,0.59344643,0.6441555,1,1,unassigned,22.0,22.0,0.0,1.0,0.0,0.0,0.03868472,0.0,0,0,0,1,0
56043,-1,0,7.290276,0.99931836,1,1,unassigned,9.0,9.0,0.0,1.0,0.0,0.0,0.013539651,0.0,0,0,0,1,1
56044,-1,0,0.7436226,0.6777875,1,1,unassigned,2.0,2.0,0.0,1.0,0.0,0.0,0.0,0.0,0,0,0,1,0
56045,1,1,0.54876643,0.6338493,1,0,val,17.0,16.0,1.0,0.9411765,0.05882353,0.058823526,0.029013539,0.0017066788,1,0,1,1,0
56046,-1,0,2.786054,0.9419175,1,1,unassigned,2.0,2.0,0.0,1.0,0.0,0.0,0.0,0.0,0,0,0,1,1
56047,-1,1,3.4467027,0.96913266,1,1,unassigned,21.0,18.0,3.0,0.85714287,0.14285715,0.14285713,0.036750484,0.0052500693,1,0,0,1,1
56048,-1,0,1.340486,0.7925699,1,1,unassigned,25.0,20.0,5.0,0.8,0.2,0.19999999,0.044487428,0.008897486,0,0,0,1,0
56049,-1,0,0.9403793,0.7191763,1,1,unassigned,2.0,2.0,0.0,1.0,0.0,0.0,0.0,0.0,0,0,0,1,0
56050,-1,1,0.5375789,0.63124907,1,1,unassigned,9.0,9.0,0.0,1.0,0.0,0.0,0.013539651,0.0,1,0,0,1,0
56051,-1,1,3.0515351,0.95484877,1,1,unassigned,4.0,4.0,0.0,1.0,0.0,0.0,0.003868472,0.0,1,0,0,1,1
56052,-1,1,2.2960274,0.90854746,1,1,unassigned,2.0,2.0,0.0,1.0,0.0,0.0,0.0,0.0,1,0,0,1,1
56053,-1,0,-0.74597836,0.32169822,0,1,unassigned,6.0,6.0,0.0,1.0,0.0,0.0,0.007736944,0.0,0,0,0,0,0
56054,-1,0,-0.18720818,0.45333418,0,1,unassigned,15.0,15.0,0.0,1.0,0.0,0.0,0.025145067,0.0,0,0,0,0,0
56055,-1,1,-0.6790686,0.3364692,0,1,unassigned,75.0,72.0,3.0,0.96,0.04,0.04000002,0.14119923,0.005647969,1,0,0,0,0
56056,-1,0,1.6967175,0.8451055,1,1,unassigned,2.0,2.0,0.0,1.0,0.0,0.0,0.0,0.0,0,0,0,1,0
56057,-1,0,1.0621991,0.74311054,1,1,unassigned,7.0,7.0,0.0,1.0,0.0,0.0,0.00967118,0.0,0,0,0,1,0
56058,-1,0,2.6647973,0.9349172,1,1,unassigned,4.0,4.0,0.0,1.0,0.0,0.0,0.003868472,0.0,0,0,0,1,1
56059,-1,1,-0.60217774,0.35384563,0,1,unassigned,18.0,17.0,1.0,0.9444444,0.055555556,0.055555582,0.030947777,0.0017193209,1,0,0,0,0
56060,-1,0,-0.8666229,0.2959575,0,1,unassigned,3.0,3.0,0.0,1.0,0.0,0.0,0.001934236,0.0,0,0,0,0,0
56061,1,0,-0.46277246,0.3863283,0,1,unassigned,9.0,9.0,0.0,1.0,0.0,0.0,0.013539651,0.0,0,0,0,0,0
56062,-1,1,-0.6642467,0.33978632,0,1,unassigned,16.0,16.0,0.0,1.0,0.0,0.0,0.027079303,0.0,1,0,0,0,0
56063,-1,0,-0.20005196,0.45015317,0,1,unassigned,4.0,4.0,0.0,1.0,0.0,0.0,0.003868472,0.0,0,0,0,0,0
56064,-1,1,1.8776233,0.86733794,1,1,unassigned,48.0,41.0,7.0,0.8541667,0.14583333,0.14583331,0.088974856,0.012975499,1,0,0,1,0
56065,-1,0,2.8434794,0.9449806,1,1,unassigned,2.0,2.0,0.0,1.0,0.0,0.0,0.0,0.0,0,0,0,1,1
56066,-1,0,-0.47275165,0.38396516,0,1,unassigned,2.0,2.0,0.0,1.0,0.0,0.0,0.0,0.0,0,0,0,0,0
56067,0,0,-0.19323197,0.45184174,0,0,test,8.0,8.0,0.0,1.0,0.0,0.0,0.0116054155,0.0,0,0,1,0,0
56068,-1,0,2.4517748,0.9206912,1,1,unassigned,2.0,2.0,0.0,1.0,0.0,0.0,0.0,0.0,0,0,0,1,1
56069,-1,1,4.283295,0.9863906,1,1,unassigned,63.0,53.0,10.0,0.84126985,0.15873016,0.15873015,0.11798839,0.018728318,1,0,0,1,1
56070,-1,0,0.07804865,0.5195023,1,1,unassigned,3.0,2.0,1.0,0.6666667,0.33333334,0.3333333,0.001934236,0.00064474536,0,0,0,1,0
56071,-1,0,0.0094015,0.50235033,1,1,unassigned,2.0,2.0,0.0,1.0,0.0,0.0,0.0,0.0,0,0,0,1,0
56072,-1,0,-0.39031124,0.4036424,0,1,unassigned,9.0,9.0,0.0,1.0,0.0,0.0,0.013539651,0.0,0,0,0,0,0
56073,-1,0,0.6581611,0.65884715,1,1,unassigned,16.0,16.0,0.0,1.0,0.0,0.0,0.027079303,0.0,0,0,0,1,0
56074,-1,0,0.55492073,0.6352765,1,1,unassigned,3.0,3.0,0.0,1.0,0.0,0.0,0.001934236,0.0,0,0,0,1,0
56075,-1,0,4.622413,0.9902666,1,1,unassigned,31.0,30.0,1.0,0.9677419,0.032258064,0.032258093,0.056092843,0.0018094465,0,0,0,1,1
56076,-1,0,1.4810779,0.81473535,1,1,unassigned,6.0,6.0,0.0,1.0,0.0,0.0,0.007736944,0.0,0,0,0,1,0
56077,-1,0,-0.5786836,0.35923553,0,1,unassigned,8.0,7.0,1.0,0.875,0.125,0.125,0.0116054155,0.0014506769,0,0,0,0,0
56078,-1,0,2.1887362,0.89923346,1,1,unassigned,22.0,22.0,0.0,1.0,0.0,0.0,0.03868472,0.0,0,0,0,1,0
56079,-1,0,1.8547192,0.86468023,1,1,unassigned,18.0,18.0,0.0,1.0,0.0,0.0,0.030947777,0.0,0,0,0,1,0
56080,-1,0,0.6825543,0.66430855,1,1,unassigned,5.0,5.0,0.0,1.0,0.0,0.0,0.0058027077,0.0,0,0,0,1,0
56081,-1,0,1.1824558,0.765389,1,1,unassigned,2.0,2.0,0.0,1.0,0.0,0.0,0.0,0.0,0,0,0,1,0
56082,-1,0,1.0084717,0.732721,1,1,unassigned,8.0,8.0,0.0,1.0,0.0,0.0,0.0116054155,0.0,0,0,0,1,0
56083,-1,1,0.1196565,0.5298785,1,1,unassigned,3.0,3.0,0.0,1.0,0.0,0.0,0.001934236,0.0,1,0,0,1,0
56084,-1,1,3.4086444,0.9679736,1,1,unassigned,12.0,12.0,0.0,1.0,0.0,0.0,0.01934236,0.0,1,0,0,1,1
56085,0,0,-0.26036888,0.43527302,0,0,unassigned,51.0,49.0,2.0,0.9607843,0.039215688,0.039215684,0.09477756,0.0037167673,0,0,1,0,0
56086,-1,0,-0.93602514,0.28170395,0,1,unassigned,2.0,2.0,0.0,1.0,0.0,0.0,0.0,0.0,0,0,0,0,0
56087,-1,0,0.06665677,0.516658,1,1,unassigned,10.0,10.0,0.0,1.0,0.0,0.0,0.015473888,0.0,0,0,0,1,0
56088,-1,1,2.78427,0.9418199,1,1,unassigned,32.0,31.0,1.0,0.96875,0.03125,0.03125,0.058027077,0.0018133462,1,0,0,1,1
56089,-1,1,1.1018777,0.7506117,1,1,unassigned,12.0,11.0,1.0,0.9166667,0.083333336,0.08333331,0.01934236,0.0016118633,1,0,0,1,0
56090,-1,1,-0.9178237,0.28540155,0,1,unassigned,98.0,96.0,2.0,0.97959185,0.020408163,0.020408154,0.18568665,0.0037895234,1,0,0,0,0
56091,-1,0,1.5307381,0.8221142,1,1,unassigned,4.0,4.0,0.0,1.0,0.0,0.0,0.003868472,0.0,0,0,0,1,0
56092,-1,1,0.53309923,0.6302057,1,1,unassigned,4.0,4.0,0.0,1.0,0.0,0.0,0.003868472,0.0,1,0,0,1,0
56093,-1,0,1.5821965,0.8295154,1,1,unassigned,4.0,4.0,0.0,1.0,0.0,0.0,0.003868472,0.0,0,0,0,1,0
56094,-1,1,5.5159698,0.9959941,1,1,unassigned,4.0,4.0,0.0,1.0,0.0,0.0,0.003868472,0.0,1,0,0,1,1
56095,-1,1,4.325402,0.9869445,1,1,unassigned,4.0,4.0,0.0,1.0,0.0,0.0,0.003868472,0.0,1,0,0,1,1
56096,1,1,4.622737,0.9902698,1,0,test,12.0,11.0,1.0,0.9166667,0.083333336,0.08333331,0.01934236,0.0016118633,1,0,1,1,1
56097,-1,1,1.2384758,0.7752986,1,1,unassigned,6.0,6.0,0.0,1.0,0.0,0.0,0.007736944,0.0,1,0,0,1,0
56098,1,0,1.0885887,0.74811584,1,0,test,5.0,5.0,0.0,1.0,0.0,0.0,0.0058027077,0.0,0,0,1,1,0
56099,-1,1,-0.075784564,0.48106292,0,1,unassigned,14.0,14.0,0.0,1.0,0.0,0.0,0.023210831,0.0,1,0,0,0,0
56100,-1,0,5.473904,0.99582267,1,1,unassigned,5.0,5.0,0.0,1.0,0.0,0.0,0.0058027077,0.0,0,0,0,1,1
56101,-1,1,2.6991634,0.9369773,1,1,unassigned,4.0,4.0,0.0,1.0,0.0,0.0,0.003868472,0.0,1,0,0,1,1
56102,-1,0,0.40350145,0.5995286,1,1,unassigned,4.0,4.0,0.0,1.0,0.0,0.0,0.003868472,0.0,0,0,0,1,0
56103,-1,1,5.6767273,0.9965869,1,1,unassigned,7.0,7.0,0.0,1.0,0.0,0.0,0.00967118,0.0,1,0,0,1,1
56104,-1,0,4.9094443,0.99267745,1,1,unassigned,6.0,3.0,3.0,0.5,0.5,0.5,0.007736944,0.003868472,0,0,0,1,1
56105,-1,1,4.6627145,0.9906475,1,1,unassigned,2.0,2.0,0.0,1.0,0.0,0.0,0.0,0.0,1,0,0,1,1
56106,-1,1,4.213617,0.98542285,1,1,unassigned,12.0,11.0,1.0,0.9166667,0.083333336,0.08333331,0.01934236,0.0016118633,1,0,0,1,1
56107,-1,1,-0.76592886,0.31736043,0,1,unassigned,76.0,74.0,2.0,0.9736842,0.02631579,0.026315808,0.14313346,0.0037666701,1,0,0,0,0
56108,-1,0,6.976223,0.9990671,1,1,unassigned,2.0,2.0,0.0,1.0,0.0,0.0,0.0,0.0,0,0,0,1,1
56109,-1,1,5.2044306,0.9945378,1,1,unassigned,15.0,11.0,4.0,0.73333335,0.26666668,0.26666665,0.025145067,0.0067053516,1,0,0,1,1
56110,-1,0,8.56208,0.99980885,1,1,unassigned,3.0,3.0,0.0,1.0,0.0,0.0,0.001934236,0.0,0,0,0,1,1
56111,-1,1,-0.40364453,0.40043703,0,1,unassigned,24.0,24.0,0.0,1.0,0.0,0.0,0.04255319,0.0,1,0,0,0,0
56112,-1,1,-0.4324358,0.39354482,0,1,unassigned,40.0,36.0,4.0,0.9,0.1,0.100000024,0.07350097,0.007350097,1,0,0,0,0
56113,-1,1,-0.5326984,0.36988774,0,1,unassigned,23.0,22.0,1.0,0.95652175,0.04347826,0.04347825,0.040618956,0.0017660416,1,0,0,0,0
56114,-1,0,0.3693564,0.59130347,1,1,unassigned,11.0,11.0,0.0,1.0,0.0,0.0,0.017408123,0.0,0,0,0,1,0
56115,-1,1,-0.406962,0.3996408,0,1,unassigned,65.0,61.0,4.0,0.93846154,0.06153846,0.061538458,0.12185687,0.007498884,1,0,0,0,0
56116,-1,0,0.4752559,0.61662704,1,1,unassigned,3.0,2.0,1.0,0.6666667,0.33333334,0.3333333,0.001934236,0.00064474536,0,0,0,1,0
56117,-1,0,-0.34551233,0.4144711,0,1,unassigned,3.0,3.0,0.0,1.0,0.0,0.0,0.001934236,0.0,0,0,0,0,0
56118,1,0,3.2186372,0.9615297,1,0,test,4.0,4.0,0.0,1.0,0.0,0.0,0.003868472,0.0,0,0,1,1,1
56119,-1,0,0.59139234,0.64368457,1,1,unassigned,4.0,4.0,0.0,1.0,0.0,0.0,0.003868472,0.0,0,0,0,1,0
56120,-1,0,6.2645974,0.9981012,1,1,unassigned,5.0,5.0,0.0,1.0,0.0,0.0,0.0058027077,0.0,0,0,0,1,1
56121,-1,0,-0.18399647,0.45413023,0,1,unassigned,4.0,4.0,0.0,1.0,0.0,0.0,0.003868472,0.0,0,0,0,0,0
56122,-1,0,7.702849,0.9995486,1,1,unassigned,2.0,2.0,0.0,1.0,0.0,0.0,0.0,0.0,0,0,0,1,1
56123,-1,1,8.712621,0.9998355,1,1,unassigned,5.0,5.0,0.0,1.0,0.0,0.0,0.0058027077,0.0,1,0,0,1,1
56124,-1,1,8.810801,0.99985087,1,1,unassigned,9.0,9.0,0.0,1.0,0.0,0.0,0.013539651,0.0,1,0,0,1,1
56125,-1,1,-0.699927,0.3318284,0,1,unassigned,15.0,15.0,0.0,1.0,0.0,0.0,0.025145067,0.0,1,0,0,0,0
56126,-1,0,3.8863828,0.9798932,1,1,unassigned,29.0,29.0,0.0,1.0,0.0,0.0,0.05222437,0.0,0,0,0,1,1
56127,-1,1,7.2008815,0.99925464,1,1,unassigned,10.0,10.0,0.0,1.0,0.0,0.0,0.015473888,0.0,1,0,0,1,1
56128,-1,0,1.2659378,0.7800465,1,1,unassigned,3.0,2.0,1.0,0.6666667,0.33333334,0.3333333,0.001934236,0.00064474536,0,0,0,1,0
56129,-1,0,0.8820415,0.7072451,1,1,unassigned,5.0,5.0,0.0,1.0,0.0,0.0,0.0058027077,0.0,0,0,0,1,0
56130,-1,0,4.704146,0.99102366,1,1,unassigned,2.0,2.0,0.0,1.0,0.0,0.0,0.0,0.0,0,0,0,1,1
56131,-1,1,6.4411244,0.9984079,1,1,unassigned,5.0,4.0,1.0,0.8,0.2,0.19999999,0.0058027077,0.0011605415,1,0,0,1,1
56132,-1,1,13.061273,0.99999785,1,1,unassigned,3.0,3.0,0.0,1.0,0.0,0.0,0.001934236,0.0,1,0,0,1,1
56133,-1,0,9.2332535,0.99990225,1,1,unassigned,2.0,2.0,0.0,1.0,0.0,0.0,0.0,0.0,0,0,0,1,1
56134,-1,0,1.0970249,0.7497022,1,1,unassigned,6.0,6.0,0.0,1.0,0.0,0.0,0.007736944,0.0,0,0,0,1,0
56135,-1,1,1.3205767,0.7892777,1,1,unassigned,4.0,4.0,0.0,1.0,0.0,0.0,0.003868472,0.0,1,0,0,1,0
56136,-1,1,5.9594827,0.9974254,1,1,unassigned,6.0,6.0,0.0,1.0,0.0,0.0,0.007736944,0.0,1,0,0,1,1
56137,-1,0,18.178493,1.0,1,1,unassigned,2.0,2.0,0.0,1.0,0.0,0.0,0.0,0.0,0,0,0,1,1
56138,-1,0,0.38128865,0.59418386,1,1,unassigned,13.0,13.0,0.0,1.0,0.0,0.0,0.021276595,0.0,0,0,0,1,0
56139,-1,0,1.0698571,0.7445698,1,1,unassigned,3.0,3.0,0.0,1.0,0.0,0.0,0.001934236,0.0,0,0,0,1,0
56140,-1,0,-0.23564872,0.44135895,0,1,unassigned,7.0,7.0,0.0,1.0,0.0,0.0,0.00967118,0.0,0,0,0,0,0
56141,-1,0,0.53112704,0.62974596,1,1,unassigned,6.0,6.0,0.0,1.0,0.0,0.0,0.007736944,0.0,0,0,0,1,0
56142,-1,0,7.702849,0.9995486,1,1,unassigned,2.0,2.0,0.0,1.0,0.0,0.0,0.0,0.0,0,0,0,1,1
56143,-1,0,2.7967937,0.9425023,1,1,unassigned,4.0,4.0,0.0,1.0,0.0,0.0,0.003868472,0.0,0,0,0,1,1
56144,-1,0,1.7049894,0.84618527,1,1,unassigned,3.0,3.0,0.0,1.0,0.0,0.0,0.001934236,0.0,0,0,0,1,0
56145,-1,0,-0.07546306,0.48114318,0,1,unassigned,4.0,4.0,0.0,1.0,0.0,0.0,0.003868472,0.0,0,0,0,0,0
56146,-1,0,-0.2484088,0.4382152,0,1,unassigned,17.0,17.0,0.0,1.0,0.0,0.0,0.029013539,0.0,0,0,0,0,0
56147,-1,0,2.130107,0.89379513,1,1,unassigned,10.0,10.0,0.0,1.0,0.0,0.0,0.015473888,0.0,0,0,0,1,0
56148,-1,0,2.8836331,0.9470314,1,1,unassigned,31.0,31.0,0.0,1.0,0.0,0.0,0.056092843,0.0,0,0,0,1,1
56149,-1,1,3.4991748,0.9706643,1,1,unassigned,14.0,13.0,1.0,0.9285714,0.071428575,0.0714286,0.023210831,0.0016579166,1,0,0,1,1
56150,-1,0,1.6198628,0.8347762,1,1,unassigned,9.0,9.0,0.0,1.0,0.0,0.0,0.013539651,0.0,0,0,0,1,0
56151,-1,0,7.4217744,0.9994023,1,1,unassigned,3.0,3.0,0.0,1.0,0.0,0.0,0.001934236,0.0,0,0,0,1,1
56152,-1,0,-0.046202898,0.4884513,0,1,unassigned,2.0,2.0,0.0,1.0,0.0,0.0,0.0,0.0,0,0,0,0,0
56153,-1,0,0.46370083,0.6138918,1,1,unassigned,3.0,2.0,1.0,0.6666667,0.33333334,0.3333333,0.001934236,0.00064474536,0,0,0,1,0
56154,-1,0,-0.27244464,0.432307,0,1,unassigned,3.0,3.0,0.0,1.0,0.0,0.0,0.001934236,0.0,0,0,0,0,0
56155,1,0,4.8191705,0.9919912,1,0,val,7.0,3.0,4.0,0.42857143,0.5714286,0.57142854,0.00967118,0.0055263885,0,0,1,1,1
56156,1,0,2.2769864,0.90695304,1,0,unassigned,8.0,8.0,0.0,1.0,0.0,0.0,0.0116054155,0.0,0,0,1,1,1
56157,-1,0,7.4720645,0.99943155,1,1,unassigned,6.0,6.0,0.0,1.0,0.0,0.0,0.007736944,0.0,0,0,0,1,1
56158,1,0,2.2653146,0.9059633,1,0,test,11.0,11.0,0.0,1.0,0.0,0.0,0.017408123,0.0,0,0,1,1,1
56159,-1,0,-0.44627613,0.3902465,0,1,unassigned,4.0,4.0,0.0,1.0,0.0,0.0,0.003868472,0.0,0,0,0,0,0
56160,-1,0,-0.37267378,0.40789512,0,1,unassigned,11.0,11.0,0.0,1.0,0.0,0.0,0.017408123,0.0,0,0,0,0,0
56161,-1,1,-0.31378952,0.42219,0,1,unassigned,15.0,15.0,0.0,1.0,0.0,0.0,0.025145067,0.0,1,0,0,0,0
56162,-1,0,4.6660047,0.99067795,1,1,unassigned,4.0,1.0,3.0,0.25,0.75,0.75,0.003868472,0.002901354,0,0,0,1,1
56163,-1,0,-0.71929365,0.32754853,0,1,unassigned,19.0,19.0,0.0,1.0,0.0,0.0,0.032882012,0.0,0,0,0,0,0
56164,-1,0,-0.3450529,0.4145826,0,1,unassigned,30.0,30.0,0.0,1.0,0.0,0.0,0.054158606,0.0,0,0,0,0,0
56165,-1,0,4.6418114,0.9904518,1,1,unassigned,14.0,14.0,0.0,1.0,0.0,0.0,0.023210831,0.0,0,0,0,1,1
56166,-1,0,6.0442996,0.9976343,1,1,unassigned,5.0,5.0,0.0,1.0,0.0,0.0,0.0058027077,0.0,0,0,0,1,1
56167,-1,0,-0.53575706,0.36917514,0,1,unassigned,2.0,2.0,0.0,1.0,0.0,0.0,0.0,0.0,0,0,0,0,0
56168,-1,0,0.52164155,0.6275315,1,1,unassigned,34.0,34.0,0.0,1.0,0.0,0.0,0.061895553,0.0,0,0,0,1,0
56169,-1,0,0.4392274,0.60807496,1,1,unassigned,8.0,8.0,0.0,1.0,0.0,0.0,0.0116054155,0.0,0,0,0,1,0
56170,-1,1,0.47218603,0.61590105,1,1,unassigned,2.0,2.0,0.0,1.0,0.0,0.0,0.0,0.0,1,0,0,1,0
56171,-1,0,2.2417285,0.9039347,1,1,unassigned,4.0,4.0,0.0,1.0,0.0,0.0,0.003868472,0.0,0,0,0,1,1
56172,-1,0,3.2362015,0.9621741,1,1,unassigned,15.0,15.0,0.0,1.0,0.0,0.0,0.025145067,0.0,0,0,0,1,1
56173,-1,0,0.9598227,0.7230863,1,1,unassigned,13.0,13.0,0.0,1.0,0.0,0.0,0.021276595,0.0,0,0,0,1,0
56174,-1,1,-0.64844215,0.3433407,0,1,unassigned,57.0,57.0,0.0,1.0,0.0,0.0,0.10638298,0.0,1,0,0,0,0
56175,-1,1,2.0587075,0.88682455,1,1,unassigned,10.0,10.0,0.0,1.0,0.0,0.0,0.015473888,0.0,1,0,0,1,0
56176,-1,1,2.4927928,0.92363495,1,1,unassigned,3.0,3.0,0.0,1.0,0.0,0.0,0.001934236,0.0,1,0,0,1,1
56177,-1,1,1.5750692,0.82850504,1,1,unassigned,4.0,4.0,0.0,1.0,0.0,0.0,0.003868472,0.0,1,0,0,1,0
56178,-1,0,6.9742665,0.9990652,1,1,unassigned,4.0,4.0,0.0,1.0,0.0,0.0,0.003868472,0.0,0,0,0,1,1
56179,-1,0,-0.5078097,0.37570712,0,1,unassigned,2.0,2.0,0.0,1.0,0.0,0.0,0.0,0.0,0,0,0,0,0
56180,-1,0,1.9110763,0.87114,1,1,unassigned,2.0,2.0,0.0,1.0,0.0,0.0,0.0,0.0,0,0,0,1,0
56181,-1,1,7.6203885,0.99950993,1,1,unassigned,8.0,6.0,2.0,0.75,0.25,0.25,0.0116054155,0.0029013539,1,0,0,1,1
56182,-1,1,7.849362,0.9996101,1,1,unassigned,21.0,15.0,6.0,0.71428573,0.2857143,0.28571427,0.036750484,0.010500139,1,0,0,1,1
56183,-1,1,4.079351,0.98336303,1,1,unassigned,13.0,13.0,0.0,1.0,0.0,0.0,0.021276595,0.0,1,0,0,1,1
56184,-1,1,-0.9056657,0.2878876,0,1,unassigned,39.0,39.0,0.0,1.0,0.0,0.0,0.07156673,0.0,1,0,0,0,0
56185,-1,1,-0.49633405,0.37840256,0,1,unassigned,4.0,4.0,0.0,1.0,0.0,0.0,0.003868472,0.0,1,0,0,0,0
56186,-1,1,-0.12297034,0.46929613,0,1,unassigned,6.0,2.0,4.0,0.33333334,0.6666667,0.6666666,0.007736944,0.005157963,1,0,0,0,0
56187,-1,0,4.315314,0.9868138,1,1,unassigned,16.0,12.0,4.0,0.75,0.25,0.25,0.027079303,0.0067698257,0,0,0,1,1
56188,-1,0,-0.3884363,0.40409374,0,1,unassigned,48.0,47.0,1.0,0.9791667,0.020833334,0.020833313,0.088974856,0.0018536429,0,0,0,0,0
56189,-1,0,3.0158558,0.95328534,1,1,unassigned,2.0,2.0,0.0,1.0,0.0,0.0,0.0,0.0,0,0,0,1,1
56190,-1,0,-0.10544881,0.47366223,0,1,unassigned,7.0,7.0,0.0,1.0,0.0,0.0,0.00967118,0.0,0,0,0,0,0
56191,-1,1,-0.7294801,0.32530883,0,1,unassigned,2.0,2.0,0.0,1.0,0.0,0.0,0.0,0.0,1,0,0,0,0
56192,-1,0,7.918633,0.9996362,1,1,unassigned,2.0,2.0,0.0,1.0,0.0,0.0,0.0,0.0,0,0,0,1,1
56193,-1,0,4.8496623,0.9922299,1,1,unassigned,2.0,2.0,0.0,1.0,0.0,0.0,0.0,0.0,0,0,0,1,1
56194,-1,0,7.420137,0.99940133,1,1,unassigned,2.0,2.0,0.0,1.0,0.0,0.0,0.0,0.0,0,0,0,1,1
56195,-1,0,3.6916072,0.97567457,1,1,unassigned,2.0,2.0,0.0,1.0,0.0,0.0,0.0,0.0,0,0,0,1,1
56196,-1,1,8.646065,0.9998242,1,1,unassigned,2.0,1.0,1.0,0.5,0.5,0.5,0.0,0.0,1,0,0,1,1
56197,-1,0,1.9851377,0.8792277,1,1,unassigned,4.0,4.0,0.0,1.0,0.0,0.0,0.003868472,0.0,0,0,0,1,0
56198,-1,1,6.540403,0.9985582,1,1,unassigned,6.0,5.0,1.0,0.8333333,0.16666667,0.16666669,0.007736944,0.0012894907,1,0,0,1,1
56199,-1,1,3.3261898,0.96531636,1,1,unassigned,2.0,1.0,1.0,0.5,0.5,0.5,0.0,0.0,1,0,0,1,1
56200,-1,0,6.1800976,0.9979341,1,1,unassigned,3.0,3.0,0.0,1.0,0.0,0.0,0.001934236,0.0,0,0,0,1,1
56201,-1,1,-0.06939864,0.4826573,0,1,unassigned,8.0,8.0,0.0,1.0,0.0,0.0,0.0116054155,0.0,1,0,0,0,0
56202,1,1,0.16822588,0.54195756,1,0,unassigned,21.0,18.0,3.0,0.85714287,0.14285715,0.14285713,0.036750484,0.0052500693,1,0,1,1,0
56203,-1,1,7.637137,0.99951804,1,1,unassigned,5.0,4.0,1.0,0.8,0.2,0.19999999,0.0058027077,0.0011605415,1,0,0,1,1
56204,-1,1,8.100592,0.99969673,1,1,unassigned,2.0,2.0,0.0,1.0,0.0,0.0,0.0,0.0,1,0,0,1,1
56205,1,0,7.494703,0.9994443,1,0,unassigned,2.0,2.0,0.0,1.0,0.0,0.0,0.0,0.0,0,0,1,1,1
56206,-1,0,10.597374,0.99997497,1,1,unassigned,4.0,3.0,1.0,0.75,0.25,0.25,0.003868472,0.000967118,0,0,0,1,1
56207,-1,1,2.7780812,0.94147986,1,1,unassigned,3.0,1.0,2.0,0.33333334,0.6666667,0.6666666,0.001934236,0.0012894907,1,0,0,1,1
56208,-1,1,6.764317,0.9988471,1,1,unassigned,37.0,27.0,10.0,0.7297297,0.27027026,0.2702703,0.06769826,0.018296827,1,0,0,1,1
56209,-1,1,0.44051117,0.60838085,1,1,unassigned,2.0,2.0,0.0,1.0,0.0,0.0,0.0,0.0,1,0,0,1,0
56210,-1,0,0.09966177,0.52489483,1,1,unassigned,13.0,12.0,1.0,0.9230769,0.07692308,0.07692307,0.021276595,0.0016366612,0,0,0,1,0
56211,-1,1,10.087666,0.9999584,1,1,unassigned,9.0,9.0,0.0,1.0,0.0,0.0,0.013539651,0.0,1,0,0,1,1
56212,-1,0,-0.16841221,0.45799616,0,1,unassigned,27.0,25.0,2.0,0.9259259,0.074074075,0.07407409,0.0483559,0.0035819185,0,0,0,0,0
56213,-1,0,0.9065934,0.71230257,1,1,unassigned,4.0,4.0,0.0,1.0,0.0,0.0,0.003868472,0.0,0,0,0,1,0
56214,-1,0,5.040556,0.9935714,1,1,unassigned,2.0,2.0,0.0,1.0,0.0,0.0,0.0,0.0,0,0,0,1,1
56215,0,0,6.0838447,0.9977258,1,1,unassigned,2.0,2.0,0.0,1.0,0.0,0.0,0.0,0.0,0,0,0,1,1
56216,-1,0,7.6410985,0.99951994,1,1,unassigned,3.0,3.0,0.0,1.0,0.0,0.0,0.001934236,0.0,0,0,0,1,1
56217,-1,0,11.015708,0.99998355,1,1,unassigned,8.0,8.0,0.0,1.0,0.0,0.0,0.0116054155,0.0,0,0,0,1,1
56218,-1,0,-0.40124094,0.4010142,0,1,unassigned,5.0,5.0,0.0,1.0,0.0,0.0,0.0058027077,0.0,0,0,0,0,0
56219,0,0,-0.43295997,0.39341977,0,0,unassigned,21.0,21.0,0.0,1.0,0.0,0.0,0.036750484,0.0,0,0,1,0,0
56220,-1,0,-0.6852077,0.3351,0,1,unassigned,14.0,12.0,2.0,0.85714287,0.14285715,0.14285713,0.023210831,0.0033158332,0,0,0,0,0
56221,-1,0,-0.44598797,0.3903151,0,1,unassigned,8.0,8.0,0.0,1.0,0.0,0.0,0.0116054155,0.0,0,0,0,0,0
56222,-1,1,-0.8297126,0.30370584,0,1,unassigned,47.0,46.0,1.0,0.9787234,0.021276595,0.021276593,0.08704062,0.001851928,1,0,0,0,0
56223,-1,0,-0.81294286,0.30726373,0,1,unassigned,3.0,3.0,0.0,1.0,0.0,0.0,0.001934236,0.0,0,0,0,0,0
56224,-1,0,6.283482,0.9981365,1,1,unassigned,21.0,18.0,3.0,0.85714287,0.14285715,0.14285713,0.036750484,0.0052500693,0,0,0,1,1
56225,1,1,1.4512842,0.810196,1,0,train,9.0,7.0,2.0,0.7777778,0.22222222,0.22222221,0.013539651,0.0030088115,1,0,1,1,0
56226,0,0,-0.7023456,0.3312924,0,0,val,15.0,15.0,0.0,1.0,0.0,0.0,0.025145067,0.0,0,0,1,0,0
56227,-1,0,-0.3532086,0.41260457,0,1,unassigned,11.0,11.0,0.0,1.0,0.0,0.0,0.017408123,0.0,0,0,0,0,0
56228,-1,0,-0.3577754,0.4114982,0,1,unassigned,11.0,11.0,0.0,1.0,0.0,0.0,0.017408123,0.0,0,0,0,0,0
56229,-1,1,2.3797557,0.9152705,1,1,unassigned,9.0,5.0,4.0,0.5555556,0.44444445,0.44444442,0.013539651,0.006017623,1,0,0,1,1
56230,-1,1,-0.22967446,0.44283247,0,1,unassigned,2.0,2.0,0.0,1.0,0.0,0.0,0.0,0.0,1,0,0,0,0
56231,-1,0,2.7487926,0.9398451,1,1,unassigned,2.0,2.0,0.0,1.0,0.0,0.0,0.0,0.0,0,0,0,1,1
56232,1,1,2.8618383,0.9459274,1,0,unassigned,4.0,4.0,0.0,1.0,0.0,0.0,0.003868472,0.0,1,0,1,1,1
56233,-1,1,2.356777,0.9134714,1,1,unassigned,4.0,4.0,0.0,1.0,0.0,0.0,0.003868472,0.0,1,0,0,1,1
56234,-1,1,0.16856009,0.5420405,1,1,unassigned,6.0,6.0,0.0,1.0,0.0,0.0,0.007736944,0.0,1,0,0,1,0
56235,-1,1,1.0258527,0.73611104,1,1,unassigned,3.0,3.0,0.0,1.0,0.0,0.0,0.001934236,0.0,1,0,0,1,0
56236,-1,1,-0.41027647,0.39884582,0,1,unassigned,10.0,10.0,0.0,1.0,0.0,0.0,0.015473888,0.0,1,0,0,0,0
56237,-1,1,-0.22951731,0.4428712,0,1,unassigned,38.0,38.0,0.0,1.0,0.0,0.0,0.06963249,0.0,1,0,0,0,0
56238,-1,0,1.3816447,0.799255,1,1,unassigned,2.0,2.0,0.0,1.0,0.0,0.0,0.0,0.0,0,0,0,1,0
56239,-1,0,0.7982665,0.68960357,1,1,unassigned,9.0,8.0,1.0,0.8888889,0.11111111,0.111111104,0.013539651,0.0015044058,0,0,0,1,0
56240,-1,0,2.0703871,0.8879915,1,1,unassigned,4.0,4.0,0.0,1.0,0.0,0.0,0.003868472,0.0,0,0,0,1,0
56241,-1,1,-0.34517926,0.41455194,0,1,unassigned,30.0,28.0,2.0,0.93333334,0.06666667,0.06666666,0.054158606,0.003610574,1,0,0,0,0
56242,-1,0,0.63177055,0.65289086,1,1,unassigned,3.0,3.0,0.0,1.0,0.0,0.0,0.001934236,0.0,0,0,0,1,0
56243,-1,0,10.11278,0.99995947,1,1,unassigned,20.0,19.0,1.0,0.95,0.05,0.050000012,0.034816246,0.0017408123,0,0,0,1,1
56244,-1,1,3.5452702,0.9719488,1,1,unassigned,2.0,2.0,0.0,1.0,0.0,0.0,0.0,0.0,1,0,0,1,1
56245,1,0,0.13016397,0.53249514,1,0,unassigned,14.0,14.0,0.0,1.0,0.0,0.0,0.023210831,0.0,0,0,1,1,0
56246,1,0,2.944392,0.94999784,1,0,unassigned,24.0,24.0,0.0,1.0,0.0,0.0,0.04255319,0.0,0,0,1,1,1
56247,-1,1,-0.9208945,0.28477564,0,1,unassigned,64.0,60.0,4.0,0.9375,0.0625,0.0625,0.11992263,0.0074951644,1,0,0,0,0
56248,-1,1,-0.5739761,0.36031985,0,1,unassigned,25.0,25.0,0.0,1.0,0.0,0.0,0.044487428,0.0,1,0,0,0,0
56249,-1,1,-0.88802814,0.29151693,0,1,unassigned,74.0,70.0,4.0,0.9459459,0.054054055,0.05405408,0.13926499,0.007527837,1,0,0,0,0
56250,-1,0,0.35333014,0.5874249,1,1,unassigned,3.0,2.0,1.0,0.6666667,0.33333334,0.3333333,0.001934236,0.00064474536,0,0,0,1,0
56251,-1,1,0.6273046,0.65187806,1,1,unassigned,15.0,14.0,1.0,0.93333334,0.06666667,0.06666666,0.025145067,0.0016763379,1,0,0,1,0
56252,-1,1,-0.90693307,0.28762782,0,1,unassigned,84.0,81.0,3.0,0.96428573,0.035714287,0.03571427,0.15860735,0.0056645484,1,0,0,0,0
56253,-1,1,-0.7059605,0.33049205,0,1,unassigned,154.0,150.0,4.0,0.97402596,0.025974026,0.025974035,0.29400387,0.007636464,1,0,0,0,0
56254,1,0,-0.37713552,0.40681797,0,1,unassigned,25.0,25.0,0.0,1.0,0.0,0.0,0.044487428,0.0,0,0,0,0,0
56255,-1,0,-0.54208326,0.3677031,0,1,unassigned,2.0,2.0,0.0,1.0,0.0,0.0,0.0,0.0,0,0,0,0,0
56256,0,0,-0.6141069,0.35112295,0,0,val,2.0,2.0,0.0,1.0,0.0,0.0,0.0,0.0,0,0,1,0,0
56257,-1,0,6.018498,0.9975726,1,1,unassigned,2.0,1.0,1.0,0.5,0.5,0.5,0.0,0.0,0,0,0,1,1
56258,-1,0,-0.51951176,0.3729664,0,1,unassigned,52.0,52.0,0.0,1.0,0.0,0.0,0.0967118,0.0,0,0,0,0,0
56259,-1,1,-0.21239728,0.44709942,0,1,unassigned,32.0,29.0,3.0,0.90625,0.09375,0.09375,0.058027077,0.0054400386,1,0,0,0,0
56260,-1,0,-0.23833272,0.44069725,0,1,unassigned,24.0,24.0,0.0,1.0,0.0,0.0,0.04255319,0.0,0,0,0,0,0
56261,-1,1,0.5516829,0.63452595,1,1,unassigned,24.0,23.0,1.0,0.9583333,0.041666668,0.041666687,0.04255319,0.0017730496,1,0,0,1,0
56262,-1,1,-0.5542113,0.3648879,0,1,unassigned,41.0,40.0,1.0,0.9756098,0.024390243,0.02439022,0.07543521,0.001839883,1,0,0,0,0
56263,-1,1,-0.89966106,0.28912014,0,1,unassigned,79.0,78.0,1.0,0.98734176,0.012658228,0.012658238,0.14893617,0.001885268,1,0,0,0,0
56264,-1,0,-0.2567243,0.4361691,0,1,unassigned,3.0,3.0,0.0,1.0,0.0,0.0,0.001934236,0.0,0,0,0,0,0
56265,-1,1,1.1896381,0.76667637,1,1,unassigned,38.0,37.0,1.0,0.9736842,0.02631579,0.026315808,0.06963249,0.0018324341,1,0,0,1,0
56266,-1,1,6.819823,0.99890924,1,1,unassigned,2.0,1.0,1.0,0.5,0.5,0.5,0.0,0.0,1,0,0,1,1
56267,-1,0,6.5862966,0.9986228,1,1,unassigned,3.0,3.0,0.0,1.0,0.0,0.0,0.001934236,0.0,0,0,0,1,1
56268,-1,0,7.1628556,0.99922574,1,1,unassigned,3.0,3.0,0.0,1.0,0.0,0.0,0.001934236,0.0,0,0,0,1,1
56269,-1,1,1.0619752,0.74306786,1,1,unassigned,6.0,6.0,0.0,1.0,0.0,0.0,0.007736944,0.0,1,0,0,1,0
56270,-1,1,0.31678993,0.57854176,1,1,unassigned,9.0,9.0,0.0,1.0,0.0,0.0,0.013539651,0.0,1,0,0,1,0
56271,-1,0,-0.1030907,0.4742501,0,1,unassigned,3.0,3.0,0.0,1.0,0.0,0.0,0.001934236,0.0,0,0,0,0,0
56272,-1,0,1.8352752,0.8623889,1,1,unassigned,5.0,5.0,0.0,1.0,0.0,0.0,0.0058027077,0.0,0,0,0,1,0
56273,-1,0,-0.41286105,0.3982263,0,1,unassigned,3.0,3.0,0.0,1.0,0.0,0.0,0.001934236,0.0,0,0,0,0,0
56274,-1,1,1.7899992,0.8569272,1,1,unassigned,7.0,7.0,0.0,1.0,0.0,0.0,0.00967118,0.0,1,0,0,1,0
56275,-1,0,7.177379,0.99923694,1,1,unassigned,2.0,2.0,0.0,1.0,0.0,0.0,0.0,0.0,0,0,0,1,1
56276,-1,0,6.3960156,0.9983346,1,1,unassigned,3.0,3.0,0.0,1.0,0.0,0.0,0.001934236,0.0,0,0,0,1,1
56277,-1,0,7.950663,0.99964774,1,1,unassigned,2.0,2.0,0.0,1.0,0.0,0.0,0.0,0.0,0,0,0,1,1
56278,-1,0,7.6595635,0.99952877,1,1,unassigned,3.0,2.0,1.0,0.6666667,0.33333334,0.3333333,0.001934236,0.00064474536,0,0,0,1,1
56279,-1,0,7.702849,0.9995486,1,1,unassigned,2.0,2.0,0.0,1.0,0.0,0.0,0.0,0.0,0,0,0,1,1
56280,-1,0,12.131765,0.99999464,1,1,unassigned,4.0,4.0,0.0,1.0,0.0,0.0,0.003868472,0.0,0,0,0,1,1
56281,-1,0,7.177457,0.99923694,1,1,unassigned,2.0,2.0,0.0,1.0,0.0,0.0,0.0,0.0,0,0,0,1,1
56282,-1,1,0.46769148,0.6148372,1,1,unassigned,4.0,4.0,0.0,1.0,0.0,0.0,0.003868472,0.0,1,0,0,1,0
56283,-1,1,-0.7761361,0.31515324,0,1,unassigned,33.0,32.0,1.0,0.969697,0.030303031,0.030303001,0.059961315,0.0018170096,1,0,0,0,0
56284,1,1,-0.68096745,0.33604544,0,1,test,34.0,34.0,0.0,1.0,0.0,0.0,0.061895553,0.0,1,0,0,0,0
56285,-1,1,-0.60167545,0.35396045,0,1,unassigned,59.0,57.0,2.0,0.9661017,0.033898305,0.033898294,0.11025145,0.0037373372,1,0,0,0,0
56286,-1,1,-0.79966843,0.31009647,0,1,unassigned,39.0,34.0,5.0,0.8717949,0.12820514,0.12820512,0.07156673,0.009175222,1,0,0,0,0
56287,-1,1,-0.22536546,0.4438959,0,1,unassigned,39.0,39.0,0.0,1.0,0.0,0.0,0.07156673,0.0,1,0,0,0,0
56288,-1,1,-0.49261385,0.37927797,0,1,unassigned,14.0,10.0,4.0,0.71428573,0.2857143,0.28571427,0.023210831,0.0066316663,1,0,0,0,0
56289,-1,0,-0.71822554,0.32778385,0,1,unassigned,17.0,17.0,0.0,1.0,0.0,0.0,0.029013539,0.0,0,0,0,0,0
56290,-1,0,-0.54000777,0.3681858,0,1,unassigned,9.0,9.0,0.0,1.0,0.0,0.0,0.013539651,0.0,0,0,0,0,0
56291,1,1,-0.8976259,0.2895386,0,1,val,70.0,67.0,3.0,0.95714283,0.042857144,0.04285717,0.13152805,0.0056369165,1,0,0,0,0
56292,-1,1,-0.9802194,0.27284825,0,1,unassigned,21.0,20.0,1.0,0.95238096,0.04761905,0.047619045,0.036750484,0.0017500231,1,0,0,0,0
56293,-1,1,-0.94430196,0.2800322,0,1,unassigned,31.0,31.0,0.0,1.0,0.0,0.0,0.056092843,0.0,1,0,0,0,0
56294,-1,1,0.6529477,0.6576744,1,1,unassigned,50.0,49.0,1.0,0.98,0.02,0.01999998,0.092843324,0.0018568664,1,0,0,1,0
56295,0,0,5.702372,0.9966731,1,1,test,3.0,3.0,0.0,1.0,0.0,0.0,0.001934236,0.0,0,0,0,1,1
56296,-1,1,-0.904305,0.28816664,0,1,unassigned,55.0,53.0,2.0,0.96363634,0.036363635,0.03636366,0.102514505,0.0037278,1,0,0,0,0
56297,-1,0,2.6511347,0.9340809,1,1,unassigned,13.0,12.0,1.0,0.9230769,0.07692308,0.07692307,0.021276595,0.0016366612,0,0,0,1,1
56298,-1,0,0.95753616,0.72262824,1,1,unassigned,2.0,2.0,0.0,1.0,0.0,0.0,0.0,0.0,0,0,0,1,0
56299,-1,0,5.582375,0.99625045,1,1,unassigned,2.0,2.0,0.0,1.0,0.0,0.0,0.0,0.0,0,0,0,1,1
56300,-1,0,7.702849,0.9995486,1,1,unassigned,2.0,2.0,0.0,1.0,0.0,0.0,0.0,0.0,0,0,0,1,1
56301,-1,0,3.7872145,0.97784346,1,1,unassigned,2.0,2.0,0.0,1.0,0.0,0.0,0.0,0.0,0,0,0,1,1
56302,-1,1,-0.77104324,0.31625348,0,1,unassigned,14.0,13.0,1.0,0.9285714,0.071428575,0.0714286,0.023210831,0.0016579166,1,0,0,0,0
56303,-1,1,-0.34763,0.4139572,0,1,unassigned,31.0,31.0,0.0,1.0,0.0,0.0,0.056092843,0.0,1,0,0,0,0
56304,-1,0,-0.76167095,0.3182836,0,1,unassigned,3.0,1.0,2.0,0.33333334,0.6666667,0.6666666,0.001934236,0.0012894907,0,0,0,0,0
56305,-1,0,5.490267,0.9958902,1,1,unassigned,2.0,2.0,0.0,1.0,0.0,0.0,0.0,0.0,0,0,0,1,1
56306,-1,0,6.002852,0.9975344,1,1,unassigned,3.0,3.0,0.0,1.0,0.0,0.0,0.001934236,0.0,0,0,0,1,1
56307,-1,1,-0.15459189,0.46142882,0,1,unassigned,47.0,46.0,1.0,0.9787234,0.021276595,0.021276593,0.08704062,0.001851928,1,0,0,0,0
56308,-1,1,1.5188491,0.82036895,1,1,unassigned,15.0,15.0,0.0,1.0,0.0,0.0,0.025145067,0.0,1,0,0,1,0
56309,-1,1,-0.98699236,0.27150655,0,1,unassigned,19.0,19.0,0.0,1.0,0.0,0.0,0.032882012,0.0,1,0,0,0,0
56310,-1,1,-0.9678645,0.27530634,0,1,unassigned,36.0,35.0,1.0,0.9722222,0.027777778,0.027777791,0.065764025,0.0018267785,1,0,0,0,0
56311,0,1,-0.9342001,0.28207338,0,0,unassigned,55.0,54.0,1.0,0.9818182,0.018181818,0.0181818,0.102514505,0.0018639,1,0,1,0,0
56312,-1,1,-0.87061805,0.29512572,0,1,unassigned,44.0,44.0,0.0,1.0,0.0,0.0,0.08123791,0.0,1,0,0,0,0
56313,-1,0,-0.009243846,0.49768907,0,1,unassigned,8.0,8.0,0.0,1.0,0.0,0.0,0.0116054155,0.0,0,0,0,0,0
56314,-1,1,2.217786,0.9018353,1,1,unassigned,5.0,4.0,1.0,0.8,0.2,0.19999999,0.0058027077,0.0011605415,1,0,0,1,1
56315,-1,0,-0.04248643,0.48937997,0,1,unassigned,4.0,4.0,0.0,1.0,0.0,0.0,0.003868472,0.0,0,0,0,0,0
56316,-1,1,0.44230944,0.60880923,1,1,unassigned,3.0,3.0,0.0,1.0,0.0,0.0,0.001934236,0.0,1,0,0,1,0
56317,-1,0,0.33267933,0.5824111,1,1,unassigned,7.0,7.0,0.0,1.0,0.0,0.0,0.00967118,0.0,0,0,0,1,0
56318,-1,0,1.4908941,0.8162125,1,1,unassigned,26.0,25.0,1.0,0.96153843,0.03846154,0.038461566,0.046421662,0.0017854486,0,0,0,1,0
56319,-1,0,1.6632905,0.84067917,1,1,unassigned,15.0,15.0,0.0,1.0,0.0,0.0,0.025145067,0.0,0,0,0,1,0
56320,-1,0,1.8457489,0.8636272,1,1,unassigned,2.0,2.0,0.0,1.0,0.0,0.0,0.0,0.0,0,0,0,1,0
56321,-1,1,-0.39832598,0.40171462,0,1,unassigned,46.0,46.0,0.0,1.0,0.0,0.0,0.08510638,0.0,1,0,0,0,0
56322,-1,0,-0.08731711,0.47818455,0,1,unassigned,7.0,7.0,0.0,1.0,0.0,0.0,0.00967118,0.0,0,0,0,0,0
56323,-1,0,0.33841103,0.5838044,1,1,unassigned,3.0,3.0,0.0,1.0,0.0,0.0,0.001934236,0.0,0,0,0,1,0
56324,-1,0,-0.8623243,0.29685396,0,1,unassigned,15.0,15.0,0.0,1.0,0.0,0.0,0.025145067,0.0,0,0,0,0,0
56325,-1,1,10.909311,0.99998176,1,1,unassigned,11.0,10.0,1.0,0.90909094,0.09090909,0.090909064,0.017408123,0.0015825568,1,0,0,1,1
56326,-1,0,2.2900116,0.9080464,1,1,unassigned,5.0,4.0,1.0,0.8,0.2,0.19999999,0.0058027077,0.0011605415,0,0,0,1,1
56327,-1,0,14.356476,0.9999994,1,1,unassigned,15.0,12.0,3.0,0.8,0.2,0.19999999,0.025145067,0.0050290134,0,0,0,1,1
56328,-1,1,-0.7991304,0.31021157,0,1,unassigned,26.0,26.0,0.0,1.0,0.0,0.0,0.046421662,0.0,1,0,0,0,0
56329,-1,0,1.4850905,0.8153403,1,1,unassigned,2.0,2.0,0.0,1.0,0.0,0.0,0.0,0.0,0,0,0,1,0
56330,-1,0,0.7474206,0.6786164,1,1,unassigned,20.0,18.0,2.0,0.9,0.1,0.100000024,0.034816246,0.0034816246,0,0,0,1,0
56331,-1,1,2.2053368,0.90072775,1,1,unassigned,46.0,42.0,4.0,0.9130435,0.08695652,0.0869565,0.08510638,0.007400555,1,0,0,1,1
56332,-1,1,-0.64751244,0.3435503,0,1,unassigned,27.0,27.0,0.0,1.0,0.0,0.0,0.0483559,0.0,1,0,0,0,0
56333,-1,1,-0.35636544,0.41183966,0,1,unassigned,25.0,24.0,1.0,0.96,0.04,0.04000002,0.044487428,0.001779497,1,0,0,0,0
56334,1,1,0.1500206,0.537435,1,0,unassigned,7.0,7.0,0.0,1.0,0.0,0.0,0.00967118,0.0,1,0,1,1,0
56335,-1,1,-0.6228029,0.34914425,0,1,unassigned,27.0,26.0,1.0,0.962963,0.037037037,0.037037015,0.0483559,0.0017909593,1,0,0,0,0
56336,-1,0,-0.63020694,0.3474636,0,1,unassigned,27.0,26.0,1.0,0.962963,0.037037037,0.037037015,0.0483559,0.0017909593,0,0,0,0,0
56337,-1,1,-0.71405876,0.32870263,0,1,unassigned,20.0,20.0,0.0,1.0,0.0,0.0,0.034816246,0.0,1,0,0,0,0
56338,-1,1,-0.76099145,0.31843105,0,1,unassigned,65.0,64.0,1.0,0.9846154,0.015384615,0.0153846145,0.12185687,0.001874721,1,0,0,0,0
56339,-1,1,-0.8342198,0.30275354,0,1,unassigned,39.0,38.0,1.0,0.974359,0.025641026,0.025641024,0.07156673,0.0018350444,1,0,0,0,0
56340,-1,0,-0.5523097,0.36532873,0,1,unassigned,39.0,39.0,0.0,1.0,0.0,0.0,0.07156673,0.0,0,0,0,0,0
56341,-1,0,-0.32800514,0.41872612,0,1,unassigned,43.0,42.0,1.0,0.9767442,0.023255814,0.023255825,0.079303674,0.0018442714,0,0,0,0,0
56342,-1,1,-0.7593253,0.31879276,0,1,unassigned,7.0,7.0,0.0,1.0,0.0,0.0,0.00967118,0.0,1,0,0,0,0
56343,-1,1,-0.7748262,0.315436,0,1,unassigned,35.0,35.0,0.0,1.0,0.0,0.0,0.06382979,0.0,1,0,0,0,0
56344,-1,1,-0.9565949,0.27756047,0,1,unassigned,50.0,50.0,0.0,1.0,0.0,0.0,0.092843324,0.0,1,0,0,0,0
56345,0,1,-0.9127461,0.28643823,0,0,unassigned,75.0,75.0,0.0,1.0,0.0,0.0,0.14119923,0.0,1,0,1,0,0
56346,-1,0,-0.37146118,0.40818802,0,1,unassigned,18.0,18.0,0.0,1.0,0.0,0.0,0.030947777,0.0,0,0,0,0,0
56347,-1,1,-0.78872705,0.31244206,0,1,unassigned,35.0,35.0,0.0,1.0,0.0,0.0,0.06382979,0.0,1,0,0,0,0
56348,-1,0,2.4179795,0.9181881,1,1,unassigned,6.0,6.0,0.0,1.0,0.0,0.0,0.007736944,0.0,0,0,0,1,1
56349,-1,0,0.3199659,0.57931596,1,1,unassigned,9.0,9.0,0.0,1.0,0.0,0.0,0.013539651,0.0,0,0,0,1,0
56350,-1,0,0.19780666,0.549291,1,1,unassigned,3.0,3.0,0.0,1.0,0.0,0.0,0.001934236,0.0,0,0,0,1,0
56351,-1,0,5.050593,0.9936352,1,1,unassigned,2.0,2.0,0.0,1.0,0.0,0.0,0.0,0.0,0,0,0,1,1
56352,-1,1,-0.12740183,0.46819255,0,1,unassigned,4.0,3.0,1.0,0.75,0.25,0.25,0.003868472,0.000967118,1,0,0,0,0
56353,-1,0,0.52307886,0.62786746,1,1,unassigned,3.0,3.0,0.0,1.0,0.0,0.0,0.001934236,0.0,0,0,0,1,0
56354,-1,1,2.073796,0.8883301,1,1,unassigned,12.0,12.0,0.0,1.0,0.0,0.0,0.01934236,0.0,1,0,0,1,0
56355,-1,0,-0.1595751,0.46019068,0,1,unassigned,7.0,7.0,0.0,1.0,0.0,0.0,0.00967118,0.0,0,0,0,0,0
56356,-1,1,0.024158418,0.5060393,1,1,unassigned,32.0,28.0,4.0,0.875,0.125,0.125,0.058027077,0.0072533847,1,0,0,1,0
56357,-1,1,5.2255254,0.99465126,1,1,unassigned,7.0,7.0,0.0,1.0,0.0,0.0,0.00967118,0.0,1,0,0,1,1
56358,-1,1,2.7754295,0.94133353,1,1,unassigned,3.0,3.0,0.0,1.0,0.0,0.0,0.001934236,0.0,1,0,0,1,1
56359,-1,0,1.5530593,0.8253552,1,1,unassigned,2.0,2.0,0.0,1.0,0.0,0.0,0.0,0.0,0,0,0,1,0
56360,-1,0,0.36538893,0.5903443,1,1,unassigned,3.0,3.0,0.0,1.0,0.0,0.0,0.001934236,0.0,0,0,0,1,0
56361,-1,0,4.0773377,0.9833301,1,1,unassigned,2.0,2.0,0.0,1.0,0.0,0.0,0.0,0.0,0,0,0,1,1
56362,-1,0,0.35759813,0.58845884,1,1,unassigned,5.0,5.0,0.0,1.0,0.0,0.0,0.0058027077,0.0,0,0,0,1,0
56363,-1,0,0.37371272,0.59235585,1,1,unassigned,5.0,5.0,0.0,1.0,0.0,0.0,0.0058027077,0.0,0,0,0,1,0
56364,-1,1,-0.339916,0.4158299,0,1,unassigned,65.0,65.0,0.0,1.0,0.0,0.0,0.12185687,0.0,1,0,0,0,0
56365,-1,0,5.5707903,0.996207,1,1,unassigned,3.0,2.0,1.0,0.6666667,0.33333334,0.3333333,0.001934236,0.00064474536,0,0,0,1,1
56366,-1,1,0.88007146,0.706837,1,1,unassigned,83.0,81.0,2.0,0.97590363,0.024096385,0.02409637,0.15667312,0.0037752558,1,0,0,1,0
56367,-1,1,-0.9108372,0.28682855,0,1,unassigned,64.0,63.0,1.0,0.984375,0.015625,0.015625,0.11992263,0.0018737911,1,0,0,0,0
56368,-1,1,-0.7379991,0.32344186,0,1,unassigned,28.0,27.0,1.0,0.96428573,0.035714287,0.03571427,0.050290134,0.0017960763,1,0,0,0,0
56369,-1,1,-0.6678361,0.33898154,0,1,unassigned,52.0,52.0,0.0,1.0,0.0,0.0,0.0967118,0.0,1,0,0,0,0
56370,-1,1,1.3914545,0.80082434,1,1,unassigned,16.0,16.0,0.0,1.0,0.0,0.0,0.027079303,0.0,1,0,0,1,0
56371,-1,1,-0.9467903,0.2795308,0,1,unassigned,64.0,63.0,1.0,0.984375,0.015625,0.015625,0.11992263,0.0018737911,1,0,0,0,0
56372,-1,0,-0.27259228,0.43227082,0,1,unassigned,11.0,9.0,2.0,0.8181818,0.18181819,0.18181819,0.017408123,0.0031651135,0,0,0,0,0
56373,1,0,-0.16012001,0.46005532,0,1,test,2.0,2.0,0.0,1.0,0.0,0.0,0.0,0.0,0,0,0,0,0
56374,-1,1,0.37542558,0.5927693,1,1,unassigned,13.0,12.0,1.0,0.9230769,0.07692308,0.07692307,0.021276595,0.0016366612,1,0,0,1,0
56375,-1,1,-0.5245661,0.37178516,0,1,unassigned,12.0,12.0,0.0,1.0,0.0,0.0,0.01934236,0.0,1,0,0,0,0
56376,-1,1,-0.7999793,0.31002995,0,1,unassigned,30.0,30.0,0.0,1.0,0.0,0.0,0.054158606,0.0,1,0,0,0,0
56377,-1,1,-0.75291234,0.32018703,0,1,unassigned,23.0,22.0,1.0,0.95652175,0.04347826,0.04347825,0.040618956,0.0017660416,1,0,0,0,0
56378,-1,0,7.426805,0.99940526,1,1,unassigned,2.0,2.0,0.0,1.0,0.0,0.0,0.0,0.0,0,0,0,1,1
56379,1,1,10.729367,0.99997807,1,0,unassigned,3.0,2.0,1.0,0.6666667,0.33333334,0.3333333,0.001934236,0.00064474536,1,0,1,1,1
56380,-1,1,0.9116803,0.71334386,1,1,unassigned,2.0,2.0,0.0,1.0,0.0,0.0,0.0,0.0,1,0,0,1,0
56381,-1,0,2.8381798,0.9447045,1,1,unassigned,2.0,2.0,0.0,1.0,0.0,0.0,0.0,0.0,0,0,0,1,1
56382,-1,1,-0.88083565,0.29300463,0,1,unassigned,2.0,2.0,0.0,1.0,0.0,0.0,0.0,0.0,1,0,0,0,0
56383,-1,1,-0.9007319,0.28890014,0,1,unassigned,80.0,80.0,0.0,1.0,0.0,0.0,0.15087041,0.0,1,0,0,0,0
56384,-1,1,0.20281571,0.55053085,1,1,unassigned,28.0,28.0,0.0,1.0,0.0,0.0,0.050290134,0.0,1,0,0,1,0
56385,-1,1,-0.49198598,0.37942582,0,1,unassigned,92.0,91.0,1.0,0.98913044,0.010869565,0.010869563,0.17408124,0.0018921874,1,0,0,0,0
56386,-1,0,4.37263,0.9875392,1,1,unassigned,2.0,2.0,0.0,1.0,0.0,0.0,0.0,0.0,0,0,0,1,1
56387,-1,0,8.764614,0.99984384,1,1,unassigned,5.0,4.0,1.0,0.8,0.2,0.19999999,0.0058027077,0.0011605415,0,0,0,1,1
56388,-1,0,7.226813,0.9992737,1,1,unassigned,6.0,4.0,2.0,0.6666667,0.33333334,0.3333333,0.007736944,0.0025789815,0,0,0,1,1
56389,-1,1,2.5317438,0.9263374,1,1,unassigned,2.0,2.0,0.0,1.0,0.0,0.0,0.0,0.0,1,0,0,1,1
56390,-1,1,-0.8187767,0.3060234,0,1,unassigned,66.0,65.0,1.0,0.9848485,0.015151516,0.015151501,0.123791106,0.0018756229,1,0,0,0,0
56391,0,1,-0.8988824,0.2892802,0,0,unassigned,5.0,5.0,0.0,1.0,0.0,0.0,0.0058027077,0.0,1,0,1,0,0
56392,-1,0,13.719524,0.9999989,1,1,unassigned,2.0,2.0,0.0,1.0,0.0,0.0,0.0,0.0,0,0,0,1,1
56393,-1,0,1.0022376,0.7314983,1,1,unassigned,8.0,8.0,0.0,1.0,0.0,0.0,0.0116054155,0.0,0,0,0,1,0
56394,-1,0,3.8565733,0.97929734,1,1,unassigned,2.0,1.0,1.0,0.5,0.5,0.5,0.0,0.0,0,0,0,1,1
56395,0,1,-0.88806915,0.29150844,0,0,val,5.0,5.0,0.0,1.0,0.0,0.0,0.0058027077,0.0,1,0,1,0,0
56396,-1,0,3.5623615,0.97241104,1,1,unassigned,8.0,8.0,0.0,1.0,0.0,0.0,0.0116054155,0.0,0,0,0,1,1
56397,0,1,-0.54442656,0.3671584,0,0,unassigned,27.0,23.0,4.0,0.8518519,0.14814815,0.14814812,0.0483559,0.007163837,1,0,1,0,0
56398,-1,0,-0.3788029,0.40641567,0,1,unassigned,2.0,2.0,0.0,1.0,0.0,0.0,0.0,0.0,0,0,0,0,0
56399,-1,0,-0.26075968,0.43517697,0,1,unassigned,7.0,7.0,0.0,1.0,0.0,0.0,0.00967118,0.0,0,0,0,0,0
56400,-1,0,1.5731833,0.82823694,1,1,unassigned,3.0,3.0,0.0,1.0,0.0,0.0,0.001934236,0.0,0,0,0,1,0
56401,-1,1,0.6303385,0.6525662,1,1,unassigned,14.0,12.0,2.0,0.85714287,0.14285715,0.14285713,0.023210831,0.0033158332,1,0,0,1,0
56402,-1,0,2.9463015,0.9500884,1,1,unassigned,18.0,17.0,1.0,0.9444444,0.055555556,0.055555582,0.030947777,0.0017193209,0,0,0,1,1
56403,-1,1,1.6414373,0.83773047,1,1,unassigned,2.0,2.0,0.0,1.0,0.0,0.0,0.0,0.0,1,0,0,1,0
56404,1,1,-0.17219746,0.45705667,0,1,unassigned,32.0,23.0,9.0,0.71875,0.28125,0.28125,0.058027077,0.016320115,1,0,0,0,0
56405,-1,0,3.247973,0.9626002,1,1,unassigned,5.0,5.0,0.0,1.0,0.0,0.0,0.0058027077,0.0,0,0,0,1,1
56406,-1,1,4.560719,0.98965365,1,1,unassigned,2.0,2.0,0.0,1.0,0.0,0.0,0.0,0.0,1,0,0,1,1
56407,0,0,0.68403107,0.66463774,1,1,val,10.0,10.0,0.0,1.0,0.0,0.0,0.015473888,0.0,0,0,0,1,0
56408,-1,0,-0.44800436,0.38983536,0,1,unassigned,14.0,14.0,0.0,1.0,0.0,0.0,0.023210831,0.0,0,0,0,0,0
56409,-1,0,-0.54878026,0.36614746,0,1,unassigned,10.0,9.0,1.0,0.9,0.1,0.100000024,0.015473888,0.0015473888,0,0,0,0,0
56410,-1,0,-0.44319665,0.39097953,0,1,unassigned,2.0,2.0,0.0,1.0,0.0,0.0,0.0,0.0,0,0,0,0,0
56411,-1,0,0.7804417,0.68577534,1,1,unassigned,2.0,2.0,0.0,1.0,0.0,0.0,0.0,0.0,0,0,0,1,0
56412,-1,0,8.50128,0.9997968,1,1,unassigned,23.0,20.0,3.0,0.8695652,0.13043478,0.13043481,0.040618956,0.0052981246,0,0,0,1,1
56413,0,0,-0.7793224,0.31446597,0,0,val,24.0,24.0,0.0,1.0,0.0,0.0,0.04255319,0.0,0,0,1,0,0
56414,-1,1,4.6616616,0.99063766,1,1,unassigned,9.0,9.0,0.0,1.0,0.0,0.0,0.013539651,0.0,1,0,0,1,1
56415,-1,1,-0.4454469,0.39044386,0,1,unassigned,3.0,3.0,0.0,1.0,0.0,0.0,0.001934236,0.0,1,0,0,0,0
56416,1,0,1.5902307,0.8306486,1,0,unassigned,13.0,12.0,1.0,0.9230769,0.07692308,0.07692307,0.021276595,0.0016366612,0,0,1,1,0
56417,0,1,-0.75201666,0.32038203,0,0,val,71.0,69.0,2.0,0.97183096,0.028169014,0.028169036,0.13346228,0.0037595008,1,0,1,0,0
56418,1,1,0.51641005,0.6263079,1,0,unassigned,3.0,3.0,0.0,1.0,0.0,0.0,0.001934236,0.0,1,0,1,1,0
56419,-1,1,3.0682802,0.9555652,1,1,unassigned,2.0,2.0,0.0,1.0,0.0,0.0,0.0,0.0,1,0,0,1,1
56420,-1,0,12.455969,0.99999607,1,1,unassigned,4.0,4.0,0.0,1.0,0.0,0.0,0.003868472,0.0,0,0,0,1,1
56421,-1,1,-0.7227279,0.32679257,0,1,unassigned,11.0,11.0,0.0,1.0,0.0,0.0,0.017408123,0.0,1,0,0,0,0
56422,-1,1,-0.5959739,0.35526535,0,1,unassigned,15.0,15.0,0.0,1.0,0.0,0.0,0.025145067,0.0,1,0,0,0,0
56423,0,1,-0.38360208,0.40525842,0,0,val,9.0,9.0,0.0,1.0,0.0,0.0,0.013539651,0.0,1,0,1,0,0
56424,-1,0,8.192495,0.9997234,1,1,unassigned,6.0,5.0,1.0,0.8333333,0.16666667,0.16666669,0.007736944,0.0012894907,0,0,0,1,1
56425,-1,0,2.960098,0.9507386,1,1,unassigned,4.0,4.0,0.0,1.0,0.0,0.0,0.003868472,0.0,0,0,0,1,1
56426,-1,0,-0.09315032,0.47672924,0,1,unassigned,13.0,12.0,1.0,0.9230769,0.07692308,0.07692307,0.021276595,0.0016366612,0,0,0,0,0
56427,-1,0,1.1727033,0.7636333,1,1,unassigned,3.0,2.0,1.0,0.6666667,0.33333334,0.3333333,0.001934236,0.00064474536,0,0,0,1,0
56428,1,0,3.1569388,0.95918125,1,0,test,3.0,3.0,0.0,1.0,0.0,0.0,0.001934236,0.0,0,0,1,1,1
56429,-1,1,7.532678,0.99946505,1,1,unassigned,9.0,9.0,0.0,1.0,0.0,0.0,0.013539651,0.0,1,0,0,1,1
56430,-1,0,-0.4648738,0.38583025,0,1,unassigned,3.0,3.0,0.0,1.0,0.0,0.0,0.001934236,0.0,0,0,0,0,0
56431,-1,0,6.202476,0.9979797,1,1,unassigned,3.0,3.0,0.0,1.0,0.0,0.0,0.001934236,0.0,0,0,0,1,1
56432,-1,0,-0.9010948,0.28882557,0,1,unassigned,2.0,2.0,0.0,1.0,0.0,0.0,0.0,0.0,0,0,0,0,0
56433,1,0,-0.28031427,0.43037674,0,1,unassigned,3.0,3.0,0.0,1.0,0.0,0.0,0.001934236,0.0,0,0,0,0,0
56434,-1,0,2.985429,0.9519115,1,1,unassigned,8.0,8.0,0.0,1.0,0.0,0.0,0.0116054155,0.0,0,0,0,1,1
56435,-1,0,8.180843,0.99972004,1,1,unassigned,4.0,4.0,0.0,1.0,0.0,0.0,0.003868472,0.0,0,0,0,1,1
56436,-1,0,1.6120739,0.8336991,1,1,unassigned,7.0,4.0,3.0,0.5714286,0.42857143,0.4285714,0.00967118,0.0041447915,0,0,0,1,0
56437,-1,1,-0.91620904,0.28573096,0,1,unassigned,38.0,37.0,1.0,0.9736842,0.02631579,0.026315808,0.06963249,0.0018324341,1,0,0,0,0
56438,-1,1,6.746741,0.9988267,1,1,unassigned,42.0,30.0,12.0,0.71428573,0.2857143,0.28571427,0.07736944,0.022105554,1,0,0,1,1
56439,-1,0,7.56636,0.99948263,1,1,unassigned,5.0,5.0,0.0,1.0,0.0,0.0,0.0058027077,0.0,0,0,0,1,1
56440,-1,1,4.481703,0.98881245,1,1,unassigned,13.0,11.0,2.0,0.84615386,0.15384616,0.15384614,0.021276595,0.0032733225,1,0,0,1,1
56441,-1,0,0.7754596,0.6847007,1,1,unassigned,26.0,26.0,0.0,1.0,0.0,0.0,0.046421662,0.0,0,0,0,1,0
56442,-1,0,4.1787558,0.9849135,1,1,unassigned,11.0,8.0,3.0,0.72727275,0.27272728,0.27272725,0.017408123,0.00474767,0,0,0,1,1
56443,-1,0,1.6260016,0.8356212,1,1,unassigned,3.0,3.0,0.0,1.0,0.0,0.0,0.001934236,0.0,0,0,0,1,0
56444,-1,0,-0.47406197,0.38365528,0,1,unassigned,2.0,2.0,0.0,1.0,0.0,0.0,0.0,0.0,0,0,0,0,0
56445,-1,1,-0.11484724,0.47131968,0,1,unassigned,17.0,17.0,0.0,1.0,0.0,0.0,0.029013539,0.0,1,0,0,0,0
56446,1,0,-0.32404262,0.41969085,0,1,test,9.0,9.0,0.0,1.0,0.0,0.0,0.013539651,0.0,0,0,0,0,0
56447,-1,0,-0.5027003,0.37690628,0,1,unassigned,56.0,54.0,2.0,0.96428573,0.035714287,0.03571427,0.10444874,0.0037303125,0,0,0,0,0
56448,-1,1,2.1747062,0.89795506,1,1,unassigned,5.0,5.0,0.0,1.0,0.0,0.0,0.0058027077,0.0,1,0,0,1,0
56449,-1,1,0.9117778,0.7133638,1,1,unassigned,3.0,3.0,0.0,1.0,0.0,0.0,0.001934236,0.0,1,0,0,1,0
56450,-1,1,4.55808,0.9896265,1,1,unassigned,12.0,9.0,3.0,0.75,0.25,0.25,0.01934236,0.00483559,1,0,0,1,1
56451,1,0,0.5440355,0.6327507,1,0,unassigned,3.0,2.0,1.0,0.6666667,0.33333334,0.3333333,0.001934236,0.00064474536,0,0,1,1,0
56452,-1,1,0.059485614,0.514867,1,1,unassigned,8.0,8.0,0.0,1.0,0.0,0.0,0.0116054155,0.0,1,0,0,1,0
56453,-1,1,2.9278748,0.9492073,1,1,unassigned,2.0,2.0,0.0,1.0,0.0,0.0,0.0,0.0,1,0,0,1,1
56454,-1,0,-0.5952662,0.35542744,0,1,unassigned,3.0,3.0,0.0,1.0,0.0,0.0,0.001934236,0.0,0,0,0,0,0
56455,-1,1,0.5693942,0.63862336,1,1,unassigned,4.0,1.0,3.0,0.25,0.75,0.75,0.003868472,0.002901354,1,0,0,1,0
56456,0,1,0.8104438,0.69220406,1,1,unassigned,3.0,3.0,0.0,1.0,0.0,0.0,0.001934236,0.0,1,0,0,1,0
56457,-1,0,-1.0469177,0.25981742,0,1,unassigned,2.0,2.0,0.0,1.0,0.0,0.0,0.0,0.0,0,0,0,0,0
56458,-1,0,-0.3316478,0.41783977,0,1,unassigned,2.0,2.0,0.0,1.0,0.0,0.0,0.0,0.0,0,0,0,0,0
56459,-1,1,-0.40667585,0.39970946,0,1,unassigned,17.0,17.0,0.0,1.0,0.0,0.0,0.029013539,0.0,1,0,0,0,0
56460,-1,1,2.8720446,0.946447,1,1,unassigned,2.0,2.0,0.0,1.0,0.0,0.0,0.0,0.0,1,0,0,1,1
56461,-1,1,1.4105794,0.8038573,1,1,unassigned,3.0,3.0,0.0,1.0,0.0,0.0,0.001934236,0.0,1,0,0,1,0
56462,-1,0,1.0702245,0.74463964,1,1,unassigned,4.0,4.0,0.0,1.0,0.0,0.0,0.003868472,0.0,0,0,0,1,0
56463,1,1,2.0605483,0.88700914,1,0,unassigned,11.0,10.0,1.0,0.90909094,0.09090909,0.090909064,0.017408123,0.0015825568,1,0,1,1,0
56464,-1,0,0.99089414,0.72926444,1,1,unassigned,19.0,17.0,2.0,0.8947368,0.10526316,0.10526317,0.032882012,0.0034612645,0,0,0,1,0
56465,-1,1,5.926495,0.9973393,1,1,unassigned,13.0,6.0,7.0,0.46153846,0.53846157,0.53846157,0.021276595,0.011456628,1,0,0,1,1
56466,-1,1,1.3309653,0.79100025,1,1,unassigned,14.0,10.0,4.0,0.71428573,0.2857143,0.28571427,0.023210831,0.0066316663,1,0,0,1,0
56467,-1,0,0.37593025,0.59289116,1,1,unassigned,3.0,3.0,0.0,1.0,0.0,0.0,0.001934236,0.0,0,0,0,1,0
56468,-1,0,-0.14686936,0.4633485,0,1,unassigned,3.0,3.0,0.0,1.0,0.0,0.0,0.001934236,0.0,0,0,0,0,0
56469,-1,1,0.04049605,0.51012266,1,1,unassigned,37.0,36.0,1.0,0.972973,0.027027028,0.02702701,0.06769826,0.0018296828,1,0,0,1,0
56470,-1,1,-0.88414276,0.29232004,0,1,unassigned,65.0,64.0,1.0,0.9846154,0.015384615,0.0153846145,0.12185687,0.001874721,1,0,0,0,0
56471,-1,1,0.8870993,0.70829123,1,1,unassigned,2.0,1.0,1.0,0.5,0.5,0.5,0.0,0.0,1,0,0,1,0
56472,-1,1,-0.7135819,0.32880783,0,1,unassigned,6.0,6.0,0.0,1.0,0.0,0.0,0.007736944,0.0,1,0,0,0,0
56473,0,1,-0.8597646,0.29738852,0,0,val,37.0,29.0,8.0,0.7837838,0.21621622,0.2162162,0.06769826,0.014637463,1,0,1,0,0
56474,0,1,-0.8528451,0.29883638,0,0,test,20.0,16.0,4.0,0.8,0.2,0.19999999,0.034816246,0.0069632493,1,0,1,0,0
56475,-1,0,0.4865772,0.6192998,1,1,unassigned,2.0,2.0,0.0,1.0,0.0,0.0,0.0,0.0,0,0,0,1,0
56476,-1,0,7.4380174,0.99941194,1,1,unassigned,44.0,39.0,5.0,0.8863636,0.11363637,0.113636374,0.08123791,0.009231581,0,0,0,1,1
56477,-1,1,1.0949552,0.7493137,1,1,unassigned,4.0,4.0,0.0,1.0,0.0,0.0,0.003868472,0.0,1,0,0,1,0
56478,1,0,2.9850385,0.95189357,1,0,train,10.0,8.0,2.0,0.8,0.2,0.19999999,0.015473888,0.0030947777,0,0,1,1,1
56479,1,0,6.0933185,0.9977471,1,0,unassigned,6.0,6.0,0.0,1.0,0.0,0.0,0.007736944,0.0,0,0,1,1,1
56480,-1,0,1.608681,0.8332282,1,1,unassigned,3.0,3.0,0.0,1.0,0.0,0.0,0.001934236,0.0,0,0,0,1,0
56481,-1,0,-0.30264926,0.42491,0,1,unassigned,8.0,8.0,0.0,1.0,0.0,0.0,0.0116054155,0.0,0,0,0,0,0
56482,-1,0,0.9545825,0.7220358,1,1,unassigned,3.0,3.0,0.0,1.0,0.0,0.0,0.001934236,0.0,0,0,0,1,0
56483,0,1,-0.30926242,0.42329478,0,0,val,7.0,7.0,0.0,1.0,0.0,0.0,0.00967118,0.0,1,0,1,0,0
56484,1,0,2.2331793,0.90318966,1,0,test,11.0,11.0,0.0,1.0,0.0,0.0,0.017408123,0.0,0,0,1,1,1
56485,-1,1,-0.9777347,0.2733415,0,1,unassigned,14.0,14.0,0.0,1.0,0.0,0.0,0.023210831,0.0,1,0,0,0,0
56486,-1,0,9.8957,0.9999496,1,1,unassigned,2.0,2.0,0.0,1.0,0.0,0.0,0.0,0.0,0,0,0,1,1
56487,-1,1,2.47638,0.92246926,1,1,unassigned,3.0,3.0,0.0,1.0,0.0,0.0,0.001934236,0.0,1,0,0,1,1
56488,-1,0,0.15706104,0.53918475,1,1,unassigned,3.0,3.0,0.0,1.0,0.0,0.0,0.001934236,0.0,0,0,0,1,0
56489,-1,0,-0.14021343,0.46500394,0,1,unassigned,2.0,2.0,0.0,1.0,0.0,0.0,0.0,0.0,0,0,0,0,0
56490,-1,1,-0.35808486,0.41142324,0,1,unassigned,53.0,52.0,1.0,0.9811321,0.018867925,0.01886791,0.09864604,0.0018612461,1,0,0,0,0
56491,-1,1,-0.42450273,0.39543977,0,1,unassigned,2.0,2.0,0.0,1.0,0.0,0.0,0.0,0.0,1,0,0,0,0
56492,-1,1,5.5435834,0.9961028,1,1,unassigned,2.0,1.0,1.0,0.5,0.5,0.5,0.0,0.0,1,0,0,1,1
56493,-1,1,5.067273,0.99373984,1,1,unassigned,8.0,8.0,0.0,1.0,0.0,0.0,0.0116054155,0.0,1,0,0,1,1
56494,-1,0,0.2662472,0.56617135,1,1,unassigned,3.0,3.0,0.0,1.0,0.0,0.0,0.001934236,0.0,0,0,0,1,0
56495,-1,0,1.295975,0.7851568,1,1,unassigned,2.0,1.0,1.0,0.5,0.5,0.5,0.0,0.0,0,0,0,1,0
56496,-1,0,1.9456189,0.8749681,1,1,unassigned,2.0,2.0,0.0,1.0,0.0,0.0,0.0,0.0,0,0,0,1,0
56497,-1,0,1.2905784,0.784245,1,1,unassigned,2.0,2.0,0.0,1.0,0.0,0.0,0.0,0.0,0,0,0,1,0
56498,-1,1,11.031305,0.9999838,1,1,unassigned,2.0,2.0,0.0,1.0,0.0,0.0,0.0,0.0,1,0,0,1,1
56499,-1,1,5.1829743,0.99442,1,1,unassigned,6.0,6.0,0.0,1.0,0.0,0.0,0.007736944,0.0,1,0,0,1,1
56500,-1,1,4.0642743,0.9831146,1,1,unassigned,6.0,6.0,0.0,1.0,0.0,0.0,0.007736944,0.0,1,0,0,1,1
56501,-1,1,2.8809988,0.9468992,1,1,unassigned,20.0,18.0,2.0,0.9,0.1,0.100000024,0.034816246,0.0034816246,1,0,0,1,1
56502,0,0,-0.17748672,0.45574445,0,0,unassigned,4.0,4.0,0.0,1.0,0.0,0.0,0.003868472,0.0,0,0,1,0,0
56503,-1,1,0.9133087,0.71367675,1,1,unassigned,18.0,18.0,0.0,1.0,0.0,0.0,0.030947777,0.0,1,0,0,1,0
56504,-1,0,-0.545101,0.36700177,0,1,unassigned,3.0,3.0,0.0,1.0,0.0,0.0,0.001934236,0.0,0,0,0,0,0
56505,-1,1,-0.102889955,0.4743002,0,1,unassigned,3.0,3.0,0.0,1.0,0.0,0.0,0.001934236,0.0,1,0,0,0,0
56506,1,0,0.32210773,0.57983786,1,0,val,3.0,3.0,0.0,1.0,0.0,0.0,0.001934236,0.0,0,0,1,1,0
56507,-1,1,5.0585713,0.9936854,1,1,unassigned,3.0,3.0,0.0,1.0,0.0,0.0,0.001934236,0.0,1,0,0,1,1
56508,-1,0,2.3665936,0.9142442,1,1,unassigned,18.0,18.0,0.0,1.0,0.0,0.0,0.030947777,0.0,0,0,0,1,1
56509,0,1,-0.92502266,0.2839356,0,0,val,51.0,47.0,4.0,0.92156863,0.078431375,0.07843137,0.09477756,0.0074335346,1,0,1,0,0
56510,-1,0,3.0954802,0.9567059,1,1,unassigned,5.0,3.0,2.0,0.6,0.4,0.39999998,0.0058027077,0.002321083,0,0,0,1,1
56511,-1,0,5.3610415,0.9953259,1,1,unassigned,8.0,7.0,1.0,0.875,0.125,0.125,0.0116054155,0.0014506769,0,0,0,1,1
56512,-1,0,-0.8651477,0.29626498,0,1,unassigned,26.0,25.0,1.0,0.96153843,0.03846154,0.038461566,0.046421662,0.0017854486,0,0,0,0,0
56513,-1,1,3.9294379,0.9807241,1,1,unassigned,3.0,3.0,0.0,1.0,0.0,0.0,0.001934236,0.0,1,0,0,1,1
56514,0,1,-0.46015227,0.3869497,0,0,unassigned,8.0,8.0,0.0,1.0,0.0,0.0,0.0116054155,0.0,1,0,1,0,0
56515,-1,1,-0.91525507,0.2859257,0,1,unassigned,20.0,19.0,1.0,0.95,0.05,0.050000012,0.034816246,0.0017408123,1,0,0,0,0
56516,0,0,-0.8691599,0.29542914,0,0,val,7.0,5.0,2.0,0.71428573,0.2857143,0.28571427,0.00967118,0.0027631943,0,0,1,0,0
56517,-1,1,3.4382532,0.9688789,1,1,unassigned,5.0,4.0,1.0,0.8,0.2,0.19999999,0.0058027077,0.0011605415,1,0,0,1,1
56518,-1,0,-0.054062605,0.48648766,0,1,unassigned,60.0,60.0,0.0,1.0,0.0,0.0,0.11218569,0.0,0,0,0,0,0
56519,-1,1,3.436402,0.96882296,1,1,unassigned,9.0,8.0,1.0,0.8888889,0.11111111,0.111111104,0.013539651,0.0015044058,1,0,0,1,1
56520,0,0,0.8737586,0.7055272,1,1,unassigned,9.0,9.0,0.0,1.0,0.0,0.0,0.013539651,0.0,0,0,0,1,0
56521,-1,1,-0.8026877,0.3094509,0,1,unassigned,62.0,59.0,3.0,0.9516129,0.048387095,0.04838711,0.116054155,0.0056155236,1,0,0,0,0
56522,-1,0,5.981375,0.99748105,1,1,unassigned,10.0,10.0,0.0,1.0,0.0,0.0,0.015473888,0.0,0,0,0,1,1
56523,-1,1,5.5704637,0.9962057,1,1,unassigned,14.0,14.0,0.0,1.0,0.0,0.0,0.023210831,0.0,1,0,0,1,1
56524,-1,1,-0.5706588,0.36108482,0,1,unassigned,18.0,14.0,4.0,0.7777778,0.22222222,0.22222221,0.030947777,0.0068772836,1,0,0,0,0
56525,-1,1,-0.85040796,0.29934728,0,1,unassigned,40.0,39.0,1.0,0.975,0.025,0.024999976,0.07350097,0.0018375242,1,0,0,0,0
56526,-1,1,2.775094,0.94131505,1,1,unassigned,72.0,69.0,3.0,0.9583333,0.041666668,0.041666687,0.13539653,0.005641522,1,0,0,1,1
56527,-1,0,3.8419373,0.97899854,1,1,unassigned,10.0,10.0,0.0,1.0,0.0,0.0,0.015473888,0.0,0,0,0,1,1
56528,-1,1,-0.40191454,0.4008524,0,1,unassigned,17.0,16.0,1.0,0.9411765,0.05882353,0.058823526,0.029013539,0.0017066788,1,0,0,0,0
56529,1,0,0.10198754,0.5254748,1,0,val,42.0,42.0,0.0,1.0,0.0,0.0,0.07736944,0.0,0,0,1,1,0
56530,-1,0,-0.30831417,0.42352632,0,1,unassigned,7.0,7.0,0.0,1.0,0.0,0.0,0.00967118,0.0,0,0,0,0,0
56531,-1,0,8.05038,0.9996811,1,1,unassigned,18.0,18.0,0.0,1.0,0.0,0.0,0.030947777,0.0,0,0,0,1,1
56532,-1,0,2.3796148,0.91525954,1,1,unassigned,15.0,11.0,4.0,0.73333335,0.26666668,0.26666665,0.025145067,0.0067053516,0,0,0,1,1
56533,-1,0,0.021242082,0.5053103,1,1,unassigned,36.0,36.0,0.0,1.0,0.0,0.0,0.065764025,0.0,0,0,0,1,0
56534,-1,0,0.05752921,0.5143783,1,1,unassigned,26.0,26.0,0.0,1.0,0.0,0.0,0.046421662,0.0,0,0,0,1,0
56535,-1,0,0.037151515,0.5092868,1,1,unassigned,18.0,18.0,0.0,1.0,0.0,0.0,0.030947777,0.0,0,0,0,1,0
56536,-1,1,3.309677,0.9647593,1,1,unassigned,4.0,3.0,1.0,0.75,0.25,0.25,0.003868472,0.000967118,1,0,0,1,1
56537,-1,0,7.9469132,0.9996464,1,1,unassigned,14.0,13.0,1.0,0.9285714,0.071428575,0.0714286,0.023210831,0.0016579166,0,0,0,1,1
56538,-1,1,6.57225,0.9986033,1,1,unassigned,2.0,1.0,1.0,0.5,0.5,0.5,0.0,0.0,1,0,0,1,1
56539,-1,1,6.6464458,0.998703,1,1,unassigned,8.0,8.0,0.0,1.0,0.0,0.0,0.0116054155,0.0,1,0,0,1,1
56540,-1,0,0.19755787,0.54922944,1,1,unassigned,2.0,2.0,0.0,1.0,0.0,0.0,0.0,0.0,0,0,0,1,0
56541,-1,0,4.6748633,0.9907594,1,1,unassigned,17.0,16.0,1.0,0.9411765,0.05882353,0.058823526,0.029013539,0.0017066788,0,0,0,1,1
56542,-1,0,-0.1564821,0.46095914,0,1,unassigned,2.0,2.0,0.0,1.0,0.0,0.0,0.0,0.0,0,0,0,0,0
56543,-1,0,1.5227206,0.8209387,1,1,unassigned,4.0,4.0,0.0,1.0,0.0,0.0,0.003868472,0.0,0,0,0,1,0
56544,-1,0,8.646308,0.9998242,1,1,unassigned,4.0,4.0,0.0,1.0,0.0,0.0,0.003868472,0.0,0,0,0,1,1
56545,-1,0,5.280288,0.99493486,1,1,unassigned,10.0,10.0,0.0,1.0,0.0,0.0,0.015473888,0.0,0,0,0,1,1
56546,-1,0,4.3051376,0.98668075,1,1,unassigned,9.0,9.0,0.0,1.0,0.0,0.0,0.013539651,0.0,0,0,0,1,1
56547,-1,0,4.9014516,0.9926191,1,1,unassigned,3.0,2.0,1.0,0.6666667,0.33333334,0.3333333,0.001934236,0.00064474536,0,0,0,1,1
56548,-1,0,0.05637306,0.5140895,1,1,unassigned,12.0,11.0,1.0,0.9166667,0.083333336,0.08333331,0.01934236,0.0016118633,0,0,0,1,0
56549,-1,0,3.498729,0.9706516,1,1,unassigned,3.0,3.0,0.0,1.0,0.0,0.0,0.001934236,0.0,0,0,0,1,1
56550,-1,0,8.424475,0.9997806,1,1,unassigned,3.0,3.0,0.0,1.0,0.0,0.0,0.001934236,0.0,0,0,0,1,1
56551,-1,0,4.754486,0.99146056,1,1,unassigned,12.0,11.0,1.0,0.9166667,0.083333336,0.08333331,0.01934236,0.0016118633,0,0,0,1,1
56552,-1,0,3.1231081,0.9578359,1,1,unassigned,9.0,7.0,2.0,0.7777778,0.22222222,0.22222221,0.013539651,0.0030088115,0,0,0,1,1
56553,-1,0,2.7601836,0.94048595,1,1,unassigned,3.0,3.0,0.0,1.0,0.0,0.0,0.001934236,0.0,0,0,0,1,1
56554,-1,0,-0.8255973,0.3045768,0,1,unassigned,2.0,1.0,1.0,0.5,0.5,0.5,0.0,0.0,0,0,0,0,0
56555,-1,1,-0.8423961,0.3010304,0,1,unassigned,38.0,31.0,7.0,0.81578946,0.18421052,0.18421054,0.06963249,0.012827038,1,0,0,0,0
56556,-1,0,-0.43193924,0.39366335,0,1,unassigned,4.0,3.0,1.0,0.75,0.25,0.25,0.003868472,0.000967118,0,0,0,0,0
56557,-1,1,1.1148372,0.75302976,1,1,unassigned,4.0,4.0,0.0,1.0,0.0,0.0,0.003868472,0.0,1,0,0,1,0
56558,-1,1,3.828469,0.9787199,1,1,unassigned,11.0,10.0,1.0,0.90909094,0.09090909,0.090909064,0.017408123,0.0015825568,1,0,0,1,1
56559,-1,1,-0.6932342,0.333314,0,1,unassigned,10.0,10.0,0.0,1.0,0.0,0.0,0.015473888,0.0,1,0,0,0,0
56560,-1,1,-0.6913036,0.33374316,0,1,unassigned,3.0,1.0,2.0,0.33333334,0.6666667,0.6666666,0.001934236,0.0012894907,1,0,0,0,0
56561,1,1,-0.75164557,0.32046282,0,1,test,4.0,4.0,0.0,1.0,0.0,0.0,0.003868472,0.0,1,0,0,0,0
56562,-1,1,-0.63004,0.34750146,0,1,unassigned,25.0,25.0,0.0,1.0,0.0,0.0,0.044487428,0.0,1,0,0,0,0
56563,-1,0,6.768537,0.9988519,1,1,unassigned,21.0,21.0,0.0,1.0,0.0,0.0,0.036750484,0.0,0,0,0,1,1
56564,-1,0,4.8267303,0.99205106,1,1,unassigned,2.0,2.0,0.0,1.0,0.0,0.0,0.0,0.0,0,0,0,1,1
56565,-1,0,6.429562,0.9983895,1,1,unassigned,4.0,4.0,0.0,1.0,0.0,0.0,0.003868472,0.0,0,0,0,1,1
56566,-1,1,1.4019053,0.80248606,1,1,unassigned,35.0,29.0,6.0,0.82857144,0.17142858,0.17142856,0.06382979,0.01094225,1,0,0,1,0
56567,-1,0,4.631163,0.99035054,1,1,unassigned,5.0,5.0,0.0,1.0,0.0,0.0,0.0058027077,0.0,0,0,0,1,1
56568,-1,1,0.0600695,0.51501286,1,1,unassigned,23.0,18.0,5.0,0.7826087,0.2173913,0.21739131,0.040618956,0.008830207,1,0,0,1,0
56569,-1,1,8.059063,0.99968386,1,1,unassigned,2.0,2.0,0.0,1.0,0.0,0.0,0.0,0.0,1,0,0,1,1
56570,-1,1,-0.22501585,0.44398218,0,1,unassigned,2.0,2.0,0.0,1.0,0.0,0.0,0.0,0.0,1,0,0,0,0
56571,-1,1,4.861151,0.9923179,1,1,unassigned,25.0,25.0,0.0,1.0,0.0,0.0,0.044487428,0.0,1,0,0,1,1
56572,-1,0,0.47574824,0.6167434,1,1,unassigned,7.0,7.0,0.0,1.0,0.0,0.0,0.00967118,0.0,0,0,0,1,0
56573,-1,1,3.7144816,0.9762116,1,1,unassigned,13.0,12.0,1.0,0.9230769,0.07692308,0.07692307,0.021276595,0.0016366612,1,0,0,1,1
56574,-1,1,2.1387045,0.8946085,1,1,unassigned,6.0,5.0,1.0,0.8333333,0.16666667,0.16666669,0.007736944,0.0012894907,1,0,0,1,0
56575,-1,1,3.0939763,0.95664364,1,1,unassigned,2.0,2.0,0.0,1.0,0.0,0.0,0.0,0.0,1,0,0,1,1
56576,-1,1,-0.85589737,0.2981972,0,1,unassigned,55.0,54.0,1.0,0.9818182,0.018181818,0.0181818,0.102514505,0.0018639,1,0,0,0,0
56577,-1,0,1.0119026,0.7333923,1,1,unassigned,2.0,1.0,1.0,0.5,0.5,0.5,0.0,0.0,0,0,0,1,0
56578,-1,0,0.6719194,0.66193277,1,1,unassigned,15.0,15.0,0.0,1.0,0.0,0.0,0.025145067,0.0,0,0,0,1,0
56579,0,1,-0.8083156,0.30824953,0,0,train,32.0,29.0,3.0,0.90625,0.09375,0.09375,0.058027077,0.0054400386,1,0,1,0,0
56580,-1,0,3.6635768,0.9750004,1,1,unassigned,5.0,4.0,1.0,0.8,0.2,0.19999999,0.0058027077,0.0011605415,0,0,0,1,1
56581,-1,0,-0.5404774,0.3680765,0,1,unassigned,3.0,1.0,2.0,0.33333334,0.6666667,0.6666666,0.001934236,0.0012894907,0,0,0,0,0
56582,-1,0,-0.36285907,0.41026765,0,1,unassigned,4.0,4.0,0.0,1.0,0.0,0.0,0.003868472,0.0,0,0,0,0,0
56583,-1,1,5.473368,0.9958204,1,1,unassigned,24.0,24.0,0.0,1.0,0.0,0.0,0.04255319,0.0,1,0,0,1,1
56584,-1,0,2.7850974,0.94186515,1,1,unassigned,6.0,1.0,5.0,0.16666667,0.8333333,0.8333333,0.007736944,0.0064474535,0,0,0,1,1
56585,1,0,1.7402031,0.85071284,1,0,unassigned,10.0,9.0,1.0,0.9,0.1,0.100000024,0.015473888,0.0015473888,0,0,1,1,0
56586,0,0,-0.39734548,0.4019503,0,0,train,75.0,73.0,2.0,0.97333336,0.026666667,0.026666641,0.14119923,0.003765313,0,0,1,0,0
56587,-1,0,2.6537912,0.9342442,1,1,unassigned,5.0,4.0,1.0,0.8,0.2,0.19999999,0.0058027077,0.0011605415,0,0,0,1,1
56588,-1,0,-0.22537321,0.44389397,0,1,unassigned,19.0,19.0,0.0,1.0,0.0,0.0,0.032882012,0.0,0,0,0,0,0
56589,-1,0,-0.588372,0.35700846,0,1,unassigned,4.0,3.0,1.0,0.75,0.25,0.25,0.003868472,0.000967118,0,0,0,0,0
56590,-1,1,7.510756,0.9994531,1,1,unassigned,11.0,11.0,0.0,1.0,0.0,0.0,0.017408123,0.0,1,0,0,1,1
56591,-1,1,-0.50142044,0.37720692,0,1,unassigned,8.0,7.0,1.0,0.875,0.125,0.125,0.0116054155,0.0014506769,1,0,0,0,0
56592,-1,1,1.296025,0.78516525,1,1,unassigned,5.0,5.0,0.0,1.0,0.0,0.0,0.0058027077,0.0,1,0,0,1,0
56593,-1,0,1.8886037,0.86859626,1,1,unassigned,2.0,2.0,0.0,1.0,0.0,0.0,0.0,0.0,0,0,0,1,0
56594,-1,0,1.3571026,0.7952884,1,1,unassigned,39.0,38.0,1.0,0.974359,0.025641026,0.025641024,0.07156673,0.0018350444,0,0,0,1,0
56595,-1,0,-0.38170445,0.4057159,0,1,unassigned,3.0,3.0,0.0,1.0,0.0,0.0,0.001934236,0.0,0,0,0,0,0
56596,-1,0,8.949863,0.9998703,1,1,unassigned,19.0,13.0,6.0,0.68421054,0.31578946,0.31578946,0.032882012,0.010383793,0,0,0,1,1
56597,-1,0,0.14658195,0.53658,1,1,unassigned,13.0,12.0,1.0,0.9230769,0.07692308,0.07692307,0.021276595,0.0016366612,0,0,0,1,0
56598,-1,0,4.161972,0.98466206,1,1,unassigned,2.0,2.0,0.0,1.0,0.0,0.0,0.0,0.0,0,0,0,1,1
56599,-1,1,1.4337678,0.8074877,1,1,unassigned,11.0,10.0,1.0,0.90909094,0.09090909,0.090909064,0.017408123,0.0015825568,1,0,0,1,0
56600,-1,1,7.0652223,0.99914646,1,1,unassigned,2.0,2.0,0.0,1.0,0.0,0.0,0.0,0.0,1,0,0,1,1
56601,-1,1,5.5470147,0.99611604,1,1,unassigned,2.0,1.0,1.0,0.5,0.5,0.5,0.0,0.0,1,0,0,1,1
56602,-1,1,6.3567295,0.9982679,1,1,unassigned,4.0,3.0,1.0,0.75,0.25,0.25,0.003868472,0.000967118,1,0,0,1,1
56603,-1,1,4.1252723,0.9840979,1,1,unassigned,13.0,13.0,0.0,1.0,0.0,0.0,0.021276595,0.0,1,0,0,1,1
56604,-1,1,3.7021654,0.97592396,1,1,unassigned,16.0,15.0,1.0,0.9375,0.0625,0.0625,0.027079303,0.0016924564,1,0,0,1,1
56605,-1,1,9.725575,0.9999403,1,1,unassigned,4.0,3.0,1.0,0.75,0.25,0.25,0.003868472,0.000967118,1,0,0,1,1
56606,1,1,-0.20395821,0.4491865,0,1,val,16.0,14.0,2.0,0.875,0.125,0.125,0.027079303,0.0033849129,1,0,0,0,0
56607,-1,1,4.184854,0.9850038,1,1,unassigned,32.0,30.0,2.0,0.9375,0.0625,0.0625,0.058027077,0.0036266923,1,0,0,1,1
56608,-1,1,0.25818747,0.5641907,1,1,unassigned,12.0,12.0,0.0,1.0,0.0,0.0,0.01934236,0.0,1,0,0,1,0
56609,-1,1,0.49918514,0.6222678,1,1,unassigned,12.0,12.0,0.0,1.0,0.0,0.0,0.01934236,0.0,1,0,0,1,0
56610,-1,1,0.31680495,0.5785454,1,1,unassigned,5.0,4.0,1.0,0.8,0.2,0.19999999,0.0058027077,0.0011605415,1,0,0,1,0
56611,-1,0,4.0279927,0.9825017,1,1,unassigned,11.0,11.0,0.0,1.0,0.0,0.0,0.017408123,0.0,0,0,0,1,1
56612,-1,1,-0.83888936,0.30176875,0,1,unassigned,68.0,67.0,1.0,0.9852941,0.014705882,0.014705896,0.12765957,0.0018773467,1,0,0,0,0
56613,-1,1,-0.7491107,0.3210151,0,1,unassigned,20.0,16.0,4.0,0.8,0.2,0.19999999,0.034816246,0.0069632493,1,0,0,0,0
56614,-1,1,-0.8864513,0.29184267,0,1,unassigned,29.0,29.0,0.0,1.0,0.0,0.0,0.05222437,0.0,1,0,0,0,0
56615,-1,1,-0.7846639,0.31331557,0,1,unassigned,30.0,26.0,4.0,0.8666667,0.13333334,0.13333333,0.054158606,0.007221148,1,0,0,0,0
56616,-1,1,0.74594957,0.6782955,1,1,unassigned,7.0,7.0,0.0,1.0,0.0,0.0,0.00967118,0.0,1,0,0,1,0
56617,-1,1,0.9828692,0.7276771,1,1,unassigned,29.0,28.0,1.0,0.9655172,0.03448276,0.034482777,0.05222437,0.0018008404,1,0,0,1,0
56618,1,1,0.19750303,0.54921585,1,0,val,6.0,5.0,1.0,0.8333333,0.16666667,0.16666669,0.007736944,0.0012894907,1,0,1,1,0
56619,-1,1,3.1761434,0.95992655,1,1,unassigned,14.0,12.0,2.0,0.85714287,0.14285715,0.14285713,0.023210831,0.0033158332,1,0,0,1,1
56620,-1,0,1.2485116,0.77704215,1,1,unassigned,3.0,3.0,0.0,1.0,0.0,0.0,0.001934236,0.0,0,0,0,1,0
56621,-1,1,5.8176794,0.9970343,1,1,unassigned,13.0,10.0,3.0,0.7692308,0.23076923,0.23076922,0.021276595,0.0049099834,1,0,0,1,1
56622,-1,1,-0.9192127,0.2851183,0,1,unassigned,31.0,28.0,3.0,0.9032258,0.09677419,0.09677422,0.056092843,0.0054283394,1,0,0,0,0
56623,-1,0,-0.99140024,0.27063558,0,1,unassigned,34.0,32.0,2.0,0.9411765,0.05882353,0.058823526,0.061895553,0.0036409148,0,0,0,0,0
56624,-1,0,-0.17775106,0.45567888,0,1,unassigned,12.0,12.0,0.0,1.0,0.0,0.0,0.01934236,0.0,0,0,0,0,0
56625,-1,0,0.07537073,0.51883376,1,1,unassigned,3.0,3.0,0.0,1.0,0.0,0.0,0.001934236,0.0,0,0,0,1,0
56626,-1,1,0.5193401,0.6269934,1,1,unassigned,9.0,8.0,1.0,0.8888889,0.11111111,0.111111104,0.013539651,0.0015044058,1,0,0,1,0
56627,-1,1,-0.97801876,0.2732851,0,1,unassigned,11.0,11.0,0.0,1.0,0.0,0.0,0.017408123,0.0,1,0,0,0,0
56628,-1,0,3.3830087,0.9671692,1,1,unassigned,6.0,3.0,3.0,0.5,0.5,0.5,0.007736944,0.003868472,0,0,0,1,1
56629,-1,0,1.4313433,0.80711055,1,1,unassigned,10.0,8.0,2.0,0.8,0.2,0.19999999,0.015473888,0.0030947777,0,0,0,1,0
56630,-1,0,-0.34995213,0.41339403,0,1,unassigned,5.0,5.0,0.0,1.0,0.0,0.0,0.0058027077,0.0,0,0,0,0,0
56631,-1,0,2.7304084,0.9387973,1,1,unassigned,11.0,11.0,0.0,1.0,0.0,0.0,0.017408123,0.0,0,0,0,1,1
56632,-1,0,-0.27510935,0.43165317,0,1,unassigned,2.0,2.0,0.0,1.0,0.0,0.0,0.0,0.0,0,0,0,0,0
56633,-1,0,3.0121996,0.95312226,1,1,unassigned,3.0,3.0,0.0,1.0,0.0,0.0,0.001934236,0.0,0,0,0,1,1
56634,-1,0,3.5196965,0.9712431,1,1,unassigned,3.0,3.0,0.0,1.0,0.0,0.0,0.001934236,0.0,0,0,0,1,1
56635,0,1,0.041297495,0.51032287,1,1,test,25.0,24.0,1.0,0.96,0.04,0.04000002,0.044487428,0.001779497,1,0,0,1,0
56636,-1,1,0.10059863,0.5251285,1,1,unassigned,20.0,19.0,1.0,0.95,0.05,0.050000012,0.034816246,0.0017408123,1,0,0,1,0
56637,-1,1,-0.013421953,0.4966446,0,1,unassigned,8.0,7.0,1.0,0.875,0.125,0.125,0.0116054155,0.0014506769,1,0,0,0,0
56638,-1,1,-0.8764893,0.29390582,0,1,unassigned,129.0,128.0,1.0,0.99224806,0.007751938,0.0077519417,0.24564797,0.0019042478,1,0,0,0,0
56639,-1,0,5.6317916,0.9964307,1,1,unassigned,4.0,3.0,1.0,0.75,0.25,0.25,0.003868472,0.000967118,0,0,0,1,1
56640,-1,0,1.1841247,0.7656886,1,1,unassigned,9.0,9.0,0.0,1.0,0.0,0.0,0.013539651,0.0,0,0,0,1,0
56641,-1,1,0.6239218,0.65111,1,1,unassigned,4.0,4.0,0.0,1.0,0.0,0.0,0.003868472,0.0,1,0,0,1,0
56642,0,1,-0.09666842,0.4758517,0,0,unassigned,55.0,51.0,4.0,0.92727274,0.07272727,0.07272726,0.102514505,0.0074556,1,0,1,0,0
56643,-1,1,-0.054392993,0.48640507,0,1,unassigned,39.0,35.0,4.0,0.8974359,0.102564104,0.1025641,0.07156673,0.0073401774,1,0,0,0,0
56644,-1,0,-0.01716584,0.49570867,0,1,unassigned,2.0,2.0,0.0,1.0,0.0,0.0,0.0,0.0,0,0,0,0,0
56645,1,0,1.7490947,0.8518386,1,0,test,20.0,20.0,0.0,1.0,0.0,0.0,0.034816246,0.0,0,0,1,1,0
56646,-1,0,0.328317,0.5813498,1,1,unassigned,12.0,9.0,3.0,0.75,0.25,0.25,0.01934236,0.00483559,0,0,0,1,0
56647,-1,0,1.314131,0.7882036,1,1,unassigned,21.0,21.0,0.0,1.0,0.0,0.0,0.036750484,0.0,0,0,0,1,0
56648,-1,0,-0.90172446,0.28869626,0,1,unassigned,2.0,2.0,0.0,1.0,0.0,0.0,0.0,0.0,0,0,0,0,0
56649,-1,0,1.990634,0.87981015,1,1,unassigned,9.0,8.0,1.0,0.8888889,0.11111111,0.111111104,0.013539651,0.0015044058,0,0,0,1,0
56650,-1,1,8.17235,0.99971765,1,1,unassigned,40.0,28.0,12.0,0.7,0.3,0.3,0.07350097,0.022050291,1,0,0,1,1
56651,-1,0,3.196404,0.9606987,1,1,unassigned,2.0,2.0,0.0,1.0,0.0,0.0,0.0,0.0,0,0,0,1,1
56652,-1,0,5.308415,0.99507457,1,1,unassigned,2.0,1.0,1.0,0.5,0.5,0.5,0.0,0.0,0,0,0,1,1
56653,-1,0,-0.0008907318,0.4997773,0,1,unassigned,2.0,2.0,0.0,1.0,0.0,0.0,0.0,0.0,0,0,0,0,0
56654,-1,0,1.5100899,0.8190745,1,1,unassigned,2.0,2.0,0.0,1.0,0.0,0.0,0.0,0.0,0,0,0,1,0
56655,0,0,-0.90750647,0.28751037,0,0,test,16.0,16.0,0.0,1.0,0.0,0.0,0.027079303,0.0,0,0,1,0,0
56656,-1,0,2.932624,0.9494358,1,1,unassigned,17.0,17.0,0.0,1.0,0.0,0.0,0.029013539,0.0,0,0,0,1,1
56657,-1,0,3.2673976,0.96329325,1,1,unassigned,8.0,6.0,2.0,0.75,0.25,0.25,0.0116054155,0.0029013539,0,0,0,1,1
56658,-1,0,0.7486864,0.67889243,1,1,unassigned,3.0,3.0,0.0,1.0,0.0,0.0,0.001934236,0.0,0,0,0,1,0
56659,1,1,-0.9507574,0.2787325,0,1,val,31.0,26.0,5.0,0.83870965,0.16129032,0.16129035,0.056092843,0.009047233,1,0,0,0,0
56660,-1,0,-0.80889356,0.3081263,0,1,unassigned,4.0,4.0,0.0,1.0,0.0,0.0,0.003868472,0.0,0,0,0,0,0
56661,-1,1,3.3040588,0.96456784,1,1,unassigned,30.0,26.0,4.0,0.8666667,0.13333334,0.13333333,0.054158606,0.007221148,1,0,0,1,1
56662,1,0,1.8407242,0.8630343,1,0,test,8.0,1.0,7.0,0.125,0.875,0.875,0.0116054155,0.010154739,0,0,1,1,0
56663,-1,1,2.1409185,0.8948171,1,1,unassigned,24.0,23.0,1.0,0.9583333,0.041666668,0.041666687,0.04255319,0.0017730496,1,0,0,1,0
56664,-1,1,5.160108,0.99429166,1,1,unassigned,16.0,14.0,2.0,0.875,0.125,0.125,0.027079303,0.0033849129,1,0,0,1,1
56665,-1,1,-0.6088754,0.35231578,0,1,unassigned,30.0,30.0,0.0,1.0,0.0,0.0,0.054158606,0.0,1,0,0,0,0
56666,-1,0,3.4060123,0.96789193,1,1,unassigned,21.0,20.0,1.0,0.95238096,0.04761905,0.047619045,0.036750484,0.0017500231,0,0,0,1,1
56667,-1,0,5.541115,0.9960932,1,1,unassigned,21.0,20.0,1.0,0.95238096,0.04761905,0.047619045,0.036750484,0.0017500231,0,0,0,1,1
56668,-1,0,5.8053102,0.9969976,1,1,unassigned,23.0,22.0,1.0,0.95652175,0.04347826,0.04347825,0.040618956,0.0017660416,0,0,0,1,1
56669,-1,0,-0.04633367,0.48841867,0,1,unassigned,2.0,2.0,0.0,1.0,0.0,0.0,0.0,0.0,0,0,0,0,0
56670,-1,1,-0.38250095,0.40552387,0,1,unassigned,22.0,22.0,0.0,1.0,0.0,0.0,0.03868472,0.0,1,0,0,0,0
56671,1,0,0.07944721,0.5198514,1,0,unassigned,4.0,4.0,0.0,1.0,0.0,0.0,0.003868472,0.0,0,0,1,1,0
56672,-1,1,-0.23472625,0.44158638,0,1,unassigned,3.0,3.0,0.0,1.0,0.0,0.0,0.001934236,0.0,1,0,0,0,0
56673,-1,0,5.8307095,0.9970726,1,1,unassigned,4.0,3.0,1.0,0.75,0.25,0.25,0.003868472,0.000967118,0,0,0,1,1
56674,-1,1,-0.4304247,0.39402494,0,1,unassigned,2.0,2.0,0.0,1.0,0.0,0.0,0.0,0.0,1,0,0,0,0
56675,-1,1,-0.83305156,0.3030002,0,1,unassigned,57.0,57.0,0.0,1.0,0.0,0.0,0.10638298,0.0,1,0,0,0,0
56676,-1,1,4.6177278,0.9902214,1,1,unassigned,9.0,6.0,3.0,0.6666667,0.33333334,0.3333333,0.013539651,0.004513217,1,0,0,1,1
56677,-1,1,-0.42884976,0.394401,0,1,unassigned,19.0,18.0,1.0,0.94736844,0.05263158,0.052631557,0.032882012,0.0017306323,1,0,0,0,0
56678,-1,1,3.8247473,0.9786421,1,1,unassigned,15.0,14.0,1.0,0.93333334,0.06666667,0.06666666,0.025145067,0.0016763379,1,0,0,1,1
56679,-1,1,0.10043949,0.5250888,1,1,unassigned,4.0,4.0,0.0,1.0,0.0,0.0,0.003868472,0.0,1,0,0,1,0
56680,-1,1,1.3266699,0.7902892,1,1,unassigned,29.0,28.0,1.0,0.9655172,0.03448276,0.034482777,0.05222437,0.0018008404,1,0,0,1,0
56681,-1,0,1.8035071,0.85857534,1,1,unassigned,5.0,5.0,0.0,1.0,0.0,0.0,0.0058027077,0.0,0,0,0,1,0
56682,-1,0,3.002237,0.9526751,1,1,unassigned,3.0,3.0,0.0,1.0,0.0,0.0,0.001934236,0.0,0,0,0,1,1
56683,0,1,-0.8097784,0.30793774,0,0,unassigned,114.0,110.0,4.0,0.9649123,0.03508772,0.035087705,0.21663442,0.007601208,1,0,1,0,0
56684,-1,1,0.22643054,0.556367,1,1,unassigned,18.0,17.0,1.0,0.9444444,0.055555556,0.055555582,0.030947777,0.0017193209,1,0,0,1,0
56685,-1,1,1.0643065,0.7435127,1,1,unassigned,51.0,41.0,10.0,0.8039216,0.19607843,0.19607842,0.09477756,0.018583836,1,0,0,1,0
56686,-1,1,1.224072,0.77277935,1,1,unassigned,25.0,24.0,1.0,0.96,0.04,0.04000002,0.044487428,0.001779497,1,0,0,1,0
56687,-1,1,5.2592616,0.9948277,1,1,unassigned,11.0,10.0,1.0,0.90909094,0.09090909,0.090909064,0.017408123,0.0015825568,1,0,0,1,1
56688,-1,1,0.52860934,0.6291587,1,1,unassigned,17.0,17.0,0.0,1.0,0.0,0.0,0.029013539,0.0,1,0,0,1,0
56689,-1,1,0.72749263,0.67425483,1,1,unassigned,44.0,43.0,1.0,0.97727275,0.022727273,0.022727251,0.08123791,0.0018463163,1,0,0,1,0
56690,-1,1,0.22376639,0.55570936,1,1,unassigned,7.0,7.0,0.0,1.0,0.0,0.0,0.00967118,0.0,1,0,0,1,0
56691,-1,1,1.7357826,0.85015064,1,1,unassigned,6.0,6.0,0.0,1.0,0.0,0.0,0.007736944,0.0,1,0,0,1,0
56692,-1,0,0.06858796,0.51714027,1,1,unassigned,14.0,13.0,1.0,0.9285714,0.071428575,0.0714286,0.023210831,0.0016579166,0,0,0,1,0
56693,-1,1,-0.2139728,0.44670996,0,1,unassigned,8.0,8.0,0.0,1.0,0.0,0.0,0.0116054155,0.0,1,0,0,0,0
56694,-1,0,6.6836796,0.9987503,1,1,unassigned,3.0,3.0,0.0,1.0,0.0,0.0,0.001934236,0.0,0,0,0,1,1
56695,-1,0,-0.012527764,0.49686807,0,1,unassigned,9.0,9.0,0.0,1.0,0.0,0.0,0.013539651,0.0,0,0,0,0,0
56696,-1,0,2.7537954,0.9401274,1,1,unassigned,8.0,8.0,0.0,1.0,0.0,0.0,0.0116054155,0.0,0,0,0,1,1
56697,-1,0,0.065268815,0.51631147,1,1,unassigned,8.0,8.0,0.0,1.0,0.0,0.0,0.0116054155,0.0,0,0,0,1,0
56698,-1,0,-0.055924356,0.4860226,0,1,unassigned,15.0,15.0,0.0,1.0,0.0,0.0,0.025145067,0.0,0,0,0,0,0
56699,1,0,0.86998254,0.7047421,1,0,unassigned,22.0,21.0,1.0,0.95454544,0.045454547,0.04545456,0.03868472,0.0017583964,0,0,1,1,0
56700,-1,0,2.5808904,0.9296215,1,1,unassigned,2.0,2.0,0.0,1.0,0.0,0.0,0.0,0.0,0,0,0,1,1
56701,1,0,6.655022,0.9987141,1,0,unassigned,5.0,3.0,2.0,0.6,0.4,0.39999998,0.0058027077,0.002321083,0,0,1,1,1
56702,-1,0,4.5931497,0.9899804,1,1,unassigned,3.0,2.0,1.0,0.6666667,0.33333334,0.3333333,0.001934236,0.00064474536,0,0,0,1,1
56703,1,1,2.4405339,0.91986644,1,0,unassigned,5.0,5.0,0.0,1.0,0.0,0.0,0.0058027077,0.0,1,0,1,1,1
56704,-1,0,0.7289415,0.67457294,1,1,unassigned,2.0,2.0,0.0,1.0,0.0,0.0,0.0,0.0,0,0,0,1,0
56705,-1,0,-0.07216334,0.48196697,0,1,unassigned,25.0,25.0,0.0,1.0,0.0,0.0,0.044487428,0.0,0,0,0,0,0
56706,-1,0,4.9749637,0.9931386,1,1,unassigned,11.0,11.0,0.0,1.0,0.0,0.0,0.017408123,0.0,0,0,0,1,1
56707,-1,1,2.8755205,0.9466229,1,1,unassigned,21.0,20.0,1.0,0.95238096,0.04761905,0.047619045,0.036750484,0.0017500231,1,0,0,1,1
56708,-1,1,-0.14485276,0.46384996,0,1,unassigned,13.0,13.0,0.0,1.0,0.0,0.0,0.021276595,0.0,1,0,0,0,0
56709,-1,0,2.014075,0.88226694,1,1,unassigned,8.0,8.0,0.0,1.0,0.0,0.0,0.0116054155,0.0,0,0,0,1,0
56710,-1,1,-0.006191075,0.49845222,0,1,unassigned,29.0,29.0,0.0,1.0,0.0,0.0,0.05222437,0.0,1,0,0,0,0
56711,-1,1,-0.23564517,0.44135982,0,1,unassigned,42.0,42.0,0.0,1.0,0.0,0.0,0.07736944,0.0,1,0,0,0,0
56712,-1,1,0.12851572,0.53208476,1,1,unassigned,17.0,17.0,0.0,1.0,0.0,0.0,0.029013539,0.0,1,0,0,1,0
56713,-1,1,0.8689144,0.70451975,1,1,unassigned,13.0,9.0,4.0,0.6923077,0.30769232,0.3076923,0.021276595,0.006546645,1,0,0,1,0
56714,-1,0,3.0781093,0.95598066,1,1,unassigned,23.0,23.0,0.0,1.0,0.0,0.0,0.040618956,0.0,0,0,0,1,1
56715,0,1,-0.11695391,0.47079477,0,0,val,47.0,44.0,3.0,0.9361702,0.06382979,0.06382978,0.08704062,0.0055557843,1,0,1,0,0
56716,-1,1,2.836016,0.9445913,1,1,unassigned,3.0,3.0,0.0,1.0,0.0,0.0,0.001934236,0.0,1,0,0,1,1
56717,-1,1,1.8133194,0.85976255,1,1,unassigned,2.0,1.0,1.0,0.5,0.5,0.5,0.0,0.0,1,0,0,1,0
56718,-1,0,-0.0057641864,0.498559,0,1,unassigned,9.0,9.0,0.0,1.0,0.0,0.0,0.013539651,0.0,0,0,0,0,0
56719,-1,1,0.64119273,0.65502304,1,1,unassigned,2.0,2.0,0.0,1.0,0.0,0.0,0.0,0.0,1,0,0,1,0
56720,0,1,-0.8512423,0.2991723,0,0,val,6.0,2.0,4.0,0.33333334,0.6666667,0.6666666,0.007736944,0.005157963,1,0,1,0,0
56721,-1,1,-0.34310186,0.4150562,0,1,unassigned,4.0,4.0,0.0,1.0,0.0,0.0,0.003868472,0.0,1,0,0,0,0
56722,-1,1,0.54456,0.6328726,1,1,unassigned,2.0,1.0,1.0,0.5,0.5,0.5,0.0,0.0,1,0,0,1,0
56723,-1,1,0.66592556,0.66059023,1,1,unassigned,30.0,30.0,0.0,1.0,0.0,0.0,0.054158606,0.0,1,0,0,1,0
56724,-1,0,13.196892,0.9999981,1,1,unassigned,2.0,2.0,0.0,1.0,0.0,0.0,0.0,0.0,0,0,0,1,1
56725,1,0,6.58331,0.9986186,1,0,test,13.0,11.0,2.0,0.84615386,0.15384616,0.15384614,0.021276595,0.0032733225,0,0,1,1,1
56726,-1,0,0.2544523,0.56327206,1,1,unassigned,2.0,2.0,0.0,1.0,0.0,0.0,0.0,0.0,0,0,0,1,0
56727,-1,1,0.76608366,0.6826731,1,1,unassigned,79.0,75.0,4.0,0.9493671,0.050632913,0.050632894,0.14893617,0.007541072,1,0,0,1,0
56728,-1,1,-0.27832633,0.43086416,0,1,unassigned,18.0,17.0,1.0,0.9444444,0.055555556,0.055555582,0.030947777,0.0017193209,1,0,0,0,0
56729,-1,1,0.18556643,0.5462589,1,1,unassigned,86.0,82.0,4.0,0.95348835,0.046511628,0.04651165,0.16247582,0.007557015,1,0,0,1,0
56730,-1,1,-0.6549288,0.3418797,0,1,unassigned,11.0,11.0,0.0,1.0,0.0,0.0,0.017408123,0.0,1,0,0,0,0
56731,-1,1,-0.86917853,0.29542527,0,1,unassigned,29.0,29.0,0.0,1.0,0.0,0.0,0.05222437,0.0,1,0,0,0,0
56732,-1,1,1.9899967,0.8797428,1,1,unassigned,3.0,3.0,0.0,1.0,0.0,0.0,0.001934236,0.0,1,0,0,1,0
56733,-1,1,6.75438,0.9988356,1,1,unassigned,3.0,3.0,0.0,1.0,0.0,0.0,0.001934236,0.0,1,0,0,1,1
56734,-1,0,3.793701,0.97798353,1,1,unassigned,9.0,9.0,0.0,1.0,0.0,0.0,0.013539651,0.0,0,0,0,1,1
56735,-1,0,5.2404704,0.9947301,1,1,unassigned,5.0,5.0,0.0,1.0,0.0,0.0,0.0058027077,0.0,0,0,0,1,1
56736,0,1,-0.6634532,0.33996436,0,0,unassigned,13.0,12.0,1.0,0.9230769,0.07692308,0.07692307,0.021276595,0.0016366612,1,0,1,0,0
56737,-1,0,1.0505304,0.74087673,1,1,unassigned,3.0,3.0,0.0,1.0,0.0,0.0,0.001934236,0.0,0,0,0,1,0
56738,-1,0,0.99080807,0.72924745,1,1,unassigned,2.0,1.0,1.0,0.5,0.5,0.5,0.0,0.0,0,0,0,1,0
56739,-1,0,-0.93916696,0.28106862,0,1,unassigned,2.0,2.0,0.0,1.0,0.0,0.0,0.0,0.0,0,0,0,0,0
56740,1,0,7.2156043,0.9992655,1,0,unassigned,4.0,3.0,1.0,0.75,0.25,0.25,0.003868472,0.000967118,0,0,1,1,1
56741,-1,0,2.8822825,0.9469636,1,1,unassigned,4.0,4.0,0.0,1.0,0.0,0.0,0.003868472,0.0,0,0,0,1,1
56742,-1,1,-0.5684576,0.3615928,0,1,unassigned,15.0,14.0,1.0,0.93333334,0.06666667,0.06666666,0.025145067,0.0016763379,1,0,0,0,0
56743,-1,0,3.1812034,0.9601208,1,1,unassigned,9.0,4.0,5.0,0.44444445,0.5555556,0.5555556,0.013539651,0.007522029,0,0,0,1,1
56744,1,1,3.0739782,0.9558065,1,0,train,18.0,18.0,0.0,1.0,0.0,0.0,0.030947777,0.0,1,0,1,1,1
56745,-1,1,-0.87533355,0.2941457,0,1,unassigned,118.0,113.0,5.0,0.9576271,0.042372882,0.042372882,0.22437137,0.009507262,1,0,0,0,0
56746,-1,1,-0.0257774,0.493556,0,1,unassigned,22.0,22.0,0.0,1.0,0.0,0.0,0.03868472,0.0,1,0,0,0,0
56747,-1,1,2.2048645,0.9006855,1,1,unassigned,13.0,13.0,0.0,1.0,0.0,0.0,0.021276595,0.0,1,0,0,1,1
56748,-1,1,-0.0075258017,0.49811858,0,1,unassigned,15.0,14.0,1.0,0.93333334,0.06666667,0.06666666,0.025145067,0.0016763379,1,0,0,0,0
56749,-1,1,-0.8082149,0.30827102,0,1,unassigned,37.0,31.0,6.0,0.8378378,0.16216215,0.16216218,0.06769826,0.010978096,1,0,0,0,0
56750,-1,1,-0.91133714,0.2867263,0,1,unassigned,44.0,44.0,0.0,1.0,0.0,0.0,0.08123791,0.0,1,0,0,0,0
56751,-1,1,-0.90828186,0.28735155,0,1,unassigned,2.0,2.0,0.0,1.0,0.0,0.0,0.0,0.0,1,0,0,0,0
56752,-1,0,4.3657355,0.98745406,1,1,unassigned,3.0,3.0,0.0,1.0,0.0,0.0,0.001934236,0.0,0,0,0,1,1
56753,-1,1,-0.29496095,0.4267898,0,1,unassigned,6.0,6.0,0.0,1.0,0.0,0.0,0.007736944,0.0,1,0,0,0,0
56754,-1,1,-1.0318799,0.2627198,0,1,unassigned,6.0,6.0,0.0,1.0,0.0,0.0,0.007736944,0.0,1,0,0,0,0
56755,-1,1,0.13739681,0.53429526,1,1,unassigned,10.0,10.0,0.0,1.0,0.0,0.0,0.015473888,0.0,1,0,0,1,0
56756,-1,0,3.2397044,0.9623014,1,1,unassigned,2.0,2.0,0.0,1.0,0.0,0.0,0.0,0.0,0,0,0,1,1
56757,-1,1,-0.96047676,0.27678275,0,1,unassigned,16.0,14.0,2.0,0.875,0.125,0.125,0.027079303,0.0033849129,1,0,0,0,0
56758,0,1,-0.67501086,0.33737576,0,0,train,18.0,17.0,1.0,0.9444444,0.055555556,0.055555582,0.030947777,0.0017193209,1,0,1,0,0
56759,-1,1,-0.54381925,0.3672996,0,1,unassigned,126.0,123.0,3.0,0.97619045,0.023809524,0.023809552,0.23984526,0.0057106013,1,0,0,0,0
56760,-1,0,4.099035,0.983682,1,1,unassigned,15.0,15.0,0.0,1.0,0.0,0.0,0.025145067,0.0,0,0,0,1,1
56761,-1,1,0.44198686,0.60873234,1,1,unassigned,45.0,45.0,0.0,1.0,0.0,0.0,0.08317215,0.0,1,0,0,1,0
56762,-1,1,-0.781268,0.31404668,0,1,unassigned,55.0,55.0,0.0,1.0,0.0,0.0,0.102514505,0.0,1,0,0,0,0
56763,-1,1,-0.702816,0.33118817,0,1,unassigned,72.0,70.0,2.0,0.9722222,0.027777778,0.027777791,0.13539653,0.0037610147,1,0,0,0,0
56764,-1,1,1.8801849,0.8676323,1,1,unassigned,2.0,1.0,1.0,0.5,0.5,0.5,0.0,0.0,1,0,0,1,0
56765,-1,0,2.2021358,0.90044117,1,1,unassigned,3.0,2.0,1.0,0.6666667,0.33333334,0.3333333,0.001934236,0.00064474536,0,0,0,1,1
56766,-1,1,0.27171433,0.5675137,1,1,unassigned,8.0,8.0,0.0,1.0,0.0,0.0,0.0116054155,0.0,1,0,0,1,0
56767,-1,0,2.42462,0.91868556,1,1,unassigned,25.0,25.0,0.0,1.0,0.0,0.0,0.044487428,0.0,0,0,0,1,1
56768,-1,0,0.32364696,0.5802128,1,1,unassigned,5.0,5.0,0.0,1.0,0.0,0.0,0.0058027077,0.0,0,0,0,1,0
56769,0,1,-0.83417976,0.30276203,0,0,train,59.0,59.0,0.0,1.0,0.0,0.0,0.11025145,0.0,1,0,1,0,0
56770,-1,1,-0.75760055,0.31916744,0,1,unassigned,82.0,82.0,0.0,1.0,0.0,0.0,0.15473887,0.0,1,0,0,0,0
56771,-1,0,0.017060876,0.5042651,1,1,unassigned,3.0,3.0,0.0,1.0,0.0,0.0,0.001934236,0.0,0,0,0,1,0
56772,-1,1,1.4295142,0.80682564,1,1,unassigned,9.0,9.0,0.0,1.0,0.0,0.0,0.013539651,0.0,1,0,0,1,0
56773,-1,1,4.60909,0.99013734,1,1,unassigned,3.0,3.0,0.0,1.0,0.0,0.0,0.001934236,0.0,1,0,0,1,1
56774,-1,0,2.3304303,0.9113661,1,1,unassigned,2.0,2.0,0.0,1.0,0.0,0.0,0.0,0.0,0,0,0,1,1
56775,-1,1,-0.87765193,0.29366457,0,1,unassigned,72.0,72.0,0.0,1.0,0.0,0.0,0.13539653,0.0,1,0,0,0,0
56776,-1,1,-0.25627053,0.4362807,0,1,unassigned,37.0,35.0,2.0,0.9459459,0.054054055,0.05405408,0.06769826,0.0036593657,1,0,0,0,0
56777,-1,0,-0.013442516,0.49663946,0,1,unassigned,6.0,1.0,5.0,0.16666667,0.8333333,0.8333333,0.007736944,0.0064474535,0,0,0,0,0
56778,-1,0,1.3475921,0.7937357,1,1,unassigned,13.0,13.0,0.0,1.0,0.0,0.0,0.021276595,0.0,0,0,0,1,0
56779,-1,1,1.344248,0.7931876,1,1,unassigned,37.0,36.0,1.0,0.972973,0.027027028,0.02702701,0.06769826,0.0018296828,1,0,0,1,0
56780,-1,0,3.6927693,0.97570217,1,1,unassigned,4.0,3.0,1.0,0.75,0.25,0.25,0.003868472,0.000967118,0,0,0,1,1
56781,-1,0,-0.82244927,0.305244,0,1,unassigned,31.0,31.0,0.0,1.0,0.0,0.0,0.056092843,0.0,0,0,0,0,0
56782,-1,1,2.2131371,0.9014231,1,1,unassigned,5.0,5.0,0.0,1.0,0.0,0.0,0.0058027077,0.0,1,0,0,1,1
56783,-1,0,9.415724,0.9999186,1,1,unassigned,14.0,13.0,1.0,0.9285714,0.071428575,0.0714286,0.023210831,0.0016579166,0,0,0,1,1
56784,-1,1,0.7729004,0.684148,1,1,unassigned,27.0,27.0,0.0,1.0,0.0,0.0,0.0483559,0.0,1,0,0,1,0
56785,-1,0,-0.4197641,0.3965732,0,1,unassigned,5.0,5.0,0.0,1.0,0.0,0.0,0.0058027077,0.0,0,0,0,0,0
56786,-1,1,0.23228759,0.55781215,1,1,unassigned,51.0,42.0,9.0,0.8235294,0.1764706,0.17647058,0.09477756,0.016725453,1,0,0,1,0
56787,-1,1,-0.6485631,0.34331343,0,1,unassigned,17.0,17.0,0.0,1.0,0.0,0.0,0.029013539,0.0,1,0,0,0,0
56788,-1,1,-0.91457504,0.28606457,0,1,unassigned,70.0,69.0,1.0,0.98571426,0.014285714,0.014285743,0.13152805,0.0018789722,1,0,0,0,0
56789,-1,0,2.8830101,0.94700015,1,1,unassigned,2.0,2.0,0.0,1.0,0.0,0.0,0.0,0.0,0,0,0,1,1
56790,-1,0,5.3967013,0.99548894,1,1,unassigned,2.0,2.0,0.0,1.0,0.0,0.0,0.0,0.0,0,0,0,1,1
56791,-1,1,-0.6034403,0.353557,0,1,unassigned,3.0,3.0,0.0,1.0,0.0,0.0,0.001934236,0.0,1,0,0,0,0
56792,-1,1,3.819317,0.97852844,1,1,unassigned,7.0,7.0,0.0,1.0,0.0,0.0,0.00967118,0.0,1,0,0,1,1
56793,-1,1,2.4087644,0.91749316,1,1,unassigned,51.0,49.0,2.0,0.9607843,0.039215688,0.039215684,0.09477756,0.0037167673,1,0,0,1,1
56794,1,1,3.4993613,0.97066957,1,0,unassigned,19.0,18.0,1.0,0.94736844,0.05263158,0.052631557,0.032882012,0.0017306323,1,0,1,1,1
56795,1,1,-0.79513955,0.31106618,0,1,unassigned,29.0,29.0,0.0,1.0,0.0,0.0,0.05222437,0.0,1,0,0,0,0
56796,-1,0,-1.3167918,0.21135254,0,1,unassigned,3.0,3.0,0.0,1.0,0.0,0.0,0.001934236,0.0,0,0,0,0,0
56797,-1,1,3.5330994,0.97161496,1,1,unassigned,21.0,21.0,0.0,1.0,0.0,0.0,0.036750484,0.0,1,0,0,1,1
56798,-1,0,7.567369,0.9994832,1,1,unassigned,2.0,2.0,0.0,1.0,0.0,0.0,0.0,0.0,0,0,0,1,1
56799,-1,0,1.3696976,0.79733133,1,1,unassigned,2.0,1.0,1.0,0.5,0.5,0.5,0.0,0.0,0,0,0,1,0
56800,-1,0,0.91329426,0.7136738,1,1,unassigned,7.0,7.0,0.0,1.0,0.0,0.0,0.00967118,0.0,0,0,0,1,0
56801,-1,1,-0.07749793,0.4806352,0,1,unassigned,3.0,3.0,0.0,1.0,0.0,0.0,0.001934236,0.0,1,0,0,0,0
56802,-1,1,5.189888,0.9944582,1,1,unassigned,58.0,56.0,2.0,0.9655172,0.03448276,0.034482777,0.10831721,0.0037350762,1,0,0,1,1
56803,-1,0,1.1441247,0.75843614,1,1,unassigned,3.0,3.0,0.0,1.0,0.0,0.0,0.001934236,0.0,0,0,0,1,0
56804,-1,0,5.1903343,0.9944607,1,1,unassigned,6.0,6.0,0.0,1.0,0.0,0.0,0.007736944,0.0,0,0,0,1,1
56805,-1,1,-0.31373087,0.42220438,0,1,unassigned,2.0,2.0,0.0,1.0,0.0,0.0,0.0,0.0,1,0,0,0,0
56806,-1,0,2.4702916,0.9220328,1,1,unassigned,4.0,3.0,1.0,0.75,0.25,0.25,0.003868472,0.000967118,0,0,0,1,1
56807,-1,0,3.124429,0.95788926,1,1,unassigned,11.0,10.0,1.0,0.90909094,0.09090909,0.090909064,0.017408123,0.0015825568,0,0,0,1,1
56808,-1,0,1.0775161,0.74602365,1,1,unassigned,21.0,19.0,2.0,0.9047619,0.0952381,0.09523809,0.036750484,0.0035000462,0,0,0,1,0
56809,-1,1,-0.34186733,0.41535598,0,1,unassigned,6.0,6.0,0.0,1.0,0.0,0.0,0.007736944,0.0,1,0,0,0,0
56810,-1,1,-0.8771088,0.29377726,0,1,unassigned,22.0,22.0,0.0,1.0,0.0,0.0,0.03868472,0.0,1,0,0,0,0
56811,-1,0,0.23291439,0.55796677,1,1,unassigned,3.0,3.0,0.0,1.0,0.0,0.0,0.001934236,0.0,0,0,0,1,0
56812,-1,0,4.555711,0.98960227,1,1,unassigned,8.0,5.0,3.0,0.625,0.375,0.375,0.0116054155,0.004352031,0,0,0,1,1
56813,-1,0,7.2272096,0.99927396,1,1,unassigned,4.0,4.0,0.0,1.0,0.0,0.0,0.003868472,0.0,0,0,0,1,1
56814,-1,0,7.0409255,0.9991254,1,1,unassigned,4.0,4.0,0.0,1.0,0.0,0.0,0.003868472,0.0,0,0,0,1,1
56815,-1,1,-0.10412675,0.47399178,0,1,unassigned,9.0,9.0,0.0,1.0,0.0,0.0,0.013539651,0.0,1,0,0,0,0
56816,-1,1,-0.3851474,0.404886,0,1,unassigned,3.0,3.0,0.0,1.0,0.0,0.0,0.001934236,0.0,1,0,0,0,0
56817,-1,0,-0.6020303,0.35387933,0,1,unassigned,2.0,2.0,0.0,1.0,0.0,0.0,0.0,0.0,0,0,0,0,0
56818,-1,1,6.8158736,0.99890494,1,1,unassigned,8.0,6.0,2.0,0.75,0.25,0.25,0.0116054155,0.0029013539,1,0,0,1,1
56819,-1,1,3.64868,0.9746347,1,1,unassigned,10.0,9.0,1.0,0.9,0.1,0.100000024,0.015473888,0.0015473888,1,0,0,1,1
56820,0,1,0.027320564,0.50682974,1,1,test,41.0,39.0,2.0,0.9512195,0.048780486,0.0487805,0.07543521,0.003679766,1,0,0,1,0
56821,0,1,-0.6294774,0.34762904,0,0,val,33.0,33.0,0.0,1.0,0.0,0.0,0.059961315,0.0,1,0,1,0,0
56822,-1,1,0.377953,0.5933793,1,1,unassigned,14.0,14.0,0.0,1.0,0.0,0.0,0.023210831,0.0,1,0,0,1,0
56823,-1,1,-0.49579304,0.3785298,0,1,unassigned,21.0,21.0,0.0,1.0,0.0,0.0,0.036750484,0.0,1,0,0,0,0
56824,-1,0,5.0348725,0.99353504,1,1,unassigned,7.0,7.0,0.0,1.0,0.0,0.0,0.00967118,0.0,0,0,0,1,1
56825,0,1,0.5287828,0.62919915,1,1,test,12.0,12.0,0.0,1.0,0.0,0.0,0.01934236,0.0,1,0,0,1,0
56826,-1,1,2.2051666,0.90071255,1,1,unassigned,17.0,16.0,1.0,0.9411765,0.05882353,0.058823526,0.029013539,0.0017066788,1,0,0,1,1
56827,-1,1,-0.62406,0.34885865,0,1,unassigned,28.0,28.0,0.0,1.0,0.0,0.0,0.050290134,0.0,1,0,0,0,0
56828,-1,1,-0.88439906,0.29226702,0,1,unassigned,49.0,49.0,0.0,1.0,0.0,0.0,0.09090909,0.0,1,0,0,0,0
56829,-1,1,4.879229,0.9924544,1,1,unassigned,14.0,13.0,1.0,0.9285714,0.071428575,0.0714286,0.023210831,0.0016579166,1,0,0,1,1
56830,-1,0,1.2801809,0.7824806,1,1,unassigned,2.0,2.0,0.0,1.0,0.0,0.0,0.0,0.0,0,0,0,1,0
56831,-1,0,0.85029465,0.70062894,1,1,unassigned,4.0,4.0,0.0,1.0,0.0,0.0,0.003868472,0.0,0,0,0,1,0
56832,1,0,-0.6811472,0.3360053,0,1,test,16.0,16.0,0.0,1.0,0.0,0.0,0.027079303,0.0,0,0,0,0,0
56833,-1,0,-0.61614656,0.35065836,0,1,unassigned,16.0,16.0,0.0,1.0,0.0,0.0,0.027079303,0.0,0,0,0,0,0
56834,-1,0,0.47302407,0.61609924,1,1,unassigned,4.0,4.0,0.0,1.0,0.0,0.0,0.003868472,0.0,0,0,0,1,0
56835,-1,0,-0.30075747,0.4253723,0,1,unassigned,23.0,22.0,1.0,0.95652175,0.04347826,0.04347825,0.040618956,0.0017660416,0,0,0,0,0
56836,-1,0,3.1536758,0.9590533,1,1,unassigned,2.0,2.0,0.0,1.0,0.0,0.0,0.0,0.0,0,0,0,1,1
56837,1,0,0.14227718,0.5355094,1,0,train,4.0,3.0,1.0,0.75,0.25,0.25,0.003868472,0.000967118,0,0,1,1,0
56838,-1,0,0.6351755,0.6536621,1,1,unassigned,3.0,3.0,0.0,1.0,0.0,0.0,0.001934236,0.0,0,0,0,1,0
56839,-1,0,0.6967035,0.6674565,1,1,unassigned,2.0,1.0,1.0,0.5,0.5,0.5,0.0,0.0,0,0,0,1,0
56840,-1,0,0.012653589,0.5031634,1,1,unassigned,2.0,1.0,1.0,0.5,0.5,0.5,0.0,0.0,0,0,0,1,0
56841,-1,1,-0.5690284,0.36146104,0,1,unassigned,19.0,18.0,1.0,0.94736844,0.05263158,0.052631557,0.032882012,0.0017306323,1,0,0,0,0
56842,-1,1,4.46718,0.9886507,1,1,unassigned,30.0,30.0,0.0,1.0,0.0,0.0,0.054158606,0.0,1,0,0,1,1
56843,-1,1,-0.8573549,0.29789227,0,1,unassigned,59.0,57.0,2.0,0.9661017,0.033898305,0.033898294,0.11025145,0.0037373372,1,0,0,0,0
56844,-1,1,-0.93247867,0.28242213,0,1,unassigned,28.0,25.0,3.0,0.89285713,0.10714286,0.107142866,0.050290134,0.0053882287,1,0,0,0,0
56845,-1,1,-0.8608953,0.29715234,0,1,unassigned,7.0,7.0,0.0,1.0,0.0,0.0,0.00967118,0.0,1,0,0,0,0
56846,-1,1,1.8895814,0.8687078,1,1,unassigned,32.0,31.0,1.0,0.96875,0.03125,0.03125,0.058027077,0.0018133462,1,0,0,1,0
56847,-1,0,0.5690406,0.63854176,1,1,unassigned,3.0,2.0,1.0,0.6666667,0.33333334,0.3333333,0.001934236,0.00064474536,0,0,0,1,0
56848,0,1,-0.31466,0.4219777,0,0,unassigned,42.0,39.0,3.0,0.9285714,0.071428575,0.0714286,0.07736944,0.0055263885,1,0,1,0,0
56849,-1,0,7.0748186,0.99915457,1,1,unassigned,2.0,2.0,0.0,1.0,0.0,0.0,0.0,0.0,0,0,0,1,1
56850,-1,0,-0.9358466,0.28174007,0,1,unassigned,4.0,3.0,1.0,0.75,0.25,0.25,0.003868472,0.000967118,0,0,0,0,0
56851,1,0,6.530769,0.9985442,1,0,unassigned,3.0,2.0,1.0,0.6666667,0.33333334,0.3333333,0.001934236,0.00064474536,0,0,1,1,1
56852,-1,0,-0.9504101,0.27880237,0,1,unassigned,3.0,2.0,1.0,0.6666667,0.33333334,0.3333333,0.001934236,0.00064474536,0,0,0,0,0
56853,-1,0,-0.88097054,0.2929767,0,1,unassigned,11.0,11.0,0.0,1.0,0.0,0.0,0.017408123,0.0,0,0,0,0,0
56854,-1,0,-0.71089387,0.32940134,0,1,unassigned,2.0,2.0,0.0,1.0,0.0,0.0,0.0,0.0,0,0,0,0,0
56855,-1,0,-0.4192043,0.39670718,0,1,unassigned,4.0,3.0,1.0,0.75,0.25,0.25,0.003868472,0.000967118,0,0,0,0,0
56856,-1,1,1.5302937,0.82204926,1,1,unassigned,5.0,5.0,0.0,1.0,0.0,0.0,0.0058027077,0.0,1,0,0,1,0
56857,-1,1,-0.7255099,0.32618082,0,1,unassigned,31.0,31.0,0.0,1.0,0.0,0.0,0.056092843,0.0,1,0,0,0,0
56858,-1,1,-0.7368232,0.3236992,0,1,unassigned,220.0,212.0,8.0,0.96363634,0.036363635,0.03636366,0.42166343,0.015333216,1,0,0,0,0
56859,-1,1,0.31764263,0.57874966,1,1,unassigned,30.0,30.0,0.0,1.0,0.0,0.0,0.054158606,0.0,1,0,0,1,0
56860,-1,1,-0.06950414,0.4826309,0,1,unassigned,2.0,2.0,0.0,1.0,0.0,0.0,0.0,0.0,1,0,0,0,0
56861,-1,0,2.1368272,0.89443135,1,1,unassigned,3.0,3.0,0.0,1.0,0.0,0.0,0.001934236,0.0,0,0,0,1,0
56862,-1,1,0.23144227,0.55760366,1,1,unassigned,7.0,4.0,3.0,0.5714286,0.42857143,0.4285714,0.00967118,0.0041447915,1,0,0,1,0
56863,-1,0,5.0107417,0.9933782,1,1,unassigned,4.0,3.0,1.0,0.75,0.25,0.25,0.003868472,0.000967118,0,0,0,1,1
56864,-1,0,1.8296876,0.8617245,1,1,unassigned,2.0,2.0,0.0,1.0,0.0,0.0,0.0,0.0,0,0,0,1,0
56865,-1,0,3.346224,0.965981,1,1,unassigned,4.0,4.0,0.0,1.0,0.0,0.0,0.003868472,0.0,0,0,0,1,1
56866,-1,1,4.065744,0.9831389,1,1,unassigned,5.0,5.0,0.0,1.0,0.0,0.0,0.0058027077,0.0,1,0,0,1,1
56867,-1,1,4.141727,0.98435336,1,1,unassigned,4.0,4.0,0.0,1.0,0.0,0.0,0.003868472,0.0,1,0,0,1,1
56868,1,1,9.732735,0.99994063,1,0,val,11.0,9.0,2.0,0.8181818,0.18181819,0.18181819,0.017408123,0.0031651135,1,0,1,1,1
56869,-1,1,0.1869008,0.5465897,1,1,unassigned,32.0,31.0,1.0,0.96875,0.03125,0.03125,0.058027077,0.0018133462,1,0,0,1,0
56870,-1,1,1.4944842,0.8167504,1,1,unassigned,5.0,5.0,0.0,1.0,0.0,0.0,0.0058027077,0.0,1,0,0,1,0
56871,-1,1,-0.38675347,0.40449905,0,1,unassigned,5.0,5.0,0.0,1.0,0.0,0.0,0.0058027077,0.0,1,0,0,0,0
56872,-1,1,8.837443,0.9998548,1,1,unassigned,6.0,6.0,0.0,1.0,0.0,0.0,0.007736944,0.0,1,0,0,1,1
56873,-1,1,-0.8009608,0.30982003,0,1,unassigned,73.0,72.0,1.0,0.98630136,0.01369863,0.0136986375,0.13733076,0.0018812432,1,0,0,0,0
56874,-1,1,-0.37280232,0.40786403,0,1,unassigned,28.0,26.0,2.0,0.9285714,0.071428575,0.0714286,0.050290134,0.0035921526,1,0,0,0,0
56875,-1,0,1.5126727,0.81945693,1,1,unassigned,31.0,31.0,0.0,1.0,0.0,0.0,0.056092843,0.0,0,0,0,1,0
56876,-1,0,0.8010929,0.6902082,1,1,unassigned,9.0,9.0,0.0,1.0,0.0,0.0,0.013539651,0.0,0,0,0,1,0
56877,1,0,3.5901883,0.9731478,1,0,test,23.0,21.0,2.0,0.9130435,0.08695652,0.0869565,0.040618956,0.0035320832,0,0,1,1,1
56878,-1,0,1.2018518,0.768854,1,1,unassigned,11.0,11.0,0.0,1.0,0.0,0.0,0.017408123,0.0,0,0,0,1,0
56879,-1,1,1.4411225,0.80862844,1,1,unassigned,4.0,4.0,0.0,1.0,0.0,0.0,0.003868472,0.0,1,0,0,1,0
56880,-1,0,0.5320484,0.6299608,1,1,unassigned,26.0,26.0,0.0,1.0,0.0,0.0,0.046421662,0.0,0,0,0,1,0
56881,-1,1,2.8096998,0.9431977,1,1,unassigned,8.0,8.0,0.0,1.0,0.0,0.0,0.0116054155,0.0,1,0,0,1,1
56882,-1,0,3.3286622,0.96539915,1,1,unassigned,10.0,10.0,0.0,1.0,0.0,0.0,0.015473888,0.0,0,0,0,1,1
56883,-1,0,0.82572514,0.69545025,1,1,unassigned,4.0,4.0,0.0,1.0,0.0,0.0,0.003868472,0.0,0,0,0,1,0
56884,-1,0,0.064421,0.5160997,1,1,unassigned,2.0,2.0,0.0,1.0,0.0,0.0,0.0,0.0,0,0,0,1,0
56885,-1,0,3.0268514,0.95377254,1,1,unassigned,10.0,9.0,1.0,0.9,0.1,0.100000024,0.015473888,0.0015473888,0,0,0,1,1
56886,-1,0,-0.29470986,0.4268512,0,1,unassigned,2.0,2.0,0.0,1.0,0.0,0.0,0.0,0.0,0,0,0,0,0
56887,-1,0,3.406324,0.96790165,1,1,unassigned,4.0,4.0,0.0,1.0,0.0,0.0,0.003868472,0.0,0,0,0,1,1
56888,1,0,0.22922158,0.5570558,1,0,val,8.0,8.0,0.0,1.0,0.0,0.0,0.0116054155,0.0,0,0,1,1,0
56889,-1,1,0.15358955,0.53832203,1,1,unassigned,2.0,2.0,0.0,1.0,0.0,0.0,0.0,0.0,1,0,0,1,0
56890,-1,0,-0.020145118,0.49496385,0,1,unassigned,3.0,3.0,0.0,1.0,0.0,0.0,0.001934236,0.0,0,0,0,0,0
56891,-1,1,7.4325356,0.9994087,1,1,unassigned,24.0,23.0,1.0,0.9583333,0.041666668,0.041666687,0.04255319,0.0017730496,1,0,0,1,1
56892,1,0,-0.06515247,0.48371762,0,1,unassigned,3.0,3.0,0.0,1.0,0.0,0.0,0.001934236,0.0,0,0,0,0,0
56893,-1,0,-0.05492705,0.48627165,0,1,unassigned,4.0,4.0,0.0,1.0,0.0,0.0,0.003868472,0.0,0,0,0,0,0
56894,-1,0,0.63730913,0.65414494,1,1,unassigned,2.0,2.0,0.0,1.0,0.0,0.0,0.0,0.0,0,0,0,1,0
56895,-1,1,6.9695754,0.9990608,1,1,unassigned,2.0,2.0,0.0,1.0,0.0,0.0,0.0,0.0,1,0,0,1,1
56896,-1,1,1.1303852,0.75591,1,1,unassigned,3.0,3.0,0.0,1.0,0.0,0.0,0.001934236,0.0,1,0,0,1,0
56897,-1,0,3.073834,0.9558004,1,1,unassigned,7.0,6.0,1.0,0.85714287,0.14285715,0.14285713,0.00967118,0.0013815971,0,0,0,1,1
56898,0,1,-0.052397072,0.48690373,0,0,test,10.0,10.0,0.0,1.0,0.0,0.0,0.015473888,0.0,1,0,1,0,0
56899,-1,0,-0.95917594,0.27704322,0,1,unassigned,19.0,19.0,0.0,1.0,0.0,0.0,0.032882012,0.0,0,0,0,0,0
56900,1,0,6.6847405,0.99875176,1,0,test,4.0,3.0,1.0,0.75,0.25,0.25,0.003868472,0.000967118,0,0,1,1,1
56901,0,1,0.06946093,0.51735824,1,1,unassigned,10.0,10.0,0.0,1.0,0.0,0.0,0.015473888,0.0,1,0,0,1,0
56902,1,1,0.6277575,0.6519808,1,0,unassigned,13.0,13.0,0.0,1.0,0.0,0.0,0.021276595,0.0,1,0,1,1,0
56903,-1,0,-0.6642368,0.33978853,0,1,unassigned,8.0,8.0,0.0,1.0,0.0,0.0,0.0116054155,0.0,0,0,0,0,0
56904,-1,0,1.808193,0.8591434,1,1,unassigned,8.0,8.0,0.0,1.0,0.0,0.0,0.0116054155,0.0,0,0,0,1,0
56905,-1,0,3.967765,0.9814355,1,1,unassigned,5.0,5.0,0.0,1.0,0.0,0.0,0.0058027077,0.0,0,0,0,1,1
56906,1,1,0.54791623,0.633652,1,0,val,17.0,16.0,1.0,0.9411765,0.05882353,0.058823526,0.029013539,0.0017066788,1,0,1,1,0
56907,-1,0,-0.3135258,0.42225435,0,1,unassigned,11.0,10.0,1.0,0.90909094,0.09090909,0.090909064,0.017408123,0.0015825568,0,0,0,0,0
56908,-1,0,3.698127,0.9758288,1,1,unassigned,3.0,3.0,0.0,1.0,0.0,0.0,0.001934236,0.0,0,0,0,1,1
56909,-1,1,-0.9026048,0.28851548,0,1,unassigned,71.0,66.0,5.0,0.92957747,0.07042254,0.07042253,0.13346228,0.009398753,1,0,0,0,0
56910,-1,1,4.850906,0.99223936,1,1,unassigned,17.0,8.0,9.0,0.47058824,0.5294118,0.5294118,0.029013539,0.0153601095,1,0,0,1,1
56911,-1,0,0.43074876,0.6060524,1,1,unassigned,18.0,18.0,0.0,1.0,0.0,0.0,0.030947777,0.0,0,0,0,1,0
56912,-1,0,0.52231795,0.6276896,1,1,unassigned,3.0,3.0,0.0,1.0,0.0,0.0,0.001934236,0.0,0,0,0,1,0
56913,-1,0,4.4443097,0.98839116,1,1,unassigned,2.0,2.0,0.0,1.0,0.0,0.0,0.0,0.0,0,0,0,1,1
56914,-1,1,0.69444984,0.66695607,1,1,unassigned,84.0,80.0,4.0,0.95238096,0.04761905,0.047619045,0.15860735,0.007552731,1,0,0,1,0
56915,-1,0,3.522989,0.9713349,1,1,unassigned,5.0,5.0,0.0,1.0,0.0,0.0,0.0058027077,0.0,0,0,0,1,1
56916,1,0,0.3679853,0.590972,1,0,val,13.0,13.0,0.0,1.0,0.0,0.0,0.021276595,0.0,0,0,1,1,0
56917,-1,0,4.421069,0.9881214,1,1,unassigned,6.0,6.0,0.0,1.0,0.0,0.0,0.007736944,0.0,0,0,0,1,1
56918,-1,1,-0.92245543,0.28445783,0,1,unassigned,3.0,3.0,0.0,1.0,0.0,0.0,0.001934236,0.0,1,0,0,0,0
56919,-1,1,2.9878614,0.9520227,1,1,unassigned,19.0,18.0,1.0,0.94736844,0.05263158,0.052631557,0.032882012,0.0017306323,1,0,0,1,1
56920,1,1,9.66297,0.99993646,1,0,unassigned,36.0,34.0,2.0,0.9444444,0.055555556,0.055555582,0.065764025,0.003653557,1,0,1,1,1
56921,-1,1,1.4108801,0.8039047,1,1,unassigned,2.0,2.0,0.0,1.0,0.0,0.0,0.0,0.0,1,0,0,1,0
56922,-1,0,2.252354,0.9048534,1,1,unassigned,3.0,3.0,0.0,1.0,0.0,0.0,0.001934236,0.0,0,0,0,1,1
56923,-1,0,5.4615827,0.9957711,1,1,unassigned,5.0,3.0,2.0,0.6,0.4,0.39999998,0.0058027077,0.002321083,0,0,0,1,1
56924,1,1,-0.04979664,0.48755342,0,1,unassigned,29.0,28.0,1.0,0.9655172,0.03448276,0.034482777,0.05222437,0.0018008404,1,0,0,0,0
56925,-1,1,0.7650853,0.6824568,1,1,unassigned,8.0,8.0,0.0,1.0,0.0,0.0,0.0116054155,0.0,1,0,0,1,0
56926,-1,1,-0.717898,0.327856,0,1,unassigned,29.0,26.0,3.0,0.8965517,0.10344828,0.10344827,0.05222437,0.005402521,1,0,0,0,0
56927,-1,0,3.546919,0.9719937,1,1,unassigned,2.0,2.0,0.0,1.0,0.0,0.0,0.0,0.0,0,0,0,1,1
56928,1,1,-0.09612024,0.47598845,0,1,test,4.0,1.0,3.0,0.25,0.75,0.75,0.003868472,0.002901354,1,0,0,0,0
56929,-1,1,3.829941,0.97875047,1,1,unassigned,5.0,5.0,0.0,1.0,0.0,0.0,0.0058027077,0.0,1,0,0,1,1
56930,-1,1,-0.8105544,0.30777237,0,1,unassigned,35.0,33.0,2.0,0.94285715,0.057142857,0.057142854,0.06382979,0.0036474164,1,0,0,0,0
56931,-1,0,0.656408,0.6584531,1,1,unassigned,2.0,2.0,0.0,1.0,0.0,0.0,0.0,0.0,0,0,0,1,0
56932,-1,1,5.99318,0.99751043,1,1,unassigned,7.0,7.0,0.0,1.0,0.0,0.0,0.00967118,0.0,1,0,0,1,1
56933,-1,0,0.17711502,0.54416335,1,1,unassigned,2.0,2.0,0.0,1.0,0.0,0.0,0.0,0.0,0,0,0,1,0
56934,-1,0,-0.47429594,0.38359994,0,1,unassigned,3.0,3.0,0.0,1.0,0.0,0.0,0.001934236,0.0,0,0,0,0,0
56935,-1,0,0.5855654,0.642347,1,1,unassigned,13.0,13.0,0.0,1.0,0.0,0.0,0.021276595,0.0,0,0,0,1,0
56936,-1,1,-0.34804237,0.41385722,0,1,unassigned,7.0,6.0,1.0,0.85714287,0.14285715,0.14285713,0.00967118,0.0013815971,1,0,0,0,0
56937,-1,1,7.9977145,0.99966383,1,1,unassigned,53.0,39.0,14.0,0.7358491,0.26415095,0.26415092,0.09864604,0.026057445,1,0,0,1,1
56938,1,0,0.98898834,0.72888803,1,0,unassigned,4.0,4.0,0.0,1.0,0.0,0.0,0.003868472,0.0,0,0,1,1,0
56939,-1,1,0.011601746,0.5029004,1,1,unassigned,5.0,5.0,0.0,1.0,0.0,0.0,0.0058027077,0.0,1,0,0,1,0
56940,-1,1,-0.47102517,0.3843736,0,1,unassigned,33.0,31.0,2.0,0.93939394,0.060606062,0.060606062,0.059961315,0.0036340193,1,0,0,0,0
56941,1,1,2.5647292,0.9285568,1,0,test,24.0,24.0,0.0,1.0,0.0,0.0,0.04255319,0.0,1,0,1,1,1
56942,-1,1,-0.6995611,0.33190954,0,1,unassigned,2.0,2.0,0.0,1.0,0.0,0.0,0.0,0.0,1,0,0,0,0
56943,-1,1,0.42166263,0.603881,1,1,unassigned,27.0,26.0,1.0,0.962963,0.037037037,0.037037015,0.0483559,0.0017909593,1,0,0,1,0
56944,0,0,1.1592813,0.76120204,1,1,unassigned,2.0,2.0,0.0,1.0,0.0,0.0,0.0,0.0,0,0,0,1,0
56945,1,1,-0.38481805,0.40496537,0,1,unassigned,71.0,69.0,2.0,0.97183096,0.028169014,0.028169036,0.13346228,0.0037595008,1,0,0,0,0
56946,-1,0,2.389527,0.9160252,1,1,unassigned,4.0,3.0,1.0,0.75,0.25,0.25,0.003868472,0.000967118,0,0,0,1,1
56947,-1,0,6.0670485,0.99768734,1,1,unassigned,2.0,2.0,0.0,1.0,0.0,0.0,0.0,0.0,0,0,0,1,1
56948,0,0,1.9047978,0.8704336,1,1,unassigned,9.0,9.0,0.0,1.0,0.0,0.0,0.013539651,0.0,0,0,0,1,0
56949,-1,1,3.5385163,0.971764,1,1,unassigned,4.0,3.0,1.0,0.75,0.25,0.25,0.003868472,0.000967118,1,0,0,1,1
56950,-1,1,-0.48327756,0.3814785,0,1,unassigned,8.0,8.0,0.0,1.0,0.0,0.0,0.0116054155,0.0,1,0,0,0,0
56951,-1,0,-0.9642224,0.2760336,0,1,unassigned,3.0,3.0,0.0,1.0,0.0,0.0,0.001934236,0.0,0,0,0,0,0
56952,-1,0,8.93232,0.9998679,1,1,unassigned,2.0,2.0,0.0,1.0,0.0,0.0,0.0,0.0,0,0,0,1,1
56953,-1,0,0.20666438,0.55148304,1,1,unassigned,4.0,4.0,0.0,1.0,0.0,0.0,0.003868472,0.0,0,0,0,1,0
56954,-1,1,-0.27001047,0.43290454,0,1,unassigned,31.0,30.0,1.0,0.9677419,0.032258064,0.032258093,0.056092843,0.0018094465,1,0,0,0,0
56955,-1,1,-0.23418254,0.4417205,0,1,unassigned,87.0,86.0,1.0,0.9885057,0.011494253,0.011494279,0.16441005,0.0018897707,1,0,0,0,0
56956,-1,1,0.39141172,0.59662247,1,1,unassigned,40.0,39.0,1.0,0.975,0.025,0.024999976,0.07350097,0.0018375242,1,0,0,1,0
56957,-1,1,-0.5360454,0.369108,0,1,unassigned,48.0,46.0,2.0,0.9583333,0.041666668,0.041666687,0.088974856,0.0037072857,1,0,0,0,0
56958,1,0,2.8251922,0.9440221,1,0,val,11.0,11.0,0.0,1.0,0.0,0.0,0.017408123,0.0,0,0,1,1,1
56959,-1,1,0.61764675,0.6496832,1,1,unassigned,2.0,2.0,0.0,1.0,0.0,0.0,0.0,0.0,1,0,0,1,0
56960,-1,0,0.48687917,0.61937094,1,1,unassigned,5.0,5.0,0.0,1.0,0.0,0.0,0.0058027077,0.0,0,0,0,1,0
56961,-1,1,0.7001452,0.6682199,1,1,unassigned,3.0,2.0,1.0,0.6666667,0.33333334,0.3333333,0.001934236,0.00064474536,1,0,0,1,0
56962,-1,0,1.6678593,0.8412902,1,1,unassigned,2.0,2.0,0.0,1.0,0.0,0.0,0.0,0.0,0,0,0,1,0
56963,1,1,-0.34225577,0.41526163,0,1,unassigned,27.0,25.0,2.0,0.9259259,0.074074075,0.07407409,0.0483559,0.0035819185,1,0,0,0,0
56964,-1,1,0.54281574,0.63246715,1,1,unassigned,66.0,64.0,2.0,0.969697,0.030303031,0.030303001,0.123791106,0.0037512458,1,0,0,1,0
56965,-1,1,-0.8208284,0.30558786,0,1,unassigned,136.0,135.0,1.0,0.99264705,0.007352941,0.007352948,0.2591876,0.0019057912,1,0,0,0,0
56966,-1,1,0.52451605,0.62820315,1,1,unassigned,32.0,32.0,0.0,1.0,0.0,0.0,0.058027077,0.0,1,0,0,1,0
56967,-1,0,3.6628773,0.9749833,1,1,unassigned,8.0,8.0,0.0,1.0,0.0,0.0,0.0116054155,0.0,0,0,0,1,1
56968,-1,0,9.74324,0.99994135,1,1,unassigned,4.0,3.0,1.0,0.75,0.25,0.25,0.003868472,0.000967118,0,0,0,1,1
56969,-1,1,2.654597,0.93429375,1,1,unassigned,4.0,2.0,2.0,0.5,0.5,0.5,0.003868472,0.001934236,1,0,0,1,1
56970,-1,1,-0.8022827,0.30953744,0,1,unassigned,60.0,60.0,0.0,1.0,0.0,0.0,0.11218569,0.0,1,0,0,0,0
56971,-1,0,0.79842824,0.68963814,1,1,unassigned,3.0,3.0,0.0,1.0,0.0,0.0,0.001934236,0.0,0,0,0,1,0
56972,-1,1,-0.56834835,0.361618,0,1,unassigned,35.0,33.0,2.0,0.94285715,0.057142857,0.057142854,0.06382979,0.0036474164,1,0,0,0,0
56973,-1,1,-0.64703465,0.3436581,0,1,unassigned,57.0,52.0,5.0,0.9122807,0.0877193,0.08771932,0.10638298,0.00933184,1,0,0,0,0
56974,-1,1,-0.61771005,0.35030246,0,1,unassigned,123.0,118.0,5.0,0.9593496,0.040650405,0.040650427,0.23404256,0.009513925,1,0,0,0,0
56975,-1,1,1.7162521,0.84764546,1,1,unassigned,20.0,19.0,1.0,0.95,0.05,0.050000012,0.034816246,0.0017408123,1,0,0,1,0
56976,-1,1,-0.78008294,0.314302,0,1,unassigned,25.0,21.0,4.0,0.84,0.16,0.16000003,0.044487428,0.007117988,1,0,0,0,0
56977,-1,0,-0.47902197,0.3824831,0,1,unassigned,3.0,3.0,0.0,1.0,0.0,0.0,0.001934236,0.0,0,0,0,0,0
56978,1,1,0.53550655,0.6307665,1,0,train,51.0,50.0,1.0,0.98039216,0.019607844,0.019607842,0.09477756,0.0018583836,1,0,1,1,0
56979,-1,0,1.2659376,0.7800465,1,1,unassigned,6.0,5.0,1.0,0.8333333,0.16666667,0.16666669,0.007736944,0.0012894907,0,0,0,1,0
56980,-1,1,-0.2276792,0.4433248,0,1,unassigned,42.0,42.0,0.0,1.0,0.0,0.0,0.07736944,0.0,1,0,0,0,0
56981,-1,1,0.95009166,0.7211336,1,1,unassigned,52.0,46.0,6.0,0.88461536,0.115384616,0.11538464,0.0967118,0.011159054,1,0,0,1,0
56982,-1,0,0.42288917,0.6041744,1,1,unassigned,8.0,8.0,0.0,1.0,0.0,0.0,0.0116054155,0.0,0,0,0,1,0
56983,-1,0,0.10225564,0.52554166,1,1,unassigned,8.0,8.0,0.0,1.0,0.0,0.0,0.0116054155,0.0,0,0,0,1,0
56984,1,0,-0.24840638,0.4382158,0,1,unassigned,4.0,4.0,0.0,1.0,0.0,0.0,0.003868472,0.0,0,0,0,0,0
56985,-1,0,0.86913675,0.704566,1,1,unassigned,16.0,16.0,0.0,1.0,0.0,0.0,0.027079303,0.0,0,0,0,1,0
56986,-1,0,1.6743429,0.84215397,1,1,unassigned,3.0,3.0,0.0,1.0,0.0,0.0,0.001934236,0.0,0,0,0,1,0
56987,1,1,-0.41981477,0.3965611,0,1,val,7.0,7.0,0.0,1.0,0.0,0.0,0.00967118,0.0,1,0,0,0,0
56988,-1,0,1.1099491,0.7521196,1,1,unassigned,9.0,7.0,2.0,0.7777778,0.22222222,0.22222221,0.013539651,0.0030088115,0,0,0,1,0
56989,-1,1,0.33775002,0.58364385,1,1,unassigned,4.0,2.0,2.0,0.5,0.5,0.5,0.003868472,0.001934236,1,0,0,1,0
56990,-1,1,-0.09097284,0.47727248,0,1,unassigned,4.0,4.0,0.0,1.0,0.0,0.0,0.003868472,0.0,1,0,0,0,0
56991,-1,0,0.7079521,0.6699485,1,1,unassigned,2.0,2.0,0.0,1.0,0.0,0.0,0.0,0.0,0,0,0,1,0
56992,-1,0,-0.18979964,0.45269203,0,1,unassigned,27.0,24.0,3.0,0.8888889,0.11111111,0.111111104,0.0483559,0.0053728777,0,0,0,0,0
56993,0,0,-0.053972065,0.48651025,0,0,unassigned,31.0,31.0,0.0,1.0,0.0,0.0,0.056092843,0.0,0,0,1,0,0
56994,-1,1,2.2115917,0.90128565,1,1,unassigned,3.0,3.0,0.0,1.0,0.0,0.0,0.001934236,0.0,1,0,0,1,1
56995,-1,0,-0.09014243,0.4774796,0,1,unassigned,40.0,38.0,2.0,0.95,0.05,0.050000012,0.07350097,0.0036750485,0,0,0,0,0
56996,1,0,-0.08195871,0.47952175,0,1,unassigned,25.0,25.0,0.0,1.0,0.0,0.0,0.044487428,0.0,0,0,0,0,0
56997,-1,0,-0.16279787,0.4593902,0,1,unassigned,18.0,18.0,0.0,1.0,0.0,0.0,0.030947777,0.0,0,0,0,0,0
56998,-1,0,5.3965173,0.9954881,1,1,unassigned,21.0,19.0,2.0,0.9047619,0.0952381,0.09523809,0.036750484,0.0035000462,0,0,0,1,1
56999,-1,0,0.099241436,0.52479005,1,1,unassigned,16.0,16.0,0.0,1.0,0.0,0.0,0.027079303,0.0,0,0,0,1,0
57000,1,1,-0.08884421,0.47780356,0,1,train,3.0,3.0,0.0,1.0,0.0,0.0,0.001934236,0.0,1,0,0,0,0
57001,-1,1,3.4059894,0.96789116,1,1,unassigned,5.0,3.0,2.0,0.6,0.4,0.39999998,0.0058027077,0.002321083,1,0,0,1,1
57002,-1,1,-0.82453924,0.30480096,0,1,unassigned,2.0,2.0,0.0,1.0,0.0,0.0,0.0,0.0,1,0,0,0,0
57003,-1,1,0.49363047,0.6209613,1,1,unassigned,38.0,35.0,3.0,0.92105263,0.078947365,0.078947365,0.06963249,0.005497302,1,0,0,1,0
57004,-1,0,0.77064306,0.68366,1,1,unassigned,2.0,2.0,0.0,1.0,0.0,0.0,0.0,0.0,0,0,0,1,0
57005,-1,1,0.5884922,0.64301914,1,1,unassigned,16.0,16.0,0.0,1.0,0.0,0.0,0.027079303,0.0,1,0,0,1,0
57006,-1,1,0.45282584,0.6113109,1,1,unassigned,11.0,11.0,0.0,1.0,0.0,0.0,0.017408123,0.0,1,0,0,1,0
57007,-1,1,-0.8067078,0.3085925,0,1,unassigned,37.0,37.0,0.0,1.0,0.0,0.0,0.06769826,0.0,1,0,0,0,0
57008,-1,1,2.8738496,0.94653845,1,1,unassigned,24.0,24.0,0.0,1.0,0.0,0.0,0.04255319,0.0,1,0,0,1,1
57009,-1,1,-0.63471836,0.34644142,0,1,unassigned,49.0,49.0,0.0,1.0,0.0,0.0,0.09090909,0.0,1,0,0,0,0
57010,-1,1,2.1998918,0.90023977,1,1,unassigned,8.0,8.0,0.0,1.0,0.0,0.0,0.0116054155,0.0,1,0,0,1,1
57011,-1,0,5.884688,0.99722594,1,1,unassigned,3.0,3.0,0.0,1.0,0.0,0.0,0.001934236,0.0,0,0,0,1,1
57012,1,1,6.752979,0.99883395,1,0,unassigned,2.0,2.0,0.0,1.0,0.0,0.0,0.0,0.0,1,0,1,1,1
57013,-1,0,7.950497,0.9996476,1,1,unassigned,2.0,2.0,0.0,1.0,0.0,0.0,0.0,0.0,0,0,0,1,1
57014,-1,1,4.141482,0.98434955,1,1,unassigned,14.0,13.0,1.0,0.9285714,0.071428575,0.0714286,0.023210831,0.0016579166,1,0,0,1,1
57015,-1,0,5.425895,0.9956182,1,1,unassigned,3.0,3.0,0.0,1.0,0.0,0.0,0.001934236,0.0,0,0,0,1,1
57016,-1,0,-1.0149351,0.26601514,0,1,unassigned,2.0,2.0,0.0,1.0,0.0,0.0,0.0,0.0,0,0,0,0,0
57017,-1,0,2.5322628,0.9263728,1,1,unassigned,23.0,23.0,0.0,1.0,0.0,0.0,0.040618956,0.0,0,0,0,1,1
57018,-1,1,0.11111426,0.52775,1,1,unassigned,5.0,5.0,0.0,1.0,0.0,0.0,0.0058027077,0.0,1,0,0,1,0
57019,-1,1,1.2930663,0.78466576,1,1,unassigned,6.0,6.0,0.0,1.0,0.0,0.0,0.007736944,0.0,1,0,0,1,0
57020,-1,1,13.198734,0.9999981,1,1,unassigned,2.0,1.0,1.0,0.5,0.5,0.5,0.0,0.0,1,0,0,1,1
57021,-1,1,3.999821,0.98201066,1,1,unassigned,22.0,18.0,4.0,0.8181818,0.18181819,0.18181819,0.03868472,0.0070335856,1,0,0,1,1
57022,-1,1,4.1531596,0.9845285,1,1,unassigned,2.0,2.0,0.0,1.0,0.0,0.0,0.0,0.0,1,0,0,1,1
57023,-1,0,1.1373167,0.75718665,1,1,unassigned,3.0,2.0,1.0,0.6666667,0.33333334,0.3333333,0.001934236,0.00064474536,0,0,0,1,0
57024,-1,1,2.2145758,0.90155077,1,1,unassigned,42.0,40.0,2.0,0.95238096,0.04761905,0.047619045,0.07736944,0.003684259,1,0,0,1,1
57025,-1,0,-0.5080591,0.37564862,0,1,unassigned,6.0,5.0,1.0,0.8333333,0.16666667,0.16666669,0.007736944,0.0012894907,0,0,0,0,0
57026,-1,1,-0.0024097562,0.49939752,0,1,unassigned,2.0,2.0,0.0,1.0,0.0,0.0,0.0,0.0,1,0,0,0,0
57027,1,0,6.095518,0.99775213,1,0,test,3.0,3.0,0.0,1.0,0.0,0.0,0.001934236,0.0,0,0,1,1,1
57028,-1,0,3.7036107,0.97595793,1,1,unassigned,11.0,11.0,0.0,1.0,0.0,0.0,0.017408123,0.0,0,0,0,1,1
57029,-1,0,3.5637715,0.9724488,1,1,unassigned,4.0,4.0,0.0,1.0,0.0,0.0,0.003868472,0.0,0,0,0,1,1
57030,-1,1,-0.6160294,0.35068506,0,1,unassigned,3.0,3.0,0.0,1.0,0.0,0.0,0.001934236,0.0,1,0,0,0,0
57031,-1,0,0.7855368,0.6868722,1,1,unassigned,3.0,3.0,0.0,1.0,0.0,0.0,0.001934236,0.0,0,0,0,1,0
57032,-1,1,1.286845,0.78361267,1,1,unassigned,70.0,70.0,0.0,1.0,0.0,0.0,0.13152805,0.0,1,0,0,1,0
57033,-1,1,0.3832596,0.5946591,1,1,unassigned,20.0,19.0,1.0,0.95,0.05,0.050000012,0.034816246,0.0017408123,1,0,0,1,0
57034,-1,1,-0.77339303,0.3157456,0,1,unassigned,45.0,45.0,0.0,1.0,0.0,0.0,0.08317215,0.0,1,0,0,0,0
57035,-1,1,0.3303221,0.5818377,1,1,unassigned,27.0,25.0,2.0,0.9259259,0.074074075,0.07407409,0.0483559,0.0035819185,1,0,0,1,0
57036,-1,1,2.2356956,0.9034095,1,1,unassigned,27.0,26.0,1.0,0.962963,0.037037037,0.037037015,0.0483559,0.0017909593,1,0,0,1,1
57037,-1,1,4.3800874,0.98763067,1,1,unassigned,5.0,5.0,0.0,1.0,0.0,0.0,0.0058027077,0.0,1,0,0,1,1
57038,-1,1,-0.23765934,0.44086322,0,1,unassigned,46.0,45.0,1.0,0.9782609,0.02173913,0.021739125,0.08510638,0.0018501388,1,0,0,0,0
57039,-1,0,3.0075665,0.9529148,1,1,unassigned,3.0,2.0,1.0,0.6666667,0.33333334,0.3333333,0.001934236,0.00064474536,0,0,0,1,1
57040,-1,1,4.7500396,0.99142283,1,1,unassigned,5.0,5.0,0.0,1.0,0.0,0.0,0.0058027077,0.0,1,0,0,1,1
57041,-1,0,0.07860619,0.51964146,1,1,unassigned,21.0,21.0,0.0,1.0,0.0,0.0,0.036750484,0.0,0,0,0,1,0
57042,-1,0,1.0502868,0.74082994,1,1,unassigned,21.0,18.0,3.0,0.85714287,0.14285715,0.14285713,0.036750484,0.0052500693,0,0,0,1,0
57043,-1,0,0.4274599,0.605267,1,1,unassigned,52.0,50.0,2.0,0.96153843,0.03846154,0.038461566,0.0967118,0.0037196847,0,0,0,1,0
57044,-1,0,0.83241946,0.6968662,1,1,unassigned,38.0,34.0,4.0,0.8947368,0.10526316,0.10526317,0.06963249,0.0073297364,0,0,0,1,0
57045,0,0,-0.29852802,0.4259174,0,0,unassigned,48.0,43.0,5.0,0.8958333,0.104166664,0.10416669,0.088974856,0.009268214,0,0,1,0,0
57046,-1,1,2.7409742,0.93940157,1,1,unassigned,32.0,31.0,1.0,0.96875,0.03125,0.03125,0.058027077,0.0018133462,1,0,0,1,1
57047,-1,0,-0.14349592,0.46418744,0,1,unassigned,27.0,21.0,6.0,0.7777778,0.22222222,0.22222221,0.0483559,0.010745755,0,0,0,0,0
57048,1,0,-0.42291927,0.3958184,0,1,unassigned,7.0,7.0,0.0,1.0,0.0,0.0,0.00967118,0.0,0,0,0,0,0
57049,1,1,3.099836,0.956886,1,0,unassigned,5.0,5.0,0.0,1.0,0.0,0.0,0.0058027077,0.0,1,0,1,1,1
57050,-1,0,3.4085011,0.96796924,1,1,unassigned,2.0,2.0,0.0,1.0,0.0,0.0,0.0,0.0,0,0,0,1,1
57051,-1,0,-0.21460515,0.44655368,0,1,unassigned,5.0,3.0,2.0,0.6,0.4,0.39999998,0.0058027077,0.002321083,0,0,0,0,0
57052,-1,1,1.1997411,0.76847875,1,1,unassigned,17.0,14.0,3.0,0.8235294,0.1764706,0.17647058,0.029013539,0.005120036,1,0,0,1,0
57053,-1,0,1.7527587,0.8523004,1,1,unassigned,4.0,4.0,0.0,1.0,0.0,0.0,0.003868472,0.0,0,0,0,1,0
57054,-1,0,-0.08279014,0.4793143,0,1,unassigned,18.0,18.0,0.0,1.0,0.0,0.0,0.030947777,0.0,0,0,0,0,0
57055,-1,0,3.0140865,0.9532065,1,1,unassigned,3.0,2.0,1.0,0.6666667,0.33333334,0.3333333,0.001934236,0.00064474536,0,0,0,1,1
57056,-1,0,-0.4901099,0.3798677,0,1,unassigned,6.0,6.0,0.0,1.0,0.0,0.0,0.007736944,0.0,0,0,0,0,0
57057,-1,0,-0.98323715,0.27224994,0,1,unassigned,33.0,33.0,0.0,1.0,0.0,0.0,0.059961315,0.0,0,0,0,0,0
57058,-1,0,0.4625618,0.6136217,1,1,unassigned,2.0,2.0,0.0,1.0,0.0,0.0,0.0,0.0,0,0,0,1,0
57059,-1,0,3.9182026,0.98051053,1,1,unassigned,8.0,8.0,0.0,1.0,0.0,0.0,0.0116054155,0.0,0,0,0,1,1
57060,-1,0,2.980144,0.951669,1,1,unassigned,12.0,11.0,1.0,0.9166667,0.083333336,0.08333331,0.01934236,0.0016118633,0,0,0,1,1
57061,1,1,-0.59636533,0.3551757,0,1,unassigned,8.0,8.0,0.0,1.0,0.0,0.0,0.0116054155,0.0,1,0,0,0,0
57062,-1,1,4.13656,0.98427355,1,1,unassigned,9.0,9.0,0.0,1.0,0.0,0.0,0.013539651,0.0,1,0,0,1,1
57063,-1,1,7.5776334,0.9994885,1,1,unassigned,25.0,16.0,9.0,0.64,0.36,0.36,0.044487428,0.016015476,1,0,0,1,1
57064,-1,0,3.507099,0.9708891,1,1,unassigned,6.0,5.0,1.0,0.8333333,0.16666667,0.16666669,0.007736944,0.0012894907,0,0,0,1,1
57065,-1,0,4.7896295,0.99175304,1,1,unassigned,5.0,5.0,0.0,1.0,0.0,0.0,0.0058027077,0.0,0,0,0,1,1
57066,1,0,1.7846539,0.85627055,1,0,test,3.0,3.0,0.0,1.0,0.0,0.0,0.001934236,0.0,0,0,1,1,0
57067,-1,0,0.88734037,0.708341,1,1,unassigned,3.0,3.0,0.0,1.0,0.0,0.0,0.001934236,0.0,0,0,0,1,0
57068,-1,1,2.7284994,0.9386875,1,1,unassigned,15.0,14.0,1.0,0.93333334,0.06666667,0.06666666,0.025145067,0.0016763379,1,0,0,1,1
57069,1,0,6.4103403,0.9983582,1,0,test,2.0,2.0,0.0,1.0,0.0,0.0,0.0,0.0,0,0,1,1,1
57070,-1,0,2.3864071,0.9157849,1,1,unassigned,5.0,5.0,0.0,1.0,0.0,0.0,0.0058027077,0.0,0,0,0,1,1
57071,-1,0,8.316185,0.99975556,1,1,unassigned,2.0,2.0,0.0,1.0,0.0,0.0,0.0,0.0,0,0,0,1,1
57072,-1,1,1.8702745,0.86649007,1,1,unassigned,2.0,2.0,0.0,1.0,0.0,0.0,0.0,0.0,1,0,0,1,0
57073,-1,0,-0.41417354,0.39791182,0,1,unassigned,3.0,3.0,0.0,1.0,0.0,0.0,0.001934236,0.0,0,0,0,0,0
57074,1,0,0.31608206,0.57836914,1,0,train,9.0,9.0,0.0,1.0,0.0,0.0,0.013539651,0.0,0,0,1,1,0
57075,-1,0,1.6764262,0.8424307,1,1,unassigned,9.0,8.0,1.0,0.8888889,0.11111111,0.111111104,0.013539651,0.0015044058,0,0,0,1,0
57076,-1,0,0.24164826,0.5601198,1,1,unassigned,4.0,4.0,0.0,1.0,0.0,0.0,0.003868472,0.0,0,0,0,1,0
57077,-1,0,-0.97399306,0.2740853,0,1,unassigned,3.0,3.0,0.0,1.0,0.0,0.0,0.001934236,0.0,0,0,0,0,0
57078,-1,1,-0.46379736,0.38608536,0,1,unassigned,2.0,1.0,1.0,0.5,0.5,0.5,0.0,0.0,1,0,0,0,0
57079,-1,0,1.6833465,0.84334713,1,1,unassigned,5.0,5.0,0.0,1.0,0.0,0.0,0.0058027077,0.0,0,0,0,1,0
57080,-1,1,3.8196118,0.9785346,1,1,unassigned,5.0,5.0,0.0,1.0,0.0,0.0,0.0058027077,0.0,1,0,0,1,1
57081,-1,0,12.329294,0.9999956,1,1,unassigned,29.0,20.0,9.0,0.6896552,0.31034482,0.31034482,0.05222437,0.016207563,0,0,0,1,1
57082,-1,0,2.2938602,0.9083672,1,1,unassigned,10.0,10.0,0.0,1.0,0.0,0.0,0.015473888,0.0,0,0,0,1,1
57083,-1,0,1.8510439,0.8642496,1,1,unassigned,5.0,5.0,0.0,1.0,0.0,0.0,0.0058027077,0.0,0,0,0,1,0
57084,-1,0,10.525368,0.9999732,1,1,unassigned,9.0,9.0,0.0,1.0,0.0,0.0,0.013539651,0.0,0,0,0,1,1
57085,-1,1,1.5067861,0.81858444,1,1,unassigned,2.0,2.0,0.0,1.0,0.0,0.0,0.0,0.0,1,0,0,1,0
57086,-1,1,-0.9101307,0.2869731,0,1,unassigned,57.0,57.0,0.0,1.0,0.0,0.0,0.10638298,0.0,1,0,0,0,0
57087,-1,1,0.5947142,0.6444461,1,1,unassigned,9.0,9.0,0.0,1.0,0.0,0.0,0.013539651,0.0,1,0,0,1,0
57088,0,0,0.15567929,0.5388414,1,1,val,5.0,5.0,0.0,1.0,0.0,0.0,0.0058027077,0.0,0,0,0,1,0
57089,-1,0,-0.31618866,0.42160487,0,1,unassigned,41.0,41.0,0.0,1.0,0.0,0.0,0.07543521,0.0,0,0,0,0,0
57090,0,1,0.5998815,0.64562917,1,1,test,22.0,17.0,5.0,0.77272725,0.22727273,0.22727275,0.03868472,0.008791981,1,0,0,1,0
57091,-1,1,0.0049598813,0.50123996,1,1,unassigned,28.0,28.0,0.0,1.0,0.0,0.0,0.050290134,0.0,1,0,0,1,0
57092,-1,0,2.5124323,0.92500883,1,1,unassigned,6.0,6.0,0.0,1.0,0.0,0.0,0.007736944,0.0,0,0,0,1,1
57093,-1,0,-0.9041649,0.28819537,0,1,unassigned,2.0,2.0,0.0,1.0,0.0,0.0,0.0,0.0,0,0,0,0,0
57094,-1,1,3.1519797,0.95898664,1,1,unassigned,25.0,23.0,2.0,0.92,0.08,0.07999998,0.044487428,0.003558994,1,0,0,1,1
57095,-1,0,1.9610288,0.87664425,1,1,unassigned,13.0,13.0,0.0,1.0,0.0,0.0,0.021276595,0.0,0,0,0,1,0
57096,-1,1,1.5029109,0.81800824,1,1,unassigned,2.0,2.0,0.0,1.0,0.0,0.0,0.0,0.0,1,0,0,1,0
57097,-1,0,6.3350873,0.99823016,1,1,unassigned,8.0,7.0,1.0,0.875,0.125,0.125,0.0116054155,0.0014506769,0,0,0,1,1
57098,1,0,9.477161,0.99992347,1,0,unassigned,11.0,10.0,1.0,0.90909094,0.09090909,0.090909064,0.017408123,0.0015825568,0,0,1,1,1
57099,1,0,0.58487064,0.64218736,1,0,unassigned,2.0,2.0,0.0,1.0,0.0,0.0,0.0,0.0,0,0,1,1,0
57100,-1,1,-0.71646935,0.32817093,0,1,unassigned,50.0,46.0,4.0,0.92,0.08,0.07999998,0.092843324,0.0074274656,1,0,0,0,0
57101,-1,1,-0.5787199,0.35922715,0,1,unassigned,93.0,74.0,19.0,0.79569894,0.20430107,0.20430106,0.17601547,0.03596015,1,0,0,0,0
57102,-1,0,-0.77879065,0.3145806,0,1,unassigned,6.0,6.0,0.0,1.0,0.0,0.0,0.007736944,0.0,0,0,0,0,0
57103,-1,1,-0.87173307,0.29489383,0,1,unassigned,30.0,28.0,2.0,0.93333334,0.06666667,0.06666666,0.054158606,0.003610574,1,0,0,0,0
57104,-1,1,0.1075868,0.5268708,1,1,unassigned,20.0,20.0,0.0,1.0,0.0,0.0,0.034816246,0.0,1,0,0,1,0
57105,1,1,-0.2791332,0.4306663,0,1,test,44.0,44.0,0.0,1.0,0.0,0.0,0.08123791,0.0,1,0,0,0,0
57106,-1,1,-0.17098206,0.4573583,0,1,unassigned,36.0,35.0,1.0,0.9722222,0.027777778,0.027777791,0.065764025,0.0018267785,1,0,0,0,0
57107,-1,0,6.5056844,0.9985073,1,1,unassigned,3.0,2.0,1.0,0.6666667,0.33333334,0.3333333,0.001934236,0.00064474536,0,0,0,1,1
57108,-1,0,6.716439,0.9987907,1,1,unassigned,2.0,2.0,0.0,1.0,0.0,0.0,0.0,0.0,0,0,0,1,1
57109,-1,1,7.937985,0.9996432,1,1,unassigned,4.0,1.0,3.0,0.25,0.75,0.75,0.003868472,0.002901354,1,0,0,1,1
57110,-1,1,7.0527997,0.9991358,1,1,unassigned,2.0,1.0,1.0,0.5,0.5,0.5,0.0,0.0,1,0,0,1,1
57111,-1,0,2.5527275,0.9277566,1,1,unassigned,6.0,4.0,2.0,0.6666667,0.33333334,0.3333333,0.007736944,0.0025789815,0,0,0,1,1
57112,0,1,1.8974855,0.8696067,1,1,test,2.0,1.0,1.0,0.5,0.5,0.5,0.0,0.0,1,0,0,1,0
57113,-1,0,7.2475114,0.99928856,1,1,unassigned,4.0,3.0,1.0,0.75,0.25,0.25,0.003868472,0.000967118,0,0,0,1,1
57114,-1,0,-0.58576924,0.35760617,0,1,unassigned,3.0,3.0,0.0,1.0,0.0,0.0,0.001934236,0.0,0,0,0,0,0
57115,-1,0,1.5989892,0.83187705,1,1,unassigned,6.0,6.0,0.0,1.0,0.0,0.0,0.007736944,0.0,0,0,0,1,0
57116,-1,0,3.3927963,0.9674787,1,1,unassigned,3.0,3.0,0.0,1.0,0.0,0.0,0.001934236,0.0,0,0,0,1,1
57117,-1,0,3.495021,0.9705458,1,1,unassigned,17.0,16.0,1.0,0.9411765,0.05882353,0.058823526,0.029013539,0.0017066788,0,0,0,1,1
57118,0,1,-0.8529249,0.29881966,0,0,unassigned,88.0,87.0,1.0,0.9886364,0.011363637,0.0113636255,0.1663443,0.0018902762,1,0,1,0,0
57119,-1,0,12.846518,0.9999974,1,1,unassigned,14.0,14.0,0.0,1.0,0.0,0.0,0.023210831,0.0,0,0,0,1,1
57120,-1,1,0.44857568,0.61030054,1,1,unassigned,32.0,32.0,0.0,1.0,0.0,0.0,0.058027077,0.0,1,0,0,1,0
57121,1,0,7.802463,0.9995914,1,0,unassigned,9.0,8.0,1.0,0.8888889,0.11111111,0.111111104,0.013539651,0.0015044058,0,0,1,1,1
57122,-1,1,3.043462,0.9544995,1,1,unassigned,20.0,20.0,0.0,1.0,0.0,0.0,0.034816246,0.0,1,0,0,1,1
57123,-1,0,0.28196323,0.5700274,1,1,unassigned,2.0,2.0,0.0,1.0,0.0,0.0,0.0,0.0,0,0,0,1,0
57124,1,1,1.2394497,0.77546823,1,0,unassigned,26.0,21.0,5.0,0.8076923,0.1923077,0.19230771,0.046421662,0.008927243,1,0,1,1,0
57125,-1,0,5.400781,0.99550724,1,1,unassigned,5.0,4.0,1.0,0.8,0.2,0.19999999,0.0058027077,0.0011605415,0,0,0,1,1
57126,-1,0,4.067858,0.9831739,1,1,unassigned,2.0,2.0,0.0,1.0,0.0,0.0,0.0,0.0,0,0,0,1,1
57127,-1,0,2.7090468,0.9375584,1,1,unassigned,23.0,23.0,0.0,1.0,0.0,0.0,0.040618956,0.0,0,0,0,1,1
57128,1,1,-0.5007888,0.37735528,0,1,unassigned,8.0,7.0,1.0,0.875,0.125,0.125,0.0116054155,0.0014506769,1,0,0,0,0
57129,0,0,2.7387836,0.9392767,1,1,unassigned,3.0,3.0,0.0,1.0,0.0,0.0,0.001934236,0.0,0,0,0,1,1
57130,-1,0,7.7058644,0.99955004,1,1,unassigned,4.0,4.0,0.0,1.0,0.0,0.0,0.003868472,0.0,0,0,0,1,1
57131,-1,0,3.24528,0.9625032,1,1,unassigned,3.0,3.0,0.0,1.0,0.0,0.0,0.001934236,0.0,0,0,0,1,1
57132,-1,0,2.3348978,0.91172636,1,1,unassigned,4.0,4.0,0.0,1.0,0.0,0.0,0.003868472,0.0,0,0,0,1,1
57133,-1,0,4.789038,0.9917482,1,1,unassigned,3.0,3.0,0.0,1.0,0.0,0.0,0.001934236,0.0,0,0,0,1,1
57134,-1,0,4.3693748,0.98749906,1,1,unassigned,10.0,8.0,2.0,0.8,0.2,0.19999999,0.015473888,0.0030947777,0,0,0,1,1
57135,-1,0,1.8051107,0.8587699,1,1,unassigned,14.0,14.0,0.0,1.0,0.0,0.0,0.023210831,0.0,0,0,0,1,0
57136,-1,0,-0.9080526,0.2873985,0,1,unassigned,6.0,6.0,0.0,1.0,0.0,0.0,0.007736944,0.0,0,0,0,0,0
57137,-1,0,-0.8913274,0.29083598,0,1,unassigned,12.0,12.0,0.0,1.0,0.0,0.0,0.01934236,0.0,0,0,0,0,0
57138,-1,0,-0.9210897,0.2847359,0,1,unassigned,8.0,8.0,0.0,1.0,0.0,0.0,0.0116054155,0.0,0,0,0,0,0
57139,-1,0,9.155006,0.99989426,1,1,unassigned,2.0,2.0,0.0,1.0,0.0,0.0,0.0,0.0,0,0,0,1,1
57140,-1,0,3.8787282,0.9797418,1,1,unassigned,10.0,8.0,2.0,0.8,0.2,0.19999999,0.015473888,0.0030947777,0,0,0,1,1
57141,-1,1,1.7004945,0.8455993,1,1,unassigned,4.0,4.0,0.0,1.0,0.0,0.0,0.003868472,0.0,1,0,0,1,0
57142,-1,0,2.7857451,0.9419007,1,1,unassigned,4.0,3.0,1.0,0.75,0.25,0.25,0.003868472,0.000967118,0,0,0,1,1
57143,-1,0,4.8191953,0.99199134,1,1,unassigned,10.0,10.0,0.0,1.0,0.0,0.0,0.015473888,0.0,0,0,0,1,1
57144,-1,0,-0.0044000745,0.49889997,0,1,unassigned,4.0,4.0,0.0,1.0,0.0,0.0,0.003868472,0.0,0,0,0,0,0
57145,-1,0,0.40039545,0.59878266,1,1,unassigned,8.0,8.0,0.0,1.0,0.0,0.0,0.0116054155,0.0,0,0,0,1,0
57146,-1,0,-0.90615356,0.2877876,0,1,unassigned,2.0,2.0,0.0,1.0,0.0,0.0,0.0,0.0,0,0,0,0,0
57147,-1,0,4.356562,0.9873399,1,1,unassigned,4.0,4.0,0.0,1.0,0.0,0.0,0.003868472,0.0,0,0,0,1,1
57148,-1,0,4.1471276,0.9844363,1,1,unassigned,5.0,5.0,0.0,1.0,0.0,0.0,0.0058027077,0.0,0,0,0,1,1
57149,-1,1,3.962919,0.98134696,1,1,unassigned,4.0,3.0,1.0,0.75,0.25,0.25,0.003868472,0.000967118,1,0,0,1,1
57150,-1,1,-0.7753558,0.31532168,0,1,unassigned,23.0,23.0,0.0,1.0,0.0,0.0,0.040618956,0.0,1,0,0,0,0
57151,-1,1,4.1589723,0.98461676,1,1,unassigned,9.0,8.0,1.0,0.8888889,0.11111111,0.111111104,0.013539651,0.0015044058,1,0,0,1,1
57152,-1,1,7.823113,0.99959975,1,1,unassigned,8.0,8.0,0.0,1.0,0.0,0.0,0.0116054155,0.0,1,0,0,1,1
57153,-1,0,4.8432984,0.9921806,1,1,unassigned,4.0,3.0,1.0,0.75,0.25,0.25,0.003868472,0.000967118,0,0,0,1,1
57154,-1,0,-0.07703468,0.48075083,0,1,unassigned,5.0,5.0,0.0,1.0,0.0,0.0,0.0058027077,0.0,0,0,0,0,0
57155,-1,1,-0.7725553,0.31592658,0,1,unassigned,20.0,19.0,1.0,0.95,0.05,0.050000012,0.034816246,0.0017408123,1,0,0,0,0
57156,-1,1,-0.71600914,0.3282724,0,1,unassigned,5.0,5.0,0.0,1.0,0.0,0.0,0.0058027077,0.0,1,0,0,0,0
57157,-1,1,0.028131902,0.5070325,1,1,unassigned,5.0,5.0,0.0,1.0,0.0,0.0,0.0058027077,0.0,1,0,0,1,0
57158,-1,0,1.926575,0.8728698,1,1,unassigned,21.0,20.0,1.0,0.95238096,0.04761905,0.047619045,0.036750484,0.0017500231,0,0,0,1,0
57159,1,0,6.3606586,0.9982748,1,0,unassigned,32.0,32.0,0.0,1.0,0.0,0.0,0.058027077,0.0,0,0,1,1,1
57160,-1,0,3.115299,0.95751935,1,1,unassigned,19.0,18.0,1.0,0.94736844,0.05263158,0.052631557,0.032882012,0.0017306323,0,0,0,1,1
57161,-1,1,-0.8020624,0.30958453,0,1,unassigned,64.0,59.0,5.0,0.921875,0.078125,0.078125,0.11992263,0.009368955,1,0,0,0,0
57162,1,1,2.1726577,0.8977672,1,0,unassigned,2.0,2.0,0.0,1.0,0.0,0.0,0.0,0.0,1,0,1,1,0
57163,-1,0,-0.36271793,0.41030177,0,1,unassigned,2.0,2.0,0.0,1.0,0.0,0.0,0.0,0.0,0,0,0,0,0
57164,-1,0,-0.15027517,0.46250176,0,1,unassigned,2.0,2.0,0.0,1.0,0.0,0.0,0.0,0.0,0,0,0,0,0
57165,-1,1,5.2633777,0.9948489,1,1,unassigned,2.0,1.0,1.0,0.5,0.5,0.5,0.0,0.0,1,0,0,1,1
57166,-1,1,5.834481,0.9970836,1,1,unassigned,3.0,2.0,1.0,0.6666667,0.33333334,0.3333333,0.001934236,0.00064474536,1,0,0,1,1
57167,-1,1,1.1485982,0.75925475,1,1,unassigned,2.0,2.0,0.0,1.0,0.0,0.0,0.0,0.0,1,0,0,1,0
57168,-1,0,10.846696,0.99998057,1,1,unassigned,6.0,6.0,0.0,1.0,0.0,0.0,0.007736944,0.0,0,0,0,1,1
57169,-1,0,1.8744228,0.86696917,1,1,unassigned,3.0,3.0,0.0,1.0,0.0,0.0,0.001934236,0.0,0,0,0,1,0
57170,-1,0,1.5381331,0.82319313,1,1,unassigned,3.0,3.0,0.0,1.0,0.0,0.0,0.001934236,0.0,0,0,0,1,0
57171,-1,0,5.2484574,0.9947719,1,1,unassigned,7.0,7.0,0.0,1.0,0.0,0.0,0.00967118,0.0,0,0,0,1,1
57172,-1,0,-0.08678281,0.4783179,0,1,unassigned,26.0,26.0,0.0,1.0,0.0,0.0,0.046421662,0.0,0,0,0,0,0
57173,-1,0,-0.8306672,0.30350402,0,1,unassigned,31.0,29.0,2.0,0.9354839,0.06451613,0.06451613,0.056092843,0.003618893,0,0,0,0,0
57174,-1,1,1.1637027,0.76200485,1,1,unassigned,2.0,2.0,0.0,1.0,0.0,0.0,0.0,0.0,1,0,0,1,0
57175,-1,1,0.5329272,0.6301656,1,1,unassigned,2.0,2.0,0.0,1.0,0.0,0.0,0.0,0.0,1,0,0,1,0
57176,-1,0,2.0564718,0.88659996,1,1,unassigned,5.0,4.0,1.0,0.8,0.2,0.19999999,0.0058027077,0.0011605415,0,0,0,1,0
57177,0,0,0.094121516,0.523513,1,1,val,2.0,2.0,0.0,1.0,0.0,0.0,0.0,0.0,0,0,0,1,0
57178,-1,0,25.36063,1.0,1,1,unassigned,93.0,91.0,2.0,0.97849464,0.021505376,0.021505356,0.17601547,0.0037852789,0,0,0,1,1
57179,-1,0,2.1634953,0.8969231,1,1,unassigned,2.0,2.0,0.0,1.0,0.0,0.0,0.0,0.0,0,0,0,1,0
57180,-1,1,3.2173178,0.96148074,1,1,unassigned,3.0,3.0,0.0,1.0,0.0,0.0,0.001934236,0.0,1,0,0,1,1
57181,-1,0,8.137123,0.99970764,1,1,unassigned,2.0,2.0,0.0,1.0,0.0,0.0,0.0,0.0,0,0,0,1,1
57182,-1,0,-0.49413392,0.3789202,0,1,unassigned,17.0,16.0,1.0,0.9411765,0.05882353,0.058823526,0.029013539,0.0017066788,0,0,0,0,0
57183,-1,0,4.4278607,0.9882009,1,1,unassigned,12.0,11.0,1.0,0.9166667,0.083333336,0.08333331,0.01934236,0.0016118633,0,0,0,1,1
57184,-1,0,-0.90124905,0.2887939,0,1,unassigned,4.0,4.0,0.0,1.0,0.0,0.0,0.003868472,0.0,0,0,0,0,0
57185,-1,0,3.9744437,0.9815568,1,1,unassigned,2.0,1.0,1.0,0.5,0.5,0.5,0.0,0.0,0,0,0,1,1
57186,-1,0,-0.33298886,0.4175136,0,1,unassigned,43.0,42.0,1.0,0.9767442,0.023255814,0.023255825,0.079303674,0.0018442714,0,0,0,0,0
57187,0,0,3.910362,0.9803602,1,1,unassigned,2.0,2.0,0.0,1.0,0.0,0.0,0.0,0.0,0,0,0,1,1
57188,-1,0,5.308972,0.9950773,1,1,unassigned,11.0,9.0,2.0,0.8181818,0.18181819,0.18181819,0.017408123,0.0031651135,0,0,0,1,1
57189,1,1,7.862284,0.9996151,1,0,unassigned,7.0,6.0,1.0,0.85714287,0.14285715,0.14285713,0.00967118,0.0013815971,1,0,1,1,1
57190,-1,0,10.53371,0.9999734,1,1,unassigned,3.0,3.0,0.0,1.0,0.0,0.0,0.001934236,0.0,0,0,0,1,1
57191,-1,1,8.12456,0.99970394,1,1,unassigned,3.0,1.0,2.0,0.33333334,0.6666667,0.6666666,0.001934236,0.0012894907,1,0,0,1,1
57192,-1,0,7.7365127,0.99956363,1,1,unassigned,9.0,8.0,1.0,0.8888889,0.11111111,0.111111104,0.013539651,0.0015044058,0,0,0,1,1
57193,-1,0,-0.3475027,0.4139881,0,1,unassigned,2.0,2.0,0.0,1.0,0.0,0.0,0.0,0.0,0,0,0,0,0
57194,-1,0,-0.92701524,0.28353065,0,1,unassigned,7.0,6.0,1.0,0.85714287,0.14285715,0.14285713,0.00967118,0.0013815971,0,0,0,0,0
57195,1,1,5.623093,0.9963995,1,0,unassigned,2.0,1.0,1.0,0.5,0.5,0.5,0.0,0.0,1,0,1,1,1
57196,-1,1,-0.47904938,0.38247663,0,1,unassigned,15.0,15.0,0.0,1.0,0.0,0.0,0.025145067,0.0,1,0,0,0,0
57197,-1,1,-0.85464025,0.29846036,0,1,unassigned,3.0,3.0,0.0,1.0,0.0,0.0,0.001934236,0.0,1,0,0,0,0
57198,0,1,0.2195831,0.55467623,1,1,test,60.0,60.0,0.0,1.0,0.0,0.0,0.11218569,0.0,1,0,0,1,0
57199,1,1,0.0724808,0.5181123,1,0,val,64.0,60.0,4.0,0.9375,0.0625,0.0625,0.11992263,0.0074951644,1,0,1,1,0
57200,-1,1,5.305866,0.99506205,1,1,unassigned,6.0,6.0,0.0,1.0,0.0,0.0,0.007736944,0.0,1,0,0,1,1
57201,-1,0,0.14988106,0.53740025,1,1,unassigned,3.0,3.0,0.0,1.0,0.0,0.0,0.001934236,0.0,0,0,0,1,0
57202,-1,0,4.8824525,0.9924786,1,1,unassigned,4.0,4.0,0.0,1.0,0.0,0.0,0.003868472,0.0,0,0,0,1,1
57203,-1,1,-0.9783881,0.27321175,0,1,unassigned,2.0,2.0,0.0,1.0,0.0,0.0,0.0,0.0,1,0,0,0,0
57204,-1,1,-0.3735004,0.40769544,0,1,unassigned,33.0,33.0,0.0,1.0,0.0,0.0,0.059961315,0.0,1,0,0,0,0
57205,-1,1,0.5048277,0.6235932,1,1,unassigned,14.0,13.0,1.0,0.9285714,0.071428575,0.0714286,0.023210831,0.0016579166,1,0,0,1,0
57206,-1,0,4.189013,0.98506516,1,1,unassigned,11.0,9.0,2.0,0.8181818,0.18181819,0.18181819,0.017408123,0.0031651135,0,0,0,1,1
57207,-1,0,1.886112,0.8683116,1,1,unassigned,2.0,2.0,0.0,1.0,0.0,0.0,0.0,0.0,0,0,0,1,0
57208,-1,0,3.3876436,0.96731615,1,1,unassigned,4.0,4.0,0.0,1.0,0.0,0.0,0.003868472,0.0,0,0,0,1,1
57209,-1,1,1.5044835,0.81824225,1,1,unassigned,4.0,3.0,1.0,0.75,0.25,0.25,0.003868472,0.000967118,1,0,0,1,0
57210,-1,0,-0.54681575,0.3666035,0,1,unassigned,3.0,3.0,0.0,1.0,0.0,0.0,0.001934236,0.0,0,0,0,0,0
57211,-1,0,3.752723,0.9770836,1,1,unassigned,3.0,2.0,1.0,0.6666667,0.33333334,0.3333333,0.001934236,0.00064474536,0,0,0,1,1
57212,-1,0,0.98221475,0.72754747,1,1,unassigned,6.0,6.0,0.0,1.0,0.0,0.0,0.007736944,0.0,0,0,0,1,0
57213,-1,1,2.2089303,0.90104854,1,1,unassigned,4.0,1.0,3.0,0.25,0.75,0.75,0.003868472,0.002901354,1,0,0,1,1
57214,-1,0,2.3130999,0.9099561,1,1,unassigned,4.0,2.0,2.0,0.5,0.5,0.5,0.003868472,0.001934236,0,0,0,1,1
57215,-1,0,-0.99828166,0.2692794,0,1,unassigned,3.0,2.0,1.0,0.6666667,0.33333334,0.3333333,0.001934236,0.00064474536,0,0,0,0,0
57216,-1,0,5.7093244,0.9966961,1,1,unassigned,7.0,5.0,2.0,0.71428573,0.2857143,0.28571427,0.00967118,0.0027631943,0,0,0,1,1
57217,1,0,3.1350427,0.95831525,1,0,unassigned,4.0,4.0,0.0,1.0,0.0,0.0,0.003868472,0.0,0,0,1,1,1
57218,-1,0,4.364893,0.9874436,1,1,unassigned,14.0,14.0,0.0,1.0,0.0,0.0,0.023210831,0.0,0,0,0,1,1
57219,-1,0,1.4379535,0.80813754,1,1,unassigned,7.0,7.0,0.0,1.0,0.0,0.0,0.00967118,0.0,0,0,0,1,0
57220,-1,0,-1.0276388,0.26354215,0,1,unassigned,3.0,3.0,0.0,1.0,0.0,0.0,0.001934236,0.0,0,0,0,0,0
57221,-1,0,0.2762676,0.56863093,1,1,unassigned,7.0,7.0,0.0,1.0,0.0,0.0,0.00967118,0.0,0,0,0,1,0
57222,-1,0,1.0246286,0.7358732,1,1,unassigned,4.0,4.0,0.0,1.0,0.0,0.0,0.003868472,0.0,0,0,0,1,0
57223,-1,0,-0.32076257,0.42048994,0,1,unassigned,18.0,17.0,1.0,0.9444444,0.055555556,0.055555582,0.030947777,0.0017193209,0,0,0,0,0
57224,-1,0,0.7893308,0.6876876,1,1,unassigned,22.0,22.0,0.0,1.0,0.0,0.0,0.03868472,0.0,0,0,0,1,0
57225,-1,1,-0.22549555,0.44386378,0,1,unassigned,76.0,74.0,2.0,0.9736842,0.02631579,0.026315808,0.14313346,0.0037666701,1,0,0,0,0
57226,0,1,-0.63718855,0.34588233,0,0,unassigned,28.0,28.0,0.0,1.0,0.0,0.0,0.050290134,0.0,1,0,1,0,0
57227,1,1,-0.36596298,0.40951687,0,1,test,53.0,53.0,0.0,1.0,0.0,0.0,0.09864604,0.0,1,0,0,0,0
57228,-1,1,0.89118844,0.7091354,1,1,unassigned,50.0,48.0,2.0,0.96,0.04,0.04000002,0.092843324,0.0037137328,1,0,0,1,0
57229,1,1,0.026503265,0.5066254,1,0,unassigned,129.0,123.0,6.0,0.95348835,0.046511628,0.04651165,0.24564797,0.011425487,1,0,1,1,0
57230,-1,1,-0.11197391,0.47203577,0,1,unassigned,27.0,27.0,0.0,1.0,0.0,0.0,0.0483559,0.0,1,0,0,0,0
57231,-1,0,-0.07977423,0.48006698,0,1,unassigned,26.0,25.0,1.0,0.96153843,0.03846154,0.038461566,0.046421662,0.0017854486,0,0,0,0,0
57232,-1,0,20.130749,1.0,1,1,unassigned,2.0,2.0,0.0,1.0,0.0,0.0,0.0,0.0,0,0,0,1,1
57233,1,0,1.5019119,0.8178595,1,0,unassigned,9.0,6.0,3.0,0.6666667,0.33333334,0.3333333,0.013539651,0.004513217,0,0,1,1,0
57234,-1,0,1.5331085,0.8224607,1,1,unassigned,4.0,4.0,0.0,1.0,0.0,0.0,0.003868472,0.0,0,0,0,1,0
57235,-1,0,0.97044355,0.72520787,1,1,unassigned,3.0,1.0,2.0,0.33333334,0.6666667,0.6666666,0.001934236,0.0012894907,0,0,0,1,0
57236,1,0,6.6181145,0.9986658,1,0,test,2.0,1.0,1.0,0.5,0.5,0.5,0.0,0.0,0,0,1,1,1
57237,-1,1,5.819225,0.99703896,1,1,unassigned,3.0,2.0,1.0,0.6666667,0.33333334,0.3333333,0.001934236,0.00064474536,1,0,0,1,1
57238,1,1,10.773058,0.999979,1,0,val,3.0,3.0,0.0,1.0,0.0,0.0,0.001934236,0.0,1,0,1,1,1
57239,-1,1,1.2957814,0.7851242,1,1,unassigned,2.0,1.0,1.0,0.5,0.5,0.5,0.0,0.0,1,0,0,1,0
57240,-1,0,-0.21886986,0.44549996,0,1,unassigned,3.0,3.0,0.0,1.0,0.0,0.0,0.001934236,0.0,0,0,0,0,0
57241,-1,0,0.7641743,0.6822594,1,1,unassigned,13.0,13.0,0.0,1.0,0.0,0.0,0.021276595,0.0,0,0,0,1,0
57242,-1,1,0.34684187,0.58585155,1,1,unassigned,10.0,10.0,0.0,1.0,0.0,0.0,0.015473888,0.0,1,0,0,1,0
57243,-1,0,2.436247,0.91954994,1,1,unassigned,6.0,4.0,2.0,0.6666667,0.33333334,0.3333333,0.007736944,0.0025789815,0,0,0,1,1
57244,-1,0,2.285425,0.90766275,1,1,unassigned,5.0,5.0,0.0,1.0,0.0,0.0,0.0058027077,0.0,0,0,0,1,1
57245,1,1,0.44666296,0.6098455,1,0,test,28.0,27.0,1.0,0.96428573,0.035714287,0.03571427,0.050290134,0.0017960763,1,0,1,1,0
57246,-1,0,3.3485968,0.96605885,1,1,unassigned,25.0,25.0,0.0,1.0,0.0,0.0,0.044487428,0.0,0,0,0,1,1
57247,-1,0,2.92473,0.94905543,1,1,unassigned,15.0,15.0,0.0,1.0,0.0,0.0,0.025145067,0.0,0,0,0,1,1
57248,-1,0,0.29437017,0.5730657,1,1,unassigned,5.0,4.0,1.0,0.8,0.2,0.19999999,0.0058027077,0.0011605415,0,0,0,1,0
57249,-1,0,5.3031945,0.99504894,1,1,unassigned,2.0,2.0,0.0,1.0,0.0,0.0,0.0,0.0,0,0,0,1,1
57250,-1,0,0.5139057,0.62572163,1,1,unassigned,3.0,3.0,0.0,1.0,0.0,0.0,0.001934236,0.0,0,0,0,1,0
57251,-1,0,0.12908465,0.53222644,1,1,unassigned,19.0,18.0,1.0,0.94736844,0.05263158,0.052631557,0.032882012,0.0017306323,0,0,0,1,0
57252,-1,1,-0.4065499,0.3997397,0,1,unassigned,41.0,40.0,1.0,0.9756098,0.024390243,0.02439022,0.07543521,0.001839883,1,0,0,0,0
57253,-1,0,3.672077,0.9752067,1,1,unassigned,4.0,4.0,0.0,1.0,0.0,0.0,0.003868472,0.0,0,0,0,1,1
57254,-1,0,-1.0239389,0.2642609,0,1,unassigned,3.0,3.0,0.0,1.0,0.0,0.0,0.001934236,0.0,0,0,0,0,0
57255,-1,1,3.359387,0.9664109,1,1,unassigned,2.0,1.0,1.0,0.5,0.5,0.5,0.0,0.0,1,0,0,1,1
57256,-1,1,-0.67036647,0.3384148,0,1,unassigned,146.0,143.0,3.0,0.9794521,0.020547945,0.020547926,0.27852997,0.0057232184,1,0,0,0,0
57257,0,0,-0.036911607,0.49077317,0,0,unassigned,8.0,8.0,0.0,1.0,0.0,0.0,0.0116054155,0.0,0,0,1,0,0
57258,1,0,0.5408047,0.6319996,1,0,test,6.0,6.0,0.0,1.0,0.0,0.0,0.007736944,0.0,0,0,1,1,0
57259,-1,0,-0.2432965,0.4394741,0,1,unassigned,2.0,2.0,0.0,1.0,0.0,0.0,0.0,0.0,0,0,0,0,0
57260,-1,0,-0.3587012,0.41127402,0,1,unassigned,2.0,2.0,0.0,1.0,0.0,0.0,0.0,0.0,0,0,0,0,0
57261,-1,1,9.637873,0.9999348,1,1,unassigned,12.0,7.0,5.0,0.5833333,0.41666666,0.4166667,0.01934236,0.008059316,1,0,0,1,1
57262,-1,0,-0.30147728,0.4251964,0,1,unassigned,2.0,2.0,0.0,1.0,0.0,0.0,0.0,0.0,0,0,0,0,0
57263,-1,0,1.7083967,0.8466282,1,1,unassigned,24.0,22.0,2.0,0.9166667,0.083333336,0.08333331,0.04255319,0.0035460992,0,0,0,1,0
57264,-1,1,1.416368,0.8047684,1,1,unassigned,3.0,3.0,0.0,1.0,0.0,0.0,0.001934236,0.0,1,0,0,1,0
57265,-1,0,6.962935,0.9990546,1,1,unassigned,2.0,2.0,0.0,1.0,0.0,0.0,0.0,0.0,0,0,0,1,1
57266,-1,1,-0.09753382,0.4756358,0,1,unassigned,71.0,68.0,3.0,0.9577465,0.04225352,0.042253494,0.13346228,0.0056392513,1,0,0,0,0
57267,-1,0,1.9185507,0.87197673,1,1,unassigned,14.0,14.0,0.0,1.0,0.0,0.0,0.023210831,0.0,0,0,0,1,0
57268,0,0,-0.72636634,0.3259926,0,0,test,10.0,10.0,0.0,1.0,0.0,0.0,0.015473888,0.0,0,0,1,0,0
57269,-1,1,0.9101301,0.71302676,1,1,unassigned,5.0,5.0,0.0,1.0,0.0,0.0,0.0058027077,0.0,1,0,0,1,0
57270,0,1,-0.64130753,0.34495103,0,0,test,9.0,9.0,0.0,1.0,0.0,0.0,0.013539651,0.0,1,0,1,0,0
57271,-1,0,0.6875017,0.66541094,1,1,unassigned,2.0,2.0,0.0,1.0,0.0,0.0,0.0,0.0,0,0,0,1,0
57272,-1,1,12.891619,0.9999975,1,1,unassigned,33.0,23.0,10.0,0.6969697,0.3030303,0.3030303,0.059961315,0.018170096,1,0,0,1,1
57273,-1,1,-0.9107652,0.2868433,0,1,unassigned,47.0,46.0,1.0,0.9787234,0.021276595,0.021276593,0.08704062,0.001851928,1,0,0,0,0
57274,-1,0,2.8550842,0.94558084,1,1,unassigned,5.0,1.0,4.0,0.2,0.8,0.8,0.0058027077,0.004642166,0,0,0,1,1
57275,-1,1,1.9866111,0.87938416,1,1,unassigned,29.0,28.0,1.0,0.9655172,0.03448276,0.034482777,0.05222437,0.0018008404,1,0,0,1,0
57276,-1,1,-0.7051858,0.3306635,0,1,unassigned,105.0,104.0,1.0,0.9904762,0.00952381,0.009523809,0.1992263,0.0018973935,1,0,0,0,0
57277,-1,0,5.737655,0.996788,1,1,unassigned,27.0,27.0,0.0,1.0,0.0,0.0,0.0483559,0.0,0,0,0,1,1
57278,-1,0,3.3921993,0.9674598,1,1,unassigned,7.0,7.0,0.0,1.0,0.0,0.0,0.00967118,0.0,0,0,0,1,1
57279,0,0,-0.059657812,0.48508996,0,0,test,13.0,13.0,0.0,1.0,0.0,0.0,0.021276595,0.0,0,0,1,0,0
57280,-1,0,1.7781589,0.8554694,1,1,unassigned,7.0,7.0,0.0,1.0,0.0,0.0,0.00967118,0.0,0,0,0,1,0
57281,-1,0,4.004989,0.98210174,1,1,unassigned,2.0,2.0,0.0,1.0,0.0,0.0,0.0,0.0,0,0,0,1,1
57282,-1,1,-0.7071062,0.3302386,0,1,unassigned,90.0,90.0,0.0,1.0,0.0,0.0,0.17021276,0.0,1,0,0,0,0
57283,-1,0,-0.048832357,0.48779434,0,1,unassigned,3.0,3.0,0.0,1.0,0.0,0.0,0.001934236,0.0,0,0,0,0,0
57284,-1,1,-0.32885197,0.41852,0,1,unassigned,33.0,33.0,0.0,1.0,0.0,0.0,0.059961315,0.0,1,0,0,0,0
57285,-1,1,0.36002964,0.5890476,1,1,unassigned,38.0,38.0,0.0,1.0,0.0,0.0,0.06963249,0.0,1,0,0,1,0
57286,-1,0,0.22590774,0.55623794,1,1,unassigned,3.0,1.0,2.0,0.33333334,0.6666667,0.6666666,0.001934236,0.0012894907,0,0,0,1,0
57287,-1,1,1.0887735,0.74815065,1,1,unassigned,7.0,6.0,1.0,0.85714287,0.14285715,0.14285713,0.00967118,0.0013815971,1,0,0,1,0
57288,-1,1,0.37729597,0.5932208,1,1,unassigned,48.0,46.0,2.0,0.9583333,0.041666668,0.041666687,0.088974856,0.0037072857,1,0,0,1,0
57289,-1,1,-0.790301,0.31210405,0,1,unassigned,99.0,98.0,1.0,0.989899,0.01010101,0.01010102,0.1876209,0.0018951605,1,0,0,0,0
57290,-1,1,0.73697907,0.6763349,1,1,unassigned,59.0,58.0,1.0,0.9830508,0.016949153,0.016949177,0.11025145,0.0018686686,1,0,0,1,0
57291,-1,1,-0.6598323,0.3407773,0,1,unassigned,36.0,36.0,0.0,1.0,0.0,0.0,0.065764025,0.0,1,0,0,0,0
57292,1,1,2.5146272,0.92516094,1,0,test,121.0,120.0,1.0,0.9917355,0.008264462,0.008264482,0.23017408,0.001902265,1,0,1,1,1
57293,-1,0,4.295423,0.98655254,1,1,unassigned,16.0,14.0,2.0,0.875,0.125,0.125,0.027079303,0.0033849129,0,0,0,1,1
57294,-1,1,0.13135606,0.5327919,1,1,unassigned,13.0,11.0,2.0,0.84615386,0.15384616,0.15384614,0.021276595,0.0032733225,1,0,0,1,0
57295,-1,1,-0.76175654,0.31826502,0,1,unassigned,18.0,18.0,0.0,1.0,0.0,0.0,0.030947777,0.0,1,0,0,0,0
57296,-1,1,-0.88365394,0.2924212,0,1,unassigned,20.0,17.0,3.0,0.85,0.15,0.14999998,0.034816246,0.005222437,1,0,0,0,0
57297,1,0,-0.15305048,0.4618119,0,1,val,5.0,5.0,0.0,1.0,0.0,0.0,0.0058027077,0.0,0,0,0,0,0
57298,-1,1,-0.08989394,0.4775417,0,1,unassigned,13.0,13.0,0.0,1.0,0.0,0.0,0.021276595,0.0,1,0,0,0,0
57299,-1,0,2.3111827,0.9097989,1,1,unassigned,2.0,2.0,0.0,1.0,0.0,0.0,0.0,0.0,0,0,0,1,1
57300,1,1,3.0137753,0.95319265,1,0,val,2.0,1.0,1.0,0.5,0.5,0.5,0.0,0.0,1,0,1,1,1
57301,-1,0,6.483707,0.9984742,1,1,unassigned,2.0,2.0,0.0,1.0,0.0,0.0,0.0,0.0,0,0,0,1,1
57302,-1,0,-0.25466284,0.43667614,0,1,unassigned,7.0,6.0,1.0,0.85714287,0.14285715,0.14285713,0.00967118,0.0013815971,0,0,0,0,0
57303,-1,0,-0.3599932,0.41096124,0,1,unassigned,12.0,12.0,0.0,1.0,0.0,0.0,0.01934236,0.0,0,0,0,0,0
57304,-1,0,0.3290562,0.58152974,1,1,unassigned,2.0,1.0,1.0,0.5,0.5,0.5,0.0,0.0,0,0,0,1,0
57305,-1,0,-1.0161669,0.26577473,0,1,unassigned,3.0,3.0,0.0,1.0,0.0,0.0,0.001934236,0.0,0,0,0,0,0
57306,-1,1,-0.6407428,0.34507865,0,1,unassigned,2.0,2.0,0.0,1.0,0.0,0.0,0.0,0.0,1,0,0,0,0
57307,-1,0,2.3173342,0.9103025,1,1,unassigned,43.0,14.0,29.0,0.3255814,0.6744186,0.67441857,0.079303674,0.053483874,0,0,0,1,1
57308,-1,0,1.305186,0.7867065,1,1,unassigned,10.0,9.0,1.0,0.9,0.1,0.100000024,0.015473888,0.0015473888,0,0,0,1,0
57309,1,0,0.09355581,0.5233719,1,0,test,28.0,28.0,0.0,1.0,0.0,0.0,0.050290134,0.0,0,0,1,1,0
57310,-1,0,0.58962923,0.6432801,1,1,unassigned,7.0,7.0,0.0,1.0,0.0,0.0,0.00967118,0.0,0,0,0,1,0
57311,-1,0,-0.45810708,0.38743493,0,1,unassigned,23.0,23.0,0.0,1.0,0.0,0.0,0.040618956,0.0,0,0,0,0,0
57312,-1,0,4.027608,0.982495,1,1,unassigned,5.0,5.0,0.0,1.0,0.0,0.0,0.0058027077,0.0,0,0,0,1,1
57313,0,0,-0.42981705,0.39417002,0,0,unassigned,4.0,4.0,0.0,1.0,0.0,0.0,0.003868472,0.0,0,0,1,0,0
57314,-1,0,2.396259,0.9165415,1,1,unassigned,3.0,3.0,0.0,1.0,0.0,0.0,0.001934236,0.0,0,0,0,1,1
57315,-1,0,0.13829166,0.53451794,1,1,unassigned,4.0,4.0,0.0,1.0,0.0,0.0,0.003868472,0.0,0,0,0,1,0
57316,-1,1,-0.5025038,0.37695247,0,1,unassigned,52.0,51.0,1.0,0.9807692,0.01923077,0.019230783,0.0967118,0.0018598423,1,0,0,0,0
57317,-1,1,-0.5410127,0.36795205,0,1,unassigned,23.0,22.0,1.0,0.95652175,0.04347826,0.04347825,0.040618956,0.0017660416,1,0,0,0,0
57318,-1,1,-0.78922665,0.31233475,0,1,unassigned,42.0,42.0,0.0,1.0,0.0,0.0,0.07736944,0.0,1,0,0,0,0
57319,-1,0,-0.7832457,0.3136208,0,1,unassigned,3.0,3.0,0.0,1.0,0.0,0.0,0.001934236,0.0,0,0,0,0,0
57320,1,0,-0.11964458,0.47012448,0,1,val,24.0,24.0,0.0,1.0,0.0,0.0,0.04255319,0.0,0,0,0,0,0
57321,-1,0,-0.14640924,0.4634629,0,1,unassigned,6.0,2.0,4.0,0.33333334,0.6666667,0.6666666,0.007736944,0.005157963,0,0,0,0,0
57322,-1,0,-0.0196442,0.4950891,0,1,unassigned,4.0,4.0,0.0,1.0,0.0,0.0,0.003868472,0.0,0,0,0,0,0
57323,-1,0,0.30389822,0.57539517,1,1,unassigned,7.0,6.0,1.0,0.85714287,0.14285715,0.14285713,0.00967118,0.0013815971,0,0,0,1,0
57324,-1,1,11.352846,0.9999883,1,1,unassigned,9.0,6.0,3.0,0.6666667,0.33333334,0.3333333,0.013539651,0.004513217,1,0,0,1,1
57325,-1,0,-0.2525872,0.43718684,0,1,unassigned,2.0,2.0,0.0,1.0,0.0,0.0,0.0,0.0,0,0,0,0,0
57326,1,0,0.017691493,0.5044228,1,0,test,17.0,15.0,2.0,0.88235295,0.11764706,0.11764705,0.029013539,0.0034133575,0,0,1,1,0
57327,-1,0,6.45857,0.99843544,1,1,unassigned,10.0,2.0,8.0,0.2,0.8,0.8,0.015473888,0.012379111,0,0,0,1,1
57328,-1,1,-0.45368743,0.38848442,0,1,unassigned,34.0,33.0,1.0,0.9705882,0.029411765,0.029411793,0.061895553,0.0018204574,1,0,0,0,0
57329,-1,1,0.6133792,0.6487112,1,1,unassigned,29.0,25.0,4.0,0.86206895,0.13793103,0.13793105,0.05222437,0.0072033615,1,0,0,1,0
57330,-1,1,-0.62272024,0.34916303,0,1,unassigned,81.0,81.0,0.0,1.0,0.0,0.0,0.15280464,0.0,1,0,0,0,0
57331,-1,1,-0.54470253,0.36709434,0,1,unassigned,47.0,46.0,1.0,0.9787234,0.021276595,0.021276593,0.08704062,0.001851928,1,0,0,0,0
57332,1,0,-0.6040903,0.35340846,0,1,test,4.0,4.0,0.0,1.0,0.0,0.0,0.003868472,0.0,0,0,0,0,0
57333,0,1,0.28673494,0.5711966,1,1,test,26.0,26.0,0.0,1.0,0.0,0.0,0.046421662,0.0,1,0,0,1,0
57334,-1,1,0.1017831,0.5254238,1,1,unassigned,120.0,120.0,0.0,1.0,0.0,0.0,0.22823985,0.0,1,0,0,1,0
57335,-1,0,-0.4681542,0.38505325,0,1,unassigned,4.0,4.0,0.0,1.0,0.0,0.0,0.003868472,0.0,0,0,0,0,0
57336,-1,0,0.65084726,0.65720135,1,1,unassigned,4.0,3.0,1.0,0.75,0.25,0.25,0.003868472,0.000967118,0,0,0,1,0
57337,-1,0,-0.012255609,0.49693614,0,1,unassigned,4.0,4.0,0.0,1.0,0.0,0.0,0.003868472,0.0,0,0,0,0,0
57338,-1,0,2.6296294,0.9327443,1,1,unassigned,6.0,6.0,0.0,1.0,0.0,0.0,0.007736944,0.0,0,0,0,1,1
57339,-1,0,-0.35898834,0.41120446,0,1,unassigned,21.0,21.0,0.0,1.0,0.0,0.0,0.036750484,0.0,0,0,0,0,0
57340,-1,1,-0.9349547,0.2819206,0,1,unassigned,57.0,56.0,1.0,0.98245615,0.01754386,0.017543852,0.10638298,0.0018663681,1,0,0,0,0
57341,-1,0,0.12105334,0.5302264,1,1,unassigned,3.0,3.0,0.0,1.0,0.0,0.0,0.001934236,0.0,0,0,0,1,0
57342,-1,0,0.061194003,0.5152937,1,1,unassigned,21.0,21.0,0.0,1.0,0.0,0.0,0.036750484,0.0,0,0,0,1,0
57343,-1,1,-0.8053821,0.3088754,0,1,unassigned,36.0,36.0,0.0,1.0,0.0,0.0,0.065764025,0.0,1,0,0,0,0
57344,1,1,-0.5744989,0.36019936,0,1,unassigned,3.0,2.0,1.0,0.6666667,0.33333334,0.3333333,0.001934236,0.00064474536,1,0,0,0,0
57345,0,0,-0.3288194,0.4185279,0,0,unassigned,4.0,4.0,0.0,1.0,0.0,0.0,0.003868472,0.0,0,0,1,0,0
57346,-1,1,1.780596,0.85577047,1,1,unassigned,4.0,3.0,1.0,0.75,0.25,0.25,0.003868472,0.000967118,1,0,0,1,0
57347,-1,1,2.6823857,0.93597925,1,1,unassigned,8.0,7.0,1.0,0.875,0.125,0.125,0.0116054155,0.0014506769,1,0,0,1,1
57348,0,1,-0.786172,0.31299123,0,0,unassigned,69.0,69.0,0.0,1.0,0.0,0.0,0.1295938,0.0,1,0,1,0,0
57349,-1,1,-0.8925506,0.29058376,0,1,unassigned,40.0,39.0,1.0,0.975,0.025,0.024999976,0.07350097,0.0018375242,1,0,0,0,0
57350,-1,0,0.28450948,0.5706514,1,1,unassigned,15.0,9.0,6.0,0.6,0.4,0.39999998,0.025145067,0.010058027,0,0,0,1,0
57351,1,0,-0.15772057,0.46065143,0,1,unassigned,30.0,30.0,0.0,1.0,0.0,0.0,0.054158606,0.0,0,0,0,0,0
57352,-1,0,-0.39944655,0.40144533,0,1,unassigned,3.0,2.0,1.0,0.6666667,0.33333334,0.3333333,0.001934236,0.00064474536,0,0,0,0,0
57353,0,0,-0.2602501,0.43530223,0,0,test,6.0,5.0,1.0,0.8333333,0.16666667,0.16666669,0.007736944,0.0012894907,0,0,1,0,0
57354,1,1,-0.2024532,0.44955885,0,1,unassigned,50.0,49.0,1.0,0.98,0.02,0.01999998,0.092843324,0.0018568664,1,0,0,0,0
57355,-1,1,-0.26763654,0.43348745,0,1,unassigned,9.0,8.0,1.0,0.8888889,0.11111111,0.111111104,0.013539651,0.0015044058,1,0,0,0,0
57356,-1,1,0.30278713,0.5751237,1,1,unassigned,2.0,2.0,0.0,1.0,0.0,0.0,0.0,0.0,1,0,0,1,0
57357,-1,1,-0.78912914,0.3123557,0,1,unassigned,11.0,11.0,0.0,1.0,0.0,0.0,0.017408123,0.0,1,0,0,0,0
57358,-1,1,5.824431,0.9970542,1,1,unassigned,8.0,8.0,0.0,1.0,0.0,0.0,0.0116054155,0.0,1,0,0,1,1
57359,-1,0,9.149752,0.9998938,1,1,unassigned,35.0,32.0,3.0,0.9142857,0.08571429,0.08571428,0.06382979,0.005471125,0,0,0,1,1
57360,-1,1,1.7545316,0.85252345,1,1,unassigned,9.0,6.0,3.0,0.6666667,0.33333334,0.3333333,0.013539651,0.004513217,1,0,0,1,0
57361,-1,1,3.3003757,0.9644417,1,1,unassigned,12.0,11.0,1.0,0.9166667,0.083333336,0.08333331,0.01934236,0.0016118633,1,0,0,1,1
57362,-1,0,1.3606994,0.79587334,1,1,unassigned,6.0,6.0,0.0,1.0,0.0,0.0,0.007736944,0.0,0,0,0,1,0
57363,-1,0,0.1460883,0.53645724,1,1,unassigned,18.0,10.0,8.0,0.5555556,0.44444445,0.44444442,0.030947777,0.013754567,0,0,0,1,0
57364,-1,0,-0.36071274,0.41078702,0,1,unassigned,6.0,6.0,0.0,1.0,0.0,0.0,0.007736944,0.0,0,0,0,0,0
57365,-1,0,3.8779252,0.9797259,1,1,unassigned,7.0,7.0,0.0,1.0,0.0,0.0,0.00967118,0.0,0,0,0,1,1
57366,-1,0,-0.59677184,0.35508257,0,1,unassigned,34.0,33.0,1.0,0.9705882,0.029411765,0.029411793,0.061895553,0.0018204574,0,0,0,0,0
57367,-1,0,-0.7799753,0.3143252,0,1,unassigned,4.0,4.0,0.0,1.0,0.0,0.0,0.003868472,0.0,0,0,0,0,0
57368,-1,1,-0.7820513,0.31387794,0,1,unassigned,24.0,23.0,1.0,0.9583333,0.041666668,0.041666687,0.04255319,0.0017730496,1,0,0,0,0
57369,-1,0,3.8440526,0.979042,1,1,unassigned,31.0,31.0,0.0,1.0,0.0,0.0,0.056092843,0.0,0,0,0,1,1
57370,-1,0,-0.5035713,0.37670177,0,1,unassigned,7.0,7.0,0.0,1.0,0.0,0.0,0.00967118,0.0,0,0,0,0,0
57371,-1,0,-0.5587703,0.36383206,0,1,unassigned,33.0,33.0,0.0,1.0,0.0,0.0,0.059961315,0.0,0,0,0,0,0
57372,-1,1,-0.58026505,0.3588716,0,1,unassigned,48.0,48.0,0.0,1.0,0.0,0.0,0.088974856,0.0,1,0,0,0,0
57373,-1,1,-0.5155777,0.37388694,0,1,unassigned,14.0,14.0,0.0,1.0,0.0,0.0,0.023210831,0.0,1,0,0,0,0
57374,-1,1,4.061883,0.98307484,1,1,unassigned,9.0,6.0,3.0,0.6666667,0.33333334,0.3333333,0.013539651,0.004513217,1,0,0,1,1
57375,-1,0,-0.31280816,0.42242947,0,1,unassigned,3.0,3.0,0.0,1.0,0.0,0.0,0.001934236,0.0,0,0,0,0,0
57376,0,1,-0.39130205,0.40340388,0,0,val,20.0,20.0,0.0,1.0,0.0,0.0,0.034816246,0.0,1,0,1,0,0
57377,0,0,-0.14997685,0.46257588,0,0,test,17.0,17.0,0.0,1.0,0.0,0.0,0.029013539,0.0,0,0,1,0,0
57378,-1,0,4.738528,0.9913244,1,1,unassigned,5.0,5.0,0.0,1.0,0.0,0.0,0.0058027077,0.0,0,0,0,1,1
57379,-1,0,0.22545576,0.5561264,1,1,unassigned,2.0,2.0,0.0,1.0,0.0,0.0,0.0,0.0,0,0,0,1,0
57380,-1,0,1.3309975,0.7910056,1,1,unassigned,10.0,4.0,6.0,0.4,0.6,0.6,0.015473888,0.009284333,0,0,0,1,0
57381,-1,1,-0.25818145,0.43581077,0,1,unassigned,18.0,18.0,0.0,1.0,0.0,0.0,0.030947777,0.0,1,0,0,0,0
57382,-1,0,0.4085455,0.60073906,1,1,unassigned,3.0,3.0,0.0,1.0,0.0,0.0,0.001934236,0.0,0,0,0,1,0
57383,-1,0,0.5489263,0.63388646,1,1,unassigned,7.0,7.0,0.0,1.0,0.0,0.0,0.00967118,0.0,0,0,0,1,0
57384,-1,1,-0.78594196,0.31304067,0,1,unassigned,80.0,80.0,0.0,1.0,0.0,0.0,0.15087041,0.0,1,0,0,0,0
57385,-1,0,-0.4131742,0.39815125,0,1,unassigned,90.0,88.0,2.0,0.9777778,0.022222223,0.02222222,0.17021276,0.0037825059,0,0,0,0,0
57386,1,1,-0.87607193,0.29399243,0,1,val,54.0,54.0,0.0,1.0,0.0,0.0,0.10058027,0.0,1,0,0,0,0
57387,-1,1,-0.69455224,0.33302116,0,1,unassigned,22.0,22.0,0.0,1.0,0.0,0.0,0.03868472,0.0,1,0,0,0,0
57388,-1,1,-0.31202367,0.42262086,0,1,unassigned,32.0,31.0,1.0,0.96875,0.03125,0.03125,0.058027077,0.0018133462,1,0,0,0,0
57389,-1,1,-0.7151399,0.3284641,0,1,unassigned,49.0,43.0,6.0,0.877551,0.12244898,0.12244898,0.09090909,0.011131726,1,0,0,0,0
57390,0,0,2.1814616,0.8985724,1,1,unassigned,2.0,2.0,0.0,1.0,0.0,0.0,0.0,0.0,0,0,0,1,0
57391,-1,0,4.154883,0.9845547,1,1,unassigned,3.0,3.0,0.0,1.0,0.0,0.0,0.001934236,0.0,0,0,0,1,1
57392,-1,0,10.92529,0.999982,1,1,unassigned,3.0,3.0,0.0,1.0,0.0,0.0,0.001934236,0.0,0,0,0,1,1
57393,1,1,6.5984993,0.9986394,1,0,val,26.0,26.0,0.0,1.0,0.0,0.0,0.046421662,0.0,1,0,1,1,1
57394,0,1,0.13049275,0.532577,1,1,unassigned,62.0,61.0,1.0,0.983871,0.016129032,0.016129017,0.116054155,0.0018718411,1,0,0,1,0
57395,-1,0,2.0651586,0.88747036,1,1,unassigned,10.0,10.0,0.0,1.0,0.0,0.0,0.015473888,0.0,0,0,0,1,0
57396,0,0,2.425316,0.9187375,1,1,val,5.0,1.0,4.0,0.2,0.8,0.8,0.0058027077,0.004642166,0,0,0,1,1
57397,0,1,-0.08997536,0.47752136,0,0,unassigned,16.0,14.0,2.0,0.875,0.125,0.125,0.027079303,0.0033849129,1,0,1,0,0
57398,-1,1,3.3308198,0.96547115,1,1,unassigned,14.0,13.0,1.0,0.9285714,0.071428575,0.0714286,0.023210831,0.0016579166,1,0,0,1,1
57399,-1,0,0.7732797,0.6842299,1,1,unassigned,3.0,3.0,0.0,1.0,0.0,0.0,0.001934236,0.0,0,0,0,1,0
57400,1,1,0.74618727,0.67834735,1,0,unassigned,3.0,3.0,0.0,1.0,0.0,0.0,0.001934236,0.0,1,0,1,1,0
57401,-1,0,0.42673796,0.60509443,1,1,unassigned,15.0,14.0,1.0,0.93333334,0.06666667,0.06666666,0.025145067,0.0016763379,0,0,0,1,0
57402,-1,0,0.44838637,0.6102555,1,1,unassigned,2.0,2.0,0.0,1.0,0.0,0.0,0.0,0.0,0,0,0,1,0
57403,-1,1,0.47709483,0.6170616,1,1,unassigned,2.0,2.0,0.0,1.0,0.0,0.0,0.0,0.0,1,0,0,1,0
57404,-1,1,-0.010027766,0.49749303,0,1,unassigned,18.0,18.0,0.0,1.0,0.0,0.0,0.030947777,0.0,1,0,0,0,0
57405,-1,0,4.7410946,0.9913464,1,1,unassigned,13.0,13.0,0.0,1.0,0.0,0.0,0.021276595,0.0,0,0,0,1,1
57406,-1,0,4.779042,0.991666,1,1,unassigned,4.0,3.0,1.0,0.75,0.25,0.25,0.003868472,0.000967118,0,0,0,1,1
57407,-1,1,1.2387147,0.7753402,1,1,unassigned,2.0,1.0,1.0,0.5,0.5,0.5,0.0,0.0,1,0,0,1,0
57408,-1,0,-0.68511015,0.33512175,0,1,unassigned,4.0,3.0,1.0,0.75,0.25,0.25,0.003868472,0.000967118,0,0,0,0,0
57409,-1,0,2.164658,0.89703065,1,1,unassigned,23.0,23.0,0.0,1.0,0.0,0.0,0.040618956,0.0,0,0,0,1,0
57410,-1,0,0.5633097,0.637218,1,1,unassigned,6.0,5.0,1.0,0.8333333,0.16666667,0.16666669,0.007736944,0.0012894907,0,0,0,1,0
57411,0,1,0.01948446,0.50487095,1,1,test,17.0,13.0,4.0,0.7647059,0.23529412,0.2352941,0.029013539,0.006826715,1,0,0,1,0
57412,-1,0,0.82401377,0.6950877,1,1,unassigned,6.0,6.0,0.0,1.0,0.0,0.0,0.007736944,0.0,0,0,0,1,0
57413,-1,1,1.3437834,0.79311144,1,1,unassigned,2.0,2.0,0.0,1.0,0.0,0.0,0.0,0.0,1,0,0,1,0
57414,-1,1,-0.58930564,0.35679418,0,1,unassigned,22.0,20.0,2.0,0.90909094,0.09090909,0.090909064,0.03868472,0.0035167928,1,0,0,0,0
57415,1,0,3.3270786,0.96534616,1,0,test,20.0,19.0,1.0,0.95,0.05,0.050000012,0.034816246,0.0017408123,0,0,1,1,1
57416,-1,0,-0.44300264,0.39102575,0,1,unassigned,6.0,6.0,0.0,1.0,0.0,0.0,0.007736944,0.0,0,0,0,0,0
57417,0,0,-0.27680436,0.43123743,0,0,unassigned,10.0,10.0,0.0,1.0,0.0,0.0,0.015473888,0.0,0,0,1,0,0
57418,-1,1,9.563172,0.9999298,1,1,unassigned,4.0,3.0,1.0,0.75,0.25,0.25,0.003868472,0.000967118,1,0,0,1,1
57419,1,0,0.8027397,0.6905602,1,0,unassigned,30.0,29.0,1.0,0.96666664,0.033333335,0.03333336,0.054158606,0.001805287,0,0,1,1,0
57420,-1,0,-0.3034282,0.42471963,0,1,unassigned,4.0,4.0,0.0,1.0,0.0,0.0,0.003868472,0.0,0,0,0,0,0
57421,-1,0,0.2735204,0.5679569,1,1,unassigned,6.0,5.0,1.0,0.8333333,0.16666667,0.16666669,0.007736944,0.0012894907,0,0,0,1,0
57422,-1,0,3.816292,0.9784647,1,1,unassigned,7.0,7.0,0.0,1.0,0.0,0.0,0.00967118,0.0,0,0,0,1,1
57423,-1,1,2.545048,0.92724013,1,1,unassigned,2.0,2.0,0.0,1.0,0.0,0.0,0.0,0.0,1,0,0,1,1
57424,-1,0,4.0851355,0.9834573,1,1,unassigned,10.0,10.0,0.0,1.0,0.0,0.0,0.015473888,0.0,0,0,0,1,1
57425,-1,1,2.7833622,0.9417701,1,1,unassigned,7.0,6.0,1.0,0.85714287,0.14285715,0.14285713,0.00967118,0.0013815971,1,0,0,1,1
57426,-1,1,1.6515038,0.83909416,1,1,unassigned,7.0,6.0,1.0,0.85714287,0.14285715,0.14285713,0.00967118,0.0013815971,1,0,0,1,0
57427,1,0,1.3798771,0.7989712,1,0,test,59.0,57.0,2.0,0.9661017,0.033898305,0.033898294,0.11025145,0.0037373372,0,0,1,1,0
57428,-1,0,2.9810772,0.95171195,1,1,unassigned,21.0,20.0,1.0,0.95238096,0.04761905,0.047619045,0.036750484,0.0017500231,0,0,0,1,1
57429,-1,0,5.6022444,0.99632406,1,1,unassigned,6.0,6.0,0.0,1.0,0.0,0.0,0.007736944,0.0,0,0,0,1,1
57430,-1,0,0.862886,0.7032633,1,1,unassigned,8.0,8.0,0.0,1.0,0.0,0.0,0.0116054155,0.0,0,0,0,1,0
57431,-1,0,5.478639,0.9958424,1,1,unassigned,10.0,10.0,0.0,1.0,0.0,0.0,0.015473888,0.0,0,0,0,1,1
57432,-1,0,4.1934724,0.9851306,1,1,unassigned,9.0,7.0,2.0,0.7777778,0.22222222,0.22222221,0.013539651,0.0030088115,0,0,0,1,1
57433,-1,0,-1.0093,0.26711687,0,1,unassigned,2.0,2.0,0.0,1.0,0.0,0.0,0.0,0.0,0,0,0,0,0
57434,-1,0,0.10949141,0.52734554,1,1,unassigned,3.0,3.0,0.0,1.0,0.0,0.0,0.001934236,0.0,0,0,0,1,0
57435,-1,0,-0.4603683,0.38689846,0,1,unassigned,25.0,25.0,0.0,1.0,0.0,0.0,0.044487428,0.0,0,0,0,0,0
57436,-1,0,2.0938594,0.8903049,1,1,unassigned,2.0,2.0,0.0,1.0,0.0,0.0,0.0,0.0,0,0,0,1,0
57437,-1,0,2.0985246,0.89075965,1,1,unassigned,6.0,6.0,0.0,1.0,0.0,0.0,0.007736944,0.0,0,0,0,1,0
57438,-1,1,9.045977,0.9998821,1,1,unassigned,2.0,1.0,1.0,0.5,0.5,0.5,0.0,0.0,1,0,0,1,1
57439,-1,0,2.3467462,0.91267526,1,1,unassigned,5.0,5.0,0.0,1.0,0.0,0.0,0.0058027077,0.0,0,0,0,1,1
57440,-1,1,2.5072591,0.9246492,1,1,unassigned,10.0,8.0,2.0,0.8,0.2,0.19999999,0.015473888,0.0030947777,1,0,0,1,1
57441,1,0,0.23096377,0.55748564,1,0,val,5.0,4.0,1.0,0.8,0.2,0.19999999,0.0058027077,0.0011605415,0,0,1,1,0
57442,0,1,-0.63967633,0.3453197,0,0,val,119.0,115.0,4.0,0.96638656,0.033613447,0.033613443,0.2263056,0.0076069115,1,0,1,0,0
57443,-1,1,2.486331,0.92317796,1,1,unassigned,16.0,15.0,1.0,0.9375,0.0625,0.0625,0.027079303,0.0016924564,1,0,0,1,1
57444,-1,0,2.2829735,0.9074571,1,1,unassigned,38.0,37.0,1.0,0.9736842,0.02631579,0.026315808,0.06963249,0.0018324341,0,0,0,1,1
57445,1,0,6.9892077,0.9990791,1,0,unassigned,3.0,3.0,0.0,1.0,0.0,0.0,0.001934236,0.0,0,0,1,1,1
57446,1,1,4.0358844,0.98263675,1,0,unassigned,76.0,69.0,7.0,0.90789473,0.09210526,0.09210527,0.14313346,0.013183345,1,0,1,1,1
57447,-1,0,0.05693382,0.5142296,1,1,unassigned,2.0,2.0,0.0,1.0,0.0,0.0,0.0,0.0,0,0,0,1,0
57448,-1,0,-0.13850787,0.4654283,0,1,unassigned,23.0,22.0,1.0,0.95652175,0.04347826,0.04347825,0.040618956,0.0017660416,0,0,0,0,0
57449,-1,0,1.3850152,0.79979527,1,1,unassigned,24.0,23.0,1.0,0.9583333,0.041666668,0.041666687,0.04255319,0.0017730496,0,0,0,1,0
57450,-1,0,12.167729,0.99999475,1,1,unassigned,16.0,15.0,1.0,0.9375,0.0625,0.0625,0.027079303,0.0016924564,0,0,0,1,1
57451,1,1,-0.06122935,0.48469743,0,1,val,27.0,27.0,0.0,1.0,0.0,0.0,0.0483559,0.0,1,0,0,0,0
57452,-1,0,1.3796587,0.7989362,1,1,unassigned,7.0,3.0,4.0,0.42857143,0.5714286,0.57142854,0.00967118,0.0055263885,0,0,0,1,0
57453,1,1,1.6307461,0.8362719,1,0,val,14.0,14.0,0.0,1.0,0.0,0.0,0.023210831,0.0,1,0,1,1,0
57454,1,0,-1.1221511,0.2456125,0,1,unassigned,6.0,6.0,0.0,1.0,0.0,0.0,0.007736944,0.0,0,0,0,0,0
57455,1,1,4.6786213,0.99079376,1,0,unassigned,2.0,2.0,0.0,1.0,0.0,0.0,0.0,0.0,1,0,1,1,1
57456,1,1,1.0820622,0.74688405,1,0,unassigned,22.0,21.0,1.0,0.95454544,0.045454547,0.04545456,0.03868472,0.0017583964,1,0,1,1,0
57457,-1,1,-0.36190844,0.41049764,0,1,unassigned,5.0,5.0,0.0,1.0,0.0,0.0,0.0058027077,0.0,1,0,0,0,0
57458,-1,1,1.1206906,0.7541168,1,1,unassigned,9.0,9.0,0.0,1.0,0.0,0.0,0.013539651,0.0,1,0,0,1,0
57459,-1,0,-0.3988763,0.4015823,0,1,unassigned,8.0,8.0,0.0,1.0,0.0,0.0,0.0116054155,0.0,0,0,0,0,0
57460,-1,0,0.92662257,0.71638954,1,1,unassigned,3.0,3.0,0.0,1.0,0.0,0.0,0.001934236,0.0,0,0,0,1,0
57461,-1,0,1.204041,0.7692429,1,1,unassigned,5.0,5.0,0.0,1.0,0.0,0.0,0.0058027077,0.0,0,0,0,1,0
57462,-1,0,2.4245865,0.91868305,1,1,unassigned,13.0,13.0,0.0,1.0,0.0,0.0,0.021276595,0.0,0,0,0,1,1
57463,-1,0,0.08831364,0.5220641,1,1,unassigned,5.0,5.0,0.0,1.0,0.0,0.0,0.0058027077,0.0,0,0,0,1,0
57464,-1,0,4.4420943,0.98836577,1,1,unassigned,2.0,2.0,0.0,1.0,0.0,0.0,0.0,0.0,0,0,0,1,1
57465,-1,0,0.48515302,0.61896396,1,1,unassigned,7.0,7.0,0.0,1.0,0.0,0.0,0.00967118,0.0,0,0,0,1,0
57466,-1,0,1.2413476,0.7757985,1,1,unassigned,2.0,2.0,0.0,1.0,0.0,0.0,0.0,0.0,0,0,0,1,0
57467,-1,1,2.6682198,0.9351251,1,1,unassigned,4.0,3.0,1.0,0.75,0.25,0.25,0.003868472,0.000967118,1,0,0,1,1
57468,-1,0,9.694279,0.99993837,1,1,unassigned,2.0,2.0,0.0,1.0,0.0,0.0,0.0,0.0,0,0,0,1,1
57469,-1,0,4.5098166,0.9891192,1,1,unassigned,3.0,3.0,0.0,1.0,0.0,0.0,0.001934236,0.0,0,0,0,1,1
57470,-1,0,3.5700366,0.97261614,1,1,unassigned,10.0,9.0,1.0,0.9,0.1,0.100000024,0.015473888,0.0015473888,0,0,0,1,1
57471,-1,0,4.046237,0.9828126,1,1,unassigned,8.0,6.0,2.0,0.75,0.25,0.25,0.0116054155,0.0029013539,0,0,0,1,1
57472,-1,0,1.8391216,0.86284477,1,1,unassigned,18.0,16.0,2.0,0.8888889,0.11111111,0.111111104,0.030947777,0.0034386418,0,0,0,1,0
57473,-1,0,-0.13547781,0.46618223,0,1,unassigned,3.0,3.0,0.0,1.0,0.0,0.0,0.001934236,0.0,0,0,0,0,0
57474,-1,0,0.25730383,0.5639734,1,1,unassigned,8.0,8.0,0.0,1.0,0.0,0.0,0.0116054155,0.0,0,0,0,1,0
57475,-1,0,0.5198298,0.627108,1,1,unassigned,22.0,22.0,0.0,1.0,0.0,0.0,0.03868472,0.0,0,0,0,1,0
57476,-1,0,1.2791724,0.7823089,1,1,unassigned,11.0,11.0,0.0,1.0,0.0,0.0,0.017408123,0.0,0,0,0,1,0
57477,-1,0,0.48969477,0.6200345,1,1,unassigned,18.0,17.0,1.0,0.9444444,0.055555556,0.055555582,0.030947777,0.0017193209,0,0,0,1,0
57478,-1,0,1.7559125,0.852697,1,1,unassigned,14.0,14.0,0.0,1.0,0.0,0.0,0.023210831,0.0,0,0,0,1,0
57479,1,1,2.4042823,0.9171533,1,0,val,22.0,20.0,2.0,0.90909094,0.09090909,0.090909064,0.03868472,0.0035167928,1,0,1,1,1
57480,-1,0,1.4542949,0.8106586,1,1,unassigned,9.0,8.0,1.0,0.8888889,0.11111111,0.111111104,0.013539651,0.0015044058,0,0,0,1,0
57481,-1,0,1.7939193,0.8574071,1,1,unassigned,14.0,14.0,0.0,1.0,0.0,0.0,0.023210831,0.0,0,0,0,1,0
57482,-1,1,4.3411736,0.98714614,1,1,unassigned,5.0,3.0,2.0,0.6,0.4,0.39999998,0.0058027077,0.002321083,1,0,0,1,1
57483,1,1,0.017951906,0.5044879,1,0,unassigned,10.0,10.0,0.0,1.0,0.0,0.0,0.015473888,0.0,1,0,1,1,0
57484,-1,0,5.7889895,0.9969483,1,1,unassigned,2.0,2.0,0.0,1.0,0.0,0.0,0.0,0.0,0,0,0,1,1
57485,0,1,1.6834676,0.84336317,1,1,val,9.0,4.0,5.0,0.44444445,0.5555556,0.5555556,0.013539651,0.007522029,1,0,0,1,0
57486,-1,1,-0.03407675,0.49148166,0,1,unassigned,6.0,6.0,0.0,1.0,0.0,0.0,0.007736944,0.0,1,0,0,0,0
57487,-1,0,4.3796744,0.98762554,1,1,unassigned,9.0,9.0,0.0,1.0,0.0,0.0,0.013539651,0.0,0,0,0,1,1
57488,-1,0,-0.23831204,0.4407024,0,1,unassigned,2.0,2.0,0.0,1.0,0.0,0.0,0.0,0.0,0,0,0,0,0
57489,-1,1,1.6306703,0.83626145,1,1,unassigned,2.0,2.0,0.0,1.0,0.0,0.0,0.0,0.0,1,0,0,1,0
57490,-1,0,0.677211,0.663116,1,1,unassigned,5.0,4.0,1.0,0.8,0.2,0.19999999,0.0058027077,0.0011605415,0,0,0,1,0
57491,-1,1,7.1801333,0.9992391,1,1,unassigned,6.0,6.0,0.0,1.0,0.0,0.0,0.007736944,0.0,1,0,0,1,1
57492,-1,0,8.198261,0.9997249,1,1,unassigned,2.0,2.0,0.0,1.0,0.0,0.0,0.0,0.0,0,0,0,1,1
57493,-1,1,0.5184167,0.62677747,1,1,unassigned,9.0,9.0,0.0,1.0,0.0,0.0,0.013539651,0.0,1,0,0,1,0
57494,-1,1,-0.8267877,0.30432472,0,1,unassigned,10.0,10.0,0.0,1.0,0.0,0.0,0.015473888,0.0,1,0,0,0,0
57495,1,0,-0.79348046,0.31142184,0,1,unassigned,2.0,2.0,0.0,1.0,0.0,0.0,0.0,0.0,0,0,0,0,0
57496,-1,0,1.8101072,0.8593749,1,1,unassigned,2.0,1.0,1.0,0.5,0.5,0.5,0.0,0.0,0,0,0,1,0
57497,-1,0,2.7950897,0.9424099,1,1,unassigned,3.0,3.0,0.0,1.0,0.0,0.0,0.001934236,0.0,0,0,0,1,1
57498,-1,0,-0.84856,0.29973504,0,1,unassigned,2.0,2.0,0.0,1.0,0.0,0.0,0.0,0.0,0,0,0,0,0
57499,-1,0,0.845548,0.6996324,1,1,unassigned,13.0,11.0,2.0,0.84615386,0.15384616,0.15384614,0.021276595,0.0032733225,0,0,0,1,0
57500,-1,1,3.6214135,0.9739518,1,1,unassigned,4.0,3.0,1.0,0.75,0.25,0.25,0.003868472,0.000967118,1,0,0,1,1
57501,-1,0,3.5032957,0.9707813,1,1,unassigned,4.0,4.0,0.0,1.0,0.0,0.0,0.003868472,0.0,0,0,0,1,1
57502,-1,0,-0.11557472,0.47113842,0,1,unassigned,9.0,6.0,3.0,0.6666667,0.33333334,0.3333333,0.013539651,0.004513217,0,0,0,0,0
57503,1,0,2.4905539,0.92347693,1,0,unassigned,12.0,12.0,0.0,1.0,0.0,0.0,0.01934236,0.0,0,0,1,1,1
57504,-1,1,4.859618,0.9923062,1,1,unassigned,5.0,5.0,0.0,1.0,0.0,0.0,0.0058027077,0.0,1,0,0,1,1
57505,0,1,-0.30362922,0.42467055,0,0,unassigned,38.0,38.0,0.0,1.0,0.0,0.0,0.06963249,0.0,1,0,1,0,0
57506,-1,1,2.437064,0.9196103,1,1,unassigned,10.0,10.0,0.0,1.0,0.0,0.0,0.015473888,0.0,1,0,0,1,1
57507,1,1,2.0546348,0.8864151,1,0,unassigned,5.0,4.0,1.0,0.8,0.2,0.19999999,0.0058027077,0.0011605415,1,0,1,1,0
57508,-1,0,3.6189969,0.9738904,1,1,unassigned,2.0,2.0,0.0,1.0,0.0,0.0,0.0,0.0,0,0,0,1,1
57509,-1,0,7.344047,0.99935395,1,1,unassigned,8.0,7.0,1.0,0.875,0.125,0.125,0.0116054155,0.0014506769,0,0,0,1,1
57510,-1,0,0.75715536,0.6807358,1,1,unassigned,3.0,3.0,0.0,1.0,0.0,0.0,0.001934236,0.0,0,0,0,1,0
57511,-1,0,4.9758344,0.9931445,1,1,unassigned,2.0,2.0,0.0,1.0,0.0,0.0,0.0,0.0,0,0,0,1,1
57512,-1,1,8.313189,0.99975485,1,1,unassigned,6.0,6.0,0.0,1.0,0.0,0.0,0.007736944,0.0,1,0,0,1,1
57513,-1,1,4.1043363,0.9837669,1,1,unassigned,9.0,8.0,1.0,0.8888889,0.11111111,0.111111104,0.013539651,0.0015044058,1,0,0,1,1
57514,-1,1,-0.6444559,0.34423998,0,1,unassigned,14.0,9.0,5.0,0.64285713,0.35714287,0.35714287,0.023210831,0.008289583,1,0,0,0,0
57515,-1,0,-0.3809247,0.4059039,0,1,unassigned,3.0,3.0,0.0,1.0,0.0,0.0,0.001934236,0.0,0,0,0,0,0
57516,0,0,-0.44152442,0.39137778,0,0,unassigned,8.0,7.0,1.0,0.875,0.125,0.125,0.0116054155,0.0014506769,0,0,1,0,0
57517,-1,0,5.9615655,0.99743074,1,1,unassigned,2.0,2.0,0.0,1.0,0.0,0.0,0.0,0.0,0,0,0,1,1
57518,-1,0,1.3306882,0.7909544,1,1,unassigned,6.0,6.0,0.0,1.0,0.0,0.0,0.007736944,0.0,0,0,0,1,0
57519,-1,0,4.56487,0.989696,1,1,unassigned,21.0,21.0,0.0,1.0,0.0,0.0,0.036750484,0.0,0,0,0,1,1
57520,-1,0,3.5483906,0.9720337,1,1,unassigned,12.0,12.0,0.0,1.0,0.0,0.0,0.01934236,0.0,0,0,0,1,1
57521,-1,1,3.8708422,0.9795847,1,1,unassigned,2.0,1.0,1.0,0.5,0.5,0.5,0.0,0.0,1,0,0,1,1
57522,-1,1,0.7394604,0.67687786,1,1,unassigned,5.0,5.0,0.0,1.0,0.0,0.0,0.0058027077,0.0,1,0,0,1,0
57523,-1,1,11.623777,0.99999106,1,1,unassigned,2.0,2.0,0.0,1.0,0.0,0.0,0.0,0.0,1,0,0,1,1
57524,-1,0,0.5564063,0.6356206,1,1,unassigned,4.0,3.0,1.0,0.75,0.25,0.25,0.003868472,0.000967118,0,0,0,1,0
57525,-1,0,5.1694055,0.99434423,1,1,unassigned,3.0,2.0,1.0,0.6666667,0.33333334,0.3333333,0.001934236,0.00064474536,0,0,0,1,1
57526,-1,0,2.0518537,0.88613474,1,1,unassigned,5.0,5.0,0.0,1.0,0.0,0.0,0.0058027077,0.0,0,0,0,1,0
57527,1,1,3.3952205,0.96755475,1,0,test,10.0,6.0,4.0,0.6,0.4,0.39999998,0.015473888,0.0061895554,1,0,1,1,1
57528,-1,0,4.9932656,0.99326223,1,1,unassigned,2.0,2.0,0.0,1.0,0.0,0.0,0.0,0.0,0,0,0,1,1
57529,-1,0,-0.8500509,0.29942217,0,1,unassigned,5.0,3.0,2.0,0.6,0.4,0.39999998,0.0058027077,0.002321083,0,0,0,0,0
57530,-1,0,2.8405783,0.9448296,1,1,unassigned,6.0,5.0,1.0,0.8333333,0.16666667,0.16666669,0.007736944,0.0012894907,0,0,0,1,1
57531,-1,1,4.1916537,0.985104,1,1,unassigned,7.0,7.0,0.0,1.0,0.0,0.0,0.00967118,0.0,1,0,0,1,1
57532,-1,1,-0.99688673,0.26955396,0,1,unassigned,5.0,2.0,3.0,0.4,0.6,0.6,0.0058027077,0.0034816249,1,0,0,0,0
57533,-1,1,0.35514206,0.5878639,1,1,unassigned,23.0,22.0,1.0,0.95652175,0.04347826,0.04347825,0.040618956,0.0017660416,1,0,0,1,0
57534,-1,1,0.08113742,0.52027327,1,1,unassigned,28.0,27.0,1.0,0.96428573,0.035714287,0.03571427,0.050290134,0.0017960763,1,0,0,1,0
57535,-1,1,0.109359205,0.5273126,1,1,unassigned,33.0,32.0,1.0,0.969697,0.030303031,0.030303001,0.059961315,0.0018170096,1,0,0,1,0
57536,-1,1,-0.10906148,0.4727616,0,1,unassigned,13.0,13.0,0.0,1.0,0.0,0.0,0.021276595,0.0,1,0,0,0,0
57537,-1,0,2.2547038,0.90505546,1,1,unassigned,18.0,18.0,0.0,1.0,0.0,0.0,0.030947777,0.0,0,0,0,1,1
57538,-1,0,4.7865567,0.99172795,1,1,unassigned,5.0,3.0,2.0,0.6,0.4,0.39999998,0.0058027077,0.002321083,0,0,0,1,1
57539,-1,1,2.464024,0.921581,1,1,unassigned,13.0,11.0,2.0,0.84615386,0.15384616,0.15384614,0.021276595,0.0032733225,1,0,0,1,1
57540,-1,0,0.7758673,0.68478876,1,1,unassigned,25.0,25.0,0.0,1.0,0.0,0.0,0.044487428,0.0,0,0,0,1,0
57541,-1,1,-0.8583963,0.2976745,0,1,unassigned,44.0,44.0,0.0,1.0,0.0,0.0,0.08123791,0.0,1,0,0,0,0
57542,-1,1,-0.90224385,0.28858963,0,1,unassigned,16.0,16.0,0.0,1.0,0.0,0.0,0.027079303,0.0,1,0,0,0,0
57543,-1,0,4.39586,0.9878219,1,1,unassigned,8.0,8.0,0.0,1.0,0.0,0.0,0.0116054155,0.0,0,0,0,1,1
57544,-1,0,-0.6264592,0.34831384,0,1,unassigned,5.0,5.0,0.0,1.0,0.0,0.0,0.0058027077,0.0,0,0,0,0,0
57545,-1,0,4.803744,0.9918677,1,1,unassigned,2.0,2.0,0.0,1.0,0.0,0.0,0.0,0.0,0,0,0,1,1
57546,-1,1,0.040736616,0.51018274,1,1,unassigned,53.0,51.0,2.0,0.9622642,0.03773585,0.03773582,0.09864604,0.0037224921,1,0,0,1,0
57547,-1,0,3.342199,0.96584845,1,1,unassigned,9.0,9.0,0.0,1.0,0.0,0.0,0.013539651,0.0,0,0,0,1,1
57548,-1,1,6.523959,0.9985343,1,1,unassigned,7.0,6.0,1.0,0.85714287,0.14285715,0.14285713,0.00967118,0.0013815971,1,0,0,1,1
57549,-1,1,3.8265154,0.9786791,1,1,unassigned,2.0,2.0,0.0,1.0,0.0,0.0,0.0,0.0,1,0,0,1,1
57550,-1,1,5.9564595,0.99741757,1,1,unassigned,20.0,18.0,2.0,0.9,0.1,0.100000024,0.034816246,0.0034816246,1,0,0,1,1
57551,-1,0,4.457588,0.98854256,1,1,unassigned,9.0,9.0,0.0,1.0,0.0,0.0,0.013539651,0.0,0,0,0,1,1
57552,-1,0,3.1171212,0.9575935,1,1,unassigned,3.0,3.0,0.0,1.0,0.0,0.0,0.001934236,0.0,0,0,0,1,1
57553,-1,0,2.1159537,0.89244413,1,1,unassigned,7.0,5.0,2.0,0.71428573,0.2857143,0.28571427,0.00967118,0.0027631943,0,0,0,1,0
57554,-1,1,-0.48782048,0.38040715,0,1,unassigned,41.0,40.0,1.0,0.9756098,0.024390243,0.02439022,0.07543521,0.001839883,1,0,0,0,0
57555,-1,0,-0.62246716,0.3492205,0,1,unassigned,4.0,4.0,0.0,1.0,0.0,0.0,0.003868472,0.0,0,0,0,0,0
57556,-1,0,1.1442904,0.75846654,1,1,unassigned,7.0,4.0,3.0,0.5714286,0.42857143,0.4285714,0.00967118,0.0041447915,0,0,0,1,0
57557,-1,1,0.3527003,0.5872722,1,1,unassigned,52.0,50.0,2.0,0.96153843,0.03846154,0.038461566,0.0967118,0.0037196847,1,0,0,1,0
57558,-1,0,9.117041,0.9998902,1,1,unassigned,6.0,5.0,1.0,0.8333333,0.16666667,0.16666669,0.007736944,0.0012894907,0,0,0,1,1
57559,-1,1,-0.09381536,0.4765634,0,1,unassigned,92.0,92.0,0.0,1.0,0.0,0.0,0.17408124,0.0,1,0,0,0,0
57560,-1,1,-0.29539213,0.4266843,0,1,unassigned,120.0,116.0,4.0,0.96666664,0.033333335,0.03333336,0.22823985,0.0076079955,1,0,0,0,0
57561,-1,0,-0.6049212,0.3532186,0,1,unassigned,36.0,36.0,0.0,1.0,0.0,0.0,0.065764025,0.0,0,0,0,0,0
57562,-1,1,-0.2736772,0.43200457,0,1,unassigned,36.0,34.0,2.0,0.9444444,0.055555556,0.055555582,0.065764025,0.003653557,1,0,0,0,0
57563,0,1,-0.8365561,0.3022606,0,0,val,59.0,57.0,2.0,0.9661017,0.033898305,0.033898294,0.11025145,0.0037373372,1,0,1,0,0
57564,-1,1,0.98054737,0.7272168,1,1,unassigned,41.0,41.0,0.0,1.0,0.0,0.0,0.07543521,0.0,1,0,0,1,0
57565,-1,0,0.7926387,0.6883976,1,1,unassigned,9.0,9.0,0.0,1.0,0.0,0.0,0.013539651,0.0,0,0,0,1,0
57566,-1,0,-1.0438187,0.26041386,0,1,unassigned,2.0,2.0,0.0,1.0,0.0,0.0,0.0,0.0,0,0,0,0,0
57567,-1,0,1.4422836,0.8088081,1,1,unassigned,4.0,4.0,0.0,1.0,0.0,0.0,0.003868472,0.0,0,0,0,1,0
57568,-1,0,6.2405486,0.998055,1,1,unassigned,2.0,2.0,0.0,1.0,0.0,0.0,0.0,0.0,0,0,0,1,1
57569,-1,1,2.3856747,0.9157284,1,1,unassigned,5.0,4.0,1.0,0.8,0.2,0.19999999,0.0058027077,0.0011605415,1,0,0,1,1
57570,-1,0,1.0275977,0.73644984,1,1,unassigned,2.0,2.0,0.0,1.0,0.0,0.0,0.0,0.0,0,0,0,1,0
57571,-1,0,-0.16979593,0.45765272,0,1,unassigned,3.0,3.0,0.0,1.0,0.0,0.0,0.001934236,0.0,0,0,0,0,0
57572,0,1,0.28262568,0.57018983,1,1,unassigned,5.0,3.0,2.0,0.6,0.4,0.39999998,0.0058027077,0.002321083,1,0,0,1,0
57573,-1,1,6.738569,0.9988171,1,1,unassigned,2.0,2.0,0.0,1.0,0.0,0.0,0.0,0.0,1,0,0,1,1
57574,-1,0,3.9843562,0.9817354,1,1,unassigned,24.0,23.0,1.0,0.9583333,0.041666668,0.041666687,0.04255319,0.0017730496,0,0,0,1,1
57575,-1,0,1.1248868,0.754894,1,1,unassigned,7.0,7.0,0.0,1.0,0.0,0.0,0.00967118,0.0,0,0,0,1,0
57576,1,0,3.644437,0.97452956,1,0,unassigned,9.0,9.0,0.0,1.0,0.0,0.0,0.013539651,0.0,0,0,1,1,1
57577,-1,1,6.533296,0.99854785,1,1,unassigned,3.0,3.0,0.0,1.0,0.0,0.0,0.001934236,0.0,1,0,0,1,1
57578,-1,1,2.6261437,0.93252534,1,1,unassigned,8.0,8.0,0.0,1.0,0.0,0.0,0.0116054155,0.0,1,0,0,1,1
57579,-1,0,0.24203545,0.5602152,1,1,unassigned,4.0,4.0,0.0,1.0,0.0,0.0,0.003868472,0.0,0,0,0,1,0
57580,-1,1,2.8207455,0.9437867,1,1,unassigned,3.0,3.0,0.0,1.0,0.0,0.0,0.001934236,0.0,1,0,0,1,1
57581,0,1,-0.34680462,0.4141575,0,0,test,5.0,4.0,1.0,0.8,0.2,0.19999999,0.0058027077,0.0011605415,1,0,1,0,0
57582,-1,0,3.2755005,0.9635787,1,1,unassigned,10.0,8.0,2.0,0.8,0.2,0.19999999,0.015473888,0.0030947777,0,0,0,1,1
57583,-1,0,12.651976,0.9999968,1,1,unassigned,3.0,2.0,1.0,0.6666667,0.33333334,0.3333333,0.001934236,0.00064474536,0,0,0,1,1
57584,-1,1,4.3741145,0.9875574,1,1,unassigned,4.0,2.0,2.0,0.5,0.5,0.5,0.003868472,0.001934236,1,0,0,1,1
57585,-1,0,0.46750027,0.6147919,1,1,unassigned,6.0,6.0,0.0,1.0,0.0,0.0,0.007736944,0.0,0,0,0,1,0
57586,-1,0,5.2364297,0.9947089,1,1,unassigned,3.0,3.0,0.0,1.0,0.0,0.0,0.001934236,0.0,0,0,0,1,1
57587,1,1,0.45248038,0.6112288,1,0,test,8.0,7.0,1.0,0.875,0.125,0.125,0.0116054155,0.0014506769,1,0,1,1,0
57588,-1,1,-0.6244746,0.34876445,0,1,unassigned,19.0,19.0,0.0,1.0,0.0,0.0,0.032882012,0.0,1,0,0,0,0
57589,-1,0,2.6987765,0.9369544,1,1,unassigned,27.0,25.0,2.0,0.9259259,0.074074075,0.07407409,0.0483559,0.0035819185,0,0,0,1,1
57590,-1,0,6.268682,0.99810886,1,1,unassigned,4.0,3.0,1.0,0.75,0.25,0.25,0.003868472,0.000967118,0,0,0,1,1
57591,-1,0,-0.34869874,0.41369805,0,1,unassigned,13.0,13.0,0.0,1.0,0.0,0.0,0.021276595,0.0,0,0,0,0,0
57592,-1,0,0.77215487,0.68398684,1,1,unassigned,11.0,11.0,0.0,1.0,0.0,0.0,0.017408123,0.0,0,0,0,1,0
57593,-1,0,0.12386626,0.53092706,1,1,unassigned,9.0,9.0,0.0,1.0,0.0,0.0,0.013539651,0.0,0,0,0,1,0
57594,-1,1,0.19628245,0.54891366,1,1,unassigned,7.0,6.0,1.0,0.85714287,0.14285715,0.14285713,0.00967118,0.0013815971,1,0,0,1,0
57595,-1,1,-0.86448956,0.29640222,0,1,unassigned,32.0,29.0,3.0,0.90625,0.09375,0.09375,0.058027077,0.0054400386,1,0,0,0,0
57596,-1,0,-0.4388802,0.3920078,0,1,unassigned,3.0,2.0,1.0,0.6666667,0.33333334,0.3333333,0.001934236,0.00064474536,0,0,0,0,0
57597,1,0,0.068626165,0.5171498,1,0,val,54.0,53.0,1.0,0.9814815,0.018518519,0.018518507,0.10058027,0.0018625975,0,0,1,1,0
57598,-1,0,0.14050692,0.53506905,1,1,unassigned,3.0,3.0,0.0,1.0,0.0,0.0,0.001934236,0.0,0,0,0,1,0
57599,-1,0,-0.66642946,0.33929685,0,1,unassigned,18.0,18.0,0.0,1.0,0.0,0.0,0.030947777,0.0,0,0,0,0,0
57600,-1,0,1.5823886,0.8295426,1,1,unassigned,9.0,6.0,3.0,0.6666667,0.33333334,0.3333333,0.013539651,0.004513217,0,0,0,1,0
57601,-1,0,0.8950122,0.70992345,1,1,unassigned,7.0,7.0,0.0,1.0,0.0,0.0,0.00967118,0.0,0,0,0,1,0
57602,0,0,-0.46138698,0.38665682,0,0,val,27.0,27.0,0.0,1.0,0.0,0.0,0.0483559,0.0,0,0,1,0,0
57603,-1,1,3.2036605,0.9609718,1,1,unassigned,53.0,34.0,19.0,0.6415094,0.35849056,0.3584906,0.09864604,0.035363674,1,0,0,1,1
57604,0,0,-0.13864791,0.4653934,0,0,test,31.0,31.0,0.0,1.0,0.0,0.0,0.056092843,0.0,0,0,1,0,0
57605,-1,0,0.8132711,0.6928061,1,1,unassigned,2.0,2.0,0.0,1.0,0.0,0.0,0.0,0.0,0,0,0,1,0
57606,-1,1,2.5465925,0.92734426,1,1,unassigned,39.0,39.0,0.0,1.0,0.0,0.0,0.07156673,0.0,1,0,0,1,1
57607,-1,0,-0.35375547,0.412472,0,1,unassigned,15.0,15.0,0.0,1.0,0.0,0.0,0.025145067,0.0,0,0,0,0,0
57608,-1,1,2.1168797,0.892533,1,1,unassigned,20.0,16.0,4.0,0.8,0.2,0.19999999,0.034816246,0.0069632493,1,0,0,1,0
57609,-1,1,0.26821476,0.56665456,1,1,unassigned,13.0,13.0,0.0,1.0,0.0,0.0,0.021276595,0.0,1,0,0,1,0
57610,-1,0,1.8094163,0.8592913,1,1,unassigned,7.0,7.0,0.0,1.0,0.0,0.0,0.00967118,0.0,0,0,0,1,0
57611,-1,1,4.063474,0.9831013,1,1,unassigned,4.0,3.0,1.0,0.75,0.25,0.25,0.003868472,0.000967118,1,0,0,1,1
57612,-1,1,-0.033247888,0.4916888,0,1,unassigned,3.0,3.0,0.0,1.0,0.0,0.0,0.001934236,0.0,1,0,0,0,0
57613,-1,1,5.712662,0.996707,1,1,unassigned,2.0,2.0,0.0,1.0,0.0,0.0,0.0,0.0,1,0,0,1,1
57614,-1,1,0.74453026,0.6779857,1,1,unassigned,21.0,20.0,1.0,0.95238096,0.04761905,0.047619045,0.036750484,0.0017500231,1,0,0,1,0
57615,-1,0,-0.43178675,0.39369977,0,1,unassigned,2.0,2.0,0.0,1.0,0.0,0.0,0.0,0.0,0,0,0,0,0
57616,-1,0,-0.39847368,0.40167913,0,1,unassigned,4.0,4.0,0.0,1.0,0.0,0.0,0.003868472,0.0,0,0,0,0,0
57617,-1,0,-0.5078057,0.37570804,0,1,unassigned,2.0,2.0,0.0,1.0,0.0,0.0,0.0,0.0,0,0,0,0,0
57618,-1,0,1.3501029,0.7941465,1,1,unassigned,2.0,2.0,0.0,1.0,0.0,0.0,0.0,0.0,0,0,0,1,0
57619,-1,0,1.3738317,0.7979985,1,1,unassigned,16.0,16.0,0.0,1.0,0.0,0.0,0.027079303,0.0,0,0,0,1,0
57620,-1,1,-0.5334583,0.36971068,0,1,unassigned,49.0,47.0,2.0,0.9591837,0.040816326,0.040816307,0.09090909,0.0037105752,1,0,0,0,0
57621,-1,1,-0.29312798,0.42723826,0,1,unassigned,54.0,50.0,4.0,0.9259259,0.074074075,0.07407409,0.10058027,0.00745039,1,0,0,0,0
57622,-1,0,-0.3916904,0.40331042,0,1,unassigned,2.0,2.0,0.0,1.0,0.0,0.0,0.0,0.0,0,0,0,0,0
57623,-1,0,0.40537584,0.5999786,1,1,unassigned,25.0,23.0,2.0,0.92,0.08,0.07999998,0.044487428,0.003558994,0,0,0,1,0
57624,-1,1,-0.3454914,0.41447616,0,1,unassigned,55.0,53.0,2.0,0.96363634,0.036363635,0.03636366,0.102514505,0.0037278,1,0,0,0,0
57625,-1,0,-0.27417034,0.4318836,0,1,unassigned,12.0,12.0,0.0,1.0,0.0,0.0,0.01934236,0.0,0,0,0,0,0
57626,-1,1,-0.040139675,0.48996645,0,1,unassigned,32.0,32.0,0.0,1.0,0.0,0.0,0.058027077,0.0,1,0,0,0,0
57627,-1,1,-0.8695935,0.2953389,0,1,unassigned,57.0,57.0,0.0,1.0,0.0,0.0,0.10638298,0.0,1,0,0,0,0
57628,-1,0,-0.7890786,0.31236655,0,1,unassigned,3.0,2.0,1.0,0.6666667,0.33333334,0.3333333,0.001934236,0.00064474536,0,0,0,0,0
57629,-1,0,3.3856366,0.9672527,1,1,unassigned,8.0,7.0,1.0,0.875,0.125,0.125,0.0116054155,0.0014506769,0,0,0,1,1
57630,-1,0,1.6338782,0.83670026,1,1,unassigned,7.0,7.0,0.0,1.0,0.0,0.0,0.00967118,0.0,0,0,0,1,0
57631,-1,1,1.6001179,0.8320349,1,1,unassigned,8.0,8.0,0.0,1.0,0.0,0.0,0.0116054155,0.0,1,0,0,1,0
57632,-1,0,1.9481757,0.87524754,1,1,unassigned,2.0,2.0,0.0,1.0,0.0,0.0,0.0,0.0,0,0,0,1,0
57633,1,0,0.60294634,0.6463301,1,0,unassigned,46.0,46.0,0.0,1.0,0.0,0.0,0.08510638,0.0,0,0,1,1,0
57634,-1,0,-0.6312357,0.34723037,0,1,unassigned,16.0,15.0,1.0,0.9375,0.0625,0.0625,0.027079303,0.0016924564,0,0,0,0,0
57635,-1,1,0.92673236,0.7164118,1,1,unassigned,5.0,2.0,3.0,0.4,0.6,0.6,0.0058027077,0.0034816249,1,0,0,1,0
57636,-1,0,-0.9175824,0.28545076,0,1,unassigned,7.0,7.0,0.0,1.0,0.0,0.0,0.00967118,0.0,0,0,0,0,0
57637,-1,0,2.5394518,0.9268617,1,1,unassigned,6.0,6.0,0.0,1.0,0.0,0.0,0.007736944,0.0,0,0,0,1,1
57638,-1,1,-0.77902293,0.31453052,0,1,unassigned,43.0,41.0,2.0,0.95348835,0.046511628,0.04651165,0.079303674,0.0036885429,1,0,0,0,0
57639,-1,0,0.8509951,0.70077586,1,1,unassigned,3.0,3.0,0.0,1.0,0.0,0.0,0.001934236,0.0,0,0,0,1,0
57640,-1,1,0.9137811,0.71377325,1,1,unassigned,9.0,8.0,1.0,0.8888889,0.11111111,0.111111104,0.013539651,0.0015044058,1,0,0,1,0
57641,-1,0,-0.19805825,0.45064664,0,1,unassigned,34.0,34.0,0.0,1.0,0.0,0.0,0.061895553,0.0,0,0,0,0,0
57642,-1,0,-0.40213645,0.40079913,0,1,unassigned,18.0,18.0,0.0,1.0,0.0,0.0,0.030947777,0.0,0,0,0,0,0
57643,-1,0,-0.8733263,0.29456264,0,1,unassigned,6.0,6.0,0.0,1.0,0.0,0.0,0.007736944,0.0,0,0,0,0,0
57644,-1,1,-0.6225788,0.34919518,0,1,unassigned,32.0,26.0,6.0,0.8125,0.1875,0.1875,0.058027077,0.010880077,1,0,0,0,0
57645,-1,0,-0.075650215,0.48109648,0,1,unassigned,4.0,4.0,0.0,1.0,0.0,0.0,0.003868472,0.0,0,0,0,0,0
57646,-1,1,-0.90441394,0.28814426,0,1,unassigned,54.0,54.0,0.0,1.0,0.0,0.0,0.10058027,0.0,1,0,0,0,0
57647,1,1,-0.45984435,0.38702273,0,1,unassigned,41.0,40.0,1.0,0.9756098,0.024390243,0.02439022,0.07543521,0.001839883,1,0,0,0,0
57648,-1,1,-0.37285316,0.40785182,0,1,unassigned,48.0,41.0,7.0,0.8541667,0.14583333,0.14583331,0.088974856,0.012975499,1,0,0,0,0
57649,-1,0,2.2436213,0.9040989,1,1,unassigned,3.0,3.0,0.0,1.0,0.0,0.0,0.001934236,0.0,0,0,0,1,1
57650,-1,0,-0.25947186,0.43549353,0,1,unassigned,29.0,29.0,0.0,1.0,0.0,0.0,0.05222437,0.0,0,0,0,0,0
57651,-1,0,0.64330214,0.6554996,1,1,unassigned,2.0,2.0,0.0,1.0,0.0,0.0,0.0,0.0,0,0,0,1,0
57652,-1,0,3.1157491,0.9575377,1,1,unassigned,4.0,3.0,1.0,0.75,0.25,0.25,0.003868472,0.000967118,0,0,0,1,1
57653,-1,0,1.595031,0.8313228,1,1,unassigned,3.0,3.0,0.0,1.0,0.0,0.0,0.001934236,0.0,0,0,0,1,0
57654,-1,1,4.2405396,0.9858046,1,1,unassigned,21.0,21.0,0.0,1.0,0.0,0.0,0.036750484,0.0,1,0,0,1,1
57655,-1,0,-0.4782794,0.3826585,0,1,unassigned,4.0,4.0,0.0,1.0,0.0,0.0,0.003868472,0.0,0,0,0,0,0
57656,0,0,-0.29476345,0.4268381,0,0,unassigned,4.0,4.0,0.0,1.0,0.0,0.0,0.003868472,0.0,0,0,1,0,0
57657,-1,1,4.772069,0.99160814,1,1,unassigned,2.0,2.0,0.0,1.0,0.0,0.0,0.0,0.0,1,0,0,1,1
57658,-1,0,-0.1128667,0.4718133,0,1,unassigned,5.0,5.0,0.0,1.0,0.0,0.0,0.0058027077,0.0,0,0,0,0,0
57659,-1,1,2.8593433,0.94579965,1,1,unassigned,3.0,3.0,0.0,1.0,0.0,0.0,0.001934236,0.0,1,0,0,1,1
57660,-1,1,-0.64308095,0.34455043,0,1,unassigned,8.0,8.0,0.0,1.0,0.0,0.0,0.0116054155,0.0,1,0,0,0,0
57661,-1,0,0.801349,0.6902629,1,1,unassigned,11.0,11.0,0.0,1.0,0.0,0.0,0.017408123,0.0,0,0,0,1,0
57662,-1,0,2.0223827,0.8831272,1,1,unassigned,63.0,62.0,1.0,0.984127,0.015873017,0.015873015,0.11798839,0.0018728317,0,0,0,1,0
57663,-1,0,2.162822,0.8968609,1,1,unassigned,16.0,16.0,0.0,1.0,0.0,0.0,0.027079303,0.0,0,0,0,1,0
57664,-1,0,0.43438095,0.6069193,1,1,unassigned,4.0,4.0,0.0,1.0,0.0,0.0,0.003868472,0.0,0,0,0,1,0
57665,-1,0,0.6514129,0.6573288,1,1,unassigned,2.0,1.0,1.0,0.5,0.5,0.5,0.0,0.0,0,0,0,1,0
57666,-1,0,3.103597,0.9570409,1,1,unassigned,13.0,13.0,0.0,1.0,0.0,0.0,0.021276595,0.0,0,0,0,1,1
57667,1,0,0.045041442,0.5112584,1,0,unassigned,6.0,5.0,1.0,0.8333333,0.16666667,0.16666669,0.007736944,0.0012894907,0,0,1,1,0
57668,-1,1,1.87661,0.8672213,1,1,unassigned,2.0,2.0,0.0,1.0,0.0,0.0,0.0,0.0,1,0,0,1,0
57669,-1,1,2.873553,0.9465235,1,1,unassigned,41.0,39.0,2.0,0.9512195,0.048780486,0.0487805,0.07543521,0.003679766,1,0,0,1,1
57670,-1,1,-0.28686208,0.42877224,0,1,unassigned,8.0,7.0,1.0,0.875,0.125,0.125,0.0116054155,0.0014506769,1,0,0,0,0
57671,-1,0,1.1068978,0.7515503,1,1,unassigned,27.0,24.0,3.0,0.8888889,0.11111111,0.111111104,0.0483559,0.0053728777,0,0,0,1,0
57672,-1,1,-0.3119226,0.42264554,0,1,unassigned,38.0,34.0,4.0,0.8947368,0.10526316,0.10526317,0.06963249,0.0073297364,1,0,0,0,0
57673,-1,1,3.529401,0.9715128,1,1,unassigned,5.0,5.0,0.0,1.0,0.0,0.0,0.0058027077,0.0,1,0,0,1,1
57674,-1,1,3.4445288,0.9690675,1,1,unassigned,18.0,17.0,1.0,0.9444444,0.055555556,0.055555582,0.030947777,0.0017193209,1,0,0,1,1
57675,-1,1,2.737835,0.93922263,1,1,unassigned,19.0,16.0,3.0,0.84210527,0.15789473,0.15789473,0.032882012,0.0051918966,1,0,0,1,1
57676,-1,1,-0.9174874,0.28547013,0,1,unassigned,13.0,9.0,4.0,0.6923077,0.30769232,0.3076923,0.021276595,0.006546645,1,0,0,0,0
57677,-1,0,-0.14562052,0.46365902,0,1,unassigned,6.0,6.0,0.0,1.0,0.0,0.0,0.007736944,0.0,0,0,0,0,0
57678,0,0,-0.27496657,0.4316882,0,0,unassigned,24.0,24.0,0.0,1.0,0.0,0.0,0.04255319,0.0,0,0,1,0,0
57679,-1,0,0.42934275,0.6057167,1,1,unassigned,48.0,47.0,1.0,0.9791667,0.020833334,0.020833313,0.088974856,0.0018536429,0,0,0,1,0
57680,-1,0,-0.716322,0.3282034,0,1,unassigned,3.0,2.0,1.0,0.6666667,0.33333334,0.3333333,0.001934236,0.00064474536,0,0,0,0,0
57681,-1,1,-0.44918162,0.38955536,0,1,unassigned,9.0,8.0,1.0,0.8888889,0.11111111,0.111111104,0.013539651,0.0015044058,1,0,0,0,0
57682,0,0,-0.72892565,0.32543054,0,0,val,8.0,8.0,0.0,1.0,0.0,0.0,0.0116054155,0.0,0,0,1,0,0
57683,1,1,7.152265,0.9992175,1,0,train,2.0,2.0,0.0,1.0,0.0,0.0,0.0,0.0,1,0,1,1,1
57684,-1,0,-0.6361694,0.34611294,0,1,unassigned,41.0,40.0,1.0,0.9756098,0.024390243,0.02439022,0.07543521,0.001839883,0,0,0,0,0
57685,0,0,-0.87864816,0.29345798,0,0,unassigned,4.0,4.0,0.0,1.0,0.0,0.0,0.003868472,0.0,0,0,1,0,0
57686,-1,1,-0.9428762,0.28031975,0,1,unassigned,2.0,2.0,0.0,1.0,0.0,0.0,0.0,0.0,1,0,0,0,0
57687,-1,0,1.4435976,0.8090111,1,1,unassigned,3.0,3.0,0.0,1.0,0.0,0.0,0.001934236,0.0,0,0,0,1,0
57688,-1,0,0.8494323,0.70044804,1,1,unassigned,5.0,5.0,0.0,1.0,0.0,0.0,0.0058027077,0.0,0,0,0,1,0
57689,-1,0,2.8448532,0.945052,1,1,unassigned,12.0,12.0,0.0,1.0,0.0,0.0,0.01934236,0.0,0,0,0,1,1
57690,-1,0,5.4874816,0.9958788,1,1,unassigned,2.0,2.0,0.0,1.0,0.0,0.0,0.0,0.0,0,0,0,1,1
57691,-1,1,3.127436,0.9580104,1,1,unassigned,13.0,13.0,0.0,1.0,0.0,0.0,0.021276595,0.0,1,0,0,1,1
57692,-1,0,0.3049869,0.5756611,1,1,unassigned,3.0,1.0,2.0,0.33333334,0.6666667,0.6666666,0.001934236,0.0012894907,0,0,0,1,0
57693,-1,1,-0.32734984,0.4188856,0,1,unassigned,2.0,2.0,0.0,1.0,0.0,0.0,0.0,0.0,1,0,0,0,0
57694,-1,0,-0.8382003,0.30191395,0,1,unassigned,29.0,29.0,0.0,1.0,0.0,0.0,0.05222437,0.0,0,0,0,0,0
57695,-1,1,-0.29610628,0.42650962,0,1,unassigned,70.0,67.0,3.0,0.95714283,0.042857144,0.04285717,0.13152805,0.0056369165,1,0,0,0,0
57696,-1,0,-0.5899735,0.3566409,0,1,unassigned,15.0,15.0,0.0,1.0,0.0,0.0,0.025145067,0.0,0,0,0,0,0
57697,-1,0,7.331105,0.9993456,1,1,unassigned,2.0,2.0,0.0,1.0,0.0,0.0,0.0,0.0,0,0,0,1,1
57698,-1,0,6.0246434,0.99758744,1,1,unassigned,2.0,2.0,0.0,1.0,0.0,0.0,0.0,0.0,0,0,0,1,1
57699,-1,1,1.4078567,0.80342764,1,1,unassigned,5.0,5.0,0.0,1.0,0.0,0.0,0.0058027077,0.0,1,0,0,1,0
57700,-1,1,0.83042926,0.69644564,1,1,unassigned,11.0,11.0,0.0,1.0,0.0,0.0,0.017408123,0.0,1,0,0,1,0
57701,-1,0,7.678779,0.9995377,1,1,unassigned,2.0,2.0,0.0,1.0,0.0,0.0,0.0,0.0,0,0,0,1,1
57702,-1,0,2.2056832,0.9007587,1,1,unassigned,28.0,24.0,4.0,0.85714287,0.14285715,0.14285713,0.050290134,0.007184305,0,0,0,1,1
57703,-1,0,1.4828002,0.8149951,1,1,unassigned,7.0,7.0,0.0,1.0,0.0,0.0,0.00967118,0.0,0,0,0,1,0
57704,-1,1,0.07302004,0.51824695,1,1,unassigned,30.0,30.0,0.0,1.0,0.0,0.0,0.054158606,0.0,1,0,0,1,0
57705,-1,0,1.9367287,0.8739923,1,1,unassigned,6.0,6.0,0.0,1.0,0.0,0.0,0.007736944,0.0,0,0,0,1,0
57706,-1,0,0.0025214553,0.5006303,1,1,unassigned,2.0,2.0,0.0,1.0,0.0,0.0,0.0,0.0,0,0,0,1,0
57707,-1,0,-0.150175,0.46252665,0,1,unassigned,7.0,7.0,0.0,1.0,0.0,0.0,0.00967118,0.0,0,0,0,0,0
57708,-1,1,-0.7481553,0.32122338,0,1,unassigned,27.0,24.0,3.0,0.8888889,0.11111111,0.111111104,0.0483559,0.0053728777,1,0,0,0,0
57709,-1,1,-0.19554183,0.45126975,0,1,unassigned,6.0,6.0,0.0,1.0,0.0,0.0,0.007736944,0.0,1,0,0,0,0
57710,-1,0,4.564343,0.98969066,1,1,unassigned,3.0,2.0,1.0,0.6666667,0.33333334,0.3333333,0.001934236,0.00064474536,0,0,0,1,1
57711,-1,1,4.884434,0.99249345,1,1,unassigned,37.0,33.0,4.0,0.8918919,0.10810811,0.1081081,0.06769826,0.0073187314,1,0,0,1,1
57712,-1,0,7.678779,0.9995377,1,1,unassigned,2.0,2.0,0.0,1.0,0.0,0.0,0.0,0.0,0,0,0,1,1
57713,-1,1,1.2344353,0.7745939,1,1,unassigned,41.0,40.0,1.0,0.9756098,0.024390243,0.02439022,0.07543521,0.001839883,1,0,0,1,0
57714,-1,0,7.320081,0.9993383,1,1,unassigned,3.0,3.0,0.0,1.0,0.0,0.0,0.001934236,0.0,0,0,0,1,1
57715,0,1,-0.54330385,0.36741936,0,0,unassigned,52.0,50.0,2.0,0.96153843,0.03846154,0.038461566,0.0967118,0.0037196847,1,0,1,0,0
57716,-1,0,6.853555,0.9989454,1,1,unassigned,2.0,2.0,0.0,1.0,0.0,0.0,0.0,0.0,0,0,0,1,1
57717,-1,1,2.6127312,0.93167645,1,1,unassigned,8.0,6.0,2.0,0.75,0.25,0.25,0.0116054155,0.0029013539,1,0,0,1,1
57718,-1,0,-0.051708758,0.48707566,0,1,unassigned,14.0,14.0,0.0,1.0,0.0,0.0,0.023210831,0.0,0,0,0,0,0
57719,-1,0,8.329706,0.9997588,1,1,unassigned,5.0,5.0,0.0,1.0,0.0,0.0,0.0058027077,0.0,0,0,0,1,1
57720,-1,1,7.8121486,0.99959534,1,1,unassigned,3.0,1.0,2.0,0.33333334,0.6666667,0.6666666,0.001934236,0.0012894907,1,0,0,1,1
57721,0,1,6.7877374,0.9988738,1,1,unassigned,8.0,5.0,3.0,0.625,0.375,0.375,0.0116054155,0.004352031,1,0,0,1,1
57722,-1,0,0.9196561,0.714972,1,1,unassigned,10.0,10.0,0.0,1.0,0.0,0.0,0.015473888,0.0,0,0,0,1,0
57723,-1,0,0.10939461,0.5273214,1,1,unassigned,5.0,5.0,0.0,1.0,0.0,0.0,0.0058027077,0.0,0,0,0,1,0
57724,-1,0,7.200374,0.9992543,1,1,unassigned,2.0,2.0,0.0,1.0,0.0,0.0,0.0,0.0,0,0,0,1,1
57725,0,0,1.4408865,0.8085919,1,1,unassigned,9.0,9.0,0.0,1.0,0.0,0.0,0.013539651,0.0,0,0,0,1,0
57726,-1,0,0.24138474,0.56005484,1,1,unassigned,21.0,21.0,0.0,1.0,0.0,0.0,0.036750484,0.0,0,0,0,1,0
57727,-1,0,4.099747,0.9836934,1,1,unassigned,3.0,3.0,0.0,1.0,0.0,0.0,0.001934236,0.0,0,0,0,1,1
57728,-1,1,3.291785,0.96414584,1,1,unassigned,11.0,8.0,3.0,0.72727275,0.27272728,0.27272725,0.017408123,0.00474767,1,0,0,1,1
57729,-1,0,5.112139,0.9940129,1,1,unassigned,10.0,8.0,2.0,0.8,0.2,0.19999999,0.015473888,0.0030947777,0,0,0,1,1
57730,-1,0,3.9119294,0.98039037,1,1,unassigned,24.0,24.0,0.0,1.0,0.0,0.0,0.04255319,0.0,0,0,0,1,1
57731,-1,0,10.4546385,0.99997115,1,1,unassigned,3.0,3.0,0.0,1.0,0.0,0.0,0.001934236,0.0,0,0,0,1,1
57732,-1,0,7.200374,0.9992543,1,1,unassigned,2.0,2.0,0.0,1.0,0.0,0.0,0.0,0.0,0,0,0,1,1
57733,-1,0,0.10494214,0.5262115,1,1,unassigned,16.0,16.0,0.0,1.0,0.0,0.0,0.027079303,0.0,0,0,0,1,0
57734,1,0,5.671037,0.9965675,1,0,test,9.0,8.0,1.0,0.8888889,0.11111111,0.111111104,0.013539651,0.0015044058,0,0,1,1,1
57735,1,0,-0.13528866,0.46622935,0,1,unassigned,21.0,20.0,1.0,0.95238096,0.04761905,0.047619045,0.036750484,0.0017500231,0,0,0,0,0
57736,-1,1,3.2422044,0.962392,1,1,unassigned,8.0,4.0,4.0,0.5,0.5,0.5,0.0116054155,0.0058027077,1,0,0,1,1
57737,-1,1,-0.37729567,0.40677932,0,1,unassigned,35.0,32.0,3.0,0.9142857,0.08571429,0.08571428,0.06382979,0.005471125,1,0,0,0,0
57738,-1,1,-0.64617497,0.343852,0,1,unassigned,27.0,26.0,1.0,0.962963,0.037037037,0.037037015,0.0483559,0.0017909593,1,0,0,0,0
57739,-1,1,-0.5812818,0.35863772,0,1,unassigned,32.0,29.0,3.0,0.90625,0.09375,0.09375,0.058027077,0.0054400386,1,0,0,0,0
57740,-1,0,5.7274528,0.9967552,1,1,unassigned,3.0,3.0,0.0,1.0,0.0,0.0,0.001934236,0.0,0,0,0,1,1
57741,-1,0,7.3608823,0.9993648,1,1,unassigned,3.0,3.0,0.0,1.0,0.0,0.0,0.001934236,0.0,0,0,0,1,1
57742,-1,1,-0.78685087,0.31284526,0,1,unassigned,38.0,38.0,0.0,1.0,0.0,0.0,0.06963249,0.0,1,0,0,0,0
57743,-1,0,2.7480695,0.93980426,1,1,unassigned,2.0,2.0,0.0,1.0,0.0,0.0,0.0,0.0,0,0,0,1,1
57744,0,0,-0.07565904,0.48109427,0,0,val,36.0,36.0,0.0,1.0,0.0,0.0,0.065764025,0.0,0,0,1,0,0
57745,-1,1,-0.19929153,0.45034137,0,1,unassigned,2.0,2.0,0.0,1.0,0.0,0.0,0.0,0.0,1,0,0,0,0
57746,1,0,8.244518,0.9997373,1,0,unassigned,2.0,2.0,0.0,1.0,0.0,0.0,0.0,0.0,0,0,1,1,1
57747,-1,0,2.1946375,0.8997669,1,1,unassigned,13.0,12.0,1.0,0.9230769,0.07692308,0.07692307,0.021276595,0.0016366612,0,0,0,1,0
57748,-1,0,0.14735216,0.53677154,1,1,unassigned,3.0,3.0,0.0,1.0,0.0,0.0,0.001934236,0.0,0,0,0,1,0
57749,-1,1,0.24626344,0.5612566,1,1,unassigned,11.0,11.0,0.0,1.0,0.0,0.0,0.017408123,0.0,1,0,0,1,0
57750,-1,0,-0.73837364,0.32335988,0,1,unassigned,3.0,3.0,0.0,1.0,0.0,0.0,0.001934236,0.0,0,0,0,0,0
57751,-1,1,0.52175385,0.6275578,1,1,unassigned,20.0,20.0,0.0,1.0,0.0,0.0,0.034816246,0.0,1,0,0,1,0
57752,1,1,2.542198,0.9270476,1,0,unassigned,52.0,51.0,1.0,0.9807692,0.01923077,0.019230783,0.0967118,0.0018598423,1,0,1,1,1
57753,1,1,7.876242,0.99962044,1,0,unassigned,10.0,8.0,2.0,0.8,0.2,0.19999999,0.015473888,0.0030947777,1,0,1,1,1
57754,-1,0,-0.038932204,0.49026817,0,1,unassigned,42.0,40.0,2.0,0.95238096,0.04761905,0.047619045,0.07736944,0.003684259,0,0,0,0,0
57755,-1,1,-0.75540376,0.319645,0,1,unassigned,29.0,28.0,1.0,0.9655172,0.03448276,0.034482777,0.05222437,0.0018008404,1,0,0,0,0
57756,-1,0,-0.71106327,0.3293639,0,1,unassigned,3.0,3.0,0.0,1.0,0.0,0.0,0.001934236,0.0,0,0,0,0,0
57757,-1,0,0.10945529,0.52733654,1,1,unassigned,3.0,3.0,0.0,1.0,0.0,0.0,0.001934236,0.0,0,0,0,1,0
57758,-1,1,-0.2312243,0.4424501,0,1,unassigned,10.0,10.0,0.0,1.0,0.0,0.0,0.015473888,0.0,1,0,0,0,0
57759,-1,1,-0.4565537,0.3878037,0,1,unassigned,38.0,36.0,2.0,0.94736844,0.05263158,0.052631557,0.06963249,0.0036648682,1,0,0,0,0
57760,-1,0,-0.31160104,0.422724,0,1,unassigned,5.0,5.0,0.0,1.0,0.0,0.0,0.0058027077,0.0,0,0,0,0,0
57761,-1,1,-0.43626472,0.39263135,0,1,unassigned,4.0,3.0,1.0,0.75,0.25,0.25,0.003868472,0.000967118,1,0,0,0,0
57762,-1,1,-0.34334472,0.41499722,0,1,unassigned,25.0,24.0,1.0,0.96,0.04,0.04000002,0.044487428,0.001779497,1,0,0,0,0
57763,-1,0,6.5375195,0.99855405,1,1,unassigned,13.0,11.0,2.0,0.84615386,0.15384616,0.15384614,0.021276595,0.0032733225,0,0,0,1,1
57764,-1,1,-0.48829404,0.38029554,0,1,unassigned,39.0,31.0,8.0,0.7948718,0.20512821,0.2051282,0.07156673,0.014680355,1,0,0,0,0
57765,-1,1,-0.56399596,0.3626234,0,1,unassigned,3.0,1.0,2.0,0.33333334,0.6666667,0.6666666,0.001934236,0.0012894907,1,0,0,0,0
57766,-1,1,-0.92507446,0.28392506,0,1,unassigned,7.0,7.0,0.0,1.0,0.0,0.0,0.00967118,0.0,1,0,0,0,0
57767,-1,0,0.07068902,0.5176649,1,1,unassigned,18.0,18.0,0.0,1.0,0.0,0.0,0.030947777,0.0,0,0,0,1,0
57768,-1,0,1.7560766,0.85271764,1,1,unassigned,3.0,2.0,1.0,0.6666667,0.33333334,0.3333333,0.001934236,0.00064474536,0,0,0,1,0
57769,-1,1,-0.21318084,0.4469057,0,1,unassigned,7.0,2.0,5.0,0.2857143,0.71428573,0.71428573,0.00967118,0.0069079855,1,0,0,0,0
57770,-1,1,-0.83360016,0.30288437,0,1,unassigned,3.0,1.0,2.0,0.33333334,0.6666667,0.6666666,0.001934236,0.0012894907,1,0,0,0,0
57771,-1,1,-0.68868697,0.33432522,0,1,unassigned,31.0,30.0,1.0,0.9677419,0.032258064,0.032258093,0.056092843,0.0018094465,1,0,0,0,0
57772,0,1,-0.7238132,0.32655385,0,0,unassigned,6.0,2.0,4.0,0.33333334,0.6666667,0.6666666,0.007736944,0.005157963,1,0,1,0,0
57773,-1,0,-0.5056826,0.3762062,0,1,unassigned,18.0,18.0,0.0,1.0,0.0,0.0,0.030947777,0.0,0,0,0,0,0
57774,-1,1,-0.61819303,0.35019255,0,1,unassigned,128.0,123.0,5.0,0.9609375,0.0390625,0.0390625,0.24371374,0.009520068,1,0,0,0,0
57775,-1,0,-0.86005974,0.29732686,0,1,unassigned,8.0,8.0,0.0,1.0,0.0,0.0,0.0116054155,0.0,0,0,0,0,0
57776,-1,0,3.7365696,0.97671914,1,1,unassigned,6.0,6.0,0.0,1.0,0.0,0.0,0.007736944,0.0,0,0,0,1,1
57777,-1,0,5.8540034,0.9971398,1,1,unassigned,4.0,4.0,0.0,1.0,0.0,0.0,0.003868472,0.0,0,0,0,1,1
57778,-1,0,4.0790105,0.9833574,1,1,unassigned,8.0,7.0,1.0,0.875,0.125,0.125,0.0116054155,0.0014506769,0,0,0,1,1
57779,-1,0,-0.3834969,0.40528378,0,1,unassigned,26.0,26.0,0.0,1.0,0.0,0.0,0.046421662,0.0,0,0,0,0,0
57780,-1,1,-0.6678794,0.33897185,0,1,unassigned,2.0,2.0,0.0,1.0,0.0,0.0,0.0,0.0,1,0,0,0,0
57781,-1,0,-0.05129528,0.48717898,0,1,unassigned,3.0,3.0,0.0,1.0,0.0,0.0,0.001934236,0.0,0,0,0,0,0
57782,-1,1,3.5976002,0.97334075,1,1,unassigned,11.0,10.0,1.0,0.90909094,0.09090909,0.090909064,0.017408123,0.0015825568,1,0,0,1,1
57783,-1,0,-0.52515656,0.37164727,0,1,unassigned,14.0,14.0,0.0,1.0,0.0,0.0,0.023210831,0.0,0,0,0,0,0
57784,-1,1,-0.40671185,0.39970085,0,1,unassigned,14.0,14.0,0.0,1.0,0.0,0.0,0.023210831,0.0,1,0,0,0,0
57785,-1,1,3.3074553,0.9646837,1,1,unassigned,2.0,2.0,0.0,1.0,0.0,0.0,0.0,0.0,1,0,0,1,1
57786,-1,0,0.9813232,0.72737074,1,1,unassigned,6.0,6.0,0.0,1.0,0.0,0.0,0.007736944,0.0,0,0,0,1,0
57787,1,0,-0.33715302,0.41650122,0,1,unassigned,15.0,15.0,0.0,1.0,0.0,0.0,0.025145067,0.0,0,0,0,0,0
57788,-1,1,-0.26259643,0.43472555,0,1,unassigned,7.0,6.0,1.0,0.85714287,0.14285715,0.14285713,0.00967118,0.0013815971,1,0,0,0,0
57789,-1,1,1.6038847,0.83256066,1,1,unassigned,4.0,4.0,0.0,1.0,0.0,0.0,0.003868472,0.0,1,0,0,1,0
57790,-1,0,-0.61831605,0.35016456,0,1,unassigned,29.0,29.0,0.0,1.0,0.0,0.0,0.05222437,0.0,0,0,0,0,0
57791,0,1,-0.78612435,0.31300145,0,0,val,19.0,19.0,0.0,1.0,0.0,0.0,0.032882012,0.0,1,0,1,0,0
57792,-1,1,0.17036122,0.54248756,1,1,unassigned,30.0,28.0,2.0,0.93333334,0.06666667,0.06666666,0.054158606,0.003610574,1,0,0,1,0
57793,-1,1,3.78773,0.9778546,1,1,unassigned,18.0,18.0,0.0,1.0,0.0,0.0,0.030947777,0.0,1,0,0,1,1
57794,-1,0,1.3682487,0.7970971,1,1,unassigned,7.0,7.0,0.0,1.0,0.0,0.0,0.00967118,0.0,0,0,0,1,0
57795,-1,0,-0.043220222,0.48919663,0,1,unassigned,4.0,4.0,0.0,1.0,0.0,0.0,0.003868472,0.0,0,0,0,0,0
57796,-1,1,-0.8832397,0.2925069,0,1,unassigned,49.0,48.0,1.0,0.97959185,0.020408163,0.020408154,0.09090909,0.0018552876,1,0,0,0,0
57797,-1,0,4.481836,0.98881394,1,1,unassigned,5.0,5.0,0.0,1.0,0.0,0.0,0.0058027077,0.0,0,0,0,1,1
57798,-1,1,-0.43895608,0.39198974,0,1,unassigned,23.0,22.0,1.0,0.95652175,0.04347826,0.04347825,0.040618956,0.0017660416,1,0,0,0,0
57799,-1,0,6.0048056,0.99753916,1,1,unassigned,5.0,4.0,1.0,0.8,0.2,0.19999999,0.0058027077,0.0011605415,0,0,0,1,1
57800,-1,0,-0.5020976,0.37704784,0,1,unassigned,5.0,5.0,0.0,1.0,0.0,0.0,0.0058027077,0.0,0,0,0,0,0
57801,-1,1,-0.43170977,0.39371812,0,1,unassigned,3.0,3.0,0.0,1.0,0.0,0.0,0.001934236,0.0,1,0,0,0,0
57802,-1,1,4.895996,0.99257904,1,1,unassigned,6.0,3.0,3.0,0.5,0.5,0.5,0.007736944,0.003868472,1,0,0,1,1
57803,-1,0,3.1917017,0.96052074,1,1,unassigned,7.0,2.0,5.0,0.2857143,0.71428573,0.71428573,0.00967118,0.0069079855,0,0,0,1,1
57804,-1,0,0.148417,0.5370363,1,1,unassigned,5.0,5.0,0.0,1.0,0.0,0.0,0.0058027077,0.0,0,0,0,1,0
57805,-1,0,5.5776715,0.9962329,1,1,unassigned,5.0,4.0,1.0,0.8,0.2,0.19999999,0.0058027077,0.0011605415,0,0,0,1,1
57806,-1,0,1.2821968,0.7828235,1,1,unassigned,2.0,2.0,0.0,1.0,0.0,0.0,0.0,0.0,0,0,0,1,0
57807,-1,1,3.2546403,0.9628395,1,1,unassigned,4.0,1.0,3.0,0.25,0.75,0.75,0.003868472,0.002901354,1,0,0,1,1
57808,-1,1,-0.57046115,0.36113045,0,1,unassigned,37.0,37.0,0.0,1.0,0.0,0.0,0.06769826,0.0,1,0,0,0,0
57809,-1,1,-0.90258664,0.28851923,0,1,unassigned,26.0,25.0,1.0,0.96153843,0.03846154,0.038461566,0.046421662,0.0017854486,1,0,0,0,0
57810,-1,1,0.50487345,0.62360394,1,1,unassigned,3.0,3.0,0.0,1.0,0.0,0.0,0.001934236,0.0,1,0,0,1,0
57811,-1,1,7.864207,0.9996159,1,1,unassigned,2.0,2.0,0.0,1.0,0.0,0.0,0.0,0.0,1,0,0,1,1
57812,-1,0,0.17203093,0.542902,1,1,unassigned,2.0,2.0,0.0,1.0,0.0,0.0,0.0,0.0,0,0,0,1,0
57813,-1,1,1.3244464,0.7899205,1,1,unassigned,84.0,81.0,3.0,0.96428573,0.035714287,0.03571427,0.15860735,0.0056645484,1,0,0,1,0
57814,-1,0,3.2972689,0.96433496,1,1,unassigned,11.0,10.0,1.0,0.90909094,0.09090909,0.090909064,0.017408123,0.0015825568,0,0,0,1,1
57815,-1,0,-0.22575974,0.44379857,0,1,unassigned,30.0,28.0,2.0,0.93333334,0.06666667,0.06666666,0.054158606,0.003610574,0,0,0,0,0
57816,-1,0,0.018368542,0.504592,1,1,unassigned,9.0,9.0,0.0,1.0,0.0,0.0,0.013539651,0.0,0,0,0,1,0
57817,-1,0,7.8277154,0.99960166,1,1,unassigned,4.0,4.0,0.0,1.0,0.0,0.0,0.003868472,0.0,0,0,0,1,1
57818,-1,0,0.11940652,0.5298162,1,1,unassigned,10.0,10.0,0.0,1.0,0.0,0.0,0.015473888,0.0,0,0,0,1,0
57819,-1,1,1.0559223,0.7419105,1,1,unassigned,8.0,6.0,2.0,0.75,0.25,0.25,0.0116054155,0.0029013539,1,0,0,1,0
57820,-1,1,1.4161329,0.8047315,1,1,unassigned,9.0,9.0,0.0,1.0,0.0,0.0,0.013539651,0.0,1,0,0,1,0
57821,-1,0,2.6549711,0.93431675,1,1,unassigned,2.0,2.0,0.0,1.0,0.0,0.0,0.0,0.0,0,0,0,1,1
57822,-1,1,1.0863988,0.74770296,1,1,unassigned,2.0,2.0,0.0,1.0,0.0,0.0,0.0,0.0,1,0,0,1,0
57823,-1,0,8.691166,0.9998319,1,1,unassigned,3.0,3.0,0.0,1.0,0.0,0.0,0.001934236,0.0,0,0,0,1,1
57824,-1,0,0.3695879,0.5913594,1,1,unassigned,8.0,7.0,1.0,0.875,0.125,0.125,0.0116054155,0.0014506769,0,0,0,1,0
57825,-1,1,1.7042406,0.84608775,1,1,unassigned,6.0,5.0,1.0,0.8333333,0.16666667,0.16666669,0.007736944,0.0012894907,1,0,0,1,0
57826,-1,1,0.12843597,0.5320649,1,1,unassigned,3.0,2.0,1.0,0.6666667,0.33333334,0.3333333,0.001934236,0.00064474536,1,0,0,1,0
57827,1,1,4.2877164,0.9864499,1,0,test,13.0,12.0,1.0,0.9230769,0.07692308,0.07692307,0.021276595,0.0016366612,1,0,1,1,1
57828,-1,0,3.987179,0.98178595,1,1,unassigned,2.0,2.0,0.0,1.0,0.0,0.0,0.0,0.0,0,0,0,1,1
57829,-1,1,0.33996004,0.58418083,1,1,unassigned,4.0,4.0,0.0,1.0,0.0,0.0,0.003868472,0.0,1,0,0,1,0
57830,-1,0,6.119102,0.99780434,1,1,unassigned,12.0,8.0,4.0,0.6666667,0.33333334,0.3333333,0.01934236,0.006447453,0,0,0,1,1
57831,-1,0,2.5578704,0.92810047,1,1,unassigned,2.0,2.0,0.0,1.0,0.0,0.0,0.0,0.0,0,0,0,1,1
57832,-1,0,0.8068957,0.69144756,1,1,unassigned,10.0,10.0,0.0,1.0,0.0,0.0,0.015473888,0.0,0,0,0,1,0
57833,-1,1,-0.30071932,0.42538166,0,1,unassigned,19.0,19.0,0.0,1.0,0.0,0.0,0.032882012,0.0,1,0,0,0,0
57834,-1,1,-0.8040188,0.30916652,0,1,unassigned,11.0,11.0,0.0,1.0,0.0,0.0,0.017408123,0.0,1,0,0,0,0
57835,-1,1,4.111629,0.98388296,1,1,unassigned,24.0,22.0,2.0,0.9166667,0.083333336,0.08333331,0.04255319,0.0035460992,1,0,0,1,1
57836,0,1,-0.56268823,0.3629257,0,0,val,10.0,10.0,0.0,1.0,0.0,0.0,0.015473888,0.0,1,0,1,0,0
57837,-1,1,1.7221613,0.848407,1,1,unassigned,7.0,6.0,1.0,0.85714287,0.14285715,0.14285713,0.00967118,0.0013815971,1,0,0,1,0
57838,-1,0,7.5193896,0.9994578,1,1,unassigned,2.0,2.0,0.0,1.0,0.0,0.0,0.0,0.0,0,0,0,1,1
57839,-1,0,0.90213734,0.7113885,1,1,unassigned,2.0,1.0,1.0,0.5,0.5,0.5,0.0,0.0,0,0,0,1,0
57840,-1,0,1.3848996,0.79977673,1,1,unassigned,2.0,2.0,0.0,1.0,0.0,0.0,0.0,0.0,0,0,0,1,0
57841,-1,0,1.0392721,0.7387095,1,1,unassigned,2.0,2.0,0.0,1.0,0.0,0.0,0.0,0.0,0,0,0,1,0
57842,-1,1,-0.23670119,0.44109946,0,1,unassigned,8.0,8.0,0.0,1.0,0.0,0.0,0.0116054155,0.0,1,0,0,0,0
57843,-1,0,0.71838504,0.6722513,1,1,unassigned,9.0,7.0,2.0,0.7777778,0.22222222,0.22222221,0.013539651,0.0030088115,0,0,0,1,0
57844,-1,0,-0.5805262,0.35881153,0,1,unassigned,3.0,3.0,0.0,1.0,0.0,0.0,0.001934236,0.0,0,0,0,0,0
57845,0,1,-0.63736665,0.34584206,0,0,unassigned,43.0,42.0,1.0,0.9767442,0.023255814,0.023255825,0.079303674,0.0018442714,1,0,1,0,0
57846,-1,0,-0.75713086,0.3192695,0,1,unassigned,6.0,6.0,0.0,1.0,0.0,0.0,0.007736944,0.0,0,0,0,0,0
57847,0,0,0.012622595,0.5031556,1,1,val,2.0,2.0,0.0,1.0,0.0,0.0,0.0,0.0,0,0,0,1,0
57848,-1,1,-0.84897125,0.2996487,0,1,unassigned,19.0,18.0,1.0,0.94736844,0.05263158,0.052631557,0.032882012,0.0017306323,1,0,0,0,0
57849,-1,0,-0.3527799,0.41270846,0,1,unassigned,17.0,17.0,0.0,1.0,0.0,0.0,0.029013539,0.0,0,0,0,0,0
57850,-1,1,2.4291596,0.91902405,1,1,unassigned,21.0,12.0,9.0,0.5714286,0.42857143,0.4285714,0.036750484,0.015750207,1,0,0,1,1
57851,1,0,-0.15499866,0.46132773,0,1,test,3.0,2.0,1.0,0.6666667,0.33333334,0.3333333,0.001934236,0.00064474536,0,0,0,0,0
57852,-1,1,4.5414667,0.9894546,1,1,unassigned,2.0,2.0,0.0,1.0,0.0,0.0,0.0,0.0,1,0,0,1,1
57853,-1,0,-0.0014439225,0.49963906,0,1,unassigned,18.0,15.0,3.0,0.8333333,0.16666667,0.16666669,0.030947777,0.005157963,0,0,0,0,0
57854,-1,1,0.3247109,0.58047193,1,1,unassigned,21.0,19.0,2.0,0.9047619,0.0952381,0.09523809,0.036750484,0.0035000462,1,0,0,1,0
57855,-1,0,-0.6594636,0.3408601,0,1,unassigned,5.0,5.0,0.0,1.0,0.0,0.0,0.0058027077,0.0,0,0,0,0,0
57856,-1,1,4.381001,0.9876418,1,1,unassigned,10.0,10.0,0.0,1.0,0.0,0.0,0.015473888,0.0,1,0,0,1,1
57857,-1,1,9.058617,0.99988365,1,1,unassigned,2.0,2.0,0.0,1.0,0.0,0.0,0.0,0.0,1,0,0,1,1
57858,-1,0,2.4818032,0.9228562,1,1,unassigned,4.0,4.0,0.0,1.0,0.0,0.0,0.003868472,0.0,0,0,0,1,1
57859,-1,0,-0.2570376,0.43609208,0,1,unassigned,2.0,2.0,0.0,1.0,0.0,0.0,0.0,0.0,0,0,0,0,0
57860,0,1,0.042093158,0.5105217,1,1,val,4.0,3.0,1.0,0.75,0.25,0.25,0.003868472,0.000967118,1,0,0,1,0
57861,-1,1,-0.58349895,0.35812786,0,1,unassigned,47.0,47.0,0.0,1.0,0.0,0.0,0.08704062,0.0,1,0,0,0,0
57862,-1,1,0.13645196,0.5340602,1,1,unassigned,22.0,22.0,0.0,1.0,0.0,0.0,0.03868472,0.0,1,0,0,1,0
57863,-1,1,2.6522462,0.93414927,1,1,unassigned,39.0,36.0,3.0,0.9230769,0.07692308,0.07692307,0.07156673,0.0055051334,1,0,0,1,1
57864,-1,1,9.102525,0.99988866,1,1,unassigned,7.0,5.0,2.0,0.71428573,0.2857143,0.28571427,0.00967118,0.0027631943,1,0,0,1,1
57865,-1,1,5.5205674,0.99601245,1,1,unassigned,2.0,2.0,0.0,1.0,0.0,0.0,0.0,0.0,1,0,0,1,1
57866,-1,0,1.0614474,0.74296707,1,1,unassigned,47.0,46.0,1.0,0.9787234,0.021276595,0.021276593,0.08704062,0.001851928,0,0,0,1,0
57867,-1,1,-0.7091044,0.3297968,0,1,unassigned,95.0,91.0,4.0,0.95789474,0.042105265,0.042105258,0.17988394,0.007574061,1,0,0,0,0
57868,-1,0,9.895418,0.9999496,1,1,unassigned,2.0,2.0,0.0,1.0,0.0,0.0,0.0,0.0,0,0,0,1,1
57869,-1,0,-0.16869837,0.45792514,0,1,unassigned,13.0,13.0,0.0,1.0,0.0,0.0,0.021276595,0.0,0,0,0,0,0
57870,1,1,5.96176,0.9974312,1,0,test,10.0,10.0,0.0,1.0,0.0,0.0,0.015473888,0.0,1,0,1,1,1
57871,-1,1,-0.5312782,0.37021884,0,1,unassigned,70.0,67.0,3.0,0.95714283,0.042857144,0.04285717,0.13152805,0.0056369165,1,0,0,0,0
57872,-1,0,-0.24160054,0.43989196,0,1,unassigned,8.0,8.0,0.0,1.0,0.0,0.0,0.0116054155,0.0,0,0,0,0,0
57873,-1,0,0.5166901,0.62637347,1,1,unassigned,2.0,2.0,0.0,1.0,0.0,0.0,0.0,0.0,0,0,0,1,0
57874,-1,1,-0.8483219,0.299785,0,1,unassigned,44.0,44.0,0.0,1.0,0.0,0.0,0.08123791,0.0,1,0,0,0,0
57875,1,0,0.7026512,0.6687753,1,0,test,6.0,6.0,0.0,1.0,0.0,0.0,0.007736944,0.0,0,0,1,1,0
57876,-1,1,-0.06673682,0.483322,0,1,unassigned,36.0,36.0,0.0,1.0,0.0,0.0,0.065764025,0.0,1,0,0,0,0
57877,-1,0,1.2383051,0.77526885,1,1,unassigned,3.0,3.0,0.0,1.0,0.0,0.0,0.001934236,0.0,0,0,0,1,0
57878,-1,1,13.609932,0.9999988,1,1,unassigned,5.0,4.0,1.0,0.8,0.2,0.19999999,0.0058027077,0.0011605415,1,0,0,1,1
57879,-1,1,11.249487,0.999987,1,1,unassigned,6.0,2.0,4.0,0.33333334,0.6666667,0.6666666,0.007736944,0.005157963,1,0,0,1,1
57880,1,1,0.16185313,0.5403752,1,0,val,3.0,3.0,0.0,1.0,0.0,0.0,0.001934236,0.0,1,0,1,1,0
57881,-1,0,-0.3310106,0.41799477,0,1,unassigned,2.0,2.0,0.0,1.0,0.0,0.0,0.0,0.0,0,0,0,0,0
57882,1,1,-0.097727776,0.4755875,0,1,unassigned,11.0,11.0,0.0,1.0,0.0,0.0,0.017408123,0.0,1,0,0,0,0
57883,-1,1,-0.7574547,0.31919912,0,1,unassigned,9.0,9.0,0.0,1.0,0.0,0.0,0.013539651,0.0,1,0,0,0,0
57884,0,1,-0.5416883,0.36779493,0,0,test,3.0,3.0,0.0,1.0,0.0,0.0,0.001934236,0.0,1,0,1,0,0
57885,-1,0,5.8605795,0.9971585,1,1,unassigned,12.0,9.0,3.0,0.75,0.25,0.25,0.01934236,0.00483559,0,0,0,1,1
57886,-1,0,-0.3687303,0.40884787,0,1,unassigned,2.0,1.0,1.0,0.5,0.5,0.5,0.0,0.0,0,0,0,0,0
57887,-1,0,0.8546546,0.7015427,1,1,unassigned,3.0,3.0,0.0,1.0,0.0,0.0,0.001934236,0.0,0,0,0,1,0
57888,-1,0,3.691126,0.9756631,1,1,unassigned,6.0,6.0,0.0,1.0,0.0,0.0,0.007736944,0.0,0,0,0,1,1
57889,-1,0,3.984997,0.9817469,1,1,unassigned,4.0,1.0,3.0,0.25,0.75,0.75,0.003868472,0.002901354,0,0,0,1,1
57890,-1,1,3.9165633,0.98047924,1,1,unassigned,4.0,4.0,0.0,1.0,0.0,0.0,0.003868472,0.0,1,0,0,1,1
57891,-1,0,-0.71925366,0.32755738,0,1,unassigned,7.0,7.0,0.0,1.0,0.0,0.0,0.00967118,0.0,0,0,0,0,0
57892,0,1,-0.538455,0.36854702,0,0,unassigned,40.0,39.0,1.0,0.975,0.025,0.024999976,0.07350097,0.0018375242,1,0,1,0,0
57893,-1,1,0.2334494,0.55809873,1,1,unassigned,18.0,18.0,0.0,1.0,0.0,0.0,0.030947777,0.0,1,0,0,1,0
57894,1,1,-0.11139861,0.47217914,0,1,unassigned,46.0,46.0,0.0,1.0,0.0,0.0,0.08510638,0.0,1,0,0,0,0
57895,-1,1,5.1373143,0.99416083,1,1,unassigned,10.0,9.0,1.0,0.9,0.1,0.100000024,0.015473888,0.0015473888,1,0,0,1,1
57896,-1,0,31.468796,1.0,1,1,unassigned,103.0,103.0,0.0,1.0,0.0,0.0,0.19535783,0.0,0,0,0,1,1
57897,-1,0,-0.4062335,0.39981562,0,1,unassigned,4.0,4.0,0.0,1.0,0.0,0.0,0.003868472,0.0,0,0,0,0,0
57898,-1,0,0.9814175,0.7273894,1,1,unassigned,3.0,3.0,0.0,1.0,0.0,0.0,0.001934236,0.0,0,0,0,1,0
57899,-1,1,3.2209592,0.96161544,1,1,unassigned,3.0,2.0,1.0,0.6666667,0.33333334,0.3333333,0.001934236,0.00064474536,1,0,0,1,1
57900,-1,1,-0.22550231,0.4438621,0,1,unassigned,3.0,3.0,0.0,1.0,0.0,0.0,0.001934236,0.0,1,0,0,0,0
57901,-1,0,-0.47367287,0.38374728,0,1,unassigned,8.0,8.0,0.0,1.0,0.0,0.0,0.0116054155,0.0,0,0,0,0,0
57902,0,0,2.9027612,0.9479827,1,1,test,4.0,4.0,0.0,1.0,0.0,0.0,0.003868472,0.0,0,0,0,1,1
57903,-1,1,2.216109,0.90168685,1,1,unassigned,4.0,3.0,1.0,0.75,0.25,0.25,0.003868472,0.000967118,1,0,0,1,1
57904,-1,0,0.3378989,0.58368003,1,1,unassigned,6.0,6.0,0.0,1.0,0.0,0.0,0.007736944,0.0,0,0,0,1,0
57905,-1,0,-0.73551536,0.32398558,0,1,unassigned,2.0,2.0,0.0,1.0,0.0,0.0,0.0,0.0,0,0,0,0,0
57906,-1,0,2.6720085,0.9353546,1,1,unassigned,3.0,3.0,0.0,1.0,0.0,0.0,0.001934236,0.0,0,0,0,1,1
57907,-1,1,8.493052,0.99979514,1,1,unassigned,2.0,2.0,0.0,1.0,0.0,0.0,0.0,0.0,1,0,0,1,1
57908,-1,1,2.1734846,0.897843,1,1,unassigned,9.0,6.0,3.0,0.6666667,0.33333334,0.3333333,0.013539651,0.004513217,1,0,0,1,0
57909,1,0,8.094542,0.99969494,1,0,unassigned,14.0,11.0,3.0,0.78571427,0.21428572,0.21428573,0.023210831,0.0049737496,0,0,1,1,1
57910,-1,0,1.8793952,0.8675416,1,1,unassigned,4.0,4.0,0.0,1.0,0.0,0.0,0.003868472,0.0,0,0,0,1,0
57911,-1,0,0.27822995,0.5691122,1,1,unassigned,3.0,3.0,0.0,1.0,0.0,0.0,0.001934236,0.0,0,0,0,1,0
57912,-1,1,-0.6607717,0.34056628,0,1,unassigned,34.0,33.0,1.0,0.9705882,0.029411765,0.029411793,0.061895553,0.0018204574,1,0,0,0,0
57913,-1,1,-1.0463881,0.25991926,0,1,unassigned,2.0,2.0,0.0,1.0,0.0,0.0,0.0,0.0,1,0,0,0,0
57914,-1,1,2.7554371,0.9402197,1,1,unassigned,3.0,3.0,0.0,1.0,0.0,0.0,0.001934236,0.0,1,0,0,1,1
57915,0,0,-0.77487314,0.31542587,0,0,unassigned,2.0,2.0,0.0,1.0,0.0,0.0,0.0,0.0,0,0,1,0,0
57916,-1,0,-0.34245902,0.41521224,0,1,unassigned,4.0,4.0,0.0,1.0,0.0,0.0,0.003868472,0.0,0,0,0,0,0
57917,-1,0,1.5628369,0.82676,1,1,unassigned,5.0,4.0,1.0,0.8,0.2,0.19999999,0.0058027077,0.0011605415,0,0,0,1,0
57918,-1,1,0.058019936,0.5145009,1,1,unassigned,2.0,2.0,0.0,1.0,0.0,0.0,0.0,0.0,1,0,0,1,0
57919,-1,1,1.1852593,0.7658921,1,1,unassigned,12.0,12.0,0.0,1.0,0.0,0.0,0.01934236,0.0,1,0,0,1,0
57920,-1,0,0.2626478,0.56528705,1,1,unassigned,6.0,6.0,0.0,1.0,0.0,0.0,0.007736944,0.0,0,0,0,1,0
57921,-1,0,4.710731,0.9910821,1,1,unassigned,5.0,5.0,0.0,1.0,0.0,0.0,0.0058027077,0.0,0,0,0,1,1
57922,-1,1,0.2597785,0.5645819,1,1,unassigned,14.0,14.0,0.0,1.0,0.0,0.0,0.023210831,0.0,1,0,0,1,0
57923,-1,0,0.47135407,0.61570424,1,1,unassigned,4.0,4.0,0.0,1.0,0.0,0.0,0.003868472,0.0,0,0,0,1,0
57924,-1,1,0.64935833,0.6568659,1,1,unassigned,39.0,38.0,1.0,0.974359,0.025641026,0.025641024,0.07156673,0.0018350444,1,0,0,1,0
57925,-1,1,2.5125177,0.92501473,1,1,unassigned,23.0,21.0,2.0,0.9130435,0.08695652,0.0869565,0.040618956,0.0035320832,1,0,0,1,1
57926,-1,1,-0.4215135,0.39615464,0,1,unassigned,70.0,66.0,4.0,0.94285715,0.057142857,0.057142854,0.13152805,0.0075158887,1,0,0,0,0
57927,0,1,-0.48284966,0.38157946,0,0,unassigned,25.0,24.0,1.0,0.96,0.04,0.04000002,0.044487428,0.001779497,1,0,1,0,0
57928,0,1,-0.5788293,0.35920203,0,0,val,39.0,39.0,0.0,1.0,0.0,0.0,0.07156673,0.0,1,0,1,0,0
57929,-1,1,-0.799813,0.3100655,0,1,unassigned,29.0,29.0,0.0,1.0,0.0,0.0,0.05222437,0.0,1,0,0,0,0
57930,-1,1,0.65297204,0.65767986,1,1,unassigned,66.0,60.0,6.0,0.90909094,0.09090909,0.090909064,0.123791106,0.011253737,1,0,0,1,0
57931,-1,1,0.06223625,0.515554,1,1,unassigned,22.0,22.0,0.0,1.0,0.0,0.0,0.03868472,0.0,1,0,0,1,0
57932,-1,0,0.15892226,0.53964716,1,1,unassigned,6.0,6.0,0.0,1.0,0.0,0.0,0.007736944,0.0,0,0,0,1,0
57933,-1,0,2.22447,0.90242547,1,1,unassigned,5.0,5.0,0.0,1.0,0.0,0.0,0.0058027077,0.0,0,0,0,1,1
57934,-1,1,5.8020873,0.9969879,1,1,unassigned,18.0,18.0,0.0,1.0,0.0,0.0,0.030947777,0.0,1,0,0,1,1
57935,-1,1,-0.8577542,0.29780877,0,1,unassigned,3.0,3.0,0.0,1.0,0.0,0.0,0.001934236,0.0,1,0,0,0,0
57936,1,1,-0.9840107,0.2720967,0,1,val,2.0,1.0,1.0,0.5,0.5,0.5,0.0,0.0,1,0,0,0,0
57937,-1,0,-0.82357436,0.30500543,0,1,unassigned,10.0,10.0,0.0,1.0,0.0,0.0,0.015473888,0.0,0,0,0,0,0
57938,-1,1,5.858058,0.99715143,1,1,unassigned,11.0,11.0,0.0,1.0,0.0,0.0,0.017408123,0.0,1,0,0,1,1
57939,-1,0,-0.9164959,0.2856724,0,1,unassigned,47.0,46.0,1.0,0.9787234,0.021276595,0.021276593,0.08704062,0.001851928,0,0,0,0,0
57940,-1,1,2.1830907,0.89872074,1,1,unassigned,8.0,6.0,2.0,0.75,0.25,0.25,0.0116054155,0.0029013539,1,0,0,1,0
57941,-1,1,-0.8542531,0.29854146,0,1,unassigned,58.0,47.0,11.0,0.8103448,0.18965517,0.18965518,0.10831721,0.02054292,1,0,0,0,0
57942,-1,0,0.947774,0.7206673,1,1,unassigned,11.0,11.0,0.0,1.0,0.0,0.0,0.017408123,0.0,0,0,0,1,0
57943,1,1,2.3663814,0.91422755,1,0,unassigned,4.0,2.0,2.0,0.5,0.5,0.5,0.003868472,0.001934236,1,0,1,1,1
57944,-1,0,-0.24495262,0.43906623,0,1,unassigned,9.0,9.0,0.0,1.0,0.0,0.0,0.013539651,0.0,0,0,0,0,0
57945,-1,1,3.9302137,0.98073876,1,1,unassigned,4.0,4.0,0.0,1.0,0.0,0.0,0.003868472,0.0,1,0,0,1,1
57946,-1,1,0.79349786,0.6885819,1,1,unassigned,5.0,4.0,1.0,0.8,0.2,0.19999999,0.0058027077,0.0011605415,1,0,0,1,0
57947,-1,1,-0.5095395,0.37530148,0,1,unassigned,24.0,24.0,0.0,1.0,0.0,0.0,0.04255319,0.0,1,0,0,0,0
57948,-1,1,5.729305,0.99676126,1,1,unassigned,26.0,25.0,1.0,0.96153843,0.03846154,0.038461566,0.046421662,0.0017854486,1,0,0,1,1
57949,-1,0,-0.65910673,0.3409403,0,1,unassigned,2.0,2.0,0.0,1.0,0.0,0.0,0.0,0.0,0,0,0,0,0
57950,0,0,-0.83321893,0.3029649,0,0,unassigned,2.0,2.0,0.0,1.0,0.0,0.0,0.0,0.0,0,0,1,0,0
57951,-1,0,-0.95002747,0.2788793,0,1,unassigned,4.0,4.0,0.0,1.0,0.0,0.0,0.003868472,0.0,0,0,0,0,0
57952,0,0,5.1743326,0.9943719,1,1,val,4.0,4.0,0.0,1.0,0.0,0.0,0.003868472,0.0,0,0,0,1,1
57953,-1,0,-0.484385,0.38121718,0,1,unassigned,11.0,11.0,0.0,1.0,0.0,0.0,0.017408123,0.0,0,0,0,0,0
57954,1,0,16.051357,0.9999999,1,0,test,6.0,4.0,2.0,0.6666667,0.33333334,0.3333333,0.007736944,0.0025789815,0,0,1,1,1
57955,-1,1,4.7529287,0.99144745,1,1,unassigned,6.0,6.0,0.0,1.0,0.0,0.0,0.007736944,0.0,1,0,0,1,1
57956,-1,0,0.19248706,0.54797375,1,1,unassigned,9.0,9.0,0.0,1.0,0.0,0.0,0.013539651,0.0,0,0,0,1,0
57957,1,0,0.5263333,0.62862754,1,0,val,14.0,13.0,1.0,0.9285714,0.071428575,0.0714286,0.023210831,0.0016579166,0,0,1,1,0
57958,0,1,0.68899757,0.6657439,1,1,val,8.0,8.0,0.0,1.0,0.0,0.0,0.0116054155,0.0,1,0,0,1,0
57959,-1,0,-0.4721763,0.38410127,0,1,unassigned,4.0,4.0,0.0,1.0,0.0,0.0,0.003868472,0.0,0,0,0,0,0
57960,1,1,7.7891593,0.9995859,1,0,unassigned,9.0,7.0,2.0,0.7777778,0.22222222,0.22222221,0.013539651,0.0030088115,1,0,1,1,1
57961,-1,0,4.703645,0.9910192,1,1,unassigned,2.0,2.0,0.0,1.0,0.0,0.0,0.0,0.0,0,0,0,1,1
57962,-1,0,2.3959486,0.9165178,1,1,unassigned,6.0,6.0,0.0,1.0,0.0,0.0,0.007736944,0.0,0,0,0,1,1
57963,-1,0,2.2277153,0.9027109,1,1,unassigned,5.0,5.0,0.0,1.0,0.0,0.0,0.0058027077,0.0,0,0,0,1,1
57964,-1,0,0.68062526,0.66387826,1,1,unassigned,3.0,3.0,0.0,1.0,0.0,0.0,0.001934236,0.0,0,0,0,1,0
57965,-1,0,8.091005,0.9996939,1,1,unassigned,4.0,3.0,1.0,0.75,0.25,0.25,0.003868472,0.000967118,0,0,0,1,1
57966,-1,0,-0.4717335,0.384206,0,1,unassigned,4.0,4.0,0.0,1.0,0.0,0.0,0.003868472,0.0,0,0,0,0,0
57967,-1,1,0.5537475,0.6350046,1,1,unassigned,4.0,3.0,1.0,0.75,0.25,0.25,0.003868472,0.000967118,1,0,0,1,0
57968,-1,0,3.1503215,0.95892143,1,1,unassigned,7.0,6.0,1.0,0.85714287,0.14285715,0.14285713,0.00967118,0.0013815971,0,0,0,1,1
57969,-1,1,5.2225413,0.9946353,1,1,unassigned,3.0,1.0,2.0,0.33333334,0.6666667,0.6666666,0.001934236,0.0012894907,1,0,0,1,1
57970,-1,1,0.7202565,0.6726635,1,1,unassigned,2.0,1.0,1.0,0.5,0.5,0.5,0.0,0.0,1,0,0,1,0
57971,-1,1,0.3496179,0.5865249,1,1,unassigned,3.0,3.0,0.0,1.0,0.0,0.0,0.001934236,0.0,1,0,0,1,0
57972,-1,1,0.48879796,0.6198232,1,1,unassigned,5.0,5.0,0.0,1.0,0.0,0.0,0.0058027077,0.0,1,0,0,1,0
57973,-1,1,1.3168902,0.78866386,1,1,unassigned,18.0,18.0,0.0,1.0,0.0,0.0,0.030947777,0.0,1,0,0,1,0
57974,-1,1,0.2963912,0.57356006,1,1,unassigned,48.0,47.0,1.0,0.9791667,0.020833334,0.020833313,0.088974856,0.0018536429,1,0,0,1,0
57975,-1,1,0.53108054,0.6297351,1,1,unassigned,9.0,8.0,1.0,0.8888889,0.11111111,0.111111104,0.013539651,0.0015044058,1,0,0,1,0
57976,-1,1,-0.32464474,0.4195442,0,1,unassigned,39.0,39.0,0.0,1.0,0.0,0.0,0.07156673,0.0,1,0,0,0,0
57977,-1,1,-0.74583435,0.32172966,0,1,unassigned,98.0,97.0,1.0,0.9897959,0.010204081,0.010204077,0.18568665,0.0018947617,1,0,0,0,0
57978,-1,1,0.23458332,0.55837834,1,1,unassigned,5.0,4.0,1.0,0.8,0.2,0.19999999,0.0058027077,0.0011605415,1,0,0,1,0
57979,1,1,5.7800984,0.9969212,1,0,unassigned,10.0,10.0,0.0,1.0,0.0,0.0,0.015473888,0.0,1,0,1,1,1
57980,-1,0,0.70379573,0.66902876,1,1,unassigned,8.0,8.0,0.0,1.0,0.0,0.0,0.0116054155,0.0,0,0,0,1,0
57981,-1,1,0.1825949,0.54552233,1,1,unassigned,4.0,4.0,0.0,1.0,0.0,0.0,0.003868472,0.0,1,0,0,1,0
57982,-1,1,-0.3894776,0.40384302,0,1,unassigned,38.0,38.0,0.0,1.0,0.0,0.0,0.06963249,0.0,1,0,0,0,0
57983,-1,1,1.5198736,0.82051986,1,1,unassigned,4.0,4.0,0.0,1.0,0.0,0.0,0.003868472,0.0,1,0,0,1,0
57984,-1,1,1.426784,0.80639976,1,1,unassigned,3.0,3.0,0.0,1.0,0.0,0.0,0.001934236,0.0,1,0,0,1,0
57985,0,1,-0.39107302,0.40345898,0,0,unassigned,31.0,28.0,3.0,0.9032258,0.09677419,0.09677422,0.056092843,0.0054283394,1,0,1,0,0
57986,-1,0,1.188386,0.7664523,1,1,unassigned,2.0,1.0,1.0,0.5,0.5,0.5,0.0,0.0,0,0,0,1,0
57987,-1,1,0.6679447,0.6610428,1,1,unassigned,11.0,9.0,2.0,0.8181818,0.18181819,0.18181819,0.017408123,0.0031651135,1,0,0,1,0
57988,-1,0,-0.2524142,0.4372294,0,1,unassigned,2.0,2.0,0.0,1.0,0.0,0.0,0.0,0.0,0,0,0,0,0
57989,1,0,3.2173016,0.9614802,1,0,test,7.0,7.0,0.0,1.0,0.0,0.0,0.00967118,0.0,0,0,1,1,1
57990,-1,0,9.610073,0.999933,1,1,unassigned,2.0,2.0,0.0,1.0,0.0,0.0,0.0,0.0,0,0,0,1,1
57991,-1,0,1.785249,0.8563438,1,1,unassigned,2.0,2.0,0.0,1.0,0.0,0.0,0.0,0.0,0,0,0,1,0
57992,-1,0,9.317982,0.99991024,1,1,unassigned,11.0,5.0,6.0,0.45454547,0.54545456,0.5454545,0.017408123,0.00949534,0,0,0,1,1
57993,1,0,4.484493,0.9888433,1,0,unassigned,13.0,12.0,1.0,0.9230769,0.07692308,0.07692307,0.021276595,0.0016366612,0,0,1,1,1
57994,0,0,1.1156056,0.7531727,1,1,val,2.0,2.0,0.0,1.0,0.0,0.0,0.0,0.0,0,0,0,1,0
57995,-1,0,1.916858,0.8717876,1,1,unassigned,3.0,3.0,0.0,1.0,0.0,0.0,0.001934236,0.0,0,0,0,1,0
57996,-1,1,4.030618,0.9825466,1,1,unassigned,2.0,1.0,1.0,0.5,0.5,0.5,0.0,0.0,1,0,0,1,1
57997,-1,1,7.8456197,0.9996087,1,1,unassigned,4.0,4.0,0.0,1.0,0.0,0.0,0.003868472,0.0,1,0,0,1,1
57998,-1,0,4.8725114,0.99240404,1,1,unassigned,4.0,4.0,0.0,1.0,0.0,0.0,0.003868472,0.0,0,0,0,1,1
57999,1,0,2.7723014,0.9411605,1,0,unassigned,3.0,3.0,0.0,1.0,0.0,0.0,0.001934236,0.0,0,0,1,1,1
58000,1,0,0.02255553,0.50563866,1,0,unassigned,9.0,9.0,0.0,1.0,0.0,0.0,0.013539651,0.0,0,0,1,1,0
58001,-1,1,0.11548984,0.52884036,1,1,unassigned,4.0,4.0,0.0,1.0,0.0,0.0,0.003868472,0.0,1,0,0,1,0
58002,-1,0,4.0104213,0.9821969,1,1,unassigned,2.0,2.0,0.0,1.0,0.0,0.0,0.0,0.0,0,0,0,1,1
58003,-1,1,0.11226839,0.52803767,1,1,unassigned,35.0,31.0,4.0,0.8857143,0.114285715,0.11428571,0.06382979,0.0072948327,1,0,0,1,0
58004,-1,1,2.3228877,0.910755,1,1,unassigned,25.0,25.0,0.0,1.0,0.0,0.0,0.044487428,0.0,1,0,0,1,1
58005,-1,1,-0.26650918,0.4337643,0,1,unassigned,54.0,50.0,4.0,0.9259259,0.074074075,0.07407409,0.10058027,0.00745039,1,0,0,0,0
58006,-1,1,3.3998725,0.96770054,1,1,unassigned,9.0,8.0,1.0,0.8888889,0.11111111,0.111111104,0.013539651,0.0015044058,1,0,0,1,1
58007,-1,1,0.23255128,0.55787724,1,1,unassigned,20.0,18.0,2.0,0.9,0.1,0.100000024,0.034816246,0.0034816246,1,0,0,1,0
58008,-1,1,-0.8639693,0.2965107,0,1,unassigned,16.0,16.0,0.0,1.0,0.0,0.0,0.027079303,0.0,1,0,0,0,0
58009,-1,1,-0.71149814,0.3292679,0,1,unassigned,31.0,29.0,2.0,0.9354839,0.06451613,0.06451613,0.056092843,0.003618893,1,0,0,0,0
58010,1,0,2.111337,0.8920002,1,0,val,3.0,3.0,0.0,1.0,0.0,0.0,0.001934236,0.0,0,0,1,1,0
58011,-1,0,-0.41407084,0.39793643,0,1,unassigned,3.0,3.0,0.0,1.0,0.0,0.0,0.001934236,0.0,0,0,0,0,0
58012,-1,0,-0.42489296,0.39534652,0,1,unassigned,38.0,38.0,0.0,1.0,0.0,0.0,0.06963249,0.0,0,0,0,0,0
58013,-1,1,2.5173805,0.9253514,1,1,unassigned,11.0,11.0,0.0,1.0,0.0,0.0,0.017408123,0.0,1,0,0,1,1
58014,-1,1,4.0633836,0.9830998,1,1,unassigned,8.0,4.0,4.0,0.5,0.5,0.5,0.0116054155,0.0058027077,1,0,0,1,1
58015,-1,0,1.9452136,0.87492377,1,1,unassigned,3.0,2.0,1.0,0.6666667,0.33333334,0.3333333,0.001934236,0.00064474536,0,0,0,1,0
58016,-1,0,4.243505,0.985846,1,1,unassigned,3.0,3.0,0.0,1.0,0.0,0.0,0.001934236,0.0,0,0,0,1,1
58017,0,0,-0.20848304,0.4480672,0,0,unassigned,4.0,4.0,0.0,1.0,0.0,0.0,0.003868472,0.0,0,0,1,0,0
58018,-1,0,0.6975866,0.6676525,1,1,unassigned,12.0,11.0,1.0,0.9166667,0.083333336,0.08333331,0.01934236,0.0016118633,0,0,0,1,0
58019,-1,1,-0.8994968,0.2891539,0,1,unassigned,35.0,34.0,1.0,0.9714286,0.028571429,0.028571427,0.06382979,0.0018237082,1,0,0,0,0
58020,1,0,0.24734968,0.5615241,1,0,val,4.0,3.0,1.0,0.75,0.25,0.25,0.003868472,0.000967118,0,0,1,1,0
58021,-1,1,-0.80662024,0.30861115,0,1,unassigned,52.0,51.0,1.0,0.9807692,0.01923077,0.019230783,0.0967118,0.0018598423,1,0,0,0,0
58022,0,1,-0.9161672,0.28573948,0,0,unassigned,15.0,15.0,0.0,1.0,0.0,0.0,0.025145067,0.0,1,0,1,0,0
58023,-1,1,1.4344296,0.80759054,1,1,unassigned,32.0,32.0,0.0,1.0,0.0,0.0,0.058027077,0.0,1,0,0,1,0
58024,-1,0,-0.80881965,0.3081421,0,1,unassigned,4.0,4.0,0.0,1.0,0.0,0.0,0.003868472,0.0,0,0,0,0,0
58025,-1,1,1.5479438,0.82461655,1,1,unassigned,3.0,3.0,0.0,1.0,0.0,0.0,0.001934236,0.0,1,0,0,1,0
58026,-1,1,-0.60508925,0.35318023,0,1,unassigned,65.0,65.0,0.0,1.0,0.0,0.0,0.12185687,0.0,1,0,0,0,0
58027,-1,0,3.9705012,0.98148537,1,1,unassigned,3.0,3.0,0.0,1.0,0.0,0.0,0.001934236,0.0,0,0,0,1,1
58028,-1,1,-0.8049172,0.30897468,0,1,unassigned,20.0,20.0,0.0,1.0,0.0,0.0,0.034816246,0.0,1,0,0,0,0
58029,-1,1,-0.559768,0.36360112,0,1,unassigned,53.0,51.0,2.0,0.9622642,0.03773585,0.03773582,0.09864604,0.0037224921,1,0,0,0,0
58030,-1,1,-0.580746,0.35876095,0,1,unassigned,26.0,26.0,0.0,1.0,0.0,0.0,0.046421662,0.0,1,0,0,0,0
58031,-1,1,0.2805273,0.5696755,1,1,unassigned,18.0,18.0,0.0,1.0,0.0,0.0,0.030947777,0.0,1,0,0,1,0
58032,-1,1,0.23917842,0.5595112,1,1,unassigned,20.0,13.0,7.0,0.65,0.35,0.35000002,0.034816246,0.012185686,1,0,0,1,0
58033,1,1,-0.72415286,0.32647914,0,1,unassigned,40.0,40.0,0.0,1.0,0.0,0.0,0.07350097,0.0,1,0,0,0,0
58034,-1,1,2.7588809,0.940413,1,1,unassigned,7.0,6.0,1.0,0.85714287,0.14285715,0.14285713,0.00967118,0.0013815971,1,0,0,1,1
58035,-1,1,-0.30209082,0.42504644,0,1,unassigned,31.0,31.0,0.0,1.0,0.0,0.0,0.056092843,0.0,1,0,0,0,0
58036,-1,1,-0.49618825,0.37843683,0,1,unassigned,6.0,6.0,0.0,1.0,0.0,0.0,0.007736944,0.0,1,0,0,0,0
58037,-1,1,1.3780792,0.7986823,1,1,unassigned,10.0,10.0,0.0,1.0,0.0,0.0,0.015473888,0.0,1,0,0,1,0
58038,0,1,-0.8346468,0.30266342,0,0,unassigned,44.0,43.0,1.0,0.97727275,0.022727273,0.022727251,0.08123791,0.0018463163,1,0,1,0,0
58039,-1,0,1.8282485,0.8615529,1,1,unassigned,5.0,4.0,1.0,0.8,0.2,0.19999999,0.0058027077,0.0011605415,0,0,0,1,0
58040,-1,1,-0.50894463,0.37544096,0,1,unassigned,12.0,12.0,0.0,1.0,0.0,0.0,0.01934236,0.0,1,0,0,0,0
58041,-1,0,1.4165931,0.8048037,1,1,unassigned,2.0,2.0,0.0,1.0,0.0,0.0,0.0,0.0,0,0,0,1,0
58042,-1,1,-0.33022752,0.4181853,0,1,unassigned,55.0,53.0,2.0,0.96363634,0.036363635,0.03636366,0.102514505,0.0037278,1,0,0,0,0
58043,-1,1,3.1764348,0.95993775,1,1,unassigned,12.0,6.0,6.0,0.5,0.5,0.5,0.01934236,0.00967118,1,0,0,1,1
58044,-1,1,-0.37286443,0.40784904,0,1,unassigned,29.0,29.0,0.0,1.0,0.0,0.0,0.05222437,0.0,1,0,0,0,0
58045,-1,0,3.6559436,0.9748137,1,1,unassigned,4.0,4.0,0.0,1.0,0.0,0.0,0.003868472,0.0,0,0,0,1,1
58046,-1,0,10.500504,0.99997246,1,1,unassigned,3.0,3.0,0.0,1.0,0.0,0.0,0.001934236,0.0,0,0,0,1,1
58047,-1,0,9.838725,0.9999467,1,1,unassigned,3.0,2.0,1.0,0.6666667,0.33333334,0.3333333,0.001934236,0.00064474536,0,0,0,1,1
58048,1,0,2.6614716,0.93471456,1,0,test,6.0,5.0,1.0,0.8333333,0.16666667,0.16666669,0.007736944,0.0012894907,0,0,1,1,1
58049,-1,0,0.8293665,0.69622093,1,1,unassigned,2.0,2.0,0.0,1.0,0.0,0.0,0.0,0.0,0,0,0,1,0
58050,1,0,5.253367,0.99479735,1,0,unassigned,7.0,7.0,0.0,1.0,0.0,0.0,0.00967118,0.0,0,0,1,1,1
58051,-1,0,2.9510639,0.9503138,1,1,unassigned,2.0,1.0,1.0,0.5,0.5,0.5,0.0,0.0,0,0,0,1,1
58052,-1,1,2.6713526,0.93531495,1,1,unassigned,24.0,24.0,0.0,1.0,0.0,0.0,0.04255319,0.0,1,0,0,1,1
58053,-1,1,1.0672698,0.7440774,1,1,unassigned,18.0,18.0,0.0,1.0,0.0,0.0,0.030947777,0.0,1,0,0,1,0
58054,-1,0,-0.84015405,0.30150232,0,1,unassigned,7.0,6.0,1.0,0.85714287,0.14285715,0.14285713,0.00967118,0.0013815971,0,0,0,0,0
58055,-1,1,-0.18951067,0.45276362,0,1,unassigned,90.0,78.0,12.0,0.8666667,0.13333334,0.13333333,0.17021276,0.022695037,1,0,0,0,0
58056,-1,1,4.783342,0.9917014,1,1,unassigned,23.0,22.0,1.0,0.95652175,0.04347826,0.04347825,0.040618956,0.0017660416,1,0,0,1,1
58057,-1,1,4.888247,0.9925217,1,1,unassigned,13.0,12.0,1.0,0.9230769,0.07692308,0.07692307,0.021276595,0.0016366612,1,0,0,1,1
58058,-1,1,1.5903821,0.8306699,1,1,unassigned,7.0,4.0,3.0,0.5714286,0.42857143,0.4285714,0.00967118,0.0041447915,1,0,0,1,0
58059,-1,1,4.303427,0.9866583,1,1,unassigned,5.0,5.0,0.0,1.0,0.0,0.0,0.0058027077,0.0,1,0,0,1,1
58060,-1,1,-0.27163863,0.43250486,0,1,unassigned,15.0,15.0,0.0,1.0,0.0,0.0,0.025145067,0.0,1,0,0,0,0
58061,-1,1,6.0992885,0.99776053,1,1,unassigned,4.0,4.0,0.0,1.0,0.0,0.0,0.003868472,0.0,1,0,0,1,1
58062,-1,0,2.3254611,0.91096383,1,1,unassigned,2.0,1.0,1.0,0.5,0.5,0.5,0.0,0.0,0,0,0,1,1
58063,-1,0,0.312756,0.5775578,1,1,unassigned,2.0,2.0,0.0,1.0,0.0,0.0,0.0,0.0,0,0,0,1,0
58064,-1,1,-0.5791283,0.35913318,0,1,unassigned,109.0,106.0,3.0,0.9724771,0.027522936,0.027522922,0.20696326,0.0056962366,1,0,0,0,0
58065,-1,1,0.14047277,0.5350605,1,1,unassigned,6.0,6.0,0.0,1.0,0.0,0.0,0.007736944,0.0,1,0,0,1,0
58066,1,1,-0.6164693,0.35058486,0,1,val,35.0,35.0,0.0,1.0,0.0,0.0,0.06382979,0.0,1,0,0,0,0
58067,-1,1,-0.24863827,0.4381587,0,1,unassigned,8.0,8.0,0.0,1.0,0.0,0.0,0.0116054155,0.0,1,0,0,0,0
58068,0,1,1.7896168,0.8568803,1,1,unassigned,30.0,30.0,0.0,1.0,0.0,0.0,0.054158606,0.0,1,0,0,1,0
58069,-1,0,3.7789752,0.9776642,1,1,unassigned,7.0,4.0,3.0,0.5714286,0.42857143,0.4285714,0.00967118,0.0041447915,0,0,0,1,1
58070,-1,0,0.47205073,0.61586905,1,1,unassigned,8.0,8.0,0.0,1.0,0.0,0.0,0.0116054155,0.0,0,0,0,1,0
58071,-1,1,2.094857,0.89040226,1,1,unassigned,4.0,4.0,0.0,1.0,0.0,0.0,0.003868472,0.0,1,0,0,1,0
58072,-1,1,0.7396111,0.6769108,1,1,unassigned,2.0,2.0,0.0,1.0,0.0,0.0,0.0,0.0,1,0,0,1,0
58073,-1,0,5.3749433,0.9953902,1,1,unassigned,3.0,3.0,0.0,1.0,0.0,0.0,0.001934236,0.0,0,0,0,1,1
58074,-1,0,3.7274497,0.97651094,1,1,unassigned,2.0,2.0,0.0,1.0,0.0,0.0,0.0,0.0,0,0,0,1,1
58075,-1,1,-0.8336355,0.3028769,0,1,unassigned,18.0,17.0,1.0,0.9444444,0.055555556,0.055555582,0.030947777,0.0017193209,1,0,0,0,0
58076,-1,0,2.839741,0.94478595,1,1,unassigned,3.0,2.0,1.0,0.6666667,0.33333334,0.3333333,0.001934236,0.00064474536,0,0,0,1,1
58077,-1,0,1.0500984,0.74079376,1,1,unassigned,3.0,1.0,2.0,0.33333334,0.6666667,0.6666666,0.001934236,0.0012894907,0,0,0,1,0
58078,-1,0,2.7665179,0.9408394,1,1,unassigned,5.0,5.0,0.0,1.0,0.0,0.0,0.0058027077,0.0,0,0,0,1,1
58079,-1,0,5.5971804,0.99630535,1,1,unassigned,3.0,3.0,0.0,1.0,0.0,0.0,0.001934236,0.0,0,0,0,1,1
58080,-1,1,1.5171309,0.82011557,1,1,unassigned,2.0,2.0,0.0,1.0,0.0,0.0,0.0,0.0,1,0,0,1,0
58081,-1,0,0.5913928,0.6436847,1,1,unassigned,2.0,2.0,0.0,1.0,0.0,0.0,0.0,0.0,0,0,0,1,0
58082,-1,1,1.4740584,0.81367344,1,1,unassigned,3.0,1.0,2.0,0.33333334,0.6666667,0.6666666,0.001934236,0.0012894907,1,0,0,1,0
58083,-1,1,3.9818585,0.9816906,1,1,unassigned,28.0,28.0,0.0,1.0,0.0,0.0,0.050290134,0.0,1,0,0,1,1
58084,0,0,2.0425255,0.8851901,1,1,val,25.0,25.0,0.0,1.0,0.0,0.0,0.044487428,0.0,0,0,0,1,0
58085,1,1,0.31256223,0.5775106,1,0,test,18.0,17.0,1.0,0.9444444,0.055555556,0.055555582,0.030947777,0.0017193209,1,0,1,1,0
58086,-1,0,2.5734427,0.92913276,1,1,unassigned,13.0,12.0,1.0,0.9230769,0.07692308,0.07692307,0.021276595,0.0016366612,0,0,0,1,1
58087,-1,0,2.0057414,0.8813986,1,1,unassigned,3.0,2.0,1.0,0.6666667,0.33333334,0.3333333,0.001934236,0.00064474536,0,0,0,1,0
58088,1,1,-0.51373345,0.37431872,0,1,test,9.0,9.0,0.0,1.0,0.0,0.0,0.013539651,0.0,1,0,0,0,0
58089,-1,1,0.67455775,0.662523,1,1,unassigned,9.0,5.0,4.0,0.5555556,0.44444445,0.44444442,0.013539651,0.006017623,1,0,0,1,0
58090,-1,1,-0.52763957,0.3710676,0,1,unassigned,36.0,35.0,1.0,0.9722222,0.027777778,0.027777791,0.065764025,0.0018267785,1,0,0,0,0
58091,-1,1,-0.12066531,0.4698702,0,1,unassigned,17.0,17.0,0.0,1.0,0.0,0.0,0.029013539,0.0,1,0,0,0,0
58092,-1,1,0.41636473,0.602613,1,1,unassigned,4.0,4.0,0.0,1.0,0.0,0.0,0.003868472,0.0,1,0,0,1,0
58093,-1,0,3.0857146,0.95629966,1,1,unassigned,3.0,3.0,0.0,1.0,0.0,0.0,0.001934236,0.0,0,0,0,1,1
58094,-1,0,1.8804634,0.8676643,1,1,unassigned,6.0,6.0,0.0,1.0,0.0,0.0,0.007736944,0.0,0,0,0,1,0
58095,1,0,4.0886736,0.9835149,1,0,val,8.0,8.0,0.0,1.0,0.0,0.0,0.0116054155,0.0,0,0,1,1,1
58096,-1,0,12.095003,0.9999944,1,1,unassigned,17.0,14.0,3.0,0.8235294,0.1764706,0.17647058,0.029013539,0.005120036,0,0,0,1,1
58097,1,1,2.2575123,0.9052965,1,0,unassigned,31.0,30.0,1.0,0.9677419,0.032258064,0.032258093,0.056092843,0.0018094465,1,0,1,1,1
58098,-1,0,5.976561,0.99746895,1,1,unassigned,3.0,3.0,0.0,1.0,0.0,0.0,0.001934236,0.0,0,0,0,1,1
58099,-1,1,0.8964873,0.7102271,1,1,unassigned,6.0,6.0,0.0,1.0,0.0,0.0,0.007736944,0.0,1,0,0,1,0
58100,-1,0,-0.80183005,0.30963418,0,1,unassigned,2.0,2.0,0.0,1.0,0.0,0.0,0.0,0.0,0,0,0,0,0
58101,-1,1,-0.05831021,0.48542657,0,1,unassigned,10.0,10.0,0.0,1.0,0.0,0.0,0.015473888,0.0,1,0,0,0,0
58102,-1,0,0.9975756,0.7305816,1,1,unassigned,5.0,5.0,0.0,1.0,0.0,0.0,0.0058027077,0.0,0,0,0,1,0
58103,-1,0,2.0884755,0.889778,1,1,unassigned,3.0,3.0,0.0,1.0,0.0,0.0,0.001934236,0.0,0,0,0,1,0
58104,-1,1,13.887386,0.99999905,1,1,unassigned,2.0,1.0,1.0,0.5,0.5,0.5,0.0,0.0,1,0,0,1,1
58105,-1,0,4.6028023,0.99007577,1,1,unassigned,6.0,6.0,0.0,1.0,0.0,0.0,0.007736944,0.0,0,0,0,1,1
58106,-1,1,0.13398057,0.5334451,1,1,unassigned,3.0,3.0,0.0,1.0,0.0,0.0,0.001934236,0.0,1,0,0,1,0
58107,1,1,-0.613932,0.35116276,0,1,unassigned,16.0,14.0,2.0,0.875,0.125,0.125,0.027079303,0.0033849129,1,0,0,0,0
58108,0,1,0.6769741,0.66306305,1,1,test,12.0,11.0,1.0,0.9166667,0.083333336,0.08333331,0.01934236,0.0016118633,1,0,0,1,0
58109,-1,1,2.0960891,0.8905225,1,1,unassigned,3.0,3.0,0.0,1.0,0.0,0.0,0.001934236,0.0,1,0,0,1,0
58110,-1,1,1.5041792,0.818197,1,1,unassigned,5.0,5.0,0.0,1.0,0.0,0.0,0.0058027077,0.0,1,0,0,1,0
58111,-1,1,2.2770329,0.906957,1,1,unassigned,7.0,7.0,0.0,1.0,0.0,0.0,0.00967118,0.0,1,0,0,1,1
58112,-1,1,0.5245889,0.6282202,1,1,unassigned,32.0,32.0,0.0,1.0,0.0,0.0,0.058027077,0.0,1,0,0,1,0
58113,-1,1,0.45222682,0.61116856,1,1,unassigned,23.0,23.0,0.0,1.0,0.0,0.0,0.040618956,0.0,1,0,0,1,0
58114,-1,1,1.5917516,0.8308624,1,1,unassigned,53.0,51.0,2.0,0.9622642,0.03773585,0.03773582,0.09864604,0.0037224921,1,0,0,1,0
58115,-1,1,2.02612,0.8835124,1,1,unassigned,81.0,79.0,2.0,0.97530866,0.024691358,0.024691343,0.15280464,0.0037729542,1,0,0,1,0
58116,-1,1,2.0916367,0.89008766,1,1,unassigned,23.0,23.0,0.0,1.0,0.0,0.0,0.040618956,0.0,1,0,0,1,0
58117,-1,1,0.106482565,0.52659553,1,1,unassigned,73.0,73.0,0.0,1.0,0.0,0.0,0.13733076,0.0,1,0,0,1,0
58118,-1,0,1.3243237,0.7899001,1,1,unassigned,5.0,5.0,0.0,1.0,0.0,0.0,0.0058027077,0.0,0,0,0,1,0
58119,0,1,-0.5015,0.37718824,0,0,unassigned,9.0,9.0,0.0,1.0,0.0,0.0,0.013539651,0.0,1,0,1,0,0
58120,-1,0,5.7838826,0.9969326,1,1,unassigned,7.0,5.0,2.0,0.71428573,0.2857143,0.28571427,0.00967118,0.0027631943,0,0,0,1,1
58121,-1,1,0.2481128,0.56171197,1,1,unassigned,2.0,2.0,0.0,1.0,0.0,0.0,0.0,0.0,1,0,0,1,0
58122,-1,1,0.81330866,0.6928141,1,1,unassigned,23.0,23.0,0.0,1.0,0.0,0.0,0.040618956,0.0,1,0,0,1,0
58123,-1,1,3.3304975,0.96546036,1,1,unassigned,10.0,9.0,1.0,0.9,0.1,0.100000024,0.015473888,0.0015473888,1,0,0,1,1
58124,-1,1,-0.38834426,0.40411595,0,1,unassigned,18.0,18.0,0.0,1.0,0.0,0.0,0.030947777,0.0,1,0,0,0,0
58125,-1,0,2.625355,0.9324757,1,1,unassigned,5.0,5.0,0.0,1.0,0.0,0.0,0.0058027077,0.0,0,0,0,1,1
58126,-1,0,3.9862568,0.98176944,1,1,unassigned,6.0,6.0,0.0,1.0,0.0,0.0,0.007736944,0.0,0,0,0,1,1
58127,-1,0,-0.36454767,0.40985912,0,1,unassigned,2.0,2.0,0.0,1.0,0.0,0.0,0.0,0.0,0,0,0,0,0
58128,-1,0,5.443846,0.9956958,1,1,unassigned,4.0,4.0,0.0,1.0,0.0,0.0,0.003868472,0.0,0,0,0,1,1
58129,-1,1,0.8064619,0.69135505,1,1,unassigned,32.0,26.0,6.0,0.8125,0.1875,0.1875,0.058027077,0.010880077,1,0,0,1,0
58130,-1,1,0.6793607,0.663596,1,1,unassigned,6.0,6.0,0.0,1.0,0.0,0.0,0.007736944,0.0,1,0,0,1,0
58131,1,1,0.59484965,0.64447707,1,0,unassigned,6.0,6.0,0.0,1.0,0.0,0.0,0.007736944,0.0,1,0,1,1,0
58132,-1,1,0.27352107,0.5679571,1,1,unassigned,25.0,25.0,0.0,1.0,0.0,0.0,0.044487428,0.0,1,0,0,1,0
58133,-1,0,2.7452843,0.9396464,1,1,unassigned,3.0,3.0,0.0,1.0,0.0,0.0,0.001934236,0.0,0,0,0,1,1
58134,-1,1,0.7697509,0.683467,1,1,unassigned,39.0,38.0,1.0,0.974359,0.025641026,0.025641024,0.07156673,0.0018350444,1,0,0,1,0
58135,-1,1,0.9259923,0.71626145,1,1,unassigned,5.0,5.0,0.0,1.0,0.0,0.0,0.0058027077,0.0,1,0,0,1,0
58136,-1,0,10.276683,0.99996555,1,1,unassigned,2.0,2.0,0.0,1.0,0.0,0.0,0.0,0.0,0,0,0,1,1
58137,0,1,-0.014770865,0.4963073,0,0,val,21.0,21.0,0.0,1.0,0.0,0.0,0.036750484,0.0,1,0,1,0,0
58138,-1,0,6.3854094,0.9983169,1,1,unassigned,3.0,3.0,0.0,1.0,0.0,0.0,0.001934236,0.0,0,0,0,1,1
58139,1,1,-0.21521723,0.4464024,0,1,val,17.0,17.0,0.0,1.0,0.0,0.0,0.029013539,0.0,1,0,0,0,0
58140,-1,1,0.027470767,0.50686723,1,1,unassigned,32.0,32.0,0.0,1.0,0.0,0.0,0.058027077,0.0,1,0,0,1,0
58141,-1,0,9.9555645,0.99995255,1,1,unassigned,3.0,3.0,0.0,1.0,0.0,0.0,0.001934236,0.0,0,0,0,1,1
58142,1,1,4.364704,0.9874413,1,0,unassigned,11.0,9.0,2.0,0.8181818,0.18181819,0.18181819,0.017408123,0.0031651135,1,0,1,1,1
58143,-1,1,2.7005923,0.93706155,1,1,unassigned,33.0,31.0,2.0,0.93939394,0.060606062,0.060606062,0.059961315,0.0036340193,1,0,0,1,1
58144,0,0,0.07865256,0.519653,1,1,val,3.0,3.0,0.0,1.0,0.0,0.0,0.001934236,0.0,0,0,0,1,0
58145,0,0,-0.30039224,0.42546156,0,0,test,3.0,3.0,0.0,1.0,0.0,0.0,0.001934236,0.0,0,0,1,0,0
58146,-1,0,0.61058766,0.6480748,1,1,unassigned,14.0,14.0,0.0,1.0,0.0,0.0,0.023210831,0.0,0,0,0,1,0
58147,-1,0,6.2177505,0.9980102,1,1,unassigned,4.0,4.0,0.0,1.0,0.0,0.0,0.003868472,0.0,0,0,0,1,1
58148,-1,0,0.19016892,0.54739946,1,1,unassigned,4.0,4.0,0.0,1.0,0.0,0.0,0.003868472,0.0,0,0,0,1,0
58149,1,0,4.4958034,0.98896736,1,0,unassigned,5.0,5.0,0.0,1.0,0.0,0.0,0.0058027077,0.0,0,0,1,1,1
58150,1,1,0.17570013,0.54381233,1,0,val,2.0,2.0,0.0,1.0,0.0,0.0,0.0,0.0,1,0,1,1,0
58151,-1,0,7.0005865,0.9990895,1,1,unassigned,3.0,3.0,0.0,1.0,0.0,0.0,0.001934236,0.0,0,0,0,1,1
58152,-1,0,6.730863,0.9988079,1,1,unassigned,10.0,9.0,1.0,0.9,0.1,0.100000024,0.015473888,0.0015473888,0,0,0,1,1
58153,-1,1,2.8540018,0.9455252,1,1,unassigned,2.0,2.0,0.0,1.0,0.0,0.0,0.0,0.0,1,0,0,1,1
58154,-1,0,6.802439,0.9988902,1,1,unassigned,6.0,6.0,0.0,1.0,0.0,0.0,0.007736944,0.0,0,0,0,1,1
58155,-1,0,2.253841,0.9049814,1,1,unassigned,5.0,5.0,0.0,1.0,0.0,0.0,0.0058027077,0.0,0,0,0,1,1
58156,-1,1,-0.5026498,0.37691817,0,1,unassigned,17.0,17.0,0.0,1.0,0.0,0.0,0.029013539,0.0,1,0,0,0,0
58157,-1,1,-0.52751446,0.3710968,0,1,unassigned,121.0,120.0,1.0,0.9917355,0.008264462,0.008264482,0.23017408,0.001902265,1,0,0,0,0
58158,-1,1,0.13442636,0.53355604,1,1,unassigned,26.0,24.0,2.0,0.9230769,0.07692308,0.07692307,0.046421662,0.0035708973,1,0,0,1,0
58159,-1,1,-0.76325786,0.31793937,0,1,unassigned,29.0,29.0,0.0,1.0,0.0,0.0,0.05222437,0.0,1,0,0,0,0
58160,-1,1,-0.55458707,0.3648008,0,1,unassigned,15.0,14.0,1.0,0.93333334,0.06666667,0.06666666,0.025145067,0.0016763379,1,0,0,0,0
58161,-1,1,-0.5913542,0.3563242,0,1,unassigned,5.0,5.0,0.0,1.0,0.0,0.0,0.0058027077,0.0,1,0,0,0,0
58162,0,0,0.12559062,0.53135645,1,1,test,4.0,3.0,1.0,0.75,0.25,0.25,0.003868472,0.000967118,0,0,0,1,0
58163,-1,0,-0.23731995,0.44094694,0,1,unassigned,2.0,1.0,1.0,0.5,0.5,0.5,0.0,0.0,0,0,0,0,0
58164,-1,0,9.1959,0.99989855,1,1,unassigned,2.0,1.0,1.0,0.5,0.5,0.5,0.0,0.0,0,0,0,1,1
58165,-1,0,1.0123086,0.7334717,1,1,unassigned,7.0,6.0,1.0,0.85714287,0.14285715,0.14285713,0.00967118,0.0013815971,0,0,0,1,0
58166,-1,0,-0.21857312,0.44557324,0,1,unassigned,4.0,4.0,0.0,1.0,0.0,0.0,0.003868472,0.0,0,0,0,0,0
58167,-1,0,0.365102,0.59027493,1,1,unassigned,2.0,1.0,1.0,0.5,0.5,0.5,0.0,0.0,0,0,0,1,0
58168,0,1,-0.6863555,0.33484432,0,0,unassigned,38.0,36.0,2.0,0.94736844,0.05263158,0.052631557,0.06963249,0.0036648682,1,0,1,0,0
58169,-1,0,15.069054,0.99999976,1,1,unassigned,2.0,2.0,0.0,1.0,0.0,0.0,0.0,0.0,0,0,0,1,1
58170,-1,0,-0.359991,0.41096172,0,1,unassigned,14.0,14.0,0.0,1.0,0.0,0.0,0.023210831,0.0,0,0,0,0,0
58171,0,0,-0.021205425,0.49469882,0,0,test,11.0,11.0,0.0,1.0,0.0,0.0,0.017408123,0.0,0,0,1,0,0
58172,-1,0,1.5814064,0.8294036,1,1,unassigned,7.0,7.0,0.0,1.0,0.0,0.0,0.00967118,0.0,0,0,0,1,0
58173,-1,0,-0.16177249,0.45964485,0,1,unassigned,11.0,11.0,0.0,1.0,0.0,0.0,0.017408123,0.0,0,0,0,0,0
58174,-1,1,0.28364748,0.57044023,1,1,unassigned,4.0,4.0,0.0,1.0,0.0,0.0,0.003868472,0.0,1,0,0,1,0
58175,-1,1,5.7462068,0.99681526,1,1,unassigned,4.0,2.0,2.0,0.5,0.5,0.5,0.003868472,0.001934236,1,0,0,1,1
58176,-1,0,0.19333571,0.5481839,1,1,unassigned,2.0,2.0,0.0,1.0,0.0,0.0,0.0,0.0,0,0,0,1,0
58177,-1,1,0.7473132,0.67859304,1,1,unassigned,35.0,32.0,3.0,0.9142857,0.08571429,0.08571428,0.06382979,0.005471125,1,0,0,1,0
58178,-1,0,-0.7459296,0.32170886,0,1,unassigned,2.0,2.0,0.0,1.0,0.0,0.0,0.0,0.0,0,0,0,0,0
58179,-1,0,5.905581,0.9972832,1,1,unassigned,2.0,2.0,0.0,1.0,0.0,0.0,0.0,0.0,0,0,0,1,1
58180,-1,0,4.836758,0.9921296,1,1,unassigned,7.0,5.0,2.0,0.71428573,0.2857143,0.28571427,0.00967118,0.0027631943,0,0,0,1,1
58181,-1,0,6.164164,0.99790096,1,1,unassigned,3.0,3.0,0.0,1.0,0.0,0.0,0.001934236,0.0,0,0,0,1,1
58182,-1,1,3.1417913,0.958584,1,1,unassigned,5.0,5.0,0.0,1.0,0.0,0.0,0.0058027077,0.0,1,0,0,1,1
58183,-1,1,1.2291498,0.7736698,1,1,unassigned,43.0,42.0,1.0,0.9767442,0.023255814,0.023255825,0.079303674,0.0018442714,1,0,0,1,0
58184,-1,0,0.9973319,0.73053366,1,1,unassigned,32.0,32.0,0.0,1.0,0.0,0.0,0.058027077,0.0,0,0,0,1,0
58185,1,0,-0.18169338,0.45470122,0,1,test,8.0,7.0,1.0,0.875,0.125,0.125,0.0116054155,0.0014506769,0,0,0,0,0
58186,-1,0,-0.48983726,0.37993193,0,1,unassigned,17.0,17.0,0.0,1.0,0.0,0.0,0.029013539,0.0,0,0,0,0,0
58187,-1,1,3.8299062,0.9787497,1,1,unassigned,9.0,9.0,0.0,1.0,0.0,0.0,0.013539651,0.0,1,0,0,1,1
58188,1,0,0.15303636,0.5381846,1,0,val,11.0,10.0,1.0,0.90909094,0.09090909,0.090909064,0.017408123,0.0015825568,0,0,1,1,0
58189,-1,1,2.116305,0.8924778,1,1,unassigned,13.0,13.0,0.0,1.0,0.0,0.0,0.021276595,0.0,1,0,0,1,0
58190,1,1,2.1482491,0.8955051,1,0,test,22.0,22.0,0.0,1.0,0.0,0.0,0.03868472,0.0,1,0,1,1,0
58191,-1,0,-0.60243016,0.3537879,0,1,unassigned,77.0,76.0,1.0,0.987013,0.012987013,0.012987018,0.14506769,0.001883996,0,0,0,0,0
58192,-1,1,2.7434661,0.9395433,1,1,unassigned,4.0,3.0,1.0,0.75,0.25,0.25,0.003868472,0.000967118,1,0,0,1,1
58193,-1,1,3.8783934,0.97973514,1,1,unassigned,10.0,9.0,1.0,0.9,0.1,0.100000024,0.015473888,0.0015473888,1,0,0,1,1
58194,-1,0,-0.31083474,0.422911,0,1,unassigned,3.0,3.0,0.0,1.0,0.0,0.0,0.001934236,0.0,0,0,0,0,0
58195,-1,0,1.4966304,0.8170714,1,1,unassigned,10.0,10.0,0.0,1.0,0.0,0.0,0.015473888,0.0,0,0,0,1,0
58196,-1,0,3.8706725,0.9795813,1,1,unassigned,2.0,2.0,0.0,1.0,0.0,0.0,0.0,0.0,0,0,0,1,1
58197,-1,0,6.3675365,0.99828655,1,1,unassigned,3.0,2.0,1.0,0.6666667,0.33333334,0.3333333,0.001934236,0.00064474536,0,0,0,1,1
58198,-1,1,0.4705488,0.6155137,1,1,unassigned,14.0,14.0,0.0,1.0,0.0,0.0,0.023210831,0.0,1,0,0,1,0
58199,-1,1,3.8194544,0.97853124,1,1,unassigned,4.0,4.0,0.0,1.0,0.0,0.0,0.003868472,0.0,1,0,0,1,1
58200,-1,0,2.4479377,0.9204106,1,1,unassigned,4.0,4.0,0.0,1.0,0.0,0.0,0.003868472,0.0,0,0,0,1,1
58201,-1,1,-0.28242853,0.4298585,0,1,unassigned,29.0,22.0,7.0,0.7586207,0.2413793,0.24137932,0.05222437,0.012605882,1,0,0,0,0
58202,-1,1,-0.91151893,0.28668913,0,1,unassigned,40.0,40.0,0.0,1.0,0.0,0.0,0.07350097,0.0,1,0,0,0,0
58203,-1,0,4.977379,0.99315506,1,1,unassigned,3.0,3.0,0.0,1.0,0.0,0.0,0.001934236,0.0,0,0,0,1,1
58204,-1,1,1.5291867,0.82188725,1,1,unassigned,11.0,11.0,0.0,1.0,0.0,0.0,0.017408123,0.0,1,0,0,1,0
58205,-1,0,-0.2775589,0.43105236,0,1,unassigned,47.0,41.0,6.0,0.87234044,0.12765957,0.12765956,0.08704062,0.011111569,0,0,0,0,0
58206,-1,0,8.687473,0.9998313,1,1,unassigned,16.0,16.0,0.0,1.0,0.0,0.0,0.027079303,0.0,0,0,0,1,1
58207,-1,1,1.4736159,0.8136064,1,1,unassigned,6.0,6.0,0.0,1.0,0.0,0.0,0.007736944,0.0,1,0,0,1,0
58208,-1,0,1.141645,0.75798154,1,1,unassigned,2.0,2.0,0.0,1.0,0.0,0.0,0.0,0.0,0,0,0,1,0
58209,-1,1,-0.13454252,0.466415,0,1,unassigned,13.0,13.0,0.0,1.0,0.0,0.0,0.021276595,0.0,1,0,0,0,0
58210,-1,1,2.9414957,0.94986004,1,1,unassigned,2.0,2.0,0.0,1.0,0.0,0.0,0.0,0.0,1,0,0,1,1
58211,-1,0,0.8687419,0.7044838,1,1,unassigned,3.0,2.0,1.0,0.6666667,0.33333334,0.3333333,0.001934236,0.00064474536,0,0,0,1,0
58212,-1,1,0.17836756,0.544474,1,1,unassigned,7.0,7.0,0.0,1.0,0.0,0.0,0.00967118,0.0,1,0,0,1,0
58213,-1,1,1.0704215,0.744677,1,1,unassigned,3.0,3.0,0.0,1.0,0.0,0.0,0.001934236,0.0,1,0,0,1,0
58214,-1,0,0.99589354,0.7302504,1,1,unassigned,2.0,1.0,1.0,0.5,0.5,0.5,0.0,0.0,0,0,0,1,0
58215,-1,1,-0.61502796,0.3509131,0,1,unassigned,9.0,8.0,1.0,0.8888889,0.11111111,0.111111104,0.013539651,0.0015044058,1,0,0,0,0
58216,-1,1,-0.82771796,0.3041278,0,1,unassigned,17.0,15.0,2.0,0.88235295,0.11764706,0.11764705,0.029013539,0.0034133575,1,0,0,0,0
58217,-1,0,-0.7049446,0.33071685,0,1,unassigned,7.0,7.0,0.0,1.0,0.0,0.0,0.00967118,0.0,0,0,0,0,0
58218,0,0,-0.4286881,0.39443964,0,0,unassigned,3.0,3.0,0.0,1.0,0.0,0.0,0.001934236,0.0,0,0,1,0,0
58219,-1,1,-0.120150685,0.46999836,0,1,unassigned,3.0,3.0,0.0,1.0,0.0,0.0,0.001934236,0.0,1,0,0,0,0
58220,-1,1,4.134942,0.98424846,1,1,unassigned,4.0,3.0,1.0,0.75,0.25,0.25,0.003868472,0.000967118,1,0,0,1,1
58221,-1,1,5.0854325,0.9938518,1,1,unassigned,2.0,2.0,0.0,1.0,0.0,0.0,0.0,0.0,1,0,0,1,1
58222,-1,1,-0.008096397,0.4979759,0,1,unassigned,34.0,34.0,0.0,1.0,0.0,0.0,0.061895553,0.0,1,0,0,0,0
58223,1,1,2.7268016,0.9385897,1,0,unassigned,11.0,11.0,0.0,1.0,0.0,0.0,0.017408123,0.0,1,0,1,1,1
58224,-1,1,10.753876,0.99997866,1,1,unassigned,20.0,16.0,4.0,0.8,0.2,0.19999999,0.034816246,0.0069632493,1,0,0,1,1
58225,-1,0,-0.3256589,0.41929722,0,1,unassigned,5.0,1.0,4.0,0.2,0.8,0.8,0.0058027077,0.004642166,0,0,0,0,0
58226,1,1,1.2379644,0.7752095,1,0,test,81.0,75.0,6.0,0.9259259,0.074074075,0.07407409,0.15280464,0.011318862,1,0,1,1,0
58227,1,1,0.9702609,0.7251715,1,0,test,16.0,16.0,0.0,1.0,0.0,0.0,0.027079303,0.0,1,0,1,1,0
58228,-1,0,-0.23891824,0.44055298,0,1,unassigned,28.0,28.0,0.0,1.0,0.0,0.0,0.050290134,0.0,0,0,0,0,0
58229,-1,1,2.988975,0.9520736,1,1,unassigned,5.0,5.0,0.0,1.0,0.0,0.0,0.0058027077,0.0,1,0,0,1,1
58230,0,1,-0.55282784,0.36520857,0,0,val,5.0,5.0,0.0,1.0,0.0,0.0,0.0058027077,0.0,1,0,1,0,0
58231,-1,1,6.4208646,0.9983754,1,1,unassigned,45.0,39.0,6.0,0.8666667,0.13333334,0.13333333,0.08317215,0.01108962,1,0,0,1,1
58232,-1,1,-0.12307525,0.46926996,0,1,unassigned,14.0,14.0,0.0,1.0,0.0,0.0,0.023210831,0.0,1,0,0,0,0
58233,-1,1,2.0460622,0.88554907,1,1,unassigned,8.0,8.0,0.0,1.0,0.0,0.0,0.0116054155,0.0,1,0,0,1,0
58234,-1,0,2.3505485,0.9129778,1,1,unassigned,8.0,8.0,0.0,1.0,0.0,0.0,0.0116054155,0.0,0,0,0,1,1
58235,-1,1,7.97984,0.99965787,1,1,unassigned,2.0,1.0,1.0,0.5,0.5,0.5,0.0,0.0,1,0,0,1,1
58236,-1,0,3.4872143,0.9703217,1,1,unassigned,15.0,11.0,4.0,0.73333335,0.26666668,0.26666665,0.025145067,0.0067053516,0,0,0,1,1
58237,-1,1,-0.50162846,0.37715808,0,1,unassigned,4.0,4.0,0.0,1.0,0.0,0.0,0.003868472,0.0,1,0,0,0,0
58238,-1,1,4.5897365,0.98994654,1,1,unassigned,23.0,22.0,1.0,0.95652175,0.04347826,0.04347825,0.040618956,0.0017660416,1,0,0,1,1
58239,0,1,-0.55487573,0.36473393,0,0,test,20.0,20.0,0.0,1.0,0.0,0.0,0.034816246,0.0,1,0,1,0,0
58240,1,1,-0.5032874,0.3767684,0,1,train,53.0,53.0,0.0,1.0,0.0,0.0,0.09864604,0.0,1,0,0,0,0
58241,0,1,-0.5690868,0.36144757,0,0,unassigned,21.0,21.0,0.0,1.0,0.0,0.0,0.036750484,0.0,1,0,1,0,0
58242,0,1,-0.65759224,0.3412807,0,0,test,22.0,21.0,1.0,0.95454544,0.045454547,0.04545456,0.03868472,0.0017583964,1,0,1,0,0
58243,-1,0,6.99405,0.9990835,1,1,unassigned,2.0,2.0,0.0,1.0,0.0,0.0,0.0,0.0,0,0,0,1,1
58244,-1,0,7.5648503,0.999482,1,1,unassigned,2.0,2.0,0.0,1.0,0.0,0.0,0.0,0.0,0,0,0,1,1
58245,-1,1,-0.44043767,0.39163664,0,1,unassigned,3.0,3.0,0.0,1.0,0.0,0.0,0.001934236,0.0,1,0,0,0,0
58246,-1,0,0.6601239,0.6592882,1,1,unassigned,4.0,4.0,0.0,1.0,0.0,0.0,0.003868472,0.0,0,0,0,1,0
58247,-1,1,0.042016625,0.51050264,1,1,unassigned,7.0,6.0,1.0,0.85714287,0.14285715,0.14285713,0.00967118,0.0013815971,1,0,0,1,0
58248,-1,1,-0.5251461,0.3716497,0,1,unassigned,9.0,9.0,0.0,1.0,0.0,0.0,0.013539651,0.0,1,0,0,0,0
58249,-1,1,-0.18524837,0.45381987,0,1,unassigned,3.0,3.0,0.0,1.0,0.0,0.0,0.001934236,0.0,1,0,0,0,0
58250,-1,1,-0.6631556,0.3400311,0,1,unassigned,41.0,41.0,0.0,1.0,0.0,0.0,0.07543521,0.0,1,0,0,0,0
58251,-1,1,5.5126853,0.995981,1,1,unassigned,5.0,5.0,0.0,1.0,0.0,0.0,0.0058027077,0.0,1,0,0,1,1
58252,-1,1,-0.68977195,0.33408383,0,1,unassigned,16.0,16.0,0.0,1.0,0.0,0.0,0.027079303,0.0,1,0,0,0,0
58253,-1,1,3.1174977,0.9576088,1,1,unassigned,4.0,4.0,0.0,1.0,0.0,0.0,0.003868472,0.0,1,0,0,1,1
58254,-1,0,4.822429,0.99201703,1,1,unassigned,5.0,5.0,0.0,1.0,0.0,0.0,0.0058027077,0.0,0,0,0,1,1
58255,-1,1,-0.15204632,0.4620615,0,1,unassigned,2.0,2.0,0.0,1.0,0.0,0.0,0.0,0.0,1,0,0,0,0
58256,-1,0,5.275602,0.99491113,1,1,unassigned,9.0,9.0,0.0,1.0,0.0,0.0,0.013539651,0.0,0,0,0,1,1
58257,-1,1,-0.055781543,0.48605818,0,1,unassigned,10.0,10.0,0.0,1.0,0.0,0.0,0.015473888,0.0,1,0,0,0,0
58258,-1,0,1.4028597,0.8026373,1,1,unassigned,2.0,2.0,0.0,1.0,0.0,0.0,0.0,0.0,0,0,0,1,0
58259,-1,1,1.1020715,0.7506481,1,1,unassigned,10.0,6.0,4.0,0.6,0.4,0.39999998,0.015473888,0.0061895554,1,0,0,1,0
58260,-1,0,2.0825756,0.889198,1,1,unassigned,2.0,2.0,0.0,1.0,0.0,0.0,0.0,0.0,0,0,0,1,0
58261,-1,1,1.266562,0.78015363,1,1,unassigned,2.0,1.0,1.0,0.5,0.5,0.5,0.0,0.0,1,0,0,1,0
58262,-1,0,2.2712426,0.9064672,1,1,unassigned,2.0,2.0,0.0,1.0,0.0,0.0,0.0,0.0,0,0,0,1,1
58263,-1,0,2.1735668,0.8978506,1,1,unassigned,3.0,3.0,0.0,1.0,0.0,0.0,0.001934236,0.0,0,0,0,1,0
58264,-1,0,-0.62261724,0.34918645,0,1,unassigned,25.0,24.0,1.0,0.96,0.04,0.04000002,0.044487428,0.001779497,0,0,0,0,0
58265,-1,1,2.8984983,0.94777215,1,1,unassigned,16.0,7.0,9.0,0.4375,0.5625,0.5625,0.027079303,0.015232108,1,0,0,1,1
58266,-1,0,-0.29232606,0.42743453,0,1,unassigned,11.0,11.0,0.0,1.0,0.0,0.0,0.017408123,0.0,0,0,0,0,0
58267,-1,1,-0.52998215,0.37052104,0,1,unassigned,21.0,21.0,0.0,1.0,0.0,0.0,0.036750484,0.0,1,0,0,0,0
58268,-1,1,-0.7515166,0.32049093,0,1,unassigned,22.0,22.0,0.0,1.0,0.0,0.0,0.03868472,0.0,1,0,0,0,0
58269,-1,1,0.27274603,0.5677669,1,1,unassigned,3.0,3.0,0.0,1.0,0.0,0.0,0.001934236,0.0,1,0,0,1,0
58270,-1,0,6.294604,0.9981572,1,1,unassigned,2.0,2.0,0.0,1.0,0.0,0.0,0.0,0.0,0,0,0,1,1
58271,-1,0,0.416385,0.60261786,1,1,unassigned,13.0,13.0,0.0,1.0,0.0,0.0,0.021276595,0.0,0,0,0,1,0
58272,-1,1,-0.76329327,0.31793168,0,1,unassigned,6.0,6.0,0.0,1.0,0.0,0.0,0.007736944,0.0,1,0,0,0,0
58273,-1,0,0.1358226,0.53390354,1,1,unassigned,37.0,35.0,2.0,0.9459459,0.054054055,0.05405408,0.06769826,0.0036593657,0,0,0,1,0
58274,-1,1,-0.61976373,0.3498352,0,1,unassigned,13.0,12.0,1.0,0.9230769,0.07692308,0.07692307,0.021276595,0.0016366612,1,0,0,0,0
58275,-1,0,-0.24518678,0.4390085,0,1,unassigned,4.0,4.0,0.0,1.0,0.0,0.0,0.003868472,0.0,0,0,0,0,0
58276,-1,1,-0.8360667,0.3023638,0,1,unassigned,12.0,12.0,0.0,1.0,0.0,0.0,0.01934236,0.0,1,0,0,0,0
58277,0,0,0.07510275,0.5187669,1,1,val,17.0,16.0,1.0,0.9411765,0.05882353,0.058823526,0.029013539,0.0017066788,0,0,0,1,0
58278,1,1,4.4275727,0.9881975,1,0,unassigned,8.0,8.0,0.0,1.0,0.0,0.0,0.0116054155,0.0,1,0,1,1,1
58279,-1,1,-0.6552409,0.3418095,0,1,unassigned,41.0,41.0,0.0,1.0,0.0,0.0,0.07543521,0.0,1,0,0,0,0
58280,-1,1,-0.8469732,0.3000682,0,1,unassigned,119.0,113.0,6.0,0.94957983,0.05042017,0.050420165,0.2263056,0.011410367,1,0,0,0,0
58281,-1,1,1.55422,0.8255224,1,1,unassigned,2.0,2.0,0.0,1.0,0.0,0.0,0.0,0.0,1,0,0,1,0
58282,-1,0,8.936083,0.9998684,1,1,unassigned,8.0,6.0,2.0,0.75,0.25,0.25,0.0116054155,0.0029013539,0,0,0,1,1
58283,-1,0,4.9499073,0.9929658,1,1,unassigned,3.0,3.0,0.0,1.0,0.0,0.0,0.001934236,0.0,0,0,0,1,1
58284,-1,0,6.9050174,0.9989982,1,1,unassigned,2.0,2.0,0.0,1.0,0.0,0.0,0.0,0.0,0,0,0,1,1
58285,-1,0,4.3854213,0.9876957,1,1,unassigned,3.0,3.0,0.0,1.0,0.0,0.0,0.001934236,0.0,0,0,0,1,1
58286,-1,0,-0.028086007,0.49297896,0,1,unassigned,2.0,2.0,0.0,1.0,0.0,0.0,0.0,0.0,0,0,0,0,0
58287,-1,0,5.297505,0.99502087,1,1,unassigned,3.0,2.0,1.0,0.6666667,0.33333334,0.3333333,0.001934236,0.00064474536,0,0,0,1,1
58288,-1,0,2.2943203,0.9084056,1,1,unassigned,2.0,2.0,0.0,1.0,0.0,0.0,0.0,0.0,0,0,0,1,1
58289,-1,1,-0.94843054,0.27920055,0,1,unassigned,47.0,47.0,0.0,1.0,0.0,0.0,0.08704062,0.0,1,0,0,0,0
58290,-1,0,-1.2465568,0.22329673,0,1,unassigned,2.0,2.0,0.0,1.0,0.0,0.0,0.0,0.0,0,0,0,0,0
58291,1,1,1.8929443,0.8690909,1,0,train,3.0,2.0,1.0,0.6666667,0.33333334,0.3333333,0.001934236,0.00064474536,1,0,1,1,0
58292,-1,1,-0.6348646,0.3464083,0,1,unassigned,21.0,21.0,0.0,1.0,0.0,0.0,0.036750484,0.0,1,0,0,0,0
58293,-1,1,2.1922815,0.89955425,1,1,unassigned,35.0,23.0,12.0,0.6571429,0.34285715,0.34285712,0.06382979,0.0218845,1,0,0,1,0
58294,-1,1,-0.89817995,0.28942466,0,1,unassigned,26.0,25.0,1.0,0.96153843,0.03846154,0.038461566,0.046421662,0.0017854486,1,0,0,0,0
58295,1,0,-0.8846475,0.29221565,0,1,val,10.0,10.0,0.0,1.0,0.0,0.0,0.015473888,0.0,0,0,0,0,0
58296,-1,0,-0.1871514,0.45334825,0,1,unassigned,23.0,22.0,1.0,0.95652175,0.04347826,0.04347825,0.040618956,0.0017660416,0,0,0,0,0
58297,-1,1,-0.8225522,0.30522218,0,1,unassigned,90.0,88.0,2.0,0.9777778,0.022222223,0.02222222,0.17021276,0.0037825059,1,0,0,0,0
58298,-1,0,6.0138392,0.99756134,1,1,unassigned,3.0,1.0,2.0,0.33333334,0.6666667,0.6666666,0.001934236,0.0012894907,0,0,0,1,1
58299,-1,0,1.5636823,0.8268811,1,1,unassigned,6.0,6.0,0.0,1.0,0.0,0.0,0.007736944,0.0,0,0,0,1,0
58300,-1,0,3.5517766,0.9721256,1,1,unassigned,5.0,4.0,1.0,0.8,0.2,0.19999999,0.0058027077,0.0011605415,0,0,0,1,1
58301,-1,1,4.340285,0.9871349,1,1,unassigned,3.0,3.0,0.0,1.0,0.0,0.0,0.001934236,0.0,1,0,0,1,1
58302,-1,0,11.587726,0.9999907,1,1,unassigned,4.0,4.0,0.0,1.0,0.0,0.0,0.003868472,0.0,0,0,0,1,1
58303,-1,0,2.6284368,0.93266946,1,1,unassigned,10.0,10.0,0.0,1.0,0.0,0.0,0.015473888,0.0,0,0,0,1,1
58304,-1,0,-0.5132845,0.3744239,0,1,unassigned,47.0,46.0,1.0,0.9787234,0.021276595,0.021276593,0.08704062,0.001851928,0,0,0,0,0
58305,-1,0,10.346817,0.99996793,1,1,unassigned,6.0,6.0,0.0,1.0,0.0,0.0,0.007736944,0.0,0,0,0,1,1
58306,-1,1,2.1592853,0.89653325,1,1,unassigned,7.0,3.0,4.0,0.42857143,0.5714286,0.57142854,0.00967118,0.0055263885,1,0,0,1,0
58307,-1,1,0.32157594,0.5797083,1,1,unassigned,4.0,4.0,0.0,1.0,0.0,0.0,0.003868472,0.0,1,0,0,1,0
58308,-1,0,3.3891404,0.9673634,1,1,unassigned,3.0,3.0,0.0,1.0,0.0,0.0,0.001934236,0.0,0,0,0,1,1
58309,-1,0,14.76962,0.99999964,1,1,unassigned,8.0,6.0,2.0,0.75,0.25,0.25,0.0116054155,0.0029013539,0,0,0,1,1
58310,-1,0,1.4363661,0.80789125,1,1,unassigned,7.0,7.0,0.0,1.0,0.0,0.0,0.00967118,0.0,0,0,0,1,0
58311,-1,1,5.02156,0.99344903,1,1,unassigned,3.0,2.0,1.0,0.6666667,0.33333334,0.3333333,0.001934236,0.00064474536,1,0,0,1,1
58312,-1,0,1.0696514,0.7445306,1,1,unassigned,2.0,2.0,0.0,1.0,0.0,0.0,0.0,0.0,0,0,0,1,0
58313,1,0,-0.03773743,0.49056676,0,1,test,14.0,14.0,0.0,1.0,0.0,0.0,0.023210831,0.0,0,0,0,0,0
58314,-1,1,0.3580404,0.588566,1,1,unassigned,5.0,5.0,0.0,1.0,0.0,0.0,0.0058027077,0.0,1,0,0,1,0
58315,-1,1,0.15399623,0.5384232,1,1,unassigned,4.0,4.0,0.0,1.0,0.0,0.0,0.003868472,0.0,1,0,0,1,0
58316,-1,1,1.0632069,0.7433029,1,1,unassigned,5.0,5.0,0.0,1.0,0.0,0.0,0.0058027077,0.0,1,0,0,1,0
58317,-1,1,-0.9166509,0.2856408,0,1,unassigned,50.0,50.0,0.0,1.0,0.0,0.0,0.092843324,0.0,1,0,0,0,0
58318,-1,1,-0.16095358,0.45984825,0,1,unassigned,18.0,17.0,1.0,0.9444444,0.055555556,0.055555582,0.030947777,0.0017193209,1,0,0,0,0
58319,-1,1,-0.20568302,0.44875976,0,1,unassigned,7.0,6.0,1.0,0.85714287,0.14285715,0.14285713,0.00967118,0.0013815971,1,0,0,0,0
58320,-1,1,-0.54951376,0.36597723,0,1,unassigned,6.0,6.0,0.0,1.0,0.0,0.0,0.007736944,0.0,1,0,0,0,0
58321,-1,1,-0.19054094,0.45250836,0,1,unassigned,14.0,13.0,1.0,0.9285714,0.071428575,0.0714286,0.023210831,0.0016579166,1,0,0,0,0
58322,-1,0,0.35504228,0.5878398,1,1,unassigned,30.0,30.0,0.0,1.0,0.0,0.0,0.054158606,0.0,0,0,0,1,0
58323,-1,1,1.6409028,0.83765775,1,1,unassigned,7.0,7.0,0.0,1.0,0.0,0.0,0.00967118,0.0,1,0,0,1,0
58324,-1,0,5.7103863,0.9966995,1,1,unassigned,15.0,15.0,0.0,1.0,0.0,0.0,0.025145067,0.0,0,0,0,1,1
58325,-1,0,3.740102,0.9767993,1,1,unassigned,11.0,10.0,1.0,0.90909094,0.09090909,0.090909064,0.017408123,0.0015825568,0,0,0,1,1
58326,-1,0,-3.3695629,0.03326036,0,1,unassigned,2.0,2.0,0.0,1.0,0.0,0.0,0.0,0.0,0,0,0,0,1
58327,-1,0,5.7454925,0.996813,1,1,unassigned,2.0,2.0,0.0,1.0,0.0,0.0,0.0,0.0,0,0,0,1,1
58328,-1,1,5.4781585,0.9958404,1,1,unassigned,7.0,6.0,1.0,0.85714287,0.14285715,0.14285713,0.00967118,0.0013815971,1,0,0,1,1
58329,-1,1,0.84411365,0.69933087,1,1,unassigned,8.0,8.0,0.0,1.0,0.0,0.0,0.0116054155,0.0,1,0,0,1,0
58330,-1,0,0.5738357,0.6396478,1,1,unassigned,4.0,4.0,0.0,1.0,0.0,0.0,0.003868472,0.0,0,0,0,1,0
58331,-1,1,0.06567234,0.5164122,1,1,unassigned,18.0,17.0,1.0,0.9444444,0.055555556,0.055555582,0.030947777,0.0017193209,1,0,0,1,0
58332,-1,0,5.638677,0.9964551,1,1,unassigned,7.0,6.0,1.0,0.85714287,0.14285715,0.14285713,0.00967118,0.0013815971,0,0,0,1,1
58333,-1,0,3.3158386,0.96496814,1,1,unassigned,4.0,4.0,0.0,1.0,0.0,0.0,0.003868472,0.0,0,0,0,1,1
58334,-1,0,5.812148,0.997018,1,1,unassigned,7.0,6.0,1.0,0.85714287,0.14285715,0.14285713,0.00967118,0.0013815971,0,0,0,1,1
58335,-1,0,0.24935311,0.56201726,1,1,unassigned,2.0,2.0,0.0,1.0,0.0,0.0,0.0,0.0,0,0,0,1,0
58336,-1,1,5.142001,0.99418795,1,1,unassigned,5.0,4.0,1.0,0.8,0.2,0.19999999,0.0058027077,0.0011605415,1,0,0,1,1
58337,-1,0,8.213793,0.9997292,1,1,unassigned,4.0,4.0,0.0,1.0,0.0,0.0,0.003868472,0.0,0,0,0,1,1
58338,1,1,3.8554375,0.97927433,1,0,test,42.0,39.0,3.0,0.9285714,0.071428575,0.0714286,0.07736944,0.0055263885,1,0,1,1,1
58339,-1,1,2.0316184,0.884077,1,1,unassigned,3.0,1.0,2.0,0.33333334,0.6666667,0.6666666,0.001934236,0.0012894907,1,0,0,1,0
58340,-1,0,12.29894,0.99999547,1,1,unassigned,47.0,35.0,12.0,0.7446808,0.25531915,0.25531918,0.08704062,0.022223137,0,0,0,1,1
58341,-1,1,1.3936448,0.80117345,1,1,unassigned,4.0,4.0,0.0,1.0,0.0,0.0,0.003868472,0.0,1,0,0,1,0
58342,-1,0,3.3007047,0.96445304,1,1,unassigned,8.0,7.0,1.0,0.875,0.125,0.125,0.0116054155,0.0014506769,0,0,0,1,1
58343,-1,1,-0.34469888,0.4146685,0,1,unassigned,2.0,2.0,0.0,1.0,0.0,0.0,0.0,0.0,1,0,0,0,0
58344,-1,1,-0.08352482,0.47913092,0,1,unassigned,11.0,10.0,1.0,0.90909094,0.09090909,0.090909064,0.017408123,0.0015825568,1,0,0,0,0
58345,-1,0,1.3567855,0.7952368,1,1,unassigned,11.0,11.0,0.0,1.0,0.0,0.0,0.017408123,0.0,0,0,0,1,0
58346,-1,1,4.0733933,0.9832653,1,1,unassigned,18.0,14.0,4.0,0.7777778,0.22222222,0.22222221,0.030947777,0.0068772836,1,0,0,1,1
58347,-1,1,7.3968196,0.99938715,1,1,unassigned,2.0,1.0,1.0,0.5,0.5,0.5,0.0,0.0,1,0,0,1,1
58348,-1,1,-0.0045292974,0.4988677,0,1,unassigned,2.0,2.0,0.0,1.0,0.0,0.0,0.0,0.0,1,0,0,0,0
58349,-1,1,1.2944748,0.78490365,1,1,unassigned,34.0,33.0,1.0,0.9705882,0.029411765,0.029411793,0.061895553,0.0018204574,1,0,0,1,0
58350,-1,0,2.2515128,0.904781,1,1,unassigned,2.0,2.0,0.0,1.0,0.0,0.0,0.0,0.0,0,0,0,1,1
58351,-1,1,8.819193,0.9998522,1,1,unassigned,2.0,2.0,0.0,1.0,0.0,0.0,0.0,0.0,1,0,0,1,1
58352,-1,0,-0.27065626,0.432746,0,1,unassigned,37.0,37.0,0.0,1.0,0.0,0.0,0.06769826,0.0,0,0,0,0,0
58353,-1,1,4.6048713,0.9900961,1,1,unassigned,6.0,5.0,1.0,0.8333333,0.16666667,0.16666669,0.007736944,0.0012894907,1,0,0,1,1
58354,-1,1,1.3291166,0.7906945,1,1,unassigned,14.0,13.0,1.0,0.9285714,0.071428575,0.0714286,0.023210831,0.0016579166,1,0,0,1,0
58355,-1,1,-0.6276547,0.34804252,0,1,unassigned,7.0,7.0,0.0,1.0,0.0,0.0,0.00967118,0.0,1,0,0,0,0
58356,1,1,-1.3752935,0.20176594,0,1,test,3.0,3.0,0.0,1.0,0.0,0.0,0.001934236,0.0,1,0,0,0,0
58357,-1,0,-0.19050646,0.45251688,0,1,unassigned,2.0,2.0,0.0,1.0,0.0,0.0,0.0,0.0,0,0,0,0,0
58358,1,0,0.48835796,0.61971956,1,0,val,52.0,4.0,48.0,0.07692308,0.9230769,0.9230769,0.0967118,0.08927243,0,0,1,1,0
58359,-1,0,2.5775135,0.92940027,1,1,unassigned,4.0,4.0,0.0,1.0,0.0,0.0,0.003868472,0.0,0,0,0,1,1
58360,-1,0,-0.5829439,0.35825548,0,1,unassigned,34.0,33.0,1.0,0.9705882,0.029411765,0.029411793,0.061895553,0.0018204574,0,0,0,0,0
58361,-1,1,0.64391166,0.65563715,1,1,unassigned,6.0,6.0,0.0,1.0,0.0,0.0,0.007736944,0.0,1,0,0,1,0
58362,-1,1,1.838731,0.8627985,1,1,unassigned,16.0,15.0,1.0,0.9375,0.0625,0.0625,0.027079303,0.0016924564,1,0,0,1,0
58363,-1,0,3.3934977,0.9675006,1,1,unassigned,5.0,5.0,0.0,1.0,0.0,0.0,0.0058027077,0.0,0,0,0,1,1
58364,-1,1,-0.91533995,0.28590837,0,1,unassigned,35.0,35.0,0.0,1.0,0.0,0.0,0.06382979,0.0,1,0,0,0,0
58365,-1,1,2.7282827,0.9386751,1,1,unassigned,3.0,3.0,0.0,1.0,0.0,0.0,0.001934236,0.0,1,0,0,1,1
58366,-1,0,-0.4999786,0.3775457,0,1,unassigned,9.0,9.0,0.0,1.0,0.0,0.0,0.013539651,0.0,0,0,0,0,0
58367,-1,1,-0.06910682,0.48273018,0,1,unassigned,21.0,21.0,0.0,1.0,0.0,0.0,0.036750484,0.0,1,0,0,0,0
58368,-1,0,-0.19483888,0.45144382,0,1,unassigned,15.0,15.0,0.0,1.0,0.0,0.0,0.025145067,0.0,0,0,0,0,0
58369,-1,0,6.8666606,0.99895906,1,1,unassigned,6.0,6.0,0.0,1.0,0.0,0.0,0.007736944,0.0,0,0,0,1,1
58370,-1,1,-0.32086962,0.42046383,0,1,unassigned,7.0,7.0,0.0,1.0,0.0,0.0,0.00967118,0.0,1,0,0,0,0
58371,-1,1,-0.39441872,0.40265405,0,1,unassigned,4.0,4.0,0.0,1.0,0.0,0.0,0.003868472,0.0,1,0,0,0,0
58372,-1,0,-0.055809975,0.48605108,0,1,unassigned,8.0,8.0,0.0,1.0,0.0,0.0,0.0116054155,0.0,0,0,0,0,0
58373,-1,0,0.71898943,0.67238444,1,1,unassigned,36.0,36.0,0.0,1.0,0.0,0.0,0.065764025,0.0,0,0,0,1,0
58374,-1,1,4.0321016,0.9825721,1,1,unassigned,4.0,3.0,1.0,0.75,0.25,0.25,0.003868472,0.000967118,1,0,0,1,1
58375,-1,0,-0.6398153,0.3452883,0,1,unassigned,2.0,2.0,0.0,1.0,0.0,0.0,0.0,0.0,0,0,0,0,0
58376,-1,1,5.5032287,0.9959429,1,1,unassigned,20.0,18.0,2.0,0.9,0.1,0.100000024,0.034816246,0.0034816246,1,0,0,1,1
58377,-1,0,5.6902857,0.99663275,1,1,unassigned,5.0,4.0,1.0,0.8,0.2,0.19999999,0.0058027077,0.0011605415,0,0,0,1,1
58378,-1,1,-0.9033568,0.28836116,0,1,unassigned,3.0,3.0,0.0,1.0,0.0,0.0,0.001934236,0.0,1,0,0,0,0
58379,-1,0,9.8173485,0.9999455,1,1,unassigned,12.0,11.0,1.0,0.9166667,0.083333336,0.08333331,0.01934236,0.0016118633,0,0,0,1,1
58380,-1,0,0.26397717,0.56561375,1,1,unassigned,2.0,2.0,0.0,1.0,0.0,0.0,0.0,0.0,0,0,0,1,0
58381,-1,0,0.7496832,0.6791097,1,1,unassigned,2.0,2.0,0.0,1.0,0.0,0.0,0.0,0.0,0,0,0,1,0
58382,-1,1,-0.207282,0.44836423,0,1,unassigned,2.0,2.0,0.0,1.0,0.0,0.0,0.0,0.0,1,0,0,0,0
58383,-1,1,1.5247266,0.82123345,1,1,unassigned,11.0,11.0,0.0,1.0,0.0,0.0,0.017408123,0.0,1,0,0,1,0
58384,-1,0,4.2577543,0.98604345,1,1,unassigned,11.0,11.0,0.0,1.0,0.0,0.0,0.017408123,0.0,0,0,0,1,1
58385,-1,0,6.354221,0.99826366,1,1,unassigned,5.0,5.0,0.0,1.0,0.0,0.0,0.0058027077,0.0,0,0,0,1,1
58386,-1,0,3.1512232,0.9589569,1,1,unassigned,2.0,2.0,0.0,1.0,0.0,0.0,0.0,0.0,0,0,0,1,1
58387,-1,0,-1.0047307,0.26801232,0,1,unassigned,2.0,2.0,0.0,1.0,0.0,0.0,0.0,0.0,0,0,0,0,0
58388,-1,0,1.518882,0.8203738,1,1,unassigned,2.0,2.0,0.0,1.0,0.0,0.0,0.0,0.0,0,0,0,1,0
58389,-1,0,0.20194012,0.5503142,1,1,unassigned,10.0,10.0,0.0,1.0,0.0,0.0,0.015473888,0.0,0,0,0,1,0
58390,-1,1,1.5323646,0.822352,1,1,unassigned,9.0,7.0,2.0,0.7777778,0.22222222,0.22222221,0.013539651,0.0030088115,1,0,0,1,0
58391,-1,1,2.915223,0.94859385,1,1,unassigned,20.0,19.0,1.0,0.95,0.05,0.050000012,0.034816246,0.0017408123,1,0,0,1,1
58392,-1,1,1.4451272,0.8092474,1,1,unassigned,11.0,11.0,0.0,1.0,0.0,0.0,0.017408123,0.0,1,0,0,1,0
58393,-1,1,1.5206969,0.8206411,1,1,unassigned,6.0,6.0,0.0,1.0,0.0,0.0,0.007736944,0.0,1,0,0,1,0
58394,-1,0,4.0075936,0.98214746,1,1,unassigned,2.0,2.0,0.0,1.0,0.0,0.0,0.0,0.0,0,0,0,1,1
58395,-1,0,-0.3418784,0.41535324,0,1,unassigned,2.0,2.0,0.0,1.0,0.0,0.0,0.0,0.0,0,0,0,0,0
58396,-1,1,1.0833621,0.74712974,1,1,unassigned,3.0,3.0,0.0,1.0,0.0,0.0,0.001934236,0.0,1,0,0,1,0
58397,-1,0,6.7979903,0.9988852,1,1,unassigned,11.0,11.0,0.0,1.0,0.0,0.0,0.017408123,0.0,0,0,0,1,1
58398,-1,0,4.214448,0.9854348,1,1,unassigned,2.0,2.0,0.0,1.0,0.0,0.0,0.0,0.0,0,0,0,1,1
58399,-1,1,2.6419456,0.93351287,1,1,unassigned,10.0,10.0,0.0,1.0,0.0,0.0,0.015473888,0.0,1,0,0,1,1
58400,-1,1,-0.43667847,0.39253274,0,1,unassigned,14.0,14.0,0.0,1.0,0.0,0.0,0.023210831,0.0,1,0,0,0,0
58401,-1,1,1.675111,0.8422561,1,1,unassigned,33.0,17.0,16.0,0.5151515,0.4848485,0.4848485,0.059961315,0.029072154,1,0,0,1,0
58402,-1,0,0.1645115,0.54103535,1,1,unassigned,16.0,16.0,0.0,1.0,0.0,0.0,0.027079303,0.0,0,0,0,1,0
58403,-1,0,-0.7940542,0.31129882,0,1,unassigned,35.0,35.0,0.0,1.0,0.0,0.0,0.06382979,0.0,0,0,0,0,0
58404,-1,0,-0.63501424,0.34637442,0,1,unassigned,33.0,33.0,0.0,1.0,0.0,0.0,0.059961315,0.0,0,0,0,0,0
58405,-1,1,-0.45738822,0.38760558,0,1,unassigned,27.0,26.0,1.0,0.962963,0.037037037,0.037037015,0.0483559,0.0017909593,1,0,0,0,0
58406,-1,0,1.2570155,0.7785119,1,1,unassigned,3.0,3.0,0.0,1.0,0.0,0.0,0.001934236,0.0,0,0,0,1,0
58407,-1,0,-0.51355225,0.37436116,0,1,unassigned,2.0,2.0,0.0,1.0,0.0,0.0,0.0,0.0,0,0,0,0,0
58408,-1,0,0.6992834,0.66802883,1,1,unassigned,12.0,11.0,1.0,0.9166667,0.083333336,0.08333331,0.01934236,0.0016118633,0,0,0,1,0
58409,-1,1,-0.5715103,0.3608884,0,1,unassigned,10.0,10.0,0.0,1.0,0.0,0.0,0.015473888,0.0,1,0,0,0,0
58410,-1,1,-0.5414799,0.3678434,0,1,unassigned,16.0,16.0,0.0,1.0,0.0,0.0,0.027079303,0.0,1,0,0,0,0
58411,1,1,0.8539775,0.7014008,1,0,unassigned,9.0,8.0,1.0,0.8888889,0.11111111,0.111111104,0.013539651,0.0015044058,1,0,1,1,0
58412,1,1,0.67162246,0.66186637,1,0,unassigned,22.0,22.0,0.0,1.0,0.0,0.0,0.03868472,0.0,1,0,1,1,0
58413,-1,1,3.5503943,0.9720881,1,1,unassigned,4.0,4.0,0.0,1.0,0.0,0.0,0.003868472,0.0,1,0,0,1,1
58414,1,0,-0.06193316,0.48452163,0,1,test,2.0,2.0,0.0,1.0,0.0,0.0,0.0,0.0,0,0,0,0,0
58415,-1,1,-0.50895983,0.3754374,0,1,unassigned,27.0,25.0,2.0,0.9259259,0.074074075,0.07407409,0.0483559,0.0035819185,1,0,0,0,0
58416,-1,1,0.6180833,0.64978254,1,1,unassigned,3.0,3.0,0.0,1.0,0.0,0.0,0.001934236,0.0,1,0,0,1,0
58417,0,1,-0.5762345,0.35979947,0,0,test,12.0,12.0,0.0,1.0,0.0,0.0,0.01934236,0.0,1,0,1,0,0
58418,1,1,-0.45700806,0.38769582,0,1,val,17.0,17.0,0.0,1.0,0.0,0.0,0.029013539,0.0,1,0,0,0,0
58419,-1,0,4.9407125,0.99290127,1,1,unassigned,9.0,9.0,0.0,1.0,0.0,0.0,0.013539651,0.0,0,0,0,1,1
58420,-1,1,1.6038063,0.83254975,1,1,unassigned,4.0,4.0,0.0,1.0,0.0,0.0,0.003868472,0.0,1,0,0,1,0
58421,-1,1,2.6178534,0.93200177,1,1,unassigned,4.0,4.0,0.0,1.0,0.0,0.0,0.003868472,0.0,1,0,0,1,1
58422,-1,0,3.131357,0.95816785,1,1,unassigned,2.0,2.0,0.0,1.0,0.0,0.0,0.0,0.0,0,0,0,1,1
58423,1,0,0.23985404,0.55967766,1,0,unassigned,11.0,11.0,0.0,1.0,0.0,0.0,0.017408123,0.0,0,0,1,1,0
58424,-1,0,0.04411775,0.51102763,1,1,unassigned,18.0,18.0,0.0,1.0,0.0,0.0,0.030947777,0.0,0,0,0,1,0
58425,-1,0,-0.53948104,0.36830834,0,1,unassigned,11.0,11.0,0.0,1.0,0.0,0.0,0.017408123,0.0,0,0,0,0,0
58426,-1,1,4.8350487,0.9921164,1,1,unassigned,3.0,2.0,1.0,0.6666667,0.33333334,0.3333333,0.001934236,0.00064474536,1,0,0,1,1
58427,-1,0,1.0351572,0.73791456,1,1,unassigned,2.0,2.0,0.0,1.0,0.0,0.0,0.0,0.0,0,0,0,1,0
58428,-1,0,5.9685726,0.9974486,1,1,unassigned,35.0,34.0,1.0,0.9714286,0.028571429,0.028571427,0.06382979,0.0018237082,0,0,0,1,1
58429,-1,1,0.09154838,0.52287114,1,1,unassigned,25.0,25.0,0.0,1.0,0.0,0.0,0.044487428,0.0,1,0,0,1,0
58430,-1,0,-0.6627994,0.34011105,0,1,unassigned,11.0,11.0,0.0,1.0,0.0,0.0,0.017408123,0.0,0,0,0,0,0
58431,0,0,-0.2905173,0.42787722,0,0,val,11.0,11.0,0.0,1.0,0.0,0.0,0.017408123,0.0,0,0,1,0,0
58432,-1,0,1.7656305,0.8539134,1,1,unassigned,4.0,3.0,1.0,0.75,0.25,0.25,0.003868472,0.000967118,0,0,0,1,0
58433,-1,1,-0.8820621,0.29275066,0,1,unassigned,46.0,46.0,0.0,1.0,0.0,0.0,0.08510638,0.0,1,0,0,0,0
58434,-1,0,6.890632,0.9989838,1,1,unassigned,7.0,6.0,1.0,0.85714287,0.14285715,0.14285713,0.00967118,0.0013815971,0,0,0,1,1
58435,-1,0,-1.0335071,0.26240474,0,1,unassigned,2.0,2.0,0.0,1.0,0.0,0.0,0.0,0.0,0,0,0,0,0
58436,-1,0,0.9620015,0.72352237,1,1,unassigned,11.0,11.0,0.0,1.0,0.0,0.0,0.017408123,0.0,0,0,0,1,0
58437,1,1,4.3937435,0.98779637,1,0,unassigned,12.0,5.0,7.0,0.41666666,0.5833333,0.5833334,0.01934236,0.011283043,1,0,1,1,1
58438,1,0,8.537249,0.9998041,1,0,val,23.0,22.0,1.0,0.95652175,0.04347826,0.04347825,0.040618956,0.0017660416,0,0,1,1,1
58439,-1,1,2.1983612,0.9001022,1,1,unassigned,9.0,9.0,0.0,1.0,0.0,0.0,0.013539651,0.0,1,0,0,1,1
58440,-1,1,4.0540137,0.9829434,1,1,unassigned,3.0,1.0,2.0,0.33333334,0.6666667,0.6666666,0.001934236,0.0012894907,1,0,0,1,1
58441,-1,0,3.2114043,0.96126115,1,1,unassigned,7.0,6.0,1.0,0.85714287,0.14285715,0.14285713,0.00967118,0.0013815971,0,0,0,1,1
58442,-1,1,-0.2025933,0.4495242,0,1,unassigned,2.0,2.0,0.0,1.0,0.0,0.0,0.0,0.0,1,0,0,0,0
58443,-1,0,4.3645563,0.98743945,1,1,unassigned,3.0,3.0,0.0,1.0,0.0,0.0,0.001934236,0.0,0,0,0,1,1
58444,-1,0,9.610863,0.999933,1,1,unassigned,3.0,3.0,0.0,1.0,0.0,0.0,0.001934236,0.0,0,0,0,1,1
58445,-1,1,10.857973,0.9999808,1,1,unassigned,9.0,9.0,0.0,1.0,0.0,0.0,0.013539651,0.0,1,0,0,1,1
58446,-1,0,-0.4599354,0.3870012,0,1,unassigned,12.0,11.0,1.0,0.9166667,0.083333336,0.08333331,0.01934236,0.0016118633,0,0,0,0,0
58447,-1,1,1.218735,0.7718409,1,1,unassigned,7.0,7.0,0.0,1.0,0.0,0.0,0.00967118,0.0,1,0,0,1,0
58448,-1,1,6.507346,0.9985098,1,1,unassigned,12.0,12.0,0.0,1.0,0.0,0.0,0.01934236,0.0,1,0,0,1,1
58449,-1,1,6.36105,0.9982754,1,1,unassigned,3.0,3.0,0.0,1.0,0.0,0.0,0.001934236,0.0,1,0,0,1,1
58450,-1,1,1.9202421,0.8721654,1,1,unassigned,11.0,10.0,1.0,0.90909094,0.09090909,0.090909064,0.017408123,0.0015825568,1,0,0,1,0
58451,-1,1,-0.069004,0.48275584,0,1,unassigned,54.0,54.0,0.0,1.0,0.0,0.0,0.10058027,0.0,1,0,0,0,0
58452,-1,1,3.0152013,0.9532562,1,1,unassigned,12.0,11.0,1.0,0.9166667,0.083333336,0.08333331,0.01934236,0.0016118633,1,0,0,1,1
58453,0,0,-1.2542317,0.22196849,0,0,val,2.0,2.0,0.0,1.0,0.0,0.0,0.0,0.0,0,0,1,0,0
58454,-1,0,-0.42459047,0.39541882,0,1,unassigned,13.0,13.0,0.0,1.0,0.0,0.0,0.021276595,0.0,0,0,0,0,0
58455,1,0,9.054662,0.9998832,1,0,unassigned,2.0,2.0,0.0,1.0,0.0,0.0,0.0,0.0,0,0,1,1,1
58456,-1,0,2.6887295,0.9363584,1,1,unassigned,12.0,12.0,0.0,1.0,0.0,0.0,0.01934236,0.0,0,0,0,1,1
58457,-1,0,3.7908137,0.9779213,1,1,unassigned,13.0,13.0,0.0,1.0,0.0,0.0,0.021276595,0.0,0,0,0,1,1
58458,-1,0,-0.1372059,0.46575224,0,1,unassigned,2.0,2.0,0.0,1.0,0.0,0.0,0.0,0.0,0,0,0,0,0
58459,-1,0,0.29611713,0.57349306,1,1,unassigned,6.0,5.0,1.0,0.8333333,0.16666667,0.16666669,0.007736944,0.0012894907,0,0,0,1,0
58460,-1,0,-0.9148594,0.28600648,0,1,unassigned,7.0,7.0,0.0,1.0,0.0,0.0,0.00967118,0.0,0,0,0,0,0
58461,0,0,-0.7185886,0.32770386,0,0,unassigned,3.0,3.0,0.0,1.0,0.0,0.0,0.001934236,0.0,0,0,1,0,0
58462,-1,0,-0.17033929,0.45751783,0,1,unassigned,4.0,4.0,0.0,1.0,0.0,0.0,0.003868472,0.0,0,0,0,0,0
58463,-1,0,2.0227363,0.88316363,1,1,unassigned,2.0,2.0,0.0,1.0,0.0,0.0,0.0,0.0,0,0,0,1,0
58464,-1,0,-0.49197653,0.37942806,0,1,unassigned,2.0,2.0,0.0,1.0,0.0,0.0,0.0,0.0,0,0,0,0,0
58465,-1,0,6.3254642,0.99821305,1,1,unassigned,10.0,8.0,2.0,0.8,0.2,0.19999999,0.015473888,0.0030947777,0,0,0,1,1
58466,-1,0,16.74689,1.0,1,1,unassigned,96.0,96.0,0.0,1.0,0.0,0.0,0.18181819,0.0,0,0,0,1,1
58467,-1,0,3.0419815,0.95443505,1,1,unassigned,2.0,2.0,0.0,1.0,0.0,0.0,0.0,0.0,0,0,0,1,1
58468,-1,0,4.009313,0.9821776,1,1,unassigned,5.0,5.0,0.0,1.0,0.0,0.0,0.0058027077,0.0,0,0,0,1,1
58469,-1,0,-0.23490953,0.4415412,0,1,unassigned,2.0,2.0,0.0,1.0,0.0,0.0,0.0,0.0,0,0,0,0,0
58470,-1,1,1.3922939,0.80095816,1,1,unassigned,5.0,3.0,2.0,0.6,0.4,0.39999998,0.0058027077,0.002321083,1,0,0,1,0
58471,-1,0,-0.7239449,0.32652485,0,1,unassigned,2.0,2.0,0.0,1.0,0.0,0.0,0.0,0.0,0,0,0,0,0
58472,-1,1,-0.6808147,0.3360795,0,1,unassigned,7.0,6.0,1.0,0.85714287,0.14285715,0.14285713,0.00967118,0.0013815971,1,0,0,0,0
58473,-1,1,-0.22252637,0.44459686,0,1,unassigned,3.0,3.0,0.0,1.0,0.0,0.0,0.001934236,0.0,1,0,0,0,0
58474,-1,0,1.6643074,0.84081537,1,1,unassigned,5.0,5.0,0.0,1.0,0.0,0.0,0.0058027077,0.0,0,0,0,1,0
58475,-1,1,0.1438964,0.53591216,1,1,unassigned,3.0,3.0,0.0,1.0,0.0,0.0,0.001934236,0.0,1,0,0,1,0
58476,-1,1,-0.5718929,0.36080015,0,1,unassigned,50.0,48.0,2.0,0.96,0.04,0.04000002,0.092843324,0.0037137328,1,0,0,0,0
58477,-1,1,4.530498,0.98933953,1,1,unassigned,4.0,3.0,1.0,0.75,0.25,0.25,0.003868472,0.000967118,1,0,0,1,1
58478,0,1,-0.2564398,0.4362391,0,0,train,4.0,4.0,0.0,1.0,0.0,0.0,0.003868472,0.0,1,0,1,0,0
58479,0,0,-0.9054922,0.28792316,0,0,test,2.0,2.0,0.0,1.0,0.0,0.0,0.0,0.0,0,0,1,0,0
58480,1,1,4.362577,0.9874149,1,0,val,7.0,7.0,0.0,1.0,0.0,0.0,0.00967118,0.0,1,0,1,1,1
58481,0,1,-0.59323007,0.35589406,0,0,test,48.0,48.0,0.0,1.0,0.0,0.0,0.088974856,0.0,1,0,1,0,0
58482,-1,1,-0.5338184,0.36962673,0,1,unassigned,24.0,24.0,0.0,1.0,0.0,0.0,0.04255319,0.0,1,0,0,0,0
58483,-1,0,4.751982,0.99143934,1,1,unassigned,2.0,2.0,0.0,1.0,0.0,0.0,0.0,0.0,0,0,0,1,1
58484,-1,1,1.3268731,0.79032296,1,1,unassigned,29.0,28.0,1.0,0.9655172,0.03448276,0.034482777,0.05222437,0.0018008404,1,0,0,1,0
58485,-1,1,-0.12600353,0.46854073,0,1,unassigned,52.0,48.0,4.0,0.9230769,0.07692308,0.07692307,0.0967118,0.0074393693,1,0,0,0,0
58486,-1,1,2.569298,0.9288593,1,1,unassigned,38.0,37.0,1.0,0.9736842,0.02631579,0.026315808,0.06963249,0.0018324341,1,0,0,1,1
58487,1,1,1.2440555,0.77626914,1,0,test,24.0,24.0,0.0,1.0,0.0,0.0,0.04255319,0.0,1,0,1,1,0
58488,-1,0,7.9054837,0.9996314,1,1,unassigned,2.0,2.0,0.0,1.0,0.0,0.0,0.0,0.0,0,0,0,1,1
58489,-1,1,2.170493,0.89756835,1,1,unassigned,41.0,39.0,2.0,0.9512195,0.048780486,0.0487805,0.07543521,0.003679766,1,0,0,1,0
58490,-1,1,7.807117,0.9995933,1,1,unassigned,6.0,5.0,1.0,0.8333333,0.16666667,0.16666669,0.007736944,0.0012894907,1,0,0,1,1
58491,-1,1,16.651844,1.0,1,1,unassigned,2.0,2.0,0.0,1.0,0.0,0.0,0.0,0.0,1,0,0,1,1
58492,-1,0,12.117134,0.9999945,1,1,unassigned,5.0,4.0,1.0,0.8,0.2,0.19999999,0.0058027077,0.0011605415,0,0,0,1,1
58493,1,1,5.1980877,0.99450326,1,0,unassigned,2.0,1.0,1.0,0.5,0.5,0.5,0.0,0.0,1,0,1,1,1
58494,-1,1,5.687508,0.9966234,1,1,unassigned,5.0,4.0,1.0,0.8,0.2,0.19999999,0.0058027077,0.0011605415,1,0,0,1,1
58495,-1,0,5.798577,0.9969773,1,1,unassigned,2.0,2.0,0.0,1.0,0.0,0.0,0.0,0.0,0,0,0,1,1
58496,-1,0,-0.7227109,0.3267963,0,1,unassigned,2.0,2.0,0.0,1.0,0.0,0.0,0.0,0.0,0,0,0,0,0
58497,-1,1,0.18819886,0.5469113,1,1,unassigned,2.0,2.0,0.0,1.0,0.0,0.0,0.0,0.0,1,0,0,1,0
58498,-1,1,3.3473387,0.9660176,1,1,unassigned,19.0,19.0,0.0,1.0,0.0,0.0,0.032882012,0.0,1,0,0,1,1
58499,-1,1,1.6991236,0.84542024,1,1,unassigned,18.0,18.0,0.0,1.0,0.0,0.0,0.030947777,0.0,1,0,0,1,0
58500,-1,1,-0.46398288,0.38604137,0,1,unassigned,7.0,7.0,0.0,1.0,0.0,0.0,0.00967118,0.0,1,0,0,0,0
58501,1,1,6.993572,0.99908304,1,0,unassigned,3.0,2.0,1.0,0.6666667,0.33333334,0.3333333,0.001934236,0.00064474536,1,0,1,1,1
58502,-1,1,-0.8024435,0.30950308,0,1,unassigned,109.0,107.0,2.0,0.98165137,0.018348623,0.018348634,0.20696326,0.0037974908,1,0,0,0,0
58503,0,1,-0.7588223,0.31890202,0,0,unassigned,16.0,16.0,0.0,1.0,0.0,0.0,0.027079303,0.0,1,0,1,0,0
58504,-1,1,1.3747122,0.7981404,1,1,unassigned,62.0,61.0,1.0,0.983871,0.016129032,0.016129017,0.116054155,0.0018718411,1,0,0,1,0
58505,1,1,0.73497826,0.67589676,1,0,unassigned,19.0,19.0,0.0,1.0,0.0,0.0,0.032882012,0.0,1,0,1,1,0
58506,-1,1,-0.11237216,0.4719365,0,1,unassigned,15.0,13.0,2.0,0.8666667,0.13333334,0.13333333,0.025145067,0.0033526758,1,0,0,0,0
58507,-1,1,2.709965,0.93761206,1,1,unassigned,49.0,47.0,2.0,0.9591837,0.040816326,0.040816307,0.09090909,0.0037105752,1,0,0,1,1
58508,0,1,0.0014719367,0.500368,1,1,unassigned,14.0,14.0,0.0,1.0,0.0,0.0,0.023210831,0.0,1,0,0,1,0
58509,-1,1,5.163672,0.9943119,1,1,unassigned,14.0,14.0,0.0,1.0,0.0,0.0,0.023210831,0.0,1,0,0,1,1
58510,0,1,-0.37198985,0.40806028,0,0,val,14.0,13.0,1.0,0.9285714,0.071428575,0.0714286,0.023210831,0.0016579166,1,0,1,0,0
58511,-1,0,-0.52060384,0.37271106,0,1,unassigned,2.0,2.0,0.0,1.0,0.0,0.0,0.0,0.0,0,0,0,0,0
58512,-1,0,1.3511147,0.7943118,1,1,unassigned,2.0,2.0,0.0,1.0,0.0,0.0,0.0,0.0,0,0,0,1,0
58513,-1,0,5.798577,0.9969773,1,1,unassigned,2.0,2.0,0.0,1.0,0.0,0.0,0.0,0.0,0,0,0,1,1
58514,-1,0,0.5957274,0.6446782,1,1,unassigned,12.0,11.0,1.0,0.9166667,0.083333336,0.08333331,0.01934236,0.0016118633,0,0,0,1,0
58515,-1,0,0.9320509,0.71749115,1,1,unassigned,32.0,32.0,0.0,1.0,0.0,0.0,0.058027077,0.0,0,0,0,1,0
58516,-1,1,4.752762,0.9914459,1,1,unassigned,4.0,4.0,0.0,1.0,0.0,0.0,0.003868472,0.0,1,0,0,1,1
58517,-1,0,0.3831225,0.594626,1,1,unassigned,23.0,21.0,2.0,0.9130435,0.08695652,0.0869565,0.040618956,0.0035320832,0,0,0,1,0
58518,-1,0,3.268243,0.9633231,1,1,unassigned,18.0,15.0,3.0,0.8333333,0.16666667,0.16666669,0.030947777,0.005157963,0,0,0,1,1
58519,-1,1,-0.84010583,0.30151248,0,1,unassigned,19.0,19.0,0.0,1.0,0.0,0.0,0.032882012,0.0,1,0,0,0,0
58520,-1,1,1.5962412,0.83149236,1,1,unassigned,2.0,2.0,0.0,1.0,0.0,0.0,0.0,0.0,1,0,0,1,0
58521,-1,0,1.1341612,0.756606,1,1,unassigned,3.0,3.0,0.0,1.0,0.0,0.0,0.001934236,0.0,0,0,0,1,0
58522,1,0,-0.75778455,0.31912747,0,1,test,2.0,2.0,0.0,1.0,0.0,0.0,0.0,0.0,0,0,0,0,0
58523,-1,1,-0.47764254,0.38280898,0,1,unassigned,13.0,13.0,0.0,1.0,0.0,0.0,0.021276595,0.0,1,0,0,0,0
58524,-1,0,-0.2772292,0.43113315,0,1,unassigned,2.0,1.0,1.0,0.5,0.5,0.5,0.0,0.0,0,0,0,0,0
58525,-1,0,0.029048145,0.5072615,1,1,unassigned,6.0,6.0,0.0,1.0,0.0,0.0,0.007736944,0.0,0,0,0,1,0
58526,-1,0,1.4169588,0.8048612,1,1,unassigned,2.0,2.0,0.0,1.0,0.0,0.0,0.0,0.0,0,0,0,1,0
58527,-1,1,0.75320345,0.67987627,1,1,unassigned,5.0,5.0,0.0,1.0,0.0,0.0,0.0058027077,0.0,1,0,0,1,0
58528,1,1,2.5884492,0.9301145,1,0,unassigned,11.0,11.0,0.0,1.0,0.0,0.0,0.017408123,0.0,1,0,1,1,1
58529,-1,1,1.6302841,0.8362085,1,1,unassigned,8.0,7.0,1.0,0.875,0.125,0.125,0.0116054155,0.0014506769,1,0,0,1,0
58530,-1,1,0.4648549,0.61416525,1,1,unassigned,4.0,4.0,0.0,1.0,0.0,0.0,0.003868472,0.0,1,0,0,1,0
58531,-1,0,6.3550363,0.9982651,1,1,unassigned,2.0,2.0,0.0,1.0,0.0,0.0,0.0,0.0,0,0,0,1,1
58532,-1,1,-0.3648675,0.40978175,0,1,unassigned,2.0,2.0,0.0,1.0,0.0,0.0,0.0,0.0,1,0,0,0,0
58533,0,1,-1.5084277,0.18117191,0,0,val,2.0,2.0,0.0,1.0,0.0,0.0,0.0,0.0,1,0,1,0,0
58534,0,1,-0.30309463,0.42480117,0,0,unassigned,10.0,8.0,2.0,0.8,0.2,0.19999999,0.015473888,0.0030947777,1,0,1,0,0
58535,-1,0,1.014606,0.7339206,1,1,unassigned,22.0,22.0,0.0,1.0,0.0,0.0,0.03868472,0.0,0,0,0,1,0
58536,-1,1,3.021642,0.9535423,1,1,unassigned,45.0,42.0,3.0,0.93333334,0.06666667,0.06666666,0.08317215,0.00554481,1,0,0,1,1
58537,-1,1,4.5414667,0.9894546,1,1,unassigned,2.0,2.0,0.0,1.0,0.0,0.0,0.0,0.0,1,0,0,1,1
58538,-1,0,0.3638541,0.5899731,1,1,unassigned,2.0,2.0,0.0,1.0,0.0,0.0,0.0,0.0,0,0,0,1,0
58539,-1,1,-0.37639672,0.40699625,0,1,unassigned,49.0,48.0,1.0,0.97959185,0.020408163,0.020408154,0.09090909,0.0018552876,1,0,0,0,0
58540,0,1,1.1053617,0.7512633,1,1,test,25.0,22.0,3.0,0.88,0.12,0.120000005,0.044487428,0.0053384914,1,0,0,1,0
58541,-1,1,-0.63303816,0.34682196,0,1,unassigned,2.0,2.0,0.0,1.0,0.0,0.0,0.0,0.0,1,0,0,0,0
58542,-1,1,2.2227035,0.9022698,1,1,unassigned,27.0,27.0,0.0,1.0,0.0,0.0,0.0483559,0.0,1,0,0,1,1
58543,-1,0,2.5878162,0.93007326,1,1,unassigned,48.0,48.0,0.0,1.0,0.0,0.0,0.088974856,0.0,0,0,0,1,1
58544,-1,0,-0.7375598,0.32353798,0,1,unassigned,54.0,53.0,1.0,0.9814815,0.018518519,0.018518507,0.10058027,0.0018625975,0,0,0,0,0
58545,-1,0,3.03018,0.9539191,1,1,unassigned,4.0,2.0,2.0,0.5,0.5,0.5,0.003868472,0.001934236,0,0,0,1,1
58546,-1,0,-0.702337,0.33129427,0,1,unassigned,2.0,2.0,0.0,1.0,0.0,0.0,0.0,0.0,0,0,0,0,0
58547,-1,0,0.22037226,0.5548712,1,1,unassigned,17.0,17.0,0.0,1.0,0.0,0.0,0.029013539,0.0,0,0,0,1,0
58548,-1,0,-0.5098864,0.37522015,0,1,unassigned,2.0,2.0,0.0,1.0,0.0,0.0,0.0,0.0,0,0,0,0,0
58549,-1,0,0.1617232,0.5403429,1,1,unassigned,5.0,5.0,0.0,1.0,0.0,0.0,0.0058027077,0.0,0,0,0,1,0
58550,-1,1,2.7886324,0.9420584,1,1,unassigned,5.0,3.0,2.0,0.6,0.4,0.39999998,0.0058027077,0.002321083,1,0,0,1,1
58551,-1,1,0.44313937,0.6090068,1,1,unassigned,4.0,4.0,0.0,1.0,0.0,0.0,0.003868472,0.0,1,0,0,1,0
58552,-1,1,4.2701106,0.9862125,1,1,unassigned,14.0,14.0,0.0,1.0,0.0,0.0,0.023210831,0.0,1,0,0,1,1
58553,-1,1,-0.16771314,0.45816976,0,1,unassigned,33.0,32.0,1.0,0.969697,0.030303031,0.030303001,0.059961315,0.0018170096,1,0,0,0,0
58554,-1,1,5.9053764,0.9972826,1,1,unassigned,3.0,2.0,1.0,0.6666667,0.33333334,0.3333333,0.001934236,0.00064474536,1,0,0,1,1
58555,-1,1,4.844876,0.9921928,1,1,unassigned,4.0,4.0,0.0,1.0,0.0,0.0,0.003868472,0.0,1,0,0,1,1
58556,-1,1,-0.249318,0.43799132,0,1,unassigned,16.0,15.0,1.0,0.9375,0.0625,0.0625,0.027079303,0.0016924564,1,0,0,0,0
58557,-1,0,7.5168815,0.99945647,1,1,unassigned,2.0,2.0,0.0,1.0,0.0,0.0,0.0,0.0,0,0,0,1,1
58558,-1,0,7.521914,0.9994592,1,1,unassigned,3.0,3.0,0.0,1.0,0.0,0.0,0.001934236,0.0,0,0,0,1,1
58559,-1,0,4.246613,0.9858893,1,1,unassigned,5.0,5.0,0.0,1.0,0.0,0.0,0.0058027077,0.0,0,0,0,1,1
58560,-1,0,-0.51427114,0.3741928,0,1,unassigned,2.0,2.0,0.0,1.0,0.0,0.0,0.0,0.0,0,0,0,0,0
58561,-1,0,3.5905435,0.97315705,1,1,unassigned,3.0,3.0,0.0,1.0,0.0,0.0,0.001934236,0.0,0,0,0,1,1
58562,-1,1,5.6446958,0.99647623,1,1,unassigned,11.0,9.0,2.0,0.8181818,0.18181819,0.18181819,0.017408123,0.0031651135,1,0,0,1,1
58563,1,1,2.6213706,0.9322244,1,0,train,2.0,2.0,0.0,1.0,0.0,0.0,0.0,0.0,1,0,1,1,1
58564,-1,1,0.61434716,0.6489318,1,1,unassigned,27.0,27.0,0.0,1.0,0.0,0.0,0.0483559,0.0,1,0,0,1,0
58565,-1,0,1.1820188,0.76531065,1,1,unassigned,2.0,2.0,0.0,1.0,0.0,0.0,0.0,0.0,0,0,0,1,0
58566,-1,1,2.088021,0.88973343,1,1,unassigned,14.0,14.0,0.0,1.0,0.0,0.0,0.023210831,0.0,1,0,0,1,0
58567,-1,0,9.03434,0.9998808,1,1,unassigned,7.0,6.0,1.0,0.85714287,0.14285715,0.14285713,0.00967118,0.0013815971,0,0,0,1,1
58568,-1,1,-0.47203144,0.38413557,0,1,unassigned,3.0,3.0,0.0,1.0,0.0,0.0,0.001934236,0.0,1,0,0,0,0
58569,-1,0,-0.55511564,0.36467835,0,1,unassigned,8.0,8.0,0.0,1.0,0.0,0.0,0.0116054155,0.0,0,0,0,0,0
58570,-1,1,-0.19244957,0.45203555,0,1,unassigned,4.0,3.0,1.0,0.75,0.25,0.25,0.003868472,0.000967118,1,0,0,0,0
58571,1,1,0.28244174,0.5701447,1,0,test,3.0,3.0,0.0,1.0,0.0,0.0,0.001934236,0.0,1,0,1,1,0
58572,-1,1,0.9632099,0.723764,1,1,unassigned,48.0,45.0,3.0,0.9375,0.0625,0.0625,0.088974856,0.0055609285,1,0,0,1,0
58573,-1,0,0.49409515,0.6210707,1,1,unassigned,22.0,17.0,5.0,0.77272725,0.22727273,0.22727275,0.03868472,0.008791981,0,0,0,1,0
58574,1,1,-0.61494595,0.35093182,0,1,unassigned,11.0,11.0,0.0,1.0,0.0,0.0,0.017408123,0.0,1,0,0,0,0
58575,0,1,-0.41990864,0.39653862,0,0,val,42.0,42.0,0.0,1.0,0.0,0.0,0.07736944,0.0,1,0,1,0,0
58576,-1,1,5.859658,0.9971559,1,1,unassigned,17.0,12.0,5.0,0.7058824,0.29411766,0.29411763,0.029013539,0.008533394,1,0,0,1,1
58577,-1,0,6.547262,0.99856794,1,1,unassigned,3.0,3.0,0.0,1.0,0.0,0.0,0.001934236,0.0,0,0,0,1,1
58578,-1,1,0.81325966,0.6928037,1,1,unassigned,14.0,14.0,0.0,1.0,0.0,0.0,0.023210831,0.0,1,0,0,1,0
58579,-1,1,1.7535262,0.852397,1,1,unassigned,2.0,2.0,0.0,1.0,0.0,0.0,0.0,0.0,1,0,0,1,0
58580,-1,0,7.384963,0.9993799,1,1,unassigned,8.0,4.0,4.0,0.5,0.5,0.5,0.0116054155,0.0058027077,0,0,0,1,1
58581,-1,1,5.1937704,0.99447966,1,1,unassigned,4.0,4.0,0.0,1.0,0.0,0.0,0.003868472,0.0,1,0,0,1,1
58582,-1,0,3.5550778,0.97221494,1,1,unassigned,9.0,9.0,0.0,1.0,0.0,0.0,0.013539651,0.0,0,0,0,1,1
58583,-1,0,-0.34269398,0.4151552,0,1,unassigned,18.0,18.0,0.0,1.0,0.0,0.0,0.030947777,0.0,0,0,0,0,0
58584,-1,0,0.9240343,0.7158634,1,1,unassigned,26.0,26.0,0.0,1.0,0.0,0.0,0.046421662,0.0,0,0,0,1,0
58585,-1,1,-0.29331547,0.4271924,0,1,unassigned,10.0,8.0,2.0,0.8,0.2,0.19999999,0.015473888,0.0030947777,1,0,0,0,0
58586,-1,0,-0.40136606,0.40098417,0,1,unassigned,83.0,69.0,14.0,0.8313253,0.16867469,0.1686747,0.15667312,0.02642679,0,0,0,0,0
58587,-1,0,1.7514675,0.8521378,1,1,unassigned,28.0,27.0,1.0,0.96428573,0.035714287,0.03571427,0.050290134,0.0017960763,0,0,0,1,0
58588,0,0,-0.57892567,0.35917982,0,0,val,14.0,14.0,0.0,1.0,0.0,0.0,0.023210831,0.0,0,0,1,0,0
58589,-1,0,0.7017005,0.6685647,1,1,unassigned,19.0,19.0,0.0,1.0,0.0,0.0,0.032882012,0.0,0,0,0,1,0
58590,-1,0,1.3305137,0.7909256,1,1,unassigned,20.0,19.0,1.0,0.95,0.05,0.050000012,0.034816246,0.0017408123,0,0,0,1,0
58591,-1,1,0.3861432,0.5953539,1,1,unassigned,6.0,6.0,0.0,1.0,0.0,0.0,0.007736944,0.0,1,0,0,1,0
58592,-1,1,0.5568691,0.63572776,1,1,unassigned,4.0,3.0,1.0,0.75,0.25,0.25,0.003868472,0.000967118,1,0,0,1,0
58593,-1,1,-0.48712718,0.38057056,0,1,unassigned,35.0,34.0,1.0,0.9714286,0.028571429,0.028571427,0.06382979,0.0018237082,1,0,0,0,0
58594,0,1,-0.3397339,0.4158741,0,0,test,25.0,24.0,1.0,0.96,0.04,0.04000002,0.044487428,0.001779497,1,0,1,0,0
58595,-1,0,4.982523,0.9931899,1,1,unassigned,4.0,4.0,0.0,1.0,0.0,0.0,0.003868472,0.0,0,0,0,1,1
58596,-1,0,0.7214653,0.6729296,1,1,unassigned,7.0,6.0,1.0,0.85714287,0.14285715,0.14285713,0.00967118,0.0013815971,0,0,0,1,0
58597,-1,1,1.14729,0.75901556,1,1,unassigned,18.0,18.0,0.0,1.0,0.0,0.0,0.030947777,0.0,1,0,0,1,0
58598,-1,1,-0.05739826,0.48565438,0,1,unassigned,4.0,4.0,0.0,1.0,0.0,0.0,0.003868472,0.0,1,0,0,0,0
58599,-1,1,0.17505091,0.5436513,1,1,unassigned,6.0,6.0,0.0,1.0,0.0,0.0,0.007736944,0.0,1,0,0,1,0
58600,-1,1,2.6992915,0.93698484,1,1,unassigned,7.0,6.0,1.0,0.85714287,0.14285715,0.14285713,0.00967118,0.0013815971,1,0,0,1,1
58601,-1,1,4.6182504,0.9902264,1,1,unassigned,11.0,10.0,1.0,0.90909094,0.09090909,0.090909064,0.017408123,0.0015825568,1,0,0,1,1
58602,-1,1,2.4399993,0.919827,1,1,unassigned,10.0,10.0,0.0,1.0,0.0,0.0,0.015473888,0.0,1,0,0,1,1
58603,-1,0,-0.29618818,0.42648956,0,1,unassigned,34.0,34.0,0.0,1.0,0.0,0.0,0.061895553,0.0,0,0,0,0,0
58604,-1,1,-0.22857007,0.44310495,0,1,unassigned,28.0,27.0,1.0,0.96428573,0.035714287,0.03571427,0.050290134,0.0017960763,1,0,0,0,0
58605,0,1,-0.53185284,0.37008485,0,0,test,38.0,38.0,0.0,1.0,0.0,0.0,0.06963249,0.0,1,0,1,0,0
58606,-1,1,1.0814714,0.74677235,1,1,unassigned,12.0,12.0,0.0,1.0,0.0,0.0,0.01934236,0.0,1,0,0,1,0
58607,-1,1,2.181097,0.8985392,1,1,unassigned,21.0,21.0,0.0,1.0,0.0,0.0,0.036750484,0.0,1,0,0,1,0
58608,0,1,-0.65428793,0.3420239,0,0,unassigned,3.0,3.0,0.0,1.0,0.0,0.0,0.001934236,0.0,1,0,1,0,0
58609,0,1,-0.3648808,0.40977857,0,0,val,22.0,22.0,0.0,1.0,0.0,0.0,0.03868472,0.0,1,0,1,0,0
58610,-1,0,4.0500317,0.9828765,1,1,unassigned,2.0,2.0,0.0,1.0,0.0,0.0,0.0,0.0,0,0,0,1,1
58611,-1,1,1.2374017,0.77511144,1,1,unassigned,11.0,11.0,0.0,1.0,0.0,0.0,0.017408123,0.0,1,0,0,1,0
58612,-1,1,0.28959972,0.57189816,1,1,unassigned,44.0,43.0,1.0,0.97727275,0.022727273,0.022727251,0.08123791,0.0018463163,1,0,0,1,0
58613,-1,1,3.5009582,0.97071505,1,1,unassigned,18.0,13.0,5.0,0.7222222,0.2777778,0.2777778,0.030947777,0.008596605,1,0,0,1,1
58614,-1,1,4.765784,0.99155575,1,1,unassigned,16.0,13.0,3.0,0.8125,0.1875,0.1875,0.027079303,0.0050773695,1,0,0,1,1
58615,-1,0,3.3860521,0.96726584,1,1,unassigned,7.0,5.0,2.0,0.71428573,0.2857143,0.28571427,0.00967118,0.0027631943,0,0,0,1,1
58616,-1,0,2.068807,0.8878342,1,1,unassigned,26.0,24.0,2.0,0.9230769,0.07692308,0.07692307,0.046421662,0.0035708973,0,0,0,1,0
58617,1,1,8.000933,0.999665,1,0,val,47.0,42.0,5.0,0.89361703,0.10638298,0.106382966,0.08704062,0.00925964,1,0,1,1,1
58618,-1,1,-0.57744306,0.35952115,0,1,unassigned,5.0,4.0,1.0,0.8,0.2,0.19999999,0.0058027077,0.0011605415,1,0,0,0,0
58619,-1,0,5.95542,0.99741495,1,1,unassigned,3.0,3.0,0.0,1.0,0.0,0.0,0.001934236,0.0,0,0,0,1,1
58620,-1,0,-0.3660736,0.4094901,0,1,unassigned,39.0,39.0,0.0,1.0,0.0,0.0,0.07156673,0.0,0,0,0,0,0
58621,1,0,2.604931,0.9311783,1,0,unassigned,14.0,14.0,0.0,1.0,0.0,0.0,0.023210831,0.0,0,0,1,1,1
58622,-1,0,-0.7192222,0.32756427,0,1,unassigned,7.0,7.0,0.0,1.0,0.0,0.0,0.00967118,0.0,0,0,0,0,0
58623,0,1,-0.041255116,0.48968765,0,0,test,28.0,28.0,0.0,1.0,0.0,0.0,0.050290134,0.0,1,0,1,0,0
58624,-1,0,6.1445746,0.99785954,1,1,unassigned,4.0,3.0,1.0,0.75,0.25,0.25,0.003868472,0.000967118,0,0,0,1,1
58625,-1,1,0.14362073,0.53584355,1,1,unassigned,2.0,2.0,0.0,1.0,0.0,0.0,0.0,0.0,1,0,0,1,0
58626,-1,1,4.8904343,0.9925379,1,1,unassigned,6.0,6.0,0.0,1.0,0.0,0.0,0.007736944,0.0,1,0,0,1,1
58627,-1,0,-0.4309767,0.39389312,0,1,unassigned,12.0,11.0,1.0,0.9166667,0.083333336,0.08333331,0.01934236,0.0016118633,0,0,0,0,0
58628,-1,0,1.3165247,0.7886029,1,1,unassigned,3.0,3.0,0.0,1.0,0.0,0.0,0.001934236,0.0,0,0,0,1,0
58629,-1,0,1.1655221,0.76233464,1,1,unassigned,29.0,27.0,2.0,0.9310345,0.06896552,0.068965495,0.05222437,0.0036016807,0,0,0,1,0
58630,1,1,-0.29276845,0.42732623,0,1,test,11.0,11.0,0.0,1.0,0.0,0.0,0.017408123,0.0,1,0,0,0,0
58631,-1,0,6.6417294,0.998697,1,1,unassigned,14.0,12.0,2.0,0.85714287,0.14285715,0.14285713,0.023210831,0.0033158332,0,0,0,1,1
58632,-1,0,2.2454312,0.9042557,1,1,unassigned,27.0,22.0,5.0,0.8148148,0.18518518,0.1851852,0.0483559,0.008954796,0,0,0,1,1
58633,-1,0,0.42624557,0.6049768,1,1,unassigned,14.0,14.0,0.0,1.0,0.0,0.0,0.023210831,0.0,0,0,0,1,0
58634,-1,0,1.1004126,0.7503374,1,1,unassigned,33.0,33.0,0.0,1.0,0.0,0.0,0.059961315,0.0,0,0,0,1,0
58635,-1,0,2.5910892,0.9302859,1,1,unassigned,80.0,77.0,3.0,0.9625,0.0375,0.037500024,0.15087041,0.0056576408,0,0,0,1,1
58636,-1,1,0.060812414,0.5151984,1,1,unassigned,4.0,4.0,0.0,1.0,0.0,0.0,0.003868472,0.0,1,0,0,1,0
58637,-1,1,-0.7603805,0.31856364,0,1,unassigned,9.0,9.0,0.0,1.0,0.0,0.0,0.013539651,0.0,1,0,0,0,0
58638,-1,0,4.482345,0.98881954,1,1,unassigned,8.0,8.0,0.0,1.0,0.0,0.0,0.0116054155,0.0,0,0,0,1,1
58639,-1,1,0.097160816,0.5242711,1,1,unassigned,11.0,9.0,2.0,0.8181818,0.18181819,0.18181819,0.017408123,0.0031651135,1,0,0,1,0
58640,-1,0,1.2069509,0.769759,1,1,unassigned,20.0,19.0,1.0,0.95,0.05,0.050000012,0.034816246,0.0017408123,0,0,0,1,0
58641,-1,0,-0.27074674,0.43272376,0,1,unassigned,38.0,38.0,0.0,1.0,0.0,0.0,0.06963249,0.0,0,0,0,0,0
58642,-1,1,-0.6562267,0.34158775,0,1,unassigned,16.0,16.0,0.0,1.0,0.0,0.0,0.027079303,0.0,1,0,0,0,0
58643,-1,1,0.1069513,0.5267124,1,1,unassigned,8.0,8.0,0.0,1.0,0.0,0.0,0.0116054155,0.0,1,0,0,1,0
58644,-1,1,0.8439689,0.6993004,1,1,unassigned,13.0,13.0,0.0,1.0,0.0,0.0,0.021276595,0.0,1,0,0,1,0
58645,-1,0,-0.65224046,0.3424848,0,1,unassigned,17.0,17.0,0.0,1.0,0.0,0.0,0.029013539,0.0,0,0,0,0,0
58646,-1,0,-0.7837013,0.3135227,0,1,unassigned,16.0,16.0,0.0,1.0,0.0,0.0,0.027079303,0.0,0,0,0,0,0
58647,-1,1,4.139738,0.9843226,1,1,unassigned,13.0,8.0,5.0,0.61538464,0.3846154,0.38461536,0.021276595,0.008183306,1,0,0,1,1
58648,-1,1,-0.08344126,0.4791518,0,1,unassigned,9.0,9.0,0.0,1.0,0.0,0.0,0.013539651,0.0,1,0,0,0,0
58649,-1,0,-0.62229216,0.3492603,0,1,unassigned,2.0,2.0,0.0,1.0,0.0,0.0,0.0,0.0,0,0,0,0,0
58650,-1,1,5.042694,0.99358505,1,1,unassigned,9.0,5.0,4.0,0.5555556,0.44444445,0.44444442,0.013539651,0.006017623,1,0,0,1,1
58651,-1,1,-0.8045134,0.3090609,0,1,unassigned,21.0,20.0,1.0,0.95238096,0.04761905,0.047619045,0.036750484,0.0017500231,1,0,0,0,0
58652,-1,0,5.583095,0.99625313,1,1,unassigned,13.0,10.0,3.0,0.7692308,0.23076923,0.23076922,0.021276595,0.0049099834,0,0,0,1,1
58653,-1,0,6.3528275,0.9982613,1,1,unassigned,16.0,13.0,3.0,0.8125,0.1875,0.1875,0.027079303,0.0050773695,0,0,0,1,1
58654,-1,0,-0.5139647,0.37426457,0,1,unassigned,37.0,36.0,1.0,0.972973,0.027027028,0.02702701,0.06769826,0.0018296828,0,0,0,0,0
58655,-1,1,-0.33531705,0.41694748,0,1,unassigned,37.0,33.0,4.0,0.8918919,0.10810811,0.1081081,0.06769826,0.0073187314,1,0,0,0,0
58656,-1,1,1.0800896,0.746511,1,1,unassigned,5.0,5.0,0.0,1.0,0.0,0.0,0.0058027077,0.0,1,0,0,1,0
58657,0,0,-0.18882033,0.45293465,0,0,unassigned,6.0,5.0,1.0,0.8333333,0.16666667,0.16666669,0.007736944,0.0012894907,0,0,1,0,0
58658,0,0,-0.064998806,0.483756,0,0,unassigned,5.0,5.0,0.0,1.0,0.0,0.0,0.0058027077,0.0,0,0,1,0,0
58659,-1,0,1.783776,0.8561625,1,1,unassigned,2.0,2.0,0.0,1.0,0.0,0.0,0.0,0.0,0,0,0,1,0
58660,-1,1,-0.56390625,0.3626441,0,1,unassigned,2.0,2.0,0.0,1.0,0.0,0.0,0.0,0.0,1,0,0,0,0
58661,-1,1,-0.49835172,0.3779281,0,1,unassigned,28.0,27.0,1.0,0.96428573,0.035714287,0.03571427,0.050290134,0.0017960763,1,0,0,0,0
58662,-1,1,3.8232338,0.9786105,1,1,unassigned,5.0,4.0,1.0,0.8,0.2,0.19999999,0.0058027077,0.0011605415,1,0,0,1,1
58663,-1,0,4.804009,0.9918698,1,1,unassigned,6.0,6.0,0.0,1.0,0.0,0.0,0.007736944,0.0,0,0,0,1,1
58664,-1,1,0.6488133,0.65674293,1,1,unassigned,29.0,29.0,0.0,1.0,0.0,0.0,0.05222437,0.0,1,0,0,1,0
58665,-1,0,1.7129977,0.8472247,1,1,unassigned,10.0,10.0,0.0,1.0,0.0,0.0,0.015473888,0.0,0,0,0,1,0
58666,-1,1,-0.35078812,0.4131913,0,1,unassigned,2.0,1.0,1.0,0.5,0.5,0.5,0.0,0.0,1,0,0,0,0
58667,-1,0,1.0278869,0.73650604,1,1,unassigned,4.0,4.0,0.0,1.0,0.0,0.0,0.003868472,0.0,0,0,0,1,0
58668,-1,1,-0.117029846,0.47077584,0,1,unassigned,7.0,6.0,1.0,0.85714287,0.14285715,0.14285713,0.00967118,0.0013815971,1,0,0,0,0
58669,0,0,-0.3545593,0.41227722,0,0,val,13.0,13.0,0.0,1.0,0.0,0.0,0.021276595,0.0,0,0,1,0,0
58670,-1,0,4.6075625,0.9901224,1,1,unassigned,3.0,3.0,0.0,1.0,0.0,0.0,0.001934236,0.0,0,0,0,1,1
58671,-1,1,-0.31506953,0.4218778,0,1,unassigned,6.0,6.0,0.0,1.0,0.0,0.0,0.007736944,0.0,1,0,0,0,0
58672,-1,1,-0.61854017,0.35011354,0,1,unassigned,2.0,2.0,0.0,1.0,0.0,0.0,0.0,0.0,1,0,0,0,0
58673,-1,1,3.0175364,0.95336014,1,1,unassigned,5.0,5.0,0.0,1.0,0.0,0.0,0.0058027077,0.0,1,0,0,1,1
58674,-1,0,6.264356,0.9981007,1,1,unassigned,5.0,4.0,1.0,0.8,0.2,0.19999999,0.0058027077,0.0011605415,0,0,0,1,1
58675,-1,1,3.4490168,0.96920174,1,1,unassigned,7.0,5.0,2.0,0.71428573,0.2857143,0.28571427,0.00967118,0.0027631943,1,0,0,1,1
58676,-1,1,-0.9111841,0.28675762,0,1,unassigned,18.0,17.0,1.0,0.9444444,0.055555556,0.055555582,0.030947777,0.0017193209,1,0,0,0,0
58677,-1,0,3.2013764,0.960886,1,1,unassigned,3.0,2.0,1.0,0.6666667,0.33333334,0.3333333,0.001934236,0.00064474536,0,0,0,1,1
58678,-1,0,2.617422,0.9319745,1,1,unassigned,28.0,25.0,3.0,0.89285713,0.10714286,0.107142866,0.050290134,0.0053882287,0,0,0,1,1
58679,-1,1,-0.91969264,0.2850205,0,1,unassigned,25.0,24.0,1.0,0.96,0.04,0.04000002,0.044487428,0.001779497,1,0,0,0,0
58680,-1,1,2.6227267,0.93231,1,1,unassigned,4.0,2.0,2.0,0.5,0.5,0.5,0.003868472,0.001934236,1,0,0,1,1
58681,0,0,-0.35229582,0.4128258,0,0,unassigned,2.0,2.0,0.0,1.0,0.0,0.0,0.0,0.0,0,0,1,0,0
58682,-1,0,1.0536504,0.7414753,1,1,unassigned,3.0,1.0,2.0,0.33333334,0.6666667,0.6666666,0.001934236,0.0012894907,0,0,0,1,0
58683,-1,0,1.9766166,0.87832004,1,1,unassigned,28.0,28.0,0.0,1.0,0.0,0.0,0.050290134,0.0,0,0,0,1,0
58684,-1,0,-0.18992776,0.4526603,0,1,unassigned,10.0,9.0,1.0,0.9,0.1,0.100000024,0.015473888,0.0015473888,0,0,0,0,0
58685,-1,0,0.6088875,0.64768696,1,1,unassigned,13.0,13.0,0.0,1.0,0.0,0.0,0.021276595,0.0,0,0,0,1,0
58686,0,0,-0.82366264,0.30498675,0,0,unassigned,39.0,39.0,0.0,1.0,0.0,0.0,0.07156673,0.0,0,0,1,0,0
58687,-1,0,-0.14261723,0.46440598,0,1,unassigned,19.0,19.0,0.0,1.0,0.0,0.0,0.032882012,0.0,0,0,0,0,0
58688,-1,0,-0.87030494,0.29519087,0,1,unassigned,2.0,2.0,0.0,1.0,0.0,0.0,0.0,0.0,0,0,0,0,0
58689,-1,0,-0.40724725,0.39957237,0,1,unassigned,15.0,15.0,0.0,1.0,0.0,0.0,0.025145067,0.0,0,0,0,0,0
58690,-1,1,19.649895,1.0,1,1,unassigned,2.0,2.0,0.0,1.0,0.0,0.0,0.0,0.0,1,0,0,1,1
58691,1,0,-0.38168186,0.4057213,0,1,unassigned,53.0,53.0,0.0,1.0,0.0,0.0,0.09864604,0.0,0,0,0,0,0
58692,-1,0,-0.5594762,0.36366865,0,1,unassigned,41.0,41.0,0.0,1.0,0.0,0.0,0.07543521,0.0,0,0,0,0,0
58693,-1,0,2.0407846,0.88501316,1,1,unassigned,3.0,3.0,0.0,1.0,0.0,0.0,0.001934236,0.0,0,0,0,1,0
58694,-1,0,0.8494051,0.7004423,1,1,unassigned,6.0,6.0,0.0,1.0,0.0,0.0,0.007736944,0.0,0,0,0,1,0
58695,-1,1,-0.34621042,0.41430166,0,1,unassigned,14.0,13.0,1.0,0.9285714,0.071428575,0.0714286,0.023210831,0.0016579166,1,0,0,0,0
58696,0,0,1.1528697,0.76003474,1,1,unassigned,6.0,6.0,0.0,1.0,0.0,0.0,0.007736944,0.0,0,0,0,1,0
58697,1,0,-0.614366,0.3510639,0,1,unassigned,2.0,2.0,0.0,1.0,0.0,0.0,0.0,0.0,0,0,0,0,0
58698,-1,1,0.6899286,0.665951,1,1,unassigned,2.0,2.0,0.0,1.0,0.0,0.0,0.0,0.0,1,0,0,1,0
58699,-1,1,-0.9748076,0.27392328,0,1,unassigned,10.0,10.0,0.0,1.0,0.0,0.0,0.015473888,0.0,1,0,0,0,0
58700,0,1,-0.887508,0.29162434,0,0,train,3.0,2.0,1.0,0.6666667,0.33333334,0.3333333,0.001934236,0.00064474536,1,0,1,0,0
58701,-1,1,-0.09084225,0.47730508,0,1,unassigned,5.0,5.0,0.0,1.0,0.0,0.0,0.0058027077,0.0,1,0,0,0,0
58702,-1,0,2.194636,0.8997668,1,1,unassigned,2.0,2.0,0.0,1.0,0.0,0.0,0.0,0.0,0,0,0,1,0
58703,-1,0,-0.68304616,0.33558178,0,1,unassigned,16.0,16.0,0.0,1.0,0.0,0.0,0.027079303,0.0,0,0,0,0,0
58704,-1,1,1.0287364,0.73667085,1,1,unassigned,6.0,6.0,0.0,1.0,0.0,0.0,0.007736944,0.0,1,0,0,1,0
58705,-1,0,4.127014,0.98412514,1,1,unassigned,3.0,2.0,1.0,0.6666667,0.33333334,0.3333333,0.001934236,0.00064474536,0,0,0,1,1
58706,-1,0,4.4854207,0.98885345,1,1,unassigned,3.0,2.0,1.0,0.6666667,0.33333334,0.3333333,0.001934236,0.00064474536,0,0,0,1,1
58707,-1,1,12.037071,0.99999404,1,1,unassigned,19.0,16.0,3.0,0.84210527,0.15789473,0.15789473,0.032882012,0.0051918966,1,0,0,1,1
58708,1,0,4.4731164,0.9887171,1,0,val,3.0,2.0,1.0,0.6666667,0.33333334,0.3333333,0.001934236,0.00064474536,0,0,1,1,1
58709,-1,0,2.38991,0.9160546,1,1,unassigned,3.0,3.0,0.0,1.0,0.0,0.0,0.001934236,0.0,0,0,0,1,1
58710,-1,0,0.5169664,0.62643814,1,1,unassigned,21.0,21.0,0.0,1.0,0.0,0.0,0.036750484,0.0,0,0,0,1,0
58711,-1,0,-0.06722003,0.48320132,0,1,unassigned,2.0,2.0,0.0,1.0,0.0,0.0,0.0,0.0,0,0,0,0,0
58712,-1,1,6.026324,0.9975915,1,1,unassigned,13.0,12.0,1.0,0.9230769,0.07692308,0.07692307,0.021276595,0.0016366612,1,0,0,1,1
58713,-1,1,-0.6677396,0.33900318,0,1,unassigned,2.0,1.0,1.0,0.5,0.5,0.5,0.0,0.0,1,0,0,0,0
58714,-1,0,3.8087575,0.9783054,1,1,unassigned,3.0,3.0,0.0,1.0,0.0,0.0,0.001934236,0.0,0,0,0,1,1
58715,-1,0,5.5292,0.9960465,1,1,unassigned,18.0,18.0,0.0,1.0,0.0,0.0,0.030947777,0.0,0,0,0,1,1
58716,-1,1,1.634506,0.836786,1,1,unassigned,14.0,14.0,0.0,1.0,0.0,0.0,0.023210831,0.0,1,0,0,1,0
58717,-1,1,5.521319,0.99601537,1,1,unassigned,10.0,8.0,2.0,0.8,0.2,0.19999999,0.015473888,0.0030947777,1,0,0,1,1
58718,-1,0,-0.18746549,0.45327038,0,1,unassigned,11.0,11.0,0.0,1.0,0.0,0.0,0.017408123,0.0,0,0,0,0,0
58719,-1,0,2.8857539,0.94713765,1,1,unassigned,11.0,11.0,0.0,1.0,0.0,0.0,0.017408123,0.0,0,0,0,1,1
58720,-1,0,4.64298,0.99046284,1,1,unassigned,7.0,6.0,1.0,0.85714287,0.14285715,0.14285713,0.00967118,0.0013815971,0,0,0,1,1
58721,0,0,0.19442838,0.5484546,1,1,test,7.0,7.0,0.0,1.0,0.0,0.0,0.00967118,0.0,0,0,0,1,0
58722,-1,1,11.342306,0.9999882,1,1,unassigned,9.0,9.0,0.0,1.0,0.0,0.0,0.013539651,0.0,1,0,0,1,1
58723,-1,1,1.844547,0.8634856,1,1,unassigned,5.0,5.0,0.0,1.0,0.0,0.0,0.0058027077,0.0,1,0,0,1,0
58724,-1,0,1.7332747,0.84983087,1,1,unassigned,3.0,2.0,1.0,0.6666667,0.33333334,0.3333333,0.001934236,0.00064474536,0,0,0,1,0
58725,-1,1,4.4232755,0.9881473,1,1,unassigned,15.0,13.0,2.0,0.8666667,0.13333334,0.13333333,0.025145067,0.0033526758,1,0,0,1,1
58726,-1,1,4.099005,0.98368156,1,1,unassigned,12.0,10.0,2.0,0.8333333,0.16666667,0.16666669,0.01934236,0.0032237265,1,0,0,1,1
58727,-1,1,1.6357274,0.8369527,1,1,unassigned,13.0,13.0,0.0,1.0,0.0,0.0,0.021276595,0.0,1,0,0,1,0
58728,-1,1,-0.9117743,0.28663692,0,1,unassigned,41.0,40.0,1.0,0.9756098,0.024390243,0.02439022,0.07543521,0.001839883,1,0,0,0,0
58729,-1,1,-0.72325075,0.32667756,0,1,unassigned,50.0,49.0,1.0,0.98,0.02,0.01999998,0.092843324,0.0018568664,1,0,0,0,0
58730,1,1,2.8770587,0.9467006,1,0,unassigned,4.0,3.0,1.0,0.75,0.25,0.25,0.003868472,0.000967118,1,0,1,1,1
58731,-1,1,0.5768834,0.6403499,1,1,unassigned,6.0,6.0,0.0,1.0,0.0,0.0,0.007736944,0.0,1,0,0,1,0
58732,-1,1,1.2699146,0.7807281,1,1,unassigned,3.0,3.0,0.0,1.0,0.0,0.0,0.001934236,0.0,1,0,0,1,0
58733,-1,0,1.067755,0.7441697,1,1,unassigned,24.0,7.0,17.0,0.29166666,0.7083333,0.7083334,0.04255319,0.030141842,0,0,0,1,0
58734,-1,1,2.5232801,0.9257578,1,1,unassigned,17.0,17.0,0.0,1.0,0.0,0.0,0.029013539,0.0,1,0,0,1,1
58735,-1,0,-0.7053921,0.33061782,0,1,unassigned,4.0,4.0,0.0,1.0,0.0,0.0,0.003868472,0.0,0,0,0,0,0
58736,-1,1,4.067539,0.9831687,1,1,unassigned,8.0,7.0,1.0,0.875,0.125,0.125,0.0116054155,0.0014506769,1,0,0,1,1
58737,-1,0,3.775081,0.97757894,1,1,unassigned,3.0,3.0,0.0,1.0,0.0,0.0,0.001934236,0.0,0,0,0,1,1
58738,-1,1,2.2887151,0.90793806,1,1,unassigned,3.0,3.0,0.0,1.0,0.0,0.0,0.001934236,0.0,1,0,0,1,1
58739,-1,1,10.670744,0.99997675,1,1,unassigned,29.0,25.0,4.0,0.86206895,0.13793103,0.13793105,0.05222437,0.0072033615,1,0,0,1,1
58740,0,0,-0.30454925,0.42444578,0,0,test,14.0,14.0,0.0,1.0,0.0,0.0,0.023210831,0.0,0,0,1,0,0
58741,-1,1,-0.24279067,0.43959874,0,1,unassigned,8.0,7.0,1.0,0.875,0.125,0.125,0.0116054155,0.0014506769,1,0,0,0,0
58742,1,1,3.3581347,0.9663703,1,0,val,18.0,18.0,0.0,1.0,0.0,0.0,0.030947777,0.0,1,0,1,1,1
58743,-1,0,-0.5295802,0.3706148,0,1,unassigned,5.0,5.0,0.0,1.0,0.0,0.0,0.0058027077,0.0,0,0,0,0,0
58744,-1,1,5.192253,0.9944713,1,1,unassigned,17.0,17.0,0.0,1.0,0.0,0.0,0.029013539,0.0,1,0,0,1,1
58745,-1,0,0.5891302,0.6431656,1,1,unassigned,4.0,4.0,0.0,1.0,0.0,0.0,0.003868472,0.0,0,0,0,1,0
58746,-1,0,0.7454849,0.6781941,1,1,unassigned,4.0,4.0,0.0,1.0,0.0,0.0,0.003868472,0.0,0,0,0,1,0
58747,-1,1,2.6349356,0.93307644,1,1,unassigned,12.0,10.0,2.0,0.8333333,0.16666667,0.16666669,0.01934236,0.0032237265,1,0,0,1,1
58748,-1,1,6.249928,0.9980731,1,1,unassigned,6.0,5.0,1.0,0.8333333,0.16666667,0.16666669,0.007736944,0.0012894907,1,0,0,1,1
58749,-1,1,1.8192761,0.86047924,1,1,unassigned,3.0,3.0,0.0,1.0,0.0,0.0,0.001934236,0.0,1,0,0,1,0
58750,-1,0,-0.94929117,0.2790274,0,1,unassigned,13.0,13.0,0.0,1.0,0.0,0.0,0.021276595,0.0,0,0,0,0,0
58751,-1,0,3.4245074,0.9684617,1,1,unassigned,14.0,14.0,0.0,1.0,0.0,0.0,0.023210831,0.0,0,0,0,1,1
58752,-1,1,2.4176004,0.9181596,1,1,unassigned,11.0,11.0,0.0,1.0,0.0,0.0,0.017408123,0.0,1,0,0,1,1
58753,-1,0,1.5854151,0.82997006,1,1,unassigned,8.0,8.0,0.0,1.0,0.0,0.0,0.0116054155,0.0,0,0,0,1,0
58754,-1,1,-0.41131836,0.39859602,0,1,unassigned,6.0,6.0,0.0,1.0,0.0,0.0,0.007736944,0.0,1,0,0,0,0
58755,-1,1,6.8189273,0.9989083,1,1,unassigned,12.0,10.0,2.0,0.8333333,0.16666667,0.16666669,0.01934236,0.0032237265,1,0,0,1,1
58756,1,0,-0.9990004,0.269138,0,1,test,2.0,2.0,0.0,1.0,0.0,0.0,0.0,0.0,0,0,0,0,0
58757,-1,1,6.8997226,0.998993,1,1,unassigned,10.0,10.0,0.0,1.0,0.0,0.0,0.015473888,0.0,1,0,0,1,1
58758,-1,1,-0.27230006,0.43234253,0,1,unassigned,4.0,4.0,0.0,1.0,0.0,0.0,0.003868472,0.0,1,0,0,0,0
58759,-1,1,3.4229715,0.9684147,1,1,unassigned,22.0,22.0,0.0,1.0,0.0,0.0,0.03868472,0.0,1,0,0,1,1
58760,-1,0,-1.2105331,0.22960672,0,1,unassigned,3.0,2.0,1.0,0.6666667,0.33333334,0.3333333,0.001934236,0.00064474536,0,0,0,0,0
58761,-1,0,-0.91032416,0.2869335,0,1,unassigned,9.0,9.0,0.0,1.0,0.0,0.0,0.013539651,0.0,0,0,0,0,0
58762,-1,1,4.9673905,0.99308676,1,1,unassigned,18.0,17.0,1.0,0.9444444,0.055555556,0.055555582,0.030947777,0.0017193209,1,0,0,1,1
58763,-1,1,0.6367536,0.65401924,1,1,unassigned,15.0,12.0,3.0,0.8,0.2,0.19999999,0.025145067,0.0050290134,1,0,0,1,0
58764,-1,1,7.8747716,0.99961996,1,1,unassigned,33.0,32.0,1.0,0.969697,0.030303031,0.030303001,0.059961315,0.0018170096,1,0,0,1,1
58765,-1,0,0.28023452,0.56960374,1,1,unassigned,4.0,4.0,0.0,1.0,0.0,0.0,0.003868472,0.0,0,0,0,1,0
58766,-1,1,1.2600913,0.7790418,1,1,unassigned,3.0,3.0,0.0,1.0,0.0,0.0,0.001934236,0.0,1,0,0,1,0
58767,-1,0,2.1038003,0.89127195,1,1,unassigned,49.0,49.0,0.0,1.0,0.0,0.0,0.09090909,0.0,0,0,0,1,0
58768,-1,0,4.7265725,0.99122095,1,1,unassigned,5.0,5.0,0.0,1.0,0.0,0.0,0.0058027077,0.0,0,0,0,1,1
58769,-1,1,0.39625317,0.59778714,1,1,unassigned,22.0,22.0,0.0,1.0,0.0,0.0,0.03868472,0.0,1,0,0,1,0
58770,-1,1,5.5450706,0.9961085,1,1,unassigned,3.0,3.0,0.0,1.0,0.0,0.0,0.001934236,0.0,1,0,0,1,1
58771,-1,1,1.8577476,0.8650342,1,1,unassigned,12.0,11.0,1.0,0.9166667,0.083333336,0.08333331,0.01934236,0.0016118633,1,0,0,1,0
58772,-1,0,0.47473103,0.61650294,1,1,unassigned,3.0,3.0,0.0,1.0,0.0,0.0,0.001934236,0.0,0,0,0,1,0
58773,-1,0,-0.61563456,0.35077497,0,1,unassigned,12.0,12.0,0.0,1.0,0.0,0.0,0.01934236,0.0,0,0,0,0,0
58774,-1,0,0.72784764,0.6743328,1,1,unassigned,5.0,4.0,1.0,0.8,0.2,0.19999999,0.0058027077,0.0011605415,0,0,0,1,0
58775,-1,1,1.4699185,0.813045,1,1,unassigned,10.0,10.0,0.0,1.0,0.0,0.0,0.015473888,0.0,1,0,0,1,0
58776,-1,0,-0.48658067,0.38069943,0,1,unassigned,3.0,3.0,0.0,1.0,0.0,0.0,0.001934236,0.0,0,0,0,0,0
58777,-1,1,2.2661717,0.9060363,1,1,unassigned,29.0,28.0,1.0,0.9655172,0.03448276,0.034482777,0.05222437,0.0018008404,1,0,0,1,1
58778,-1,0,6.3090744,0.99818355,1,1,unassigned,2.0,2.0,0.0,1.0,0.0,0.0,0.0,0.0,0,0,0,1,1
58779,-1,1,2.028043,0.88371015,1,1,unassigned,12.0,12.0,0.0,1.0,0.0,0.0,0.01934236,0.0,1,0,0,1,0
58780,-1,0,0.3686089,0.5911228,1,1,unassigned,8.0,6.0,2.0,0.75,0.25,0.25,0.0116054155,0.0029013539,0,0,0,1,0
58781,0,0,5.8604426,0.99715817,1,1,val,8.0,7.0,1.0,0.875,0.125,0.125,0.0116054155,0.0014506769,0,0,0,1,1
58782,-1,1,3.3138528,0.964901,1,1,unassigned,35.0,25.0,10.0,0.71428573,0.2857143,0.28571427,0.06382979,0.018237082,1,0,0,1,1
58783,-1,0,-0.18419185,0.45408174,0,1,unassigned,6.0,6.0,0.0,1.0,0.0,0.0,0.007736944,0.0,0,0,0,0,0
58784,-1,1,7.5379777,0.9994678,1,1,unassigned,2.0,1.0,1.0,0.5,0.5,0.5,0.0,0.0,1,0,0,1,1
58785,-1,0,-0.16993734,0.45761758,0,1,unassigned,11.0,11.0,0.0,1.0,0.0,0.0,0.017408123,0.0,0,0,0,0,0
58786,-1,1,4.5306373,0.9893411,1,1,unassigned,18.0,18.0,0.0,1.0,0.0,0.0,0.030947777,0.0,1,0,0,1,1
58787,-1,0,-0.25760198,0.4359533,0,1,unassigned,23.0,23.0,0.0,1.0,0.0,0.0,0.040618956,0.0,0,0,0,0,0
58788,-1,0,2.7108672,0.93766487,1,1,unassigned,28.0,27.0,1.0,0.96428573,0.035714287,0.03571427,0.050290134,0.0017960763,0,0,0,1,1
58789,-1,1,2.1082919,0.8917065,1,1,unassigned,2.0,1.0,1.0,0.5,0.5,0.5,0.0,0.0,1,0,0,1,0
58790,-1,0,2.2820394,0.9073786,1,1,unassigned,3.0,3.0,0.0,1.0,0.0,0.0,0.001934236,0.0,0,0,0,1,1
58791,-1,0,4.371922,0.98753047,1,1,unassigned,4.0,4.0,0.0,1.0,0.0,0.0,0.003868472,0.0,0,0,0,1,1
58792,-1,1,-0.7864588,0.31292954,0,1,unassigned,12.0,12.0,0.0,1.0,0.0,0.0,0.01934236,0.0,1,0,0,0,0
58793,-1,0,-0.6844526,0.33526826,0,1,unassigned,10.0,9.0,1.0,0.9,0.1,0.100000024,0.015473888,0.0015473888,0,0,0,0,0
58794,-1,0,-0.5062268,0.3760785,0,1,unassigned,7.0,7.0,0.0,1.0,0.0,0.0,0.00967118,0.0,0,0,0,0,0
58795,-1,1,7.2826476,0.9993131,1,1,unassigned,8.0,5.0,3.0,0.625,0.375,0.375,0.0116054155,0.004352031,1,0,0,1,1
58796,-1,0,-0.65323806,0.34226024,0,1,unassigned,11.0,11.0,0.0,1.0,0.0,0.0,0.017408123,0.0,0,0,0,0,0
58797,-1,0,-1.0692647,0.25554293,0,1,unassigned,16.0,16.0,0.0,1.0,0.0,0.0,0.027079303,0.0,0,0,0,0,0
58798,-1,1,4.0074334,0.9821446,1,1,unassigned,5.0,5.0,0.0,1.0,0.0,0.0,0.0058027077,0.0,1,0,0,1,1
58799,1,0,1.9432619,0.8747101,1,0,val,13.0,12.0,1.0,0.9230769,0.07692308,0.07692307,0.021276595,0.0016366612,0,0,1,1,0
58800,-1,0,0.7805458,0.68579775,1,1,unassigned,3.0,3.0,0.0,1.0,0.0,0.0,0.001934236,0.0,0,0,0,1,0
58801,1,0,0.5653426,0.6376878,1,0,unassigned,45.0,45.0,0.0,1.0,0.0,0.0,0.08317215,0.0,0,0,1,1,0
58802,-1,0,0.28473896,0.5707076,1,1,unassigned,3.0,3.0,0.0,1.0,0.0,0.0,0.001934236,0.0,0,0,0,1,0
58803,-1,1,-0.37434095,0.4074925,0,1,unassigned,14.0,13.0,1.0,0.9285714,0.071428575,0.0714286,0.023210831,0.0016579166,1,0,0,0,0
58804,1,1,3.0759826,0.95589113,1,0,unassigned,5.0,3.0,2.0,0.6,0.4,0.39999998,0.0058027077,0.002321083,1,0,1,1,1
58805,-1,1,2.5161533,0.92526656,1,1,unassigned,34.0,34.0,0.0,1.0,0.0,0.0,0.061895553,0.0,1,0,0,1,1
58806,-1,1,0.262474,0.5652443,1,1,unassigned,2.0,2.0,0.0,1.0,0.0,0.0,0.0,0.0,1,0,0,1,0
58807,-1,1,2.849066,0.94527036,1,1,unassigned,2.0,2.0,0.0,1.0,0.0,0.0,0.0,0.0,1,0,0,1,1
58808,-1,1,1.4316125,0.80715245,1,1,unassigned,3.0,3.0,0.0,1.0,0.0,0.0,0.001934236,0.0,1,0,0,1,0
58809,-1,0,2.8410902,0.9448563,1,1,unassigned,2.0,2.0,0.0,1.0,0.0,0.0,0.0,0.0,0,0,0,1,1
58810,-1,0,-0.3026009,0.42492178,0,1,unassigned,5.0,4.0,1.0,0.8,0.2,0.19999999,0.0058027077,0.0011605415,0,0,0,0,0
58811,-1,1,-0.46531513,0.38572568,0,1,unassigned,12.0,12.0,0.0,1.0,0.0,0.0,0.01934236,0.0,1,0,0,0,0
58812,-1,1,-0.013024151,0.49674404,0,1,unassigned,13.0,13.0,0.0,1.0,0.0,0.0,0.021276595,0.0,1,0,0,0,0
58813,0,1,-0.46563143,0.38565075,0,0,unassigned,8.0,8.0,0.0,1.0,0.0,0.0,0.0116054155,0.0,1,0,1,0,0
58814,-1,1,4.086653,0.983482,1,1,unassigned,49.0,46.0,3.0,0.93877554,0.06122449,0.06122446,0.09090909,0.005565863,1,0,0,1,1
58815,-1,1,3.9471447,0.98105603,1,1,unassigned,82.0,76.0,6.0,0.9268293,0.07317073,0.07317072,0.15473887,0.011322356,1,0,0,1,1
58816,-1,0,8.819285,0.9998522,1,1,unassigned,2.0,2.0,0.0,1.0,0.0,0.0,0.0,0.0,0,0,0,1,1
58817,-1,0,-0.49140045,0.3795637,0,1,unassigned,4.0,4.0,0.0,1.0,0.0,0.0,0.003868472,0.0,0,0,0,0,0
58818,-1,1,0.2801234,0.5695765,1,1,unassigned,4.0,1.0,3.0,0.25,0.75,0.75,0.003868472,0.002901354,1,0,0,1,0
58819,-1,0,4.6867576,0.9908676,1,1,unassigned,4.0,4.0,0.0,1.0,0.0,0.0,0.003868472,0.0,0,0,0,1,1
58820,-1,1,1.5434701,0.82396865,1,1,unassigned,36.0,35.0,1.0,0.9722222,0.027777778,0.027777791,0.065764025,0.0018267785,1,0,0,1,0
58821,-1,0,1.4193046,0.80522937,1,1,unassigned,3.0,3.0,0.0,1.0,0.0,0.0,0.001934236,0.0,0,0,0,1,0
58822,-1,1,7.653029,0.99952567,1,1,unassigned,12.0,12.0,0.0,1.0,0.0,0.0,0.01934236,0.0,1,0,0,1,1
58823,-1,1,0.2922637,0.57255024,1,1,unassigned,13.0,13.0,0.0,1.0,0.0,0.0,0.021276595,0.0,1,0,0,1,0
58824,-1,0,1.4371097,0.80800664,1,1,unassigned,2.0,2.0,0.0,1.0,0.0,0.0,0.0,0.0,0,0,0,1,0
58825,1,1,10.309437,0.99996674,1,0,test,15.0,13.0,2.0,0.8666667,0.13333334,0.13333333,0.025145067,0.0033526758,1,0,1,1,1
58826,-1,0,-0.9060167,0.28781563,0,1,unassigned,25.0,25.0,0.0,1.0,0.0,0.0,0.044487428,0.0,0,0,0,0,0
58827,-1,0,-0.61430097,0.35107872,0,1,unassigned,66.0,66.0,0.0,1.0,0.0,0.0,0.123791106,0.0,0,0,0,0,0
58828,-1,1,-0.8361283,0.30235085,0,1,unassigned,43.0,36.0,7.0,0.8372093,0.1627907,0.16279072,0.079303674,0.0129099,1,0,0,0,0
58829,-1,0,0.13551795,0.5338277,1,1,unassigned,4.0,4.0,0.0,1.0,0.0,0.0,0.003868472,0.0,0,0,0,1,0
58830,0,0,0.0621168,0.5155242,1,1,test,7.0,7.0,0.0,1.0,0.0,0.0,0.00967118,0.0,0,0,0,1,0
58831,1,0,-0.00027388334,0.4999315,0,1,test,7.0,7.0,0.0,1.0,0.0,0.0,0.00967118,0.0,0,0,0,0,0
58832,-1,0,2.7799692,0.94158375,1,1,unassigned,18.0,15.0,3.0,0.8333333,0.16666667,0.16666669,0.030947777,0.005157963,0,0,0,1,1
58833,-1,0,4.4029956,0.98790735,1,1,unassigned,6.0,6.0,0.0,1.0,0.0,0.0,0.007736944,0.0,0,0,0,1,1
58834,1,1,-0.5399563,0.36819774,0,1,unassigned,48.0,48.0,0.0,1.0,0.0,0.0,0.088974856,0.0,1,0,0,0,0
58835,-1,1,-0.43002683,0.39411995,0,1,unassigned,18.0,18.0,0.0,1.0,0.0,0.0,0.030947777,0.0,1,0,0,0,0
58836,-1,1,-0.36595035,0.40951994,0,1,unassigned,30.0,30.0,0.0,1.0,0.0,0.0,0.054158606,0.0,1,0,0,0,0
58837,-1,0,-0.12505355,0.46877727,0,1,unassigned,3.0,3.0,0.0,1.0,0.0,0.0,0.001934236,0.0,0,0,0,0,0
58838,-1,0,-0.7203324,0.3273198,0,1,unassigned,10.0,10.0,0.0,1.0,0.0,0.0,0.015473888,0.0,0,0,0,0,0
58839,1,0,3.211397,0.9612609,1,0,unassigned,4.0,3.0,1.0,0.75,0.25,0.25,0.003868472,0.000967118,0,0,1,1,1
58840,-1,0,-0.024548173,0.4938633,0,1,unassigned,14.0,14.0,0.0,1.0,0.0,0.0,0.023210831,0.0,0,0,0,0,0
58841,-1,1,2.3988397,0.91673875,1,1,unassigned,5.0,5.0,0.0,1.0,0.0,0.0,0.0058027077,0.0,1,0,0,1,1
58842,-1,1,-0.7416402,0.32264557,0,1,unassigned,27.0,27.0,0.0,1.0,0.0,0.0,0.0483559,0.0,1,0,0,0,0
58843,-1,1,-0.88870454,0.29137725,0,1,unassigned,66.0,65.0,1.0,0.9848485,0.015151516,0.015151501,0.123791106,0.0018756229,1,0,0,0,0
58844,-1,1,-0.8282547,0.30401424,0,1,unassigned,14.0,14.0,0.0,1.0,0.0,0.0,0.023210831,0.0,1,0,0,0,0
58845,-1,1,0.3518526,0.58706677,1,1,unassigned,8.0,8.0,0.0,1.0,0.0,0.0,0.0116054155,0.0,1,0,0,1,0
58846,-1,0,0.6797928,0.6636925,1,1,unassigned,4.0,4.0,0.0,1.0,0.0,0.0,0.003868472,0.0,0,0,0,1,0
58847,-1,1,3.7097666,0.9761019,1,1,unassigned,2.0,2.0,0.0,1.0,0.0,0.0,0.0,0.0,1,0,0,1,1
58848,-1,1,4.020641,0.9823747,1,1,unassigned,4.0,4.0,0.0,1.0,0.0,0.0,0.003868472,0.0,1,0,0,1,1
58849,-1,1,-0.5223597,0.37230062,0,1,unassigned,17.0,17.0,0.0,1.0,0.0,0.0,0.029013539,0.0,1,0,0,0,0
58850,-1,0,-0.35840797,0.411345,0,1,unassigned,8.0,8.0,0.0,1.0,0.0,0.0,0.0116054155,0.0,0,0,0,0,0
58851,-1,1,6.3232446,0.9982091,1,1,unassigned,15.0,15.0,0.0,1.0,0.0,0.0,0.025145067,0.0,1,0,0,1,1
58852,-1,1,18.73541,1.0,1,1,unassigned,311.0,223.0,88.0,0.7170418,0.2829582,0.2829582,0.5976789,0.16911815,1,0,0,1,1
58853,1,1,6.9438567,0.99903643,1,0,test,22.0,19.0,3.0,0.8636364,0.13636364,0.13636363,0.03868472,0.005275189,1,0,1,1,1
58854,-1,1,4.4322324,0.98825175,1,1,unassigned,14.0,12.0,2.0,0.85714287,0.14285715,0.14285713,0.023210831,0.0033158332,1,0,0,1,1
58855,-1,1,2.173638,0.8978571,1,1,unassigned,27.0,27.0,0.0,1.0,0.0,0.0,0.0483559,0.0,1,0,0,1,0
58856,-1,1,0.84805375,0.7001587,1,1,unassigned,3.0,3.0,0.0,1.0,0.0,0.0,0.001934236,0.0,1,0,0,1,0
58857,-1,1,3.8094475,0.97832,1,1,unassigned,27.0,25.0,2.0,0.9259259,0.074074075,0.07407409,0.0483559,0.0035819185,1,0,0,1,1
58858,-1,0,5.773372,0.99690044,1,1,unassigned,13.0,12.0,1.0,0.9230769,0.07692308,0.07692307,0.021276595,0.0016366612,0,0,0,1,1
58859,-1,1,0.8800575,0.70683414,1,1,unassigned,16.0,16.0,0.0,1.0,0.0,0.0,0.027079303,0.0,1,0,0,1,0
58860,-1,1,1.3428943,0.79296553,1,1,unassigned,7.0,7.0,0.0,1.0,0.0,0.0,0.00967118,0.0,1,0,0,1,0
58861,-1,1,1.9640644,0.8769722,1,1,unassigned,13.0,13.0,0.0,1.0,0.0,0.0,0.021276595,0.0,1,0,0,1,0
58862,-1,1,0.12885803,0.53217,1,1,unassigned,3.0,2.0,1.0,0.6666667,0.33333334,0.3333333,0.001934236,0.00064474536,1,0,0,1,0
58863,0,1,0.63878447,0.6544786,1,1,unassigned,34.0,33.0,1.0,0.9705882,0.029411765,0.029411793,0.061895553,0.0018204574,1,0,0,1,0
58864,0,1,1.6566427,0.8397868,1,1,val,16.0,16.0,0.0,1.0,0.0,0.0,0.027079303,0.0,1,0,0,1,0
58865,-1,1,1.947967,0.8752248,1,1,unassigned,36.0,35.0,1.0,0.9722222,0.027777778,0.027777791,0.065764025,0.0018267785,1,0,0,1,0
58866,-1,1,2.121752,0.8929994,1,1,unassigned,10.0,10.0,0.0,1.0,0.0,0.0,0.015473888,0.0,1,0,0,1,0
58867,0,0,-0.7064345,0.33038718,0,0,val,9.0,8.0,1.0,0.8888889,0.11111111,0.111111104,0.013539651,0.0015044058,0,0,1,0,0
58868,-1,0,3.383052,0.9671707,1,1,unassigned,3.0,2.0,1.0,0.6666667,0.33333334,0.3333333,0.001934236,0.00064474536,0,0,0,1,1
58869,-1,0,-0.25694928,0.43611374,0,1,unassigned,9.0,9.0,0.0,1.0,0.0,0.0,0.013539651,0.0,0,0,0,0,0
58870,-1,1,4.4745135,0.9887326,1,1,unassigned,5.0,4.0,1.0,0.8,0.2,0.19999999,0.0058027077,0.0011605415,1,0,0,1,1
58871,-1,0,8.8766,0.9998604,1,1,unassigned,14.0,11.0,3.0,0.78571427,0.21428572,0.21428573,0.023210831,0.0049737496,0,0,0,1,1
58872,-1,1,5.846626,0.9971187,1,1,unassigned,12.0,12.0,0.0,1.0,0.0,0.0,0.01934236,0.0,1,0,0,1,1
58873,-1,0,2.616615,0.93192333,1,1,unassigned,2.0,1.0,1.0,0.5,0.5,0.5,0.0,0.0,0,0,0,1,1
58874,-1,0,1.3209419,0.78933835,1,1,unassigned,2.0,1.0,1.0,0.5,0.5,0.5,0.0,0.0,0,0,0,1,0
58875,-1,0,17.375916,1.0,1,1,unassigned,2.0,2.0,0.0,1.0,0.0,0.0,0.0,0.0,0,0,0,1,1
58876,-1,0,0.11863768,0.5296247,1,1,unassigned,2.0,2.0,0.0,1.0,0.0,0.0,0.0,0.0,0,0,0,1,0
58877,-1,0,0.8982225,0.7105841,1,1,unassigned,3.0,3.0,0.0,1.0,0.0,0.0,0.001934236,0.0,0,0,0,1,0
58878,-1,0,0.45015424,0.6106759,1,1,unassigned,3.0,3.0,0.0,1.0,0.0,0.0,0.001934236,0.0,0,0,0,1,0
58879,-1,1,1.2801979,0.7824835,1,1,unassigned,4.0,4.0,0.0,1.0,0.0,0.0,0.003868472,0.0,1,0,0,1,0
58880,-1,0,-0.048135936,0.4879684,0,1,unassigned,23.0,23.0,0.0,1.0,0.0,0.0,0.040618956,0.0,0,0,0,0,0
58881,-1,1,11.596661,0.9999908,1,1,unassigned,16.0,15.0,1.0,0.9375,0.0625,0.0625,0.027079303,0.0016924564,1,0,0,1,1
58882,-1,1,3.4356906,0.9688015,1,1,unassigned,4.0,4.0,0.0,1.0,0.0,0.0,0.003868472,0.0,1,0,0,1,1
58883,0,0,0.12259883,0.53061134,1,1,val,10.0,9.0,1.0,0.9,0.1,0.100000024,0.015473888,0.0015473888,0,0,0,1,0
58884,0,0,-0.20174992,0.4497329,0,0,val,10.0,7.0,3.0,0.7,0.3,0.3,0.015473888,0.0046421667,0,0,1,0,0
58885,-1,1,0.7698663,0.68349195,1,1,unassigned,24.0,23.0,1.0,0.9583333,0.041666668,0.041666687,0.04255319,0.0017730496,1,0,0,1,0
58886,-1,0,1.8290415,0.8616475,1,1,unassigned,3.0,1.0,2.0,0.33333334,0.6666667,0.6666666,0.001934236,0.0012894907,0,0,0,1,0
58887,-1,1,4.879188,0.99245423,1,1,unassigned,12.0,12.0,0.0,1.0,0.0,0.0,0.01934236,0.0,1,0,0,1,1
58888,-1,1,0.12746483,0.53182316,1,1,unassigned,43.0,40.0,3.0,0.9302326,0.069767445,0.069767416,0.079303674,0.0055328147,1,0,0,1,0
58889,-1,1,5.5564923,0.9961526,1,1,unassigned,24.0,21.0,3.0,0.875,0.125,0.125,0.04255319,0.005319149,1,0,0,1,1
58890,-1,1,1.6335104,0.83664995,1,1,unassigned,7.0,7.0,0.0,1.0,0.0,0.0,0.00967118,0.0,1,0,0,1,0
58891,-1,0,8.74441,0.9998406,1,1,unassigned,4.0,2.0,2.0,0.5,0.5,0.5,0.003868472,0.001934236,0,0,0,1,1
58892,-1,1,-0.5069953,0.37589815,0,1,unassigned,20.0,20.0,0.0,1.0,0.0,0.0,0.034816246,0.0,1,0,0,0,0
58893,-1,1,4.1386256,0.9843055,1,1,unassigned,5.0,5.0,0.0,1.0,0.0,0.0,0.0058027077,0.0,1,0,0,1,1
58894,-1,1,8.468103,0.99979,1,1,unassigned,5.0,5.0,0.0,1.0,0.0,0.0,0.0058027077,0.0,1,0,0,1,1
58895,-1,0,4.2235723,0.98556525,1,1,unassigned,3.0,3.0,0.0,1.0,0.0,0.0,0.001934236,0.0,0,0,0,1,1
58896,-1,1,0.08907956,0.5222552,1,1,unassigned,2.0,2.0,0.0,1.0,0.0,0.0,0.0,0.0,1,0,0,1,0
58897,-1,1,0.2920913,0.57250804,1,1,unassigned,2.0,2.0,0.0,1.0,0.0,0.0,0.0,0.0,1,0,0,1,0
58898,-1,1,0.14569789,0.5363602,1,1,unassigned,7.0,7.0,0.0,1.0,0.0,0.0,0.00967118,0.0,1,0,0,1,0
58899,1,0,0.6027178,0.6462779,1,0,test,6.0,6.0,0.0,1.0,0.0,0.0,0.007736944,0.0,0,0,1,1,0
58900,-1,1,5.6479545,0.99648774,1,1,unassigned,3.0,3.0,0.0,1.0,0.0,0.0,0.001934236,0.0,1,0,0,1,1
58901,-1,0,-0.5715667,0.3608754,0,1,unassigned,24.0,23.0,1.0,0.9583333,0.041666668,0.041666687,0.04255319,0.0017730496,0,0,0,0,0
58902,-1,1,9.950849,0.9999523,1,1,unassigned,2.0,1.0,1.0,0.5,0.5,0.5,0.0,0.0,1,0,0,1,1
58903,-1,1,3.0458782,0.95460427,1,1,unassigned,5.0,5.0,0.0,1.0,0.0,0.0,0.0058027077,0.0,1,0,0,1,1
58904,-1,1,6.028778,0.9975974,1,1,unassigned,8.0,8.0,0.0,1.0,0.0,0.0,0.0116054155,0.0,1,0,0,1,1
58905,-1,1,0.8176386,0.6937348,1,1,unassigned,3.0,3.0,0.0,1.0,0.0,0.0,0.001934236,0.0,1,0,0,1,0
58906,-1,0,0.5642119,0.63742656,1,1,unassigned,3.0,3.0,0.0,1.0,0.0,0.0,0.001934236,0.0,0,0,0,1,0
58907,-1,0,1.4977777,0.81724274,1,1,unassigned,16.0,15.0,1.0,0.9375,0.0625,0.0625,0.027079303,0.0016924564,0,0,0,1,0
58908,-1,0,0.48285288,0.6184213,1,1,unassigned,17.0,15.0,2.0,0.88235295,0.11764706,0.11764705,0.029013539,0.0034133575,0,0,0,1,0
58909,-1,0,7.1170845,0.99918956,1,1,unassigned,12.0,12.0,0.0,1.0,0.0,0.0,0.01934236,0.0,0,0,0,1,1
58910,-1,0,-0.0064026713,0.49839932,0,1,unassigned,31.0,31.0,0.0,1.0,0.0,0.0,0.056092843,0.0,0,0,0,0,0
58911,-1,1,0.4940421,0.62105817,1,1,unassigned,4.0,4.0,0.0,1.0,0.0,0.0,0.003868472,0.0,1,0,0,1,0
58912,-1,1,3.4678829,0.96975994,1,1,unassigned,10.0,10.0,0.0,1.0,0.0,0.0,0.015473888,0.0,1,0,0,1,1
58913,-1,0,0.119645536,0.52987576,1,1,unassigned,52.0,49.0,3.0,0.9423077,0.057692308,0.05769229,0.0967118,0.005579527,0,0,0,1,0
58914,-1,0,0.6403375,0.65482974,1,1,unassigned,13.0,13.0,0.0,1.0,0.0,0.0,0.021276595,0.0,0,0,0,1,0
58915,-1,0,-0.49915394,0.37773952,0,1,unassigned,15.0,14.0,1.0,0.93333334,0.06666667,0.06666666,0.025145067,0.0016763379,0,0,0,0,0
58916,-1,0,0.42745894,0.6052667,1,1,unassigned,4.0,4.0,0.0,1.0,0.0,0.0,0.003868472,0.0,0,0,0,1,0
58917,1,0,1.1508899,0.7596734,1,0,val,8.0,8.0,0.0,1.0,0.0,0.0,0.0116054155,0.0,0,0,1,1,0
58918,-1,1,1.5626595,0.82673466,1,1,unassigned,8.0,5.0,3.0,0.625,0.375,0.375,0.0116054155,0.004352031,1,0,0,1,0
58919,-1,1,3.2025158,0.96092886,1,1,unassigned,13.0,8.0,5.0,0.61538464,0.3846154,0.38461536,0.021276595,0.008183306,1,0,0,1,1
58920,-1,1,4.464752,0.9886234,1,1,unassigned,16.0,14.0,2.0,0.875,0.125,0.125,0.027079303,0.0033849129,1,0,0,1,1
58921,-1,1,4.778332,0.9916602,1,1,unassigned,26.0,25.0,1.0,0.96153843,0.03846154,0.038461566,0.046421662,0.0017854486,1,0,0,1,1
58922,0,0,-0.8199273,0.3057791,0,0,unassigned,9.0,8.0,1.0,0.8888889,0.11111111,0.111111104,0.013539651,0.0015044058,0,0,1,0,0
58923,-1,0,0.04197508,0.5104922,1,1,unassigned,5.0,5.0,0.0,1.0,0.0,0.0,0.0058027077,0.0,0,0,0,1,0
58924,-1,1,6.1120234,0.9977888,1,1,unassigned,21.0,18.0,3.0,0.85714287,0.14285715,0.14285713,0.036750484,0.0052500693,1,0,0,1,1
58925,-1,1,0.63319165,0.6532128,1,1,unassigned,4.0,4.0,0.0,1.0,0.0,0.0,0.003868472,0.0,1,0,0,1,0
58926,-1,0,-0.14792216,0.4630867,0,1,unassigned,8.0,8.0,0.0,1.0,0.0,0.0,0.0116054155,0.0,0,0,0,0,0
58927,-1,1,0.5388594,0.63154703,1,1,unassigned,4.0,4.0,0.0,1.0,0.0,0.0,0.003868472,0.0,1,0,0,1,0
58928,1,0,-0.3190745,0.42090133,0,1,test,3.0,3.0,0.0,1.0,0.0,0.0,0.001934236,0.0,0,0,0,0,0
58929,-1,0,-0.0200302,0.4949926,0,1,unassigned,8.0,8.0,0.0,1.0,0.0,0.0,0.0116054155,0.0,0,0,0,0,0
58930,-1,1,0.25615382,0.5636906,1,1,unassigned,19.0,18.0,1.0,0.94736844,0.05263158,0.052631557,0.032882012,0.0017306323,1,0,0,1,0
58931,1,1,-0.43302894,0.39340332,0,1,unassigned,2.0,1.0,1.0,0.5,0.5,0.5,0.0,0.0,1,0,0,0,0
58932,-1,0,2.2396767,0.9037564,1,1,unassigned,10.0,10.0,0.0,1.0,0.0,0.0,0.015473888,0.0,0,0,0,1,1
58933,-1,0,5.779355,0.9969188,1,1,unassigned,4.0,3.0,1.0,0.75,0.25,0.25,0.003868472,0.000967118,0,0,0,1,1
58934,-1,0,0.96793216,0.7247071,1,1,unassigned,2.0,2.0,0.0,1.0,0.0,0.0,0.0,0.0,0,0,0,1,0
58935,-1,0,5.081462,0.9938275,1,1,unassigned,3.0,3.0,0.0,1.0,0.0,0.0,0.001934236,0.0,0,0,0,1,1
58936,-1,0,4.2748656,0.98627704,1,1,unassigned,6.0,6.0,0.0,1.0,0.0,0.0,0.007736944,0.0,0,0,0,1,1
58937,-1,1,5.4064746,0.99553263,1,1,unassigned,4.0,4.0,0.0,1.0,0.0,0.0,0.003868472,0.0,1,0,0,1,1
58938,-1,1,-0.19002917,0.45263517,0,1,unassigned,41.0,33.0,8.0,0.80487806,0.19512194,0.19512194,0.07543521,0.014719064,1,0,0,0,0
58939,0,0,0.034068227,0.50851625,1,1,val,18.0,18.0,0.0,1.0,0.0,0.0,0.030947777,0.0,0,0,0,1,0
58940,1,1,4.4792595,0.9887854,1,0,val,6.0,6.0,0.0,1.0,0.0,0.0,0.007736944,0.0,1,0,1,1,1
58941,-1,1,2.7962034,0.9424703,1,1,unassigned,3.0,3.0,0.0,1.0,0.0,0.0,0.001934236,0.0,1,0,0,1,1
58942,-1,0,2.6414578,0.9334825,1,1,unassigned,2.0,2.0,0.0,1.0,0.0,0.0,0.0,0.0,0,0,0,1,1
58943,-1,1,0.641357,0.6550601,1,1,unassigned,2.0,2.0,0.0,1.0,0.0,0.0,0.0,0.0,1,0,0,1,0
58944,-1,0,-0.71492183,0.3285122,0,1,unassigned,16.0,16.0,0.0,1.0,0.0,0.0,0.027079303,0.0,0,0,0,0,0
58945,1,0,-0.019163609,0.49520925,0,1,val,16.0,15.0,1.0,0.9375,0.0625,0.0625,0.027079303,0.0016924564,0,0,0,0,0
58946,-1,1,0.12207097,0.5304799,1,1,unassigned,4.0,4.0,0.0,1.0,0.0,0.0,0.003868472,0.0,1,0,0,1,0
58947,-1,1,2.7745883,0.94128704,1,1,unassigned,4.0,3.0,1.0,0.75,0.25,0.25,0.003868472,0.000967118,1,0,0,1,1
58948,-1,1,0.7424124,0.67752314,1,1,unassigned,4.0,4.0,0.0,1.0,0.0,0.0,0.003868472,0.0,1,0,0,1,0
58949,-1,1,0.74035054,0.6770725,1,1,unassigned,2.0,2.0,0.0,1.0,0.0,0.0,0.0,0.0,1,0,0,1,0
58950,-1,1,0.9549909,0.7221178,1,1,unassigned,3.0,3.0,0.0,1.0,0.0,0.0,0.001934236,0.0,1,0,0,1,0
58951,-1,1,0.41092032,0.6013086,1,1,unassigned,2.0,2.0,0.0,1.0,0.0,0.0,0.0,0.0,1,0,0,1,0
58952,-1,1,-0.9557972,0.27772045,0,1,unassigned,6.0,6.0,0.0,1.0,0.0,0.0,0.007736944,0.0,1,0,0,0,0
58953,-1,1,-0.6927146,0.33342946,0,1,unassigned,76.0,74.0,2.0,0.9736842,0.02631579,0.026315808,0.14313346,0.0037666701,1,0,0,0,0
58954,-1,0,-0.8439094,0.30071208,0,1,unassigned,2.0,2.0,0.0,1.0,0.0,0.0,0.0,0.0,0,0,0,0,0
58955,-1,0,-0.5773754,0.35953677,0,1,unassigned,13.0,13.0,0.0,1.0,0.0,0.0,0.021276595,0.0,0,0,0,0,0
58956,-1,0,-0.94139266,0.2806191,0,1,unassigned,2.0,2.0,0.0,1.0,0.0,0.0,0.0,0.0,0,0,0,0,0
58957,-1,0,3.6953342,0.97576284,1,1,unassigned,9.0,8.0,1.0,0.8888889,0.11111111,0.111111104,0.013539651,0.0015044058,0,0,0,1,1
58958,0,0,-0.3288464,0.41852137,0,0,unassigned,12.0,12.0,0.0,1.0,0.0,0.0,0.01934236,0.0,0,0,1,0,0
58959,-1,1,-0.7514848,0.32049784,0,1,unassigned,4.0,4.0,0.0,1.0,0.0,0.0,0.003868472,0.0,1,0,0,0,0
58960,-1,1,3.8102248,0.97833645,1,1,unassigned,42.0,42.0,0.0,1.0,0.0,0.0,0.07736944,0.0,1,0,0,1,1
58961,-1,1,2.2184875,0.9018975,1,1,unassigned,7.0,7.0,0.0,1.0,0.0,0.0,0.00967118,0.0,1,0,0,1,1
58962,-1,1,3.4853895,0.9702692,1,1,unassigned,39.0,38.0,1.0,0.974359,0.025641026,0.025641024,0.07156673,0.0018350444,1,0,0,1,1
58963,-1,1,1.7261546,0.8489199,1,1,unassigned,32.0,31.0,1.0,0.96875,0.03125,0.03125,0.058027077,0.0018133462,1,0,0,1,0
58964,-1,1,1.3102922,0.787562,1,1,unassigned,7.0,7.0,0.0,1.0,0.0,0.0,0.00967118,0.0,1,0,0,1,0
58965,-1,1,1.735162,0.85007155,1,1,unassigned,25.0,25.0,0.0,1.0,0.0,0.0,0.044487428,0.0,1,0,0,1,0
58966,0,0,0.97714216,0.7265408,1,1,unassigned,15.0,15.0,0.0,1.0,0.0,0.0,0.025145067,0.0,0,0,0,1,0
58967,0,0,-0.13726878,0.4657366,0,0,unassigned,9.0,9.0,0.0,1.0,0.0,0.0,0.013539651,0.0,0,0,1,0,0
58968,-1,0,1.5628307,0.8267592,1,1,unassigned,2.0,2.0,0.0,1.0,0.0,0.0,0.0,0.0,0,0,0,1,0
58969,-1,0,-0.89463395,0.29015446,0,1,unassigned,30.0,30.0,0.0,1.0,0.0,0.0,0.054158606,0.0,0,0,0,0,0
58970,1,1,-0.4122433,0.39837432,0,1,val,27.0,27.0,0.0,1.0,0.0,0.0,0.0483559,0.0,1,0,0,0,0
58971,-1,1,-0.81641436,0.30652532,0,1,unassigned,95.0,95.0,0.0,1.0,0.0,0.0,0.17988394,0.0,1,0,0,0,0
58972,-1,1,-0.54988134,0.36589193,0,1,unassigned,2.0,2.0,0.0,1.0,0.0,0.0,0.0,0.0,1,0,0,0,0
58973,-1,1,4.1152053,0.9839395,1,1,unassigned,3.0,3.0,0.0,1.0,0.0,0.0,0.001934236,0.0,1,0,0,1,1
58974,-1,1,-0.45385024,0.3884457,0,1,unassigned,6.0,5.0,1.0,0.8333333,0.16666667,0.16666669,0.007736944,0.0012894907,1,0,0,0,0
58975,-1,0,4.135126,0.9842514,1,1,unassigned,2.0,2.0,0.0,1.0,0.0,0.0,0.0,0.0,0,0,0,1,1
58976,0,0,-0.097272575,0.47570103,0,0,test,4.0,4.0,0.0,1.0,0.0,0.0,0.003868472,0.0,0,0,1,0,0
58977,-1,0,-0.13045302,0.46743295,0,1,unassigned,2.0,2.0,0.0,1.0,0.0,0.0,0.0,0.0,0,0,0,0,0
58978,-1,0,5.6140532,0.996367,1,1,unassigned,3.0,2.0,1.0,0.6666667,0.33333334,0.3333333,0.001934236,0.00064474536,0,0,0,1,1
58979,-1,0,5.468741,0.99580115,1,1,unassigned,3.0,1.0,2.0,0.33333334,0.6666667,0.6666666,0.001934236,0.0012894907,0,0,0,1,1
58980,-1,1,-0.10847762,0.47290716,0,1,unassigned,4.0,4.0,0.0,1.0,0.0,0.0,0.003868472,0.0,1,0,0,0,0
58981,-1,1,-0.6530803,0.34229574,0,1,unassigned,22.0,22.0,0.0,1.0,0.0,0.0,0.03868472,0.0,1,0,0,0,0
58982,-1,0,-0.8403965,0.30145127,0,1,unassigned,63.0,62.0,1.0,0.984127,0.015873017,0.015873015,0.11798839,0.0018728317,0,0,0,0,0
58983,-1,0,1.4983075,0.8173219,1,1,unassigned,2.0,2.0,0.0,1.0,0.0,0.0,0.0,0.0,0,0,0,1,0
58984,0,0,-0.036261737,0.49093556,0,0,test,13.0,13.0,0.0,1.0,0.0,0.0,0.021276595,0.0,0,0,1,0,0
58985,-1,1,0.64320415,0.65547734,1,1,unassigned,5.0,5.0,0.0,1.0,0.0,0.0,0.0058027077,0.0,1,0,0,1,0
58986,-1,1,0.6357208,0.6537855,1,1,unassigned,5.0,5.0,0.0,1.0,0.0,0.0,0.0058027077,0.0,1,0,0,1,0
58987,-1,0,-0.6025659,0.35375687,0,1,unassigned,3.0,2.0,1.0,0.6666667,0.33333334,0.3333333,0.001934236,0.00064474536,0,0,0,0,0
58988,-1,1,0.12144345,0.5303236,1,1,unassigned,32.0,32.0,0.0,1.0,0.0,0.0,0.058027077,0.0,1,0,0,1,0
58989,-1,1,8.5577755,0.999808,1,1,unassigned,4.0,4.0,0.0,1.0,0.0,0.0,0.003868472,0.0,1,0,0,1,1
58990,-1,0,6.9181886,0.9990113,1,1,unassigned,2.0,2.0,0.0,1.0,0.0,0.0,0.0,0.0,0,0,0,1,1
58991,-1,0,-0.4422712,0.39119992,0,1,unassigned,4.0,3.0,1.0,0.75,0.25,0.25,0.003868472,0.000967118,0,0,0,0,0
58992,-1,1,-0.42294386,0.3958125,0,1,unassigned,2.0,2.0,0.0,1.0,0.0,0.0,0.0,0.0,1,0,0,0,0
58993,-1,0,0.45562702,0.61197627,1,1,unassigned,44.0,44.0,0.0,1.0,0.0,0.0,0.08123791,0.0,0,0,0,1,0
58994,-1,0,-0.22162771,0.4448188,0,1,unassigned,16.0,16.0,0.0,1.0,0.0,0.0,0.027079303,0.0,0,0,0,0,0
58995,0,0,0.12563449,0.53136736,1,1,unassigned,4.0,4.0,0.0,1.0,0.0,0.0,0.003868472,0.0,0,0,0,1,0
58996,-1,0,0.002087772,0.50052196,1,1,unassigned,3.0,3.0,0.0,1.0,0.0,0.0,0.001934236,0.0,0,0,0,1,0
58997,-1,1,0.08535522,0.5213258,1,1,unassigned,3.0,3.0,0.0,1.0,0.0,0.0,0.001934236,0.0,1,0,0,1,0
58998,-1,0,3.2881553,0.9640202,1,1,unassigned,4.0,4.0,0.0,1.0,0.0,0.0,0.003868472,0.0,0,0,0,1,1
58999,-1,0,-0.8234509,0.30503163,0,1,unassigned,2.0,2.0,0.0,1.0,0.0,0.0,0.0,0.0,0,0,0,0,0
59000,-1,1,-0.11078787,0.47233132,0,1,unassigned,5.0,5.0,0.0,1.0,0.0,0.0,0.0058027077,0.0,1,0,0,0,0
59001,-1,0,3.082843,0.95617944,1,1,unassigned,3.0,3.0,0.0,1.0,0.0,0.0,0.001934236,0.0,0,0,0,1,1
59002,-1,0,1.3286986,0.7906253,1,1,unassigned,2.0,2.0,0.0,1.0,0.0,0.0,0.0,0.0,0,0,0,1,0
59003,-1,1,1.3105209,0.7876003,1,1,unassigned,4.0,4.0,0.0,1.0,0.0,0.0,0.003868472,0.0,1,0,0,1,0
59004,-1,1,-0.4952335,0.37866148,0,1,unassigned,14.0,14.0,0.0,1.0,0.0,0.0,0.023210831,0.0,1,0,0,0,0
59005,-1,0,0.39183813,0.5967251,1,1,unassigned,3.0,3.0,0.0,1.0,0.0,0.0,0.001934236,0.0,0,0,0,1,0
59006,-1,0,-0.47348815,0.38379097,0,1,unassigned,22.0,22.0,0.0,1.0,0.0,0.0,0.03868472,0.0,0,0,0,0,0
59007,-1,1,4.3060365,0.9866926,1,1,unassigned,20.0,17.0,3.0,0.85,0.15,0.14999998,0.034816246,0.005222437,1,0,0,1,1
59008,-1,0,5.7720933,0.9968964,1,1,unassigned,2.0,2.0,0.0,1.0,0.0,0.0,0.0,0.0,0,0,0,1,1
59009,-1,1,-0.10774663,0.47308937,0,1,unassigned,11.0,10.0,1.0,0.90909094,0.09090909,0.090909064,0.017408123,0.0015825568,1,0,0,0,0
59010,-1,0,3.6625788,0.97497606,1,1,unassigned,2.0,2.0,0.0,1.0,0.0,0.0,0.0,0.0,0,0,0,1,1
59011,-1,0,-0.49379057,0.379001,0,1,unassigned,26.0,25.0,1.0,0.96153843,0.03846154,0.038461566,0.046421662,0.0017854486,0,0,0,0,0
59012,-1,0,-0.37327996,0.40774873,0,1,unassigned,5.0,5.0,0.0,1.0,0.0,0.0,0.0058027077,0.0,0,0,0,0,0
59013,-1,0,-0.50441027,0.37650478,0,1,unassigned,5.0,5.0,0.0,1.0,0.0,0.0,0.0058027077,0.0,0,0,0,0,0
59014,-1,0,-0.5337912,0.3696331,0,1,unassigned,4.0,4.0,0.0,1.0,0.0,0.0,0.003868472,0.0,0,0,0,0,0
59015,-1,0,-0.4902469,0.3798354,0,1,unassigned,11.0,11.0,0.0,1.0,0.0,0.0,0.017408123,0.0,0,0,0,0,0
59016,-1,0,-0.2943412,0.4269414,0,1,unassigned,12.0,12.0,0.0,1.0,0.0,0.0,0.01934236,0.0,0,0,0,0,0
59017,-1,0,0.5799034,0.64104515,1,1,unassigned,4.0,4.0,0.0,1.0,0.0,0.0,0.003868472,0.0,0,0,0,1,0
59018,1,1,-0.71085083,0.32941088,0,1,unassigned,9.0,9.0,0.0,1.0,0.0,0.0,0.013539651,0.0,1,0,0,0,0
59019,-1,0,-0.35530698,0.41209608,0,1,unassigned,4.0,4.0,0.0,1.0,0.0,0.0,0.003868472,0.0,0,0,0,0,0
59020,-1,1,-0.72375673,0.32656625,0,1,unassigned,56.0,56.0,0.0,1.0,0.0,0.0,0.10444874,0.0,1,0,0,0,0
59021,-1,1,-0.24062854,0.44013146,0,1,unassigned,50.0,50.0,0.0,1.0,0.0,0.0,0.092843324,0.0,1,0,0,0,0
59022,-1,1,5.998053,0.99752253,1,1,unassigned,7.0,7.0,0.0,1.0,0.0,0.0,0.00967118,0.0,1,0,0,1,1
59023,-1,0,-0.36707246,0.40924862,0,1,unassigned,3.0,3.0,0.0,1.0,0.0,0.0,0.001934236,0.0,0,0,0,0,0
59024,-1,0,-0.46879524,0.38490143,0,1,unassigned,12.0,12.0,0.0,1.0,0.0,0.0,0.01934236,0.0,0,0,0,0,0
59025,-1,0,-0.23122007,0.44245112,0,1,unassigned,4.0,4.0,0.0,1.0,0.0,0.0,0.003868472,0.0,0,0,0,0,0
59026,-1,0,5.1651893,0.9943204,1,1,unassigned,10.0,7.0,3.0,0.7,0.3,0.3,0.015473888,0.0046421667,0,0,0,1,1
59027,-1,1,-0.53216547,0.370012,0,1,unassigned,86.0,85.0,1.0,0.9883721,0.011627907,0.0116279125,0.16247582,0.0018892537,1,0,0,0,0
59028,-1,1,-0.3149454,0.4219081,0,1,unassigned,62.0,61.0,1.0,0.983871,0.016129032,0.016129017,0.116054155,0.0018718411,1,0,0,0,0
59029,-1,1,0.029094756,0.5072732,1,1,unassigned,2.0,2.0,0.0,1.0,0.0,0.0,0.0,0.0,1,0,0,1,0
59030,-1,0,2.3393495,0.9120839,1,1,unassigned,10.0,10.0,0.0,1.0,0.0,0.0,0.015473888,0.0,0,0,0,1,1
59031,-1,1,1.0867271,0.74776495,1,1,unassigned,2.0,2.0,0.0,1.0,0.0,0.0,0.0,0.0,1,0,0,1,0
59032,-1,1,-0.38505846,0.40490744,0,1,unassigned,4.0,4.0,0.0,1.0,0.0,0.0,0.003868472,0.0,1,0,0,0,0
59033,-1,1,-0.91603005,0.2857675,0,1,unassigned,50.0,50.0,0.0,1.0,0.0,0.0,0.092843324,0.0,1,0,0,0,0
59034,-1,1,-0.56382143,0.36266375,0,1,unassigned,8.0,8.0,0.0,1.0,0.0,0.0,0.0116054155,0.0,1,0,0,0,0
59035,-1,1,-0.37151515,0.40817496,0,1,unassigned,15.0,14.0,1.0,0.93333334,0.06666667,0.06666666,0.025145067,0.0016763379,1,0,0,0,0
59036,-1,0,-0.315275,0.4218277,0,1,unassigned,43.0,43.0,0.0,1.0,0.0,0.0,0.079303674,0.0,0,0,0,0,0
59037,1,0,-0.08690941,0.4782863,0,1,test,14.0,14.0,0.0,1.0,0.0,0.0,0.023210831,0.0,0,0,0,0,0
59038,-1,0,-0.2522176,0.43727776,0,1,unassigned,9.0,9.0,0.0,1.0,0.0,0.0,0.013539651,0.0,0,0,0,0,0
59039,-1,0,-0.9787227,0.2731453,0,1,unassigned,2.0,2.0,0.0,1.0,0.0,0.0,0.0,0.0,0,0,0,0,0
59040,-1,0,5.081462,0.9938275,1,1,unassigned,3.0,3.0,0.0,1.0,0.0,0.0,0.001934236,0.0,0,0,0,1,1
59041,-1,1,-1.0771494,0.25404584,0,1,unassigned,2.0,1.0,1.0,0.5,0.5,0.5,0.0,0.0,1,0,0,0,0
59042,-1,1,-0.27451405,0.43179923,0,1,unassigned,38.0,34.0,4.0,0.8947368,0.10526316,0.10526317,0.06963249,0.0073297364,1,0,0,0,0
59043,-1,1,0.49902755,0.62223077,1,1,unassigned,14.0,13.0,1.0,0.9285714,0.071428575,0.0714286,0.023210831,0.0016579166,1,0,0,1,0
59044,-1,1,0.47612506,0.61683244,1,1,unassigned,7.0,7.0,0.0,1.0,0.0,0.0,0.00967118,0.0,1,0,0,1,0
59045,-1,1,1.1538634,0.7602159,1,1,unassigned,11.0,10.0,1.0,0.90909094,0.09090909,0.090909064,0.017408123,0.0015825568,1,0,0,1,0
59046,-1,0,11.28228,0.99998736,1,1,unassigned,2.0,2.0,0.0,1.0,0.0,0.0,0.0,0.0,0,0,0,1,1
59047,-1,0,-0.031681657,0.49208024,0,1,unassigned,14.0,14.0,0.0,1.0,0.0,0.0,0.023210831,0.0,0,0,0,0,0
59048,1,1,4.2684836,0.9861903,1,0,val,7.0,7.0,0.0,1.0,0.0,0.0,0.00967118,0.0,1,0,1,1,1
59049,1,1,4.055813,0.9829736,1,0,unassigned,5.0,5.0,0.0,1.0,0.0,0.0,0.0058027077,0.0,1,0,1,1,1
59050,-1,1,-0.88387597,0.29237524,0,1,unassigned,47.0,47.0,0.0,1.0,0.0,0.0,0.08704062,0.0,1,0,0,0,0
59051,-1,0,0.84967154,0.7004982,1,1,unassigned,8.0,8.0,0.0,1.0,0.0,0.0,0.0116054155,0.0,0,0,0,1,0
59052,-1,0,-0.13868451,0.4653843,0,1,unassigned,24.0,23.0,1.0,0.9583333,0.041666668,0.041666687,0.04255319,0.0017730496,0,0,0,0,0
59053,-1,0,0.032552063,0.5081373,1,1,unassigned,40.0,40.0,0.0,1.0,0.0,0.0,0.07350097,0.0,0,0,0,1,0
59054,-1,0,0.3993321,0.5985272,1,1,unassigned,7.0,7.0,0.0,1.0,0.0,0.0,0.00967118,0.0,0,0,0,1,0
59055,-1,1,-0.43378428,0.39322302,0,1,unassigned,106.0,103.0,3.0,0.9716981,0.028301887,0.028301895,0.20116054,0.005693223,1,0,0,0,0
59056,-1,0,-0.6262816,0.34835416,0,1,unassigned,3.0,3.0,0.0,1.0,0.0,0.0,0.001934236,0.0,0,0,0,0,0
59057,1,0,6.132439,0.99783343,1,0,unassigned,3.0,3.0,0.0,1.0,0.0,0.0,0.001934236,0.0,0,0,1,1,1
59058,0,0,-0.25503504,0.4365846,0,0,unassigned,6.0,6.0,0.0,1.0,0.0,0.0,0.007736944,0.0,0,0,1,0,0
59059,1,0,-0.16136736,0.45974547,0,1,val,56.0,56.0,0.0,1.0,0.0,0.0,0.10444874,0.0,0,0,0,0,0
59060,-1,0,-0.2811119,0.43018124,0,1,unassigned,2.0,2.0,0.0,1.0,0.0,0.0,0.0,0.0,0,0,0,0,0
59061,-1,1,-0.3173977,0.42131007,0,1,unassigned,45.0,43.0,2.0,0.95555556,0.044444446,0.04444444,0.08317215,0.0036965401,1,0,0,0,0
59062,-1,1,1.5762179,0.8286682,1,1,unassigned,9.0,9.0,0.0,1.0,0.0,0.0,0.013539651,0.0,1,0,0,1,0
59063,-1,0,0.051805854,0.5129486,1,1,unassigned,3.0,3.0,0.0,1.0,0.0,0.0,0.001934236,0.0,0,0,0,1,0
59064,-1,1,-0.69409436,0.33312288,0,1,unassigned,14.0,13.0,1.0,0.9285714,0.071428575,0.0714286,0.023210831,0.0016579166,1,0,0,0,0
59065,-1,1,7.5871825,0.99949336,1,1,unassigned,2.0,2.0,0.0,1.0,0.0,0.0,0.0,0.0,1,0,0,1,1
59066,-1,0,11.379053,0.99998856,1,1,unassigned,2.0,1.0,1.0,0.5,0.5,0.5,0.0,0.0,0,0,0,1,1
59067,-1,1,-0.8859014,0.29195637,0,1,unassigned,39.0,38.0,1.0,0.974359,0.025641026,0.025641024,0.07156673,0.0018350444,1,0,0,0,0
59068,0,1,-0.61312556,0.35134655,0,0,unassigned,58.0,58.0,0.0,1.0,0.0,0.0,0.10831721,0.0,1,0,1,0,0
59069,1,1,-0.4228936,0.39582452,0,1,val,54.0,51.0,3.0,0.9444444,0.055555556,0.055555582,0.10058027,0.0055877925,1,0,0,0,0
59070,-1,1,0.45488018,0.61179894,1,1,unassigned,28.0,28.0,0.0,1.0,0.0,0.0,0.050290134,0.0,1,0,0,1,0
59071,-1,1,-0.8857761,0.29198226,0,1,unassigned,68.0,65.0,3.0,0.9558824,0.04411765,0.04411763,0.12765957,0.00563204,1,0,0,0,0
59072,1,0,2.0650358,0.8874581,1,0,test,4.0,4.0,0.0,1.0,0.0,0.0,0.003868472,0.0,0,0,1,1,0
59073,-1,1,-0.8728733,0.29465678,0,1,unassigned,84.0,83.0,1.0,0.9880952,0.011904762,0.011904776,0.15860735,0.0018881827,1,0,0,0,0
59074,-1,1,-0.91686064,0.285598,0,1,unassigned,12.0,12.0,0.0,1.0,0.0,0.0,0.01934236,0.0,1,0,0,0,0
59075,-1,1,9.877958,0.99994874,1,1,unassigned,16.0,13.0,3.0,0.8125,0.1875,0.1875,0.027079303,0.0050773695,1,0,0,1,1
59076,-1,0,-0.5363606,0.3690346,0,1,unassigned,96.0,96.0,0.0,1.0,0.0,0.0,0.18181819,0.0,0,0,0,0,0
59077,-1,1,0.17585003,0.5438496,1,1,unassigned,3.0,3.0,0.0,1.0,0.0,0.0,0.001934236,0.0,1,0,0,1,0
59078,-1,1,1.3119309,0.78783613,1,1,unassigned,11.0,10.0,1.0,0.90909094,0.09090909,0.090909064,0.017408123,0.0015825568,1,0,0,1,0
59079,-1,0,-0.164983,0.45884755,0,1,unassigned,49.0,49.0,0.0,1.0,0.0,0.0,0.09090909,0.0,0,0,0,0,0
59080,-1,0,4.404186,0.9879216,1,1,unassigned,5.0,5.0,0.0,1.0,0.0,0.0,0.0058027077,0.0,0,0,0,1,1
59081,-1,1,1.2613256,0.77925426,1,1,unassigned,3.0,3.0,0.0,1.0,0.0,0.0,0.001934236,0.0,1,0,0,1,0
59082,-1,0,5.966059,0.99744225,1,1,unassigned,5.0,5.0,0.0,1.0,0.0,0.0,0.0058027077,0.0,0,0,0,1,1
59083,-1,1,-0.5454131,0.3669293,0,1,unassigned,7.0,3.0,4.0,0.42857143,0.5714286,0.57142854,0.00967118,0.0055263885,1,0,0,0,0
59084,-1,0,-0.57078075,0.36105672,0,1,unassigned,7.0,7.0,0.0,1.0,0.0,0.0,0.00967118,0.0,0,0,0,0,0
59085,-1,0,2.1666462,0.89721406,1,1,unassigned,3.0,3.0,0.0,1.0,0.0,0.0,0.001934236,0.0,0,0,0,1,0
59086,-1,0,-0.026063144,0.49348456,0,1,unassigned,4.0,4.0,0.0,1.0,0.0,0.0,0.003868472,0.0,0,0,0,0,0
59087,-1,0,-0.30306718,0.42480788,0,1,unassigned,15.0,15.0,0.0,1.0,0.0,0.0,0.025145067,0.0,0,0,0,0,0
59088,-1,0,-0.43361664,0.39326307,0,1,unassigned,4.0,4.0,0.0,1.0,0.0,0.0,0.003868472,0.0,0,0,0,0,0
59089,-1,0,-0.17640412,0.456013,0,1,unassigned,8.0,8.0,0.0,1.0,0.0,0.0,0.0116054155,0.0,0,0,0,0,0
59090,1,0,0.03628713,0.5090708,1,0,unassigned,8.0,8.0,0.0,1.0,0.0,0.0,0.0116054155,0.0,0,0,1,1,0
59091,1,1,0.9812816,0.7273624,1,0,unassigned,92.0,72.0,20.0,0.7826087,0.2173913,0.21739131,0.17408124,0.037843745,1,0,1,1,0
59092,-1,1,0.28695714,0.57125103,1,1,unassigned,15.0,15.0,0.0,1.0,0.0,0.0,0.025145067,0.0,1,0,0,1,0
59093,-1,1,-0.90537024,0.28794816,0,1,unassigned,35.0,35.0,0.0,1.0,0.0,0.0,0.06382979,0.0,1,0,0,0,0
59094,-1,1,-0.87112904,0.29501945,0,1,unassigned,54.0,54.0,0.0,1.0,0.0,0.0,0.10058027,0.0,1,0,0,0,0
59095,-1,1,-0.9185052,0.28526258,0,1,unassigned,13.0,13.0,0.0,1.0,0.0,0.0,0.021276595,0.0,1,0,0,0,0
59096,-1,0,-0.16749683,0.4582234,0,1,unassigned,7.0,7.0,0.0,1.0,0.0,0.0,0.00967118,0.0,0,0,0,0,0
59097,-1,1,0.5931023,0.64407665,1,1,unassigned,6.0,6.0,0.0,1.0,0.0,0.0,0.007736944,0.0,1,0,0,1,0
59098,-1,0,-0.51365554,0.374337,0,1,unassigned,6.0,6.0,0.0,1.0,0.0,0.0,0.007736944,0.0,0,0,0,0,0
59099,-1,0,-0.50146365,0.37719673,0,1,unassigned,2.0,2.0,0.0,1.0,0.0,0.0,0.0,0.0,0,0,0,0,0
59100,-1,1,4.7848015,0.9917135,1,1,unassigned,4.0,4.0,0.0,1.0,0.0,0.0,0.003868472,0.0,1,0,0,1,1
59101,-1,1,-0.09830785,0.4754428,0,1,unassigned,2.0,2.0,0.0,1.0,0.0,0.0,0.0,0.0,1,0,0,0,0
59102,-1,0,-0.043008745,0.48924947,0,1,unassigned,9.0,9.0,0.0,1.0,0.0,0.0,0.013539651,0.0,0,0,0,0,0
59103,0,0,-0.8899831,0.29111332,0,0,unassigned,2.0,2.0,0.0,1.0,0.0,0.0,0.0,0.0,0,0,1,0,0
59104,-1,0,-0.34978342,0.41343492,0,1,unassigned,3.0,3.0,0.0,1.0,0.0,0.0,0.001934236,0.0,0,0,0,0,0
59105,-1,0,0.0048086047,0.5012021,1,1,unassigned,2.0,2.0,0.0,1.0,0.0,0.0,0.0,0.0,0,0,0,1,0
59106,-1,0,0.57539505,0.64000714,1,1,unassigned,8.0,8.0,0.0,1.0,0.0,0.0,0.0116054155,0.0,0,0,0,1,0
59107,1,1,-0.09612644,0.47598687,0,1,val,17.0,17.0,0.0,1.0,0.0,0.0,0.029013539,0.0,1,0,0,0,0
59108,-1,0,0.7578512,0.680887,1,1,unassigned,2.0,2.0,0.0,1.0,0.0,0.0,0.0,0.0,0,0,0,1,0
59109,-1,0,0.2557699,0.5635961,1,1,unassigned,9.0,9.0,0.0,1.0,0.0,0.0,0.013539651,0.0,0,0,0,1,0
59110,-1,0,1.3497605,0.79409045,1,1,unassigned,16.0,14.0,2.0,0.875,0.125,0.125,0.027079303,0.0033849129,0,0,0,1,0
59111,-1,0,0.22732484,0.55658776,1,1,unassigned,9.0,9.0,0.0,1.0,0.0,0.0,0.013539651,0.0,0,0,0,1,0
59112,-1,0,-0.21769738,0.44578958,0,1,unassigned,5.0,5.0,0.0,1.0,0.0,0.0,0.0058027077,0.0,0,0,0,0,0
59113,0,0,-0.25029978,0.4377497,0,0,unassigned,17.0,17.0,0.0,1.0,0.0,0.0,0.029013539,0.0,0,0,1,0,0
59114,-1,0,3.6236966,0.9740097,1,1,unassigned,2.0,2.0,0.0,1.0,0.0,0.0,0.0,0.0,0,0,0,1,1
59115,-1,1,-0.21397108,0.44671038,0,1,unassigned,65.0,46.0,19.0,0.7076923,0.2923077,0.29230767,0.12185687,0.035619702,1,0,0,0,0
59116,-1,0,-1.0200194,0.26502362,0,1,unassigned,3.0,3.0,0.0,1.0,0.0,0.0,0.001934236,0.0,0,0,0,0,0
59117,0,0,-0.5459639,0.36680132,0,0,unassigned,2.0,2.0,0.0,1.0,0.0,0.0,0.0,0.0,0,0,1,0,0
59118,-1,0,-0.7931326,0.31149644,0,1,unassigned,26.0,26.0,0.0,1.0,0.0,0.0,0.046421662,0.0,0,0,0,0,0
59119,-1,0,2.7755005,0.9413374,1,1,unassigned,4.0,4.0,0.0,1.0,0.0,0.0,0.003868472,0.0,0,0,0,1,1
59120,-1,0,0.035579145,0.50889385,1,1,unassigned,3.0,3.0,0.0,1.0,0.0,0.0,0.001934236,0.0,0,0,0,1,0
59121,-1,1,-0.75561005,0.3196001,0,1,unassigned,50.0,49.0,1.0,0.98,0.02,0.01999998,0.092843324,0.0018568664,1,0,0,0,0
59122,-1,1,-0.7828721,0.3137012,0,1,unassigned,76.0,76.0,0.0,1.0,0.0,0.0,0.14313346,0.0,1,0,0,0,0
59123,-1,1,9.294243,0.9999081,1,1,unassigned,6.0,4.0,2.0,0.6666667,0.33333334,0.3333333,0.007736944,0.0025789815,1,0,0,1,1
59124,-1,0,-0.05332154,0.48667276,0,1,unassigned,2.0,2.0,0.0,1.0,0.0,0.0,0.0,0.0,0,0,0,0,0
59125,-1,0,0.05023545,0.51255625,1,1,unassigned,7.0,7.0,0.0,1.0,0.0,0.0,0.00967118,0.0,0,0,0,1,0
59126,-1,0,0.54649454,0.6333219,1,1,unassigned,14.0,14.0,0.0,1.0,0.0,0.0,0.023210831,0.0,0,0,0,1,0
59127,-1,1,-0.114513576,0.47140285,0,1,unassigned,31.0,30.0,1.0,0.9677419,0.032258064,0.032258093,0.056092843,0.0018094465,1,0,0,0,0
59128,-1,1,6.0005107,0.9975286,1,1,unassigned,9.0,9.0,0.0,1.0,0.0,0.0,0.013539651,0.0,1,0,0,1,1
59129,-1,0,-0.3684619,0.40891272,0,1,unassigned,2.0,2.0,0.0,1.0,0.0,0.0,0.0,0.0,0,0,0,0,0
59130,-1,0,-0.025176823,0.4937061,0,1,unassigned,2.0,2.0,0.0,1.0,0.0,0.0,0.0,0.0,0,0,0,0,0
59131,1,0,-0.32597393,0.41922054,0,1,train,10.0,8.0,2.0,0.8,0.2,0.19999999,0.015473888,0.0030947777,0,0,0,0,0
59132,-1,0,-0.40870577,0.39922246,0,1,unassigned,8.0,8.0,0.0,1.0,0.0,0.0,0.0116054155,0.0,0,0,0,0,0
59133,-1,0,-0.07525635,0.4811948,0,1,unassigned,9.0,9.0,0.0,1.0,0.0,0.0,0.013539651,0.0,0,0,0,0,0
59134,-1,0,-0.29406026,0.42701012,0,1,unassigned,21.0,21.0,0.0,1.0,0.0,0.0,0.036750484,0.0,0,0,0,0,0
59135,-1,1,-0.09565511,0.47610444,0,1,unassigned,7.0,7.0,0.0,1.0,0.0,0.0,0.00967118,0.0,1,0,0,0,0
59136,1,0,-0.36048293,0.41084263,0,1,val,62.0,60.0,2.0,0.9677419,0.032258064,0.032258093,0.116054155,0.0037436823,0,0,0,0,0
59137,-1,0,-0.7304881,0.32508764,0,1,unassigned,7.0,7.0,0.0,1.0,0.0,0.0,0.00967118,0.0,0,0,0,0,0
59138,-1,1,-0.22371441,0.44430348,0,1,unassigned,135.0,131.0,4.0,0.97037035,0.02962963,0.029629648,0.25725338,0.007622322,1,0,0,0,0
59139,-1,0,-0.5294409,0.37064728,0,1,unassigned,11.0,10.0,1.0,0.90909094,0.09090909,0.090909064,0.017408123,0.0015825568,0,0,0,0,0
59140,-1,0,2.6550925,0.93432415,1,1,unassigned,3.0,3.0,0.0,1.0,0.0,0.0,0.001934236,0.0,0,0,0,1,1
59141,-1,1,4.5719295,0.98976785,1,1,unassigned,2.0,2.0,0.0,1.0,0.0,0.0,0.0,0.0,1,0,0,1,1
59142,-1,0,0.6213271,0.6505203,1,1,unassigned,34.0,34.0,0.0,1.0,0.0,0.0,0.061895553,0.0,0,0,0,1,0
59143,-1,0,-0.48224252,0.38172272,0,1,unassigned,9.0,9.0,0.0,1.0,0.0,0.0,0.013539651,0.0,0,0,0,0,0
59144,-1,0,-0.8985825,0.2893419,0,1,unassigned,2.0,2.0,0.0,1.0,0.0,0.0,0.0,0.0,0,0,0,0,0
59145,-1,1,-0.06652135,0.4833758,0,1,unassigned,4.0,4.0,0.0,1.0,0.0,0.0,0.003868472,0.0,1,0,0,0,0
59146,-1,0,1.5636187,0.826872,1,1,unassigned,6.0,6.0,0.0,1.0,0.0,0.0,0.007736944,0.0,0,0,0,1,0
59147,-1,0,1.1664991,0.7625117,1,1,unassigned,3.0,3.0,0.0,1.0,0.0,0.0,0.001934236,0.0,0,0,0,1,0
59148,-1,0,-0.029904008,0.49252453,0,1,unassigned,7.0,7.0,0.0,1.0,0.0,0.0,0.00967118,0.0,0,0,0,0,0
59149,-1,0,3.699826,0.9758689,1,1,unassigned,3.0,3.0,0.0,1.0,0.0,0.0,0.001934236,0.0,0,0,0,1,1
59150,-1,0,0.46853048,0.61503583,1,1,unassigned,10.0,10.0,0.0,1.0,0.0,0.0,0.015473888,0.0,0,0,0,1,0
59151,1,0,-0.48295933,0.3815536,0,1,train,17.0,17.0,0.0,1.0,0.0,0.0,0.029013539,0.0,0,0,0,0,0
59152,-1,1,-0.46613985,0.3855303,0,1,unassigned,5.0,5.0,0.0,1.0,0.0,0.0,0.0058027077,0.0,1,0,0,0,0
59153,-1,1,-0.4685217,0.3849662,0,1,unassigned,102.0,95.0,7.0,0.9313725,0.068627454,0.06862748,0.1934236,0.0132741695,1,0,0,0,0
59154,-1,1,-0.5927341,0.35600775,0,1,unassigned,196.0,185.0,11.0,0.9438776,0.05612245,0.056122422,0.3752418,0.021059487,1,0,0,0,0
59155,-1,1,-0.34535038,0.4145104,0,1,unassigned,63.0,60.0,3.0,0.95238096,0.04761905,0.047619045,0.11798839,0.005618495,1,0,0,0,0
59156,-1,1,-0.5155046,0.373904,0,1,unassigned,48.0,43.0,5.0,0.8958333,0.104166664,0.10416669,0.088974856,0.009268214,1,0,0,0,0
59157,-1,1,-0.77919614,0.31449315,0,1,unassigned,19.0,17.0,2.0,0.8947368,0.10526316,0.10526317,0.032882012,0.0034612645,1,0,0,0,0
59158,-1,0,2.147637,0.89544773,1,1,unassigned,16.0,13.0,3.0,0.8125,0.1875,0.1875,0.027079303,0.0050773695,0,0,0,1,0
59159,-1,1,-0.5602077,0.3634994,0,1,unassigned,135.0,132.0,3.0,0.9777778,0.022222223,0.02222222,0.25725338,0.005716742,1,0,0,0,0
59160,-1,1,1.065989,0.7438334,1,1,unassigned,46.0,45.0,1.0,0.9782609,0.02173913,0.021739125,0.08510638,0.0018501388,1,0,0,1,0
59161,-1,0,1.9012406,0.8700319,1,1,unassigned,2.0,2.0,0.0,1.0,0.0,0.0,0.0,0.0,0,0,0,1,0
59162,-1,1,-0.51119626,0.37491313,0,1,unassigned,9.0,9.0,0.0,1.0,0.0,0.0,0.013539651,0.0,1,0,0,0,0
59163,-1,1,-0.67740494,0.33684075,0,1,unassigned,29.0,28.0,1.0,0.9655172,0.03448276,0.034482777,0.05222437,0.0018008404,1,0,0,0,0
59164,-1,1,-0.42473918,0.39538327,0,1,unassigned,18.0,18.0,0.0,1.0,0.0,0.0,0.030947777,0.0,1,0,0,0,0
59165,-1,1,-0.65549546,0.3417522,0,1,unassigned,66.0,65.0,1.0,0.9848485,0.015151516,0.015151501,0.123791106,0.0018756229,1,0,0,0,0
59166,-1,1,-0.881693,0.29282707,0,1,unassigned,41.0,41.0,0.0,1.0,0.0,0.0,0.07543521,0.0,1,0,0,0,0
59167,-1,1,-0.7986238,0.31031996,0,1,unassigned,179.0,175.0,4.0,0.9776536,0.022346368,0.022346377,0.34235978,0.007650498,1,0,0,0,0
59168,-1,0,0.047246635,0.51180947,1,1,unassigned,10.0,10.0,0.0,1.0,0.0,0.0,0.015473888,0.0,0,0,0,1,0
59169,-1,0,1.8955045,0.86938184,1,1,unassigned,14.0,14.0,0.0,1.0,0.0,0.0,0.023210831,0.0,0,0,0,1,0
59170,-1,1,-0.5481784,0.3662871,0,1,unassigned,34.0,32.0,2.0,0.9411765,0.05882353,0.058823526,0.061895553,0.0036409148,1,0,0,0,0
59171,1,1,4.1331415,0.9842205,1,0,val,6.0,5.0,1.0,0.8333333,0.16666667,0.16666669,0.007736944,0.0012894907,1,0,1,1,1
59172,-1,0,0.14154607,0.53532755,1,1,unassigned,18.0,18.0,0.0,1.0,0.0,0.0,0.030947777,0.0,0,0,0,1,0
59173,-1,0,-0.637529,0.34580535,0,1,unassigned,3.0,3.0,0.0,1.0,0.0,0.0,0.001934236,0.0,0,0,0,0,0
59174,-1,0,-0.7022364,0.33131656,0,1,unassigned,3.0,3.0,0.0,1.0,0.0,0.0,0.001934236,0.0,0,0,0,0,0
59175,-1,1,3.0762074,0.9559006,1,1,unassigned,6.0,6.0,0.0,1.0,0.0,0.0,0.007736944,0.0,1,0,0,1,1
59176,-1,1,0.33751017,0.58358556,1,1,unassigned,5.0,4.0,1.0,0.8,0.2,0.19999999,0.0058027077,0.0011605415,1,0,0,1,0
59177,-1,0,2.2722087,0.9065491,1,1,unassigned,3.0,1.0,2.0,0.33333334,0.6666667,0.6666666,0.001934236,0.0012894907,0,0,0,1,1
59178,0,0,-0.5239884,0.37192008,0,0,test,62.0,62.0,0.0,1.0,0.0,0.0,0.116054155,0.0,0,0,1,0,0
59179,-1,1,-0.84456503,0.3005742,0,1,unassigned,101.0,101.0,0.0,1.0,0.0,0.0,0.19148937,0.0,1,0,0,0,0
59180,-1,1,-0.76521343,0.31751543,0,1,unassigned,59.0,58.0,1.0,0.9830508,0.016949153,0.016949177,0.11025145,0.0018686686,1,0,0,0,0
59181,-1,0,-0.48973006,0.37995717,0,1,unassigned,20.0,20.0,0.0,1.0,0.0,0.0,0.034816246,0.0,0,0,0,0,0
59182,-1,1,-0.8469336,0.3000765,0,1,unassigned,104.0,103.0,1.0,0.99038464,0.009615385,0.009615362,0.19729207,0.0018970392,1,0,0,0,0
59183,-1,0,-0.33680382,0.41658607,0,1,unassigned,12.0,12.0,0.0,1.0,0.0,0.0,0.01934236,0.0,0,0,0,0,0
59184,-1,1,-0.8997627,0.28909925,0,1,unassigned,45.0,44.0,1.0,0.9777778,0.022222223,0.02222222,0.08317215,0.0018482701,1,0,0,0,0
59185,-1,0,-0.85012794,0.29940602,0,1,unassigned,3.0,3.0,0.0,1.0,0.0,0.0,0.001934236,0.0,0,0,0,0,0
59186,-1,0,-0.29075944,0.42781794,0,1,unassigned,55.0,53.0,2.0,0.96363634,0.036363635,0.03636366,0.102514505,0.0037278,0,0,0,0,0
59187,-1,1,-0.8248364,0.304738,0,1,unassigned,97.0,96.0,1.0,0.9896907,0.010309278,0.010309279,0.18375242,0.0018943547,1,0,0,0,0
59188,-1,0,3.4465854,0.9691291,1,1,unassigned,14.0,13.0,1.0,0.9285714,0.071428575,0.0714286,0.023210831,0.0016579166,0,0,0,1,1
59189,0,1,-0.7263805,0.3259895,0,0,test,18.0,18.0,0.0,1.0,0.0,0.0,0.030947777,0.0,1,0,1,0,0
59190,-1,1,-0.61813414,0.35020593,0,1,unassigned,30.0,28.0,2.0,0.93333334,0.06666667,0.06666666,0.054158606,0.003610574,1,0,0,0,0
59191,-1,0,0.29259622,0.57263166,1,1,unassigned,4.0,4.0,0.0,1.0,0.0,0.0,0.003868472,0.0,0,0,0,1,0
59192,-1,1,-0.5830448,0.3582323,0,1,unassigned,28.0,27.0,1.0,0.96428573,0.035714287,0.03571427,0.050290134,0.0017960763,1,0,0,0,0
59193,-1,0,0.13187009,0.5329198,1,1,unassigned,8.0,8.0,0.0,1.0,0.0,0.0,0.0116054155,0.0,0,0,0,1,0
59194,-1,0,-0.26837617,0.4333058,0,1,unassigned,28.0,26.0,2.0,0.9285714,0.071428575,0.0714286,0.050290134,0.0035921526,0,0,0,0,0
59195,-1,1,-0.36352703,0.41010603,0,1,unassigned,14.0,14.0,0.0,1.0,0.0,0.0,0.023210831,0.0,1,0,0,0,0
59196,-1,1,-0.5844364,0.35791242,0,1,unassigned,42.0,42.0,0.0,1.0,0.0,0.0,0.07736944,0.0,1,0,0,0,0
59197,-1,1,-0.32751969,0.41884428,0,1,unassigned,87.0,86.0,1.0,0.9885057,0.011494253,0.011494279,0.16441005,0.0018897707,1,0,0,0,0
59198,-1,1,-0.93587244,0.28173482,0,1,unassigned,34.0,29.0,5.0,0.85294116,0.14705883,0.14705884,0.061895553,0.009102288,1,0,0,0,0
59199,1,0,0.13538921,0.5337957,1,0,test,18.0,18.0,0.0,1.0,0.0,0.0,0.030947777,0.0,0,0,1,1,0
59200,-1,0,5.7126784,0.99670714,1,1,unassigned,4.0,4.0,0.0,1.0,0.0,0.0,0.003868472,0.0,0,0,0,1,1
59201,-1,1,-0.7579381,0.3190941,0,1,unassigned,78.0,75.0,3.0,0.96153843,0.03846154,0.038461566,0.14700194,0.005653921,1,0,0,0,0
59202,-1,1,-0.79798347,0.31045702,0,1,unassigned,79.0,76.0,3.0,0.96202534,0.03797468,0.037974656,0.14893617,0.0056558037,1,0,0,0,0
59203,-1,0,-0.31915784,0.420881,0,1,unassigned,38.0,38.0,0.0,1.0,0.0,0.0,0.06963249,0.0,0,0,0,0,0
59204,-1,0,-0.31784102,0.42120197,0,1,unassigned,14.0,13.0,1.0,0.9285714,0.071428575,0.0714286,0.023210831,0.0016579166,0,0,0,0,0
59205,-1,0,3.8476574,0.9791158,1,1,unassigned,24.0,21.0,3.0,0.875,0.125,0.125,0.04255319,0.005319149,0,0,0,1,1
59206,-1,1,-0.48335588,0.38145998,0,1,unassigned,27.0,25.0,2.0,0.9259259,0.074074075,0.07407409,0.0483559,0.0035819185,1,0,0,0,0
59207,-1,0,0.99736565,0.7305403,1,1,unassigned,4.0,4.0,0.0,1.0,0.0,0.0,0.003868472,0.0,0,0,0,1,0
59208,-1,1,0.8430751,0.6991125,1,1,unassigned,16.0,15.0,1.0,0.9375,0.0625,0.0625,0.027079303,0.0016924564,1,0,0,1,0
59209,1,0,-0.3137369,0.4222029,0,1,unassigned,67.0,66.0,1.0,0.98507464,0.014925373,0.014925361,0.12572534,0.0018764976,0,0,0,0,0
59210,-1,0,3.0492651,0.95475084,1,1,unassigned,29.0,28.0,1.0,0.9655172,0.03448276,0.034482777,0.05222437,0.0018008404,0,0,0,1,1
59211,-1,1,-0.9484969,0.2791872,0,1,unassigned,31.0,31.0,0.0,1.0,0.0,0.0,0.056092843,0.0,1,0,0,0,0
59212,-1,1,-0.7383466,0.3233658,0,1,unassigned,49.0,48.0,1.0,0.97959185,0.020408163,0.020408154,0.09090909,0.0018552876,1,0,0,0,0
59213,-1,0,-0.38861078,0.40405178,0,1,unassigned,31.0,31.0,0.0,1.0,0.0,0.0,0.056092843,0.0,0,0,0,0,0
59214,-1,1,-0.7278872,0.32565856,0,1,unassigned,111.0,110.0,1.0,0.990991,0.009009009,0.009009004,0.21083172,0.0018993849,1,0,0,0,0
59215,-1,0,0.6637147,0.6600943,1,1,unassigned,7.0,7.0,0.0,1.0,0.0,0.0,0.00967118,0.0,0,0,0,1,0
59216,-1,1,0.8843463,0.70772207,1,1,unassigned,8.0,8.0,0.0,1.0,0.0,0.0,0.0116054155,0.0,1,0,0,1,0
59217,-1,0,0.9479173,0.7206961,1,1,unassigned,11.0,11.0,0.0,1.0,0.0,0.0,0.017408123,0.0,0,0,0,1,0
59218,-1,0,0.5492117,0.6339527,1,1,unassigned,7.0,7.0,0.0,1.0,0.0,0.0,0.00967118,0.0,0,0,0,1,0
59219,-1,1,4.19532,0.9851577,1,1,unassigned,12.0,12.0,0.0,1.0,0.0,0.0,0.01934236,0.0,1,0,0,1,1
59220,-1,0,1.3725743,0.7977958,1,1,unassigned,4.0,4.0,0.0,1.0,0.0,0.0,0.003868472,0.0,0,0,0,1,0
59221,1,0,3.049971,0.9547813,1,0,train,6.0,5.0,1.0,0.8333333,0.16666667,0.16666669,0.007736944,0.0012894907,0,0,1,1,1
59222,-1,0,0.21059066,0.552454,1,1,unassigned,5.0,5.0,0.0,1.0,0.0,0.0,0.0058027077,0.0,0,0,0,1,0
59223,-1,0,2.913936,0.9485311,1,1,unassigned,13.0,12.0,1.0,0.9230769,0.07692308,0.07692307,0.021276595,0.0016366612,0,0,0,1,1
59224,-1,1,0.6415854,0.6551118,1,1,unassigned,8.0,8.0,0.0,1.0,0.0,0.0,0.0116054155,0.0,1,0,0,1,0
59225,-1,1,-0.6814345,0.33594123,0,1,unassigned,32.0,32.0,0.0,1.0,0.0,0.0,0.058027077,0.0,1,0,0,0,0
59226,-1,1,5.1868577,0.99444157,1,1,unassigned,13.0,13.0,0.0,1.0,0.0,0.0,0.021276595,0.0,1,0,0,1,1
59227,-1,0,-0.17735004,0.45577836,0,1,unassigned,23.0,19.0,4.0,0.82608694,0.17391305,0.17391306,0.040618956,0.0070641665,0,0,0,0,0
59228,-1,0,0.4329496,0.60657775,1,1,unassigned,4.0,4.0,0.0,1.0,0.0,0.0,0.003868472,0.0,0,0,0,1,0
59229,0,1,-0.7340103,0.3243153,0,0,val,29.0,27.0,2.0,0.9310345,0.06896552,0.068965495,0.05222437,0.0036016807,1,0,1,0,0
59230,-1,0,-0.26444852,0.43427047,0,1,unassigned,9.0,9.0,0.0,1.0,0.0,0.0,0.013539651,0.0,0,0,0,0,0
59231,-1,0,-0.62680876,0.34823447,0,1,unassigned,17.0,17.0,0.0,1.0,0.0,0.0,0.029013539,0.0,0,0,0,0,0
59232,-1,0,0.018340766,0.5045851,1,1,unassigned,7.0,7.0,0.0,1.0,0.0,0.0,0.00967118,0.0,0,0,0,1,0
59233,-1,0,2.9647644,0.9509567,1,1,unassigned,2.0,1.0,1.0,0.5,0.5,0.5,0.0,0.0,0,0,0,1,1
59234,-1,0,-0.34294337,0.41509464,0,1,unassigned,33.0,33.0,0.0,1.0,0.0,0.0,0.059961315,0.0,0,0,0,0,0
59235,-1,0,-0.2187128,0.44553876,0,1,unassigned,28.0,28.0,0.0,1.0,0.0,0.0,0.050290134,0.0,0,0,0,0,0
59236,-1,0,-0.0013494492,0.49966264,0,1,unassigned,55.0,53.0,2.0,0.96363634,0.036363635,0.03636366,0.102514505,0.0037278,0,0,0,0,0
59237,-1,0,-0.073430896,0.4816505,0,1,unassigned,2.0,2.0,0.0,1.0,0.0,0.0,0.0,0.0,0,0,0,0,0
59238,0,0,-0.72281516,0.32677338,0,0,unassigned,33.0,33.0,0.0,1.0,0.0,0.0,0.059961315,0.0,0,0,1,0,0
59239,-1,0,-0.6258471,0.3484528,0,1,unassigned,16.0,16.0,0.0,1.0,0.0,0.0,0.027079303,0.0,0,0,0,0,0
59240,1,1,-0.43053448,0.39399874,0,1,val,124.0,121.0,3.0,0.9758065,0.024193548,0.024193525,0.23597679,0.0057091154,1,0,0,0,0
59241,-1,1,-0.27556515,0.43154135,0,1,unassigned,19.0,19.0,0.0,1.0,0.0,0.0,0.032882012,0.0,1,0,0,0,0
59242,-1,0,2.6135867,0.93173087,1,1,unassigned,43.0,23.0,20.0,0.53488374,0.4651163,0.46511626,0.079303674,0.03688543,0,0,0,1,1
59243,-1,0,1.3155804,0.7884455,1,1,unassigned,2.0,2.0,0.0,1.0,0.0,0.0,0.0,0.0,0,0,0,1,0
59244,-1,0,-0.76952356,0.31658217,0,1,unassigned,2.0,2.0,0.0,1.0,0.0,0.0,0.0,0.0,0,0,0,0,0
59245,-1,0,2.639866,0.93338364,1,1,unassigned,10.0,10.0,0.0,1.0,0.0,0.0,0.015473888,0.0,0,0,0,1,1
59246,-1,1,-0.7619251,0.31822845,0,1,unassigned,35.0,31.0,4.0,0.8857143,0.114285715,0.11428571,0.06382979,0.0072948327,1,0,0,0,0
59247,-1,0,8.320681,0.99975663,1,1,unassigned,2.0,2.0,0.0,1.0,0.0,0.0,0.0,0.0,0,0,0,1,1
59248,-1,0,1.9934151,0.88010395,1,1,unassigned,2.0,2.0,0.0,1.0,0.0,0.0,0.0,0.0,0,0,0,1,0
59249,-1,1,-0.47905594,0.38247508,0,1,unassigned,11.0,11.0,0.0,1.0,0.0,0.0,0.017408123,0.0,1,0,0,0,0
59250,-1,0,2.3519137,0.91308624,1,1,unassigned,2.0,1.0,1.0,0.5,0.5,0.5,0.0,0.0,0,0,0,1,1
59251,-1,0,2.9000046,0.94784665,1,1,unassigned,2.0,2.0,0.0,1.0,0.0,0.0,0.0,0.0,0,0,0,1,1
59252,-1,0,2.918411,0.94874907,1,1,unassigned,2.0,2.0,0.0,1.0,0.0,0.0,0.0,0.0,0,0,0,1,1
59253,1,1,3.7173865,0.976279,1,0,unassigned,2.0,2.0,0.0,1.0,0.0,0.0,0.0,0.0,1,0,1,1,1
59254,-1,0,-0.5416244,0.36780977,0,1,unassigned,3.0,3.0,0.0,1.0,0.0,0.0,0.001934236,0.0,0,0,0,0,0
59255,-1,0,0.025335252,0.5063335,1,1,unassigned,5.0,5.0,0.0,1.0,0.0,0.0,0.0058027077,0.0,0,0,0,1,0
59256,-1,0,6.658894,0.9987191,1,1,unassigned,2.0,2.0,0.0,1.0,0.0,0.0,0.0,0.0,0,0,0,1,1
59257,-1,0,-0.3414655,0.41545352,0,1,unassigned,30.0,28.0,2.0,0.93333334,0.06666667,0.06666666,0.054158606,0.003610574,0,0,0,0,0
59258,-1,0,-0.10843241,0.47291842,0,1,unassigned,44.0,42.0,2.0,0.95454544,0.045454547,0.04545456,0.08123791,0.0036926325,0,0,0,0,0
59259,-1,0,-0.13837504,0.46546137,0,1,unassigned,2.0,2.0,0.0,1.0,0.0,0.0,0.0,0.0,0,0,0,0,0
59260,-1,0,-0.27483982,0.4317193,0,1,unassigned,32.0,32.0,0.0,1.0,0.0,0.0,0.058027077,0.0,0,0,0,0,0
59261,-1,1,-0.8066203,0.30861115,0,1,unassigned,41.0,39.0,2.0,0.9512195,0.048780486,0.0487805,0.07543521,0.003679766,1,0,0,0,0
59262,1,1,-0.5397619,0.36824298,0,1,val,52.0,48.0,4.0,0.9230769,0.07692308,0.07692307,0.0967118,0.0074393693,1,0,0,0,0
59263,-1,0,5.2533402,0.99479717,1,1,unassigned,11.0,11.0,0.0,1.0,0.0,0.0,0.017408123,0.0,0,0,0,1,1
59264,-1,1,-0.26798004,0.43340304,0,1,unassigned,9.0,9.0,0.0,1.0,0.0,0.0,0.013539651,0.0,1,0,0,0,0
59265,-1,0,-0.6863018,0.33485627,0,1,unassigned,3.0,3.0,0.0,1.0,0.0,0.0,0.001934236,0.0,0,0,0,0,0
59266,-1,1,-0.3783378,0.40652785,0,1,unassigned,18.0,17.0,1.0,0.9444444,0.055555556,0.055555582,0.030947777,0.0017193209,1,0,0,0,0
59267,-1,0,-0.43361664,0.39326307,0,1,unassigned,4.0,4.0,0.0,1.0,0.0,0.0,0.003868472,0.0,0,0,0,0,0
59268,-1,0,-0.40369123,0.4004258,0,1,unassigned,2.0,2.0,0.0,1.0,0.0,0.0,0.0,0.0,0,0,0,0,0
59269,-1,1,-0.94238025,0.2804198,0,1,unassigned,23.0,23.0,0.0,1.0,0.0,0.0,0.040618956,0.0,1,0,0,0,0
59270,-1,0,5.0467434,0.9936108,1,1,unassigned,47.0,42.0,5.0,0.89361703,0.10638298,0.106382966,0.08704062,0.00925964,0,0,0,1,1
59271,-1,0,-0.026047409,0.49348852,0,1,unassigned,27.0,20.0,7.0,0.7407407,0.25925925,0.25925928,0.0483559,0.012536715,0,0,0,0,0
59272,-1,0,-0.1772067,0.4558139,0,1,unassigned,7.0,7.0,0.0,1.0,0.0,0.0,0.00967118,0.0,0,0,0,0,0
59273,1,0,2.8350184,0.944539,1,0,unassigned,7.0,6.0,1.0,0.85714287,0.14285715,0.14285713,0.00967118,0.0013815971,0,0,1,1,1
59274,-1,0,-0.31571522,0.42172036,0,1,unassigned,28.0,28.0,0.0,1.0,0.0,0.0,0.050290134,0.0,0,0,0,0,0
59275,-1,0,1.6350393,0.8368588,1,1,unassigned,3.0,2.0,1.0,0.6666667,0.33333334,0.3333333,0.001934236,0.00064474536,0,0,0,1,0
59276,-1,0,-0.3852284,0.40486646,0,1,unassigned,2.0,1.0,1.0,0.5,0.5,0.5,0.0,0.0,0,0,0,0,0
59277,-1,0,0.23153752,0.55762714,1,1,unassigned,2.0,2.0,0.0,1.0,0.0,0.0,0.0,0.0,0,0,0,1,0
59278,-1,0,1.7206442,0.8482118,1,1,unassigned,6.0,6.0,0.0,1.0,0.0,0.0,0.007736944,0.0,0,0,0,1,0
59279,-1,1,0.0025492907,0.50063735,1,1,unassigned,12.0,12.0,0.0,1.0,0.0,0.0,0.01934236,0.0,1,0,0,1,0
59280,-1,0,0.32619005,0.58083206,1,1,unassigned,25.0,24.0,1.0,0.96,0.04,0.04000002,0.044487428,0.001779497,0,0,0,1,0
59281,0,1,-0.545216,0.36697504,0,0,val,40.0,40.0,0.0,1.0,0.0,0.0,0.07350097,0.0,1,0,1,0,0
59282,-1,1,-0.49895293,0.3777868,0,1,unassigned,19.0,19.0,0.0,1.0,0.0,0.0,0.032882012,0.0,1,0,0,0,0
59283,0,1,-0.677755,0.33676255,0,0,test,49.0,47.0,2.0,0.9591837,0.040816326,0.040816307,0.09090909,0.0037105752,1,0,1,0,0
59284,-1,1,-0.65214705,0.34250584,0,1,unassigned,17.0,16.0,1.0,0.9411765,0.05882353,0.058823526,0.029013539,0.0017066788,1,0,0,0,0
59285,-1,0,-0.13639581,0.46595383,0,1,unassigned,13.0,13.0,0.0,1.0,0.0,0.0,0.021276595,0.0,0,0,0,0,0
59286,-1,0,2.5041115,0.92442954,1,1,unassigned,6.0,6.0,0.0,1.0,0.0,0.0,0.007736944,0.0,0,0,0,1,1
59287,-1,0,1.8176432,0.8602831,1,1,unassigned,4.0,3.0,1.0,0.75,0.25,0.25,0.003868472,0.000967118,0,0,0,1,0
59288,-1,0,4.528424,0.9893176,1,1,unassigned,10.0,10.0,0.0,1.0,0.0,0.0,0.015473888,0.0,0,0,0,1,1
59289,-1,0,5.05787,0.9936811,1,1,unassigned,2.0,2.0,0.0,1.0,0.0,0.0,0.0,0.0,0,0,0,1,1
59290,-1,1,-0.4389717,0.39198604,0,1,unassigned,33.0,32.0,1.0,0.969697,0.030303031,0.030303001,0.059961315,0.0018170096,1,0,0,0,0
59291,0,0,-0.57365346,0.36039424,0,0,train,11.0,10.0,1.0,0.90909094,0.09090909,0.090909064,0.017408123,0.0015825568,0,0,1,0,0
59292,0,0,-0.47087473,0.38440925,0,0,val,6.0,6.0,0.0,1.0,0.0,0.0,0.007736944,0.0,0,0,1,0,0
59293,-1,0,1.6669369,0.84116703,1,1,unassigned,2.0,2.0,0.0,1.0,0.0,0.0,0.0,0.0,0,0,0,1,0
59294,1,1,2.1443112,0.89513594,1,0,unassigned,2.0,2.0,0.0,1.0,0.0,0.0,0.0,0.0,1,0,1,1,0
59295,-1,1,3.1315281,0.9581747,1,1,unassigned,2.0,2.0,0.0,1.0,0.0,0.0,0.0,0.0,1,0,0,1,1
59296,-1,1,-0.18111551,0.4548445,0,1,unassigned,2.0,2.0,0.0,1.0,0.0,0.0,0.0,0.0,1,0,0,0,0
59297,-1,0,7.912604,0.999634,1,1,unassigned,2.0,1.0,1.0,0.5,0.5,0.5,0.0,0.0,0,0,0,1,1
59298,-1,0,-0.64150935,0.34490544,0,1,unassigned,9.0,9.0,0.0,1.0,0.0,0.0,0.013539651,0.0,0,0,0,0,0
59299,1,0,-0.03246981,0.49188322,0,1,test,33.0,33.0,0.0,1.0,0.0,0.0,0.059961315,0.0,0,0,0,0,0
59300,-1,1,1.2738624,0.7814032,1,1,unassigned,48.0,46.0,2.0,0.9583333,0.041666668,0.041666687,0.088974856,0.0037072857,1,0,0,1,0
59301,-1,0,4.092707,0.9835802,1,1,unassigned,2.0,1.0,1.0,0.5,0.5,0.5,0.0,0.0,0,0,0,1,1
59302,-1,1,-0.2107932,0.44749597,0,1,unassigned,15.0,15.0,0.0,1.0,0.0,0.0,0.025145067,0.0,1,0,0,0,0
59303,-1,0,6.367209,0.99828595,1,1,unassigned,5.0,5.0,0.0,1.0,0.0,0.0,0.0058027077,0.0,0,0,0,1,1
59304,-1,0,-0.47870117,0.38255885,0,1,unassigned,4.0,4.0,0.0,1.0,0.0,0.0,0.003868472,0.0,0,0,0,0,0
59305,-1,0,7.0962787,0.9991725,1,1,unassigned,2.0,2.0,0.0,1.0,0.0,0.0,0.0,0.0,0,0,0,1,1
59306,-1,0,-0.6008455,0.35415027,0,1,unassigned,61.0,61.0,0.0,1.0,0.0,0.0,0.114119925,0.0,0,0,0,0,0
59307,-1,1,6.40122,0.9983432,1,1,unassigned,24.0,20.0,4.0,0.8333333,0.16666667,0.16666669,0.04255319,0.0070921984,1,0,0,1,1
59308,1,1,0.11316633,0.5282614,1,0,unassigned,34.0,34.0,0.0,1.0,0.0,0.0,0.061895553,0.0,1,0,1,1,0
59309,1,1,0.16120142,0.54021335,1,0,val,30.0,28.0,2.0,0.93333334,0.06666667,0.06666666,0.054158606,0.003610574,1,0,1,1,0
59310,-1,0,-0.31424996,0.42207775,0,1,unassigned,4.0,3.0,1.0,0.75,0.25,0.25,0.003868472,0.000967118,0,0,0,0,0
59311,-1,1,-0.07539827,0.48115933,0,1,unassigned,8.0,8.0,0.0,1.0,0.0,0.0,0.0116054155,0.0,1,0,0,0,0
59312,-1,0,1.1252997,0.75497043,1,1,unassigned,3.0,1.0,2.0,0.33333334,0.6666667,0.6666666,0.001934236,0.0012894907,0,0,0,1,0
59313,-1,1,-0.4215163,0.396154,0,1,unassigned,7.0,6.0,1.0,0.85714287,0.14285715,0.14285713,0.00967118,0.0013815971,1,0,0,0,0
59314,-1,1,0.40247047,0.5992811,1,1,unassigned,2.0,2.0,0.0,1.0,0.0,0.0,0.0,0.0,1,0,0,1,0
59315,-1,1,-0.7547388,0.31978962,0,1,unassigned,41.0,41.0,0.0,1.0,0.0,0.0,0.07543521,0.0,1,0,0,0,0
59316,1,1,-0.48610306,0.38081202,0,1,val,68.0,66.0,2.0,0.9705882,0.029411765,0.029411793,0.12765957,0.0037546933,1,0,0,0,0
59317,-1,0,16.083881,0.9999999,1,1,unassigned,2.0,2.0,0.0,1.0,0.0,0.0,0.0,0.0,0,0,0,1,1
59318,1,0,7.443154,0.9994149,1,0,test,2.0,1.0,1.0,0.5,0.5,0.5,0.0,0.0,0,0,1,1,1
59319,-1,1,0.26441687,0.56572175,1,1,unassigned,4.0,3.0,1.0,0.75,0.25,0.25,0.003868472,0.000967118,1,0,0,1,0
59320,0,0,-0.36697483,0.4092722,0,0,unassigned,9.0,9.0,0.0,1.0,0.0,0.0,0.013539651,0.0,0,0,1,0,0
59321,-1,1,-0.32777232,0.41878274,0,1,unassigned,4.0,4.0,0.0,1.0,0.0,0.0,0.003868472,0.0,1,0,0,0,0
59322,1,1,0.61588174,0.6492813,1,0,val,21.0,21.0,0.0,1.0,0.0,0.0,0.036750484,0.0,1,0,1,1,0
59323,-1,0,-0.4289868,0.3943683,0,1,unassigned,21.0,21.0,0.0,1.0,0.0,0.0,0.036750484,0.0,0,0,0,0,0
59324,-1,1,-0.6274502,0.34808892,0,1,unassigned,80.0,76.0,4.0,0.95,0.05,0.050000012,0.15087041,0.0075435205,1,0,0,0,0
59325,-1,0,4.9390235,0.9928893,1,1,unassigned,17.0,12.0,5.0,0.7058824,0.29411766,0.29411763,0.029013539,0.008533394,0,0,0,1,1
59326,-1,0,0.017791092,0.50444764,1,1,unassigned,65.0,64.0,1.0,0.9846154,0.015384615,0.0153846145,0.12185687,0.001874721,0,0,0,1,0
59327,-1,1,-0.6519132,0.34255853,0,1,unassigned,93.0,85.0,8.0,0.9139785,0.086021505,0.08602148,0.17601547,0.0151411155,1,0,0,0,0
59328,-1,0,-0.49019286,0.37984818,0,1,unassigned,25.0,25.0,0.0,1.0,0.0,0.0,0.044487428,0.0,0,0,0,0,0
59329,-1,0,-0.12907791,0.46777526,0,1,unassigned,15.0,15.0,0.0,1.0,0.0,0.0,0.025145067,0.0,0,0,0,0,0
59330,-1,1,-0.6912081,0.33376437,0,1,unassigned,54.0,52.0,2.0,0.962963,0.037037037,0.037037015,0.10058027,0.003725195,1,0,0,0,0
59331,-1,1,-0.74903226,0.3210322,0,1,unassigned,38.0,38.0,0.0,1.0,0.0,0.0,0.06963249,0.0,1,0,0,0,0
59332,-1,1,-0.37163115,0.40814695,0,1,unassigned,27.0,25.0,2.0,0.9259259,0.074074075,0.07407409,0.0483559,0.0035819185,1,0,0,0,0
59333,-1,1,-0.30846405,0.42348972,0,1,unassigned,36.0,33.0,3.0,0.9166667,0.083333336,0.08333331,0.065764025,0.0054803356,1,0,0,0,0
59334,-1,1,0.14777464,0.53687656,1,1,unassigned,24.0,23.0,1.0,0.9583333,0.041666668,0.041666687,0.04255319,0.0017730496,1,0,0,1,0
59335,-1,0,-0.53653216,0.36899465,0,1,unassigned,28.0,28.0,0.0,1.0,0.0,0.0,0.050290134,0.0,0,0,0,0,0
59336,-1,1,-0.32245445,0.4200777,0,1,unassigned,10.0,10.0,0.0,1.0,0.0,0.0,0.015473888,0.0,1,0,0,0,0
59337,-1,1,4.5185666,0.98921293,1,1,unassigned,3.0,2.0,1.0,0.6666667,0.33333334,0.3333333,0.001934236,0.00064474536,1,0,0,1,1
59338,-1,0,6.772632,0.99885666,1,1,unassigned,7.0,7.0,0.0,1.0,0.0,0.0,0.00967118,0.0,0,0,0,1,1
59339,-1,0,3.936292,0.98085326,1,1,unassigned,6.0,6.0,0.0,1.0,0.0,0.0,0.007736944,0.0,0,0,0,1,1
59340,-1,0,5.895556,0.997256,1,1,unassigned,4.0,4.0,0.0,1.0,0.0,0.0,0.003868472,0.0,0,0,0,1,1
59341,-1,0,-0.2691994,0.43310365,0,1,unassigned,4.0,4.0,0.0,1.0,0.0,0.0,0.003868472,0.0,0,0,0,0,0
59342,-1,0,-0.8011774,0.3097737,0,1,unassigned,53.0,52.0,1.0,0.9811321,0.018867925,0.01886791,0.09864604,0.0018612461,0,0,0,0,0
59343,-1,0,-0.24049926,0.4401633,0,1,unassigned,40.0,39.0,1.0,0.975,0.025,0.024999976,0.07350097,0.0018375242,0,0,0,0,0
59344,-1,0,2.4806483,0.922774,1,1,unassigned,4.0,4.0,0.0,1.0,0.0,0.0,0.003868472,0.0,0,0,0,1,1
59345,-1,1,0.896256,0.7101795,1,1,unassigned,10.0,10.0,0.0,1.0,0.0,0.0,0.015473888,0.0,1,0,0,1,0
59346,-1,1,0.8616565,0.7030066,1,1,unassigned,10.0,7.0,3.0,0.7,0.3,0.3,0.015473888,0.0046421667,1,0,0,1,0
59347,-1,0,0.7862223,0.6870196,1,1,unassigned,14.0,14.0,0.0,1.0,0.0,0.0,0.023210831,0.0,0,0,0,1,0
59348,-1,0,0.10362971,0.5258843,1,1,unassigned,29.0,29.0,0.0,1.0,0.0,0.0,0.05222437,0.0,0,0,0,1,0
59349,-1,1,2.0547025,0.8864219,1,1,unassigned,3.0,3.0,0.0,1.0,0.0,0.0,0.001934236,0.0,1,0,0,1,0
59350,-1,0,-0.1261869,0.46849504,0,1,unassigned,5.0,5.0,0.0,1.0,0.0,0.0,0.0058027077,0.0,0,0,0,0,0
59351,-1,0,0.3694113,0.5913167,1,1,unassigned,27.0,26.0,1.0,0.962963,0.037037037,0.037037015,0.0483559,0.0017909593,0,0,0,1,0
59352,-1,1,1.6763761,0.8424241,1,1,unassigned,4.0,3.0,1.0,0.75,0.25,0.25,0.003868472,0.000967118,1,0,0,1,0
59353,-1,0,-0.0067827106,0.4983043,0,1,unassigned,2.0,2.0,0.0,1.0,0.0,0.0,0.0,0.0,0,0,0,0,0
59354,1,1,3.3075817,0.96468794,1,0,test,2.0,2.0,0.0,1.0,0.0,0.0,0.0,0.0,1,0,1,1,1
59355,1,0,5.7381005,0.9967894,1,0,val,4.0,4.0,0.0,1.0,0.0,0.0,0.003868472,0.0,0,0,1,1,1
59356,-1,0,2.9203703,0.94884425,1,1,unassigned,2.0,2.0,0.0,1.0,0.0,0.0,0.0,0.0,0,0,0,1,1
59357,-1,0,4.992335,0.993256,1,1,unassigned,12.0,11.0,1.0,0.9166667,0.083333336,0.08333331,0.01934236,0.0016118633,0,0,0,1,1
59358,-1,0,-0.5207983,0.37266555,0,1,unassigned,3.0,3.0,0.0,1.0,0.0,0.0,0.001934236,0.0,0,0,0,0,0
59359,-1,0,2.0608766,0.8870421,1,1,unassigned,2.0,2.0,0.0,1.0,0.0,0.0,0.0,0.0,0,0,0,1,0
59360,-1,0,0.3895228,0.5961678,1,1,unassigned,4.0,4.0,0.0,1.0,0.0,0.0,0.003868472,0.0,0,0,0,1,0
59361,-1,0,-0.55775964,0.364066,0,1,unassigned,6.0,6.0,0.0,1.0,0.0,0.0,0.007736944,0.0,0,0,0,0,0
59362,-1,1,-0.09386596,0.47655073,0,1,unassigned,30.0,30.0,0.0,1.0,0.0,0.0,0.054158606,0.0,1,0,0,0,0
59363,-1,0,5.0124307,0.99338925,1,1,unassigned,2.0,2.0,0.0,1.0,0.0,0.0,0.0,0.0,0,0,0,1,1
59364,-1,0,-0.10330266,0.4741973,0,1,unassigned,23.0,23.0,0.0,1.0,0.0,0.0,0.040618956,0.0,0,0,0,0,0
59365,-1,0,0.7401138,0.6770207,1,1,unassigned,4.0,4.0,0.0,1.0,0.0,0.0,0.003868472,0.0,0,0,0,1,0
59366,0,1,-0.33276847,0.41756716,0,0,train,27.0,27.0,0.0,1.0,0.0,0.0,0.0483559,0.0,1,0,1,0,0
59367,1,1,2.2209277,0.9021132,1,0,unassigned,9.0,9.0,0.0,1.0,0.0,0.0,0.013539651,0.0,1,0,1,1,1
59368,-1,0,-0.8466774,0.3001303,0,1,unassigned,3.0,2.0,1.0,0.6666667,0.33333334,0.3333333,0.001934236,0.00064474536,0,0,0,0,0
59369,-1,1,-0.7561806,0.31947607,0,1,unassigned,48.0,48.0,0.0,1.0,0.0,0.0,0.088974856,0.0,1,0,0,0,0
59370,-1,1,-0.84924704,0.29959083,0,1,unassigned,20.0,20.0,0.0,1.0,0.0,0.0,0.034816246,0.0,1,0,0,0,0
59371,-1,0,-0.9616405,0.27654988,0,1,unassigned,3.0,2.0,1.0,0.6666667,0.33333334,0.3333333,0.001934236,0.00064474536,0,0,0,0,0
59372,-1,1,-0.06875223,0.4828187,0,1,unassigned,6.0,6.0,0.0,1.0,0.0,0.0,0.007736944,0.0,1,0,0,0,0
59373,-1,1,-0.6253032,0.34857628,0,1,unassigned,39.0,38.0,1.0,0.974359,0.025641026,0.025641024,0.07156673,0.0018350444,1,0,0,0,0
59374,-1,1,-0.4975033,0.3781276,0,1,unassigned,55.0,53.0,2.0,0.96363634,0.036363635,0.03636366,0.102514505,0.0037278,1,0,0,0,0
59375,-1,1,-0.8818162,0.29280156,0,1,unassigned,68.0,68.0,0.0,1.0,0.0,0.0,0.12765957,0.0,1,0,0,0,0
59376,-1,1,-0.84175,0.30116636,0,1,unassigned,59.0,59.0,0.0,1.0,0.0,0.0,0.11025145,0.0,1,0,0,0,0
59377,-1,1,-0.27756464,0.43105093,0,1,unassigned,32.0,28.0,4.0,0.875,0.125,0.125,0.058027077,0.0072533847,1,0,0,0,0
59378,-1,1,-0.514451,0.3741507,0,1,unassigned,25.0,24.0,1.0,0.96,0.04,0.04000002,0.044487428,0.001779497,1,0,0,0,0
59379,-1,1,-0.7183101,0.32776523,0,1,unassigned,70.0,67.0,3.0,0.95714283,0.042857144,0.04285717,0.13152805,0.0056369165,1,0,0,0,0
59380,-1,0,0.50980335,0.6247604,1,1,unassigned,3.0,2.0,1.0,0.6666667,0.33333334,0.3333333,0.001934236,0.00064474536,0,0,0,1,0
59381,1,1,0.870704,0.70489216,1,0,val,4.0,4.0,0.0,1.0,0.0,0.0,0.003868472,0.0,1,0,1,1,0
59382,-1,1,-0.8349712,0.30259496,0,1,unassigned,69.0,69.0,0.0,1.0,0.0,0.0,0.1295938,0.0,1,0,0,0,0
59383,-1,1,0.7055462,0.66941625,1,1,unassigned,14.0,12.0,2.0,0.85714287,0.14285715,0.14285713,0.023210831,0.0033158332,1,0,0,1,0
59384,-1,1,1.4009597,0.80233616,1,1,unassigned,3.0,1.0,2.0,0.33333334,0.6666667,0.6666666,0.001934236,0.0012894907,1,0,0,1,0
59385,1,0,0.058027208,0.51450276,1,0,val,3.0,3.0,0.0,1.0,0.0,0.0,0.001934236,0.0,0,0,1,1,0
59386,-1,0,1.1617708,0.7616543,1,1,unassigned,2.0,2.0,0.0,1.0,0.0,0.0,0.0,0.0,0,0,0,1,0
59387,1,0,7.821711,0.9995993,1,0,test,8.0,6.0,2.0,0.75,0.25,0.25,0.0116054155,0.0029013539,0,0,1,1,1
59388,0,0,-0.18635911,0.45354456,0,0,val,17.0,14.0,3.0,0.8235294,0.1764706,0.17647058,0.029013539,0.005120036,0,0,1,0,0
59389,0,1,0.11622006,0.52902234,1,1,unassigned,7.0,6.0,1.0,0.85714287,0.14285715,0.14285713,0.00967118,0.0013815971,1,0,0,1,0
59390,-1,0,-0.6944443,0.33304515,0,1,unassigned,27.0,27.0,0.0,1.0,0.0,0.0,0.0483559,0.0,0,0,0,0,0
59391,-1,0,7.0051775,0.99909365,1,1,unassigned,2.0,1.0,1.0,0.5,0.5,0.5,0.0,0.0,0,0,0,1,1
59392,-1,1,3.5511615,0.97210896,1,1,unassigned,6.0,6.0,0.0,1.0,0.0,0.0,0.007736944,0.0,1,0,0,1,1
59393,-1,1,-0.58232355,0.3583981,0,1,unassigned,32.0,30.0,2.0,0.9375,0.0625,0.0625,0.058027077,0.0036266923,1,0,0,0,0
59394,-1,1,0.23606259,0.5587431,1,1,unassigned,2.0,2.0,0.0,1.0,0.0,0.0,0.0,0.0,1,0,0,1,0
59395,-1,1,0.48982054,0.62006414,1,1,unassigned,4.0,4.0,0.0,1.0,0.0,0.0,0.003868472,0.0,1,0,0,1,0
59396,-1,1,-0.17241421,0.45700288,0,1,unassigned,22.0,22.0,0.0,1.0,0.0,0.0,0.03868472,0.0,1,0,0,0,0
59397,-1,1,-0.3379327,0.4163117,0,1,unassigned,8.0,8.0,0.0,1.0,0.0,0.0,0.0116054155,0.0,1,0,0,0,0
59398,-1,0,-0.48518527,0.38102844,0,1,unassigned,4.0,3.0,1.0,0.75,0.25,0.25,0.003868472,0.000967118,0,0,0,0,0
59399,-1,1,-0.084246725,0.47895077,0,1,unassigned,15.0,15.0,0.0,1.0,0.0,0.0,0.025145067,0.0,1,0,0,0,0
59400,-1,1,1.6238959,0.8353317,1,1,unassigned,17.0,11.0,6.0,0.64705884,0.3529412,0.35294116,0.029013539,0.010240072,1,0,0,1,0
59401,-1,0,5.902497,0.9972748,1,1,unassigned,17.0,16.0,1.0,0.9411765,0.05882353,0.058823526,0.029013539,0.0017066788,0,0,0,1,1
59402,-1,1,4.2321944,0.9856873,1,1,unassigned,22.0,18.0,4.0,0.8181818,0.18181819,0.18181819,0.03868472,0.0070335856,1,0,0,1,1
59403,-1,1,-0.5778151,0.35943547,0,1,unassigned,83.0,83.0,0.0,1.0,0.0,0.0,0.15667312,0.0,1,0,0,0,0
59404,1,1,6.3292093,0.99821967,1,0,unassigned,3.0,3.0,0.0,1.0,0.0,0.0,0.001934236,0.0,1,0,1,1,1
59405,-1,1,-0.10692668,0.47329378,0,1,unassigned,28.0,28.0,0.0,1.0,0.0,0.0,0.050290134,0.0,1,0,0,0,0
59406,-1,1,1.472997,0.8135125,1,1,unassigned,18.0,17.0,1.0,0.9444444,0.055555556,0.055555582,0.030947777,0.0017193209,1,0,0,1,0
59407,-1,1,-0.42775196,0.39466327,0,1,unassigned,52.0,51.0,1.0,0.9807692,0.01923077,0.019230783,0.0967118,0.0018598423,1,0,0,0,0
59408,-1,1,-0.8148915,0.30684915,0,1,unassigned,76.0,75.0,1.0,0.9868421,0.013157895,0.013157904,0.14313346,0.0018833351,1,0,0,0,0
59409,-1,1,0.41274828,0.6017467,1,1,unassigned,57.0,54.0,3.0,0.94736844,0.05263158,0.052631557,0.10638298,0.0055991043,1,0,0,1,0
59410,-1,1,-0.74224675,0.32251304,0,1,unassigned,35.0,32.0,3.0,0.9142857,0.08571429,0.08571428,0.06382979,0.005471125,1,0,0,0,0
59411,-1,1,0.52716476,0.62882155,1,1,unassigned,17.0,17.0,0.0,1.0,0.0,0.0,0.029013539,0.0,1,0,0,1,0
59412,-1,1,2.674174,0.9354854,1,1,unassigned,5.0,5.0,0.0,1.0,0.0,0.0,0.0058027077,0.0,1,0,0,1,1
59413,-1,1,8.791823,0.999848,1,1,unassigned,5.0,5.0,0.0,1.0,0.0,0.0,0.0058027077,0.0,1,0,0,1,1
59414,-1,1,0.0010812283,0.50027025,1,1,unassigned,2.0,2.0,0.0,1.0,0.0,0.0,0.0,0.0,1,0,0,1,0
59415,-1,1,1.6719158,0.8418311,1,1,unassigned,6.0,5.0,1.0,0.8333333,0.16666667,0.16666669,0.007736944,0.0012894907,1,0,0,1,0
59416,-1,1,1.0387392,0.73860663,1,1,unassigned,31.0,27.0,4.0,0.87096775,0.12903225,0.12903225,0.056092843,0.007237786,1,0,0,1,0
59417,-1,0,9.173207,0.99989617,1,1,unassigned,4.0,4.0,0.0,1.0,0.0,0.0,0.003868472,0.0,0,0,0,1,1
59418,-1,1,-0.46152878,0.3866232,0,1,unassigned,13.0,12.0,1.0,0.9230769,0.07692308,0.07692307,0.021276595,0.0016366612,1,0,0,0,0
59419,-1,0,1.3404021,0.79255605,1,1,unassigned,8.0,7.0,1.0,0.875,0.125,0.125,0.0116054155,0.0014506769,0,0,0,1,0
59420,-1,0,2.5695574,0.92887646,1,1,unassigned,3.0,3.0,0.0,1.0,0.0,0.0,0.001934236,0.0,0,0,0,1,1
59421,-1,1,0.7792024,0.6855082,1,1,unassigned,2.0,2.0,0.0,1.0,0.0,0.0,0.0,0.0,1,0,0,1,0
59422,-1,1,18.692482,1.0,1,1,unassigned,12.0,8.0,4.0,0.6666667,0.33333334,0.3333333,0.01934236,0.006447453,1,0,0,1,1
59423,-1,1,-0.27059776,0.43276036,0,1,unassigned,37.0,36.0,1.0,0.972973,0.027027028,0.02702701,0.06769826,0.0018296828,1,0,0,0,0
59424,-1,1,-0.4444652,0.3906775,0,1,unassigned,48.0,48.0,0.0,1.0,0.0,0.0,0.088974856,0.0,1,0,0,0,0
59425,-1,0,5.739653,0.9967944,1,1,unassigned,9.0,9.0,0.0,1.0,0.0,0.0,0.013539651,0.0,0,0,0,1,1
59426,0,1,0.045453846,0.5113615,1,1,unassigned,8.0,8.0,0.0,1.0,0.0,0.0,0.0116054155,0.0,1,0,0,1,0
59427,-1,1,-0.854881,0.29840997,0,1,unassigned,66.0,66.0,0.0,1.0,0.0,0.0,0.123791106,0.0,1,0,0,0,0
59428,-1,0,-0.6829425,0.33560488,0,1,unassigned,11.0,11.0,0.0,1.0,0.0,0.0,0.017408123,0.0,0,0,0,0,0
59429,-1,1,-0.507514,0.37577647,0,1,unassigned,26.0,26.0,0.0,1.0,0.0,0.0,0.046421662,0.0,1,0,0,0,0
59430,-1,1,0.59095997,0.6435854,1,1,unassigned,16.0,16.0,0.0,1.0,0.0,0.0,0.027079303,0.0,1,0,0,1,0
59431,0,1,-0.8478513,0.29988378,0,0,val,67.0,65.0,2.0,0.9701493,0.029850746,0.029850721,0.12572534,0.0037529953,1,0,1,0,0
59432,-1,0,4.3966775,0.98783165,1,1,unassigned,2.0,2.0,0.0,1.0,0.0,0.0,0.0,0.0,0,0,0,1,1
59433,-1,1,-0.24553066,0.43892384,0,1,unassigned,37.0,37.0,0.0,1.0,0.0,0.0,0.06769826,0.0,1,0,0,0,0
59434,0,0,-0.7620484,0.31820172,0,0,test,36.0,36.0,0.0,1.0,0.0,0.0,0.065764025,0.0,0,0,1,0,0
59435,-1,1,-0.6420467,0.34478402,0,1,unassigned,108.0,104.0,4.0,0.962963,0.037037037,0.037037015,0.20502901,0.007593667,1,0,0,0,0
59436,-1,0,1.5074413,0.8186817,1,1,unassigned,2.0,2.0,0.0,1.0,0.0,0.0,0.0,0.0,0,0,0,1,0
59437,-1,0,0.19910157,0.5496116,1,1,unassigned,2.0,1.0,1.0,0.5,0.5,0.5,0.0,0.0,0,0,0,1,0
59438,-1,1,2.9756515,0.951462,1,1,unassigned,5.0,5.0,0.0,1.0,0.0,0.0,0.0058027077,0.0,1,0,0,1,1
59439,-1,0,0.4011547,0.59896505,1,1,unassigned,4.0,4.0,0.0,1.0,0.0,0.0,0.003868472,0.0,0,0,0,1,0
59440,-1,0,1.3577657,0.7953964,1,1,unassigned,4.0,4.0,0.0,1.0,0.0,0.0,0.003868472,0.0,0,0,0,1,0
59441,-1,0,-0.39551184,0.40239114,0,1,unassigned,3.0,3.0,0.0,1.0,0.0,0.0,0.001934236,0.0,0,0,0,0,0
59442,-1,1,-0.25288144,0.4371144,0,1,unassigned,2.0,1.0,1.0,0.5,0.5,0.5,0.0,0.0,1,0,0,0,0
59443,-1,0,5.8153806,0.9970276,1,1,unassigned,4.0,3.0,1.0,0.75,0.25,0.25,0.003868472,0.000967118,0,0,0,1,1
59444,1,0,2.2961261,0.90855575,1,0,unassigned,7.0,7.0,0.0,1.0,0.0,0.0,0.00967118,0.0,0,0,1,1,1
59445,-1,1,0.18699503,0.546613,1,1,unassigned,23.0,23.0,0.0,1.0,0.0,0.0,0.040618956,0.0,1,0,0,1,0
59446,1,1,15.758671,0.9999999,1,0,val,46.0,42.0,4.0,0.9130435,0.08695652,0.0869565,0.08510638,0.007400555,1,0,1,1,1
59447,-1,1,-0.024822176,0.49379477,0,1,unassigned,80.0,80.0,0.0,1.0,0.0,0.0,0.15087041,0.0,1,0,0,0,0
59448,-1,1,-0.6631706,0.34002775,0,1,unassigned,70.0,68.0,2.0,0.9714286,0.028571429,0.028571427,0.13152805,0.0037579443,1,0,0,0,0
59449,0,1,1.2040555,0.76924545,1,1,unassigned,51.0,50.0,1.0,0.98039216,0.019607844,0.019607842,0.09477756,0.0018583836,1,0,0,1,0
59450,-1,1,-0.64323485,0.34451568,0,1,unassigned,107.0,105.0,2.0,0.9813084,0.018691588,0.0186916,0.20309478,0.003796164,1,0,0,0,0
59451,1,0,22.279058,1.0,1,0,unassigned,16.0,15.0,1.0,0.9375,0.0625,0.0625,0.027079303,0.0016924564,0,0,1,1,1
59452,-1,1,22.877354,1.0,1,1,unassigned,26.0,14.0,12.0,0.53846157,0.46153846,0.46153843,0.046421662,0.021425383,1,0,0,1,1
59453,0,0,0.0024653077,0.5006163,1,1,unassigned,9.0,9.0,0.0,1.0,0.0,0.0,0.013539651,0.0,0,0,0,1,0
59454,-1,1,-0.828353,0.30399343,0,1,unassigned,75.0,74.0,1.0,0.9866667,0.013333334,0.013333321,0.14119923,0.0018826565,1,0,0,0,0
59455,-1,0,9.130225,0.99989164,1,1,unassigned,12.0,9.0,3.0,0.75,0.25,0.25,0.01934236,0.00483559,0,0,0,1,1
59456,-1,1,-0.47636205,0.38311154,0,1,unassigned,66.0,66.0,0.0,1.0,0.0,0.0,0.123791106,0.0,1,0,0,0,0
59457,-1,0,-0.16281384,0.4593862,0,1,unassigned,18.0,18.0,0.0,1.0,0.0,0.0,0.030947777,0.0,0,0,0,0,0
59458,-1,1,-0.5025232,0.3769479,0,1,unassigned,20.0,19.0,1.0,0.95,0.05,0.050000012,0.034816246,0.0017408123,1,0,0,0,0
59459,-1,0,-0.08845496,0.47790068,0,1,unassigned,16.0,16.0,0.0,1.0,0.0,0.0,0.027079303,0.0,0,0,0,0,0
59460,-1,0,0.2068879,0.5515383,1,1,unassigned,12.0,11.0,1.0,0.9166667,0.083333336,0.08333331,0.01934236,0.0016118633,0,0,0,1,0
59461,1,0,-0.19374481,0.45171472,0,1,test,5.0,5.0,0.0,1.0,0.0,0.0,0.0058027077,0.0,0,0,0,0,0
59462,-1,0,4.859794,0.99230754,1,1,unassigned,6.0,3.0,3.0,0.5,0.5,0.5,0.007736944,0.003868472,0,0,0,1,1
59463,0,0,-0.69613934,0.33266872,0,0,val,3.0,3.0,0.0,1.0,0.0,0.0,0.001934236,0.0,0,0,1,0,0
59464,-1,0,5.473882,0.99582267,1,1,unassigned,16.0,15.0,1.0,0.9375,0.0625,0.0625,0.027079303,0.0016924564,0,0,0,1,1
59465,-1,0,1.423568,0.8058972,1,1,unassigned,2.0,2.0,0.0,1.0,0.0,0.0,0.0,0.0,0,0,0,1,0
59466,-1,1,2.8880084,0.9472504,1,1,unassigned,3.0,2.0,1.0,0.6666667,0.33333334,0.3333333,0.001934236,0.00064474536,1,0,0,1,1
59467,-1,1,-0.65288997,0.34233856,0,1,unassigned,15.0,15.0,0.0,1.0,0.0,0.0,0.025145067,0.0,1,0,0,0,0
59468,-1,1,-0.8978661,0.2894892,0,1,unassigned,37.0,37.0,0.0,1.0,0.0,0.0,0.06769826,0.0,1,0,0,0,0
59469,-1,0,-1.1367857,0.24291098,0,1,unassigned,2.0,2.0,0.0,1.0,0.0,0.0,0.0,0.0,0,0,0,0,0
59470,-1,1,-0.83253443,0.30310944,0,1,unassigned,76.0,75.0,1.0,0.9868421,0.013157895,0.013157904,0.14313346,0.0018833351,1,0,0,0,0
59471,-1,0,6.4159675,0.9983675,1,1,unassigned,2.0,2.0,0.0,1.0,0.0,0.0,0.0,0.0,0,0,0,1,1
59472,-1,0,3.188566,0.9604018,1,1,unassigned,3.0,3.0,0.0,1.0,0.0,0.0,0.001934236,0.0,0,0,0,1,1
59473,-1,1,-0.68319523,0.33554852,0,1,unassigned,19.0,19.0,0.0,1.0,0.0,0.0,0.032882012,0.0,1,0,0,0,0
59474,-1,1,-0.1893726,0.45279783,0,1,unassigned,19.0,19.0,0.0,1.0,0.0,0.0,0.032882012,0.0,1,0,0,0,0
59475,1,0,-0.2725542,0.43228015,0,1,test,28.0,28.0,0.0,1.0,0.0,0.0,0.050290134,0.0,0,0,0,0,0
59476,-1,0,2.1494331,0.8956158,1,1,unassigned,23.0,22.0,1.0,0.95652175,0.04347826,0.04347825,0.040618956,0.0017660416,0,0,0,1,0
59477,1,0,-0.05229217,0.48692995,0,1,val,8.0,8.0,0.0,1.0,0.0,0.0,0.0116054155,0.0,0,0,0,0,0
59478,0,0,1.8689556,0.86633736,1,1,unassigned,20.0,20.0,0.0,1.0,0.0,0.0,0.034816246,0.0,0,0,0,1,0
59479,-1,0,-0.14772058,0.46313685,0,1,unassigned,20.0,19.0,1.0,0.95,0.05,0.050000012,0.034816246,0.0017408123,0,0,0,0,0
59480,0,0,-0.18102887,0.45486596,0,0,val,41.0,41.0,0.0,1.0,0.0,0.0,0.07543521,0.0,0,0,1,0,0
59481,0,0,-0.2661612,0.43384975,0,0,unassigned,17.0,17.0,0.0,1.0,0.0,0.0,0.029013539,0.0,0,0,1,0,0
59482,-1,1,-0.75430804,0.31988332,0,1,unassigned,17.0,17.0,0.0,1.0,0.0,0.0,0.029013539,0.0,1,0,0,0,0
59483,-1,0,-0.49624825,0.37842274,0,1,unassigned,7.0,7.0,0.0,1.0,0.0,0.0,0.00967118,0.0,0,0,0,0,0
59484,0,0,0.2912764,0.57230854,1,1,val,23.0,23.0,0.0,1.0,0.0,0.0,0.040618956,0.0,0,0,0,1,0
59485,-1,1,-0.6921384,0.33355755,0,1,unassigned,3.0,3.0,0.0,1.0,0.0,0.0,0.001934236,0.0,1,0,0,0,0
59486,1,1,-0.51020354,0.3751458,0,1,val,18.0,17.0,1.0,0.9444444,0.055555556,0.055555582,0.030947777,0.0017193209,1,0,0,0,0
59487,-1,0,-0.42012554,0.3964867,0,1,unassigned,3.0,3.0,0.0,1.0,0.0,0.0,0.001934236,0.0,0,0,0,0,0
59488,-1,1,1.660264,0.84027344,1,1,unassigned,2.0,2.0,0.0,1.0,0.0,0.0,0.0,0.0,1,0,0,1,0
59489,0,1,-0.90814984,0.28737858,0,0,test,3.0,1.0,2.0,0.33333334,0.6666667,0.6666666,0.001934236,0.0012894907,1,0,1,0,0
59490,-1,1,2.0115836,0.8820079,1,1,unassigned,2.0,2.0,0.0,1.0,0.0,0.0,0.0,0.0,1,0,0,1,0
59491,-1,0,-0.17079115,0.4574057,0,1,unassigned,20.0,19.0,1.0,0.95,0.05,0.050000012,0.034816246,0.0017408123,0,0,0,0,0
59492,0,0,0.23731613,0.5590521,1,1,val,11.0,5.0,6.0,0.45454547,0.54545456,0.5454545,0.017408123,0.00949534,0,0,0,1,0
59493,1,1,1.0406685,0.738979,1,0,unassigned,7.0,7.0,0.0,1.0,0.0,0.0,0.00967118,0.0,1,0,1,1,0
59494,1,1,0.9141486,0.7138484,1,0,train,57.0,56.0,1.0,0.98245615,0.01754386,0.017543852,0.10638298,0.0018663681,1,0,1,1,0
59495,-1,0,-0.73511255,0.32407382,0,1,unassigned,15.0,15.0,0.0,1.0,0.0,0.0,0.025145067,0.0,0,0,0,0,0
59496,-1,1,1.869766,0.8664312,1,1,unassigned,2.0,1.0,1.0,0.5,0.5,0.5,0.0,0.0,1,0,0,1,0
59497,-1,0,-0.28764084,0.42858157,0,1,unassigned,2.0,2.0,0.0,1.0,0.0,0.0,0.0,0.0,0,0,0,0,0
59498,-1,1,-0.121869445,0.46957028,0,1,unassigned,6.0,6.0,0.0,1.0,0.0,0.0,0.007736944,0.0,1,0,0,0,0
59499,1,1,0.07972634,0.51992106,1,0,test,28.0,28.0,0.0,1.0,0.0,0.0,0.050290134,0.0,1,0,1,1,0
59500,1,1,-0.57120574,0.36095864,0,1,val,94.0,92.0,2.0,0.9787234,0.021276595,0.021276593,0.17794971,0.0037861639,1,0,0,0,0
59501,-1,1,6.3681726,0.9982876,1,1,unassigned,8.0,4.0,4.0,0.5,0.5,0.5,0.0116054155,0.0058027077,1,0,0,1,1
59502,-1,1,-0.86190975,0.2969405,0,1,unassigned,41.0,41.0,0.0,1.0,0.0,0.0,0.07543521,0.0,1,0,0,0,0
59503,-1,1,-0.78238696,0.31380567,0,1,unassigned,92.0,90.0,2.0,0.9782609,0.02173913,0.021739125,0.17408124,0.0037843748,1,0,0,0,0
59504,-1,0,-0.6202818,0.34971738,0,1,unassigned,7.0,7.0,0.0,1.0,0.0,0.0,0.00967118,0.0,0,0,0,0,0
59505,-1,0,5.500291,0.9959311,1,1,unassigned,2.0,2.0,0.0,1.0,0.0,0.0,0.0,0.0,0,0,0,1,1
59506,-1,0,8.940369,0.999869,1,1,unassigned,16.0,13.0,3.0,0.8125,0.1875,0.1875,0.027079303,0.0050773695,0,0,0,1,1
59507,-1,1,-0.66476816,0.33966932,0,1,unassigned,33.0,33.0,0.0,1.0,0.0,0.0,0.059961315,0.0,1,0,0,0,0
59508,-1,0,-0.30700585,0.42384577,0,1,unassigned,2.0,2.0,0.0,1.0,0.0,0.0,0.0,0.0,0,0,0,0,0
59509,-1,0,7.7998796,0.99959034,1,1,unassigned,11.0,11.0,0.0,1.0,0.0,0.0,0.017408123,0.0,0,0,0,1,1
59510,1,0,0.24166399,0.5601237,1,0,val,9.0,9.0,0.0,1.0,0.0,0.0,0.013539651,0.0,0,0,1,1,0
59511,-1,1,-0.5518021,0.3654464,0,1,unassigned,17.0,16.0,1.0,0.9411765,0.05882353,0.058823526,0.029013539,0.0017066788,1,0,0,0,0
59512,-1,0,-0.45453015,0.3882842,0,1,unassigned,5.0,5.0,0.0,1.0,0.0,0.0,0.0058027077,0.0,0,0,0,0,0
59513,-1,0,0.00296551,0.50074136,1,1,unassigned,15.0,14.0,1.0,0.93333334,0.06666667,0.06666666,0.025145067,0.0016763379,0,0,0,1,0
59514,-1,0,-1.4101222,0.1962148,0,1,unassigned,3.0,3.0,0.0,1.0,0.0,0.0,0.001934236,0.0,0,0,0,0,0
59515,-1,0,-0.3452601,0.41453227,0,1,unassigned,18.0,18.0,0.0,1.0,0.0,0.0,0.030947777,0.0,0,0,0,0,0
59516,-1,0,0.07141274,0.51784563,1,1,unassigned,7.0,6.0,1.0,0.85714287,0.14285715,0.14285713,0.00967118,0.0013815971,0,0,0,1,0
59517,-1,0,0.047859967,0.5119627,1,1,unassigned,5.0,5.0,0.0,1.0,0.0,0.0,0.0058027077,0.0,0,0,0,1,0
59518,-1,0,0.17124742,0.5427075,1,1,unassigned,11.0,11.0,0.0,1.0,0.0,0.0,0.017408123,0.0,0,0,0,1,0
59519,-1,1,1.8626683,0.8656076,1,1,unassigned,10.0,8.0,2.0,0.8,0.2,0.19999999,0.015473888,0.0030947777,1,0,0,1,0
59520,-1,0,0.85415727,0.7014385,1,1,unassigned,2.0,2.0,0.0,1.0,0.0,0.0,0.0,0.0,0,0,0,1,0
59521,-1,0,-0.58569264,0.3576238,0,1,unassigned,6.0,6.0,0.0,1.0,0.0,0.0,0.007736944,0.0,0,0,0,0,0
59522,-1,0,5.1635795,0.99431133,1,1,unassigned,5.0,5.0,0.0,1.0,0.0,0.0,0.0058027077,0.0,0,0,0,1,1
59523,1,1,-0.6513184,0.3426925,0,1,val,100.0,100.0,0.0,1.0,0.0,0.0,0.18955512,0.0,1,0,0,0,0
59524,1,0,-0.14307076,0.46429318,0,1,test,35.0,35.0,0.0,1.0,0.0,0.0,0.06382979,0.0,0,0,0,0,0
59525,0,0,-0.11896163,0.47029465,0,0,unassigned,24.0,24.0,0.0,1.0,0.0,0.0,0.04255319,0.0,0,0,1,0,0
59526,0,1,-0.6618122,0.34033266,0,0,unassigned,75.0,72.0,3.0,0.96,0.04,0.04000002,0.14119923,0.005647969,1,0,1,0,0
59527,-1,0,0.03335172,0.50833714,1,1,unassigned,24.0,24.0,0.0,1.0,0.0,0.0,0.04255319,0.0,0,0,0,1,0
59528,-1,0,-0.25180268,0.43737987,0,1,unassigned,17.0,17.0,0.0,1.0,0.0,0.0,0.029013539,0.0,0,0,0,0,0
59529,1,0,-0.12476957,0.46884802,0,1,val,49.0,49.0,0.0,1.0,0.0,0.0,0.09090909,0.0,0,0,0,0,0
59530,-1,1,-0.7047536,0.33075917,0,1,unassigned,107.0,99.0,8.0,0.92523366,0.07476635,0.07476634,0.20309478,0.015184656,1,0,0,0,0
59531,-1,1,1.6518722,0.83914393,1,1,unassigned,55.0,50.0,5.0,0.90909094,0.09090909,0.090909064,0.102514505,0.009319501,1,0,0,1,0
59532,-1,0,-0.2989624,0.42581117,0,1,unassigned,34.0,34.0,0.0,1.0,0.0,0.0,0.061895553,0.0,0,0,0,0,0
59533,-1,1,-0.68735033,0.33462277,0,1,unassigned,40.0,40.0,0.0,1.0,0.0,0.0,0.07350097,0.0,1,0,0,0,0
59534,-1,0,4.47259,0.9887111,1,1,unassigned,2.0,2.0,0.0,1.0,0.0,0.0,0.0,0.0,0,0,0,1,1
59535,-1,0,1.1448183,0.75856316,1,1,unassigned,20.0,19.0,1.0,0.95,0.05,0.050000012,0.034816246,0.0017408123,0,0,0,1,0
59536,-1,0,3.3709157,0.9667831,1,1,unassigned,8.0,8.0,0.0,1.0,0.0,0.0,0.0116054155,0.0,0,0,0,1,1
59537,-1,0,3.0418918,0.9544312,1,1,unassigned,24.0,23.0,1.0,0.9583333,0.041666668,0.041666687,0.04255319,0.0017730496,0,0,0,1,1
59538,-1,1,0.0104907155,0.50262266,1,1,unassigned,3.0,3.0,0.0,1.0,0.0,0.0,0.001934236,0.0,1,0,0,1,0
59539,-1,1,7.630096,0.9995146,1,1,unassigned,2.0,2.0,0.0,1.0,0.0,0.0,0.0,0.0,1,0,0,1,1
59540,-1,1,-0.84252286,0.30100372,0,1,unassigned,21.0,21.0,0.0,1.0,0.0,0.0,0.036750484,0.0,1,0,0,0,0
59541,-1,0,-0.39388043,0.4027835,0,1,unassigned,2.0,2.0,0.0,1.0,0.0,0.0,0.0,0.0,0,0,0,0,0
59542,-1,0,-0.85800874,0.29775554,0,1,unassigned,7.0,7.0,0.0,1.0,0.0,0.0,0.00967118,0.0,0,0,0,0,0
59543,-1,1,1.006993,0.7324313,1,1,unassigned,2.0,2.0,0.0,1.0,0.0,0.0,0.0,0.0,1,0,0,1,0
59544,-1,0,-0.0125235915,0.49686915,0,1,unassigned,5.0,5.0,0.0,1.0,0.0,0.0,0.0058027077,0.0,0,0,0,0,0
59545,-1,1,-0.4799605,0.38226143,0,1,unassigned,40.0,40.0,0.0,1.0,0.0,0.0,0.07350097,0.0,1,0,0,0,0
59546,-1,0,-0.50706595,0.37588158,0,1,unassigned,7.0,7.0,0.0,1.0,0.0,0.0,0.00967118,0.0,0,0,0,0,0
59547,1,0,-0.681671,0.33588845,0,1,unassigned,2.0,2.0,0.0,1.0,0.0,0.0,0.0,0.0,0,0,0,0,0
59548,-1,1,-0.3928666,0.40302742,0,1,unassigned,109.0,109.0,0.0,1.0,0.0,0.0,0.20696326,0.0,1,0,0,0,0
59549,0,0,-0.65014833,0.34295613,0,0,val,2.0,2.0,0.0,1.0,0.0,0.0,0.0,0.0,0,0,1,0,0
59550,-1,0,-0.47505534,0.3834204,0,1,unassigned,4.0,4.0,0.0,1.0,0.0,0.0,0.003868472,0.0,0,0,0,0,0
59551,-1,1,-0.39551312,0.40239084,0,1,unassigned,20.0,18.0,2.0,0.9,0.1,0.100000024,0.034816246,0.0034816246,1,0,0,0,0
59552,-1,0,4.4422855,0.98836786,1,1,unassigned,3.0,3.0,0.0,1.0,0.0,0.0,0.001934236,0.0,0,0,0,1,1
59553,-1,1,-0.7327665,0.3245879,0,1,unassigned,65.0,64.0,1.0,0.9846154,0.015384615,0.0153846145,0.12185687,0.001874721,1,0,0,0,0
59554,-1,0,2.4650915,0.92165804,1,1,unassigned,6.0,4.0,2.0,0.6666667,0.33333334,0.3333333,0.007736944,0.0025789815,0,0,0,1,1
59555,-1,1,-0.8675175,0.29577112,0,1,unassigned,50.0,50.0,0.0,1.0,0.0,0.0,0.092843324,0.0,1,0,0,0,0
59556,-1,0,0.37208766,0.5919633,1,1,unassigned,4.0,4.0,0.0,1.0,0.0,0.0,0.003868472,0.0,0,0,0,1,0
59557,-1,0,-0.49079737,0.37970573,0,1,unassigned,9.0,9.0,0.0,1.0,0.0,0.0,0.013539651,0.0,0,0,0,0,0
59558,-1,0,-0.3833779,0.40531245,0,1,unassigned,7.0,7.0,0.0,1.0,0.0,0.0,0.00967118,0.0,0,0,0,0,0
59559,-1,1,-0.53985286,0.3682218,0,1,unassigned,14.0,14.0,0.0,1.0,0.0,0.0,0.023210831,0.0,1,0,0,0,0
59560,-1,1,-0.30585572,0.42412663,0,1,unassigned,33.0,33.0,0.0,1.0,0.0,0.0,0.059961315,0.0,1,0,0,0,0
59561,-1,1,-0.18190849,0.45464787,0,1,unassigned,8.0,8.0,0.0,1.0,0.0,0.0,0.0116054155,0.0,1,0,0,0,0
59562,1,1,-0.25031716,0.4377454,0,1,test,5.0,5.0,0.0,1.0,0.0,0.0,0.0058027077,0.0,1,0,0,0,0
59563,-1,0,0.16279727,0.54060966,1,1,unassigned,14.0,14.0,0.0,1.0,0.0,0.0,0.023210831,0.0,0,0,0,1,0
59564,1,1,0.19158357,0.54774994,1,0,test,5.0,5.0,0.0,1.0,0.0,0.0,0.0058027077,0.0,1,0,1,1,0
59565,-1,0,1.5826817,0.829584,1,1,unassigned,10.0,7.0,3.0,0.7,0.3,0.3,0.015473888,0.0046421667,0,0,0,1,0
59566,0,1,0.1127007,0.5281454,1,1,test,18.0,18.0,0.0,1.0,0.0,0.0,0.030947777,0.0,1,0,0,1,0
59567,1,1,-0.33776098,0.41635346,0,1,val,29.0,28.0,1.0,0.9655172,0.03448276,0.034482777,0.05222437,0.0018008404,1,0,0,0,0
59568,-1,0,4.9162364,0.9927267,1,1,unassigned,5.0,5.0,0.0,1.0,0.0,0.0,0.0058027077,0.0,0,0,0,1,1
59569,-1,1,0.60741025,0.64734983,1,1,unassigned,2.0,1.0,1.0,0.5,0.5,0.5,0.0,0.0,1,0,0,1,0
59570,-1,1,0.17911881,0.54466033,1,1,unassigned,6.0,6.0,0.0,1.0,0.0,0.0,0.007736944,0.0,1,0,0,1,0
59571,-1,0,-0.118744135,0.4703488,0,1,unassigned,25.0,25.0,0.0,1.0,0.0,0.0,0.044487428,0.0,0,0,0,0,0
59572,-1,0,-0.32189393,0.42021427,0,1,unassigned,8.0,8.0,0.0,1.0,0.0,0.0,0.0116054155,0.0,0,0,0,0,0
59573,-1,0,-0.5381709,0.36861315,0,1,unassigned,12.0,11.0,1.0,0.9166667,0.083333336,0.08333331,0.01934236,0.0016118633,0,0,0,0,0
59574,-1,0,-0.47226632,0.38408,0,1,unassigned,2.0,2.0,0.0,1.0,0.0,0.0,0.0,0.0,0,0,0,0,0
59575,-1,0,9.159182,0.99989474,1,1,unassigned,4.0,4.0,0.0,1.0,0.0,0.0,0.003868472,0.0,0,0,0,1,1
59576,-1,0,3.9479096,0.9810703,1,1,unassigned,8.0,7.0,1.0,0.875,0.125,0.125,0.0116054155,0.0014506769,0,0,0,1,1
59577,-1,1,-0.10916549,0.4727357,0,1,unassigned,17.0,17.0,0.0,1.0,0.0,0.0,0.029013539,0.0,1,0,0,0,0
59578,-1,1,-0.02971667,0.49257132,0,1,unassigned,26.0,25.0,1.0,0.96153843,0.03846154,0.038461566,0.046421662,0.0017854486,1,0,0,0,0
59579,0,1,-0.39449808,0.40263498,0,0,unassigned,79.0,79.0,0.0,1.0,0.0,0.0,0.14893617,0.0,1,0,1,0,0
59580,-1,1,-0.4749922,0.38343534,0,1,unassigned,124.0,119.0,5.0,0.9596774,0.04032258,0.0403226,0.23597679,0.009515192,1,0,0,0,0
59581,-1,1,-0.88868725,0.2913808,0,1,unassigned,58.0,57.0,1.0,0.98275864,0.01724138,0.017241359,0.10831721,0.0018675381,1,0,0,0,0
59582,-1,1,-0.6482491,0.3433842,0,1,unassigned,53.0,52.0,1.0,0.9811321,0.018867925,0.01886791,0.09864604,0.0018612461,1,0,0,0,0
59583,-1,1,-0.1291559,0.46775585,0,1,unassigned,23.0,22.0,1.0,0.95652175,0.04347826,0.04347825,0.040618956,0.0017660416,1,0,0,0,0
59584,-1,0,4.560136,0.9896477,1,1,unassigned,7.0,7.0,0.0,1.0,0.0,0.0,0.00967118,0.0,0,0,0,1,1
59585,-1,0,-0.030893564,0.49227718,0,1,unassigned,2.0,2.0,0.0,1.0,0.0,0.0,0.0,0.0,0,0,0,0,0
59586,-1,1,-0.08408505,0.47899112,0,1,unassigned,17.0,17.0,0.0,1.0,0.0,0.0,0.029013539,0.0,1,0,0,0,0
59587,-1,0,-0.45006266,0.38934588,0,1,unassigned,18.0,18.0,0.0,1.0,0.0,0.0,0.030947777,0.0,0,0,0,0,0
59588,-1,1,3.8163927,0.97846687,1,1,unassigned,2.0,1.0,1.0,0.5,0.5,0.5,0.0,0.0,1,0,0,1,1
59589,1,0,5.2268815,0.9946584,1,0,test,12.0,12.0,0.0,1.0,0.0,0.0,0.01934236,0.0,0,0,1,1,1
59590,-1,0,3.9155476,0.9804598,1,1,unassigned,9.0,9.0,0.0,1.0,0.0,0.0,0.013539651,0.0,0,0,0,1,1
59591,1,0,2.8660948,0.9461447,1,0,test,8.0,8.0,0.0,1.0,0.0,0.0,0.0116054155,0.0,0,0,1,1,1
59592,-1,0,3.6252983,0.9740502,1,1,unassigned,4.0,4.0,0.0,1.0,0.0,0.0,0.003868472,0.0,0,0,0,1,1
59593,-1,1,-0.15936899,0.46024188,0,1,unassigned,41.0,38.0,3.0,0.9268293,0.07317073,0.07317072,0.07543521,0.005519649,1,0,0,0,0
59594,-1,0,-0.7841297,0.31343055,0,1,unassigned,2.0,2.0,0.0,1.0,0.0,0.0,0.0,0.0,0,0,0,0,0
59595,-1,0,4.13145,0.98419434,1,1,unassigned,3.0,2.0,1.0,0.6666667,0.33333334,0.3333333,0.001934236,0.00064474536,0,0,0,1,1
59596,-1,0,2.7397206,0.93933016,1,1,unassigned,10.0,8.0,2.0,0.8,0.2,0.19999999,0.015473888,0.0030947777,0,0,0,1,1
59597,-1,0,0.60673624,0.64719594,1,1,unassigned,21.0,21.0,0.0,1.0,0.0,0.0,0.036750484,0.0,0,0,0,1,0
59598,-1,0,3.9743435,0.9815549,1,1,unassigned,2.0,2.0,0.0,1.0,0.0,0.0,0.0,0.0,0,0,0,1,1
59599,-1,0,2.2869055,0.9077868,1,1,unassigned,2.0,2.0,0.0,1.0,0.0,0.0,0.0,0.0,0,0,0,1,1
59600,-1,0,-0.6759858,0.33715782,0,1,unassigned,6.0,6.0,0.0,1.0,0.0,0.0,0.007736944,0.0,0,0,0,0,0
59601,-1,0,0.12969428,0.5323782,1,1,unassigned,3.0,3.0,0.0,1.0,0.0,0.0,0.001934236,0.0,0,0,0,1,0
59602,-1,0,-0.5808194,0.35874406,0,1,unassigned,51.0,48.0,3.0,0.9411765,0.05882353,0.058823526,0.09477756,0.0055751507,0,0,0,0,0
59603,-1,0,3.2121165,0.96128774,1,1,unassigned,14.0,10.0,4.0,0.71428573,0.2857143,0.28571427,0.023210831,0.0066316663,0,0,0,1,1
59604,-1,0,-0.756158,0.319481,0,1,unassigned,6.0,6.0,0.0,1.0,0.0,0.0,0.007736944,0.0,0,0,0,0,0
59605,-1,0,-0.5319993,0.37005073,0,1,unassigned,4.0,4.0,0.0,1.0,0.0,0.0,0.003868472,0.0,0,0,0,0,0
59606,-1,0,1.2606783,0.77914286,1,1,unassigned,3.0,3.0,0.0,1.0,0.0,0.0,0.001934236,0.0,0,0,0,1,0
59607,-1,0,5.127545,0.99410385,1,1,unassigned,11.0,9.0,2.0,0.8181818,0.18181819,0.18181819,0.017408123,0.0031651135,0,0,0,1,1
59608,-1,0,0.6078748,0.6474559,1,1,unassigned,2.0,2.0,0.0,1.0,0.0,0.0,0.0,0.0,0,0,0,1,0
59609,-1,0,1.2462771,0.7766547,1,1,unassigned,4.0,4.0,0.0,1.0,0.0,0.0,0.003868472,0.0,0,0,0,1,0
59610,-1,1,3.0269377,0.95377636,1,1,unassigned,15.0,13.0,2.0,0.8666667,0.13333334,0.13333333,0.025145067,0.0033526758,1,0,0,1,1
59611,1,0,-0.43536884,0.392845,0,1,val,16.0,16.0,0.0,1.0,0.0,0.0,0.027079303,0.0,0,0,0,0,0
59612,0,0,-0.44230223,0.39119253,0,0,test,35.0,35.0,0.0,1.0,0.0,0.0,0.06382979,0.0,0,0,1,0,0
59613,-1,0,0.8221217,0.69468653,1,1,unassigned,2.0,2.0,0.0,1.0,0.0,0.0,0.0,0.0,0,0,0,1,0
59614,-1,0,-0.28600714,0.4289817,0,1,unassigned,25.0,24.0,1.0,0.96,0.04,0.04000002,0.044487428,0.001779497,0,0,0,0,0
59615,1,1,1.8683653,0.86626905,1,0,unassigned,9.0,1.0,8.0,0.11111111,0.8888889,0.8888889,0.013539651,0.012035246,1,1,1,1,0
59616,-1,1,4.0017486,0.9820447,1,1,unassigned,5.0,4.0,1.0,0.8,0.2,0.19999999,0.0058027077,0.0011605415,1,0,0,1,1
59617,0,1,1.8443825,0.8634662,1,1,test,26.0,26.0,0.0,1.0,0.0,0.0,0.046421662,0.0,1,0,0,1,0
59618,1,1,0.6614428,0.6595844,1,0,unassigned,7.0,7.0,0.0,1.0,0.0,0.0,0.00967118,0.0,1,0,1,1,0
59619,-1,1,-0.94956684,0.27897194,0,1,unassigned,3.0,3.0,0.0,1.0,0.0,0.0,0.001934236,0.0,1,0,0,0,0
59620,-1,1,6.103786,0.99777067,1,1,unassigned,8.0,8.0,0.0,1.0,0.0,0.0,0.0116054155,0.0,1,0,0,1,1
59621,-1,1,1.8120759,0.8596125,1,1,unassigned,7.0,4.0,3.0,0.5714286,0.42857143,0.4285714,0.00967118,0.0041447915,1,0,0,1,0
59622,-1,1,0.005607426,0.50140184,1,1,unassigned,39.0,38.0,1.0,0.974359,0.025641026,0.025641024,0.07156673,0.0018350444,1,0,0,1,0
59623,-1,0,0.05794257,0.5144816,1,1,unassigned,2.0,2.0,0.0,1.0,0.0,0.0,0.0,0.0,0,0,0,1,0
59624,-1,1,6.303637,0.9981737,1,1,unassigned,2.0,1.0,1.0,0.5,0.5,0.5,0.0,0.0,1,0,0,1,1
59625,-1,0,-0.3385237,0.41616815,0,1,unassigned,2.0,2.0,0.0,1.0,0.0,0.0,0.0,0.0,0,0,0,0,0
59626,0,1,1.2815244,0.7827092,1,1,train,39.0,36.0,3.0,0.9230769,0.07692308,0.07692307,0.07156673,0.0055051334,1,0,0,1,0
59627,0,0,0.49741107,0.6218507,1,1,unassigned,5.0,1.0,4.0,0.2,0.8,0.8,0.0058027077,0.004642166,0,0,0,1,0
59628,-1,1,-0.81137526,0.30759752,0,1,unassigned,141.0,138.0,3.0,0.9787234,0.021276595,0.021276593,0.2688588,0.0057204,1,0,0,0,0
59629,-1,1,0.34650844,0.5857706,1,1,unassigned,31.0,28.0,3.0,0.9032258,0.09677419,0.09677422,0.056092843,0.0054283394,1,0,0,1,0
59630,-1,1,-0.28857177,0.42835355,0,1,unassigned,3.0,3.0,0.0,1.0,0.0,0.0,0.001934236,0.0,1,0,0,0,0
59631,-1,0,-0.25027138,0.4377567,0,1,unassigned,3.0,3.0,0.0,1.0,0.0,0.0,0.001934236,0.0,0,0,0,0,0
59632,-1,0,1.1049359,0.7511838,1,1,unassigned,2.0,2.0,0.0,1.0,0.0,0.0,0.0,0.0,0,0,0,1,0
59633,-1,1,-0.79033566,0.3120966,0,1,unassigned,19.0,19.0,0.0,1.0,0.0,0.0,0.032882012,0.0,1,0,0,0,0
59634,-1,1,-0.8989394,0.2892685,0,1,unassigned,37.0,37.0,0.0,1.0,0.0,0.0,0.06769826,0.0,1,0,0,0,0
59635,-1,0,15.478302,0.99999976,1,1,unassigned,2.0,2.0,0.0,1.0,0.0,0.0,0.0,0.0,0,0,0,1,1
59636,-1,0,2.7137334,0.9378322,1,1,unassigned,4.0,4.0,0.0,1.0,0.0,0.0,0.003868472,0.0,0,0,0,1,1
59637,1,0,8.612843,0.99981827,1,0,val,4.0,3.0,1.0,0.75,0.25,0.25,0.003868472,0.000967118,0,0,1,1,1
59638,-1,1,-0.6987397,0.33209172,0,1,unassigned,6.0,6.0,0.0,1.0,0.0,0.0,0.007736944,0.0,1,0,0,0,0
59639,0,0,-0.3204318,0.42057052,0,0,unassigned,8.0,6.0,2.0,0.75,0.25,0.25,0.0116054155,0.0029013539,0,0,1,0,0
59640,0,1,-0.8918834,0.2907213,0,0,unassigned,13.0,9.0,4.0,0.6923077,0.30769232,0.3076923,0.021276595,0.006546645,1,0,1,0,0
59641,1,1,-0.37905353,0.4063552,0,1,unassigned,10.0,10.0,0.0,1.0,0.0,0.0,0.015473888,0.0,1,0,0,0,0
59642,-1,0,-0.09651038,0.4758911,0,1,unassigned,3.0,3.0,0.0,1.0,0.0,0.0,0.001934236,0.0,0,0,0,0,0
59643,-1,1,-0.38912922,0.40392697,0,1,unassigned,28.0,27.0,1.0,0.96428573,0.035714287,0.03571427,0.050290134,0.0017960763,1,0,0,0,0
59644,-1,0,-0.22317272,0.44443724,0,1,unassigned,15.0,15.0,0.0,1.0,0.0,0.0,0.025145067,0.0,0,0,0,0,0
59645,-1,0,-0.9892827,0.27105376,0,1,unassigned,2.0,2.0,0.0,1.0,0.0,0.0,0.0,0.0,0,0,0,0,0
59646,-1,0,3.07924,0.9560283,1,1,unassigned,3.0,3.0,0.0,1.0,0.0,0.0,0.001934236,0.0,0,0,0,1,1
59647,-1,0,2.817668,0.9436232,1,1,unassigned,3.0,3.0,0.0,1.0,0.0,0.0,0.001934236,0.0,0,0,0,1,1
59648,-1,0,7.118907,0.999191,1,1,unassigned,49.0,47.0,2.0,0.9591837,0.040816326,0.040816307,0.09090909,0.0037105752,0,0,0,1,1
59649,-1,0,0.56197816,0.6369101,1,1,unassigned,23.0,22.0,1.0,0.95652175,0.04347826,0.04347825,0.040618956,0.0017660416,0,0,0,1,0
59650,-1,0,1.957411,0.87625253,1,1,unassigned,5.0,5.0,0.0,1.0,0.0,0.0,0.0058027077,0.0,0,0,0,1,0
59651,0,1,-0.98717356,0.2714707,0,0,unassigned,18.0,18.0,0.0,1.0,0.0,0.0,0.030947777,0.0,1,0,1,0,0
59652,-1,0,0.06620908,0.51654625,1,1,unassigned,7.0,7.0,0.0,1.0,0.0,0.0,0.00967118,0.0,0,0,0,1,0
59653,-1,0,-0.3063027,0.42401746,0,1,unassigned,14.0,14.0,0.0,1.0,0.0,0.0,0.023210831,0.0,0,0,0,0,0
59654,-1,0,-0.34295937,0.4150908,0,1,unassigned,57.0,56.0,1.0,0.98245615,0.01754386,0.017543852,0.10638298,0.0018663681,0,0,0,0,0
59655,0,0,0.0008972287,0.5002243,1,1,unassigned,114.0,111.0,3.0,0.9736842,0.02631579,0.026315808,0.21663442,0.005700906,0,0,0,1,0
59656,-1,0,0.7784515,0.68534625,1,1,unassigned,25.0,25.0,0.0,1.0,0.0,0.0,0.044487428,0.0,0,0,0,1,0
59657,1,0,-0.24972683,0.43789074,0,1,test,55.0,54.0,1.0,0.9818182,0.018181818,0.0181818,0.102514505,0.0018639,0,0,0,0,0
59658,-1,0,0.36445314,0.590118,1,1,unassigned,23.0,16.0,7.0,0.6956522,0.3043478,0.3043478,0.040618956,0.01236229,0,0,0,1,0
59659,-1,0,4.7147274e-05,0.5000118,1,1,unassigned,62.0,58.0,4.0,0.9354839,0.06451613,0.06451613,0.116054155,0.0074873646,0,0,0,1,0
59660,-1,0,-0.04044789,0.48988944,0,1,unassigned,3.0,3.0,0.0,1.0,0.0,0.0,0.001934236,0.0,0,0,0,0,0
59661,-1,1,-0.29735956,0.4262031,0,1,unassigned,11.0,10.0,1.0,0.90909094,0.09090909,0.090909064,0.017408123,0.0015825568,1,0,0,0,0
59662,-1,1,-0.37734026,0.40676856,0,1,unassigned,3.0,3.0,0.0,1.0,0.0,0.0,0.001934236,0.0,1,0,0,0,0
59663,-1,0,-0.36205888,0.41046125,0,1,unassigned,2.0,2.0,0.0,1.0,0.0,0.0,0.0,0.0,0,0,0,0,0
59664,-1,0,0.72541624,0.6737986,1,1,unassigned,8.0,8.0,0.0,1.0,0.0,0.0,0.0116054155,0.0,0,0,0,1,0
59665,-1,1,0.519968,0.6271403,1,1,unassigned,3.0,3.0,0.0,1.0,0.0,0.0,0.001934236,0.0,1,0,0,1,0
59666,-1,0,-0.45360932,0.38850296,0,1,unassigned,5.0,5.0,0.0,1.0,0.0,0.0,0.0058027077,0.0,0,0,0,0,0
59667,-1,1,11.92342,0.9999933,1,1,unassigned,3.0,2.0,1.0,0.6666667,0.33333334,0.3333333,0.001934236,0.00064474536,1,0,0,1,1
59668,-1,1,-0.104117334,0.47399414,0,1,unassigned,3.0,2.0,1.0,0.6666667,0.33333334,0.3333333,0.001934236,0.00064474536,1,0,0,0,0
59669,0,1,-0.5220939,0.37236273,0,0,val,42.0,41.0,1.0,0.97619045,0.023809524,0.023809552,0.07736944,0.0018421295,1,0,1,0,0
59670,-1,0,-0.120575786,0.46989253,0,1,unassigned,3.0,3.0,0.0,1.0,0.0,0.0,0.001934236,0.0,0,0,0,0,0
59671,-1,0,2.729943,0.9387706,1,1,unassigned,5.0,4.0,1.0,0.8,0.2,0.19999999,0.0058027077,0.0011605415,0,0,0,1,1
59672,-1,0,1.4531372,0.8104808,1,1,unassigned,3.0,2.0,1.0,0.6666667,0.33333334,0.3333333,0.001934236,0.00064474536,0,0,0,1,0
59673,1,0,-0.08864516,0.4778532,0,1,unassigned,11.0,11.0,0.0,1.0,0.0,0.0,0.017408123,0.0,0,0,0,0,0
59674,-1,1,3.4411538,0.96896625,1,1,unassigned,18.0,18.0,0.0,1.0,0.0,0.0,0.030947777,0.0,1,0,0,1,1
59675,-1,0,2.0221722,0.88310546,1,1,unassigned,3.0,2.0,1.0,0.6666667,0.33333334,0.3333333,0.001934236,0.00064474536,0,0,0,1,0
59676,-1,1,0.1072399,0.5267843,1,1,unassigned,42.0,21.0,21.0,0.5,0.5,0.5,0.07736944,0.03868472,1,0,0,1,0
59677,-1,0,0.12630904,0.5315353,1,1,unassigned,6.0,5.0,1.0,0.8333333,0.16666667,0.16666669,0.007736944,0.0012894907,0,0,0,1,0
59678,-1,1,0.93407875,0.71790206,1,1,unassigned,7.0,7.0,0.0,1.0,0.0,0.0,0.00967118,0.0,1,0,0,1,0
59679,-1,0,-0.25680897,0.43614832,0,1,unassigned,2.0,2.0,0.0,1.0,0.0,0.0,0.0,0.0,0,0,0,0,0
59680,-1,1,-0.6402791,0.34518343,0,1,unassigned,12.0,9.0,3.0,0.75,0.25,0.25,0.01934236,0.00483559,1,0,0,0,0
59681,-1,0,0.07922095,0.5197949,1,1,unassigned,16.0,16.0,0.0,1.0,0.0,0.0,0.027079303,0.0,0,0,0,1,0
59682,-1,0,-0.31554112,0.42176282,0,1,unassigned,9.0,9.0,0.0,1.0,0.0,0.0,0.013539651,0.0,0,0,0,0,0
59683,-1,0,4.144692,0.98439896,1,1,unassigned,2.0,2.0,0.0,1.0,0.0,0.0,0.0,0.0,0,0,0,1,1
59684,-1,0,3.5009096,0.9707136,1,1,unassigned,2.0,2.0,0.0,1.0,0.0,0.0,0.0,0.0,0,0,0,1,1
59685,-1,0,-0.54672945,0.36662355,0,1,unassigned,5.0,5.0,0.0,1.0,0.0,0.0,0.0058027077,0.0,0,0,0,0,0
59686,0,0,0.049684644,0.51241857,1,1,val,25.0,25.0,0.0,1.0,0.0,0.0,0.044487428,0.0,0,0,0,1,0
59687,-1,1,-0.67465293,0.33745575,0,1,unassigned,23.0,23.0,0.0,1.0,0.0,0.0,0.040618956,0.0,1,0,0,0,0
59688,-1,1,-0.38904977,0.4039461,0,1,unassigned,2.0,2.0,0.0,1.0,0.0,0.0,0.0,0.0,1,0,0,0,0
59689,-1,1,3.3462546,0.965982,1,1,unassigned,4.0,2.0,2.0,0.5,0.5,0.5,0.003868472,0.001934236,1,0,0,1,1
59690,-1,1,-0.099651754,0.4751077,0,1,unassigned,2.0,2.0,0.0,1.0,0.0,0.0,0.0,0.0,1,0,0,0,0
59691,-1,0,1.2021267,0.76890296,1,1,unassigned,9.0,9.0,0.0,1.0,0.0,0.0,0.013539651,0.0,0,0,0,1,0
59692,-1,0,0.1123448,0.5280567,1,1,unassigned,5.0,5.0,0.0,1.0,0.0,0.0,0.0058027077,0.0,0,0,0,1,0
59693,-1,0,-0.39288235,0.40302363,0,1,unassigned,8.0,8.0,0.0,1.0,0.0,0.0,0.0116054155,0.0,0,0,0,0,0
59694,-1,1,1.2689784,0.7805678,1,1,unassigned,15.0,15.0,0.0,1.0,0.0,0.0,0.025145067,0.0,1,0,0,1,0
59695,1,1,2.6220872,0.93226963,1,0,unassigned,5.0,4.0,1.0,0.8,0.2,0.19999999,0.0058027077,0.0011605415,1,0,1,1,1
59696,-1,0,-0.17832235,0.4555372,0,1,unassigned,15.0,14.0,1.0,0.93333334,0.06666667,0.06666666,0.025145067,0.0016763379,0,0,0,0,0
59697,0,0,-0.014519513,0.49637017,0,0,unassigned,74.0,74.0,0.0,1.0,0.0,0.0,0.13926499,0.0,0,0,1,0,0
59698,-1,0,-0.4000977,0.40128887,0,1,unassigned,2.0,2.0,0.0,1.0,0.0,0.0,0.0,0.0,0,0,0,0,0
59699,0,0,-0.059487045,0.48513258,0,0,test,43.0,43.0,0.0,1.0,0.0,0.0,0.079303674,0.0,0,0,1,0,0
59700,-1,0,0.058478177,0.51461536,1,1,unassigned,5.0,5.0,0.0,1.0,0.0,0.0,0.0058027077,0.0,0,0,0,1,0
59701,-1,0,0.27923208,0.56935793,1,1,unassigned,12.0,10.0,2.0,0.8333333,0.16666667,0.16666669,0.01934236,0.0032237265,0,0,0,1,0
59702,-1,1,-0.3349017,0.41704848,0,1,unassigned,38.0,36.0,2.0,0.94736844,0.05263158,0.052631557,0.06963249,0.0036648682,1,0,0,0,0
59703,-1,0,4.4636426,0.9886109,1,1,unassigned,28.0,24.0,4.0,0.85714287,0.14285715,0.14285713,0.050290134,0.007184305,0,0,0,1,1
59704,-1,0,1.9540942,0.8758924,1,1,unassigned,12.0,11.0,1.0,0.9166667,0.083333336,0.08333331,0.01934236,0.0016118633,0,0,0,1,0
59705,-1,0,6.320266,0.99820375,1,1,unassigned,27.0,26.0,1.0,0.962963,0.037037037,0.037037015,0.0483559,0.0017909593,0,0,0,1,1
59706,-1,1,2.001106,0.88091314,1,1,unassigned,7.0,6.0,1.0,0.85714287,0.14285715,0.14285713,0.00967118,0.0013815971,1,0,0,1,0
59707,-1,1,3.3953075,0.96755755,1,1,unassigned,5.0,5.0,0.0,1.0,0.0,0.0,0.0058027077,0.0,1,0,0,1,1
59708,-1,1,5.122212,0.9940725,1,1,unassigned,6.0,6.0,0.0,1.0,0.0,0.0,0.007736944,0.0,1,0,0,1,1
59709,-1,0,8.319912,0.9997564,1,1,unassigned,2.0,2.0,0.0,1.0,0.0,0.0,0.0,0.0,0,0,0,1,1
59710,-1,1,2.3409522,0.9122123,1,1,unassigned,12.0,11.0,1.0,0.9166667,0.083333336,0.08333331,0.01934236,0.0016118633,1,0,0,1,1
59711,-1,0,-0.23238963,0.44216263,0,1,unassigned,2.0,2.0,0.0,1.0,0.0,0.0,0.0,0.0,0,0,0,0,0
59712,-1,1,-0.41603744,0.39746535,0,1,unassigned,9.0,8.0,1.0,0.8888889,0.11111111,0.111111104,0.013539651,0.0015044058,1,0,0,0,0
59713,-1,1,-0.13438565,0.46645406,0,1,unassigned,22.0,18.0,4.0,0.8181818,0.18181819,0.18181819,0.03868472,0.0070335856,1,0,0,0,0
59714,-1,1,2.435386,0.9194861,1,1,unassigned,2.0,2.0,0.0,1.0,0.0,0.0,0.0,0.0,1,0,0,1,1
59715,-1,0,-0.08184242,0.4795508,0,1,unassigned,2.0,2.0,0.0,1.0,0.0,0.0,0.0,0.0,0,0,0,0,0
59716,-1,1,0.69296604,0.6666264,1,1,unassigned,50.0,50.0,0.0,1.0,0.0,0.0,0.092843324,0.0,1,0,0,1,0
59717,0,0,0.3302915,0.58183026,1,1,test,8.0,8.0,0.0,1.0,0.0,0.0,0.0116054155,0.0,0,0,0,1,0
59718,-1,0,5.7847714,0.99693537,1,1,unassigned,10.0,8.0,2.0,0.8,0.2,0.19999999,0.015473888,0.0030947777,0,0,0,1,1
59719,-1,1,-0.56405145,0.36261055,0,1,unassigned,23.0,21.0,2.0,0.9130435,0.08695652,0.0869565,0.040618956,0.0035320832,1,0,0,0,0
59720,-1,0,-0.14714715,0.46327943,0,1,unassigned,7.0,6.0,1.0,0.85714287,0.14285715,0.14285713,0.00967118,0.0013815971,0,0,0,0,0
59721,-1,0,0.08403659,0.5209968,1,1,unassigned,20.0,19.0,1.0,0.95,0.05,0.050000012,0.034816246,0.0017408123,0,0,0,1,0
59722,-1,0,-0.40028057,0.40124494,0,1,unassigned,40.0,40.0,0.0,1.0,0.0,0.0,0.07350097,0.0,0,0,0,0,0
59723,-1,1,-0.15996921,0.46009275,0,1,unassigned,70.0,70.0,0.0,1.0,0.0,0.0,0.13152805,0.0,1,0,0,0,0
59724,-1,0,-0.36609533,0.40948483,0,1,unassigned,30.0,28.0,2.0,0.93333334,0.06666667,0.06666666,0.054158606,0.003610574,0,0,0,0,0
59725,-1,1,-0.48284683,0.38158008,0,1,unassigned,106.0,105.0,1.0,0.990566,0.009433962,0.009433985,0.20116054,0.0018977409,1,0,0,0,0
59726,1,0,1.2892797,0.7840253,1,0,unassigned,5.0,5.0,0.0,1.0,0.0,0.0,0.0058027077,0.0,0,0,1,1,0
59727,-1,0,5.4654646,0.99578744,1,1,unassigned,2.0,2.0,0.0,1.0,0.0,0.0,0.0,0.0,0,0,0,1,1
59728,-1,1,-0.032000422,0.49200058,0,1,unassigned,11.0,10.0,1.0,0.90909094,0.09090909,0.090909064,0.017408123,0.0015825568,1,0,0,0,0
59729,-1,1,2.051047,0.88605344,1,1,unassigned,13.0,13.0,0.0,1.0,0.0,0.0,0.021276595,0.0,1,0,0,1,0
59730,-1,1,-0.7806226,0.3141857,0,1,unassigned,27.0,27.0,0.0,1.0,0.0,0.0,0.0483559,0.0,1,0,0,0,0
59731,-1,0,-0.016379774,0.49590513,0,1,unassigned,20.0,20.0,0.0,1.0,0.0,0.0,0.034816246,0.0,0,0,0,0,0
59732,1,1,0.17830962,0.54445964,1,0,unassigned,5.0,4.0,1.0,0.8,0.2,0.19999999,0.0058027077,0.0011605415,1,0,1,1,0
59733,-1,0,1.544946,0.8241826,1,1,unassigned,29.0,28.0,1.0,0.9655172,0.03448276,0.034482777,0.05222437,0.0018008404,0,0,0,1,0
59734,0,0,-0.14914715,0.46278217,0,0,val,3.0,3.0,0.0,1.0,0.0,0.0,0.001934236,0.0,0,0,1,0,0
59735,-1,0,3.617276,0.9738467,1,1,unassigned,4.0,4.0,0.0,1.0,0.0,0.0,0.003868472,0.0,0,0,0,1,1
59736,-1,1,5.886032,0.99722975,1,1,unassigned,3.0,2.0,1.0,0.6666667,0.33333334,0.3333333,0.001934236,0.00064474536,1,0,0,1,1
59737,-1,0,9.407661,0.99991786,1,1,unassigned,4.0,3.0,1.0,0.75,0.25,0.25,0.003868472,0.000967118,0,0,0,1,1
59738,-1,0,1.484904,0.81531215,1,1,unassigned,3.0,3.0,0.0,1.0,0.0,0.0,0.001934236,0.0,0,0,0,1,0
59739,1,1,3.3616319,0.9664837,1,0,unassigned,11.0,11.0,0.0,1.0,0.0,0.0,0.017408123,0.0,1,0,1,1,1
59740,1,1,4.654162,0.990568,1,0,test,7.0,6.0,1.0,0.85714287,0.14285715,0.14285713,0.00967118,0.0013815971,1,0,1,1,1
59741,1,0,-0.25939918,0.4355114,0,1,unassigned,82.0,82.0,0.0,1.0,0.0,0.0,0.15473887,0.0,0,0,0,0,0
59742,-1,0,-0.44495732,0.39056036,0,1,unassigned,7.0,7.0,0.0,1.0,0.0,0.0,0.00967118,0.0,0,0,0,0,0
59743,-1,1,-0.24723238,0.43850484,0,1,unassigned,15.0,15.0,0.0,1.0,0.0,0.0,0.025145067,0.0,1,0,0,0,0
59744,-1,1,4.8369274,0.99213105,1,1,unassigned,7.0,7.0,0.0,1.0,0.0,0.0,0.00967118,0.0,1,0,0,1,1
59745,-1,0,1.1926575,0.767216,1,1,unassigned,11.0,11.0,0.0,1.0,0.0,0.0,0.017408123,0.0,0,0,0,1,0
59746,-1,1,-0.2196742,0.44530123,0,1,unassigned,4.0,4.0,0.0,1.0,0.0,0.0,0.003868472,0.0,1,0,0,0,0
59747,-1,0,-0.29985985,0.42559177,0,1,unassigned,5.0,5.0,0.0,1.0,0.0,0.0,0.0058027077,0.0,0,0,0,0,0
59748,1,0,2.426424,0.9188202,1,0,train,6.0,6.0,0.0,1.0,0.0,0.0,0.007736944,0.0,0,0,1,1,1
59749,-1,0,1.7853734,0.8563591,1,1,unassigned,2.0,2.0,0.0,1.0,0.0,0.0,0.0,0.0,0,0,0,1,0
59750,-1,0,-0.627609,0.3480529,0,1,unassigned,75.0,72.0,3.0,0.96,0.04,0.04000002,0.14119923,0.005647969,0,0,0,0,0
59751,-1,0,0.85841984,0.70233035,1,1,unassigned,27.0,27.0,0.0,1.0,0.0,0.0,0.0483559,0.0,0,0,0,1,0
59752,0,0,-0.53205496,0.37003773,0,0,unassigned,53.0,49.0,4.0,0.9245283,0.0754717,0.0754717,0.09864604,0.0074449843,0,0,1,0,0
59753,-1,0,-0.3622588,0.41041288,0,1,unassigned,25.0,25.0,0.0,1.0,0.0,0.0,0.044487428,0.0,0,0,0,0,0
59754,0,0,-0.42732334,0.39476568,0,0,val,36.0,34.0,2.0,0.9444444,0.055555556,0.055555582,0.065764025,0.003653557,0,0,1,0,0
59755,-1,1,0.9561661,0.7223536,1,1,unassigned,47.0,45.0,2.0,0.9574468,0.04255319,0.042553186,0.08704062,0.003703856,1,0,0,1,0
59756,-1,1,0.19744289,0.549201,1,1,unassigned,12.0,11.0,1.0,0.9166667,0.083333336,0.08333331,0.01934236,0.0016118633,1,0,0,1,0
59757,-1,0,0.22278464,0.5554669,1,1,unassigned,4.0,4.0,0.0,1.0,0.0,0.0,0.003868472,0.0,0,0,0,1,0
59758,0,0,-0.14002755,0.4650502,0,0,unassigned,27.0,26.0,1.0,0.962963,0.037037037,0.037037015,0.0483559,0.0017909593,0,0,1,0,0
59759,-1,0,1.3822484,0.7993519,1,1,unassigned,4.0,4.0,0.0,1.0,0.0,0.0,0.003868472,0.0,0,0,0,1,0
59760,1,0,5.4099917,0.99554825,1,0,unassigned,3.0,3.0,0.0,1.0,0.0,0.0,0.001934236,0.0,0,0,1,1,1
59761,-1,0,4.938212,0.99288356,1,1,unassigned,7.0,6.0,1.0,0.85714287,0.14285715,0.14285713,0.00967118,0.0013815971,0,0,0,1,1
59762,-1,1,2.1193726,0.8927719,1,1,unassigned,2.0,2.0,0.0,1.0,0.0,0.0,0.0,0.0,1,0,0,1,0
59763,-1,0,5.060771,0.9936993,1,1,unassigned,7.0,7.0,0.0,1.0,0.0,0.0,0.00967118,0.0,0,0,0,1,1
59764,-1,0,0.8216695,0.6945906,1,1,unassigned,3.0,3.0,0.0,1.0,0.0,0.0,0.001934236,0.0,0,0,0,1,0
59765,-1,0,-0.18422678,0.4540731,0,1,unassigned,9.0,9.0,0.0,1.0,0.0,0.0,0.013539651,0.0,0,0,0,0,0
59766,-1,1,-0.68378043,0.3354181,0,1,unassigned,56.0,54.0,2.0,0.96428573,0.035714287,0.03571427,0.10444874,0.0037303125,1,0,0,0,0
59767,-1,0,2.747017,0.93974465,1,1,unassigned,2.0,2.0,0.0,1.0,0.0,0.0,0.0,0.0,0,0,0,1,1
59768,-1,0,0.8846081,0.70777625,1,1,unassigned,3.0,3.0,0.0,1.0,0.0,0.0,0.001934236,0.0,0,0,0,1,0
59769,-1,0,7.0569463,0.9991393,1,1,unassigned,4.0,3.0,1.0,0.75,0.25,0.25,0.003868472,0.000967118,0,0,0,1,1
59770,0,0,0.13844615,0.5345564,1,1,unassigned,21.0,21.0,0.0,1.0,0.0,0.0,0.036750484,0.0,0,0,0,1,0
59771,-1,1,-0.7076988,0.33010754,0,1,unassigned,29.0,29.0,0.0,1.0,0.0,0.0,0.05222437,0.0,1,0,0,0,0
59772,-1,1,-0.7181425,0.32780215,0,1,unassigned,31.0,31.0,0.0,1.0,0.0,0.0,0.056092843,0.0,1,0,0,0,0
59773,0,1,-0.6741095,0.33757725,0,0,unassigned,95.0,93.0,2.0,0.97894734,0.021052632,0.021052659,0.17988394,0.0037870305,1,0,1,0,0
59774,-1,0,-0.19164813,0.45223412,0,1,unassigned,5.0,5.0,0.0,1.0,0.0,0.0,0.0058027077,0.0,0,0,0,0,0
59775,-1,0,2.7645333,0.94072896,1,1,unassigned,5.0,5.0,0.0,1.0,0.0,0.0,0.0058027077,0.0,0,0,0,1,1
59776,-1,1,1.8421524,0.86320305,1,1,unassigned,3.0,3.0,0.0,1.0,0.0,0.0,0.001934236,0.0,1,0,0,1,0
59777,-1,0,4.824947,0.99203694,1,1,unassigned,12.0,9.0,3.0,0.75,0.25,0.25,0.01934236,0.00483559,0,0,0,1,1
59778,-1,1,0.18644357,0.5464763,1,1,unassigned,2.0,2.0,0.0,1.0,0.0,0.0,0.0,0.0,1,0,0,1,0
59779,-1,0,-0.73284173,0.32457143,0,1,unassigned,47.0,46.0,1.0,0.9787234,0.021276595,0.021276593,0.08704062,0.001851928,0,0,0,0,0
59780,-1,0,-0.48678872,0.38065034,0,1,unassigned,2.0,2.0,0.0,1.0,0.0,0.0,0.0,0.0,0,0,0,0,0
59781,-1,0,-0.64163274,0.34487757,0,1,unassigned,13.0,13.0,0.0,1.0,0.0,0.0,0.021276595,0.0,0,0,0,0,0
59782,-1,1,0.25132412,0.5625024,1,1,unassigned,19.0,19.0,0.0,1.0,0.0,0.0,0.032882012,0.0,1,0,0,1,0
59783,-1,1,0.16260284,0.5405614,1,1,unassigned,30.0,29.0,1.0,0.96666664,0.033333335,0.03333336,0.054158606,0.001805287,1,0,0,1,0
59784,-1,1,0.044825017,0.51120436,1,1,unassigned,26.0,24.0,2.0,0.9230769,0.07692308,0.07692307,0.046421662,0.0035708973,1,0,0,1,0
59785,-1,0,1.0358183,0.7380423,1,1,unassigned,2.0,2.0,0.0,1.0,0.0,0.0,0.0,0.0,0,0,0,1,0
59786,-1,0,2.1805212,0.8984866,1,1,unassigned,15.0,14.0,1.0,0.93333334,0.06666667,0.06666666,0.025145067,0.0016763379,0,0,0,1,0
59787,-1,1,0.0684343,0.5171019,1,1,unassigned,16.0,14.0,2.0,0.875,0.125,0.125,0.027079303,0.0033849129,1,0,0,1,0
59788,-1,0,-0.45334235,0.38856637,0,1,unassigned,5.0,5.0,0.0,1.0,0.0,0.0,0.0058027077,0.0,0,0,0,0,0
59789,-1,0,-1.1057038,0.24867271,0,1,unassigned,2.0,2.0,0.0,1.0,0.0,0.0,0.0,0.0,0,0,0,0,0
59790,-1,1,8.624762,0.9998204,1,1,unassigned,5.0,4.0,1.0,0.8,0.2,0.19999999,0.0058027077,0.0011605415,1,0,0,1,1
59791,1,1,3.1376646,0.95842,1,0,unassigned,2.0,2.0,0.0,1.0,0.0,0.0,0.0,0.0,1,0,1,1,1
59792,-1,0,5.8896728,0.9972397,1,1,unassigned,3.0,3.0,0.0,1.0,0.0,0.0,0.001934236,0.0,0,0,0,1,1
59793,-1,1,-0.53317124,0.36977756,0,1,unassigned,41.0,36.0,5.0,0.8780488,0.12195122,0.12195122,0.07543521,0.009199415,1,0,0,0,0
59794,-1,0,6.868586,0.9989611,1,1,unassigned,2.0,2.0,0.0,1.0,0.0,0.0,0.0,0.0,0,0,0,1,1
59795,-1,0,-0.7097432,0.3296556,0,1,unassigned,29.0,29.0,0.0,1.0,0.0,0.0,0.05222437,0.0,0,0,0,0,0
59796,-1,0,1.5066862,0.8185696,1,1,unassigned,11.0,10.0,1.0,0.90909094,0.09090909,0.090909064,0.017408123,0.0015825568,0,0,0,1,0
59797,-1,0,2.0594378,0.88689774,1,1,unassigned,22.0,21.0,1.0,0.95454544,0.045454547,0.04545456,0.03868472,0.0017583964,0,0,0,1,0
59798,-1,0,2.1933033,0.8996465,1,1,unassigned,4.0,4.0,0.0,1.0,0.0,0.0,0.003868472,0.0,0,0,0,1,0
59799,-1,0,2.8949187,0.94759464,1,1,unassigned,6.0,6.0,0.0,1.0,0.0,0.0,0.007736944,0.0,0,0,0,1,1
59800,-1,0,-0.09723821,0.47570962,0,1,unassigned,4.0,4.0,0.0,1.0,0.0,0.0,0.003868472,0.0,0,0,0,0,0
59801,-1,1,14.255602,0.9999994,1,1,unassigned,22.0,19.0,3.0,0.8636364,0.13636364,0.13636363,0.03868472,0.005275189,1,0,0,1,1
59802,-1,1,7.0074883,0.9990958,1,1,unassigned,8.0,8.0,0.0,1.0,0.0,0.0,0.0116054155,0.0,1,0,0,1,1
59803,1,1,10.126287,0.99995995,1,0,val,28.0,26.0,2.0,0.9285714,0.071428575,0.0714286,0.050290134,0.0035921526,1,0,1,1,1
59804,0,0,0.55650765,0.6356441,1,1,unassigned,4.0,3.0,1.0,0.75,0.25,0.25,0.003868472,0.000967118,0,0,0,1,0
59805,-1,0,1.9133046,0.87139,1,1,unassigned,14.0,14.0,0.0,1.0,0.0,0.0,0.023210831,0.0,0,0,0,1,0
59806,-1,0,3.2719107,0.9634526,1,1,unassigned,6.0,5.0,1.0,0.8333333,0.16666667,0.16666669,0.007736944,0.0012894907,0,0,0,1,1
59807,-1,1,0.45359248,0.611493,1,1,unassigned,10.0,10.0,0.0,1.0,0.0,0.0,0.015473888,0.0,1,0,0,1,0
59808,-1,0,3.2294343,0.96192706,1,1,unassigned,2.0,2.0,0.0,1.0,0.0,0.0,0.0,0.0,0,0,0,1,1
59809,-1,0,-0.39165998,0.40331778,0,1,unassigned,10.0,10.0,0.0,1.0,0.0,0.0,0.015473888,0.0,0,0,0,0,0
59810,0,1,-0.52708566,0.37119687,0,0,unassigned,27.0,26.0,1.0,0.962963,0.037037037,0.037037015,0.0483559,0.0017909593,1,0,1,0,0
59811,-1,0,-0.2316004,0.44235733,0,1,unassigned,9.0,9.0,0.0,1.0,0.0,0.0,0.013539651,0.0,0,0,0,0,0
59812,-1,1,-0.36172333,0.41054246,0,1,unassigned,59.0,53.0,6.0,0.89830506,0.10169491,0.10169494,0.11025145,0.011212012,1,0,0,0,0
59813,-1,1,7.581838,0.9994906,1,1,unassigned,2.0,2.0,0.0,1.0,0.0,0.0,0.0,0.0,1,0,0,1,1
59814,-1,1,3.3853557,0.96724373,1,1,unassigned,8.0,8.0,0.0,1.0,0.0,0.0,0.0116054155,0.0,1,0,0,1,1
59815,-1,1,4.948152,0.9929535,1,1,unassigned,12.0,11.0,1.0,0.9166667,0.083333336,0.08333331,0.01934236,0.0016118633,1,0,0,1,1
59816,-1,1,6.3112664,0.9981876,1,1,unassigned,6.0,5.0,1.0,0.8333333,0.16666667,0.16666669,0.007736944,0.0012894907,1,0,0,1,1
59817,-1,0,5.1623397,0.99430436,1,1,unassigned,9.0,8.0,1.0,0.8888889,0.11111111,0.111111104,0.013539651,0.0015044058,0,0,0,1,1
59818,-1,0,9.182894,0.99989724,1,1,unassigned,7.0,7.0,0.0,1.0,0.0,0.0,0.00967118,0.0,0,0,0,1,1
59819,-1,1,5.595491,0.9962992,1,1,unassigned,6.0,6.0,0.0,1.0,0.0,0.0,0.007736944,0.0,1,0,0,1,1
59820,-1,0,1.8187416,0.86041504,1,1,unassigned,10.0,10.0,0.0,1.0,0.0,0.0,0.015473888,0.0,0,0,0,1,0
59821,1,1,6.4909587,0.99848527,1,0,unassigned,5.0,4.0,1.0,0.8,0.2,0.19999999,0.0058027077,0.0011605415,1,0,1,1,1
59822,1,0,16.089329,0.9999999,1,0,unassigned,12.0,6.0,6.0,0.5,0.5,0.5,0.01934236,0.00967118,0,0,1,1,1
59823,-1,1,9.930627,0.99995136,1,1,unassigned,3.0,2.0,1.0,0.6666667,0.33333334,0.3333333,0.001934236,0.00064474536,1,0,0,1,1
59824,-1,0,-0.09418064,0.47647223,0,1,unassigned,3.0,3.0,0.0,1.0,0.0,0.0,0.001934236,0.0,0,0,0,0,0
59825,-1,0,1.543854,0.82402426,1,1,unassigned,2.0,2.0,0.0,1.0,0.0,0.0,0.0,0.0,0,0,0,1,0
59826,-1,0,-0.20895842,0.44794965,0,1,unassigned,2.0,2.0,0.0,1.0,0.0,0.0,0.0,0.0,0,0,0,0,0
59827,-1,0,-0.32866833,0.41856468,0,1,unassigned,36.0,36.0,0.0,1.0,0.0,0.0,0.065764025,0.0,0,0,0,0,0
59828,-1,0,-0.27636567,0.43134502,0,1,unassigned,45.0,45.0,0.0,1.0,0.0,0.0,0.08317215,0.0,0,0,0,0,0
59829,-1,0,-0.72461635,0.32637724,0,1,unassigned,4.0,4.0,0.0,1.0,0.0,0.0,0.003868472,0.0,0,0,0,0,0
59830,-1,1,-0.56932616,0.36139232,0,1,unassigned,43.0,43.0,0.0,1.0,0.0,0.0,0.079303674,0.0,1,0,0,0,0
59831,-1,0,0.45168906,0.6110407,1,1,unassigned,11.0,11.0,0.0,1.0,0.0,0.0,0.017408123,0.0,0,0,0,1,0
59832,1,0,-0.06684059,0.48329604,0,1,test,14.0,14.0,0.0,1.0,0.0,0.0,0.023210831,0.0,0,0,0,0,0
59833,-1,0,-0.42789376,0.39462936,0,1,unassigned,11.0,11.0,0.0,1.0,0.0,0.0,0.017408123,0.0,0,0,0,0,0
59834,1,0,0.5568624,0.6357263,1,0,unassigned,2.0,2.0,0.0,1.0,0.0,0.0,0.0,0.0,0,0,1,1,0
59835,-1,1,2.8422916,0.9449189,1,1,unassigned,22.0,21.0,1.0,0.95454544,0.045454547,0.04545456,0.03868472,0.0017583964,1,0,0,1,1
59836,1,0,-0.20069301,0.44999447,0,1,unassigned,15.0,15.0,0.0,1.0,0.0,0.0,0.025145067,0.0,0,0,0,0,0
59837,-1,0,-0.0955219,0.47613764,0,1,unassigned,18.0,18.0,0.0,1.0,0.0,0.0,0.030947777,0.0,0,0,0,0,0
59838,-1,0,0.35530895,0.5879044,1,1,unassigned,8.0,8.0,0.0,1.0,0.0,0.0,0.0116054155,0.0,0,0,0,1,0
59839,-1,0,0.114168584,0.5285112,1,1,unassigned,3.0,3.0,0.0,1.0,0.0,0.0,0.001934236,0.0,0,0,0,1,0
59840,-1,0,9.7763,0.99994326,1,1,unassigned,2.0,2.0,0.0,1.0,0.0,0.0,0.0,0.0,0,0,0,1,1
59841,-1,1,3.9970667,0.9819619,1,1,unassigned,24.0,22.0,2.0,0.9166667,0.083333336,0.08333331,0.04255319,0.0035460992,1,0,0,1,1
59842,-1,0,2.5636108,0.9284826,1,1,unassigned,3.0,2.0,1.0,0.6666667,0.33333334,0.3333333,0.001934236,0.00064474536,0,0,0,1,1
59843,-1,0,2.8094966,0.9431869,1,1,unassigned,3.0,3.0,0.0,1.0,0.0,0.0,0.001934236,0.0,0,0,0,1,1
59844,-1,1,5.0133624,0.9933954,1,1,unassigned,2.0,2.0,0.0,1.0,0.0,0.0,0.0,0.0,1,0,0,1,1
59845,-1,1,0.50947136,0.62468255,1,1,unassigned,4.0,4.0,0.0,1.0,0.0,0.0,0.003868472,0.0,1,0,0,1,0
59846,1,1,9.636819,0.9999347,1,0,unassigned,15.0,13.0,2.0,0.8666667,0.13333334,0.13333333,0.025145067,0.0033526758,1,0,1,1,1
59847,-1,1,8.798215,0.99984896,1,1,unassigned,2.0,2.0,0.0,1.0,0.0,0.0,0.0,0.0,1,0,0,1,1
59848,-1,1,0.63448817,0.65350646,1,1,unassigned,41.0,34.0,7.0,0.8292683,0.17073171,0.17073172,0.07543521,0.012879182,1,0,0,1,0
59849,-1,0,0.9602929,0.7231804,1,1,unassigned,19.0,16.0,3.0,0.84210527,0.15789473,0.15789473,0.032882012,0.0051918966,0,0,0,1,0
59850,-1,1,4.3247094,0.98693556,1,1,unassigned,6.0,6.0,0.0,1.0,0.0,0.0,0.007736944,0.0,1,0,0,1,1
59851,-1,0,0.56948406,0.6386441,1,1,unassigned,8.0,8.0,0.0,1.0,0.0,0.0,0.0116054155,0.0,0,0,0,1,0
59852,-1,0,0.3936035,0.59714985,1,1,unassigned,3.0,3.0,0.0,1.0,0.0,0.0,0.001934236,0.0,0,0,0,1,0
59853,-1,0,3.2827976,0.9638339,1,1,unassigned,3.0,1.0,2.0,0.33333334,0.6666667,0.6666666,0.001934236,0.0012894907,0,0,0,1,1
59854,-1,1,5.181736,0.9944132,1,1,unassigned,3.0,3.0,0.0,1.0,0.0,0.0,0.001934236,0.0,1,0,0,1,1
59855,1,1,7.168108,0.9992298,1,0,unassigned,8.0,6.0,2.0,0.75,0.25,0.25,0.0116054155,0.0029013539,1,0,1,1,1
59856,-1,0,-0.78425324,0.31340393,0,1,unassigned,27.0,27.0,0.0,1.0,0.0,0.0,0.0483559,0.0,0,0,0,0,0
59857,-1,0,3.9008968,0.98017716,1,1,unassigned,3.0,1.0,2.0,0.33333334,0.6666667,0.6666666,0.001934236,0.0012894907,0,0,0,1,1
59858,-1,0,4.9138193,0.99270916,1,1,unassigned,9.0,8.0,1.0,0.8888889,0.11111111,0.111111104,0.013539651,0.0015044058,0,0,0,1,1
59859,-1,1,-0.7474311,0.3213813,0,1,unassigned,39.0,36.0,3.0,0.9230769,0.07692308,0.07692307,0.07156673,0.0055051334,1,0,0,0,0
59860,1,0,-0.7277053,0.3256985,0,1,unassigned,10.0,10.0,0.0,1.0,0.0,0.0,0.015473888,0.0,0,0,0,0,0
59861,-1,0,0.29636115,0.5735527,1,1,unassigned,6.0,6.0,0.0,1.0,0.0,0.0,0.007736944,0.0,0,0,0,1,0
59862,-1,0,-0.6404555,0.3451436,0,1,unassigned,60.0,59.0,1.0,0.98333335,0.016666668,0.01666665,0.11218569,0.0018697615,0,0,0,0,0
59863,0,0,-0.8600127,0.2973367,0,0,val,59.0,59.0,0.0,1.0,0.0,0.0,0.11025145,0.0,0,0,1,0,0
59864,-1,0,-0.3015022,0.42519027,0,1,unassigned,20.0,20.0,0.0,1.0,0.0,0.0,0.034816246,0.0,0,0,0,0,0
59865,-1,1,2.6916482,0.936532,1,1,unassigned,4.0,4.0,0.0,1.0,0.0,0.0,0.003868472,0.0,1,0,0,1,1
59866,0,0,-0.92039084,0.28487825,0,0,train,4.0,4.0,0.0,1.0,0.0,0.0,0.003868472,0.0,0,0,1,0,0
59867,-1,1,10.062775,0.9999573,1,1,unassigned,5.0,4.0,1.0,0.8,0.2,0.19999999,0.0058027077,0.0011605415,1,0,0,1,1
59868,-1,0,6.362446,0.9982778,1,1,unassigned,3.0,2.0,1.0,0.6666667,0.33333334,0.3333333,0.001934236,0.00064474536,0,0,0,1,1
59869,-1,1,4.0771184,0.9833265,1,1,unassigned,2.0,2.0,0.0,1.0,0.0,0.0,0.0,0.0,1,0,0,1,1
59870,-1,0,3.3297799,0.96543646,1,1,unassigned,9.0,8.0,1.0,0.8888889,0.11111111,0.111111104,0.013539651,0.0015044058,0,0,0,1,1
59871,-1,0,0.23979819,0.55966395,1,1,unassigned,14.0,14.0,0.0,1.0,0.0,0.0,0.023210831,0.0,0,0,0,1,0
59872,-1,0,2.4471643,0.92035383,1,1,unassigned,3.0,2.0,1.0,0.6666667,0.33333334,0.3333333,0.001934236,0.00064474536,0,0,0,1,1
59873,-1,0,2.5197632,0.9255157,1,1,unassigned,3.0,3.0,0.0,1.0,0.0,0.0,0.001934236,0.0,0,0,0,1,1
59874,-1,1,-0.78770113,0.3126625,0,1,unassigned,23.0,22.0,1.0,0.95652175,0.04347826,0.04347825,0.040618956,0.0017660416,1,0,0,0,0
59875,-1,0,-0.3312567,0.4179349,0,1,unassigned,4.0,3.0,1.0,0.75,0.25,0.25,0.003868472,0.000967118,0,0,0,0,0
59876,-1,0,-0.29237884,0.42742157,0,1,unassigned,16.0,16.0,0.0,1.0,0.0,0.0,0.027079303,0.0,0,0,0,0,0
59877,-1,1,1.6820428,0.8431748,1,1,unassigned,2.0,2.0,0.0,1.0,0.0,0.0,0.0,0.0,1,0,0,1,0
59878,-1,0,0.24065948,0.5598762,1,1,unassigned,8.0,8.0,0.0,1.0,0.0,0.0,0.0116054155,0.0,0,0,0,1,0
59879,-1,0,10.948665,0.9999825,1,1,unassigned,5.0,5.0,0.0,1.0,0.0,0.0,0.0058027077,0.0,0,0,0,1,1
59880,-1,1,2.121991,0.89302224,1,1,unassigned,3.0,2.0,1.0,0.6666667,0.33333334,0.3333333,0.001934236,0.00064474536,1,0,0,1,0
59881,-1,0,0.43160373,0.60625654,1,1,unassigned,7.0,7.0,0.0,1.0,0.0,0.0,0.00967118,0.0,0,0,0,1,0
59882,-1,0,4.881618,0.9924724,1,1,unassigned,6.0,5.0,1.0,0.8333333,0.16666667,0.16666669,0.007736944,0.0012894907,0,0,0,1,1
59883,-1,1,-0.6908145,0.3338519,0,1,unassigned,33.0,32.0,1.0,0.969697,0.030303031,0.030303001,0.059961315,0.0018170096,1,0,0,0,0
59884,-1,1,-0.51534516,0.37394133,0,1,unassigned,81.0,81.0,0.0,1.0,0.0,0.0,0.15280464,0.0,1,0,0,0,0
59885,-1,1,-0.20497537,0.44893485,0,1,unassigned,47.0,47.0,0.0,1.0,0.0,0.0,0.08704062,0.0,1,0,0,0,0
59886,-1,1,-0.7999405,0.31003824,0,1,unassigned,47.0,47.0,0.0,1.0,0.0,0.0,0.08704062,0.0,1,0,0,0,0
59887,-1,1,-0.45425913,0.3883486,0,1,unassigned,42.0,42.0,0.0,1.0,0.0,0.0,0.07736944,0.0,1,0,0,0,0
59888,1,1,9.947077,0.9999521,1,0,unassigned,4.0,4.0,0.0,1.0,0.0,0.0,0.003868472,0.0,1,0,1,1,1
59889,-1,0,2.5005784,0.92418236,1,1,unassigned,2.0,2.0,0.0,1.0,0.0,0.0,0.0,0.0,0,0,0,1,1
59890,0,0,-0.053385735,0.48665673,0,0,unassigned,7.0,7.0,0.0,1.0,0.0,0.0,0.00967118,0.0,0,0,1,0,0
59891,-1,1,-0.77256346,0.31592482,0,1,unassigned,49.0,48.0,1.0,0.97959185,0.020408163,0.020408154,0.09090909,0.0018552876,1,0,0,0,0
59892,-1,1,11.780525,0.9999924,1,1,unassigned,2.0,2.0,0.0,1.0,0.0,0.0,0.0,0.0,1,0,0,1,1
59893,-1,0,-0.14865243,0.46290517,0,1,unassigned,6.0,6.0,0.0,1.0,0.0,0.0,0.007736944,0.0,0,0,0,0,0
59894,-1,1,-0.6500559,0.34297693,0,1,unassigned,52.0,52.0,0.0,1.0,0.0,0.0,0.0967118,0.0,1,0,0,0,0
59895,-1,0,5.946013,0.99739057,1,1,unassigned,2.0,2.0,0.0,1.0,0.0,0.0,0.0,0.0,0,0,0,1,1
59896,-1,0,1.83127,0.8619129,1,1,unassigned,2.0,1.0,1.0,0.5,0.5,0.5,0.0,0.0,0,0,0,1,0
59897,-1,1,6.508862,0.9985121,1,1,unassigned,9.0,8.0,1.0,0.8888889,0.11111111,0.111111104,0.013539651,0.0015044058,1,0,0,1,1
59898,0,1,-0.007812083,0.49804702,0,0,test,32.0,30.0,2.0,0.9375,0.0625,0.0625,0.058027077,0.0036266923,1,0,1,0,0
59899,-1,0,5.986381,0.9974936,1,1,unassigned,10.0,7.0,3.0,0.7,0.3,0.3,0.015473888,0.0046421667,0,0,0,1,1
59900,-1,1,1.7797716,0.8556686,1,1,unassigned,7.0,6.0,1.0,0.85714287,0.14285715,0.14285713,0.00967118,0.0013815971,1,0,0,1,0
59901,-1,1,-0.18864313,0.45297858,0,1,unassigned,18.0,16.0,2.0,0.8888889,0.11111111,0.111111104,0.030947777,0.0034386418,1,0,0,0,0
59902,-1,1,-0.54318815,0.36744624,0,1,unassigned,45.0,45.0,0.0,1.0,0.0,0.0,0.08317215,0.0,1,0,0,0,0
59903,-1,0,3.5595052,0.9723343,1,1,unassigned,8.0,8.0,0.0,1.0,0.0,0.0,0.0116054155,0.0,0,0,0,1,1
59904,1,0,0.89289194,0.7094866,1,0,unassigned,7.0,6.0,1.0,0.85714287,0.14285715,0.14285713,0.00967118,0.0013815971,0,0,1,1,0
59905,-1,0,1.8883183,0.86856365,1,1,unassigned,7.0,6.0,1.0,0.85714287,0.14285715,0.14285713,0.00967118,0.0013815971,0,0,0,1,0
59906,0,0,-0.65720433,0.3413679,0,0,val,51.0,51.0,0.0,1.0,0.0,0.0,0.09477756,0.0,0,0,1,0,0
59907,-1,0,0.68755084,0.66542184,1,1,unassigned,9.0,9.0,0.0,1.0,0.0,0.0,0.013539651,0.0,0,0,0,1,0
59908,-1,1,-0.72888076,0.32544038,0,1,unassigned,46.0,46.0,0.0,1.0,0.0,0.0,0.08510638,0.0,1,0,0,0,0
59909,-1,0,-0.1840612,0.4541142,0,1,unassigned,9.0,9.0,0.0,1.0,0.0,0.0,0.013539651,0.0,0,0,0,0,0
59910,1,1,-0.64547694,0.34400952,0,1,unassigned,54.0,51.0,3.0,0.9444444,0.055555556,0.055555582,0.10058027,0.0055877925,1,0,0,0,0
59911,-1,0,11.724907,0.9999919,1,1,unassigned,2.0,1.0,1.0,0.5,0.5,0.5,0.0,0.0,0,0,0,1,1
59912,-1,0,11.163149,0.9999858,1,1,unassigned,2.0,1.0,1.0,0.5,0.5,0.5,0.0,0.0,0,0,0,1,1
59913,-1,1,-0.41156805,0.39853618,0,1,unassigned,24.0,21.0,3.0,0.875,0.125,0.125,0.04255319,0.005319149,1,0,0,0,0
59914,-1,1,6.2431254,0.9980599,1,1,unassigned,3.0,3.0,0.0,1.0,0.0,0.0,0.001934236,0.0,1,0,0,1,1
59915,0,0,-0.23721981,0.44097158,0,0,unassigned,32.0,32.0,0.0,1.0,0.0,0.0,0.058027077,0.0,0,0,1,0,0
59916,-1,1,11.594741,0.9999908,1,1,unassigned,16.0,14.0,2.0,0.875,0.125,0.125,0.027079303,0.0033849129,1,0,0,1,1
59917,-1,0,7.024801,0.99911124,1,1,unassigned,3.0,1.0,2.0,0.33333334,0.6666667,0.6666666,0.001934236,0.0012894907,0,0,0,1,1
59918,-1,1,19.69232,1.0,1,1,unassigned,10.0,10.0,0.0,1.0,0.0,0.0,0.015473888,0.0,1,0,0,1,1
59919,-1,1,7.974314,0.99965596,1,1,unassigned,2.0,2.0,0.0,1.0,0.0,0.0,0.0,0.0,1,0,0,1,1
59920,-1,1,10.823231,0.9999801,1,1,unassigned,6.0,6.0,0.0,1.0,0.0,0.0,0.007736944,0.0,1,0,0,1,1
59921,0,1,-2.2455332,0.09573545,0,0,val,2.0,2.0,0.0,1.0,0.0,0.0,0.0,0.0,1,0,1,0,1
59922,0,1,-0.6114819,0.35172126,0,0,train,185.0,177.0,8.0,0.9567568,0.043243244,0.04324323,0.3539652,0.015306603,1,0,1,0,0
59923,-1,1,2.7492836,0.93987286,1,1,unassigned,64.0,60.0,4.0,0.9375,0.0625,0.0625,0.11992263,0.0074951644,1,0,0,1,1
59924,-1,1,2.0222797,0.8831165,1,1,unassigned,31.0,31.0,0.0,1.0,0.0,0.0,0.056092843,0.0,1,0,0,1,0
59925,-1,0,-0.710588,0.3294689,0,1,unassigned,12.0,12.0,0.0,1.0,0.0,0.0,0.01934236,0.0,0,0,0,0,0
59926,-1,0,2.582071,0.92969877,1,1,unassigned,18.0,17.0,1.0,0.9444444,0.055555556,0.055555582,0.030947777,0.0017193209,0,0,0,1,1
59927,-1,1,-0.3408021,0.41561463,0,1,unassigned,28.0,19.0,9.0,0.6785714,0.32142857,0.3214286,0.050290134,0.016164687,1,0,0,0,0
59928,-1,1,0.48907906,0.61988944,1,1,unassigned,16.0,10.0,6.0,0.625,0.375,0.375,0.027079303,0.010154739,1,0,0,1,0
59929,-1,0,-0.03957349,0.49010786,0,1,unassigned,8.0,8.0,0.0,1.0,0.0,0.0,0.0116054155,0.0,0,0,0,0,0
59930,-1,0,-0.17287618,0.4568883,0,1,unassigned,15.0,15.0,0.0,1.0,0.0,0.0,0.025145067,0.0,0,0,0,0,0
59931,-1,0,-0.41998944,0.39651927,0,1,unassigned,3.0,3.0,0.0,1.0,0.0,0.0,0.001934236,0.0,0,0,0,0,0
59932,0,0,-0.7132305,0.3288854,0,0,test,8.0,7.0,1.0,0.875,0.125,0.125,0.0116054155,0.0014506769,0,0,1,0,0
59933,-1,0,14.508146,0.9999995,1,1,unassigned,3.0,3.0,0.0,1.0,0.0,0.0,0.001934236,0.0,0,0,0,1,1
59934,-1,1,2.047284,0.88567287,1,1,unassigned,32.0,32.0,0.0,1.0,0.0,0.0,0.058027077,0.0,1,0,0,1,0
59935,1,1,-0.26489204,0.4341615,0,1,val,18.0,17.0,1.0,0.9444444,0.055555556,0.055555582,0.030947777,0.0017193209,1,0,0,0,0
59936,-1,1,-0.8761879,0.29396835,0,1,unassigned,68.0,65.0,3.0,0.9558824,0.04411765,0.04411763,0.12765957,0.00563204,1,0,0,0,0
59937,-1,0,14.422168,0.9999994,1,1,unassigned,9.0,7.0,2.0,0.7777778,0.22222222,0.22222221,0.013539651,0.0030088115,0,0,0,1,1
59938,-1,0,-0.16249248,0.459466,0,1,unassigned,3.0,3.0,0.0,1.0,0.0,0.0,0.001934236,0.0,0,0,0,0,0
59939,-1,0,9.420956,0.99991894,1,1,unassigned,2.0,2.0,0.0,1.0,0.0,0.0,0.0,0.0,0,0,0,1,1
59940,-1,1,-0.40189332,0.40085754,0,1,unassigned,24.0,24.0,0.0,1.0,0.0,0.0,0.04255319,0.0,1,0,0,0,0
59941,-1,0,2.1849868,0.8988932,1,1,unassigned,11.0,10.0,1.0,0.90909094,0.09090909,0.090909064,0.017408123,0.0015825568,0,0,0,1,0
59942,1,1,2.0569324,0.8866463,1,0,val,26.0,26.0,0.0,1.0,0.0,0.0,0.046421662,0.0,1,0,1,1,0
59943,-1,1,-0.415486,0.3975974,0,1,unassigned,32.0,32.0,0.0,1.0,0.0,0.0,0.058027077,0.0,1,0,0,0,0
59944,-1,1,-0.25272903,0.43715194,0,1,unassigned,3.0,3.0,0.0,1.0,0.0,0.0,0.001934236,0.0,1,0,0,0,0
59945,-1,1,0.17110795,0.54267293,1,1,unassigned,17.0,16.0,1.0,0.9411765,0.05882353,0.058823526,0.029013539,0.0017066788,1,0,0,1,0
59946,1,1,-0.45236206,0.3887993,0,1,unassigned,69.0,68.0,1.0,0.98550725,0.014492754,0.01449275,0.1295938,0.0018781711,1,0,0,0,0
59947,-1,1,-0.93059725,0.28280354,0,1,unassigned,100.0,99.0,1.0,0.99,0.01,0.00999999,0.18955512,0.0018955512,1,0,0,0,0
59948,-1,1,0.0041837096,0.50104594,1,1,unassigned,35.0,35.0,0.0,1.0,0.0,0.0,0.06382979,0.0,1,0,0,1,0
59949,-1,0,4.658418,0.9906076,1,1,unassigned,3.0,3.0,0.0,1.0,0.0,0.0,0.001934236,0.0,0,0,0,1,1
59950,1,0,-0.16065916,0.45992142,0,1,val,7.0,7.0,0.0,1.0,0.0,0.0,0.00967118,0.0,0,0,0,0,0
59951,1,0,-0.40415975,0.40031335,0,1,unassigned,9.0,9.0,0.0,1.0,0.0,0.0,0.013539651,0.0,0,0,0,0,0
59952,-1,0,0.17680389,0.5440862,1,1,unassigned,9.0,9.0,0.0,1.0,0.0,0.0,0.013539651,0.0,0,0,0,1,0
59953,-1,0,-0.0574556,0.48564005,0,1,unassigned,17.0,17.0,0.0,1.0,0.0,0.0,0.029013539,0.0,0,0,0,0,0
59954,-1,1,-0.5094658,0.37531877,0,1,unassigned,12.0,12.0,0.0,1.0,0.0,0.0,0.01934236,0.0,1,0,0,0,0
59955,-1,1,-0.45016354,0.3893219,0,1,unassigned,63.0,62.0,1.0,0.984127,0.015873017,0.015873015,0.11798839,0.0018728317,1,0,0,0,0
59956,0,0,-0.5093386,0.37534857,0,0,val,12.0,12.0,0.0,1.0,0.0,0.0,0.01934236,0.0,0,0,1,0,0
59957,-1,0,-0.07274136,0.48182267,0,1,unassigned,2.0,2.0,0.0,1.0,0.0,0.0,0.0,0.0,0,0,0,0,0
59958,-1,0,0.14626372,0.5365009,1,1,unassigned,2.0,2.0,0.0,1.0,0.0,0.0,0.0,0.0,0,0,0,1,0
59959,-1,0,-0.19249022,0.4520255,0,1,unassigned,49.0,49.0,0.0,1.0,0.0,0.0,0.09090909,0.0,0,0,0,0,0
59960,1,1,6.051101,0.9976503,1,0,unassigned,14.0,14.0,0.0,1.0,0.0,0.0,0.023210831,0.0,1,0,1,1,1
59961,0,1,-0.5515444,0.36550617,0,0,unassigned,6.0,6.0,0.0,1.0,0.0,0.0,0.007736944,0.0,1,0,1,0,0
59962,1,1,3.0568726,0.95507836,1,0,unassigned,9.0,9.0,0.0,1.0,0.0,0.0,0.013539651,0.0,1,0,1,1,1
59963,-1,1,2.1255586,0.89336264,1,1,unassigned,4.0,2.0,2.0,0.5,0.5,0.5,0.003868472,0.001934236,1,0,0,1,0
59964,-1,0,-0.33334512,0.4174269,0,1,unassigned,13.0,11.0,2.0,0.84615386,0.15384616,0.15384614,0.021276595,0.0032733225,0,0,0,0,0
59965,-1,1,1.7417307,0.8509067,1,1,unassigned,2.0,2.0,0.0,1.0,0.0,0.0,0.0,0.0,1,0,0,1,0
59966,0,0,-0.31228384,0.42255735,0,0,val,6.0,6.0,0.0,1.0,0.0,0.0,0.007736944,0.0,0,0,1,0,0
59967,0,0,-0.3182948,0.42109135,0,0,train,26.0,26.0,0.0,1.0,0.0,0.0,0.046421662,0.0,0,0,1,0,0
59968,-1,1,3.0314503,0.95397484,1,1,unassigned,6.0,6.0,0.0,1.0,0.0,0.0,0.007736944,0.0,1,0,0,1,1
59969,-1,1,4.467344,0.9886525,1,1,unassigned,6.0,6.0,0.0,1.0,0.0,0.0,0.007736944,0.0,1,0,0,1,1
59970,-1,0,3.3770359,0.966979,1,1,unassigned,6.0,6.0,0.0,1.0,0.0,0.0,0.007736944,0.0,0,0,0,1,1
59971,-1,0,-0.2216757,0.4448069,0,1,unassigned,37.0,37.0,0.0,1.0,0.0,0.0,0.06769826,0.0,0,0,0,0,0
59972,-1,0,-0.66668403,0.33923975,0,1,unassigned,2.0,2.0,0.0,1.0,0.0,0.0,0.0,0.0,0,0,0,0,0
59973,-1,0,-0.5416008,0.36781526,0,1,unassigned,4.0,2.0,2.0,0.5,0.5,0.5,0.003868472,0.001934236,0,0,0,0,0
59974,0,0,-0.20608646,0.44865996,0,0,unassigned,52.0,51.0,1.0,0.9807692,0.01923077,0.019230783,0.0967118,0.0018598423,0,0,1,0,0
59975,-1,0,0.03891164,0.5097267,1,1,unassigned,2.0,2.0,0.0,1.0,0.0,0.0,0.0,0.0,0,0,0,1,0
59976,0,0,-0.71407795,0.32869837,0,0,unassigned,20.0,18.0,2.0,0.9,0.1,0.100000024,0.034816246,0.0034816246,0,0,1,0,0
59977,-1,0,-0.4298191,0.3941695,0,1,unassigned,10.0,10.0,0.0,1.0,0.0,0.0,0.015473888,0.0,0,0,0,0,0
59978,-1,0,-0.31668147,0.4214847,0,1,unassigned,27.0,27.0,0.0,1.0,0.0,0.0,0.0483559,0.0,0,0,0,0,0
59979,-1,0,-0.5813504,0.35862193,0,1,unassigned,26.0,25.0,1.0,0.96153843,0.03846154,0.038461566,0.046421662,0.0017854486,0,0,0,0,0
59980,-1,1,-0.38237888,0.40555325,0,1,unassigned,4.0,1.0,3.0,0.25,0.75,0.75,0.003868472,0.002901354,1,0,0,0,0
59981,-1,0,-0.75139695,0.320517,0,1,unassigned,12.0,12.0,0.0,1.0,0.0,0.0,0.01934236,0.0,0,0,0,0,0
59982,-1,0,-0.45425522,0.3883495,0,1,unassigned,3.0,3.0,0.0,1.0,0.0,0.0,0.001934236,0.0,0,0,0,0,0
59983,-1,0,0.37789255,0.5933647,1,1,unassigned,6.0,6.0,0.0,1.0,0.0,0.0,0.007736944,0.0,0,0,0,1,0
59984,0,0,0.24953604,0.5620623,1,1,unassigned,17.0,17.0,0.0,1.0,0.0,0.0,0.029013539,0.0,0,0,0,1,0
59985,-1,0,1.3307977,0.79097253,1,1,unassigned,10.0,10.0,0.0,1.0,0.0,0.0,0.015473888,0.0,0,0,0,1,0
59986,-1,0,3.2918096,0.96414673,1,1,unassigned,3.0,3.0,0.0,1.0,0.0,0.0,0.001934236,0.0,0,0,0,1,1
59987,-1,0,12.665953,0.9999969,1,1,unassigned,2.0,2.0,0.0,1.0,0.0,0.0,0.0,0.0,0,0,0,1,1
59988,-1,0,9.505056,0.9999255,1,1,unassigned,2.0,2.0,0.0,1.0,0.0,0.0,0.0,0.0,0,0,0,1,1
59989,1,0,-0.4948189,0.37875903,0,1,val,16.0,16.0,0.0,1.0,0.0,0.0,0.027079303,0.0,0,0,0,0,0
59990,-1,1,5.4694138,0.995804,1,1,unassigned,2.0,2.0,0.0,1.0,0.0,0.0,0.0,0.0,1,0,0,1,1
59991,-1,0,12.220732,0.9999951,1,1,unassigned,3.0,2.0,1.0,0.6666667,0.33333334,0.3333333,0.001934236,0.00064474536,0,0,0,1,1
59992,-1,0,5.7520595,0.99683386,1,1,unassigned,2.0,2.0,0.0,1.0,0.0,0.0,0.0,0.0,0,0,0,1,1
59993,-1,0,13.12986,0.999998,1,1,unassigned,2.0,2.0,0.0,1.0,0.0,0.0,0.0,0.0,0,0,0,1,1
59994,-1,0,3.2293704,0.96192473,1,1,unassigned,6.0,2.0,4.0,0.33333334,0.6666667,0.6666666,0.007736944,0.005157963,0,0,0,1,1
59995,-1,0,1.8775799,0.86733294,1,1,unassigned,18.0,17.0,1.0,0.9444444,0.055555556,0.055555582,0.030947777,0.0017193209,0,0,0,1,0
59996,-1,0,7.3030896,0.99932706,1,1,unassigned,3.0,2.0,1.0,0.6666667,0.33333334,0.3333333,0.001934236,0.00064474536,0,0,0,1,1
59997,1,0,10.877839,0.99998116,1,0,val,4.0,4.0,0.0,1.0,0.0,0.0,0.003868472,0.0,0,0,1,1,1
59998,-1,0,0.45945698,0.6128853,1,1,unassigned,3.0,3.0,0.0,1.0,0.0,0.0,0.001934236,0.0,0,0,0,1,0
59999,-1,0,1.0277343,0.73647636,1,1,unassigned,5.0,5.0,0.0,1.0,0.0,0.0,0.0058027077,0.0,0,0,0,1,0
60000,-1,1,3.806368,0.9782547,1,1,unassigned,7.0,3.0,4.0,0.42857143,0.5714286,0.57142854,0.00967118,0.0055263885,1,0,0,1,1
60001,-1,1,-0.8901089,0.29108736,0,1,unassigned,22.0,18.0,4.0,0.8181818,0.18181819,0.18181819,0.03868472,0.0070335856,1,0,0,0,0
60002,-1,1,8.270893,0.99974424,1,1,unassigned,8.0,5.0,3.0,0.625,0.375,0.375,0.0116054155,0.004352031,1,0,0,1,1
60003,-1,1,-0.73335326,0.3244593,0,1,unassigned,30.0,30.0,0.0,1.0,0.0,0.0,0.054158606,0.0,1,0,0,0,0
60004,-1,0,-0.93436944,0.28203908,0,1,unassigned,3.0,2.0,1.0,0.6666667,0.33333334,0.3333333,0.001934236,0.00064474536,0,0,0,0,0
60005,-1,0,0.9152189,0.7140669,1,1,unassigned,5.0,5.0,0.0,1.0,0.0,0.0,0.0058027077,0.0,0,0,0,1,0
60006,-1,0,3.4145715,0.9681569,1,1,unassigned,6.0,4.0,2.0,0.6666667,0.33333334,0.3333333,0.007736944,0.0025789815,0,0,0,1,1
60007,1,0,-0.5208065,0.37266365,0,1,val,8.0,8.0,0.0,1.0,0.0,0.0,0.0116054155,0.0,0,0,0,0,0
60008,0,0,0.42400765,0.6044418,1,1,unassigned,38.0,38.0,0.0,1.0,0.0,0.0,0.06963249,0.0,0,0,0,1,0
60009,-1,1,-0.566102,0.36213675,0,1,unassigned,39.0,36.0,3.0,0.9230769,0.07692308,0.07692307,0.07156673,0.0055051334,1,0,0,0,0
60010,-1,0,0.32348043,0.58017224,1,1,unassigned,2.0,2.0,0.0,1.0,0.0,0.0,0.0,0.0,0,0,0,1,0
60011,-1,1,-0.93146706,0.28262717,0,1,unassigned,15.0,14.0,1.0,0.93333334,0.06666667,0.06666666,0.025145067,0.0016763379,1,0,0,0,0
60012,-1,0,-0.4675457,0.3851973,0,1,unassigned,12.0,10.0,2.0,0.8333333,0.16666667,0.16666669,0.01934236,0.0032237265,0,0,0,0,0
60013,-1,0,-0.21103835,0.44743538,0,1,unassigned,3.0,3.0,0.0,1.0,0.0,0.0,0.001934236,0.0,0,0,0,0,0
60014,-1,0,-0.45678973,0.38774765,0,1,unassigned,5.0,5.0,0.0,1.0,0.0,0.0,0.0058027077,0.0,0,0,0,0,0
60015,-1,0,0.5309244,0.6296987,1,1,unassigned,5.0,4.0,1.0,0.8,0.2,0.19999999,0.0058027077,0.0011605415,0,0,0,1,0
60016,-1,0,3.7369854,0.9767287,1,1,unassigned,5.0,5.0,0.0,1.0,0.0,0.0,0.0058027077,0.0,0,0,0,1,1
60017,-1,0,-0.6971384,0.332447,0,1,unassigned,11.0,11.0,0.0,1.0,0.0,0.0,0.017408123,0.0,0,0,0,0,0
60018,-1,1,0.2831065,0.5703077,1,1,unassigned,50.0,43.0,7.0,0.86,0.14,0.13999999,0.092843324,0.012998065,1,0,0,1,0
60019,-1,0,-0.5278791,0.37101167,0,1,unassigned,15.0,13.0,2.0,0.8666667,0.13333334,0.13333333,0.025145067,0.0033526758,0,0,0,0,0
60020,-1,0,0.16089225,0.5401365,1,1,unassigned,11.0,10.0,1.0,0.90909094,0.09090909,0.090909064,0.017408123,0.0015825568,0,0,0,1,0
60021,0,0,0.065270245,0.51631176,1,1,unassigned,28.0,28.0,0.0,1.0,0.0,0.0,0.050290134,0.0,0,0,0,1,0
60022,-1,0,0.1290152,0.53220916,1,1,unassigned,26.0,26.0,0.0,1.0,0.0,0.0,0.046421662,0.0,0,0,0,1,0
60023,-1,0,-0.096520394,0.47588858,0,1,unassigned,57.0,56.0,1.0,0.98245615,0.01754386,0.017543852,0.10638298,0.0018663681,0,0,0,0,0
60024,-1,0,0.5231386,0.62788135,1,1,unassigned,5.0,5.0,0.0,1.0,0.0,0.0,0.0058027077,0.0,0,0,0,1,0
60025,-1,0,4.8130193,0.99194217,1,1,unassigned,2.0,2.0,0.0,1.0,0.0,0.0,0.0,0.0,0,0,0,1,1
60026,-1,0,0.28914887,0.5717878,1,1,unassigned,2.0,2.0,0.0,1.0,0.0,0.0,0.0,0.0,0,0,0,1,0
60027,-1,0,1.2538891,0.77797234,1,1,unassigned,2.0,2.0,0.0,1.0,0.0,0.0,0.0,0.0,0,0,0,1,0
60028,-1,1,0.64117223,0.6550184,1,1,unassigned,6.0,6.0,0.0,1.0,0.0,0.0,0.007736944,0.0,1,0,0,1,0
60029,-1,1,-0.4788004,0.38253546,0,1,unassigned,13.0,12.0,1.0,0.9230769,0.07692308,0.07692307,0.021276595,0.0016366612,1,0,0,0,0
60030,-1,0,2.9890006,0.95207477,1,1,unassigned,2.0,2.0,0.0,1.0,0.0,0.0,0.0,0.0,0,0,0,1,1
60031,-1,0,3.8529198,0.97922313,1,1,unassigned,5.0,4.0,1.0,0.8,0.2,0.19999999,0.0058027077,0.0011605415,0,0,0,1,1
60032,-1,1,0.9090437,0.71280444,1,1,unassigned,6.0,2.0,4.0,0.33333334,0.6666667,0.6666666,0.007736944,0.005157963,1,0,0,1,0
60033,0,1,1.1784115,0.764662,1,1,unassigned,11.0,10.0,1.0,0.90909094,0.09090909,0.090909064,0.017408123,0.0015825568,1,0,0,1,0
60034,-1,1,0.3864119,0.59541863,1,1,unassigned,3.0,3.0,0.0,1.0,0.0,0.0,0.001934236,0.0,1,0,0,1,0
60035,1,1,0.057093203,0.5142694,1,0,unassigned,20.0,19.0,1.0,0.95,0.05,0.050000012,0.034816246,0.0017408123,1,0,1,1,0
60036,-1,0,5.577969,0.996234,1,1,unassigned,4.0,4.0,0.0,1.0,0.0,0.0,0.003868472,0.0,0,0,0,1,1
60037,-1,1,-0.45133314,0.38904387,0,1,unassigned,15.0,15.0,0.0,1.0,0.0,0.0,0.025145067,0.0,1,0,0,0,0
60038,-1,1,0.20470864,0.5509992,1,1,unassigned,34.0,33.0,1.0,0.9705882,0.029411765,0.029411793,0.061895553,0.0018204574,1,0,0,1,0
60039,-1,1,1.4335673,0.80745655,1,1,unassigned,20.0,18.0,2.0,0.9,0.1,0.100000024,0.034816246,0.0034816246,1,0,0,1,0
60040,-1,0,-0.6436335,0.34442565,0,1,unassigned,14.0,14.0,0.0,1.0,0.0,0.0,0.023210831,0.0,0,0,0,0,0
60041,0,1,5.9806724,0.99747926,1,1,val,2.0,1.0,1.0,0.5,0.5,0.5,0.0,0.0,1,0,0,1,1
60042,1,0,-0.77343,0.3157376,0,1,unassigned,2.0,2.0,0.0,1.0,0.0,0.0,0.0,0.0,0,0,0,0,0
60043,-1,0,-0.114513636,0.47140285,0,1,unassigned,20.0,20.0,0.0,1.0,0.0,0.0,0.034816246,0.0,0,0,0,0,0
60044,-1,0,-0.26163816,0.43496102,0,1,unassigned,64.0,63.0,1.0,0.984375,0.015625,0.015625,0.11992263,0.0018737911,0,0,0,0,0
60045,1,0,0.3060246,0.5759146,1,0,unassigned,39.0,31.0,8.0,0.7948718,0.20512821,0.2051282,0.07156673,0.014680355,0,0,1,1,0
60046,-1,0,-0.32521343,0.41940573,0,1,unassigned,45.0,45.0,0.0,1.0,0.0,0.0,0.08317215,0.0,0,0,0,0,0
60047,-1,0,-0.432164,0.39360967,0,1,unassigned,8.0,8.0,0.0,1.0,0.0,0.0,0.0116054155,0.0,0,0,0,0,0
60048,-1,0,6.6524873,0.9987109,1,1,unassigned,2.0,2.0,0.0,1.0,0.0,0.0,0.0,0.0,0,0,0,1,1
60049,-1,1,1.122566,0.7544644,1,1,unassigned,2.0,2.0,0.0,1.0,0.0,0.0,0.0,0.0,1,0,0,1,0
60050,1,0,4.835649,0.9921211,1,0,unassigned,25.0,25.0,0.0,1.0,0.0,0.0,0.044487428,0.0,0,0,1,1,1
60051,-1,0,-0.30235547,0.42498177,0,1,unassigned,2.0,2.0,0.0,1.0,0.0,0.0,0.0,0.0,0,0,0,0,0
60052,-1,0,1.0270841,0.7363502,1,1,unassigned,9.0,9.0,0.0,1.0,0.0,0.0,0.013539651,0.0,0,0,0,1,0
60053,-1,1,1.9591253,0.87643826,1,1,unassigned,6.0,5.0,1.0,0.8333333,0.16666667,0.16666669,0.007736944,0.0012894907,1,0,0,1,0
60054,-1,0,0.7025617,0.6687555,1,1,unassigned,4.0,4.0,0.0,1.0,0.0,0.0,0.003868472,0.0,0,0,0,1,0
60055,-1,0,2.1905036,0.8993935,1,1,unassigned,3.0,3.0,0.0,1.0,0.0,0.0,0.001934236,0.0,0,0,0,1,0
60056,-1,0,-1.2425177,0.22399803,0,1,unassigned,2.0,2.0,0.0,1.0,0.0,0.0,0.0,0.0,0,0,0,0,0
60057,-1,0,0.10050863,0.525106,1,1,unassigned,55.0,55.0,0.0,1.0,0.0,0.0,0.102514505,0.0,0,0,0,1,0
60058,-1,0,-0.28094923,0.43022108,0,1,unassigned,18.0,18.0,0.0,1.0,0.0,0.0,0.030947777,0.0,0,0,0,0,0
60059,-1,0,-0.059477568,0.485135,0,1,unassigned,2.0,2.0,0.0,1.0,0.0,0.0,0.0,0.0,0,0,0,0,0
60060,-1,0,0.21940273,0.5546317,1,1,unassigned,2.0,2.0,0.0,1.0,0.0,0.0,0.0,0.0,0,0,0,1,0
60061,1,0,0.041769564,0.5104409,1,0,unassigned,30.0,30.0,0.0,1.0,0.0,0.0,0.054158606,0.0,0,0,1,1,0
60062,0,0,-0.29225466,0.42745197,0,0,test,101.0,100.0,1.0,0.990099,0.00990099,0.009900987,0.19148937,0.0018959343,0,0,1,0,0
60063,-1,0,5.5580435,0.99615854,1,1,unassigned,2.0,2.0,0.0,1.0,0.0,0.0,0.0,0.0,0,0,0,1,1
60064,-1,0,7.6338067,0.99951637,1,1,unassigned,12.0,10.0,2.0,0.8333333,0.16666667,0.16666669,0.01934236,0.0032237265,0,0,0,1,1
60065,-1,1,1.8528163,0.86445737,1,1,unassigned,3.0,3.0,0.0,1.0,0.0,0.0,0.001934236,0.0,1,0,0,1,0
60066,-1,1,0.5070602,0.6241171,1,1,unassigned,38.0,35.0,3.0,0.92105263,0.078947365,0.078947365,0.06963249,0.005497302,1,0,0,1,0
60067,-1,1,2.8502417,0.94533116,1,1,unassigned,42.0,39.0,3.0,0.9285714,0.071428575,0.0714286,0.07736944,0.0055263885,1,0,0,1,1
60068,-1,0,3.6317189,0.974212,1,1,unassigned,6.0,5.0,1.0,0.8333333,0.16666667,0.16666669,0.007736944,0.0012894907,0,0,0,1,1
60069,-1,0,0.11121178,0.52777433,1,1,unassigned,5.0,4.0,1.0,0.8,0.2,0.19999999,0.0058027077,0.0011605415,0,0,0,1,0
60070,-1,1,1.1169264,0.75341815,1,1,unassigned,20.0,16.0,4.0,0.8,0.2,0.19999999,0.034816246,0.0069632493,1,0,0,1,0
60071,-1,0,-0.1682325,0.45804077,0,1,unassigned,5.0,5.0,0.0,1.0,0.0,0.0,0.0058027077,0.0,0,0,0,0,0
60072,0,0,-0.45699334,0.3876993,0,0,unassigned,10.0,10.0,0.0,1.0,0.0,0.0,0.015473888,0.0,0,0,1,0,0
60073,1,0,0.52968866,0.6294105,1,0,val,2.0,2.0,0.0,1.0,0.0,0.0,0.0,0.0,0,0,1,1,0
60074,0,1,-0.20891035,0.4479615,0,0,val,23.0,19.0,4.0,0.82608694,0.17391305,0.17391306,0.040618956,0.0070641665,1,0,1,0,0
60075,-1,0,1.4509604,0.8101462,1,1,unassigned,4.0,4.0,0.0,1.0,0.0,0.0,0.003868472,0.0,0,0,0,1,0
60076,1,1,-0.31331304,0.42230627,0,1,test,22.0,18.0,4.0,0.8181818,0.18181819,0.18181819,0.03868472,0.0070335856,1,0,0,0,0
60077,-1,0,4.029554,0.98252845,1,1,unassigned,3.0,3.0,0.0,1.0,0.0,0.0,0.001934236,0.0,0,0,0,1,1
60078,-1,0,-0.45365867,0.38849124,0,1,unassigned,4.0,4.0,0.0,1.0,0.0,0.0,0.003868472,0.0,0,0,0,0,0
60079,0,1,0.13722962,0.53425366,1,1,test,3.0,3.0,0.0,1.0,0.0,0.0,0.001934236,0.0,1,0,0,1,0
60080,-1,0,6.4532313,0.99842703,1,1,unassigned,2.0,2.0,0.0,1.0,0.0,0.0,0.0,0.0,0,0,0,1,1
60081,-1,1,3.3263347,0.96532124,1,1,unassigned,8.0,8.0,0.0,1.0,0.0,0.0,0.0116054155,0.0,1,0,0,1,1
60082,-1,1,1.0399365,0.7388378,1,1,unassigned,42.0,41.0,1.0,0.97619045,0.023809524,0.023809552,0.07736944,0.0018421295,1,0,0,1,0
60083,-1,1,-0.6366205,0.34601086,0,1,unassigned,72.0,69.0,3.0,0.9583333,0.041666668,0.041666687,0.13539653,0.005641522,1,0,0,0,0
60084,-1,0,-0.41441244,0.3978546,0,1,unassigned,17.0,17.0,0.0,1.0,0.0,0.0,0.029013539,0.0,0,0,0,0,0
60085,-1,0,-0.30517265,0.4242935,0,1,unassigned,2.0,2.0,0.0,1.0,0.0,0.0,0.0,0.0,0,0,0,0,0
60086,-1,0,-0.0046290755,0.49884272,0,1,unassigned,7.0,7.0,0.0,1.0,0.0,0.0,0.00967118,0.0,0,0,0,0,0
60087,0,0,-0.6197144,0.34984642,0,0,unassigned,24.0,23.0,1.0,0.9583333,0.041666668,0.041666687,0.04255319,0.0017730496,0,0,1,0,0
60088,-1,0,-0.6691811,0.33868024,0,1,unassigned,11.0,11.0,0.0,1.0,0.0,0.0,0.017408123,0.0,0,0,0,0,0
60089,1,0,-0.44208187,0.39124504,0,1,val,6.0,3.0,3.0,0.5,0.5,0.5,0.007736944,0.003868472,0,0,0,0,0
60090,0,0,-0.0436247,0.48909557,0,0,unassigned,68.0,66.0,2.0,0.9705882,0.029411765,0.029411793,0.12765957,0.0037546933,0,0,1,0,0
60091,-1,0,-0.011462092,0.4971345,0,1,unassigned,42.0,42.0,0.0,1.0,0.0,0.0,0.07736944,0.0,0,0,0,0,0
60092,-1,1,-0.14786494,0.46310097,0,1,unassigned,15.0,14.0,1.0,0.93333334,0.06666667,0.06666666,0.025145067,0.0016763379,1,0,0,0,0
60093,-1,1,4.1537986,0.9845382,1,1,unassigned,23.0,20.0,3.0,0.8695652,0.13043478,0.13043481,0.040618956,0.0052981246,1,0,0,1,1
60094,-1,0,-0.036188066,0.49095395,0,1,unassigned,3.0,3.0,0.0,1.0,0.0,0.0,0.001934236,0.0,0,0,0,0,0
60095,-1,0,1.5931914,0.83106464,1,1,unassigned,3.0,3.0,0.0,1.0,0.0,0.0,0.001934236,0.0,0,0,0,1,0
60096,-1,0,8.957294,0.99987125,1,1,unassigned,4.0,3.0,1.0,0.75,0.25,0.25,0.003868472,0.000967118,0,0,0,1,1
60097,-1,0,3.8282034,0.9787143,1,1,unassigned,2.0,2.0,0.0,1.0,0.0,0.0,0.0,0.0,0,0,0,1,1
60098,-1,0,9.207205,0.99989974,1,1,unassigned,17.0,15.0,2.0,0.88235295,0.11764706,0.11764705,0.029013539,0.0034133575,0,0,0,1,1
60099,-1,0,4.0782256,0.9833446,1,1,unassigned,3.0,2.0,1.0,0.6666667,0.33333334,0.3333333,0.001934236,0.00064474536,0,0,0,1,1
60100,-1,1,3.956384,0.98122704,1,1,unassigned,22.0,21.0,1.0,0.95454544,0.045454547,0.04545456,0.03868472,0.0017583964,1,0,0,1,1
60101,-1,1,-0.5863015,0.3574839,0,1,unassigned,53.0,52.0,1.0,0.9811321,0.018867925,0.01886791,0.09864604,0.0018612461,1,0,0,0,0
60102,-1,0,3.1324058,0.9582099,1,1,unassigned,5.0,5.0,0.0,1.0,0.0,0.0,0.0058027077,0.0,0,0,0,1,1
60103,-1,0,2.3933003,0.91631496,1,1,unassigned,4.0,3.0,1.0,0.75,0.25,0.25,0.003868472,0.000967118,0,0,0,1,1
60104,-1,0,-0.29806876,0.42602968,0,1,unassigned,7.0,5.0,2.0,0.71428573,0.2857143,0.28571427,0.00967118,0.0027631943,0,0,0,0,0
60105,-1,1,6.809952,0.9988984,1,1,unassigned,9.0,9.0,0.0,1.0,0.0,0.0,0.013539651,0.0,1,0,0,1,1
60106,-1,0,0.17859453,0.54453033,1,1,unassigned,6.0,6.0,0.0,1.0,0.0,0.0,0.007736944,0.0,0,0,0,1,0
60107,-1,0,-0.060100913,0.48497927,0,1,unassigned,7.0,7.0,0.0,1.0,0.0,0.0,0.00967118,0.0,0,0,0,0,0
60108,-1,1,-0.7831274,0.31364623,0,1,unassigned,42.0,42.0,0.0,1.0,0.0,0.0,0.07736944,0.0,1,0,0,0,0
60109,0,0,0.7004536,0.66828835,1,1,test,14.0,14.0,0.0,1.0,0.0,0.0,0.023210831,0.0,0,0,0,1,0
60110,-1,0,0.9485262,0.7208187,1,1,unassigned,3.0,2.0,1.0,0.6666667,0.33333334,0.3333333,0.001934236,0.00064474536,0,0,0,1,0
60111,1,0,0.12048048,0.5300837,1,0,val,25.0,24.0,1.0,0.96,0.04,0.04000002,0.044487428,0.001779497,0,0,1,1,0
60112,1,0,-0.81815255,0.30615598,0,1,unassigned,2.0,2.0,0.0,1.0,0.0,0.0,0.0,0.0,0,0,0,0,0
60113,-1,0,-0.21280658,0.4469982,0,1,unassigned,2.0,2.0,0.0,1.0,0.0,0.0,0.0,0.0,0,0,0,0,0
60114,-1,0,7.1858563,0.9992434,1,1,unassigned,12.0,11.0,1.0,0.9166667,0.083333336,0.08333331,0.01934236,0.0016118633,0,0,0,1,1
60115,-1,1,6.988878,0.99907875,1,1,unassigned,11.0,10.0,1.0,0.90909094,0.09090909,0.090909064,0.017408123,0.0015825568,1,0,0,1,1
60116,-1,0,1.6220069,0.83507174,1,1,unassigned,2.0,2.0,0.0,1.0,0.0,0.0,0.0,0.0,0,0,0,1,0
60117,-1,0,0.15189624,0.5379012,1,1,unassigned,3.0,3.0,0.0,1.0,0.0,0.0,0.001934236,0.0,0,0,0,1,0
60118,-1,0,12.30735,0.99999547,1,1,unassigned,2.0,2.0,0.0,1.0,0.0,0.0,0.0,0.0,0,0,0,1,1
60119,-1,0,0.5063663,0.62395424,1,1,unassigned,5.0,5.0,0.0,1.0,0.0,0.0,0.0058027077,0.0,0,0,0,1,0
60120,-1,0,-0.59683365,0.35506842,0,1,unassigned,4.0,4.0,0.0,1.0,0.0,0.0,0.003868472,0.0,0,0,0,0,0
60121,-1,1,-0.2112652,0.44737926,0,1,unassigned,2.0,1.0,1.0,0.5,0.5,0.5,0.0,0.0,1,0,0,0,0
60122,-1,0,-0.22306576,0.44446367,0,1,unassigned,3.0,3.0,0.0,1.0,0.0,0.0,0.001934236,0.0,0,0,0,0,0
60123,-1,0,-0.2221218,0.44469672,0,1,unassigned,49.0,49.0,0.0,1.0,0.0,0.0,0.09090909,0.0,0,0,0,0,0
60124,0,0,-0.35191974,0.41291696,0,0,unassigned,7.0,7.0,0.0,1.0,0.0,0.0,0.00967118,0.0,0,0,1,0,0
60125,-1,0,-0.6501897,0.34294683,0,1,unassigned,24.0,23.0,1.0,0.9583333,0.041666668,0.041666687,0.04255319,0.0017730496,0,0,0,0,0
60126,-1,0,-0.20958,0.44779596,0,1,unassigned,9.0,9.0,0.0,1.0,0.0,0.0,0.013539651,0.0,0,0,0,0,0
60127,-1,0,-0.8913501,0.2908313,0,1,unassigned,10.0,10.0,0.0,1.0,0.0,0.0,0.015473888,0.0,0,0,0,0,0
60128,-1,0,0.10476899,0.52616835,1,1,unassigned,3.0,3.0,0.0,1.0,0.0,0.0,0.001934236,0.0,0,0,0,1,0
60129,-1,0,0.033207655,0.50830114,1,1,unassigned,4.0,4.0,0.0,1.0,0.0,0.0,0.003868472,0.0,0,0,0,1,0
60130,-1,0,1.0608845,0.74285954,1,1,unassigned,22.0,21.0,1.0,0.95454544,0.045454547,0.04545456,0.03868472,0.0017583964,0,0,0,1,0
60131,-1,0,2.098278,0.89073575,1,1,unassigned,8.0,8.0,0.0,1.0,0.0,0.0,0.0116054155,0.0,0,0,0,1,0
60132,0,0,0.30641133,0.57600904,1,1,test,12.0,12.0,0.0,1.0,0.0,0.0,0.01934236,0.0,0,0,0,1,0
60133,-1,0,3.193339,0.9605829,1,1,unassigned,4.0,4.0,0.0,1.0,0.0,0.0,0.003868472,0.0,0,0,0,1,1
60134,-1,0,-0.18005276,0.45510805,0,1,unassigned,5.0,5.0,0.0,1.0,0.0,0.0,0.0058027077,0.0,0,0,0,0,0
60135,-1,1,-0.170811,0.4574008,0,1,unassigned,25.0,25.0,0.0,1.0,0.0,0.0,0.044487428,0.0,1,0,0,0,0
60136,-1,1,-0.011541665,0.4971146,0,1,unassigned,12.0,12.0,0.0,1.0,0.0,0.0,0.01934236,0.0,1,0,0,0,0
60137,0,0,0.22259194,0.5554193,1,1,unassigned,24.0,23.0,1.0,0.9583333,0.041666668,0.041666687,0.04255319,0.0017730496,0,0,0,1,0
60138,-1,0,2.35992,0.9137195,1,1,unassigned,2.0,2.0,0.0,1.0,0.0,0.0,0.0,0.0,0,0,0,1,1
60139,-1,0,0.8439174,0.6992896,1,1,unassigned,10.0,10.0,0.0,1.0,0.0,0.0,0.015473888,0.0,0,0,0,1,0
60140,-1,0,0.03973955,0.5099336,1,1,unassigned,95.0,92.0,3.0,0.96842104,0.031578947,0.031578958,0.17988394,0.0056805452,0,0,0,1,0
60141,-1,0,1.5571246,0.8259404,1,1,unassigned,27.0,27.0,0.0,1.0,0.0,0.0,0.0483559,0.0,0,0,0,1,0
60142,-1,0,-0.8032161,0.309338,0,1,unassigned,9.0,9.0,0.0,1.0,0.0,0.0,0.013539651,0.0,0,0,0,0,0
60143,-1,0,-0.74851686,0.32114455,0,1,unassigned,16.0,16.0,0.0,1.0,0.0,0.0,0.027079303,0.0,0,0,0,0,0
60144,-1,1,7.7538495,0.99957114,1,1,unassigned,4.0,4.0,0.0,1.0,0.0,0.0,0.003868472,0.0,1,0,0,1,1
60145,-1,0,-0.94591564,0.27970695,0,1,unassigned,5.0,5.0,0.0,1.0,0.0,0.0,0.0058027077,0.0,0,0,0,0,0
60146,-1,0,-0.0928396,0.47680676,0,1,unassigned,5.0,5.0,0.0,1.0,0.0,0.0,0.0058027077,0.0,0,0,0,0,0
60147,-1,1,-0.53522974,0.36929798,0,1,unassigned,2.0,2.0,0.0,1.0,0.0,0.0,0.0,0.0,1,0,0,0,0
60148,-1,1,2.477131,0.9225229,1,1,unassigned,3.0,2.0,1.0,0.6666667,0.33333334,0.3333333,0.001934236,0.00064474536,1,0,0,1,1
60149,1,0,-0.35022032,0.413329,0,1,val,3.0,3.0,0.0,1.0,0.0,0.0,0.001934236,0.0,0,0,0,0,0
60150,-1,0,-1.0685588,0.25567725,0,1,unassigned,2.0,2.0,0.0,1.0,0.0,0.0,0.0,0.0,0,0,0,0,0
60151,0,0,-0.5588866,0.36380512,0,0,val,19.0,17.0,2.0,0.8947368,0.10526316,0.10526317,0.032882012,0.0034612645,0,0,1,0,0
60152,1,0,4.6188407,0.99023217,1,0,train,12.0,11.0,1.0,0.9166667,0.083333336,0.08333331,0.01934236,0.0016118633,0,0,1,1,1
60153,-1,0,2.6978958,0.9369024,1,1,unassigned,30.0,28.0,2.0,0.93333334,0.06666667,0.06666666,0.054158606,0.003610574,0,0,0,1,1
60154,-1,0,-0.32836714,0.418638,0,1,unassigned,10.0,10.0,0.0,1.0,0.0,0.0,0.015473888,0.0,0,0,0,0,0
60155,-1,0,2.6466541,0.93380445,1,1,unassigned,9.0,9.0,0.0,1.0,0.0,0.0,0.013539651,0.0,0,0,0,1,1
60156,-1,0,-0.22873712,0.44306377,0,1,unassigned,7.0,6.0,1.0,0.85714287,0.14285715,0.14285713,0.00967118,0.0013815971,0,0,0,0,0
60157,-1,0,2.2360303,0.9034387,1,1,unassigned,9.0,8.0,1.0,0.8888889,0.11111111,0.111111104,0.013539651,0.0015044058,0,0,0,1,1
60158,-1,0,-0.5548296,0.36474463,0,1,unassigned,64.0,64.0,0.0,1.0,0.0,0.0,0.11992263,0.0,0,0,0,0,0
60159,-1,0,-0.4994861,0.37766144,0,1,unassigned,5.0,4.0,1.0,0.8,0.2,0.19999999,0.0058027077,0.0011605415,0,0,0,0,0
60160,-1,0,-0.14344704,0.46419957,0,1,unassigned,10.0,10.0,0.0,1.0,0.0,0.0,0.015473888,0.0,0,0,0,0,0
60161,-1,1,-0.44101566,0.39149898,0,1,unassigned,49.0,48.0,1.0,0.97959185,0.020408163,0.020408154,0.09090909,0.0018552876,1,0,0,0,0
60162,-1,1,2.2395737,0.90374744,1,1,unassigned,3.0,2.0,1.0,0.6666667,0.33333334,0.3333333,0.001934236,0.00064474536,1,0,0,1,1
60163,-1,0,8.921547,0.9998665,1,1,unassigned,6.0,5.0,1.0,0.8333333,0.16666667,0.16666669,0.007736944,0.0012894907,0,0,0,1,1
60164,-1,1,3.797971,0.97807527,1,1,unassigned,7.0,7.0,0.0,1.0,0.0,0.0,0.00967118,0.0,1,0,0,1,1
60165,-1,1,1.967263,0.87731683,1,1,unassigned,2.0,2.0,0.0,1.0,0.0,0.0,0.0,0.0,1,0,0,1,0
60166,-1,0,9.359076,0.9999138,1,1,unassigned,2.0,1.0,1.0,0.5,0.5,0.5,0.0,0.0,0,0,0,1,1
60167,-1,0,3.242986,0.9624203,1,1,unassigned,17.0,17.0,0.0,1.0,0.0,0.0,0.029013539,0.0,0,0,0,1,1
60168,-1,1,5.5622387,0.99617445,1,1,unassigned,9.0,8.0,1.0,0.8888889,0.11111111,0.111111104,0.013539651,0.0015044058,1,0,0,1,1
60169,-1,1,6.536018,0.9985518,1,1,unassigned,20.0,19.0,1.0,0.95,0.05,0.050000012,0.034816246,0.0017408123,1,0,0,1,1
60170,-1,0,8.673893,0.99982905,1,1,unassigned,6.0,5.0,1.0,0.8333333,0.16666667,0.16666669,0.007736944,0.0012894907,0,0,0,1,1
60171,-1,1,-0.30942392,0.42325535,0,1,unassigned,2.0,2.0,0.0,1.0,0.0,0.0,0.0,0.0,1,0,0,0,0
60172,-1,1,3.7143233,0.97620785,1,1,unassigned,6.0,6.0,0.0,1.0,0.0,0.0,0.007736944,0.0,1,0,0,1,1
60173,-1,1,1.0007124,0.7311986,1,1,unassigned,5.0,5.0,0.0,1.0,0.0,0.0,0.0058027077,0.0,1,0,0,1,0
60174,-1,0,-0.57219815,0.36072978,0,1,unassigned,37.0,37.0,0.0,1.0,0.0,0.0,0.06769826,0.0,0,0,0,0,0
60175,-1,0,-0.5995409,0.35444874,0,1,unassigned,20.0,20.0,0.0,1.0,0.0,0.0,0.034816246,0.0,0,0,0,0,0
60176,-1,0,-0.5943814,0.3556302,0,1,unassigned,5.0,5.0,0.0,1.0,0.0,0.0,0.0058027077,0.0,0,0,0,0,0
60177,-1,1,1.3673131,0.7969457,1,1,unassigned,6.0,3.0,3.0,0.5,0.5,0.5,0.007736944,0.003868472,1,0,0,1,0
60178,-1,0,2.291445,0.90816605,1,1,unassigned,16.0,16.0,0.0,1.0,0.0,0.0,0.027079303,0.0,0,0,0,1,1
60179,-1,0,0.61168784,0.64832574,1,1,unassigned,7.0,7.0,0.0,1.0,0.0,0.0,0.00967118,0.0,0,0,0,1,0
60180,-1,0,-0.56129134,0.36324874,0,1,unassigned,7.0,7.0,0.0,1.0,0.0,0.0,0.00967118,0.0,0,0,0,0,0
60181,-1,0,1.0259295,0.73612595,1,1,unassigned,2.0,1.0,1.0,0.5,0.5,0.5,0.0,0.0,0,0,0,1,0
60182,-1,0,-0.34337613,0.4149896,0,1,unassigned,11.0,10.0,1.0,0.90909094,0.09090909,0.090909064,0.017408123,0.0015825568,0,0,0,0,0
60183,-1,1,7.8647866,0.99961615,1,1,unassigned,3.0,3.0,0.0,1.0,0.0,0.0,0.001934236,0.0,1,0,0,1,1
60184,0,0,-0.5268576,0.3712501,0,0,unassigned,12.0,12.0,0.0,1.0,0.0,0.0,0.01934236,0.0,0,0,1,0,0
60185,-1,0,1.3521445,0.79448,1,1,unassigned,31.0,20.0,11.0,0.6451613,0.3548387,0.35483873,0.056092843,0.019903911,0,0,0,1,0
60186,-1,0,1.7328672,0.84977883,1,1,unassigned,4.0,3.0,1.0,0.75,0.25,0.25,0.003868472,0.000967118,0,0,0,1,0
60187,1,0,-0.7783203,0.314682,0,1,test,7.0,7.0,0.0,1.0,0.0,0.0,0.00967118,0.0,0,0,0,0,0
60188,-1,1,-0.3791326,0.40633613,0,1,unassigned,19.0,13.0,6.0,0.68421054,0.31578946,0.31578946,0.032882012,0.010383793,1,0,0,0,0
60189,-1,0,-1.0637057,0.25660193,0,1,unassigned,3.0,2.0,1.0,0.6666667,0.33333334,0.3333333,0.001934236,0.00064474536,0,0,0,0,0
60190,-1,1,4.3442454,0.98718506,1,1,unassigned,3.0,2.0,1.0,0.6666667,0.33333334,0.3333333,0.001934236,0.00064474536,1,0,0,1,1
60191,-1,0,-0.22846302,0.44313136,0,1,unassigned,2.0,2.0,0.0,1.0,0.0,0.0,0.0,0.0,0,0,0,0,0
60192,-1,0,-1.4763244,0.18598324,0,1,unassigned,2.0,2.0,0.0,1.0,0.0,0.0,0.0,0.0,0,0,0,0,0
60193,-1,0,5.7960773,0.99696976,1,1,unassigned,11.0,11.0,0.0,1.0,0.0,0.0,0.017408123,0.0,0,0,0,1,1
60194,-1,1,-0.026926398,0.4932688,0,1,unassigned,16.0,15.0,1.0,0.9375,0.0625,0.0625,0.027079303,0.0016924564,1,0,0,0,0
60195,-1,0,-0.93826574,0.2812508,0,1,unassigned,3.0,3.0,0.0,1.0,0.0,0.0,0.001934236,0.0,0,0,0,0,0
60196,-1,1,-0.7358285,0.323917,0,1,unassigned,34.0,33.0,1.0,0.9705882,0.029411765,0.029411793,0.061895553,0.0018204574,1,0,0,0,0
60197,-1,1,6.5732136,0.9986047,1,1,unassigned,2.0,2.0,0.0,1.0,0.0,0.0,0.0,0.0,1,0,0,1,1
60198,-1,0,0.4391901,0.608066,1,1,unassigned,58.0,58.0,0.0,1.0,0.0,0.0,0.10831721,0.0,0,0,0,1,0
60199,-1,0,1.3255641,0.7901059,1,1,unassigned,7.0,7.0,0.0,1.0,0.0,0.0,0.00967118,0.0,0,0,0,1,0
60200,-1,0,0.439205,0.6080696,1,1,unassigned,7.0,7.0,0.0,1.0,0.0,0.0,0.00967118,0.0,0,0,0,1,0
60201,-1,0,1.9061737,0.8705887,1,1,unassigned,7.0,7.0,0.0,1.0,0.0,0.0,0.00967118,0.0,0,0,0,1,0
60202,-1,0,-0.056062996,0.4859879,0,1,unassigned,9.0,7.0,2.0,0.7777778,0.22222222,0.22222221,0.013539651,0.0030088115,0,0,0,0,0
60203,-1,0,-0.9013884,0.28876528,0,1,unassigned,31.0,31.0,0.0,1.0,0.0,0.0,0.056092843,0.0,0,0,0,0,0
60204,-1,0,-0.28475076,0.42928946,0,1,unassigned,15.0,14.0,1.0,0.93333334,0.06666667,0.06666666,0.025145067,0.0016763379,0,0,0,0,0
60205,-1,0,-0.4556728,0.38801286,0,1,unassigned,22.0,22.0,0.0,1.0,0.0,0.0,0.03868472,0.0,0,0,0,0,0
60206,-1,1,-0.24401137,0.43929806,0,1,unassigned,8.0,8.0,0.0,1.0,0.0,0.0,0.0116054155,0.0,1,0,0,0,0
60207,-1,1,-0.6371171,0.34589854,0,1,unassigned,15.0,14.0,1.0,0.93333334,0.06666667,0.06666666,0.025145067,0.0016763379,1,0,0,0,0
60208,-1,0,0.11171591,0.5279,1,1,unassigned,14.0,14.0,0.0,1.0,0.0,0.0,0.023210831,0.0,0,0,0,1,0
60209,-1,0,1.7821348,0.85596025,1,1,unassigned,20.0,18.0,2.0,0.9,0.1,0.100000024,0.034816246,0.0034816246,0,0,0,1,0
60210,-1,1,-0.23002577,0.4427458,0,1,unassigned,14.0,14.0,0.0,1.0,0.0,0.0,0.023210831,0.0,1,0,0,0,0
60211,-1,1,-0.87474054,0.29426885,0,1,unassigned,30.0,27.0,3.0,0.9,0.1,0.100000024,0.054158606,0.0054158606,1,0,0,0,0
60212,-1,1,-0.64556193,0.34399036,0,1,unassigned,2.0,2.0,0.0,1.0,0.0,0.0,0.0,0.0,1,0,0,0,0
60213,-1,0,1.4359033,0.8078194,1,1,unassigned,2.0,2.0,0.0,1.0,0.0,0.0,0.0,0.0,0,0,0,1,0
60214,-1,0,1.5228729,0.8209611,1,1,unassigned,4.0,4.0,0.0,1.0,0.0,0.0,0.003868472,0.0,0,0,0,1,0
60215,-1,0,4.4140787,0.9880391,1,1,unassigned,38.0,38.0,0.0,1.0,0.0,0.0,0.06963249,0.0,0,0,0,1,1
60216,-1,1,1.3733912,0.7979275,1,1,unassigned,6.0,6.0,0.0,1.0,0.0,0.0,0.007736944,0.0,1,0,0,1,0
60217,-1,0,0.78262526,0.6862457,1,1,unassigned,8.0,7.0,1.0,0.875,0.125,0.125,0.0116054155,0.0014506769,0,0,0,1,0
60218,-1,0,1.1446393,0.7585304,1,1,unassigned,8.0,8.0,0.0,1.0,0.0,0.0,0.0116054155,0.0,0,0,0,1,0
60219,-1,0,3.0742595,0.95581836,1,1,unassigned,13.0,13.0,0.0,1.0,0.0,0.0,0.021276595,0.0,0,0,0,1,1
60220,-1,0,1.649261,0.8387912,1,1,unassigned,10.0,10.0,0.0,1.0,0.0,0.0,0.015473888,0.0,0,0,0,1,0
60221,-1,0,0.32175857,0.57975274,1,1,unassigned,40.0,40.0,0.0,1.0,0.0,0.0,0.07350097,0.0,0,0,0,1,0
60222,-1,0,7.2953553,0.9993218,1,1,unassigned,4.0,4.0,0.0,1.0,0.0,0.0,0.003868472,0.0,0,0,0,1,1
60223,-1,0,5.8359427,0.9970879,1,1,unassigned,2.0,2.0,0.0,1.0,0.0,0.0,0.0,0.0,0,0,0,1,1
60224,-1,0,-0.7190548,0.32760113,0,1,unassigned,5.0,5.0,0.0,1.0,0.0,0.0,0.0058027077,0.0,0,0,0,0,0
60225,-1,0,-0.685858,0.33495513,0,1,unassigned,5.0,4.0,1.0,0.8,0.2,0.19999999,0.0058027077,0.0011605415,0,0,0,0,0
60226,-1,0,-0.6210208,0.34954932,0,1,unassigned,5.0,4.0,1.0,0.8,0.2,0.19999999,0.0058027077,0.0011605415,0,0,0,0,0
60227,-1,1,-0.2124848,0.44707778,0,1,unassigned,25.0,25.0,0.0,1.0,0.0,0.0,0.044487428,0.0,1,0,0,0,0
60228,-1,0,2.6364124,0.9331686,1,1,unassigned,4.0,4.0,0.0,1.0,0.0,0.0,0.003868472,0.0,0,0,0,1,1
60229,-1,0,1.6465802,0.8384283,1,1,unassigned,4.0,4.0,0.0,1.0,0.0,0.0,0.003868472,0.0,0,0,0,1,0
60230,-1,0,1.4878619,0.8157571,1,1,unassigned,2.0,1.0,1.0,0.5,0.5,0.5,0.0,0.0,0,0,0,1,0
60231,-1,0,5.8149967,0.9970264,1,1,unassigned,3.0,3.0,0.0,1.0,0.0,0.0,0.001934236,0.0,0,0,0,1,1
60232,-1,0,-0.15294653,0.46183774,0,1,unassigned,23.0,23.0,0.0,1.0,0.0,0.0,0.040618956,0.0,0,0,0,0,0
60233,-1,0,1.3248472,0.78998697,1,1,unassigned,3.0,2.0,1.0,0.6666667,0.33333334,0.3333333,0.001934236,0.00064474536,0,0,0,1,0
60234,-1,1,5.610645,0.9963547,1,1,unassigned,4.0,4.0,0.0,1.0,0.0,0.0,0.003868472,0.0,1,0,0,1,1
60235,-1,1,0.9260405,0.7162713,1,1,unassigned,2.0,2.0,0.0,1.0,0.0,0.0,0.0,0.0,1,0,0,1,0
60236,-1,0,-0.53840387,0.36855894,0,1,unassigned,2.0,1.0,1.0,0.5,0.5,0.5,0.0,0.0,0,0,0,0,0
60237,-1,0,-0.50742155,0.3757982,0,1,unassigned,17.0,16.0,1.0,0.9411765,0.05882353,0.058823526,0.029013539,0.0017066788,0,0,0,0,0
60238,-1,0,-0.6810342,0.3360305,0,1,unassigned,17.0,17.0,0.0,1.0,0.0,0.0,0.029013539,0.0,0,0,0,0,0
60239,-1,0,1.5200486,0.8205457,1,1,unassigned,7.0,6.0,1.0,0.85714287,0.14285715,0.14285713,0.00967118,0.0013815971,0,0,0,1,0
60240,-1,0,-0.05429107,0.48643056,0,1,unassigned,7.0,7.0,0.0,1.0,0.0,0.0,0.00967118,0.0,0,0,0,0,0
60241,-1,0,6.8028684,0.9988907,1,1,unassigned,24.0,21.0,3.0,0.875,0.125,0.125,0.04255319,0.005319149,0,0,0,1,1
60242,0,1,-0.113711625,0.47160268,0,0,unassigned,65.0,65.0,0.0,1.0,0.0,0.0,0.12185687,0.0,1,0,1,0,0
60243,-1,1,-0.18206668,0.45460865,0,1,unassigned,74.0,74.0,0.0,1.0,0.0,0.0,0.13926499,0.0,1,0,0,0,0
60244,-1,1,0.050090373,0.51251996,1,1,unassigned,37.0,36.0,1.0,0.972973,0.027027028,0.02702701,0.06769826,0.0018296828,1,0,0,1,0
60245,0,1,-0.19203258,0.45213884,0,0,unassigned,22.0,22.0,0.0,1.0,0.0,0.0,0.03868472,0.0,1,0,1,0,0
60246,-1,1,-0.07027274,0.48243907,0,1,unassigned,20.0,20.0,0.0,1.0,0.0,0.0,0.034816246,0.0,1,0,0,0,0
60247,-1,1,-0.1930694,0.45188203,0,1,unassigned,27.0,27.0,0.0,1.0,0.0,0.0,0.0483559,0.0,1,0,0,0,0
60248,-1,1,3.4100626,0.9680176,1,1,unassigned,4.0,4.0,0.0,1.0,0.0,0.0,0.003868472,0.0,1,0,0,1,1
60249,-1,1,1.3219159,0.7895003,1,1,unassigned,3.0,3.0,0.0,1.0,0.0,0.0,0.001934236,0.0,1,0,0,1,0
60250,-1,1,0.24286753,0.56042016,1,1,unassigned,2.0,2.0,0.0,1.0,0.0,0.0,0.0,0.0,1,0,0,1,0
60251,-1,0,1.5636117,0.826871,1,1,unassigned,39.0,38.0,1.0,0.974359,0.025641026,0.025641024,0.07156673,0.0018350444,0,0,0,1,0
60252,-1,1,4.1962757,0.9851717,1,1,unassigned,28.0,18.0,10.0,0.64285713,0.35714287,0.35714287,0.050290134,0.017960763,1,0,0,1,1
60253,-1,0,1.7202618,0.84816253,1,1,unassigned,43.0,42.0,1.0,0.9767442,0.023255814,0.023255825,0.079303674,0.0018442714,0,0,0,1,0
60254,0,0,-0.23900664,0.4405312,0,0,unassigned,28.0,28.0,0.0,1.0,0.0,0.0,0.050290134,0.0,0,0,1,0,0
60255,-1,0,2.2275636,0.90269756,1,1,unassigned,40.0,39.0,1.0,0.975,0.025,0.024999976,0.07350097,0.0018375242,0,0,0,1,1
60256,-1,1,4.3121276,0.98677236,1,1,unassigned,7.0,7.0,0.0,1.0,0.0,0.0,0.00967118,0.0,1,0,0,1,1
60257,-1,0,3.9066594,0.98028886,1,1,unassigned,2.0,1.0,1.0,0.5,0.5,0.5,0.0,0.0,0,0,0,1,1
60258,-1,0,7.9384723,0.9996433,1,1,unassigned,6.0,3.0,3.0,0.5,0.5,0.5,0.007736944,0.003868472,0,0,0,1,1
60259,-1,1,0.31453687,0.57799226,1,1,unassigned,11.0,10.0,1.0,0.90909094,0.09090909,0.090909064,0.017408123,0.0015825568,1,0,0,1,0
60260,-1,0,-0.8106559,0.30775073,0,1,unassigned,9.0,9.0,0.0,1.0,0.0,0.0,0.013539651,0.0,0,0,0,0,0
60261,-1,0,3.4156864,0.9681912,1,1,unassigned,3.0,1.0,2.0,0.33333334,0.6666667,0.6666666,0.001934236,0.0012894907,0,0,0,1,1
60262,-1,0,-0.3595122,0.41107762,0,1,unassigned,16.0,16.0,0.0,1.0,0.0,0.0,0.027079303,0.0,0,0,0,0,0
60263,-1,0,4.35313,0.98729694,1,1,unassigned,6.0,3.0,3.0,0.5,0.5,0.5,0.007736944,0.003868472,0,0,0,1,1
60264,-1,0,2.3248527,0.9109145,1,1,unassigned,5.0,4.0,1.0,0.8,0.2,0.19999999,0.0058027077,0.0011605415,0,0,0,1,1
60265,-1,1,-0.71867406,0.32768506,0,1,unassigned,36.0,36.0,0.0,1.0,0.0,0.0,0.065764025,0.0,1,0,0,0,0
60266,-1,0,3.3119612,0.96483684,1,1,unassigned,5.0,5.0,0.0,1.0,0.0,0.0,0.0058027077,0.0,0,0,0,1,1
60267,-1,0,1.3329446,0.7913273,1,1,unassigned,10.0,10.0,0.0,1.0,0.0,0.0,0.015473888,0.0,0,0,0,1,0
60268,-1,0,2.654868,0.93431044,1,1,unassigned,36.0,34.0,2.0,0.9444444,0.055555556,0.055555582,0.065764025,0.003653557,0,0,0,1,1
60269,-1,0,-0.15082788,0.46236435,0,1,unassigned,17.0,17.0,0.0,1.0,0.0,0.0,0.029013539,0.0,0,0,0,0,0
60270,-1,1,0.08836526,0.52207696,1,1,unassigned,36.0,35.0,1.0,0.9722222,0.027777778,0.027777791,0.065764025,0.0018267785,1,0,0,1,0
60271,-1,1,3.176207,0.95992905,1,1,unassigned,12.0,11.0,1.0,0.9166667,0.083333336,0.08333331,0.01934236,0.0016118633,1,0,0,1,1
60272,-1,1,-0.3808788,0.40591496,0,1,unassigned,33.0,32.0,1.0,0.969697,0.030303031,0.030303001,0.059961315,0.0018170096,1,0,0,0,0
60273,-1,1,12.391569,0.9999958,1,1,unassigned,5.0,4.0,1.0,0.8,0.2,0.19999999,0.0058027077,0.0011605415,1,0,0,1,1
60274,-1,1,1.9014719,0.87005806,1,1,unassigned,3.0,3.0,0.0,1.0,0.0,0.0,0.001934236,0.0,1,0,0,1,0
60275,-1,1,0.20919287,0.55210835,1,1,unassigned,4.0,4.0,0.0,1.0,0.0,0.0,0.003868472,0.0,1,0,0,1,0
60276,-1,0,4.3627305,0.98741674,1,1,unassigned,6.0,6.0,0.0,1.0,0.0,0.0,0.007736944,0.0,0,0,0,1,1
60277,-1,1,2.6832368,0.9360302,1,1,unassigned,2.0,2.0,0.0,1.0,0.0,0.0,0.0,0.0,1,0,0,1,1
60278,-1,1,-0.19831565,0.45058295,0,1,unassigned,42.0,42.0,0.0,1.0,0.0,0.0,0.07736944,0.0,1,0,0,0,0
60279,-1,1,0.26262146,0.5652806,1,1,unassigned,10.0,9.0,1.0,0.9,0.1,0.100000024,0.015473888,0.0015473888,1,0,0,1,0
60280,0,1,-0.35733113,0.41160578,0,0,val,17.0,17.0,0.0,1.0,0.0,0.0,0.029013539,0.0,1,0,1,0,0
60281,-1,0,2.2843,0.90756845,1,1,unassigned,3.0,3.0,0.0,1.0,0.0,0.0,0.001934236,0.0,0,0,0,1,1
60282,-1,1,3.4010665,0.96773785,1,1,unassigned,12.0,12.0,0.0,1.0,0.0,0.0,0.01934236,0.0,1,0,0,1,1
60283,-1,0,-0.4471907,0.39002892,0,1,unassigned,6.0,6.0,0.0,1.0,0.0,0.0,0.007736944,0.0,0,0,0,0,0
60284,-1,0,1.611604,0.8336339,1,1,unassigned,2.0,1.0,1.0,0.5,0.5,0.5,0.0,0.0,0,0,0,1,0
60285,-1,0,5.0029283,0.99332654,1,1,unassigned,14.0,13.0,1.0,0.9285714,0.071428575,0.0714286,0.023210831,0.0016579166,0,0,0,1,1
60286,-1,0,1.0654283,0.74372655,1,1,unassigned,2.0,1.0,1.0,0.5,0.5,0.5,0.0,0.0,0,0,0,1,0
60287,-1,1,1.956243,0.87612575,1,1,unassigned,3.0,3.0,0.0,1.0,0.0,0.0,0.001934236,0.0,1,0,0,1,0
60288,-1,1,1.656507,0.8397686,1,1,unassigned,7.0,7.0,0.0,1.0,0.0,0.0,0.00967118,0.0,1,0,0,1,0
60289,-1,1,3.7873662,0.9778466,1,1,unassigned,7.0,7.0,0.0,1.0,0.0,0.0,0.00967118,0.0,1,0,0,1,1
60290,-1,0,2.8273962,0.94413847,1,1,unassigned,9.0,9.0,0.0,1.0,0.0,0.0,0.013539651,0.0,0,0,0,1,1
60291,-1,0,0.8187793,0.6939771,1,1,unassigned,11.0,11.0,0.0,1.0,0.0,0.0,0.017408123,0.0,0,0,0,1,0
60292,-1,1,0.81536585,0.6932517,1,1,unassigned,12.0,12.0,0.0,1.0,0.0,0.0,0.01934236,0.0,1,0,0,1,0
60293,-1,0,-0.6814016,0.33594856,0,1,unassigned,14.0,14.0,0.0,1.0,0.0,0.0,0.023210831,0.0,0,0,0,0,0
60294,-1,1,1.0259295,0.73612595,1,1,unassigned,2.0,2.0,0.0,1.0,0.0,0.0,0.0,0.0,1,0,0,1,0
60295,0,1,0.025034785,0.50625837,1,1,unassigned,27.0,27.0,0.0,1.0,0.0,0.0,0.0483559,0.0,1,0,0,1,0
60296,-1,0,-0.91328025,0.28632906,0,1,unassigned,32.0,32.0,0.0,1.0,0.0,0.0,0.058027077,0.0,0,0,0,0,0
60297,-1,1,0.584335,0.6420643,1,1,unassigned,3.0,2.0,1.0,0.6666667,0.33333334,0.3333333,0.001934236,0.00064474536,1,0,0,1,0
60298,-1,0,-0.66691995,0.33918685,0,1,unassigned,19.0,19.0,0.0,1.0,0.0,0.0,0.032882012,0.0,0,0,0,0,0
60299,1,0,-0.06725484,0.48319265,0,1,unassigned,12.0,12.0,0.0,1.0,0.0,0.0,0.01934236,0.0,0,0,0,0,0
60300,-1,0,0.7920851,0.68827885,1,1,unassigned,2.0,1.0,1.0,0.5,0.5,0.5,0.0,0.0,0,0,0,1,0
60301,-1,1,3.4199173,0.96832126,1,1,unassigned,4.0,4.0,0.0,1.0,0.0,0.0,0.003868472,0.0,1,0,0,1,1
60302,-1,1,7.665051,0.99953127,1,1,unassigned,19.0,16.0,3.0,0.84210527,0.15789473,0.15789473,0.032882012,0.0051918966,1,0,0,1,1
60303,1,0,2.3985405,0.9167159,1,0,unassigned,8.0,8.0,0.0,1.0,0.0,0.0,0.0116054155,0.0,0,0,1,1,1
60304,-1,1,1.3789921,0.7988291,1,1,unassigned,35.0,35.0,0.0,1.0,0.0,0.0,0.06382979,0.0,1,0,0,1,0
60305,-1,1,1.2652473,0.7799281,1,1,unassigned,10.0,8.0,2.0,0.8,0.2,0.19999999,0.015473888,0.0030947777,1,0,0,1,0
60306,-1,1,0.14150721,0.5353179,1,1,unassigned,11.0,11.0,0.0,1.0,0.0,0.0,0.017408123,0.0,1,0,0,1,0
60307,-1,0,-0.9213478,0.28468335,0,1,unassigned,25.0,25.0,0.0,1.0,0.0,0.0,0.044487428,0.0,0,0,0,0,0
60308,-1,0,-0.21498898,0.44645885,0,1,unassigned,7.0,7.0,0.0,1.0,0.0,0.0,0.00967118,0.0,0,0,0,0,0
60309,-1,0,-0.51667625,0.37362975,0,1,unassigned,22.0,22.0,0.0,1.0,0.0,0.0,0.03868472,0.0,0,0,0,0,0
60310,1,0,1.6011422,0.83217794,1,0,test,39.0,28.0,11.0,0.71794873,0.2820513,0.28205127,0.07156673,0.02018549,0,0,1,1,0
60311,-1,0,0.6405187,0.6548707,1,1,unassigned,64.0,63.0,1.0,0.984375,0.015625,0.015625,0.11992263,0.0018737911,0,0,0,1,0
60312,-1,0,0.3178745,0.57880616,1,1,unassigned,7.0,7.0,0.0,1.0,0.0,0.0,0.00967118,0.0,0,0,0,1,0
60313,-1,1,3.431318,0.9686692,1,1,unassigned,3.0,2.0,1.0,0.6666667,0.33333334,0.3333333,0.001934236,0.00064474536,1,0,0,1,1
60314,-1,0,1.2828245,0.78293014,1,1,unassigned,2.0,1.0,1.0,0.5,0.5,0.5,0.0,0.0,0,0,0,1,0
60315,-1,0,2.223918,0.90237683,1,1,unassigned,3.0,1.0,2.0,0.33333334,0.6666667,0.6666666,0.001934236,0.0012894907,0,0,0,1,1
60316,-1,1,1.122566,0.7544644,1,1,unassigned,2.0,2.0,0.0,1.0,0.0,0.0,0.0,0.0,1,0,0,1,0
60317,-1,0,0.9031902,0.7116046,1,1,unassigned,8.0,8.0,0.0,1.0,0.0,0.0,0.0116054155,0.0,0,0,0,1,0
60318,-1,1,2.3415477,0.91226006,1,1,unassigned,4.0,3.0,1.0,0.75,0.25,0.25,0.003868472,0.000967118,1,0,0,1,1
60319,-1,0,0.7733864,0.68425304,1,1,unassigned,6.0,6.0,0.0,1.0,0.0,0.0,0.007736944,0.0,0,0,0,1,0
60320,-1,1,2.4903731,0.9234642,1,1,unassigned,16.0,14.0,2.0,0.875,0.125,0.125,0.027079303,0.0033849129,1,0,0,1,1
60321,-1,0,2.1228704,0.8931063,1,1,unassigned,14.0,13.0,1.0,0.9285714,0.071428575,0.0714286,0.023210831,0.0016579166,0,0,0,1,0
60322,-1,0,0.6873408,0.6653751,1,1,unassigned,3.0,3.0,0.0,1.0,0.0,0.0,0.001934236,0.0,0,0,0,1,0
60323,-1,1,-0.40957028,0.3990152,0,1,unassigned,5.0,5.0,0.0,1.0,0.0,0.0,0.0058027077,0.0,1,0,0,0,0
60324,-1,0,3.941262,0.98094636,1,1,unassigned,3.0,2.0,1.0,0.6666667,0.33333334,0.3333333,0.001934236,0.00064474536,0,0,0,1,1
60325,-1,1,-0.14408252,0.4640416,0,1,unassigned,9.0,9.0,0.0,1.0,0.0,0.0,0.013539651,0.0,1,0,0,0,0
60326,-1,1,1.5163519,0.82000065,1,1,unassigned,4.0,4.0,0.0,1.0,0.0,0.0,0.003868472,0.0,1,0,0,1,0
60327,-1,1,6.027908,0.99759525,1,1,unassigned,3.0,2.0,1.0,0.6666667,0.33333334,0.3333333,0.001934236,0.00064474536,1,0,0,1,1
60328,-1,1,3.21544,0.96141124,1,1,unassigned,3.0,3.0,0.0,1.0,0.0,0.0,0.001934236,0.0,1,0,0,1,1
60329,-1,0,0.643683,0.6555856,1,1,unassigned,28.0,3.0,25.0,0.10714286,0.89285713,0.89285713,0.050290134,0.044901904,0,0,0,1,0
60330,-1,1,0.1703214,0.54247767,1,1,unassigned,17.0,17.0,0.0,1.0,0.0,0.0,0.029013539,0.0,1,0,0,1,0
60331,-1,0,-0.20724982,0.4483722,0,1,unassigned,12.0,12.0,0.0,1.0,0.0,0.0,0.01934236,0.0,0,0,0,0,0
60332,0,0,-0.68570775,0.3349886,0,0,unassigned,15.0,14.0,1.0,0.93333334,0.06666667,0.06666666,0.025145067,0.0016763379,0,0,1,0,0
60333,0,0,0.28208286,0.5700568,1,1,val,23.0,23.0,0.0,1.0,0.0,0.0,0.040618956,0.0,0,0,0,1,0
60334,-1,0,2.9029741,0.9479932,1,1,unassigned,3.0,3.0,0.0,1.0,0.0,0.0,0.001934236,0.0,0,0,0,1,1
60335,-1,0,5.557154,0.9961551,1,1,unassigned,11.0,11.0,0.0,1.0,0.0,0.0,0.017408123,0.0,0,0,0,1,1
60336,-1,0,2.7900946,0.9421382,1,1,unassigned,2.0,2.0,0.0,1.0,0.0,0.0,0.0,0.0,0,0,0,1,1
60337,-1,0,0.5831018,0.6417808,1,1,unassigned,6.0,6.0,0.0,1.0,0.0,0.0,0.007736944,0.0,0,0,0,1,0
60338,-1,0,2.2219508,0.90220344,1,1,unassigned,5.0,5.0,0.0,1.0,0.0,0.0,0.0058027077,0.0,0,0,0,1,1
60339,-1,0,0.9074951,0.7124873,1,1,unassigned,6.0,6.0,0.0,1.0,0.0,0.0,0.007736944,0.0,0,0,0,1,0
60340,-1,1,0.22908288,0.55702156,1,1,unassigned,43.0,39.0,4.0,0.90697676,0.093023255,0.09302324,0.079303674,0.0073770857,1,0,0,1,0
60341,1,0,0.39734977,0.5980508,1,0,val,7.0,7.0,0.0,1.0,0.0,0.0,0.00967118,0.0,0,0,1,1,0
60342,-1,1,2.8767993,0.9466876,1,1,unassigned,13.0,11.0,2.0,0.84615386,0.15384616,0.15384614,0.021276595,0.0032733225,1,0,0,1,1
60343,-1,0,4.616755,0.9902119,1,1,unassigned,8.0,7.0,1.0,0.875,0.125,0.125,0.0116054155,0.0014506769,0,0,0,1,1
60344,-1,0,0.984912,0.72808176,1,1,unassigned,2.0,2.0,0.0,1.0,0.0,0.0,0.0,0.0,0,0,0,1,0
60345,-1,1,-0.07348168,0.48163784,0,1,unassigned,24.0,24.0,0.0,1.0,0.0,0.0,0.04255319,0.0,1,0,0,0,0
60346,-1,1,1.1035397,0.7509228,1,1,unassigned,6.0,6.0,0.0,1.0,0.0,0.0,0.007736944,0.0,1,0,0,1,0
60347,-1,1,6.233318,0.998041,1,1,unassigned,5.0,5.0,0.0,1.0,0.0,0.0,0.0058027077,0.0,1,0,0,1,1
60348,-1,1,4.37104,0.9875196,1,1,unassigned,4.0,4.0,0.0,1.0,0.0,0.0,0.003868472,0.0,1,0,0,1,1
60349,-1,1,-0.41534048,0.39763227,0,1,unassigned,69.0,67.0,2.0,0.9710145,0.028985508,0.0289855,0.1295938,0.0037563422,1,0,0,0,0
60350,-1,1,0.39949185,0.5985656,1,1,unassigned,22.0,22.0,0.0,1.0,0.0,0.0,0.03868472,0.0,1,0,0,1,0
60351,-1,0,-0.31301576,0.42237878,0,1,unassigned,3.0,3.0,0.0,1.0,0.0,0.0,0.001934236,0.0,0,0,0,0,0
60352,-1,0,0.95200855,0.72151893,1,1,unassigned,13.0,13.0,0.0,1.0,0.0,0.0,0.021276595,0.0,0,0,0,1,0
60353,-1,1,-0.94945335,0.27899477,0,1,unassigned,45.0,45.0,0.0,1.0,0.0,0.0,0.08317215,0.0,1,0,0,0,0
60354,-1,0,-0.27965593,0.43053812,0,1,unassigned,2.0,2.0,0.0,1.0,0.0,0.0,0.0,0.0,0,0,0,0,0
60355,-1,1,-0.23352692,0.44188216,0,1,unassigned,21.0,20.0,1.0,0.95238096,0.04761905,0.047619045,0.036750484,0.0017500231,1,0,0,0,0
60356,-1,0,1.1206572,0.75411063,1,1,unassigned,8.0,8.0,0.0,1.0,0.0,0.0,0.0116054155,0.0,0,0,0,1,0
60357,1,0,3.7938883,0.9779875,1,0,train,2.0,1.0,1.0,0.5,0.5,0.5,0.0,0.0,0,0,1,1,1
60358,-1,1,1.1407633,0.7578197,1,1,unassigned,2.0,2.0,0.0,1.0,0.0,0.0,0.0,0.0,1,0,0,1,0
60359,0,0,-0.36288285,0.41026187,0,0,unassigned,8.0,8.0,0.0,1.0,0.0,0.0,0.0116054155,0.0,0,0,1,0,0
60360,-1,0,0.36886197,0.59118396,1,1,unassigned,9.0,9.0,0.0,1.0,0.0,0.0,0.013539651,0.0,0,0,0,1,0
60361,-1,0,8.438416,0.9997837,1,1,unassigned,3.0,3.0,0.0,1.0,0.0,0.0,0.001934236,0.0,0,0,0,1,1
60362,-1,1,-0.26293567,0.4346422,0,1,unassigned,41.0,41.0,0.0,1.0,0.0,0.0,0.07543521,0.0,1,0,0,0,0
60363,-1,1,0.106410086,0.5265775,1,1,unassigned,75.0,73.0,2.0,0.97333336,0.026666667,0.026666641,0.14119923,0.003765313,1,0,0,1,0
60364,-1,1,1.304677,0.78662103,1,1,unassigned,37.0,36.0,1.0,0.972973,0.027027028,0.02702701,0.06769826,0.0018296828,1,0,0,1,0
60365,0,1,0.016890466,0.5042225,1,1,train,33.0,33.0,0.0,1.0,0.0,0.0,0.059961315,0.0,1,0,0,1,0
60366,-1,1,-0.21145985,0.44733116,0,1,unassigned,52.0,51.0,1.0,0.9807692,0.01923077,0.019230783,0.0967118,0.0018598423,1,0,0,0,0
60367,-1,1,-0.725652,0.32614958,0,1,unassigned,56.0,54.0,2.0,0.96428573,0.035714287,0.03571427,0.10444874,0.0037303125,1,0,0,0,0
60368,-1,1,-0.68633175,0.3348496,0,1,unassigned,46.0,44.0,2.0,0.95652175,0.04347826,0.04347825,0.08510638,0.0037002775,1,0,0,0,0
60369,1,1,1.6177256,0.8344812,1,0,val,4.0,3.0,1.0,0.75,0.25,0.25,0.003868472,0.000967118,1,0,1,1,0
60370,-1,1,-0.48899883,0.38012943,0,1,unassigned,22.0,21.0,1.0,0.95454544,0.045454547,0.04545456,0.03868472,0.0017583964,1,0,0,0,0
60371,-1,1,0.534926,0.63063127,1,1,unassigned,28.0,26.0,2.0,0.9285714,0.071428575,0.0714286,0.050290134,0.0035921526,1,0,0,1,0
60372,-1,1,-0.72341776,0.3266408,0,1,unassigned,42.0,41.0,1.0,0.97619045,0.023809524,0.023809552,0.07736944,0.0018421295,1,0,0,0,0
60373,-1,1,3.5552208,0.9722188,1,1,unassigned,7.0,5.0,2.0,0.71428573,0.2857143,0.28571427,0.00967118,0.0027631943,1,0,0,1,1
60374,1,0,1.8691328,0.86635786,1,0,unassigned,6.0,6.0,0.0,1.0,0.0,0.0,0.007736944,0.0,0,0,1,1,0
60375,-1,1,-0.83040667,0.30355906,0,1,unassigned,3.0,3.0,0.0,1.0,0.0,0.0,0.001934236,0.0,1,0,0,0,0
60376,-1,0,1.8874412,0.8684635,1,1,unassigned,4.0,3.0,1.0,0.75,0.25,0.25,0.003868472,0.000967118,0,0,0,1,0
60377,-1,0,2.9813225,0.95172316,1,1,unassigned,7.0,7.0,0.0,1.0,0.0,0.0,0.00967118,0.0,0,0,0,1,1
60378,-1,1,0.40933985,0.60092956,1,1,unassigned,11.0,10.0,1.0,0.90909094,0.09090909,0.090909064,0.017408123,0.0015825568,1,0,0,1,0
60379,-1,1,0.08391243,0.5209658,1,1,unassigned,11.0,11.0,0.0,1.0,0.0,0.0,0.017408123,0.0,1,0,0,1,0
60380,1,1,0.4303673,0.6059614,1,0,unassigned,29.0,29.0,0.0,1.0,0.0,0.0,0.05222437,0.0,1,0,1,1,0
60381,-1,0,-0.25204477,0.4373203,0,1,unassigned,8.0,8.0,0.0,1.0,0.0,0.0,0.0116054155,0.0,0,0,0,0,0
60382,-1,0,6.1389575,0.99784744,1,1,unassigned,7.0,6.0,1.0,0.85714287,0.14285715,0.14285713,0.00967118,0.0013815971,0,0,0,1,1
60383,-1,0,4.973445,0.9931283,1,1,unassigned,4.0,4.0,0.0,1.0,0.0,0.0,0.003868472,0.0,0,0,0,1,1
60384,1,1,-0.3128302,0.42242408,0,1,unassigned,4.0,1.0,3.0,0.25,0.75,0.75,0.003868472,0.002901354,1,0,0,0,0
60385,-1,0,1.1245859,0.7548384,1,1,unassigned,3.0,1.0,2.0,0.33333334,0.6666667,0.6666666,0.001934236,0.0012894907,0,0,0,1,0
60386,-1,0,8.393599,0.9997738,1,1,unassigned,21.0,19.0,2.0,0.9047619,0.0952381,0.09523809,0.036750484,0.0035000462,0,0,0,1,1
60387,-1,0,6.5269313,0.9985386,1,1,unassigned,14.0,12.0,2.0,0.85714287,0.14285715,0.14285713,0.023210831,0.0033158332,0,0,0,1,1
60388,-1,0,-0.021134675,0.4947165,0,1,unassigned,7.0,7.0,0.0,1.0,0.0,0.0,0.00967118,0.0,0,0,0,0,0
60389,0,1,-0.6787852,0.33653247,0,0,unassigned,77.0,77.0,0.0,1.0,0.0,0.0,0.14506769,0.0,1,0,1,0,0
60390,-1,0,10.388586,0.99996924,1,1,unassigned,129.0,118.0,11.0,0.9147287,0.08527132,0.0852713,0.24564797,0.020946726,0,0,0,1,1
60391,1,0,3.923673,0.98061484,1,0,unassigned,21.0,18.0,3.0,0.85714287,0.14285715,0.14285713,0.036750484,0.0052500693,0,0,1,1,1
60392,0,1,-0.8457279,0.30032977,0,0,test,106.0,105.0,1.0,0.990566,0.009433962,0.009433985,0.20116054,0.0018977409,1,0,1,0,0
60393,-1,1,-0.041391492,0.4896536,0,1,unassigned,42.0,42.0,0.0,1.0,0.0,0.0,0.07736944,0.0,1,0,0,0,0
60394,-1,1,-0.5488216,0.36613783,0,1,unassigned,52.0,49.0,3.0,0.9423077,0.057692308,0.05769229,0.0967118,0.005579527,1,0,0,0,0
60395,-1,0,-0.11194879,0.472042,0,1,unassigned,14.0,13.0,1.0,0.9285714,0.071428575,0.0714286,0.023210831,0.0016579166,0,0,0,0,0
60396,-1,0,-0.22180384,0.44477525,0,1,unassigned,3.0,3.0,0.0,1.0,0.0,0.0,0.001934236,0.0,0,0,0,0,0
60397,-1,0,10.517335,0.99997294,1,1,unassigned,5.0,5.0,0.0,1.0,0.0,0.0,0.0058027077,0.0,0,0,0,1,1
60398,1,0,2.138353,0.8945754,1,0,val,4.0,4.0,0.0,1.0,0.0,0.0,0.003868472,0.0,0,0,1,1,0
60399,-1,0,1.5028944,0.81800574,1,1,unassigned,5.0,3.0,2.0,0.6,0.4,0.39999998,0.0058027077,0.002321083,0,0,0,1,0
60400,-1,1,-0.513077,0.3744725,0,1,unassigned,14.0,12.0,2.0,0.85714287,0.14285715,0.14285713,0.023210831,0.0033158332,1,0,0,0,0
60401,-1,0,1.5368891,0.82301205,1,1,unassigned,10.0,9.0,1.0,0.9,0.1,0.100000024,0.015473888,0.0015473888,0,0,0,1,0
60402,-1,0,5.0888696,0.99387276,1,1,unassigned,3.0,3.0,0.0,1.0,0.0,0.0,0.001934236,0.0,0,0,0,1,1
60403,0,0,0.24729484,0.56151056,1,1,train,17.0,15.0,2.0,0.88235295,0.11764706,0.11764705,0.029013539,0.0034133575,0,0,0,1,0
60404,-1,1,-0.9154344,0.28588906,0,1,unassigned,35.0,33.0,2.0,0.94285715,0.057142857,0.057142854,0.06382979,0.0036474164,1,0,0,0,0
60405,0,1,-0.6721794,0.33800903,0,0,unassigned,137.0,136.0,1.0,0.99270076,0.00729927,0.0072992444,0.26112187,0.001905999,1,0,1,0,0
60406,-1,1,-0.6356858,0.34622243,0,1,unassigned,67.0,62.0,5.0,0.92537314,0.07462686,0.07462686,0.12572534,0.009382488,1,0,0,0,0
60407,-1,0,-0.6469178,0.3436844,0,1,unassigned,14.0,14.0,0.0,1.0,0.0,0.0,0.023210831,0.0,0,0,0,0,0
60408,0,1,-0.9214253,0.28466755,0,0,val,35.0,32.0,3.0,0.9142857,0.08571429,0.08571428,0.06382979,0.005471125,1,0,1,0,0
60409,-1,1,-0.9279917,0.28333232,0,1,unassigned,49.0,48.0,1.0,0.97959185,0.020408163,0.020408154,0.09090909,0.0018552876,1,0,0,0,0
60410,0,1,-0.88927984,0.29125848,0,0,val,21.0,21.0,0.0,1.0,0.0,0.0,0.036750484,0.0,1,0,1,0,0
60411,-1,0,5.778896,0.99691737,1,1,unassigned,3.0,3.0,0.0,1.0,0.0,0.0,0.001934236,0.0,0,0,0,1,1
60412,-1,0,11.77274,0.99999225,1,1,unassigned,2.0,2.0,0.0,1.0,0.0,0.0,0.0,0.0,0,0,0,1,1
60413,-1,0,2.2961953,0.90856147,1,1,unassigned,5.0,5.0,0.0,1.0,0.0,0.0,0.0058027077,0.0,0,0,0,1,1
60414,-1,0,5.4713135,0.99581194,1,1,unassigned,2.0,2.0,0.0,1.0,0.0,0.0,0.0,0.0,0,0,0,1,1
60415,-1,1,-0.9249143,0.28395763,0,1,unassigned,34.0,34.0,0.0,1.0,0.0,0.0,0.061895553,0.0,1,0,0,0,0
60416,-1,1,6.205753,0.9979863,1,1,unassigned,19.0,10.0,9.0,0.5263158,0.47368422,0.4736842,0.032882012,0.01557569,1,0,0,1,1
60417,-1,0,0.21677554,0.5539827,1,1,unassigned,7.0,7.0,0.0,1.0,0.0,0.0,0.00967118,0.0,0,0,0,1,0
60418,-1,0,1.8664391,0.8660457,1,1,unassigned,7.0,1.0,6.0,0.14285715,0.85714287,0.85714287,0.00967118,0.008289583,0,0,0,1,0
60419,1,0,-0.7500964,0.3208003,0,1,unassigned,2.0,2.0,0.0,1.0,0.0,0.0,0.0,0.0,0,0,0,0,0
60420,-1,0,5.6168303,0.99637705,1,1,unassigned,4.0,1.0,3.0,0.25,0.75,0.75,0.003868472,0.002901354,0,0,0,1,1
60421,-1,0,1.3779342,0.798659,1,1,unassigned,2.0,2.0,0.0,1.0,0.0,0.0,0.0,0.0,0,0,0,1,0
60422,-1,0,3.3045368,0.9645841,1,1,unassigned,10.0,10.0,0.0,1.0,0.0,0.0,0.015473888,0.0,0,0,0,1,1
60423,-1,1,-0.4706101,0.38447183,0,1,unassigned,2.0,2.0,0.0,1.0,0.0,0.0,0.0,0.0,1,0,0,0,0
60424,-1,0,1.0860066,0.747629,1,1,unassigned,20.0,20.0,0.0,1.0,0.0,0.0,0.034816246,0.0,0,0,0,1,0
60425,0,1,-0.197959,0.4506712,0,0,unassigned,52.0,52.0,0.0,1.0,0.0,0.0,0.0967118,0.0,1,0,1,0,0
60426,-1,0,0.31845373,0.57894737,1,1,unassigned,26.0,26.0,0.0,1.0,0.0,0.0,0.046421662,0.0,0,0,0,1,0
60427,-1,0,-0.31299573,0.42238367,0,1,unassigned,9.0,9.0,0.0,1.0,0.0,0.0,0.013539651,0.0,0,0,0,0,0
60428,0,1,-0.8337519,0.3028523,0,0,val,68.0,66.0,2.0,0.9705882,0.029411765,0.029411793,0.12765957,0.0037546933,1,0,1,0,0
60429,-1,1,-0.47589093,0.38322288,0,1,unassigned,32.0,31.0,1.0,0.96875,0.03125,0.03125,0.058027077,0.0018133462,1,0,0,0,0
60430,1,1,-0.02878815,0.4928034,0,1,test,23.0,21.0,2.0,0.9130435,0.08695652,0.0869565,0.040618956,0.0035320832,1,0,0,0,0
60431,-1,1,0.63541824,0.65371704,1,1,unassigned,54.0,53.0,1.0,0.9814815,0.018518519,0.018518507,0.10058027,0.0018625975,1,0,0,1,0
60432,-1,0,0.6131156,0.6486512,1,1,unassigned,15.0,15.0,0.0,1.0,0.0,0.0,0.025145067,0.0,0,0,0,1,0
60433,-1,1,-0.43309057,0.39338854,0,1,unassigned,28.0,27.0,1.0,0.96428573,0.035714287,0.03571427,0.050290134,0.0017960763,1,0,0,0,0
60434,-1,0,1.5944293,0.8312383,1,1,unassigned,5.0,4.0,1.0,0.8,0.2,0.19999999,0.0058027077,0.0011605415,0,0,0,1,0
60435,-1,0,0.8899153,0.7088727,1,1,unassigned,2.0,2.0,0.0,1.0,0.0,0.0,0.0,0.0,0,0,0,1,0
60436,-1,0,1.6251099,0.8354987,1,1,unassigned,6.0,6.0,0.0,1.0,0.0,0.0,0.007736944,0.0,0,0,0,1,0
60437,1,1,-0.3362996,0.41670862,0,1,val,29.0,28.0,1.0,0.9655172,0.03448276,0.034482777,0.05222437,0.0018008404,1,0,0,0,0
60438,0,0,0.4550001,0.6118274,1,1,unassigned,30.0,24.0,6.0,0.8,0.2,0.19999999,0.054158606,0.010831721,0,0,0,1,0
60439,-1,0,5.151694,0.9942437,1,1,unassigned,6.0,6.0,0.0,1.0,0.0,0.0,0.007736944,0.0,0,0,0,1,1
60440,-1,0,1.4585407,0.8113094,1,1,unassigned,11.0,7.0,4.0,0.6363636,0.36363637,0.36363637,0.017408123,0.006330227,0,0,0,1,0
60441,-1,0,0.4236368,0.6043532,1,1,unassigned,7.0,7.0,0.0,1.0,0.0,0.0,0.00967118,0.0,0,0,0,1,0
60442,-1,0,4.3909483,0.9877627,1,1,unassigned,7.0,7.0,0.0,1.0,0.0,0.0,0.00967118,0.0,0,0,0,1,1
60443,-1,0,6.294665,0.9981573,1,1,unassigned,37.0,33.0,4.0,0.8918919,0.10810811,0.1081081,0.06769826,0.0073187314,0,0,0,1,1
60444,-1,0,5.207031,0.99455196,1,1,unassigned,7.0,7.0,0.0,1.0,0.0,0.0,0.00967118,0.0,0,0,0,1,1
60445,-1,0,1.0810018,0.7466835,1,1,unassigned,8.0,6.0,2.0,0.75,0.25,0.25,0.0116054155,0.0029013539,0,0,0,1,0
60446,-1,0,3.5340412,0.971641,1,1,unassigned,6.0,6.0,0.0,1.0,0.0,0.0,0.007736944,0.0,0,0,0,1,1
60447,-1,0,4.5458455,0.9895002,1,1,unassigned,42.0,37.0,5.0,0.88095236,0.11904762,0.11904764,0.07736944,0.009210647,0,0,0,1,1
60448,-1,1,-0.3542674,0.41234794,0,1,unassigned,7.0,7.0,0.0,1.0,0.0,0.0,0.00967118,0.0,1,0,0,0,0
60449,-1,0,0.4156888,0.60245115,1,1,unassigned,15.0,14.0,1.0,0.93333334,0.06666667,0.06666666,0.025145067,0.0016763379,0,0,0,1,0
60450,-1,1,-0.88593286,0.29194987,0,1,unassigned,7.0,7.0,0.0,1.0,0.0,0.0,0.00967118,0.0,1,0,0,0,0
60451,-1,1,-0.8535727,0.29868394,0,1,unassigned,5.0,5.0,0.0,1.0,0.0,0.0,0.0058027077,0.0,1,0,0,0,0
60452,-1,0,2.835458,0.94456214,1,1,unassigned,5.0,4.0,1.0,0.8,0.2,0.19999999,0.0058027077,0.0011605415,0,0,0,1,1
60453,-1,0,3.1928542,0.9605645,1,1,unassigned,21.0,20.0,1.0,0.95238096,0.04761905,0.047619045,0.036750484,0.0017500231,0,0,0,1,1
60454,-1,1,0.35499674,0.58782876,1,1,unassigned,21.0,21.0,0.0,1.0,0.0,0.0,0.036750484,0.0,1,0,0,1,0
60455,-1,1,-0.6123273,0.35152853,0,1,unassigned,19.0,19.0,0.0,1.0,0.0,0.0,0.032882012,0.0,1,0,0,0,0
60456,-1,0,1.5036147,0.81811297,1,1,unassigned,16.0,15.0,1.0,0.9375,0.0625,0.0625,0.027079303,0.0016924564,0,0,0,1,0
60457,1,0,4.133882,0.98423207,1,0,test,7.0,6.0,1.0,0.85714287,0.14285715,0.14285713,0.00967118,0.0013815971,0,0,1,1,1
60458,-1,0,0.09451032,0.52361,1,1,unassigned,7.0,6.0,1.0,0.85714287,0.14285715,0.14285713,0.00967118,0.0013815971,0,0,0,1,0
60459,-1,0,0.95589596,0.72229934,1,1,unassigned,6.0,6.0,0.0,1.0,0.0,0.0,0.007736944,0.0,0,0,0,1,0
60460,-1,0,3.619002,0.97389054,1,1,unassigned,10.0,3.0,7.0,0.3,0.7,0.7,0.015473888,0.010831722,0,0,0,1,1
60461,-1,0,0.23190856,0.5577187,1,1,unassigned,2.0,2.0,0.0,1.0,0.0,0.0,0.0,0.0,0,0,0,1,0
60462,-1,0,2.6995075,0.9369976,1,1,unassigned,8.0,8.0,0.0,1.0,0.0,0.0,0.0116054155,0.0,0,0,0,1,1
60463,-1,0,0.48605686,0.6191771,1,1,unassigned,8.0,8.0,0.0,1.0,0.0,0.0,0.0116054155,0.0,0,0,0,1,0
60464,1,0,5.906247,0.997285,1,0,unassigned,5.0,5.0,0.0,1.0,0.0,0.0,0.0058027077,0.0,0,0,1,1,1
60465,-1,0,6.447863,0.99841857,1,1,unassigned,9.0,9.0,0.0,1.0,0.0,0.0,0.013539651,0.0,0,0,0,1,1
60466,-1,0,11.43354,0.99998915,1,1,unassigned,2.0,1.0,1.0,0.5,0.5,0.5,0.0,0.0,0,0,0,1,1
60467,-1,0,1.021028,0.73517275,1,1,unassigned,6.0,6.0,0.0,1.0,0.0,0.0,0.007736944,0.0,0,0,0,1,0
60468,1,0,5.4320073,0.9956448,1,0,unassigned,2.0,2.0,0.0,1.0,0.0,0.0,0.0,0.0,0,0,1,1,1
60469,-1,1,3.976761,0.9815987,1,1,unassigned,5.0,4.0,1.0,0.8,0.2,0.19999999,0.0058027077,0.0011605415,1,0,0,1,1
60470,0,0,0.24330145,0.5605271,1,1,test,9.0,9.0,0.0,1.0,0.0,0.0,0.013539651,0.0,0,0,0,1,0
60471,-1,1,0.33240062,0.58234334,1,1,unassigned,3.0,3.0,0.0,1.0,0.0,0.0,0.001934236,0.0,1,0,0,1,0
60472,-1,0,1.555989,0.825777,1,1,unassigned,3.0,2.0,1.0,0.6666667,0.33333334,0.3333333,0.001934236,0.00064474536,0,0,0,1,0
60473,-1,0,-0.6725145,0.33793402,0,1,unassigned,23.0,23.0,0.0,1.0,0.0,0.0,0.040618956,0.0,0,0,0,0,0
60474,-1,0,0.17066103,0.542562,1,1,unassigned,3.0,3.0,0.0,1.0,0.0,0.0,0.001934236,0.0,0,0,0,1,0
60475,-1,0,-0.18353042,0.45424575,0,1,unassigned,7.0,5.0,2.0,0.71428573,0.2857143,0.28571427,0.00967118,0.0027631943,0,0,0,0,0
60476,-1,0,1.7110796,0.8469763,1,1,unassigned,2.0,2.0,0.0,1.0,0.0,0.0,0.0,0.0,0,0,0,1,0
60477,-1,0,4.8644342,0.9923429,1,1,unassigned,4.0,4.0,0.0,1.0,0.0,0.0,0.003868472,0.0,0,0,0,1,1
60478,-1,0,-0.051890075,0.48703042,0,1,unassigned,51.0,48.0,3.0,0.9411765,0.05882353,0.058823526,0.09477756,0.0055751507,0,0,0,0,0
60479,-1,0,4.9013505,0.9926184,1,1,unassigned,15.0,13.0,2.0,0.8666667,0.13333334,0.13333333,0.025145067,0.0033526758,0,0,0,1,1
60480,-1,0,-0.15667748,0.4609106,0,1,unassigned,24.0,24.0,0.0,1.0,0.0,0.0,0.04255319,0.0,0,0,0,0,0
60481,-1,0,-0.18982738,0.45268515,0,1,unassigned,5.0,5.0,0.0,1.0,0.0,0.0,0.0058027077,0.0,0,0,0,0,0
60482,1,0,4.655746,0.9905827,1,0,val,3.0,3.0,0.0,1.0,0.0,0.0,0.001934236,0.0,0,0,1,1,1
60483,-1,0,4.910648,0.99268615,1,1,unassigned,3.0,3.0,0.0,1.0,0.0,0.0,0.001934236,0.0,0,0,0,1,1
60484,-1,0,1.765399,0.8538846,1,1,unassigned,5.0,5.0,0.0,1.0,0.0,0.0,0.0058027077,0.0,0,0,0,1,0
60485,-1,0,8.483852,0.99979323,1,1,unassigned,2.0,2.0,0.0,1.0,0.0,0.0,0.0,0.0,0,0,0,1,1
60486,-1,0,0.87994546,0.7068109,1,1,unassigned,27.0,26.0,1.0,0.962963,0.037037037,0.037037015,0.0483559,0.0017909593,0,0,0,1,0
60487,-1,1,0.83857924,0.69816583,1,1,unassigned,17.0,12.0,5.0,0.7058824,0.29411766,0.29411763,0.029013539,0.008533394,1,0,0,1,0
60488,0,1,-0.9807267,0.2727476,0,0,val,52.0,48.0,4.0,0.9230769,0.07692308,0.07692307,0.0967118,0.0074393693,1,0,1,0,0
60489,-1,0,0.2680331,0.5666099,1,1,unassigned,19.0,19.0,0.0,1.0,0.0,0.0,0.032882012,0.0,0,0,0,1,0
60490,-1,0,2.066046,0.88755894,1,1,unassigned,17.0,16.0,1.0,0.9411765,0.05882353,0.058823526,0.029013539,0.0017066788,0,0,0,1,0
60491,-1,0,6.7041087,0.99877566,1,1,unassigned,2.0,2.0,0.0,1.0,0.0,0.0,0.0,0.0,0,0,0,1,1
60492,-1,0,4.6496396,0.9905256,1,1,unassigned,4.0,4.0,0.0,1.0,0.0,0.0,0.003868472,0.0,0,0,0,1,1
60493,0,1,-0.837881,0.30198124,0,0,train,94.0,84.0,10.0,0.89361703,0.10638298,0.106382966,0.17794971,0.01893082,1,0,1,0,0
60494,-1,1,-0.73222846,0.3247059,0,1,unassigned,30.0,29.0,1.0,0.96666664,0.033333335,0.03333336,0.054158606,0.001805287,1,0,0,0,0
60495,-1,1,-0.32360893,0.41979647,0,1,unassigned,24.0,24.0,0.0,1.0,0.0,0.0,0.04255319,0.0,1,0,0,0,0
60496,0,1,-0.64791465,0.3434596,0,0,val,52.0,52.0,0.0,1.0,0.0,0.0,0.0967118,0.0,1,0,1,0,0
60497,-1,1,-0.304748,0.4243972,0,1,unassigned,43.0,42.0,1.0,0.9767442,0.023255814,0.023255825,0.079303674,0.0018442714,1,0,0,0,0
60498,-1,1,-0.29288024,0.42729884,0,1,unassigned,87.0,86.0,1.0,0.9885057,0.011494253,0.011494279,0.16441005,0.0018897707,1,0,0,0,0
60499,-1,1,-0.2331953,0.44196394,0,1,unassigned,25.0,24.0,1.0,0.96,0.04,0.04000002,0.044487428,0.001779497,1,0,0,0,0
60500,-1,0,-0.30578834,0.4241431,0,1,unassigned,4.0,4.0,0.0,1.0,0.0,0.0,0.003868472,0.0,0,0,0,0,0
60501,-1,0,0.2692086,0.5668986,1,1,unassigned,17.0,16.0,1.0,0.9411765,0.05882353,0.058823526,0.029013539,0.0017066788,0,0,0,1,0
60502,-1,1,0.782764,0.68627554,1,1,unassigned,9.0,9.0,0.0,1.0,0.0,0.0,0.013539651,0.0,1,0,0,1,0
60503,-1,0,4.831762,0.9920906,1,1,unassigned,19.0,18.0,1.0,0.94736844,0.05263158,0.052631557,0.032882012,0.0017306323,0,0,0,1,1
60504,-1,0,2.429102,0.9190197,1,1,unassigned,6.0,6.0,0.0,1.0,0.0,0.0,0.007736944,0.0,0,0,0,1,1
60505,-1,0,4.2566886,0.98602885,1,1,unassigned,21.0,16.0,5.0,0.7619048,0.23809524,0.23809522,0.036750484,0.0087501155,0,0,0,1,1
60506,-1,1,-0.25955182,0.43547386,0,1,unassigned,4.0,4.0,0.0,1.0,0.0,0.0,0.003868472,0.0,1,0,0,0,0
60507,-1,1,-0.9087782,0.28724992,0,1,unassigned,39.0,39.0,0.0,1.0,0.0,0.0,0.07156673,0.0,1,0,0,0,0
60508,1,1,2.3114872,0.90982395,1,0,train,15.0,14.0,1.0,0.93333334,0.06666667,0.06666666,0.025145067,0.0016763379,1,0,1,1,1
60509,-1,0,2.1132843,0.89218765,1,1,unassigned,3.0,3.0,0.0,1.0,0.0,0.0,0.001934236,0.0,0,0,0,1,0
60510,-1,0,1.4786868,0.8143741,1,1,unassigned,2.0,2.0,0.0,1.0,0.0,0.0,0.0,0.0,0,0,0,1,0
60511,-1,1,0.9736,0.72583646,1,1,unassigned,24.0,23.0,1.0,0.9583333,0.041666668,0.041666687,0.04255319,0.0017730496,1,0,0,1,0
60512,-1,1,-0.38677126,0.4044948,0,1,unassigned,26.0,26.0,0.0,1.0,0.0,0.0,0.046421662,0.0,1,0,0,0,0
60513,-1,0,4.9717298,0.9931165,1,1,unassigned,5.0,5.0,0.0,1.0,0.0,0.0,0.0058027077,0.0,0,0,0,1,1
60514,-1,0,0.2981915,0.57400036,1,1,unassigned,3.0,3.0,0.0,1.0,0.0,0.0,0.001934236,0.0,0,0,0,1,0
60515,1,0,-0.7958257,0.31091914,0,1,test,2.0,2.0,0.0,1.0,0.0,0.0,0.0,0.0,0,0,0,0,0
60516,-1,0,3.579387,0.9728641,1,1,unassigned,2.0,2.0,0.0,1.0,0.0,0.0,0.0,0.0,0,0,0,1,1
60517,-1,0,2.1495845,0.89562994,1,1,unassigned,10.0,10.0,0.0,1.0,0.0,0.0,0.015473888,0.0,0,0,0,1,0
60518,-1,0,5.255916,0.99481046,1,1,unassigned,3.0,3.0,0.0,1.0,0.0,0.0,0.001934236,0.0,0,0,0,1,1
60519,-1,1,2.1615026,0.89673877,1,1,unassigned,2.0,2.0,0.0,1.0,0.0,0.0,0.0,0.0,1,0,0,1,0
60520,-1,1,4.973339,0.9931276,1,1,unassigned,3.0,3.0,0.0,1.0,0.0,0.0,0.001934236,0.0,1,0,0,1,1
60521,-1,1,5.128887,0.9941117,1,1,unassigned,9.0,5.0,4.0,0.5555556,0.44444445,0.44444442,0.013539651,0.006017623,1,0,0,1,1
60522,-1,1,0.39957583,0.5985857,1,1,unassigned,2.0,2.0,0.0,1.0,0.0,0.0,0.0,0.0,1,0,0,1,0
60523,-1,0,1.6015809,0.83223915,1,1,unassigned,6.0,6.0,0.0,1.0,0.0,0.0,0.007736944,0.0,0,0,0,1,0
60524,-1,1,3.5421326,0.9718631,1,1,unassigned,2.0,2.0,0.0,1.0,0.0,0.0,0.0,0.0,1,0,0,1,1
60525,-1,1,-0.015072763,0.4962319,0,1,unassigned,77.0,72.0,5.0,0.9350649,0.064935066,0.06493509,0.14506769,0.00941998,1,0,0,0,0
60526,-1,0,6.827359,0.99891746,1,1,unassigned,19.0,18.0,1.0,0.94736844,0.05263158,0.052631557,0.032882012,0.0017306323,0,0,0,1,1
60527,-1,0,3.795046,0.9780124,1,1,unassigned,5.0,5.0,0.0,1.0,0.0,0.0,0.0058027077,0.0,0,0,0,1,1
60528,-1,0,1.331696,0.79112107,1,1,unassigned,3.0,3.0,0.0,1.0,0.0,0.0,0.001934236,0.0,0,0,0,1,0
60529,-1,1,3.807356,0.97827566,1,1,unassigned,3.0,3.0,0.0,1.0,0.0,0.0,0.001934236,0.0,1,0,0,1,1
60530,-1,0,-0.51589465,0.3738127,0,1,unassigned,31.0,30.0,1.0,0.9677419,0.032258064,0.032258093,0.056092843,0.0018094465,0,0,0,0,0
60531,-1,0,0.10270256,0.52565306,1,1,unassigned,4.0,4.0,0.0,1.0,0.0,0.0,0.003868472,0.0,0,0,0,1,0
60532,-1,0,2.4155104,0.9180024,1,1,unassigned,12.0,12.0,0.0,1.0,0.0,0.0,0.01934236,0.0,0,0,0,1,1
60533,-1,1,-0.7126636,0.32901055,0,1,unassigned,29.0,29.0,0.0,1.0,0.0,0.0,0.05222437,0.0,1,0,0,0,0
60534,-1,0,-0.3340575,0.4172537,0,1,unassigned,30.0,30.0,0.0,1.0,0.0,0.0,0.054158606,0.0,0,0,0,0,0
60535,1,0,0.035615623,0.50890297,1,0,test,10.0,10.0,0.0,1.0,0.0,0.0,0.015473888,0.0,0,0,1,1,0
60536,-1,0,-0.42258954,0.39589724,0,1,unassigned,21.0,21.0,0.0,1.0,0.0,0.0,0.036750484,0.0,0,0,0,0,0
60537,-1,0,2.402757,0.9170373,1,1,unassigned,4.0,4.0,0.0,1.0,0.0,0.0,0.003868472,0.0,0,0,0,1,1
60538,-1,0,4.474521,0.9887327,1,1,unassigned,6.0,6.0,0.0,1.0,0.0,0.0,0.007736944,0.0,0,0,0,1,1
60539,-1,1,-0.13604641,0.46604073,0,1,unassigned,119.0,117.0,2.0,0.9831933,0.016806724,0.016806722,0.2263056,0.0038034557,1,0,0,0,0
60540,-1,0,3.3205864,0.96512836,1,1,unassigned,6.0,6.0,0.0,1.0,0.0,0.0,0.007736944,0.0,0,0,0,1,1
60541,-1,1,-0.55408674,0.3649168,0,1,unassigned,18.0,18.0,0.0,1.0,0.0,0.0,0.030947777,0.0,1,0,0,0,0
60542,-1,0,1.6144872,0.8340334,1,1,unassigned,2.0,1.0,1.0,0.5,0.5,0.5,0.0,0.0,0,0,0,1,0
60543,-1,0,0.88368016,0.70758426,1,1,unassigned,5.0,3.0,2.0,0.6,0.4,0.39999998,0.0058027077,0.002321083,0,0,0,1,0
60544,-1,1,-0.18404707,0.4541177,0,1,unassigned,3.0,3.0,0.0,1.0,0.0,0.0,0.001934236,0.0,1,0,0,0,0
60545,-1,0,3.7197635,0.976334,1,1,unassigned,8.0,8.0,0.0,1.0,0.0,0.0,0.0116054155,0.0,0,0,0,1,1
60546,-1,0,2.5371134,0.926703,1,1,unassigned,14.0,13.0,1.0,0.9285714,0.071428575,0.0714286,0.023210831,0.0016579166,0,0,0,1,1
60547,-1,0,2.0185058,0.8827264,1,1,unassigned,16.0,14.0,2.0,0.875,0.125,0.125,0.027079303,0.0033849129,0,0,0,1,0
60548,-1,0,0.12575573,0.5313976,1,1,unassigned,19.0,8.0,11.0,0.42105263,0.57894737,0.57894737,0.032882012,0.019036954,0,0,0,1,0
60549,-1,0,3.7810967,0.9777104,1,1,unassigned,32.0,28.0,4.0,0.875,0.125,0.125,0.058027077,0.0072533847,0,0,0,1,1
60550,-1,1,-0.4346744,0.39301065,0,1,unassigned,45.0,15.0,30.0,0.33333334,0.6666667,0.6666666,0.08317215,0.0554481,1,0,0,0,0
60551,-1,0,-0.40454742,0.40022027,0,1,unassigned,2.0,2.0,0.0,1.0,0.0,0.0,0.0,0.0,0,0,0,0,0
60552,0,1,-0.51068074,0.37503394,0,0,unassigned,5.0,5.0,0.0,1.0,0.0,0.0,0.0058027077,0.0,1,0,1,0,0
60553,-1,1,0.057368577,0.5143382,1,1,unassigned,29.0,29.0,0.0,1.0,0.0,0.0,0.05222437,0.0,1,0,0,1,0
60554,-1,0,0.18476218,0.5460596,1,1,unassigned,8.0,8.0,0.0,1.0,0.0,0.0,0.0116054155,0.0,0,0,0,1,0
60555,-1,1,-0.67510325,0.33735508,0,1,unassigned,26.0,25.0,1.0,0.96153843,0.03846154,0.038461566,0.046421662,0.0017854486,1,0,0,0,0
60556,-1,0,3.845794,0.97907764,1,1,unassigned,8.0,8.0,0.0,1.0,0.0,0.0,0.0116054155,0.0,0,0,0,1,1
60557,-1,0,7.266753,0.99930215,1,1,unassigned,3.0,3.0,0.0,1.0,0.0,0.0,0.001934236,0.0,0,0,0,1,1
60558,-1,1,-0.8665442,0.29597387,0,1,unassigned,55.0,53.0,2.0,0.96363634,0.036363635,0.03636366,0.102514505,0.0037278,1,0,0,0,0
60559,-1,0,4.2843366,0.98640466,1,1,unassigned,2.0,2.0,0.0,1.0,0.0,0.0,0.0,0.0,0,0,0,1,1
60560,-1,1,4.558436,0.9896303,1,1,unassigned,4.0,4.0,0.0,1.0,0.0,0.0,0.003868472,0.0,1,0,0,1,1
60561,-1,0,-0.16290796,0.4593628,0,1,unassigned,2.0,2.0,0.0,1.0,0.0,0.0,0.0,0.0,0,0,0,0,0
60562,-1,1,0.26372188,0.565551,1,1,unassigned,50.0,47.0,3.0,0.94,0.06,0.060000002,0.092843324,0.0055705993,1,0,0,1,0
60563,-1,0,-0.067756355,0.48306736,0,1,unassigned,3.0,3.0,0.0,1.0,0.0,0.0,0.001934236,0.0,0,0,0,0,0
60564,-1,0,0.9387464,0.7188464,1,1,unassigned,4.0,4.0,0.0,1.0,0.0,0.0,0.003868472,0.0,0,0,0,1,0
60565,-1,0,-0.27075857,0.4327209,0,1,unassigned,11.0,11.0,0.0,1.0,0.0,0.0,0.017408123,0.0,0,0,0,0,0
60566,-1,0,0.39341348,0.59710413,1,1,unassigned,9.0,9.0,0.0,1.0,0.0,0.0,0.013539651,0.0,0,0,0,1,0
60567,-1,0,2.1329942,0.89406896,1,1,unassigned,3.0,3.0,0.0,1.0,0.0,0.0,0.001934236,0.0,0,0,0,1,0
60568,0,1,0.67849773,0.66340333,1,1,unassigned,41.0,30.0,11.0,0.73170733,0.2682927,0.26829267,0.07543521,0.020238714,1,0,0,1,0
60569,-1,1,0.32153553,0.5796984,1,1,unassigned,36.0,35.0,1.0,0.9722222,0.027777778,0.027777791,0.065764025,0.0018267785,1,0,0,1,0
60570,0,0,6.006574,0.9975435,1,1,unassigned,4.0,3.0,1.0,0.75,0.25,0.25,0.003868472,0.000967118,0,0,0,1,1
60571,-1,1,0.64244896,0.6553069,1,1,unassigned,2.0,2.0,0.0,1.0,0.0,0.0,0.0,0.0,1,0,0,1,0
60572,-1,0,1.1939652,0.7674495,1,1,unassigned,8.0,8.0,0.0,1.0,0.0,0.0,0.0116054155,0.0,0,0,0,1,0
60573,1,1,2.9159129,0.9486274,1,0,unassigned,10.0,9.0,1.0,0.9,0.1,0.100000024,0.015473888,0.0015473888,1,0,1,1,1
60574,-1,1,11.247223,0.999987,1,1,unassigned,3.0,3.0,0.0,1.0,0.0,0.0,0.001934236,0.0,1,0,0,1,1
60575,-1,0,0.8007762,0.6901405,1,1,unassigned,7.0,7.0,0.0,1.0,0.0,0.0,0.00967118,0.0,0,0,0,1,0
60576,-1,1,-0.7016209,0.33145294,0,1,unassigned,34.0,34.0,0.0,1.0,0.0,0.0,0.061895553,0.0,1,0,0,0,0
60577,-1,1,0.08920765,0.52228713,1,1,unassigned,13.0,11.0,2.0,0.84615386,0.15384616,0.15384614,0.021276595,0.0032733225,1,0,0,1,0
60578,-1,1,-0.8691529,0.2954306,0,1,unassigned,98.0,97.0,1.0,0.9897959,0.010204081,0.010204077,0.18568665,0.0018947617,1,0,0,0,0
60579,-1,1,-0.8897236,0.29116687,0,1,unassigned,37.0,37.0,0.0,1.0,0.0,0.0,0.06769826,0.0,1,0,0,0,0
60580,-1,1,-0.7348993,0.32412052,0,1,unassigned,43.0,42.0,1.0,0.9767442,0.023255814,0.023255825,0.079303674,0.0018442714,1,0,0,0,0
60581,1,1,4.454474,0.98850715,1,0,test,15.0,13.0,2.0,0.8666667,0.13333334,0.13333333,0.025145067,0.0033526758,1,0,1,1,1
60582,-1,0,7.6596303,0.99952877,1,1,unassigned,4.0,4.0,0.0,1.0,0.0,0.0,0.003868472,0.0,0,0,0,1,1
60583,-1,1,0.51543766,0.62608033,1,1,unassigned,4.0,4.0,0.0,1.0,0.0,0.0,0.003868472,0.0,1,0,0,1,0
60584,0,0,-0.70951056,0.329707,0,0,unassigned,4.0,3.0,1.0,0.75,0.25,0.25,0.003868472,0.000967118,0,0,1,0,0
60585,-1,0,5.9096074,0.9972941,1,1,unassigned,2.0,2.0,0.0,1.0,0.0,0.0,0.0,0.0,0,0,0,1,1
60586,-1,0,0.14819974,0.53698224,1,1,unassigned,6.0,6.0,0.0,1.0,0.0,0.0,0.007736944,0.0,0,0,0,1,0
60587,-1,0,-0.4184581,0.39688578,0,1,unassigned,6.0,6.0,0.0,1.0,0.0,0.0,0.007736944,0.0,0,0,0,0,0
60588,-1,0,1.3285501,0.7906007,1,1,unassigned,3.0,3.0,0.0,1.0,0.0,0.0,0.001934236,0.0,0,0,0,1,0
60589,-1,0,-0.22790542,0.44326895,0,1,unassigned,10.0,10.0,0.0,1.0,0.0,0.0,0.015473888,0.0,0,0,0,0,0
60590,-1,0,-0.06892413,0.4827758,0,1,unassigned,22.0,22.0,0.0,1.0,0.0,0.0,0.03868472,0.0,0,0,0,0,0
60591,-1,0,-0.3311231,0.41796738,0,1,unassigned,8.0,8.0,0.0,1.0,0.0,0.0,0.0116054155,0.0,0,0,0,0,0
60592,-1,1,-0.80196196,0.309606,0,1,unassigned,6.0,6.0,0.0,1.0,0.0,0.0,0.007736944,0.0,1,0,0,0,0
60593,-1,0,-0.70421666,0.33087802,0,1,unassigned,33.0,33.0,0.0,1.0,0.0,0.0,0.059961315,0.0,0,0,0,0,0
60594,-1,1,-0.69304115,0.33335692,0,1,unassigned,86.0,85.0,1.0,0.9883721,0.011627907,0.0116279125,0.16247582,0.0018892537,1,0,0,0,0
60595,-1,0,0.053068817,0.5132641,1,1,unassigned,6.0,6.0,0.0,1.0,0.0,0.0,0.007736944,0.0,0,0,0,1,0
60596,-1,0,-0.9255286,0.28383273,0,1,unassigned,2.0,2.0,0.0,1.0,0.0,0.0,0.0,0.0,0,0,0,0,0
60597,1,0,9.455735,0.9999218,1,0,test,6.0,6.0,0.0,1.0,0.0,0.0,0.007736944,0.0,0,0,1,1,1
60598,-1,1,-0.29361135,0.42711997,0,1,unassigned,31.0,31.0,0.0,1.0,0.0,0.0,0.056092843,0.0,1,0,0,0,0
60599,-1,0,2.2838767,0.90753293,1,1,unassigned,3.0,3.0,0.0,1.0,0.0,0.0,0.001934236,0.0,0,0,0,1,1
60600,-1,1,-0.8922508,0.29064557,0,1,unassigned,67.0,67.0,0.0,1.0,0.0,0.0,0.12572534,0.0,1,0,0,0,0
60601,-1,1,-0.83932495,0.30167696,0,1,unassigned,30.0,30.0,0.0,1.0,0.0,0.0,0.054158606,0.0,1,0,0,0,0
60602,-1,1,-0.16453251,0.45895943,0,1,unassigned,54.0,52.0,2.0,0.962963,0.037037037,0.037037015,0.10058027,0.003725195,1,0,0,0,0
60603,-1,0,3.6374524,0.9743557,1,1,unassigned,3.0,3.0,0.0,1.0,0.0,0.0,0.001934236,0.0,0,0,0,1,1
60604,0,1,-0.8888903,0.2913389,0,0,unassigned,37.0,37.0,0.0,1.0,0.0,0.0,0.06769826,0.0,1,0,1,0,0
60605,-1,0,4.046046,0.98280925,1,1,unassigned,3.0,3.0,0.0,1.0,0.0,0.0,0.001934236,0.0,0,0,0,1,1
60606,-1,1,0.3367911,0.5834108,1,1,unassigned,6.0,1.0,5.0,0.16666667,0.8333333,0.8333333,0.007736944,0.0064474535,1,1,0,1,0
60607,-1,0,-0.6257179,0.34848213,0,1,unassigned,2.0,2.0,0.0,1.0,0.0,0.0,0.0,0.0,0,0,0,0,0
60608,-1,0,5.855182,0.9971432,1,1,unassigned,9.0,9.0,0.0,1.0,0.0,0.0,0.013539651,0.0,0,0,0,1,1
60609,-1,0,6.124289,0.9978157,1,1,unassigned,3.0,3.0,0.0,1.0,0.0,0.0,0.001934236,0.0,0,0,0,1,1
60610,-1,0,1.084804,0.747402,1,1,unassigned,9.0,9.0,0.0,1.0,0.0,0.0,0.013539651,0.0,0,0,0,1,0
60611,-1,0,2.1605146,0.8966472,1,1,unassigned,4.0,4.0,0.0,1.0,0.0,0.0,0.003868472,0.0,0,0,0,1,0
60612,0,1,-0.081481904,0.47964075,0,0,unassigned,3.0,3.0,0.0,1.0,0.0,0.0,0.001934236,0.0,1,0,1,0,0
60613,-1,0,8.751606,0.9998418,1,1,unassigned,3.0,3.0,0.0,1.0,0.0,0.0,0.001934236,0.0,0,0,0,1,1
60614,-1,0,6.0483317,0.99764377,1,1,unassigned,2.0,2.0,0.0,1.0,0.0,0.0,0.0,0.0,0,0,0,1,1
60615,-1,0,6.0483317,0.99764377,1,1,unassigned,2.0,2.0,0.0,1.0,0.0,0.0,0.0,0.0,0,0,0,1,1
60616,-1,0,6.0483317,0.99764377,1,1,unassigned,2.0,2.0,0.0,1.0,0.0,0.0,0.0,0.0,0,0,0,1,1
60617,-1,0,5.9096074,0.9972941,1,1,unassigned,2.0,2.0,0.0,1.0,0.0,0.0,0.0,0.0,0,0,0,1,1
60618,-1,0,6.0483317,0.99764377,1,1,unassigned,2.0,2.0,0.0,1.0,0.0,0.0,0.0,0.0,0,0,0,1,1
60619,-1,1,0.16057867,0.5400586,1,1,unassigned,10.0,8.0,2.0,0.8,0.2,0.19999999,0.015473888,0.0030947777,1,0,0,1,0
60620,-1,0,0.5944672,0.64438945,1,1,unassigned,5.0,5.0,0.0,1.0,0.0,0.0,0.0058027077,0.0,0,0,0,1,0
60621,-1,0,-2.6158,0.06812846,0,1,unassigned,2.0,2.0,0.0,1.0,0.0,0.0,0.0,0.0,0,0,0,0,1
60622,-1,0,-0.96512145,0.27585396,0,1,unassigned,17.0,17.0,0.0,1.0,0.0,0.0,0.029013539,0.0,0,0,0,0,0
60623,-1,0,6.5588565,0.9985845,1,1,unassigned,2.0,2.0,0.0,1.0,0.0,0.0,0.0,0.0,0,0,0,1,1
60624,-1,1,-0.96473163,0.27593184,0,1,unassigned,32.0,32.0,0.0,1.0,0.0,0.0,0.058027077,0.0,1,0,0,0,0
60625,-1,0,8.204502,0.9997266,1,1,unassigned,11.0,10.0,1.0,0.90909094,0.09090909,0.090909064,0.017408123,0.0015825568,0,0,0,1,1
60626,-1,0,6.0483317,0.99764377,1,1,unassigned,2.0,2.0,0.0,1.0,0.0,0.0,0.0,0.0,0,0,0,1,1
60627,-1,0,6.04059,0.9976255,1,1,unassigned,2.0,2.0,0.0,1.0,0.0,0.0,0.0,0.0,0,0,0,1,1
60628,-1,0,6.0483317,0.99764377,1,1,unassigned,2.0,2.0,0.0,1.0,0.0,0.0,0.0,0.0,0,0,0,1,1
60629,-1,0,6.0483317,0.99764377,1,1,unassigned,2.0,2.0,0.0,1.0,0.0,0.0,0.0,0.0,0,0,0,1,1
60630,-1,0,6.0483317,0.99764377,1,1,unassigned,2.0,2.0,0.0,1.0,0.0,0.0,0.0,0.0,0,0,0,1,1
60631,-1,0,3.5295832,0.97151786,1,1,unassigned,10.0,6.0,4.0,0.6,0.4,0.39999998,0.015473888,0.0061895554,0,0,0,1,1
60632,-1,0,6.0483317,0.99764377,1,1,unassigned,2.0,2.0,0.0,1.0,0.0,0.0,0.0,0.0,0,0,0,1,1
60633,-1,0,6.0483317,0.99764377,1,1,unassigned,2.0,2.0,0.0,1.0,0.0,0.0,0.0,0.0,0,0,0,1,1
60634,-1,0,6.0483317,0.99764377,1,1,unassigned,2.0,2.0,0.0,1.0,0.0,0.0,0.0,0.0,0,0,0,1,1
60635,-1,0,6.0483317,0.99764377,1,1,unassigned,2.0,2.0,0.0,1.0,0.0,0.0,0.0,0.0,0,0,0,1,1
60636,-1,0,-0.5139253,0.3742738,0,1,unassigned,4.0,4.0,0.0,1.0,0.0,0.0,0.003868472,0.0,0,0,0,0,0
60637,0,0,-0.46324927,0.3862153,0,0,test,3.0,3.0,0.0,1.0,0.0,0.0,0.001934236,0.0,0,0,1,0,0
60638,-1,0,6.0483317,0.99764377,1,1,unassigned,2.0,2.0,0.0,1.0,0.0,0.0,0.0,0.0,0,0,0,1,1
60639,-1,0,-0.40927958,0.3990849,0,1,unassigned,5.0,5.0,0.0,1.0,0.0,0.0,0.0058027077,0.0,0,0,0,0,0
60640,-1,1,3.9005158,0.9801697,1,1,unassigned,9.0,5.0,4.0,0.5555556,0.44444445,0.44444442,0.013539651,0.006017623,1,0,0,1,1
60641,-1,0,4.0093207,0.98217773,1,1,unassigned,4.0,4.0,0.0,1.0,0.0,0.0,0.003868472,0.0,0,0,0,1,1
60642,-1,0,-0.45594376,0.38794854,0,1,unassigned,40.0,40.0,0.0,1.0,0.0,0.0,0.07350097,0.0,0,0,0,0,0
60643,-1,0,5.9096074,0.9972941,1,1,unassigned,2.0,2.0,0.0,1.0,0.0,0.0,0.0,0.0,0,0,0,1,1
60644,-1,0,6.0483317,0.99764377,1,1,unassigned,2.0,2.0,0.0,1.0,0.0,0.0,0.0,0.0,0,0,0,1,1
60645,-1,0,3.1037748,0.95704824,1,1,unassigned,3.0,3.0,0.0,1.0,0.0,0.0,0.001934236,0.0,0,0,0,1,1
60646,-1,1,-0.034268916,0.4914336,0,1,unassigned,24.0,20.0,4.0,0.8333333,0.16666667,0.16666669,0.04255319,0.0070921984,1,0,0,0,0
60647,1,0,0.00035887957,0.5000897,1,0,val,13.0,13.0,0.0,1.0,0.0,0.0,0.021276595,0.0,0,0,1,1,0
60648,-1,0,4.660449,0.99062645,1,1,unassigned,3.0,3.0,0.0,1.0,0.0,0.0,0.001934236,0.0,0,0,0,1,1
60649,-1,0,0.09863609,0.52463907,1,1,unassigned,7.0,6.0,1.0,0.85714287,0.14285715,0.14285713,0.00967118,0.0013815971,0,0,0,1,0
60650,-1,0,6.0483317,0.99764377,1,1,unassigned,2.0,2.0,0.0,1.0,0.0,0.0,0.0,0.0,0,0,0,1,1
60651,-1,0,5.202228,0.9945259,1,1,unassigned,3.0,3.0,0.0,1.0,0.0,0.0,0.001934236,0.0,0,0,0,1,1
60652,-1,1,-0.28844732,0.42838407,0,1,unassigned,3.0,3.0,0.0,1.0,0.0,0.0,0.001934236,0.0,1,0,0,0,0
60653,-1,0,6.0483317,0.99764377,1,1,unassigned,2.0,2.0,0.0,1.0,0.0,0.0,0.0,0.0,0,0,0,1,1
60654,-1,1,0.6769015,0.6630468,1,1,unassigned,18.0,18.0,0.0,1.0,0.0,0.0,0.030947777,0.0,1,0,0,1,0
60655,-1,0,6.0483317,0.99764377,1,1,unassigned,2.0,2.0,0.0,1.0,0.0,0.0,0.0,0.0,0,0,0,1,1
60656,-1,0,6.5588565,0.9985845,1,1,unassigned,2.0,2.0,0.0,1.0,0.0,0.0,0.0,0.0,0,0,0,1,1
60657,-1,0,6.0483317,0.99764377,1,1,unassigned,2.0,2.0,0.0,1.0,0.0,0.0,0.0,0.0,0,0,0,1,1
60658,-1,0,-0.12365392,0.46912584,0,1,unassigned,20.0,20.0,0.0,1.0,0.0,0.0,0.034816246,0.0,0,0,0,0,0
60659,-1,0,-0.7190038,0.32761237,0,1,unassigned,13.0,13.0,0.0,1.0,0.0,0.0,0.021276595,0.0,0,0,0,0,0
60660,-1,1,-0.69982684,0.33185062,0,1,unassigned,51.0,51.0,0.0,1.0,0.0,0.0,0.09477756,0.0,1,0,0,0,0
60661,0,0,-0.9046369,0.2880985,0,0,unassigned,15.0,12.0,3.0,0.8,0.2,0.19999999,0.025145067,0.0050290134,0,0,1,0,0
60662,-1,1,-0.25299904,0.4370855,0,1,unassigned,22.0,22.0,0.0,1.0,0.0,0.0,0.03868472,0.0,1,0,0,0,0
60663,0,0,-0.39738572,0.40194058,0,0,val,52.0,51.0,1.0,0.9807692,0.01923077,0.019230783,0.0967118,0.0018598423,0,0,1,0,0
60664,-1,0,1.8581936,0.86508626,1,1,unassigned,5.0,5.0,0.0,1.0,0.0,0.0,0.0058027077,0.0,0,0,0,1,0
60665,-1,1,1.4359784,0.8078311,1,1,unassigned,5.0,4.0,1.0,0.8,0.2,0.19999999,0.0058027077,0.0011605415,1,0,0,1,0
60666,-1,0,0.22147804,0.5551443,1,1,unassigned,8.0,8.0,0.0,1.0,0.0,0.0,0.0116054155,0.0,0,0,0,1,0
60667,-1,1,1.4884522,0.81584585,1,1,unassigned,12.0,9.0,3.0,0.75,0.25,0.25,0.01934236,0.00483559,1,0,0,1,0
60668,-1,0,-0.9353572,0.2818391,0,1,unassigned,2.0,2.0,0.0,1.0,0.0,0.0,0.0,0.0,0,0,0,0,0
60669,-1,1,-0.83055735,0.30352724,0,1,unassigned,85.0,85.0,0.0,1.0,0.0,0.0,0.16054158,0.0,1,0,0,0,0
60670,-1,0,-0.85611993,0.29815063,0,1,unassigned,35.0,34.0,1.0,0.9714286,0.028571429,0.028571427,0.06382979,0.0018237082,0,0,0,0,0
60671,-1,0,-0.120636195,0.46987748,0,1,unassigned,10.0,9.0,1.0,0.9,0.1,0.100000024,0.015473888,0.0015473888,0,0,0,0,0
60672,-1,1,-0.87954384,0.29327232,0,1,unassigned,26.0,26.0,0.0,1.0,0.0,0.0,0.046421662,0.0,1,0,0,0,0
60673,-1,1,1.1022093,0.7506739,1,1,unassigned,4.0,3.0,1.0,0.75,0.25,0.25,0.003868472,0.000967118,1,0,0,1,0
60674,-1,1,-0.2959202,0.42655516,0,1,unassigned,27.0,27.0,0.0,1.0,0.0,0.0,0.0483559,0.0,1,0,0,0,0
60675,-1,1,2.3607905,0.91378814,1,1,unassigned,16.0,16.0,0.0,1.0,0.0,0.0,0.027079303,0.0,1,0,0,1,1
60676,-1,1,3.3792465,0.9670496,1,1,unassigned,32.0,32.0,0.0,1.0,0.0,0.0,0.058027077,0.0,1,0,0,1,1
60677,-1,1,1.3655634,0.7966624,1,1,unassigned,13.0,12.0,1.0,0.9230769,0.07692308,0.07692307,0.021276595,0.0016366612,1,0,0,1,0
60678,-1,0,-0.46204755,0.3865002,0,1,unassigned,47.0,47.0,0.0,1.0,0.0,0.0,0.08704062,0.0,0,0,0,0,0
60679,-1,0,1.605372,0.83276784,1,1,unassigned,2.0,2.0,0.0,1.0,0.0,0.0,0.0,0.0,0,0,0,1,0
60680,-1,0,0.040140986,0.5100339,1,1,unassigned,5.0,5.0,0.0,1.0,0.0,0.0,0.0058027077,0.0,0,0,0,1,0
60681,-1,0,3.7506306,0.9770368,1,1,unassigned,4.0,3.0,1.0,0.75,0.25,0.25,0.003868472,0.000967118,0,0,0,1,1
60682,-1,0,0.5035799,0.62330025,1,1,unassigned,2.0,2.0,0.0,1.0,0.0,0.0,0.0,0.0,0,0,0,1,0
60683,-1,1,-0.056472957,0.4858855,0,1,unassigned,19.0,17.0,2.0,0.8947368,0.10526316,0.10526317,0.032882012,0.0034612645,1,0,0,0,0
60684,-1,0,3.4866364,0.97030514,1,1,unassigned,5.0,5.0,0.0,1.0,0.0,0.0,0.0058027077,0.0,0,0,0,1,1
60685,-1,0,-0.3762173,0.40703955,0,1,unassigned,5.0,5.0,0.0,1.0,0.0,0.0,0.0058027077,0.0,0,0,0,0,0
60686,1,0,1.4091036,0.8036245,1,0,unassigned,9.0,9.0,0.0,1.0,0.0,0.0,0.013539651,0.0,0,0,1,1,0
60687,-1,0,-0.26658157,0.43374652,0,1,unassigned,16.0,14.0,2.0,0.875,0.125,0.125,0.027079303,0.0033849129,0,0,0,0,0
60688,-1,1,-0.92484945,0.2839708,0,1,unassigned,52.0,52.0,0.0,1.0,0.0,0.0,0.0967118,0.0,1,0,0,0,0
60689,1,0,-0.15193242,0.46208978,0,1,unassigned,3.0,3.0,0.0,1.0,0.0,0.0,0.001934236,0.0,0,0,0,0,0
60690,1,0,2.8022282,0.9427962,1,0,val,3.0,3.0,0.0,1.0,0.0,0.0,0.001934236,0.0,0,0,1,1,1
60691,1,0,4.38868,0.9877352,1,0,unassigned,5.0,4.0,1.0,0.8,0.2,0.19999999,0.0058027077,0.0011605415,0,0,1,1,1
60692,-1,0,-0.5740977,0.3602918,0,1,unassigned,2.0,2.0,0.0,1.0,0.0,0.0,0.0,0.0,0,0,0,0,0
60693,-1,1,-0.93371576,0.2821715,0,1,unassigned,23.0,23.0,0.0,1.0,0.0,0.0,0.040618956,0.0,1,0,0,0,0
60694,-1,0,1.2261226,0.77313924,1,1,unassigned,3.0,3.0,0.0,1.0,0.0,0.0,0.001934236,0.0,0,0,0,1,0
60695,-1,0,6.3034425,0.99817336,1,1,unassigned,3.0,3.0,0.0,1.0,0.0,0.0,0.001934236,0.0,0,0,0,1,1
60696,-1,1,0.33574766,0.5831572,1,1,unassigned,31.0,30.0,1.0,0.9677419,0.032258064,0.032258093,0.056092843,0.0018094465,1,0,0,1,0
60697,-1,0,0.17322713,0.54319876,1,1,unassigned,5.0,2.0,3.0,0.4,0.6,0.6,0.0058027077,0.0034816249,0,0,0,1,0
60698,-1,1,-0.09316391,0.4767259,0,1,unassigned,32.0,27.0,5.0,0.84375,0.15625,0.15625,0.058027077,0.009066731,1,0,0,0,0
60699,1,0,-0.8715627,0.29492924,0,1,unassigned,61.0,57.0,4.0,0.93442625,0.06557377,0.06557375,0.114119925,0.0074832733,0,0,0,0,0
60700,-1,0,0.2567386,0.56383437,1,1,unassigned,26.0,26.0,0.0,1.0,0.0,0.0,0.046421662,0.0,0,0,0,1,0
60701,-1,0,-0.724911,0.32631248,0,1,unassigned,4.0,4.0,0.0,1.0,0.0,0.0,0.003868472,0.0,0,0,0,0,0
60702,-1,0,-0.9394913,0.2810031,0,1,unassigned,14.0,13.0,1.0,0.9285714,0.071428575,0.0714286,0.023210831,0.0016579166,0,0,0,0,0
60703,1,0,6.717412,0.9987919,1,0,unassigned,3.0,3.0,0.0,1.0,0.0,0.0,0.001934236,0.0,0,0,1,1,1
60704,-1,1,4.1428847,0.9843711,1,1,unassigned,2.0,1.0,1.0,0.5,0.5,0.5,0.0,0.0,1,0,0,1,1
60705,-1,1,1.2600543,0.77903545,1,1,unassigned,14.0,5.0,9.0,0.35714287,0.64285713,0.64285713,0.023210831,0.014921248,1,0,0,1,0
60706,-1,0,4.9040914,0.99263847,1,1,unassigned,4.0,3.0,1.0,0.75,0.25,0.25,0.003868472,0.000967118,0,0,0,1,1
60707,-1,0,4.226764,0.98561054,1,1,unassigned,5.0,4.0,1.0,0.8,0.2,0.19999999,0.0058027077,0.0011605415,0,0,0,1,1
60708,-1,0,1.4599316,0.81152225,1,1,unassigned,6.0,6.0,0.0,1.0,0.0,0.0,0.007736944,0.0,0,0,0,1,0
60709,0,0,0.08896583,0.5222268,1,1,unassigned,3.0,3.0,0.0,1.0,0.0,0.0,0.001934236,0.0,0,0,0,1,0
60710,-1,0,5.9093757,0.9972934,1,1,unassigned,5.0,5.0,0.0,1.0,0.0,0.0,0.0058027077,0.0,0,0,0,1,1
60711,-1,0,4.530335,0.9893378,1,1,unassigned,20.0,18.0,2.0,0.9,0.1,0.100000024,0.034816246,0.0034816246,0,0,0,1,1
60712,-1,0,-0.30635405,0.42400494,0,1,unassigned,3.0,3.0,0.0,1.0,0.0,0.0,0.001934236,0.0,0,0,0,0,0
60713,-1,1,7.468099,0.9994293,1,1,unassigned,2.0,1.0,1.0,0.5,0.5,0.5,0.0,0.0,1,0,0,1,1
60714,-1,0,5.1992993,0.9945098,1,1,unassigned,9.0,8.0,1.0,0.8888889,0.11111111,0.111111104,0.013539651,0.0015044058,0,0,0,1,1
60715,0,0,-0.54306173,0.36747563,0,0,test,46.0,45.0,1.0,0.9782609,0.02173913,0.021739125,0.08510638,0.0018501388,0,0,1,0,0
60716,-1,0,-0.25475192,0.43665424,0,1,unassigned,2.0,2.0,0.0,1.0,0.0,0.0,0.0,0.0,0,0,0,0,0
60717,0,0,-0.55332243,0.36509392,0,0,unassigned,30.0,29.0,1.0,0.96666664,0.033333335,0.03333336,0.054158606,0.001805287,0,0,1,0,0
60718,-1,1,1.2661262,0.7800789,1,1,unassigned,10.0,2.0,8.0,0.2,0.8,0.8,0.015473888,0.012379111,1,1,0,1,0
60719,-1,0,3.9965212,0.98195225,1,1,unassigned,24.0,10.0,14.0,0.41666666,0.5833333,0.5833334,0.04255319,0.024822693,0,0,0,1,1
60720,-1,0,0.13454205,0.53358483,1,1,unassigned,4.0,4.0,0.0,1.0,0.0,0.0,0.003868472,0.0,0,0,0,1,0
60721,-1,0,4.214854,0.9854407,1,1,unassigned,3.0,3.0,0.0,1.0,0.0,0.0,0.001934236,0.0,0,0,0,1,1
60722,-1,0,2.242108,0.9039676,1,1,unassigned,2.0,2.0,0.0,1.0,0.0,0.0,0.0,0.0,0,0,0,1,1
60723,-1,0,5.6309094,0.9964275,1,1,unassigned,4.0,4.0,0.0,1.0,0.0,0.0,0.003868472,0.0,0,0,0,1,1
60724,-1,1,9.047174,0.9998822,1,1,unassigned,22.0,11.0,11.0,0.5,0.5,0.5,0.03868472,0.01934236,1,0,0,1,1
60725,-1,1,3.1263769,0.9579677,1,1,unassigned,24.0,19.0,5.0,0.7916667,0.20833333,0.20833331,0.04255319,0.0088652475,1,0,0,1,1
60726,1,1,9.624359,0.99993396,1,0,unassigned,2.0,1.0,1.0,0.5,0.5,0.5,0.0,0.0,1,0,1,1,1
60727,-1,1,8.728373,0.9998381,1,1,unassigned,5.0,5.0,0.0,1.0,0.0,0.0,0.0058027077,0.0,1,0,0,1,1
60728,-1,1,-0.5283454,0.37090287,0,1,unassigned,95.0,93.0,2.0,0.97894734,0.021052632,0.021052659,0.17988394,0.0037870305,1,0,0,0,0
60729,-1,1,4.165383,0.9847135,1,1,unassigned,2.0,2.0,0.0,1.0,0.0,0.0,0.0,0.0,1,0,0,1,1
60730,-1,0,5.2226915,0.9946361,1,1,unassigned,2.0,2.0,0.0,1.0,0.0,0.0,0.0,0.0,0,0,0,1,1
60731,-1,1,-0.08428919,0.47894016,0,1,unassigned,2.0,2.0,0.0,1.0,0.0,0.0,0.0,0.0,1,0,0,0,0
60732,-1,0,-0.97371435,0.27414075,0,1,unassigned,23.0,23.0,0.0,1.0,0.0,0.0,0.040618956,0.0,0,0,0,0,0
60733,-1,0,2.896837,0.9476899,1,1,unassigned,14.0,10.0,4.0,0.71428573,0.2857143,0.28571427,0.023210831,0.0066316663,0,0,0,1,1
60734,-1,1,-0.0047640204,0.49880895,0,1,unassigned,11.0,11.0,0.0,1.0,0.0,0.0,0.017408123,0.0,1,0,0,0,0
60735,-1,1,-0.8916135,0.29077697,0,1,unassigned,53.0,53.0,0.0,1.0,0.0,0.0,0.09864604,0.0,1,0,0,0,0
60736,-1,1,1.158817,0.7611177,1,1,unassigned,4.0,3.0,1.0,0.75,0.25,0.25,0.003868472,0.000967118,1,0,0,1,0
60737,-1,1,-0.4742502,0.38361076,0,1,unassigned,48.0,45.0,3.0,0.9375,0.0625,0.0625,0.088974856,0.0055609285,1,0,0,0,0
60738,0,1,-0.79582345,0.31091964,0,0,unassigned,15.0,8.0,7.0,0.53333336,0.46666667,0.46666664,0.025145067,0.011734365,1,0,1,0,0
60739,-1,0,-0.24070498,0.44011262,0,1,unassigned,16.0,16.0,0.0,1.0,0.0,0.0,0.027079303,0.0,0,0,0,0,0
60740,-1,0,-0.14138365,0.46471286,0,1,unassigned,10.0,10.0,0.0,1.0,0.0,0.0,0.015473888,0.0,0,0,0,0,0
60741,-1,0,1.4517169,0.8102625,1,1,unassigned,7.0,7.0,0.0,1.0,0.0,0.0,0.00967118,0.0,0,0,0,1,0
60742,-1,0,6.813147,0.99890196,1,1,unassigned,9.0,9.0,0.0,1.0,0.0,0.0,0.013539651,0.0,0,0,0,1,1
60743,-1,1,6.448587,0.99841976,1,1,unassigned,14.0,8.0,6.0,0.5714286,0.42857143,0.4285714,0.023210831,0.009947499,1,0,0,1,1
60744,-1,1,3.9051535,0.9802596,1,1,unassigned,15.0,14.0,1.0,0.93333334,0.06666667,0.06666666,0.025145067,0.0016763379,1,0,0,1,1
60745,-1,0,2.5846007,0.92986387,1,1,unassigned,4.0,4.0,0.0,1.0,0.0,0.0,0.003868472,0.0,0,0,0,1,1
60746,-1,1,6.801515,0.99888915,1,1,unassigned,2.0,2.0,0.0,1.0,0.0,0.0,0.0,0.0,1,0,0,1,1
60747,0,0,0.31301945,0.57762206,1,1,train,6.0,6.0,0.0,1.0,0.0,0.0,0.007736944,0.0,0,0,0,1,0
60748,1,0,3.2009995,0.9608718,1,0,val,5.0,5.0,0.0,1.0,0.0,0.0,0.0058027077,0.0,0,0,1,1,1
60749,0,0,-0.37592766,0.40710947,0,0,unassigned,5.0,5.0,0.0,1.0,0.0,0.0,0.0058027077,0.0,0,0,1,0,0
60750,-1,0,6.398173,0.9983381,1,1,unassigned,7.0,6.0,1.0,0.85714287,0.14285715,0.14285713,0.00967118,0.0013815971,0,0,0,1,1
60751,-1,1,1.5425084,0.82382905,1,1,unassigned,11.0,10.0,1.0,0.90909094,0.09090909,0.090909064,0.017408123,0.0015825568,1,0,0,1,0
60752,-1,1,-0.6728608,0.33785656,0,1,unassigned,63.0,61.0,2.0,0.96825397,0.031746034,0.03174603,0.11798839,0.0037456634,1,0,0,0,0
60753,0,0,-0.43413913,0.39313838,0,0,unassigned,2.0,2.0,0.0,1.0,0.0,0.0,0.0,0.0,0,0,1,0,0
60754,-1,1,-0.17491305,0.4563829,0,1,unassigned,4.0,4.0,0.0,1.0,0.0,0.0,0.003868472,0.0,1,0,0,0,0
60755,-1,1,15.375792,0.99999976,1,1,unassigned,16.0,14.0,2.0,0.875,0.125,0.125,0.027079303,0.0033849129,1,0,0,1,1
60756,-1,1,5.262196,0.9948428,1,1,unassigned,9.0,7.0,2.0,0.7777778,0.22222222,0.22222221,0.013539651,0.0030088115,1,0,0,1,1
60757,-1,0,5.9360237,0.99736446,1,1,unassigned,2.0,2.0,0.0,1.0,0.0,0.0,0.0,0.0,0,0,0,1,1
60758,1,1,0.8399249,0.69844943,1,0,unassigned,39.0,37.0,2.0,0.94871795,0.051282052,0.05128205,0.07156673,0.0036700887,1,0,1,1,0
60759,-1,0,-0.76109296,0.31840903,0,1,unassigned,4.0,4.0,0.0,1.0,0.0,0.0,0.003868472,0.0,0,0,0,0,0
60760,1,0,-0.81175077,0.30751753,0,1,test,3.0,3.0,0.0,1.0,0.0,0.0,0.001934236,0.0,0,0,0,0,0
60761,-1,0,2.9364903,0.9496211,1,1,unassigned,9.0,9.0,0.0,1.0,0.0,0.0,0.013539651,0.0,0,0,0,1,1
60762,-1,0,2.790807,0.942177,1,1,unassigned,10.0,10.0,0.0,1.0,0.0,0.0,0.015473888,0.0,0,0,0,1,1
60763,-1,0,1.8762832,0.8671836,1,1,unassigned,5.0,4.0,1.0,0.8,0.2,0.19999999,0.0058027077,0.0011605415,0,0,0,1,0
60764,-1,0,2.003522,0.8811664,1,1,unassigned,4.0,4.0,0.0,1.0,0.0,0.0,0.003868472,0.0,0,0,0,1,0
60765,-1,0,0.4769562,0.6170289,1,1,unassigned,2.0,2.0,0.0,1.0,0.0,0.0,0.0,0.0,0,0,0,1,0
60766,-1,0,0.5943114,0.6443538,1,1,unassigned,8.0,5.0,3.0,0.625,0.375,0.375,0.0116054155,0.004352031,0,0,0,1,0
60767,-1,0,5.8988643,0.997265,1,1,unassigned,5.0,5.0,0.0,1.0,0.0,0.0,0.0058027077,0.0,0,0,0,1,1
60768,1,0,2.7274723,0.9386284,1,0,unassigned,4.0,4.0,0.0,1.0,0.0,0.0,0.003868472,0.0,0,0,1,1,1
60769,-1,0,6.0010715,0.99753004,1,1,unassigned,21.0,20.0,1.0,0.95238096,0.04761905,0.047619045,0.036750484,0.0017500231,0,0,0,1,1
60770,0,1,-0.23294216,0.44202635,0,0,test,18.0,16.0,2.0,0.8888889,0.11111111,0.111111104,0.030947777,0.0034386418,1,0,1,0,0
60771,-1,1,-0.46904907,0.38484132,0,1,unassigned,17.0,17.0,0.0,1.0,0.0,0.0,0.029013539,0.0,1,0,0,0,0
60772,-1,1,0.04056877,0.51014084,1,1,unassigned,5.0,4.0,1.0,0.8,0.2,0.19999999,0.0058027077,0.0011605415,1,0,0,1,0
60773,1,0,2.5430434,0.9271048,1,0,test,2.0,2.0,0.0,1.0,0.0,0.0,0.0,0.0,0,0,1,1,1
60774,-1,0,7.776525,0.9995807,1,1,unassigned,2.0,2.0,0.0,1.0,0.0,0.0,0.0,0.0,0,0,0,1,1
60775,-1,1,7.2724776,0.9993061,1,1,unassigned,4.0,4.0,0.0,1.0,0.0,0.0,0.003868472,0.0,1,0,0,1,1
60776,1,1,4.024231,0.9824368,1,0,unassigned,3.0,3.0,0.0,1.0,0.0,0.0,0.001934236,0.0,1,0,1,1,1
60777,-1,0,0.08573741,0.52142125,1,1,unassigned,10.0,10.0,0.0,1.0,0.0,0.0,0.015473888,0.0,0,0,0,1,0
60778,-1,1,-0.15783381,0.4606233,0,1,unassigned,3.0,2.0,1.0,0.6666667,0.33333334,0.3333333,0.001934236,0.00064474536,1,0,0,0,0
60779,-1,1,3.56058,0.9723632,1,1,unassigned,6.0,5.0,1.0,0.8333333,0.16666667,0.16666669,0.007736944,0.0012894907,1,0,0,1,1
60780,-1,1,2.6666815,0.9350317,1,1,unassigned,53.0,51.0,2.0,0.9622642,0.03773585,0.03773582,0.09864604,0.0037224921,1,0,0,1,1
60781,-1,1,3.3783324,0.9670205,1,1,unassigned,16.0,16.0,0.0,1.0,0.0,0.0,0.027079303,0.0,1,0,0,1,1
60782,1,0,-0.10072982,0.47483882,0,1,unassigned,3.0,3.0,0.0,1.0,0.0,0.0,0.001934236,0.0,0,0,0,0,0
60783,-1,0,3.0172002,0.9533452,1,1,unassigned,8.0,6.0,2.0,0.75,0.25,0.25,0.0116054155,0.0029013539,0,0,0,1,1
60784,-1,0,0.7109402,0.67060894,1,1,unassigned,12.0,12.0,0.0,1.0,0.0,0.0,0.01934236,0.0,0,0,0,1,0
60785,-1,0,6.948195,0.99904054,1,1,unassigned,17.0,17.0,0.0,1.0,0.0,0.0,0.029013539,0.0,0,0,0,1,1
60786,-1,0,3.0239823,0.9536459,1,1,unassigned,9.0,8.0,1.0,0.8888889,0.11111111,0.111111104,0.013539651,0.0015044058,0,0,0,1,1
60787,1,0,2.9080327,0.9482421,1,0,test,5.0,5.0,0.0,1.0,0.0,0.0,0.0058027077,0.0,0,0,1,1,1
60788,-1,0,0.229083,0.55702156,1,1,unassigned,2.0,2.0,0.0,1.0,0.0,0.0,0.0,0.0,0,0,0,1,0
60789,1,0,2.2684705,0.9062319,1,0,test,2.0,2.0,0.0,1.0,0.0,0.0,0.0,0.0,0,0,1,1,1
60790,-1,0,8.594855,0.99981505,1,1,unassigned,8.0,7.0,1.0,0.875,0.125,0.125,0.0116054155,0.0014506769,0,0,0,1,1
60791,-1,0,-0.6259302,0.3484339,0,1,unassigned,3.0,3.0,0.0,1.0,0.0,0.0,0.001934236,0.0,0,0,0,0,0
60792,-1,0,-0.026872039,0.49328238,0,1,unassigned,4.0,4.0,0.0,1.0,0.0,0.0,0.003868472,0.0,0,0,0,0,0
60793,-1,0,2.8897069,0.94733524,1,1,unassigned,13.0,12.0,1.0,0.9230769,0.07692308,0.07692307,0.021276595,0.0016366612,0,0,0,1,1
60794,-1,1,-0.5614049,0.36322245,0,1,unassigned,43.0,43.0,0.0,1.0,0.0,0.0,0.079303674,0.0,1,0,0,0,0
60795,-1,1,-0.35058403,0.4132408,0,1,unassigned,13.0,13.0,0.0,1.0,0.0,0.0,0.021276595,0.0,1,0,0,0,0
60796,-1,1,-0.56894416,0.3614805,0,1,unassigned,54.0,50.0,4.0,0.9259259,0.074074075,0.07407409,0.10058027,0.00745039,1,0,0,0,0
60797,-1,0,0.23275334,0.557927,1,1,unassigned,73.0,73.0,0.0,1.0,0.0,0.0,0.13733076,0.0,0,0,0,1,0
60798,-1,1,-0.2345292,0.44163495,0,1,unassigned,11.0,11.0,0.0,1.0,0.0,0.0,0.017408123,0.0,1,0,0,0,0
60799,-1,0,1.9566867,0.8761739,1,1,unassigned,3.0,3.0,0.0,1.0,0.0,0.0,0.001934236,0.0,0,0,0,1,0
60800,-1,1,1.5886755,0.8304297,1,1,unassigned,4.0,4.0,0.0,1.0,0.0,0.0,0.003868472,0.0,1,0,0,1,0
60801,-1,0,2.792905,0.9422912,1,1,unassigned,2.0,2.0,0.0,1.0,0.0,0.0,0.0,0.0,0,0,0,1,1
60802,-1,1,4.6842256,0.99084467,1,1,unassigned,3.0,3.0,0.0,1.0,0.0,0.0,0.001934236,0.0,1,0,0,1,1
60803,1,1,2.9235733,0.9489995,1,0,val,46.0,43.0,3.0,0.9347826,0.06521739,0.065217376,0.08510638,0.005550416,1,0,1,1,1
60804,-1,0,3.549741,0.9720704,1,1,unassigned,2.0,2.0,0.0,1.0,0.0,0.0,0.0,0.0,0,0,0,1,1
60805,0,1,-0.8147224,0.3068851,0,0,val,4.0,4.0,0.0,1.0,0.0,0.0,0.003868472,0.0,1,0,1,0,0
60806,-1,1,-0.655581,0.34173298,0,1,unassigned,4.0,4.0,0.0,1.0,0.0,0.0,0.003868472,0.0,1,0,0,0,0
60807,-1,1,1.9038725,0.8703292,1,1,unassigned,48.0,47.0,1.0,0.9791667,0.020833334,0.020833313,0.088974856,0.0018536429,1,0,0,1,0
60808,-1,0,1.1655645,0.76234233,1,1,unassigned,2.0,2.0,0.0,1.0,0.0,0.0,0.0,0.0,0,0,0,1,0
60809,-1,0,-0.44590542,0.39033473,0,1,unassigned,2.0,1.0,1.0,0.5,0.5,0.5,0.0,0.0,0,0,0,0,0
60810,-1,1,-0.26051393,0.43523735,0,1,unassigned,35.0,35.0,0.0,1.0,0.0,0.0,0.06382979,0.0,1,0,0,0,0
60811,-1,0,5.1343555,0.99414366,1,1,unassigned,2.0,2.0,0.0,1.0,0.0,0.0,0.0,0.0,0,0,0,1,1
60812,-1,1,3.9649231,0.9813836,1,1,unassigned,10.0,8.0,2.0,0.8,0.2,0.19999999,0.015473888,0.0030947777,1,0,0,1,1
60813,-1,1,0.7319694,0.6752373,1,1,unassigned,25.0,22.0,3.0,0.88,0.12,0.120000005,0.044487428,0.0053384914,1,0,0,1,0
60814,-1,0,5.175401,0.9943778,1,1,unassigned,4.0,2.0,2.0,0.5,0.5,0.5,0.003868472,0.001934236,0,0,0,1,1
60815,-1,0,-0.5583997,0.3639178,0,1,unassigned,13.0,13.0,0.0,1.0,0.0,0.0,0.021276595,0.0,0,0,0,0,0
60816,0,0,-0.31503436,0.42188635,0,0,unassigned,14.0,14.0,0.0,1.0,0.0,0.0,0.023210831,0.0,0,0,1,0,0
60817,-1,0,7.6385503,0.99951875,1,1,unassigned,3.0,3.0,0.0,1.0,0.0,0.0,0.001934236,0.0,0,0,0,1,1
60818,-1,1,-0.7087754,0.3298695,0,1,unassigned,4.0,4.0,0.0,1.0,0.0,0.0,0.003868472,0.0,1,0,0,0,0
60819,-1,1,-0.18597588,0.4536396,0,1,unassigned,7.0,7.0,0.0,1.0,0.0,0.0,0.00967118,0.0,1,0,0,0,0
60820,-1,0,-0.51567125,0.373865,0,1,unassigned,14.0,14.0,0.0,1.0,0.0,0.0,0.023210831,0.0,0,0,0,0,0
60821,-1,0,2.7382615,0.93924695,1,1,unassigned,7.0,4.0,3.0,0.5714286,0.42857143,0.4285714,0.00967118,0.0041447915,0,0,0,1,1
60822,-1,1,0.23494583,0.55846775,1,1,unassigned,40.0,38.0,2.0,0.95,0.05,0.050000012,0.07350097,0.0036750485,1,0,0,1,0
60823,-1,1,3.2494066,0.9626517,1,1,unassigned,2.0,1.0,1.0,0.5,0.5,0.5,0.0,0.0,1,0,0,1,1
60824,-1,0,-0.32774013,0.41879058,0,1,unassigned,2.0,2.0,0.0,1.0,0.0,0.0,0.0,0.0,0,0,0,0,0
60825,-1,0,-0.5946086,0.3555781,0,1,unassigned,20.0,20.0,0.0,1.0,0.0,0.0,0.034816246,0.0,0,0,0,0,0
60826,-1,0,-0.48204947,0.3817683,0,1,unassigned,8.0,8.0,0.0,1.0,0.0,0.0,0.0116054155,0.0,0,0,0,0,0
60827,-1,0,-0.39755666,0.40189955,0,1,unassigned,9.0,9.0,0.0,1.0,0.0,0.0,0.013539651,0.0,0,0,0,0,0
60828,-1,1,9.150555,0.9998938,1,1,unassigned,9.0,7.0,2.0,0.7777778,0.22222222,0.22222221,0.013539651,0.0030088115,1,0,0,1,1
60829,-1,0,6.4419146,0.9984092,1,1,unassigned,2.0,2.0,0.0,1.0,0.0,0.0,0.0,0.0,0,0,0,1,1
60830,-1,0,5.0268884,0.9934836,1,1,unassigned,3.0,3.0,0.0,1.0,0.0,0.0,0.001934236,0.0,0,0,0,1,1
60831,0,1,-0.47732615,0.3828837,0,0,val,54.0,54.0,0.0,1.0,0.0,0.0,0.10058027,0.0,1,0,1,0,0
60832,-1,0,1.7391613,0.8505805,1,1,unassigned,7.0,7.0,0.0,1.0,0.0,0.0,0.00967118,0.0,0,0,0,1,0
60833,-1,0,0.3111623,0.57716894,1,1,unassigned,10.0,9.0,1.0,0.9,0.1,0.100000024,0.015473888,0.0015473888,0,0,0,1,0
60834,-1,1,1.9157407,0.8716627,1,1,unassigned,14.0,12.0,2.0,0.85714287,0.14285715,0.14285713,0.023210831,0.0033158332,1,0,0,1,0
60835,-1,1,-0.3848456,0.40495872,0,1,unassigned,4.0,4.0,0.0,1.0,0.0,0.0,0.003868472,0.0,1,0,0,0,0
60836,-1,1,-0.38484558,0.40495872,0,1,unassigned,4.0,4.0,0.0,1.0,0.0,0.0,0.003868472,0.0,1,0,0,0,0
60837,-1,0,-0.11498308,0.47128588,0,1,unassigned,2.0,2.0,0.0,1.0,0.0,0.0,0.0,0.0,0,0,0,0,0
60838,1,0,-0.2879091,0.42851582,0,1,unassigned,13.0,13.0,0.0,1.0,0.0,0.0,0.021276595,0.0,0,0,0,0,0
60839,-1,0,-0.58003104,0.35892543,0,1,unassigned,27.0,26.0,1.0,0.962963,0.037037037,0.037037015,0.0483559,0.0017909593,0,0,0,0,0
60840,-1,1,5.7263665,0.99675167,1,1,unassigned,5.0,2.0,3.0,0.4,0.6,0.6,0.0058027077,0.0034816249,1,0,0,1,1
60841,1,1,5.401497,0.99551046,1,0,val,3.0,3.0,0.0,1.0,0.0,0.0,0.001934236,0.0,1,0,1,1,1
60842,-1,0,-0.9451062,0.27987006,0,1,unassigned,14.0,14.0,0.0,1.0,0.0,0.0,0.023210831,0.0,0,0,0,0,0
60843,-1,0,3.9928944,0.9818879,1,1,unassigned,17.0,16.0,1.0,0.9411765,0.05882353,0.058823526,0.029013539,0.0017066788,0,0,0,1,1
60844,1,0,9.805256,0.9999448,1,0,unassigned,24.0,20.0,4.0,0.8333333,0.16666667,0.16666669,0.04255319,0.0070921984,0,0,1,1,1
60845,-1,1,2.186774,0.89905554,1,1,unassigned,18.0,17.0,1.0,0.9444444,0.055555556,0.055555582,0.030947777,0.0017193209,1,0,0,1,0
60846,-1,1,-0.5719968,0.3607762,0,1,unassigned,4.0,4.0,0.0,1.0,0.0,0.0,0.003868472,0.0,1,0,0,0,0
60847,1,1,1.8925791,0.8690493,1,0,unassigned,4.0,4.0,0.0,1.0,0.0,0.0,0.003868472,0.0,1,0,1,1,0
60848,-1,1,0.35176057,0.5870444,1,1,unassigned,4.0,4.0,0.0,1.0,0.0,0.0,0.003868472,0.0,1,0,0,1,0
60849,-1,1,0.8847559,0.7078068,1,1,unassigned,6.0,6.0,0.0,1.0,0.0,0.0,0.007736944,0.0,1,0,0,1,0
60850,-1,1,0.26863223,0.5667571,1,1,unassigned,2.0,2.0,0.0,1.0,0.0,0.0,0.0,0.0,1,0,0,1,0
60851,-1,1,-0.73119056,0.32493353,0,1,unassigned,3.0,1.0,2.0,0.33333334,0.6666667,0.6666666,0.001934236,0.0012894907,1,0,0,0,0
60852,-1,0,9.155046,0.99989426,1,1,unassigned,2.0,2.0,0.0,1.0,0.0,0.0,0.0,0.0,0,0,0,1,1
60853,-1,1,0.6513024,0.65730387,1,1,unassigned,18.0,16.0,2.0,0.8888889,0.11111111,0.111111104,0.030947777,0.0034386418,1,0,0,1,0
60854,-1,0,9.155046,0.99989426,1,1,unassigned,2.0,2.0,0.0,1.0,0.0,0.0,0.0,0.0,0,0,0,1,1
60855,-1,0,2.7982523,0.9425813,1,1,unassigned,5.0,3.0,2.0,0.6,0.4,0.39999998,0.0058027077,0.002321083,0,0,0,1,1
60856,-1,1,1.1544261,0.76031846,1,1,unassigned,2.0,2.0,0.0,1.0,0.0,0.0,0.0,0.0,1,0,0,1,0
60857,1,1,-0.6084538,0.352412,0,1,unassigned,30.0,28.0,2.0,0.93333334,0.06666667,0.06666666,0.054158606,0.003610574,1,0,0,0,0
60858,-1,0,9.543007,0.99992836,1,1,unassigned,2.0,2.0,0.0,1.0,0.0,0.0,0.0,0.0,0,0,0,1,1
60859,-1,0,3.2288668,0.9619062,1,1,unassigned,5.0,5.0,0.0,1.0,0.0,0.0,0.0058027077,0.0,0,0,0,1,1
60860,-1,0,9.010788,0.9998779,1,1,unassigned,2.0,2.0,0.0,1.0,0.0,0.0,0.0,0.0,0,0,0,1,1
60861,-1,1,6.1924515,0.9979594,1,1,unassigned,20.0,20.0,0.0,1.0,0.0,0.0,0.034816246,0.0,1,0,0,1,1
60862,-1,0,3.1355395,0.9583351,1,1,unassigned,2.0,2.0,0.0,1.0,0.0,0.0,0.0,0.0,0,0,0,1,1
60863,-1,0,4.629395,0.99033374,1,1,unassigned,4.0,4.0,0.0,1.0,0.0,0.0,0.003868472,0.0,0,0,0,1,1
60864,-1,0,9.425507,0.9999194,1,1,unassigned,2.0,2.0,0.0,1.0,0.0,0.0,0.0,0.0,0,0,0,1,1
60865,-1,1,1.7959399,0.857654,1,1,unassigned,16.0,16.0,0.0,1.0,0.0,0.0,0.027079303,0.0,1,0,0,1,0
60866,-1,0,6.61684,0.99866414,1,1,unassigned,3.0,2.0,1.0,0.6666667,0.33333334,0.3333333,0.001934236,0.00064474536,0,0,0,1,1
60867,-1,0,2.8245535,0.9439883,1,1,unassigned,4.0,4.0,0.0,1.0,0.0,0.0,0.003868472,0.0,0,0,0,1,1
60868,-1,0,-0.15247124,0.46195585,0,1,unassigned,2.0,2.0,0.0,1.0,0.0,0.0,0.0,0.0,0,0,0,0,0
60869,1,1,3.0689619,0.9555942,1,0,test,11.0,10.0,1.0,0.90909094,0.09090909,0.090909064,0.017408123,0.0015825568,1,0,1,1,1
60870,-1,1,-0.55054396,0.3657382,0,1,unassigned,12.0,12.0,0.0,1.0,0.0,0.0,0.01934236,0.0,1,0,0,0,0
60871,-1,1,-0.7862096,0.31298313,0,1,unassigned,58.0,58.0,0.0,1.0,0.0,0.0,0.10831721,0.0,1,0,0,0,0
60872,-1,1,-0.709106,0.3297964,0,1,unassigned,30.0,30.0,0.0,1.0,0.0,0.0,0.054158606,0.0,1,0,0,0,0
60873,-1,0,-0.13268495,0.46687737,0,1,unassigned,3.0,2.0,1.0,0.6666667,0.33333334,0.3333333,0.001934236,0.00064474536,0,0,0,0,0
60874,-1,0,0.5444353,0.63284355,1,1,unassigned,19.0,17.0,2.0,0.8947368,0.10526316,0.10526317,0.032882012,0.0034612645,0,0,0,1,0
60875,1,1,-0.8802953,0.2931166,0,1,val,12.0,7.0,5.0,0.5833333,0.41666666,0.4166667,0.01934236,0.008059316,1,0,0,0,0
60876,-1,0,1.9660406,0.8771852,1,1,unassigned,18.0,17.0,1.0,0.9444444,0.055555556,0.055555582,0.030947777,0.0017193209,0,0,0,1,0
60877,-1,1,2.0328865,0.8842069,1,1,unassigned,2.0,2.0,0.0,1.0,0.0,0.0,0.0,0.0,1,0,0,1,0
60878,-1,0,-0.2207208,0.4450427,0,1,unassigned,2.0,1.0,1.0,0.5,0.5,0.5,0.0,0.0,0,0,0,0,0
60879,-1,0,4.964354,0.99306595,1,1,unassigned,2.0,2.0,0.0,1.0,0.0,0.0,0.0,0.0,0,0,0,1,1
60880,-1,0,-0.80084896,0.30984396,0,1,unassigned,4.0,3.0,1.0,0.75,0.25,0.25,0.003868472,0.000967118,0,0,0,0,0
60881,1,1,0.044584334,0.5111442,1,0,test,2.0,2.0,0.0,1.0,0.0,0.0,0.0,0.0,1,0,1,1,0
60882,-1,1,-0.95131403,0.27862063,0,1,unassigned,9.0,9.0,0.0,1.0,0.0,0.0,0.013539651,0.0,1,0,0,0,0
60883,-1,1,-0.86954135,0.29534975,0,1,unassigned,43.0,42.0,1.0,0.9767442,0.023255814,0.023255825,0.079303674,0.0018442714,1,0,0,0,0
60884,0,1,-0.87764657,0.29366568,0,0,train,5.0,4.0,1.0,0.8,0.2,0.19999999,0.0058027077,0.0011605415,1,0,1,0,0
60885,-1,0,-0.46186757,0.38654286,0,1,unassigned,3.0,3.0,0.0,1.0,0.0,0.0,0.001934236,0.0,0,0,0,0,0
60886,-1,1,-0.7891445,0.3123524,0,1,unassigned,48.0,47.0,1.0,0.9791667,0.020833334,0.020833313,0.088974856,0.0018536429,1,0,0,0,0
60887,-1,1,1.6032512,0.8324723,1,1,unassigned,26.0,24.0,2.0,0.9230769,0.07692308,0.07692307,0.046421662,0.0035708973,1,0,0,1,0
60888,-1,0,7.45569,0.9994222,1,1,unassigned,2.0,2.0,0.0,1.0,0.0,0.0,0.0,0.0,0,0,0,1,1
60889,-1,1,-0.55999386,0.36354887,0,1,unassigned,8.0,6.0,2.0,0.75,0.25,0.25,0.0116054155,0.0029013539,1,0,0,0,0
60890,-1,0,-0.27773547,0.43100902,0,1,unassigned,15.0,14.0,1.0,0.93333334,0.06666667,0.06666666,0.025145067,0.0016763379,0,0,0,0,0
60891,-1,0,3.674173,0.9752574,1,1,unassigned,2.0,2.0,0.0,1.0,0.0,0.0,0.0,0.0,0,0,0,1,1
60892,0,0,-0.82962453,0.30372447,0,0,val,3.0,1.0,2.0,0.33333334,0.6666667,0.6666666,0.001934236,0.0012894907,0,0,1,0,0
60893,-1,0,2.3835928,0.9155676,1,1,unassigned,5.0,4.0,1.0,0.8,0.2,0.19999999,0.0058027077,0.0011605415,0,0,0,1,1
60894,-1,0,0.776779,0.6849855,1,1,unassigned,4.0,3.0,1.0,0.75,0.25,0.25,0.003868472,0.000967118,0,0,0,1,0
60895,-1,0,-0.3437742,0.41489297,0,1,unassigned,3.0,3.0,0.0,1.0,0.0,0.0,0.001934236,0.0,0,0,0,0,0
60896,0,1,-0.1506185,0.4624164,0,0,test,23.0,22.0,1.0,0.95652175,0.04347826,0.04347825,0.040618956,0.0017660416,1,0,1,0,0
60897,-1,1,4.7146287,0.9911164,1,1,unassigned,4.0,1.0,3.0,0.25,0.75,0.75,0.003868472,0.002901354,1,0,0,1,1
60898,-1,1,0.5792199,0.64088786,1,1,unassigned,3.0,2.0,1.0,0.6666667,0.33333334,0.3333333,0.001934236,0.00064474536,1,0,0,1,0
60899,-1,0,-0.42252827,0.3959119,0,1,unassigned,2.0,2.0,0.0,1.0,0.0,0.0,0.0,0.0,0,0,0,0,0
60900,-1,0,0.9087371,0.7127417,1,1,unassigned,9.0,8.0,1.0,0.8888889,0.11111111,0.111111104,0.013539651,0.0015044058,0,0,0,1,0
60901,-1,1,-0.17491305,0.4563829,0,1,unassigned,4.0,4.0,0.0,1.0,0.0,0.0,0.003868472,0.0,1,0,0,0,0
60902,-1,0,-0.1323725,0.46695513,0,1,unassigned,4.0,4.0,0.0,1.0,0.0,0.0,0.003868472,0.0,0,0,0,0,0
60903,-1,0,-0.5598547,0.36358106,0,1,unassigned,4.0,3.0,1.0,0.75,0.25,0.25,0.003868472,0.000967118,0,0,0,0,0
60904,-1,1,5.4301705,0.99563676,1,1,unassigned,25.0,22.0,3.0,0.88,0.12,0.120000005,0.044487428,0.0053384914,1,0,0,1,1
60905,-1,0,-0.06357664,0.4841112,0,1,unassigned,28.0,28.0,0.0,1.0,0.0,0.0,0.050290134,0.0,0,0,0,0,0
60906,-1,1,0.5917476,0.64376605,1,1,unassigned,13.0,10.0,3.0,0.7692308,0.23076923,0.23076922,0.021276595,0.0049099834,1,0,0,1,0
60907,-1,1,3.7945707,0.97800225,1,1,unassigned,3.0,3.0,0.0,1.0,0.0,0.0,0.001934236,0.0,1,0,0,1,1
60908,1,1,-0.3597604,0.41101757,0,1,unassigned,19.0,18.0,1.0,0.94736844,0.05263158,0.052631557,0.032882012,0.0017306323,1,0,0,0,0
60909,-1,1,-0.7312174,0.32492763,0,1,unassigned,64.0,63.0,1.0,0.984375,0.015625,0.015625,0.11992263,0.0018737911,1,0,0,0,0
60910,-1,1,-0.85530293,0.29832163,0,1,unassigned,37.0,37.0,0.0,1.0,0.0,0.0,0.06769826,0.0,1,0,0,0,0
60911,-1,1,-0.91126853,0.2867403,0,1,unassigned,50.0,50.0,0.0,1.0,0.0,0.0,0.092843324,0.0,1,0,0,0,0
60912,-1,0,-0.037718713,0.49057144,0,1,unassigned,20.0,17.0,3.0,0.85,0.15,0.14999998,0.034816246,0.005222437,0,0,0,0,0
60913,0,1,-0.44964078,0.38944617,0,0,unassigned,21.0,19.0,2.0,0.9047619,0.0952381,0.09523809,0.036750484,0.0035000462,1,0,1,0,0
60914,-1,1,0.4184237,0.603106,1,1,unassigned,11.0,9.0,2.0,0.8181818,0.18181819,0.18181819,0.017408123,0.0031651135,1,0,0,1,0
60915,-1,0,4.23101,0.9856706,1,1,unassigned,4.0,4.0,0.0,1.0,0.0,0.0,0.003868472,0.0,0,0,0,1,1
60916,-1,0,-0.3000318,0.42554972,0,1,unassigned,3.0,3.0,0.0,1.0,0.0,0.0,0.001934236,0.0,0,0,0,0,0
60917,-1,0,11.889612,0.9999931,1,1,unassigned,3.0,3.0,0.0,1.0,0.0,0.0,0.001934236,0.0,0,0,0,1,1
60918,0,0,-0.60383934,0.3534658,0,0,val,6.0,5.0,1.0,0.8333333,0.16666667,0.16666669,0.007736944,0.0012894907,0,0,1,0,0
60919,-1,0,-0.1745162,0.45648134,0,1,unassigned,2.0,2.0,0.0,1.0,0.0,0.0,0.0,0.0,0,0,0,0,0
60920,-1,0,-0.4449539,0.39056122,0,1,unassigned,4.0,4.0,0.0,1.0,0.0,0.0,0.003868472,0.0,0,0,0,0,0
60921,-1,0,-0.3559157,0.4119486,0,1,unassigned,8.0,8.0,0.0,1.0,0.0,0.0,0.0116054155,0.0,0,0,0,0,0
60922,-1,0,0.062538564,0.51562953,1,1,unassigned,4.0,2.0,2.0,0.5,0.5,0.5,0.003868472,0.001934236,0,0,0,1,0
60923,0,1,0.32895523,0.5815051,1,1,test,5.0,5.0,0.0,1.0,0.0,0.0,0.0058027077,0.0,1,0,0,1,0
60924,-1,0,-0.9637821,0.27612162,0,1,unassigned,8.0,7.0,1.0,0.875,0.125,0.125,0.0116054155,0.0014506769,0,0,0,0,0
60925,-1,0,0.10758442,0.5268702,1,1,unassigned,12.0,12.0,0.0,1.0,0.0,0.0,0.01934236,0.0,0,0,0,1,0
60926,-1,0,1.9328005,0.8735591,1,1,unassigned,6.0,5.0,1.0,0.8333333,0.16666667,0.16666669,0.007736944,0.0012894907,0,0,0,1,0
60927,0,0,-1.0026786,0.2684151,0,0,val,2.0,2.0,0.0,1.0,0.0,0.0,0.0,0.0,0,0,1,0,0
60928,-1,0,-0.9998589,0.26896918,0,1,unassigned,2.0,1.0,1.0,0.5,0.5,0.5,0.0,0.0,0,0,0,0,0
60929,-1,0,-0.26790804,0.43342075,0,1,unassigned,2.0,2.0,0.0,1.0,0.0,0.0,0.0,0.0,0,0,0,0,0
60930,-1,0,0.8449562,0.699508,1,1,unassigned,20.0,20.0,0.0,1.0,0.0,0.0,0.034816246,0.0,0,0,0,1,0
60931,-1,1,3.809768,0.97832674,1,1,unassigned,18.0,17.0,1.0,0.9444444,0.055555556,0.055555582,0.030947777,0.0017193209,1,0,0,1,1
60932,-1,0,0.41232133,0.60164434,1,1,unassigned,3.0,3.0,0.0,1.0,0.0,0.0,0.001934236,0.0,0,0,0,1,0
60933,-1,0,-0.14261052,0.46440768,0,1,unassigned,7.0,7.0,0.0,1.0,0.0,0.0,0.00967118,0.0,0,0,0,0,0
60934,-1,0,-0.17541367,0.45625868,0,1,unassigned,6.0,6.0,0.0,1.0,0.0,0.0,0.007736944,0.0,0,0,0,0,0
60935,-1,0,-0.5073678,0.3758108,0,1,unassigned,8.0,8.0,0.0,1.0,0.0,0.0,0.0116054155,0.0,0,0,0,0,0
60936,-1,1,2.8604243,0.9458551,1,1,unassigned,2.0,2.0,0.0,1.0,0.0,0.0,0.0,0.0,1,0,0,1,1
60937,-1,0,-0.64753747,0.3435447,0,1,unassigned,17.0,16.0,1.0,0.9411765,0.05882353,0.058823526,0.029013539,0.0017066788,0,0,0,0,0
60938,-1,0,0.36134797,0.5893667,1,1,unassigned,9.0,9.0,0.0,1.0,0.0,0.0,0.013539651,0.0,0,0,0,1,0
60939,-1,0,4.62346,0.9902767,1,1,unassigned,27.0,26.0,1.0,0.962963,0.037037037,0.037037015,0.0483559,0.0017909593,0,0,0,1,1
60940,-1,0,-0.22796357,0.44325462,0,1,unassigned,14.0,14.0,0.0,1.0,0.0,0.0,0.023210831,0.0,0,0,0,0,0
60941,-1,1,0.934192,0.71792495,1,1,unassigned,7.0,7.0,0.0,1.0,0.0,0.0,0.00967118,0.0,1,0,0,1,0
60942,-1,1,0.99504894,0.73008406,1,1,unassigned,2.0,2.0,0.0,1.0,0.0,0.0,0.0,0.0,1,0,0,1,0
60943,-1,1,2.647837,0.9338775,1,1,unassigned,6.0,6.0,0.0,1.0,0.0,0.0,0.007736944,0.0,1,0,0,1,1
60944,-1,0,0.25299448,0.5629134,1,1,unassigned,24.0,24.0,0.0,1.0,0.0,0.0,0.04255319,0.0,0,0,0,1,0
60945,-1,0,1.4758439,0.81394404,1,1,unassigned,13.0,11.0,2.0,0.84615386,0.15384616,0.15384614,0.021276595,0.0032733225,0,0,0,1,0
60946,1,1,4.6182466,0.9902264,1,0,test,2.0,1.0,1.0,0.5,0.5,0.5,0.0,0.0,1,0,1,1,1
60947,0,1,-0.35067463,0.41321883,0,0,val,4.0,4.0,0.0,1.0,0.0,0.0,0.003868472,0.0,1,0,1,0,0
60948,-1,1,2.9368598,0.9496387,1,1,unassigned,8.0,7.0,1.0,0.875,0.125,0.125,0.0116054155,0.0014506769,1,0,0,1,1
60949,0,0,-0.19230479,0.4520714,0,0,test,2.0,1.0,1.0,0.5,0.5,0.5,0.0,0.0,0,0,1,0,0
60950,-1,0,0.73868364,0.6767079,1,1,unassigned,2.0,2.0,0.0,1.0,0.0,0.0,0.0,0.0,0,0,0,1,0
60951,-1,0,-0.10091239,0.4747933,0,1,unassigned,3.0,3.0,0.0,1.0,0.0,0.0,0.001934236,0.0,0,0,0,0,0
60952,-1,0,-0.41093647,0.3986876,0,1,unassigned,14.0,14.0,0.0,1.0,0.0,0.0,0.023210831,0.0,0,0,0,0,0
60953,-1,1,0.56694347,0.6380576,1,1,unassigned,42.0,40.0,2.0,0.95238096,0.04761905,0.047619045,0.07736944,0.003684259,1,0,0,1,0
60954,-1,0,-0.89890563,0.28927544,0,1,unassigned,2.0,1.0,1.0,0.5,0.5,0.5,0.0,0.0,0,0,0,0,0
60955,-1,0,-0.7995333,0.31012535,0,1,unassigned,7.0,7.0,0.0,1.0,0.0,0.0,0.00967118,0.0,0,0,0,0,0
60956,-1,0,5.4373465,0.9956678,1,1,unassigned,3.0,3.0,0.0,1.0,0.0,0.0,0.001934236,0.0,0,0,0,1,1
60957,1,0,3.366629,0.9666452,1,0,test,2.0,1.0,1.0,0.5,0.5,0.5,0.0,0.0,0,0,1,1,1
60958,-1,0,2.942026,0.9498853,1,1,unassigned,3.0,3.0,0.0,1.0,0.0,0.0,0.001934236,0.0,0,0,0,1,1
60959,1,0,2.192478,0.899572,1,0,test,2.0,2.0,0.0,1.0,0.0,0.0,0.0,0.0,0,0,1,1,0
60960,-1,0,-0.1778428,0.45565617,0,1,unassigned,17.0,17.0,0.0,1.0,0.0,0.0,0.029013539,0.0,0,0,0,0,0
60961,-1,1,7.0718107,0.99915206,1,1,unassigned,2.0,2.0,0.0,1.0,0.0,0.0,0.0,0.0,1,0,0,1,1
60962,-1,0,14.264254,0.9999994,1,1,unassigned,4.0,4.0,0.0,1.0,0.0,0.0,0.003868472,0.0,0,0,0,1,1
60963,-1,0,0.041584074,0.5103945,1,1,unassigned,13.0,6.0,7.0,0.46153846,0.53846157,0.53846157,0.021276595,0.011456628,0,0,0,1,0
60964,-1,1,2.96091,0.95077664,1,1,unassigned,41.0,39.0,2.0,0.9512195,0.048780486,0.0487805,0.07543521,0.003679766,1,0,0,1,1
60965,0,0,-0.66305405,0.34005392,0,0,val,2.0,2.0,0.0,1.0,0.0,0.0,0.0,0.0,0,0,1,0,0
60966,-1,0,3.106075,0.95714265,1,1,unassigned,9.0,8.0,1.0,0.8888889,0.11111111,0.111111104,0.013539651,0.0015044058,0,0,0,1,1
60967,-1,0,-0.6530973,0.34229192,0,1,unassigned,2.0,2.0,0.0,1.0,0.0,0.0,0.0,0.0,0,0,0,0,0
60968,-1,1,3.9366076,0.9808592,1,1,unassigned,29.0,29.0,0.0,1.0,0.0,0.0,0.05222437,0.0,1,0,0,1,1
60969,-1,1,0.9495643,0.72102755,1,1,unassigned,5.0,5.0,0.0,1.0,0.0,0.0,0.0058027077,0.0,1,0,0,1,0
60970,-1,0,1.0910323,0.7485761,1,1,unassigned,2.0,1.0,1.0,0.5,0.5,0.5,0.0,0.0,0,0,0,1,0
60971,-1,0,0.9150117,0.7140246,1,1,unassigned,6.0,4.0,2.0,0.6666667,0.33333334,0.3333333,0.007736944,0.0025789815,0,0,0,1,0
60972,1,0,10.308852,0.9999666,1,0,test,2.0,2.0,0.0,1.0,0.0,0.0,0.0,0.0,0,0,1,1,1
60973,-1,1,2.120222,0.89285314,1,1,unassigned,9.0,9.0,0.0,1.0,0.0,0.0,0.013539651,0.0,1,0,0,1,0
60974,-1,0,8.585282,0.99981326,1,1,unassigned,5.0,5.0,0.0,1.0,0.0,0.0,0.0058027077,0.0,0,0,0,1,1
60975,-1,1,1.818948,0.86043984,1,1,unassigned,5.0,5.0,0.0,1.0,0.0,0.0,0.0058027077,0.0,1,0,0,1,0
60976,-1,1,2.0684748,0.8878011,1,1,unassigned,3.0,3.0,0.0,1.0,0.0,0.0,0.001934236,0.0,1,0,0,1,0
60977,-1,0,3.97868,0.98163325,1,1,unassigned,33.0,29.0,4.0,0.8787879,0.121212125,0.121212125,0.059961315,0.0072680386,0,0,0,1,1
60978,-1,0,-0.654411,0.3419962,0,1,unassigned,2.0,2.0,0.0,1.0,0.0,0.0,0.0,0.0,0,0,0,0,0
60979,-1,0,0.37657315,0.5930463,1,1,unassigned,2.0,2.0,0.0,1.0,0.0,0.0,0.0,0.0,0,0,0,1,0
60980,-1,0,0.25221747,0.5627222,1,1,unassigned,6.0,6.0,0.0,1.0,0.0,0.0,0.007736944,0.0,0,0,0,1,0
60981,-1,1,-0.13478315,0.46635514,0,1,unassigned,2.0,1.0,1.0,0.5,0.5,0.5,0.0,0.0,1,0,0,0,0
60982,-1,0,4.375171,0.98757046,1,1,unassigned,3.0,3.0,0.0,1.0,0.0,0.0,0.001934236,0.0,0,0,0,1,1
60983,-1,0,1.1748211,0.7640153,1,1,unassigned,21.0,21.0,0.0,1.0,0.0,0.0,0.036750484,0.0,0,0,0,1,0
60984,-1,0,-0.7714286,0.31617016,0,1,unassigned,29.0,29.0,0.0,1.0,0.0,0.0,0.05222437,0.0,0,0,0,0,0
60985,-1,1,0.3186186,0.57898754,1,1,unassigned,10.0,7.0,3.0,0.7,0.3,0.3,0.015473888,0.0046421667,1,0,0,1,0
60986,-1,1,0.13244808,0.5330637,1,1,unassigned,69.0,66.0,3.0,0.95652175,0.04347826,0.04347825,0.1295938,0.005634513,1,0,0,1,0
60987,-1,0,3.1299474,0.9581112,1,1,unassigned,5.0,4.0,1.0,0.8,0.2,0.19999999,0.0058027077,0.0011605415,0,0,0,1,1
60988,-1,1,3.4627097,0.9696079,1,1,unassigned,12.0,11.0,1.0,0.9166667,0.083333336,0.08333331,0.01934236,0.0016118633,1,0,0,1,1
60989,-1,1,2.0595002,0.88690406,1,1,unassigned,8.0,8.0,0.0,1.0,0.0,0.0,0.0116054155,0.0,1,0,0,1,0
60990,-1,1,-0.114385456,0.47143474,0,1,unassigned,2.0,2.0,0.0,1.0,0.0,0.0,0.0,0.0,1,0,0,0,0
60991,-1,1,-0.7872675,0.3127557,0,1,unassigned,31.0,25.0,6.0,0.8064516,0.19354838,0.19354838,0.056092843,0.010856679,1,0,0,0,0
60992,-1,0,0.3331992,0.5825376,1,1,unassigned,6.0,6.0,0.0,1.0,0.0,0.0,0.007736944,0.0,0,0,0,1,0
60993,1,0,6.274469,0.9981198,1,0,unassigned,2.0,2.0,0.0,1.0,0.0,0.0,0.0,0.0,0,0,1,1,1
60994,1,0,0.75887316,0.681109,1,0,test,2.0,2.0,0.0,1.0,0.0,0.0,0.0,0.0,0,0,1,1,0
60995,-1,0,-0.41739398,0.39714053,0,1,unassigned,11.0,11.0,0.0,1.0,0.0,0.0,0.017408123,0.0,0,0,0,0,0
60996,-1,1,1.523319,0.8210267,1,1,unassigned,4.0,3.0,1.0,0.75,0.25,0.25,0.003868472,0.000967118,1,0,0,1,0
60997,-1,0,-0.36083874,0.41075653,0,1,unassigned,26.0,26.0,0.0,1.0,0.0,0.0,0.046421662,0.0,0,0,0,0,0
60998,-1,0,2.0871856,0.8896514,1,1,unassigned,7.0,6.0,1.0,0.85714287,0.14285715,0.14285713,0.00967118,0.0013815971,0,0,0,1,0
60999,-1,0,1.7673013,0.85412174,1,1,unassigned,2.0,2.0,0.0,1.0,0.0,0.0,0.0,0.0,0,0,0,1,0
61000,-1,0,3.1005738,0.95691645,1,1,unassigned,2.0,2.0,0.0,1.0,0.0,0.0,0.0,0.0,0,0,0,1,1
61001,1,0,13.124237,0.999998,1,0,train,6.0,6.0,0.0,1.0,0.0,0.0,0.007736944,0.0,0,0,1,1,1
61002,-1,1,5.7674956,0.9968822,1,1,unassigned,6.0,5.0,1.0,0.8333333,0.16666667,0.16666669,0.007736944,0.0012894907,1,0,0,1,1
61003,0,0,0.12506849,0.5312264,1,1,unassigned,3.0,3.0,0.0,1.0,0.0,0.0,0.001934236,0.0,0,0,0,1,0
61004,-1,0,2.0859096,0.88952607,1,1,unassigned,5.0,4.0,1.0,0.8,0.2,0.19999999,0.0058027077,0.0011605415,0,0,0,1,0
61005,-1,1,1.1796236,0.7648801,1,1,unassigned,4.0,4.0,0.0,1.0,0.0,0.0,0.003868472,0.0,1,0,0,1,0
61006,-1,1,1.7007334,0.84563047,1,1,unassigned,5.0,5.0,0.0,1.0,0.0,0.0,0.0058027077,0.0,1,0,0,1,0
61007,-1,0,-0.18086112,0.45490754,0,1,unassigned,2.0,2.0,0.0,1.0,0.0,0.0,0.0,0.0,0,0,0,0,0
61008,1,1,-0.17049968,0.45747802,0,1,unassigned,103.0,101.0,2.0,0.98058254,0.019417476,0.019417465,0.19535783,0.003793356,1,0,0,0,0
61009,-1,0,2.7282007,0.9386704,1,1,unassigned,4.0,4.0,0.0,1.0,0.0,0.0,0.003868472,0.0,0,0,0,1,1
61010,-1,0,3.7585194,0.9772131,1,1,unassigned,6.0,6.0,0.0,1.0,0.0,0.0,0.007736944,0.0,0,0,0,1,1
61011,-1,0,0.6270221,0.6518139,1,1,unassigned,32.0,31.0,1.0,0.96875,0.03125,0.03125,0.058027077,0.0018133462,0,0,0,1,0
61012,-1,0,-0.16243881,0.45947936,0,1,unassigned,11.0,11.0,0.0,1.0,0.0,0.0,0.017408123,0.0,0,0,0,0,0
61013,-1,1,0.35162354,0.5870113,1,1,unassigned,3.0,3.0,0.0,1.0,0.0,0.0,0.001934236,0.0,1,0,0,1,0
61014,-1,1,-0.73896736,0.32322997,0,1,unassigned,17.0,17.0,0.0,1.0,0.0,0.0,0.029013539,0.0,1,0,0,0,0
61015,-1,1,2.7264163,0.9385676,1,1,unassigned,6.0,3.0,3.0,0.5,0.5,0.5,0.007736944,0.003868472,1,0,0,1,1
61016,-1,1,3.9311478,0.98075646,1,1,unassigned,8.0,7.0,1.0,0.875,0.125,0.125,0.0116054155,0.0014506769,1,0,0,1,1
61017,-1,0,-0.8833222,0.29248983,0,1,unassigned,10.0,10.0,0.0,1.0,0.0,0.0,0.015473888,0.0,0,0,0,0,0
61018,-1,0,-0.32832056,0.4186493,0,1,unassigned,7.0,5.0,2.0,0.71428573,0.2857143,0.28571427,0.00967118,0.0027631943,0,0,0,0,0
61019,-1,1,3.366946,0.9666553,1,1,unassigned,6.0,6.0,0.0,1.0,0.0,0.0,0.007736944,0.0,1,0,0,1,1
61020,1,0,-0.24647242,0.43869197,0,1,val,9.0,9.0,0.0,1.0,0.0,0.0,0.013539651,0.0,0,0,0,0,0
61021,-1,0,-0.9441837,0.28005603,0,1,unassigned,2.0,1.0,1.0,0.5,0.5,0.5,0.0,0.0,0,0,0,0,0
61022,-1,1,-0.5238055,0.37196282,0,1,unassigned,60.0,58.0,2.0,0.96666664,0.033333335,0.03333336,0.11218569,0.003739523,1,0,0,0,0
61023,0,0,0.044192135,0.51104623,1,1,unassigned,19.0,19.0,0.0,1.0,0.0,0.0,0.032882012,0.0,0,0,0,1,0
61024,-1,0,0.4668228,0.6146315,1,1,unassigned,3.0,3.0,0.0,1.0,0.0,0.0,0.001934236,0.0,0,0,0,1,0
61025,-1,1,-0.64386755,0.3443728,0,1,unassigned,24.0,22.0,2.0,0.9166667,0.083333336,0.08333331,0.04255319,0.0035460992,1,0,0,0,0
61026,-1,0,2.2265532,0.9026088,1,1,unassigned,2.0,1.0,1.0,0.5,0.5,0.5,0.0,0.0,0,0,0,1,1
61027,-1,1,-0.86658216,0.29596597,0,1,unassigned,30.0,30.0,0.0,1.0,0.0,0.0,0.054158606,0.0,1,0,0,0,0
61028,0,1,-0.9022027,0.28859806,0,0,unassigned,46.0,42.0,4.0,0.9130435,0.08695652,0.0869565,0.08510638,0.007400555,1,0,1,0,0
61029,-1,1,5.2997546,0.99503195,1,1,unassigned,4.0,4.0,0.0,1.0,0.0,0.0,0.003868472,0.0,1,0,0,1,1
61030,-1,0,-0.13639805,0.46595326,0,1,unassigned,2.0,2.0,0.0,1.0,0.0,0.0,0.0,0.0,0,0,0,0,0
61031,-1,1,-0.6150739,0.35090262,0,1,unassigned,3.0,3.0,0.0,1.0,0.0,0.0,0.001934236,0.0,1,0,0,0,0
61032,-1,1,-0.54720044,0.36651418,0,1,unassigned,43.0,43.0,0.0,1.0,0.0,0.0,0.079303674,0.0,1,0,0,0,0
61033,-1,0,0.21493036,0.5535267,1,1,unassigned,19.0,19.0,0.0,1.0,0.0,0.0,0.032882012,0.0,0,0,0,1,0
61034,-1,0,4.5731664,0.9897803,1,1,unassigned,3.0,3.0,0.0,1.0,0.0,0.0,0.001934236,0.0,0,0,0,1,1
61035,0,0,0.05892068,0.5147259,1,1,test,11.0,11.0,0.0,1.0,0.0,0.0,0.017408123,0.0,0,0,0,1,0
61036,-1,0,0.12655813,0.5315974,1,1,unassigned,6.0,6.0,0.0,1.0,0.0,0.0,0.007736944,0.0,0,0,0,1,0
61037,-1,0,-0.42115787,0.39623967,0,1,unassigned,5.0,5.0,0.0,1.0,0.0,0.0,0.0058027077,0.0,0,0,0,0,0
61038,0,1,0.9467681,0.72046477,1,1,unassigned,3.0,3.0,0.0,1.0,0.0,0.0,0.001934236,0.0,1,0,0,1,0
61039,-1,1,0.2523138,0.5627459,1,1,unassigned,2.0,2.0,0.0,1.0,0.0,0.0,0.0,0.0,1,0,0,1,0
61040,-1,0,11.600186,0.9999908,1,1,unassigned,7.0,7.0,0.0,1.0,0.0,0.0,0.00967118,0.0,0,0,0,1,1
61041,-1,0,-0.0058508515,0.4985373,0,1,unassigned,7.0,7.0,0.0,1.0,0.0,0.0,0.00967118,0.0,0,0,0,0,0
61042,1,0,1.0595322,0.74260116,1,0,unassigned,4.0,4.0,0.0,1.0,0.0,0.0,0.003868472,0.0,0,0,1,1,0
61043,-1,1,1.3814983,0.7992315,1,1,unassigned,2.0,2.0,0.0,1.0,0.0,0.0,0.0,0.0,1,0,0,1,0
61044,1,1,-0.14790672,0.46309057,0,1,test,43.0,39.0,4.0,0.90697676,0.093023255,0.09302324,0.079303674,0.0073770857,1,0,0,0,0
61045,-1,1,1.1479728,0.75914043,1,1,unassigned,15.0,15.0,0.0,1.0,0.0,0.0,0.025145067,0.0,1,0,0,1,0
61046,-1,1,-0.7093195,0.32974923,0,1,unassigned,9.0,9.0,0.0,1.0,0.0,0.0,0.013539651,0.0,1,0,0,0,0
61047,0,0,0.1551826,0.538718,1,1,test,7.0,7.0,0.0,1.0,0.0,0.0,0.00967118,0.0,0,0,0,1,0
61048,-1,0,1.587049,0.8302005,1,1,unassigned,42.0,42.0,0.0,1.0,0.0,0.0,0.07736944,0.0,0,0,0,1,0
61049,-1,0,0.42943794,0.6057394,1,1,unassigned,18.0,18.0,0.0,1.0,0.0,0.0,0.030947777,0.0,0,0,0,1,0
61050,-1,0,3.7135537,0.97619003,1,1,unassigned,3.0,3.0,0.0,1.0,0.0,0.0,0.001934236,0.0,0,0,0,1,1
61051,-1,0,1.4951522,0.81685036,1,1,unassigned,6.0,5.0,1.0,0.8333333,0.16666667,0.16666669,0.007736944,0.0012894907,0,0,0,1,0
61052,0,0,-0.11160052,0.4721288,0,0,test,32.0,32.0,0.0,1.0,0.0,0.0,0.058027077,0.0,0,0,1,0,0
61053,-1,0,0.44532818,0.6095279,1,1,unassigned,22.0,22.0,0.0,1.0,0.0,0.0,0.03868472,0.0,0,0,0,1,0
61054,-1,0,1.5560598,0.82578725,1,1,unassigned,6.0,6.0,0.0,1.0,0.0,0.0,0.007736944,0.0,0,0,0,1,0
61055,-1,0,2.4730844,0.9222333,1,1,unassigned,15.0,15.0,0.0,1.0,0.0,0.0,0.025145067,0.0,0,0,0,1,1
61056,-1,0,-0.1712498,0.45729187,0,1,unassigned,49.0,48.0,1.0,0.97959185,0.020408163,0.020408154,0.09090909,0.0018552876,0,0,0,0,0
61057,0,0,-0.07199323,0.4820095,0,0,val,28.0,27.0,1.0,0.96428573,0.035714287,0.03571427,0.050290134,0.0017960763,0,0,1,0,0
61058,0,0,-0.31884181,0.42095804,0,0,test,30.0,30.0,0.0,1.0,0.0,0.0,0.054158606,0.0,0,0,1,0,0
61059,0,1,-0.4487626,0.389655,0,0,unassigned,6.0,6.0,0.0,1.0,0.0,0.0,0.007736944,0.0,1,0,1,0,0
61060,1,0,-0.06906992,0.48273936,0,1,unassigned,12.0,12.0,0.0,1.0,0.0,0.0,0.01934236,0.0,0,0,0,0,0
61061,-1,0,-0.8885076,0.29141793,0,1,unassigned,21.0,21.0,0.0,1.0,0.0,0.0,0.036750484,0.0,0,0,0,0,0
61062,-1,1,-0.76578283,0.31739205,0,1,unassigned,48.0,45.0,3.0,0.9375,0.0625,0.0625,0.088974856,0.0055609285,1,0,0,0,0
61063,-1,1,3.2332032,0.96206486,1,1,unassigned,2.0,2.0,0.0,1.0,0.0,0.0,0.0,0.0,1,0,0,1,1
61064,-1,1,0.78343064,0.686419,1,1,unassigned,22.0,20.0,2.0,0.90909094,0.09090909,0.090909064,0.03868472,0.0035167928,1,0,0,1,0
61065,1,0,2.7032,0.93721515,1,0,unassigned,3.0,3.0,0.0,1.0,0.0,0.0,0.001934236,0.0,0,0,1,1,1
61066,-1,0,0.41688633,0.6027379,1,1,unassigned,2.0,2.0,0.0,1.0,0.0,0.0,0.0,0.0,0,0,0,1,0
61067,-1,0,-0.39981127,0.40135768,0,1,unassigned,14.0,14.0,0.0,1.0,0.0,0.0,0.023210831,0.0,0,0,0,0,0
61068,-1,0,0.42984694,0.6058371,1,1,unassigned,6.0,6.0,0.0,1.0,0.0,0.0,0.007736944,0.0,0,0,0,1,0
61069,-1,0,3.0090015,0.9529791,1,1,unassigned,12.0,12.0,0.0,1.0,0.0,0.0,0.01934236,0.0,0,0,0,1,1
61070,-1,1,-0.89459074,0.29016334,0,1,unassigned,24.0,24.0,0.0,1.0,0.0,0.0,0.04255319,0.0,1,0,0,0,0
61071,-1,0,6.7399774,0.9988187,1,1,unassigned,9.0,5.0,4.0,0.5555556,0.44444445,0.44444442,0.013539651,0.006017623,0,0,0,1,1
61072,-1,0,0.17578095,0.5438324,1,1,unassigned,6.0,6.0,0.0,1.0,0.0,0.0,0.007736944,0.0,0,0,0,1,0
61073,-1,0,-0.17320526,0.4568066,0,1,unassigned,5.0,5.0,0.0,1.0,0.0,0.0,0.0058027077,0.0,0,0,0,0,0
61074,-1,0,4.4215913,0.9881275,1,1,unassigned,10.0,10.0,0.0,1.0,0.0,0.0,0.015473888,0.0,0,0,0,1,1
61075,-1,1,3.0887415,0.9564259,1,1,unassigned,13.0,12.0,1.0,0.9230769,0.07692308,0.07692307,0.021276595,0.0016366612,1,0,0,1,1
61076,-1,0,-0.60126626,0.35405403,0,1,unassigned,3.0,3.0,0.0,1.0,0.0,0.0,0.001934236,0.0,0,0,0,0,0
61077,-1,1,0.051335394,0.51283103,1,1,unassigned,13.0,13.0,0.0,1.0,0.0,0.0,0.021276595,0.0,1,0,0,1,0
61078,-1,0,0.40477306,0.5998339,1,1,unassigned,7.0,2.0,5.0,0.2857143,0.71428573,0.71428573,0.00967118,0.0069079855,0,0,0,1,0
61079,-1,1,-0.64076257,0.3450742,0,1,unassigned,83.0,78.0,5.0,0.939759,0.060240965,0.060240984,0.15667312,0.00943814,1,0,0,0,0
61080,1,0,0.7614954,0.6816783,1,0,unassigned,13.0,13.0,0.0,1.0,0.0,0.0,0.021276595,0.0,0,0,1,1,0
61081,-1,0,0.5672682,0.63813263,1,1,unassigned,2.0,2.0,0.0,1.0,0.0,0.0,0.0,0.0,0,0,0,1,0
61082,-1,0,3.1060874,0.9571431,1,1,unassigned,6.0,6.0,0.0,1.0,0.0,0.0,0.007736944,0.0,0,0,0,1,1
61083,-1,1,-0.25193632,0.43734694,0,1,unassigned,6.0,6.0,0.0,1.0,0.0,0.0,0.007736944,0.0,1,0,0,0,0
61084,-1,1,-0.5726897,0.36061642,0,1,unassigned,38.0,38.0,0.0,1.0,0.0,0.0,0.06963249,0.0,1,0,0,0,0
61085,-1,1,0.337206,0.58351165,1,1,unassigned,12.0,12.0,0.0,1.0,0.0,0.0,0.01934236,0.0,1,0,0,1,0
61086,-1,0,0.20754665,0.5517012,1,1,unassigned,4.0,4.0,0.0,1.0,0.0,0.0,0.003868472,0.0,0,0,0,1,0
61087,-1,1,3.7760394,0.97760004,1,1,unassigned,11.0,11.0,0.0,1.0,0.0,0.0,0.017408123,0.0,1,0,0,1,1
61088,-1,0,-0.6458547,0.34392425,0,1,unassigned,3.0,2.0,1.0,0.6666667,0.33333334,0.3333333,0.001934236,0.00064474536,0,0,0,0,0
61089,1,0,0.3410772,0.58445215,1,0,val,17.0,17.0,0.0,1.0,0.0,0.0,0.029013539,0.0,0,0,1,1,0
61090,-1,0,1.4974873,0.81719947,1,1,unassigned,12.0,11.0,1.0,0.9166667,0.083333336,0.08333331,0.01934236,0.0016118633,0,0,0,1,0
61091,-1,1,-0.5602618,0.36348686,0,1,unassigned,10.0,10.0,0.0,1.0,0.0,0.0,0.015473888,0.0,1,0,0,0,0
61092,-1,1,-0.3996889,0.4013871,0,1,unassigned,22.0,21.0,1.0,0.95454544,0.045454547,0.04545456,0.03868472,0.0017583964,1,0,0,0,0
61093,-1,1,-0.6450388,0.3441084,0,1,unassigned,8.0,8.0,0.0,1.0,0.0,0.0,0.0116054155,0.0,1,0,0,0,0
61094,-1,1,-0.8549371,0.29839823,0,1,unassigned,14.0,10.0,4.0,0.71428573,0.2857143,0.28571427,0.023210831,0.0066316663,1,0,0,0,0
61095,-1,1,9.446695,0.9999211,1,1,unassigned,9.0,5.0,4.0,0.5555556,0.44444445,0.44444442,0.013539651,0.006017623,1,0,0,1,1
61096,-1,1,0.04814583,0.5120341,1,1,unassigned,24.0,24.0,0.0,1.0,0.0,0.0,0.04255319,0.0,1,0,0,1,0
61097,1,1,-0.40206867,0.4008154,0,1,test,68.0,61.0,7.0,0.89705884,0.10294118,0.102941155,0.12765957,0.013141427,1,0,0,0,0
61098,-1,0,1.9989216,0.8806838,1,1,unassigned,18.0,14.0,4.0,0.7777778,0.22222222,0.22222221,0.030947777,0.0068772836,0,0,0,1,0
61099,-1,0,1.1884692,0.7664672,1,1,unassigned,3.0,3.0,0.0,1.0,0.0,0.0,0.001934236,0.0,0,0,0,1,0
61100,-1,0,-0.12152457,0.46965617,0,1,unassigned,6.0,6.0,0.0,1.0,0.0,0.0,0.007736944,0.0,0,0,0,0,0
61101,-1,1,-0.53018796,0.37047306,0,1,unassigned,73.0,70.0,3.0,0.9589041,0.04109589,0.041095912,0.13733076,0.0056437296,1,0,0,0,0
61102,1,0,0.8792878,0.70667464,1,0,unassigned,14.0,14.0,0.0,1.0,0.0,0.0,0.023210831,0.0,0,0,1,1,0
61103,-1,0,0.72566026,0.67385226,1,1,unassigned,11.0,11.0,0.0,1.0,0.0,0.0,0.017408123,0.0,0,0,0,1,0
61104,-1,0,1.8399942,0.862948,1,1,unassigned,14.0,14.0,0.0,1.0,0.0,0.0,0.023210831,0.0,0,0,0,1,0
61105,-1,0,-0.4818382,0.38181818,0,1,unassigned,36.0,36.0,0.0,1.0,0.0,0.0,0.065764025,0.0,0,0,0,0,0
61106,-1,0,-0.5883622,0.35701072,0,1,unassigned,7.0,7.0,0.0,1.0,0.0,0.0,0.00967118,0.0,0,0,0,0,0
61107,1,0,1.0338104,0.737654,1,0,unassigned,2.0,2.0,0.0,1.0,0.0,0.0,0.0,0.0,0,0,1,1,0
61108,1,0,4.9286323,0.9928156,1,0,unassigned,16.0,6.0,10.0,0.375,0.625,0.625,0.027079303,0.016924564,0,0,1,1,1
61109,-1,1,-0.4779071,0.38274646,0,1,unassigned,7.0,7.0,0.0,1.0,0.0,0.0,0.00967118,0.0,1,0,0,0,0
61110,-1,1,-0.061549485,0.48461747,0,1,unassigned,26.0,26.0,0.0,1.0,0.0,0.0,0.046421662,0.0,1,0,0,0,0
61111,-1,0,-0.5466208,0.3666488,0,1,unassigned,2.0,2.0,0.0,1.0,0.0,0.0,0.0,0.0,0,0,0,0,0
61112,-1,0,-0.50774455,0.37572238,0,1,unassigned,11.0,11.0,0.0,1.0,0.0,0.0,0.017408123,0.0,0,0,0,0,0
61113,-1,0,1.0427933,0.73938864,1,1,unassigned,4.0,4.0,0.0,1.0,0.0,0.0,0.003868472,0.0,0,0,0,1,0
61114,1,0,-0.29339606,0.42717266,0,1,test,64.0,64.0,0.0,1.0,0.0,0.0,0.11992263,0.0,0,0,0,0,0
61115,-1,1,-0.42211407,0.396011,0,1,unassigned,5.0,5.0,0.0,1.0,0.0,0.0,0.0058027077,0.0,1,0,0,0,0
61116,-1,1,2.2617552,0.90565974,1,1,unassigned,4.0,4.0,0.0,1.0,0.0,0.0,0.003868472,0.0,1,0,0,1,1
61117,-1,1,8.958776,0.9998714,1,1,unassigned,2.0,2.0,0.0,1.0,0.0,0.0,0.0,0.0,1,0,0,1,1
61118,-1,0,2.8065364,0.94302803,1,1,unassigned,6.0,6.0,0.0,1.0,0.0,0.0,0.007736944,0.0,0,0,0,1,1
61119,-1,1,-0.6022533,0.35382834,0,1,unassigned,6.0,5.0,1.0,0.8333333,0.16666667,0.16666669,0.007736944,0.0012894907,1,0,0,0,0
61120,-1,0,0.23303229,0.55799586,1,1,unassigned,15.0,12.0,3.0,0.8,0.2,0.19999999,0.025145067,0.0050290134,0,0,0,1,0
61121,-1,0,0.31228477,0.5774428,1,1,unassigned,20.0,20.0,0.0,1.0,0.0,0.0,0.034816246,0.0,0,0,0,1,0
61122,1,0,1.1533442,0.7601212,1,0,test,6.0,6.0,0.0,1.0,0.0,0.0,0.007736944,0.0,0,0,1,1,0
61123,-1,0,3.6023867,0.97346467,1,1,unassigned,5.0,5.0,0.0,1.0,0.0,0.0,0.0058027077,0.0,0,0,0,1,1
61124,-1,1,-0.85040593,0.29934773,0,1,unassigned,36.0,36.0,0.0,1.0,0.0,0.0,0.065764025,0.0,1,0,0,0,0
61125,-1,0,1.976033,0.8782577,1,1,unassigned,2.0,1.0,1.0,0.5,0.5,0.5,0.0,0.0,0,0,0,1,0
61126,-1,0,0.47413975,0.6163631,1,1,unassigned,3.0,3.0,0.0,1.0,0.0,0.0,0.001934236,0.0,0,0,0,1,0
61127,-1,1,-0.8198496,0.30579558,0,1,unassigned,5.0,5.0,0.0,1.0,0.0,0.0,0.0058027077,0.0,1,0,0,0,0
61128,-1,0,3.46542,0.96968764,1,1,unassigned,5.0,5.0,0.0,1.0,0.0,0.0,0.0058027077,0.0,0,0,0,1,1
61129,-1,0,2.0787625,0.88882184,1,1,unassigned,6.0,6.0,0.0,1.0,0.0,0.0,0.007736944,0.0,0,0,0,1,0
61130,-1,0,4.0536246,0.98293686,1,1,unassigned,2.0,2.0,0.0,1.0,0.0,0.0,0.0,0.0,0,0,0,1,1
61131,-1,1,-0.76314884,0.317963,0,1,unassigned,38.0,37.0,1.0,0.9736842,0.02631579,0.026315808,0.06963249,0.0018324341,1,0,0,0,0
61132,-1,1,2.9374804,0.9496684,1,1,unassigned,7.0,7.0,0.0,1.0,0.0,0.0,0.00967118,0.0,1,0,0,1,1
61133,-1,0,1.4076502,0.8033951,1,1,unassigned,7.0,4.0,3.0,0.5714286,0.42857143,0.4285714,0.00967118,0.0041447915,0,0,0,1,0
61134,0,0,0.013715029,0.5034287,1,1,unassigned,11.0,11.0,0.0,1.0,0.0,0.0,0.017408123,0.0,0,0,0,1,0
61135,-1,1,0.4268123,0.60511225,1,1,unassigned,10.0,5.0,5.0,0.5,0.5,0.5,0.015473888,0.007736944,1,0,0,1,0
61136,0,0,0.20513135,0.5511038,1,1,unassigned,17.0,17.0,0.0,1.0,0.0,0.0,0.029013539,0.0,0,0,0,1,0
61137,-1,0,3.2802913,0.9637464,1,1,unassigned,14.0,14.0,0.0,1.0,0.0,0.0,0.023210831,0.0,0,0,0,1,1
61138,-1,0,3.7019742,0.9759194,1,1,unassigned,3.0,3.0,0.0,1.0,0.0,0.0,0.001934236,0.0,0,0,0,1,1
61139,1,0,2.3103244,0.90972847,1,0,unassigned,11.0,11.0,0.0,1.0,0.0,0.0,0.017408123,0.0,0,0,1,1,1
61140,-1,0,9.389429,0.99991643,1,1,unassigned,2.0,2.0,0.0,1.0,0.0,0.0,0.0,0.0,0,0,0,1,1
61141,-1,1,-0.63075083,0.34734035,0,1,unassigned,70.0,68.0,2.0,0.9714286,0.028571429,0.028571427,0.13152805,0.0037579443,1,0,0,0,0
61142,-1,0,-0.32629406,0.4191426,0,1,unassigned,25.0,25.0,0.0,1.0,0.0,0.0,0.044487428,0.0,0,0,0,0,0
61143,-1,0,0.9626735,0.7236568,1,1,unassigned,14.0,14.0,0.0,1.0,0.0,0.0,0.023210831,0.0,0,0,0,1,0
61144,0,0,-0.7265971,0.32594192,0,0,val,59.0,58.0,1.0,0.9830508,0.016949153,0.016949177,0.11025145,0.0018686686,0,0,1,0,0
61145,-1,0,5.8352036,0.99708575,1,1,unassigned,17.0,17.0,0.0,1.0,0.0,0.0,0.029013539,0.0,0,0,0,1,1
61146,-1,0,-0.6563056,0.34157,0,1,unassigned,44.0,44.0,0.0,1.0,0.0,0.0,0.08123791,0.0,0,0,0,0,0
61147,-1,0,3.1555307,0.9591261,1,1,unassigned,3.0,3.0,0.0,1.0,0.0,0.0,0.001934236,0.0,0,0,0,1,1
61148,0,1,-0.83803976,0.3019478,0,0,unassigned,49.0,48.0,1.0,0.97959185,0.020408163,0.020408154,0.09090909,0.0018552876,1,0,1,0,0
61149,-1,1,-0.9523002,0.27842247,0,1,unassigned,27.0,27.0,0.0,1.0,0.0,0.0,0.0483559,0.0,1,0,0,0,0
61150,-1,1,-0.9070951,0.28759465,0,1,unassigned,41.0,41.0,0.0,1.0,0.0,0.0,0.07543521,0.0,1,0,0,0,0
61151,-1,1,-0.73384833,0.3243508,0,1,unassigned,47.0,44.0,3.0,0.9361702,0.06382979,0.06382978,0.08704062,0.0055557843,1,0,0,0,0
61152,-1,1,-0.54428977,0.36719024,0,1,unassigned,75.0,74.0,1.0,0.9866667,0.013333334,0.013333321,0.14119923,0.0018826565,1,0,0,0,0
61153,-1,0,4.541763,0.9894577,1,1,unassigned,2.0,2.0,0.0,1.0,0.0,0.0,0.0,0.0,0,0,0,1,1
61154,-1,0,0.10236472,0.5255689,1,1,unassigned,7.0,7.0,0.0,1.0,0.0,0.0,0.00967118,0.0,0,0,0,1,0
61155,0,1,0.44545013,0.6095569,1,1,val,3.0,3.0,0.0,1.0,0.0,0.0,0.001934236,0.0,1,0,0,1,0
61156,-1,1,-0.28476387,0.4292862,0,1,unassigned,25.0,25.0,0.0,1.0,0.0,0.0,0.044487428,0.0,1,0,0,0,0
61157,-1,0,-0.27679324,0.4312401,0,1,unassigned,11.0,11.0,0.0,1.0,0.0,0.0,0.017408123,0.0,0,0,0,0,0
61158,-1,0,6.671595,0.99873525,1,1,unassigned,3.0,2.0,1.0,0.6666667,0.33333334,0.3333333,0.001934236,0.00064474536,0,0,0,1,1
61159,1,1,5.332211,0.9951899,1,0,train,3.0,3.0,0.0,1.0,0.0,0.0,0.001934236,0.0,1,0,1,1,1
61160,1,0,0.031436145,0.5078584,1,0,unassigned,3.0,2.0,1.0,0.6666667,0.33333334,0.3333333,0.001934236,0.00064474536,0,0,1,1,0
61161,0,1,-0.3533665,0.41256627,0,0,unassigned,5.0,5.0,0.0,1.0,0.0,0.0,0.0058027077,0.0,1,0,1,0,0
61162,-1,0,-0.8381543,0.30192366,0,1,unassigned,3.0,3.0,0.0,1.0,0.0,0.0,0.001934236,0.0,0,0,0,0,0
61163,-1,0,-0.7945278,0.31119728,0,1,unassigned,14.0,13.0,1.0,0.9285714,0.071428575,0.0714286,0.023210831,0.0016579166,0,0,0,0,0
61164,-1,1,2.7858918,0.9419086,1,1,unassigned,6.0,6.0,0.0,1.0,0.0,0.0,0.007736944,0.0,1,0,0,1,1
61165,1,1,-0.0013680458,0.499658,0,1,test,8.0,8.0,0.0,1.0,0.0,0.0,0.0116054155,0.0,1,0,0,0,0
61166,-1,1,4.273763,0.9862621,1,1,unassigned,7.0,6.0,1.0,0.85714287,0.14285715,0.14285713,0.00967118,0.0013815971,1,0,0,1,1
61167,-1,1,-0.376684,0.40692693,0,1,unassigned,3.0,3.0,0.0,1.0,0.0,0.0,0.001934236,0.0,1,0,0,0,0
61168,-1,1,-0.925665,0.283805,0,1,unassigned,44.0,42.0,2.0,0.95454544,0.045454547,0.04545456,0.08123791,0.0036926325,1,0,0,0,0
61169,1,1,7.81659,0.99959713,1,0,train,14.0,12.0,2.0,0.85714287,0.14285715,0.14285713,0.023210831,0.0033158332,1,0,1,1,1
61170,-1,0,-0.5444157,0.367161,0,1,unassigned,10.0,9.0,1.0,0.9,0.1,0.100000024,0.015473888,0.0015473888,0,0,0,0,0
61171,-1,1,-0.64627486,0.34382948,0,1,unassigned,91.0,90.0,1.0,0.989011,0.010989011,0.01098901,0.172147,0.0018917253,1,0,0,0,0
61172,-1,1,2.0936892,0.8902883,1,1,unassigned,5.0,5.0,0.0,1.0,0.0,0.0,0.0058027077,0.0,1,0,0,1,0
61173,-1,0,4.2613974,0.9860935,1,1,unassigned,3.0,3.0,0.0,1.0,0.0,0.0,0.001934236,0.0,0,0,0,1,1
61174,0,0,-0.75875694,0.3189162,0,0,test,2.0,2.0,0.0,1.0,0.0,0.0,0.0,0.0,0,0,1,0,0
61175,-1,0,-0.50274026,0.37689692,0,1,unassigned,10.0,10.0,0.0,1.0,0.0,0.0,0.015473888,0.0,0,0,0,0,0
61176,-1,1,-0.3922116,0.40318504,0,1,unassigned,5.0,5.0,0.0,1.0,0.0,0.0,0.0058027077,0.0,1,0,0,0,0
61177,-1,1,6.9819875,0.99907243,1,1,unassigned,4.0,4.0,0.0,1.0,0.0,0.0,0.003868472,0.0,1,0,0,1,1
61178,0,1,-0.53323406,0.3697629,0,0,unassigned,40.0,40.0,0.0,1.0,0.0,0.0,0.07350097,0.0,1,0,1,0,0
61179,-1,1,-0.7358555,0.32391107,0,1,unassigned,46.0,45.0,1.0,0.9782609,0.02173913,0.021739125,0.08510638,0.0018501388,1,0,0,0,0
61180,-1,1,0.9629119,0.72370446,1,1,unassigned,9.0,3.0,6.0,0.33333334,0.6666667,0.6666666,0.013539651,0.009026434,1,0,0,1,0
61181,-1,1,-0.8096025,0.3079752,0,1,unassigned,50.0,50.0,0.0,1.0,0.0,0.0,0.092843324,0.0,1,0,0,0,0
61182,0,1,-0.3884127,0.40409946,0,0,unassigned,31.0,28.0,3.0,0.9032258,0.09677419,0.09677422,0.056092843,0.0054283394,1,0,1,0,0
61183,-1,1,-0.59101623,0.3564017,0,1,unassigned,28.0,28.0,0.0,1.0,0.0,0.0,0.050290134,0.0,1,0,0,0,0
61184,-1,0,3.969764,0.9814719,1,1,unassigned,8.0,7.0,1.0,0.875,0.125,0.125,0.0116054155,0.0014506769,0,0,0,1,1
61185,-1,1,-0.6829158,0.33561084,0,1,unassigned,15.0,15.0,0.0,1.0,0.0,0.0,0.025145067,0.0,1,0,0,0,0
61186,-1,0,2.998096,0.95248806,1,1,unassigned,5.0,5.0,0.0,1.0,0.0,0.0,0.0058027077,0.0,0,0,0,1,1
61187,-1,0,3.8836396,0.9798391,1,1,unassigned,5.0,5.0,0.0,1.0,0.0,0.0,0.0058027077,0.0,0,0,0,1,1
61188,-1,0,0.16420549,0.54095936,1,1,unassigned,2.0,2.0,0.0,1.0,0.0,0.0,0.0,0.0,0,0,0,1,0
61189,-1,0,0.43651634,0.60742867,1,1,unassigned,24.0,23.0,1.0,0.9583333,0.041666668,0.041666687,0.04255319,0.0017730496,0,0,0,1,0
61190,-1,1,-0.9036351,0.28830406,0,1,unassigned,51.0,47.0,4.0,0.92156863,0.078431375,0.07843137,0.09477756,0.0074335346,1,0,0,0,0
61191,-1,1,-0.112024814,0.472023,0,1,unassigned,13.0,13.0,0.0,1.0,0.0,0.0,0.021276595,0.0,1,0,0,0,0
61192,0,1,-0.87410355,0.29440117,0,0,unassigned,71.0,69.0,2.0,0.97183096,0.028169014,0.028169036,0.13346228,0.0037595008,1,0,1,0,0
61193,1,0,3.9615147,0.9813213,1,0,train,39.0,39.0,0.0,1.0,0.0,0.0,0.07156673,0.0,0,0,1,1,1
61194,-1,1,-0.014314234,0.49642152,0,1,unassigned,71.0,66.0,5.0,0.92957747,0.07042254,0.07042253,0.13346228,0.009398753,1,0,0,0,0
61195,-1,1,-0.86137044,0.2970531,0,1,unassigned,80.0,68.0,12.0,0.85,0.15,0.14999998,0.15087041,0.022630563,1,0,0,0,0
61196,1,0,-0.60211724,0.35385945,0,1,val,3.0,3.0,0.0,1.0,0.0,0.0,0.001934236,0.0,0,0,0,0,0
61197,-1,1,-0.045208573,0.4886998,0,1,unassigned,3.0,3.0,0.0,1.0,0.0,0.0,0.001934236,0.0,1,0,0,0,0
61198,-1,1,-0.7802693,0.31426185,0,1,unassigned,35.0,35.0,0.0,1.0,0.0,0.0,0.06382979,0.0,1,0,0,0,0
61199,-1,0,0.22832376,0.5568343,1,1,unassigned,3.0,3.0,0.0,1.0,0.0,0.0,0.001934236,0.0,0,0,0,1,0
61200,-1,1,-0.7112555,0.32932147,0,1,unassigned,43.0,42.0,1.0,0.9767442,0.023255814,0.023255825,0.079303674,0.0018442714,1,0,0,0,0
61201,-1,1,1.4752295,0.81385094,1,1,unassigned,2.0,1.0,1.0,0.5,0.5,0.5,0.0,0.0,1,0,0,1,0
61202,1,0,-0.62142336,0.34945783,0,1,unassigned,3.0,3.0,0.0,1.0,0.0,0.0,0.001934236,0.0,0,0,0,0,0
61203,-1,0,-0.8164846,0.30651042,0,1,unassigned,16.0,16.0,0.0,1.0,0.0,0.0,0.027079303,0.0,0,0,0,0,0
61204,0,0,-0.7156307,0.32835585,0,0,test,2.0,2.0,0.0,1.0,0.0,0.0,0.0,0.0,0,0,1,0,0
61205,-1,0,5.3990817,0.99549955,1,1,unassigned,3.0,3.0,0.0,1.0,0.0,0.0,0.001934236,0.0,0,0,0,1,1
61206,-1,0,0.5581456,0.63602334,1,1,unassigned,8.0,7.0,1.0,0.875,0.125,0.125,0.0116054155,0.0014506769,0,0,0,1,0
61207,-1,0,-0.32117438,0.42038956,0,1,unassigned,27.0,26.0,1.0,0.962963,0.037037037,0.037037015,0.0483559,0.0017909593,0,0,0,0,0
61208,-1,0,0.1668821,0.54162395,1,1,unassigned,11.0,10.0,1.0,0.90909094,0.09090909,0.090909064,0.017408123,0.0015825568,0,0,0,1,0
61209,-1,0,2.3344328,0.91168886,1,1,unassigned,3.0,2.0,1.0,0.6666667,0.33333334,0.3333333,0.001934236,0.00064474536,0,0,0,1,1
61210,-1,0,0.14553517,0.5363197,1,1,unassigned,8.0,8.0,0.0,1.0,0.0,0.0,0.0116054155,0.0,0,0,0,1,0
61211,-1,0,10.34197,0.9999677,1,1,unassigned,2.0,2.0,0.0,1.0,0.0,0.0,0.0,0.0,0,0,0,1,1
61212,-1,0,-0.23892218,0.44055197,0,1,unassigned,7.0,2.0,5.0,0.2857143,0.71428573,0.71428573,0.00967118,0.0069079855,0,0,0,0,0
61213,-1,0,0.42441738,0.6045398,1,1,unassigned,3.0,3.0,0.0,1.0,0.0,0.0,0.001934236,0.0,0,0,0,1,0
61214,-1,0,-0.8443661,0.30061606,0,1,unassigned,2.0,1.0,1.0,0.5,0.5,0.5,0.0,0.0,0,0,0,0,0
61215,-1,0,10.199696,0.9999628,1,1,unassigned,2.0,2.0,0.0,1.0,0.0,0.0,0.0,0.0,0,0,0,1,1
61216,-1,0,0.18965274,0.54727155,1,1,unassigned,4.0,4.0,0.0,1.0,0.0,0.0,0.003868472,0.0,0,0,0,1,0
61217,-1,1,-0.9294496,0.28303638,0,1,unassigned,8.0,8.0,0.0,1.0,0.0,0.0,0.0116054155,0.0,1,0,0,0,0
61218,-1,0,-0.83427,0.30274296,0,1,unassigned,23.0,18.0,5.0,0.7826087,0.2173913,0.21739131,0.040618956,0.008830207,0,0,0,0,0
61219,-1,0,-0.67019796,0.33845252,0,1,unassigned,3.0,3.0,0.0,1.0,0.0,0.0,0.001934236,0.0,0,0,0,0,0
61220,-1,1,-0.6904642,0.3339298,0,1,unassigned,4.0,3.0,1.0,0.75,0.25,0.25,0.003868472,0.000967118,1,0,0,0,0
61221,0,0,2.7251985,0.9384973,1,1,val,3.0,2.0,1.0,0.6666667,0.33333334,0.3333333,0.001934236,0.00064474536,0,0,0,1,1
61222,-1,1,-0.55414045,0.3649043,0,1,unassigned,15.0,13.0,2.0,0.8666667,0.13333334,0.13333333,0.025145067,0.0033526758,1,0,0,0,0
61223,-1,1,-0.52371097,0.37198493,0,1,unassigned,61.0,55.0,6.0,0.90163934,0.09836066,0.09836066,0.114119925,0.011224911,1,0,0,0,0
61224,0,1,-0.5244525,0.3718117,0,0,unassigned,63.0,56.0,7.0,0.8888889,0.11111111,0.111111104,0.11798839,0.013109822,1,0,1,0,0
61225,-1,0,-0.60505456,0.35318813,0,1,unassigned,4.0,4.0,0.0,1.0,0.0,0.0,0.003868472,0.0,0,0,0,0,0
61226,0,1,-0.53599656,0.36911935,0,0,test,61.0,54.0,7.0,0.8852459,0.114754096,0.11475408,0.114119925,0.013095729,1,0,1,0,0
61227,1,0,0.542177,0.6323187,1,0,val,16.0,16.0,0.0,1.0,0.0,0.0,0.027079303,0.0,0,0,1,1,0
61228,-1,0,0.09229022,0.5230562,1,1,unassigned,8.0,8.0,0.0,1.0,0.0,0.0,0.0116054155,0.0,0,0,0,1,0
61229,-1,0,0.21363312,0.5532061,1,1,unassigned,7.0,7.0,0.0,1.0,0.0,0.0,0.00967118,0.0,0,0,0,1,0
61230,-1,0,0.030900598,0.5077246,1,1,unassigned,3.0,3.0,0.0,1.0,0.0,0.0,0.001934236,0.0,0,0,0,1,0
61231,-1,0,3.1160815,0.9575512,1,1,unassigned,24.0,23.0,1.0,0.9583333,0.041666668,0.041666687,0.04255319,0.0017730496,0,0,0,1,1
61232,-1,0,3.1279204,0.95802987,1,1,unassigned,13.0,13.0,0.0,1.0,0.0,0.0,0.021276595,0.0,0,0,0,1,1
61233,-1,0,2.883755,0.94703746,1,1,unassigned,7.0,7.0,0.0,1.0,0.0,0.0,0.00967118,0.0,0,0,0,1,1
61234,0,1,-0.536972,0.36889222,0,0,unassigned,60.0,53.0,7.0,0.8833333,0.11666667,0.116666675,0.11218569,0.013088331,1,0,1,0,0
61235,-1,0,1.8796628,0.8675724,1,1,unassigned,2.0,2.0,0.0,1.0,0.0,0.0,0.0,0.0,0,0,0,1,0
61236,0,1,1.067991,0.7442147,1,1,unassigned,9.0,8.0,1.0,0.8888889,0.11111111,0.111111104,0.013539651,0.0015044058,1,0,0,1,0
61237,0,0,-0.54033446,0.3681098,0,0,unassigned,11.0,11.0,0.0,1.0,0.0,0.0,0.017408123,0.0,0,0,1,0,0
61238,-1,1,-0.44814333,0.3898023,0,1,unassigned,26.0,26.0,0.0,1.0,0.0,0.0,0.046421662,0.0,1,0,0,0,0
61239,-1,0,3.40158,0.9677539,1,1,unassigned,5.0,5.0,0.0,1.0,0.0,0.0,0.0058027077,0.0,0,0,0,1,1
61240,-1,0,7.432671,0.9994087,1,1,unassigned,14.0,13.0,1.0,0.9285714,0.071428575,0.0714286,0.023210831,0.0016579166,0,0,0,1,1
61241,1,1,1.6280684,0.8359049,1,0,unassigned,13.0,13.0,0.0,1.0,0.0,0.0,0.021276595,0.0,1,0,1,1,0
61242,-1,0,0.2198891,0.5547519,1,1,unassigned,18.0,17.0,1.0,0.9444444,0.055555556,0.055555582,0.030947777,0.0017193209,0,0,0,1,0
61243,-1,0,2.0482366,0.8857693,1,1,unassigned,4.0,4.0,0.0,1.0,0.0,0.0,0.003868472,0.0,0,0,0,1,0
61244,1,0,-0.43432453,0.39309415,0,1,val,39.0,38.0,1.0,0.974359,0.025641026,0.025641024,0.07156673,0.0018350444,0,0,0,0,0
61245,-1,1,5.5196505,0.99600875,1,1,unassigned,8.0,6.0,2.0,0.75,0.25,0.25,0.0116054155,0.0029013539,1,0,0,1,1
61246,-1,0,2.394888,0.9164366,1,1,unassigned,40.0,36.0,4.0,0.9,0.1,0.100000024,0.07350097,0.007350097,0,0,0,1,1
61247,-1,1,-0.8386776,0.30181336,0,1,unassigned,49.0,49.0,0.0,1.0,0.0,0.0,0.09090909,0.0,1,0,0,0,0
61248,-1,0,-1.038792,0.26138312,0,1,unassigned,3.0,3.0,0.0,1.0,0.0,0.0,0.001934236,0.0,0,0,0,0,0
61249,-1,1,-0.90691024,0.2876325,0,1,unassigned,49.0,49.0,0.0,1.0,0.0,0.0,0.09090909,0.0,1,0,0,0,0
61250,-1,1,-0.59545004,0.35538533,0,1,unassigned,45.0,45.0,0.0,1.0,0.0,0.0,0.08317215,0.0,1,0,0,0,0
61251,-1,1,-0.6588909,0.34098879,0,1,unassigned,2.0,2.0,0.0,1.0,0.0,0.0,0.0,0.0,1,0,0,0,0
61252,-1,1,0.54633075,0.63328385,1,1,unassigned,3.0,3.0,0.0,1.0,0.0,0.0,0.001934236,0.0,1,0,0,1,0
61253,-1,1,-0.98994046,0.27092382,0,1,unassigned,34.0,28.0,6.0,0.8235294,0.1764706,0.17647058,0.061895553,0.010922745,1,0,0,0,0
61254,1,1,-0.8736963,0.29448575,0,1,val,52.0,52.0,0.0,1.0,0.0,0.0,0.0967118,0.0,1,0,0,0,0
61255,-1,1,1.1388369,0.757466,1,1,unassigned,2.0,1.0,1.0,0.5,0.5,0.5,0.0,0.0,1,0,0,1,0
61256,1,1,1.0707781,0.74474484,1,0,val,30.0,30.0,0.0,1.0,0.0,0.0,0.054158606,0.0,1,0,1,1,0
61257,-1,1,3.6201746,0.9739204,1,1,unassigned,2.0,1.0,1.0,0.5,0.5,0.5,0.0,0.0,1,0,0,1,1
61258,-1,1,-0.64958155,0.34308383,0,1,unassigned,36.0,36.0,0.0,1.0,0.0,0.0,0.065764025,0.0,1,0,0,0,0
61259,-1,1,-0.93684906,0.28153726,0,1,unassigned,21.0,21.0,0.0,1.0,0.0,0.0,0.036750484,0.0,1,0,0,0,0
61260,-1,1,-0.84914744,0.29961175,0,1,unassigned,79.0,77.0,2.0,0.9746835,0.025316456,0.025316477,0.14893617,0.003770536,1,0,0,0,0
61261,-1,1,-0.88886654,0.29134378,0,1,unassigned,29.0,29.0,0.0,1.0,0.0,0.0,0.05222437,0.0,1,0,0,0,0
61262,-1,1,-0.84797174,0.2998585,0,1,unassigned,29.0,29.0,0.0,1.0,0.0,0.0,0.05222437,0.0,1,0,0,0,0
61263,-1,0,-0.530928,0.3703005,0,1,unassigned,4.0,4.0,0.0,1.0,0.0,0.0,0.003868472,0.0,0,0,0,0,0
61264,-1,0,-0.51629174,0.37371975,0,1,unassigned,5.0,5.0,0.0,1.0,0.0,0.0,0.0058027077,0.0,0,0,0,0,0
61265,-1,0,-0.21980059,0.44527003,0,1,unassigned,7.0,7.0,0.0,1.0,0.0,0.0,0.00967118,0.0,0,0,0,0,0
61266,-1,0,0.14256257,0.5355804,1,1,unassigned,2.0,2.0,0.0,1.0,0.0,0.0,0.0,0.0,0,0,0,1,0
61267,-1,1,4.236098,0.98574233,1,1,unassigned,8.0,8.0,0.0,1.0,0.0,0.0,0.0116054155,0.0,1,0,0,1,1
61268,-1,0,3.6819742,0.9754449,1,1,unassigned,3.0,3.0,0.0,1.0,0.0,0.0,0.001934236,0.0,0,0,0,1,1
61269,-1,0,2.1076562,0.89164513,1,1,unassigned,2.0,2.0,0.0,1.0,0.0,0.0,0.0,0.0,0,0,0,1,0
61270,-1,0,6.6544833,0.9987135,1,1,unassigned,4.0,4.0,0.0,1.0,0.0,0.0,0.003868472,0.0,0,0,0,1,1
61271,-1,1,2.4434712,0.9200827,1,1,unassigned,3.0,3.0,0.0,1.0,0.0,0.0,0.001934236,0.0,1,0,0,1,1
61272,-1,0,2.221061,0.90212494,1,1,unassigned,5.0,5.0,0.0,1.0,0.0,0.0,0.0058027077,0.0,0,0,0,1,1
61273,-1,0,2.2076538,0.90093476,1,1,unassigned,3.0,3.0,0.0,1.0,0.0,0.0,0.001934236,0.0,0,0,0,1,1
61274,-1,0,2.9129412,0.9484825,1,1,unassigned,6.0,6.0,0.0,1.0,0.0,0.0,0.007736944,0.0,0,0,0,1,1
61275,-1,1,-0.6375488,0.34580082,0,1,unassigned,3.0,3.0,0.0,1.0,0.0,0.0,0.001934236,0.0,1,0,0,0,0
61276,-1,0,2.8844326,0.9470715,1,1,unassigned,5.0,5.0,0.0,1.0,0.0,0.0,0.0058027077,0.0,0,0,0,1,1
61277,-1,0,2.7726166,0.9411781,1,1,unassigned,15.0,15.0,0.0,1.0,0.0,0.0,0.025145067,0.0,0,0,0,1,1
61278,-1,0,-0.08744097,0.4781537,0,1,unassigned,20.0,20.0,0.0,1.0,0.0,0.0,0.034816246,0.0,0,0,0,0,0
61279,1,0,-0.11896065,0.47029486,0,1,val,28.0,11.0,17.0,0.39285713,0.60714287,0.60714287,0.050290134,0.030533295,0,0,0,0,0
61280,-1,0,19.285013,1.0,1,1,unassigned,68.0,66.0,2.0,0.9705882,0.029411765,0.029411793,0.12765957,0.0037546933,0,0,0,1,1
61281,1,1,7.930777,0.9996406,1,0,test,6.0,4.0,2.0,0.6666667,0.33333334,0.3333333,0.007736944,0.0025789815,1,0,1,1,1
61282,-1,1,0.7827845,0.6862799,1,1,unassigned,3.0,3.0,0.0,1.0,0.0,0.0,0.001934236,0.0,1,0,0,1,0
61283,-1,0,0.109573305,0.527366,1,1,unassigned,2.0,2.0,0.0,1.0,0.0,0.0,0.0,0.0,0,0,0,1,0
61284,-1,1,2.262486,0.90572214,1,1,unassigned,3.0,1.0,2.0,0.33333334,0.6666667,0.6666666,0.001934236,0.0012894907,1,0,0,1,1
61285,-1,1,-0.02184105,0.49453995,0,1,unassigned,12.0,12.0,0.0,1.0,0.0,0.0,0.01934236,0.0,1,0,0,0,0
61286,0,0,1.3633251,0.7962995,1,1,unassigned,2.0,2.0,0.0,1.0,0.0,0.0,0.0,0.0,0,0,0,1,0
61287,0,1,-0.31340572,0.42228368,0,0,val,17.0,16.0,1.0,0.9411765,0.05882353,0.058823526,0.029013539,0.0017066788,1,0,1,0,0
61288,-1,1,-0.77441764,0.31552425,0,1,unassigned,121.0,120.0,1.0,0.9917355,0.008264462,0.008264482,0.23017408,0.001902265,1,0,0,0,0
61289,-1,1,-0.73856574,0.32331786,0,1,unassigned,111.0,104.0,7.0,0.9369369,0.06306306,0.063063085,0.21083172,0.013295693,1,0,0,0,0
61290,-1,0,0.12066394,0.53012943,1,1,unassigned,25.0,25.0,0.0,1.0,0.0,0.0,0.044487428,0.0,0,0,0,1,0
61291,0,0,-0.6683454,0.33886746,0,0,test,32.0,30.0,2.0,0.9375,0.0625,0.0625,0.058027077,0.0036266923,0,0,1,0,0
61292,-1,0,-0.32665998,0.4190535,0,1,unassigned,31.0,30.0,1.0,0.9677419,0.032258064,0.032258093,0.056092843,0.0018094465,0,0,0,0,0
61293,-1,0,1.533531,0.8225224,1,1,unassigned,8.0,8.0,0.0,1.0,0.0,0.0,0.0116054155,0.0,0,0,0,1,0
61294,-1,1,5.3677187,0.99535686,1,1,unassigned,62.0,58.0,4.0,0.9354839,0.06451613,0.06451613,0.116054155,0.0074873646,1,0,0,1,1
61295,-1,0,-0.37154865,0.4081669,0,1,unassigned,25.0,23.0,2.0,0.92,0.08,0.07999998,0.044487428,0.003558994,0,0,0,0,0
61296,-1,0,11.651735,0.9999913,1,1,unassigned,2.0,1.0,1.0,0.5,0.5,0.5,0.0,0.0,0,0,0,1,1
61297,-1,1,1.5214031,0.820745,1,1,unassigned,2.0,2.0,0.0,1.0,0.0,0.0,0.0,0.0,1,0,0,1,0
61298,-1,1,1.72557,0.8488449,1,1,unassigned,2.0,1.0,1.0,0.5,0.5,0.5,0.0,0.0,1,0,0,1,0
61299,-1,1,1.027432,0.7364177,1,1,unassigned,2.0,2.0,0.0,1.0,0.0,0.0,0.0,0.0,1,0,0,1,0
61300,-1,0,2.8225567,0.94388264,1,1,unassigned,5.0,5.0,0.0,1.0,0.0,0.0,0.0058027077,0.0,0,0,0,1,1
61301,1,0,4.546786,0.98950994,1,0,test,14.0,11.0,3.0,0.78571427,0.21428572,0.21428573,0.023210831,0.0049737496,0,0,1,1,1
61302,-1,1,0.28196573,0.57002807,1,1,unassigned,6.0,3.0,3.0,0.5,0.5,0.5,0.007736944,0.003868472,1,0,0,1,0
61303,1,0,1.5891025,0.8304898,1,0,test,14.0,13.0,1.0,0.9285714,0.071428575,0.0714286,0.023210831,0.0016579166,0,0,1,1,0
61304,-1,1,2.3946407,0.91641766,1,1,unassigned,11.0,10.0,1.0,0.90909094,0.09090909,0.090909064,0.017408123,0.0015825568,1,0,0,1,1
61305,-1,1,1.327405,0.79041106,1,1,unassigned,38.0,38.0,0.0,1.0,0.0,0.0,0.06963249,0.0,1,0,0,1,0
61306,1,0,-0.1042282,0.4739665,0,1,unassigned,9.0,5.0,4.0,0.5555556,0.44444445,0.44444442,0.013539651,0.006017623,0,0,0,0,0
61307,-1,1,-0.74816173,0.32122198,0,1,unassigned,4.0,4.0,0.0,1.0,0.0,0.0,0.003868472,0.0,1,0,0,0,0
61308,-1,0,2.7473204,0.9397618,1,1,unassigned,6.0,5.0,1.0,0.8333333,0.16666667,0.16666669,0.007736944,0.0012894907,0,0,0,1,1
61309,1,0,2.5266893,0.92599183,1,0,test,2.0,2.0,0.0,1.0,0.0,0.0,0.0,0.0,0,0,1,1,1
61310,-1,0,-0.84154594,0.3012093,0,1,unassigned,3.0,3.0,0.0,1.0,0.0,0.0,0.001934236,0.0,0,0,0,0,0
61311,-1,0,1.6883986,0.8440134,1,1,unassigned,3.0,2.0,1.0,0.6666667,0.33333334,0.3333333,0.001934236,0.00064474536,0,0,0,1,0
61312,-1,0,2.9129286,0.94848186,1,1,unassigned,14.0,13.0,1.0,0.9285714,0.071428575,0.0714286,0.023210831,0.0016579166,0,0,0,1,1
61313,-1,1,0.047863424,0.51196355,1,1,unassigned,16.0,16.0,0.0,1.0,0.0,0.0,0.027079303,0.0,1,0,0,1,0
61314,-1,0,0.9874745,0.7285888,1,1,unassigned,2.0,2.0,0.0,1.0,0.0,0.0,0.0,0.0,0,0,0,1,0
61315,-1,0,0.6838072,0.6645879,1,1,unassigned,4.0,4.0,0.0,1.0,0.0,0.0,0.003868472,0.0,0,0,0,1,0
61316,-1,1,3.6841576,0.9754971,1,1,unassigned,8.0,6.0,2.0,0.75,0.25,0.25,0.0116054155,0.0029013539,1,0,0,1,1
61317,0,0,0.068629265,0.5171506,1,1,unassigned,4.0,4.0,0.0,1.0,0.0,0.0,0.003868472,0.0,0,0,0,1,0
61318,1,1,-0.7419015,0.32258847,0,1,test,150.0,149.0,1.0,0.99333334,0.006666667,0.0066666603,0.28626692,0.0019084462,1,0,0,0,0
61319,-1,1,-0.5616747,0.36316004,0,1,unassigned,19.0,19.0,0.0,1.0,0.0,0.0,0.032882012,0.0,1,0,0,0,0
61320,-1,0,7.4399476,0.999413,1,1,unassigned,3.0,3.0,0.0,1.0,0.0,0.0,0.001934236,0.0,0,0,0,1,1
61321,-1,1,-0.8618398,0.2969551,0,1,unassigned,55.0,55.0,0.0,1.0,0.0,0.0,0.102514505,0.0,1,0,0,0,0
61322,-1,0,-0.053065896,0.48673663,0,1,unassigned,19.0,18.0,1.0,0.94736844,0.05263158,0.052631557,0.032882012,0.0017306323,0,0,0,0,0
61323,-1,0,9.705252,0.9999391,1,1,unassigned,2.0,2.0,0.0,1.0,0.0,0.0,0.0,0.0,0,0,0,1,1
61324,-1,0,3.3246696,0.9652655,1,1,unassigned,14.0,12.0,2.0,0.85714287,0.14285715,0.14285713,0.023210831,0.0033158332,0,0,0,1,1
61325,-1,0,0.31688535,0.578565,1,1,unassigned,2.0,2.0,0.0,1.0,0.0,0.0,0.0,0.0,0,0,0,1,0
61326,-1,0,12.235839,0.9999951,1,1,unassigned,9.0,7.0,2.0,0.7777778,0.22222222,0.22222221,0.013539651,0.0030088115,0,0,0,1,1
61327,-1,0,-0.7985792,0.31032953,0,1,unassigned,3.0,3.0,0.0,1.0,0.0,0.0,0.001934236,0.0,0,0,0,0,0
61328,1,1,9.253048,0.99990416,1,0,test,8.0,5.0,3.0,0.625,0.375,0.375,0.0116054155,0.004352031,1,0,1,1,1
61329,-1,0,6.829348,0.9989196,1,1,unassigned,4.0,4.0,0.0,1.0,0.0,0.0,0.003868472,0.0,0,0,0,1,1
61330,-1,0,0.033640623,0.5084094,1,1,unassigned,2.0,2.0,0.0,1.0,0.0,0.0,0.0,0.0,0,0,0,1,0
61331,-1,0,-0.0612368,0.48469558,0,1,unassigned,18.0,18.0,0.0,1.0,0.0,0.0,0.030947777,0.0,0,0,0,0,0
61332,-1,0,0.47276908,0.616039,1,1,unassigned,3.0,3.0,0.0,1.0,0.0,0.0,0.001934236,0.0,0,0,0,1,0
61333,-1,0,0.61870545,0.6499241,1,1,unassigned,2.0,2.0,0.0,1.0,0.0,0.0,0.0,0.0,0,0,0,1,0
61334,-1,0,0.6662244,0.6606572,1,1,unassigned,3.0,3.0,0.0,1.0,0.0,0.0,0.001934236,0.0,0,0,0,1,0
61335,0,0,-0.16706455,0.45833078,0,0,unassigned,22.0,22.0,0.0,1.0,0.0,0.0,0.03868472,0.0,0,0,1,0,0
61336,-1,1,-0.047428846,0.48814502,0,1,unassigned,58.0,58.0,0.0,1.0,0.0,0.0,0.10831721,0.0,1,0,0,0,0
61337,1,0,5.5213304,0.99601537,1,0,test,4.0,4.0,0.0,1.0,0.0,0.0,0.003868472,0.0,0,0,1,1,1
61338,-1,0,-0.8483165,0.29978615,0,1,unassigned,4.0,3.0,1.0,0.75,0.25,0.25,0.003868472,0.000967118,0,0,0,0,0
61339,-1,0,2.4734194,0.9222573,1,1,unassigned,2.0,2.0,0.0,1.0,0.0,0.0,0.0,0.0,0,0,0,1,1
61340,-1,1,-0.27494574,0.43169335,0,1,unassigned,101.0,97.0,4.0,0.96039605,0.03960396,0.03960395,0.19148937,0.0075837374,1,0,0,0,0
61341,-1,1,-0.2978798,0.42607588,0,1,unassigned,29.0,29.0,0.0,1.0,0.0,0.0,0.05222437,0.0,1,0,0,0,0
61342,-1,0,0.8224452,0.69475514,1,1,unassigned,4.0,4.0,0.0,1.0,0.0,0.0,0.003868472,0.0,0,0,0,1,0
61343,-1,1,0.23003232,0.5572558,1,1,unassigned,3.0,3.0,0.0,1.0,0.0,0.0,0.001934236,0.0,1,0,0,1,0
61344,-1,0,2.333761,0.9116348,1,1,unassigned,2.0,2.0,0.0,1.0,0.0,0.0,0.0,0.0,0,0,0,1,1
61345,-1,1,-0.863404,0.29662862,0,1,unassigned,25.0,24.0,1.0,0.96,0.04,0.04000002,0.044487428,0.001779497,1,0,0,0,0
61346,-1,0,8.54085,0.9998048,1,1,unassigned,2.0,2.0,0.0,1.0,0.0,0.0,0.0,0.0,0,0,0,1,1
61347,-1,1,3.6834896,0.97548115,1,1,unassigned,14.0,13.0,1.0,0.9285714,0.071428575,0.0714286,0.023210831,0.0016579166,1,0,0,1,1
61348,-1,0,-0.54922557,0.3660441,0,1,unassigned,3.0,3.0,0.0,1.0,0.0,0.0,0.001934236,0.0,0,0,0,0,0
61349,-1,0,3.6055815,0.97354716,1,1,unassigned,3.0,3.0,0.0,1.0,0.0,0.0,0.001934236,0.0,0,0,0,1,1
61350,-1,1,0.5504387,0.63423735,1,1,unassigned,32.0,32.0,0.0,1.0,0.0,0.0,0.058027077,0.0,1,0,0,1,0
61351,-1,1,2.8630974,0.9459918,1,1,unassigned,15.0,14.0,1.0,0.93333334,0.06666667,0.06666666,0.025145067,0.0016763379,1,0,0,1,1
61352,0,1,0.11062747,0.52762866,1,1,unassigned,16.0,16.0,0.0,1.0,0.0,0.0,0.027079303,0.0,1,0,0,1,0
61353,-1,1,2.9543138,0.950467,1,1,unassigned,11.0,10.0,1.0,0.90909094,0.09090909,0.090909064,0.017408123,0.0015825568,1,0,0,1,1
61354,-1,1,-0.8887167,0.29137474,0,1,unassigned,91.0,85.0,6.0,0.93406594,0.06593407,0.06593406,0.172147,0.011350352,1,0,0,0,0
61355,0,0,-1.0237178,0.26430386,0,0,val,3.0,3.0,0.0,1.0,0.0,0.0,0.001934236,0.0,0,0,1,0,0
61356,-1,0,1.804014,0.85863686,1,1,unassigned,2.0,2.0,0.0,1.0,0.0,0.0,0.0,0.0,0,0,0,1,0
61357,0,0,0.39085573,0.5964887,1,1,unassigned,4.0,4.0,0.0,1.0,0.0,0.0,0.003868472,0.0,0,0,0,1,0
61358,-1,1,4.7367845,0.9913094,1,1,unassigned,11.0,11.0,0.0,1.0,0.0,0.0,0.017408123,0.0,1,0,0,1,1
61359,-1,0,-0.007336974,0.49816576,0,1,unassigned,5.0,5.0,0.0,1.0,0.0,0.0,0.0058027077,0.0,0,0,0,0,0
61360,-1,0,-0.0073369145,0.49816582,0,1,unassigned,5.0,5.0,0.0,1.0,0.0,0.0,0.0058027077,0.0,0,0,0,0,0
61361,-1,1,0.961104,0.72334284,1,1,unassigned,5.0,2.0,3.0,0.4,0.6,0.6,0.0058027077,0.0034816249,1,0,0,1,0
61362,-1,1,1.0426586,0.7393626,1,1,unassigned,7.0,7.0,0.0,1.0,0.0,0.0,0.00967118,0.0,1,0,0,1,0
61363,-1,0,3.086408,0.9563286,1,1,unassigned,3.0,3.0,0.0,1.0,0.0,0.0,0.001934236,0.0,0,0,0,1,1
61364,-1,0,4.4236617,0.98815185,1,1,unassigned,2.0,2.0,0.0,1.0,0.0,0.0,0.0,0.0,0,0,0,1,1
61365,-1,0,7.3978667,0.99938774,1,1,unassigned,2.0,2.0,0.0,1.0,0.0,0.0,0.0,0.0,0,0,0,1,1
61366,-1,1,6.9142785,0.9990075,1,1,unassigned,7.0,7.0,0.0,1.0,0.0,0.0,0.00967118,0.0,1,0,0,1,1
61367,-1,0,-1.3011916,0.21396455,0,1,unassigned,2.0,2.0,0.0,1.0,0.0,0.0,0.0,0.0,0,0,0,0,0
61368,-1,0,9.126963,0.9998913,1,1,unassigned,13.0,11.0,2.0,0.84615386,0.15384616,0.15384614,0.021276595,0.0032733225,0,0,0,1,1
61369,-1,1,0.07687223,0.5192086,1,1,unassigned,40.0,38.0,2.0,0.95,0.05,0.050000012,0.07350097,0.0036750485,1,0,0,1,0
61370,-1,1,0.13889962,0.5346692,1,1,unassigned,67.0,66.0,1.0,0.98507464,0.014925373,0.014925361,0.12572534,0.0018764976,1,0,0,1,0
61371,0,0,-0.06003368,0.48499605,0,0,test,18.0,18.0,0.0,1.0,0.0,0.0,0.030947777,0.0,0,0,1,0,0
61372,-1,1,-0.9560678,0.27766618,0,1,unassigned,32.0,32.0,0.0,1.0,0.0,0.0,0.058027077,0.0,1,0,0,0,0
61373,-1,0,4.672709,0.9907396,1,1,unassigned,11.0,9.0,2.0,0.8181818,0.18181819,0.18181819,0.017408123,0.0031651135,0,0,0,1,1
61374,-1,1,1.0638092,0.74341786,1,1,unassigned,81.0,73.0,8.0,0.90123457,0.09876543,0.09876543,0.15280464,0.015091817,1,0,0,1,0
61375,-1,0,1.5430558,0.8239085,1,1,unassigned,2.0,2.0,0.0,1.0,0.0,0.0,0.0,0.0,0,0,0,1,0
61376,-1,0,1.7270086,0.84902936,1,1,unassigned,5.0,5.0,0.0,1.0,0.0,0.0,0.0058027077,0.0,0,0,0,1,0
61377,-1,0,3.1223056,0.95780355,1,1,unassigned,5.0,3.0,2.0,0.6,0.4,0.39999998,0.0058027077,0.002321083,0,0,0,1,1
61378,1,1,9.58992,0.9999316,1,0,val,2.0,1.0,1.0,0.5,0.5,0.5,0.0,0.0,1,0,1,1,1
61379,-1,0,0.540212,0.63186175,1,1,unassigned,10.0,7.0,3.0,0.7,0.3,0.3,0.015473888,0.0046421667,0,0,0,1,0
61380,-1,0,0.943404,0.71978676,1,1,unassigned,3.0,1.0,2.0,0.33333334,0.6666667,0.6666666,0.001934236,0.0012894907,0,0,0,1,0
61381,-1,0,-0.6653471,0.33953947,0,1,unassigned,6.0,6.0,0.0,1.0,0.0,0.0,0.007736944,0.0,0,0,0,0,0
61382,-1,0,0.7120835,0.6708614,1,1,unassigned,7.0,5.0,2.0,0.71428573,0.2857143,0.28571427,0.00967118,0.0027631943,0,0,0,1,0
61383,-1,0,2.6176038,0.931986,1,1,unassigned,5.0,5.0,0.0,1.0,0.0,0.0,0.0058027077,0.0,0,0,0,1,1
61384,-1,0,4.913366,0.9927059,1,1,unassigned,3.0,2.0,1.0,0.6666667,0.33333334,0.3333333,0.001934236,0.00064474536,0,0,0,1,1
61385,1,1,2.9222448,0.9489352,1,0,test,9.0,6.0,3.0,0.6666667,0.33333334,0.3333333,0.013539651,0.004513217,1,0,1,1,1
61386,0,0,6.109923,0.9977842,1,1,unassigned,2.0,2.0,0.0,1.0,0.0,0.0,0.0,0.0,0,0,0,1,1
61387,-1,1,3.488273,0.9703523,1,1,unassigned,2.0,2.0,0.0,1.0,0.0,0.0,0.0,0.0,1,0,0,1,1
61388,-1,0,1.8915718,0.86893463,1,1,unassigned,5.0,5.0,0.0,1.0,0.0,0.0,0.0058027077,0.0,0,0,0,1,0
61389,-1,1,0.026265621,0.50656605,1,1,unassigned,3.0,3.0,0.0,1.0,0.0,0.0,0.001934236,0.0,1,0,0,1,0
61390,-1,1,6.897775,0.99899095,1,1,unassigned,19.0,14.0,5.0,0.7368421,0.2631579,0.2631579,0.032882012,0.008653161,1,0,0,1,1
61391,-1,1,3.8746169,0.97966,1,1,unassigned,10.0,10.0,0.0,1.0,0.0,0.0,0.015473888,0.0,1,0,0,1,1
61392,-1,1,-0.23798352,0.44078335,0,1,unassigned,40.0,40.0,0.0,1.0,0.0,0.0,0.07350097,0.0,1,0,0,0,0
61393,-1,0,-0.24565375,0.4388936,0,1,unassigned,2.0,2.0,0.0,1.0,0.0,0.0,0.0,0.0,0,0,0,0,0
61394,-1,1,-0.16462928,0.45893538,0,1,unassigned,10.0,9.0,1.0,0.9,0.1,0.100000024,0.015473888,0.0015473888,1,0,0,0,0
61395,-1,0,3.6714118,0.9751906,1,1,unassigned,3.0,3.0,0.0,1.0,0.0,0.0,0.001934236,0.0,0,0,0,1,1
61396,-1,1,-0.9843707,0.2720254,0,1,unassigned,33.0,33.0,0.0,1.0,0.0,0.0,0.059961315,0.0,1,0,0,0,0
61397,-1,1,5.0984373,0.9939308,1,1,unassigned,19.0,15.0,4.0,0.7894737,0.21052632,0.21052629,0.032882012,0.006922529,1,0,0,1,1
61398,-1,1,0.25990856,0.56461376,1,1,unassigned,2.0,1.0,1.0,0.5,0.5,0.5,0.0,0.0,1,0,0,1,0
61399,-1,1,-0.8476021,0.2999361,0,1,unassigned,27.0,25.0,2.0,0.9259259,0.074074075,0.07407409,0.0483559,0.0035819185,1,0,0,0,0
61400,-1,1,-0.8668612,0.29590786,0,1,unassigned,106.0,105.0,1.0,0.990566,0.009433962,0.009433985,0.20116054,0.0018977409,1,0,0,0,0
61401,-1,0,1.0358787,0.738054,1,1,unassigned,7.0,7.0,0.0,1.0,0.0,0.0,0.00967118,0.0,0,0,0,1,0
61402,-1,1,-0.927231,0.2834868,0,1,unassigned,38.0,37.0,1.0,0.9736842,0.02631579,0.026315808,0.06963249,0.0018324341,1,0,0,0,0
61403,0,1,-0.31188732,0.42265415,0,0,train,25.0,24.0,1.0,0.96,0.04,0.04000002,0.044487428,0.001779497,1,0,1,0,0
61404,-1,0,-0.44577354,0.3903661,0,1,unassigned,4.0,4.0,0.0,1.0,0.0,0.0,0.003868472,0.0,0,0,0,0,0
61405,-1,0,-0.38991684,0.40373734,0,1,unassigned,3.0,3.0,0.0,1.0,0.0,0.0,0.001934236,0.0,0,0,0,0,0
61406,-1,0,3.8674042,0.97951585,1,1,unassigned,4.0,3.0,1.0,0.75,0.25,0.25,0.003868472,0.000967118,0,0,0,1,1
61407,-1,1,-0.62709665,0.34816915,0,1,unassigned,6.0,5.0,1.0,0.8333333,0.16666667,0.16666669,0.007736944,0.0012894907,1,0,0,0,0
61408,-1,0,0.023374021,0.5058432,1,1,unassigned,2.0,2.0,0.0,1.0,0.0,0.0,0.0,0.0,0,0,0,1,0
61409,-1,0,-0.7763765,0.3151014,0,1,unassigned,2.0,2.0,0.0,1.0,0.0,0.0,0.0,0.0,0,0,0,0,0
61410,-1,1,-0.56728834,0.36186278,0,1,unassigned,27.0,27.0,0.0,1.0,0.0,0.0,0.0483559,0.0,1,0,0,0,0
61411,-1,0,-0.89182276,0.2907338,0,1,unassigned,19.0,19.0,0.0,1.0,0.0,0.0,0.032882012,0.0,0,0,0,0,0
61412,-1,1,-0.65724766,0.34135816,0,1,unassigned,21.0,20.0,1.0,0.95238096,0.04761905,0.047619045,0.036750484,0.0017500231,1,0,0,0,0
61413,-1,0,0.5578179,0.6359475,1,1,unassigned,4.0,4.0,0.0,1.0,0.0,0.0,0.003868472,0.0,0,0,0,1,0
61414,-1,1,1.5024583,0.81794083,1,1,unassigned,11.0,11.0,0.0,1.0,0.0,0.0,0.017408123,0.0,1,0,0,1,0
61415,-1,1,10.102236,0.999959,1,1,unassigned,2.0,2.0,0.0,1.0,0.0,0.0,0.0,0.0,1,0,0,1,1
61416,-1,0,-0.362898,0.4102582,0,1,unassigned,9.0,8.0,1.0,0.8888889,0.11111111,0.111111104,0.013539651,0.0015044058,0,0,0,0,0
61417,-1,1,0.5003843,0.6225496,1,1,unassigned,30.0,28.0,2.0,0.93333334,0.06666667,0.06666666,0.054158606,0.003610574,1,0,0,1,0
61418,-1,1,4.48717,0.9888728,1,1,unassigned,2.0,1.0,1.0,0.5,0.5,0.5,0.0,0.0,1,0,0,1,1
61419,-1,1,3.3251522,0.9652817,1,1,unassigned,6.0,5.0,1.0,0.8333333,0.16666667,0.16666669,0.007736944,0.0012894907,1,0,0,1,1
61420,-1,0,3.824733,0.97864187,1,1,unassigned,7.0,7.0,0.0,1.0,0.0,0.0,0.00967118,0.0,0,0,0,1,1
61421,-1,1,2.9676,0.9510888,1,1,unassigned,2.0,1.0,1.0,0.5,0.5,0.5,0.0,0.0,1,0,0,1,1
61422,-1,0,0.8336697,0.6971303,1,1,unassigned,4.0,4.0,0.0,1.0,0.0,0.0,0.003868472,0.0,0,0,0,1,0
61423,-1,0,1.879617,0.8675671,1,1,unassigned,6.0,6.0,0.0,1.0,0.0,0.0,0.007736944,0.0,0,0,0,1,0
61424,-1,0,2.7293231,0.9387349,1,1,unassigned,2.0,2.0,0.0,1.0,0.0,0.0,0.0,0.0,0,0,0,1,1
61425,-1,0,0.41735333,0.6028497,1,1,unassigned,2.0,2.0,0.0,1.0,0.0,0.0,0.0,0.0,0,0,0,1,0
61426,-1,1,3.05594,0.95503825,1,1,unassigned,2.0,2.0,0.0,1.0,0.0,0.0,0.0,0.0,1,0,0,1,1
61427,-1,1,3.105141,0.9571043,1,1,unassigned,3.0,3.0,0.0,1.0,0.0,0.0,0.001934236,0.0,1,0,0,1,1
61428,-1,0,4.9225802,0.9927723,1,1,unassigned,3.0,3.0,0.0,1.0,0.0,0.0,0.001934236,0.0,0,0,0,1,1
61429,-1,0,6.1086454,0.99778134,1,1,unassigned,2.0,2.0,0.0,1.0,0.0,0.0,0.0,0.0,0,0,0,1,1
61430,-1,0,7.0470047,0.9991308,1,1,unassigned,2.0,2.0,0.0,1.0,0.0,0.0,0.0,0.0,0,0,0,1,1
61431,-1,0,-0.33254296,0.417622,0,1,unassigned,5.0,5.0,0.0,1.0,0.0,0.0,0.0058027077,0.0,0,0,0,0,0
61432,-1,1,-0.9224385,0.2844613,0,1,unassigned,34.0,33.0,1.0,0.9705882,0.029411765,0.029411793,0.061895553,0.0018204574,1,0,0,0,0
61433,-1,1,-0.9318508,0.28254938,0,1,unassigned,22.0,22.0,0.0,1.0,0.0,0.0,0.03868472,0.0,1,0,0,0,0
61434,1,0,5.923674,0.99733186,1,0,unassigned,17.0,16.0,1.0,0.9411765,0.05882353,0.058823526,0.029013539,0.0017066788,0,0,1,1,1
61435,-1,1,2.6556756,0.93435997,1,1,unassigned,3.0,2.0,1.0,0.6666667,0.33333334,0.3333333,0.001934236,0.00064474536,1,0,0,1,1
61436,-1,1,-0.8478058,0.29989335,0,1,unassigned,64.0,64.0,0.0,1.0,0.0,0.0,0.11992263,0.0,1,0,0,0,0
61437,1,0,1.4552066,0.8107984,1,0,unassigned,4.0,4.0,0.0,1.0,0.0,0.0,0.003868472,0.0,0,0,1,1,0
61438,-1,0,19.870502,1.0,1,1,unassigned,2.0,2.0,0.0,1.0,0.0,0.0,0.0,0.0,0,0,0,1,1
61439,-1,1,2.7898622,0.9421255,1,1,unassigned,10.0,9.0,1.0,0.9,0.1,0.100000024,0.015473888,0.0015473888,1,0,0,1,1
61440,-1,1,-0.81088877,0.30770114,0,1,unassigned,18.0,18.0,0.0,1.0,0.0,0.0,0.030947777,0.0,1,0,0,0,0
61441,-1,1,-0.8423442,0.3010413,0,1,unassigned,33.0,33.0,0.0,1.0,0.0,0.0,0.059961315,0.0,1,0,0,0,0
61442,-1,1,0.6139985,0.64885235,1,1,unassigned,5.0,5.0,0.0,1.0,0.0,0.0,0.0058027077,0.0,1,0,0,1,0
61443,-1,0,0.55563086,0.635441,1,1,unassigned,4.0,4.0,0.0,1.0,0.0,0.0,0.003868472,0.0,0,0,0,1,0
61444,-1,0,4.05069,0.98288757,1,1,unassigned,2.0,2.0,0.0,1.0,0.0,0.0,0.0,0.0,0,0,0,1,1
61445,-1,1,4.943948,0.992924,1,1,unassigned,7.0,6.0,1.0,0.85714287,0.14285715,0.14285713,0.00967118,0.0013815971,1,0,0,1,1
61446,-1,0,1.8435366,0.8633664,1,1,unassigned,6.0,5.0,1.0,0.8333333,0.16666667,0.16666669,0.007736944,0.0012894907,0,0,0,1,0
61447,-1,1,-0.14716208,0.46327573,0,1,unassigned,6.0,6.0,0.0,1.0,0.0,0.0,0.007736944,0.0,1,0,0,0,0
61448,-1,0,1.2961063,0.78517896,1,1,unassigned,2.0,1.0,1.0,0.5,0.5,0.5,0.0,0.0,0,0,0,1,0
61449,-1,0,-0.36654758,0.4093755,0,1,unassigned,4.0,3.0,1.0,0.75,0.25,0.25,0.003868472,0.000967118,0,0,0,0,0
61450,-1,0,-0.5302516,0.3704582,0,1,unassigned,2.0,2.0,0.0,1.0,0.0,0.0,0.0,0.0,0,0,0,0,0
61451,-1,0,-0.18351951,0.45424846,0,1,unassigned,4.0,4.0,0.0,1.0,0.0,0.0,0.003868472,0.0,0,0,0,0,0
61452,-1,1,1.8032763,0.8585473,1,1,unassigned,5.0,3.0,2.0,0.6,0.4,0.39999998,0.0058027077,0.002321083,1,0,0,1,0
61453,0,0,-0.6012537,0.3540569,0,0,val,35.0,34.0,1.0,0.9714286,0.028571429,0.028571427,0.06382979,0.0018237082,0,0,1,0,0
61454,-1,0,-0.07319671,0.481709,0,1,unassigned,6.0,6.0,0.0,1.0,0.0,0.0,0.007736944,0.0,0,0,0,0,0
61455,-1,1,2.041446,0.8850804,1,1,unassigned,18.0,18.0,0.0,1.0,0.0,0.0,0.030947777,0.0,1,0,0,1,0
61456,0,1,1.819926,0.86055726,1,1,unassigned,6.0,6.0,0.0,1.0,0.0,0.0,0.007736944,0.0,1,0,0,1,0
61457,-1,0,1.9736421,0.87800175,1,1,unassigned,2.0,2.0,0.0,1.0,0.0,0.0,0.0,0.0,0,0,0,1,0
61458,-1,1,0.83983904,0.6984313,1,1,unassigned,2.0,2.0,0.0,1.0,0.0,0.0,0.0,0.0,1,0,0,1,0
61459,-1,0,0.7047128,0.66923183,1,1,unassigned,2.0,2.0,0.0,1.0,0.0,0.0,0.0,0.0,0,0,0,1,0
61460,-1,1,3.5446327,0.97193134,1,1,unassigned,6.0,6.0,0.0,1.0,0.0,0.0,0.007736944,0.0,1,0,0,1,1
61461,-1,0,1.5678866,0.8274821,1,1,unassigned,3.0,3.0,0.0,1.0,0.0,0.0,0.001934236,0.0,0,0,0,1,0
61462,-1,0,0.46127516,0.61331666,1,1,unassigned,3.0,2.0,1.0,0.6666667,0.33333334,0.3333333,0.001934236,0.00064474536,0,0,0,1,0
61463,-1,0,23.801905,1.0,1,1,unassigned,2.0,2.0,0.0,1.0,0.0,0.0,0.0,0.0,0,0,0,1,1
61464,-1,1,1.1215189,0.7542703,1,1,unassigned,39.0,39.0,0.0,1.0,0.0,0.0,0.07156673,0.0,1,0,0,1,0
61465,-1,1,-0.5762423,0.3597977,0,1,unassigned,28.0,26.0,2.0,0.9285714,0.071428575,0.0714286,0.050290134,0.0035921526,1,0,0,0,0
61466,-1,0,-0.21918845,0.44542122,0,1,unassigned,11.0,11.0,0.0,1.0,0.0,0.0,0.017408123,0.0,0,0,0,0,0
61467,-1,1,1.962415,0.87679404,1,1,unassigned,2.0,2.0,0.0,1.0,0.0,0.0,0.0,0.0,1,0,0,1,0
61468,-1,0,-0.16058052,0.45994088,0,1,unassigned,2.0,2.0,0.0,1.0,0.0,0.0,0.0,0.0,0,0,0,0,0
61469,1,1,1.0232975,0.73561436,1,0,val,6.0,6.0,0.0,1.0,0.0,0.0,0.007736944,0.0,1,0,1,1,0
61470,-1,1,-0.83058035,0.30352238,0,1,unassigned,7.0,7.0,0.0,1.0,0.0,0.0,0.00967118,0.0,1,0,0,0,0
61471,-1,0,-0.47643045,0.38309538,0,1,unassigned,7.0,7.0,0.0,1.0,0.0,0.0,0.00967118,0.0,0,0,0,0,0
61472,-1,1,-0.9104266,0.28691253,0,1,unassigned,23.0,21.0,2.0,0.9130435,0.08695652,0.0869565,0.040618956,0.0035320832,1,0,0,0,0
61473,-1,1,-0.9820293,0.2724893,0,1,unassigned,22.0,22.0,0.0,1.0,0.0,0.0,0.03868472,0.0,1,0,0,0,0
61474,-1,1,-0.8132676,0.30719462,0,1,unassigned,40.0,39.0,1.0,0.975,0.025,0.024999976,0.07350097,0.0018375242,1,0,0,0,0
61475,-1,1,-0.9010065,0.2888437,0,1,unassigned,42.0,41.0,1.0,0.97619045,0.023809524,0.023809552,0.07736944,0.0018421295,1,0,0,0,0
61476,-1,1,-0.6851606,0.3351105,0,1,unassigned,132.0,130.0,2.0,0.9848485,0.015151516,0.015151501,0.2514507,0.003809859,1,0,0,0,0
61477,-1,1,-0.8039677,0.30917746,0,1,unassigned,66.0,66.0,0.0,1.0,0.0,0.0,0.123791106,0.0,1,0,0,0,0
61478,-1,1,3.1054997,0.9571191,1,1,unassigned,14.0,14.0,0.0,1.0,0.0,0.0,0.023210831,0.0,1,0,0,1,1
61479,0,1,-0.27043647,0.43279994,0,0,val,13.0,13.0,0.0,1.0,0.0,0.0,0.021276595,0.0,1,0,1,0,0
61480,-1,1,3.7849534,0.97779435,1,1,unassigned,9.0,9.0,0.0,1.0,0.0,0.0,0.013539651,0.0,1,0,0,1,1
61481,-1,1,1.3957305,0.8015055,1,1,unassigned,7.0,7.0,0.0,1.0,0.0,0.0,0.00967118,0.0,1,0,0,1,0
61482,0,1,-0.23475057,0.44158038,0,0,unassigned,21.0,21.0,0.0,1.0,0.0,0.0,0.036750484,0.0,1,0,1,0,0
61483,0,0,-0.15168256,0.4621519,0,0,train,20.0,17.0,3.0,0.85,0.15,0.14999998,0.034816246,0.005222437,0,0,1,0,0
61484,-1,0,-0.43742856,0.39235386,0,1,unassigned,2.0,2.0,0.0,1.0,0.0,0.0,0.0,0.0,0,0,0,0,0
61485,-1,0,7.751536,0.9995701,1,1,unassigned,3.0,3.0,0.0,1.0,0.0,0.0,0.001934236,0.0,0,0,0,1,1
61486,-1,1,-0.04841739,0.487898,0,1,unassigned,2.0,2.0,0.0,1.0,0.0,0.0,0.0,0.0,1,0,0,0,0
61487,-1,1,-0.5161102,0.37376225,0,1,unassigned,40.0,38.0,2.0,0.95,0.05,0.050000012,0.07350097,0.0036750485,1,0,0,0,0
61488,-1,0,-0.43940407,0.391883,0,1,unassigned,11.0,11.0,0.0,1.0,0.0,0.0,0.017408123,0.0,0,0,0,0,0
61489,-1,1,0.10844308,0.52708423,1,1,unassigned,2.0,2.0,0.0,1.0,0.0,0.0,0.0,0.0,1,0,0,1,0
61490,1,0,-0.37064764,0.40838453,0,1,val,2.0,2.0,0.0,1.0,0.0,0.0,0.0,0.0,0,0,0,0,0
61491,-1,1,1.9014807,0.870059,1,1,unassigned,3.0,3.0,0.0,1.0,0.0,0.0,0.001934236,0.0,1,0,0,1,0
61492,0,0,-0.808489,0.30821258,0,0,unassigned,23.0,23.0,0.0,1.0,0.0,0.0,0.040618956,0.0,0,0,1,0,0
61493,-1,0,-0.850865,0.29925144,0,1,unassigned,32.0,31.0,1.0,0.96875,0.03125,0.03125,0.058027077,0.0018133462,0,0,0,0,0
61494,-1,0,-0.96506,0.27586624,0,1,unassigned,12.0,12.0,0.0,1.0,0.0,0.0,0.01934236,0.0,0,0,0,0,0
61495,-1,1,-0.9185594,0.2852515,0,1,unassigned,10.0,10.0,0.0,1.0,0.0,0.0,0.015473888,0.0,1,0,0,0,0
61496,-1,0,-0.91874,0.2852147,0,1,unassigned,21.0,21.0,0.0,1.0,0.0,0.0,0.036750484,0.0,0,0,0,0,0
61497,-1,0,-0.90935135,0.2871326,0,1,unassigned,22.0,22.0,0.0,1.0,0.0,0.0,0.03868472,0.0,0,0,0,0,0
61498,-1,1,-0.787027,0.3128074,0,1,unassigned,58.0,57.0,1.0,0.98275864,0.01724138,0.017241359,0.10831721,0.0018675381,1,0,0,0,0
61499,0,1,-0.8962373,0.28982434,0,0,test,16.0,16.0,0.0,1.0,0.0,0.0,0.027079303,0.0,1,0,1,0,0
61500,-1,1,-0.89213043,0.29067037,0,1,unassigned,53.0,52.0,1.0,0.9811321,0.018867925,0.01886791,0.09864604,0.0018612461,1,0,0,0,0
61501,-1,0,-0.93397653,0.28211868,0,1,unassigned,11.0,11.0,0.0,1.0,0.0,0.0,0.017408123,0.0,0,0,0,0,0
61502,-1,1,0.5661889,0.6378833,1,1,unassigned,22.0,19.0,3.0,0.8636364,0.13636364,0.13636363,0.03868472,0.005275189,1,0,0,1,0
61503,-1,1,1.1212764,0.7542254,1,1,unassigned,6.0,6.0,0.0,1.0,0.0,0.0,0.007736944,0.0,1,0,0,1,0
61504,-1,0,0.030860007,0.5077144,1,1,unassigned,2.0,2.0,0.0,1.0,0.0,0.0,0.0,0.0,0,0,0,1,0
61505,-1,0,-0.3412925,0.41549554,0,1,unassigned,9.0,9.0,0.0,1.0,0.0,0.0,0.013539651,0.0,0,0,0,0,0
61506,-1,0,0.5290647,0.62926495,1,1,unassigned,6.0,6.0,0.0,1.0,0.0,0.0,0.007736944,0.0,0,0,0,1,0
61507,-1,1,-0.41540995,0.3976156,0,1,unassigned,15.0,14.0,1.0,0.93333334,0.06666667,0.06666666,0.025145067,0.0016763379,1,0,0,0,0
61508,-1,1,-0.811383,0.30759588,0,1,unassigned,77.0,75.0,2.0,0.97402596,0.025974026,0.025974035,0.14506769,0.003767992,1,0,0,0,0
61509,-1,0,-0.7369756,0.32366583,0,1,unassigned,12.0,12.0,0.0,1.0,0.0,0.0,0.01934236,0.0,0,0,0,0,0
61510,-1,1,2.8783326,0.94676495,1,1,unassigned,7.0,4.0,3.0,0.5714286,0.42857143,0.4285714,0.00967118,0.0041447915,1,0,0,1,1
61511,-1,1,-0.86173844,0.29697627,0,1,unassigned,58.0,57.0,1.0,0.98275864,0.01724138,0.017241359,0.10831721,0.0018675381,1,0,0,0,0
61512,-1,0,-0.109084964,0.4727558,0,1,unassigned,12.0,12.0,0.0,1.0,0.0,0.0,0.01934236,0.0,0,0,0,0,0
61513,-1,0,3.49597,0.9705729,1,1,unassigned,2.0,2.0,0.0,1.0,0.0,0.0,0.0,0.0,0,0,0,1,1
61514,-1,1,-0.7766211,0.31504858,0,1,unassigned,42.0,41.0,1.0,0.97619045,0.023809524,0.023809552,0.07736944,0.0018421295,1,0,0,0,0
61515,-1,1,-0.7369477,0.32367194,0,1,unassigned,63.0,58.0,5.0,0.9206349,0.07936508,0.079365075,0.11798839,0.009364159,1,0,0,0,0
61516,-1,1,-0.7779309,0.314766,0,1,unassigned,62.0,57.0,5.0,0.91935486,0.08064516,0.080645144,0.116054155,0.009359206,1,0,0,0,0
61517,-1,1,-0.47386518,0.3837018,0,1,unassigned,27.0,27.0,0.0,1.0,0.0,0.0,0.0483559,0.0,1,0,0,0,0
61518,-1,1,-0.8167641,0.306451,0,1,unassigned,68.0,68.0,0.0,1.0,0.0,0.0,0.12765957,0.0,1,0,0,0,0
61519,-1,0,-0.17163622,0.45719597,0,1,unassigned,2.0,2.0,0.0,1.0,0.0,0.0,0.0,0.0,0,0,0,0,0
61520,-1,1,-0.62783575,0.34800142,0,1,unassigned,60.0,60.0,0.0,1.0,0.0,0.0,0.11218569,0.0,1,0,0,0,0
61521,-1,1,-0.68115276,0.33600408,0,1,unassigned,55.0,52.0,3.0,0.94545454,0.054545455,0.054545462,0.102514505,0.0055917003,1,0,0,0,0
61522,-1,1,-0.8653891,0.29621464,0,1,unassigned,30.0,30.0,0.0,1.0,0.0,0.0,0.054158606,0.0,1,0,0,0,0
61523,-1,0,3.072121,0.955728,1,1,unassigned,2.0,1.0,1.0,0.5,0.5,0.5,0.0,0.0,0,0,0,1,1
61524,-1,1,-1.4195938,0.19472528,0,1,unassigned,2.0,2.0,0.0,1.0,0.0,0.0,0.0,0.0,1,0,0,0,0
61525,1,0,2.4538276,0.92084086,1,0,test,13.0,13.0,0.0,1.0,0.0,0.0,0.021276595,0.0,0,0,1,1,1
61526,-1,1,-0.38137656,0.40579495,0,1,unassigned,2.0,2.0,0.0,1.0,0.0,0.0,0.0,0.0,1,0,0,0,0
61527,-1,0,-0.8008357,0.30984676,0,1,unassigned,10.0,10.0,0.0,1.0,0.0,0.0,0.015473888,0.0,0,0,0,0,0
61528,-1,0,4.5962024,0.9900107,1,1,unassigned,2.0,1.0,1.0,0.5,0.5,0.5,0.0,0.0,0,0,0,1,1
61529,-1,1,-0.693583,0.3332365,0,1,unassigned,50.0,46.0,4.0,0.92,0.08,0.07999998,0.092843324,0.0074274656,1,0,0,0,0
61530,-1,0,1.4720914,0.81337506,1,1,unassigned,15.0,14.0,1.0,0.93333334,0.06666667,0.06666666,0.025145067,0.0016763379,0,0,0,1,0
61531,-1,0,-0.8081808,0.3082783,0,1,unassigned,37.0,37.0,0.0,1.0,0.0,0.0,0.06769826,0.0,0,0,0,0,0
61532,-1,0,6.912374,0.9990056,1,1,unassigned,7.0,7.0,0.0,1.0,0.0,0.0,0.00967118,0.0,0,0,0,1,1
61533,-1,1,-0.04606664,0.48848537,0,1,unassigned,2.0,2.0,0.0,1.0,0.0,0.0,0.0,0.0,1,0,0,0,0
61534,-1,0,2.6723661,0.93537617,1,1,unassigned,5.0,5.0,0.0,1.0,0.0,0.0,0.0058027077,0.0,0,0,0,1,1
61535,-1,0,1.8373897,0.8626397,1,1,unassigned,32.0,29.0,3.0,0.90625,0.09375,0.09375,0.058027077,0.0054400386,0,0,0,1,0
61536,-1,0,0.3694834,0.5913341,1,1,unassigned,45.0,43.0,2.0,0.95555556,0.044444446,0.04444444,0.08317215,0.0036965401,0,0,0,1,0
61537,-1,0,-0.872115,0.29481438,0,1,unassigned,28.0,27.0,1.0,0.96428573,0.035714287,0.03571427,0.050290134,0.0017960763,0,0,0,0,0
61538,-1,0,1.0691621,0.7444375,1,1,unassigned,8.0,7.0,1.0,0.875,0.125,0.125,0.0116054155,0.0014506769,0,0,0,1,0
61539,-1,0,0.4707827,0.615569,1,1,unassigned,5.0,5.0,0.0,1.0,0.0,0.0,0.0058027077,0.0,0,0,0,1,0
61540,0,0,0.87792546,0.70639217,1,1,unassigned,16.0,16.0,0.0,1.0,0.0,0.0,0.027079303,0.0,0,0,0,1,0
61541,-1,1,2.1539237,0.8960349,1,1,unassigned,7.0,7.0,0.0,1.0,0.0,0.0,0.00967118,0.0,1,0,0,1,0
61542,-1,1,10.818706,0.99998,1,1,unassigned,6.0,4.0,2.0,0.6666667,0.33333334,0.3333333,0.007736944,0.0025789815,1,0,0,1,1
61543,-1,0,1.4306791,0.8070071,1,1,unassigned,2.0,1.0,1.0,0.5,0.5,0.5,0.0,0.0,0,0,0,1,0
61544,-1,1,-0.94027114,0.28084558,0,1,unassigned,9.0,9.0,0.0,1.0,0.0,0.0,0.013539651,0.0,1,0,0,0,0
61545,-1,0,2.7031186,0.93721044,1,1,unassigned,5.0,4.0,1.0,0.8,0.2,0.19999999,0.0058027077,0.0011605415,0,0,0,1,1
61546,-1,1,7.4134574,0.9993973,1,1,unassigned,2.0,1.0,1.0,0.5,0.5,0.5,0.0,0.0,1,0,0,1,1
61547,-1,0,-1.0174127,0.2655317,0,1,unassigned,14.0,13.0,1.0,0.9285714,0.071428575,0.0714286,0.023210831,0.0016579166,0,0,0,0,0
61548,-1,0,0.2621879,0.56517404,1,1,unassigned,6.0,6.0,0.0,1.0,0.0,0.0,0.007736944,0.0,0,0,0,1,0
61549,1,0,0.38740128,0.59565693,1,0,unassigned,16.0,16.0,0.0,1.0,0.0,0.0,0.027079303,0.0,0,0,1,1,0
61550,-1,0,2.42777,0.9189206,1,1,unassigned,9.0,9.0,0.0,1.0,0.0,0.0,0.013539651,0.0,0,0,0,1,1
61551,-1,1,1.2636335,0.779651,1,1,unassigned,3.0,1.0,2.0,0.33333334,0.6666667,0.6666666,0.001934236,0.0012894907,1,0,0,1,0
61552,1,0,1.4585004,0.8113032,1,0,val,4.0,4.0,0.0,1.0,0.0,0.0,0.003868472,0.0,0,0,1,1,0
61553,-1,0,0.27312535,0.56786007,1,1,unassigned,10.0,10.0,0.0,1.0,0.0,0.0,0.015473888,0.0,0,0,0,1,0
61554,0,0,0.28361827,0.570433,1,1,test,8.0,8.0,0.0,1.0,0.0,0.0,0.0116054155,0.0,0,0,0,1,0
61555,-1,0,-0.08326173,0.47919655,0,1,unassigned,7.0,7.0,0.0,1.0,0.0,0.0,0.00967118,0.0,0,0,0,0,0
61556,-1,1,-0.18192896,0.45464274,0,1,unassigned,6.0,6.0,0.0,1.0,0.0,0.0,0.007736944,0.0,1,0,0,0,0
61557,-1,0,-0.44218028,0.3912216,0,1,unassigned,2.0,2.0,0.0,1.0,0.0,0.0,0.0,0.0,0,0,0,0,0
61558,1,0,7.97798,0.99965715,1,0,val,8.0,8.0,0.0,1.0,0.0,0.0,0.0116054155,0.0,0,0,1,1,1
61559,-1,1,3.8646414,0.97946024,1,1,unassigned,3.0,3.0,0.0,1.0,0.0,0.0,0.001934236,0.0,1,0,0,1,1
61560,0,0,-0.06101489,0.484751,0,0,unassigned,17.0,17.0,0.0,1.0,0.0,0.0,0.029013539,0.0,0,0,1,0,0
61561,-1,0,1.2023089,0.76893526,1,1,unassigned,6.0,5.0,1.0,0.8333333,0.16666667,0.16666669,0.007736944,0.0012894907,0,0,0,1,0
61562,-1,0,0.5977612,0.6451439,1,1,unassigned,6.0,6.0,0.0,1.0,0.0,0.0,0.007736944,0.0,0,0,0,1,0
61563,-1,1,-0.2861504,0.42894658,0,1,unassigned,14.0,14.0,0.0,1.0,0.0,0.0,0.023210831,0.0,1,0,0,0,0
61564,-1,0,4.4536614,0.9884979,1,1,unassigned,7.0,7.0,0.0,1.0,0.0,0.0,0.00967118,0.0,0,0,0,1,1
61565,-1,1,4.4677715,0.9886573,1,1,unassigned,8.0,8.0,0.0,1.0,0.0,0.0,0.0116054155,0.0,1,0,0,1,1
61566,-1,1,0.622691,0.6508303,1,1,unassigned,13.0,13.0,0.0,1.0,0.0,0.0,0.021276595,0.0,1,0,0,1,0
61567,-1,0,2.7565203,0.9402806,1,1,unassigned,2.0,2.0,0.0,1.0,0.0,0.0,0.0,0.0,0,0,0,1,1
61568,-1,0,0.7152013,0.67154944,1,1,unassigned,12.0,12.0,0.0,1.0,0.0,0.0,0.01934236,0.0,0,0,0,1,0
61569,-1,0,-0.96676487,0.27552578,0,1,unassigned,40.0,39.0,1.0,0.975,0.025,0.024999976,0.07350097,0.0018375242,0,0,0,0,0
61570,-1,1,-0.220353,0.44513357,0,1,unassigned,4.0,4.0,0.0,1.0,0.0,0.0,0.003868472,0.0,1,0,0,0,0
61571,-1,0,6.5686984,0.9985984,1,1,unassigned,14.0,11.0,3.0,0.78571427,0.21428572,0.21428573,0.023210831,0.0049737496,0,0,0,1,1
61572,-1,0,1.6553588,0.83961403,1,1,unassigned,11.0,11.0,0.0,1.0,0.0,0.0,0.017408123,0.0,0,0,0,1,0
61573,-1,0,-0.90565884,0.287889,0,1,unassigned,24.0,24.0,0.0,1.0,0.0,0.0,0.04255319,0.0,0,0,0,0,0
61574,0,0,-0.5302264,0.3704641,0,0,test,7.0,7.0,0.0,1.0,0.0,0.0,0.00967118,0.0,0,0,1,0,0
61575,-1,0,0.4987976,0.6221767,1,1,unassigned,7.0,7.0,0.0,1.0,0.0,0.0,0.00967118,0.0,0,0,0,1,0
61576,-1,0,3.3879607,0.96732616,1,1,unassigned,5.0,4.0,1.0,0.8,0.2,0.19999999,0.0058027077,0.0011605415,0,0,0,1,1
61577,-1,0,1.1381502,0.75733984,1,1,unassigned,2.0,1.0,1.0,0.5,0.5,0.5,0.0,0.0,0,0,0,1,0
61578,0,1,0.20027488,0.549902,1,1,test,79.0,76.0,3.0,0.96202534,0.03797468,0.037974656,0.14893617,0.0056558037,1,0,0,1,0
61579,-1,1,-0.81802356,0.30618337,0,1,unassigned,8.0,8.0,0.0,1.0,0.0,0.0,0.0116054155,0.0,1,0,0,0,0
61580,-1,1,-0.8477634,0.29990223,0,1,unassigned,6.0,6.0,0.0,1.0,0.0,0.0,0.007736944,0.0,1,0,0,0,0
61581,-1,1,1.2125888,0.77075666,1,1,unassigned,7.0,7.0,0.0,1.0,0.0,0.0,0.00967118,0.0,1,0,0,1,0
61582,-1,1,3.170121,0.95969427,1,1,unassigned,9.0,6.0,3.0,0.6666667,0.33333334,0.3333333,0.013539651,0.004513217,1,0,0,1,1
61583,1,1,-0.5305035,0.37039945,0,1,unassigned,33.0,31.0,2.0,0.93939394,0.060606062,0.060606062,0.059961315,0.0036340193,1,0,0,0,0
61584,-1,0,2.428789,0.91899645,1,1,unassigned,6.0,6.0,0.0,1.0,0.0,0.0,0.007736944,0.0,0,0,0,1,1
61585,-1,1,-0.4143816,0.397862,0,1,unassigned,2.0,2.0,0.0,1.0,0.0,0.0,0.0,0.0,1,0,0,0,0
61586,-1,0,-0.86650765,0.29598153,0,1,unassigned,7.0,7.0,0.0,1.0,0.0,0.0,0.00967118,0.0,0,0,0,0,0
61587,0,1,-0.80102193,0.30980694,0,0,unassigned,27.0,27.0,0.0,1.0,0.0,0.0,0.0483559,0.0,1,0,1,0,0
61588,-1,0,1.3746309,0.79812735,1,1,unassigned,4.0,4.0,0.0,1.0,0.0,0.0,0.003868472,0.0,0,0,0,1,0
61589,-1,0,4.533552,0.9893718,1,1,unassigned,11.0,11.0,0.0,1.0,0.0,0.0,0.017408123,0.0,0,0,0,1,1
61590,-1,0,2.6889994,0.93637437,1,1,unassigned,9.0,9.0,0.0,1.0,0.0,0.0,0.013539651,0.0,0,0,0,1,1
61591,-1,1,0.16590482,0.5413813,1,1,unassigned,6.0,6.0,0.0,1.0,0.0,0.0,0.007736944,0.0,1,0,0,1,0
61592,-1,0,12.6672325,0.9999969,1,1,unassigned,60.0,50.0,10.0,0.8333333,0.16666667,0.16666669,0.11218569,0.018697616,0,0,0,1,1
61593,-1,0,1.6653502,0.84095496,1,1,unassigned,7.0,5.0,2.0,0.71428573,0.2857143,0.28571427,0.00967118,0.0027631943,0,0,0,1,0
61594,-1,0,-0.40826422,0.3993284,0,1,unassigned,14.0,13.0,1.0,0.9285714,0.071428575,0.0714286,0.023210831,0.0016579166,0,0,0,0,0
61595,-1,0,-0.17867357,0.4554501,0,1,unassigned,6.0,5.0,1.0,0.8333333,0.16666667,0.16666669,0.007736944,0.0012894907,0,0,0,0,0
61596,-1,0,-0.5427838,0.36754027,0,1,unassigned,11.0,11.0,0.0,1.0,0.0,0.0,0.017408123,0.0,0,0,0,0,0
61597,1,0,4.3860135,0.9877029,1,0,unassigned,10.0,10.0,0.0,1.0,0.0,0.0,0.015473888,0.0,0,0,1,1,1
61598,-1,0,2.5352142,0.9265739,1,1,unassigned,9.0,9.0,0.0,1.0,0.0,0.0,0.013539651,0.0,0,0,0,1,1
61599,-1,0,11.732622,0.999992,1,1,unassigned,2.0,2.0,0.0,1.0,0.0,0.0,0.0,0.0,0,0,0,1,1
61600,-1,1,-0.7780284,0.31474495,0,1,unassigned,56.0,55.0,1.0,0.98214287,0.017857144,0.017857134,0.10444874,0.0018651562,1,0,0,0,0
61601,-1,1,-0.5590789,0.36376062,0,1,unassigned,37.0,37.0,0.0,1.0,0.0,0.0,0.06769826,0.0,1,0,0,0,0
61602,1,1,-0.58253837,0.35834873,0,1,test,57.0,56.0,1.0,0.98245615,0.01754386,0.017543852,0.10638298,0.0018663681,1,0,0,0,0
61603,-1,1,-0.6749755,0.33738366,0,1,unassigned,22.0,22.0,0.0,1.0,0.0,0.0,0.03868472,0.0,1,0,0,0,0
61604,0,1,-0.12528324,0.46872008,0,0,test,9.0,9.0,0.0,1.0,0.0,0.0,0.013539651,0.0,1,0,1,0,0
61605,-1,1,3.9325936,0.98078376,1,1,unassigned,8.0,8.0,0.0,1.0,0.0,0.0,0.0116054155,0.0,1,0,0,1,1
61606,-1,1,5.0095086,0.99337006,1,1,unassigned,9.0,9.0,0.0,1.0,0.0,0.0,0.013539651,0.0,1,0,0,1,1
61607,-1,1,0.8783179,0.7064735,1,1,unassigned,3.0,3.0,0.0,1.0,0.0,0.0,0.001934236,0.0,1,0,0,1,0
61608,-1,1,2.0092542,0.8817653,1,1,unassigned,2.0,2.0,0.0,1.0,0.0,0.0,0.0,0.0,1,0,0,1,0
61609,-1,0,-0.40038776,0.4012192,0,1,unassigned,12.0,12.0,0.0,1.0,0.0,0.0,0.01934236,0.0,0,0,0,0,0
61610,-1,0,-0.0035786629,0.49910533,0,1,unassigned,3.0,3.0,0.0,1.0,0.0,0.0,0.001934236,0.0,0,0,0,0,0
61611,-1,0,-0.216037,0.4461998,0,1,unassigned,5.0,5.0,0.0,1.0,0.0,0.0,0.0058027077,0.0,0,0,0,0,0
61612,-1,0,11.831453,0.9999927,1,1,unassigned,30.0,24.0,6.0,0.8,0.2,0.19999999,0.054158606,0.010831721,0,0,0,1,1
61613,-1,1,4.8437657,0.9921842,1,1,unassigned,8.0,7.0,1.0,0.875,0.125,0.125,0.0116054155,0.0014506769,1,0,0,1,1
61614,-1,1,-0.58308446,0.35822317,0,1,unassigned,44.0,43.0,1.0,0.97727275,0.022727273,0.022727251,0.08123791,0.0018463163,1,0,0,0,0
61615,0,1,-0.5712601,0.36094612,0,0,test,30.0,30.0,0.0,1.0,0.0,0.0,0.054158606,0.0,1,0,1,0,0
61616,1,0,4.6033363,0.990081,1,0,unassigned,18.0,16.0,2.0,0.8888889,0.11111111,0.111111104,0.030947777,0.0034386418,0,0,1,1,1
61617,-1,0,2.6251404,0.9324622,1,1,unassigned,7.0,7.0,0.0,1.0,0.0,0.0,0.00967118,0.0,0,0,0,1,1
61618,-1,1,-0.7451392,0.32188138,0,1,unassigned,28.0,28.0,0.0,1.0,0.0,0.0,0.050290134,0.0,1,0,0,0,0
61619,1,1,-0.6162033,0.35064545,0,1,unassigned,31.0,31.0,0.0,1.0,0.0,0.0,0.056092843,0.0,1,0,0,0,0
61620,0,0,0.72879714,0.6745413,1,1,val,3.0,3.0,0.0,1.0,0.0,0.0,0.001934236,0.0,0,0,0,1,0
61621,-1,1,-0.7634016,0.3179082,0,1,unassigned,37.0,31.0,6.0,0.8378378,0.16216215,0.16216218,0.06769826,0.010978096,1,0,0,0,0
61622,-1,1,2.2866614,0.9077662,1,1,unassigned,3.0,2.0,1.0,0.6666667,0.33333334,0.3333333,0.001934236,0.00064474536,1,0,0,1,1
61623,-1,1,2.3456671,0.91258925,1,1,unassigned,7.0,6.0,1.0,0.85714287,0.14285715,0.14285713,0.00967118,0.0013815971,1,0,0,1,1
61624,1,1,-0.5590017,0.36377847,0,1,test,18.0,17.0,1.0,0.9444444,0.055555556,0.055555582,0.030947777,0.0017193209,1,0,0,0,0
61625,1,0,-0.29580912,0.4265823,0,1,val,16.0,16.0,0.0,1.0,0.0,0.0,0.027079303,0.0,0,0,0,0,0
61626,-1,0,-0.21653384,0.44607708,0,1,unassigned,17.0,16.0,1.0,0.9411765,0.05882353,0.058823526,0.029013539,0.0017066788,0,0,0,0,0
61627,-1,0,3.3962781,0.967588,1,1,unassigned,2.0,2.0,0.0,1.0,0.0,0.0,0.0,0.0,0,0,0,1,1
61628,-1,0,20.955605,1.0,1,1,unassigned,94.0,94.0,0.0,1.0,0.0,0.0,0.17794971,0.0,0,0,0,1,1
61629,-1,0,2.3491213,0.9128643,1,1,unassigned,4.0,4.0,0.0,1.0,0.0,0.0,0.003868472,0.0,0,0,0,1,1
61630,0,0,-0.25891742,0.4356298,0,0,unassigned,6.0,1.0,5.0,0.16666667,0.8333333,0.8333333,0.007736944,0.0064474535,0,0,1,0,0
61631,-1,0,3.0332277,0.95405287,1,1,unassigned,7.0,7.0,0.0,1.0,0.0,0.0,0.00967118,0.0,0,0,0,1,1
61632,0,0,-0.14131314,0.46473035,0,0,unassigned,15.0,14.0,1.0,0.93333334,0.06666667,0.06666666,0.025145067,0.0016763379,0,0,1,0,0
61633,-1,1,4.074899,0.9832901,1,1,unassigned,28.0,22.0,6.0,0.78571427,0.21428572,0.21428573,0.050290134,0.010776457,1,0,0,1,1
61634,-1,0,3.3990874,0.967676,1,1,unassigned,6.0,4.0,2.0,0.6666667,0.33333334,0.3333333,0.007736944,0.0025789815,0,0,0,1,1
61635,-1,0,2.3281572,0.91118234,1,1,unassigned,5.0,4.0,1.0,0.8,0.2,0.19999999,0.0058027077,0.0011605415,0,0,0,1,1
61636,-1,1,3.262275,0.96311176,1,1,unassigned,6.0,6.0,0.0,1.0,0.0,0.0,0.007736944,0.0,1,0,0,1,1
61637,-1,1,-0.8961967,0.28983268,0,1,unassigned,2.0,2.0,0.0,1.0,0.0,0.0,0.0,0.0,1,0,0,0,0
61638,-1,0,2.0739706,0.88834745,1,1,unassigned,19.0,19.0,0.0,1.0,0.0,0.0,0.032882012,0.0,0,0,0,1,0
61639,-1,1,0.80138034,0.6902697,1,1,unassigned,18.0,18.0,0.0,1.0,0.0,0.0,0.030947777,0.0,1,0,0,1,0
61640,-1,1,4.1887574,0.98506147,1,1,unassigned,11.0,7.0,4.0,0.6363636,0.36363637,0.36363637,0.017408123,0.006330227,1,0,0,1,1
61641,1,1,1.8363125,0.862512,1,0,unassigned,13.0,11.0,2.0,0.84615386,0.15384616,0.15384614,0.021276595,0.0032733225,1,0,1,1,0
61642,-1,1,1.034019,0.73769426,1,1,unassigned,8.0,8.0,0.0,1.0,0.0,0.0,0.0116054155,0.0,1,0,0,1,0
61643,-1,1,2.102726,0.8911678,1,1,unassigned,6.0,6.0,0.0,1.0,0.0,0.0,0.007736944,0.0,1,0,0,1,0
61644,-1,1,0.7117103,0.67077893,1,1,unassigned,6.0,6.0,0.0,1.0,0.0,0.0,0.007736944,0.0,1,0,0,1,0
61645,-1,0,-0.043809175,0.48904943,0,1,unassigned,10.0,10.0,0.0,1.0,0.0,0.0,0.015473888,0.0,0,0,0,0,0
61646,-1,0,-0.2755549,0.4315439,0,1,unassigned,7.0,7.0,0.0,1.0,0.0,0.0,0.00967118,0.0,0,0,0,0,0
61647,-1,0,5.1569424,0.9942737,1,1,unassigned,2.0,2.0,0.0,1.0,0.0,0.0,0.0,0.0,0,0,0,1,1
61648,-1,0,0.53916675,0.63161856,1,1,unassigned,16.0,16.0,0.0,1.0,0.0,0.0,0.027079303,0.0,0,0,0,1,0
61649,-1,0,1.2768531,0.78191364,1,1,unassigned,6.0,2.0,4.0,0.33333334,0.6666667,0.6666666,0.007736944,0.005157963,0,0,0,1,0
61650,-1,0,4.284579,0.9864079,1,1,unassigned,10.0,9.0,1.0,0.9,0.1,0.100000024,0.015473888,0.0015473888,0,0,0,1,1
61651,-1,0,4.811976,0.9919338,1,1,unassigned,8.0,7.0,1.0,0.875,0.125,0.125,0.0116054155,0.0014506769,0,0,0,1,1
61652,0,0,-0.43689305,0.3924815,0,0,val,11.0,10.0,1.0,0.90909094,0.09090909,0.090909064,0.017408123,0.0015825568,0,0,1,0,0
61653,1,0,5.6386905,0.9964551,1,0,unassigned,4.0,4.0,0.0,1.0,0.0,0.0,0.003868472,0.0,0,0,1,1,1
61654,-1,0,10.582492,0.9999746,1,1,unassigned,3.0,3.0,0.0,1.0,0.0,0.0,0.001934236,0.0,0,0,0,1,1
61655,-1,0,3.3535259,0.9662201,1,1,unassigned,12.0,12.0,0.0,1.0,0.0,0.0,0.01934236,0.0,0,0,0,1,1
61656,-1,0,-0.20006788,0.4501492,0,1,unassigned,7.0,6.0,1.0,0.85714287,0.14285715,0.14285713,0.00967118,0.0013815971,0,0,0,0,0
61657,-1,0,-0.58768165,0.35716698,0,1,unassigned,3.0,2.0,1.0,0.6666667,0.33333334,0.3333333,0.001934236,0.00064474536,0,0,0,0,0
61658,-1,0,2.2071445,0.9008893,1,1,unassigned,13.0,11.0,2.0,0.84615386,0.15384616,0.15384614,0.021276595,0.0032733225,0,0,0,1,1
61659,0,1,-0.7095425,0.32969996,0,0,val,30.0,26.0,4.0,0.8666667,0.13333334,0.13333333,0.054158606,0.007221148,1,0,1,0,0
61660,-1,0,1.4713142,0.81325704,1,1,unassigned,5.0,5.0,0.0,1.0,0.0,0.0,0.0058027077,0.0,0,0,0,1,0
61661,-1,1,0.19851202,0.54946566,1,1,unassigned,6.0,6.0,0.0,1.0,0.0,0.0,0.007736944,0.0,1,0,0,1,0
61662,1,1,3.7285569,0.97653633,1,0,unassigned,2.0,2.0,0.0,1.0,0.0,0.0,0.0,0.0,1,0,1,1,1
61663,-1,0,0.739541,0.6768955,1,1,unassigned,19.0,18.0,1.0,0.94736844,0.05263158,0.052631557,0.032882012,0.0017306323,0,0,0,1,0
61664,-1,1,0.87633187,0.7060615,1,1,unassigned,8.0,8.0,0.0,1.0,0.0,0.0,0.0116054155,0.0,1,0,0,1,0
61665,1,1,1.360508,0.7958423,1,0,unassigned,7.0,7.0,0.0,1.0,0.0,0.0,0.00967118,0.0,1,0,1,1,0
61666,-1,1,0.9535019,0.72181886,1,1,unassigned,19.0,18.0,1.0,0.94736844,0.05263158,0.052631557,0.032882012,0.0017306323,1,0,0,1,0
61667,-1,1,0.35541564,0.58793026,1,1,unassigned,10.0,10.0,0.0,1.0,0.0,0.0,0.015473888,0.0,1,0,0,1,0
61668,-1,1,1.1763706,0.7642946,1,1,unassigned,4.0,4.0,0.0,1.0,0.0,0.0,0.003868472,0.0,1,0,0,1,0
61669,-1,0,1.2011929,0.7687369,1,1,unassigned,4.0,4.0,0.0,1.0,0.0,0.0,0.003868472,0.0,0,0,0,1,0
61670,-1,0,0.5635796,0.6372804,1,1,unassigned,2.0,2.0,0.0,1.0,0.0,0.0,0.0,0.0,0,0,0,1,0
61671,-1,1,-0.9753293,0.27381954,0,1,unassigned,51.0,50.0,1.0,0.98039216,0.019607844,0.019607842,0.09477756,0.0018583836,1,0,0,0,0
61672,-1,1,2.1751766,0.8979981,1,1,unassigned,3.0,3.0,0.0,1.0,0.0,0.0,0.001934236,0.0,1,0,0,1,0
61673,-1,1,-0.5333798,0.36972895,0,1,unassigned,21.0,21.0,0.0,1.0,0.0,0.0,0.036750484,0.0,1,0,0,0,0
61674,-1,0,0.35470212,0.58775735,1,1,unassigned,14.0,14.0,0.0,1.0,0.0,0.0,0.023210831,0.0,0,0,0,1,0
61675,-1,1,-0.8539648,0.29860184,0,1,unassigned,58.0,56.0,2.0,0.9655172,0.03448276,0.034482777,0.10831721,0.0037350762,1,0,0,0,0
61676,-1,1,-0.6663895,0.3393058,0,1,unassigned,27.0,26.0,1.0,0.962963,0.037037037,0.037037015,0.0483559,0.0017909593,1,0,0,0,0
61677,-1,1,-0.80008507,0.3100073,0,1,unassigned,61.0,61.0,0.0,1.0,0.0,0.0,0.114119925,0.0,1,0,0,0,0
61678,1,0,10.014961,0.9999553,1,0,test,57.0,49.0,8.0,0.8596491,0.14035088,0.14035088,0.10638298,0.014930945,0,0,1,1,1
61679,-1,0,-0.6977775,0.33230516,0,1,unassigned,7.0,5.0,2.0,0.71428573,0.2857143,0.28571427,0.00967118,0.0027631943,0,0,0,0,0
61680,-1,0,1.3462119,0.79350966,1,1,unassigned,2.0,2.0,0.0,1.0,0.0,0.0,0.0,0.0,0,0,0,1,0
61681,-1,0,7.6814237,0.9995389,1,1,unassigned,8.0,8.0,0.0,1.0,0.0,0.0,0.0116054155,0.0,0,0,0,1,1
61682,-1,1,6.694738,0.99876416,1,1,unassigned,2.0,1.0,1.0,0.5,0.5,0.5,0.0,0.0,1,0,0,1,1
61683,-1,0,0.47411686,0.6163577,1,1,unassigned,14.0,14.0,0.0,1.0,0.0,0.0,0.023210831,0.0,0,0,0,1,0
61684,0,0,-0.31455463,0.4220034,0,0,test,32.0,32.0,0.0,1.0,0.0,0.0,0.058027077,0.0,0,0,1,0,0
61685,-1,0,4.784478,0.9917108,1,1,unassigned,9.0,9.0,0.0,1.0,0.0,0.0,0.013539651,0.0,0,0,0,1,1
61686,1,0,-0.26816523,0.43335757,0,1,test,20.0,20.0,0.0,1.0,0.0,0.0,0.034816246,0.0,0,0,0,0,0
61687,-1,1,5.3689513,0.9953625,1,1,unassigned,2.0,2.0,0.0,1.0,0.0,0.0,0.0,0.0,1,0,0,1,1
61688,-1,1,14.274166,0.9999994,1,1,unassigned,8.0,6.0,2.0,0.75,0.25,0.25,0.0116054155,0.0029013539,1,0,0,1,1
61689,-1,0,2.528125,0.9260902,1,1,unassigned,12.0,12.0,0.0,1.0,0.0,0.0,0.01934236,0.0,0,0,0,1,1
61690,-1,1,-0.44820455,0.38978773,0,1,unassigned,101.0,98.0,3.0,0.97029704,0.02970297,0.029702961,0.19148937,0.005687803,1,0,0,0,0
61691,-1,1,3.8120434,0.978375,1,1,unassigned,3.0,3.0,0.0,1.0,0.0,0.0,0.001934236,0.0,1,0,0,1,1
61692,-1,0,-0.6875938,0.33456856,0,1,unassigned,8.0,8.0,0.0,1.0,0.0,0.0,0.0116054155,0.0,0,0,0,0,0
61693,-1,0,4.0070844,0.9821385,1,1,unassigned,7.0,4.0,3.0,0.5714286,0.42857143,0.4285714,0.00967118,0.0041447915,0,0,0,1,1
61694,-1,0,4.6447735,0.99047977,1,1,unassigned,12.0,12.0,0.0,1.0,0.0,0.0,0.01934236,0.0,0,0,0,1,1
61695,-1,0,0.17443949,0.54349965,1,1,unassigned,4.0,3.0,1.0,0.75,0.25,0.25,0.003868472,0.000967118,0,0,0,1,0
61696,-1,1,-0.18785214,0.4531746,0,1,unassigned,3.0,3.0,0.0,1.0,0.0,0.0,0.001934236,0.0,1,0,0,0,0
61697,-1,0,9.426374,0.9999194,1,1,unassigned,20.0,17.0,3.0,0.85,0.15,0.14999998,0.034816246,0.005222437,0,0,0,1,1
61698,-1,0,3.1836526,0.96021444,1,1,unassigned,3.0,2.0,1.0,0.6666667,0.33333334,0.3333333,0.001934236,0.00064474536,0,0,0,1,1
61699,-1,0,1.9828708,0.8789869,1,1,unassigned,3.0,3.0,0.0,1.0,0.0,0.0,0.001934236,0.0,0,0,0,1,0
61700,-1,0,0.98840505,0.72877276,1,1,unassigned,3.0,3.0,0.0,1.0,0.0,0.0,0.001934236,0.0,0,0,0,1,0
61701,-1,1,-0.89688015,0.289692,0,1,unassigned,77.0,75.0,2.0,0.97402596,0.025974026,0.025974035,0.14506769,0.003767992,1,0,0,0,0
61702,-1,1,-0.8374162,0.30207926,0,1,unassigned,33.0,31.0,2.0,0.93939394,0.060606062,0.060606062,0.059961315,0.0036340193,1,0,0,0,0
61703,-1,1,0.12824327,0.53201693,1,1,unassigned,80.0,80.0,0.0,1.0,0.0,0.0,0.15087041,0.0,1,0,0,1,0
61704,-1,1,0.05617845,0.5140409,1,1,unassigned,7.0,7.0,0.0,1.0,0.0,0.0,0.00967118,0.0,1,0,0,1,0
61705,1,1,0.12171459,0.53039116,1,0,unassigned,3.0,3.0,0.0,1.0,0.0,0.0,0.001934236,0.0,1,0,1,1,0
61706,-1,1,-0.40312684,0.40056133,0,1,unassigned,7.0,7.0,0.0,1.0,0.0,0.0,0.00967118,0.0,1,0,0,0,0
61707,1,1,3.1623328,0.9593919,1,0,test,9.0,9.0,0.0,1.0,0.0,0.0,0.013539651,0.0,1,0,1,1,1
61708,-1,0,0.15533179,0.53875506,1,1,unassigned,20.0,20.0,0.0,1.0,0.0,0.0,0.034816246,0.0,0,0,0,1,0
61709,-1,0,3.650264,0.9746738,1,1,unassigned,10.0,10.0,0.0,1.0,0.0,0.0,0.015473888,0.0,0,0,0,1,1
61710,-1,0,1.5073197,0.81866366,1,1,unassigned,5.0,5.0,0.0,1.0,0.0,0.0,0.0058027077,0.0,0,0,0,1,0
61711,1,1,0.22349483,0.55564225,1,0,train,16.0,15.0,1.0,0.9375,0.0625,0.0625,0.027079303,0.0016924564,1,0,1,1,0
61712,-1,1,-0.6809032,0.33605975,0,1,unassigned,2.0,2.0,0.0,1.0,0.0,0.0,0.0,0.0,1,0,0,0,0
61713,0,0,-0.2709452,0.4326751,0,0,test,7.0,7.0,0.0,1.0,0.0,0.0,0.00967118,0.0,0,0,1,0,0
61714,-1,0,4.2431865,0.9858416,1,1,unassigned,6.0,6.0,0.0,1.0,0.0,0.0,0.007736944,0.0,0,0,0,1,1
61715,-1,0,3.2023454,0.9609225,1,1,unassigned,9.0,6.0,3.0,0.6666667,0.33333334,0.3333333,0.013539651,0.004513217,0,0,0,1,1
61716,1,1,3.68213,0.97544867,1,0,unassigned,4.0,4.0,0.0,1.0,0.0,0.0,0.003868472,0.0,1,0,1,1,1
61717,-1,0,2.9225523,0.9489501,1,1,unassigned,2.0,2.0,0.0,1.0,0.0,0.0,0.0,0.0,0,0,0,1,1
61718,-1,0,4.1426206,0.9843671,1,1,unassigned,2.0,2.0,0.0,1.0,0.0,0.0,0.0,0.0,0,0,0,1,1
61719,-1,1,1.0112045,0.7332558,1,1,unassigned,4.0,4.0,0.0,1.0,0.0,0.0,0.003868472,0.0,1,0,0,1,0
61720,0,0,-0.43885264,0.3920144,0,0,unassigned,53.0,53.0,0.0,1.0,0.0,0.0,0.09864604,0.0,0,0,1,0,0
61721,-1,1,11.8612385,0.99999297,1,1,unassigned,4.0,4.0,0.0,1.0,0.0,0.0,0.003868472,0.0,1,0,0,1,1
61722,-1,1,-0.51316476,0.3744519,0,1,unassigned,4.0,4.0,0.0,1.0,0.0,0.0,0.003868472,0.0,1,0,0,0,0
61723,0,0,-0.293349,0.42718416,0,0,unassigned,7.0,7.0,0.0,1.0,0.0,0.0,0.00967118,0.0,0,0,1,0,0
61724,-1,1,-0.8968654,0.28969508,0,1,unassigned,23.0,23.0,0.0,1.0,0.0,0.0,0.040618956,0.0,1,0,0,0,0
61725,-1,1,-0.84379536,0.30073604,0,1,unassigned,37.0,36.0,1.0,0.972973,0.027027028,0.02702701,0.06769826,0.0018296828,1,0,0,0,0
61726,-1,1,-0.9148535,0.28600767,0,1,unassigned,37.0,37.0,0.0,1.0,0.0,0.0,0.06769826,0.0,1,0,0,0,0
61727,1,1,-0.83892345,0.30176157,0,1,val,144.0,142.0,2.0,0.9861111,0.013888889,0.0138888955,0.2746615,0.0038147431,1,0,0,0,0
61728,-1,0,3.1347406,0.9583032,1,1,unassigned,11.0,10.0,1.0,0.90909094,0.09090909,0.090909064,0.017408123,0.0015825568,0,0,0,1,1
61729,-1,0,1.1903443,0.76680267,1,1,unassigned,6.0,6.0,0.0,1.0,0.0,0.0,0.007736944,0.0,0,0,0,1,0
61730,-1,1,2.3071666,0.9094689,1,1,unassigned,11.0,8.0,3.0,0.72727275,0.27272728,0.27272725,0.017408123,0.00474767,1,0,0,1,1
61731,-1,1,4.3666825,0.9874658,1,1,unassigned,21.0,20.0,1.0,0.95238096,0.04761905,0.047619045,0.036750484,0.0017500231,1,0,0,1,1
61732,-1,0,3.5547593,0.9722063,1,1,unassigned,3.0,2.0,1.0,0.6666667,0.33333334,0.3333333,0.001934236,0.00064474536,0,0,0,1,1
61733,-1,0,2.298597,0.9087608,1,1,unassigned,5.0,5.0,0.0,1.0,0.0,0.0,0.0058027077,0.0,0,0,0,1,1
61734,0,0,-0.18279886,0.4544271,0,0,test,34.0,34.0,0.0,1.0,0.0,0.0,0.061895553,0.0,0,0,1,0,0
61735,-1,1,-0.6121816,0.3515617,0,1,unassigned,10.0,10.0,0.0,1.0,0.0,0.0,0.015473888,0.0,1,0,0,0,0
61736,-1,0,6.7133837,0.998787,1,1,unassigned,13.0,13.0,0.0,1.0,0.0,0.0,0.021276595,0.0,0,0,0,1,1
61737,-1,0,1.3197238,0.78913575,1,1,unassigned,6.0,6.0,0.0,1.0,0.0,0.0,0.007736944,0.0,0,0,0,1,0
61738,-1,0,3.1444423,0.95868915,1,1,unassigned,2.0,2.0,0.0,1.0,0.0,0.0,0.0,0.0,0,0,0,1,1
61739,0,1,2.0063941,0.88146675,1,1,unassigned,29.0,28.0,1.0,0.9655172,0.03448276,0.034482777,0.05222437,0.0018008404,1,0,0,1,0
61740,1,1,2.818703,0.94367814,1,0,test,15.0,11.0,4.0,0.73333335,0.26666668,0.26666665,0.025145067,0.0067053516,1,0,1,1,1
61741,1,0,7.616101,0.9995078,1,0,unassigned,11.0,11.0,0.0,1.0,0.0,0.0,0.017408123,0.0,0,0,1,1,1
61742,0,1,-0.8061795,0.3087052,0,0,val,7.0,6.0,1.0,0.85714287,0.14285715,0.14285713,0.00967118,0.0013815971,1,0,1,0,0
61743,-1,0,4.795466,0.9918006,1,1,unassigned,8.0,8.0,0.0,1.0,0.0,0.0,0.0116054155,0.0,0,0,0,1,1
61744,0,0,0.085704386,0.52141297,1,1,val,20.0,20.0,0.0,1.0,0.0,0.0,0.034816246,0.0,0,0,0,1,0
61745,-1,0,1.5722964,0.82811075,1,1,unassigned,2.0,2.0,0.0,1.0,0.0,0.0,0.0,0.0,0,0,0,1,0
61746,1,0,0.113978565,0.52846384,1,0,train,25.0,24.0,1.0,0.96,0.04,0.04000002,0.044487428,0.001779497,0,0,1,1,0
61747,-1,1,-0.5688033,0.361513,0,1,unassigned,31.0,31.0,0.0,1.0,0.0,0.0,0.056092843,0.0,1,0,0,0,0
61748,-1,1,1.3295553,0.7907671,1,1,unassigned,18.0,13.0,5.0,0.7222222,0.2777778,0.2777778,0.030947777,0.008596605,1,0,0,1,0
61749,-1,0,-0.5097692,0.37524763,0,1,unassigned,3.0,3.0,0.0,1.0,0.0,0.0,0.001934236,0.0,0,0,0,0,0
61750,-1,1,14.33519,0.9999994,1,1,unassigned,3.0,2.0,1.0,0.6666667,0.33333334,0.3333333,0.001934236,0.00064474536,1,0,0,1,1
61751,0,0,-0.28906232,0.4282334,0,0,val,5.0,5.0,0.0,1.0,0.0,0.0,0.0058027077,0.0,0,0,1,0,0
61752,-1,0,-0.6353005,0.34630963,0,1,unassigned,2.0,2.0,0.0,1.0,0.0,0.0,0.0,0.0,0,0,0,0,0
61753,-1,0,3.3526297,0.9661908,1,1,unassigned,3.0,3.0,0.0,1.0,0.0,0.0,0.001934236,0.0,0,0,0,1,1
61754,-1,0,1.1385782,0.75741845,1,1,unassigned,2.0,1.0,1.0,0.5,0.5,0.5,0.0,0.0,0,0,0,1,0
61755,-1,0,2.5534523,0.9278051,1,1,unassigned,11.0,11.0,0.0,1.0,0.0,0.0,0.017408123,0.0,0,0,0,1,1
61756,-1,0,-0.355924,0.4119466,0,1,unassigned,4.0,4.0,0.0,1.0,0.0,0.0,0.003868472,0.0,0,0,0,0,0
61757,-1,1,1.4560757,0.81093174,1,1,unassigned,4.0,4.0,0.0,1.0,0.0,0.0,0.003868472,0.0,1,0,0,1,0
61758,-1,0,0.0024158955,0.500604,1,1,unassigned,2.0,2.0,0.0,1.0,0.0,0.0,0.0,0.0,0,0,0,1,0
61759,-1,0,-0.0109241605,0.497269,0,1,unassigned,16.0,15.0,1.0,0.9375,0.0625,0.0625,0.027079303,0.0016924564,0,0,0,0,0
61760,-1,1,2.1660173,0.897156,1,1,unassigned,2.0,2.0,0.0,1.0,0.0,0.0,0.0,0.0,1,0,0,1,0
61761,-1,0,-0.6983618,0.33217552,0,1,unassigned,38.0,38.0,0.0,1.0,0.0,0.0,0.06963249,0.0,0,0,0,0,0
61762,1,1,-0.33788294,0.41632378,0,1,unassigned,6.0,6.0,0.0,1.0,0.0,0.0,0.007736944,0.0,1,0,0,0,0
61763,-1,0,0.33332253,0.5825676,1,1,unassigned,21.0,21.0,0.0,1.0,0.0,0.0,0.036750484,0.0,0,0,0,1,0
61764,-1,0,2.310436,0.90973765,1,1,unassigned,4.0,1.0,3.0,0.25,0.75,0.75,0.003868472,0.002901354,0,0,0,1,1
61765,1,0,-0.11795628,0.47054505,0,1,unassigned,4.0,4.0,0.0,1.0,0.0,0.0,0.003868472,0.0,0,0,0,0,0
61766,-1,0,-0.30035418,0.4254709,0,1,unassigned,34.0,33.0,1.0,0.9705882,0.029411765,0.029411793,0.061895553,0.0018204574,0,0,0,0,0
61767,-1,0,2.5980968,0.930739,1,1,unassigned,4.0,4.0,0.0,1.0,0.0,0.0,0.003868472,0.0,0,0,0,1,1
61768,-1,0,0.8461972,0.6997688,1,1,unassigned,3.0,3.0,0.0,1.0,0.0,0.0,0.001934236,0.0,0,0,0,1,0
61769,-1,1,5.0483117,0.9936208,1,1,unassigned,10.0,6.0,4.0,0.6,0.4,0.39999998,0.015473888,0.0061895554,1,0,0,1,1
61770,-1,0,3.0512466,0.95483637,1,1,unassigned,10.0,10.0,0.0,1.0,0.0,0.0,0.015473888,0.0,0,0,0,1,1
61771,-1,0,-0.15247324,0.46195534,0,1,unassigned,2.0,2.0,0.0,1.0,0.0,0.0,0.0,0.0,0,0,0,0,0
61772,-1,0,0.50359756,0.6233044,1,1,unassigned,25.0,24.0,1.0,0.96,0.04,0.04000002,0.044487428,0.001779497,0,0,0,1,0
61773,-1,1,-0.38461238,0.40501493,0,1,unassigned,4.0,4.0,0.0,1.0,0.0,0.0,0.003868472,0.0,1,0,0,0,0
61774,-1,0,-0.26704895,0.43363175,0,1,unassigned,32.0,32.0,0.0,1.0,0.0,0.0,0.058027077,0.0,0,0,0,0,0
61775,-1,1,-0.018940091,0.4952651,0,1,unassigned,59.0,58.0,1.0,0.9830508,0.016949153,0.016949177,0.11025145,0.0018686686,1,0,0,0,0
61776,-1,0,7.806355,0.9995931,1,1,unassigned,13.0,13.0,0.0,1.0,0.0,0.0,0.021276595,0.0,0,0,0,1,1
61777,1,1,-0.17410034,0.4565845,0,1,val,43.0,42.0,1.0,0.9767442,0.023255814,0.023255825,0.079303674,0.0018442714,1,0,0,0,0
61778,-1,1,0.69988257,0.6681617,1,1,unassigned,11.0,10.0,1.0,0.90909094,0.09090909,0.090909064,0.017408123,0.0015825568,1,0,0,1,0
61779,-1,1,0.0004376769,0.5001094,1,1,unassigned,60.0,60.0,0.0,1.0,0.0,0.0,0.11218569,0.0,1,0,0,1,0
61780,1,1,-0.9694096,0.27499822,0,1,val,31.0,31.0,0.0,1.0,0.0,0.0,0.056092843,0.0,1,0,0,0,0
61781,0,1,-0.38241053,0.40554565,0,0,unassigned,50.0,47.0,3.0,0.94,0.06,0.060000002,0.092843324,0.0055705993,1,0,1,0,0
61782,-1,1,-0.23802403,0.44077334,0,1,unassigned,44.0,44.0,0.0,1.0,0.0,0.0,0.08123791,0.0,1,0,0,0,0
61783,-1,1,0.35551125,0.58795345,1,1,unassigned,2.0,2.0,0.0,1.0,0.0,0.0,0.0,0.0,1,0,0,1,0
61784,1,0,-0.6301817,0.34746933,0,1,val,22.0,20.0,2.0,0.90909094,0.09090909,0.090909064,0.03868472,0.0035167928,0,0,0,0,0
61785,-1,1,3.2552474,0.96286124,1,1,unassigned,15.0,12.0,3.0,0.8,0.2,0.19999999,0.025145067,0.0050290134,1,0,0,1,1
61786,-1,0,1.2939568,0.78481615,1,1,unassigned,2.0,2.0,0.0,1.0,0.0,0.0,0.0,0.0,0,0,0,1,0
61787,1,0,7.3869414,0.99938107,1,0,test,4.0,4.0,0.0,1.0,0.0,0.0,0.003868472,0.0,0,0,1,1,1
61788,-1,0,6.448109,0.99841905,1,1,unassigned,12.0,11.0,1.0,0.9166667,0.083333336,0.08333331,0.01934236,0.0016118633,0,0,0,1,1
61789,-1,1,-0.768274,0.31685257,0,1,unassigned,114.0,114.0,0.0,1.0,0.0,0.0,0.21663442,0.0,1,0,0,0,0
61790,1,1,6.614843,0.9986615,1,0,val,12.0,4.0,8.0,0.33333334,0.6666667,0.6666666,0.01934236,0.012894906,1,0,1,1,1
61791,-1,0,14.658779,0.9999995,1,1,unassigned,5.0,5.0,0.0,1.0,0.0,0.0,0.0058027077,0.0,0,0,0,1,1
61792,-1,1,-0.20794818,0.44819948,0,1,unassigned,26.0,26.0,0.0,1.0,0.0,0.0,0.046421662,0.0,1,0,0,0,0
61793,-1,1,-0.5610585,0.36330256,0,1,unassigned,68.0,68.0,0.0,1.0,0.0,0.0,0.12765957,0.0,1,0,0,0,0
61794,-1,0,1.0392356,0.7387025,1,1,unassigned,2.0,2.0,0.0,1.0,0.0,0.0,0.0,0.0,0,0,0,1,0
61795,-1,0,0.5620689,0.6369311,1,1,unassigned,57.0,57.0,0.0,1.0,0.0,0.0,0.10638298,0.0,0,0,0,1,0
61796,-1,1,-0.92847335,0.28323454,0,1,unassigned,33.0,33.0,0.0,1.0,0.0,0.0,0.059961315,0.0,1,0,0,0,0
61797,-1,1,1.7951572,0.8575584,1,1,unassigned,96.0,93.0,3.0,0.96875,0.03125,0.03125,0.18181819,0.0056818184,1,0,0,1,0
61798,-1,0,-0.060057104,0.4849902,0,1,unassigned,3.0,3.0,0.0,1.0,0.0,0.0,0.001934236,0.0,0,0,0,0,0
61799,-1,1,2.0122788,0.88208026,1,1,unassigned,8.0,7.0,1.0,0.875,0.125,0.125,0.0116054155,0.0014506769,1,0,0,1,0
61800,-1,1,-0.9086669,0.2872727,0,1,unassigned,2.0,1.0,1.0,0.5,0.5,0.5,0.0,0.0,1,0,0,0,0
61801,-1,0,-0.4328164,0.39345402,0,1,unassigned,18.0,18.0,0.0,1.0,0.0,0.0,0.030947777,0.0,0,0,0,0,0
61802,1,0,10.160359,0.9999614,1,0,test,5.0,2.0,3.0,0.4,0.6,0.6,0.0058027077,0.0034816249,0,0,1,1,1
61803,-1,1,1.9454267,0.87494713,1,1,unassigned,49.0,47.0,2.0,0.9591837,0.040816326,0.040816307,0.09090909,0.0037105752,1,0,0,1,0
61804,1,1,7.147547,0.9992138,1,0,unassigned,5.0,4.0,1.0,0.8,0.2,0.19999999,0.0058027077,0.0011605415,1,0,1,1,1
61805,-1,0,9.837995,0.9999466,1,1,unassigned,7.0,5.0,2.0,0.71428573,0.2857143,0.28571427,0.00967118,0.0027631943,0,0,0,1,1
61806,-1,0,1.964406,0.87700903,1,1,unassigned,4.0,4.0,0.0,1.0,0.0,0.0,0.003868472,0.0,0,0,0,1,0
61807,-1,0,-0.09625676,0.47595435,0,1,unassigned,3.0,3.0,0.0,1.0,0.0,0.0,0.001934236,0.0,0,0,0,0,0
61808,-1,1,-0.8322259,0.30317461,0,1,unassigned,16.0,16.0,0.0,1.0,0.0,0.0,0.027079303,0.0,1,0,0,0,0
61809,-1,1,-0.93390673,0.2821328,0,1,unassigned,52.0,52.0,0.0,1.0,0.0,0.0,0.0967118,0.0,1,0,0,0,0
61810,-1,1,-0.934721,0.2819679,0,1,unassigned,42.0,42.0,0.0,1.0,0.0,0.0,0.07736944,0.0,1,0,0,0,0
61811,-1,1,0.1511038,0.5377042,1,1,unassigned,8.0,8.0,0.0,1.0,0.0,0.0,0.0116054155,0.0,1,0,0,1,0
61812,-1,0,2.7080927,0.93750244,1,1,unassigned,3.0,3.0,0.0,1.0,0.0,0.0,0.001934236,0.0,0,0,0,1,1
61813,-1,1,0.06414276,0.5160302,1,1,unassigned,78.0,76.0,2.0,0.974359,0.025641026,0.025641024,0.14700194,0.0037692804,1,0,0,1,0
61814,-1,1,-0.6743891,0.33751476,0,1,unassigned,75.0,74.0,1.0,0.9866667,0.013333334,0.013333321,0.14119923,0.0018826565,1,0,0,0,0
61815,-1,0,-0.97202516,0.27447703,0,1,unassigned,2.0,2.0,0.0,1.0,0.0,0.0,0.0,0.0,0,0,0,0,0
61816,-1,1,3.2385497,0.96225953,1,1,unassigned,2.0,2.0,0.0,1.0,0.0,0.0,0.0,0.0,1,0,0,1,1
61817,-1,0,3.9805672,0.9816673,1,1,unassigned,3.0,3.0,0.0,1.0,0.0,0.0,0.001934236,0.0,0,0,0,1,1
61818,-1,1,3.4831622,0.9702049,1,1,unassigned,6.0,4.0,2.0,0.6666667,0.33333334,0.3333333,0.007736944,0.0025789815,1,0,0,1,1
61819,0,1,-0.5785869,0.35925782,0,0,unassigned,2.0,2.0,0.0,1.0,0.0,0.0,0.0,0.0,1,0,1,0,0
61820,-1,1,-0.39232007,0.4031589,0,1,unassigned,13.0,13.0,0.0,1.0,0.0,0.0,0.021276595,0.0,1,0,0,0,0
61821,-1,1,-0.29267716,0.42734858,0,1,unassigned,10.0,9.0,1.0,0.9,0.1,0.100000024,0.015473888,0.0015473888,1,0,0,0,0
61822,-1,0,7.8267064,0.9996012,1,1,unassigned,2.0,2.0,0.0,1.0,0.0,0.0,0.0,0.0,0,0,0,1,1
61823,1,0,2.563616,0.928483,1,0,val,5.0,3.0,2.0,0.6,0.4,0.39999998,0.0058027077,0.002321083,0,0,1,1,1
61824,-1,0,-0.9663396,0.27561072,0,1,unassigned,4.0,4.0,0.0,1.0,0.0,0.0,0.003868472,0.0,0,0,0,0,0
61825,-1,0,2.8036954,0.9428752,1,1,unassigned,3.0,3.0,0.0,1.0,0.0,0.0,0.001934236,0.0,0,0,0,1,1
61826,-1,0,-0.97273386,0.27433592,0,1,unassigned,2.0,2.0,0.0,1.0,0.0,0.0,0.0,0.0,0,0,0,0,0
61827,-1,0,-0.96659815,0.27555907,0,1,unassigned,3.0,3.0,0.0,1.0,0.0,0.0,0.001934236,0.0,0,0,0,0,0
61828,-1,0,2.785566,0.94189084,1,1,unassigned,2.0,2.0,0.0,1.0,0.0,0.0,0.0,0.0,0,0,0,1,1
61829,-1,0,0.9483896,0.72079116,1,1,unassigned,2.0,2.0,0.0,1.0,0.0,0.0,0.0,0.0,0,0,0,1,0
61830,-1,0,7.2714496,0.99930537,1,1,unassigned,2.0,2.0,0.0,1.0,0.0,0.0,0.0,0.0,0,0,0,1,1
61831,-1,1,-0.0030283928,0.49924287,0,1,unassigned,3.0,3.0,0.0,1.0,0.0,0.0,0.001934236,0.0,1,0,0,0,0
61832,-1,0,1.1491711,0.7593595,1,1,unassigned,22.0,22.0,0.0,1.0,0.0,0.0,0.03868472,0.0,0,0,0,1,0
61833,-1,0,0.76572746,0.6825959,1,1,unassigned,17.0,15.0,2.0,0.88235295,0.11764706,0.11764705,0.029013539,0.0034133575,0,0,0,1,0
61834,-1,0,5.109287,0.9939959,1,1,unassigned,3.0,3.0,0.0,1.0,0.0,0.0,0.001934236,0.0,0,0,0,1,1
61835,-1,0,1.2339873,0.7745157,1,1,unassigned,2.0,2.0,0.0,1.0,0.0,0.0,0.0,0.0,0,0,0,1,0
61836,-1,0,0.0008573532,0.50021434,1,1,unassigned,11.0,10.0,1.0,0.90909094,0.09090909,0.090909064,0.017408123,0.0015825568,0,0,0,1,0
61837,-1,1,-0.38472268,0.40498835,0,1,unassigned,52.0,51.0,1.0,0.9807692,0.01923077,0.019230783,0.0967118,0.0018598423,1,0,0,0,0
61838,-1,1,11.655307,0.9999913,1,1,unassigned,9.0,7.0,2.0,0.7777778,0.22222222,0.22222221,0.013539651,0.0030088115,1,0,0,1,1
61839,-1,0,0.2514555,0.56253475,1,1,unassigned,6.0,6.0,0.0,1.0,0.0,0.0,0.007736944,0.0,0,0,0,1,0
61840,-1,0,4.4534736,0.9884958,1,1,unassigned,12.0,12.0,0.0,1.0,0.0,0.0,0.01934236,0.0,0,0,0,1,1
61841,-1,1,4.288329,0.986458,1,1,unassigned,7.0,5.0,2.0,0.71428573,0.2857143,0.28571427,0.00967118,0.0027631943,1,0,0,1,1
61842,-1,0,2.2402956,0.90381014,1,1,unassigned,3.0,3.0,0.0,1.0,0.0,0.0,0.001934236,0.0,0,0,0,1,1
61843,-1,0,10.43966,0.9999708,1,1,unassigned,10.0,10.0,0.0,1.0,0.0,0.0,0.015473888,0.0,0,0,0,1,1
61844,-1,1,5.3147187,0.9951054,1,1,unassigned,6.0,5.0,1.0,0.8333333,0.16666667,0.16666669,0.007736944,0.0012894907,1,0,0,1,1
61845,-1,0,0.06773484,0.51692724,1,1,unassigned,2.0,2.0,0.0,1.0,0.0,0.0,0.0,0.0,0,0,0,1,0
61846,-1,1,6.0237126,0.9975852,1,1,unassigned,2.0,2.0,0.0,1.0,0.0,0.0,0.0,0.0,1,0,0,1,1
61847,-1,1,10.323981,0.9999672,1,1,unassigned,21.0,18.0,3.0,0.85714287,0.14285715,0.14285713,0.036750484,0.0052500693,1,0,0,1,1
61848,-1,0,0.7169915,0.6719442,1,1,unassigned,2.0,2.0,0.0,1.0,0.0,0.0,0.0,0.0,0,0,0,1,0
61849,1,0,-0.7742022,0.31557077,0,1,test,7.0,7.0,0.0,1.0,0.0,0.0,0.00967118,0.0,0,0,0,0,0
61850,-1,0,2.4915173,0.923545,1,1,unassigned,2.0,1.0,1.0,0.5,0.5,0.5,0.0,0.0,0,0,0,1,1
61851,-1,0,1.518542,0.8203237,1,1,unassigned,4.0,4.0,0.0,1.0,0.0,0.0,0.003868472,0.0,0,0,0,1,0
61852,-1,1,-0.8273406,0.30420768,0,1,unassigned,8.0,7.0,1.0,0.875,0.125,0.125,0.0116054155,0.0014506769,1,0,0,0,0
61853,-1,1,4.502058,0.9890354,1,1,unassigned,2.0,2.0,0.0,1.0,0.0,0.0,0.0,0.0,1,0,0,1,1
61854,-1,1,-0.37967402,0.40620553,0,1,unassigned,2.0,1.0,1.0,0.5,0.5,0.5,0.0,0.0,1,0,0,0,0
61855,-1,1,-0.45062032,0.3892133,0,1,unassigned,2.0,1.0,1.0,0.5,0.5,0.5,0.0,0.0,1,0,0,0,0
61856,-1,1,6.359262,0.9982723,1,1,unassigned,3.0,3.0,0.0,1.0,0.0,0.0,0.001934236,0.0,1,0,0,1,1
61857,-1,0,8.23962,0.99973613,1,1,unassigned,8.0,8.0,0.0,1.0,0.0,0.0,0.0116054155,0.0,0,0,0,1,1
61858,-1,0,-0.21751112,0.44583565,0,1,unassigned,17.0,17.0,0.0,1.0,0.0,0.0,0.029013539,0.0,0,0,0,0,0
61859,0,1,-0.09168017,0.477096,0,0,unassigned,17.0,11.0,6.0,0.64705884,0.3529412,0.35294116,0.029013539,0.010240072,1,0,1,0,0
61860,-1,1,0.8495341,0.70046943,1,1,unassigned,9.0,8.0,1.0,0.8888889,0.11111111,0.111111104,0.013539651,0.0015044058,1,0,0,1,0
61861,-1,0,0.5762202,0.6401972,1,1,unassigned,23.0,22.0,1.0,0.95652175,0.04347826,0.04347825,0.040618956,0.0017660416,0,0,0,1,0
61862,-1,1,0.71676236,0.67189366,1,1,unassigned,21.0,20.0,1.0,0.95238096,0.04761905,0.047619045,0.036750484,0.0017500231,1,0,0,1,0
61863,-1,0,7.439384,0.99941266,1,1,unassigned,2.0,2.0,0.0,1.0,0.0,0.0,0.0,0.0,0,0,0,1,1
61864,-1,0,0.5955053,0.64462733,1,1,unassigned,4.0,4.0,0.0,1.0,0.0,0.0,0.003868472,0.0,0,0,0,1,0
61865,-1,0,3.0221617,0.95356536,1,1,unassigned,21.0,19.0,2.0,0.9047619,0.0952381,0.09523809,0.036750484,0.0035000462,0,0,0,1,1
61866,1,0,1.9375393,0.87408155,1,0,unassigned,2.0,2.0,0.0,1.0,0.0,0.0,0.0,0.0,0,0,1,1,0
61867,-1,0,3.0308473,0.9539484,1,1,unassigned,6.0,6.0,0.0,1.0,0.0,0.0,0.007736944,0.0,0,0,0,1,1
61868,-1,1,3.6205347,0.9739295,1,1,unassigned,6.0,6.0,0.0,1.0,0.0,0.0,0.007736944,0.0,1,0,0,1,1
61869,-1,0,-0.45634112,0.3878542,0,1,unassigned,2.0,2.0,0.0,1.0,0.0,0.0,0.0,0.0,0,0,0,0,0
61870,-1,0,2.0960293,0.89051664,1,1,unassigned,2.0,1.0,1.0,0.5,0.5,0.5,0.0,0.0,0,0,0,1,0
61871,-1,1,-0.84412146,0.30066746,0,1,unassigned,47.0,47.0,0.0,1.0,0.0,0.0,0.08704062,0.0,1,0,0,0,0
61872,1,1,-0.40677387,0.39968592,0,1,val,3.0,3.0,0.0,1.0,0.0,0.0,0.001934236,0.0,1,0,0,0,0
61873,-1,1,-0.15816316,0.46054146,0,1,unassigned,17.0,17.0,0.0,1.0,0.0,0.0,0.029013539,0.0,1,0,0,0,0
61874,-1,1,-0.9012245,0.28879893,0,1,unassigned,53.0,52.0,1.0,0.9811321,0.018867925,0.01886791,0.09864604,0.0018612461,1,0,0,0,0
61875,1,1,-0.6637129,0.33990604,0,1,unassigned,35.0,35.0,0.0,1.0,0.0,0.0,0.06382979,0.0,1,0,0,0,0
61876,1,0,4.601457,0.99006253,1,0,unassigned,6.0,6.0,0.0,1.0,0.0,0.0,0.007736944,0.0,0,0,1,1,1
61877,0,1,-0.26821217,0.43334606,0,0,test,23.0,23.0,0.0,1.0,0.0,0.0,0.040618956,0.0,1,0,1,0,0
61878,-1,0,2.3856876,0.9157294,1,1,unassigned,23.0,19.0,4.0,0.82608694,0.17391305,0.17391306,0.040618956,0.0070641665,0,0,0,1,1
61879,-1,1,0.4834221,0.61855567,1,1,unassigned,41.0,37.0,4.0,0.902439,0.09756097,0.097561,0.07543521,0.007359532,1,0,0,1,0
61880,-1,1,-0.49228436,0.37935558,0,1,unassigned,51.0,50.0,1.0,0.98039216,0.019607844,0.019607842,0.09477756,0.0018583836,1,0,0,0,0
61881,0,1,-0.7239387,0.32652625,0,0,val,154.0,149.0,5.0,0.96753246,0.032467533,0.032467544,0.29400387,0.0095455805,1,0,1,0,0
61882,-1,0,1.6693594,0.8414904,1,1,unassigned,23.0,21.0,2.0,0.9130435,0.08695652,0.0869565,0.040618956,0.0035320832,0,0,0,1,0
61883,-1,1,-0.5310576,0.37027025,0,1,unassigned,30.0,30.0,0.0,1.0,0.0,0.0,0.054158606,0.0,1,0,0,0,0
61884,-1,1,-0.41655946,0.39734036,0,1,unassigned,36.0,35.0,1.0,0.9722222,0.027777778,0.027777791,0.065764025,0.0018267785,1,0,0,0,0
61885,-1,1,0.8853193,0.7079233,1,1,unassigned,36.0,36.0,0.0,1.0,0.0,0.0,0.065764025,0.0,1,0,0,1,0
61886,-1,1,-0.5502846,0.36579835,0,1,unassigned,48.0,48.0,0.0,1.0,0.0,0.0,0.088974856,0.0,1,0,0,0,0
61887,-1,1,4.7112684,0.9910868,1,1,unassigned,53.0,48.0,5.0,0.9056604,0.094339624,0.09433961,0.09864604,0.00930623,1,0,0,1,1
61888,-1,1,-0.59281564,0.3559891,0,1,unassigned,20.0,19.0,1.0,0.95,0.05,0.050000012,0.034816246,0.0017408123,1,0,0,0,0
61889,-1,1,-0.62566465,0.34849423,0,1,unassigned,56.0,55.0,1.0,0.98214287,0.017857144,0.017857134,0.10444874,0.0018651562,1,0,0,0,0
61890,-1,0,0.91585976,0.71419775,1,1,unassigned,11.0,10.0,1.0,0.90909094,0.09090909,0.090909064,0.017408123,0.0015825568,0,0,0,1,0
61891,-1,1,-0.4877315,0.38042814,0,1,unassigned,20.0,20.0,0.0,1.0,0.0,0.0,0.034816246,0.0,1,0,0,0,0
61892,-1,1,-0.17896268,0.45537838,0,1,unassigned,139.0,134.0,5.0,0.9640288,0.035971224,0.035971224,0.26499033,0.009532027,1,0,0,0,0
61893,-1,1,-0.41208655,0.3984119,0,1,unassigned,78.0,70.0,8.0,0.8974359,0.102564104,0.1025641,0.14700194,0.015077122,1,0,0,0,0
61894,-1,0,5.0874434,0.9938642,1,1,unassigned,2.0,2.0,0.0,1.0,0.0,0.0,0.0,0.0,0,0,0,1,1
61895,-1,1,3.7077472,0.9760548,1,1,unassigned,2.0,2.0,0.0,1.0,0.0,0.0,0.0,0.0,1,0,0,1,1
61896,-1,1,-0.7900038,0.31216785,0,1,unassigned,53.0,51.0,2.0,0.9622642,0.03773585,0.03773582,0.09864604,0.0037224921,1,0,0,0,0
61897,-1,1,0.094278395,0.5235521,1,1,unassigned,4.0,4.0,0.0,1.0,0.0,0.0,0.003868472,0.0,1,0,0,1,0
61898,-1,1,1.4644506,0.8122124,1,1,unassigned,22.0,21.0,1.0,0.95454544,0.045454547,0.04545456,0.03868472,0.0017583964,1,0,0,1,0
61899,-1,0,-0.14640975,0.4634628,0,1,unassigned,5.0,4.0,1.0,0.8,0.2,0.19999999,0.0058027077,0.0011605415,0,0,0,0,0
61900,-1,0,0.53663284,0.63102883,1,1,unassigned,10.0,10.0,0.0,1.0,0.0,0.0,0.015473888,0.0,0,0,0,1,0
61901,-1,0,8.791246,0.9998479,1,1,unassigned,5.0,5.0,0.0,1.0,0.0,0.0,0.0058027077,0.0,0,0,0,1,1
61902,-1,1,-0.01737547,0.49565622,0,1,unassigned,18.0,18.0,0.0,1.0,0.0,0.0,0.030947777,0.0,1,0,0,0,0
61903,-1,0,0.05126345,0.51281303,1,1,unassigned,7.0,7.0,0.0,1.0,0.0,0.0,0.00967118,0.0,0,0,0,1,0
61904,-1,1,-0.2556901,0.43642345,0,1,unassigned,36.0,36.0,0.0,1.0,0.0,0.0,0.065764025,0.0,1,0,0,0,0
61905,-1,1,-0.61296296,0.35138363,0,1,unassigned,35.0,35.0,0.0,1.0,0.0,0.0,0.06382979,0.0,1,0,0,0,0
61906,-1,1,-0.40050387,0.4011913,0,1,unassigned,49.0,47.0,2.0,0.9591837,0.040816326,0.040816307,0.09090909,0.0037105752,1,0,0,0,0
61907,-1,0,1.2823291,0.782846,1,1,unassigned,5.0,5.0,0.0,1.0,0.0,0.0,0.0058027077,0.0,0,0,0,1,0
61908,-1,1,-0.91439867,0.28610057,0,1,unassigned,32.0,31.0,1.0,0.96875,0.03125,0.03125,0.058027077,0.0018133462,1,0,0,0,0
61909,0,1,-0.7433939,0.3222624,0,0,unassigned,65.0,61.0,4.0,0.93846154,0.06153846,0.061538458,0.12185687,0.007498884,1,0,1,0,0
61910,1,1,0.92651445,0.7163676,1,0,test,8.0,8.0,0.0,1.0,0.0,0.0,0.0116054155,0.0,1,0,1,1,0
61911,-1,1,0.024663866,0.5061656,1,1,unassigned,9.0,9.0,0.0,1.0,0.0,0.0,0.013539651,0.0,1,0,0,1,0
61912,-1,0,8.99634,0.99987614,1,1,unassigned,2.0,2.0,0.0,1.0,0.0,0.0,0.0,0.0,0,0,0,1,1
61913,1,1,-0.39420277,0.40270597,0,1,train,70.0,67.0,3.0,0.95714283,0.042857144,0.04285717,0.13152805,0.0056369165,1,0,0,0,0
61914,-1,0,-0.85642815,0.29808614,0,1,unassigned,19.0,19.0,0.0,1.0,0.0,0.0,0.032882012,0.0,0,0,0,0,0
61915,-1,1,-0.06477672,0.4838115,0,1,unassigned,26.0,26.0,0.0,1.0,0.0,0.0,0.046421662,0.0,1,0,0,0,0
61916,-1,1,-0.6196252,0.3498667,0,1,unassigned,3.0,3.0,0.0,1.0,0.0,0.0,0.001934236,0.0,1,0,0,0,0
61917,-1,1,-0.81442344,0.3069487,0,1,unassigned,23.0,22.0,1.0,0.95652175,0.04347826,0.04347825,0.040618956,0.0017660416,1,0,0,0,0
61918,-1,1,0.14793545,0.53691655,1,1,unassigned,36.0,36.0,0.0,1.0,0.0,0.0,0.065764025,0.0,1,0,0,1,0
61919,0,0,-0.825935,0.30450526,0,0,unassigned,3.0,3.0,0.0,1.0,0.0,0.0,0.001934236,0.0,0,0,1,0,0
61920,-1,0,3.8101141,0.9783342,1,1,unassigned,3.0,3.0,0.0,1.0,0.0,0.0,0.001934236,0.0,0,0,0,1,1
61921,-1,1,-0.5146078,0.37411398,0,1,unassigned,26.0,26.0,0.0,1.0,0.0,0.0,0.046421662,0.0,1,0,0,0,0
61922,-1,1,6.305246,0.9981767,1,1,unassigned,19.0,19.0,0.0,1.0,0.0,0.0,0.032882012,0.0,1,0,0,1,1
61923,-1,0,5.3659825,0.9953489,1,1,unassigned,4.0,4.0,0.0,1.0,0.0,0.0,0.003868472,0.0,0,0,0,1,1
61924,-1,1,-0.2576889,0.4359319,0,1,unassigned,30.0,30.0,0.0,1.0,0.0,0.0,0.054158606,0.0,1,0,0,0,0
61925,0,1,-0.64536685,0.34403437,0,0,val,70.0,70.0,0.0,1.0,0.0,0.0,0.13152805,0.0,1,0,1,0,0
61926,-1,1,-0.70934874,0.32974276,0,1,unassigned,90.0,87.0,3.0,0.96666664,0.033333335,0.03333336,0.17021276,0.005673759,1,0,0,0,0
61927,-1,1,-0.58357626,0.35811013,0,1,unassigned,54.0,50.0,4.0,0.9259259,0.074074075,0.07407409,0.10058027,0.00745039,1,0,0,0,0
61928,-1,1,-0.7127849,0.32898378,0,1,unassigned,138.0,127.0,11.0,0.9202899,0.07971015,0.079710126,0.2630561,0.020968242,1,0,0,0,0
61929,0,1,0.590388,0.6434542,1,1,unassigned,3.0,3.0,0.0,1.0,0.0,0.0,0.001934236,0.0,1,0,0,1,0
61930,-1,1,-0.88969964,0.29117182,0,1,unassigned,81.0,77.0,4.0,0.9506173,0.049382716,0.049382687,0.15280464,0.0075459084,1,0,0,0,0
61931,-1,0,-0.1317474,0.46711072,0,1,unassigned,25.0,24.0,1.0,0.96,0.04,0.04000002,0.044487428,0.001779497,0,0,0,0,0
61932,0,1,-0.64155376,0.3448954,0,0,val,98.0,96.0,2.0,0.97959185,0.020408163,0.020408154,0.18568665,0.0037895234,1,0,1,0,0
61933,-1,0,2.1825693,0.89867324,1,1,unassigned,2.0,2.0,0.0,1.0,0.0,0.0,0.0,0.0,0,0,0,1,0
61934,-1,1,-0.40723523,0.39957526,0,1,unassigned,11.0,11.0,0.0,1.0,0.0,0.0,0.017408123,0.0,1,0,0,0,0
61935,-1,0,5.5403857,0.99609035,1,1,unassigned,3.0,3.0,0.0,1.0,0.0,0.0,0.001934236,0.0,0,0,0,1,1
61936,-1,0,5.513904,0.9959858,1,1,unassigned,3.0,3.0,0.0,1.0,0.0,0.0,0.001934236,0.0,0,0,0,1,1
61937,-1,1,2.2318628,0.90307456,1,1,unassigned,2.0,2.0,0.0,1.0,0.0,0.0,0.0,0.0,1,0,0,1,1
61938,-1,0,3.3491838,0.9660781,1,1,unassigned,3.0,2.0,1.0,0.6666667,0.33333334,0.3333333,0.001934236,0.00064474536,0,0,0,1,1
61939,-1,1,2.8023975,0.9428053,1,1,unassigned,43.0,38.0,5.0,0.88372093,0.11627907,0.116279066,0.079303674,0.009221357,1,0,0,1,1
61940,-1,0,1.1568782,0.760765,1,1,unassigned,4.0,4.0,0.0,1.0,0.0,0.0,0.003868472,0.0,0,0,0,1,0
61941,-1,0,-0.93851656,0.28120008,0,1,unassigned,3.0,2.0,1.0,0.6666667,0.33333334,0.3333333,0.001934236,0.00064474536,0,0,0,0,0
61942,1,1,3.5035489,0.97078854,1,0,unassigned,12.0,12.0,0.0,1.0,0.0,0.0,0.01934236,0.0,1,0,1,1,1
61943,0,0,-0.74723697,0.32142365,0,0,test,5.0,2.0,3.0,0.4,0.6,0.6,0.0058027077,0.0034816249,0,0,1,0,0
61944,-1,0,3.6078627,0.9736058,1,1,unassigned,4.0,3.0,1.0,0.75,0.25,0.25,0.003868472,0.000967118,0,0,0,1,1
61945,-1,1,0.35117733,0.5869031,1,1,unassigned,16.0,16.0,0.0,1.0,0.0,0.0,0.027079303,0.0,1,0,0,1,0
61946,-1,0,3.8864129,0.9798938,1,1,unassigned,12.0,4.0,8.0,0.33333334,0.6666667,0.6666666,0.01934236,0.012894906,0,0,0,1,1
61947,-1,1,1.0714548,0.74487346,1,1,unassigned,7.0,7.0,0.0,1.0,0.0,0.0,0.00967118,0.0,1,0,0,1,0
61948,-1,1,-0.28332108,0.42963976,0,1,unassigned,2.0,1.0,1.0,0.5,0.5,0.5,0.0,0.0,1,0,0,0,0
61949,-1,0,5.224367,0.9946451,1,1,unassigned,12.0,9.0,3.0,0.75,0.25,0.25,0.01934236,0.00483559,0,0,0,1,1
61950,-1,1,-0.16797733,0.45810413,0,1,unassigned,3.0,3.0,0.0,1.0,0.0,0.0,0.001934236,0.0,1,0,0,0,0
61951,-1,0,2.351559,0.9130581,1,1,unassigned,2.0,2.0,0.0,1.0,0.0,0.0,0.0,0.0,0,0,0,1,1
61952,-1,1,2.8539693,0.9455235,1,1,unassigned,4.0,4.0,0.0,1.0,0.0,0.0,0.003868472,0.0,1,0,0,1,1
61953,-1,0,0.70118433,0.6684503,1,1,unassigned,4.0,4.0,0.0,1.0,0.0,0.0,0.003868472,0.0,0,0,0,1,0
61954,-1,1,-0.091068625,0.47724858,0,1,unassigned,23.0,23.0,0.0,1.0,0.0,0.0,0.040618956,0.0,1,0,0,0,0
61955,-1,0,-0.81657964,0.3064902,0,1,unassigned,2.0,2.0,0.0,1.0,0.0,0.0,0.0,0.0,0,0,0,0,0
61956,-1,1,-0.88071924,0.29302874,0,1,unassigned,52.0,52.0,0.0,1.0,0.0,0.0,0.0967118,0.0,1,0,0,0,0
61957,0,0,-0.46632564,0.38548627,0,0,test,26.0,26.0,0.0,1.0,0.0,0.0,0.046421662,0.0,0,0,1,0,0
61958,-1,0,-0.42750886,0.39472133,0,1,unassigned,20.0,20.0,0.0,1.0,0.0,0.0,0.034816246,0.0,0,0,0,0,0
61959,-1,0,-0.3038395,0.42461917,0,1,unassigned,21.0,21.0,0.0,1.0,0.0,0.0,0.036750484,0.0,0,0,0,0,0
61960,-1,0,1.675185,0.8422659,1,1,unassigned,2.0,2.0,0.0,1.0,0.0,0.0,0.0,0.0,0,0,0,1,0
61961,-1,0,-0.38829446,0.40412793,0,1,unassigned,3.0,3.0,0.0,1.0,0.0,0.0,0.001934236,0.0,0,0,0,0,0
61962,-1,0,-0.8581864,0.29771838,0,1,unassigned,26.0,26.0,0.0,1.0,0.0,0.0,0.046421662,0.0,0,0,0,0,0
61963,-1,1,-0.1506019,0.46242052,0,1,unassigned,21.0,21.0,0.0,1.0,0.0,0.0,0.036750484,0.0,1,0,0,0,0
61964,-1,1,-0.5435759,0.36735612,0,1,unassigned,77.0,77.0,0.0,1.0,0.0,0.0,0.14506769,0.0,1,0,0,0,0
61965,-1,1,-0.5743227,0.36023998,0,1,unassigned,145.0,143.0,2.0,0.9862069,0.013793103,0.013793111,0.27659574,0.0038151136,1,0,0,0,0
61966,-1,1,-0.7978474,0.31048617,0,1,unassigned,57.0,57.0,0.0,1.0,0.0,0.0,0.10638298,0.0,1,0,0,0,0
61967,-1,1,-0.643612,0.3444305,0,1,unassigned,47.0,45.0,2.0,0.9574468,0.04255319,0.042553186,0.08704062,0.003703856,1,0,0,0,0
61968,0,1,-0.6461987,0.34384668,0,0,unassigned,38.0,37.0,1.0,0.9736842,0.02631579,0.026315808,0.06963249,0.0018324341,1,0,1,0,0
61969,-1,1,-0.7990088,0.3102376,0,1,unassigned,38.0,36.0,2.0,0.94736844,0.05263158,0.052631557,0.06963249,0.0036648682,1,0,0,0,0
61970,-1,1,-0.53706795,0.36886993,0,1,unassigned,83.0,83.0,0.0,1.0,0.0,0.0,0.15667312,0.0,1,0,0,0,0
61971,-1,1,-0.5403925,0.3680963,0,1,unassigned,71.0,69.0,2.0,0.97183096,0.028169014,0.028169036,0.13346228,0.0037595008,1,0,0,0,0
61972,-1,1,-0.8595961,0.29742372,0,1,unassigned,75.0,74.0,1.0,0.9866667,0.013333334,0.013333321,0.14119923,0.0018826565,1,0,0,0,0
61973,-1,0,0.09425527,0.5235464,1,1,unassigned,41.0,39.0,2.0,0.9512195,0.048780486,0.0487805,0.07543521,0.003679766,0,0,0,1,0
61974,0,1,-0.70727944,0.33020028,0,0,unassigned,66.0,65.0,1.0,0.9848485,0.015151516,0.015151501,0.123791106,0.0018756229,1,0,1,0,0
61975,-1,1,-0.38872552,0.40402415,0,1,unassigned,11.0,11.0,0.0,1.0,0.0,0.0,0.017408123,0.0,1,0,0,0,0
61976,-1,0,3.7875502,0.9778506,1,1,unassigned,2.0,2.0,0.0,1.0,0.0,0.0,0.0,0.0,0,0,0,1,1
61977,-1,0,1.9664383,0.877228,1,1,unassigned,2.0,2.0,0.0,1.0,0.0,0.0,0.0,0.0,0,0,0,1,0
61978,-1,1,-0.8409582,0.301333,0,1,unassigned,2.0,2.0,0.0,1.0,0.0,0.0,0.0,0.0,1,0,0,0,0
61979,-1,1,-0.88606834,0.29192185,0,1,unassigned,9.0,9.0,0.0,1.0,0.0,0.0,0.013539651,0.0,1,0,0,0,0
61980,-1,1,0.21183014,0.5527604,1,1,unassigned,2.0,2.0,0.0,1.0,0.0,0.0,0.0,0.0,1,0,0,1,0
61981,-1,1,-0.073928356,0.4815263,0,1,unassigned,28.0,27.0,1.0,0.96428573,0.035714287,0.03571427,0.050290134,0.0017960763,1,0,0,0,0
61982,-1,0,-0.43532452,0.3928556,0,1,unassigned,20.0,20.0,0.0,1.0,0.0,0.0,0.034816246,0.0,0,0,0,0,0
61983,-1,0,-0.13315111,0.4667613,0,1,unassigned,5.0,5.0,0.0,1.0,0.0,0.0,0.0058027077,0.0,0,0,0,0,0
61984,1,0,7.930653,0.9996406,1,0,unassigned,2.0,2.0,0.0,1.0,0.0,0.0,0.0,0.0,0,0,1,1,1
61985,-1,0,4.106878,0.9838074,1,1,unassigned,3.0,3.0,0.0,1.0,0.0,0.0,0.001934236,0.0,0,0,0,1,1
61986,-1,1,6.1157956,0.99779713,1,1,unassigned,3.0,3.0,0.0,1.0,0.0,0.0,0.001934236,0.0,1,0,0,1,1
61987,-1,0,-0.83770716,0.3020179,0,1,unassigned,4.0,4.0,0.0,1.0,0.0,0.0,0.003868472,0.0,0,0,0,0,0
61988,-1,0,0.5247877,0.6282666,1,1,unassigned,6.0,6.0,0.0,1.0,0.0,0.0,0.007736944,0.0,0,0,0,1,0
61989,-1,1,3.1590226,0.9592628,1,1,unassigned,2.0,2.0,0.0,1.0,0.0,0.0,0.0,0.0,1,0,0,1,1
61990,-1,0,0.272079,0.56760323,1,1,unassigned,2.0,1.0,1.0,0.5,0.5,0.5,0.0,0.0,0,0,0,1,0
61991,-1,1,2.6437047,0.93362194,1,1,unassigned,4.0,3.0,1.0,0.75,0.25,0.25,0.003868472,0.000967118,1,0,0,1,1
61992,-1,1,-0.87360203,0.29450536,0,1,unassigned,40.0,38.0,2.0,0.95,0.05,0.050000012,0.07350097,0.0036750485,1,0,0,0,0
61993,-1,1,-0.45776758,0.38751554,0,1,unassigned,30.0,30.0,0.0,1.0,0.0,0.0,0.054158606,0.0,1,0,0,0,0
61994,1,1,-0.84074014,0.3013789,0,1,val,2.0,2.0,0.0,1.0,0.0,0.0,0.0,0.0,1,0,0,0,0
61995,-1,1,-0.27470303,0.4317529,0,1,unassigned,17.0,17.0,0.0,1.0,0.0,0.0,0.029013539,0.0,1,0,0,0,0
61996,1,1,10.350254,0.99996805,1,0,unassigned,2.0,1.0,1.0,0.5,0.5,0.5,0.0,0.0,1,0,1,1,1
61997,-1,0,10.56049,0.99997413,1,1,unassigned,3.0,3.0,0.0,1.0,0.0,0.0,0.001934236,0.0,0,0,0,1,1
61998,1,0,0.51963073,0.6270614,1,0,unassigned,13.0,13.0,0.0,1.0,0.0,0.0,0.021276595,0.0,0,0,1,1,0
61999,-1,1,10.630602,0.9999758,1,1,unassigned,3.0,2.0,1.0,0.6666667,0.33333334,0.3333333,0.001934236,0.00064474536,1,0,0,1,1
62000,-1,1,-0.623818,0.3489136,0,1,unassigned,4.0,4.0,0.0,1.0,0.0,0.0,0.003868472,0.0,1,0,0,0,0
62001,-1,1,-0.3485741,0.41372824,0,1,unassigned,5.0,5.0,0.0,1.0,0.0,0.0,0.0058027077,0.0,1,0,0,0,0
62002,-1,1,-0.28515,0.42919165,0,1,unassigned,15.0,15.0,0.0,1.0,0.0,0.0,0.025145067,0.0,1,0,0,0,0
62003,-1,1,-0.73249197,0.3246481,0,1,unassigned,25.0,25.0,0.0,1.0,0.0,0.0,0.044487428,0.0,1,0,0,0,0
62004,-1,1,0.14138591,0.5352877,1,1,unassigned,33.0,31.0,2.0,0.93939394,0.060606062,0.060606062,0.059961315,0.0036340193,1,0,0,1,0
62005,-1,1,1.6798961,0.84289074,1,1,unassigned,103.0,103.0,0.0,1.0,0.0,0.0,0.19535783,0.0,1,0,0,1,0
62006,-1,1,-0.117332846,0.4707004,0,1,unassigned,23.0,22.0,1.0,0.95652175,0.04347826,0.04347825,0.040618956,0.0017660416,1,0,0,0,0
62007,-1,1,-0.059025705,0.48524788,0,1,unassigned,6.0,6.0,0.0,1.0,0.0,0.0,0.007736944,0.0,1,0,0,0,0
62008,-1,1,1.8962436,0.8694658,1,1,unassigned,4.0,3.0,1.0,0.75,0.25,0.25,0.003868472,0.000967118,1,0,0,1,0
62009,-1,1,-0.77348447,0.3157258,0,1,unassigned,45.0,43.0,2.0,0.95555556,0.044444446,0.04444444,0.08317215,0.0036965401,1,0,0,0,0
62010,-1,0,0.74127096,0.6772737,1,1,unassigned,8.0,8.0,0.0,1.0,0.0,0.0,0.0116054155,0.0,0,0,0,1,0
62011,-1,1,-0.011571109,0.4971073,0,1,unassigned,46.0,46.0,0.0,1.0,0.0,0.0,0.08510638,0.0,1,0,0,0,0
62012,1,1,-0.5599964,0.3635483,0,1,val,118.0,111.0,7.0,0.94067794,0.059322033,0.05932206,0.22437137,0.013310166,1,0,0,0,0
62013,-1,1,-0.88945377,0.29122254,0,1,unassigned,43.0,43.0,0.0,1.0,0.0,0.0,0.079303674,0.0,1,0,0,0,0
62014,-1,1,-0.91064394,0.2868681,0,1,unassigned,48.0,48.0,0.0,1.0,0.0,0.0,0.088974856,0.0,1,0,0,0,0
62015,0,1,-0.5577852,0.36406007,0,0,test,29.0,28.0,1.0,0.9655172,0.03448276,0.034482777,0.05222437,0.0018008404,1,0,1,0,0
62016,-1,1,0.8672045,0.7041637,1,1,unassigned,25.0,24.0,1.0,0.96,0.04,0.04000002,0.044487428,0.001779497,1,0,0,1,0
62017,-1,1,-0.88369876,0.2924119,0,1,unassigned,25.0,24.0,1.0,0.96,0.04,0.04000002,0.044487428,0.001779497,1,0,0,0,0
62018,0,1,-0.7114437,0.32927993,0,0,val,37.0,36.0,1.0,0.972973,0.027027028,0.02702701,0.06769826,0.0018296828,1,0,1,0,0
62019,-1,1,-0.63374054,0.34666288,0,1,unassigned,21.0,18.0,3.0,0.85714287,0.14285715,0.14285713,0.036750484,0.0052500693,1,0,0,0,0
62020,-1,1,-0.81629884,0.30654988,0,1,unassigned,25.0,25.0,0.0,1.0,0.0,0.0,0.044487428,0.0,1,0,0,0,0
62021,-1,1,-0.5586637,0.36385667,0,1,unassigned,19.0,18.0,1.0,0.94736844,0.05263158,0.052631557,0.032882012,0.0017306323,1,0,0,0,0
62022,-1,1,5.8791666,0.9972107,1,1,unassigned,5.0,3.0,2.0,0.6,0.4,0.39999998,0.0058027077,0.002321083,1,0,0,1,1
62023,-1,1,-0.70817107,0.33000308,0,1,unassigned,119.0,118.0,1.0,0.99159664,0.008403362,0.008403361,0.2263056,0.0019017279,1,0,0,0,0
62024,1,0,2.50626,0.9245795,1,0,train,6.0,5.0,1.0,0.8333333,0.16666667,0.16666669,0.007736944,0.0012894907,0,0,1,1,1
62025,-1,0,6.620542,0.998669,1,1,unassigned,7.0,7.0,0.0,1.0,0.0,0.0,0.00967118,0.0,0,0,0,1,1
62026,-1,1,2.9684775,0.95112956,1,1,unassigned,2.0,1.0,1.0,0.5,0.5,0.5,0.0,0.0,1,0,0,1,1
62027,-1,0,-0.9389876,0.28110486,0,1,unassigned,22.0,21.0,1.0,0.95454544,0.045454547,0.04545456,0.03868472,0.0017583964,0,0,0,0,0
62028,1,1,-0.7160132,0.3282715,0,1,train,3.0,2.0,1.0,0.6666667,0.33333334,0.3333333,0.001934236,0.00064474536,1,0,0,0,0
62029,-1,1,0.21459001,0.5534426,1,1,unassigned,11.0,10.0,1.0,0.90909094,0.09090909,0.090909064,0.017408123,0.0015825568,1,0,0,1,0
62030,-1,0,0.34511453,0.5854324,1,1,unassigned,5.0,4.0,1.0,0.8,0.2,0.19999999,0.0058027077,0.0011605415,0,0,0,1,0
62031,1,1,0.44817263,0.61020464,1,0,unassigned,28.0,28.0,0.0,1.0,0.0,0.0,0.050290134,0.0,1,0,1,1,0
62032,-1,1,-0.43627363,0.3926292,0,1,unassigned,45.0,41.0,4.0,0.9111111,0.08888889,0.08888888,0.08317215,0.0073930803,1,0,0,0,0
62033,-1,0,-0.6227034,0.34916687,0,1,unassigned,7.0,5.0,2.0,0.71428573,0.2857143,0.28571427,0.00967118,0.0027631943,0,0,0,0,0
62034,-1,1,2.45465,0.9209008,1,1,unassigned,11.0,11.0,0.0,1.0,0.0,0.0,0.017408123,0.0,1,0,0,1,1
62035,-1,1,-0.8762214,0.2939614,0,1,unassigned,9.0,6.0,3.0,0.6666667,0.33333334,0.3333333,0.013539651,0.004513217,1,0,0,0,0
62036,-1,0,2.0452063,0.88546234,1,1,unassigned,8.0,3.0,5.0,0.375,0.625,0.625,0.0116054155,0.0072533847,0,0,0,1,0
62037,-1,1,3.1590226,0.9592628,1,1,unassigned,2.0,2.0,0.0,1.0,0.0,0.0,0.0,0.0,1,0,0,1,1
62038,-1,1,0.26682025,0.56631213,1,1,unassigned,28.0,28.0,0.0,1.0,0.0,0.0,0.050290134,0.0,1,0,0,1,0
62039,-1,1,1.9776418,0.8784296,1,1,unassigned,9.0,5.0,4.0,0.5555556,0.44444445,0.44444442,0.013539651,0.006017623,1,0,0,1,0
62040,-1,1,3.568642,0.97257906,1,1,unassigned,21.0,21.0,0.0,1.0,0.0,0.0,0.036750484,0.0,1,0,0,1,1
62041,-1,1,-0.23792991,0.44079652,0,1,unassigned,2.0,2.0,0.0,1.0,0.0,0.0,0.0,0.0,1,0,0,0,0
62042,-1,0,0.35098082,0.58685535,1,1,unassigned,6.0,5.0,1.0,0.8333333,0.16666667,0.16666669,0.007736944,0.0012894907,0,0,0,1,0
62043,-1,1,2.7533267,0.9401009,1,1,unassigned,3.0,2.0,1.0,0.6666667,0.33333334,0.3333333,0.001934236,0.00064474536,1,0,0,1,1
62044,-1,0,2.056165,0.886569,1,1,unassigned,2.0,2.0,0.0,1.0,0.0,0.0,0.0,0.0,0,0,0,1,0
62045,-1,0,-0.3633346,0.41015258,0,1,unassigned,6.0,6.0,0.0,1.0,0.0,0.0,0.007736944,0.0,0,0,0,0,0
62046,-1,0,0.19103926,0.5476151,1,1,unassigned,24.0,23.0,1.0,0.9583333,0.041666668,0.041666687,0.04255319,0.0017730496,0,0,0,1,0
62047,-1,1,-0.35068625,0.41321605,0,1,unassigned,26.0,26.0,0.0,1.0,0.0,0.0,0.046421662,0.0,1,0,0,0,0
62048,1,1,-0.27044904,0.43279687,0,1,test,10.0,10.0,0.0,1.0,0.0,0.0,0.015473888,0.0,1,0,0,0,0
62049,-1,1,5.9398828,0.99737453,1,1,unassigned,23.0,8.0,15.0,0.3478261,0.65217394,0.6521739,0.040618956,0.026490625,1,0,0,1,1
62050,-1,0,3.2557619,0.9628796,1,1,unassigned,2.0,2.0,0.0,1.0,0.0,0.0,0.0,0.0,0,0,0,1,1
62051,-1,1,0.8710256,0.70495903,1,1,unassigned,8.0,8.0,0.0,1.0,0.0,0.0,0.0116054155,0.0,1,0,0,1,0
62052,-1,1,-0.6004578,0.35423896,0,1,unassigned,20.0,17.0,3.0,0.85,0.15,0.14999998,0.034816246,0.005222437,1,0,0,0,0
62053,1,0,-0.8475988,0.2999368,0,1,val,2.0,2.0,0.0,1.0,0.0,0.0,0.0,0.0,0,0,0,0,0
62054,-1,1,-0.0831925,0.47921386,0,1,unassigned,2.0,2.0,0.0,1.0,0.0,0.0,0.0,0.0,1,0,0,0,0
62055,-1,1,4.9031515,0.99263155,1,1,unassigned,4.0,4.0,0.0,1.0,0.0,0.0,0.003868472,0.0,1,0,0,1,1
62056,-1,0,0.8667955,0.7040785,1,1,unassigned,4.0,3.0,1.0,0.75,0.25,0.25,0.003868472,0.000967118,0,0,0,1,0
62057,-1,0,-0.92202467,0.2845455,0,1,unassigned,2.0,2.0,0.0,1.0,0.0,0.0,0.0,0.0,0,0,0,0,0
62058,-1,1,0.5708334,0.6389555,1,1,unassigned,2.0,2.0,0.0,1.0,0.0,0.0,0.0,0.0,1,0,0,1,0
62059,-1,0,3.3700087,0.96675396,1,1,unassigned,3.0,3.0,0.0,1.0,0.0,0.0,0.001934236,0.0,0,0,0,1,1
62060,-1,0,-0.2904271,0.4278993,0,1,unassigned,5.0,5.0,0.0,1.0,0.0,0.0,0.0058027077,0.0,0,0,0,0,0
62061,-1,0,8.025246,0.999673,1,1,unassigned,4.0,4.0,0.0,1.0,0.0,0.0,0.003868472,0.0,0,0,0,1,1
62062,-1,1,2.304074,0.90921384,1,1,unassigned,2.0,1.0,1.0,0.5,0.5,0.5,0.0,0.0,1,0,0,1,1
62063,-1,0,0.14536124,0.53627646,1,1,unassigned,4.0,3.0,1.0,0.75,0.25,0.25,0.003868472,0.000967118,0,0,0,1,0
62064,-1,0,-0.93034995,0.28285372,0,1,unassigned,28.0,24.0,4.0,0.85714287,0.14285715,0.14285713,0.050290134,0.007184305,0,0,0,0,0
62065,-1,1,-0.2511029,0.43755206,0,1,unassigned,17.0,17.0,0.0,1.0,0.0,0.0,0.029013539,0.0,1,0,0,0,0
62066,-1,1,-0.48356456,0.38141078,0,1,unassigned,10.0,10.0,0.0,1.0,0.0,0.0,0.015473888,0.0,1,0,0,0,0
62067,-1,1,-0.47498834,0.38343623,0,1,unassigned,30.0,30.0,0.0,1.0,0.0,0.0,0.054158606,0.0,1,0,0,0,0
62068,-1,1,4.672951,0.9907418,1,1,unassigned,10.0,10.0,0.0,1.0,0.0,0.0,0.015473888,0.0,1,0,0,1,1
62069,-1,1,-0.5420099,0.36772016,0,1,unassigned,79.0,79.0,0.0,1.0,0.0,0.0,0.14893617,0.0,1,0,0,0,0
62070,-1,1,0.03693992,0.50923395,1,1,unassigned,23.0,23.0,0.0,1.0,0.0,0.0,0.040618956,0.0,1,0,0,1,0
62071,-1,1,1.3578725,0.79541373,1,1,unassigned,24.0,24.0,0.0,1.0,0.0,0.0,0.04255319,0.0,1,0,0,1,0
62072,-1,0,0.38200492,0.59435654,1,1,unassigned,2.0,2.0,0.0,1.0,0.0,0.0,0.0,0.0,0,0,0,1,0
62073,-1,0,5.510934,0.9959739,1,1,unassigned,2.0,1.0,1.0,0.5,0.5,0.5,0.0,0.0,0,0,0,1,1
62074,-1,0,1.3385377,0.7922494,1,1,unassigned,2.0,1.0,1.0,0.5,0.5,0.5,0.0,0.0,0,0,0,1,0
62075,-1,1,-0.9298928,0.28294647,0,1,unassigned,30.0,30.0,0.0,1.0,0.0,0.0,0.054158606,0.0,1,0,0,0,0
62076,-1,1,-0.76170015,0.31827724,0,1,unassigned,62.0,62.0,0.0,1.0,0.0,0.0,0.116054155,0.0,1,0,0,0,0
62077,-1,0,2.1156614,0.8924161,1,1,unassigned,3.0,2.0,1.0,0.6666667,0.33333334,0.3333333,0.001934236,0.00064474536,0,0,0,1,0
62078,0,0,-0.11710328,0.47075757,0,0,unassigned,42.0,40.0,2.0,0.95238096,0.04761905,0.047619045,0.07736944,0.003684259,0,0,1,0,0
62079,-1,1,-0.37356466,0.40767998,0,1,unassigned,3.0,3.0,0.0,1.0,0.0,0.0,0.001934236,0.0,1,0,0,0,0
62080,-1,0,2.510268,0.9248585,1,1,unassigned,3.0,2.0,1.0,0.6666667,0.33333334,0.3333333,0.001934236,0.00064474536,0,0,0,1,1
62081,-1,1,-0.16583043,0.45863712,0,1,unassigned,2.0,2.0,0.0,1.0,0.0,0.0,0.0,0.0,1,0,0,0,0
62082,-1,0,4.836597,0.9921285,1,1,unassigned,3.0,2.0,1.0,0.6666667,0.33333334,0.3333333,0.001934236,0.00064474536,0,0,0,1,1
62083,-1,0,-0.55501527,0.3647016,0,1,unassigned,8.0,8.0,0.0,1.0,0.0,0.0,0.0116054155,0.0,0,0,0,0,0
62084,0,0,0.17091471,0.542625,1,1,unassigned,13.0,13.0,0.0,1.0,0.0,0.0,0.021276595,0.0,0,0,0,1,0
62085,-1,0,-0.44486874,0.39058143,0,1,unassigned,4.0,4.0,0.0,1.0,0.0,0.0,0.003868472,0.0,0,0,0,0,0
62086,-1,1,2.8961291,0.9476548,1,1,unassigned,2.0,2.0,0.0,1.0,0.0,0.0,0.0,0.0,1,0,0,1,1
62087,-1,0,-0.29857707,0.42590535,0,1,unassigned,46.0,46.0,0.0,1.0,0.0,0.0,0.08510638,0.0,0,0,0,0,0
62088,-1,1,-0.6481828,0.34339914,0,1,unassigned,20.0,20.0,0.0,1.0,0.0,0.0,0.034816246,0.0,1,0,0,0,0
62089,-1,0,0.7682608,0.68314457,1,1,unassigned,2.0,2.0,0.0,1.0,0.0,0.0,0.0,0.0,0,0,0,1,0
62090,-1,0,-0.7223261,0.32688096,0,1,unassigned,11.0,11.0,0.0,1.0,0.0,0.0,0.017408123,0.0,0,0,0,0,0
62091,-1,0,-0.9012065,0.28880262,0,1,unassigned,13.0,12.0,1.0,0.9230769,0.07692308,0.07692307,0.021276595,0.0016366612,0,0,0,0,0
62092,-1,1,0.9867471,0.72844493,1,1,unassigned,33.0,32.0,1.0,0.969697,0.030303031,0.030303001,0.059961315,0.0018170096,1,0,0,1,0
62093,-1,1,-0.73965,0.3230807,0,1,unassigned,38.0,36.0,2.0,0.94736844,0.05263158,0.052631557,0.06963249,0.0036648682,1,0,0,0,0
62094,-1,1,-0.20995563,0.44770306,0,1,unassigned,44.0,42.0,2.0,0.95454544,0.045454547,0.04545456,0.08123791,0.0036926325,1,0,0,0,0
62095,-1,1,-0.049202263,0.48770195,0,1,unassigned,18.0,18.0,0.0,1.0,0.0,0.0,0.030947777,0.0,1,0,0,0,0
62096,0,0,-0.3835493,0.4052711,0,0,test,17.0,17.0,0.0,1.0,0.0,0.0,0.029013539,0.0,0,0,1,0,0
62097,0,1,-0.50669193,0.37596932,0,0,test,54.0,51.0,3.0,0.9444444,0.055555556,0.055555582,0.10058027,0.0055877925,1,0,1,0,0
62098,-1,0,0.40902966,0.60085523,1,1,unassigned,2.0,2.0,0.0,1.0,0.0,0.0,0.0,0.0,0,0,0,1,0
62099,-1,1,-0.31704545,0.42139596,0,1,unassigned,32.0,32.0,0.0,1.0,0.0,0.0,0.058027077,0.0,1,0,0,0,0
62100,-1,0,0.82276684,0.6948234,1,1,unassigned,7.0,7.0,0.0,1.0,0.0,0.0,0.00967118,0.0,0,0,0,1,0
62101,0,1,-0.51959276,0.37294745,0,0,unassigned,130.0,129.0,1.0,0.99230766,0.0076923077,0.007692337,0.24758221,0.0019044785,1,0,1,0,0
62102,1,0,2.690612,0.93647045,1,0,test,3.0,2.0,1.0,0.6666667,0.33333334,0.3333333,0.001934236,0.00064474536,0,0,1,1,1
62103,-1,0,-0.62267005,0.34917444,0,1,unassigned,12.0,12.0,0.0,1.0,0.0,0.0,0.01934236,0.0,0,0,0,0,0
62104,-1,0,5.929022,0.9973459,1,1,unassigned,3.0,2.0,1.0,0.6666667,0.33333334,0.3333333,0.001934236,0.00064474536,0,0,0,1,1
62105,-1,1,3.876713,0.97970176,1,1,unassigned,20.0,20.0,0.0,1.0,0.0,0.0,0.034816246,0.0,1,0,0,1,1
62106,-1,0,-0.50769866,0.37573317,0,1,unassigned,12.0,12.0,0.0,1.0,0.0,0.0,0.01934236,0.0,0,0,0,0,0
62107,0,1,-0.7237461,0.3265686,0,0,unassigned,103.0,99.0,4.0,0.9611651,0.03883495,0.03883493,0.19535783,0.007586712,1,0,1,0,0
62108,-1,1,-0.5097409,0.37525427,0,1,unassigned,65.0,62.0,3.0,0.95384616,0.046153847,0.046153843,0.12185687,0.0056241634,1,0,0,0,0
62109,1,1,-0.46526432,0.38573775,0,1,unassigned,122.0,119.0,3.0,0.97540987,0.024590164,0.024590135,0.23210831,0.0057075815,1,0,0,0,0
62110,-1,1,0.013540745,0.5033851,1,1,unassigned,2.0,1.0,1.0,0.5,0.5,0.5,0.0,0.0,1,0,0,1,0
62111,-1,1,-0.65381664,0.34213,0,1,unassigned,142.0,142.0,0.0,1.0,0.0,0.0,0.27079305,0.0,1,0,0,0,0
62112,-1,1,-0.6234682,0.34899306,0,1,unassigned,122.0,118.0,4.0,0.9672131,0.032786883,0.032786906,0.23210831,0.0076101082,1,0,0,0,0
62113,-1,0,1.520993,0.8206846,1,1,unassigned,5.0,5.0,0.0,1.0,0.0,0.0,0.0058027077,0.0,0,0,0,1,0
62114,-1,0,-0.9154639,0.28588304,0,1,unassigned,2.0,2.0,0.0,1.0,0.0,0.0,0.0,0.0,0,0,0,0,0
62115,-1,0,4.1649437,0.98470694,1,1,unassigned,4.0,4.0,0.0,1.0,0.0,0.0,0.003868472,0.0,0,0,0,1,1
62116,-1,0,2.306325,0.90939957,1,1,unassigned,6.0,6.0,0.0,1.0,0.0,0.0,0.007736944,0.0,0,0,0,1,1
62117,-1,1,-0.22042528,0.44511572,0,1,unassigned,4.0,3.0,1.0,0.75,0.25,0.25,0.003868472,0.000967118,1,0,0,0,0
62118,-1,0,-0.6508023,0.34280875,0,1,unassigned,2.0,2.0,0.0,1.0,0.0,0.0,0.0,0.0,0,0,0,0,0
62119,-1,0,2.7118762,0.9377238,1,1,unassigned,5.0,5.0,0.0,1.0,0.0,0.0,0.0058027077,0.0,0,0,0,1,1
62120,-1,0,-0.5902527,0.3565769,0,1,unassigned,6.0,6.0,0.0,1.0,0.0,0.0,0.007736944,0.0,0,0,0,0,0
62121,-1,0,-0.96150994,0.27657598,0,1,unassigned,15.0,15.0,0.0,1.0,0.0,0.0,0.025145067,0.0,0,0,0,0,0
62122,-1,1,-0.23143679,0.44239765,0,1,unassigned,39.0,38.0,1.0,0.974359,0.025641026,0.025641024,0.07156673,0.0018350444,1,0,0,0,0
62123,-1,0,-0.63537884,0.3462919,0,1,unassigned,17.0,17.0,0.0,1.0,0.0,0.0,0.029013539,0.0,0,0,0,0,0
62124,0,0,-0.30981123,0.42316082,0,0,test,10.0,9.0,1.0,0.9,0.1,0.100000024,0.015473888,0.0015473888,0,0,1,0,0
62125,-1,0,6.3837557,0.99831414,1,1,unassigned,9.0,8.0,1.0,0.8888889,0.11111111,0.111111104,0.013539651,0.0015044058,0,0,0,1,1
62126,-1,1,-0.41950312,0.39663568,0,1,unassigned,27.0,26.0,1.0,0.962963,0.037037037,0.037037015,0.0483559,0.0017909593,1,0,0,0,0
62127,-1,0,4.6543336,0.9905695,1,1,unassigned,2.0,2.0,0.0,1.0,0.0,0.0,0.0,0.0,0,0,0,1,1
62128,-1,1,1.3769689,0.79850376,1,1,unassigned,39.0,38.0,1.0,0.974359,0.025641026,0.025641024,0.07156673,0.0018350444,1,0,0,1,0
62129,-1,1,3.4220264,0.9683859,1,1,unassigned,2.0,2.0,0.0,1.0,0.0,0.0,0.0,0.0,1,0,0,1,1
62130,-1,1,3.6620314,0.97496265,1,1,unassigned,7.0,6.0,1.0,0.85714287,0.14285715,0.14285713,0.00967118,0.0013815971,1,0,0,1,1
62131,-1,0,0.1130808,0.5282401,1,1,unassigned,10.0,10.0,0.0,1.0,0.0,0.0,0.015473888,0.0,0,0,0,1,0
62132,-1,0,2.5510054,0.92764103,1,1,unassigned,2.0,2.0,0.0,1.0,0.0,0.0,0.0,0.0,0,0,0,1,1
62133,-1,0,5.2494807,0.9947772,1,1,unassigned,7.0,6.0,1.0,0.85714287,0.14285715,0.14285713,0.00967118,0.0013815971,0,0,0,1,1
62134,-1,0,2.3132577,0.90996903,1,1,unassigned,15.0,13.0,2.0,0.8666667,0.13333334,0.13333333,0.025145067,0.0033526758,0,0,0,1,1
62135,-1,0,-0.5469569,0.3665707,0,1,unassigned,21.0,18.0,3.0,0.85714287,0.14285715,0.14285713,0.036750484,0.0052500693,0,0,0,0,0
62136,-1,0,3.5892346,0.97312284,1,1,unassigned,26.0,24.0,2.0,0.9230769,0.07692308,0.07692307,0.046421662,0.0035708973,0,0,0,1,1
62137,-1,1,-0.37013718,0.40850788,0,1,unassigned,4.0,3.0,1.0,0.75,0.25,0.25,0.003868472,0.000967118,1,0,0,0,0
62138,-1,1,-0.46548975,0.38568434,0,1,unassigned,2.0,2.0,0.0,1.0,0.0,0.0,0.0,0.0,1,0,0,0,0
62139,-1,1,-0.15001488,0.4625665,0,1,unassigned,5.0,5.0,0.0,1.0,0.0,0.0,0.0058027077,0.0,1,0,0,0,0
62140,-1,1,2.4790232,0.9226581,1,1,unassigned,13.0,12.0,1.0,0.9230769,0.07692308,0.07692307,0.021276595,0.0016366612,1,0,0,1,1
62141,-1,1,-0.40778995,0.39944217,0,1,unassigned,3.0,3.0,0.0,1.0,0.0,0.0,0.001934236,0.0,1,0,0,0,0
62142,-1,0,0.59016484,0.64340293,1,1,unassigned,11.0,10.0,1.0,0.90909094,0.09090909,0.090909064,0.017408123,0.0015825568,0,0,0,1,0
62143,-1,1,-0.7631681,0.31795883,0,1,unassigned,45.0,43.0,2.0,0.95555556,0.044444446,0.04444444,0.08317215,0.0036965401,1,0,0,0,0
62144,1,1,-0.03897822,0.4902567,0,1,test,49.0,49.0,0.0,1.0,0.0,0.0,0.09090909,0.0,1,0,0,0,0
62145,-1,1,-0.38901016,0.40395558,0,1,unassigned,88.0,85.0,3.0,0.96590906,0.03409091,0.034090936,0.1663443,0.0056708287,1,0,0,0,0
62146,-1,1,-0.4189498,0.3967681,0,1,unassigned,61.0,56.0,5.0,0.91803277,0.08196721,0.081967235,0.114119925,0.009354092,1,0,0,0,0
62147,-1,1,-0.6500209,0.34298483,0,1,unassigned,106.0,101.0,5.0,0.9528302,0.047169812,0.047169805,0.20116054,0.009488705,1,0,0,0,0
62148,-1,1,-0.31924754,0.42085913,0,1,unassigned,23.0,22.0,1.0,0.95652175,0.04347826,0.04347825,0.040618956,0.0017660416,1,0,0,0,0
62149,0,1,-0.34035408,0.41572347,0,0,unassigned,21.0,21.0,0.0,1.0,0.0,0.0,0.036750484,0.0,1,0,1,0,0
62150,1,1,-0.80901253,0.30810097,0,1,test,16.0,16.0,0.0,1.0,0.0,0.0,0.027079303,0.0,1,0,0,0,0
62151,-1,1,-0.6409298,0.3450364,0,1,unassigned,89.0,88.0,1.0,0.98876405,0.011235955,0.011235952,0.16827853,0.00189077,1,0,0,0,0
62152,0,1,-0.65460205,0.34195325,0,0,unassigned,78.0,75.0,3.0,0.96153843,0.03846154,0.038461566,0.14700194,0.005653921,1,0,1,0,0
62153,0,1,-0.50661385,0.37598765,0,0,unassigned,48.0,47.0,1.0,0.9791667,0.020833334,0.020833313,0.088974856,0.0018536429,1,0,1,0,0
62154,-1,1,-0.6409389,0.34503433,0,1,unassigned,56.0,54.0,2.0,0.96428573,0.035714287,0.03571427,0.10444874,0.0037303125,1,0,0,0,0
62155,-1,1,-0.42755497,0.39471033,0,1,unassigned,15.0,15.0,0.0,1.0,0.0,0.0,0.025145067,0.0,1,0,0,0,0
62156,-1,1,-0.18974465,0.45270562,0,1,unassigned,6.0,6.0,0.0,1.0,0.0,0.0,0.007736944,0.0,1,0,0,0,0
62157,-1,1,-0.67347264,0.3377197,0,1,unassigned,32.0,30.0,2.0,0.9375,0.0625,0.0625,0.058027077,0.0036266923,1,0,0,0,0
62158,-1,1,0.91158015,0.71332335,1,1,unassigned,8.0,8.0,0.0,1.0,0.0,0.0,0.0116054155,0.0,1,0,0,1,0
62159,-1,1,6.626971,0.99867755,1,1,unassigned,4.0,4.0,0.0,1.0,0.0,0.0,0.003868472,0.0,1,0,0,1,1
62160,-1,1,-0.7402369,0.32295233,0,1,unassigned,68.0,68.0,0.0,1.0,0.0,0.0,0.12765957,0.0,1,0,0,0,0
62161,-1,0,1.5912738,0.8307953,1,1,unassigned,2.0,2.0,0.0,1.0,0.0,0.0,0.0,0.0,0,0,0,1,0
62162,-1,1,-0.33532715,0.41694498,0,1,unassigned,105.0,101.0,4.0,0.96190476,0.03809524,0.038095236,0.1992263,0.007589574,1,0,0,0,0
62163,-1,1,3.8649843,0.97946715,1,1,unassigned,15.0,15.0,0.0,1.0,0.0,0.0,0.025145067,0.0,1,0,0,1,1
62164,-1,1,-0.6417729,0.3448459,0,1,unassigned,167.0,163.0,4.0,0.97604793,0.023952097,0.023952067,0.31914893,0.007644286,1,0,0,0,0
62165,-1,0,-0.260519,0.4352362,0,1,unassigned,4.0,4.0,0.0,1.0,0.0,0.0,0.003868472,0.0,0,0,0,0,0
62166,-1,1,3.8497555,0.97915864,1,1,unassigned,2.0,2.0,0.0,1.0,0.0,0.0,0.0,0.0,1,0,0,1,1
62167,0,1,-0.4594066,0.38712662,0,0,test,80.0,79.0,1.0,0.9875,0.0125,0.012499988,0.15087041,0.0018858801,1,0,1,0,0
62168,-1,1,-0.09153256,0.47713286,0,1,unassigned,7.0,7.0,0.0,1.0,0.0,0.0,0.00967118,0.0,1,0,0,0,0
62169,-1,1,-0.76508117,0.3175441,0,1,unassigned,108.0,105.0,3.0,0.9722222,0.027777778,0.027777791,0.20502901,0.0056952504,1,0,0,0,0
62170,-1,1,0.15304422,0.53818655,1,1,unassigned,4.0,4.0,0.0,1.0,0.0,0.0,0.003868472,0.0,1,0,0,1,0
62171,-1,1,-0.7457347,0.32175142,0,1,unassigned,41.0,41.0,0.0,1.0,0.0,0.0,0.07543521,0.0,1,0,0,0,0
62172,-1,1,-0.12281436,0.469335,0,1,unassigned,3.0,3.0,0.0,1.0,0.0,0.0,0.001934236,0.0,1,0,0,0,0
62173,-1,1,0.13546044,0.5338134,1,1,unassigned,3.0,3.0,0.0,1.0,0.0,0.0,0.001934236,0.0,1,0,0,1,0
62174,-1,0,2.2759254,0.9068635,1,1,unassigned,2.0,2.0,0.0,1.0,0.0,0.0,0.0,0.0,0,0,0,1,1
62175,0,0,-0.12872905,0.46786207,0,0,val,35.0,35.0,0.0,1.0,0.0,0.0,0.06382979,0.0,0,0,1,0,0
62176,-1,1,0.3337217,0.58266467,1,1,unassigned,6.0,6.0,0.0,1.0,0.0,0.0,0.007736944,0.0,1,0,0,1,0
62177,-1,0,1.4740646,0.8136744,1,1,unassigned,4.0,4.0,0.0,1.0,0.0,0.0,0.003868472,0.0,0,0,0,1,0
62178,-1,1,-0.74975884,0.32087386,0,1,unassigned,40.0,39.0,1.0,0.975,0.025,0.024999976,0.07350097,0.0018375242,1,0,0,0,0
62179,0,0,0.27771473,0.5689859,1,1,test,7.0,6.0,1.0,0.85714287,0.14285715,0.14285713,0.00967118,0.0013815971,0,0,0,1,0
62180,-1,0,1.8783867,0.86742574,1,1,unassigned,3.0,2.0,1.0,0.6666667,0.33333334,0.3333333,0.001934236,0.00064474536,0,0,0,1,0
62181,-1,0,-0.28371355,0.42954358,0,1,unassigned,2.0,2.0,0.0,1.0,0.0,0.0,0.0,0.0,0,0,0,0,0
62182,-1,1,-0.50526816,0.3763034,0,1,unassigned,25.0,24.0,1.0,0.96,0.04,0.04000002,0.044487428,0.001779497,1,0,0,0,0
62183,-1,0,2.2105608,0.90119386,1,1,unassigned,2.0,2.0,0.0,1.0,0.0,0.0,0.0,0.0,0,0,0,1,1
62184,-1,0,3.2445028,0.962475,1,1,unassigned,3.0,3.0,0.0,1.0,0.0,0.0,0.001934236,0.0,0,0,0,1,1
62185,-1,0,2.1622355,0.8968066,1,1,unassigned,2.0,2.0,0.0,1.0,0.0,0.0,0.0,0.0,0,0,0,1,0
62186,-1,0,1.3114281,0.787752,1,1,unassigned,12.0,12.0,0.0,1.0,0.0,0.0,0.01934236,0.0,0,0,0,1,0
62187,-1,1,1.0854735,0.7475284,1,1,unassigned,3.0,1.0,2.0,0.33333334,0.6666667,0.6666666,0.001934236,0.0012894907,1,0,0,1,0
62188,-1,0,2.6954858,0.93675977,1,1,unassigned,2.0,2.0,0.0,1.0,0.0,0.0,0.0,0.0,0,0,0,1,1
62189,-1,0,0.049408495,0.5123496,1,1,unassigned,2.0,2.0,0.0,1.0,0.0,0.0,0.0,0.0,0,0,0,1,0
62190,-1,1,-0.6735758,0.3376966,0,1,unassigned,39.0,36.0,3.0,0.9230769,0.07692308,0.07692307,0.07156673,0.0055051334,1,0,0,0,0
62191,-1,0,3.5966918,0.97331715,1,1,unassigned,5.0,5.0,0.0,1.0,0.0,0.0,0.0058027077,0.0,0,0,0,1,1
62192,-1,1,0.7745481,0.6845039,1,1,unassigned,5.0,5.0,0.0,1.0,0.0,0.0,0.0058027077,0.0,1,0,0,1,0
62193,-1,0,2.7643769,0.9407202,1,1,unassigned,8.0,6.0,2.0,0.75,0.25,0.25,0.0116054155,0.0029013539,0,0,0,1,1
62194,-1,1,0.4080596,0.6006225,1,1,unassigned,5.0,4.0,1.0,0.8,0.2,0.19999999,0.0058027077,0.0011605415,1,0,0,1,0
62195,-1,0,0.5172295,0.6264997,1,1,unassigned,2.0,2.0,0.0,1.0,0.0,0.0,0.0,0.0,0,0,0,1,0
62196,-1,0,-0.71145016,0.3292785,0,1,unassigned,18.0,17.0,1.0,0.9444444,0.055555556,0.055555582,0.030947777,0.0017193209,0,0,0,0,0
62197,-1,1,3.916157,0.9804715,1,1,unassigned,11.0,11.0,0.0,1.0,0.0,0.0,0.017408123,0.0,1,0,0,1,1
62198,-1,0,6.7062473,0.9987783,1,1,unassigned,2.0,2.0,0.0,1.0,0.0,0.0,0.0,0.0,0,0,0,1,1
62199,-1,1,-0.79678047,0.31071463,0,1,unassigned,27.0,25.0,2.0,0.9259259,0.074074075,0.07407409,0.0483559,0.0035819185,1,0,0,0,0
62200,-1,0,3.4194212,0.968306,1,1,unassigned,4.0,2.0,2.0,0.5,0.5,0.5,0.003868472,0.001934236,0,0,0,1,1
62201,-1,0,3.1507342,0.95893764,1,1,unassigned,11.0,11.0,0.0,1.0,0.0,0.0,0.017408123,0.0,0,0,0,1,1
62202,-1,0,1.4518843,0.81028825,1,1,unassigned,25.0,19.0,6.0,0.76,0.24,0.24000001,0.044487428,0.010676983,0,0,0,1,0
62203,1,0,-0.862122,0.2968962,0,1,unassigned,48.0,48.0,0.0,1.0,0.0,0.0,0.088974856,0.0,0,0,0,0,0
62204,-1,0,-0.17027971,0.4575326,0,1,unassigned,48.0,48.0,0.0,1.0,0.0,0.0,0.088974856,0.0,0,0,0,0,0
62205,-1,0,-0.005425334,0.49864364,0,1,unassigned,27.0,27.0,0.0,1.0,0.0,0.0,0.0483559,0.0,0,0,0,0,0
62206,-1,0,-0.013255775,0.4966861,0,1,unassigned,24.0,24.0,0.0,1.0,0.0,0.0,0.04255319,0.0,0,0,0,0,0
62207,-1,0,0.0088201165,0.502205,1,1,unassigned,23.0,23.0,0.0,1.0,0.0,0.0,0.040618956,0.0,0,0,0,1,0
62208,0,1,-0.18218943,0.4545782,0,0,val,10.0,10.0,0.0,1.0,0.0,0.0,0.015473888,0.0,1,0,1,0,0
62209,-1,1,0.2866249,0.5711697,1,1,unassigned,14.0,13.0,1.0,0.9285714,0.071428575,0.0714286,0.023210831,0.0016579166,1,0,0,1,0
62210,-1,0,-0.7872544,0.3127585,0,1,unassigned,6.0,6.0,0.0,1.0,0.0,0.0,0.007736944,0.0,0,0,0,0,0
62211,-1,0,-0.36705118,0.40925375,0,1,unassigned,3.0,3.0,0.0,1.0,0.0,0.0,0.001934236,0.0,0,0,0,0,0
62212,-1,0,0.1259309,0.5314412,1,1,unassigned,25.0,22.0,3.0,0.88,0.12,0.120000005,0.044487428,0.0053384914,0,0,0,1,0
62213,-1,0,3.6328418,0.9742401,1,1,unassigned,3.0,3.0,0.0,1.0,0.0,0.0,0.001934236,0.0,0,0,0,1,1
62214,1,0,-0.36179096,0.4105261,0,1,train,13.0,13.0,0.0,1.0,0.0,0.0,0.021276595,0.0,0,0,0,0,0
62215,-1,1,5.9061694,0.99728477,1,1,unassigned,3.0,3.0,0.0,1.0,0.0,0.0,0.001934236,0.0,1,0,0,1,1
62216,-1,1,1.4671996,0.8126313,1,1,unassigned,5.0,4.0,1.0,0.8,0.2,0.19999999,0.0058027077,0.0011605415,1,0,0,1,0
62217,-1,1,3.5645926,0.9724708,1,1,unassigned,3.0,3.0,0.0,1.0,0.0,0.0,0.001934236,0.0,1,0,0,1,1
62218,-1,1,9.74781,0.9999416,1,1,unassigned,64.0,62.0,2.0,0.96875,0.03125,0.03125,0.11992263,0.0037475822,1,0,0,1,1
62219,0,1,1.3709941,0.7975407,1,1,unassigned,118.0,117.0,1.0,0.9915254,0.008474576,0.008474588,0.22437137,0.0019014523,1,0,0,1,0
62220,-1,0,9.354098,0.99991333,1,1,unassigned,2.0,2.0,0.0,1.0,0.0,0.0,0.0,0.0,0,0,0,1,1
62221,-1,0,0.109837234,0.5274318,1,1,unassigned,23.0,23.0,0.0,1.0,0.0,0.0,0.040618956,0.0,0,0,0,1,0
62222,-1,0,0.11632365,0.5290482,1,1,unassigned,6.0,6.0,0.0,1.0,0.0,0.0,0.007736944,0.0,0,0,0,1,0
62223,-1,0,4.0367303,0.9826512,1,1,unassigned,2.0,2.0,0.0,1.0,0.0,0.0,0.0,0.0,0,0,0,1,1
62224,-1,0,-0.21963397,0.44531116,0,1,unassigned,8.0,6.0,2.0,0.75,0.25,0.25,0.0116054155,0.0029013539,0,0,0,0,0
62225,-1,0,1.1691458,0.7629906,1,1,unassigned,7.0,7.0,0.0,1.0,0.0,0.0,0.00967118,0.0,0,0,0,1,0
62226,-1,1,0.4409005,0.6084736,1,1,unassigned,36.0,35.0,1.0,0.9722222,0.027777778,0.027777791,0.065764025,0.0018267785,1,0,0,1,0
62227,-1,1,1.8579941,0.86506295,1,1,unassigned,4.0,4.0,0.0,1.0,0.0,0.0,0.003868472,0.0,1,0,0,1,0
62228,1,0,-0.74964035,0.32089967,0,1,unassigned,6.0,6.0,0.0,1.0,0.0,0.0,0.007736944,0.0,0,0,0,0,0
62229,-1,0,2.5502307,0.92758906,1,1,unassigned,15.0,15.0,0.0,1.0,0.0,0.0,0.025145067,0.0,0,0,0,1,1
62230,-1,0,5.8124456,0.9970188,1,1,unassigned,4.0,4.0,0.0,1.0,0.0,0.0,0.003868472,0.0,0,0,0,1,1
62231,-1,1,-0.39651847,0.40214908,0,1,unassigned,19.0,19.0,0.0,1.0,0.0,0.0,0.032882012,0.0,1,0,0,0,0
62232,-1,0,0.12953842,0.5323394,1,1,unassigned,6.0,6.0,0.0,1.0,0.0,0.0,0.007736944,0.0,0,0,0,1,0
62233,-1,0,-0.7533537,0.32009098,0,1,unassigned,28.0,28.0,0.0,1.0,0.0,0.0,0.050290134,0.0,0,0,0,0,0
62234,-1,0,0.026181698,0.50654507,1,1,unassigned,21.0,20.0,1.0,0.95238096,0.04761905,0.047619045,0.036750484,0.0017500231,0,0,0,1,0
62235,-1,0,-0.8705642,0.2951369,0,1,unassigned,63.0,62.0,1.0,0.984127,0.015873017,0.015873015,0.11798839,0.0018728317,0,0,0,0,0
62236,-1,0,0.2561702,0.5636946,1,1,unassigned,3.0,3.0,0.0,1.0,0.0,0.0,0.001934236,0.0,0,0,0,1,0
62237,-1,1,2.0098357,0.8818259,1,1,unassigned,3.0,3.0,0.0,1.0,0.0,0.0,0.001934236,0.0,1,0,0,1,0
62238,-1,0,-0.9322748,0.28246343,0,1,unassigned,3.0,3.0,0.0,1.0,0.0,0.0,0.001934236,0.0,0,0,0,0,0
62239,-1,0,-0.9654298,0.2757924,0,1,unassigned,6.0,6.0,0.0,1.0,0.0,0.0,0.007736944,0.0,0,0,0,0,0
62240,-1,1,-0.60180557,0.3539307,0,1,unassigned,77.0,73.0,4.0,0.9480519,0.051948052,0.05194807,0.14506769,0.007535984,1,0,0,0,0
62241,-1,0,0.026565254,0.5066409,1,1,unassigned,5.0,5.0,0.0,1.0,0.0,0.0,0.0058027077,0.0,0,0,0,1,0
62242,-1,0,0.50297123,0.6231573,1,1,unassigned,3.0,3.0,0.0,1.0,0.0,0.0,0.001934236,0.0,0,0,0,1,0
62243,-1,0,3.00402,0.9527554,1,1,unassigned,8.0,7.0,1.0,0.875,0.125,0.125,0.0116054155,0.0014506769,0,0,0,1,1
62244,-1,0,3.0223815,0.95357513,1,1,unassigned,20.0,20.0,0.0,1.0,0.0,0.0,0.034816246,0.0,0,0,0,1,1
62245,-1,1,1.3331869,0.7913673,1,1,unassigned,133.0,125.0,8.0,0.9398496,0.060150377,0.060150385,0.25338492,0.015241198,1,0,0,1,0
62246,-1,1,0.69993156,0.66817266,1,1,unassigned,4.0,3.0,1.0,0.75,0.25,0.25,0.003868472,0.000967118,1,0,0,1,0
62247,-1,0,-0.7193361,0.3275392,0,1,unassigned,10.0,10.0,0.0,1.0,0.0,0.0,0.015473888,0.0,0,0,0,0,0
62248,-1,0,1.3219116,0.7894996,1,1,unassigned,9.0,8.0,1.0,0.8888889,0.11111111,0.111111104,0.013539651,0.0015044058,0,0,0,1,0
62249,-1,0,3.8434107,0.9790288,1,1,unassigned,2.0,2.0,0.0,1.0,0.0,0.0,0.0,0.0,0,0,0,1,1
62250,-1,0,0.67911726,0.6635417,1,1,unassigned,8.0,6.0,2.0,0.75,0.25,0.25,0.0116054155,0.0029013539,0,0,0,1,0
62251,0,0,-0.21376166,0.44676214,0,0,unassigned,13.0,13.0,0.0,1.0,0.0,0.0,0.021276595,0.0,0,0,1,0,0
62252,0,0,-0.65658516,0.3415071,0,0,val,9.0,9.0,0.0,1.0,0.0,0.0,0.013539651,0.0,0,0,1,0,0
62253,-1,0,-0.3340991,0.41724357,0,1,unassigned,2.0,2.0,0.0,1.0,0.0,0.0,0.0,0.0,0,0,0,0,0
62254,-1,0,-0.55182946,0.36544007,0,1,unassigned,14.0,14.0,0.0,1.0,0.0,0.0,0.023210831,0.0,0,0,0,0,0
62255,-1,0,4.493861,0.98894614,1,1,unassigned,4.0,3.0,1.0,0.75,0.25,0.25,0.003868472,0.000967118,0,0,0,1,1
62256,-1,0,-0.6975129,0.33236387,0,1,unassigned,26.0,26.0,0.0,1.0,0.0,0.0,0.046421662,0.0,0,0,0,0,0
62257,-1,0,0.41823745,0.6030614,1,1,unassigned,2.0,2.0,0.0,1.0,0.0,0.0,0.0,0.0,0,0,0,1,0
62258,0,0,-0.45190185,0.38890868,0,0,test,35.0,34.0,1.0,0.9714286,0.028571429,0.028571427,0.06382979,0.0018237082,0,0,1,0,0
62259,-1,0,3.4634788,0.9696306,1,1,unassigned,2.0,2.0,0.0,1.0,0.0,0.0,0.0,0.0,0,0,0,1,1
62260,-1,0,-0.0233953,0.49415144,0,1,unassigned,14.0,14.0,0.0,1.0,0.0,0.0,0.023210831,0.0,0,0,0,0,0
62261,-1,0,5.2372184,0.994713,1,1,unassigned,10.0,10.0,0.0,1.0,0.0,0.0,0.015473888,0.0,0,0,0,1,1
62262,-1,0,1.4142301,0.80443233,1,1,unassigned,3.0,2.0,1.0,0.6666667,0.33333334,0.3333333,0.001934236,0.00064474536,0,0,0,1,0
62263,1,0,-0.983199,0.27225748,0,1,val,2.0,2.0,0.0,1.0,0.0,0.0,0.0,0.0,0,0,0,0,0
62264,-1,1,1.895633,0.86939645,1,1,unassigned,32.0,31.0,1.0,0.96875,0.03125,0.03125,0.058027077,0.0018133462,1,0,0,1,0
62265,-1,1,-0.6492386,0.34316114,0,1,unassigned,121.0,120.0,1.0,0.9917355,0.008264462,0.008264482,0.23017408,0.001902265,1,0,0,0,0
62266,-1,0,3.3245187,0.9652604,1,1,unassigned,7.0,4.0,3.0,0.5714286,0.42857143,0.4285714,0.00967118,0.0041447915,0,0,0,1,1
62267,-1,1,-0.63281894,0.3468716,0,1,unassigned,25.0,25.0,0.0,1.0,0.0,0.0,0.044487428,0.0,1,0,0,0,0
62268,-1,1,-0.5921367,0.35614476,0,1,unassigned,38.0,37.0,1.0,0.9736842,0.02631579,0.026315808,0.06963249,0.0018324341,1,0,0,0,0
62269,-1,1,-0.69568676,0.33276922,0,1,unassigned,92.0,92.0,0.0,1.0,0.0,0.0,0.17408124,0.0,1,0,0,0,0
62270,-1,1,-0.27349055,0.43205038,0,1,unassigned,49.0,49.0,0.0,1.0,0.0,0.0,0.09090909,0.0,1,0,0,0,0
62271,-1,1,-0.720082,0.32737494,0,1,unassigned,30.0,30.0,0.0,1.0,0.0,0.0,0.054158606,0.0,1,0,0,0,0
62272,-1,0,-0.092401564,0.47691604,0,1,unassigned,2.0,2.0,0.0,1.0,0.0,0.0,0.0,0.0,0,0,0,0,0
62273,-1,1,-0.6372349,0.34587187,0,1,unassigned,17.0,17.0,0.0,1.0,0.0,0.0,0.029013539,0.0,1,0,0,0,0
62274,-1,0,-0.30166754,0.4251499,0,1,unassigned,20.0,20.0,0.0,1.0,0.0,0.0,0.034816246,0.0,0,0,0,0,0
62275,-1,0,4.6855965,0.99085706,1,1,unassigned,13.0,13.0,0.0,1.0,0.0,0.0,0.021276595,0.0,0,0,0,1,1
62276,-1,1,7.8366094,0.9996051,1,1,unassigned,12.0,11.0,1.0,0.9166667,0.083333336,0.08333331,0.01934236,0.0016118633,1,0,0,1,1
62277,-1,0,3.1416814,0.9585797,1,1,unassigned,7.0,7.0,0.0,1.0,0.0,0.0,0.00967118,0.0,0,0,0,1,1
62278,-1,0,-0.364374,0.40990114,0,1,unassigned,4.0,4.0,0.0,1.0,0.0,0.0,0.003868472,0.0,0,0,0,0,0
62279,-1,0,-0.15889484,0.4603597,0,1,unassigned,3.0,3.0,0.0,1.0,0.0,0.0,0.001934236,0.0,0,0,0,0,0
62280,-1,0,-0.9936167,0.2701983,0,1,unassigned,3.0,3.0,0.0,1.0,0.0,0.0,0.001934236,0.0,0,0,0,0,0
62281,-1,0,-0.8796193,0.29325667,0,1,unassigned,4.0,4.0,0.0,1.0,0.0,0.0,0.003868472,0.0,0,0,0,0,0
62282,-1,0,-0.9490465,0.2790766,0,1,unassigned,20.0,20.0,0.0,1.0,0.0,0.0,0.034816246,0.0,0,0,0,0,0
62283,-1,1,3.61533,0.973797,1,1,unassigned,7.0,6.0,1.0,0.85714287,0.14285715,0.14285713,0.00967118,0.0013815971,1,0,0,1,1
62284,-1,0,-0.4345077,0.39305043,0,1,unassigned,3.0,3.0,0.0,1.0,0.0,0.0,0.001934236,0.0,0,0,0,0,0
62285,-1,0,-1.1807761,0.2349127,0,1,unassigned,2.0,2.0,0.0,1.0,0.0,0.0,0.0,0.0,0,0,0,0,0
62286,-1,0,-0.21449804,0.44658014,0,1,unassigned,7.0,7.0,0.0,1.0,0.0,0.0,0.00967118,0.0,0,0,0,0,0
62287,-1,1,0.99666065,0.7304015,1,1,unassigned,28.0,22.0,6.0,0.78571427,0.21428572,0.21428573,0.050290134,0.010776457,1,0,0,1,0
62288,0,0,0.8808215,0.70699245,1,1,test,7.0,7.0,0.0,1.0,0.0,0.0,0.00967118,0.0,0,0,0,1,0
62289,-1,0,1.416436,0.80477905,1,1,unassigned,3.0,3.0,0.0,1.0,0.0,0.0,0.001934236,0.0,0,0,0,1,0
62290,-1,0,0.8869727,0.70826507,1,1,unassigned,3.0,2.0,1.0,0.6666667,0.33333334,0.3333333,0.001934236,0.00064474536,0,0,0,1,0
62291,-1,0,-0.45089915,0.38914698,0,1,unassigned,8.0,8.0,0.0,1.0,0.0,0.0,0.0116054155,0.0,0,0,0,0,0
62292,-1,1,2.724676,0.9384671,1,1,unassigned,84.0,81.0,3.0,0.96428573,0.035714287,0.03571427,0.15860735,0.0056645484,1,0,0,1,1
62293,-1,1,5.5168357,0.99599755,1,1,unassigned,28.0,11.0,17.0,0.39285713,0.60714287,0.60714287,0.050290134,0.030533295,1,0,0,1,1
62294,-1,0,1.9307044,0.8733274,1,1,unassigned,15.0,15.0,0.0,1.0,0.0,0.0,0.025145067,0.0,0,0,0,1,0
62295,-1,1,-0.22892782,0.4430167,0,1,unassigned,60.0,58.0,2.0,0.96666664,0.033333335,0.03333336,0.11218569,0.003739523,1,0,0,0,0
62296,-1,1,-0.4876505,0.38044718,0,1,unassigned,12.0,12.0,0.0,1.0,0.0,0.0,0.01934236,0.0,1,0,0,0,0
62297,-1,1,-0.8201654,0.30572855,0,1,unassigned,92.0,86.0,6.0,0.9347826,0.06521739,0.065217376,0.17408124,0.011353124,1,0,0,0,0
62298,-1,1,-0.82738316,0.30419865,0,1,unassigned,68.0,65.0,3.0,0.9558824,0.04411765,0.04411763,0.12765957,0.00563204,1,0,0,0,0
62299,-1,0,-0.40597603,0.3998774,0,1,unassigned,2.0,2.0,0.0,1.0,0.0,0.0,0.0,0.0,0,0,0,0,0
62300,-1,0,1.6834896,0.8433661,1,1,unassigned,6.0,6.0,0.0,1.0,0.0,0.0,0.007736944,0.0,0,0,0,1,0
62301,-1,1,3.0096686,0.95300895,1,1,unassigned,6.0,5.0,1.0,0.8333333,0.16666667,0.16666669,0.007736944,0.0012894907,1,0,0,1,1
62302,0,1,0.987642,0.7286219,1,1,unassigned,4.0,4.0,0.0,1.0,0.0,0.0,0.003868472,0.0,1,0,0,1,0
62303,-1,1,-0.5718585,0.3608081,0,1,unassigned,22.0,21.0,1.0,0.95454544,0.045454547,0.04545456,0.03868472,0.0017583964,1,0,0,0,0
62304,-1,0,-0.72465086,0.32636964,0,1,unassigned,8.0,8.0,0.0,1.0,0.0,0.0,0.0116054155,0.0,0,0,0,0,0
62305,-1,1,-0.7762873,0.3151206,0,1,unassigned,8.0,8.0,0.0,1.0,0.0,0.0,0.0116054155,0.0,1,0,0,0,0
62306,-1,1,-0.26840907,0.4332977,0,1,unassigned,3.0,3.0,0.0,1.0,0.0,0.0,0.001934236,0.0,1,0,0,0,0
62307,-1,0,5.033957,0.99352914,1,1,unassigned,7.0,6.0,1.0,0.85714287,0.14285715,0.14285713,0.00967118,0.0013815971,0,0,0,1,1
62308,-1,0,-0.619668,0.34985694,0,1,unassigned,6.0,6.0,0.0,1.0,0.0,0.0,0.007736944,0.0,0,0,0,0,0
62309,-1,0,8.251156,0.9997391,1,1,unassigned,2.0,2.0,0.0,1.0,0.0,0.0,0.0,0.0,0,0,0,1,1
62310,-1,0,7.0071945,0.99909544,1,1,unassigned,2.0,2.0,0.0,1.0,0.0,0.0,0.0,0.0,0,0,0,1,1
62311,-1,0,3.2505343,0.9626923,1,1,unassigned,7.0,7.0,0.0,1.0,0.0,0.0,0.00967118,0.0,0,0,0,1,1
62312,-1,0,0.37651247,0.5930317,1,1,unassigned,15.0,14.0,1.0,0.93333334,0.06666667,0.06666666,0.025145067,0.0016763379,0,0,0,1,0
62313,-1,0,0.12096816,0.53020525,1,1,unassigned,4.0,3.0,1.0,0.75,0.25,0.25,0.003868472,0.000967118,0,0,0,1,0
62314,-1,0,0.36376858,0.5899524,1,1,unassigned,11.0,11.0,0.0,1.0,0.0,0.0,0.017408123,0.0,0,0,0,1,0
62315,-1,0,5.07719,0.9938013,1,1,unassigned,6.0,6.0,0.0,1.0,0.0,0.0,0.007736944,0.0,0,0,0,1,1
62316,1,1,-0.8340819,0.30278268,0,1,unassigned,85.0,85.0,0.0,1.0,0.0,0.0,0.16054158,0.0,1,0,0,0,0
62317,-1,0,0.049556553,0.5123866,1,1,unassigned,27.0,27.0,0.0,1.0,0.0,0.0,0.0483559,0.0,0,0,0,1,0
62318,-1,0,-0.6281508,0.34792995,0,1,unassigned,3.0,3.0,0.0,1.0,0.0,0.0,0.001934236,0.0,0,0,0,0,0
62319,-1,0,-0.24152869,0.4399097,0,1,unassigned,3.0,3.0,0.0,1.0,0.0,0.0,0.001934236,0.0,0,0,0,0,0
62320,-1,0,5.426331,0.9956201,1,1,unassigned,2.0,2.0,0.0,1.0,0.0,0.0,0.0,0.0,0,0,0,1,1
62321,-1,0,-0.6390745,0.34545577,0,1,unassigned,12.0,12.0,0.0,1.0,0.0,0.0,0.01934236,0.0,0,0,0,0,0
62322,-1,0,4.887051,0.9925128,1,1,unassigned,3.0,3.0,0.0,1.0,0.0,0.0,0.001934236,0.0,0,0,0,1,1
62323,1,1,11.102385,0.999985,1,0,test,2.0,2.0,0.0,1.0,0.0,0.0,0.0,0.0,1,0,1,1,1
62324,-1,0,-0.4275425,0.39471328,0,1,unassigned,12.0,12.0,0.0,1.0,0.0,0.0,0.01934236,0.0,0,0,0,0,0
62325,-1,0,0.80181545,0.6903627,1,1,unassigned,7.0,7.0,0.0,1.0,0.0,0.0,0.00967118,0.0,0,0,0,1,0
62326,-1,0,3.6086671,0.9736265,1,1,unassigned,25.0,24.0,1.0,0.96,0.04,0.04000002,0.044487428,0.001779497,0,0,0,1,1
62327,-1,0,1.1288733,0.7556309,1,1,unassigned,11.0,11.0,0.0,1.0,0.0,0.0,0.017408123,0.0,0,0,0,1,0
62328,-1,1,-0.82807624,0.304052,0,1,unassigned,6.0,3.0,3.0,0.5,0.5,0.5,0.007736944,0.003868472,1,0,0,0,0
62329,-1,0,1.9580328,0.8763199,1,1,unassigned,9.0,9.0,0.0,1.0,0.0,0.0,0.013539651,0.0,0,0,0,1,0
62330,-1,1,2.7002928,0.9370439,1,1,unassigned,13.0,9.0,4.0,0.6923077,0.30769232,0.3076923,0.021276595,0.006546645,1,0,0,1,1
62331,-1,0,0.9260153,0.71626616,1,1,unassigned,10.0,10.0,0.0,1.0,0.0,0.0,0.015473888,0.0,0,0,0,1,0
62332,-1,0,2.7167175,0.938006,1,1,unassigned,35.0,25.0,10.0,0.71428573,0.2857143,0.28571427,0.06382979,0.018237082,0,0,0,1,1
62333,-1,1,1.011466,0.733307,1,1,unassigned,21.0,18.0,3.0,0.85714287,0.14285715,0.14285713,0.036750484,0.0052500693,1,0,0,1,0
62334,-1,1,9.472084,0.999923,1,1,unassigned,2.0,2.0,0.0,1.0,0.0,0.0,0.0,0.0,1,0,0,1,1
62335,-1,1,1.7700977,0.85446984,1,1,unassigned,41.0,38.0,3.0,0.9268293,0.07317073,0.07317072,0.07543521,0.005519649,1,0,0,1,0
62336,-1,0,5.090306,0.9938816,1,1,unassigned,21.0,21.0,0.0,1.0,0.0,0.0,0.036750484,0.0,0,0,0,1,1
62337,1,0,-0.31065166,0.4229557,0,1,unassigned,42.0,38.0,4.0,0.9047619,0.0952381,0.09523809,0.07736944,0.007368518,0,0,0,0,0
62338,1,1,4.731063,0.99126,1,0,unassigned,34.0,31.0,3.0,0.9117647,0.0882353,0.08823532,0.061895553,0.0054613724,1,0,1,1,1
62339,-1,0,9.27075,0.9999058,1,1,unassigned,2.0,2.0,0.0,1.0,0.0,0.0,0.0,0.0,0,0,0,1,1
62340,-1,1,8.343912,0.99976224,1,1,unassigned,6.0,4.0,2.0,0.6666667,0.33333334,0.3333333,0.007736944,0.0025789815,1,0,0,1,1
62341,-1,0,9.373403,0.999915,1,1,unassigned,8.0,7.0,1.0,0.875,0.125,0.125,0.0116054155,0.0014506769,0,0,0,1,1
62342,-1,0,2.68395,0.9360729,1,1,unassigned,3.0,3.0,0.0,1.0,0.0,0.0,0.001934236,0.0,0,0,0,1,1
62343,-1,1,-0.44965935,0.38944176,0,1,unassigned,2.0,2.0,0.0,1.0,0.0,0.0,0.0,0.0,1,0,0,0,0
62344,0,0,0.24454778,0.56083405,1,1,test,9.0,9.0,0.0,1.0,0.0,0.0,0.013539651,0.0,0,0,0,1,0
62345,-1,0,-0.9184319,0.28527752,0,1,unassigned,23.0,21.0,2.0,0.9130435,0.08695652,0.0869565,0.040618956,0.0035320832,0,0,0,0,0
62346,-1,0,-0.37167642,0.408136,0,1,unassigned,28.0,24.0,4.0,0.85714287,0.14285715,0.14285713,0.050290134,0.007184305,0,0,0,0,0
62347,-1,0,8.172096,0.99971765,1,1,unassigned,5.0,5.0,0.0,1.0,0.0,0.0,0.0058027077,0.0,0,0,0,1,1
62348,-1,0,7.110968,0.99918455,1,1,unassigned,8.0,7.0,1.0,0.875,0.125,0.125,0.0116054155,0.0014506769,0,0,0,1,1
62349,-1,0,0.022562802,0.5056405,1,1,unassigned,2.0,2.0,0.0,1.0,0.0,0.0,0.0,0.0,0,0,0,1,0
62350,-1,0,-0.008294642,0.49792635,0,1,unassigned,5.0,5.0,0.0,1.0,0.0,0.0,0.0058027077,0.0,0,0,0,0,0
62351,0,1,0.70084065,0.6683741,1,1,test,6.0,5.0,1.0,0.8333333,0.16666667,0.16666669,0.007736944,0.0012894907,1,0,0,1,0
62352,-1,0,2.189739,0.89932424,1,1,unassigned,2.0,2.0,0.0,1.0,0.0,0.0,0.0,0.0,0,0,0,1,0
62353,-1,0,4.129449,0.98416317,1,1,unassigned,5.0,5.0,0.0,1.0,0.0,0.0,0.0058027077,0.0,0,0,0,1,1
62354,-1,0,-0.07658398,0.4808634,0,1,unassigned,3.0,2.0,1.0,0.6666667,0.33333334,0.3333333,0.001934236,0.00064474536,0,0,0,0,0
62355,-1,1,2.207998,0.90096545,1,1,unassigned,3.0,2.0,1.0,0.6666667,0.33333334,0.3333333,0.001934236,0.00064474536,1,0,0,1,1
62356,-1,0,0.61869806,0.6499224,1,1,unassigned,5.0,5.0,0.0,1.0,0.0,0.0,0.0058027077,0.0,0,0,0,1,0
62357,-1,0,3.2942173,0.9642299,1,1,unassigned,3.0,3.0,0.0,1.0,0.0,0.0,0.001934236,0.0,0,0,0,1,1
62358,-1,0,3.5083935,0.9709256,1,1,unassigned,7.0,7.0,0.0,1.0,0.0,0.0,0.00967118,0.0,0,0,0,1,1
62359,-1,0,3.9958718,0.98194075,1,1,unassigned,5.0,5.0,0.0,1.0,0.0,0.0,0.0058027077,0.0,0,0,0,1,1
62360,-1,1,8.506819,0.999798,1,1,unassigned,3.0,2.0,1.0,0.6666667,0.33333334,0.3333333,0.001934236,0.00064474536,1,0,0,1,1
62361,-1,1,2.7433228,0.9395352,1,1,unassigned,4.0,3.0,1.0,0.75,0.25,0.25,0.003868472,0.000967118,1,0,0,1,1
62362,-1,0,-1.2708504,0.2191117,0,1,unassigned,2.0,2.0,0.0,1.0,0.0,0.0,0.0,0.0,0,0,0,0,0
62363,-1,1,0.88905734,0.7086956,1,1,unassigned,10.0,8.0,2.0,0.8,0.2,0.19999999,0.015473888,0.0030947777,1,0,0,1,0
62364,-1,0,-0.67669594,0.33699912,0,1,unassigned,5.0,5.0,0.0,1.0,0.0,0.0,0.0058027077,0.0,0,0,0,0,0
62365,-1,0,2.4963777,0.92388743,1,1,unassigned,7.0,7.0,0.0,1.0,0.0,0.0,0.00967118,0.0,0,0,0,1,1
62366,-1,0,3.2090433,0.9611732,1,1,unassigned,3.0,3.0,0.0,1.0,0.0,0.0,0.001934236,0.0,0,0,0,1,1
62367,-1,0,5.3397136,0.99522567,1,1,unassigned,2.0,2.0,0.0,1.0,0.0,0.0,0.0,0.0,0,0,0,1,1
62368,-1,0,1.081264,0.7467331,1,1,unassigned,4.0,3.0,1.0,0.75,0.25,0.25,0.003868472,0.000967118,0,0,0,1,0
62369,1,0,4.348331,0.9872366,1,0,test,12.0,11.0,1.0,0.9166667,0.083333336,0.08333331,0.01934236,0.0016118633,0,0,1,1,1
62370,-1,1,3.2316744,0.962009,1,1,unassigned,15.0,12.0,3.0,0.8,0.2,0.19999999,0.025145067,0.0050290134,1,0,0,1,1
62371,-1,0,3.2954783,0.96427333,1,1,unassigned,5.0,5.0,0.0,1.0,0.0,0.0,0.0058027077,0.0,0,0,0,1,1
62372,-1,0,5.8050857,0.9969969,1,1,unassigned,3.0,3.0,0.0,1.0,0.0,0.0,0.001934236,0.0,0,0,0,1,1
62373,-1,0,2.6118085,0.9316177,1,1,unassigned,8.0,8.0,0.0,1.0,0.0,0.0,0.0116054155,0.0,0,0,0,1,1
62374,-1,0,5.441973,0.9956878,1,1,unassigned,18.0,18.0,0.0,1.0,0.0,0.0,0.030947777,0.0,0,0,0,1,1
62375,-1,0,4.706903,0.99104816,1,1,unassigned,4.0,4.0,0.0,1.0,0.0,0.0,0.003868472,0.0,0,0,0,1,1
62376,-1,0,3.2283516,0.96188736,1,1,unassigned,4.0,4.0,0.0,1.0,0.0,0.0,0.003868472,0.0,0,0,0,1,1
62377,0,0,-0.83254534,0.30310714,0,0,unassigned,8.0,8.0,0.0,1.0,0.0,0.0,0.0116054155,0.0,0,0,1,0,0
62378,0,0,-0.5130604,0.37447637,0,0,test,8.0,8.0,0.0,1.0,0.0,0.0,0.0116054155,0.0,0,0,1,0,0
62379,-1,0,-0.7203551,0.3273148,0,1,unassigned,27.0,27.0,0.0,1.0,0.0,0.0,0.0483559,0.0,0,0,0,0,0
62380,-1,0,8.434358,0.99978274,1,1,unassigned,2.0,2.0,0.0,1.0,0.0,0.0,0.0,0.0,0,0,0,1,1
62381,-1,0,3.9688218,0.9814548,1,1,unassigned,7.0,6.0,1.0,0.85714287,0.14285715,0.14285713,0.00967118,0.0013815971,0,0,0,1,1
62382,-1,0,3.9705164,0.98148555,1,1,unassigned,7.0,4.0,3.0,0.5714286,0.42857143,0.4285714,0.00967118,0.0041447915,0,0,0,1,1
62383,0,0,-0.83225155,0.3031692,0,0,unassigned,3.0,3.0,0.0,1.0,0.0,0.0,0.001934236,0.0,0,0,1,0,0
62384,-1,0,2.4676583,0.9218432,1,1,unassigned,2.0,2.0,0.0,1.0,0.0,0.0,0.0,0.0,0,0,0,1,1
62385,-1,1,0.48220032,0.61826736,1,1,unassigned,2.0,1.0,1.0,0.5,0.5,0.5,0.0,0.0,1,0,0,1,0
62386,0,0,1.7989552,0.85802174,1,1,unassigned,3.0,3.0,0.0,1.0,0.0,0.0,0.001934236,0.0,0,0,0,1,0
62387,-1,0,2.0219862,0.8830862,1,1,unassigned,4.0,3.0,1.0,0.75,0.25,0.25,0.003868472,0.000967118,0,0,0,1,0
62388,-1,0,2.9443595,0.9499962,1,1,unassigned,2.0,2.0,0.0,1.0,0.0,0.0,0.0,0.0,0,0,0,1,1
62389,-1,0,-1.6688151,0.15858223,0,1,unassigned,2.0,2.0,0.0,1.0,0.0,0.0,0.0,0.0,0,0,0,0,0
62390,-1,0,3.8511364,0.9791868,1,1,unassigned,2.0,2.0,0.0,1.0,0.0,0.0,0.0,0.0,0,0,0,1,1
62391,-1,0,-0.6343209,0.34653142,0,1,unassigned,2.0,1.0,1.0,0.5,0.5,0.5,0.0,0.0,0,0,0,0,0
62392,-1,0,3.0483549,0.9547114,1,1,unassigned,10.0,10.0,0.0,1.0,0.0,0.0,0.015473888,0.0,0,0,0,1,1
62393,-1,1,3.8196547,0.9785355,1,1,unassigned,16.0,16.0,0.0,1.0,0.0,0.0,0.027079303,0.0,1,0,0,1,1
62394,-1,0,7.514424,0.99945515,1,1,unassigned,13.0,8.0,5.0,0.61538464,0.3846154,0.38461536,0.021276595,0.008183306,0,0,0,1,1
62395,-1,0,4.787268,0.9917337,1,1,unassigned,7.0,7.0,0.0,1.0,0.0,0.0,0.00967118,0.0,0,0,0,1,1
62396,-1,0,1.0652769,0.7436977,1,1,unassigned,4.0,4.0,0.0,1.0,0.0,0.0,0.003868472,0.0,0,0,0,1,0
62397,-1,0,6.3534207,0.9982622,1,1,unassigned,29.0,13.0,16.0,0.44827586,0.55172414,0.55172414,0.05222437,0.028813446,0,0,0,1,1
62398,0,1,2.3561332,0.9134205,1,1,val,42.0,38.0,4.0,0.9047619,0.0952381,0.09523809,0.07736944,0.007368518,1,0,0,1,1
62399,-1,0,0.7998366,0.68993956,1,1,unassigned,3.0,3.0,0.0,1.0,0.0,0.0,0.001934236,0.0,0,0,0,1,0
62400,-1,0,3.6258318,0.97406363,1,1,unassigned,5.0,5.0,0.0,1.0,0.0,0.0,0.0058027077,0.0,0,0,0,1,1
62401,-1,0,3.9585278,0.9812664,1,1,unassigned,4.0,3.0,1.0,0.75,0.25,0.25,0.003868472,0.000967118,0,0,0,1,1
62402,-1,0,0.14221507,0.53549397,1,1,unassigned,14.0,14.0,0.0,1.0,0.0,0.0,0.023210831,0.0,0,0,0,1,0
62403,-1,0,-0.41006833,0.39889574,0,1,unassigned,26.0,25.0,1.0,0.96153843,0.03846154,0.038461566,0.046421662,0.0017854486,0,0,0,0,0
62404,-1,0,2.0052288,0.881345,1,1,unassigned,27.0,27.0,0.0,1.0,0.0,0.0,0.0483559,0.0,0,0,0,1,0
62405,-1,0,-0.7704791,0.3163755,0,1,unassigned,38.0,38.0,0.0,1.0,0.0,0.0,0.06963249,0.0,0,0,0,0,0
62406,-1,0,2.3351285,0.9117449,1,1,unassigned,28.0,22.0,6.0,0.78571427,0.21428572,0.21428573,0.050290134,0.010776457,0,0,0,1,1
62407,-1,0,2.4558547,0.92098856,1,1,unassigned,7.0,7.0,0.0,1.0,0.0,0.0,0.00967118,0.0,0,0,0,1,1
62408,-1,0,4.4978185,0.9889893,1,1,unassigned,30.0,27.0,3.0,0.9,0.1,0.100000024,0.054158606,0.0054158606,0,0,0,1,1
62409,0,1,-0.5683826,0.3616101,0,0,val,13.0,13.0,0.0,1.0,0.0,0.0,0.021276595,0.0,1,0,1,0,0
62410,-1,0,5.8698936,0.9971848,1,1,unassigned,45.0,45.0,0.0,1.0,0.0,0.0,0.08317215,0.0,0,0,0,1,1
62411,-1,0,1.1052759,0.75124735,1,1,unassigned,45.0,42.0,3.0,0.93333334,0.06666667,0.06666666,0.08317215,0.00554481,0,0,0,1,0
62412,1,0,11.067928,0.9999844,1,0,test,31.0,31.0,0.0,1.0,0.0,0.0,0.056092843,0.0,0,0,1,1,1
62413,-1,1,-0.10667443,0.47335666,0,1,unassigned,4.0,4.0,0.0,1.0,0.0,0.0,0.003868472,0.0,1,0,0,0,0
62414,-1,0,-0.033871412,0.49153298,0,1,unassigned,16.0,16.0,0.0,1.0,0.0,0.0,0.027079303,0.0,0,0,0,0,0
62415,-1,0,2.3867276,0.9158096,1,1,unassigned,14.0,13.0,1.0,0.9285714,0.071428575,0.0714286,0.023210831,0.0016579166,0,0,0,1,1
62416,-1,1,-0.53237903,0.36996216,0,1,unassigned,9.0,9.0,0.0,1.0,0.0,0.0,0.013539651,0.0,1,0,0,0,0
62417,-1,0,-0.09272215,0.47683603,0,1,unassigned,21.0,21.0,0.0,1.0,0.0,0.0,0.036750484,0.0,0,0,0,0,0
62418,-1,0,0.4616757,0.6134116,1,1,unassigned,15.0,14.0,1.0,0.93333334,0.06666667,0.06666666,0.025145067,0.0016763379,0,0,0,1,0
62419,-1,0,-0.45569944,0.38800654,0,1,unassigned,5.0,5.0,0.0,1.0,0.0,0.0,0.0058027077,0.0,0,0,0,0,0
62420,-1,0,-0.29230016,0.42744082,0,1,unassigned,2.0,2.0,0.0,1.0,0.0,0.0,0.0,0.0,0,0,0,0,0
62421,-1,0,-0.54897636,0.36610195,0,1,unassigned,68.0,68.0,0.0,1.0,0.0,0.0,0.12765957,0.0,0,0,0,0,0
62422,-1,1,0.10407418,0.5259951,1,1,unassigned,125.0,120.0,5.0,0.96,0.04,0.04000002,0.23791103,0.009516441,1,0,0,1,0
62423,-1,1,2.4389532,0.91974986,1,1,unassigned,24.0,20.0,4.0,0.8333333,0.16666667,0.16666669,0.04255319,0.0070921984,1,0,0,1,1
62424,-1,0,4.7987385,0.99182725,1,1,unassigned,2.0,2.0,0.0,1.0,0.0,0.0,0.0,0.0,0,0,0,1,1
62425,-1,0,4.977305,0.99315464,1,1,unassigned,5.0,5.0,0.0,1.0,0.0,0.0,0.0058027077,0.0,0,0,0,1,1
62426,-1,0,6.183307,0.9979406,1,1,unassigned,6.0,6.0,0.0,1.0,0.0,0.0,0.007736944,0.0,0,0,0,1,1
62427,-1,1,1.720782,0.84822947,1,1,unassigned,3.0,2.0,1.0,0.6666667,0.33333334,0.3333333,0.001934236,0.00064474536,1,0,0,1,0
62428,-1,0,-0.84011436,0.30151072,0,1,unassigned,28.0,28.0,0.0,1.0,0.0,0.0,0.050290134,0.0,0,0,0,0,0
62429,-1,0,0.042450488,0.51061106,1,1,unassigned,2.0,2.0,0.0,1.0,0.0,0.0,0.0,0.0,0,0,0,1,0
62430,-1,0,2.4828532,0.92293096,1,1,unassigned,5.0,5.0,0.0,1.0,0.0,0.0,0.0058027077,0.0,0,0,0,1,1
62431,-1,0,-0.44314343,0.3909922,0,1,unassigned,2.0,2.0,0.0,1.0,0.0,0.0,0.0,0.0,0,0,0,0,0
62432,-1,0,5.8509383,0.997131,1,1,unassigned,37.0,33.0,4.0,0.8918919,0.10810811,0.1081081,0.06769826,0.0073187314,0,0,0,1,1
62433,1,1,-0.21184206,0.44723666,0,1,test,39.0,38.0,1.0,0.974359,0.025641026,0.025641024,0.07156673,0.0018350444,1,0,0,0,0
62434,-1,0,-0.09437561,0.47642362,0,1,unassigned,11.0,11.0,0.0,1.0,0.0,0.0,0.017408123,0.0,0,0,0,0,0
62435,-1,1,-0.46717685,0.38528466,0,1,unassigned,4.0,4.0,0.0,1.0,0.0,0.0,0.003868472,0.0,1,0,0,0,0
62436,-1,0,2.8742292,0.94655764,1,1,unassigned,4.0,3.0,1.0,0.75,0.25,0.25,0.003868472,0.000967118,0,0,0,1,1
62437,-1,1,0.92796737,0.7166627,1,1,unassigned,11.0,11.0,0.0,1.0,0.0,0.0,0.017408123,0.0,1,0,0,1,0
62438,-1,1,-0.5388289,0.36846003,0,1,unassigned,34.0,32.0,2.0,0.9411765,0.05882353,0.058823526,0.061895553,0.0036409148,1,0,0,0,0
62439,-1,1,-0.8690775,0.2954463,0,1,unassigned,34.0,34.0,0.0,1.0,0.0,0.0,0.061895553,0.0,1,0,0,0,0
62440,-1,0,12.91241,0.9999975,1,1,unassigned,24.0,24.0,0.0,1.0,0.0,0.0,0.04255319,0.0,0,0,0,1,1
62441,-1,0,3.150297,0.9589204,1,1,unassigned,2.0,2.0,0.0,1.0,0.0,0.0,0.0,0.0,0,0,0,1,1
62442,-1,0,-0.05409342,0.48647994,0,1,unassigned,4.0,4.0,0.0,1.0,0.0,0.0,0.003868472,0.0,0,0,0,0,0
62443,-1,0,0.16971767,0.5423279,1,1,unassigned,28.0,28.0,0.0,1.0,0.0,0.0,0.050290134,0.0,0,0,0,1,0
62444,-1,0,0.26644874,0.5662209,1,1,unassigned,29.0,29.0,0.0,1.0,0.0,0.0,0.05222437,0.0,0,0,0,1,0
62445,-1,0,0.84335715,0.6991718,1,1,unassigned,4.0,4.0,0.0,1.0,0.0,0.0,0.003868472,0.0,0,0,0,1,0
62446,-1,1,-0.49181682,0.37946567,0,1,unassigned,14.0,14.0,0.0,1.0,0.0,0.0,0.023210831,0.0,1,0,0,0,0
62447,-1,0,1.1555986,0.7605321,1,1,unassigned,2.0,1.0,1.0,0.5,0.5,0.5,0.0,0.0,0,0,0,1,0
62448,-1,1,-0.42413616,0.39552742,0,1,unassigned,37.0,33.0,4.0,0.8918919,0.10810811,0.1081081,0.06769826,0.0073187314,1,0,0,0,0
62449,1,1,-0.2452026,0.43900466,0,1,unassigned,18.0,18.0,0.0,1.0,0.0,0.0,0.030947777,0.0,1,0,0,0,0
62450,-1,0,6.5215664,0.99853075,1,1,unassigned,2.0,2.0,0.0,1.0,0.0,0.0,0.0,0.0,0,0,0,1,1
62451,-1,1,-0.11202389,0.47202328,0,1,unassigned,18.0,17.0,1.0,0.9444444,0.055555556,0.055555582,0.030947777,0.0017193209,1,0,0,0,0
62452,-1,1,9.971255,0.99995327,1,1,unassigned,3.0,3.0,0.0,1.0,0.0,0.0,0.001934236,0.0,1,0,0,1,1
62453,1,1,3.5077841,0.9709084,1,0,unassigned,13.0,12.0,1.0,0.9230769,0.07692308,0.07692307,0.021276595,0.0016366612,1,0,1,1,1
62454,-1,1,3.0367277,0.9542061,1,1,unassigned,5.0,5.0,0.0,1.0,0.0,0.0,0.0058027077,0.0,1,0,0,1,1
62455,1,0,10.443186,0.9999709,1,0,unassigned,8.0,7.0,1.0,0.875,0.125,0.125,0.0116054155,0.0014506769,0,0,1,1,1
62456,-1,0,0.280573,0.5696867,1,1,unassigned,3.0,3.0,0.0,1.0,0.0,0.0,0.001934236,0.0,0,0,0,1,0
62457,-1,0,0.34958428,0.5865168,1,1,unassigned,2.0,2.0,0.0,1.0,0.0,0.0,0.0,0.0,0,0,0,1,0
62458,-1,0,2.8906364,0.9473817,1,1,unassigned,4.0,3.0,1.0,0.75,0.25,0.25,0.003868472,0.000967118,0,0,0,1,1
62459,-1,0,-0.33649614,0.41666085,0,1,unassigned,9.0,9.0,0.0,1.0,0.0,0.0,0.013539651,0.0,0,0,0,0,0
62460,-1,1,2.049214,0.88586813,1,1,unassigned,7.0,7.0,0.0,1.0,0.0,0.0,0.00967118,0.0,1,0,0,1,0
62461,0,0,-0.29395854,0.42703503,0,0,test,37.0,34.0,3.0,0.9189189,0.08108108,0.08108109,0.06769826,0.005489048,0,0,1,0,0
62462,-1,1,-0.41718572,0.39719036,0,1,unassigned,50.0,49.0,1.0,0.98,0.02,0.01999998,0.092843324,0.0018568664,1,0,0,0,0
62463,-1,0,-0.17016324,0.45756158,0,1,unassigned,15.0,15.0,0.0,1.0,0.0,0.0,0.025145067,0.0,0,0,0,0,0
62464,-1,1,-0.6900171,0.33402926,0,1,unassigned,65.0,65.0,0.0,1.0,0.0,0.0,0.12185687,0.0,1,0,0,0,0
62465,1,1,3.61049,0.9736733,1,0,val,2.0,2.0,0.0,1.0,0.0,0.0,0.0,0.0,1,0,1,1,1
62466,-1,0,2.823015,0.9439069,1,1,unassigned,3.0,3.0,0.0,1.0,0.0,0.0,0.001934236,0.0,0,0,0,1,1
62467,-1,1,-0.93231153,0.28245598,0,1,unassigned,5.0,5.0,0.0,1.0,0.0,0.0,0.0058027077,0.0,1,0,0,0,0
62468,-1,0,3.781768,0.97772515,1,1,unassigned,4.0,4.0,0.0,1.0,0.0,0.0,0.003868472,0.0,0,0,0,1,1
62469,-1,0,8.556877,0.9998079,1,1,unassigned,4.0,4.0,0.0,1.0,0.0,0.0,0.003868472,0.0,0,0,0,1,1
62470,-1,0,11.977785,0.9999937,1,1,unassigned,2.0,2.0,0.0,1.0,0.0,0.0,0.0,0.0,0,0,0,1,1
62471,-1,0,-0.36043578,0.41085407,0,1,unassigned,4.0,4.0,0.0,1.0,0.0,0.0,0.003868472,0.0,0,0,0,0,0
62472,-1,0,1.9972813,0.88051134,1,1,unassigned,2.0,2.0,0.0,1.0,0.0,0.0,0.0,0.0,0,0,0,1,0
62473,-1,0,9.292835,0.999908,1,1,unassigned,2.0,1.0,1.0,0.5,0.5,0.5,0.0,0.0,0,0,0,1,1
62474,-1,0,-0.64536375,0.34403506,0,1,unassigned,4.0,4.0,0.0,1.0,0.0,0.0,0.003868472,0.0,0,0,0,0,0
62475,-1,0,2.2576735,0.9053104,1,1,unassigned,17.0,17.0,0.0,1.0,0.0,0.0,0.029013539,0.0,0,0,0,1,1
62476,-1,0,-0.5398353,0.3682259,0,1,unassigned,2.0,2.0,0.0,1.0,0.0,0.0,0.0,0.0,0,0,0,0,0
62477,-1,0,-0.31992736,0.42069346,0,1,unassigned,11.0,11.0,0.0,1.0,0.0,0.0,0.017408123,0.0,0,0,0,0,0
62478,-1,0,3.7902024,0.9779081,1,1,unassigned,7.0,7.0,0.0,1.0,0.0,0.0,0.00967118,0.0,0,0,0,1,1
62479,-1,0,1.0288303,0.73668903,1,1,unassigned,21.0,20.0,1.0,0.95238096,0.04761905,0.047619045,0.036750484,0.0017500231,0,0,0,1,0
62480,-1,0,5.5616746,0.99617237,1,1,unassigned,26.0,23.0,3.0,0.88461536,0.115384616,0.11538464,0.046421662,0.005356346,0,0,0,1,1
62481,-1,0,1.7938101,0.8573938,1,1,unassigned,3.0,3.0,0.0,1.0,0.0,0.0,0.001934236,0.0,0,0,0,1,0
62482,-1,0,0.95852965,0.7228274,1,1,unassigned,16.0,15.0,1.0,0.9375,0.0625,0.0625,0.027079303,0.0016924564,0,0,0,1,0
62483,-1,0,1.2682657,0.7804457,1,1,unassigned,7.0,7.0,0.0,1.0,0.0,0.0,0.00967118,0.0,0,0,0,1,0
62484,-1,0,0.9626625,0.72365457,1,1,unassigned,6.0,6.0,0.0,1.0,0.0,0.0,0.007736944,0.0,0,0,0,1,0
62485,-1,1,2.1976583,0.9000391,1,1,unassigned,2.0,2.0,0.0,1.0,0.0,0.0,0.0,0.0,1,0,0,1,1
62486,-1,1,4.966886,0.99308336,1,1,unassigned,2.0,1.0,1.0,0.5,0.5,0.5,0.0,0.0,1,0,0,1,1
62487,-1,0,3.3788912,0.9670382,1,1,unassigned,2.0,2.0,0.0,1.0,0.0,0.0,0.0,0.0,0,0,0,1,1
62488,-1,1,3.1223485,0.9578053,1,1,unassigned,5.0,4.0,1.0,0.8,0.2,0.19999999,0.0058027077,0.0011605415,1,0,0,1,1
62489,-1,0,0.91286,0.713585,1,1,unassigned,20.0,20.0,0.0,1.0,0.0,0.0,0.034816246,0.0,0,0,0,1,0
62490,-1,0,-0.582185,0.35843,0,1,unassigned,33.0,33.0,0.0,1.0,0.0,0.0,0.059961315,0.0,0,0,0,0,0
62491,-1,0,8.61976,0.9998196,1,1,unassigned,3.0,3.0,0.0,1.0,0.0,0.0,0.001934236,0.0,0,0,0,1,1
62492,-1,0,-0.16048455,0.4599648,0,1,unassigned,36.0,36.0,0.0,1.0,0.0,0.0,0.065764025,0.0,0,0,0,0,0
62493,-1,0,7.2708898,0.999305,1,1,unassigned,2.0,2.0,0.0,1.0,0.0,0.0,0.0,0.0,0,0,0,1,1
62494,1,1,0.040370762,0.5100913,1,0,test,13.0,12.0,1.0,0.9230769,0.07692308,0.07692307,0.021276595,0.0016366612,1,0,1,1,0
62495,-1,0,-0.51270664,0.37455925,0,1,unassigned,42.0,42.0,0.0,1.0,0.0,0.0,0.07736944,0.0,0,0,0,0,0
62496,-1,0,3.2235813,0.9617121,1,1,unassigned,5.0,3.0,2.0,0.6,0.4,0.39999998,0.0058027077,0.002321083,0,0,0,1,1
62497,1,1,1.4162962,0.8047571,1,0,val,3.0,3.0,0.0,1.0,0.0,0.0,0.001934236,0.0,1,0,1,1,0
62498,-1,0,6.086868,0.99773264,1,1,unassigned,7.0,5.0,2.0,0.71428573,0.2857143,0.28571427,0.00967118,0.0027631943,0,0,0,1,1
62499,-1,1,2.0919607,0.8901193,1,1,unassigned,7.0,5.0,2.0,0.71428573,0.2857143,0.28571427,0.00967118,0.0027631943,1,0,0,1,0
62500,-1,1,3.5449274,0.97193944,1,1,unassigned,3.0,1.0,2.0,0.33333334,0.6666667,0.6666666,0.001934236,0.0012894907,1,0,0,1,1
62501,-1,1,-0.17680597,0.4559133,0,1,unassigned,77.0,70.0,7.0,0.90909094,0.09090909,0.090909064,0.14506769,0.013187973,1,0,0,0,0
62502,-1,0,8.219908,0.99973077,1,1,unassigned,10.0,8.0,2.0,0.8,0.2,0.19999999,0.015473888,0.0030947777,0,0,0,1,1
62503,-1,0,2.2645085,0.90589464,1,1,unassigned,5.0,5.0,0.0,1.0,0.0,0.0,0.0058027077,0.0,0,0,0,1,1
62504,-1,0,0.5530608,0.63484544,1,1,unassigned,14.0,14.0,0.0,1.0,0.0,0.0,0.023210831,0.0,0,0,0,1,0
62505,-1,1,0.0040362477,0.50100905,1,1,unassigned,14.0,11.0,3.0,0.78571427,0.21428572,0.21428573,0.023210831,0.0049737496,1,0,0,1,0
62506,-1,0,2.492798,0.92363536,1,1,unassigned,10.0,10.0,0.0,1.0,0.0,0.0,0.015473888,0.0,0,0,0,1,1
62507,-1,1,-0.4111782,0.39862967,0,1,unassigned,14.0,13.0,1.0,0.9285714,0.071428575,0.0714286,0.023210831,0.0016579166,1,0,0,0,0
62508,-1,1,0.6779353,0.66327775,1,1,unassigned,9.0,6.0,3.0,0.6666667,0.33333334,0.3333333,0.013539651,0.004513217,1,0,0,1,0
62509,-1,0,-0.5910132,0.35640243,0,1,unassigned,3.0,3.0,0.0,1.0,0.0,0.0,0.001934236,0.0,0,0,0,0,0
62510,-1,0,6.4495807,0.9984213,1,1,unassigned,2.0,2.0,0.0,1.0,0.0,0.0,0.0,0.0,0,0,0,1,1
62511,-1,0,1.6285212,0.83596694,1,1,unassigned,5.0,3.0,2.0,0.6,0.4,0.39999998,0.0058027077,0.002321083,0,0,0,1,0
62512,1,0,4.096334,0.98363864,1,0,unassigned,4.0,4.0,0.0,1.0,0.0,0.0,0.003868472,0.0,0,0,1,1,1
62513,-1,1,3.1942103,0.96061575,1,1,unassigned,7.0,6.0,1.0,0.85714287,0.14285715,0.14285713,0.00967118,0.0013815971,1,0,0,1,1
62514,-1,0,0.116619766,0.52912194,1,1,unassigned,2.0,2.0,0.0,1.0,0.0,0.0,0.0,0.0,0,0,0,1,0
62515,-1,1,6.392318,0.9983284,1,1,unassigned,27.0,18.0,9.0,0.6666667,0.33333334,0.3333333,0.0483559,0.016118634,1,0,0,1,1
62516,0,0,-0.26561236,0.4339846,0,0,val,14.0,12.0,2.0,0.85714287,0.14285715,0.14285713,0.023210831,0.0033158332,0,0,1,0,0
62517,-1,0,0.016580582,0.5041451,1,1,unassigned,16.0,16.0,0.0,1.0,0.0,0.0,0.027079303,0.0,0,0,0,1,0
62518,-1,0,3.7387946,0.97676975,1,1,unassigned,13.0,13.0,0.0,1.0,0.0,0.0,0.021276595,0.0,0,0,0,1,1
62519,-1,0,-0.19694856,0.4509214,0,1,unassigned,4.0,3.0,1.0,0.75,0.25,0.25,0.003868472,0.000967118,0,0,0,0,0
62520,-1,0,-0.5258161,0.37149325,0,1,unassigned,16.0,15.0,1.0,0.9375,0.0625,0.0625,0.027079303,0.0016924564,0,0,0,0,0
62521,-1,1,-1.0205446,0.26492134,0,1,unassigned,2.0,1.0,1.0,0.5,0.5,0.5,0.0,0.0,1,0,0,0,0
62522,-1,0,-0.23271042,0.44208357,0,1,unassigned,11.0,11.0,0.0,1.0,0.0,0.0,0.017408123,0.0,0,0,0,0,0
62523,-1,1,1.498061,0.8172851,1,1,unassigned,2.0,1.0,1.0,0.5,0.5,0.5,0.0,0.0,1,0,0,1,0
62524,-1,0,-0.06486434,0.48378962,0,1,unassigned,10.0,10.0,0.0,1.0,0.0,0.0,0.015473888,0.0,0,0,0,0,0
62525,-1,0,1.5155694,0.81988513,1,1,unassigned,2.0,2.0,0.0,1.0,0.0,0.0,0.0,0.0,0,0,0,1,0
62526,-1,1,5.6705527,0.9965659,1,1,unassigned,9.0,9.0,0.0,1.0,0.0,0.0,0.013539651,0.0,1,0,0,1,1
62527,-1,0,-0.4346946,0.39300588,0,1,unassigned,10.0,9.0,1.0,0.9,0.1,0.100000024,0.015473888,0.0015473888,0,0,0,0,0
62528,-1,1,2.6020198,0.9309914,1,1,unassigned,23.0,16.0,7.0,0.6956522,0.3043478,0.3043478,0.040618956,0.01236229,1,0,0,1,1
62529,-1,0,0.8356355,0.6975452,1,1,unassigned,24.0,22.0,2.0,0.9166667,0.083333336,0.08333331,0.04255319,0.0035460992,0,0,0,1,0
62530,-1,0,4.5112824,0.9891349,1,1,unassigned,2.0,2.0,0.0,1.0,0.0,0.0,0.0,0.0,0,0,0,1,1
62531,-1,0,3.7570488,0.97718036,1,1,unassigned,27.0,26.0,1.0,0.962963,0.037037037,0.037037015,0.0483559,0.0017909593,0,0,0,1,1
62532,-1,0,-0.12903666,0.46778554,0,1,unassigned,29.0,3.0,26.0,0.10344828,0.8965517,0.8965517,0.05222437,0.04682185,0,0,0,0,0
62533,-1,0,12.4057665,0.99999595,1,1,unassigned,18.0,14.0,4.0,0.7777778,0.22222222,0.22222221,0.030947777,0.0068772836,0,0,0,1,1
62534,-1,0,-0.6876818,0.33454898,0,1,unassigned,15.0,15.0,0.0,1.0,0.0,0.0,0.025145067,0.0,0,0,0,0,0
62535,-1,0,-1.2607834,0.22083907,0,1,unassigned,11.0,10.0,1.0,0.90909094,0.09090909,0.090909064,0.017408123,0.0015825568,0,0,0,0,0
62536,-1,0,1.2441542,0.7762863,1,1,unassigned,3.0,3.0,0.0,1.0,0.0,0.0,0.001934236,0.0,0,0,0,1,0
62537,-1,0,2.8265603,0.94409436,1,1,unassigned,24.0,23.0,1.0,0.9583333,0.041666668,0.041666687,0.04255319,0.0017730496,0,0,0,1,1
62538,-1,0,3.917527,0.9804977,1,1,unassigned,14.0,14.0,0.0,1.0,0.0,0.0,0.023210831,0.0,0,0,0,1,1
62539,-1,0,0.38602835,0.5953263,1,1,unassigned,3.0,3.0,0.0,1.0,0.0,0.0,0.001934236,0.0,0,0,0,1,0
62540,-1,0,5.048321,0.9936208,1,1,unassigned,2.0,1.0,1.0,0.5,0.5,0.5,0.0,0.0,0,0,0,1,1
62541,-1,0,3.6835845,0.9754834,1,1,unassigned,3.0,3.0,0.0,1.0,0.0,0.0,0.001934236,0.0,0,0,0,1,1
62542,-1,0,-0.13363615,0.46664062,0,1,unassigned,7.0,7.0,0.0,1.0,0.0,0.0,0.00967118,0.0,0,0,0,0,0
62543,-1,0,11.276115,0.99998736,1,1,unassigned,2.0,2.0,0.0,1.0,0.0,0.0,0.0,0.0,0,0,0,1,1
62544,-1,0,4.79157,0.99176884,1,1,unassigned,4.0,2.0,2.0,0.5,0.5,0.5,0.003868472,0.001934236,0,0,0,1,1
62545,-1,0,0.5914903,0.64370704,1,1,unassigned,7.0,4.0,3.0,0.5714286,0.42857143,0.4285714,0.00967118,0.0041447915,0,0,0,1,0
62546,-1,1,0.58549875,0.6423317,1,1,unassigned,2.0,2.0,0.0,1.0,0.0,0.0,0.0,0.0,1,0,0,1,0
62547,-1,0,0.66585404,0.6605742,1,1,unassigned,4.0,3.0,1.0,0.75,0.25,0.25,0.003868472,0.000967118,0,0,0,1,0
62548,-1,1,-0.73280615,0.32457927,0,1,unassigned,6.0,6.0,0.0,1.0,0.0,0.0,0.007736944,0.0,1,0,0,0,0
62549,-1,0,1.8280342,0.86152744,1,1,unassigned,6.0,6.0,0.0,1.0,0.0,0.0,0.007736944,0.0,0,0,0,1,0
62550,-1,1,0.329602,0.58166254,1,1,unassigned,2.0,2.0,0.0,1.0,0.0,0.0,0.0,0.0,1,0,0,1,0
62551,-1,1,-0.0033109784,0.49917227,0,1,unassigned,11.0,11.0,0.0,1.0,0.0,0.0,0.017408123,0.0,1,0,0,0,0
62552,-1,1,-0.1189709,0.47029233,0,1,unassigned,12.0,12.0,0.0,1.0,0.0,0.0,0.01934236,0.0,1,0,0,0,0
62553,-1,1,-0.13404137,0.4665397,0,1,unassigned,2.0,2.0,0.0,1.0,0.0,0.0,0.0,0.0,1,0,0,0,0
62554,0,0,-0.3250432,0.41944718,0,0,test,3.0,3.0,0.0,1.0,0.0,0.0,0.001934236,0.0,0,0,1,0,0
62555,-1,0,4.821242,0.9920076,1,1,unassigned,5.0,5.0,0.0,1.0,0.0,0.0,0.0058027077,0.0,0,0,0,1,1
62556,-1,1,-0.7911233,0.31192753,0,1,unassigned,32.0,32.0,0.0,1.0,0.0,0.0,0.058027077,0.0,1,0,0,0,0
62557,-1,0,0.19126135,0.54767007,1,1,unassigned,31.0,31.0,0.0,1.0,0.0,0.0,0.056092843,0.0,0,0,0,1,0
62558,-1,0,4.0737767,0.98327154,1,1,unassigned,15.0,15.0,0.0,1.0,0.0,0.0,0.025145067,0.0,0,0,0,1,1
62559,-1,0,-0.03847152,0.49038327,0,1,unassigned,23.0,23.0,0.0,1.0,0.0,0.0,0.040618956,0.0,0,0,0,0,0
62560,-1,0,0.123567045,0.5308525,1,1,unassigned,19.0,19.0,0.0,1.0,0.0,0.0,0.032882012,0.0,0,0,0,1,0
62561,-1,0,-0.7538229,0.31998888,0,1,unassigned,15.0,15.0,0.0,1.0,0.0,0.0,0.025145067,0.0,0,0,0,0,0
62562,-1,0,0.09736186,0.52432126,1,1,unassigned,26.0,26.0,0.0,1.0,0.0,0.0,0.046421662,0.0,0,0,0,1,0
62563,0,1,0.010086596,0.50252163,1,1,val,13.0,13.0,0.0,1.0,0.0,0.0,0.021276595,0.0,1,0,0,1,0
62564,-1,0,4.4533424,0.98849434,1,1,unassigned,2.0,2.0,0.0,1.0,0.0,0.0,0.0,0.0,0,0,0,1,1
62565,-1,0,-0.684217,0.33532077,0,1,unassigned,16.0,14.0,2.0,0.875,0.125,0.125,0.027079303,0.0033849129,0,0,0,0,0
62566,-1,0,-0.7119384,0.32917067,0,1,unassigned,2.0,2.0,0.0,1.0,0.0,0.0,0.0,0.0,0,0,0,0,0
62567,-1,0,1.1449504,0.75858736,1,1,unassigned,8.0,8.0,0.0,1.0,0.0,0.0,0.0116054155,0.0,0,0,0,1,0
62568,0,0,-0.04583448,0.48854336,0,0,unassigned,19.0,19.0,0.0,1.0,0.0,0.0,0.032882012,0.0,0,0,1,0,0
62569,-1,0,-0.8126844,0.30731878,0,1,unassigned,31.0,31.0,0.0,1.0,0.0,0.0,0.056092843,0.0,0,0,0,0,0
62570,-1,0,10.6887245,0.99997723,1,1,unassigned,18.0,14.0,4.0,0.7777778,0.22222222,0.22222221,0.030947777,0.0068772836,0,0,0,1,1
62571,-1,0,1.9086969,0.8708727,1,1,unassigned,13.0,13.0,0.0,1.0,0.0,0.0,0.021276595,0.0,0,0,0,1,0
62572,-1,0,0.5699062,0.63874155,1,1,unassigned,16.0,14.0,2.0,0.875,0.125,0.125,0.027079303,0.0033849129,0,0,0,1,0
62573,0,0,-0.8884723,0.2914252,0,0,test,10.0,9.0,1.0,0.9,0.1,0.100000024,0.015473888,0.0015473888,0,0,1,0,0
62574,-1,0,8.76689,0.9998442,1,1,unassigned,17.0,16.0,1.0,0.9411765,0.05882353,0.058823526,0.029013539,0.0017066788,0,0,0,1,1
62575,-1,0,7.8750978,0.9996201,1,1,unassigned,19.0,18.0,1.0,0.94736844,0.05263158,0.052631557,0.032882012,0.0017306323,0,0,0,1,1
62576,-1,1,0.9322787,0.71753734,1,1,unassigned,7.0,6.0,1.0,0.85714287,0.14285715,0.14285713,0.00967118,0.0013815971,1,0,0,1,0
62577,-1,0,2.5959394,0.9305998,1,1,unassigned,10.0,10.0,0.0,1.0,0.0,0.0,0.015473888,0.0,0,0,0,1,1
62578,-1,0,-0.25229904,0.4372577,0,1,unassigned,24.0,23.0,1.0,0.9583333,0.041666668,0.041666687,0.04255319,0.0017730496,0,0,0,0,0
62579,0,1,-0.20414913,0.44913927,0,0,val,5.0,5.0,0.0,1.0,0.0,0.0,0.0058027077,0.0,1,0,1,0,0
62580,-1,1,18.915884,1.0,1,1,unassigned,6.0,5.0,1.0,0.8333333,0.16666667,0.16666669,0.007736944,0.0012894907,1,0,0,1,1
62581,-1,0,7.79826,0.99958974,1,1,unassigned,5.0,5.0,0.0,1.0,0.0,0.0,0.0058027077,0.0,0,0,0,1,1
62582,-1,0,0.32090032,0.57954365,1,1,unassigned,2.0,2.0,0.0,1.0,0.0,0.0,0.0,0.0,0,0,0,1,0
62583,-1,0,5.435123,0.9956583,1,1,unassigned,8.0,8.0,0.0,1.0,0.0,0.0,0.0116054155,0.0,0,0,0,1,1
62584,-1,1,3.0043094,0.95276845,1,1,unassigned,2.0,2.0,0.0,1.0,0.0,0.0,0.0,0.0,1,0,0,1,1
62585,1,1,-0.7170554,0.32804173,0,1,unassigned,38.0,36.0,2.0,0.94736844,0.05263158,0.052631557,0.06963249,0.0036648682,1,0,0,0,0
62586,-1,0,6.3163915,0.9981968,1,1,unassigned,31.0,31.0,0.0,1.0,0.0,0.0,0.056092843,0.0,0,0,0,1,1
62587,-1,0,0.13754547,0.5343322,1,1,unassigned,4.0,4.0,0.0,1.0,0.0,0.0,0.003868472,0.0,0,0,0,1,0
62588,-1,0,0.96832424,0.7247854,1,1,unassigned,17.0,17.0,0.0,1.0,0.0,0.0,0.029013539,0.0,0,0,0,1,0
62589,-1,0,2.8941314,0.94755554,1,1,unassigned,2.0,2.0,0.0,1.0,0.0,0.0,0.0,0.0,0,0,0,1,1
62590,-1,0,6.8749204,0.99896765,1,1,unassigned,8.0,5.0,3.0,0.625,0.375,0.375,0.0116054155,0.004352031,0,0,0,1,1
62591,-1,0,1.1940265,0.7674604,1,1,unassigned,25.0,24.0,1.0,0.96,0.04,0.04000002,0.044487428,0.001779497,0,0,0,1,0
62592,-1,0,0.018297851,0.50457436,1,1,unassigned,18.0,17.0,1.0,0.9444444,0.055555556,0.055555582,0.030947777,0.0017193209,0,0,0,1,0
62593,-1,0,1.5540752,0.82550156,1,1,unassigned,8.0,7.0,1.0,0.875,0.125,0.125,0.0116054155,0.0014506769,0,0,0,1,0
62594,1,0,0.010398567,0.50259966,1,0,val,2.0,2.0,0.0,1.0,0.0,0.0,0.0,0.0,0,0,1,1,0
62595,-1,0,8.542783,0.99980515,1,1,unassigned,13.0,13.0,0.0,1.0,0.0,0.0,0.021276595,0.0,0,0,0,1,1
62596,-1,0,2.3646781,0.91409385,1,1,unassigned,5.0,5.0,0.0,1.0,0.0,0.0,0.0058027077,0.0,0,0,0,1,1
62597,-1,1,0.39314407,0.59703934,1,1,unassigned,9.0,9.0,0.0,1.0,0.0,0.0,0.013539651,0.0,1,0,0,1,0
62598,-1,0,8.616787,0.999819,1,1,unassigned,22.0,22.0,0.0,1.0,0.0,0.0,0.03868472,0.0,0,0,0,1,1
62599,-1,0,0.14145464,0.5353048,1,1,unassigned,8.0,8.0,0.0,1.0,0.0,0.0,0.0116054155,0.0,0,0,0,1,0
62600,0,0,-0.88137656,0.2928926,0,0,unassigned,11.0,11.0,0.0,1.0,0.0,0.0,0.017408123,0.0,0,0,1,0,0
62601,-1,1,1.2902939,0.7841969,1,1,unassigned,12.0,12.0,0.0,1.0,0.0,0.0,0.01934236,0.0,1,0,0,1,0
62602,-1,0,5.943065,0.99738294,1,1,unassigned,14.0,11.0,3.0,0.78571427,0.21428572,0.21428573,0.023210831,0.0049737496,0,0,0,1,1
62603,-1,0,3.905413,0.98026466,1,1,unassigned,10.0,9.0,1.0,0.9,0.1,0.100000024,0.015473888,0.0015473888,0,0,0,1,1
62604,-1,0,-1.5150346,0.18019386,0,1,unassigned,3.0,3.0,0.0,1.0,0.0,0.0,0.001934236,0.0,0,0,0,0,0
62605,-1,1,1.9827836,0.8789776,1,1,unassigned,2.0,2.0,0.0,1.0,0.0,0.0,0.0,0.0,1,0,0,1,0
62606,-1,0,1.9210527,0.8722558,1,1,unassigned,2.0,2.0,0.0,1.0,0.0,0.0,0.0,0.0,0,0,0,1,0
62607,-1,1,3.2082603,0.961144,1,1,unassigned,3.0,2.0,1.0,0.6666667,0.33333334,0.3333333,0.001934236,0.00064474536,1,0,0,1,1
62608,-1,0,3.4446537,0.9690713,1,1,unassigned,9.0,9.0,0.0,1.0,0.0,0.0,0.013539651,0.0,0,0,0,1,1
62609,-1,1,-0.9116608,0.2866601,0,1,unassigned,94.0,85.0,9.0,0.90425533,0.095744684,0.09574467,0.17794971,0.017037738,1,0,0,0,0
62610,-1,0,4.438474,0.9883239,1,1,unassigned,12.0,11.0,1.0,0.9166667,0.083333336,0.08333331,0.01934236,0.0016118633,0,0,0,1,1
62611,-1,0,-0.2678706,0.43342993,0,1,unassigned,20.0,20.0,0.0,1.0,0.0,0.0,0.034816246,0.0,0,0,0,0,0
62612,1,1,1.6948016,0.84485453,1,0,unassigned,13.0,10.0,3.0,0.7692308,0.23076923,0.23076922,0.021276595,0.0049099834,1,0,1,1,0
62613,-1,0,0.12780124,0.5319069,1,1,unassigned,9.0,9.0,0.0,1.0,0.0,0.0,0.013539651,0.0,0,0,0,1,0
62614,-1,0,-0.411089,0.39865103,0,1,unassigned,40.0,38.0,2.0,0.95,0.05,0.050000012,0.07350097,0.0036750485,0,0,0,0,0
62615,-1,0,-0.29582742,0.4265778,0,1,unassigned,18.0,18.0,0.0,1.0,0.0,0.0,0.030947777,0.0,0,0,0,0,0
62616,-1,1,10.678498,0.999977,1,1,unassigned,2.0,2.0,0.0,1.0,0.0,0.0,0.0,0.0,1,0,0,1,1
62617,-1,0,-0.05790633,0.4855275,0,1,unassigned,4.0,4.0,0.0,1.0,0.0,0.0,0.003868472,0.0,0,0,0,0,0
62618,-1,0,0.6574927,0.6586969,1,1,unassigned,2.0,2.0,0.0,1.0,0.0,0.0,0.0,0.0,0,0,0,1,0
62619,-1,0,3.7056477,0.9760056,1,1,unassigned,3.0,3.0,0.0,1.0,0.0,0.0,0.001934236,0.0,0,0,0,1,1
62620,-1,0,6.817862,0.9989071,1,1,unassigned,6.0,6.0,0.0,1.0,0.0,0.0,0.007736944,0.0,0,0,0,1,1
62621,-1,0,7.888902,0.9996252,1,1,unassigned,3.0,3.0,0.0,1.0,0.0,0.0,0.001934236,0.0,0,0,0,1,1
62622,-1,0,1.8926933,0.8690623,1,1,unassigned,4.0,4.0,0.0,1.0,0.0,0.0,0.003868472,0.0,0,0,0,1,0
62623,-1,0,3.7149956,0.9762235,1,1,unassigned,2.0,2.0,0.0,1.0,0.0,0.0,0.0,0.0,0,0,0,1,1
62624,-1,1,-0.37190548,0.4080807,0,1,unassigned,5.0,5.0,0.0,1.0,0.0,0.0,0.0058027077,0.0,1,0,0,0,0
62625,-1,0,2.4178698,0.91817987,1,1,unassigned,17.0,14.0,3.0,0.8235294,0.1764706,0.17647058,0.029013539,0.005120036,0,0,0,1,1
62626,-1,1,6.951516,0.99904376,1,1,unassigned,14.0,10.0,4.0,0.71428573,0.2857143,0.28571427,0.023210831,0.0066316663,1,0,0,1,1
62627,-1,0,12.78028,0.99999714,1,1,unassigned,2.0,2.0,0.0,1.0,0.0,0.0,0.0,0.0,0,0,0,1,1
62628,-1,1,4.704196,0.99102414,1,1,unassigned,5.0,3.0,2.0,0.6,0.4,0.39999998,0.0058027077,0.002321083,1,0,0,1,1
62629,-1,0,-0.24354333,0.43941334,0,1,unassigned,3.0,3.0,0.0,1.0,0.0,0.0,0.001934236,0.0,0,0,0,0,0
62630,-1,0,0.079345405,0.51982594,1,1,unassigned,11.0,11.0,0.0,1.0,0.0,0.0,0.017408123,0.0,0,0,0,1,0
62631,-1,0,1.2906656,0.78425986,1,1,unassigned,4.0,3.0,1.0,0.75,0.25,0.25,0.003868472,0.000967118,0,0,0,1,0
62632,-1,0,-0.44864345,0.38968337,0,1,unassigned,19.0,17.0,2.0,0.8947368,0.10526316,0.10526317,0.032882012,0.0034612645,0,0,0,0,0
62633,-1,0,-0.92184687,0.28458172,0,1,unassigned,13.0,13.0,0.0,1.0,0.0,0.0,0.021276595,0.0,0,0,0,0,0
62634,-1,0,6.8182397,0.99890757,1,1,unassigned,4.0,4.0,0.0,1.0,0.0,0.0,0.003868472,0.0,0,0,0,1,1
62635,-1,0,-0.5345521,0.3694558,0,1,unassigned,3.0,3.0,0.0,1.0,0.0,0.0,0.001934236,0.0,0,0,0,0,0
62636,-1,0,-0.4009748,0.4010782,0,1,unassigned,7.0,6.0,1.0,0.85714287,0.14285715,0.14285713,0.00967118,0.0013815971,0,0,0,0,0
62637,0,0,-0.4164461,0.39736748,0,0,unassigned,5.0,5.0,0.0,1.0,0.0,0.0,0.0058027077,0.0,0,0,1,0,0
62638,-1,1,-0.75788695,0.3191052,0,1,unassigned,9.0,8.0,1.0,0.8888889,0.11111111,0.111111104,0.013539651,0.0015044058,1,0,0,0,0
62639,-1,0,1.7405205,0.8507531,1,1,unassigned,2.0,2.0,0.0,1.0,0.0,0.0,0.0,0.0,0,0,0,1,0
62640,1,0,0.2705627,0.56723106,1,0,train,7.0,7.0,0.0,1.0,0.0,0.0,0.00967118,0.0,0,0,1,1,0
62641,-1,1,0.015838146,0.5039595,1,1,unassigned,2.0,2.0,0.0,1.0,0.0,0.0,0.0,0.0,1,0,0,1,0
62642,0,0,-0.7959402,0.3108946,0,0,unassigned,45.0,45.0,0.0,1.0,0.0,0.0,0.08317215,0.0,0,0,1,0,0
62643,-1,0,1.6233764,0.8352603,1,1,unassigned,11.0,11.0,0.0,1.0,0.0,0.0,0.017408123,0.0,0,0,0,1,0
62644,-1,0,8.990243,0.9998754,1,1,unassigned,2.0,2.0,0.0,1.0,0.0,0.0,0.0,0.0,0,0,0,1,1
62645,-1,0,5.5718074,0.9962108,1,1,unassigned,6.0,6.0,0.0,1.0,0.0,0.0,0.007736944,0.0,0,0,0,1,1
62646,-1,0,4.314626,0.98680484,1,1,unassigned,4.0,4.0,0.0,1.0,0.0,0.0,0.003868472,0.0,0,0,0,1,1
62647,-1,0,4.501123,0.9890253,1,1,unassigned,8.0,8.0,0.0,1.0,0.0,0.0,0.0116054155,0.0,0,0,0,1,1
62648,-1,0,8.554115,0.9998073,1,1,unassigned,7.0,5.0,2.0,0.71428573,0.2857143,0.28571427,0.00967118,0.0027631943,0,0,0,1,1
62649,-1,1,-0.23914084,0.4404981,0,1,unassigned,33.0,27.0,6.0,0.8181818,0.18181819,0.18181819,0.059961315,0.010902057,1,0,0,0,0
62650,-1,0,-0.43328,0.3933434,0,1,unassigned,26.0,26.0,0.0,1.0,0.0,0.0,0.046421662,0.0,0,0,0,0,0
62651,-1,1,1.3556771,0.7950562,1,1,unassigned,4.0,1.0,3.0,0.25,0.75,0.75,0.003868472,0.002901354,1,0,0,1,0
62652,-1,0,-0.6651796,0.33957705,0,1,unassigned,17.0,16.0,1.0,0.9411765,0.05882353,0.058823526,0.029013539,0.0017066788,0,0,0,0,0
62653,-1,1,-0.9712677,0.2746279,0,1,unassigned,25.0,25.0,0.0,1.0,0.0,0.0,0.044487428,0.0,1,0,0,0,0
62654,1,0,-2.0862377,0.110441655,0,1,val,2.0,2.0,0.0,1.0,0.0,0.0,0.0,0.0,0,0,0,0,0
62655,-1,0,3.7745898,0.97756827,1,1,unassigned,2.0,2.0,0.0,1.0,0.0,0.0,0.0,0.0,0,0,0,1,1
62656,-1,0,0.31346172,0.57773,1,1,unassigned,14.0,2.0,12.0,0.14285715,0.85714287,0.85714287,0.023210831,0.019894999,0,0,0,1,0
62657,-1,0,5.332771,0.9951925,1,1,unassigned,3.0,2.0,1.0,0.6666667,0.33333334,0.3333333,0.001934236,0.00064474536,0,0,0,1,1
62658,-1,0,4.735224,0.99129593,1,1,unassigned,6.0,5.0,1.0,0.8333333,0.16666667,0.16666669,0.007736944,0.0012894907,0,0,0,1,1
62659,1,0,-0.397149,0.4019975,0,1,unassigned,6.0,6.0,0.0,1.0,0.0,0.0,0.007736944,0.0,0,0,0,0,0
62660,-1,1,4.2650714,0.9861438,1,1,unassigned,2.0,1.0,1.0,0.5,0.5,0.5,0.0,0.0,1,0,0,1,1
62661,-1,0,1.870302,0.86649317,1,1,unassigned,2.0,2.0,0.0,1.0,0.0,0.0,0.0,0.0,0,0,0,1,0
62662,0,0,-0.20344913,0.44931248,0,0,unassigned,50.0,46.0,4.0,0.92,0.08,0.07999998,0.092843324,0.0074274656,0,0,1,0,0
62663,0,0,0.10818499,0.52701986,1,1,val,16.0,16.0,0.0,1.0,0.0,0.0,0.027079303,0.0,0,0,0,1,0
62664,1,0,-0.008687556,0.49782813,0,1,unassigned,42.0,42.0,0.0,1.0,0.0,0.0,0.07736944,0.0,0,0,0,0,0
62665,-1,0,6.616993,0.9986644,1,1,unassigned,8.0,2.0,6.0,0.25,0.75,0.75,0.0116054155,0.008704062,0,0,0,1,1
62666,-1,1,-1.0078812,0.26739472,0,1,unassigned,3.0,3.0,0.0,1.0,0.0,0.0,0.001934236,0.0,1,0,0,0,0
62667,-1,0,-0.36959523,0.40863883,0,1,unassigned,16.0,16.0,0.0,1.0,0.0,0.0,0.027079303,0.0,0,0,0,0,0
62668,-1,0,3.8909323,0.9799826,1,1,unassigned,7.0,7.0,0.0,1.0,0.0,0.0,0.00967118,0.0,0,0,0,1,1
62669,-1,0,-0.4897849,0.37994424,0,1,unassigned,2.0,2.0,0.0,1.0,0.0,0.0,0.0,0.0,0,0,0,0,0
62670,-1,0,4.1217,0.9840419,1,1,unassigned,10.0,10.0,0.0,1.0,0.0,0.0,0.015473888,0.0,0,0,0,1,1
62671,-1,0,4.7439837,0.99137115,1,1,unassigned,3.0,3.0,0.0,1.0,0.0,0.0,0.001934236,0.0,0,0,0,1,1
62672,-1,0,0.5448157,0.63293195,1,1,unassigned,3.0,3.0,0.0,1.0,0.0,0.0,0.001934236,0.0,0,0,0,1,0
62673,1,1,6.355191,0.9982653,1,0,val,19.0,19.0,0.0,1.0,0.0,0.0,0.032882012,0.0,1,0,1,1,1
62674,-1,1,0.33537894,0.58306754,1,1,unassigned,13.0,13.0,0.0,1.0,0.0,0.0,0.021276595,0.0,1,0,0,1,0
62675,1,1,-0.5172303,0.3735001,0,1,unassigned,48.0,46.0,2.0,0.9583333,0.041666668,0.041666687,0.088974856,0.0037072857,1,0,0,0,0
62676,-1,1,2.814494,0.94345397,1,1,unassigned,14.0,13.0,1.0,0.9285714,0.071428575,0.0714286,0.023210831,0.0016579166,1,0,0,1,1
62677,-1,1,-0.19392133,0.45167103,0,1,unassigned,51.0,51.0,0.0,1.0,0.0,0.0,0.09477756,0.0,1,0,0,0,0
62678,1,0,7.208099,0.99926,1,0,test,2.0,2.0,0.0,1.0,0.0,0.0,0.0,0.0,0,0,1,1,1
62679,-1,0,4.454918,0.9885123,1,1,unassigned,4.0,2.0,2.0,0.5,0.5,0.5,0.003868472,0.001934236,0,0,0,1,1
62680,-1,0,3.773677,0.9775482,1,1,unassigned,2.0,2.0,0.0,1.0,0.0,0.0,0.0,0.0,0,0,0,1,1
62681,-1,0,3.644778,0.974538,1,1,unassigned,9.0,8.0,1.0,0.8888889,0.11111111,0.111111104,0.013539651,0.0015044058,0,0,0,1,1
62682,0,1,0.25761914,0.5640509,1,1,test,2.0,2.0,0.0,1.0,0.0,0.0,0.0,0.0,1,0,0,1,0
62683,-1,1,-0.44443518,0.3906847,0,1,unassigned,11.0,9.0,2.0,0.8181818,0.18181819,0.18181819,0.017408123,0.0031651135,1,0,0,0,0
62684,-1,1,-3.2793906,0.036285017,0,1,unassigned,4.0,4.0,0.0,1.0,0.0,0.0,0.003868472,0.0,1,0,0,0,1
62685,-1,0,3.1026843,0.95700336,1,1,unassigned,4.0,4.0,0.0,1.0,0.0,0.0,0.003868472,0.0,0,0,0,1,1
62686,-1,1,4.289546,0.98647434,1,1,unassigned,19.0,18.0,1.0,0.94736844,0.05263158,0.052631557,0.032882012,0.0017306323,1,0,0,1,1
62687,-1,0,2.3294828,0.9112896,1,1,unassigned,2.0,2.0,0.0,1.0,0.0,0.0,0.0,0.0,0,0,0,1,1
62688,-1,0,0.84742504,0.7000267,1,1,unassigned,4.0,4.0,0.0,1.0,0.0,0.0,0.003868472,0.0,0,0,0,1,0
62689,-1,1,0.636679,0.6540023,1,1,unassigned,16.0,16.0,0.0,1.0,0.0,0.0,0.027079303,0.0,1,0,0,1,0
62690,-1,0,0.49885136,0.62218934,1,1,unassigned,6.0,6.0,0.0,1.0,0.0,0.0,0.007736944,0.0,0,0,0,1,0
62691,-1,1,2.326589,0.9110554,1,1,unassigned,3.0,3.0,0.0,1.0,0.0,0.0,0.001934236,0.0,1,0,0,1,1
62692,-1,1,-0.24025568,0.44022334,0,1,unassigned,21.0,21.0,0.0,1.0,0.0,0.0,0.036750484,0.0,1,0,0,0,0
62693,-1,1,-0.6805405,0.3361407,0,1,unassigned,25.0,25.0,0.0,1.0,0.0,0.0,0.044487428,0.0,1,0,0,0,0
62694,-1,1,-0.5415443,0.36782843,0,1,unassigned,61.0,61.0,0.0,1.0,0.0,0.0,0.114119925,0.0,1,0,0,0,0
62695,-1,0,-0.90251017,0.28853494,0,1,unassigned,37.0,37.0,0.0,1.0,0.0,0.0,0.06769826,0.0,0,0,0,0,0
62696,-1,0,0.15625328,0.53898406,1,1,unassigned,29.0,28.0,1.0,0.9655172,0.03448276,0.034482777,0.05222437,0.0018008404,0,0,0,1,0
62697,-1,1,-0.4031147,0.40056422,0,1,unassigned,2.0,1.0,1.0,0.5,0.5,0.5,0.0,0.0,1,0,0,0,0
62698,-1,0,3.0129468,0.9531556,1,1,unassigned,2.0,2.0,0.0,1.0,0.0,0.0,0.0,0.0,0,0,0,1,1
62699,-1,0,-0.73921704,0.3231754,0,1,unassigned,3.0,3.0,0.0,1.0,0.0,0.0,0.001934236,0.0,0,0,0,0,0
62700,-1,0,-0.65148836,0.3426542,0,1,unassigned,5.0,5.0,0.0,1.0,0.0,0.0,0.0058027077,0.0,0,0,0,0,0
62701,-1,0,2.8826792,0.9469835,1,1,unassigned,7.0,7.0,0.0,1.0,0.0,0.0,0.00967118,0.0,0,0,0,1,1
62702,-1,0,3.7079756,0.9760601,1,1,unassigned,16.0,14.0,2.0,0.875,0.125,0.125,0.027079303,0.0033849129,0,0,0,1,1
62703,-1,0,1.6480954,0.8386334,1,1,unassigned,13.0,13.0,0.0,1.0,0.0,0.0,0.021276595,0.0,0,0,0,1,0
62704,-1,0,2.2617476,0.905659,1,1,unassigned,10.0,10.0,0.0,1.0,0.0,0.0,0.015473888,0.0,0,0,0,1,1
62705,1,0,0.31800735,0.5788385,1,0,test,5.0,5.0,0.0,1.0,0.0,0.0,0.0058027077,0.0,0,0,1,1,0
62706,-1,0,0.4601162,0.61304176,1,1,unassigned,7.0,6.0,1.0,0.85714287,0.14285715,0.14285713,0.00967118,0.0013815971,0,0,0,1,0
62707,-1,0,-0.5949621,0.35549715,0,1,unassigned,8.0,8.0,0.0,1.0,0.0,0.0,0.0116054155,0.0,0,0,0,0,0
62708,1,0,2.8029573,0.94283545,1,0,unassigned,6.0,6.0,0.0,1.0,0.0,0.0,0.007736944,0.0,0,0,1,1,1
62709,-1,1,-0.0511418,0.48721734,0,1,unassigned,14.0,14.0,0.0,1.0,0.0,0.0,0.023210831,0.0,1,0,0,0,0
62710,-1,0,5.5679893,0.9961964,1,1,unassigned,3.0,2.0,1.0,0.6666667,0.33333334,0.3333333,0.001934236,0.00064474536,0,0,0,1,1
62711,0,1,-0.2152282,0.44639972,0,0,test,29.0,28.0,1.0,0.9655172,0.03448276,0.034482777,0.05222437,0.0018008404,1,0,1,0,0
62712,0,1,-0.4833769,0.38145503,0,0,train,2.0,2.0,0.0,1.0,0.0,0.0,0.0,0.0,1,0,1,0,0
62713,-1,0,0.6235674,0.6510294,1,1,unassigned,11.0,11.0,0.0,1.0,0.0,0.0,0.017408123,0.0,0,0,0,1,0
62714,-1,0,2.1630867,0.89688534,1,1,unassigned,5.0,3.0,2.0,0.6,0.4,0.39999998,0.0058027077,0.002321083,0,0,0,1,0
62715,-1,0,1.5943322,0.83122474,1,1,unassigned,4.0,2.0,2.0,0.5,0.5,0.5,0.003868472,0.001934236,0,0,0,1,0
62716,-1,0,1.829525,0.8617051,1,1,unassigned,6.0,6.0,0.0,1.0,0.0,0.0,0.007736944,0.0,0,0,0,1,0
62717,1,0,0.39948797,0.5985646,1,0,unassigned,2.0,1.0,1.0,0.5,0.5,0.5,0.0,0.0,0,0,1,1,0
62718,-1,1,1.2811525,0.7826459,1,1,unassigned,15.0,14.0,1.0,0.93333334,0.06666667,0.06666666,0.025145067,0.0016763379,1,0,0,1,0
62719,-1,1,-0.42844325,0.3944981,0,1,unassigned,35.0,33.0,2.0,0.94285715,0.057142857,0.057142854,0.06382979,0.0036474164,1,0,0,0,0
62720,-1,0,-0.5194863,0.37297237,0,1,unassigned,17.0,17.0,0.0,1.0,0.0,0.0,0.029013539,0.0,0,0,0,0,0
62721,-1,1,-0.52595556,0.37146068,0,1,unassigned,54.0,53.0,1.0,0.9814815,0.018518519,0.018518507,0.10058027,0.0018625975,1,0,0,0,0
62722,1,1,-0.22218087,0.44468212,0,1,test,29.0,28.0,1.0,0.9655172,0.03448276,0.034482777,0.05222437,0.0018008404,1,0,0,0,0
62723,-1,1,0.09050757,0.52261144,1,1,unassigned,14.0,14.0,0.0,1.0,0.0,0.0,0.023210831,0.0,1,0,0,1,0
62724,0,0,-0.28992504,0.4280222,0,0,test,14.0,14.0,0.0,1.0,0.0,0.0,0.023210831,0.0,0,0,1,0,0
62725,-1,1,-0.6927646,0.33341837,0,1,unassigned,21.0,20.0,1.0,0.95238096,0.04761905,0.047619045,0.036750484,0.0017500231,1,0,0,0,0
62726,-1,0,1.8183243,0.8603649,1,1,unassigned,12.0,12.0,0.0,1.0,0.0,0.0,0.01934236,0.0,0,0,0,1,0
62727,-1,0,3.8909657,0.97998327,1,1,unassigned,13.0,13.0,0.0,1.0,0.0,0.0,0.021276595,0.0,0,0,0,1,1
62728,-1,0,2.9902408,0.9521313,1,1,unassigned,5.0,3.0,2.0,0.6,0.4,0.39999998,0.0058027077,0.002321083,0,0,0,1,1
62729,-1,0,0.87115234,0.70498544,1,1,unassigned,2.0,1.0,1.0,0.5,0.5,0.5,0.0,0.0,0,0,0,1,0
62730,0,1,-0.3341844,0.4172229,0,0,unassigned,15.0,15.0,0.0,1.0,0.0,0.0,0.025145067,0.0,1,0,1,0,0
62731,-1,1,0.5166808,0.62637126,1,1,unassigned,33.0,31.0,2.0,0.93939394,0.060606062,0.060606062,0.059961315,0.0036340193,1,0,0,1,0
62732,-1,1,-0.2940134,0.42702156,0,1,unassigned,8.0,7.0,1.0,0.875,0.125,0.125,0.0116054155,0.0014506769,1,0,0,0,0
62733,1,1,-0.8622178,0.2968762,0,1,unassigned,39.0,25.0,14.0,0.64102566,0.35897437,0.35897434,0.07156673,0.025690623,1,0,0,0,0
62734,-1,0,7.192152,0.9992481,1,1,unassigned,6.0,4.0,2.0,0.6666667,0.33333334,0.3333333,0.007736944,0.0025789815,0,0,0,1,1
62735,-1,0,-0.8378689,0.3019838,0,1,unassigned,2.0,2.0,0.0,1.0,0.0,0.0,0.0,0.0,0,0,0,0,0
62736,-1,1,-0.71761924,0.32791746,0,1,unassigned,16.0,10.0,6.0,0.625,0.375,0.375,0.027079303,0.010154739,1,0,0,0,0
62737,-1,1,2.505113,0.9244995,1,1,unassigned,29.0,29.0,0.0,1.0,0.0,0.0,0.05222437,0.0,1,0,0,1,1
62738,-1,0,-0.6152512,0.3508623,0,1,unassigned,7.0,7.0,0.0,1.0,0.0,0.0,0.00967118,0.0,0,0,0,0,0
62739,-1,0,-0.7457245,0.32175362,0,1,unassigned,17.0,17.0,0.0,1.0,0.0,0.0,0.029013539,0.0,0,0,0,0,0
62740,-1,0,-0.063699365,0.48408052,0,1,unassigned,7.0,7.0,0.0,1.0,0.0,0.0,0.00967118,0.0,0,0,0,0,0
62741,-1,1,6.231976,0.99803835,1,1,unassigned,3.0,3.0,0.0,1.0,0.0,0.0,0.001934236,0.0,1,0,0,1,1
62742,-1,1,-0.40277565,0.40064564,0,1,unassigned,2.0,2.0,0.0,1.0,0.0,0.0,0.0,0.0,1,0,0,0,0
62743,-1,0,3.2417228,0.96237457,1,1,unassigned,2.0,2.0,0.0,1.0,0.0,0.0,0.0,0.0,0,0,0,1,1
62744,-1,0,-0.18898866,0.45289293,0,1,unassigned,5.0,4.0,1.0,0.8,0.2,0.19999999,0.0058027077,0.0011605415,0,0,0,0,0
62745,-1,0,0.84918183,0.70039546,1,1,unassigned,2.0,2.0,0.0,1.0,0.0,0.0,0.0,0.0,0,0,0,1,0
62746,0,1,1.7051675,0.84620845,1,1,unassigned,5.0,5.0,0.0,1.0,0.0,0.0,0.0058027077,0.0,1,0,0,1,0
62747,-1,0,2.0808527,0.8890282,1,1,unassigned,2.0,2.0,0.0,1.0,0.0,0.0,0.0,0.0,0,0,0,1,0
62748,-1,1,-0.33198553,0.4177576,0,1,unassigned,17.0,17.0,0.0,1.0,0.0,0.0,0.029013539,0.0,1,0,0,0,0
62749,-1,0,-0.6288952,0.3477611,0,1,unassigned,3.0,3.0,0.0,1.0,0.0,0.0,0.001934236,0.0,0,0,0,0,0
62750,-1,0,-0.08645606,0.47839946,0,1,unassigned,5.0,4.0,1.0,0.8,0.2,0.19999999,0.0058027077,0.0011605415,0,0,0,0,0
62751,-1,1,1.4516418,0.810251,1,1,unassigned,7.0,6.0,1.0,0.85714287,0.14285715,0.14285713,0.00967118,0.0013815971,1,0,0,1,0
62752,-1,0,-0.6857622,0.33497646,0,1,unassigned,2.0,2.0,0.0,1.0,0.0,0.0,0.0,0.0,0,0,0,0,0
62753,-1,0,-0.43361527,0.39326337,0,1,unassigned,6.0,6.0,0.0,1.0,0.0,0.0,0.007736944,0.0,0,0,0,0,0
62754,-1,0,-0.101658255,0.4746073,0,1,unassigned,21.0,21.0,0.0,1.0,0.0,0.0,0.036750484,0.0,0,0,0,0,0
62755,1,0,-0.17337781,0.4567638,0,1,val,7.0,7.0,0.0,1.0,0.0,0.0,0.00967118,0.0,0,0,0,0,0
62756,-1,1,0.16630799,0.54148144,1,1,unassigned,42.0,38.0,4.0,0.9047619,0.0952381,0.09523809,0.07736944,0.007368518,1,0,0,1,0
62757,-1,0,-0.5879798,0.3570985,0,1,unassigned,7.0,7.0,0.0,1.0,0.0,0.0,0.00967118,0.0,0,0,0,0,0
62758,1,0,2.4342413,0.91940135,1,0,unassigned,6.0,5.0,1.0,0.8333333,0.16666667,0.16666669,0.007736944,0.0012894907,0,0,1,1,1
62759,-1,1,-0.09510887,0.47624066,0,1,unassigned,10.0,10.0,0.0,1.0,0.0,0.0,0.015473888,0.0,1,0,0,0,0
62760,-1,1,-0.9158461,0.28580505,0,1,unassigned,126.0,126.0,0.0,1.0,0.0,0.0,0.23984526,0.0,1,0,0,0,0
62761,-1,1,-0.5298988,0.37054047,0,1,unassigned,57.0,55.0,2.0,0.9649123,0.03508772,0.035087705,0.10638298,0.0037327362,1,0,0,0,0
62762,-1,1,-0.81299245,0.30725318,0,1,unassigned,110.0,108.0,2.0,0.9818182,0.018181818,0.0181818,0.20889749,0.003798136,1,0,0,0,0
62763,0,1,0.80973524,0.6920531,1,1,val,9.0,8.0,1.0,0.8888889,0.11111111,0.111111104,0.013539651,0.0015044058,1,0,0,1,0
62764,-1,1,-0.6521445,0.34250644,0,1,unassigned,134.0,129.0,5.0,0.96268654,0.03731343,0.03731346,0.25531915,0.009526834,1,0,0,0,0
62765,-1,0,5.0447807,0.99359834,1,1,unassigned,5.0,4.0,1.0,0.8,0.2,0.19999999,0.0058027077,0.0011605415,0,0,0,1,1
62766,-1,0,3.1531456,0.9590325,1,1,unassigned,3.0,3.0,0.0,1.0,0.0,0.0,0.001934236,0.0,0,0,0,1,1
62767,-1,1,-0.8076869,0.3083836,0,1,unassigned,26.0,23.0,3.0,0.88461536,0.115384616,0.11538464,0.046421662,0.005356346,1,0,0,0,0
62768,-1,1,-0.6062001,0.3529265,0,1,unassigned,5.0,5.0,0.0,1.0,0.0,0.0,0.0058027077,0.0,1,0,0,0,0
62769,-1,0,-0.986385,0.2716267,0,1,unassigned,21.0,21.0,0.0,1.0,0.0,0.0,0.036750484,0.0,0,0,0,0,0
62770,-1,1,-0.61711586,0.3504377,0,1,unassigned,61.0,59.0,2.0,0.9672131,0.032786883,0.032786906,0.114119925,0.0037416366,1,0,0,0,0
62771,-1,0,3.2605891,0.96305174,1,1,unassigned,7.0,6.0,1.0,0.85714287,0.14285715,0.14285713,0.00967118,0.0013815971,0,0,0,1,1
62772,-1,1,0.18684989,0.54657704,1,1,unassigned,2.0,2.0,0.0,1.0,0.0,0.0,0.0,0.0,1,0,0,1,0
62773,0,0,-0.49577785,0.37853342,0,0,val,36.0,36.0,0.0,1.0,0.0,0.0,0.065764025,0.0,0,0,1,0,0
62774,-1,0,0.6956454,0.6672216,1,1,unassigned,6.0,6.0,0.0,1.0,0.0,0.0,0.007736944,0.0,0,0,0,1,0
62775,1,0,0.057658017,0.5144105,1,0,unassigned,12.0,12.0,0.0,1.0,0.0,0.0,0.01934236,0.0,0,0,1,1,0
62776,-1,0,0.6594216,0.65913045,1,1,unassigned,4.0,3.0,1.0,0.75,0.25,0.25,0.003868472,0.000967118,0,0,0,1,0
62777,-1,0,-0.3041844,0.42453492,0,1,unassigned,27.0,26.0,1.0,0.962963,0.037037037,0.037037015,0.0483559,0.0017909593,0,0,0,0,0
62778,-1,0,0.53949076,0.63169396,1,1,unassigned,7.0,7.0,0.0,1.0,0.0,0.0,0.00967118,0.0,0,0,0,1,0
62779,-1,1,-0.9170447,0.28556043,0,1,unassigned,27.0,27.0,0.0,1.0,0.0,0.0,0.0483559,0.0,1,0,0,0,0
62780,-1,0,3.0475957,0.9546786,1,1,unassigned,6.0,5.0,1.0,0.8333333,0.16666667,0.16666669,0.007736944,0.0012894907,0,0,0,1,1
62781,-1,1,-0.2782145,0.43089154,0,1,unassigned,40.0,39.0,1.0,0.975,0.025,0.024999976,0.07350097,0.0018375242,1,0,0,0,0
62782,-1,0,0.09530723,0.5238088,1,1,unassigned,47.0,47.0,0.0,1.0,0.0,0.0,0.08704062,0.0,0,0,0,1,0
62783,-1,0,-0.15323511,0.46176603,0,1,unassigned,18.0,17.0,1.0,0.9444444,0.055555556,0.055555582,0.030947777,0.0017193209,0,0,0,0,0
62784,-1,0,-0.7310121,0.32497266,0,1,unassigned,36.0,35.0,1.0,0.9722222,0.027777778,0.027777791,0.065764025,0.0018267785,0,0,0,0,0
62785,-1,0,5.0432267,0.99358845,1,1,unassigned,3.0,2.0,1.0,0.6666667,0.33333334,0.3333333,0.001934236,0.00064474536,0,0,0,1,1
62786,-1,0,5.600557,0.99631774,1,1,unassigned,3.0,3.0,0.0,1.0,0.0,0.0,0.001934236,0.0,0,0,0,1,1
62787,-1,1,2.3081305,0.90954816,1,1,unassigned,15.0,15.0,0.0,1.0,0.0,0.0,0.025145067,0.0,1,0,0,1,1
62788,-1,0,4.1331296,0.9842204,1,1,unassigned,3.0,3.0,0.0,1.0,0.0,0.0,0.001934236,0.0,0,0,0,1,1
62789,-1,0,11.485094,0.99998975,1,1,unassigned,13.0,12.0,1.0,0.9230769,0.07692308,0.07692307,0.021276595,0.0016366612,0,0,0,1,1
62790,-1,0,2.5735028,0.92913663,1,1,unassigned,5.0,5.0,0.0,1.0,0.0,0.0,0.0058027077,0.0,0,0,0,1,1
62791,-1,0,4.183265,0.98498034,1,1,unassigned,3.0,3.0,0.0,1.0,0.0,0.0,0.001934236,0.0,0,0,0,1,1
62792,-1,0,0.15067667,0.5375981,1,1,unassigned,3.0,2.0,1.0,0.6666667,0.33333334,0.3333333,0.001934236,0.00064474536,0,0,0,1,0
62793,-1,1,-0.92622185,0.28369185,0,1,unassigned,13.0,13.0,0.0,1.0,0.0,0.0,0.021276595,0.0,1,0,0,0,0
62794,1,1,-0.23715034,0.44098875,0,1,unassigned,21.0,21.0,0.0,1.0,0.0,0.0,0.036750484,0.0,1,0,0,0,0
62795,-1,0,1.9837549,0.87908083,1,1,unassigned,5.0,4.0,1.0,0.8,0.2,0.19999999,0.0058027077,0.0011605415,0,0,0,1,0
62796,-1,0,3.1035135,0.9570374,1,1,unassigned,3.0,3.0,0.0,1.0,0.0,0.0,0.001934236,0.0,0,0,0,1,1
62797,-1,1,3.7129834,0.97617674,1,1,unassigned,16.0,13.0,3.0,0.8125,0.1875,0.1875,0.027079303,0.0050773695,1,0,0,1,1
62798,-1,0,-0.587362,0.35724035,0,1,unassigned,2.0,2.0,0.0,1.0,0.0,0.0,0.0,0.0,0,0,0,0,0
62799,-1,1,-0.33090222,0.4180211,0,1,unassigned,6.0,3.0,3.0,0.5,0.5,0.5,0.007736944,0.003868472,1,0,0,0,0
62800,-1,0,3.206045,0.9610612,1,1,unassigned,16.0,9.0,7.0,0.5625,0.4375,0.4375,0.027079303,0.011847195,0,0,0,1,1
62801,-1,0,9.7510195,0.9999417,1,1,unassigned,4.0,4.0,0.0,1.0,0.0,0.0,0.003868472,0.0,0,0,0,1,1
62802,0,1,0.32693118,0.5810125,1,1,test,15.0,15.0,0.0,1.0,0.0,0.0,0.025145067,0.0,1,0,0,1,0
62803,-1,1,-0.8692797,0.2954042,0,1,unassigned,27.0,24.0,3.0,0.8888889,0.11111111,0.111111104,0.0483559,0.0053728777,1,0,0,0,0
62804,-1,0,2.2576706,0.9053101,1,1,unassigned,15.0,12.0,3.0,0.8,0.2,0.19999999,0.025145067,0.0050290134,0,0,0,1,1
62805,-1,1,-0.9415152,0.28059438,0,1,unassigned,18.0,18.0,0.0,1.0,0.0,0.0,0.030947777,0.0,1,0,0,0,0
62806,-1,1,0.9971791,0.7305036,1,1,unassigned,21.0,21.0,0.0,1.0,0.0,0.0,0.036750484,0.0,1,0,0,1,0
62807,-1,1,1.8384266,0.8627625,1,1,unassigned,29.0,24.0,5.0,0.82758623,0.1724138,0.17241377,0.05222437,0.009004202,1,0,0,1,0
62808,-1,0,-1.8301275,0.13822308,0,1,unassigned,2.0,2.0,0.0,1.0,0.0,0.0,0.0,0.0,0,0,0,0,0
62809,-1,1,1.5551817,0.8256609,1,1,unassigned,25.0,24.0,1.0,0.96,0.04,0.04000002,0.044487428,0.001779497,1,0,0,1,0
62810,-1,0,-0.85439634,0.29851145,0,1,unassigned,7.0,7.0,0.0,1.0,0.0,0.0,0.00967118,0.0,0,0,0,0,0
62811,0,0,-0.7801758,0.314282,0,0,unassigned,4.0,4.0,0.0,1.0,0.0,0.0,0.003868472,0.0,0,0,1,0,0
62812,-1,1,-0.6196975,0.34985027,0,1,unassigned,51.0,43.0,8.0,0.84313726,0.15686275,0.15686274,0.09477756,0.014867069,1,0,0,0,0
62813,-1,1,-0.8892346,0.29126778,0,1,unassigned,137.0,134.0,3.0,0.9781022,0.02189781,0.021897793,0.26112187,0.005717997,1,0,0,0,0
62814,-1,0,-0.44174737,0.39132467,0,1,unassigned,3.0,3.0,0.0,1.0,0.0,0.0,0.001934236,0.0,0,0,0,0,0
62815,-1,0,2.809808,0.94320357,1,1,unassigned,5.0,4.0,1.0,0.8,0.2,0.19999999,0.0058027077,0.0011605415,0,0,0,1,1
62816,-1,0,5.497112,0.9959182,1,1,unassigned,2.0,2.0,0.0,1.0,0.0,0.0,0.0,0.0,0,0,0,1,1
62817,-1,0,-0.5832877,0.35817644,0,1,unassigned,52.0,51.0,1.0,0.9807692,0.01923077,0.019230783,0.0967118,0.0018598423,0,0,0,0,0
62818,1,0,3.38261,0.96715665,1,0,unassigned,2.0,2.0,0.0,1.0,0.0,0.0,0.0,0.0,0,0,1,1,1
62819,-1,0,0.514237,0.6257992,1,1,unassigned,4.0,4.0,0.0,1.0,0.0,0.0,0.003868472,0.0,0,0,0,1,0
62820,-1,1,-0.62319344,0.3490555,0,1,unassigned,22.0,22.0,0.0,1.0,0.0,0.0,0.03868472,0.0,1,0,0,0,0
62821,0,1,-0.91745466,0.2854768,0,0,unassigned,17.0,17.0,0.0,1.0,0.0,0.0,0.029013539,0.0,1,0,1,0,0
62822,-1,1,-0.7375114,0.32354856,0,1,unassigned,15.0,15.0,0.0,1.0,0.0,0.0,0.025145067,0.0,1,0,0,0,0
62823,0,1,-0.90439165,0.28814885,0,0,test,13.0,12.0,1.0,0.9230769,0.07692308,0.07692307,0.021276595,0.0016366612,1,0,1,0,0
62824,-1,0,-0.29850104,0.42592394,0,1,unassigned,44.0,43.0,1.0,0.97727275,0.022727273,0.022727251,0.08123791,0.0018463163,0,0,0,0,0
62825,-1,0,4.4410377,0.9883535,1,1,unassigned,4.0,4.0,0.0,1.0,0.0,0.0,0.003868472,0.0,0,0,0,1,1
62826,-1,0,0.08668214,0.52165693,1,1,unassigned,19.0,19.0,0.0,1.0,0.0,0.0,0.032882012,0.0,0,0,0,1,0
62827,-1,1,-0.6865339,0.33480456,0,1,unassigned,3.0,3.0,0.0,1.0,0.0,0.0,0.001934236,0.0,1,0,0,0,0
62828,0,0,-0.7944741,0.31120878,0,0,unassigned,59.0,52.0,7.0,0.88135594,0.118644066,0.11864406,0.11025145,0.01308068,0,0,1,0,0
62829,-1,0,1.312974,0.78801036,1,1,unassigned,6.0,3.0,3.0,0.5,0.5,0.5,0.007736944,0.003868472,0,0,0,1,0
62830,-1,1,1.2390199,0.77539337,1,1,unassigned,4.0,4.0,0.0,1.0,0.0,0.0,0.003868472,0.0,1,0,0,1,0
62831,-1,0,1.717289,0.8477793,1,1,unassigned,2.0,2.0,0.0,1.0,0.0,0.0,0.0,0.0,0,0,0,1,0
62832,-1,0,-0.6059557,0.3529823,0,1,unassigned,19.0,17.0,2.0,0.8947368,0.10526316,0.10526317,0.032882012,0.0034612645,0,0,0,0,0
62833,-1,1,3.098664,0.95683765,1,1,unassigned,16.0,12.0,4.0,0.75,0.25,0.25,0.027079303,0.0067698257,1,0,0,1,1
62834,-1,0,-0.058358014,0.48541465,0,1,unassigned,5.0,5.0,0.0,1.0,0.0,0.0,0.0058027077,0.0,0,0,0,0,0
62835,1,0,2.6110604,0.93157,1,0,val,2.0,2.0,0.0,1.0,0.0,0.0,0.0,0.0,0,0,1,1,1
62836,-1,0,-0.9183035,0.28530368,0,1,unassigned,13.0,13.0,0.0,1.0,0.0,0.0,0.021276595,0.0,0,0,0,0,0
62837,-1,0,1.5307395,0.82211447,1,1,unassigned,4.0,4.0,0.0,1.0,0.0,0.0,0.003868472,0.0,0,0,0,1,0
62838,-1,0,-0.13933504,0.46522248,0,1,unassigned,5.0,5.0,0.0,1.0,0.0,0.0,0.0058027077,0.0,0,0,0,0,0
62839,-1,0,-0.80553895,0.3088419,0,1,unassigned,14.0,14.0,0.0,1.0,0.0,0.0,0.023210831,0.0,0,0,0,0,0
62840,-1,1,5.910356,0.99729615,1,1,unassigned,10.0,10.0,0.0,1.0,0.0,0.0,0.015473888,0.0,1,0,0,1,1
62841,-1,1,-0.4580714,0.38744345,0,1,unassigned,2.0,2.0,0.0,1.0,0.0,0.0,0.0,0.0,1,0,0,0,0
62842,-1,1,0.2603305,0.56471753,1,1,unassigned,2.0,2.0,0.0,1.0,0.0,0.0,0.0,0.0,1,0,0,1,0
62843,-1,1,2.988572,0.9520552,1,1,unassigned,4.0,4.0,0.0,1.0,0.0,0.0,0.003868472,0.0,1,0,0,1,1
62844,-1,1,4.4902453,0.9889066,1,1,unassigned,3.0,3.0,0.0,1.0,0.0,0.0,0.001934236,0.0,1,0,0,1,1
62845,-1,1,2.4293807,0.91904044,1,1,unassigned,2.0,2.0,0.0,1.0,0.0,0.0,0.0,0.0,1,0,0,1,1
62846,-1,0,4.3229346,0.9869126,1,1,unassigned,5.0,5.0,0.0,1.0,0.0,0.0,0.0058027077,0.0,0,0,0,1,1
62847,-1,1,0.23513669,0.5585148,1,1,unassigned,6.0,6.0,0.0,1.0,0.0,0.0,0.007736944,0.0,1,0,0,1,0
62848,-1,0,-0.8291677,0.3038211,0,1,unassigned,20.0,20.0,0.0,1.0,0.0,0.0,0.034816246,0.0,0,0,0,0,0
62849,-1,1,0.18125784,0.5451908,1,1,unassigned,8.0,8.0,0.0,1.0,0.0,0.0,0.0116054155,0.0,1,0,0,1,0
62850,0,1,0.008942068,0.5022355,1,1,unassigned,11.0,11.0,0.0,1.0,0.0,0.0,0.017408123,0.0,1,0,0,1,0
62851,-1,0,-0.46069688,0.3868205,0,1,unassigned,28.0,28.0,0.0,1.0,0.0,0.0,0.050290134,0.0,0,0,0,0,0
62852,-1,0,1.9037578,0.87031627,1,1,unassigned,3.0,3.0,0.0,1.0,0.0,0.0,0.001934236,0.0,0,0,0,1,0
62853,-1,1,4.1532054,0.9845292,1,1,unassigned,67.0,66.0,1.0,0.98507464,0.014925373,0.014925361,0.12572534,0.0018764976,1,0,0,1,1
62854,-1,1,-0.23546684,0.44140375,0,1,unassigned,85.0,80.0,5.0,0.9411765,0.05882353,0.058823526,0.16054158,0.009443622,1,0,0,0,0
62855,-1,0,1.0443602,0.7396904,1,1,unassigned,9.0,7.0,2.0,0.7777778,0.22222222,0.22222221,0.013539651,0.0030088115,0,0,0,1,0
62856,-1,0,4.236843,0.98575276,1,1,unassigned,7.0,7.0,0.0,1.0,0.0,0.0,0.00967118,0.0,0,0,0,1,1
62857,-1,0,4.6173315,0.9902175,1,1,unassigned,2.0,2.0,0.0,1.0,0.0,0.0,0.0,0.0,0,0,0,1,1
62858,-1,0,-0.38209462,0.40562183,0,1,unassigned,4.0,4.0,0.0,1.0,0.0,0.0,0.003868472,0.0,0,0,0,0,0
62859,1,1,0.94310313,0.7197261,1,0,val,7.0,7.0,0.0,1.0,0.0,0.0,0.00967118,0.0,1,0,1,1,0
62860,-1,0,-0.7449828,0.32191554,0,1,unassigned,18.0,18.0,0.0,1.0,0.0,0.0,0.030947777,0.0,0,0,0,0,0
62861,-1,0,1.223252,0.7726353,1,1,unassigned,3.0,3.0,0.0,1.0,0.0,0.0,0.001934236,0.0,0,0,0,1,0
62862,-1,1,1.231323,0.77405006,1,1,unassigned,12.0,12.0,0.0,1.0,0.0,0.0,0.01934236,0.0,1,0,0,1,0
62863,-1,1,-0.8602128,0.29729488,0,1,unassigned,132.0,132.0,0.0,1.0,0.0,0.0,0.2514507,0.0,1,0,0,0,0
62864,-1,0,0.23275095,0.5579265,1,1,unassigned,5.0,5.0,0.0,1.0,0.0,0.0,0.0058027077,0.0,0,0,0,1,0
62865,-1,0,3.0606642,0.9552407,1,1,unassigned,21.0,19.0,2.0,0.9047619,0.0952381,0.09523809,0.036750484,0.0035000462,0,0,0,1,1
62866,1,0,-0.33467335,0.41710395,0,1,unassigned,15.0,15.0,0.0,1.0,0.0,0.0,0.025145067,0.0,0,0,0,0,0
62867,-1,1,1.4315631,0.80714476,1,1,unassigned,15.0,14.0,1.0,0.93333334,0.06666667,0.06666666,0.025145067,0.0016763379,1,0,0,1,0
62868,-1,0,0.23321706,0.5580414,1,1,unassigned,2.0,2.0,0.0,1.0,0.0,0.0,0.0,0.0,0,0,0,1,0
62869,-1,1,1.7006958,0.8456256,1,1,unassigned,2.0,2.0,0.0,1.0,0.0,0.0,0.0,0.0,1,0,0,1,0
62870,-1,0,-0.2747985,0.43172944,0,1,unassigned,55.0,54.0,1.0,0.9818182,0.018181818,0.0181818,0.102514505,0.0018639,0,0,0,0,0
62871,-1,0,-0.25339532,0.43698797,0,1,unassigned,49.0,49.0,0.0,1.0,0.0,0.0,0.09090909,0.0,0,0,0,0,0
62872,-1,0,0.52398926,0.6280801,1,1,unassigned,12.0,12.0,0.0,1.0,0.0,0.0,0.01934236,0.0,0,0,0,1,0
62873,-1,0,0.28291136,0.57025987,1,1,unassigned,6.0,5.0,1.0,0.8333333,0.16666667,0.16666669,0.007736944,0.0012894907,0,0,0,1,0
62874,-1,1,-0.6452068,0.3440705,0,1,unassigned,10.0,10.0,0.0,1.0,0.0,0.0,0.015473888,0.0,1,0,0,0,0
62875,-1,0,-0.71861196,0.3276987,0,1,unassigned,39.0,38.0,1.0,0.974359,0.025641026,0.025641024,0.07156673,0.0018350444,0,0,0,0,0
62876,-1,0,-0.45269924,0.38871917,0,1,unassigned,40.0,39.0,1.0,0.975,0.025,0.024999976,0.07350097,0.0018375242,0,0,0,0,0
62877,-1,0,-0.58064246,0.35878477,0,1,unassigned,28.0,28.0,0.0,1.0,0.0,0.0,0.050290134,0.0,0,0,0,0,0
62878,-1,0,-0.79106534,0.31193998,0,1,unassigned,3.0,3.0,0.0,1.0,0.0,0.0,0.001934236,0.0,0,0,0,0,0
62879,-1,0,-0.07170904,0.4820804,0,1,unassigned,12.0,12.0,0.0,1.0,0.0,0.0,0.01934236,0.0,0,0,0,0,0
62880,0,0,-0.79672146,0.31072727,0,0,val,15.0,15.0,0.0,1.0,0.0,0.0,0.025145067,0.0,0,0,1,0,0
62881,-1,0,3.0479293,0.954693,1,1,unassigned,5.0,5.0,0.0,1.0,0.0,0.0,0.0058027077,0.0,0,0,0,1,1
62882,-1,0,-0.9109432,0.28680685,0,1,unassigned,13.0,12.0,1.0,0.9230769,0.07692308,0.07692307,0.021276595,0.0016366612,0,0,0,0,0
62883,1,1,1.648371,0.83867073,1,0,unassigned,6.0,4.0,2.0,0.6666667,0.33333334,0.3333333,0.007736944,0.0025789815,1,0,1,1,0
62884,-1,0,2.498789,0.9240569,1,1,unassigned,3.0,2.0,1.0,0.6666667,0.33333334,0.3333333,0.001934236,0.00064474536,0,0,0,1,1
62885,-1,0,0.3835072,0.5947187,1,1,unassigned,7.0,7.0,0.0,1.0,0.0,0.0,0.00967118,0.0,0,0,0,1,0
62886,-1,1,-0.15249622,0.46194962,0,1,unassigned,8.0,8.0,0.0,1.0,0.0,0.0,0.0116054155,0.0,1,0,0,0,0
62887,-1,1,4.0581536,0.9830126,1,1,unassigned,7.0,7.0,0.0,1.0,0.0,0.0,0.00967118,0.0,1,0,0,1,1
62888,-1,0,3.3259702,0.965309,1,1,unassigned,10.0,9.0,1.0,0.9,0.1,0.100000024,0.015473888,0.0015473888,0,0,0,1,1
62889,1,0,-0.9317109,0.28257775,0,1,train,23.0,23.0,0.0,1.0,0.0,0.0,0.040618956,0.0,0,0,0,0,0
62890,-1,1,-0.22194728,0.44473982,0,1,unassigned,4.0,4.0,0.0,1.0,0.0,0.0,0.003868472,0.0,1,0,0,0,0
62891,0,0,-0.99451256,0.27002168,0,0,unassigned,6.0,6.0,0.0,1.0,0.0,0.0,0.007736944,0.0,0,0,1,0,0
62892,-1,0,1.5815651,0.82942605,1,1,unassigned,2.0,2.0,0.0,1.0,0.0,0.0,0.0,0.0,0,0,0,1,0
62893,1,0,0.39239264,0.59685856,1,0,test,3.0,3.0,0.0,1.0,0.0,0.0,0.001934236,0.0,0,0,1,1,0
62894,-1,0,-0.90126634,0.28879035,0,1,unassigned,7.0,6.0,1.0,0.85714287,0.14285715,0.14285713,0.00967118,0.0013815971,0,0,0,0,0
62895,-1,0,0.5708218,0.6389528,1,1,unassigned,15.0,15.0,0.0,1.0,0.0,0.0,0.025145067,0.0,0,0,0,1,0
62896,-1,0,2.4553745,0.9209536,1,1,unassigned,7.0,7.0,0.0,1.0,0.0,0.0,0.00967118,0.0,0,0,0,1,1
62897,-1,0,-0.22872582,0.44306654,0,1,unassigned,5.0,4.0,1.0,0.8,0.2,0.19999999,0.0058027077,0.0011605415,0,0,0,0,0
62898,-1,0,0.80883723,0.6918616,1,1,unassigned,9.0,9.0,0.0,1.0,0.0,0.0,0.013539651,0.0,0,0,0,1,0
62899,-1,0,0.44121605,0.60854876,1,1,unassigned,22.0,22.0,0.0,1.0,0.0,0.0,0.03868472,0.0,0,0,0,1,0
62900,1,0,1.7643287,0.853751,1,0,unassigned,2.0,2.0,0.0,1.0,0.0,0.0,0.0,0.0,0,0,1,1,0
62901,0,1,0.5927816,0.6440031,1,1,val,7.0,6.0,1.0,0.85714287,0.14285715,0.14285713,0.00967118,0.0013815971,1,0,0,1,0
62902,-1,1,-0.79197335,0.3117451,0,1,unassigned,59.0,57.0,2.0,0.9661017,0.033898305,0.033898294,0.11025145,0.0037373372,1,0,0,0,0
62903,-1,1,5.2252355,0.9946497,1,1,unassigned,5.0,5.0,0.0,1.0,0.0,0.0,0.0058027077,0.0,1,0,0,1,1
62904,-1,0,1.8948414,0.8693065,1,1,unassigned,3.0,1.0,2.0,0.33333334,0.6666667,0.6666666,0.001934236,0.0012894907,0,0,0,1,0
62905,1,1,0.0440951,0.511022,1,0,train,3.0,3.0,0.0,1.0,0.0,0.0,0.001934236,0.0,1,0,1,1,0
62906,-1,0,8.780283,0.9998462,1,1,unassigned,2.0,2.0,0.0,1.0,0.0,0.0,0.0,0.0,0,0,0,1,1
62907,-1,0,0.03506112,0.5087644,1,1,unassigned,5.0,2.0,3.0,0.4,0.6,0.6,0.0058027077,0.0034816249,0,0,0,1,0
62908,-1,0,1.0609727,0.7428764,1,1,unassigned,2.0,2.0,0.0,1.0,0.0,0.0,0.0,0.0,0,0,0,1,0
62909,-1,0,-0.0020360947,0.49949095,0,1,unassigned,2.0,2.0,0.0,1.0,0.0,0.0,0.0,0.0,0,0,0,0,0
62910,-1,0,4.06932,0.9831981,1,1,unassigned,4.0,4.0,0.0,1.0,0.0,0.0,0.003868472,0.0,0,0,0,1,1
62911,-1,0,3.451639,0.96927994,1,1,unassigned,8.0,5.0,3.0,0.625,0.375,0.375,0.0116054155,0.004352031,0,0,0,1,1
62912,-1,1,3.3072155,0.96467555,1,1,unassigned,25.0,23.0,2.0,0.92,0.08,0.07999998,0.044487428,0.003558994,1,0,0,1,1
62913,-1,0,0.5434727,0.63261986,1,1,unassigned,11.0,11.0,0.0,1.0,0.0,0.0,0.017408123,0.0,0,0,0,1,0
62914,0,0,-0.52649444,0.37133488,0,0,unassigned,10.0,10.0,0.0,1.0,0.0,0.0,0.015473888,0.0,0,0,1,0,0
62915,-1,0,-0.32421437,0.41964903,0,1,unassigned,108.0,106.0,2.0,0.9814815,0.018518519,0.018518507,0.20502901,0.0037968336,0,0,0,0,0
62916,0,0,-0.43465537,0.3930152,0,0,test,47.0,47.0,0.0,1.0,0.0,0.0,0.08704062,0.0,0,0,1,0,0
62917,-1,0,-0.82235897,0.30526313,0,1,unassigned,14.0,14.0,0.0,1.0,0.0,0.0,0.023210831,0.0,0,0,0,0,0
62918,-1,0,-0.46433973,0.38595682,0,1,unassigned,7.0,7.0,0.0,1.0,0.0,0.0,0.00967118,0.0,0,0,0,0,0
62919,-1,0,-0.6333328,0.3467552,0,1,unassigned,70.0,70.0,0.0,1.0,0.0,0.0,0.13152805,0.0,0,0,0,0,0
62920,1,0,0.1398254,0.53489953,1,0,unassigned,37.0,37.0,0.0,1.0,0.0,0.0,0.06769826,0.0,0,0,1,1,0
62921,-1,0,-0.6140891,0.351127,0,1,unassigned,68.0,68.0,0.0,1.0,0.0,0.0,0.12765957,0.0,0,0,0,0,0
62922,0,0,0.06267774,0.5156643,1,1,train,9.0,9.0,0.0,1.0,0.0,0.0,0.013539651,0.0,0,0,0,1,0
62923,-1,0,-0.5774888,0.35951063,0,1,unassigned,20.0,20.0,0.0,1.0,0.0,0.0,0.034816246,0.0,0,0,0,0,0
62924,-1,0,4.9829974,0.9931932,1,1,unassigned,9.0,7.0,2.0,0.7777778,0.22222222,0.22222221,0.013539651,0.0030088115,0,0,0,1,1
62925,-1,0,1.8485823,0.86396056,1,1,unassigned,21.0,21.0,0.0,1.0,0.0,0.0,0.036750484,0.0,0,0,0,1,0
62926,-1,0,3.6663659,0.9750683,1,1,unassigned,6.0,6.0,0.0,1.0,0.0,0.0,0.007736944,0.0,0,0,0,1,1
62927,-1,0,0.07458979,0.5186388,1,1,unassigned,7.0,7.0,0.0,1.0,0.0,0.0,0.00967118,0.0,0,0,0,1,0
62928,-1,0,8.260464,0.9997415,1,1,unassigned,18.0,18.0,0.0,1.0,0.0,0.0,0.030947777,0.0,0,0,0,1,1
62929,-1,1,3.2254202,0.9617797,1,1,unassigned,14.0,14.0,0.0,1.0,0.0,0.0,0.023210831,0.0,1,0,0,1,1
62930,-1,0,2.402551,0.9170216,1,1,unassigned,2.0,2.0,0.0,1.0,0.0,0.0,0.0,0.0,0,0,0,1,1
62931,-1,1,7.4793935,0.9994357,1,1,unassigned,2.0,2.0,0.0,1.0,0.0,0.0,0.0,0.0,1,0,0,1,1
62932,1,1,6.2114024,0.9979976,1,0,unassigned,2.0,2.0,0.0,1.0,0.0,0.0,0.0,0.0,1,0,1,1,1
62933,-1,0,9.010788,0.9998779,1,1,unassigned,2.0,2.0,0.0,1.0,0.0,0.0,0.0,0.0,0,0,0,1,1
62934,-1,0,-0.61205256,0.3515911,0,1,unassigned,7.0,7.0,0.0,1.0,0.0,0.0,0.00967118,0.0,0,0,0,0,0
62935,-1,1,0.9014601,0.7112495,1,1,unassigned,6.0,5.0,1.0,0.8333333,0.16666667,0.16666669,0.007736944,0.0012894907,1,0,0,1,0
62936,-1,0,-0.18356931,0.45423612,0,1,unassigned,11.0,11.0,0.0,1.0,0.0,0.0,0.017408123,0.0,0,0,0,0,0
62937,-1,1,-0.37483534,0.40737313,0,1,unassigned,2.0,2.0,0.0,1.0,0.0,0.0,0.0,0.0,1,0,0,0,0
62938,-1,1,-0.4422735,0.39119938,0,1,unassigned,54.0,51.0,3.0,0.9444444,0.055555556,0.055555582,0.10058027,0.0055877925,1,0,0,0,0
62939,-1,1,7.3877654,0.99938154,1,1,unassigned,26.0,23.0,3.0,0.88461536,0.115384616,0.11538464,0.046421662,0.005356346,1,0,0,1,1
62940,-1,1,10.784727,0.99997926,1,1,unassigned,3.0,3.0,0.0,1.0,0.0,0.0,0.001934236,0.0,1,0,0,1,1
62941,-1,1,4.0157404,0.98228973,1,1,unassigned,16.0,15.0,1.0,0.9375,0.0625,0.0625,0.027079303,0.0016924564,1,0,0,1,1
62942,-1,1,3.928037,0.98069763,1,1,unassigned,10.0,2.0,8.0,0.2,0.8,0.8,0.015473888,0.012379111,1,1,0,1,1
62943,1,0,-0.48849016,0.38024932,0,1,unassigned,4.0,4.0,0.0,1.0,0.0,0.0,0.003868472,0.0,0,0,0,0,0
62944,-1,0,-0.43461496,0.39302486,0,1,unassigned,10.0,10.0,0.0,1.0,0.0,0.0,0.015473888,0.0,0,0,0,0,0
62945,-1,0,0.39154178,0.59665376,1,1,unassigned,13.0,13.0,0.0,1.0,0.0,0.0,0.021276595,0.0,0,0,0,1,0
62946,-1,0,2.354557,0.9132958,1,1,unassigned,61.0,61.0,0.0,1.0,0.0,0.0,0.114119925,0.0,0,0,0,1,1
62947,-1,0,0.044119358,0.51102805,1,1,unassigned,10.0,10.0,0.0,1.0,0.0,0.0,0.015473888,0.0,0,0,0,1,0
62948,-1,0,4.92418,0.9927838,1,1,unassigned,2.0,2.0,0.0,1.0,0.0,0.0,0.0,0.0,0,0,0,1,1
62949,0,1,-0.6408818,0.34504727,0,0,val,33.0,32.0,1.0,0.969697,0.030303031,0.030303001,0.059961315,0.0018170096,1,0,1,0,0
62950,-1,1,-0.0063821077,0.49840447,0,1,unassigned,79.0,68.0,11.0,0.8607595,0.1392405,0.1392405,0.14893617,0.020737946,1,0,0,0,0
62951,0,0,-0.5818673,0.358503,0,0,unassigned,12.0,10.0,2.0,0.8333333,0.16666667,0.16666669,0.01934236,0.0032237265,0,0,1,0,0
62952,1,0,-0.7285834,0.32550567,0,1,test,43.0,41.0,2.0,0.95348835,0.046511628,0.04651165,0.079303674,0.0036885429,0,0,0,0,0
62953,-1,0,0.0858224,0.5214424,1,1,unassigned,22.0,22.0,0.0,1.0,0.0,0.0,0.03868472,0.0,0,0,0,1,0
62954,-1,0,4.702098,0.9910054,1,1,unassigned,12.0,10.0,2.0,0.8333333,0.16666667,0.16666669,0.01934236,0.0032237265,0,0,0,1,1
62955,-1,1,0.57888144,0.64081,1,1,unassigned,10.0,6.0,4.0,0.6,0.4,0.39999998,0.015473888,0.0061895554,1,0,0,1,0
62956,-1,1,-0.75919807,0.31882042,0,1,unassigned,9.0,5.0,4.0,0.5555556,0.44444445,0.44444442,0.013539651,0.006017623,1,0,0,0,0
62957,1,1,0.02191645,0.5054789,1,0,unassigned,2.0,2.0,0.0,1.0,0.0,0.0,0.0,0.0,1,0,1,1,0
62958,-1,1,-0.18115762,0.45483404,0,1,unassigned,3.0,3.0,0.0,1.0,0.0,0.0,0.001934236,0.0,1,0,0,0,0
62959,1,0,10.190891,0.99996245,1,0,train,2.0,2.0,0.0,1.0,0.0,0.0,0.0,0.0,0,0,1,1,1
62960,-1,0,0.19358647,0.548246,1,1,unassigned,7.0,7.0,0.0,1.0,0.0,0.0,0.00967118,0.0,0,0,0,1,0
62961,-1,1,-0.12070504,0.46986032,0,1,unassigned,58.0,56.0,2.0,0.9655172,0.03448276,0.034482777,0.10831721,0.0037350762,1,0,0,0,0
62962,1,0,0.08806819,0.5220028,1,0,test,4.0,4.0,0.0,1.0,0.0,0.0,0.003868472,0.0,0,0,1,1,0
62963,-1,0,-0.007867277,0.4980332,0,1,unassigned,12.0,12.0,0.0,1.0,0.0,0.0,0.01934236,0.0,0,0,0,0,0
62964,-1,0,-0.035603046,0.4911002,0,1,unassigned,6.0,5.0,1.0,0.8333333,0.16666667,0.16666669,0.007736944,0.0012894907,0,0,0,0,0
62965,0,1,0.97774047,0.7266596,1,1,val,19.0,16.0,3.0,0.84210527,0.15789473,0.15789473,0.032882012,0.0051918966,1,0,0,1,0
62966,-1,0,9.34111,0.99991226,1,1,unassigned,6.0,6.0,0.0,1.0,0.0,0.0,0.007736944,0.0,0,0,0,1,1
62967,-1,1,0.45137817,0.61096686,1,1,unassigned,5.0,4.0,1.0,0.8,0.2,0.19999999,0.0058027077,0.0011605415,1,0,0,1,0
62968,-1,1,0.52016455,0.62718624,1,1,unassigned,8.0,7.0,1.0,0.875,0.125,0.125,0.0116054155,0.0014506769,1,0,0,1,0
62969,1,0,-0.6922522,0.33353224,0,1,unassigned,19.0,19.0,0.0,1.0,0.0,0.0,0.032882012,0.0,0,0,0,0,0
62970,-1,1,-0.31722265,0.42135277,0,1,unassigned,2.0,2.0,0.0,1.0,0.0,0.0,0.0,0.0,1,0,0,0,0
62971,1,1,-0.41087356,0.39870268,0,1,test,5.0,5.0,0.0,1.0,0.0,0.0,0.0058027077,0.0,1,0,0,0,0
62972,-1,0,1.7870834,0.85656935,1,1,unassigned,9.0,9.0,0.0,1.0,0.0,0.0,0.013539651,0.0,0,0,0,1,0
62973,-1,0,2.2513106,0.9047635,1,1,unassigned,4.0,4.0,0.0,1.0,0.0,0.0,0.003868472,0.0,0,0,0,1,1
62974,-1,1,0.0027846098,0.5006961,1,1,unassigned,5.0,4.0,1.0,0.8,0.2,0.19999999,0.0058027077,0.0011605415,1,0,0,1,0
62975,-1,1,-0.2981416,0.42601186,0,1,unassigned,5.0,5.0,0.0,1.0,0.0,0.0,0.0058027077,0.0,1,0,0,0,0
62976,-1,0,-0.8489429,0.29965466,0,1,unassigned,46.0,46.0,0.0,1.0,0.0,0.0,0.08510638,0.0,0,0,0,0,0
62977,-1,0,-0.6361731,0.34611213,0,1,unassigned,6.0,6.0,0.0,1.0,0.0,0.0,0.007736944,0.0,0,0,0,0,0
62978,-1,0,-0.6464479,0.34379044,0,1,unassigned,62.0,62.0,0.0,1.0,0.0,0.0,0.116054155,0.0,0,0,0,0,0
62979,-1,1,-0.2216661,0.44480926,0,1,unassigned,6.0,6.0,0.0,1.0,0.0,0.0,0.007736944,0.0,1,0,0,0,0
62980,-1,0,-0.22201568,0.44472295,0,1,unassigned,19.0,19.0,0.0,1.0,0.0,0.0,0.032882012,0.0,0,0,0,0,0
62981,-1,0,7.03247,0.99911803,1,1,unassigned,4.0,4.0,0.0,1.0,0.0,0.0,0.003868472,0.0,0,0,0,1,1
62982,-1,0,-0.5284704,0.3708737,0,1,unassigned,43.0,43.0,0.0,1.0,0.0,0.0,0.079303674,0.0,0,0,0,0,0
62983,-1,0,2.970661,0.95123094,1,1,unassigned,2.0,2.0,0.0,1.0,0.0,0.0,0.0,0.0,0,0,0,1,1
62984,-1,0,2.2792304,0.9071422,1,1,unassigned,2.0,1.0,1.0,0.5,0.5,0.5,0.0,0.0,0,0,0,1,1
62985,-1,1,-0.54520327,0.36697802,0,1,unassigned,18.0,17.0,1.0,0.9444444,0.055555556,0.055555582,0.030947777,0.0017193209,1,0,0,0,0
62986,-1,0,-0.1791662,0.4553279,0,1,unassigned,4.0,4.0,0.0,1.0,0.0,0.0,0.003868472,0.0,0,0,0,0,0
62987,-1,0,4.495512,0.9889642,1,1,unassigned,4.0,4.0,0.0,1.0,0.0,0.0,0.003868472,0.0,0,0,0,1,1
62988,-1,0,7.811314,0.9995951,1,1,unassigned,2.0,2.0,0.0,1.0,0.0,0.0,0.0,0.0,0,0,0,1,1
62989,0,1,-0.6177186,0.3503005,0,0,test,37.0,36.0,1.0,0.972973,0.027027028,0.02702701,0.06769826,0.0018296828,1,0,1,0,0
62990,-1,0,-0.20553547,0.44879627,0,1,unassigned,3.0,3.0,0.0,1.0,0.0,0.0,0.001934236,0.0,0,0,0,0,0
62991,0,0,-0.78525907,0.31318757,0,0,unassigned,4.0,4.0,0.0,1.0,0.0,0.0,0.003868472,0.0,0,0,1,0,0
62992,-1,0,2.0777748,0.8887242,1,1,unassigned,2.0,2.0,0.0,1.0,0.0,0.0,0.0,0.0,0,0,0,1,0
62993,-1,0,7.807917,0.9995937,1,1,unassigned,5.0,5.0,0.0,1.0,0.0,0.0,0.0058027077,0.0,0,0,0,1,1
62994,-1,0,-0.39268792,0.40307042,0,1,unassigned,15.0,15.0,0.0,1.0,0.0,0.0,0.025145067,0.0,0,0,0,0,0
62995,-1,0,20.27621,1.0,1,1,unassigned,2.0,2.0,0.0,1.0,0.0,0.0,0.0,0.0,0,0,0,1,1
62996,0,0,0.4002022,0.5987362,1,1,val,3.0,3.0,0.0,1.0,0.0,0.0,0.001934236,0.0,0,0,0,1,0
62997,-1,1,0.7074174,0.66983026,1,1,unassigned,12.0,10.0,2.0,0.8333333,0.16666667,0.16666669,0.01934236,0.0032237265,1,0,0,1,0
62998,-1,0,3.5954568,0.9732851,1,1,unassigned,2.0,2.0,0.0,1.0,0.0,0.0,0.0,0.0,0,0,0,1,1
62999,-1,1,-0.24721837,0.4385082,0,1,unassigned,2.0,2.0,0.0,1.0,0.0,0.0,0.0,0.0,1,0,0,0,0
63000,-1,0,-0.415954,0.39748532,0,1,unassigned,38.0,38.0,0.0,1.0,0.0,0.0,0.06963249,0.0,0,0,0,0,0
63001,-1,0,-0.33696082,0.4165479,0,1,unassigned,26.0,26.0,0.0,1.0,0.0,0.0,0.046421662,0.0,0,0,0,0,0
63002,-1,0,-0.7255389,0.32617444,0,1,unassigned,51.0,51.0,0.0,1.0,0.0,0.0,0.09477756,0.0,0,0,0,0,0
63003,-1,0,-0.46453083,0.38591152,0,1,unassigned,45.0,43.0,2.0,0.95555556,0.044444446,0.04444444,0.08317215,0.0036965401,0,0,0,0,0
63004,-1,0,-0.1081765,0.4729822,0,1,unassigned,36.0,36.0,0.0,1.0,0.0,0.0,0.065764025,0.0,0,0,0,0,0
63005,-1,0,-0.08752051,0.4781338,0,1,unassigned,34.0,34.0,0.0,1.0,0.0,0.0,0.061895553,0.0,0,0,0,0,0
63006,-1,0,-0.78760993,0.3126821,0,1,unassigned,57.0,56.0,1.0,0.98245615,0.01754386,0.017543852,0.10638298,0.0018663681,0,0,0,0,0
63007,-1,0,-0.6658455,0.33942774,0,1,unassigned,52.0,52.0,0.0,1.0,0.0,0.0,0.0967118,0.0,0,0,0,0,0
63008,1,1,5.147176,0.99421775,1,0,test,13.0,9.0,4.0,0.6923077,0.30769232,0.3076923,0.021276595,0.006546645,1,0,1,1,1
63009,-1,0,-0.08444548,0.47890115,0,1,unassigned,5.0,5.0,0.0,1.0,0.0,0.0,0.0058027077,0.0,0,0,0,0,0
63010,-1,0,8.022768,0.9996722,1,1,unassigned,5.0,5.0,0.0,1.0,0.0,0.0,0.0058027077,0.0,0,0,0,1,1
63011,-1,0,-0.30720824,0.42379636,0,1,unassigned,3.0,2.0,1.0,0.6666667,0.33333334,0.3333333,0.001934236,0.00064474536,0,0,0,0,0
63012,-1,1,0.15961474,0.5398192,1,1,unassigned,62.0,59.0,3.0,0.9516129,0.048387095,0.04838711,0.116054155,0.0056155236,1,0,0,1,0
63013,-1,0,3.409218,0.9679914,1,1,unassigned,3.0,3.0,0.0,1.0,0.0,0.0,0.001934236,0.0,0,0,0,1,1
63014,1,1,1.1301246,0.7558619,1,0,test,38.0,35.0,3.0,0.92105263,0.078947365,0.078947365,0.06963249,0.005497302,1,0,1,1,0
63015,-1,1,3.3543832,0.96624804,1,1,unassigned,2.0,2.0,0.0,1.0,0.0,0.0,0.0,0.0,1,0,0,1,1
63016,-1,0,4.709579,0.9910719,1,1,unassigned,2.0,2.0,0.0,1.0,0.0,0.0,0.0,0.0,0,0,0,1,1
63017,-1,0,2.5266488,0.92598903,1,1,unassigned,3.0,3.0,0.0,1.0,0.0,0.0,0.001934236,0.0,0,0,0,1,1
63018,-1,1,4.0919323,0.9835676,1,1,unassigned,4.0,3.0,1.0,0.75,0.25,0.25,0.003868472,0.000967118,1,0,0,1,1
63019,-1,1,5.087747,0.9938659,1,1,unassigned,3.0,2.0,1.0,0.6666667,0.33333334,0.3333333,0.001934236,0.00064474536,1,0,0,1,1
63020,-1,1,0.20816702,0.55185467,1,1,unassigned,4.0,4.0,0.0,1.0,0.0,0.0,0.003868472,0.0,1,0,0,1,0
63021,-1,1,-0.36777174,0.40907955,0,1,unassigned,7.0,7.0,0.0,1.0,0.0,0.0,0.00967118,0.0,1,0,0,0,0
63022,-1,0,2.4569907,0.9210712,1,1,unassigned,3.0,3.0,0.0,1.0,0.0,0.0,0.001934236,0.0,0,0,0,1,1
63023,-1,0,-0.953531,0.27817526,0,1,unassigned,32.0,31.0,1.0,0.96875,0.03125,0.03125,0.058027077,0.0018133462,0,0,0,0,0
63024,-1,0,0.71302897,0.6710701,1,1,unassigned,6.0,6.0,0.0,1.0,0.0,0.0,0.007736944,0.0,0,0,0,1,0
63025,-1,0,-0.50349313,0.37672013,0,1,unassigned,34.0,34.0,0.0,1.0,0.0,0.0,0.061895553,0.0,0,0,0,0,0
63026,0,0,-0.62815934,0.34792802,0,0,unassigned,49.0,48.0,1.0,0.97959185,0.020408163,0.020408154,0.09090909,0.0018552876,0,0,1,0,0
63027,-1,0,-0.52948457,0.3706371,0,1,unassigned,50.0,50.0,0.0,1.0,0.0,0.0,0.092843324,0.0,0,0,0,0,0
63028,-1,0,-0.74669844,0.3215411,0,1,unassigned,38.0,38.0,0.0,1.0,0.0,0.0,0.06963249,0.0,0,0,0,0,0
63029,0,0,-0.78464115,0.3133205,0,0,train,24.0,24.0,0.0,1.0,0.0,0.0,0.04255319,0.0,0,0,1,0,0
63030,-1,0,-0.6985687,0.33212963,0,1,unassigned,19.0,19.0,0.0,1.0,0.0,0.0,0.032882012,0.0,0,0,0,0,0
63031,-1,0,0.12074959,0.5301508,1,1,unassigned,8.0,8.0,0.0,1.0,0.0,0.0,0.0116054155,0.0,0,0,0,1,0
63032,-1,0,-0.7458522,0.32172576,0,1,unassigned,41.0,41.0,0.0,1.0,0.0,0.0,0.07543521,0.0,0,0,0,0,0
63033,-1,0,-0.48478627,0.38112256,0,1,unassigned,6.0,6.0,0.0,1.0,0.0,0.0,0.007736944,0.0,0,0,0,0,0
63034,-1,0,-0.53420657,0.3695363,0,1,unassigned,44.0,44.0,0.0,1.0,0.0,0.0,0.08123791,0.0,0,0,0,0,0
63035,-1,0,-0.45129606,0.38905266,0,1,unassigned,32.0,32.0,0.0,1.0,0.0,0.0,0.058027077,0.0,0,0,0,0,0
63036,-1,0,-0.07974556,0.48007414,0,1,unassigned,5.0,5.0,0.0,1.0,0.0,0.0,0.0058027077,0.0,0,0,0,0,0
63037,1,0,0.35823876,0.58861405,1,0,test,3.0,3.0,0.0,1.0,0.0,0.0,0.001934236,0.0,0,0,1,1,0
63038,1,0,5.0107284,0.9933781,1,0,unassigned,3.0,3.0,0.0,1.0,0.0,0.0,0.001934236,0.0,0,0,1,1,1
63039,0,0,-0.3518197,0.4129412,0,0,test,8.0,8.0,0.0,1.0,0.0,0.0,0.0116054155,0.0,0,0,1,0,0
63040,-1,1,-0.77775437,0.31480408,0,1,unassigned,19.0,19.0,0.0,1.0,0.0,0.0,0.032882012,0.0,1,0,0,0,0
63041,-1,1,-0.5287622,0.37080562,0,1,unassigned,18.0,18.0,0.0,1.0,0.0,0.0,0.030947777,0.0,1,0,0,0,0
63042,-1,1,1.8914425,0.86891997,1,1,unassigned,6.0,6.0,0.0,1.0,0.0,0.0,0.007736944,0.0,1,0,0,1,0
63043,-1,0,-0.41254392,0.3983023,0,1,unassigned,14.0,10.0,4.0,0.71428573,0.2857143,0.28571427,0.023210831,0.0066316663,0,0,0,0,0
63044,-1,0,4.1826196,0.98497087,1,1,unassigned,3.0,3.0,0.0,1.0,0.0,0.0,0.001934236,0.0,0,0,0,1,1
63045,-1,0,-0.3622342,0.41041884,0,1,unassigned,8.0,8.0,0.0,1.0,0.0,0.0,0.0116054155,0.0,0,0,0,0,0
63046,-1,0,6.828647,0.9989189,1,1,unassigned,3.0,3.0,0.0,1.0,0.0,0.0,0.001934236,0.0,0,0,0,1,1
63047,-1,0,-0.72280234,0.32677618,0,1,unassigned,54.0,54.0,0.0,1.0,0.0,0.0,0.10058027,0.0,0,0,0,0,0
63048,-1,0,-0.74071753,0.32284725,0,1,unassigned,23.0,23.0,0.0,1.0,0.0,0.0,0.040618956,0.0,0,0,0,0,0
63049,-1,0,11.374825,0.99998856,1,1,unassigned,4.0,3.0,1.0,0.75,0.25,0.25,0.003868472,0.000967118,0,0,0,1,1
63050,-1,0,-0.38255623,0.40551051,0,1,unassigned,39.0,39.0,0.0,1.0,0.0,0.0,0.07156673,0.0,0,0,0,0,0
63051,1,0,11.289742,0.9999875,1,0,unassigned,9.0,8.0,1.0,0.8888889,0.11111111,0.111111104,0.013539651,0.0015044058,0,0,1,1,1
63052,-1,0,5.1350303,0.99414754,1,1,unassigned,4.0,4.0,0.0,1.0,0.0,0.0,0.003868472,0.0,0,0,0,1,1
63053,-1,0,-0.117298156,0.47070903,0,1,unassigned,2.0,2.0,0.0,1.0,0.0,0.0,0.0,0.0,0,0,0,0,0
63054,-1,0,9.687054,0.9999379,1,1,unassigned,2.0,2.0,0.0,1.0,0.0,0.0,0.0,0.0,0,0,0,1,1
63055,-1,0,9.010788,0.9998779,1,1,unassigned,2.0,2.0,0.0,1.0,0.0,0.0,0.0,0.0,0,0,0,1,1
63056,1,0,10.152271,0.999961,1,0,val,7.0,5.0,2.0,0.71428573,0.2857143,0.28571427,0.00967118,0.0027631943,0,0,1,1,1
63057,-1,1,-0.80379856,0.30921358,0,1,unassigned,50.0,49.0,1.0,0.98,0.02,0.01999998,0.092843324,0.0018568664,1,0,0,0,0
63058,-1,0,-1.0604854,0.25721672,0,1,unassigned,2.0,2.0,0.0,1.0,0.0,0.0,0.0,0.0,0,0,0,0,0
63059,-1,1,-0.50904655,0.37541705,0,1,unassigned,5.0,5.0,0.0,1.0,0.0,0.0,0.0058027077,0.0,1,0,0,0,0
63060,-1,1,-0.7165101,0.32816193,0,1,unassigned,61.0,61.0,0.0,1.0,0.0,0.0,0.114119925,0.0,1,0,0,0,0
63061,-1,0,5.783026,0.99693006,1,1,unassigned,3.0,3.0,0.0,1.0,0.0,0.0,0.001934236,0.0,0,0,0,1,1
63062,-1,0,7.287866,0.9993167,1,1,unassigned,2.0,2.0,0.0,1.0,0.0,0.0,0.0,0.0,0,0,0,1,1
63063,1,0,5.053109,0.9936512,1,0,test,4.0,4.0,0.0,1.0,0.0,0.0,0.003868472,0.0,0,0,1,1,1
63064,-1,0,0.89335304,0.7095816,1,1,unassigned,30.0,27.0,3.0,0.9,0.1,0.100000024,0.054158606,0.0054158606,0,0,0,1,0
63065,-1,0,-0.9390866,0.28108487,0,1,unassigned,4.0,3.0,1.0,0.75,0.25,0.25,0.003868472,0.000967118,0,0,0,0,0
63066,-1,0,1.923475,0.87252545,1,1,unassigned,5.0,5.0,0.0,1.0,0.0,0.0,0.0058027077,0.0,0,0,0,1,0
63067,-1,0,9.155046,0.99989426,1,1,unassigned,2.0,2.0,0.0,1.0,0.0,0.0,0.0,0.0,0,0,0,1,1
63068,-1,0,10.528291,0.9999732,1,1,unassigned,5.0,4.0,1.0,0.8,0.2,0.19999999,0.0058027077,0.0011605415,0,0,0,1,1
63069,-1,0,9.010788,0.9998779,1,1,unassigned,2.0,2.0,0.0,1.0,0.0,0.0,0.0,0.0,0,0,0,1,1
63070,-1,0,7.833904,0.99960405,1,1,unassigned,3.0,3.0,0.0,1.0,0.0,0.0,0.001934236,0.0,0,0,0,1,1
63071,-1,0,9.010788,0.9998779,1,1,unassigned,2.0,2.0,0.0,1.0,0.0,0.0,0.0,0.0,0,0,0,1,1
63072,-1,0,-0.004747331,0.49881312,0,1,unassigned,3.0,3.0,0.0,1.0,0.0,0.0,0.001934236,0.0,0,0,0,0,0
63073,-1,1,4.857758,0.992292,1,1,unassigned,2.0,2.0,0.0,1.0,0.0,0.0,0.0,0.0,1,0,0,1,1
63074,-1,0,9.155046,0.99989426,1,1,unassigned,2.0,2.0,0.0,1.0,0.0,0.0,0.0,0.0,0,0,0,1,1
63075,-1,0,0.6489175,0.65676653,1,1,unassigned,9.0,9.0,0.0,1.0,0.0,0.0,0.013539651,0.0,0,0,0,1,0
63076,-1,0,9.010788,0.9998779,1,1,unassigned,2.0,2.0,0.0,1.0,0.0,0.0,0.0,0.0,0,0,0,1,1
63077,-1,0,3.4740398,0.96994007,1,1,unassigned,12.0,12.0,0.0,1.0,0.0,0.0,0.01934236,0.0,0,0,0,1,1
63078,-1,0,0.30849242,0.5765172,1,1,unassigned,12.0,12.0,0.0,1.0,0.0,0.0,0.01934236,0.0,0,0,0,1,0
63079,-1,0,2.2777677,0.9070189,1,1,unassigned,22.0,21.0,1.0,0.95454544,0.045454547,0.04545456,0.03868472,0.0017583964,0,0,0,1,1
63080,-1,0,0.9089442,0.71278405,1,1,unassigned,6.0,5.0,1.0,0.8333333,0.16666667,0.16666669,0.007736944,0.0012894907,0,0,0,1,0
63081,-1,0,9.155046,0.99989426,1,1,unassigned,2.0,2.0,0.0,1.0,0.0,0.0,0.0,0.0,0,0,0,1,1
63082,-1,0,9.010788,0.9998779,1,1,unassigned,2.0,2.0,0.0,1.0,0.0,0.0,0.0,0.0,0,0,0,1,1
63083,-1,0,8.869763,0.99985945,1,1,unassigned,2.0,2.0,0.0,1.0,0.0,0.0,0.0,0.0,0,0,0,1,1
63084,-1,0,4.866956,0.992362,1,1,unassigned,2.0,2.0,0.0,1.0,0.0,0.0,0.0,0.0,0,0,0,1,1
63085,-1,0,9.010788,0.9998779,1,1,unassigned,2.0,2.0,0.0,1.0,0.0,0.0,0.0,0.0,0,0,0,1,1
63086,-1,0,10.034838,0.99995613,1,1,unassigned,2.0,2.0,0.0,1.0,0.0,0.0,0.0,0.0,0,0,0,1,1
63087,-1,0,11.402979,0.9999888,1,1,unassigned,6.0,5.0,1.0,0.8333333,0.16666667,0.16666669,0.007736944,0.0012894907,0,0,0,1,1
63088,-1,0,11.285095,0.9999875,1,1,unassigned,2.0,2.0,0.0,1.0,0.0,0.0,0.0,0.0,0,0,0,1,1
63089,-1,1,-0.6540535,0.34207666,0,1,unassigned,55.0,52.0,3.0,0.94545454,0.054545455,0.054545462,0.102514505,0.0055917003,1,0,0,0,0
63090,-1,0,9.010788,0.9998779,1,1,unassigned,2.0,2.0,0.0,1.0,0.0,0.0,0.0,0.0,0,0,0,1,1
63091,-1,0,-0.4720695,0.3841265,0,1,unassigned,55.0,54.0,1.0,0.9818182,0.018181818,0.0181818,0.102514505,0.0018639,0,0,0,0,0
63092,-1,0,8.433733,0.9997826,1,1,unassigned,2.0,2.0,0.0,1.0,0.0,0.0,0.0,0.0,0,0,0,1,1
63093,-1,0,4.866956,0.992362,1,1,unassigned,2.0,2.0,0.0,1.0,0.0,0.0,0.0,0.0,0,0,0,1,1
63094,-1,0,8.73233,0.9998387,1,1,unassigned,2.0,2.0,0.0,1.0,0.0,0.0,0.0,0.0,0,0,0,1,1
63095,-1,0,8.73233,0.9998387,1,1,unassigned,2.0,2.0,0.0,1.0,0.0,0.0,0.0,0.0,0,0,0,1,1
63096,-1,0,6.0074706,0.99754566,1,1,unassigned,7.0,7.0,0.0,1.0,0.0,0.0,0.00967118,0.0,0,0,0,1,1
63097,-1,0,9.31683,0.9999101,1,1,unassigned,3.0,3.0,0.0,1.0,0.0,0.0,0.001934236,0.0,0,0,0,1,1
63098,-1,0,9.687054,0.9999379,1,1,unassigned,2.0,2.0,0.0,1.0,0.0,0.0,0.0,0.0,0,0,0,1,1
63099,-1,1,0.46574408,0.61437595,1,1,unassigned,39.0,36.0,3.0,0.9230769,0.07692308,0.07692307,0.07156673,0.0055051334,1,0,0,1,0
63100,-1,0,9.117829,0.9998903,1,1,unassigned,2.0,2.0,0.0,1.0,0.0,0.0,0.0,0.0,0,0,0,1,1
63101,-1,0,10.685596,0.9999771,1,1,unassigned,3.0,3.0,0.0,1.0,0.0,0.0,0.001934236,0.0,0,0,0,1,1
63102,-1,0,9.201549,0.99989915,1,1,unassigned,3.0,3.0,0.0,1.0,0.0,0.0,0.001934236,0.0,0,0,0,1,1
63103,-1,0,5.1581464,0.9942806,1,1,unassigned,2.0,2.0,0.0,1.0,0.0,0.0,0.0,0.0,0,0,0,1,1
63104,-1,0,4.6921434,0.9909163,1,1,unassigned,4.0,4.0,0.0,1.0,0.0,0.0,0.003868472,0.0,0,0,0,1,1
63105,-1,0,9.459177,0.99992204,1,1,unassigned,2.0,2.0,0.0,1.0,0.0,0.0,0.0,0.0,0,0,0,1,1
63106,-1,0,9.386903,0.9999162,1,1,unassigned,5.0,5.0,0.0,1.0,0.0,0.0,0.0058027077,0.0,0,0,0,1,1
63107,-1,1,-0.65820384,0.34114322,0,1,unassigned,82.0,70.0,12.0,0.85365856,0.14634146,0.14634144,0.15473887,0.022644712,1,0,0,0,0
63108,-1,0,6.14658,0.9978638,1,1,unassigned,2.0,2.0,0.0,1.0,0.0,0.0,0.0,0.0,0,0,0,1,1
63109,-1,0,11.907337,0.9999932,1,1,unassigned,5.0,5.0,0.0,1.0,0.0,0.0,0.0058027077,0.0,0,0,0,1,1
63110,-1,1,4.844603,0.99219066,1,1,unassigned,18.0,18.0,0.0,1.0,0.0,0.0,0.030947777,0.0,1,0,0,1,1
63111,1,0,-0.3859858,0.404684,0,1,unassigned,21.0,5.0,16.0,0.23809524,0.7619048,0.7619048,0.036750484,0.02800037,0,0,0,0,0
63112,-1,1,2.2827554,0.90743876,1,1,unassigned,3.0,3.0,0.0,1.0,0.0,0.0,0.001934236,0.0,1,0,0,1,1
63113,-1,1,2.5186062,0.9254359,1,1,unassigned,3.0,3.0,0.0,1.0,0.0,0.0,0.001934236,0.0,1,0,0,1,1
63114,-1,0,3.875313,0.9796738,1,1,unassigned,2.0,2.0,0.0,1.0,0.0,0.0,0.0,0.0,0,0,0,1,1
63115,-1,1,-0.42787737,0.3946333,0,1,unassigned,14.0,13.0,1.0,0.9285714,0.071428575,0.0714286,0.023210831,0.0016579166,1,0,0,0,0
63116,-1,0,-0.1338849,0.4665787,0,1,unassigned,4.0,4.0,0.0,1.0,0.0,0.0,0.003868472,0.0,0,0,0,0,0
63117,-1,0,-0.15463883,0.46141714,0,1,unassigned,2.0,2.0,0.0,1.0,0.0,0.0,0.0,0.0,0,0,0,0,0
63118,-1,0,10.460598,0.9999714,1,1,unassigned,2.0,2.0,0.0,1.0,0.0,0.0,0.0,0.0,0,0,0,1,1
63119,-1,0,10.060796,0.9999573,1,1,unassigned,2.0,2.0,0.0,1.0,0.0,0.0,0.0,0.0,0,0,0,1,1
63120,-1,0,9.687054,0.9999379,1,1,unassigned,2.0,2.0,0.0,1.0,0.0,0.0,0.0,0.0,0,0,0,1,1
63121,-1,0,9.258184,0.99990463,1,1,unassigned,2.0,2.0,0.0,1.0,0.0,0.0,0.0,0.0,0,0,0,1,1
63122,-1,0,-0.5393039,0.36834952,0,1,unassigned,3.0,1.0,2.0,0.33333334,0.6666667,0.6666666,0.001934236,0.0012894907,0,0,0,0,0
63123,-1,0,8.991125,0.99987555,1,1,unassigned,3.0,3.0,0.0,1.0,0.0,0.0,0.001934236,0.0,0,0,0,1,1
63124,1,0,2.8896568,0.9473328,1,0,test,7.0,2.0,5.0,0.2857143,0.71428573,0.71428573,0.00967118,0.0069079855,0,0,1,1,1
63125,-1,0,1.2180974,0.7717286,1,1,unassigned,20.0,19.0,1.0,0.95,0.05,0.050000012,0.034816246,0.0017408123,0,0,0,1,0
63126,1,0,2.0722053,0.8881722,1,0,test,24.0,23.0,1.0,0.9583333,0.041666668,0.041666687,0.04255319,0.0017730496,0,0,1,1,0
63127,1,0,0.9774185,0.72659564,1,0,val,9.0,9.0,0.0,1.0,0.0,0.0,0.013539651,0.0,0,0,1,1,0
63128,-1,0,3.399223,0.9676802,1,1,unassigned,15.0,15.0,0.0,1.0,0.0,0.0,0.025145067,0.0,0,0,0,1,1
63129,1,0,0.16947502,0.5422676,1,0,unassigned,6.0,6.0,0.0,1.0,0.0,0.0,0.007736944,0.0,0,0,1,1,0
63130,-1,1,2.4596984,0.92126787,1,1,unassigned,6.0,6.0,0.0,1.0,0.0,0.0,0.007736944,0.0,1,0,0,1,1
63131,-1,1,-0.5125414,0.37459797,0,1,unassigned,12.0,11.0,1.0,0.9166667,0.083333336,0.08333331,0.01934236,0.0016118633,1,0,0,0,0
63132,-1,1,0.38265663,0.59451365,1,1,unassigned,11.0,10.0,1.0,0.90909094,0.09090909,0.090909064,0.017408123,0.0015825568,1,0,0,1,0
63133,-1,0,-0.06528181,0.4836854,0,1,unassigned,5.0,5.0,0.0,1.0,0.0,0.0,0.0058027077,0.0,0,0,0,0,0
63134,1,1,-0.13434339,0.46646458,0,1,test,5.0,4.0,1.0,0.8,0.2,0.19999999,0.0058027077,0.0011605415,1,0,0,0,0
63135,-1,0,1.7324817,0.8497296,1,1,unassigned,2.0,2.0,0.0,1.0,0.0,0.0,0.0,0.0,0,0,0,1,0
63136,-1,1,0.7663074,0.68272156,1,1,unassigned,4.0,4.0,0.0,1.0,0.0,0.0,0.003868472,0.0,1,0,0,1,0
63137,0,0,-0.51348746,0.37437633,0,0,train,4.0,4.0,0.0,1.0,0.0,0.0,0.003868472,0.0,0,0,1,0,0
63138,-1,0,2.8260367,0.94406664,1,1,unassigned,8.0,8.0,0.0,1.0,0.0,0.0,0.0116054155,0.0,0,0,0,1,1
63139,-1,1,-0.6892312,0.3342041,0,1,unassigned,14.0,14.0,0.0,1.0,0.0,0.0,0.023210831,0.0,1,0,0,0,0
63140,-1,1,2.4151027,0.9179717,1,1,unassigned,4.0,4.0,0.0,1.0,0.0,0.0,0.003868472,0.0,1,0,0,1,1
63141,-1,0,3.049055,0.9547417,1,1,unassigned,5.0,5.0,0.0,1.0,0.0,0.0,0.0058027077,0.0,0,0,0,1,1
63142,-1,0,6.457953,0.9984345,1,1,unassigned,2.0,1.0,1.0,0.5,0.5,0.5,0.0,0.0,0,0,0,1,1
63143,-1,1,2.1581557,0.89642847,1,1,unassigned,9.0,9.0,0.0,1.0,0.0,0.0,0.013539651,0.0,1,0,0,1,0
63144,1,0,2.311517,0.90982634,1,0,unassigned,11.0,10.0,1.0,0.90909094,0.09090909,0.090909064,0.017408123,0.0015825568,0,0,1,1,1
63145,1,0,5.207006,0.99455184,1,0,test,31.0,16.0,15.0,0.516129,0.48387095,0.48387098,0.056092843,0.027141698,0,0,1,1,1
63146,-1,0,-0.045671284,0.48858416,0,1,unassigned,4.0,3.0,1.0,0.75,0.25,0.25,0.003868472,0.000967118,0,0,0,0,0
63147,-1,1,-0.38224328,0.40558597,0,1,unassigned,79.0,71.0,8.0,0.89873415,0.101265825,0.10126585,0.14893617,0.015082144,1,0,0,0,0
63148,-1,1,-0.2116139,0.4472931,0,1,unassigned,24.0,23.0,1.0,0.9583333,0.041666668,0.041666687,0.04255319,0.0017730496,1,0,0,0,0
63149,-1,1,3.2410538,0.96235025,1,1,unassigned,11.0,7.0,4.0,0.6363636,0.36363637,0.36363637,0.017408123,0.006330227,1,0,0,1,1
63150,-1,0,0.96891266,0.72490275,1,1,unassigned,3.0,3.0,0.0,1.0,0.0,0.0,0.001934236,0.0,0,0,0,1,0
63151,-1,1,-0.8120882,0.30744568,0,1,unassigned,53.0,51.0,2.0,0.9622642,0.03773585,0.03773582,0.09864604,0.0037224921,1,0,0,0,0
63152,1,0,-0.36116976,0.41067642,0,1,train,20.0,20.0,0.0,1.0,0.0,0.0,0.034816246,0.0,0,0,0,0,0
63153,-1,1,1.746005,0.8514482,1,1,unassigned,2.0,2.0,0.0,1.0,0.0,0.0,0.0,0.0,1,0,0,1,0
63154,-1,0,0.395936,0.59771085,1,1,unassigned,25.0,22.0,3.0,0.88,0.12,0.120000005,0.044487428,0.0053384914,0,0,0,1,0
63155,-1,0,-0.9361552,0.28167763,0,1,unassigned,3.0,3.0,0.0,1.0,0.0,0.0,0.001934236,0.0,0,0,0,0,0
63156,1,0,-0.07407743,0.4814891,0,1,unassigned,15.0,15.0,0.0,1.0,0.0,0.0,0.025145067,0.0,0,0,0,0,0
63157,0,1,-0.28844368,0.42838493,0,0,unassigned,4.0,3.0,1.0,0.75,0.25,0.25,0.003868472,0.000967118,1,0,1,0,0
63158,-1,0,2.3243656,0.91087496,1,1,unassigned,7.0,7.0,0.0,1.0,0.0,0.0,0.00967118,0.0,0,0,0,1,1
63159,-1,0,-0.36914092,0.40874863,0,1,unassigned,7.0,7.0,0.0,1.0,0.0,0.0,0.00967118,0.0,0,0,0,0,0
63160,-1,0,4.0679975,0.98317623,1,1,unassigned,7.0,7.0,0.0,1.0,0.0,0.0,0.00967118,0.0,0,0,0,1,1
63161,0,0,-0.22462839,0.44407788,0,0,unassigned,13.0,13.0,0.0,1.0,0.0,0.0,0.021276595,0.0,0,0,1,0,0
63162,-1,0,1.3689766,0.7972148,1,1,unassigned,2.0,2.0,0.0,1.0,0.0,0.0,0.0,0.0,0,0,0,1,0
63163,-1,1,4.210004,0.9853709,1,1,unassigned,11.0,10.0,1.0,0.90909094,0.09090909,0.090909064,0.017408123,0.0015825568,1,0,0,1,1
63164,0,0,0.7508854,0.6793716,1,1,unassigned,2.0,2.0,0.0,1.0,0.0,0.0,0.0,0.0,0,0,0,1,0
63165,-1,1,-0.37482944,0.40737456,0,1,unassigned,14.0,14.0,0.0,1.0,0.0,0.0,0.023210831,0.0,1,0,0,0,0
63166,-1,1,3.1034305,0.957034,1,1,unassigned,5.0,4.0,1.0,0.8,0.2,0.19999999,0.0058027077,0.0011605415,1,0,0,1,1
63167,-1,0,-0.6002522,0.354286,0,1,unassigned,9.0,9.0,0.0,1.0,0.0,0.0,0.013539651,0.0,0,0,0,0,0
63168,-1,0,-0.3131591,0.42234382,0,1,unassigned,12.0,12.0,0.0,1.0,0.0,0.0,0.01934236,0.0,0,0,0,0,0
63169,-1,1,-1.3867233,0.19993138,0,1,unassigned,2.0,1.0,1.0,0.5,0.5,0.5,0.0,0.0,1,0,0,0,0
63170,0,0,-0.83646303,0.30228025,0,0,unassigned,4.0,4.0,0.0,1.0,0.0,0.0,0.003868472,0.0,0,0,1,0,0
63171,0,0,-0.16130626,0.45976064,0,0,unassigned,9.0,9.0,0.0,1.0,0.0,0.0,0.013539651,0.0,0,0,1,0,0
63172,-1,0,0.30506486,0.5756802,1,1,unassigned,3.0,2.0,1.0,0.6666667,0.33333334,0.3333333,0.001934236,0.00064474536,0,0,0,1,0
63173,-1,0,0.95328933,0.7217762,1,1,unassigned,2.0,2.0,0.0,1.0,0.0,0.0,0.0,0.0,0,0,0,1,0
63174,-1,0,-0.84383804,0.30072707,0,1,unassigned,6.0,4.0,2.0,0.6666667,0.33333334,0.3333333,0.007736944,0.0025789815,0,0,0,0,0
63175,-1,0,-1.0199783,0.26503164,0,1,unassigned,3.0,2.0,1.0,0.6666667,0.33333334,0.3333333,0.001934236,0.00064474536,0,0,0,0,0
63176,0,0,0.013087571,0.5032719,1,1,val,7.0,7.0,0.0,1.0,0.0,0.0,0.00967118,0.0,0,0,0,1,0
63177,-1,1,2.2355506,0.90339684,1,1,unassigned,6.0,6.0,0.0,1.0,0.0,0.0,0.007736944,0.0,1,0,0,1,1
63178,-1,0,-0.115780115,0.47108728,0,1,unassigned,3.0,2.0,1.0,0.6666667,0.33333334,0.3333333,0.001934236,0.00064474536,0,0,0,0,0
63179,-1,1,1.3409798,0.792651,1,1,unassigned,6.0,6.0,0.0,1.0,0.0,0.0,0.007736944,0.0,1,0,0,1,0
63180,-1,0,-0.6038743,0.3534578,0,1,unassigned,20.0,20.0,0.0,1.0,0.0,0.0,0.034816246,0.0,0,0,0,0,0
63181,1,0,4.684014,0.9908428,1,0,test,4.0,3.0,1.0,0.75,0.25,0.25,0.003868472,0.000967118,0,0,1,1,1
63182,-1,0,4.4817824,0.98881334,1,1,unassigned,2.0,2.0,0.0,1.0,0.0,0.0,0.0,0.0,0,0,0,1,1
63183,1,0,1.6849463,0.84355843,1,0,unassigned,2.0,2.0,0.0,1.0,0.0,0.0,0.0,0.0,0,0,1,1,0
63184,1,0,-0.35550702,0.41204762,0,1,train,8.0,4.0,4.0,0.5,0.5,0.5,0.0116054155,0.0058027077,0,0,0,0,0
63185,-1,1,3.412739,0.96810025,1,1,unassigned,7.0,7.0,0.0,1.0,0.0,0.0,0.00967118,0.0,1,0,0,1,1
63186,-1,0,-0.88483876,0.29217607,0,1,unassigned,19.0,19.0,0.0,1.0,0.0,0.0,0.032882012,0.0,0,0,0,0,0
63187,-1,0,6.703644,0.99877506,1,1,unassigned,5.0,4.0,1.0,0.8,0.2,0.19999999,0.0058027077,0.0011605415,0,0,0,1,1
63188,-1,0,2.1493137,0.8956046,1,1,unassigned,3.0,3.0,0.0,1.0,0.0,0.0,0.001934236,0.0,0,0,0,1,0
63189,1,0,2.1669655,0.89724356,1,0,unassigned,2.0,2.0,0.0,1.0,0.0,0.0,0.0,0.0,0,0,1,1,0
63190,-1,0,2.4417124,0.9199533,1,1,unassigned,7.0,7.0,0.0,1.0,0.0,0.0,0.00967118,0.0,0,0,0,1,1
63191,-1,1,0.4355392,0.60719556,1,1,unassigned,12.0,12.0,0.0,1.0,0.0,0.0,0.01934236,0.0,1,0,0,1,0
63192,-1,0,2.4688838,0.92193145,1,1,unassigned,5.0,5.0,0.0,1.0,0.0,0.0,0.0058027077,0.0,0,0,0,1,1
63193,-1,0,8.839661,0.99985516,1,1,unassigned,14.0,14.0,0.0,1.0,0.0,0.0,0.023210831,0.0,0,0,0,1,1
63194,-1,0,2.7719557,0.9411414,1,1,unassigned,13.0,12.0,1.0,0.9230769,0.07692308,0.07692307,0.021276595,0.0016366612,0,0,0,1,1
63195,-1,0,9.061737,0.999884,1,1,unassigned,5.0,4.0,1.0,0.8,0.2,0.19999999,0.0058027077,0.0011605415,0,0,0,1,1
63196,-1,1,1.793277,0.8573286,1,1,unassigned,36.0,32.0,4.0,0.8888889,0.11111111,0.111111104,0.065764025,0.007307114,1,0,0,1,0
63197,-1,0,-0.054428875,0.48639616,0,1,unassigned,9.0,9.0,0.0,1.0,0.0,0.0,0.013539651,0.0,0,0,0,0,0
63198,1,0,11.934633,0.99999344,1,0,unassigned,16.0,15.0,1.0,0.9375,0.0625,0.0625,0.027079303,0.0016924564,0,0,1,1,1
63199,-1,0,1.2073114,0.76982296,1,1,unassigned,18.0,18.0,0.0,1.0,0.0,0.0,0.030947777,0.0,0,0,0,1,0
63200,0,1,-0.17370367,0.45668295,0,0,unassigned,20.0,19.0,1.0,0.95,0.05,0.050000012,0.034816246,0.0017408123,1,0,1,0,0
63201,1,0,-0.50001866,0.3775363,0,1,val,5.0,5.0,0.0,1.0,0.0,0.0,0.0058027077,0.0,0,0,0,0,0
63202,1,1,-0.06870973,0.48282933,0,1,val,13.0,13.0,0.0,1.0,0.0,0.0,0.021276595,0.0,1,0,0,0,0
63203,-1,1,-0.2737933,0.4319761,0,1,unassigned,12.0,11.0,1.0,0.9166667,0.083333336,0.08333331,0.01934236,0.0016118633,1,0,0,0,0
63204,-1,1,-0.8385107,0.30184853,0,1,unassigned,175.0,167.0,8.0,0.95428574,0.045714285,0.04571426,0.33462283,0.015297043,1,0,0,0,0
63205,-1,1,-0.501111,0.37727964,0,1,unassigned,45.0,45.0,0.0,1.0,0.0,0.0,0.08317215,0.0,1,0,0,0,0
63206,1,0,-0.4049818,0.400116,0,1,val,34.0,33.0,1.0,0.9705882,0.029411765,0.029411793,0.061895553,0.0018204574,0,0,0,0,0
63207,-1,0,1.5170095,0.8200977,1,1,unassigned,2.0,2.0,0.0,1.0,0.0,0.0,0.0,0.0,0,0,0,1,0
63208,0,0,-0.5188403,0.37312347,0,0,test,11.0,9.0,2.0,0.8181818,0.18181819,0.18181819,0.017408123,0.0031651135,0,0,1,0,0
63209,-1,0,1.5631039,0.8267983,1,1,unassigned,6.0,2.0,4.0,0.33333334,0.6666667,0.6666666,0.007736944,0.005157963,0,0,0,1,0
63210,-1,1,0.48147863,0.61809695,1,1,unassigned,5.0,5.0,0.0,1.0,0.0,0.0,0.0058027077,0.0,1,0,0,1,0
63211,-1,1,-0.7122182,0.32910886,0,1,unassigned,41.0,40.0,1.0,0.9756098,0.024390243,0.02439022,0.07543521,0.001839883,1,0,0,0,0
63212,-1,1,-0.5462112,0.3667439,0,1,unassigned,34.0,34.0,0.0,1.0,0.0,0.0,0.061895553,0.0,1,0,0,0,0
63213,-1,0,-0.45142716,0.38902152,0,1,unassigned,7.0,7.0,0.0,1.0,0.0,0.0,0.00967118,0.0,0,0,0,0,0
63214,-1,0,4.8710814,0.99239326,1,1,unassigned,3.0,3.0,0.0,1.0,0.0,0.0,0.001934236,0.0,0,0,0,1,1
63215,-1,1,3.9009745,0.98017865,1,1,unassigned,25.0,18.0,7.0,0.72,0.28,0.27999997,0.044487428,0.0124564795,1,0,0,1,1
63216,-1,0,4.3739934,0.98755604,1,1,unassigned,3.0,3.0,0.0,1.0,0.0,0.0,0.001934236,0.0,0,0,0,1,1
63217,-1,0,0.74711806,0.6785504,1,1,unassigned,8.0,8.0,0.0,1.0,0.0,0.0,0.0116054155,0.0,0,0,0,1,0
63218,-1,0,0.16868633,0.5420719,1,1,unassigned,2.0,2.0,0.0,1.0,0.0,0.0,0.0,0.0,0,0,0,1,0
63219,-1,0,3.9328673,0.9807889,1,1,unassigned,31.0,28.0,3.0,0.9032258,0.09677419,0.09677422,0.056092843,0.0054283394,0,0,0,1,1
63220,-1,0,5.1614685,0.9942994,1,1,unassigned,2.0,2.0,0.0,1.0,0.0,0.0,0.0,0.0,0,0,0,1,1
63221,-1,0,1.5172029,0.82012624,1,1,unassigned,5.0,5.0,0.0,1.0,0.0,0.0,0.0058027077,0.0,0,0,0,1,0
63222,-1,0,-0.2721359,0.43238276,0,1,unassigned,6.0,6.0,0.0,1.0,0.0,0.0,0.007736944,0.0,0,0,0,0,0
63223,-1,0,-0.41012782,0.39888147,0,1,unassigned,6.0,6.0,0.0,1.0,0.0,0.0,0.007736944,0.0,0,0,0,0,0
63224,-1,0,-0.13697615,0.46580938,0,1,unassigned,10.0,10.0,0.0,1.0,0.0,0.0,0.015473888,0.0,0,0,0,0,0
63225,-1,0,-0.47452855,0.38354495,0,1,unassigned,3.0,3.0,0.0,1.0,0.0,0.0,0.001934236,0.0,0,0,0,0,0
63226,1,1,2.6980038,0.9369088,1,0,unassigned,6.0,6.0,0.0,1.0,0.0,0.0,0.007736944,0.0,1,0,1,1,1
63227,-1,0,0.036943972,0.50923496,1,1,unassigned,17.0,16.0,1.0,0.9411765,0.05882353,0.058823526,0.029013539,0.0017066788,0,0,0,1,0
63228,-1,0,2.3624609,0.91391957,1,1,unassigned,3.0,3.0,0.0,1.0,0.0,0.0,0.001934236,0.0,0,0,0,1,1
63229,-1,0,0.13594288,0.53393346,1,1,unassigned,6.0,6.0,0.0,1.0,0.0,0.0,0.007736944,0.0,0,0,0,1,0
63230,0,0,0.0606246,0.5151515,1,1,unassigned,8.0,7.0,1.0,0.875,0.125,0.125,0.0116054155,0.0014506769,0,0,0,1,0
63231,-1,0,-0.35258293,0.4127562,0,1,unassigned,3.0,3.0,0.0,1.0,0.0,0.0,0.001934236,0.0,0,0,0,0,0
63232,-1,0,-0.6212657,0.34949365,0,1,unassigned,13.0,13.0,0.0,1.0,0.0,0.0,0.021276595,0.0,0,0,0,0,0
63233,-1,0,-0.19747639,0.45079073,0,1,unassigned,2.0,2.0,0.0,1.0,0.0,0.0,0.0,0.0,0,0,0,0,0
63234,0,1,19.649895,1.0,1,1,val,2.0,2.0,0.0,1.0,0.0,0.0,0.0,0.0,1,0,0,1,1
63235,1,0,-0.27973428,0.43051893,0,1,test,6.0,6.0,0.0,1.0,0.0,0.0,0.007736944,0.0,0,0,0,0,0
63236,-1,0,-0.3825549,0.40551084,0,1,unassigned,5.0,5.0,0.0,1.0,0.0,0.0,0.0058027077,0.0,0,0,0,0,0
63237,-1,0,0.2892725,0.571818,1,1,unassigned,5.0,5.0,0.0,1.0,0.0,0.0,0.0058027077,0.0,0,0,0,1,0
63238,-1,0,3.2361853,0.9621735,1,1,unassigned,2.0,1.0,1.0,0.5,0.5,0.5,0.0,0.0,0,0,0,1,1
63239,-1,0,-0.24076468,0.44009793,0,1,unassigned,31.0,31.0,0.0,1.0,0.0,0.0,0.056092843,0.0,0,0,0,0,0
63240,-1,1,2.3787796,0.9151948,1,1,unassigned,4.0,3.0,1.0,0.75,0.25,0.25,0.003868472,0.000967118,1,0,0,1,1
63241,-1,0,-0.4582247,0.38740706,0,1,unassigned,13.0,13.0,0.0,1.0,0.0,0.0,0.021276595,0.0,0,0,0,0,0
63242,-1,0,-0.44300544,0.39102504,0,1,unassigned,2.0,2.0,0.0,1.0,0.0,0.0,0.0,0.0,0,0,0,0,0
63243,-1,1,-0.28551343,0.42910263,0,1,unassigned,5.0,4.0,1.0,0.8,0.2,0.19999999,0.0058027077,0.0011605415,1,0,0,0,0
63244,-1,1,-0.24355295,0.43941095,0,1,unassigned,12.0,11.0,1.0,0.9166667,0.083333336,0.08333331,0.01934236,0.0016118633,1,0,0,0,0
63245,-1,0,-0.2523542,0.43724418,0,1,unassigned,37.0,37.0,0.0,1.0,0.0,0.0,0.06769826,0.0,0,0,0,0,0
63246,-1,1,-0.9745704,0.27397045,0,1,unassigned,33.0,31.0,2.0,0.93939394,0.060606062,0.060606062,0.059961315,0.0036340193,1,0,0,0,0
63247,0,0,0.10275537,0.52566624,1,1,unassigned,21.0,18.0,3.0,0.85714287,0.14285715,0.14285713,0.036750484,0.0052500693,0,0,0,1,0
63248,-1,0,0.05494535,0.51373285,1,1,unassigned,12.0,12.0,0.0,1.0,0.0,0.0,0.01934236,0.0,0,0,0,1,0
63249,-1,0,0.05997628,0.51498955,1,1,unassigned,15.0,15.0,0.0,1.0,0.0,0.0,0.025145067,0.0,0,0,0,1,0
63250,-1,1,0.5859377,0.6424325,1,1,unassigned,6.0,6.0,0.0,1.0,0.0,0.0,0.007736944,0.0,1,0,0,1,0
63251,-1,1,0.7977765,0.68949866,1,1,unassigned,4.0,3.0,1.0,0.75,0.25,0.25,0.003868472,0.000967118,1,0,0,1,0
63252,-1,0,-0.49063075,0.379745,0,1,unassigned,3.0,3.0,0.0,1.0,0.0,0.0,0.001934236,0.0,0,0,0,0,0
63253,-1,0,4.2497735,0.98593324,1,1,unassigned,8.0,8.0,0.0,1.0,0.0,0.0,0.0116054155,0.0,0,0,0,1,1
63254,-1,0,-0.46697426,0.3853326,0,1,unassigned,7.0,7.0,0.0,1.0,0.0,0.0,0.00967118,0.0,0,0,0,0,0
63255,-1,1,-0.22860071,0.44309738,0,1,unassigned,4.0,3.0,1.0,0.75,0.25,0.25,0.003868472,0.000967118,1,0,0,0,0
63256,1,0,0.027609408,0.5069019,1,0,test,26.0,26.0,0.0,1.0,0.0,0.0,0.046421662,0.0,0,0,1,1,0
63257,0,0,-0.2404105,0.44018522,0,0,test,40.0,40.0,0.0,1.0,0.0,0.0,0.07350097,0.0,0,0,1,0,0
63258,-1,1,-0.24436903,0.43920997,0,1,unassigned,14.0,13.0,1.0,0.9285714,0.071428575,0.0714286,0.023210831,0.0016579166,1,0,0,0,0
63259,-1,0,-0.14300352,0.46430996,0,1,unassigned,20.0,20.0,0.0,1.0,0.0,0.0,0.034816246,0.0,0,0,0,0,0
63260,-1,0,-0.054965913,0.48626196,0,1,unassigned,69.0,66.0,3.0,0.95652175,0.04347826,0.04347825,0.1295938,0.005634513,0,0,0,0,0
63261,-1,0,0.96526533,0.72417474,1,1,unassigned,5.0,5.0,0.0,1.0,0.0,0.0,0.0058027077,0.0,0,0,0,1,0
63262,-1,0,-0.09356475,0.4766259,0,1,unassigned,19.0,19.0,0.0,1.0,0.0,0.0,0.032882012,0.0,0,0,0,0,0
63263,0,0,0.21463126,0.55345273,1,1,unassigned,14.0,14.0,0.0,1.0,0.0,0.0,0.023210831,0.0,0,0,0,1,0
63264,-1,0,2.9621384,0.95083404,1,1,unassigned,2.0,1.0,1.0,0.5,0.5,0.5,0.0,0.0,0,0,0,1,1
63265,1,0,0.1141364,0.5285031,1,0,test,7.0,7.0,0.0,1.0,0.0,0.0,0.00967118,0.0,0,0,1,1,0
63266,0,1,0.28601342,0.5710199,1,1,test,13.0,12.0,1.0,0.9230769,0.07692308,0.07692307,0.021276595,0.0016366612,1,0,0,1,0
63267,-1,1,-0.4980507,0.37799886,0,1,unassigned,4.0,4.0,0.0,1.0,0.0,0.0,0.003868472,0.0,1,0,0,0,0
63268,-1,1,2.2966914,0.9086027,1,1,unassigned,2.0,1.0,1.0,0.5,0.5,0.5,0.0,0.0,1,0,0,1,1
63269,-1,0,1.8501027,0.86413914,1,1,unassigned,2.0,1.0,1.0,0.5,0.5,0.5,0.0,0.0,0,0,0,1,0
63270,1,0,-0.5207477,0.37267742,0,1,unassigned,2.0,2.0,0.0,1.0,0.0,0.0,0.0,0.0,0,0,0,0,0
63271,-1,1,-0.20923892,0.4478803,0,1,unassigned,2.0,2.0,0.0,1.0,0.0,0.0,0.0,0.0,1,0,0,0,0
63272,-1,1,1.8933549,0.8691375,1,1,unassigned,3.0,3.0,0.0,1.0,0.0,0.0,0.001934236,0.0,1,0,0,1,0
63273,-1,1,0.091352165,0.52282214,1,1,unassigned,6.0,6.0,0.0,1.0,0.0,0.0,0.007736944,0.0,1,0,0,1,0
63274,-1,1,-0.11932984,0.47020292,0,1,unassigned,7.0,6.0,1.0,0.85714287,0.14285715,0.14285713,0.00967118,0.0013815971,1,0,0,0,0
63275,-1,0,0.64346975,0.6555374,1,1,unassigned,2.0,2.0,0.0,1.0,0.0,0.0,0.0,0.0,0,0,0,1,0
63276,1,0,6.3402543,0.9982393,1,0,unassigned,3.0,3.0,0.0,1.0,0.0,0.0,0.001934236,0.0,0,0,1,1,1
63277,-1,1,-0.6741645,0.33756498,0,1,unassigned,19.0,18.0,1.0,0.94736844,0.05263158,0.052631557,0.032882012,0.0017306323,1,0,0,0,0
63278,-1,0,2.1769102,0.89815676,1,1,unassigned,6.0,5.0,1.0,0.8333333,0.16666667,0.16666669,0.007736944,0.0012894907,0,0,0,1,0
63279,1,1,4.8925796,0.9925538,1,0,val,33.0,29.0,4.0,0.8787879,0.121212125,0.121212125,0.059961315,0.0072680386,1,0,1,1,1
63280,-1,1,1.4630964,0.8120058,1,1,unassigned,2.0,2.0,0.0,1.0,0.0,0.0,0.0,0.0,1,0,0,1,0
63281,-1,1,-0.7890011,0.3123832,0,1,unassigned,50.0,50.0,0.0,1.0,0.0,0.0,0.092843324,0.0,1,0,0,0,0
63282,-1,0,0.62036425,0.65030134,1,1,unassigned,4.0,2.0,2.0,0.5,0.5,0.5,0.003868472,0.001934236,0,0,0,1,0
63283,-1,0,0.9190975,0.71485823,1,1,unassigned,3.0,3.0,0.0,1.0,0.0,0.0,0.001934236,0.0,0,0,0,1,0
63284,-1,0,2.7536662,0.9401201,1,1,unassigned,3.0,3.0,0.0,1.0,0.0,0.0,0.001934236,0.0,0,0,0,1,1
63285,-1,0,-0.62624085,0.3483634,0,1,unassigned,17.0,16.0,1.0,0.9411765,0.05882353,0.058823526,0.029013539,0.0017066788,0,0,0,0,0
63286,0,0,-0.09973362,0.47508726,0,0,unassigned,18.0,18.0,0.0,1.0,0.0,0.0,0.030947777,0.0,0,0,1,0,0
63287,-1,0,7.442055,0.9994143,1,1,unassigned,6.0,5.0,1.0,0.8333333,0.16666667,0.16666669,0.007736944,0.0012894907,0,0,0,1,1
63288,-1,0,-0.49597496,0.37848702,0,1,unassigned,4.0,4.0,0.0,1.0,0.0,0.0,0.003868472,0.0,0,0,0,0,0
63289,-1,1,1.2567811,0.77847147,1,1,unassigned,7.0,7.0,0.0,1.0,0.0,0.0,0.00967118,0.0,1,0,0,1,0
63290,0,0,-0.483581,0.38140687,0,0,test,41.0,41.0,0.0,1.0,0.0,0.0,0.07543521,0.0,0,0,1,0,0
63291,-1,0,0.2425161,0.5603336,1,1,unassigned,9.0,9.0,0.0,1.0,0.0,0.0,0.013539651,0.0,0,0,0,1,0
63292,-1,1,4.567846,0.98972636,1,1,unassigned,5.0,5.0,0.0,1.0,0.0,0.0,0.0058027077,0.0,1,0,0,1,1
63293,-1,0,0.8247871,0.6952516,1,1,unassigned,2.0,2.0,0.0,1.0,0.0,0.0,0.0,0.0,0,0,0,1,0
63294,-1,0,3.942921,0.98097736,1,1,unassigned,16.0,16.0,0.0,1.0,0.0,0.0,0.027079303,0.0,0,0,0,1,1
63295,-1,0,1.2899628,0.7841409,1,1,unassigned,4.0,4.0,0.0,1.0,0.0,0.0,0.003868472,0.0,0,0,0,1,0
63296,-1,0,0.22869283,0.5569253,1,1,unassigned,13.0,13.0,0.0,1.0,0.0,0.0,0.021276595,0.0,0,0,0,1,0
63297,1,1,3.0841367,0.9562336,1,0,unassigned,18.0,17.0,1.0,0.9444444,0.055555556,0.055555582,0.030947777,0.0017193209,1,0,1,1,1
63298,-1,0,1.5543268,0.8255378,1,1,unassigned,12.0,12.0,0.0,1.0,0.0,0.0,0.01934236,0.0,0,0,0,1,0
63299,0,1,-0.91336095,0.28631258,0,0,test,3.0,2.0,1.0,0.6666667,0.33333334,0.3333333,0.001934236,0.00064474536,1,0,1,0,0
63300,-1,1,-0.16434085,0.459007,0,1,unassigned,3.0,2.0,1.0,0.6666667,0.33333334,0.3333333,0.001934236,0.00064474536,1,0,0,0,0
63301,1,0,-0.46935356,0.38476923,0,1,unassigned,12.0,12.0,0.0,1.0,0.0,0.0,0.01934236,0.0,0,0,0,0,0
63302,-1,1,0.64947206,0.65689147,1,1,unassigned,4.0,4.0,0.0,1.0,0.0,0.0,0.003868472,0.0,1,0,0,1,0
63303,-1,1,1.4005446,0.8022703,1,1,unassigned,15.0,15.0,0.0,1.0,0.0,0.0,0.025145067,0.0,1,0,0,1,0
63304,-1,0,-0.21436274,0.44661358,0,1,unassigned,73.0,73.0,0.0,1.0,0.0,0.0,0.13733076,0.0,0,0,0,0,0
63305,-1,1,7.300153,0.99932504,1,1,unassigned,2.0,1.0,1.0,0.5,0.5,0.5,0.0,0.0,1,0,0,1,1
63306,-1,1,0.91397303,0.7138124,1,1,unassigned,19.0,18.0,1.0,0.94736844,0.05263158,0.052631557,0.032882012,0.0017306323,1,0,0,1,0
63307,1,0,1.6311572,0.8363281,1,0,test,26.0,26.0,0.0,1.0,0.0,0.0,0.046421662,0.0,0,0,1,1,0
63308,-1,0,-0.5696752,0.36131176,0,1,unassigned,6.0,6.0,0.0,1.0,0.0,0.0,0.007736944,0.0,0,0,0,0,0
63309,-1,0,-0.36183435,0.4105156,0,1,unassigned,10.0,10.0,0.0,1.0,0.0,0.0,0.015473888,0.0,0,0,0,0,0
63310,-1,0,0.23153597,0.5576268,1,1,unassigned,3.0,3.0,0.0,1.0,0.0,0.0,0.001934236,0.0,0,0,0,1,0
63311,-1,0,1.0219357,0.7353495,1,1,unassigned,2.0,1.0,1.0,0.5,0.5,0.5,0.0,0.0,0,0,0,1,0
63312,-1,1,-0.24539244,0.43895787,0,1,unassigned,12.0,11.0,1.0,0.9166667,0.083333336,0.08333331,0.01934236,0.0016118633,1,0,0,0,0
63313,-1,0,-0.407812,0.3994369,0,1,unassigned,4.0,4.0,0.0,1.0,0.0,0.0,0.003868472,0.0,0,0,0,0,0
63314,0,0,-0.32810253,0.41870236,0,0,val,22.0,22.0,0.0,1.0,0.0,0.0,0.03868472,0.0,0,0,1,0,0
63315,1,1,5.020485,0.99344194,1,0,val,10.0,8.0,2.0,0.8,0.2,0.19999999,0.015473888,0.0030947777,1,0,1,1,1
63316,-1,0,3.1107543,0.95733416,1,1,unassigned,3.0,3.0,0.0,1.0,0.0,0.0,0.001934236,0.0,0,0,0,1,1
63317,-1,1,0.61703986,0.649545,1,1,unassigned,78.0,76.0,2.0,0.974359,0.025641026,0.025641024,0.14700194,0.0037692804,1,0,0,1,0
63318,-1,0,-0.6796695,0.33633506,0,1,unassigned,7.0,7.0,0.0,1.0,0.0,0.0,0.00967118,0.0,0,0,0,0,0
63319,-1,0,7.277224,0.9993094,1,1,unassigned,11.0,9.0,2.0,0.8181818,0.18181819,0.18181819,0.017408123,0.0031651135,0,0,0,1,1
63320,-1,0,0.7951458,0.68893516,1,1,unassigned,3.0,3.0,0.0,1.0,0.0,0.0,0.001934236,0.0,0,0,0,1,0
63321,-1,0,5.877642,0.9972064,1,1,unassigned,2.0,2.0,0.0,1.0,0.0,0.0,0.0,0.0,0,0,0,1,1
63322,0,0,-0.33701408,0.416535,0,0,val,13.0,13.0,0.0,1.0,0.0,0.0,0.021276595,0.0,0,0,1,0,0
63323,-1,0,6.554785,0.9985788,1,1,unassigned,2.0,2.0,0.0,1.0,0.0,0.0,0.0,0.0,0,0,0,1,1
63324,-1,0,-0.29266983,0.4273504,0,1,unassigned,56.0,56.0,0.0,1.0,0.0,0.0,0.10444874,0.0,0,0,0,0,0
63325,-1,1,6.332976,0.99822646,1,1,unassigned,3.0,3.0,0.0,1.0,0.0,0.0,0.001934236,0.0,1,0,0,1,1
63326,0,0,-0.80343205,0.30929187,0,0,unassigned,8.0,8.0,0.0,1.0,0.0,0.0,0.0116054155,0.0,0,0,1,0,0
63327,0,0,-0.6765429,0.33703333,0,0,val,20.0,20.0,0.0,1.0,0.0,0.0,0.034816246,0.0,0,0,1,0,0
63328,-1,0,3.0584013,0.9551438,1,1,unassigned,29.0,27.0,2.0,0.9310345,0.06896552,0.068965495,0.05222437,0.0036016807,0,0,0,1,1
63329,-1,0,4.4253125,0.9881711,1,1,unassigned,2.0,2.0,0.0,1.0,0.0,0.0,0.0,0.0,0,0,0,1,1
63330,-1,1,-0.894294,0.29022446,0,1,unassigned,10.0,10.0,0.0,1.0,0.0,0.0,0.015473888,0.0,1,0,0,0,0
63331,-1,0,-0.3116476,0.42271262,0,1,unassigned,3.0,3.0,0.0,1.0,0.0,0.0,0.001934236,0.0,0,0,0,0,0
63332,-1,0,1.2161376,0.7713831,1,1,unassigned,2.0,2.0,0.0,1.0,0.0,0.0,0.0,0.0,0,0,0,1,0
63333,-1,0,0.8822561,0.7072895,1,1,unassigned,31.0,31.0,0.0,1.0,0.0,0.0,0.056092843,0.0,0,0,0,1,0
63334,-1,1,0.85136634,0.7008537,1,1,unassigned,6.0,6.0,0.0,1.0,0.0,0.0,0.007736944,0.0,1,0,0,1,0
63335,0,1,-0.025144756,0.49371412,0,0,unassigned,41.0,40.0,1.0,0.9756098,0.024390243,0.02439022,0.07543521,0.001839883,1,0,1,0,0
63336,-1,1,2.305701,0.9093481,1,1,unassigned,2.0,2.0,0.0,1.0,0.0,0.0,0.0,0.0,1,0,0,1,1
63337,-1,0,-0.16895336,0.45786187,0,1,unassigned,15.0,15.0,0.0,1.0,0.0,0.0,0.025145067,0.0,0,0,0,0,0
63338,-1,0,0.25239998,0.56276715,1,1,unassigned,7.0,7.0,0.0,1.0,0.0,0.0,0.00967118,0.0,0,0,0,1,0
63339,-1,0,0.5890854,0.6431553,1,1,unassigned,9.0,9.0,0.0,1.0,0.0,0.0,0.013539651,0.0,0,0,0,1,0
63340,-1,0,0.18068582,0.545049,1,1,unassigned,4.0,4.0,0.0,1.0,0.0,0.0,0.003868472,0.0,0,0,0,1,0
63341,-1,0,2.5168304,0.9253133,1,1,unassigned,8.0,7.0,1.0,0.875,0.125,0.125,0.0116054155,0.0014506769,0,0,0,1,1
63342,-1,1,-0.63015103,0.3474763,0,1,unassigned,107.0,103.0,4.0,0.9626168,0.037383176,0.0373832,0.20309478,0.007592328,1,0,0,0,0
63343,-1,0,4.200156,0.9852283,1,1,unassigned,2.0,2.0,0.0,1.0,0.0,0.0,0.0,0.0,0,0,0,1,1
63344,-1,1,-0.3107027,0.4229432,0,1,unassigned,42.0,31.0,11.0,0.7380952,0.26190478,0.26190478,0.07736944,0.020263424,1,0,0,0,0
63345,-1,0,-0.8135752,0.30712917,0,1,unassigned,5.0,4.0,1.0,0.8,0.2,0.19999999,0.0058027077,0.0011605415,0,0,0,0,0
63346,0,1,-0.7113351,0.3293039,0,0,unassigned,18.0,17.0,1.0,0.9444444,0.055555556,0.055555582,0.030947777,0.0017193209,1,0,1,0,0
63347,1,0,1.7553527,0.8526266,1,0,val,15.0,15.0,0.0,1.0,0.0,0.0,0.025145067,0.0,0,0,1,1,0
63348,-1,1,0.43108898,0.6061337,1,1,unassigned,10.0,9.0,1.0,0.9,0.1,0.100000024,0.015473888,0.0015473888,1,0,0,1,0
63349,-1,1,-0.74492997,0.32192704,0,1,unassigned,85.0,81.0,4.0,0.9529412,0.047058824,0.04705882,0.16054158,0.007554898,1,0,0,0,0
63350,0,1,-0.5918079,0.35622013,0,0,val,66.0,66.0,0.0,1.0,0.0,0.0,0.123791106,0.0,1,0,1,0,0
63351,-1,0,6.7149878,0.9987889,1,1,unassigned,2.0,2.0,0.0,1.0,0.0,0.0,0.0,0.0,0,0,0,1,1
63352,-1,0,2.3480725,0.9127809,1,1,unassigned,2.0,2.0,0.0,1.0,0.0,0.0,0.0,0.0,0,0,0,1,1
63353,-1,0,-0.63949883,0.34535983,0,1,unassigned,2.0,2.0,0.0,1.0,0.0,0.0,0.0,0.0,0,0,0,0,0
63354,-1,1,0.7662297,0.68270475,1,1,unassigned,2.0,2.0,0.0,1.0,0.0,0.0,0.0,0.0,1,0,0,1,0
63355,-1,1,-0.19546664,0.45128834,0,1,unassigned,9.0,9.0,0.0,1.0,0.0,0.0,0.013539651,0.0,1,0,0,0,0
63356,-1,0,-0.47610146,0.38317314,0,1,unassigned,2.0,2.0,0.0,1.0,0.0,0.0,0.0,0.0,0,0,0,0,0
63357,-1,0,0.018566966,0.5046416,1,1,unassigned,50.0,49.0,1.0,0.98,0.02,0.01999998,0.092843324,0.0018568664,0,0,0,1,0
63358,-1,0,-0.40000385,0.40131143,0,1,unassigned,7.0,7.0,0.0,1.0,0.0,0.0,0.00967118,0.0,0,0,0,0,0
63359,-1,0,-0.3738121,0.40762016,0,1,unassigned,4.0,4.0,0.0,1.0,0.0,0.0,0.003868472,0.0,0,0,0,0,0
63360,1,0,0.5634801,0.6372574,1,0,unassigned,10.0,10.0,0.0,1.0,0.0,0.0,0.015473888,0.0,0,0,1,1,0
63361,-1,0,1.4947641,0.8167922,1,1,unassigned,2.0,2.0,0.0,1.0,0.0,0.0,0.0,0.0,0,0,0,1,0
63362,-1,0,0.69394726,0.6668444,1,1,unassigned,37.0,36.0,1.0,0.972973,0.027027028,0.02702701,0.06769826,0.0018296828,0,0,0,1,0
63363,-1,0,7.7655063,0.99957603,1,1,unassigned,2.0,2.0,0.0,1.0,0.0,0.0,0.0,0.0,0,0,0,1,1
63364,-1,1,8.00422,0.9996661,1,1,unassigned,4.0,4.0,0.0,1.0,0.0,0.0,0.003868472,0.0,1,0,0,1,1
63365,-1,0,5.4424534,0.9956898,1,1,unassigned,2.0,2.0,0.0,1.0,0.0,0.0,0.0,0.0,0,0,0,1,1
63366,-1,1,-0.652171,0.34250048,0,1,unassigned,43.0,43.0,0.0,1.0,0.0,0.0,0.079303674,0.0,1,0,0,0,0
63367,-1,1,-0.93556213,0.28179765,0,1,unassigned,26.0,26.0,0.0,1.0,0.0,0.0,0.046421662,0.0,1,0,0,0,0
63368,-1,0,0.14365691,0.53585255,1,1,unassigned,3.0,3.0,0.0,1.0,0.0,0.0,0.001934236,0.0,0,0,0,1,0
63369,1,0,-0.3685239,0.40889776,0,1,unassigned,29.0,28.0,1.0,0.9655172,0.03448276,0.034482777,0.05222437,0.0018008404,0,0,0,0,0
63370,-1,0,-0.3604672,0.41084647,0,1,unassigned,14.0,14.0,0.0,1.0,0.0,0.0,0.023210831,0.0,0,0,0,0,0
63371,-1,0,1.1940928,0.7674722,1,1,unassigned,6.0,6.0,0.0,1.0,0.0,0.0,0.007736944,0.0,0,0,0,1,0
63372,-1,0,0.121141255,0.53024834,1,1,unassigned,14.0,13.0,1.0,0.9285714,0.071428575,0.0714286,0.023210831,0.0016579166,0,0,0,1,0
63373,-1,0,0.41016805,0.60112816,1,1,unassigned,20.0,19.0,1.0,0.95,0.05,0.050000012,0.034816246,0.0017408123,0,0,0,1,0
63374,-1,0,-0.09453118,0.47638476,0,1,unassigned,6.0,5.0,1.0,0.8333333,0.16666667,0.16666669,0.007736944,0.0012894907,0,0,0,0,0
63375,1,0,1.3159518,0.7885074,1,0,test,29.0,28.0,1.0,0.9655172,0.03448276,0.034482777,0.05222437,0.0018008404,0,0,1,1,0
63376,0,1,-0.44510454,0.39052534,0,0,unassigned,12.0,12.0,0.0,1.0,0.0,0.0,0.01934236,0.0,1,0,1,0,0
63377,-1,0,-0.12525699,0.46872666,0,1,unassigned,4.0,4.0,0.0,1.0,0.0,0.0,0.003868472,0.0,0,0,0,0,0
63378,-1,0,6.240962,0.9980558,1,1,unassigned,7.0,5.0,2.0,0.71428573,0.2857143,0.28571427,0.00967118,0.0027631943,0,0,0,1,1
63379,-1,1,3.9122012,0.9803956,1,1,unassigned,8.0,3.0,5.0,0.375,0.625,0.625,0.0116054155,0.0072533847,1,0,0,1,1
63380,-1,0,5.3009295,0.99503773,1,1,unassigned,2.0,1.0,1.0,0.5,0.5,0.5,0.0,0.0,0,0,0,1,1
63381,1,0,4.0671515,0.9831623,1,0,val,6.0,6.0,0.0,1.0,0.0,0.0,0.007736944,0.0,0,0,1,1,1
63382,-1,1,-0.14746064,0.4632015,0,1,unassigned,4.0,3.0,1.0,0.75,0.25,0.25,0.003868472,0.000967118,1,0,0,0,0
63383,-1,0,3.7473657,0.97696334,1,1,unassigned,5.0,5.0,0.0,1.0,0.0,0.0,0.0058027077,0.0,0,0,0,1,1
63384,-1,0,5.962491,0.9974331,1,1,unassigned,5.0,5.0,0.0,1.0,0.0,0.0,0.0058027077,0.0,0,0,0,1,1
63385,-1,0,0.6695238,0.6613965,1,1,unassigned,3.0,3.0,0.0,1.0,0.0,0.0,0.001934236,0.0,0,0,0,1,0
63386,-1,0,3.111757,0.9573751,1,1,unassigned,9.0,9.0,0.0,1.0,0.0,0.0,0.013539651,0.0,0,0,0,1,1
63387,-1,1,9.608577,0.9999329,1,1,unassigned,2.0,2.0,0.0,1.0,0.0,0.0,0.0,0.0,1,0,0,1,1
63388,1,0,1.0153496,0.7340658,1,0,test,4.0,3.0,1.0,0.75,0.25,0.25,0.003868472,0.000967118,0,0,1,1,0
63389,-1,0,1.0038428,0.7318135,1,1,unassigned,3.0,3.0,0.0,1.0,0.0,0.0,0.001934236,0.0,0,0,0,1,0
63390,-1,0,-0.33712825,0.4165072,0,1,unassigned,11.0,11.0,0.0,1.0,0.0,0.0,0.017408123,0.0,0,0,0,0,0
63391,-1,0,-0.5870812,0.35730484,0,1,unassigned,2.0,2.0,0.0,1.0,0.0,0.0,0.0,0.0,0,0,0,0,0
63392,-1,0,3.4904563,0.970415,1,1,unassigned,2.0,2.0,0.0,1.0,0.0,0.0,0.0,0.0,0,0,0,1,1
63393,-1,0,4.5626216,0.98967314,1,1,unassigned,4.0,4.0,0.0,1.0,0.0,0.0,0.003868472,0.0,0,0,0,1,1
63394,1,1,5.394231,0.99547786,1,0,unassigned,10.0,8.0,2.0,0.8,0.2,0.19999999,0.015473888,0.0030947777,1,0,1,1,1
63395,-1,0,1.2690754,0.7805844,1,1,unassigned,14.0,14.0,0.0,1.0,0.0,0.0,0.023210831,0.0,0,0,0,1,0
63396,-1,0,0.4127478,0.60174656,1,1,unassigned,6.0,6.0,0.0,1.0,0.0,0.0,0.007736944,0.0,0,0,0,1,0
63397,0,1,-0.8238456,0.30494794,0,0,test,54.0,52.0,2.0,0.962963,0.037037037,0.037037015,0.10058027,0.003725195,1,0,1,0,0
63398,1,0,1.7716136,0.85465825,1,0,val,8.0,6.0,2.0,0.75,0.25,0.25,0.0116054155,0.0029013539,0,0,1,1,0
63399,-1,1,0.9841704,0.72793496,1,1,unassigned,9.0,8.0,1.0,0.8888889,0.11111111,0.111111104,0.013539651,0.0015044058,1,0,0,1,0
63400,-1,1,1.9963315,0.8804114,1,1,unassigned,3.0,3.0,0.0,1.0,0.0,0.0,0.001934236,0.0,1,0,0,1,0
63401,-1,0,3.5055506,0.9708453,1,1,unassigned,4.0,4.0,0.0,1.0,0.0,0.0,0.003868472,0.0,0,0,0,1,1
63402,-1,0,-0.14079577,0.46485907,0,1,unassigned,2.0,2.0,0.0,1.0,0.0,0.0,0.0,0.0,0,0,0,0,0
63403,1,0,-0.65043557,0.3428914,0,1,test,16.0,16.0,0.0,1.0,0.0,0.0,0.027079303,0.0,0,0,0,0,0
63404,-1,0,6.7318625,0.9988091,1,1,unassigned,31.0,29.0,2.0,0.9354839,0.06451613,0.06451613,0.056092843,0.003618893,0,0,0,1,1
63405,1,0,3.4947135,0.97053695,1,0,test,3.0,3.0,0.0,1.0,0.0,0.0,0.001934236,0.0,0,0,1,1,1
63406,1,0,-0.2521545,0.43729326,0,1,test,2.0,1.0,1.0,0.5,0.5,0.5,0.0,0.0,0,0,0,0,0
63407,-1,1,2.8808155,0.9468899,1,1,unassigned,2.0,2.0,0.0,1.0,0.0,0.0,0.0,0.0,1,0,0,1,1
63408,-1,0,0.09224987,0.52304614,1,1,unassigned,10.0,9.0,1.0,0.9,0.1,0.100000024,0.015473888,0.0015473888,0,0,0,1,0
63409,-1,0,3.271418,0.9634352,1,1,unassigned,2.0,2.0,0.0,1.0,0.0,0.0,0.0,0.0,0,0,0,1,1
63410,-1,0,0.3929426,0.5969909,1,1,unassigned,4.0,4.0,0.0,1.0,0.0,0.0,0.003868472,0.0,0,0,0,1,0
63411,-1,1,2.624255,0.9324063,1,1,unassigned,4.0,4.0,0.0,1.0,0.0,0.0,0.003868472,0.0,1,0,0,1,1
63412,-1,1,0.06306505,0.5157611,1,1,unassigned,3.0,2.0,1.0,0.6666667,0.33333334,0.3333333,0.001934236,0.00064474536,1,0,0,1,0
63413,0,0,-0.9205276,0.28485042,0,0,unassigned,2.0,2.0,0.0,1.0,0.0,0.0,0.0,0.0,0,0,1,0,0
63414,-1,0,1.807389,0.859046,1,1,unassigned,9.0,8.0,1.0,0.8888889,0.11111111,0.111111104,0.013539651,0.0015044058,0,0,0,1,0
63415,0,0,-0.97929114,0.27303246,0,0,unassigned,2.0,2.0,0.0,1.0,0.0,0.0,0.0,0.0,0,0,1,0,0
63416,-1,1,-0.70785177,0.3300737,0,1,unassigned,17.0,16.0,1.0,0.9411765,0.05882353,0.058823526,0.029013539,0.0017066788,1,0,0,0,0
63417,1,0,-0.09161925,0.47711125,0,1,unassigned,5.0,5.0,0.0,1.0,0.0,0.0,0.0058027077,0.0,0,0,0,0,0
63418,-1,0,10.614656,0.99997544,1,1,unassigned,53.0,47.0,6.0,0.8867925,0.11320755,0.11320752,0.09864604,0.011167476,0,0,0,1,1
63419,1,0,5.8259373,0.99705863,1,0,unassigned,7.0,7.0,0.0,1.0,0.0,0.0,0.00967118,0.0,0,0,1,1,1
63420,-1,0,3.5751512,0.97275203,1,1,unassigned,2.0,2.0,0.0,1.0,0.0,0.0,0.0,0.0,0,0,0,1,1
63421,-1,1,0.556243,0.6355828,1,1,unassigned,13.0,9.0,4.0,0.6923077,0.30769232,0.3076923,0.021276595,0.006546645,1,0,0,1,0
63422,-1,0,2.7363644,0.93913865,1,1,unassigned,6.0,5.0,1.0,0.8333333,0.16666667,0.16666669,0.007736944,0.0012894907,0,0,0,1,1
63423,-1,0,0.20761544,0.5517182,1,1,unassigned,3.0,3.0,0.0,1.0,0.0,0.0,0.001934236,0.0,0,0,0,1,0
63424,-1,0,-0.0028889775,0.4992778,0,1,unassigned,2.0,2.0,0.0,1.0,0.0,0.0,0.0,0.0,0,0,0,0,0
63425,-1,0,5.699385,0.99666315,1,1,unassigned,6.0,6.0,0.0,1.0,0.0,0.0,0.007736944,0.0,0,0,0,1,1
63426,-1,0,-0.24429795,0.43922743,0,1,unassigned,2.0,2.0,0.0,1.0,0.0,0.0,0.0,0.0,0,0,0,0,0
63427,-1,1,-0.8081259,0.30828997,0,1,unassigned,7.0,7.0,0.0,1.0,0.0,0.0,0.00967118,0.0,1,0,0,0,0
63428,-1,1,7.814874,0.99959654,1,1,unassigned,7.0,4.0,3.0,0.5714286,0.42857143,0.4285714,0.00967118,0.0041447915,1,0,0,1,1
63429,-1,1,4.631041,0.9903494,1,1,unassigned,9.0,8.0,1.0,0.8888889,0.11111111,0.111111104,0.013539651,0.0015044058,1,0,0,1,1
63430,-1,1,0.27018064,0.56713724,1,1,unassigned,3.0,3.0,0.0,1.0,0.0,0.0,0.001934236,0.0,1,0,0,1,0
63431,-1,1,1.8250649,0.86117274,1,1,unassigned,4.0,1.0,3.0,0.25,0.75,0.75,0.003868472,0.002901354,1,0,0,1,0
63432,-1,1,12.325719,0.9999956,1,1,unassigned,2.0,2.0,0.0,1.0,0.0,0.0,0.0,0.0,1,0,0,1,1
63433,-1,0,-0.4099258,0.39892992,0,1,unassigned,8.0,8.0,0.0,1.0,0.0,0.0,0.0116054155,0.0,0,0,0,0,0
63434,-1,1,9.773771,0.999943,1,1,unassigned,11.0,7.0,4.0,0.6363636,0.36363637,0.36363637,0.017408123,0.006330227,1,0,0,1,1
63435,-1,0,-0.2795084,0.4305743,0,1,unassigned,56.0,56.0,0.0,1.0,0.0,0.0,0.10444874,0.0,0,0,0,0,0
63436,-1,1,4.6145635,0.9901906,1,1,unassigned,8.0,8.0,0.0,1.0,0.0,0.0,0.0116054155,0.0,1,0,0,1,1
63437,-1,1,-0.42809874,0.39458042,0,1,unassigned,2.0,2.0,0.0,1.0,0.0,0.0,0.0,0.0,1,0,0,0,0
63438,-1,0,0.13626438,0.53401345,1,1,unassigned,2.0,2.0,0.0,1.0,0.0,0.0,0.0,0.0,0,0,0,1,0
63439,-1,1,-0.45513296,0.38814104,0,1,unassigned,27.0,26.0,1.0,0.962963,0.037037037,0.037037015,0.0483559,0.0017909593,1,0,0,0,0
63440,-1,1,6.3913198,0.9983267,1,1,unassigned,5.0,3.0,2.0,0.6,0.4,0.39999998,0.0058027077,0.002321083,1,0,0,1,1
63441,-1,0,1.2672625,0.7802738,1,1,unassigned,10.0,6.0,4.0,0.6,0.4,0.39999998,0.015473888,0.0061895554,0,0,0,1,0
63442,-1,1,2.6305163,0.93279994,1,1,unassigned,11.0,9.0,2.0,0.8181818,0.18181819,0.18181819,0.017408123,0.0031651135,1,0,0,1,1
63443,-1,0,2.0477993,0.885725,1,1,unassigned,17.0,15.0,2.0,0.88235295,0.11764706,0.11764705,0.029013539,0.0034133575,0,0,0,1,0
63444,-1,1,2.5531354,0.92778385,1,1,unassigned,2.0,2.0,0.0,1.0,0.0,0.0,0.0,0.0,1,0,0,1,1
63445,-1,0,2.6226952,0.93230796,1,1,unassigned,2.0,2.0,0.0,1.0,0.0,0.0,0.0,0.0,0,0,0,1,1
63446,-1,1,1.0318561,0.7372756,1,1,unassigned,30.0,30.0,0.0,1.0,0.0,0.0,0.054158606,0.0,1,0,0,1,0
63447,-1,1,-0.36955082,0.40864956,0,1,unassigned,14.0,14.0,0.0,1.0,0.0,0.0,0.023210831,0.0,1,0,0,0,0
63448,-1,0,-0.33729392,0.41646698,0,1,unassigned,3.0,2.0,1.0,0.6666667,0.33333334,0.3333333,0.001934236,0.00064474536,0,0,0,0,0
63449,-1,1,-0.70755017,0.3301404,0,1,unassigned,65.0,64.0,1.0,0.9846154,0.015384615,0.0153846145,0.12185687,0.001874721,1,0,0,0,0
63450,0,0,2.3184297,0.9103919,1,1,val,8.0,7.0,1.0,0.875,0.125,0.125,0.0116054155,0.0014506769,0,0,0,1,1
63451,-1,0,7.2875037,0.99931645,1,1,unassigned,23.0,20.0,3.0,0.8695652,0.13043478,0.13043481,0.040618956,0.0052981246,0,0,0,1,1
63452,-1,0,-1.461262,0.18827438,0,1,unassigned,2.0,2.0,0.0,1.0,0.0,0.0,0.0,0.0,0,0,0,0,0
63453,1,1,3.8332665,0.97881943,1,0,test,38.0,36.0,2.0,0.94736844,0.05263158,0.052631557,0.06963249,0.0036648682,1,0,1,1,1
63454,-1,0,4.0082517,0.98215896,1,1,unassigned,2.0,2.0,0.0,1.0,0.0,0.0,0.0,0.0,0,0,0,1,1
63455,-1,1,5.5268445,0.9960373,1,1,unassigned,2.0,2.0,0.0,1.0,0.0,0.0,0.0,0.0,1,0,0,1,1
63456,-1,0,-0.24567688,0.4388879,0,1,unassigned,12.0,11.0,1.0,0.9166667,0.083333336,0.08333331,0.01934236,0.0016118633,0,0,0,0,0
63457,-1,1,0.9924949,0.72958046,1,1,unassigned,50.0,42.0,8.0,0.84,0.16,0.16000003,0.092843324,0.014854931,1,0,0,1,0
63458,0,1,0.45654196,0.6121935,1,1,test,15.0,14.0,1.0,0.93333334,0.06666667,0.06666666,0.025145067,0.0016763379,1,0,0,1,0
63459,-1,1,4.4892044,0.9888952,1,1,unassigned,34.0,33.0,1.0,0.9705882,0.029411765,0.029411793,0.061895553,0.0018204574,1,0,0,1,1
63460,0,0,-0.42093518,0.39629298,0,0,unassigned,7.0,6.0,1.0,0.85714287,0.14285715,0.14285713,0.00967118,0.0013815971,0,0,1,0,0
63461,-1,1,8.055876,0.9996829,1,1,unassigned,7.0,6.0,1.0,0.85714287,0.14285715,0.14285713,0.00967118,0.0013815971,1,0,0,1,1
63462,-1,0,4.832601,0.99209714,1,1,unassigned,4.0,4.0,0.0,1.0,0.0,0.0,0.003868472,0.0,0,0,0,1,1
63463,-1,0,-0.74154675,0.322666,0,1,unassigned,4.0,4.0,0.0,1.0,0.0,0.0,0.003868472,0.0,0,0,0,0,0
63464,-1,1,1.9306574,0.8733222,1,1,unassigned,4.0,4.0,0.0,1.0,0.0,0.0,0.003868472,0.0,1,0,0,1,0
63465,-1,1,0.4799505,0.6177362,1,1,unassigned,7.0,6.0,1.0,0.85714287,0.14285715,0.14285713,0.00967118,0.0013815971,1,0,0,1,0
63466,-1,0,1.014708,0.7339405,1,1,unassigned,3.0,1.0,2.0,0.33333334,0.6666667,0.6666666,0.001934236,0.0012894907,0,0,0,1,0
63467,-1,0,-0.5086627,0.3755071,0,1,unassigned,22.0,22.0,0.0,1.0,0.0,0.0,0.03868472,0.0,0,0,0,0,0
63468,-1,0,0.1299147,0.53243303,1,1,unassigned,3.0,3.0,0.0,1.0,0.0,0.0,0.001934236,0.0,0,0,0,1,0
63469,0,0,4.888558,0.9925241,1,1,val,2.0,2.0,0.0,1.0,0.0,0.0,0.0,0.0,0,0,0,1,1
63470,1,1,-0.49584982,0.37851647,0,1,test,2.0,2.0,0.0,1.0,0.0,0.0,0.0,0.0,1,0,0,0,0
63471,1,0,2.7349021,0.93905497,1,0,unassigned,2.0,2.0,0.0,1.0,0.0,0.0,0.0,0.0,0,0,1,1,1
63472,0,0,-0.95840245,0.27719817,0,0,test,7.0,7.0,0.0,1.0,0.0,0.0,0.00967118,0.0,0,0,1,0,0
63473,-1,0,-0.91191554,0.286608,0,1,unassigned,2.0,2.0,0.0,1.0,0.0,0.0,0.0,0.0,0,0,0,0,0
63474,-1,0,0.8138035,0.69291943,1,1,unassigned,2.0,2.0,0.0,1.0,0.0,0.0,0.0,0.0,0,0,0,1,0
63475,-1,0,3.1134627,0.9574446,1,1,unassigned,10.0,3.0,7.0,0.3,0.7,0.7,0.015473888,0.010831722,0,0,0,1,1
63476,-1,1,11.981096,0.9999937,1,1,unassigned,46.0,39.0,7.0,0.84782606,0.1521739,0.15217394,0.08510638,0.012950971,1,0,0,1,1
63477,-1,1,4.757537,0.9914863,1,1,unassigned,35.0,31.0,4.0,0.8857143,0.114285715,0.11428571,0.06382979,0.0072948327,1,0,0,1,1
63478,-1,0,-0.16883332,0.45789164,0,1,unassigned,4.0,2.0,2.0,0.5,0.5,0.5,0.003868472,0.001934236,0,0,0,0,0
63479,-1,1,-0.26407236,0.43436292,0,1,unassigned,64.0,56.0,8.0,0.875,0.125,0.125,0.11992263,0.014990329,1,0,0,0,0
63480,-1,0,3.0629292,0.95533746,1,1,unassigned,2.0,2.0,0.0,1.0,0.0,0.0,0.0,0.0,0,0,0,1,1
63481,0,0,-0.57079005,0.36105454,0,0,train,7.0,7.0,0.0,1.0,0.0,0.0,0.00967118,0.0,0,0,1,0,0
63482,-1,1,-0.48286825,0.38157508,0,1,unassigned,35.0,34.0,1.0,0.9714286,0.028571429,0.028571427,0.06382979,0.0018237082,1,0,0,0,0
63483,-1,0,-0.073795885,0.48155943,0,1,unassigned,62.0,62.0,0.0,1.0,0.0,0.0,0.116054155,0.0,0,0,0,0,0
63484,-1,0,3.8824608,0.9798157,1,1,unassigned,2.0,2.0,0.0,1.0,0.0,0.0,0.0,0.0,0,0,0,1,1
63485,-1,0,-0.33709186,0.41651607,0,1,unassigned,2.0,2.0,0.0,1.0,0.0,0.0,0.0,0.0,0,0,0,0,0
63486,0,0,-0.8424578,0.30101737,0,0,val,13.0,12.0,1.0,0.9230769,0.07692308,0.07692307,0.021276595,0.0016366612,0,0,1,0,0
63487,-1,1,2.2491062,0.90457344,1,1,unassigned,6.0,6.0,0.0,1.0,0.0,0.0,0.007736944,0.0,1,0,0,1,1
63488,-1,0,0.5771144,0.6404032,1,1,unassigned,8.0,8.0,0.0,1.0,0.0,0.0,0.0116054155,0.0,0,0,0,1,0
63489,0,0,-0.5562906,0.36440617,0,0,unassigned,11.0,11.0,0.0,1.0,0.0,0.0,0.017408123,0.0,0,0,1,0,0
63490,-1,0,2.3611002,0.9138125,1,1,unassigned,9.0,8.0,1.0,0.8888889,0.11111111,0.111111104,0.013539651,0.0015044058,0,0,0,1,1
63491,-1,0,-0.23494473,0.44153255,0,1,unassigned,9.0,7.0,2.0,0.7777778,0.22222222,0.22222221,0.013539651,0.0030088115,0,0,0,0,0
63492,-1,0,-0.23255926,0.44212085,0,1,unassigned,7.0,7.0,0.0,1.0,0.0,0.0,0.00967118,0.0,0,0,0,0,0
63493,-1,0,1.8972638,0.8695816,1,1,unassigned,2.0,2.0,0.0,1.0,0.0,0.0,0.0,0.0,0,0,0,1,0
63494,-1,1,7.226533,0.9992735,1,1,unassigned,18.0,14.0,4.0,0.7777778,0.22222222,0.22222221,0.030947777,0.0068772836,1,0,0,1,1
63495,-1,1,-0.9605534,0.2767674,0,1,unassigned,2.0,2.0,0.0,1.0,0.0,0.0,0.0,0.0,1,0,0,0,0
63496,-1,1,4.197541,0.9851901,1,1,unassigned,12.0,12.0,0.0,1.0,0.0,0.0,0.01934236,0.0,1,0,0,1,1
63497,-1,0,-0.95779043,0.2773208,0,1,unassigned,2.0,2.0,0.0,1.0,0.0,0.0,0.0,0.0,0,0,0,0,0
63498,-1,0,0.21790498,0.5542617,1,1,unassigned,6.0,6.0,0.0,1.0,0.0,0.0,0.007736944,0.0,0,0,0,1,0
63499,-1,1,1.4931879,0.8165562,1,1,unassigned,9.0,8.0,1.0,0.8888889,0.11111111,0.111111104,0.013539651,0.0015044058,1,0,0,1,0
63500,-1,0,2.1594138,0.89654523,1,1,unassigned,2.0,2.0,0.0,1.0,0.0,0.0,0.0,0.0,0,0,0,1,0
63501,-1,0,0.26327467,0.5654411,1,1,unassigned,5.0,5.0,0.0,1.0,0.0,0.0,0.0058027077,0.0,0,0,0,1,0
63502,0,0,-0.9271893,0.28349528,0,0,unassigned,5.0,5.0,0.0,1.0,0.0,0.0,0.0058027077,0.0,0,0,1,0,0
63503,-1,0,0.561163,0.63672155,1,1,unassigned,7.0,6.0,1.0,0.85714287,0.14285715,0.14285713,0.00967118,0.0013815971,0,0,0,1,0
63504,0,0,-0.5513149,0.3655594,0,0,test,7.0,7.0,0.0,1.0,0.0,0.0,0.00967118,0.0,0,0,1,0,0
63505,-1,0,5.8277574,0.99706393,1,1,unassigned,2.0,2.0,0.0,1.0,0.0,0.0,0.0,0.0,0,0,0,1,1
63506,-1,0,0.5211033,0.62740576,1,1,unassigned,13.0,13.0,0.0,1.0,0.0,0.0,0.021276595,0.0,0,0,0,1,0
63507,-1,0,-0.94725907,0.27943638,0,1,unassigned,2.0,2.0,0.0,1.0,0.0,0.0,0.0,0.0,0,0,0,0,0
63508,-1,1,0.0622198,0.51554996,1,1,unassigned,2.0,2.0,0.0,1.0,0.0,0.0,0.0,0.0,1,0,0,1,0
63509,-1,0,3.6812527,0.97542757,1,1,unassigned,3.0,2.0,1.0,0.6666667,0.33333334,0.3333333,0.001934236,0.00064474536,0,0,0,1,1
63510,-1,0,4.581737,0.9898666,1,1,unassigned,13.0,13.0,0.0,1.0,0.0,0.0,0.021276595,0.0,0,0,0,1,1
63511,-1,0,-0.4323071,0.39357555,0,1,unassigned,17.0,17.0,0.0,1.0,0.0,0.0,0.029013539,0.0,0,0,0,0,0
63512,-1,0,1.9346058,0.8737584,1,1,unassigned,3.0,2.0,1.0,0.6666667,0.33333334,0.3333333,0.001934236,0.00064474536,0,0,0,1,0
63513,-1,0,3.5630848,0.97243047,1,1,unassigned,3.0,3.0,0.0,1.0,0.0,0.0,0.001934236,0.0,0,0,0,1,1
63514,-1,0,3.837108,0.97889894,1,1,unassigned,2.0,2.0,0.0,1.0,0.0,0.0,0.0,0.0,0,0,0,1,1
63515,-1,0,0.5861221,0.6424749,1,1,unassigned,7.0,7.0,0.0,1.0,0.0,0.0,0.00967118,0.0,0,0,0,1,0
63516,-1,0,1.538501,0.8232467,1,1,unassigned,5.0,5.0,0.0,1.0,0.0,0.0,0.0058027077,0.0,0,0,0,1,0
63517,-1,0,-0.39645565,0.4021642,0,1,unassigned,24.0,24.0,0.0,1.0,0.0,0.0,0.04255319,0.0,0,0,0,0,0
63518,-1,0,-0.27299076,0.432173,0,1,unassigned,19.0,18.0,1.0,0.94736844,0.05263158,0.052631557,0.032882012,0.0017306323,0,0,0,0,0
63519,1,0,10.6579,0.9999765,1,0,val,2.0,2.0,0.0,1.0,0.0,0.0,0.0,0.0,0,0,1,1,1
63520,-1,0,0.6373947,0.6541643,1,1,unassigned,4.0,4.0,0.0,1.0,0.0,0.0,0.003868472,0.0,0,0,0,1,0
63521,-1,0,3.3255062,0.96529347,1,1,unassigned,4.0,3.0,1.0,0.75,0.25,0.25,0.003868472,0.000967118,0,0,0,1,1
63522,-1,0,2.9914067,0.9521844,1,1,unassigned,7.0,6.0,1.0,0.85714287,0.14285715,0.14285713,0.00967118,0.0013815971,0,0,0,1,1
63523,-1,0,1.1504881,0.75960004,1,1,unassigned,8.0,7.0,1.0,0.875,0.125,0.125,0.0116054155,0.0014506769,0,0,0,1,0
63524,-1,1,5.0522246,0.99364555,1,1,unassigned,3.0,3.0,0.0,1.0,0.0,0.0,0.001934236,0.0,1,0,0,1,1
63525,-1,1,0.45131487,0.61095184,1,1,unassigned,5.0,5.0,0.0,1.0,0.0,0.0,0.0058027077,0.0,1,0,0,1,0
63526,-1,0,-0.45153952,0.38899478,0,1,unassigned,2.0,2.0,0.0,1.0,0.0,0.0,0.0,0.0,0,0,0,0,0
63527,-1,0,2.0303662,0.8839486,1,1,unassigned,5.0,4.0,1.0,0.8,0.2,0.19999999,0.0058027077,0.0011605415,0,0,0,1,0
63528,-1,1,2.5206735,0.9255784,1,1,unassigned,9.0,7.0,2.0,0.7777778,0.22222222,0.22222221,0.013539651,0.0030088115,1,0,0,1,1
63529,-1,0,-0.56670463,0.36199757,0,1,unassigned,29.0,28.0,1.0,0.9655172,0.03448276,0.034482777,0.05222437,0.0018008404,0,0,0,0,0
63530,-1,1,4.663691,0.9906565,1,1,unassigned,3.0,3.0,0.0,1.0,0.0,0.0,0.001934236,0.0,1,0,0,1,1
63531,-1,1,2.5492446,0.9275228,1,1,unassigned,3.0,3.0,0.0,1.0,0.0,0.0,0.001934236,0.0,1,0,0,1,1
63532,-1,0,1.4242582,0.8060051,1,1,unassigned,15.0,15.0,0.0,1.0,0.0,0.0,0.025145067,0.0,0,0,0,1,0
63533,-1,0,1.946583,0.8750736,1,1,unassigned,18.0,17.0,1.0,0.9444444,0.055555556,0.055555582,0.030947777,0.0017193209,0,0,0,1,0
63534,0,0,-0.81962967,0.30584228,0,0,unassigned,86.0,84.0,2.0,0.9767442,0.023255814,0.023255825,0.16247582,0.0037785075,0,0,1,0,0
63535,-1,0,3.0941184,0.95664954,1,1,unassigned,26.0,26.0,0.0,1.0,0.0,0.0,0.046421662,0.0,0,0,0,1,1
63536,-1,0,2.1192021,0.89275557,1,1,unassigned,5.0,5.0,0.0,1.0,0.0,0.0,0.0058027077,0.0,0,0,0,1,0
63537,-1,1,0.23683709,0.55893403,1,1,unassigned,5.0,5.0,0.0,1.0,0.0,0.0,0.0058027077,0.0,1,0,0,1,0
63538,-1,0,0.70836276,0.6700393,1,1,unassigned,5.0,4.0,1.0,0.8,0.2,0.19999999,0.0058027077,0.0011605415,0,0,0,1,0
63539,-1,1,0.09845626,0.5245942,1,1,unassigned,30.0,29.0,1.0,0.96666664,0.033333335,0.03333336,0.054158606,0.001805287,1,0,0,1,0
63540,-1,0,-0.24071458,0.4401103,0,1,unassigned,2.0,2.0,0.0,1.0,0.0,0.0,0.0,0.0,0,0,0,0,0
63541,-1,0,4.7926564,0.9917778,1,1,unassigned,4.0,4.0,0.0,1.0,0.0,0.0,0.003868472,0.0,0,0,0,1,1
63542,-1,1,0.119804084,0.5299152,1,1,unassigned,17.0,16.0,1.0,0.9411765,0.05882353,0.058823526,0.029013539,0.0017066788,1,0,0,1,0
63543,-1,1,0.96127945,0.7233779,1,1,unassigned,2.0,2.0,0.0,1.0,0.0,0.0,0.0,0.0,1,0,0,1,0
63544,-1,0,3.4516547,0.9692805,1,1,unassigned,2.0,2.0,0.0,1.0,0.0,0.0,0.0,0.0,0,0,0,1,1
63545,-1,0,4.5315804,0.989351,1,1,unassigned,2.0,2.0,0.0,1.0,0.0,0.0,0.0,0.0,0,0,0,1,1
63546,-1,1,0.112618685,0.5281249,1,1,unassigned,2.0,2.0,0.0,1.0,0.0,0.0,0.0,0.0,1,0,0,1,0
63547,0,0,1.0815754,0.746792,1,1,unassigned,2.0,2.0,0.0,1.0,0.0,0.0,0.0,0.0,0,0,0,1,0
63548,-1,1,0.5132846,0.62557614,1,1,unassigned,2.0,2.0,0.0,1.0,0.0,0.0,0.0,0.0,1,0,0,1,0
63549,-1,1,5.5210185,0.99601424,1,1,unassigned,3.0,3.0,0.0,1.0,0.0,0.0,0.001934236,0.0,1,0,0,1,1
63550,-1,1,-0.5084469,0.3755577,0,1,unassigned,2.0,2.0,0.0,1.0,0.0,0.0,0.0,0.0,1,0,0,0,0
63551,-1,0,-0.41131717,0.39859632,0,1,unassigned,4.0,4.0,0.0,1.0,0.0,0.0,0.003868472,0.0,0,0,0,0,0
63552,-1,1,1.9904406,0.87978977,1,1,unassigned,3.0,2.0,1.0,0.6666667,0.33333334,0.3333333,0.001934236,0.00064474536,1,0,0,1,0
63553,-1,0,-0.17487785,0.45639163,0,1,unassigned,20.0,17.0,3.0,0.85,0.15,0.14999998,0.034816246,0.005222437,0,0,0,0,0
63554,-1,0,3.2640462,0.9631746,1,1,unassigned,17.0,16.0,1.0,0.9411765,0.05882353,0.058823526,0.029013539,0.0017066788,0,0,0,1,1
63555,-1,0,-0.28196576,0.42997193,0,1,unassigned,9.0,9.0,0.0,1.0,0.0,0.0,0.013539651,0.0,0,0,0,0,0
63556,-1,0,0.74655515,0.6784276,1,1,unassigned,6.0,6.0,0.0,1.0,0.0,0.0,0.007736944,0.0,0,0,0,1,0
63557,-1,0,0.26573646,0.56604594,1,1,unassigned,4.0,4.0,0.0,1.0,0.0,0.0,0.003868472,0.0,0,0,0,1,0
63558,-1,0,-0.13070112,0.4673712,0,1,unassigned,3.0,3.0,0.0,1.0,0.0,0.0,0.001934236,0.0,0,0,0,0,0
63559,-1,1,1.3322334,0.7912099,1,1,unassigned,2.0,2.0,0.0,1.0,0.0,0.0,0.0,0.0,1,0,0,1,0
63560,-1,0,-0.40981704,0.39895597,0,1,unassigned,2.0,2.0,0.0,1.0,0.0,0.0,0.0,0.0,0,0,0,0,0
63561,-1,0,2.576782,0.9293523,1,1,unassigned,4.0,4.0,0.0,1.0,0.0,0.0,0.003868472,0.0,0,0,0,1,1
63562,-1,1,0.47077006,0.61556596,1,1,unassigned,2.0,2.0,0.0,1.0,0.0,0.0,0.0,0.0,1,0,0,1,0
63563,-1,0,1.6032417,0.832471,1,1,unassigned,3.0,3.0,0.0,1.0,0.0,0.0,0.001934236,0.0,0,0,0,1,0
63564,-1,0,6.958863,0.9990507,1,1,unassigned,2.0,2.0,0.0,1.0,0.0,0.0,0.0,0.0,0,0,0,1,1
63565,1,1,3.1315658,0.95817614,1,0,unassigned,3.0,3.0,0.0,1.0,0.0,0.0,0.001934236,0.0,1,0,1,1,1
63566,-1,1,0.5992368,0.6454817,1,1,unassigned,2.0,1.0,1.0,0.5,0.5,0.5,0.0,0.0,1,0,0,1,0
63567,1,1,1.5581493,0.82608765,1,0,val,15.0,13.0,2.0,0.8666667,0.13333334,0.13333333,0.025145067,0.0033526758,1,0,1,1,0
63568,-1,1,4.7957616,0.9918031,1,1,unassigned,4.0,4.0,0.0,1.0,0.0,0.0,0.003868472,0.0,1,0,0,1,1
63569,-1,1,0.4250663,0.6046949,1,1,unassigned,17.0,17.0,0.0,1.0,0.0,0.0,0.029013539,0.0,1,0,0,1,0
63570,-1,0,4.8665795,0.9923592,1,1,unassigned,2.0,2.0,0.0,1.0,0.0,0.0,0.0,0.0,0,0,0,1,1
63571,-1,0,2.0674815,0.88770217,1,1,unassigned,2.0,2.0,0.0,1.0,0.0,0.0,0.0,0.0,0,0,0,1,0
63572,-1,0,-0.47884429,0.38252506,0,1,unassigned,4.0,4.0,0.0,1.0,0.0,0.0,0.003868472,0.0,0,0,0,0,0
63573,1,1,0.6080678,0.6475,1,0,unassigned,4.0,3.0,1.0,0.75,0.25,0.25,0.003868472,0.000967118,1,0,1,1,0
63574,-1,1,4.325129,0.9869409,1,1,unassigned,3.0,3.0,0.0,1.0,0.0,0.0,0.001934236,0.0,1,0,0,1,1
63575,-1,0,3.787779,0.9778556,1,1,unassigned,5.0,5.0,0.0,1.0,0.0,0.0,0.0058027077,0.0,0,0,0,1,1
63576,1,0,3.668689,0.9751247,1,0,train,3.0,3.0,0.0,1.0,0.0,0.0,0.001934236,0.0,0,0,1,1,1
63577,1,0,0.16109306,0.5401864,1,0,val,6.0,6.0,0.0,1.0,0.0,0.0,0.007736944,0.0,0,0,1,1,0
63578,1,0,-0.031800866,0.49205044,0,1,val,15.0,15.0,0.0,1.0,0.0,0.0,0.025145067,0.0,0,0,0,0,0
63579,-1,0,17.970863,1.0,1,1,unassigned,11.0,9.0,2.0,0.8181818,0.18181819,0.18181819,0.017408123,0.0031651135,0,0,0,1,1
63580,1,0,0.008460641,0.50211513,1,0,unassigned,22.0,21.0,1.0,0.95454544,0.045454547,0.04545456,0.03868472,0.0017583964,0,0,1,1,0
63581,-1,0,3.2567887,0.9629163,1,1,unassigned,4.0,4.0,0.0,1.0,0.0,0.0,0.003868472,0.0,0,0,0,1,1
63582,-1,0,4.043221,0.98276144,1,1,unassigned,4.0,3.0,1.0,0.75,0.25,0.25,0.003868472,0.000967118,0,0,0,1,1
63583,-1,0,1.9797173,0.878651,1,1,unassigned,13.0,13.0,0.0,1.0,0.0,0.0,0.021276595,0.0,0,0,0,1,0
63584,-1,0,1.6996844,0.84549356,1,1,unassigned,5.0,5.0,0.0,1.0,0.0,0.0,0.0058027077,0.0,0,0,0,1,0
63585,-1,0,-0.8349751,0.30259416,0,1,unassigned,2.0,2.0,0.0,1.0,0.0,0.0,0.0,0.0,0,0,0,0,0
63586,-1,0,2.0608847,0.8870428,1,1,unassigned,3.0,3.0,0.0,1.0,0.0,0.0,0.001934236,0.0,0,0,0,1,0
63587,-1,0,5.9402766,0.9973756,1,1,unassigned,4.0,4.0,0.0,1.0,0.0,0.0,0.003868472,0.0,0,0,0,1,1
63588,-1,1,4.658055,0.9906042,1,1,unassigned,2.0,1.0,1.0,0.5,0.5,0.5,0.0,0.0,1,0,0,1,1
63589,-1,0,0.6973451,0.66759884,1,1,unassigned,9.0,7.0,2.0,0.7777778,0.22222222,0.22222221,0.013539651,0.0030088115,0,0,0,1,0
63590,-1,0,-0.28232756,0.42988327,0,1,unassigned,22.0,22.0,0.0,1.0,0.0,0.0,0.03868472,0.0,0,0,0,0,0
63591,-1,1,1.7210143,0.84825945,1,1,unassigned,8.0,8.0,0.0,1.0,0.0,0.0,0.0116054155,0.0,1,0,0,1,0
63592,-1,0,-0.087643266,0.47810322,0,1,unassigned,21.0,21.0,0.0,1.0,0.0,0.0,0.036750484,0.0,0,0,0,0,0
63593,-1,0,1.5578902,0.8260504,1,1,unassigned,8.0,8.0,0.0,1.0,0.0,0.0,0.0116054155,0.0,0,0,0,1,0
63594,1,0,-0.3117847,0.42267916,0,1,unassigned,21.0,21.0,0.0,1.0,0.0,0.0,0.036750484,0.0,0,0,0,0,0
63595,-1,1,0.9997893,0.7310171,1,1,unassigned,2.0,2.0,0.0,1.0,0.0,0.0,0.0,0.0,1,0,0,1,0
63596,-1,0,0.695538,0.66719776,1,1,unassigned,13.0,13.0,0.0,1.0,0.0,0.0,0.021276595,0.0,0,0,0,1,0
63597,0,0,-0.25748876,0.43598112,0,0,unassigned,8.0,6.0,2.0,0.75,0.25,0.25,0.0116054155,0.0029013539,0,0,1,0,0
63598,0,0,-0.8310823,0.30341628,0,0,val,6.0,6.0,0.0,1.0,0.0,0.0,0.007736944,0.0,0,0,1,0,0
63599,-1,0,1.8872464,0.8684412,1,1,unassigned,5.0,5.0,0.0,1.0,0.0,0.0,0.0058027077,0.0,0,0,0,1,0
63600,-1,1,-0.20364398,0.44926423,0,1,unassigned,22.0,15.0,7.0,0.6818182,0.3181818,0.3181818,0.03868472,0.012308774,1,0,0,0,0
63601,-1,0,-0.50193,0.3770872,0,1,unassigned,7.0,7.0,0.0,1.0,0.0,0.0,0.00967118,0.0,0,0,0,0,0
63602,-1,0,4.2417083,0.98582095,1,1,unassigned,15.0,10.0,5.0,0.6666667,0.33333334,0.3333333,0.025145067,0.008381689,0,0,0,1,1
63603,-1,0,-0.10186598,0.47455552,0,1,unassigned,2.0,2.0,0.0,1.0,0.0,0.0,0.0,0.0,0,0,0,0,0
63604,0,0,1.0775199,0.7460243,1,1,val,11.0,11.0,0.0,1.0,0.0,0.0,0.017408123,0.0,0,0,0,1,0
63605,-1,1,0.16380006,0.5408587,1,1,unassigned,18.0,18.0,0.0,1.0,0.0,0.0,0.030947777,0.0,1,0,0,1,0
63606,-1,1,2.5147283,0.92516786,1,1,unassigned,13.0,13.0,0.0,1.0,0.0,0.0,0.021276595,0.0,1,0,0,1,1
63607,-1,1,7.708862,0.99955136,1,1,unassigned,13.0,12.0,1.0,0.9230769,0.07692308,0.07692307,0.021276595,0.0016366612,1,0,0,1,1
63608,-1,0,4.97323,0.99312675,1,1,unassigned,4.0,4.0,0.0,1.0,0.0,0.0,0.003868472,0.0,0,0,0,1,1
63609,-1,0,0.3540023,0.58758783,1,1,unassigned,2.0,2.0,0.0,1.0,0.0,0.0,0.0,0.0,0,0,0,1,0
63610,-1,0,-0.037403047,0.49065036,0,1,unassigned,2.0,2.0,0.0,1.0,0.0,0.0,0.0,0.0,0,0,0,0,0
63611,-1,0,4.4772496,0.9887631,1,1,unassigned,5.0,5.0,0.0,1.0,0.0,0.0,0.0058027077,0.0,0,0,0,1,1
63612,1,0,-0.7339531,0.32432786,0,1,unassigned,12.0,12.0,0.0,1.0,0.0,0.0,0.01934236,0.0,0,0,0,0,0
63613,-1,0,1.6711075,0.84172344,1,1,unassigned,31.0,31.0,0.0,1.0,0.0,0.0,0.056092843,0.0,0,0,0,1,0
63614,-1,0,4.052702,0.9829214,1,1,unassigned,15.0,12.0,3.0,0.8,0.2,0.19999999,0.025145067,0.0050290134,0,0,0,1,1
63615,-1,0,2.885034,0.94710165,1,1,unassigned,12.0,11.0,1.0,0.9166667,0.083333336,0.08333331,0.01934236,0.0016118633,0,0,0,1,1
63616,-1,0,1.2722247,0.78112334,1,1,unassigned,9.0,9.0,0.0,1.0,0.0,0.0,0.013539651,0.0,0,0,0,1,0
63617,-1,1,-1.4365642,0.19207796,0,1,unassigned,8.0,7.0,1.0,0.875,0.125,0.125,0.0116054155,0.0014506769,1,0,0,0,0
63618,-1,0,3.379507,0.9670579,1,1,unassigned,5.0,1.0,4.0,0.2,0.8,0.8,0.0058027077,0.004642166,0,0,0,1,1
63619,-1,0,-0.55312014,0.36514083,0,1,unassigned,19.0,19.0,0.0,1.0,0.0,0.0,0.032882012,0.0,0,0,0,0,0
63620,-1,0,6.6317677,0.99868387,1,1,unassigned,19.0,18.0,1.0,0.94736844,0.05263158,0.052631557,0.032882012,0.0017306323,0,0,0,1,1
63621,-1,0,-0.5813229,0.3586282,0,1,unassigned,2.0,2.0,0.0,1.0,0.0,0.0,0.0,0.0,0,0,0,0,0
63622,-1,1,-0.81559753,0.30669898,0,1,unassigned,7.0,6.0,1.0,0.85714287,0.14285715,0.14285713,0.00967118,0.0013815971,1,0,0,0,0
63623,-1,0,5.76119,0.99686253,1,1,unassigned,6.0,3.0,3.0,0.5,0.5,0.5,0.007736944,0.003868472,0,0,0,1,1
63624,-1,1,0.09757054,0.5243733,1,1,unassigned,2.0,2.0,0.0,1.0,0.0,0.0,0.0,0.0,1,0,0,1,0
63625,1,1,4.9373293,0.9928773,1,0,unassigned,25.0,23.0,2.0,0.92,0.08,0.07999998,0.044487428,0.003558994,1,0,1,1,1
63626,-1,1,1.1483617,0.75921154,1,1,unassigned,2.0,2.0,0.0,1.0,0.0,0.0,0.0,0.0,1,0,0,1,0
63627,-1,0,-0.38753256,0.40431142,0,1,unassigned,39.0,39.0,0.0,1.0,0.0,0.0,0.07156673,0.0,0,0,0,0,0
63628,-1,0,0.08461982,0.5211423,1,1,unassigned,9.0,9.0,0.0,1.0,0.0,0.0,0.013539651,0.0,0,0,0,1,0
63629,-1,0,5.3837237,0.99543023,1,1,unassigned,7.0,6.0,1.0,0.85714287,0.14285715,0.14285713,0.00967118,0.0013815971,0,0,0,1,1
63630,-1,0,-0.91837263,0.2852896,0,1,unassigned,41.0,39.0,2.0,0.9512195,0.048780486,0.0487805,0.07543521,0.003679766,0,0,0,0,0
63631,-1,0,5.883524,0.9972228,1,1,unassigned,10.0,10.0,0.0,1.0,0.0,0.0,0.015473888,0.0,0,0,0,1,1
63632,0,0,-0.4356146,0.39278644,0,0,test,6.0,6.0,0.0,1.0,0.0,0.0,0.007736944,0.0,0,0,1,0,0
63633,-1,0,-0.6781288,0.33667907,0,1,unassigned,13.0,13.0,0.0,1.0,0.0,0.0,0.021276595,0.0,0,0,0,0,0
63634,-1,0,9.757605,0.9999422,1,1,unassigned,3.0,3.0,0.0,1.0,0.0,0.0,0.001934236,0.0,0,0,0,1,1
63635,-1,0,1.0084367,0.7327141,1,1,unassigned,3.0,3.0,0.0,1.0,0.0,0.0,0.001934236,0.0,0,0,0,1,0
63636,-1,0,-0.6710394,0.33826414,0,1,unassigned,2.0,2.0,0.0,1.0,0.0,0.0,0.0,0.0,0,0,0,0,0
63637,-1,0,3.940902,0.98093975,1,1,unassigned,8.0,8.0,0.0,1.0,0.0,0.0,0.0116054155,0.0,0,0,0,1,1
63638,-1,0,5.388099,0.9954502,1,1,unassigned,2.0,2.0,0.0,1.0,0.0,0.0,0.0,0.0,0,0,0,1,1
63639,0,0,-0.37982708,0.40616858,0,0,test,30.0,30.0,0.0,1.0,0.0,0.0,0.054158606,0.0,0,0,1,0,0
63640,-1,1,-0.42955998,0.3942314,0,1,unassigned,19.0,19.0,0.0,1.0,0.0,0.0,0.032882012,0.0,1,0,0,0,0
63641,-1,1,5.516179,0.9959949,1,1,unassigned,26.0,25.0,1.0,0.96153843,0.03846154,0.038461566,0.046421662,0.0017854486,1,0,0,1,1
63642,0,0,-0.85139513,0.29914027,0,0,val,2.0,2.0,0.0,1.0,0.0,0.0,0.0,0.0,0,0,1,0,0
63643,-1,0,-0.17941856,0.45526528,0,1,unassigned,5.0,5.0,0.0,1.0,0.0,0.0,0.0058027077,0.0,0,0,0,0,0
63644,-1,0,0.13006133,0.5324696,1,1,unassigned,13.0,12.0,1.0,0.9230769,0.07692308,0.07692307,0.021276595,0.0016366612,0,0,0,1,0
63645,-1,0,0.15133685,0.53776217,1,1,unassigned,60.0,59.0,1.0,0.98333335,0.016666668,0.01666665,0.11218569,0.0018697615,0,0,0,1,0
63646,-1,1,-0.54323804,0.36743465,0,1,unassigned,152.0,146.0,6.0,0.9605263,0.039473683,0.039473712,0.29013538,0.011452712,1,0,0,0,0
63647,-1,0,3.4667032,0.9697253,1,1,unassigned,3.0,2.0,1.0,0.6666667,0.33333334,0.3333333,0.001934236,0.00064474536,0,0,0,1,1
63648,-1,0,3.3668141,0.9666511,1,1,unassigned,11.0,11.0,0.0,1.0,0.0,0.0,0.017408123,0.0,0,0,0,1,1
63649,-1,0,-0.48132998,0.38193813,0,1,unassigned,9.0,9.0,0.0,1.0,0.0,0.0,0.013539651,0.0,0,0,0,0,0
63650,-1,0,3.045268,0.95457774,1,1,unassigned,2.0,2.0,0.0,1.0,0.0,0.0,0.0,0.0,0,0,0,1,1
63651,-1,0,1.9356966,0.8738786,1,1,unassigned,6.0,6.0,0.0,1.0,0.0,0.0,0.007736944,0.0,0,0,0,1,0
63652,0,1,-0.24234477,0.43970862,0,0,val,24.0,20.0,4.0,0.8333333,0.16666667,0.16666669,0.04255319,0.0070921984,1,0,1,0,0
63653,-1,1,2.7878811,0.94201744,1,1,unassigned,3.0,2.0,1.0,0.6666667,0.33333334,0.3333333,0.001934236,0.00064474536,1,0,0,1,1
63654,0,0,-0.6610696,0.34049937,0,0,test,2.0,2.0,0.0,1.0,0.0,0.0,0.0,0.0,0,0,1,0,0
63655,-1,0,1.0361805,0.7381124,1,1,unassigned,5.0,5.0,0.0,1.0,0.0,0.0,0.0058027077,0.0,0,0,0,1,0
63656,-1,1,4.596258,0.9900113,1,1,unassigned,9.0,5.0,4.0,0.5555556,0.44444445,0.44444442,0.013539651,0.006017623,1,0,0,1,1
63657,-1,0,0.6211117,0.6504713,1,1,unassigned,4.0,4.0,0.0,1.0,0.0,0.0,0.003868472,0.0,0,0,0,1,0
63658,-1,1,1.5823946,0.82954335,1,1,unassigned,2.0,2.0,0.0,1.0,0.0,0.0,0.0,0.0,1,0,0,1,0
63659,0,0,0.36095256,0.589271,1,1,test,6.0,6.0,0.0,1.0,0.0,0.0,0.007736944,0.0,0,0,0,1,0
63660,-1,0,3.7302473,0.97657496,1,1,unassigned,2.0,2.0,0.0,1.0,0.0,0.0,0.0,0.0,0,0,0,1,1
63661,-1,1,-0.7640569,0.3177661,0,1,unassigned,2.0,2.0,0.0,1.0,0.0,0.0,0.0,0.0,1,0,0,0,0
63662,-1,0,-0.6406802,0.3450928,0,1,unassigned,2.0,2.0,0.0,1.0,0.0,0.0,0.0,0.0,0,0,0,0,0
63663,0,0,-0.87239677,0.29475582,0,0,unassigned,4.0,4.0,0.0,1.0,0.0,0.0,0.003868472,0.0,0,0,1,0,0
63664,-1,0,0.5304224,0.6295816,1,1,unassigned,4.0,4.0,0.0,1.0,0.0,0.0,0.003868472,0.0,0,0,0,1,0
63665,-1,0,-0.53224534,0.36999336,0,1,unassigned,16.0,15.0,1.0,0.9375,0.0625,0.0625,0.027079303,0.0016924564,0,0,0,0,0
63666,-1,1,2.5952857,0.93055755,1,1,unassigned,4.0,3.0,1.0,0.75,0.25,0.25,0.003868472,0.000967118,1,0,0,1,1
63667,-1,0,-0.26590574,0.4339125,0,1,unassigned,22.0,22.0,0.0,1.0,0.0,0.0,0.03868472,0.0,0,0,0,0,0
63668,-1,0,2.0642784,0.88738245,1,1,unassigned,3.0,3.0,0.0,1.0,0.0,0.0,0.001934236,0.0,0,0,0,1,0
63669,1,0,1.6617615,0.84047437,1,0,test,5.0,5.0,0.0,1.0,0.0,0.0,0.0058027077,0.0,0,0,1,1,0
63670,-1,0,2.8704255,0.94636494,1,1,unassigned,11.0,9.0,2.0,0.8181818,0.18181819,0.18181819,0.017408123,0.0031651135,0,0,0,1,1
63671,-1,0,-0.31101656,0.4228666,0,1,unassigned,30.0,29.0,1.0,0.96666664,0.033333335,0.03333336,0.054158606,0.001805287,0,0,0,0,0
63672,-1,0,2.11216,0.8920795,1,1,unassigned,5.0,5.0,0.0,1.0,0.0,0.0,0.0058027077,0.0,0,0,0,1,0
63673,-1,1,-0.18745586,0.4532728,0,1,unassigned,2.0,2.0,0.0,1.0,0.0,0.0,0.0,0.0,1,0,0,0,0
63674,-1,0,-0.17083985,0.45739362,0,1,unassigned,2.0,2.0,0.0,1.0,0.0,0.0,0.0,0.0,0,0,0,0,0
63675,-1,1,0.03488332,0.5087199,1,1,unassigned,4.0,4.0,0.0,1.0,0.0,0.0,0.003868472,0.0,1,0,0,1,0
63676,-1,0,-0.7348117,0.3241397,0,1,unassigned,10.0,10.0,0.0,1.0,0.0,0.0,0.015473888,0.0,0,0,0,0,0
63677,-1,1,4.0282774,0.9825065,1,1,unassigned,4.0,4.0,0.0,1.0,0.0,0.0,0.003868472,0.0,1,0,0,1,1
63678,-1,0,5.621528,0.996394,1,1,unassigned,3.0,3.0,0.0,1.0,0.0,0.0,0.001934236,0.0,0,0,0,1,1
63679,0,0,0.7904685,0.6879319,1,1,val,3.0,3.0,0.0,1.0,0.0,0.0,0.001934236,0.0,0,0,0,1,0
63680,-1,0,0.32630777,0.58086073,1,1,unassigned,3.0,3.0,0.0,1.0,0.0,0.0,0.001934236,0.0,0,0,0,1,0
63681,1,0,2.50816,0.9247119,1,0,unassigned,2.0,2.0,0.0,1.0,0.0,0.0,0.0,0.0,0,0,1,1,1
63682,-1,0,1.2378349,0.77518696,1,1,unassigned,2.0,2.0,0.0,1.0,0.0,0.0,0.0,0.0,0,0,0,1,0
63683,-1,0,0.8040653,0.69084346,1,1,unassigned,2.0,2.0,0.0,1.0,0.0,0.0,0.0,0.0,0,0,0,1,0
63684,0,1,2.5314577,0.9263179,1,1,unassigned,6.0,4.0,2.0,0.6666667,0.33333334,0.3333333,0.007736944,0.0025789815,1,0,0,1,1
63685,-1,1,7.2969956,0.9993229,1,1,unassigned,20.0,18.0,2.0,0.9,0.1,0.100000024,0.034816246,0.0034816246,1,0,0,1,1
63686,1,1,-0.6318038,0.34710163,0,1,unassigned,24.0,19.0,5.0,0.7916667,0.20833333,0.20833331,0.04255319,0.0088652475,1,0,0,0,0
63687,-1,0,6.0254126,0.99758923,1,1,unassigned,2.0,2.0,0.0,1.0,0.0,0.0,0.0,0.0,0,0,0,1,1
63688,-1,0,3.3317792,0.96550304,1,1,unassigned,2.0,2.0,0.0,1.0,0.0,0.0,0.0,0.0,0,0,0,1,1
63689,-1,0,5.9647326,0.9974388,1,1,unassigned,3.0,3.0,0.0,1.0,0.0,0.0,0.001934236,0.0,0,0,0,1,1
63690,0,0,-0.12827247,0.46797577,0,0,val,29.0,29.0,0.0,1.0,0.0,0.0,0.05222437,0.0,0,0,1,0,0
63691,-1,0,3.4933379,0.97049767,1,1,unassigned,9.0,9.0,0.0,1.0,0.0,0.0,0.013539651,0.0,0,0,0,1,1
63692,-1,1,-0.6257718,0.34846988,0,1,unassigned,13.0,13.0,0.0,1.0,0.0,0.0,0.021276595,0.0,1,0,0,0,0
63693,-1,1,10.714438,0.9999778,1,1,unassigned,3.0,3.0,0.0,1.0,0.0,0.0,0.001934236,0.0,1,0,0,1,1
63694,-1,0,0.6528569,0.657654,1,1,unassigned,5.0,5.0,0.0,1.0,0.0,0.0,0.0058027077,0.0,0,0,0,1,0
63695,-1,0,0.44980985,0.61059403,1,1,unassigned,4.0,4.0,0.0,1.0,0.0,0.0,0.003868472,0.0,0,0,0,1,0
63696,-1,1,-0.57036287,0.3611531,0,1,unassigned,3.0,3.0,0.0,1.0,0.0,0.0,0.001934236,0.0,1,0,0,0,0
63697,-1,0,0.7349718,0.67589533,1,1,unassigned,2.0,2.0,0.0,1.0,0.0,0.0,0.0,0.0,0,0,0,1,0
63698,-1,0,1.173861,0.76384217,1,1,unassigned,5.0,5.0,0.0,1.0,0.0,0.0,0.0058027077,0.0,0,0,0,1,0
63699,-1,1,4.0908933,0.98355085,1,1,unassigned,25.0,25.0,0.0,1.0,0.0,0.0,0.044487428,0.0,1,0,0,1,1
63700,-1,1,-0.878876,0.29341078,0,1,unassigned,2.0,2.0,0.0,1.0,0.0,0.0,0.0,0.0,1,0,0,0,0
63701,-1,0,1.647814,0.8385954,1,1,unassigned,24.0,22.0,2.0,0.9166667,0.083333336,0.08333331,0.04255319,0.0035460992,0,0,0,1,0
63702,1,0,2.9293263,0.9492772,1,0,unassigned,2.0,2.0,0.0,1.0,0.0,0.0,0.0,0.0,0,0,1,1,1
63703,-1,0,0.04403913,0.51100796,1,1,unassigned,16.0,15.0,1.0,0.9375,0.0625,0.0625,0.027079303,0.0016924564,0,0,0,1,0
63704,-1,0,0.4343111,0.6069026,1,1,unassigned,36.0,36.0,0.0,1.0,0.0,0.0,0.065764025,0.0,0,0,0,1,0
63705,0,0,-0.89720225,0.28962576,0,0,test,23.0,23.0,0.0,1.0,0.0,0.0,0.040618956,0.0,0,0,1,0,0
63706,-1,0,-0.73189354,0.32477933,0,1,unassigned,16.0,16.0,0.0,1.0,0.0,0.0,0.027079303,0.0,0,0,0,0,0
63707,-1,0,-0.48877084,0.3801832,0,1,unassigned,29.0,28.0,1.0,0.9655172,0.03448276,0.034482777,0.05222437,0.0018008404,0,0,0,0,0
63708,-1,0,2.4419463,0.91997045,1,1,unassigned,2.0,2.0,0.0,1.0,0.0,0.0,0.0,0.0,0,0,0,1,1
63709,-1,1,4.332961,0.9870415,1,1,unassigned,8.0,8.0,0.0,1.0,0.0,0.0,0.0116054155,0.0,1,0,0,1,1
63710,-1,1,5.766504,0.9968791,1,1,unassigned,24.0,22.0,2.0,0.9166667,0.083333336,0.08333331,0.04255319,0.0035460992,1,0,0,1,1
63711,-1,1,3.9582727,0.9812618,1,1,unassigned,5.0,5.0,0.0,1.0,0.0,0.0,0.0058027077,0.0,1,0,0,1,1
63712,-1,1,2.4634945,0.9215427,1,1,unassigned,8.0,8.0,0.0,1.0,0.0,0.0,0.0116054155,0.0,1,0,0,1,1
63713,1,1,2.6790264,0.9357776,1,0,unassigned,15.0,14.0,1.0,0.93333334,0.06666667,0.06666666,0.025145067,0.0016763379,1,0,1,1,1
63714,-1,0,1.529463,0.8219278,1,1,unassigned,2.0,2.0,0.0,1.0,0.0,0.0,0.0,0.0,0,0,0,1,0
63715,-1,0,-0.53489095,0.36937687,0,1,unassigned,3.0,3.0,0.0,1.0,0.0,0.0,0.001934236,0.0,0,0,0,0,0
63716,-1,0,-1.1853335,0.23409458,0,1,unassigned,2.0,1.0,1.0,0.5,0.5,0.5,0.0,0.0,0,0,0,0,0
63717,-1,0,0.7716573,0.68387926,1,1,unassigned,5.0,5.0,0.0,1.0,0.0,0.0,0.0058027077,0.0,0,0,0,1,0
63718,-1,1,2.2528203,0.9048935,1,1,unassigned,3.0,3.0,0.0,1.0,0.0,0.0,0.001934236,0.0,1,0,0,1,1
63719,-1,0,5.436686,0.995665,1,1,unassigned,9.0,9.0,0.0,1.0,0.0,0.0,0.013539651,0.0,0,0,0,1,1
63720,-1,0,-0.596955,0.35504064,0,1,unassigned,2.0,2.0,0.0,1.0,0.0,0.0,0.0,0.0,0,0,0,0,0
63721,-1,0,4.2866197,0.9864352,1,1,unassigned,5.0,4.0,1.0,0.8,0.2,0.19999999,0.0058027077,0.0011605415,0,0,0,1,1
63722,-1,0,1.4339657,0.8075184,1,1,unassigned,17.0,17.0,0.0,1.0,0.0,0.0,0.029013539,0.0,0,0,0,1,0
63723,-1,0,6.8761806,0.99896896,1,1,unassigned,2.0,2.0,0.0,1.0,0.0,0.0,0.0,0.0,0,0,0,1,1
63724,-1,1,-0.14332408,0.46423018,0,1,unassigned,44.0,39.0,5.0,0.8863636,0.11363637,0.113636374,0.08123791,0.009231581,1,0,0,0,0
63725,-1,1,0.46273357,0.6136624,1,1,unassigned,3.0,2.0,1.0,0.6666667,0.33333334,0.3333333,0.001934236,0.00064474536,1,0,0,1,0
63726,1,1,-0.8784209,0.2935051,0,1,unassigned,3.0,3.0,0.0,1.0,0.0,0.0,0.001934236,0.0,1,0,0,0,0
63727,-1,0,0.48636144,0.61924887,1,1,unassigned,4.0,4.0,0.0,1.0,0.0,0.0,0.003868472,0.0,0,0,0,1,0
63728,-1,1,-0.512216,0.37467423,0,1,unassigned,2.0,2.0,0.0,1.0,0.0,0.0,0.0,0.0,1,0,0,0,0
63729,-1,0,1.0587587,0.7424532,1,1,unassigned,3.0,2.0,1.0,0.6666667,0.33333334,0.3333333,0.001934236,0.00064474536,0,0,0,1,0
63730,-1,0,2.0006473,0.88086504,1,1,unassigned,8.0,8.0,0.0,1.0,0.0,0.0,0.0116054155,0.0,0,0,0,1,0
63731,-1,1,-0.8784209,0.2935051,0,1,unassigned,3.0,3.0,0.0,1.0,0.0,0.0,0.001934236,0.0,1,0,0,0,0
63732,-1,1,4.8255515,0.99204177,1,1,unassigned,8.0,7.0,1.0,0.875,0.125,0.125,0.0116054155,0.0014506769,1,0,0,1,1
63733,-1,1,-0.0036052465,0.4990987,0,1,unassigned,7.0,7.0,0.0,1.0,0.0,0.0,0.00967118,0.0,1,0,0,0,0
63734,-1,0,0.6612769,0.6595472,1,1,unassigned,7.0,7.0,0.0,1.0,0.0,0.0,0.00967118,0.0,0,0,0,1,0
63735,-1,0,0.46868652,0.61507285,1,1,unassigned,3.0,3.0,0.0,1.0,0.0,0.0,0.001934236,0.0,0,0,0,1,0
63736,1,0,2.665723,0.9349735,1,0,unassigned,12.0,11.0,1.0,0.9166667,0.083333336,0.08333331,0.01934236,0.0016118633,0,0,1,1,1
63737,-1,1,-0.323048,0.4199331,0,1,unassigned,6.0,6.0,0.0,1.0,0.0,0.0,0.007736944,0.0,1,0,0,0,0
63738,0,1,-1.0179634,0.26542428,0,0,test,3.0,3.0,0.0,1.0,0.0,0.0,0.001934236,0.0,1,0,1,0,0
63739,-1,0,5.946013,0.99739057,1,1,unassigned,2.0,2.0,0.0,1.0,0.0,0.0,0.0,0.0,0,0,0,1,1
63740,0,1,-0.73881865,0.3232625,0,0,test,2.0,2.0,0.0,1.0,0.0,0.0,0.0,0.0,1,0,1,0,0
63741,-1,1,-0.2764002,0.43133655,0,1,unassigned,2.0,2.0,0.0,1.0,0.0,0.0,0.0,0.0,1,0,0,0,0
63742,1,0,-1.0528758,0.25867325,0,1,unassigned,19.0,16.0,3.0,0.84210527,0.15789473,0.15789473,0.032882012,0.0051918966,0,0,0,0,0
63743,-1,0,-0.32778814,0.4187789,0,1,unassigned,7.0,6.0,1.0,0.85714287,0.14285715,0.14285713,0.00967118,0.0013815971,0,0,0,0,0
63744,-1,0,0.48444647,0.6187973,1,1,unassigned,11.0,11.0,0.0,1.0,0.0,0.0,0.017408123,0.0,0,0,0,1,0
63745,1,1,2.2370644,0.90352887,1,0,test,12.0,9.0,3.0,0.75,0.25,0.25,0.01934236,0.00483559,1,0,1,1,1
63746,-1,0,1.1393166,0.7575542,1,1,unassigned,6.0,6.0,0.0,1.0,0.0,0.0,0.007736944,0.0,0,0,0,1,0
63747,-1,0,2.0201328,0.88289475,1,1,unassigned,2.0,2.0,0.0,1.0,0.0,0.0,0.0,0.0,0,0,0,1,0
63748,0,1,-0.6569322,0.34142908,0,0,unassigned,22.0,18.0,4.0,0.8181818,0.18181819,0.18181819,0.03868472,0.0070335856,1,0,1,0,0
63749,-1,1,1.0437276,0.7395686,1,1,unassigned,7.0,7.0,0.0,1.0,0.0,0.0,0.00967118,0.0,1,0,0,1,0
63750,-1,1,0.5634665,0.63725424,1,1,unassigned,32.0,30.0,2.0,0.9375,0.0625,0.0625,0.058027077,0.0036266923,1,0,0,1,0
63751,-1,1,0.7881456,0.687433,1,1,unassigned,8.0,8.0,0.0,1.0,0.0,0.0,0.0116054155,0.0,1,0,0,1,0
63752,1,0,1.9317181,0.8734395,1,0,unassigned,9.0,9.0,0.0,1.0,0.0,0.0,0.013539651,0.0,0,0,1,1,0
63753,-1,1,-0.45603892,0.38792592,0,1,unassigned,27.0,27.0,0.0,1.0,0.0,0.0,0.0483559,0.0,1,0,0,0,0
63754,-1,0,-0.22047159,0.44510427,0,1,unassigned,23.0,23.0,0.0,1.0,0.0,0.0,0.040618956,0.0,0,0,0,0,0
63755,-1,0,0.3003295,0.5745231,1,1,unassigned,12.0,12.0,0.0,1.0,0.0,0.0,0.01934236,0.0,0,0,0,1,0
63756,-1,0,-0.572922,0.3605629,0,1,unassigned,2.0,2.0,0.0,1.0,0.0,0.0,0.0,0.0,0,0,0,0,0
63757,1,0,-0.58102334,0.35869715,0,1,unassigned,4.0,4.0,0.0,1.0,0.0,0.0,0.003868472,0.0,0,0,0,0,0
63758,-1,0,-0.406005,0.39987043,0,1,unassigned,40.0,39.0,1.0,0.975,0.025,0.024999976,0.07350097,0.0018375242,0,0,0,0,0
63759,0,0,-0.6673476,0.339091,0,0,unassigned,7.0,7.0,0.0,1.0,0.0,0.0,0.00967118,0.0,0,0,1,0,0
63760,-1,0,-0.24082816,0.44008228,0,1,unassigned,10.0,9.0,1.0,0.9,0.1,0.100000024,0.015473888,0.0015473888,0,0,0,0,0
63761,0,1,0.39625895,0.5977885,1,1,unassigned,27.0,27.0,0.0,1.0,0.0,0.0,0.0483559,0.0,1,0,0,1,0
63762,-1,0,8.3604355,0.9997662,1,1,unassigned,2.0,2.0,0.0,1.0,0.0,0.0,0.0,0.0,0,0,0,1,1
63763,1,1,-1.3481569,0.20617186,0,1,test,3.0,2.0,1.0,0.6666667,0.33333334,0.3333333,0.001934236,0.00064474536,1,0,0,0,0
63764,1,0,-0.31394586,0.4221519,0,1,unassigned,10.0,9.0,1.0,0.9,0.1,0.100000024,0.015473888,0.0015473888,0,0,0,0,0
63765,-1,1,0.92180127,0.715409,1,1,unassigned,5.0,5.0,0.0,1.0,0.0,0.0,0.0058027077,0.0,1,0,0,1,0
63766,-1,0,1.8397536,0.8629195,1,1,unassigned,4.0,4.0,0.0,1.0,0.0,0.0,0.003868472,0.0,0,0,0,1,0
63767,-1,1,3.3668382,0.9666519,1,1,unassigned,9.0,9.0,0.0,1.0,0.0,0.0,0.013539651,0.0,1,0,0,1,1
63768,-1,1,2.7612817,0.94054735,1,1,unassigned,5.0,5.0,0.0,1.0,0.0,0.0,0.0058027077,0.0,1,0,0,1,1
63769,-1,0,0.26396734,0.5656113,1,1,unassigned,3.0,2.0,1.0,0.6666667,0.33333334,0.3333333,0.001934236,0.00064474536,0,0,0,1,0
63770,-1,1,-0.4142252,0.39789942,0,1,unassigned,43.0,43.0,0.0,1.0,0.0,0.0,0.079303674,0.0,1,0,0,0,0
63771,-1,0,-0.03165728,0.49208635,0,1,unassigned,33.0,33.0,0.0,1.0,0.0,0.0,0.059961315,0.0,0,0,0,0,0
63772,-1,1,-0.6970532,0.3324659,0,1,unassigned,53.0,53.0,0.0,1.0,0.0,0.0,0.09864604,0.0,1,0,0,0,0
63773,-1,1,3.945645,0.98102814,1,1,unassigned,18.0,18.0,0.0,1.0,0.0,0.0,0.030947777,0.0,1,0,0,1,1
63774,-1,0,9.818599,0.9999455,1,1,unassigned,11.0,11.0,0.0,1.0,0.0,0.0,0.017408123,0.0,0,0,0,1,1
63775,-1,0,-0.27075523,0.4327217,0,1,unassigned,37.0,35.0,2.0,0.9459459,0.054054055,0.05405408,0.06769826,0.0036593657,0,0,0,0,0
63776,-1,0,-0.43843067,0.39211497,0,1,unassigned,32.0,31.0,1.0,0.96875,0.03125,0.03125,0.058027077,0.0018133462,0,0,0,0,0
63777,-1,0,10.5304785,0.9999733,1,1,unassigned,2.0,1.0,1.0,0.5,0.5,0.5,0.0,0.0,0,0,0,1,1
63778,-1,1,-0.44039884,0.39164594,0,1,unassigned,8.0,8.0,0.0,1.0,0.0,0.0,0.0116054155,0.0,1,0,0,0,0
63779,-1,0,-0.33133832,0.41791505,0,1,unassigned,9.0,9.0,0.0,1.0,0.0,0.0,0.013539651,0.0,0,0,0,0,0
63780,-1,1,0.110364676,0.52756315,1,1,unassigned,2.0,1.0,1.0,0.5,0.5,0.5,0.0,0.0,1,0,0,1,0
63781,-1,0,8.045578,0.99967957,1,1,unassigned,25.0,24.0,1.0,0.96,0.04,0.04000002,0.044487428,0.001779497,0,0,0,1,1
63782,-1,1,0.034041345,0.5085095,1,1,unassigned,2.0,2.0,0.0,1.0,0.0,0.0,0.0,0.0,1,0,0,1,0
63783,-1,0,-0.054057598,0.4864889,0,1,unassigned,5.0,5.0,0.0,1.0,0.0,0.0,0.0058027077,0.0,0,0,0,0,0
63784,-1,1,2.1705859,0.89757687,1,1,unassigned,2.0,1.0,1.0,0.5,0.5,0.5,0.0,0.0,1,0,0,1,0
63785,1,0,4.670768,0.9907218,1,0,unassigned,7.0,6.0,1.0,0.85714287,0.14285715,0.14285713,0.00967118,0.0013815971,0,0,1,1,1
63786,-1,0,0.7976151,0.6894641,1,1,unassigned,3.0,2.0,1.0,0.6666667,0.33333334,0.3333333,0.001934236,0.00064474536,0,0,0,1,0
63787,-1,0,0.13408113,0.53347015,1,1,unassigned,4.0,4.0,0.0,1.0,0.0,0.0,0.003868472,0.0,0,0,0,1,0
63788,-1,0,0.5506888,0.63429534,1,1,unassigned,2.0,2.0,0.0,1.0,0.0,0.0,0.0,0.0,0,0,0,1,0
63789,-1,1,-0.25585988,0.43638173,0,1,unassigned,2.0,1.0,1.0,0.5,0.5,0.5,0.0,0.0,1,0,0,0,0
63790,-1,0,2.5642183,0.92852294,1,1,unassigned,7.0,7.0,0.0,1.0,0.0,0.0,0.00967118,0.0,0,0,0,1,1
63791,0,1,-0.8640821,0.29648715,0,0,unassigned,2.0,1.0,1.0,0.5,0.5,0.5,0.0,0.0,1,0,1,0,0
63792,1,1,1.8716071,0.8666441,1,0,unassigned,8.0,8.0,0.0,1.0,0.0,0.0,0.0116054155,0.0,1,0,1,1,0
63793,-1,0,0.22455198,0.55590326,1,1,unassigned,7.0,7.0,0.0,1.0,0.0,0.0,0.00967118,0.0,0,0,0,1,0
63794,-1,1,1.737936,0.8504247,1,1,unassigned,7.0,7.0,0.0,1.0,0.0,0.0,0.00967118,0.0,1,0,0,1,0
63795,-1,1,-0.33552217,0.41689762,0,1,unassigned,27.0,26.0,1.0,0.962963,0.037037037,0.037037015,0.0483559,0.0017909593,1,0,0,0,0
63796,-1,0,-0.23971227,0.44035724,0,1,unassigned,3.0,3.0,0.0,1.0,0.0,0.0,0.001934236,0.0,0,0,0,0,0
63797,-1,1,0.3861733,0.5953612,1,1,unassigned,37.0,36.0,1.0,0.972973,0.027027028,0.02702701,0.06769826,0.0018296828,1,0,0,1,0
63798,0,1,-0.10163826,0.4746123,0,0,val,31.0,29.0,2.0,0.9354839,0.06451613,0.06451613,0.056092843,0.003618893,1,0,1,0,0
63799,0,0,-0.6738217,0.33764166,0,0,val,72.0,71.0,1.0,0.9861111,0.013888889,0.0138888955,0.13539653,0.0018805073,0,0,1,0,0
63800,-1,0,0.3955297,0.5976131,1,1,unassigned,22.0,21.0,1.0,0.95454544,0.045454547,0.04545456,0.03868472,0.0017583964,0,0,0,1,0
63801,0,0,-0.5902725,0.35657233,0,0,test,7.0,7.0,0.0,1.0,0.0,0.0,0.00967118,0.0,0,0,1,0,0
63802,-1,0,-0.59992373,0.35436112,0,1,unassigned,26.0,26.0,0.0,1.0,0.0,0.0,0.046421662,0.0,0,0,0,0,0
63803,0,0,0.024249434,0.50606203,1,1,val,30.0,30.0,0.0,1.0,0.0,0.0,0.054158606,0.0,0,0,0,1,0
63804,-1,0,0.53313047,0.6302129,1,1,unassigned,4.0,4.0,0.0,1.0,0.0,0.0,0.003868472,0.0,0,0,0,1,0
63805,-1,0,-0.13431728,0.46647108,0,1,unassigned,4.0,4.0,0.0,1.0,0.0,0.0,0.003868472,0.0,0,0,0,0,0
63806,-1,1,-0.9015888,0.2887241,0,1,unassigned,3.0,3.0,0.0,1.0,0.0,0.0,0.001934236,0.0,1,0,0,0,0
63807,-1,1,0.46293253,0.6137096,1,1,unassigned,15.0,14.0,1.0,0.93333334,0.06666667,0.06666666,0.025145067,0.0016763379,1,0,0,1,0
63808,-1,0,7.837643,0.9996056,1,1,unassigned,4.0,4.0,0.0,1.0,0.0,0.0,0.003868472,0.0,0,0,0,1,1
63809,-1,0,6.2019367,0.9979786,1,1,unassigned,5.0,5.0,0.0,1.0,0.0,0.0,0.0058027077,0.0,0,0,0,1,1
63810,-1,0,-0.2403172,0.4402082,0,1,unassigned,5.0,5.0,0.0,1.0,0.0,0.0,0.0058027077,0.0,0,0,0,0,0
63811,-1,1,1.4119015,0.80406564,1,1,unassigned,27.0,26.0,1.0,0.962963,0.037037037,0.037037015,0.0483559,0.0017909593,1,0,0,1,0
63812,-1,0,-0.17249092,0.45698386,0,1,unassigned,39.0,39.0,0.0,1.0,0.0,0.0,0.07156673,0.0,0,0,0,0,0
63813,-1,0,-0.3092872,0.42328876,0,1,unassigned,28.0,28.0,0.0,1.0,0.0,0.0,0.050290134,0.0,0,0,0,0,0
63814,-1,0,1.387357,0.80016994,1,1,unassigned,6.0,6.0,0.0,1.0,0.0,0.0,0.007736944,0.0,0,0,0,1,0
63815,-1,0,4.907394,0.99266255,1,1,unassigned,4.0,4.0,0.0,1.0,0.0,0.0,0.003868472,0.0,0,0,0,1,1
63816,-1,0,11.24103,0.9999869,1,1,unassigned,2.0,2.0,0.0,1.0,0.0,0.0,0.0,0.0,0,0,0,1,1
63817,-1,1,2.1089497,0.89177006,1,1,unassigned,2.0,2.0,0.0,1.0,0.0,0.0,0.0,0.0,1,0,0,1,0
63818,-1,0,0.7361732,0.6761585,1,1,unassigned,5.0,4.0,1.0,0.8,0.2,0.19999999,0.0058027077,0.0011605415,0,0,0,1,0
63819,-1,1,-0.4910895,0.37963697,0,1,unassigned,6.0,6.0,0.0,1.0,0.0,0.0,0.007736944,0.0,1,0,0,0,0
63820,-1,1,-0.45163515,0.38897207,0,1,unassigned,8.0,8.0,0.0,1.0,0.0,0.0,0.0116054155,0.0,1,0,0,0,0
63821,-1,0,1.3075352,0.78710043,1,1,unassigned,2.0,2.0,0.0,1.0,0.0,0.0,0.0,0.0,0,0,0,1,0
63822,-1,0,0.3315493,0.5821363,1,1,unassigned,7.0,7.0,0.0,1.0,0.0,0.0,0.00967118,0.0,0,0,0,1,0
63823,1,1,2.3885756,0.91595197,1,0,val,4.0,3.0,1.0,0.75,0.25,0.25,0.003868472,0.000967118,1,0,1,1,1
63824,-1,0,2.6970532,0.9368526,1,1,unassigned,8.0,5.0,3.0,0.625,0.375,0.375,0.0116054155,0.004352031,0,0,0,1,1
63825,-1,0,3.305568,0.9646194,1,1,unassigned,3.0,3.0,0.0,1.0,0.0,0.0,0.001934236,0.0,0,0,0,1,1
63826,-1,1,0.044980705,0.5112433,1,1,unassigned,12.0,12.0,0.0,1.0,0.0,0.0,0.01934236,0.0,1,0,0,1,0
63827,-1,1,0.49480945,0.62123877,1,1,unassigned,3.0,2.0,1.0,0.6666667,0.33333334,0.3333333,0.001934236,0.00064474536,1,0,0,1,0
63828,-1,1,0.2963177,0.57354206,1,1,unassigned,11.0,8.0,3.0,0.72727275,0.27272728,0.27272725,0.017408123,0.00474767,1,0,0,1,0
63829,-1,0,1.2300112,0.7738206,1,1,unassigned,11.0,11.0,0.0,1.0,0.0,0.0,0.017408123,0.0,0,0,0,1,0
63830,1,0,2.5081081,0.9247083,1,0,test,8.0,8.0,0.0,1.0,0.0,0.0,0.0116054155,0.0,0,0,1,1,1
63831,-1,1,3.7037947,0.9759622,1,1,unassigned,3.0,2.0,1.0,0.6666667,0.33333334,0.3333333,0.001934236,0.00064474536,1,0,0,1,1
63832,-1,1,-0.51689774,0.37357792,0,1,unassigned,3.0,3.0,0.0,1.0,0.0,0.0,0.001934236,0.0,1,0,0,0,0
63833,-1,1,7.585873,0.99949265,1,1,unassigned,2.0,2.0,0.0,1.0,0.0,0.0,0.0,0.0,1,0,0,1,1
63834,-1,0,0.058718264,0.5146753,1,1,unassigned,5.0,5.0,0.0,1.0,0.0,0.0,0.0058027077,0.0,0,0,0,1,0
63835,-1,0,-0.13917673,0.46526185,0,1,unassigned,2.0,2.0,0.0,1.0,0.0,0.0,0.0,0.0,0,0,0,0,0
63836,-1,1,-0.7120828,0.3291388,0,1,unassigned,3.0,3.0,0.0,1.0,0.0,0.0,0.001934236,0.0,1,0,0,0,0
63837,-1,0,4.2287135,0.9856382,1,1,unassigned,23.0,22.0,1.0,0.95652175,0.04347826,0.04347825,0.040618956,0.0017660416,0,0,0,1,1
63838,-1,1,-0.5830515,0.35823077,0,1,unassigned,4.0,4.0,0.0,1.0,0.0,0.0,0.003868472,0.0,1,0,0,0,0
63839,-1,1,5.3030267,0.9950481,1,1,unassigned,2.0,2.0,0.0,1.0,0.0,0.0,0.0,0.0,1,0,0,1,1
63840,-1,0,-0.6187632,0.3500628,0,1,unassigned,2.0,2.0,0.0,1.0,0.0,0.0,0.0,0.0,0,0,0,0,0
63841,-1,0,-0.32209462,0.42016536,0,1,unassigned,6.0,6.0,0.0,1.0,0.0,0.0,0.007736944,0.0,0,0,0,0,0
63842,-1,0,-0.30880806,0.4234057,0,1,unassigned,12.0,12.0,0.0,1.0,0.0,0.0,0.01934236,0.0,0,0,0,0,0
63843,-1,0,5.6529136,0.996505,1,1,unassigned,12.0,12.0,0.0,1.0,0.0,0.0,0.01934236,0.0,0,0,0,1,1
63844,-1,0,8.915875,0.9998658,1,1,unassigned,29.0,27.0,2.0,0.9310345,0.06896552,0.068965495,0.05222437,0.0036016807,0,0,0,1,1
63845,-1,0,6.9301567,0.9990231,1,1,unassigned,9.0,9.0,0.0,1.0,0.0,0.0,0.013539651,0.0,0,0,0,1,1
63846,-1,0,3.3413098,0.96581906,1,1,unassigned,17.0,17.0,0.0,1.0,0.0,0.0,0.029013539,0.0,0,0,0,1,1
63847,-1,0,1.6460669,0.8383588,1,1,unassigned,7.0,7.0,0.0,1.0,0.0,0.0,0.00967118,0.0,0,0,0,1,0
63848,-1,0,0.38403732,0.5948464,1,1,unassigned,6.0,6.0,0.0,1.0,0.0,0.0,0.007736944,0.0,0,0,0,1,0
63849,-1,0,5.756479,0.9968477,1,1,unassigned,2.0,2.0,0.0,1.0,0.0,0.0,0.0,0.0,0,0,0,1,1
63850,-1,1,2.3150115,0.9101127,1,1,unassigned,36.0,29.0,7.0,0.8055556,0.19444445,0.19444442,0.065764025,0.012787449,1,0,0,1,1
63851,-1,0,1.2942202,0.7848607,1,1,unassigned,2.0,2.0,0.0,1.0,0.0,0.0,0.0,0.0,0,0,0,1,0
63852,-1,0,3.5657704,0.97250223,1,1,unassigned,3.0,3.0,0.0,1.0,0.0,0.0,0.001934236,0.0,0,0,0,1,1
63853,-1,1,-0.70116746,0.33155343,0,1,unassigned,31.0,29.0,2.0,0.9354839,0.06451613,0.06451613,0.056092843,0.003618893,1,0,0,0,0
63854,-1,0,-0.6999023,0.3318339,0,1,unassigned,2.0,2.0,0.0,1.0,0.0,0.0,0.0,0.0,0,0,0,0,0
63855,-1,0,2.2774565,0.90699273,1,1,unassigned,3.0,3.0,0.0,1.0,0.0,0.0,0.001934236,0.0,0,0,0,1,1
63856,-1,0,-0.14459175,0.46391493,0,1,unassigned,4.0,4.0,0.0,1.0,0.0,0.0,0.003868472,0.0,0,0,0,0,0
63857,1,1,2.0793657,0.8888813,1,0,unassigned,61.0,57.0,4.0,0.93442625,0.06557377,0.06557375,0.114119925,0.0074832733,1,0,1,1,0
63858,-1,0,0.9705904,0.7252372,1,1,unassigned,8.0,8.0,0.0,1.0,0.0,0.0,0.0116054155,0.0,0,0,0,1,0
63859,-1,0,1.2219014,0.77239794,1,1,unassigned,40.0,40.0,0.0,1.0,0.0,0.0,0.07350097,0.0,0,0,0,1,0
63860,-1,0,1.4011006,0.80235845,1,1,unassigned,8.0,8.0,0.0,1.0,0.0,0.0,0.0116054155,0.0,0,0,0,1,0
63861,-1,0,1.4592664,0.81142044,1,1,unassigned,3.0,3.0,0.0,1.0,0.0,0.0,0.001934236,0.0,0,0,0,1,0
63862,-1,1,0.37458295,0.5925659,1,1,unassigned,5.0,5.0,0.0,1.0,0.0,0.0,0.0058027077,0.0,1,0,0,1,0
63863,-1,1,0.1998511,0.5497971,1,1,unassigned,4.0,4.0,0.0,1.0,0.0,0.0,0.003868472,0.0,1,0,0,1,0
63864,0,1,-0.9613264,0.2766127,0,0,test,4.0,4.0,0.0,1.0,0.0,0.0,0.003868472,0.0,1,0,1,0,0
63865,-1,0,4.1595664,0.98462576,1,1,unassigned,25.0,23.0,2.0,0.92,0.08,0.07999998,0.044487428,0.003558994,0,0,0,1,1
63866,-1,0,-0.5086516,0.37550965,0,1,unassigned,2.0,2.0,0.0,1.0,0.0,0.0,0.0,0.0,0,0,0,0,0
63867,-1,0,2.0409205,0.885027,1,1,unassigned,3.0,3.0,0.0,1.0,0.0,0.0,0.001934236,0.0,0,0,0,1,0
63868,-1,0,0.2836213,0.5704338,1,1,unassigned,11.0,11.0,0.0,1.0,0.0,0.0,0.017408123,0.0,0,0,0,1,0
63869,-1,0,0.6773382,0.6631444,1,1,unassigned,28.0,28.0,0.0,1.0,0.0,0.0,0.050290134,0.0,0,0,0,1,0
63870,-1,0,-0.43420443,0.3931228,0,1,unassigned,41.0,41.0,0.0,1.0,0.0,0.0,0.07543521,0.0,0,0,0,0,0
63871,-1,1,-0.23350644,0.4418872,0,1,unassigned,49.0,47.0,2.0,0.9591837,0.040816326,0.040816307,0.09090909,0.0037105752,1,0,0,0,0
63872,-1,0,-0.7231051,0.3267096,0,1,unassigned,17.0,17.0,0.0,1.0,0.0,0.0,0.029013539,0.0,0,0,0,0,0
63873,-1,0,1.0222692,0.7354143,1,1,unassigned,5.0,4.0,1.0,0.8,0.2,0.19999999,0.0058027077,0.0011605415,0,0,0,1,0
63874,-1,1,0.063901246,0.5159699,1,1,unassigned,4.0,3.0,1.0,0.75,0.25,0.25,0.003868472,0.000967118,1,0,0,1,0
63875,-1,1,2.1235716,0.8931732,1,1,unassigned,7.0,6.0,1.0,0.85714287,0.14285715,0.14285713,0.00967118,0.0013815971,1,0,0,1,0
63876,-1,1,0.02341026,0.5058523,1,1,unassigned,23.0,23.0,0.0,1.0,0.0,0.0,0.040618956,0.0,1,0,0,1,0
63877,-1,1,1.5559926,0.8257776,1,1,unassigned,7.0,7.0,0.0,1.0,0.0,0.0,0.00967118,0.0,1,0,0,1,0
63878,-1,1,3.9444597,0.981006,1,1,unassigned,4.0,4.0,0.0,1.0,0.0,0.0,0.003868472,0.0,1,0,0,1,1
63879,0,1,0.2634263,0.5654784,1,1,unassigned,26.0,20.0,6.0,0.7692308,0.23076923,0.23076922,0.046421662,0.010712692,1,0,0,1,0
63880,-1,0,5.1794467,0.99440044,1,1,unassigned,2.0,2.0,0.0,1.0,0.0,0.0,0.0,0.0,0,0,0,1,1
63881,-1,0,5.772859,0.9968988,1,1,unassigned,5.0,4.0,1.0,0.8,0.2,0.19999999,0.0058027077,0.0011605415,0,0,0,1,1
63882,-1,0,7.4835086,0.999438,1,1,unassigned,2.0,1.0,1.0,0.5,0.5,0.5,0.0,0.0,0,0,0,1,1
63883,-1,1,3.7834399,0.9777615,1,1,unassigned,33.0,32.0,1.0,0.969697,0.030303031,0.030303001,0.059961315,0.0018170096,1,0,0,1,1
63884,-1,0,14.575921,0.9999995,1,1,unassigned,5.0,5.0,0.0,1.0,0.0,0.0,0.0058027077,0.0,0,0,0,1,1
63885,1,1,3.3554056,0.9662814,1,0,unassigned,15.0,14.0,1.0,0.93333334,0.06666667,0.06666666,0.025145067,0.0016763379,1,0,1,1,1
63886,-1,0,-0.3827216,0.40547064,0,1,unassigned,8.0,6.0,2.0,0.75,0.25,0.25,0.0116054155,0.0029013539,0,0,0,0,0
63887,-1,0,0.36585587,0.5904572,1,1,unassigned,4.0,3.0,1.0,0.75,0.25,0.25,0.003868472,0.000967118,0,0,0,1,0
63888,-1,0,1.2957633,0.7851211,1,1,unassigned,6.0,6.0,0.0,1.0,0.0,0.0,0.007736944,0.0,0,0,0,1,0
63889,-1,0,1.7389047,0.85054785,1,1,unassigned,2.0,2.0,0.0,1.0,0.0,0.0,0.0,0.0,0,0,0,1,0
63890,-1,1,6.2552195,0.99808323,1,1,unassigned,2.0,1.0,1.0,0.5,0.5,0.5,0.0,0.0,1,0,0,1,1
63891,-1,1,-0.35027555,0.4133156,0,1,unassigned,16.0,16.0,0.0,1.0,0.0,0.0,0.027079303,0.0,1,0,0,0,0
63892,-1,0,-0.25773174,0.4359214,0,1,unassigned,4.0,4.0,0.0,1.0,0.0,0.0,0.003868472,0.0,0,0,0,0,0
63893,-1,0,8.222329,0.9997315,1,1,unassigned,5.0,5.0,0.0,1.0,0.0,0.0,0.0058027077,0.0,0,0,0,1,1
63894,-1,1,-0.14375073,0.46412405,0,1,unassigned,3.0,2.0,1.0,0.6666667,0.33333334,0.3333333,0.001934236,0.00064474536,1,0,0,0,0
63895,-1,0,5.163588,0.99431145,1,1,unassigned,2.0,2.0,0.0,1.0,0.0,0.0,0.0,0.0,0,0,0,1,1
63896,-1,0,6.7959976,0.99888307,1,1,unassigned,8.0,8.0,0.0,1.0,0.0,0.0,0.0116054155,0.0,0,0,0,1,1
63897,-1,1,0.52604455,0.62856007,1,1,unassigned,5.0,4.0,1.0,0.8,0.2,0.19999999,0.0058027077,0.0011605415,1,0,0,1,0
63898,-1,0,1.4425509,0.80884933,1,1,unassigned,5.0,4.0,1.0,0.8,0.2,0.19999999,0.0058027077,0.0011605415,0,0,0,1,0
63899,-1,1,1.7407372,0.85078067,1,1,unassigned,34.0,34.0,0.0,1.0,0.0,0.0,0.061895553,0.0,1,0,0,1,0
63900,-1,1,0.89104444,0.7091057,1,1,unassigned,3.0,3.0,0.0,1.0,0.0,0.0,0.001934236,0.0,1,0,0,1,0
63901,-1,0,4.81766,0.9919791,1,1,unassigned,14.0,11.0,3.0,0.78571427,0.21428572,0.21428573,0.023210831,0.0049737496,0,0,0,1,1
63902,1,0,3.760986,0.9772679,1,0,val,19.0,19.0,0.0,1.0,0.0,0.0,0.032882012,0.0,0,0,1,1,1
63903,-1,1,-0.4380706,0.3922008,0,1,unassigned,6.0,6.0,0.0,1.0,0.0,0.0,0.007736944,0.0,1,0,0,0,0
63904,-1,0,0.6905245,0.66608363,1,1,unassigned,4.0,2.0,2.0,0.5,0.5,0.5,0.003868472,0.001934236,0,0,0,1,0
63905,-1,0,3.5957882,0.9732938,1,1,unassigned,5.0,3.0,2.0,0.6,0.4,0.39999998,0.0058027077,0.002321083,0,0,0,1,1
63906,-1,1,-0.24977392,0.43787912,0,1,unassigned,11.0,11.0,0.0,1.0,0.0,0.0,0.017408123,0.0,1,0,0,0,0
63907,-1,1,-0.96113086,0.27665183,0,1,unassigned,11.0,11.0,0.0,1.0,0.0,0.0,0.017408123,0.0,1,0,0,0,0
63908,0,1,-0.5823472,0.3583927,0,0,val,64.0,56.0,8.0,0.875,0.125,0.125,0.11992263,0.014990329,1,0,1,0,0
63909,0,0,-1.2833097,0.21698736,0,0,unassigned,2.0,2.0,0.0,1.0,0.0,0.0,0.0,0.0,0,0,1,0,0
63910,-1,1,-0.65439546,0.3419997,0,1,unassigned,28.0,24.0,4.0,0.85714287,0.14285715,0.14285713,0.050290134,0.007184305,1,0,0,0,0
63911,-1,0,0.7181826,0.6722067,1,1,unassigned,2.0,2.0,0.0,1.0,0.0,0.0,0.0,0.0,0,0,0,1,0
63912,-1,0,0.5727268,0.63939214,1,1,unassigned,2.0,2.0,0.0,1.0,0.0,0.0,0.0,0.0,0,0,0,1,0
63913,-1,1,2.2984612,0.9087495,1,1,unassigned,12.0,10.0,2.0,0.8333333,0.16666667,0.16666669,0.01934236,0.0032237265,1,0,0,1,1
63914,-1,0,0.14147294,0.5353094,1,1,unassigned,9.0,9.0,0.0,1.0,0.0,0.0,0.013539651,0.0,0,0,0,1,0
63915,-1,0,4.4030623,0.9879082,1,1,unassigned,2.0,2.0,0.0,1.0,0.0,0.0,0.0,0.0,0,0,0,1,1
63916,-1,0,1.9208248,0.8722304,1,1,unassigned,8.0,8.0,0.0,1.0,0.0,0.0,0.0116054155,0.0,0,0,0,1,0
63917,-1,0,2.9046497,0.94807583,1,1,unassigned,4.0,4.0,0.0,1.0,0.0,0.0,0.003868472,0.0,0,0,0,1,1
63918,-1,1,-0.24379292,0.43935186,0,1,unassigned,20.0,17.0,3.0,0.85,0.15,0.14999998,0.034816246,0.005222437,1,0,0,0,0
63919,-1,0,0.18785232,0.54682547,1,1,unassigned,2.0,1.0,1.0,0.5,0.5,0.5,0.0,0.0,0,0,0,1,0
63920,-1,0,-0.61267316,0.35144964,0,1,unassigned,27.0,26.0,1.0,0.962963,0.037037037,0.037037015,0.0483559,0.0017909593,0,0,0,0,0
63921,0,0,-1.1492355,0.24062875,0,0,val,3.0,3.0,0.0,1.0,0.0,0.0,0.001934236,0.0,0,0,1,0,0
63922,-1,0,-0.044187725,0.4889549,0,1,unassigned,4.0,4.0,0.0,1.0,0.0,0.0,0.003868472,0.0,0,0,0,0,0
63923,-1,0,-0.35377517,0.4124672,0,1,unassigned,23.0,22.0,1.0,0.95652175,0.04347826,0.04347825,0.040618956,0.0017660416,0,0,0,0,0
63924,-1,0,0.29358655,0.57287395,1,1,unassigned,7.0,7.0,0.0,1.0,0.0,0.0,0.00967118,0.0,0,0,0,1,0
63925,-1,0,0.5622409,0.6369709,1,1,unassigned,2.0,2.0,0.0,1.0,0.0,0.0,0.0,0.0,0,0,0,1,0
63926,-1,0,-0.5373002,0.36881584,0,1,unassigned,5.0,5.0,0.0,1.0,0.0,0.0,0.0058027077,0.0,0,0,0,0,0
63927,-1,1,2.3870137,0.9158317,1,1,unassigned,7.0,7.0,0.0,1.0,0.0,0.0,0.00967118,0.0,1,0,0,1,1
63928,-1,0,3.3352442,0.9656183,1,1,unassigned,9.0,9.0,0.0,1.0,0.0,0.0,0.013539651,0.0,0,0,0,1,1
63929,-1,0,-0.06307578,0.48423627,0,1,unassigned,2.0,2.0,0.0,1.0,0.0,0.0,0.0,0.0,0,0,0,0,0
63930,-1,0,-0.42917937,0.3943223,0,1,unassigned,15.0,15.0,0.0,1.0,0.0,0.0,0.025145067,0.0,0,0,0,0,0
63931,1,0,-0.6582397,0.34113517,0,1,val,4.0,4.0,0.0,1.0,0.0,0.0,0.003868472,0.0,0,0,0,0,0
63932,-1,0,-0.52775097,0.3710416,0,1,unassigned,2.0,2.0,0.0,1.0,0.0,0.0,0.0,0.0,0,0,0,0,0
63933,-1,0,0.5077413,0.6242768,1,1,unassigned,4.0,4.0,0.0,1.0,0.0,0.0,0.003868472,0.0,0,0,0,1,0
63934,-1,0,-0.4439667,0.39079618,0,1,unassigned,2.0,2.0,0.0,1.0,0.0,0.0,0.0,0.0,0,0,0,0,0
63935,-1,0,16.215675,0.9999999,1,1,unassigned,5.0,3.0,2.0,0.6,0.4,0.39999998,0.0058027077,0.002321083,0,0,0,1,1
63936,-1,0,1.1957021,0.7677594,1,1,unassigned,4.0,3.0,1.0,0.75,0.25,0.25,0.003868472,0.000967118,0,0,0,1,0
63937,-1,1,4.7008557,0.9909944,1,1,unassigned,3.0,3.0,0.0,1.0,0.0,0.0,0.001934236,0.0,1,0,0,1,1
63938,-1,1,-0.90980506,0.28703973,0,1,unassigned,3.0,3.0,0.0,1.0,0.0,0.0,0.001934236,0.0,1,0,0,0,0
63939,-1,0,4.495711,0.9889663,1,1,unassigned,9.0,8.0,1.0,0.8888889,0.11111111,0.111111104,0.013539651,0.0015044058,0,0,0,1,1
63940,-1,0,3.007858,0.9529279,1,1,unassigned,6.0,5.0,1.0,0.8333333,0.16666667,0.16666669,0.007736944,0.0012894907,0,0,0,1,1
63941,-1,0,0.25307363,0.5629329,1,1,unassigned,2.0,2.0,0.0,1.0,0.0,0.0,0.0,0.0,0,0,0,1,0
63942,1,0,4.145674,0.984414,1,0,unassigned,11.0,11.0,0.0,1.0,0.0,0.0,0.017408123,0.0,0,0,1,1,1
63943,-1,0,5.71601,0.996718,1,1,unassigned,4.0,4.0,0.0,1.0,0.0,0.0,0.003868472,0.0,0,0,0,1,1
63944,-1,1,1.9987872,0.8806697,1,1,unassigned,5.0,5.0,0.0,1.0,0.0,0.0,0.0058027077,0.0,1,0,0,1,0
63945,-1,0,0.6422189,0.65525484,1,1,unassigned,2.0,2.0,0.0,1.0,0.0,0.0,0.0,0.0,0,0,0,1,0
63946,0,1,0.0008405447,0.5002101,1,1,unassigned,22.0,22.0,0.0,1.0,0.0,0.0,0.03868472,0.0,1,0,0,1,0
63947,-1,0,-1.1005317,0.24964027,0,1,unassigned,3.0,3.0,0.0,1.0,0.0,0.0,0.001934236,0.0,0,0,0,0,0
63948,-1,0,-0.17814833,0.45558032,0,1,unassigned,7.0,7.0,0.0,1.0,0.0,0.0,0.00967118,0.0,0,0,0,0,0
63949,-1,0,-0.65321887,0.34226453,0,1,unassigned,11.0,11.0,0.0,1.0,0.0,0.0,0.017408123,0.0,0,0,0,0,0
63950,-1,1,4.7336392,0.9912822,1,1,unassigned,3.0,2.0,1.0,0.6666667,0.33333334,0.3333333,0.001934236,0.00064474536,1,0,0,1,1
63951,-1,1,-0.883569,0.29243875,0,1,unassigned,14.0,10.0,4.0,0.71428573,0.2857143,0.28571427,0.023210831,0.0066316663,1,0,0,0,0
63952,-1,1,-0.40048543,0.40119573,0,1,unassigned,45.0,44.0,1.0,0.9777778,0.022222223,0.02222222,0.08317215,0.0018482701,1,0,0,0,0
63953,-1,0,2.332925,0.9115674,1,1,unassigned,2.0,2.0,0.0,1.0,0.0,0.0,0.0,0.0,0,0,0,1,1
63954,-1,0,5.6454387,0.99647886,1,1,unassigned,2.0,2.0,0.0,1.0,0.0,0.0,0.0,0.0,0,0,0,1,1
63955,-1,1,1.8691099,0.8663553,1,1,unassigned,15.0,11.0,4.0,0.73333335,0.26666668,0.26666665,0.025145067,0.0067053516,1,0,0,1,0
63956,0,1,1.7022531,0.8458287,1,1,test,39.0,21.0,18.0,0.53846157,0.46153846,0.46153843,0.07156673,0.0330308,1,0,0,1,0
63957,-1,0,3.9198616,0.9805423,1,1,unassigned,3.0,3.0,0.0,1.0,0.0,0.0,0.001934236,0.0,0,0,0,1,1
63958,-1,0,1.8256142,0.8612384,1,1,unassigned,14.0,14.0,0.0,1.0,0.0,0.0,0.023210831,0.0,0,0,0,1,0
63959,-1,1,0.9951847,0.7301108,1,1,unassigned,19.0,17.0,2.0,0.8947368,0.10526316,0.10526317,0.032882012,0.0034612645,1,0,0,1,0
63960,1,1,2.9680264,0.9511085,1,0,test,22.0,20.0,2.0,0.90909094,0.09090909,0.090909064,0.03868472,0.0035167928,1,0,1,1,1
63961,-1,1,3.7606003,0.9772594,1,1,unassigned,6.0,4.0,2.0,0.6666667,0.33333334,0.3333333,0.007736944,0.0025789815,1,0,0,1,1
63962,1,0,2.680744,0.9358807,1,0,unassigned,11.0,11.0,0.0,1.0,0.0,0.0,0.017408123,0.0,0,0,1,1,1
63963,-1,1,8.733071,0.9998388,1,1,unassigned,7.0,6.0,1.0,0.85714287,0.14285715,0.14285713,0.00967118,0.0013815971,1,0,0,1,1
63964,-1,0,-0.7995541,0.3101209,0,1,unassigned,23.0,23.0,0.0,1.0,0.0,0.0,0.040618956,0.0,0,0,0,0,0
63965,0,1,-0.38054234,0.4059961,0,0,unassigned,20.0,16.0,4.0,0.8,0.2,0.19999999,0.034816246,0.0069632493,1,0,1,0,0
63966,-1,1,2.633435,0.9329826,1,1,unassigned,15.0,15.0,0.0,1.0,0.0,0.0,0.025145067,0.0,1,0,0,1,1
63967,-1,1,2.0566075,0.88661355,1,1,unassigned,13.0,12.0,1.0,0.9230769,0.07692308,0.07692307,0.021276595,0.0016366612,1,0,0,1,0
63968,-1,1,3.7162917,0.97625357,1,1,unassigned,24.0,23.0,1.0,0.9583333,0.041666668,0.041666687,0.04255319,0.0017730496,1,0,0,1,1
63969,-1,1,1.7659569,0.8539541,1,1,unassigned,23.0,22.0,1.0,0.95652175,0.04347826,0.04347825,0.040618956,0.0017660416,1,0,0,1,0
63970,-1,1,0.93955904,0.7190106,1,1,unassigned,45.0,45.0,0.0,1.0,0.0,0.0,0.08317215,0.0,1,0,0,1,0
63971,-1,1,6.0906234,0.9977411,1,1,unassigned,10.0,10.0,0.0,1.0,0.0,0.0,0.015473888,0.0,1,0,0,1,1
63972,-1,1,4.475836,0.9887474,1,1,unassigned,16.0,16.0,0.0,1.0,0.0,0.0,0.027079303,0.0,1,0,0,1,1
63973,-1,1,-0.10087162,0.4748035,0,1,unassigned,29.0,29.0,0.0,1.0,0.0,0.0,0.05222437,0.0,1,0,0,0,0
63974,-1,1,3.202114,0.9609138,1,1,unassigned,9.0,9.0,0.0,1.0,0.0,0.0,0.013539651,0.0,1,0,0,1,1
63975,0,0,-0.15208846,0.462051,0,0,unassigned,19.0,19.0,0.0,1.0,0.0,0.0,0.032882012,0.0,0,0,1,0,0
63976,-1,0,0.2307781,0.5574398,1,1,unassigned,5.0,5.0,0.0,1.0,0.0,0.0,0.0058027077,0.0,0,0,0,1,0
63977,-1,1,-0.8633941,0.2966307,0,1,unassigned,2.0,2.0,0.0,1.0,0.0,0.0,0.0,0.0,1,0,0,0,0
63978,-1,0,-0.76387453,0.31780565,0,1,unassigned,3.0,3.0,0.0,1.0,0.0,0.0,0.001934236,0.0,0,0,0,0,0
63979,-1,1,2.5809104,0.9296228,1,1,unassigned,24.0,23.0,1.0,0.9583333,0.041666668,0.041666687,0.04255319,0.0017730496,1,0,0,1,1
63980,-1,1,1.4119191,0.80406845,1,1,unassigned,12.0,11.0,1.0,0.9166667,0.083333336,0.08333331,0.01934236,0.0016118633,1,0,0,1,0
63981,-1,0,2.0755873,0.88850766,1,1,unassigned,6.0,5.0,1.0,0.8333333,0.16666667,0.16666669,0.007736944,0.0012894907,0,0,0,1,0
63982,-1,0,4.885779,0.9925034,1,1,unassigned,3.0,2.0,1.0,0.6666667,0.33333334,0.3333333,0.001934236,0.00064474536,0,0,0,1,1
63983,-1,0,-0.35848838,0.4113255,0,1,unassigned,6.0,6.0,0.0,1.0,0.0,0.0,0.007736944,0.0,0,0,0,0,0
63984,-1,0,10.6306095,0.9999758,1,1,unassigned,4.0,3.0,1.0,0.75,0.25,0.25,0.003868472,0.000967118,0,0,0,1,1
63985,-1,1,1.5257287,0.8213805,1,1,unassigned,2.0,2.0,0.0,1.0,0.0,0.0,0.0,0.0,1,0,0,1,0
63986,-1,0,-0.40252727,0.40070528,0,1,unassigned,4.0,4.0,0.0,1.0,0.0,0.0,0.003868472,0.0,0,0,0,0,0
63987,-1,1,-0.78132766,0.3140338,0,1,unassigned,49.0,46.0,3.0,0.93877554,0.06122449,0.06122446,0.09090909,0.005565863,1,0,0,0,0
63988,-1,0,0.2636435,0.56553173,1,1,unassigned,2.0,2.0,0.0,1.0,0.0,0.0,0.0,0.0,0,0,0,1,0
63989,-1,0,-0.98557144,0.27178767,0,1,unassigned,2.0,2.0,0.0,1.0,0.0,0.0,0.0,0.0,0,0,0,0,0
63990,-1,0,1.2287426,0.77359843,1,1,unassigned,5.0,5.0,0.0,1.0,0.0,0.0,0.0058027077,0.0,0,0,0,1,0
63991,-1,1,0.43476802,0.6070116,1,1,unassigned,11.0,10.0,1.0,0.90909094,0.09090909,0.090909064,0.017408123,0.0015825568,1,0,0,1,0
63992,-1,0,0.3287354,0.58145165,1,1,unassigned,2.0,2.0,0.0,1.0,0.0,0.0,0.0,0.0,0,0,0,1,0
63993,-1,1,1.1115451,0.752417,1,1,unassigned,8.0,4.0,4.0,0.5,0.5,0.5,0.0116054155,0.0058027077,1,0,0,1,0
63994,-1,0,-0.007623017,0.49809423,0,1,unassigned,39.0,39.0,0.0,1.0,0.0,0.0,0.07156673,0.0,0,0,0,0,0
63995,-1,1,-0.18666196,0.45346954,0,1,unassigned,10.0,10.0,0.0,1.0,0.0,0.0,0.015473888,0.0,1,0,0,0,0
63996,0,1,-0.52363026,0.3720038,0,0,val,30.0,30.0,0.0,1.0,0.0,0.0,0.054158606,0.0,1,0,1,0,0
63997,-1,1,1.2295353,0.77373725,1,1,unassigned,5.0,4.0,1.0,0.8,0.2,0.19999999,0.0058027077,0.0011605415,1,0,0,1,0
63998,-1,0,-0.5532381,0.3651135,0,1,unassigned,43.0,43.0,0.0,1.0,0.0,0.0,0.079303674,0.0,0,0,0,0,0
63999,-1,1,-0.44131887,0.39142674,0,1,unassigned,53.0,52.0,1.0,0.9811321,0.018867925,0.01886791,0.09864604,0.0018612461,1,0,0,0,0
64000,-1,1,-0.10154182,0.47463635,0,1,unassigned,2.0,1.0,1.0,0.5,0.5,0.5,0.0,0.0,1,0,0,0,0
64001,0,0,-0.5629115,0.3628741,0,0,unassigned,2.0,2.0,0.0,1.0,0.0,0.0,0.0,0.0,0,0,1,0,0
64002,-1,0,2.0643022,0.8873848,1,1,unassigned,2.0,2.0,0.0,1.0,0.0,0.0,0.0,0.0,0,0,0,1,0
64003,-1,1,-0.4901837,0.3798503,0,1,unassigned,52.0,51.0,1.0,0.9807692,0.01923077,0.019230783,0.0967118,0.0018598423,1,0,0,0,0
64004,-1,1,-0.07163766,0.48209825,0,1,unassigned,18.0,18.0,0.0,1.0,0.0,0.0,0.030947777,0.0,1,0,0,0,0
64005,0,1,-0.46138138,0.3866582,0,0,val,42.0,41.0,1.0,0.97619045,0.023809524,0.023809552,0.07736944,0.0018421295,1,0,1,0,0
64006,-1,0,-0.8846581,0.29221344,0,1,unassigned,8.0,8.0,0.0,1.0,0.0,0.0,0.0116054155,0.0,0,0,0,0,0
64007,1,0,-0.87686646,0.29382753,0,1,val,3.0,3.0,0.0,1.0,0.0,0.0,0.001934236,0.0,0,0,0,0,0
64008,1,0,0.022792518,0.5056979,1,0,unassigned,10.0,10.0,0.0,1.0,0.0,0.0,0.015473888,0.0,0,0,1,1,0
64009,-1,0,-0.3733872,0.4077228,0,1,unassigned,2.0,2.0,0.0,1.0,0.0,0.0,0.0,0.0,0,0,0,0,0
64010,-1,1,-0.8262813,0.30443195,0,1,unassigned,6.0,4.0,2.0,0.6666667,0.33333334,0.3333333,0.007736944,0.0025789815,1,0,0,0,0
64011,-1,1,-0.5242161,0.3718669,0,1,unassigned,4.0,4.0,0.0,1.0,0.0,0.0,0.003868472,0.0,1,0,0,0,0
64012,-1,1,4.0063744,0.98212606,1,1,unassigned,2.0,2.0,0.0,1.0,0.0,0.0,0.0,0.0,1,0,0,1,1
64013,-1,0,-0.1740835,0.4565887,0,1,unassigned,12.0,12.0,0.0,1.0,0.0,0.0,0.01934236,0.0,0,0,0,0,0
64014,-1,0,0.410119,0.6011164,1,1,unassigned,4.0,4.0,0.0,1.0,0.0,0.0,0.003868472,0.0,0,0,0,1,0
64015,0,0,-0.18347901,0.4542585,0,0,unassigned,4.0,4.0,0.0,1.0,0.0,0.0,0.003868472,0.0,0,0,1,0,0
64016,-1,0,-0.07925856,0.4801957,0,1,unassigned,14.0,14.0,0.0,1.0,0.0,0.0,0.023210831,0.0,0,0,0,0,0
64017,-1,0,-0.46940237,0.3847577,0,1,unassigned,12.0,12.0,0.0,1.0,0.0,0.0,0.01934236,0.0,0,0,0,0,0
64018,0,1,-0.79159456,0.31182638,0,0,train,21.0,18.0,3.0,0.85714287,0.14285715,0.14285713,0.036750484,0.0052500693,1,0,1,0,0
64019,-1,0,-0.017710745,0.49557242,0,1,unassigned,3.0,1.0,2.0,0.33333334,0.6666667,0.6666666,0.001934236,0.0012894907,0,0,0,0,0
64020,0,1,-0.5396286,0.36827397,0,0,unassigned,9.0,9.0,0.0,1.0,0.0,0.0,0.013539651,0.0,1,0,1,0,0
64021,-1,1,-0.12889764,0.46782014,0,1,unassigned,32.0,31.0,1.0,0.96875,0.03125,0.03125,0.058027077,0.0018133462,1,0,0,0,0
64022,0,1,-0.15507984,0.46130753,0,0,unassigned,67.0,65.0,2.0,0.9701493,0.029850746,0.029850721,0.12572534,0.0037529953,1,0,1,0,0
64023,-1,1,1.8403833,0.8629941,1,1,unassigned,101.0,95.0,6.0,0.9405941,0.05940594,0.059405923,0.19148937,0.011375606,1,0,0,1,0
64024,-1,1,3.2417634,0.962376,1,1,unassigned,15.0,11.0,4.0,0.73333335,0.26666668,0.26666665,0.025145067,0.0067053516,1,0,0,1,1
64025,-1,0,-0.60845834,0.35241097,0,1,unassigned,4.0,4.0,0.0,1.0,0.0,0.0,0.003868472,0.0,0,0,0,0,0
64026,-1,1,2.358186,0.91358274,1,1,unassigned,2.0,2.0,0.0,1.0,0.0,0.0,0.0,0.0,1,0,0,1,1
64027,-1,1,-0.5265243,0.3713279,0,1,unassigned,24.0,24.0,0.0,1.0,0.0,0.0,0.04255319,0.0,1,0,0,0,0
64028,-1,1,-0.55778617,0.36405984,0,1,unassigned,47.0,46.0,1.0,0.9787234,0.021276595,0.021276593,0.08704062,0.001851928,1,0,0,0,0
64029,-1,0,3.221481,0.9616347,1,1,unassigned,3.0,1.0,2.0,0.33333334,0.6666667,0.6666666,0.001934236,0.0012894907,0,0,0,1,1
64030,-1,1,1.0864351,0.7477098,1,1,unassigned,3.0,3.0,0.0,1.0,0.0,0.0,0.001934236,0.0,1,0,0,1,0
64031,-1,0,0.9206849,0.7151816,1,1,unassigned,8.0,6.0,2.0,0.75,0.25,0.25,0.0116054155,0.0029013539,0,0,0,1,0
64032,1,1,6.93117,0.99902415,1,0,unassigned,3.0,3.0,0.0,1.0,0.0,0.0,0.001934236,0.0,1,0,1,1,1
64033,-1,0,0.94831115,0.7207754,1,1,unassigned,2.0,2.0,0.0,1.0,0.0,0.0,0.0,0.0,0,0,0,1,0
64034,-1,1,3.6062424,0.9735641,1,1,unassigned,6.0,6.0,0.0,1.0,0.0,0.0,0.007736944,0.0,1,0,0,1,1
64035,-1,1,-0.38234475,0.4055615,0,1,unassigned,2.0,2.0,0.0,1.0,0.0,0.0,0.0,0.0,1,0,0,0,0
64036,-1,0,-0.84233034,0.30104423,0,1,unassigned,2.0,2.0,0.0,1.0,0.0,0.0,0.0,0.0,0,0,0,0,0
64037,-1,0,2.4462593,0.9202875,1,1,unassigned,16.0,3.0,13.0,0.1875,0.8125,0.8125,0.027079303,0.022001933,0,0,0,1,1
64038,-1,0,0.39704973,0.59797865,1,1,unassigned,7.0,2.0,5.0,0.2857143,0.71428573,0.71428573,0.00967118,0.0069079855,0,0,0,1,0
64039,-1,0,3.4277697,0.96856123,1,1,unassigned,5.0,5.0,0.0,1.0,0.0,0.0,0.0058027077,0.0,0,0,0,1,1
64040,-1,1,-0.47657204,0.38306192,0,1,unassigned,24.0,24.0,0.0,1.0,0.0,0.0,0.04255319,0.0,1,0,0,0,0
64041,-1,1,1.8240428,0.8610505,1,1,unassigned,9.0,9.0,0.0,1.0,0.0,0.0,0.013539651,0.0,1,0,0,1,0
64042,-1,0,0.13966829,0.53486043,1,1,unassigned,2.0,2.0,0.0,1.0,0.0,0.0,0.0,0.0,0,0,0,1,0
64043,-1,0,0.30273706,0.57511145,1,1,unassigned,2.0,2.0,0.0,1.0,0.0,0.0,0.0,0.0,0,0,0,1,0
64044,-1,1,1.7294343,0.84934,1,1,unassigned,6.0,6.0,0.0,1.0,0.0,0.0,0.007736944,0.0,1,0,0,1,0
64045,-1,1,5.0865417,0.99385864,1,1,unassigned,64.0,62.0,2.0,0.96875,0.03125,0.03125,0.11992263,0.0037475822,1,0,0,1,1
64046,-1,1,0.41057175,0.60122496,1,1,unassigned,8.0,8.0,0.0,1.0,0.0,0.0,0.0116054155,0.0,1,0,0,1,0
64047,-1,1,1.2093949,0.7701919,1,1,unassigned,4.0,4.0,0.0,1.0,0.0,0.0,0.003868472,0.0,1,0,0,1,0
64048,-1,0,7.732343,0.9995617,1,1,unassigned,3.0,3.0,0.0,1.0,0.0,0.0,0.001934236,0.0,0,0,0,1,1
64049,1,0,0.07588369,0.51896185,1,0,unassigned,6.0,6.0,0.0,1.0,0.0,0.0,0.007736944,0.0,0,0,1,1,0
64050,-1,0,5.697567,0.99665713,1,1,unassigned,4.0,4.0,0.0,1.0,0.0,0.0,0.003868472,0.0,0,0,0,1,1
64051,-1,0,3.0398815,0.9543436,1,1,unassigned,20.0,18.0,2.0,0.9,0.1,0.100000024,0.034816246,0.0034816246,0,0,0,1,1
64052,-1,1,-0.935077,0.28189582,0,1,unassigned,5.0,2.0,3.0,0.4,0.6,0.6,0.0058027077,0.0034816249,1,0,0,0,0
64053,-1,1,-0.6510594,0.34275085,0,1,unassigned,64.0,61.0,3.0,0.953125,0.046875,0.046875,0.11992263,0.005621373,1,0,0,0,0
64054,-1,1,-0.86185944,0.296951,0,1,unassigned,45.0,45.0,0.0,1.0,0.0,0.0,0.08317215,0.0,1,0,0,0,0
64055,-1,0,0.103031814,0.5257352,1,1,unassigned,14.0,14.0,0.0,1.0,0.0,0.0,0.023210831,0.0,0,0,0,1,0
64056,-1,1,3.594145,0.973251,1,1,unassigned,4.0,3.0,1.0,0.75,0.25,0.25,0.003868472,0.000967118,1,0,0,1,1
64057,-1,0,1.9036095,0.8702995,1,1,unassigned,3.0,3.0,0.0,1.0,0.0,0.0,0.001934236,0.0,0,0,0,1,0
64058,-1,1,9.168524,0.9998957,1,1,unassigned,33.0,18.0,15.0,0.54545456,0.45454547,0.45454544,0.059961315,0.027255144,1,0,0,1,1
64059,-1,0,-0.6149714,0.35092598,0,1,unassigned,2.0,2.0,0.0,1.0,0.0,0.0,0.0,0.0,0,0,0,0,0
64060,-1,0,0.4274438,0.6052631,1,1,unassigned,4.0,4.0,0.0,1.0,0.0,0.0,0.003868472,0.0,0,0,0,1,0
64061,1,0,0.40013516,0.59872013,1,0,unassigned,3.0,2.0,1.0,0.6666667,0.33333334,0.3333333,0.001934236,0.00064474536,0,0,1,1,0
64062,-1,0,2.3813522,0.91539425,1,1,unassigned,14.0,14.0,0.0,1.0,0.0,0.0,0.023210831,0.0,0,0,0,1,1
64063,0,1,-0.40893975,0.39916635,0,0,test,41.0,41.0,0.0,1.0,0.0,0.0,0.07543521,0.0,1,0,1,0,0
64064,-1,0,2.05767,0.88672036,1,1,unassigned,32.0,30.0,2.0,0.9375,0.0625,0.0625,0.058027077,0.0036266923,0,0,0,1,0
64065,0,0,-0.80963624,0.307968,0,0,unassigned,6.0,6.0,0.0,1.0,0.0,0.0,0.007736944,0.0,0,0,1,0,0
64066,-1,0,-0.13570422,0.4661259,0,1,unassigned,2.0,2.0,0.0,1.0,0.0,0.0,0.0,0.0,0,0,0,0,0
64067,-1,0,16.691917,1.0,1,1,unassigned,4.0,4.0,0.0,1.0,0.0,0.0,0.003868472,0.0,0,0,0,1,1
64068,0,0,-0.543398,0.3673975,0,0,test,4.0,4.0,0.0,1.0,0.0,0.0,0.003868472,0.0,0,0,1,0,0
64069,-1,0,3.5245864,0.9713793,1,1,unassigned,9.0,8.0,1.0,0.8888889,0.11111111,0.111111104,0.013539651,0.0015044058,0,0,0,1,1
64070,-1,0,0.6755094,0.66273576,1,1,unassigned,2.0,2.0,0.0,1.0,0.0,0.0,0.0,0.0,0,0,0,1,0
64071,-1,0,3.6989481,0.9758482,1,1,unassigned,2.0,2.0,0.0,1.0,0.0,0.0,0.0,0.0,0,0,0,1,1
64072,0,0,-0.027069807,0.49323294,0,0,test,11.0,11.0,0.0,1.0,0.0,0.0,0.017408123,0.0,0,0,1,0,0
64073,-1,0,-0.99096715,0.27072108,0,1,unassigned,31.0,31.0,0.0,1.0,0.0,0.0,0.056092843,0.0,0,0,0,0,0
64074,-1,0,2.2899349,0.90804,1,1,unassigned,2.0,1.0,1.0,0.5,0.5,0.5,0.0,0.0,0,0,0,1,1
64075,-1,0,4.3960896,0.9878247,1,1,unassigned,3.0,2.0,1.0,0.6666667,0.33333334,0.3333333,0.001934236,0.00064474536,0,0,0,1,1
64076,-1,1,3.7017677,0.97591454,1,1,unassigned,19.0,19.0,0.0,1.0,0.0,0.0,0.032882012,0.0,1,0,0,1,1
64077,-1,0,1.7827892,0.85604095,1,1,unassigned,6.0,5.0,1.0,0.8333333,0.16666667,0.16666669,0.007736944,0.0012894907,0,0,0,1,0
64078,-1,1,13.246055,0.9999982,1,1,unassigned,6.0,3.0,3.0,0.5,0.5,0.5,0.007736944,0.003868472,1,0,0,1,1
64079,0,1,-0.9318242,0.28255478,0,0,test,8.0,8.0,0.0,1.0,0.0,0.0,0.0116054155,0.0,1,0,1,0,0
64080,-1,1,-1.5940552,0.16881414,0,1,unassigned,2.0,1.0,1.0,0.5,0.5,0.5,0.0,0.0,1,0,0,0,0
64081,0,1,-0.24535882,0.43896616,0,0,unassigned,55.0,55.0,0.0,1.0,0.0,0.0,0.102514505,0.0,1,0,1,0,0
64082,-1,0,-0.59071225,0.35647145,0,1,unassigned,23.0,23.0,0.0,1.0,0.0,0.0,0.040618956,0.0,0,0,0,0,0
64083,-1,0,4.1320662,0.9842039,1,1,unassigned,9.0,9.0,0.0,1.0,0.0,0.0,0.013539651,0.0,0,0,0,1,1
64084,1,0,4.26426,0.98613274,1,0,val,10.0,9.0,1.0,0.9,0.1,0.100000024,0.015473888,0.0015473888,0,0,1,1,1
64085,-1,1,-0.018709242,0.49532282,0,1,unassigned,21.0,20.0,1.0,0.95238096,0.04761905,0.047619045,0.036750484,0.0017500231,1,0,0,0,0
64086,-1,1,2.5941458,0.9304839,1,1,unassigned,22.0,19.0,3.0,0.8636364,0.13636364,0.13636363,0.03868472,0.005275189,1,0,0,1,1
64087,-1,1,2.6807508,0.93588114,1,1,unassigned,40.0,39.0,1.0,0.975,0.025,0.024999976,0.07350097,0.0018375242,1,0,0,1,1
64088,-1,1,3.9718707,0.98151016,1,1,unassigned,22.0,20.0,2.0,0.90909094,0.09090909,0.090909064,0.03868472,0.0035167928,1,0,0,1,1
64089,-1,0,1.5216248,0.8207776,1,1,unassigned,28.0,27.0,1.0,0.96428573,0.035714287,0.03571427,0.050290134,0.0017960763,0,0,0,1,0
64090,-1,1,-0.8442695,0.30063632,0,1,unassigned,71.0,70.0,1.0,0.9859155,0.014084507,0.014084518,0.13346228,0.0018797504,1,0,0,0,0
64091,-1,0,0.9662662,0.72437465,1,1,unassigned,11.0,8.0,3.0,0.72727275,0.27272728,0.27272725,0.017408123,0.00474767,0,0,0,1,0
64092,-1,1,-0.4602194,0.38693377,0,1,unassigned,80.0,79.0,1.0,0.9875,0.0125,0.012499988,0.15087041,0.0018858801,1,0,0,0,0
64093,-1,0,0.4376716,0.6077041,1,1,unassigned,3.0,3.0,0.0,1.0,0.0,0.0,0.001934236,0.0,0,0,0,1,0
64094,-1,1,-0.828568,0.30394793,0,1,unassigned,22.0,22.0,0.0,1.0,0.0,0.0,0.03868472,0.0,1,0,0,0,0
64095,-1,0,0.018817902,0.50470436,1,1,unassigned,6.0,6.0,0.0,1.0,0.0,0.0,0.007736944,0.0,0,0,0,1,0
64096,-1,0,1.7793372,0.855615,1,1,unassigned,8.0,8.0,0.0,1.0,0.0,0.0,0.0116054155,0.0,0,0,0,1,0
64097,-1,1,0.030927181,0.5077312,1,1,unassigned,5.0,4.0,1.0,0.8,0.2,0.19999999,0.0058027077,0.0011605415,1,0,0,1,0
64098,-1,0,-0.6573934,0.3413254,0,1,unassigned,4.0,4.0,0.0,1.0,0.0,0.0,0.003868472,0.0,0,0,0,0,0
64099,-1,0,0.15492433,0.5386538,1,1,unassigned,11.0,9.0,2.0,0.8181818,0.18181819,0.18181819,0.017408123,0.0031651135,0,0,0,1,0
64100,-1,0,6.8219514,0.9989116,1,1,unassigned,3.0,3.0,0.0,1.0,0.0,0.0,0.001934236,0.0,0,0,0,1,1
64101,-1,1,-0.13562816,0.46614483,0,1,unassigned,2.0,2.0,0.0,1.0,0.0,0.0,0.0,0.0,1,0,0,0,0
64102,-1,1,-0.013849676,0.49653763,0,1,unassigned,4.0,3.0,1.0,0.75,0.25,0.25,0.003868472,0.000967118,1,0,0,0,0
64103,0,1,-0.6899802,0.33403745,0,0,test,69.0,68.0,1.0,0.98550725,0.014492754,0.01449275,0.1295938,0.0018781711,1,0,1,0,0
64104,-1,0,4.2461905,0.9858834,1,1,unassigned,8.0,7.0,1.0,0.875,0.125,0.125,0.0116054155,0.0014506769,0,0,0,1,1
64105,-1,0,-0.2922762,0.4274467,0,1,unassigned,5.0,5.0,0.0,1.0,0.0,0.0,0.0058027077,0.0,0,0,0,0,0
64106,0,0,0.80178195,0.69035554,1,1,unassigned,17.0,17.0,0.0,1.0,0.0,0.0,0.029013539,0.0,0,0,0,1,0
64107,-1,0,1.0963728,0.74957985,1,1,unassigned,34.0,33.0,1.0,0.9705882,0.029411765,0.029411793,0.061895553,0.0018204574,0,0,0,1,0
64108,0,0,-0.63593805,0.34616533,0,0,unassigned,22.0,22.0,0.0,1.0,0.0,0.0,0.03868472,0.0,0,0,1,0,0
64109,1,1,22.555317,1.0,1,0,unassigned,3.0,1.0,2.0,0.33333334,0.6666667,0.6666666,0.001934236,0.0012894907,1,0,1,1,1
64110,-1,0,-0.92077804,0.28479937,0,1,unassigned,43.0,43.0,0.0,1.0,0.0,0.0,0.079303674,0.0,0,0,0,0,0
64111,-1,0,4.136882,0.9842785,1,1,unassigned,3.0,3.0,0.0,1.0,0.0,0.0,0.001934236,0.0,0,0,0,1,1
64112,1,1,-0.8148376,0.3068606,0,1,test,17.0,17.0,0.0,1.0,0.0,0.0,0.029013539,0.0,1,0,0,0,0
64113,1,1,1.3396649,0.7924348,1,0,unassigned,26.0,22.0,4.0,0.84615386,0.15384616,0.15384614,0.046421662,0.0071417945,1,0,1,1,0
64114,-1,0,1.6344931,0.83678424,1,1,unassigned,6.0,6.0,0.0,1.0,0.0,0.0,0.007736944,0.0,0,0,0,1,0
64115,1,0,7.832628,0.99960357,1,0,test,10.0,10.0,0.0,1.0,0.0,0.0,0.015473888,0.0,0,0,1,1,1
64116,-1,1,0.01828444,0.50457096,1,1,unassigned,3.0,2.0,1.0,0.6666667,0.33333334,0.3333333,0.001934236,0.00064474536,1,0,0,1,0
64117,-1,0,3.2372563,0.9622125,1,1,unassigned,2.0,2.0,0.0,1.0,0.0,0.0,0.0,0.0,0,0,0,1,1
64118,-1,0,-0.15032014,0.4624906,0,1,unassigned,3.0,3.0,0.0,1.0,0.0,0.0,0.001934236,0.0,0,0,0,0,0
64119,-1,0,2.8368433,0.94463456,1,1,unassigned,20.0,20.0,0.0,1.0,0.0,0.0,0.034816246,0.0,0,0,0,1,1
64120,-1,1,-0.42610836,0.395056,0,1,unassigned,30.0,29.0,1.0,0.96666664,0.033333335,0.03333336,0.054158606,0.001805287,1,0,0,0,0
64121,-1,1,-0.525782,0.3715012,0,1,unassigned,31.0,31.0,0.0,1.0,0.0,0.0,0.056092843,0.0,1,0,0,0,0
64122,-1,1,1.1618881,0.76167566,1,1,unassigned,2.0,2.0,0.0,1.0,0.0,0.0,0.0,0.0,1,0,0,1,0
64123,0,0,-0.99423563,0.27007627,0,0,test,5.0,5.0,0.0,1.0,0.0,0.0,0.0058027077,0.0,0,0,1,0,0
64124,-1,0,1.4133568,0.8042949,1,1,unassigned,5.0,5.0,0.0,1.0,0.0,0.0,0.0058027077,0.0,0,0,0,1,0
64125,0,1,-0.2313301,0.44242403,0,0,train,10.0,8.0,2.0,0.8,0.2,0.19999999,0.015473888,0.0030947777,1,0,1,0,0
64126,-1,0,-0.3031514,0.4247873,0,1,unassigned,3.0,3.0,0.0,1.0,0.0,0.0,0.001934236,0.0,0,0,0,0,0
64127,-1,0,-0.12880379,0.4678435,0,1,unassigned,4.0,4.0,0.0,1.0,0.0,0.0,0.003868472,0.0,0,0,0,0,0
64128,-1,0,1.3679454,0.797048,1,1,unassigned,7.0,6.0,1.0,0.85714287,0.14285715,0.14285713,0.00967118,0.0013815971,0,0,0,1,0
64129,-1,0,1.6499431,0.83888334,1,1,unassigned,27.0,26.0,1.0,0.962963,0.037037037,0.037037015,0.0483559,0.0017909593,0,0,0,1,0
64130,-1,1,1.6340458,0.83672315,1,1,unassigned,33.0,31.0,2.0,0.93939394,0.060606062,0.060606062,0.059961315,0.0036340193,1,0,0,1,0
64131,-1,1,0.4969278,0.62173706,1,1,unassigned,30.0,27.0,3.0,0.9,0.1,0.100000024,0.054158606,0.0054158606,1,0,0,1,0
64132,-1,1,1.7530265,0.85233414,1,1,unassigned,6.0,6.0,0.0,1.0,0.0,0.0,0.007736944,0.0,1,0,0,1,0
64133,-1,1,1.7217233,0.8483507,1,1,unassigned,16.0,14.0,2.0,0.875,0.125,0.125,0.027079303,0.0033849129,1,0,0,1,0
64134,-1,1,5.8093233,0.9970095,1,1,unassigned,2.0,2.0,0.0,1.0,0.0,0.0,0.0,0.0,1,0,0,1,1
64135,-1,1,-0.8322978,0.30315942,0,1,unassigned,4.0,4.0,0.0,1.0,0.0,0.0,0.003868472,0.0,1,0,0,0,0
64136,-1,1,-0.7867916,0.312858,0,1,unassigned,23.0,23.0,0.0,1.0,0.0,0.0,0.040618956,0.0,1,0,0,0,0
64137,-1,1,-0.43278176,0.39346227,0,1,unassigned,19.0,18.0,1.0,0.94736844,0.05263158,0.052631557,0.032882012,0.0017306323,1,0,0,0,0
64138,-1,1,5.656964,0.9965191,1,1,unassigned,14.0,9.0,5.0,0.64285713,0.35714287,0.35714287,0.023210831,0.008289583,1,0,0,1,1
64139,-1,0,-0.45201832,0.388881,0,1,unassigned,15.0,14.0,1.0,0.93333334,0.06666667,0.06666666,0.025145067,0.0016763379,0,0,0,0,0
64140,-1,1,-0.5449427,0.36703852,0,1,unassigned,62.0,60.0,2.0,0.9677419,0.032258064,0.032258093,0.116054155,0.0037436823,1,0,0,0,0
64141,-1,0,-0.73403305,0.3243103,0,1,unassigned,2.0,2.0,0.0,1.0,0.0,0.0,0.0,0.0,0,0,0,0,0
64142,-1,1,3.3231204,0.96521354,1,1,unassigned,2.0,2.0,0.0,1.0,0.0,0.0,0.0,0.0,1,0,0,1,1
64143,1,0,-0.67046165,0.33839348,0,1,val,4.0,4.0,0.0,1.0,0.0,0.0,0.003868472,0.0,0,0,0,0,0
64144,-1,0,1.67713,0.8425241,1,1,unassigned,2.0,2.0,0.0,1.0,0.0,0.0,0.0,0.0,0,0,0,1,0
64145,-1,0,7.4053025,0.9993924,1,1,unassigned,14.0,14.0,0.0,1.0,0.0,0.0,0.023210831,0.0,0,0,0,1,1
64146,-1,1,0.14645082,0.5365474,1,1,unassigned,21.0,21.0,0.0,1.0,0.0,0.0,0.036750484,0.0,1,0,0,1,0
64147,-1,1,-0.7917932,0.31178376,0,1,unassigned,27.0,27.0,0.0,1.0,0.0,0.0,0.0483559,0.0,1,0,0,0,0
64148,-1,1,6.4811883,0.99847037,1,1,unassigned,31.0,30.0,1.0,0.9677419,0.032258064,0.032258093,0.056092843,0.0018094465,1,0,0,1,1
64149,-1,0,0.63738614,0.65416235,1,1,unassigned,2.0,2.0,0.0,1.0,0.0,0.0,0.0,0.0,0,0,0,1,0
64150,-1,1,0.481646,0.6181365,1,1,unassigned,2.0,2.0,0.0,1.0,0.0,0.0,0.0,0.0,1,0,0,1,0
64151,-1,0,-0.33671945,0.41660655,0,1,unassigned,3.0,3.0,0.0,1.0,0.0,0.0,0.001934236,0.0,0,0,0,0,0
64152,-1,1,-0.14983332,0.4626116,0,1,unassigned,5.0,5.0,0.0,1.0,0.0,0.0,0.0058027077,0.0,1,0,0,0,0
64153,-1,0,5.5580173,0.9961584,1,1,unassigned,2.0,2.0,0.0,1.0,0.0,0.0,0.0,0.0,0,0,0,1,1
64154,-1,0,-0.60097283,0.35412115,0,1,unassigned,14.0,13.0,1.0,0.9285714,0.071428575,0.0714286,0.023210831,0.0016579166,0,0,0,0,0
64155,-1,0,-0.446562,0.39017847,0,1,unassigned,3.0,3.0,0.0,1.0,0.0,0.0,0.001934236,0.0,0,0,0,0,0
64156,-1,1,0.017909944,0.5044774,1,1,unassigned,6.0,4.0,2.0,0.6666667,0.33333334,0.3333333,0.007736944,0.0025789815,1,0,0,1,0
64157,-1,0,5.9436727,0.9973845,1,1,unassigned,7.0,7.0,0.0,1.0,0.0,0.0,0.00967118,0.0,0,0,0,1,1
64158,-1,0,-0.91823417,0.28531784,0,1,unassigned,25.0,25.0,0.0,1.0,0.0,0.0,0.044487428,0.0,0,0,0,0,0
64159,-1,0,0.41140723,0.6014253,1,1,unassigned,2.0,2.0,0.0,1.0,0.0,0.0,0.0,0.0,0,0,0,1,0
64160,-1,0,-0.27253097,0.43228585,0,1,unassigned,15.0,15.0,0.0,1.0,0.0,0.0,0.025145067,0.0,0,0,0,0,0
64161,-1,1,2.41483,0.9179512,1,1,unassigned,42.0,40.0,2.0,0.95238096,0.04761905,0.047619045,0.07736944,0.003684259,1,0,0,1,1
64162,-1,0,0.35933918,0.5888805,1,1,unassigned,4.0,4.0,0.0,1.0,0.0,0.0,0.003868472,0.0,0,0,0,1,0
64163,-1,1,0.21396315,0.5532877,1,1,unassigned,4.0,4.0,0.0,1.0,0.0,0.0,0.003868472,0.0,1,0,0,1,0
64164,-1,1,0.22088236,0.55499715,1,1,unassigned,5.0,5.0,0.0,1.0,0.0,0.0,0.0058027077,0.0,1,0,0,1,0
64165,-1,1,3.8253515,0.9786548,1,1,unassigned,5.0,5.0,0.0,1.0,0.0,0.0,0.0058027077,0.0,1,0,0,1,1
64166,-1,0,-0.44539797,0.3904555,0,1,unassigned,2.0,2.0,0.0,1.0,0.0,0.0,0.0,0.0,0,0,0,0,0
64167,-1,1,-0.8742059,0.29437992,0,1,unassigned,3.0,3.0,0.0,1.0,0.0,0.0,0.001934236,0.0,1,0,0,0,0
64168,1,0,-0.26887184,0.4331841,0,1,unassigned,19.0,19.0,0.0,1.0,0.0,0.0,0.032882012,0.0,0,0,0,0,0
64169,-1,0,-0.43956077,0.39184564,0,1,unassigned,20.0,20.0,0.0,1.0,0.0,0.0,0.034816246,0.0,0,0,0,0,0
64170,-1,0,-0.4451111,0.39052376,0,1,unassigned,39.0,38.0,1.0,0.974359,0.025641026,0.025641024,0.07156673,0.0018350444,0,0,0,0,0
64171,-1,1,-0.4500844,0.3893407,0,1,unassigned,2.0,2.0,0.0,1.0,0.0,0.0,0.0,0.0,1,0,0,0,0
64172,-1,1,2.7257006,0.9385263,1,1,unassigned,2.0,2.0,0.0,1.0,0.0,0.0,0.0,0.0,1,0,0,1,1
64173,-1,0,-0.17965478,0.45520672,0,1,unassigned,30.0,30.0,0.0,1.0,0.0,0.0,0.054158606,0.0,0,0,0,0,0
64174,-1,0,0.9004825,0.71104866,1,1,unassigned,4.0,3.0,1.0,0.75,0.25,0.25,0.003868472,0.000967118,0,0,0,1,0
64175,-1,0,0.12665159,0.5316206,1,1,unassigned,3.0,3.0,0.0,1.0,0.0,0.0,0.001934236,0.0,0,0,0,1,0
64176,-1,0,3.7853715,0.97780347,1,1,unassigned,3.0,3.0,0.0,1.0,0.0,0.0,0.001934236,0.0,0,0,0,1,1
64177,0,0,1.4385016,0.80822253,1,1,unassigned,3.0,3.0,0.0,1.0,0.0,0.0,0.001934236,0.0,0,0,0,1,0
64178,-1,0,-0.36788467,0.40905225,0,1,unassigned,3.0,3.0,0.0,1.0,0.0,0.0,0.001934236,0.0,0,0,0,0,0
64179,-1,0,-0.3385917,0.4161516,0,1,unassigned,31.0,31.0,0.0,1.0,0.0,0.0,0.056092843,0.0,0,0,0,0,0
64180,-1,1,3.3678877,0.9666858,1,1,unassigned,4.0,4.0,0.0,1.0,0.0,0.0,0.003868472,0.0,1,0,0,1,1
64181,-1,1,-0.28412077,0.42944384,0,1,unassigned,2.0,2.0,0.0,1.0,0.0,0.0,0.0,0.0,1,0,0,0,0
64182,-1,1,1.7016199,0.84574616,1,1,unassigned,3.0,2.0,1.0,0.6666667,0.33333334,0.3333333,0.001934236,0.00064474536,1,0,0,1,0
64183,-1,0,5.627922,0.9964168,1,1,unassigned,3.0,3.0,0.0,1.0,0.0,0.0,0.001934236,0.0,0,0,0,1,1
64184,-1,1,-0.15440813,0.4614745,0,1,unassigned,7.0,7.0,0.0,1.0,0.0,0.0,0.00967118,0.0,1,0,0,0,0
64185,-1,1,1.2078879,0.769925,1,1,unassigned,32.0,28.0,4.0,0.875,0.125,0.125,0.058027077,0.0072533847,1,0,0,1,0
64186,-1,1,0.4010769,0.5989464,1,1,unassigned,4.0,4.0,0.0,1.0,0.0,0.0,0.003868472,0.0,1,0,0,1,0
64187,1,1,-0.6541456,0.34205592,0,1,val,47.0,46.0,1.0,0.9787234,0.021276595,0.021276593,0.08704062,0.001851928,1,0,0,0,0
64188,-1,1,0.6151133,0.6491064,1,1,unassigned,15.0,15.0,0.0,1.0,0.0,0.0,0.025145067,0.0,1,0,0,1,0
64189,-1,0,0.7056518,0.6694397,1,1,unassigned,5.0,5.0,0.0,1.0,0.0,0.0,0.0058027077,0.0,0,0,0,1,0
64190,-1,1,-0.33664632,0.41662434,0,1,unassigned,3.0,2.0,1.0,0.6666667,0.33333334,0.3333333,0.001934236,0.00064474536,1,0,0,0,0
64191,-1,0,-0.64034355,0.3451689,0,1,unassigned,4.0,4.0,0.0,1.0,0.0,0.0,0.003868472,0.0,0,0,0,0,0
64192,-1,0,3.2850947,0.96391386,1,1,unassigned,2.0,2.0,0.0,1.0,0.0,0.0,0.0,0.0,0,0,0,1,1
64193,-1,1,-0.45921415,0.38717225,0,1,unassigned,66.0,63.0,3.0,0.95454544,0.045454547,0.04545456,0.123791106,0.0056268685,1,0,0,0,0
64194,-1,0,1.708648,0.84666085,1,1,unassigned,16.0,16.0,0.0,1.0,0.0,0.0,0.027079303,0.0,0,0,0,1,0
64195,-1,1,-0.86083114,0.29716572,0,1,unassigned,63.0,62.0,1.0,0.984127,0.015873017,0.015873015,0.11798839,0.0018728317,1,0,0,0,0
64196,-1,0,4.3178678,0.986847,1,1,unassigned,17.0,15.0,2.0,0.88235295,0.11764706,0.11764705,0.029013539,0.0034133575,0,0,0,1,1
64197,-1,1,2.4910374,0.92351115,1,1,unassigned,2.0,1.0,1.0,0.5,0.5,0.5,0.0,0.0,1,0,0,1,1
64198,-1,0,-0.75550294,0.3196234,0,1,unassigned,2.0,2.0,0.0,1.0,0.0,0.0,0.0,0.0,0,0,0,0,0
64199,-1,1,9.363548,0.99991417,1,1,unassigned,7.0,7.0,0.0,1.0,0.0,0.0,0.00967118,0.0,1,0,0,1,1
64200,0,1,-0.30890134,0.42338294,0,0,val,85.0,80.0,5.0,0.9411765,0.05882353,0.058823526,0.16054158,0.009443622,1,0,1,0,0
64201,-1,0,1.2081132,0.76996493,1,1,unassigned,4.0,1.0,3.0,0.25,0.75,0.75,0.003868472,0.002901354,0,0,0,1,0
64202,-1,1,4.9979477,0.9932935,1,1,unassigned,8.0,8.0,0.0,1.0,0.0,0.0,0.0116054155,0.0,1,0,0,1,1
64203,-1,1,10.057909,0.9999572,1,1,unassigned,5.0,3.0,2.0,0.6,0.4,0.39999998,0.0058027077,0.002321083,1,0,0,1,1
64204,-1,0,2.6753225,0.9355547,1,1,unassigned,3.0,3.0,0.0,1.0,0.0,0.0,0.001934236,0.0,0,0,0,1,1
64205,-1,1,-0.24241483,0.43969133,0,1,unassigned,67.0,65.0,2.0,0.9701493,0.029850746,0.029850721,0.12572534,0.0037529953,1,0,0,0,0
64206,1,1,0.07268131,0.51816237,1,0,unassigned,23.0,22.0,1.0,0.95652175,0.04347826,0.04347825,0.040618956,0.0017660416,1,0,1,1,0
64207,-1,1,-0.2473917,0.4384656,0,1,unassigned,50.0,46.0,4.0,0.92,0.08,0.07999998,0.092843324,0.0074274656,1,0,0,0,0
64208,-1,1,-0.3254466,0.41934896,0,1,unassigned,44.0,40.0,4.0,0.90909094,0.09090909,0.090909064,0.08123791,0.007385265,1,0,0,0,0
64209,-1,1,-0.3225171,0.42006242,0,1,unassigned,50.0,48.0,2.0,0.96,0.04,0.04000002,0.092843324,0.0037137328,1,0,0,0,0
64210,-1,1,0.07270104,0.51816726,1,1,unassigned,29.0,29.0,0.0,1.0,0.0,0.0,0.05222437,0.0,1,0,0,1,0
64211,-1,1,0.08607,0.5215042,1,1,unassigned,50.0,49.0,1.0,0.98,0.02,0.01999998,0.092843324,0.0018568664,1,0,0,1,0
64212,-1,1,-0.2040376,0.44916686,0,1,unassigned,18.0,18.0,0.0,1.0,0.0,0.0,0.030947777,0.0,1,0,0,0,0
64213,-1,1,-0.4599658,0.38699394,0,1,unassigned,75.0,72.0,3.0,0.96,0.04,0.04000002,0.14119923,0.005647969,1,0,0,0,0
64214,-1,0,0.9681006,0.72474074,1,1,unassigned,8.0,8.0,0.0,1.0,0.0,0.0,0.0116054155,0.0,0,0,0,1,0
64215,-1,1,0.1700136,0.5424013,1,1,unassigned,52.0,52.0,0.0,1.0,0.0,0.0,0.0967118,0.0,1,0,0,1,0
64216,1,0,6.4505134,0.99842274,1,0,train,6.0,6.0,0.0,1.0,0.0,0.0,0.007736944,0.0,0,0,1,1,1
64217,-1,1,-0.54582256,0.36683416,0,1,unassigned,36.0,32.0,4.0,0.8888889,0.11111111,0.111111104,0.065764025,0.007307114,1,0,0,0,0
64218,1,1,-0.7720202,0.31604224,0,1,unassigned,7.0,6.0,1.0,0.85714287,0.14285715,0.14285713,0.00967118,0.0013815971,1,0,0,0,0
64219,-1,1,-0.9744019,0.27400398,0,1,unassigned,21.0,21.0,0.0,1.0,0.0,0.0,0.036750484,0.0,1,0,0,0,0
64220,0,0,0.1630575,0.54067427,1,1,unassigned,10.0,10.0,0.0,1.0,0.0,0.0,0.015473888,0.0,0,0,0,1,0
64221,-1,0,0.96163756,0.7234495,1,1,unassigned,2.0,2.0,0.0,1.0,0.0,0.0,0.0,0.0,0,0,0,1,0
64222,-1,0,-0.9327836,0.28236032,0,1,unassigned,4.0,4.0,0.0,1.0,0.0,0.0,0.003868472,0.0,0,0,0,0,0
64223,-1,0,-0.5575487,0.36411485,0,1,unassigned,9.0,9.0,0.0,1.0,0.0,0.0,0.013539651,0.0,0,0,0,0,0
64224,-1,1,-0.7659954,0.31734604,0,1,unassigned,10.0,10.0,0.0,1.0,0.0,0.0,0.015473888,0.0,1,0,0,0,0
64225,-1,0,-0.1946699,0.4514856,0,1,unassigned,50.0,50.0,0.0,1.0,0.0,0.0,0.092843324,0.0,0,0,0,0,0
64226,-1,0,-0.2975592,0.42615426,0,1,unassigned,20.0,20.0,0.0,1.0,0.0,0.0,0.034816246,0.0,0,0,0,0,0
64227,-1,1,-0.2691855,0.43310705,0,1,unassigned,15.0,15.0,0.0,1.0,0.0,0.0,0.025145067,0.0,1,0,0,0,0
64228,-1,0,-0.4172659,0.39717117,0,1,unassigned,2.0,2.0,0.0,1.0,0.0,0.0,0.0,0.0,0,0,0,0,0
64229,-1,0,0.8987556,0.7106937,1,1,unassigned,7.0,7.0,0.0,1.0,0.0,0.0,0.00967118,0.0,0,0,0,1,0
64230,-1,1,0.83022815,0.69640315,1,1,unassigned,4.0,4.0,0.0,1.0,0.0,0.0,0.003868472,0.0,1,0,0,1,0
64231,1,0,0.93636924,0.71836567,1,0,unassigned,3.0,3.0,0.0,1.0,0.0,0.0,0.001934236,0.0,0,0,1,1,0
64232,1,1,0.0971449,0.52426714,1,0,val,10.0,10.0,0.0,1.0,0.0,0.0,0.015473888,0.0,1,0,1,1,0
64233,-1,0,2.3332026,0.9115898,1,1,unassigned,3.0,2.0,1.0,0.6666667,0.33333334,0.3333333,0.001934236,0.00064474536,0,0,0,1,1
64234,-1,0,0.37339622,0.5922794,1,1,unassigned,6.0,6.0,0.0,1.0,0.0,0.0,0.007736944,0.0,0,0,0,1,0
64235,-1,0,-0.7909654,0.31196144,0,1,unassigned,23.0,22.0,1.0,0.95652175,0.04347826,0.04347825,0.040618956,0.0017660416,0,0,0,0,0
64236,-1,0,7.8209386,0.9995989,1,1,unassigned,20.0,16.0,4.0,0.8,0.2,0.19999999,0.034816246,0.0069632493,0,0,0,1,1
64237,-1,1,-0.39728934,0.4019638,0,1,unassigned,3.0,3.0,0.0,1.0,0.0,0.0,0.001934236,0.0,1,0,0,0,0
64238,1,1,0.24954945,0.5620656,1,0,test,2.0,2.0,0.0,1.0,0.0,0.0,0.0,0.0,1,0,1,1,0
64239,-1,1,0.045463085,0.5113638,1,1,unassigned,12.0,12.0,0.0,1.0,0.0,0.0,0.01934236,0.0,1,0,0,1,0
64240,-1,1,2.2958477,0.9085325,1,1,unassigned,4.0,3.0,1.0,0.75,0.25,0.25,0.003868472,0.000967118,1,0,0,1,1
64241,0,0,-0.01841265,0.49539694,0,0,test,5.0,5.0,0.0,1.0,0.0,0.0,0.0058027077,0.0,0,0,1,0,0
64242,-1,0,0.7032619,0.66891056,1,1,unassigned,4.0,2.0,2.0,0.5,0.5,0.5,0.003868472,0.001934236,0,0,0,1,0
64243,-1,0,4.8361144,0.99212474,1,1,unassigned,5.0,5.0,0.0,1.0,0.0,0.0,0.0058027077,0.0,0,0,0,1,1
64244,-1,1,-0.13004571,0.4675343,0,1,unassigned,19.0,19.0,0.0,1.0,0.0,0.0,0.032882012,0.0,1,0,0,0,0
64245,-1,0,3.6520894,0.97471887,1,1,unassigned,13.0,12.0,1.0,0.9230769,0.07692308,0.07692307,0.021276595,0.0016366612,0,0,0,1,1
64246,-1,1,-0.18927008,0.45282322,0,1,unassigned,31.0,31.0,0.0,1.0,0.0,0.0,0.056092843,0.0,1,0,0,0,0
64247,-1,1,-0.16670084,0.45842102,0,1,unassigned,16.0,16.0,0.0,1.0,0.0,0.0,0.027079303,0.0,1,0,0,0,0
64248,1,1,1.0088654,0.73279804,1,0,unassigned,10.0,9.0,1.0,0.9,0.1,0.100000024,0.015473888,0.0015473888,1,0,1,1,0
64249,-1,1,3.1757197,0.9599103,1,1,unassigned,17.0,17.0,0.0,1.0,0.0,0.0,0.029013539,0.0,1,0,0,1,1
64250,-1,1,2.9479764,0.9501677,1,1,unassigned,3.0,3.0,0.0,1.0,0.0,0.0,0.001934236,0.0,1,0,0,1,1
64251,-1,1,2.8842952,0.94706464,1,1,unassigned,29.0,29.0,0.0,1.0,0.0,0.0,0.05222437,0.0,1,0,0,1,1
64252,1,1,4.4665656,0.98864377,1,0,test,13.0,11.0,2.0,0.84615386,0.15384616,0.15384614,0.021276595,0.0032733225,1,0,1,1,1
64253,-1,1,1.4316618,0.80716014,1,1,unassigned,5.0,5.0,0.0,1.0,0.0,0.0,0.0058027077,0.0,1,0,0,1,0
64254,-1,1,0.09635872,0.52407104,1,1,unassigned,25.0,24.0,1.0,0.96,0.04,0.04000002,0.044487428,0.001779497,1,0,0,1,0
64255,-1,0,7.5130115,0.9994543,1,1,unassigned,5.0,5.0,0.0,1.0,0.0,0.0,0.0058027077,0.0,0,0,0,1,1
64256,-1,1,6.255287,0.9980835,1,1,unassigned,2.0,2.0,0.0,1.0,0.0,0.0,0.0,0.0,1,0,0,1,1
64257,-1,1,-0.19450018,0.45152768,0,1,unassigned,8.0,8.0,0.0,1.0,0.0,0.0,0.0116054155,0.0,1,0,0,0,0
64258,-1,0,1.3698604,0.7973576,1,1,unassigned,2.0,1.0,1.0,0.5,0.5,0.5,0.0,0.0,0,0,0,1,0
64259,-1,0,-0.051887333,0.4870311,0,1,unassigned,3.0,3.0,0.0,1.0,0.0,0.0,0.001934236,0.0,0,0,0,0,0
64260,0,1,-0.9146869,0.2860417,0,0,train,26.0,23.0,3.0,0.88461536,0.115384616,0.11538464,0.046421662,0.005356346,1,0,1,0,0
64261,-1,0,0.032357633,0.5080887,1,1,unassigned,2.0,1.0,1.0,0.5,0.5,0.5,0.0,0.0,0,0,0,1,0
64262,-1,1,-0.1360515,0.46603948,0,1,unassigned,24.0,24.0,0.0,1.0,0.0,0.0,0.04255319,0.0,1,0,0,0,0
64263,-1,0,4.044808,0.9827884,1,1,unassigned,12.0,7.0,5.0,0.5833333,0.41666666,0.4166667,0.01934236,0.008059316,0,0,0,1,1
64264,-1,0,-0.3373681,0.41644895,0,1,unassigned,18.0,18.0,0.0,1.0,0.0,0.0,0.030947777,0.0,0,0,0,0,0
64265,-1,1,-0.8724094,0.2947532,0,1,unassigned,2.0,2.0,0.0,1.0,0.0,0.0,0.0,0.0,1,0,0,0,0
64266,-1,1,0.31630003,0.57842225,1,1,unassigned,18.0,18.0,0.0,1.0,0.0,0.0,0.030947777,0.0,1,0,0,1,0
64267,-1,1,3.1059337,0.95713687,1,1,unassigned,15.0,15.0,0.0,1.0,0.0,0.0,0.025145067,0.0,1,0,0,1,1
64268,-1,1,-0.38857263,0.40406096,0,1,unassigned,4.0,4.0,0.0,1.0,0.0,0.0,0.003868472,0.0,1,0,0,0,0
64269,1,0,0.62209255,0.6506943,1,0,test,3.0,3.0,0.0,1.0,0.0,0.0,0.001934236,0.0,0,0,1,1,0
64270,-1,1,-0.4992871,0.37770823,0,1,unassigned,6.0,4.0,2.0,0.6666667,0.33333334,0.3333333,0.007736944,0.0025789815,1,0,0,0,0
64271,-1,1,0.22254401,0.5554075,1,1,unassigned,4.0,4.0,0.0,1.0,0.0,0.0,0.003868472,0.0,1,0,0,1,0
64272,0,0,-0.86940974,0.29537714,0,0,val,5.0,5.0,0.0,1.0,0.0,0.0,0.0058027077,0.0,0,0,1,0,0
64273,-1,0,-0.9114864,0.28669578,0,1,unassigned,2.0,2.0,0.0,1.0,0.0,0.0,0.0,0.0,0,0,0,0,0
64274,-1,0,0.7565542,0.6806051,1,1,unassigned,2.0,2.0,0.0,1.0,0.0,0.0,0.0,0.0,0,0,0,1,0
64275,-1,0,6.4141526,0.9983645,1,1,unassigned,9.0,9.0,0.0,1.0,0.0,0.0,0.013539651,0.0,0,0,0,1,1
64276,-1,0,5.0023665,0.9933229,1,1,unassigned,9.0,8.0,1.0,0.8888889,0.11111111,0.111111104,0.013539651,0.0015044058,0,0,0,1,1
64277,-1,1,0.20159811,0.55022955,1,1,unassigned,12.0,9.0,3.0,0.75,0.25,0.25,0.01934236,0.00483559,1,0,0,1,0
64278,-1,0,-0.595616,0.35534734,0,1,unassigned,8.0,8.0,0.0,1.0,0.0,0.0,0.0116054155,0.0,0,0,0,0,0
64279,-1,1,0.5026569,0.6230835,1,1,unassigned,4.0,3.0,1.0,0.75,0.25,0.25,0.003868472,0.000967118,1,0,0,1,0
64280,1,1,-0.34004754,0.41579792,0,1,test,15.0,14.0,1.0,0.93333334,0.06666667,0.06666666,0.025145067,0.0016763379,1,0,0,0,0
64281,-1,0,1.9061849,0.87059,1,1,unassigned,3.0,3.0,0.0,1.0,0.0,0.0,0.001934236,0.0,0,0,0,1,0
64282,-1,1,3.5938885,0.9732443,1,1,unassigned,4.0,4.0,0.0,1.0,0.0,0.0,0.003868472,0.0,1,0,0,1,1
64283,-1,0,-0.36646587,0.40939525,0,1,unassigned,18.0,18.0,0.0,1.0,0.0,0.0,0.030947777,0.0,0,0,0,0,0
64284,-1,0,-0.5271245,0.37118778,0,1,unassigned,3.0,3.0,0.0,1.0,0.0,0.0,0.001934236,0.0,0,0,0,0,0
64285,-1,0,1.3617215,0.7960394,1,1,unassigned,2.0,2.0,0.0,1.0,0.0,0.0,0.0,0.0,0,0,0,1,0
64286,-1,1,-0.38284945,0.4054398,0,1,unassigned,3.0,3.0,0.0,1.0,0.0,0.0,0.001934236,0.0,1,0,0,0,0
64287,-1,1,1.4901731,0.81610423,1,1,unassigned,9.0,9.0,0.0,1.0,0.0,0.0,0.013539651,0.0,1,0,0,1,0
64288,0,0,-1.0925045,0.25114697,0,0,val,2.0,2.0,0.0,1.0,0.0,0.0,0.0,0.0,0,0,1,0,0
64289,-1,0,7.6101785,0.9995048,1,1,unassigned,38.0,32.0,6.0,0.84210527,0.15789473,0.15789473,0.06963249,0.010994604,0,0,0,1,1
64290,1,1,5.736223,0.9967835,1,0,test,2.0,2.0,0.0,1.0,0.0,0.0,0.0,0.0,1,0,1,1,1
64291,-1,0,-0.5475988,0.3664217,0,1,unassigned,4.0,4.0,0.0,1.0,0.0,0.0,0.003868472,0.0,0,0,0,0,0
64292,-1,0,-0.22924784,0.44293773,0,1,unassigned,24.0,24.0,0.0,1.0,0.0,0.0,0.04255319,0.0,0,0,0,0,0
64293,-1,0,8.812018,0.9998511,1,1,unassigned,6.0,6.0,0.0,1.0,0.0,0.0,0.007736944,0.0,0,0,0,1,1
64294,0,1,0.7510677,0.6794113,1,1,test,17.0,16.0,1.0,0.9411765,0.05882353,0.058823526,0.029013539,0.0017066788,1,0,0,1,0
64295,0,1,-0.5106971,0.37503013,0,0,val,21.0,21.0,0.0,1.0,0.0,0.0,0.036750484,0.0,1,0,1,0,0
64296,-1,0,1.2455144,0.77652246,1,1,unassigned,2.0,2.0,0.0,1.0,0.0,0.0,0.0,0.0,0,0,0,1,0
64297,-1,0,6.5198455,0.99852824,1,1,unassigned,7.0,7.0,0.0,1.0,0.0,0.0,0.00967118,0.0,0,0,0,1,1
64298,1,0,2.6908443,0.9364842,1,0,unassigned,3.0,3.0,0.0,1.0,0.0,0.0,0.001934236,0.0,0,0,1,1,1
64299,-1,1,0.6380003,0.6543013,1,1,unassigned,5.0,5.0,0.0,1.0,0.0,0.0,0.0058027077,0.0,1,0,0,1,0
64300,-1,0,1.952471,0.87571585,1,1,unassigned,3.0,3.0,0.0,1.0,0.0,0.0,0.001934236,0.0,0,0,0,1,0
64301,-1,1,4.3748736,0.9875668,1,1,unassigned,22.0,20.0,2.0,0.90909094,0.09090909,0.090909064,0.03868472,0.0035167928,1,0,0,1,1
64302,-1,1,4.62114,0.99025434,1,1,unassigned,8.0,8.0,0.0,1.0,0.0,0.0,0.0116054155,0.0,1,0,0,1,1
64303,-1,0,4.5901074,0.9899503,1,1,unassigned,14.0,12.0,2.0,0.85714287,0.14285715,0.14285713,0.023210831,0.0033158332,0,0,0,1,1
64304,1,1,7.0399675,0.9991246,1,0,unassigned,62.0,11.0,51.0,0.17741935,0.82258064,0.82258064,0.116054155,0.0954639,1,1,1,1,1
64305,-1,0,3.6545508,0.9747795,1,1,unassigned,21.0,20.0,1.0,0.95238096,0.04761905,0.047619045,0.036750484,0.0017500231,0,0,0,1,1
64306,-1,1,6.0476336,0.9976421,1,1,unassigned,23.0,22.0,1.0,0.95652175,0.04347826,0.04347825,0.040618956,0.0017660416,1,0,0,1,1
64307,-1,0,-0.68980795,0.33407578,0,1,unassigned,4.0,4.0,0.0,1.0,0.0,0.0,0.003868472,0.0,0,0,0,0,0
64308,-1,1,2.7166266,0.9380006,1,1,unassigned,5.0,3.0,2.0,0.6,0.4,0.39999998,0.0058027077,0.002321083,1,0,0,1,1
64309,-1,0,-0.2734463,0.43206123,0,1,unassigned,15.0,14.0,1.0,0.93333334,0.06666667,0.06666666,0.025145067,0.0016763379,0,0,0,0,0
64310,-1,0,-0.50525963,0.37630543,0,1,unassigned,21.0,21.0,0.0,1.0,0.0,0.0,0.036750484,0.0,0,0,0,0,0
64311,-1,0,3.773484,0.977544,1,1,unassigned,19.0,17.0,2.0,0.8947368,0.10526316,0.10526317,0.032882012,0.0034612645,0,0,0,1,1
64312,-1,1,5.0734406,0.9937781,1,1,unassigned,4.0,4.0,0.0,1.0,0.0,0.0,0.003868472,0.0,1,0,0,1,1
64313,-1,0,-0.5446345,0.36711016,0,1,unassigned,4.0,4.0,0.0,1.0,0.0,0.0,0.003868472,0.0,0,0,0,0,0
64314,0,0,-0.9069626,0.2876218,0,0,unassigned,7.0,7.0,0.0,1.0,0.0,0.0,0.00967118,0.0,0,0,1,0,0
64315,0,1,0.79008037,0.68784857,1,1,val,6.0,5.0,1.0,0.8333333,0.16666667,0.16666669,0.007736944,0.0012894907,1,0,0,1,0
64316,-1,0,-0.09376827,0.47657508,0,1,unassigned,5.0,5.0,0.0,1.0,0.0,0.0,0.0058027077,0.0,0,0,0,0,0
64317,-1,0,0.77369696,0.6843201,1,1,unassigned,2.0,1.0,1.0,0.5,0.5,0.5,0.0,0.0,0,0,0,1,0
64318,-1,1,6.7850127,0.9988707,1,1,unassigned,5.0,5.0,0.0,1.0,0.0,0.0,0.0058027077,0.0,1,0,0,1,1
64319,-1,0,-0.15460432,0.46142578,0,1,unassigned,17.0,11.0,6.0,0.64705884,0.3529412,0.35294116,0.029013539,0.010240072,0,0,0,0,0
64320,-1,0,1.8406713,0.8630281,1,1,unassigned,6.0,4.0,2.0,0.6666667,0.33333334,0.3333333,0.007736944,0.0025789815,0,0,0,1,0
64321,-1,0,7.7745156,0.99957985,1,1,unassigned,33.0,30.0,3.0,0.90909094,0.09090909,0.090909064,0.059961315,0.0054510287,0,0,0,1,1
64322,1,0,-0.2157532,0.44626996,0,1,unassigned,36.0,35.0,1.0,0.9722222,0.027777778,0.027777791,0.065764025,0.0018267785,0,0,0,0,0
64323,-1,1,2.4344213,0.91941476,1,1,unassigned,13.0,13.0,0.0,1.0,0.0,0.0,0.021276595,0.0,1,0,0,1,1
64324,-1,0,7.0189013,0.999106,1,1,unassigned,5.0,5.0,0.0,1.0,0.0,0.0,0.0058027077,0.0,0,0,0,1,1
64325,-1,1,2.088133,0.8897444,1,1,unassigned,4.0,2.0,2.0,0.5,0.5,0.5,0.003868472,0.001934236,1,0,0,1,0
64326,-1,0,3.1801195,0.96007925,1,1,unassigned,8.0,8.0,0.0,1.0,0.0,0.0,0.0116054155,0.0,0,0,0,1,1
64327,-1,1,0.5241285,0.6281127,1,1,unassigned,12.0,12.0,0.0,1.0,0.0,0.0,0.01934236,0.0,1,0,0,1,0
64328,-1,0,1.9608438,0.8766243,1,1,unassigned,6.0,6.0,0.0,1.0,0.0,0.0,0.007736944,0.0,0,0,0,1,0
64329,-1,0,3.709718,0.97610074,1,1,unassigned,6.0,3.0,3.0,0.5,0.5,0.5,0.007736944,0.003868472,0,0,0,1,1
64330,-1,1,1.5033944,0.8180802,1,1,unassigned,21.0,21.0,0.0,1.0,0.0,0.0,0.036750484,0.0,1,0,0,1,0
64331,-1,1,0.892423,0.7093899,1,1,unassigned,19.0,17.0,2.0,0.8947368,0.10526316,0.10526317,0.032882012,0.0034612645,1,0,0,1,0
64332,-1,0,-0.2910848,0.4277383,0,1,unassigned,9.0,8.0,1.0,0.8888889,0.11111111,0.111111104,0.013539651,0.0015044058,0,0,0,0,0
64333,-1,0,7.1352735,0.9992041,1,1,unassigned,4.0,4.0,0.0,1.0,0.0,0.0,0.003868472,0.0,0,0,0,1,1
64334,-1,0,5.962258,0.99743253,1,1,unassigned,2.0,2.0,0.0,1.0,0.0,0.0,0.0,0.0,0,0,0,1,1
64335,-1,0,5.483607,0.99586284,1,1,unassigned,6.0,6.0,0.0,1.0,0.0,0.0,0.007736944,0.0,0,0,0,1,1
64336,-1,0,2.0861027,0.88954514,1,1,unassigned,11.0,11.0,0.0,1.0,0.0,0.0,0.017408123,0.0,0,0,0,1,0
64337,1,1,1.7598813,0.85319483,1,0,test,66.0,65.0,1.0,0.9848485,0.015151516,0.015151501,0.123791106,0.0018756229,1,0,1,1,0
64338,-1,1,7.347705,0.9993563,1,1,unassigned,12.0,12.0,0.0,1.0,0.0,0.0,0.01934236,0.0,1,0,0,1,1
64339,-1,1,3.3418376,0.9658365,1,1,unassigned,16.0,16.0,0.0,1.0,0.0,0.0,0.027079303,0.0,1,0,0,1,1
64340,-1,1,0.9710639,0.7253315,1,1,unassigned,9.0,9.0,0.0,1.0,0.0,0.0,0.013539651,0.0,1,0,0,1,0
64341,-1,1,0.2385233,0.5593497,1,1,unassigned,9.0,8.0,1.0,0.8888889,0.11111111,0.111111104,0.013539651,0.0015044058,1,0,0,1,0
64342,-1,1,-0.5574508,0.3641375,0,1,unassigned,6.0,5.0,1.0,0.8333333,0.16666667,0.16666669,0.007736944,0.0012894907,1,0,0,0,0
64343,-1,1,3.8021939,0.9781657,1,1,unassigned,35.0,34.0,1.0,0.9714286,0.028571429,0.028571427,0.06382979,0.0018237082,1,0,0,1,1
64344,-1,1,-0.24513501,0.4390213,0,1,unassigned,12.0,12.0,0.0,1.0,0.0,0.0,0.01934236,0.0,1,0,0,0,0
64345,-1,0,-0.5527349,0.3652301,0,1,unassigned,2.0,1.0,1.0,0.5,0.5,0.5,0.0,0.0,0,0,0,0,0
64346,-1,0,0.41252798,0.60169387,1,1,unassigned,2.0,2.0,0.0,1.0,0.0,0.0,0.0,0.0,0,0,0,1,0
64347,-1,1,-0.54841554,0.3662321,0,1,unassigned,29.0,28.0,1.0,0.9655172,0.03448276,0.034482777,0.05222437,0.0018008404,1,0,0,0,0
64348,-1,1,1.398808,0.8019947,1,1,unassigned,9.0,9.0,0.0,1.0,0.0,0.0,0.013539651,0.0,1,0,0,1,0
64349,-1,0,4.128879,0.9841542,1,1,unassigned,3.0,3.0,0.0,1.0,0.0,0.0,0.001934236,0.0,0,0,0,1,1
64350,-1,1,0.8350001,0.6974111,1,1,unassigned,12.0,12.0,0.0,1.0,0.0,0.0,0.01934236,0.0,1,0,0,1,0
64351,-1,0,0.55110615,0.63439214,1,1,unassigned,4.0,4.0,0.0,1.0,0.0,0.0,0.003868472,0.0,0,0,0,1,0
64352,-1,1,3.1683962,0.9596275,1,1,unassigned,24.0,24.0,0.0,1.0,0.0,0.0,0.04255319,0.0,1,0,0,1,1
64353,-1,1,0.21941262,0.5546341,1,1,unassigned,6.0,6.0,0.0,1.0,0.0,0.0,0.007736944,0.0,1,0,0,1,0
64354,-1,1,0.23398215,0.55823016,1,1,unassigned,3.0,3.0,0.0,1.0,0.0,0.0,0.001934236,0.0,1,0,0,1,0
64355,-1,1,0.7822769,0.68617064,1,1,unassigned,6.0,6.0,0.0,1.0,0.0,0.0,0.007736944,0.0,1,0,0,1,0
64356,0,1,-0.00040715933,0.49989823,0,0,val,21.0,21.0,0.0,1.0,0.0,0.0,0.036750484,0.0,1,0,1,0,0
64357,-1,1,3.5870125,0.9730647,1,1,unassigned,16.0,16.0,0.0,1.0,0.0,0.0,0.027079303,0.0,1,0,0,1,1
64358,-1,0,0.052845657,0.5132083,1,1,unassigned,2.0,2.0,0.0,1.0,0.0,0.0,0.0,0.0,0,0,0,1,0
64359,-1,0,4.3678555,0.98748034,1,1,unassigned,22.0,18.0,4.0,0.8181818,0.18181819,0.18181819,0.03868472,0.0070335856,0,0,0,1,1
64360,-1,1,0.14634174,0.53652024,1,1,unassigned,3.0,3.0,0.0,1.0,0.0,0.0,0.001934236,0.0,1,0,0,1,0
64361,-1,0,2.190684,0.8994098,1,1,unassigned,11.0,6.0,5.0,0.54545456,0.45454547,0.45454544,0.017408123,0.007912784,0,0,0,1,0
64362,-1,1,-0.1936265,0.45174402,0,1,unassigned,17.0,17.0,0.0,1.0,0.0,0.0,0.029013539,0.0,1,0,0,0,0
64363,-1,0,-0.99256134,0.27040645,0,1,unassigned,2.0,2.0,0.0,1.0,0.0,0.0,0.0,0.0,0,0,0,0,0
64364,-1,1,2.945182,0.9500353,1,1,unassigned,22.0,21.0,1.0,0.95454544,0.045454547,0.04545456,0.03868472,0.0017583964,1,0,0,1,1
64365,-1,1,0.13328183,0.5332712,1,1,unassigned,5.0,5.0,0.0,1.0,0.0,0.0,0.0058027077,0.0,1,0,0,1,0
64366,-1,1,-0.6034772,0.35354856,0,1,unassigned,25.0,25.0,0.0,1.0,0.0,0.0,0.044487428,0.0,1,0,0,0,0
64367,1,1,3.4723303,0.9698901,1,0,unassigned,18.0,16.0,2.0,0.8888889,0.11111111,0.111111104,0.030947777,0.0034386418,1,0,1,1,1
64368,-1,0,2.1757762,0.898053,1,1,unassigned,9.0,9.0,0.0,1.0,0.0,0.0,0.013539651,0.0,0,0,0,1,0
64369,1,0,-0.79032695,0.31209847,0,1,unassigned,2.0,2.0,0.0,1.0,0.0,0.0,0.0,0.0,0,0,0,0,0
64370,-1,0,-0.50071853,0.37737182,0,1,unassigned,36.0,36.0,0.0,1.0,0.0,0.0,0.065764025,0.0,0,0,0,0,0
64371,-1,0,-0.73752016,0.32354668,0,1,unassigned,11.0,10.0,1.0,0.90909094,0.09090909,0.090909064,0.017408123,0.0015825568,0,0,0,0,0
64372,-1,0,1.4171093,0.80488485,1,1,unassigned,5.0,1.0,4.0,0.2,0.8,0.8,0.0058027077,0.004642166,0,0,0,1,0
64373,-1,0,-0.87911606,0.29336098,0,1,unassigned,53.0,53.0,0.0,1.0,0.0,0.0,0.09864604,0.0,0,0,0,0,0
64374,1,1,9.292456,0.99990785,1,0,val,20.0,15.0,5.0,0.75,0.25,0.25,0.034816246,0.008704062,1,0,1,1,1
64375,-1,0,4.5997353,0.9900456,1,1,unassigned,3.0,3.0,0.0,1.0,0.0,0.0,0.001934236,0.0,0,0,0,1,1
64376,-1,0,4.156824,0.98458415,1,1,unassigned,26.0,24.0,2.0,0.9230769,0.07692308,0.07692307,0.046421662,0.0035708973,0,0,0,1,1
64377,-1,1,11.024015,0.99998367,1,1,unassigned,2.0,2.0,0.0,1.0,0.0,0.0,0.0,0.0,1,0,0,1,1
64378,-1,1,1.3231766,0.78970975,1,1,unassigned,37.0,28.0,9.0,0.7567568,0.24324325,0.24324322,0.06769826,0.016467145,1,0,0,1,0
64379,-1,1,1.1514058,0.75976765,1,1,unassigned,13.0,10.0,3.0,0.7692308,0.23076923,0.23076922,0.021276595,0.0049099834,1,0,0,1,0
64380,1,1,0.7854553,0.68685466,1,0,val,3.0,1.0,2.0,0.33333334,0.6666667,0.6666666,0.001934236,0.0012894907,1,0,1,1,0
64381,-1,1,1.5987122,0.8318383,1,1,unassigned,7.0,7.0,0.0,1.0,0.0,0.0,0.00967118,0.0,1,0,0,1,0
64382,-1,0,0.57955796,0.6409657,1,1,unassigned,2.0,2.0,0.0,1.0,0.0,0.0,0.0,0.0,0,0,0,1,0
64383,-1,0,-0.55543184,0.3646051,0,1,unassigned,8.0,8.0,0.0,1.0,0.0,0.0,0.0116054155,0.0,0,0,0,0,0
64384,1,1,1.198492,0.7682564,1,0,unassigned,37.0,28.0,9.0,0.7567568,0.24324325,0.24324322,0.06769826,0.016467145,1,0,1,1,0
64385,-1,1,1.687638,0.8439133,1,1,unassigned,43.0,38.0,5.0,0.88372093,0.11627907,0.116279066,0.079303674,0.009221357,1,0,0,1,0
64386,-1,0,3.6799343,0.9753959,1,1,unassigned,2.0,2.0,0.0,1.0,0.0,0.0,0.0,0.0,0,0,0,1,1
64387,-1,1,1.3531759,0.7946484,1,1,unassigned,8.0,8.0,0.0,1.0,0.0,0.0,0.0116054155,0.0,1,0,0,1,0
64388,-1,0,3.2217534,0.96164477,1,1,unassigned,6.0,5.0,1.0,0.8333333,0.16666667,0.16666669,0.007736944,0.0012894907,0,0,0,1,1
64389,-1,0,5.796348,0.99697053,1,1,unassigned,7.0,5.0,2.0,0.71428573,0.2857143,0.28571427,0.00967118,0.0027631943,0,0,0,1,1
64390,-1,1,3.6141899,0.9737679,1,1,unassigned,13.0,9.0,4.0,0.6923077,0.30769232,0.3076923,0.021276595,0.006546645,1,0,0,1,1
64391,-1,1,-0.37314504,0.4077813,0,1,unassigned,10.0,10.0,0.0,1.0,0.0,0.0,0.015473888,0.0,1,0,0,0,0
64392,-1,1,-0.3255248,0.41932994,0,1,unassigned,13.0,13.0,0.0,1.0,0.0,0.0,0.021276595,0.0,1,0,0,0,0
64393,-1,1,-0.35915875,0.4111632,0,1,unassigned,7.0,7.0,0.0,1.0,0.0,0.0,0.00967118,0.0,1,0,0,0,0
64394,-1,1,0.03993249,0.5099818,1,1,unassigned,10.0,9.0,1.0,0.9,0.1,0.100000024,0.015473888,0.0015473888,1,0,0,1,0
64395,-1,0,-0.87298036,0.29463452,0,1,unassigned,18.0,17.0,1.0,0.9444444,0.055555556,0.055555582,0.030947777,0.0017193209,0,0,0,0,0
64396,-1,1,0.061880827,0.5154653,1,1,unassigned,16.0,16.0,0.0,1.0,0.0,0.0,0.027079303,0.0,1,0,0,1,0
64397,-1,1,-0.13716552,0.4657623,0,1,unassigned,3.0,3.0,0.0,1.0,0.0,0.0,0.001934236,0.0,1,0,0,0,0
64398,-1,0,13.233337,0.9999982,1,1,unassigned,2.0,2.0,0.0,1.0,0.0,0.0,0.0,0.0,0,0,0,1,1
64399,-1,1,0.39930075,0.5985196,1,1,unassigned,5.0,5.0,0.0,1.0,0.0,0.0,0.0058027077,0.0,1,0,0,1,0
64400,-1,1,-0.09674379,0.47583288,0,1,unassigned,5.0,5.0,0.0,1.0,0.0,0.0,0.0058027077,0.0,1,0,0,0,0
64401,-1,0,12.682795,0.9999969,1,1,unassigned,2.0,2.0,0.0,1.0,0.0,0.0,0.0,0.0,0,0,0,1,1
64402,-1,1,1.8741086,0.8669329,1,1,unassigned,20.0,19.0,1.0,0.95,0.05,0.050000012,0.034816246,0.0017408123,1,0,0,1,0
64403,0,0,1.137505,0.7572213,1,1,val,17.0,17.0,0.0,1.0,0.0,0.0,0.029013539,0.0,0,0,0,1,0
64404,-1,0,-0.3168639,0.42144024,0,1,unassigned,52.0,51.0,1.0,0.9807692,0.01923077,0.019230783,0.0967118,0.0018598423,0,0,0,0,0
64405,-1,0,5.7671876,0.99688125,1,1,unassigned,4.0,3.0,1.0,0.75,0.25,0.25,0.003868472,0.000967118,0,0,0,1,1
64406,-1,1,0.042173207,0.51054174,1,1,unassigned,31.0,30.0,1.0,0.9677419,0.032258064,0.032258093,0.056092843,0.0018094465,1,0,0,1,0
64407,-1,0,0.80170625,0.6903393,1,1,unassigned,3.0,3.0,0.0,1.0,0.0,0.0,0.001934236,0.0,0,0,0,1,0
64408,-1,1,-0.41597533,0.3974802,0,1,unassigned,4.0,4.0,0.0,1.0,0.0,0.0,0.003868472,0.0,1,0,0,0,0
64409,-1,0,2.0313628,0.88405085,1,1,unassigned,4.0,4.0,0.0,1.0,0.0,0.0,0.003868472,0.0,0,0,0,1,0
64410,-1,0,0.78599983,0.6869718,1,1,unassigned,3.0,3.0,0.0,1.0,0.0,0.0,0.001934236,0.0,0,0,0,1,0
64411,-1,0,0.81268936,0.69268227,1,1,unassigned,10.0,10.0,0.0,1.0,0.0,0.0,0.015473888,0.0,0,0,0,1,0
64412,-1,0,3.9660594,0.98140436,1,1,unassigned,10.0,9.0,1.0,0.9,0.1,0.100000024,0.015473888,0.0015473888,0,0,0,1,1
64413,-1,0,4.6824794,0.9908289,1,1,unassigned,4.0,4.0,0.0,1.0,0.0,0.0,0.003868472,0.0,0,0,0,1,1
64414,1,1,1.2961063,0.78517896,1,0,unassigned,2.0,1.0,1.0,0.5,0.5,0.5,0.0,0.0,1,0,1,1,0
64415,0,0,0.26448148,0.5657376,1,1,test,6.0,5.0,1.0,0.8333333,0.16666667,0.16666669,0.007736944,0.0012894907,0,0,0,1,0
64416,-1,0,2.2252219,0.9024917,1,1,unassigned,3.0,3.0,0.0,1.0,0.0,0.0,0.001934236,0.0,0,0,0,1,1
64417,1,0,1.6579998,0.83996934,1,0,unassigned,6.0,6.0,0.0,1.0,0.0,0.0,0.007736944,0.0,0,0,1,1,0
64418,-1,1,-0.32249007,0.42006898,0,1,unassigned,138.0,131.0,7.0,0.9492754,0.050724637,0.050724626,0.2630561,0.0133434255,1,0,0,0,0
64419,-1,0,2.2592888,0.9054488,1,1,unassigned,10.0,10.0,0.0,1.0,0.0,0.0,0.015473888,0.0,0,0,0,1,1
64420,-1,0,-0.599422,0.35447595,0,1,unassigned,26.0,24.0,2.0,0.9230769,0.07692308,0.07692307,0.046421662,0.0035708973,0,0,0,0,0
64421,-1,0,4.172765,0.98482424,1,1,unassigned,3.0,3.0,0.0,1.0,0.0,0.0,0.001934236,0.0,0,0,0,1,1
64422,-1,0,2.8959272,0.9476447,1,1,unassigned,3.0,3.0,0.0,1.0,0.0,0.0,0.001934236,0.0,0,0,0,1,1
64423,-1,0,6.931779,0.99902475,1,1,unassigned,3.0,3.0,0.0,1.0,0.0,0.0,0.001934236,0.0,0,0,0,1,1
64424,-1,0,1.4501109,0.8100155,1,1,unassigned,14.0,12.0,2.0,0.85714287,0.14285715,0.14285713,0.023210831,0.0033158332,0,0,0,1,0
64425,-1,1,-0.7556638,0.31958842,0,1,unassigned,83.0,82.0,1.0,0.9879518,0.012048192,0.012048185,0.15667312,0.0018876279,1,0,0,0,0
64426,-1,1,1.8019876,0.85839075,1,1,unassigned,56.0,55.0,1.0,0.98214287,0.017857144,0.017857134,0.10444874,0.0018651562,1,0,0,1,0
64427,-1,1,0.04750836,0.51187485,1,1,unassigned,5.0,5.0,0.0,1.0,0.0,0.0,0.0058027077,0.0,1,0,0,1,0
64428,0,0,-0.55407214,0.36492017,0,0,unassigned,4.0,4.0,0.0,1.0,0.0,0.0,0.003868472,0.0,0,0,1,0,0
64429,-1,1,1.8124402,0.8596565,1,1,unassigned,3.0,1.0,2.0,0.33333334,0.6666667,0.6666666,0.001934236,0.0012894907,1,0,0,1,0
64430,-1,1,3.9185603,0.98051745,1,1,unassigned,3.0,3.0,0.0,1.0,0.0,0.0,0.001934236,0.0,1,0,0,1,1
64431,-1,1,-0.877199,0.29375854,0,1,unassigned,51.0,48.0,3.0,0.9411765,0.05882353,0.058823526,0.09477756,0.0055751507,1,0,0,0,0
64432,-1,0,-0.6177325,0.35029733,0,1,unassigned,2.0,2.0,0.0,1.0,0.0,0.0,0.0,0.0,0,0,0,0,0
64433,1,0,2.3904207,0.91609395,1,0,unassigned,12.0,11.0,1.0,0.9166667,0.083333336,0.08333331,0.01934236,0.0016118633,0,0,1,1,1
64434,-1,1,4.03766,0.982667,1,1,unassigned,10.0,7.0,3.0,0.7,0.3,0.3,0.015473888,0.0046421667,1,0,0,1,1
64435,-1,0,2.2666953,0.90608096,1,1,unassigned,3.0,2.0,1.0,0.6666667,0.33333334,0.3333333,0.001934236,0.00064474536,0,0,0,1,1
64436,-1,1,-0.7572187,0.3192504,0,1,unassigned,48.0,37.0,11.0,0.7708333,0.22916667,0.22916669,0.088974856,0.020390071,1,0,0,0,0
64437,-1,0,-1.2306616,0.22606565,0,1,unassigned,4.0,4.0,0.0,1.0,0.0,0.0,0.003868472,0.0,0,0,0,0,0
64438,-1,1,-0.5166442,0.37363726,0,1,unassigned,23.0,21.0,2.0,0.9130435,0.08695652,0.0869565,0.040618956,0.0035320832,1,0,0,0,0
64439,1,0,1.9260495,0.8728115,1,0,val,4.0,4.0,0.0,1.0,0.0,0.0,0.003868472,0.0,0,0,1,1,0
64440,-1,0,0.081860185,0.52045363,1,1,unassigned,2.0,2.0,0.0,1.0,0.0,0.0,0.0,0.0,0,0,0,1,0
64441,-1,0,-0.42291513,0.39581937,0,1,unassigned,4.0,4.0,0.0,1.0,0.0,0.0,0.003868472,0.0,0,0,0,0,0
64442,-1,1,0.13199663,0.5329513,1,1,unassigned,4.0,4.0,0.0,1.0,0.0,0.0,0.003868472,0.0,1,0,0,1,0
64443,0,0,-0.55405015,0.36492524,0,0,test,25.0,25.0,0.0,1.0,0.0,0.0,0.044487428,0.0,0,0,1,0,0
64444,-1,1,2.9480512,0.9501713,1,1,unassigned,3.0,3.0,0.0,1.0,0.0,0.0,0.001934236,0.0,1,0,0,1,1
64445,-1,0,-0.7592594,0.31880707,0,1,unassigned,39.0,38.0,1.0,0.974359,0.025641026,0.025641024,0.07156673,0.0018350444,0,0,0,0,0
64446,-1,0,-0.39999157,0.40131435,0,1,unassigned,2.0,2.0,0.0,1.0,0.0,0.0,0.0,0.0,0,0,0,0,0
64447,-1,0,0.74915415,0.67899436,1,1,unassigned,5.0,5.0,0.0,1.0,0.0,0.0,0.0058027077,0.0,0,0,0,1,0
64448,-1,0,7.260588,0.99929774,1,1,unassigned,9.0,7.0,2.0,0.7777778,0.22222222,0.22222221,0.013539651,0.0030088115,0,0,0,1,1
64449,-1,1,8.201171,0.99972576,1,1,unassigned,3.0,3.0,0.0,1.0,0.0,0.0,0.001934236,0.0,1,0,0,1,1
64450,-1,0,35.66056,1.0,1,1,unassigned,113.0,113.0,0.0,1.0,0.0,0.0,0.21470019,0.0,0,0,0,1,1
64451,-1,0,0.56505877,0.63762224,1,1,unassigned,4.0,4.0,0.0,1.0,0.0,0.0,0.003868472,0.0,0,0,0,1,0
64452,-1,1,0.4308142,0.6060681,1,1,unassigned,8.0,4.0,4.0,0.5,0.5,0.5,0.0116054155,0.0058027077,1,0,0,1,0
64453,-1,0,1.2073405,0.769828,1,1,unassigned,3.0,3.0,0.0,1.0,0.0,0.0,0.001934236,0.0,0,0,0,1,0
64454,-1,0,0.20369714,0.55074894,1,1,unassigned,27.0,27.0,0.0,1.0,0.0,0.0,0.0483559,0.0,0,0,0,1,0
64455,-1,1,0.1650089,0.54115885,1,1,unassigned,19.0,18.0,1.0,0.94736844,0.05263158,0.052631557,0.032882012,0.0017306323,1,0,0,1,0
64456,1,0,2.4113734,0.9176905,1,0,unassigned,11.0,10.0,1.0,0.90909094,0.09090909,0.090909064,0.017408123,0.0015825568,0,0,1,1,1
64457,-1,1,10.58244,0.9999746,1,1,unassigned,5.0,3.0,2.0,0.6,0.4,0.39999998,0.0058027077,0.002321083,1,0,0,1,1
64458,-1,0,-0.4595905,0.38708296,0,1,unassigned,2.0,2.0,0.0,1.0,0.0,0.0,0.0,0.0,0,0,0,0,0
64459,1,1,-0.09793198,0.47553658,0,1,test,47.0,46.0,1.0,0.9787234,0.021276595,0.021276593,0.08704062,0.001851928,1,0,0,0,0
64460,-1,1,-0.8561975,0.29813442,0,1,unassigned,11.0,11.0,0.0,1.0,0.0,0.0,0.017408123,0.0,1,0,0,0,0
64461,-1,0,5.996679,0.99751925,1,1,unassigned,2.0,2.0,0.0,1.0,0.0,0.0,0.0,0.0,0,0,0,1,1
64462,-1,0,1.0031214,0.7316718,1,1,unassigned,4.0,4.0,0.0,1.0,0.0,0.0,0.003868472,0.0,0,0,0,1,0
64463,-1,0,-0.2998655,0.42559037,0,1,unassigned,13.0,12.0,1.0,0.9230769,0.07692308,0.07692307,0.021276595,0.0016366612,0,0,0,0,0
64464,-1,1,1.2139971,0.7710054,1,1,unassigned,13.0,13.0,0.0,1.0,0.0,0.0,0.021276595,0.0,1,0,0,1,0
64465,-1,1,5.904684,0.9972807,1,1,unassigned,41.0,41.0,0.0,1.0,0.0,0.0,0.07543521,0.0,1,0,0,1,1
64466,1,1,3.7970726,0.97805595,1,0,test,13.0,13.0,0.0,1.0,0.0,0.0,0.021276595,0.0,1,0,1,1,1
64467,-1,1,1.9770687,0.8783683,1,1,unassigned,29.0,26.0,3.0,0.8965517,0.10344828,0.10344827,0.05222437,0.005402521,1,0,0,1,0
64468,0,1,-0.17447811,0.45649078,0,0,unassigned,19.0,19.0,0.0,1.0,0.0,0.0,0.032882012,0.0,1,0,1,0,0
64469,-1,0,-0.16029775,0.46001115,0,1,unassigned,3.0,3.0,0.0,1.0,0.0,0.0,0.001934236,0.0,0,0,0,0,0
64470,-1,0,6.915697,0.9990089,1,1,unassigned,16.0,15.0,1.0,0.9375,0.0625,0.0625,0.027079303,0.0016924564,0,0,0,1,1
64471,-1,0,1.2367413,0.7749963,1,1,unassigned,8.0,8.0,0.0,1.0,0.0,0.0,0.0116054155,0.0,0,0,0,1,0
64472,-1,0,-0.07283646,0.48179895,0,1,unassigned,5.0,4.0,1.0,0.8,0.2,0.19999999,0.0058027077,0.0011605415,0,0,0,0,0
64473,-1,1,-0.25155193,0.43744153,0,1,unassigned,25.0,23.0,2.0,0.92,0.08,0.07999998,0.044487428,0.003558994,1,0,0,0,0
64474,-1,0,-0.8284148,0.30398035,0,1,unassigned,52.0,32.0,20.0,0.61538464,0.3846154,0.38461536,0.0967118,0.037196845,0,0,0,0,0
64475,-1,1,1.2846515,0.78324056,1,1,unassigned,50.0,48.0,2.0,0.96,0.04,0.04000002,0.092843324,0.0037137328,1,0,0,1,0
64476,-1,1,4.038944,0.9826889,1,1,unassigned,13.0,13.0,0.0,1.0,0.0,0.0,0.021276595,0.0,1,0,0,1,1
64477,0,0,-0.029927254,0.49251875,0,0,unassigned,41.0,41.0,0.0,1.0,0.0,0.0,0.07543521,0.0,0,0,1,0,0
64478,-1,1,0.13347423,0.5333191,1,1,unassigned,9.0,9.0,0.0,1.0,0.0,0.0,0.013539651,0.0,1,0,0,1,0
64479,-1,1,0.72202784,0.67305344,1,1,unassigned,12.0,12.0,0.0,1.0,0.0,0.0,0.01934236,0.0,1,0,0,1,0
64480,-1,1,2.0182064,0.88269544,1,1,unassigned,12.0,9.0,3.0,0.75,0.25,0.25,0.01934236,0.00483559,1,0,0,1,0
64481,-1,0,1.250207,0.7773357,1,1,unassigned,4.0,4.0,0.0,1.0,0.0,0.0,0.003868472,0.0,0,0,0,1,0
64482,-1,0,0.38120943,0.5941647,1,1,unassigned,3.0,3.0,0.0,1.0,0.0,0.0,0.001934236,0.0,0,0,0,1,0
64483,-1,0,3.1780705,0.9600006,1,1,unassigned,22.0,19.0,3.0,0.8636364,0.13636364,0.13636363,0.03868472,0.005275189,0,0,0,1,1
64484,-1,0,-0.49627006,0.3784176,0,1,unassigned,2.0,1.0,1.0,0.5,0.5,0.5,0.0,0.0,0,0,0,0,0
64485,1,1,3.9561589,0.9812229,1,0,val,5.0,5.0,0.0,1.0,0.0,0.0,0.0058027077,0.0,1,0,1,1,1
64486,-1,0,2.1096897,0.8918415,1,1,unassigned,9.0,9.0,0.0,1.0,0.0,0.0,0.013539651,0.0,0,0,0,1,0
64487,-1,0,-0.24966231,0.43790665,0,1,unassigned,10.0,10.0,0.0,1.0,0.0,0.0,0.015473888,0.0,0,0,0,0,0
64488,-1,0,1.5591199,0.82622707,1,1,unassigned,5.0,5.0,0.0,1.0,0.0,0.0,0.0058027077,0.0,0,0,0,1,0
64489,-1,1,-0.5860256,0.35754728,0,1,unassigned,101.0,97.0,4.0,0.96039605,0.03960396,0.03960395,0.19148937,0.0075837374,1,0,0,0,0
64490,-1,1,-0.64688355,0.34369215,0,1,unassigned,15.0,15.0,0.0,1.0,0.0,0.0,0.025145067,0.0,1,0,0,0,0
64491,-1,0,-0.58549935,0.3576682,0,1,unassigned,3.0,2.0,1.0,0.6666667,0.33333334,0.3333333,0.001934236,0.00064474536,0,0,0,0,0
64492,1,0,3.1846535,0.9602527,1,0,val,4.0,4.0,0.0,1.0,0.0,0.0,0.003868472,0.0,0,0,1,1,1
64493,1,0,5.497112,0.9959182,1,0,val,4.0,3.0,1.0,0.75,0.25,0.25,0.003868472,0.000967118,0,0,1,1,1
64494,-1,1,-0.8979496,0.28947204,0,1,unassigned,2.0,2.0,0.0,1.0,0.0,0.0,0.0,0.0,1,0,0,0,0
64495,-1,1,-0.19716066,0.45086884,0,1,unassigned,24.0,22.0,2.0,0.9166667,0.083333336,0.08333331,0.04255319,0.0035460992,1,0,0,0,0
64496,-1,1,-0.43078172,0.39393967,0,1,unassigned,39.0,37.0,2.0,0.94871795,0.051282052,0.05128205,0.07156673,0.0036700887,1,0,0,0,0
64497,0,1,-0.5023407,0.37699074,0,0,val,51.0,48.0,3.0,0.9411765,0.05882353,0.058823526,0.09477756,0.0055751507,1,0,1,0,0
64498,-1,0,-0.3959462,0.4022867,0,1,unassigned,39.0,39.0,0.0,1.0,0.0,0.0,0.07156673,0.0,0,0,0,0,0
64499,-1,0,3.1821377,0.9601565,1,1,unassigned,13.0,6.0,7.0,0.46153846,0.53846157,0.53846157,0.021276595,0.011456628,0,0,0,1,1
64500,-1,0,-0.3193822,0.42082632,0,1,unassigned,22.0,22.0,0.0,1.0,0.0,0.0,0.03868472,0.0,0,0,0,0,0
64501,-1,0,4.8428936,0.9921774,1,1,unassigned,7.0,5.0,2.0,0.71428573,0.2857143,0.28571427,0.00967118,0.0027631943,0,0,0,1,1
64502,-1,1,1.3441556,0.7931725,1,1,unassigned,5.0,5.0,0.0,1.0,0.0,0.0,0.0058027077,0.0,1,0,0,1,0
64503,-1,0,-0.3813498,0.4058014,0,1,unassigned,10.0,9.0,1.0,0.9,0.1,0.100000024,0.015473888,0.0015473888,0,0,0,0,0
64504,0,0,0.84470016,0.6994542,1,1,unassigned,3.0,3.0,0.0,1.0,0.0,0.0,0.001934236,0.0,0,0,0,1,0
64505,-1,0,0.3549295,0.5878124,1,1,unassigned,35.0,35.0,0.0,1.0,0.0,0.0,0.06382979,0.0,0,0,0,1,0
64506,-1,1,0.2619745,0.5651216,1,1,unassigned,44.0,43.0,1.0,0.97727275,0.022727273,0.022727251,0.08123791,0.0018463163,1,0,0,1,0
64507,1,0,0.23048109,0.5573665,1,0,unassigned,2.0,2.0,0.0,1.0,0.0,0.0,0.0,0.0,0,0,1,1,0
64508,0,0,-0.7522907,0.32032233,0,0,test,21.0,21.0,0.0,1.0,0.0,0.0,0.036750484,0.0,0,0,1,0,0
64509,-1,1,9.067236,0.9998846,1,1,unassigned,5.0,4.0,1.0,0.8,0.2,0.19999999,0.0058027077,0.0011605415,1,0,0,1,1
64510,-1,0,1.2305894,0.7739217,1,1,unassigned,4.0,3.0,1.0,0.75,0.25,0.25,0.003868472,0.000967118,0,0,0,1,0
64511,-1,1,7.1642737,0.9992268,1,1,unassigned,8.0,7.0,1.0,0.875,0.125,0.125,0.0116054155,0.0014506769,1,0,0,1,1
64512,-1,1,3.6227438,0.9739855,1,1,unassigned,46.0,44.0,2.0,0.95652175,0.04347826,0.04347825,0.08510638,0.0037002775,1,0,0,1,1
64513,-1,0,4.621473,0.9902575,1,1,unassigned,3.0,2.0,1.0,0.6666667,0.33333334,0.3333333,0.001934236,0.00064474536,0,0,0,1,1
64514,-1,1,0.23353642,0.5581202,1,1,unassigned,3.0,3.0,0.0,1.0,0.0,0.0,0.001934236,0.0,1,0,0,1,0
64515,-1,1,0.63336164,0.65325135,1,1,unassigned,7.0,7.0,0.0,1.0,0.0,0.0,0.00967118,0.0,1,0,0,1,0
64516,-1,1,6.9995418,0.9990885,1,1,unassigned,2.0,2.0,0.0,1.0,0.0,0.0,0.0,0.0,1,0,0,1,1
64517,-1,1,0.022547305,0.5056366,1,1,unassigned,2.0,2.0,0.0,1.0,0.0,0.0,0.0,0.0,1,0,0,1,0
64518,-1,0,0.59076065,0.64353967,1,1,unassigned,6.0,4.0,2.0,0.6666667,0.33333334,0.3333333,0.007736944,0.0025789815,0,0,0,1,0
64519,-1,1,2.9944565,0.952323,1,1,unassigned,4.0,4.0,0.0,1.0,0.0,0.0,0.003868472,0.0,1,0,0,1,1
64520,-1,1,2.2212093,0.902138,1,1,unassigned,23.0,21.0,2.0,0.9130435,0.08695652,0.0869565,0.040618956,0.0035320832,1,0,0,1,1
64521,-1,0,0.003727734,0.5009319,1,1,unassigned,8.0,8.0,0.0,1.0,0.0,0.0,0.0116054155,0.0,0,0,0,1,0
64522,-1,1,-0.41527885,0.39764705,0,1,unassigned,15.0,15.0,0.0,1.0,0.0,0.0,0.025145067,0.0,1,0,0,0,0
64523,-1,0,7.347611,0.9993563,1,1,unassigned,2.0,2.0,0.0,1.0,0.0,0.0,0.0,0.0,0,0,0,1,1
64524,-1,0,4.6752305,0.99076277,1,1,unassigned,2.0,1.0,1.0,0.5,0.5,0.5,0.0,0.0,0,0,0,1,1
64525,-1,0,8.343776,0.99976224,1,1,unassigned,17.0,16.0,1.0,0.9411765,0.05882353,0.058823526,0.029013539,0.0017066788,0,0,0,1,1
64526,-1,0,-0.27856144,0.4308065,0,1,unassigned,12.0,12.0,0.0,1.0,0.0,0.0,0.01934236,0.0,0,0,0,0,0
64527,-1,1,1.3522744,0.79450125,1,1,unassigned,2.0,2.0,0.0,1.0,0.0,0.0,0.0,0.0,1,0,0,1,0
64528,-1,1,0.19412142,0.5483785,1,1,unassigned,4.0,4.0,0.0,1.0,0.0,0.0,0.003868472,0.0,1,0,0,1,0
64529,-1,1,-0.8922518,0.29064536,0,1,unassigned,11.0,11.0,0.0,1.0,0.0,0.0,0.017408123,0.0,1,0,0,0,0
64530,-1,1,-0.47837085,0.38263687,0,1,unassigned,10.0,7.0,3.0,0.7,0.3,0.3,0.015473888,0.0046421667,1,0,0,0,0
64531,0,0,0.58710843,0.6427014,1,1,test,9.0,8.0,1.0,0.8888889,0.11111111,0.111111104,0.013539651,0.0015044058,0,0,0,1,0
64532,-1,0,5.190779,0.99446315,1,1,unassigned,2.0,2.0,0.0,1.0,0.0,0.0,0.0,0.0,0,0,0,1,1
64533,-1,0,1.1101131,0.75215024,1,1,unassigned,5.0,5.0,0.0,1.0,0.0,0.0,0.0058027077,0.0,0,0,0,1,0
64534,-1,1,-0.70894337,0.32983238,0,1,unassigned,4.0,3.0,1.0,0.75,0.25,0.25,0.003868472,0.000967118,1,0,0,0,0
64535,-1,0,1.6620586,0.8405142,1,1,unassigned,2.0,1.0,1.0,0.5,0.5,0.5,0.0,0.0,0,0,0,1,0
64536,1,1,-0.5792296,0.35910985,0,1,test,12.0,12.0,0.0,1.0,0.0,0.0,0.01934236,0.0,1,0,0,0,0
64537,-1,0,2.4033134,0.9170796,1,1,unassigned,2.0,1.0,1.0,0.5,0.5,0.5,0.0,0.0,0,0,0,1,1
64538,-1,1,0.3512696,0.5869254,1,1,unassigned,28.0,28.0,0.0,1.0,0.0,0.0,0.050290134,0.0,1,0,0,1,0
64539,-1,1,4.8620944,0.99232507,1,1,unassigned,34.0,34.0,0.0,1.0,0.0,0.0,0.061895553,0.0,1,0,0,1,1
64540,1,1,0.96801263,0.7247232,1,0,train,13.0,12.0,1.0,0.9230769,0.07692308,0.07692307,0.021276595,0.0016366612,1,0,1,1,0
64541,-1,1,3.1975505,0.960742,1,1,unassigned,12.0,12.0,0.0,1.0,0.0,0.0,0.01934236,0.0,1,0,0,1,1
64542,-1,1,3.75929,0.97723025,1,1,unassigned,2.0,2.0,0.0,1.0,0.0,0.0,0.0,0.0,1,0,0,1,1
64543,-1,0,4.000117,0.98201585,1,1,unassigned,6.0,6.0,0.0,1.0,0.0,0.0,0.007736944,0.0,0,0,0,1,1
64544,-1,1,3.6666834,0.975076,1,1,unassigned,3.0,2.0,1.0,0.6666667,0.33333334,0.3333333,0.001934236,0.00064474536,1,0,0,1,1
64545,-1,0,14.852854,0.99999964,1,1,unassigned,2.0,2.0,0.0,1.0,0.0,0.0,0.0,0.0,0,0,0,1,1
64546,-1,0,5.5022473,0.995939,1,1,unassigned,27.0,26.0,1.0,0.962963,0.037037037,0.037037015,0.0483559,0.0017909593,0,0,0,1,1
64547,-1,0,3.579468,0.97286624,1,1,unassigned,6.0,6.0,0.0,1.0,0.0,0.0,0.007736944,0.0,0,0,0,1,1
64548,-1,0,1.8654401,0.8659298,1,1,unassigned,14.0,13.0,1.0,0.9285714,0.071428575,0.0714286,0.023210831,0.0016579166,0,0,0,1,0
64549,-1,0,3.524923,0.97138864,1,1,unassigned,29.0,25.0,4.0,0.86206895,0.13793103,0.13793105,0.05222437,0.0072033615,0,0,0,1,1
64550,-1,0,5.2173996,0.9946078,1,1,unassigned,2.0,2.0,0.0,1.0,0.0,0.0,0.0,0.0,0,0,0,1,1
64551,-1,1,6.2198515,0.99801445,1,1,unassigned,9.0,7.0,2.0,0.7777778,0.22222222,0.22222221,0.013539651,0.0030088115,1,0,0,1,1
64552,-1,0,-0.2394518,0.44042146,0,1,unassigned,4.0,4.0,0.0,1.0,0.0,0.0,0.003868472,0.0,0,0,0,0,0
64553,-1,0,-0.5683153,0.36162567,0,1,unassigned,17.0,16.0,1.0,0.9411765,0.05882353,0.058823526,0.029013539,0.0017066788,0,0,0,0,0
64554,-1,0,0.1726647,0.54305923,1,1,unassigned,4.0,4.0,0.0,1.0,0.0,0.0,0.003868472,0.0,0,0,0,1,0
64555,0,1,0.59725434,0.6450279,1,1,val,24.0,24.0,0.0,1.0,0.0,0.0,0.04255319,0.0,1,0,0,1,0
64556,-1,0,8.806587,0.9998503,1,1,unassigned,2.0,2.0,0.0,1.0,0.0,0.0,0.0,0.0,0,0,0,1,1
64557,-1,0,3.6439087,0.9745164,1,1,unassigned,2.0,2.0,0.0,1.0,0.0,0.0,0.0,0.0,0,0,0,1,1
64558,-1,1,-0.06313944,0.48422033,0,1,unassigned,12.0,11.0,1.0,0.9166667,0.083333336,0.08333331,0.01934236,0.0016118633,1,0,0,0,0
64559,-1,1,1.7673914,0.85413295,1,1,unassigned,14.0,14.0,0.0,1.0,0.0,0.0,0.023210831,0.0,1,0,0,1,0
64560,-1,0,-0.60785055,0.35254967,0,1,unassigned,3.0,3.0,0.0,1.0,0.0,0.0,0.001934236,0.0,0,0,0,0,0
64561,-1,1,2.8021805,0.9427935,1,1,unassigned,2.0,2.0,0.0,1.0,0.0,0.0,0.0,0.0,1,0,0,1,1
64562,-1,0,5.014834,0.99340504,1,1,unassigned,3.0,3.0,0.0,1.0,0.0,0.0,0.001934236,0.0,0,0,0,1,1
64563,1,1,-0.6369227,0.3459425,0,1,val,2.0,2.0,0.0,1.0,0.0,0.0,0.0,0.0,1,0,0,0,0
64564,-1,0,4.655592,0.9905813,1,1,unassigned,9.0,6.0,3.0,0.6666667,0.33333334,0.3333333,0.013539651,0.004513217,0,0,0,1,1
64565,1,0,2.9986656,0.9525138,1,0,unassigned,16.0,16.0,0.0,1.0,0.0,0.0,0.027079303,0.0,0,0,1,1,1
64566,-1,0,4.3000927,0.9866143,1,1,unassigned,3.0,2.0,1.0,0.6666667,0.33333334,0.3333333,0.001934236,0.00064474536,0,0,0,1,1
64567,-1,0,0.83628947,0.69768316,1,1,unassigned,6.0,5.0,1.0,0.8333333,0.16666667,0.16666669,0.007736944,0.0012894907,0,0,0,1,0
64568,-1,0,2.7617514,0.9405736,1,1,unassigned,10.0,10.0,0.0,1.0,0.0,0.0,0.015473888,0.0,0,0,0,1,1
64569,-1,1,6.050477,0.9976488,1,1,unassigned,3.0,3.0,0.0,1.0,0.0,0.0,0.001934236,0.0,1,0,0,1,1
64570,-1,0,1.1825321,0.7654028,1,1,unassigned,5.0,5.0,0.0,1.0,0.0,0.0,0.0058027077,0.0,0,0,0,1,0
64571,-1,1,1.8685987,0.86629605,1,1,unassigned,8.0,8.0,0.0,1.0,0.0,0.0,0.0116054155,0.0,1,0,0,1,0
64572,0,0,-0.89210725,0.29067513,0,0,test,3.0,3.0,0.0,1.0,0.0,0.0,0.001934236,0.0,0,0,1,0,0
64573,-1,1,3.0048516,0.9527928,1,1,unassigned,28.0,27.0,1.0,0.96428573,0.035714287,0.03571427,0.050290134,0.0017960763,1,0,0,1,1
64574,1,1,2.0281675,0.8837229,1,0,test,3.0,2.0,1.0,0.6666667,0.33333334,0.3333333,0.001934236,0.00064474536,1,0,1,1,0
64575,-1,1,3.5101836,0.9709762,1,1,unassigned,4.0,2.0,2.0,0.5,0.5,0.5,0.003868472,0.001934236,1,0,0,1,1
64576,-1,0,1.6926677,0.8445747,1,1,unassigned,9.0,9.0,0.0,1.0,0.0,0.0,0.013539651,0.0,0,0,0,1,0
64577,0,0,-0.3894579,0.4038478,0,0,unassigned,6.0,5.0,1.0,0.8333333,0.16666667,0.16666669,0.007736944,0.0012894907,0,0,1,0,0
64578,-1,0,1.1070518,0.7515791,1,1,unassigned,2.0,2.0,0.0,1.0,0.0,0.0,0.0,0.0,0,0,0,1,0
64579,-1,0,-0.36892575,0.4088006,0,1,unassigned,12.0,12.0,0.0,1.0,0.0,0.0,0.01934236,0.0,0,0,0,0,0
64580,-1,0,0.0034175515,0.5008544,1,1,unassigned,7.0,7.0,0.0,1.0,0.0,0.0,0.00967118,0.0,0,0,0,1,0
64581,0,0,-0.7920854,0.3117211,0,0,unassigned,3.0,2.0,1.0,0.6666667,0.33333334,0.3333333,0.001934236,0.00064474536,0,0,1,0,0
64582,-1,0,-0.4346574,0.39301473,0,1,unassigned,2.0,2.0,0.0,1.0,0.0,0.0,0.0,0.0,0,0,0,0,0
64583,-1,1,-0.30215913,0.42502975,0,1,unassigned,5.0,4.0,1.0,0.8,0.2,0.19999999,0.0058027077,0.0011605415,1,0,0,0,0
64584,-1,0,9.04628,0.9998822,1,1,unassigned,2.0,2.0,0.0,1.0,0.0,0.0,0.0,0.0,0,0,0,1,1
64585,-1,1,-0.663696,0.33990985,0,1,unassigned,4.0,4.0,0.0,1.0,0.0,0.0,0.003868472,0.0,1,0,0,0,0
64586,-1,0,2.1880863,0.8991746,1,1,unassigned,2.0,2.0,0.0,1.0,0.0,0.0,0.0,0.0,0,0,0,1,0
64587,-1,0,-0.1482718,0.4629998,0,1,unassigned,4.0,4.0,0.0,1.0,0.0,0.0,0.003868472,0.0,0,0,0,0,0
64588,-1,1,9.781546,0.9999435,1,1,unassigned,2.0,2.0,0.0,1.0,0.0,0.0,0.0,0.0,1,0,0,1,1
64589,-1,1,0.052088916,0.51301926,1,1,unassigned,3.0,3.0,0.0,1.0,0.0,0.0,0.001934236,0.0,1,0,0,1,0
64590,-1,1,2.022599,0.8831495,1,1,unassigned,3.0,3.0,0.0,1.0,0.0,0.0,0.001934236,0.0,1,0,0,1,0
64591,-1,0,-0.31497937,0.42189977,0,1,unassigned,3.0,3.0,0.0,1.0,0.0,0.0,0.001934236,0.0,0,0,0,0,0
64592,-1,0,3.2024214,0.96092534,1,1,unassigned,2.0,2.0,0.0,1.0,0.0,0.0,0.0,0.0,0,0,0,1,1
64593,-1,0,1.7634325,0.853639,1,1,unassigned,2.0,2.0,0.0,1.0,0.0,0.0,0.0,0.0,0,0,0,1,0
64594,1,1,5.266703,0.99486595,1,0,test,14.0,10.0,4.0,0.71428573,0.2857143,0.28571427,0.023210831,0.0066316663,1,0,1,1,1
64595,-1,1,2.200513,0.90029556,1,1,unassigned,15.0,15.0,0.0,1.0,0.0,0.0,0.025145067,0.0,1,0,0,1,1
64596,-1,1,1.783112,0.8560807,1,1,unassigned,17.0,17.0,0.0,1.0,0.0,0.0,0.029013539,0.0,1,0,0,1,0
64597,-1,1,-0.66860867,0.33880845,0,1,unassigned,89.0,88.0,1.0,0.98876405,0.011235955,0.011235952,0.16827853,0.00189077,1,0,0,0,0
64598,-1,1,-0.36337125,0.41014373,0,1,unassigned,58.0,57.0,1.0,0.98275864,0.01724138,0.017241359,0.10831721,0.0018675381,1,0,0,0,0
64599,-1,1,-0.52467096,0.37176064,0,1,unassigned,23.0,20.0,3.0,0.8695652,0.13043478,0.13043481,0.040618956,0.0052981246,1,0,0,0,0
64600,-1,1,-0.61345965,0.3512704,0,1,unassigned,79.0,78.0,1.0,0.98734176,0.012658228,0.012658238,0.14893617,0.001885268,1,0,0,0,0
64601,1,0,6.350576,0.99825734,1,0,unassigned,17.0,16.0,1.0,0.9411765,0.05882353,0.058823526,0.029013539,0.0017066788,0,0,1,1,1
64602,1,0,1.4525537,0.8103911,1,0,unassigned,10.0,10.0,0.0,1.0,0.0,0.0,0.015473888,0.0,0,0,1,1,0
64603,-1,1,4.9648433,0.99306935,1,1,unassigned,29.0,26.0,3.0,0.8965517,0.10344828,0.10344827,0.05222437,0.005402521,1,0,0,1,1
64604,-1,0,2.4547875,0.92091084,1,1,unassigned,3.0,3.0,0.0,1.0,0.0,0.0,0.001934236,0.0,0,0,0,1,1
64605,-1,0,-0.4483668,0.38974914,0,1,unassigned,2.0,2.0,0.0,1.0,0.0,0.0,0.0,0.0,0,0,0,0,0
64606,0,0,0.09883243,0.524688,1,1,val,7.0,7.0,0.0,1.0,0.0,0.0,0.00967118,0.0,0,0,0,1,0
64607,-1,1,1.2000697,0.76853716,1,1,unassigned,3.0,1.0,2.0,0.33333334,0.6666667,0.6666666,0.001934236,0.0012894907,1,0,0,1,0
64608,-1,0,5.922133,0.9973277,1,1,unassigned,5.0,5.0,0.0,1.0,0.0,0.0,0.0058027077,0.0,0,0,0,1,1
64609,-1,0,-0.29523593,0.4267225,0,1,unassigned,27.0,26.0,1.0,0.962963,0.037037037,0.037037015,0.0483559,0.0017909593,0,0,0,0,0
64610,-1,0,6.8174396,0.99890673,1,1,unassigned,6.0,6.0,0.0,1.0,0.0,0.0,0.007736944,0.0,0,0,0,1,1
64611,-1,0,6.665897,0.998728,1,1,unassigned,11.0,10.0,1.0,0.90909094,0.09090909,0.090909064,0.017408123,0.0015825568,0,0,0,1,1
64612,-1,0,-1.3417728,0.20721868,0,1,unassigned,2.0,2.0,0.0,1.0,0.0,0.0,0.0,0.0,0,0,0,0,0
64613,-1,1,0.8300281,0.6963609,1,1,unassigned,19.0,19.0,0.0,1.0,0.0,0.0,0.032882012,0.0,1,0,0,1,0
64614,-1,1,5.1435857,0.99419713,1,1,unassigned,17.0,17.0,0.0,1.0,0.0,0.0,0.029013539,0.0,1,0,0,1,1
64615,0,0,-0.19324517,0.45183852,0,0,test,12.0,12.0,0.0,1.0,0.0,0.0,0.01934236,0.0,0,0,1,0,0
64616,1,0,3.5312817,0.97156477,1,0,val,13.0,11.0,2.0,0.84615386,0.15384616,0.15384614,0.021276595,0.0032733225,0,0,1,1,1
64617,-1,0,3.3566277,0.9663212,1,1,unassigned,13.0,11.0,2.0,0.84615386,0.15384616,0.15384614,0.021276595,0.0032733225,0,0,0,1,1
64618,-1,1,4.1775,0.98489493,1,1,unassigned,16.0,10.0,6.0,0.625,0.375,0.375,0.027079303,0.010154739,1,0,0,1,1
64619,-1,1,-0.8172527,0.30634716,0,1,unassigned,29.0,27.0,2.0,0.9310345,0.06896552,0.068965495,0.05222437,0.0036016807,1,0,0,0,0
64620,1,0,3.0322735,0.95401096,1,0,unassigned,7.0,6.0,1.0,0.85714287,0.14285715,0.14285713,0.00967118,0.0013815971,0,0,1,1,1
64621,-1,0,3.3870354,0.96729696,1,1,unassigned,26.0,25.0,1.0,0.96153843,0.03846154,0.038461566,0.046421662,0.0017854486,0,0,0,1,1
64622,-1,0,0.3316905,0.5821706,1,1,unassigned,12.0,12.0,0.0,1.0,0.0,0.0,0.01934236,0.0,0,0,0,1,0
64623,-1,1,3.5466998,0.9719877,1,1,unassigned,3.0,3.0,0.0,1.0,0.0,0.0,0.001934236,0.0,1,0,0,1,1
64624,-1,0,-0.64565253,0.34396988,0,1,unassigned,2.0,2.0,0.0,1.0,0.0,0.0,0.0,0.0,0,0,0,0,0
64625,-1,1,-0.23370773,0.44183758,0,1,unassigned,2.0,2.0,0.0,1.0,0.0,0.0,0.0,0.0,1,0,0,0,0
64626,-1,0,3.32076,0.96513414,1,1,unassigned,5.0,5.0,0.0,1.0,0.0,0.0,0.0058027077,0.0,0,0,0,1,1
64627,-1,1,1.3148532,0.7883242,1,1,unassigned,2.0,2.0,0.0,1.0,0.0,0.0,0.0,0.0,1,0,0,1,0
64628,-1,0,4.743202,0.9913645,1,1,unassigned,12.0,11.0,1.0,0.9166667,0.083333336,0.08333331,0.01934236,0.0016118633,0,0,0,1,1
64629,-1,0,2.292598,0.90826213,1,1,unassigned,8.0,8.0,0.0,1.0,0.0,0.0,0.0116054155,0.0,0,0,0,1,1
64630,-1,0,1.8841841,0.868091,1,1,unassigned,15.0,14.0,1.0,0.93333334,0.06666667,0.06666666,0.025145067,0.0016763379,0,0,0,1,0
64631,-1,0,2.5334074,0.9264509,1,1,unassigned,12.0,12.0,0.0,1.0,0.0,0.0,0.01934236,0.0,0,0,0,1,1
64632,1,0,2.9201236,0.9488323,1,0,unassigned,11.0,11.0,0.0,1.0,0.0,0.0,0.017408123,0.0,0,0,1,1,1
64633,-1,1,1.3588829,0.79557806,1,1,unassigned,4.0,4.0,0.0,1.0,0.0,0.0,0.003868472,0.0,1,0,0,1,0
64634,-1,0,0.88437897,0.70772886,1,1,unassigned,12.0,12.0,0.0,1.0,0.0,0.0,0.01934236,0.0,0,0,0,1,0
64635,-1,1,0.9169226,0.71441466,1,1,unassigned,5.0,5.0,0.0,1.0,0.0,0.0,0.0058027077,0.0,1,0,0,1,0
64636,-1,0,5.295641,0.9950117,1,1,unassigned,46.0,44.0,2.0,0.95652175,0.04347826,0.04347825,0.08510638,0.0037002775,0,0,0,1,1
64637,-1,0,-0.081336826,0.47967696,0,1,unassigned,4.0,4.0,0.0,1.0,0.0,0.0,0.003868472,0.0,0,0,0,0,0
64638,1,1,2.1020687,0.8911041,1,0,test,18.0,16.0,2.0,0.8888889,0.11111111,0.111111104,0.030947777,0.0034386418,1,0,1,1,0
64639,-1,0,0.24777287,0.5616283,1,1,unassigned,2.0,2.0,0.0,1.0,0.0,0.0,0.0,0.0,0,0,0,1,0
64640,-1,1,0.2733789,0.56792223,1,1,unassigned,12.0,10.0,2.0,0.8333333,0.16666667,0.16666669,0.01934236,0.0032237265,1,0,0,1,0
64641,-1,0,-0.07501358,0.4812554,0,1,unassigned,9.0,8.0,1.0,0.8888889,0.11111111,0.111111104,0.013539651,0.0015044058,0,0,0,0,0
64642,-1,1,0.12758493,0.531853,1,1,unassigned,19.0,18.0,1.0,0.94736844,0.05263158,0.052631557,0.032882012,0.0017306323,1,0,0,1,0
64643,-1,0,-0.5150847,0.3740023,0,1,unassigned,56.0,56.0,0.0,1.0,0.0,0.0,0.10444874,0.0,0,0,0,0,0
64644,0,0,-0.23133305,0.44242328,0,0,val,50.0,50.0,0.0,1.0,0.0,0.0,0.092843324,0.0,0,0,1,0,0
64645,-1,0,0.30207515,0.57494974,1,1,unassigned,16.0,13.0,3.0,0.8125,0.1875,0.1875,0.027079303,0.0050773695,0,0,0,1,0
64646,-1,1,-0.6392982,0.34540522,0,1,unassigned,35.0,34.0,1.0,0.9714286,0.028571429,0.028571427,0.06382979,0.0018237082,1,0,0,0,0
64647,-1,1,2.843876,0.94500124,1,1,unassigned,2.0,2.0,0.0,1.0,0.0,0.0,0.0,0.0,1,0,0,1,1
64648,-1,1,7.895493,0.9996277,1,1,unassigned,3.0,3.0,0.0,1.0,0.0,0.0,0.001934236,0.0,1,0,0,1,1
64649,-1,1,-0.5916541,0.3562554,0,1,unassigned,4.0,4.0,0.0,1.0,0.0,0.0,0.003868472,0.0,1,0,0,0,0
64650,-1,0,1.8364279,0.86252564,1,1,unassigned,3.0,3.0,0.0,1.0,0.0,0.0,0.001934236,0.0,0,0,0,1,0
64651,-1,0,6.7371798,0.9988154,1,1,unassigned,8.0,8.0,0.0,1.0,0.0,0.0,0.0116054155,0.0,0,0,0,1,1
64652,-1,0,4.0104213,0.9821969,1,1,unassigned,2.0,2.0,0.0,1.0,0.0,0.0,0.0,0.0,0,0,0,1,1
64653,-1,0,1.0671351,0.7440517,1,1,unassigned,2.0,2.0,0.0,1.0,0.0,0.0,0.0,0.0,0,0,0,1,0
64654,0,1,-1.2279294,0.22654405,0,0,train,3.0,3.0,0.0,1.0,0.0,0.0,0.001934236,0.0,1,0,1,0,0
64655,-1,0,-0.3468495,0.41414663,0,1,unassigned,7.0,7.0,0.0,1.0,0.0,0.0,0.00967118,0.0,0,0,0,0,0
64656,-1,0,3.142051,0.95859444,1,1,unassigned,2.0,2.0,0.0,1.0,0.0,0.0,0.0,0.0,0,0,0,1,1
64657,-1,0,-0.37325427,0.4077549,0,1,unassigned,8.0,8.0,0.0,1.0,0.0,0.0,0.0116054155,0.0,0,0,0,0,0
64658,0,1,-0.66817117,0.33890647,0,0,test,15.0,14.0,1.0,0.93333334,0.06666667,0.06666666,0.025145067,0.0016763379,1,0,1,0,0
64659,0,0,-0.73356634,0.3244126,0,0,unassigned,17.0,17.0,0.0,1.0,0.0,0.0,0.029013539,0.0,0,0,1,0,0
64660,-1,0,-0.15716606,0.46078917,0,1,unassigned,3.0,2.0,1.0,0.6666667,0.33333334,0.3333333,0.001934236,0.00064474536,0,0,0,0,0
64661,-1,0,-0.85136956,0.29914564,0,1,unassigned,14.0,14.0,0.0,1.0,0.0,0.0,0.023210831,0.0,0,0,0,0,0
64662,-1,0,3.0081506,0.952941,1,1,unassigned,4.0,3.0,1.0,0.75,0.25,0.25,0.003868472,0.000967118,0,0,0,1,1
64663,-1,0,4.0141892,0.98226273,1,1,unassigned,28.0,25.0,3.0,0.89285713,0.10714286,0.107142866,0.050290134,0.0053882287,0,0,0,1,1
64664,-1,0,0.34635323,0.58573294,1,1,unassigned,32.0,32.0,0.0,1.0,0.0,0.0,0.058027077,0.0,0,0,0,1,0
64665,-1,0,-0.8831104,0.29253364,0,1,unassigned,2.0,2.0,0.0,1.0,0.0,0.0,0.0,0.0,0,0,0,0,0
64666,1,0,1.4493809,0.80990314,1,0,unassigned,2.0,2.0,0.0,1.0,0.0,0.0,0.0,0.0,0,0,1,1,0
64667,-1,1,1.5611613,0.82651997,1,1,unassigned,14.0,11.0,3.0,0.78571427,0.21428572,0.21428573,0.023210831,0.0049737496,1,0,0,1,0
64668,0,1,0.4271568,0.60519457,1,1,val,9.0,8.0,1.0,0.8888889,0.11111111,0.111111104,0.013539651,0.0015044058,1,0,0,1,0
64669,-1,1,1.7897317,0.8568944,1,1,unassigned,16.0,15.0,1.0,0.9375,0.0625,0.0625,0.027079303,0.0016924564,1,0,0,1,0
64670,-1,1,0.19352466,0.54823077,1,1,unassigned,6.0,5.0,1.0,0.8333333,0.16666667,0.16666669,0.007736944,0.0012894907,1,0,0,1,0
64671,-1,0,10.172447,0.99996173,1,1,unassigned,7.0,5.0,2.0,0.71428573,0.2857143,0.28571427,0.00967118,0.0027631943,0,0,0,1,1
64672,-1,1,2.855314,0.9455927,1,1,unassigned,33.0,28.0,5.0,0.8484849,0.15151516,0.15151513,0.059961315,0.009085048,1,0,0,1,1
64673,-1,0,-0.12900192,0.46779415,0,1,unassigned,30.0,29.0,1.0,0.96666664,0.033333335,0.03333336,0.054158606,0.001805287,0,0,0,0,0
64674,-1,0,2.8116271,0.9433009,1,1,unassigned,4.0,4.0,0.0,1.0,0.0,0.0,0.003868472,0.0,0,0,0,1,1
64675,-1,1,-0.2738421,0.4319641,0,1,unassigned,5.0,5.0,0.0,1.0,0.0,0.0,0.0058027077,0.0,1,0,0,0,0
64676,-1,1,3.115509,0.957528,1,1,unassigned,6.0,6.0,0.0,1.0,0.0,0.0,0.007736944,0.0,1,0,0,1,1
64677,-1,0,0.7958631,0.6890889,1,1,unassigned,7.0,7.0,0.0,1.0,0.0,0.0,0.00967118,0.0,0,0,0,1,0
64678,-1,1,8.481798,0.9997929,1,1,unassigned,60.0,48.0,12.0,0.8,0.2,0.19999999,0.11218569,0.022437138,1,0,0,1,1
64679,-1,0,-0.75277746,0.32021642,0,1,unassigned,6.0,6.0,0.0,1.0,0.0,0.0,0.007736944,0.0,0,0,0,0,0
64680,-1,0,4.69741,0.99096346,1,1,unassigned,7.0,7.0,0.0,1.0,0.0,0.0,0.00967118,0.0,0,0,0,1,1
64681,-1,0,2.0184414,0.8827198,1,1,unassigned,2.0,1.0,1.0,0.5,0.5,0.5,0.0,0.0,0,0,0,1,0
64682,-1,0,0.76858526,0.6832148,1,1,unassigned,2.0,2.0,0.0,1.0,0.0,0.0,0.0,0.0,0,0,0,1,0
64683,-1,0,-0.5926899,0.35601792,0,1,unassigned,2.0,2.0,0.0,1.0,0.0,0.0,0.0,0.0,0,0,0,0,0
64684,0,1,6.8217087,0.9989114,1,1,unassigned,3.0,3.0,0.0,1.0,0.0,0.0,0.001934236,0.0,1,0,0,1,1
64685,-1,0,6.752993,0.99883395,1,1,unassigned,3.0,3.0,0.0,1.0,0.0,0.0,0.001934236,0.0,0,0,0,1,1
64686,-1,1,5.5879087,0.99627113,1,1,unassigned,2.0,2.0,0.0,1.0,0.0,0.0,0.0,0.0,1,0,0,1,1
64687,-1,0,6.6106753,0.9986559,1,1,unassigned,4.0,4.0,0.0,1.0,0.0,0.0,0.003868472,0.0,0,0,0,1,1
64688,-1,0,2.1717257,0.89768153,1,1,unassigned,28.0,26.0,2.0,0.9285714,0.071428575,0.0714286,0.050290134,0.0035921526,0,0,0,1,0
64689,-1,0,4.9711537,0.9931126,1,1,unassigned,12.0,10.0,2.0,0.8333333,0.16666667,0.16666669,0.01934236,0.0032237265,0,0,0,1,1
64690,-1,1,2.788688,0.9420615,1,1,unassigned,13.0,10.0,3.0,0.7692308,0.23076923,0.23076922,0.021276595,0.0049099834,1,0,0,1,1
64691,1,1,2.4138973,0.9178809,1,0,val,19.0,17.0,2.0,0.8947368,0.10526316,0.10526317,0.032882012,0.0034612645,1,0,1,1,1
64692,-1,1,1.1638258,0.7620272,1,1,unassigned,9.0,8.0,1.0,0.8888889,0.11111111,0.111111104,0.013539651,0.0015044058,1,0,0,1,0
64693,-1,0,0.7453292,0.67816013,1,1,unassigned,5.0,5.0,0.0,1.0,0.0,0.0,0.0058027077,0.0,0,0,0,1,0
64694,-1,1,3.2312727,0.96199435,1,1,unassigned,12.0,12.0,0.0,1.0,0.0,0.0,0.01934236,0.0,1,0,0,1,1
64695,-1,0,-0.36624724,0.40944815,0,1,unassigned,4.0,4.0,0.0,1.0,0.0,0.0,0.003868472,0.0,0,0,0,0,0
64696,-1,0,-0.3233856,0.41985083,0,1,unassigned,4.0,4.0,0.0,1.0,0.0,0.0,0.003868472,0.0,0,0,0,0,0
64697,-1,1,-0.4546441,0.38825715,0,1,unassigned,20.0,20.0,0.0,1.0,0.0,0.0,0.034816246,0.0,1,0,0,0,0
64698,-1,0,2.4438274,0.9201089,1,1,unassigned,2.0,2.0,0.0,1.0,0.0,0.0,0.0,0.0,0,0,0,1,1
64699,-1,1,0.9485741,0.72082835,1,1,unassigned,7.0,7.0,0.0,1.0,0.0,0.0,0.00967118,0.0,1,0,0,1,0
64700,-1,1,5.300447,0.9950354,1,1,unassigned,4.0,4.0,0.0,1.0,0.0,0.0,0.003868472,0.0,1,0,0,1,1
64701,1,1,-0.1869447,0.45339945,0,1,unassigned,3.0,3.0,0.0,1.0,0.0,0.0,0.001934236,0.0,1,0,0,0,0
64702,-1,1,2.4806044,0.92277086,1,1,unassigned,15.0,14.0,1.0,0.93333334,0.06666667,0.06666666,0.025145067,0.0016763379,1,0,0,1,1
64703,-1,1,-0.6598987,0.34076235,0,1,unassigned,12.0,12.0,0.0,1.0,0.0,0.0,0.01934236,0.0,1,0,0,0,0
64704,-1,0,3.2085645,0.9611553,1,1,unassigned,4.0,4.0,0.0,1.0,0.0,0.0,0.003868472,0.0,0,0,0,1,1
64705,-1,1,4.909496,0.9926778,1,1,unassigned,7.0,7.0,0.0,1.0,0.0,0.0,0.00967118,0.0,1,0,0,1,1
64706,0,1,0.751834,0.6795781,1,1,unassigned,15.0,14.0,1.0,0.93333334,0.06666667,0.06666666,0.025145067,0.0016763379,1,0,0,1,0
64707,-1,0,6.299311,0.9981658,1,1,unassigned,2.0,2.0,0.0,1.0,0.0,0.0,0.0,0.0,0,0,0,1,1
64708,-1,1,-0.53312796,0.36978763,0,1,unassigned,26.0,26.0,0.0,1.0,0.0,0.0,0.046421662,0.0,1,0,0,0,0
64709,1,1,0.0753842,0.51883715,1,0,val,30.0,27.0,3.0,0.9,0.1,0.100000024,0.054158606,0.0054158606,1,0,1,1,0
64710,-1,0,4.051608,0.98290294,1,1,unassigned,4.0,4.0,0.0,1.0,0.0,0.0,0.003868472,0.0,0,0,0,1,1
64711,-1,0,0.06959665,0.51739216,1,1,unassigned,24.0,24.0,0.0,1.0,0.0,0.0,0.04255319,0.0,0,0,0,1,0
64712,-1,1,4.5797467,0.98984665,1,1,unassigned,2.0,2.0,0.0,1.0,0.0,0.0,0.0,0.0,1,0,0,1,1
64713,-1,0,4.077666,0.9833354,1,1,unassigned,3.0,1.0,2.0,0.33333334,0.6666667,0.6666666,0.001934236,0.0012894907,0,0,0,1,1
64714,-1,1,3.2210114,0.9616174,1,1,unassigned,69.0,67.0,2.0,0.9710145,0.028985508,0.0289855,0.1295938,0.0037563422,1,0,0,1,1
64715,-1,1,-0.079791546,0.4800627,0,1,unassigned,38.0,36.0,2.0,0.94736844,0.05263158,0.052631557,0.06963249,0.0036648682,1,0,0,0,0
64716,-1,1,-0.03011161,0.49247268,0,1,unassigned,6.0,6.0,0.0,1.0,0.0,0.0,0.007736944,0.0,1,0,0,0,0
64717,-1,0,-0.6918709,0.333617,0,1,unassigned,3.0,3.0,0.0,1.0,0.0,0.0,0.001934236,0.0,0,0,0,0,0
64718,-1,1,1.6273108,0.83580095,1,1,unassigned,7.0,7.0,0.0,1.0,0.0,0.0,0.00967118,0.0,1,0,0,1,0
64719,-1,1,-0.19278017,0.45195365,0,1,unassigned,8.0,8.0,0.0,1.0,0.0,0.0,0.0116054155,0.0,1,0,0,0,0
64720,-1,0,-0.50114346,0.37727198,0,1,unassigned,20.0,7.0,13.0,0.35,0.65,0.65,0.034816246,0.02263056,0,0,0,0,0
64721,-1,1,-0.18607458,0.4536151,0,1,unassigned,11.0,9.0,2.0,0.8181818,0.18181819,0.18181819,0.017408123,0.0031651135,1,0,0,0,0
64722,-1,0,-0.13264817,0.46688652,0,1,unassigned,31.0,31.0,0.0,1.0,0.0,0.0,0.056092843,0.0,0,0,0,0,0
64723,-1,1,1.7446597,0.85127795,1,1,unassigned,10.0,7.0,3.0,0.7,0.3,0.3,0.015473888,0.0046421667,1,0,0,1,0
64724,-1,1,-0.73598576,0.32388255,0,1,unassigned,18.0,17.0,1.0,0.9444444,0.055555556,0.055555582,0.030947777,0.0017193209,1,0,0,0,0
64725,-1,1,-0.44862396,0.38968801,0,1,unassigned,75.0,74.0,1.0,0.9866667,0.013333334,0.013333321,0.14119923,0.0018826565,1,0,0,0,0
64726,-1,0,-0.75576055,0.3195674,0,1,unassigned,3.0,2.0,1.0,0.6666667,0.33333334,0.3333333,0.001934236,0.00064474536,0,0,0,0,0
64727,-1,0,-0.8422387,0.3010635,0,1,unassigned,6.0,6.0,0.0,1.0,0.0,0.0,0.007736944,0.0,0,0,0,0,0
64728,-1,1,5.519421,0.9960078,1,1,unassigned,4.0,3.0,1.0,0.75,0.25,0.25,0.003868472,0.000967118,1,0,0,1,1
64729,-1,1,-0.23628446,0.4412022,0,1,unassigned,26.0,21.0,5.0,0.8076923,0.1923077,0.19230771,0.046421662,0.008927243,1,0,0,0,0
64730,-1,0,0.09622878,0.5240386,1,1,unassigned,12.0,10.0,2.0,0.8333333,0.16666667,0.16666669,0.01934236,0.0032237265,0,0,0,1,0
64731,-1,0,0.99345106,0.729769,1,1,unassigned,4.0,4.0,0.0,1.0,0.0,0.0,0.003868472,0.0,0,0,0,1,0
64732,-1,1,0.20976669,0.5522502,1,1,unassigned,9.0,6.0,3.0,0.6666667,0.33333334,0.3333333,0.013539651,0.004513217,1,0,0,1,0
64733,-1,1,2.8067734,0.9430408,1,1,unassigned,4.0,3.0,1.0,0.75,0.25,0.25,0.003868472,0.000967118,1,0,0,1,1
64734,0,0,-0.8372396,0.30211645,0,0,val,2.0,2.0,0.0,1.0,0.0,0.0,0.0,0.0,0,0,1,0,0
64735,0,1,-0.05460137,0.48635307,0,0,unassigned,5.0,3.0,2.0,0.6,0.4,0.39999998,0.0058027077,0.002321083,1,0,1,0,0
64736,-1,0,7.5854506,0.9994924,1,1,unassigned,7.0,6.0,1.0,0.85714287,0.14285715,0.14285713,0.00967118,0.0013815971,0,0,0,1,1
64737,-1,0,-0.22569159,0.44381538,0,1,unassigned,195.0,11.0,184.0,0.056410257,0.94358975,0.94358975,0.37330756,0.35224918,0,0,0,0,0
64738,-1,1,0.30478173,0.57561105,1,1,unassigned,4.0,4.0,0.0,1.0,0.0,0.0,0.003868472,0.0,1,0,0,1,0
64739,-1,1,1.0079875,0.73262614,1,1,unassigned,2.0,2.0,0.0,1.0,0.0,0.0,0.0,0.0,1,0,0,1,0
64740,-1,0,1.8049467,0.85875005,1,1,unassigned,3.0,3.0,0.0,1.0,0.0,0.0,0.001934236,0.0,0,0,0,1,0
64741,-1,0,0.27337116,0.5679203,1,1,unassigned,15.0,15.0,0.0,1.0,0.0,0.0,0.025145067,0.0,0,0,0,1,0
64742,-1,0,3.9495528,0.9811008,1,1,unassigned,4.0,3.0,1.0,0.75,0.25,0.25,0.003868472,0.000967118,0,0,0,1,1
64743,-1,0,8.413299,0.9997782,1,1,unassigned,8.0,8.0,0.0,1.0,0.0,0.0,0.0116054155,0.0,0,0,0,1,1
64744,-1,1,4.0156426,0.982288,1,1,unassigned,21.0,21.0,0.0,1.0,0.0,0.0,0.036750484,0.0,1,0,0,1,1
64745,-1,1,4.644589,0.99047804,1,1,unassigned,16.0,16.0,0.0,1.0,0.0,0.0,0.027079303,0.0,1,0,0,1,1
64746,1,1,5.7593656,0.9968568,1,0,val,21.0,20.0,1.0,0.95238096,0.04761905,0.047619045,0.036750484,0.0017500231,1,0,1,1,1
64747,-1,1,8.816741,0.9998518,1,1,unassigned,25.0,24.0,1.0,0.96,0.04,0.04000002,0.044487428,0.001779497,1,0,0,1,1
64748,-1,1,-0.8255023,0.30459693,0,1,unassigned,28.0,19.0,9.0,0.6785714,0.32142857,0.3214286,0.050290134,0.016164687,1,0,0,0,0
64749,-1,1,6.139069,0.9978477,1,1,unassigned,4.0,3.0,1.0,0.75,0.25,0.25,0.003868472,0.000967118,1,0,0,1,1
64750,0,0,0.7541502,0.6800823,1,1,val,16.0,15.0,1.0,0.9375,0.0625,0.0625,0.027079303,0.0016924564,0,0,0,1,0
64751,-1,0,2.7151873,0.93791693,1,1,unassigned,4.0,4.0,0.0,1.0,0.0,0.0,0.003868472,0.0,0,0,0,1,1
64752,0,0,0.4068693,0.60033697,1,1,test,24.0,24.0,0.0,1.0,0.0,0.0,0.04255319,0.0,0,0,0,1,0
64753,-1,0,1.8372514,0.86262333,1,1,unassigned,23.0,23.0,0.0,1.0,0.0,0.0,0.040618956,0.0,0,0,0,1,0
64754,-1,1,-0.24163485,0.4398835,0,1,unassigned,56.0,43.0,13.0,0.76785713,0.23214285,0.23214287,0.10444874,0.02424703,1,0,0,0,0
64755,-1,0,3.6797326,0.9753912,1,1,unassigned,4.0,3.0,1.0,0.75,0.25,0.25,0.003868472,0.000967118,0,0,0,1,1
64756,0,0,-0.65912807,0.34093553,0,0,test,47.0,46.0,1.0,0.9787234,0.021276595,0.021276593,0.08704062,0.001851928,0,0,1,0,0
64757,1,1,0.3819459,0.5943423,1,0,val,16.0,14.0,2.0,0.875,0.125,0.125,0.027079303,0.0033849129,1,0,1,1,0
64758,-1,0,3.5155823,0.9711279,1,1,unassigned,5.0,5.0,0.0,1.0,0.0,0.0,0.0058027077,0.0,0,0,0,1,1
64759,-1,0,2.435413,0.91948813,1,1,unassigned,2.0,2.0,0.0,1.0,0.0,0.0,0.0,0.0,0,0,0,1,1
64760,-1,0,1.0379825,0.73846054,1,1,unassigned,13.0,13.0,0.0,1.0,0.0,0.0,0.021276595,0.0,0,0,0,1,0
64761,-1,1,-0.8365127,0.30226976,0,1,unassigned,33.0,32.0,1.0,0.969697,0.030303031,0.030303001,0.059961315,0.0018170096,1,0,0,0,0
64762,-1,0,1.8391297,0.8628458,1,1,unassigned,7.0,6.0,1.0,0.85714287,0.14285715,0.14285713,0.00967118,0.0013815971,0,0,0,1,0
64763,0,1,-0.4303835,0.39403477,0,0,unassigned,39.0,37.0,2.0,0.94871795,0.051282052,0.05128205,0.07156673,0.0036700887,1,0,1,0,0
64764,-1,1,5.303062,0.9950482,1,1,unassigned,33.0,33.0,0.0,1.0,0.0,0.0,0.059961315,0.0,1,0,0,1,1
64765,-1,0,0.36492342,0.5902317,1,1,unassigned,6.0,6.0,0.0,1.0,0.0,0.0,0.007736944,0.0,0,0,0,1,0
64766,-1,0,-0.44796014,0.38984588,0,1,unassigned,32.0,31.0,1.0,0.96875,0.03125,0.03125,0.058027077,0.0018133462,0,0,0,0,0
64767,-1,1,4.323226,0.9869164,1,1,unassigned,14.0,14.0,0.0,1.0,0.0,0.0,0.023210831,0.0,1,0,0,1,1
64768,-1,1,4.3500695,0.9872585,1,1,unassigned,2.0,2.0,0.0,1.0,0.0,0.0,0.0,0.0,1,0,0,1,1
64769,-1,1,-0.55069727,0.36570266,0,1,unassigned,95.0,92.0,3.0,0.96842104,0.031578947,0.031578958,0.17988394,0.0056805452,1,0,0,0,0
64770,-1,1,4.4174743,0.98807913,1,1,unassigned,34.0,34.0,0.0,1.0,0.0,0.0,0.061895553,0.0,1,0,0,1,1
64771,-1,1,6.102917,0.99776864,1,1,unassigned,18.0,18.0,0.0,1.0,0.0,0.0,0.030947777,0.0,1,0,0,1,1
64772,-1,0,0.13528734,0.5337703,1,1,unassigned,80.0,80.0,0.0,1.0,0.0,0.0,0.15087041,0.0,0,0,0,1,0
64773,-1,1,1.1931999,0.7673129,1,1,unassigned,16.0,15.0,1.0,0.9375,0.0625,0.0625,0.027079303,0.0016924564,1,0,0,1,0
64774,-1,1,3.75151,0.97705644,1,1,unassigned,17.0,16.0,1.0,0.9411765,0.05882353,0.058823526,0.029013539,0.0017066788,1,0,0,1,1
64775,-1,1,0.048039854,0.51200765,1,1,unassigned,8.0,8.0,0.0,1.0,0.0,0.0,0.0116054155,0.0,1,0,0,1,0
64776,-1,1,0.6365724,0.6539783,1,1,unassigned,5.0,5.0,0.0,1.0,0.0,0.0,0.0058027077,0.0,1,0,0,1,0
64777,-1,0,1.3106296,0.7876185,1,1,unassigned,2.0,2.0,0.0,1.0,0.0,0.0,0.0,0.0,0,0,0,1,0
64778,-1,0,-0.31020772,0.42306405,0,1,unassigned,3.0,2.0,1.0,0.6666667,0.33333334,0.3333333,0.001934236,0.00064474536,0,0,0,0,0
64779,0,0,-0.21776313,0.44577336,0,0,test,35.0,33.0,2.0,0.94285715,0.057142857,0.057142854,0.06382979,0.0036474164,0,0,1,0,0
64780,-1,0,1.3221025,0.7895313,1,1,unassigned,29.0,29.0,0.0,1.0,0.0,0.0,0.05222437,0.0,0,0,0,1,0
64781,-1,1,0.11002898,0.5274795,1,1,unassigned,3.0,3.0,0.0,1.0,0.0,0.0,0.001934236,0.0,1,0,0,1,0
64782,-1,0,-0.06655431,0.48336756,0,1,unassigned,4.0,4.0,0.0,1.0,0.0,0.0,0.003868472,0.0,0,0,0,0,0
64783,-1,1,0.06846154,0.51710874,1,1,unassigned,10.0,10.0,0.0,1.0,0.0,0.0,0.015473888,0.0,1,0,0,1,0
64784,-1,0,5.2571588,0.99481696,1,1,unassigned,22.0,22.0,0.0,1.0,0.0,0.0,0.03868472,0.0,0,0,0,1,1
64785,-1,1,1.3108308,0.78765213,1,1,unassigned,6.0,4.0,2.0,0.6666667,0.33333334,0.3333333,0.007736944,0.0025789815,1,0,0,1,0
64786,-1,0,4.5386553,0.9894252,1,1,unassigned,3.0,3.0,0.0,1.0,0.0,0.0,0.001934236,0.0,0,0,0,1,1
64787,1,1,0.2249704,0.55600655,1,0,test,3.0,1.0,2.0,0.33333334,0.6666667,0.6666666,0.001934236,0.0012894907,1,0,1,1,0
64788,-1,1,10.279836,0.99996567,1,1,unassigned,11.0,3.0,8.0,0.27272728,0.72727275,0.72727275,0.017408123,0.012660454,1,0,0,1,1
64789,-1,1,2.8555272,0.94560367,1,1,unassigned,5.0,5.0,0.0,1.0,0.0,0.0,0.0058027077,0.0,1,0,0,1,1
64790,0,0,-0.22814348,0.4432102,0,0,unassigned,3.0,2.0,1.0,0.6666667,0.33333334,0.3333333,0.001934236,0.00064474536,0,0,1,0,0
64791,-1,0,-0.44912824,0.38956806,0,1,unassigned,4.0,4.0,0.0,1.0,0.0,0.0,0.003868472,0.0,0,0,0,0,0
64792,-1,1,4.812567,0.99193853,1,1,unassigned,61.0,57.0,4.0,0.93442625,0.06557377,0.06557375,0.114119925,0.0074832733,1,0,0,1,1
64793,-1,0,-0.06293869,0.48427054,0,1,unassigned,2.0,2.0,0.0,1.0,0.0,0.0,0.0,0.0,0,0,0,0,0
64794,-1,0,4.568704,0.989735,1,1,unassigned,2.0,2.0,0.0,1.0,0.0,0.0,0.0,0.0,0,0,0,1,1
64795,-1,1,7.7204595,0.9995565,1,1,unassigned,16.0,16.0,0.0,1.0,0.0,0.0,0.027079303,0.0,1,0,0,1,1
64796,0,1,2.0357492,0.8844997,1,1,val,8.0,8.0,0.0,1.0,0.0,0.0,0.0116054155,0.0,1,0,0,1,0
64797,-1,1,2.671462,0.9353215,1,1,unassigned,17.0,17.0,0.0,1.0,0.0,0.0,0.029013539,0.0,1,0,0,1,1
64798,-1,1,1.5476329,0.8245716,1,1,unassigned,24.0,24.0,0.0,1.0,0.0,0.0,0.04255319,0.0,1,0,0,1,0
64799,-1,1,1.7568104,0.85280967,1,1,unassigned,7.0,7.0,0.0,1.0,0.0,0.0,0.00967118,0.0,1,0,0,1,0
64800,1,1,-0.8905233,0.29100183,0,1,test,49.0,48.0,1.0,0.97959185,0.020408163,0.020408154,0.09090909,0.0018552876,1,0,0,0,0
64801,-1,1,-0.52695525,0.37122732,0,1,unassigned,52.0,52.0,0.0,1.0,0.0,0.0,0.0967118,0.0,1,0,0,0,0
64802,-1,0,-0.032596648,0.49185157,0,1,unassigned,3.0,2.0,1.0,0.6666667,0.33333334,0.3333333,0.001934236,0.00064474536,0,0,0,0,0
64803,1,1,-0.03580463,0.49104983,0,1,val,19.0,18.0,1.0,0.94736844,0.05263158,0.052631557,0.032882012,0.0017306323,1,0,0,0,0
64804,-1,1,-0.48520744,0.3810232,0,1,unassigned,36.0,36.0,0.0,1.0,0.0,0.0,0.065764025,0.0,1,0,0,0,0
64805,-1,1,2.3194764,0.9104773,1,1,unassigned,2.0,2.0,0.0,1.0,0.0,0.0,0.0,0.0,1,0,0,1,1
64806,-1,0,9.980825,0.99995375,1,1,unassigned,4.0,4.0,0.0,1.0,0.0,0.0,0.003868472,0.0,0,0,0,1,1
64807,-1,1,-0.45821398,0.3874096,0,1,unassigned,33.0,31.0,2.0,0.93939394,0.060606062,0.060606062,0.059961315,0.0036340193,1,0,0,0,0
64808,-1,0,-0.8427224,0.30096173,0,1,unassigned,2.0,2.0,0.0,1.0,0.0,0.0,0.0,0.0,0,0,0,0,0
64809,-1,0,0.58021504,0.64111686,1,1,unassigned,5.0,4.0,1.0,0.8,0.2,0.19999999,0.0058027077,0.0011605415,0,0,0,1,0
64810,-1,1,0.24181491,0.5601608,1,1,unassigned,22.0,22.0,0.0,1.0,0.0,0.0,0.03868472,0.0,1,0,0,1,0
64811,-1,1,3.083648,0.95621324,1,1,unassigned,8.0,8.0,0.0,1.0,0.0,0.0,0.0116054155,0.0,1,0,0,1,1
64812,1,1,-0.42387533,0.3955898,0,1,unassigned,67.0,65.0,2.0,0.9701493,0.029850746,0.029850721,0.12572534,0.0037529953,1,0,0,0,0
64813,1,1,0.99199694,0.7294822,1,0,unassigned,8.0,8.0,0.0,1.0,0.0,0.0,0.0116054155,0.0,1,0,1,1,0
64814,-1,1,1.89204,0.8689879,1,1,unassigned,18.0,18.0,0.0,1.0,0.0,0.0,0.030947777,0.0,1,0,0,1,0
64815,-1,1,1.7714627,0.8546395,1,1,unassigned,12.0,11.0,1.0,0.9166667,0.083333336,0.08333331,0.01934236,0.0016118633,1,0,0,1,0
64816,-1,1,0.09328437,0.52330416,1,1,unassigned,2.0,2.0,0.0,1.0,0.0,0.0,0.0,0.0,1,0,0,1,0
64817,-1,0,1.2530487,0.7778272,1,1,unassigned,2.0,2.0,0.0,1.0,0.0,0.0,0.0,0.0,0,0,0,1,0
64818,-1,0,0.058226705,0.5145526,1,1,unassigned,2.0,2.0,0.0,1.0,0.0,0.0,0.0,0.0,0,0,0,1,0
64819,-1,0,0.6737204,0.66233575,1,1,unassigned,6.0,5.0,1.0,0.8333333,0.16666667,0.16666669,0.007736944,0.0012894907,0,0,0,1,0
64820,-1,0,0.8923016,0.70936495,1,1,unassigned,5.0,5.0,0.0,1.0,0.0,0.0,0.0058027077,0.0,0,0,0,1,0
64821,0,1,-0.47785547,0.38275865,0,0,test,8.0,8.0,0.0,1.0,0.0,0.0,0.0116054155,0.0,1,0,1,0,0
64822,-1,1,-0.23150921,0.44237983,0,1,unassigned,5.0,5.0,0.0,1.0,0.0,0.0,0.0058027077,0.0,1,0,0,0,0
64823,-1,0,4.0147624,0.98227274,1,1,unassigned,5.0,5.0,0.0,1.0,0.0,0.0,0.0058027077,0.0,0,0,0,1,1
64824,-1,0,6.472592,0.9984572,1,1,unassigned,6.0,5.0,1.0,0.8333333,0.16666667,0.16666669,0.007736944,0.0012894907,0,0,0,1,1
64825,-1,0,-0.6488726,0.34324363,0,1,unassigned,10.0,9.0,1.0,0.9,0.1,0.100000024,0.015473888,0.0015473888,0,0,0,0,0
64826,-1,1,-0.089262694,0.47769913,0,1,unassigned,3.0,3.0,0.0,1.0,0.0,0.0,0.001934236,0.0,1,0,0,0,0
64827,-1,1,1.030704,0.7370523,1,1,unassigned,2.0,2.0,0.0,1.0,0.0,0.0,0.0,0.0,1,0,0,1,0
64828,-1,1,-0.3319317,0.41777068,0,1,unassigned,3.0,3.0,0.0,1.0,0.0,0.0,0.001934236,0.0,1,0,0,0,0
64829,0,0,-0.28456554,0.42933482,0,0,val,3.0,2.0,1.0,0.6666667,0.33333334,0.3333333,0.001934236,0.00064474536,0,0,1,0,0
64830,-1,1,-0.9540443,0.2780722,0,1,unassigned,48.0,46.0,2.0,0.9583333,0.041666668,0.041666687,0.088974856,0.0037072857,1,0,0,0,0
64831,-1,0,4.3570037,0.9873454,1,1,unassigned,19.0,13.0,6.0,0.68421054,0.31578946,0.31578946,0.032882012,0.010383793,0,0,0,1,1
64832,-1,1,0.10467905,0.5261459,1,1,unassigned,4.0,4.0,0.0,1.0,0.0,0.0,0.003868472,0.0,1,0,0,1,0
64833,-1,1,0.016815603,0.5042038,1,1,unassigned,13.0,13.0,0.0,1.0,0.0,0.0,0.021276595,0.0,1,0,0,1,0
64834,-1,1,-0.21860671,0.44556493,0,1,unassigned,27.0,27.0,0.0,1.0,0.0,0.0,0.0483559,0.0,1,0,0,0,0
64835,-1,1,4.017533,0.9823209,1,1,unassigned,17.0,17.0,0.0,1.0,0.0,0.0,0.029013539,0.0,1,0,0,1,1
64836,-1,1,2.1261039,0.89341456,1,1,unassigned,27.0,26.0,1.0,0.962963,0.037037037,0.037037015,0.0483559,0.0017909593,1,0,0,1,0
64837,-1,1,-0.19779274,0.45071235,0,1,unassigned,6.0,6.0,0.0,1.0,0.0,0.0,0.007736944,0.0,1,0,0,0,0
64838,-1,1,0.23268604,0.5579105,1,1,unassigned,7.0,7.0,0.0,1.0,0.0,0.0,0.00967118,0.0,1,0,0,1,0
64839,-1,1,-0.07878941,0.48031282,0,1,unassigned,6.0,5.0,1.0,0.8333333,0.16666667,0.16666669,0.007736944,0.0012894907,1,0,0,0,0
64840,-1,0,-0.6432787,0.34450576,0,1,unassigned,3.0,3.0,0.0,1.0,0.0,0.0,0.001934236,0.0,0,0,0,0,0
64841,-1,0,7.762448,0.9995747,1,1,unassigned,14.0,12.0,2.0,0.85714287,0.14285715,0.14285713,0.023210831,0.0033158332,0,0,0,1,1
64842,-1,0,10.830599,0.9999802,1,1,unassigned,2.0,2.0,0.0,1.0,0.0,0.0,0.0,0.0,0,0,0,1,1
64843,-1,1,6.369435,0.99828976,1,1,unassigned,2.0,2.0,0.0,1.0,0.0,0.0,0.0,0.0,1,0,0,1,1
64844,-1,0,1.5171816,0.82012314,1,1,unassigned,4.0,4.0,0.0,1.0,0.0,0.0,0.003868472,0.0,0,0,0,1,0
64845,-1,1,2.8991716,0.94780546,1,1,unassigned,3.0,3.0,0.0,1.0,0.0,0.0,0.001934236,0.0,1,0,0,1,1
64846,-1,1,5.6616893,0.9965354,1,1,unassigned,3.0,2.0,1.0,0.6666667,0.33333334,0.3333333,0.001934236,0.00064474536,1,0,0,1,1
64847,-1,1,1.7479894,0.85169905,1,1,unassigned,3.0,3.0,0.0,1.0,0.0,0.0,0.001934236,0.0,1,0,0,1,0
64848,-1,1,0.90498465,0.7119727,1,1,unassigned,3.0,2.0,1.0,0.6666667,0.33333334,0.3333333,0.001934236,0.00064474536,1,0,0,1,0
64849,-1,1,-0.42120728,0.3962279,0,1,unassigned,32.0,32.0,0.0,1.0,0.0,0.0,0.058027077,0.0,1,0,0,0,0
64850,-1,1,3.7782576,0.97764856,1,1,unassigned,3.0,3.0,0.0,1.0,0.0,0.0,0.001934236,0.0,1,0,0,1,1
64851,-1,1,0.4187042,0.60317314,1,1,unassigned,54.0,54.0,0.0,1.0,0.0,0.0,0.10058027,0.0,1,0,0,1,0
64852,-1,1,-0.16645423,0.45848227,0,1,unassigned,40.0,39.0,1.0,0.975,0.025,0.024999976,0.07350097,0.0018375242,1,0,0,0,0
64853,0,1,-0.6652323,0.33956525,0,0,unassigned,111.0,110.0,1.0,0.990991,0.009009009,0.009009004,0.21083172,0.0018993849,1,0,1,0,0
64854,-1,1,-0.6255629,0.3485173,0,1,unassigned,40.0,38.0,2.0,0.95,0.05,0.050000012,0.07350097,0.0036750485,1,0,0,0,0
64855,0,1,-0.80233264,0.30952677,0,0,test,25.0,25.0,0.0,1.0,0.0,0.0,0.044487428,0.0,1,0,1,0,0
64856,-1,1,1.7213461,0.8483021,1,1,unassigned,3.0,2.0,1.0,0.6666667,0.33333334,0.3333333,0.001934236,0.00064474536,1,0,0,1,0
64857,-1,0,-0.15102512,0.46231532,0,1,unassigned,2.0,2.0,0.0,1.0,0.0,0.0,0.0,0.0,0,0,0,0,0
64858,-1,0,0.44010216,0.60828334,1,1,unassigned,7.0,7.0,0.0,1.0,0.0,0.0,0.00967118,0.0,0,0,0,1,0
64859,-1,0,-0.9059907,0.28782097,0,1,unassigned,3.0,2.0,1.0,0.6666667,0.33333334,0.3333333,0.001934236,0.00064474536,0,0,0,0,0
64860,-1,1,-0.70060766,0.3316775,0,1,unassigned,5.0,4.0,1.0,0.8,0.2,0.19999999,0.0058027077,0.0011605415,1,0,0,0,0
64861,-1,0,2.866732,0.9461772,1,1,unassigned,2.0,2.0,0.0,1.0,0.0,0.0,0.0,0.0,0,0,0,1,1
64862,1,1,1.3119843,0.787845,1,0,train,33.0,29.0,4.0,0.8787879,0.121212125,0.121212125,0.059961315,0.0072680386,1,0,1,1,0
64863,-1,0,9.028214,0.9998801,1,1,unassigned,2.0,2.0,0.0,1.0,0.0,0.0,0.0,0.0,0,0,0,1,1
64864,-1,1,6.0160394,0.9975667,1,1,unassigned,17.0,16.0,1.0,0.9411765,0.05882353,0.058823526,0.029013539,0.0017066788,1,0,0,1,1
64865,-1,1,8.58601,0.9998134,1,1,unassigned,16.0,14.0,2.0,0.875,0.125,0.125,0.027079303,0.0033849129,1,0,0,1,1
64866,-1,0,0.41800565,0.6030059,1,1,unassigned,18.0,15.0,3.0,0.8333333,0.16666667,0.16666669,0.030947777,0.005157963,0,0,0,1,0
64867,-1,1,-0.74190855,0.32258692,0,1,unassigned,25.0,19.0,6.0,0.76,0.24,0.24000001,0.044487428,0.010676983,1,0,0,0,0
64868,-1,1,2.451997,0.92070735,1,1,unassigned,12.0,12.0,0.0,1.0,0.0,0.0,0.01934236,0.0,1,0,0,1,1
64869,-1,1,5.21164,0.9945768,1,1,unassigned,15.0,15.0,0.0,1.0,0.0,0.0,0.025145067,0.0,1,0,0,1,1
64870,-1,1,2.591193,0.93029267,1,1,unassigned,9.0,9.0,0.0,1.0,0.0,0.0,0.013539651,0.0,1,0,0,1,1
64871,-1,0,0.66453344,0.660278,1,1,unassigned,12.0,12.0,0.0,1.0,0.0,0.0,0.01934236,0.0,0,0,0,1,0
64872,-1,0,3.1754348,0.9598993,1,1,unassigned,3.0,3.0,0.0,1.0,0.0,0.0,0.001934236,0.0,0,0,0,1,1
64873,-1,1,-0.25530303,0.43651867,0,1,unassigned,20.0,20.0,0.0,1.0,0.0,0.0,0.034816246,0.0,1,0,0,0,0
64874,-1,0,8.423984,0.9997805,1,1,unassigned,23.0,20.0,3.0,0.8695652,0.13043478,0.13043481,0.040618956,0.0052981246,0,0,0,1,1
64875,-1,0,8.619976,0.9998196,1,1,unassigned,20.0,17.0,3.0,0.85,0.15,0.14999998,0.034816246,0.005222437,0,0,0,1,1
64876,-1,0,0.6208429,0.65041023,1,1,unassigned,7.0,7.0,0.0,1.0,0.0,0.0,0.00967118,0.0,0,0,0,1,0
64877,-1,1,0.42085427,0.60368764,1,1,unassigned,20.0,19.0,1.0,0.95,0.05,0.050000012,0.034816246,0.0017408123,1,0,0,1,0
64878,-1,1,0.3549158,0.58780915,1,1,unassigned,48.0,45.0,3.0,0.9375,0.0625,0.0625,0.088974856,0.0055609285,1,0,0,1,0
64879,-1,1,2.3832324,0.91553974,1,1,unassigned,29.0,28.0,1.0,0.9655172,0.03448276,0.034482777,0.05222437,0.0018008404,1,0,0,1,1
64880,-1,1,4.3831205,0.9876676,1,1,unassigned,24.0,23.0,1.0,0.9583333,0.041666668,0.041666687,0.04255319,0.0017730496,1,0,0,1,1
64881,-1,1,2.358062,0.9135729,1,1,unassigned,26.0,26.0,0.0,1.0,0.0,0.0,0.046421662,0.0,1,0,0,1,1
64882,-1,0,0.052725434,0.5131783,1,1,unassigned,3.0,2.0,1.0,0.6666667,0.33333334,0.3333333,0.001934236,0.00064474536,0,0,0,1,0
64883,-1,1,4.946672,0.9929431,1,1,unassigned,4.0,3.0,1.0,0.75,0.25,0.25,0.003868472,0.000967118,1,0,0,1,1
64884,-1,0,-0.57503957,0.36007482,0,1,unassigned,20.0,20.0,0.0,1.0,0.0,0.0,0.034816246,0.0,0,0,0,0,0
64885,-1,1,5.2310934,0.9946807,1,1,unassigned,5.0,4.0,1.0,0.8,0.2,0.19999999,0.0058027077,0.0011605415,1,0,0,1,1
64886,-1,1,4.6962743,0.9909533,1,1,unassigned,5.0,3.0,2.0,0.6,0.4,0.39999998,0.0058027077,0.002321083,1,0,0,1,1
64887,-1,1,4.880956,0.99246746,1,1,unassigned,2.0,2.0,0.0,1.0,0.0,0.0,0.0,0.0,1,0,0,1,1
64888,-1,0,0.07267636,0.51816106,1,1,unassigned,5.0,5.0,0.0,1.0,0.0,0.0,0.0058027077,0.0,0,0,0,1,0
64889,-1,1,2.0114825,0.88199747,1,1,unassigned,4.0,3.0,1.0,0.75,0.25,0.25,0.003868472,0.000967118,1,0,0,1,0
64890,-1,1,4.0181975,0.9823324,1,1,unassigned,14.0,13.0,1.0,0.9285714,0.071428575,0.0714286,0.023210831,0.0016579166,1,0,0,1,1
64891,-1,0,-0.8862107,0.29189244,0,1,unassigned,2.0,2.0,0.0,1.0,0.0,0.0,0.0,0.0,0,0,0,0,0
64892,0,1,-0.2522007,0.4372819,0,0,unassigned,2.0,2.0,0.0,1.0,0.0,0.0,0.0,0.0,1,0,1,0,0
64893,-1,1,-0.43012255,0.39409706,0,1,unassigned,58.0,49.0,9.0,0.8448276,0.15517241,0.15517241,0.10831721,0.016807843,1,0,0,0,0
64894,-1,1,-0.41261333,0.39828566,0,1,unassigned,19.0,19.0,0.0,1.0,0.0,0.0,0.032882012,0.0,1,0,0,0,0
64895,-1,0,2.6522534,0.9341498,1,1,unassigned,27.0,25.0,2.0,0.9259259,0.074074075,0.07407409,0.0483559,0.0035819185,0,0,0,1,1
64896,-1,0,2.3518088,0.9130779,1,1,unassigned,9.0,9.0,0.0,1.0,0.0,0.0,0.013539651,0.0,0,0,0,1,1
64897,-1,1,8.004196,0.9996661,1,1,unassigned,10.0,9.0,1.0,0.9,0.1,0.100000024,0.015473888,0.0015473888,1,0,0,1,1
64898,-1,0,0.8427723,0.6990488,1,1,unassigned,10.0,10.0,0.0,1.0,0.0,0.0,0.015473888,0.0,0,0,0,1,0
64899,-1,1,-0.2866684,0.42881966,0,1,unassigned,20.0,20.0,0.0,1.0,0.0,0.0,0.034816246,0.0,1,0,0,0,0
64900,1,1,0.058561504,0.5146362,1,0,test,52.0,52.0,0.0,1.0,0.0,0.0,0.0967118,0.0,1,0,1,1,0
64901,-1,0,3.701546,0.9759093,1,1,unassigned,2.0,2.0,0.0,1.0,0.0,0.0,0.0,0.0,0,0,0,1,1
64902,-1,1,-0.050720274,0.48732263,0,1,unassigned,44.0,43.0,1.0,0.97727275,0.022727273,0.022727251,0.08123791,0.0018463163,1,0,0,0,0
64903,-1,1,3.8891346,0.9799473,1,1,unassigned,17.0,16.0,1.0,0.9411765,0.05882353,0.058823526,0.029013539,0.0017066788,1,0,0,1,1
64904,-1,1,-0.32873234,0.4185491,0,1,unassigned,13.0,12.0,1.0,0.9230769,0.07692308,0.07692307,0.021276595,0.0016366612,1,0,0,0,0
64905,-1,0,-0.4186336,0.39684376,0,1,unassigned,3.0,3.0,0.0,1.0,0.0,0.0,0.001934236,0.0,0,0,0,0,0
64906,-1,0,4.9192824,0.9927487,1,1,unassigned,8.0,7.0,1.0,0.875,0.125,0.125,0.0116054155,0.0014506769,0,0,0,1,1
64907,-1,1,3.469402,0.96980447,1,1,unassigned,2.0,1.0,1.0,0.5,0.5,0.5,0.0,0.0,1,0,0,1,1
64908,-1,0,0.3907625,0.59646624,1,1,unassigned,9.0,9.0,0.0,1.0,0.0,0.0,0.013539651,0.0,0,0,0,1,0
64909,-1,1,2.5345504,0.92652875,1,1,unassigned,8.0,8.0,0.0,1.0,0.0,0.0,0.0116054155,0.0,1,0,0,1,1
64910,-1,1,7.612946,0.99950624,1,1,unassigned,3.0,3.0,0.0,1.0,0.0,0.0,0.001934236,0.0,1,0,0,1,1
64911,-1,0,4.246327,0.9858854,1,1,unassigned,4.0,4.0,0.0,1.0,0.0,0.0,0.003868472,0.0,0,0,0,1,1
64912,-1,1,-0.6582604,0.3411305,0,1,unassigned,57.0,55.0,2.0,0.9649123,0.03508772,0.035087705,0.10638298,0.0037327362,1,0,0,0,0
64913,-1,1,4.6636333,0.9906561,1,1,unassigned,13.0,13.0,0.0,1.0,0.0,0.0,0.021276595,0.0,1,0,0,1,1
64914,-1,1,5.639364,0.9964574,1,1,unassigned,3.0,3.0,0.0,1.0,0.0,0.0,0.001934236,0.0,1,0,0,1,1
64915,1,1,3.1115916,0.9573684,1,0,unassigned,2.0,2.0,0.0,1.0,0.0,0.0,0.0,0.0,1,0,1,1,1
64916,-1,0,3.755973,0.9771564,1,1,unassigned,4.0,4.0,0.0,1.0,0.0,0.0,0.003868472,0.0,0,0,0,1,1
64917,0,0,-0.7495463,0.32092017,0,0,unassigned,41.0,39.0,2.0,0.9512195,0.048780486,0.0487805,0.07543521,0.003679766,0,0,1,0,0
64918,-1,0,2.2927735,0.90827674,1,1,unassigned,10.0,8.0,2.0,0.8,0.2,0.19999999,0.015473888,0.0030947777,0,0,0,1,1
64919,-1,0,0.42254978,0.60409325,1,1,unassigned,63.0,62.0,1.0,0.984127,0.015873017,0.015873015,0.11798839,0.0018728317,0,0,0,1,0
64920,-1,1,4.6424766,0.99045813,1,1,unassigned,14.0,14.0,0.0,1.0,0.0,0.0,0.023210831,0.0,1,0,0,1,1
64921,-1,1,-0.3606215,0.41080913,0,1,unassigned,5.0,5.0,0.0,1.0,0.0,0.0,0.0058027077,0.0,1,0,0,0,0
64922,-1,0,-0.48917994,0.38008678,0,1,unassigned,14.0,14.0,0.0,1.0,0.0,0.0,0.023210831,0.0,0,0,0,0,0
64923,0,0,0.33649224,0.5833382,1,1,unassigned,3.0,3.0,0.0,1.0,0.0,0.0,0.001934236,0.0,0,0,0,1,0
64924,-1,1,4.3186045,0.98685664,1,1,unassigned,3.0,2.0,1.0,0.6666667,0.33333334,0.3333333,0.001934236,0.00064474536,1,0,0,1,1
64925,-1,0,-0.7036793,0.330997,0,1,unassigned,28.0,28.0,0.0,1.0,0.0,0.0,0.050290134,0.0,0,0,0,0,0
64926,-1,0,0.8752499,0.70583695,1,1,unassigned,6.0,6.0,0.0,1.0,0.0,0.0,0.007736944,0.0,0,0,0,1,0
64927,-1,0,-0.22010744,0.44519424,0,1,unassigned,21.0,20.0,1.0,0.95238096,0.04761905,0.047619045,0.036750484,0.0017500231,0,0,0,0,0
64928,-1,1,3.9554083,0.98120904,1,1,unassigned,8.0,8.0,0.0,1.0,0.0,0.0,0.0116054155,0.0,1,0,0,1,1
64929,-1,1,13.692596,0.9999989,1,1,unassigned,11.0,10.0,1.0,0.90909094,0.09090909,0.090909064,0.017408123,0.0015825568,1,0,0,1,1
64930,-1,0,-0.6992953,0.3319685,0,1,unassigned,30.0,30.0,0.0,1.0,0.0,0.0,0.054158606,0.0,0,0,0,0,0
64931,-1,1,-0.9633073,0.2762165,0,1,unassigned,48.0,45.0,3.0,0.9375,0.0625,0.0625,0.088974856,0.0055609285,1,0,0,0,0
64932,-1,1,3.7052834,0.9759971,1,1,unassigned,2.0,2.0,0.0,1.0,0.0,0.0,0.0,0.0,1,0,0,1,1
64933,-1,0,8.498552,0.99979633,1,1,unassigned,25.0,17.0,8.0,0.68,0.32,0.32,0.044487428,0.014235976,0,0,0,1,1
64934,-1,1,1.2958388,0.78513384,1,1,unassigned,6.0,6.0,0.0,1.0,0.0,0.0,0.007736944,0.0,1,0,0,1,0
64935,-1,1,0.32862616,0.5814251,1,1,unassigned,8.0,8.0,0.0,1.0,0.0,0.0,0.0116054155,0.0,1,0,0,1,0
64936,-1,1,1.356173,0.795137,1,1,unassigned,19.0,19.0,0.0,1.0,0.0,0.0,0.032882012,0.0,1,0,0,1,0
64937,1,1,2.4935048,0.9236852,1,0,test,4.0,4.0,0.0,1.0,0.0,0.0,0.003868472,0.0,1,0,1,1,1
64938,-1,0,4.5211186,0.98924017,1,1,unassigned,8.0,8.0,0.0,1.0,0.0,0.0,0.0116054155,0.0,0,0,0,1,1
64939,-1,1,2.5104704,0.9248726,1,1,unassigned,6.0,6.0,0.0,1.0,0.0,0.0,0.007736944,0.0,1,0,0,1,1
64940,-1,0,0.7769361,0.68501943,1,1,unassigned,2.0,2.0,0.0,1.0,0.0,0.0,0.0,0.0,0,0,0,1,0
64941,1,0,6.0558267,0.99766135,1,0,val,6.0,5.0,1.0,0.8333333,0.16666667,0.16666669,0.007736944,0.0012894907,0,0,1,1,1
64942,-1,1,-0.5684453,0.36159563,0,1,unassigned,81.0,77.0,4.0,0.9506173,0.049382716,0.049382687,0.15280464,0.0075459084,1,0,0,0,0
64943,-1,0,4.3440948,0.9871832,1,1,unassigned,2.0,2.0,0.0,1.0,0.0,0.0,0.0,0.0,0,0,0,1,1
64944,-1,1,-0.9334317,0.28222904,0,1,unassigned,17.0,17.0,0.0,1.0,0.0,0.0,0.029013539,0.0,1,0,0,0,0
64945,-1,0,5.6835303,0.99661,1,1,unassigned,4.0,1.0,3.0,0.25,0.75,0.75,0.003868472,0.002901354,0,0,0,1,1
64946,-1,1,-0.3970468,0.4020221,0,1,unassigned,20.0,20.0,0.0,1.0,0.0,0.0,0.034816246,0.0,1,0,0,0,0
64947,-1,0,0.84169644,0.6988224,1,1,unassigned,6.0,5.0,1.0,0.8333333,0.16666667,0.16666669,0.007736944,0.0012894907,0,0,0,1,0
64948,-1,0,-0.73142016,0.32488316,0,1,unassigned,4.0,4.0,0.0,1.0,0.0,0.0,0.003868472,0.0,0,0,0,0,0
64949,-1,1,1.6199868,0.8347933,1,1,unassigned,12.0,12.0,0.0,1.0,0.0,0.0,0.01934236,0.0,1,0,0,1,0
64950,-1,0,3.2498424,0.96266747,1,1,unassigned,4.0,3.0,1.0,0.75,0.25,0.25,0.003868472,0.000967118,0,0,0,1,1
64951,-1,1,1.7410223,0.8508169,1,1,unassigned,2.0,2.0,0.0,1.0,0.0,0.0,0.0,0.0,1,0,0,1,0
64952,-1,0,0.8577722,0.702195,1,1,unassigned,2.0,1.0,1.0,0.5,0.5,0.5,0.0,0.0,0,0,0,1,0
64953,-1,1,-0.6719421,0.3380621,0,1,unassigned,4.0,4.0,0.0,1.0,0.0,0.0,0.003868472,0.0,1,0,0,0,0
64954,-1,0,9.580424,0.999931,1,1,unassigned,7.0,7.0,0.0,1.0,0.0,0.0,0.00967118,0.0,0,0,0,1,1
64955,-1,0,-0.7740513,0.31560338,0,1,unassigned,2.0,2.0,0.0,1.0,0.0,0.0,0.0,0.0,0,0,0,0,0
64956,-1,1,1.0681586,0.7442466,1,1,unassigned,2.0,2.0,0.0,1.0,0.0,0.0,0.0,0.0,1,0,0,1,0
64957,-1,1,1.6508753,0.8390093,1,1,unassigned,2.0,2.0,0.0,1.0,0.0,0.0,0.0,0.0,1,0,0,1,0
64958,1,1,-0.3446889,0.41467094,0,1,val,9.0,7.0,2.0,0.7777778,0.22222222,0.22222221,0.013539651,0.0030088115,1,0,0,0,0
64959,0,0,-0.7570477,0.31928757,0,0,unassigned,2.0,2.0,0.0,1.0,0.0,0.0,0.0,0.0,0,0,1,0,0
64960,-1,0,2.5953505,0.9305617,1,1,unassigned,35.0,34.0,1.0,0.9714286,0.028571429,0.028571427,0.06382979,0.0018237082,0,0,0,1,1
64961,1,0,-0.9049058,0.28804338,0,1,unassigned,11.0,11.0,0.0,1.0,0.0,0.0,0.017408123,0.0,0,0,0,0,0
64962,-1,1,-0.7885915,0.3124712,0,1,unassigned,4.0,4.0,0.0,1.0,0.0,0.0,0.003868472,0.0,1,0,0,0,0
64963,-1,1,-0.74549556,0.3218036,0,1,unassigned,3.0,3.0,0.0,1.0,0.0,0.0,0.001934236,0.0,1,0,0,0,0
64964,-1,1,-0.07622191,0.48095372,0,1,unassigned,13.0,13.0,0.0,1.0,0.0,0.0,0.021276595,0.0,1,0,0,0,0
64965,-1,0,-0.6147052,0.3509866,0,1,unassigned,3.0,3.0,0.0,1.0,0.0,0.0,0.001934236,0.0,0,0,0,0,0
64966,-1,0,-0.61817044,0.35019764,0,1,unassigned,11.0,10.0,1.0,0.90909094,0.09090909,0.090909064,0.017408123,0.0015825568,0,0,0,0,0
64967,1,1,-0.32291275,0.41996607,0,1,val,15.0,14.0,1.0,0.93333334,0.06666667,0.06666666,0.025145067,0.0016763379,1,0,0,0,0
64968,1,1,3.3263714,0.9653225,1,0,unassigned,10.0,10.0,0.0,1.0,0.0,0.0,0.015473888,0.0,1,0,1,1,1
64969,-1,0,-0.16029653,0.46001145,0,1,unassigned,12.0,9.0,3.0,0.75,0.25,0.25,0.01934236,0.00483559,0,0,0,0,0
64970,-1,0,-0.2619993,0.43487227,0,1,unassigned,18.0,18.0,0.0,1.0,0.0,0.0,0.030947777,0.0,0,0,0,0,0
64971,-1,1,-0.3027255,0.42489135,0,1,unassigned,29.0,29.0,0.0,1.0,0.0,0.0,0.05222437,0.0,1,0,0,0,0
64972,-1,0,1.522855,0.8209585,1,1,unassigned,27.0,26.0,1.0,0.962963,0.037037037,0.037037015,0.0483559,0.0017909593,0,0,0,1,0
64973,-1,1,0.2251926,0.55606145,1,1,unassigned,13.0,13.0,0.0,1.0,0.0,0.0,0.021276595,0.0,1,0,0,1,0
64974,-1,0,-0.45255852,0.3887526,0,1,unassigned,34.0,32.0,2.0,0.9411765,0.05882353,0.058823526,0.061895553,0.0036409148,0,0,0,0,0
64975,0,0,1.1622202,0.761736,1,1,val,5.0,3.0,2.0,0.6,0.4,0.39999998,0.0058027077,0.002321083,0,0,0,1,0
64976,0,0,0.40429598,0.59971935,1,1,unassigned,5.0,5.0,0.0,1.0,0.0,0.0,0.0058027077,0.0,0,0,0,1,0
64977,-1,0,-0.49642336,0.37838155,0,1,unassigned,9.0,9.0,0.0,1.0,0.0,0.0,0.013539651,0.0,0,0,0,0,0
64978,0,0,0.09194219,0.5229693,1,1,unassigned,25.0,25.0,0.0,1.0,0.0,0.0,0.044487428,0.0,0,0,0,1,0
64979,-1,0,1.3590677,0.7956081,1,1,unassigned,2.0,2.0,0.0,1.0,0.0,0.0,0.0,0.0,0,0,0,1,0
64980,0,0,-0.6081837,0.35247365,0,0,train,18.0,18.0,0.0,1.0,0.0,0.0,0.030947777,0.0,0,0,1,0,0
64981,-1,1,6.258382,0.99808925,1,1,unassigned,10.0,9.0,1.0,0.9,0.1,0.100000024,0.015473888,0.0015473888,1,0,0,1,1
64982,-1,1,3.9177253,0.9805015,1,1,unassigned,4.0,4.0,0.0,1.0,0.0,0.0,0.003868472,0.0,1,0,0,1,1
64983,-1,1,0.31540877,0.57820493,1,1,unassigned,5.0,5.0,0.0,1.0,0.0,0.0,0.0058027077,0.0,1,0,0,1,0
64984,-1,1,1.1555457,0.7605224,1,1,unassigned,4.0,4.0,0.0,1.0,0.0,0.0,0.003868472,0.0,1,0,0,1,0
64985,0,0,-0.4239812,0.3955645,0,0,unassigned,20.0,20.0,0.0,1.0,0.0,0.0,0.034816246,0.0,0,0,1,0,0
64986,-1,0,-1.1271927,0.24467957,0,1,unassigned,2.0,2.0,0.0,1.0,0.0,0.0,0.0,0.0,0,0,0,0,0
64987,-1,0,2.4510891,0.92064106,1,1,unassigned,11.0,9.0,2.0,0.8181818,0.18181819,0.18181819,0.017408123,0.0031651135,0,0,0,1,1
64988,-1,0,0.18590361,0.5463425,1,1,unassigned,34.0,33.0,1.0,0.9705882,0.029411765,0.029411793,0.061895553,0.0018204574,0,0,0,1,0
64989,-1,0,3.0729787,0.95576423,1,1,unassigned,9.0,8.0,1.0,0.8888889,0.11111111,0.111111104,0.013539651,0.0015044058,0,0,0,1,1
64990,-1,1,-0.606436,0.3528726,0,1,unassigned,7.0,5.0,2.0,0.71428573,0.2857143,0.28571427,0.00967118,0.0027631943,1,0,0,0,0
64991,-1,0,-0.5899003,0.3566577,0,1,unassigned,6.0,6.0,0.0,1.0,0.0,0.0,0.007736944,0.0,0,0,0,0,0
64992,0,0,-0.23609936,0.44124782,0,0,val,3.0,3.0,0.0,1.0,0.0,0.0,0.001934236,0.0,0,0,1,0,0
64993,0,0,-0.059355915,0.48516536,0,0,test,25.0,25.0,0.0,1.0,0.0,0.0,0.044487428,0.0,0,0,1,0,0
64994,-1,0,0.1815359,0.5452598,1,1,unassigned,14.0,14.0,0.0,1.0,0.0,0.0,0.023210831,0.0,0,0,0,1,0
64995,-1,0,4.6263204,0.9903042,1,1,unassigned,21.0,19.0,2.0,0.9047619,0.0952381,0.09523809,0.036750484,0.0035000462,0,0,0,1,1
64996,-1,0,2.2392642,0.90372044,1,1,unassigned,19.0,18.0,1.0,0.94736844,0.05263158,0.052631557,0.032882012,0.0017306323,0,0,0,1,1
64997,-1,0,4.0083694,0.98216105,1,1,unassigned,13.0,13.0,0.0,1.0,0.0,0.0,0.021276595,0.0,0,0,0,1,1
64998,-1,1,3.6411378,0.9744476,1,1,unassigned,5.0,1.0,4.0,0.2,0.8,0.8,0.0058027077,0.004642166,1,1,0,1,1
64999,-1,0,0.10414249,0.5260121,1,1,unassigned,2.0,2.0,0.0,1.0,0.0,0.0,0.0,0.0,0,0,0,1,0
65000,-1,1,4.16836,0.98475826,1,1,unassigned,5.0,4.0,1.0,0.8,0.2,0.19999999,0.0058027077,0.0011605415,1,0,0,1,1
65001,-1,1,1.6704133,0.84163094,1,1,unassigned,5.0,5.0,0.0,1.0,0.0,0.0,0.0058027077,0.0,1,0,0,1,0
65002,-1,0,-0.84830815,0.2997879,0,1,unassigned,2.0,2.0,0.0,1.0,0.0,0.0,0.0,0.0,0,0,0,0,0
65003,-1,1,0.225146,0.55604994,1,1,unassigned,2.0,2.0,0.0,1.0,0.0,0.0,0.0,0.0,1,0,0,1,0
65004,1,0,5.3089366,0.9950772,1,0,unassigned,4.0,4.0,0.0,1.0,0.0,0.0,0.003868472,0.0,0,0,1,1,1
65005,-1,0,-0.07302779,0.48175117,0,1,unassigned,3.0,2.0,1.0,0.6666667,0.33333334,0.3333333,0.001934236,0.00064474536,0,0,0,0,0
65006,-1,1,1.8600357,0.86530113,1,1,unassigned,19.0,19.0,0.0,1.0,0.0,0.0,0.032882012,0.0,1,0,0,1,0
65007,-1,1,1.5972445,0.8316329,1,1,unassigned,10.0,10.0,0.0,1.0,0.0,0.0,0.015473888,0.0,1,0,0,1,0
65008,-1,1,-0.9792316,0.2730443,0,1,unassigned,17.0,17.0,0.0,1.0,0.0,0.0,0.029013539,0.0,1,0,0,0,0
65009,-1,0,0.08168417,0.5204097,1,1,unassigned,3.0,3.0,0.0,1.0,0.0,0.0,0.001934236,0.0,0,0,0,1,0
65010,-1,1,0.12681991,0.5316626,1,1,unassigned,2.0,2.0,0.0,1.0,0.0,0.0,0.0,0.0,1,0,0,1,0
65011,-1,0,5.8106236,0.99701333,1,1,unassigned,68.0,24.0,44.0,0.3529412,0.64705884,0.64705884,0.12765957,0.08260325,0,0,0,1,1
65012,-1,0,0.012008369,0.50300205,1,1,unassigned,3.0,3.0,0.0,1.0,0.0,0.0,0.001934236,0.0,0,0,0,1,0
65013,-1,0,0.023902833,0.5059754,1,1,unassigned,12.0,12.0,0.0,1.0,0.0,0.0,0.01934236,0.0,0,0,0,1,0
65014,-1,0,1.448108,0.80970705,1,1,unassigned,3.0,3.0,0.0,1.0,0.0,0.0,0.001934236,0.0,0,0,0,1,0
65015,-1,1,-0.60716623,0.3527059,0,1,unassigned,62.0,60.0,2.0,0.9677419,0.032258064,0.032258093,0.116054155,0.0037436823,1,0,0,0,0
65016,-1,0,0.12526208,0.5312746,1,1,unassigned,3.0,3.0,0.0,1.0,0.0,0.0,0.001934236,0.0,0,0,0,1,0
65017,-1,0,0.8860087,0.7080658,1,1,unassigned,4.0,4.0,0.0,1.0,0.0,0.0,0.003868472,0.0,0,0,0,1,0
65018,-1,1,3.334225,0.9655845,1,1,unassigned,5.0,5.0,0.0,1.0,0.0,0.0,0.0058027077,0.0,1,0,0,1,1
65019,1,0,11.411392,0.9999889,1,0,test,2.0,2.0,0.0,1.0,0.0,0.0,0.0,0.0,0,0,1,1,1
65020,-1,1,-0.37298965,0.40781882,0,1,unassigned,36.0,33.0,3.0,0.9166667,0.083333336,0.08333331,0.065764025,0.0054803356,1,0,0,0,0
65021,-1,1,-0.86938214,0.2953829,0,1,unassigned,77.0,76.0,1.0,0.987013,0.012987013,0.012987018,0.14506769,0.001883996,1,0,0,0,0
65022,-1,1,5.6124444,0.9963612,1,1,unassigned,3.0,3.0,0.0,1.0,0.0,0.0,0.001934236,0.0,1,0,0,1,1
65023,-1,0,1.0884519,0.7480901,1,1,unassigned,17.0,17.0,0.0,1.0,0.0,0.0,0.029013539,0.0,0,0,0,1,0
65024,-1,0,2.0233848,0.88323057,1,1,unassigned,17.0,17.0,0.0,1.0,0.0,0.0,0.029013539,0.0,0,0,0,1,0
65025,-1,0,1.6332414,0.83661324,1,1,unassigned,5.0,5.0,0.0,1.0,0.0,0.0,0.0058027077,0.0,0,0,0,1,0
65026,-1,0,-0.6232146,0.34905067,0,1,unassigned,8.0,8.0,0.0,1.0,0.0,0.0,0.0116054155,0.0,0,0,0,0,0
65027,-1,0,-0.20853761,0.44805372,0,1,unassigned,17.0,17.0,0.0,1.0,0.0,0.0,0.029013539,0.0,0,0,0,0,0
65028,-1,0,6.089486,0.9977386,1,1,unassigned,11.0,11.0,0.0,1.0,0.0,0.0,0.017408123,0.0,0,0,0,1,1
65029,-1,0,-0.3056775,0.42417017,0,1,unassigned,30.0,30.0,0.0,1.0,0.0,0.0,0.054158606,0.0,0,0,0,0,0
65030,0,0,-0.39401957,0.40275002,0,0,unassigned,26.0,26.0,0.0,1.0,0.0,0.0,0.046421662,0.0,0,0,1,0,0
65031,-1,1,2.2011597,0.9003536,1,1,unassigned,4.0,4.0,0.0,1.0,0.0,0.0,0.003868472,0.0,1,0,0,1,1
65032,-1,0,6.0058045,0.99754167,1,1,unassigned,2.0,2.0,0.0,1.0,0.0,0.0,0.0,0.0,0,0,0,1,1
65033,-1,0,-0.28975794,0.42806315,0,1,unassigned,13.0,13.0,0.0,1.0,0.0,0.0,0.021276595,0.0,0,0,0,0,0
65034,-1,1,0.14986545,0.5373964,1,1,unassigned,28.0,28.0,0.0,1.0,0.0,0.0,0.050290134,0.0,1,0,0,1,0
65035,-1,0,1.4188054,0.80515105,1,1,unassigned,3.0,3.0,0.0,1.0,0.0,0.0,0.001934236,0.0,0,0,0,1,0
65036,-1,1,0.30701065,0.57615536,1,1,unassigned,4.0,4.0,0.0,1.0,0.0,0.0,0.003868472,0.0,1,0,0,1,0
65037,-1,0,-0.13645497,0.46593907,0,1,unassigned,45.0,44.0,1.0,0.9777778,0.022222223,0.02222222,0.08317215,0.0018482701,0,0,0,0,0
65038,0,1,0.562316,0.6369883,1,1,test,14.0,14.0,0.0,1.0,0.0,0.0,0.023210831,0.0,1,0,0,1,0
65039,-1,1,2.3386075,0.9120244,1,1,unassigned,24.0,23.0,1.0,0.9583333,0.041666668,0.041666687,0.04255319,0.0017730496,1,0,0,1,1
65040,-1,1,0.37702948,0.59315646,1,1,unassigned,47.0,42.0,5.0,0.89361703,0.10638298,0.106382966,0.08704062,0.00925964,1,0,0,1,0
65041,-1,1,0.09930736,0.52480644,1,1,unassigned,9.0,9.0,0.0,1.0,0.0,0.0,0.013539651,0.0,1,0,0,1,0
65042,-1,0,-0.10678169,0.4733299,0,1,unassigned,5.0,5.0,0.0,1.0,0.0,0.0,0.0058027077,0.0,0,0,0,0,0
65043,-1,1,1.4669473,0.8125929,1,1,unassigned,4.0,4.0,0.0,1.0,0.0,0.0,0.003868472,0.0,1,0,0,1,0
65044,1,1,12.471705,0.9999962,1,0,unassigned,12.0,12.0,0.0,1.0,0.0,0.0,0.01934236,0.0,1,0,1,1,1
65045,-1,1,-0.07318553,0.48171178,0,1,unassigned,8.0,7.0,1.0,0.875,0.125,0.125,0.0116054155,0.0014506769,1,0,0,0,0
65046,-1,1,6.306108,0.99817824,1,1,unassigned,3.0,3.0,0.0,1.0,0.0,0.0,0.001934236,0.0,1,0,0,1,1
65047,-1,0,1.924967,0.8726913,1,1,unassigned,6.0,5.0,1.0,0.8333333,0.16666667,0.16666669,0.007736944,0.0012894907,0,0,0,1,0
65048,-1,1,4.023886,0.9824309,1,1,unassigned,42.0,39.0,3.0,0.9285714,0.071428575,0.0714286,0.07736944,0.0055263885,1,0,0,1,1
65049,-1,0,1.9497137,0.87541544,1,1,unassigned,15.0,15.0,0.0,1.0,0.0,0.0,0.025145067,0.0,0,0,0,1,0
65050,-1,0,1.4094796,0.8036839,1,1,unassigned,3.0,2.0,1.0,0.6666667,0.33333334,0.3333333,0.001934236,0.00064474536,0,0,0,1,0
65051,-1,1,5.81053,0.9970131,1,1,unassigned,4.0,4.0,0.0,1.0,0.0,0.0,0.003868472,0.0,1,0,0,1,1
65052,-1,1,-0.39396828,0.4027624,0,1,unassigned,2.0,2.0,0.0,1.0,0.0,0.0,0.0,0.0,1,0,0,0,0
65053,-1,1,-0.2213875,0.4448781,0,1,unassigned,2.0,2.0,0.0,1.0,0.0,0.0,0.0,0.0,1,0,0,0,0
65054,0,0,-1.7136407,0.15269211,0,0,val,2.0,1.0,1.0,0.5,0.5,0.5,0.0,0.0,0,0,1,0,0
65055,-1,0,-0.43820748,0.39216816,0,1,unassigned,36.0,36.0,0.0,1.0,0.0,0.0,0.065764025,0.0,0,0,0,0,0
65056,-1,0,1.7923162,0.85721105,1,1,unassigned,4.0,4.0,0.0,1.0,0.0,0.0,0.003868472,0.0,0,0,0,1,0
65057,-1,1,-0.8989154,0.2892734,0,1,unassigned,52.0,51.0,1.0,0.9807692,0.01923077,0.019230783,0.0967118,0.0018598423,1,0,0,0,0
65058,-1,1,-0.3691072,0.4087568,0,1,unassigned,17.0,16.0,1.0,0.9411765,0.05882353,0.058823526,0.029013539,0.0017066788,1,0,0,0,0
65059,-1,1,-0.22431916,0.44415414,0,1,unassigned,24.0,24.0,0.0,1.0,0.0,0.0,0.04255319,0.0,1,0,0,0,0
65060,-1,1,-0.6960712,0.33268386,0,1,unassigned,30.0,30.0,0.0,1.0,0.0,0.0,0.054158606,0.0,1,0,0,0,0
65061,-1,1,-0.93380016,0.28215438,0,1,unassigned,14.0,14.0,0.0,1.0,0.0,0.0,0.023210831,0.0,1,0,0,0,0
65062,-1,1,-0.83956635,0.30162612,0,1,unassigned,35.0,33.0,2.0,0.94285715,0.057142857,0.057142854,0.06382979,0.0036474164,1,0,0,0,0
65063,-1,1,5.394485,0.995479,1,1,unassigned,20.0,19.0,1.0,0.95,0.05,0.050000012,0.034816246,0.0017408123,1,0,0,1,1
65064,-1,0,4.87268,0.99240524,1,1,unassigned,5.0,5.0,0.0,1.0,0.0,0.0,0.0058027077,0.0,0,0,0,1,1
65065,-1,0,4.0089555,0.9821713,1,1,unassigned,14.0,14.0,0.0,1.0,0.0,0.0,0.023210831,0.0,0,0,0,1,1
65066,-1,0,4.035034,0.98262227,1,1,unassigned,11.0,10.0,1.0,0.90909094,0.09090909,0.090909064,0.017408123,0.0015825568,0,0,0,1,1
65067,-1,1,-0.885025,0.29213756,0,1,unassigned,63.0,63.0,0.0,1.0,0.0,0.0,0.11798839,0.0,1,0,0,0,0
65068,-1,0,-0.07588506,0.48103783,0,1,unassigned,2.0,2.0,0.0,1.0,0.0,0.0,0.0,0.0,0,0,0,0,0
65069,-1,0,6.7451687,0.9988248,1,1,unassigned,9.0,8.0,1.0,0.8888889,0.11111111,0.111111104,0.013539651,0.0015044058,0,0,0,1,1
65070,-1,0,5.6457944,0.99648017,1,1,unassigned,12.0,11.0,1.0,0.9166667,0.083333336,0.08333331,0.01934236,0.0016118633,0,0,0,1,1
65071,-1,1,0.41310143,0.6018313,1,1,unassigned,18.0,17.0,1.0,0.9444444,0.055555556,0.055555582,0.030947777,0.0017193209,1,0,0,1,0
65072,-1,0,1.1484983,0.75923645,1,1,unassigned,2.0,2.0,0.0,1.0,0.0,0.0,0.0,0.0,0,0,0,1,0
65073,-1,1,0.77967554,0.6856102,1,1,unassigned,7.0,6.0,1.0,0.85714287,0.14285715,0.14285713,0.00967118,0.0013815971,1,0,0,1,0
65074,-1,0,0.15397483,0.5384178,1,1,unassigned,13.0,13.0,0.0,1.0,0.0,0.0,0.021276595,0.0,0,0,0,1,0
65075,-1,1,0.39262182,0.59691364,1,1,unassigned,8.0,7.0,1.0,0.875,0.125,0.125,0.0116054155,0.0014506769,1,0,0,1,0
65076,-1,1,-0.59167093,0.35625157,0,1,unassigned,63.0,57.0,6.0,0.9047619,0.0952381,0.09523809,0.11798839,0.01123699,1,0,0,0,0
65077,0,0,0.15524065,0.5387324,1,1,unassigned,28.0,27.0,1.0,0.96428573,0.035714287,0.03571427,0.050290134,0.0017960763,0,0,0,1,0
65078,-1,1,0.96809584,0.7247398,1,1,unassigned,22.0,22.0,0.0,1.0,0.0,0.0,0.03868472,0.0,1,0,0,1,0
65079,-1,1,1.5936873,0.83113426,1,1,unassigned,18.0,15.0,3.0,0.8333333,0.16666667,0.16666669,0.030947777,0.005157963,1,0,0,1,0
65080,-1,1,3.390175,0.9673961,1,1,unassigned,39.0,37.0,2.0,0.94871795,0.051282052,0.05128205,0.07156673,0.0036700887,1,0,0,1,1
65081,-1,1,-0.5145833,0.37411973,0,1,unassigned,90.0,88.0,2.0,0.9777778,0.022222223,0.02222222,0.17021276,0.0037825059,1,0,0,0,0
65082,-1,1,1.169203,0.76300097,1,1,unassigned,44.0,44.0,0.0,1.0,0.0,0.0,0.08123791,0.0,1,0,0,1,0
65083,-1,0,-0.4243815,0.3954688,0,1,unassigned,32.0,32.0,0.0,1.0,0.0,0.0,0.058027077,0.0,0,0,0,0,0
65084,-1,1,1.5294697,0.82192874,1,1,unassigned,32.0,32.0,0.0,1.0,0.0,0.0,0.058027077,0.0,1,0,0,1,0
65085,-1,0,0.74373144,0.67781126,1,1,unassigned,7.0,7.0,0.0,1.0,0.0,0.0,0.00967118,0.0,0,0,0,1,0
65086,-1,1,2.614724,0.9318032,1,1,unassigned,38.0,38.0,0.0,1.0,0.0,0.0,0.06963249,0.0,1,0,0,1,1
65087,-1,1,3.7352383,0.97668886,1,1,unassigned,2.0,2.0,0.0,1.0,0.0,0.0,0.0,0.0,1,0,0,1,1
65088,-1,0,0.09818369,0.5245262,1,1,unassigned,3.0,3.0,0.0,1.0,0.0,0.0,0.001934236,0.0,0,0,0,1,0
65089,-1,1,3.737975,0.9767511,1,1,unassigned,7.0,6.0,1.0,0.85714287,0.14285715,0.14285713,0.00967118,0.0013815971,1,0,0,1,1
65090,-1,0,0.45384222,0.6115524,1,1,unassigned,16.0,16.0,0.0,1.0,0.0,0.0,0.027079303,0.0,0,0,0,1,0
65091,-1,1,4.5702386,0.9897507,1,1,unassigned,5.0,5.0,0.0,1.0,0.0,0.0,0.0058027077,0.0,1,0,0,1,1
65092,-1,0,1.7714913,0.85464305,1,1,unassigned,23.0,23.0,0.0,1.0,0.0,0.0,0.040618956,0.0,0,0,0,1,0
65093,-1,1,-0.94804347,0.27927846,0,1,unassigned,2.0,1.0,1.0,0.5,0.5,0.5,0.0,0.0,1,0,0,0,0
65094,-1,0,1.5237396,0.8210885,1,1,unassigned,8.0,6.0,2.0,0.75,0.25,0.25,0.0116054155,0.0029013539,0,0,0,1,0
65095,0,0,6.4957485,0.9984925,1,1,unassigned,7.0,7.0,0.0,1.0,0.0,0.0,0.00967118,0.0,0,0,0,1,1
65096,-1,1,-0.4979601,0.37802017,0,1,unassigned,50.0,50.0,0.0,1.0,0.0,0.0,0.092843324,0.0,1,0,0,0,0
65097,-1,1,3.1830645,0.960192,1,1,unassigned,13.0,13.0,0.0,1.0,0.0,0.0,0.021276595,0.0,1,0,0,1,1
65098,-1,0,3.4445283,0.9690675,1,1,unassigned,2.0,2.0,0.0,1.0,0.0,0.0,0.0,0.0,0,0,0,1,1
65099,-1,1,2.8904068,0.94737023,1,1,unassigned,3.0,2.0,1.0,0.6666667,0.33333334,0.3333333,0.001934236,0.00064474536,1,0,0,1,1
65100,-1,0,-0.592418,0.35608023,0,1,unassigned,49.0,48.0,1.0,0.97959185,0.020408163,0.020408154,0.09090909,0.0018552876,0,0,0,0,0
65101,-1,1,-0.72201097,0.3269503,0,1,unassigned,131.0,129.0,2.0,0.9847328,0.015267176,0.015267193,0.24951644,0.0038094113,1,0,0,0,0
65102,-1,0,0.392646,0.59691954,1,1,unassigned,40.0,39.0,1.0,0.975,0.025,0.024999976,0.07350097,0.0018375242,0,0,0,1,0
65103,-1,0,-0.882272,0.29270718,0,1,unassigned,30.0,30.0,0.0,1.0,0.0,0.0,0.054158606,0.0,0,0,0,0,0
65104,-1,0,0.05795276,0.5144841,1,1,unassigned,2.0,2.0,0.0,1.0,0.0,0.0,0.0,0.0,0,0,0,1,0
65105,1,1,6.0205855,0.9975776,1,0,unassigned,20.0,20.0,0.0,1.0,0.0,0.0,0.034816246,0.0,1,0,1,1,1
65106,-1,0,3.9965212,0.98195225,1,1,unassigned,7.0,6.0,1.0,0.85714287,0.14285715,0.14285713,0.00967118,0.0013815971,0,0,0,1,1
65107,-1,1,-0.24651995,0.4386802,0,1,unassigned,3.0,2.0,1.0,0.6666667,0.33333334,0.3333333,0.001934236,0.00064474536,1,0,0,0,0
65108,-1,1,0.21683007,0.5539961,1,1,unassigned,5.0,5.0,0.0,1.0,0.0,0.0,0.0058027077,0.0,1,0,0,1,0
65109,1,0,-0.86057615,0.29721898,0,1,unassigned,20.0,20.0,0.0,1.0,0.0,0.0,0.034816246,0.0,0,0,0,0,0
65110,-1,0,-0.30647784,0.4239747,0,1,unassigned,10.0,10.0,0.0,1.0,0.0,0.0,0.015473888,0.0,0,0,0,0,0
65111,0,1,-0.30971196,0.42318508,0,0,unassigned,11.0,10.0,1.0,0.90909094,0.09090909,0.090909064,0.017408123,0.0015825568,1,0,1,0,0
65112,-1,1,1.7328117,0.8497717,1,1,unassigned,4.0,4.0,0.0,1.0,0.0,0.0,0.003868472,0.0,1,0,0,1,0
65113,-1,1,-0.21033028,0.44761044,0,1,unassigned,5.0,4.0,1.0,0.8,0.2,0.19999999,0.0058027077,0.0011605415,1,0,0,0,0
65114,-1,1,6.0892124,0.9977379,1,1,unassigned,2.0,1.0,1.0,0.5,0.5,0.5,0.0,0.0,1,0,0,1,1
65115,-1,0,2.7454956,0.9396584,1,1,unassigned,7.0,7.0,0.0,1.0,0.0,0.0,0.00967118,0.0,0,0,0,1,1
65116,-1,0,5.384154,0.99543226,1,1,unassigned,12.0,10.0,2.0,0.8333333,0.16666667,0.16666669,0.01934236,0.0032237265,0,0,0,1,1
65117,-1,1,0.2912292,0.57229704,1,1,unassigned,9.0,8.0,1.0,0.8888889,0.11111111,0.111111104,0.013539651,0.0015044058,1,0,0,1,0
65118,-1,1,2.9521034,0.9503628,1,1,unassigned,2.0,2.0,0.0,1.0,0.0,0.0,0.0,0.0,1,0,0,1,1
65119,1,1,5.4316726,0.99564326,1,0,test,3.0,3.0,0.0,1.0,0.0,0.0,0.001934236,0.0,1,0,1,1,1
65120,-1,0,-0.0633921,0.4841573,0,1,unassigned,4.0,4.0,0.0,1.0,0.0,0.0,0.003868472,0.0,0,0,0,0,0
65121,0,0,1.3721373,0.7977253,1,1,unassigned,3.0,3.0,0.0,1.0,0.0,0.0,0.001934236,0.0,0,0,0,1,0
65122,1,0,0.59020275,0.64341164,1,0,unassigned,4.0,3.0,1.0,0.75,0.25,0.25,0.003868472,0.000967118,0,0,1,1,0
65123,-1,0,-0.49795237,0.37802202,0,1,unassigned,2.0,2.0,0.0,1.0,0.0,0.0,0.0,0.0,0,0,0,0,0
65124,-1,0,1.6332762,0.836618,1,1,unassigned,6.0,4.0,2.0,0.6666667,0.33333334,0.3333333,0.007736944,0.0025789815,0,0,0,1,0
65125,-1,0,4.763618,0.9915376,1,1,unassigned,3.0,3.0,0.0,1.0,0.0,0.0,0.001934236,0.0,0,0,0,1,1
65126,-1,0,1.3395083,0.79240906,1,1,unassigned,6.0,6.0,0.0,1.0,0.0,0.0,0.007736944,0.0,0,0,0,1,0
65127,-1,1,-0.93147516,0.28262553,0,1,unassigned,2.0,2.0,0.0,1.0,0.0,0.0,0.0,0.0,1,0,0,0,0
65128,-1,0,0.4198591,0.6034496,1,1,unassigned,4.0,4.0,0.0,1.0,0.0,0.0,0.003868472,0.0,0,0,0,1,0
65129,-1,0,-0.7063484,0.33040622,0,1,unassigned,2.0,2.0,0.0,1.0,0.0,0.0,0.0,0.0,0,0,0,0,0
65130,-1,0,1.5651674,0.8270936,1,1,unassigned,2.0,2.0,0.0,1.0,0.0,0.0,0.0,0.0,0,0,0,1,0
65131,-1,0,0.28331405,0.5703585,1,1,unassigned,7.0,6.0,1.0,0.85714287,0.14285715,0.14285713,0.00967118,0.0013815971,0,0,0,1,0
65132,-1,1,-0.44704622,0.39006332,0,1,unassigned,25.0,25.0,0.0,1.0,0.0,0.0,0.044487428,0.0,1,0,0,0,0
65133,-1,0,2.1480641,0.8954878,1,1,unassigned,5.0,2.0,3.0,0.4,0.6,0.6,0.0058027077,0.0034816249,0,0,0,1,0
65134,-1,1,-0.28185433,0.42999923,0,1,unassigned,41.0,41.0,0.0,1.0,0.0,0.0,0.07543521,0.0,1,0,0,0,0
65135,-1,0,0.3445986,0.5853071,1,1,unassigned,2.0,2.0,0.0,1.0,0.0,0.0,0.0,0.0,0,0,0,1,0
65136,-1,0,0.23593146,0.5587108,1,1,unassigned,6.0,5.0,1.0,0.8333333,0.16666667,0.16666669,0.007736944,0.0012894907,0,0,0,1,0
65137,0,0,-0.028526485,0.49286884,0,0,unassigned,31.0,26.0,5.0,0.83870965,0.16129032,0.16129035,0.056092843,0.009047233,0,0,1,0,0
65138,-1,1,6.492105,0.9984869,1,1,unassigned,17.0,15.0,2.0,0.88235295,0.11764706,0.11764705,0.029013539,0.0034133575,1,0,0,1,1
65139,-1,1,4.2705693,0.98621875,1,1,unassigned,22.0,22.0,0.0,1.0,0.0,0.0,0.03868472,0.0,1,0,0,1,1
65140,-1,0,0.39343333,0.59710896,1,1,unassigned,10.0,10.0,0.0,1.0,0.0,0.0,0.015473888,0.0,0,0,0,1,0
65141,-1,1,1.0474253,0.7402802,1,1,unassigned,8.0,7.0,1.0,0.875,0.125,0.125,0.0116054155,0.0014506769,1,0,0,1,0
65142,-1,1,2.1102374,0.8918943,1,1,unassigned,2.0,2.0,0.0,1.0,0.0,0.0,0.0,0.0,1,0,0,1,0
65143,-1,1,1.4071577,0.80331725,1,1,unassigned,5.0,5.0,0.0,1.0,0.0,0.0,0.0058027077,0.0,1,0,0,1,0
65144,-1,1,4.207812,0.9853393,1,1,unassigned,2.0,2.0,0.0,1.0,0.0,0.0,0.0,0.0,1,0,0,1,1
65145,-1,1,3.6561987,0.9748199,1,1,unassigned,27.0,26.0,1.0,0.962963,0.037037037,0.037037015,0.0483559,0.0017909593,1,0,0,1,1
65146,1,0,-0.31875384,0.42097947,0,1,test,14.0,12.0,2.0,0.85714287,0.14285715,0.14285713,0.023210831,0.0033158332,0,0,0,0,0
65147,-1,0,1.6563323,0.83974504,1,1,unassigned,17.0,16.0,1.0,0.9411765,0.05882353,0.058823526,0.029013539,0.0017066788,0,0,0,1,0
65148,-1,0,1.0444963,0.73971665,1,1,unassigned,6.0,6.0,0.0,1.0,0.0,0.0,0.007736944,0.0,0,0,0,1,0
65149,1,1,2.1316645,0.8939429,1,0,train,12.0,10.0,2.0,0.8333333,0.16666667,0.16666669,0.01934236,0.0032237265,1,0,1,1,0
65150,1,1,0.03992951,0.50998104,1,0,unassigned,8.0,7.0,1.0,0.875,0.125,0.125,0.0116054155,0.0014506769,1,0,1,1,0
65151,1,1,0.19262177,0.54800713,1,0,unassigned,51.0,50.0,1.0,0.98039216,0.019607844,0.019607842,0.09477756,0.0018583836,1,0,1,1,0
65152,-1,1,0.57160836,0.6391342,1,1,unassigned,41.0,41.0,0.0,1.0,0.0,0.0,0.07543521,0.0,1,0,0,1,0
65153,1,1,-0.4471804,0.39003137,0,1,unassigned,5.0,4.0,1.0,0.8,0.2,0.19999999,0.0058027077,0.0011605415,1,0,0,0,0
65154,-1,1,0.15099639,0.5376775,1,1,unassigned,68.0,67.0,1.0,0.9852941,0.014705882,0.014705896,0.12765957,0.0018773467,1,0,0,1,0
65155,-1,1,5.701267,0.9966695,1,1,unassigned,3.0,3.0,0.0,1.0,0.0,0.0,0.001934236,0.0,1,0,0,1,1
65156,1,1,1.4031653,0.8026857,1,0,test,8.0,8.0,0.0,1.0,0.0,0.0,0.0116054155,0.0,1,0,1,1,0
65157,-1,0,-0.10182029,0.4745669,0,1,unassigned,3.0,3.0,0.0,1.0,0.0,0.0,0.001934236,0.0,0,0,0,0,0
65158,1,0,-0.25896972,0.43561697,0,1,val,19.0,19.0,0.0,1.0,0.0,0.0,0.032882012,0.0,0,0,0,0,0
65159,-1,1,2.2550752,0.9050874,1,1,unassigned,23.0,16.0,7.0,0.6956522,0.3043478,0.3043478,0.040618956,0.01236229,1,0,0,1,1
65160,-1,0,3.1025918,0.95699954,1,1,unassigned,5.0,2.0,3.0,0.4,0.6,0.6,0.0058027077,0.0034816249,0,0,0,1,1
65161,-1,1,1.6652067,0.8409357,1,1,unassigned,4.0,3.0,1.0,0.75,0.25,0.25,0.003868472,0.000967118,1,0,0,1,0
65162,-1,1,-0.72254,0.32683387,0,1,unassigned,25.0,24.0,1.0,0.96,0.04,0.04000002,0.044487428,0.001779497,1,0,0,0,0
65163,-1,1,2.9682057,0.9511169,1,1,unassigned,9.0,7.0,2.0,0.7777778,0.22222222,0.22222221,0.013539651,0.0030088115,1,0,0,1,1
65164,-1,1,5.0451684,0.9936008,1,1,unassigned,25.0,25.0,0.0,1.0,0.0,0.0,0.044487428,0.0,1,0,0,1,1
65165,-1,0,7.3020854,0.99932635,1,1,unassigned,36.0,28.0,8.0,0.7777778,0.22222222,0.22222221,0.065764025,0.014614228,0,0,0,1,1
65166,-1,0,-0.37079358,0.40834928,0,1,unassigned,8.0,8.0,0.0,1.0,0.0,0.0,0.0116054155,0.0,0,0,0,0,0
65167,-1,1,-0.5915228,0.3562855,0,1,unassigned,15.0,15.0,0.0,1.0,0.0,0.0,0.025145067,0.0,1,0,0,0,0
65168,-1,0,3.2870252,0.96398103,1,1,unassigned,4.0,4.0,0.0,1.0,0.0,0.0,0.003868472,0.0,0,0,0,1,1
65169,-1,1,4.287379,0.98644537,1,1,unassigned,10.0,10.0,0.0,1.0,0.0,0.0,0.015473888,0.0,1,0,0,1,1
65170,-1,1,2.2860372,0.907714,1,1,unassigned,5.0,5.0,0.0,1.0,0.0,0.0,0.0058027077,0.0,1,0,0,1,1
65171,-1,0,1.904288,0.87037605,1,1,unassigned,13.0,13.0,0.0,1.0,0.0,0.0,0.021276595,0.0,0,0,0,1,0
65172,-1,1,-0.31237945,0.42253408,0,1,unassigned,10.0,10.0,0.0,1.0,0.0,0.0,0.015473888,0.0,1,0,0,0,0
65173,-1,1,0.6618176,0.65966856,1,1,unassigned,8.0,8.0,0.0,1.0,0.0,0.0,0.0116054155,0.0,1,0,0,1,0
65174,-1,0,-0.31029627,0.42304242,0,1,unassigned,4.0,4.0,0.0,1.0,0.0,0.0,0.003868472,0.0,0,0,0,0,0
65175,-1,1,0.92113787,0.7152739,1,1,unassigned,40.0,40.0,0.0,1.0,0.0,0.0,0.07350097,0.0,1,0,0,1,0
65176,-1,1,5.2499413,0.9947796,1,1,unassigned,19.0,18.0,1.0,0.94736844,0.05263158,0.052631557,0.032882012,0.0017306323,1,0,0,1,1
65177,-1,1,2.5440605,0.9271735,1,1,unassigned,9.0,8.0,1.0,0.8888889,0.11111111,0.111111104,0.013539651,0.0015044058,1,0,0,1,1
65178,-1,1,4.562512,0.98967195,1,1,unassigned,3.0,2.0,1.0,0.6666667,0.33333334,0.3333333,0.001934236,0.00064474536,1,0,0,1,1
65179,-1,0,-0.37803245,0.40660155,0,1,unassigned,4.0,4.0,0.0,1.0,0.0,0.0,0.003868472,0.0,0,0,0,0,0
65180,-1,1,-0.20467594,0.4490089,0,1,unassigned,36.0,34.0,2.0,0.9444444,0.055555556,0.055555582,0.065764025,0.003653557,1,0,0,0,0
65181,-1,0,-0.4229576,0.39580926,0,1,unassigned,41.0,41.0,0.0,1.0,0.0,0.0,0.07543521,0.0,0,0,0,0,0
65182,-1,1,-0.41872343,0.39682224,0,1,unassigned,34.0,34.0,0.0,1.0,0.0,0.0,0.061895553,0.0,1,0,0,0,0
65183,-1,0,0.3432718,0.5849851,1,1,unassigned,25.0,25.0,0.0,1.0,0.0,0.0,0.044487428,0.0,0,0,0,1,0
65184,-1,0,-0.20226422,0.44960564,0,1,unassigned,18.0,18.0,0.0,1.0,0.0,0.0,0.030947777,0.0,0,0,0,0,0
65185,-1,1,1.0080125,0.732631,1,1,unassigned,15.0,14.0,1.0,0.93333334,0.06666667,0.06666666,0.025145067,0.0016763379,1,0,0,1,0
65186,0,1,-0.85712487,0.29794037,0,0,test,22.0,21.0,1.0,0.95454544,0.045454547,0.04545456,0.03868472,0.0017583964,1,0,1,0,0
65187,-1,0,1.9713433,0.87775534,1,1,unassigned,9.0,8.0,1.0,0.8888889,0.11111111,0.111111104,0.013539651,0.0015044058,0,0,0,1,0
65188,-1,0,9.890074,0.99994934,1,1,unassigned,11.0,9.0,2.0,0.8181818,0.18181819,0.18181819,0.017408123,0.0031651135,0,0,0,1,1
65189,-1,0,-0.6718797,0.33807608,0,1,unassigned,32.0,32.0,0.0,1.0,0.0,0.0,0.058027077,0.0,0,0,0,0,0
65190,-1,1,-0.45168713,0.38895968,0,1,unassigned,24.0,20.0,4.0,0.8333333,0.16666667,0.16666669,0.04255319,0.0070921984,1,0,0,0,0
65191,-1,1,-0.53233534,0.36997238,0,1,unassigned,50.0,50.0,0.0,1.0,0.0,0.0,0.092843324,0.0,1,0,0,0,0
65192,-1,0,2.9686434,0.95113724,1,1,unassigned,4.0,4.0,0.0,1.0,0.0,0.0,0.003868472,0.0,0,0,0,1,1
65193,-1,0,0.44839865,0.6102584,1,1,unassigned,6.0,4.0,2.0,0.6666667,0.33333334,0.3333333,0.007736944,0.0025789815,0,0,0,1,0
65194,-1,0,-0.49010152,0.37986964,0,1,unassigned,42.0,42.0,0.0,1.0,0.0,0.0,0.07736944,0.0,0,0,0,0,0
65195,-1,1,-0.41277575,0.3982467,0,1,unassigned,25.0,23.0,2.0,0.92,0.08,0.07999998,0.044487428,0.003558994,1,0,0,0,0
65196,-1,0,-0.3468233,0.41415298,0,1,unassigned,17.0,17.0,0.0,1.0,0.0,0.0,0.029013539,0.0,0,0,0,0,0
65197,-1,0,1.8501463,0.86414427,1,1,unassigned,2.0,2.0,0.0,1.0,0.0,0.0,0.0,0.0,0,0,0,1,0
65198,-1,1,-0.8791117,0.29336187,0,1,unassigned,3.0,2.0,1.0,0.6666667,0.33333334,0.3333333,0.001934236,0.00064474536,1,0,0,0,0
65199,0,0,-0.2071132,0.44840598,0,0,test,2.0,2.0,0.0,1.0,0.0,0.0,0.0,0.0,0,0,1,0,0
65200,-1,0,6.263597,0.99809927,1,1,unassigned,11.0,10.0,1.0,0.90909094,0.09090909,0.090909064,0.017408123,0.0015825568,0,0,0,1,1
65201,-1,0,3.7879822,0.9778601,1,1,unassigned,11.0,11.0,0.0,1.0,0.0,0.0,0.017408123,0.0,0,0,0,1,1
65202,-1,0,-0.26586306,0.433923,0,1,unassigned,5.0,5.0,0.0,1.0,0.0,0.0,0.0058027077,0.0,0,0,0,0,0
65203,-1,0,-0.2501936,0.43777582,0,1,unassigned,3.0,3.0,0.0,1.0,0.0,0.0,0.001934236,0.0,0,0,0,0,0
65204,-1,1,3.0635674,0.95536464,1,1,unassigned,20.0,20.0,0.0,1.0,0.0,0.0,0.034816246,0.0,1,0,0,1,1
65205,-1,1,7.543711,0.9994709,1,1,unassigned,2.0,2.0,0.0,1.0,0.0,0.0,0.0,0.0,1,0,0,1,1
65206,0,1,0.20876014,0.5520013,1,1,val,76.0,73.0,3.0,0.9605263,0.039473683,0.039473712,0.14313346,0.005650005,1,0,0,1,0
65207,-1,1,1.9630158,0.87685895,1,1,unassigned,29.0,29.0,0.0,1.0,0.0,0.0,0.05222437,0.0,1,0,0,1,0
65208,-1,0,1.4383533,0.80819947,1,1,unassigned,6.0,6.0,0.0,1.0,0.0,0.0,0.007736944,0.0,0,0,0,1,0
65209,-1,1,2.7166564,0.9380024,1,1,unassigned,22.0,21.0,1.0,0.95454544,0.045454547,0.04545456,0.03868472,0.0017583964,1,0,0,1,1
65210,-1,0,0.9299131,0.71705765,1,1,unassigned,5.0,4.0,1.0,0.8,0.2,0.19999999,0.0058027077,0.0011605415,0,0,0,1,0
65211,1,0,4.751082,0.9914317,1,0,unassigned,5.0,5.0,0.0,1.0,0.0,0.0,0.0058027077,0.0,0,0,1,1,1
65212,-1,1,3.900293,0.98016536,1,1,unassigned,11.0,11.0,0.0,1.0,0.0,0.0,0.017408123,0.0,1,0,0,1,1
65213,-1,1,-0.13259402,0.4669,0,1,unassigned,43.0,41.0,2.0,0.95348835,0.046511628,0.04651165,0.079303674,0.0036885429,1,0,0,0,0
65214,-1,0,-0.14874792,0.46288145,0,1,unassigned,11.0,10.0,1.0,0.90909094,0.09090909,0.090909064,0.017408123,0.0015825568,0,0,0,0,0
65215,-1,1,0.08311993,0.52076805,1,1,unassigned,14.0,14.0,0.0,1.0,0.0,0.0,0.023210831,0.0,1,0,0,1,0
65216,-1,1,0.09637493,0.5240751,1,1,unassigned,11.0,11.0,0.0,1.0,0.0,0.0,0.017408123,0.0,1,0,0,1,0
65217,-1,0,5.1117024,0.9940103,1,1,unassigned,9.0,9.0,0.0,1.0,0.0,0.0,0.013539651,0.0,0,0,0,1,1
65218,-1,0,12.225376,0.9999951,1,1,unassigned,2.0,2.0,0.0,1.0,0.0,0.0,0.0,0.0,0,0,0,1,1
65219,-1,1,1.9323914,0.8735139,1,1,unassigned,8.0,3.0,5.0,0.375,0.625,0.625,0.0116054155,0.0072533847,1,0,0,1,0
65220,-1,0,0.6479152,0.6565405,1,1,unassigned,5.0,5.0,0.0,1.0,0.0,0.0,0.0058027077,0.0,0,0,0,1,0
65221,1,0,1.0940025,0.7491347,1,0,unassigned,6.0,6.0,0.0,1.0,0.0,0.0,0.007736944,0.0,0,0,1,1,0
65222,-1,0,7.829244,0.99960226,1,1,unassigned,2.0,2.0,0.0,1.0,0.0,0.0,0.0,0.0,0,0,0,1,1
65223,-1,0,-0.82512623,0.3046766,0,1,unassigned,3.0,3.0,0.0,1.0,0.0,0.0,0.001934236,0.0,0,0,0,0,0
65224,-1,0,-0.55641836,0.3643766,0,1,unassigned,5.0,5.0,0.0,1.0,0.0,0.0,0.0058027077,0.0,0,0,0,0,0
65225,-1,0,-0.6686989,0.33878824,0,1,unassigned,6.0,6.0,0.0,1.0,0.0,0.0,0.007736944,0.0,0,0,0,0,0
65226,-1,0,-0.5893896,0.3567749,0,1,unassigned,32.0,32.0,0.0,1.0,0.0,0.0,0.058027077,0.0,0,0,0,0,0
65227,-1,0,-0.7389858,0.32322595,0,1,unassigned,22.0,22.0,0.0,1.0,0.0,0.0,0.03868472,0.0,0,0,0,0,0
65228,-1,1,4.600078,0.990049,1,1,unassigned,2.0,2.0,0.0,1.0,0.0,0.0,0.0,0.0,1,0,0,1,1
65229,-1,1,1.6870944,0.8438417,1,1,unassigned,21.0,19.0,2.0,0.9047619,0.0952381,0.09523809,0.036750484,0.0035000462,1,0,0,1,0
65230,-1,0,3.3507664,0.96612996,1,1,unassigned,5.0,5.0,0.0,1.0,0.0,0.0,0.0058027077,0.0,0,0,0,1,1
65231,-1,1,-0.60887825,0.35231513,0,1,unassigned,6.0,6.0,0.0,1.0,0.0,0.0,0.007736944,0.0,1,0,0,0,0
65232,-1,0,3.8213632,0.97857136,1,1,unassigned,2.0,2.0,0.0,1.0,0.0,0.0,0.0,0.0,0,0,0,1,1
65233,0,0,-0.052594423,0.48685443,0,0,val,39.0,39.0,0.0,1.0,0.0,0.0,0.07156673,0.0,0,0,1,0,0
65234,-1,1,0.8361874,0.69766164,1,1,unassigned,27.0,27.0,0.0,1.0,0.0,0.0,0.0483559,0.0,1,0,0,1,0
65235,-1,0,1.3748884,0.7981688,1,1,unassigned,2.0,2.0,0.0,1.0,0.0,0.0,0.0,0.0,0,0,0,1,0
65236,0,0,2.2190323,0.90194565,1,1,unassigned,27.0,26.0,1.0,0.962963,0.037037037,0.037037015,0.0483559,0.0017909593,0,0,0,1,1
65237,-1,1,3.1782858,0.9600089,1,1,unassigned,19.0,19.0,0.0,1.0,0.0,0.0,0.032882012,0.0,1,0,0,1,1
65238,-1,1,0.90885717,0.71276623,1,1,unassigned,6.0,3.0,3.0,0.5,0.5,0.5,0.007736944,0.003868472,1,0,0,1,0
65239,0,1,-0.0064722896,0.4983819,0,0,test,23.0,22.0,1.0,0.95652175,0.04347826,0.04347825,0.040618956,0.0017660416,1,0,1,0,0
65240,1,1,-0.24605736,0.43879414,0,1,unassigned,29.0,29.0,0.0,1.0,0.0,0.0,0.05222437,0.0,1,0,0,0,0
65241,-1,1,5.245982,0.9947589,1,1,unassigned,4.0,4.0,0.0,1.0,0.0,0.0,0.003868472,0.0,1,0,0,1,1
65242,-1,1,6.6701407,0.99873334,1,1,unassigned,2.0,2.0,0.0,1.0,0.0,0.0,0.0,0.0,1,0,0,1,1
65243,-1,1,0.14470571,0.53611344,1,1,unassigned,2.0,2.0,0.0,1.0,0.0,0.0,0.0,0.0,1,0,0,1,0
65244,1,1,4.2732153,0.9862547,1,0,unassigned,8.0,7.0,1.0,0.875,0.125,0.125,0.0116054155,0.0014506769,1,0,1,1,1
65245,-1,1,1.4210527,0.80550337,1,1,unassigned,4.0,4.0,0.0,1.0,0.0,0.0,0.003868472,0.0,1,0,0,1,0
65246,-1,0,-0.00014358759,0.49996412,0,1,unassigned,3.0,3.0,0.0,1.0,0.0,0.0,0.001934236,0.0,0,0,0,0,0
65247,-1,0,3.6533444,0.9747498,1,1,unassigned,2.0,1.0,1.0,0.5,0.5,0.5,0.0,0.0,0,0,0,1,1
65248,-1,0,0.0884366,0.5220947,1,1,unassigned,6.0,5.0,1.0,0.8333333,0.16666667,0.16666669,0.007736944,0.0012894907,0,0,0,1,0
65249,0,0,0.29335207,0.5728166,1,1,val,4.0,4.0,0.0,1.0,0.0,0.0,0.003868472,0.0,0,0,0,1,0
65250,-1,0,7.95066,0.99964774,1,1,unassigned,5.0,5.0,0.0,1.0,0.0,0.0,0.0058027077,0.0,0,0,0,1,1
65251,-1,1,-0.6731347,0.3377953,0,1,unassigned,64.0,64.0,0.0,1.0,0.0,0.0,0.11992263,0.0,1,0,0,0,0
65252,-1,0,1.2072792,0.76981723,1,1,unassigned,4.0,4.0,0.0,1.0,0.0,0.0,0.003868472,0.0,0,0,0,1,0
65253,-1,0,1.2829585,0.78295296,1,1,unassigned,2.0,2.0,0.0,1.0,0.0,0.0,0.0,0.0,0,0,0,1,0
65254,-1,0,1.8405001,0.86300784,1,1,unassigned,5.0,5.0,0.0,1.0,0.0,0.0,0.0058027077,0.0,0,0,0,1,0
65255,-1,0,4.8898063,0.9925333,1,1,unassigned,6.0,2.0,4.0,0.33333334,0.6666667,0.6666666,0.007736944,0.005157963,0,0,0,1,1
65256,-1,1,0.38308585,0.5946172,1,1,unassigned,10.0,10.0,0.0,1.0,0.0,0.0,0.015473888,0.0,1,0,0,1,0
65257,-1,1,4.8884826,0.9925235,1,1,unassigned,7.0,7.0,0.0,1.0,0.0,0.0,0.00967118,0.0,1,0,0,1,1
65258,1,1,0.4321782,0.6063937,1,0,val,3.0,3.0,0.0,1.0,0.0,0.0,0.001934236,0.0,1,0,1,1,0
65259,-1,0,-0.6564914,0.34152824,0,1,unassigned,9.0,9.0,0.0,1.0,0.0,0.0,0.013539651,0.0,0,0,0,0,0
65260,-1,0,3.6296408,0.9741597,1,1,unassigned,6.0,6.0,0.0,1.0,0.0,0.0,0.007736944,0.0,0,0,0,1,1
65261,-1,0,3.55567,0.972231,1,1,unassigned,5.0,5.0,0.0,1.0,0.0,0.0,0.0058027077,0.0,0,0,0,1,1
65262,-1,0,0.2667901,0.5663047,1,1,unassigned,2.0,2.0,0.0,1.0,0.0,0.0,0.0,0.0,0,0,0,1,0
65263,-1,0,1.8983548,0.86970526,1,1,unassigned,5.0,5.0,0.0,1.0,0.0,0.0,0.0058027077,0.0,0,0,0,1,0
65264,-1,0,4.1308765,0.9841853,1,1,unassigned,2.0,2.0,0.0,1.0,0.0,0.0,0.0,0.0,0,0,0,1,1
65265,-1,0,1.1381743,0.7573443,1,1,unassigned,2.0,1.0,1.0,0.5,0.5,0.5,0.0,0.0,0,0,0,1,0
65266,-1,0,10.445306,0.9999709,1,1,unassigned,95.0,95.0,0.0,1.0,0.0,0.0,0.17988394,0.0,0,0,0,1,1
65267,-1,0,-0.30839673,0.42350614,0,1,unassigned,7.0,7.0,0.0,1.0,0.0,0.0,0.00967118,0.0,0,0,0,0,0
65268,-1,0,3.4600961,0.96953076,1,1,unassigned,6.0,5.0,1.0,0.8333333,0.16666667,0.16666669,0.007736944,0.0012894907,0,0,0,1,1
65269,-1,0,-0.17644894,0.45600185,0,1,unassigned,8.0,8.0,0.0,1.0,0.0,0.0,0.0116054155,0.0,0,0,0,0,0
65270,-1,0,0.20086366,0.55004776,1,1,unassigned,3.0,3.0,0.0,1.0,0.0,0.0,0.001934236,0.0,0,0,0,1,0
65271,-1,1,2.1773024,0.89819264,1,1,unassigned,12.0,11.0,1.0,0.9166667,0.083333336,0.08333331,0.01934236,0.0016118633,1,0,0,1,0
65272,-1,0,2.291472,0.9081683,1,1,unassigned,3.0,3.0,0.0,1.0,0.0,0.0,0.001934236,0.0,0,0,0,1,1
65273,-1,1,0.06003946,0.51500535,1,1,unassigned,12.0,12.0,0.0,1.0,0.0,0.0,0.01934236,0.0,1,0,0,1,0
65274,-1,0,4.7726817,0.99161327,1,1,unassigned,19.0,15.0,4.0,0.7894737,0.21052632,0.21052629,0.032882012,0.006922529,0,0,0,1,1
65275,-1,0,-0.40011448,0.40128487,0,1,unassigned,7.0,7.0,0.0,1.0,0.0,0.0,0.00967118,0.0,0,0,0,0,0
65276,1,1,-1.3252819,0.20994087,0,1,test,2.0,2.0,0.0,1.0,0.0,0.0,0.0,0.0,1,0,0,0,0
65277,-1,1,0.71329457,0.67112875,1,1,unassigned,6.0,6.0,0.0,1.0,0.0,0.0,0.007736944,0.0,1,0,0,1,0
65278,-1,1,0.8129688,0.69274175,1,1,unassigned,12.0,12.0,0.0,1.0,0.0,0.0,0.01934236,0.0,1,0,0,1,0
65279,1,1,0.60788006,0.64745706,1,0,unassigned,4.0,4.0,0.0,1.0,0.0,0.0,0.003868472,0.0,1,0,1,1,0
65280,-1,1,-0.37583143,0.40713271,0,1,unassigned,11.0,11.0,0.0,1.0,0.0,0.0,0.017408123,0.0,1,0,0,0,0
65281,-1,1,2.5943477,0.9304969,1,1,unassigned,7.0,7.0,0.0,1.0,0.0,0.0,0.00967118,0.0,1,0,0,1,1
65282,-1,1,1.4788435,0.8143978,1,1,unassigned,13.0,13.0,0.0,1.0,0.0,0.0,0.021276595,0.0,1,0,0,1,0
65283,-1,0,1.7865598,0.856505,1,1,unassigned,2.0,1.0,1.0,0.5,0.5,0.5,0.0,0.0,0,0,0,1,0
65284,-1,0,-0.5045764,0.3764658,0,1,unassigned,4.0,3.0,1.0,0.75,0.25,0.25,0.003868472,0.000967118,0,0,0,0,0
65285,-1,0,7.1314063,0.9992011,1,1,unassigned,3.0,3.0,0.0,1.0,0.0,0.0,0.001934236,0.0,0,0,0,1,1
65286,0,0,3.3900502,0.9673921,1,1,test,2.0,2.0,0.0,1.0,0.0,0.0,0.0,0.0,0,0,0,1,1
65287,-1,0,-0.71249825,0.32904705,0,1,unassigned,2.0,2.0,0.0,1.0,0.0,0.0,0.0,0.0,0,0,0,0,0
65288,-1,0,9.798817,0.99994445,1,1,unassigned,4.0,2.0,2.0,0.5,0.5,0.5,0.003868472,0.001934236,0,0,0,1,1
65289,1,0,2.76304,0.94064564,1,0,test,3.0,3.0,0.0,1.0,0.0,0.0,0.001934236,0.0,0,0,1,1,1
65290,1,1,-0.5588989,0.36380225,0,1,val,42.0,42.0,0.0,1.0,0.0,0.0,0.07736944,0.0,1,0,0,0,0
65291,1,0,2.137517,0.8944965,1,0,test,8.0,8.0,0.0,1.0,0.0,0.0,0.0116054155,0.0,0,0,1,1,0
65292,-1,0,3.3495429,0.9660899,1,1,unassigned,2.0,2.0,0.0,1.0,0.0,0.0,0.0,0.0,0,0,0,1,1
65293,-1,1,-0.58046645,0.35882524,0,1,unassigned,10.0,10.0,0.0,1.0,0.0,0.0,0.015473888,0.0,1,0,0,0,0
65294,1,1,-0.23919177,0.4404855,0,1,unassigned,22.0,22.0,0.0,1.0,0.0,0.0,0.03868472,0.0,1,0,0,0,0
65295,-1,1,0.08192712,0.5204703,1,1,unassigned,4.0,4.0,0.0,1.0,0.0,0.0,0.003868472,0.0,1,0,0,1,0
65296,-1,1,3.0078545,0.95292765,1,1,unassigned,2.0,1.0,1.0,0.5,0.5,0.5,0.0,0.0,1,0,0,1,1
65297,1,1,-0.3957169,0.4023418,0,1,val,22.0,21.0,1.0,0.95454544,0.045454547,0.04545456,0.03868472,0.0017583964,1,0,0,0,0
65298,-1,1,10.78475,0.99997926,1,1,unassigned,46.0,42.0,4.0,0.9130435,0.08695652,0.0869565,0.08510638,0.007400555,1,0,0,1,1
65299,-1,0,-0.79438835,0.31122717,0,1,unassigned,2.0,2.0,0.0,1.0,0.0,0.0,0.0,0.0,0,0,0,0,0
65300,-1,0,3.2314813,0.962002,1,1,unassigned,2.0,2.0,0.0,1.0,0.0,0.0,0.0,0.0,0,0,0,1,1
65301,-1,0,1.9050698,0.8704642,1,1,unassigned,6.0,6.0,0.0,1.0,0.0,0.0,0.007736944,0.0,0,0,0,1,0
65302,-1,0,-0.73466915,0.32417095,0,1,unassigned,5.0,5.0,0.0,1.0,0.0,0.0,0.0058027077,0.0,0,0,0,0,0
65303,-1,0,-0.5279151,0.37100327,0,1,unassigned,2.0,2.0,0.0,1.0,0.0,0.0,0.0,0.0,0,0,0,0,0
65304,-1,0,-0.21013433,0.44765887,0,1,unassigned,19.0,19.0,0.0,1.0,0.0,0.0,0.032882012,0.0,0,0,0,0,0
65305,-1,0,-0.16890982,0.45787266,0,1,unassigned,7.0,7.0,0.0,1.0,0.0,0.0,0.00967118,0.0,0,0,0,0,0
65306,1,0,0.35236192,0.5871903,1,0,val,7.0,7.0,0.0,1.0,0.0,0.0,0.00967118,0.0,0,0,1,1,0
65307,-1,1,-0.57980883,0.3589766,0,1,unassigned,10.0,9.0,1.0,0.9,0.1,0.100000024,0.015473888,0.0015473888,1,0,0,0,0
65308,-1,0,2.1263678,0.8934397,1,1,unassigned,24.0,24.0,0.0,1.0,0.0,0.0,0.04255319,0.0,0,0,0,1,0
65309,-1,0,1.5810766,0.82935697,1,1,unassigned,2.0,2.0,0.0,1.0,0.0,0.0,0.0,0.0,0,0,0,1,0
65310,0,0,-0.7371547,0.32362664,0,0,test,7.0,5.0,2.0,0.71428573,0.2857143,0.28571427,0.00967118,0.0027631943,0,0,1,0,0
65311,-1,1,1.4811733,0.8147498,1,1,unassigned,6.0,6.0,0.0,1.0,0.0,0.0,0.007736944,0.0,1,0,0,1,0
65312,-1,0,-0.36778927,0.40907532,0,1,unassigned,2.0,2.0,0.0,1.0,0.0,0.0,0.0,0.0,0,0,0,0,0
65313,-1,0,-0.30041838,0.42545518,0,1,unassigned,8.0,7.0,1.0,0.875,0.125,0.125,0.0116054155,0.0014506769,0,0,0,0,0
65314,-1,1,-0.3788613,0.40640157,0,1,unassigned,51.0,50.0,1.0,0.98039216,0.019607844,0.019607842,0.09477756,0.0018583836,1,0,0,0,0
65315,1,0,4.220138,0.98551625,1,0,unassigned,2.0,2.0,0.0,1.0,0.0,0.0,0.0,0.0,0,0,1,1,1
65316,-1,0,-0.4837603,0.38136458,0,1,unassigned,3.0,2.0,1.0,0.6666667,0.33333334,0.3333333,0.001934236,0.00064474536,0,0,0,0,0
65317,-1,0,-0.6352428,0.34632272,0,1,unassigned,24.0,24.0,0.0,1.0,0.0,0.0,0.04255319,0.0,0,0,0,0,0
65318,0,1,-0.5440303,0.36725053,0,0,val,51.0,44.0,7.0,0.8627451,0.13725491,0.1372549,0.09477756,0.013008686,1,0,1,0,0
65319,-1,0,-0.09972918,0.47508833,0,1,unassigned,5.0,4.0,1.0,0.8,0.2,0.19999999,0.0058027077,0.0011605415,0,0,0,0,0
65320,-1,0,11.631962,0.9999912,1,1,unassigned,2.0,2.0,0.0,1.0,0.0,0.0,0.0,0.0,0,0,0,1,1
65321,-1,1,-0.20139584,0.44982055,0,1,unassigned,33.0,33.0,0.0,1.0,0.0,0.0,0.059961315,0.0,1,0,0,0,0
65322,-1,0,1.0547917,0.741694,1,1,unassigned,2.0,2.0,0.0,1.0,0.0,0.0,0.0,0.0,0,0,0,1,0
65323,-1,0,3.1293504,0.95808727,1,1,unassigned,3.0,3.0,0.0,1.0,0.0,0.0,0.001934236,0.0,0,0,0,1,1
65324,-1,1,1.0286665,0.73665726,1,1,unassigned,8.0,8.0,0.0,1.0,0.0,0.0,0.0116054155,0.0,1,0,0,1,0
65325,-1,0,7.5483136,0.9994733,1,1,unassigned,3.0,3.0,0.0,1.0,0.0,0.0,0.001934236,0.0,0,0,0,1,1
65326,-1,0,-0.57148856,0.36089343,0,1,unassigned,17.0,17.0,0.0,1.0,0.0,0.0,0.029013539,0.0,0,0,0,0,0
65327,0,0,-1.012098,0.26656947,0,0,unassigned,15.0,11.0,4.0,0.73333335,0.26666668,0.26666665,0.025145067,0.0067053516,0,0,1,0,0
65328,-1,0,1.0324461,0.73738986,1,1,unassigned,3.0,3.0,0.0,1.0,0.0,0.0,0.001934236,0.0,0,0,0,1,0
65329,-1,1,3.3739407,0.9668801,1,1,unassigned,14.0,14.0,0.0,1.0,0.0,0.0,0.023210831,0.0,1,0,0,1,1
65330,-1,0,2.2191832,0.90195894,1,1,unassigned,5.0,5.0,0.0,1.0,0.0,0.0,0.0058027077,0.0,0,0,0,1,1
65331,-1,1,3.1264153,0.95796937,1,1,unassigned,6.0,6.0,0.0,1.0,0.0,0.0,0.007736944,0.0,1,0,0,1,1
65332,-1,1,4.5137277,0.9891613,1,1,unassigned,2.0,2.0,0.0,1.0,0.0,0.0,0.0,0.0,1,0,0,1,1
65333,-1,0,-0.3426195,0.4151733,0,1,unassigned,7.0,7.0,0.0,1.0,0.0,0.0,0.00967118,0.0,0,0,0,0,0
65334,-1,0,4.823788,0.9920278,1,1,unassigned,8.0,8.0,0.0,1.0,0.0,0.0,0.0116054155,0.0,0,0,0,1,1
65335,-1,1,-0.62762296,0.34804973,0,1,unassigned,52.0,52.0,0.0,1.0,0.0,0.0,0.0967118,0.0,1,0,0,0,0
65336,-1,0,-0.3915144,0.4033528,0,1,unassigned,4.0,4.0,0.0,1.0,0.0,0.0,0.003868472,0.0,0,0,0,0,0
65337,-1,0,5.057355,0.9936779,1,1,unassigned,5.0,5.0,0.0,1.0,0.0,0.0,0.0058027077,0.0,0,0,0,1,1
65338,-1,0,4.6964936,0.9909553,1,1,unassigned,6.0,5.0,1.0,0.8333333,0.16666667,0.16666669,0.007736944,0.0012894907,0,0,0,1,1
65339,-1,0,-0.4227429,0.39586058,0,1,unassigned,5.0,1.0,4.0,0.2,0.8,0.8,0.0058027077,0.004642166,0,0,0,0,0
65340,1,0,7.9308076,0.9996406,1,0,unassigned,13.0,13.0,0.0,1.0,0.0,0.0,0.021276595,0.0,0,0,1,1,1
65341,-1,0,2.8417056,0.94488835,1,1,unassigned,13.0,11.0,2.0,0.84615386,0.15384616,0.15384614,0.021276595,0.0032733225,0,0,0,1,1
65342,-1,0,4.200853,0.9852384,1,1,unassigned,7.0,4.0,3.0,0.5714286,0.42857143,0.4285714,0.00967118,0.0041447915,0,0,0,1,1
65343,-1,0,4.8673716,0.9923652,1,1,unassigned,5.0,5.0,0.0,1.0,0.0,0.0,0.0058027077,0.0,0,0,0,1,1
65344,-1,0,3.7200139,0.9763398,1,1,unassigned,2.0,2.0,0.0,1.0,0.0,0.0,0.0,0.0,0,0,0,1,1
65345,-1,1,-0.49131903,0.3795829,0,1,unassigned,6.0,6.0,0.0,1.0,0.0,0.0,0.007736944,0.0,1,0,0,0,0
65346,-1,0,2.9398727,0.94978267,1,1,unassigned,2.0,2.0,0.0,1.0,0.0,0.0,0.0,0.0,0,0,0,1,1
65347,-1,0,1.7532933,0.8523677,1,1,unassigned,2.0,2.0,0.0,1.0,0.0,0.0,0.0,0.0,0,0,0,1,0
65348,-1,1,-0.67215925,0.33801353,0,1,unassigned,8.0,8.0,0.0,1.0,0.0,0.0,0.0116054155,0.0,1,0,0,0,0
65349,-1,0,2.2418425,0.90394455,1,1,unassigned,2.0,2.0,0.0,1.0,0.0,0.0,0.0,0.0,0,0,0,1,1
65350,-1,0,2.5053263,0.92451435,1,1,unassigned,4.0,4.0,0.0,1.0,0.0,0.0,0.003868472,0.0,0,0,0,1,1
65351,1,0,6.7176456,0.9987921,1,0,unassigned,14.0,13.0,1.0,0.9285714,0.071428575,0.0714286,0.023210831,0.0016579166,0,0,1,1,1
65352,-1,0,3.9081795,0.9803182,1,1,unassigned,2.0,2.0,0.0,1.0,0.0,0.0,0.0,0.0,0,0,0,1,1
65353,1,0,4.073831,0.98327243,1,0,unassigned,15.0,14.0,1.0,0.93333334,0.06666667,0.06666666,0.025145067,0.0016763379,0,0,1,1,1
65354,1,0,-0.018725932,0.49531868,0,1,unassigned,5.0,5.0,0.0,1.0,0.0,0.0,0.0058027077,0.0,0,0,0,0,0
65355,-1,0,-0.2839099,0.42949545,0,1,unassigned,12.0,12.0,0.0,1.0,0.0,0.0,0.01934236,0.0,0,0,0,0,0
65356,-1,0,6.0074697,0.99754566,1,1,unassigned,4.0,4.0,0.0,1.0,0.0,0.0,0.003868472,0.0,0,0,0,1,1
65357,-1,0,4.5385866,0.98942447,1,1,unassigned,5.0,5.0,0.0,1.0,0.0,0.0,0.0058027077,0.0,0,0,0,1,1
65358,-1,1,3.8441908,0.97904485,1,1,unassigned,10.0,9.0,1.0,0.9,0.1,0.100000024,0.015473888,0.0015473888,1,0,0,1,1
65359,-1,1,5.6549335,0.996512,1,1,unassigned,22.0,20.0,2.0,0.90909094,0.09090909,0.090909064,0.03868472,0.0035167928,1,0,0,1,1
65360,-1,1,2.8028793,0.9428312,1,1,unassigned,16.0,13.0,3.0,0.8125,0.1875,0.1875,0.027079303,0.0050773695,1,0,0,1,1
65361,0,1,-0.7703863,0.31639555,0,0,val,8.0,6.0,2.0,0.75,0.25,0.25,0.0116054155,0.0029013539,1,0,1,0,0
65362,-1,0,3.3326213,0.9655312,1,1,unassigned,8.0,7.0,1.0,0.875,0.125,0.125,0.0116054155,0.0014506769,0,0,0,1,1
65363,-1,0,9.129341,0.9998915,1,1,unassigned,4.0,4.0,0.0,1.0,0.0,0.0,0.003868472,0.0,0,0,0,1,1
65364,-1,0,2.3457239,0.9125937,1,1,unassigned,2.0,2.0,0.0,1.0,0.0,0.0,0.0,0.0,0,0,0,1,1
65365,1,0,1.2962422,0.78520185,1,0,unassigned,10.0,9.0,1.0,0.9,0.1,0.100000024,0.015473888,0.0015473888,0,0,1,1,0
65366,0,1,0.020705879,0.5051763,1,1,unassigned,6.0,6.0,0.0,1.0,0.0,0.0,0.007736944,0.0,1,0,0,1,0
65367,-1,0,2.510877,0.9249008,1,1,unassigned,13.0,8.0,5.0,0.61538464,0.3846154,0.38461536,0.021276595,0.008183306,0,0,0,1,1
65368,1,1,3.4632742,0.9696246,1,0,test,6.0,6.0,0.0,1.0,0.0,0.0,0.007736944,0.0,1,0,1,1,1
65369,-1,1,8.07824,0.99968994,1,1,unassigned,19.0,19.0,0.0,1.0,0.0,0.0,0.032882012,0.0,1,0,0,1,1
65370,-1,1,3.7664068,0.9773881,1,1,unassigned,20.0,18.0,2.0,0.9,0.1,0.100000024,0.034816246,0.0034816246,1,0,0,1,1
65371,-1,1,0.39429492,0.59731615,1,1,unassigned,23.0,21.0,2.0,0.9130435,0.08695652,0.0869565,0.040618956,0.0035320832,1,0,0,1,0
65372,-1,1,1.5462792,0.8243757,1,1,unassigned,9.0,8.0,1.0,0.8888889,0.11111111,0.111111104,0.013539651,0.0015044058,1,0,0,1,0
65373,-1,1,8.44285,0.99978465,1,1,unassigned,3.0,3.0,0.0,1.0,0.0,0.0,0.001934236,0.0,1,0,0,1,1
65374,-1,1,6.491512,0.9984861,1,1,unassigned,8.0,4.0,4.0,0.5,0.5,0.5,0.0116054155,0.0058027077,1,0,0,1,1
65375,-1,0,2.0334113,0.8842607,1,1,unassigned,6.0,6.0,0.0,1.0,0.0,0.0,0.007736944,0.0,0,0,0,1,0
65376,-1,0,-0.40863866,0.3992386,0,1,unassigned,48.0,46.0,2.0,0.9583333,0.041666668,0.041666687,0.088974856,0.0037072857,0,0,0,0,0
65377,-1,0,3.613671,0.97375464,1,1,unassigned,13.0,11.0,2.0,0.84615386,0.15384616,0.15384614,0.021276595,0.0032733225,0,0,0,1,1
65378,-1,1,2.2632554,0.9057878,1,1,unassigned,14.0,14.0,0.0,1.0,0.0,0.0,0.023210831,0.0,1,0,0,1,1
65379,-1,1,-0.10397908,0.47402865,0,1,unassigned,2.0,2.0,0.0,1.0,0.0,0.0,0.0,0.0,1,0,0,0,0
65380,1,0,-0.90888834,0.28722736,0,1,unassigned,7.0,7.0,0.0,1.0,0.0,0.0,0.00967118,0.0,0,0,0,0,0
65381,-1,1,-0.34974417,0.41344446,0,1,unassigned,42.0,40.0,2.0,0.95238096,0.04761905,0.047619045,0.07736944,0.003684259,1,0,0,0,0
65382,-1,1,7.5495276,0.999474,1,1,unassigned,19.0,17.0,2.0,0.8947368,0.10526316,0.10526317,0.032882012,0.0034612645,1,0,0,1,1
65383,-1,1,-0.31956595,0.42078152,0,1,unassigned,7.0,7.0,0.0,1.0,0.0,0.0,0.00967118,0.0,1,0,0,0,0
65384,-1,0,2.1174037,0.89258325,1,1,unassigned,2.0,2.0,0.0,1.0,0.0,0.0,0.0,0.0,0,0,0,1,0
65385,1,0,-0.061655045,0.48459116,0,1,unassigned,3.0,3.0,0.0,1.0,0.0,0.0,0.001934236,0.0,0,0,0,0,0
65386,-1,0,2.677735,0.93569994,1,1,unassigned,4.0,4.0,0.0,1.0,0.0,0.0,0.003868472,0.0,0,0,0,1,1
65387,-1,0,3.0277836,0.9538137,1,1,unassigned,2.0,2.0,0.0,1.0,0.0,0.0,0.0,0.0,0,0,0,1,1
65388,-1,0,16.845978,1.0,1,1,unassigned,7.0,6.0,1.0,0.85714287,0.14285715,0.14285713,0.00967118,0.0013815971,0,0,0,1,1
65389,-1,0,6.790833,0.9988772,1,1,unassigned,4.0,4.0,0.0,1.0,0.0,0.0,0.003868472,0.0,0,0,0,1,1
65390,-1,1,1.9106581,0.8710931,1,1,unassigned,4.0,3.0,1.0,0.75,0.25,0.25,0.003868472,0.000967118,1,0,0,1,0
65391,-1,0,1.1446371,0.75852996,1,1,unassigned,4.0,4.0,0.0,1.0,0.0,0.0,0.003868472,0.0,0,0,0,1,0
65392,-1,0,3.395942,0.96757746,1,1,unassigned,2.0,2.0,0.0,1.0,0.0,0.0,0.0,0.0,0,0,0,1,1
65393,1,1,8.370935,0.99976856,1,0,val,35.0,35.0,0.0,1.0,0.0,0.0,0.06382979,0.0,1,0,1,1,1
65394,1,1,-0.043732703,0.48906857,0,1,test,21.0,21.0,0.0,1.0,0.0,0.0,0.036750484,0.0,1,0,0,0,0
65395,-1,1,7.632879,0.999516,1,1,unassigned,14.0,10.0,4.0,0.71428573,0.2857143,0.28571427,0.023210831,0.0066316663,1,0,0,1,1
65396,-1,1,2.0248833,0.883385,1,1,unassigned,6.0,5.0,1.0,0.8333333,0.16666667,0.16666669,0.007736944,0.0012894907,1,0,0,1,0
65397,-1,1,0.73036724,0.6748858,1,1,unassigned,28.0,26.0,2.0,0.9285714,0.071428575,0.0714286,0.050290134,0.0035921526,1,0,0,1,0
65398,-1,0,5.1067824,0.9939809,1,1,unassigned,11.0,8.0,3.0,0.72727275,0.27272728,0.27272725,0.017408123,0.00474767,0,0,0,1,1
65399,-1,0,4.6298966,0.9903385,1,1,unassigned,3.0,3.0,0.0,1.0,0.0,0.0,0.001934236,0.0,0,0,0,1,1
65400,-1,0,1.2416949,0.7758589,1,1,unassigned,13.0,13.0,0.0,1.0,0.0,0.0,0.021276595,0.0,0,0,0,1,0
65401,-1,0,-0.6687994,0.33876574,0,1,unassigned,8.0,8.0,0.0,1.0,0.0,0.0,0.0116054155,0.0,0,0,0,0,0
65402,-1,1,3.7840922,0.97777563,1,1,unassigned,14.0,14.0,0.0,1.0,0.0,0.0,0.023210831,0.0,1,0,0,1,1
65403,-1,1,3.9216006,0.98057544,1,1,unassigned,9.0,7.0,2.0,0.7777778,0.22222222,0.22222221,0.013539651,0.0030088115,1,0,0,1,1
65404,0,0,-0.37392855,0.4075921,0,0,test,14.0,14.0,0.0,1.0,0.0,0.0,0.023210831,0.0,0,0,1,0,0
65405,-1,0,-0.34292978,0.41509798,0,1,unassigned,2.0,2.0,0.0,1.0,0.0,0.0,0.0,0.0,0,0,0,0,0
65406,-1,1,0.45689946,0.61227834,1,1,unassigned,4.0,4.0,0.0,1.0,0.0,0.0,0.003868472,0.0,1,0,0,1,0
65407,-1,0,5.719898,0.9967307,1,1,unassigned,3.0,3.0,0.0,1.0,0.0,0.0,0.001934236,0.0,0,0,0,1,1
65408,-1,0,2.687445,0.93628174,1,1,unassigned,21.0,21.0,0.0,1.0,0.0,0.0,0.036750484,0.0,0,0,0,1,1
65409,-1,0,3.0348516,0.95412403,1,1,unassigned,12.0,9.0,3.0,0.75,0.25,0.25,0.01934236,0.00483559,0,0,0,1,1
65410,-1,0,-0.6558039,0.34168282,0,1,unassigned,29.0,29.0,0.0,1.0,0.0,0.0,0.05222437,0.0,0,0,0,0,0
65411,1,0,0.2806077,0.5696952,1,0,val,10.0,10.0,0.0,1.0,0.0,0.0,0.015473888,0.0,0,0,1,1,0
65412,-1,0,5.8808265,0.9972153,1,1,unassigned,7.0,7.0,0.0,1.0,0.0,0.0,0.00967118,0.0,0,0,0,1,1
65413,0,0,1.0351636,0.73791575,1,1,unassigned,11.0,10.0,1.0,0.90909094,0.09090909,0.090909064,0.017408123,0.0015825568,0,0,0,1,0
65414,1,1,7.3008385,0.9993255,1,0,unassigned,41.0,37.0,4.0,0.902439,0.09756097,0.097561,0.07543521,0.007359532,1,0,1,1,1
65415,-1,1,7.898215,0.99962866,1,1,unassigned,5.0,4.0,1.0,0.8,0.2,0.19999999,0.0058027077,0.0011605415,1,0,0,1,1
65416,-1,1,-0.7458081,0.32173535,0,1,unassigned,10.0,6.0,4.0,0.6,0.4,0.39999998,0.015473888,0.0061895554,1,0,0,0,0
65417,-1,1,0.99748117,0.73056304,1,1,unassigned,5.0,2.0,3.0,0.4,0.6,0.6,0.0058027077,0.0034816249,1,0,0,1,0
65418,-1,1,-0.52398646,0.37192053,0,1,unassigned,3.0,3.0,0.0,1.0,0.0,0.0,0.001934236,0.0,1,0,0,0,0
65419,-1,1,4.3915877,0.9877703,1,1,unassigned,7.0,7.0,0.0,1.0,0.0,0.0,0.00967118,0.0,1,0,0,1,1
65420,-1,1,-0.8543041,0.29853076,0,1,unassigned,63.0,61.0,2.0,0.96825397,0.031746034,0.03174603,0.11798839,0.0037456634,1,0,0,0,0
65421,-1,0,0.5743759,0.6397723,1,1,unassigned,2.0,2.0,0.0,1.0,0.0,0.0,0.0,0.0,0,0,0,1,0
65422,1,0,-0.22163004,0.44481823,0,1,unassigned,6.0,6.0,0.0,1.0,0.0,0.0,0.007736944,0.0,0,0,0,0,0
65423,-1,0,3.3794296,0.9670554,1,1,unassigned,16.0,15.0,1.0,0.9375,0.0625,0.0625,0.027079303,0.0016924564,0,0,0,1,1
65424,-1,0,0.013390958,0.5033477,1,1,unassigned,20.0,20.0,0.0,1.0,0.0,0.0,0.034816246,0.0,0,0,0,1,0
65425,-1,1,4.657324,0.9905974,1,1,unassigned,5.0,3.0,2.0,0.6,0.4,0.39999998,0.0058027077,0.002321083,1,0,0,1,1
65426,-1,1,4.0326314,0.9825812,1,1,unassigned,16.0,13.0,3.0,0.8125,0.1875,0.1875,0.027079303,0.0050773695,1,0,0,1,1
65427,0,0,-0.5961685,0.35522076,0,0,test,29.0,29.0,0.0,1.0,0.0,0.0,0.05222437,0.0,0,0,1,0,0
65428,-1,1,3.877951,0.9797263,1,1,unassigned,14.0,14.0,0.0,1.0,0.0,0.0,0.023210831,0.0,1,0,0,1,1
65429,-1,1,0.5955599,0.64463985,1,1,unassigned,3.0,3.0,0.0,1.0,0.0,0.0,0.001934236,0.0,1,0,0,1,0
65430,-1,1,-0.124759614,0.46885052,0,1,unassigned,3.0,2.0,1.0,0.6666667,0.33333334,0.3333333,0.001934236,0.00064474536,1,0,0,0,0
65431,-1,0,0.76197106,0.68178153,1,1,unassigned,5.0,5.0,0.0,1.0,0.0,0.0,0.0058027077,0.0,0,0,0,1,0
65432,-1,1,4.0836663,0.9834335,1,1,unassigned,9.0,9.0,0.0,1.0,0.0,0.0,0.013539651,0.0,1,0,0,1,1
65433,-1,0,10.78796,0.9999794,1,1,unassigned,2.0,2.0,0.0,1.0,0.0,0.0,0.0,0.0,0,0,0,1,1
65434,-1,1,1.5164676,0.8200177,1,1,unassigned,27.0,26.0,1.0,0.962963,0.037037037,0.037037015,0.0483559,0.0017909593,1,0,0,1,0
65435,-1,1,0.5914293,0.6436931,1,1,unassigned,4.0,4.0,0.0,1.0,0.0,0.0,0.003868472,0.0,1,0,0,1,0
65436,-1,1,0.77033156,0.68359256,1,1,unassigned,16.0,16.0,0.0,1.0,0.0,0.0,0.027079303,0.0,1,0,0,1,0
65437,-1,1,5.3314977,0.9951865,1,1,unassigned,7.0,6.0,1.0,0.85714287,0.14285715,0.14285713,0.00967118,0.0013815971,1,0,0,1,1
65438,-1,1,0.17903417,0.54463935,1,1,unassigned,14.0,13.0,1.0,0.9285714,0.071428575,0.0714286,0.023210831,0.0016579166,1,0,0,1,0
65439,0,0,-0.7828634,0.31370312,0,0,unassigned,3.0,3.0,0.0,1.0,0.0,0.0,0.001934236,0.0,0,0,1,0,0
65440,-1,0,-0.29464054,0.42686814,0,1,unassigned,10.0,8.0,2.0,0.8,0.2,0.19999999,0.015473888,0.0030947777,0,0,0,0,0
65441,-1,0,-0.20140043,0.4498194,0,1,unassigned,17.0,17.0,0.0,1.0,0.0,0.0,0.029013539,0.0,0,0,0,0,0
65442,1,0,8.603605,0.9998166,1,0,val,12.0,11.0,1.0,0.9166667,0.083333336,0.08333331,0.01934236,0.0016118633,0,0,1,1,1
65443,-1,1,-0.7557659,0.31956625,0,1,unassigned,28.0,28.0,0.0,1.0,0.0,0.0,0.050290134,0.0,1,0,0,0,0
65444,-1,1,0.396883,0.59793854,1,1,unassigned,18.0,18.0,0.0,1.0,0.0,0.0,0.030947777,0.0,1,0,0,1,0
65445,-1,0,3.1918783,0.9605275,1,1,unassigned,2.0,2.0,0.0,1.0,0.0,0.0,0.0,0.0,0,0,0,1,1
65446,1,1,1.6817338,0.843134,1,0,unassigned,11.0,10.0,1.0,0.90909094,0.09090909,0.090909064,0.017408123,0.0015825568,1,0,1,1,0
65447,-1,1,4.5184383,0.98921156,1,1,unassigned,8.0,4.0,4.0,0.5,0.5,0.5,0.0116054155,0.0058027077,1,0,0,1,1
65448,-1,1,4.5809035,0.9898582,1,1,unassigned,2.0,2.0,0.0,1.0,0.0,0.0,0.0,0.0,1,0,0,1,1
65449,-1,1,1.3545666,0.7948752,1,1,unassigned,6.0,6.0,0.0,1.0,0.0,0.0,0.007736944,0.0,1,0,0,1,0
65450,-1,1,2.0030615,0.8811182,1,1,unassigned,5.0,4.0,1.0,0.8,0.2,0.19999999,0.0058027077,0.0011605415,1,0,0,1,0
65451,1,0,5.150043,0.99423426,1,0,test,33.0,33.0,0.0,1.0,0.0,0.0,0.059961315,0.0,0,0,1,1,1
65452,-1,1,3.0781379,0.95598185,1,1,unassigned,8.0,7.0,1.0,0.875,0.125,0.125,0.0116054155,0.0014506769,1,0,0,1,1
65453,-1,0,6.6349196,0.99868804,1,1,unassigned,14.0,14.0,0.0,1.0,0.0,0.0,0.023210831,0.0,0,0,0,1,1
65454,-1,1,2.6580386,0.93450475,1,1,unassigned,2.0,2.0,0.0,1.0,0.0,0.0,0.0,0.0,1,0,0,1,1
65455,-1,1,4.528044,0.98931366,1,1,unassigned,12.0,12.0,0.0,1.0,0.0,0.0,0.01934236,0.0,1,0,0,1,1
65456,-1,0,-0.55625457,0.3644145,0,1,unassigned,20.0,20.0,0.0,1.0,0.0,0.0,0.034816246,0.0,0,0,0,0,0
65457,-1,1,-0.1293518,0.46770707,0,1,unassigned,13.0,13.0,0.0,1.0,0.0,0.0,0.021276595,0.0,1,0,0,0,0
65458,-1,0,1.3556981,0.7950596,1,1,unassigned,3.0,2.0,1.0,0.6666667,0.33333334,0.3333333,0.001934236,0.00064474536,0,0,0,1,0
65459,-1,1,1.5709212,0.82791495,1,1,unassigned,20.0,18.0,2.0,0.9,0.1,0.100000024,0.034816246,0.0034816246,1,0,0,1,0
65460,-1,1,-0.20982689,0.4477349,0,1,unassigned,17.0,16.0,1.0,0.9411765,0.05882353,0.058823526,0.029013539,0.0017066788,1,0,0,0,0
65461,-1,1,-0.53224134,0.36999428,0,1,unassigned,5.0,3.0,2.0,0.6,0.4,0.39999998,0.0058027077,0.002321083,1,0,0,0,0
65462,-1,0,2.4845064,0.92304844,1,1,unassigned,4.0,3.0,1.0,0.75,0.25,0.25,0.003868472,0.000967118,0,0,0,1,1
65463,0,0,-0.4440689,0.39077187,0,0,val,55.0,53.0,2.0,0.96363634,0.036363635,0.03636366,0.102514505,0.0037278,0,0,1,0,0
65464,-1,0,0.27158225,0.5674813,1,1,unassigned,44.0,44.0,0.0,1.0,0.0,0.0,0.08123791,0.0,0,0,0,1,0
65465,0,0,0.11580092,0.5289179,1,1,test,28.0,28.0,0.0,1.0,0.0,0.0,0.050290134,0.0,0,0,0,1,0
65466,0,0,-0.37993088,0.40614358,0,0,unassigned,31.0,29.0,2.0,0.9354839,0.06451613,0.06451613,0.056092843,0.003618893,0,0,1,0,0
65467,-1,0,-0.35230264,0.41282415,0,1,unassigned,38.0,38.0,0.0,1.0,0.0,0.0,0.06963249,0.0,0,0,0,0,0
65468,0,0,-0.9128605,0.28641486,0,0,unassigned,13.0,13.0,0.0,1.0,0.0,0.0,0.021276595,0.0,0,0,1,0,0
65469,-1,0,1.3740802,0.7980386,1,1,unassigned,4.0,4.0,0.0,1.0,0.0,0.0,0.003868472,0.0,0,0,0,1,0
65470,0,0,0.09140903,0.5228363,1,1,unassigned,6.0,6.0,0.0,1.0,0.0,0.0,0.007736944,0.0,0,0,0,1,0
65471,-1,1,-0.47307217,0.38388938,0,1,unassigned,23.0,23.0,0.0,1.0,0.0,0.0,0.040618956,0.0,1,0,0,0,0
65472,-1,0,4.314896,0.9868085,1,1,unassigned,7.0,6.0,1.0,0.85714287,0.14285715,0.14285713,0.00967118,0.0013815971,0,0,0,1,1
65473,1,0,-0.5027049,0.3769052,0,1,test,8.0,8.0,0.0,1.0,0.0,0.0,0.0116054155,0.0,0,0,0,0,0
65474,-1,0,10.4051895,0.9999697,1,1,unassigned,2.0,2.0,0.0,1.0,0.0,0.0,0.0,0.0,0,0,0,1,1
65475,-1,0,-0.6232629,0.3490397,0,1,unassigned,2.0,2.0,0.0,1.0,0.0,0.0,0.0,0.0,0,0,0,0,0
65476,-1,0,-0.024466693,0.49388367,0,1,unassigned,14.0,14.0,0.0,1.0,0.0,0.0,0.023210831,0.0,0,0,0,0,0
65477,0,1,-0.012747824,0.49681312,0,0,unassigned,17.0,17.0,0.0,1.0,0.0,0.0,0.029013539,0.0,1,0,1,0,0
65478,1,1,1.8063743,0.8589231,1,0,val,54.0,53.0,1.0,0.9814815,0.018518519,0.018518507,0.10058027,0.0018625975,1,0,1,1,0
65479,-1,1,0.8274737,0.6958205,1,1,unassigned,18.0,18.0,0.0,1.0,0.0,0.0,0.030947777,0.0,1,0,0,1,0
65480,1,1,3.2855318,0.9639292,1,0,test,58.0,56.0,2.0,0.9655172,0.03448276,0.034482777,0.10831721,0.0037350762,1,0,1,1,1
65481,0,0,-0.18890026,0.45291483,0,0,unassigned,3.0,3.0,0.0,1.0,0.0,0.0,0.001934236,0.0,0,0,1,0,0
65482,-1,1,0.17641991,0.54399097,1,1,unassigned,21.0,21.0,0.0,1.0,0.0,0.0,0.036750484,0.0,1,0,0,1,0
65483,1,1,0.29791015,0.5739316,1,0,unassigned,31.0,30.0,1.0,0.9677419,0.032258064,0.032258093,0.056092843,0.0018094465,1,0,1,1,0
65484,-1,0,2.091171,0.89004207,1,1,unassigned,7.0,7.0,0.0,1.0,0.0,0.0,0.00967118,0.0,0,0,0,1,0
65485,1,0,2.4228544,0.9185536,1,0,test,4.0,4.0,0.0,1.0,0.0,0.0,0.003868472,0.0,0,0,1,1,1
65486,-1,1,-0.85835683,0.29768276,0,1,unassigned,65.0,64.0,1.0,0.9846154,0.015384615,0.0153846145,0.12185687,0.001874721,1,0,0,0,0
65487,1,1,-0.7526818,0.32023725,0,1,val,44.0,44.0,0.0,1.0,0.0,0.0,0.08123791,0.0,1,0,0,0,0
65488,-1,1,-0.2670254,0.4336375,0,1,unassigned,35.0,35.0,0.0,1.0,0.0,0.0,0.06382979,0.0,1,0,0,0,0
65489,-1,0,-0.7360622,0.32386583,0,1,unassigned,12.0,12.0,0.0,1.0,0.0,0.0,0.01934236,0.0,0,0,0,0,0
65490,0,0,-0.86068785,0.29719564,0,0,val,2.0,2.0,0.0,1.0,0.0,0.0,0.0,0.0,0,0,1,0,0
65491,-1,0,-0.43472826,0.39299783,0,1,unassigned,4.0,4.0,0.0,1.0,0.0,0.0,0.003868472,0.0,0,0,0,0,0
65492,-1,0,2.679962,0.9358339,1,1,unassigned,7.0,7.0,0.0,1.0,0.0,0.0,0.00967118,0.0,0,0,0,1,1
65493,0,0,-0.232995,0.44201335,0,0,unassigned,10.0,10.0,0.0,1.0,0.0,0.0,0.015473888,0.0,0,0,1,0,0
65494,-1,0,-0.3258768,0.41924417,0,1,unassigned,19.0,19.0,0.0,1.0,0.0,0.0,0.032882012,0.0,0,0,0,0,0
65495,-1,0,-0.03592038,0.49102086,0,1,unassigned,13.0,13.0,0.0,1.0,0.0,0.0,0.021276595,0.0,0,0,0,0,0
65496,1,0,0.16248769,0.54053277,1,0,unassigned,14.0,14.0,0.0,1.0,0.0,0.0,0.023210831,0.0,0,0,1,1,0
65497,-1,1,5.8788323,0.9972097,1,1,unassigned,2.0,2.0,0.0,1.0,0.0,0.0,0.0,0.0,1,0,0,1,1
65498,-1,1,-0.46913254,0.38482156,0,1,unassigned,41.0,41.0,0.0,1.0,0.0,0.0,0.07543521,0.0,1,0,0,0,0
65499,1,0,0.7836941,0.6864757,1,0,val,19.0,17.0,2.0,0.8947368,0.10526316,0.10526317,0.032882012,0.0034612645,0,0,1,1,0
65500,1,0,4.070538,0.9832183,1,0,test,7.0,7.0,0.0,1.0,0.0,0.0,0.00967118,0.0,0,0,1,1,1
65501,-1,0,-1.0274668,0.26357552,0,1,unassigned,2.0,2.0,0.0,1.0,0.0,0.0,0.0,0.0,0,0,0,0,0
65502,-1,1,-0.50066507,0.3773844,0,1,unassigned,9.0,8.0,1.0,0.8888889,0.11111111,0.111111104,0.013539651,0.0015044058,1,0,0,0,0
65503,-1,0,2.4172394,0.9181324,1,1,unassigned,18.0,17.0,1.0,0.9444444,0.055555556,0.055555582,0.030947777,0.0017193209,0,0,0,1,1
65504,-1,0,1.93874,0.87421364,1,1,unassigned,2.0,1.0,1.0,0.5,0.5,0.5,0.0,0.0,0,0,0,1,0
65505,-1,1,-0.119538516,0.4701509,0,1,unassigned,2.0,2.0,0.0,1.0,0.0,0.0,0.0,0.0,1,0,0,0,0
65506,-1,1,3.0581205,0.9551319,1,1,unassigned,6.0,4.0,2.0,0.6666667,0.33333334,0.3333333,0.007736944,0.0025789815,1,0,0,1,1
65507,-1,0,2.7829275,0.9417463,1,1,unassigned,5.0,4.0,1.0,0.8,0.2,0.19999999,0.0058027077,0.0011605415,0,0,0,1,1
65508,-1,1,0.44736296,0.61001205,1,1,unassigned,3.0,1.0,2.0,0.33333334,0.6666667,0.6666666,0.001934236,0.0012894907,1,0,0,1,0
65509,-1,1,0.5636067,0.63728666,1,1,unassigned,14.0,10.0,4.0,0.71428573,0.2857143,0.28571427,0.023210831,0.0066316663,1,0,0,1,0
65510,-1,1,0.7902408,0.687883,1,1,unassigned,4.0,2.0,2.0,0.5,0.5,0.5,0.003868472,0.001934236,1,0,0,1,0
65511,1,1,6.397175,0.9983365,1,0,unassigned,9.0,8.0,1.0,0.8888889,0.11111111,0.111111104,0.013539651,0.0015044058,1,0,1,1,1
65512,-1,1,-0.5212312,0.3725644,0,1,unassigned,46.0,45.0,1.0,0.9782609,0.02173913,0.021739125,0.08510638,0.0018501388,1,0,0,0,0
65513,-1,1,-0.8008312,0.30984774,0,1,unassigned,35.0,33.0,2.0,0.94285715,0.057142857,0.057142854,0.06382979,0.0036474164,1,0,0,0,0
65514,-1,1,-0.6227149,0.34916425,0,1,unassigned,23.0,22.0,1.0,0.95652175,0.04347826,0.04347825,0.040618956,0.0017660416,1,0,0,0,0
65515,-1,1,1.6138546,0.8339459,1,1,unassigned,214.0,206.0,8.0,0.9626168,0.037383176,0.0373832,0.41005802,0.015329272,1,0,0,1,0
65516,-1,1,-0.55632347,0.36439857,0,1,unassigned,50.0,46.0,4.0,0.92,0.08,0.07999998,0.092843324,0.0074274656,1,0,0,0,0
65517,1,1,0.96444887,0.72401166,1,0,unassigned,3.0,3.0,0.0,1.0,0.0,0.0,0.001934236,0.0,1,0,1,1,0
65518,-1,1,2.48599,0.92315376,1,1,unassigned,8.0,8.0,0.0,1.0,0.0,0.0,0.0116054155,0.0,1,0,0,1,1
65519,-1,0,-0.91699445,0.28557068,0,1,unassigned,2.0,2.0,0.0,1.0,0.0,0.0,0.0,0.0,0,0,0,0,0
65520,-1,1,-0.7920441,0.31172994,0,1,unassigned,32.0,32.0,0.0,1.0,0.0,0.0,0.058027077,0.0,1,0,0,0,0
65521,-1,0,1.3999448,0.8021751,1,1,unassigned,6.0,3.0,3.0,0.5,0.5,0.5,0.007736944,0.003868472,0,0,0,1,0
65522,-1,0,-0.1347293,0.46636853,0,1,unassigned,69.0,69.0,0.0,1.0,0.0,0.0,0.1295938,0.0,0,0,0,0,0
65523,-1,0,0.640096,0.65477514,1,1,unassigned,9.0,9.0,0.0,1.0,0.0,0.0,0.013539651,0.0,0,0,0,1,0
65524,-1,1,2.2937467,0.9083578,1,1,unassigned,10.0,9.0,1.0,0.9,0.1,0.100000024,0.015473888,0.0015473888,1,0,0,1,1
65525,-1,1,-0.8565291,0.29806504,0,1,unassigned,21.0,21.0,0.0,1.0,0.0,0.0,0.036750484,0.0,1,0,0,0,0
65526,-1,0,-0.15934736,0.46024725,0,1,unassigned,45.0,45.0,0.0,1.0,0.0,0.0,0.08317215,0.0,0,0,0,0,0
65527,-1,1,4.320353,0.9868793,1,1,unassigned,14.0,14.0,0.0,1.0,0.0,0.0,0.023210831,0.0,1,0,0,1,1
65528,-1,0,-0.010351121,0.4974122,0,1,unassigned,20.0,20.0,0.0,1.0,0.0,0.0,0.034816246,0.0,0,0,0,0,0
65529,1,0,-0.25406027,0.4368244,0,1,unassigned,9.0,7.0,2.0,0.7777778,0.22222222,0.22222221,0.013539651,0.0030088115,0,0,0,0,0
65530,-1,1,2.2362058,0.90345395,1,1,unassigned,16.0,12.0,4.0,0.75,0.25,0.25,0.027079303,0.0067698257,1,0,0,1,1
65531,-1,1,-0.7721536,0.31601343,0,1,unassigned,21.0,21.0,0.0,1.0,0.0,0.0,0.036750484,0.0,1,0,0,0,0
65532,-1,1,6.6441913,0.99870014,1,1,unassigned,8.0,8.0,0.0,1.0,0.0,0.0,0.0116054155,0.0,1,0,0,1,1
65533,-1,0,4.5648236,0.98969555,1,1,unassigned,2.0,2.0,0.0,1.0,0.0,0.0,0.0,0.0,0,0,0,1,1
65534,-1,1,8.850584,0.9998567,1,1,unassigned,7.0,7.0,0.0,1.0,0.0,0.0,0.00967118,0.0,1,0,0,1,1
65535,-1,0,4.753078,0.9914486,1,1,unassigned,17.0,12.0,5.0,0.7058824,0.29411766,0.29411763,0.029013539,0.008533394,0,0,0,1,1
65536,-1,1,4.400661,0.98787946,1,1,unassigned,2.0,2.0,0.0,1.0,0.0,0.0,0.0,0.0,1,0,0,1,1
65537,-1,1,3.7915995,0.9779382,1,1,unassigned,23.0,22.0,1.0,0.95652175,0.04347826,0.04347825,0.040618956,0.0017660416,1,0,0,1,1
65538,-1,1,5.393418,0.99547416,1,1,unassigned,14.0,14.0,0.0,1.0,0.0,0.0,0.023210831,0.0,1,0,0,1,1
65539,-1,1,6.3241544,0.9982108,1,1,unassigned,10.0,9.0,1.0,0.9,0.1,0.100000024,0.015473888,0.0015473888,1,0,0,1,1
65540,-1,1,0.6776057,0.6632041,1,1,unassigned,3.0,3.0,0.0,1.0,0.0,0.0,0.001934236,0.0,1,0,0,1,0
65541,-1,0,2.7457287,0.9396717,1,1,unassigned,3.0,3.0,0.0,1.0,0.0,0.0,0.001934236,0.0,0,0,0,1,1
65542,-1,0,-0.5787611,0.3592177,0,1,unassigned,2.0,2.0,0.0,1.0,0.0,0.0,0.0,0.0,0,0,0,0,0
65543,-1,0,-0.35329312,0.41258407,0,1,unassigned,11.0,11.0,0.0,1.0,0.0,0.0,0.017408123,0.0,0,0,0,0,0
65544,-1,0,1.619034,0.83466184,1,1,unassigned,2.0,2.0,0.0,1.0,0.0,0.0,0.0,0.0,0,0,0,1,0
65545,-1,0,0.12754494,0.5318431,1,1,unassigned,5.0,5.0,0.0,1.0,0.0,0.0,0.0058027077,0.0,0,0,0,1,0
65546,-1,1,-0.15521786,0.46127322,0,1,unassigned,10.0,9.0,1.0,0.9,0.1,0.100000024,0.015473888,0.0015473888,1,0,0,0,0
65547,0,1,-0.15998486,0.46008888,0,0,unassigned,52.0,51.0,1.0,0.9807692,0.01923077,0.019230783,0.0967118,0.0018598423,1,0,1,0,0
65548,-1,1,1.6301343,0.836188,1,1,unassigned,13.0,12.0,1.0,0.9230769,0.07692308,0.07692307,0.021276595,0.0016366612,1,0,0,1,0
65549,-1,0,-0.79955363,0.310121,0,1,unassigned,2.0,2.0,0.0,1.0,0.0,0.0,0.0,0.0,0,0,0,0,0
65550,-1,1,1.8124425,0.8596569,1,1,unassigned,5.0,5.0,0.0,1.0,0.0,0.0,0.0058027077,0.0,1,0,0,1,0
65551,-1,1,0.12265432,0.53062516,1,1,unassigned,12.0,11.0,1.0,0.9166667,0.083333336,0.08333331,0.01934236,0.0016118633,1,0,0,1,0
65552,-1,1,-0.26580632,0.43393692,0,1,unassigned,21.0,21.0,0.0,1.0,0.0,0.0,0.036750484,0.0,1,0,0,0,0
65553,-1,0,-0.18045473,0.45500833,0,1,unassigned,2.0,2.0,0.0,1.0,0.0,0.0,0.0,0.0,0,0,0,0,0
65554,1,1,2.0049107,0.8813117,1,0,val,8.0,8.0,0.0,1.0,0.0,0.0,0.0116054155,0.0,1,0,1,1,0
65555,-1,0,4.5900674,0.9899498,1,1,unassigned,3.0,3.0,0.0,1.0,0.0,0.0,0.001934236,0.0,0,0,0,1,1
65556,-1,1,2.7854998,0.94188726,1,1,unassigned,7.0,6.0,1.0,0.85714287,0.14285715,0.14285713,0.00967118,0.0013815971,1,0,0,1,1
65557,-1,1,-0.72015166,0.3273596,0,1,unassigned,65.0,63.0,2.0,0.9692308,0.03076923,0.030769229,0.12185687,0.003749442,1,0,0,0,0
65558,-1,1,-0.78667426,0.31288323,0,1,unassigned,108.0,107.0,1.0,0.9907407,0.009259259,0.009259284,0.20502901,0.0018984168,1,0,0,0,0
65559,-1,1,-0.8800463,0.2931682,0,1,unassigned,31.0,30.0,1.0,0.9677419,0.032258064,0.032258093,0.056092843,0.0018094465,1,0,0,0,0
65560,-1,0,0.3590997,0.5888225,1,1,unassigned,18.0,18.0,0.0,1.0,0.0,0.0,0.030947777,0.0,0,0,0,1,0
65561,-1,1,0.8445007,0.6994123,1,1,unassigned,5.0,5.0,0.0,1.0,0.0,0.0,0.0058027077,0.0,1,0,0,1,0
65562,-1,1,0.4599176,0.6129946,1,1,unassigned,5.0,5.0,0.0,1.0,0.0,0.0,0.0058027077,0.0,1,0,0,1,0
65563,-1,0,-0.3827819,0.40545613,0,1,unassigned,58.0,55.0,3.0,0.94827586,0.05172414,0.051724136,0.10831721,0.0056026145,0,0,0,0,0
65564,-1,0,6.642245,0.9986975,1,1,unassigned,16.0,14.0,2.0,0.875,0.125,0.125,0.027079303,0.0033849129,0,0,0,1,1
65565,-1,1,0.24215722,0.56024516,1,1,unassigned,2.0,2.0,0.0,1.0,0.0,0.0,0.0,0.0,1,0,0,1,0
65566,-1,0,0.21596175,0.55378157,1,1,unassigned,23.0,23.0,0.0,1.0,0.0,0.0,0.040618956,0.0,0,0,0,1,0
65567,-1,0,7.296226,0.9993224,1,1,unassigned,3.0,3.0,0.0,1.0,0.0,0.0,0.001934236,0.0,0,0,0,1,1
65568,-1,0,5.5819364,0.9962489,1,1,unassigned,46.0,35.0,11.0,0.76086956,0.23913044,0.23913044,0.08510638,0.020351525,0,0,0,1,1
65569,-1,1,-0.34084517,0.41560417,0,1,unassigned,5.0,5.0,0.0,1.0,0.0,0.0,0.0058027077,0.0,1,0,0,0,0
65570,-1,1,0.13132775,0.5327848,1,1,unassigned,3.0,3.0,0.0,1.0,0.0,0.0,0.001934236,0.0,1,0,0,1,0
65571,0,1,-0.4990955,0.37775326,0,0,unassigned,17.0,16.0,1.0,0.9411765,0.05882353,0.058823526,0.029013539,0.0017066788,1,0,1,0,0
65572,-1,1,-0.26845545,0.43328628,0,1,unassigned,19.0,19.0,0.0,1.0,0.0,0.0,0.032882012,0.0,1,0,0,0,0
65573,-1,1,-0.064086616,0.4839838,0,1,unassigned,63.0,62.0,1.0,0.984127,0.015873017,0.015873015,0.11798839,0.0018728317,1,0,0,0,0
65574,1,0,0.20098966,0.5500789,1,0,unassigned,12.0,10.0,2.0,0.8333333,0.16666667,0.16666669,0.01934236,0.0032237265,0,0,1,1,0
65575,-1,0,4.2900667,0.9864812,1,1,unassigned,13.0,11.0,2.0,0.84615386,0.15384616,0.15384614,0.021276595,0.0032733225,0,0,0,1,1
65576,-1,1,-0.40334892,0.400508,0,1,unassigned,45.0,44.0,1.0,0.9777778,0.022222223,0.02222222,0.08317215,0.0018482701,1,0,0,0,0
65577,1,1,0.17312998,0.5431747,1,0,val,33.0,32.0,1.0,0.969697,0.030303031,0.030303001,0.059961315,0.0018170096,1,0,1,1,0
65578,-1,1,-0.19192511,0.45216545,0,1,unassigned,21.0,18.0,3.0,0.85714287,0.14285715,0.14285713,0.036750484,0.0052500693,1,0,0,0,0
65579,1,1,0.47708446,0.6170591,1,0,val,2.0,1.0,1.0,0.5,0.5,0.5,0.0,0.0,1,0,1,1,0
65580,-1,1,1.4755423,0.81389827,1,1,unassigned,29.0,27.0,2.0,0.9310345,0.06896552,0.068965495,0.05222437,0.0036016807,1,0,0,1,0
65581,-1,0,7.0633445,0.9991448,1,1,unassigned,14.0,12.0,2.0,0.85714287,0.14285715,0.14285713,0.023210831,0.0033158332,0,0,0,1,1
65582,-1,1,-0.53312254,0.36978891,0,1,unassigned,37.0,35.0,2.0,0.9459459,0.054054055,0.05405408,0.06769826,0.0036593657,1,0,0,0,0
65583,-1,0,4.0469522,0.98282456,1,1,unassigned,13.0,13.0,0.0,1.0,0.0,0.0,0.021276595,0.0,0,0,0,1,1
65584,-1,0,1.5477736,0.8245919,1,1,unassigned,15.0,14.0,1.0,0.93333334,0.06666667,0.06666666,0.025145067,0.0016763379,0,0,0,1,0
65585,-1,1,3.8551748,0.97926897,1,1,unassigned,22.0,22.0,0.0,1.0,0.0,0.0,0.03868472,0.0,1,0,0,1,1
65586,-1,0,-0.14340013,0.4642113,0,1,unassigned,2.0,2.0,0.0,1.0,0.0,0.0,0.0,0.0,0,0,0,0,0
65587,-1,0,-0.78726137,0.312757,0,1,unassigned,73.0,73.0,0.0,1.0,0.0,0.0,0.13733076,0.0,0,0,0,0,0
65588,-1,1,0.16813308,0.54193455,1,1,unassigned,42.0,39.0,3.0,0.9285714,0.071428575,0.0714286,0.07736944,0.0055263885,1,0,0,1,0
65589,-1,1,2.22673,0.90262437,1,1,unassigned,14.0,14.0,0.0,1.0,0.0,0.0,0.023210831,0.0,1,0,0,1,1
65590,-1,1,-0.08543667,0.47865385,0,1,unassigned,32.0,31.0,1.0,0.96875,0.03125,0.03125,0.058027077,0.0018133462,1,0,0,0,0
65591,-1,0,-0.24629653,0.43873528,0,1,unassigned,35.0,35.0,0.0,1.0,0.0,0.0,0.06382979,0.0,0,0,0,0,0
65592,-1,0,3.1060102,0.95713997,1,1,unassigned,2.0,1.0,1.0,0.5,0.5,0.5,0.0,0.0,0,0,0,1,1
65593,-1,0,-0.72259045,0.32682282,0,1,unassigned,2.0,2.0,0.0,1.0,0.0,0.0,0.0,0.0,0,0,0,0,0
65594,-1,0,0.30183262,0.57489043,1,1,unassigned,16.0,16.0,0.0,1.0,0.0,0.0,0.027079303,0.0,0,0,0,1,0
65595,-1,1,-0.8492853,0.2995828,0,1,unassigned,67.0,66.0,1.0,0.98507464,0.014925373,0.014925361,0.12572534,0.0018764976,1,0,0,0,0
65596,-1,1,0.21824849,0.55434656,1,1,unassigned,14.0,14.0,0.0,1.0,0.0,0.0,0.023210831,0.0,1,0,0,1,0
65597,-1,1,-0.6203806,0.3496949,0,1,unassigned,64.0,61.0,3.0,0.953125,0.046875,0.046875,0.11992263,0.005621373,1,0,0,0,0
65598,-1,0,-0.59135646,0.3563237,0,1,unassigned,3.0,3.0,0.0,1.0,0.0,0.0,0.001934236,0.0,0,0,0,0,0
65599,-1,1,-0.71300197,0.32893586,0,1,unassigned,70.0,63.0,7.0,0.9,0.1,0.100000024,0.13152805,0.013152805,1,0,0,0,0
65600,-1,1,-0.90927315,0.2871486,0,1,unassigned,109.0,109.0,0.0,1.0,0.0,0.0,0.20696326,0.0,1,0,0,0,0
65601,-1,1,-0.91332966,0.28631896,0,1,unassigned,111.0,110.0,1.0,0.990991,0.009009009,0.009009004,0.21083172,0.0018993849,1,0,0,0,0
65602,-1,1,8.856207,0.99985754,1,1,unassigned,15.0,13.0,2.0,0.8666667,0.13333334,0.13333333,0.025145067,0.0033526758,1,0,0,1,1
65603,-1,0,0.57128364,0.6390593,1,1,unassigned,3.0,3.0,0.0,1.0,0.0,0.0,0.001934236,0.0,0,0,0,1,0
65604,0,0,0.023356736,0.50583893,1,1,unassigned,10.0,9.0,1.0,0.9,0.1,0.100000024,0.015473888,0.0015473888,0,0,0,1,0
65605,-1,0,0.04085368,0.510212,1,1,unassigned,2.0,2.0,0.0,1.0,0.0,0.0,0.0,0.0,0,0,0,1,0
65606,-1,0,3.8995526,0.98015106,1,1,unassigned,3.0,3.0,0.0,1.0,0.0,0.0,0.001934236,0.0,0,0,0,1,1
65607,-1,0,-0.66805553,0.3389324,0,1,unassigned,8.0,8.0,0.0,1.0,0.0,0.0,0.0116054155,0.0,0,0,0,0,0
65608,-1,0,-0.5210737,0.3726012,0,1,unassigned,30.0,30.0,0.0,1.0,0.0,0.0,0.054158606,0.0,0,0,0,0,0
65609,-1,0,0.13765842,0.53436035,1,1,unassigned,4.0,4.0,0.0,1.0,0.0,0.0,0.003868472,0.0,0,0,0,1,0
65610,-1,1,1.3999159,0.8021706,1,1,unassigned,32.0,30.0,2.0,0.9375,0.0625,0.0625,0.058027077,0.0036266923,1,0,0,1,0
65611,1,1,6.870256,0.9989629,1,0,unassigned,10.0,10.0,0.0,1.0,0.0,0.0,0.015473888,0.0,1,0,1,1,1
65612,0,1,0.5431052,0.6325345,1,1,test,10.0,10.0,0.0,1.0,0.0,0.0,0.015473888,0.0,1,0,0,1,0
65613,-1,1,2.3230083,0.91076475,1,1,unassigned,6.0,5.0,1.0,0.8333333,0.16666667,0.16666669,0.007736944,0.0012894907,1,0,0,1,1
65614,-1,0,-0.19086984,0.45242688,0,1,unassigned,11.0,10.0,1.0,0.90909094,0.09090909,0.090909064,0.017408123,0.0015825568,0,0,0,0,0
65615,-1,1,1.1640649,0.76207054,1,1,unassigned,10.0,10.0,0.0,1.0,0.0,0.0,0.015473888,0.0,1,0,0,1,0
65616,-1,1,1.1341088,0.7565964,1,1,unassigned,2.0,2.0,0.0,1.0,0.0,0.0,0.0,0.0,1,0,0,1,0
65617,0,0,-0.771386,0.31617934,0,0,unassigned,4.0,4.0,0.0,1.0,0.0,0.0,0.003868472,0.0,0,0,1,0,0
65618,-1,1,3.1878226,0.9603734,1,1,unassigned,3.0,3.0,0.0,1.0,0.0,0.0,0.001934236,0.0,1,0,0,1,1
65619,-1,1,1.4270971,0.8064486,1,1,unassigned,13.0,13.0,0.0,1.0,0.0,0.0,0.021276595,0.0,1,0,0,1,0
65620,-1,1,-0.8425983,0.3009878,0,1,unassigned,122.0,120.0,2.0,0.9836066,0.016393442,0.016393423,0.23210831,0.0038050541,1,0,0,0,0
65621,-1,1,0.087432265,0.52184415,1,1,unassigned,10.0,10.0,0.0,1.0,0.0,0.0,0.015473888,0.0,1,0,0,1,0
65622,-1,1,-0.41913942,0.3967227,0,1,unassigned,19.0,19.0,0.0,1.0,0.0,0.0,0.032882012,0.0,1,0,0,0,0
65623,-1,1,-0.74421436,0.32208326,0,1,unassigned,99.0,98.0,1.0,0.989899,0.01010101,0.01010102,0.1876209,0.0018951605,1,0,0,0,0
65624,-1,1,-0.72629327,0.32600868,0,1,unassigned,34.0,34.0,0.0,1.0,0.0,0.0,0.061895553,0.0,1,0,0,0,0
65625,-1,1,0.54138094,0.6321336,1,1,unassigned,48.0,45.0,3.0,0.9375,0.0625,0.0625,0.088974856,0.0055609285,1,0,0,1,0
65626,-1,1,-0.39261097,0.40308893,0,1,unassigned,24.0,24.0,0.0,1.0,0.0,0.0,0.04255319,0.0,1,0,0,0,0
65627,-1,0,3.5570567,0.97226834,1,1,unassigned,10.0,10.0,0.0,1.0,0.0,0.0,0.015473888,0.0,0,0,0,1,1
65628,-1,0,-0.81377685,0.30708626,0,1,unassigned,3.0,3.0,0.0,1.0,0.0,0.0,0.001934236,0.0,0,0,0,0,0
65629,-1,0,5.770544,0.9968917,1,1,unassigned,25.0,21.0,4.0,0.84,0.16,0.16000003,0.044487428,0.007117988,0,0,0,1,1
65630,-1,0,0.5782731,0.64066994,1,1,unassigned,11.0,11.0,0.0,1.0,0.0,0.0,0.017408123,0.0,0,0,0,1,0
65631,0,1,-0.6334995,0.34671745,0,0,val,47.0,45.0,2.0,0.9574468,0.04255319,0.042553186,0.08704062,0.003703856,1,0,1,0,0
65632,-1,1,-0.34526098,0.41453212,0,1,unassigned,20.0,20.0,0.0,1.0,0.0,0.0,0.034816246,0.0,1,0,0,0,0
65633,-1,1,-0.21148586,0.44732472,0,1,unassigned,12.0,11.0,1.0,0.9166667,0.083333336,0.08333331,0.01934236,0.0016118633,1,0,0,0,0
65634,1,0,4.1276793,0.98413557,1,0,unassigned,6.0,5.0,1.0,0.8333333,0.16666667,0.16666669,0.007736944,0.0012894907,0,0,1,1,1
65635,-1,1,-0.037749708,0.49056372,0,1,unassigned,21.0,21.0,0.0,1.0,0.0,0.0,0.036750484,0.0,1,0,0,0,0
65636,-1,1,2.2040112,0.9006092,1,1,unassigned,13.0,13.0,0.0,1.0,0.0,0.0,0.021276595,0.0,1,0,0,1,1
65637,-1,1,4.6334777,0.99037266,1,1,unassigned,3.0,3.0,0.0,1.0,0.0,0.0,0.001934236,0.0,1,0,0,1,1
65638,-1,1,6.5609546,0.9985875,1,1,unassigned,2.0,2.0,0.0,1.0,0.0,0.0,0.0,0.0,1,0,0,1,1
65639,-1,0,-0.18407613,0.45411044,0,1,unassigned,34.0,34.0,0.0,1.0,0.0,0.0,0.061895553,0.0,0,0,0,0,0
65640,1,0,5.130906,0.9941235,1,0,unassigned,16.0,16.0,0.0,1.0,0.0,0.0,0.027079303,0.0,0,0,1,1,1
65641,-1,1,-0.6637501,0.33989772,0,1,unassigned,67.0,66.0,1.0,0.98507464,0.014925373,0.014925361,0.12572534,0.0018764976,1,0,0,0,0
65642,-1,0,1.1322308,0.7562504,1,1,unassigned,6.0,5.0,1.0,0.8333333,0.16666667,0.16666669,0.007736944,0.0012894907,0,0,0,1,0
65643,-1,0,4.6518703,0.99054646,1,1,unassigned,11.0,10.0,1.0,0.90909094,0.09090909,0.090909064,0.017408123,0.0015825568,0,0,0,1,1
65644,-1,1,-0.6621874,0.3402484,0,1,unassigned,32.0,32.0,0.0,1.0,0.0,0.0,0.058027077,0.0,1,0,0,0,0
65645,-1,1,3.1863859,0.96031874,1,1,unassigned,6.0,5.0,1.0,0.8333333,0.16666667,0.16666669,0.007736944,0.0012894907,1,0,0,1,1
65646,-1,1,5.231678,0.9946839,1,1,unassigned,3.0,2.0,1.0,0.6666667,0.33333334,0.3333333,0.001934236,0.00064474536,1,0,0,1,1
65647,-1,1,3.7817156,0.977724,1,1,unassigned,3.0,2.0,1.0,0.6666667,0.33333334,0.3333333,0.001934236,0.00064474536,1,0,0,1,1
65648,-1,0,1.05604,0.7419331,1,1,unassigned,6.0,6.0,0.0,1.0,0.0,0.0,0.007736944,0.0,0,0,0,1,0
65649,-1,0,4.4524374,0.9884841,1,1,unassigned,2.0,2.0,0.0,1.0,0.0,0.0,0.0,0.0,0,0,0,1,1
65650,-1,0,5.339234,0.99522334,1,1,unassigned,22.0,18.0,4.0,0.8181818,0.18181819,0.18181819,0.03868472,0.0070335856,0,0,0,1,1
65651,0,0,-0.18278044,0.45443168,0,0,unassigned,56.0,56.0,0.0,1.0,0.0,0.0,0.10444874,0.0,0,0,1,0,0
65652,0,1,-0.36028564,0.4108904,0,0,unassigned,52.0,46.0,6.0,0.88461536,0.115384616,0.11538464,0.0967118,0.011159054,1,0,1,0,0
65653,-1,1,12.431492,0.99999607,1,1,unassigned,5.0,5.0,0.0,1.0,0.0,0.0,0.0058027077,0.0,1,0,0,1,1
65654,0,0,-0.36885318,0.40881813,0,0,unassigned,14.0,14.0,0.0,1.0,0.0,0.0,0.023210831,0.0,0,0,1,0,0
65655,-1,0,-0.84839857,0.29976892,0,1,unassigned,5.0,5.0,0.0,1.0,0.0,0.0,0.0058027077,0.0,0,0,0,0,0
65656,-1,1,-0.94804883,0.27927738,0,1,unassigned,22.0,22.0,0.0,1.0,0.0,0.0,0.03868472,0.0,1,0,0,0,0
65657,-1,1,0.3880679,0.5958175,1,1,unassigned,15.0,15.0,0.0,1.0,0.0,0.0,0.025145067,0.0,1,0,0,1,0
65658,-1,0,1.8965619,0.8695019,1,1,unassigned,10.0,9.0,1.0,0.9,0.1,0.100000024,0.015473888,0.0015473888,0,0,0,1,0
65659,-1,1,-0.9919542,0.27052626,0,1,unassigned,17.0,17.0,0.0,1.0,0.0,0.0,0.029013539,0.0,1,0,0,0,0
65660,-1,1,-0.43311465,0.39338282,0,1,unassigned,46.0,44.0,2.0,0.95652175,0.04347826,0.04347825,0.08510638,0.0037002775,1,0,0,0,0
65661,-1,1,-0.3500033,0.41338164,0,1,unassigned,38.0,38.0,0.0,1.0,0.0,0.0,0.06963249,0.0,1,0,0,0,0
65662,-1,1,1.2473295,0.77683717,1,1,unassigned,30.0,30.0,0.0,1.0,0.0,0.0,0.054158606,0.0,1,0,0,1,0
65663,-1,1,4.0444236,0.9827818,1,1,unassigned,13.0,13.0,0.0,1.0,0.0,0.0,0.021276595,0.0,1,0,0,1,1
65664,-1,1,-0.15454233,0.4614411,0,1,unassigned,67.0,65.0,2.0,0.9701493,0.029850746,0.029850721,0.12572534,0.0037529953,1,0,0,0,0
65665,-1,1,0.7162631,0.67178357,1,1,unassigned,39.0,36.0,3.0,0.9230769,0.07692308,0.07692307,0.07156673,0.0055051334,1,0,0,1,0
65666,1,0,3.9675567,0.9814317,1,0,unassigned,4.0,4.0,0.0,1.0,0.0,0.0,0.003868472,0.0,0,0,1,1,1
65667,-1,1,1.4978311,0.8172507,1,1,unassigned,7.0,7.0,0.0,1.0,0.0,0.0,0.00967118,0.0,1,0,0,1,0
65668,-1,1,4.0472145,0.98282903,1,1,unassigned,14.0,13.0,1.0,0.9285714,0.071428575,0.0714286,0.023210831,0.0016579166,1,0,0,1,1
65669,-1,1,0.109098196,0.52724755,1,1,unassigned,7.0,6.0,1.0,0.85714287,0.14285715,0.14285713,0.00967118,0.0013815971,1,0,0,1,0
65670,-1,1,-0.7520628,0.320372,0,1,unassigned,19.0,19.0,0.0,1.0,0.0,0.0,0.032882012,0.0,1,0,0,0,0
65671,-1,1,-0.09355575,0.4766281,0,1,unassigned,45.0,45.0,0.0,1.0,0.0,0.0,0.08317215,0.0,1,0,0,0,0
65672,-1,0,2.0115454,0.88200396,1,1,unassigned,5.0,5.0,0.0,1.0,0.0,0.0,0.0058027077,0.0,0,0,0,1,0
65673,-1,0,-0.9712412,0.27463317,0,1,unassigned,23.0,21.0,2.0,0.9130435,0.08695652,0.0869565,0.040618956,0.0035320832,0,0,0,0,0
65674,-1,1,0.43429762,0.60689944,1,1,unassigned,4.0,4.0,0.0,1.0,0.0,0.0,0.003868472,0.0,1,0,0,1,0
65675,-1,1,-0.28374863,0.429535,0,1,unassigned,80.0,80.0,0.0,1.0,0.0,0.0,0.15087041,0.0,1,0,0,0,0
65676,0,1,0.98763424,0.7286204,1,1,val,68.0,62.0,6.0,0.9117647,0.0882353,0.08823532,0.12765957,0.01126408,1,0,0,1,0
65677,-1,1,-0.035994887,0.49100223,0,1,unassigned,126.0,120.0,6.0,0.95238096,0.04761905,0.047619045,0.23984526,0.011421203,1,0,0,0,0
65678,-1,1,0.42560023,0.6048225,1,1,unassigned,30.0,27.0,3.0,0.9,0.1,0.100000024,0.054158606,0.0054158606,1,0,0,1,0
65679,-1,0,1.2717597,0.7810439,1,1,unassigned,5.0,5.0,0.0,1.0,0.0,0.0,0.0058027077,0.0,0,0,0,1,0
65680,-1,1,-0.8476728,0.29992127,0,1,unassigned,63.0,63.0,0.0,1.0,0.0,0.0,0.11798839,0.0,1,0,0,0,0
65681,-1,1,0.68212503,0.6642128,1,1,unassigned,31.0,30.0,1.0,0.9677419,0.032258064,0.032258093,0.056092843,0.0018094465,1,0,0,1,0
65682,-1,1,-0.74154884,0.32266554,0,1,unassigned,64.0,63.0,1.0,0.984375,0.015625,0.015625,0.11992263,0.0018737911,1,0,0,0,0
65683,-1,1,-0.8073279,0.30846018,0,1,unassigned,23.0,23.0,0.0,1.0,0.0,0.0,0.040618956,0.0,1,0,0,0,0
65684,-1,1,0.5754693,0.64002424,1,1,unassigned,10.0,10.0,0.0,1.0,0.0,0.0,0.015473888,0.0,1,0,0,1,0
65685,-1,1,-0.9965132,0.2696275,0,1,unassigned,2.0,2.0,0.0,1.0,0.0,0.0,0.0,0.0,1,0,0,0,0
65686,-1,1,0.9254169,0.71614456,1,1,unassigned,6.0,5.0,1.0,0.8333333,0.16666667,0.16666669,0.007736944,0.0012894907,1,0,0,1,0
65687,-1,1,-0.2673297,0.43356276,0,1,unassigned,4.0,4.0,0.0,1.0,0.0,0.0,0.003868472,0.0,1,0,0,0,0
65688,-1,1,0.30354112,0.57530797,1,1,unassigned,6.0,6.0,0.0,1.0,0.0,0.0,0.007736944,0.0,1,0,0,1,0
65689,-1,0,-0.14212209,0.46452916,0,1,unassigned,3.0,3.0,0.0,1.0,0.0,0.0,0.001934236,0.0,0,0,0,0,0
65690,-1,1,9.489318,0.9999243,1,1,unassigned,45.0,41.0,4.0,0.9111111,0.08888889,0.08888888,0.08317215,0.0073930803,1,0,0,1,1
65691,-1,0,8.297446,0.9997509,1,1,unassigned,3.0,3.0,0.0,1.0,0.0,0.0,0.001934236,0.0,0,0,0,1,1
65692,1,1,-0.39343837,0.40288985,0,1,unassigned,30.0,30.0,0.0,1.0,0.0,0.0,0.054158606,0.0,1,0,0,0,0
65693,-1,1,-0.6266953,0.34826028,0,1,unassigned,50.0,50.0,0.0,1.0,0.0,0.0,0.092843324,0.0,1,0,0,0,0
65694,-1,1,1.8363862,0.86252075,1,1,unassigned,5.0,5.0,0.0,1.0,0.0,0.0,0.0058027077,0.0,1,0,0,1,0
65695,-1,0,7.08691,0.9991647,1,1,unassigned,2.0,2.0,0.0,1.0,0.0,0.0,0.0,0.0,0,0,0,1,1
65696,-1,0,7.788483,0.9995857,1,1,unassigned,2.0,2.0,0.0,1.0,0.0,0.0,0.0,0.0,0,0,0,1,1
65697,0,0,-0.69969773,0.33187923,0,0,val,27.0,27.0,0.0,1.0,0.0,0.0,0.0483559,0.0,0,0,1,0,0
65698,-1,0,0.6171537,0.6495709,1,1,unassigned,9.0,9.0,0.0,1.0,0.0,0.0,0.013539651,0.0,0,0,0,1,0
65699,-1,0,1.0199516,0.7349632,1,1,unassigned,6.0,6.0,0.0,1.0,0.0,0.0,0.007736944,0.0,0,0,0,1,0
65700,-1,1,-0.82954395,0.3037415,0,1,unassigned,7.0,4.0,3.0,0.5714286,0.42857143,0.4285714,0.00967118,0.0041447915,1,0,0,0,0
65701,-1,1,-0.87249434,0.29473555,0,1,unassigned,25.0,24.0,1.0,0.96,0.04,0.04000002,0.044487428,0.001779497,1,0,0,0,0
65702,-1,1,-0.43418038,0.3931285,0,1,unassigned,53.0,51.0,2.0,0.9622642,0.03773585,0.03773582,0.09864604,0.0037224921,1,0,0,0,0
65703,-1,1,-0.45780015,0.38750783,0,1,unassigned,14.0,14.0,0.0,1.0,0.0,0.0,0.023210831,0.0,1,0,0,0,0
65704,-1,1,0.47862953,0.6174242,1,1,unassigned,3.0,3.0,0.0,1.0,0.0,0.0,0.001934236,0.0,1,0,0,1,0
65705,-1,0,0.25641525,0.56375486,1,1,unassigned,35.0,34.0,1.0,0.9714286,0.028571429,0.028571427,0.06382979,0.0018237082,0,0,0,1,0
65706,-1,0,1.4107118,0.8038782,1,1,unassigned,5.0,5.0,0.0,1.0,0.0,0.0,0.0058027077,0.0,0,0,0,1,0
65707,-1,0,-0.35909358,0.41117904,0,1,unassigned,37.0,34.0,3.0,0.9189189,0.08108108,0.08108109,0.06769826,0.005489048,0,0,0,0,0
65708,-1,0,2.0519187,0.8861413,1,1,unassigned,2.0,2.0,0.0,1.0,0.0,0.0,0.0,0.0,0,0,0,1,0
65709,-1,0,0.6012705,0.6459469,1,1,unassigned,7.0,7.0,0.0,1.0,0.0,0.0,0.00967118,0.0,0,0,0,1,0
65710,-1,0,-0.014913142,0.49627185,0,1,unassigned,3.0,3.0,0.0,1.0,0.0,0.0,0.001934236,0.0,0,0,0,0,0
65711,-1,1,-0.035702705,0.49107528,0,1,unassigned,28.0,28.0,0.0,1.0,0.0,0.0,0.050290134,0.0,1,0,0,0,0
65712,-1,0,3.565941,0.9725069,1,1,unassigned,6.0,6.0,0.0,1.0,0.0,0.0,0.007736944,0.0,0,0,0,1,1
65713,-1,0,-0.51651627,0.37366724,0,1,unassigned,19.0,19.0,0.0,1.0,0.0,0.0,0.032882012,0.0,0,0,0,0,0
65714,-1,0,1.8960943,0.8694489,1,1,unassigned,6.0,6.0,0.0,1.0,0.0,0.0,0.007736944,0.0,0,0,0,1,0
65715,-1,1,1.0033326,0.7317133,1,1,unassigned,6.0,6.0,0.0,1.0,0.0,0.0,0.007736944,0.0,1,0,0,1,0
65716,-1,1,3.2370858,0.9622063,1,1,unassigned,10.0,9.0,1.0,0.9,0.1,0.100000024,0.015473888,0.0015473888,1,0,0,1,1
65717,-1,0,16.424501,0.9999999,1,1,unassigned,4.0,3.0,1.0,0.75,0.25,0.25,0.003868472,0.000967118,0,0,0,1,1
65718,-1,0,2.5217497,0.92565256,1,1,unassigned,14.0,14.0,0.0,1.0,0.0,0.0,0.023210831,0.0,0,0,0,1,1
65719,-1,0,0.040142953,0.5100344,1,1,unassigned,11.0,11.0,0.0,1.0,0.0,0.0,0.017408123,0.0,0,0,0,1,0
65720,-1,1,0.7961672,0.689154,1,1,unassigned,31.0,30.0,1.0,0.9677419,0.032258064,0.032258093,0.056092843,0.0018094465,1,0,0,1,0
65721,1,0,0.93151563,0.71738267,1,0,unassigned,4.0,4.0,0.0,1.0,0.0,0.0,0.003868472,0.0,0,0,1,1,0
65722,-1,0,3.4743187,0.9699481,1,1,unassigned,10.0,9.0,1.0,0.9,0.1,0.100000024,0.015473888,0.0015473888,0,0,0,1,1
65723,-1,0,5.4142723,0.99556714,1,1,unassigned,6.0,6.0,0.0,1.0,0.0,0.0,0.007736944,0.0,0,0,0,1,1
65724,-1,1,-0.25649235,0.43622616,0,1,unassigned,7.0,6.0,1.0,0.85714287,0.14285715,0.14285713,0.00967118,0.0013815971,1,0,0,0,0
65725,-1,0,0.4338488,0.60679233,1,1,unassigned,8.0,7.0,1.0,0.875,0.125,0.125,0.0116054155,0.0014506769,0,0,0,1,0
65726,-1,0,-0.16385439,0.45912778,0,1,unassigned,12.0,12.0,0.0,1.0,0.0,0.0,0.01934236,0.0,0,0,0,0,0
65727,-1,0,0.7171897,0.6719879,1,1,unassigned,10.0,9.0,1.0,0.9,0.1,0.100000024,0.015473888,0.0015473888,0,0,0,1,0
65728,0,0,0.21826863,0.55435157,1,1,unassigned,4.0,4.0,0.0,1.0,0.0,0.0,0.003868472,0.0,0,0,0,1,0
65729,-1,1,-0.032263815,0.49193475,0,1,unassigned,2.0,2.0,0.0,1.0,0.0,0.0,0.0,0.0,1,0,0,0,0
65730,1,1,7.409241,0.9993948,1,0,test,6.0,6.0,0.0,1.0,0.0,0.0,0.007736944,0.0,1,0,1,1,1
65731,-1,0,0.024803579,0.50620055,1,1,unassigned,3.0,2.0,1.0,0.6666667,0.33333334,0.3333333,0.001934236,0.00064474536,0,0,0,1,0
65732,-1,1,4.750609,0.99142766,1,1,unassigned,47.0,46.0,1.0,0.9787234,0.021276595,0.021276593,0.08704062,0.001851928,1,0,0,1,1
65733,-1,1,1.9050357,0.87046045,1,1,unassigned,3.0,3.0,0.0,1.0,0.0,0.0,0.001934236,0.0,1,0,0,1,0
65734,-1,1,9.124134,0.99989104,1,1,unassigned,5.0,3.0,2.0,0.6,0.4,0.39999998,0.0058027077,0.002321083,1,0,0,1,1
65735,-1,0,-0.084759176,0.47882292,0,1,unassigned,4.0,4.0,0.0,1.0,0.0,0.0,0.003868472,0.0,0,0,0,0,0
65736,0,1,0.8492846,0.70041704,1,1,unassigned,6.0,6.0,0.0,1.0,0.0,0.0,0.007736944,0.0,1,0,0,1,0
65737,-1,0,0.9355456,0.718199,1,1,unassigned,7.0,7.0,0.0,1.0,0.0,0.0,0.00967118,0.0,0,0,0,1,0
65738,-1,0,0.5303523,0.6295653,1,1,unassigned,2.0,1.0,1.0,0.5,0.5,0.5,0.0,0.0,0,0,0,1,0
65739,-1,1,2.4574597,0.92110527,1,1,unassigned,2.0,2.0,0.0,1.0,0.0,0.0,0.0,0.0,1,0,0,1,1
65740,-1,1,0.47937602,0.6176005,1,1,unassigned,3.0,3.0,0.0,1.0,0.0,0.0,0.001934236,0.0,1,0,0,1,0
65741,-1,0,10.244815,0.9999645,1,1,unassigned,2.0,2.0,0.0,1.0,0.0,0.0,0.0,0.0,0,0,0,1,1
65742,-1,1,2.5334651,0.9264548,1,1,unassigned,29.0,28.0,1.0,0.9655172,0.03448276,0.034482777,0.05222437,0.0018008404,1,0,0,1,1
65743,-1,1,1.5974991,0.83166856,1,1,unassigned,29.0,29.0,0.0,1.0,0.0,0.0,0.05222437,0.0,1,0,0,1,0
65744,-1,1,-0.04841107,0.4878996,0,1,unassigned,41.0,40.0,1.0,0.9756098,0.024390243,0.02439022,0.07543521,0.001839883,1,0,0,0,0
65745,-1,1,0.054832697,0.5137048,1,1,unassigned,24.0,24.0,0.0,1.0,0.0,0.0,0.04255319,0.0,1,0,0,1,0
65746,-1,1,-0.6236994,0.34894055,0,1,unassigned,28.0,27.0,1.0,0.96428573,0.035714287,0.03571427,0.050290134,0.0017960763,1,0,0,0,0
65747,-1,1,0.3737101,0.59235513,1,1,unassigned,63.0,61.0,2.0,0.96825397,0.031746034,0.03174603,0.11798839,0.0037456634,1,0,0,1,0
65748,-1,1,-0.68600893,0.3349215,0,1,unassigned,58.0,57.0,1.0,0.98275864,0.01724138,0.017241359,0.10831721,0.0018675381,1,0,0,0,0
65749,-1,1,2.1571066,0.896331,1,1,unassigned,9.0,8.0,1.0,0.8888889,0.11111111,0.111111104,0.013539651,0.0015044058,1,0,0,1,0
65750,-1,1,7.195938,0.99925095,1,1,unassigned,2.0,1.0,1.0,0.5,0.5,0.5,0.0,0.0,1,0,0,1,1
65751,-1,1,-0.096636504,0.47585964,0,1,unassigned,49.0,47.0,2.0,0.9591837,0.040816326,0.040816307,0.09090909,0.0037105752,1,0,0,0,0
65752,-1,1,2.5236742,0.9257849,1,1,unassigned,125.0,119.0,6.0,0.952,0.048,0.047999978,0.23791103,0.011419729,1,0,0,1,1
65753,-1,1,-0.43494487,0.39294615,0,1,unassigned,94.0,94.0,0.0,1.0,0.0,0.0,0.17794971,0.0,1,0,0,0,0
65754,-1,0,0.52084595,0.62734556,1,1,unassigned,5.0,5.0,0.0,1.0,0.0,0.0,0.0058027077,0.0,0,0,0,1,0
65755,-1,0,0.7114585,0.6707233,1,1,unassigned,24.0,21.0,3.0,0.875,0.125,0.125,0.04255319,0.005319149,0,0,0,1,0
65756,-1,1,9.894884,0.9999496,1,1,unassigned,53.0,48.0,5.0,0.9056604,0.094339624,0.09433961,0.09864604,0.00930623,1,0,0,1,1
65757,-1,1,2.939483,0.9497641,1,1,unassigned,8.0,7.0,1.0,0.875,0.125,0.125,0.0116054155,0.0014506769,1,0,0,1,1
65758,-1,1,-0.47844666,0.382619,0,1,unassigned,3.0,3.0,0.0,1.0,0.0,0.0,0.001934236,0.0,1,0,0,0,0
65759,-1,1,-0.17214394,0.45706996,0,1,unassigned,4.0,4.0,0.0,1.0,0.0,0.0,0.003868472,0.0,1,0,0,0,0
65760,-1,1,11.621128,0.99999106,1,1,unassigned,3.0,3.0,0.0,1.0,0.0,0.0,0.001934236,0.0,1,0,0,1,1
65761,0,1,0.16596752,0.54139686,1,1,val,20.0,19.0,1.0,0.95,0.05,0.050000012,0.034816246,0.0017408123,1,0,0,1,0
65762,-1,1,3.388048,0.96732897,1,1,unassigned,20.0,19.0,1.0,0.95,0.05,0.050000012,0.034816246,0.0017408123,1,0,0,1,1
65763,-1,1,1.3007884,0.7859676,1,1,unassigned,13.0,13.0,0.0,1.0,0.0,0.0,0.021276595,0.0,1,0,0,1,0
65764,-1,1,4.0956235,0.9836272,1,1,unassigned,25.0,25.0,0.0,1.0,0.0,0.0,0.044487428,0.0,1,0,0,1,1
65765,-1,1,-0.11786419,0.470568,0,1,unassigned,4.0,4.0,0.0,1.0,0.0,0.0,0.003868472,0.0,1,0,0,0,0
65766,-1,0,5.374186,0.99538666,1,1,unassigned,8.0,8.0,0.0,1.0,0.0,0.0,0.0116054155,0.0,0,0,0,1,1
65767,-1,1,-0.38884228,0.40399605,0,1,unassigned,5.0,5.0,0.0,1.0,0.0,0.0,0.0058027077,0.0,1,0,0,0,0
65768,-1,1,10.037384,0.99995625,1,1,unassigned,2.0,2.0,0.0,1.0,0.0,0.0,0.0,0.0,1,0,0,1,1
65769,-1,1,4.810091,0.99191874,1,1,unassigned,2.0,2.0,0.0,1.0,0.0,0.0,0.0,0.0,1,0,0,1,1
65770,-1,1,6.67263,0.99873656,1,1,unassigned,28.0,26.0,2.0,0.9285714,0.071428575,0.0714286,0.050290134,0.0035921526,1,0,0,1,1
65771,-1,1,-0.80304265,0.30937505,0,1,unassigned,48.0,45.0,3.0,0.9375,0.0625,0.0625,0.088974856,0.0055609285,1,0,0,0,0
65772,1,1,2.8873007,0.9472151,1,0,test,16.0,13.0,3.0,0.8125,0.1875,0.1875,0.027079303,0.0050773695,1,0,1,1,1
65773,-1,1,1.0616393,0.74300367,1,1,unassigned,3.0,3.0,0.0,1.0,0.0,0.0,0.001934236,0.0,1,0,0,1,0
65774,1,1,2.8019197,0.94277954,1,0,unassigned,8.0,8.0,0.0,1.0,0.0,0.0,0.0116054155,0.0,1,0,1,1,1
65775,0,0,-0.92769736,0.2833921,0,0,test,3.0,3.0,0.0,1.0,0.0,0.0,0.001934236,0.0,0,0,1,0,0
65776,-1,0,-0.34403145,0.4148305,0,1,unassigned,18.0,18.0,0.0,1.0,0.0,0.0,0.030947777,0.0,0,0,0,0,0
65777,-1,0,5.3191686,0.99512696,1,1,unassigned,2.0,2.0,0.0,1.0,0.0,0.0,0.0,0.0,0,0,0,1,1
65778,-1,0,0.4736598,0.6162496,1,1,unassigned,3.0,3.0,0.0,1.0,0.0,0.0,0.001934236,0.0,0,0,0,1,0
65779,-1,0,-0.33801967,0.4162906,0,1,unassigned,20.0,2.0,18.0,0.1,0.9,0.9,0.034816246,0.03133462,0,0,0,0,0
65780,-1,0,-1.5364091,0.17705788,0,1,unassigned,3.0,3.0,0.0,1.0,0.0,0.0,0.001934236,0.0,0,0,0,0,0
65781,-1,0,-0.35387927,0.41244197,0,1,unassigned,2.0,2.0,0.0,1.0,0.0,0.0,0.0,0.0,0,0,0,0,0
65782,-1,1,-0.09655973,0.4758788,0,1,unassigned,3.0,3.0,0.0,1.0,0.0,0.0,0.001934236,0.0,1,0,0,0,0
65783,-1,0,5.1235743,0.9940805,1,1,unassigned,6.0,6.0,0.0,1.0,0.0,0.0,0.007736944,0.0,0,0,0,1,1
65784,-1,1,4.835567,0.9921204,1,1,unassigned,2.0,2.0,0.0,1.0,0.0,0.0,0.0,0.0,1,0,0,1,1
65785,-1,0,3.0271385,0.95378524,1,1,unassigned,6.0,4.0,2.0,0.6666667,0.33333334,0.3333333,0.007736944,0.0025789815,0,0,0,1,1
65786,-1,1,10.364807,0.9999685,1,1,unassigned,8.0,8.0,0.0,1.0,0.0,0.0,0.0116054155,0.0,1,0,0,1,1
65787,-1,0,5.5837665,0.99625564,1,1,unassigned,6.0,6.0,0.0,1.0,0.0,0.0,0.007736944,0.0,0,0,0,1,1
65788,0,1,5.392697,0.9954709,1,1,unassigned,15.0,15.0,0.0,1.0,0.0,0.0,0.025145067,0.0,1,0,0,1,1
65789,-1,1,1.1685452,0.76288193,1,1,unassigned,36.0,33.0,3.0,0.9166667,0.083333336,0.08333331,0.065764025,0.0054803356,1,0,0,1,0
65790,-1,0,8.627897,0.999821,1,1,unassigned,2.0,2.0,0.0,1.0,0.0,0.0,0.0,0.0,0,0,0,1,1
65791,-1,1,-0.5291434,0.37071666,0,1,unassigned,47.0,47.0,0.0,1.0,0.0,0.0,0.08704062,0.0,1,0,0,0,0
65792,-1,1,0.7452962,0.6781529,1,1,unassigned,9.0,9.0,0.0,1.0,0.0,0.0,0.013539651,0.0,1,0,0,1,0
65793,1,1,-0.17496341,0.45637038,0,1,unassigned,41.0,39.0,2.0,0.9512195,0.048780486,0.0487805,0.07543521,0.003679766,1,0,0,0,0
65794,-1,1,0.7881146,0.6874263,1,1,unassigned,23.0,22.0,1.0,0.95652175,0.04347826,0.04347825,0.040618956,0.0017660416,1,0,0,1,0
65795,-1,0,-0.376472,0.4069781,0,1,unassigned,2.0,1.0,1.0,0.5,0.5,0.5,0.0,0.0,0,0,0,0,0
65796,-1,0,8.627897,0.999821,1,1,unassigned,2.0,2.0,0.0,1.0,0.0,0.0,0.0,0.0,0,0,0,1,1
65797,1,1,0.76751953,0.68298405,1,0,unassigned,12.0,11.0,1.0,0.9166667,0.083333336,0.08333331,0.01934236,0.0016118633,1,0,1,1,0
65798,-1,0,8.483852,0.99979323,1,1,unassigned,2.0,2.0,0.0,1.0,0.0,0.0,0.0,0.0,0,0,0,1,1
65799,-1,1,0.15158904,0.53782487,1,1,unassigned,50.0,50.0,0.0,1.0,0.0,0.0,0.092843324,0.0,1,0,0,1,0
65800,-1,0,8.891628,0.99986243,1,1,unassigned,2.0,2.0,0.0,1.0,0.0,0.0,0.0,0.0,0,0,0,1,1
65801,0,1,1.4508793,0.8101337,1,1,train,49.0,46.0,3.0,0.93877554,0.06122449,0.06122446,0.09090909,0.005565863,1,0,0,1,0
65802,-1,1,-0.8546382,0.2984608,0,1,unassigned,45.0,45.0,0.0,1.0,0.0,0.0,0.08317215,0.0,1,0,0,0,0
65803,-1,0,-0.36308253,0.41021356,0,1,unassigned,3.0,1.0,2.0,0.33333334,0.6666667,0.6666666,0.001934236,0.0012894907,0,0,0,0,0
65804,-1,1,-0.8150078,0.3068244,0,1,unassigned,114.0,109.0,5.0,0.95614034,0.04385965,0.04385966,0.21663442,0.009501509,1,0,0,0,0
65805,-1,0,0.40254033,0.5992978,1,1,unassigned,5.0,4.0,1.0,0.8,0.2,0.19999999,0.0058027077,0.0011605415,0,0,0,1,0
65806,-1,1,3.38342,0.9671823,1,1,unassigned,3.0,3.0,0.0,1.0,0.0,0.0,0.001934236,0.0,1,0,0,1,1
65807,-1,1,1.0941179,0.74915636,1,1,unassigned,26.0,26.0,0.0,1.0,0.0,0.0,0.046421662,0.0,1,0,0,1,0
65808,-1,1,0.845908,0.69970804,1,1,unassigned,13.0,11.0,2.0,0.84615386,0.15384616,0.15384614,0.021276595,0.0032733225,1,0,0,1,0
65809,-1,1,2.0500352,0.88595116,1,1,unassigned,53.0,51.0,2.0,0.9622642,0.03773585,0.03773582,0.09864604,0.0037224921,1,0,0,1,0
65810,-1,1,-0.8152782,0.3067669,0,1,unassigned,46.0,45.0,1.0,0.9782609,0.02173913,0.021739125,0.08510638,0.0018501388,1,0,0,0,0
65811,-1,1,4.590716,0.9899564,1,1,unassigned,8.0,8.0,0.0,1.0,0.0,0.0,0.0116054155,0.0,1,0,0,1,1
65812,-1,1,0.2578917,0.56411797,1,1,unassigned,4.0,4.0,0.0,1.0,0.0,0.0,0.003868472,0.0,1,0,0,1,0
65813,-1,0,-0.8225578,0.305221,0,1,unassigned,40.0,39.0,1.0,0.975,0.025,0.024999976,0.07350097,0.0018375242,0,0,0,0,0
65814,-1,0,-0.6225625,0.34919888,0,1,unassigned,16.0,16.0,0.0,1.0,0.0,0.0,0.027079303,0.0,0,0,0,0,0
65815,-1,1,4.8455024,0.9921977,1,1,unassigned,15.0,14.0,1.0,0.93333334,0.06666667,0.06666666,0.025145067,0.0016763379,1,0,0,1,1
65816,-1,1,1.665148,0.8409279,1,1,unassigned,3.0,3.0,0.0,1.0,0.0,0.0,0.001934236,0.0,1,0,0,1,0
65817,-1,0,-0.7124037,0.32906792,0,1,unassigned,7.0,6.0,1.0,0.85714287,0.14285715,0.14285713,0.00967118,0.0013815971,0,0,0,0,0
65818,-1,0,-0.777232,0.31491676,0,1,unassigned,14.0,14.0,0.0,1.0,0.0,0.0,0.023210831,0.0,0,0,0,0,0
65819,-1,0,0.98457557,0.7280152,1,1,unassigned,9.0,9.0,0.0,1.0,0.0,0.0,0.013539651,0.0,0,0,0,1,0
65820,-1,1,0.2869302,0.5712444,1,1,unassigned,2.0,2.0,0.0,1.0,0.0,0.0,0.0,0.0,1,0,0,1,0
65821,0,0,-0.13774768,0.46561742,0,0,test,9.0,9.0,0.0,1.0,0.0,0.0,0.013539651,0.0,0,0,1,0,0
65822,-1,0,-0.13089415,0.46732306,0,1,unassigned,7.0,7.0,0.0,1.0,0.0,0.0,0.00967118,0.0,0,0,0,0,0
65823,-1,1,3.1972415,0.9607303,1,1,unassigned,49.0,49.0,0.0,1.0,0.0,0.0,0.09090909,0.0,1,0,0,1,1
65824,0,1,-0.5580566,0.36399725,0,0,test,10.0,10.0,0.0,1.0,0.0,0.0,0.015473888,0.0,1,0,1,0,0
65825,-1,0,-0.25263596,0.4371748,0,1,unassigned,14.0,14.0,0.0,1.0,0.0,0.0,0.023210831,0.0,0,0,0,0,0
65826,-1,0,2.3071232,0.9094652,1,1,unassigned,26.0,25.0,1.0,0.96153843,0.03846154,0.038461566,0.046421662,0.0017854486,0,0,0,1,1
65827,-1,0,1.0547552,0.741687,1,1,unassigned,2.0,2.0,0.0,1.0,0.0,0.0,0.0,0.0,0,0,0,1,0
65828,-1,1,0.088039696,0.5219957,1,1,unassigned,5.0,5.0,0.0,1.0,0.0,0.0,0.0058027077,0.0,1,0,0,1,0
65829,-1,1,0.86550146,0.7038088,1,1,unassigned,5.0,5.0,0.0,1.0,0.0,0.0,0.0058027077,0.0,1,0,0,1,0
65830,-1,1,0.9762228,0.7263581,1,1,unassigned,26.0,26.0,0.0,1.0,0.0,0.0,0.046421662,0.0,1,0,0,1,0
65831,-1,1,2.4271495,0.91887426,1,1,unassigned,2.0,2.0,0.0,1.0,0.0,0.0,0.0,0.0,1,0,0,1,1
65832,0,1,0.22967893,0.5571686,1,1,train,7.0,6.0,1.0,0.85714287,0.14285715,0.14285713,0.00967118,0.0013815971,1,0,0,1,0
65833,-1,0,1.0753932,0.74562114,1,1,unassigned,3.0,2.0,1.0,0.6666667,0.33333334,0.3333333,0.001934236,0.00064474536,0,0,0,1,0
65834,1,1,0.22395325,0.55575544,1,0,test,23.0,19.0,4.0,0.82608694,0.17391305,0.17391306,0.040618956,0.0070641665,1,0,1,1,0
65835,-1,1,-0.38133827,0.40580416,0,1,unassigned,31.0,31.0,0.0,1.0,0.0,0.0,0.056092843,0.0,1,0,0,0,0
65836,-1,1,0.5652881,0.6376752,1,1,unassigned,16.0,15.0,1.0,0.9375,0.0625,0.0625,0.027079303,0.0016924564,1,0,0,1,0
65837,0,0,-0.91668946,0.2856329,0,0,val,4.0,4.0,0.0,1.0,0.0,0.0,0.003868472,0.0,0,0,1,0,0
65838,-1,1,7.474521,0.999433,1,1,unassigned,10.0,8.0,2.0,0.8,0.2,0.19999999,0.015473888,0.0030947777,1,0,0,1,1
65839,-1,0,3.4779813,0.9700547,1,1,unassigned,8.0,8.0,0.0,1.0,0.0,0.0,0.0116054155,0.0,0,0,0,1,1
65840,-1,0,-0.44053215,0.3916142,0,1,unassigned,27.0,26.0,1.0,0.962963,0.037037037,0.037037015,0.0483559,0.0017909593,0,0,0,0,0
65841,-1,1,-0.1153205,0.47120175,0,1,unassigned,12.0,12.0,0.0,1.0,0.0,0.0,0.01934236,0.0,1,0,0,0,0
65842,-1,1,-0.059956014,0.48501545,0,1,unassigned,19.0,19.0,0.0,1.0,0.0,0.0,0.032882012,0.0,1,0,0,0,0
65843,-1,0,-0.46765828,0.38517064,0,1,unassigned,32.0,30.0,2.0,0.9375,0.0625,0.0625,0.058027077,0.0036266923,0,0,0,0,0
65844,-1,1,1.2534051,0.7778888,1,1,unassigned,2.0,2.0,0.0,1.0,0.0,0.0,0.0,0.0,1,0,0,1,0
65845,-1,1,0.014059484,0.5035148,1,1,unassigned,7.0,7.0,0.0,1.0,0.0,0.0,0.00967118,0.0,1,0,0,1,0
65846,-1,0,3.3856184,0.967252,1,1,unassigned,2.0,2.0,0.0,1.0,0.0,0.0,0.0,0.0,0,0,0,1,1
65847,-1,1,-0.6825395,0.33569473,0,1,unassigned,23.0,21.0,2.0,0.9130435,0.08695652,0.0869565,0.040618956,0.0035320832,1,0,0,0,0
65848,-1,0,8.627897,0.999821,1,1,unassigned,2.0,2.0,0.0,1.0,0.0,0.0,0.0,0.0,0,0,0,1,1
65849,-1,0,8.562573,0.99980897,1,1,unassigned,2.0,2.0,0.0,1.0,0.0,0.0,0.0,0.0,0,0,0,1,1
65850,-1,1,3.2598422,0.96302515,1,1,unassigned,6.0,5.0,1.0,0.8333333,0.16666667,0.16666669,0.007736944,0.0012894907,1,0,0,1,1
65851,0,1,-0.47089922,0.3844034,0,0,unassigned,23.0,20.0,3.0,0.8695652,0.13043478,0.13043481,0.040618956,0.0052981246,1,0,1,0,0
65852,-1,0,-0.93588245,0.2817328,0,1,unassigned,2.0,1.0,1.0,0.5,0.5,0.5,0.0,0.0,0,0,0,0,0
65853,-1,0,5.0013328,0.993316,1,1,unassigned,8.0,8.0,0.0,1.0,0.0,0.0,0.0116054155,0.0,0,0,0,1,1
65854,-1,0,8.627897,0.999821,1,1,unassigned,2.0,2.0,0.0,1.0,0.0,0.0,0.0,0.0,0,0,0,1,1
65855,-1,1,-0.15603545,0.4610701,0,1,unassigned,4.0,4.0,0.0,1.0,0.0,0.0,0.003868472,0.0,1,0,0,0,0
65856,-1,1,-0.4191569,0.3967185,0,1,unassigned,8.0,8.0,0.0,1.0,0.0,0.0,0.0116054155,0.0,1,0,0,0,0
65857,1,1,-0.35054684,0.41324985,0,1,test,5.0,5.0,0.0,1.0,0.0,0.0,0.0058027077,0.0,1,0,0,0,0
65858,-1,0,3.8349783,0.97885495,1,1,unassigned,4.0,4.0,0.0,1.0,0.0,0.0,0.003868472,0.0,0,0,0,1,1
65859,-1,0,-0.6579422,0.341202,0,1,unassigned,24.0,24.0,0.0,1.0,0.0,0.0,0.04255319,0.0,0,0,0,0,0
65860,-1,0,2.0504243,0.88599056,1,1,unassigned,3.0,3.0,0.0,1.0,0.0,0.0,0.001934236,0.0,0,0,0,1,0
65861,-1,0,5.525616,0.9960324,1,1,unassigned,2.0,2.0,0.0,1.0,0.0,0.0,0.0,0.0,0,0,0,1,1
65862,-1,1,0.3242039,0.58034843,1,1,unassigned,2.0,1.0,1.0,0.5,0.5,0.5,0.0,0.0,1,0,0,1,0
65863,-1,1,0.22674626,0.55644494,1,1,unassigned,4.0,4.0,0.0,1.0,0.0,0.0,0.003868472,0.0,1,0,0,1,0
65864,-1,1,0.039937615,0.50998306,1,1,unassigned,9.0,9.0,0.0,1.0,0.0,0.0,0.013539651,0.0,1,0,0,1,0
65865,-1,0,4.5232015,0.9892623,1,1,unassigned,2.0,2.0,0.0,1.0,0.0,0.0,0.0,0.0,0,0,0,1,1
65866,-1,0,5.6386876,0.9964551,1,1,unassigned,2.0,2.0,0.0,1.0,0.0,0.0,0.0,0.0,0,0,0,1,1
65867,-1,1,1.3344855,0.79158163,1,1,unassigned,7.0,7.0,0.0,1.0,0.0,0.0,0.00967118,0.0,1,0,0,1,0
65868,-1,0,6.306923,0.9981797,1,1,unassigned,2.0,2.0,0.0,1.0,0.0,0.0,0.0,0.0,0,0,0,1,1
65869,-1,0,1.4727211,0.8134706,1,1,unassigned,2.0,2.0,0.0,1.0,0.0,0.0,0.0,0.0,0,0,0,1,0
65870,-1,1,-0.056540787,0.48586854,0,1,unassigned,2.0,2.0,0.0,1.0,0.0,0.0,0.0,0.0,1,0,0,0,0
65871,-1,0,9.015562,0.9998785,1,1,unassigned,2.0,2.0,0.0,1.0,0.0,0.0,0.0,0.0,0,0,0,1,1
65872,-1,0,6.9737344,0.99906474,1,1,unassigned,2.0,2.0,0.0,1.0,0.0,0.0,0.0,0.0,0,0,0,1,1
65873,-1,0,0.8513705,0.70085454,1,1,unassigned,10.0,10.0,0.0,1.0,0.0,0.0,0.015473888,0.0,0,0,0,1,0
65874,-1,0,9.344384,0.9999125,1,1,unassigned,2.0,2.0,0.0,1.0,0.0,0.0,0.0,0.0,0,0,0,1,1
65875,-1,0,0.23595524,0.5587166,1,1,unassigned,4.0,2.0,2.0,0.5,0.5,0.5,0.003868472,0.001934236,0,0,0,1,0
65876,-1,1,1.4365265,0.80791616,1,1,unassigned,4.0,4.0,0.0,1.0,0.0,0.0,0.003868472,0.0,1,0,0,1,0
65877,-1,1,7.069098,0.9991497,1,1,unassigned,8.0,5.0,3.0,0.625,0.375,0.375,0.0116054155,0.004352031,1,0,0,1,1
65878,-1,1,1.7168233,0.8477192,1,1,unassigned,7.0,7.0,0.0,1.0,0.0,0.0,0.00967118,0.0,1,0,0,1,0
65879,-1,1,1.63533,0.83689845,1,1,unassigned,3.0,3.0,0.0,1.0,0.0,0.0,0.001934236,0.0,1,0,0,1,0
65880,1,1,-0.14806122,0.46305218,0,1,val,11.0,11.0,0.0,1.0,0.0,0.0,0.017408123,0.0,1,0,0,0,0
65881,-1,0,1.0520442,0.74116725,1,1,unassigned,17.0,17.0,0.0,1.0,0.0,0.0,0.029013539,0.0,0,0,0,1,0
65882,-1,1,0.3131022,0.57764226,1,1,unassigned,14.0,9.0,5.0,0.64285713,0.35714287,0.35714287,0.023210831,0.008289583,1,0,0,1,0
65883,-1,1,0.8589781,0.7024471,1,1,unassigned,22.0,22.0,0.0,1.0,0.0,0.0,0.03868472,0.0,1,0,0,1,0
65884,-1,0,-0.27823836,0.4308857,0,1,unassigned,19.0,19.0,0.0,1.0,0.0,0.0,0.032882012,0.0,0,0,0,0,0
65885,-1,0,-0.5894033,0.3567718,0,1,unassigned,8.0,8.0,0.0,1.0,0.0,0.0,0.0116054155,0.0,0,0,0,0,0
65886,-1,0,-0.35282618,0.41269726,0,1,unassigned,8.0,8.0,0.0,1.0,0.0,0.0,0.0116054155,0.0,0,0,0,0,0
65887,-1,1,2.4665983,0.9217668,1,1,unassigned,2.0,2.0,0.0,1.0,0.0,0.0,0.0,0.0,1,0,0,1,1
65888,-1,0,-0.19888955,0.4504409,0,1,unassigned,3.0,3.0,0.0,1.0,0.0,0.0,0.001934236,0.0,0,0,0,0,0
65889,-1,1,-0.26958466,0.43300906,0,1,unassigned,4.0,4.0,0.0,1.0,0.0,0.0,0.003868472,0.0,1,0,0,0,0
65890,-1,1,-0.57474333,0.36014307,0,1,unassigned,6.0,6.0,0.0,1.0,0.0,0.0,0.007736944,0.0,1,0,0,0,0
65891,-1,1,-0.16753656,0.45821354,0,1,unassigned,7.0,6.0,1.0,0.85714287,0.14285715,0.14285713,0.00967118,0.0013815971,1,0,0,0,0
65892,0,0,-0.3398404,0.41584826,0,0,unassigned,18.0,18.0,0.0,1.0,0.0,0.0,0.030947777,0.0,0,0,1,0,0
65893,-1,1,2.8850276,0.9471013,1,1,unassigned,2.0,2.0,0.0,1.0,0.0,0.0,0.0,0.0,1,0,0,1,1
65894,-1,0,0.6897128,0.66590303,1,1,unassigned,2.0,2.0,0.0,1.0,0.0,0.0,0.0,0.0,0,0,0,1,0
65895,-1,0,0.10502297,0.52623165,1,1,unassigned,3.0,3.0,0.0,1.0,0.0,0.0,0.001934236,0.0,0,0,0,1,0
65896,-1,0,-0.9094699,0.28710833,0,1,unassigned,2.0,2.0,0.0,1.0,0.0,0.0,0.0,0.0,0,0,0,0,0
65897,1,0,7.051705,0.99913484,1,0,val,4.0,3.0,1.0,0.75,0.25,0.25,0.003868472,0.000967118,0,0,1,1,1
65898,-1,1,2.2870686,0.90780044,1,1,unassigned,9.0,9.0,0.0,1.0,0.0,0.0,0.013539651,0.0,1,0,0,1,1
65899,-1,1,0.4014756,0.5990422,1,1,unassigned,37.0,35.0,2.0,0.9459459,0.054054055,0.05405408,0.06769826,0.0036593657,1,0,0,1,0
65900,-1,0,1.1489048,0.75931084,1,1,unassigned,2.0,2.0,0.0,1.0,0.0,0.0,0.0,0.0,0,0,0,1,0
65901,-1,1,0.03015101,0.5075372,1,1,unassigned,25.0,25.0,0.0,1.0,0.0,0.0,0.044487428,0.0,1,0,0,1,0
65902,1,1,1.7378805,0.8504176,1,0,test,3.0,3.0,0.0,1.0,0.0,0.0,0.001934236,0.0,1,0,1,1,0
65903,-1,1,0.31647807,0.5784657,1,1,unassigned,9.0,9.0,0.0,1.0,0.0,0.0,0.013539651,0.0,1,0,0,1,0
65904,-1,0,-0.54988134,0.36589193,0,1,unassigned,2.0,2.0,0.0,1.0,0.0,0.0,0.0,0.0,0,0,0,0,0
65905,-1,0,3.700353,0.9758813,1,1,unassigned,4.0,4.0,0.0,1.0,0.0,0.0,0.003868472,0.0,0,0,0,1,1
65906,-1,1,0.6747007,0.6625549,1,1,unassigned,2.0,2.0,0.0,1.0,0.0,0.0,0.0,0.0,1,0,0,1,0
65907,1,0,-0.3063334,0.42400995,0,1,test,16.0,16.0,0.0,1.0,0.0,0.0,0.027079303,0.0,0,0,0,0,0
65908,-1,1,0.45908457,0.61279696,1,1,unassigned,8.0,7.0,1.0,0.875,0.125,0.125,0.0116054155,0.0014506769,1,0,0,1,0
65909,-1,1,-0.5836715,0.3580882,0,1,unassigned,33.0,33.0,0.0,1.0,0.0,0.0,0.059961315,0.0,1,0,0,0,0
65910,-1,1,-0.5021184,0.37704292,0,1,unassigned,29.0,29.0,0.0,1.0,0.0,0.0,0.05222437,0.0,1,0,0,0,0
65911,-1,0,4.451223,0.9884702,1,1,unassigned,11.0,11.0,0.0,1.0,0.0,0.0,0.017408123,0.0,0,0,0,1,1
65912,-1,1,3.2408965,0.96234465,1,1,unassigned,3.0,3.0,0.0,1.0,0.0,0.0,0.001934236,0.0,1,0,0,1,1
65913,-1,0,1.1328614,0.75636655,1,1,unassigned,11.0,10.0,1.0,0.90909094,0.09090909,0.090909064,0.017408123,0.0015825568,0,0,0,1,0
65914,-1,1,4.8659616,0.9923545,1,1,unassigned,9.0,8.0,1.0,0.8888889,0.11111111,0.111111104,0.013539651,0.0015044058,1,0,0,1,1
65915,-1,0,4.9222684,0.99277,1,1,unassigned,2.0,2.0,0.0,1.0,0.0,0.0,0.0,0.0,0,0,0,1,1
65916,-1,0,3.2935712,0.9642076,1,1,unassigned,4.0,4.0,0.0,1.0,0.0,0.0,0.003868472,0.0,0,0,0,1,1
65917,-1,1,3.5914366,0.9731804,1,1,unassigned,6.0,6.0,0.0,1.0,0.0,0.0,0.007736944,0.0,1,0,0,1,1
65918,-1,1,8.390738,0.9997731,1,1,unassigned,14.0,12.0,2.0,0.85714287,0.14285715,0.14285713,0.023210831,0.0033158332,1,0,0,1,1
65919,-1,1,1.3493445,0.79402244,1,1,unassigned,11.0,11.0,0.0,1.0,0.0,0.0,0.017408123,0.0,1,0,0,1,0
65920,-1,1,4.3773847,0.98759764,1,1,unassigned,10.0,10.0,0.0,1.0,0.0,0.0,0.015473888,0.0,1,0,0,1,1
65921,-1,1,4.758261,0.99149245,1,1,unassigned,13.0,13.0,0.0,1.0,0.0,0.0,0.021276595,0.0,1,0,0,1,1
65922,-1,0,-0.41137058,0.39858353,0,1,unassigned,2.0,2.0,0.0,1.0,0.0,0.0,0.0,0.0,0,0,0,0,0
65923,-1,0,-0.41157788,0.39853385,0,1,unassigned,6.0,6.0,0.0,1.0,0.0,0.0,0.007736944,0.0,0,0,0,0,0
65924,-1,0,2.6742957,0.9354927,1,1,unassigned,2.0,2.0,0.0,1.0,0.0,0.0,0.0,0.0,0,0,0,1,1
65925,-1,0,1.3570473,0.7952794,1,1,unassigned,5.0,4.0,1.0,0.8,0.2,0.19999999,0.0058027077,0.0011605415,0,0,0,1,0
65926,-1,1,2.3129027,0.90994006,1,1,unassigned,5.0,4.0,1.0,0.8,0.2,0.19999999,0.0058027077,0.0011605415,1,0,0,1,1
65927,-1,1,3.4079916,0.9679533,1,1,unassigned,14.0,14.0,0.0,1.0,0.0,0.0,0.023210831,0.0,1,0,0,1,1
65928,1,1,3.7433789,0.97687346,1,0,train,21.0,21.0,0.0,1.0,0.0,0.0,0.036750484,0.0,1,0,1,1,1
65929,1,1,-0.041111708,0.4897235,0,1,unassigned,28.0,24.0,4.0,0.85714287,0.14285715,0.14285713,0.050290134,0.007184305,1,0,0,0,0
65930,-1,0,3.1288574,0.9580675,1,1,unassigned,5.0,2.0,3.0,0.4,0.6,0.6,0.0058027077,0.0034816249,0,0,0,1,1
65931,-1,1,1.2812693,0.7826658,1,1,unassigned,12.0,8.0,4.0,0.6666667,0.33333334,0.3333333,0.01934236,0.006447453,1,0,0,1,0
65932,-1,0,2.8416798,0.94488704,1,1,unassigned,12.0,9.0,3.0,0.75,0.25,0.25,0.01934236,0.00483559,0,0,0,1,1
65933,-1,1,0.308878,0.5766114,1,1,unassigned,5.0,5.0,0.0,1.0,0.0,0.0,0.0058027077,0.0,1,0,0,1,0
65934,-1,0,0.13276547,0.5331427,1,1,unassigned,5.0,5.0,0.0,1.0,0.0,0.0,0.0058027077,0.0,0,0,0,1,0
65935,-1,0,3.4866989,0.97030693,1,1,unassigned,2.0,2.0,0.0,1.0,0.0,0.0,0.0,0.0,0,0,0,1,1
65936,-1,0,2.8334968,0.94445926,1,1,unassigned,3.0,1.0,2.0,0.33333334,0.6666667,0.6666666,0.001934236,0.0012894907,0,0,0,1,1
65937,1,1,2.5334132,0.9264513,1,0,unassigned,10.0,10.0,0.0,1.0,0.0,0.0,0.015473888,0.0,1,0,1,1,1
65938,0,1,0.27082586,0.5672956,1,1,val,10.0,10.0,0.0,1.0,0.0,0.0,0.015473888,0.0,1,0,0,1,0
65939,1,0,-0.5706041,0.36109746,0,1,test,4.0,4.0,0.0,1.0,0.0,0.0,0.003868472,0.0,0,0,0,0,0
65940,-1,1,1.2108598,0.77045107,1,1,unassigned,5.0,4.0,1.0,0.8,0.2,0.19999999,0.0058027077,0.0011605415,1,0,0,1,0
65941,-1,1,-0.67233646,0.33797386,0,1,unassigned,13.0,12.0,1.0,0.9230769,0.07692308,0.07692307,0.021276595,0.0016366612,1,0,0,0,0
65942,-1,1,-0.29486793,0.42681256,0,1,unassigned,6.0,6.0,0.0,1.0,0.0,0.0,0.007736944,0.0,1,0,0,0,0
65943,1,0,3.4764764,0.97001094,1,0,val,3.0,3.0,0.0,1.0,0.0,0.0,0.001934236,0.0,0,0,1,1,1
65944,-1,0,1.9368196,0.87400234,1,1,unassigned,3.0,1.0,2.0,0.33333334,0.6666667,0.6666666,0.001934236,0.0012894907,0,0,0,1,0
65945,-1,1,4.844601,0.99219066,1,1,unassigned,22.0,18.0,4.0,0.8181818,0.18181819,0.18181819,0.03868472,0.0070335856,1,0,0,1,1
65946,-1,0,2.8959649,0.9476467,1,1,unassigned,5.0,5.0,0.0,1.0,0.0,0.0,0.0058027077,0.0,0,0,0,1,1
65947,-1,1,-0.41380587,0.39799994,0,1,unassigned,5.0,5.0,0.0,1.0,0.0,0.0,0.0058027077,0.0,1,0,0,0,0
65948,-1,0,9.256334,0.9999045,1,1,unassigned,3.0,3.0,0.0,1.0,0.0,0.0,0.001934236,0.0,0,0,0,1,1
65949,-1,1,0.011448026,0.502862,1,1,unassigned,28.0,26.0,2.0,0.9285714,0.071428575,0.0714286,0.050290134,0.0035921526,1,0,0,1,0
65950,-1,1,0.4381047,0.60780734,1,1,unassigned,12.0,11.0,1.0,0.9166667,0.083333336,0.08333331,0.01934236,0.0016118633,1,0,0,1,0
65951,-1,0,0.059029162,0.514753,1,1,unassigned,6.0,6.0,0.0,1.0,0.0,0.0,0.007736944,0.0,0,0,0,1,0
65952,-1,0,0.37137955,0.5917923,1,1,unassigned,3.0,3.0,0.0,1.0,0.0,0.0,0.001934236,0.0,0,0,0,1,0
65953,-1,0,0.09844822,0.5245922,1,1,unassigned,16.0,16.0,0.0,1.0,0.0,0.0,0.027079303,0.0,0,0,0,1,0
65954,-1,0,-0.37179673,0.40810695,0,1,unassigned,10.0,10.0,0.0,1.0,0.0,0.0,0.015473888,0.0,0,0,0,0,0
65955,-1,0,6.3243933,0.99821115,1,1,unassigned,2.0,2.0,0.0,1.0,0.0,0.0,0.0,0.0,0,0,0,1,1
65956,1,0,0.1417914,0.5353886,1,0,unassigned,12.0,12.0,0.0,1.0,0.0,0.0,0.01934236,0.0,0,0,1,1,0
65957,-1,0,-0.22238621,0.44463146,0,1,unassigned,15.0,15.0,0.0,1.0,0.0,0.0,0.025145067,0.0,0,0,0,0,0
65958,-1,1,-0.07276237,0.48181742,0,1,unassigned,6.0,4.0,2.0,0.6666667,0.33333334,0.3333333,0.007736944,0.0025789815,1,0,0,0,0
65959,-1,1,0.10496199,0.52621645,1,1,unassigned,25.0,25.0,0.0,1.0,0.0,0.0,0.044487428,0.0,1,0,0,1,0
65960,-1,0,8.858762,0.9998579,1,1,unassigned,3.0,3.0,0.0,1.0,0.0,0.0,0.001934236,0.0,0,0,0,1,1
65961,0,1,-0.1391133,0.46527764,0,0,unassigned,16.0,15.0,1.0,0.9375,0.0625,0.0625,0.027079303,0.0016924564,1,0,1,0,0
65962,-1,1,0.044241607,0.5110586,1,1,unassigned,18.0,18.0,0.0,1.0,0.0,0.0,0.030947777,0.0,1,0,0,1,0
65963,-1,1,0.2217598,0.5552138,1,1,unassigned,13.0,11.0,2.0,0.84615386,0.15384616,0.15384614,0.021276595,0.0032733225,1,0,0,1,0
65964,-1,0,2.5537188,0.92782295,1,1,unassigned,2.0,1.0,1.0,0.5,0.5,0.5,0.0,0.0,0,0,0,1,1
65965,-1,0,7.2900877,0.99931824,1,1,unassigned,12.0,12.0,0.0,1.0,0.0,0.0,0.01934236,0.0,0,0,0,1,1
65966,-1,1,-0.21307918,0.44693086,0,1,unassigned,12.0,8.0,4.0,0.6666667,0.33333334,0.3333333,0.01934236,0.006447453,1,0,0,0,0
65967,1,0,5.695266,0.99664944,1,0,train,26.0,25.0,1.0,0.96153843,0.03846154,0.038461566,0.046421662,0.0017854486,0,0,1,1,1
65968,-1,0,5.919865,0.99732167,1,1,unassigned,14.0,14.0,0.0,1.0,0.0,0.0,0.023210831,0.0,0,0,0,1,1
65969,-1,0,5.614434,0.9963684,1,1,unassigned,3.0,3.0,0.0,1.0,0.0,0.0,0.001934236,0.0,0,0,0,1,1
65970,1,0,2.7782404,0.9414886,1,0,unassigned,13.0,13.0,0.0,1.0,0.0,0.0,0.021276595,0.0,0,0,1,1,1
65971,-1,1,-0.3518014,0.41294566,0,1,unassigned,8.0,8.0,0.0,1.0,0.0,0.0,0.0116054155,0.0,1,0,0,0,0
65972,-1,0,2.3525329,0.9131353,1,1,unassigned,47.0,47.0,0.0,1.0,0.0,0.0,0.08704062,0.0,0,0,0,1,1
65973,-1,0,2.3474371,0.91273034,1,1,unassigned,3.0,3.0,0.0,1.0,0.0,0.0,0.001934236,0.0,0,0,0,1,1
65974,-1,0,1.4696739,0.81300783,1,1,unassigned,25.0,25.0,0.0,1.0,0.0,0.0,0.044487428,0.0,0,0,0,1,0
65975,-1,1,-0.7518193,0.320425,0,1,unassigned,9.0,9.0,0.0,1.0,0.0,0.0,0.013539651,0.0,1,0,0,0,0
65976,-1,1,1.6747694,0.8422107,1,1,unassigned,5.0,5.0,0.0,1.0,0.0,0.0,0.0058027077,0.0,1,0,0,1,0
65977,-1,0,1.9279158,0.8730185,1,1,unassigned,3.0,2.0,1.0,0.6666667,0.33333334,0.3333333,0.001934236,0.00064474536,0,0,0,1,0
65978,-1,0,-0.843706,0.30075482,0,1,unassigned,3.0,3.0,0.0,1.0,0.0,0.0,0.001934236,0.0,0,0,0,0,0
65979,-1,1,0.2123372,0.5528857,1,1,unassigned,5.0,5.0,0.0,1.0,0.0,0.0,0.0058027077,0.0,1,0,0,1,0
65980,-1,1,-0.81634617,0.3065398,0,1,unassigned,66.0,65.0,1.0,0.9848485,0.015151516,0.015151501,0.123791106,0.0018756229,1,0,0,0,0
65981,-1,1,3.2959802,0.9642906,1,1,unassigned,26.0,25.0,1.0,0.96153843,0.03846154,0.038461566,0.046421662,0.0017854486,1,0,0,1,1
65982,0,1,-0.30137965,0.42522028,0,0,unassigned,12.0,12.0,0.0,1.0,0.0,0.0,0.01934236,0.0,1,0,1,0,0
65983,1,1,5.9705787,0.99745375,1,0,unassigned,10.0,10.0,0.0,1.0,0.0,0.0,0.015473888,0.0,1,0,1,1,1
65984,-1,0,4.483974,0.9888376,1,1,unassigned,9.0,9.0,0.0,1.0,0.0,0.0,0.013539651,0.0,0,0,0,1,1
65985,-1,1,0.7515926,0.6795256,1,1,unassigned,23.0,21.0,2.0,0.9130435,0.08695652,0.0869565,0.040618956,0.0035320832,1,0,0,1,0
65986,-1,0,7.944123,0.99964535,1,1,unassigned,15.0,15.0,0.0,1.0,0.0,0.0,0.025145067,0.0,0,0,0,1,1
65987,-1,1,2.3045774,0.90925545,1,1,unassigned,16.0,16.0,0.0,1.0,0.0,0.0,0.027079303,0.0,1,0,0,1,1
65988,-1,1,0.029644132,0.5074105,1,1,unassigned,36.0,35.0,1.0,0.9722222,0.027777778,0.027777791,0.065764025,0.0018267785,1,0,0,1,0
65989,0,1,-0.44264585,0.3911107,0,0,val,18.0,18.0,0.0,1.0,0.0,0.0,0.030947777,0.0,1,0,1,0,0
65990,1,1,-0.18943712,0.45278186,0,1,test,34.0,33.0,1.0,0.9705882,0.029411765,0.029411793,0.061895553,0.0018204574,1,0,0,0,0
65991,1,1,5.678462,0.9965928,1,0,unassigned,2.0,2.0,0.0,1.0,0.0,0.0,0.0,0.0,1,0,1,1,1
65992,-1,1,-0.49688813,0.37827227,0,1,unassigned,24.0,20.0,4.0,0.8333333,0.16666667,0.16666669,0.04255319,0.0070921984,1,0,0,0,0
65993,-1,0,9.552675,0.99992895,1,1,unassigned,3.0,3.0,0.0,1.0,0.0,0.0,0.001934236,0.0,0,0,0,1,1
65994,-1,0,-0.41394615,0.3979663,0,1,unassigned,9.0,9.0,0.0,1.0,0.0,0.0,0.013539651,0.0,0,0,0,0,0
65995,-1,0,-0.1176151,0.47063005,0,1,unassigned,28.0,28.0,0.0,1.0,0.0,0.0,0.050290134,0.0,0,0,0,0,0
65996,-1,0,7.575413,0.9994873,1,1,unassigned,8.0,8.0,0.0,1.0,0.0,0.0,0.0116054155,0.0,0,0,0,1,1
65997,-1,0,-0.7897306,0.31222653,0,1,unassigned,4.0,4.0,0.0,1.0,0.0,0.0,0.003868472,0.0,0,0,0,0,0
65998,-1,0,-0.7150579,0.32848218,0,1,unassigned,6.0,6.0,0.0,1.0,0.0,0.0,0.007736944,0.0,0,0,0,0,0
65999,-1,0,1.8625257,0.8655911,1,1,unassigned,10.0,9.0,1.0,0.9,0.1,0.100000024,0.015473888,0.0015473888,0,0,0,1,0
66000,-1,0,-0.610086,0.35203958,0,1,unassigned,13.0,13.0,0.0,1.0,0.0,0.0,0.021276595,0.0,0,0,0,0,0
66001,-1,0,0.045195818,0.51129705,1,1,unassigned,10.0,10.0,0.0,1.0,0.0,0.0,0.015473888,0.0,0,0,0,1,0
66002,-1,0,0.11857849,0.5296099,1,1,unassigned,6.0,6.0,0.0,1.0,0.0,0.0,0.007736944,0.0,0,0,0,1,0
66003,-1,1,2.739474,0.93931615,1,1,unassigned,3.0,3.0,0.0,1.0,0.0,0.0,0.001934236,0.0,1,0,0,1,1
66004,-1,1,-0.09237039,0.4769238,0,1,unassigned,3.0,3.0,0.0,1.0,0.0,0.0,0.001934236,0.0,1,0,0,0,0
66005,-1,1,-0.017714322,0.4955715,0,1,unassigned,14.0,13.0,1.0,0.9285714,0.071428575,0.0714286,0.023210831,0.0016579166,1,0,0,0,0
66006,-1,0,-0.983812,0.27213606,0,1,unassigned,2.0,2.0,0.0,1.0,0.0,0.0,0.0,0.0,0,0,0,0,0
66007,-1,0,-0.44705728,0.39006063,0,1,unassigned,3.0,3.0,0.0,1.0,0.0,0.0,0.001934236,0.0,0,0,0,0,0
66008,-1,1,2.8454342,0.9450822,1,1,unassigned,3.0,3.0,0.0,1.0,0.0,0.0,0.001934236,0.0,1,0,0,1,1
66009,-1,1,2.4544227,0.92088425,1,1,unassigned,5.0,5.0,0.0,1.0,0.0,0.0,0.0058027077,0.0,1,0,0,1,1
66010,-1,0,3.1112144,0.95735294,1,1,unassigned,3.0,3.0,0.0,1.0,0.0,0.0,0.001934236,0.0,0,0,0,1,1
66011,-1,1,0.39096546,0.5965151,1,1,unassigned,4.0,4.0,0.0,1.0,0.0,0.0,0.003868472,0.0,1,0,0,1,0
66012,-1,1,0.25286204,0.5628808,1,1,unassigned,5.0,5.0,0.0,1.0,0.0,0.0,0.0058027077,0.0,1,0,0,1,0
66013,-1,1,0.9622149,0.72356504,1,1,unassigned,7.0,6.0,1.0,0.85714287,0.14285715,0.14285713,0.00967118,0.0013815971,1,0,0,1,0
66014,1,1,1.2664678,0.78013754,1,0,test,32.0,29.0,3.0,0.90625,0.09375,0.09375,0.058027077,0.0054400386,1,0,1,1,0
66015,-1,0,-0.5028949,0.3768606,0,1,unassigned,9.0,8.0,1.0,0.8888889,0.11111111,0.111111104,0.013539651,0.0015044058,0,0,0,0,0
66016,-1,0,-0.5988494,0.35460696,0,1,unassigned,2.0,2.0,0.0,1.0,0.0,0.0,0.0,0.0,0,0,0,0,0
66017,-1,1,8.724939,0.9998375,1,1,unassigned,6.0,2.0,4.0,0.33333334,0.6666667,0.6666666,0.007736944,0.005157963,1,0,0,1,1
66018,-1,0,1.3889062,0.80041754,1,1,unassigned,9.0,7.0,2.0,0.7777778,0.22222222,0.22222221,0.013539651,0.0030088115,0,0,0,1,0
66019,-1,1,-0.8981528,0.28943023,0,1,unassigned,8.0,7.0,1.0,0.875,0.125,0.125,0.0116054155,0.0014506769,1,0,0,0,0
66020,-1,1,8.041305,0.99967825,1,1,unassigned,7.0,5.0,2.0,0.71428573,0.2857143,0.28571427,0.00967118,0.0027631943,1,0,0,1,1
66021,-1,1,-0.650839,0.3428005,0,1,unassigned,2.0,2.0,0.0,1.0,0.0,0.0,0.0,0.0,1,0,0,0,0
66022,-1,1,3.4314725,0.96867377,1,1,unassigned,5.0,2.0,3.0,0.4,0.6,0.6,0.0058027077,0.0034816249,1,0,0,1,1
66023,-1,0,8.4577675,0.99978787,1,1,unassigned,6.0,4.0,2.0,0.6666667,0.33333334,0.3333333,0.007736944,0.0025789815,0,0,0,1,1
66024,-1,1,1.8281729,0.8615439,1,1,unassigned,2.0,2.0,0.0,1.0,0.0,0.0,0.0,0.0,1,0,0,1,0
66025,-1,0,1.0283995,0.73660547,1,1,unassigned,7.0,6.0,1.0,0.85714287,0.14285715,0.14285713,0.00967118,0.0013815971,0,0,0,1,0
66026,-1,1,3.0552971,0.95501065,1,1,unassigned,7.0,7.0,0.0,1.0,0.0,0.0,0.00967118,0.0,1,0,0,1,1
66027,0,1,-0.21513012,0.44642395,0,0,unassigned,4.0,4.0,0.0,1.0,0.0,0.0,0.003868472,0.0,1,0,1,0,0
66028,1,1,2.084528,0.8893903,1,0,unassigned,6.0,6.0,0.0,1.0,0.0,0.0,0.007736944,0.0,1,0,1,1,0
66029,-1,0,3.3367689,0.96566886,1,1,unassigned,3.0,2.0,1.0,0.6666667,0.33333334,0.3333333,0.001934236,0.00064474536,0,0,0,1,1
66030,-1,1,5.809144,0.997009,1,1,unassigned,2.0,2.0,0.0,1.0,0.0,0.0,0.0,0.0,1,0,0,1,1
66031,-1,1,7.3454328,0.9993549,1,1,unassigned,2.0,1.0,1.0,0.5,0.5,0.5,0.0,0.0,1,0,0,1,1
66032,-1,1,-0.51917255,0.37304574,0,1,unassigned,5.0,5.0,0.0,1.0,0.0,0.0,0.0058027077,0.0,1,0,0,0,0
66033,-1,1,-0.25533324,0.43651125,0,1,unassigned,8.0,8.0,0.0,1.0,0.0,0.0,0.0116054155,0.0,1,0,0,0,0
66034,-1,1,-0.34680104,0.4141584,0,1,unassigned,11.0,11.0,0.0,1.0,0.0,0.0,0.017408123,0.0,1,0,0,0,0
66035,-1,0,0.41156727,0.6014636,1,1,unassigned,8.0,6.0,2.0,0.75,0.25,0.25,0.0116054155,0.0029013539,0,0,0,1,0
66036,-1,1,3.8133314,0.9784023,1,1,unassigned,7.0,7.0,0.0,1.0,0.0,0.0,0.00967118,0.0,1,0,0,1,1
66037,-1,1,0.9499586,0.7211069,1,1,unassigned,2.0,2.0,0.0,1.0,0.0,0.0,0.0,0.0,1,0,0,1,0
66038,-1,1,2.6797078,0.93581855,1,1,unassigned,4.0,3.0,1.0,0.75,0.25,0.25,0.003868472,0.000967118,1,0,0,1,1
66039,-1,0,2.9408405,0.9498288,1,1,unassigned,3.0,3.0,0.0,1.0,0.0,0.0,0.001934236,0.0,0,0,0,1,1
66040,-1,0,-0.6161376,0.3506604,0,1,unassigned,11.0,11.0,0.0,1.0,0.0,0.0,0.017408123,0.0,0,0,0,0,0
66041,1,1,5.3863454,0.99544215,1,0,unassigned,12.0,11.0,1.0,0.9166667,0.083333336,0.08333331,0.01934236,0.0016118633,1,0,1,1,1
66042,-1,0,-0.900262,0.28899667,0,1,unassigned,12.0,12.0,0.0,1.0,0.0,0.0,0.01934236,0.0,0,0,0,0,0
66043,0,0,-0.14033946,0.46497262,0,0,val,5.0,1.0,4.0,0.2,0.8,0.8,0.0058027077,0.004642166,0,0,1,0,0
66044,-1,0,-0.0039994717,0.49900016,0,1,unassigned,4.0,2.0,2.0,0.5,0.5,0.5,0.003868472,0.001934236,0,0,0,0,0
66045,-1,0,3.6134531,0.9737491,1,1,unassigned,5.0,5.0,0.0,1.0,0.0,0.0,0.0058027077,0.0,0,0,0,1,1
66046,-1,1,0.66854566,0.66117746,1,1,unassigned,4.0,3.0,1.0,0.75,0.25,0.25,0.003868472,0.000967118,1,0,0,1,0
66047,-1,0,-0.4875513,0.3804706,0,1,unassigned,3.0,3.0,0.0,1.0,0.0,0.0,0.001934236,0.0,0,0,0,0,0
66048,1,1,6.319571,0.99820256,1,0,unassigned,2.0,2.0,0.0,1.0,0.0,0.0,0.0,0.0,1,0,1,1,1
66049,0,1,-0.18585962,0.4536684,0,0,unassigned,11.0,11.0,0.0,1.0,0.0,0.0,0.017408123,0.0,1,0,1,0,0
66050,-1,0,-0.06636912,0.4834138,0,1,unassigned,8.0,8.0,0.0,1.0,0.0,0.0,0.0116054155,0.0,0,0,0,0,0
66051,-1,0,2.5155652,0.9252258,1,1,unassigned,4.0,4.0,0.0,1.0,0.0,0.0,0.003868472,0.0,0,0,0,1,1
66052,1,1,-0.37209627,0.40803456,0,1,unassigned,6.0,6.0,0.0,1.0,0.0,0.0,0.007736944,0.0,1,0,0,0,0
66053,-1,0,-0.699777,0.33186167,0,1,unassigned,4.0,4.0,0.0,1.0,0.0,0.0,0.003868472,0.0,0,0,0,0,0
66054,-1,0,1.7520583,0.85221225,1,1,unassigned,2.0,2.0,0.0,1.0,0.0,0.0,0.0,0.0,0,0,0,1,0
66055,-1,1,3.000869,0.9526134,1,1,unassigned,2.0,2.0,0.0,1.0,0.0,0.0,0.0,0.0,1,0,0,1,1
66056,-1,0,3.0779192,0.95597273,1,1,unassigned,3.0,3.0,0.0,1.0,0.0,0.0,0.001934236,0.0,0,0,0,1,1
66057,-1,0,0.65798193,0.6588069,1,1,unassigned,7.0,7.0,0.0,1.0,0.0,0.0,0.00967118,0.0,0,0,0,1,0
66058,1,0,-0.0839532,0.47902405,0,1,test,7.0,6.0,1.0,0.85714287,0.14285715,0.14285713,0.00967118,0.0013815971,0,0,0,0,0
66059,-1,1,4.522931,0.9892595,1,1,unassigned,2.0,2.0,0.0,1.0,0.0,0.0,0.0,0.0,1,0,0,1,1
66060,1,1,-0.24660999,0.43865806,0,1,val,27.0,27.0,0.0,1.0,0.0,0.0,0.0483559,0.0,1,0,0,0,0
66061,-1,1,-0.77140784,0.31617463,0,1,unassigned,24.0,24.0,0.0,1.0,0.0,0.0,0.04255319,0.0,1,0,0,0,0
66062,-1,1,-0.55004776,0.36585334,0,1,unassigned,35.0,32.0,3.0,0.9142857,0.08571429,0.08571428,0.06382979,0.005471125,1,0,0,0,0
66063,1,1,2.5064228,0.9245909,1,0,train,8.0,8.0,0.0,1.0,0.0,0.0,0.0116054155,0.0,1,0,1,1,1
66064,-1,1,-0.011186898,0.49720335,0,1,unassigned,4.0,3.0,1.0,0.75,0.25,0.25,0.003868472,0.000967118,1,0,0,0,0
66065,-1,1,-0.071407646,0.48215568,0,1,unassigned,4.0,4.0,0.0,1.0,0.0,0.0,0.003868472,0.0,1,0,0,0,0
66066,-1,1,2.9712808,0.95125973,1,1,unassigned,5.0,3.0,2.0,0.6,0.4,0.39999998,0.0058027077,0.002321083,1,0,0,1,1
66067,-1,1,1.7449172,0.85131055,1,1,unassigned,55.0,54.0,1.0,0.9818182,0.018181818,0.0181818,0.102514505,0.0018639,1,0,0,1,0
66068,-1,1,-0.38505715,0.40490773,0,1,unassigned,3.0,3.0,0.0,1.0,0.0,0.0,0.001934236,0.0,1,0,0,0,0
66069,-1,1,2.1255004,0.8933571,1,1,unassigned,2.0,2.0,0.0,1.0,0.0,0.0,0.0,0.0,1,0,0,1,0
66070,-1,0,-0.66365284,0.33991954,0,1,unassigned,33.0,33.0,0.0,1.0,0.0,0.0,0.059961315,0.0,0,0,0,0,0
66071,-1,0,7.931087,0.9996407,1,1,unassigned,2.0,2.0,0.0,1.0,0.0,0.0,0.0,0.0,0,0,0,1,1
66072,-1,0,-1.1699104,0.23687118,0,1,unassigned,2.0,2.0,0.0,1.0,0.0,0.0,0.0,0.0,0,0,0,0,0
66073,-1,0,9.839821,0.9999467,1,1,unassigned,4.0,4.0,0.0,1.0,0.0,0.0,0.003868472,0.0,0,0,0,1,1
66074,-1,0,0.23986071,0.5596793,1,1,unassigned,2.0,2.0,0.0,1.0,0.0,0.0,0.0,0.0,0,0,0,1,0
66075,-1,1,0.0639652,0.51598585,1,1,unassigned,3.0,3.0,0.0,1.0,0.0,0.0,0.001934236,0.0,1,0,0,1,0
66076,-1,0,-0.9302701,0.2828699,0,1,unassigned,5.0,5.0,0.0,1.0,0.0,0.0,0.0058027077,0.0,0,0,0,0,0
66077,-1,1,-0.58285373,0.35827622,0,1,unassigned,56.0,56.0,0.0,1.0,0.0,0.0,0.10444874,0.0,1,0,0,0,0
66078,-1,0,-0.12472147,0.46885997,0,1,unassigned,2.0,1.0,1.0,0.5,0.5,0.5,0.0,0.0,0,0,0,0,0
66079,0,1,-0.5063789,0.37604278,0,0,unassigned,51.0,51.0,0.0,1.0,0.0,0.0,0.09477756,0.0,1,0,1,0,0
66080,-1,1,-0.72534037,0.3262181,0,1,unassigned,41.0,41.0,0.0,1.0,0.0,0.0,0.07543521,0.0,1,0,0,0,0
66081,-1,1,1.073317,0.74522716,1,1,unassigned,50.0,50.0,0.0,1.0,0.0,0.0,0.092843324,0.0,1,0,0,1,0
66082,-1,1,1.8396628,0.86290884,1,1,unassigned,25.0,25.0,0.0,1.0,0.0,0.0,0.044487428,0.0,1,0,0,1,0
66083,-1,1,-0.4465028,0.39019257,0,1,unassigned,18.0,18.0,0.0,1.0,0.0,0.0,0.030947777,0.0,1,0,0,0,0
66084,-1,0,-0.25040203,0.43772456,0,1,unassigned,3.0,3.0,0.0,1.0,0.0,0.0,0.001934236,0.0,0,0,0,0,0
66085,-1,1,2.316654,0.9102469,1,1,unassigned,4.0,2.0,2.0,0.5,0.5,0.5,0.003868472,0.001934236,1,0,0,1,1
66086,-1,0,-0.2223123,0.4446497,0,1,unassigned,8.0,7.0,1.0,0.875,0.125,0.125,0.0116054155,0.0014506769,0,0,0,0,0
66087,1,0,4.0865135,0.98347986,1,0,unassigned,4.0,4.0,0.0,1.0,0.0,0.0,0.003868472,0.0,0,0,1,1,1
66088,-1,1,1.4568756,0.8110543,1,1,unassigned,4.0,4.0,0.0,1.0,0.0,0.0,0.003868472,0.0,1,0,0,1,0
66089,-1,0,1.5733285,0.8282576,1,1,unassigned,2.0,2.0,0.0,1.0,0.0,0.0,0.0,0.0,0,0,0,1,0
66090,-1,1,-0.4743634,0.38358402,0,1,unassigned,2.0,1.0,1.0,0.5,0.5,0.5,0.0,0.0,1,0,0,0,0
66091,-1,1,1.1722767,0.7635563,1,1,unassigned,7.0,7.0,0.0,1.0,0.0,0.0,0.00967118,0.0,1,0,0,1,0
66092,-1,0,-0.25261033,0.4371811,0,1,unassigned,6.0,2.0,4.0,0.33333334,0.6666667,0.6666666,0.007736944,0.005157963,0,0,0,0,0
66093,-1,0,-0.23404905,0.44175336,0,1,unassigned,22.0,3.0,19.0,0.13636364,0.8636364,0.8636364,0.03868472,0.03340953,0,0,0,0,0
66094,-1,1,0.21365124,0.55321056,1,1,unassigned,8.0,8.0,0.0,1.0,0.0,0.0,0.0116054155,0.0,1,0,0,1,0
66095,-1,1,-0.99023503,0.27086565,0,1,unassigned,3.0,3.0,0.0,1.0,0.0,0.0,0.001934236,0.0,1,0,0,0,0
66096,-1,0,0.5661312,0.63787,1,1,unassigned,17.0,16.0,1.0,0.9411765,0.05882353,0.058823526,0.029013539,0.0017066788,0,0,0,1,0
66097,-1,0,7.659536,0.99952877,1,1,unassigned,5.0,4.0,1.0,0.8,0.2,0.19999999,0.0058027077,0.0011605415,0,0,0,1,1
66098,-1,1,9.353615,0.99991333,1,1,unassigned,6.0,6.0,0.0,1.0,0.0,0.0,0.007736944,0.0,1,0,0,1,1
66099,-1,0,4.5466275,0.9895083,1,1,unassigned,11.0,11.0,0.0,1.0,0.0,0.0,0.017408123,0.0,0,0,0,1,1
66100,-1,0,3.3611672,0.9664686,1,1,unassigned,7.0,7.0,0.0,1.0,0.0,0.0,0.00967118,0.0,0,0,0,1,1
66101,-1,1,3.2826612,0.96382916,1,1,unassigned,13.0,13.0,0.0,1.0,0.0,0.0,0.021276595,0.0,1,0,0,1,1
66102,-1,1,0.7015038,0.6685211,1,1,unassigned,6.0,6.0,0.0,1.0,0.0,0.0,0.007736944,0.0,1,0,0,1,0
66103,-1,1,0.13904774,0.534706,1,1,unassigned,22.0,22.0,0.0,1.0,0.0,0.0,0.03868472,0.0,1,0,0,1,0
66104,-1,1,1.2167065,0.7714834,1,1,unassigned,8.0,8.0,0.0,1.0,0.0,0.0,0.0116054155,0.0,1,0,0,1,0
66105,0,0,-0.517909,0.37334135,0,0,unassigned,22.0,22.0,0.0,1.0,0.0,0.0,0.03868472,0.0,0,0,1,0,0
66106,-1,0,3.3664312,0.96663874,1,1,unassigned,2.0,2.0,0.0,1.0,0.0,0.0,0.0,0.0,0,0,0,1,1
66107,0,0,0.16946775,0.54226583,1,1,val,5.0,5.0,0.0,1.0,0.0,0.0,0.0058027077,0.0,0,0,0,1,0
66108,-1,0,2.0613582,0.8870903,1,1,unassigned,2.0,2.0,0.0,1.0,0.0,0.0,0.0,0.0,0,0,0,1,0
66109,-1,0,-0.17219189,0.45705807,0,1,unassigned,8.0,8.0,0.0,1.0,0.0,0.0,0.0116054155,0.0,0,0,0,0,0
66110,-1,0,-0.3986649,0.40163314,0,1,unassigned,5.0,5.0,0.0,1.0,0.0,0.0,0.0058027077,0.0,0,0,0,0,0
66111,-1,0,15.425604,0.99999976,1,1,unassigned,7.0,6.0,1.0,0.85714287,0.14285715,0.14285713,0.00967118,0.0013815971,0,0,0,1,1
66112,1,0,5.599015,0.9963122,1,0,train,22.0,20.0,2.0,0.90909094,0.09090909,0.090909064,0.03868472,0.0035167928,0,0,1,1,1
66113,-1,0,0.2569402,0.563884,1,1,unassigned,3.0,3.0,0.0,1.0,0.0,0.0,0.001934236,0.0,0,0,0,1,0
66114,-1,0,4.544678,0.9894881,1,1,unassigned,7.0,7.0,0.0,1.0,0.0,0.0,0.00967118,0.0,0,0,0,1,1
66115,1,0,5.02698,0.9934842,1,0,val,9.0,9.0,0.0,1.0,0.0,0.0,0.013539651,0.0,0,0,1,1,1
66116,-1,0,5.109221,0.9939955,1,1,unassigned,9.0,7.0,2.0,0.7777778,0.22222222,0.22222221,0.013539651,0.0030088115,0,0,0,1,1
66117,-1,0,7.1185164,0.99919075,1,1,unassigned,9.0,9.0,0.0,1.0,0.0,0.0,0.013539651,0.0,0,0,0,1,1
66118,-1,0,4.914494,0.992714,1,1,unassigned,5.0,4.0,1.0,0.8,0.2,0.19999999,0.0058027077,0.0011605415,0,0,0,1,1
66119,-1,1,1.3072243,0.7870483,1,1,unassigned,2.0,1.0,1.0,0.5,0.5,0.5,0.0,0.0,1,0,0,1,0
66120,-1,0,2.0362413,0.8845499,1,1,unassigned,3.0,2.0,1.0,0.6666667,0.33333334,0.3333333,0.001934236,0.00064474536,0,0,0,1,0
66121,-1,1,-0.5299149,0.37053674,0,1,unassigned,4.0,4.0,0.0,1.0,0.0,0.0,0.003868472,0.0,1,0,0,0,0
66122,-1,0,2.3559005,0.9134021,1,1,unassigned,15.0,14.0,1.0,0.93333334,0.06666667,0.06666666,0.025145067,0.0016763379,0,0,0,1,1
66123,-1,0,5.6395364,0.9964581,1,1,unassigned,3.0,3.0,0.0,1.0,0.0,0.0,0.001934236,0.0,0,0,0,1,1
66124,-1,0,-0.5494909,0.36598253,0,1,unassigned,2.0,2.0,0.0,1.0,0.0,0.0,0.0,0.0,0,0,0,0,0
66125,1,1,-0.10967004,0.47260994,0,1,unassigned,14.0,13.0,1.0,0.9285714,0.071428575,0.0714286,0.023210831,0.0016579166,1,0,0,0,0
66126,-1,0,3.702967,0.9759427,1,1,unassigned,7.0,4.0,3.0,0.5714286,0.42857143,0.4285714,0.00967118,0.0041447915,0,0,0,1,1
66127,-1,1,5.367981,0.99535805,1,1,unassigned,5.0,3.0,2.0,0.6,0.4,0.39999998,0.0058027077,0.002321083,1,0,0,1,1
66128,-1,1,-0.4068449,0.39966893,0,1,unassigned,2.0,2.0,0.0,1.0,0.0,0.0,0.0,0.0,1,0,0,0,0
66129,1,0,0.56747085,0.6381794,1,0,val,6.0,6.0,0.0,1.0,0.0,0.0,0.007736944,0.0,0,0,1,1,0
66130,1,0,7.534246,0.9994659,1,0,unassigned,7.0,6.0,1.0,0.85714287,0.14285715,0.14285713,0.00967118,0.0013815971,0,0,1,1,1
66131,-1,0,-2.9679585,0.048894573,0,1,unassigned,2.0,2.0,0.0,1.0,0.0,0.0,0.0,0.0,0,0,0,0,1
66132,-1,0,-1.1413474,0.24207306,0,1,unassigned,2.0,2.0,0.0,1.0,0.0,0.0,0.0,0.0,0,0,0,0,0
66133,-1,0,-0.31523183,0.42183825,0,1,unassigned,38.0,5.0,33.0,0.13157895,0.8684211,0.8684211,0.06963249,0.060470324,0,0,0,0,0
66134,-1,0,-0.7278873,0.32565853,0,1,unassigned,8.0,8.0,0.0,1.0,0.0,0.0,0.0116054155,0.0,0,0,0,0,0
66135,-1,0,2.1369765,0.8944455,1,1,unassigned,2.0,1.0,1.0,0.5,0.5,0.5,0.0,0.0,0,0,0,1,0
66136,-1,0,2.218887,0.9019328,1,1,unassigned,2.0,2.0,0.0,1.0,0.0,0.0,0.0,0.0,0,0,0,1,1
66137,-1,1,-0.8944472,0.29019293,0,1,unassigned,44.0,44.0,0.0,1.0,0.0,0.0,0.08123791,0.0,1,0,0,0,0
66138,-1,1,-0.30578512,0.4241439,0,1,unassigned,52.0,49.0,3.0,0.9423077,0.057692308,0.05769229,0.0967118,0.005579527,1,0,0,0,0
66139,1,1,2.3301947,0.9113471,1,0,test,3.0,3.0,0.0,1.0,0.0,0.0,0.001934236,0.0,1,0,1,1,1
66140,-1,1,-0.36467835,0.40982756,0,1,unassigned,30.0,30.0,0.0,1.0,0.0,0.0,0.054158606,0.0,1,0,0,0,0
66141,-1,1,-0.19378638,0.4517044,0,1,unassigned,54.0,50.0,4.0,0.9259259,0.074074075,0.07407409,0.10058027,0.00745039,1,0,0,0,0
66142,-1,0,2.4826624,0.9229174,1,1,unassigned,3.0,1.0,2.0,0.33333334,0.6666667,0.6666666,0.001934236,0.0012894907,0,0,0,1,1
66143,-1,0,10.308975,0.9999666,1,1,unassigned,10.0,9.0,1.0,0.9,0.1,0.100000024,0.015473888,0.0015473888,0,0,0,1,1
66144,-1,1,5.277863,0.9949226,1,1,unassigned,2.0,2.0,0.0,1.0,0.0,0.0,0.0,0.0,1,0,0,1,1
66145,-1,0,1.3733838,0.7979263,1,1,unassigned,6.0,6.0,0.0,1.0,0.0,0.0,0.007736944,0.0,0,0,0,1,0
66146,-1,1,-0.34208167,0.41530395,0,1,unassigned,7.0,7.0,0.0,1.0,0.0,0.0,0.00967118,0.0,1,0,0,0,0
66147,1,0,2.9109104,0.9483831,1,0,unassigned,3.0,3.0,0.0,1.0,0.0,0.0,0.001934236,0.0,0,0,1,1,1
66148,0,0,-0.27784842,0.4309813,0,0,val,2.0,2.0,0.0,1.0,0.0,0.0,0.0,0.0,0,0,1,0,0
66149,0,0,0.23256963,0.5578818,1,1,val,4.0,4.0,0.0,1.0,0.0,0.0,0.003868472,0.0,0,0,0,1,0
66150,-1,0,0.561966,0.6369073,1,1,unassigned,2.0,1.0,1.0,0.5,0.5,0.5,0.0,0.0,0,0,0,1,0
66151,-1,0,1.1026669,0.7507595,1,1,unassigned,2.0,2.0,0.0,1.0,0.0,0.0,0.0,0.0,0,0,0,1,0
66152,-1,0,-0.75768965,0.31914806,0,1,unassigned,3.0,3.0,0.0,1.0,0.0,0.0,0.001934236,0.0,0,0,0,0,0
66153,-1,1,0.13606608,0.53396416,1,1,unassigned,10.0,10.0,0.0,1.0,0.0,0.0,0.015473888,0.0,1,0,0,1,0
66154,-1,1,-0.47278765,0.38395664,0,1,unassigned,5.0,5.0,0.0,1.0,0.0,0.0,0.0058027077,0.0,1,0,0,0,0
66155,-1,1,-0.4693089,0.3847798,0,1,unassigned,5.0,5.0,0.0,1.0,0.0,0.0,0.0058027077,0.0,1,0,0,0,0
66156,-1,1,-0.35698327,0.41169,0,1,unassigned,7.0,7.0,0.0,1.0,0.0,0.0,0.00967118,0.0,1,0,0,0,0
66157,-1,0,4.5389457,0.98942834,1,1,unassigned,11.0,11.0,0.0,1.0,0.0,0.0,0.017408123,0.0,0,0,0,1,1
66158,-1,1,-0.20848143,0.4480676,0,1,unassigned,32.0,31.0,1.0,0.96875,0.03125,0.03125,0.058027077,0.0018133462,1,0,0,0,0
66159,-1,1,-0.20483339,0.44896993,0,1,unassigned,18.0,17.0,1.0,0.9444444,0.055555556,0.055555582,0.030947777,0.0017193209,1,0,0,0,0
66160,0,1,-0.5703969,0.36114523,0,0,test,8.0,8.0,0.0,1.0,0.0,0.0,0.0116054155,0.0,1,0,1,0,0
66161,-1,0,5.814315,0.99702436,1,1,unassigned,12.0,10.0,2.0,0.8333333,0.16666667,0.16666669,0.01934236,0.0032237265,0,0,0,1,1
66162,-1,1,-0.2202113,0.44516858,0,1,unassigned,20.0,20.0,0.0,1.0,0.0,0.0,0.034816246,0.0,1,0,0,0,0
66163,-1,1,-0.06375176,0.48406744,0,1,unassigned,7.0,5.0,2.0,0.71428573,0.2857143,0.28571427,0.00967118,0.0027631943,1,0,0,0,0
66164,1,0,3.5927727,0.9732152,1,0,unassigned,12.0,10.0,2.0,0.8333333,0.16666667,0.16666669,0.01934236,0.0032237265,0,0,1,1,1
66165,-1,1,3.7113636,0.97613907,1,1,unassigned,4.0,4.0,0.0,1.0,0.0,0.0,0.003868472,0.0,1,0,0,1,1
66166,1,1,-0.38828206,0.40413094,0,1,val,13.0,12.0,1.0,0.9230769,0.07692308,0.07692307,0.021276595,0.0016366612,1,0,0,0,0
66167,-1,0,-0.8786429,0.29345906,0,1,unassigned,8.0,8.0,0.0,1.0,0.0,0.0,0.0116054155,0.0,0,0,0,0,0
66168,-1,0,0.00083458424,0.5002086,1,1,unassigned,41.0,41.0,0.0,1.0,0.0,0.0,0.07543521,0.0,0,0,0,1,0
66169,-1,0,0.18909341,0.54713297,1,1,unassigned,15.0,14.0,1.0,0.93333334,0.06666667,0.06666666,0.025145067,0.0016763379,0,0,0,1,0
66170,-1,0,3.6139019,0.97376055,1,1,unassigned,2.0,2.0,0.0,1.0,0.0,0.0,0.0,0.0,0,0,0,1,1
66171,-1,0,6.855187,0.9989472,1,1,unassigned,9.0,9.0,0.0,1.0,0.0,0.0,0.013539651,0.0,0,0,0,1,1
66172,0,1,-0.199525,0.45028356,0,0,test,42.0,42.0,0.0,1.0,0.0,0.0,0.07736944,0.0,1,0,1,0,0
66173,-1,1,-0.49101686,0.37965405,0,1,unassigned,24.0,24.0,0.0,1.0,0.0,0.0,0.04255319,0.0,1,0,0,0,0
66174,0,1,-0.30388838,0.42460722,0,0,test,20.0,20.0,0.0,1.0,0.0,0.0,0.034816246,0.0,1,0,1,0,0
66175,-1,1,-0.8048124,0.30899704,0,1,unassigned,23.0,22.0,1.0,0.95652175,0.04347826,0.04347825,0.040618956,0.0017660416,1,0,0,0,0
66176,1,1,-0.45801014,0.387458,0,1,test,9.0,6.0,3.0,0.6666667,0.33333334,0.3333333,0.013539651,0.004513217,1,0,0,0,0
66177,-1,1,7.3623652,0.99936575,1,1,unassigned,29.0,27.0,2.0,0.9310345,0.06896552,0.068965495,0.05222437,0.0036016807,1,0,0,1,1
66178,-1,1,-0.26199108,0.43487436,0,1,unassigned,2.0,2.0,0.0,1.0,0.0,0.0,0.0,0.0,1,0,0,0,0
66179,1,0,-0.6097436,0.3521177,0,1,unassigned,7.0,6.0,1.0,0.85714287,0.14285715,0.14285713,0.00967118,0.0013815971,0,0,0,0,0
66180,-1,0,2.8106468,0.9432484,1,1,unassigned,7.0,7.0,0.0,1.0,0.0,0.0,0.00967118,0.0,0,0,0,1,1
66181,-1,0,2.4505732,0.9206034,1,1,unassigned,7.0,7.0,0.0,1.0,0.0,0.0,0.00967118,0.0,0,0,0,1,1
66182,-1,0,4.405452,0.9879367,1,1,unassigned,4.0,4.0,0.0,1.0,0.0,0.0,0.003868472,0.0,0,0,0,1,1
66183,-1,1,3.7242258,0.97643685,1,1,unassigned,6.0,5.0,1.0,0.8333333,0.16666667,0.16666669,0.007736944,0.0012894907,1,0,0,1,1
66184,-1,0,0.49346477,0.62092227,1,1,unassigned,6.0,5.0,1.0,0.8333333,0.16666667,0.16666669,0.007736944,0.0012894907,0,0,0,1,0
66185,-1,0,2.3310266,0.9114143,1,1,unassigned,2.0,2.0,0.0,1.0,0.0,0.0,0.0,0.0,0,0,0,1,1
66186,-1,0,2.149329,0.89560604,1,1,unassigned,12.0,3.0,9.0,0.25,0.75,0.75,0.01934236,0.014506769,0,0,0,1,0
66187,-1,0,9.48731,0.9999242,1,1,unassigned,2.0,2.0,0.0,1.0,0.0,0.0,0.0,0.0,0,0,0,1,1
66188,-1,0,-0.40281785,0.4006355,0,1,unassigned,3.0,3.0,0.0,1.0,0.0,0.0,0.001934236,0.0,0,0,0,0,0
66189,1,0,4.001842,0.9820463,1,0,unassigned,6.0,3.0,3.0,0.5,0.5,0.5,0.007736944,0.003868472,0,0,1,1,1
66190,-1,1,-0.684348,0.3352916,0,1,unassigned,14.0,14.0,0.0,1.0,0.0,0.0,0.023210831,0.0,1,0,0,0,0
66191,-1,0,-0.14318323,0.46426523,0,1,unassigned,12.0,12.0,0.0,1.0,0.0,0.0,0.01934236,0.0,0,0,0,0,0
66192,-1,1,1.0803959,0.7465689,1,1,unassigned,5.0,5.0,0.0,1.0,0.0,0.0,0.0058027077,0.0,1,0,0,1,0
66193,-1,0,0.7728875,0.6841452,1,1,unassigned,4.0,2.0,2.0,0.5,0.5,0.5,0.003868472,0.001934236,0,0,0,1,0
66194,0,0,0.4396189,0.6081682,1,1,unassigned,25.0,23.0,2.0,0.92,0.08,0.07999998,0.044487428,0.003558994,0,0,0,1,0
66195,0,1,-0.21655762,0.4460712,0,0,unassigned,32.0,31.0,1.0,0.96875,0.03125,0.03125,0.058027077,0.0018133462,1,0,1,0,0
66196,-1,1,-0.25630885,0.4362713,0,1,unassigned,10.0,10.0,0.0,1.0,0.0,0.0,0.015473888,0.0,1,0,0,0,0
66197,-1,1,3.4056623,0.96788096,1,1,unassigned,4.0,4.0,0.0,1.0,0.0,0.0,0.003868472,0.0,1,0,0,1,1
66198,-1,1,2.9972844,0.9524513,1,1,unassigned,2.0,2.0,0.0,1.0,0.0,0.0,0.0,0.0,1,0,0,1,1
66199,-1,1,1.6105335,0.8334855,1,1,unassigned,3.0,3.0,0.0,1.0,0.0,0.0,0.001934236,0.0,1,0,0,1,0
66200,-1,0,-0.7144823,0.32860917,0,1,unassigned,2.0,1.0,1.0,0.5,0.5,0.5,0.0,0.0,0,0,0,0,0
66201,-1,0,4.73457,0.99129033,1,1,unassigned,8.0,7.0,1.0,0.875,0.125,0.125,0.0116054155,0.0014506769,0,0,0,1,1
66202,-1,0,1.1016982,0.75057817,1,1,unassigned,3.0,3.0,0.0,1.0,0.0,0.0,0.001934236,0.0,0,0,0,1,0
66203,-1,1,5.8653445,0.99717206,1,1,unassigned,8.0,8.0,0.0,1.0,0.0,0.0,0.0116054155,0.0,1,0,0,1,1
66204,-1,1,13.217129,0.9999982,1,1,unassigned,6.0,4.0,2.0,0.6666667,0.33333334,0.3333333,0.007736944,0.0025789815,1,0,0,1,1
66205,-1,0,6.523763,0.99853396,1,1,unassigned,6.0,6.0,0.0,1.0,0.0,0.0,0.007736944,0.0,0,0,0,1,1
66206,-1,0,0.48052496,0.6178718,1,1,unassigned,5.0,4.0,1.0,0.8,0.2,0.19999999,0.0058027077,0.0011605415,0,0,0,1,0
66207,-1,1,1.6278517,0.83587515,1,1,unassigned,35.0,29.0,6.0,0.82857144,0.17142858,0.17142856,0.06382979,0.01094225,1,0,0,1,0
66208,-1,0,3.675668,0.9752934,1,1,unassigned,4.0,4.0,0.0,1.0,0.0,0.0,0.003868472,0.0,0,0,0,1,1
66209,-1,1,4.006075,0.9821208,1,1,unassigned,6.0,4.0,2.0,0.6666667,0.33333334,0.3333333,0.007736944,0.0025789815,1,0,0,1,1
66210,-1,1,1.4331925,0.80739826,1,1,unassigned,8.0,8.0,0.0,1.0,0.0,0.0,0.0116054155,0.0,1,0,0,1,0
66211,-1,1,-0.11741468,0.47068003,0,1,unassigned,8.0,8.0,0.0,1.0,0.0,0.0,0.0116054155,0.0,1,0,0,0,0
66212,-1,0,-0.97393286,0.2740973,0,1,unassigned,27.0,25.0,2.0,0.9259259,0.074074075,0.07407409,0.0483559,0.0035819185,0,0,0,0,0
66213,-1,1,0.10295415,0.5257158,1,1,unassigned,4.0,4.0,0.0,1.0,0.0,0.0,0.003868472,0.0,1,0,0,1,0
66214,-1,1,-0.5820362,0.35846418,0,1,unassigned,16.0,16.0,0.0,1.0,0.0,0.0,0.027079303,0.0,1,0,0,0,0
66215,-1,1,1.2366443,0.7749794,1,1,unassigned,7.0,7.0,0.0,1.0,0.0,0.0,0.00967118,0.0,1,0,0,1,0
66216,-1,0,1.2748528,0.78157234,1,1,unassigned,2.0,2.0,0.0,1.0,0.0,0.0,0.0,0.0,0,0,0,1,0
66217,-1,1,-0.63396806,0.34661132,0,1,unassigned,16.0,16.0,0.0,1.0,0.0,0.0,0.027079303,0.0,1,0,0,0,0
66218,-1,0,5.8507257,0.99713045,1,1,unassigned,14.0,13.0,1.0,0.9285714,0.071428575,0.0714286,0.023210831,0.0016579166,0,0,0,1,1
66219,1,1,1.9272754,0.8729476,1,0,test,7.0,7.0,0.0,1.0,0.0,0.0,0.00967118,0.0,1,0,1,1,0
66220,-1,0,1.4266989,0.8063864,1,1,unassigned,4.0,3.0,1.0,0.75,0.25,0.25,0.003868472,0.000967118,0,0,0,1,0
66221,-1,0,0.06327051,0.51581234,1,1,unassigned,4.0,4.0,0.0,1.0,0.0,0.0,0.003868472,0.0,0,0,0,1,0
66222,-1,0,2.0488389,0.8858303,1,1,unassigned,2.0,2.0,0.0,1.0,0.0,0.0,0.0,0.0,0,0,0,1,0
66223,0,0,0.8767994,0.7061586,1,1,unassigned,5.0,5.0,0.0,1.0,0.0,0.0,0.0058027077,0.0,0,0,0,1,0
66224,-1,0,0.31092048,0.57710993,1,1,unassigned,4.0,4.0,0.0,1.0,0.0,0.0,0.003868472,0.0,0,0,0,1,0
66225,-1,0,0.08487594,0.52120626,1,1,unassigned,2.0,2.0,0.0,1.0,0.0,0.0,0.0,0.0,0,0,0,1,0
66226,0,0,-0.15543628,0.46121895,0,0,unassigned,12.0,12.0,0.0,1.0,0.0,0.0,0.01934236,0.0,0,0,1,0,0
66227,-1,1,2.6172187,0.93196154,1,1,unassigned,6.0,4.0,2.0,0.6666667,0.33333334,0.3333333,0.007736944,0.0025789815,1,0,0,1,1
66228,-1,0,13.385506,0.99999845,1,1,unassigned,7.0,6.0,1.0,0.85714287,0.14285715,0.14285713,0.00967118,0.0013815971,0,0,0,1,1
66229,-1,1,0.105496764,0.5263498,1,1,unassigned,4.0,4.0,0.0,1.0,0.0,0.0,0.003868472,0.0,1,0,0,1,0
66230,-1,0,-0.7332514,0.32448164,0,1,unassigned,3.0,3.0,0.0,1.0,0.0,0.0,0.001934236,0.0,0,0,0,0,0
66231,-1,0,-0.30537736,0.42424348,0,1,unassigned,2.0,2.0,0.0,1.0,0.0,0.0,0.0,0.0,0,0,0,0,0
66232,-1,0,-0.38748056,0.40432397,0,1,unassigned,2.0,2.0,0.0,1.0,0.0,0.0,0.0,0.0,0,0,0,0,0
66233,-1,0,-0.31922522,0.42086458,0,1,unassigned,27.0,26.0,1.0,0.962963,0.037037037,0.037037015,0.0483559,0.0017909593,0,0,0,0,0
66234,-1,1,5.245153,0.9947547,1,1,unassigned,2.0,2.0,0.0,1.0,0.0,0.0,0.0,0.0,1,0,0,1,1
66235,-1,0,-0.7828474,0.31370652,0,1,unassigned,28.0,27.0,1.0,0.96428573,0.035714287,0.03571427,0.050290134,0.0017960763,0,0,0,0,0
66236,-1,0,-0.45143646,0.38901928,0,1,unassigned,2.0,2.0,0.0,1.0,0.0,0.0,0.0,0.0,0,0,0,0,0
66237,-1,0,-0.6172784,0.3504007,0,1,unassigned,4.0,4.0,0.0,1.0,0.0,0.0,0.003868472,0.0,0,0,0,0,0
66238,-1,0,1.0711441,0.7448144,1,1,unassigned,4.0,4.0,0.0,1.0,0.0,0.0,0.003868472,0.0,0,0,0,1,0
66239,-1,0,3.4454443,0.96909493,1,1,unassigned,2.0,2.0,0.0,1.0,0.0,0.0,0.0,0.0,0,0,0,1,1
66240,-1,0,0.6797567,0.66368437,1,1,unassigned,4.0,3.0,1.0,0.75,0.25,0.25,0.003868472,0.000967118,0,0,0,1,0
66241,-1,0,0.3895303,0.59616965,1,1,unassigned,5.0,5.0,0.0,1.0,0.0,0.0,0.0058027077,0.0,0,0,0,1,0
66242,-1,0,-0.3008828,0.42534173,0,1,unassigned,10.0,10.0,0.0,1.0,0.0,0.0,0.015473888,0.0,0,0,0,0,0
66243,-1,0,-0.25706056,0.43608642,0,1,unassigned,2.0,2.0,0.0,1.0,0.0,0.0,0.0,0.0,0,0,0,0,0
66244,-1,0,6.609324,0.998654,1,1,unassigned,2.0,2.0,0.0,1.0,0.0,0.0,0.0,0.0,0,0,0,1,1
66245,-1,0,1.1237123,0.75467664,1,1,unassigned,3.0,3.0,0.0,1.0,0.0,0.0,0.001934236,0.0,0,0,0,1,0
66246,-1,0,-0.9672748,0.275424,0,1,unassigned,2.0,2.0,0.0,1.0,0.0,0.0,0.0,0.0,0,0,0,0,0
66247,-1,1,3.297454,0.9643414,1,1,unassigned,23.0,23.0,0.0,1.0,0.0,0.0,0.040618956,0.0,1,0,0,1,1
66248,-1,1,-0.8900447,0.29110062,0,1,unassigned,20.0,20.0,0.0,1.0,0.0,0.0,0.034816246,0.0,1,0,0,0,0
66249,-1,1,-0.044383347,0.488906,0,1,unassigned,2.0,2.0,0.0,1.0,0.0,0.0,0.0,0.0,1,0,0,0,0
66250,-1,0,2.9665954,0.951042,1,1,unassigned,2.0,2.0,0.0,1.0,0.0,0.0,0.0,0.0,0,0,0,1,1
66251,-1,0,-0.40856498,0.39925626,0,1,unassigned,11.0,11.0,0.0,1.0,0.0,0.0,0.017408123,0.0,0,0,0,0,0
66252,-1,0,1.9437029,0.87475836,1,1,unassigned,3.0,3.0,0.0,1.0,0.0,0.0,0.001934236,0.0,0,0,0,1,0
66253,0,1,-0.46023065,0.38693112,0,0,val,4.0,4.0,0.0,1.0,0.0,0.0,0.003868472,0.0,1,0,1,0,0
66254,-1,0,1.6399457,0.8375275,1,1,unassigned,5.0,5.0,0.0,1.0,0.0,0.0,0.0058027077,0.0,0,0,0,1,0
66255,-1,0,-0.16980821,0.45764965,0,1,unassigned,12.0,12.0,0.0,1.0,0.0,0.0,0.01934236,0.0,0,0,0,0,0
66256,-1,1,0.36728734,0.5908033,1,1,unassigned,2.0,2.0,0.0,1.0,0.0,0.0,0.0,0.0,1,0,0,1,0
66257,-1,1,2.5096996,0.92481905,1,1,unassigned,7.0,6.0,1.0,0.85714287,0.14285715,0.14285713,0.00967118,0.0013815971,1,0,0,1,1
66258,-1,0,0.5345369,0.63054067,1,1,unassigned,7.0,4.0,3.0,0.5714286,0.42857143,0.4285714,0.00967118,0.0041447915,0,0,0,1,0
66259,-1,0,2.4282043,0.9189529,1,1,unassigned,2.0,2.0,0.0,1.0,0.0,0.0,0.0,0.0,0,0,0,1,1
66260,1,1,6.1079,0.9977798,1,0,val,2.0,2.0,0.0,1.0,0.0,0.0,0.0,0.0,1,0,1,1,1
66261,-1,1,1.3451385,0.7933337,1,1,unassigned,6.0,6.0,0.0,1.0,0.0,0.0,0.007736944,0.0,1,0,0,1,0
66262,-1,1,0.13533753,0.53378284,1,1,unassigned,2.0,2.0,0.0,1.0,0.0,0.0,0.0,0.0,1,0,0,1,0
66263,-1,1,2.2422078,0.90397626,1,1,unassigned,6.0,6.0,0.0,1.0,0.0,0.0,0.007736944,0.0,1,0,0,1,1
66264,1,1,-0.23950529,0.4404083,0,1,train,24.0,24.0,0.0,1.0,0.0,0.0,0.04255319,0.0,1,0,0,0,0
66265,1,0,0.84136325,0.6987522,1,0,unassigned,44.0,1.0,43.0,0.022727273,0.97727275,0.97727275,0.08123791,0.0793916,0,0,1,1,0
66266,0,1,-0.47667667,0.38303718,0,0,train,11.0,11.0,0.0,1.0,0.0,0.0,0.017408123,0.0,1,0,1,0,0
66267,-1,1,-0.2272492,0.44343093,0,1,unassigned,11.0,11.0,0.0,1.0,0.0,0.0,0.017408123,0.0,1,0,0,0,0
66268,-1,1,-0.5064372,0.37602913,0,1,unassigned,27.0,24.0,3.0,0.8888889,0.11111111,0.111111104,0.0483559,0.0053728777,1,0,0,0,0
66269,-1,1,-0.1559459,0.46109235,0,1,unassigned,9.0,9.0,0.0,1.0,0.0,0.0,0.013539651,0.0,1,0,0,0,0
66270,1,0,-0.056503832,0.48587778,0,1,unassigned,5.0,5.0,0.0,1.0,0.0,0.0,0.0058027077,0.0,0,0,0,0,0
66271,-1,0,1.5186245,0.8203358,1,1,unassigned,5.0,4.0,1.0,0.8,0.2,0.19999999,0.0058027077,0.0011605415,0,0,0,1,0
66272,-1,0,4.911382,0.9926916,1,1,unassigned,5.0,3.0,2.0,0.6,0.4,0.39999998,0.0058027077,0.002321083,0,0,0,1,1
66273,-1,0,2.74625,0.93970114,1,1,unassigned,2.0,2.0,0.0,1.0,0.0,0.0,0.0,0.0,0,0,0,1,1
66274,-1,1,0.70655423,0.66963935,1,1,unassigned,6.0,4.0,2.0,0.6666667,0.33333334,0.3333333,0.007736944,0.0025789815,1,0,0,1,0
66275,-1,1,0.19756442,0.54923105,1,1,unassigned,15.0,15.0,0.0,1.0,0.0,0.0,0.025145067,0.0,1,0,0,1,0
66276,-1,0,-0.40607044,0.39985472,0,1,unassigned,6.0,6.0,0.0,1.0,0.0,0.0,0.007736944,0.0,0,0,0,0,0
66277,-1,0,-2.0954998,0.109534994,0,1,unassigned,2.0,2.0,0.0,1.0,0.0,0.0,0.0,0.0,0,0,0,0,0
66278,-1,0,2.4587622,0.92119986,1,1,unassigned,4.0,4.0,0.0,1.0,0.0,0.0,0.003868472,0.0,0,0,0,1,1
66279,-1,0,11.148831,0.9999856,1,1,unassigned,2.0,2.0,0.0,1.0,0.0,0.0,0.0,0.0,0,0,0,1,1
66280,-1,0,-0.38012084,0.40609777,0,1,unassigned,13.0,13.0,0.0,1.0,0.0,0.0,0.021276595,0.0,0,0,0,0,0
66281,-1,0,4.749456,0.9914179,1,1,unassigned,6.0,6.0,0.0,1.0,0.0,0.0,0.007736944,0.0,0,0,0,1,1
66282,-1,1,2.7587545,0.94040585,1,1,unassigned,16.0,12.0,4.0,0.75,0.25,0.25,0.027079303,0.0067698257,1,0,0,1,1
66283,-1,0,0.32284564,0.5800176,1,1,unassigned,2.0,2.0,0.0,1.0,0.0,0.0,0.0,0.0,0,0,0,1,0
66284,-1,1,0.90828735,0.7126496,1,1,unassigned,18.0,17.0,1.0,0.9444444,0.055555556,0.055555582,0.030947777,0.0017193209,1,0,0,1,0
66285,-1,0,0.5862382,0.64250153,1,1,unassigned,3.0,3.0,0.0,1.0,0.0,0.0,0.001934236,0.0,0,0,0,1,0
66286,-1,0,0.04619211,0.51154596,1,1,unassigned,7.0,7.0,0.0,1.0,0.0,0.0,0.00967118,0.0,0,0,0,1,0
66287,-1,0,-0.85567176,0.29824442,0,1,unassigned,2.0,2.0,0.0,1.0,0.0,0.0,0.0,0.0,0,0,0,0,0
66288,-1,1,7.8936143,0.999627,1,1,unassigned,8.0,5.0,3.0,0.625,0.375,0.375,0.0116054155,0.004352031,1,0,0,1,1
66289,-1,0,2.7296937,0.93875617,1,1,unassigned,6.0,4.0,2.0,0.6666667,0.33333334,0.3333333,0.007736944,0.0025789815,0,0,0,1,1
66290,0,1,1.1583166,0.76102674,1,1,unassigned,17.0,15.0,2.0,0.88235295,0.11764706,0.11764705,0.029013539,0.0034133575,1,0,0,1,0
66291,-1,0,-0.2365421,0.44113865,0,1,unassigned,8.0,8.0,0.0,1.0,0.0,0.0,0.0116054155,0.0,0,0,0,0,0
66292,-1,1,-0.33351433,0.4173858,0,1,unassigned,11.0,11.0,0.0,1.0,0.0,0.0,0.017408123,0.0,1,0,0,0,0
66293,-1,1,2.007704,0.8816036,1,1,unassigned,14.0,13.0,1.0,0.9285714,0.071428575,0.0714286,0.023210831,0.0016579166,1,0,0,1,0
66294,1,0,0.012544274,0.50313604,1,0,val,29.0,28.0,1.0,0.9655172,0.03448276,0.034482777,0.05222437,0.0018008404,0,0,1,1,0
66295,-1,0,5.5459275,0.9961119,1,1,unassigned,2.0,2.0,0.0,1.0,0.0,0.0,0.0,0.0,0,0,0,1,1
66296,1,1,-0.1289295,0.46781218,0,1,unassigned,10.0,10.0,0.0,1.0,0.0,0.0,0.015473888,0.0,1,0,0,0,0
66297,-1,1,-0.17472926,0.4564285,0,1,unassigned,13.0,13.0,0.0,1.0,0.0,0.0,0.021276595,0.0,1,0,0,0,0
66298,-1,0,7.468467,0.9994295,1,1,unassigned,3.0,3.0,0.0,1.0,0.0,0.0,0.001934236,0.0,0,0,0,1,1
66299,-1,1,-0.24381906,0.4393454,0,1,unassigned,27.0,27.0,0.0,1.0,0.0,0.0,0.0483559,0.0,1,0,0,0,0
66300,1,1,3.8110726,0.9783545,1,0,test,7.0,6.0,1.0,0.85714287,0.14285715,0.14285713,0.00967118,0.0013815971,1,0,1,1,1
66301,-1,0,7.6901,0.99954295,1,1,unassigned,10.0,10.0,0.0,1.0,0.0,0.0,0.015473888,0.0,0,0,0,1,1
66302,-1,0,4.0139165,0.982258,1,1,unassigned,7.0,7.0,0.0,1.0,0.0,0.0,0.00967118,0.0,0,0,0,1,1
66303,0,0,-0.058125257,0.48547277,0,0,train,4.0,3.0,1.0,0.75,0.25,0.25,0.003868472,0.000967118,0,0,1,0,0
66304,-1,0,4.984572,0.99320376,1,1,unassigned,4.0,4.0,0.0,1.0,0.0,0.0,0.003868472,0.0,0,0,0,1,1
66305,-1,0,5.260639,0.9948348,1,1,unassigned,4.0,3.0,1.0,0.75,0.25,0.25,0.003868472,0.000967118,0,0,0,1,1
66306,-1,0,0.06419742,0.51604384,1,1,unassigned,3.0,3.0,0.0,1.0,0.0,0.0,0.001934236,0.0,0,0,0,1,0
66307,-1,0,-0.09790975,0.47554207,0,1,unassigned,3.0,3.0,0.0,1.0,0.0,0.0,0.001934236,0.0,0,0,0,0,0
66308,-1,1,5.3941503,0.9954775,1,1,unassigned,9.0,7.0,2.0,0.7777778,0.22222222,0.22222221,0.013539651,0.0030088115,1,0,0,1,1
66309,-1,1,0.7951756,0.68894154,1,1,unassigned,14.0,13.0,1.0,0.9285714,0.071428575,0.0714286,0.023210831,0.0016579166,1,0,0,1,0
66310,-1,1,1.0257947,0.7360998,1,1,unassigned,11.0,11.0,0.0,1.0,0.0,0.0,0.017408123,0.0,1,0,0,1,0
66311,-1,1,2.6775973,0.9356917,1,1,unassigned,11.0,10.0,1.0,0.90909094,0.09090909,0.090909064,0.017408123,0.0015825568,1,0,0,1,1
66312,-1,1,0.81798345,0.69380814,1,1,unassigned,25.0,25.0,0.0,1.0,0.0,0.0,0.044487428,0.0,1,0,0,1,0
66313,-1,0,0.6928144,0.6665927,1,1,unassigned,3.0,3.0,0.0,1.0,0.0,0.0,0.001934236,0.0,0,0,0,1,0
66314,-1,1,1.2312193,0.77403194,1,1,unassigned,2.0,1.0,1.0,0.5,0.5,0.5,0.0,0.0,1,0,0,1,0
66315,-1,0,0.68215615,0.66421974,1,1,unassigned,7.0,7.0,0.0,1.0,0.0,0.0,0.00967118,0.0,0,0,0,1,0
66316,-1,0,4.2523627,0.98596907,1,1,unassigned,2.0,2.0,0.0,1.0,0.0,0.0,0.0,0.0,0,0,0,1,1
66317,-1,0,-0.29381686,0.4270697,0,1,unassigned,56.0,56.0,0.0,1.0,0.0,0.0,0.10444874,0.0,0,0,0,0,0
66318,-1,1,0.6522282,0.6575124,1,1,unassigned,3.0,3.0,0.0,1.0,0.0,0.0,0.001934236,0.0,1,0,0,1,0
66319,1,1,2.172619,0.8977636,1,0,test,3.0,2.0,1.0,0.6666667,0.33333334,0.3333333,0.001934236,0.00064474536,1,0,1,1,0
66320,-1,0,3.6626937,0.97497886,1,1,unassigned,7.0,5.0,2.0,0.71428573,0.2857143,0.28571427,0.00967118,0.0027631943,0,0,0,1,1
66321,-1,0,1.9136965,0.87143385,1,1,unassigned,11.0,10.0,1.0,0.90909094,0.09090909,0.090909064,0.017408123,0.0015825568,0,0,0,1,0
66322,-1,1,-0.54442304,0.36715925,0,1,unassigned,4.0,4.0,0.0,1.0,0.0,0.0,0.003868472,0.0,1,0,0,0,0
66323,-1,1,6.314923,0.99819416,1,1,unassigned,6.0,5.0,1.0,0.8333333,0.16666667,0.16666669,0.007736944,0.0012894907,1,0,0,1,1
66324,-1,1,-0.7659044,0.3173657,0,1,unassigned,4.0,4.0,0.0,1.0,0.0,0.0,0.003868472,0.0,1,0,0,0,0
66325,-1,1,4.354214,0.9873105,1,1,unassigned,5.0,5.0,0.0,1.0,0.0,0.0,0.0058027077,0.0,1,0,0,1,1
66326,-1,1,2.4407022,0.91987884,1,1,unassigned,6.0,6.0,0.0,1.0,0.0,0.0,0.007736944,0.0,1,0,0,1,1
66327,-1,0,-0.099315554,0.47519144,0,1,unassigned,8.0,8.0,0.0,1.0,0.0,0.0,0.0116054155,0.0,0,0,0,0,0
66328,-1,0,1.7072761,0.8464827,1,1,unassigned,4.0,4.0,0.0,1.0,0.0,0.0,0.003868472,0.0,0,0,0,1,0
66329,-1,1,2.424394,0.9186687,1,1,unassigned,7.0,7.0,0.0,1.0,0.0,0.0,0.00967118,0.0,1,0,0,1,1
66330,-1,0,-0.29387176,0.42705625,0,1,unassigned,19.0,19.0,0.0,1.0,0.0,0.0,0.032882012,0.0,0,0,0,0,0
66331,-1,1,3.104328,0.95707095,1,1,unassigned,6.0,5.0,1.0,0.8333333,0.16666667,0.16666669,0.007736944,0.0012894907,1,0,0,1,1
66332,-1,0,4.897821,0.9925924,1,1,unassigned,6.0,4.0,2.0,0.6666667,0.33333334,0.3333333,0.007736944,0.0025789815,0,0,0,1,1
66333,-1,0,5.588051,0.9962716,1,1,unassigned,5.0,5.0,0.0,1.0,0.0,0.0,0.0058027077,0.0,0,0,0,1,1
66334,-1,1,5.7844777,0.99693453,1,1,unassigned,9.0,9.0,0.0,1.0,0.0,0.0,0.013539651,0.0,1,0,0,1,1
66335,-1,1,6.195408,0.99796546,1,1,unassigned,47.0,40.0,7.0,0.85106385,0.14893617,0.14893615,0.08704062,0.012963496,1,0,0,1,1
66336,-1,1,-0.058590055,0.4853567,0,1,unassigned,2.0,2.0,0.0,1.0,0.0,0.0,0.0,0.0,1,0,0,0,0
66337,-1,0,0.36728734,0.5908033,1,1,unassigned,2.0,1.0,1.0,0.5,0.5,0.5,0.0,0.0,0,0,0,1,0
66338,-1,1,2.6039531,0.93111557,1,1,unassigned,38.0,33.0,5.0,0.8684211,0.13157895,0.13157892,0.06963249,0.009162171,1,0,0,1,1
66339,-1,0,0.6593936,0.65912414,1,1,unassigned,19.0,18.0,1.0,0.94736844,0.05263158,0.052631557,0.032882012,0.0017306323,0,0,0,1,0
66340,-1,0,2.4808166,0.922786,1,1,unassigned,2.0,1.0,1.0,0.5,0.5,0.5,0.0,0.0,0,0,0,1,1
66341,-1,0,14.534651,0.9999995,1,1,unassigned,2.0,2.0,0.0,1.0,0.0,0.0,0.0,0.0,0,0,0,1,1
66342,-1,1,2.8268237,0.9441082,1,1,unassigned,9.0,9.0,0.0,1.0,0.0,0.0,0.013539651,0.0,1,0,0,1,1
66343,1,0,-0.068410814,0.482904,0,1,unassigned,16.0,16.0,0.0,1.0,0.0,0.0,0.027079303,0.0,0,0,0,0,0
66344,-1,1,5.133546,0.99413896,1,1,unassigned,17.0,17.0,0.0,1.0,0.0,0.0,0.029013539,0.0,1,0,0,1,1
66345,-1,1,1.45805,0.81123424,1,1,unassigned,10.0,8.0,2.0,0.8,0.2,0.19999999,0.015473888,0.0030947777,1,0,0,1,0
66346,-1,1,0.08325428,0.52080154,1,1,unassigned,4.0,4.0,0.0,1.0,0.0,0.0,0.003868472,0.0,1,0,0,1,0
66347,-1,1,0.34114176,0.5844678,1,1,unassigned,2.0,1.0,1.0,0.5,0.5,0.5,0.0,0.0,1,0,0,1,0
66348,-1,0,-0.6114757,0.35172266,0,1,unassigned,3.0,1.0,2.0,0.33333334,0.6666667,0.6666666,0.001934236,0.0012894907,0,0,0,0,0
66349,-1,1,-0.22736079,0.4434034,0,1,unassigned,49.0,48.0,1.0,0.97959185,0.020408163,0.020408154,0.09090909,0.0018552876,1,0,0,0,0
66350,-1,1,1.6343455,0.83676404,1,1,unassigned,3.0,3.0,0.0,1.0,0.0,0.0,0.001934236,0.0,1,0,0,1,0
66351,-1,1,-0.26489207,0.4341615,0,1,unassigned,23.0,22.0,1.0,0.95652175,0.04347826,0.04347825,0.040618956,0.0017660416,1,0,0,0,0
66352,1,1,4.9188294,0.99274534,1,0,val,17.0,14.0,3.0,0.8235294,0.1764706,0.17647058,0.029013539,0.005120036,1,0,1,1,1
66353,-1,1,-0.5892265,0.35681236,0,1,unassigned,9.0,9.0,0.0,1.0,0.0,0.0,0.013539651,0.0,1,0,0,0,0
66354,0,1,-0.26717517,0.43360072,0,0,unassigned,8.0,8.0,0.0,1.0,0.0,0.0,0.0116054155,0.0,1,0,1,0,0
66355,-1,1,-0.58693683,0.35733798,0,1,unassigned,4.0,3.0,1.0,0.75,0.25,0.25,0.003868472,0.000967118,1,0,0,0,0
66356,-1,1,-0.7562423,0.31946266,0,1,unassigned,55.0,54.0,1.0,0.9818182,0.018181818,0.0181818,0.102514505,0.0018639,1,0,0,0,0
66357,-1,1,-0.48480493,0.38111815,0,1,unassigned,63.0,57.0,6.0,0.9047619,0.0952381,0.09523809,0.11798839,0.01123699,1,0,0,0,0
66358,-1,1,0.961932,0.7235085,1,1,unassigned,3.0,2.0,1.0,0.6666667,0.33333334,0.3333333,0.001934236,0.00064474536,1,0,0,1,0
66359,0,1,-0.34297854,0.41508612,0,0,val,11.0,11.0,0.0,1.0,0.0,0.0,0.017408123,0.0,1,0,1,0,0
66360,1,0,0.30379087,0.57536894,1,0,unassigned,4.0,4.0,0.0,1.0,0.0,0.0,0.003868472,0.0,0,0,1,1,0
66361,-1,1,-0.275007,0.43167832,0,1,unassigned,2.0,2.0,0.0,1.0,0.0,0.0,0.0,0.0,1,0,0,0,0
66362,-1,0,-0.46429297,0.3859679,0,1,unassigned,31.0,31.0,0.0,1.0,0.0,0.0,0.056092843,0.0,0,0,0,0,0
66363,-1,1,9.260277,0.9999049,1,1,unassigned,6.0,6.0,0.0,1.0,0.0,0.0,0.007736944,0.0,1,0,0,1,1
66364,-1,1,5.660008,0.99652964,1,1,unassigned,2.0,2.0,0.0,1.0,0.0,0.0,0.0,0.0,1,0,0,1,1
66365,-1,1,-0.30063763,0.4254016,0,1,unassigned,3.0,3.0,0.0,1.0,0.0,0.0,0.001934236,0.0,1,0,0,0,0
66366,-1,0,-0.23266992,0.44209352,0,1,unassigned,4.0,4.0,0.0,1.0,0.0,0.0,0.003868472,0.0,0,0,0,0,0
66367,-1,1,3.4747522,0.9699608,1,1,unassigned,4.0,4.0,0.0,1.0,0.0,0.0,0.003868472,0.0,1,0,0,1,1
66368,-1,0,12.975756,0.99999774,1,1,unassigned,3.0,1.0,2.0,0.33333334,0.6666667,0.6666666,0.001934236,0.0012894907,0,0,0,1,1
66369,0,1,-0.16951066,0.45772356,0,0,val,56.0,56.0,0.0,1.0,0.0,0.0,0.10444874,0.0,1,0,1,0,0
66370,-1,0,4.7717,0.99160504,1,1,unassigned,2.0,2.0,0.0,1.0,0.0,0.0,0.0,0.0,0,0,0,1,1
66371,-1,1,2.8025067,0.9428111,1,1,unassigned,12.0,12.0,0.0,1.0,0.0,0.0,0.01934236,0.0,1,0,0,1,1
66372,-1,1,0.6460195,0.6561129,1,1,unassigned,2.0,2.0,0.0,1.0,0.0,0.0,0.0,0.0,1,0,0,1,0
66373,-1,1,0.82945377,0.6962394,1,1,unassigned,11.0,9.0,2.0,0.8181818,0.18181819,0.18181819,0.017408123,0.0031651135,1,0,0,1,0
66374,-1,1,-0.37844253,0.4065026,0,1,unassigned,50.0,43.0,7.0,0.86,0.14,0.13999999,0.092843324,0.012998065,1,0,0,0,0
66375,-1,0,0.13549322,0.5338216,1,1,unassigned,2.0,2.0,0.0,1.0,0.0,0.0,0.0,0.0,0,0,0,1,0
66376,-1,0,1.6275976,0.8358402,1,1,unassigned,3.0,3.0,0.0,1.0,0.0,0.0,0.001934236,0.0,0,0,0,1,0
66377,-1,1,2.4440193,0.92012304,1,1,unassigned,2.0,1.0,1.0,0.5,0.5,0.5,0.0,0.0,1,0,0,1,1
66378,-1,0,-0.4646032,0.3858944,0,1,unassigned,14.0,14.0,0.0,1.0,0.0,0.0,0.023210831,0.0,0,0,0,0,0
66379,-1,1,-0.27111775,0.4326327,0,1,unassigned,17.0,14.0,3.0,0.8235294,0.1764706,0.17647058,0.029013539,0.005120036,1,0,0,0,0
66380,-1,1,2.6267924,0.93256617,1,1,unassigned,5.0,4.0,1.0,0.8,0.2,0.19999999,0.0058027077,0.0011605415,1,0,0,1,1
66381,1,1,2.630335,0.9327886,1,0,train,7.0,7.0,0.0,1.0,0.0,0.0,0.00967118,0.0,1,0,1,1,1
66382,-1,0,-0.14028531,0.46498606,0,1,unassigned,4.0,4.0,0.0,1.0,0.0,0.0,0.003868472,0.0,0,0,0,0,0
66383,-1,1,-0.8297829,0.30369097,0,1,unassigned,24.0,23.0,1.0,0.9583333,0.041666668,0.041666687,0.04255319,0.0017730496,1,0,0,0,0
66384,-1,1,6.0736747,0.99770266,1,1,unassigned,3.0,2.0,1.0,0.6666667,0.33333334,0.3333333,0.001934236,0.00064474536,1,0,0,1,1
66385,-1,0,-0.007302642,0.4981743,0,1,unassigned,2.0,2.0,0.0,1.0,0.0,0.0,0.0,0.0,0,0,0,0,0
66386,1,1,-0.60713583,0.35271284,0,1,val,45.0,45.0,0.0,1.0,0.0,0.0,0.08317215,0.0,1,0,0,0,0
66387,-1,1,-0.51707375,0.37353674,0,1,unassigned,41.0,40.0,1.0,0.9756098,0.024390243,0.02439022,0.07543521,0.001839883,1,0,0,0,0
66388,-1,0,-0.22098693,0.44497702,0,1,unassigned,12.0,12.0,0.0,1.0,0.0,0.0,0.01934236,0.0,0,0,0,0,0
66389,-1,1,-0.033740222,0.4915657,0,1,unassigned,22.0,22.0,0.0,1.0,0.0,0.0,0.03868472,0.0,1,0,0,0,0
66390,0,0,-0.2094636,0.44782472,0,0,unassigned,19.0,19.0,0.0,1.0,0.0,0.0,0.032882012,0.0,0,0,1,0,0
66391,-1,1,3.3045628,0.964585,1,1,unassigned,55.0,52.0,3.0,0.94545454,0.054545455,0.054545462,0.102514505,0.0055917003,1,0,0,1,1
66392,-1,0,-0.251552,0.43744153,0,1,unassigned,20.0,20.0,0.0,1.0,0.0,0.0,0.034816246,0.0,0,0,0,0,0
66393,-1,1,-0.5877369,0.35715428,0,1,unassigned,8.0,7.0,1.0,0.875,0.125,0.125,0.0116054155,0.0014506769,1,0,0,0,0
66394,-1,0,-0.1415419,0.46467352,0,1,unassigned,11.0,9.0,2.0,0.8181818,0.18181819,0.18181819,0.017408123,0.0031651135,0,0,0,0,0
66395,-1,0,-0.7289218,0.3254314,0,1,unassigned,2.0,2.0,0.0,1.0,0.0,0.0,0.0,0.0,0,0,0,0,0
66396,-1,0,2.6286352,0.93268186,1,1,unassigned,3.0,3.0,0.0,1.0,0.0,0.0,0.001934236,0.0,0,0,0,1,1
66397,-1,0,-0.05371046,0.4865756,0,1,unassigned,2.0,2.0,0.0,1.0,0.0,0.0,0.0,0.0,0,0,0,0,0
66398,-1,0,0.4561836,0.6121084,1,1,unassigned,10.0,10.0,0.0,1.0,0.0,0.0,0.015473888,0.0,0,0,0,1,0
66399,-1,1,-0.013320625,0.49666992,0,1,unassigned,9.0,9.0,0.0,1.0,0.0,0.0,0.013539651,0.0,1,0,0,0,0
66400,-1,0,2.6292527,0.93272066,1,1,unassigned,4.0,4.0,0.0,1.0,0.0,0.0,0.003868472,0.0,0,0,0,1,1
66401,-1,1,-0.5155398,0.37389576,0,1,unassigned,14.0,13.0,1.0,0.9285714,0.071428575,0.0714286,0.023210831,0.0016579166,1,0,0,0,0
66402,-1,0,-0.06530857,0.4836787,0,1,unassigned,21.0,21.0,0.0,1.0,0.0,0.0,0.036750484,0.0,0,0,0,0,0
66403,-1,0,2.4280338,0.9189402,1,1,unassigned,19.0,19.0,0.0,1.0,0.0,0.0,0.032882012,0.0,0,0,0,1,1
66404,-1,0,6.346725,0.99825054,1,1,unassigned,4.0,4.0,0.0,1.0,0.0,0.0,0.003868472,0.0,0,0,0,1,1
66405,-1,0,0.59411997,0.6443099,1,1,unassigned,4.0,4.0,0.0,1.0,0.0,0.0,0.003868472,0.0,0,0,0,1,0
66406,-1,0,5.9811215,0.99748033,1,1,unassigned,21.0,17.0,4.0,0.8095238,0.1904762,0.19047618,0.036750484,0.0070000924,0,0,0,1,1
66407,-1,1,-0.38549465,0.40480235,0,1,unassigned,13.0,13.0,0.0,1.0,0.0,0.0,0.021276595,0.0,1,0,0,0,0
66408,-1,1,0.013485849,0.5033714,1,1,unassigned,4.0,4.0,0.0,1.0,0.0,0.0,0.003868472,0.0,1,0,0,1,0
66409,1,0,0.168446,0.5420122,1,0,test,9.0,8.0,1.0,0.8888889,0.11111111,0.111111104,0.013539651,0.0015044058,0,0,1,1,0
66410,-1,0,2.7615314,0.94056135,1,1,unassigned,7.0,6.0,1.0,0.85714287,0.14285715,0.14285713,0.00967118,0.0013815971,0,0,0,1,1
66411,-1,0,0.4705065,0.6155036,1,1,unassigned,27.0,26.0,1.0,0.962963,0.037037037,0.037037015,0.0483559,0.0017909593,0,0,0,1,0
66412,-1,1,-0.050412655,0.48739952,0,1,unassigned,5.0,5.0,0.0,1.0,0.0,0.0,0.0058027077,0.0,1,0,0,0,0
66413,-1,0,-0.5723763,0.36068872,0,1,unassigned,11.0,10.0,1.0,0.90909094,0.09090909,0.090909064,0.017408123,0.0015825568,0,0,0,0,0
66414,-1,0,-0.84604657,0.30026284,0,1,unassigned,6.0,4.0,2.0,0.6666667,0.33333334,0.3333333,0.007736944,0.0025789815,0,0,0,0,0
66415,-1,1,5.944778,0.99738735,1,1,unassigned,2.0,2.0,0.0,1.0,0.0,0.0,0.0,0.0,1,0,0,1,1
66416,-1,1,2.954753,0.9504877,1,1,unassigned,2.0,2.0,0.0,1.0,0.0,0.0,0.0,0.0,1,0,0,1,1
66417,-1,0,0.27087218,0.567307,1,1,unassigned,5.0,5.0,0.0,1.0,0.0,0.0,0.0058027077,0.0,0,0,0,1,0
66418,-1,1,-0.534743,0.36941135,0,1,unassigned,2.0,1.0,1.0,0.5,0.5,0.5,0.0,0.0,1,0,0,0,0
66419,-1,1,-0.5986679,0.35464853,0,1,unassigned,2.0,2.0,0.0,1.0,0.0,0.0,0.0,0.0,1,0,0,0,0
66420,1,1,2.1757824,0.8980536,1,0,test,16.0,16.0,0.0,1.0,0.0,0.0,0.027079303,0.0,1,0,1,1,0
66421,-1,0,2.2017357,0.9004053,1,1,unassigned,2.0,1.0,1.0,0.5,0.5,0.5,0.0,0.0,0,0,0,1,1
66422,0,0,0.08648127,0.52160686,1,1,unassigned,30.0,30.0,0.0,1.0,0.0,0.0,0.054158606,0.0,0,0,0,1,0
66423,-1,1,-0.49275988,0.3792436,0,1,unassigned,81.0,78.0,3.0,0.962963,0.037037037,0.037037015,0.15280464,0.005659431,1,0,0,0,0
66424,1,0,12.015145,0.9999939,1,0,unassigned,3.0,3.0,0.0,1.0,0.0,0.0,0.001934236,0.0,0,0,1,1,1
66425,-1,0,0.99871284,0.73080546,1,1,unassigned,14.0,11.0,3.0,0.78571427,0.21428572,0.21428573,0.023210831,0.0049737496,0,0,0,1,0
66426,-1,1,2.239086,0.903705,1,1,unassigned,4.0,4.0,0.0,1.0,0.0,0.0,0.003868472,0.0,1,0,0,1,1
66427,-1,1,5.175823,0.9943802,1,1,unassigned,2.0,1.0,1.0,0.5,0.5,0.5,0.0,0.0,1,0,0,1,1
66428,-1,0,0.9055746,0.7120937,1,1,unassigned,19.0,16.0,3.0,0.84210527,0.15789473,0.15789473,0.032882012,0.0051918966,0,0,0,1,0
66429,-1,1,6.307647,0.998181,1,1,unassigned,4.0,4.0,0.0,1.0,0.0,0.0,0.003868472,0.0,1,0,0,1,1
66430,-1,1,7.290148,0.99931824,1,1,unassigned,14.0,9.0,5.0,0.64285713,0.35714287,0.35714287,0.023210831,0.008289583,1,0,0,1,1
66431,-1,1,3.2595723,0.96301556,1,1,unassigned,19.0,18.0,1.0,0.94736844,0.05263158,0.052631557,0.032882012,0.0017306323,1,0,0,1,1
66432,-1,1,0.15172178,0.53785783,1,1,unassigned,18.0,17.0,1.0,0.9444444,0.055555556,0.055555582,0.030947777,0.0017193209,1,0,0,1,0
66433,-1,1,1.4298909,0.8068843,1,1,unassigned,12.0,12.0,0.0,1.0,0.0,0.0,0.01934236,0.0,1,0,0,1,0
66434,-1,0,-0.41370007,0.39802524,0,1,unassigned,14.0,12.0,2.0,0.85714287,0.14285715,0.14285713,0.023210831,0.0033158332,0,0,0,0,0
66435,-1,1,0.22588986,0.5562335,1,1,unassigned,34.0,34.0,0.0,1.0,0.0,0.0,0.061895553,0.0,1,0,0,1,0
66436,-1,0,1.3662109,0.7967673,1,1,unassigned,10.0,9.0,1.0,0.9,0.1,0.100000024,0.015473888,0.0015473888,0,0,0,1,0
66437,-1,1,1.5630982,0.8267975,1,1,unassigned,20.0,20.0,0.0,1.0,0.0,0.0,0.034816246,0.0,1,0,0,1,0
66438,1,0,0.7411552,0.6772484,1,0,val,4.0,4.0,0.0,1.0,0.0,0.0,0.003868472,0.0,0,0,1,1,0
66439,1,0,2.7987788,0.9426098,1,0,test,6.0,4.0,2.0,0.6666667,0.33333334,0.3333333,0.007736944,0.0025789815,0,0,1,1,1
66440,-1,0,1.0994136,0.7501502,1,1,unassigned,3.0,3.0,0.0,1.0,0.0,0.0,0.001934236,0.0,0,0,0,1,0
66441,-1,1,5.839433,0.99709797,1,1,unassigned,27.0,27.0,0.0,1.0,0.0,0.0,0.0483559,0.0,1,0,0,1,1
66442,-1,0,-0.7660606,0.3173319,0,1,unassigned,2.0,2.0,0.0,1.0,0.0,0.0,0.0,0.0,0,0,0,0,0
66443,-1,1,-0.55921626,0.36372882,0,1,unassigned,16.0,16.0,0.0,1.0,0.0,0.0,0.027079303,0.0,1,0,0,0,0
66444,1,0,0.109176815,0.5272671,1,0,val,16.0,16.0,0.0,1.0,0.0,0.0,0.027079303,0.0,0,0,1,1,0
66445,-1,1,-0.025202751,0.49369967,0,1,unassigned,9.0,8.0,1.0,0.8888889,0.11111111,0.111111104,0.013539651,0.0015044058,1,0,0,0,0
66446,-1,0,6.2794347,0.99812907,1,1,unassigned,3.0,3.0,0.0,1.0,0.0,0.0,0.001934236,0.0,0,0,0,1,1
66447,-1,1,0.20007014,0.54985136,1,1,unassigned,5.0,5.0,0.0,1.0,0.0,0.0,0.0058027077,0.0,1,0,0,1,0
66448,-1,0,-0.9160452,0.2857644,0,1,unassigned,2.0,2.0,0.0,1.0,0.0,0.0,0.0,0.0,0,0,0,0,0
66449,-1,0,10.401566,0.9999696,1,1,unassigned,3.0,3.0,0.0,1.0,0.0,0.0,0.001934236,0.0,0,0,0,1,1
66450,-1,0,-0.870335,0.2951846,0,1,unassigned,16.0,16.0,0.0,1.0,0.0,0.0,0.027079303,0.0,0,0,0,0,0
66451,-1,0,4.455235,0.98851585,1,1,unassigned,5.0,4.0,1.0,0.8,0.2,0.19999999,0.0058027077,0.0011605415,0,0,0,1,1
66452,-1,0,0.6396794,0.65468097,1,1,unassigned,3.0,3.0,0.0,1.0,0.0,0.0,0.001934236,0.0,0,0,0,1,0
66453,-1,0,1.016933,0.7343747,1,1,unassigned,35.0,35.0,0.0,1.0,0.0,0.0,0.06382979,0.0,0,0,0,1,0
66454,-1,1,1.4199815,0.80533546,1,1,unassigned,32.0,29.0,3.0,0.90625,0.09375,0.09375,0.058027077,0.0054400386,1,0,0,1,0
66455,-1,1,0.14565414,0.5363493,1,1,unassigned,3.0,3.0,0.0,1.0,0.0,0.0,0.001934236,0.0,1,0,0,1,0
66456,-1,1,0.12558562,0.5313552,1,1,unassigned,2.0,2.0,0.0,1.0,0.0,0.0,0.0,0.0,1,0,0,1,0
66457,-1,1,-0.82230365,0.30527487,0,1,unassigned,8.0,8.0,0.0,1.0,0.0,0.0,0.0116054155,0.0,1,0,0,0,0
66458,1,1,1.3440452,0.79315436,1,0,unassigned,7.0,7.0,0.0,1.0,0.0,0.0,0.00967118,0.0,1,0,1,1,0
66459,1,0,-0.49715993,0.37820834,0,1,val,3.0,3.0,0.0,1.0,0.0,0.0,0.001934236,0.0,0,0,0,0,0
66460,0,0,-0.59355515,0.35581955,0,0,test,46.0,45.0,1.0,0.9782609,0.02173913,0.021739125,0.08510638,0.0018501388,0,0,1,0,0
66461,-1,0,-0.4109976,0.39867294,0,1,unassigned,3.0,3.0,0.0,1.0,0.0,0.0,0.001934236,0.0,0,0,0,0,0
66462,-1,1,2.745289,0.9396467,1,1,unassigned,9.0,9.0,0.0,1.0,0.0,0.0,0.013539651,0.0,1,0,0,1,1
66463,-1,0,-0.69218594,0.333547,0,1,unassigned,6.0,5.0,1.0,0.8333333,0.16666667,0.16666669,0.007736944,0.0012894907,0,0,0,0,0
66464,-1,0,5.0818634,0.99383,1,1,unassigned,7.0,7.0,0.0,1.0,0.0,0.0,0.00967118,0.0,0,0,0,1,1
66465,0,1,-0.01281935,0.49679524,0,0,val,21.0,21.0,0.0,1.0,0.0,0.0,0.036750484,0.0,1,0,1,0,0
66466,-1,0,1.1503985,0.75958365,1,1,unassigned,7.0,5.0,2.0,0.71428573,0.2857143,0.28571427,0.00967118,0.0027631943,0,0,0,1,0
66467,-1,0,3.7120163,0.97615427,1,1,unassigned,5.0,4.0,1.0,0.8,0.2,0.19999999,0.0058027077,0.0011605415,0,0,0,1,1
66468,-1,1,0.16726571,0.5417192,1,1,unassigned,6.0,6.0,0.0,1.0,0.0,0.0,0.007736944,0.0,1,0,0,1,0
66469,0,0,0.68069845,0.6638946,1,1,unassigned,5.0,5.0,0.0,1.0,0.0,0.0,0.0058027077,0.0,0,0,0,1,0
66470,-1,0,0.086853385,0.5216997,1,1,unassigned,4.0,3.0,1.0,0.75,0.25,0.25,0.003868472,0.000967118,0,0,0,1,0
66471,-1,0,-0.3466274,0.41420048,0,1,unassigned,2.0,2.0,0.0,1.0,0.0,0.0,0.0,0.0,0,0,0,0,0
66472,-1,0,-0.42016307,0.39647776,0,1,unassigned,6.0,6.0,0.0,1.0,0.0,0.0,0.007736944,0.0,0,0,0,0,0
66473,-1,0,0.31682664,0.5785507,1,1,unassigned,3.0,3.0,0.0,1.0,0.0,0.0,0.001934236,0.0,0,0,0,1,0
66474,0,0,-0.40084562,0.4011092,0,0,val,6.0,4.0,2.0,0.6666667,0.33333334,0.3333333,0.007736944,0.0025789815,0,0,1,0,0
66475,-1,0,2.7020133,0.9371453,1,1,unassigned,15.0,14.0,1.0,0.93333334,0.06666667,0.06666666,0.025145067,0.0016763379,0,0,0,1,1
66476,-1,1,2.1058505,0.8914705,1,1,unassigned,2.0,2.0,0.0,1.0,0.0,0.0,0.0,0.0,1,0,0,1,0
66477,-1,1,2.0035152,0.8811656,1,1,unassigned,7.0,6.0,1.0,0.85714287,0.14285715,0.14285713,0.00967118,0.0013815971,1,0,0,1,0
66478,-1,1,-0.5673605,0.3618461,0,1,unassigned,37.0,37.0,0.0,1.0,0.0,0.0,0.06769826,0.0,1,0,0,0,0
66479,-1,0,4.30096,0.9866258,1,1,unassigned,2.0,2.0,0.0,1.0,0.0,0.0,0.0,0.0,0,0,0,1,1
66480,-1,1,1.0130763,0.7336217,1,1,unassigned,3.0,3.0,0.0,1.0,0.0,0.0,0.001934236,0.0,1,0,0,1,0
66481,-1,1,-0.030766428,0.49230897,0,1,unassigned,9.0,9.0,0.0,1.0,0.0,0.0,0.013539651,0.0,1,0,0,0,0
66482,-1,0,1.3468778,0.79361874,1,1,unassigned,7.0,7.0,0.0,1.0,0.0,0.0,0.00967118,0.0,0,0,0,1,0
66483,0,0,-0.46027437,0.3869207,0,0,val,55.0,55.0,0.0,1.0,0.0,0.0,0.102514505,0.0,0,0,1,0,0
66484,-1,1,0.14209849,0.53546494,1,1,unassigned,10.0,10.0,0.0,1.0,0.0,0.0,0.015473888,0.0,1,0,0,1,0
66485,-1,1,0.049229622,0.5123049,1,1,unassigned,3.0,3.0,0.0,1.0,0.0,0.0,0.001934236,0.0,1,0,0,1,0
66486,-1,0,0.09033346,0.52256805,1,1,unassigned,2.0,2.0,0.0,1.0,0.0,0.0,0.0,0.0,0,0,0,1,0
66487,-1,1,-0.17301288,0.45685434,0,1,unassigned,7.0,6.0,1.0,0.85714287,0.14285715,0.14285713,0.00967118,0.0013815971,1,0,0,0,0
66488,-1,0,-0.18633965,0.4535494,0,1,unassigned,44.0,43.0,1.0,0.97727275,0.022727273,0.022727251,0.08123791,0.0018463163,0,0,0,0,0
66489,-1,1,1.5490992,0.82478356,1,1,unassigned,21.0,20.0,1.0,0.95238096,0.04761905,0.047619045,0.036750484,0.0017500231,1,0,0,1,0
66490,-1,0,2.287472,0.9078341,1,1,unassigned,5.0,5.0,0.0,1.0,0.0,0.0,0.0058027077,0.0,0,0,0,1,1
66491,-1,1,4.950007,0.9929664,1,1,unassigned,2.0,2.0,0.0,1.0,0.0,0.0,0.0,0.0,1,0,0,1,1
66492,0,0,0.7333184,0.67553306,1,1,unassigned,4.0,4.0,0.0,1.0,0.0,0.0,0.003868472,0.0,0,0,0,1,0
66493,-1,1,7.0096436,0.9990977,1,1,unassigned,2.0,2.0,0.0,1.0,0.0,0.0,0.0,0.0,1,0,0,1,1
66494,-1,0,0.044712722,0.51117635,1,1,unassigned,2.0,2.0,0.0,1.0,0.0,0.0,0.0,0.0,0,0,0,1,0
66495,-1,1,1.999088,0.88070136,1,1,unassigned,5.0,5.0,0.0,1.0,0.0,0.0,0.0058027077,0.0,1,0,0,1,0
66496,-1,1,4.9064317,0.9926555,1,1,unassigned,12.0,11.0,1.0,0.9166667,0.083333336,0.08333331,0.01934236,0.0016118633,1,0,0,1,1
66497,-1,1,2.014719,0.8823338,1,1,unassigned,7.0,7.0,0.0,1.0,0.0,0.0,0.00967118,0.0,1,0,0,1,0
66498,-1,1,0.19924563,0.5496473,1,1,unassigned,26.0,26.0,0.0,1.0,0.0,0.0,0.046421662,0.0,1,0,0,1,0
66499,-1,0,-0.21814442,0.44567913,0,1,unassigned,3.0,3.0,0.0,1.0,0.0,0.0,0.001934236,0.0,0,0,0,0,0
66500,-1,0,0.144656,0.53610104,1,1,unassigned,6.0,6.0,0.0,1.0,0.0,0.0,0.007736944,0.0,0,0,0,1,0
66501,0,1,-0.50407034,0.3765846,0,0,val,10.0,10.0,0.0,1.0,0.0,0.0,0.015473888,0.0,1,0,1,0,0
66502,-1,1,0.74860626,0.67887497,1,1,unassigned,5.0,5.0,0.0,1.0,0.0,0.0,0.0058027077,0.0,1,0,0,1,0
66503,-1,0,2.230466,0.90295213,1,1,unassigned,5.0,5.0,0.0,1.0,0.0,0.0,0.0058027077,0.0,0,0,0,1,1
66504,-1,0,2.8605897,0.9458635,1,1,unassigned,7.0,5.0,2.0,0.71428573,0.2857143,0.28571427,0.00967118,0.0027631943,0,0,0,1,1
66505,-1,0,-0.29360458,0.4271216,0,1,unassigned,18.0,18.0,0.0,1.0,0.0,0.0,0.030947777,0.0,0,0,0,0,0
66506,-1,0,-0.14161259,0.4646559,0,1,unassigned,2.0,2.0,0.0,1.0,0.0,0.0,0.0,0.0,0,0,0,0,0
66507,1,1,10.516785,0.99997294,1,0,train,10.0,8.0,2.0,0.8,0.2,0.19999999,0.015473888,0.0030947777,1,0,1,1,1
66508,-1,1,0.10771638,0.5269031,1,1,unassigned,4.0,4.0,0.0,1.0,0.0,0.0,0.003868472,0.0,1,0,0,1,0
66509,-1,1,3.584471,0.972998,1,1,unassigned,8.0,7.0,1.0,0.875,0.125,0.125,0.0116054155,0.0014506769,1,0,0,1,1
66510,-1,0,0.43065768,0.6060307,1,1,unassigned,2.0,2.0,0.0,1.0,0.0,0.0,0.0,0.0,0,0,0,1,0
66511,-1,0,2.365586,0.91416514,1,1,unassigned,2.0,1.0,1.0,0.5,0.5,0.5,0.0,0.0,0,0,0,1,1
66512,-1,1,2.9234722,0.9489947,1,1,unassigned,4.0,4.0,0.0,1.0,0.0,0.0,0.003868472,0.0,1,0,0,1,1
66513,-1,0,-0.38524055,0.40486357,0,1,unassigned,37.0,36.0,1.0,0.972973,0.027027028,0.02702701,0.06769826,0.0018296828,0,0,0,0,0
66514,-1,0,-0.11172116,0.47209874,0,1,unassigned,3.0,1.0,2.0,0.33333334,0.6666667,0.6666666,0.001934236,0.0012894907,0,0,0,0,0
66515,-1,0,1.5877366,0.83029747,1,1,unassigned,10.0,10.0,0.0,1.0,0.0,0.0,0.015473888,0.0,0,0,0,1,0
66516,-1,0,6.1584496,0.997889,1,1,unassigned,6.0,6.0,0.0,1.0,0.0,0.0,0.007736944,0.0,0,0,0,1,1
66517,-1,1,1.5919662,0.83089256,1,1,unassigned,7.0,6.0,1.0,0.85714287,0.14285715,0.14285713,0.00967118,0.0013815971,1,0,0,1,0
66518,-1,1,-1.5458703,0.17568353,0,1,unassigned,3.0,3.0,0.0,1.0,0.0,0.0,0.001934236,0.0,1,0,0,0,0
66519,-1,1,2.0425618,0.8851939,1,1,unassigned,4.0,4.0,0.0,1.0,0.0,0.0,0.003868472,0.0,1,0,0,1,0
66520,-1,0,0.108190954,0.5270214,1,1,unassigned,3.0,3.0,0.0,1.0,0.0,0.0,0.001934236,0.0,0,0,0,1,0
66521,-1,1,4.580278,0.989852,1,1,unassigned,10.0,7.0,3.0,0.7,0.3,0.3,0.015473888,0.0046421667,1,0,0,1,1
66522,-1,1,2.1815693,0.89858216,1,1,unassigned,3.0,3.0,0.0,1.0,0.0,0.0,0.001934236,0.0,1,0,0,1,0
66523,-1,1,0.061522424,0.51537573,1,1,unassigned,11.0,8.0,3.0,0.72727275,0.27272728,0.27272725,0.017408123,0.00474767,1,0,0,1,0
66524,-1,1,-0.26230094,0.43479818,0,1,unassigned,2.0,2.0,0.0,1.0,0.0,0.0,0.0,0.0,1,0,0,0,0
66525,-1,0,1.0962842,0.7495632,1,1,unassigned,23.0,23.0,0.0,1.0,0.0,0.0,0.040618956,0.0,0,0,0,1,0
66526,-1,1,6.3860116,0.99831796,1,1,unassigned,9.0,9.0,0.0,1.0,0.0,0.0,0.013539651,0.0,1,0,0,1,1
66527,-1,0,0.4691108,0.6151732,1,1,unassigned,30.0,29.0,1.0,0.96666664,0.033333335,0.03333336,0.054158606,0.001805287,0,0,0,1,0
66528,-1,1,-0.9038509,0.28825977,0,1,unassigned,16.0,16.0,0.0,1.0,0.0,0.0,0.027079303,0.0,1,0,0,0,0
66529,-1,1,3.868799,0.97954375,1,1,unassigned,6.0,6.0,0.0,1.0,0.0,0.0,0.007736944,0.0,1,0,0,1,1
66530,1,1,1.0796463,0.74642706,1,0,test,11.0,11.0,0.0,1.0,0.0,0.0,0.017408123,0.0,1,0,1,1,0
66531,-1,0,-0.60745907,0.35263902,0,1,unassigned,12.0,12.0,0.0,1.0,0.0,0.0,0.01934236,0.0,0,0,0,0,0
66532,-1,0,5.5717683,0.9962107,1,1,unassigned,3.0,3.0,0.0,1.0,0.0,0.0,0.001934236,0.0,0,0,0,1,1
66533,0,1,-0.710418,0.3295065,0,0,test,5.0,5.0,0.0,1.0,0.0,0.0,0.0058027077,0.0,1,0,1,0,0
66534,-1,1,5.4494615,0.99571985,1,1,unassigned,2.0,2.0,0.0,1.0,0.0,0.0,0.0,0.0,1,0,0,1,1
66535,-1,1,0.72867936,0.67451537,1,1,unassigned,2.0,2.0,0.0,1.0,0.0,0.0,0.0,0.0,1,0,0,1,0
66536,-1,0,-0.414268,0.39788917,0,1,unassigned,24.0,23.0,1.0,0.9583333,0.041666668,0.041666687,0.04255319,0.0017730496,0,0,0,0,0
66537,-1,1,2.9893272,0.95208955,1,1,unassigned,9.0,9.0,0.0,1.0,0.0,0.0,0.013539651,0.0,1,0,0,1,1
66538,-1,1,-0.6163409,0.3506141,0,1,unassigned,6.0,5.0,1.0,0.8333333,0.16666667,0.16666669,0.007736944,0.0012894907,1,0,0,0,0
66539,-1,1,0.6152304,0.64913297,1,1,unassigned,12.0,12.0,0.0,1.0,0.0,0.0,0.01934236,0.0,1,0,0,1,0
66540,-1,0,-0.10420728,0.47397175,0,1,unassigned,15.0,1.0,14.0,0.06666667,0.93333334,0.93333334,0.025145067,0.02346873,0,0,0,0,0
66541,-1,0,-0.6473892,0.3435781,0,1,unassigned,15.0,14.0,1.0,0.93333334,0.06666667,0.06666666,0.025145067,0.0016763379,0,0,0,0,0
66542,-1,1,-0.20327741,0.44935492,0,1,unassigned,8.0,8.0,0.0,1.0,0.0,0.0,0.0116054155,0.0,1,0,0,0,0
66543,-1,0,4.0646977,0.98312163,1,1,unassigned,26.0,26.0,0.0,1.0,0.0,0.0,0.046421662,0.0,0,0,0,1,1
66544,-1,0,0.14289808,0.53566384,1,1,unassigned,6.0,6.0,0.0,1.0,0.0,0.0,0.007736944,0.0,0,0,0,1,0
66545,-1,0,2.3127987,0.9099314,1,1,unassigned,3.0,1.0,2.0,0.33333334,0.6666667,0.6666666,0.001934236,0.0012894907,0,0,0,1,1
66546,-1,1,-0.054730117,0.48632088,0,1,unassigned,5.0,5.0,0.0,1.0,0.0,0.0,0.0058027077,0.0,1,0,0,0,0
66547,-1,1,2.9335115,0.9494783,1,1,unassigned,10.0,8.0,2.0,0.8,0.2,0.19999999,0.015473888,0.0030947777,1,0,0,1,1
66548,-1,1,1.4204156,0.80540353,1,1,unassigned,22.0,22.0,0.0,1.0,0.0,0.0,0.03868472,0.0,1,0,0,1,0
66549,-1,0,0.0058140755,0.5014535,1,1,unassigned,2.0,2.0,0.0,1.0,0.0,0.0,0.0,0.0,0,0,0,1,0
66550,0,1,-0.61858064,0.35010436,0,0,unassigned,28.0,25.0,3.0,0.89285713,0.10714286,0.107142866,0.050290134,0.0053882287,1,0,1,0,0
66551,0,1,0.18761706,0.5467672,1,1,train,5.0,5.0,0.0,1.0,0.0,0.0,0.0058027077,0.0,1,0,0,1,0
66552,1,1,2.9739902,0.95138514,1,0,unassigned,26.0,26.0,0.0,1.0,0.0,0.0,0.046421662,0.0,1,0,1,1,1
66553,-1,1,-0.595811,0.35530263,0,1,unassigned,45.0,43.0,2.0,0.95555556,0.044444446,0.04444444,0.08317215,0.0036965401,1,0,0,0,0
66554,-1,0,2.5483787,0.92746454,1,1,unassigned,22.0,22.0,0.0,1.0,0.0,0.0,0.03868472,0.0,0,0,0,1,1
66555,-1,0,2.8443773,0.94502735,1,1,unassigned,6.0,6.0,0.0,1.0,0.0,0.0,0.007736944,0.0,0,0,0,1,1
66556,-1,0,3.4374702,0.9688553,1,1,unassigned,21.0,21.0,0.0,1.0,0.0,0.0,0.036750484,0.0,0,0,0,1,1
66557,-1,1,4.138799,0.9843082,1,1,unassigned,12.0,10.0,2.0,0.8333333,0.16666667,0.16666669,0.01934236,0.0032237265,1,0,0,1,1
66558,-1,0,1.6561124,0.8397155,1,1,unassigned,10.0,10.0,0.0,1.0,0.0,0.0,0.015473888,0.0,0,0,0,1,0
66559,-1,1,4.820336,0.99200046,1,1,unassigned,17.0,12.0,5.0,0.7058824,0.29411766,0.29411763,0.029013539,0.008533394,1,0,0,1,1
66560,-1,1,0.16083091,0.54012126,1,1,unassigned,3.0,3.0,0.0,1.0,0.0,0.0,0.001934236,0.0,1,0,0,1,0
66561,-1,1,4.253629,0.98598653,1,1,unassigned,12.0,12.0,0.0,1.0,0.0,0.0,0.01934236,0.0,1,0,0,1,1
66562,-1,1,0.8394368,0.6983466,1,1,unassigned,7.0,7.0,0.0,1.0,0.0,0.0,0.00967118,0.0,1,0,0,1,0
66563,-1,1,3.4997742,0.97068137,1,1,unassigned,11.0,11.0,0.0,1.0,0.0,0.0,0.017408123,0.0,1,0,0,1,1
66564,-1,0,0.22575349,0.5561999,1,1,unassigned,3.0,3.0,0.0,1.0,0.0,0.0,0.001934236,0.0,0,0,0,1,0
66565,-1,0,7.9621634,0.9996517,1,1,unassigned,10.0,9.0,1.0,0.9,0.1,0.100000024,0.015473888,0.0015473888,0,0,0,1,1
66566,-1,0,3.4649022,0.96967244,1,1,unassigned,26.0,25.0,1.0,0.96153843,0.03846154,0.038461566,0.046421662,0.0017854486,0,0,0,1,1
66567,-1,0,5.0999503,0.9939399,1,1,unassigned,2.0,2.0,0.0,1.0,0.0,0.0,0.0,0.0,0,0,0,1,1
66568,-1,0,8.848072,0.99985635,1,1,unassigned,2.0,2.0,0.0,1.0,0.0,0.0,0.0,0.0,0,0,0,1,1
66569,-1,1,0.89087063,0.70906985,1,1,unassigned,6.0,6.0,0.0,1.0,0.0,0.0,0.007736944,0.0,1,0,0,1,0
66570,-1,0,6.7263837,0.99880254,1,1,unassigned,2.0,2.0,0.0,1.0,0.0,0.0,0.0,0.0,0,0,0,1,1
66571,-1,0,-0.24887866,0.43809947,0,1,unassigned,3.0,3.0,0.0,1.0,0.0,0.0,0.001934236,0.0,0,0,0,0,0
66572,-1,0,-0.8297191,0.30370444,0,1,unassigned,2.0,2.0,0.0,1.0,0.0,0.0,0.0,0.0,0,0,0,0,0
66573,-1,1,2.5682425,0.92878956,1,1,unassigned,4.0,4.0,0.0,1.0,0.0,0.0,0.003868472,0.0,1,0,0,1,1
66574,0,0,-0.22558987,0.44384047,0,0,val,30.0,29.0,1.0,0.96666664,0.033333335,0.03333336,0.054158606,0.001805287,0,0,1,0,0
66575,-1,1,0.98188657,0.7274824,1,1,unassigned,14.0,13.0,1.0,0.9285714,0.071428575,0.0714286,0.023210831,0.0016579166,1,0,0,1,0
66576,-1,0,-0.39893937,0.40156716,0,1,unassigned,56.0,54.0,2.0,0.96428573,0.035714287,0.03571427,0.10444874,0.0037303125,0,0,0,0,0
66577,-1,0,-0.20531926,0.4488497,0,1,unassigned,10.0,10.0,0.0,1.0,0.0,0.0,0.015473888,0.0,0,0,0,0,0
66578,-1,0,3.2776983,0.96365577,1,1,unassigned,5.0,5.0,0.0,1.0,0.0,0.0,0.0058027077,0.0,0,0,0,1,1
66579,-1,1,3.0702674,0.9556495,1,1,unassigned,3.0,2.0,1.0,0.6666667,0.33333334,0.3333333,0.001934236,0.00064474536,1,0,0,1,1
66580,1,0,4.5575466,0.98962104,1,0,unassigned,4.0,4.0,0.0,1.0,0.0,0.0,0.003868472,0.0,0,0,1,1,1
66581,-1,1,8.990063,0.9998753,1,1,unassigned,17.0,12.0,5.0,0.7058824,0.29411766,0.29411763,0.029013539,0.008533394,1,0,0,1,1
66582,-1,0,-0.32682645,0.419013,0,1,unassigned,5.0,5.0,0.0,1.0,0.0,0.0,0.0058027077,0.0,0,0,0,0,0
66583,-1,0,5.2691226,0.9948782,1,1,unassigned,27.0,27.0,0.0,1.0,0.0,0.0,0.0483559,0.0,0,0,0,1,1
66584,-1,0,3.5211356,0.9712832,1,1,unassigned,54.0,54.0,0.0,1.0,0.0,0.0,0.10058027,0.0,0,0,0,1,1
66585,1,1,0.51893085,0.6268977,1,0,val,11.0,11.0,0.0,1.0,0.0,0.0,0.017408123,0.0,1,0,1,1,0
66586,-1,0,-0.349123,0.4135951,0,1,unassigned,40.0,40.0,0.0,1.0,0.0,0.0,0.07350097,0.0,0,0,0,0,0
66587,-1,1,2.865627,0.9461208,1,1,unassigned,35.0,35.0,0.0,1.0,0.0,0.0,0.06382979,0.0,1,0,0,1,1
66588,-1,0,-0.7579966,0.31908137,0,1,unassigned,21.0,19.0,2.0,0.9047619,0.0952381,0.09523809,0.036750484,0.0035000462,0,0,0,0,0
66589,-1,0,9.149853,0.9998938,1,1,unassigned,2.0,2.0,0.0,1.0,0.0,0.0,0.0,0.0,0,0,0,1,1
66590,0,0,-0.24882796,0.43811202,0,0,val,39.0,38.0,1.0,0.974359,0.025641026,0.025641024,0.07156673,0.0018350444,0,0,1,0,0
66591,-1,0,8.370801,0.99976856,1,1,unassigned,14.0,7.0,7.0,0.5,0.5,0.5,0.023210831,0.0116054155,0,0,0,1,1
66592,1,0,3.8141263,0.97841907,1,0,test,6.0,3.0,3.0,0.5,0.5,0.5,0.007736944,0.003868472,0,0,1,1,1
66593,-1,1,3.9245155,0.9806309,1,1,unassigned,3.0,3.0,0.0,1.0,0.0,0.0,0.001934236,0.0,1,0,0,1,1
66594,1,1,-0.58782315,0.3571345,0,1,unassigned,73.0,71.0,2.0,0.9726027,0.02739726,0.027397275,0.13733076,0.0037624864,1,0,0,0,0
66595,-1,1,-0.50035113,0.37745816,0,1,unassigned,13.0,13.0,0.0,1.0,0.0,0.0,0.021276595,0.0,1,0,0,0,0
66596,1,0,2.9677951,0.95109785,1,0,val,5.0,5.0,0.0,1.0,0.0,0.0,0.0058027077,0.0,0,0,1,1,1
66597,-1,0,-0.38890588,0.40398073,0,1,unassigned,3.0,3.0,0.0,1.0,0.0,0.0,0.001934236,0.0,0,0,0,0,0
66598,-1,0,1.4564712,0.81099236,1,1,unassigned,8.0,8.0,0.0,1.0,0.0,0.0,0.0116054155,0.0,0,0,0,1,0
66599,-1,0,0.35621154,0.5881231,1,1,unassigned,4.0,4.0,0.0,1.0,0.0,0.0,0.003868472,0.0,0,0,0,1,0
66600,-1,0,0.2934062,0.57282984,1,1,unassigned,3.0,2.0,1.0,0.6666667,0.33333334,0.3333333,0.001934236,0.00064474536,0,0,0,1,0
66601,-1,1,1.2483892,0.7770209,1,1,unassigned,42.0,36.0,6.0,0.85714287,0.14285715,0.14285713,0.07736944,0.011052777,1,0,0,1,0
66602,-1,1,-0.7905936,0.31204122,0,1,unassigned,109.0,107.0,2.0,0.98165137,0.018348623,0.018348634,0.20696326,0.0037974908,1,0,0,0,0
66603,-1,0,-0.87624687,0.29395613,0,1,unassigned,42.0,2.0,40.0,0.04761905,0.95238096,0.95238096,0.07736944,0.07368518,0,0,0,0,0
66604,-1,1,0.8437007,0.6992441,1,1,unassigned,47.0,47.0,0.0,1.0,0.0,0.0,0.08704062,0.0,1,0,0,1,0
66605,-1,1,2.3326433,0.91154474,1,1,unassigned,7.0,6.0,1.0,0.85714287,0.14285715,0.14285713,0.00967118,0.0013815971,1,0,0,1,1
66606,-1,1,5.028521,0.9934941,1,1,unassigned,73.0,66.0,7.0,0.9041096,0.09589041,0.0958904,0.13733076,0.013168703,1,0,0,1,1
66607,-1,0,5.5829153,0.99625254,1,1,unassigned,2.0,2.0,0.0,1.0,0.0,0.0,0.0,0.0,0,0,0,1,1
66608,0,1,-0.42088234,0.39630565,0,0,unassigned,61.0,60.0,1.0,0.9836066,0.016393442,0.016393423,0.114119925,0.0018708183,1,0,1,0,0
66609,-1,1,-0.5864112,0.3574587,0,1,unassigned,82.0,81.0,1.0,0.9878049,0.0121951215,0.01219511,0.15473887,0.0018870593,1,0,0,0,0
66610,-1,1,1.0145714,0.73391384,1,1,unassigned,15.0,15.0,0.0,1.0,0.0,0.0,0.025145067,0.0,1,0,0,1,0
66611,-1,1,1.9470799,0.87512785,1,1,unassigned,26.0,24.0,2.0,0.9230769,0.07692308,0.07692307,0.046421662,0.0035708973,1,0,0,1,0
66612,-1,0,0.56912476,0.6385612,1,1,unassigned,10.0,10.0,0.0,1.0,0.0,0.0,0.015473888,0.0,0,0,0,1,0
66613,-1,0,-0.70483935,0.33074018,0,1,unassigned,2.0,2.0,0.0,1.0,0.0,0.0,0.0,0.0,0,0,0,0,0
66614,-1,0,-0.079280764,0.48019022,0,1,unassigned,2.0,2.0,0.0,1.0,0.0,0.0,0.0,0.0,0,0,0,0,0
66615,-1,0,-0.1677537,0.45815966,0,1,unassigned,20.0,19.0,1.0,0.95,0.05,0.050000012,0.034816246,0.0017408123,0,0,0,0,0
66616,-1,0,2.5267675,0.92599714,1,1,unassigned,29.0,29.0,0.0,1.0,0.0,0.0,0.05222437,0.0,0,0,0,1,1
66617,-1,0,0.08388966,0.5209601,1,1,unassigned,55.0,54.0,1.0,0.9818182,0.018181818,0.0181818,0.102514505,0.0018639,0,0,0,1,0
66618,-1,0,-0.3818947,0.40567,0,1,unassigned,8.0,8.0,0.0,1.0,0.0,0.0,0.0116054155,0.0,0,0,0,0,0
66619,-1,1,8.420865,0.9997799,1,1,unassigned,5.0,5.0,0.0,1.0,0.0,0.0,0.0058027077,0.0,1,0,0,1,1
66620,-1,0,4.687549,0.99087477,1,1,unassigned,2.0,2.0,0.0,1.0,0.0,0.0,0.0,0.0,0,0,0,1,1
66621,-1,0,3.649102,0.97464514,1,1,unassigned,5.0,3.0,2.0,0.6,0.4,0.39999998,0.0058027077,0.002321083,0,0,0,1,1
66622,-1,1,4.8286595,0.99206614,1,1,unassigned,9.0,8.0,1.0,0.8888889,0.11111111,0.111111104,0.013539651,0.0015044058,1,0,0,1,1
66623,-1,0,9.103298,0.99988866,1,1,unassigned,2.0,2.0,0.0,1.0,0.0,0.0,0.0,0.0,0,0,0,1,1
66624,0,0,1.0752928,0.74560213,1,1,val,7.0,7.0,0.0,1.0,0.0,0.0,0.00967118,0.0,0,0,0,1,0
66625,-1,1,4.122403,0.9840529,1,1,unassigned,9.0,9.0,0.0,1.0,0.0,0.0,0.013539651,0.0,1,0,0,1,1
66626,-1,1,6.6112933,0.99865675,1,1,unassigned,2.0,2.0,0.0,1.0,0.0,0.0,0.0,0.0,1,0,0,1,1
66627,-1,0,-0.16691163,0.45836872,0,1,unassigned,7.0,6.0,1.0,0.85714287,0.14285715,0.14285713,0.00967118,0.0013815971,0,0,0,0,0
66628,-1,1,-0.18801612,0.45313397,0,1,unassigned,4.0,4.0,0.0,1.0,0.0,0.0,0.003868472,0.0,1,0,0,0,0
66629,-1,1,6.2709203,0.99811304,1,1,unassigned,12.0,12.0,0.0,1.0,0.0,0.0,0.01934236,0.0,1,0,0,1,1
66630,-1,0,3.337767,0.965702,1,1,unassigned,3.0,1.0,2.0,0.33333334,0.6666667,0.6666666,0.001934236,0.0012894907,0,0,0,1,1
66631,-1,1,4.99353,0.99326396,1,1,unassigned,9.0,8.0,1.0,0.8888889,0.11111111,0.111111104,0.013539651,0.0015044058,1,0,0,1,1
66632,-1,1,4.249389,0.98592794,1,1,unassigned,19.0,19.0,0.0,1.0,0.0,0.0,0.032882012,0.0,1,0,0,1,1
66633,-1,1,-0.18801612,0.45313397,0,1,unassigned,4.0,4.0,0.0,1.0,0.0,0.0,0.003868472,0.0,1,0,0,0,0
66634,-1,1,-0.55956423,0.3636483,0,1,unassigned,60.0,58.0,2.0,0.96666664,0.033333335,0.03333336,0.11218569,0.003739523,1,0,0,0,0
66635,-1,1,3.107856,0.9572156,1,1,unassigned,12.0,8.0,4.0,0.6666667,0.33333334,0.3333333,0.01934236,0.006447453,1,0,0,1,1
66636,-1,0,-0.36051458,0.410835,0,1,unassigned,9.0,9.0,0.0,1.0,0.0,0.0,0.013539651,0.0,0,0,0,0,0
66637,-1,0,0.7506743,0.6793256,1,1,unassigned,3.0,3.0,0.0,1.0,0.0,0.0,0.001934236,0.0,0,0,0,1,0
66638,-1,1,2.9248412,0.9490608,1,1,unassigned,4.0,1.0,3.0,0.25,0.75,0.75,0.003868472,0.002901354,1,0,0,1,1
66639,-1,0,-0.019777834,0.4950557,0,1,unassigned,3.0,3.0,0.0,1.0,0.0,0.0,0.001934236,0.0,0,0,0,0,0
66640,-1,0,3.6991932,0.97585404,1,1,unassigned,6.0,5.0,1.0,0.8333333,0.16666667,0.16666669,0.007736944,0.0012894907,0,0,0,1,1
66641,-1,0,4.901952,0.99262273,1,1,unassigned,2.0,2.0,0.0,1.0,0.0,0.0,0.0,0.0,0,0,0,1,1
66642,-1,1,5.62499,0.9964064,1,1,unassigned,5.0,5.0,0.0,1.0,0.0,0.0,0.0058027077,0.0,1,0,0,1,1
66643,1,1,1.4853423,0.8153781,1,0,test,21.0,18.0,3.0,0.85714287,0.14285715,0.14285713,0.036750484,0.0052500693,1,0,1,1,0
66644,0,1,2.244099,0.9041403,1,1,test,24.0,24.0,0.0,1.0,0.0,0.0,0.04255319,0.0,1,0,0,1,1
66645,-1,1,-0.65858495,0.34105757,0,1,unassigned,22.0,22.0,0.0,1.0,0.0,0.0,0.03868472,0.0,1,0,0,0,0
66646,-1,1,0.4894455,0.61997575,1,1,unassigned,29.0,29.0,0.0,1.0,0.0,0.0,0.05222437,0.0,1,0,0,1,0
66647,0,0,-0.50370944,0.37666932,0,0,val,9.0,9.0,0.0,1.0,0.0,0.0,0.013539651,0.0,0,0,1,0,0
66648,-1,0,2.1193397,0.89276874,1,1,unassigned,22.0,22.0,0.0,1.0,0.0,0.0,0.03868472,0.0,0,0,0,1,0
66649,-1,0,-0.062270224,0.48443744,0,1,unassigned,7.0,7.0,0.0,1.0,0.0,0.0,0.00967118,0.0,0,0,0,0,0
66650,-1,1,7.9557557,0.9996495,1,1,unassigned,10.0,8.0,2.0,0.8,0.2,0.19999999,0.015473888,0.0030947777,1,0,0,1,1
66651,-1,0,0.036599517,0.50914884,1,1,unassigned,13.0,13.0,0.0,1.0,0.0,0.0,0.021276595,0.0,0,0,0,1,0
66652,-1,0,10.455227,0.99997115,1,1,unassigned,2.0,1.0,1.0,0.5,0.5,0.5,0.0,0.0,0,0,0,1,1
66653,-1,1,1.7118938,0.8470817,1,1,unassigned,3.0,3.0,0.0,1.0,0.0,0.0,0.001934236,0.0,1,0,0,1,0
66654,0,0,1.573533,0.8282867,1,1,unassigned,3.0,3.0,0.0,1.0,0.0,0.0,0.001934236,0.0,0,0,0,1,0
66655,0,0,-0.6837379,0.33542755,0,0,test,32.0,28.0,4.0,0.875,0.125,0.125,0.058027077,0.0072533847,0,0,1,0,0
66656,0,0,-0.5734757,0.36043522,0,0,val,16.0,16.0,0.0,1.0,0.0,0.0,0.027079303,0.0,0,0,1,0,0
66657,-1,0,0.19335377,0.5481884,1,1,unassigned,2.0,2.0,0.0,1.0,0.0,0.0,0.0,0.0,0,0,0,1,0
66658,-1,1,-0.7557976,0.31955934,0,1,unassigned,34.0,34.0,0.0,1.0,0.0,0.0,0.061895553,0.0,1,0,0,0,0
66659,-1,1,-0.48647463,0.3807244,0,1,unassigned,6.0,6.0,0.0,1.0,0.0,0.0,0.007736944,0.0,1,0,0,0,0
66660,-1,1,0.9918551,0.7294542,1,1,unassigned,12.0,11.0,1.0,0.9166667,0.083333336,0.08333331,0.01934236,0.0016118633,1,0,0,1,0
66661,-1,1,0.3590364,0.58880717,1,1,unassigned,31.0,29.0,2.0,0.9354839,0.06451613,0.06451613,0.056092843,0.003618893,1,0,0,1,0
66662,-1,0,0.6480227,0.6565648,1,1,unassigned,5.0,5.0,0.0,1.0,0.0,0.0,0.0058027077,0.0,0,0,0,1,0
66663,-1,0,0.7011985,0.66845345,1,1,unassigned,7.0,7.0,0.0,1.0,0.0,0.0,0.00967118,0.0,0,0,0,1,0
66664,-1,0,-0.239555,0.440396,0,1,unassigned,2.0,2.0,0.0,1.0,0.0,0.0,0.0,0.0,0,0,0,0,0
66665,-1,0,-0.19825447,0.4505981,0,1,unassigned,6.0,6.0,0.0,1.0,0.0,0.0,0.007736944,0.0,0,0,0,0,0
66666,-1,0,1.2109199,0.7704617,1,1,unassigned,4.0,4.0,0.0,1.0,0.0,0.0,0.003868472,0.0,0,0,0,1,0
66667,-1,0,-0.2574724,0.43598515,0,1,unassigned,5.0,5.0,0.0,1.0,0.0,0.0,0.0058027077,0.0,0,0,0,0,0
66668,-1,0,0.036848545,0.50921106,1,1,unassigned,19.0,19.0,0.0,1.0,0.0,0.0,0.032882012,0.0,0,0,0,1,0
66669,-1,1,3.359587,0.9664174,1,1,unassigned,7.0,7.0,0.0,1.0,0.0,0.0,0.00967118,0.0,1,0,0,1,1
66670,-1,0,0.14217848,0.53548485,1,1,unassigned,2.0,2.0,0.0,1.0,0.0,0.0,0.0,0.0,0,0,0,1,0
66671,-1,1,3.623161,0.97399616,1,1,unassigned,4.0,4.0,0.0,1.0,0.0,0.0,0.003868472,0.0,1,0,0,1,1
66672,-1,1,1.7319124,0.8496569,1,1,unassigned,2.0,1.0,1.0,0.5,0.5,0.5,0.0,0.0,1,0,0,1,0
66673,-1,0,0.5994181,0.64552313,1,1,unassigned,5.0,5.0,0.0,1.0,0.0,0.0,0.0058027077,0.0,0,0,0,1,0
66674,-1,1,1.3636229,0.7963479,1,1,unassigned,6.0,6.0,0.0,1.0,0.0,0.0,0.007736944,0.0,1,0,0,1,0
66675,-1,0,0.25608152,0.5636728,1,1,unassigned,8.0,8.0,0.0,1.0,0.0,0.0,0.0116054155,0.0,0,0,0,1,0
66676,-1,1,0.05919385,0.5147941,1,1,unassigned,3.0,3.0,0.0,1.0,0.0,0.0,0.001934236,0.0,1,0,0,1,0
66677,-1,1,-0.12737274,0.46819976,0,1,unassigned,40.0,40.0,0.0,1.0,0.0,0.0,0.07350097,0.0,1,0,0,0,0
66678,-1,1,1.2881825,0.7838394,1,1,unassigned,4.0,4.0,0.0,1.0,0.0,0.0,0.003868472,0.0,1,0,0,1,0
66679,-1,1,0.03871745,0.5096781,1,1,unassigned,17.0,17.0,0.0,1.0,0.0,0.0,0.029013539,0.0,1,0,0,1,0
66680,-1,1,-0.20630792,0.44860518,0,1,unassigned,61.0,60.0,1.0,0.9836066,0.016393442,0.016393423,0.114119925,0.0018708183,1,0,0,0,0
66681,-1,1,4.643394,0.9904668,1,1,unassigned,5.0,5.0,0.0,1.0,0.0,0.0,0.0058027077,0.0,1,0,0,1,1
66682,-1,0,0.6263402,0.6516592,1,1,unassigned,3.0,3.0,0.0,1.0,0.0,0.0,0.001934236,0.0,0,0,0,1,0
66683,-1,0,3.609709,0.97365326,1,1,unassigned,4.0,4.0,0.0,1.0,0.0,0.0,0.003868472,0.0,0,0,0,1,1
66684,-1,0,0.714914,0.6714861,1,1,unassigned,19.0,19.0,0.0,1.0,0.0,0.0,0.032882012,0.0,0,0,0,1,0
66685,-1,0,3.7714846,0.9775,1,1,unassigned,29.0,28.0,1.0,0.9655172,0.03448276,0.034482777,0.05222437,0.0018008404,0,0,0,1,1
66686,0,0,-0.40232006,0.40075505,0,0,test,18.0,18.0,0.0,1.0,0.0,0.0,0.030947777,0.0,0,0,1,0,0
66687,-1,0,0.37785965,0.5933568,1,1,unassigned,5.0,5.0,0.0,1.0,0.0,0.0,0.0058027077,0.0,0,0,0,1,0
66688,0,1,0.6657868,0.6605591,1,1,unassigned,30.0,29.0,1.0,0.96666664,0.033333335,0.03333336,0.054158606,0.001805287,1,0,0,1,0
66689,1,0,3.1519258,0.95898455,1,0,test,11.0,11.0,0.0,1.0,0.0,0.0,0.017408123,0.0,0,0,1,1,1
66690,-1,1,3.5704272,0.9726265,1,1,unassigned,4.0,4.0,0.0,1.0,0.0,0.0,0.003868472,0.0,1,0,0,1,1
66691,-1,1,7.280351,0.99931157,1,1,unassigned,3.0,3.0,0.0,1.0,0.0,0.0,0.001934236,0.0,1,0,0,1,1
66692,-1,0,0.065716445,0.5164232,1,1,unassigned,16.0,14.0,2.0,0.875,0.125,0.125,0.027079303,0.0033849129,0,0,0,1,0
66693,-1,0,-0.26808286,0.4333778,0,1,unassigned,16.0,16.0,0.0,1.0,0.0,0.0,0.027079303,0.0,0,0,0,0,0
66694,-1,0,-0.16649944,0.45847103,0,1,unassigned,6.0,6.0,0.0,1.0,0.0,0.0,0.007736944,0.0,0,0,0,0,0
66695,-1,0,4.446842,0.9884201,1,1,unassigned,7.0,4.0,3.0,0.5714286,0.42857143,0.4285714,0.00967118,0.0041447915,0,0,0,1,1
66696,-1,0,2.314626,0.9100811,1,1,unassigned,2.0,2.0,0.0,1.0,0.0,0.0,0.0,0.0,0,0,0,1,1
66697,-1,1,1.5597475,0.82631713,1,1,unassigned,3.0,3.0,0.0,1.0,0.0,0.0,0.001934236,0.0,1,0,0,1,0
66698,-1,1,3.8071673,0.97827166,1,1,unassigned,8.0,8.0,0.0,1.0,0.0,0.0,0.0116054155,0.0,1,0,0,1,1
66699,-1,1,-0.8184999,0.30608216,0,1,unassigned,7.0,7.0,0.0,1.0,0.0,0.0,0.00967118,0.0,1,0,0,0,0
66700,-1,0,3.1308496,0.95814747,1,1,unassigned,13.0,13.0,0.0,1.0,0.0,0.0,0.021276595,0.0,0,0,0,1,1
66701,-1,0,-0.4858803,0.38086453,0,1,unassigned,3.0,3.0,0.0,1.0,0.0,0.0,0.001934236,0.0,0,0,0,0,0
66702,-1,1,-0.27188277,0.43244493,0,1,unassigned,21.0,19.0,2.0,0.9047619,0.0952381,0.09523809,0.036750484,0.0035000462,1,0,0,0,0
66703,-1,0,-0.3931416,0.40296125,0,1,unassigned,12.0,11.0,1.0,0.9166667,0.083333336,0.08333331,0.01934236,0.0016118633,0,0,0,0,0
66704,-1,0,-0.025024235,0.49374425,0,1,unassigned,4.0,4.0,0.0,1.0,0.0,0.0,0.003868472,0.0,0,0,0,0,0
66705,-1,0,-0.15359849,0.46167567,0,1,unassigned,5.0,5.0,0.0,1.0,0.0,0.0,0.0058027077,0.0,0,0,0,0,0
66706,-1,0,-0.49354452,0.37905893,0,1,unassigned,4.0,4.0,0.0,1.0,0.0,0.0,0.003868472,0.0,0,0,0,0,0
66707,-1,1,5.8659444,0.99717367,1,1,unassigned,2.0,2.0,0.0,1.0,0.0,0.0,0.0,0.0,1,0,0,1,1
66708,-1,0,-0.19846201,0.45054668,0,1,unassigned,36.0,36.0,0.0,1.0,0.0,0.0,0.065764025,0.0,0,0,0,0,0
66709,-1,1,2.9129019,0.9484806,1,1,unassigned,14.0,14.0,0.0,1.0,0.0,0.0,0.023210831,0.0,1,0,0,1,1
66710,-1,0,5.378259,0.9954053,1,1,unassigned,2.0,2.0,0.0,1.0,0.0,0.0,0.0,0.0,0,0,0,1,1
66711,-1,0,-0.13441828,0.46644592,0,1,unassigned,4.0,4.0,0.0,1.0,0.0,0.0,0.003868472,0.0,0,0,0,0,0
66712,-1,1,0.9761457,0.72634274,1,1,unassigned,3.0,3.0,0.0,1.0,0.0,0.0,0.001934236,0.0,1,0,0,1,0
66713,-1,1,1.8390634,0.86283785,1,1,unassigned,3.0,3.0,0.0,1.0,0.0,0.0,0.001934236,0.0,1,0,0,1,0
66714,-1,0,-0.92698115,0.28353757,0,1,unassigned,5.0,5.0,0.0,1.0,0.0,0.0,0.0058027077,0.0,0,0,0,0,0
66715,1,0,-0.49016547,0.37985456,0,1,unassigned,3.0,3.0,0.0,1.0,0.0,0.0,0.001934236,0.0,0,0,0,0,0
66716,-1,1,-0.5630268,0.3628474,0,1,unassigned,25.0,25.0,0.0,1.0,0.0,0.0,0.044487428,0.0,1,0,0,0,0
66717,-1,1,0.07411933,0.5185213,1,1,unassigned,22.0,19.0,3.0,0.8636364,0.13636364,0.13636363,0.03868472,0.005275189,1,0,0,1,0
66718,-1,1,-0.35417485,0.41237038,0,1,unassigned,48.0,48.0,0.0,1.0,0.0,0.0,0.088974856,0.0,1,0,0,0,0
66719,-1,0,-0.72053486,0.3272752,0,1,unassigned,10.0,10.0,0.0,1.0,0.0,0.0,0.015473888,0.0,0,0,0,0,0
66720,-1,1,-0.7534446,0.32007122,0,1,unassigned,140.0,138.0,2.0,0.98571426,0.014285714,0.014285743,0.26692456,0.003813208,1,0,0,0,0
66721,1,1,1.2420168,0.77591485,1,0,test,117.0,116.0,1.0,0.991453,0.008547009,0.008547008,0.22243714,0.0019011722,1,0,1,1,0
66722,1,1,-0.2198475,0.4452584,0,1,val,17.0,16.0,1.0,0.9411765,0.05882353,0.058823526,0.029013539,0.0017066788,1,0,0,0,0
66723,0,1,-0.8029767,0.30938914,0,0,test,51.0,49.0,2.0,0.9607843,0.039215688,0.039215684,0.09477756,0.0037167673,1,0,1,0,0
66724,1,1,2.5675652,0.92874473,1,0,unassigned,11.0,10.0,1.0,0.90909094,0.09090909,0.090909064,0.017408123,0.0015825568,1,0,1,1,1
66725,-1,1,13.110123,0.999998,1,1,unassigned,4.0,3.0,1.0,0.75,0.25,0.25,0.003868472,0.000967118,1,0,0,1,1
66726,1,0,-0.3522778,0.41283014,0,1,unassigned,9.0,9.0,0.0,1.0,0.0,0.0,0.013539651,0.0,0,0,0,0,0
66727,-1,0,7.2175536,0.9992669,1,1,unassigned,6.0,5.0,1.0,0.8333333,0.16666667,0.16666669,0.007736944,0.0012894907,0,0,0,1,1
66728,-1,0,-0.8921809,0.29065996,0,1,unassigned,2.0,2.0,0.0,1.0,0.0,0.0,0.0,0.0,0,0,0,0,0
66729,-1,0,-0.38502443,0.40491563,0,1,unassigned,2.0,1.0,1.0,0.5,0.5,0.5,0.0,0.0,0,0,0,0,0
66730,0,0,0.037991643,0.50949675,1,1,val,16.0,16.0,0.0,1.0,0.0,0.0,0.027079303,0.0,0,0,0,1,0
66731,-1,1,-0.15176818,0.46213064,0,1,unassigned,8.0,5.0,3.0,0.625,0.375,0.375,0.0116054155,0.004352031,1,0,0,0,0
66732,-1,1,9.291397,0.99990773,1,1,unassigned,3.0,3.0,0.0,1.0,0.0,0.0,0.001934236,0.0,1,0,0,1,1
66733,0,0,1.0803971,0.74656916,1,1,test,3.0,2.0,1.0,0.6666667,0.33333334,0.3333333,0.001934236,0.00064474536,0,0,0,1,0
66734,-1,1,-0.83641124,0.30229115,0,1,unassigned,33.0,32.0,1.0,0.969697,0.030303031,0.030303001,0.059961315,0.0018170096,1,0,0,0,0
66735,-1,1,-0.059914112,0.48502594,0,1,unassigned,4.0,4.0,0.0,1.0,0.0,0.0,0.003868472,0.0,1,0,0,0,0
66736,-1,1,-0.41619474,0.39742768,0,1,unassigned,57.0,56.0,1.0,0.98245615,0.01754386,0.017543852,0.10638298,0.0018663681,1,0,0,0,0
66737,-1,0,3.574701,0.9727401,1,1,unassigned,17.0,15.0,2.0,0.88235295,0.11764706,0.11764705,0.029013539,0.0034133575,0,0,0,1,1
66738,-1,0,1.6425517,0.8378818,1,1,unassigned,14.0,14.0,0.0,1.0,0.0,0.0,0.023210831,0.0,0,0,0,1,0
66739,-1,0,0.8846126,0.70777714,1,1,unassigned,8.0,7.0,1.0,0.875,0.125,0.125,0.0116054155,0.0014506769,0,0,0,1,0
66740,-1,0,4.84356,0.9921827,1,1,unassigned,2.0,2.0,0.0,1.0,0.0,0.0,0.0,0.0,0,0,0,1,1
66741,-1,1,8.242749,0.99973685,1,1,unassigned,5.0,4.0,1.0,0.8,0.2,0.19999999,0.0058027077,0.0011605415,1,0,0,1,1
66742,-1,1,-0.0186733,0.49533176,0,1,unassigned,3.0,3.0,0.0,1.0,0.0,0.0,0.001934236,0.0,1,0,0,0,0
66743,-1,1,0.010787547,0.5026969,1,1,unassigned,52.0,51.0,1.0,0.9807692,0.01923077,0.019230783,0.0967118,0.0018598423,1,0,0,1,0
66744,-1,1,0.19321924,0.54815507,1,1,unassigned,6.0,6.0,0.0,1.0,0.0,0.0,0.007736944,0.0,1,0,0,1,0
66745,-1,1,-0.25776544,0.43591312,0,1,unassigned,2.0,2.0,0.0,1.0,0.0,0.0,0.0,0.0,1,0,0,0,0
66746,-1,1,-0.88737804,0.29165122,0,1,unassigned,103.0,99.0,4.0,0.9611651,0.03883495,0.03883493,0.19535783,0.007586712,1,0,0,0,0
66747,-1,1,1.382019,0.7993151,1,1,unassigned,9.0,8.0,1.0,0.8888889,0.11111111,0.111111104,0.013539651,0.0015044058,1,0,0,1,0
66748,-1,1,-0.37332845,0.407737,0,1,unassigned,79.0,78.0,1.0,0.98734176,0.012658228,0.012658238,0.14893617,0.001885268,1,0,0,0,0
66749,-1,1,0.15979832,0.5398648,1,1,unassigned,52.0,50.0,2.0,0.96153843,0.03846154,0.038461566,0.0967118,0.0037196847,1,0,0,1,0
66750,-1,1,-0.27454233,0.43179226,0,1,unassigned,78.0,78.0,0.0,1.0,0.0,0.0,0.14700194,0.0,1,0,0,0,0
66751,-1,0,-0.39241755,0.40313545,0,1,unassigned,3.0,3.0,0.0,1.0,0.0,0.0,0.001934236,0.0,0,0,0,0,0
66752,-1,0,5.7098975,0.9966979,1,1,unassigned,2.0,2.0,0.0,1.0,0.0,0.0,0.0,0.0,0,0,0,1,1
66753,-1,1,1.1080275,0.75176114,1,1,unassigned,46.0,46.0,0.0,1.0,0.0,0.0,0.08510638,0.0,1,0,0,1,0
66754,0,0,-0.13325804,0.4667347,0,0,test,17.0,17.0,0.0,1.0,0.0,0.0,0.029013539,0.0,0,0,1,0,0
66755,-1,1,-0.8249118,0.30472204,0,1,unassigned,42.0,41.0,1.0,0.97619045,0.023809524,0.023809552,0.07736944,0.0018421295,1,0,0,0,0
66756,-1,1,-0.8281749,0.30403113,0,1,unassigned,4.0,4.0,0.0,1.0,0.0,0.0,0.003868472,0.0,1,0,0,0,0
66757,-1,1,0.0797649,0.51993066,1,1,unassigned,5.0,5.0,0.0,1.0,0.0,0.0,0.0058027077,0.0,1,0,0,1,0
66758,-1,1,-0.38482475,0.40496373,0,1,unassigned,10.0,10.0,0.0,1.0,0.0,0.0,0.015473888,0.0,1,0,0,0,0
66759,-1,1,1.8616755,0.86549217,1,1,unassigned,21.0,20.0,1.0,0.95238096,0.04761905,0.047619045,0.036750484,0.0017500231,1,0,0,1,0
66760,-1,0,-0.75826347,0.3190234,0,1,unassigned,4.0,4.0,0.0,1.0,0.0,0.0,0.003868472,0.0,0,0,0,0,0
66761,-1,1,0.527443,0.6288865,1,1,unassigned,11.0,11.0,0.0,1.0,0.0,0.0,0.017408123,0.0,1,0,0,1,0
66762,-1,1,-0.02936709,0.49265876,0,1,unassigned,2.0,2.0,0.0,1.0,0.0,0.0,0.0,0.0,1,0,0,0,0
66763,-1,0,0.13770956,0.5343731,1,1,unassigned,52.0,51.0,1.0,0.9807692,0.01923077,0.019230783,0.0967118,0.0018598423,0,0,0,1,0
66764,1,0,1.2468662,0.7767569,1,0,val,3.0,3.0,0.0,1.0,0.0,0.0,0.001934236,0.0,0,0,1,1,0
66765,-1,1,0.84385234,0.699276,1,1,unassigned,26.0,26.0,0.0,1.0,0.0,0.0,0.046421662,0.0,1,0,0,1,0
66766,-1,0,0.7673319,0.68294346,1,1,unassigned,3.0,3.0,0.0,1.0,0.0,0.0,0.001934236,0.0,0,0,0,1,0
66767,-1,1,-0.4068379,0.39967057,0,1,unassigned,3.0,3.0,0.0,1.0,0.0,0.0,0.001934236,0.0,1,0,0,0,0
66768,-1,0,10.4041,0.9999697,1,1,unassigned,4.0,4.0,0.0,1.0,0.0,0.0,0.003868472,0.0,0,0,0,1,1
66769,-1,0,0.25863713,0.56430125,1,1,unassigned,5.0,5.0,0.0,1.0,0.0,0.0,0.0058027077,0.0,0,0,0,1,0
66770,-1,0,-0.37522236,0.4072797,0,1,unassigned,35.0,35.0,0.0,1.0,0.0,0.0,0.06382979,0.0,0,0,0,0,0
66771,-1,0,0.58091956,0.641279,1,1,unassigned,26.0,26.0,0.0,1.0,0.0,0.0,0.046421662,0.0,0,0,0,1,0
66772,0,0,-0.6005048,0.3542282,0,0,unassigned,24.0,24.0,0.0,1.0,0.0,0.0,0.04255319,0.0,0,0,1,0,0
66773,-1,0,0.44525987,0.6095116,1,1,unassigned,20.0,20.0,0.0,1.0,0.0,0.0,0.034816246,0.0,0,0,0,1,0
66774,-1,0,0.69325906,0.66669154,1,1,unassigned,24.0,22.0,2.0,0.9166667,0.083333336,0.08333331,0.04255319,0.0035460992,0,0,0,1,0
66775,-1,1,-0.055600762,0.48610336,0,1,unassigned,19.0,19.0,0.0,1.0,0.0,0.0,0.032882012,0.0,1,0,0,0,0
66776,1,0,2.5451217,0.9272451,1,0,unassigned,6.0,5.0,1.0,0.8333333,0.16666667,0.16666669,0.007736944,0.0012894907,0,0,1,1,1
66777,-1,0,-0.94941485,0.27900252,0,1,unassigned,5.0,4.0,1.0,0.8,0.2,0.19999999,0.0058027077,0.0011605415,0,0,0,0,0
66778,0,0,-0.32544553,0.41934922,0,0,unassigned,8.0,8.0,0.0,1.0,0.0,0.0,0.0116054155,0.0,0,0,1,0,0
66779,-1,1,-0.8774435,0.29370782,0,1,unassigned,15.0,15.0,0.0,1.0,0.0,0.0,0.025145067,0.0,1,0,0,0,0
66780,-1,0,1.031127,0.73713434,1,1,unassigned,7.0,7.0,0.0,1.0,0.0,0.0,0.00967118,0.0,0,0,0,1,0
66781,-1,0,0.33514404,0.58301044,1,1,unassigned,8.0,8.0,0.0,1.0,0.0,0.0,0.0116054155,0.0,0,0,0,1,0
66782,-1,0,2.6859028,0.9361897,1,1,unassigned,22.0,20.0,2.0,0.90909094,0.09090909,0.090909064,0.03868472,0.0035167928,0,0,0,1,1
66783,-1,0,-0.125705,0.46861506,0,1,unassigned,13.0,13.0,0.0,1.0,0.0,0.0,0.021276595,0.0,0,0,0,0,0
66784,-1,0,-0.15030223,0.46249503,0,1,unassigned,18.0,18.0,0.0,1.0,0.0,0.0,0.030947777,0.0,0,0,0,0,0
66785,-1,0,3.6539385,0.9747644,1,1,unassigned,9.0,9.0,0.0,1.0,0.0,0.0,0.013539651,0.0,0,0,0,1,1
66786,-1,1,-0.30166316,0.425151,0,1,unassigned,6.0,6.0,0.0,1.0,0.0,0.0,0.007736944,0.0,1,0,0,0,0
66787,1,1,-0.69370914,0.33320847,0,1,val,31.0,31.0,0.0,1.0,0.0,0.0,0.056092843,0.0,1,0,0,0,0
66788,-1,1,0.83455914,0.6973181,1,1,unassigned,2.0,2.0,0.0,1.0,0.0,0.0,0.0,0.0,1,0,0,1,0
66789,-1,1,1.2878094,0.78377616,1,1,unassigned,7.0,7.0,0.0,1.0,0.0,0.0,0.00967118,0.0,1,0,0,1,0
66790,-1,1,0.20740443,0.551666,1,1,unassigned,17.0,17.0,0.0,1.0,0.0,0.0,0.029013539,0.0,1,0,0,1,0
66791,-1,1,-0.67015177,0.33846286,0,1,unassigned,63.0,62.0,1.0,0.984127,0.015873017,0.015873015,0.11798839,0.0018728317,1,0,0,0,0
66792,-1,1,-0.8067806,0.30857697,0,1,unassigned,10.0,9.0,1.0,0.9,0.1,0.100000024,0.015473888,0.0015473888,1,0,0,0,0
66793,-1,0,-0.88776207,0.29157186,0,1,unassigned,4.0,4.0,0.0,1.0,0.0,0.0,0.003868472,0.0,0,0,0,0,0
66794,-1,1,-0.4744985,0.38355204,0,1,unassigned,12.0,12.0,0.0,1.0,0.0,0.0,0.01934236,0.0,1,0,0,0,0
66795,-1,0,-0.17884007,0.45540878,0,1,unassigned,7.0,7.0,0.0,1.0,0.0,0.0,0.00967118,0.0,0,0,0,0,0
66796,-1,1,0.7125973,0.67097485,1,1,unassigned,2.0,2.0,0.0,1.0,0.0,0.0,0.0,0.0,1,0,0,1,0
66797,-1,0,0.5030859,0.6231842,1,1,unassigned,3.0,3.0,0.0,1.0,0.0,0.0,0.001934236,0.0,0,0,0,1,0
66798,1,0,5.1963153,0.9944936,1,0,test,2.0,2.0,0.0,1.0,0.0,0.0,0.0,0.0,0,0,1,1,1
66799,-1,1,0.28353477,0.57041264,1,1,unassigned,12.0,12.0,0.0,1.0,0.0,0.0,0.01934236,0.0,1,0,0,1,0
66800,-1,0,8.553516,0.9998072,1,1,unassigned,3.0,2.0,1.0,0.6666667,0.33333334,0.3333333,0.001934236,0.00064474536,0,0,0,1,1
66801,-1,0,7.687963,0.9995419,1,1,unassigned,3.0,2.0,1.0,0.6666667,0.33333334,0.3333333,0.001934236,0.00064474536,0,0,0,1,1
66802,-1,0,1.6972978,0.84518147,1,1,unassigned,2.0,2.0,0.0,1.0,0.0,0.0,0.0,0.0,0,0,0,1,0
66803,-1,0,3.166095,0.9595383,1,1,unassigned,7.0,7.0,0.0,1.0,0.0,0.0,0.00967118,0.0,0,0,0,1,1
66804,-1,0,1.8307688,0.8618533,1,1,unassigned,5.0,5.0,0.0,1.0,0.0,0.0,0.0058027077,0.0,0,0,0,1,0
66805,-1,0,2.5156224,0.9252298,1,1,unassigned,2.0,2.0,0.0,1.0,0.0,0.0,0.0,0.0,0,0,0,1,1
66806,-1,0,0.43467432,0.6069893,1,1,unassigned,3.0,2.0,1.0,0.6666667,0.33333334,0.3333333,0.001934236,0.00064474536,0,0,0,1,0
66807,-1,0,2.8211615,0.94380873,1,1,unassigned,6.0,5.0,1.0,0.8333333,0.16666667,0.16666669,0.007736944,0.0012894907,0,0,0,1,1
66808,-1,0,1.7287405,0.8492512,1,1,unassigned,2.0,2.0,0.0,1.0,0.0,0.0,0.0,0.0,0,0,0,1,0
66809,-1,1,1.7025735,0.84587055,1,1,unassigned,5.0,3.0,2.0,0.6,0.4,0.39999998,0.0058027077,0.002321083,1,0,0,1,0
66810,-1,0,2.3743603,0.9148512,1,1,unassigned,3.0,3.0,0.0,1.0,0.0,0.0,0.001934236,0.0,0,0,0,1,1
66811,-1,0,16.065453,0.9999999,1,1,unassigned,2.0,2.0,0.0,1.0,0.0,0.0,0.0,0.0,0,0,0,1,1
66812,-1,1,0.03983611,0.50995773,1,1,unassigned,2.0,2.0,0.0,1.0,0.0,0.0,0.0,0.0,1,0,0,1,0
66813,1,0,-0.57896626,0.3591705,0,1,val,41.0,36.0,5.0,0.8780488,0.12195122,0.12195122,0.07543521,0.009199415,0,0,0,0,0
66814,-1,0,-0.10057083,0.47487843,0,1,unassigned,2.0,2.0,0.0,1.0,0.0,0.0,0.0,0.0,0,0,0,0,0
66815,1,0,-0.5420358,0.36771414,0,1,unassigned,4.0,4.0,0.0,1.0,0.0,0.0,0.003868472,0.0,0,0,0,0,0
66816,1,1,-0.2807656,0.43026608,0,1,unassigned,62.0,52.0,10.0,0.83870965,0.16129032,0.16129035,0.116054155,0.018718412,1,0,0,0,0
66817,-1,1,-0.873884,0.29444677,0,1,unassigned,25.0,24.0,1.0,0.96,0.04,0.04000002,0.044487428,0.001779497,1,0,0,0,0
66818,-1,1,4.1976995,0.9851924,1,1,unassigned,2.0,2.0,0.0,1.0,0.0,0.0,0.0,0.0,1,0,0,1,1
66819,-1,1,0.7449272,0.67807233,1,1,unassigned,11.0,6.0,5.0,0.54545456,0.45454547,0.45454544,0.017408123,0.007912784,1,0,0,1,0
66820,-1,1,11.03034,0.9999838,1,1,unassigned,2.0,2.0,0.0,1.0,0.0,0.0,0.0,0.0,1,0,0,1,1
66821,-1,1,-0.2185626,0.4455758,0,1,unassigned,36.0,36.0,0.0,1.0,0.0,0.0,0.065764025,0.0,1,0,0,0,0
66822,-1,1,-0.36534292,0.4096668,0,1,unassigned,48.0,47.0,1.0,0.9791667,0.020833334,0.020833313,0.088974856,0.0018536429,1,0,0,0,0
66823,-1,1,-0.7496407,0.3208996,0,1,unassigned,23.0,23.0,0.0,1.0,0.0,0.0,0.040618956,0.0,1,0,0,0,0
66824,-1,0,1.1204247,0.7540675,1,1,unassigned,6.0,6.0,0.0,1.0,0.0,0.0,0.007736944,0.0,0,0,0,1,0
66825,-1,1,-0.6813483,0.33596045,0,1,unassigned,7.0,7.0,0.0,1.0,0.0,0.0,0.00967118,0.0,1,0,0,0,0
66826,-1,0,2.3663497,0.91422504,1,1,unassigned,2.0,2.0,0.0,1.0,0.0,0.0,0.0,0.0,0,0,0,1,1
66827,-1,0,2.9761984,0.9514872,1,1,unassigned,4.0,4.0,0.0,1.0,0.0,0.0,0.003868472,0.0,0,0,0,1,1
66828,-1,0,0.6411043,0.655003,1,1,unassigned,2.0,2.0,0.0,1.0,0.0,0.0,0.0,0.0,0,0,0,1,0
66829,-1,0,-0.6435296,0.3444491,0,1,unassigned,14.0,14.0,0.0,1.0,0.0,0.0,0.023210831,0.0,0,0,0,0,0
66830,-1,1,2.8305013,0.9443019,1,1,unassigned,15.0,12.0,3.0,0.8,0.2,0.19999999,0.025145067,0.0050290134,1,0,0,1,1
66831,-1,0,1.2624764,0.77945215,1,1,unassigned,4.0,3.0,1.0,0.75,0.25,0.25,0.003868472,0.000967118,0,0,0,1,0
66832,1,0,2.949261,0.9502285,1,0,val,4.0,4.0,0.0,1.0,0.0,0.0,0.003868472,0.0,0,0,1,1,1
66833,-1,0,2.4067395,0.91733974,1,1,unassigned,8.0,8.0,0.0,1.0,0.0,0.0,0.0116054155,0.0,0,0,0,1,1
66834,-1,0,0.138488,0.53456676,1,1,unassigned,57.0,57.0,0.0,1.0,0.0,0.0,0.10638298,0.0,0,0,0,1,0
66835,-1,0,0.7649973,0.6824377,1,1,unassigned,5.0,4.0,1.0,0.8,0.2,0.19999999,0.0058027077,0.0011605415,0,0,0,1,0
66836,-1,0,1.3137116,0.7881336,1,1,unassigned,8.0,8.0,0.0,1.0,0.0,0.0,0.0116054155,0.0,0,0,0,1,0
66837,-1,1,4.1349735,0.98424894,1,1,unassigned,8.0,6.0,2.0,0.75,0.25,0.25,0.0116054155,0.0029013539,1,0,0,1,1
66838,0,0,-0.08242571,0.47940525,0,0,unassigned,3.0,3.0,0.0,1.0,0.0,0.0,0.001934236,0.0,0,0,1,0,0
66839,-1,0,-0.31457648,0.42199808,0,1,unassigned,2.0,2.0,0.0,1.0,0.0,0.0,0.0,0.0,0,0,0,0,0
66840,-1,0,-0.6188255,0.3500486,0,1,unassigned,5.0,5.0,0.0,1.0,0.0,0.0,0.0058027077,0.0,0,0,0,0,0
66841,-1,0,6.1494355,0.99786985,1,1,unassigned,3.0,3.0,0.0,1.0,0.0,0.0,0.001934236,0.0,0,0,0,1,1
66842,-1,0,3.2296393,0.96193457,1,1,unassigned,4.0,4.0,0.0,1.0,0.0,0.0,0.003868472,0.0,0,0,0,1,1
66843,-1,0,5.9632716,0.99743515,1,1,unassigned,8.0,8.0,0.0,1.0,0.0,0.0,0.0116054155,0.0,0,0,0,1,1
66844,-1,0,1.6830232,0.8433044,1,1,unassigned,5.0,5.0,0.0,1.0,0.0,0.0,0.0058027077,0.0,0,0,0,1,0
66845,-1,1,2.644913,0.93369675,1,1,unassigned,5.0,4.0,1.0,0.8,0.2,0.19999999,0.0058027077,0.0011605415,1,0,0,1,1
66846,-1,1,-0.31206205,0.42261147,0,1,unassigned,15.0,14.0,1.0,0.93333334,0.06666667,0.06666666,0.025145067,0.0016763379,1,0,0,0,0
66847,-1,1,0.7783373,0.6853216,1,1,unassigned,7.0,6.0,1.0,0.85714287,0.14285715,0.14285713,0.00967118,0.0013815971,1,0,0,1,0
66848,-1,0,-0.16966861,0.4576843,0,1,unassigned,2.0,2.0,0.0,1.0,0.0,0.0,0.0,0.0,0,0,0,0,0
66849,-1,0,5.2803884,0.99493533,1,1,unassigned,7.0,7.0,0.0,1.0,0.0,0.0,0.00967118,0.0,0,0,0,1,1
66850,-1,0,4.370795,0.98751664,1,1,unassigned,2.0,2.0,0.0,1.0,0.0,0.0,0.0,0.0,0,0,0,1,1
66851,-1,1,0.39636904,0.597815,1,1,unassigned,8.0,7.0,1.0,0.875,0.125,0.125,0.0116054155,0.0014506769,1,0,0,1,0
66852,-1,0,-0.1447072,0.4638862,0,1,unassigned,4.0,4.0,0.0,1.0,0.0,0.0,0.003868472,0.0,0,0,0,0,0
66853,-1,0,0.6514471,0.65733653,1,1,unassigned,8.0,8.0,0.0,1.0,0.0,0.0,0.0116054155,0.0,0,0,0,1,0
66854,-1,1,2.1637866,0.89695007,1,1,unassigned,34.0,30.0,4.0,0.88235295,0.11764706,0.11764705,0.061895553,0.0072818296,1,0,0,1,0
66855,-1,0,-0.67207766,0.33803177,0,1,unassigned,9.0,9.0,0.0,1.0,0.0,0.0,0.013539651,0.0,0,0,0,0,0
66856,-1,1,-0.51402366,0.37425077,0,1,unassigned,10.0,10.0,0.0,1.0,0.0,0.0,0.015473888,0.0,1,0,0,0,0
66857,-1,0,1.3024454,0.78624624,1,1,unassigned,6.0,6.0,0.0,1.0,0.0,0.0,0.007736944,0.0,0,0,0,1,0
66858,-1,1,0.7351609,0.67593676,1,1,unassigned,36.0,32.0,4.0,0.8888889,0.11111111,0.111111104,0.065764025,0.007307114,1,0,0,1,0
66859,-1,1,-0.15638,0.46098447,0,1,unassigned,45.0,39.0,6.0,0.8666667,0.13333334,0.13333333,0.08317215,0.01108962,1,0,0,0,0
66860,1,1,1.2284117,0.7735405,1,0,test,2.0,2.0,0.0,1.0,0.0,0.0,0.0,0.0,1,0,1,1,0
66861,-1,1,1.1245723,0.75483584,1,1,unassigned,10.0,10.0,0.0,1.0,0.0,0.0,0.015473888,0.0,1,0,0,1,0
66862,-1,1,3.2963045,0.9643018,1,1,unassigned,3.0,3.0,0.0,1.0,0.0,0.0,0.001934236,0.0,1,0,0,1,1
66863,-1,1,-0.18985853,0.45267743,0,1,unassigned,15.0,15.0,0.0,1.0,0.0,0.0,0.025145067,0.0,1,0,0,0,0
66864,-1,1,8.268274,0.9997435,1,1,unassigned,4.0,4.0,0.0,1.0,0.0,0.0,0.003868472,0.0,1,0,0,1,1
66865,0,1,-0.4808098,0.38206092,0,0,unassigned,3.0,3.0,0.0,1.0,0.0,0.0,0.001934236,0.0,1,0,1,0,0
66866,-1,1,1.1229475,0.754535,1,1,unassigned,3.0,3.0,0.0,1.0,0.0,0.0,0.001934236,0.0,1,0,0,1,0
66867,-1,0,-0.5517785,0.36545187,0,1,unassigned,5.0,5.0,0.0,1.0,0.0,0.0,0.0058027077,0.0,0,0,0,0,0
66868,-1,1,5.7917876,0.9969568,1,1,unassigned,3.0,2.0,1.0,0.6666667,0.33333334,0.3333333,0.001934236,0.00064474536,1,0,0,1,1
66869,-1,0,4.4534807,0.9884958,1,1,unassigned,18.0,13.0,5.0,0.7222222,0.2777778,0.2777778,0.030947777,0.008596605,0,0,0,1,1
66870,-1,1,7.022592,0.9991092,1,1,unassigned,2.0,2.0,0.0,1.0,0.0,0.0,0.0,0.0,1,0,0,1,1
66871,-1,1,4.524132,0.98927224,1,1,unassigned,2.0,2.0,0.0,1.0,0.0,0.0,0.0,0.0,1,0,0,1,1
66872,-1,0,0.018684387,0.5046709,1,1,unassigned,4.0,4.0,0.0,1.0,0.0,0.0,0.003868472,0.0,0,0,0,1,0
66873,-1,0,5.8286786,0.9970667,1,1,unassigned,4.0,4.0,0.0,1.0,0.0,0.0,0.003868472,0.0,0,0,0,1,1
66874,-1,0,2.290951,0.90812486,1,1,unassigned,12.0,9.0,3.0,0.75,0.25,0.25,0.01934236,0.00483559,0,0,0,1,1
66875,-1,0,0.49014574,0.62014073,1,1,unassigned,3.0,3.0,0.0,1.0,0.0,0.0,0.001934236,0.0,0,0,0,1,0
66876,1,1,0.4228353,0.6041615,1,0,unassigned,63.0,61.0,2.0,0.96825397,0.031746034,0.03174603,0.11798839,0.0037456634,1,0,1,1,0
66877,-1,0,-0.3134572,0.4222711,0,1,unassigned,33.0,31.0,2.0,0.93939394,0.060606062,0.060606062,0.059961315,0.0036340193,0,0,0,0,0
66878,-1,1,0.5010641,0.6227094,1,1,unassigned,4.0,4.0,0.0,1.0,0.0,0.0,0.003868472,0.0,1,0,0,1,0
66879,-1,1,1.4031019,0.8026757,1,1,unassigned,6.0,6.0,0.0,1.0,0.0,0.0,0.007736944,0.0,1,0,0,1,0
66880,0,0,-0.30141127,0.42521253,0,0,unassigned,21.0,18.0,3.0,0.85714287,0.14285715,0.14285713,0.036750484,0.0052500693,0,0,1,0,0
66881,-1,0,1.4586344,0.81132376,1,1,unassigned,6.0,6.0,0.0,1.0,0.0,0.0,0.007736944,0.0,0,0,0,1,0
66882,-1,1,2.3081768,0.909552,1,1,unassigned,15.0,15.0,0.0,1.0,0.0,0.0,0.025145067,0.0,1,0,0,1,1
66883,-1,0,-0.4251305,0.39528975,0,1,unassigned,5.0,4.0,1.0,0.8,0.2,0.19999999,0.0058027077,0.0011605415,0,0,0,0,0
66884,-1,1,7.0321755,0.9991178,1,1,unassigned,6.0,6.0,0.0,1.0,0.0,0.0,0.007736944,0.0,1,0,0,1,1
66885,1,0,6.066421,0.9976859,1,0,train,2.0,2.0,0.0,1.0,0.0,0.0,0.0,0.0,0,0,1,1,1
66886,-1,1,2.5961866,0.9306158,1,1,unassigned,117.0,113.0,4.0,0.96581197,0.034188036,0.034188032,0.22243714,0.007604689,1,0,0,1,1
66887,-1,1,4.2940135,0.98653376,1,1,unassigned,12.0,11.0,1.0,0.9166667,0.083333336,0.08333331,0.01934236,0.0016118633,1,0,0,1,1
66888,-1,0,4.280501,0.98635304,1,1,unassigned,7.0,7.0,0.0,1.0,0.0,0.0,0.00967118,0.0,0,0,0,1,1
66889,1,0,-0.250802,0.4376261,0,1,unassigned,10.0,10.0,0.0,1.0,0.0,0.0,0.015473888,0.0,0,0,0,0,0
66890,-1,0,0.11510587,0.5287447,1,1,unassigned,3.0,3.0,0.0,1.0,0.0,0.0,0.001934236,0.0,0,0,0,1,0
66891,-1,1,1.6195962,0.83473945,1,1,unassigned,2.0,2.0,0.0,1.0,0.0,0.0,0.0,0.0,1,0,0,1,0
66892,-1,0,1.5446825,0.82414436,1,1,unassigned,4.0,4.0,0.0,1.0,0.0,0.0,0.003868472,0.0,0,0,0,1,0
66893,0,0,-0.70796376,0.33004892,0,0,train,12.0,12.0,0.0,1.0,0.0,0.0,0.01934236,0.0,0,0,1,0,0
66894,-1,0,0.32884985,0.5814795,1,1,unassigned,6.0,5.0,1.0,0.8333333,0.16666667,0.16666669,0.007736944,0.0012894907,0,0,0,1,0
66895,0,0,-1.4646821,0.18775225,0,0,test,3.0,3.0,0.0,1.0,0.0,0.0,0.001934236,0.0,0,0,1,0,0
66896,-1,0,0.38830167,0.59587383,1,1,unassigned,4.0,4.0,0.0,1.0,0.0,0.0,0.003868472,0.0,0,0,0,1,0
66897,-1,1,1.9129994,0.8713558,1,1,unassigned,2.0,2.0,0.0,1.0,0.0,0.0,0.0,0.0,1,0,0,1,0
66898,0,1,-0.3673952,0.4091706,0,0,unassigned,6.0,5.0,1.0,0.8333333,0.16666667,0.16666669,0.007736944,0.0012894907,1,0,1,0,0
66899,0,1,0.16235715,0.54050034,1,1,test,10.0,10.0,0.0,1.0,0.0,0.0,0.015473888,0.0,1,0,0,1,0
66900,1,0,0.45453972,0.611718,1,0,test,2.0,2.0,0.0,1.0,0.0,0.0,0.0,0.0,0,0,1,1,0
66901,-1,0,-0.33789098,0.4163219,0,1,unassigned,30.0,30.0,0.0,1.0,0.0,0.0,0.054158606,0.0,0,0,0,0,0
66902,-1,0,3.4786394,0.9700739,1,1,unassigned,2.0,2.0,0.0,1.0,0.0,0.0,0.0,0.0,0,0,0,1,1
66903,-1,0,12.274107,0.99999535,1,1,unassigned,6.0,4.0,2.0,0.6666667,0.33333334,0.3333333,0.007736944,0.0025789815,0,0,0,1,1
66904,-1,0,0.90175396,0.7113098,1,1,unassigned,2.0,2.0,0.0,1.0,0.0,0.0,0.0,0.0,0,0,0,1,0
66905,-1,1,1.5321128,0.8223152,1,1,unassigned,11.0,9.0,2.0,0.8181818,0.18181819,0.18181819,0.017408123,0.0031651135,1,0,0,1,0
66906,0,1,-0.8805767,0.29305828,0,0,unassigned,2.0,2.0,0.0,1.0,0.0,0.0,0.0,0.0,1,0,1,0,0
66907,-1,0,2.1026971,0.8911651,1,1,unassigned,9.0,9.0,0.0,1.0,0.0,0.0,0.013539651,0.0,0,0,0,1,0
66908,-1,0,-0.2758631,0.43146828,0,1,unassigned,2.0,2.0,0.0,1.0,0.0,0.0,0.0,0.0,0,0,0,0,0
66909,-1,0,3.9343026,0.9808158,1,1,unassigned,2.0,2.0,0.0,1.0,0.0,0.0,0.0,0.0,0,0,0,1,1
66910,-1,1,-0.9431272,0.2802691,0,1,unassigned,8.0,4.0,4.0,0.5,0.5,0.5,0.0116054155,0.0058027077,1,0,0,0,0
66911,-1,0,3.1995633,0.9608178,1,1,unassigned,2.0,2.0,0.0,1.0,0.0,0.0,0.0,0.0,0,0,0,1,1
66912,-1,0,-0.41194874,0.39844495,0,1,unassigned,17.0,17.0,0.0,1.0,0.0,0.0,0.029013539,0.0,0,0,0,0,0
66913,-1,0,-0.15514195,0.46129212,0,1,unassigned,8.0,7.0,1.0,0.875,0.125,0.125,0.0116054155,0.0014506769,0,0,0,0,0
66914,-1,1,-0.37710387,0.4068256,0,1,unassigned,3.0,3.0,0.0,1.0,0.0,0.0,0.001934236,0.0,1,0,0,0,0
66915,-1,1,0.83581764,0.6975837,1,1,unassigned,3.0,3.0,0.0,1.0,0.0,0.0,0.001934236,0.0,1,0,0,1,0
66916,0,0,0.694212,0.66690326,1,1,unassigned,30.0,28.0,2.0,0.93333334,0.06666667,0.06666666,0.054158606,0.003610574,0,0,0,1,0
66917,-1,1,3.3245962,0.96526307,1,1,unassigned,2.0,2.0,0.0,1.0,0.0,0.0,0.0,0.0,1,0,0,1,1
66918,-1,0,1.314141,0.78820527,1,1,unassigned,12.0,12.0,0.0,1.0,0.0,0.0,0.01934236,0.0,0,0,0,1,0
66919,-1,0,4.8244,0.99203265,1,1,unassigned,3.0,3.0,0.0,1.0,0.0,0.0,0.001934236,0.0,0,0,0,1,1
66920,-1,1,0.96678644,0.72447854,1,1,unassigned,4.0,4.0,0.0,1.0,0.0,0.0,0.003868472,0.0,1,0,0,1,0
66921,-1,1,4.3542013,0.9873104,1,1,unassigned,6.0,5.0,1.0,0.8333333,0.16666667,0.16666669,0.007736944,0.0012894907,1,0,0,1,1
66922,-1,0,-0.5536163,0.36502582,0,1,unassigned,21.0,20.0,1.0,0.95238096,0.04761905,0.047619045,0.036750484,0.0017500231,0,0,0,0,0
66923,-1,0,-0.80999714,0.3078911,0,1,unassigned,4.0,4.0,0.0,1.0,0.0,0.0,0.003868472,0.0,0,0,0,0,0
66924,-1,0,6.1146092,0.9977945,1,1,unassigned,6.0,6.0,0.0,1.0,0.0,0.0,0.007736944,0.0,0,0,0,1,1
66925,-1,0,-0.1759888,0.456116,0,1,unassigned,22.0,22.0,0.0,1.0,0.0,0.0,0.03868472,0.0,0,0,0,0,0
66926,-1,1,0.97422713,0.72596127,1,1,unassigned,3.0,2.0,1.0,0.6666667,0.33333334,0.3333333,0.001934236,0.00064474536,1,0,0,1,0
66927,-1,1,2.3198202,0.9105053,1,1,unassigned,4.0,3.0,1.0,0.75,0.25,0.25,0.003868472,0.000967118,1,0,0,1,1
66928,-1,1,-0.2302737,0.44268462,0,1,unassigned,6.0,5.0,1.0,0.8333333,0.16666667,0.16666669,0.007736944,0.0012894907,1,0,0,0,0
66929,-1,0,2.3892024,0.9160002,1,1,unassigned,10.0,9.0,1.0,0.9,0.1,0.100000024,0.015473888,0.0015473888,0,0,0,1,1
66930,-1,0,2.674194,0.9354867,1,1,unassigned,6.0,4.0,2.0,0.6666667,0.33333334,0.3333333,0.007736944,0.0025789815,0,0,0,1,1
66931,-1,0,0.6277712,0.6519839,1,1,unassigned,2.0,2.0,0.0,1.0,0.0,0.0,0.0,0.0,0,0,0,1,0
66932,-1,0,-0.15791565,0.46060297,0,1,unassigned,12.0,12.0,0.0,1.0,0.0,0.0,0.01934236,0.0,0,0,0,0,0
66933,-1,0,-0.54665333,0.36664122,0,1,unassigned,4.0,4.0,0.0,1.0,0.0,0.0,0.003868472,0.0,0,0,0,0,0
66934,-1,1,1.0926561,0.7488816,1,1,unassigned,2.0,2.0,0.0,1.0,0.0,0.0,0.0,0.0,1,0,0,1,0
66935,-1,1,-0.55940884,0.36368424,0,1,unassigned,7.0,7.0,0.0,1.0,0.0,0.0,0.00967118,0.0,1,0,0,0,0
66936,-1,1,2.959657,0.95071787,1,1,unassigned,3.0,3.0,0.0,1.0,0.0,0.0,0.001934236,0.0,1,0,0,1,1
66937,-1,1,3.0509107,0.9548218,1,1,unassigned,10.0,9.0,1.0,0.9,0.1,0.100000024,0.015473888,0.0015473888,1,0,0,1,1
66938,-1,1,1.5581155,0.82608277,1,1,unassigned,5.0,5.0,0.0,1.0,0.0,0.0,0.0058027077,0.0,1,0,0,1,0
66939,-1,1,-0.9459837,0.27969322,0,1,unassigned,17.0,17.0,0.0,1.0,0.0,0.0,0.029013539,0.0,1,0,0,0,0
66940,-1,1,5.6845117,0.9966133,1,1,unassigned,3.0,1.0,2.0,0.33333334,0.6666667,0.6666666,0.001934236,0.0012894907,1,0,0,1,1
66941,-1,0,4.588605,0.98993534,1,1,unassigned,4.0,4.0,0.0,1.0,0.0,0.0,0.003868472,0.0,0,0,0,1,1
66942,-1,1,-0.36241564,0.4103749,0,1,unassigned,42.0,42.0,0.0,1.0,0.0,0.0,0.07736944,0.0,1,0,0,0,0
66943,-1,1,-1.4541042,0.18937072,0,1,unassigned,2.0,2.0,0.0,1.0,0.0,0.0,0.0,0.0,1,0,0,0,0
66944,-1,1,0.39828074,0.5982745,1,1,unassigned,4.0,4.0,0.0,1.0,0.0,0.0,0.003868472,0.0,1,0,0,1,0
66945,-1,1,1.267009,0.78023034,1,1,unassigned,5.0,5.0,0.0,1.0,0.0,0.0,0.0058027077,0.0,1,0,0,1,0
66946,-1,1,-0.5421816,0.36768022,0,1,unassigned,20.0,19.0,1.0,0.95,0.05,0.050000012,0.034816246,0.0017408123,1,0,0,0,0
66947,-1,0,0.6943343,0.66693044,1,1,unassigned,10.0,10.0,0.0,1.0,0.0,0.0,0.015473888,0.0,0,0,0,1,0
66948,-1,0,-0.62140787,0.34946132,0,1,unassigned,14.0,12.0,2.0,0.85714287,0.14285715,0.14285713,0.023210831,0.0033158332,0,0,0,0,0
66949,-1,1,4.35255,0.9872897,1,1,unassigned,7.0,2.0,5.0,0.2857143,0.71428573,0.71428573,0.00967118,0.0069079855,1,0,0,1,1
66950,-1,0,2.7424538,0.9394857,1,1,unassigned,6.0,6.0,0.0,1.0,0.0,0.0,0.007736944,0.0,0,0,0,1,1
66951,-1,0,0.029287517,0.50732136,1,1,unassigned,7.0,7.0,0.0,1.0,0.0,0.0,0.00967118,0.0,0,0,0,1,0
66952,-1,0,-0.4745148,0.3835482,0,1,unassigned,12.0,12.0,0.0,1.0,0.0,0.0,0.01934236,0.0,0,0,0,0,0
66953,0,0,0.5905209,0.6434847,1,1,unassigned,6.0,6.0,0.0,1.0,0.0,0.0,0.007736944,0.0,0,0,0,1,0
66954,-1,0,-0.6431132,0.34454313,0,1,unassigned,6.0,6.0,0.0,1.0,0.0,0.0,0.007736944,0.0,0,0,0,0,0
66955,-1,0,0.6081503,0.64751875,1,1,unassigned,2.0,2.0,0.0,1.0,0.0,0.0,0.0,0.0,0,0,0,1,0
66956,-1,1,-0.08186132,0.4795461,0,1,unassigned,2.0,2.0,0.0,1.0,0.0,0.0,0.0,0.0,1,0,0,0,0
66957,0,0,0.03156066,0.5078895,1,1,unassigned,9.0,9.0,0.0,1.0,0.0,0.0,0.013539651,0.0,0,0,0,1,0
66958,-1,1,-0.46394888,0.38604948,0,1,unassigned,26.0,26.0,0.0,1.0,0.0,0.0,0.046421662,0.0,1,0,0,0,0
66959,-1,0,2.0732026,0.8882713,1,1,unassigned,2.0,2.0,0.0,1.0,0.0,0.0,0.0,0.0,0,0,0,1,0
66960,-1,0,3.2820308,0.9638072,1,1,unassigned,8.0,8.0,0.0,1.0,0.0,0.0,0.0116054155,0.0,0,0,0,1,1
66961,0,1,-0.38090134,0.40590954,0,0,test,18.0,18.0,0.0,1.0,0.0,0.0,0.030947777,0.0,1,0,1,0,0
66962,-1,0,-0.16125405,0.4597736,0,1,unassigned,5.0,5.0,0.0,1.0,0.0,0.0,0.0058027077,0.0,0,0,0,0,0
66963,-1,1,9.352968,0.99991333,1,1,unassigned,4.0,4.0,0.0,1.0,0.0,0.0,0.003868472,0.0,1,0,0,1,1
66964,-1,0,-0.3966683,0.40211308,0,1,unassigned,4.0,4.0,0.0,1.0,0.0,0.0,0.003868472,0.0,0,0,0,0,0
66965,-1,0,0.8286827,0.69607633,1,1,unassigned,2.0,2.0,0.0,1.0,0.0,0.0,0.0,0.0,0,0,0,1,0
66966,-1,0,1.214911,0.7711667,1,1,unassigned,2.0,2.0,0.0,1.0,0.0,0.0,0.0,0.0,0,0,0,1,0
66967,1,0,0.21987599,0.5547486,1,0,val,2.0,2.0,0.0,1.0,0.0,0.0,0.0,0.0,0,0,1,1,0
66968,-1,1,-0.7434808,0.32224345,0,1,unassigned,91.0,90.0,1.0,0.989011,0.010989011,0.01098901,0.172147,0.0018917253,1,0,0,0,0
66969,-1,1,-0.5126807,0.3745653,0,1,unassigned,147.0,146.0,1.0,0.99319726,0.006802721,0.0068027377,0.2804642,0.0019079196,1,0,0,0,0
66970,-1,1,4.1788583,0.984915,1,1,unassigned,7.0,7.0,0.0,1.0,0.0,0.0,0.00967118,0.0,1,0,0,1,1
66971,-1,0,-1.5613587,0.17345177,0,1,unassigned,2.0,2.0,0.0,1.0,0.0,0.0,0.0,0.0,0,0,0,0,0
66972,-1,0,8.629948,0.99982136,1,1,unassigned,3.0,3.0,0.0,1.0,0.0,0.0,0.001934236,0.0,0,0,0,1,1
66973,-1,1,0.358312,0.5886318,1,1,unassigned,4.0,4.0,0.0,1.0,0.0,0.0,0.003868472,0.0,1,0,0,1,0
66974,-1,0,4.2238574,0.9855693,1,1,unassigned,2.0,2.0,0.0,1.0,0.0,0.0,0.0,0.0,0,0,0,1,1
66975,-1,0,4.374507,0.9875623,1,1,unassigned,9.0,7.0,2.0,0.7777778,0.22222222,0.22222221,0.013539651,0.0030088115,0,0,0,1,1
66976,-1,1,2.1109807,0.89196587,1,1,unassigned,6.0,3.0,3.0,0.5,0.5,0.5,0.007736944,0.003868472,1,0,0,1,0
66977,-1,1,5.0140705,0.9934001,1,1,unassigned,10.0,7.0,3.0,0.7,0.3,0.3,0.015473888,0.0046421667,1,0,0,1,1
66978,-1,0,0.21831435,0.55436283,1,1,unassigned,19.0,19.0,0.0,1.0,0.0,0.0,0.032882012,0.0,0,0,0,1,0
66979,-1,0,-0.35404682,0.41240144,0,1,unassigned,11.0,11.0,0.0,1.0,0.0,0.0,0.017408123,0.0,0,0,0,0,0
66980,1,1,1.4199255,0.80532676,1,0,val,13.0,13.0,0.0,1.0,0.0,0.0,0.021276595,0.0,1,0,1,1,0
66981,-1,1,1.2897966,0.7841128,1,1,unassigned,12.0,12.0,0.0,1.0,0.0,0.0,0.01934236,0.0,1,0,0,1,0
66982,-1,1,0.45114714,0.61091197,1,1,unassigned,11.0,11.0,0.0,1.0,0.0,0.0,0.017408123,0.0,1,0,0,1,0
66983,0,1,-0.287744,0.42855623,0,0,unassigned,24.0,23.0,1.0,0.9583333,0.041666668,0.041666687,0.04255319,0.0017730496,1,0,1,0,0
66984,-1,1,2.355496,0.9133701,1,1,unassigned,9.0,7.0,2.0,0.7777778,0.22222222,0.22222221,0.013539651,0.0030088115,1,0,0,1,1
66985,-1,1,9.258549,0.99990475,1,1,unassigned,2.0,2.0,0.0,1.0,0.0,0.0,0.0,0.0,1,0,0,1,1
66986,-1,1,1.1484759,0.7592324,1,1,unassigned,4.0,3.0,1.0,0.75,0.25,0.25,0.003868472,0.000967118,1,0,0,1,0
66987,-1,1,-0.42981267,0.39417106,0,1,unassigned,15.0,12.0,3.0,0.8,0.2,0.19999999,0.025145067,0.0050290134,1,0,0,0,0
66988,-1,0,12.355726,0.9999957,1,1,unassigned,2.0,2.0,0.0,1.0,0.0,0.0,0.0,0.0,0,0,0,1,1
66989,-1,0,2.5272725,0.92603177,1,1,unassigned,18.0,17.0,1.0,0.9444444,0.055555556,0.055555582,0.030947777,0.0017193209,0,0,0,1,1
66990,-1,0,2.2425063,0.9040022,1,1,unassigned,18.0,17.0,1.0,0.9444444,0.055555556,0.055555582,0.030947777,0.0017193209,0,0,0,1,1
66991,-1,0,1.2895439,0.78407,1,1,unassigned,2.0,2.0,0.0,1.0,0.0,0.0,0.0,0.0,0,0,0,1,0
66992,-1,0,1.1313329,0.7560848,1,1,unassigned,3.0,1.0,2.0,0.33333334,0.6666667,0.6666666,0.001934236,0.0012894907,0,0,0,1,0
66993,-1,0,2.1023457,0.891131,1,1,unassigned,2.0,2.0,0.0,1.0,0.0,0.0,0.0,0.0,0,0,0,1,0
66994,-1,1,0.74371094,0.6778068,1,1,unassigned,5.0,1.0,4.0,0.2,0.8,0.8,0.0058027077,0.004642166,1,1,0,1,0
66995,-1,0,-0.7905474,0.31205115,0,1,unassigned,4.0,4.0,0.0,1.0,0.0,0.0,0.003868472,0.0,0,0,0,0,0
66996,-1,1,0.10198039,0.525473,1,1,unassigned,4.0,4.0,0.0,1.0,0.0,0.0,0.003868472,0.0,1,0,0,1,0
66997,-1,1,4.9373736,0.99287766,1,1,unassigned,2.0,2.0,0.0,1.0,0.0,0.0,0.0,0.0,1,0,0,1,1
66998,-1,0,0.7517988,0.67957056,1,1,unassigned,7.0,6.0,1.0,0.85714287,0.14285715,0.14285713,0.00967118,0.0013815971,0,0,0,1,0
66999,-1,0,-0.47402686,0.3836636,0,1,unassigned,4.0,4.0,0.0,1.0,0.0,0.0,0.003868472,0.0,0,0,0,0,0
67000,-1,0,-0.63915026,0.34543866,0,1,unassigned,61.0,17.0,44.0,0.27868852,0.72131145,0.72131145,0.114119925,0.08231601,0,0,0,0,0
67001,-1,0,0.09714526,0.5242672,1,1,unassigned,2.0,2.0,0.0,1.0,0.0,0.0,0.0,0.0,0,0,0,1,0
67002,1,0,0.02478236,0.50619525,1,0,val,7.0,7.0,0.0,1.0,0.0,0.0,0.00967118,0.0,0,0,1,1,0
67003,-1,1,4.975238,0.9931405,1,1,unassigned,23.0,17.0,6.0,0.73913044,0.26086956,0.26086956,0.040618956,0.010596249,1,0,0,1,1
67004,1,1,0.31758326,0.5787352,1,0,val,2.0,2.0,0.0,1.0,0.0,0.0,0.0,0.0,1,0,1,1,0
67005,-1,1,2.8501856,0.9453283,1,1,unassigned,11.0,11.0,0.0,1.0,0.0,0.0,0.017408123,0.0,1,0,0,1,1
67006,-1,0,0.44108504,0.6085175,1,1,unassigned,2.0,2.0,0.0,1.0,0.0,0.0,0.0,0.0,0,0,0,1,0
67007,-1,1,2.6476629,0.9338668,1,1,unassigned,17.0,16.0,1.0,0.9411765,0.05882353,0.058823526,0.029013539,0.0017066788,1,0,0,1,1
67008,-1,1,1.468631,0.8128492,1,1,unassigned,32.0,31.0,1.0,0.96875,0.03125,0.03125,0.058027077,0.0018133462,1,0,0,1,0
67009,-1,1,0.5167847,0.62639564,1,1,unassigned,15.0,14.0,1.0,0.93333334,0.06666667,0.06666666,0.025145067,0.0016763379,1,0,0,1,0
67010,-1,1,-0.17573011,0.45618019,0,1,unassigned,5.0,5.0,0.0,1.0,0.0,0.0,0.0058027077,0.0,1,0,0,0,0
67011,-1,1,2.55703,0.9280444,1,1,unassigned,8.0,8.0,0.0,1.0,0.0,0.0,0.0116054155,0.0,1,0,0,1,1
67012,-1,1,2.665312,0.93494844,1,1,unassigned,4.0,4.0,0.0,1.0,0.0,0.0,0.003868472,0.0,1,0,0,1,1
67013,1,0,1.2679913,0.7803987,1,0,val,13.0,13.0,0.0,1.0,0.0,0.0,0.021276595,0.0,0,0,1,1,0
67014,-1,0,1.0101945,0.7330582,1,1,unassigned,4.0,3.0,1.0,0.75,0.25,0.25,0.003868472,0.000967118,0,0,0,1,0
67015,-1,0,-0.7267559,0.32590705,0,1,unassigned,2.0,2.0,0.0,1.0,0.0,0.0,0.0,0.0,0,0,0,0,0
67016,-1,0,1.8959465,0.86943203,1,1,unassigned,2.0,2.0,0.0,1.0,0.0,0.0,0.0,0.0,0,0,0,1,0
67017,-1,0,3.7764971,0.97761005,1,1,unassigned,5.0,5.0,0.0,1.0,0.0,0.0,0.0058027077,0.0,0,0,0,1,1
67018,-1,0,0.54917485,0.63394415,1,1,unassigned,9.0,9.0,0.0,1.0,0.0,0.0,0.013539651,0.0,0,0,0,1,0
67019,-1,0,0.962334,0.7235888,1,1,unassigned,7.0,1.0,6.0,0.14285715,0.85714287,0.85714287,0.00967118,0.008289583,0,0,0,1,0
67020,-1,1,-0.47253442,0.38401654,0,1,unassigned,69.0,69.0,0.0,1.0,0.0,0.0,0.1295938,0.0,1,0,0,0,0
67021,-1,1,0.4985568,0.62212014,1,1,unassigned,24.0,24.0,0.0,1.0,0.0,0.0,0.04255319,0.0,1,0,0,1,0
67022,-1,0,-0.83698094,0.30217102,0,1,unassigned,24.0,24.0,0.0,1.0,0.0,0.0,0.04255319,0.0,0,0,0,0,0
67023,-1,0,-0.43613362,0.39266267,0,1,unassigned,14.0,14.0,0.0,1.0,0.0,0.0,0.023210831,0.0,0,0,0,0,0
67024,-1,1,2.580676,0.9296075,1,1,unassigned,2.0,2.0,0.0,1.0,0.0,0.0,0.0,0.0,1,0,0,1,1
67025,1,1,3.5079834,0.97091407,1,0,unassigned,3.0,2.0,1.0,0.6666667,0.33333334,0.3333333,0.001934236,0.00064474536,1,0,1,1,1
67026,-1,0,1.781739,0.8559115,1,1,unassigned,6.0,6.0,0.0,1.0,0.0,0.0,0.007736944,0.0,0,0,0,1,0
67027,-1,0,2.0146081,0.8823223,1,1,unassigned,3.0,2.0,1.0,0.6666667,0.33333334,0.3333333,0.001934236,0.00064474536,0,0,0,1,0
67028,-1,0,0.7945021,0.68879724,1,1,unassigned,2.0,2.0,0.0,1.0,0.0,0.0,0.0,0.0,0,0,0,1,0
67029,-1,0,0.017489135,0.5043722,1,1,unassigned,12.0,12.0,0.0,1.0,0.0,0.0,0.01934236,0.0,0,0,0,1,0
67030,-1,1,1.4704864,0.8131313,1,1,unassigned,2.0,2.0,0.0,1.0,0.0,0.0,0.0,0.0,1,0,0,1,0
67031,0,1,2.4639585,0.9215762,1,1,test,33.0,28.0,5.0,0.8484849,0.15151516,0.15151513,0.059961315,0.009085048,1,0,0,1,1
67032,-1,0,5.526811,0.9960372,1,1,unassigned,3.0,3.0,0.0,1.0,0.0,0.0,0.001934236,0.0,0,0,0,1,1
67033,-1,0,2.1677558,0.8973164,1,1,unassigned,14.0,14.0,0.0,1.0,0.0,0.0,0.023210831,0.0,0,0,0,1,0
67034,-1,0,-0.5807926,0.35875022,0,1,unassigned,3.0,3.0,0.0,1.0,0.0,0.0,0.001934236,0.0,0,0,0,0,0
67035,-1,1,2.8214672,0.9438249,1,1,unassigned,57.0,50.0,7.0,0.877193,0.12280702,0.122807026,0.10638298,0.013064576,1,0,0,1,1
67036,-1,1,0.09967756,0.52489877,1,1,unassigned,21.0,20.0,1.0,0.95238096,0.04761905,0.047619045,0.036750484,0.0017500231,1,0,0,1,0
67037,1,1,-0.56845874,0.36159253,0,1,unassigned,151.0,144.0,7.0,0.95364237,0.046357617,0.04635763,0.28820115,0.013360319,1,0,0,0,0
67038,-1,1,-0.8002983,0.3099617,0,1,unassigned,40.0,38.0,2.0,0.95,0.05,0.050000012,0.07350097,0.0036750485,1,0,0,0,0
67039,-1,1,-0.8618889,0.29694486,0,1,unassigned,79.0,68.0,11.0,0.8607595,0.1392405,0.1392405,0.14893617,0.020737946,1,0,0,0,0
67040,-1,1,0.25025564,0.56223947,1,1,unassigned,46.0,43.0,3.0,0.9347826,0.06521739,0.065217376,0.08510638,0.005550416,1,0,0,1,0
67041,-1,0,-0.8161288,0.30658603,0,1,unassigned,6.0,6.0,0.0,1.0,0.0,0.0,0.007736944,0.0,0,0,0,0,0
67042,-1,1,0.20845109,0.5519249,1,1,unassigned,43.0,43.0,0.0,1.0,0.0,0.0,0.079303674,0.0,1,0,0,1,0
67043,-1,1,-0.19369161,0.4517279,0,1,unassigned,11.0,10.0,1.0,0.90909094,0.09090909,0.090909064,0.017408123,0.0015825568,1,0,0,0,0
67044,-1,0,-0.6534045,0.34222275,0,1,unassigned,5.0,4.0,1.0,0.8,0.2,0.19999999,0.0058027077,0.0011605415,0,0,0,0,0
67045,-1,0,6.594299,0.9986337,1,1,unassigned,4.0,3.0,1.0,0.75,0.25,0.25,0.003868472,0.000967118,0,0,0,1,1
67046,-1,0,0.02938062,0.5073446,1,1,unassigned,24.0,23.0,1.0,0.9583333,0.041666668,0.041666687,0.04255319,0.0017730496,0,0,0,1,0
67047,-1,0,7.758433,0.99957305,1,1,unassigned,2.0,2.0,0.0,1.0,0.0,0.0,0.0,0.0,0,0,0,1,1
67048,-1,0,1.1944327,0.7675329,1,1,unassigned,4.0,4.0,0.0,1.0,0.0,0.0,0.003868472,0.0,0,0,0,1,0
67049,-1,1,-0.34994748,0.41339517,0,1,unassigned,48.0,48.0,0.0,1.0,0.0,0.0,0.088974856,0.0,1,0,0,0,0
67050,-1,1,-0.96476454,0.27592528,0,1,unassigned,18.0,18.0,0.0,1.0,0.0,0.0,0.030947777,0.0,1,0,0,0,0
67051,0,0,0.124556005,0.5310988,1,1,test,19.0,19.0,0.0,1.0,0.0,0.0,0.032882012,0.0,0,0,0,1,0
67052,1,0,-0.3824628,0.40553302,0,1,unassigned,10.0,5.0,5.0,0.5,0.5,0.5,0.015473888,0.007736944,0,0,0,0,0
67053,-1,1,8.009179,0.99966776,1,1,unassigned,2.0,2.0,0.0,1.0,0.0,0.0,0.0,0.0,1,0,0,1,1
67054,1,1,2.6636202,0.9348455,1,0,unassigned,5.0,5.0,0.0,1.0,0.0,0.0,0.0058027077,0.0,1,0,1,1,1
67055,-1,0,-0.36892325,0.40880123,0,1,unassigned,2.0,2.0,0.0,1.0,0.0,0.0,0.0,0.0,0,0,0,0,0
67056,-1,0,0.24525684,0.5610087,1,1,unassigned,3.0,3.0,0.0,1.0,0.0,0.0,0.001934236,0.0,0,0,0,1,0
67057,-1,0,-0.85221255,0.29896894,0,1,unassigned,2.0,2.0,0.0,1.0,0.0,0.0,0.0,0.0,0,0,0,0,0
67058,-1,1,-0.91722333,0.28552398,0,1,unassigned,24.0,24.0,0.0,1.0,0.0,0.0,0.04255319,0.0,1,0,0,0,0
67059,0,1,-0.52263206,0.372237,0,0,test,37.0,33.0,4.0,0.8918919,0.10810811,0.1081081,0.06769826,0.0073187314,1,0,1,0,0
67060,-1,1,1.9081311,0.870809,1,1,unassigned,37.0,17.0,20.0,0.45945945,0.5405405,0.5405406,0.06769826,0.036593653,1,0,0,1,0
67061,-1,0,7.1046567,0.9991794,1,1,unassigned,10.0,10.0,0.0,1.0,0.0,0.0,0.015473888,0.0,0,0,0,1,1
67062,-1,1,-1.007079,0.2675519,0,1,unassigned,2.0,1.0,1.0,0.5,0.5,0.5,0.0,0.0,1,0,0,0,0
67063,-1,1,2.956827,0.9505852,1,1,unassigned,3.0,2.0,1.0,0.6666667,0.33333334,0.3333333,0.001934236,0.00064474536,1,0,0,1,1
67064,-1,0,0.6632245,0.65998435,1,1,unassigned,7.0,7.0,0.0,1.0,0.0,0.0,0.00967118,0.0,0,0,0,1,0
67065,-1,1,4.1717587,0.9848092,1,1,unassigned,4.0,4.0,0.0,1.0,0.0,0.0,0.003868472,0.0,1,0,0,1,1
67066,-1,0,-0.689262,0.33419725,0,1,unassigned,2.0,2.0,0.0,1.0,0.0,0.0,0.0,0.0,0,0,0,0,0
67067,-1,0,-0.46566027,0.3856439,0,1,unassigned,3.0,3.0,0.0,1.0,0.0,0.0,0.001934236,0.0,0,0,0,0,0
67068,-1,1,-0.44953114,0.38947228,0,1,unassigned,6.0,5.0,1.0,0.8333333,0.16666667,0.16666669,0.007736944,0.0012894907,1,0,0,0,0
67069,1,0,-0.29184315,0.4275527,0,1,unassigned,7.0,6.0,1.0,0.85714287,0.14285715,0.14285713,0.00967118,0.0013815971,0,0,0,0,0
67070,0,1,1.5527637,0.82531255,1,1,test,25.0,20.0,5.0,0.8,0.2,0.19999999,0.044487428,0.008897486,1,0,0,1,0
67071,-1,0,-0.6917594,0.3336418,0,1,unassigned,3.0,3.0,0.0,1.0,0.0,0.0,0.001934236,0.0,0,0,0,0,0
67072,-1,1,0.108606815,0.52712506,1,1,unassigned,87.0,86.0,1.0,0.9885057,0.011494253,0.011494279,0.16441005,0.0018897707,1,0,0,1,0
67073,-1,1,-0.6680305,0.338938,0,1,unassigned,90.0,90.0,0.0,1.0,0.0,0.0,0.17021276,0.0,1,0,0,0,0
67074,-1,0,0.25749034,0.56401926,1,1,unassigned,3.0,3.0,0.0,1.0,0.0,0.0,0.001934236,0.0,0,0,0,1,0
67075,-1,0,0.31328815,0.5776876,1,1,unassigned,2.0,2.0,0.0,1.0,0.0,0.0,0.0,0.0,0,0,0,1,0
67076,1,1,-0.7391057,0.32319972,0,1,test,65.0,65.0,0.0,1.0,0.0,0.0,0.12185687,0.0,1,0,0,0,0
67077,-1,1,-0.39315176,0.4029588,0,1,unassigned,51.0,51.0,0.0,1.0,0.0,0.0,0.09477756,0.0,1,0,0,0,0
67078,-1,1,3.9231493,0.9806049,1,1,unassigned,33.0,30.0,3.0,0.90909094,0.09090909,0.090909064,0.059961315,0.0054510287,1,0,0,1,1
67079,-1,1,-0.6773428,0.33685467,0,1,unassigned,33.0,32.0,1.0,0.969697,0.030303031,0.030303001,0.059961315,0.0018170096,1,0,0,0,0
67080,1,0,-0.53045726,0.37041023,0,1,val,7.0,7.0,0.0,1.0,0.0,0.0,0.00967118,0.0,0,0,0,0,0
67081,-1,0,-1.0230098,0.26444155,0,1,unassigned,2.0,2.0,0.0,1.0,0.0,0.0,0.0,0.0,0,0,0,0,0
67082,-1,0,-0.0698176,0.48255268,0,1,unassigned,8.0,8.0,0.0,1.0,0.0,0.0,0.0116054155,0.0,0,0,0,0,0
67083,0,1,-0.50594056,0.37614563,0,0,unassigned,10.0,10.0,0.0,1.0,0.0,0.0,0.015473888,0.0,1,0,1,0,0
67084,-1,0,-0.40608424,0.39985144,0,1,unassigned,41.0,41.0,0.0,1.0,0.0,0.0,0.07543521,0.0,0,0,0,0,0
67085,-1,0,-0.40476727,0.4001675,0,1,unassigned,5.0,5.0,0.0,1.0,0.0,0.0,0.0058027077,0.0,0,0,0,0,0
67086,-1,1,1.0915906,0.7486811,1,1,unassigned,19.0,14.0,5.0,0.7368421,0.2631579,0.2631579,0.032882012,0.008653161,1,0,0,1,0
67087,-1,0,2.9431913,0.9499407,1,1,unassigned,3.0,3.0,0.0,1.0,0.0,0.0,0.001934236,0.0,0,0,0,1,1
67088,-1,0,-0.22711647,0.44346368,0,1,unassigned,10.0,9.0,1.0,0.9,0.1,0.100000024,0.015473888,0.0015473888,0,0,0,0,0
67089,-1,0,-0.72755086,0.3257324,0,1,unassigned,14.0,14.0,0.0,1.0,0.0,0.0,0.023210831,0.0,0,0,0,0,0
67090,-1,1,0.367696,0.59090215,1,1,unassigned,27.0,25.0,2.0,0.9259259,0.074074075,0.07407409,0.0483559,0.0035819185,1,0,0,1,0
67091,-1,1,1.8671873,0.86613244,1,1,unassigned,4.0,3.0,1.0,0.75,0.25,0.25,0.003868472,0.000967118,1,0,0,1,0
67092,-1,1,2.0929952,0.89022046,1,1,unassigned,14.0,13.0,1.0,0.9285714,0.071428575,0.0714286,0.023210831,0.0016579166,1,0,0,1,0
67093,-1,0,-0.120054066,0.4700225,0,1,unassigned,4.0,4.0,0.0,1.0,0.0,0.0,0.003868472,0.0,0,0,0,0,0
67094,-1,0,-0.72549075,0.32618502,0,1,unassigned,9.0,9.0,0.0,1.0,0.0,0.0,0.013539651,0.0,0,0,0,0,0
67095,-1,0,0.010612905,0.5026532,1,1,unassigned,2.0,2.0,0.0,1.0,0.0,0.0,0.0,0.0,0,0,0,1,0
67096,-1,0,-0.3136234,0.42223054,0,1,unassigned,31.0,25.0,6.0,0.8064516,0.19354838,0.19354838,0.056092843,0.010856679,0,0,0,0,0
67097,-1,0,0.9390355,0.7189048,1,1,unassigned,3.0,3.0,0.0,1.0,0.0,0.0,0.001934236,0.0,0,0,0,1,0
67098,1,0,0.4405945,0.6084007,1,0,val,5.0,5.0,0.0,1.0,0.0,0.0,0.0058027077,0.0,0,0,1,1,0
67099,-1,1,-0.6814801,0.33593103,0,1,unassigned,17.0,17.0,0.0,1.0,0.0,0.0,0.029013539,0.0,1,0,0,0,0
67100,-1,0,-0.53355336,0.3696885,0,1,unassigned,4.0,4.0,0.0,1.0,0.0,0.0,0.003868472,0.0,0,0,0,0,0
67101,-1,1,0.36038047,0.58913255,1,1,unassigned,23.0,23.0,0.0,1.0,0.0,0.0,0.040618956,0.0,1,0,0,1,0
67102,1,1,0.17929584,0.54470426,1,0,val,3.0,3.0,0.0,1.0,0.0,0.0,0.001934236,0.0,1,0,1,1,0
67103,1,0,-0.082647026,0.47935,0,1,test,6.0,6.0,0.0,1.0,0.0,0.0,0.007736944,0.0,0,0,0,0,0
67104,-1,0,-0.6021745,0.35384637,0,1,unassigned,10.0,10.0,0.0,1.0,0.0,0.0,0.015473888,0.0,0,0,0,0,0
67105,-1,1,-0.58229023,0.3584058,0,1,unassigned,28.0,27.0,1.0,0.96428573,0.035714287,0.03571427,0.050290134,0.0017960763,1,0,0,0,0
67106,-1,0,2.1464174,0.8953335,1,1,unassigned,2.0,2.0,0.0,1.0,0.0,0.0,0.0,0.0,0,0,0,1,0
67107,-1,0,-1.1920334,0.23289548,0,1,unassigned,3.0,3.0,0.0,1.0,0.0,0.0,0.001934236,0.0,0,0,0,0,0
67108,1,1,-0.19118193,0.4523496,0,1,test,5.0,5.0,0.0,1.0,0.0,0.0,0.0058027077,0.0,1,0,0,0,0
67109,0,1,-0.73901355,0.3232199,0,0,train,16.0,6.0,10.0,0.375,0.625,0.625,0.027079303,0.016924564,1,0,1,0,0
67110,-1,0,1.1488988,0.75930977,1,1,unassigned,7.0,7.0,0.0,1.0,0.0,0.0,0.00967118,0.0,0,0,0,1,0
67111,-1,0,-0.020738602,0.49481556,0,1,unassigned,21.0,21.0,0.0,1.0,0.0,0.0,0.036750484,0.0,0,0,0,0,0
67112,-1,1,-0.5264372,0.37134823,0,1,unassigned,14.0,11.0,3.0,0.78571427,0.21428572,0.21428573,0.023210831,0.0049737496,1,0,0,0,0
67113,-1,0,-0.4598028,0.3870326,0,1,unassigned,9.0,9.0,0.0,1.0,0.0,0.0,0.013539651,0.0,0,0,0,0,0
67114,-1,0,-0.42833048,0.39452505,0,1,unassigned,2.0,2.0,0.0,1.0,0.0,0.0,0.0,0.0,0,0,0,0,0
67115,-1,0,3.910969,0.9803719,1,1,unassigned,4.0,4.0,0.0,1.0,0.0,0.0,0.003868472,0.0,0,0,0,1,1
67116,-1,0,0.5803786,0.6411545,1,1,unassigned,6.0,6.0,0.0,1.0,0.0,0.0,0.007736944,0.0,0,0,0,1,0
67117,-1,0,10.357952,0.9999683,1,1,unassigned,18.0,15.0,3.0,0.8333333,0.16666667,0.16666669,0.030947777,0.005157963,0,0,0,1,1
67118,0,0,0.07117504,0.51778626,1,1,val,3.0,3.0,0.0,1.0,0.0,0.0,0.001934236,0.0,0,0,0,1,0
67119,-1,1,-0.875608,0.29408872,0,1,unassigned,16.0,16.0,0.0,1.0,0.0,0.0,0.027079303,0.0,1,0,0,0,0
67120,-1,1,5.8185925,0.99703705,1,1,unassigned,3.0,3.0,0.0,1.0,0.0,0.0,0.001934236,0.0,1,0,0,1,1
67121,-1,0,0.79267544,0.6884055,1,1,unassigned,2.0,2.0,0.0,1.0,0.0,0.0,0.0,0.0,0,0,0,1,0
67122,1,0,1.5267153,0.8215252,1,0,val,3.0,3.0,0.0,1.0,0.0,0.0,0.001934236,0.0,0,0,1,1,0
67123,-1,0,0.19012463,0.5473885,1,1,unassigned,6.0,6.0,0.0,1.0,0.0,0.0,0.007736944,0.0,0,0,0,1,0
67124,-1,0,1.5051782,0.81834555,1,1,unassigned,11.0,11.0,0.0,1.0,0.0,0.0,0.017408123,0.0,0,0,0,1,0
67125,-1,1,6.751929,0.99883276,1,1,unassigned,5.0,5.0,0.0,1.0,0.0,0.0,0.0058027077,0.0,1,0,0,1,1
67126,-1,0,6.3887167,0.9983224,1,1,unassigned,3.0,2.0,1.0,0.6666667,0.33333334,0.3333333,0.001934236,0.00064474536,0,0,0,1,1
67127,-1,0,-0.6265597,0.34829104,0,1,unassigned,2.0,2.0,0.0,1.0,0.0,0.0,0.0,0.0,0,0,0,0,0
67128,1,0,-0.11772627,0.4706024,0,1,unassigned,4.0,4.0,0.0,1.0,0.0,0.0,0.003868472,0.0,0,0,0,0,0
67129,-1,0,-0.6545924,0.34195542,0,1,unassigned,3.0,3.0,0.0,1.0,0.0,0.0,0.001934236,0.0,0,0,0,0,0
67130,0,0,-2.029346,0.11615605,0,0,train,2.0,2.0,0.0,1.0,0.0,0.0,0.0,0.0,0,0,1,0,0
67131,-1,0,-0.8032271,0.30933565,0,1,unassigned,2.0,2.0,0.0,1.0,0.0,0.0,0.0,0.0,0,0,0,0,0
67132,1,1,6.030191,0.99760073,1,0,unassigned,13.0,13.0,0.0,1.0,0.0,0.0,0.021276595,0.0,1,0,1,1,1
67133,1,1,4.2301073,0.9856579,1,0,unassigned,8.0,8.0,0.0,1.0,0.0,0.0,0.0116054155,0.0,1,0,1,1,1
67134,1,1,3.6083958,0.97361946,1,0,unassigned,6.0,6.0,0.0,1.0,0.0,0.0,0.007736944,0.0,1,0,1,1,1
67135,-1,1,-0.88414407,0.29231977,0,1,unassigned,46.0,45.0,1.0,0.9782609,0.02173913,0.021739125,0.08510638,0.0018501388,1,0,0,0,0
67136,0,0,-0.7734306,0.31573746,0,0,unassigned,10.0,1.0,9.0,0.1,0.9,0.9,0.015473888,0.0139264995,0,0,1,0,0
67137,-1,0,1.6659052,0.84102917,1,1,unassigned,4.0,4.0,0.0,1.0,0.0,0.0,0.003868472,0.0,0,0,0,1,0
67138,-1,1,-0.92600954,0.28373498,0,1,unassigned,19.0,19.0,0.0,1.0,0.0,0.0,0.032882012,0.0,1,0,0,0,0
67139,-1,1,-0.86536115,0.29622045,0,1,unassigned,53.0,53.0,0.0,1.0,0.0,0.0,0.09864604,0.0,1,0,0,0,0
67140,-1,0,0.30937564,0.5767328,1,1,unassigned,5.0,5.0,0.0,1.0,0.0,0.0,0.0058027077,0.0,0,0,0,1,0
67141,-1,0,-0.45011383,0.3893337,0,1,unassigned,5.0,5.0,0.0,1.0,0.0,0.0,0.0058027077,0.0,0,0,0,0,0
67142,0,0,-0.21648651,0.44608876,0,0,unassigned,13.0,13.0,0.0,1.0,0.0,0.0,0.021276595,0.0,0,0,1,0,0
67143,-1,1,0.061888278,0.5154671,1,1,unassigned,22.0,21.0,1.0,0.95454544,0.045454547,0.04545456,0.03868472,0.0017583964,1,0,0,1,0
67144,-1,0,8.505646,0.99979776,1,1,unassigned,3.0,3.0,0.0,1.0,0.0,0.0,0.001934236,0.0,0,0,0,1,1
67145,-1,0,-0.89870834,0.289316,0,1,unassigned,2.0,2.0,0.0,1.0,0.0,0.0,0.0,0.0,0,0,0,0,0
67146,-1,0,2.8352845,0.94455296,1,1,unassigned,2.0,2.0,0.0,1.0,0.0,0.0,0.0,0.0,0,0,0,1,1
67147,1,0,-0.3135318,0.4222529,0,1,val,21.0,21.0,0.0,1.0,0.0,0.0,0.036750484,0.0,0,0,0,0,0
67148,-1,1,3.598282,0.9733585,1,1,unassigned,3.0,3.0,0.0,1.0,0.0,0.0,0.001934236,0.0,1,0,0,1,1
67149,-1,1,3.2715642,0.9634403,1,1,unassigned,3.0,2.0,1.0,0.6666667,0.33333334,0.3333333,0.001934236,0.00064474536,1,0,0,1,1
67150,-1,0,-0.76295006,0.31800613,0,1,unassigned,53.0,52.0,1.0,0.9811321,0.018867925,0.01886791,0.09864604,0.0018612461,0,0,0,0,0
67151,1,1,-0.37076333,0.40835658,0,1,unassigned,6.0,6.0,0.0,1.0,0.0,0.0,0.007736944,0.0,1,0,0,0,0
67152,-1,1,0.10948998,0.5273452,1,1,unassigned,11.0,11.0,0.0,1.0,0.0,0.0,0.017408123,0.0,1,0,0,1,0
67153,-1,1,-0.31253576,0.4224959,0,1,unassigned,12.0,12.0,0.0,1.0,0.0,0.0,0.01934236,0.0,1,0,0,0,0
67154,-1,0,0.98088485,0.7272838,1,1,unassigned,19.0,19.0,0.0,1.0,0.0,0.0,0.032882012,0.0,0,0,0,1,0
67155,-1,0,-0.6088248,0.35232735,0,1,unassigned,6.0,6.0,0.0,1.0,0.0,0.0,0.007736944,0.0,0,0,0,0,0
67156,-1,0,-0.35029253,0.41331148,0,1,unassigned,6.0,2.0,4.0,0.33333334,0.6666667,0.6666666,0.007736944,0.005157963,0,0,0,0,0
67157,-1,1,1.0257895,0.73609877,1,1,unassigned,15.0,14.0,1.0,0.93333334,0.06666667,0.06666666,0.025145067,0.0016763379,1,0,0,1,0
67158,-1,0,1.2304726,0.7739012,1,1,unassigned,14.0,14.0,0.0,1.0,0.0,0.0,0.023210831,0.0,0,0,0,1,0
67159,-1,1,-0.7949944,0.3110973,0,1,unassigned,23.0,23.0,0.0,1.0,0.0,0.0,0.040618956,0.0,1,0,0,0,0
67160,-1,0,0.07522541,0.5187975,1,1,unassigned,2.0,2.0,0.0,1.0,0.0,0.0,0.0,0.0,0,0,0,1,0
67161,-1,0,-0.25215864,0.43729225,0,1,unassigned,3.0,3.0,0.0,1.0,0.0,0.0,0.001934236,0.0,0,0,0,0,0
67162,-1,0,8.042414,0.9996786,1,1,unassigned,2.0,2.0,0.0,1.0,0.0,0.0,0.0,0.0,0,0,0,1,1
67163,-1,0,0.47219282,0.61590266,1,1,unassigned,3.0,3.0,0.0,1.0,0.0,0.0,0.001934236,0.0,0,0,0,1,0
67164,-1,0,6.8370967,0.9989279,1,1,unassigned,2.0,2.0,0.0,1.0,0.0,0.0,0.0,0.0,0,0,0,1,1
67165,-1,0,0.2180782,0.5543045,1,1,unassigned,2.0,2.0,0.0,1.0,0.0,0.0,0.0,0.0,0,0,0,1,0
67166,-1,0,4.220711,0.98552436,1,1,unassigned,2.0,2.0,0.0,1.0,0.0,0.0,0.0,0.0,0,0,0,1,1
67167,-1,0,8.133278,0.99970645,1,1,unassigned,2.0,2.0,0.0,1.0,0.0,0.0,0.0,0.0,0,0,0,1,1
67168,-1,1,4.808747,0.99190795,1,1,unassigned,3.0,3.0,0.0,1.0,0.0,0.0,0.001934236,0.0,1,0,0,1,1
67169,-1,0,5.1363196,0.9941551,1,1,unassigned,5.0,5.0,0.0,1.0,0.0,0.0,0.0058027077,0.0,0,0,0,1,1
67170,-1,0,0.73849505,0.6766666,1,1,unassigned,13.0,12.0,1.0,0.9230769,0.07692308,0.07692307,0.021276595,0.0016366612,0,0,0,1,0
67171,-1,1,-0.46197495,0.38651744,0,1,unassigned,7.0,7.0,0.0,1.0,0.0,0.0,0.00967118,0.0,1,0,0,0,0
67172,-1,0,7.1047807,0.99917954,1,1,unassigned,6.0,6.0,0.0,1.0,0.0,0.0,0.007736944,0.0,0,0,0,1,1
67173,-1,0,3.8744056,0.97965574,1,1,unassigned,2.0,2.0,0.0,1.0,0.0,0.0,0.0,0.0,0,0,0,1,1
67174,-1,1,0.64025337,0.6548107,1,1,unassigned,2.0,2.0,0.0,1.0,0.0,0.0,0.0,0.0,1,0,0,1,0
67175,-1,0,7.6846004,0.9995403,1,1,unassigned,3.0,3.0,0.0,1.0,0.0,0.0,0.001934236,0.0,0,0,0,1,1
67176,-1,0,-0.6782222,0.3366582,0,1,unassigned,5.0,4.0,1.0,0.8,0.2,0.19999999,0.0058027077,0.0011605415,0,0,0,0,0
67177,-1,1,0.20697886,0.55156076,1,1,unassigned,14.0,14.0,0.0,1.0,0.0,0.0,0.023210831,0.0,1,0,0,1,0
67178,-1,1,0.21242821,0.55290824,1,1,unassigned,6.0,6.0,0.0,1.0,0.0,0.0,0.007736944,0.0,1,0,0,1,0
67179,-1,1,-1.4223309,0.19429645,0,1,unassigned,41.0,40.0,1.0,0.9756098,0.024390243,0.02439022,0.07543521,0.001839883,1,0,0,0,0
67180,-1,0,1.4467907,0.80950403,1,1,unassigned,18.0,17.0,1.0,0.9444444,0.055555556,0.055555582,0.030947777,0.0017193209,0,0,0,1,0
67181,-1,0,0.2965073,0.5735885,1,1,unassigned,14.0,14.0,0.0,1.0,0.0,0.0,0.023210831,0.0,0,0,0,1,0
67182,-1,0,0.70196587,0.6686235,1,1,unassigned,3.0,3.0,0.0,1.0,0.0,0.0,0.001934236,0.0,0,0,0,1,0
67183,-1,1,2.4534562,0.9208138,1,1,unassigned,22.0,21.0,1.0,0.95454544,0.045454547,0.04545456,0.03868472,0.0017583964,1,0,0,1,1
67184,-1,0,3.8469274,0.9791008,1,1,unassigned,2.0,2.0,0.0,1.0,0.0,0.0,0.0,0.0,0,0,0,1,1
67185,-1,0,8.133278,0.99970645,1,1,unassigned,2.0,2.0,0.0,1.0,0.0,0.0,0.0,0.0,0,0,0,1,1
67186,-1,0,6.40485,0.9983492,1,1,unassigned,3.0,3.0,0.0,1.0,0.0,0.0,0.001934236,0.0,0,0,0,1,1
67187,-1,1,-0.07007864,0.4824875,0,1,unassigned,7.0,7.0,0.0,1.0,0.0,0.0,0.00967118,0.0,1,0,0,0,0
67188,-1,0,7.433556,0.9994093,1,1,unassigned,9.0,8.0,1.0,0.8888889,0.11111111,0.111111104,0.013539651,0.0015044058,0,0,0,1,1
67189,-1,0,10.013155,0.9999552,1,1,unassigned,95.0,95.0,0.0,1.0,0.0,0.0,0.17988394,0.0,0,0,0,1,1
67190,-1,0,0.811631,0.69245696,1,1,unassigned,5.0,5.0,0.0,1.0,0.0,0.0,0.0058027077,0.0,0,0,0,1,0
67191,-1,1,1.7464681,0.85150677,1,1,unassigned,5.0,3.0,2.0,0.6,0.4,0.39999998,0.0058027077,0.002321083,1,0,0,1,0
67192,-1,0,2.15778,0.8963936,1,1,unassigned,3.0,3.0,0.0,1.0,0.0,0.0,0.001934236,0.0,0,0,0,1,0
67193,-1,0,5.0804367,0.9938212,1,1,unassigned,12.0,12.0,0.0,1.0,0.0,0.0,0.01934236,0.0,0,0,0,1,1
67194,-1,0,6.8288283,0.998919,1,1,unassigned,3.0,3.0,0.0,1.0,0.0,0.0,0.001934236,0.0,0,0,0,1,1
67195,-1,1,5.1938376,0.99448,1,1,unassigned,15.0,15.0,0.0,1.0,0.0,0.0,0.025145067,0.0,1,0,0,1,1
67196,-1,0,2.0032504,0.8811379,1,1,unassigned,45.0,45.0,0.0,1.0,0.0,0.0,0.08317215,0.0,0,0,0,1,0
67197,-1,0,11.063879,0.9999844,1,1,unassigned,2.0,2.0,0.0,1.0,0.0,0.0,0.0,0.0,0,0,0,1,1
67198,-1,0,-0.13524699,0.4662397,0,1,unassigned,5.0,5.0,0.0,1.0,0.0,0.0,0.0058027077,0.0,0,0,0,0,0
67199,1,0,3.5445836,0.9719301,1,0,unassigned,11.0,11.0,0.0,1.0,0.0,0.0,0.017408123,0.0,0,0,1,1,1
67200,-1,0,3.170519,0.95970964,1,1,unassigned,5.0,4.0,1.0,0.8,0.2,0.19999999,0.0058027077,0.0011605415,0,0,0,1,1
67201,-1,0,8.133278,0.99970645,1,1,unassigned,2.0,2.0,0.0,1.0,0.0,0.0,0.0,0.0,0,0,0,1,1
67202,-1,0,-0.48947152,0.38001806,0,1,unassigned,16.0,16.0,0.0,1.0,0.0,0.0,0.027079303,0.0,0,0,0,0,0
67203,-1,0,6.341768,0.9982419,1,1,unassigned,3.0,2.0,1.0,0.6666667,0.33333334,0.3333333,0.001934236,0.00064474536,0,0,0,1,1
67204,-1,0,1.2329917,0.7743417,1,1,unassigned,6.0,6.0,0.0,1.0,0.0,0.0,0.007736944,0.0,0,0,0,1,0
67205,-1,0,-0.3892123,0.40390697,0,1,unassigned,4.0,4.0,0.0,1.0,0.0,0.0,0.003868472,0.0,0,0,0,0,0
67206,-1,0,8.133278,0.99970645,1,1,unassigned,2.0,2.0,0.0,1.0,0.0,0.0,0.0,0.0,0,0,0,1,1
67207,-1,0,0.89654976,0.71023995,1,1,unassigned,2.0,2.0,0.0,1.0,0.0,0.0,0.0,0.0,0,0,0,1,0
67208,-1,1,0.62153465,0.65056753,1,1,unassigned,3.0,3.0,0.0,1.0,0.0,0.0,0.001934236,0.0,1,0,0,1,0
67209,-1,0,0.0046350956,0.5011588,1,1,unassigned,2.0,2.0,0.0,1.0,0.0,0.0,0.0,0.0,0,0,0,1,0
67210,-1,1,-0.45993495,0.38700125,0,1,unassigned,3.0,3.0,0.0,1.0,0.0,0.0,0.001934236,0.0,1,0,0,0,0
67211,-1,0,7.41911,0.9994006,1,1,unassigned,2.0,2.0,0.0,1.0,0.0,0.0,0.0,0.0,0,0,0,1,1
67212,-1,0,4.8634276,0.99233526,1,1,unassigned,3.0,3.0,0.0,1.0,0.0,0.0,0.001934236,0.0,0,0,0,1,1
67213,-1,1,4.650575,0.9905344,1,1,unassigned,9.0,9.0,0.0,1.0,0.0,0.0,0.013539651,0.0,1,0,0,1,1
67214,-1,1,2.131306,0.893909,1,1,unassigned,2.0,2.0,0.0,1.0,0.0,0.0,0.0,0.0,1,0,0,1,0
67215,-1,0,1.306083,0.78685695,1,1,unassigned,2.0,2.0,0.0,1.0,0.0,0.0,0.0,0.0,0,0,0,1,0
67216,-1,0,4.398734,0.9878564,1,1,unassigned,3.0,3.0,0.0,1.0,0.0,0.0,0.001934236,0.0,0,0,0,1,1
67217,1,1,0.012586296,0.5031465,1,0,unassigned,28.0,28.0,0.0,1.0,0.0,0.0,0.050290134,0.0,1,0,1,1,0
67218,1,1,2.621846,0.93225443,1,0,train,17.0,12.0,5.0,0.7058824,0.29411766,0.29411763,0.029013539,0.008533394,1,0,1,1,1
67219,-1,1,0.5421241,0.6323064,1,1,unassigned,25.0,24.0,1.0,0.96,0.04,0.04000002,0.044487428,0.001779497,1,0,0,1,0
67220,-1,1,1.7874551,0.856615,1,1,unassigned,14.0,14.0,0.0,1.0,0.0,0.0,0.023210831,0.0,1,0,0,1,0
67221,-1,0,1.1285837,0.75557745,1,1,unassigned,2.0,2.0,0.0,1.0,0.0,0.0,0.0,0.0,0,0,0,1,0
67222,-1,1,8.606396,0.9998171,1,1,unassigned,4.0,3.0,1.0,0.75,0.25,0.25,0.003868472,0.000967118,1,0,0,1,1
67223,-1,0,2.5495155,0.92754096,1,1,unassigned,3.0,3.0,0.0,1.0,0.0,0.0,0.001934236,0.0,0,0,0,1,1
67224,-1,0,0.10442221,0.52608186,1,1,unassigned,7.0,7.0,0.0,1.0,0.0,0.0,0.00967118,0.0,0,0,0,1,0
67225,-1,0,8.133278,0.99970645,1,1,unassigned,2.0,2.0,0.0,1.0,0.0,0.0,0.0,0.0,0,0,0,1,1
67226,-1,0,-0.64632493,0.3438182,0,1,unassigned,38.0,37.0,1.0,0.9736842,0.02631579,0.026315808,0.06963249,0.0018324341,0,0,0,0,0
67227,0,0,1.525641,0.8213676,1,1,unassigned,5.0,3.0,2.0,0.6,0.4,0.39999998,0.0058027077,0.002321083,0,0,0,1,0
67228,-1,0,8.665501,0.9998276,1,1,unassigned,2.0,2.0,0.0,1.0,0.0,0.0,0.0,0.0,0,0,0,1,1
67229,1,0,6.2887278,0.9981463,1,0,unassigned,3.0,2.0,1.0,0.6666667,0.33333334,0.3333333,0.001934236,0.00064474536,0,0,1,1,1
67230,-1,0,6.4128113,0.99836224,1,1,unassigned,3.0,3.0,0.0,1.0,0.0,0.0,0.001934236,0.0,0,0,0,1,1
67231,-1,0,8.133278,0.99970645,1,1,unassigned,2.0,2.0,0.0,1.0,0.0,0.0,0.0,0.0,0,0,0,1,1
67232,-1,0,5.817594,0.9970341,1,1,unassigned,3.0,3.0,0.0,1.0,0.0,0.0,0.001934236,0.0,0,0,0,1,1
67233,-1,0,7.6120114,0.99950576,1,1,unassigned,2.0,2.0,0.0,1.0,0.0,0.0,0.0,0.0,0,0,0,1,1
67234,-1,0,8.665501,0.9998276,1,1,unassigned,2.0,2.0,0.0,1.0,0.0,0.0,0.0,0.0,0,0,0,1,1
67235,-1,1,-0.8544065,0.29850933,0,1,unassigned,2.0,1.0,1.0,0.5,0.5,0.5,0.0,0.0,1,0,0,0,0
67236,1,0,2.7023008,0.9371623,1,0,unassigned,5.0,4.0,1.0,0.8,0.2,0.19999999,0.0058027077,0.0011605415,0,0,1,1,1
67237,-1,0,2.4545715,0.92089516,1,1,unassigned,8.0,8.0,0.0,1.0,0.0,0.0,0.0116054155,0.0,0,0,0,1,1
67238,-1,1,-0.6310022,0.34728333,0,1,unassigned,24.0,18.0,6.0,0.75,0.25,0.25,0.04255319,0.010638298,1,0,0,0,0
67239,-1,1,0.10750574,0.5268506,1,1,unassigned,3.0,3.0,0.0,1.0,0.0,0.0,0.001934236,0.0,1,0,0,1,0
67240,-1,0,8.133278,0.99970645,1,1,unassigned,2.0,2.0,0.0,1.0,0.0,0.0,0.0,0.0,0,0,0,1,1
67241,-1,0,8.133278,0.99970645,1,1,unassigned,2.0,2.0,0.0,1.0,0.0,0.0,0.0,0.0,0,0,0,1,1
67242,1,1,5.5630875,0.9961778,1,0,test,14.0,14.0,0.0,1.0,0.0,0.0,0.023210831,0.0,1,0,1,1,1
67243,-1,0,0.066756666,0.516683,1,1,unassigned,8.0,8.0,0.0,1.0,0.0,0.0,0.0116054155,0.0,0,0,0,1,0
67244,-1,0,10.835655,0.99998033,1,1,unassigned,5.0,5.0,0.0,1.0,0.0,0.0,0.0058027077,0.0,0,0,0,1,1
67245,-1,1,6.235639,0.99804544,1,1,unassigned,4.0,4.0,0.0,1.0,0.0,0.0,0.003868472,0.0,1,0,0,1,1
67246,-1,0,7.989136,0.99966097,1,1,unassigned,2.0,2.0,0.0,1.0,0.0,0.0,0.0,0.0,0,0,0,1,1
67247,-1,1,0.76702875,0.6828778,1,1,unassigned,35.0,34.0,1.0,0.9714286,0.028571429,0.028571427,0.06382979,0.0018237082,1,0,0,1,0
67248,-1,1,2.6350482,0.9330835,1,1,unassigned,39.0,21.0,18.0,0.53846157,0.46153846,0.46153843,0.07156673,0.0330308,1,0,0,1,1
67249,-1,1,-0.17770416,0.4556905,0,1,unassigned,14.0,13.0,1.0,0.9285714,0.071428575,0.0714286,0.023210831,0.0016579166,1,0,0,0,0
67250,-1,1,1.8568523,0.8649296,1,1,unassigned,29.0,27.0,2.0,0.9310345,0.06896552,0.068965495,0.05222437,0.0036016807,1,0,0,1,0
67251,-1,0,0.003189087,0.5007973,1,1,unassigned,2.0,2.0,0.0,1.0,0.0,0.0,0.0,0.0,0,0,0,1,0
67252,-1,0,1.7027104,0.84588844,1,1,unassigned,3.0,3.0,0.0,1.0,0.0,0.0,0.001934236,0.0,0,0,0,1,0
67253,-1,1,-0.50591326,0.37615204,0,1,unassigned,4.0,4.0,0.0,1.0,0.0,0.0,0.003868472,0.0,1,0,0,0,0
67254,-1,1,1.5136313,0.81959873,1,1,unassigned,19.0,18.0,1.0,0.94736844,0.05263158,0.052631557,0.032882012,0.0017306323,1,0,0,1,0
67255,-1,0,-0.55574065,0.36453354,0,1,unassigned,3.0,2.0,1.0,0.6666667,0.33333334,0.3333333,0.001934236,0.00064474536,0,0,0,0,0
67256,-1,1,-0.5498877,0.36589044,0,1,unassigned,8.0,8.0,0.0,1.0,0.0,0.0,0.0116054155,0.0,1,0,0,0,0
67257,-1,0,6.0201955,0.99757665,1,1,unassigned,2.0,2.0,0.0,1.0,0.0,0.0,0.0,0.0,0,0,0,1,1
67258,-1,0,-0.06341761,0.48415092,0,1,unassigned,13.0,11.0,2.0,0.84615386,0.15384616,0.15384614,0.021276595,0.0032733225,0,0,0,0,0
67259,-1,0,0.07820654,0.5195417,1,1,unassigned,8.0,6.0,2.0,0.75,0.25,0.25,0.0116054155,0.0029013539,0,0,0,1,0
67260,-1,0,-0.09149596,0.47714195,0,1,unassigned,5.0,5.0,0.0,1.0,0.0,0.0,0.0058027077,0.0,0,0,0,0,0
67261,-1,1,0.29766256,0.573871,1,1,unassigned,61.0,58.0,3.0,0.9508197,0.04918033,0.04918033,0.114119925,0.0056124553,1,0,0,1,0
67262,-1,1,3.1578643,0.9592175,1,1,unassigned,30.0,29.0,1.0,0.96666664,0.033333335,0.03333336,0.054158606,0.001805287,1,0,0,1,1
67263,-1,0,2.8453124,0.94507587,1,1,unassigned,2.0,2.0,0.0,1.0,0.0,0.0,0.0,0.0,0,0,0,1,1
67264,-1,0,9.229202,0.9999019,1,1,unassigned,14.0,14.0,0.0,1.0,0.0,0.0,0.023210831,0.0,0,0,0,1,1
67265,-1,0,-0.5169017,0.373577,0,1,unassigned,11.0,11.0,0.0,1.0,0.0,0.0,0.017408123,0.0,0,0,0,0,0
67266,1,1,-0.022753954,0.49431175,0,1,val,9.0,8.0,1.0,0.8888889,0.11111111,0.111111104,0.013539651,0.0015044058,1,0,0,0,0
67267,1,1,-0.2544132,0.4367375,0,1,unassigned,26.0,24.0,2.0,0.9230769,0.07692308,0.07692307,0.046421662,0.0035708973,1,0,0,0,0
67268,-1,0,-0.88985425,0.2911399,0,1,unassigned,21.0,21.0,0.0,1.0,0.0,0.0,0.036750484,0.0,0,0,0,0,0
67269,1,1,0.5405795,0.6319472,1,0,unassigned,25.0,6.0,19.0,0.24,0.76,0.76,0.044487428,0.033810444,1,0,1,1,0
67270,-1,1,0.4239182,0.6044205,1,1,unassigned,27.0,26.0,1.0,0.962963,0.037037037,0.037037015,0.0483559,0.0017909593,1,0,0,1,0
67271,-1,0,-0.022292435,0.49442708,0,1,unassigned,3.0,3.0,0.0,1.0,0.0,0.0,0.001934236,0.0,0,0,0,0,0
67272,-1,0,0.42637366,0.6050074,1,1,unassigned,2.0,2.0,0.0,1.0,0.0,0.0,0.0,0.0,0,0,0,1,0
67273,-1,0,0.34902936,0.5863822,1,1,unassigned,3.0,3.0,0.0,1.0,0.0,0.0,0.001934236,0.0,0,0,0,1,0
67274,-1,0,-0.3147759,0.42194945,0,1,unassigned,18.0,18.0,0.0,1.0,0.0,0.0,0.030947777,0.0,0,0,0,0,0
67275,-1,1,2.1336024,0.8941265,1,1,unassigned,14.0,11.0,3.0,0.78571427,0.21428572,0.21428573,0.023210831,0.0049737496,1,0,0,1,0
67276,0,1,-0.40371507,0.40042007,0,0,unassigned,2.0,1.0,1.0,0.5,0.5,0.5,0.0,0.0,1,0,1,0,0
67277,-1,0,4.781178,0.9916836,1,1,unassigned,20.0,17.0,3.0,0.85,0.15,0.14999998,0.034816246,0.005222437,0,0,0,1,1
67278,-1,0,2.2497275,0.904627,1,1,unassigned,2.0,2.0,0.0,1.0,0.0,0.0,0.0,0.0,0,0,0,1,1
67279,-1,0,6.379704,0.9983072,1,1,unassigned,3.0,3.0,0.0,1.0,0.0,0.0,0.001934236,0.0,0,0,0,1,1
67280,-1,0,1.9484932,0.8752822,1,1,unassigned,13.0,13.0,0.0,1.0,0.0,0.0,0.021276595,0.0,0,0,0,1,0
67281,-1,0,1.3773227,0.7985606,1,1,unassigned,18.0,18.0,0.0,1.0,0.0,0.0,0.030947777,0.0,0,0,0,1,0
67282,-1,0,3.3865108,0.9672803,1,1,unassigned,6.0,6.0,0.0,1.0,0.0,0.0,0.007736944,0.0,0,0,0,1,1
67283,-1,0,-0.8820529,0.29275256,0,1,unassigned,2.0,2.0,0.0,1.0,0.0,0.0,0.0,0.0,0,0,0,0,0
67284,-1,0,4.2533536,0.98598284,1,1,unassigned,2.0,1.0,1.0,0.5,0.5,0.5,0.0,0.0,0,0,0,1,1
67285,1,0,3.649936,0.97466576,1,0,unassigned,13.0,12.0,1.0,0.9230769,0.07692308,0.07692307,0.021276595,0.0016366612,0,0,1,1,1
67286,1,0,2.1113465,0.89200115,1,0,unassigned,3.0,1.0,2.0,0.33333334,0.6666667,0.6666666,0.001934236,0.0012894907,0,0,1,1,0
67287,-1,1,-0.5766192,0.3597109,0,1,unassigned,31.0,31.0,0.0,1.0,0.0,0.0,0.056092843,0.0,1,0,0,0,0
67288,1,1,-0.029227436,0.49269366,0,1,unassigned,11.0,11.0,0.0,1.0,0.0,0.0,0.017408123,0.0,1,0,0,0,0
67289,-1,1,-0.4380681,0.3922014,0,1,unassigned,10.0,9.0,1.0,0.9,0.1,0.100000024,0.015473888,0.0015473888,1,0,0,0,0
67290,-1,0,-0.111619085,0.4721242,0,1,unassigned,36.0,33.0,3.0,0.9166667,0.083333336,0.08333331,0.065764025,0.0054803356,0,0,0,0,0
67291,-1,0,-0.58358794,0.35810745,0,1,unassigned,33.0,33.0,0.0,1.0,0.0,0.0,0.059961315,0.0,0,0,0,0,0
67292,-1,0,3.8824608,0.9798157,1,1,unassigned,2.0,2.0,0.0,1.0,0.0,0.0,0.0,0.0,0,0,0,1,1
67293,-1,0,-0.5479183,0.36634752,0,1,unassigned,56.0,55.0,1.0,0.98214287,0.017857144,0.017857134,0.10444874,0.0018651562,0,0,0,0,0
67294,-1,0,1.1293848,0.7557253,1,1,unassigned,2.0,2.0,0.0,1.0,0.0,0.0,0.0,0.0,0,0,0,1,0
67295,-1,0,0.5656286,0.6377539,1,1,unassigned,3.0,3.0,0.0,1.0,0.0,0.0,0.001934236,0.0,0,0,0,1,0
67296,-1,0,0.21964014,0.55469036,1,1,unassigned,8.0,7.0,1.0,0.875,0.125,0.125,0.0116054155,0.0014506769,0,0,0,1,0
67297,-1,1,2.1248577,0.8932958,1,1,unassigned,2.0,2.0,0.0,1.0,0.0,0.0,0.0,0.0,1,0,0,1,0
67298,-1,0,-0.09673551,0.47583497,0,1,unassigned,2.0,2.0,0.0,1.0,0.0,0.0,0.0,0.0,0,0,0,0,0
67299,-1,1,0.9323414,0.71755004,1,1,unassigned,5.0,5.0,0.0,1.0,0.0,0.0,0.0058027077,0.0,1,0,0,1,0
67300,0,0,0.06425387,0.51605797,1,1,unassigned,4.0,4.0,0.0,1.0,0.0,0.0,0.003868472,0.0,0,0,0,1,0
67301,-1,0,1.9891045,0.8796483,1,1,unassigned,4.0,4.0,0.0,1.0,0.0,0.0,0.003868472,0.0,0,0,0,1,0
67302,-1,0,-0.50308836,0.37681517,0,1,unassigned,7.0,7.0,0.0,1.0,0.0,0.0,0.00967118,0.0,0,0,0,0,0
67303,-1,1,5.587546,0.9962697,1,1,unassigned,5.0,3.0,2.0,0.6,0.4,0.39999998,0.0058027077,0.002321083,1,0,0,1,1
67304,-1,0,0.10613024,0.5265077,1,1,unassigned,5.0,5.0,0.0,1.0,0.0,0.0,0.0058027077,0.0,0,0,0,1,0
67305,-1,0,3.3405855,0.96579516,1,1,unassigned,5.0,5.0,0.0,1.0,0.0,0.0,0.0058027077,0.0,0,0,0,1,1
67306,-1,1,-0.25241983,0.437228,0,1,unassigned,7.0,7.0,0.0,1.0,0.0,0.0,0.00967118,0.0,1,0,0,0,0
67307,-1,1,5.9273963,0.9973417,1,1,unassigned,4.0,4.0,0.0,1.0,0.0,0.0,0.003868472,0.0,1,0,0,1,1
67308,-1,0,0.16833073,0.5419836,1,1,unassigned,10.0,10.0,0.0,1.0,0.0,0.0,0.015473888,0.0,0,0,0,1,0
67309,-1,0,-0.33167452,0.41783327,0,1,unassigned,15.0,15.0,0.0,1.0,0.0,0.0,0.025145067,0.0,0,0,0,0,0
67310,0,0,-0.6734157,0.33773243,0,0,unassigned,6.0,6.0,0.0,1.0,0.0,0.0,0.007736944,0.0,0,0,1,0,0
67311,-1,0,-0.07333076,0.4816755,0,1,unassigned,32.0,32.0,0.0,1.0,0.0,0.0,0.058027077,0.0,0,0,0,0,0
67312,-1,0,-0.1000053,0.47501945,0,1,unassigned,18.0,18.0,0.0,1.0,0.0,0.0,0.030947777,0.0,0,0,0,0,0
67313,-1,1,3.8921568,0.98000664,1,1,unassigned,6.0,5.0,1.0,0.8333333,0.16666667,0.16666669,0.007736944,0.0012894907,1,0,0,1,1
67314,-1,1,-0.6672429,0.33911446,0,1,unassigned,42.0,41.0,1.0,0.97619045,0.023809524,0.023809552,0.07736944,0.0018421295,1,0,0,0,0
67315,0,0,-0.10662654,0.4733686,0,0,test,17.0,17.0,0.0,1.0,0.0,0.0,0.029013539,0.0,0,0,1,0,0
67316,-1,0,-0.2592689,0.43554342,0,1,unassigned,31.0,31.0,0.0,1.0,0.0,0.0,0.056092843,0.0,0,0,0,0,0
67317,0,0,-0.24246123,0.4396799,0,0,test,7.0,7.0,0.0,1.0,0.0,0.0,0.00967118,0.0,0,0,1,0,0
67318,-1,0,5.6531677,0.99650586,1,1,unassigned,20.0,14.0,6.0,0.7,0.3,0.3,0.034816246,0.010444874,0,0,0,1,1
67319,-1,0,-0.46785682,0.38512364,0,1,unassigned,5.0,5.0,0.0,1.0,0.0,0.0,0.0058027077,0.0,0,0,0,0,0
67320,-1,0,-0.012480855,0.49687985,0,1,unassigned,3.0,3.0,0.0,1.0,0.0,0.0,0.001934236,0.0,0,0,0,0,0
67321,1,0,4.3940797,0.9878005,1,0,unassigned,2.0,2.0,0.0,1.0,0.0,0.0,0.0,0.0,0,0,1,1,1
67322,-1,1,-0.13454133,0.46641532,0,1,unassigned,20.0,19.0,1.0,0.95,0.05,0.050000012,0.034816246,0.0017408123,1,0,0,0,0
67323,-1,1,0.21402681,0.55330336,1,1,unassigned,19.0,14.0,5.0,0.7368421,0.2631579,0.2631579,0.032882012,0.008653161,1,0,0,1,0
67324,-1,1,5.5732975,0.9962165,1,1,unassigned,3.0,3.0,0.0,1.0,0.0,0.0,0.001934236,0.0,1,0,0,1,1
67325,0,0,-0.6529489,0.34232533,0,0,unassigned,10.0,9.0,1.0,0.9,0.1,0.100000024,0.015473888,0.0015473888,0,0,1,0,0
67326,-1,0,-0.3509282,0.41315734,0,1,unassigned,19.0,19.0,0.0,1.0,0.0,0.0,0.032882012,0.0,0,0,0,0,0
67327,-1,0,3.1785018,0.9600172,1,1,unassigned,2.0,2.0,0.0,1.0,0.0,0.0,0.0,0.0,0,0,0,1,1
67328,-1,1,-0.47195065,0.38415462,0,1,unassigned,18.0,18.0,0.0,1.0,0.0,0.0,0.030947777,0.0,1,0,0,0,0
67329,-1,0,-0.58355933,0.358114,0,1,unassigned,38.0,38.0,0.0,1.0,0.0,0.0,0.06963249,0.0,0,0,0,0,0
67330,-1,1,-0.65888304,0.34099057,0,1,unassigned,8.0,8.0,0.0,1.0,0.0,0.0,0.0116054155,0.0,1,0,0,0,0
67331,-1,1,0.5687966,0.63848543,1,1,unassigned,2.0,2.0,0.0,1.0,0.0,0.0,0.0,0.0,1,0,0,1,0
67332,-1,1,-0.44120333,0.39145425,0,1,unassigned,2.0,2.0,0.0,1.0,0.0,0.0,0.0,0.0,1,0,0,0,0
67333,-1,1,1.1446755,0.75853705,1,1,unassigned,3.0,2.0,1.0,0.6666667,0.33333334,0.3333333,0.001934236,0.00064474536,1,0,0,1,0
67334,-1,1,4.0097084,0.9821845,1,1,unassigned,4.0,4.0,0.0,1.0,0.0,0.0,0.003868472,0.0,1,0,0,1,1
67335,-1,1,-0.8769876,0.2938024,0,1,unassigned,7.0,7.0,0.0,1.0,0.0,0.0,0.00967118,0.0,1,0,0,0,0
67336,0,0,-0.13691792,0.4658239,0,0,unassigned,16.0,16.0,0.0,1.0,0.0,0.0,0.027079303,0.0,0,0,1,0,0
67337,-1,0,4.9751115,0.9931397,1,1,unassigned,3.0,3.0,0.0,1.0,0.0,0.0,0.001934236,0.0,0,0,0,1,1
67338,-1,1,-0.37879026,0.40641874,0,1,unassigned,16.0,16.0,0.0,1.0,0.0,0.0,0.027079303,0.0,1,0,0,0,0
67339,-1,0,3.954572,0.9811936,1,1,unassigned,7.0,7.0,0.0,1.0,0.0,0.0,0.00967118,0.0,0,0,0,1,1
67340,-1,0,-0.58688176,0.35735065,0,1,unassigned,15.0,15.0,0.0,1.0,0.0,0.0,0.025145067,0.0,0,0,0,0,0
67341,-1,0,0.65478,0.65808684,1,1,unassigned,4.0,3.0,1.0,0.75,0.25,0.25,0.003868472,0.000967118,0,0,0,1,0
67342,0,0,-0.8151298,0.30679846,0,0,unassigned,5.0,5.0,0.0,1.0,0.0,0.0,0.0058027077,0.0,0,0,1,0,0
67343,-1,0,-0.36724433,0.40920705,0,1,unassigned,2.0,1.0,1.0,0.5,0.5,0.5,0.0,0.0,0,0,0,0,0
67344,-1,1,4.8320556,0.9920929,1,1,unassigned,4.0,3.0,1.0,0.75,0.25,0.25,0.003868472,0.000967118,1,0,0,1,1
67345,-1,0,0.060988247,0.51524234,1,1,unassigned,29.0,29.0,0.0,1.0,0.0,0.0,0.05222437,0.0,0,0,0,1,0
67346,-1,0,-0.1771757,0.45582154,0,1,unassigned,20.0,20.0,0.0,1.0,0.0,0.0,0.034816246,0.0,0,0,0,0,0
67347,-1,0,1.6458614,0.83833086,1,1,unassigned,11.0,11.0,0.0,1.0,0.0,0.0,0.017408123,0.0,0,0,0,1,0
67348,-1,1,-0.50053,0.37741613,0,1,unassigned,18.0,6.0,12.0,0.33333334,0.6666667,0.6666666,0.030947777,0.020631852,1,0,0,0,0
67349,1,1,4.4417953,0.98836225,1,0,test,6.0,6.0,0.0,1.0,0.0,0.0,0.007736944,0.0,1,0,1,1,1
67350,-1,0,0.2529428,0.56290066,1,1,unassigned,7.0,6.0,1.0,0.85714287,0.14285715,0.14285713,0.00967118,0.0013815971,0,0,0,1,0
67351,-1,0,-0.060675442,0.48483583,0,1,unassigned,3.0,3.0,0.0,1.0,0.0,0.0,0.001934236,0.0,0,0,0,0,0
67352,-1,0,-0.82951933,0.3037467,0,1,unassigned,6.0,6.0,0.0,1.0,0.0,0.0,0.007736944,0.0,0,0,0,0,0
67353,-1,0,0.8232512,0.694926,1,1,unassigned,3.0,3.0,0.0,1.0,0.0,0.0,0.001934236,0.0,0,0,0,1,0
67354,-1,0,1.2733028,0.78130764,1,1,unassigned,7.0,7.0,0.0,1.0,0.0,0.0,0.00967118,0.0,0,0,0,1,0
67355,-1,0,6.5250297,0.9985359,1,1,unassigned,2.0,2.0,0.0,1.0,0.0,0.0,0.0,0.0,0,0,0,1,1
67356,-1,0,-0.13893521,0.46532193,0,1,unassigned,5.0,5.0,0.0,1.0,0.0,0.0,0.0058027077,0.0,0,0,0,0,0
67357,-1,1,-0.3848502,0.40495762,0,1,unassigned,25.0,25.0,0.0,1.0,0.0,0.0,0.044487428,0.0,1,0,0,0,0
67358,-1,1,4.149489,0.98447245,1,1,unassigned,7.0,7.0,0.0,1.0,0.0,0.0,0.00967118,0.0,1,0,0,1,1
67359,-1,0,1.0662115,0.74387574,1,1,unassigned,2.0,2.0,0.0,1.0,0.0,0.0,0.0,0.0,0,0,0,1,0
67360,-1,0,0.8740732,0.7055926,1,1,unassigned,2.0,2.0,0.0,1.0,0.0,0.0,0.0,0.0,0,0,0,1,0
67361,-1,0,0.5182243,0.6267324,1,1,unassigned,8.0,8.0,0.0,1.0,0.0,0.0,0.0116054155,0.0,0,0,0,1,0
67362,-1,0,0.01261121,0.5031527,1,1,unassigned,3.0,3.0,0.0,1.0,0.0,0.0,0.001934236,0.0,0,0,0,1,0
67363,-1,1,3.1889203,0.9604152,1,1,unassigned,9.0,8.0,1.0,0.8888889,0.11111111,0.111111104,0.013539651,0.0015044058,1,0,0,1,1
67364,0,0,0.99486583,0.73004794,1,1,unassigned,7.0,5.0,2.0,0.71428573,0.2857143,0.28571427,0.00967118,0.0027631943,0,0,0,1,0
67365,-1,0,0.92026156,0.7150954,1,1,unassigned,2.0,2.0,0.0,1.0,0.0,0.0,0.0,0.0,0,0,0,1,0
67366,1,0,9.200411,0.999899,1,0,unassigned,16.0,14.0,2.0,0.875,0.125,0.125,0.027079303,0.0033849129,0,0,1,1,1
67367,0,0,-0.40807408,0.399374,0,0,train,60.0,60.0,0.0,1.0,0.0,0.0,0.11218569,0.0,0,0,1,0,0
67368,-1,0,6.0575566,0.9976654,1,1,unassigned,10.0,10.0,0.0,1.0,0.0,0.0,0.015473888,0.0,0,0,0,1,1
67369,-1,0,-0.52982825,0.37055695,0,1,unassigned,7.0,6.0,1.0,0.85714287,0.14285715,0.14285713,0.00967118,0.0013815971,0,0,0,0,0
67370,-1,1,4.1953273,0.98515785,1,1,unassigned,7.0,4.0,3.0,0.5714286,0.42857143,0.4285714,0.00967118,0.0041447915,1,0,0,1,1
67371,-1,1,-0.4537344,0.38847324,0,1,unassigned,2.0,2.0,0.0,1.0,0.0,0.0,0.0,0.0,1,0,0,0,0
67372,-1,0,7.762213,0.9995747,1,1,unassigned,2.0,1.0,1.0,0.5,0.5,0.5,0.0,0.0,0,0,0,1,1
67373,-1,0,-0.49575272,0.3785393,0,1,unassigned,3.0,3.0,0.0,1.0,0.0,0.0,0.001934236,0.0,0,0,0,0,0
67374,1,0,0.6800167,0.6637424,1,0,val,6.0,6.0,0.0,1.0,0.0,0.0,0.007736944,0.0,0,0,1,1,0
67375,-1,0,-0.4265951,0.3949397,0,1,unassigned,44.0,43.0,1.0,0.97727275,0.022727273,0.022727251,0.08123791,0.0018463163,0,0,0,0,0
67376,-1,0,0.4601906,0.6130594,1,1,unassigned,7.0,7.0,0.0,1.0,0.0,0.0,0.00967118,0.0,0,0,0,1,0
67377,-1,1,-0.38594824,0.404693,0,1,unassigned,19.0,16.0,3.0,0.84210527,0.15789473,0.15789473,0.032882012,0.0051918966,1,0,0,0,0
67378,0,0,0.025755525,0.5064385,1,1,val,11.0,10.0,1.0,0.90909094,0.09090909,0.090909064,0.017408123,0.0015825568,0,0,0,1,0
67379,-1,0,0.020593047,0.50514805,1,1,unassigned,2.0,2.0,0.0,1.0,0.0,0.0,0.0,0.0,0,0,0,1,0
67380,-1,0,1.4249682,0.8061161,1,1,unassigned,3.0,2.0,1.0,0.6666667,0.33333334,0.3333333,0.001934236,0.00064474536,0,0,0,1,0
67381,-1,1,4.041992,0.9827406,1,1,unassigned,7.0,7.0,0.0,1.0,0.0,0.0,0.00967118,0.0,1,0,0,1,1
67382,-1,0,2.758273,0.94037884,1,1,unassigned,3.0,3.0,0.0,1.0,0.0,0.0,0.001934236,0.0,0,0,0,1,1
67383,0,1,-0.5228303,0.37219065,0,0,unassigned,18.0,18.0,0.0,1.0,0.0,0.0,0.030947777,0.0,1,0,1,0,0
67384,-1,0,5.377251,0.9954007,1,1,unassigned,2.0,2.0,0.0,1.0,0.0,0.0,0.0,0.0,0,0,0,1,1
67385,-1,1,0.87449497,0.7056802,1,1,unassigned,4.0,2.0,2.0,0.5,0.5,0.5,0.003868472,0.001934236,1,0,0,1,0
67386,-1,0,-0.9604747,0.27678314,0,1,unassigned,2.0,2.0,0.0,1.0,0.0,0.0,0.0,0.0,0,0,0,0,0
67387,-1,0,-0.24359477,0.43940064,0,1,unassigned,54.0,54.0,0.0,1.0,0.0,0.0,0.10058027,0.0,0,0,0,0,0
67388,-1,0,1.8164957,0.8601451,1,1,unassigned,8.0,7.0,1.0,0.875,0.125,0.125,0.0116054155,0.0014506769,0,0,0,1,0
67389,0,1,-0.7514008,0.32051614,0,0,unassigned,47.0,46.0,1.0,0.9787234,0.021276595,0.021276593,0.08704062,0.001851928,1,0,1,0,0
67390,-1,0,-0.20199847,0.4496714,0,1,unassigned,6.0,6.0,0.0,1.0,0.0,0.0,0.007736944,0.0,0,0,0,0,0
67391,-1,0,-0.04743153,0.48814434,0,1,unassigned,23.0,23.0,0.0,1.0,0.0,0.0,0.040618956,0.0,0,0,0,0,0
67392,-1,1,0.5020922,0.6229509,1,1,unassigned,12.0,8.0,4.0,0.6666667,0.33333334,0.3333333,0.01934236,0.006447453,1,0,0,1,0
67393,-1,0,3.4929545,0.97048664,1,1,unassigned,4.0,2.0,2.0,0.5,0.5,0.5,0.003868472,0.001934236,0,0,0,1,1
67394,-1,1,0.85258514,0.7011091,1,1,unassigned,9.0,9.0,0.0,1.0,0.0,0.0,0.013539651,0.0,1,0,0,1,0
67395,-1,0,3.5733387,0.972704,1,1,unassigned,16.0,16.0,0.0,1.0,0.0,0.0,0.027079303,0.0,0,0,0,1,1
67396,-1,0,-0.31451875,0.42201218,0,1,unassigned,2.0,2.0,0.0,1.0,0.0,0.0,0.0,0.0,0,0,0,0,0
67397,-1,0,-0.5955821,0.35535508,0,1,unassigned,2.0,2.0,0.0,1.0,0.0,0.0,0.0,0.0,0,0,0,0,0
67398,-1,1,2.4056983,0.9172608,1,1,unassigned,5.0,3.0,2.0,0.6,0.4,0.39999998,0.0058027077,0.002321083,1,0,0,1,1
67399,-1,1,2.4512126,0.92065006,1,1,unassigned,3.0,2.0,1.0,0.6666667,0.33333334,0.3333333,0.001934236,0.00064474536,1,0,0,1,1
67400,-1,0,2.6796858,0.93581724,1,1,unassigned,5.0,5.0,0.0,1.0,0.0,0.0,0.0058027077,0.0,0,0,0,1,1
67401,-1,1,-0.072472304,0.48188987,0,1,unassigned,4.0,4.0,0.0,1.0,0.0,0.0,0.003868472,0.0,1,0,0,0,0
67402,1,1,0.0758754,0.51895976,1,0,test,2.0,1.0,1.0,0.5,0.5,0.5,0.0,0.0,1,0,1,1,0
67403,-1,0,-0.7354218,0.32400608,0,1,unassigned,6.0,6.0,0.0,1.0,0.0,0.0,0.007736944,0.0,0,0,0,0,0
67404,0,0,-0.25042897,0.4377179,0,0,unassigned,12.0,10.0,2.0,0.8333333,0.16666667,0.16666669,0.01934236,0.0032237265,0,0,1,0,0
67405,-1,1,1.9182341,0.8719414,1,1,unassigned,3.0,2.0,1.0,0.6666667,0.33333334,0.3333333,0.001934236,0.00064474536,1,0,0,1,0
67406,-1,1,-0.48790652,0.3803869,0,1,unassigned,5.0,5.0,0.0,1.0,0.0,0.0,0.0058027077,0.0,1,0,0,0,0
67407,-1,1,-0.65553606,0.3417431,0,1,unassigned,38.0,38.0,0.0,1.0,0.0,0.0,0.06963249,0.0,1,0,0,0,0
67408,-1,1,-0.105418205,0.47366986,0,1,unassigned,53.0,51.0,2.0,0.9622642,0.03773585,0.03773582,0.09864604,0.0037224921,1,0,0,0,0
67409,-1,1,-0.096239746,0.4759586,0,1,unassigned,23.0,23.0,0.0,1.0,0.0,0.0,0.040618956,0.0,1,0,0,0,0
67410,1,0,-0.49367943,0.37902716,0,1,unassigned,21.0,21.0,0.0,1.0,0.0,0.0,0.036750484,0.0,0,0,0,0,0
67411,-1,0,5.4196343,0.9955908,1,1,unassigned,9.0,9.0,0.0,1.0,0.0,0.0,0.013539651,0.0,0,0,0,1,1
67412,-1,1,0.007926106,0.5019815,1,1,unassigned,14.0,13.0,1.0,0.9285714,0.071428575,0.0714286,0.023210831,0.0016579166,1,0,0,1,0
67413,-1,0,-0.31281388,0.42242804,0,1,unassigned,4.0,3.0,1.0,0.75,0.25,0.25,0.003868472,0.000967118,0,0,0,0,0
67414,-1,1,2.2886145,0.9079297,1,1,unassigned,20.0,16.0,4.0,0.8,0.2,0.19999999,0.034816246,0.0069632493,1,0,0,1,1
67415,-1,1,2.0776203,0.88870883,1,1,unassigned,78.0,74.0,4.0,0.94871795,0.051282052,0.05128205,0.14700194,0.007538561,1,0,0,1,0
67416,-1,1,1.0102856,0.73307604,1,1,unassigned,3.0,3.0,0.0,1.0,0.0,0.0,0.001934236,0.0,1,0,0,1,0
67417,-1,0,2.4567025,0.92105025,1,1,unassigned,4.0,4.0,0.0,1.0,0.0,0.0,0.003868472,0.0,0,0,0,1,1
67418,-1,0,0.051282227,0.51281774,1,1,unassigned,30.0,29.0,1.0,0.96666664,0.033333335,0.03333336,0.054158606,0.001805287,0,0,0,1,0
67419,-1,1,-0.4269186,0.39486238,0,1,unassigned,16.0,15.0,1.0,0.9375,0.0625,0.0625,0.027079303,0.0016924564,1,0,0,0,0
67420,-1,0,0.46918875,0.61519176,1,1,unassigned,4.0,4.0,0.0,1.0,0.0,0.0,0.003868472,0.0,0,0,0,1,0
67421,-1,0,3.6325848,0.9742337,1,1,unassigned,6.0,5.0,1.0,0.8333333,0.16666667,0.16666669,0.007736944,0.0012894907,0,0,0,1,1
67422,-1,0,3.3372447,0.96568465,1,1,unassigned,12.0,11.0,1.0,0.9166667,0.083333336,0.08333331,0.01934236,0.0016118633,0,0,0,1,1
67423,-1,0,0.16669798,0.54157823,1,1,unassigned,2.0,2.0,0.0,1.0,0.0,0.0,0.0,0.0,0,0,0,1,0
67424,0,0,-0.40193003,0.40084875,0,0,unassigned,3.0,2.0,1.0,0.6666667,0.33333334,0.3333333,0.001934236,0.00064474536,0,0,1,0,0
67425,-1,1,1.3107817,0.7876439,1,1,unassigned,4.0,4.0,0.0,1.0,0.0,0.0,0.003868472,0.0,1,0,0,1,0
67426,-1,0,-0.3143437,0.42205483,0,1,unassigned,49.0,49.0,0.0,1.0,0.0,0.0,0.09090909,0.0,0,0,0,0,0
67427,-1,1,0.43701786,0.60754824,1,1,unassigned,25.0,24.0,1.0,0.96,0.04,0.04000002,0.044487428,0.001779497,1,0,0,1,0
67428,-1,1,-0.33973995,0.41587266,0,1,unassigned,14.0,13.0,1.0,0.9285714,0.071428575,0.0714286,0.023210831,0.0016579166,1,0,0,0,0
67429,-1,0,7.0690727,0.9991497,1,1,unassigned,10.0,7.0,3.0,0.7,0.3,0.3,0.015473888,0.0046421667,0,0,0,1,1
67430,-1,0,-0.18134609,0.45478728,0,1,unassigned,3.0,3.0,0.0,1.0,0.0,0.0,0.001934236,0.0,0,0,0,0,0
67431,0,0,-0.10687733,0.47330606,0,0,unassigned,9.0,9.0,0.0,1.0,0.0,0.0,0.013539651,0.0,0,0,1,0,0
67432,-1,0,0.8232512,0.694926,1,1,unassigned,3.0,3.0,0.0,1.0,0.0,0.0,0.001934236,0.0,0,0,0,1,0
67433,-1,1,0.0947085,0.52365947,1,1,unassigned,28.0,23.0,5.0,0.8214286,0.17857143,0.1785714,0.050290134,0.008980381,1,0,0,1,0
67434,1,0,0.26265228,0.5652881,1,0,unassigned,21.0,20.0,1.0,0.95238096,0.04761905,0.047619045,0.036750484,0.0017500231,0,0,1,1,0
67435,1,0,4.506541,0.98908395,1,0,unassigned,11.0,11.0,0.0,1.0,0.0,0.0,0.017408123,0.0,0,0,1,1,1
67436,-1,0,0.15714204,0.5392049,1,1,unassigned,14.0,14.0,0.0,1.0,0.0,0.0,0.023210831,0.0,0,0,0,1,0
67437,-1,0,-0.00950712,0.49762323,0,1,unassigned,56.0,56.0,0.0,1.0,0.0,0.0,0.10444874,0.0,0,0,0,0,0
67438,-1,0,4.9404626,0.99289954,1,1,unassigned,8.0,7.0,1.0,0.875,0.125,0.125,0.0116054155,0.0014506769,0,0,0,1,1
67439,-1,1,3.6348507,0.9742905,1,1,unassigned,7.0,7.0,0.0,1.0,0.0,0.0,0.00967118,0.0,1,0,0,1,1
67440,1,0,-0.19702697,0.45090201,0,1,val,5.0,4.0,1.0,0.8,0.2,0.19999999,0.0058027077,0.0011605415,0,0,0,0,0
67441,-1,0,1.5649188,0.827058,1,1,unassigned,49.0,49.0,0.0,1.0,0.0,0.0,0.09090909,0.0,0,0,0,1,0
67442,-1,0,0.045711815,0.511426,1,1,unassigned,23.0,23.0,0.0,1.0,0.0,0.0,0.040618956,0.0,0,0,0,1,0
67443,-1,0,-0.33064523,0.41808367,0,1,unassigned,6.0,6.0,0.0,1.0,0.0,0.0,0.007736944,0.0,0,0,0,0,0
67444,-1,0,-0.0623042,0.48442894,0,1,unassigned,8.0,8.0,0.0,1.0,0.0,0.0,0.0116054155,0.0,0,0,0,0,0
67445,-1,0,3.2024896,0.96092784,1,1,unassigned,2.0,2.0,0.0,1.0,0.0,0.0,0.0,0.0,0,0,0,1,1
67446,-1,1,4.771024,0.99159944,1,1,unassigned,21.0,20.0,1.0,0.95238096,0.04761905,0.047619045,0.036750484,0.0017500231,1,0,0,1,1
67447,-1,1,10.323185,0.9999671,1,1,unassigned,3.0,1.0,2.0,0.33333334,0.6666667,0.6666666,0.001934236,0.0012894907,1,0,0,1,1
67448,-1,0,2.0412996,0.88506556,1,1,unassigned,6.0,5.0,1.0,0.8333333,0.16666667,0.16666669,0.007736944,0.0012894907,0,0,0,1,0
67449,-1,1,10.611288,0.9999753,1,1,unassigned,11.0,8.0,3.0,0.72727275,0.27272728,0.27272725,0.017408123,0.00474767,1,0,0,1,1
67450,1,0,-0.4897418,0.37995443,0,1,unassigned,9.0,8.0,1.0,0.8888889,0.11111111,0.111111104,0.013539651,0.0015044058,0,0,0,0,0
67451,-1,0,2.7983892,0.94258875,1,1,unassigned,4.0,4.0,0.0,1.0,0.0,0.0,0.003868472,0.0,0,0,0,1,1
67452,-1,1,1.070147,0.74462485,1,1,unassigned,4.0,3.0,1.0,0.75,0.25,0.25,0.003868472,0.000967118,1,0,0,1,0
67453,-1,0,2.894437,0.94757074,1,1,unassigned,11.0,11.0,0.0,1.0,0.0,0.0,0.017408123,0.0,0,0,0,1,1
67454,-1,0,0.45443708,0.6116937,1,1,unassigned,4.0,4.0,0.0,1.0,0.0,0.0,0.003868472,0.0,0,0,0,1,0
67455,-1,0,-0.4410084,0.3915007,0,1,unassigned,8.0,8.0,0.0,1.0,0.0,0.0,0.0116054155,0.0,0,0,0,0,0
67456,0,0,-0.4613266,0.38667116,0,0,unassigned,2.0,2.0,0.0,1.0,0.0,0.0,0.0,0.0,0,0,1,0,0
67457,-1,0,2.1783993,0.89829296,1,1,unassigned,3.0,1.0,2.0,0.33333334,0.6666667,0.6666666,0.001934236,0.0012894907,0,0,0,1,0
67458,-1,1,-0.30567062,0.42417184,0,1,unassigned,15.0,15.0,0.0,1.0,0.0,0.0,0.025145067,0.0,1,0,0,0,0
67459,-1,1,0.31157982,0.57727087,1,1,unassigned,12.0,5.0,7.0,0.41666666,0.5833333,0.5833334,0.01934236,0.011283043,1,0,0,1,0
67460,-1,0,-0.9623426,0.27640942,0,1,unassigned,3.0,3.0,0.0,1.0,0.0,0.0,0.001934236,0.0,0,0,0,0,0
67461,-1,1,2.1895015,0.8993028,1,1,unassigned,2.0,2.0,0.0,1.0,0.0,0.0,0.0,0.0,1,0,0,1,0
67462,-1,0,-0.8925007,0.29059404,0,1,unassigned,30.0,29.0,1.0,0.96666664,0.033333335,0.03333336,0.054158606,0.001805287,0,0,0,0,0
67463,-1,1,2.720968,0.9382526,1,1,unassigned,3.0,3.0,0.0,1.0,0.0,0.0,0.001934236,0.0,1,0,0,1,1
67464,-1,1,-0.7386343,0.32330287,0,1,unassigned,5.0,4.0,1.0,0.8,0.2,0.19999999,0.0058027077,0.0011605415,1,0,0,0,0
67465,-1,1,-0.72324765,0.32667825,0,1,unassigned,2.0,2.0,0.0,1.0,0.0,0.0,0.0,0.0,1,0,0,0,0
67466,-1,0,7.4653125,0.99942774,1,1,unassigned,17.0,15.0,2.0,0.88235295,0.11764706,0.11764705,0.029013539,0.0034133575,0,0,0,1,1
67467,-1,1,-0.8149185,0.3068434,0,1,unassigned,3.0,1.0,2.0,0.33333334,0.6666667,0.6666666,0.001934236,0.0012894907,1,0,0,0,0
67468,-1,0,0.5997519,0.64559954,1,1,unassigned,25.0,25.0,0.0,1.0,0.0,0.0,0.044487428,0.0,0,0,0,1,0
67469,-1,1,3.2686346,0.96333694,1,1,unassigned,10.0,10.0,0.0,1.0,0.0,0.0,0.015473888,0.0,1,0,0,1,1
67470,0,0,0.008633852,0.50215846,1,1,test,39.0,39.0,0.0,1.0,0.0,0.0,0.07156673,0.0,0,0,0,1,0
67471,-1,0,-0.45285258,0.38868272,0,1,unassigned,2.0,2.0,0.0,1.0,0.0,0.0,0.0,0.0,0,0,0,0,0
67472,-1,0,-0.017767191,0.49555832,0,1,unassigned,2.0,2.0,0.0,1.0,0.0,0.0,0.0,0.0,0,0,0,0,0
67473,-1,0,2.341225,0.9122342,1,1,unassigned,2.0,2.0,0.0,1.0,0.0,0.0,0.0,0.0,0,0,0,1,1
67474,-1,0,2.556965,0.9280401,1,1,unassigned,9.0,8.0,1.0,0.8888889,0.11111111,0.111111104,0.013539651,0.0015044058,0,0,0,1,1
67475,-1,0,5.7542787,0.99684083,1,1,unassigned,12.0,11.0,1.0,0.9166667,0.083333336,0.08333331,0.01934236,0.0016118633,0,0,0,1,1
67476,-1,1,-0.53899044,0.36842245,0,1,unassigned,2.0,2.0,0.0,1.0,0.0,0.0,0.0,0.0,1,0,0,0,0
67477,-1,0,5.687553,0.9966235,1,1,unassigned,5.0,5.0,0.0,1.0,0.0,0.0,0.0058027077,0.0,0,0,0,1,1
67478,-1,0,3.6925418,0.9756967,1,1,unassigned,3.0,3.0,0.0,1.0,0.0,0.0,0.001934236,0.0,0,0,0,1,1
67479,-1,0,0.90444905,0.7118629,1,1,unassigned,16.0,16.0,0.0,1.0,0.0,0.0,0.027079303,0.0,0,0,0,1,0
67480,-1,0,2.1049602,0.89138436,1,1,unassigned,15.0,15.0,0.0,1.0,0.0,0.0,0.025145067,0.0,0,0,0,1,0
67481,-1,0,1.349361,0.7940251,1,1,unassigned,17.0,15.0,2.0,0.88235295,0.11764706,0.11764705,0.029013539,0.0034133575,0,0,0,1,0
67482,-1,0,1.066369,0.74390584,1,1,unassigned,12.0,12.0,0.0,1.0,0.0,0.0,0.01934236,0.0,0,0,0,1,0
67483,-1,0,6.725047,0.998801,1,1,unassigned,2.0,2.0,0.0,1.0,0.0,0.0,0.0,0.0,0,0,0,1,1
67484,-1,0,0.34126496,0.58449775,1,1,unassigned,13.0,13.0,0.0,1.0,0.0,0.0,0.021276595,0.0,0,0,0,1,0
67485,-1,0,-0.9646219,0.27595377,0,1,unassigned,28.0,28.0,0.0,1.0,0.0,0.0,0.050290134,0.0,0,0,0,0,0
67486,-1,1,-0.76052946,0.31853133,0,1,unassigned,68.0,67.0,1.0,0.9852941,0.014705882,0.014705896,0.12765957,0.0018773467,1,0,0,0,0
67487,-1,0,-0.24048564,0.44016665,0,1,unassigned,9.0,9.0,0.0,1.0,0.0,0.0,0.013539651,0.0,0,0,0,0,0
67488,1,0,-0.1279642,0.46805254,0,1,unassigned,26.0,26.0,0.0,1.0,0.0,0.0,0.046421662,0.0,0,0,0,0,0
67489,-1,0,0.41755325,0.60289764,1,1,unassigned,24.0,24.0,0.0,1.0,0.0,0.0,0.04255319,0.0,0,0,0,1,0
67490,-1,0,3.7336762,0.9766533,1,1,unassigned,3.0,3.0,0.0,1.0,0.0,0.0,0.001934236,0.0,0,0,0,1,1
67491,-1,0,1.0062866,0.7322928,1,1,unassigned,8.0,8.0,0.0,1.0,0.0,0.0,0.0116054155,0.0,0,0,0,1,0
67492,-1,0,-0.11530325,0.47120604,0,1,unassigned,23.0,21.0,2.0,0.9130435,0.08695652,0.0869565,0.040618956,0.0035320832,0,0,0,0,0
67493,1,0,-0.50849015,0.37554753,0,1,val,4.0,4.0,0.0,1.0,0.0,0.0,0.003868472,0.0,0,0,0,0,0
67494,-1,0,-0.19141915,0.45229077,0,1,unassigned,2.0,1.0,1.0,0.5,0.5,0.5,0.0,0.0,0,0,0,0,0
67495,0,0,-0.84103113,0.30131766,0,0,test,19.0,19.0,0.0,1.0,0.0,0.0,0.032882012,0.0,0,0,1,0,0
67496,-1,0,0.35509354,0.5878522,1,1,unassigned,8.0,8.0,0.0,1.0,0.0,0.0,0.0116054155,0.0,0,0,0,1,0
67497,0,0,0.01725173,0.5043128,1,1,train,5.0,3.0,2.0,0.6,0.4,0.39999998,0.0058027077,0.002321083,0,0,0,1,0
67498,-1,1,0.93632644,0.71835697,1,1,unassigned,19.0,17.0,2.0,0.8947368,0.10526316,0.10526317,0.032882012,0.0034612645,1,0,0,1,0
67499,-1,1,1.6044381,0.8326377,1,1,unassigned,2.0,2.0,0.0,1.0,0.0,0.0,0.0,0.0,1,0,0,1,0
67500,-1,0,-0.91782624,0.28540102,0,1,unassigned,3.0,3.0,0.0,1.0,0.0,0.0,0.001934236,0.0,0,0,0,0,0
67501,-1,1,-0.32463413,0.41954678,0,1,unassigned,21.0,21.0,0.0,1.0,0.0,0.0,0.036750484,0.0,1,0,0,0,0
67502,-1,0,2.0195923,0.8828389,1,1,unassigned,3.0,3.0,0.0,1.0,0.0,0.0,0.001934236,0.0,0,0,0,1,0
67503,-1,0,-0.2323286,0.4421777,0,1,unassigned,15.0,15.0,0.0,1.0,0.0,0.0,0.025145067,0.0,0,0,0,0,0
67504,-1,0,-0.30431446,0.42450312,0,1,unassigned,6.0,6.0,0.0,1.0,0.0,0.0,0.007736944,0.0,0,0,0,0,0
67505,-1,1,2.4344518,0.91941696,1,1,unassigned,8.0,8.0,0.0,1.0,0.0,0.0,0.0116054155,0.0,1,0,0,1,1
67506,-1,0,3.5244067,0.97137433,1,1,unassigned,36.0,34.0,2.0,0.9444444,0.055555556,0.055555582,0.065764025,0.003653557,0,0,0,1,1
67507,-1,0,2.3238652,0.9108344,1,1,unassigned,24.0,22.0,2.0,0.9166667,0.083333336,0.08333331,0.04255319,0.0035460992,0,0,0,1,1
67508,-1,0,0.32583445,0.58074546,1,1,unassigned,20.0,19.0,1.0,0.95,0.05,0.050000012,0.034816246,0.0017408123,0,0,0,1,0
67509,-1,0,0.17835945,0.54447204,1,1,unassigned,28.0,28.0,0.0,1.0,0.0,0.0,0.050290134,0.0,0,0,0,1,0
67510,1,0,-0.040655494,0.4898375,0,1,unassigned,5.0,5.0,0.0,1.0,0.0,0.0,0.0058027077,0.0,0,0,0,0,0
67511,-1,0,0.7550762,0.6802838,1,1,unassigned,3.0,2.0,1.0,0.6666667,0.33333334,0.3333333,0.001934236,0.00064474536,0,0,0,1,0
67512,1,0,0.18087894,0.5450969,1,0,unassigned,20.0,20.0,0.0,1.0,0.0,0.0,0.034816246,0.0,0,0,1,1,0
67513,-1,0,1.9150858,0.8715894,1,1,unassigned,2.0,2.0,0.0,1.0,0.0,0.0,0.0,0.0,0,0,0,1,0
67514,-1,0,-0.093993306,0.476519,0,1,unassigned,18.0,18.0,0.0,1.0,0.0,0.0,0.030947777,0.0,0,0,0,0,0
67515,-1,0,-0.0051434636,0.49871412,0,1,unassigned,19.0,19.0,0.0,1.0,0.0,0.0,0.032882012,0.0,0,0,0,0,0
67516,-1,1,0.1637274,0.5408407,1,1,unassigned,64.0,64.0,0.0,1.0,0.0,0.0,0.11992263,0.0,1,0,0,1,0
67517,-1,1,-0.76019496,0.31860393,0,1,unassigned,28.0,28.0,0.0,1.0,0.0,0.0,0.050290134,0.0,1,0,0,0,0
67518,-1,1,-0.6653105,0.33954766,0,1,unassigned,67.0,67.0,0.0,1.0,0.0,0.0,0.12572534,0.0,1,0,0,0,0
67519,-1,0,-0.2664102,0.4337886,0,1,unassigned,30.0,30.0,0.0,1.0,0.0,0.0,0.054158606,0.0,0,0,0,0,0
67520,-1,0,12.183342,0.9999949,1,1,unassigned,4.0,4.0,0.0,1.0,0.0,0.0,0.003868472,0.0,0,0,0,1,1
67521,-1,0,2.5973237,0.9306891,1,1,unassigned,4.0,4.0,0.0,1.0,0.0,0.0,0.003868472,0.0,0,0,0,1,1
67522,-1,1,0.8393801,0.69833463,1,1,unassigned,17.0,15.0,2.0,0.88235295,0.11764706,0.11764705,0.029013539,0.0034133575,1,0,0,1,0
67523,0,0,-0.79156196,0.31183338,0,0,val,2.0,2.0,0.0,1.0,0.0,0.0,0.0,0.0,0,0,1,0,0
67524,-1,0,3.1763542,0.95993465,1,1,unassigned,3.0,1.0,2.0,0.33333334,0.6666667,0.6666666,0.001934236,0.0012894907,0,0,0,1,1
67525,-1,1,1.9006088,0.8699604,1,1,unassigned,6.0,4.0,2.0,0.6666667,0.33333334,0.3333333,0.007736944,0.0025789815,1,0,0,1,0
67526,-1,0,0.15619177,0.53896874,1,1,unassigned,11.0,7.0,4.0,0.6363636,0.36363637,0.36363637,0.017408123,0.006330227,0,0,0,1,0
67527,-1,0,-0.86895645,0.2954715,0,1,unassigned,19.0,19.0,0.0,1.0,0.0,0.0,0.032882012,0.0,0,0,0,0,0
67528,-1,0,5.9924693,0.99750876,1,1,unassigned,22.0,22.0,0.0,1.0,0.0,0.0,0.03868472,0.0,0,0,0,1,1
67529,0,0,2.8168037,0.9435771,1,1,val,3.0,3.0,0.0,1.0,0.0,0.0,0.001934236,0.0,0,0,0,1,1
67530,-1,1,2.5713665,0.9289959,1,1,unassigned,3.0,3.0,0.0,1.0,0.0,0.0,0.001934236,0.0,1,0,0,1,1
67531,-1,0,5.851213,0.9971318,1,1,unassigned,2.0,1.0,1.0,0.5,0.5,0.5,0.0,0.0,0,0,0,1,1
67532,-1,0,-0.29712746,0.42625985,0,1,unassigned,2.0,2.0,0.0,1.0,0.0,0.0,0.0,0.0,0,0,0,0,0
67533,-1,0,1.2078836,0.7699242,1,1,unassigned,4.0,3.0,1.0,0.75,0.25,0.25,0.003868472,0.000967118,0,0,0,1,0
67534,-1,1,2.5395315,0.9268671,1,1,unassigned,27.0,18.0,9.0,0.6666667,0.33333334,0.3333333,0.0483559,0.016118634,1,0,0,1,1
67535,0,0,1.4256513,0.8062228,1,1,unassigned,2.0,2.0,0.0,1.0,0.0,0.0,0.0,0.0,0,0,0,1,0
67536,-1,0,3.8752315,0.97967225,1,1,unassigned,3.0,3.0,0.0,1.0,0.0,0.0,0.001934236,0.0,0,0,0,1,1
67537,-1,1,-0.51972914,0.3729156,0,1,unassigned,6.0,3.0,3.0,0.5,0.5,0.5,0.007736944,0.003868472,1,0,0,0,0
67538,0,1,-0.7527193,0.32022908,0,0,val,10.0,10.0,0.0,1.0,0.0,0.0,0.015473888,0.0,1,0,1,0,0
67539,-1,1,0.37521166,0.5927177,1,1,unassigned,4.0,4.0,0.0,1.0,0.0,0.0,0.003868472,0.0,1,0,0,1,0
67540,-1,1,9.218997,0.9999008,1,1,unassigned,12.0,12.0,0.0,1.0,0.0,0.0,0.01934236,0.0,1,0,0,1,1
67541,-1,1,8.926434,0.9998672,1,1,unassigned,13.0,8.0,5.0,0.61538464,0.3846154,0.38461536,0.021276595,0.008183306,1,0,0,1,1
67542,-1,0,7.9937806,0.9996625,1,1,unassigned,2.0,2.0,0.0,1.0,0.0,0.0,0.0,0.0,0,0,0,1,1
67543,-1,0,17.156385,1.0,1,1,unassigned,2.0,2.0,0.0,1.0,0.0,0.0,0.0,0.0,0,0,0,1,1
67544,-1,1,2.7460606,0.93969053,1,1,unassigned,9.0,9.0,0.0,1.0,0.0,0.0,0.013539651,0.0,1,0,0,1,1
67545,-1,0,6.8854785,0.9989785,1,1,unassigned,2.0,2.0,0.0,1.0,0.0,0.0,0.0,0.0,0,0,0,1,1
67546,-1,1,8.195308,0.9997241,1,1,unassigned,2.0,2.0,0.0,1.0,0.0,0.0,0.0,0.0,1,0,0,1,1
67547,-1,0,-0.4069994,0.39963183,0,1,unassigned,28.0,28.0,0.0,1.0,0.0,0.0,0.050290134,0.0,0,0,0,0,0
67548,-1,0,-0.29207546,0.42749584,0,1,unassigned,23.0,23.0,0.0,1.0,0.0,0.0,0.040618956,0.0,0,0,0,0,0
67549,1,0,-0.2269555,0.4435034,0,1,unassigned,30.0,30.0,0.0,1.0,0.0,0.0,0.054158606,0.0,0,0,0,0,0
67550,-1,0,0.734907,0.67588115,1,1,unassigned,11.0,11.0,0.0,1.0,0.0,0.0,0.017408123,0.0,0,0,0,1,0
67551,-1,0,-0.47532034,0.38335773,0,1,unassigned,37.0,37.0,0.0,1.0,0.0,0.0,0.06769826,0.0,0,0,0,0,0
67552,0,0,-0.6707783,0.33832258,0,0,val,12.0,12.0,0.0,1.0,0.0,0.0,0.01934236,0.0,0,0,1,0,0
67553,-1,0,-0.31121945,0.42281708,0,1,unassigned,13.0,13.0,0.0,1.0,0.0,0.0,0.021276595,0.0,0,0,0,0,0
67554,-1,1,-0.5706516,0.3610865,0,1,unassigned,5.0,5.0,0.0,1.0,0.0,0.0,0.0058027077,0.0,1,0,0,0,0
67555,-1,1,-0.22622073,0.4436848,0,1,unassigned,2.0,2.0,0.0,1.0,0.0,0.0,0.0,0.0,1,0,0,0,0
67556,-1,1,-0.60330296,0.3535884,0,1,unassigned,19.0,17.0,2.0,0.8947368,0.10526316,0.10526317,0.032882012,0.0034612645,1,0,0,0,0
67557,-1,1,-0.18487746,0.4539118,0,1,unassigned,19.0,17.0,2.0,0.8947368,0.10526316,0.10526317,0.032882012,0.0034612645,1,0,0,0,0
67558,-1,1,-0.33597827,0.41678673,0,1,unassigned,44.0,42.0,2.0,0.95454544,0.045454547,0.04545456,0.08123791,0.0036926325,1,0,0,0,0
67559,-1,1,-0.32488096,0.4194867,0,1,unassigned,43.0,41.0,2.0,0.95348835,0.046511628,0.04651165,0.079303674,0.0036885429,1,0,0,0,0
67560,-1,1,-0.13944554,0.46519497,0,1,unassigned,26.0,25.0,1.0,0.96153843,0.03846154,0.038461566,0.046421662,0.0017854486,1,0,0,0,0
67561,-1,0,0.68218845,0.66422695,1,1,unassigned,13.0,12.0,1.0,0.9230769,0.07692308,0.07692307,0.021276595,0.0016366612,0,0,0,1,0
67562,1,1,0.8193272,0.6940935,1,0,test,3.0,2.0,1.0,0.6666667,0.33333334,0.3333333,0.001934236,0.00064474536,1,0,1,1,0
67563,-1,0,-0.6407541,0.34507608,0,1,unassigned,29.0,29.0,0.0,1.0,0.0,0.0,0.05222437,0.0,0,0,0,0,0
67564,-1,1,1.8480685,0.8639002,1,1,unassigned,2.0,2.0,0.0,1.0,0.0,0.0,0.0,0.0,1,0,0,1,0
67565,-1,1,1.0614252,0.7429628,1,1,unassigned,7.0,7.0,0.0,1.0,0.0,0.0,0.00967118,0.0,1,0,0,1,0
67566,0,1,1.1132617,0.75273675,1,1,unassigned,3.0,2.0,1.0,0.6666667,0.33333334,0.3333333,0.001934236,0.00064474536,1,0,0,1,0
67567,-1,0,1.4665668,0.812535,1,1,unassigned,2.0,2.0,0.0,1.0,0.0,0.0,0.0,0.0,0,0,0,1,0
67568,-1,0,5.088666,0.99387157,1,1,unassigned,2.0,2.0,0.0,1.0,0.0,0.0,0.0,0.0,0,0,0,1,1
67569,-1,0,1.1815567,0.7652276,1,1,unassigned,2.0,2.0,0.0,1.0,0.0,0.0,0.0,0.0,0,0,0,1,0
67570,-1,0,3.2680552,0.9633165,1,1,unassigned,2.0,2.0,0.0,1.0,0.0,0.0,0.0,0.0,0,0,0,1,1
67571,-1,1,0.43659014,0.60744625,1,1,unassigned,2.0,2.0,0.0,1.0,0.0,0.0,0.0,0.0,1,0,0,1,0
67572,-1,1,0.086542666,0.5216222,1,1,unassigned,2.0,2.0,0.0,1.0,0.0,0.0,0.0,0.0,1,0,0,1,0
67573,-1,0,2.071369,0.88808906,1,1,unassigned,3.0,2.0,1.0,0.6666667,0.33333334,0.3333333,0.001934236,0.00064474536,0,0,0,1,0
67574,-1,1,-0.30761844,0.42369616,0,1,unassigned,9.0,9.0,0.0,1.0,0.0,0.0,0.013539651,0.0,1,0,0,0,0
67575,1,1,-0.20801216,0.44818366,0,1,unassigned,23.0,22.0,1.0,0.95652175,0.04347826,0.04347825,0.040618956,0.0017660416,1,0,0,0,0
67576,-1,1,-0.41486984,0.397745,0,1,unassigned,70.0,69.0,1.0,0.98571426,0.014285714,0.014285743,0.13152805,0.0018789722,1,0,0,0,0
67577,-1,1,5.113419,0.9940204,1,1,unassigned,5.0,5.0,0.0,1.0,0.0,0.0,0.0058027077,0.0,1,0,0,1,1
67578,1,1,0.20106429,0.5500974,1,0,test,4.0,4.0,0.0,1.0,0.0,0.0,0.003868472,0.0,1,0,1,1,0
67579,-1,1,3.7250502,0.9764558,1,1,unassigned,3.0,1.0,2.0,0.33333334,0.6666667,0.6666666,0.001934236,0.0012894907,1,0,0,1,1
67580,-1,0,2.438925,0.9197477,1,1,unassigned,3.0,2.0,1.0,0.6666667,0.33333334,0.3333333,0.001934236,0.00064474536,0,0,0,1,1
67581,-1,0,1.6645181,0.8408436,1,1,unassigned,3.0,3.0,0.0,1.0,0.0,0.0,0.001934236,0.0,0,0,0,1,0
67582,-1,0,0.35306114,0.5873597,1,1,unassigned,3.0,3.0,0.0,1.0,0.0,0.0,0.001934236,0.0,0,0,0,1,0
67583,-1,1,-0.41415712,0.39791572,0,1,unassigned,43.0,41.0,2.0,0.95348835,0.046511628,0.04651165,0.079303674,0.0036885429,1,0,0,0,0
67584,-1,1,0.49549693,0.62140054,1,1,unassigned,52.0,51.0,1.0,0.9807692,0.01923077,0.019230783,0.0967118,0.0018598423,1,0,0,1,0
67585,-1,0,0.69515747,0.66711324,1,1,unassigned,2.0,2.0,0.0,1.0,0.0,0.0,0.0,0.0,0,0,0,1,0
67586,-1,1,0.51083404,0.62500197,1,1,unassigned,4.0,4.0,0.0,1.0,0.0,0.0,0.003868472,0.0,1,0,0,1,0
67587,-1,0,0.1974138,0.5491938,1,1,unassigned,4.0,4.0,0.0,1.0,0.0,0.0,0.003868472,0.0,0,0,0,1,0
67588,-1,1,3.297287,0.9643356,1,1,unassigned,3.0,3.0,0.0,1.0,0.0,0.0,0.001934236,0.0,1,0,0,1,1
67589,-1,0,3.6558058,0.9748103,1,1,unassigned,2.0,2.0,0.0,1.0,0.0,0.0,0.0,0.0,0,0,0,1,1
67590,-1,0,1.7627997,0.85356,1,1,unassigned,2.0,2.0,0.0,1.0,0.0,0.0,0.0,0.0,0,0,0,1,0
67591,0,0,-0.64120346,0.34497455,0,0,unassigned,2.0,2.0,0.0,1.0,0.0,0.0,0.0,0.0,0,0,1,0,0
67592,-1,1,4.4721675,0.98870647,1,1,unassigned,5.0,4.0,1.0,0.8,0.2,0.19999999,0.0058027077,0.0011605415,1,0,0,1,1
67593,-1,0,-0.34580895,0.4143991,0,1,unassigned,2.0,2.0,0.0,1.0,0.0,0.0,0.0,0.0,0,0,0,0,0
67594,1,0,2.503836,0.9244103,1,0,test,27.0,22.0,5.0,0.8148148,0.18518518,0.1851852,0.0483559,0.008954796,0,0,1,1,1
67595,-1,0,-0.33498198,0.4170289,0,1,unassigned,5.0,4.0,1.0,0.8,0.2,0.19999999,0.0058027077,0.0011605415,0,0,0,0,0
67596,-1,0,1.5027242,0.81798035,1,1,unassigned,12.0,12.0,0.0,1.0,0.0,0.0,0.01934236,0.0,0,0,0,1,0
67597,-1,1,1.3401678,0.79251754,1,1,unassigned,17.0,14.0,3.0,0.8235294,0.1764706,0.17647058,0.029013539,0.005120036,1,0,0,1,0
67598,-1,0,4.6366725,0.99040306,1,1,unassigned,3.0,2.0,1.0,0.6666667,0.33333334,0.3333333,0.001934236,0.00064474536,0,0,0,1,1
67599,1,1,6.4103794,0.9983583,1,0,unassigned,14.0,13.0,1.0,0.9285714,0.071428575,0.0714286,0.023210831,0.0016579166,1,0,1,1,1
67600,-1,1,0.009991109,0.50249773,1,1,unassigned,2.0,2.0,0.0,1.0,0.0,0.0,0.0,0.0,1,0,0,1,0
67601,-1,1,3.9272988,0.9806836,1,1,unassigned,14.0,12.0,2.0,0.85714287,0.14285715,0.14285713,0.023210831,0.0033158332,1,0,0,1,1
67602,-1,0,-0.11950791,0.47015852,0,1,unassigned,13.0,13.0,0.0,1.0,0.0,0.0,0.021276595,0.0,0,0,0,0,0
67603,-1,0,-0.28296062,0.42972806,0,1,unassigned,3.0,3.0,0.0,1.0,0.0,0.0,0.001934236,0.0,0,0,0,0,0
67604,-1,1,0.96648866,0.72441906,1,1,unassigned,7.0,6.0,1.0,0.85714287,0.14285715,0.14285713,0.00967118,0.0013815971,1,0,0,1,0
67605,-1,0,0.11700457,0.5292178,1,1,unassigned,5.0,5.0,0.0,1.0,0.0,0.0,0.0058027077,0.0,0,0,0,1,0
67606,-1,0,1.0147598,0.7339506,1,1,unassigned,2.0,2.0,0.0,1.0,0.0,0.0,0.0,0.0,0,0,0,1,0
67607,-1,0,1.2852216,0.7833373,1,1,unassigned,17.0,16.0,1.0,0.9411765,0.05882353,0.058823526,0.029013539,0.0017066788,0,0,0,1,0
67608,-1,0,1.8085425,0.85918564,1,1,unassigned,5.0,4.0,1.0,0.8,0.2,0.19999999,0.0058027077,0.0011605415,0,0,0,1,0
67609,-1,0,0.17005938,0.54241264,1,1,unassigned,2.0,2.0,0.0,1.0,0.0,0.0,0.0,0.0,0,0,0,1,0
67610,-1,0,2.0955825,0.89047307,1,1,unassigned,2.0,2.0,0.0,1.0,0.0,0.0,0.0,0.0,0,0,0,1,0
67611,1,1,-0.31796324,0.4211722,0,1,train,20.0,19.0,1.0,0.95,0.05,0.050000012,0.034816246,0.0017408123,1,0,0,0,0
67612,-1,0,-0.51017034,0.37515357,0,1,unassigned,8.0,8.0,0.0,1.0,0.0,0.0,0.0116054155,0.0,0,0,0,0,0
67613,0,0,-0.7242669,0.32645407,0,0,unassigned,7.0,5.0,2.0,0.71428573,0.2857143,0.28571427,0.00967118,0.0027631943,0,0,1,0,0
67614,0,1,-0.35586745,0.41196033,0,0,val,18.0,18.0,0.0,1.0,0.0,0.0,0.030947777,0.0,1,0,1,0,0
67615,-1,0,-0.41117328,0.3986308,0,1,unassigned,5.0,5.0,0.0,1.0,0.0,0.0,0.0058027077,0.0,0,0,0,0,0
67616,-1,0,1.5410073,0.8236111,1,1,unassigned,17.0,17.0,0.0,1.0,0.0,0.0,0.029013539,0.0,0,0,0,1,0
67617,-1,1,-0.3987941,0.4016021,0,1,unassigned,35.0,35.0,0.0,1.0,0.0,0.0,0.06382979,0.0,1,0,0,0,0
67618,-1,1,0.07670826,0.51916766,1,1,unassigned,5.0,5.0,0.0,1.0,0.0,0.0,0.0058027077,0.0,1,0,0,1,0
67619,-1,0,8.532742,0.9998031,1,1,unassigned,4.0,2.0,2.0,0.5,0.5,0.5,0.003868472,0.001934236,0,0,0,1,1
67620,-1,1,-0.5021815,0.37702817,0,1,unassigned,3.0,3.0,0.0,1.0,0.0,0.0,0.001934236,0.0,1,0,0,0,0
67621,-1,1,6.284723,0.9981389,1,1,unassigned,13.0,11.0,2.0,0.84615386,0.15384616,0.15384614,0.021276595,0.0032733225,1,0,0,1,1
67622,-1,1,8.143091,0.9997093,1,1,unassigned,9.0,9.0,0.0,1.0,0.0,0.0,0.013539651,0.0,1,0,0,1,1
67623,1,1,1.3946998,0.80134153,1,0,val,4.0,4.0,0.0,1.0,0.0,0.0,0.003868472,0.0,1,0,1,1,0
67624,-1,1,3.98726,0.9817873,1,1,unassigned,16.0,16.0,0.0,1.0,0.0,0.0,0.027079303,0.0,1,0,0,1,1
67625,1,1,5.3557878,0.99530137,1,0,unassigned,16.0,16.0,0.0,1.0,0.0,0.0,0.027079303,0.0,1,0,1,1,1
67626,-1,1,5.633163,0.9964355,1,1,unassigned,21.0,18.0,3.0,0.85714287,0.14285715,0.14285713,0.036750484,0.0052500693,1,0,0,1,1
67627,-1,1,5.5556273,0.9961493,1,1,unassigned,14.0,14.0,0.0,1.0,0.0,0.0,0.023210831,0.0,1,0,0,1,1
67628,0,0,-0.51951015,0.3729668,0,0,unassigned,4.0,3.0,1.0,0.75,0.25,0.25,0.003868472,0.000967118,0,0,1,0,0
67629,-1,1,0.06707078,0.5167614,1,1,unassigned,56.0,56.0,0.0,1.0,0.0,0.0,0.10444874,0.0,1,0,0,1,0
67630,-1,1,-0.5193846,0.37299615,0,1,unassigned,20.0,19.0,1.0,0.95,0.05,0.050000012,0.034816246,0.0017408123,1,0,0,0,0
67631,-1,1,3.325214,0.9652837,1,1,unassigned,15.0,15.0,0.0,1.0,0.0,0.0,0.025145067,0.0,1,0,0,1,1
67632,1,0,8.705961,0.9998344,1,0,val,7.0,7.0,0.0,1.0,0.0,0.0,0.00967118,0.0,0,0,1,1,1
67633,-1,1,5.5241313,0.9960265,1,1,unassigned,16.0,14.0,2.0,0.875,0.125,0.125,0.027079303,0.0033849129,1,0,0,1,1
67634,-1,1,2.3533235,0.91319805,1,1,unassigned,4.0,4.0,0.0,1.0,0.0,0.0,0.003868472,0.0,1,0,0,1,1
67635,1,1,5.0913315,0.99388784,1,0,val,11.0,11.0,0.0,1.0,0.0,0.0,0.017408123,0.0,1,0,1,1,1
67636,-1,1,5.3770814,0.9954,1,1,unassigned,10.0,8.0,2.0,0.8,0.2,0.19999999,0.015473888,0.0030947777,1,0,0,1,1
67637,-1,1,3.0338938,0.9540821,1,1,unassigned,17.0,17.0,0.0,1.0,0.0,0.0,0.029013539,0.0,1,0,0,1,1
67638,-1,1,4.0847917,0.98345184,1,1,unassigned,14.0,14.0,0.0,1.0,0.0,0.0,0.023210831,0.0,1,0,0,1,1
67639,-1,1,5.9308715,0.9973508,1,1,unassigned,13.0,13.0,0.0,1.0,0.0,0.0,0.021276595,0.0,1,0,0,1,1
67640,-1,1,0.412363,0.60165435,1,1,unassigned,2.0,2.0,0.0,1.0,0.0,0.0,0.0,0.0,1,0,0,1,0
67641,-1,1,1.9798019,0.8786601,1,1,unassigned,9.0,7.0,2.0,0.7777778,0.22222222,0.22222221,0.013539651,0.0030088115,1,0,0,1,0
67642,-1,1,1.8852687,0.86821514,1,1,unassigned,6.0,6.0,0.0,1.0,0.0,0.0,0.007736944,0.0,1,0,0,1,0
67643,-1,0,0.021339655,0.50533473,1,1,unassigned,17.0,17.0,0.0,1.0,0.0,0.0,0.029013539,0.0,0,0,0,1,0
67644,1,1,3.6011775,0.9734335,1,0,unassigned,5.0,3.0,2.0,0.6,0.4,0.39999998,0.0058027077,0.002321083,1,0,1,1,1
67645,-1,0,5.0177617,0.9934242,1,1,unassigned,2.0,2.0,0.0,1.0,0.0,0.0,0.0,0.0,0,0,0,1,1
67646,-1,1,3.0691817,0.9556034,1,1,unassigned,3.0,3.0,0.0,1.0,0.0,0.0,0.001934236,0.0,1,0,0,1,1
67647,-1,1,4.1361747,0.98426765,1,1,unassigned,8.0,5.0,3.0,0.625,0.375,0.375,0.0116054155,0.004352031,1,0,0,1,1
67648,-1,0,0.70713145,0.669767,1,1,unassigned,4.0,3.0,1.0,0.75,0.25,0.25,0.003868472,0.000967118,0,0,0,1,0
67649,-1,1,5.0179563,0.9934255,1,1,unassigned,22.0,20.0,2.0,0.90909094,0.09090909,0.090909064,0.03868472,0.0035167928,1,0,0,1,1
67650,-1,1,3.1676233,0.9595975,1,1,unassigned,8.0,8.0,0.0,1.0,0.0,0.0,0.0116054155,0.0,1,0,0,1,1
67651,-1,0,-0.048335373,0.48791856,0,1,unassigned,15.0,15.0,0.0,1.0,0.0,0.0,0.025145067,0.0,0,0,0,0,0
67652,-1,0,-0.2707492,0.4327232,0,1,unassigned,2.0,2.0,0.0,1.0,0.0,0.0,0.0,0.0,0,0,0,0,0
67653,1,1,4.745197,0.9913816,1,0,unassigned,18.0,18.0,0.0,1.0,0.0,0.0,0.030947777,0.0,1,0,1,1,1
67654,-1,1,4.0672784,0.98316437,1,1,unassigned,5.0,5.0,0.0,1.0,0.0,0.0,0.0058027077,0.0,1,0,0,1,1
67655,-1,0,0.35249358,0.58722216,1,1,unassigned,2.0,2.0,0.0,1.0,0.0,0.0,0.0,0.0,0,0,0,1,0
67656,-1,0,1.9093771,0.8709492,1,1,unassigned,2.0,2.0,0.0,1.0,0.0,0.0,0.0,0.0,0,0,0,1,0
67657,-1,0,2.1641986,0.89698815,1,1,unassigned,8.0,8.0,0.0,1.0,0.0,0.0,0.0116054155,0.0,0,0,0,1,0
67658,-1,0,3.7207005,0.9763556,1,1,unassigned,2.0,2.0,0.0,1.0,0.0,0.0,0.0,0.0,0,0,0,1,1
67659,1,0,-0.42902786,0.39435852,0,1,test,6.0,6.0,0.0,1.0,0.0,0.0,0.007736944,0.0,0,0,0,0,0
67660,-1,0,2.1056757,0.8914536,1,1,unassigned,7.0,7.0,0.0,1.0,0.0,0.0,0.00967118,0.0,0,0,0,1,0
67661,-1,0,2.1834605,0.8987544,1,1,unassigned,3.0,3.0,0.0,1.0,0.0,0.0,0.001934236,0.0,0,0,0,1,0
67662,-1,0,7.024559,0.999111,1,1,unassigned,7.0,7.0,0.0,1.0,0.0,0.0,0.00967118,0.0,0,0,0,1,1
67663,-1,0,-0.18208739,0.45460352,0,1,unassigned,9.0,9.0,0.0,1.0,0.0,0.0,0.013539651,0.0,0,0,0,0,0
67664,-1,0,2.7431538,0.9395255,1,1,unassigned,5.0,5.0,0.0,1.0,0.0,0.0,0.0058027077,0.0,0,0,0,1,1
67665,-1,0,7.8610816,0.9996147,1,1,unassigned,5.0,5.0,0.0,1.0,0.0,0.0,0.0058027077,0.0,0,0,0,1,1
67666,-1,0,-0.41549954,0.39759418,0,1,unassigned,4.0,4.0,0.0,1.0,0.0,0.0,0.003868472,0.0,0,0,0,0,0
67667,-1,1,-0.4285458,0.39447364,0,1,unassigned,19.0,19.0,0.0,1.0,0.0,0.0,0.032882012,0.0,1,0,0,0,0
67668,1,0,-0.8583138,0.29769173,0,1,unassigned,2.0,2.0,0.0,1.0,0.0,0.0,0.0,0.0,0,0,0,0,0
67669,-1,1,0.63846296,0.6544059,1,1,unassigned,5.0,5.0,0.0,1.0,0.0,0.0,0.0058027077,0.0,1,0,0,1,0
67670,0,0,-0.19667146,0.45099,0,0,unassigned,59.0,58.0,1.0,0.9830508,0.016949153,0.016949177,0.11025145,0.0018686686,0,0,1,0,0
67671,-1,0,6.9303613,0.9990233,1,1,unassigned,30.0,28.0,2.0,0.93333334,0.06666667,0.06666666,0.054158606,0.003610574,0,0,0,1,1
67672,-1,0,-0.37693816,0.40686557,0,1,unassigned,11.0,11.0,0.0,1.0,0.0,0.0,0.017408123,0.0,0,0,0,0,0
67673,-1,0,1.1440377,0.75842017,1,1,unassigned,5.0,5.0,0.0,1.0,0.0,0.0,0.0058027077,0.0,0,0,0,1,0
67674,0,1,-0.7019323,0.33138394,0,0,test,6.0,6.0,0.0,1.0,0.0,0.0,0.007736944,0.0,1,0,1,0,0
67675,-1,0,0.94662434,0.7204358,1,1,unassigned,4.0,4.0,0.0,1.0,0.0,0.0,0.003868472,0.0,0,0,0,1,0
67676,1,0,-0.5979821,0.3548055,0,1,test,6.0,6.0,0.0,1.0,0.0,0.0,0.007736944,0.0,0,0,0,0,0
67677,0,0,-0.23971319,0.44035706,0,0,unassigned,11.0,10.0,1.0,0.90909094,0.09090909,0.090909064,0.017408123,0.0015825568,0,0,1,0,0
67678,-1,0,3.4989588,0.9706581,1,1,unassigned,4.0,4.0,0.0,1.0,0.0,0.0,0.003868472,0.0,0,0,0,1,1
67679,-1,1,0.25628573,0.563723,1,1,unassigned,3.0,1.0,2.0,0.33333334,0.6666667,0.6666666,0.001934236,0.0012894907,1,0,0,1,0
67680,-1,0,0.6923304,0.66648513,1,1,unassigned,16.0,16.0,0.0,1.0,0.0,0.0,0.027079303,0.0,0,0,0,1,0
67681,-1,0,3.9720628,0.9815136,1,1,unassigned,5.0,5.0,0.0,1.0,0.0,0.0,0.0058027077,0.0,0,0,0,1,1
67682,-1,1,-0.30191684,0.42508897,0,1,unassigned,12.0,12.0,0.0,1.0,0.0,0.0,0.01934236,0.0,1,0,0,0,0
67683,-1,0,3.2416797,0.962373,1,1,unassigned,2.0,2.0,0.0,1.0,0.0,0.0,0.0,0.0,0,0,0,1,1
67684,-1,0,1.8241796,0.8610669,1,1,unassigned,2.0,2.0,0.0,1.0,0.0,0.0,0.0,0.0,0,0,0,1,0
67685,-1,0,6.7721424,0.99885607,1,1,unassigned,3.0,2.0,1.0,0.6666667,0.33333334,0.3333333,0.001934236,0.00064474536,0,0,0,1,1
67686,-1,1,-0.35755128,0.41155246,0,1,unassigned,17.0,17.0,0.0,1.0,0.0,0.0,0.029013539,0.0,1,0,0,0,0
67687,0,1,-0.22939059,0.4429025,0,0,test,37.0,34.0,3.0,0.9189189,0.08108108,0.08108109,0.06769826,0.005489048,1,0,1,0,0
67688,-1,0,6.7375617,0.9988159,1,1,unassigned,3.0,3.0,0.0,1.0,0.0,0.0,0.001934236,0.0,0,0,0,1,1
67689,-1,0,2.1483076,0.89551055,1,1,unassigned,2.0,2.0,0.0,1.0,0.0,0.0,0.0,0.0,0,0,0,1,0
67690,-1,0,-0.29384872,0.42706192,0,1,unassigned,9.0,9.0,0.0,1.0,0.0,0.0,0.013539651,0.0,0,0,0,0,0
67691,0,1,-0.8462429,0.3002216,0,0,unassigned,22.0,22.0,0.0,1.0,0.0,0.0,0.03868472,0.0,1,0,1,0,0
67692,-1,0,0.81516474,0.693209,1,1,unassigned,2.0,2.0,0.0,1.0,0.0,0.0,0.0,0.0,0,0,0,1,0
67693,-1,1,-0.6604323,0.3406425,0,1,unassigned,4.0,4.0,0.0,1.0,0.0,0.0,0.003868472,0.0,1,0,0,0,0
67694,-1,0,8.016691,0.99967027,1,1,unassigned,3.0,3.0,0.0,1.0,0.0,0.0,0.001934236,0.0,0,0,0,1,1
67695,-1,1,1.5944164,0.83123654,1,1,unassigned,9.0,8.0,1.0,0.8888889,0.11111111,0.111111104,0.013539651,0.0015044058,1,0,0,1,0
67696,-1,1,2.7243636,0.9384491,1,1,unassigned,2.0,2.0,0.0,1.0,0.0,0.0,0.0,0.0,1,0,0,1,1
67697,-1,1,1.2481422,0.7769781,1,1,unassigned,11.0,8.0,3.0,0.72727275,0.27272728,0.27272725,0.017408123,0.00474767,1,0,0,1,0
67698,0,0,2.5193048,0.92548406,1,1,unassigned,5.0,5.0,0.0,1.0,0.0,0.0,0.0058027077,0.0,0,0,0,1,1
67699,1,0,2.7468193,0.9397335,1,0,val,5.0,3.0,2.0,0.6,0.4,0.39999998,0.0058027077,0.002321083,0,0,1,1,1
67700,-1,0,-0.8616278,0.29699937,0,1,unassigned,2.0,2.0,0.0,1.0,0.0,0.0,0.0,0.0,0,0,0,0,0
67701,-1,0,-0.1739626,0.4566187,0,1,unassigned,11.0,11.0,0.0,1.0,0.0,0.0,0.017408123,0.0,0,0,0,0,0
67702,-1,0,2.0537543,0.88632643,1,1,unassigned,13.0,13.0,0.0,1.0,0.0,0.0,0.021276595,0.0,0,0,0,1,0
67703,-1,0,-0.6688506,0.33875427,0,1,unassigned,2.0,2.0,0.0,1.0,0.0,0.0,0.0,0.0,0,0,0,0,0
67704,-1,0,3.0754964,0.9558706,1,1,unassigned,2.0,2.0,0.0,1.0,0.0,0.0,0.0,0.0,0,0,0,1,1
67705,1,0,1.1769612,0.76440096,1,0,test,4.0,4.0,0.0,1.0,0.0,0.0,0.003868472,0.0,0,0,1,1,0
67706,-1,0,0.012924671,0.5032311,1,1,unassigned,2.0,2.0,0.0,1.0,0.0,0.0,0.0,0.0,0,0,0,1,0
67707,-1,0,-0.42857903,0.39446568,0,1,unassigned,24.0,24.0,0.0,1.0,0.0,0.0,0.04255319,0.0,0,0,0,0,0
67708,-1,0,2.3091626,0.9096331,1,1,unassigned,2.0,2.0,0.0,1.0,0.0,0.0,0.0,0.0,0,0,0,1,1
67709,-1,0,0.114489675,0.5285912,1,1,unassigned,3.0,3.0,0.0,1.0,0.0,0.0,0.001934236,0.0,0,0,0,1,0
67710,-1,0,3.4410474,0.9689631,1,1,unassigned,2.0,2.0,0.0,1.0,0.0,0.0,0.0,0.0,0,0,0,1,1
67711,-1,0,1.6711779,0.8417328,1,1,unassigned,2.0,2.0,0.0,1.0,0.0,0.0,0.0,0.0,0,0,0,1,0
67712,-1,0,3.4099157,0.968013,1,1,unassigned,2.0,2.0,0.0,1.0,0.0,0.0,0.0,0.0,0,0,0,1,1
67713,-1,0,2.2302213,0.9029308,1,1,unassigned,9.0,7.0,2.0,0.7777778,0.22222222,0.22222221,0.013539651,0.0030088115,0,0,0,1,1
67714,-1,0,3.376837,0.9669727,1,1,unassigned,4.0,4.0,0.0,1.0,0.0,0.0,0.003868472,0.0,0,0,0,1,1
67715,-1,0,-0.9828447,0.2723277,0,1,unassigned,8.0,8.0,0.0,1.0,0.0,0.0,0.0116054155,0.0,0,0,0,0,0
67716,-1,0,2.641081,0.93345916,1,1,unassigned,11.0,11.0,0.0,1.0,0.0,0.0,0.017408123,0.0,0,0,0,1,1
67717,-1,0,3.4099157,0.968013,1,1,unassigned,2.0,2.0,0.0,1.0,0.0,0.0,0.0,0.0,0,0,0,1,1
67718,-1,0,2.871164,0.9464024,1,1,unassigned,2.0,2.0,0.0,1.0,0.0,0.0,0.0,0.0,0,0,0,1,1
67719,-1,0,7.0718837,0.99915206,1,1,unassigned,3.0,3.0,0.0,1.0,0.0,0.0,0.001934236,0.0,0,0,0,1,1
67720,-1,0,3.4099157,0.968013,1,1,unassigned,2.0,2.0,0.0,1.0,0.0,0.0,0.0,0.0,0,0,0,1,1
67721,-1,0,4.0185,0.9823377,1,1,unassigned,2.0,2.0,0.0,1.0,0.0,0.0,0.0,0.0,0,0,0,1,1
67722,-1,0,1.9447825,0.87487656,1,1,unassigned,2.0,2.0,0.0,1.0,0.0,0.0,0.0,0.0,0,0,0,1,0
67723,-1,0,5.1517563,0.99424404,1,1,unassigned,4.0,4.0,0.0,1.0,0.0,0.0,0.003868472,0.0,0,0,0,1,1
67724,-1,0,3.2680552,0.9633165,1,1,unassigned,2.0,2.0,0.0,1.0,0.0,0.0,0.0,0.0,0,0,0,1,1
67725,-1,0,3.1452563,0.9587214,1,1,unassigned,2.0,2.0,0.0,1.0,0.0,0.0,0.0,0.0,0,0,0,1,1
67726,-1,1,1.5910118,0.8307584,1,1,unassigned,5.0,5.0,0.0,1.0,0.0,0.0,0.0058027077,0.0,1,0,0,1,0
67727,1,0,3.7943394,0.97799724,1,0,unassigned,2.0,2.0,0.0,1.0,0.0,0.0,0.0,0.0,0,0,1,1,1
67728,-1,0,1.84251,0.86324525,1,1,unassigned,2.0,2.0,0.0,1.0,0.0,0.0,0.0,0.0,0,0,0,1,0
67729,-1,0,-0.7907765,0.31200197,0,1,unassigned,6.0,5.0,1.0,0.8333333,0.16666667,0.16666669,0.007736944,0.0012894907,0,0,0,0,0
67730,-1,1,-0.39277697,0.403049,0,1,unassigned,56.0,56.0,0.0,1.0,0.0,0.0,0.10444874,0.0,1,0,0,0,0
67731,0,1,-0.60171205,0.35395208,0,0,unassigned,21.0,20.0,1.0,0.95238096,0.04761905,0.047619045,0.036750484,0.0017500231,1,0,1,0,0
67732,-1,1,6.691259,0.99875987,1,1,unassigned,12.0,9.0,3.0,0.75,0.25,0.25,0.01934236,0.00483559,1,0,0,1,1
67733,-1,1,6.021161,0.99757904,1,1,unassigned,5.0,5.0,0.0,1.0,0.0,0.0,0.0058027077,0.0,1,0,0,1,1
67734,-1,0,5.751745,0.9968328,1,1,unassigned,7.0,7.0,0.0,1.0,0.0,0.0,0.00967118,0.0,0,0,0,1,1
67735,-1,0,-0.35266638,0.412736,0,1,unassigned,14.0,14.0,0.0,1.0,0.0,0.0,0.023210831,0.0,0,0,0,0,0
67736,-1,0,-0.17738011,0.45577088,0,1,unassigned,3.0,3.0,0.0,1.0,0.0,0.0,0.001934236,0.0,0,0,0,0,0
67737,-1,1,2.7488215,0.93984675,1,1,unassigned,7.0,7.0,0.0,1.0,0.0,0.0,0.00967118,0.0,1,0,0,1,1
67738,-1,0,1.4242849,0.8060093,1,1,unassigned,6.0,6.0,0.0,1.0,0.0,0.0,0.007736944,0.0,0,0,0,1,0
67739,-1,1,-0.19340765,0.45179823,0,1,unassigned,2.0,2.0,0.0,1.0,0.0,0.0,0.0,0.0,1,0,0,0,0
67740,-1,0,4.9571605,0.99301624,1,1,unassigned,17.0,14.0,3.0,0.8235294,0.1764706,0.17647058,0.029013539,0.005120036,0,0,0,1,1
67741,-1,0,0.65188545,0.65743524,1,1,unassigned,4.0,4.0,0.0,1.0,0.0,0.0,0.003868472,0.0,0,0,0,1,0
67742,-1,0,6.7948256,0.99888176,1,1,unassigned,2.0,2.0,0.0,1.0,0.0,0.0,0.0,0.0,0,0,0,1,1
67743,-1,1,5.518741,0.9960051,1,1,unassigned,2.0,2.0,0.0,1.0,0.0,0.0,0.0,0.0,1,0,0,1,1
67744,0,0,-0.3119015,0.42265067,0,0,test,9.0,9.0,0.0,1.0,0.0,0.0,0.013539651,0.0,0,0,1,0,0
67745,-1,0,3.0470638,0.9546555,1,1,unassigned,3.0,3.0,0.0,1.0,0.0,0.0,0.001934236,0.0,0,0,0,1,1
67746,-1,0,6.502052,0.9985019,1,1,unassigned,2.0,2.0,0.0,1.0,0.0,0.0,0.0,0.0,0,0,0,1,1
67747,-1,0,5.374825,0.9953896,1,1,unassigned,7.0,5.0,2.0,0.71428573,0.2857143,0.28571427,0.00967118,0.0027631943,0,0,0,1,1
67748,-1,1,0.9356095,0.71821195,1,1,unassigned,4.0,3.0,1.0,0.75,0.25,0.25,0.003868472,0.000967118,1,0,0,1,0
67749,-1,1,3.6161044,0.9738168,1,1,unassigned,29.0,28.0,1.0,0.9655172,0.03448276,0.034482777,0.05222437,0.0018008404,1,0,0,1,1
67750,-1,0,1.0365293,0.7381798,1,1,unassigned,22.0,20.0,2.0,0.90909094,0.09090909,0.090909064,0.03868472,0.0035167928,0,0,0,1,0
67751,-1,1,-0.024650991,0.4938376,0,1,unassigned,4.0,4.0,0.0,1.0,0.0,0.0,0.003868472,0.0,1,0,0,0,0
67752,-1,1,3.0458758,0.95460415,1,1,unassigned,22.0,18.0,4.0,0.8181818,0.18181819,0.18181819,0.03868472,0.0070335856,1,0,0,1,1
67753,-1,1,2.4415424,0.91994077,1,1,unassigned,29.0,27.0,2.0,0.9310345,0.06896552,0.068965495,0.05222437,0.0036016807,1,0,0,1,1
67754,1,1,0.73045367,0.6749048,1,0,test,12.0,12.0,0.0,1.0,0.0,0.0,0.01934236,0.0,1,0,1,1,0
67755,-1,1,1.5968211,0.83157367,1,1,unassigned,15.0,15.0,0.0,1.0,0.0,0.0,0.025145067,0.0,1,0,0,1,0
67756,-1,1,7.44294,0.9994148,1,1,unassigned,2.0,1.0,1.0,0.5,0.5,0.5,0.0,0.0,1,0,0,1,1
67757,1,0,5.219118,0.99461704,1,0,test,10.0,9.0,1.0,0.9,0.1,0.100000024,0.015473888,0.0015473888,0,0,1,1,1
67758,-1,0,-0.70513904,0.33067384,0,1,unassigned,30.0,30.0,0.0,1.0,0.0,0.0,0.054158606,0.0,0,0,0,0,0
67759,-1,1,2.7553596,0.94021535,1,1,unassigned,3.0,3.0,0.0,1.0,0.0,0.0,0.001934236,0.0,1,0,0,1,1
67760,-1,1,-0.36297622,0.41023928,0,1,unassigned,16.0,16.0,0.0,1.0,0.0,0.0,0.027079303,0.0,1,0,0,0,0
67761,-1,0,2.489271,0.9233863,1,1,unassigned,12.0,12.0,0.0,1.0,0.0,0.0,0.01934236,0.0,0,0,0,1,1
67762,-1,1,1.3247592,0.7899724,1,1,unassigned,33.0,33.0,0.0,1.0,0.0,0.0,0.059961315,0.0,1,0,0,1,0
67763,-1,1,4.070005,0.98320943,1,1,unassigned,19.0,19.0,0.0,1.0,0.0,0.0,0.032882012,0.0,1,0,0,1,1
67764,-1,1,5.006285,0.9933488,1,1,unassigned,15.0,14.0,1.0,0.93333334,0.06666667,0.06666666,0.025145067,0.0016763379,1,0,0,1,1
67765,-1,0,6.252566,0.9980782,1,1,unassigned,4.0,3.0,1.0,0.75,0.25,0.25,0.003868472,0.000967118,0,0,0,1,1
67766,-1,0,3.0454147,0.9545842,1,1,unassigned,4.0,3.0,1.0,0.75,0.25,0.25,0.003868472,0.000967118,0,0,0,1,1
67767,-1,0,-0.73764217,0.32351995,0,1,unassigned,2.0,2.0,0.0,1.0,0.0,0.0,0.0,0.0,0,0,0,0,0
67768,-1,1,0.9135178,0.7137194,1,1,unassigned,3.0,3.0,0.0,1.0,0.0,0.0,0.001934236,0.0,1,0,0,1,0
67769,-1,0,-0.8300319,0.3036383,0,1,unassigned,2.0,2.0,0.0,1.0,0.0,0.0,0.0,0.0,0,0,0,0,0
67770,-1,0,1.399903,0.8021685,1,1,unassigned,28.0,26.0,2.0,0.9285714,0.071428575,0.0714286,0.050290134,0.0035921526,0,0,0,1,0
67771,-1,0,-0.8126447,0.3073272,0,1,unassigned,3.0,3.0,0.0,1.0,0.0,0.0,0.001934236,0.0,0,0,0,0,0
67772,1,0,1.7383523,0.85047764,1,0,test,5.0,5.0,0.0,1.0,0.0,0.0,0.0058027077,0.0,0,0,1,1,0
67773,-1,1,5.813603,0.9970222,1,1,unassigned,2.0,2.0,0.0,1.0,0.0,0.0,0.0,0.0,1,0,0,1,1
67774,-1,1,-0.27035207,0.43282065,0,1,unassigned,7.0,7.0,0.0,1.0,0.0,0.0,0.00967118,0.0,1,0,0,0,0
67775,-1,1,-0.18391407,0.45415068,0,1,unassigned,2.0,2.0,0.0,1.0,0.0,0.0,0.0,0.0,1,0,0,0,0
67776,-1,1,-0.44947743,0.389485,0,1,unassigned,4.0,4.0,0.0,1.0,0.0,0.0,0.003868472,0.0,1,0,0,0,0
67777,-1,0,0.90942055,0.71288157,1,1,unassigned,2.0,1.0,1.0,0.5,0.5,0.5,0.0,0.0,0,0,0,1,0
67778,1,1,-0.031054258,0.4922371,0,1,val,7.0,6.0,1.0,0.85714287,0.14285715,0.14285713,0.00967118,0.0013815971,1,0,0,0,0
67779,-1,1,0.2873717,0.57135254,1,1,unassigned,45.0,45.0,0.0,1.0,0.0,0.0,0.08317215,0.0,1,0,0,1,0
67780,-1,0,0.1700533,0.54241115,1,1,unassigned,6.0,3.0,3.0,0.5,0.5,0.5,0.007736944,0.003868472,0,0,0,1,0
67781,-1,1,0.57897776,0.6408321,1,1,unassigned,10.0,8.0,2.0,0.8,0.2,0.19999999,0.015473888,0.0030947777,1,0,0,1,0
67782,0,1,3.5544817,0.97219884,1,1,test,7.0,7.0,0.0,1.0,0.0,0.0,0.00967118,0.0,1,0,0,1,1
67783,-1,0,5.605639,0.99633634,1,1,unassigned,3.0,2.0,1.0,0.6666667,0.33333334,0.3333333,0.001934236,0.00064474536,0,0,0,1,1
67784,-1,1,3.8600175,0.9793671,1,1,unassigned,2.0,2.0,0.0,1.0,0.0,0.0,0.0,0.0,1,0,0,1,1
67785,1,1,7.050182,0.9991335,1,0,unassigned,7.0,4.0,3.0,0.5714286,0.42857143,0.4285714,0.00967118,0.0041447915,1,0,1,1,1
67786,-1,0,-0.38741302,0.40434018,0,1,unassigned,12.0,12.0,0.0,1.0,0.0,0.0,0.01934236,0.0,0,0,0,0,0
67787,-1,1,2.6088374,0.9314282,1,1,unassigned,3.0,3.0,0.0,1.0,0.0,0.0,0.001934236,0.0,1,0,0,1,1
67788,-1,0,0.72016627,0.6726436,1,1,unassigned,4.0,4.0,0.0,1.0,0.0,0.0,0.003868472,0.0,0,0,0,1,0
67789,1,1,0.2573188,0.5639771,1,0,test,18.0,18.0,0.0,1.0,0.0,0.0,0.030947777,0.0,1,0,1,1,0
67790,-1,1,0.3429399,0.5849045,1,1,unassigned,4.0,3.0,1.0,0.75,0.25,0.25,0.003868472,0.000967118,1,0,0,1,0
67791,-1,1,0.9135178,0.7137194,1,1,unassigned,3.0,3.0,0.0,1.0,0.0,0.0,0.001934236,0.0,1,0,0,1,0
67792,0,0,0.41928393,0.6033119,1,1,unassigned,14.0,13.0,1.0,0.9285714,0.071428575,0.0714286,0.023210831,0.0016579166,0,0,0,1,0
67793,-1,1,9.393099,0.9999167,1,1,unassigned,2.0,2.0,0.0,1.0,0.0,0.0,0.0,0.0,1,0,0,1,1
67794,1,0,3.1254828,0.9579317,1,0,unassigned,2.0,2.0,0.0,1.0,0.0,0.0,0.0,0.0,0,0,1,1,1
67795,-1,1,5.5699553,0.99620384,1,1,unassigned,9.0,8.0,1.0,0.8888889,0.11111111,0.111111104,0.013539651,0.0015044058,1,0,0,1,1
